ID,insum,outsum,diff
100000001,704,1492,-788
100000002,6720,1427,5293
100000003,9966,4713,5253
100000004,2009,1602,407
100000005,3046,5899,-2853
100000006,1124,160,964
100000007,4916,936,3980
100000008,414,879,-465
100000009,922,433,489
100000010,77,105,-28
100000011,981,102,879
100000012,196,1116,-920
100000013,142,374,-232
100000014,741,412,329
100000015,2661,3553,-892
100000016,1835,2213,-378
100000017,1674,1454,220
100000018,2718,971,1747
100000019,9613,3067,6546
100000020,3552,12633,-9081
100000021,9708,4503,5205
100000022,5445,2731,2714
100000023,12023,2788,9235
100000025,5754,1533,4221
100000028,4468,1562,2906
100000029,570,386,184
100000030,993,142,851
100000031,14194,14495,-301
100000032,5193,7204,-2011
100000033,1986,4324,-2338
100000034,1687,863,824
100000035,3516,1560,1956
100000036,4951,1820,3131
100000037,808,641,167
100000038,2526,1608,918
100000039,2301,385,1916
100000040,635,269,366
100000041,1784,538,1246
100000042,1302,560,742
100000043,1404,523,881
100000044,513,998,-485
100000045,915,2032,-1117
100000046,1261,2197,-936
100000047,1067,1305,-238
100000048,2325,1025,1300
100000049,2974,3794,-820
100000051,987,1534,-547
100000053,160,8,152
100000054,645,37,608
100000055,1563,306,1257
100000056,641,828,-187
100000057,2550,1172,1378
100000058,1664,1781,-117
100000059,8,204,-196
100000060,562,814,-252
100000061,2948,865,2083
100000062,2559,851,1708
100000063,786,449,337
100000064,2560,581,1979
100000065,772,1820,-1048
100000066,352,1389,-1037
100000067,757,1257,-500
100000068,971,2453,-1482
100000069,579,2481,-1902
100000072,462,2094,-1632
100000073,2801,2290,511
100000075,955,468,487
100000076,5564,4576,988
100000077,1400,449,951
100000078,218,85,133
100000079,84,113,-29
100000080,38,28,10
100000081,163,121,42
100000102,10470,2413,8057
100000103,8603,1715,6888
100000104,8516,3543,4973
100000105,6599,2054,4545
100000106,6123,3606,2517
100000107,1724,1205,519
100000108,2444,1623,821
100000109,8876,2194,6682
100000116,2654,1379,1275
100000117,140,75,65
100000118,3152,1578,1574
100000119,1486,1000,486
100000121,509,841,-332
100000122,4978,1647,3331
100000123,6018,9622,-3604
100000124,8493,14053,-5560
100000125,4668,1729,2939
100000126,2491,458,2033
100000127,5166,430,4736
100000128,2681,3112,-431
100000129,1413,713,700
100000130,493,849,-356
100000131,4338,6242,-1904
100000132,2244,4816,-2572
100000133,9846,4874,4972
100000135,722,1317,-595
100000139,644,255,389
100000140,781,392,389
100000142,654,823,-169
100000143,1393,848,545
100000144,6222,1286,4936
100000147,1807,3837,-2030
100000150,83,586,-503
100000151,1450,1491,-41
100000153,1378,639,739
100000154,564,245,319
100000155,88,77,11
100000156,387,149,238
100000157,94,92,2
100000158,225,155,70
100000159,1325,905,420
100000165,2358,1137,1221
100000169,1892,557,1335
100000174,4106,783,3323
100000179,128,741,-613
100000180,8577,3580,4997
100000181,335,389,-54
100000188,190,754,-564
100000189,4003,530,3473
100000190,1522,828,694
100000191,1276,672,604
100000192,144,203,-59
100000193,227,232,-5
100000330,3240,1580,1660
100000355,473,1139,-666
100000362,8183,5032,3151
100000363,4681,7017,-2336
100000364,856,219,637
100000365,6264,7096,-832
100000366,9746,4088,5658
100000367,7278,5850,1428
100000368,3657,2641,1016
100000369,2435,3129,-694
100000370,528,803,-275
100000376,161,233,-72
100000379,9274,2522,6752
100000380,14295,4614,9681
100000384,12728,7860,4868
100000385,11505,6524,4981
100000386,16717,9925,6792
100000387,14587,7873,6714
100000388,12735,12445,290
100000389,13538,9984,3554
100000390,13994,7851,6143
100000391,9756,11644,-1888
100000392,7962,4306,3656
100000393,4188,4901,-713
100000394,15386,8568,6818
100000395,8590,3654,4936
100000396,10824,3609,7215
100000397,7154,4360,2794
100000398,17172,11868,5304
100900002,69,80,-11
100900003,403,193,210
100900004,52,1336,-1284
100900005,211,32,179
100900006,18,265,-247
100900007,859,19,840
100900008,4,599,-595
100900009,141,112,29
100900010,153,179,-26
100900011,132,426,-294
100900012,3,268,-265
100900013,1568,7,1561
100900014,2,22,-20
100900015,180,275,-95
100900016,2,75,-73
100900017,1449,146,1303
100900018,1,27,-26
100900019,51,268,-217
100900020,717,10,707
100900021,550,0,550
100900022,18,50,-32
100900023,1,94,-93
100900024,1671,7,1664
100900025,15,47,-32
100900026,151,181,-30
100900027,782,4494,-3712
100900028,238,293,-55
100900029,124,31,93
100900030,23,34,-11
100900031,750,124,626
100900032,233,0,233
100900033,328,321,7
100900034,529,3,526
100900035,1412,3,1409
100900036,35,8,27
100900037,73,340,-267
100900038,359,57,302
100900039,382,782,-400
100900040,463,1153,-690
100900041,662,1197,-535
100900042,1433,463,970
100900043,1,30,-29
100900044,5384,961,4423
100900045,313,3,310
100900046,1616,18,1598
100900047,1240,389,851
100900048,202,87,115
100900049,106,311,-205
100900050,1,32,-31
100900051,176,132,44
100900052,571,48,523
100900053,347,34,313
100900054,16,155,-139
100900055,610,685,-75
100900056,207,353,-146
100900057,1243,2169,-926
100900058,577,60,517
100900059,186,4,182
100900060,132,11,121
100900061,423,532,-109
100900062,6,99,-93
100900063,266,796,-530
100900064,1206,29,1177
100900065,285,109,176
100900066,61,185,-124
100900067,4,12,-8
100900068,215,171,44
100900069,2725,33,2692
100900070,288,13,275
100900071,992,596,396
100900072,3,49,-46
100900073,157,721,-564
100900074,1,21,-20
100900075,3234,637,2597
100900076,46,81,-35
100900077,28,196,-168
100900078,132,937,-805
100900079,4,32,-28
100900080,39,231,-192
100900081,83,381,-298
100900082,80,899,-819
100900083,7,88,-81
100900085,11,134,-123
100900086,465,2759,-2294
100900088,154,1125,-971
100900089,4,22,-18
100900090,259,761,-502
100900091,1,29,-28
100900092,351,416,-65
100900093,218,702,-484
100900094,184,1007,-823
100900095,0,30,-30
100900096,77,198,-121
100900097,4,8,-4
100900098,19,25,-6
100900099,51,918,-867
100900100,16,526,-510
100900101,519,79,440
100900102,163,142,21
100900103,13,14,-1
100900104,11,323,-312
100900105,34,375,-341
100900106,115,10,105
100900107,3122,956,2166
100900108,17,40,-23
100900109,28,30,-2
100900110,7,71,-64
100900111,64,329,-265
100900112,1,17,-16
100900113,15,25,-10
100900114,12,36,-24
100900115,29,57,-28
100900116,1197,2001,-804
100900117,413,1107,-694
100900118,245,131,114
100900119,13,33,-20
100900120,3,24,-21
100900121,406,1255,-849
100900122,205,305,-100
100900123,109,238,-129
100900124,8,8,0
100900125,35,126,-91
100900126,151,422,-271
100900127,4,10,-6
100900128,267,232,35
100900129,0,175,-175
100900131,168,335,-167
100900133,155,86,69
100900134,4,6,-2
100900135,0,263,-263
100900137,517,282,235
100900138,913,760,153
100900139,17,26,-9
100900140,4,1130,-1126
100900141,8,559,-551
100900142,1,36,-35
100900143,1612,555,1057
100900144,27,16,11
100900145,158,227,-69
100900146,5,81,-76
100900147,53,432,-379
100900148,31,1429,-1398
100900149,53,206,-153
100900150,5,45,-40
100900151,195,860,-665
100900152,319,9,310
100900153,2,263,-261
100900154,23,74,-51
100900155,19,22,-3
100900156,40,8,32
100900157,18,244,-226
100900158,1283,468,815
100900159,2,47,-45
100900160,28,18,10
100900161,164,11,153
100900162,36,283,-247
100900163,264,321,-57
100900164,78,86,-8
100900165,33,57,-24
100900166,29,4,25
100900167,27,128,-101
100900168,87,210,-123
100900169,222,1438,-1216
100900170,50,15,35
100900171,30,973,-943
100900172,0,21,-21
100900173,29,884,-855
100900174,484,53,431
100900176,2455,437,2018
100900177,1278,811,467
100900178,1125,264,861
100900179,172,205,-33
100900180,1,4,-3
100900181,135,111,24
100900182,81,33,48
100900184,14,256,-242
100900186,1230,1259,-29
100900187,7,255,-248
100900188,58,25,33
100900189,1973,295,1678
100900191,2329,1666,663
100900192,490,340,150
100900195,260,229,31
100900197,65,243,-178
100900198,38,457,-419
100900199,29,25,4
100900200,827,610,217
100900201,153,1404,-1251
100900202,58,1,57
100900203,1,160,-159
100900204,1540,1894,-354
100900205,280,593,-313
100900206,141,129,12
100900207,319,160,159
100900210,136,984,-848
100900211,686,295,391
100900213,111,76,35
100900214,1701,92,1609
100900215,39,72,-33
101000001,7316,2770,4546
101000002,6282,7978,-1696
101000003,1490,4321,-2831
101000004,16204,16541,-337
101000005,7975,10242,-2267
101000006,13442,17381,-3939
101000007,5103,5202,-99
101000008,10561,5658,4903
101000009,3136,3047,89
101000010,1467,2235,-768
101000011,3860,1085,2775
101000012,2957,876,2081
101000013,938,1852,-914
101000014,1199,1145,54
101000015,2123,1284,839
101000016,2284,819,1465
101000017,1732,1055,677
101000018,12178,4458,7720
101000020,10038,1698,8340
101000021,4836,547,4289
101000022,1014,107,907
101000023,4205,1346,2859
101000025,472,731,-259
101000026,741,50,691
101000027,6486,2692,3794
101000028,709,122,587
101000029,377,1633,-1256
101000030,2752,134,2618
101000031,1389,839,550
101000032,13559,4412,9147
101000033,6587,4578,2009
101000034,9075,2407,6668
101000035,2967,1011,1956
101000036,4753,996,3757
101000037,10480,2206,8274
101000039,7326,4040,3286
101000040,8373,4974,3399
101000041,22699,9702,12997
101000042,2369,1653,716
101000043,14715,9584,5131
101000045,3126,1101,2025
101000046,5157,1167,3990
101000047,3784,2720,1064
101000048,2071,1552,519
101000049,1926,2142,-216
101000050,5319,4529,790
101000051,4474,3418,1056
101000052,3304,1256,2048
101000053,2500,2700,-200
101000054,3551,2289,1262
101000055,2547,3007,-460
101000056,116,143,-27
101000057,4931,1456,3475
101000058,4829,1885,2944
101000059,8956,2186,6770
101000060,3437,795,2642
101000061,1870,1622,248
101000062,1671,1152,519
101000063,913,1114,-201
101000064,2320,856,1464
101000065,535,539,-4
101000066,984,586,398
101000067,1870,842,1028
101000068,748,574,174
101000069,837,114,723
101000070,2337,1479,858
101000071,3783,1496,2287
101000072,2010,6824,-4814
101000073,1165,1070,95
101000074,8702,5897,2805
101000075,9289,4667,4622
101000077,2049,1607,442
101000078,1640,3225,-1585
101000079,806,496,310
101000080,873,473,400
101000081,1667,2437,-770
101000082,5298,4272,1026
101000083,3076,3150,-74
101000084,2109,1337,772
101000085,2397,1550,847
101000086,1720,1619,101
101000087,1287,2074,-787
101000088,1474,1714,-240
101000089,1318,2361,-1043
101000090,3523,2065,1458
101000091,477,2199,-1722
101000092,990,1827,-837
101000093,2658,1362,1296
101000094,1086,2206,-1120
101000095,375,1317,-942
101000096,476,1048,-572
101000097,1621,639,982
101000098,1486,848,638
101000099,2563,2636,-73
101000100,1982,1396,586
101000101,1018,575,443
101000102,3970,572,3398
101000103,1819,765,1054
101000104,831,991,-160
101000105,2725,611,2114
101000106,1972,1081,891
101000107,236,556,-320
101000108,2388,595,1793
101000109,291,101,190
101000110,64,1160,-1096
101000111,295,393,-98
101000113,472,1606,-1134
101000114,10458,4328,6130
101000115,197,263,-66
101000116,312,305,7
101000117,2373,630,1743
101000119,445,144,301
101000120,553,71,482
101000121,161,60,101
101000122,267,112,155
101000123,146,104,42
101000124,402,232,170
101000125,350,764,-414
101000128,2680,415,2265
101000130,438,430,8
101000131,1089,971,118
101000132,755,2984,-2229
101000135,139,47,92
101000136,627,170,457
101000137,71,401,-330
101000141,4773,5470,-697
101000147,1049,621,428
101000148,2988,73,2915
101000149,392,293,99
101000150,109,1654,-1545
101000151,184,116,68
101000152,646,610,36
101000153,899,726,173
101000154,270,2734,-2464
101000155,280,225,55
101000156,21,348,-327
101000157,161,60,101
101000160,203,64,139
101000163,378,167,211
101000164,690,540,150
101000165,387,611,-224
101000166,431,649,-218
101000168,1084,471,613
101000252,2254,1295,959
101000254,937,82,855
101000258,45,15,30
101000261,94,65,29
101000262,4238,2096,2142
101000263,839,1778,-939
101000265,198,1027,-829
101000266,851,571,280
101000269,406,33,373
101000290,4169,6649,-2480
101000293,67,144,-77
101000294,907,691,216
101000295,215,870,-655
101000301,1729,632,1097
101000304,7027,4212,2815
101000305,5446,3206,2240
101900001,60,133,-73
101900002,0,29,-29
101900003,172,174,-2
101900004,17,82,-65
101900005,9383,2468,6915
101900006,1725,136,1589
101900007,1260,202,1058
101900008,323,551,-228
101900009,222,1020,-798
101900010,1464,1028,436
101900011,740,3040,-2300
101900012,323,951,-628
101900013,1955,184,1771
101900017,40,258,-218
101900018,2948,359,2589
101900019,482,184,298
101900020,484,230,254
101900021,3,118,-115
101900022,148,2136,-1988
101900023,145,389,-244
102000001,10148,6682,3466
102000002,6853,1976,4877
102000003,5765,11759,-5994
102000004,12605,5539,7066
102000005,3285,4258,-973
102000006,4011,4016,-5
102000007,2943,9389,-6446
102000008,10151,3825,6326
102000009,9966,12876,-2910
102000010,8972,8473,499
102000011,5930,4029,1901
102000012,7725,6922,803
102000018,6421,4976,1445
102000019,4948,4080,868
102000026,624,2193,-1569
102000029,643,335,308
102000030,172,633,-461
102000031,70,334,-264
102000032,573,673,-100
102000033,351,813,-462
102000034,813,1174,-361
102000035,2210,1175,1035
102000036,10,899,-889
102000037,298,176,122
102000038,870,286,584
102000039,996,152,844
102000040,1219,293,926
102000041,370,575,-205
102000042,691,353,338
102000043,957,403,554
102000044,2123,1129,994
102000045,1676,2175,-499
102000046,2370,1232,1138
102000047,1284,2401,-1117
102000048,563,1611,-1048
102000049,2714,1420,1294
102000050,2644,2057,587
102000051,977,1245,-268
102000052,2778,1463,1315
102000053,2643,1754,889
102000054,666,1317,-651
102000055,1241,1479,-238
102000056,888,2864,-1976
102000057,1817,1194,623
102000058,1542,3257,-1715
102000059,2420,2780,-360
102000060,2185,1907,278
102000061,2058,3676,-1618
102000062,2066,2394,-328
102000063,1688,2420,-732
102000064,852,1382,-530
102000065,82,226,-144
102000066,1549,3488,-1939
102000067,4490,6322,-1832
102000068,19216,5982,13234
102000069,100,2621,-2521
102000070,2475,116,2359
102000071,14057,15036,-979
102000072,5479,8882,-3403
102000073,2944,1945,999
102000074,1382,1684,-302
102000075,405,634,-229
102000076,352,1046,-694
102000077,597,1693,-1096
102000078,991,1549,-558
102000079,411,494,-83
102000080,480,450,30
102000081,536,1065,-529
102000082,1235,599,636
102000083,646,632,14
102000084,220,619,-399
102000085,3223,2281,942
102000086,1783,2725,-942
102000087,1801,2572,-771
102000088,434,520,-86
102000089,1764,741,1023
102000090,843,1706,-863
102000091,2854,876,1978
102000092,499,1670,-1171
102000093,875,983,-108
102000094,1689,873,816
102000095,1491,2219,-728
102000096,1217,1310,-93
102000097,1642,1790,-148
102000098,869,1623,-754
102000099,1921,983,938
102000100,1136,1675,-539
102000101,2164,967,1197
102000102,574,5489,-4915
102000103,2328,809,1519
102000104,1915,584,1331
102000105,376,1340,-964
102000106,1120,1476,-356
102000107,1328,864,464
102000108,861,643,218
102000109,1141,905,236
102000110,828,2430,-1602
102000111,12,588,-576
102000112,211,176,35
102000113,18,60,-42
102000114,1766,634,1132
102000115,341,401,-60
102000116,1785,484,1301
102000117,743,967,-224
102000118,4126,1555,2571
102000119,4061,1089,2972
102000120,473,834,-361
102000121,1422,912,510
102000122,695,1295,-600
102000123,2411,2024,387
102000124,2533,1806,727
102000125,1065,1746,-681
102000126,1082,1093,-11
102000127,1493,1181,312
102000128,903,1721,-818
102000129,1828,1286,542
102000130,824,1283,-459
102000131,3124,1407,1717
102000132,1256,1464,-208
102000133,1953,3891,-1938
102000134,994,1587,-593
102000135,1356,2278,-922
102000136,2030,1551,479
102000137,1746,1600,146
102000138,527,724,-197
102000139,346,774,-428
102000140,765,636,129
102000141,886,1220,-334
102000142,497,620,-123
102000143,222,741,-519
102000144,297,632,-335
102000145,464,696,-232
102000146,623,668,-45
102000147,645,821,-176
102000148,281,728,-447
102000149,283,1035,-752
102000150,276,531,-255
102000151,231,584,-353
102000152,212,316,-104
102000153,1540,670,870
102000154,820,1083,-263
102000155,261,484,-223
102000156,1020,145,875
102000157,345,396,-51
102000158,719,597,122
102000159,2457,881,1576
102000161,6460,3399,3061
102000162,344,196,148
102000163,181,710,-529
102000164,1686,1497,189
102000165,428,190,238
102000166,35,215,-180
102000167,454,305,149
102000168,321,169,152
102000169,179,1338,-1159
102000170,1225,278,947
102000171,449,165,284
102000172,568,676,-108
102000173,1147,435,712
102000174,84,108,-24
102000175,190,279,-89
102000176,81,77,4
102000178,559,822,-263
102000179,870,369,501
102000180,1089,961,128
102000181,773,1029,-256
102000182,726,982,-256
102000183,2035,2915,-880
102000184,2001,1397,604
102000185,2850,2302,548
102000186,1373,3199,-1826
102000187,1084,2999,-1915
102000188,1188,2252,-1064
102000189,4790,1584,3206
102000190,935,4291,-3356
102000191,1841,928,913
102000192,1492,1880,-388
102000193,88,276,-188
102000194,182,220,-38
102000195,1016,874,142
102000196,292,779,-487
102000197,754,750,4
102000198,301,1464,-1163
102000199,1041,658,383
102000200,497,1897,-1400
102000201,934,841,93
102000202,5,221,-216
102000203,492,551,-59
102000204,570,1699,-1129
102000205,1787,1040,747
102000206,1423,1281,142
102000207,2691,770,1921
102000208,1202,953,249
102000209,139,77,62
102000210,410,687,-277
102000211,989,865,124
102000212,316,20,296
102000213,3,604,-601
102000214,252,17,235
102000215,5,777,-772
102000216,32,78,-46
102000217,14,239,-225
102000218,287,222,65
102000219,694,475,219
102000225,901,1293,-392
102000226,8535,1971,6564
102000227,457,4,453
102000228,1,180,-179
102000229,49,59,-10
102000230,367,834,-467
102000231,448,832,-384
102000232,29,499,-470
102000233,829,1688,-859
102000234,143,1750,-1607
102000236,449,177,272
102000237,1630,303,1327
102000238,198,616,-418
102000240,1070,784,286
102000241,431,250,181
102000243,14,107,-93
102000245,55,117,-62
102000246,26,72,-46
102000247,426,1755,-1329
102000248,254,765,-511
102000249,155,280,-125
102000250,84,639,-555
102000254,77,732,-655
102000266,86,439,-353
102000271,64,1,63
102000286,773,637,136
102000297,3219,1859,1360
102000301,0,0,0
102000303,0,0,0
102000305,0,0,0
102000306,0,0,0
102000307,0,4,-4
102000308,1,0,1
102900001,1828,1591,237
102900002,456,69,387
102900003,58,370,-312
102900005,338,544,-206
102900006,717,370,347
102900007,511,45,466
102900008,235,175,60
102900009,637,319,318
102900010,1367,673,694
102900011,3236,910,2326
102900012,539,123,416
102900013,30,74,-44
102900015,1281,651,630
102900016,72,187,-115
102900017,166,915,-749
102900018,39,179,-140
102900019,969,1189,-220
102900020,148,59,89
102900021,18,157,-139
102900022,800,157,643
102900023,18,75,-57
102900024,43,95,-52
102900025,408,176,232
102900026,1158,2216,-1058
102900027,78,109,-31
102900028,225,1109,-884
102900029,242,351,-109
102900030,919,466,453
102900031,220,256,-36
102900032,113,207,-94
102900033,133,336,-203
102900034,530,197,333
102900035,231,606,-375
102900036,352,810,-458
102900037,343,1196,-853
102900038,529,1049,-520
102900039,40,622,-582
102900040,172,381,-209
102900041,78,356,-278
102900042,204,539,-335
102900043,184,440,-256
102900044,907,3201,-2294
102900045,136,787,-651
102900046,123,416,-293
102900047,81,940,-859
102900048,887,1073,-186
102900049,172,600,-428
102900050,461,668,-207
102900051,248,360,-112
102900052,71,43,28
102900053,491,1279,-788
102900054,1665,1424,241
102900055,149,227,-78
102900056,281,815,-534
102900057,5,64,-59
102900058,500,206,294
102900059,20,53,-33
102900060,141,764,-623
102900061,176,823,-647
102900062,206,1792,-1586
102900063,1402,719,683
102900064,261,957,-696
102900065,2685,980,1705
102900066,462,79,383
102900068,240,137,103
102900070,542,1065,-523
102900072,13,48,-35
102900073,243,20,223
102900074,441,234,207
102900075,41,73,-32
102900076,451,164,287
102900077,64,53,11
102900078,67,161,-94
102900079,345,13,332
102900080,522,59,463
102900081,113,397,-284
102900082,24,364,-340
102900083,406,13,393
102900084,16,43,-27
102900085,377,167,210
102900086,19,59,-40
102900087,266,187,79
102900088,129,61,68
102900089,462,269,193
102900090,1,727,-726
102900091,250,8,242
102900092,477,1654,-1177
102900093,313,393,-80
102900094,1,97,-96
102900095,301,4,297
102900096,63,20,43
102900097,16,309,-293
103000001,3715,4541,-826
103000002,4969,4183,786
103000003,9240,4875,4365
103000004,1422,1170,252
103000005,3251,5656,-2405
103000006,869,2197,-1328
103000007,600,1369,-769
103000008,2021,1478,543
103000009,1975,1948,27
103000010,248,178,70
103000011,2407,2047,360
103000012,1756,2367,-611
103000013,10026,3398,6628
103000014,2079,4605,-2526
103000015,3788,1179,2609
103000016,745,2376,-1631
103000017,220,780,-560
103000018,2002,738,1264
103000019,396,414,-18
103000020,4351,2387,1964
103000021,3529,2109,1420
103000022,1409,1903,-494
103000023,930,2880,-1950
103000024,170,338,-168
103000025,102,865,-763
103000026,2304,287,2017
103000027,396,920,-524
103000028,884,616,268
103000029,419,353,66
103000030,3321,1336,1985
103000031,2846,4055,-1209
103000032,2818,3068,-250
103000033,3965,4486,-521
103000034,2707,1810,897
103000035,704,2659,-1955
103000036,754,917,-163
103000037,863,782,81
103000038,965,2083,-1118
103000039,487,799,-312
103000040,619,2397,-1778
103000041,2319,4478,-2159
103000042,1358,1011,347
103000043,658,2186,-1528
103000044,251,400,-149
103000046,372,915,-543
103000047,1014,1038,-24
103000048,242,375,-133
103000049,174,332,-158
103000050,1283,1191,92
103000051,766,951,-185
103000052,1103,687,416
103000053,254,864,-610
103000054,3482,1984,1498
103000055,2335,3607,-1272
103000056,828,3140,-2312
103000057,513,613,-100
103000058,758,1568,-810
103000059,478,1396,-918
103000060,1140,1285,-145
103000061,492,1663,-1171
103000062,1572,1156,416
103000063,926,1312,-386
103000064,195,432,-237
103000065,3,572,-569
103000066,238,17,221
103000069,391,555,-164
103000070,1371,1680,-309
103000071,1520,586,934
103000072,190,1547,-1357
103000073,829,205,624
103000074,1145,161,984
103000075,189,1447,-1258
103000076,606,595,11
103000077,108,725,-617
103000078,3105,1020,2085
103000079,2522,1186,1336
103000080,2201,600,1601
103000081,969,1331,-362
103000082,902,394,508
103000083,191,516,-325
103000084,251,8,243
103000085,3,167,-164
103000086,1800,846,954
103000087,434,935,-501
103000088,661,592,69
103000089,642,1056,-414
103000090,2774,1160,1614
103000091,736,662,74
103000092,606,397,209
103000093,420,763,-343
103000094,209,183,26
103000095,90,749,-659
103000096,1029,206,823
103000097,125,1087,-962
103000098,1367,388,979
103000099,520,791,-271
103000100,146,1451,-1305
103000101,1218,269,949
103000102,211,1221,-1010
103000103,910,389,521
103000104,93,201,-108
103000105,232,174,58
103000106,26,132,-106
103000107,498,119,379
103000108,1019,816,203
103000109,872,411,461
103000110,632,583,49
103000111,1730,610,1120
103000112,1088,324,764
103000113,2251,1109,1142
103000114,4316,649,3667
103000115,550,797,-247
103000116,688,831,-143
103000117,449,877,-428
103000118,3168,1667,1501
103000119,3338,1088,2250
103000120,254,142,112
103000121,1071,1162,-91
103000122,967,657,310
103000125,10,588,-578
103000126,564,14,550
103000127,3,291,-288
103000128,184,4,180
103000129,3,187,-184
103000130,56,49,7
103000131,261,174,87
103000132,117,259,-142
103000133,16,172,-156
103000134,1068,1418,-350
103000135,1325,422,903
103000136,1598,627,971
103000137,1561,876,685
103000138,1554,1230,324
103000139,9,91,-82
103000140,368,48,320
103000141,57,178,-121
103000142,288,123,165
103000143,196,311,-115
103000144,218,121,97
103000145,102,57,45
103000150,117,99,18
103000152,849,430,419
103000153,730,290,440
103000156,10,644,-634
103000157,443,4,439
103000159,285,118,167
103000162,282,45,237
103000163,19,54,-35
103000164,111,32,79
103000165,470,692,-222
103000166,256,451,-195
103000167,618,138,480
103000168,108,237,-129
103000169,283,949,-666
103000170,736,978,-242
103000171,49,100,-51
103000172,699,1634,-935
103000173,521,1079,-558
103000174,246,641,-395
103000175,232,689,-457
103000176,1611,649,962
103000177,1559,776,783
103000178,559,531,28
103000179,290,63,227
103000183,143,32,111
103000185,104,136,-32
103000186,135,321,-186
103000187,612,1205,-593
103000188,21,74,-53
103000189,2798,1540,1258
103000191,890,1222,-332
103000292,4006,1981,2025
103000293,1807,2478,-671
103000295,191,112,79
103000296,554,9,545
103000297,210,58,152
103000504,248,58,190
103000505,16,13,3
103000506,1,293,-292
103000507,254,4,250
103000508,64,63,1
103000509,300,898,-598
103900001,8,535,-527
103900002,3261,296,2965
103900003,3656,189,3467
103900004,151,2,149
103900005,6,519,-513
103900006,12,1,11
103900007,33,17,16
103900008,45,1,44
103900009,377,523,-146
103900010,206,546,-340
103900011,297,309,-12
103900012,9,29,-20
103900013,42,122,-80
103900014,56,49,7
103900015,42,33,9
103900016,354,330,24
103900017,43,214,-171
103900018,732,232,500
103900019,57,326,-269
103900020,351,577,-226
103900021,1359,93,1266
103900022,1338,793,545
103900023,152,1,151
103900024,218,1190,-972
103900025,15,68,-53
103900026,171,0,171
103900027,830,596,234
103900028,21,363,-342
103900029,1368,152,1216
103900030,755,84,671
103900031,36,4,32
103900032,72,45,27
103900033,508,22,486
103900034,18,458,-440
103900035,107,93,14
103900036,192,50,142
103900037,206,95,111
103900038,109,174,-65
103900039,86,630,-544
103900040,21,331,-310
103900041,63,58,5
103900042,73,591,-518
103900043,197,274,-77
103900044,364,479,-115
103900045,310,280,30
103900047,69,41,28
103900048,87,34,53
103900049,324,2171,-1847
103900050,9,157,-148
103900051,1,42,-41
103900052,291,884,-593
103900053,137,1905,-1768
103900054,114,899,-785
103900055,697,341,356
103900056,36,60,-24
103900057,31,334,-303
103900058,235,1399,-1164
103900059,1,14,-13
103900060,79,366,-287
103900061,141,109,32
103900062,503,170,333
103900063,13,5,8
103900064,86,7,79
103900065,1119,705,414
103900066,174,21,153
103900067,263,12,251
103900068,5,0,5
103900069,215,27,188
103900070,157,474,-317
103900071,29,214,-185
103900072,11,379,-368
103900073,40,64,-24
103900074,74,118,-44
103900075,120,162,-42
103900076,491,1231,-740
103900077,128,150,-22
103900078,222,214,8
103900079,206,460,-254
103900080,13,44,-31
103900081,116,35,81
103900082,13,205,-192
103900083,2584,1717,867
103900084,80,278,-198
103900085,93,151,-58
103900086,801,534,267
103900087,19,172,-153
103900088,446,565,-119
103900089,49,227,-178
103900090,3,359,-356
103900091,1352,345,1007
103900092,1694,757,937
103900093,144,533,-389
103900094,17,178,-161
103900095,1291,244,1047
103900096,54,421,-367
103900097,11,873,-862
103900098,232,147,85
103900099,115,362,-247
103900100,308,662,-354
103900101,117,1573,-1456
103900102,1,43,-42
103900104,6,65,-59
103900105,106,243,-137
103900106,0,32,-32
103900107,226,458,-232
103900108,46,567,-521
103900109,91,170,-79
103900110,391,108,283
103900111,111,1403,-1292
103900112,35,68,-33
103900113,196,344,-148
103900114,836,540,296
103900115,369,442,-73
103900116,8825,3088,5737
103900117,243,211,32
103900119,46,62,-16
103900120,37,169,-132
103900122,70,449,-379
103900123,2729,700,2029
103900124,68,31,37
103900125,139,122,17
103900126,528,839,-311
103900127,274,1241,-967
103900128,118,254,-136
103900131,27,134,-107
103900133,1577,125,1452
103900134,0,9,-9
103900135,19,9,10
103900137,0,72,-72
103900138,109,625,-516
103900139,456,2179,-1723
103900140,28,111,-83
103900141,326,163,163
103900142,257,464,-207
103900143,56,5,51
103900144,2,148,-146
103900145,200,512,-312
103900146,334,659,-325
103900147,568,233,335
103900148,263,365,-102
103900149,275,1248,-973
103900150,13647,5765,7882
103900151,84,291,-207
103900152,502,839,-337
103900153,13,3,10
103900154,2038,3155,-1117
103900155,49,493,-444
103900156,34,340,-306
103900157,40,471,-431
103900158,92,370,-278
103900159,137,175,-38
103900160,78,67,11
103900161,155,412,-257
103900162,71,485,-414
103900163,13,875,-862
103900164,248,55,193
103900167,42,159,-117
103900168,186,277,-91
103900169,61,67,-6
103900170,6,140,-134
103900171,2,99,-97
103900172,14,44,-30
103900173,21,20,1
103900174,216,137,79
103900175,76,70,6
103900176,19,51,-32
103900177,7,47,-40
103900178,82,149,-67
103900179,67,431,-364
103900180,31,237,-206
103900181,90,114,-24
103900182,30,47,-17
103900184,1058,112,946
103900185,612,336,276
103900187,120,88,32
103900188,49,31,18
103900189,138,11,127
103900190,132,101,31
103900191,59,99,-40
103900192,40,207,-167
103900193,293,298,-5
103900194,153,559,-406
103900195,4,79,-75
103900196,39,35,4
103900197,19,51,-32
103900198,21,82,-61
103900199,195,107,88
103900200,151,224,-73
103900201,182,358,-176
103900202,15,89,-74
103900203,71,37,34
103900204,2,197,-195
103900207,2,229,-227
103900208,114,8,106
103900209,21,182,-161
103900210,63,44,19
103900211,622,878,-256
103900212,138,670,-532
103900213,449,475,-26
103900214,924,209,715
103900215,943,398,545
103900216,20,1179,-1159
103900217,794,194,600
103900218,4,798,-794
103900219,265,950,-685
103900233,413,11,402
103900235,185,44,141
103900236,118,10,108
103900242,15,31,-16
103900243,39,49,-10
103900244,116,637,-521
103900245,184,353,-169
103900246,105,51,54
103900247,103,156,-53
103900248,26,67,-41
103900249,39,88,-49
103900250,150,45,105
103900251,0,61,-61
103900253,48,107,-59
103900254,22,75,-53
103900255,90,60,30
103900256,151,65,86
103900257,86,474,-388
103900258,201,9,192
103900259,167,17,150
103900261,34,2,32
103900262,39,18,21
103900263,133,205,-72
103900264,163,60,103
103900265,260,24,236
103900266,4,145,-141
103900267,5,55,-50
104000001,3577,3718,-141
104000002,2951,5720,-2769
104000003,3755,4442,-687
104000004,5148,5229,-81
104000005,1999,3434,-1435
104000006,4564,5565,-1001
104000007,6910,6810,100
104000008,757,731,26
104000009,380,204,176
104000010,202,346,-144
104000011,1385,555,830
104000012,309,798,-489
104000013,230,267,-37
104000014,379,1224,-845
104000015,293,243,50
104000016,795,848,-53
104000018,961,204,757
104000019,750,217,533
104000020,286,928,-642
104000021,487,934,-447
104000022,201,415,-214
104000023,741,522,219
104000024,335,581,-246
104000026,98,545,-447
104000027,698,818,-120
104000028,576,432,144
104000029,564,883,-319
104000030,365,390,-25
104000031,1345,502,843
104000032,386,574,-188
104000033,747,657,90
104000034,436,559,-123
104000035,1023,671,352
104000036,903,881,22
104000037,388,483,-95
104000038,421,520,-99
104000039,239,504,-265
104000040,722,585,137
104000041,705,650,55
104000042,310,638,-328
104000043,345,692,-347
104000044,328,1043,-715
104000045,1667,1919,-252
104000046,2516,2613,-97
104000047,1844,2141,-297
104000048,1530,2873,-1343
104000049,900,665,235
104000050,361,1303,-942
104000051,198,1105,-907
104000052,2042,2726,-684
104000053,1358,1010,348
104000054,974,877,97
104000055,7394,4151,3243
104000056,2539,476,2063
104000057,252,613,-361
104000058,1049,1248,-199
104000059,1103,2296,-1193
104000060,1573,1950,-377
104000061,2321,2258,63
104000062,448,387,61
104000064,860,557,303
104000065,300,694,-394
104000069,2664,1504,1160
104000070,83,705,-622
104000071,191,766,-575
104000072,907,434,473
104000075,105,459,-354
104000076,873,205,668
104000082,4096,4804,-708
104000083,1275,323,952
104000084,202,830,-628
104000085,462,486,-24
104000086,270,702,-432
104000087,628,2521,-1893
104000090,1030,2784,-1754
104000092,1404,4778,-3374
104000094,1525,3457,-1932
104000095,2607,2427,180
104000096,1954,751,1203
104000097,2223,1944,279
104000098,2446,2067,379
104000100,2271,948,1323
104000101,1864,5178,-3314
104000106,276,943,-667
104000107,982,809,173
104000108,478,1106,-628
104000109,425,121,304
104000110,1402,1847,-445
104000111,8624,3784,4840
104000112,3368,957,2411
104000116,5,2121,-2116
104000117,194,1774,-1580
104000118,652,504,148
104000119,752,460,292
104000120,349,1899,-1550
104000121,280,1323,-1043
104000122,697,1143,-446
104000123,2230,2164,66
104000124,1645,5073,-3428
104000125,8982,5694,3288
104000126,537,806,-269
104000127,2384,5876,-3492
104000128,1386,755,631
104000129,319,24,295
104000130,6,627,-621
104000131,2352,839,1513
104000132,1631,1051,580
104000133,1643,1843,-200
104000134,1325,2850,-1525
104000135,571,2654,-2083
104000136,1069,5361,-4292
104000137,2018,646,1372
104000138,2023,985,1038
104000139,12359,5370,6989
104000141,1555,2862,-1307
104000142,1041,1436,-395
104000143,972,1017,-45
104000144,115,326,-211
104000145,738,331,407
104000146,650,1220,-570
104000147,214,674,-460
104000148,363,244,119
104000149,301,651,-350
104000150,1584,800,784
104000151,771,902,-131
104000152,947,1137,-190
104000153,687,782,-95
104000154,1664,1274,390
104000155,469,627,-158
104000157,1824,2855,-1031
104000158,1058,826,232
104000159,1291,694,597
104000160,2460,2743,-283
104000161,420,297,123
104000162,61,242,-181
104000165,1893,1847,46
104000167,783,1245,-462
104000168,997,9,988
104000169,179,88,91
104000170,855,789,66
104000248,518,1584,-1066
104000251,65,465,-400
104000272,0,0,0
104000273,0,0,0
104000274,0,0,0
104000275,0,0,0
104000279,1318,770,548
104000290,175,527,-352
104000291,1205,2167,-962
104000293,1272,1056,216
104000294,33,0,33
104000295,934,1579,-645
104000296,528,1600,-1072
104000297,1411,3198,-1787
104000298,3201,1774,1427
104000299,1168,2940,-1772
104900001,178,800,-622
104900002,74,256,-182
104900003,71,546,-475
104900004,108,606,-498
104900005,312,339,-27
104900006,417,143,274
104900007,372,451,-79
104900009,229,731,-502
104900010,49,58,-9
104900011,27,17,10
104900012,312,34,278
104900013,274,19,255
104900014,5783,613,5170
104900015,213,8,205
104900016,236,527,-291
104900017,163,376,-213
104900018,37,362,-325
104900019,699,3501,-2802
104900020,96,458,-362
104900021,5,371,-366
104900022,16,179,-163
104900023,1,175,-174
104900024,25,140,-115
104900025,117,757,-640
104900026,6,209,-203
104900027,713,412,301
104900028,54,139,-85
104900029,53,159,-106
104900030,783,355,428
104900031,155,328,-173
104900032,38,298,-260
104900033,148,395,-247
104900034,449,174,275
104900035,362,221,141
104900036,202,105,97
104900037,175,544,-369
104900038,1150,1085,65
104900039,1772,395,1377
104900040,326,210,116
104900041,266,305,-39
104900042,150,544,-394
104900043,13,172,-159
104900044,513,374,139
104900045,524,104,420
104900046,224,249,-25
104900047,346,165,181
104900048,356,169,187
104900049,39,34,5
104900050,278,206,72
104900051,338,80,258
104900052,53,4,49
104900053,597,149,448
104900054,164,133,31
104900055,118,1,117
104900056,224,23,201
104900057,56,5,51
104900058,2066,515,1551
104900059,77,65,12
104900060,1,641,-640
104900061,443,1104,-661
104900063,4,193,-189
104900064,0,132,-132
104900065,0,206,-206
104900066,1,355,-354
104900067,2,424,-422
104900068,34,349,-315
104900070,274,419,-145
104900071,3,1239,-1236
104900072,72,351,-279
104900073,67,441,-374
104900074,54,405,-351
104900075,68,161,-93
104900076,132,612,-480
104900077,2262,275,1987
104900078,231,1056,-825
104900079,257,677,-420
104900080,85,809,-724
104900082,9,668,-659
104900085,11,357,-346
104900087,550,12,538
104900089,166,2,164
104900090,1215,952,263
104900091,961,1565,-604
104900093,385,962,-577
104900097,5869,2764,3105
104900098,140,89,51
104900099,257,771,-514
104900100,1391,517,874
104900102,50,501,-451
104900103,653,279,374
104900104,6885,2856,4029
104900106,112,230,-118
104900107,188,508,-320
104900108,57,523,-466
104900109,150,826,-676
104900110,28,70,-42
104900111,182,199,-17
104900112,293,1471,-1178
104900113,779,806,-27
104900114,336,1086,-750
104900115,833,938,-105
104900116,404,373,31
104900118,37,97,-60
104900119,4,40,-36
104900120,65,182,-117
104900121,2,157,-155
104900122,7,151,-144
104900123,68,6,62
104900124,35,0,35
104900125,736,4,732
104900126,95,134,-39
104900127,31,79,-48
104900128,125,264,-139
104900129,5157,3159,1998
105000001,4083,2826,1257
105000002,4642,3217,1425
105000003,7040,5968,1072
105000004,819,2421,-1602
105000005,1148,2197,-1049
105000006,2280,2936,-656
105000007,2444,2571,-127
105000008,3843,4580,-737
105000009,2634,4419,-1785
105000010,5262,4770,492
105000011,3430,3904,-474
105000012,6545,5149,1396
105000013,1237,1605,-368
105000014,2367,3460,-1093
105000015,12714,15763,-3049
105000016,6466,4065,2401
105000017,3977,1581,2396
105000018,2656,2270,386
105000019,3344,1806,1538
105000020,692,638,54
105000021,807,254,553
105000022,357,72,285
105000023,730,365,365
105000028,88,210,-122
105000029,633,1847,-1214
105000030,6774,6144,630
105000033,1623,3559,-1936
105000034,404,1426,-1022
105000037,955,803,152
105000038,2979,2572,407
105000039,4320,3275,1045
105000040,1414,1755,-341
105000041,1060,2502,-1442
105000042,5496,2231,3265
105000043,3135,4000,-865
105000044,671,751,-80
105000045,555,1679,-1124
105000046,1111,764,347
105000047,686,2413,-1727
105000048,1069,444,625
105000049,426,1389,-963
105000050,725,605,120
105000051,418,1147,-729
105000052,709,1744,-1035
105000053,260,377,-117
105000054,544,1674,-1130
105000055,1687,752,935
105000056,2196,4940,-2744
105000057,1856,1805,51
105000058,2696,2672,24
105000059,989,1011,-22
105000060,950,1346,-396
105000061,987,944,43
105000062,1512,1836,-324
105000063,610,1225,-615
105000064,1937,1285,652
105000065,810,1604,-794
105000066,2507,3604,-1097
105000067,2051,1084,967
105000068,1667,1672,-5
105000069,6543,2225,4318
105000070,1766,1312,454
105000071,1131,1308,-177
105000072,939,3110,-2171
105000073,1645,1134,511
105000074,2334,1582,752
105000075,1538,1265,273
105000076,3042,1651,1391
105000077,4460,1452,3008
105000078,3089,1997,1092
105000079,3619,2726,893
105000080,3908,2039,1869
105000081,4026,1337,2689
105000082,2349,1300,1049
105000083,4454,2289,2165
105000084,1696,1749,-53
105000085,2726,2115,611
105000086,888,1864,-976
105000087,4784,3490,1294
105000088,2543,2942,-399
105000089,5353,3762,1591
105000090,1666,1409,257
105000091,2610,2644,-34
105000092,1639,2010,-371
105000093,686,369,317
105000094,554,418,136
105000095,127,689,-562
105000096,2104,1364,740
105000097,2224,1292,932
105000098,2817,1067,1750
105000099,3160,1261,1899
105000100,1612,2324,-712
105000101,3109,4525,-1416
105000102,5471,2909,2562
105000103,3660,5135,-1475
105000104,3411,2070,1341
105000105,1992,4035,-2043
105000106,2782,3495,-713
105000107,1773,2474,-701
105000108,1754,3777,-2023
105000109,2275,3538,-1263
105000110,878,1873,-995
105000111,951,1122,-171
105000112,1644,1768,-124
105000113,607,1037,-430
105000114,7737,1989,5748
105000115,544,1333,-789
105000116,1173,948,225
105000117,1435,2142,-707
105000118,680,819,-139
105000119,1193,2664,-1471
105000120,1538,1264,274
105000121,1715,2690,-975
105000122,444,803,-359
105000123,2087,2660,-573
105000124,2546,1405,1141
105000125,1519,3746,-2227
105000126,3212,3753,-541
105000127,3780,3832,-52
105000128,1554,2339,-785
105000129,1864,797,1067
105000130,455,2798,-2343
105000131,1256,969,287
105000132,1228,741,487
105000133,672,2309,-1637
105000134,1144,883,261
105000135,595,1223,-628
105000136,84,263,-179
105000137,393,595,-202
105000138,90,301,-211
105000139,1582,1766,-184
105000140,196,712,-516
105000141,371,1258,-887
105000142,151,742,-591
105000143,472,1448,-976
105000144,494,1290,-796
105000145,1010,728,282
105000146,820,1385,-565
105000147,782,713,69
105000148,1583,1021,562
105000149,3457,3339,118
105000150,3313,2952,361
105000151,802,633,169
105000152,299,1143,-844
105000153,1232,1008,224
105000154,1528,1709,-181
105000155,574,1484,-910
105000156,1597,1672,-75
105000157,1695,4188,-2493
105000158,3415,1246,2169
105000159,374,2365,-1991
105000160,2703,1064,1639
105000161,1383,2817,-1434
105000162,1278,2784,-1506
105000163,3533,2003,1530
105000164,351,516,-165
105000165,3869,8803,-4934
105000166,13632,807,12825
105000167,6218,2709,3509
105000168,472,1382,-910
105000169,727,689,38
105000170,338,2616,-2278
105000171,1637,768,869
105000172,193,89,104
105000173,187,98,89
105000174,64,73,-9
105000175,151,286,-135
105000176,481,221,260
105000177,394,268,126
105000178,190,1410,-1220
105000179,412,318,94
105000180,198,208,-10
105000181,181,895,-714
105000182,70,95,-25
105000183,5580,3424,2156
105000184,1629,1883,-254
105000185,2530,1121,1409
105000186,561,1414,-853
105000187,1145,380,765
105000188,799,256,543
105000189,511,839,-328
105000190,570,657,-87
105000191,532,463,69
105000192,611,95,516
105000193,262,217,45
105000194,261,116,145
105000195,499,1828,-1329
105000196,43,207,-164
105000197,333,1267,-934
105000198,778,585,193
105000199,581,825,-244
105000200,361,370,-9
105000201,227,50,177
105000203,9,466,-457
105000204,97,157,-60
105000205,111,358,-247
105000207,978,337,641
105000208,500,878,-378
105000209,268,363,-95
105000212,1743,2971,-1228
105000213,321,293,28
105000214,157,469,-312
105000215,348,390,-42
105000216,172,591,-419
105000217,240,477,-237
105000218,1364,1791,-427
105000221,317,486,-169
105000222,588,83,505
105000223,374,324,50
105000226,129,679,-550
105000227,77,393,-316
105000228,480,1975,-1495
105000229,239,591,-352
105000231,355,483,-128
105000233,852,962,-110
105000234,880,2214,-1334
105000235,652,937,-285
105000237,1027,123,904
105000243,34,521,-487
105000248,305,135,170
105000262,490,3226,-2736
105000269,215,305,-90
105000270,580,160,420
105000271,1,423,-422
105000282,312,86,226
105000287,468,359,109
105000288,656,1004,-348
105000289,4737,2142,2595
105000290,27,6,21
105000402,8405,4618,3787
105000426,1243,788,455
105000438,4221,1343,2878
105000446,26591,9647,16944
105000447,13061,5635,7426
105000454,420,848,-428
105000455,517,365,152
105000474,39,7,32
105000477,573,799,-226
105000478,2552,4778,-2226
105000479,319,226,93
105000480,6616,4396,2220
105000481,4829,3835,994
105000482,9701,6936,2765
105000483,2499,2516,-17
105000484,5103,4328,775
105000485,2645,2938,-293
105000486,8941,4471,4470
105000488,9568,7715,1853
105000489,1453,1390,63
105000549,108,214,-106
105000550,1176,2443,-1267
105000551,53,176,-123
105000552,6487,3319,3168
105900001,10,2522,-2512
105900002,2741,804,1937
105900003,8,130,-122
105900004,722,203,519
105900005,14,460,-446
105900006,26,138,-112
105900007,403,38,365
105900008,76,1143,-1067
105900009,27,24,3
105900011,599,80,519
105900012,808,172,636
105900013,8,40,-32
105900014,9,133,-124
105900015,313,728,-415
105900016,603,1090,-487
105900017,1510,100,1410
105900018,221,595,-374
105900019,88,731,-643
105900020,62,88,-26
105900021,96,906,-810
105900022,342,588,-246
105900023,8,279,-271
105900024,39,304,-265
105900025,289,63,226
105900026,619,114,505
105900027,13712,12476,1236
105900028,472,242,230
105900029,3772,731,3041
105900030,405,454,-49
105900031,631,300,331
105900032,98,205,-107
105900033,193,226,-33
105900034,295,427,-132
105900035,335,347,-12
105900036,59,322,-263
105900037,137,119,18
105900038,225,751,-526
105900039,124,308,-184
105900040,62,139,-77
105900041,305,929,-624
105900042,89,198,-109
105900043,4485,126,4359
105900044,5,348,-343
105900045,10,1445,-1435
105900046,20,352,-332
105900047,9,79,-70
105900048,151,929,-778
105900050,8184,5008,3176
105900051,22,2364,-2342
105900052,609,306,303
105900053,7599,4313,3286
105900054,452,595,-143
105900056,1389,557,832
105900057,35,281,-246
105900058,28,120,-92
105900059,0,58,-58
106000001,5582,3281,2301
106000002,3777,7960,-4183
106000003,4444,5192,-748
106000004,3210,4546,-1336
106000005,3538,8944,-5406
106000006,8843,8312,531
106000007,584,899,-315
106000008,510,506,4
106000009,602,535,67
106000010,828,888,-60
106000011,1156,1759,-603
106000012,1342,2484,-1142
106000013,2260,3042,-782
106000014,3145,3355,-210
106000015,1822,1958,-136
106000016,1826,4234,-2408
106000017,1027,1143,-116
106000018,1031,1138,-107
106000019,547,667,-120
106000020,439,755,-316
106000021,373,811,-438
106000022,557,480,77
106000023,887,489,398
106000024,1134,1294,-160
106000025,139,317,-178
106000026,157,536,-379
106000027,1258,2164,-906
106000028,843,1048,-205
106000029,1292,1911,-619
106000030,1263,568,695
106000034,324,1044,-720
106000035,1426,2375,-949
106000036,550,731,-181
106000037,3216,2805,411
106000038,645,171,474
106000039,335,118,217
106000040,287,1329,-1042
106000041,1447,619,828
106000043,991,224,767
106000046,517,80,437
106000047,89,636,-547
106000049,1060,324,736
106000050,639,1457,-818
106000051,1350,661,689
106000052,156,1183,-1027
106000053,301,242,59
106000054,498,806,-308
106000055,1454,2042,-588
106000056,327,692,-365
106000057,278,476,-198
106000058,202,334,-132
106000059,383,441,-58
106000060,681,934,-253
106000061,244,786,-542
106000062,210,891,-681
106000063,685,925,-240
106000064,48,613,-565
106000065,540,372,168
106000066,234,639,-405
106000067,606,192,414
106000068,94,1007,-913
106000069,277,147,130
106000070,497,1318,-821
106000071,1327,531,796
106000072,8116,2601,5515
106000073,2819,4124,-1305
106000074,626,1115,-489
106000075,530,2056,-1526
106000076,2107,3197,-1090
106000077,5694,2255,3439
106000078,1279,1571,-292
106000079,843,1597,-754
106000080,1579,1267,312
106000081,762,1820,-1058
106000082,3485,1517,1968
106000083,438,2262,-1824
106000084,1633,1202,431
106000085,2188,2227,-39
106000086,838,1222,-384
106000087,1211,979,232
106000088,494,1195,-701
106000089,1310,738,572
106000090,318,914,-596
106000091,359,1266,-907
106000092,811,374,437
106000093,340,143,197
106000094,161,534,-373
106000095,732,1763,-1031
106000096,1311,1126,185
106000097,1107,1881,-774
106000098,936,1689,-753
106000099,289,1467,-1178
106000100,1792,436,1356
106000101,2132,424,1708
106000102,347,1094,-747
106000103,481,994,-513
106000104,1165,716,449
106000105,622,1441,-819
106000106,646,672,-26
106000107,133,719,-586
106000108,240,451,-211
106000109,131,508,-377
106000110,178,434,-256
106000111,221,923,-702
106000112,188,631,-443
106000113,1606,1071,535
106000114,742,696,46
106000115,279,914,-635
106000116,264,279,-15
106000117,1260,1284,-24
106000118,1676,2054,-378
106000119,3572,2052,1520
106000120,1100,1618,-518
106000121,223,248,-25
106000122,140,535,-395
106000123,333,313,20
106000124,62,562,-500
106000125,73,506,-433
106000126,298,205,93
106000127,1245,1586,-341
106000128,777,427,350
106000129,720,1150,-430
106000130,869,649,220
106000131,179,1400,-1221
106000132,1094,255,839
106000133,5598,2030,3568
106000134,1078,2757,-1679
106000135,317,1417,-1100
106000136,837,1079,-242
106000137,124,2255,-2131
106000138,1512,132,1380
106000139,53,201,-148
106000140,52,205,-153
106000141,122,168,-46
106000142,141,114,27
106000143,54,156,-102
106000144,20,117,-97
106000145,274,538,-264
106000146,346,345,1
106000147,823,932,-109
106000148,1120,1683,-563
106000149,676,653,23
106000150,805,3102,-2297
106000151,7824,1351,6473
106000152,2402,3290,-888
106000153,124,2707,-2583
106000154,2570,435,2135
106000155,101,417,-316
106000156,1105,640,465
106000157,980,3503,-2523
106000158,4862,1348,3514
106000159,7295,2732,4563
106000160,594,4544,-3950
106000161,2501,782,1719
106000162,286,1399,-1113
106000163,396,937,-541
106000164,409,563,-154
106000165,257,1237,-980
106000166,1559,543,1016
106000167,641,2258,-1617
106000168,484,420,64
106000169,257,1222,-965
106000170,1091,402,689
106000171,241,1823,-1582
106000172,4949,1748,3201
106000173,1803,4791,-2988
106000174,1371,585,786
106000175,487,1774,-1287
106000176,2113,1237,876
106000177,1190,4331,-3141
106000178,4596,2733,1863
106000179,1912,4237,-2325
106000180,1342,2667,-1325
106000181,863,3158,-2295
106000182,1277,1538,-261
106000183,1343,1559,-216
106000184,2206,1798,408
106000185,1421,1832,-411
106000186,1537,280,1257
106000187,352,1490,-1138
106000188,0,2,-2
106000189,9,86,-77
106000190,15,2,13
106000191,801,368,433
106000192,10,38,-28
106000193,556,254,302
106000194,250,685,-435
106000195,1094,252,842
106000196,345,863,-518
106000197,588,630,-42
106000198,219,464,-245
106000199,1378,1264,114
106000200,917,365,552
106000201,812,3682,-2870
106000202,11664,1142,10522
106000203,220,301,-81
106000204,79,6,73
106000205,35,228,-193
106000206,76,51,25
106000207,62,1401,-1339
106000208,1547,212,1335
106000209,1577,490,1087
106000210,354,2071,-1717
106000211,458,2110,-1652
106000212,1081,440,641
106000213,1276,2180,-904
106000214,4338,917,3421
106000215,539,864,-325
106000216,432,549,-117
106000217,458,831,-373
106000218,594,659,-65
106000219,172,454,-282
106000220,581,438,143
106000221,151,458,-307
106000222,45,205,-160
106000223,184,240,-56
106000224,225,451,-226
106000225,169,114,55
106000226,283,539,-256
106000228,69,220,-151
106000229,110,1110,-1000
106000231,912,265,647
106000232,96,533,-437
106000233,788,273,515
106000234,154,294,-140
106000235,954,240,714
106000236,474,100,374
106000237,2,16,-14
106000238,25,18,7
106000239,6,207,-201
106000240,204,10,194
106000241,18,1127,-1109
106000242,333,37,296
106000249,73,147,-74
106000250,102,766,-664
106000251,65,57,8
106000252,32,187,-155
106000253,66,80,-14
106000254,32,86,-54
106000255,22,177,-155
106000256,79,147,-68
106000257,296,502,-206
106000258,541,46,495
106000259,4,39,-35
106000260,43,16,27
106000261,10,65,-55
106000262,151,19,132
106000263,16,103,-87
106000264,323,15,308
106000265,13,237,-224
106000266,213,37,176
106000267,11,165,-154
106000268,725,62,663
106000269,96,121,-25
106000270,293,725,-432
106000271,69,312,-243
106000272,258,86,172
106000273,14,390,-376
106000274,293,74,219
106000275,220,383,-163
106000276,242,94,148
106000277,189,254,-65
106000278,335,68,267
106000279,13,102,-89
106000280,83,284,-201
106000281,103,139,-36
106000282,100,90,10
106000283,149,184,-35
106000284,88,177,-89
106000285,145,242,-97
106000286,77,222,-145
106000287,102,163,-61
106000288,147,259,-112
106000289,91,123,-32
106000290,86,160,-74
106000291,106,166,-60
106000292,94,205,-111
106000293,164,144,20
106000294,198,236,-38
106000295,69,87,-18
106000296,97,147,-50
106000297,117,363,-246
106000298,183,102,81
106000299,97,254,-157
106000300,109,164,-55
106000301,106,181,-75
106000303,34,130,-96
106000304,33,86,-53
106000305,57,71,-14
106000306,37,135,-98
106000307,70,41,29
106000308,62,268,-206
106000309,27,131,-104
106000310,461,921,-460
106000311,454,256,198
106000312,89,287,-198
106000313,194,362,-168
106000318,300,445,-145
106000319,1338,202,1136
106000320,7,58,-51
106000321,758,98,660
106000322,94,299,-205
106000324,7,178,-171
106000325,2127,1474,653
106000326,1496,3279,-1783
106000327,168,216,-48
106000328,25,167,-142
106000329,195,598,-403
106000330,78,95,-17
106000428,47,281,-234
106000429,200,680,-480
106000430,470,1986,-1516
106000431,2432,524,1908
106000432,2611,4366,-1755
106000433,2837,1613,1224
106000434,5106,1964,3142
106000435,3159,4474,-1315
106000436,28,540,-512
106000437,440,58,382
106000438,646,207,439
106000439,70,784,-714
106000440,345,722,-377
106000441,1,1,0
106000442,296,8,288
106000443,128,745,-617
106000450,2,364,-362
106000451,39,35,4
106000454,13,246,-233
106000455,10,250,-240
106000456,270,20,250
106000457,7,1738,-1731
106000458,617,337,280
106000459,179,626,-447
106000460,1256,72,1184
106000461,133,2649,-2516
106000462,0,21,-21
106000463,3,44,-41
106000464,1,772,-771
106000465,563,1,562
106000466,9,1063,-1054
106000467,660,1137,-477
106000468,61,381,-320
106000469,450,1,449
106000470,396,2969,-2573
106000471,47,1119,-1072
106000472,266,17,249
106000473,36,51,-15
106000474,397,1113,-716
106000475,293,232,61
106000476,240,189,51
106000477,23,87,-64
106900001,0,43,-43
106900002,4,881,-877
106900003,471,1913,-1442
106900004,4,150,-146
106900006,0,19,-19
106900007,0,42,-42
106900008,346,454,-108
106900009,508,701,-193
106900010,308,533,-225
106900012,3753,3634,119
106900013,998,122,876
106900014,36,2,34
106900015,24,3,21
106900016,317,9,308
106900017,9,3,6
106900018,1,0,1
106900019,43,6,37
106900020,5448,2133,3315
106900021,93,85,8
106900022,689,2,687
106900023,72,475,-403
106900024,1252,41,1211
106900025,93,1207,-1114
106900026,6,1291,-1285
106900027,732,4,728
107000001,5510,4256,1254
107000002,7342,8128,-786
107000003,6833,9052,-2219
107000004,9406,9958,-552
107000005,4402,7592,-3190
107000006,6774,11102,-4328
107000007,7378,15408,-8030
107000008,21788,18018,3770
107000009,8116,9676,-1560
107000010,17791,20046,-2255
107000011,1739,2538,-799
107000012,7081,6488,593
107000013,45,187,-142
107000014,37,429,-392
107000015,731,1362,-631
107000016,1037,1741,-704
107000017,11936,3089,8847
107000018,170,1767,-1597
107000020,6606,1659,4947
107000021,2658,1145,1513
107000022,3011,2705,306
107000023,2751,578,2173
107000024,946,2611,-1665
107000025,274,788,-514
107000026,261,1055,-794
107000027,1561,2073,-512
107000028,1869,2917,-1048
107000029,3882,3918,-36
107000030,4629,5575,-946
107000031,4672,4382,290
107000032,638,1390,-752
107000033,6721,12298,-5577
107000034,9446,3842,5604
107000035,576,464,112
107000036,679,2672,-1993
107000037,123,1372,-1249
107000038,418,349,69
107000039,1315,1235,80
107000040,237,532,-295
107000041,2557,1107,1450
107000042,1144,2935,-1791
107000043,4996,1477,3519
107000044,1120,444,676
107000045,199,461,-262
107000046,1096,606,490
107000047,723,1232,-509
107000048,985,503,482
107000049,796,1178,-382
107000050,1389,776,613
107000051,1087,610,477
107000052,1908,1401,507
107000053,671,418,253
107000054,110,525,-415
107000055,110,159,-49
107000056,562,1262,-700
107000057,2655,343,2312
107000058,3110,3480,-370
107000059,3855,5846,-1991
107000060,5914,8732,-2818
107000061,9296,6798,2498
107000062,4831,4754,77
107000063,5942,10071,-4129
107000064,5537,3820,1717
107000065,6554,9533,-2979
107000066,3047,4545,-1498
107000067,1486,1676,-190
107000068,2491,944,1547
107000069,1269,812,457
107000070,901,5,896
107000071,3081,61,3020
107000072,73,5641,-5568
107000073,782,324,458
107000074,191,1649,-1458
107000075,1945,688,1257
107000076,1268,2703,-1435
107000077,4152,1445,2707
107000078,3200,5269,-2069
107000079,3459,938,2521
107000080,1803,5406,-3603
107000081,1700,787,913
107000082,847,3831,-2984
107000083,1561,568,993
107000084,702,3684,-2982
107000085,4061,4954,-893
107000086,5350,5866,-516
107000087,4853,3677,1176
107000088,5259,6535,-1276
107000089,1832,3405,-1573
107000090,1868,2247,-379
107000091,1671,1418,253
107000092,1087,2038,-951
107000093,1672,1403,269
107000094,2146,2248,-102
107000095,1170,904,266
107000096,937,1852,-915
107000097,1002,333,669
107000098,651,939,-288
107000099,770,599,171
107000100,569,411,158
107000101,184,321,-137
107000102,629,559,70
107000103,419,345,74
107000104,384,676,-292
107000105,469,252,217
107000106,357,642,-285
107000107,743,362,381
107000108,351,1410,-1059
107000109,882,294,588
107000110,155,987,-832
107000111,270,60,210
107000112,44,562,-518
107000113,673,193,480
107000114,121,1122,-1001
107000115,610,188,422
107000116,147,1510,-1363
107000117,189,574,-385
107000118,168,363,-195
107000119,3181,1930,1251
107000120,3515,725,2790
107000121,871,1125,-254
107000122,1463,1619,-156
107000123,532,1442,-910
107000124,667,1604,-937
107000125,868,1345,-477
107000126,1103,1308,-205
107000127,50,605,-555
107000129,385,232,153
107000130,523,460,63
107000131,796,575,221
107000132,810,587,223
107000133,1023,211,812
107000134,483,4,479
107000135,9,491,-482
107000136,966,7,959
107000137,18,655,-637
107000138,664,26,638
107000139,31,702,-671
107000140,2115,109,2006
107000141,192,1384,-1192
107000142,552,137,415
107000143,91,1438,-1347
107000144,707,781,-74
107000145,214,1020,-806
107000146,221,544,-323
107000147,4529,1278,3251
107000150,1542,5930,-4388
107000151,84,129,-45
107000152,1076,1523,-447
107000153,820,729,91
107000154,331,231,100
107000155,1340,47,1293
107000156,1536,62,1474
107000157,92,3136,-3044
107000158,589,57,532
107000159,58,1816,-1758
107000160,880,261,619
107000161,144,2850,-2706
107000162,303,838,-535
107000163,158,0,158
107000164,520,2,518
107000165,830,10,820
107000166,67,2121,-2054
107000167,873,367,506
107000168,1100,646,454
107000169,1419,1381,38
107000170,2526,1214,1312
107000171,1002,3818,-2816
107000172,1120,1919,-799
107000173,871,2103,-1232
107000174,1130,8039,-6909
107000175,14014,3085,10929
107000176,3,0,3
107000177,4,2,2
107000178,15,82,-67
107000179,320,4304,-3984
107000180,1472,567,905
107000181,370,2187,-1817
107000182,1782,1539,243
107000183,169,1654,-1485
107000184,946,1177,-231
107000185,627,2279,-1652
107000186,1695,605,1090
107000187,1743,2464,-721
107000188,827,867,-40
107000189,515,1717,-1202
107000190,730,1330,-600
107000191,966,1614,-648
107000192,1992,1677,315
107000193,619,698,-79
107000194,1660,1359,301
107000197,1142,445,697
107000198,434,1064,-630
107000199,965,1522,-557
107000200,2104,1116,988
107000201,575,429,146
107000202,429,863,-434
107000203,1709,990,719
107000204,2343,1083,1260
107000205,3307,1757,1550
107000206,1837,2193,-356
107000207,1319,1948,-629
107000208,2350,796,1554
107000209,3551,1535,2016
107000210,1303,729,574
107000211,10,46,-36
107000212,26,665,-639
107000213,12,45,-33
107000214,24,343,-319
107000215,855,756,99
107000216,512,800,-288
107000217,253,285,-32
107000219,94,196,-102
107000220,236,499,-263
107000222,455,1393,-938
107000224,568,114,454
107000225,371,1059,-688
107000226,472,121,351
107000227,163,719,-556
107000228,113,254,-141
107000229,674,418,256
107000230,1935,898,1037
107000231,2462,1502,960
107000232,192,132,60
107000233,1917,1133,784
107000234,6,57,-51
107000235,98,6,92
107000236,26,1463,-1437
107000237,20,4,16
107000238,14,0,14
107000239,8102,1212,6890
107000240,99,1630,-1531
107000241,124,43,81
107000242,1144,87,1057
107000243,1,160,-159
107000244,6,102,-96
107000246,2,1712,-1710
107000249,5,1664,-1659
107000251,1,438,-437
107000252,3,1860,-1857
107000255,1188,218,970
107000257,7,797,-790
107000258,2,255,-253
107000259,6,362,-356
107000260,553,10,543
107000262,18,1022,-1004
107000263,256,6,250
107000266,12,18,-6
107000267,111,244,-133
107000268,249,244,5
107000269,853,45,808
107000270,5,17,-12
107000271,13,1234,-1221
107000272,19,295,-276
107000273,15,288,-273
107000274,6743,520,6223
107000275,169,1598,-1429
107000280,714,69,645
107000281,53,1653,-1600
107000282,94,1576,-1482
107000290,3,20,-17
107000291,20,48,-28
107000292,2,77,-75
107000293,335,4,331
107000294,1,46,-45
107000295,82,4,78
107000296,1,20,-19
107000444,539,14,525
107000496,0,65,-65
107000497,1981,4369,-2388
107000500,617,564,53
107000501,93,286,-193
107000502,732,588,144
107000505,970,1440,-470
107000506,3,39,-36
107000508,12,1019,-1007
107000509,370,1363,-993
107000510,56,32,24
107000514,67,460,-393
107000515,31,421,-390
107000516,243,433,-190
107000518,1320,1365,-45
107000519,5674,1922,3752
107000520,113,35,78
107900001,140,303,-163
107900002,60,2,58
107900003,403,25,378
107900004,65,5,60
107900005,1150,5,1145
107900006,251,1,250
107900007,378,66,312
107900008,94,54,40
107900009,222,16,206
107900010,19,1,18
107900012,382,24,358
107900013,378,109,269
107900014,36,8,28
107900015,930,14,916
107900016,869,157,712
107900017,33,4,29
107900018,87,182,-95
107900019,18,115,-97
107900020,178,12,166
107900021,49,260,-211
107900023,5,7,-2
107900024,0,60,-60
107900025,276,547,-271
107900026,49,186,-137
107900027,100,101,-1
107900028,50,128,-78
107900030,204,25,179
107900031,55,257,-202
107900032,17,7,10
107900033,20,12,8
107900034,546,31,515
107900035,989,52,937
107900036,61,17,44
107900037,0,59,-59
107900038,216,276,-60
107900039,30,101,-71
107900040,86,180,-94
107900041,2,0,2
107900043,40,274,-234
107900044,24,8,16
107900045,161,48,113
107900046,156,191,-35
107900047,25,113,-88
107900048,257,8,249
107900049,546,2549,-2003
107900050,140,613,-473
107900051,97,140,-43
107900052,28,52,-24
107900053,35,137,-102
107900055,1137,468,669
107900056,251,65,186
107900057,3,0,3
107900058,70,1249,-1179
107900060,49,70,-21
107900061,24,4,20
107900063,157,224,-67
107900064,564,110,454
107900065,193,23,170
107900066,20,18,2
107900067,0,0,0
107900068,340,483,-143
107900069,65,2110,-2045
107900070,146,73,73
107900071,77,1518,-1441
107900072,116,356,-240
107900073,110,195,-85
107900074,1178,221,957
107900076,144,108,36
107900077,79,6,73
107900078,439,70,369
107900079,27,45,-18
107900080,274,509,-235
107900081,22,180,-158
107900082,48,21,27
107900083,540,169,371
107900084,167,168,-1
107900086,39,176,-137
107900087,962,128,834
107900088,23,26,-3
107900089,475,1756,-1281
107900090,1050,3334,-2284
107900091,404,752,-348
107900092,3042,728,2314
107900093,141,96,45
107900095,4768,2539,2229
107900097,217,136,81
107900098,67,194,-127
107900100,1434,1558,-124
107900101,1729,305,1424
107900102,22,12,10
107900103,64,260,-196
107900104,215,9,206
107900105,1,1042,-1041
107900106,8,2161,-2153
107900107,2343,574,1769
107900108,621,200,421
107900109,1097,19,1078
107900110,35,159,-124
107900111,5,1698,-1693
107900112,142,521,-379
107900113,214,262,-48
107900114,158,281,-123
107900115,9,102,-93
107900116,130,342,-212
107900117,503,772,-269
107900118,87,242,-155
107900119,144,362,-218
107900120,27,28,-1
107900121,5,229,-224
107900122,5,118,-113
107900123,3,40,-37
107900124,65,47,18
107900125,43,312,-269
107900126,6,54,-48
107900127,722,307,415
107900128,176,116,60
107900129,58,79,-21
107900130,71,57,14
107900131,913,227,686
107900132,149,687,-538
107900133,3,134,-131
107900134,48,50,-2
107900135,5,271,-266
107900136,68,71,-3
107900137,141,192,-51
107900138,71,49,22
107900139,40,86,-46
107900140,120,117,3
107900141,56,106,-50
107900142,107,1858,-1751
107900143,60,64,-4
107900144,4,242,-238
107900145,28,196,-168
107900146,66,255,-189
107900147,97,31,66
107900148,290,304,-14
107900149,2762,343,2419
107900150,93,1591,-1498
107900151,34,171,-137
107900152,21,480,-459
107900153,256,436,-180
107900154,35,30,5
107900155,66,71,-5
107900156,4,463,-459
107900157,101,96,5
107900158,893,32,861
107900159,53,1863,-1810
107900160,81,251,-170
107900161,41,372,-331
107900162,2,324,-322
107900163,148,37,111
107900164,11,48,-37
107900165,43,132,-89
107900166,51,420,-369
107900167,46,31,15
107900168,26,57,-31
107900169,6,250,-244
107900171,18,2924,-2906
107900172,1,512,-511
107900173,16,306,-290
107900174,88,4,84
107900175,20,34,-14
107900176,31,62,-31
107900177,1,421,-420
107900178,1,358,-357
107900179,37,202,-165
107900180,1506,560,946
107900181,454,513,-59
107900182,8,2342,-2334
107900183,77,476,-399
107900184,124,333,-209
107900185,109,3,106
107900186,13,61,-48
107900187,7,195,-188
107900188,1238,216,1022
107900189,29,173,-144
107900190,113,142,-29
107900191,98,228,-130
107900193,17,40,-23
107900194,300,10,290
107900195,6867,838,6029
107900196,74,99,-25
107900197,1735,345,1390
107900199,6,1371,-1365
107900201,110,196,-86
107900203,37,107,-70
107900204,287,443,-156
107900205,319,685,-366
107900206,916,286,630
107900207,3,804,-801
107900208,5,1070,-1065
107900209,602,233,369
107900210,120,218,-98
107900213,1227,993,234
107900214,12,230,-218
107900215,212,478,-266
107900216,201,159,42
107900217,70,129,-59
107900218,22,2578,-2556
107900219,28,179,-151
107900220,355,313,42
107900221,313,278,35
107900223,113,895,-782
107900224,247,502,-255
107900225,9,1274,-1265
107900226,121,203,-82
107900227,270,773,-503
107900228,34,155,-121
107900229,5,517,-512
107900230,13,224,-211
107900231,22,387,-365
107900232,46,305,-259
107900233,3,206,-203
107900234,135,216,-81
107900235,43,160,-117
107900236,77,102,-25
107900237,112,794,-682
107900238,41,221,-180
107900239,1721,661,1060
107900240,31,216,-185
107900241,16,168,-152
107900242,19,470,-451
107900243,3,91,-88
107900244,360,7,353
107900245,671,76,595
107900246,296,5,291
107900248,347,856,-509
107900249,760,27,733
107900250,3,922,-919
107900251,59,2131,-2072
107900252,1300,43,1257
107900253,177,11,166
107900254,114,595,-481
107900255,470,112,358
107900256,2678,1291,1387
107900257,285,156,129
107900258,91,575,-484
107900259,115,2096,-1981
107900261,29,1202,-1173
107900262,62,236,-174
107900264,412,13,399
107900265,299,356,-57
107900267,227,28,199
107900268,96,11,85
107900269,0,11,-11
107900270,0,1,-1
107900271,3,14,-11
107900272,191,20,171
107900273,34,157,-123
107900274,61,1,60
107900275,27,0,27
107900276,0,117,-117
107900277,0,403,-403
107900278,337,542,-205
107900279,249,200,49
107900280,2950,3352,-402
107900281,5674,2789,2885
107900282,139,500,-361
107900283,2500,759,1741
107900284,584,1152,-568
107900285,114,179,-65
107900286,181,184,-3
107900287,170,309,-139
107900290,1,133,-132
107900291,566,24,542
107900292,126,413,-287
107900293,106,872,-766
107900295,39,156,-117
107900297,2,496,-494
107900298,1251,1332,-81
107900299,5924,3216,2708
107900300,63,403,-340
107900301,1006,726,280
107900302,160,45,115
107900303,180,518,-338
107900304,316,913,-597
107900305,331,19,312
107900306,49,23,26
107900307,59,360,-301
107900308,275,141,134
107900309,260,6,254
107900310,306,1,305
107900311,15,115,-100
107900312,221,3,218
107900313,5,125,-120
107900314,1,78,-77
107900315,2,80,-78
107900316,91,2,89
107900317,164,13,151
107900318,12,282,-270
107900319,7,468,-461
107900320,4,306,-302
107900321,171,6,165
107900322,2,266,-264
107900323,9,297,-288
107900324,268,3,265
107900325,116,1,115
107900326,360,579,-219
107900327,2,57,-55
107900328,141,1,140
107900329,290,70,220
107900330,15,947,-932
107900331,243,49,194
107900332,245,47,198
107900333,72,17,55
107900334,23,407,-384
107900335,81,138,-57
107900336,45,64,-19
107900337,2376,1141,1235
107900338,11,219,-208
107900339,1,57,-56
107900340,0,88,-88
107900341,74,2,72
107900342,123,196,-73
107900343,138,7,131
107900344,12,170,-158
107900345,169,38,131
107900346,29,3,26
107900347,37,5,32
107900348,43,3,40
107900349,33,6,27
107900350,52,444,-392
108000001,3529,5717,-2188
108000002,3459,5114,-1655
108000003,5972,3864,2108
108000004,24287,26649,-2362
108000005,10103,6385,3718
108000006,12036,11803,233
108000007,6786,6160,626
108000008,8266,10377,-2111
108000009,4956,6077,-1121
108000010,5713,8484,-2771
108000011,14427,16506,-2079
108000012,27174,27454,-280
108000014,1186,875,311
108000015,700,454,246
108000016,318,864,-546
108000017,1208,594,614
108000018,2065,907,1158
108000019,3854,1162,2692
108000020,1980,717,1263
108000021,670,2682,-2012
108000022,808,2330,-1522
108000023,1786,328,1458
108000024,284,1034,-750
108000025,334,445,-111
108000026,611,876,-265
108000027,719,758,-39
108000028,491,347,144
108000029,551,813,-262
108000030,979,348,631
108000031,392,949,-557
108000032,1591,836,755
108000033,903,2027,-1124
108000034,2112,660,1452
108000035,1449,3798,-2349
108000036,489,2047,-1558
108000037,1902,589,1313
108000038,2943,717,2226
108000039,760,4019,-3259
108000040,2271,1348,923
108000041,1076,4484,-3408
108000042,320,281,39
108000043,313,426,-113
108000044,401,260,141
108000045,361,880,-519
108000046,1510,525,985
108000047,612,1771,-1159
108000048,281,583,-302
108000049,677,405,272
108000050,115,708,-593
108000051,250,177,73
108000052,396,1253,-857
108000053,383,210,173
108000054,726,1850,-1124
108000055,1546,637,909
108000056,1550,1788,-238
108000057,882,1360,-478
108000058,2982,4803,-1821
108000059,4981,3015,1966
108000060,306,608,-302
108000061,234,458,-224
108000062,799,761,38
108000063,605,1012,-407
108000064,263,385,-122
108000065,820,1144,-324
108000066,3249,1245,2004
108000067,2504,940,1564
108000068,895,565,330
108000069,343,1625,-1282
108000070,2146,1030,1116
108000071,1028,2562,-1534
108000072,1826,1665,161
108000073,2060,3053,-993
108000074,516,593,-77
108000075,467,1260,-793
108000076,958,799,159
108000077,962,1137,-175
108000078,2215,2172,43
108000079,1259,2856,-1597
108000080,1300,903,397
108000081,721,3628,-2907
108000082,1570,3077,-1507
108000083,2421,1372,1049
108000084,556,2066,-1510
108000085,684,555,129
108000086,1133,1309,-176
108000087,182,2341,-2159
108000088,304,15,289
108000089,750,602,148
108000090,688,214,474
108000091,255,969,-714
108000092,155,124,31
108000093,256,1489,-1233
108000094,740,193,547
108000095,251,841,-590
108000096,377,277,100
108000097,265,1017,-752
108000098,1842,2502,-660
108000099,471,165,306
108000100,50,358,-308
108000101,1645,1972,-327
108000102,2063,3669,-1606
108000106,1088,3,1085
108000107,1,1199,-1198
108000108,845,70,775
108000109,10,1280,-1270
108000110,196,523,-327
108000111,294,1454,-1160
108000112,107,230,-123
108000113,987,486,501
108000115,551,660,-109
108000117,1976,906,1070
108000118,295,337,-42
108000119,1047,685,362
108000120,142,1203,-1061
108000121,219,897,-678
108000122,587,611,-24
108000123,738,448,290
108000124,325,880,-555
108000125,383,477,-94
108000126,191,881,-690
108000127,489,493,-4
108000128,711,1033,-322
108000129,378,1795,-1417
108000130,417,480,-63
108000131,1131,618,513
108000132,2709,2472,237
108000133,954,788,166
108000134,743,867,-124
108000135,1372,560,812
108000136,1410,1481,-71
108000137,413,821,-408
108000138,382,1606,-1224
108000139,388,588,-200
108000140,74,50,24
108000141,52,265,-213
108000142,93,212,-119
108000143,37,64,-27
108000144,35,29,6
108000145,60,42,18
108000146,62,36,26
108000147,88,93,-5
108000148,61,24,37
108000149,36,57,-21
108000150,32,6,26
108000151,81,31,50
108000152,132,921,-789
108000153,404,186,218
108000154,99,28,71
108000155,21,52,-31
108000156,482,194,288
108000157,241,1134,-893
108000158,207,847,-640
108000159,932,263,669
108000160,7430,1444,5986
108000161,7169,3016,4153
108000165,3,235,-232
108000172,3,341,-338
108000173,4161,2826,1335
108000175,224,143,81
108000178,723,533,190
108000179,401,983,-582
108000181,84,45,39
108000182,222,35,187
108000183,116,57,59
108000184,1953,2718,-765
108000185,305,905,-600
108000186,141,93,48
108000187,102,1019,-917
108000188,550,360,190
108000189,1083,1838,-755
108000190,46,202,-156
108000192,271,968,-697
108000193,1493,80,1413
108000194,30,21,9
108000195,2,2265,-2263
108000196,318,236,82
108000198,851,502,349
108000199,1,214,-213
108000200,354,1015,-661
108000202,2,344,-342
108000203,93,1191,-1098
108000204,129,54,75
108000205,431,778,-347
108000339,2279,577,1702
108000364,191,477,-286
108000365,76,582,-506
108000367,329,675,-346
108000368,9,68,-59
108000369,1532,179,1353
108000371,2,848,-846
108000372,590,2,588
108000373,273,271,2
108000376,74,19,55
108000377,432,441,-9
108000378,13257,14602,-1345
108000379,66,286,-220
108000381,60,12,48
108000382,75,2,73
108000383,0,118,-118
108900001,168,1686,-1518
108900002,375,123,252
108900003,541,1507,-966
108900004,195,380,-185
108900005,66,399,-333
108900006,1091,292,799
108900007,287,325,-38
108900008,93,196,-103
108900009,109,172,-63
108900010,182,266,-84
108900011,445,501,-56
108900012,333,645,-312
108900013,102,416,-314
108900014,7,141,-134
108900015,0,20,-20
108900016,0,347,-347
108900017,280,302,-22
108900018,96,810,-714
108900019,88,1876,-1788
108900020,56,361,-305
108900021,169,455,-286
108900022,151,10,141
108900023,3,40,-37
108900024,31,169,-138
108900025,80,232,-152
108900026,20,138,-118
108900027,0,117,-117
108900028,76,652,-576
108900029,76,392,-316
108900030,0,94,-94
108900031,92,707,-615
108900032,11,400,-389
108900033,1,182,-181
108900034,7,313,-306
108900035,425,2158,-1733
108900036,258,530,-272
108900037,121,672,-551
108900038,1,574,-573
108900039,4,725,-721
108900040,11,195,-184
108900041,8470,4079,4391
108900042,21,502,-481
108900043,106,773,-667
108900044,2,926,-924
108900045,60,918,-858
108900046,84,1665,-1581
108900047,0,107,-107
108900048,156,1620,-1464
108900049,8629,1607,7022
108900050,1,365,-364
108900051,2,402,-400
108900052,35,402,-367
108900053,150,267,-117
108900054,96,422,-326
108900055,118,798,-680
108900056,4,264,-260
108900057,2,323,-321
108900058,41,696,-655
108900059,410,41,369
108900060,181,204,-23
108900061,79,55,24
108900062,8,388,-380
108900063,20,607,-587
108900064,158,109,49
108900065,17,463,-446
108900066,259,233,26
108900067,56,295,-239
108900068,1,183,-182
108900069,65,169,-104
108900070,49,210,-161
108900071,114,90,24
108900072,3899,867,3032
108900073,8,134,-126
108900074,154,756,-602
108900075,74,85,-11
108900076,289,97,192
108900077,169,191,-22
108900078,24,311,-287
108900079,1258,491,767
108900080,32,1119,-1087
108900081,61,471,-410
108900082,46,133,-87
108900083,23,398,-375
108900084,594,256,338
108900085,3323,262,3061
108900086,148,408,-260
108900087,140,375,-235
108900088,1309,485,824
108900089,40,184,-144
108900090,45,510,-465
108900091,164,201,-37
108900092,528,469,59
108900093,162,108,54
108900094,298,135,163
108900095,103,871,-768
108900096,546,49,497
108900097,526,364,162
108900098,5071,906,4165
108900099,365,427,-62
108900100,85,261,-176
108900101,208,190,18
108900102,221,1155,-934
108900103,87,81,6
108900104,212,684,-472
108900105,11,1360,-1349
108900106,396,584,-188
108900108,564,77,487
108900109,84,34,50
108900110,296,763,-467
108900111,524,1013,-489
108900112,246,35,211
108900113,48,78,-30
108900114,2,11,-9
108900115,96,142,-46
108900116,82,20,62
108900117,310,20,290
108900118,576,22,554
108900119,174,57,117
108900120,152,242,-90
108900121,599,104,495
108900122,146,40,106
108900123,174,157,17
108900124,384,250,134
108900125,411,9,402
108900126,133,32,101
108900127,201,55,146
108900128,106,34,72
108900129,768,195,573
108900130,306,3,303
108900131,467,5,462
108900132,473,116,357
108900133,216,80,136
108900134,290,407,-117
108900135,118,11,107
108900136,52,2,50
108900137,173,0,173
108900138,651,39,612
108900139,689,196,493
108900140,230,368,-138
108900141,415,20,395
108900142,86,5,81
108900143,53,0,53
108900144,99,0,99
108900145,127,18,109
108900146,152,3,149
108900147,167,0,167
108900148,82,51,31
108900149,713,542,171
108900150,320,9,311
108900151,178,3,175
108900152,115,92,23
108900153,134,651,-517
108900154,6582,1026,5556
108900155,397,133,264
108900156,73,14,59
108900157,30,867,-837
108900158,415,64,351
108900159,3,518,-515
108900160,13,338,-325
108900161,8,802,-794
108900162,76,1,75
108900163,5,312,-307
108900164,51,91,-40
108900165,230,143,87
108900167,3502,6476,-2974
108900168,13366,3302,10064
108900169,30,222,-192
108900171,15777,3799,11978
108900172,264,75,189
108900173,239,628,-389
108900174,743,883,-140
108900176,212,703,-491
108900177,12572,7178,5394
108900178,8666,3956,4710
108900179,1119,2048,-929
108900180,225,328,-103
108900182,34,488,-454
108900183,316,365,-49
108900184,629,332,297
108900185,118,556,-438
108900186,78,563,-485
108900187,310,84,226
108900188,486,111,375
108900189,536,214,322
108900190,65,5687,-5622
108900191,329,35,294
108900192,129,343,-214
108900193,630,77,553
108900194,80,566,-486
108900195,129,524,-395
108900196,51,966,-915
108900198,2,1026,-1024
108900199,294,535,-241
108900200,728,502,226
108900201,573,2146,-1573
108900203,651,79,572
108900204,556,25,531
108900205,275,42,233
108900206,610,64,546
108900207,181,76,105
108900208,20,646,-626
108900209,324,1115,-791
108900210,168,375,-207
108900211,240,637,-397
108900212,1100,1672,-572
108900215,119,984,-865
108900216,608,229,379
108900217,123,0,123
108900218,169,14,155
108900219,101,9,92
108900220,59,23,36
108900221,56,220,-164
108900222,261,16,245
108900223,13,145,-132
108900224,42,183,-141
108900225,2,272,-270
108900226,293,11,282
108900227,178,298,-120
108900230,658,594,64
108900231,59,443,-384
108900232,4,639,-635
108900233,732,92,640
108900234,371,150,221
108900235,337,1013,-676
108900236,71,591,-520
108900237,81,349,-268
108900240,157,154,3
108900241,53,51,2
108900245,14,1708,-1694
108900249,155,29,126
108900250,691,657,34
108900257,282,1025,-743
108900258,10,383,-373
108900259,110,131,-21
108900260,16,115,-99
108900261,225,239,-14
108900262,359,217,142
108900263,57,343,-286
108900264,543,365,178
108900265,1971,490,1481
108900266,1909,575,1334
108900267,3,94,-91
108900268,7,2,5
108900269,81,12,69
108900270,70,4,66
108900271,45,15,30
108900272,266,12,254
108900273,1396,863,533
108900274,59,96,-37
109000001,6420,1735,4685
109000002,3658,2567,1091
109000003,3435,857,2578
109000004,906,4195,-3289
109000005,3836,1270,2566
109000006,1230,3359,-2129
109000007,2136,1150,986
109000008,680,2913,-2233
109000009,4870,2268,2602
109000010,1866,6408,-4542
109000011,4233,2954,1279
109000012,2842,6425,-3583
109000013,4218,4306,-88
109000014,2557,6126,-3569
109000015,4552,9021,-4469
109000016,16267,7139,9128
109000017,2912,2253,659
109000018,1755,5954,-4199
109000019,4243,1948,2295
109000020,1631,3251,-1620
109000023,423,53,370
109000024,12,295,-283
109000025,656,620,36
109000026,1479,455,1024
109000027,132,374,-242
109000028,156,173,-17
109000029,209,256,-47
109000030,107,894,-787
109000031,303,186,117
109000032,223,855,-632
109000033,612,214,398
109000034,58,40,18
109000035,8,106,-98
109000036,129,652,-523
109000037,287,1511,-1224
109000038,898,673,225
109000039,1318,782,536
109000040,9708,8603,1105
109000041,8171,2003,6168
109000042,1853,1826,27
109000044,794,105,689
109000045,183,639,-456
109000046,378,125,253
109000047,154,629,-475
109000048,1502,248,1254
109000049,695,781,-86
109000050,503,352,151
109000051,570,410,160
109000052,697,2365,-1668
109000053,241,143,98
109000054,488,1329,-841
109000055,383,544,-161
109000056,388,1063,-675
109000057,770,514,256
109000058,1518,454,1064
109000059,1190,1473,-283
109000060,755,321,434
109000061,2507,1308,1199
109000062,206,367,-161
109000063,399,413,-14
109000064,221,267,-46
109000065,213,506,-293
109000066,437,280,157
109000067,66,529,-463
109000068,1770,11,1759
109000069,1167,61,1106
109000070,9,1553,-1544
109000071,586,104,482
109000072,196,549,-353
109000073,84,172,-88
109000074,75,360,-285
109000075,112,480,-368
109000076,97,236,-139
109000077,549,391,158
109000078,44,184,-140
109000079,132,281,-149
109000080,94,186,-92
109000081,169,943,-774
109000082,541,359,182
109000083,339,1291,-952
109000088,220,860,-640
109000089,282,57,225
109000090,284,679,-395
109000091,318,244,74
109000092,512,969,-457
109000093,201,234,-33
109000094,387,4,383
109000095,124,854,-730
109000096,747,357,390
109000097,107,193,-86
109000098,125,152,-27
109000099,855,681,174
109000100,306,947,-641
109000101,1804,1661,143
109000102,450,1480,-1030
109000103,482,1164,-682
109000104,1865,1175,690
109000105,704,2260,-1556
109000106,2584,1277,1307
109000107,795,3608,-2813
109000108,2302,1112,1190
109000109,675,3403,-2728
109000110,2232,885,1347
109000111,1753,3941,-2188
109000112,625,268,357
109000113,491,320,171
109000114,284,435,-151
109000115,2005,75,1930
109000116,4,336,-332
109000117,165,141,24
109000118,14,430,-416
109000119,1183,626,557
109000120,196,1769,-1573
109000121,381,89,292
109000122,130,1607,-1477
109000123,38,113,-75
109000124,658,785,-127
109000125,1154,533,621
109000126,509,1635,-1126
109000127,874,340,534
109000128,680,3351,-2671
109000129,2457,1076,1381
109000130,769,4233,-3464
109000131,978,547,431
109000132,845,3166,-2321
109000133,531,1630,-1099
109000134,1151,2375,-1224
109000135,2208,2150,58
109000136,484,652,-168
109000137,458,616,-158
109000138,713,678,35
109000139,594,699,-105
109000140,250,818,-568
109000141,545,745,-200
109000142,112,909,-797
109000143,127,97,30
109000145,86,293,-207
109000146,76,192,-116
109000148,7107,2566,4541
109000149,62,88,-26
109000150,195,320,-125
109000155,860,964,-104
109000156,2367,1188,1179
109000158,257,480,-223
109000159,279,1175,-896
109000160,1280,401,879
109000161,421,2331,-1910
109000162,2756,1209,1547
109000163,1338,3230,-1892
109000164,1529,4255,-2726
109000165,1331,996,335
109000166,749,249,500
109000167,157,1501,-1344
109000170,39,116,-77
109000171,76,74,2
109000172,51,121,-70
109000173,16,93,-77
109000174,85,81,4
109000175,96,202,-106
109000176,336,351,-15
109000177,41,209,-168
109000178,419,166,253
109000179,12599,5972,6627
109000180,9864,5359,4505
109000181,12,83,-71
109000182,70,92,-22
109000183,60,57,3
109000184,38,37,1
109000185,30,121,-91
109000188,956,4407,-3451
109000189,3988,1608,2380
109000190,775,813,-38
109000191,363,868,-505
109000192,406,412,-6
109000193,210,761,-551
109000194,285,205,80
109000195,110,687,-577
109000196,359,244,115
109000197,203,721,-518
109000198,342,93,249
109000199,204,964,-760
109000206,311,47,264
109000207,155,56,99
109000208,106,134,-28
109000209,159,231,-72
109000210,202,814,-612
109000211,160,332,-172
109000214,416,918,-502
109000215,331,138,193
109000216,413,279,134
109000217,285,152,133
109000218,472,310,162
109000221,595,1762,-1167
109000222,1200,263,937
109000223,395,394,1
109000224,54,330,-276
109000225,71,101,-30
109000226,52,455,-403
109000227,1137,2205,-1068
109000228,4,585,-581
109000231,5,614,-609
109000232,252,604,-352
109000236,430,1134,-704
109000241,2903,2999,-96
109000242,1992,2492,-500
109000293,30,92,-62
109000361,158,437,-279
109000364,352,1106,-754
109000396,8,1012,-1004
109000397,587,12,575
109000399,184,1012,-828
109000400,87,389,-302
109000403,189,844,-655
109000406,692,11,681
109000407,368,312,56
109000408,1,1293,-1292
109000410,1325,377,948
109000411,92,22,70
109900001,121,7,114
109900002,1056,142,914
109900003,226,0,226
109900004,1229,401,828
109900005,24,3,21
109900006,501,410,91
109900007,763,1289,-526
109900008,0,52,-52
109900009,191,1223,-1032
109900010,571,22,549
109900011,150,76,74
109900012,427,315,112
109900013,564,225,339
109900014,454,91,363
109900015,730,233,497
109900016,128,63,65
109900017,170,272,-102
109900018,349,156,193
109900019,240,93,147
109900020,47,26,21
109900021,24,20,4
109900022,74,491,-417
109900023,30,5,25
109900024,15,0,15
109900025,9,126,-117
109900026,12,318,-306
109900027,40,31,9
109900028,3883,914,2969
109900029,13,792,-779
109900030,65,10,55
109900031,1,209,-208
109900032,8,472,-464
109900033,8,1066,-1058
109900034,20,2,18
109900035,15,46,-31
109900036,18,117,-99
109900037,34,951,-917
109900038,73,524,-451
109900039,6,1,5
109900040,37,1064,-1027
109900041,102,671,-569
109900042,121,745,-624
109900044,160,424,-264
109900045,136,77,59
109900046,13,116,-103
109900047,575,602,-27
109900048,23,132,-109
109900049,6,52,-46
109900050,1,371,-370
109900051,1,55,-54
109900052,205,542,-337
109900053,8,685,-677
109900054,683,376,307
109900055,62,467,-405
109900056,37,253,-216
109900057,22,366,-344
109900058,0,234,-234
109900059,657,199,458
109900060,483,251,232
109900061,165,448,-283
109900062,1,440,-439
109900063,15,566,-551
109900064,614,460,154
109900065,188,194,-6
109900066,464,1578,-1114
109900067,1,569,-568
109900068,93,7,86
109900069,2,64,-62
109900070,94,504,-410
109900071,1,50,-49
109900072,29,262,-233
109900073,380,1184,-804
109900074,15,61,-46
109900075,31,46,-15
109900076,32,385,-353
109900077,29,110,-81
109900078,154,464,-310
109900080,225,606,-381
109900081,94,181,-87
109900082,72,757,-685
109900083,35,126,-91
109900084,135,245,-110
109900085,317,1614,-1297
109900086,173,575,-402
109900087,413,656,-243
109900089,840,221,619
109900090,675,2205,-1530
109900091,320,120,200
109900092,2707,33,2674
109900093,883,200,683
109900094,104,180,-76
109900095,179,421,-242
109900096,51,3,48
109900097,84,1,83
109900098,388,63,325
109900099,161,2,159
109900100,55,0,55
109900101,489,12,477
109900102,495,26,469
109900103,27,67,-40
109900104,468,1432,-964
109900105,642,31,611
109900106,733,115,618
109900107,864,152,712
109900108,134,1129,-995
109900109,43,362,-319
109900110,126,871,-745
109900111,418,2217,-1799
109900112,527,1378,-851
109900113,967,556,411
109900114,1214,764,450
109900115,156,156,0
109900117,979,207,772
109900118,326,773,-447
109900119,988,538,450
109900120,68,13,55
109900121,848,503,345
109900122,478,8,470
109900123,14,313,-299
109900124,63,1029,-966
109900125,1,335,-334
109900126,233,294,-61
109900128,291,96,195
109900130,18995,2670,16325
109900131,93,268,-175
109900132,41,280,-239
109900133,71,584,-513
109900134,76,167,-91
109900135,511,96,415
109900136,97,277,-180
109900137,95,624,-529
109900138,428,790,-362
109900140,244,601,-357
109900141,402,396,6
109900142,1235,514,721
109900145,8,419,-411
109900146,679,57,622
109900148,45,185,-140
109900149,60,102,-42
109900150,4,91,-87
109900151,4,62,-58
109900152,0,18,-18
109900153,1,28,-27
109900154,36,0,36
109900155,55,29,26
109900157,112,394,-282
109900158,112,204,-92
109900159,229,53,176
109900160,173,81,92
109900161,362,107,255
109900162,259,162,97
109900163,1224,573,651
109900164,89,378,-289
109900165,308,14,294
109900166,3,241,-238
109900167,277,810,-533
109900168,244,881,-637
109900169,215,301,-86
109900170,502,1130,-628
109900171,226,129,97
109900172,191,302,-111
109900173,6716,2954,3762
109900174,78,251,-173
109900175,81,130,-49
109900176,148,360,-212
109900177,49,474,-425
109900178,20,194,-174
109900179,79,36,43
109900180,7,10,-3
110000001,1291,954,337
110000002,955,1023,-68
110000003,1729,1065,664
110000004,867,913,-46
110000005,945,2718,-1773
110000006,971,579,392
110000007,196,356,-160
110000008,23,79,-56
110000009,49,84,-35
110000010,69,106,-37
110000011,63,235,-172
110000012,1027,786,241
110000013,74,788,-714
110000014,918,647,271
110000015,456,815,-359
110000016,422,2081,-1659
110000017,5118,377,4741
110000018,5940,865,5075
110000019,10,213,-203
110000020,832,341,491
110000021,2072,678,1394
110000022,1814,374,1440
110000023,10,265,-255
110000024,1007,662,345
110000025,214,2,212
110000026,7,876,-869
110000027,1244,779,465
110000028,1178,1181,-3
110000029,680,1410,-730
110000030,288,620,-332
110000031,342,1025,-683
110000032,872,664,208
110000033,432,170,262
110000034,863,1175,-312
110000035,1465,1220,245
110000036,1521,1181,340
110000037,288,1013,-725
110000038,289,1116,-827
110000039,1011,4195,-3184
110000040,540,756,-216
110000041,358,1778,-1420
110000042,109,498,-389
110000043,802,452,350
110000044,385,237,148
110000045,2054,164,1890
110000046,5,27,-22
110000047,107,43,64
110000048,15,28,-13
110000049,98,8,90
110000050,13,27,-14
110000051,55,10,45
110000052,53,38,15
110000053,431,8,423
110000054,319,428,-109
110000055,887,71,816
110000056,427,89,338
110000057,399,1206,-807
110000058,1570,983,587
110000059,1399,705,694
110000060,947,1523,-576
110000061,1542,1165,377
110000062,989,1192,-203
110000063,45,136,-91
110000064,86,264,-178
110000065,100,153,-53
110000066,127,83,44
110000067,173,710,-537
110000068,396,883,-487
110000069,204,195,9
110000071,85,216,-131
110000073,2,39,-37
110000075,11,151,-140
110000076,404,665,-261
110000077,650,2809,-2159
110000078,38,109,-71
110000080,377,1030,-653
110000081,34,621,-587
110000082,37,786,-749
110000083,351,972,-621
110000084,1228,1127,101
110000085,3329,2350,979
110000086,1794,2644,-850
110000087,11,161,-150
110000088,81,374,-293
110000089,342,271,71
110000090,184,641,-457
110000091,3048,566,2482
110000092,36,131,-95
110000093,87,16,71
110000094,704,319,385
110000095,231,1005,-774
110000096,5234,2587,2647
110000097,1424,1702,-278
110000098,2704,1125,1579
110000099,1295,2548,-1253
110000100,827,1220,-393
110000101,31,638,-607
110000102,34,47,-13
110000104,393,164,229
110000105,124,360,-236
110000106,797,403,394
110000107,612,598,14
110000108,295,78,217
110000109,354,453,-99
110000110,5941,6075,-134
110000111,11330,3715,7615
110000112,1884,1152,732
110000113,893,2858,-1965
110000114,107,826,-719
110000115,302,521,-219
110000116,79,81,-2
110000117,183,868,-685
110000118,464,402,62
110000119,225,678,-453
110000120,456,286,170
110000121,202,600,-398
110000122,484,1014,-530
110000123,572,941,-369
110000124,6,1365,-1359
110000125,1370,9,1361
110000126,305,40,265
110000127,1362,128,1234
110000128,65,2439,-2374
110000129,3,820,-817
110000130,276,292,-16
110000131,84,482,-398
110000132,4,1010,-1006
110000133,84,623,-539
110000134,33,590,-557
110000135,196,59,137
110000136,85,511,-426
110000137,754,1225,-471
110000138,965,1246,-281
110000139,1007,2394,-1387
110000140,1621,867,754
110000143,1044,667,377
110000144,7049,2393,4656
110000145,1921,1615,306
110000146,2945,1884,1061
110000147,504,1351,-847
110000148,543,529,14
110000151,2125,868,1257
110000152,1559,521,1038
110000153,95,103,-8
110000154,105,31,74
110000155,3379,5064,-1685
110000156,1277,3114,-1837
110000157,2347,3004,-657
110000160,401,582,-181
110000161,150,678,-528
110000166,577,241,336
110000167,1067,833,234
110000168,1223,523,700
110000169,955,441,514
110000170,156,138,18
110000171,692,179,513
110000172,229,1404,-1175
110000173,1727,1998,-271
110000174,317,2213,-1896
110000175,727,136,591
110000176,152,425,-273
110000177,243,1074,-831
110000178,713,1565,-852
110000179,2129,542,1587
110000180,167,440,-273
110000181,465,611,-146
110000182,445,376,69
110000183,21834,10137,11697
110000184,1953,3835,-1882
110000185,2984,1103,1881
110000186,1257,1291,-34
110000191,707,513,194
110000192,506,12,494
110000193,1016,5,1011
110000194,16,1988,-1972
110000195,443,589,-146
110000196,334,731,-397
110000197,118,320,-202
110000198,196,166,30
110000199,118,183,-65
110000200,2083,793,1290
110000201,1260,1187,73
110000202,1880,580,1300
110000203,1053,1274,-221
110000204,8,469,-461
110000205,153,72,81
110000206,976,2365,-1389
110000207,821,504,317
110000208,401,200,201
110000209,198,1483,-1285
110000210,980,1114,-134
110000211,1805,1607,198
110000212,717,1716,-999
110000213,188,120,68
110000214,213,140,73
110000215,193,885,-692
110000216,106,1085,-979
110000217,299,271,28
110000218,171,801,-630
110000219,310,129,181
110000220,76,598,-522
110000221,327,107,220
110000222,54,394,-340
110000223,4,212,-208
110000224,110,21,89
110000225,273,1040,-767
110000226,266,96,170
110000227,1490,1204,286
110000228,703,543,160
110000229,0,399,-399
110000230,1245,872,373
110000231,220,304,-84
110000232,357,246,111
110000233,350,519,-169
110000234,1474,934,540
110000235,1574,1548,26
110000236,814,1403,-589
110000237,4099,1940,2159
110000238,1369,1962,-593
110000239,2555,1966,589
110000240,0,108,-108
110000242,0,15,-15
110000243,122,203,-81
110000244,206,832,-626
110000245,45,768,-723
110000246,945,1075,-130
110000247,2152,9274,-7122
110000248,3740,2808,932
110000249,75,32,43
110000250,102,381,-279
110000251,326,1060,-734
110000252,316,377,-61
110000253,1374,995,379
110000254,875,2467,-1592
110000255,317,1874,-1557
110000256,667,362,305
110000257,1139,656,483
110000258,14,908,-894
110000259,106,39,67
110000260,36,696,-660
110000263,981,221,760
110000264,417,1072,-655
110000265,1602,2955,-1353
110000266,2927,3880,-953
110000267,38,479,-441
110000268,441,940,-499
110000269,6,205,-199
110000270,72,7,65
110000271,3901,535,3366
110000272,1578,1847,-269
110000273,5082,2072,3010
110000274,366,2067,-1701
110000275,4994,778,4216
110000276,361,552,-191
110000277,403,721,-318
110000278,488,1354,-866
110000279,993,981,12
110000280,486,602,-116
110000281,58,311,-253
110000282,408,81,327
110000283,94,148,-54
110000284,66,73,-7
110000285,6,509,-503
110000286,25,0,25
110000287,134,1,133
110000288,9,165,-156
110000289,766,2544,-1778
110000290,1750,971,779
110000291,10574,2084,8490
110000292,1769,6444,-4675
110000293,681,1279,-598
110000294,1037,1547,-510
110000295,177,1656,-1479
110000296,475,542,-67
110000297,3770,558,3212
110000298,247,949,-702
110000299,656,136,520
110000301,657,43,614
110000302,338,1955,-1617
110000303,799,15,784
110000304,138,464,-326
110000305,1700,45,1655
110000306,243,2688,-2445
110000307,1874,15,1859
110000308,1014,10,1004
110000309,21,1902,-1881
110000310,755,102,653
110000311,30,1333,-1303
110000312,635,148,487
110000313,4972,5376,-404
110000314,5,482,-477
110000315,5911,3831,2080
110000316,1073,2045,-972
110000317,1342,716,626
110000318,8,144,-136
110000319,11,32,-21
110000320,86,73,13
110000321,20,56,-36
110000322,364,886,-522
110000323,487,321,166
110000324,6296,1774,4522
110000325,4080,3980,100
110000327,933,505,428
110000328,344,774,-430
110000333,1448,970,478
110000334,1122,2123,-1001
110000335,1206,931,275
110000336,1659,1764,-105
110000337,2486,949,1537
110000338,536,322,214
110000339,324,362,-38
110000340,90,329,-239
110000341,623,686,-63
110000342,805,10,795
110000343,0,27,-27
110000344,651,263,388
110000345,809,192,617
110000346,3871,2489,1382
110000347,1451,1179,272
110000348,51,49,2
110000349,8,42,-34
110000350,62,9,53
110000351,1064,1293,-229
110000352,716,2927,-2211
110000353,5419,1205,4214
110000354,1977,5532,-3555
110000355,142,215,-73
110000356,1064,10,1054
110000357,719,20,699
110000361,24,134,-110
110000362,61,229,-168
110000363,450,140,310
110000364,302,525,-223
110000365,237,3,234
110000366,0,144,-144
110000367,564,519,45
110000368,71,240,-169
110000369,71,0,71
110000373,3,401,-398
110000374,397,14,383
110000375,235,1572,-1337
110000376,44,128,-84
110000377,88,800,-712
110000378,31,559,-528
110000379,5083,2204,2879
110000380,78,26,52
110000383,2,1385,-1383
110000384,3433,1106,2327
110000385,2,353,-351
110000387,98,12,86
110000388,54,370,-316
110000389,1152,7,1145
110000391,596,527,69
110000396,190,207,-17
110000397,132,318,-186
110000398,7,62,-55
110000399,281,0,281
110000587,115,119,-4
110000589,186,265,-79
110000640,276,138,138
110000652,41,199,-158
110000653,277,482,-205
110000654,62,72,-10
110000656,3,991,-988
110000674,41,43,-2
110000675,55,31,24
110000676,29,103,-74
110000679,534,1282,-748
110000682,151,240,-89
110000683,783,870,-87
110000684,14,135,-121
110000685,12,35,-23
110000686,7,132,-125
110000687,30,2,28
110000688,85,996,-911
110000689,29,101,-72
110000692,369,437,-68
110000693,516,393,123
110000694,1,282,-281
110000695,450,1107,-657
110000696,214,326,-112
110900001,403,22,381
110900002,658,791,-133
110900003,733,1364,-631
110900004,374,332,42
110900005,7029,2613,4416
110900006,27,10,17
110900007,195,32,163
110900008,16,51,-35
110900009,502,95,407
110900010,18,148,-130
110900011,16,188,-172
110900012,14,234,-220
110900013,1217,231,986
110900014,212,16,196
110900015,1546,746,800
110900016,50,283,-233
110900017,384,67,317
110900018,574,82,492
110900019,112,41,71
110900020,113,675,-562
110900021,89,991,-902
110900022,152,563,-411
110900023,187,1156,-969
110900024,33,766,-733
110900025,54,121,-67
110900027,39,431,-392
110900028,41,292,-251
110900029,35,765,-730
110900030,35,679,-644
110900031,8,272,-264
110900032,0,119,-119
110900033,60,464,-404
110900035,42,767,-725
110900036,137,40,97
110900037,83,50,33
110900038,2520,315,2205
110900039,15,365,-350
110900040,287,71,216
110900041,25,242,-217
110900042,187,93,94
110900043,8,277,-269
110900044,414,37,377
110900045,62,1024,-962
110900046,135,462,-327
110900047,1407,281,1126
110900049,147,115,32
110900050,24,5,19
110900051,47,322,-275
110900052,7,335,-328
110900053,82,75,7
110900054,30,415,-385
110900055,24,5,19
110900056,41,225,-184
110900057,5,326,-321
110900058,281,475,-194
110900059,909,1253,-344
110900060,555,237,318
110900061,44,79,-35
110900062,146,421,-275
110900063,65,373,-308
110900064,10,0,10
110900065,350,165,185
110900066,18,198,-180
110900067,827,1200,-373
110900068,285,416,-131
110900069,11,61,-50
110900070,206,88,118
110900071,406,736,-330
110900073,1,33,-32
110900074,349,134,215
110900075,479,189,290
110900077,833,754,79
110900078,38,170,-132
110900079,2866,1290,1576
110900080,143,110,33
110900081,7,115,-108
110900082,114,408,-294
110900083,143,64,79
110900084,45,186,-141
110900085,75,701,-626
110900086,108,316,-208
110900087,365,128,237
110900088,14,0,14
110900090,76,50,26
110900091,0,68,-68
110900093,770,144,626
110900095,84,86,-2
110900097,43,41,2
110900098,56,184,-128
110900099,71,1008,-937
110900100,0,33,-33
110900102,69,26,43
110900105,1780,748,1032
110900108,7,204,-197
110900111,614,373,241
110900112,1042,3,1039
110900113,803,89,714
110900115,17,149,-132
110900116,594,3984,-3390
110900118,134,3005,-2871
110900119,8228,610,7618
110900120,27,164,-137
110900121,102,0,102
110900122,404,230,174
110900125,377,465,-88
110900127,1059,1571,-512
110900128,246,265,-19
110900129,517,739,-222
110900130,1569,599,970
110900131,331,108,223
110900132,323,110,213
110900133,130,379,-249
110900135,200,805,-605
110900136,358,22,336
110900137,133,3,130
110900138,2558,750,1808
110900139,152,149,3
110900140,139,15,124
110900141,16,256,-240
110900142,102,349,-247
110900143,183,180,3
110900144,3,1132,-1129
110900145,178,46,132
110900146,938,175,763
110900147,284,519,-235
110900148,18,513,-495
110900149,7,103,-96
110900150,97,21,76
110900151,5,167,-162
110900152,29,597,-568
110900153,161,48,113
111000001,588,386,202
111000002,843,917,-74
111000003,2044,1652,392
111000004,1049,1592,-543
111000005,2620,2297,323
111000006,1603,2552,-949
111000007,8945,6497,2448
111000008,5586,5281,305
111000009,506,1434,-928
111000010,1127,427,700
111000011,519,1150,-631
111000012,723,555,168
111000013,495,1435,-940
111000014,1369,810,559
111000017,213,1035,-822
111000018,306,530,-224
111000020,3405,3980,-575
111000021,173,196,-23
111000023,107,221,-114
111000025,11074,4734,6340
111000029,72,132,-60
111000030,36,134,-98
111000031,2987,1575,1412
111000032,876,367,509
111000033,457,319,138
111000034,758,277,481
111000037,4503,2008,2495
111000038,5468,4487,981
111000039,2840,4206,-1366
111000040,2275,4445,-2170
111000041,2065,3198,-1133
111000042,9260,3909,5351
111000043,3526,4047,-521
111000044,1794,1468,326
111000045,2831,3049,-218
111000046,2564,1989,575
111000047,3392,4913,-1521
111000049,688,996,-308
111000050,2677,2336,341
111000051,678,1767,-1089
111000052,853,2643,-1790
111000053,572,1784,-1212
111000054,485,1793,-1308
111000055,1538,3277,-1739
111000056,226,855,-629
111000057,84,1179,-1095
111000058,296,203,93
111000059,662,471,191
111000060,4833,1437,3396
111000061,696,461,235
111000062,917,414,503
111000063,2414,1422,992
111000064,619,982,-363
111000065,1287,1314,-27
111000066,561,561,0
111000067,814,1048,-234
111000068,578,1466,-888
111000069,2437,3485,-1048
111000070,3512,1765,1747
111000071,373,1213,-840
111000072,861,543,318
111000073,281,1134,-853
111000074,2065,2434,-369
111000075,1198,1504,-306
111000076,611,1467,-856
111000077,1752,2135,-383
111000078,3265,1818,1447
111000079,1864,1447,417
111000080,656,1254,-598
111000081,3441,7843,-4402
111000082,759,1115,-356
111000084,1032,926,106
111000085,1565,2392,-827
111000086,6022,2081,3941
111000087,976,1314,-338
111000088,12929,3299,9630
111000089,1346,1410,-64
111000090,1939,1986,-47
111000091,1014,1033,-19
111000092,1505,1598,-93
111000093,828,1327,-499
111000094,2666,1377,1289
111000095,844,3008,-2164
111000096,3390,9710,-6320
111000097,8528,1680,6848
111000098,937,2009,-1072
111000099,768,3538,-2770
111000100,462,3100,-2638
111000101,645,1510,-865
111000102,234,1482,-1248
111000104,683,365,318
111000107,103,1345,-1242
111000109,739,396,343
111000110,2015,1098,917
111000111,2276,846,1430
111000112,2212,673,1539
111000113,972,1586,-614
111000114,1962,3667,-1705
111000115,11112,1795,9317
111000116,1197,1553,-356
111000117,688,1377,-689
111000118,2084,1651,433
111000119,1168,2477,-1309
111000120,469,927,-458
111000121,343,1112,-769
111000122,1048,1624,-576
111000123,1397,4851,-3454
111000124,705,4943,-4238
111000125,284,2849,-2565
111000126,111,1551,-1440
111000127,877,306,571
111000128,1780,598,1182
111000129,3645,861,2784
111000130,2223,969,1254
111000131,1592,901,691
111000132,1439,923,516
111000133,157,173,-16
111000134,166,147,19
111000135,48,247,-199
111000136,484,532,-48
111000138,6,24,-18
111000140,2,10,-8
111000141,369,572,-203
111000142,18,145,-127
111000143,1,96,-95
111000144,31,182,-151
111000145,1291,13,1278
111000146,67,14,53
111000147,265,70,195
111000148,409,150,259
111000149,2,53,-51
111000150,16,14,2
111000151,9,23,-14
111000153,797,917,-120
111000154,1112,340,772
111000155,156,303,-147
111000156,630,808,-178
111000157,209,1315,-1106
111000158,1311,1035,276
111000159,4698,1062,3636
111000160,366,536,-170
111000161,13,392,-379
111000162,40,327,-287
111000163,683,1673,-990
111000164,1410,6559,-5149
111000165,1914,744,1170
111000166,2589,749,1840
111000167,214,805,-591
111000168,341,763,-422
111000169,352,854,-502
111000170,764,770,-6
111000171,738,1255,-517
111000172,128,727,-599
111000173,388,1893,-1505
111000174,222,1264,-1042
111000175,57,583,-526
111000176,488,203,285
111000177,327,361,-34
111000178,1255,443,812
111000179,169,318,-149
111000180,271,554,-283
111000181,1109,447,662
111000182,226,300,-74
111000183,621,585,36
111000184,446,435,11
111000185,482,668,-186
111000186,556,374,182
111000187,141,368,-227
111000188,222,669,-447
111000189,2133,802,1331
111000190,232,654,-422
111000191,204,658,-454
111000192,374,811,-437
111000193,601,542,59
111000194,63,537,-474
111000195,136,698,-562
111000196,45,424,-379
111000197,364,200,164
111000198,437,131,306
111000199,195,231,-36
111000200,334,479,-145
111000201,518,342,176
111000202,252,281,-29
111000203,287,309,-22
111000204,419,749,-330
111000213,260,512,-252
111000214,2015,2665,-650
111000215,1174,2177,-1003
111000217,1596,1450,146
111000218,1356,1509,-153
111000219,743,359,384
111000220,4411,1600,2811
111000221,1681,252,1429
111000224,4,754,-750
111000225,412,99,313
111000226,313,3,310
111000227,93,10,83
111000228,43,378,-335
111000229,73,792,-719
111000230,505,870,-365
111000231,1123,1906,-783
111000232,524,1159,-635
111000233,746,1149,-403
111000234,158,477,-319
111000239,180,396,-216
111000240,53,296,-243
111000241,75,705,-630
111000242,165,116,49
111000243,134,1171,-1037
111000244,509,165,344
111000245,1348,980,368
111000246,414,946,-532
111000247,208,1283,-1075
111000248,717,811,-94
111000249,542,1066,-524
111000250,77,263,-186
111000251,84,264,-180
111000253,37,20,17
111000255,22,19,3
111000257,36,11,25
111000260,129,1777,-1648
111000261,1197,151,1046
111000271,54,399,-345
111000273,11332,2613,8719
111000274,1723,3448,-1725
111000275,154,133,21
111000276,376,3313,-2937
111000277,277,595,-318
111000278,780,428,352
111000291,756,7673,-6917
111000298,736,441,295
111000299,1034,237,797
111000300,131,880,-749
111000302,330,160,170
111000303,93,410,-317
111000312,46,84,-38
111000315,1,77,-76
111000320,551,1202,-651
111000321,444,139,305
111000322,330,783,-453
111000323,191,28,163
111000324,453,418,35
111000325,49,138,-89
111000326,190,499,-309
111000327,464,887,-423
111000328,302,767,-465
111000329,1,20,-19
111000330,45,26,19
111000331,24,14,10
111000332,502,2213,-1711
111000334,491,2646,-2155
111000335,712,313,399
111000337,1066,620,446
111000338,65,158,-93
111000339,498,737,-239
111000340,150,1317,-1167
111000341,1071,718,353
111000342,172,409,-237
111000344,1226,1156,70
111000345,358,72,286
111000346,35,172,-137
111000347,149,11,138
111000350,295,195,100
111000351,131,328,-197
111000352,189,234,-45
111000353,176,383,-207
111000354,694,304,390
111000355,474,1258,-784
111000358,184,2760,-2576
111000360,220,1491,-1271
111000361,178,657,-479
111000546,773,1057,-284
111000547,476,1259,-783
111000548,145,361,-216
111000549,388,785,-397
111000550,88,853,-765
111000551,1017,352,665
111000552,1689,135,1554
111000907,633,23,610
111000908,21,0,21
111000916,1601,452,1149
111000917,51,673,-622
111000918,193,1775,-1582
111000920,435,17,418
111000921,3,413,-410
111000922,348,522,-174
111000924,53,1852,-1799
111000925,2095,3023,-928
111000926,1099,3334,-2235
111000927,3353,6948,-3595
111000928,7727,6317,1410
111000929,1474,1452,22
111000930,1109,4014,-2905
111000931,2529,3059,-530
111000932,6147,4055,2092
111000933,4804,2767,2037
111000934,3570,5391,-1821
111000935,1760,1378,382
111000936,1485,3639,-2154
111000937,996,1928,-932
111000938,2740,3402,-662
111000939,485,49,436
111000940,379,247,132
111000941,485,1022,-537
111000943,438,409,29
111000944,142,672,-530
111000945,129,3320,-3191
111001109,766,418,348
111001110,283,863,-580
111001111,43,10,33
111001112,309,57,252
111001113,0,238,-238
111001114,2211,165,2046
111001115,29,483,-454
111001116,8247,4751,3496
111001117,990,2255,-1265
111001120,99,555,-456
111001121,245,510,-265
111001122,83,711,-628
111001123,104,181,-77
111900001,3,160,-157
111900002,22,1205,-1183
111900003,5,713,-708
111900004,46,304,-258
111900006,11,31,-20
111900007,84,11,73
111900008,128,3,125
111900009,154,349,-195
111900010,430,901,-471
111900012,226,230,-4
111900013,6,97,-91
111900014,10988,3694,7294
111900015,2,126,-124
111900016,3,186,-183
111900017,0,175,-175
111900018,229,4,225
111900019,4,160,-156
111900020,3,70,-67
111900021,32,152,-120
111900022,12,85,-73
111900023,143,71,72
111900024,5,85,-80
111900025,0,63,-63
111900026,1,122,-121
111900027,6,200,-194
111900028,7,704,-697
111900029,1,163,-162
111900030,104,692,-588
111900031,71,161,-90
111900032,3,596,-593
111900033,14,146,-132
111900034,402,869,-467
111900035,56,316,-260
111900036,4,521,-517
111900038,458,978,-520
111900039,93,693,-600
111900040,5,827,-822
111900042,52,230,-178
111900043,6,643,-637
111900044,427,552,-125
111900046,56,392,-336
111900048,176,1481,-1305
111900049,50,462,-412
111900050,126,39,87
111900051,4,399,-395
111900052,502,809,-307
111900053,2261,1299,962
111900054,163,2,161
111900055,49,963,-914
111900056,433,294,139
111900057,76,33,43
111900058,392,1226,-834
111900059,4770,623,4147
111900060,404,1,403
111900061,31,483,-452
111900062,41,66,-25
111900063,211,309,-98
111900064,154,435,-281
111900065,106,40,66
111900066,204,247,-43
111900067,57,558,-501
111900068,63,59,4
111900069,80,47,33
111900070,130,242,-112
111900071,1,446,-445
111900072,47,29,18
111900073,784,128,656
111900074,33,329,-296
111900075,74,4,70
111900076,166,69,97
111900077,34,2,32
111900078,231,14,217
111900079,32,26,6
111900080,320,275,45
111900081,1248,261,987
111900082,177,25,152
111900083,126,18,108
111900084,60,0,60
111900085,102,133,-31
111900086,66,6,60
111900087,34,2,32
111900088,392,3,389
111900089,56,4,52
111900090,128,63,65
111900091,164,4,160
111900092,92,0,92
111900093,316,4,312
111900094,131,3,128
111900095,159,45,114
111900096,106,5,101
111900097,46,1,45
111900098,199,1,198
111900099,69,0,69
111900100,147,11,136
111900101,98,21,77
111900102,739,1058,-319
111900103,116,78,38
111900104,216,109,107
111900105,638,485,153
111900106,2856,137,2719
111900107,123,210,-87
111900108,275,186,89
111900109,949,395,554
111900110,3939,506,3433
111900111,109,203,-94
111900112,1298,2605,-1307
111900113,339,71,268
111900114,151,168,-17
111900115,21,52,-31
111900118,352,91,261
111900119,375,141,234
111900122,81,37,44
111900123,25,32,-7
111900124,34,84,-50
111900125,589,23,566
111900126,324,6,318
111900127,2,1160,-1158
111900128,8,960,-952
111900129,249,7,242
111900130,385,19,366
111900131,325,0,325
111900132,59,2276,-2217
111900133,8,763,-755
111900134,40,453,-413
111900135,11,52,-41
111900136,84,177,-93
111900137,65,64,1
111900138,11,109,-98
111900139,21,111,-90
111900140,78,32,46
111900141,93,13,80
111900142,99,28,71
111900143,37,299,-262
111900144,1,165,-164
111900145,7,817,-810
111900146,4,434,-430
111900147,238,745,-507
111900148,24,1174,-1150
111900149,3,553,-550
111900150,30,279,-249
111900151,2,35,-33
111900152,124,127,-3
111900153,2448,489,1959
111900154,9,262,-253
111900155,65,84,-19
111900156,35,63,-28
111900157,61,12,49
111900158,574,44,530
111900159,251,17,234
111900160,286,3,283
111900161,141,21,120
111900162,126,247,-121
111900163,62,518,-456
111900164,116,82,34
111901113,385,288,97
111901114,256,582,-326
111901115,84,7,77
111901116,51,2,49
111901117,17,45,-28
111901118,245,267,-22
111901119,1742,192,1550
111901120,163,404,-241
111901121,274,545,-271
111901122,8,853,-845
111901123,171,634,-463
111901124,134,2,132
111901125,261,287,-26
111901126,131,75,56
111901127,1364,489,875
111901128,28,173,-145
111901129,21,277,-256
111901130,10,395,-385
111901131,2,356,-354
111901132,172,17,155
111901133,97,5,92
111901134,108,16,92
111901135,20,28,-8
111901136,48,56,-8
111901137,0,32,-32
111901138,181,85,96
111901139,31,90,-59
111901140,5,289,-284
111901141,11,564,-553
111901142,5,267,-262
111901143,5,163,-158
111901144,40,44,-4
112000001,2572,1672,900
112000002,1123,4312,-3189
112000003,1605,1861,-256
112000004,1130,2717,-1587
112000005,3510,4103,-593
112000006,2979,3883,-904
112000007,3015,2320,695
112000008,3335,5815,-2480
112000009,6343,6729,-386
112000010,4072,5204,-1132
112000011,3595,4309,-714
112000012,9862,4850,5012
112000013,8972,6192,2780
112000014,4668,1557,3111
112000015,5015,5703,-688
112000016,11905,1904,10001
112000017,5489,4231,1258
112000024,3364,1384,1980
112000026,6911,8654,-1743
112000027,1433,830,603
112000028,3082,2784,298
112000029,554,1323,-769
112000030,286,201,85
112000031,3094,6606,-3512
112000032,606,121,485
112000033,3709,2406,1303
112000034,437,117,320
112000035,185,578,-393
112000036,1598,1764,-166
112000037,3231,1273,1958
112000038,2167,2059,108
112000039,74,137,-63
112000040,212,361,-149
112000041,920,740,180
112000042,2384,556,1828
112000050,1449,2888,-1439
112000051,1465,1894,-429
112000054,3882,4999,-1117
112000057,796,658,138
112000058,590,1061,-471
112000059,1143,1329,-186
112000061,6283,3669,2614
112000062,2669,1778,891
112000063,2555,2621,-66
112000064,6423,8928,-2505
112000065,3176,4096,-920
112000066,4296,2138,2158
112000067,1158,1024,134
112000068,4183,2890,1293
112000069,1161,3343,-2182
112000070,3308,1347,1961
112000071,1370,4190,-2820
112000072,2642,1596,1046
112000073,3462,3103,359
112000074,3016,1675,1341
112000075,1921,1877,44
112000076,5412,4258,1154
112000077,618,1005,-387
112000078,2156,1325,831
112000079,1981,2155,-174
112000080,949,1413,-464
112000081,2056,3562,-1506
112000082,1866,1257,609
112000083,717,2348,-1631
112000084,1442,1237,205
112000085,1799,2087,-288
112000086,2518,2489,29
112000087,360,705,-345
112000088,576,1059,-483
112000089,562,501,61
112000090,513,541,-28
112000091,698,1825,-1127
112000092,1905,1595,310
112000093,2253,1653,600
112000094,667,1336,-669
112000095,785,1377,-592
112000096,502,1012,-510
112000097,1333,880,453
112000098,1600,2548,-948
112000099,1015,1493,-478
112000100,1727,1600,127
112000101,650,1558,-908
112000102,1074,996,78
112000103,439,1805,-1366
112000105,608,2715,-2107
112000106,1515,585,930
112000107,25,372,-347
112000108,343,2738,-2395
112000109,102,112,-10
112000110,2005,714,1291
112000111,2485,6854,-4369
112000112,8122,1162,6960
112000113,1544,2900,-1356
112000114,5907,1771,4136
112000115,512,959,-447
112000116,984,2155,-1171
112000117,1576,1511,65
112000118,1607,1328,279
112000119,804,1376,-572
112000120,109,628,-519
112000121,158,1045,-887
112000122,308,238,70
112000123,721,215,506
112000124,345,104,241
112000125,214,311,-97
112000126,232,1119,-887
112000127,4245,3037,1208
112000128,1861,1602,259
112000129,125,222,-97
112000130,177,92,85
112000131,46,690,-644
112000132,125,454,-329
112000133,478,607,-129
112000134,731,573,158
112000135,2045,1189,856
112000136,2077,1981,96
112000137,3741,3871,-130
112000138,4122,2256,1866
112000139,1260,572,688
112000140,1557,1601,-44
112000141,1121,445,676
112000142,288,1325,-1037
112000143,1288,396,892
112000144,402,2422,-2020
112000145,2353,1016,1337
112000146,945,3514,-2569
112000147,2534,2209,325
112000148,2247,3592,-1345
112000149,489,1250,-761
112000150,178,1221,-1043
112000151,374,1104,-730
112000152,331,786,-455
112000153,262,521,-259
112000154,146,368,-222
112000155,429,181,248
112000157,2101,1008,1093
112000158,354,1521,-1167
112000159,547,599,-52
112000167,615,83,532
112000169,1581,594,987
112000173,848,307,541
112000175,852,765,87
112000176,5711,4121,1590
112000177,862,202,660
112000178,113,969,-856
112000179,270,260,10
112000180,387,501,-114
112000181,1890,3086,-1196
112000182,1220,3117,-1897
112000183,85,104,-19
112000184,351,1103,-752
112000185,580,975,-395
112000187,8266,4993,3273
112000195,313,22,291
112000196,296,4,292
112000197,202,149,53
112000198,20,506,-486
112000199,209,1474,-1265
112000202,400,1,399
112000216,61,406,-345
112000230,110,11,99
112000231,3,425,-422
112000256,96,340,-244
112000313,227,298,-71
112000314,81,31,50
112000337,372,913,-541
112000352,494,517,-23
112000392,2884,2956,-72
112000398,1461,1269,192
112000399,13730,4091,9639
112000400,2858,6519,-3661
112000401,4247,4813,-566
112000402,3282,3449,-167
112000403,7220,4372,2848
112000404,773,1026,-253
112000405,2090,3837,-1747
112000406,5562,4999,563
112000407,7060,11658,-4598
112000408,12775,11431,1344
112000409,2424,8442,-6018
112000410,616,267,349
112000411,8650,2651,5999
112000412,2069,872,1197
112000413,16258,6019,10239
112000414,116,153,-37
112000415,141,85,56
112000416,2623,1981,642
112000417,304,124,180
112000421,50,266,-216
112000422,536,1157,-621
112000424,5336,4361,975
112000425,636,1663,-1027
112000426,197,519,-322
112000427,2,15,-13
112000428,200,731,-531
112000429,4480,5626,-1146
112000430,5803,5362,441
112000431,107,202,-95
112000432,861,2863,-2002
112000433,782,1861,-1079
112000437,80,348,-268
112900001,60,0,60
112900002,475,1809,-1334
112900003,56,513,-457
112900004,86,442,-356
112900005,180,310,-130
112900006,21,682,-661
112900007,48,322,-274
112900008,1,36,-35
112900009,584,138,446
112900010,322,1103,-781
112900011,413,520,-107
112900012,0,82,-82
112900013,5,382,-377
112900014,5,469,-464
112900015,561,1506,-945
112900016,1,410,-409
112900017,75,468,-393
112900018,0,418,-418
112900019,109,400,-291
112900020,719,2293,-1574
112900021,5,356,-351
112900022,26,150,-124
112900023,1,330,-329
112900024,74,391,-317
112900025,167,589,-422
112900026,10,403,-393
112900027,12,1898,-1886
112900028,29,234,-205
112900029,9,1073,-1064
112900030,290,310,-20
112900031,13,998,-985
112900032,215,556,-341
112900034,5,150,-145
112900035,14,788,-774
112900036,110,283,-173
112900037,360,241,119
112900038,799,302,497
112900039,14,463,-449
112900040,7,711,-704
112900041,2498,1896,602
112900042,97,731,-634
112900043,21,98,-77
112900044,1016,843,173
112900045,649,568,81
112900046,397,161,236
112900047,31,54,-23
112900049,158,146,12
112900050,133,1084,-951
112900051,507,1376,-869
112900052,12,1812,-1800
112900053,593,247,346
112900054,391,50,341
112900055,298,42,256
112900056,556,281,275
112900057,27,1197,-1170
112900058,387,346,41
112900059,184,253,-69
112900060,18,496,-478
112900061,138,272,-134
112900062,97,276,-179
112900063,178,8,170
112900064,282,325,-43
112900065,59,67,-8
112900066,284,174,110
112900067,867,307,560
112900068,42,41,1
112900069,4195,1040,3155
112900071,21,10,11
112900072,500,2324,-1824
112900073,977,122,855
112900074,118,263,-145
112900075,3627,1248,2379
112900076,133,28,105
112900078,377,611,-234
112900079,409,39,370
112900080,45,6,39
112900081,37,253,-216
112900082,520,39,481
112900083,142,83,59
112900084,281,143,138
112900085,0,28,-28
112900086,44,0,44
112900087,851,216,635
112900088,107,11,96
112900089,1034,24,1010
112900090,43,13,30
112900091,234,3,231
112900092,325,369,-44
112900093,2351,31,2320
112900094,174,7,167
112900095,42,0,42
112900096,394,195,199
112900097,135,803,-668
112900098,264,3,261
112900099,880,17,863
112900100,65,2,63
112900101,217,2,215
112900102,419,17,402
112900103,192,2,190
112900104,27,1,26
112900105,15,0,15
112900106,583,212,371
112900107,3,1,2
112900108,34,0,34
112900109,78,1,77
112900110,988,9,979
112900111,711,11,700
112900112,457,0,457
112900113,0,16,-16
112900114,106,79,27
112900115,956,3,953
112900116,88,65,23
112900117,163,148,15
112900118,57,138,-81
112900119,198,13,185
112900120,1083,463,620
112900121,485,342,143
112900122,26,235,-209
112900123,250,29,221
112900124,5,240,-235
112900125,142,797,-655
112900126,282,379,-97
112900127,406,113,293
112900128,675,1302,-627
112900129,7,1514,-1507
112900130,364,94,270
112900131,92,348,-256
112900132,135,663,-528
112900133,54,2001,-1947
112900134,2,430,-428
112900135,118,70,48
112900136,0,46,-46
112900137,7,1019,-1012
112900138,9,813,-804
112900139,414,2246,-1832
112900140,0,79,-79
112900141,1170,83,1087
112900142,97,216,-119
112900143,58,986,-928
112900144,2,500,-498
112900145,59,771,-712
112900146,12,2252,-2240
112900147,9,3545,-3536
112900148,82,0,82
112900149,282,689,-407
112900151,23,69,-46
112900152,6692,1585,5107
112900153,3036,2666,370
112900154,0,147,-147
112900155,401,15,386
112900156,469,2516,-2047
112900157,231,23,208
112900158,73,32,41
112900159,287,105,182
112900160,65,471,-406
112900161,122,35,87
112900162,50,39,11
112900163,215,36,179
112900164,42,179,-137
112900165,218,75,143
112900166,58,74,-16
112900167,0,89,-89
112900168,10,2,8
112900169,15,15,0
112900170,46,160,-114
112900172,99,12,87
112900173,401,241,160
112900174,434,74,360
112900175,257,276,-19
112900176,10,28,-18
112900177,248,56,192
112900178,1055,4065,-3010
112900179,49,800,-751
112900180,3611,2869,742
112900181,596,3,593
112900182,49,2024,-1975
112900183,235,462,-227
112900184,794,711,83
112900185,607,991,-384
112900186,2617,1756,861
112900187,157,780,-623
112900188,1320,1152,168
112900189,43,80,-37
112900190,189,90,99
112900192,939,1037,-98
112900193,1855,681,1174
112900194,139,222,-83
112900195,2265,68,2197
112900196,421,889,-468
112900197,297,678,-381
112900199,711,1026,-315
112900200,737,513,224
112900201,79,174,-95
112900202,452,1762,-1310
112900203,221,599,-378
112900204,1517,780,737
112900205,1,19,-18
112900206,13,121,-108
112900207,18,0,18
112900208,128,297,-169
112900209,634,673,-39
112900210,0,36,-36
112900211,145,125,20
112900212,2,121,-119
112900213,27,8,19
112900214,64,5,59
112900215,8,346,-338
112900216,69,139,-70
112900217,1,97,-96
112900218,54,30,24
112900219,68,17,51
112900220,3,0,3
112900221,12,266,-254
112900222,0,52,-52
112900223,1620,25,1595
112900224,264,1190,-926
112900225,496,938,-442
112900226,340,587,-247
112900227,472,1996,-1524
112900228,46,45,1
112900229,207,69,138
112900230,12977,6498,6479
112900232,338,318,20
112900233,85,332,-247
112900234,18,199,-181
112900235,128,47,81
112900236,204,39,165
112900237,151,587,-436
112900238,7,73,-66
113000001,8817,14888,-6071
113000002,6165,7059,-894
113000003,3396,6204,-2808
113000004,3626,5240,-1614
113000005,3245,2524,721
113000006,2601,3213,-612
113000007,3411,2842,569
113000008,3595,3590,5
113000009,1560,1887,-327
113000010,1780,3155,-1375
113000011,1350,2265,-915
113000012,2193,2132,61
113000013,2352,1313,1039
113000014,2286,1891,395
113000015,988,341,647
113000016,1037,926,111
113000017,165,395,-230
113000018,629,158,471
113000019,251,342,-91
113000020,265,54,211
113000021,5610,1210,4400
113000022,1126,2094,-968
113000025,142,503,-361
113000026,861,673,188
113000027,4202,733,3469
113000028,3876,775,3101
113000029,1429,946,483
113000030,736,1133,-397
113000031,351,562,-211
113000032,399,473,-74
113000033,526,637,-111
113000034,618,674,-56
113000035,61,102,-41
113000036,53,86,-33
113000037,163,58,105
113000038,39,95,-56
113000039,112,1429,-1317
113000040,57,151,-94
113000042,1627,1139,488
113000051,1303,4352,-3049
113000052,3850,2818,1032
113000053,646,1093,-447
113000054,527,1768,-1241
113000055,1805,1655,150
113000056,1287,2119,-832
113000058,1304,1235,69
113000059,1854,1157,697
113000060,292,861,-569
113000061,1158,1550,-392
113000062,2343,434,1909
113000063,135,587,-452
113000064,54,798,-744
113000065,222,1962,-1740
113000066,937,254,683
113000067,2175,2660,-485
113000068,522,3359,-2837
113000069,911,2419,-1508
113000070,2928,1860,1068
113000071,453,1155,-702
113000072,919,859,60
113000073,1149,2944,-1795
113000074,1427,926,501
113000075,3777,1279,2498
113000076,2435,3041,-606
113000077,2156,928,1228
113000078,1584,4630,-3046
113000079,1442,1608,-166
113000080,1286,1102,184
113000081,1548,1691,-143
113000082,2528,1373,1155
113000083,833,1489,-656
113000084,3116,2055,1061
113000085,1313,1277,36
113000086,1935,2465,-530
113000087,1418,1449,-31
113000088,5448,2508,2940
113000089,1539,2602,-1063
113000090,539,1093,-554
113000091,964,582,382
113000094,2488,378,2110
113000095,641,1612,-971
113000096,272,1452,-1180
113000097,2274,572,1702
113000098,205,54,151
113000099,2807,544,2263
113000100,208,819,-611
113000101,819,1065,-246
113000102,1155,614,541
113000103,5362,1063,4299
113000104,762,5978,-5216
113000105,1491,894,597
113000106,851,1249,-398
113000107,1483,1699,-216
113000108,1870,2545,-675
113000109,1276,11394,-10118
113000110,2992,892,2100
113000111,463,2321,-1858
113000112,352,493,-141
113000113,3220,496,2724
113000114,528,4381,-3853
113000116,1350,389,961
113000117,1728,168,1560
113000118,445,932,-487
113000119,379,645,-266
113000120,103,426,-323
113000121,1218,1792,-574
113000124,449,236,213
113000125,118,1042,-924
113000127,5560,826,4734
113000128,857,1041,-184
113000129,972,2459,-1487
113000133,6428,2943,3485
113000134,14,2172,-2158
113000135,4623,6456,-1833
113000137,3357,4576,-1219
113000139,722,239,483
113000140,224,523,-299
113000141,683,295,388
113000142,1195,2325,-1130
113000143,445,301,144
113000144,422,1342,-920
113000145,107,261,-154
113000146,182,188,-6
113000147,291,292,-1
113000148,182,233,-51
113000149,118,260,-142
113000150,884,787,97
113000151,222,185,37
113000152,45,291,-246
113000153,2679,937,1742
113000154,1020,2801,-1781
113000155,461,920,-459
113000156,203,663,-460
113000157,324,1543,-1219
113000158,876,388,488
113000159,1143,1112,31
113000160,735,1973,-1238
113000161,295,881,-586
113000162,895,763,132
113000163,192,75,117
113000164,27,142,-115
113000166,133,147,-14
113000167,27,252,-225
113000168,101,287,-186
113000169,179,149,30
113000170,127,169,-42
113000171,68,120,-52
113000172,309,127,182
113000173,69,41,28
113000174,92,823,-731
113000175,441,232,209
113000176,524,275,249
113000177,244,751,-507
113000178,265,600,-335
113000179,408,331,77
113000180,1429,2656,-1227
113000181,1449,1474,-25
113000182,421,1146,-725
113000183,313,935,-622
113000184,41,197,-156
113000189,794,1535,-741
113000190,1670,870,800
113000192,4182,2285,1897
113000193,12206,1510,10696
113000194,5230,1656,3574
113000195,7171,1028,6143
113000196,365,202,163
113000197,4982,2049,2933
113000198,73,520,-447
113000199,2532,860,1672
113000201,2395,383,2012
113000202,7777,9619,-1842
113000203,1002,380,622
113000204,4391,2700,1691
113000205,61,65,-4
113000206,31,64,-33
113000207,139,37,102
113000208,75,87,-12
113000209,124,44,80
113000210,7,50,-43
113000211,468,296,172
113000212,507,31,476
113000213,55,507,-452
113000214,320,674,-354
113000234,173,2002,-1829
113000410,408,429,-21
113000411,4704,8452,-3748
113000412,14804,3929,10875
113000413,6194,4492,1702
113000414,12585,23489,-10904
113000415,4179,6034,-1855
113000416,14185,8061,6124
113000417,4881,7157,-2276
113000418,6173,4467,1706
113000419,2496,3778,-1282
113000420,5888,8338,-2450
113000421,6117,10696,-4579
113000422,21740,18528,3212
113000423,4451,7599,-3148
113000424,6354,17576,-11222
113000425,55,224,-169
113000428,558,78,480
113000430,89,156,-67
113000432,3407,264,3143
113000433,139,1516,-1377
113000434,37,357,-320
113000435,30,1120,-1090
113000436,63,2023,-1960
113000437,946,24,922
113000438,358,19,339
113000439,17,191,-174
113000440,100,40,60
113000441,168,391,-223
113000442,154,373,-219
113000443,170,542,-372
113000444,176,326,-150
113000445,105,272,-167
113000446,19,150,-131
113000448,313,675,-362
113000449,639,1546,-907
113000450,1883,11406,-9523
113000451,2644,420,2224
113000452,716,1302,-586
113000453,68,465,-397
113000454,4654,53,4601
113000455,22,260,-238
113000456,6400,4014,2386
113000468,4956,479,4477
113000469,1358,548,810
113000470,1156,166,990
113000471,22,1074,-1052
113000472,224,533,-309
113000474,467,1224,-757
113000475,2307,3648,-1341
113000476,1440,3041,-1601
113000477,3510,3049,461
113000478,6100,10585,-4485
113000479,107,407,-300
113000480,480,158,322
113000481,0,0,0
113000483,0,0,0
113000485,11,0,11
113000486,11,0,11
113000487,0,7,-7
113000488,1,0,1
113000489,0,3,-3
113000490,0,23,-23
113000491,10,20,-10
113000492,2,3,-1
113000493,0,0,0
113000495,249,276,-27
113000496,83,146,-63
113000497,0,0,0
113000500,0,1,-1
113900001,5,545,-540
113900002,15,430,-415
113900003,2,361,-359
113900004,6,151,-145
113900005,3,141,-138
113900006,16,61,-45
113900007,664,43,621
113900008,944,4,940
113900009,1833,3,1830
113900010,1222,4,1218
113900011,96,3,93
113900012,31,10,21
113900013,2979,46,2933
113900014,952,0,952
113900015,1,65,-64
113900016,61,0,61
113900017,1,84,-83
113900018,750,249,501
113900019,130,102,28
113900020,142,3,139
113900022,34,0,34
113900023,30,1,29
113900024,45,141,-96
113900025,518,67,451
113900026,113,0,113
113900027,6,166,-160
113900028,68,750,-682
113900029,79,410,-331
113900030,247,4,243
113900031,24,0,24
113900032,32,0,32
113900033,61,167,-106
113900035,86,1,85
113900036,34,177,-143
113900037,124,798,-674
113900038,99,188,-89
113900039,238,18,220
113900040,5,10,-5
113900041,5,3,2
113900042,114,101,13
113900043,411,252,159
113900044,310,230,80
113900045,94,1,93
113900046,397,961,-564
113900047,54,223,-169
113900048,368,115,253
113900049,1207,580,627
113900050,316,662,-346
113900051,447,809,-362
113900052,252,194,58
113900053,914,951,-37
113900054,58,4,54
113900055,180,787,-607
113900056,129,237,-108
113900057,17,208,-191
113900058,122,385,-263
113900059,582,647,-65
113900060,173,404,-231
113900061,1780,350,1430
113900062,123,40,83
113900063,106,233,-127
113900064,27,256,-229
113900065,903,45,858
113900066,427,679,-252
113900067,132,509,-377
113900068,615,700,-85
113900069,100,66,34
113900070,324,572,-248
113900071,65,100,-35
113900072,114,321,-207
113900073,482,608,-126
113900074,118,597,-479
113900075,1537,1661,-124
113900076,258,17,241
113900077,113,295,-182
113900078,64,54,10
113900079,1,137,-136
113900080,709,371,338
113900081,73,371,-298
113900082,157,376,-219
113900083,299,907,-608
113900084,450,143,307
113900085,74,445,-371
113900086,31,31,0
113900087,78,324,-246
113900088,80,132,-52
113900089,590,107,483
113900090,939,614,325
113900091,46,89,-43
113900092,49,137,-88
113900093,189,1495,-1306
113900094,521,773,-252
113900095,269,146,123
113900096,355,85,270
113900097,17,169,-152
113900098,957,174,783
113900099,1,169,-168
113900100,2,1,1
113900101,26,113,-87
113900102,296,205,91
113900103,642,359,283
113900104,249,282,-33
113900105,84,441,-357
113900106,2,168,-166
113900107,1,36,-35
113900108,454,395,59
113900109,687,226,461
113900110,129,24,105
113900111,136,160,-24
113900112,195,154,41
113900113,1344,835,509
113900114,2,192,-190
113900115,2,178,-176
113900116,218,248,-30
113900117,216,36,180
113900118,493,510,-17
113900119,302,603,-301
113900120,155,60,95
113900121,71,148,-77
113900122,745,2600,-1855
113900123,845,301,544
113900124,1,99,-98
113900125,2669,292,2377
113900126,235,73,162
113900127,352,1003,-651
113900128,196,100,96
113900129,13,182,-169
113900130,9,27,-18
113900131,237,143,94
113900132,129,71,58
113900133,25,52,-27
113900135,451,813,-362
113900136,133,165,-32
113900137,593,420,173
113900138,102,288,-186
113900139,822,206,616
113900140,449,457,-8
113900141,622,957,-335
113900142,183,145,38
113900143,12,71,-59
113900144,527,498,29
113900145,579,365,214
113900146,158,111,47
113900148,246,451,-205
113900149,295,214,81
113900150,1269,1026,243
113900151,575,427,148
113900152,33,90,-57
113900153,489,815,-326
113900154,7,219,-212
113900155,292,232,60
113900156,348,966,-618
113900157,50,436,-386
113900158,836,715,121
113900159,30,354,-324
113900160,777,985,-208
113900161,83,347,-264
113900162,1131,1264,-133
113900163,549,348,201
113900164,368,59,309
113900165,1345,794,551
113900166,336,227,109
113900167,301,69,232
113900168,235,165,70
113900169,509,666,-157
113900171,213,108,105
113900172,14,290,-276
113900173,85,1251,-1166
113900174,816,1036,-220
113900175,482,214,268
113900176,419,1171,-752
113900177,806,384,422
113900178,583,196,387
113900179,23,1122,-1099
113900180,284,135,149
113900181,1451,191,1260
113900182,994,1532,-538
113900183,161,115,46
113900184,39,969,-930
113900185,341,152,189
113900186,69,80,-11
113900187,41,225,-184
113900188,63,268,-205
113900189,464,166,298
113900190,537,174,363
113900191,205,447,-242
113900192,12,820,-808
113900193,33,332,-299
113900194,3746,1966,1780
113900195,454,720,-266
113900196,11,205,-194
113900197,5,424,-419
113900198,54,224,-170
113900199,291,1139,-848
113900200,25,398,-373
113900201,0,332,-332
113900202,41,590,-549
113900203,3,218,-215
113900204,55,961,-906
113900205,10,271,-261
113900206,6,191,-185
113900207,0,86,-86
113900208,4,86,-82
113900209,2,139,-137
113900210,976,1194,-218
113900211,258,102,156
113900212,251,978,-727
113900214,719,651,68
113900215,87,276,-189
113900216,113,1711,-1598
113900217,57,394,-337
113900218,210,66,144
113900219,218,798,-580
113900220,322,170,152
113900221,695,266,429
113900222,396,909,-513
113900223,156,1450,-1294
113900224,162,114,48
113900225,1171,409,762
113900226,486,309,177
113900227,619,376,243
113900228,521,671,-150
113900229,83,1368,-1285
113900230,7780,4905,2875
113900231,357,415,-58
113900232,152,145,7
113900233,121,141,-20
113900234,575,703,-128
113900235,131,25,106
113900236,155,682,-527
113900237,189,11,178
113900238,523,780,-257
113900239,281,123,158
113900240,13,205,-192
113900241,225,139,86
113900242,80,302,-222
113900243,185,745,-560
113900244,785,312,473
113900245,1917,437,1480
113900246,26,34,-8
113900247,261,496,-235
113900248,5489,2993,2496
113900249,2016,658,1358
113900250,123,255,-132
113900251,772,297,475
113900252,546,16,530
113900253,1067,80,987
113900254,1149,236,913
113900255,508,47,461
113900256,459,69,390
113900257,32,1093,-1061
113900258,31,1039,-1008
113900259,564,469,95
113900260,184,16,168
113900261,66,132,-66
113900262,192,1106,-914
113900263,320,945,-625
113900264,11,827,-816
113900265,290,464,-174
113900266,25,340,-315
113900267,254,748,-494
113900268,425,577,-152
113900269,109,292,-183
113900270,643,669,-26
113900271,858,2118,-1260
113900273,239,15,224
113900274,76,18,58
113900275,56,89,-33
113900276,6,403,-397
113900277,173,3,170
113900278,402,297,105
113900279,131,206,-75
113900280,1988,720,1268
113900281,750,1856,-1106
113900282,1274,773,501
113900283,619,729,-110
113900284,1210,321,889
113900285,160,17,143
113900286,171,195,-24
113900287,84,380,-296
113900288,6,151,-145
113900289,2096,205,1891
113900290,720,268,452
113900291,159,315,-156
113900292,12,28,-16
113900293,12,542,-530
113900294,588,21,567
113900295,661,525,136
113900296,4011,612,3399
113900297,2496,58,2438
113900298,19,2500,-2481
113900299,60,284,-224
113900300,9584,5412,4172
113900301,1518,513,1005
113900302,3731,1326,2405
113900303,1058,514,544
113900304,2,214,-212
113900305,98,0,98
113900306,36,0,36
113900307,157,0,157
113900308,152,188,-36
113900309,4,1460,-1456
113900310,1,17,-16
113900311,13,2,11
113900312,253,239,14
113900313,6,20,-14
114000001,1638,6875,-5237
114000002,276,775,-499
114000003,48,568,-520
114000004,418,608,-190
114000005,250,505,-255
114000006,4053,3996,57
114000007,1118,2564,-1446
114000008,2424,2319,105
114000009,877,351,526
114000011,3754,6101,-2347
114000012,3413,4933,-1520
114000013,2209,3703,-1494
114000014,530,656,-126
114000015,1888,911,977
114000016,244,527,-283
114000017,219,405,-186
114000018,983,139,844
114000026,1939,2796,-857
114000027,3571,3726,-155
114000028,3875,4211,-336
114000038,249,246,3
114000039,160,157,3
114000040,88,346,-258
114000042,216,350,-134
114000043,80,363,-283
114000044,133,86,47
114000045,88,132,-44
114000046,4636,8305,-3669
114000047,53,157,-104
114000048,250,75,175
114000049,2314,2178,136
114000050,2533,3177,-644
114000051,4120,2977,1143
114000052,4994,2148,2846
114000053,133,918,-785
114000054,205,2226,-2021
114000055,396,53,343
114000056,1606,1017,589
114000057,17274,4301,12973
114000058,925,1808,-883
114000059,427,356,71
114000060,1418,1227,191
114000061,6659,3068,3591
114000062,4022,1809,2213
114000063,4235,2839,1396
114000064,10006,5378,4628
114000065,3109,4589,-1480
114000066,505,1024,-519
114000067,65,927,-862
114000068,559,934,-375
114000069,1898,1024,874
114000070,3502,2654,848
114000071,1097,1009,88
114000072,473,743,-270
114000073,10,194,-184
114000074,44,31,13
114000075,51,282,-231
114000076,24,272,-248
114000077,13,114,-101
114000078,326,1542,-1216
114000079,142,42,100
114000080,104,167,-63
114000081,67,91,-24
114000082,56,820,-764
114000083,121,403,-282
114000084,304,131,173
114000085,116,1170,-1054
114000086,294,817,-523
114000087,119,375,-256
114000088,83,132,-49
114000089,3020,806,2214
114000090,1154,1215,-61
114000091,3044,1273,1771
114000092,1476,890,586
114000093,1477,1304,173
114000094,655,711,-56
114000095,388,170,218
114000096,227,629,-402
114000097,175,1168,-993
114000098,563,118,445
114000099,613,1383,-770
114000100,1435,1461,-26
114000101,498,1484,-986
114000102,418,554,-136
114000103,170,653,-483
114000104,66,640,-574
114000105,184,130,54
114000106,2287,1188,1099
114000107,311,189,122
114000108,4265,2040,2225
114000109,496,1313,-817
114000110,865,2873,-2008
114000111,1869,1127,742
114000112,592,3001,-2409
114000113,1366,719,647
114000114,1690,2403,-713
114000115,2596,1140,1456
114000116,803,1095,-292
114000117,3494,753,2741
114000118,2758,753,2005
114000119,2222,649,1573
114000120,1105,1553,-448
114000121,628,1157,-529
114000122,625,427,198
114000123,2127,564,1563
114000124,1721,500,1221
114000125,1041,2678,-1637
114000126,2570,400,2170
114000127,267,312,-45
114000128,1390,881,509
114000130,628,976,-348
114000131,347,190,157
114000132,786,1103,-317
114000133,1433,2652,-1219
114000134,72,295,-223
114000138,109,363,-254
114000139,693,326,367
114000144,1037,720,317
114000145,135,329,-194
114000146,183,485,-302
114000147,1667,2339,-672
114000148,3535,2710,825
114000149,509,371,138
114000150,1209,1000,209
114000151,1647,1697,-50
114000152,259,39,220
114000153,1347,2874,-1527
114000154,1456,1108,348
114000155,2294,3564,-1270
114000156,2028,899,1129
114000157,426,1683,-1257
114000158,2834,1137,1697
114000159,261,544,-283
114000160,169,341,-172
114000161,2899,3415,-516
114000162,1521,2875,-1354
114000163,10,191,-181
114000165,775,258,517
114000166,1302,526,776
114000167,7958,2073,5885
114000168,1257,1132,125
114000169,3453,1615,1838
114000170,1762,1147,615
114000171,1477,2897,-1420
114000174,391,779,-388
114000176,1399,620,779
114000177,4030,1302,2728
114000178,73,96,-23
114000179,2015,1257,758
114000180,880,1143,-263
114000181,2506,4621,-2115
114000182,12980,3916,9064
114000183,1470,1225,245
114000184,1214,2325,-1111
114000185,1596,1456,140
114000189,932,175,757
114000190,2663,480,2183
114000191,58,106,-48
114000192,466,3114,-2648
114000193,1224,5345,-4121
114000194,2015,1821,194
114000195,180,41,139
114000196,6,531,-525
114000197,1560,8,1552
114000198,1888,660,1228
114000199,3433,1869,1564
114000200,938,3635,-2697
114000201,534,1584,-1050
114000202,1638,1183,455
114000203,771,1279,-508
114000204,189,853,-664
114000205,353,2668,-2315
114000206,805,2249,-1444
114000207,975,3506,-2531
114000208,776,5723,-4947
114000209,965,4927,-3962
114000210,468,2561,-2093
114000211,1365,2871,-1506
114000212,1411,1086,325
114000213,1841,1053,788
114000214,100,273,-173
114000215,296,149,147
114000216,2126,796,1330
114000217,284,616,-332
114000218,166,482,-316
114000219,1415,473,942
114000220,30,1885,-1855
114000221,990,284,706
114000222,286,2001,-1715
114000223,661,177,484
114000224,164,1344,-1180
114000225,294,951,-657
114000226,127,342,-215
114000227,1187,698,489
114000228,1130,1485,-355
114000229,1507,2074,-567
114000230,2417,2236,181
114000231,1289,2269,-980
114000232,747,205,542
114000233,2597,247,2350
114000234,1636,1469,167
114000235,1582,2366,-784
114000236,1,826,-825
114000237,157,1707,-1550
114000238,212,488,-276
114000239,288,2250,-1962
114000240,990,1091,-101
114000241,344,1565,-1221
114000242,1392,1480,-88
114000243,2878,1390,1488
114000244,1371,583,788
114000245,529,883,-354
114000246,289,52,237
114000247,1525,1135,390
114000248,1459,970,489
114000249,808,890,-82
114000250,619,1178,-559
114000251,399,526,-127
114000252,108,194,-86
114000253,77,619,-542
114000254,27,158,-131
114000255,1535,401,1134
114000256,3682,1833,1849
114000257,806,2737,-1931
114000258,482,636,-154
114000259,161,422,-261
114000260,0,35,-35
114000261,93,58,35
114000262,203,250,-47
114000263,33,3,30
114000264,1267,1068,199
114000265,0,7,-7
114000267,6,2737,-2731
114000268,5,2748,-2743
114000270,185,2,183
114000271,859,137,722
114000283,1320,725,595
114000285,73,409,-336
114000288,101,698,-597
114000289,1441,214,1227
114000293,176,682,-506
114000294,216,375,-159
114000395,2590,71,2519
114000396,624,720,-96
114000402,549,467,82
114000403,366,888,-522
114000405,150,904,-754
114000423,366,752,-386
114000424,392,347,45
114000425,666,883,-217
114000426,451,1322,-871
114000427,93,205,-112
114000428,324,160,164
114000429,67,305,-238
114000432,110,196,-86
114000434,47,170,-123
114000435,23,314,-291
114000436,7210,1736,5474
114000437,543,2464,-1921
114900001,692,2172,-1480
114900002,947,121,826
114900003,619,3459,-2840
114900004,275,551,-276
114900005,567,1523,-956
114900006,88,126,-38
114900007,275,33,242
114900008,193,216,-23
114900010,3603,2478,1125
114900011,203,238,-35
114900013,236,194,42
114900015,112,548,-436
114900018,1401,59,1342
114900020,307,133,174
114900022,18,1245,-1227
114900024,405,174,231
114900025,514,482,32
114900026,69,169,-100
114900027,292,397,-105
114900029,24,30,-6
114900030,338,463,-125
114900031,367,46,321
114900032,295,62,233
114900033,2859,747,2112
114900034,87,276,-189
114900035,168,521,-353
114900036,414,1335,-921
114900037,101,283,-182
114900038,276,1183,-907
114900039,616,1009,-393
114900040,76,415,-339
114900041,660,788,-128
114900042,769,1095,-326
114900043,1474,542,932
114900044,196,36,160
114900046,150,194,-44
114900047,355,1982,-1627
114900048,130,431,-301
114900049,25,361,-336
114900050,38,909,-871
114900051,54,785,-731
114900052,104,341,-237
114900053,269,507,-238
114900054,91,188,-97
114900057,362,12,350
114900058,0,123,-123
114900059,102,63,39
114900060,1969,982,987
114900061,175,203,-28
114900062,389,531,-142
114900063,97,348,-251
114900064,1258,925,333
114900065,435,1021,-586
114900067,104,532,-428
114900068,95,312,-217
114900069,348,302,46
114900070,498,904,-406
114900072,8,481,-473
114900073,3,335,-332
114900074,566,1378,-812
114900075,272,14,258
114900076,15,561,-546
114900080,4996,725,4271
114900082,5924,2386,3538
114900083,1919,1516,403
114900090,420,395,25
114900091,222,312,-90
114900095,581,185,396
114900096,575,1173,-598
114900097,145,0,145
114900098,9,447,-438
114900099,220,9,211
115000001,13656,9369,4287
115000002,5608,5814,-206
115000003,7620,6836,784
115000004,5738,8271,-2533
115000005,3443,4641,-1198
115000006,1882,2508,-626
115000007,146,377,-231
115000008,945,659,286
115000009,500,763,-263
115000010,703,260,443
115000013,141,344,-203
115000015,82,491,-409
115000016,240,342,-102
115000019,42,827,-785
115000020,321,958,-637
115000021,425,845,-420
115000022,820,698,122
115000023,446,823,-377
115000024,1849,841,1008
115000025,1203,1026,177
115000026,175,707,-532
115000027,330,457,-127
115000028,321,1213,-892
115000029,879,231,648
115000030,1026,1610,-584
115000031,1603,715,888
115000032,16,388,-372
115000033,230,44,186
115000034,197,1597,-1400
115000035,1485,81,1404
115000036,1,514,-513
115000037,796,12,784
115000038,54,248,-194
115000039,4990,4009,981
115000040,10579,5696,4883
115000041,1906,4404,-2498
115000042,1752,1322,430
115000043,5206,3871,1335
115000044,5066,6847,-1781
115000045,4512,3869,643
115000046,2541,4331,-1790
115000047,2515,3109,-594
115000048,2117,4837,-2720
115000049,2286,6143,-3857
115000050,4717,3130,1587
115000051,3007,4110,-1103
115000052,4393,2977,1416
115000053,2080,2601,-521
115000054,919,2157,-1238
115000055,218,581,-363
115000056,240,439,-199
115000057,687,843,-156
115000058,204,205,-1
115000059,276,206,70
115000061,526,176,350
115000062,441,507,-66
115000063,341,635,-294
115000064,427,257,170
115000065,214,555,-341
115000067,437,40,397
115000069,88,650,-562
115000070,82,2037,-1955
115000071,215,27,188
115000072,12,114,-102
115000073,2838,96,2742
115000075,171,126,45
115000076,7882,5402,2480
115000077,2757,5046,-2289
115000078,1469,2800,-1331
115000079,1867,3893,-2026
115000080,3410,4805,-1395
115000081,654,1590,-936
115000082,4791,5633,-842
115000083,2976,4464,-1488
115000084,2262,2109,153
115000085,958,1586,-628
115000086,1359,1732,-373
115000087,662,2438,-1776
115000088,2792,1146,1646
115000089,2457,2306,151
115000090,1051,1505,-454
115000091,463,1780,-1317
115000092,483,475,8
115000093,720,4,716
115000094,14702,7759,6943
115000095,10924,7642,3282
115000096,946,3398,-2452
115000097,883,1376,-493
115000098,1275,1410,-135
115000099,2784,5978,-3194
115000100,1301,978,323
115000101,706,2579,-1873
115000102,656,361,295
115000103,522,1265,-743
115000105,86,309,-223
115000106,550,453,97
115000107,229,945,-716
115000108,6753,3999,2754
115000109,9481,5547,3934
115000110,2026,1754,272
115000111,1042,2946,-1904
115000112,996,1071,-75
115000113,922,1536,-614
115000114,2325,1425,900
115000116,6209,3095,3114
115000117,6492,4299,2193
115000118,3237,2575,662
115000119,3212,3420,-208
115000120,785,1644,-859
115000121,2363,1680,683
115000122,5946,3893,2053
115000123,3218,3096,122
115000124,1732,1671,61
115000125,1100,955,145
115000126,425,439,-14
115000127,848,246,602
115000128,1648,1298,350
115000129,771,446,325
115000130,515,1711,-1196
115000131,922,498,424
115000132,235,862,-627
115000133,696,592,104
115000134,675,382,293
115000135,669,365,304
115000136,408,352,56
115000137,220,275,-55
115000138,257,367,-110
115000139,346,374,-28
115000140,359,303,56
115000141,333,462,-129
115000142,169,445,-276
115000143,760,899,-139
115000144,690,150,540
115000145,406,697,-291
115000146,956,481,475
115000147,1360,842,518
115000148,524,2238,-1714
115000149,1085,386,699
115000150,1265,2208,-943
115000151,1107,823,284
115000152,1097,2482,-1385
115000153,1958,940,1018
115000154,989,603,386
115000155,1404,2101,-697
115000156,3117,1144,1973
115000157,2681,1568,1113
115000158,1775,648,1127
115000159,1924,938,986
115000160,1056,1174,-118
115000161,940,969,-29
115000162,1178,1088,90
115000163,997,784,213
115000164,1083,758,325
115000165,921,702,219
115000167,274,101,173
115000168,1808,575,1233
115000169,2312,514,1798
115000170,447,171,276
115000171,714,313,401
115000172,3230,983,2247
115000173,794,817,-23
115000174,270,429,-159
115000175,420,180,240
115000176,383,160,223
115000177,385,184,201
115000178,41,515,-474
115000179,106,74,32
115000180,225,1549,-1324
115000181,822,212,610
115000182,1043,741,302
115000183,373,1726,-1353
115000186,924,475,449
115000187,233,1422,-1189
115000188,610,1093,-483
115000189,491,742,-251
115000190,1599,1086,513
115000191,911,901,10
115000194,314,217,97
115000195,504,468,36
115000196,207,229,-22
115000197,258,573,-315
115000198,352,422,-70
115000199,434,454,-20
115000200,410,218,192
115000201,221,665,-444
115000206,609,130,479
115000207,197,629,-432
115000208,947,1167,-220
115000209,905,501,404
115000210,222,201,21
115000211,315,442,-127
115000212,3953,422,3531
115000218,181,124,57
115000219,61,58,3
115000224,524,119,405
115000225,84,111,-27
115000229,440,243,197
115000230,128,982,-854
115000231,425,4003,-3578
115000232,1778,437,1341
115000233,304,309,-5
115000234,45,403,-358
115000241,96,394,-298
115000242,139,581,-442
115000243,60,471,-411
115000244,8,195,-187
115000246,80,34,46
115000247,34,36,-2
115000248,18,26,-8
115000249,61,43,18
115000250,907,79,828
115000251,289,280,9
115000252,133,364,-231
115000253,22,624,-602
115000258,370,475,-105
115000259,496,238,258
115000261,14,23,-9
115000262,30,37,-7
115000263,7,90,-83
115000264,31,97,-66
115000267,101,129,-28
115000268,54,219,-165
115000269,248,97,151
115000270,20,50,-30
115000272,99,312,-213
115000273,454,79,375
115000274,334,341,-7
115000280,3437,250,3187
115000281,1067,660,407
115000282,2872,752,2120
115000284,391,258,133
115000296,1354,14,1340
115000297,992,156,836
115000298,311,378,-67
115000300,383,330,53
115000302,493,400,93
115000303,912,327,585
115000304,906,215,691
115000305,125,1707,-1582
115000306,257,892,-635
115000307,156,415,-259
115000308,116,35,81
115000309,4,7,-3
115000310,1269,1524,-255
115000311,894,2462,-1568
115000313,174,1383,-1209
115000314,453,238,215
115000315,1515,411,1104
115000316,71,162,-91
115000317,214,1022,-808
115000318,1254,614,640
115000319,106,486,-380
115000320,23,523,-500
115000321,769,52,717
115000322,61,386,-325
115000449,609,302,307
115000557,186,1242,-1056
115000558,800,121,679
115000587,628,700,-72
115000588,5255,6057,-802
115000589,6228,4373,1855
115000590,1720,2596,-876
115000591,2093,1441,652
115000592,1458,3121,-1663
115000593,2411,1228,1183
115000594,1402,3297,-1895
115000609,163,178,-15
115000617,3014,4575,-1561
115000624,218,68,150
115000633,696,3756,-3060
115000634,5663,1575,4088
115000635,819,265,554
115000638,2214,1397,817
115000641,117,187,-70
115000642,642,552,90
115000643,179,870,-691
115000644,282,691,-409
115000646,1153,1955,-802
115000647,251,1002,-751
115000648,1995,3151,-1156
115000893,5104,2600,2504
115000894,188,2056,-1868
115000895,669,1474,-805
115000896,1947,528,1419
115000897,806,236,570
115000898,2067,426,1641
115000899,1240,1557,-317
115000900,256,776,-520
115000901,102,168,-66
115000912,414,188,226
115000913,2,55,-53
115000915,101,0,101
115000916,34,0,34
115000917,0,4,-4
115000918,162,881,-719
115000919,43,26,17
115000920,245,151,94
115000921,2336,538,1798
115000922,2733,1217,1516
115000923,1071,1258,-187
115000925,80,150,-70
115000927,44,81,-37
115000933,598,153,445
115000934,44,56,-12
115000935,14,16,-2
115900001,70,74,-4
115900002,111,341,-230
115900003,255,200,55
115900004,0,97,-97
115900005,219,11,208
115900006,216,736,-520
115900008,66,12,54
115900009,120,576,-456
115900010,335,336,-1
115900011,628,404,224
115900012,131,136,-5
115900013,579,368,211
115900014,128,318,-190
115900015,85,134,-49
115900016,106,93,13
115900017,21,8,13
115900018,204,167,37
115900019,2303,71,2232
115900020,50,1,49
115900021,3083,471,2612
115900022,2292,27,2265
115900023,13,3,10
115900025,74,330,-256
115900026,1378,437,941
115900027,0,466,-466
115900028,966,124,842
115900029,19,701,-682
115900030,95,38,57
115900031,693,332,361
115900032,551,1300,-749
115900033,3,51,-48
115900034,43,813,-770
115900035,64,30,34
115900036,194,865,-671
115900037,96,758,-662
115900038,121,17,104
115900039,248,486,-238
115900041,565,710,-145
115900042,52,11,41
115900043,132,202,-70
115900044,452,397,55
115900046,299,456,-157
115900047,197,110,87
115900049,143,397,-254
115900051,2,102,-100
115900052,12,354,-342
115900053,240,453,-213
115900054,174,111,63
115900055,25,211,-186
115900056,284,561,-277
115900057,101,8,93
115900058,24,85,-61
115900060,159,283,-124
115900061,229,2,227
115900062,27,425,-398
115900063,56,14,42
115900064,257,632,-375
115900065,166,160,6
115900066,328,315,13
115900067,19,1096,-1077
115900068,4857,1022,3835
115900069,55,345,-290
115900070,227,355,-128
115900071,1,803,-802
115900072,115,501,-386
115900073,42,82,-40
115900074,4,492,-488
115900075,52,434,-382
115900076,3,133,-130
115900077,10,452,-442
115900078,66,239,-173
115900079,186,39,147
115900080,786,459,327
115900081,25,104,-79
115900082,197,261,-64
115900084,448,40,408
115900085,147,100,47
115900086,2719,794,1925
115900088,45,100,-55
115900089,260,892,-632
115900090,255,49,206
115900091,75,34,41
115900092,28,326,-298
115900093,9,69,-60
115900094,9,676,-667
115900096,5,21,-16
115900097,9,737,-728
115900098,157,913,-756
115900099,207,89,118
115900100,14,954,-940
115900101,161,721,-560
115900102,77,150,-73
115900103,313,448,-135
115900104,61,248,-187
115900105,205,1177,-972
115900106,70,53,17
115900107,79,283,-204
115900108,55,53,2
115900109,61,712,-651
115900110,5,30,-25
115900111,2,128,-126
115900112,70,1875,-1805
115900113,35,55,-20
115900114,5,180,-175
115900115,60,259,-199
115900116,112,1685,-1573
115900117,54,45,9
115900118,3,406,-403
115900119,340,185,155
115900120,36,660,-624
115900121,189,462,-273
115900124,351,772,-421
115900125,384,65,319
115900126,842,121,721
115900127,801,105,696
115900128,15,77,-62
115900129,1011,75,936
115900130,30,283,-253
115900131,483,37,446
115900132,660,6,654
115900134,383,23,360
115900135,695,1093,-398
115900137,53,1,52
115900139,274,226,48
115900140,224,53,171
115900141,32,150,-118
115900142,58,69,-11
115900143,223,569,-346
115900144,66,539,-473
115900146,9,278,-269
115900147,440,395,45
115900148,59,5,54
115900149,84,39,45
115900150,89,93,-4
115900151,23,116,-93
115900152,179,704,-525
115900153,234,424,-190
115900154,1236,445,791
115900155,0,125,-125
115900156,844,1128,-284
115900157,190,762,-572
115900158,42,18,24
115900159,97,416,-319
115900160,14,6,8
115900161,101,302,-201
115900163,208,248,-40
115900164,592,80,512
115900165,4,181,-177
115900166,284,455,-171
115900168,94,267,-173
115900171,235,740,-505
115900172,125,198,-73
115900173,315,246,69
115900174,535,294,241
115900175,103,387,-284
115900178,11,1167,-1156
115900179,182,27,155
115900180,52,506,-454
115900181,170,443,-273
115900182,490,479,11
115900183,356,106,250
115900184,2929,26,2903
115900187,15,161,-146
115900189,2,315,-313
115900190,553,1784,-1231
115900191,77,676,-599
115900192,12,109,-97
115900193,207,172,35
115900194,775,84,691
115900195,931,2244,-1313
115900198,391,534,-143
115900199,187,419,-232
115900200,337,617,-280
115900201,496,392,104
115900202,0,36,-36
115900203,15,7,8
115900204,1,4,-3
115900205,116,21,95
115900206,128,211,-83
115900207,46,36,10
115900208,138,427,-289
115900209,6,232,-226
115900210,2,218,-216
115900211,3,410,-407
115900212,153,418,-265
115900213,264,98,166
115900214,340,420,-80
115900215,35,86,-51
115900216,4,133,-129
115900217,14,91,-77
115900218,0,76,-76
115900219,65,9,56
115900220,124,26,98
115900221,106,30,76
115900222,61,27,34
115900223,6,232,-226
115900224,2791,948,1843
115900225,79,67,12
115900226,14,125,-111
115900227,24,65,-41
115900228,6,85,-79
115900229,9,91,-82
115900230,54,188,-134
115900231,157,3,154
115900232,90,0,90
115900233,122,22,100
115900234,78,36,42
115900235,37,77,-40
115900236,180,47,133
115900237,35,32,3
115900238,30,31,-1
115900239,19,54,-35
115900240,14,96,-82
115900241,177,165,12
115900242,396,525,-129
115900243,22,15,7
115900244,18,19,-1
115900245,23,18,5
115900246,18,6,12
115900247,37,16,21
115900248,13,11,2
115900249,9,27,-18
115900250,16,45,-29
115900251,3,19,-16
115900252,0,5,-5
115900253,10,24,-14
115900254,90,31,59
115900255,16,58,-42
115900256,35,63,-28
115900257,4,6,-2
115900258,0,1,-1
115900259,7,5,2
115900260,6,5,1
115900261,18,4,14
115900262,3,1,2
115900263,7,5,2
115900264,26,11,15
115900265,4,12,-8
115900266,7,11,-4
115900267,12,21,-9
115900268,6,18,-12
115900269,425,665,-240
115900270,484,1148,-664
115900271,20,0,20
115900272,19,4,15
115900273,9,10,-1
115900274,1,20,-19
115900275,0,22,-22
115900276,0,35,-35
115900277,1,51,-50
115900278,4,39,-35
115900279,2,66,-64
115900280,3,106,-103
115900281,123,38,85
116000001,20034,9867,10167
116000002,6592,15509,-8917
116000003,2659,2951,-292
116000004,4881,4791,90
116000005,8730,5792,2938
116000006,8126,2576,5550
116000007,6014,6829,-815
116000008,6328,3126,3202
116000009,2953,4060,-1107
116000010,2469,2013,456
116000011,1300,3148,-1848
116000012,1363,1253,110
116000013,31416,8763,22653
116000014,30351,19413,10938
116000015,1103,2569,-1466
116000016,14571,6997,7574
116000017,46,1099,-1053
116000018,1046,1000,46
116000019,1785,594,1191
116000020,822,2160,-1338
116000021,885,508,377
116000022,541,849,-308
116000023,2309,1425,884
116000024,1170,1932,-762
116000025,2167,1019,1148
116000026,3044,3827,-783
116000027,1768,909,859
116000028,638,1281,-643
116000029,1668,1215,453
116000030,1057,638,419
116000031,276,433,-157
116000032,583,383,200
116000033,452,623,-171
116000034,1375,1449,-74
116000035,804,1398,-594
116000036,3550,1191,2359
116000037,2116,1237,879
116000038,1367,787,580
116000039,1144,389,755
116000040,3139,447,2692
116000041,525,674,-149
116000042,791,439,352
116000043,115,779,-664
116000044,32,72,-40
116000045,3206,2033,1173
116000046,2692,2360,332
116000047,3808,4441,-633
116000048,4459,2627,1832
116000049,1448,3493,-2045
116000050,1944,2861,-917
116000051,7178,3445,3733
116000052,6620,7486,-866
116000053,3479,1919,1560
116000054,1599,4187,-2588
116000055,818,2188,-1370
116000056,1054,2130,-1076
116000057,6520,3302,3218
116000058,5759,3849,1910
116000059,4655,10514,-5859
116000060,4395,1377,3018
116000061,1115,1965,-850
116000062,1853,319,1534
116000063,1554,1987,-433
116000066,390,975,-585
116000067,341,859,-518
116000068,591,544,47
116000069,570,729,-159
116000078,566,1551,-985
116000080,2278,1618,660
116000082,25,148,-123
116000083,1532,584,948
116000084,3457,5877,-2420
116000085,2540,2119,421
116000086,3421,1969,1452
116000087,1818,2038,-220
116000088,1410,2085,-675
116000089,260,158,102
116000090,195,208,-13
116000091,522,231,291
116000093,1069,1701,-632
116000094,1015,1152,-137
116000095,972,1782,-810
116000096,1166,2467,-1301
116000097,1123,1919,-796
116000098,150,9107,-8957
116000099,19947,758,19189
116000100,185,13,172
116000101,891,2421,-1530
116000102,415,2595,-2180
116000103,604,524,80
116000104,279,3288,-3009
116000105,1464,373,1091
116000106,987,1975,-988
116000107,3498,777,2721
116000108,763,326,437
116000111,208,34,174
116000113,112,124,-12
116000114,27,206,-179
116000115,230,187,43
116000116,395,749,-354
116000117,1825,3384,-1559
116000118,1671,2755,-1084
116000119,3248,3043,205
116000120,3663,7841,-4178
116000121,925,876,49
116000122,1722,3032,-1310
116000123,961,802,159
116000124,471,1654,-1183
116000125,2938,1164,1774
116000126,486,2268,-1782
116000127,1577,2410,-833
116000128,1874,1515,359
116000129,1210,287,923
116000130,586,502,84
116000133,964,1814,-850
116000134,2451,4196,-1745
116000135,2671,2264,407
116000136,1751,3402,-1651
116000137,1449,1266,183
116000138,1166,859,307
116000139,3392,3113,279
116000140,313,442,-129
116000141,563,1434,-871
116000142,6488,5322,1166
116000143,2654,3075,-421
116000144,1935,4162,-2227
116000145,1951,2631,-680
116000146,427,543,-116
116000147,815,283,532
116000148,875,717,158
116000149,748,903,-155
116000151,1223,1190,33
116000153,105,1050,-945
116000155,474,510,-36
116000156,1051,2078,-1027
116000157,73,56,17
116000158,589,609,-20
116000159,12,26,-14
116000160,26,244,-218
116000161,8,237,-229
116000162,187,132,55
116000163,62,13,49
116000164,28,29,-1
116000177,521,223,298
116000194,223,708,-485
116000195,3487,1124,2363
116000196,27,25,2
116000197,15,31,-16
116000198,7094,2292,4802
116000200,1367,669,698
116000201,1284,1225,59
116000202,11,466,-455
116000203,1,144,-143
116000204,3,50,-47
116000205,1,241,-240
116000206,1,117,-116
116000207,6,40,-34
116000233,333,1299,-966
116000287,177,851,-674
116000288,242,525,-283
116000292,211,299,-88
116000296,21,305,-284
116000297,85,24,61
116000304,124,24,100
116000305,15,181,-166
116000346,317,246,71
116000352,331,78,253
116000354,342,32,310
116000357,39,41,-2
116000358,288,64,224
116000361,176,2,174
116000372,17797,5867,11930
116000381,147,2,145
116000388,4,63,-59
116000389,1428,923,505
116000445,367,944,-577
116000446,641,1783,-1142
116000447,24,586,-562
116000448,975,632,343
116000563,1589,1535,54
116000565,124,577,-453
116000568,117,378,-261
116000579,56,187,-131
116000584,40,23,17
116000585,30,26,4
116000586,317,212,105
116000587,635,1082,-447
116000589,62,105,-43
116000590,74,127,-53
116000591,200,550,-350
116000592,21,180,-159
116000593,0,52,-52
116000594,759,764,-5
116000595,917,279,638
116000596,118,7,111
116000597,273,104,169
116000598,17,326,-309
116000602,106,1169,-1063
116000605,521,279,242
116000606,119,316,-197
116000607,2,117,-115
116000609,370,1122,-752
116000611,173,739,-566
116000612,842,3139,-2297
116000613,594,557,37
116000614,671,1128,-457
116000615,36,328,-292
116000616,84,188,-104
116000617,77,127,-50
116000618,11,261,-250
116000619,63,91,-28
116000620,91,123,-32
116000621,49,226,-177
116000622,45,308,-263
116000624,209,106,103
116000627,2,13,-11
116000628,7,496,-489
116000629,10,757,-747
116000630,130,11,119
116000631,54,5,49
116000632,320,509,-189
116000633,37,863,-826
116000634,354,17,337
116000635,1949,1228,721
116900001,298,245,53
116900002,368,8,360
116900003,24,128,-104
116900004,85,87,-2
116900005,271,103,168
116900006,328,258,70
116900007,199,366,-167
116900008,387,670,-283
116900009,35,6,29
116900010,5,2816,-2811
116900011,13,96,-83
116900012,267,417,-150
116900013,10,392,-382
116900014,99,416,-317
116900015,433,153,280
116900016,202,2,200
116900017,3,1372,-1369
116900018,89,67,22
116900019,40,773,-733
116900020,2539,904,1635
116900023,128,23,105
116900024,574,109,465
116900025,1281,1497,-216
116900026,299,1502,-1203
116900027,36,86,-50
116900028,10,255,-245
116900029,2,55,-53
116900031,9,11,-2
116900032,7,713,-706
116900033,16,17,-1
116900034,27,117,-90
116900035,218,490,-272
116900036,3,182,-179
116900038,27,3,24
116900041,87,40,47
116900042,1129,343,786
116900043,22,170,-148
116900045,738,102,636
116900047,123,98,25
116900049,64,580,-516
116900050,173,958,-785
116900051,117,458,-341
116900052,436,60,376
116900055,1,11,-10
116900057,41,557,-516
116900058,61,920,-859
116900059,4,363,-359
116900060,584,369,215
116900062,10,21,-11
116900064,130,1570,-1440
116900065,20,294,-274
116900067,138,217,-79
116900068,154,457,-303
116900070,1,4,-3
116900072,34,745,-711
116900073,16,361,-345
116900074,15,84,-69
116900076,23,51,-28
116900077,10,315,-305
116900078,315,246,69
116900079,40,746,-706
116900080,22,47,-25
116900081,517,2701,-2184
116900082,557,1483,-926
116900083,53,98,-45
116900084,572,74,498
116900085,26,226,-200
116900086,51,411,-360
116900088,696,138,558
116900090,189,107,82
116900091,291,192,99
116900092,100,1625,-1525
116900093,2370,4443,-2073
116900094,9981,6962,3019
116900095,912,213,699
116900096,195,495,-300
116900097,8442,3804,4638
116900098,1197,413,784
116900099,1123,975,148
116900100,1069,50,1019
116900101,472,1084,-612
116900103,5,1,4
116900104,79,137,-58
116900105,531,134,397
116900106,1656,901,755
116900107,7932,3272,4660
116900110,13,5,8
116900111,504,1946,-1442
116900112,326,2239,-1913
116900113,5881,1622,4259
116900116,219,490,-271
116900117,94,186,-92
116900118,1338,1114,224
116900120,268,205,63
116900121,96,80,16
116900122,810,1358,-548
116900123,253,1459,-1206
116900124,211,2139,-1928
116900125,308,420,-112
116900126,508,1033,-525
116900128,4,50,-46
116900129,3,598,-595
116900130,1828,4540,-2712
116900131,112,300,-188
116900132,24,81,-57
116900133,123,135,-12
116900134,365,296,69
116900136,329,311,18
116900137,908,345,563
116900138,205,363,-158
116900139,128,618,-490
116900140,219,227,-8
116900141,803,454,349
116900142,4,87,-83
116900143,450,776,-326
116900144,42,100,-58
116900145,285,458,-173
116900147,1695,387,1308
116900148,5,50,-45
116900149,39,287,-248
116900150,7,6,1
116900151,45,30,15
116900153,157,134,23
116900154,1038,623,415
116900155,122,101,21
116900157,608,504,104
116900158,722,367,355
116900159,91,578,-487
116900160,1920,643,1277
116900161,16517,8854,7663
116900162,34,217,-183
116900163,150,276,-126
116900164,128,81,47
116900165,321,185,136
116900166,28,195,-167
116900167,532,112,420
116900168,522,150,372
116900169,2025,582,1443
116900170,317,587,-270
116900171,64,419,-355
116900172,400,298,102
116900173,212,99,113
116900174,32,52,-20
116900175,992,246,746
116900178,25,332,-307
116900179,234,241,-7
116900180,185,41,144
116900182,760,533,227
116900183,215,172,43
116900185,38,45,-7
116900186,171,582,-411
116900187,89,46,43
116900188,210,29,181
116900189,98,2,96
116900191,478,888,-410
116900192,282,331,-49
116900194,154,1222,-1068
116900195,54,23,31
116900196,18,158,-140
116900197,118,9,109
116900198,423,269,154
116900200,63,66,-3
116900201,95,9,86
116900202,147,95,52
116900203,200,7,193
116900204,59,130,-71
116900206,2,27,-25
116900207,42,47,-5
116900208,25,171,-146
116900209,17,256,-239
116900210,728,462,266
116900211,380,7,373
116900212,34,157,-123
116900213,268,371,-103
116900214,196,152,44
116900215,62,137,-75
116900216,631,456,175
116900218,8,575,-567
116900219,1557,599,958
116900220,100,385,-285
116900221,100,553,-453
116900222,500,646,-146
116900223,144,494,-350
116900226,92,167,-75
116900227,183,131,52
116900228,434,520,-86
116900230,45,673,-628
116900231,31,898,-867
116900232,19,895,-876
116900233,331,176,155
116900234,30,18,12
116900235,152,537,-385
116900238,2217,776,1441
116900239,32,2275,-2243
116900240,13336,4886,8450
116900241,127,322,-195
116900242,537,733,-196
116900243,10,241,-231
116900245,52,26,26
116900246,147,14,133
116900247,588,23,565
116900248,133,64,69
116900249,370,275,95
116900250,314,83,231
116900251,789,602,187
116900252,104,1894,-1790
116900253,166,162,4
116900254,15,137,-122
116900255,128,61,67
116900256,413,275,138
116900257,32,915,-883
116900258,4,502,-498
116900259,175,25,150
116900260,3,264,-261
116900261,53,1,52
116900262,203,239,-36
116900263,1,35,-34
116900264,1,10,-9
116900265,40,3,37
116900266,14,120,-106
116900267,1,6,-5
116900268,334,12,322
116900269,663,922,-259
116900271,2669,270,2399
116900272,656,1010,-354
116900273,833,121,712
116900274,132,130,2
116900275,179,267,-88
116900276,1097,132,965
116900277,1096,25,1071
116900278,8,26,-18
116900279,0,39,-39
116900280,25,54,-29
116900281,15712,5591,10121
116900282,7,274,-267
116900283,20,218,-198
116900284,14,399,-385
116900285,604,903,-299
116900286,377,34,343
116900287,13,141,-128
116900288,37,221,-184
116900289,7,54,-47
116900290,2,78,-76
116900291,11,18,-7
116900292,0,11,-11
116900293,37,92,-55
116900294,48,253,-205
116900295,856,42,814
116900296,131,92,39
116900297,14,163,-149
116900298,219,51,168
116900299,279,71,208
116900300,6,215,-209
116900301,198,115,83
116900302,858,346,512
116900303,1303,117,1186
116900304,2,206,-204
116900305,26,168,-142
116900306,83,101,-18
117000001,3582,3379,203
117000002,4010,9820,-5810
117000003,15512,5086,10426
117000004,8591,10195,-1604
117000005,3186,2802,384
117000006,2200,7519,-5319
117000007,5439,2015,3424
117000008,2199,9771,-7572
117000009,7026,2972,4054
117000010,4562,8990,-4428
117000011,2973,3519,-546
117000012,2099,3017,-918
117000013,3310,2111,1199
117000014,2756,4599,-1843
117000015,7964,2194,5770
117000016,2826,79,2747
117000017,1571,325,1246
117000018,578,876,-298
117000019,727,4,723
117000020,938,3154,-2216
117000021,4983,1308,3675
117000022,1621,91,1530
117000023,1960,260,1700
117000024,2048,127,1921
117000025,5082,859,4223
117000026,11289,1297,9992
117000027,3702,2746,956
117000028,6775,1752,5023
117000030,1121,844,277
117000031,410,198,212
117000032,4064,2285,1779
117000033,3751,2986,765
117000034,405,499,-94
117000035,249,229,20
117000036,439,602,-163
117000037,278,214,64
117000038,476,991,-515
117000039,425,351,74
117000040,207,2004,-1797
117000041,953,258,695
117000044,61,1998,-1937
117000045,857,123,734
117000046,933,1142,-209
117000047,1460,1009,451
117000048,3637,2694,943
117000049,293,1710,-1417
117000050,272,4016,-3744
117000051,2842,279,2563
117000052,31,857,-826
117000053,412,163,249
117000054,2186,9,2177
117000055,36,6540,-6504
117000056,854,31,823
117000057,978,4010,-3032
117000060,618,3173,-2555
117000061,3365,1821,1544
117000062,410,906,-496
117000063,3221,1580,1641
117000064,1390,1463,-73
117000066,2341,1595,746
117000067,350,844,-494
117000074,223,390,-167
117000076,136,119,17
117000077,184,228,-44
117000078,248,1341,-1093
117000079,623,424,199
117000080,3,638,-635
117000081,1839,189,1650
117000082,27,115,-88
117000083,254,13,241
117000084,866,8,858
117000085,325,1145,-820
117000086,1812,1067,745
117000087,135,893,-758
117000088,453,461,-8
117000089,1921,524,1397
117000090,394,2619,-2225
117000091,936,535,401
117000092,576,2662,-2086
117000093,1385,1101,284
117000094,1649,5009,-3360
117000095,4183,1486,2697
117000096,890,4477,-3587
117000097,1488,2003,-515
117000098,4018,9181,-5163
117000099,3836,1739,2097
117000100,195,353,-158
117000101,298,2279,-1981
117000102,1912,1029,883
117000103,1189,3315,-2126
117000104,1621,990,631
117000105,1405,2879,-1474
117000106,1542,1460,82
117000107,877,3435,-2558
117000108,1921,1539,382
117000109,3457,4728,-1271
117000110,1881,1399,482
117000111,6068,9184,-3116
117000112,4352,4081,271
117000113,184,584,-400
117000114,295,367,-72
117000115,109,298,-189
117000116,171,520,-349
117000117,4173,1137,3036
117000118,1345,209,1136
117000119,992,213,779
117000120,1542,549,993
117000121,385,1965,-1580
117000122,1704,3388,-1684
117000123,5441,61,5380
117000124,1786,103,1683
117000125,1861,187,1674
117000126,212,76,136
117000127,569,838,-269
117000128,844,1626,-782
117000129,1130,97,1033
117000130,247,2,245
117000131,4,85,-81
117000132,3545,80,3465
117000133,1357,208,1149
117000134,2,59,-57
117000135,15,47,-32
117000136,4,53,-49
117000137,160,94,66
117000138,6,1089,-1083
117000140,645,2939,-2294
117000141,1896,1041,855
117000181,1801,502,1299
117000182,394,701,-307
117000195,354,2195,-1841
117000196,246,124,122
117000225,432,5,427
117000226,23,397,-374
117000276,267,31,236
117000277,3,807,-804
117000310,4537,5449,-912
117000315,115,2951,-2836
117000320,205,0,205
117000906,386,16,370
117000907,16,714,-698
117000908,352,20,332
117000909,298,72,226
117000910,234,202,32
117000911,120,373,-253
117000915,11,1350,-1339
117000916,35,23,12
117000917,1150,36,1114
117000918,97,134,-37
117000919,18,366,-348
117000920,11,2923,-2912
117000921,8,2815,-2807
117000922,133,318,-185
117000924,1928,1360,568
117000926,1698,133,1565
117000927,3371,1103,2268
117000928,0,339,-339
117000929,278,1119,-841
117000930,213,32,181
117000931,827,260,567
117900002,655,837,-182
117900003,1173,994,179
117900005,31,389,-358
117900006,0,41,-41
117900007,427,255,172
117900008,0,70,-70
117900010,1062,179,883
117900011,99,28,71
117900012,88,297,-209
117900013,3,676,-673
117900014,1148,305,843
117900015,46,236,-190
117900016,3534,1231,2303
117900017,908,585,323
117900018,594,85,509
117900019,566,729,-163
117900020,128,644,-516
117900021,53,148,-95
117900022,30,27,3
117900023,1023,1176,-153
117900024,142,198,-56
117900025,36,15,21
117900026,402,701,-299
117900028,403,21,382
117900029,337,1746,-1409
117900030,665,497,168
117900031,967,150,817
117900032,1270,762,508
117900033,312,1552,-1240
117900034,70,117,-47
117900035,294,89,205
117900036,296,1058,-762
117900037,112,184,-72
117900038,53,663,-610
117900039,1,125,-124
117900040,184,1143,-959
117900041,8,92,-84
117900042,8853,1228,7625
117900043,53,72,-19
117900044,473,6040,-5567
117900045,355,278,77
117900048,269,431,-162
117900049,272,1094,-822
117900050,38,78,-40
117900051,337,7,330
117900052,76,563,-487
117900053,1703,1044,659
117900054,8,42,-34
117900055,216,659,-443
117900056,802,77,725
117900057,1629,2450,-821
117900058,655,254,401
117900059,1415,133,1282
117900060,1975,9109,-7134
117900061,37,514,-477
117900063,611,539,72
117900065,1141,2116,-975
117900066,24,76,-52
117900067,494,519,-25
117900069,1187,772,415
117900070,767,24,743
117900071,267,299,-32
117900073,494,892,-398
117900074,874,16,858
117900075,250,203,47
117900076,35,59,-24
117900077,410,280,130
117900078,432,1010,-578
117900080,788,135,653
117900081,794,897,-103
117900082,456,549,-93
117900083,531,1383,-852
117900086,249,89,160
117900087,216,125,91
117900088,4253,4333,-80
117900089,2167,800,1367
117900090,902,1562,-660
117900091,427,283,144
117900092,109,56,53
117900093,57,172,-115
117900094,35,12,23
117900095,680,852,-172
117900096,121,449,-328
117900097,186,179,7
117900098,10,5,5
117900099,303,650,-347
117900100,235,3,232
117900101,831,2234,-1403
117900102,77,129,-52
117900103,60,1,59
117900104,70,305,-235
117900105,227,430,-203
117900106,104,85,19
117900107,43,0,43
117900109,688,554,134
117900110,66,0,66
117900111,477,10,467
117900112,99,35,64
117900113,11886,3900,7986
117900114,20,0,20
117900115,406,101,305
117900116,1412,2119,-707
117900117,675,829,-154
117900118,70,0,70
117900119,102,475,-373
117900120,231,348,-117
117900121,110,32,78
117900122,2949,4036,-1087
117900123,1635,1028,607
117900124,1250,1302,-52
117900125,2263,1757,506
117900126,343,1073,-730
117900127,775,1178,-403
117900128,480,1613,-1133
117900129,125,1,124
117900130,1723,798,925
117900131,1,232,-231
117900132,10,189,-179
117900133,8,230,-222
117900134,90,387,-297
117900135,37,290,-253
117900136,1,72,-71
117900137,96,580,-484
117900138,0,68,-68
117900139,111,241,-130
117900140,10295,1120,9175
117900141,912,403,509
117900142,243,101,142
117900144,273,120,153
117900145,38,100,-62
117900146,931,166,765
117900147,104,163,-59
117900148,7368,2007,5361
117900149,69,298,-229
117900150,86,187,-101
117900151,185,262,-77
117900152,224,164,60
117900153,53,218,-165
117900154,895,1435,-540
117900156,1426,1961,-535
117900157,212,771,-559
117900158,239,216,23
117900160,863,612,251
117900161,4187,4848,-661
117900162,665,881,-216
117900163,422,53,369
117900165,0,21,-21
117900166,161,634,-473
117900168,22,312,-290
117900169,3,250,-247
117900170,0,97,-97
117900171,2,55,-53
117900172,34,47,-13
117900173,251,106,145
117900174,86,113,-27
117900175,5,78,-73
117900176,28,124,-96
117900177,11,116,-105
117900178,230,76,154
117900180,546,62,484
117900181,412,424,-12
117900182,4,79,-75
117900183,92,289,-197
117900184,24,90,-66
117900185,66,59,7
117900186,44,24,20
117900187,39,33,6
117900188,306,87,219
117900189,102,26,76
117900190,27,3,24
117900191,183,8,175
117900192,338,2,336
117900193,11,169,-158
117900194,9,20,-11
117900195,36,76,-40
117900196,6,51,-45
117900207,243,197,46
117900208,44,74,-30
117900209,239,311,-72
117900210,310,454,-144
117900211,21,374,-353
117900212,187,301,-114
117900213,17,19,-2
117900214,7,85,-78
117900215,17,31,-14
117900216,137,50,87
117900217,230,267,-37
117900218,313,612,-299
117900219,42,135,-93
117900220,445,172,273
117900221,53,4,49
118000001,1878,1021,857
118000002,2627,4573,-1946
118000003,8654,3359,5295
118000004,8565,3328,5237
118000005,9183,7353,1830
118000006,11713,19528,-7815
118000007,18633,4940,13693
118000008,13825,7060,6765
118000009,4230,6205,-1975
118000010,6578,7145,-567
118000011,1866,5180,-3314
118000012,3113,5220,-2107
118000013,7088,5930,1158
118000014,3248,6136,-2888
118000016,310,664,-354
118000017,352,802,-450
118000018,658,785,-127
118000019,4239,2253,1986
118000020,3294,3351,-57
118000021,2487,4075,-1588
118000022,4865,1345,3520
118000023,2527,443,2084
118000024,3715,1617,2098
118000025,2471,2005,466
118000027,25242,15564,9678
118000029,1726,1227,499
118000032,2205,7236,-5031
118000033,5116,6472,-1356
118000034,9813,3691,6122
118000035,2682,3848,-1166
118000036,3985,1847,2138
118000037,1965,1561,404
118000038,237,196,41
118000039,251,989,-738
118000040,2994,3111,-117
118000041,4680,2823,1857
118000045,2087,402,1685
118000046,5255,1177,4078
118000047,9303,1411,7892
118000048,15072,2862,12210
118000051,8324,2971,5353
118000052,7370,1585,5785
118000053,4508,2816,1692
118000054,5801,7495,-1694
118000055,5625,7857,-2232
118000056,665,782,-117
118000057,720,1797,-1077
118000058,13002,2925,10077
118000059,10321,1587,8734
118000060,2315,1159,1156
118000061,1542,2854,-1312
118000062,1043,945,98
118000063,787,1001,-214
118000064,2310,2094,216
118000065,10378,5065,5313
118000066,2037,2549,-512
118000067,2954,1444,1510
118000068,5542,8080,-2538
118000069,8229,2831,5398
118000070,14284,4564,9720
118000071,7522,15596,-8074
118000072,7395,1557,5838
118000073,6672,1043,5629
118000074,1108,1066,42
118000075,1550,571,979
118000076,4808,3013,1795
118000077,3241,2067,1174
118000078,4962,3060,1902
118000079,661,836,-175
118000080,2972,1551,1421
118000081,4112,1540,2572
118000082,709,1807,-1098
118000083,4128,2425,1703
118000084,5019,3049,1970
118000086,679,860,-181
118000087,11193,4150,7043
118000088,3870,3955,-85
118000089,6727,4155,2572
118000090,4002,6331,-2329
118000091,3415,4638,-1223
118000092,1865,856,1009
118000093,206,1309,-1103
118000096,1339,1035,304
118000097,2120,1075,1045
118000098,624,471,153
118000099,788,1602,-814
118000101,1340,489,851
118000102,483,2419,-1936
118000107,5736,951,4785
118000108,1375,4458,-3083
118000110,0,40,-40
118000111,7,1006,-999
118000112,543,7,536
118000113,12,1828,-1816
118000114,537,15,522
118000115,38,42,-4
118000116,116,1,115
118000117,3135,1672,1463
118000118,3108,1035,2073
118000119,1989,1795,194
118000120,3510,2548,962
118000121,145,654,-509
118000122,2653,416,2237
118000123,99,388,-289
118000125,4391,1877,2514
118000126,2973,2495,478
118000127,5292,1215,4077
118000128,1603,1916,-313
118000129,3283,795,2488
118000130,5530,8205,-2675
118000131,2017,1732,285
118000132,3618,2774,844
118000133,2361,856,1505
118000135,1554,708,846
118000136,219,897,-678
118000137,3008,159,2849
118000138,702,1431,-729
118000139,817,184,633
118000140,4288,7978,-3690
118000141,3095,3679,-584
118000142,2401,3739,-1338
118000143,2625,2029,596
118000144,2991,2106,885
118000145,2544,4394,-1850
118000146,1952,1974,-22
118000147,1497,3117,-1620
118000148,651,2635,-1984
118000149,1266,1845,-579
118000150,464,391,73
118000151,497,811,-314
118000153,1730,2373,-643
118000154,1741,3038,-1297
118000155,1588,2809,-1221
118000156,5566,4539,1027
118000157,948,708,240
118000158,283,843,-560
118000159,74,126,-52
118000160,677,771,-94
118000161,732,1478,-746
118000162,1733,1568,165
118000163,1186,1329,-143
118000164,4945,2751,2194
118000168,3149,753,2396
118000169,2078,2742,-664
118000170,7397,12137,-4740
118000171,516,1273,-757
118000172,222,751,-529
118000173,1391,2365,-974
118000175,410,578,-168
118000176,440,715,-275
118000177,256,874,-618
118000178,243,129,114
118000179,2810,1735,1075
118000180,1388,1515,-127
118000181,1614,632,982
118000182,474,581,-107
118000183,365,508,-143
118000184,864,1880,-1016
118000185,1741,1555,186
118000186,1318,1575,-257
118000187,1869,1244,625
118000188,1610,444,1166
118000189,933,1605,-672
118000190,21,33,-12
118000191,35,91,-56
118000192,854,544,310
118000193,974,1118,-144
118000194,5471,2556,2915
118000195,3728,1944,1784
118000196,2634,280,2354
118000197,856,197,659
118000198,1426,1110,316
118000199,3411,992,2419
118000200,130,492,-362
118000201,1720,941,779
118000202,145,99,46
118000203,3497,767,2730
118000204,495,456,39
118000205,531,498,33
118000206,523,281,242
118000207,1,204,-203
118000208,1883,3189,-1306
118000209,3008,3370,-362
118000210,109,65,44
118000211,47,50,-3
118000213,4360,2342,2018
118000214,1425,1331,94
118000215,559,1248,-689
118000216,3426,10484,-7058
118000217,49,232,-183
118000218,102,242,-140
118000219,1130,1036,94
118000220,5,33,-28
118000221,197,603,-406
118000222,150,13,137
118000223,43,73,-30
118000224,658,182,476
118000225,307,1613,-1306
118000226,3186,259,2927
118000227,1546,747,799
118000228,302,336,-34
118000229,1107,106,1001
118000230,193,472,-279
118000231,155,366,-211
118000232,1078,1920,-842
118000233,1191,1539,-348
118000234,525,585,-60
118000236,985,679,306
118000237,102,1186,-1084
118000238,453,461,-8
118000239,445,617,-172
118000240,883,241,642
118000241,355,585,-230
118000242,603,1177,-574
118000243,282,433,-151
118000244,50,250,-200
118000246,1,22,-21
118000255,73,440,-367
118000256,162,424,-262
118000259,14,139,-125
118000260,461,234,227
118000261,58,237,-179
118000263,166,504,-338
118000266,155,844,-689
118000267,0,140,-140
118000268,1758,3,1755
118000270,88,89,-1
118000271,181,630,-449
118000272,203,62,141
118000273,156,167,-11
118000274,149,585,-436
118000276,615,625,-10
118000295,10,155,-145
118000298,249,661,-412
118000299,96,233,-137
118000301,1,112,-111
118000302,165,166,-1
118000311,473,220,253
118000312,315,369,-54
118000313,75,362,-287
118000314,94,161,-67
118000315,72,127,-55
118000316,993,1100,-107
118000325,73,153,-80
118000326,52,83,-31
118000331,39,118,-79
118000332,24,115,-91
118000333,79,191,-112
118000335,337,0,337
118000336,3,603,-600
118000407,203,154,49
118000457,6,30,-24
118000465,4884,7630,-2746
118000480,65,268,-203
118000489,190,675,-485
118000490,198,896,-698
118000492,285,331,-46
118000510,155,41,114
118000514,309,661,-352
118000515,1445,1368,77
118000517,781,497,284
118000524,1508,390,1118
118000525,1418,1354,64
118000530,38,280,-242
118000531,273,451,-178
118000532,382,560,-178
118000533,737,301,436
118000534,1249,865,384
118000535,298,230,68
118000536,1299,2525,-1226
118000537,121,199,-78
118000538,58,231,-173
118000539,37,315,-278
118000540,663,440,223
118000541,769,128,641
118000542,349,387,-38
118000543,897,363,534
118000546,44,55,-11
118000560,5732,2468,3264
118000562,52,711,-659
118000563,4633,2810,1823
118000576,195,272,-77
118000577,210,171,39
118000578,233,194,39
118000579,1159,2072,-913
118000595,258,125,133
118000596,0,87,-87
118000597,110,170,-60
118000598,22,1,21
118000599,40,68,-28
118000600,2,52,-50
118000601,26,0,26
118000602,1,66,-65
118000603,0,56,-56
118900001,2109,2401,-292
118900002,1753,1713,40
118900003,309,73,236
118900004,153,126,27
118900005,70,4,66
118900006,137,7,130
118900007,7,7,0
118900008,2467,72,2395
118900009,50,37,13
118900010,81,12,69
118900011,242,61,181
118900012,653,422,231
118900013,1099,154,945
118900015,300,117,183
118900016,12,52,-40
118900017,356,326,30
118900018,1960,46,1914
118900019,63,20,43
118900020,278,184,94
118900021,302,710,-408
118900022,230,116,114
118900023,399,258,141
118900024,182,343,-161
118900025,189,69,120
118900026,83,145,-62
118900027,840,580,260
118900028,322,370,-48
118900029,447,786,-339
118900030,380,185,195
118900031,247,193,54
118900032,340,313,27
118900033,1533,951,582
118900034,294,43,251
118900035,231,368,-137
118900036,1257,1386,-129
118900037,1047,416,631
118900038,415,423,-8
118900039,660,389,271
118900040,260,372,-112
118900041,720,326,394
118900042,302,249,53
118900045,392,331,61
118900046,1463,334,1129
118900047,1409,493,916
118900048,1537,254,1283
118900049,127,68,59
118900050,15,185,-170
118900051,89,99,-10
118900052,959,396,563
118900053,46,218,-172
118900054,215,169,46
118900055,70,188,-118
118900056,48,444,-396
118900057,962,558,404
118900058,1124,586,538
118900059,41,177,-136
118900060,63,205,-142
118900062,329,402,-73
118900064,1001,951,50
118900065,69,463,-394
118900066,170,214,-44
118900067,9003,4981,4022
118900068,13,1524,-1511
118900069,545,508,37
118900071,9,102,-93
118900072,735,831,-96
118900073,114,207,-93
118900074,129,261,-132
118900075,93,190,-97
118900076,886,131,755
118900077,364,352,12
118900078,25,5,20
118900079,101,347,-246
118900080,30,195,-165
118900081,100,45,55
118900082,1064,268,796
118900083,38,40,-2
118900084,17,30,-13
118900085,942,1931,-989
118900086,59,136,-77
118900087,32,407,-375
118900088,0,29,-29
118900089,79,29,50
118900090,844,918,-74
118900091,292,460,-168
118900092,108,145,-37
118900093,208,25,183
118900096,79,25,54
118900097,335,1428,-1093
118900099,79,663,-584
118900100,287,359,-72
118900101,97,1189,-1092
118900102,88,145,-57
118900103,65,225,-160
118900104,279,428,-149
118900105,355,141,214
118900107,320,235,85
118900108,138,169,-31
118900109,1674,337,1337
118900110,2805,1346,1459
118900111,631,1171,-540
118900112,166,207,-41
118900113,249,1207,-958
118900114,37,162,-125
118900115,129,826,-697
118900116,154,347,-193
118900117,147,292,-145
118900118,312,773,-461
118900119,202,494,-292
118900120,122,549,-427
118900121,30,458,-428
118900122,31,1588,-1557
118900123,222,406,-184
118900124,204,395,-191
118900126,38,573,-535
118900129,556,406,150
118900130,46,193,-147
118900131,178,511,-333
118900132,1303,387,916
118900133,40,147,-107
118900135,371,469,-98
118900136,380,1218,-838
118900137,19,50,-31
118900139,315,929,-614
118900140,672,1340,-668
118900141,77,363,-286
118900144,359,924,-565
118900145,52,343,-291
118900146,410,1358,-948
118900147,848,204,644
118900148,100,160,-60
118900150,288,899,-611
118900152,750,1645,-895
118900157,258,320,-62
118900158,90,148,-58
118900159,1,337,-336
118900161,338,15,323
118900163,458,110,348
118900164,16,184,-168
118900165,76,433,-357
118900166,22,2,20
118900167,151,250,-99
118900168,7,173,-166
118900169,156,879,-723
118900170,195,240,-45
118900171,24,68,-44
118900174,56,156,-100
118900175,487,692,-205
118900176,172,359,-187
118900177,71,111,-40
118900178,89,212,-123
118900179,0,67,-67
118900181,153,224,-71
118900182,209,69,140
118900183,39,141,-102
118900184,330,116,214
118900185,145,294,-149
118900186,94,149,-55
118900187,299,597,-298
118900188,465,563,-98
118900189,59,1412,-1353
118900190,18,1017,-999
118900191,245,119,126
118900192,265,53,212
118900193,653,19,634
118900195,653,1714,-1061
118900196,40,351,-311
118900197,222,166,56
118900198,20,73,-53
118900199,77,122,-45
118900200,20,23,-3
118900201,53,38,15
118900202,27,96,-69
118900203,19,95,-76
118900204,25,40,-15
118900205,12,26,-14
118900206,0,36,-36
119000001,2017,3108,-1091
119000002,4803,6458,-1655
119000003,2967,2782,185
119000004,4944,2991,1953
119000005,5208,4310,898
119000006,3298,2819,479
119000007,6206,6217,-11
119000008,4349,3796,553
119000009,5944,6438,-494
119000010,13428,6545,6883
119000011,9491,4656,4835
119000012,6984,5384,1600
119000013,3265,2136,1129
119000014,4796,6122,-1326
119000019,405,380,25
119000020,2703,2595,108
119000021,5442,4331,1111
119000022,7612,5301,2311
119000023,814,464,350
119000024,3960,14888,-10928
119000025,23777,2333,21444
119000026,335,468,-133
119000027,989,849,140
119000028,3743,3192,551
119000029,198,449,-251
119000030,775,2431,-1656
119000031,1066,1077,-11
119000032,4338,4398,-60
119000033,3687,3626,61
119000034,1697,1875,-178
119000035,40,697,-657
119000036,1828,1877,-49
119000037,1471,3718,-2247
119000038,263,2238,-1975
119000039,387,613,-226
119000040,2757,1162,1595
119000041,2109,2402,-293
119000048,5790,6069,-279
119000049,2486,5307,-2821
119000050,3039,5334,-2295
119000051,4142,1694,2448
119000052,3555,6013,-2458
119000053,2726,1843,883
119000054,3951,6989,-3038
119000055,4259,6040,-1781
119000056,2674,3624,-950
119000057,1863,4513,-2650
119000058,2922,4203,-1281
119000059,1847,3411,-1564
119000060,2305,1681,624
119000061,1448,1528,-80
119000062,1572,2175,-603
119000063,548,715,-167
119000064,3028,3131,-103
119000065,3258,5904,-2646
119000066,3667,1796,1871
119000067,2902,4555,-1653
119000068,2066,1857,209
119000069,2057,5392,-3335
119000070,2595,1805,790
119000071,748,1588,-840
119000072,13761,6588,7173
119000073,10669,10530,139
119000074,1658,6078,-4420
119000075,1956,4248,-2292
119000076,997,1647,-650
119000077,1797,1029,768
119000078,712,336,376
119000079,196,1157,-961
119000080,368,420,-52
119000081,905,910,-5
119000082,2545,454,2091
119000083,739,622,117
119000084,433,991,-558
119000085,1029,510,519
119000086,318,811,-493
119000087,2526,1711,815
119000088,325,311,14
119000089,75,324,-249
119000090,197,254,-57
119000091,172,744,-572
119000092,870,384,486
119000093,7398,6453,945
119000094,3272,13553,-10281
119000095,1959,5532,-3573
119000097,4890,3123,1767
119000098,1151,3553,-2402
119000099,3473,4229,-756
119000100,4576,3430,1146
119000101,7048,3623,3425
119000102,1455,1477,-22
119000103,2893,940,1953
119000104,5766,2575,3191
119000105,1475,2245,-770
119000106,519,3350,-2831
119000107,896,811,85
119000108,494,2007,-1513
119000109,271,954,-683
119000110,1380,1132,248
119000111,130,1016,-886
119000112,372,206,166
119000113,5003,602,4401
119000114,1288,1502,-214
119000115,265,582,-317
119000116,249,218,31
119000117,199,663,-464
119000118,0,7,-7
119000123,11362,1243,10119
119000124,920,408,512
119000125,3660,1811,1849
119000126,516,1491,-975
119000127,622,1566,-944
119000128,93,11,82
119000131,1104,1518,-414
119000132,6,12,-6
119000133,3,8,-5
119000134,5804,1158,4646
119000135,248,291,-43
119000136,195,370,-175
119000137,214,784,-570
119000138,372,615,-243
119000139,327,470,-143
119000140,248,532,-284
119000284,1974,5623,-3649
119000285,3766,3999,-233
119000286,10887,9748,1139
119000287,2278,4076,-1798
119000288,3998,2775,1223
119000289,5565,7178,-1613
119000290,308,1211,-903
119000291,12,625,-613
119000293,123,376,-253
119000294,37,62,-25
119000295,4644,1170,3474
119000296,131,223,-92
119000302,5613,2417,3196
119000303,84,455,-371
119000314,2113,12887,-10774
119000315,2,901,-899
119000316,93,167,-74
119000317,53,658,-605
119900001,437,1934,-1497
119900002,223,494,-271
119900003,84,2038,-1954
119900004,446,984,-538
119900005,280,270,10
119900006,354,653,-299
119900007,1139,189,950
119900008,131,56,75
119900009,980,968,12
119900010,3428,2705,723
119900011,25,83,-58
119900012,42,125,-83
119900013,2675,1697,978
119900014,1149,555,594
119900015,126,36,90
119900016,53,225,-172
119900017,24,56,-32
119900018,3173,1091,2082
119900019,54,17,37
119900020,191,267,-76
119900021,242,128,114
119900022,244,604,-360
119900023,1742,1511,231
119900025,151,53,98
119900026,1874,193,1681
119900027,34,41,-7
119900028,282,81,201
119900029,4,11,-7
119900030,672,921,-249
119900031,78,436,-358
119900033,3619,334,3285
119900034,357,213,144
119900037,176,89,87
119900038,96,386,-290
119900039,45,10,35
119900040,196,28,168
119900041,142,83,59
119900042,141,300,-159
119900043,104,298,-194
119900044,412,804,-392
119900046,113,116,-3
119900047,329,72,257
119900048,30,65,-35
119900049,110,15,95
119900050,121,168,-47
119900051,1043,23,1020
119900052,58,72,-14
119900053,199,368,-169
119900054,143,9,134
119900055,1466,595,871
119900057,173,163,10
119900058,251,0,251
119900059,458,78,380
119900060,255,23,232
119900061,278,13,265
119900062,55,55,0
119900063,44,103,-59
119900064,489,95,394
119900065,304,16,288
119900066,1,1,0
119900067,128,62,66
119900068,449,3,446
119900069,93,12,81
119900070,1332,76,1256
119900071,583,26,557
119900072,418,813,-395
119900073,3549,960,2589
119900074,144,55,89
119900075,10541,4069,6472
119900076,539,771,-232
119900077,909,2158,-1249
119900078,446,1496,-1050
119900079,231,570,-339
119900080,498,631,-133
119900081,62,153,-91
119900082,1727,1034,693
119900083,579,140,439
119900084,2169,428,1741
119900085,256,151,105
119900086,262,1263,-1001
119900087,2778,659,2119
119900088,61,91,-30
119900089,34,984,-950
119900090,300,136,164
119900091,154,2144,-1990
119900092,76,898,-822
119900093,1703,381,1322
119900094,49,380,-331
119900095,355,190,165
119900096,88,174,-86
119900097,1080,370,710
119900098,91,160,-69
119900099,61,500,-439
119900100,4965,4336,629
119900101,381,2132,-1751
119900102,50,592,-542
119900103,43,924,-881
119900104,46,463,-417
119900105,2099,6873,-4774
119900106,30,393,-363
119900107,675,6615,-5940
119900108,6854,1209,5645
119900109,53,660,-607
119900110,807,1603,-796
119900111,114,675,-561
119900112,5511,1083,4428
119900113,163,653,-490
119900114,352,3464,-3112
119900115,277,2083,-1806
119900116,207,758,-551
119900117,347,1779,-1432
119900118,66,1982,-1916
119900119,283,478,-195
119900120,945,1412,-467
119900121,322,2509,-2187
119900122,587,630,-43
119900123,382,573,-191
119900124,286,2040,-1754
119900125,58,737,-679
119900126,12321,671,11650
119900127,4785,1834,2951
119900128,487,1574,-1087
119900129,330,1728,-1398
119900130,56,679,-623
119900131,47,631,-584
119900132,1,681,-680
119900133,50,89,-39
119900134,4583,578,4005
119900135,1,1009,-1008
119900136,267,945,-678
119900138,635,1447,-812
119900139,78,188,-110
119900140,2,278,-276
119900141,299,1265,-966
119900142,25,65,-40
119900143,37,491,-454
119900144,4311,530,3781
119900145,222,399,-177
119900146,222,455,-233
119900147,0,310,-310
119900148,194,101,93
119900149,3921,5447,-1526
119900150,295,344,-49
119900151,4187,2083,2104
119900152,97,1050,-953
119900153,205,109,96
119900154,17,452,-435
119900155,33,71,-38
119900156,15,7,8
119900157,161,512,-351
119900158,207,120,87
119900159,16,3219,-3203
119900160,47,418,-371
119900161,233,749,-516
119900162,1269,1634,-365
119900163,320,284,36
119900164,0,1,-1
119900165,180,500,-320
119900166,127,40,87
119900167,196,266,-70
119900168,875,846,29
119900169,230,792,-562
119900170,313,359,-46
119900171,1368,900,468
119900172,219,29,190
119900173,16,952,-936
119900174,13,390,-377
119900175,1252,1109,143
119900177,54,394,-340
119900178,15,312,-297
119900179,155,426,-271
119900180,1271,1209,62
119900181,72,133,-61
119900182,10,1102,-1092
119900183,279,1661,-1382
119900184,6351,1284,5067
119900185,76,225,-149
119900186,210,983,-773
119900187,21,1132,-1111
119900188,99,603,-504
119900189,669,446,223
119900190,95,340,-245
119900191,498,174,324
119900192,56,469,-413
119900193,342,376,-34
119900194,29,89,-60
119900195,39,502,-463
119900196,2962,769,2193
119900197,515,182,333
119900198,171,625,-454
119900199,225,48,177
119900200,639,982,-343
119900201,582,369,213
119900202,216,240,-24
119900203,273,617,-344
119900204,353,652,-299
119900205,554,1219,-665
119900206,150,303,-153
119900208,314,314,0
119900209,763,1581,-818
119900210,52,64,-12
119900211,180,20,160
119900212,308,699,-391
119900213,7,102,-95
119900214,37,182,-145
119900215,83,159,-76
119900216,8,121,-113
119900217,17,134,-117
119900218,48,126,-78
119900219,14,233,-219
119900220,5,195,-190
119900221,47,686,-639
119900222,44,470,-426
119900223,31,192,-161
119900224,21,67,-46
119900225,2121,134,1987
119900226,1329,2631,-1302
119900227,2048,821,1227
119900228,180,622,-442
119900229,481,1017,-536
119900230,2779,1294,1485
119900231,243,384,-141
119900232,315,149,166
119900233,73,7,66
119900234,81,147,-66
119900235,97,126,-29
119900236,25,498,-473
119900237,128,1222,-1094
119900238,9,157,-148
119900240,113,237,-124
119900241,265,468,-203
119900242,3853,5856,-2003
119900244,1559,3025,-1466
119900245,232,295,-63
119900246,446,625,-179
119900247,46,132,-86
119900248,114,174,-60
119900249,265,108,157
119900253,8260,905,7355
119900254,122,716,-594
119900255,169,924,-755
119900256,497,1833,-1336
119900257,71,1,70
119900258,124,21,103
119900259,4,322,-318
119900260,202,15,187
119900261,290,405,-115
119900262,0,495,-495
119900263,1851,792,1059
119900264,122,514,-392
119900265,597,899,-302
119900266,321,593,-272
119900267,479,911,-432
119900268,183,449,-266
119900269,1464,2930,-1466
119900271,74,181,-107
119900272,620,147,473
119900275,194,6,188
119900276,74,2,72
119900277,5,8,-3
119900278,683,118,565
119900279,277,721,-444
119900280,1716,403,1313
119900281,2,219,-217
119900282,83,61,22
119900283,15,552,-537
119900284,76,445,-369
119900285,26,137,-111
119900286,9,59,-50
119900288,7,53,-46
119900289,0,52,-52
119900290,7,64,-57
119900291,0,77,-77
119900292,34,40,-6
119900293,11,111,-100
119900294,25,118,-93
119900295,11,33,-22
119900296,22,298,-276
119900297,0,19,-19
119900298,11,8,3
119900299,74,499,-425
119900300,382,438,-56
119900301,601,111,490
119900302,267,200,67
119900303,287,386,-99
119900304,189,54,135
119900305,42,174,-132
119900306,32,3,29
119900307,42,361,-319
119900308,9,39,-30
119900309,56,136,-80
119900310,501,547,-46
119900311,56,314,-258
119900312,160,175,-15
119900313,342,770,-428
119900314,217,500,-283
119900315,1250,4232,-2982
119900318,22,32,-10
119900319,16,643,-627
119900320,261,1072,-811
119900321,109,14,95
120000001,18318,22799,-4481
120000002,3477,5534,-2057
120000003,5198,2973,2225
120000004,3921,3621,300
120000005,7638,3217,4421
120000006,2151,2209,-58
120000007,6438,4195,2243
120000008,1476,2627,-1151
120000009,7902,1593,6309
120000010,2339,4778,-2439
120000011,1753,3924,-2171
120000012,2178,5557,-3379
120000013,3617,4728,-1111
120000014,878,2996,-2118
120000015,3929,2819,1110
120000016,5153,4947,206
120000017,4150,4004,146
120000018,8370,15305,-6935
120000019,1160,2361,-1201
120000020,4895,4910,-15
120000021,2732,3940,-1208
120000022,4189,5571,-1382
120000023,1126,2770,-1644
120000024,2239,3778,-1539
120000025,3122,3863,-741
120000026,1821,3083,-1262
120000027,2078,2979,-901
120000028,2139,1080,1059
120000029,11890,1229,10661
120000030,661,2602,-1941
120000031,3426,21830,-18404
120000032,17329,6240,11089
120000033,6252,3700,2552
120000034,2486,4339,-1853
120000035,2908,4704,-1796
120000036,4324,8432,-4108
120000037,989,2603,-1614
120000038,17309,5433,11876
120000039,789,1434,-645
120000040,222,361,-139
120000041,1765,3147,-1382
120000042,2994,6146,-3152
120000043,7291,5046,2245
120000044,5922,2392,3530
120000045,5784,1730,4054
120000046,2825,3951,-1126
120000047,3620,6340,-2720
120000048,15018,6742,8276
120000049,8671,5130,3541
120000050,9156,9161,-5
120000051,5720,10161,-4441
120000052,23204,4229,18975
120000053,1244,6236,-4992
120000054,1842,10196,-8354
120000055,2227,9609,-7382
120000056,4769,8029,-3260
120000057,3007,1184,1823
120000058,2509,488,2021
120000059,148,1739,-1591
120000061,266,1013,-747
120000062,265,517,-252
120000063,2979,4702,-1723
120000064,326,2577,-2251
120000065,1062,3472,-2410
120000066,283,735,-452
120000067,111,912,-801
120000068,249,1756,-1507
120000069,1028,2572,-1544
120000070,75,1586,-1511
120000071,415,394,21
120000072,585,933,-348
120000073,752,218,534
120000074,175,128,47
120000075,777,412,365
120000076,2294,751,1543
120000077,2059,979,1080
120000078,5298,1580,3718
120000079,285,219,66
120000080,123,328,-205
120000081,459,228,231
120000082,256,247,9
120000083,126,606,-480
120000084,725,813,-88
120000085,497,582,-85
120000086,499,867,-368
120000087,199,1662,-1463
120000088,965,2534,-1569
120000089,1512,1326,186
120000090,966,1032,-66
120000091,1090,2059,-969
120000092,1838,1162,676
120000093,442,1004,-562
120000094,181,1150,-969
120000095,1359,1123,236
120000096,295,1856,-1561
120000098,1279,1805,-526
120000099,647,1180,-533
120000100,965,1484,-519
120000101,735,881,-146
120000102,637,1060,-423
120000103,1781,988,793
120000104,2194,619,1575
120000105,3450,798,2652
120000106,2201,774,1427
120000107,3835,901,2934
120000108,1142,208,934
120000109,1378,146,1232
120000110,104,1721,-1617
120000111,160,2045,-1885
120000112,1024,7145,-6121
120000113,779,5434,-4655
120000114,1183,5622,-4439
120000115,429,4770,-4341
120000116,920,3709,-2789
120000117,2520,2991,-471
120000118,75,36,39
120000119,57,142,-85
120000120,87,74,13
120000121,55,111,-56
120000122,625,533,92
120000123,11032,7915,3117
120000124,499,841,-342
120000125,587,1698,-1111
120000126,668,1471,-803
120000127,4629,1613,3016
120000128,11063,4788,6275
120000129,574,587,-13
120000130,1288,1289,-1
120000131,400,796,-396
120000134,684,2310,-1626
120000135,540,590,-50
120000137,305,3927,-3622
120000138,747,960,-213
120000139,306,1898,-1592
120000140,730,1161,-431
120000141,430,935,-505
120000142,583,1046,-463
120000143,1,159,-158
120000144,94,3,91
120000145,303,4,299
120000146,5263,1863,3400
120000149,780,1836,-1056
120000150,7932,12525,-4593
120000151,581,916,-335
120000152,622,581,41
120000153,370,1844,-1474
120000154,822,853,-31
120000155,158,426,-268
120000156,3049,1382,1667
120000157,1412,1222,190
120000158,1356,1995,-639
120000159,2497,4149,-1652
120000160,2971,2405,566
120000161,3191,5575,-2384
120000162,344,541,-197
120000163,701,2257,-1556
120000164,523,808,-285
120000165,562,1606,-1044
120000166,1424,1121,303
120000167,74,241,-167
120000168,28,577,-549
120000169,115,1070,-955
120000170,142,490,-348
120000171,47,189,-142
120000172,78,106,-28
120000173,9308,716,8592
120000174,1242,16,1226
120000175,2110,21,2089
120000176,1008,48,960
120000177,4215,252,3963
120000178,429,32,397
120000179,1024,92,932
120000180,1310,184,1126
120000181,380,1021,-641
120000182,211,534,-323
120000183,32,335,-303
120000184,261,1542,-1281
120000186,194,175,19
120000187,210,107,103
120000188,1376,181,1195
120000190,3352,52,3300
120000191,3549,66,3483
120000192,2276,48,2228
120000193,1080,19,1061
120000195,167,6,161
120000196,369,148,221
120000197,199,512,-313
120000198,200,266,-66
120000199,129,0,129
120000200,153,2,151
120000201,11,35,-24
120000202,6,113,-107
120000203,46,476,-430
120000207,3,158,-155
120000208,6,488,-482
120000209,3,158,-155
120000210,241,155,86
120000211,94,1,93
120000212,117,0,117
120000213,97,431,-334
120000214,5,614,-609
120000215,3,281,-278
120000216,60,12,48
120000217,1211,2006,-795
120000218,262,1450,-1188
120000219,15,1019,-1004
120000220,16,3466,-3450
120000225,1341,3,1338
120000226,369,1,368
120000227,809,61,748
120000228,11616,4461,7155
120000230,412,26,386
120000231,1523,4150,-2627
120000233,373,56,317
120000235,195,1460,-1265
120000236,1077,1,1076
120000237,7,3389,-3382
120000238,15,729,-714
120000241,1773,6853,-5080
120000412,3146,29,3117
120000413,372,806,-434
120000414,116,8,108
120000415,4,365,-361
120000416,187,20,167
120000417,8,238,-230
120000418,183,58,125
120000419,14,753,-739
120000420,93,46,47
120000421,23674,9317,14357
120000422,321,948,-627
120000423,6,69,-63
120000424,84,268,-184
120000436,183,730,-547
120000437,253,290,-37
120000438,8303,1052,7251
120000439,225,647,-422
120000443,187,6,181
120000444,1552,1559,-7
120000445,2612,2206,406
120000446,1621,472,1149
120000447,200,20,180
120000449,123,26,97
120000450,5,572,-567
120000451,161,549,-388
120000452,109,1,108
120000453,3,1126,-1123
120000454,164,75,89
120000455,119,100,19
120000456,4993,5854,-861
120000457,2817,1559,1258
120000458,964,1053,-89
120000459,92,189,-97
120000665,4406,371,4035
120000668,213,648,-435
120000669,105,634,-529
120000670,443,830,-387
120000671,2346,677,1669
120000672,135,685,-550
120900001,44,103,-59
120900002,1637,731,906
120900003,399,85,314
120900004,3,132,-129
120900005,6,3001,-2995
120900006,337,279,58
120900007,190,365,-175
120900008,290,2218,-1928
120900009,382,53,329
120900010,459,122,337
120900011,739,222,517
120900012,1772,1399,373
120900013,362,114,248
120900014,2,1449,-1447
120900015,869,197,672
120900016,684,110,574
120900017,6313,195,6118
120900018,125,1075,-950
120900019,866,310,556
120900020,1289,1438,-149
120900021,768,186,582
120900022,50,789,-739
120900023,245,68,177
120900024,2492,737,1755
120900025,3108,1893,1215
120900026,355,465,-110
120900027,1470,100,1370
120900028,416,88,328
120900029,257,440,-183
120900030,1415,959,456
120900031,303,125,178
120900032,946,226,720
120900033,1157,93,1064
120900034,53,4149,-4096
120900035,74,383,-309
120900037,224,6,218
120900038,68,217,-149
120900039,92,60,32
120900040,283,4,279
120900041,239,71,168
120900042,388,128,260
120900043,54,44,10
120900044,16,964,-948
120900045,251,290,-39
120900046,445,6,439
120900047,122,93,29
120900048,82,27,55
120900049,334,0,334
120900050,6657,1916,4741
120900051,335,224,111
120900052,578,6,572
120900053,258,187,71
120900054,2383,1466,917
120900055,347,2,345
120900056,397,15,382
120900057,108,23,85
120900058,455,1,454
120900059,56,1,55
120900060,110,75,35
120900061,321,1064,-743
120900062,192,2,190
120900063,477,5,472
120900064,461,1,460
120900065,467,7,460
120900066,341,463,-122
120900067,202,59,143
120900068,213,0,213
120900069,211,108,103
120900071,50,9,41
120900072,625,7,618
120900073,421,428,-7
120900074,626,9,617
120900076,333,2,331
120900077,8495,653,7842
120900078,768,1456,-688
120900079,637,154,483
120900080,607,3423,-2816
120900081,1002,1320,-318
120900082,1059,551,508
120900083,85,2,83
120900084,367,517,-150
120900085,214,193,21
120900086,286,380,-94
120900087,504,291,213
120900088,346,451,-105
120900089,7955,2841,5114
120900090,166,459,-293
120900091,717,704,13
120900092,1855,1311,544
120900093,6386,531,5855
120900094,832,476,356
120900095,847,78,769
120900096,90,439,-349
120900097,1079,1665,-586
120900098,356,279,77
120900099,77,114,-37
120900100,135,614,-479
120900101,936,491,445
120900102,41,555,-514
120900103,111,312,-201
120900104,59,107,-48
120900105,63,1173,-1110
120900106,2025,1030,995
120900107,424,265,159
120900108,11,1486,-1475
120900109,63,1219,-1156
120900110,20,2555,-2535
120900111,280,642,-362
120900112,28,2204,-2176
120900113,51,1591,-1540
120900114,38,328,-290
120900115,219,352,-133
120900116,423,1129,-706
120900117,3,1021,-1018
120900118,29,1571,-1542
120900119,5303,13023,-7720
120900120,100,1288,-1188
120900121,242,874,-632
120900122,493,1227,-734
120900123,5,913,-908
120900124,3,1162,-1159
120900125,5,2256,-2251
120900126,2117,1839,278
120900127,19,989,-970
120900128,1407,2167,-760
120900129,71,630,-559
120900130,3,581,-578
120900131,39,200,-161
120900132,925,752,173
120900133,336,2067,-1731
120900134,910,737,173
120900135,11,1053,-1042
120900136,92,117,-25
120900137,315,219,96
120900138,25,390,-365
120900139,5,1326,-1321
120900140,11,116,-105
120900141,365,285,80
120900142,42,1519,-1477
120900143,3,1523,-1520
120900144,2,362,-360
120900145,140,1312,-1172
120900146,7,1639,-1632
120900147,11,651,-640
120900148,220,304,-84
120900149,1,669,-668
120900150,39,1010,-971
120900151,2,1220,-1218
120900152,0,77,-77
120900153,21,154,-133
120900154,1,625,-624
120900155,170,1942,-1772
120900156,81,554,-473
120900157,115,273,-158
120900158,65,861,-796
120900159,77,274,-197
120900160,39,724,-685
120900161,67,920,-853
120900162,52,1028,-976
120900163,58,679,-621
120900164,1,3,-2
120900165,1,12,-11
120900166,628,452,176
120900167,1025,211,814
120900169,108,1063,-955
120900170,4446,2741,1705
120900171,1846,683,1163
120900172,4838,636,4202
120900173,0,143,-143
120900174,9,257,-248
120900175,397,650,-253
120900176,16,560,-544
120900177,3,1311,-1308
120900178,1,731,-730
120900179,1285,930,355
120900180,301,187,114
120900181,193,158,35
120900182,35,2200,-2165
120900183,433,231,202
120900184,239,163,76
120900185,19,834,-815
120900186,2,840,-838
120900187,654,1589,-935
120900188,151,35,116
120900189,326,945,-619
120900190,54,35,19
120900191,6,77,-71
120900192,23231,6204,17027
120900194,42,136,-94
120900195,189,488,-299
120900196,1266,61,1205
120900197,666,145,521
120900198,359,1047,-688
120900199,586,2929,-2343
120900200,105,224,-119
120900201,983,235,748
120900202,3,431,-428
120900203,46,140,-94
120900204,216,593,-377
120900205,89,144,-55
120900206,12,102,-90
121000001,2615,1976,639
121000002,9509,4560,4949
121000003,7004,3792,3212
121000004,6571,17142,-10571
121000005,4466,5500,-1034
121000006,7653,3351,4302
121000007,7447,4646,2801
121000008,17864,7270,10594
121000009,12843,11298,1545
121000010,21464,15137,6327
121000011,14439,25373,-10934
121000012,27470,21547,5923
121000013,8761,14377,-5616
121000014,12285,14782,-2497
121000015,12299,12604,-305
121000016,9046,9827,-781
121000017,3654,6254,-2600
121000018,3554,3190,364
121000019,31167,17193,13974
121000020,19577,20855,-1278
121000021,5425,5777,-352
121000022,3628,3596,32
121000023,6712,5610,1102
121000024,5855,7854,-1999
121000025,1426,2760,-1334
121000026,564,279,285
121000027,2874,1811,1063
121000028,1549,766,783
121000029,2048,1239,809
121000030,1221,765,456
121000031,1773,1225,548
121000032,428,142,286
121000034,1989,318,1671
121000035,1026,148,878
121000036,3484,1757,1727
121000037,1845,972,873
121000038,1782,1395,387
121000039,1295,695,600
121000041,917,818,99
121000042,471,559,-88
121000043,1795,1180,615
121000044,4287,1238,3049
121000045,780,602,178
121000046,962,1720,-758
121000047,180,129,51
121000049,3772,1105,2667
121000050,635,2000,-1365
121000051,1544,532,1012
121000052,668,1186,-518
121000053,1207,207,1000
121000054,102,691,-589
121000055,2810,1927,883
121000056,1589,1884,-295
121000057,406,776,-370
121000058,555,198,357
121000059,4185,2064,2121
121000060,687,1497,-810
121000061,930,393,537
121000062,432,535,-103
121000063,1052,880,172
121000064,958,952,6
121000065,1158,701,457
121000066,818,537,281
121000067,2294,620,1674
121000068,1060,477,583
121000069,1397,960,437
121000070,3981,1964,2017
121000071,2886,2410,476
121000072,3369,1237,2132
121000073,4337,1365,2972
121000074,482,192,290
121000075,181,288,-107
121000076,2604,726,1878
121000077,360,340,20
121000078,201,176,25
121000080,4850,1352,3498
121000081,6146,8361,-2215
121000082,216,302,-86
121000083,615,198,417
121000084,466,180,286
121000085,413,884,-471
121000086,248,1288,-1040
121000087,109,425,-316
121000088,604,1372,-768
121000089,768,614,154
121000090,1148,668,480
121000091,2674,1517,1157
121000092,255,180,75
121000093,238,328,-90
121000094,623,1270,-647
121000095,507,805,-298
121000096,2950,4601,-1651
121000097,1907,3295,-1388
121000098,669,1869,-1200
121000099,619,1329,-710
121000100,1155,794,361
121000101,391,399,-8
121000102,371,536,-165
121000103,257,416,-159
121000104,402,282,120
121000105,522,362,160
121000106,312,585,-273
121000107,4982,6475,-1493
121000109,2941,2076,865
121000110,591,1257,-666
121000114,5819,3188,2631
121000115,1992,1426,566
121000116,593,1659,-1066
121000117,1375,492,883
121000118,2279,476,1803
121000119,479,657,-178
121000120,343,691,-348
121000121,950,1630,-680
121000123,2601,794,1807
121000126,191,573,-382
121000127,669,191,478
121000128,1058,695,363
121000129,1152,799,353
121000130,631,1671,-1040
121000131,3690,2566,1124
121000132,2105,2330,-225
121000135,661,1091,-430
121000136,3031,846,2185
121000137,668,504,164
121000138,1952,1449,503
121000139,1186,240,946
121000141,764,287,477
121000142,1538,1083,455
121000143,153,33,120
121000144,1600,2513,-913
121000145,1052,1886,-834
121000146,2927,1755,1172
121000147,1534,1087,447
121000148,1896,1752,144
121000149,4914,2356,2558
121000152,1184,1394,-210
121000153,3811,1813,1998
121000154,1687,2560,-873
121000155,2773,2330,443
121000156,678,2201,-1523
121000157,2323,4732,-2409
121000158,575,1704,-1129
121000159,329,1200,-871
121000160,434,1099,-665
121000161,282,543,-261
121000162,120,393,-273
121000165,3361,2608,753
121000166,65,1071,-1006
121000168,914,622,292
121000169,167,242,-75
121000170,576,640,-64
121000171,117,323,-206
121000172,1241,923,318
121000173,2552,1771,781
121000174,454,638,-184
121000175,1768,667,1101
121000176,638,349,289
121000177,3541,1119,2422
121000178,296,78,218
121000179,110,99,11
121000181,510,1185,-675
121000182,246,249,-3
121000183,86,122,-36
121000184,232,142,90
121000185,109,271,-162
121000186,333,628,-295
121000187,207,395,-188
121000188,301,348,-47
121000192,1216,860,356
121000193,1172,844,328
121000194,5045,4088,957
121000195,1045,1683,-638
121000196,2238,427,1811
121000197,920,1274,-354
121000198,1186,211,975
121000199,441,754,-313
121000200,1594,150,1444
121000201,37,404,-367
121000202,777,9,768
121000203,1749,3851,-2102
121000204,4436,1302,3134
121000205,633,563,70
121000206,584,69,515
121000207,2725,712,2013
121000208,21,634,-613
121000209,424,631,-207
121000210,567,1141,-574
121000211,524,298,226
121000212,459,1494,-1035
121000213,15763,5774,9989
121000214,1380,6279,-4899
121000215,2385,1815,570
121000216,1276,1519,-243
121000217,12620,5927,6693
121000218,1400,3517,-2117
121000219,5726,838,4888
121000220,690,81,609
121000221,405,563,-158
121000222,4969,3795,1174
121000223,1685,392,1293
121000224,792,264,528
121000225,5013,1788,3225
121000226,16507,1883,14624
121000227,15,410,-395
121000228,27,1229,-1202
121000229,621,834,-213
121000230,120,2965,-2845
121000231,1309,71,1238
121000232,549,477,72
121000233,1126,498,628
121000234,36,59,-23
121000235,124,69,55
121000236,24,89,-65
121000237,62,32,30
121000238,4,145,-141
121000239,50,6,44
121000240,15,545,-530
121000241,130,17,113
121000242,52,262,-210
121000243,468,103,365
121000244,11,70,-59
121000245,138,24,114
121000246,2,113,-111
121000247,128,5,123
121000248,1330,813,517
121000249,261,461,-200
121000250,1178,183,995
121000251,26,908,-882
121000252,134,113,21
121000253,475,794,-319
121000254,768,565,203
121000255,626,297,329
121000256,1228,305,923
121000257,148,159,-11
121000258,618,82,536
121000259,171,80,91
121000260,457,312,145
121000261,450,52,398
121000262,1722,2004,-282
121000263,446,684,-238
121000271,464,2709,-2245
121000273,520,11,509
121000274,114,80,34
121000275,2,51,-49
121000276,10,39,-29
121000278,86,107,-21
121000279,190,26,164
121000280,426,78,348
121000289,405,41,364
121000290,2788,1096,1692
121000294,171,311,-140
121000297,2357,2607,-250
121000299,1145,414,731
121000300,1264,1228,36
121000302,218,1997,-1779
121000303,943,1037,-94
121000304,699,97,602
121000305,274,100,174
121000306,246,213,33
121000308,381,1060,-679
121000309,926,1332,-406
121000310,347,770,-423
121000311,159,1704,-1545
121000312,702,677,25
121000313,1033,1454,-421
121000314,172,215,-43
121000315,77,163,-86
121000530,1984,2726,-742
121000531,2225,2561,-336
121000532,10475,9334,1141
121000533,4022,5064,-1042
121000918,188,290,-102
121000919,80,78,2
121000938,537,875,-338
121000939,816,722,94
121000956,1333,2680,-1347
121000957,9,14,-5
121000958,1066,111,955
121000959,974,1370,-396
121000960,2879,3023,-144
121000961,249,219,30
121000962,441,1977,-1536
121000973,3,240,-237
121000976,33,265,-232
121000979,579,200,379
121000981,427,292,135
121000982,442,437,5
121000983,775,616,159
121000984,314,82,232
121000985,629,1437,-808
121000986,337,639,-302
121000987,514,2813,-2299
121000988,1143,230,913
121001302,665,290,375
121001308,158,7,151
121001309,241,80,161
121001313,400,421,-21
121001314,4858,6724,-1866
121001315,6691,4234,2457
121900001,154,271,-117
121900002,323,28,295
121900003,651,13,638
121900004,498,746,-248
121900005,35,9,26
121900006,103,18,85
121900007,4468,4442,26
121900008,1736,685,1051
121900009,1029,35,994
121900010,290,2,288
121900011,566,714,-148
121900012,35,0,35
121900013,2761,94,2667
121900014,2344,585,1759
121900015,230,323,-93
121900016,10,79,-69
121900017,675,870,-195
121900018,416,16,400
121900019,537,419,118
121900020,92,2,90
121900021,1299,38,1261
121900022,249,355,-106
121900023,147,765,-618
121900024,558,136,422
121900025,816,653,163
121900026,819,60,759
121900027,679,228,451
121900028,621,36,585
121900029,295,438,-143
121900030,1275,1569,-294
121900031,2430,15540,-13110
121900032,156,183,-27
121900033,212,274,-62
121900034,1250,126,1124
121900035,4202,3819,383
121900036,149,671,-522
121900037,268,932,-664
121900038,59,303,-244
121900039,816,77,739
121900040,76,129,-53
121900041,103,282,-179
121900042,578,232,346
121900043,2,15,-13
121900044,329,131,198
121900046,386,409,-23
121900047,320,109,211
121900048,106,239,-133
121900050,42,54,-12
121900051,179,272,-93
121900052,228,73,155
121900053,750,840,-90
121900054,1204,1334,-130
121900055,1,18,-17
121900058,791,369,422
121900059,693,281,412
121900060,163,446,-283
121900061,410,292,118
121900062,197,212,-15
121900063,2886,499,2387
121900064,422,1120,-698
121900066,75,43,32
121900067,75,59,16
121900069,233,286,-53
121900070,861,257,604
121900071,309,487,-178
121900072,49,301,-252
121900073,350,328,22
121900074,1070,1625,-555
121900075,1938,591,1347
121900076,1982,967,1015
121900077,46,90,-44
121900078,70,63,7
121900079,0,0,0
121900080,1656,762,894
121900082,40,231,-191
121900084,18,314,-296
121900085,3,23,-20
121900086,7,61,-54
121900087,211,84,127
121900088,3346,5497,-2151
121900089,265,591,-326
121900090,39,152,-113
121900091,73,204,-131
121900092,162,135,27
121900093,111,150,-39
121900094,20,14,6
121900095,353,230,123
121900096,2885,1203,1682
121900097,774,248,526
121900098,10,15,-5
121900099,260,62,198
121900100,309,569,-260
121900101,207,218,-11
121900102,11,225,-214
121900103,1419,339,1080
121900104,2122,563,1559
121900105,334,327,7
121900106,8,11,-3
121900107,66,48,18
121900108,6,57,-51
121900109,743,276,467
121900110,531,1729,-1198
121900111,1886,200,1686
121900112,205,195,10
121900113,156,1240,-1084
121900114,67,182,-115
121900115,225,664,-439
121900117,901,70,831
121900118,4297,873,3424
121900119,224,162,62
121900120,60,2855,-2795
121900121,1079,114,965
121900122,27,79,-52
121900123,373,825,-452
121900124,131,226,-95
121900125,1762,2507,-745
121900127,10,184,-174
121900128,120,162,-42
121900129,986,248,738
121900130,277,309,-32
121900131,523,98,425
121900132,109,149,-40
121900133,150,601,-451
121900134,30,165,-135
121900135,3539,507,3032
121900136,367,747,-380
121900137,81,588,-507
121900138,346,432,-86
121900139,714,721,-7
121900140,126,310,-184
121900141,75,24,51
121900142,158,273,-115
121900143,15,288,-273
121900144,188,447,-259
121900145,348,464,-116
121900146,1189,1188,1
121900147,69,245,-176
121900148,297,387,-90
121900149,859,1202,-343
121900150,95,233,-138
121900151,85,308,-223
121900152,151,276,-125
121900153,145,873,-728
121900154,25,336,-311
121900155,9,184,-175
121900156,343,142,201
121900157,8,675,-667
121900158,185,143,42
121900159,4,289,-285
121900160,128,405,-277
121900161,686,532,154
121900162,159,248,-89
121900163,317,1041,-724
121900164,715,286,429
121900165,357,256,101
121900166,322,272,50
121900167,205,177,28
121900168,276,215,61
121900169,15,469,-454
121900170,3,407,-404
121900171,901,1135,-234
121900172,774,417,357
121900173,1928,382,1546
121900174,35,76,-41
121900175,684,250,434
121900176,1357,2668,-1311
121900177,253,137,116
121900178,17,10,7
121900179,661,228,433
121900180,8795,5386,3409
121900182,2199,364,1835
121900183,903,1458,-555
121900184,87,892,-805
121900186,17,552,-535
121900187,53,237,-184
121900188,829,931,-102
121900189,103,159,-56
121900190,847,946,-99
121900191,109,776,-667
121900192,624,1143,-519
121900193,49,78,-29
121900194,9,296,-287
121900195,163,128,35
121900196,1777,2424,-647
121900197,682,3235,-2553
121900198,1696,2507,-811
121900199,4,35,-31
121900200,358,360,-2
121900201,1858,914,944
121900202,301,1087,-786
121900203,294,2010,-1716
121900204,1676,2626,-950
121900205,60,85,-25
121900206,20,35,-15
121900207,346,79,267
121900208,298,402,-104
121900209,68,31,37
121900210,2781,2424,357
121900211,310,348,-38
121900212,207,193,14
121900213,140,137,3
121900214,17,1658,-1641
121900215,98,121,-23
121900216,395,271,124
121900217,358,177,181
121900218,428,1045,-617
121900219,760,115,645
121900220,224,32,192
121900221,412,1170,-758
121900222,315,261,54
121900223,469,118,351
121900224,191,85,106
121900225,657,115,542
121900226,539,841,-302
121900227,264,744,-480
121900228,357,540,-183
121900229,400,403,-3
121900230,376,435,-59
121900231,542,2066,-1524
121900232,744,753,-9
121900233,407,385,22
121900234,1230,613,617
121900235,691,385,306
121900236,553,304,249
121900237,518,397,121
121900238,355,616,-261
121900239,307,88,219
121900240,239,280,-41
121900241,57,104,-47
121900242,4,0,4
121900243,13,0,13
121900244,38,3,35
121900245,314,164,150
121900246,4518,727,3791
121900247,448,409,39
121900248,2082,1690,392
121900250,346,380,-34
121900251,452,77,375
121900252,932,234,698
121900253,248,1210,-962
121900254,670,417,253
121900255,279,177,102
121900258,4866,3691,1175
121900259,463,1130,-667
121900260,276,359,-83
121900261,167,1059,-892
121900262,550,2991,-2441
121900263,249,805,-556
121900264,3375,3055,320
121900265,450,627,-177
121900266,385,352,33
121900267,102,84,18
121900269,399,906,-507
121900270,54,316,-262
121900271,57,252,-195
121900273,1403,3761,-2358
121900274,505,426,79
121900276,4442,215,4227
121900277,737,1902,-1165
121900278,562,1346,-784
121900279,195,276,-81
121900280,620,535,85
121900281,1092,414,678
121900284,221,39,182
121900286,200,260,-60
121900287,42,28,14
121900290,374,496,-122
121900291,728,1086,-358
121900292,655,183,472
121900293,1647,4979,-3332
121900294,421,10,411
121900295,220,449,-229
121900296,355,252,103
121900298,928,905,23
121900299,0,0,0
121900300,45,1,44
121900301,132,1,131
121900302,1,30,-29
121900303,1587,669,918
121900304,0,3,-3
121900305,5,6,-1
121900306,127,1,126
121900307,31,7,24
121900308,49,346,-297
121900309,62,360,-298
121900310,39,605,-566
121900311,376,24,352
121900312,276,25,251
121900313,418,44,374
121900314,1,107,-106
121900315,12,0,12
121900316,0,7,-7
121900317,15,2,13
121900318,2,12,-10
121900319,29,117,-88
121900320,75,143,-68
121900321,11,5,6
121900322,0,32,-32
121900323,29,26,3
121900324,20,125,-105
121900325,9,1,8
121900326,0,12,-12
121900327,2,47,-45
121900328,1,14,-13
121900329,1,125,-124
121900330,1,9,-8
121900331,223,45,178
121900332,106,94,12
121900333,2,0,2
122000001,4086,5887,-1801
122000002,7775,2792,4983
122000003,3362,3141,221
122000004,5106,2590,2516
122000005,4769,2300,2469
122000006,4686,1065,3621
122000007,2392,2892,-500
122000008,9911,9458,453
122000009,725,525,200
122000010,3449,5805,-2356
122000011,5470,2557,2913
122000012,2695,1931,764
122000013,6420,2290,4130
122000014,3294,4673,-1379
122000015,3174,1952,1222
122000016,1148,1541,-393
122000017,1836,1675,161
122000018,2600,1546,1054
122000019,2063,2315,-252
122000020,362,340,22
122000021,995,1047,-52
122000022,2769,2518,251
122000023,995,6572,-5577
122000024,2120,1646,474
122000025,4789,2321,2468
122000026,2375,1318,1057
122000027,950,9454,-8504
122000028,1276,850,426
122000029,1183,632,551
122000030,814,280,534
122000031,487,544,-57
122000032,3897,6998,-3101
122000033,2339,1612,727
122000034,2277,1251,1026
122000035,569,2150,-1581
122000036,1252,905,347
122000037,689,538,151
122000038,459,583,-124
122000039,1167,1029,138
122000040,655,1856,-1201
122000041,1020,861,159
122000042,924,617,307
122000043,277,208,69
122000044,349,310,39
122000045,2951,810,2141
122000046,1772,2197,-425
122000047,683,335,348
122000048,6145,8910,-2765
122000049,10706,3726,6980
122000050,3860,1043,2817
122000051,997,533,464
122000052,1098,388,710
122000053,423,857,-434
122000054,4366,3382,984
122000055,5753,4204,1549
122000056,8359,7221,1138
122000057,5574,5521,53
122000058,6616,1546,5070
122000059,6099,2192,3907
122000060,1733,1044,689
122000061,927,724,203
122000062,2790,500,2290
122000063,2895,1239,1656
122000064,8947,3794,5153
122000065,12924,4084,8840
122000066,3274,1630,1644
122000067,6178,2206,3972
122000068,2882,3585,-703
122000069,1250,1123,127
122000070,1346,11841,-10495
122000071,2112,4310,-2198
122000072,765,608,157
122000073,897,738,159
122000074,5361,2693,2668
122000075,1076,3624,-2548
122000076,2957,1807,1150
122000077,2908,924,1984
122000078,4400,3034,1366
122000079,3541,1492,2049
122000080,2153,599,1554
122000081,446,635,-189
122000082,1532,1114,418
122000083,2700,7324,-4624
122000084,2248,1529,719
122000085,504,6081,-5577
122000086,4098,10017,-5919
122000087,856,305,551
122000088,537,644,-107
122000089,16210,7379,8831
122000090,535,885,-350
122000091,1368,129,1239
122000092,655,48,607
122000093,5362,1596,3766
122000094,17632,3161,14471
122000095,6881,5425,1456
122000096,4677,4061,616
122000098,5715,2542,3173
122000099,9751,1059,8692
122000100,2411,1454,957
122000101,463,2792,-2329
122000102,3000,1755,1245
122000103,3877,2184,1693
122000104,560,322,238
122000105,721,508,213
122000106,830,815,15
122000107,1714,1087,627
122000108,664,1112,-448
122000109,531,763,-232
122000110,671,605,66
122000111,4792,1921,2871
122000112,1463,2312,-849
122000113,1197,1186,11
122000114,11582,2941,8641
122000115,2483,5132,-2649
122000116,741,827,-86
122000117,2048,666,1382
122000118,597,1114,-517
122000119,4578,3118,1460
122000120,3063,5620,-2557
122000121,4042,4258,-216
122000122,1070,2547,-1477
122000123,3123,3184,-61
122000124,1739,1021,718
122000125,880,1200,-320
122000126,974,1866,-892
122000127,2123,1768,355
122000128,984,1541,-557
122000129,804,2430,-1626
122000130,4694,1574,3120
122000131,1913,1840,73
122000132,921,800,121
122000133,2136,3568,-1432
122000134,1065,1047,18
122000135,1114,1135,-21
122000136,1171,768,403
122000137,2502,1471,1031
122000139,4929,7677,-2748
122000140,3268,1141,2127
122000141,9437,2162,7275
122000142,1305,1310,-5
122000143,920,585,335
122000144,3189,1987,1202
122000145,4900,1452,3448
122000146,1612,1666,-54
122000147,2263,677,1586
122000148,5468,2356,3112
122000149,2931,2328,603
122000150,2079,1610,469
122000151,361,566,-205
122000152,641,659,-18
122000153,730,489,241
122000154,460,320,140
122000155,2179,4404,-2225
122000156,3271,3271,0
122000157,4114,2166,1948
122000158,878,863,15
122000159,2079,2571,-492
122000160,5538,3193,2345
122000161,1522,1396,126
122000162,3053,2679,374
122000163,376,105,271
122000164,60,93,-33
122000165,1771,1284,487
122000166,2579,2218,361
122000167,359,351,8
122000168,480,832,-352
122000169,1481,372,1109
122000170,549,350,199
122000171,86,99,-13
122000172,2410,2799,-389
122000173,2159,4111,-1952
122000174,5456,1296,4160
122000175,2754,502,2252
122000176,475,1048,-573
122000177,3070,1959,1111
122000178,6030,8286,-2256
122000179,3412,5763,-2351
122000180,2838,2303,535
122000181,3298,6089,-2791
122000182,3389,3367,22
122000183,2925,2601,324
122000184,3673,3382,291
122000185,2076,1733,343
122000186,1439,1278,161
122000187,5267,1694,3573
122000188,677,330,347
122000189,502,694,-192
122000190,2941,1586,1355
122000191,2942,1702,1240
122000192,2006,581,1425
122000193,753,891,-138
122000194,2407,379,2028
122000195,552,683,-131
122000196,1547,945,602
122000197,767,987,-220
122000198,1419,1321,98
122000199,991,578,413
122000200,2893,1451,1442
122000201,2268,1771,497
122000202,2140,1755,385
122000203,4793,2234,2559
122000204,2381,3324,-943
122000205,2047,3169,-1122
122000206,3631,1495,2136
122000207,2525,2041,484
122000208,7145,2365,4780
122000209,6629,671,5958
122000210,5038,3016,2022
122000211,4524,1746,2778
122000212,1758,899,859
122000213,2415,1986,429
122000214,3794,3613,181
122000215,3976,2355,1621
122000217,4749,2186,2563
122000218,2016,235,1781
122000219,2804,1651,1153
122000220,630,996,-366
122000221,191,941,-750
122000222,927,232,695
122000223,2447,646,1801
122000225,1926,388,1538
122000226,2696,3730,-1034
122000227,687,6534,-5847
122000228,631,635,-4
122000229,26,729,-703
122000230,92,1136,-1044
122000231,479,1316,-837
122000232,1194,1494,-300
122000233,0,161,-161
122000234,447,333,114
122000235,1274,353,921
122000236,1240,263,977
122000237,204,157,47
122000238,387,467,-80
122000239,987,309,678
122000240,1894,873,1021
122000241,1330,731,599
122000242,1087,176,911
122000243,151,71,80
122000244,37,393,-356
122000245,20,111,-91
122000246,112,136,-24
122000247,914,483,431
122000248,1962,3142,-1180
122000249,1040,1471,-431
122000250,3021,1898,1123
122000251,343,736,-393
122000252,824,241,583
122000253,44,442,-398
122000254,339,164,175
122000255,1237,2788,-1551
122000256,647,2664,-2017
122000257,213,657,-444
122000258,303,565,-262
122000259,37,1115,-1078
122000260,19,205,-186
122000261,8,363,-355
122000262,1,104,-103
122000263,372,228,144
122000264,2835,830,2005
122000265,7207,1460,5747
122000266,15623,1050,14573
122000267,224,129,95
122000268,374,617,-243
122000269,2222,463,1759
122000270,4840,248,4592
122000271,1156,1793,-637
122000272,627,1805,-1178
122000273,687,696,-9
122000274,364,371,-7
122000275,96,380,-284
122000276,952,1020,-68
122000277,1474,2234,-760
122000278,1928,1598,330
122000279,430,836,-406
122000280,1271,1285,-14
122000281,1429,1426,3
122000282,261,363,-102
122000283,661,128,533
122000284,243,114,129
122000285,607,207,400
122000286,186,291,-105
122000287,1665,2470,-805
122000288,665,445,220
122000291,2070,1020,1050
122000293,691,425,266
122000294,222,427,-205
122000295,2533,411,2122
122000296,102,973,-871
122000297,5677,4172,1505
122000299,573,825,-252
122000300,715,999,-284
122000301,24518,4414,20104
122000302,1825,2174,-349
122000303,7891,2210,5681
122000304,100,360,-260
122000305,1366,640,726
122000306,61,1292,-1231
122000307,346,224,122
122000309,225,71,154
122000310,68,93,-25
122000311,542,279,263
122000312,276,182,94
122000313,121,90,31
122000314,182,373,-191
122000315,442,44,398
122000316,1006,409,597
122000317,1656,415,1241
122000318,460,1318,-858
122000319,409,1039,-630
122000320,613,4021,-3408
122000321,177,436,-259
122000322,3568,5641,-2073
122000323,2638,4217,-1579
122000324,3124,2595,529
122000325,1728,2077,-349
122000326,78,248,-170
122000327,792,1078,-286
122000328,2617,1197,1420
122000330,3767,1191,2576
122000332,375,624,-249
122000333,7,213,-206
122000337,1373,2860,-1487
122000338,709,735,-26
122000340,1174,605,569
122000342,3784,1820,1964
122000343,594,1257,-663
122000344,82,40,42
122000345,133,87,46
122000346,611,969,-358
122000348,983,1398,-415
122000349,176,1095,-919
122000351,150,402,-252
122000352,459,246,213
122000353,160,181,-21
122000355,212,229,-17
122000356,5414,1671,3743
122000357,101,35,66
122000358,0,87,-87
122000359,0,57,-57
122000360,1,78,-77
122000362,13,164,-151
122000364,185,734,-549
122000365,2,63,-61
122000366,21,16,5
122000368,1005,1201,-196
122000370,24,116,-92
122000371,20,1,19
122000372,13,2,11
122000381,89,679,-590
122000382,120,389,-269
122000384,10076,3816,6260
122000385,71,2,69
122000386,2405,2341,64
122000387,2443,853,1590
122000388,7918,991,6927
122000389,509,1105,-596
122000390,1240,395,845
122000391,988,232,756
122000392,272,330,-58
122000393,47,297,-250
122000394,847,524,323
122000395,283,266,17
122000396,760,207,553
122000397,103,134,-31
122000398,91,129,-38
122000399,205,116,89
122000400,444,582,-138
122000401,318,129,189
122000402,424,264,160
122000403,829,2011,-1182
122000404,217,606,-389
122000408,1310,2601,-1291
122000503,20,339,-319
122000524,253,181,72
122000544,120,9702,-9582
122000616,627,5,622
122000640,100,290,-190
122000641,130,671,-541
122000642,1809,2014,-205
122000643,53,271,-218
122000644,339,24,315
122000645,139,1000,-861
122000651,5561,1146,4415
122000664,550,78,472
122000665,1781,813,968
122000666,940,1864,-924
122000673,79,643,-564
122000674,178,77,101
122000675,2628,2119,509
122000686,581,2182,-1601
122000687,3611,609,3002
122000688,302,1334,-1032
122000689,1338,1137,201
122000690,1622,1003,619
122000691,690,4200,-3510
122000692,1881,665,1216
122000693,597,3510,-2913
122000695,361,1010,-649
122000696,460,606,-146
122000698,376,1702,-1326
122000699,341,240,101
122000701,1754,582,1172
122000702,759,2964,-2205
122000703,258,140,118
122000717,305,123,182
122000718,556,1487,-931
122000719,292,138,154
122000720,423,502,-79
122900001,57,24,33
122900002,2322,7597,-5275
122900003,680,82,598
122900004,1948,69,1879
122900005,124,105,19
122900006,1335,821,514
122900007,330,72,258
122900008,1347,187,1160
122900009,1872,914,958
122900010,383,345,38
122900012,282,515,-233
122900013,0,0,0
122900014,265,609,-344
122900015,4318,1152,3166
122900016,290,574,-284
122900017,1151,1532,-381
122900018,638,27,611
122900019,12,254,-242
122900020,668,748,-80
122900021,91,1466,-1375
122900022,916,1395,-479
122900023,680,606,74
122900024,185,169,16
122900025,12,448,-436
122900026,281,586,-305
122900027,127,1131,-1004
122900028,210,306,-96
122900029,8429,5325,3104
122900030,2560,856,1704
122900031,481,347,134
122900032,195,444,-249
122900033,389,237,152
122900034,7085,14834,-7749
122900035,116,22,94
122900036,116,694,-578
122900037,1161,200,961
122900038,338,5656,-5318
122900039,86,741,-655
122900040,759,507,252
122900041,333,308,25
122900042,255,442,-187
122900043,1272,305,967
122900044,187,662,-475
122900045,184,163,21
122900046,268,187,81
122900047,1051,374,677
122900048,85,622,-537
122900049,2565,225,2340
122900051,163,227,-64
122900052,84,242,-158
122900053,29,51,-22
122900055,932,233,699
122900057,937,60,877
122900061,683,264,419
122900062,620,1021,-401
122900063,300,611,-311
122900064,1831,1077,754
122900065,890,201,689
122900066,877,484,393
122900067,2647,1321,1326
122900068,227,610,-383
122900069,517,2734,-2217
122900070,526,85,441
122900071,186,656,-470
122900072,36,1169,-1133
122900073,46,474,-428
122900074,957,1281,-324
122900075,2,104,-102
122900076,15,354,-339
122900077,4,293,-289
122900078,186,276,-90
122900080,132,42,90
122900081,896,272,624
122900082,1270,332,938
122900083,247,245,2
122900084,19,448,-429
122900086,16,53,-37
122900087,294,664,-370
122900088,79,130,-51
122900089,192,236,-44
122900090,23,1065,-1042
122900091,234,0,234
122900092,2,355,-353
122900093,5,511,-506
122900094,2,450,-448
122900095,193,12,181
122900096,392,476,-84
122900097,46,29,17
122900098,88,173,-85
122900099,29,11,18
122900100,1020,686,334
122900101,1658,555,1103
122900102,25,27,-2
122900103,88,14,74
122900104,112,13,99
122900105,16,12,4
122900106,5,176,-171
122900107,3,373,-370
122900108,8,364,-356
123000001,4586,680,3906
123000002,11400,6214,5186
123000003,6701,7281,-580
123000004,5682,8288,-2606
123000005,4496,5943,-1447
123000006,4623,5381,-758
123000007,5565,5157,408
123000008,4493,6129,-1636
123000009,9162,5403,3759
123000010,6361,6431,-70
123000011,12461,1513,10948
123000012,2308,4207,-1899
123000013,6745,1350,5395
123000014,2467,6789,-4322
123000015,9376,1741,7635
123000016,11267,6378,4889
123000017,4803,1926,2877
123000018,99,150,-51
123000019,409,473,-64
123000020,190,173,17
123000021,75,326,-251
123000022,718,2801,-2083
123000023,2746,2304,442
123000024,2527,754,1773
123000025,223,196,27
123000026,28,92,-64
123000027,430,643,-213
123000028,1880,241,1639
123000029,1566,775,791
123000030,730,902,-172
123000031,227,647,-420
123000032,447,473,-26
123000033,629,106,523
123000034,1495,1339,156
123000035,481,667,-186
123000036,471,1432,-961
123000037,437,625,-188
123000038,297,404,-107
123000039,790,1784,-994
123000040,1923,578,1345
123000041,2989,1399,1590
123000042,2037,724,1313
123000043,7479,12988,-5509
123000044,10133,4060,6073
123000045,17211,4481,12730
123000046,1716,2257,-541
123000047,4423,2139,2284
123000048,155,750,-595
123000049,14337,12591,1746
123000050,1712,2587,-875
123000051,117,262,-145
123000052,1095,5665,-4570
123000053,3723,5839,-2116
123000054,2169,3018,-849
123000055,1882,4410,-2528
123000056,2210,3373,-1163
123000057,30982,12410,18572
123000058,1211,1512,-301
123000059,769,1031,-262
123000060,1302,574,728
123000061,275,1374,-1099
123000063,1224,1513,-289
123000064,1690,431,1259
123000065,13736,7902,5834
123000066,1589,1812,-223
123000067,1012,874,138
123000068,6085,6548,-463
123000069,11410,7303,4107
123000070,411,1550,-1139
123000071,1412,1992,-580
123000072,1576,2659,-1083
123000073,1724,1486,238
123000074,1671,3196,-1525
123000075,714,1930,-1216
123000076,1266,1732,-466
123000077,3209,5778,-2569
123000078,2157,3186,-1029
123000079,2220,3866,-1646
123000080,3823,4357,-534
123000081,415,1121,-706
123000082,633,2122,-1489
123000083,1802,380,1422
123000084,710,1148,-438
123000085,351,147,204
123000086,697,502,195
123000087,520,674,-154
123000088,1981,1930,51
123000089,648,2538,-1890
123000090,2184,2113,71
123000091,2649,2654,-5
123000092,1539,2395,-856
123000094,985,525,460
123000095,778,1399,-621
123000096,953,748,205
123000097,896,1480,-584
123000098,856,1035,-179
123000099,960,1186,-226
123000100,828,1117,-289
123000101,1048,930,118
123000102,884,1196,-312
123000104,516,729,-213
123000105,932,829,103
123000106,615,725,-110
123000107,812,862,-50
123000108,1246,2285,-1039
123000111,1172,573,599
123000112,1642,1206,436
123000113,1049,3098,-2049
123000114,834,1039,-205
123000115,457,509,-52
123000116,30,232,-202
123000117,2922,4541,-1619
123000118,785,1658,-873
123000119,421,1770,-1349
123000120,839,1573,-734
123000121,786,1015,-229
123000122,670,356,314
123000123,834,1122,-288
123000124,1021,742,279
123000125,2628,1877,751
123000126,3201,5472,-2271
123000127,1847,1116,731
123000128,544,633,-89
123000129,867,482,385
123000130,830,161,669
123000131,1726,1147,579
123000132,732,1055,-323
123000133,574,819,-245
123000134,739,357,382
123000135,2808,2656,152
123000136,386,1798,-1412
123000137,225,714,-489
123000138,181,702,-521
123000139,881,262,619
123000140,238,1347,-1109
123000141,1468,240,1228
123000142,1507,1667,-160
123000143,2787,4137,-1350
123000144,70,112,-42
123000145,444,400,44
123000146,199,186,13
123000147,255,253,2
123000149,709,809,-100
123000150,474,393,81
123000151,498,761,-263
123000152,151,614,-463
123000153,303,1067,-764
123000154,2827,3789,-962
123000155,3947,1520,2427
123000156,79,235,-156
123000157,863,1457,-594
123000158,923,1377,-454
123000159,8449,4117,4332
123000160,1724,1108,616
123000161,2467,2123,344
123000162,1308,2572,-1264
123000163,890,237,653
123000164,2047,443,1604
123000165,546,3066,-2520
123000166,52,245,-193
123000167,223,510,-287
123000168,354,474,-120
123000169,1080,188,892
123000170,82,566,-484
123000171,867,105,762
123000172,298,1008,-710
123000173,1225,352,873
123000174,1615,644,971
123000175,1174,2116,-942
123000176,1743,445,1298
123000177,589,1884,-1295
123000178,1435,269,1166
123000179,65,1382,-1317
123000180,2205,560,1645
123000181,584,2757,-2173
123000182,350,786,-436
123000183,272,710,-438
123000184,190,1549,-1359
123000185,831,718,113
123000186,6,1167,-1161
123000187,709,21,688
123000188,435,1,434
123000189,284,390,-106
123000190,61,103,-42
123000192,24,684,-660
123000193,85,1379,-1294
123000194,656,480,176
123000195,469,46,423
123000196,367,38,329
123000197,90,189,-99
123000198,37,433,-396
123000199,12,886,-874
123000200,814,24,790
123000201,1147,40,1107
123000202,37,1888,-1851
123000203,985,104,881
123000204,111,1637,-1526
123000205,752,3191,-2439
123000206,2152,312,1840
123000207,148,1489,-1341
123000208,830,206,624
123000209,3187,709,2478
123000210,677,2932,-2255
123000211,907,4845,-3938
123000212,4135,768,3367
123000213,1031,98,933
123000215,320,266,54
123000216,548,2129,-1581
123000217,418,80,338
123000218,172,912,-740
123000219,2004,202,1802
123000220,970,166,804
123000221,305,289,16
123000222,872,1200,-328
123000223,374,993,-619
123000224,530,993,-463
123000225,380,140,240
123000226,95,631,-536
123000227,166,522,-356
123000228,360,103,257
123000229,2484,3374,-890
123000232,124,1027,-903
123000233,1307,328,979
123000234,307,1211,-904
123000235,1001,664,337
123000236,414,1488,-1074
123000237,540,124,416
123000238,152,1178,-1026
123000239,828,3195,-2367
123000240,68,639,-571
123000241,1928,189,1739
123000242,232,370,-138
123000243,1072,1412,-340
123000244,1520,955,565
123000245,133,278,-145
123000249,922,1473,-551
123000252,1438,379,1059
123000253,1309,666,643
123000254,1045,2025,-980
123000255,1594,1430,164
123000256,53,426,-373
123000257,6152,4503,1649
123000258,1543,2120,-577
123000259,377,652,-275
123000260,686,1098,-412
123000261,257,493,-236
123000262,141,364,-223
123000263,560,181,379
123000264,267,129,138
123000265,105,287,-182
123000266,895,1586,-691
123000267,694,547,147
123000268,67,90,-23
123000269,54,118,-64
123000270,34,73,-39
123000271,177,93,84
123000272,1426,413,1013
123000273,514,1005,-491
123000274,2065,886,1179
123000275,568,1766,-1198
123000278,6343,4881,1462
123000279,122,240,-118
123000280,732,548,184
123000281,603,192,411
123000282,243,412,-169
123000283,123,122,1
123000284,98,212,-114
123000286,553,446,107
123000287,938,379,559
123000288,2746,1276,1470
123000289,1060,1636,-576
123000291,644,1377,-733
123000294,226,383,-157
123000295,1201,1364,-163
123000296,650,522,128
123000297,533,1288,-755
123000298,693,829,-136
123000299,48,387,-339
123000300,1456,1416,40
123000301,283,424,-141
123000302,107,364,-257
123000303,405,115,290
123000305,1906,1519,387
123000306,144,380,-236
123000309,146,75,71
123000310,140,57,83
123000311,1,208,-207
123000312,948,1500,-552
123000313,537,553,-16
123000315,88,635,-547
123000316,3350,136,3214
123000317,363,74,289
123000318,83,486,-403
123000329,36,33,3
123000337,511,430,81
123000338,1049,78,971
123000339,234,409,-175
123000340,208,905,-697
123000342,16,21,-5
123000343,247,6,241
123000344,2064,910,1154
123000345,495,1177,-682
123000346,447,143,304
123000352,3985,1379,2606
123000353,22,188,-166
123000354,605,22,583
123000355,3,1186,-1183
123000356,536,26,510
123000357,4,507,-503
123000359,3,328,-325
123000360,353,138,215
123000361,1188,423,765
123000362,452,222,230
123000363,179,322,-143
123000364,1424,778,646
123000365,33,610,-577
123000366,571,3294,-2723
123000367,440,2358,-1918
123000370,38,509,-471
123000371,586,47,539
123000372,519,33,486
123000373,25,726,-701
123000374,23,375,-352
123000375,398,78,320
123000376,1515,919,596
123000377,685,33,652
123000378,23,729,-706
123000379,5,361,-356
123000380,131,522,-391
123000381,441,75,366
123000382,1999,231,1768
123000383,505,1724,-1219
123000384,910,143,767
123000385,783,846,-63
123000436,104,1703,-1599
123000507,238,939,-701
123000508,278,1360,-1082
123000517,476,81,395
123000518,41,454,-413
123000519,289,141,148
123000520,123,496,-373
123000521,656,194,462
123000522,287,1096,-809
123000541,4,3,1
123000542,0,56,-56
123000565,581,38,543
123000566,130,1091,-961
123000567,155,428,-273
123000573,54,1590,-1536
123000574,836,147,689
123000575,1510,2284,-774
123000576,1032,3751,-2719
123000577,262,1326,-1064
123000578,1482,95,1387
123000579,7447,8553,-1106
123000580,124,28,96
123000582,737,55,682
123000583,31,1004,-973
123000584,282,510,-228
123000585,3,366,-363
123000586,161,2,159
123000596,200,258,-58
123000597,80,226,-146
123000602,38,9,29
123000603,580,1178,-598
123000604,560,1798,-1238
123000605,1501,196,1305
123000606,3,505,-502
123000609,36,508,-472
123000610,297,180,117
123000613,47,281,-234
123000614,221,135,86
123000615,63,274,-211
123000616,683,104,579
123000617,169,1070,-901
123000618,143,1278,-1135
123000619,1060,77,983
123000620,25,967,-942
123000622,397,27,370
123000624,141,98,43
123000630,817,562,255
123000631,367,3036,-2669
123000632,1679,1959,-280
123000633,1,512,-511
123000634,170,223,-53
123000635,412,154,258
123000636,29,1051,-1022
123000637,140,341,-201
123000638,735,136,599
123000639,1970,4441,-2471
123000640,19,1611,-1592
123900001,2526,85,2441
123900002,48,2250,-2202
123900003,811,1201,-390
123900005,493,275,218
123900006,779,72,707
124000001,3132,214,2918
124000002,187,3234,-3047
124000003,965,271,694
124000004,85,1218,-1133
124000005,1183,770,413
124000006,396,2203,-1807
124000007,1334,273,1061
124000008,27,1309,-1282
124000009,845,622,223
124000010,206,888,-682
124000011,2795,636,2159
124000012,895,1172,-277
124000017,236,160,76
124000018,149,132,17
124000019,155,198,-43
124000020,74,305,-231
124000021,198,118,80
124000022,128,395,-267
124000023,2517,2036,481
124000024,1653,953,700
124000025,1615,2318,-703
124000026,1794,1674,120
124000027,7586,7056,530
124000028,4033,6763,-2730
124000030,4816,1869,2947
124000031,1925,3353,-1428
124000032,8340,1592,6748
124000033,358,935,-577
124000034,4898,917,3981
124000035,54,180,-126
124000036,120,260,-140
124000037,977,1272,-295
124000038,95,76,19
124000039,1877,658,1219
124000040,924,1303,-379
124000041,528,155,373
124000042,106,686,-580
124000043,175,220,-45
124000044,66,519,-453
124000045,800,1067,-267
124000046,318,1191,-873
124000047,1784,1528,256
124000048,1236,3295,-2059
124000049,2022,1158,864
124000050,989,4010,-3021
124000051,1129,916,213
124000052,858,2132,-1274
124000053,679,1821,-1142
124000054,1220,1040,180
124000055,1751,3166,-1415
124000056,6632,2395,4237
124000057,1009,868,141
124000058,599,2304,-1705
124000059,847,1385,-538
124000060,1892,1436,456
124000061,2426,5572,-3146
124000062,7979,3052,4927
124000063,2005,3227,-1222
124000064,4727,2794,1933
124000065,54,555,-501
124000066,249,104,145
124000067,240,454,-214
124000068,17,38,-21
124000069,120,15,105
124000070,108,236,-128
124000071,490,154,336
124000072,363,715,-352
124000073,1345,235,1110
124000074,264,1273,-1009
124000075,359,59,300
124000076,13,366,-353
124000077,2875,1047,1828
124000078,3965,1449,2516
124000079,919,1885,-966
124000080,654,293,361
124000081,335,1348,-1013
124000082,25,191,-166
124000083,79,317,-238
124000084,44,356,-312
124000085,127,79,48
124000086,143,240,-97
124000087,263,122,141
124000088,454,631,-177
124000089,924,606,318
124000090,107,488,-381
124000091,828,157,671
124000092,129,865,-736
124000093,142,193,-51
124000094,261,1012,-751
124000095,90,155,-65
124000096,218,539,-321
124000097,95,245,-150
124000098,58,147,-89
124000099,209,185,24
124000100,86,108,-22
124000101,143,166,-23
124000102,171,187,-16
124000103,101,182,-81
124000104,248,119,129
124000105,88,143,-55
124000106,236,155,81
124000107,20,233,-213
124000108,121,80,41
124000109,167,117,50
124000110,275,196,79
124000111,318,224,94
124000112,1080,1358,-278
124000113,98,104,-6
124000114,415,948,-533
124000115,667,1266,-599
124000116,199,156,43
124000117,112,158,-46
124000118,80,107,-27
124000119,3106,1190,1916
124000120,1714,910,804
124000121,2655,1001,1654
124000122,911,1971,-1060
124000123,1496,774,722
124000124,725,1644,-919
124000125,560,788,-228
124000126,440,994,-554
124000127,1354,698,656
124000128,950,1756,-806
124000129,3115,2267,848
124000130,1260,1179,81
124000131,1720,774,946
124000132,1370,1326,44
124000133,1251,1432,-181
124000134,1139,1297,-158
124000135,2502,2613,-111
124000136,1528,1760,-232
124000137,2299,945,1354
124000138,3001,1991,1010
124000139,1149,42,1107
124000140,70,627,-557
124000141,203,12,191
124000142,12,243,-231
124000143,62,45,17
124000144,13,125,-112
124000145,137,72,65
124000146,57,132,-75
124000148,61,140,-79
124000149,1490,582,908
124000150,442,949,-507
124000151,828,530,298
124000152,1073,1978,-905
124000153,894,1184,-290
124000154,562,1360,-798
124000155,1822,1286,536
124000156,2310,1482,828
124000169,531,994,-463
124000170,1494,764,730
124000171,539,474,65
124000172,827,1034,-207
124000173,730,451,279
124000174,503,1250,-747
124000175,23,189,-166
124000176,75,12,63
124000177,8,40,-32
124000178,51,45,6
124000190,144,59,85
124000191,717,98,619
124000192,4512,662,3850
124000193,1311,1518,-207
124000194,510,989,-479
124000195,516,914,-398
124000196,1811,2019,-208
124000197,78,125,-47
124000198,71,78,-7
124000201,499,1728,-1229
124000202,1031,338,693
124000203,358,1655,-1297
124000204,846,1001,-155
124000205,122,1047,-925
124000206,684,706,-22
124000207,0,92,-92
124000209,483,1102,-619
124000210,418,320,98
124000211,549,6,543
124000212,5,933,-928
124000213,416,704,-288
124000214,318,1290,-972
124000215,429,24,405
124000216,5,964,-959
124000329,174,3765,-3591
124000338,132,1847,-1715
124000339,825,220,605
124000341,1283,135,1148
124000344,47,2,45
124000357,1413,3970,-2557
124000358,1048,2194,-1146
124000359,1850,1169,681
124000360,1077,1001,76
124000361,3947,1104,2843
124000362,2898,2993,-95
124000363,542,667,-125
124000364,1087,1695,-608
124000365,971,1563,-592
124000366,2854,1216,1638
124000367,264,1200,-936
124000368,632,415,217
124000369,274,263,11
124000370,113,1017,-904
124000402,54,18,36
124000403,163,12,151
124000404,9,193,-184
124000405,1500,1087,413
124000406,1354,1372,-18
124000407,11,49,-38
124000411,23,619,-596
124000412,515,18,497
124000413,1172,55,1117
124000414,72,226,-154
124000415,69,354,-285
124000416,175,572,-397
124000417,189,158,31
124000418,118,192,-74
124000419,125,300,-175
124000420,68,142,-74
124000421,52,444,-392
124000422,82,71,11
124000423,291,40,251
124000424,2,149,-147
124000425,33,51,-18
124000426,8,66,-58
124000427,34,25,9
124000428,97,51,46
124000429,78,68,10
124000430,1040,1293,-253
124000431,439,1207,-768
124000432,265,1751,-1486
124000439,11,43,-32
124000442,7,220,-213
124000443,0,13,-13
124000445,210,578,-368
124000446,2284,93,2191
124900001,436,544,-108
124900002,325,810,-485
124900003,1120,888,232
124900004,593,573,20
124900005,572,453,119
124900006,703,591,112
124900008,1828,808,1020
124900009,164,481,-317
124900010,196,83,113
124900011,726,393,333
124900012,729,182,547
124900013,743,238,505
124900014,365,190,175
124900015,326,545,-219
124900016,72,179,-107
124900017,1674,1485,189
124900018,72,10,62
124900020,108,102,6
124900021,331,85,246
124900022,72,46,26
124900024,354,82,272
124900026,408,14,394
124900027,157,467,-310
124900028,1402,275,1127
124900029,12,656,-644
124900030,14,395,-381
124900031,75,725,-650
124900032,369,298,71
124900033,134,762,-628
124900034,7,165,-158
124900035,318,849,-531
124900036,2,84,-82
124900037,250,739,-489
124900038,447,568,-121
124900039,0,30,-30
124900040,248,125,123
124900041,371,1835,-1464
124900042,127,3,124
124900043,663,1880,-1217
124900044,219,9,210
124900045,1222,1426,-204
124900046,2850,304,2546
124900047,147,386,-239
124900048,219,273,-54
124900050,194,504,-310
124900052,162,711,-549
124900053,131,537,-406
124900054,5020,733,4287
124900055,0,199,-199
124900057,28,123,-95
124900060,149,460,-311
124900061,52,14,38
124900062,149,32,117
124900066,0,22,-22
124900067,5,297,-292
124900068,281,938,-657
124900070,95,24,71
124900072,172,88,84
124900074,671,563,108
124900075,236,317,-81
124900076,33,995,-962
124900077,32,177,-145
124900078,167,39,128
124900079,1460,445,1015
124900080,305,1209,-904
124900081,1061,436,625
124900082,498,1539,-1041
124900083,207,964,-757
124900084,4318,185,4133
124900085,1571,436,1135
124900086,195,1290,-1095
124900087,889,155,734
124900088,1041,176,865
124900089,2169,47,2122
124900090,457,471,-14
124900091,545,884,-339
124900092,469,648,-179
124900093,502,379,123
124900094,453,479,-26
124900095,176,733,-557
124900096,1136,421,715
124900097,363,121,242
124900098,223,777,-554
124900099,1345,905,440
124900100,397,137,260
124900101,78,404,-326
124900102,349,70,279
124900103,203,496,-293
124900104,97,316,-219
124900105,128,250,-122
124900106,552,100,452
124900107,182,33,149
124900108,374,130,244
124900109,77,132,-55
124900110,515,528,-13
124900111,1,132,-131
124900112,120,1162,-1042
124900113,136,291,-155
124900114,253,120,133
124900115,215,63,152
124900116,285,195,90
124900117,869,197,672
124900118,174,211,-37
124900119,409,203,206
124900120,64,536,-472
124900121,91,307,-216
124900122,536,325,211
124900123,323,90,233
124900124,139,249,-110
129000186,670,72,598
204000001,47,4,43
204000002,20,20,0
204000003,117,6,111
204000004,4,2,2
204000005,851,981,-130
204000006,1940,3741,-1801
204000008,1678,1347,331
204000011,24,119,-95
204000012,61,114,-53
204000013,1,37,-36
204000019,714,783,-69
204000020,1007,1101,-94
204000021,3007,1166,1841
204000022,527,719,-192
204000023,849,1744,-895
204000031,130,18,112
204000032,1008,36,972
204000034,23,454,-431
204000035,7,8,-1
204000036,26,51,-25
204000037,2,43,-41
204000038,2,9,-7
204000039,4,84,-80
204000040,18,46,-28
204000041,27,82,-55
204000042,131,28,103
204000043,48,4,44
204000044,65,2,63
204000045,197,4,193
204000046,20,0,20
204000057,37,44,-7
204000062,8,26,-18
204000068,49,288,-239
204000069,24,387,-363
204000070,92,183,-91
204000080,39,74,-35
204000085,2526,3356,-830
204000086,4433,4121,312
204000087,32,32,0
204000088,9,157,-148
204000090,60,495,-435
204000093,309,130,179
204000096,1199,1616,-417
204000097,569,36,533
204000099,1389,2253,-864
204000100,1447,2643,-1196
204000105,2653,2849,-196
204000110,1549,2353,-804
204000111,792,1325,-533
204000112,2217,1401,816
204000113,848,1429,-581
204000114,1194,1062,132
204000115,1030,611,419
204000116,3110,941,2169
204000119,2412,4175,-1763
204000132,639,405,234
204000133,717,528,189
204000134,563,304,259
204000135,683,233,450
204000136,537,428,109
204000138,501,811,-310
204000140,235,238,-3
204000141,198,120,78
204000144,3,42,-39
204000145,717,62,655
204000146,32,629,-597
204000147,75,211,-136
204000148,618,39,579
204000154,6,5,1
204000155,10,7,3
204000177,105,119,-14
204000179,42,5,37
204000180,0,45,-45
204000222,20,17,3
204000235,17,19,-2
204000236,102,424,-322
204000238,30,71,-41
204000240,460,134,326
204000263,502,1905,-1403
204000308,477,27,450
204000317,20,112,-92
204000322,17,92,-75
204000323,33,12,21
204000328,381,127,254
204000329,33,254,-221
204000330,302,56,246
204000331,78,169,-91
204010341,10,446,-436
205000001,1362,2551,-1189
205000013,11,92,-81
205000014,28,123,-95
205000015,60,277,-217
205000016,42,251,-209
205000017,52,148,-96
205000022,445,1228,-783
205000025,1909,1509,400
205000029,392,10,382
205000045,303,326,-23
205000047,101,690,-589
205000048,318,1438,-1120
205000049,179,1125,-946
205000050,1455,396,1059
205000059,1,349,-348
205000060,0,129,-129
205000061,3,56,-53
205000062,2,50,-48
205000063,21,263,-242
205000064,16,235,-219
205000065,84,885,-801
205000066,134,1098,-964
205000067,66,1335,-1269
205000069,175,31,144
205000082,212,715,-503
205000110,66,275,-209
205000111,229,390,-161
205000112,261,325,-64
205000113,260,507,-247
205000121,402,260,142
205000123,74,324,-250
205000126,577,546,31
205000127,952,794,158
205000128,963,636,327
205000129,1162,545,617
205000130,1833,175,1658
205000131,2145,38,2107
205000132,2275,20,2255
205000133,2361,4,2357
205000134,1059,0,1059
205000137,86,227,-141
205000138,298,532,-234
205000139,37,174,-137
205000144,101,158,-57
205000145,440,554,-114
205000151,279,221,58
205000152,266,173,93
205000153,264,201,63
205000154,142,281,-139
205000155,222,84,138
205000207,5,272,-267
205000233,71,1,70
205000234,0,1,-1
205000243,2,1,1
205000244,0,4,-4
205000245,35,453,-418
205000249,0,57,-57
205000250,5,0,5
205000251,127,620,-493
205000264,16,110,-94
206000027,11,4,7
206000028,6,2,4
206000043,18,188,-170
206000053,4,22,-18
206000054,8,42,-34
206000055,2,45,-43
206000075,19,19,0
206000076,35,10,25
206000077,20,10,10
206000078,47,5,42
206000079,37,7,30
206000082,976,37,939
206000100,128,1249,-1121
206000103,6,26,-20
206000104,31,30,1
206000105,6,37,-31
206000106,16,47,-31
206000108,895,52,843
206000125,44,0,44
206000157,98,1248,-1150
206000170,1,333,-332
206000171,9,274,-265
206000172,9,1124,-1115
206000173,0,417,-417
206000174,14,160,-146
206000175,5,218,-213
206000176,27,350,-323
206000177,2,278,-276
206000178,2,255,-253
206000179,34,157,-123
206000180,20,244,-224
206000181,10,383,-373
206000182,12,416,-404
206000183,25,1415,-1390
206000184,12,618,-606
206000185,12,426,-414
206000186,165,1962,-1797
206000223,11,332,-321
206000226,31,5,26
206000227,32,4,28
206000237,49,615,-566
206000238,61,864,-803
206000239,764,3325,-2561
206000240,1,55,-54
206000241,0,187,-187
206000242,7,556,-549
206000243,9,433,-424
206000244,85,1183,-1098
206000245,487,62,425
206000246,94,8,86
206000247,131,10,121
206000248,702,37,665
206000252,137,42,95
206000258,13,73,-60
206000315,63,9,54
206000317,620,124,496
206000318,456,72,384
206000319,956,131,825
206000320,86,64,22
206000321,104,15,89
206000322,397,20,377
206000323,92,15,77
206000324,113,10,103
206000325,319,17,302
206000326,357,16,341
206000327,600,9,591
206000328,99,9,90
206000329,175,7,168
206000330,44,9,35
206000331,95,2,93
206000332,18,9,9
206000333,407,5,402
206000334,220,1,219
206000335,0,21,-21
206000361,6,376,-370
206000392,3,70,-67
206000405,159,7,152
206000441,23,24,-1
206000498,68,2,66
206000515,170,26,144
206000530,167,84,83
206000531,266,239,27
206000532,4327,298,4029
206000535,529,3807,-3278
206000536,36,335,-299
206000537,18,262,-244
206000613,2223,274,1949
207000001,228,655,-427
207000002,174,377,-203
207000003,218,243,-25
207000007,661,378,283
207000008,64,4,60
207000009,81,47,34
207000010,576,839,-263
207000012,443,446,-3
207000015,398,2297,-1899
207000019,354,142,212
207000021,892,273,619
207000022,215,204,11
207000023,230,67,163
207000024,11,22,-11
207000025,56,106,-50
207000026,202,69,133
207000027,45,81,-36
207000028,59,311,-252
207000029,386,663,-277
207000033,434,513,-79
207000034,488,106,382
207000039,361,229,132
207000040,312,145,167
207000041,216,79,137
207000042,429,72,357
207000043,377,241,136
207000051,153,481,-328
207000052,89,274,-185
207000053,541,946,-405
207000054,62,196,-134
207000055,202,200,2
207000056,489,544,-55
207000057,256,494,-238
207000058,180,581,-401
207000059,103,1050,-947
207000060,143,343,-200
207000061,420,413,7
207000062,277,46,231
207000063,293,182,111
207000064,696,315,381
207000065,458,378,80
207000066,219,226,-7
207000067,74,196,-122
207000068,180,116,64
207000069,877,647,230
207000082,11,435,-424
207000083,92,549,-457
207000084,284,410,-126
207000085,147,12,135
207000086,87,1,86
207000106,38,58,-20
207000107,116,17,99
207000108,60,17,43
207000109,101,20,81
207000110,66,68,-2
207000111,57,57,0
207000112,453,669,-216
207000114,43,73,-30
207000115,25,157,-132
207000116,17,531,-514
207000117,8,181,-173
207000118,5,170,-165
207000119,51,187,-136
207000123,258,48,210
207000124,71,38,33
207000125,81,67,14
207000126,71,85,-14
207000134,43,228,-185
207000135,33,419,-386
207000148,65,322,-257
207000149,144,85,59
207000152,254,700,-446
207000153,1327,1769,-442
207000154,535,221,314
207000159,106,364,-258
207000160,157,702,-545
207000238,0,223,-223
207000242,8,370,-362
207000248,59,69,-10
207000249,309,75,234
207000250,2249,132,2117
207000251,162,140,22
207000252,102,123,-21
207000278,152,191,-39
207000279,23,303,-280
207000280,343,100,243
207000281,113,1736,-1623
207000282,224,52,172
207000283,162,398,-236
207000284,70,94,-24
207000285,297,36,261
207000291,14,205,-191
207000304,207,98,109
207000306,97,739,-642
207000310,129,110,19
207000353,277,4,273
207000356,25,64,-39
207000357,118,7,111
207000358,28,18,10
207000415,4,399,-395
207000417,54,0,54
207000418,2,34,-32
207000437,0,1,-1
207000439,1235,787,448
207000446,160,6,154
207000460,12,5,7
207000466,266,264,2
207000467,142,166,-24
207000468,42,471,-429
207000476,3,132,-129
207000477,708,210,498
207000523,1,14,-13
207000524,20,1,19
207000527,132,321,-189
207000530,392,6,386
207000531,297,10,287
207000532,116,38,78
207000534,943,90,853
207000535,85,366,-281
207000537,62,298,-236
207000540,25,396,-371
207000541,1,599,-598
207000548,20,604,-584
207000549,347,9,338
207000561,137,219,-82
207000562,46,455,-409
207000567,265,426,-161
207000568,135,152,-17
207000569,492,1690,-1198
207000584,520,526,-6
207000585,233,342,-109
207000616,0,282,-282
207000617,168,0,168
207900008,181,240,-59
208000001,914,1605,-691
208000002,854,931,-77
208000003,1508,945,563
208000004,2412,1331,1081
208000005,31,31,0
208000019,723,1354,-631
208000020,288,828,-540
208000021,320,972,-652
208000022,1183,1119,64
208000028,2871,1744,1127
208000033,626,1119,-493
208000034,1830,3523,-1693
208000040,183,281,-98
208000041,1201,841,360
208000042,1374,1042,332
208000047,229,704,-475
208000064,3807,2774,1033
208000066,2921,3273,-352
208000070,506,594,-88
208000071,553,1439,-886
208000072,609,2132,-1523
208000080,317,718,-401
208000081,402,351,51
208000082,384,443,-59
208000083,197,567,-370
208000084,186,16,170
208000085,2100,767,1333
208000086,861,1232,-371
208000087,467,1095,-628
208000089,1462,1258,204
208000090,1044,1628,-584
208000093,200,236,-36
208000094,724,1018,-294
208000095,1201,731,470
208000104,1332,1744,-412
208000105,1025,1890,-865
208000114,188,422,-234
208000115,846,601,245
208000116,714,1529,-815
208000117,170,190,-20
208000118,169,199,-30
208000155,1249,1364,-115
208000158,2319,5280,-2961
208000186,4627,5467,-840
208000204,903,1979,-1076
208000205,1542,2575,-1033
208000282,6427,3787,2640
209000004,364,537,-173
209000005,50,104,-54
209000006,1075,240,835
209000007,807,415,392
209000010,1268,244,1024
209000011,373,377,-4
209000012,210,401,-191
209000013,358,909,-551
209000014,884,2415,-1531
209000025,453,94,359
209000026,1187,195,992
209000027,558,1834,-1276
209000028,648,1583,-935
209000029,2201,1456,745
209000030,1424,2997,-1573
209000031,7152,4708,2444
209000034,282,313,-31
209000035,149,272,-123
209000036,286,224,62
209000037,249,423,-174
209000038,112,273,-161
209000039,82,276,-194
209000040,543,815,-272
209000041,308,559,-251
209000042,393,620,-227
209000043,1239,1091,148
209000044,306,1006,-700
209000045,1729,674,1055
209000046,643,747,-104
209000047,678,298,380
209000048,917,399,518
209000049,113,176,-63
209000050,268,264,4
209000051,401,640,-239
209000052,322,567,-245
209000062,46,304,-258
209000063,53,235,-182
209000064,61,261,-200
209000065,67,105,-38
209000066,62,91,-29
209000067,71,106,-35
209000080,98,498,-400
209000082,107,127,-20
209000091,79,248,-169
209000093,184,49,135
209000094,322,279,43
209000110,75,190,-115
209000111,595,2643,-2048
209000112,1337,1102,235
209000113,4856,1086,3770
209000114,605,777,-172
209000115,153,265,-112
209000116,1297,1107,190
209000118,135,73,62
209000119,180,14,166
209000121,223,1085,-862
209000135,133,243,-110
209000142,1162,3586,-2424
209000143,504,191,313
209000144,370,172,198
209000229,304,269,35
209000240,107,734,-627
209000259,123,182,-59
209000260,120,1804,-1684
209000261,13,1212,-1199
209000262,3,986,-983
209000263,1,266,-265
209000264,0,194,-194
209000265,526,0,526
209000266,122,0,122
209000267,1022,19,1003
209000268,1111,114,997
210000037,114,50,64
210000047,131,60,71
210000048,144,64,80
210000049,116,79,37
210000052,47,222,-175
210000053,26,133,-107
210000054,68,139,-71
210000070,270,5,265
210000071,149,1,148
210000072,65,2,63
210000073,1,71,-70
210000074,3,226,-223
210000075,2,77,-75
210000076,24,227,-203
210000077,147,56,91
210000078,69,41,28
210000079,225,28,197
210000080,560,91,469
210000081,497,34,463
210000082,540,6,534
210000083,194,3,191
210000084,55,0,55
210000085,3,121,-118
210000086,12,177,-165
210000099,58,492,-434
210000100,85,411,-326
210000101,131,520,-389
210000105,82,668,-586
210000159,0,242,-242
210000163,243,379,-136
210000164,494,261,233
210000168,249,36,213
210000187,0,39,-39
210000188,1,34,-33
210000214,64,2,62
210000219,53,78,-25
210000220,92,180,-88
210000232,6,36,-30
210000233,37,150,-113
210000234,36,265,-229
210000235,64,250,-186
210000245,3,100,-97
210000246,63,4,59
210000258,20,158,-138
210000259,484,75,409
210000282,140,457,-317
210000285,0,176,-176
210000286,22,251,-229
210000290,0,4,-4
210000295,95,366,-271
210000296,186,116,70
210000320,209,240,-31
210000321,104,186,-82
210000338,360,165,195
210000339,645,2279,-1634
210000340,245,1011,-766
210000341,325,647,-322
210000342,335,483,-148
210000343,438,377,61
210000344,1075,292,783
210000345,536,594,-58
210000346,244,340,-96
210000347,800,102,698
210000348,402,32,370
210000349,518,30,488
210000350,129,66,63
210000351,168,150,18
210000352,88,189,-101
210000353,62,241,-179
210000354,131,221,-90
210000355,154,229,-75
210000356,378,150,228
210000357,178,123,55
210000358,738,241,497
210000359,395,129,266
210000360,312,165,147
210000361,225,257,-32
210000362,400,427,-27
210000363,1381,381,1000
210000364,202,264,-62
210000365,197,145,52
210000366,188,116,72
210000367,117,88,29
210000368,249,67,182
210000369,91,23,68
210000370,178,70,108
210000372,166,85,81
210000373,286,29,257
210000374,159,18,141
210000375,55,183,-128
210000376,193,327,-134
210000404,90,370,-280
210000439,44,130,-86
210000472,411,12,399
210000482,104,148,-44
210000564,788,428,360
210000567,0,0,0
210000568,1096,7,1089
211000092,15,99,-84
211000094,28,4,24
211000169,209,26,183
211000172,12,385,-373
211000209,1,30,-29
211000226,1,1,0
211000270,1,1,0
211000275,39,44,-5
211000276,132,51,81
211000279,36,82,-46
211000281,61,105,-44
211507980,1,58,-57
211977296,90,1,89
212000003,403,157,246
212000004,394,53,341
212000005,112,65,47
212000006,90,135,-45
212000008,186,211,-25
212000009,36,187,-151
212000012,93,108,-15
212000013,29,88,-59
212000014,336,223,113
212000015,409,389,20
212000016,747,801,-54
212000027,666,973,-307
212000028,366,762,-396
212000029,253,674,-421
212000030,58,61,-3
212000031,81,119,-38
212000048,84,224,-140
212000049,26,150,-124
212000050,30,13,17
212000051,200,346,-146
212000052,163,578,-415
212000053,457,969,-512
212000054,197,318,-121
212000055,268,528,-260
212000056,14,83,-69
212000057,11,53,-42
212000058,657,62,595
212000070,133,477,-344
212000077,159,1169,-1010
212000099,343,561,-218
212000108,531,430,101
212000111,307,248,59
212000120,260,136,124
212000138,351,31,320
212000156,3,217,-214
212000158,6,22,-16
212000159,338,91,247
212000160,570,453,117
212000161,97,24,73
212000310,47,17,30
212000311,11,152,-141
212000374,60,21,39
213000001,79,1013,-934
213000005,642,258,384
213000006,1749,379,1370
213000007,415,30,385
213000009,868,592,276
213000010,250,426,-176
213000011,524,217,307
213000012,268,576,-308
213000014,68,10,58
213000015,256,13,243
213000016,470,5,465
213000017,113,10,103
213000018,7,291,-284
213000019,2,236,-234
213000020,168,612,-444
213000021,6,154,-148
213000023,358,347,11
213000033,341,1958,-1617
213000034,837,645,192
213000035,78,615,-537
213000045,152,367,-215
213000046,172,293,-121
213000047,733,1324,-591
213000056,129,159,-30
213000069,357,17,340
213000073,2,44,-42
213000074,147,818,-671
213000075,974,15,959
213000085,10,42,-32
213000086,22,368,-346
213000091,140,17,123
213000092,41,14,27
213000099,255,1391,-1136
213000100,1622,401,1221
213000101,330,245,85
213000102,401,518,-117
213000103,1167,1274,-107
213000104,62,744,-682
213000105,2,121,-119
213000106,35,256,-221
213000107,182,1079,-897
213000108,42,955,-913
213000109,9,383,-374
213000110,12,172,-160
213000111,21,147,-126
213000112,248,160,88
213000115,53,9,44
213000116,111,1466,-1355
213000117,16,1850,-1834
213000118,691,547,144
213000119,88,1325,-1237
213000120,139,1101,-962
213000122,396,1130,-734
213000123,961,2520,-1559
213000124,164,2007,-1843
213000125,227,22,205
213000126,214,150,64
213000127,225,238,-13
213000128,1010,1282,-272
213000129,747,832,-85
213000130,443,469,-26
213000132,263,179,84
213000133,550,205,345
213000134,1168,31,1137
213000136,533,59,474
213000137,782,188,594
213000139,592,41,551
213000147,243,6,237
213000148,119,10,109
213000149,433,22,411
213000150,1,179,-178
213000151,20,127,-107
213000152,4,121,-117
213000153,5,66,-61
213000154,37,357,-320
213000155,60,580,-520
213000156,122,1103,-981
213000157,1107,653,454
213000158,392,1378,-986
213000159,700,1128,-428
213000163,641,166,475
213000165,978,362,616
213000171,2,166,-164
213000172,5,428,-423
213000173,1,323,-322
213000174,2,335,-333
213000175,11,256,-245
213000176,77,48,29
213000177,78,22,56
213000178,111,15,96
213000179,263,5,258
213000180,155,1,154
213000184,216,856,-640
213000188,638,155,483
213000189,495,64,431
213000190,1308,1474,-166
213000191,353,849,-496
213000192,245,788,-543
213000193,2384,378,2006
213000194,5,50,-45
213000195,39,631,-592
213000196,241,1671,-1430
213000197,404,1723,-1319
213000198,254,8,246
213000200,204,1741,-1537
213000201,89,72,17
213000202,19,1296,-1277
213000203,5599,1288,4311
213000204,583,209,374
213000205,359,340,19
213000206,896,279,617
213000207,385,67,318
213000208,305,1,304
213000209,332,3,329
213000210,1786,20,1766
213000211,63,25,38
213000212,55,14,41
213000213,66,23,43
213000218,489,1233,-744
213000219,764,15,749
213000220,722,9,713
213000223,495,256,239
213000224,149,48,101
213000225,83,23,60
213000226,166,29,137
213000227,1188,518,670
213000228,384,189,195
213000229,524,34,490
213000230,463,97,366
213000232,163,705,-542
213000233,34,88,-54
213000234,1,86,-85
213000293,42,50,-8
213000294,315,21,294
213000295,46,84,-38
213000296,59,53,6
213000297,9,183,-174
213000298,22,210,-188
213000299,90,81,9
213000300,8,17,-9
213000303,14,43,-29
213000304,3,11,-8
213000305,2,27,-25
213000306,430,55,375
213000307,1514,154,1360
213000308,203,364,-161
213000309,246,72,174
213000310,1170,207,963
213000311,334,1185,-851
213000315,137,254,-117
213000316,159,92,67
213000322,138,277,-139
213000323,72,145,-73
213000324,101,220,-119
213000325,72,279,-207
213000326,104,137,-33
213000327,82,245,-163
213000328,81,255,-174
213000329,135,161,-26
213000340,180,1121,-941
213000341,398,164,234
213000347,1319,375,944
213000348,15,153,-138
213000349,29,11,18
213000350,433,2182,-1749
213000366,75,709,-634
213000367,254,46,208
213000379,74,140,-66
213000386,15,328,-313
213000406,84,700,-616
213000417,1894,836,1058
213000425,179,78,101
213000426,123,106,17
213000427,76,689,-613
213000428,66,308,-242
213000429,19,5,14
213000430,119,1513,-1394
213000431,37,2,35
213000432,0,41,-41
213000433,38,345,-307
213000434,79,174,-95
213000435,103,194,-91
213000436,38,149,-111
213000437,5,93,-88
213000438,173,206,-33
213000439,116,21,95
213000440,20,434,-414
213000441,2,0,2
213000442,7,92,-85
213000443,882,770,112
213000444,31,150,-119
213000445,0,187,-187
213000446,0,16,-16
213000447,8,120,-112
213000448,17,140,-123
213000449,332,3,329
213000450,27,64,-37
213000451,257,133,124
213000452,36,37,-1
213000453,75,461,-386
213000455,553,70,483
213000456,2,253,-251
213000481,3,13,-10
213000484,50,7,43
213000489,627,338,289
213900002,0,258,-258
213900003,1513,2,1511
213900013,5,245,-240
213900015,0,15,-15
213900016,17,12,5
213900020,20,253,-233
213900030,4,97,-93
213900032,705,172,533
213900033,92,36,56
213900034,397,135,262
213900035,229,931,-702
213900036,126,396,-270
213900037,39,552,-513
213900038,374,382,-8
213900039,1,167,-166
213900041,6,198,-192
213900042,362,242,120
213900043,153,261,-108
213900244,33,1,32
213900245,0,42,-42
218000003,65,24,41
218000004,54,34,20
218000005,85,81,4
218000006,148,38,110
218000007,11,20,-9
218000012,616,362,254
218000013,142,169,-27
218000014,516,530,-14
218000019,954,1014,-60
218000020,418,993,-575
218000021,59,134,-75
218000022,31,79,-48
218000023,11,65,-54
218000024,3,38,-35
218000025,14,62,-48
218000026,25,120,-95
218000027,1,41,-40
218000028,7,8,-1
218000029,13,13,0
218000030,33,77,-44
218000031,16,85,-69
218000032,6,58,-52
218000040,10,11,-1
218000046,77,201,-124
218000047,30,286,-256
218000048,138,296,-158
218000049,240,307,-67
218000050,589,606,-17
218000051,150,555,-405
218000052,5,246,-241
218000053,33,20,13
218000054,22,75,-53
218000055,7,24,-17
218000056,20,45,-25
218000057,5,23,-18
218000064,7,14,-7
218000065,52,122,-70
218000066,16,127,-111
218000067,60,194,-134
218000068,123,214,-91
218000069,197,249,-52
218000070,194,370,-176
218000071,177,291,-114
218000072,347,397,-50
218000078,1092,1957,-865
218000079,96,179,-83
218000080,120,166,-46
218000081,374,453,-79
218000082,120,262,-142
218000083,66,141,-75
218000084,168,392,-224
218000085,161,775,-614
218000086,83,401,-318
218000087,329,426,-97
218000090,23,159,-136
218000091,1130,788,342
218000092,74,254,-180
218000093,102,136,-34
218000094,656,1039,-383
218000099,373,803,-430
218000100,299,399,-100
218000101,326,235,91
218000102,351,400,-49
218000103,88,262,-174
218000104,101,118,-17
218000105,44,8,36
218000106,29,17,12
218000107,61,116,-55
218000108,17,83,-66
218000112,164,22,142
218000117,103,125,-22
218000134,1161,1781,-620
218000135,155,262,-107
218000136,488,132,356
218000137,403,192,211
218000138,49,147,-98
218000139,268,471,-203
218000140,628,314,314
218000141,226,135,91
218000142,215,253,-38
218000143,184,331,-147
218000144,142,126,16
218000145,520,634,-114
218000146,69,269,-200
218000151,70,47,23
218000152,166,95,71
218000153,6,4,2
218000154,13,2,11
218000155,18,5,13
218000156,57,31,26
218000157,19,20,-1
218000158,9,10,-1
218000159,6,7,-1
218000160,7,13,-6
218000161,27,10,17
218000162,54,16,38
218000163,5,1,4
218000164,53,10,43
218000165,75,45,30
218000170,6,72,-66
218000171,88,14,74
218000172,61,15,46
218000173,72,22,50
218000174,47,14,33
218000176,170,69,101
218000177,454,381,73
218000178,134,394,-260
218000179,93,194,-101
218000180,86,99,-13
218000181,232,119,113
218000187,14,19,-5
218000188,89,64,25
218000189,25,101,-76
218000190,11,40,-29
218000191,110,100,10
218000192,167,609,-442
218000193,546,697,-151
218000194,137,726,-589
218000195,196,139,57
218000196,387,508,-121
218000197,318,610,-292
218000198,21,256,-235
218000199,100,70,30
218000200,104,47,57
218000201,13,9,4
218000202,381,383,-2
218000207,5,106,-101
218000208,123,112,11
218000211,82,12,70
218000212,4,14,-10
218000213,190,89,101
218000214,11,53,-42
218000215,76,123,-47
218000217,2,233,-231
218000218,458,285,173
218000219,335,91,244
218000220,695,563,132
218000221,5366,364,5002
218000222,138,39,99
218000223,57,468,-411
218000224,16,190,-174
218000225,195,28,167
218000226,151,138,13
218000230,0,8,-8
218000232,54,214,-160
218000239,169,13,156
218000240,21,5,16
218000241,36,1,35
218000242,87,2,85
218000243,44,1,43
218000244,34,0,34
218000245,43,0,43
218000246,0,1,-1
218000247,0,0,0
218000248,0,30,-30
218000249,0,2,-2
218000250,7,34,-27
218000251,0,17,-17
218000252,10,23,-13
218000253,2,27,-25
218000254,1,28,-27
218000255,4,10,-6
218000256,9,57,-48
218000267,1115,1739,-624
218000268,22,90,-68
218000269,3,15,-12
218000270,27,38,-11
218000271,46,59,-13
218000273,19,15,4
218000274,7,4,3
218000275,13,62,-49
218000276,15,72,-57
218000278,50,50,0
218000279,23,49,-26
218000280,6,25,-19
218000281,31,9,22
218000282,751,515,236
218000284,177,65,112
218000301,181,162,19
218000302,218,82,136
218000303,77,87,-10
218000316,969,2191,-1222
218000317,1091,2234,-1143
218000318,484,1596,-1112
218000319,1372,2597,-1225
218000320,1037,1340,-303
218000338,164,31,133
218000345,290,82,208
218000346,149,401,-252
218000459,57,549,-492
218000490,161,70,91
218000501,69,38,31
218000502,47,129,-82
218000503,88,25,63
218000504,219,30,189
218000505,87,199,-112
218000506,31,278,-247
218000508,12,3,9
218000510,293,10,283
218000520,193,134,59
218000521,15,126,-111
218000522,1,164,-163
218000523,345,3,342
218000524,87,262,-175
218000525,199,16,183
218000526,52,171,-119
218000529,38,397,-359
218000530,6,3,3
218000531,8,46,-38
218000532,37,20,17
218000534,115,7,108
218000537,57,105,-48
218000538,284,193,91
218000540,732,104,628
218000543,140,94,46
218000544,100,167,-67
218000545,75,100,-25
218000546,131,158,-27
218000547,133,189,-56
218000548,222,268,-46
218000549,432,296,136
218000550,256,745,-489
218000551,322,817,-495
218000552,744,57,687
218000553,25,108,-83
218000554,58,39,19
218000555,24,56,-32
218000556,113,524,-411
218000557,315,244,71
218000558,236,32,204
218000559,0,40,-40
218000560,0,23,-23
218000561,45,0,45
218000562,77,234,-157
218000563,301,32,269
218000564,26,171,-145
218000565,307,25,282
218000566,486,47,439
218000567,0,112,-112
218000568,48,4,44
218000569,14,164,-150
218000570,132,3,129
218000571,1,128,-127
218000572,185,1,184
218000573,23,148,-125
218000574,146,70,76
218000575,228,0,228
218000576,0,81,-81
218000577,482,8,474
218000578,1,63,-62
218000579,232,54,178
218000581,10,102,-92
218000582,65,6,59
218000583,30,0,30
218000584,2,24,-22
218000585,66,10,56
218000586,33,43,-10
218000587,8,0,8
218000588,1,5,-4
218000589,1,2,-1
218000590,14,0,14
218000591,3,6,-3
218000592,12,1,11
218000593,1,0,1
218000594,0,2,-2
218000595,0,0,0
218000596,0,0,0
218000597,0,0,0
218000598,0,3,-3
218000599,0,0,0
218000600,5,5,0
218000601,0,0,0
218000602,0,12,-12
218000603,0,10,-10
218000604,26,1,25
218000605,0,54,-54
218000606,141,2,139
218000607,11,66,-55
218000608,118,21,97
218000609,3,38,-35
218000610,252,5,247
218000611,52,1,51
218000612,0,40,-40
218000613,63,9,54
218000614,11,40,-29
218000615,341,4,337
218000616,23,190,-167
218000617,43,1,42
218000618,0,18,-18
218000619,78,91,-13
218000620,11,44,-33
218000621,0,6,-6
218000622,0,11,-11
218000623,81,12,69
218000624,42,59,-17
218000625,26,4,22
218000626,0,23,-23
218000628,133,48,85
218000631,26,12,14
218000632,0,156,-156
218000633,129,1,128
218000634,12,30,-18
218000635,9,10,-1
218000636,1306,2870,-1564
218000637,876,1127,-251
218000638,193,81,112
218000639,32,314,-282
218000640,251,63,188
218000641,97,650,-553
218000652,106,202,-96
218000653,192,121,71
218000663,6,123,-117
218000675,63,53,10
218000676,4,52,-48
218000677,8,20,-12
218000680,151,608,-457
218000681,333,194,139
218000691,132,530,-398
218000693,178,165,13
218000703,20,113,-93
218000718,844,920,-76
218000719,1368,245,1123
218000720,10,91,-81
218000721,185,14,171
218000725,8,14,-6
218001214,20,59,-39
218001329,125,142,-17
218001330,171,92,79
218001351,45,9,36
218001352,20,24,-4
218001353,15,3,12
218001354,6,24,-18
219000001,52,98,-46
219000002,69,99,-30
219000003,42,38,4
219000004,92,93,-1
219000017,682,35,647
219000020,165,118,47
219000022,185,16,169
219000023,232,1,231
219000029,0,96,-96
219000034,129,22,107
219000039,66,118,-52
219000040,93,57,36
219000041,183,46,137
219000051,0,101,-101
219000052,0,41,-41
219000053,0,216,-216
219000054,661,502,159
219000055,159,3,156
219000056,76,1,75
219000057,276,2,274
219000062,28,337,-309
219000063,105,8,97
219000064,0,72,-72
219000110,428,80,348
219000111,111,41,70
219000112,270,71,199
219000113,135,71,64
219000114,287,194,93
219000116,94,61,33
219000117,138,109,29
219000118,287,102,185
219000123,396,131,265
219000124,143,88,55
219000125,7,29,-22
219000126,120,150,-30
219000127,0,8,-8
219000128,15,119,-104
219000129,39,213,-174
219000130,1123,1033,90
219000131,1209,1061,148
219000133,83,67,16
219000134,10,23,-13
219000135,36,76,-40
219000136,140,245,-105
219000138,124,21,103
219000139,30,90,-60
219000140,52,3,49
219000141,25,184,-159
219000142,32,172,-140
219000143,13,194,-181
219000145,35,111,-76
219000146,6,95,-89
219000147,2,114,-112
219000148,1,110,-109
219000149,8,252,-244
219000150,11,177,-166
219000151,5,82,-77
219000157,257,199,58
219000158,325,421,-96
219000161,264,6,258
219000163,2585,591,1994
219000166,176,291,-115
219000167,137,339,-202
219000168,333,145,188
219000174,470,149,321
219000175,106,2,104
219000176,57,10,47
219000177,48,5,43
219000178,48,1,47
219000179,21,11,10
219000180,38,53,-15
219000182,178,38,140
219000183,74,49,25
219000184,118,12,106
219000185,0,111,-111
219000186,61,98,-37
219000187,30,214,-184
219000189,179,266,-87
219000190,248,377,-129
219000191,2152,1883,269
219000192,245,163,82
219000193,601,204,397
219000195,2,103,-101
219000196,20,196,-176
219000198,37,194,-157
219000199,119,430,-311
219000200,53,387,-334
219000201,112,409,-297
219000203,32,198,-166
219000204,193,299,-106
219000205,54,262,-208
219000207,303,480,-177
219000209,22,135,-113
219000210,352,174,178
219000213,17,439,-422
219000239,272,389,-117
219000240,285,511,-226
219000241,156,395,-239
219000242,116,294,-178
219000243,113,433,-320
219000244,64,125,-61
219000245,49,68,-19
219000246,70,35,35
219000247,151,61,90
219000248,822,468,354
219000249,268,94,174
219000250,168,141,27
219000251,965,274,691
219000252,380,193,187
219000253,412,70,342
219000255,129,132,-3
219000256,241,99,142
219000257,290,5,285
219000262,176,371,-195
219000263,64,336,-272
219000267,12,219,-207
219000268,2,14,-12
219000269,17,9,8
219000270,34,0,34
219000271,165,45,120
219000278,0,9,-9
219000279,5,4,1
219000283,0,13,-13
219000295,6,187,-181
219000296,76,813,-737
219000297,17,258,-241
219000298,17,344,-327
219000299,574,151,423
219000300,46,466,-420
219000301,291,527,-236
219000302,44,371,-327
219000307,78,77,1
219000308,45,29,16
219000311,219,84,135
219000312,739,126,613
219000313,371,81,290
219000314,112,856,-744
219000315,178,59,119
219000316,569,109,460
219000317,129,28,101
219000320,1,54,-53
219000321,0,24,-24
219000323,8,136,-128
219000325,1,45,-44
219000326,120,198,-78
219000327,139,75,64
219000328,81,95,-14
219000329,359,191,168
219000330,56,35,21
219000331,107,54,53
219000332,95,144,-49
219000333,11,5,6
219000335,80,3,77
219000337,46,1,45
219000338,191,4,187
219000344,39,111,-72
219000345,72,182,-110
219000346,73,232,-159
219000348,196,269,-73
219000349,40,332,-292
219000350,95,218,-123
219000351,22,6,16
219000352,432,91,341
219000353,197,78,119
219000354,174,241,-67
219000355,184,45,139
219000356,2738,1175,1563
219000363,550,102,448
219000364,110,64,46
219000365,151,25,126
219000366,376,606,-230
219000368,799,626,173
219000370,2058,499,1559
219000371,14,30,-16
219000382,9,37,-28
219000383,1170,1476,-306
219000385,886,834,52
219000386,1454,2304,-850
219000387,15,11,4
219000390,40,12,28
219000391,11,1,10
219000397,114,111,3
219000398,69,71,-2
219000401,27,157,-130
219000402,37,134,-97
219000403,171,291,-120
219000404,33,141,-108
219000407,4,63,-59
219000409,100,53,47
219000410,121,51,70
219000411,93,25,68
219000446,261,621,-360
219000447,2,28,-26
219000448,20,27,-7
219000452,212,101,111
219000453,96,232,-136
219000454,629,289,340
219000556,285,141,144
219000558,214,296,-82
219000590,41,293,-252
219000591,80,110,-30
219000592,203,626,-423
219000595,0,54,-54
219000635,135,99,36
219000636,44,140,-96
219000657,71,24,47
219000658,82,105,-23
219000673,0,4,-4
219000676,144,9,135
219000679,139,16,123
219000684,237,11,226
219000685,1,108,-107
219000686,1,6,-5
219000688,0,100,-100
219000689,52,371,-319
219000690,209,32,177
219000691,45,229,-184
219000692,238,37,201
219000693,0,36,-36
219000694,18,1,17
219000695,20,8,12
219000698,112,0,112
219000699,0,10,-10
219000727,2,239,-237
219000728,173,10,163
219000770,47,2,45
219000771,1,56,-55
219001150,3,38,-35
219001151,9,4,5
219001166,11,19,-8
219001167,0,104,-104
220000001,169,91,78
220000002,16,256,-240
220000003,999,447,552
220000004,1889,917,972
220000005,2642,2553,89
220000006,345,1397,-1052
220000007,508,905,-397
220000008,501,1606,-1105
220000009,465,724,-259
220000010,399,298,101
220000011,1692,7290,-5598
220000012,111,1000,-889
220000014,263,84,179
220000015,170,204,-34
220000017,65,620,-555
220000018,11518,3900,7618
220000019,146,477,-331
220000020,726,350,376
220000021,594,314,280
220000022,668,728,-60
220000023,322,299,23
220000024,2633,473,2160
220000025,2062,1400,662
220000026,356,295,61
220000027,78,222,-144
220000028,55,74,-19
220000029,150,405,-255
220000030,236,143,93
220000031,580,524,56
220000064,37,1443,-1406
221000046,8,1,7
221000047,0,0,0
221000048,0,2,-2
221000049,0,10,-10
221000050,39,3,36
221000055,82,84,-2
221000057,53,11,42
221000068,488,160,328
221000069,471,69,402
221000070,273,48,225
221000071,124,13,111
221000072,475,27,448
221000073,252,89,163
221000074,3,44,-41
221000075,56,29,27
221000076,8,57,-49
221000077,66,185,-119
221000081,47,15,32
221000082,86,16,70
221000083,57,8,49
221000084,4,9,-5
221000085,29,118,-89
221000086,30,204,-174
221000087,6,325,-319
221000088,25,285,-260
221000089,38,496,-458
221000090,162,710,-548
221000098,162,15,147
221000099,188,9,179
221000100,108,10,98
221000101,224,27,197
221000102,135,20,115
221000109,12,163,-151
221000110,16,203,-187
221000111,32,295,-263
221000112,16,237,-221
221000113,27,247,-220
221000114,21,245,-224
221000120,45,68,-23
221000121,11,38,-27
221000122,144,66,78
221000123,32,9,23
221000124,53,346,-293
221000155,148,14,134
221000156,79,74,5
221000175,1,11,-10
221000176,1,4,-3
221000182,69,9,60
221000241,652,375,277
221000242,294,628,-334
221000243,579,245,334
221000244,421,628,-207
221000245,130,132,-2
221000246,87,304,-217
221000247,104,145,-41
221000248,278,143,135
221000267,118,1112,-994
221000325,89,98,-9
221000331,91,182,-91
221000338,163,58,105
221000378,201,57,144
221000381,97,33,64
222000282,12,7,5
222000296,5,54,-49
222000568,411,16,395
222000569,179,49,130
222000570,207,19,188
222000571,502,34,468
222000577,30,348,-318
222000578,32,320,-288
222000579,44,231,-187
222000580,189,1644,-1455
222000599,2,186,-184
222000600,3,456,-453
222000601,9,1469,-1460
222000603,37,40,-3
222000604,11,58,-47
222000605,40,39,1
222000606,2,14,-12
222000607,18,5,13
222000608,75,22,53
222000609,57,323,-266
222000616,277,58,219
222000617,16,36,-20
222000618,8,4,4
222000620,72,9,63
222000621,168,6,162
222000623,621,7,614
222000624,401,5,396
222000625,520,107,413
222000636,133,5,128
222000686,55,24,31
222000687,64,71,-7
222001066,615,2,613
222001067,21,14,7
222001068,34,115,-81
222001069,34,108,-74
222001082,20,86,-66
222001083,18,104,-86
222001084,0,30,-30
222001085,2,319,-317
222001111,36,265,-229
222001112,84,120,-36
222001313,88,8,80
222001314,6,194,-188
222001464,136,93,43
222001465,72,181,-109
222001484,140,97,43
222001485,42,78,-36
222001494,385,187,198
222001495,124,571,-447
222001496,303,135,168
222001497,94,773,-679
222001502,33,95,-62
222001503,85,81,4
222001504,20,377,-357
222001505,321,28,293
222001506,43,346,-303
222001507,422,30,392
222001510,388,64,324
222001511,50,627,-577
222001514,706,226,480
222001515,412,1055,-643
222001518,243,99,144
222001519,71,461,-390
222001527,376,108,268
222001528,72,327,-255
222001529,271,83,188
222001530,53,378,-325
222001533,150,602,-452
222001534,302,125,177
222001535,141,250,-109
222001536,127,449,-322
222001537,283,39,244
222001538,99,855,-756
222001563,494,93,401
222001564,65,1144,-1079
222001568,572,121,451
222001576,17,2,15
222001579,2,6,-4
222001583,58,405,-347
222001584,158,20,138
222001596,1232,2303,-1071
222001597,2586,391,2195
222001626,1,319,-318
222001650,86,141,-55
222001651,62,261,-199
222001914,244,117,127
222001915,43,388,-345
222900004,472,325,147
222900009,629,1179,-550
222900019,381,438,-57
222900024,18,76,-58
222900025,2,32,-30
225000001,730,299,431
225000002,624,260,364
225000003,550,162,388
225000004,446,612,-166
225000005,146,132,14
225000006,0,237,-237
225000007,4764,2116,2648
225000010,380,13,367
225000011,764,2413,-1649
225000012,291,1154,-863
225000013,248,317,-69
225000014,2404,175,2229
225000015,156,336,-180
225000021,1156,517,639
225000027,453,1040,-587
225000032,1052,318,734
225000042,130,1276,-1146
225000049,85,90,-5
225000050,130,18,112
225000053,12,646,-634
225000058,1120,278,842
225000067,274,426,-152
225000068,197,785,-588
225000069,215,871,-656
225000070,93,842,-749
225000071,46,374,-328
225000075,62,1606,-1544
225000076,135,226,-91
225000078,244,101,143
225000085,57,148,-91
225000086,970,73,897
225000087,363,100,263
225000088,28,286,-258
225000089,323,1289,-966
225000090,52,683,-631
225000091,242,411,-169
225000092,67,122,-55
225000093,233,605,-372
225000094,18,673,-655
225000095,478,821,-343
225000096,477,845,-368
225000098,884,325,559
225000099,482,255,227
225000100,285,223,62
225000104,152,694,-542
225000110,18,792,-774
225000111,462,2077,-1615
225000112,800,1561,-761
225000113,329,945,-616
225000114,174,525,-351
225000115,3778,943,2835
225000116,1379,297,1082
225000117,1286,737,549
225000118,1295,627,668
225000119,276,180,96
225000120,924,153,771
225000121,400,71,329
225000123,3826,35,3791
225000125,667,403,264
225000126,1764,355,1409
225000127,1317,1614,-297
225000128,501,978,-477
225000132,339,62,277
225000133,477,47,430
225000134,800,163,637
225000135,89,10,79
225000136,229,23,206
225000137,193,99,94
225000138,452,89,363
225000143,149,273,-124
225000144,16,609,-593
225000145,125,114,11
225000146,45,186,-141
225000147,27,511,-484
225000148,7,393,-386
225000149,117,773,-656
225000151,34,651,-617
225000155,389,856,-467
225000156,541,1474,-933
225000157,476,536,-60
225000158,182,602,-420
225000171,4,251,-247
225000180,76,1,75
225000181,0,160,-160
225000182,104,11,93
225000185,11,556,-545
225000187,94,747,-653
225000191,158,6,152
225000194,0,19,-19
225000208,1,82,-81
225000209,145,44,101
225000210,9,608,-599
225000217,0,17,-17
225000218,16,0,16
225000223,5,86,-81
225000224,385,2,383
225000225,7,59,-52
225000226,277,3,274
225000227,82,157,-75
225000228,15,11,4
225000229,0,109,-109
225000230,115,0,115
225000231,0,125,-125
225000232,154,0,154
225000241,125,0,125
225000242,0,47,-47
225000249,91,61,30
225000250,57,1497,-1440
225000251,444,48,396
225000254,29,1,28
225000256,33,130,-97
225000257,5,302,-297
226000042,885,815,70
226000043,157,407,-250
226000044,369,1162,-793
226000045,160,703,-543
226000046,711,154,557
226000047,700,154,546
226000048,633,118,515
226000049,612,231,381
226000070,0,152,-152
226000071,1,120,-119
226000072,0,41,-41
226000073,1,35,-34
226000074,2,50,-48
226000084,14,86,-72
226000085,4,11,-7
226000086,6,23,-17
226000087,0,16,-16
226000088,102,65,37
226000090,437,76,361
226000091,40,53,-13
226000092,6,23,-17
226000093,32,3,29
226000094,59,7,52
226000095,84,2,82
226000105,51,0,51
226000106,37,1,36
226000107,16,0,16
226000108,85,0,85
226000109,87,0,87
226000124,322,123,199
226000134,507,839,-332
226000135,1289,1313,-24
226000136,432,768,-336
226000137,16,819,-803
226000138,28,492,-464
226000139,1,35,-34
226000156,150,4,146
226000157,265,15,250
226000163,184,99,85
226000202,8,1051,-1043
226000231,243,18,225
226000232,144,8,136
227000033,353,122,231
227000036,248,45,203
227000037,222,52,170
227000038,242,58,184
227000084,0,101,-101
227000085,1,71,-70
227000088,198,11,187
227000089,198,3,195
227000090,175,2,173
227000091,23,0,23
227000092,40,0,40
227000093,206,0,206
227000094,28,0,28
227000130,62,109,-47
227000131,51,336,-285
227000132,18,317,-299
227000133,10,299,-289
227000134,19,516,-497
227000152,0,4,-4
227000153,0,49,-49
227000154,0,21,-21
227000155,0,19,-19
227000156,0,13,-13
227000165,17,49,-32
227000196,367,497,-130
227000199,311,1004,-693
227000230,22,934,-912
227000232,517,28,489
227000242,64,615,-551
227000243,507,91,416
227000245,23,500,-477
227000246,89,642,-553
227000247,317,135,182
227000248,101,25,76
227000249,31,298,-267
227000250,753,197,556
227000251,213,224,-11
227000252,36,514,-478
227000253,104,28,76
227000262,241,64,177
227000266,1081,33,1048
227000267,43,3378,-3335
227000282,10,414,-404
227000284,360,43,317
227000286,5,101,-96
227000291,11,1068,-1057
227000296,359,480,-121
227000484,450,17,433
227000485,23,1375,-1352
227000655,127,25,102
227000656,754,52,702
227000657,60,41,19
227000704,299,21,278
229000265,10,27,-17
229000266,23,1,22
229000267,80,0,80
229000268,101,0,101
229000269,95,1,94
229000274,2,78,-76
229000275,1,45,-44
229000276,4,41,-37
229000277,1,4,-3
229000278,0,17,-17
229000295,25,70,-45
229000296,17,16,1
229000297,14,69,-55
229000298,9,348,-339
229000320,38,42,-4
229000321,31,34,-3
229000412,83,110,-27
229000414,9,101,-92
229000415,31,0,31
229000416,6,7,-1
229000417,10,40,-30
229000419,220,592,-372
229000440,490,170,320
229000442,21,17,4
229000443,1,7,-6
229000444,4,59,-55
229000445,105,18,87
229000446,202,25,177
229000491,4,34,-30
229000492,19,249,-230
229000493,2,190,-188
229000494,28,11,17
229000495,109,22,87
229000496,52,13,39
229000507,1,90,-89
229000508,1,73,-72
229000509,0,78,-78
229000510,5,64,-59
229000511,3,87,-84
229000512,1,61,-60
229000513,0,15,-15
229000514,1,10,-9
229000517,6,21,-15
229000518,11,48,-37
229000519,6,20,-14
229000520,16,37,-21
229000521,62,27,35
229000522,18,19,-1
229000523,16,13,3
229000524,1,13,-12
229000527,6,2,4
229000528,1,0,1
229000529,11,0,11
229000530,76,5,71
229000531,66,3,63
229000532,96,0,96
229000533,120,4,116
229000534,80,0,80
229000564,44,1,43
229000565,7,0,7
229000566,0,26,-26
229000567,1,82,-81
229000582,185,4,181
229000583,12,3,9
229000584,1,31,-30
229000585,3,97,-94
229000718,0,2,-2
229000719,0,3,-3
229000720,0,10,-10
229000721,0,10,-10
229000722,0,22,-22
229000723,0,23,-23
229000724,1,1,0
229000725,0,8,-8
229000738,4,0,4
229000739,4,0,4
229000740,3,0,3
229000741,8,0,8
229000742,10,0,10
229000743,40,0,40
229000744,5,0,5
229000745,3,0,3
229000746,21,0,21
229000847,73,0,73
229000848,21,0,21
229000849,143,3,140
229000851,25,1,24
229000854,0,90,-90
229000856,3,258,-255
229000857,0,80,-80
229000858,1,231,-230
229000919,26,124,-98
229000930,1,361,-360
229000937,90,17,73
229000966,70,29,41
229000981,25,66,-41
229000985,11,101,-90
229000986,0,20,-20
229000987,1,4,-3
229000988,8,7,1
229000989,75,14,61
229000990,17,1,16
229000991,5,4,1
229000992,19,27,-8
229000993,413,50,363
229000998,24,132,-108
229000999,118,55,63
229001034,2,37,-35
229001035,15,7,8
229001036,9,93,-84
229001037,90,7,83
229001038,0,5,-5
229001039,11,0,11
229001040,2,218,-216
229001041,152,0,152
229001042,17,71,-54
229001047,12,109,-97
229001050,76,52,24
229001168,0,8,-8
229001200,15,15,0
229001338,1,38,-37
229001394,264,6,258
229001422,120,30,90
229001423,39,204,-165
229001431,75,69,6
229001432,90,103,-13
229001444,209,174,35
229001445,83,398,-315
229001479,9,5,4
229001503,260,143,117
229001504,118,292,-174
229001505,134,44,90
229001506,81,245,-164
229001509,115,13,102
229001510,21,96,-75
229001545,105,7,98
229001546,5,120,-115
229001553,59,22,37
229001554,37,157,-120
229001630,85,43,42
229001631,18,54,-36
229001635,1,20,-19
229001636,6,1,5
229001658,0,169,-169
229001659,71,4,67
229001660,0,3,-3
229001661,3,44,-41
229001662,31,0,31
229001663,0,21,-21
229002584,340,439,-99
229002831,501,382,119
229002841,16,29,-13
229002842,49,31,18
229002843,166,41,125
229002844,176,73,103
229002845,41,84,-43
229002846,23,50,-27
229002847,43,20,23
229002848,21,35,-14
229002849,16,107,-91
229002850,9,1,8
229002851,154,115,39
229002852,202,53,149
229002853,261,40,221
229002854,163,86,77
229002855,23,20,3
229002856,97,23,74
229002857,16,47,-31
229002858,24,27,-3
229002859,176,41,135
229002860,212,24,188
229002861,137,66,71
229002862,105,127,-22
229002863,52,56,-4
229002864,32,81,-49
229002865,15,20,-5
229002866,6,47,-41
229002867,20,35,-15
229002868,11,10,1
229002869,39,256,-217
229002870,63,15,48
235000066,540,94,446
235000067,173,153,20
235000072,34,80,-46
235000073,111,524,-413
235000074,53,121,-68
235000080,43,128,-85
235000081,142,216,-74
235000082,232,162,70
235000083,225,227,-2
235000084,112,129,-17
235000085,105,120,-15
235000089,53,58,-5
235000092,16,222,-206
235000093,12,3,9
235000097,5,12,-7
235000098,88,12,76
235000099,48,41,7
235000116,61,36,25
235000117,1161,36,1125
235000133,20,478,-458
235000134,14,146,-132
235000206,17,9,8
235000207,4,7,-3
235000208,3,6,-3
235000209,20,1,19
235000210,8,5,3
235000212,6,28,-22
235000213,5,14,-9
235000220,8,9,-1
235000221,148,9,139
235000238,35,43,-8
235000239,4,8,-4
235000242,444,599,-155
235000245,989,213,776
235000246,19,73,-54
235000284,9,104,-95
235000295,144,13,131
235000305,227,23,204
235000306,134,11,123
235000307,27,1,26
235000308,85,0,85
235000309,62,2,60
235000310,136,1,135
235000311,175,11,164
235000322,0,33,-33
235000323,1,80,-79
235000324,0,21,-21
235000325,0,10,-10
235000326,6,347,-341
235000351,4,97,-93
235000352,58,61,-3
235000353,1,31,-30
235000354,19,37,-18
235000355,6,92,-86
235000356,123,6,117
235000357,30,11,19
235000358,52,14,38
235000359,5,0,5
235000360,152,35,117
235000361,106,9,97
235000381,59,381,-322
235000382,163,87,76
235000390,12,5,7
235000391,79,40,39
235000392,111,250,-139
235000393,89,167,-78
235000395,103,66,37
235000396,419,133,286
235000400,372,52,320
235000401,95,274,-179
235000405,179,385,-206
235000406,47,363,-316
235000407,77,141,-64
235000409,239,205,34
235000410,65,342,-277
235000411,7,87,-80
235000485,0,14,-14
235000486,12,0,12
235000549,67,167,-100
235000550,87,318,-231
235000599,64,63,1
235000600,18,21,-3
235000601,33,45,-12
235000602,47,143,-96
235000614,2,1,1
235000648,0,38,-38
235000649,51,10,41
235000685,0,4,-4
235000815,33,12,21
235000834,0,8,-8
235000855,38,87,-49
235000862,106,305,-199
235000891,0,14,-14
235000892,99,47,52
235000901,110,152,-42
235000907,5,18,-13
235001010,52,173,-121
235001029,774,599,175
235001030,444,314,130
235001078,107,127,-20
235001079,124,159,-35
235001147,18,107,-89
235001166,40,121,-81
235001167,51,90,-39
235001169,26,491,-465
235001188,4,6,-2
235001189,5,2,3
235001197,63,14,49
235001200,31,40,-9
235001208,26,20,6
235001209,57,89,-32
235001210,23,235,-212
235001239,3,66,-63
235001244,3,13,-10
235016267,0,42,-42
241900007,58,0,58
277101746,0,3,-3
277102712,0,0,0
277103813,0,0,0
277103814,0,0,0
277103898,0,11,-11
277104249,0,0,0
277104250,0,13,-13
277104251,0,9,-9
277104252,0,3,-3
990011530,0,305,-305
990014944,4,696,-692
990015176,103,14,89
990015618,0,138,-138
990016032,5,1045,-1040
990032570,14,419,-405
990070001,74,2,72
990070103,0,2,-2
990070601,2,125,-123
990070751,463,2,461
990070766,3,795,-792
990071180,1050,343,707
990071343,82,0,82
990071387,0,17,-17
990071823,859,5,854
990072600,2,960,-958
990072964,4,952,-948
990073285,0,1,-1
990074393,5,1647,-1642
990074870,1049,5,1044
990075106,953,5,948
990075746,511,6,505
990076437,1232,2,1230
990076458,15,1619,-1604
997000007,412,6,406
997000041,1,235,-234
997000058,32,1,31
997000062,212,4,208
997000069,0,10,-10
997000070,0,137,-137
997000100,40,1,39
997000141,36,4059,-4023
997000198,15,1844,-1829
998000475,0,52,-52
998000736,2,347,-345
998000965,0,16,-16
998001031,1,96,-95
998001700,1,48,-47
998001899,0,4,-4
998001900,7,3,4
998003073,3610,12,3598
998101900,0,0,0
998102850,0,107,-107
998501927,889,607,282
998501929,110,20,90
998501930,67,1,66
998501931,123,6,117
998501932,12,1,11
998501933,89,4,85
998501937,10,2,8
998501944,0,0,0
998501950,0,1,-1
998501970,55,3,52
998501971,0,133,-133
998501972,485,7,478
998501973,0,131,-131
998501974,3,376,-373
998501975,928,3,925
998501976,202,1,201
998501977,0,19,-19
998501978,108,6,102
998501979,0,15,-15
998501980,164,1,163
998501981,35,18,17
998501982,0,211,-211
998502006,0,0,0
998502024,0,3,-3
998502032,0,6,-6
998502062,32,0,32
998502063,0,0,0
998502173,14,0,14
998502269,0,4,-4
998601159,2,236,-234
998601292,0,30,-30
999033574,0,319,-319
999800001,110,7,103
999800002,3,5,-2
999800003,5,1,4
999800004,0,3,-3
999800005,0,15,-15
