ID,insum,outsum,diff
100000001,883,1579,-696
100000002,6557,1244,5313
100000003,8920,4556,4364
100000004,2154,1771,383
100000005,3107,6138,-3031
100000006,1274,247,1027
100000007,5337,874,4463
100000008,351,868,-517
100000009,900,522,378
100000010,73,103,-30
100000011,1031,113,918
100000012,177,1129,-952
100000013,77,331,-254
100000014,605,352,253
100000015,3124,3044,80
100000016,1565,2395,-830
100000017,1526,1470,56
100000018,2793,961,1832
100000019,9201,3387,5814
100000020,3233,9727,-6494
100000021,9599,4808,4791
100000022,5750,2540,3210
100000023,11622,2778,8844
100000025,6368,1698,4670
100000028,4776,1592,3184
100000029,587,378,209
100000030,1078,158,920
100000031,15609,12150,3459
100000032,4982,6604,-1622
100000033,2046,4381,-2335
100000034,1849,780,1069
100000035,4007,1786,2221
100000036,4620,1789,2831
100000037,805,720,85
100000038,2327,1327,1000
100000039,1388,298,1090
100000040,298,243,55
100000041,1788,553,1235
100000042,1607,550,1057
100000043,1406,583,823
100000044,508,1010,-502
100000045,900,1972,-1072
100000046,1151,1983,-832
100000047,622,1183,-561
100000048,1049,968,81
100000049,2677,3503,-826
100000051,794,1462,-668
100000053,143,4,139
100000054,518,38,480
100000055,1361,279,1082
100000056,679,789,-110
100000057,2519,1169,1350
100000058,1473,1871,-398
100000059,19,223,-204
100000060,627,571,56
100000061,3159,791,2368
100000062,2833,786,2047
100000063,931,362,569
100000064,2230,536,1694
100000065,801,1364,-563
100000066,356,1148,-792
100000067,873,1205,-332
100000068,943,2622,-1679
100000069,502,2450,-1948
100000072,578,1587,-1009
100000073,2877,2091,786
100000075,928,478,450
100000076,5674,4374,1300
100000077,1675,303,1372
100000078,186,109,77
100000079,116,148,-32
100000080,31,68,-37
100000081,197,124,73
100000102,10645,2324,8321
100000103,8266,1780,6486
100000104,8576,3589,4987
100000105,7345,2138,5207
100000106,6416,3279,3137
100000107,1766,1122,644
100000108,2691,1787,904
100000109,9529,2292,7237
100000116,2604,1434,1170
100000117,123,70,53
100000118,3434,1617,1817
100000119,1717,846,871
100000121,423,832,-409
100000122,5038,1621,3417
100000123,6200,10910,-4710
100000124,8809,15106,-6297
100000125,5117,1922,3195
100000126,2701,519,2182
100000127,5056,482,4574
100000128,2503,3070,-567
100000129,1074,618,456
100000130,533,830,-297
100000131,4309,6439,-2130
100000132,2165,4901,-2736
100000133,9378,4989,4389
100000135,844,1198,-354
100000139,639,330,309
100000140,774,399,375
100000142,669,752,-83
100000143,1467,848,619
100000144,6620,1366,5254
100000147,1845,4095,-2250
100000150,78,605,-527
100000151,1417,1606,-189
100000153,1593,630,963
100000154,686,230,456
100000155,61,99,-38
100000156,436,201,235
100000157,98,107,-9
100000158,264,115,149
100000159,1278,814,464
100000165,2215,1282,933
100000169,1747,539,1208
100000174,3860,787,3073
100000179,156,803,-647
100000180,2496,1683,813
100000181,319,341,-22
100000188,126,628,-502
100000189,1424,428,996
100000190,1512,868,644
100000191,1308,650,658
100000192,173,207,-34
100000193,243,244,-1
100000330,3293,1311,1982
100000355,482,827,-345
100000362,8075,5058,3017
100000363,4837,6344,-1507
100000364,846,238,608
100000365,6034,6822,-788
100000366,8821,4362,4459
100000367,6902,6054,848
100000368,3632,2743,889
100000369,2499,3003,-504
100000370,504,831,-327
100000376,193,213,-20
100000379,9562,2585,6977
100000380,15710,4634,11076
100000384,13604,8480,5124
100000385,12326,6857,5469
100000386,18450,10690,7760
100000387,16361,8730,7631
100000388,14297,13407,890
100000389,15251,11032,4219
100000390,14997,8641,6356
100000391,10584,12532,-1948
100000392,8818,4366,4452
100000393,4445,5075,-630
100000394,15654,8857,6797
100000395,8913,3324,5589
100000396,10571,3965,6606
100000397,7570,4057,3513
100000398,17639,12514,5125
100900002,62,71,-9
100900003,419,160,259
100900004,47,1104,-1057
100900005,224,20,204
100900006,25,223,-198
100900007,752,21,731
100900008,3,595,-592
100900009,194,138,56
100900010,73,156,-83
100900011,151,481,-330
100900012,9,298,-289
100900013,968,10,958
100900014,2,24,-22
100900015,224,244,-20
100900016,15,100,-85
100900017,1645,130,1515
100900018,0,25,-25
100900019,59,175,-116
100900020,690,11,679
100900021,553,6,547
100900022,13,29,-16
100900023,0,41,-41
100900024,1794,9,1785
100900025,13,25,-12
100900026,244,245,-1
100900027,967,4455,-3488
100900028,303,307,-4
100900029,143,44,99
100900030,6,78,-72
100900031,823,165,658
100900032,229,3,226
100900033,508,317,191
100900034,676,4,672
100900035,1175,4,1171
100900036,33,2,31
100900037,79,351,-272
100900038,388,28,360
100900039,340,873,-533
100900040,376,1031,-655
100900041,855,1241,-386
100900042,1400,508,892
100900043,0,49,-49
100900044,5389,859,4530
100900045,264,1,263
100900046,1386,13,1373
100900047,1473,434,1039
100900048,242,93,149
100900049,114,289,-175
100900050,4,35,-31
100900051,173,113,60
100900052,669,69,600
100900053,488,25,463
100900054,29,190,-161
100900055,566,879,-313
100900056,268,432,-164
100900057,1229,2058,-829
100900058,619,62,557
100900059,223,12,211
100900060,119,11,108
100900061,516,620,-104
100900062,6,83,-77
100900063,276,712,-436
100900064,1170,26,1144
100900065,256,125,131
100900066,113,285,-172
100900067,2,23,-21
100900068,207,181,26
100900069,2894,14,2880
100900070,367,6,361
100900071,993,615,378
100900072,2,82,-80
100900073,137,555,-418
100900074,15,22,-7
100900075,2931,717,2214
100900076,54,103,-49
100900077,20,225,-205
100900078,133,880,-747
100900079,12,49,-37
100900080,44,218,-174
100900081,113,331,-218
100900082,156,925,-769
100900083,14,67,-53
100900085,21,175,-154
100900086,401,2284,-1883
100900088,183,1313,-1130
100900089,6,15,-9
100900090,256,815,-559
100900091,1,33,-32
100900092,422,400,22
100900093,270,505,-235
100900094,143,1112,-969
100900095,35,47,-12
100900096,51,185,-134
100900097,0,4,-4
100900098,36,24,12
100900099,75,1085,-1010
100900100,48,600,-552
100900101,532,80,452
100900102,143,135,8
100900103,27,10,17
100900104,13,332,-319
100900105,37,536,-499
100900106,66,5,61
100900107,3378,1103,2275
100900108,22,37,-15
100900109,34,41,-7
100900110,11,72,-61
100900111,82,349,-267
100900112,11,12,-1
100900113,16,25,-9
100900114,14,44,-30
100900115,32,51,-19
100900116,1126,2104,-978
100900117,475,1102,-627
100900118,48,64,-16
100900119,11,45,-34
100900120,6,14,-8
100900121,473,1283,-810
100900122,197,340,-143
100900123,134,209,-75
100900124,10,18,-8
100900125,40,136,-96
100900126,134,367,-233
100900127,5,9,-4
100900128,222,257,-35
100900129,1,173,-172
100900131,154,332,-178
100900133,115,94,21
100900134,3,16,-13
100900135,1,186,-185
100900137,595,338,257
100900138,856,653,203
100900139,28,28,0
100900140,7,1239,-1232
100900141,4,523,-519
100900142,1,32,-31
100900143,1699,618,1081
100900144,31,10,21
100900145,112,202,-90
100900146,13,118,-105
100900147,32,409,-377
100900148,35,1405,-1370
100900149,29,204,-175
100900150,9,101,-92
100900151,185,867,-682
100900152,128,6,122
100900153,11,231,-220
100900154,27,44,-17
100900155,22,19,3
100900156,31,8,23
100900157,27,262,-235
100900158,1366,498,868
100900159,1,33,-32
100900160,34,30,4
100900161,136,5,131
100900162,43,343,-300
100900163,260,344,-84
100900164,67,77,-10
100900165,56,116,-60
100900166,42,10,32
100900167,51,173,-122
100900168,45,210,-165
100900169,240,1292,-1052
100900170,25,7,18
100900171,36,939,-903
100900172,2,10,-8
100900173,18,858,-840
100900174,851,67,784
100900176,2648,510,2138
100900177,1353,926,427
100900178,1039,250,789
100900179,230,287,-57
100900180,4,3,1
100900181,119,45,74
100900182,93,50,43
100900184,18,206,-188
100900186,1326,1309,17
100900187,5,227,-222
100900188,98,37,61
100900189,1351,328,1023
100900191,2460,1852,608
100900192,553,424,129
100900195,272,223,49
100900197,61,280,-219
100900198,42,565,-523
100900199,27,32,-5
100900200,850,594,256
100900201,146,1462,-1316
100900202,46,2,44
100900203,0,103,-103
100900204,769,627,142
100900205,253,580,-327
100900206,188,105,83
100900207,300,123,177
100900210,138,1703,-1565
100900211,602,242,360
100900213,84,46,38
100900214,1495,209,1286
100900215,22,69,-47
100900217,243,123,120
101000001,7738,3020,4718
101000002,6546,7810,-1264
101000003,1677,3732,-2055
101000004,16159,16112,47
101000005,7545,10682,-3137
101000006,12781,16840,-4059
101000007,5214,5288,-74
101000008,10837,5842,4995
101000009,2764,2786,-22
101000010,1581,2260,-679
101000011,3774,1125,2649
101000012,3210,1058,2152
101000013,1108,1969,-861
101000014,1272,1231,41
101000015,2161,1265,896
101000016,2642,934,1708
101000017,2155,1206,949
101000018,12311,4357,7954
101000020,10122,1575,8547
101000021,5098,595,4503
101000022,1021,135,886
101000023,4404,1373,3031
101000025,584,693,-109
101000026,643,54,589
101000027,5711,2484,3227
101000028,2269,244,2025
101000029,379,1304,-925
101000030,2528,103,2425
101000031,1396,596,800
101000032,13531,4419,9112
101000033,7594,4681,2913
101000034,9608,2628,6980
101000035,3457,797,2660
101000036,5545,1061,4484
101000037,10966,2590,8376
101000039,7525,4463,3062
101000040,9238,5445,3793
101000041,23901,9819,14082
101000042,2560,1630,930
101000043,16219,9791,6428
101000045,3279,993,2286
101000046,5285,1215,4070
101000047,3956,2857,1099
101000048,2298,1586,712
101000049,1849,2073,-224
101000050,4976,3632,1344
101000051,4060,3519,541
101000052,3566,1343,2223
101000053,2580,2124,456
101000054,3485,2094,1391
101000055,2693,3111,-418
101000056,151,207,-56
101000057,5505,1451,4054
101000058,5149,2071,3078
101000059,9801,2412,7389
101000060,3593,1069,2524
101000061,2067,2077,-10
101000062,1911,1551,360
101000063,1153,1250,-97
101000064,2666,947,1719
101000065,793,589,204
101000066,1002,585,417
101000067,1841,962,879
101000068,947,604,343
101000069,958,118,840
101000070,2469,1779,690
101000071,3914,1535,2379
101000072,2207,7045,-4838
101000073,1199,1069,130
101000074,9243,6169,3074
101000075,10161,4956,5205
101000077,1914,1546,368
101000078,1524,3118,-1594
101000079,758,531,227
101000080,886,489,397
101000081,1791,2309,-518
101000082,5479,4314,1165
101000083,3187,3427,-240
101000084,2337,1370,967
101000085,2528,1783,745
101000086,1765,1658,107
101000087,1330,2133,-803
101000088,1538,1655,-117
101000089,1571,2591,-1020
101000090,3883,2167,1716
101000091,603,2290,-1687
101000092,1061,1995,-934
101000093,2694,1453,1241
101000094,1131,2506,-1375
101000095,409,1375,-966
101000096,470,1104,-634
101000097,1893,520,1373
101000098,1512,873,639
101000099,2251,2606,-355
101000100,1881,1291,590
101000101,1142,587,555
101000102,4143,637,3506
101000103,1655,731,924
101000104,871,985,-114
101000105,2718,556,2162
101000106,2087,805,1282
101000107,297,614,-317
101000108,2499,597,1902
101000109,315,118,197
101000110,71,1141,-1070
101000111,154,357,-203
101000113,447,1425,-978
101000114,10395,4122,6273
101000115,499,222,277
101000116,303,206,97
101000117,1607,377,1230
101000119,457,159,298
101000120,490,101,389
101000121,190,49,141
101000122,271,132,139
101000123,166,156,10
101000124,423,282,141
101000125,316,803,-487
101000128,2854,472,2382
101000130,487,457,30
101000131,1104,1077,27
101000132,867,3182,-2315
101000135,187,63,124
101000136,774,162,612
101000137,35,467,-432
101000141,5146,5868,-722
101000147,1370,764,606
101000148,2689,52,2637
101000149,169,187,-18
101000150,111,1768,-1657
101000151,189,147,42
101000152,626,655,-29
101000153,1004,743,261
101000154,302,2952,-2650
101000155,351,264,87
101000156,68,442,-374
101000157,167,66,101
101000160,207,47,160
101000163,355,136,219
101000164,759,719,40
101000165,359,602,-243
101000166,482,706,-224
101000168,1296,605,691
101000252,2319,1345,974
101000254,1061,88,973
101000258,39,22,17
101000261,109,64,45
101000262,4734,2088,2646
101000263,895,1538,-643
101000265,178,951,-773
101000266,896,638,258
101000269,437,10,427
101000290,4788,5379,-591
101000293,49,103,-54
101000294,1001,769,232
101000295,242,1033,-791
101000301,2080,594,1486
101000304,7504,4445,3059
101000305,5703,3429,2274
101900001,50,83,-33
101900002,0,18,-18
101900003,250,179,71
101900004,40,69,-29
101900005,9804,2596,7208
101900006,1817,173,1644
101900007,1485,191,1294
101900008,414,618,-204
101900009,181,1032,-851
101900010,1915,1136,779
101900011,800,2940,-2140
101900012,331,815,-484
101900013,1987,273,1714
101900017,62,288,-226
101900018,2912,433,2479
101900019,423,201,222
101900020,867,404,463
101900021,3,94,-91
101900022,188,2259,-2071
101900023,193,407,-214
102000001,11463,7120,4343
102000002,7484,2230,5254
102000003,6397,12807,-6410
102000004,13551,6378,7173
102000005,3721,4572,-851
102000006,4003,4282,-279
102000007,3136,9955,-6819
102000008,9924,4194,5730
102000009,9736,13015,-3279
102000010,8994,8967,27
102000011,6484,4510,1974
102000012,7841,7226,615
102000018,6493,4874,1619
102000019,4785,4236,549
102000026,728,2504,-1776
102000029,674,370,304
102000030,246,714,-468
102000031,83,310,-227
102000032,591,780,-189
102000033,334,911,-577
102000034,788,1182,-394
102000035,1815,1191,624
102000036,23,1008,-985
102000037,363,213,150
102000038,940,295,645
102000039,962,139,823
102000040,1398,291,1107
102000041,492,592,-100
102000042,731,428,303
102000043,1023,477,546
102000044,2278,1176,1102
102000045,1661,2339,-678
102000046,2635,1274,1361
102000047,1330,2682,-1352
102000048,619,1731,-1112
102000049,2984,1689,1295
102000050,2941,2072,869
102000051,916,1350,-434
102000052,3030,1530,1500
102000053,2917,1788,1129
102000054,651,1460,-809
102000055,1299,1544,-245
102000056,1033,3171,-2138
102000057,2055,1270,785
102000058,1701,3374,-1673
102000059,2770,2690,80
102000060,2345,1964,381
102000061,2170,3569,-1399
102000062,2129,2591,-462
102000063,1865,2826,-961
102000064,973,1420,-447
102000065,55,247,-192
102000066,1662,3338,-1676
102000067,4514,6143,-1629
102000068,21195,6227,14968
102000069,114,2536,-2422
102000070,2497,107,2390
102000071,14843,15464,-621
102000072,5551,9409,-3858
102000073,2721,1495,1226
102000074,1306,1874,-568
102000075,399,622,-223
102000076,321,1168,-847
102000077,631,1636,-1005
102000078,922,1412,-490
102000079,191,607,-416
102000080,379,427,-48
102000081,538,1102,-564
102000082,1490,515,975
102000083,721,651,70
102000084,232,673,-441
102000085,2772,2352,420
102000086,1727,2223,-496
102000087,1910,2895,-985
102000088,430,536,-106
102000089,2104,791,1313
102000090,971,1798,-827
102000091,3409,917,2492
102000092,504,1835,-1331
102000093,935,1091,-156
102000094,1915,1059,856
102000095,1598,2453,-855
102000096,1266,1640,-374
102000097,1761,2088,-327
102000098,1015,1756,-741
102000099,1945,1270,675
102000100,1442,2074,-632
102000101,2345,1343,1002
102000102,631,6205,-5574
102000103,2387,797,1590
102000104,2032,649,1383
102000105,532,1415,-883
102000106,1067,1663,-596
102000107,1586,919,667
102000108,941,750,191
102000109,1112,998,114
102000110,969,2478,-1509
102000111,6,631,-625
102000112,269,171,98
102000113,25,43,-18
102000114,1797,673,1124
102000115,396,452,-56
102000116,1682,497,1185
102000117,577,923,-346
102000118,4343,1666,2677
102000119,4274,1142,3132
102000120,427,881,-454
102000121,1495,860,635
102000122,802,1469,-667
102000123,2320,1949,371
102000124,2464,1835,629
102000125,1221,1896,-675
102000126,1012,1185,-173
102000127,1611,1329,282
102000128,863,1778,-915
102000129,1979,1343,636
102000130,871,1335,-464
102000131,3076,1388,1688
102000132,1273,1626,-353
102000133,1860,3797,-1937
102000134,1010,1506,-496
102000135,1361,2451,-1090
102000136,2010,1436,574
102000137,1608,1527,81
102000138,395,775,-380
102000139,232,588,-356
102000140,561,433,128
102000141,573,924,-351
102000142,528,654,-126
102000143,278,741,-463
102000144,316,662,-346
102000145,488,749,-261
102000146,628,506,122
102000147,743,652,91
102000148,465,734,-269
102000149,287,1067,-780
102000150,287,600,-313
102000151,255,577,-322
102000152,270,336,-66
102000153,1682,739,943
102000154,901,1146,-245
102000155,226,542,-316
102000156,1236,169,1067
102000157,377,401,-24
102000158,816,785,31
102000159,2602,889,1713
102000161,7107,3829,3278
102000162,503,307,196
102000163,384,1123,-739
102000164,2084,1529,555
102000165,486,223,263
102000166,47,258,-211
102000167,446,315,131
102000168,425,170,255
102000169,244,1355,-1111
102000170,1186,336,850
102000171,525,168,357
102000172,614,689,-75
102000173,1364,506,858
102000174,93,87,6
102000175,196,346,-150
102000176,77,72,5
102000178,588,874,-286
102000179,900,427,473
102000180,957,896,61
102000181,760,1041,-281
102000182,661,933,-272
102000183,2227,2981,-754
102000184,2134,1356,778
102000185,3261,2320,941
102000186,1401,3183,-1782
102000187,955,2808,-1853
102000188,1150,2415,-1265
102000189,4586,1543,3043
102000190,1066,4857,-3791
102000191,2092,1128,964
102000192,1664,1947,-283
102000193,107,277,-170
102000194,185,266,-81
102000195,1188,766,422
102000196,248,855,-607
102000197,704,659,45
102000198,286,1502,-1216
102000199,1127,575,552
102000200,587,2148,-1561
102000201,1118,848,270
102000202,4,227,-223
102000203,614,583,31
102000204,722,2018,-1296
102000205,1823,1108,715
102000206,1437,1410,27
102000207,2163,899,1264
102000208,1066,1010,56
102000209,88,52,36
102000210,617,936,-319
102000211,975,759,216
102000212,363,22,341
102000213,9,592,-583
102000214,351,28,323
102000215,6,758,-752
102000216,68,79,-11
102000217,15,280,-265
102000218,292,283,9
102000219,719,514,205
102000225,953,1289,-336
102000226,5070,1581,3489
102000227,518,6,512
102000228,2,195,-193
102000229,60,41,19
102000230,443,974,-531
102000231,530,880,-350
102000232,32,614,-582
102000233,758,1758,-1000
102000234,180,1670,-1490
102000236,367,175,192
102000237,1706,311,1395
102000238,321,638,-317
102000240,1177,812,365
102000241,334,273,61
102000243,33,192,-159
102000245,52,117,-65
102000246,31,51,-20
102000247,451,1704,-1253
102000248,365,751,-386
102000249,129,301,-172
102000250,76,645,-569
102000254,115,632,-517
102000266,85,362,-277
102000271,79,1,78
102000286,909,698,211
102000297,3513,2216,1297
102000299,0,0,0
102000300,0,0,0
102000301,0,0,0
102000303,0,18,-18
102000305,0,0,0
102000306,0,0,0
102000307,1,7,-6
102000308,1,5,-4
102900001,1785,1740,45
102900002,561,69,492
102900003,70,324,-254
102900005,454,572,-118
102900006,763,411,352
102900007,538,65,473
102900008,234,163,71
102900009,806,466,340
102900010,1164,673,491
102900011,3030,890,2140
102900012,537,170,367
102900013,25,132,-107
102900015,1363,832,531
102900016,76,218,-142
102900017,213,1024,-811
102900018,33,234,-201
102900019,1063,1300,-237
102900020,179,68,111
102900021,25,206,-181
102900022,780,142,638
102900023,27,93,-66
102900024,46,89,-43
102900025,552,203,349
102900026,1447,2236,-789
102900027,83,99,-16
102900028,222,1222,-1000
102900029,257,327,-70
102900030,889,461,428
102900031,238,246,-8
102900032,128,211,-83
102900033,147,365,-218
102900034,504,188,316
102900035,220,655,-435
102900036,352,956,-604
102900037,297,1139,-842
102900038,672,1090,-418
102900039,56,643,-587
102900040,198,501,-303
102900041,103,336,-233
102900042,233,564,-331
102900043,204,514,-310
102900044,910,3163,-2253
102900045,157,884,-727
102900046,148,459,-311
102900047,74,1039,-965
102900048,963,990,-27
102900049,188,547,-359
102900050,511,597,-86
102900051,292,407,-115
102900052,94,52,42
102900053,553,1172,-619
102900054,1525,1520,5
102900055,260,304,-44
102900056,248,832,-584
102900057,23,69,-46
102900058,518,202,316
102900059,18,79,-61
102900060,228,736,-508
102900061,228,844,-616
102900062,224,1996,-1772
102900063,1470,791,679
102900064,277,1013,-736
102900065,2885,716,2169
102900066,571,86,485
102900068,204,169,35
102900070,406,990,-584
102900072,21,40,-19
102900073,245,13,232
102900074,514,374,140
102900075,45,65,-20
102900076,454,188,266
102900077,65,73,-8
102900078,107,168,-61
102900079,437,16,421
102900080,555,71,484
102900081,161,483,-322
102900082,12,414,-402
102900083,471,23,448
102900084,11,54,-43
102900085,391,163,228
102900086,23,95,-72
102900087,299,174,125
102900088,122,53,69
102900089,493,288,205
102900090,8,878,-870
102900091,264,14,250
102900092,595,1396,-801
102900093,447,519,-72
102900094,1,107,-106
102900095,388,2,386
102900096,96,18,78
102900097,180,258,-78
103000001,3650,4579,-929
103000002,5380,4401,979
103000003,9742,4891,4851
103000004,1593,1189,404
103000005,3710,5907,-2197
103000006,1110,2441,-1331
103000007,814,1529,-715
103000008,2449,1660,789
103000009,2228,1946,282
103000010,258,208,50
103000011,2548,2193,355
103000012,1903,2377,-474
103000013,10499,3702,6797
103000014,2219,4994,-2775
103000015,4617,1396,3221
103000016,889,2528,-1639
103000017,305,767,-462
103000018,2024,754,1270
103000019,430,439,-9
103000020,4710,2475,2235
103000021,3560,2179,1381
103000022,1595,1869,-274
103000023,944,2943,-1999
103000024,160,356,-196
103000025,119,880,-761
103000026,2468,284,2184
103000027,446,1066,-620
103000028,836,622,214
103000029,613,355,258
103000030,3158,1355,1803
103000031,2703,4218,-1515
103000032,2965,3025,-60
103000033,4050,4588,-538
103000034,2625,1828,797
103000035,701,2835,-2134
103000036,842,966,-124
103000037,1019,856,163
103000038,941,2217,-1276
103000039,498,854,-356
103000040,710,2385,-1675
103000041,2573,4335,-1762
103000042,1413,1099,314
103000043,666,2162,-1496
103000044,219,442,-223
103000046,450,911,-461
103000047,1048,1104,-56
103000048,250,332,-82
103000049,159,377,-218
103000050,1316,1200,116
103000051,887,1040,-153
103000052,1237,803,434
103000053,266,950,-684
103000054,3736,2040,1696
103000055,2409,3646,-1237
103000056,824,3191,-2367
103000057,521,631,-110
103000058,858,1532,-674
103000059,551,1425,-874
103000060,1121,1353,-232
103000061,466,1758,-1292
103000062,1778,1216,562
103000063,1046,1335,-289
103000064,192,443,-251
103000065,5,604,-599
103000066,305,11,294
103000069,379,623,-244
103000070,1526,1780,-254
103000071,1616,637,979
103000072,203,1514,-1311
103000073,966,290,676
103000074,1224,185,1039
103000075,190,1470,-1280
103000076,549,631,-82
103000077,78,732,-654
103000078,2947,979,1968
103000079,2624,1000,1624
103000080,1969,637,1332
103000081,871,1493,-622
103000082,982,379,603
103000083,238,537,-299
103000084,282,12,270
103000085,4,161,-157
103000086,1777,839,938
103000087,467,951,-484
103000088,753,560,193
103000089,700,1068,-368
103000090,2730,1277,1453
103000091,854,684,170
103000092,660,441,219
103000093,415,708,-293
103000094,276,175,101
103000095,107,670,-563
103000096,1007,209,798
103000097,111,1027,-916
103000098,1495,360,1135
103000099,597,853,-256
103000100,136,1395,-1259
103000101,1333,316,1017
103000102,201,1077,-876
103000103,958,451,507
103000104,108,233,-125
103000105,220,285,-65
103000106,25,126,-101
103000107,517,116,401
103000108,1121,905,216
103000109,1034,550,484
103000110,779,667,112
103000111,1590,712,878
103000112,1044,350,694
103000113,2561,1201,1360
103000114,4748,690,4058
103000115,660,821,-161
103000116,755,952,-197
103000117,517,868,-351
103000118,3319,1748,1571
103000119,3229,1023,2206
103000120,296,196,100
103000121,552,1206,-654
103000122,787,556,231
103000125,12,609,-597
103000126,724,10,714
103000127,3,339,-336
103000128,233,7,226
103000129,2,239,-237
103000130,126,61,65
103000131,305,166,139
103000132,115,260,-145
103000133,16,207,-191
103000134,990,1519,-529
103000135,1417,515,902
103000136,1931,801,1130
103000137,1616,1015,601
103000138,1861,1266,595
103000139,6,115,-109
103000140,379,66,313
103000141,64,193,-129
103000142,285,149,136
103000143,200,285,-85
103000144,312,193,119
103000145,101,46,55
103000150,143,73,70
103000152,904,470,434
103000153,660,278,382
103000156,5,705,-700
103000157,479,12,467
103000159,307,167,140
103000162,210,45,165
103000163,14,42,-28
103000164,56,26,30
103000165,409,743,-334
103000166,400,427,-27
103000167,701,194,507
103000168,125,262,-137
103000169,312,886,-574
103000170,756,967,-211
103000171,81,108,-27
103000172,667,608,59
103000173,617,1471,-854
103000174,265,600,-335
103000175,226,668,-442
103000176,1822,802,1020
103000177,1381,791,590
103000178,454,490,-36
103000179,309,50,259
103000183,204,40,164
103000185,121,146,-25
103000186,118,328,-210
103000187,722,1193,-471
103000188,15,68,-53
103000189,2867,1586,1281
103000191,911,1220,-309
103000292,4086,2394,1692
103000293,2265,2810,-545
103000295,205,130,75
103000296,516,6,510
103000297,174,39,135
103000504,206,60,146
103000505,25,24,1
103000506,1,332,-331
103000507,221,18,203
103000508,103,65,38
103000509,368,851,-483
103900001,22,636,-614
103900002,3761,318,3443
103900003,3723,169,3554
103900004,182,1,181
103900005,4,513,-509
103900006,0,0,0
103900007,55,2,53
103900008,33,0,33
103900009,403,511,-108
103900010,188,521,-333
103900011,309,372,-63
103900012,10,25,-15
103900013,48,111,-63
103900014,73,49,24
103900015,64,40,24
103900016,409,339,70
103900017,44,176,-132
103900018,1044,370,674
103900019,87,417,-330
103900020,396,710,-314
103900021,1481,124,1357
103900022,1643,1028,615
103900023,161,3,158
103900024,227,1454,-1227
103900025,12,94,-82
103900026,96,1,95
103900027,1015,624,391
103900028,38,436,-398
103900029,1643,259,1384
103900030,724,85,639
103900031,39,5,34
103900032,148,68,80
103900033,621,15,606
103900034,30,454,-424
103900035,92,106,-14
103900036,173,42,131
103900037,227,92,135
103900038,145,246,-101
103900039,68,608,-540
103900040,31,400,-369
103900041,98,54,44
103900042,61,629,-568
103900043,208,203,5
103900044,441,569,-128
103900045,360,257,103
103900047,65,65,0
103900048,50,34,16
103900049,352,2272,-1920
103900050,12,130,-118
103900051,0,48,-48
103900052,333,926,-593
103900053,258,1945,-1687
103900054,167,1013,-846
103900055,715,357,358
103900056,50,73,-23
103900057,41,324,-283
103900058,300,1347,-1047
103900059,2,9,-7
103900060,91,377,-286
103900061,184,99,85
103900062,504,157,347
103900063,2,0,2
103900064,155,17,138
103900065,1184,744,440
103900066,221,21,200
103900067,251,6,245
103900068,7,0,7
103900069,198,34,164
103900070,248,518,-270
103900071,24,290,-266
103900072,10,436,-426
103900073,58,57,1
103900074,108,164,-56
103900075,275,188,87
103900076,523,1191,-668
103900077,117,180,-63
103900078,266,246,20
103900079,197,418,-221
103900080,17,67,-50
103900081,160,24,136
103900082,16,206,-190
103900083,2546,1881,665
103900084,100,271,-171
103900085,134,150,-16
103900086,948,582,366
103900087,20,171,-151
103900088,534,582,-48
103900089,62,282,-220
103900090,5,361,-356
103900091,1417,444,973
103900092,2049,774,1275
103900093,189,485,-296
103900094,16,225,-209
103900095,1427,306,1121
103900096,40,346,-306
103900097,20,908,-888
103900098,290,216,74
103900099,95,408,-313
103900100,271,642,-371
103900101,97,1873,-1776
103900102,4,48,-44
103900104,2,53,-51
103900105,144,291,-147
103900106,0,36,-36
103900107,325,503,-178
103900108,70,614,-544
103900109,113,183,-70
103900110,413,107,306
103900111,146,1466,-1320
103900112,41,70,-29
103900113,225,415,-190
103900114,870,533,337
103900115,381,463,-82
103900116,10023,3958,6065
103900117,290,243,47
103900119,64,98,-34
103900120,91,205,-114
103900122,102,415,-313
103900123,3155,872,2283
103900124,78,802,-724
103900125,189,144,45
103900126,674,877,-203
103900127,245,1481,-1236
103900128,131,253,-122
103900131,37,158,-121
103900133,1541,63,1478
103900134,0,12,-12
103900135,5,13,-8
103900137,1,74,-73
103900138,120,661,-541
103900139,357,2242,-1885
103900140,14,143,-129
103900141,425,131,294
103900142,304,588,-284
103900143,70,2,68
103900144,0,224,-224
103900145,207,539,-332
103900146,387,670,-283
103900147,550,277,273
103900148,281,365,-84
103900149,331,1385,-1054
103900150,14538,6245,8293
103900151,91,310,-219
103900152,628,988,-360
103900153,16,1,15
103900154,2386,4175,-1789
103900155,38,406,-368
103900156,40,338,-298
103900157,68,465,-397
103900158,121,464,-343
103900159,167,199,-32
103900160,101,60,41
103900161,140,349,-209
103900162,78,507,-429
103900163,13,858,-845
103900164,18,6,12
103900167,41,163,-122
103900168,184,320,-136
103900169,46,80,-34
103900170,6,171,-165
103900171,4,119,-115
103900172,19,59,-40
103900173,21,37,-16
103900174,263,130,133
103900175,90,112,-22
103900176,18,48,-30
103900177,11,89,-78
103900178,58,185,-127
103900179,61,370,-309
103900180,52,312,-260
103900181,121,144,-23
103900182,60,63,-3
103900184,1148,155,993
103900185,693,407,286
103900187,123,112,11
103900188,68,41,27
103900189,120,18,102
103900190,186,109,77
103900191,55,112,-57
103900192,52,198,-146
103900193,440,431,9
103900194,123,557,-434
103900195,3,80,-77
103900196,42,53,-11
103900197,37,45,-8
103900198,21,87,-66
103900199,268,90,178
103900200,178,233,-55
103900201,191,303,-112
103900202,19,90,-71
103900203,78,54,24
103900204,4,199,-195
103900207,3,301,-298
103900208,107,4,103
103900209,14,181,-167
103900210,89,37,52
103900211,763,1067,-304
103900212,154,613,-459
103900213,428,405,23
103900214,1059,240,819
103900215,968,410,558
103900216,14,654,-640
103900217,631,136,495
103900218,3,669,-666
103900219,192,627,-435
103900233,256,7,249
103900235,212,50,162
103900236,99,3,96
103900242,2,17,-15
103900243,19,45,-26
103900244,124,663,-539
103900245,218,344,-126
103900246,97,48,49
103900247,70,158,-88
103900248,36,61,-25
103900249,35,81,-46
103900250,108,42,66
103900251,0,55,-55
103900253,55,99,-44
103900254,36,45,-9
103900255,88,32,56
103900256,140,42,98
103900257,125,359,-234
103900258,162,1,161
103900259,125,12,113
103900261,13,9,4
103900262,60,11,49
103900263,109,173,-64
103900264,122,68,54
103900265,129,19,110
103900266,2,113,-111
103900267,12,80,-68
103900268,8,125,-117
103900269,196,333,-137
103900270,68,210,-142
104000001,3686,3748,-62
104000002,2897,5597,-2700
104000003,3729,4223,-494
104000004,4857,5158,-301
104000005,2292,3392,-1100
104000006,3890,5597,-1707
104000007,6343,6753,-410
104000008,640,733,-93
104000009,423,177,246
104000010,250,421,-171
104000011,1528,624,904
104000012,280,779,-499
104000013,270,260,10
104000014,433,1345,-912
104000015,386,265,121
104000016,896,851,45
104000018,952,232,720
104000019,804,250,554
104000020,310,1052,-742
104000021,506,941,-435
104000022,212,430,-218
104000023,751,570,181
104000024,407,631,-224
104000026,107,486,-379
104000027,699,838,-139
104000028,451,392,59
104000029,528,962,-434
104000030,441,393,48
104000031,1491,550,941
104000032,297,657,-360
104000033,752,717,35
104000034,452,626,-174
104000035,1113,710,403
104000036,966,981,-15
104000037,405,469,-64
104000038,467,550,-83
104000039,287,480,-193
104000040,766,608,158
104000041,659,541,118
104000042,358,661,-303
104000043,412,620,-208
104000044,349,1181,-832
104000045,1714,1962,-248
104000046,2238,2828,-590
104000047,1320,2149,-829
104000048,1763,3057,-1294
104000049,796,633,163
104000050,353,1185,-832
104000051,245,1143,-898
104000052,2025,2777,-752
104000053,1529,1072,457
104000054,861,899,-38
104000055,7886,4721,3165
104000056,2593,501,2092
104000057,276,661,-385
104000058,1055,1205,-150
104000059,986,2429,-1443
104000060,1656,1978,-322
104000061,2423,2286,137
104000062,519,400,119
104000064,954,675,279
104000065,458,727,-269
104000069,2470,1419,1051
104000070,121,783,-662
104000071,213,786,-573
104000072,996,513,483
104000075,126,524,-398
104000076,912,255,657
104000082,4434,4702,-268
104000083,1395,403,992
104000084,215,906,-691
104000085,463,505,-42
104000086,282,731,-449
104000087,660,2795,-2135
104000090,1040,3018,-1978
104000092,1490,4805,-3315
104000094,1724,3434,-1710
104000095,2543,2421,122
104000096,2158,880,1278
104000097,2298,1905,393
104000098,2389,2254,135
104000100,2460,1071,1389
104000101,1874,5112,-3238
104000106,329,979,-650
104000107,1030,877,153
104000108,590,1178,-588
104000109,440,129,311
104000110,1427,1963,-536
104000111,9091,4036,5055
104000112,3771,1054,2717
104000116,3,2318,-2315
104000117,197,1868,-1671
104000118,839,464,375
104000119,757,453,304
104000120,314,1950,-1636
104000121,294,1324,-1030
104000122,683,1110,-427
104000123,2040,2315,-275
104000124,1950,5191,-3241
104000125,9438,6220,3218
104000126,571,767,-196
104000127,2446,5534,-3088
104000128,1334,759,575
104000129,874,47,827
104000130,29,562,-533
104000131,2913,786,2127
104000132,1660,1044,616
104000133,1736,1783,-47
104000134,1243,3087,-1844
104000135,586,2581,-1995
104000136,1197,6069,-4872
104000137,2072,679,1393
104000138,1801,1009,792
104000139,13141,5653,7488
104000141,1451,2834,-1383
104000142,1116,1581,-465
104000143,924,1069,-145
104000144,167,354,-187
104000145,662,375,287
104000146,601,1111,-510
104000147,209,752,-543
104000148,396,238,158
104000149,264,623,-359
104000150,1554,812,742
104000151,629,934,-305
104000152,978,1099,-121
104000153,828,761,67
104000154,1697,1346,351
104000155,540,644,-104
104000157,1665,2860,-1195
104000158,622,656,-34
104000159,1599,715,884
104000160,2746,2966,-220
104000161,477,316,161
104000162,62,276,-214
104000165,2145,1838,307
104000167,943,1308,-365
104000168,1075,11,1064
104000169,186,72,114
104000170,997,914,83
104000248,554,1748,-1194
104000251,123,457,-334
104000272,0,0,0
104000273,0,0,0
104000274,0,0,0
104000275,0,0,0
104000279,1284,827,457
104000290,226,610,-384
104000291,1327,2241,-914
104000293,1502,1119,383
104000294,18,0,18
104000295,936,1467,-531
104000296,591,1557,-966
104000297,1522,2944,-1422
104000298,3154,1805,1349
104000299,1289,2930,-1641
104900001,206,779,-573
104900002,64,261,-197
104900003,70,643,-573
104900004,110,594,-484
104900005,397,415,-18
104900006,493,146,347
104900007,378,405,-27
104900009,255,729,-474
104900010,51,61,-10
104900011,31,7,24
104900012,301,36,265
104900013,177,18,159
104900014,6107,624,5483
104900015,212,15,197
104900016,317,542,-225
104900017,259,333,-74
104900018,36,305,-269
104900019,740,3801,-3061
104900020,97,492,-395
104900021,2,426,-424
104900022,26,158,-132
104900023,0,221,-221
104900024,24,152,-128
104900025,121,805,-684
104900026,7,261,-254
104900027,615,415,200
104900028,23,133,-110
104900029,88,159,-71
104900030,761,354,407
104900031,279,341,-62
104900032,55,291,-236
104900033,281,403,-122
104900034,409,188,221
104900035,354,236,118
104900036,207,119,88
104900037,183,577,-394
104900038,1129,1182,-53
104900039,1984,501,1483
104900040,398,184,214
104900041,323,323,0
104900042,165,611,-446
104900043,11,139,-128
104900044,583,340,243
104900045,470,107,363
104900046,250,262,-12
104900047,363,200,163
104900048,395,128,267
104900049,51,31,20
104900050,320,246,74
104900051,386,72,314
104900052,106,8,98
104900053,574,147,427
104900054,148,204,-56
104900055,110,2,108
104900056,234,20,214
104900057,46,4,42
104900058,2317,498,1819
104900059,135,48,87
104900060,2,638,-636
104900061,476,971,-495
104900063,0,169,-169
104900064,2,134,-132
104900065,1,221,-220
104900066,2,363,-361
104900067,4,417,-413
104900068,27,346,-319
104900070,245,394,-149
104900071,6,1350,-1344
104900072,70,395,-325
104900073,82,546,-464
104900074,66,374,-308
104900075,241,162,79
104900076,147,600,-453
104900077,2291,315,1976
104900078,229,1123,-894
104900079,250,743,-493
104900080,82,831,-749
104900082,20,621,-601
104900085,14,345,-331
104900087,512,8,504
104900089,211,2,209
104900090,1133,878,255
104900091,852,1615,-763
104900093,375,1064,-689
104900097,4872,2519,2353
104900098,160,98,62
104900099,1333,1324,9
104900100,1503,555,948
104900102,45,496,-451
104900103,763,207,556
104900104,6589,2974,3615
104900106,97,227,-130
104900107,209,500,-291
104900108,63,603,-540
104900109,166,798,-632
104900110,22,97,-75
104900111,241,252,-11
104900112,402,1568,-1166
104900113,843,862,-19
104900114,459,1157,-698
104900115,888,932,-44
104900116,435,485,-50
104900118,50,122,-72
104900119,2,55,-53
104900120,59,276,-217
104900121,1,193,-192
104900122,3,147,-144
104900123,89,8,81
104900124,46,0,46
104900125,785,8,777
104900126,117,137,-20
104900127,57,92,-35
104900128,161,248,-87
104900129,5116,3097,2019
105000001,4125,2805,1320
105000002,4589,2949,1640
105000003,7343,5918,1425
105000004,864,2290,-1426
105000005,1107,2129,-1022
105000006,2463,3045,-582
105000007,2579,2547,32
105000008,3656,4777,-1121
105000009,2694,4264,-1570
105000010,5544,4802,742
105000011,3441,3713,-272
105000012,5808,5096,712
105000013,1149,1629,-480
105000014,2153,3319,-1166
105000015,12750,14948,-2198
105000016,6644,4246,2398
105000017,3875,1546,2329
105000018,3028,2291,737
105000019,3209,1832,1377
105000020,618,637,-19
105000021,850,260,590
105000022,416,115,301
105000023,837,429,408
105000028,124,252,-128
105000029,706,1921,-1215
105000030,6580,6290,290
105000033,1520,3499,-1979
105000034,408,1562,-1154
105000037,1055,912,143
105000038,2432,2423,9
105000039,4224,3343,881
105000040,1296,1477,-181
105000041,871,2441,-1570
105000042,4183,2181,2002
105000043,2820,3852,-1032
105000044,633,605,28
105000045,574,1524,-950
105000046,1225,609,616
105000047,646,2349,-1703
105000048,1152,440,712
105000049,423,1393,-970
105000050,798,703,95
105000051,335,1154,-819
105000052,868,1738,-870
105000053,212,377,-165
105000054,589,1660,-1071
105000055,1795,707,1088
105000056,1978,4895,-2917
105000057,1910,1751,159
105000058,2712,2563,149
105000059,1015,1051,-36
105000060,1082,1438,-356
105000061,960,928,32
105000062,1584,2053,-469
105000063,653,1299,-646
105000064,2161,1254,907
105000065,822,1566,-744
105000066,2437,3575,-1138
105000067,2412,1068,1344
105000068,1682,1878,-196
105000069,6914,2281,4633
105000070,1790,1428,362
105000071,1252,1373,-121
105000072,962,3080,-2118
105000073,1607,1089,518
105000074,2429,1725,704
105000075,1423,1325,98
105000076,3026,1664,1362
105000077,3972,1541,2431
105000078,3241,1991,1250
105000079,3632,2926,706
105000080,4028,2049,1979
105000081,3920,1361,2559
105000082,2456,1252,1204
105000083,4448,2384,2064
105000084,1617,1650,-33
105000085,2717,2056,661
105000086,847,1705,-858
105000087,4835,3326,1509
105000088,2261,2709,-448
105000089,4485,3735,750
105000090,1807,1352,455
105000091,2716,2849,-133
105000092,1656,1888,-232
105000093,835,365,470
105000094,574,487,87
105000095,146,734,-588
105000096,2092,1325,767
105000097,2288,1314,974
105000098,3058,992,2066
105000099,3334,1507,1827
105000100,1507,2283,-776
105000101,2839,3998,-1159
105000102,3399,2698,701
105000103,2815,4302,-1487
105000104,3288,1860,1428
105000105,1819,3996,-2177
105000106,2401,3305,-904
105000107,1830,2338,-508
105000108,1994,3692,-1698
105000109,2220,3605,-1385
105000110,993,1818,-825
105000111,944,1110,-166
105000112,1936,1828,108
105000113,612,1207,-595
105000114,8075,2021,6054
105000115,625,1294,-669
105000116,1203,873,330
105000117,1506,2288,-782
105000118,781,745,36
105000119,1047,2670,-1623
105000120,1519,1198,321
105000121,1600,2759,-1159
105000122,585,948,-363
105000123,2064,2740,-676
105000124,2593,1490,1103
105000125,1567,3770,-2203
105000126,3296,3958,-662
105000127,3812,3754,58
105000128,1133,2544,-1411
105000129,1758,731,1027
105000130,462,3152,-2690
105000131,1226,1009,217
105000132,1295,791,504
105000133,669,2224,-1555
105000134,1250,1061,189
105000135,676,1305,-629
105000136,80,485,-405
105000137,402,540,-138
105000138,141,376,-235
105000139,1627,2017,-390
105000140,236,762,-526
105000141,324,1258,-934
105000142,197,747,-550
105000143,356,1390,-1034
105000144,676,1286,-610
105000145,1014,779,235
105000146,927,1395,-468
105000147,858,749,109
105000148,1756,1184,572
105000149,3439,3589,-150
105000150,3563,2845,718
105000151,814,646,168
105000152,367,1313,-946
105000153,1157,1040,117
105000154,1663,1736,-73
105000155,674,1422,-748
105000156,1679,1661,18
105000157,1645,4318,-2673
105000158,3586,1341,2245
105000159,418,2648,-2230
105000160,2963,1047,1916
105000161,1423,2961,-1538
105000162,1438,3043,-1605
105000163,3514,2049,1465
105000164,399,580,-181
105000165,4116,9017,-4901
105000166,13956,1098,12858
105000167,6395,2643,3752
105000168,487,1536,-1049
105000169,715,727,-12
105000170,352,2809,-2457
105000171,1767,703,1064
105000172,202,98,104
105000173,174,106,68
105000174,78,92,-14
105000175,109,252,-143
105000176,533,192,341
105000177,459,314,145
105000178,201,1524,-1323
105000179,471,257,214
105000180,151,215,-64
105000181,157,893,-736
105000182,77,75,2
105000183,5225,3608,1617
105000184,1463,1423,40
105000185,1669,1154,515
105000186,625,1325,-700
105000187,1157,329,828
105000188,947,199,748
105000189,555,826,-271
105000190,732,549,183
105000191,580,437,143
105000192,776,82,694
105000193,329,250,79
105000194,273,108,165
105000195,503,1808,-1305
105000196,37,213,-176
105000197,422,1197,-775
105000198,848,682,166
105000199,646,949,-303
105000200,362,342,20
105000201,278,41,237
105000203,8,536,-528
105000204,92,165,-73
105000205,160,388,-228
105000207,899,330,569
105000208,332,718,-386
105000209,357,428,-71
105000212,1793,2945,-1152
105000213,352,341,11
105000214,225,493,-268
105000215,364,499,-135
105000216,200,589,-389
105000217,293,499,-206
105000218,1394,1851,-457
105000221,334,523,-189
105000222,727,95,632
105000223,384,297,87
105000226,129,740,-611
105000227,71,439,-368
105000228,557,1844,-1287
105000229,260,539,-279
105000231,419,505,-86
105000233,921,872,49
105000234,929,2424,-1495
105000235,704,909,-205
105000237,1175,140,1035
105000243,31,461,-430
105000248,355,116,239
105000262,391,3188,-2797
105000269,179,423,-244
105000270,536,127,409
105000271,2,444,-442
105000282,361,93,268
105000287,488,341,147
105000288,621,988,-367
105000289,4831,2192,2639
105000290,25,7,18
105000402,8285,4201,4084
105000426,1122,1037,85
105000438,4367,1531,2836
105000446,25093,9520,15573
105000447,13070,5901,7169
105000454,513,1376,-863
105000455,429,326,103
105000474,43,2,41
105000477,552,905,-353
105000478,2888,4708,-1820
105000479,413,227,186
105000480,6999,4703,2296
105000481,5345,3908,1437
105000482,10376,7131,3245
105000483,2388,2590,-202
105000484,4990,4626,364
105000485,2766,2928,-162
105000486,8396,4712,3684
105000488,9747,7766,1981
105000489,1722,1495,227
105000549,86,257,-171
105000550,1207,2311,-1104
105000551,65,161,-96
105000552,6500,3580,2920
105900001,14,1948,-1934
105900002,2927,859,2068
105900003,15,147,-132
105900004,547,250,297
105900005,7,419,-412
105900006,32,145,-113
105900007,216,29,187
105900008,109,1307,-1198
105900009,24,35,-11
105900011,356,84,272
105900012,747,236,511
105900013,6,42,-36
105900014,11,151,-140
105900015,298,693,-395
105900016,468,1220,-752
105900017,1510,83,1427
105900018,319,584,-265
105900019,83,884,-801
105900020,64,94,-30
105900021,55,504,-449
105900022,370,656,-286
105900023,9,211,-202
105900024,18,292,-274
105900025,326,84,242
105900026,611,114,497
105900027,10820,9224,1596
105900028,547,234,313
105900029,3780,647,3133
105900030,444,432,12
105900031,665,288,377
105900032,137,240,-103
105900033,254,179,75
105900034,358,368,-10
105900035,375,405,-30
105900036,65,317,-252
105900037,141,117,24
105900038,238,736,-498
105900039,168,358,-190
105900040,125,167,-42
105900041,274,881,-607
105900042,115,244,-129
105900043,4543,106,4437
105900044,1,413,-412
105900045,7,1356,-1349
105900046,83,426,-343
105900047,24,62,-38
105900048,157,904,-747
105900050,5584,2245,3339
105900051,30,2588,-2558
105900052,693,247,446
105900053,7333,4673,2660
105900054,491,651,-160
105900056,1525,447,1078
105900057,42,247,-205
105900058,17,71,-54
105900059,4,81,-77
106000001,6109,3442,2667
106000002,4235,8274,-4039
106000003,4547,5449,-902
106000004,3629,4857,-1228
106000005,3879,9006,-5127
106000006,9488,8531,957
106000007,652,784,-132
106000008,500,586,-86
106000009,669,556,113
106000010,804,941,-137
106000011,1282,1643,-361
106000012,1322,2685,-1363
106000013,2298,2873,-575
106000014,3430,3304,126
106000015,1757,1886,-129
106000016,1793,4438,-2645
106000017,967,1093,-126
106000018,1250,1053,197
106000019,577,679,-102
106000020,482,850,-368
106000021,393,791,-398
106000022,609,499,110
106000023,969,589,380
106000024,1402,1289,113
106000025,191,398,-207
106000026,150,461,-311
106000027,1613,2303,-690
106000028,900,988,-88
106000029,1284,2028,-744
106000030,1312,656,656
106000034,325,1062,-737
106000035,1454,2678,-1224
106000036,586,707,-121
106000037,3294,2687,607
106000038,771,183,588
106000039,343,143,200
106000040,289,1227,-938
106000041,1409,751,658
106000043,1066,261,805
106000046,530,77,453
106000047,48,668,-620
106000049,1068,306,762
106000050,675,1517,-842
106000051,1236,694,542
106000052,142,1108,-966
106000053,356,235,121
106000054,504,743,-239
106000055,1569,2009,-440
106000056,414,687,-273
106000057,317,525,-208
106000058,183,367,-184
106000059,418,460,-42
106000060,755,922,-167
106000061,258,816,-558
106000062,198,930,-732
106000063,791,897,-106
106000064,38,647,-609
106000065,619,407,212
106000066,200,764,-564
106000067,549,183,366
106000068,96,1068,-972
106000069,349,169,180
106000070,600,1383,-783
106000071,1372,570,802
106000072,8149,2800,5349
106000073,2777,4497,-1720
106000074,734,1220,-486
106000075,529,2135,-1606
106000076,2200,3137,-937
106000077,6044,2260,3784
106000078,1365,1592,-227
106000079,885,1654,-769
106000080,1748,1272,476
106000081,730,1842,-1112
106000082,3659,1663,1996
106000083,425,2440,-2015
106000084,1644,1195,449
106000085,2552,2359,193
106000086,973,1332,-359
106000087,1327,1042,285
106000088,505,1178,-673
106000089,1380,674,706
106000090,283,950,-667
106000091,372,1371,-999
106000092,990,422,568
106000093,421,187,234
106000094,188,567,-379
106000095,843,1840,-997
106000096,1325,1221,104
106000097,1400,2144,-744
106000098,994,1645,-651
106000099,270,1247,-977
106000100,1184,451,733
106000101,1057,398,659
106000102,263,795,-532
106000103,472,954,-482
106000104,986,788,198
106000105,644,1436,-792
106000106,722,741,-19
106000107,157,780,-623
106000108,237,483,-246
106000109,157,532,-375
106000110,232,444,-212
106000111,230,919,-689
106000112,249,686,-437
106000113,1754,1092,662
106000114,773,656,117
106000115,382,912,-530
106000116,225,327,-102
106000117,1297,1358,-61
106000118,1520,2061,-541
106000119,3343,2053,1290
106000120,1162,1442,-280
106000121,208,244,-36
106000122,164,557,-393
106000123,441,349,92
106000124,50,558,-508
106000125,42,510,-468
106000126,276,212,64
106000127,1333,1557,-224
106000128,961,375,586
106000129,614,1074,-460
106000130,1083,621,462
106000131,243,1414,-1171
106000132,1235,230,1005
106000133,5924,2108,3816
106000134,1107,1967,-860
106000135,305,1494,-1189
106000136,902,1071,-169
106000137,139,2283,-2144
106000138,1457,113,1344
106000139,76,186,-110
106000140,41,188,-147
106000141,196,173,23
106000142,127,127,0
106000143,81,171,-90
106000144,35,128,-93
106000145,319,525,-206
106000146,401,331,70
106000147,879,937,-58
106000148,1091,1582,-491
106000149,762,690,72
106000150,910,3223,-2313
106000151,8084,1369,6715
106000152,2391,3615,-1224
106000153,100,2779,-2679
106000154,2311,449,1862
106000155,103,415,-312
106000156,1041,629,412
106000157,1115,3320,-2205
106000158,5056,1416,3640
106000159,7373,2700,4673
106000160,569,4428,-3859
106000161,2360,804,1556
106000162,324,1621,-1297
106000163,449,969,-520
106000164,474,647,-173
106000165,321,1207,-886
106000166,1608,532,1076
106000167,659,2194,-1535
106000168,508,473,35
106000169,278,1258,-980
106000170,1130,428,702
106000171,251,1812,-1561
106000172,5042,1678,3364
106000173,1975,4638,-2663
106000174,1593,599,994
106000175,505,1757,-1252
106000176,2482,1298,1184
106000177,1243,4409,-3166
106000178,4816,2771,2045
106000179,1849,3991,-2142
106000180,1468,2716,-1248
106000181,908,3018,-2110
106000182,1388,1317,71
106000183,1336,1587,-251
106000184,2374,1681,693
106000185,1371,1676,-305
106000186,1682,305,1377
106000187,385,1614,-1229
106000188,0,5,-5
106000189,12,84,-72
106000190,20,4,16
106000191,846,299,547
106000192,12,54,-42
106000193,663,291,372
106000194,357,702,-345
106000195,1124,301,823
106000196,339,876,-537
106000197,693,631,62
106000198,254,508,-254
106000199,1424,1242,182
106000200,901,336,565
106000201,842,3754,-2912
106000202,11342,1253,10089
106000203,200,307,-107
106000204,64,7,57
106000205,35,218,-183
106000206,148,44,104
106000207,57,1302,-1245
106000208,1392,181,1211
106000209,1787,536,1251
106000210,392,2068,-1676
106000211,615,2113,-1498
106000212,1222,510,712
106000213,1458,2513,-1055
106000214,4508,1062,3446
106000215,522,893,-371
106000216,439,565,-126
106000217,458,788,-330
106000218,606,679,-73
106000219,199,462,-263
106000220,514,417,97
106000221,193,408,-215
106000222,53,217,-164
106000223,132,230,-98
106000224,303,481,-178
106000225,130,114,16
106000226,242,571,-329
106000228,87,275,-188
106000229,141,1216,-1075
106000231,1085,323,762
106000232,82,556,-474
106000233,690,230,460
106000234,110,310,-200
106000235,619,215,404
106000236,270,96,174
106000237,2,8,-6
106000238,59,25,34
106000239,8,147,-139
106000240,63,12,51
106000241,19,1243,-1224
106000242,344,51,293
106000249,102,168,-66
106000250,127,860,-733
106000251,109,74,35
106000252,28,168,-140
106000253,79,122,-43
106000254,59,100,-41
106000255,21,218,-197
106000256,102,111,-9
106000257,303,519,-216
106000258,364,24,340
106000259,4,58,-54
106000260,36,27,9
106000261,16,80,-64
106000262,68,28,40
106000263,23,110,-87
106000264,297,20,277
106000265,13,241,-228
106000266,243,22,221
106000267,9,177,-168
106000268,818,49,769
106000269,73,114,-41
106000270,265,765,-500
106000271,98,339,-241
106000272,279,95,184
106000273,16,365,-349
106000274,304,66,238
106000275,230,375,-145
106000276,230,95,135
106000277,236,293,-57
106000278,315,80,235
106000279,13,116,-103
106000280,90,276,-186
106000281,116,146,-30
106000282,121,112,9
106000283,174,183,-9
106000284,87,186,-99
106000285,183,248,-65
106000286,105,290,-185
106000287,179,190,-11
106000288,140,276,-136
106000289,153,132,21
106000290,123,198,-75
106000291,145,171,-26
106000292,147,245,-98
106000293,183,162,21
106000294,193,250,-57
106000295,88,101,-13
106000296,123,240,-117
106000297,119,431,-312
106000298,244,125,119
106000299,124,268,-144
106000300,162,152,10
106000301,138,176,-38
106000303,37,120,-83
106000304,41,82,-41
106000305,43,91,-48
106000306,45,120,-75
106000307,54,26,28
106000308,40,302,-262
106000309,36,128,-92
106000310,387,1002,-615
106000311,483,308,175
106000312,116,349,-233
106000313,214,332,-118
106000318,321,573,-252
106000319,1299,280,1019
106000320,6,54,-48
106000321,771,100,671
106000322,130,291,-161
106000324,10,253,-243
106000325,2020,1377,643
106000326,1663,3245,-1582
106000327,172,205,-33
106000328,19,167,-148
106000329,233,574,-341
106000330,69,90,-21
106000428,68,263,-195
106000429,191,677,-486
106000430,498,2123,-1625
106000431,2322,607,1715
106000432,2670,4747,-2077
106000433,2867,1559,1308
106000434,4874,2227,2647
106000435,3320,4768,-1448
106000436,34,538,-504
106000437,449,38,411
106000438,744,239,505
106000439,82,974,-892
106000440,315,715,-400
106000441,2,1,1
106000442,297,12,285
106000443,145,860,-715
106000450,3,337,-334
106000451,48,60,-12
106000454,10,162,-152
106000455,17,257,-240
106000456,199,48,151
106000457,17,1655,-1638
106000458,693,317,376
106000459,150,614,-464
106000460,1285,106,1179
106000461,129,2537,-2408
106000462,0,20,-20
106000463,2,44,-42
106000464,6,673,-667
106000465,680,2,678
106000466,5,1019,-1014
106000467,649,1067,-418
106000468,102,461,-359
106000469,482,4,478
106000470,447,2785,-2338
106000471,58,1156,-1098
106000472,250,28,222
106000473,36,37,-1
106000474,587,1252,-665
106000475,300,207,93
106000476,229,232,-3
106000477,22,70,-48
106900001,1,42,-41
106900002,4,943,-939
106900003,408,1467,-1059
106900004,2,162,-160
106900006,1,21,-20
106900007,0,56,-56
106900008,346,552,-206
106900009,497,686,-189
106900010,279,594,-315
106900012,4047,2639,1408
106900013,723,147,576
106900014,54,4,50
106900015,30,3,27
106900016,305,6,299
106900017,8,0,8
106900018,2,0,2
106900019,51,9,42
106900020,4986,2197,2789
106900021,128,108,20
106900022,636,2,634
106900023,77,481,-404
106900024,637,56,581
106900025,124,1135,-1011
106900026,4,1301,-1297
106900027,773,6,767
107000001,5747,4077,1670
107000002,7665,8333,-668
107000003,6992,8818,-1826
107000004,8986,10158,-1172
107000005,4684,7123,-2439
107000006,6627,11144,-4517
107000007,6622,14044,-7422
107000008,22479,18463,4016
107000009,8284,9534,-1250
107000010,16875,20473,-3598
107000011,1809,2333,-524
107000012,7101,6608,493
107000013,56,206,-150
107000014,36,387,-351
107000015,600,1352,-752
107000016,1000,1758,-758
107000017,5279,1725,3554
107000018,68,672,-604
107000020,2942,789,2153
107000021,2054,1115,939
107000022,1451,1902,-451
107000023,2420,528,1892
107000024,725,2638,-1913
107000025,293,701,-408
107000026,292,1078,-786
107000027,1750,1770,-20
107000028,1623,2773,-1150
107000029,3580,3236,344
107000030,4446,5568,-1122
107000031,5135,3732,1403
107000032,707,1525,-818
107000033,6453,8524,-2071
107000034,8613,3813,4800
107000035,698,395,303
107000036,706,2827,-2121
107000037,157,1141,-984
107000038,515,380,135
107000039,1441,1103,338
107000040,247,503,-256
107000041,2666,1079,1587
107000042,1218,3120,-1902
107000043,4757,1463,3294
107000044,979,542,437
107000045,215,451,-236
107000046,1075,669,406
107000047,775,1355,-580
107000048,1173,457,716
107000049,785,1271,-486
107000050,1411,776,635
107000051,974,619,355
107000052,1933,1458,475
107000053,644,350,294
107000054,126,542,-416
107000055,150,157,-7
107000056,642,1345,-703
107000057,2543,335,2208
107000058,3500,3472,28
107000059,3906,6287,-2381
107000060,6026,8251,-2225
107000061,10066,6988,3078
107000062,5121,4720,401
107000063,6450,10227,-3777
107000064,5779,3477,2302
107000065,6577,9469,-2892
107000066,2922,3895,-973
107000067,1616,1680,-64
107000068,2757,1008,1749
107000069,1451,874,577
107000070,973,7,966
107000071,3225,63,3162
107000072,87,5648,-5561
107000073,729,367,362
107000074,195,1539,-1344
107000075,1685,718,967
107000076,1309,2621,-1312
107000077,4085,1628,2457
107000078,3046,5397,-2351
107000079,3333,1109,2224
107000080,1943,5419,-3476
107000081,1889,914,975
107000082,828,3975,-3147
107000083,1644,593,1051
107000084,782,3734,-2952
107000085,4342,5073,-731
107000086,5562,6120,-558
107000087,4910,3537,1373
107000088,5568,6785,-1217
107000089,2059,3309,-1250
107000090,1825,2309,-484
107000091,1880,1436,444
107000092,1317,2181,-864
107000093,1805,1369,436
107000094,2277,2400,-123
107000095,1164,967,197
107000096,978,1713,-735
107000097,755,419,336
107000098,457,749,-292
107000099,632,547,85
107000100,545,519,26
107000101,127,335,-208
107000102,722,603,119
107000103,502,335,167
107000104,417,705,-288
107000105,477,231,246
107000106,355,651,-296
107000107,755,320,435
107000108,423,1357,-934
107000109,684,216,468
107000110,192,933,-741
107000111,334,74,260
107000112,51,644,-593
107000113,656,185,471
107000114,160,1190,-1030
107000115,657,204,453
107000116,136,1574,-1438
107000117,163,595,-432
107000118,177,405,-228
107000119,3265,2014,1251
107000120,3989,619,3370
107000121,986,1207,-221
107000122,1594,1641,-47
107000123,543,1485,-942
107000124,643,1548,-905
107000125,1076,1422,-346
107000126,1128,1350,-222
107000127,46,429,-383
107000129,398,640,-242
107000130,709,600,109
107000131,756,816,-60
107000132,737,474,263
107000133,1080,170,910
107000134,454,4,450
107000135,10,432,-422
107000136,1025,13,1012
107000137,33,739,-706
107000138,674,43,631
107000139,29,742,-713
107000140,2085,156,1929
107000141,190,1408,-1218
107000142,578,141,437
107000143,97,1452,-1355
107000144,733,750,-17
107000145,234,1065,-831
107000146,242,630,-388
107000147,4702,1385,3317
107000150,1708,3702,-1994
107000151,95,139,-44
107000152,991,1302,-311
107000153,837,779,58
107000154,374,261,113
107000155,1151,39,1112
107000156,1385,43,1342
107000157,55,3209,-3154
107000158,652,40,612
107000159,41,2014,-1973
107000160,1158,127,1031
107000161,122,2959,-2837
107000162,375,620,-245
107000163,236,3,233
107000164,742,6,736
107000165,972,9,963
107000166,82,2319,-2237
107000167,831,475,356
107000168,1078,675,403
107000169,1558,1382,176
107000170,2626,1208,1418
107000171,928,3784,-2856
107000172,1281,1804,-523
107000173,964,2317,-1353
107000174,1231,6091,-4860
107000175,14717,3043,11674
107000176,3,0,3
107000177,5,5,0
107000178,33,83,-50
107000179,417,4604,-4187
107000180,1620,984,636
107000181,470,2077,-1607
107000182,2083,1529,554
107000183,142,1434,-1292
107000184,1122,1121,1
107000185,637,2230,-1593
107000186,1608,615,993
107000187,1797,2348,-551
107000188,866,884,-18
107000189,546,1837,-1291
107000190,777,1370,-593
107000191,1058,1601,-543
107000192,2372,1716,656
107000193,736,771,-35
107000194,1659,1350,309
107000197,1268,346,922
107000198,353,1072,-719
107000199,1134,1435,-301
107000200,2123,1127,996
107000201,568,425,143
107000202,467,856,-389
107000203,1559,906,653
107000204,2487,997,1490
107000205,3046,1757,1289
107000206,1704,1885,-181
107000207,1434,1983,-549
107000208,2291,887,1404
107000209,3823,1866,1957
107000210,1421,798,623
107000211,17,62,-45
107000212,28,715,-687
107000213,21,68,-47
107000214,23,360,-337
107000215,610,903,-293
107000216,489,714,-225
107000217,188,251,-63
107000219,131,204,-73
107000220,228,525,-297
107000222,424,1431,-1007
107000224,443,158,285
107000225,322,992,-670
107000226,417,111,306
107000227,116,596,-480
107000228,100,287,-187
107000229,658,299,359
107000230,1892,932,960
107000231,2777,1518,1259
107000232,144,92,52
107000233,2068,1159,909
107000234,1,70,-69
107000235,118,10,108
107000236,22,829,-807
107000237,29,1,28
107000238,19,5,14
107000239,8090,1249,6841
107000240,134,1716,-1582
107000241,167,43,124
107000242,1271,76,1195
107000243,1,156,-155
107000244,9,105,-96
107000246,4,1861,-1857
107000249,3,1573,-1570
107000251,3,395,-392
107000252,6,1969,-1963
107000255,1293,169,1124
107000257,5,767,-762
107000258,1,233,-232
107000259,2,363,-361
107000260,608,15,593
107000262,18,1003,-985
107000263,344,5,339
107000266,32,13,19
107000267,110,336,-226
107000268,223,298,-75
107000269,768,62,706
107000270,3,31,-28
107000271,17,1243,-1226
107000272,27,310,-283
107000273,3,286,-283
107000274,1917,261,1656
107000275,277,1235,-958
107000280,919,41,878
107000281,47,1765,-1718
107000282,33,1625,-1592
107000290,10,34,-24
107000291,17,20,-3
107000292,3,46,-43
107000293,176,5,171
107000294,0,32,-32
107000295,37,0,37
107000296,0,38,-38
107000444,407,10,397
107000496,3,66,-63
107000497,2061,4654,-2593
107000500,647,570,77
107000501,134,247,-113
107000502,666,589,77
107000505,1008,1288,-280
107000506,1,37,-36
107000508,16,956,-940
107000509,423,1314,-891
107000510,49,38,11
107000514,78,558,-480
107000515,38,451,-413
107000516,311,384,-73
107000518,1398,1464,-66
107000519,5860,1804,4056
107000520,170,45,125
107900001,59,246,-187
107900002,78,6,72
107900003,469,37,432
107900004,117,2,115
107900005,1321,8,1313
107900006,359,2,357
107900007,501,65,436
107900008,108,65,43
107900009,240,2,238
107900010,39,0,39
107900012,346,17,329
107900013,306,87,219
107900014,17,24,-7
107900015,1136,18,1118
107900016,647,170,477
107900017,52,3,49
107900018,114,178,-64
107900019,19,111,-92
107900020,134,13,121
107900021,103,306,-203
107900023,4,6,-2
107900024,1,69,-68
107900025,289,578,-289
107900026,66,158,-92
107900027,94,97,-3
107900028,66,141,-75
107900030,243,30,213
107900031,88,306,-218
107900032,29,6,23
107900033,67,11,56
107900034,717,25,692
107900035,1158,59,1099
107900036,70,10,60
107900037,1,69,-68
107900038,204,354,-150
107900039,43,104,-61
107900040,98,165,-67
107900041,2,1,1
107900043,34,340,-306
107900044,13,8,5
107900045,205,62,143
107900046,190,185,5
107900047,36,132,-96
107900048,240,4,236
107900049,579,1758,-1179
107900050,170,663,-493
107900051,119,164,-45
107900052,39,56,-17
107900053,34,160,-126
107900055,1172,516,656
107900056,221,37,184
107900057,3,0,3
107900058,60,1225,-1165
107900060,43,64,-21
107900061,49,16,33
107900063,133,217,-84
107900064,625,108,517
107900065,240,36,204
107900066,12,14,-2
107900067,0,0,0
107900068,333,397,-64
107900069,74,2516,-2442
107900070,149,87,62
107900071,70,1741,-1671
107900072,146,464,-318
107900073,105,178,-73
107900074,1354,311,1043
107900076,147,152,-5
107900077,60,2,58
107900078,474,58,416
107900079,7,33,-26
107900080,275,431,-156
107900081,36,139,-103
107900082,54,32,22
107900083,656,244,412
107900084,179,190,-11
107900086,37,216,-179
107900087,993,198,795
107900088,28,33,-5
107900089,485,1650,-1165
107900090,1025,3505,-2480
107900091,318,840,-522
107900092,2795,766,2029
107900093,172,152,20
107900095,5117,2821,2296
107900097,30,114,-84
107900098,62,179,-117
107900100,1671,1948,-277
107900101,1906,330,1576
107900102,28,21,7
107900103,64,212,-148
107900104,245,7,238
107900105,1,619,-618
107900106,5,1983,-1978
107900107,2112,573,1539
107900108,681,208,473
107900109,1420,20,1400
107900110,45,177,-132
107900111,19,1630,-1611
107900112,168,517,-349
107900113,284,261,23
107900114,161,303,-142
107900115,12,82,-70
107900116,156,423,-267
107900117,464,774,-310
107900118,104,252,-148
107900119,176,311,-135
107900120,48,28,20
107900121,2,262,-260
107900122,8,94,-86
107900123,10,59,-49
107900124,49,33,16
107900125,47,313,-266
107900126,6,61,-55
107900127,771,369,402
107900128,164,150,14
107900129,48,64,-16
107900130,129,70,59
107900131,867,302,565
107900132,155,702,-547
107900133,3,118,-115
107900134,31,64,-33
107900135,12,317,-305
107900136,55,76,-21
107900137,126,195,-69
107900138,66,47,19
107900139,41,82,-41
107900140,140,115,25
107900141,61,114,-53
107900142,130,1998,-1868
107900143,123,63,60
107900144,5,238,-233
107900145,21,187,-166
107900146,66,290,-224
107900147,109,53,56
107900148,252,301,-49
107900149,2996,392,2604
107900150,127,1742,-1615
107900151,36,144,-108
107900152,13,505,-492
107900153,253,495,-242
107900154,78,21,57
107900155,100,95,5
107900156,9,529,-520
107900157,131,137,-6
107900158,1086,24,1062
107900159,50,1971,-1921
107900160,118,241,-123
107900161,35,345,-310
107900162,3,266,-263
107900163,138,46,92
107900164,6,58,-52
107900165,48,151,-103
107900166,36,381,-345
107900167,43,39,4
107900168,29,53,-24
107900169,3,282,-279
107900171,14,3237,-3223
107900172,2,568,-566
107900173,19,304,-285
107900174,136,9,127
107900175,28,31,-3
107900176,35,56,-21
107900177,2,354,-352
107900178,0,366,-366
107900179,37,251,-214
107900180,1516,689,827
107900181,511,570,-59
107900182,4,2229,-2225
107900183,70,573,-503
107900184,89,375,-286
107900185,124,8,116
107900186,30,63,-33
107900187,1,201,-200
107900188,1205,214,991
107900189,21,194,-173
107900190,149,132,17
107900191,80,189,-109
107900193,19,84,-65
107900194,300,12,288
107900195,6741,920,5821
107900196,68,112,-44
107900197,1901,449,1452
107900199,4,1413,-1409
107900201,155,190,-35
107900203,52,123,-71
107900204,301,436,-135
107900205,278,768,-490
107900206,1010,287,723
107900207,4,1010,-1006
107900208,10,1170,-1160
107900209,664,253,411
107900210,106,244,-138
107900213,1304,1016,288
107900214,12,318,-306
107900215,252,400,-148
107900216,177,163,14
107900217,57,126,-69
107900218,21,2139,-2118
107900219,41,241,-200
107900220,360,340,20
107900221,348,324,24
107900223,133,929,-796
107900224,181,510,-329
107900225,11,1396,-1385
107900226,127,226,-99
107900227,237,800,-563
107900228,30,169,-139
107900229,6,432,-426
107900230,19,201,-182
107900231,24,372,-348
107900232,59,301,-242
107900233,6,233,-227
107900234,108,210,-102
107900235,46,146,-100
107900236,98,132,-34
107900237,116,638,-522
107900238,31,244,-213
107900239,2048,675,1373
107900240,21,232,-211
107900241,18,169,-151
107900242,18,541,-523
107900243,3,73,-70
107900244,437,5,432
107900245,790,70,720
107900246,295,9,286
107900248,517,888,-371
107900249,765,24,741
107900250,0,887,-887
107900251,100,2494,-2394
107900252,1404,16,1388
107900253,221,10,211
107900254,103,355,-252
107900255,533,102,431
107900256,1326,810,516
107900257,300,168,132
107900258,118,556,-438
107900259,142,2442,-2300
107900261,3,857,-854
107900262,59,274,-215
107900264,509,5,504
107900265,133,391,-258
107900267,279,30,249
107900268,98,26,72
107900269,2,15,-13
107900270,0,2,-2
107900271,6,13,-7
107900272,237,27,210
107900273,43,158,-115
107900274,56,0,56
107900275,28,0,28
107900276,0,103,-103
107900277,1,383,-382
107900278,280,531,-251
107900279,208,161,47
107900280,2881,3251,-370
107900281,6018,3094,2924
107900282,145,526,-381
107900283,2324,757,1567
107900284,433,1245,-812
107900285,114,195,-81
107900286,218,184,34
107900287,209,355,-146
107900290,2,114,-112
107900291,682,30,652
107900292,132,396,-264
107900293,94,874,-780
107900295,61,147,-86
107900297,5,474,-469
107900298,1108,1405,-297
107900299,5813,3099,2714
107900300,73,381,-308
107900301,845,692,153
107900302,161,39,122
107900303,146,543,-397
107900304,320,939,-619
107900305,354,17,337
107900306,47,25,22
107900307,64,356,-292
107900308,245,151,94
107900309,242,1,241
107900310,343,3,340
107900311,14,113,-99
107900312,167,0,167
107900313,5,145,-140
107900314,5,63,-58
107900315,2,79,-77
107900316,50,4,46
107900317,259,15,244
107900318,9,222,-213
107900319,2,454,-452
107900320,7,285,-278
107900321,183,8,175
107900322,5,273,-268
107900323,16,320,-304
107900324,254,0,254
107900325,138,0,138
107900326,328,585,-257
107900327,1,66,-65
107900328,185,0,185
107900329,341,99,242
107900330,21,843,-822
107900331,247,62,185
107900332,232,59,173
107900333,54,26,28
107900334,17,414,-397
107900335,64,121,-57
107900336,36,47,-11
107900337,2230,971,1259
107900338,2,211,-209
107900339,8,49,-41
107900340,0,116,-116
107900341,65,3,62
107900342,140,170,-30
107900343,94,5,89
107900344,21,268,-247
107900345,206,46,160
107900346,39,0,39
107900347,37,2,35
107900348,1,3,-2
107900349,39,8,31
107900350,34,409,-375
108000001,3512,5909,-2397
108000002,3524,5251,-1727
108000003,5598,3857,1741
108000004,25058,26816,-1758
108000005,9215,6449,2766
108000006,11782,12064,-282
108000007,7051,5697,1354
108000008,8426,10468,-2042
108000009,5260,5910,-650
108000010,6006,8403,-2397
108000011,14571,16713,-2142
108000012,28250,28598,-348
108000014,1309,981,328
108000015,776,420,356
108000016,288,935,-647
108000017,1137,560,577
108000018,2275,880,1395
108000019,2621,1182,1439
108000020,1733,833,900
108000021,599,2659,-2060
108000022,845,2626,-1781
108000023,1593,386,1207
108000024,305,996,-691
108000025,322,439,-117
108000026,625,787,-162
108000027,829,724,105
108000028,509,352,157
108000029,586,741,-155
108000030,814,332,482
108000031,442,801,-359
108000032,1596,834,762
108000033,1065,2081,-1016
108000034,2154,639,1515
108000035,1615,3890,-2275
108000036,495,2237,-1742
108000037,1893,545,1348
108000038,3116,705,2411
108000039,714,3977,-3263
108000040,2417,1159,1258
108000041,962,4434,-3472
108000042,376,311,65
108000043,320,400,-80
108000044,407,256,151
108000045,407,864,-457
108000046,1480,534,946
108000047,672,1714,-1042
108000048,207,641,-434
108000049,738,357,381
108000050,102,715,-613
108000051,305,171,134
108000052,403,1196,-793
108000053,408,205,203
108000054,824,1872,-1048
108000055,1681,667,1014
108000056,1458,1900,-442
108000057,981,1367,-386
108000058,2833,4922,-2089
108000059,5643,3411,2232
108000060,272,657,-385
108000061,209,427,-218
108000062,902,774,128
108000063,561,1027,-466
108000064,251,383,-132
108000065,899,1053,-154
108000066,3050,1183,1867
108000067,2599,847,1752
108000068,955,485,470
108000069,330,1634,-1304
108000070,2256,1023,1233
108000071,1175,2708,-1533
108000072,1874,1610,264
108000073,2241,2982,-741
108000074,525,461,64
108000075,440,1330,-890
108000076,1133,775,358
108000077,1135,1108,27
108000078,2449,2215,234
108000079,1184,2795,-1611
108000080,1252,838,414
108000081,642,3590,-2948
108000082,1623,3255,-1632
108000083,2782,1351,1431
108000084,594,2091,-1497
108000085,781,606,175
108000086,1239,1456,-217
108000087,186,2611,-2425
108000088,305,14,291
108000089,735,511,224
108000090,742,236,506
108000091,292,972,-680
108000092,252,141,111
108000093,287,1573,-1286
108000094,903,215,688
108000095,304,780,-476
108000096,333,364,-31
108000097,255,978,-723
108000098,1749,2222,-473
108000099,285,127,158
108000100,69,312,-243
108000101,1423,1859,-436
108000102,2091,3646,-1555
108000106,1319,3,1316
108000107,3,1403,-1400
108000108,857,75,782
108000109,26,1413,-1387
108000110,175,478,-303
108000111,289,1434,-1145
108000112,100,215,-115
108000113,900,540,360
108000115,592,793,-201
108000117,1487,622,865
108000118,309,334,-25
108000119,1076,684,392
108000120,191,1213,-1022
108000121,248,966,-718
108000122,550,509,41
108000123,759,447,312
108000124,357,909,-552
108000125,448,478,-30
108000126,191,859,-668
108000127,503,505,-2
108000128,685,933,-248
108000129,364,1818,-1454
108000130,443,425,18
108000131,1247,662,585
108000132,2917,2340,577
108000133,1042,757,285
108000134,834,1063,-229
108000135,1414,574,840
108000136,1436,1589,-153
108000137,440,660,-220
108000138,512,1777,-1265
108000139,489,577,-88
108000140,89,51,38
108000141,88,256,-168
108000142,73,267,-194
108000143,50,94,-44
108000144,29,22,7
108000145,113,61,52
108000146,52,21,31
108000147,91,107,-16
108000148,110,20,90
108000149,54,62,-8
108000150,42,7,35
108000151,33,25,8
108000152,148,760,-612
108000153,483,188,295
108000154,106,21,85
108000155,20,42,-22
108000156,548,183,365
108000157,267,1109,-842
108000158,164,877,-713
108000159,1117,284,833
108000160,7793,1494,6299
108000161,7797,3098,4699
108000165,6,247,-241
108000172,6,369,-363
108000173,4431,2694,1737
108000175,216,111,105
108000178,611,541,70
108000179,339,995,-656
108000181,70,55,15
108000182,250,34,216
108000183,42,47,-5
108000184,2088,2754,-666
108000185,455,1031,-576
108000186,154,80,74
108000187,112,1270,-1158
108000188,600,338,262
108000189,1229,1763,-534
108000190,38,198,-160
108000192,232,885,-653
108000193,1448,88,1360
108000194,77,35,42
108000195,4,2356,-2352
108000196,273,220,53
108000198,721,471,250
108000199,1,237,-236
108000200,368,1042,-674
108000202,0,312,-312
108000203,128,1410,-1282
108000204,153,44,109
108000205,531,960,-429
108000339,2241,582,1659
108000364,246,418,-172
108000365,105,619,-514
108000367,316,564,-248
108000368,7,87,-80
108000369,2202,301,1901
108000371,7,955,-948
108000372,640,7,633
108000373,212,230,-18
108000376,80,31,49
108000377,496,467,29
108000378,13020,14843,-1823
108000379,47,303,-256
108000381,65,14,51
108000382,129,6,123
108000383,1,194,-193
108900001,186,1799,-1613
108900002,398,128,270
108900003,486,1677,-1191
108900004,253,380,-127
108900005,87,395,-308
108900006,919,269,650
108900007,273,336,-63
108900008,134,232,-98
108900009,127,145,-18
108900010,180,207,-27
108900011,525,540,-15
108900012,391,615,-224
108900013,133,330,-197
108900014,19,141,-122
108900015,0,45,-45
108900016,0,333,-333
108900017,274,367,-93
108900018,130,891,-761
108900019,75,1867,-1792
108900020,51,418,-367
108900021,163,509,-346
108900022,170,12,158
108900023,6,45,-39
108900024,33,204,-171
108900025,83,219,-136
108900026,45,151,-106
108900027,1,180,-179
108900028,54,591,-537
108900029,117,383,-266
108900030,1,119,-118
108900031,86,659,-573
108900032,14,431,-417
108900033,0,128,-128
108900034,3,359,-356
108900035,434,2279,-1845
108900036,259,539,-280
108900037,92,762,-670
108900038,5,612,-607
108900039,1,918,-917
108900040,11,179,-168
108900041,8726,4306,4420
108900042,26,477,-451
108900043,139,697,-558
108900044,4,1086,-1082
108900045,71,847,-776
108900046,99,1654,-1555
108900047,1,106,-105
108900048,152,1599,-1447
108900049,8911,1664,7247
108900050,3,416,-413
108900051,1,398,-397
108900052,32,435,-403
108900053,146,272,-126
108900054,117,402,-285
108900055,129,713,-584
108900056,1,302,-301
108900057,1,330,-329
108900058,51,703,-652
108900059,505,67,438
108900060,180,201,-21
108900061,124,62,62
108900062,8,527,-519
108900063,20,576,-556
108900064,215,133,82
108900065,17,499,-482
108900066,300,193,107
108900067,95,277,-182
108900068,0,158,-158
108900069,53,205,-152
108900070,54,248,-194
108900071,129,88,41
108900072,3958,842,3116
108900073,8,130,-122
108900074,189,892,-703
108900075,70,82,-12
108900076,338,95,243
108900077,160,189,-29
108900078,38,249,-211
108900079,1300,462,838
108900080,45,1131,-1086
108900081,70,451,-381
108900082,78,176,-98
108900083,40,397,-357
108900084,593,226,367
108900085,3246,302,2944
108900086,163,479,-316
108900087,137,419,-282
108900088,1291,494,797
108900089,31,176,-145
108900090,51,627,-576
108900091,171,219,-48
108900092,588,440,148
108900093,200,120,80
108900094,282,168,114
108900095,134,1022,-888
108900096,577,91,486
108900097,726,349,377
108900098,5135,918,4217
108900099,353,417,-64
108900100,92,262,-170
108900101,323,201,122
108900102,205,1324,-1119
108900103,142,119,23
108900104,217,720,-503
108900105,19,1514,-1495
108900106,401,631,-230
108900108,611,58,553
108900109,74,37,37
108900110,303,753,-450
108900111,434,984,-550
108900112,220,32,188
108900113,51,84,-33
108900114,3,3,0
108900115,130,116,14
108900116,82,28,54
108900117,202,16,186
108900118,609,19,590
108900119,230,61,169
108900120,187,195,-8
108900121,586,115,471
108900122,134,39,95
108900123,163,129,34
108900124,404,228,176
108900125,443,3,440
108900126,124,44,80
108900127,183,34,149
108900128,118,43,75
108900129,958,202,756
108900130,297,4,293
108900131,441,7,434
108900132,690,327,363
108900133,264,70,194
108900134,233,363,-130
108900135,175,5,170
108900136,43,0,43
108900137,242,1,241
108900138,736,31,705
108900139,747,148,599
108900140,255,336,-81
108900141,381,19,362
108900142,124,5,119
108900143,47,1,46
108900144,126,0,126
108900145,157,14,143
108900146,74,1,73
108900147,206,1,205
108900148,126,121,5
108900149,755,598,157
108900150,374,14,360
108900151,221,14,207
108900152,126,77,49
108900153,171,742,-571
108900154,6028,656,5372
108900155,382,117,265
108900156,75,17,58
108900157,21,890,-869
108900158,443,73,370
108900159,8,502,-494
108900160,20,381,-361
108900161,4,742,-738
108900162,75,2,73
108900163,6,315,-309
108900164,51,88,-37
108900165,246,155,91
108900167,3694,6889,-3195
108900168,13994,3373,10621
108900169,57,216,-159
108900171,15342,3831,11511
108900172,294,78,216
108900173,287,657,-370
108900174,639,693,-54
108900176,218,787,-569
108900177,12893,5387,7506
108900178,8593,4332,4261
108900179,954,2224,-1270
108900180,246,319,-73
108900182,41,435,-394
108900183,302,370,-68
108900184,725,335,390
108900185,127,533,-406
108900186,91,641,-550
108900187,364,109,255
108900188,570,89,481
108900189,496,224,272
108900190,55,5571,-5516
108900191,273,61,212
108900192,137,371,-234
108900193,415,68,347
108900194,70,548,-478
108900195,136,586,-450
108900196,47,909,-862
108900198,3,1058,-1055
108900199,360,458,-98
108900200,728,522,206
108900201,587,2042,-1455
108900203,761,85,676
108900204,604,22,582
108900205,324,48,276
108900206,566,51,515
108900207,278,71,207
108900208,32,656,-624
108900209,335,1052,-717
108900210,203,371,-168
108900211,224,592,-368
108900212,1268,1481,-213
108900215,134,992,-858
108900216,720,202,518
108900217,137,2,135
108900218,158,26,132
108900219,109,7,102
108900220,67,29,38
108900221,74,235,-161
108900222,272,24,248
108900223,16,148,-132
108900224,49,262,-213
108900225,2,287,-285
108900226,349,15,334
108900227,212,392,-180
108900230,751,514,237
108900231,62,422,-360
108900232,2,631,-629
108900233,743,110,633
108900234,433,187,246
108900235,372,1035,-663
108900236,91,708,-617
108900237,106,373,-267
108900240,139,163,-24
108900241,57,43,14
108900245,8,2022,-2014
108900249,237,41,196
108900250,388,233,155
108900257,355,949,-594
108900258,14,368,-354
108900259,100,118,-18
108900260,21,143,-122
108900261,175,272,-97
108900262,386,239,147
108900263,54,380,-326
108900264,624,449,175
108900265,2188,522,1666
108900266,2059,608,1451
108900267,8,110,-102
108900268,14,4,10
108900269,100,8,92
108900270,78,17,61
108900271,51,15,36
108900272,251,11,240
108900273,1501,1020,481
108900274,33,98,-65
109000001,5616,1697,3919
109000002,3274,2488,786
109000003,3493,867,2626
109000004,920,4080,-3160
109000005,4028,1210,2818
109000006,1302,3383,-2081
109000007,1891,1112,779
109000008,703,3052,-2349
109000009,5006,2124,2882
109000010,1967,6564,-4597
109000011,4464,3002,1462
109000012,2833,6212,-3379
109000013,4640,4301,339
109000014,2703,6156,-3453
109000015,4665,9274,-4609
109000016,16718,7423,9295
109000017,3153,2062,1091
109000018,1669,6132,-4463
109000019,4297,1797,2500
109000020,1807,3162,-1355
109000023,417,41,376
109000024,11,298,-287
109000025,684,706,-22
109000026,1552,469,1083
109000027,166,380,-214
109000028,193,160,33
109000029,227,258,-31
109000030,93,834,-741
109000031,273,213,60
109000032,250,851,-601
109000033,671,219,452
109000034,80,54,26
109000035,33,108,-75
109000036,127,572,-445
109000037,296,1607,-1311
109000038,807,680,127
109000039,1381,964,417
109000040,10258,9080,1178
109000041,7696,2158,5538
109000042,1840,1843,-3
109000044,818,93,725
109000045,202,651,-449
109000046,482,122,360
109000047,162,578,-416
109000048,1547,231,1316
109000049,795,815,-20
109000050,542,392,150
109000051,641,497,144
109000052,731,2594,-1863
109000053,279,146,133
109000054,436,1474,-1038
109000055,417,524,-107
109000056,448,1227,-779
109000057,918,478,440
109000058,1473,477,996
109000059,1202,1527,-325
109000060,824,244,580
109000061,2440,1478,962
109000062,239,355,-116
109000063,405,414,-9
109000064,281,267,14
109000065,179,534,-355
109000066,473,242,231
109000067,61,605,-544
109000068,1746,8,1738
109000069,1026,60,966
109000070,28,1602,-1574
109000071,679,129,550
109000072,155,586,-431
109000073,95,187,-92
109000074,58,326,-268
109000075,109,553,-444
109000076,147,271,-124
109000077,549,462,87
109000078,75,243,-168
109000079,181,326,-145
109000080,153,211,-58
109000081,157,906,-749
109000082,721,450,271
109000083,361,1279,-918
109000088,191,794,-603
109000089,361,73,288
109000090,323,683,-360
109000091,402,215,187
109000092,593,954,-361
109000093,231,265,-34
109000094,493,5,488
109000095,153,892,-739
109000096,706,353,353
109000097,125,192,-67
109000098,128,167,-39
109000099,947,721,226
109000100,274,1014,-740
109000101,1977,1563,414
109000102,489,1314,-825
109000103,443,1145,-702
109000104,1895,1084,811
109000105,654,2189,-1535
109000106,2790,1278,1512
109000107,811,3419,-2608
109000108,2558,1085,1473
109000109,699,3261,-2562
109000110,2349,886,1463
109000111,1889,3745,-1856
109000112,593,272,321
109000113,463,355,108
109000114,229,595,-366
109000115,2008,80,1928
109000116,4,354,-350
109000117,186,135,51
109000118,16,454,-438
109000119,1287,705,582
109000120,220,1595,-1375
109000121,379,130,249
109000122,156,1616,-1460
109000123,40,114,-74
109000124,727,671,56
109000125,909,570,339
109000126,520,1553,-1033
109000127,1020,293,727
109000128,647,3384,-2737
109000129,2692,1155,1537
109000130,780,4146,-3366
109000131,1107,572,535
109000132,931,3133,-2202
109000133,671,1555,-884
109000134,1159,2434,-1275
109000135,1814,2173,-359
109000136,378,624,-246
109000137,446,522,-76
109000138,759,649,110
109000139,611,748,-137
109000140,283,827,-544
109000141,610,839,-229
109000142,140,941,-801
109000143,165,132,33
109000145,139,399,-260
109000146,116,213,-97
109000148,7099,2464,4635
109000149,67,63,4
109000150,171,348,-177
109000155,965,975,-10
109000156,2348,1241,1107
109000158,299,437,-138
109000159,281,1094,-813
109000160,1469,386,1083
109000161,488,2268,-1780
109000162,2789,1305,1484
109000163,1369,3004,-1635
109000164,1506,4539,-3033
109000165,1540,921,619
109000166,803,257,546
109000167,169,1489,-1320
109000170,53,109,-56
109000171,85,58,27
109000172,77,147,-70
109000173,17,92,-75
109000174,79,85,-6
109000175,106,198,-92
109000176,387,430,-43
109000177,43,220,-177
109000178,461,169,292
109000179,12756,6262,6494
109000180,10187,5503,4684
109000181,19,106,-87
109000182,81,100,-19
109000183,52,67,-15
109000184,46,43,3
109000185,35,99,-64
109000188,683,4131,-3448
109000189,2788,1583,1205
109000190,812,762,50
109000191,489,889,-400
109000192,453,321,132
109000193,205,661,-456
109000194,279,139,140
109000195,152,704,-552
109000196,472,210,262
109000197,204,811,-607
109000198,394,131,263
109000199,167,880,-713
109000206,357,57,300
109000207,144,48,96
109000208,169,119,50
109000209,236,159,77
109000210,273,834,-561
109000211,647,785,-138
109000214,543,904,-361
109000215,331,112,219
109000216,385,286,99
109000217,256,127,129
109000218,408,304,104
109000221,629,1659,-1030
109000222,1130,284,846
109000223,334,418,-84
109000224,60,374,-314
109000225,72,106,-34
109000226,82,454,-372
109000227,1262,2384,-1122
109000228,0,619,-619
109000231,1,584,-583
109000232,322,693,-371
109000236,456,1173,-717
109000241,2807,3319,-512
109000242,2069,2306,-237
109000293,31,99,-68
109000361,128,423,-295
109000364,361,1024,-663
109000396,9,1112,-1103
109000397,644,14,630
109000399,198,1087,-889
109000400,111,437,-326
109000403,127,886,-759
109000406,578,13,565
109000407,438,360,78
109000408,3,1376,-1373
109000410,1531,351,1180
109000411,157,48,109
109900001,97,1,96
109900002,978,26,952
109900003,234,2,232
109900004,1107,374,733
109900005,49,8,41
109900006,458,439,19
109900007,831,1265,-434
109900008,0,69,-69
109900009,163,1118,-955
109900010,536,14,522
109900011,227,52,175
109900012,313,359,-46
109900013,544,251,293
109900014,459,91,368
109900015,742,289,453
109900016,142,66,76
109900017,182,248,-66
109900018,346,180,166
109900019,225,85,140
109900020,40,45,-5
109900021,27,18,9
109900022,109,463,-354
109900023,28,10,18
109900024,28,4,24
109900025,22,127,-105
109900026,8,319,-311
109900027,43,36,7
109900028,3805,995,2810
109900029,12,735,-723
109900030,78,14,64
109900031,2,239,-237
109900032,12,515,-503
109900033,9,1062,-1053
109900034,37,2,35
109900035,18,30,-12
109900036,34,175,-141
109900037,34,924,-890
109900038,90,476,-386
109900039,6,0,6
109900040,37,1023,-986
109900041,80,693,-613
109900042,37,745,-708
109900044,143,445,-302
109900045,165,91,74
109900046,21,132,-111
109900047,543,604,-61
109900048,0,122,-122
109900049,8,30,-22
109900050,3,393,-390
109900051,2,65,-63
109900052,194,479,-285
109900053,11,659,-648
109900054,800,373,427
109900055,67,471,-404
109900056,37,227,-190
109900057,7,361,-354
109900058,1,198,-197
109900059,737,189,548
109900060,535,255,280
109900061,124,541,-417
109900062,3,431,-428
109900063,14,634,-620
109900064,615,509,106
109900065,205,194,11
109900066,453,1566,-1113
109900067,2,580,-578
109900068,64,10,54
109900069,4,79,-75
109900070,78,464,-386
109900071,1,46,-45
109900072,24,207,-183
109900073,472,1174,-702
109900074,14,64,-50
109900075,33,40,-7
109900076,36,450,-414
109900077,48,78,-30
109900078,133,384,-251
109900080,232,680,-448
109900081,74,168,-94
109900082,76,787,-711
109900083,36,111,-75
109900084,119,278,-159
109900085,343,1741,-1398
109900086,179,570,-391
109900087,390,654,-264
109900089,860,194,666
109900090,728,2277,-1549
109900091,418,158,260
109900092,781,20,761
109900093,807,180,627
109900094,118,186,-68
109900095,207,501,-294
109900096,48,2,46
109900097,82,2,80
109900098,481,69,412
109900099,189,0,189
109900100,86,0,86
109900101,533,22,511
109900102,478,44,434
109900103,33,81,-48
109900104,492,1571,-1079
109900105,719,39,680
109900106,604,126,478
109900107,612,127,485
109900108,128,660,-532
109900109,29,333,-304
109900110,109,872,-763
109900111,471,2169,-1698
109900112,569,1415,-846
109900113,1045,616,429
109900114,1328,1014,314
109900115,210,107,103
109900117,1111,227,884
109900118,346,778,-432
109900119,1079,477,602
109900120,84,24,60
109900121,882,452,430
109900122,515,8,507
109900123,23,322,-299
109900124,85,927,-842
109900125,5,305,-300
109900126,246,277,-31
109900128,324,141,183
109900130,19327,2962,16365
109900131,104,250,-146
109900132,55,281,-226
109900133,97,672,-575
109900134,94,147,-53
109900135,569,101,468
109900136,102,273,-171
109900137,112,642,-530
109900138,471,811,-340
109900140,229,544,-315
109900142,1303,521,782
109900145,9,435,-426
109900146,800,53,747
109900148,51,155,-104
109900149,58,108,-50
109900150,8,109,-101
109900151,8,55,-47
109900152,0,33,-33
109900153,0,42,-42
109900154,27,0,27
109900155,84,19,65
109900157,113,422,-309
109900158,65,211,-146
109900159,197,56,141
109900160,192,79,113
109900161,339,117,222
109900162,280,128,152
109900163,1303,699,604
109900164,109,336,-227
109900165,279,13,266
109900166,3,234,-231
109900167,297,859,-562
109900168,297,946,-649
109900169,214,271,-57
109900170,551,1238,-687
109900171,225,153,72
109900172,190,384,-194
109900173,6740,3206,3534
109900174,70,287,-217
109900175,109,114,-5
109900176,157,292,-135
109900177,43,442,-399
109900178,18,180,-162
109900179,47,42,5
109900180,5,13,-8
110000001,1290,968,322
110000002,1036,1024,12
110000003,1622,1084,538
110000004,836,866,-30
110000005,947,2400,-1453
110000006,922,595,327
110000007,232,328,-96
110000008,37,85,-48
110000009,53,63,-10
110000010,58,116,-58
110000011,55,208,-153
110000012,1138,814,324
110000013,45,802,-757
110000014,822,642,180
110000015,390,924,-534
110000016,474,1864,-1390
110000017,5226,483,4743
110000018,5502,716,4786
110000019,17,206,-189
110000020,1000,337,663
110000021,1534,663,871
110000022,1711,443,1268
110000023,9,304,-295
110000024,1066,636,430
110000025,288,5,283
110000026,13,994,-981
110000027,1414,785,629
110000028,1134,1129,5
110000029,662,1482,-820
110000030,320,530,-210
110000031,353,947,-594
110000032,939,688,251
110000033,432,175,257
110000034,866,1162,-296
110000035,1048,1298,-250
110000036,1156,1152,4
110000037,296,935,-639
110000038,340,1097,-757
110000039,1093,3801,-2708
110000040,503,638,-135
110000041,363,1722,-1359
110000042,127,381,-254
110000043,730,404,326
110000044,106,91,15
110000045,866,133,733
110000046,5,17,-12
110000047,43,23,20
110000048,13,23,-10
110000049,105,8,97
110000050,13,43,-30
110000051,102,8,94
110000052,53,28,25
110000053,446,14,432
110000054,203,389,-186
110000055,520,43,477
110000056,452,56,396
110000057,588,1128,-540
110000058,1559,1014,545
110000059,1274,794,480
110000060,1001,1527,-526
110000061,1540,1334,206
110000062,968,1282,-314
110000063,40,144,-104
110000064,107,201,-94
110000065,120,144,-24
110000066,147,81,66
110000067,175,601,-426
110000068,374,745,-371
110000069,277,188,89
110000071,121,228,-107
110000073,6,45,-39
110000075,9,178,-169
110000076,413,723,-310
110000077,664,2521,-1857
110000078,26,120,-94
110000080,398,1060,-662
110000081,61,548,-487
110000082,42,679,-637
110000083,355,898,-543
110000084,1262,1101,161
110000085,3409,2188,1221
110000086,1830,2798,-968
110000087,19,136,-117
110000088,87,453,-366
110000089,371,264,107
110000090,204,582,-378
110000091,2896,501,2395
110000092,29,145,-116
110000093,58,18,40
110000094,932,383,549
110000095,306,1149,-843
110000096,5189,2740,2449
110000097,1299,1802,-503
110000098,2687,1082,1605
110000099,1185,2571,-1386
110000100,1003,1245,-242
110000101,16,687,-671
110000102,47,40,7
110000104,354,145,209
110000105,143,427,-284
110000106,763,404,359
110000107,597,737,-140
110000108,264,74,190
110000109,413,488,-75
110000110,6285,7247,-962
110000111,11775,3863,7912
110000112,2183,1384,799
110000113,1021,3014,-1993
110000114,197,857,-660
110000115,330,500,-170
110000116,59,77,-18
110000117,197,753,-556
110000118,566,457,109
110000119,293,607,-314
110000120,572,365,207
110000121,212,531,-319
110000122,524,1046,-522
110000123,710,1093,-383
110000124,5,1363,-1358
110000125,1330,13,1317
110000126,369,52,317
110000127,1498,127,1371
110000128,57,2474,-2417
110000129,6,834,-828
110000130,283,280,3
110000131,124,553,-429
110000132,6,938,-932
110000133,55,579,-524
110000134,32,559,-527
110000135,219,55,164
110000136,92,489,-397
110000137,912,1190,-278
110000138,1057,1236,-179
110000139,1066,2468,-1402
110000140,1660,908,752
110000143,1156,596,560
110000144,7493,2450,5043
110000145,1895,1642,253
110000146,2984,1851,1133
110000147,610,1265,-655
110000148,586,484,102
110000151,2241,1102,1139
110000152,1564,539,1025
110000153,143,107,36
110000154,101,52,49
110000155,3101,5102,-2001
110000156,1355,3290,-1935
110000157,2296,2958,-662
110000160,442,580,-138
110000161,208,710,-502
110000166,654,199,455
110000167,1202,849,353
110000168,1151,573,578
110000169,1021,479,542
110000170,171,143,28
110000171,711,204,507
110000172,299,1384,-1085
110000173,1707,2018,-311
110000174,314,2221,-1907
110000175,653,151,502
110000176,117,525,-408
110000177,281,1313,-1032
110000178,783,1591,-808
110000179,2350,618,1732
110000180,190,534,-344
110000181,469,645,-176
110000182,490,411,79
110000183,21052,9334,11718
110000184,2012,3438,-1426
110000185,1519,964,555
110000186,1232,1095,137
110000191,799,523,276
110000192,537,5,532
110000193,1077,11,1066
110000194,20,1879,-1859
110000195,464,495,-31
110000196,407,678,-271
110000197,174,329,-155
110000198,229,142,87
110000199,104,165,-61
110000200,1938,768,1170
110000201,1030,1120,-90
110000202,1929,669,1260
110000203,1093,1416,-323
110000204,4,477,-473
110000205,147,68,79
110000206,984,2557,-1573
110000207,918,432,486
110000208,251,191,60
110000209,193,1293,-1100
110000210,1055,1071,-16
110000211,832,1320,-488
110000212,734,1536,-802
110000213,201,120,81
110000214,217,167,50
110000215,207,902,-695
110000216,129,1061,-932
110000217,334,343,-9
110000218,211,822,-611
110000219,433,165,268
110000220,80,577,-497
110000221,384,133,251
110000222,58,389,-331
110000223,2,199,-197
110000224,67,20,47
110000225,318,1028,-710
110000226,293,61,232
110000227,1310,1202,108
110000228,718,465,253
110000229,4,475,-471
110000230,778,804,-26
110000231,176,319,-143
110000232,217,288,-71
110000233,239,496,-257
110000234,833,731,102
110000235,1591,1440,151
110000236,802,1317,-515
110000237,2321,1682,639
110000238,1609,1904,-295
110000239,2591,1911,680
110000240,1,130,-129
110000242,0,18,-18
110000243,119,220,-101
110000244,253,704,-451
110000245,36,728,-692
110000246,1099,1030,69
110000247,2127,8851,-6724
110000248,3679,3026,653
110000249,93,32,61
110000250,83,438,-355
110000251,376,950,-574
110000252,278,343,-65
110000253,1767,815,952
110000254,958,2460,-1502
110000255,320,1828,-1508
110000256,683,335,348
110000257,1108,628,480
110000258,10,916,-906
110000259,116,29,87
110000260,36,634,-598
110000263,786,184,602
110000264,391,1000,-609
110000265,1789,3116,-1327
110000266,3121,3866,-745
110000267,25,396,-371
110000268,377,826,-449
110000269,8,193,-185
110000270,69,8,61
110000271,3319,443,2876
110000272,1687,1579,108
110000273,5498,2328,3170
110000274,392,2024,-1632
110000275,4726,717,4009
110000276,270,494,-224
110000277,319,745,-426
110000278,388,1382,-994
110000279,985,1031,-46
110000280,492,674,-182
110000281,76,392,-316
110000282,535,54,481
110000283,93,181,-88
110000284,79,78,1
110000285,2,630,-628
110000286,29,2,27
110000287,83,5,78
110000288,7,152,-145
110000289,783,2485,-1702
110000290,1854,906,948
110000291,10498,2277,8221
110000292,1960,6311,-4351
110000293,692,1323,-631
110000294,1133,1478,-345
110000295,213,1789,-1576
110000296,486,547,-61
110000297,4101,483,3618
110000298,316,936,-620
110000299,797,115,682
110000301,381,35,346
110000302,374,1943,-1569
110000303,696,17,679
110000304,147,497,-350
110000305,1727,45,1682
110000306,245,2706,-2461
110000307,1952,17,1935
110000308,969,9,960
110000309,19,2042,-2023
110000310,864,127,737
110000311,20,1449,-1429
110000312,972,169,803
110000313,4931,4781,150
110000314,5,551,-546
110000315,5293,3365,1928
110000316,949,1846,-897
110000317,1082,493,589
110000318,9,156,-147
110000319,16,47,-31
110000320,95,97,-2
110000321,29,77,-48
110000322,431,811,-380
110000323,509,306,203
110000324,6705,1899,4806
110000325,3739,4340,-601
110000327,941,556,385
110000328,296,745,-449
110000333,1429,1112,317
110000334,1115,2045,-930
110000335,1218,838,380
110000336,984,1677,-693
110000337,2343,904,1439
110000338,544,324,220
110000339,351,397,-46
110000340,74,280,-206
110000341,741,772,-31
110000342,864,3,861
110000343,0,33,-33
110000344,176,304,-128
110000345,269,141,128
110000346,3607,2491,1116
110000347,1467,1233,234
110000348,52,47,5
110000349,12,39,-27
110000350,75,11,64
110000351,1096,1216,-120
110000352,785,2525,-1740
110000353,4574,1113,3461
110000354,1800,3906,-2106
110000355,152,173,-21
110000356,1128,17,1111
110000357,523,21,502
110000361,36,122,-86
110000362,66,259,-193
110000363,470,174,296
110000364,222,613,-391
110000365,280,2,278
110000366,1,131,-130
110000367,496,427,69
110000368,6,132,-126
110000369,62,3,59
110000373,3,401,-398
110000374,157,12,145
110000375,261,1270,-1009
110000376,47,123,-76
110000377,102,673,-571
110000378,39,559,-520
110000379,5196,1954,3242
110000380,82,13,69
110000383,4,1344,-1340
110000384,3132,1318,1814
110000385,7,363,-356
110000387,92,18,74
110000388,57,342,-285
110000389,1191,23,1168
110000391,584,562,22
110000396,182,231,-49
110000397,178,348,-170
110000398,6,54,-48
110000399,278,2,276
110000587,118,83,35
110000589,221,250,-29
110000640,194,157,37
110000652,30,177,-147
110000653,286,681,-395
110000654,64,72,-8
110000656,2,1027,-1025
110000674,50,45,5
110000675,62,37,25
110000676,16,130,-114
110000679,629,1599,-970
110000682,136,249,-113
110000683,652,846,-194
110000684,18,147,-129
110000685,13,22,-9
110000686,16,94,-78
110000687,45,9,36
110000688,78,1077,-999
110000689,43,94,-51
110000692,423,421,2
110000693,556,387,169
110000694,1,266,-265
110000695,292,1169,-877
110000696,185,217,-32
110900001,403,35,368
110900002,669,615,54
110900003,860,1595,-735
110900004,388,406,-18
110900005,7124,2943,4181
110900006,39,24,15
110900007,240,41,199
110900008,19,52,-33
110900009,609,137,472
110900010,11,144,-133
110900011,17,254,-237
110900012,19,195,-176
110900013,1439,275,1164
110900014,216,13,203
110900015,1420,831,589
110900016,80,275,-195
110900017,491,46,445
110900018,631,93,538
110900019,152,50,102
110900020,136,741,-605
110900021,144,1144,-1000
110900022,143,591,-448
110900023,158,1124,-966
110900024,52,824,-772
110900025,35,141,-106
110900027,48,375,-327
110900028,48,313,-265
110900029,36,738,-702
110900030,30,623,-593
110900031,2,314,-312
110900032,1,181,-180
110900033,56,457,-401
110900035,52,915,-863
110900036,139,38,101
110900037,121,53,68
110900038,2257,390,1867
110900039,35,432,-397
110900040,292,58,234
110900041,27,322,-295
110900042,188,107,81
110900043,5,334,-329
110900044,376,36,340
110900045,72,1020,-948
110900046,146,606,-460
110900047,1343,335,1008
110900049,201,105,96
110900050,20,6,14
110900051,60,340,-280
110900052,7,351,-344
110900053,164,64,100
110900054,47,448,-401
110900055,36,3,33
110900056,52,233,-181
110900057,7,435,-428
110900058,247,496,-249
110900059,948,1253,-305
110900060,686,202,484
110900061,53,96,-43
110900062,196,456,-260
110900063,59,274,-215
110900064,19,0,19
110900065,542,223,319
110900066,19,162,-143
110900067,829,955,-126
110900068,348,458,-110
110900069,11,45,-34
110900070,219,76,143
110900071,422,712,-290
110900073,3,62,-59
110900074,380,120,260
110900075,540,186,354
110900077,925,777,148
110900078,45,178,-133
110900079,3010,1383,1627
110900080,189,112,77
110900081,9,141,-132
110900082,136,377,-241
110900083,150,79,71
110900084,31,213,-182
110900085,90,728,-638
110900086,141,390,-249
110900087,434,148,286
110900088,17,0,17
110900090,66,43,23
110900091,1,97,-96
110900093,361,133,228
110900095,53,77,-24
110900097,12,23,-11
110900098,57,221,-164
110900099,69,1045,-976
110900100,4,34,-30
110900102,77,24,53
110900105,1419,731,688
110900108,10,199,-189
110900111,660,274,386
110900112,946,10,936
110900113,830,87,743
110900115,26,142,-116
110900116,775,3974,-3199
110900118,270,3551,-3281
110900119,8731,711,8020
110900120,28,168,-140
110900121,151,0,151
110900122,542,245,297
110900125,405,551,-146
110900127,1229,1615,-386
110900128,359,356,3
110900129,588,922,-334
110900130,1700,736,964
110900131,328,82,246
110900132,386,97,289
110900133,130,432,-302
110900135,223,798,-575
110900136,416,50,366
110900137,196,6,190
110900138,1715,394,1321
110900139,85,53,32
110900140,141,3,138
110900141,2,157,-155
110900142,84,362,-278
110900143,181,154,27
110900144,6,1134,-1128
110900145,207,48,159
110900146,544,216,328
110900147,304,370,-66
110900148,8,576,-568
110900149,0,140,-140
110900150,67,27,40
110900151,10,185,-175
110900152,55,534,-479
110900153,219,61,158
111000001,658,369,289
111000002,809,987,-178
111000003,1864,1615,249
111000004,1145,1672,-527
111000005,2475,2140,335
111000006,1518,2149,-631
111000007,8937,6400,2537
111000008,5397,5679,-282
111000009,510,1373,-863
111000010,1217,467,750
111000011,600,1300,-700
111000012,874,615,259
111000013,505,1731,-1226
111000014,1508,913,595
111000017,173,1095,-922
111000018,368,485,-117
111000020,3514,3774,-260
111000021,200,220,-20
111000023,145,260,-115
111000025,11543,4954,6589
111000029,89,153,-64
111000030,67,181,-114
111000031,3153,1849,1304
111000032,790,388,402
111000033,468,360,108
111000034,857,270,587
111000037,4775,1951,2824
111000038,6091,4539,1552
111000039,3009,4540,-1531
111000040,2432,4764,-2332
111000041,2143,3113,-970
111000042,9250,3983,5267
111000043,3639,4298,-659
111000044,1949,1559,390
111000045,2824,3462,-638
111000046,2718,2178,540
111000047,3551,4861,-1310
111000049,751,969,-218
111000050,2864,2420,444
111000051,649,1892,-1243
111000052,989,2756,-1767
111000053,644,1885,-1241
111000054,486,1842,-1356
111000055,1501,3140,-1639
111000056,130,897,-767
111000057,134,1184,-1050
111000058,334,174,160
111000059,513,500,13
111000060,4493,1435,3058
111000061,728,518,210
111000062,1114,409,705
111000063,2399,1503,896
111000064,763,1060,-297
111000065,1500,1410,90
111000066,645,613,32
111000067,795,1033,-238
111000068,637,1448,-811
111000069,2430,3042,-612
111000070,3939,1862,2077
111000071,210,894,-684
111000072,1203,611,592
111000073,347,1167,-820
111000074,2038,2363,-325
111000075,1158,1468,-310
111000076,744,1394,-650
111000077,1787,2335,-548
111000078,3545,1944,1601
111000079,1986,1325,661
111000080,640,1188,-548
111000081,3470,5967,-2497
111000082,810,1209,-399
111000084,1126,917,209
111000085,1656,2592,-936
111000086,6202,2292,3910
111000087,849,1332,-483
111000088,12185,3279,8906
111000089,1079,1329,-250
111000090,1689,1929,-240
111000091,1032,1057,-25
111000092,1815,1621,194
111000093,828,1318,-490
111000094,2939,1404,1535
111000095,1171,3240,-2069
111000096,3630,10557,-6927
111000097,8739,1640,7099
111000098,818,2006,-1188
111000099,786,3870,-3084
111000100,476,3119,-2643
111000101,724,1527,-803
111000102,276,1357,-1081
111000104,654,363,291
111000107,147,1364,-1217
111000109,773,430,343
111000110,2298,1209,1089
111000111,2466,734,1732
111000112,2369,717,1652
111000113,889,1686,-797
111000114,1889,4086,-2197
111000115,11664,1935,9729
111000116,1343,1639,-296
111000117,668,1510,-842
111000118,2086,1661,425
111000119,1396,2548,-1152
111000120,574,1034,-460
111000121,380,1075,-695
111000122,956,1587,-631
111000123,1411,4750,-3339
111000124,684,4824,-4140
111000125,320,2769,-2449
111000126,156,1453,-1297
111000127,956,264,692
111000128,1957,583,1374
111000129,3610,774,2836
111000130,2368,1010,1358
111000131,1840,759,1081
111000132,1598,981,617
111000133,219,226,-7
111000134,127,184,-57
111000135,47,208,-161
111000136,486,517,-31
111000138,7,22,-15
111000140,3,13,-10
111000141,398,618,-220
111000142,22,167,-145
111000143,8,91,-83
111000144,34,164,-130
111000145,1195,20,1175
111000146,65,17,48
111000147,209,51,158
111000148,370,191,179
111000149,3,63,-60
111000150,20,15,5
111000151,0,35,-35
111000153,828,933,-105
111000154,1215,372,843
111000155,164,302,-138
111000156,675,852,-177
111000157,306,1338,-1032
111000158,1354,1174,180
111000159,4729,1180,3549
111000160,407,563,-156
111000161,16,420,-404
111000162,71,256,-185
111000163,768,1314,-546
111000164,1439,5116,-3677
111000165,2161,683,1478
111000166,2626,593,2033
111000167,222,799,-577
111000168,446,862,-416
111000169,441,882,-441
111000170,758,732,26
111000171,707,1350,-643
111000172,140,883,-743
111000173,501,2019,-1518
111000174,267,1228,-961
111000175,69,412,-343
111000176,357,242,115
111000177,380,380,0
111000178,1491,489,1002
111000179,208,358,-150
111000180,336,511,-175
111000181,1193,466,727
111000182,241,418,-177
111000183,530,564,-34
111000184,494,438,56
111000185,454,769,-315
111000186,437,365,72
111000187,171,413,-242
111000188,214,721,-507
111000189,2330,933,1397
111000190,248,765,-517
111000191,192,710,-518
111000192,357,772,-415
111000193,700,502,198
111000194,77,554,-477
111000195,160,731,-571
111000196,79,473,-394
111000197,377,278,99
111000198,555,191,364
111000199,215,218,-3
111000200,338,508,-170
111000201,596,425,171
111000202,267,339,-72
111000203,341,348,-7
111000204,432,924,-492
111000213,315,532,-217
111000214,2063,2709,-646
111000215,1285,2146,-861
111000217,1739,1514,225
111000218,1468,1666,-198
111000219,758,415,343
111000220,4562,924,3638
111000221,1592,279,1313
111000224,3,920,-917
111000225,391,110,281
111000226,393,2,391
111000227,93,13,80
111000228,27,336,-309
111000229,75,839,-764
111000230,444,882,-438
111000231,1166,2073,-907
111000232,604,1273,-669
111000233,744,1125,-381
111000234,165,422,-257
111000239,155,413,-258
111000240,60,276,-216
111000241,49,665,-616
111000242,198,118,80
111000243,159,1229,-1070
111000244,461,223,238
111000245,1236,1034,202
111000246,514,912,-398
111000247,290,1485,-1195
111000248,786,888,-102
111000249,536,1236,-700
111000250,70,226,-156
111000251,79,214,-135
111000253,31,16,15
111000255,26,14,12
111000257,63,29,34
111000260,115,1742,-1627
111000261,1356,129,1227
111000271,64,478,-414
111000273,11399,2402,8997
111000274,1879,3248,-1369
111000275,186,165,21
111000276,358,3332,-2974
111000277,273,709,-436
111000278,864,382,482
111000291,779,7778,-6999
111000298,781,430,351
111000299,929,216,713
111000300,137,950,-813
111000302,319,185,134
111000303,129,393,-264
111000312,59,115,-56
111000315,1,214,-213
111000320,537,1091,-554
111000321,455,141,314
111000322,407,801,-394
111000323,215,33,182
111000324,495,460,35
111000325,90,120,-30
111000326,210,525,-315
111000327,479,916,-437
111000328,297,781,-484
111000329,3,34,-31
111000330,48,22,26
111000331,14,10,4
111000332,622,2179,-1557
111000334,529,2589,-2060
111000335,800,334,466
111000337,1028,557,471
111000338,52,200,-148
111000339,455,827,-372
111000340,154,1278,-1124
111000341,1190,707,483
111000342,380,526,-146
111000344,1310,1243,67
111000345,277,75,202
111000346,33,170,-137
111000347,131,18,113
111000350,276,223,53
111000351,132,348,-216
111000352,214,273,-59
111000353,161,446,-285
111000354,733,344,389
111000355,412,1108,-696
111000358,201,2784,-2583
111000360,200,1633,-1433
111000361,140,709,-569
111000546,737,1116,-379
111000547,416,1333,-917
111000548,156,349,-193
111000549,392,824,-432
111000550,114,905,-791
111000551,1039,316,723
111000552,2007,151,1856
111000907,646,87,559
111000908,28,1,27
111000916,1818,408,1410
111000917,54,579,-525
111000918,205,1764,-1559
111000920,412,27,385
111000921,7,463,-456
111000922,475,472,3
111000924,63,1747,-1684
111000925,2180,3059,-879
111000926,1116,3422,-2306
111000927,3575,7062,-3487
111000928,7512,6302,1210
111000929,1300,1671,-371
111000930,1043,4064,-3021
111000931,2661,3218,-557
111000932,5899,3860,2039
111000933,4996,3144,1852
111000934,3678,5233,-1555
111000935,1978,1501,477
111000936,1886,3760,-1874
111000937,979,1763,-784
111000938,2730,3434,-704
111000939,528,88,440
111000940,475,279,196
111000941,381,1208,-827
111000943,384,455,-71
111000944,171,754,-583
111000945,158,3254,-3096
111001109,778,441,337
111001110,300,913,-613
111001111,63,13,50
111001112,325,7,318
111001113,2,192,-190
111001114,2556,180,2376
111001115,40,556,-516
111001116,9190,4782,4408
111001117,1025,2118,-1093
111001120,84,640,-556
111001121,223,591,-368
111001122,287,962,-675
111001123,185,151,34
111900001,26,234,-208
111900002,27,1399,-1372
111900003,12,731,-719
111900004,45,323,-278
111900006,19,59,-40
111900007,112,8,104
111900008,183,8,175
111900009,216,288,-72
111900010,436,897,-461
111900012,279,197,82
111900013,1,101,-100
111900014,10959,4177,6782
111900015,3,131,-128
111900016,1,191,-190
111900017,0,208,-208
111900018,247,4,243
111900019,4,176,-172
111900020,3,89,-86
111900021,29,158,-129
111900022,12,91,-79
111900023,188,79,109
111900024,1,92,-91
111900025,0,74,-74
111900026,0,133,-133
111900027,11,262,-251
111900028,5,607,-602
111900029,3,192,-189
111900030,80,702,-622
111900031,11,76,-65
111900032,11,626,-615
111900033,13,141,-128
111900034,362,997,-635
111900035,89,412,-323
111900036,0,551,-551
111900038,494,969,-475
111900039,101,718,-617
111900040,8,994,-986
111900042,67,234,-167
111900043,6,638,-632
111900044,444,514,-70
111900046,73,389,-316
111900048,215,1395,-1180
111900049,58,452,-394
111900050,203,35,168
111900051,5,405,-400
111900052,572,866,-294
111900053,2443,1627,816
111900054,259,3,256
111900055,48,987,-939
111900056,562,334,228
111900057,71,74,-3
111900058,375,1204,-829
111900059,5173,661,4512
111900060,484,9,475
111900061,38,513,-475
111900062,30,59,-29
111900063,283,497,-214
111900064,207,466,-259
111900065,156,61,95
111900066,158,285,-127
111900067,4,505,-501
111900068,90,83,7
111900069,90,76,14
111900070,113,206,-93
111900071,5,494,-489
111900072,66,20,46
111900073,965,183,782
111900074,16,365,-349
111900075,90,17,73
111900076,164,58,106
111900077,66,1,65
111900078,271,28,243
111900079,28,32,-4
111900080,345,247,98
111900081,1435,254,1181
111900082,176,22,154
111900083,128,8,120
111900084,76,0,76
111900085,92,136,-44
111900086,75,7,68
111900087,52,0,52
111900088,600,94,506
111900089,55,3,52
111900090,133,61,72
111900091,178,4,174
111900092,108,1,107
111900093,337,4,333
111900094,136,2,134
111900095,200,36,164
111900096,132,3,129
111900097,54,1,53
111900098,199,1,198
111900099,62,0,62
111900100,186,3,183
111900101,154,20,134
111900102,541,1235,-694
111900103,113,71,42
111900104,287,129,158
111900105,561,293,268
111900106,2773,205,2568
111900107,134,200,-66
111900108,241,167,74
111900109,1061,506,555
111900110,4080,613,3467
111900111,131,229,-98
111900112,1540,2761,-1221
111900113,414,123,291
111900114,220,161,59
111900115,17,79,-62
111900118,367,90,277
111900119,381,187,194
111900122,139,54,85
111900123,17,62,-45
111900124,33,116,-83
111900125,586,27,559
111900126,387,6,381
111900127,0,1203,-1203
111900128,6,967,-961
111900129,267,26,241
111900130,382,28,354
111900131,434,5,429
111900132,62,2199,-2137
111900133,13,737,-724
111900134,21,438,-417
111900135,21,53,-32
111900136,130,176,-46
111900137,84,95,-11
111900138,10,122,-112
111900139,19,187,-168
111900140,126,39,87
111900141,98,17,81
111900142,120,47,73
111900143,113,322,-209
111900144,2,227,-225
111900145,5,855,-850
111900146,9,519,-510
111900147,260,812,-552
111900148,39,1247,-1208
111900149,10,548,-538
111900150,14,307,-293
111900151,6,34,-28
111900152,146,99,47
111900153,2460,520,1940
111900154,22,273,-251
111900155,97,101,-4
111900156,41,51,-10
111900157,101,22,79
111900158,520,49,471
111900159,255,30,225
111900160,283,2,281
111900161,147,5,142
111900162,136,255,-119
111900163,73,471,-398
111900164,145,83,62
111901113,433,285,148
111901114,225,547,-322
111901115,86,2,84
111901116,93,3,90
111901117,22,17,5
111901118,198,218,-20
111901119,1930,160,1770
111901120,150,450,-300
111901121,350,579,-229
111901122,9,915,-906
111901123,195,695,-500
111901124,164,4,160
111901125,401,350,51
111901126,141,87,54
111901127,1356,600,756
111901128,15,194,-179
111901129,12,275,-263
111901130,16,400,-384
111901131,1,341,-340
111901132,189,13,176
111901133,81,7,74
111901134,89,6,83
111901135,23,33,-10
111901136,48,57,-9
111901137,0,35,-35
111901138,202,88,114
111901139,25,145,-120
111901140,6,329,-323
111901141,18,607,-589
111901142,5,325,-320
111901143,7,259,-252
111901144,68,71,-3
111901145,250,443,-193
111901146,424,23,401
112000001,2651,1752,899
112000002,1076,4418,-3342
112000003,1613,1873,-260
112000004,1164,2795,-1631
112000005,3598,3467,131
112000006,3025,4115,-1090
112000007,3320,2520,800
112000008,3564,6112,-2548
112000009,6274,6973,-699
112000010,4122,5045,-923
112000011,3381,4373,-992
112000012,8511,4759,3752
112000013,8215,5641,2574
112000014,4807,1599,3208
112000015,5174,5412,-238
112000016,10373,1663,8710
112000017,4945,3312,1633
112000024,3080,1256,1824
112000026,7364,8882,-1518
112000027,1594,927,667
112000028,2992,2717,275
112000029,660,1189,-529
112000030,289,194,95
112000031,3098,6702,-3604
112000032,641,103,538
112000033,3336,2307,1029
112000034,412,104,308
112000035,133,565,-432
112000036,1534,1504,30
112000037,1829,1218,611
112000038,2038,1458,580
112000039,91,142,-51
112000040,183,349,-166
112000041,956,712,244
112000042,2207,544,1663
112000050,1435,2785,-1350
112000051,1344,1795,-451
112000054,4249,5294,-1045
112000057,921,693,228
112000058,545,1048,-503
112000059,1142,1274,-132
112000061,6567,3671,2896
112000062,2986,1525,1461
112000063,3038,2929,109
112000064,6671,9868,-3197
112000065,3024,4151,-1127
112000066,5037,2039,2998
112000067,1019,1078,-59
112000068,4328,2614,1714
112000069,1005,3262,-2257
112000070,2867,1207,1660
112000071,1412,4443,-3031
112000072,2548,1518,1030
112000073,3314,2919,395
112000074,2823,1439,1384
112000075,1938,1924,14
112000076,5028,4163,865
112000077,571,1025,-454
112000078,2085,1094,991
112000079,1934,1981,-47
112000080,947,1269,-322
112000081,2125,3485,-1360
112000082,1910,1144,766
112000083,684,2214,-1530
112000084,1705,1175,530
112000085,1535,1842,-307
112000086,2178,2405,-227
112000087,389,698,-309
112000088,624,1039,-415
112000089,467,455,12
112000090,402,525,-123
112000091,871,1766,-895
112000092,1985,1635,350
112000093,2441,1668,773
112000094,767,1340,-573
112000095,844,1282,-438
112000096,548,1049,-501
112000097,1541,827,714
112000098,1566,2503,-937
112000099,1083,1499,-416
112000100,1927,1581,346
112000101,710,1606,-896
112000102,1322,1023,299
112000103,447,1865,-1418
112000105,710,2713,-2003
112000106,1685,642,1043
112000107,19,384,-365
112000108,243,2502,-2259
112000109,131,134,-3
112000110,2092,838,1254
112000111,1894,5537,-3643
112000112,5029,1046,3983
112000113,1333,2740,-1407
112000114,3598,1767,1831
112000115,543,899,-356
112000116,1010,1967,-957
112000117,1821,1577,244
112000118,1592,1331,261
112000119,671,1337,-666
112000120,115,576,-461
112000121,144,1176,-1032
112000122,372,218,154
112000123,816,255,561
112000124,365,102,263
112000125,184,222,-38
112000126,196,1130,-934
112000127,4185,3020,1165
112000128,1718,1552,166
112000129,168,159,9
112000130,192,98,94
112000131,45,758,-713
112000132,179,402,-223
112000133,568,665,-97
112000134,643,564,79
112000135,1189,1143,46
112000136,1496,1685,-189
112000137,1692,2423,-731
112000138,1978,1727,251
112000139,1486,582,904
112000140,1553,1756,-203
112000141,1169,445,724
112000142,270,1305,-1035
112000143,1232,419,813
112000144,471,2640,-2169
112000145,2461,1155,1306
112000146,930,3328,-2398
112000147,2474,2578,-104
112000148,2587,3364,-777
112000149,513,1304,-791
112000150,236,1172,-936
112000151,429,1126,-697
112000152,384,836,-452
112000153,293,619,-326
112000154,146,266,-120
112000155,471,183,288
112000157,2233,1033,1200
112000158,366,1413,-1047
112000159,560,610,-50
112000167,653,85,568
112000169,1873,819,1054
112000173,868,325,543
112000175,580,693,-113
112000176,5876,3794,2082
112000177,1028,203,825
112000178,127,1020,-893
112000179,319,212,107
112000180,411,544,-133
112000181,1928,3102,-1174
112000182,1473,3315,-1842
112000183,100,115,-15
112000184,394,1164,-770
112000185,563,1060,-497
112000187,5648,4002,1646
112000195,268,21,247
112000196,270,5,265
112000197,192,125,67
112000198,59,488,-429
112000199,1960,1430,530
112000202,389,2,387
112000216,86,368,-282
112000230,120,12,108
112000231,4,449,-445
112000256,91,268,-177
112000313,260,242,18
112000314,76,34,42
112000337,460,991,-531
112000352,538,542,-4
112000392,3103,2839,264
112000398,1591,1239,352
112000399,14486,4409,10077
112000400,2885,6707,-3822
112000401,4116,4792,-676
112000402,3560,3346,214
112000403,7232,4081,3151
112000404,818,950,-132
112000405,2168,3949,-1781
112000406,5607,4933,674
112000407,6911,10322,-3411
112000408,12069,12078,-9
112000409,2770,8875,-6105
112000410,720,352,368
112000411,8844,1858,6986
112000412,2240,946,1294
112000413,16302,6707,9595
112000414,114,199,-85
112000415,144,96,48
112000416,2789,2044,745
112000417,324,104,220
112000421,59,311,-252
112000422,604,1148,-544
112000424,5534,4101,1433
112000425,656,1719,-1063
112000426,184,549,-365
112000427,0,23,-23
112000428,240,820,-580
112000429,4822,5914,-1092
112000430,6099,5677,422
112000431,83,226,-143
112000432,893,2882,-1989
112000433,935,1811,-876
112000437,81,429,-348
112900001,82,2,80
112900002,450,1778,-1328
112900003,63,620,-557
112900004,82,447,-365
112900005,234,295,-61
112900006,6,760,-754
112900007,71,427,-356
112900008,2,103,-101
112900009,596,140,456
112900010,354,1287,-933
112900011,585,520,65
112900012,5,94,-89
112900013,5,431,-426
112900014,2,425,-423
112900015,584,1761,-1177
112900016,5,411,-406
112900017,81,442,-361
112900018,1,483,-482
112900019,137,335,-198
112900020,620,2567,-1947
112900021,5,376,-371
112900022,32,148,-116
112900023,1,308,-307
112900024,29,427,-398
112900025,199,563,-364
112900026,1,443,-442
112900027,13,1915,-1902
112900028,47,247,-200
112900029,13,1121,-1108
112900030,365,330,35
112900031,13,929,-916
112900032,237,570,-333
112900034,1,114,-113
112900035,11,857,-846
112900036,43,293,-250
112900037,432,240,192
112900038,838,271,567
112900039,23,503,-480
112900040,4,579,-575
112900041,2872,2041,831
112900042,40,804,-764
112900043,97,63,34
112900044,1106,797,309
112900045,661,570,91
112900046,381,133,248
112900047,29,34,-5
112900049,224,143,81
112900050,176,1069,-893
112900051,414,1427,-1013
112900052,28,1808,-1780
112900053,638,226,412
112900054,446,68,378
112900055,273,50,223
112900056,680,275,405
112900057,79,1226,-1147
112900058,407,475,-68
112900059,224,241,-17
112900060,20,530,-510
112900061,107,260,-153
112900062,153,267,-114
112900063,177,30,147
112900064,297,385,-88
112900065,84,43,41
112900066,279,213,66
112900067,904,372,532
112900068,50,54,-4
112900069,4495,977,3518
112900071,35,1,34
112900072,534,2115,-1581
112900073,536,104,432
112900074,181,313,-132
112900075,3784,1144,2640
112900076,150,46,104
112900078,457,541,-84
112900079,239,20,219
112900080,45,2,43
112900081,51,248,-197
112900082,630,32,598
112900083,154,99,55
112900084,355,152,203
112900085,0,9,-9
112900086,74,0,74
112900087,826,180,646
112900088,153,14,139
112900089,1012,40,972
112900090,62,16,46
112900091,250,5,245
112900092,295,361,-66
112900093,1603,24,1579
112900094,310,9,301
112900095,45,3,42
112900096,393,219,174
112900097,116,815,-699
112900098,248,2,246
112900099,934,18,916
112900100,64,0,64
112900101,251,6,245
112900102,213,13,200
112900103,250,5,245
112900104,42,3,39
112900105,25,0,25
112900106,571,173,398
112900107,5,1,4
112900108,67,1,66
112900109,142,0,142
112900110,1128,11,1117
112900111,939,2,937
112900112,460,2,458
112900113,0,19,-19
112900114,168,70,98
112900115,1140,8,1132
112900116,118,34,84
112900117,213,156,57
112900118,74,151,-77
112900119,252,5,247
112900120,1246,442,804
112900121,522,352,170
112900122,21,248,-227
112900123,288,30,258
112900124,24,263,-239
112900125,145,938,-793
112900126,270,365,-95
112900127,521,117,404
112900128,738,1293,-555
112900129,4,1746,-1742
112900130,301,110,191
112900131,86,406,-320
112900132,145,621,-476
112900133,45,1986,-1941
112900134,1,506,-505
112900135,88,71,17
112900136,2,61,-59
112900137,7,1179,-1172
112900138,10,763,-753
112900139,439,1939,-1500
112900140,2,181,-179
112900141,1237,51,1186
112900142,114,225,-111
112900143,60,944,-884
112900144,6,502,-496
112900145,52,777,-725
112900146,8,2336,-2328
112900147,8,3660,-3652
112900148,101,2,99
112900149,270,1049,-779
112900151,27,105,-78
112900152,7037,1747,5290
112900153,3254,2744,510
112900154,2,169,-167
112900155,330,25,305
112900156,465,3000,-2535
112900157,227,2,225
112900158,51,16,35
112900159,371,131,240
112900160,77,598,-521
112900161,173,56,117
112900162,57,31,26
112900163,191,76,115
112900164,61,182,-121
112900165,173,51,122
112900166,75,105,-30
112900167,4,41,-37
112900168,1,5,-4
112900169,9,13,-4
112900170,156,192,-36
112900172,117,41,76
112900173,401,239,162
112900174,454,63,391
112900175,283,326,-43
112900176,13,59,-46
112900177,308,59,249
112900178,1081,3872,-2791
112900179,70,801,-731
112900180,3090,2954,136
112900181,609,3,606
112900182,83,2382,-2299
112900183,272,521,-249
112900184,995,783,212
112900185,579,995,-416
112900186,2847,1992,855
112900187,167,718,-551
112900188,1447,771,676
112900189,47,83,-36
112900190,176,117,59
112900192,916,1055,-139
112900193,1952,662,1290
112900194,141,214,-73
112900195,2150,54,2096
112900196,475,955,-480
112900197,292,737,-445
112900199,701,941,-240
112900200,854,480,374
112900201,72,204,-132
112900202,430,1586,-1156
112900203,238,623,-385
112900204,1602,865,737
112900205,6,17,-11
112900206,18,108,-90
112900207,27,3,24
112900208,137,314,-177
112900209,663,709,-46
112900210,0,31,-31
112900211,233,70,163
112900212,1,165,-164
112900213,45,15,30
112900214,110,13,97
112900215,12,347,-335
112900216,68,179,-111
112900217,6,110,-104
112900218,36,45,-9
112900219,50,11,39
112900220,5,0,5
112900221,27,282,-255
112900222,0,48,-48
112900223,1674,28,1646
112900224,300,1310,-1010
112900225,527,852,-325
112900226,441,570,-129
112900227,517,1910,-1393
112900228,45,45,0
112900229,174,95,79
112900230,13404,6671,6733
112900232,330,292,38
112900233,88,340,-252
112900234,23,183,-160
112900235,155,47,108
112900236,256,17,239
112900237,157,482,-325
112900238,15,64,-49
112900239,1049,567,482
113000001,9234,15432,-6198
113000002,6708,7176,-468
113000003,3566,6742,-3176
113000004,3882,5515,-1633
113000005,3369,2729,640
113000006,2948,3503,-555
113000007,3549,3059,490
113000008,3783,3965,-182
113000009,1825,2076,-251
113000010,1852,3431,-1579
113000011,1492,2698,-1206
113000012,2508,2148,360
113000013,1973,1409,564
113000014,2199,2652,-453
113000015,970,474,496
113000016,1039,1515,-476
113000017,83,414,-331
113000018,728,188,540
113000019,268,354,-86
113000020,238,49,189
113000021,5531,1198,4333
113000022,1307,2118,-811
113000025,120,531,-411
113000026,1000,768,232
113000027,5019,668,4351
113000028,4464,726,3738
113000029,1598,1119,479
113000030,840,1235,-395
113000031,483,620,-137
113000032,582,638,-56
113000033,635,786,-151
113000034,799,773,26
113000035,83,85,-2
113000036,45,94,-49
113000037,172,70,102
113000038,19,122,-103
113000039,156,1731,-1575
113000040,108,146,-38
113000042,1829,1177,652
113000051,1279,4464,-3185
113000052,3856,3049,807
113000053,718,1151,-433
113000054,569,1799,-1230
113000055,1749,1585,164
113000056,1371,2113,-742
113000058,1412,1454,-42
113000059,2112,1164,948
113000060,333,852,-519
113000061,1639,1757,-118
113000062,2334,448,1886
113000063,158,584,-426
113000064,65,823,-758
113000065,224,1907,-1683
113000066,988,259,729
113000067,2331,2577,-246
113000068,477,3241,-2764
113000069,877,2483,-1606
113000070,3140,1921,1219
113000071,552,1363,-811
113000072,874,960,-86
113000073,1326,2938,-1612
113000074,1657,1036,621
113000075,4043,1107,2936
113000076,2428,2957,-529
113000077,2348,962,1386
113000078,1676,4477,-2801
113000079,1082,1560,-478
113000080,1102,980,122
113000081,1502,1640,-138
113000082,2652,1303,1349
113000083,873,1586,-713
113000084,2747,1892,855
113000085,1421,1321,100
113000086,2038,2333,-295
113000087,1403,1647,-244
113000088,5832,2570,3262
113000089,1843,2720,-877
113000090,632,1236,-604
113000091,1110,745,365
113000094,2731,369,2362
113000095,669,1587,-918
113000096,352,1601,-1249
113000097,2434,608,1826
113000098,269,55,214
113000099,2766,533,2233
113000100,308,739,-431
113000101,1051,1068,-17
113000102,1401,671,730
113000103,4897,942,3955
113000104,766,6096,-5330
113000105,1387,828,559
113000106,843,1007,-164
113000107,1620,1689,-69
113000108,2053,2525,-472
113000109,1428,11677,-10249
113000110,3057,1041,2016
113000111,582,2540,-1958
113000112,447,512,-65
113000113,3001,588,2413
113000114,541,4073,-3532
113000116,1243,405,838
113000117,1816,210,1606
113000118,397,898,-501
113000119,418,668,-250
113000120,98,402,-304
113000121,973,1638,-665
113000124,408,214,194
113000125,134,1089,-955
113000127,5870,880,4990
113000128,999,1250,-251
113000129,1086,2781,-1695
113000133,6764,3279,3485
113000134,12,2549,-2537
113000135,5216,6328,-1112
113000137,3500,4837,-1337
113000139,727,353,374
113000140,222,556,-334
113000141,569,333,236
113000142,922,2113,-1191
113000143,418,361,57
113000144,486,1309,-823
113000145,109,291,-182
113000146,222,178,44
113000147,272,322,-50
113000148,229,249,-20
113000149,160,285,-125
113000150,1055,911,144
113000151,220,183,37
113000152,81,372,-291
113000153,3126,1137,1989
113000154,1165,3102,-1937
113000155,519,1014,-495
113000156,236,762,-526
113000157,459,1631,-1172
113000158,946,424,522
113000159,1275,1279,-4
113000160,883,2195,-1312
113000161,318,993,-675
113000162,1042,901,141
113000163,192,94,98
113000164,30,163,-133
113000166,214,160,54
113000167,46,352,-306
113000168,112,318,-206
113000169,255,160,95
113000170,146,159,-13
113000171,89,147,-58
113000172,335,151,184
113000173,79,31,48
113000174,135,914,-779
113000175,506,260,246
113000176,631,289,342
113000177,247,898,-651
113000178,299,688,-389
113000179,480,296,184
113000180,1564,2841,-1277
113000181,1348,1390,-42
113000182,367,1520,-1153
113000183,365,939,-574
113000184,37,230,-193
113000189,888,1537,-649
113000190,1945,1048,897
113000192,4608,2455,2153
113000193,13479,1587,11892
113000194,5576,1540,4036
113000195,7635,1200,6435
113000196,363,225,138
113000197,5171,2009,3162
113000198,86,524,-438
113000199,2395,818,1577
113000201,3141,309,2832
113000202,7592,10019,-2427
113000203,1202,490,712
113000204,4252,2804,1448
113000205,73,82,-9
113000206,38,74,-36
113000207,174,47,127
113000208,144,86,58
113000209,79,46,33
113000210,10,52,-42
113000211,815,332,483
113000212,686,50,636
113000213,54,631,-577
113000214,346,715,-369
113000234,226,2011,-1785
113000410,297,464,-167
113000411,4641,8368,-3727
113000412,15523,4208,11315
113000413,6939,4936,2003
113000414,13282,21276,-7994
113000415,4388,6494,-2106
113000416,15650,8518,7132
113000417,5693,7559,-1866
113000418,5908,4993,915
113000419,3095,4071,-976
113000420,6042,8889,-2847
113000421,6672,10207,-3535
113000422,23083,20178,2905
113000423,4993,7815,-2822
113000424,6894,18359,-11465
113000425,55,293,-238
113000428,396,98,298
113000430,56,278,-222
113000432,3782,246,3536
113000433,138,1237,-1099
113000434,42,282,-240
113000435,28,992,-964
113000436,66,1832,-1766
113000437,1097,23,1074
113000438,338,23,315
113000439,58,307,-249
113000440,184,36,148
113000441,264,446,-182
113000442,197,451,-254
113000443,258,668,-410
113000444,241,460,-219
113000445,130,286,-156
113000446,37,158,-121
113000448,421,520,-99
113000449,680,2728,-2048
113000450,1967,13603,-11636
113000451,2621,401,2220
113000452,860,1365,-505
113000453,97,529,-432
113000454,5237,64,5173
113000455,50,301,-251
113000456,6659,4433,2226
113000468,5080,485,4595
113000469,1613,573,1040
113000470,1180,157,1023
113000471,38,1184,-1146
113000472,219,557,-338
113000474,573,1396,-823
113000475,2361,3868,-1507
113000476,1506,3002,-1496
113000477,3735,3374,361
113000478,6397,10807,-4410
113000479,140,397,-257
113000480,484,179,305
113000481,0,0,0
113000482,0,0,0
113000483,0,0,0
113000484,0,0,0
113000485,7,0,7
113000486,9,0,9
113000487,0,1,-1
113000488,1,1,0
113000489,0,1,-1
113000490,0,3,-3
113000491,3,51,-48
113000492,2,0,2
113000493,3,0,3
113000495,296,391,-95
113000496,148,180,-32
113000497,0,1,-1
113000499,0,0,0
113000500,0,4,-4
113900001,6,562,-556
113900002,0,346,-346
113900003,0,280,-280
113900004,4,168,-164
113900005,3,150,-147
113900006,3,68,-65
113900007,629,49,580
113900008,1237,1,1236
113900009,1925,3,1922
113900010,1117,10,1107
113900011,125,8,117
113900012,39,8,31
113900013,3429,70,3359
113900014,773,6,767
113900015,3,70,-67
113900016,52,0,52
113900017,5,85,-80
113900018,789,243,546
113900019,143,88,55
113900020,164,3,161
113900022,33,1,32
113900023,27,0,27
113900024,60,125,-65
113900025,545,71,474
113900026,139,1,138
113900027,9,157,-148
113900028,40,788,-748
113900029,61,391,-330
113900030,242,1,241
113900031,26,0,26
113900032,28,0,28
113900033,75,168,-93
113900035,108,1,107
113900036,40,233,-193
113900037,167,934,-767
113900038,93,192,-99
113900039,205,13,192
113900040,3,12,-9
113900041,6,12,-6
113900042,156,83,73
113900043,394,235,159
113900044,304,245,59
113900045,124,3,121
113900046,436,1015,-579
113900047,75,271,-196
113900048,347,122,225
113900049,1155,583,572
113900050,324,767,-443
113900051,523,878,-355
113900052,284,255,29
113900053,1101,926,175
113900054,49,1,48
113900055,206,838,-632
113900056,124,344,-220
113900057,33,640,-607
113900058,112,390,-278
113900059,642,700,-58
113900060,173,386,-213
113900061,1734,458,1276
113900062,165,40,125
113900063,207,233,-26
113900064,49,309,-260
113900065,737,45,692
113900066,550,725,-175
113900067,111,495,-384
113900068,726,711,15
113900069,125,50,75
113900070,317,702,-385
113900071,129,140,-11
113900072,118,280,-162
113900073,524,595,-71
113900074,114,651,-537
113900075,1889,1707,182
113900076,283,18,265
113900077,70,340,-270
113900078,74,104,-30
113900079,2,94,-92
113900080,707,350,357
113900081,60,403,-343
113900082,239,500,-261
113900083,353,1025,-672
113900084,462,160,302
113900085,94,433,-339
113900086,40,34,6
113900087,85,334,-249
113900088,85,109,-24
113900089,645,72,573
113900090,1100,601,499
113900091,48,80,-32
113900092,64,135,-71
113900093,238,1630,-1392
113900094,631,719,-88
113900095,291,195,96
113900096,338,111,227
113900097,13,200,-187
113900098,1067,174,893
113900099,0,171,-171
113900100,0,3,-3
113900101,15,115,-100
113900102,332,242,90
113900103,693,392,301
113900104,297,332,-35
113900105,114,463,-349
113900106,0,202,-202
113900107,8,44,-36
113900108,537,417,120
113900109,783,305,478
113900110,149,18,131
113900111,153,173,-20
113900112,179,150,29
113900113,1318,803,515
113900114,0,241,-241
113900115,0,183,-183
113900116,231,266,-35
113900117,235,56,179
113900118,534,631,-97
113900119,393,698,-305
113900120,146,62,84
113900121,77,179,-102
113900122,633,2610,-1977
113900123,938,349,589
113900124,0,117,-117
113900125,2667,324,2343
113900126,258,119,139
113900127,283,1167,-884
113900128,231,96,135
113900129,23,228,-205
113900130,5,23,-18
113900131,354,165,189
113900132,134,72,62
113900133,53,51,2
113900135,573,1003,-430
113900136,197,155,42
113900137,796,469,327
113900138,138,318,-180
113900139,905,270,635
113900140,574,495,79
113900141,669,918,-249
113900142,176,165,11
113900143,37,63,-26
113900144,466,299,167
113900145,669,370,299
113900146,185,101,84
113900148,403,588,-185
113900149,345,223,122
113900150,1369,1088,281
113900151,638,417,221
113900152,49,92,-43
113900153,697,1037,-340
113900154,9,224,-215
113900155,314,219,95
113900156,362,1030,-668
113900157,44,401,-357
113900158,723,529,194
113900159,43,384,-341
113900160,841,1024,-183
113900161,134,387,-253
113900162,856,1331,-475
113900163,544,438,106
113900164,392,99,293
113900165,1356,821,535
113900166,380,294,86
113900167,287,71,216
113900168,248,158,90
113900169,469,651,-182
113900171,267,116,151
113900172,16,323,-307
113900173,64,1133,-1069
113900174,858,1025,-167
113900175,545,273,272
113900176,414,1124,-710
113900177,802,391,411
113900178,655,216,439
113900179,21,1127,-1106
113900180,264,165,99
113900181,1364,218,1146
113900182,1081,1622,-541
113900183,170,117,53
113900184,21,1061,-1040
113900185,357,158,199
113900186,57,93,-36
113900187,83,286,-203
113900188,68,328,-260
113900189,590,161,429
113900190,646,177,469
113900191,291,433,-142
113900192,11,1015,-1004
113900193,30,367,-337
113900194,3666,1954,1712
113900195,566,761,-195
113900196,3,216,-213
113900197,2,402,-400
113900198,50,220,-170
113900199,315,1285,-970
113900200,33,448,-415
113900201,1,353,-352
113900202,64,610,-546
113900203,3,255,-252
113900204,72,908,-836
113900205,11,298,-287
113900206,14,218,-204
113900207,4,117,-113
113900208,5,95,-90
113900209,0,162,-162
113900210,995,1546,-551
113900211,291,161,130
113900212,243,984,-741
113900214,821,719,102
113900215,103,233,-130
113900216,119,1994,-1875
113900217,56,411,-355
113900218,193,108,85
113900219,189,840,-651
113900220,394,204,190
113900221,790,310,480
113900222,516,865,-349
113900223,194,1482,-1288
113900224,249,119,130
113900225,1190,426,764
113900226,593,294,299
113900227,758,413,345
113900228,537,678,-141
113900229,81,1328,-1247
113900230,8113,5624,2489
113900231,291,425,-134
113900232,202,178,24
113900233,133,112,21
113900234,607,772,-165
113900235,137,54,83
113900236,160,660,-500
113900237,283,11,272
113900238,564,916,-352
113900239,305,156,149
113900240,16,230,-214
113900241,274,147,127
113900242,109,268,-159
113900243,203,807,-604
113900244,821,403,418
113900245,2171,457,1714
113900246,44,32,12
113900247,245,539,-294
113900248,5488,3212,2276
113900249,1978,599,1379
113900250,108,231,-123
113900251,836,337,499
113900252,589,17,572
113900253,1011,80,931
113900254,1189,231,958
113900255,564,58,506
113900256,494,61,433
113900257,51,1171,-1120
113900258,31,1031,-1000
113900259,619,498,121
113900260,239,38,201
113900261,54,156,-102
113900262,202,1104,-902
113900263,322,988,-666
113900264,9,890,-881
113900265,326,428,-102
113900266,47,351,-304
113900267,214,768,-554
113900268,437,670,-233
113900269,57,336,-279
113900270,622,728,-106
113900271,921,1949,-1028
113900273,183,20,163
113900274,91,38,53
113900275,44,109,-65
113900276,9,367,-358
113900277,190,10,180
113900278,431,297,134
113900279,280,211,69
113900280,2056,745,1311
113900281,865,2049,-1184
113900282,1489,908,581
113900283,629,769,-140
113900284,1351,344,1007
113900285,139,50,89
113900286,167,185,-18
113900287,49,311,-262
113900288,6,176,-170
113900289,2067,179,1888
113900290,634,195,439
113900291,217,361,-144
113900292,21,27,-6
113900293,18,539,-521
113900294,570,54,516
113900295,754,678,76
113900296,3877,600,3277
113900297,2633,78,2555
113900298,41,2294,-2253
113900299,90,270,-180
113900300,9617,5814,3803
113900301,1750,702,1048
113900302,4050,1463,2587
113900303,1150,530,620
113900304,6,243,-237
113900305,112,0,112
113900306,44,0,44
113900307,124,0,124
113900308,132,234,-102
113900309,5,1518,-1513
113900310,1,22,-21
113900311,3,1,2
113900312,265,334,-69
113900313,20,33,-13
114000001,1602,7061,-5459
114000002,324,783,-459
114000003,70,534,-464
114000004,401,588,-187
114000005,289,442,-153
114000006,4517,3693,824
114000007,1071,2570,-1499
114000008,2514,2457,57
114000009,1078,375,703
114000011,3784,6255,-2471
114000012,3255,4848,-1593
114000013,2259,3784,-1525
114000014,636,718,-82
114000015,2100,923,1177
114000016,335,634,-299
114000017,247,442,-195
114000018,958,111,847
114000026,2165,2881,-716
114000027,3904,3698,206
114000028,4017,4347,-330
114000038,362,236,126
114000039,163,167,-4
114000040,120,335,-215
114000042,301,336,-35
114000043,104,298,-194
114000044,138,72,66
114000045,96,162,-66
114000046,4749,8513,-3764
114000047,60,159,-99
114000048,385,73,312
114000049,2396,2282,114
114000050,2912,3103,-191
114000051,4764,3074,1690
114000052,5330,2272,3058
114000053,140,861,-721
114000054,288,2186,-1898
114000055,389,63,326
114000056,2021,1174,847
114000057,17599,4294,13305
114000058,1256,2294,-1038
114000059,569,487,82
114000060,1548,1388,160
114000061,7030,3703,3327
114000062,4633,2270,2363
114000063,4688,2889,1799
114000064,11136,5939,5197
114000065,3080,4725,-1645
114000066,619,1077,-458
114000067,77,1037,-960
114000068,577,1062,-485
114000069,2095,818,1277
114000070,3942,2598,1344
114000071,1311,992,319
114000072,506,841,-335
114000073,17,219,-202
114000074,49,23,26
114000075,65,244,-179
114000076,21,304,-283
114000077,16,118,-102
114000078,337,1508,-1171
114000079,208,33,175
114000080,141,180,-39
114000081,118,116,2
114000082,68,934,-866
114000083,82,491,-409
114000084,408,147,261
114000085,169,1498,-1329
114000086,383,1054,-671
114000087,121,346,-225
114000088,80,118,-38
114000089,3064,956,2108
114000090,1293,1087,206
114000091,3293,1219,2074
114000092,1781,792,989
114000093,1582,1132,450
114000094,571,841,-270
114000095,482,177,305
114000096,224,693,-469
114000097,217,1225,-1008
114000098,634,112,522
114000099,680,1382,-702
114000100,1741,1456,285
114000101,448,1570,-1122
114000102,585,492,93
114000103,214,805,-591
114000104,26,683,-657
114000105,184,135,49
114000106,2322,1293,1029
114000107,374,193,181
114000108,4631,2066,2565
114000109,623,1327,-704
114000110,883,2985,-2102
114000111,2137,1019,1118
114000112,540,2995,-2455
114000113,1426,727,699
114000114,1748,2439,-691
114000115,2753,1188,1565
114000116,947,927,20
114000117,3534,659,2875
114000118,2967,739,2228
114000119,2389,669,1720
114000120,1005,1368,-363
114000121,698,1260,-562
114000122,628,417,211
114000123,2231,521,1710
114000124,1845,505,1340
114000125,1064,2669,-1605
114000126,1921,331,1590
114000127,310,374,-64
114000128,1360,847,513
114000130,729,904,-175
114000131,358,130,228
114000132,870,1152,-282
114000133,1363,2675,-1312
114000134,121,371,-250
114000138,126,374,-248
114000139,807,312,495
114000144,1303,765,538
114000145,157,354,-197
114000146,191,600,-409
114000147,1946,2517,-571
114000148,3439,2724,715
114000149,442,340,102
114000150,1314,1131,183
114000151,1761,1746,15
114000152,284,63,221
114000153,1374,2722,-1348
114000154,1674,1129,545
114000155,2412,4055,-1643
114000156,2215,889,1326
114000157,522,1924,-1402
114000158,3669,1300,2369
114000159,282,636,-354
114000160,168,418,-250
114000161,3122,3951,-829
114000162,1622,3050,-1428
114000163,31,202,-171
114000165,843,305,538
114000166,1385,488,897
114000167,8366,2130,6236
114000168,1341,1120,221
114000169,3983,1481,2502
114000170,1576,1201,375
114000171,1394,2623,-1229
114000174,460,925,-465
114000176,1541,671,870
114000177,3949,1467,2482
114000178,50,103,-53
114000179,2128,1372,756
114000180,810,1183,-373
114000181,2581,4936,-2355
114000182,13283,3918,9365
114000183,1452,1190,262
114000184,847,2530,-1683
114000185,1702,1488,214
114000189,984,178,806
114000190,2822,399,2423
114000191,44,121,-77
114000192,515,2885,-2370
114000193,1117,4901,-3784
114000194,1959,1778,181
114000195,254,32,222
114000196,3,578,-575
114000197,1528,138,1390
114000198,1919,682,1237
114000199,3446,2059,1387
114000200,986,3761,-2775
114000201,531,1523,-992
114000202,1685,1111,574
114000203,701,1298,-597
114000204,181,858,-677
114000205,410,2885,-2475
114000206,829,2320,-1491
114000207,1040,3669,-2629
114000208,768,5875,-5107
114000209,940,5062,-4122
114000210,509,2678,-2169
114000211,1456,2650,-1194
114000212,1387,1308,79
114000213,1829,1076,753
114000214,114,315,-201
114000215,252,158,94
114000216,2130,685,1445
114000217,299,572,-273
114000218,150,449,-299
114000219,1579,469,1110
114000220,41,2202,-2161
114000221,872,308,564
114000222,333,2030,-1697
114000223,627,196,431
114000224,167,1312,-1145
114000225,307,975,-668
114000226,152,385,-233
114000227,1125,705,420
114000228,1177,1508,-331
114000229,1533,1948,-415
114000230,2392,2059,333
114000231,1240,2122,-882
114000232,746,241,505
114000233,2670,241,2429
114000234,1633,1558,75
114000235,1311,2389,-1078
114000236,3,970,-967
114000237,141,1706,-1565
114000238,168,432,-264
114000239,306,2193,-1887
114000240,1045,1037,8
114000241,354,1623,-1269
114000242,1392,1487,-95
114000243,2689,1251,1438
114000244,1259,550,709
114000245,584,962,-378
114000246,331,47,284
114000247,1190,988,202
114000248,1372,989,383
114000249,788,848,-60
114000250,644,1142,-498
114000251,427,594,-167
114000252,116,220,-104
114000253,83,549,-466
114000254,32,152,-120
114000255,1635,428,1207
114000256,4393,2493,1900
114000257,703,2741,-2038
114000258,477,665,-188
114000259,99,500,-401
114000260,0,40,-40
114000261,104,58,46
114000262,174,304,-130
114000263,40,5,35
114000264,1420,1055,365
114000265,0,58,-58
114000267,12,2533,-2521
114000268,9,2553,-2544
114000270,229,3,226
114000271,833,105,728
114000283,1371,698,673
114000285,64,443,-379
114000288,88,606,-518
114000289,1580,214,1366
114000293,208,782,-574
114000294,246,468,-222
114000395,2539,77,2462
114000396,556,741,-185
114000402,594,504,90
114000403,406,1078,-672
114000405,166,988,-822
114000423,476,786,-310
114000424,497,374,123
114000425,620,751,-131
114000426,530,1357,-827
114000427,87,202,-115
114000428,396,247,149
114000429,50,340,-290
114000432,170,226,-56
114000434,53,144,-91
114000435,4,272,-268
114000436,8136,2001,6135
114000437,879,3471,-2592
114900001,891,2268,-1377
114900002,716,157,559
114900003,644,3362,-2718
114900004,283,536,-253
114900005,665,1468,-803
114900006,84,104,-20
114900007,230,29,201
114900008,231,140,91
114900010,4149,2960,1189
114900011,273,263,10
114900013,295,260,35
114900015,113,570,-457
114900018,1348,47,1301
114900020,398,116,282
114900022,39,1209,-1170
114900024,495,224,271
114900025,452,411,41
114900026,59,169,-110
114900027,297,359,-62
114900029,32,36,-4
114900030,378,426,-48
114900031,452,57,395
114900032,393,89,304
114900033,2914,841,2073
114900034,97,335,-238
114900035,254,610,-356
114900036,380,1328,-948
114900037,127,279,-152
114900038,264,1221,-957
114900039,628,950,-322
114900040,83,451,-368
114900041,773,960,-187
114900042,986,1105,-119
114900043,1385,561,824
114900044,186,49,137
114900046,170,251,-81
114900047,414,2200,-1786
114900048,110,474,-364
114900049,14,378,-364
114900050,44,978,-934
114900051,29,871,-842
114900052,98,387,-289
114900053,128,452,-324
114900054,85,204,-119
114900057,296,7,289
114900058,0,116,-116
114900059,81,67,14
114900060,2134,991,1143
114900061,191,231,-40
114900062,585,583,2
114900063,91,351,-260
114900064,1481,946,535
114900065,426,1065,-639
114900067,101,609,-508
114900068,132,372,-240
114900069,373,323,50
114900070,651,946,-295
114900072,11,457,-446
114900073,0,323,-323
114900074,712,1476,-764
114900075,340,8,332
114900076,6,526,-520
114900080,4787,714,4073
114900082,6113,2598,3515
114900083,1885,1715,170
114900090,481,403,78
114900091,353,378,-25
114900095,703,170,533
114900096,791,1170,-379
114900097,124,1,123
114900098,20,476,-456
114900099,290,8,282
115000001,13302,9228,4074
115000002,6004,6004,0
115000003,7859,6825,1034
115000004,5937,8246,-2309
115000005,3353,4810,-1457
115000006,1971,2757,-786
115000007,205,316,-111
115000008,1065,815,250
115000009,450,743,-293
115000010,708,243,465
115000013,149,344,-195
115000015,90,571,-481
115000016,353,393,-40
115000019,58,790,-732
115000020,370,963,-593
115000021,369,861,-492
115000022,841,604,237
115000023,550,956,-406
115000024,1912,840,1072
115000025,1315,1012,303
115000026,198,735,-537
115000027,318,426,-108
115000028,314,1339,-1025
115000029,892,267,625
115000030,1087,1704,-617
115000031,1749,748,1001
115000032,13,392,-379
115000033,207,53,154
115000034,248,1647,-1399
115000035,1538,85,1453
115000036,3,624,-621
115000037,948,21,927
115000038,77,265,-188
115000039,5229,4065,1164
115000040,10978,5813,5165
115000041,2246,4871,-2625
115000042,1320,1386,-66
115000043,4947,3859,1088
115000044,5414,6898,-1484
115000045,4544,3778,766
115000046,2834,4325,-1491
115000047,2277,3057,-780
115000048,2278,4715,-2437
115000049,2395,5792,-3397
115000050,4654,3257,1397
115000051,3435,4065,-630
115000052,4319,3356,963
115000053,2274,2580,-306
115000054,980,2224,-1244
115000055,206,651,-445
115000056,279,514,-235
115000057,834,775,59
115000058,205,228,-23
115000059,209,175,34
115000061,506,174,332
115000062,463,475,-12
115000063,345,589,-244
115000064,344,222,122
115000065,226,544,-318
115000067,465,52,413
115000069,109,650,-541
115000070,71,2122,-2051
115000071,188,25,163
115000072,11,93,-82
115000073,2865,120,2745
115000075,145,116,29
115000076,8076,5265,2811
115000077,2800,5324,-2524
115000078,1639,2785,-1146
115000079,1832,3792,-1960
115000080,3375,4606,-1231
115000081,644,1628,-984
115000082,5251,5748,-497
115000083,3008,4348,-1340
115000084,2485,2220,265
115000085,1119,1597,-478
115000086,1578,1886,-308
115000087,727,2703,-1976
115000088,2810,1157,1653
115000089,2446,2430,16
115000090,1135,1392,-257
115000091,567,1993,-1426
115000092,468,509,-41
115000093,709,2,707
115000094,14614,7930,6684
115000095,11334,7556,3778
115000096,1054,3443,-2389
115000097,901,1357,-456
115000098,1413,1363,50
115000099,3028,5541,-2513
115000100,1388,808,580
115000101,698,2591,-1893
115000102,728,388,340
115000103,500,1209,-709
115000105,81,346,-265
115000106,583,476,107
115000107,265,1030,-765
115000108,6801,4250,2551
115000109,9450,5429,4021
115000110,2198,2004,194
115000111,1059,3001,-1942
115000112,1054,1157,-103
115000113,1012,1614,-602
115000114,2607,1517,1090
115000116,6331,3211,3120
115000117,6600,4307,2293
115000118,3276,2790,486
115000119,3125,3354,-229
115000120,905,1759,-854
115000121,2329,1571,758
115000122,6108,3717,2391
115000123,3235,3315,-80
115000124,1741,2018,-277
115000125,983,909,74
115000126,407,417,-10
115000127,974,251,723
115000128,1782,1308,474
115000129,676,439,237
115000130,628,1774,-1146
115000131,1224,558,666
115000132,243,871,-628
115000133,706,629,77
115000134,482,393,89
115000135,535,392,143
115000136,388,306,82
115000137,220,270,-50
115000138,285,452,-167
115000139,427,369,58
115000140,359,340,19
115000141,257,490,-233
115000142,208,494,-286
115000143,826,904,-78
115000144,913,150,763
115000145,418,658,-240
115000146,956,499,457
115000147,1582,777,805
115000148,620,2379,-1759
115000149,1183,465,718
115000150,1257,2143,-886
115000151,1267,868,399
115000152,1378,2547,-1169
115000153,3036,1012,2024
115000154,1183,649,534
115000155,1486,2177,-691
115000156,3376,1130,2246
115000157,2820,1614,1206
115000158,1995,694,1301
115000159,2066,978,1088
115000160,1153,1398,-245
115000161,1134,1051,83
115000162,1121,1144,-23
115000163,1111,806,305
115000164,1082,802,280
115000165,944,698,246
115000167,422,140,282
115000168,1946,586,1360
115000169,2438,507,1931
115000170,463,207,256
115000171,787,322,465
115000172,3357,1098,2259
115000173,893,941,-48
115000174,269,385,-116
115000175,491,146,345
115000176,459,161,298
115000177,386,227,159
115000178,61,500,-439
115000179,74,69,5
115000180,205,1454,-1249
115000181,813,267,546
115000182,971,826,145
115000183,403,1726,-1323
115000186,947,504,443
115000187,305,1360,-1055
115000188,756,1144,-388
115000189,455,777,-322
115000190,1911,1131,780
115000191,889,925,-36
115000194,312,255,57
115000195,521,532,-11
115000196,173,263,-90
115000197,264,631,-367
115000198,354,427,-73
115000199,494,402,92
115000200,443,227,216
115000201,296,703,-407
115000206,495,173,322
115000207,201,732,-531
115000208,879,1292,-413
115000209,974,461,513
115000210,195,199,-4
115000211,393,479,-86
115000212,3946,470,3476
115000224,671,125,546
115000225,115,118,-3
115000229,419,314,105
115000230,114,870,-756
115000231,438,4327,-3889
115000232,1957,479,1478
115000233,382,363,19
115000234,53,431,-378
115000241,92,439,-347
115000242,133,680,-547
115000243,100,479,-379
115000244,13,168,-155
115000246,96,38,58
115000247,53,25,28
115000248,35,17,18
115000249,63,48,15
115000250,870,81,789
115000251,307,296,11
115000252,140,418,-278
115000253,30,692,-662
115000258,401,497,-96
115000259,520,275,245
115000261,11,37,-26
115000262,18,34,-16
115000263,17,83,-66
115000264,16,86,-70
115000267,125,131,-6
115000268,39,180,-141
115000269,203,122,81
115000270,17,59,-42
115000272,114,261,-147
115000273,480,46,434
115000280,3650,268,3382
115000281,1109,698,411
115000282,3266,962,2304
115000284,568,299,269
115000296,1423,4,1419
115000297,887,168,719
115000298,386,386,0
115000300,322,290,32
115000302,556,428,128
115000303,990,357,633
115000304,988,212,776
115000305,179,1694,-1515
115000306,304,992,-688
115000307,152,417,-265
115000308,135,49,86
115000309,23,66,-43
115000310,1426,1535,-109
115000311,990,2690,-1700
115000313,186,1477,-1291
115000314,469,173,296
115000315,1669,501,1168
115000316,102,130,-28
115000317,204,1034,-830
115000318,1417,662,755
115000319,147,520,-373
115000320,13,608,-595
115000321,969,116,853
115000322,89,444,-355
115000449,578,426,152
115000557,8,1907,-1899
115000558,720,113,607
115000587,886,731,155
115000588,4971,5909,-938
115000589,5610,4531,1079
115000590,1831,2617,-786
115000591,2521,1580,941
115000592,1397,3171,-1774
115000593,2435,1334,1101
115000594,1465,3630,-2165
115000609,185,190,-5
115000617,3580,5310,-1730
115000624,352,160,192
115000633,686,3914,-3228
115000634,5843,1811,4032
115000635,867,230,637
115000638,2273,1409,864
115000641,120,199,-79
115000642,630,550,80
115000643,151,924,-773
115000644,264,627,-363
115000646,1231,1993,-762
115000647,296,926,-630
115000648,2000,3179,-1179
115000893,5313,2767,2546
115000894,178,2003,-1825
115000895,732,1381,-649
115000896,2222,596,1626
115000897,892,186,706
115000898,2098,475,1623
115000899,1545,2048,-503
115000900,350,924,-574
115000901,121,248,-127
115000912,456,215,241
115000913,2,70,-68
115000915,132,1,131
115000916,38,11,27
115000917,0,8,-8
115000918,180,622,-442
115000919,64,36,28
115000920,311,157,154
115000921,2423,570,1853
115000922,3186,1482,1704
115000923,1207,1399,-192
115000925,128,166,-38
115000927,75,87,-12
115000933,627,226,401
115000934,241,358,-117
115000935,148,190,-42
115000936,24,472,-448
115000937,440,165,275
115000938,54,138,-84
115000939,61,109,-48
115900001,85,102,-17
115900002,109,365,-256
115900003,292,178,114
115900004,3,117,-114
115900005,206,10,196
115900006,357,852,-495
115900008,41,40,1
115900009,127,579,-452
115900010,354,390,-36
115900011,534,392,142
115900012,226,153,73
115900013,619,375,244
115900014,109,247,-138
115900015,104,197,-93
115900016,112,94,18
115900017,11,1,10
115900018,224,123,101
115900019,1860,63,1797
115900020,38,0,38
115900021,2644,224,2420
115900022,3285,33,3252
115900023,41,8,33
115900025,116,449,-333
115900026,1326,448,878
115900027,0,531,-531
115900028,900,181,719
115900029,19,706,-687
115900030,131,38,93
115900031,770,441,329
115900032,624,1482,-858
115900033,1,61,-60
115900034,39,900,-861
115900035,61,29,32
115900036,305,887,-582
115900037,88,774,-686
115900038,230,13,217
115900039,222,494,-272
115900041,675,681,-6
115900042,80,10,70
115900043,174,206,-32
115900044,487,454,33
115900046,250,415,-165
115900047,183,134,49
115900049,213,394,-181
115900051,2,114,-112
115900052,6,335,-329
115900053,234,433,-199
115900054,229,78,151
115900055,23,206,-183
115900056,236,568,-332
115900057,150,16,134
115900058,38,96,-58
115900060,109,300,-191
115900061,327,0,327
115900062,76,475,-399
115900063,50,13,37
115900064,284,604,-320
115900065,152,200,-48
115900066,315,317,-2
115900067,18,1148,-1130
115900068,5032,1030,4002
115900069,88,396,-308
115900070,268,354,-86
115900071,2,927,-925
115900072,68,382,-314
115900073,69,89,-20
115900074,3,498,-495
115900075,43,504,-461
115900076,7,124,-117
115900077,17,391,-374
115900078,60,212,-152
115900079,205,34,171
115900080,880,464,416
115900081,29,100,-71
115900082,229,191,38
115900084,458,38,420
115900085,192,100,92
115900086,2799,927,1872
115900088,48,100,-52
115900089,338,1008,-670
115900090,313,57,256
115900091,43,35,8
115900092,30,322,-292
115900093,10,89,-79
115900094,5,668,-663
115900096,1,27,-26
115900097,17,792,-775
115900098,220,893,-673
115900099,71,95,-24
115900100,16,920,-904
115900101,186,687,-501
115900102,64,129,-65
115900103,385,416,-31
115900104,43,267,-224
115900105,245,1353,-1108
115900106,54,61,-7
115900107,65,252,-187
115900108,86,50,36
115900109,76,692,-616
115900110,2,30,-28
115900111,7,129,-122
115900112,79,1891,-1812
115900113,43,46,-3
115900114,6,212,-206
115900115,103,290,-187
115900116,123,1672,-1549
115900117,52,32,20
115900118,3,432,-429
115900119,695,225,470
115900120,41,710,-669
115900121,183,464,-281
115900124,317,837,-520
115900125,416,52,364
115900126,908,134,774
115900127,845,92,753
115900128,10,65,-55
115900129,945,63,882
115900130,50,293,-243
115900131,534,36,498
115900132,644,8,636
115900134,346,23,323
115900135,806,1366,-560
115900137,42,6,36
115900139,113,97,16
115900140,241,40,201
115900141,34,92,-58
115900142,37,50,-13
115900143,310,557,-247
115900144,91,465,-374
115900146,5,249,-244
115900147,592,430,162
115900148,40,12,28
115900149,95,39,56
115900150,79,87,-8
115900151,13,121,-108
115900152,185,732,-547
115900153,205,411,-206
115900154,1325,463,862
115900155,0,161,-161
115900156,912,1249,-337
115900157,207,840,-633
115900158,75,24,51
115900159,167,447,-280
115900160,15,9,6
115900161,104,339,-235
115900163,249,223,26
115900164,709,110,599
115900165,3,268,-265
115900166,320,465,-145
115900168,168,270,-102
115900171,227,809,-582
115900172,122,177,-55
115900173,364,218,146
115900174,638,257,381
115900175,126,357,-231
115900178,15,1089,-1074
115900179,244,37,207
115900180,45,484,-439
115900181,194,431,-237
115900182,403,465,-62
115900183,182,59,123
115900184,2478,27,2451
115900187,21,165,-144
115900189,7,302,-295
115900190,968,1997,-1029
115900191,90,702,-612
115900192,4,109,-105
115900193,148,162,-14
115900194,752,90,662
115900195,899,2395,-1496
115900198,302,518,-216
115900199,249,423,-174
115900200,442,509,-67
115900201,608,300,308
115900202,1,29,-28
115900203,14,10,4
115900204,1,5,-4
115900205,154,25,129
115900206,189,267,-78
115900207,26,57,-31
115900208,147,481,-334
115900209,10,215,-205
115900210,1,173,-172
115900211,3,386,-383
115900212,148,392,-244
115900213,205,101,104
115900214,400,448,-48
115900215,35,118,-83
115900216,6,130,-124
115900217,3,87,-84
115900218,2,52,-50
115900219,77,20,57
115900220,133,15,118
115900221,94,22,72
115900222,66,36,30
115900223,13,306,-293
115900224,2778,994,1784
115900225,92,48,44
115900226,24,75,-51
115900227,27,89,-62
115900228,20,86,-66
115900229,8,128,-120
115900230,90,201,-111
115900231,172,6,166
115900232,95,2,93
115900233,89,16,73
115900234,69,41,28
115900235,29,48,-19
115900236,61,47,14
115900237,18,39,-21
115900238,35,40,-5
115900239,12,37,-25
115900240,8,87,-79
115900241,254,173,81
115900242,460,496,-36
115900243,29,15,14
115900244,16,24,-8
115900245,97,19,78
115900246,18,6,12
115900247,32,19,13
115900248,18,7,11
115900249,9,25,-16
115900250,40,54,-14
115900251,4,13,-9
115900252,3,9,-6
115900253,9,14,-5
115900254,80,35,45
115900255,7,56,-49
115900256,49,80,-31
115900257,12,3,9
115900258,0,3,-3
115900259,13,12,1
115900260,14,5,9
115900261,6,5,1
115900262,5,7,-2
115900263,14,12,2
115900264,29,11,18
115900265,1,15,-14
115900266,11,37,-26
115900267,14,20,-6
115900268,16,12,4
115900269,539,730,-191
115900270,468,1161,-693
115900271,127,0,127
115900272,54,1,53
115900273,24,22,2
115900274,1,38,-37
115900275,5,71,-66
115900276,3,124,-121
115900277,0,161,-161
115900278,28,202,-174
115900279,20,332,-312
115900280,26,378,-352
115900281,761,263,498
115900282,21,11,10
116000001,20526,10577,9949
116000002,7355,16140,-8785
116000003,2562,3036,-474
116000004,5575,5033,542
116000005,8952,5955,2997
116000006,7983,2517,5466
116000007,5060,6994,-1934
116000008,4948,3428,1520
116000009,2935,4133,-1198
116000010,2736,2017,719
116000011,1231,3122,-1891
116000012,1239,1208,31
116000013,33696,8919,24777
116000014,31614,21320,10294
116000015,1100,2927,-1827
116000016,15059,7298,7761
116000017,86,1240,-1154
116000018,1116,991,125
116000019,1772,694,1078
116000020,1005,2349,-1344
116000021,972,551,421
116000022,545,891,-346
116000023,2460,1450,1010
116000024,1125,2142,-1017
116000025,2043,1098,945
116000026,3239,3840,-601
116000027,1899,945,954
116000028,782,1464,-682
116000029,1879,1132,747
116000030,1133,695,438
116000031,263,393,-130
116000032,945,507,438
116000033,721,1034,-313
116000034,1559,1724,-165
116000035,991,1622,-631
116000036,3608,1106,2502
116000037,1431,1286,145
116000038,1695,769,926
116000039,1607,424,1183
116000040,3782,451,3331
116000041,703,700,3
116000042,944,400,544
116000043,106,916,-810
116000044,21,97,-76
116000045,3375,2299,1076
116000046,2695,2028,667
116000047,3908,4988,-1080
116000048,4145,2748,1397
116000049,1700,3695,-1995
116000050,2078,2934,-856
116000051,7158,3583,3575
116000052,6731,7391,-660
116000053,3720,1844,1876
116000054,1673,4093,-2420
116000055,890,2154,-1264
116000056,1157,2265,-1108
116000057,6608,3387,3221
116000058,5939,4114,1825
116000059,4818,11264,-6446
116000060,3936,1521,2415
116000061,1233,2008,-775
116000062,2067,367,1700
116000063,1769,2195,-426
116000066,417,1022,-605
116000067,398,951,-553
116000068,723,573,150
116000069,523,789,-266
116000078,490,1588,-1098
116000080,2437,1701,736
116000082,12,145,-133
116000083,1895,686,1209
116000084,3584,6287,-2703
116000085,2910,2218,692
116000086,3268,1996,1272
116000087,1964,2022,-58
116000088,1588,2197,-609
116000089,320,233,87
116000090,261,289,-28
116000091,231,227,4
116000093,984,1613,-629
116000094,1122,1217,-95
116000095,1081,1804,-723
116000096,1171,2165,-994
116000097,994,1905,-911
116000098,372,8751,-8379
116000099,19547,732,18815
116000100,217,25,192
116000101,868,2471,-1603
116000102,433,2726,-2293
116000103,503,464,39
116000104,287,3119,-2832
116000105,1494,360,1134
116000106,689,2005,-1316
116000107,2836,777,2059
116000108,532,264,268
116000111,224,42,182
116000113,147,138,9
116000114,30,215,-185
116000115,321,149,172
116000116,380,770,-390
116000117,1879,3567,-1688
116000118,1632,2585,-953
116000119,3360,3059,301
116000120,3628,7641,-4013
116000121,987,936,51
116000122,1977,3119,-1142
116000123,1146,781,365
116000124,524,1732,-1208
116000125,3119,1180,1939
116000126,471,2323,-1852
116000127,1609,2395,-786
116000128,2090,1638,452
116000129,1472,314,1158
116000130,626,508,118
116000133,1018,1801,-783
116000134,2576,4424,-1848
116000135,2913,2344,569
116000136,1718,3786,-2068
116000137,1432,1257,175
116000138,1342,946,396
116000139,2954,3508,-554
116000140,306,466,-160
116000141,683,1665,-982
116000142,5666,5935,-269
116000143,2643,3051,-408
116000144,1902,4323,-2421
116000145,2127,2502,-375
116000146,441,635,-194
116000147,1076,231,845
116000148,987,690,297
116000149,862,961,-99
116000151,1244,1311,-67
116000153,153,1265,-1112
116000155,698,618,80
116000156,977,2201,-1224
116000157,86,37,49
116000158,825,716,109
116000159,24,22,2
116000160,33,319,-286
116000161,24,302,-278
116000162,235,189,46
116000163,45,30,15
116000164,51,48,3
116000177,299,222,77
116000194,235,750,-515
116000195,3469,1113,2356
116000196,38,41,-3
116000197,14,42,-28
116000198,7630,2353,5277
116000200,1433,803,630
116000201,1260,1279,-19
116000202,9,509,-500
116000203,1,143,-142
116000204,19,85,-66
116000205,1,257,-256
116000206,1,132,-131
116000207,7,53,-46
116000233,350,1508,-1158
116000287,238,947,-709
116000288,283,491,-208
116000292,195,291,-96
116000296,26,249,-223
116000297,81,20,61
116000304,153,38,115
116000305,15,171,-156
116000346,395,312,83
116000352,333,88,245
116000354,350,23,327
116000357,98,36,62
116000358,297,63,234
116000361,175,3,172
116000372,18115,6066,12049
116000381,207,2,205
116000388,3,52,-49
116000389,1324,993,331
116000445,416,998,-582
116000446,706,1849,-1143
116000447,21,739,-718
116000448,1196,612,584
116000563,1810,1838,-28
116000565,155,570,-415
116000568,100,392,-292
116000579,56,195,-139
116000584,45,28,17
116000585,57,39,18
116000586,430,313,117
116000587,801,1062,-261
116000589,28,124,-96
116000590,65,81,-16
116000591,234,508,-274
116000592,15,178,-163
116000593,0,78,-78
116000594,769,810,-41
116000595,1054,326,728
116000596,120,14,106
116000597,347,82,265
116000598,16,273,-257
116000602,139,1280,-1141
116000605,614,353,261
116000606,76,281,-205
116000607,12,120,-108
116000609,450,1308,-858
116000611,187,829,-642
116000612,803,3104,-2301
116000613,623,617,6
116000614,771,1133,-362
116000615,1,323,-322
116000616,128,220,-92
116000617,136,190,-54
116000618,6,267,-261
116000619,67,79,-12
116000620,109,109,0
116000621,77,215,-138
116000622,27,272,-245
116000624,184,115,69
116000627,20,59,-39
116000628,69,812,-743
116000629,18,944,-926
116000630,328,76,252
116000631,125,97,28
116000632,421,615,-194
116000633,63,1072,-1009
116000634,439,40,399
116000635,4586,2423,2163
116000636,1591,1041,550
116000637,21,1,20
116000638,0,86,-86
116900001,328,234,94
116900002,415,6,409
116900003,30,161,-131
116900004,41,67,-26
116900005,249,79,170
116900006,206,187,19
116900007,266,371,-105
116900008,397,714,-317
116900009,30,9,21
116900010,27,3313,-3286
116900011,14,105,-91
116900012,235,410,-175
116900013,14,352,-338
116900014,125,503,-378
116900015,425,117,308
116900016,242,4,238
116900017,8,1325,-1317
116900018,119,91,28
116900019,40,754,-714
116900020,2845,1067,1778
116900023,114,21,93
116900024,538,114,424
116900025,1409,1461,-52
116900026,350,1436,-1086
116900027,31,109,-78
116900028,5,268,-263
116900029,20,92,-72
116900031,0,19,-19
116900032,2,558,-556
116900033,17,11,6
116900034,28,134,-106
116900035,272,489,-217
116900036,3,191,-188
116900038,27,5,22
116900041,86,62,24
116900042,1308,368,940
116900043,11,199,-188
116900045,695,94,601
116900047,169,133,36
116900049,60,533,-473
116900050,209,981,-772
116900051,162,483,-321
116900052,518,122,396
116900055,0,11,-11
116900057,52,561,-509
116900058,54,799,-745
116900059,4,354,-350
116900060,660,364,296
116900062,11,18,-7
116900064,115,1597,-1482
116900065,31,250,-219
116900067,140,213,-73
116900068,164,508,-344
116900070,3,15,-12
116900072,33,731,-698
116900073,13,431,-418
116900074,17,110,-93
116900076,16,38,-22
116900077,33,325,-292
116900078,340,260,80
116900079,51,792,-741
116900080,15,50,-35
116900081,534,2809,-2275
116900082,596,1389,-793
116900083,66,139,-73
116900084,686,79,607
116900085,27,232,-205
116900086,48,453,-405
116900088,663,166,497
116900090,205,105,100
116900091,356,181,175
116900092,111,1542,-1431
116900093,2332,5203,-2871
116900094,10052,6962,3090
116900095,798,196,602
116900096,172,511,-339
116900097,8802,4084,4718
116900098,1496,492,1004
116900099,1107,988,119
116900100,1146,52,1094
116900101,507,1152,-645
116900103,9,0,9
116900104,87,135,-48
116900105,531,138,393
116900106,1834,620,1214
116900107,7743,3253,4490
116900110,21,0,21
116900111,456,1918,-1462
116900112,352,2158,-1806
116900113,5793,1854,3939
116900116,314,599,-285
116900117,96,161,-65
116900118,1465,1154,311
116900120,247,249,-2
116900121,65,73,-8
116900122,867,1383,-516
116900123,277,1470,-1193
116900124,208,2165,-1957
116900125,408,475,-67
116900126,518,1074,-556
116900128,20,43,-23
116900129,7,644,-637
116900130,1932,5076,-3144
116900131,127,300,-173
116900132,38,99,-61
116900133,124,135,-11
116900134,424,266,158
116900136,320,304,16
116900137,914,284,630
116900138,233,363,-130
116900139,101,767,-666
116900140,206,265,-59
116900141,901,470,431
116900142,7,69,-62
116900143,406,682,-276
116900144,27,71,-44
116900145,418,472,-54
116900147,1711,482,1229
116900148,8,41,-33
116900149,53,307,-254
116900150,14,11,3
116900151,100,53,47
116900153,168,141,27
116900154,1182,595,587
116900155,90,97,-7
116900157,695,544,151
116900158,770,327,443
116900159,86,539,-453
116900160,1969,748,1221
116900161,16942,9589,7353
116900162,75,216,-141
116900163,171,256,-85
116900164,95,82,13
116900165,367,228,139
116900166,45,182,-137
116900167,564,134,430
116900168,495,161,334
116900169,2295,635,1660
116900170,433,629,-196
116900171,54,457,-403
116900172,408,347,61
116900173,270,90,180
116900174,44,45,-1
116900175,913,343,570
116900178,36,325,-289
116900179,235,339,-104
116900180,184,29,155
116900182,744,447,297
116900183,238,191,47
116900185,43,73,-30
116900186,175,588,-413
116900187,66,58,8
116900188,237,28,209
116900189,79,3,76
116900191,578,952,-374
116900192,328,314,14
116900194,197,1338,-1141
116900195,55,29,26
116900196,17,152,-135
116900197,86,8,78
116900198,387,367,20
116900200,50,59,-9
116900201,112,15,97
116900202,215,80,135
116900203,225,10,215
116900204,57,127,-70
116900206,14,38,-24
116900207,57,52,5
116900208,16,175,-159
116900209,24,208,-184
116900210,825,439,386
116900211,332,21,311
116900212,45,198,-153
116900213,272,373,-101
116900214,194,157,37
116900215,80,142,-62
116900216,724,381,343
116900218,14,664,-650
116900219,1484,621,863
116900220,144,375,-231
116900221,64,564,-500
116900222,620,652,-32
116900223,117,422,-305
116900226,114,167,-53
116900227,259,136,123
116900228,498,476,22
116900230,86,614,-528
116900231,39,795,-756
116900232,14,847,-833
116900233,331,173,158
116900234,49,22,27
116900235,184,531,-347
116900238,2120,723,1397
116900239,53,2236,-2183
116900240,13289,5671,7618
116900241,115,264,-149
116900242,567,717,-150
116900243,14,242,-228
116900245,45,27,18
116900246,133,13,120
116900247,638,15,623
116900248,143,70,73
116900249,408,265,143
116900250,405,84,321
116900251,807,712,95
116900252,95,1890,-1795
116900253,249,176,73
116900254,30,178,-148
116900255,207,87,120
116900256,374,250,124
116900257,29,963,-934
116900258,1,515,-514
116900259,176,21,155
116900260,7,299,-292
116900261,39,3,36
116900262,233,237,-4
116900263,0,24,-24
116900264,0,13,-13
116900265,32,0,32
116900266,18,122,-104
116900267,2,4,-2
116900268,323,8,315
116900269,681,1089,-408
116900271,2404,340,2064
116900272,721,1036,-315
116900273,996,120,876
116900274,130,173,-43
116900275,192,282,-90
116900276,1543,147,1396
116900277,1300,58,1242
116900278,6,49,-43
116900279,2,26,-24
116900280,37,74,-37
116900281,15424,5754,9670
116900282,4,243,-239
116900283,26,279,-253
116900284,16,457,-441
116900285,676,804,-128
116900286,477,128,349
116900287,3,163,-160
116900288,74,207,-133
116900289,12,50,-38
116900290,4,73,-69
116900291,7,12,-5
116900292,0,13,-13
116900293,32,104,-72
116900294,69,233,-164
116900295,1258,79,1179
116900296,335,127,208
116900297,26,212,-186
116900298,433,77,356
116900299,366,72,294
116900300,15,291,-276
116900301,288,143,145
116900302,202,125,77
116900303,1428,95,1333
116900304,0,250,-250
116900305,61,173,-112
116900306,170,148,22
117000001,3440,3251,189
117000002,3927,8934,-5007
117000003,16214,5225,10989
117000004,8666,10363,-1697
117000005,3545,2861,684
117000006,2121,8287,-6166
117000007,5835,2219,3616
117000008,2459,9705,-7246
117000009,7667,3265,4402
117000010,4695,9262,-4567
117000011,3037,3362,-325
117000012,2149,3136,-987
117000013,3390,2129,1261
117000014,2983,4728,-1745
117000015,7464,2181,5283
117000016,2652,71,2581
117000017,1863,337,1526
117000018,674,844,-170
117000019,819,6,813
117000020,1035,3235,-2200
117000021,4924,1347,3577
117000022,1554,120,1434
117000023,2025,229,1796
117000024,2093,170,1923
117000025,6099,849,5250
117000026,12957,1321,11636
117000027,4961,3517,1444
117000028,7932,2380,5552
117000030,1704,1162,542
117000031,627,353,274
117000032,4981,2405,2576
117000033,3179,2152,1027
117000034,693,702,-9
117000035,461,474,-13
117000036,685,825,-140
117000037,448,480,-32
117000038,652,1224,-572
117000039,656,533,123
117000040,274,1877,-1603
117000041,1079,306,773
117000044,57,1854,-1797
117000045,926,95,831
117000046,993,1155,-162
117000047,1481,969,512
117000048,3938,3226,712
117000049,332,1481,-1149
117000050,291,4271,-3980
117000051,2725,236,2489
117000052,58,878,-820
117000053,506,158,348
117000054,2171,5,2166
117000055,36,6782,-6746
117000056,991,17,974
117000057,1015,4269,-3254
117000060,648,3314,-2666
117000061,3536,2106,1430
117000062,510,991,-481
117000063,3556,1683,1873
117000064,1572,1649,-77
117000066,2609,1660,949
117000067,390,648,-258
117000074,294,576,-282
117000076,126,145,-19
117000077,171,205,-34
117000078,221,1391,-1170
117000079,655,421,234
117000080,4,694,-690
117000081,1906,237,1669
117000082,31,123,-92
117000083,264,12,252
117000084,755,2,753
117000085,300,1106,-806
117000086,1830,1130,700
117000087,141,919,-778
117000088,386,559,-173
117000089,1957,553,1404
117000090,437,2544,-2107
117000091,977,663,314
117000092,624,2842,-2218
117000093,1519,1146,373
117000094,1629,5171,-3542
117000095,4434,1529,2905
117000096,983,4618,-3635
117000097,1660,2154,-494
117000098,4394,9481,-5087
117000099,3892,1988,1904
117000100,229,432,-203
117000101,354,2370,-2016
117000102,2137,1066,1071
117000103,1254,3341,-2087
117000104,1791,1052,739
117000105,1430,3055,-1625
117000106,1688,1566,122
117000107,825,3400,-2575
117000108,2097,1813,284
117000109,3402,4839,-1437
117000110,1994,1495,499
117000111,6382,9454,-3072
117000112,4707,3948,759
117000113,217,581,-364
117000114,312,348,-36
117000115,112,291,-179
117000116,153,551,-398
117000117,4242,1278,2964
117000118,1111,226,885
117000119,972,266,706
117000120,1535,728,807
117000121,381,2324,-1943
117000122,1657,3403,-1746
117000123,5588,55,5533
117000124,1782,110,1672
117000125,2210,164,2046
117000126,195,75,120
117000127,605,742,-137
117000128,955,1521,-566
117000129,1238,104,1134
117000130,247,2,245
117000131,3,106,-103
117000132,3487,43,3444
117000133,1556,284,1272
117000134,0,78,-78
117000135,14,34,-20
117000136,4,62,-58
117000137,143,98,45
117000138,7,1328,-1321
117000140,708,2999,-2291
117000141,2119,1179,940
117000181,1464,442,1022
117000182,494,643,-149
117000195,320,2298,-1978
117000196,275,138,137
117000225,455,15,440
117000226,21,323,-302
117000276,266,26,240
117000277,0,937,-937
117000310,4675,5816,-1141
117000315,97,3234,-3137
117000320,264,0,264
117000906,345,16,329
117000907,15,711,-696
117000908,396,20,376
117000909,234,68,166
117000910,255,253,2
117000911,147,406,-259
117000915,18,1342,-1324
117000916,62,31,31
117000917,1296,45,1251
117000918,123,131,-8
117000919,23,290,-267
117000920,8,2907,-2899
117000921,11,2791,-2780
117000922,105,290,-185
117000924,1333,1019,314
117000926,1701,189,1512
117000927,3559,1092,2467
117000928,0,346,-346
117000929,272,1174,-902
117000930,269,40,229
117000931,629,208,421
117900002,692,933,-241
117900003,1267,1082,185
117900005,30,336,-306
117900006,0,33,-33
117900007,417,319,98
117900008,1,80,-79
117900010,963,182,781
117900011,82,21,61
117900012,140,274,-134
117900013,5,773,-768
117900014,1783,347,1436
117900015,65,294,-229
117900016,3740,1142,2598
117900017,1009,672,337
117900018,574,87,487
117900019,612,680,-68
117900020,135,570,-435
117900021,70,142,-72
117900022,30,29,1
117900023,953,1169,-216
117900024,145,189,-44
117900025,79,23,56
117900026,466,696,-230
117900028,429,20,409
117900029,339,1687,-1348
117900030,696,531,165
117900031,968,204,764
117900032,1215,924,291
117900033,264,1410,-1146
117900034,67,116,-49
117900035,190,95,95
117900036,343,1117,-774
117900037,116,164,-48
117900038,47,708,-661
117900039,6,174,-168
117900040,190,1055,-865
117900041,12,119,-107
117900042,9127,1123,8004
117900043,54,101,-47
117900044,93,7001,-6908
117900045,378,303,75
117900048,305,397,-92
117900049,258,1109,-851
117900050,16,145,-129
117900051,238,12,226
117900052,89,570,-481
117900053,1780,1057,723
117900054,3,62,-59
117900055,254,732,-478
117900056,878,91,787
117900057,1547,2408,-861
117900058,449,46,403
117900059,1280,129,1151
117900060,2351,9300,-6949
117900061,46,674,-628
117900063,630,527,103
117900065,1096,2153,-1057
117900066,25,102,-77
117900067,509,533,-24
117900069,1287,761,526
117900070,735,18,717
117900071,269,326,-57
117900073,564,851,-287
117900074,915,28,887
117900075,223,223,0
117900076,66,80,-14
117900077,382,211,171
117900078,391,931,-540
117900080,779,81,698
117900081,876,929,-53
117900082,435,615,-180
117900083,524,1205,-681
117900086,318,71,247
117900087,221,86,135
117900088,4462,4593,-131
117900089,2357,855,1502
117900090,915,1315,-400
117900091,461,344,117
117900092,108,62,46
117900093,103,146,-43
117900094,58,13,45
117900095,871,892,-21
117900096,117,456,-339
117900097,270,195,75
117900098,52,20,32
117900099,318,621,-303
117900100,246,2,244
117900101,912,2218,-1306
117900102,91,117,-26
117900103,69,0,69
117900104,39,248,-209
117900105,202,528,-326
117900106,140,70,70
117900107,39,0,39
117900109,699,584,115
117900110,88,1,87
117900111,511,26,485
117900112,87,19,68
117900113,11859,3798,8061
117900114,10,0,10
117900115,417,89,328
117900116,1621,2236,-615
117900117,666,631,35
117900118,105,0,105
117900119,121,435,-314
117900120,214,314,-100
117900121,226,41,185
117900122,2710,4287,-1577
117900123,1638,1156,482
117900124,1125,1254,-129
117900125,2327,1900,427
117900126,415,1191,-776
117900127,874,1238,-364
117900128,455,1648,-1193
117900129,103,5,98
117900130,1386,855,531
117900131,3,221,-218
117900132,22,203,-181
117900133,4,212,-208
117900134,76,347,-271
117900135,29,347,-318
117900136,0,91,-91
117900137,101,573,-472
117900138,1,91,-90
117900139,107,242,-135
117900140,10449,602,9847
117900141,1154,434,720
117900142,130,119,11
117900144,284,178,106
117900145,27,93,-66
117900146,954,172,782
117900147,87,126,-39
117900148,7537,1833,5704
117900149,94,281,-187
117900150,80,189,-109
117900151,109,182,-73
117900152,251,172,79
117900153,63,241,-178
117900154,876,1371,-495
117900156,1475,2073,-598
117900157,228,769,-541
117900158,292,211,81
117900160,890,807,83
117900161,4542,4830,-288
117900162,625,856,-231
117900163,383,37,346
117900165,0,29,-29
117900166,175,576,-401
117900168,60,301,-241
117900169,2,220,-218
117900170,3,65,-62
117900171,7,33,-26
117900172,18,67,-49
117900173,257,140,117
117900174,85,82,3
117900175,6,93,-87
117900176,18,130,-112
117900177,24,96,-72
117900178,184,63,121
117900180,498,82,416
117900181,344,451,-107
117900182,3,45,-42
117900183,129,302,-173
117900184,10,100,-90
117900185,34,76,-42
117900186,37,19,18
117900187,29,28,1
117900188,361,71,290
117900189,110,26,84
117900190,22,6,16
117900191,156,11,145
117900192,274,2,272
117900193,45,145,-100
117900194,7,9,-2
117900195,31,82,-51
117900196,24,57,-33
117900207,290,220,70
117900208,72,84,-12
117900209,232,320,-88
117900210,236,435,-199
117900211,20,443,-423
117900212,201,393,-192
117900213,32,20,12
117900214,9,94,-85
117900215,68,50,18
117900216,183,28,155
117900217,269,290,-21
117900218,414,727,-313
117900219,18,134,-116
117900220,499,246,253
117900222,192,452,-260
117900223,163,578,-415
118000001,1992,1205,787
118000002,2770,4717,-1947
118000003,9546,3663,5883
118000004,9022,3558,5464
118000005,9129,8339,790
118000006,11874,20977,-9103
118000007,18929,5356,13573
118000008,14970,7452,7518
118000009,4518,6768,-2250
118000010,7521,7437,84
118000011,1986,5109,-3123
118000012,3130,5319,-2189
118000013,6696,6280,416
118000014,3358,6403,-3045
118000016,333,686,-353
118000017,428,815,-387
118000018,560,868,-308
118000019,4308,2524,1784
118000020,3031,3629,-598
118000021,2737,4691,-1954
118000022,4567,1427,3140
118000023,2328,438,1890
118000024,3533,1841,1692
118000027,28567,20111,8456
118000029,1917,1354,563
118000032,2489,8072,-5583
118000033,5469,7235,-1766
118000034,9872,3892,5980
118000035,2843,4060,-1217
118000036,4762,1832,2930
118000037,2224,1715,509
118000038,318,212,106
118000039,309,1240,-931
118000040,3377,3238,139
118000041,5532,3098,2434
118000045,2088,354,1734
118000046,4810,1177,3633
118000047,9429,1016,8413
118000048,16188,2881,13307
118000051,7535,2268,5267
118000052,6335,1297,5038
118000053,4566,2434,2132
118000054,4641,7604,-2963
118000055,3514,8159,-4645
118000056,404,804,-400
118000057,318,1594,-1276
118000058,15233,2738,12495
118000059,12489,1504,10985
118000060,2922,1275,1647
118000061,1756,3191,-1435
118000062,1031,1036,-5
118000063,1087,1000,87
118000064,2527,2216,311
118000065,10550,5424,5126
118000066,2297,2716,-419
118000067,2973,1514,1459
118000068,5744,8612,-2868
118000069,8602,2798,5804
118000070,14722,4542,10180
118000071,7806,15726,-7920
118000072,8479,1876,6603
118000073,7180,987,6193
118000074,1149,799,350
118000075,1109,608,501
118000076,4964,2762,2202
118000077,3478,2374,1104
118000078,5056,3177,1879
118000079,707,841,-134
118000080,2891,1651,1240
118000081,4261,1743,2518
118000082,686,2083,-1397
118000083,3969,2557,1412
118000084,5432,3281,2151
118000086,739,959,-220
118000087,11245,4599,6646
118000088,4206,3959,247
118000089,7117,4338,2779
118000090,3971,6638,-2667
118000091,3444,5540,-2096
118000092,2287,909,1378
118000093,258,1381,-1123
118000096,1499,1129,370
118000097,2311,1298,1013
118000098,558,420,138
118000099,798,1730,-932
118000101,1389,586,803
118000102,522,2699,-2177
118000107,6331,1072,5259
118000108,1498,5429,-3931
118000110,0,64,-64
118000111,2,1054,-1052
118000112,605,7,598
118000113,10,1866,-1856
118000114,564,17,547
118000115,34,54,-20
118000116,109,1,108
118000117,3664,1843,1821
118000118,3442,1086,2356
118000119,1918,1841,77
118000120,3478,2434,1044
118000121,151,812,-661
118000122,2712,462,2250
118000123,111,404,-293
118000125,4633,2041,2592
118000126,3347,2827,520
118000127,5463,1425,4038
118000128,1823,2045,-222
118000129,2972,776,2196
118000130,5534,8245,-2711
118000131,1630,1985,-355
118000132,3733,2855,878
118000133,2848,818,2030
118000135,1719,779,940
118000136,230,865,-635
118000137,3313,194,3119
118000138,758,1466,-708
118000139,907,291,616
118000140,4830,7729,-2899
118000141,3117,3975,-858
118000142,2688,3748,-1060
118000143,2984,2178,806
118000144,2824,2108,716
118000145,2776,4563,-1787
118000146,1797,2090,-293
118000147,1374,3045,-1671
118000148,589,2618,-2029
118000149,1331,2196,-865
118000150,600,482,118
118000151,537,817,-280
118000153,1770,2426,-656
118000154,1742,3074,-1332
118000155,1633,2742,-1109
118000156,5546,4877,669
118000157,1069,910,159
118000158,378,921,-543
118000159,79,188,-109
118000160,661,849,-188
118000161,613,1531,-918
118000162,1966,1539,427
118000163,1254,1463,-209
118000164,5033,2915,2118
118000168,3201,798,2403
118000169,2076,3009,-933
118000170,7770,12303,-4533
118000171,616,1244,-628
118000172,158,702,-544
118000173,1700,2495,-795
118000175,413,603,-190
118000176,433,769,-336
118000177,395,983,-588
118000178,281,97,184
118000179,2872,2096,776
118000180,1626,1802,-176
118000181,1646,683,963
118000182,487,501,-14
118000183,359,615,-256
118000184,1000,1962,-962
118000185,1842,1584,258
118000186,1287,1676,-389
118000187,1855,1419,436
118000188,1619,494,1125
118000189,1020,1760,-740
118000190,41,29,12
118000191,65,79,-14
118000192,206,289,-83
118000193,194,887,-693
118000194,5944,2736,3208
118000195,3681,1415,2266
118000196,2630,299,2331
118000197,1130,215,915
118000198,1710,1256,454
118000199,3508,879,2629
118000200,272,506,-234
118000201,1816,981,835
118000202,163,140,23
118000203,3810,838,2972
118000204,589,548,41
118000205,563,632,-69
118000206,586,339,247
118000207,1,242,-241
118000208,2093,3341,-1248
118000209,2696,3298,-602
118000210,89,91,-2
118000211,46,71,-25
118000213,4226,2233,1993
118000214,1531,1379,152
118000215,577,1328,-751
118000216,3587,11333,-7746
118000217,48,213,-165
118000218,110,209,-99
118000219,1202,1069,133
118000220,10,46,-36
118000221,229,634,-405
118000222,173,28,145
118000223,54,68,-14
118000224,782,204,578
118000225,330,1776,-1446
118000226,3894,338,3556
118000227,1595,780,815
118000228,330,428,-98
118000229,1064,133,931
118000230,225,455,-230
118000231,136,357,-221
118000232,1219,1839,-620
118000233,1295,1561,-266
118000234,652,546,106
118000236,1092,709,383
118000237,137,945,-808
118000238,536,520,16
118000239,567,653,-86
118000240,890,228,662
118000241,377,662,-285
118000242,630,1348,-718
118000243,367,391,-24
118000244,55,275,-220
118000246,0,14,-14
118000255,95,502,-407
118000256,151,521,-370
118000259,10,142,-132
118000260,510,289,221
118000261,51,227,-176
118000263,195,415,-220
118000266,173,809,-636
118000267,1,114,-113
118000268,1922,7,1915
118000270,100,65,35
118000271,219,660,-441
118000272,215,56,159
118000273,172,185,-13
118000274,158,644,-486
118000276,608,575,33
118000295,9,148,-139
118000298,273,829,-556
118000299,125,314,-189
118000301,0,157,-157
118000302,191,172,19
118000311,457,221,236
118000312,374,373,1
118000313,98,343,-245
118000314,117,153,-36
118000315,100,144,-44
118000316,1057,1135,-78
118000325,59,158,-99
118000326,44,87,-43
118000331,38,137,-99
118000332,28,105,-77
118000333,67,180,-113
118000335,371,3,368
118000336,2,615,-613
118000407,234,170,64
118000457,12,53,-41
118000465,5193,8663,-3470
118000480,78,294,-216
118000489,48,734,-686
118000490,49,917,-868
118000492,267,359,-92
118000510,210,38,172
118000514,305,789,-484
118000515,1678,1476,202
118000517,885,480,405
118000524,1544,327,1217
118000525,1605,1592,13
118000530,42,299,-257
118000531,343,532,-189
118000532,440,527,-87
118000533,835,299,536
118000534,1259,771,488
118000535,313,235,78
118000536,1494,3074,-1580
118000537,185,227,-42
118000538,75,335,-260
118000539,57,353,-296
118000540,757,489,268
118000541,932,157,775
118000542,317,397,-80
118000543,1030,416,614
118000546,39,61,-22
118000560,5938,2870,3068
118000562,39,710,-671
118000563,4587,2920,1667
118000576,228,358,-130
118000577,340,209,131
118000578,222,222,0
118000579,1261,2212,-951
118000595,262,162,100
118000596,0,96,-96
118000597,112,172,-60
118000598,36,2,34
118000599,51,110,-59
118000600,0,93,-93
118000601,10,1,9
118000602,0,82,-82
118000603,0,82,-82
118900001,2129,2668,-539
118900002,1931,1788,143
118900003,329,72,257
118900004,163,134,29
118900005,123,4,119
118900006,191,5,186
118900007,16,6,10
118900008,2247,88,2159
118900009,48,48,0
118900010,59,12,47
118900011,302,83,219
118900012,714,486,228
118900013,1080,150,930
118900015,343,109,234
118900016,6,54,-48
118900017,345,351,-6
118900018,2013,42,1971
118900019,41,32,9
118900020,376,198,178
118900021,331,686,-355
118900022,179,133,46
118900023,454,233,221
118900024,192,322,-130
118900025,218,45,173
118900026,93,120,-27
118900027,1007,647,360
118900028,252,332,-80
118900029,482,754,-272
118900030,446,206,240
118900031,213,227,-14
118900032,459,349,110
118900033,1721,1048,673
118900034,338,44,294
118900035,201,410,-209
118900036,1377,1470,-93
118900037,1265,443,822
118900038,508,468,40
118900039,735,396,339
118900040,291,363,-72
118900041,927,370,557
118900042,260,205,55
118900045,399,332,67
118900046,1606,434,1172
118900047,1465,540,925
118900048,1590,245,1345
118900049,130,78,52
118900050,13,248,-235
118900051,121,101,20
118900052,875,382,493
118900053,67,177,-110
118900054,183,182,1
118900055,103,200,-97
118900056,62,475,-413
118900057,1041,607,434
118900058,1153,598,555
118900059,54,205,-151
118900060,52,210,-158
118900062,242,316,-74
118900064,1002,1178,-176
118900065,68,479,-411
118900066,197,224,-27
118900067,8982,5586,3396
118900068,17,1399,-1382
118900069,567,577,-10
118900071,9,94,-85
118900072,801,950,-149
118900073,105,265,-160
118900074,204,374,-170
118900075,83,190,-107
118900076,1011,130,881
118900077,412,361,51
118900078,39,10,29
118900079,107,401,-294
118900080,21,189,-168
118900081,131,70,61
118900082,1152,266,886
118900083,25,16,9
118900084,27,36,-9
118900085,987,1827,-840
118900086,34,219,-185
118900087,54,404,-350
118900088,0,31,-31
118900089,97,37,60
118900090,867,858,9
118900091,316,512,-196
118900092,143,169,-26
118900093,236,28,208
118900096,62,25,37
118900097,255,1277,-1022
118900099,79,645,-566
118900100,246,404,-158
118900101,119,1329,-1210
118900102,112,141,-29
118900103,83,242,-159
118900104,243,391,-148
118900105,399,216,183
118900107,325,220,105
118900108,107,188,-81
118900110,2896,1470,1426
118900111,739,1129,-390
118900112,206,261,-55
118900113,230,1279,-1049
118900114,75,169,-94
118900115,198,906,-708
118900116,155,324,-169
118900117,137,301,-164
118900118,294,831,-537
118900119,230,448,-218
118900120,193,543,-350
118900121,22,425,-403
118900122,24,1652,-1628
118900123,217,443,-226
118900124,222,388,-166
118900126,74,567,-493
118900129,596,380,216
118900130,89,277,-188
118900131,201,508,-307
118900132,1519,371,1148
118900133,30,170,-140
118900135,351,397,-46
118900136,355,1251,-896
118900137,22,45,-23
118900139,451,1129,-678
118900140,728,1238,-510
118900141,123,424,-301
118900144,357,903,-546
118900145,57,347,-290
118900146,472,1465,-993
118900147,1014,260,754
118900148,108,151,-43
118900150,265,979,-714
118900152,735,1679,-944
118900157,277,366,-89
118900158,103,169,-66
118900159,5,401,-396
118900161,349,9,340
118900163,413,98,315
118900164,15,212,-197
118900165,104,479,-375
118900166,34,5,29
118900167,175,231,-56
118900168,8,192,-184
118900169,226,883,-657
118900170,204,266,-62
118900171,29,45,-16
118900174,98,134,-36
118900175,576,754,-178
118900176,164,354,-190
118900177,48,132,-84
118900178,76,254,-178
118900179,5,68,-63
118900181,180,221,-41
118900182,266,72,194
118900183,33,223,-190
118900184,396,169,227
118900185,127,291,-164
118900186,142,161,-19
118900187,344,690,-346
118900188,450,500,-50
118900189,63,1464,-1401
118900190,34,945,-911
118900191,240,128,112
118900192,257,51,206
118900193,740,22,718
118900195,590,1760,-1170
118900196,35,327,-292
118900197,213,144,69
118900198,30,61,-31
118900199,95,90,5
118900200,34,36,-2
118900201,39,44,-5
118900202,29,97,-68
118900203,14,75,-61
118900204,25,68,-43
118900205,12,14,-2
118900206,10,47,-37
119000001,2168,3217,-1049
119000002,5131,6605,-1474
119000003,3169,2775,394
119000004,4942,3201,1741
119000005,5466,4584,882
119000006,3607,2925,682
119000007,5870,6221,-351
119000008,3690,3759,-69
119000009,6047,6328,-281
119000010,13367,6399,6968
119000011,10117,5134,4983
119000012,7769,5790,1979
119000013,3463,2344,1119
119000014,5229,6368,-1139
119000019,530,393,137
119000020,3050,2756,294
119000021,5721,4381,1340
119000022,7522,5484,2038
119000023,800,485,315
119000024,4382,15390,-11008
119000025,25059,2366,22693
119000026,384,545,-161
119000027,1283,869,414
119000028,3999,3237,762
119000029,211,561,-350
119000030,924,2693,-1769
119000031,1168,1175,-7
119000032,3278,4557,-1279
119000033,3563,3778,-215
119000034,1639,1789,-150
119000035,66,684,-618
119000036,2061,1943,118
119000037,1570,3743,-2173
119000038,257,2176,-1919
119000039,412,607,-195
119000040,2429,1153,1276
119000041,1945,2406,-461
119000048,5538,5870,-332
119000049,2700,5528,-2828
119000050,3263,5571,-2308
119000051,3893,1786,2107
119000052,3798,6351,-2553
119000053,2744,1942,802
119000054,4201,7501,-3300
119000055,4459,6097,-1638
119000056,2875,3519,-644
119000057,2107,4749,-2642
119000058,3109,4294,-1185
119000059,1889,3516,-1627
119000060,2218,1724,494
119000061,1524,1509,15
119000062,1568,2182,-614
119000063,597,619,-22
119000064,2832,3009,-177
119000065,2975,5251,-2276
119000066,3182,1705,1477
119000067,2834,4518,-1684
119000068,2077,1910,167
119000069,2291,5423,-3132
119000070,2803,1829,974
119000071,822,1611,-789
119000072,12592,6088,6504
119000073,8797,10753,-1956
119000074,1615,6079,-4464
119000075,1920,4418,-2498
119000076,631,1409,-778
119000077,1268,870,398
119000078,589,357,232
119000079,220,1072,-852
119000080,374,391,-17
119000081,433,706,-273
119000082,1271,488,783
119000083,698,604,94
119000084,427,945,-518
119000085,1024,596,428
119000086,359,673,-314
119000087,2664,1699,965
119000088,346,302,44
119000089,105,284,-179
119000090,191,291,-100
119000091,199,577,-378
119000092,935,417,518
119000093,7588,6144,1444
119000094,3484,14481,-10997
119000095,2054,5484,-3430
119000097,5296,3132,2164
119000098,1165,3559,-2394
119000099,3603,4088,-485
119000100,5041,3568,1473
119000101,5170,3242,1928
119000102,1237,1550,-313
119000103,2242,822,1420
119000104,5856,2678,3178
119000105,1762,2483,-721
119000106,478,3671,-3193
119000107,1012,855,157
119000108,565,2064,-1499
119000109,355,556,-201
119000110,1180,612,568
119000111,103,981,-878
119000112,277,132,145
119000113,3600,419,3181
119000114,1396,1820,-424
119000115,277,498,-221
119000116,240,224,16
119000117,274,651,-377
119000118,1,7,-6
119000123,11984,1355,10629
119000124,987,388,599
119000125,3785,1806,1979
119000126,625,1532,-907
119000127,711,1472,-761
119000128,41,5,36
119000131,1284,1672,-388
119000132,7,16,-9
119000133,9,16,-7
119000134,5935,1121,4814
119000135,281,310,-29
119000136,247,364,-117
119000137,258,884,-626
119000138,437,615,-178
119000139,374,526,-152
119000140,249,474,-225
119000284,2076,5730,-3654
119000285,4287,4390,-103
119000286,10575,10124,451
119000287,2309,4280,-1971
119000288,4342,2779,1563
119000289,6109,7109,-1000
119000290,311,1299,-988
119000291,13,693,-680
119000293,141,378,-237
119000294,39,51,-12
119000295,4592,1204,3388
119000296,203,220,-17
119000302,6157,2439,3718
119000303,85,464,-379
119000314,2477,13433,-10956
119000315,4,951,-947
119000316,110,226,-116
119000317,90,763,-673
119900001,404,1616,-1212
119900002,324,547,-223
119900003,97,2128,-2031
119900004,659,1099,-440
119900005,273,228,45
119900006,385,648,-263
119900007,1371,226,1145
119900008,209,55,154
119900009,767,842,-75
119900010,2734,1625,1109
119900011,32,112,-80
119900012,38,145,-107
119900013,2613,1223,1390
119900014,1017,372,645
119900015,134,47,87
119900016,64,226,-162
119900017,19,75,-56
119900018,2921,1105,1816
119900019,80,11,69
119900020,199,272,-73
119900021,280,180,100
119900022,274,777,-503
119900023,1801,1641,160
119900025,181,59,122
119900026,1702,219,1483
119900027,43,49,-6
119900028,229,138,91
119900029,0,13,-13
119900030,707,835,-128
119900031,77,408,-331
119900033,2745,420,2325
119900034,336,253,83
119900037,247,106,141
119900038,98,445,-347
119900039,68,13,55
119900040,98,24,74
119900041,176,78,98
119900042,143,333,-190
119900043,91,363,-272
119900044,432,1066,-634
119900046,160,111,49
119900047,362,82,280
119900048,34,74,-40
119900049,178,28,150
119900050,133,182,-49
119900051,597,8,589
119900052,47,83,-36
119900053,161,386,-225
119900054,133,15,118
119900055,1799,707,1092
119900057,284,174,110
119900058,262,11,251
119900059,327,74,253
119900060,299,30,269
119900062,74,47,27
119900063,33,97,-64
119900064,506,121,385
119900065,334,6,328
119900066,7,1,6
119900067,123,55,68
119900068,490,4,486
119900069,163,33,130
119900070,1001,5,996
119900071,780,25,755
119900073,3354,968,2386
119900074,162,43,119
119900075,11209,4044,7165
119900076,726,811,-85
119900077,955,2291,-1336
119900078,534,1712,-1178
119900079,270,523,-253
119900080,1957,2340,-383
119900081,875,710,165
119900082,1698,580,1118
119900083,550,168,382
119900084,2120,517,1603
119900085,336,146,190
119900087,2932,643,2289
119900088,61,155,-94
119900089,55,912,-857
119900090,357,147,210
119900091,90,2272,-2182
119900092,108,902,-794
119900093,1995,490,1505
119900094,60,384,-324
119900095,406,181,225
119900096,104,210,-106
119900097,1108,359,749
119900098,102,133,-31
119900099,46,571,-525
119900100,4352,3819,533
119900101,323,2112,-1789
119900102,50,612,-562
119900103,47,1054,-1007
119900104,58,507,-449
119900105,2011,2783,-772
119900106,55,418,-363
119900107,662,6694,-6032
119900108,4291,1389,2902
119900109,49,615,-566
119900110,778,1822,-1044
119900111,97,643,-546
119900112,5403,1235,4168
119900113,169,737,-568
119900114,391,3628,-3237
119900115,310,2065,-1755
119900116,216,805,-589
119900117,428,2043,-1615
119900118,86,2007,-1921
119900119,383,459,-76
119900120,1071,1455,-384
119900121,402,2675,-2273
119900122,741,706,35
119900123,385,511,-126
119900124,291,2033,-1742
119900125,70,852,-782
119900126,11853,703,11150
119900127,4665,1741,2924
119900128,550,1689,-1139
119900129,359,1751,-1392
119900130,55,683,-628
119900131,69,673,-604
119900132,7,741,-734
119900133,48,108,-60
119900134,4839,596,4243
119900135,6,1071,-1065
119900136,279,932,-653
119900138,655,1514,-859
119900139,67,215,-148
119900140,2,328,-326
119900141,290,1282,-992
119900142,39,62,-23
119900143,26,405,-379
119900144,4566,553,4013
119900145,188,416,-228
119900146,317,483,-166
119900147,5,314,-309
119900148,225,90,135
119900149,4097,5373,-1276
119900150,297,371,-74
119900151,4349,1832,2517
119900152,110,1045,-935
119900153,223,119,104
119900154,113,537,-424
119900155,74,70,4
119900156,16,8,8
119900157,224,533,-309
119900158,229,132,97
119900159,9,2763,-2754
119900160,48,456,-408
119900161,294,714,-420
119900162,1321,1546,-225
119900163,263,277,-14
119900164,0,2,-2
119900165,160,473,-313
119900166,132,42,90
119900167,224,313,-89
119900168,985,831,154
119900169,222,997,-775
119900170,364,337,27
119900171,1301,1004,297
119900172,253,44,209
119900173,13,821,-808
119900174,31,509,-478
119900175,1414,1173,241
119900177,67,367,-300
119900178,24,390,-366
119900179,119,349,-230
119900180,1409,1272,137
119900181,76,152,-76
119900182,5,1142,-1137
119900183,217,1513,-1296
119900184,6337,1241,5096
119900185,66,238,-172
119900186,295,1062,-767
119900187,29,1332,-1303
119900188,118,482,-364
119900189,755,478,277
119900190,91,330,-239
119900191,752,227,525
119900192,93,377,-284
119900193,474,408,66
119900194,28,91,-63
119900195,69,579,-510
119900196,3186,828,2358
119900197,486,183,303
119900198,197,794,-597
119900199,261,48,213
119900200,733,980,-247
119900201,594,466,128
119900202,308,288,20
119900203,276,630,-354
119900204,398,612,-214
119900205,731,1268,-537
119900206,161,299,-138
119900208,320,348,-28
119900209,832,1737,-905
119900210,34,68,-34
119900211,181,30,151
119900212,206,573,-367
119900213,7,91,-84
119900214,34,164,-130
119900215,61,144,-83
119900216,11,171,-160
119900217,26,123,-97
119900218,61,149,-88
119900219,6,224,-218
119900220,3,206,-203
119900221,65,649,-584
119900222,43,521,-478
119900223,37,239,-202
119900224,31,62,-31
119900225,2086,123,1963
119900226,1504,2859,-1355
119900227,2288,881,1407
119900228,215,577,-362
119900229,459,1075,-616
119900230,3049,1240,1809
119900231,299,351,-52
119900232,368,177,191
119900233,112,8,104
119900234,44,144,-100
119900235,108,138,-30
119900236,27,463,-436
119900237,141,1330,-1189
119900238,4,165,-161
119900240,140,219,-79
119900241,268,496,-228
119900242,3815,6108,-2293
119900244,1729,2583,-854
119900245,297,356,-59
119900246,555,826,-271
119900247,44,127,-83
119900248,126,180,-54
119900249,231,174,57
119900253,7877,832,7045
119900254,92,779,-687
119900255,135,890,-755
119900256,625,2053,-1428
119900257,123,6,117
119900258,175,76,99
119900259,12,329,-317
119900260,185,3,182
119900261,307,457,-150
119900262,3,514,-511
119900263,1765,690,1075
119900264,118,436,-318
119900265,665,719,-54
119900266,421,730,-309
119900267,483,933,-450
119900268,216,406,-190
119900269,1479,2873,-1394
119900271,76,192,-116
119900272,872,141,731
119900275,264,26,238
119900276,42,3,39
119900277,9,6,3
119900278,778,181,597
119900279,248,884,-636
119900280,1827,418,1409
119900281,1,220,-219
119900282,105,61,44
119900283,26,613,-587
119900284,84,408,-324
119900285,404,360,44
119900286,213,195,18
119900288,12,80,-68
119900289,2,77,-75
119900290,2,61,-59
119900291,2,97,-95
119900292,38,39,-1
119900293,26,9,17
119900294,22,1,21
119900295,11,1,10
119900296,126,58,68
119900299,98,425,-327
119900300,379,482,-103
119900301,687,100,587
119900302,352,256,96
119900303,367,469,-102
119900304,289,74,215
119900305,28,195,-167
119900306,22,6,16
119900307,72,393,-321
119900308,6,45,-39
119900309,49,161,-112
119900310,573,607,-34
119900311,65,375,-310
119900312,183,166,17
119900313,357,778,-421
119900314,202,597,-395
119900315,1548,4844,-3296
119900318,18,49,-31
119900319,27,689,-662
119900320,306,1214,-908
119900321,118,10,108
119900322,106,104,2
119900323,12,174,-162
119900324,2,64,-62
119900325,9,526,-517
119900326,7,27,-20
120000001,19123,23218,-4095
120000002,3468,5704,-2236
120000003,5177,2942,2235
120000004,4288,3795,493
120000005,7745,3404,4341
120000006,2047,2141,-94
120000007,6305,4302,2003
120000008,1549,2590,-1041
120000009,7761,1560,6201
120000010,2290,5415,-3125
120000011,1784,4053,-2269
120000012,2274,5349,-3075
120000013,3546,4878,-1332
120000014,1002,3133,-2131
120000015,4310,2942,1368
120000016,5560,4885,675
120000017,4343,4483,-140
120000018,8748,16522,-7774
120000019,1408,2368,-960
120000020,5374,5064,310
120000021,3046,3756,-710
120000022,4354,5954,-1600
120000023,1259,2877,-1618
120000024,2294,3665,-1371
120000025,3222,3964,-742
120000026,2047,3245,-1198
120000027,2173,3041,-868
120000028,1983,1012,971
120000029,10457,1285,9172
120000030,643,2336,-1693
120000031,3725,20418,-16693
120000032,18208,6395,11813
120000033,6247,3751,2496
120000034,2612,4402,-1790
120000035,2892,4696,-1804
120000036,4540,8724,-4184
120000037,994,2599,-1605
120000038,17883,5896,11987
120000039,862,1550,-688
120000040,220,305,-85
120000041,1762,3073,-1311
120000042,3129,6088,-2959
120000043,7606,5078,2528
120000044,5974,2401,3573
120000045,6122,1705,4417
120000046,3050,4184,-1134
120000047,3850,6780,-2930
120000048,15503,6756,8747
120000049,9010,5184,3826
120000050,9755,9439,316
120000051,5995,10307,-4312
120000052,22582,4579,18003
120000053,1369,6332,-4963
120000054,1897,10548,-8651
120000055,2303,9512,-7209
120000056,5095,7942,-2847
120000057,3699,1252,2447
120000058,2796,512,2284
120000059,115,1824,-1709
120000061,262,1069,-807
120000062,319,593,-274
120000063,3113,5063,-1950
120000064,356,2672,-2316
120000065,1045,3223,-2178
120000066,291,835,-544
120000067,118,957,-839
120000068,282,1870,-1588
120000069,1054,2729,-1675
120000070,82,1638,-1556
120000071,464,362,102
120000072,675,824,-149
120000073,872,237,635
120000074,256,122,134
120000075,782,379,403
120000076,2498,700,1798
120000077,2117,951,1166
120000078,5516,1529,3987
120000079,361,231,130
120000080,143,325,-182
120000081,637,225,412
120000082,278,317,-39
120000083,158,720,-562
120000084,810,919,-109
120000085,494,668,-174
120000086,496,1055,-559
120000087,264,1810,-1546
120000088,1031,2503,-1472
120000089,1710,1333,377
120000090,978,995,-17
120000091,1077,1995,-918
120000092,2062,1285,777
120000093,523,957,-434
120000094,177,1092,-915
120000095,1491,1108,383
120000096,373,1915,-1542
120000098,1250,1966,-716
120000099,685,1276,-591
120000100,1045,1482,-437
120000101,754,800,-46
120000102,760,1277,-517
120000103,1609,981,628
120000104,2203,621,1582
120000105,3647,843,2804
120000106,2493,773,1720
120000107,3992,968,3024
120000108,1233,209,1024
120000109,1612,157,1455
120000110,144,1717,-1573
120000111,176,2285,-2109
120000112,1166,6983,-5817
120000113,871,5397,-4526
120000114,1257,5880,-4623
120000115,480,4852,-4372
120000116,1034,3743,-2709
120000117,2406,2960,-554
120000118,107,64,43
120000119,76,166,-90
120000120,101,123,-22
120000121,57,143,-86
120000122,577,624,-47
120000123,11382,8465,2917
120000124,607,965,-358
120000125,758,1908,-1150
120000126,754,1523,-769
120000127,4872,1907,2965
120000128,11418,4903,6515
120000129,592,616,-24
120000130,1370,1393,-23
120000131,430,866,-436
120000134,635,2392,-1757
120000135,497,464,33
120000137,350,3991,-3641
120000138,920,903,17
120000139,345,1955,-1610
120000140,790,1225,-435
120000141,358,913,-555
120000142,512,1013,-501
120000143,1,209,-208
120000144,123,4,119
120000145,387,2,385
120000146,5610,2105,3505
120000149,876,1939,-1063
120000150,8406,14111,-5705
120000151,576,1001,-425
120000152,672,546,126
120000153,402,1820,-1418
120000154,798,875,-77
120000155,159,493,-334
120000156,3250,1453,1797
120000157,1426,1242,184
120000158,1386,2030,-644
120000159,2730,4100,-1370
120000160,3313,2581,732
120000161,3433,5810,-2377
120000162,320,522,-202
120000163,793,2428,-1635
120000164,583,739,-156
120000165,607,1791,-1184
120000166,1390,1137,253
120000167,99,143,-44
120000168,38,527,-489
120000169,271,1005,-734
120000170,397,551,-154
120000171,122,147,-25
120000172,120,61,59
120000173,7087,550,6537
120000174,1142,25,1117
120000175,2413,52,2361
120000176,1164,67,1097
120000177,3455,534,2921
120000178,240,30,210
120000179,1077,125,952
120000180,1189,226,963
120000181,373,779,-406
120000182,327,304,23
120000183,25,294,-269
120000184,321,1605,-1284
120000186,209,188,21
120000187,228,105,123
120000188,1645,161,1484
120000190,3689,52,3637
120000191,3695,85,3610
120000192,2071,52,2019
120000193,809,32,777
120000195,94,9,85
120000196,432,177,255
120000197,143,618,-475
120000198,303,247,56
120000199,146,3,143
120000200,178,4,174
120000201,12,47,-35
120000202,5,116,-111
120000203,38,537,-499
120000207,2,151,-149
120000208,19,464,-445
120000209,13,173,-160
120000210,241,172,69
120000211,109,4,105
120000212,154,4,150
120000213,97,592,-495
120000214,1,623,-622
120000215,3,262,-259
120000216,59,15,44
120000217,1370,2080,-710
120000218,351,1617,-1266
120000219,11,1000,-989
120000220,20,3496,-3476
120000225,1327,1,1326
120000226,357,6,351
120000227,978,56,922
120000228,10470,4385,6085
120000230,427,23,404
120000231,1533,4356,-2823
120000233,449,138,311
120000235,227,1299,-1072
120000236,1441,116,1325
120000237,10,3598,-3588
120000238,1,416,-415
120000241,1886,6936,-5050
120000412,3296,19,3277
120000413,410,827,-417
120000414,109,1,108
120000415,4,335,-331
120000416,123,10,113
120000417,7,218,-211
120000418,147,52,95
120000419,22,856,-834
120000420,92,80,12
120000421,24499,9849,14650
120000422,378,1152,-774
120000423,8,91,-83
120000424,104,277,-173
120000436,191,830,-639
120000437,210,303,-93
120000438,8515,991,7524
120000439,218,578,-360
120000443,225,4,221
120000444,1523,1396,127
120000445,2758,2230,528
120000446,1961,536,1425
120000447,224,11,213
120000449,118,29,89
120000450,10,608,-598
120000451,135,495,-360
120000452,130,1,129
120000453,2,1015,-1013
120000454,175,76,99
120000455,114,114,0
120000456,5113,5807,-694
120000457,3023,1481,1542
120000458,911,1164,-253
120000459,112,196,-84
120000665,4497,422,4075
120000668,260,576,-316
120000669,100,582,-482
120000670,442,715,-273
120000671,2798,721,2077
120000672,184,744,-560
120900001,61,67,-6
120900002,1874,834,1040
120900003,637,82,555
120900004,16,127,-111
120900005,35,2852,-2817
120900006,333,348,-15
120900007,179,342,-163
120900008,654,2579,-1925
120900009,455,53,402
120900010,490,115,375
120900011,818,278,540
120900012,1908,1650,258
120900013,411,112,299
120900014,8,1599,-1591
120900015,715,200,515
120900016,877,97,780
120900017,5812,199,5613
120900018,128,1021,-893
120900019,943,284,659
120900020,1490,1613,-123
120900021,737,209,528
120900022,68,899,-831
120900023,204,56,148
120900024,2631,697,1934
120900025,3296,1829,1467
120900026,394,510,-116
120900027,1815,153,1662
120900028,357,111,246
120900029,312,523,-211
120900030,1644,1024,620
120900031,301,115,186
120900032,1069,253,816
120900033,1218,103,1115
120900034,39,3831,-3792
120900035,81,397,-316
120900037,284,10,274
120900038,81,290,-209
120900039,121,65,56
120900040,336,68,268
120900041,278,85,193
120900042,441,105,336
120900043,50,38,12
120900044,31,1037,-1006
120900045,238,405,-167
120900046,333,7,326
120900047,199,93,106
120900048,99,33,66
120900049,369,3,366
120900050,7181,2412,4769
120900051,357,212,145
120900052,624,8,616
120900053,300,180,120
120900054,2379,1550,829
120900055,341,2,339
120900056,519,36,483
120900057,156,36,120
120900058,524,5,519
120900059,68,4,64
120900060,132,71,61
120900061,338,1021,-683
120900062,218,2,216
120900063,568,7,561
120900064,527,0,527
120900065,473,18,455
120900066,499,633,-134
120900067,304,73,231
120900068,261,0,261
120900069,226,126,100
120900071,65,12,53
120900072,667,7,660
120900073,489,485,4
120900074,803,20,783
120900076,388,3,385
120900077,8407,568,7839
120900078,792,1186,-394
120900079,734,218,516
120900080,640,3563,-2923
120900081,1316,1851,-535
120900082,1071,580,491
120900083,83,3,80
120900084,397,552,-155
120900085,233,257,-24
120900086,309,315,-6
120900087,503,287,216
120900088,402,531,-129
120900089,7986,3026,4960
120900090,187,504,-317
120900091,843,738,105
120900092,1706,1237,469
120900093,6624,547,6077
120900094,886,406,480
120900095,867,79,788
120900096,104,535,-431
120900097,1132,1688,-556
120900098,411,333,78
120900099,79,108,-29
120900100,132,614,-482
120900101,999,544,455
120900102,42,308,-266
120900103,82,321,-239
120900104,46,83,-37
120900105,55,1300,-1245
120900106,2134,1091,1043
120900107,538,319,219
120900108,10,1492,-1482
120900109,34,1265,-1231
120900110,28,2110,-2082
120900111,317,721,-404
120900112,18,2404,-2386
120900113,26,1667,-1641
120900114,57,310,-253
120900115,288,376,-88
120900116,473,1254,-781
120900117,6,1215,-1209
120900118,32,1573,-1541
120900119,5226,12785,-7559
120900120,111,1215,-1104
120900121,201,814,-613
120900122,538,1374,-836
120900123,11,961,-950
120900124,5,1187,-1182
120900125,12,2282,-2270
120900126,2334,1737,597
120900127,20,899,-879
120900128,1323,1950,-627
120900129,102,622,-520
120900130,63,936,-873
120900131,39,228,-189
120900132,970,766,204
120900133,291,2170,-1879
120900134,976,762,214
120900135,11,1179,-1168
120900136,89,222,-133
120900137,325,191,134
120900138,35,368,-333
120900139,4,1305,-1301
120900140,3,128,-125
120900141,437,279,158
120900142,23,1563,-1540
120900143,6,1509,-1503
120900144,2,318,-316
120900145,167,1329,-1162
120900146,11,1782,-1771
120900147,26,832,-806
120900148,231,333,-102
120900149,0,634,-634
120900150,48,969,-921
120900151,4,1183,-1179
120900152,48,81,-33
120900153,24,118,-94
120900154,1,589,-588
120900155,202,1861,-1659
120900156,49,494,-445
120900157,131,254,-123
120900158,68,787,-719
120900159,89,327,-238
120900160,44,812,-768
120900161,52,1090,-1038
120900162,24,1089,-1065
120900163,31,483,-452
120900164,0,3,-3
120900165,2,15,-13
120900166,710,557,153
120900167,1080,232,848
120900169,76,1089,-1013
120900170,4698,3020,1678
120900171,1897,741,1156
120900172,3644,537,3107
120900173,1,117,-116
120900174,10,246,-236
120900175,429,575,-146
120900176,28,590,-562
120900177,4,1566,-1562
120900178,1,734,-733
120900179,1475,868,607
120900180,373,179,194
120900181,238,133,105
120900182,34,1764,-1730
120900183,448,333,115
120900184,195,203,-8
120900185,9,737,-728
120900186,2,836,-834
120900187,799,1540,-741
120900188,180,49,131
120900189,474,1234,-760
120900190,69,63,6
120900191,5,81,-76
120900192,23485,6865,16620
120900194,65,159,-94
120900195,220,452,-232
120900196,1281,65,1216
120900197,711,159,552
120900198,365,1067,-702
120900199,629,3193,-2564
120900200,186,245,-59
120900201,917,213,704
120900202,3,418,-415
120900203,55,127,-72
120900204,183,577,-394
120900205,93,180,-87
120900206,23,85,-62
121000001,2869,2056,813
121000002,10181,4934,5247
121000003,6857,3914,2943
121000004,6824,17471,-10647
121000005,4488,5976,-1488
121000006,8134,3558,4576
121000007,7830,4812,3018
121000008,19890,8204,11686
121000009,14365,11862,2503
121000010,22699,16958,5741
121000011,16865,27586,-10721
121000012,30518,24806,5712
121000013,9489,15297,-5808
121000014,12532,16022,-3490
121000015,12972,13355,-383
121000016,9563,10576,-1013
121000017,3821,6928,-3107
121000018,4158,3481,677
121000019,31891,18948,12943
121000020,20820,21278,-458
121000021,5459,5813,-354
121000022,3518,3478,40
121000023,6624,5928,696
121000024,6072,7090,-1018
121000025,1663,3294,-1631
121000026,715,398,317
121000027,3306,2092,1214
121000028,2003,920,1083
121000029,2124,1420,704
121000030,1354,835,519
121000031,1971,1158,813
121000032,439,120,319
121000034,2375,354,2021
121000035,1126,160,966
121000036,3854,2016,1838
121000037,2022,963,1059
121000038,1755,1676,79
121000039,1606,1152,454
121000041,1127,891,236
121000042,527,574,-47
121000043,2022,1464,558
121000044,4877,1716,3161
121000045,866,619,247
121000046,1126,1695,-569
121000047,203,155,48
121000049,4322,1149,3173
121000050,750,2225,-1475
121000051,1813,563,1250
121000052,740,1209,-469
121000053,1125,176,949
121000054,97,687,-590
121000055,3327,2165,1162
121000056,1679,2048,-369
121000057,568,860,-292
121000058,613,240,373
121000059,4510,2690,1820
121000060,856,1573,-717
121000061,1151,427,724
121000062,393,536,-143
121000063,1558,993,565
121000064,1542,1678,-136
121000065,1462,728,734
121000066,1328,907,421
121000067,2293,732,1561
121000068,1598,637,961
121000069,2197,1014,1183
121000070,4754,2048,2706
121000071,3001,2516,485
121000072,3132,1391,1741
121000073,4693,1437,3256
121000074,355,223,132
121000075,193,394,-201
121000076,2764,822,1942
121000077,355,376,-21
121000078,245,192,53
121000080,4821,1376,3445
121000081,7049,8349,-1300
121000082,261,412,-151
121000083,664,243,421
121000084,535,225,310
121000085,553,979,-426
121000086,252,1368,-1116
121000087,155,399,-244
121000088,743,1614,-871
121000089,924,589,335
121000090,1282,733,549
121000091,3052,1894,1158
121000092,330,149,181
121000093,204,398,-194
121000094,735,1506,-771
121000095,669,855,-186
121000096,3449,5278,-1829
121000097,2420,3534,-1114
121000098,683,2046,-1363
121000099,742,1363,-621
121000100,1244,868,376
121000101,489,451,38
121000102,351,563,-212
121000103,314,437,-123
121000104,425,344,81
121000105,620,437,183
121000106,414,656,-242
121000107,5425,6797,-1372
121000109,3111,2065,1046
121000110,675,1383,-708
121000114,6510,3406,3104
121000115,2208,1368,840
121000116,602,1978,-1376
121000117,1534,483,1051
121000118,2315,537,1778
121000119,558,752,-194
121000120,421,727,-306
121000121,990,1816,-826
121000123,3073,995,2078
121000126,203,658,-455
121000127,763,160,603
121000128,1316,853,463
121000129,1202,937,265
121000130,736,1812,-1076
121000131,3660,2900,760
121000132,2381,2398,-17
121000135,789,1273,-484
121000136,3068,785,2283
121000137,778,505,273
121000138,2344,1669,675
121000139,1242,273,969
121000141,784,282,502
121000142,1741,1050,691
121000143,144,41,103
121000144,1657,3373,-1716
121000145,1214,1967,-753
121000146,2832,1739,1093
121000147,1671,1038,633
121000148,1999,1788,211
121000149,5193,2300,2893
121000152,1230,1584,-354
121000153,3791,1740,2051
121000154,1652,2587,-935
121000155,2906,2521,385
121000156,730,2363,-1633
121000157,2090,4922,-2832
121000158,478,1813,-1335
121000159,360,1347,-987
121000160,489,1207,-718
121000161,306,526,-220
121000162,166,425,-259
121000165,3261,2810,451
121000166,39,1356,-1317
121000168,1012,708,304
121000169,135,281,-146
121000170,696,661,35
121000171,161,353,-192
121000172,1366,954,412
121000173,2005,1739,266
121000174,485,576,-91
121000175,1800,745,1055
121000176,713,379,334
121000177,3184,1220,1964
121000178,260,90,170
121000179,145,96,49
121000181,440,1205,-765
121000182,223,272,-49
121000183,84,153,-69
121000184,427,149,278
121000185,126,258,-132
121000186,384,656,-272
121000187,291,428,-137
121000188,332,364,-32
121000192,1357,885,472
121000193,1277,990,287
121000194,5311,4600,711
121000195,1178,1884,-706
121000196,3287,545,2742
121000197,951,1405,-454
121000198,1379,217,1162
121000199,489,796,-307
121000200,1600,151,1449
121000201,28,389,-361
121000202,5187,195,4992
121000203,1829,3665,-1836
121000204,4504,1078,3426
121000205,767,614,153
121000206,794,62,732
121000207,3086,688,2398
121000208,29,704,-675
121000209,413,665,-252
121000210,542,1110,-568
121000211,548,328,220
121000212,425,1462,-1037
121000213,15154,6416,8738
121000214,1564,6692,-5128
121000215,2487,1727,760
121000216,1496,1656,-160
121000217,12719,6190,6529
121000218,1326,3322,-1996
121000219,5668,863,4805
121000220,668,86,582
121000221,405,625,-220
121000222,5081,3970,1111
121000223,1503,401,1102
121000224,815,206,609
121000225,5397,1883,3514
121000226,17860,1876,15984
121000227,25,486,-461
121000228,39,1247,-1208
121000229,603,780,-177
121000230,96,3176,-3080
121000231,1442,98,1344
121000232,580,550,30
121000233,1227,516,711
121000234,39,64,-25
121000235,111,39,72
121000236,27,102,-75
121000237,48,9,39
121000238,10,160,-150
121000239,42,4,38
121000240,13,541,-528
121000241,115,18,97
121000242,54,355,-301
121000243,363,72,291
121000244,10,98,-88
121000245,88,10,78
121000246,1,114,-113
121000247,102,3,99
121000248,1081,866,215
121000249,276,463,-187
121000250,1285,148,1137
121000251,45,883,-838
121000252,149,112,37
121000253,626,1040,-414
121000254,939,506,433
121000255,561,298,263
121000256,1177,299,878
121000257,151,124,27
121000258,398,82,316
121000259,198,83,115
121000260,388,322,66
121000261,411,81,330
121000262,2087,2495,-408
121000263,454,651,-197
121000271,523,3045,-2522
121000273,558,23,535
121000274,116,71,45
121000275,7,23,-16
121000276,6,35,-29
121000278,118,118,0
121000279,199,22,177
121000280,513,119,394
121000289,327,29,298
121000290,2935,1239,1696
121000294,189,376,-187
121000297,2608,2818,-210
121000299,1298,429,869
121000300,1462,1282,180
121000302,172,2415,-2243
121000303,958,1153,-195
121000304,831,136,695
121000305,219,83,136
121000306,264,301,-37
121000308,481,1163,-682
121000309,1169,1361,-192
121000310,436,731,-295
121000311,183,1929,-1746
121000312,800,652,148
121000313,938,1548,-610
121000314,153,235,-82
121000315,61,218,-157
121000530,2300,2672,-372
121000531,1997,2513,-516
121000532,10337,9198,1139
121000533,4292,5732,-1440
121000918,128,205,-77
121000919,105,90,15
121000938,255,840,-585
121000939,416,842,-426
121000956,1292,2505,-1213
121000957,19,17,2
121000958,1080,77,1003
121000959,1029,1457,-428
121000960,3039,3178,-139
121000961,347,163,184
121000962,438,2246,-1808
121000973,3,270,-267
121000976,34,373,-339
121000979,668,209,459
121000981,445,229,216
121000982,491,444,47
121000983,945,702,243
121000984,359,74,285
121000985,768,1478,-710
121000986,418,701,-283
121000987,378,2485,-2107
121000988,1197,231,966
121001302,646,267,379
121001308,184,20,164
121001309,348,107,241
121001313,417,450,-33
121001314,4763,7080,-2317
121001315,6794,4981,1813
121900001,139,236,-97
121900002,316,33,283
121900003,693,13,680
121900004,461,740,-279
121900005,38,4,34
121900006,270,50,220
121900007,4487,5321,-834
121900008,2821,885,1936
121900009,1051,39,1012
121900010,349,0,349
121900011,577,971,-394
121900012,47,1,46
121900013,2908,120,2788
121900014,2386,563,1823
121900015,341,336,5
121900016,8,88,-80
121900017,648,893,-245
121900018,430,21,409
121900019,659,473,186
121900020,111,0,111
121900021,1375,68,1307
121900022,349,381,-32
121900023,202,672,-470
121900024,773,127,646
121900025,943,715,228
121900026,893,90,803
121900027,750,214,536
121900028,540,20,520
121900029,367,375,-8
121900030,1312,1443,-131
121900031,2608,16908,-14300
121900032,170,171,-1
121900033,257,332,-75
121900034,1435,132,1303
121900035,4600,4410,190
121900036,217,602,-385
121900037,358,1096,-738
121900038,88,235,-147
121900039,763,96,667
121900040,92,141,-49
121900041,147,304,-157
121900042,736,242,494
121900043,9,10,-1
121900044,391,116,275
121900046,536,436,100
121900047,432,112,320
121900048,110,254,-144
121900050,41,52,-11
121900051,246,226,20
121900052,276,68,208
121900053,646,933,-287
121900054,1209,1396,-187
121900055,6,24,-18
121900058,897,432,465
121900059,770,270,500
121900060,151,453,-302
121900061,463,336,127
121900062,229,224,5
121900063,2525,490,2035
121900064,466,1196,-730
121900066,98,32,66
121900067,104,86,18
121900069,255,287,-32
121900070,1221,240,981
121900071,354,445,-91
121900072,40,289,-249
121900073,446,283,163
121900074,1287,1913,-626
121900075,2003,552,1451
121900076,1851,984,867
121900077,54,73,-19
121900078,99,53,46
121900079,2,0,2
121900080,1704,822,882
121900082,107,260,-153
121900084,12,338,-326
121900085,0,24,-24
121900086,26,97,-71
121900087,268,176,92
121900088,4129,7006,-2877
121900089,365,670,-305
121900090,39,157,-118
121900091,85,235,-150
121900092,181,154,27
121900093,119,165,-46
121900094,26,15,11
121900095,397,227,170
121900096,3346,1261,2085
121900097,811,261,550
121900098,12,14,-2
121900099,319,104,215
121900100,329,631,-302
121900101,194,182,12
121900102,12,225,-213
121900103,1644,373,1271
121900104,2098,613,1485
121900105,331,328,3
121900106,19,17,2
121900107,90,52,38
121900108,3,55,-52
121900109,843,255,588
121900110,658,2042,-1384
121900111,1880,222,1658
121900112,350,194,156
121900113,189,1209,-1020
121900114,77,175,-98
121900117,985,95,890
121900118,4322,915,3407
121900119,229,183,46
121900120,75,3000,-2925
121900121,1389,133,1256
121900122,42,124,-82
121900123,395,1019,-624
121900124,177,201,-24
121900125,2182,2920,-738
121900127,15,184,-169
121900128,154,195,-41
121900129,1031,259,772
121900130,299,460,-161
121900131,533,84,449
121900132,147,201,-54
121900133,139,612,-473
121900134,38,287,-249
121900135,4017,632,3385
121900136,314,712,-398
121900137,86,731,-645
121900138,341,432,-91
121900139,816,807,9
121900140,127,376,-249
121900141,123,54,69
121900142,198,284,-86
121900143,23,390,-367
121900144,215,453,-238
121900145,365,565,-200
121900146,1313,1386,-73
121900147,94,284,-190
121900148,288,458,-170
121900149,946,1183,-237
121900150,144,299,-155
121900151,123,322,-199
121900152,182,249,-67
121900153,205,1148,-943
121900154,23,313,-290
121900155,10,258,-248
121900156,282,170,112
121900157,4,690,-686
121900158,186,132,54
121900159,0,384,-384
121900160,142,434,-292
121900161,815,577,238
121900162,206,259,-53
121900163,312,1038,-726
121900164,612,307,305
121900165,342,310,32
121900166,308,323,-15
121900167,225,209,16
121900168,319,257,62
121900169,23,478,-455
121900170,11,493,-482
121900171,994,1124,-130
121900172,806,431,375
121900173,2000,523,1477
121900174,39,113,-74
121900175,756,216,540
121900176,1429,2776,-1347
121900177,281,130,151
121900178,87,75,12
121900179,792,223,569
121900180,9085,6674,2411
121900182,2370,488,1882
121900183,1086,1479,-393
121900184,134,1022,-888
121900186,21,453,-432
121900187,61,275,-214
121900188,877,1132,-255
121900189,92,184,-92
121900190,835,907,-72
121900191,127,767,-640
121900192,705,1309,-604
121900193,186,344,-158
121900194,8,291,-283
121900195,151,177,-26
121900196,1678,2853,-1175
121900197,821,3188,-2367
121900198,1919,2958,-1039
121900199,3,49,-46
121900200,459,365,94
121900201,2215,1386,829
121900202,307,1215,-908
121900203,413,2428,-2015
121900204,1753,2673,-920
121900205,26,166,-140
121900206,29,25,4
121900207,529,86,443
121900208,342,478,-136
121900209,79,41,38
121900210,3249,2689,560
121900211,52,163,-111
121900212,213,197,16
121900213,264,167,97
121900214,20,1733,-1713
121900215,134,162,-28
121900216,367,247,120
121900217,460,239,221
121900218,481,1124,-643
121900220,239,24,215
121900221,413,1265,-852
121900222,431,240,191
121900223,599,166,433
121900224,239,124,115
121900225,850,124,726
121900226,643,1374,-731
121900227,257,773,-516
121900228,470,684,-214
121900230,368,547,-179
121900231,844,2690,-1846
121900232,995,766,229
121900233,511,409,102
121900234,920,548,372
121900235,751,351,400
121900236,471,279,192
121900237,476,406,70
121900238,361,678,-317
121900239,308,89,219
121900240,394,344,50
121900241,89,94,-5
121900242,4,1,3
121900243,16,0,16
121900244,32,3,29
121900245,328,180,148
121900246,4879,795,4084
121900247,425,456,-31
121900248,2512,1934,578
121900250,356,382,-26
121900251,555,71,484
121900252,929,215,714
121900253,289,1355,-1066
121900254,889,413,476
121900255,341,197,144
121900258,4923,3783,1140
121900259,502,1115,-613
121900260,322,405,-83
121900261,208,1127,-919
121900262,772,2812,-2040
121900263,290,698,-408
121900264,3867,3326,541
121900265,605,616,-11
121900266,438,328,110
121900267,149,69,80
121900269,278,992,-714
121900270,56,321,-265
121900271,53,307,-254
121900273,1503,3795,-2292
121900274,536,460,76
121900277,705,1836,-1131
121900278,598,1323,-725
121900279,264,310,-46
121900280,745,580,165
121900281,1496,468,1028
121900284,138,22,116
121900286,238,257,-19
121900287,39,30,9
121900288,4,0,4
121900290,376,413,-37
121900291,849,1071,-222
121900292,801,270,531
121900293,1864,5200,-3336
121900294,434,3,431
121900295,207,441,-234
121900296,381,249,132
121900298,918,964,-46
121900299,0,7,-7
121900300,38,0,38
121900301,72,2,70
121900302,0,39,-39
121900303,1686,643,1043
121900304,2,12,-10
121900305,3,4,-1
121900306,153,3,150
121900307,25,1,24
121900308,27,388,-361
121900309,53,423,-370
121900310,46,609,-563
121900311,384,50,334
121900312,267,30,237
121900313,353,31,322
121900314,9,130,-121
121900315,5,1,4
121900316,0,7,-7
121900317,23,2,21
121900318,0,34,-34
121900319,23,132,-109
121900320,70,140,-70
121900321,11,1,10
121900322,3,31,-28
121900323,37,18,19
121900324,25,128,-103
121900325,10,4,6
121900326,2,16,-14
121900327,1,19,-18
121900328,0,7,-7
121900329,1,115,-114
121900330,1,23,-22
121900331,152,73,79
121900332,154,120,34
121900333,27,7,20
122000001,4429,6786,-2357
122000002,8378,2960,5418
122000003,3309,3313,-4
122000004,5228,2931,2297
122000005,5388,2251,3137
122000006,5411,1205,4206
122000007,2697,3132,-435
122000008,10755,10821,-66
122000009,763,647,116
122000010,3723,6706,-2983
122000011,5976,2537,3439
122000012,2806,2266,540
122000013,7109,2590,4519
122000014,3441,4934,-1493
122000015,3659,2147,1512
122000016,1253,1611,-358
122000017,2070,1765,305
122000018,3022,1707,1315
122000019,1981,2515,-534
122000020,461,403,58
122000021,1047,1056,-9
122000022,3171,2908,263
122000023,1226,7232,-6006
122000024,2344,1894,450
122000025,4923,2550,2373
122000026,2568,1400,1168
122000027,1069,10847,-9778
122000028,1398,907,491
122000029,1481,664,817
122000030,859,294,565
122000031,535,531,4
122000032,4432,7812,-3380
122000033,2465,1705,760
122000034,2659,1242,1417
122000035,571,2415,-1844
122000036,1430,958,472
122000037,729,502,227
122000038,548,598,-50
122000039,1261,1200,61
122000040,771,2025,-1254
122000041,1507,917,590
122000042,1047,745,302
122000043,378,253,125
122000044,385,397,-12
122000045,3343,875,2468
122000046,2012,2318,-306
122000047,769,344,425
122000048,7225,9669,-2444
122000049,11609,4043,7566
122000050,4358,1157,3201
122000051,1263,589,674
122000052,1502,453,1049
122000053,494,848,-354
122000054,5109,3503,1606
122000055,6484,4662,1822
122000056,8880,7786,1094
122000057,6001,5995,6
122000058,7349,1707,5642
122000059,6454,2731,3723
122000060,1758,1293,465
122000061,1172,804,368
122000062,2891,554,2337
122000063,3176,1362,1814
122000064,9234,3864,5370
122000065,12593,4118,8475
122000066,3509,1609,1900
122000067,6746,2208,4538
122000068,3166,3860,-694
122000069,1310,1264,46
122000070,1453,12334,-10881
122000071,2131,4604,-2473
122000072,947,727,220
122000073,970,913,57
122000074,5985,2985,3000
122000075,1363,4074,-2711
122000076,3313,2031,1282
122000077,2922,1023,1899
122000078,4942,3370,1572
122000079,3746,1522,2224
122000080,2423,716,1707
122000081,649,606,43
122000082,1621,1100,521
122000083,2735,7554,-4819
122000084,2275,1650,625
122000085,592,6264,-5672
122000086,4378,11830,-7452
122000087,1093,367,726
122000088,512,771,-259
122000089,17582,8363,9219
122000090,671,1008,-337
122000091,1457,106,1351
122000092,786,53,733
122000093,6059,1767,4292
122000094,19361,3693,15668
122000095,7917,6109,1808
122000096,5758,4230,1528
122000098,6854,2817,4037
122000099,10648,1317,9331
122000100,2535,1619,916
122000101,520,3640,-3120
122000102,3168,1789,1379
122000103,4124,2415,1709
122000104,615,385,230
122000105,742,536,206
122000106,877,898,-21
122000107,1905,1283,622
122000108,763,1324,-561
122000109,713,856,-143
122000110,836,765,71
122000111,5447,2058,3389
122000112,1496,2770,-1274
122000113,1458,1303,155
122000114,13062,3458,9604
122000115,3077,5581,-2504
122000116,858,974,-116
122000117,2171,741,1430
122000118,727,1148,-421
122000119,5276,4018,1258
122000120,3919,7480,-3561
122000121,4945,5169,-224
122000122,1261,2914,-1653
122000123,3384,3258,126
122000124,1817,1050,767
122000125,1010,1157,-147
122000126,983,1808,-825
122000127,2296,1765,531
122000128,957,1687,-730
122000129,807,2762,-1955
122000130,5538,1845,3693
122000131,2898,2200,698
122000132,1324,976,348
122000133,2059,3778,-1719
122000134,1230,1205,25
122000135,1183,1195,-12
122000136,1253,760,493
122000137,2662,1585,1077
122000139,5091,8684,-3593
122000140,3819,1352,2467
122000141,10296,2268,8028
122000142,1502,1426,76
122000143,1081,875,206
122000144,4062,2279,1783
122000145,5277,1593,3684
122000146,1773,1842,-69
122000147,2747,936,1811
122000148,5705,2546,3159
122000149,3563,2542,1021
122000150,2569,1878,691
122000151,477,681,-204
122000152,914,703,211
122000153,1036,576,460
122000154,673,397,276
122000155,2660,5031,-2371
122000156,3002,3615,-613
122000157,4463,2111,2352
122000158,1201,957,244
122000159,2656,3202,-546
122000160,7493,3694,3799
122000161,1843,1832,11
122000162,3882,3005,877
122000163,349,136,213
122000164,53,118,-65
122000165,1948,1520,428
122000166,2778,2407,371
122000167,391,319,72
122000168,541,996,-455
122000169,1419,534,885
122000170,654,425,229
122000171,90,144,-54
122000172,2628,3067,-439
122000173,2661,4552,-1891
122000174,5870,1428,4442
122000175,2930,689,2241
122000176,599,1253,-654
122000177,3469,2411,1058
122000178,6517,8907,-2390
122000179,4001,5954,-1953
122000180,3147,2599,548
122000181,3487,6715,-3228
122000182,3959,3738,221
122000183,3499,2832,667
122000184,4212,3490,722
122000185,2348,1948,400
122000186,1640,1278,362
122000187,5847,1802,4045
122000188,830,406,424
122000189,573,871,-298
122000190,3065,1865,1200
122000191,3286,1961,1325
122000192,2430,701,1729
122000193,803,983,-180
122000194,2618,462,2156
122000195,650,692,-42
122000196,1590,1011,579
122000197,867,1107,-240
122000198,1587,1389,198
122000199,1367,717,650
122000200,3085,1806,1279
122000201,2552,2240,312
122000202,2296,1914,382
122000203,5297,2443,2854
122000204,3060,3750,-690
122000205,2379,3512,-1133
122000206,4232,1649,2583
122000207,3055,2309,746
122000208,8301,2618,5683
122000209,7457,800,6657
122000210,4957,3073,1884
122000211,5026,1878,3148
122000212,2185,976,1209
122000213,2662,2391,271
122000214,4194,3657,537
122000215,4042,2720,1322
122000217,5099,2246,2853
122000218,2212,302,1910
122000219,3020,1788,1232
122000220,666,1125,-459
122000221,178,1015,-837
122000222,1059,255,804
122000223,2667,740,1927
122000225,2191,481,1710
122000226,3135,4244,-1109
122000227,673,6962,-6289
122000228,614,696,-82
122000229,32,820,-788
122000230,86,1160,-1074
122000231,575,1439,-864
122000232,1156,1876,-720
122000233,1,215,-214
122000234,483,359,124
122000235,1158,345,813
122000236,1539,303,1236
122000237,183,207,-24
122000238,360,589,-229
122000239,951,310,641
122000240,2183,930,1253
122000241,2036,848,1188
122000242,1270,196,1074
122000243,157,80,77
122000244,56,475,-419
122000245,18,148,-130
122000246,50,112,-62
122000247,1035,456,579
122000248,1934,3728,-1794
122000249,1056,1664,-608
122000250,3115,1962,1153
122000251,375,842,-467
122000252,819,235,584
122000253,74,479,-405
122000254,392,204,188
122000255,1267,2978,-1711
122000256,645,2884,-2239
122000257,215,756,-541
122000258,426,484,-58
122000259,23,1134,-1111
122000260,6,193,-187
122000261,19,436,-417
122000262,1,151,-150
122000263,408,237,171
122000264,2899,878,2021
122000265,7692,1502,6190
122000266,17195,1164,16031
122000267,203,198,5
122000268,381,714,-333
122000269,2451,483,1968
122000270,5209,233,4976
122000271,1221,1852,-631
122000272,680,1836,-1156
122000273,912,724,188
122000274,415,316,99
122000275,78,414,-336
122000276,1213,1076,137
122000277,1660,2569,-909
122000278,1853,1477,376
122000279,424,865,-441
122000280,1481,1401,80
122000281,1596,1561,35
122000282,298,361,-63
122000283,542,111,431
122000284,280,152,128
122000285,656,222,434
122000286,192,330,-138
122000287,1823,2354,-531
122000288,834,409,425
122000291,2296,1077,1219
122000293,693,518,175
122000294,276,414,-138
122000295,2377,405,1972
122000296,62,946,-884
122000297,5703,4199,1504
122000299,630,914,-284
122000300,757,1104,-347
122000301,24162,4986,19176
122000302,1840,2492,-652
122000303,7839,2340,5499
122000304,119,394,-275
122000305,1379,719,660
122000306,63,1341,-1278
122000307,247,250,-3
122000309,157,112,45
122000310,91,110,-19
122000311,498,301,197
122000312,307,161,146
122000313,121,76,45
122000314,252,383,-131
122000315,420,46,374
122000316,1006,367,639
122000317,1736,469,1267
122000318,559,1394,-835
122000319,422,1109,-687
122000320,566,3910,-3344
122000321,283,501,-218
122000322,3786,6858,-3072
122000323,2960,4651,-1691
122000324,3176,2782,394
122000325,1909,2596,-687
122000326,63,227,-164
122000327,1011,1250,-239
122000328,3021,1314,1707
122000330,4269,1396,2873
122000332,390,557,-167
122000333,10,245,-235
122000337,1393,2994,-1601
122000338,615,861,-246
122000340,1241,587,654
122000342,4631,1953,2678
122000343,798,2320,-1522
122000344,76,51,25
122000345,92,116,-24
122000346,532,1049,-517
122000348,1046,1299,-253
122000349,220,1443,-1223
122000351,283,375,-92
122000352,556,337,219
122000353,166,202,-36
122000355,218,299,-81
122000356,5718,1642,4076
122000357,93,32,61
122000358,0,125,-125
122000359,0,49,-49
122000360,0,79,-79
122000362,13,154,-141
122000364,250,715,-465
122000365,7,59,-52
122000366,37,9,28
122000368,1016,1190,-174
122000370,32,122,-90
122000371,21,0,21
122000372,8,1,7
122000381,112,826,-714
122000382,100,402,-302
122000384,11545,4297,7248
122000385,79,0,79
122000386,2770,2842,-72
122000387,2941,829,2112
122000388,8663,1073,7590
122000389,592,1120,-528
122000390,1867,406,1461
122000391,1055,262,793
122000392,294,376,-82
122000393,68,294,-226
122000394,880,605,275
122000395,311,298,13
122000396,801,179,622
122000397,123,193,-70
122000398,110,184,-74
122000399,253,142,111
122000400,535,768,-233
122000401,313,148,165
122000402,504,317,187
122000403,866,1899,-1033
122000404,250,668,-418
122000408,1352,2809,-1457
122000503,29,341,-312
122000524,257,177,80
122000544,160,10041,-9881
122000616,670,9,661
122000640,89,251,-162
122000641,115,685,-570
122000642,1935,2121,-186
122000643,59,356,-297
122000644,262,34,228
122000645,227,921,-694
122000651,6293,1203,5090
122000664,552,68,484
122000665,1977,855,1122
122000666,1094,2220,-1126
122000673,61,618,-557
122000674,194,73,121
122000675,2696,2238,458
122000686,650,2106,-1456
122000687,4875,650,4225
122000688,316,1382,-1066
122000689,1379,1161,218
122000690,1684,1190,494
122000691,671,4236,-3565
122000692,2149,764,1385
122000693,860,3336,-2476
122000695,420,1110,-690
122000696,446,627,-181
122000698,380,1717,-1337
122000699,333,296,37
122000701,1822,662,1160
122000702,744,3157,-2413
122000703,303,174,129
122000717,312,124,188
122000718,578,1772,-1194
122000719,304,128,176
122000720,393,527,-134
122000724,216,30,186
122900001,64,14,50
122900002,2264,8265,-6001
122900003,770,81,689
122900004,2544,80,2464
122900005,113,126,-13
122900006,1592,1041,551
122900007,466,80,386
122900008,1457,226,1231
122900009,2010,1205,805
122900010,569,367,202
122900012,368,571,-203
122900014,299,537,-238
122900015,5158,1568,3590
122900016,324,574,-250
122900017,1283,1748,-465
122900018,610,23,587
122900019,24,270,-246
122900020,610,765,-155
122900021,97,1514,-1417
122900022,1022,1381,-359
122900023,710,591,119
122900024,214,209,5
122900025,20,310,-290
122900026,286,583,-297
122900027,144,1146,-1002
122900028,260,280,-20
122900029,8014,4979,3035
122900030,2430,918,1512
122900031,393,335,58
122900032,225,644,-419
122900033,356,248,108
122900034,6924,15684,-8760
122900035,119,36,83
122900036,141,631,-490
122900037,1235,220,1015
122900038,413,6490,-6077
122900039,143,887,-744
122900040,880,592,288
122900041,377,343,34
122900042,278,463,-185
122900043,1338,300,1038
122900044,203,628,-425
122900045,184,166,18
122900046,274,168,106
122900047,949,388,561
122900048,99,730,-631
122900049,2662,203,2459
122900051,189,202,-13
122900052,91,238,-147
122900053,39,60,-21
122900055,763,237,526
122900057,905,61,844
122900061,790,369,421
122900062,742,1089,-347
122900063,258,530,-272
122900064,2014,1127,887
122900065,1224,276,948
122900066,982,482,500
122900067,2746,1576,1170
122900068,289,621,-332
122900069,643,3159,-2516
122900070,515,92,423
122900071,220,702,-482
122900072,16,978,-962
122900073,47,429,-382
122900074,933,1202,-269
122900075,0,126,-126
122900076,14,342,-328
122900077,1,282,-281
122900078,237,288,-51
122900080,118,42,76
122900081,956,278,678
122900082,1276,352,924
122900083,250,273,-23
122900084,6,392,-386
122900086,35,81,-46
122900087,306,659,-353
122900088,99,154,-55
122900089,196,243,-47
122900090,31,1025,-994
122900091,256,0,256
122900092,1,451,-450
122900093,4,524,-520
122900094,5,451,-446
122900095,328,14,314
122900096,481,371,110
122900097,43,45,-2
122900098,115,262,-147
122900099,45,19,26
122900100,1121,931,190
122900101,2082,766,1316
122900102,26,27,-1
122900103,160,19,141
122900104,152,14,138
122900105,11,10,1
122900106,11,205,-194
122900107,4,394,-390
122900108,11,391,-380
123000001,4669,758,3911
123000002,11302,5788,5514
123000003,6664,6975,-311
123000004,4957,8266,-3309
123000005,4634,5552,-918
123000006,4645,5509,-864
123000007,5555,5575,-20
123000008,4359,6486,-2127
123000009,9103,5627,3476
123000010,6592,5857,735
123000011,13387,1558,11829
123000012,2800,4217,-1417
123000013,6950,1393,5557
123000014,2637,6776,-4139
123000015,9665,1568,8097
123000016,11838,6818,5020
123000017,5165,2328,2837
123000018,72,207,-135
123000019,365,426,-61
123000020,255,206,49
123000021,125,360,-235
123000022,796,2987,-2191
123000023,2507,2378,129
123000024,2665,844,1821
123000025,244,222,22
123000026,17,106,-89
123000027,462,650,-188
123000028,1996,324,1672
123000029,1436,902,534
123000030,850,1031,-181
123000031,238,702,-464
123000032,563,516,47
123000033,659,93,566
123000034,1579,1347,232
123000035,434,706,-272
123000036,425,1582,-1157
123000037,400,505,-105
123000038,237,412,-175
123000039,804,1911,-1107
123000040,2078,580,1498
123000041,3105,1378,1727
123000042,2308,668,1640
123000043,7656,13368,-5712
123000044,9896,4336,5560
123000045,18250,4824,13426
123000046,1949,2310,-361
123000047,4503,2432,2071
123000048,212,759,-547
123000049,14466,13374,1092
123000050,1889,2740,-851
123000051,190,379,-189
123000052,1200,6175,-4975
123000053,3681,6293,-2612
123000054,2379,3137,-758
123000055,1814,4704,-2890
123000056,2495,3594,-1099
123000057,31074,12813,18261
123000058,1367,1680,-313
123000059,675,975,-300
123000060,1354,606,748
123000061,371,1467,-1096
123000063,1435,1597,-162
123000064,1836,502,1334
123000065,14238,8439,5799
123000066,1640,2030,-390
123000067,1270,982,288
123000068,6195,7019,-824
123000069,12070,7790,4280
123000070,387,1647,-1260
123000071,1463,2036,-573
123000072,1659,2885,-1226
123000073,1874,1636,238
123000074,1777,3525,-1748
123000075,738,2114,-1376
123000076,1279,1914,-635
123000077,3581,6206,-2625
123000078,2189,3157,-968
123000079,2445,3904,-1459
123000080,3979,4278,-299
123000081,335,1210,-875
123000082,679,2266,-1587
123000083,1803,404,1399
123000084,807,1479,-672
123000085,389,226,163
123000086,910,665,245
123000087,532,721,-189
123000088,2266,1892,374
123000089,629,2707,-2078
123000090,2234,2002,232
123000091,2699,2817,-118
123000092,1707,2532,-825
123000094,1055,550,505
123000095,951,1246,-295
123000096,988,848,140
123000097,1004,1691,-687
123000098,956,1195,-239
123000099,1010,1488,-478
123000100,841,1203,-362
123000101,940,1050,-110
123000102,902,1292,-390
123000104,671,783,-112
123000105,1096,911,185
123000106,746,728,18
123000107,793,941,-148
123000108,1082,2482,-1400
123000111,1298,651,647
123000112,1684,1174,510
123000113,1233,3300,-2067
123000114,826,1077,-251
123000115,483,568,-85
123000116,32,265,-233
123000117,3060,4731,-1671
123000118,875,1702,-827
123000119,347,1771,-1424
123000120,695,1770,-1075
123000121,917,1088,-171
123000122,806,417,389
123000123,869,1052,-183
123000124,1067,829,238
123000125,2675,2072,603
123000126,3287,5377,-2090
123000127,1938,1192,746
123000128,607,803,-196
123000129,824,531,293
123000130,878,163,715
123000131,1824,1305,519
123000132,858,1144,-286
123000133,614,691,-77
123000134,794,396,398
123000135,2882,2506,376
123000136,406,1785,-1379
123000137,247,676,-429
123000138,249,769,-520
123000139,1004,297,707
123000140,241,1415,-1174
123000141,1579,255,1324
123000142,1556,1804,-248
123000143,2994,4369,-1375
123000144,59,51,8
123000145,483,422,61
123000146,176,205,-29
123000147,225,201,24
123000149,638,662,-24
123000150,481,410,71
123000151,543,804,-261
123000152,140,680,-540
123000153,293,1180,-887
123000154,3053,4104,-1051
123000155,3993,1873,2120
123000156,83,270,-187
123000157,1004,1679,-675
123000158,1122,1601,-479
123000159,8515,4260,4255
123000160,1752,1168,584
123000161,2500,2105,395
123000162,1329,2723,-1394
123000163,1064,206,858
123000164,2063,436,1627
123000165,563,3091,-2528
123000166,38,239,-201
123000167,286,544,-258
123000168,345,521,-176
123000169,1175,213,962
123000170,81,625,-544
123000171,1097,40,1057
123000172,368,1162,-794
123000173,1229,399,830
123000174,1698,690,1008
123000175,1367,2189,-822
123000176,1837,512,1325
123000177,534,1764,-1230
123000178,1575,274,1301
123000179,58,1352,-1294
123000180,2118,496,1622
123000181,578,2908,-2330
123000182,353,921,-568
123000183,359,837,-478
123000184,179,1578,-1399
123000185,862,761,101
123000186,0,1067,-1067
123000187,772,12,760
123000188,445,0,445
123000189,264,389,-125
123000190,121,114,7
123000192,30,578,-548
123000193,73,1133,-1060
123000194,720,592,128
123000195,528,53,475
123000196,420,36,384
123000197,95,225,-130
123000198,62,382,-320
123000199,20,944,-924
123000200,728,23,705
123000201,1275,46,1229
123000202,52,1986,-1934
123000203,1125,119,1006
123000204,112,1817,-1705
123000205,767,3219,-2452
123000206,2147,317,1830
123000207,174,1574,-1400
123000208,1057,243,814
123000209,3112,763,2349
123000210,730,2983,-2253
123000211,974,4951,-3977
123000212,4317,740,3577
123000213,904,104,800
123000215,376,274,102
123000216,508,1153,-645
123000217,351,60,291
123000218,197,1065,-868
123000219,1945,208,1737
123000220,1017,184,833
123000221,283,319,-36
123000222,869,1197,-328
123000223,400,1048,-648
123000224,606,1066,-460
123000225,461,141,320
123000226,122,628,-506
123000227,140,556,-416
123000228,376,109,267
123000229,2519,3171,-652
123000232,172,1164,-992
123000233,1216,364,852
123000234,362,1203,-841
123000235,1153,647,506
123000236,457,1541,-1084
123000237,485,131,354
123000238,134,1175,-1041
123000239,911,3306,-2395
123000240,82,849,-767
123000241,2051,244,1807
123000242,354,357,-3
123000243,1172,1509,-337
123000244,1421,1059,362
123000245,179,243,-64
123000249,779,1495,-716
123000252,1675,401,1274
123000253,1509,746,763
123000254,951,1854,-903
123000255,1668,1581,87
123000256,47,475,-428
123000257,6064,4848,1216
123000258,1575,2263,-688
123000259,463,668,-205
123000260,715,1008,-293
123000261,281,459,-178
123000262,208,393,-185
123000263,637,169,468
123000264,304,108,196
123000265,117,326,-209
123000266,883,1401,-518
123000267,839,512,327
123000268,75,129,-54
123000269,59,102,-43
123000270,94,76,18
123000271,252,102,150
123000272,1476,462,1014
123000273,624,1033,-409
123000274,2106,764,1342
123000275,608,1977,-1369
123000278,6503,4744,1759
123000279,193,238,-45
123000280,751,641,110
123000281,613,183,430
123000282,315,459,-144
123000283,145,82,63
123000284,98,182,-84
123000286,615,449,166
123000287,1085,469,616
123000288,2866,1355,1511
123000289,1154,1691,-537
123000291,715,1528,-813
123000294,269,394,-125
123000295,1233,1298,-65
123000296,650,446,204
123000297,743,1523,-780
123000298,764,1254,-490
123000299,49,484,-435
123000300,1725,1639,86
123000301,360,479,-119
123000302,137,410,-273
123000303,394,144,250
123000305,1951,1542,409
123000306,189,400,-211
123000309,81,74,7
123000310,237,65,172
123000311,2,233,-231
123000312,1341,1659,-318
123000313,516,649,-133
123000315,140,671,-531
123000316,3792,107,3685
123000317,330,105,225
123000318,72,494,-422
123000329,23,21,2
123000337,633,376,257
123000338,1262,83,1179
123000339,260,421,-161
123000340,264,986,-722
123000342,16,9,7
123000343,272,12,260
123000344,1801,847,954
123000345,525,1188,-663
123000346,588,171,417
123000352,3899,1469,2430
123000353,21,159,-138
123000354,548,5,543
123000355,4,1213,-1209
123000356,473,20,453
123000357,11,565,-554
123000359,8,356,-348
123000360,314,164,150
123000361,1282,533,749
123000362,598,182,416
123000363,168,352,-184
123000364,1258,780,478
123000365,35,645,-610
123000366,555,3577,-3022
123000367,521,2667,-2146
123000370,59,542,-483
123000371,554,34,520
123000372,660,15,645
123000373,29,797,-768
123000374,15,421,-406
123000375,457,67,390
123000376,1594,959,635
123000377,653,34,619
123000378,41,685,-644
123000379,6,345,-339
123000380,116,478,-362
123000381,516,67,449
123000382,2131,218,1913
123000383,580,1784,-1204
123000384,1147,139,1008
123000385,735,1027,-292
123000436,118,1736,-1618
123000507,219,1079,-860
123000508,248,1223,-975
123000517,541,52,489
123000518,44,445,-401
123000519,208,111,97
123000520,91,361,-270
123000521,559,181,378
123000522,289,911,-622
123000541,6,5,1
123000542,0,51,-51
123000565,7,0,7
123000566,870,1226,-356
123000567,166,413,-247
123000573,73,1466,-1393
123000574,859,143,716
123000575,1718,2113,-395
123000576,1244,3965,-2721
123000577,345,1655,-1310
123000578,1662,100,1562
123000579,7344,7944,-600
123000580,76,24,52
123000582,745,47,698
123000583,60,866,-806
123000584,373,554,-181
123000585,2,380,-378
123000586,111,0,111
123000596,227,267,-40
123000597,117,254,-137
123000602,25,3,22
123000603,679,1269,-590
123000604,669,1819,-1150
123000605,1637,341,1296
123000606,0,446,-446
123000609,43,624,-581
123000610,319,191,128
123000613,45,331,-286
123000614,236,124,112
123000615,32,298,-266
123000616,762,93,669
123000617,207,967,-760
123000618,149,1188,-1039
123000619,1093,60,1033
123000620,45,1080,-1035
123000622,471,34,437
123000624,107,103,4
123000630,870,672,198
123000631,469,3411,-2942
123000632,1916,2076,-160
123000633,0,536,-536
123000634,211,226,-15
123000635,481,172,309
123000636,52,1295,-1243
123000637,133,303,-170
123000638,866,189,677
123000639,1994,5122,-3128
123000640,31,1571,-1540
123900001,2714,127,2587
123900002,35,2316,-2281
123900003,772,1246,-474
123900005,509,264,245
123900006,833,79,754
124000001,3285,223,3062
124000002,192,3133,-2941
124000003,1070,256,814
124000004,93,1249,-1156
124000005,1205,689,516
124000006,410,2330,-1920
124000007,1358,331,1027
124000008,25,1200,-1175
124000009,909,615,294
124000010,205,872,-667
124000011,3062,664,2398
124000012,902,1194,-292
124000017,304,190,114
124000018,172,177,-5
124000019,186,179,7
124000020,85,359,-274
124000021,246,104,142
124000022,173,424,-251
124000023,2800,2293,507
124000024,1816,1107,709
124000025,1903,2492,-589
124000026,1957,1842,115
124000027,7523,7668,-145
124000028,4092,6504,-2412
124000030,4905,2086,2819
124000031,1935,3626,-1691
124000032,7938,1532,6406
124000033,104,974,-870
124000034,5255,946,4309
124000035,48,258,-210
124000036,131,240,-109
124000037,1091,1291,-200
124000038,132,104,28
124000039,1901,652,1249
124000040,878,1284,-406
124000041,564,163,401
124000042,113,686,-573
124000043,200,206,-6
124000044,96,446,-350
124000045,886,1087,-201
124000046,316,1233,-917
124000047,1881,1583,298
124000048,1251,3214,-1963
124000049,2238,1197,1041
124000050,950,4027,-3077
124000051,1168,976,192
124000052,920,2189,-1269
124000053,737,1868,-1131
124000054,1297,1226,71
124000055,1674,3368,-1694
124000056,6940,2639,4301
124000057,1196,822,374
124000058,731,2318,-1587
124000059,967,1484,-517
124000060,2117,1571,546
124000061,2376,6226,-3850
124000062,7907,3124,4783
124000063,2175,3406,-1231
124000064,4923,2879,2044
124000065,112,453,-341
124000066,505,281,224
124000067,222,398,-176
124000068,14,24,-10
124000069,121,37,84
124000070,62,225,-163
124000071,251,175,76
124000072,332,920,-588
124000073,1463,239,1224
124000074,318,1375,-1057
124000075,352,79,273
124000076,12,386,-374
124000077,2998,1173,1825
124000078,3891,1421,2470
124000079,762,1914,-1152
124000080,584,282,302
124000081,302,1503,-1201
124000082,53,204,-151
124000083,78,388,-310
124000084,51,431,-380
124000085,129,127,2
124000086,106,192,-86
124000087,192,135,57
124000088,453,754,-301
124000089,1013,618,395
124000090,212,585,-373
124000091,1061,228,833
124000092,204,1042,-838
124000093,151,191,-40
124000094,249,1046,-797
124000095,99,214,-115
124000096,202,545,-343
124000097,149,260,-111
124000098,71,176,-105
124000099,236,193,43
124000100,96,178,-82
124000101,122,233,-111
124000102,175,166,9
124000103,139,148,-9
124000104,225,135,90
124000105,95,147,-52
124000106,265,147,118
124000107,48,240,-192
124000108,101,74,27
124000109,160,139,21
124000110,276,285,-9
124000111,410,245,165
124000112,1143,1361,-218
124000113,87,107,-20
124000114,433,924,-491
124000115,707,1294,-587
124000116,222,193,29
124000117,118,187,-69
124000118,64,111,-47
124000119,3204,1208,1996
124000120,1652,884,768
124000121,2832,973,1859
124000122,862,2042,-1180
124000123,1622,735,887
124000124,700,1820,-1120
124000125,649,827,-178
124000126,451,1059,-608
124000127,1403,719,684
124000128,1123,1895,-772
124000129,3193,2412,781
124000130,1371,1151,220
124000131,2039,852,1187
124000132,1635,1314,321
124000133,1263,1579,-316
124000134,1322,1370,-48
124000135,2382,2882,-500
124000136,1710,1719,-9
124000137,2375,1028,1347
124000138,3331,1951,1380
124000139,998,37,961
124000140,48,615,-567
124000141,306,37,269
124000142,5,225,-220
124000143,99,24,75
124000144,14,66,-52
124000145,190,57,133
124000146,49,170,-121
124000148,29,141,-112
124000149,1529,680,849
124000150,494,979,-485
124000151,1037,578,459
124000152,1197,2170,-973
124000153,929,1098,-169
124000154,604,1487,-883
124000155,1944,1214,730
124000156,2574,1685,889
124000169,570,1005,-435
124000170,1597,863,734
124000171,668,525,143
124000172,931,1207,-276
124000173,724,533,191
124000174,678,1406,-728
124000175,15,225,-210
124000176,109,16,93
124000177,17,91,-74
124000178,81,60,21
124000190,211,54,157
124000191,1145,114,1031
124000192,4641,727,3914
124000193,1300,1595,-295
124000194,541,1005,-464
124000195,496,873,-377
124000196,2119,1886,233
124000197,90,151,-61
124000198,86,71,15
124000201,483,1878,-1395
124000202,1038,368,670
124000203,343,1702,-1359
124000204,854,892,-38
124000205,123,1072,-949
124000206,635,677,-42
124000207,1,78,-77
124000209,495,1103,-608
124000210,438,314,124
124000211,566,5,561
124000212,2,903,-901
124000213,441,651,-210
124000214,343,1112,-769
124000215,535,17,518
124000216,3,889,-886
124000329,213,3701,-3488
124000338,110,1858,-1748
124000339,914,196,718
124000341,1367,128,1239
124000344,65,27,38
124000357,1582,4062,-2480
124000358,1036,2296,-1260
124000359,1778,1217,561
124000360,1067,913,154
124000361,3570,1168,2402
124000362,2628,3209,-581
124000363,511,611,-100
124000364,1058,1640,-582
124000365,1110,1653,-543
124000366,2861,1177,1684
124000367,309,1192,-883
124000368,577,407,170
124000369,273,240,33
124000370,113,1089,-976
124000402,77,19,58
124000403,167,12,155
124000404,11,176,-165
124000405,1717,1272,445
124000406,1635,1455,180
124000407,3,40,-37
124000411,25,701,-676
124000412,639,33,606
124000413,1363,71,1292
124000414,93,220,-127
124000415,78,368,-290
124000416,180,564,-384
124000417,182,201,-19
124000418,146,194,-48
124000419,132,299,-167
124000420,107,171,-64
124000421,71,461,-390
124000422,68,35,33
124000423,337,56,281
124000424,6,154,-148
124000425,50,75,-25
124000426,8,71,-63
124000427,39,22,17
124000428,83,65,18
124000429,66,101,-35
124000430,1016,1323,-307
124000431,461,1216,-755
124000432,341,1504,-1163
124000439,8,27,-19
124000442,6,189,-183
124000443,0,8,-8
124000445,255,851,-596
124000446,2975,126,2849
124900001,555,526,29
124900002,346,835,-489
124900003,1307,885,422
124900004,627,584,43
124900005,469,444,25
124900006,796,618,178
124900008,1947,857,1090
124900009,202,395,-193
124900010,186,95,91
124900011,690,286,404
124900012,632,207,425
124900013,692,206,486
124900014,416,156,260
124900015,346,515,-169
124900016,87,224,-137
124900017,1435,1543,-108
124900018,48,38,10
124900020,109,112,-3
124900021,270,89,181
124900022,116,33,83
124900024,365,87,278
124900026,421,65,356
124900027,140,514,-374
124900028,1334,272,1062
124900029,15,671,-656
124900030,11,371,-360
124900031,59,691,-632
124900032,397,294,103
124900033,167,801,-634
124900034,7,160,-153
124900035,300,896,-596
124900036,3,97,-94
124900037,272,692,-420
124900038,414,611,-197
124900039,0,37,-37
124900040,286,143,143
124900041,314,1796,-1482
124900042,96,4,92
124900043,639,1842,-1203
124900044,196,7,189
124900045,1161,1468,-307
124900046,2342,324,2018
124900047,166,394,-228
124900048,253,331,-78
124900050,236,511,-275
124900052,143,634,-491
124900053,194,558,-364
124900054,4632,615,4017
124900055,5,193,-188
124900057,42,133,-91
124900060,156,417,-261
124900061,75,20,55
124900062,136,27,109
124900066,0,22,-22
124900067,12,270,-258
124900068,248,809,-561
124900070,82,32,50
124900072,164,101,63
124900074,605,497,108
124900075,255,300,-45
124900076,35,1135,-1100
124900077,41,216,-175
124900078,170,43,127
124900079,1508,389,1119
124900080,449,1114,-665
124900081,1272,428,844
124900082,449,1434,-985
124900083,275,900,-625
124900084,4061,189,3872
124900085,1652,473,1179
124900086,217,1545,-1328
124900087,808,154,654
124900088,989,198,791
124900089,2259,64,2195
124900090,386,456,-70
124900091,581,968,-387
124900092,485,628,-143
124900093,504,374,130
124900094,531,510,21
124900095,135,759,-624
124900096,1131,405,726
124900097,380,140,240
124900098,173,761,-588
124900099,1174,844,330
124900100,401,137,264
124900101,74,444,-370
124900102,404,86,318
124900103,257,510,-253
124900104,103,338,-235
124900105,185,266,-81
124900106,527,120,407
124900107,189,40,149
124900108,359,141,218
124900109,100,143,-43
124900110,325,645,-320
124900111,1,160,-159
124900112,135,1296,-1161
124900113,174,359,-185
124900114,358,194,164
124900115,101,87,14
124900116,308,246,62
124900117,1181,291,890
124900118,306,344,-38
124900119,540,238,302
124900120,78,655,-577
124900121,154,512,-358
124900122,808,392,416
124900123,420,143,277
124900124,181,287,-106
129000186,584,83,501
204000001,47,1,46
204000002,26,10,16
204000003,64,5,59
204000004,15,5,10
204000005,851,923,-72
204000006,1864,3822,-1958
204000011,34,80,-46
204000012,72,151,-79
204000013,3,61,-58
204000019,739,853,-114
204000020,1025,1095,-70
204000021,2682,1183,1499
204000022,519,749,-230
204000023,835,1609,-774
204000031,159,32,127
204000032,1096,62,1034
204000034,33,422,-389
204000035,0,8,-8
204000036,45,49,-4
204000037,0,34,-34
204000038,2,10,-8
204000039,7,67,-60
204000040,13,45,-32
204000041,30,57,-27
204000042,124,24,100
204000043,41,15,26
204000044,59,7,52
204000045,195,13,182
204000046,35,12,23
204000057,30,53,-23
204000062,8,14,-6
204000068,47,258,-211
204000069,41,432,-391
204000070,76,224,-148
204000080,34,75,-41
204000085,2668,3058,-390
204000086,4287,3779,508
204000087,65,34,31
204000088,14,145,-131
204000090,22,588,-566
204000093,358,142,216
204000096,1215,1563,-348
204000097,567,31,536
204000099,1260,2377,-1117
204000100,1417,2640,-1223
204000105,2912,2655,257
204000110,1238,1830,-592
204000111,804,1197,-393
204000112,1272,1186,86
204000113,943,1429,-486
204000114,1246,883,363
204000115,979,561,418
204000116,923,810,113
204000119,2439,4289,-1850
204000132,721,455,266
204000133,898,508,390
204000134,319,259,60
204000135,676,244,432
204000136,537,453,84
204000138,531,494,37
204000140,238,167,71
204000141,173,152,21
204000144,18,43,-25
204000145,656,102,554
204000146,28,705,-677
204000147,70,196,-126
204000148,560,49,511
204000154,4,5,-1
204000155,16,15,1
204000177,92,146,-54
204000179,37,14,23
204000180,0,22,-22
204000222,12,12,0
204000235,20,21,-1
204000236,104,550,-446
204000238,31,83,-52
204000240,584,160,424
204000263,802,1879,-1077
204000268,1744,1442,302
204000308,516,33,483
204000317,19,153,-134
204000322,10,78,-68
204000323,61,21,40
204000328,315,140,175
204000329,64,266,-202
204000330,353,62,291
204000331,48,186,-138
204010341,9,535,-526
205000001,1435,2672,-1237
205000013,11,113,-102
205000014,32,123,-91
205000015,37,288,-251
205000016,25,230,-205
205000017,60,119,-59
205000022,442,1161,-719
205000025,1989,1630,359
205000029,432,13,419
205000045,296,349,-53
205000046,100,749,-649
205000047,86,777,-691
205000048,349,1624,-1275
205000049,257,1280,-1023
205000050,1609,448,1161
205000059,0,369,-369
205000060,1,108,-107
205000061,5,47,-42
205000062,8,51,-43
205000063,36,250,-214
205000064,16,290,-274
205000065,70,859,-789
205000066,152,1106,-954
205000067,71,1403,-1332
205000069,169,39,130
205000082,236,774,-538
205000110,89,331,-242
205000111,248,402,-154
205000112,239,387,-148
205000113,284,573,-289
205000121,431,302,129
205000123,94,383,-289
205000126,635,637,-2
205000127,1062,769,293
205000128,1005,607,398
205000129,1054,519,535
205000130,1891,149,1742
205000131,2102,30,2072
205000132,2199,10,2189
205000133,2279,4,2275
205000134,1107,0,1107
205000137,126,189,-63
205000138,249,503,-254
205000139,31,201,-170
205000144,91,151,-60
205000145,497,580,-83
205000151,306,196,110
205000152,291,174,117
205000153,293,237,56
205000154,121,284,-163
205000155,251,85,166
205000207,12,247,-235
205000233,223,116,107
205000234,0,3,-3
205000243,0,1,-1
205000244,0,10,-10
205000245,15,508,-493
205000249,2,87,-85
205000250,5,1,4
205000264,13,104,-91
206000027,16,8,8
206000028,3,3,0
206000043,18,176,-158
206000053,3,36,-33
206000054,8,46,-38
206000055,2,82,-80
206000075,7,13,-6
206000076,40,20,20
206000077,28,1,27
206000078,18,14,4
206000079,33,6,27
206000082,1124,62,1062
206000100,115,1502,-1387
206000103,12,24,-12
206000104,43,28,15
206000105,16,15,1
206000106,9,39,-30
206000108,931,42,889
206000125,49,0,49
206000157,109,1202,-1093
206000170,0,298,-298
206000171,8,277,-269
206000172,10,1149,-1139
206000173,4,456,-452
206000174,18,156,-138
206000175,7,193,-186
206000176,30,354,-324
206000177,1,265,-264
206000178,6,233,-227
206000179,37,162,-125
206000180,31,305,-274
206000181,5,502,-497
206000182,28,464,-436
206000183,20,1650,-1630
206000184,7,548,-541
206000185,14,388,-374
206000186,166,2059,-1893
206000223,17,281,-264
206000226,18,4,14
206000227,68,2,66
206000237,41,568,-527
206000238,51,859,-808
206000239,777,3306,-2529
206000240,2,66,-64
206000241,0,198,-198
206000242,8,458,-450
206000243,11,440,-429
206000244,90,1162,-1072
206000245,570,69,501
206000246,101,15,86
206000247,119,4,115
206000248,588,33,555
206000252,158,38,120
206000258,17,72,-55
206000315,67,3,64
206000317,623,125,498
206000318,413,98,315
206000319,911,125,786
206000320,131,71,60
206000321,105,14,91
206000322,510,23,487
206000323,127,15,112
206000324,139,11,128
206000325,342,14,328
206000326,411,12,399
206000327,796,5,791
206000328,93,5,88
206000329,221,5,216
206000330,40,13,27
206000331,103,3,100
206000332,35,5,30
206000333,530,4,526
206000334,279,0,279
206000335,0,30,-30
206000361,6,360,-354
206000392,6,79,-73
206000405,140,4,136
206000441,26,30,-4
206000498,61,4,57
206000515,177,48,129
206000530,199,74,125
206000531,243,260,-17
206000532,4276,351,3925
206000535,579,3767,-3188
206000536,27,343,-316
206000537,18,351,-333
206000613,2131,321,1810
207000001,296,718,-422
207000002,169,400,-231
207000003,223,268,-45
207000007,687,353,334
207000008,67,7,60
207000009,75,38,37
207000010,610,757,-147
207000012,476,453,23
207000015,453,2213,-1760
207000019,316,120,196
207000021,928,262,666
207000022,238,192,46
207000023,259,63,196
207000024,8,25,-17
207000025,54,96,-42
207000026,165,78,87
207000027,58,127,-69
207000028,69,300,-231
207000029,378,708,-330
207000033,423,517,-94
207000034,463,120,343
207000039,390,249,141
207000040,309,181,128
207000041,157,98,59
207000042,385,142,243
207000043,354,283,71
207000051,198,451,-253
207000052,32,247,-215
207000053,660,1100,-440
207000054,75,189,-114
207000055,244,233,11
207000056,495,554,-59
207000057,229,423,-194
207000058,250,530,-280
207000059,139,1053,-914
207000060,153,376,-223
207000061,394,391,3
207000062,304,43,261
207000063,287,143,144
207000064,475,238,237
207000065,406,322,84
207000066,234,279,-45
207000067,52,176,-124
207000068,149,145,4
207000069,753,604,149
207000082,28,394,-366
207000083,92,532,-440
207000084,310,382,-72
207000085,154,6,148
207000086,145,5,140
207000106,23,57,-34
207000107,70,31,39
207000108,83,14,69
207000109,109,17,92
207000110,91,75,16
207000111,102,65,37
207000112,447,688,-241
207000114,35,53,-18
207000115,52,128,-76
207000116,41,475,-434
207000117,15,183,-168
207000118,4,124,-120
207000119,58,138,-80
207000123,272,56,216
207000124,96,54,42
207000125,81,101,-20
207000126,96,94,2
207000134,74,213,-139
207000135,21,381,-360
207000148,55,320,-265
207000149,173,80,93
207000152,235,632,-397
207000153,1408,1760,-352
207000154,640,179,461
207000159,167,317,-150
207000160,178,849,-671
207000238,2,229,-227
207000242,6,344,-338
207000248,47,110,-63
207000249,293,77,216
207000250,2175,119,2056
207000251,183,195,-12
207000252,150,131,19
207000278,103,128,-25
207000279,14,312,-298
207000280,393,107,286
207000281,131,1760,-1629
207000282,215,63,152
207000283,207,425,-218
207000284,84,128,-44
207000285,254,41,213
207000291,13,179,-166
207000304,194,89,105
207000306,120,664,-544
207000310,141,106,35
207000353,295,2,293
207000356,25,37,-12
207000357,194,13,181
207000358,138,24,114
207000415,2,401,-399
207000417,45,8,37
207000418,102,189,-87
207000438,0,1,-1
207000439,1390,819,571
207000446,163,2,161
207000460,13,9,4
207000466,221,224,-3
207000467,290,172,118
207000468,69,613,-544
207000476,8,127,-119
207000477,791,241,550
207000478,16,56,-40
207000523,0,9,-9
207000524,31,1,30
207000527,156,315,-159
207000530,485,9,476
207000531,340,15,325
207000532,124,39,85
207000534,1014,104,910
207000535,97,437,-340
207000537,46,264,-218
207000540,8,416,-408
207000541,7,610,-603
207000548,15,621,-606
207000549,351,19,332
207000561,158,189,-31
207000562,64,460,-396
207000567,239,399,-160
207000568,170,186,-16
207000569,508,1633,-1125
207000584,600,451,149
207000585,232,393,-161
207000616,2,226,-224
207000617,175,3,172
207900008,177,187,-10
208000001,814,1644,-830
208000002,946,1009,-63
208000003,1882,1072,810
208000004,2398,1534,864
208000005,76,29,47
208000019,752,1600,-848
208000020,279,773,-494
208000021,334,980,-646
208000022,1200,1052,148
208000028,2100,1662,438
208000033,693,1151,-458
208000034,1880,3417,-1537
208000040,186,280,-94
208000041,1157,868,289
208000042,1541,1109,432
208000047,347,759,-412
208000064,4025,3008,1017
208000066,2849,3755,-906
208000070,425,638,-213
208000071,685,1386,-701
208000072,604,2146,-1542
208000080,321,721,-400
208000081,488,339,149
208000082,434,462,-28
208000083,251,576,-325
208000084,189,38,151
208000085,2081,881,1200
208000086,954,1338,-384
208000087,571,1156,-585
208000089,1362,1287,75
208000090,1242,1633,-391
208000093,185,256,-71
208000094,713,1039,-326
208000095,1343,777,566
208000104,1341,2001,-660
208000105,1003,2106,-1103
208000114,221,507,-286
208000115,885,533,352
208000116,734,1493,-759
208000117,153,263,-110
208000118,169,191,-22
208000155,1230,1424,-194
208000158,2602,5614,-3012
208000186,4864,6222,-1358
208000204,891,1937,-1046
208000205,1600,2388,-788
208000282,6842,3992,2850
209000004,344,509,-165
209000005,70,101,-31
209000006,1179,245,934
209000007,969,508,461
209000010,1269,278,991
209000011,357,418,-61
209000012,287,386,-99
209000013,374,953,-579
209000014,909,2376,-1467
209000025,518,89,429
209000026,1228,223,1005
209000027,552,1829,-1277
209000028,676,1551,-875
209000029,2421,1441,980
209000030,1426,3052,-1626
209000031,6434,4585,1849
209000034,383,389,-6
209000035,206,295,-89
209000036,337,241,96
209000037,302,413,-111
209000038,197,283,-86
209000039,67,285,-218
209000040,540,812,-272
209000041,317,625,-308
209000042,391,638,-247
209000043,1406,1157,249
209000044,398,1118,-720
209000045,1985,728,1257
209000046,776,812,-36
209000047,707,295,412
209000048,1106,435,671
209000049,140,169,-29
209000050,246,287,-41
209000051,417,555,-138
209000052,284,523,-239
209000062,73,311,-238
209000063,52,244,-192
209000064,44,278,-234
209000065,105,130,-25
209000066,95,83,12
209000067,112,130,-18
209000080,42,388,-346
209000082,139,113,26
209000091,87,236,-149
209000093,182,47,135
209000094,342,311,31
209000110,95,237,-142
209000111,659,2989,-2330
209000112,1275,1220,55
209000113,5629,1201,4428
209000114,773,864,-91
209000115,147,282,-135
209000116,1147,1086,61
209000118,156,106,50
209000119,239,16,223
209000121,301,1118,-817
209000135,164,350,-186
209000142,1294,4045,-2751
209000143,615,219,396
209000144,410,201,209
209000229,289,296,-7
209000240,98,769,-671
209000259,127,166,-39
209000260,107,2184,-2077
209000261,4,1223,-1219
209000262,5,948,-943
209000263,1,335,-334
209000264,0,267,-267
209000265,665,32,633
209000266,140,3,137
209000267,1215,33,1182
209000268,1135,174,961
210000037,156,34,122
210000047,130,33,97
210000048,134,77,57
210000049,113,52,61
210000052,70,207,-137
210000053,62,137,-75
210000054,86,172,-86
210000070,219,4,215
210000071,117,4,113
210000072,67,0,67
210000073,1,60,-59
210000074,0,226,-226
210000075,1,135,-134
210000076,18,254,-236
210000077,190,61,129
210000078,89,38,51
210000079,180,28,152
210000080,711,112,599
210000081,483,40,443
210000082,532,7,525
210000083,211,3,208
210000084,69,0,69
210000085,2,147,-145
210000086,6,189,-183
210000099,81,455,-374
210000100,107,470,-363
210000101,119,518,-399
210000105,77,574,-497
210000159,1,277,-276
210000163,294,463,-169
210000164,548,296,252
210000168,230,35,195
210000187,1,19,-18
210000188,0,41,-41
210000214,67,0,67
210000219,34,114,-80
210000220,103,140,-37
210000232,2,40,-38
210000233,52,141,-89
210000234,42,325,-283
210000235,70,291,-221
210000245,0,92,-92
210000246,43,3,40
210000258,17,153,-136
210000259,495,79,416
210000282,126,446,-320
210000285,3,204,-201
210000286,29,224,-195
210000290,2,13,-11
210000295,98,353,-255
210000296,177,130,47
210000320,242,178,64
210000321,152,193,-41
210000338,296,156,140
210000339,656,2341,-1685
210000340,277,1049,-772
210000341,328,604,-276
210000342,299,400,-101
210000343,521,370,151
210000344,1068,254,814
210000345,456,642,-186
210000346,222,285,-63
210000347,813,73,740
210000348,444,25,419
210000349,589,30,559
210000350,196,88,108
210000351,218,143,75
210000352,94,199,-105
210000353,48,223,-175
210000354,100,210,-110
210000355,192,256,-64
210000356,408,153,255
210000357,189,135,54
210000358,792,268,524
210000359,434,155,279
210000360,478,161,317
210000361,346,248,98
210000362,404,342,62
210000363,1229,371,858
210000364,229,335,-106
210000365,200,141,59
210000366,208,134,74
210000367,171,102,69
210000368,255,75,180
210000369,99,27,72
210000370,185,69,116
210000372,166,85,81
210000373,308,47,261
210000374,165,27,138
210000375,46,211,-165
210000376,175,365,-190
210000404,73,356,-283
210000439,66,124,-58
210000472,387,12,375
210000482,170,174,-4
210000564,782,588,194
210000567,1,18,-17
210000568,950,5,945
211000092,30,114,-84
211000094,21,4,17
211000169,284,26,258
211000172,12,416,-404
211000209,6,33,-27
211000226,16,16,0
211000270,29,8,21
211000275,24,33,-9
211000276,136,50,86
211000279,29,63,-34
211000281,31,85,-54
211507980,0,48,-48
211977296,139,6,133
212000003,406,137,269
212000004,249,46,203
212000005,85,73,12
212000006,141,126,15
212000008,219,162,57
212000009,32,172,-140
212000012,91,148,-57
212000013,24,52,-28
212000014,355,207,148
212000015,371,332,39
212000016,613,773,-160
212000027,639,1011,-372
212000028,408,885,-477
212000029,249,692,-443
212000030,47,80,-33
212000031,93,114,-21
212000048,61,197,-136
212000049,25,147,-122
212000050,41,10,31
212000051,237,310,-73
212000052,220,561,-341
212000053,458,970,-512
212000054,229,284,-55
212000055,252,525,-273
212000056,22,122,-100
212000057,16,75,-59
212000058,639,96,543
212000070,206,494,-288
212000077,168,1163,-995
212000099,274,586,-312
212000108,484,423,61
212000111,255,265,-10
212000120,245,124,121
212000138,403,36,367
212000156,10,212,-202
212000158,18,16,2
212000159,358,90,268
212000160,578,465,113
212000161,80,17,63
212000310,49,24,25
212000311,7,192,-185
212000374,40,21,19
213000001,55,994,-939
213000005,725,242,483
213000006,1805,377,1428
213000007,463,74,389
213000009,925,653,272
213000010,281,428,-147
213000011,461,225,236
213000012,198,691,-493
213000014,85,8,77
213000015,263,13,250
213000016,524,3,521
213000017,168,0,168
213000018,5,276,-271
213000019,3,226,-223
213000020,136,693,-557
213000021,7,156,-149
213000023,338,375,-37
213000033,368,1999,-1631
213000034,866,550,316
213000035,107,660,-553
213000045,198,375,-177
213000046,237,305,-68
213000047,757,1511,-754
213000056,139,188,-49
213000069,294,12,282
213000073,5,22,-17
213000074,135,953,-818
213000075,1031,7,1024
213000076,45,4,41
213000085,12,64,-52
213000086,28,376,-348
213000091,159,18,141
213000092,69,16,53
213000099,229,1418,-1189
213000100,1961,448,1513
213000101,370,271,99
213000102,466,556,-90
213000103,1295,1498,-203
213000104,74,703,-629
213000105,6,102,-96
213000106,25,280,-255
213000107,195,964,-769
213000108,37,832,-795
213000109,5,378,-373
213000110,12,128,-116
213000111,17,89,-72
213000112,234,170,64
213000115,47,18,29
213000116,87,1428,-1341
213000117,23,1949,-1926
213000118,624,568,56
213000119,96,1414,-1318
213000120,139,1116,-977
213000122,393,1372,-979
213000123,1083,2912,-1829
213000124,211,2458,-2247
213000125,221,17,204
213000126,172,143,29
213000127,248,225,23
213000128,1042,1370,-328
213000129,782,1236,-454
213000130,513,526,-13
213000132,387,208,179
213000133,706,243,463
213000134,1511,35,1476
213000136,488,40,448
213000137,808,217,591
213000139,548,62,486
213000147,225,10,215
213000148,108,18,90
213000149,413,18,395
213000150,0,152,-152
213000151,18,132,-114
213000152,10,111,-101
213000153,1,94,-93
213000154,23,399,-376
213000155,57,548,-491
213000156,112,1012,-900
213000157,1113,701,412
213000158,402,1375,-973
213000159,601,1137,-536
213000163,718,178,540
213000165,979,441,538
213000171,3,142,-139
213000172,4,547,-543
213000173,1,347,-346
213000174,3,313,-310
213000175,9,209,-200
213000176,53,35,18
213000177,81,9,72
213000178,141,7,134
213000179,205,1,204
213000180,146,2,144
213000184,134,934,-800
213000188,665,136,529
213000189,451,56,395
213000190,1292,1537,-245
213000191,387,961,-574
213000192,234,908,-674
213000193,2429,361,2068
213000194,15,76,-61
213000195,25,584,-559
213000196,305,1501,-1196
213000197,416,1674,-1258
213000198,222,7,215
213000200,180,1589,-1409
213000201,95,64,31
213000202,35,1275,-1240
213000203,5250,1229,4021
213000204,690,218,472
213000205,411,321,90
213000206,903,244,659
213000207,323,55,268
213000208,367,10,357
213000209,357,4,353
213000210,1578,17,1561
213000211,51,25,26
213000212,50,15,35
213000213,42,42,0
213000218,465,1516,-1051
213000219,765,16,749
213000220,863,14,849
213000223,606,289,317
213000224,179,62,117
213000225,99,24,75
213000226,139,24,115
213000227,1273,492,781
213000228,373,205,168
213000229,564,47,517
213000230,475,92,383
213000232,175,768,-593
213000233,28,105,-77
213000234,7,92,-85
213000293,54,86,-32
213000294,364,22,342
213000295,63,93,-30
213000296,56,48,8
213000297,9,278,-269
213000298,34,178,-144
213000299,99,86,13
213000300,11,7,4
213000303,11,46,-35
213000304,7,13,-6
213000305,3,10,-7
213000306,428,53,375
213000307,1600,128,1472
213000308,148,409,-261
213000309,290,96,194
213000310,870,193,677
213000311,391,1314,-923
213000315,126,223,-97
213000316,164,90,74
213000322,119,265,-146
213000323,76,141,-65
213000324,66,139,-73
213000325,58,231,-173
213000326,62,70,-8
213000327,60,139,-79
213000328,35,229,-194
213000329,134,87,47
213000340,238,1357,-1119
213000341,481,205,276
213000346,367,285,82
213000347,1326,605,721
213000348,14,174,-160
213000349,21,12,9
213000350,425,2223,-1798
213000366,114,674,-560
213000367,255,53,202
213000379,134,149,-15
213000386,17,307,-290
213000406,99,659,-560
213000417,2243,924,1319
213000425,163,60,103
213000426,146,123,23
213000427,75,665,-590
213000428,50,301,-251
213000429,30,5,25
213000430,138,1354,-1216
213000431,71,4,67
213000432,6,48,-42
213000433,39,327,-288
213000434,91,224,-133
213000435,84,169,-85
213000436,20,163,-143
213000437,2,61,-59
213000438,180,133,47
213000439,128,29,99
213000440,10,501,-491
213000441,2,3,-1
213000442,4,66,-62
213000443,825,874,-49
213000444,48,108,-60
213000445,1,162,-161
213000446,0,22,-22
213000447,15,156,-141
213000448,7,156,-149
213000449,314,5,309
213000450,29,78,-49
213000451,303,148,155
213000452,45,26,19
213000453,68,551,-483
213000455,661,88,573
213000456,1,339,-338
213000481,10,17,-7
213000484,74,8,66
213000489,522,284,238
213000491,0,222,-222
213000492,1587,52,1535
213000493,1,280,-279
213000494,247,305,-58
213000495,0,137,-137
213000496,418,424,-6
213000497,79,565,-486
213000498,140,411,-271
213000499,199,1029,-830
213000500,480,165,315
213000501,117,41,76
213000502,559,155,404
213000503,7,132,-125
213000504,17,310,-293
213000505,20,3,17
213000506,0,14,-14
213000507,3,214,-211
213900016,0,9,-9
213900244,43,1,42
213900245,0,35,-35
218000003,50,29,21
218000004,71,38,33
218000005,90,63,27
218000006,133,47,86
218000007,18,29,-11
218000012,746,383,363
218000013,155,229,-74
218000014,566,705,-139
218000019,1108,1092,16
218000020,438,1045,-607
218000021,50,138,-88
218000022,16,57,-41
218000023,6,67,-61
218000024,2,37,-35
218000025,14,44,-30
218000026,17,80,-63
218000027,3,19,-16
218000028,6,5,1
218000029,1,7,-6
218000030,33,57,-24
218000031,8,51,-43
218000032,17,54,-37
218000040,5,3,2
218000046,109,172,-63
218000047,17,223,-206
218000048,110,293,-183
218000049,190,286,-96
218000050,534,476,58
218000051,132,458,-326
218000052,2,208,-206
218000053,3,17,-14
218000054,7,82,-75
218000055,7,28,-21
218000056,26,33,-7
218000057,1,38,-37
218000064,2,19,-17
218000065,74,102,-28
218000066,11,137,-126
218000067,64,177,-113
218000068,135,210,-75
218000069,210,275,-65
218000070,141,434,-293
218000071,223,332,-109
218000072,374,406,-32
218000078,1041,1837,-796
218000079,107,143,-36
218000080,124,139,-15
218000081,386,508,-122
218000082,76,282,-206
218000083,111,127,-16
218000084,163,314,-151
218000085,185,689,-504
218000086,78,347,-269
218000087,268,378,-110
218000090,19,142,-123
218000091,1278,865,413
218000092,134,284,-150
218000093,137,100,37
218000094,713,979,-266
218000099,484,962,-478
218000100,362,456,-94
218000101,387,263,124
218000102,446,429,17
218000103,113,310,-197
218000104,136,61,75
218000105,57,14,43
218000106,18,19,-1
218000107,80,100,-20
218000108,8,81,-73
218000112,132,30,102
218000117,84,117,-33
218000134,975,1593,-618
218000135,132,240,-108
218000136,317,122,195
218000137,374,195,179
218000138,44,141,-97
218000139,283,452,-169
218000140,600,324,276
218000141,254,98,156
218000142,192,289,-97
218000143,219,312,-93
218000144,162,130,32
218000145,440,576,-136
218000146,73,279,-206
218000151,86,46,40
218000152,192,93,99
218000153,0,13,-13
218000154,16,2,14
218000155,21,4,17
218000156,77,41,36
218000157,32,38,-6
218000158,9,23,-14
218000159,13,5,8
218000160,12,11,1
218000161,22,9,13
218000162,39,8,31
218000163,5,3,2
218000164,46,12,34
218000165,64,75,-11
218000170,11,74,-63
218000171,94,14,80
218000172,53,14,39
218000173,67,18,49
218000174,94,22,72
218000176,188,69,119
218000177,387,401,-14
218000178,112,386,-274
218000179,79,196,-117
218000180,90,78,12
218000181,227,121,106
218000187,13,37,-24
218000188,114,70,44
218000189,40,131,-91
218000190,14,29,-15
218000191,96,115,-19
218000192,222,532,-310
218000193,575,714,-139
218000194,127,711,-584
218000195,193,147,46
218000196,419,516,-97
218000197,336,595,-259
218000198,8,284,-276
218000199,112,64,48
218000200,97,66,31
218000201,20,18,2
218000202,326,454,-128
218000207,11,102,-91
218000208,142,99,43
218000211,92,15,77
218000212,3,10,-7
218000213,193,84,109
218000214,10,40,-30
218000215,70,128,-58
218000217,1,228,-227
218000218,341,292,49
218000219,342,63,279
218000220,669,469,200
218000221,5279,357,4922
218000222,100,52,48
218000223,45,387,-342
218000224,11,174,-163
218000225,311,35,276
218000226,145,136,9
218000230,0,5,-5
218000232,80,196,-116
218000239,181,21,160
218000240,23,5,18
218000241,78,0,78
218000242,94,0,94
218000243,139,3,136
218000244,188,7,181
218000245,31,5,26
218000246,0,0,0
218000247,1,0,1
218000248,0,45,-45
218000249,0,4,-4
218000250,11,25,-14
218000251,13,64,-51
218000252,5,48,-43
218000253,8,24,-16
218000254,2,35,-33
218000255,2,17,-15
218000256,14,43,-29
218000267,1187,1880,-693
218000268,23,121,-98
218000269,12,23,-11
218000270,65,61,4
218000271,55,70,-15
218000273,27,21,6
218000274,11,8,3
218000275,14,66,-52
218000276,20,73,-53
218000278,45,64,-19
218000279,29,52,-23
218000280,29,24,5
218000281,44,19,25
218000282,887,534,353
218000284,153,59,94
218000301,134,168,-34
218000302,162,87,75
218000303,58,63,-5
218000316,878,2229,-1351
218000317,1110,2271,-1161
218000318,524,1582,-1058
218000319,1416,2464,-1048
218000320,1161,1279,-118
218000338,185,44,141
218000345,272,51,221
218000346,181,366,-185
218000459,55,563,-508
218000490,146,79,67
218000501,90,66,24
218000502,45,135,-90
218000503,98,41,57
218000504,234,38,196
218000505,104,217,-113
218000506,51,317,-266
218000508,5,13,-8
218000510,341,16,325
218000520,205,141,64
218000521,23,124,-101
218000522,2,202,-200
218000523,361,3,358
218000524,66,293,-227
218000525,222,18,204
218000526,49,196,-147
218000529,62,477,-415
218000530,15,5,10
218000531,15,46,-31
218000532,68,40,28
218000534,124,15,109
218000537,57,106,-49
218000538,165,204,-39
218000540,333,88,245
218000543,205,101,104
218000544,90,157,-67
218000545,100,90,10
218000546,89,207,-118
218000547,121,193,-72
218000548,188,307,-119
218000549,569,364,205
218000550,272,646,-374
218000551,347,865,-518
218000552,825,52,773
218000553,48,120,-72
218000554,63,38,25
218000555,14,53,-39
218000556,159,549,-390
218000557,288,275,13
218000558,189,4,185
218000559,0,32,-32
218000560,0,27,-27
218000561,27,1,26
218000562,44,234,-190
218000563,294,25,269
218000564,22,167,-145
218000565,341,39,302
218000566,460,53,407
218000567,2,96,-94
218000568,21,3,18
218000569,11,196,-185
218000570,152,12,140
218000571,1,94,-93
218000572,232,5,227
218000573,15,165,-150
218000574,140,95,45
218000575,242,1,241
218000576,0,62,-62
218000577,526,4,522
218000578,3,86,-83
218000579,88,44,44
218000581,6,99,-93
218000582,65,5,60
218000583,16,0,16
218000584,0,32,-32
218000585,84,8,76
218000586,28,38,-10
218000587,3,5,-2
218000588,2,1,1
218000589,1,3,-2
218000590,8,1,7
218000591,1,5,-4
218000592,7,0,7
218000593,0,0,0
218000594,0,1,-1
218000595,1,0,1
218000596,0,0,0
218000597,1,0,1
218000598,2,2,0
218000599,1,2,-1
218000600,1,0,1
218000601,0,0,0
218000602,0,4,-4
218000603,0,8,-8
218000604,38,0,38
218000605,0,39,-39
218000606,115,1,114
218000607,9,56,-47
218000608,137,12,125
218000609,4,57,-53
218000610,248,6,242
218000611,133,9,124
218000612,0,30,-30
218000613,64,1,63
218000614,29,59,-30
218000615,354,2,352
218000616,12,192,-180
218000617,18,6,12
218000618,0,28,-28
218000619,60,31,29
218000620,17,20,-3
218000621,0,10,-10
218000622,0,9,-9
218000623,56,0,56
218000624,19,43,-24
218000625,31,1,30
218000626,0,14,-14
218000628,179,73,106
218000631,28,22,6
218000632,1,99,-98
218000633,155,2,153
218000634,10,20,-10
218000635,18,19,-1
218000636,1193,2364,-1171
218000637,921,1134,-213
218000638,186,99,87
218000639,19,368,-349
218000640,307,51,256
218000641,90,580,-490
218000652,99,206,-107
218000653,215,160,55
218000663,6,178,-172
218000675,76,58,18
218000676,6,46,-40
218000677,10,13,-3
218000680,141,718,-577
218000681,415,249,166
218000691,126,532,-406
218000693,238,248,-10
218000703,10,101,-91
218000718,1337,985,352
218000719,2014,453,1561
218000720,31,127,-96
218000721,195,21,174
218000725,6,7,-1
218001214,21,58,-37
218001329,223,183,40
218001330,196,137,59
218001351,43,16,27
218001352,25,19,6
218001353,33,7,26
218001354,7,29,-22
218001355,58,20,38
218001357,30,7,23
219000001,41,73,-32
219000002,72,111,-39
219000003,50,27,23
219000004,101,74,27
219000017,752,21,731
219000020,168,92,76
219000022,209,9,200
219000023,107,0,107
219000029,0,118,-118
219000034,95,21,74
219000039,96,119,-23
219000040,143,48,95
219000041,251,53,198
219000051,0,75,-75
219000052,0,48,-48
219000053,2,255,-253
219000054,79,189,-110
219000055,170,4,166
219000056,90,0,90
219000057,270,0,270
219000062,16,306,-290
219000063,100,14,86
219000064,1,97,-96
219000110,498,104,394
219000111,139,65,74
219000112,310,87,223
219000113,199,68,131
219000114,459,129,330
219000116,101,57,44
219000117,166,118,48
219000118,186,93,93
219000123,326,138,188
219000124,116,95,21
219000125,14,27,-13
219000126,124,163,-39
219000127,0,12,-12
219000128,14,136,-122
219000129,38,172,-134
219000130,1065,1034,31
219000131,1190,1219,-29
219000133,83,47,36
219000134,13,13,0
219000135,63,100,-37
219000136,145,209,-64
219000138,116,43,73
219000139,32,91,-59
219000140,54,11,43
219000141,19,159,-140
219000142,25,186,-161
219000143,34,202,-168
219000145,41,117,-76
219000146,5,89,-84
219000147,4,108,-104
219000148,4,99,-95
219000149,24,226,-202
219000150,7,170,-163
219000151,6,134,-128
219000157,224,230,-6
219000158,277,405,-128
219000161,263,13,250
219000163,2769,772,1997
219000166,208,246,-38
219000167,169,303,-134
219000168,455,178,277
219000174,530,175,355
219000175,116,2,114
219000176,80,10,70
219000177,26,3,23
219000178,49,1,48
219000179,25,12,13
219000180,54,50,4
219000182,164,35,129
219000183,77,52,25
219000184,122,15,107
219000185,1,125,-124
219000186,32,76,-44
219000187,38,208,-170
219000189,195,255,-60
219000190,195,372,-177
219000191,2381,1818,563
219000192,256,163,93
219000193,563,211,352
219000195,6,139,-133
219000196,6,228,-222
219000198,46,299,-253
219000199,171,426,-255
219000200,87,351,-264
219000201,113,431,-318
219000203,45,211,-166
219000204,192,305,-113
219000205,94,259,-165
219000207,306,382,-76
219000209,41,134,-93
219000210,373,204,169
219000213,21,476,-455
219000239,265,351,-86
219000240,320,520,-200
219000241,199,393,-194
219000242,156,328,-172
219000243,151,482,-331
219000244,47,130,-83
219000245,55,79,-24
219000246,78,26,52
219000247,152,63,89
219000248,853,469,384
219000249,286,102,184
219000250,228,120,108
219000251,959,285,674
219000252,334,185,149
219000253,447,112,335
219000255,133,140,-7
219000256,181,95,86
219000257,277,4,273
219000262,117,346,-229
219000263,57,290,-233
219000267,21,202,-181
219000268,4,5,-1
219000269,22,6,16
219000270,18,0,18
219000271,175,33,142
219000278,0,7,-7
219000279,1,6,-5
219000283,0,13,-13
219000295,13,161,-148
219000296,103,778,-675
219000297,23,285,-262
219000298,19,354,-335
219000299,634,230,404
219000300,36,378,-342
219000301,320,486,-166
219000302,78,337,-259
219000307,53,78,-25
219000308,38,29,9
219000311,273,81,192
219000312,780,108,672
219000313,385,100,285
219000314,104,977,-873
219000315,223,78,145
219000316,647,99,548
219000317,114,44,70
219000320,0,60,-60
219000321,0,18,-18
219000323,20,137,-117
219000325,2,42,-40
219000326,77,190,-113
219000327,126,52,74
219000328,93,92,1
219000329,407,209,198
219000330,79,62,17
219000331,89,41,48
219000332,101,137,-36
219000333,17,9,8
219000335,109,4,105
219000337,62,3,59
219000338,212,1,211
219000344,34,129,-95
219000345,80,201,-121
219000346,71,245,-174
219000348,192,310,-118
219000349,54,362,-308
219000350,110,226,-116
219000351,9,7,2
219000352,462,103,359
219000353,144,109,35
219000354,156,207,-51
219000355,222,88,134
219000356,2960,1492,1468
219000363,443,56,387
219000364,88,62,26
219000365,167,34,133
219000366,431,565,-134
219000368,743,663,80
219000370,1933,527,1406
219000371,27,32,-5
219000382,11,20,-9
219000383,1090,1395,-305
219000385,921,807,114
219000386,1461,2463,-1002
219000387,12,9,3
219000390,19,6,13
219000391,13,1,12
219000397,123,117,6
219000398,79,38,41
219000401,16,177,-161
219000402,35,157,-122
219000403,168,345,-177
219000404,33,122,-89
219000407,0,67,-67
219000409,81,62,19
219000410,113,45,68
219000411,104,18,86
219000446,308,747,-439
219000447,0,32,-32
219000448,13,19,-6
219000452,161,89,72
219000453,101,208,-107
219000454,547,297,250
219000556,262,136,126
219000558,265,324,-59
219000590,41,308,-267
219000591,108,114,-6
219000592,235,610,-375
219000595,2,39,-37
219000635,146,116,30
219000636,39,161,-122
219000657,50,33,17
219000658,84,104,-20
219000673,0,23,-23
219000676,249,28,221
219000679,130,5,125
219000684,212,7,205
219000685,0,94,-94
219000686,1,4,-3
219000688,0,112,-112
219000689,48,404,-356
219000690,277,41,236
219000691,80,273,-193
219000692,206,39,167
219000693,0,38,-38
219000694,8,1,7
219000695,17,8,9
219000698,99,0,99
219000699,0,24,-24
219000727,6,180,-174
219000728,121,13,108
219000770,88,0,88
219000771,2,44,-42
219000788,465,264,201
219001150,2,31,-29
219001151,0,3,-3
219001166,57,25,32
219001167,2,142,-140
219001178,38,0,38
220000001,175,95,80
220000002,37,244,-207
220000003,1024,434,590
220000004,1892,913,979
220000005,2499,2810,-311
220000006,317,1424,-1107
220000007,518,905,-387
220000008,567,1507,-940
220000009,413,762,-349
220000010,369,364,5
220000011,1724,6373,-4649
220000012,158,1032,-874
220000014,200,68,132
220000015,170,251,-81
220000017,73,637,-564
220000018,10490,5239,5251
220000019,215,511,-296
220000020,845,416,429
220000021,728,319,409
220000022,755,785,-30
220000023,322,260,62
220000024,3138,493,2645
220000025,2331,1545,786
220000026,361,352,9
220000027,39,226,-187
220000028,61,57,4
220000029,129,473,-344
220000030,190,154,36
220000031,668,626,42
220000064,42,1216,-1174
221000046,63,32,31
221000047,0,4,-4
221000048,0,5,-5
221000049,2,21,-19
221000050,33,1,32
221000055,73,68,5
221000057,65,20,45
221000068,460,196,264
221000069,494,126,368
221000070,261,30,231
221000071,104,14,90
221000072,434,19,415
221000073,266,96,170
221000074,2,42,-40
221000075,78,27,51
221000076,8,55,-47
221000077,64,135,-71
221000081,95,73,22
221000082,75,14,61
221000083,58,12,46
221000084,10,4,6
221000085,33,123,-90
221000086,17,173,-156
221000087,9,272,-263
221000088,22,281,-259
221000089,29,471,-442
221000090,165,815,-650
221000098,182,23,159
221000099,214,15,199
221000100,93,9,84
221000101,229,20,209
221000102,143,18,125
221000109,16,142,-126
221000110,17,155,-138
221000111,36,245,-209
221000112,13,235,-222
221000113,27,232,-205
221000114,17,250,-233
221000120,59,51,8
221000121,18,42,-24
221000122,162,65,97
221000123,15,26,-11
221000124,74,370,-296
221000155,137,25,112
221000156,154,68,86
221000175,1,20,-19
221000176,1,4,-3
221000182,69,9,60
221000241,616,374,242
221000242,325,660,-335
221000243,697,256,441
221000244,441,690,-249
221000245,127,122,5
221000246,48,325,-277
221000247,134,156,-22
221000248,234,165,69
221000267,159,1166,-1007
221000325,78,92,-14
221000331,73,172,-99
221000338,153,38,115
221000378,219,59,160
221000381,101,84,17
222000282,21,3,18
222000296,3,54,-51
222000568,453,28,425
222000569,169,47,122
222000570,148,29,119
222000571,539,18,521
222000577,24,317,-293
222000578,38,281,-243
222000579,46,174,-128
222000580,203,1259,-1056
222000599,0,186,-186
222000600,4,439,-435
222000601,5,1247,-1242
222000603,38,73,-35
222000604,12,48,-36
222000605,68,42,26
222000606,3,10,-7
222000607,10,3,7
222000608,71,17,54
222000609,54,395,-341
222000616,316,78,238
222000617,13,15,-2
222000618,7,8,-1
222000620,83,22,61
222000621,138,13,125
222000623,683,10,673
222000624,289,6,283
222000625,500,74,426
222000636,121,3,118
222000686,59,26,33
222000687,65,51,14
222001066,654,1,653
222001067,19,15,4
222001068,42,116,-74
222001069,56,132,-76
222001082,22,69,-47
222001083,20,126,-106
222001084,0,25,-25
222001085,0,258,-258
222001111,49,276,-227
222001112,100,100,0
222001313,83,8,75
222001314,13,178,-165
222001464,188,64,124
222001465,41,133,-92
222001484,107,82,25
222001485,45,54,-9
222001494,410,164,246
222001495,141,471,-330
222001496,262,100,162
222001497,93,809,-716
222001502,12,159,-147
222001503,139,89,50
222001504,20,398,-378
222001505,384,23,361
222001506,47,407,-360
222001507,435,56,379
222001510,463,52,411
222001511,41,583,-542
222001514,781,296,485
222001515,347,975,-628
222001518,233,100,133
222001519,57,481,-424
222001527,432,175,257
222001528,83,240,-157
222001529,244,77,167
222001530,75,325,-250
222001533,169,544,-375
222001534,357,112,245
222001535,140,254,-114
222001536,127,460,-333
222001537,326,46,280
222001538,109,882,-773
222001563,479,117,362
222001564,67,1042,-975
222001568,446,143,303
222001576,2,1,1
222001579,4,4,0
222001583,76,309,-233
222001584,133,16,117
222001596,800,2097,-1297
222001597,1687,351,1336
222001626,1,238,-237
222001650,72,110,-38
222001651,91,281,-190
222001914,250,134,116
222001915,104,335,-231
222001968,558,247,311
222001969,577,1109,-532
222001970,395,408,-13
222001971,5,83,-78
222001972,6,27,-21
225000001,790,295,495
225000002,680,262,418
225000003,600,156,444
225000004,381,567,-186
225000005,58,105,-47
225000006,2,203,-201
225000007,4645,2125,2520
225000010,501,10,491
225000011,885,2395,-1510
225000012,297,1080,-783
225000013,354,296,58
225000014,2634,178,2456
225000015,156,358,-202
225000021,1168,468,700
225000027,377,984,-607
225000032,1163,296,867
225000042,163,1342,-1179
225000049,60,74,-14
225000050,90,34,56
225000053,5,678,-673
225000058,1245,238,1007
225000067,299,296,3
225000068,180,771,-591
225000069,165,888,-723
225000070,108,783,-675
225000071,63,400,-337
225000075,64,1592,-1528
225000076,184,237,-53
225000078,293,123,170
225000085,64,175,-111
225000086,1043,79,964
225000087,340,102,238
225000088,16,270,-254
225000089,509,1432,-923
225000090,38,656,-618
225000091,220,319,-99
225000092,36,106,-70
225000093,223,564,-341
225000094,19,631,-612
225000095,506,853,-347
225000096,449,886,-437
225000098,925,364,561
225000099,514,243,271
225000100,368,255,113
225000104,156,715,-559
225000110,24,776,-752
225000111,423,2085,-1662
225000112,967,1748,-781
225000113,323,912,-589
225000114,197,503,-306
225000115,3815,1020,2795
225000116,1608,373,1235
225000117,1379,705,674
225000118,1398,598,800
225000119,319,195,124
225000120,991,129,862
225000121,339,48,291
225000123,3274,30,3244
225000125,686,478,208
225000126,1931,486,1445
225000127,1407,1786,-379
225000128,508,1104,-596
225000132,227,49,178
225000133,511,55,456
225000134,802,196,606
225000135,60,22,38
225000136,294,41,253
225000137,194,87,107
225000138,549,114,435
225000143,125,298,-173
225000144,6,518,-512
225000145,87,170,-83
225000146,45,198,-153
225000147,41,610,-569
225000148,6,401,-395
225000149,105,805,-700
225000151,40,582,-542
225000155,389,845,-456
225000156,650,1562,-912
225000157,450,634,-184
225000158,169,598,-429
225000171,5,276,-271
225000180,147,62,85
225000181,1,174,-173
225000182,124,13,111
225000185,6,556,-550
225000187,80,723,-643
225000191,132,1,131
225000194,0,12,-12
225000208,1,77,-76
225000209,124,39,85
225000210,9,666,-657
225000217,0,22,-22
225000218,19,1,18
225000223,5,104,-99
225000224,375,0,375
225000225,25,88,-63
225000226,353,0,353
225000227,122,175,-53
225000228,17,12,5
225000229,0,122,-122
225000230,29,0,29
225000231,0,147,-147
225000232,142,0,142
225000241,126,1,125
225000242,2,53,-51
225000249,11,1,10
225000250,69,1464,-1395
225000251,488,53,435
225000254,46,1,45
225000256,52,127,-75
225000257,1,418,-417
226000042,888,711,177
226000043,183,403,-220
226000044,514,978,-464
226000045,118,685,-567
226000046,863,178,685
226000047,795,139,656
226000048,602,133,469
226000049,575,246,329
226000070,2,195,-193
226000071,0,137,-137
226000072,0,21,-21
226000073,0,32,-32
226000074,0,44,-44
226000084,1,76,-75
226000085,7,21,-14
226000086,1,15,-14
226000087,2,27,-25
226000088,107,53,54
226000090,591,109,482
226000091,44,36,8
226000092,8,10,-2
226000093,60,2,58
226000094,57,14,43
226000095,52,7,45
226000105,46,0,46
226000106,42,0,42
226000107,13,1,12
226000108,65,0,65
226000109,89,1,88
226000124,425,103,322
226000134,580,858,-278
226000135,1265,1288,-23
226000136,465,853,-388
226000137,14,979,-965
226000138,35,603,-568
226000139,2,24,-22
226000156,145,3,142
226000157,192,17,175
226000163,218,105,113
226000202,22,1039,-1017
226000231,257,10,247
226000232,165,8,157
227000033,373,126,247
227000036,319,73,246
227000037,211,49,162
227000038,285,84,201
227000084,2,77,-75
227000085,1,61,-60
227000088,226,12,214
227000089,184,1,183
227000090,187,1,186
227000091,31,1,30
227000092,65,2,63
227000093,261,0,261
227000094,23,0,23
227000130,35,98,-63
227000131,18,318,-300
227000132,14,333,-319
227000133,9,303,-294
227000134,20,551,-531
227000152,0,5,-5
227000153,1,51,-50
227000154,0,26,-26
227000155,0,18,-18
227000156,1,14,-13
227000165,12,30,-18
227000196,324,539,-215
227000199,306,1003,-697
227000230,39,992,-953
227000232,535,45,490
227000242,52,662,-610
227000243,606,115,491
227000245,22,552,-530
227000246,113,689,-576
227000247,348,152,196
227000248,134,38,96
227000249,38,315,-277
227000250,761,215,546
227000251,267,291,-24
227000252,34,498,-464
227000253,102,45,57
227000262,345,68,277
227000266,943,21,922
227000267,45,3618,-3573
227000282,6,399,-393
227000284,480,39,441
227000286,6,113,-107
227000291,17,1012,-995
227000296,461,520,-59
227000484,416,34,382
227000485,41,1393,-1352
227000655,100,45,55
227000656,753,50,703
227000657,72,37,35
227000704,445,15,430
229000265,21,17,4
229000266,11,1,10
229000267,44,0,44
229000268,117,0,117
229000269,92,1,91
229000274,0,91,-91
229000275,0,65,-65
229000276,3,32,-29
229000277,9,7,2
229000278,6,16,-10
229000295,27,61,-34
229000296,11,29,-18
229000297,18,102,-84
229000298,30,358,-328
229000320,42,34,8
229000321,29,35,-6
229000412,76,130,-54
229000414,11,93,-82
229000415,26,0,26
229000416,3,6,-3
229000417,14,26,-12
229000419,298,580,-282
229000440,430,183,247
229000442,22,20,2
229000443,12,12,0
229000444,8,48,-40
229000445,70,16,54
229000446,147,45,102
229000491,1,40,-39
229000492,15,175,-160
229000493,7,141,-134
229000494,38,6,32
229000495,116,16,100
229000496,82,7,75
229000507,1,81,-80
229000508,2,54,-52
229000509,1,77,-76
229000510,3,46,-43
229000511,4,83,-79
229000512,2,53,-51
229000513,0,10,-10
229000514,0,2,-2
229000517,0,17,-17
229000518,14,48,-34
229000519,1,19,-18
229000520,11,22,-11
229000521,61,35,26
229000522,10,22,-12
229000523,22,10,12
229000524,3,5,-2
229000527,15,0,15
229000528,0,0,0
229000529,13,0,13
229000530,81,1,80
229000531,94,5,89
229000532,76,1,75
229000533,131,0,131
229000534,83,1,82
229000564,54,2,52
229000565,9,2,7
229000566,0,12,-12
229000567,0,54,-54
229000582,136,7,129
229000583,16,10,6
229000584,0,40,-40
229000585,2,83,-81
229000718,0,1,-1
229000719,0,1,-1
229000720,0,7,-7
229000721,0,9,-9
229000722,0,23,-23
229000723,0,12,-12
229000724,0,2,-2
229000725,0,7,-7
229000738,4,0,4
229000739,1,1,0
229000740,2,0,2
229000741,16,0,16
229000742,11,0,11
229000743,50,0,50
229000744,3,0,3
229000745,4,0,4
229000746,52,0,52
229000847,35,0,35
229000848,11,0,11
229000849,116,2,114
229000851,22,0,22
229000854,0,74,-74
229000856,2,268,-266
229000857,0,72,-72
229000858,2,243,-241
229000919,33,145,-112
229000930,3,409,-406
229000937,96,22,74
229000966,48,36,12
229000981,32,66,-34
229000985,11,94,-83
229000986,9,12,-3
229000987,0,7,-7
229000988,9,8,1
229000989,43,39,4
229000990,2,0,2
229000991,5,0,5
229000992,23,28,-5
229000993,495,48,447
229000998,31,162,-131
229000999,96,62,34
229001034,1,53,-52
229001035,7,8,-1
229001036,8,148,-140
229001037,71,5,66
229001038,0,7,-7
229001039,49,0,49
229001040,1,217,-216
229001041,154,0,154
229001042,6,47,-41
229001047,24,165,-141
229001050,76,45,31
229001168,0,15,-15
229001200,14,5,9
229001338,5,51,-46
229001394,349,8,341
229001422,134,35,99
229001423,60,240,-180
229001431,74,55,19
229001432,85,125,-40
229001444,172,107,65
229001445,95,311,-216
229001479,7,8,-1
229001503,196,130,66
229001504,125,221,-96
229001505,108,60,48
229001506,93,225,-132
229001509,92,8,84
229001510,26,144,-118
229001545,57,7,50
229001546,11,124,-113
229001553,64,30,34
229001554,45,157,-112
229001630,116,41,75
229001631,39,90,-51
229001635,0,17,-17
229001636,4,0,4
229001658,1,188,-187
229001659,94,4,90
229001660,4,3,1
229001661,3,32,-29
229001662,45,0,45
229001663,0,25,-25
229002584,333,425,-92
229002831,515,376,139
229002841,19,21,-2
229002842,17,37,-20
229002843,133,29,104
229002844,195,99,96
229002845,24,71,-47
229002846,10,29,-19
229002847,59,20,39
229002848,56,41,15
229002849,8,89,-81
229002850,7,4,3
229002851,119,136,-17
229002852,190,94,96
229002853,196,27,169
229002854,241,62,179
229002855,28,28,0
229002856,123,27,96
229002857,18,29,-11
229002858,27,22,5
229002859,183,32,151
229002860,196,21,175
229002861,172,52,120
229002862,106,135,-29
229002863,38,40,-2
229002864,26,60,-34
229002865,25,36,-11
229002866,10,28,-18
229002867,34,45,-11
229002868,9,13,-4
229002869,49,232,-183
229002870,69,21,48
235000066,585,145,440
235000067,169,254,-85
235000072,38,100,-62
235000073,93,441,-348
235000074,55,107,-52
235000080,54,100,-46
235000081,157,175,-18
235000082,128,133,-5
235000083,197,188,9
235000084,71,117,-46
235000085,77,120,-43
235000089,27,38,-11
235000092,18,229,-211
235000093,20,5,15
235000097,22,13,9
235000098,60,22,38
235000099,49,56,-7
235000116,81,36,45
235000117,1279,34,1245
235000133,20,464,-444
235000134,18,145,-127
235000206,16,7,9
235000207,0,3,-3
235000208,4,1,3
235000209,7,2,5
235000210,8,3,5
235000212,2,28,-26
235000213,2,10,-8
235000220,1,8,-7
235000221,180,11,169
235000238,42,37,5
235000239,3,13,-10
235000242,402,505,-103
235000245,930,225,705
235000246,29,93,-64
235000284,4,137,-133
235000295,129,32,97
235000305,245,25,220
235000306,134,14,120
235000307,29,4,25
235000308,57,3,54
235000309,49,1,48
235000310,216,1,215
235000311,305,13,292
235000322,0,39,-39
235000323,0,71,-71
235000324,1,25,-24
235000325,0,8,-8
235000326,7,268,-261
235000351,4,58,-54
235000352,40,54,-14
235000353,0,32,-32
235000354,10,53,-43
235000355,10,89,-79
235000356,183,21,162
235000357,43,21,22
235000358,68,6,62
235000359,5,13,-8
235000360,147,50,97
235000361,84,11,73
235000381,112,279,-167
235000382,149,83,66
235000390,16,4,12
235000391,102,29,73
235000392,107,211,-104
235000393,75,174,-99
235000395,65,57,8
235000396,369,90,279
235000400,215,52,163
235000401,154,212,-58
235000405,165,292,-127
235000406,58,353,-295
235000407,80,116,-36
235000409,206,214,-8
235000410,63,305,-242
235000411,4,93,-89
235000485,0,19,-19
235000486,8,0,8
235000549,73,158,-85
235000550,92,295,-203
235000599,61,119,-58
235000600,15,35,-20
235000601,29,58,-29
235000602,66,241,-175
235000614,3,4,-1
235000648,4,43,-39
235000649,34,18,16
235000685,2,6,-4
235000815,9,27,-18
235000834,0,16,-16
235000855,37,82,-45
235000862,99,288,-189
235000891,0,16,-16
235000892,57,8,49
235000901,54,138,-84
235000907,8,14,-6
235001010,68,128,-60
235001029,702,590,112
235001030,369,364,5
235001078,116,149,-33
235001079,90,129,-39
235001147,34,82,-48
235001166,44,107,-63
235001167,22,66,-44
235001169,38,431,-393
235001188,5,15,-10
235001189,6,2,4
235001197,36,17,19
235001200,60,38,22
235001207,213,20,193
235001210,53,123,-70
235001215,83,160,-77
235001239,2,66,-64
235001244,0,11,-11
235016267,0,47,-47
277101746,0,0,0
277102712,39,24,15
277103813,0,0,0
277103814,0,0,0
277103898,0,9,-9
277104249,0,3,-3
277104250,0,31,-31
277104251,0,7,-7
277104252,1,14,-13
990011530,2,316,-314
990014944,1,692,-691
990015176,94,9,85
990015618,1,226,-225
990016032,5,955,-950
990032570,1,420,-419
990070001,164,7,157
990070103,0,4,-4
990070601,0,99,-99
990070751,514,3,511
990070766,4,903,-899
990071180,1089,364,725
990071343,83,16,67
990071387,0,14,-14
990071823,904,5,899
990072600,1,933,-932
990072964,0,772,-772
990073285,0,4,-4
990074393,5,1652,-1647
990074870,1080,5,1075
990075106,1068,4,1064
990075746,494,5,489
990076437,1374,8,1366
990076458,6,1452,-1446
997000007,382,3,379
997000041,1,197,-196
997000058,64,0,64
997000062,287,27,260
997000069,0,8,-8
997000070,0,126,-126
997000100,51,0,51
997000141,14,3205,-3191
997000198,0,1835,-1835
998000475,1,49,-48
998000736,5,374,-369
998000965,0,17,-17
998001031,0,76,-76
998001700,1,44,-43
998001899,0,1,-1
998001900,13,2,11
998003073,1733,83,1650
998101900,0,0,0
998102850,3,124,-121
998501927,1032,671,361
998501929,177,7,170
998501930,70,0,70
998501931,202,30,172
998501932,7,0,7
998501933,159,0,159
998501937,6,1,5
998501944,42,17,25
998501950,0,0,0
998501970,137,79,58
998501971,0,123,-123
998501973,0,105,-105
998501974,2,422,-420
998501975,953,100,853
998501976,141,0,141
998501977,0,14,-14
998501978,56,1,55
998501979,0,14,-14
998501980,379,4,375
998501981,28,8,20
998501982,0,194,-194
998502006,0,0,0
998502024,0,13,-13
998502032,0,5,-5
998502062,188,102,86
998502063,0,0,0
998502173,9,0,9
998502269,0,1,-1
998601159,1,242,-241
998601292,0,31,-31
999033574,2,519,-517
999800001,91,3,88
999800002,0,7,-7
999800003,10,0,10
999800004,0,5,-5
999800005,0,7,-7
