ID,insum,outsum,diff
100000001,599,963,-364
100000002,5623,1809,3814
100000003,8499,4288,4211
100000004,1625,1478,147
100000005,3005,5384,-2379
100000006,1888,188,1700
100000007,3926,1145,2781
100000008,1116,658,458
100000009,2233,1022,1211
100000010,500,221,279
100000011,1374,156,1218
100000012,138,913,-775
100000013,1449,350,1099
100000014,1626,376,1250
100000015,2112,4064,-1952
100000016,1500,1643,-143
100000017,1957,1126,831
100000018,2901,931,1970
100000019,6882,2713,4169
100000020,3416,12699,-9283
100000021,7089,2767,4322
100000022,2937,2720,217
100000023,6747,2493,4254
100000025,2679,1226,1453
100000028,2659,1192,1467
100000029,326,326,0
100000030,298,67,231
100000031,6559,10111,-3552
100000032,4682,5203,-521
100000033,1210,3311,-2101
100000034,626,529,97
100000035,2848,1867,981
100000036,3681,1777,1904
100000037,856,607,249
100000038,3257,1463,1794
100000039,2512,362,2150
100000040,491,263,228
100000041,1485,683,802
100000042,2179,665,1514
100000043,1495,566,929
100000044,382,802,-420
100000045,746,1554,-808
100000046,826,1376,-550
100000047,734,935,-201
100000048,2466,890,1576
100000049,2835,2998,-163
100000051,780,1457,-677
100000053,361,12,349
100000054,590,62,528
100000055,1568,309,1259
100000056,706,600,106
100000057,2614,970,1644
100000058,1806,1863,-57
100000059,30,171,-141
100000060,421,568,-147
100000061,2771,679,2092
100000062,3341,748,2593
100000063,889,347,542
100000064,1647,469,1178
100000065,522,1359,-837
100000066,287,1071,-784
100000067,616,1103,-487
100000068,757,2789,-2032
100000069,485,2218,-1733
100000072,658,1575,-917
100000073,1578,1689,-111
100000075,898,461,437
100000076,4418,3242,1176
100000077,369,288,81
100000078,57,50,7
100000079,76,76,0
100000080,30,82,-52
100000081,182,202,-20
100000102,3390,2237,1153
100000103,7058,1890,5168
100000104,7497,3083,4414
100000105,3184,1847,1337
100000106,3236,2580,656
100000107,1091,1122,-31
100000108,1082,1509,-427
100000109,4029,1671,2358
100000116,1870,1178,692
100000117,122,135,-13
100000118,2060,1275,785
100000119,646,890,-244
100000121,429,604,-175
100000122,1085,1424,-339
100000123,5270,5474,-204
100000124,8183,7776,407
100000125,4314,1626,2688
100000126,1181,480,701
100000127,1965,453,1512
100000128,2754,2433,321
100000129,646,771,-125
100000130,530,645,-115
100000131,3806,4518,-712
100000132,2158,3856,-1698
100000133,8342,3247,5095
100000135,666,1493,-827
100000139,602,366,236
100000140,627,351,276
100000142,685,841,-156
100000143,2138,882,1256
100000144,4832,1225,3607
100000147,1254,3099,-1845
100000150,67,528,-461
100000151,1384,1191,193
100000153,366,517,-151
100000154,156,234,-78
100000155,50,58,-8
100000156,629,406,223
100000157,143,113,30
100000158,339,87,252
100000159,451,719,-268
100000165,2091,1051,1040
100000169,490,444,46
100000174,1335,500,835
100000179,114,757,-643
100000180,10429,2453,7976
100000181,798,324,474
100000188,109,469,-360
100000189,3817,556,3261
100000190,1089,830,259
100000191,910,608,302
100000192,82,161,-79
100000193,252,213,39
100000330,1660,1231,429
100000355,363,879,-516
100000362,7273,4192,3081
100000363,4614,6147,-1533
100000364,422,296,126
100000365,6182,6476,-294
100000366,8321,3716,4605
100000367,6084,5614,470
100000368,3790,2084,1706
100000369,2265,2287,-22
100000370,670,917,-247
100000376,191,162,29
100000379,3969,1851,2118
100000380,7327,4109,3218
100000384,7598,5856,1742
100000385,6145,5444,701
100000386,10540,5928,4612
100000387,6771,6680,91
100000388,9357,7942,1415
100000389,9740,7604,2136
100000390,11365,6796,4569
100000391,8626,8865,-239
100000392,5154,4186,968
100000393,3966,4846,-880
100000394,10946,9026,1920
100000395,7244,3867,3377
100000396,9708,3895,5813
100000397,6762,5657,1105
100000398,14040,9633,4407
100900002,14,76,-62
100900003,417,212,205
100900004,52,1087,-1035
100900005,207,19,188
100900006,30,174,-144
100900007,725,30,695
100900008,5,432,-427
100900009,93,174,-81
100900010,221,193,28
100900011,200,315,-115
100900012,1,274,-273
100900013,2334,21,2313
100900014,3,37,-34
100900015,161,151,10
100900016,3,84,-81
100900017,1496,140,1356
100900018,1,37,-36
100900019,56,448,-392
100900020,336,6,330
100900021,562,2,560
100900022,45,176,-131
100900023,1,202,-201
100900024,1263,2,1261
100900025,59,26,33
100900026,184,165,19
100900027,1144,3974,-2830
100900028,175,270,-95
100900029,106,33,73
100900030,7,58,-51
100900031,862,112,750
100900032,261,1,260
100900033,526,260,266
100900034,551,5,546
100900035,1014,5,1009
100900036,40,1,39
100900037,134,305,-171
100900038,144,55,89
100900039,312,705,-393
100900040,436,998,-562
100900041,837,819,18
100900042,1933,577,1356
100900043,1,31,-30
100900044,3129,908,2221
100900045,112,1,111
100900046,1602,22,1580
100900047,1312,712,600
100900048,272,94,178
100900049,145,244,-99
100900050,3,13,-10
100900051,47,103,-56
100900052,734,84,650
100900053,355,89,266
100900054,14,127,-113
100900055,596,792,-196
100900056,267,415,-148
100900057,766,1612,-846
100900058,396,93,303
100900059,217,11,206
100900060,197,32,165
100900061,483,348,135
100900062,9,58,-49
100900063,297,730,-433
100900064,950,20,930
100900065,116,108,8
100900066,97,258,-161
100900067,2,12,-10
100900068,484,133,351
100900069,1097,17,1080
100900070,460,14,446
100900071,1095,428,667
100900072,5,54,-49
100900073,190,606,-416
100900074,18,15,3
100900075,2195,469,1726
100900076,53,53,0
100900077,32,168,-136
100900078,173,583,-410
100900079,8,68,-60
100900080,36,258,-222
100900081,33,247,-214
100900082,132,826,-694
100900083,15,50,-35
100900085,19,152,-133
100900086,306,1794,-1488
100900088,120,827,-707
100900089,3,20,-17
100900090,225,844,-619
100900091,9,37,-28
100900092,433,438,-5
100900093,260,899,-639
100900094,123,683,-560
100900095,11,30,-19
100900096,60,139,-79
100900097,0,5,-5
100900098,27,23,4
100900099,73,676,-603
100900100,30,553,-523
100900101,508,74,434
100900102,840,249,591
100900103,19,36,-17
100900104,10,237,-227
100900105,23,595,-572
100900106,43,6,37
100900107,2131,954,1177
100900108,78,45,33
100900109,16,50,-34
100900110,10,66,-56
100900111,84,223,-139
100900112,15,20,-5
100900113,28,33,-5
100900114,6,30,-24
100900115,2,72,-70
100900116,1065,1484,-419
100900117,418,1079,-661
100900118,81,57,24
100900119,39,45,-6
100900120,4,23,-19
100900121,405,967,-562
100900122,311,286,25
100900123,74,429,-355
100900124,23,5,18
100900125,44,135,-91
100900126,237,986,-749
100900127,7,11,-4
100900128,121,195,-74
100900129,0,136,-136
100900131,128,330,-202
100900133,112,100,12
100900134,12,7,5
100900135,0,155,-155
100900137,435,239,196
100900138,748,540,208
100900139,9,19,-10
100900140,5,614,-609
100900141,6,509,-503
100900142,3,28,-25
100900143,1955,496,1459
100900144,44,18,26
100900145,660,314,346
100900146,6,102,-96
100900147,24,451,-427
100900148,56,866,-810
100900149,43,257,-214
100900150,2,83,-81
100900151,206,640,-434
100900152,465,13,452
100900153,16,247,-231
100900154,18,61,-43
100900155,15,37,-22
100900156,62,6,56
100900157,8,279,-271
100900158,256,81,175
100900159,8,58,-50
100900160,26,17,9
100900161,163,17,146
100900162,32,532,-500
100900163,321,350,-29
100900164,45,137,-92
100900165,16,64,-48
100900166,60,20,40
100900167,46,87,-41
100900168,52,216,-164
100900169,210,1177,-967
100900170,94,19,75
100900171,26,729,-703
100900172,1,7,-6
100900173,18,600,-582
100900174,909,104,805
100900176,1782,253,1529
100900177,900,356,544
100900178,525,164,361
100900179,206,376,-170
100900180,6,8,-2
100900181,174,180,-6
100900182,74,48,26
100900184,29,243,-214
100900186,1123,652,471
100900187,15,101,-86
100900188,38,18,20
100900189,1525,291,1234
100900191,1519,1437,82
100900192,392,408,-16
100900195,145,182,-37
100900197,18,129,-111
100900198,59,255,-196
100900199,12,40,-28
100900200,871,655,216
100900201,205,981,-776
100900202,76,2,74
100900203,1,118,-117
100900204,1367,881,486
100900205,281,663,-382
100900206,174,188,-14
100900207,288,184,104
100900210,128,655,-527
100900211,593,266,327
100900213,152,49,103
100900214,1425,354,1071
100900215,14,114,-100
100900217,124,114,10
101000001,5230,3320,1910
101000002,6045,6026,19
101000003,775,2775,-2000
101000004,11736,9143,2593
101000005,5533,6331,-798
101000006,9228,9379,-151
101000007,3339,4290,-951
101000008,4472,3454,1018
101000009,3546,1800,1746
101000010,1140,1509,-369
101000011,2805,1064,1741
101000012,1686,1093,593
101000013,981,1462,-481
101000014,742,909,-167
101000015,1167,1020,147
101000016,587,593,-6
101000017,869,661,208
101000018,4032,3488,544
101000020,6568,1420,5148
101000021,1114,521,593
101000022,456,172,284
101000023,1846,873,973
101000025,282,538,-256
101000026,430,31,399
101000027,2199,2997,-798
101000028,1146,299,847
101000029,376,1873,-1497
101000030,2395,163,2232
101000031,1423,869,554
101000032,12205,4825,7380
101000033,3171,3569,-398
101000034,3138,1947,1191
101000035,1257,801,456
101000036,1909,947,962
101000037,3882,1831,2051
101000039,3572,2847,725
101000040,4066,3711,355
101000041,16115,9720,6395
101000042,1044,1764,-720
101000043,12002,9221,2781
101000045,2481,1071,1410
101000046,5649,1527,4122
101000047,3522,3530,-8
101000048,1190,1078,112
101000049,1210,2223,-1013
101000050,4121,3713,408
101000051,3456,3239,217
101000052,1913,1217,696
101000053,1613,2497,-884
101000054,2779,2055,724
101000055,1898,1693,205
101000056,69,137,-68
101000057,2724,1323,1401
101000058,1932,1501,431
101000059,3349,2412,937
101000060,1850,656,1194
101000061,1168,1659,-491
101000062,845,745,100
101000063,688,1108,-420
101000064,1345,1026,319
101000065,453,488,-35
101000066,1109,845,264
101000067,1458,918,540
101000068,457,464,-7
101000069,486,120,366
101000070,1735,1159,576
101000071,2323,1043,1280
101000072,1113,3656,-2543
101000073,1254,960,294
101000074,8539,4180,4359
101000075,7334,4714,2620
101000077,2741,1273,1468
101000078,2526,2502,24
101000079,1298,443,855
101000080,1247,453,794
101000081,1867,1725,142
101000082,4260,3927,333
101000083,3166,2633,533
101000084,1946,1160,786
101000085,2186,1650,536
101000086,1323,1400,-77
101000087,1237,1476,-239
101000088,1412,1620,-208
101000089,1206,2169,-963
101000090,2788,1668,1120
101000091,466,1062,-596
101000092,971,1353,-382
101000093,1878,1078,800
101000094,1150,1555,-405
101000095,505,826,-321
101000096,415,790,-375
101000097,568,498,70
101000098,590,704,-114
101000099,1490,1454,36
101000100,1470,1122,348
101000101,380,486,-106
101000102,1129,574,555
101000103,1374,683,691
101000104,457,687,-230
101000105,1143,458,685
101000106,1271,975,296
101000107,277,486,-209
101000108,1411,419,992
101000109,361,95,266
101000110,71,841,-770
101000111,262,371,-109
101000113,276,1173,-897
101000114,10599,5465,5134
101000115,307,164,143
101000116,527,319,208
101000117,1849,467,1382
101000119,107,77,30
101000120,123,51,72
101000121,87,45,42
101000122,179,111,68
101000123,95,125,-30
101000124,860,217,643
101000125,342,512,-170
101000128,790,464,326
101000130,387,374,13
101000131,779,703,76
101000132,765,1416,-651
101000135,74,36,38
101000136,653,169,484
101000137,57,422,-365
101000141,1837,3521,-1684
101000147,1287,583,704
101000148,1784,38,1746
101000149,263,358,-95
101000150,118,1029,-911
101000151,304,58,246
101000152,430,454,-24
101000153,1917,562,1355
101000154,318,1616,-1298
101000155,360,209,151
101000156,48,374,-326
101000157,76,62,14
101000160,170,100,70
101000163,375,292,83
101000164,587,420,167
101000165,357,424,-67
101000166,360,580,-220
101000168,1014,465,549
101000252,1888,1087,801
101000254,782,93,689
101000258,74,12,62
101000261,208,41,167
101000262,1775,1857,-82
101000263,475,1605,-1130
101000265,152,963,-811
101000266,407,536,-129
101000269,62,11,51
101000290,2055,4464,-2409
101000293,83,105,-22
101000294,763,573,190
101000295,222,740,-518
101000301,908,558,350
101000304,2724,2869,-145
101000305,4471,2106,2365
101900001,51,99,-48
101900002,0,22,-22
101900003,64,147,-83
101900004,6,80,-74
101900005,5528,2074,3454
101900006,1212,90,1122
101900007,985,194,791
101900008,108,473,-365
101900009,111,704,-593
101900010,1345,993,352
101900011,462,1897,-1435
101900012,332,556,-224
101900013,1399,211,1188
101900017,22,233,-211
101900018,1863,425,1438
101900019,385,216,169
101900020,111,131,-20
101900021,2,73,-71
101900022,242,1564,-1322
101900023,356,424,-68
101900026,108,39,69
101900027,7,114,-107
102000001,3986,5347,-1361
102000002,5112,1706,3406
102000003,5203,9199,-3996
102000004,11347,3900,7447
102000005,1694,2688,-994
102000006,1548,2393,-845
102000007,1909,6080,-4171
102000008,6862,2267,4595
102000009,8627,9289,-662
102000010,10315,4592,5723
102000011,3706,3347,359
102000012,4306,4240,66
102000018,4623,3593,1030
102000019,3429,1984,1445
102000026,377,776,-399
102000029,486,312,174
102000030,158,572,-414
102000031,123,243,-120
102000032,556,443,113
102000033,331,488,-157
102000034,939,552,387
102000035,1933,784,1149
102000036,33,299,-266
102000037,423,124,299
102000038,292,394,-102
102000039,289,102,187
102000040,674,300,374
102000041,279,364,-85
102000042,305,291,14
102000043,393,296,97
102000044,613,506,107
102000045,1602,1307,295
102000046,1170,786,384
102000047,1208,1403,-195
102000048,528,1076,-548
102000049,1158,1017,141
102000050,1531,1819,-288
102000051,491,756,-265
102000052,1793,1328,465
102000053,1081,1127,-46
102000054,735,1060,-325
102000055,1294,933,361
102000056,1193,1716,-523
102000057,2060,799,1261
102000058,1548,2233,-685
102000059,2385,1921,464
102000060,1626,1399,227
102000061,1966,2461,-495
102000062,1937,1957,-20
102000063,1514,1860,-346
102000064,666,936,-270
102000065,65,176,-111
102000066,1630,1167,463
102000067,3333,4023,-690
102000068,11990,3172,8818
102000069,64,1531,-1467
102000070,2463,80,2383
102000071,9617,11227,-1610
102000072,4322,4901,-579
102000073,2296,1459,837
102000074,1288,1283,5
102000075,195,436,-241
102000076,281,784,-503
102000077,845,1036,-191
102000078,2068,1093,975
102000079,264,327,-63
102000080,348,342,6
102000081,530,974,-444
102000082,827,444,383
102000083,655,444,211
102000084,287,361,-74
102000085,2343,1413,930
102000086,1556,3029,-1473
102000087,1326,2130,-804
102000088,394,475,-81
102000089,1450,594,856
102000090,800,1687,-887
102000091,1986,790,1196
102000092,492,1224,-732
102000093,920,844,76
102000094,1469,1037,432
102000095,1611,1776,-165
102000096,1090,1121,-31
102000097,1322,1316,6
102000098,740,1187,-447
102000099,1305,977,328
102000100,969,1349,-380
102000101,1467,872,595
102000102,606,2331,-1725
102000103,1988,560,1428
102000104,910,389,521
102000105,322,764,-442
102000106,974,882,92
102000107,1278,878,400
102000108,1610,319,1291
102000109,842,876,-34
102000110,1272,1595,-323
102000111,11,307,-296
102000112,567,129,438
102000113,29,48,-19
102000114,1044,460,584
102000115,301,442,-141
102000116,1117,485,632
102000117,658,902,-244
102000118,2003,1299,704
102000119,2731,1130,1601
102000120,256,632,-376
102000121,1027,712,315
102000122,687,1100,-413
102000123,1702,1467,235
102000124,1987,1452,535
102000125,1208,1306,-98
102000126,1798,953,845
102000127,1960,1048,912
102000128,957,1364,-407
102000129,1467,992,475
102000130,730,1053,-323
102000131,1973,1318,655
102000132,772,1884,-1112
102000133,2568,2381,187
102000134,807,997,-190
102000135,1084,1111,-27
102000136,1503,677,826
102000137,1634,1171,463
102000138,754,554,200
102000139,722,592,130
102000140,1038,512,526
102000141,1843,929,914
102000142,544,511,33
102000143,153,669,-516
102000144,345,656,-311
102000145,674,826,-152
102000146,522,462,60
102000147,664,949,-285
102000148,277,1202,-925
102000149,207,784,-577
102000150,387,199,188
102000151,142,514,-372
102000152,219,190,29
102000153,1364,641,723
102000154,522,943,-421
102000155,140,419,-279
102000156,414,182,232
102000157,145,393,-248
102000158,804,691,113
102000159,1568,545,1023
102000161,4823,2746,2077
102000162,221,212,9
102000163,154,802,-648
102000164,1627,1397,230
102000165,603,193,410
102000166,204,191,13
102000167,376,278,98
102000168,320,148,172
102000169,143,650,-507
102000170,714,280,434
102000171,622,313,309
102000172,511,520,-9
102000173,683,443,240
102000174,131,119,12
102000175,533,160,373
102000176,99,43,56
102000178,596,604,-8
102000179,385,369,16
102000180,1411,676,735
102000181,709,808,-99
102000182,919,723,196
102000183,2598,2473,125
102000184,2869,1218,1651
102000185,2898,1960,938
102000186,1478,2604,-1126
102000187,1449,2269,-820
102000188,1706,1841,-135
102000189,3148,1141,2007
102000190,851,3643,-2792
102000191,1835,770,1065
102000192,1348,2028,-680
102000193,61,187,-126
102000194,60,171,-111
102000195,467,640,-173
102000196,211,561,-350
102000197,692,646,46
102000198,294,1051,-757
102000199,1283,507,776
102000200,399,1425,-1026
102000201,1058,671,387
102000202,13,146,-133
102000203,452,368,84
102000204,459,965,-506
102000205,1266,613,653
102000206,834,1096,-262
102000207,1916,769,1147
102000208,981,823,158
102000209,354,120,234
102000210,792,560,232
102000211,786,430,356
102000212,507,10,497
102000213,14,454,-440
102000214,279,17,262
102000215,11,598,-587
102000216,72,85,-13
102000217,13,189,-176
102000218,335,227,108
102000219,576,485,91
102000225,803,716,87
102000226,6827,1587,5240
102000227,182,6,176
102000228,1,166,-165
102000229,49,76,-27
102000230,375,622,-247
102000231,407,685,-278
102000232,25,203,-178
102000233,733,1072,-339
102000234,153,1717,-1564
102000236,796,128,668
102000237,718,269,449
102000238,172,390,-218
102000240,788,1032,-244
102000241,454,194,260
102000243,65,97,-32
102000245,44,163,-119
102000246,34,47,-13
102000247,1035,1367,-332
102000248,649,885,-236
102000249,190,207,-17
102000250,135,452,-317
102000254,100,462,-362
102000266,234,409,-175
102000271,42,0,42
102000286,644,602,42
102000297,2298,1560,738
102000299,0,0,0
102000301,0,0,0
102000305,0,0,0
102000307,0,4,-4
102000308,0,5,-5
102900001,2537,1166,1371
102900002,544,74,470
102900003,93,302,-209
102900005,563,455,108
102900006,499,243,256
102900007,797,37,760
102900008,269,103,166
102900009,740,385,355
102900010,809,722,87
102900011,2373,465,1908
102900012,466,103,363
102900013,25,122,-97
102900015,917,555,362
102900016,90,184,-94
102900017,220,852,-632
102900018,24,188,-164
102900019,609,730,-121
102900020,163,54,109
102900021,30,159,-129
102900022,793,179,614
102900023,40,85,-45
102900024,45,86,-41
102900025,391,152,239
102900026,822,2804,-1982
102900027,92,72,20
102900028,236,1187,-951
102900029,216,246,-30
102900030,988,401,587
102900031,271,210,61
102900032,109,163,-54
102900033,162,296,-134
102900034,761,144,617
102900035,197,483,-286
102900036,451,599,-148
102900037,977,690,287
102900038,1107,749,358
102900039,39,909,-870
102900040,252,407,-155
102900041,96,246,-150
102900042,242,416,-174
102900043,216,393,-177
102900044,1685,2563,-878
102900045,209,719,-510
102900046,196,381,-185
102900047,100,776,-676
102900048,1118,888,230
102900049,138,540,-402
102900050,618,496,122
102900051,232,265,-33
102900052,103,74,29
102900053,480,855,-375
102900054,1199,2171,-972
102900055,137,234,-97
102900056,139,614,-475
102900057,14,61,-47
102900058,386,111,275
102900059,14,94,-80
102900060,141,737,-596
102900061,241,711,-470
102900062,341,1244,-903
102900063,1225,609,616
102900064,228,665,-437
102900065,1807,656,1151
102900066,450,80,370
102900068,156,99,57
102900070,515,701,-186
102900072,93,50,43
102900073,385,14,371
102900075,40,106,-66
102900076,248,274,-26
102900077,66,45,21
102900078,58,118,-60
102900079,340,8,332
102900080,383,62,321
102900081,110,435,-325
102900082,11,323,-312
102900083,366,26,340
102900084,17,47,-30
102900085,616,211,405
102900086,44,74,-30
102900087,187,136,51
102900088,61,39,22
102900089,373,186,187
102900090,1,547,-546
102900091,228,11,217
102900092,560,1340,-780
102900093,317,291,26
102900094,3,94,-91
102900095,133,7,126
102900096,78,21,57
102900097,199,484,-285
103000001,2710,3097,-387
103000002,2592,3254,-662
103000003,4608,3414,1194
103000004,1186,1065,121
103000005,2158,3617,-1459
103000006,757,1970,-1213
103000007,447,951,-504
103000008,1174,950,224
103000009,1345,1531,-186
103000010,203,117,86
103000011,1982,2141,-159
103000012,1444,1889,-445
103000013,6025,2576,3449
103000014,1733,3113,-1380
103000015,2177,867,1310
103000016,621,1734,-1113
103000017,243,593,-350
103000018,1072,665,407
103000019,322,323,-1
103000020,2991,1848,1143
103000021,2041,1854,187
103000022,762,1268,-506
103000023,626,1804,-1178
103000024,142,300,-158
103000025,316,751,-435
103000026,2172,224,1948
103000027,789,630,159
103000028,806,640,166
103000029,559,446,113
103000030,3082,1228,1854
103000031,2988,2201,787
103000032,2777,2616,161
103000033,4347,3598,749
103000034,2095,1613,482
103000035,477,1806,-1329
103000036,555,790,-235
103000037,782,756,26
103000038,676,1383,-707
103000039,474,608,-134
103000040,559,1364,-805
103000041,1856,2935,-1079
103000042,1404,821,583
103000043,861,1440,-579
103000044,366,243,123
103000046,412,637,-225
103000047,779,1028,-249
103000048,329,337,-8
103000049,308,247,61
103000050,739,736,3
103000051,648,751,-103
103000052,993,579,414
103000053,224,880,-656
103000054,3063,1939,1124
103000055,2340,2884,-544
103000056,688,1923,-1235
103000057,480,432,48
103000058,852,1505,-653
103000059,555,1475,-920
103000060,879,1004,-125
103000061,534,1309,-775
103000062,1291,804,487
103000063,913,1222,-309
103000064,169,403,-234
103000065,12,528,-516
103000066,240,18,222
103000069,668,569,99
103000070,1527,1177,350
103000071,1261,692,569
103000072,165,924,-759
103000073,579,157,422
103000074,784,123,661
103000075,220,967,-747
103000076,350,358,-8
103000077,75,573,-498
103000078,1443,703,740
103000079,1396,836,560
103000080,1610,417,1193
103000081,793,1335,-542
103000082,859,259,600
103000083,187,411,-224
103000084,231,11,220
103000085,4,167,-163
103000086,1377,493,884
103000087,193,845,-652
103000088,378,385,-7
103000089,282,604,-322
103000090,1945,898,1047
103000091,699,458,241
103000092,286,368,-82
103000093,348,476,-128
103000094,262,154,108
103000095,106,424,-318
103000096,616,125,491
103000097,89,837,-748
103000098,1181,248,933
103000099,438,859,-421
103000100,166,1026,-860
103000101,1015,185,830
103000102,148,901,-753
103000103,751,258,493
103000104,84,151,-67
103000105,151,112,39
103000106,16,164,-148
103000107,280,85,195
103000108,675,576,99
103000109,332,356,-24
103000110,429,426,3
103000111,540,537,3
103000112,386,253,133
103000113,891,833,58
103000114,1669,568,1101
103000115,614,486,128
103000116,640,550,90
103000117,311,565,-254
103000118,1158,1033,125
103000119,1635,884,751
103000120,119,192,-73
103000121,1321,828,493
103000122,777,818,-41
103000125,27,461,-434
103000126,857,8,849
103000127,0,263,-263
103000128,205,7,198
103000129,1,177,-176
103000130,86,75,11
103000131,286,150,136
103000132,162,286,-124
103000133,35,169,-134
103000134,841,967,-126
103000135,1044,377,667
103000136,858,571,287
103000137,727,737,-10
103000138,926,906,20
103000139,4,68,-64
103000140,142,41,101
103000141,130,163,-33
103000142,397,88,309
103000143,79,211,-132
103000144,308,102,206
103000145,180,138,42
103000150,165,101,64
103000152,245,280,-35
103000153,225,176,49
103000156,9,548,-539
103000157,679,4,675
103000159,173,104,69
103000162,123,35,88
103000163,25,52,-27
103000164,69,18,51
103000165,120,485,-365
103000166,222,386,-164
103000167,204,114,90
103000168,105,295,-190
103000169,309,675,-366
103000170,762,665,97
103000171,229,132,97
103000172,805,567,238
103000173,550,1021,-471
103000174,207,562,-355
103000175,258,562,-304
103000176,967,1085,-118
103000177,826,654,172
103000178,655,381,274
103000179,618,88,530
103000183,162,36,126
103000185,110,82,28
103000186,119,249,-130
103000187,541,576,-35
103000188,13,112,-99
103000189,1024,1065,-41
103000191,712,766,-54
103000292,2452,2567,-115
103000293,1634,2349,-715
103000295,227,152,75
103000296,1013,13,1000
103000297,302,93,209
103000504,188,28,160
103000505,15,24,-9
103000506,3,301,-298
103000507,255,11,244
103000508,92,133,-41
103000509,248,682,-434
103900001,16,323,-307
103900002,1939,306,1633
103900003,2011,172,1839
103900004,105,1,104
103900005,8,387,-379
103900006,5,0,5
103900007,69,43,26
103900008,40,4,36
103900009,323,735,-412
103900010,152,568,-416
103900011,312,324,-12
103900012,9,21,-12
103900013,84,137,-53
103900014,79,34,45
103900015,57,33,24
103900016,627,290,337
103900017,108,118,-10
103900018,1026,338,688
103900019,162,406,-244
103900020,240,675,-435
103900021,802,115,687
103900022,1554,1043,511
103900023,139,3,136
103900024,214,595,-381
103900025,22,78,-56
103900026,663,3,660
103900027,764,426,338
103900028,27,419,-392
103900029,1335,254,1081
103900030,395,84,311
103900031,31,18,13
103900032,115,113,2
103900033,170,24,146
103900034,40,241,-201
103900035,84,87,-3
103900036,24,49,-25
103900037,154,80,74
103900038,149,288,-139
103900039,77,510,-433
103900040,0,222,-222
103900041,101,80,21
103900042,69,448,-379
103900043,214,157,57
103900044,236,262,-26
103900045,419,237,182
103900047,75,49,26
103900048,246,40,206
103900049,500,1629,-1129
103900050,15,127,-112
103900051,1,42,-41
103900052,244,655,-411
103900053,260,1062,-802
103900054,125,625,-500
103900055,513,287,226
103900056,225,92,133
103900057,48,248,-200
103900058,342,936,-594
103900059,0,33,-33
103900060,58,238,-180
103900061,162,50,112
103900062,334,132,202
103900063,113,3,110
103900064,103,8,95
103900065,1415,517,898
103900066,175,29,146
103900067,200,4,196
103900068,25,3,22
103900069,101,17,84
103900070,203,297,-94
103900071,23,154,-131
103900072,18,292,-274
103900073,41,34,7
103900074,127,95,32
103900075,354,136,218
103900076,446,798,-352
103900077,98,92,6
103900078,492,173,319
103900079,229,345,-116
103900080,17,61,-44
103900081,129,27,102
103900082,14,166,-152
103900083,2047,1044,1003
103900084,129,213,-84
103900085,92,131,-39
103900086,651,505,146
103900087,16,122,-106
103900088,667,611,56
103900089,67,130,-63
103900090,12,245,-233
103900091,1461,417,1044
103900092,1223,577,646
103900093,131,450,-319
103900094,25,192,-167
103900095,521,264,257
103900096,43,329,-286
103900097,12,644,-632
103900098,269,195,74
103900099,86,333,-247
103900100,222,682,-460
103900101,112,1196,-1084
103900102,3,61,-58
103900104,2,31,-29
103900105,130,363,-233
103900106,0,76,-76
103900107,127,345,-218
103900108,55,504,-449
103900109,108,122,-14
103900110,259,72,187
103900111,144,825,-681
103900112,79,204,-125
103900113,131,315,-184
103900114,462,444,18
103900115,402,379,23
103900116,7818,2924,4894
103900117,233,118,115
103900119,60,106,-46
103900120,96,151,-55
103900122,91,428,-337
103900123,2057,964,1093
103900124,70,598,-528
103900125,119,116,3
103900126,501,534,-33
103900127,257,728,-471
103900128,303,177,126
103900131,52,168,-116
103900133,1327,400,927
103900134,2,12,-10
103900135,33,15,18
103900137,0,92,-92
103900138,64,321,-257
103900139,308,2083,-1775
103900140,14,104,-90
103900141,315,92,223
103900142,145,244,-99
103900143,42,6,36
103900144,0,59,-59
103900145,217,329,-112
103900146,344,342,2
103900147,413,220,193
103900148,258,606,-348
103900149,275,906,-631
103900150,8514,4604,3910
103900151,62,193,-131
103900152,487,815,-328
103900153,10,5,5
103900154,1669,2112,-443
103900155,66,343,-277
103900156,49,270,-221
103900157,48,319,-271
103900158,99,275,-176
103900159,188,137,51
103900160,80,44,36
103900161,114,238,-124
103900162,71,310,-239
103900163,19,546,-527
103900167,38,166,-128
103900168,139,142,-3
103900169,66,61,5
103900170,4,142,-138
103900171,8,106,-98
103900172,4,24,-20
103900173,12,15,-3
103900174,161,141,20
103900175,92,89,3
103900176,15,53,-38
103900177,17,108,-91
103900178,69,96,-27
103900179,65,186,-121
103900180,14,97,-83
103900181,83,67,16
103900182,141,30,111
103900184,577,104,473
103900185,257,415,-158
103900187,35,81,-46
103900188,53,23,30
103900189,136,17,119
103900190,124,73,51
103900191,36,82,-46
103900192,42,140,-98
103900193,238,279,-41
103900194,93,399,-306
103900195,12,84,-72
103900196,106,75,31
103900197,34,63,-29
103900198,23,110,-87
103900199,152,99,53
103900200,183,241,-58
103900201,152,368,-216
103900202,38,93,-55
103900203,33,26,7
103900204,2,149,-147
103900207,0,169,-169
103900208,122,3,119
103900209,14,150,-136
103900210,37,47,-10
103900211,509,566,-57
103900212,125,546,-421
103900213,113,321,-208
103900214,230,181,49
103900215,558,395,163
103900216,18,550,-532
103900217,516,69,447
103900218,3,431,-428
103900219,178,415,-237
103900233,83,6,77
103900235,30,24,6
103900236,29,4,25
103900242,46,33,13
103900243,25,17,8
103900244,142,304,-162
103900245,127,314,-187
103900246,71,51,20
103900247,57,165,-108
103900248,27,87,-60
103900249,36,78,-42
103900250,52,23,29
103900251,10,32,-22
103900253,29,111,-82
103900254,8,30,-22
103900255,16,22,-6
103900256,16,45,-29
103900257,121,150,-29
103900258,71,4,67
103900259,122,10,112
103900261,9,10,-1
103900262,18,5,13
103900263,38,61,-23
103900264,113,69,44
103900265,116,40,76
103900266,1,115,-114
103900267,13,87,-74
103900268,14,97,-83
103900269,136,63,73
103900270,87,213,-126
103900271,64,219,-155
104000001,2263,2451,-188
104000002,1797,3077,-1280
104000003,2677,2966,-289
104000004,3407,3196,211
104000005,1741,2770,-1029
104000006,3309,3840,-531
104000007,4921,5141,-220
104000008,283,342,-59
104000009,128,88,40
104000010,174,272,-98
104000011,523,494,29
104000012,128,510,-382
104000013,212,215,-3
104000014,240,923,-683
104000015,343,156,187
104000016,662,568,94
104000018,861,198,663
104000019,598,215,383
104000020,161,749,-588
104000021,357,757,-400
104000022,221,331,-110
104000023,1515,440,1075
104000024,265,485,-220
104000026,71,536,-465
104000027,335,378,-43
104000028,371,337,34
104000029,443,564,-121
104000030,276,216,60
104000031,1450,506,944
104000032,257,324,-67
104000033,597,597,0
104000034,356,442,-86
104000035,887,551,336
104000036,778,722,56
104000037,312,307,5
104000038,412,318,94
104000039,248,372,-124
104000040,412,510,-98
104000041,2073,434,1639
104000042,304,513,-209
104000043,545,428,117
104000044,413,860,-447
104000045,1018,1502,-484
104000046,1531,2222,-691
104000047,1500,1677,-177
104000048,1133,2015,-882
104000049,1044,374,670
104000050,334,879,-545
104000051,196,635,-439
104000052,2858,1857,1001
104000053,2568,734,1834
104000054,1539,643,896
104000055,4918,3205,1713
104000056,1677,286,1391
104000057,150,661,-511
104000058,996,902,94
104000059,644,1539,-895
104000060,1177,1415,-238
104000061,1606,1456,150
104000062,344,175,169
104000064,479,388,91
104000065,460,961,-501
104000069,1199,1086,113
104000070,85,738,-653
104000071,174,822,-648
104000072,623,243,380
104000075,149,376,-227
104000076,712,192,520
104000082,2753,3723,-970
104000083,972,275,697
104000084,162,648,-486
104000085,372,432,-60
104000086,242,487,-245
104000087,728,2119,-1391
104000090,826,1888,-1062
104000092,1289,2834,-1545
104000094,1529,2296,-767
104000095,2113,1759,354
104000096,1853,432,1421
104000097,1839,1085,754
104000098,2105,1377,728
104000100,2152,907,1245
104000101,1532,1998,-466
104000106,149,854,-705
104000107,823,661,162
104000108,423,770,-347
104000109,406,167,239
104000110,1077,1328,-251
104000111,5105,2931,2174
104000112,3231,696,2535
104000116,6,1410,-1404
104000117,150,904,-754
104000118,664,277,387
104000119,877,364,513
104000120,283,949,-666
104000121,275,973,-698
104000122,754,884,-130
104000123,925,1151,-226
104000124,1215,2703,-1488
104000125,4747,4528,219
104000126,518,522,-4
104000127,1675,3337,-1662
104000128,943,597,346
104000129,572,50,522
104000130,10,413,-403
104000131,699,507,192
104000132,521,626,-105
104000133,1427,969,458
104000134,1225,1778,-553
104000135,544,2151,-1607
104000136,1042,4458,-3416
104000137,1708,451,1257
104000138,1436,422,1014
104000139,8218,3448,4770
104000141,1278,1599,-321
104000142,655,924,-269
104000143,542,724,-182
104000144,70,224,-154
104000145,419,237,182
104000146,389,660,-271
104000147,236,404,-168
104000148,362,172,190
104000149,181,428,-247
104000150,1328,610,718
104000151,562,723,-161
104000152,754,866,-112
104000153,702,700,2
104000154,1113,917,196
104000155,551,612,-61
104000157,1419,2014,-595
104000158,894,579,315
104000159,974,549,425
104000160,2071,2083,-12
104000161,241,287,-46
104000162,82,256,-174
104000165,1501,1439,62
104000167,625,1248,-623
104000168,680,14,666
104000169,99,49,50
104000170,585,607,-22
104000248,355,845,-490
104000251,75,342,-267
104000272,0,0,0
104000273,0,0,0
104000274,0,0,0
104000275,0,0,0
104000279,837,558,279
104000290,145,335,-190
104000291,711,1228,-517
104000293,759,932,-173
104000294,36,0,36
104000295,626,939,-313
104000296,461,1069,-608
104000297,932,2195,-1263
104000298,3432,1101,2331
104000299,881,1944,-1063
104900001,185,690,-505
104900002,60,262,-202
104900003,57,530,-473
104900004,113,497,-384
104900005,311,337,-26
104900006,336,125,211
104900007,278,356,-78
104900009,157,480,-323
104900010,88,106,-18
104900011,139,25,114
104900012,433,31,402
104900013,207,20,187
104900014,3599,462,3137
104900015,121,10,111
104900016,388,307,81
104900017,198,290,-92
104900018,11,203,-192
104900019,455,2953,-2498
104900020,90,379,-289
104900021,3,274,-271
104900022,33,150,-117
104900023,1,110,-109
104900024,48,105,-57
104900025,102,462,-360
104900026,3,117,-114
104900027,596,445,151
104900028,32,117,-85
104900029,45,88,-43
104900030,511,325,186
104900031,124,261,-137
104900032,49,201,-152
104900033,151,272,-121
104900034,433,274,159
104900035,343,327,16
104900036,183,190,-7
104900037,294,306,-12
104900038,817,1081,-264
104900039,794,338,456
104900040,491,200,291
104900041,312,160,152
104900042,233,316,-83
104900043,26,151,-125
104900044,558,370,188
104900045,556,69,487
104900046,254,276,-22
104900047,347,197,150
104900048,273,124,149
104900049,25,32,-7
104900050,769,182,587
104900051,327,106,221
104900052,58,0,58
104900053,477,117,360
104900054,192,74,118
104900055,77,2,75
104900056,613,36,577
104900057,55,3,52
104900058,1440,588,852
104900059,196,64,132
104900060,5,560,-555
104900061,309,830,-521
104900063,3,146,-143
104900064,0,92,-92
104900065,0,211,-211
104900066,8,262,-254
104900067,7,437,-430
104900068,37,329,-292
104900070,248,395,-147
104900071,1,699,-698
104900072,83,424,-341
104900073,114,345,-231
104900074,122,333,-211
104900075,71,85,-14
104900076,133,517,-384
104900077,1365,362,1003
104900078,229,760,-531
104900079,144,496,-352
104900080,155,743,-588
104900082,25,675,-650
104900085,9,306,-297
104900087,1240,24,1216
104900089,187,0,187
104900090,1865,744,1121
104900091,2847,878,1969
104900093,284,841,-557
104900097,3483,2852,631
104900098,303,68,235
104900099,144,764,-620
104900100,642,352,290
104900102,104,298,-194
104900103,586,98,488
104900104,4045,3018,1027
104900106,143,160,-17
104900107,231,293,-62
104900108,99,345,-246
104900109,90,368,-278
104900110,13,70,-57
104900111,165,182,-17
104900112,319,1021,-702
104900113,659,522,137
104900114,463,652,-189
104900115,831,566,265
104900116,316,278,38
104900118,46,141,-95
104900119,40,74,-34
104900120,63,256,-193
104900121,3,102,-99
104900122,7,79,-72
104900123,94,16,78
104900124,47,0,47
104900125,518,9,509
104900126,98,88,10
104900127,53,125,-72
104900128,99,170,-71
104900129,2728,1958,770
105000001,2430,1788,642
105000002,2297,1867,430
105000003,3649,4167,-518
105000004,801,1224,-423
105000005,1039,1261,-222
105000006,1652,1784,-132
105000007,1229,1411,-182
105000008,2095,2994,-899
105000009,2290,3616,-1326
105000010,4074,3163,911
105000011,4016,2813,1203
105000012,6197,4356,1841
105000013,1278,1236,42
105000014,3151,3053,98
105000015,12362,17395,-5033
105000016,4390,2831,1559
105000017,2189,1153,1036
105000018,1775,1622,153
105000019,2419,997,1422
105000020,198,513,-315
105000021,317,101,216
105000022,413,95,318
105000023,823,463,360
105000028,122,152,-30
105000029,698,1437,-739
105000030,5223,3562,1661
105000033,1508,2640,-1132
105000034,245,1121,-876
105000037,780,593,187
105000038,3278,1859,1419
105000039,4433,2487,1946
105000040,1509,1299,210
105000041,1929,1866,63
105000042,5607,1788,3819
105000043,3058,2998,60
105000044,703,563,140
105000045,480,1538,-1058
105000046,1084,385,699
105000047,565,2476,-1911
105000048,810,282,528
105000049,315,1012,-697
105000050,634,444,190
105000051,220,638,-418
105000052,1072,1089,-17
105000053,157,232,-75
105000054,845,1164,-319
105000055,1652,466,1186
105000056,3872,3113,759
105000057,3324,1042,2282
105000058,1586,1746,-160
105000059,831,834,-3
105000060,520,751,-231
105000061,613,797,-184
105000062,752,1007,-255
105000063,328,713,-385
105000064,1346,1223,123
105000065,332,740,-408
105000066,1404,2067,-663
105000067,1349,1315,34
105000068,616,1151,-535
105000069,2450,1829,621
105000070,975,858,117
105000071,301,878,-577
105000072,913,2095,-1182
105000073,906,768,138
105000074,1588,1135,453
105000075,718,1045,-327
105000076,1429,1285,144
105000077,3051,1251,1800
105000078,1697,1614,83
105000079,1681,3221,-1540
105000080,2508,1960,548
105000081,4542,1489,3053
105000082,1543,1938,-395
105000083,5571,3638,1933
105000084,1573,1186,387
105000085,2755,2016,739
105000086,661,1337,-676
105000087,1989,2354,-365
105000088,1954,2058,-104
105000089,4862,3229,1633
105000090,1546,1084,462
105000091,1955,2002,-47
105000092,1054,1201,-147
105000093,505,294,211
105000094,319,350,-31
105000095,118,551,-433
105000096,1409,1145,264
105000097,1169,787,382
105000098,1098,956,142
105000099,1166,852,314
105000100,1642,1534,108
105000101,3466,2536,930
105000102,5590,2052,3538
105000103,3331,3090,241
105000104,5406,1296,4110
105000105,3185,2624,561
105000106,2672,2662,10
105000107,1377,1233,144
105000108,1592,2024,-432
105000109,1576,2540,-964
105000110,799,949,-150
105000111,722,1212,-490
105000112,1367,949,418
105000113,475,988,-513
105000114,3643,1464,2179
105000115,321,1493,-1172
105000116,961,739,222
105000117,1063,1458,-395
105000118,783,785,-2
105000119,938,1533,-595
105000120,1098,893,205
105000121,1052,1731,-679
105000122,681,1081,-400
105000123,2640,1918,722
105000124,2158,1243,915
105000125,914,2610,-1696
105000126,2195,2231,-36
105000127,2874,3067,-193
105000128,2247,1524,723
105000129,1676,510,1166
105000130,501,2838,-2337
105000131,1046,598,448
105000132,916,770,146
105000133,624,1303,-679
105000134,775,834,-59
105000135,773,909,-136
105000136,231,455,-224
105000137,394,330,64
105000138,251,596,-345
105000139,1267,1486,-219
105000140,348,690,-342
105000141,336,879,-543
105000142,245,579,-334
105000143,302,1019,-717
105000144,360,1117,-757
105000145,745,542,203
105000146,552,1260,-708
105000147,616,359,257
105000148,1429,626,803
105000149,2665,2438,227
105000150,2288,2184,104
105000151,631,601,30
105000152,235,598,-363
105000153,604,1057,-453
105000154,666,649,17
105000155,391,1811,-1420
105000156,946,805,141
105000157,900,1919,-1019
105000158,1851,1118,733
105000159,232,1183,-951
105000160,1813,791,1022
105000161,846,1279,-433
105000162,536,1806,-1270
105000163,1279,1137,142
105000164,214,368,-154
105000165,1346,4830,-3484
105000166,6400,1065,5335
105000167,3028,1687,1341
105000168,415,930,-515
105000169,585,766,-181
105000170,266,2193,-1927
105000171,1352,428,924
105000172,355,198,157
105000173,162,512,-350
105000174,75,372,-297
105000175,95,202,-107
105000176,580,214,366
105000177,285,289,-4
105000178,152,622,-470
105000179,489,593,-104
105000180,172,171,1
105000181,119,341,-222
105000182,100,79,21
105000183,3651,2088,1563
105000184,2244,1349,895
105000185,2686,895,1791
105000186,1607,973,634
105000187,1498,258,1240
105000188,738,223,515
105000189,515,634,-119
105000190,439,650,-211
105000191,478,415,63
105000192,388,119,269
105000193,120,205,-85
105000194,347,169,178
105000195,565,1108,-543
105000196,45,281,-236
105000197,364,786,-422
105000198,790,488,302
105000199,353,669,-316
105000200,329,322,7
105000201,270,46,224
105000203,23,228,-205
105000204,119,140,-21
105000205,135,251,-116
105000207,829,491,338
105000208,338,645,-307
105000209,235,561,-326
105000212,1493,1864,-371
105000213,284,325,-41
105000214,207,525,-318
105000215,328,276,52
105000216,158,910,-752
105000217,234,629,-395
105000218,1443,1681,-238
105000221,260,337,-77
105000222,1141,124,1017
105000223,826,292,534
105000226,112,325,-213
105000227,114,226,-112
105000228,408,2118,-1710
105000229,264,523,-259
105000231,314,391,-77
105000233,1061,996,65
105000234,1228,1461,-233
105000235,563,787,-224
105000237,761,76,685
105000243,29,253,-224
105000248,128,90,38
105000262,398,1726,-1328
105000269,155,276,-121
105000270,411,91,320
105000271,1,283,-282
105000282,64,60,4
105000287,442,159,283
105000288,1368,639,729
105000289,3589,2547,1042
105000290,85,9,76
105000402,4746,4639,107
105000426,604,773,-169
105000438,4761,1830,2931
105000446,15906,7058,8848
105000447,9680,3770,5910
105000454,491,1117,-626
105000455,417,340,77
105000474,30,8,22
105000477,372,836,-464
105000478,2103,4801,-2698
105000479,231,222,9
105000480,10030,6411,3619
105000481,5098,3854,1244
105000482,7470,8531,-1061
105000483,1545,2012,-467
105000484,2747,3897,-1150
105000485,1883,2993,-1110
105000486,5783,3059,2724
105000488,12142,6708,5434
105000489,1070,1204,-134
105000549,362,232,130
105000550,558,1876,-1318
105000551,56,207,-151
105000552,3474,2246,1228
105900001,13,1595,-1582
105900002,1837,956,881
105900003,12,158,-146
105900004,642,171,471
105900005,24,451,-427
105900006,23,141,-118
105900007,378,49,329
105900008,85,680,-595
105900009,34,26,8
105900011,885,76,809
105900012,975,201,774
105900013,9,39,-30
105900014,15,84,-69
105900015,348,378,-30
105900016,550,773,-223
105900017,2134,55,2079
105900018,290,265,25
105900019,94,585,-491
105900020,41,62,-21
105900021,128,510,-382
105900022,581,250,331
105900023,9,185,-176
105900024,51,265,-214
105900025,158,80,78
105900026,306,31,275
105900027,7948,13232,-5284
105900028,995,297,698
105900029,2004,503,1501
105900030,238,344,-106
105900031,459,344,115
105900032,93,207,-114
105900033,109,220,-111
105900034,500,364,136
105900035,289,261,28
105900036,88,198,-110
105900037,106,84,22
105900038,179,433,-254
105900039,117,142,-25
105900040,114,147,-33
105900041,193,293,-100
105900042,66,204,-138
105900043,1599,127,1472
105900044,11,362,-351
105900045,6,1090,-1084
105900046,17,384,-367
105900047,4,75,-71
105900048,148,783,-635
105900050,10785,3157,7628
105900051,34,1296,-1262
105900052,730,545,185
105900053,4685,3593,1092
105900054,450,319,131
105900056,947,617,330
105900057,109,209,-100
105900058,12,26,-14
105900059,1,39,-38
106000001,5375,3217,2158
106000002,3095,6223,-3128
106000003,3107,4365,-1258
106000004,1991,3262,-1271
106000005,3343,6965,-3622
106000006,6474,5226,1248
106000007,586,720,-134
106000008,423,352,71
106000009,580,473,107
106000010,711,794,-83
106000011,981,1449,-468
106000012,936,1733,-797
106000013,2104,2876,-772
106000014,2286,1907,379
106000015,1684,1808,-124
106000016,1471,2815,-1344
106000017,635,995,-360
106000018,699,575,124
106000019,472,626,-154
106000020,309,474,-165
106000021,312,574,-262
106000022,379,292,87
106000023,621,478,143
106000024,621,717,-96
106000025,89,261,-172
106000026,187,319,-132
106000027,1367,1703,-336
106000028,641,647,-6
106000029,867,1428,-561
106000030,921,587,334
106000034,271,696,-425
106000035,1228,2247,-1019
106000036,332,547,-215
106000037,2493,1896,597
106000038,598,183,415
106000039,240,137,103
106000040,230,1233,-1003
106000041,871,659,212
106000043,790,311,479
106000046,523,116,407
106000047,91,489,-398
106000049,944,420,524
106000050,354,1024,-670
106000051,703,600,103
106000052,90,919,-829
106000053,331,205,126
106000054,404,736,-332
106000055,1225,1609,-384
106000056,380,562,-182
106000057,342,548,-206
106000058,165,239,-74
106000059,300,574,-274
106000060,469,651,-182
106000061,217,650,-433
106000062,187,671,-484
106000063,704,653,51
106000064,66,508,-442
106000065,361,462,-101
106000066,180,458,-278
106000067,1233,137,1096
106000068,74,820,-746
106000069,243,87,156
106000070,532,994,-462
106000071,1113,455,658
106000072,3916,1851,2065
106000073,1838,3349,-1511
106000074,603,767,-164
106000075,399,1846,-1447
106000076,2067,2860,-793
106000077,4398,1765,2633
106000078,1073,1206,-133
106000079,813,1364,-551
106000080,1379,877,502
106000081,714,1442,-728
106000082,2682,1082,1600
106000083,457,1973,-1516
106000084,1233,766,467
106000085,1789,1860,-71
106000086,713,1066,-353
106000087,983,628,355
106000088,418,955,-537
106000089,962,446,516
106000090,267,754,-487
106000091,337,644,-307
106000092,706,372,334
106000093,358,294,64
106000094,152,348,-196
106000095,793,1056,-263
106000096,967,1037,-70
106000097,1284,1234,50
106000098,1193,1514,-321
106000099,303,1200,-897
106000100,2638,338,2300
106000101,5340,505,4835
106000102,791,1027,-236
106000103,684,710,-26
106000104,1978,669,1309
106000105,594,884,-290
106000106,792,702,90
106000107,136,373,-237
106000108,285,456,-171
106000109,164,322,-158
106000110,242,547,-305
106000111,219,498,-279
106000112,205,789,-584
106000113,827,683,144
106000114,595,985,-390
106000115,256,603,-347
106000116,247,286,-39
106000117,1308,840,468
106000118,1497,1797,-300
106000119,1868,1391,477
106000120,930,1464,-534
106000121,164,202,-38
106000122,114,378,-264
106000123,425,277,148
106000124,68,381,-313
106000125,26,403,-377
106000126,229,251,-22
106000127,901,1236,-335
106000128,730,388,342
106000129,472,906,-434
106000130,817,564,253
106000131,196,1033,-837
106000132,731,394,337
106000133,3021,1503,1518
106000134,805,4462,-3657
106000135,327,902,-575
106000136,842,1548,-706
106000137,100,1169,-1069
106000138,1375,175,1200
106000139,65,148,-83
106000140,56,77,-21
106000141,124,101,23
106000142,89,80,9
106000143,103,89,14
106000144,42,59,-17
106000145,219,314,-95
106000146,358,249,109
106000147,478,578,-100
106000148,798,1161,-363
106000149,634,530,104
106000150,647,2333,-1686
106000151,4218,1059,3159
106000152,1821,2464,-643
106000153,119,2220,-2101
106000154,1714,277,1437
106000155,115,350,-235
106000156,872,430,442
106000157,769,2097,-1328
106000158,2768,1368,1400
106000159,4343,2178,2165
106000160,453,3104,-2651
106000161,1946,618,1328
106000162,241,1065,-824
106000163,706,618,88
106000164,327,485,-158
106000165,268,740,-472
106000166,840,448,392
106000167,447,1380,-933
106000168,491,465,26
106000169,305,891,-586
106000170,1569,420,1149
106000171,555,1569,-1014
106000172,3348,2420,928
106000173,1655,3570,-1915
106000174,1226,475,751
106000175,364,1200,-836
106000176,1811,1044,767
106000177,1014,3246,-2232
106000178,4040,2406,1634
106000179,1447,3478,-2031
106000180,1021,1867,-846
106000181,791,2391,-1600
106000182,1182,1088,94
106000183,1422,984,438
106000184,2579,1220,1359
106000185,1509,1690,-181
106000186,1150,359,791
106000187,296,1392,-1096
106000188,2,0,2
106000189,11,90,-79
106000190,69,2,67
106000191,693,303,390
106000192,2,39,-37
106000193,647,346,301
106000194,274,676,-402
106000195,1552,367,1185
106000196,326,830,-504
106000197,1155,397,758
106000198,326,369,-43
106000199,2688,1213,1475
106000200,359,333,26
106000201,622,3158,-2536
106000202,5537,956,4581
106000203,108,221,-113
106000204,95,9,86
106000205,27,206,-179
106000206,83,33,50
106000207,45,974,-929
106000208,1359,200,1159
106000209,1649,451,1198
106000210,446,1415,-969
106000211,475,1593,-1118
106000212,1153,393,760
106000213,1104,2505,-1401
106000214,3785,1034,2751
106000215,749,540,209
106000216,836,475,361
106000217,310,518,-208
106000218,606,574,32
106000219,170,337,-167
106000220,766,402,364
106000221,173,377,-204
106000222,48,148,-100
106000223,215,141,74
106000224,225,313,-88
106000225,61,184,-123
106000226,140,340,-200
106000228,77,143,-66
106000229,115,889,-774
106000231,876,219,657
106000232,149,479,-330
106000233,1179,138,1041
106000234,594,285,309
106000235,3862,125,3737
106000236,1617,130,1487
106000237,36,15,21
106000238,1280,19,1261
106000239,5,249,-244
106000240,94,4,90
106000241,35,903,-868
106000242,234,31,203
106000249,50,93,-43
106000250,92,731,-639
106000251,214,71,143
106000252,80,123,-43
106000253,55,130,-75
106000254,66,49,17
106000255,29,169,-140
106000256,63,99,-36
106000257,200,411,-211
106000258,1383,19,1364
106000259,87,86,1
106000260,52,6,46
106000261,0,60,-60
106000262,204,19,185
106000263,30,111,-81
106000264,214,26,188
106000265,18,197,-179
106000266,127,54,73
106000267,8,127,-119
106000268,562,157,405
106000269,97,70,27
106000270,200,712,-512
106000271,110,322,-212
106000272,476,86,390
106000273,16,329,-313
106000274,251,73,178
106000275,189,358,-169
106000276,235,51,184
106000277,174,329,-155
106000278,182,51,131
106000279,21,57,-36
106000280,91,115,-24
106000281,102,96,6
106000282,80,96,-16
106000283,190,92,98
106000284,90,165,-75
106000285,174,145,29
106000286,90,228,-138
106000287,207,113,94
106000288,147,226,-79
106000289,129,72,57
106000290,84,141,-57
106000291,149,147,2
106000292,114,145,-31
106000293,177,170,7
106000294,156,151,5
106000295,102,74,28
106000296,75,147,-72
106000297,116,386,-270
106000298,188,82,106
106000299,97,198,-101
106000300,77,139,-62
106000301,111,128,-17
106000303,49,168,-119
106000304,37,57,-20
106000305,100,98,2
106000306,47,101,-54
106000307,95,36,59
106000308,45,258,-213
106000309,29,127,-98
106000310,326,658,-332
106000311,388,288,100
106000312,100,211,-111
106000313,158,295,-137
106000318,175,646,-471
106000319,1056,208,848
106000320,6,79,-73
106000321,986,129,857
106000322,166,213,-47
106000324,22,126,-104
106000325,1725,1294,431
106000326,1052,2289,-1237
106000327,129,171,-42
106000328,102,145,-43
106000329,570,352,218
106000330,307,111,196
106000428,108,172,-64
106000429,187,515,-328
106000430,437,1431,-994
106000431,2563,582,1981
106000432,2201,3345,-1144
106000433,2080,1573,507
106000434,3533,2027,1506
106000435,2102,2944,-842
106000436,11,381,-370
106000437,425,27,398
106000438,584,224,360
106000439,136,545,-409
106000440,677,522,155
106000441,1,0,1
106000442,134,15,119
106000443,151,347,-196
106000450,5,222,-217
106000451,32,72,-40
106000454,7,856,-849
106000455,22,307,-285
106000456,189,87,102
106000457,17,1431,-1414
106000458,716,207,509
106000459,120,668,-548
106000460,1718,60,1658
106000461,117,2134,-2017
106000462,0,32,-32
106000463,9,43,-34
106000464,9,673,-664
106000465,599,2,597
106000466,14,883,-869
106000467,703,1011,-308
106000468,76,323,-247
106000469,350,6,344
106000470,326,2100,-1774
106000471,34,861,-827
106000472,150,24,126
106000473,35,14,21
106000474,301,642,-341
106000475,295,198,97
106000476,147,241,-94
106000477,33,41,-8
106900001,1,28,-27
106900002,3,583,-580
106900003,335,1569,-1234
106900004,0,66,-66
106900006,1,11,-10
106900007,0,27,-27
106900008,330,404,-74
106900009,330,528,-198
106900010,317,439,-122
106900012,2341,4961,-2620
106900013,2151,210,1941
106900014,19,5,14
106900015,42,5,37
106900016,352,12,340
106900017,7,0,7
106900018,3,0,3
106900019,35,4,31
106900020,3773,1571,2202
106900021,172,114,58
106900022,816,5,811
106900023,78,327,-249
106900024,2087,48,2039
106900025,90,941,-851
106900026,1,806,-805
106900027,1081,8,1073
107000001,4810,4460,350
107000002,5017,7093,-2076
107000003,6280,8025,-1745
107000004,7012,7409,-397
107000005,5089,7227,-2138
107000006,8389,7486,903
107000007,6913,13302,-6389
107000008,16452,12062,4390
107000009,7908,9052,-1144
107000010,18076,14455,3621
107000011,1543,1899,-356
107000012,6411,4746,1665
107000013,81,126,-45
107000014,38,263,-225
107000015,547,969,-422
107000016,711,1129,-418
107000017,13877,2311,11566
107000018,148,1477,-1329
107000020,8758,1709,7049
107000021,3360,796,2564
107000022,3147,2115,1032
107000023,4241,523,3718
107000024,892,1994,-1102
107000025,253,764,-511
107000026,432,663,-231
107000027,1410,1993,-583
107000028,1523,2161,-638
107000029,4095,4344,-249
107000030,4612,4576,36
107000031,3985,4510,-525
107000032,795,1407,-612
107000033,4498,10599,-6101
107000034,5367,2631,2736
107000035,474,337,137
107000036,589,1569,-980
107000037,124,1187,-1063
107000038,348,415,-67
107000039,914,1015,-101
107000040,230,640,-410
107000041,2156,1136,1020
107000042,1013,2534,-1521
107000043,4150,1504,2646
107000044,752,480,272
107000045,170,378,-208
107000046,1245,584,661
107000047,665,1056,-391
107000048,718,395,323
107000049,629,901,-272
107000050,1129,721,408
107000051,599,566,33
107000052,1200,1316,-116
107000053,478,294,184
107000054,99,413,-314
107000055,197,123,74
107000056,511,1045,-534
107000057,1540,330,1210
107000058,2532,2750,-218
107000059,2856,4405,-1549
107000060,4821,7144,-2323
107000061,6257,5404,853
107000062,4011,3814,197
107000063,4581,7142,-2561
107000064,5478,2990,2488
107000065,7856,6359,1497
107000066,2746,3845,-1099
107000067,1520,1448,72
107000068,2005,883,1122
107000069,866,573,293
107000070,1396,52,1344
107000071,3326,64,3262
107000072,107,3818,-3711
107000073,824,388,436
107000074,217,1338,-1121
107000075,1820,617,1203
107000076,1033,2091,-1058
107000077,4083,1601,2482
107000078,3623,4955,-1332
107000079,3272,1143,2129
107000080,1735,4783,-3048
107000081,1899,841,1058
107000082,675,2844,-2169
107000083,1535,597,938
107000084,753,3035,-2282
107000085,3571,4726,-1155
107000086,4713,4495,218
107000087,3226,2696,530
107000088,5124,4867,257
107000089,1551,2170,-619
107000090,1338,1390,-52
107000091,1298,1133,165
107000092,935,1337,-402
107000093,1400,1069,331
107000094,1219,1460,-241
107000095,1235,943,292
107000096,856,1604,-748
107000097,1180,351,829
107000098,1427,956,471
107000099,854,325,529
107000100,428,460,-32
107000101,121,276,-155
107000102,296,506,-210
107000103,377,238,139
107000104,220,388,-168
107000105,438,225,213
107000106,798,300,498
107000107,558,274,284
107000108,336,826,-490
107000109,686,259,427
107000110,98,643,-545
107000111,435,78,357
107000112,67,422,-355
107000113,618,193,425
107000114,115,627,-512
107000115,592,210,382
107000116,131,933,-802
107000117,134,742,-608
107000118,129,265,-136
107000119,1916,1822,94
107000120,1807,567,1240
107000121,886,904,-18
107000122,1494,1222,272
107000123,447,914,-467
107000124,660,1166,-506
107000125,942,835,107
107000126,949,1256,-307
107000129,727,530,197
107000130,1162,587,575
107000131,594,644,-50
107000132,759,537,222
107000133,1418,136,1282
107000134,447,5,442
107000135,5,380,-375
107000136,961,8,953
107000137,19,443,-424
107000138,607,42,565
107000139,58,580,-522
107000140,3133,239,2894
107000141,259,1121,-862
107000142,1003,195,808
107000143,131,960,-829
107000144,1221,710,511
107000145,267,687,-420
107000146,247,565,-318
107000147,3500,1072,2428
107000150,1144,5164,-4020
107000151,82,156,-74
107000152,553,1477,-924
107000153,312,630,-318
107000154,313,277,36
107000155,1041,45,996
107000156,1553,48,1505
107000157,70,2109,-2039
107000158,584,45,539
107000159,43,1391,-1348
107000160,938,316,622
107000161,112,2040,-1928
107000162,327,890,-563
107000163,389,6,383
107000164,736,4,732
107000165,953,12,941
107000166,95,1711,-1616
107000167,655,368,287
107000168,953,701,252
107000169,1079,1173,-94
107000170,2043,1235,808
107000171,891,2970,-2079
107000172,1196,1598,-402
107000173,727,1461,-734
107000174,1155,6668,-5513
107000175,9520,2723,6797
107000176,5,3,2
107000177,27,2,25
107000178,14,115,-101
107000179,341,2950,-2609
107000180,1391,635,756
107000181,419,1457,-1038
107000182,1765,1393,372
107000183,145,1214,-1069
107000184,1076,1005,71
107000185,588,2019,-1431
107000186,1370,770,600
107000187,2072,1767,305
107000188,854,748,106
107000189,546,1424,-878
107000190,881,1020,-139
107000191,678,1357,-679
107000192,1901,1166,735
107000193,531,666,-135
107000194,849,911,-62
107000197,1071,484,587
107000198,363,896,-533
107000199,812,1057,-245
107000200,950,986,-36
107000201,900,372,528
107000202,497,718,-221
107000203,2606,972,1634
107000204,2530,994,1536
107000205,3151,1416,1735
107000206,1513,1614,-101
107000207,971,1527,-556
107000208,1727,571,1156
107000209,3152,1399,1753
107000210,1103,534,569
107000211,8,33,-25
107000212,17,506,-489
107000213,7,33,-26
107000214,26,207,-181
107000215,591,592,-1
107000216,440,497,-57
107000217,777,214,563
107000219,143,193,-50
107000220,752,271,481
107000222,306,1110,-804
107000224,895,111,784
107000225,1098,813,285
107000226,691,123,568
107000227,222,498,-276
107000228,121,275,-154
107000229,244,292,-48
107000230,1236,643,593
107000231,2270,1843,427
107000232,144,210,-66
107000233,2077,1160,917
107000234,3,65,-62
107000235,103,6,97
107000236,30,1122,-1092
107000237,23,1,22
107000238,159,2,157
107000239,4456,720,3736
107000240,140,1536,-1396
107000241,118,26,92
107000242,468,63,405
107000243,1,62,-61
107000244,4,117,-113
107000246,1,1239,-1238
107000249,6,1389,-1383
107000251,2,460,-458
107000252,1,1711,-1710
107000255,741,141,600
107000257,4,526,-522
107000258,1,145,-144
107000259,7,243,-236
107000260,698,40,658
107000262,11,677,-666
107000263,257,39,218
107000266,5,23,-18
107000267,110,211,-101
107000268,169,242,-73
107000269,820,58,762
107000270,0,31,-31
107000271,46,938,-892
107000272,45,217,-172
107000273,8,242,-234
107000274,5704,292,5412
107000275,781,1376,-595
107000280,878,50,828
107000281,62,1291,-1229
107000282,68,1211,-1143
107000290,16,31,-15
107000291,75,59,16
107000292,3,109,-106
107000293,414,11,403
107000294,0,43,-43
107000295,482,11,471
107000296,0,32,-32
107000444,353,6,347
107000496,6,26,-20
107000497,1944,3552,-1608
107000500,349,401,-52
107000501,215,190,25
107000502,234,431,-197
107000505,536,1015,-479
107000506,4,83,-79
107000508,23,1015,-992
107000509,355,1509,-1154
107000510,197,31,166
107000514,75,391,-316
107000515,33,289,-256
107000516,336,421,-85
107000518,1254,1330,-76
107000519,2843,1397,1446
107000520,77,38,39
107900001,61,255,-194
107900002,91,10,81
107900003,543,34,509
107900004,126,6,120
107900005,1411,12,1399
107900006,174,4,170
107900007,364,35,329
107900008,307,43,264
107900009,273,5,268
107900010,42,1,41
107900012,325,34,291
107900013,325,54,271
107900014,50,17,33
107900015,960,19,941
107900016,588,184,404
107900017,41,5,36
107900018,56,171,-115
107900019,29,58,-29
107900020,204,27,177
107900021,93,173,-80
107900023,5,6,-1
107900024,0,12,-12
107900025,258,442,-184
107900026,114,97,17
107900027,151,97,54
107900028,91,128,-37
107900030,185,29,156
107900031,79,141,-62
107900032,42,9,33
107900033,23,5,18
107900034,409,23,386
107900035,871,88,783
107900036,71,31,40
107900037,0,18,-18
107900038,200,278,-78
107900039,19,72,-53
107900040,130,214,-84
107900041,3,4,-1
107900043,26,147,-121
107900044,46,14,32
107900045,154,88,66
107900046,238,247,-9
107900047,15,36,-21
107900048,189,4,185
107900049,451,2529,-2078
107900050,186,453,-267
107900051,82,130,-48
107900052,26,34,-8
107900053,61,130,-69
107900055,1105,501,604
107900056,308,64,244
107900057,0,0,0
107900058,72,789,-717
107900060,177,53,124
107900061,38,9,29
107900063,95,178,-83
107900064,386,159,227
107900065,235,41,194
107900066,53,10,43
107900067,2,0,2
107900068,310,506,-196
107900069,50,1943,-1893
107900070,144,63,81
107900071,30,967,-937
107900072,80,236,-156
107900073,499,155,344
107900074,1147,333,814
107900076,136,68,68
107900077,73,1,72
107900078,267,98,169
107900079,22,39,-17
107900080,385,607,-222
107900081,54,178,-124
107900082,47,34,13
107900083,539,197,342
107900084,102,162,-60
107900086,251,252,-1
107900087,961,189,772
107900088,51,19,32
107900089,418,1677,-1259
107900090,1416,3970,-2554
107900091,287,704,-417
107900092,2558,657,1901
107900093,180,171,9
107900095,4783,3348,1435
107900097,36,103,-67
107900098,66,264,-198
107900100,1380,1428,-48
107900101,1377,348,1029
107900102,49,14,35
107900103,79,345,-266
107900104,314,28,286
107900105,36,553,-517
107900106,3,1312,-1309
107900107,2326,793,1533
107900108,439,247,192
107900109,1177,21,1156
107900110,65,235,-170
107900111,13,1114,-1101
107900112,152,446,-294
107900113,258,232,26
107900114,141,267,-126
107900115,1,68,-67
107900116,167,293,-126
107900117,399,704,-305
107900118,101,288,-187
107900119,102,456,-354
107900120,36,35,1
107900121,4,446,-442
107900122,6,143,-137
107900123,3,60,-57
107900124,54,50,4
107900125,34,221,-187
107900126,9,77,-68
107900127,694,431,263
107900128,194,103,91
107900129,91,116,-25
107900130,83,68,15
107900131,977,354,623
107900132,163,640,-477
107900133,1,108,-107
107900134,50,85,-35
107900135,4,178,-174
107900136,47,67,-20
107900137,459,139,320
107900138,68,151,-83
107900139,33,192,-159
107900140,143,66,77
107900141,75,54,21
107900142,293,1197,-904
107900143,384,34,350
107900144,4,198,-194
107900145,16,156,-140
107900146,103,198,-95
107900147,71,55,16
107900148,181,183,-2
107900149,1416,338,1078
107900150,133,1052,-919
107900151,52,166,-114
107900152,16,411,-395
107900153,237,442,-205
107900154,63,43,20
107900155,75,98,-23
107900156,5,499,-494
107900157,81,87,-6
107900158,938,44,894
107900159,77,1266,-1189
107900160,118,175,-57
107900161,23,261,-238
107900162,6,210,-204
107900163,185,103,82
107900164,12,64,-52
107900165,64,135,-71
107900166,23,293,-270
107900167,28,21,7
107900168,22,53,-31
107900169,17,290,-273
107900171,25,2044,-2019
107900172,4,442,-438
107900173,21,237,-216
107900174,134,9,125
107900175,111,29,82
107900176,38,54,-16
107900177,5,471,-466
107900178,0,200,-200
107900179,26,198,-172
107900180,930,489,441
107900181,1009,441,568
107900182,12,1608,-1596
107900183,41,405,-364
107900184,454,352,102
107900185,112,6,106
107900186,33,53,-20
107900187,0,178,-178
107900188,898,246,652
107900189,57,185,-128
107900190,119,148,-29
107900191,82,183,-101
107900193,6,71,-65
107900194,262,20,242
107900195,3596,653,2943
107900196,80,164,-84
107900197,1149,405,744
107900199,4,1197,-1193
107900201,102,200,-98
107900203,37,103,-66
107900204,269,384,-115
107900205,253,535,-282
107900206,1164,215,949
107900207,6,771,-765
107900208,20,810,-790
107900209,515,227,288
107900210,96,164,-68
107900213,1191,1064,127
107900214,50,152,-102
107900215,207,358,-151
107900216,176,110,66
107900217,66,125,-59
107900218,35,2591,-2556
107900219,49,171,-122
107900220,317,414,-97
107900221,327,267,60
107900223,105,754,-649
107900224,138,465,-327
107900225,30,978,-948
107900226,103,153,-50
107900227,122,558,-436
107900228,31,191,-160
107900229,4,395,-391
107900230,13,158,-145
107900231,14,265,-251
107900232,71,199,-128
107900233,2,208,-206
107900234,90,254,-164
107900235,47,146,-99
107900236,112,162,-50
107900237,87,720,-633
107900238,36,121,-85
107900239,1155,603,552
107900240,23,161,-138
107900241,35,138,-103
107900242,43,318,-275
107900243,10,105,-95
107900244,417,10,407
107900245,666,62,604
107900246,1822,25,1797
107900248,301,657,-356
107900249,665,64,601
107900250,3,794,-791
107900251,84,1797,-1713
107900252,931,31,900
107900253,192,2,190
107900254,79,1178,-1099
107900255,460,180,280
107900256,3765,2398,1367
107900257,227,212,15
107900258,138,273,-135
107900259,135,1971,-1836
107900261,9,557,-548
107900262,116,156,-40
107900264,461,11,450
107900265,751,202,549
107900267,232,30,202
107900268,14,5,9
107900269,0,6,-6
107900270,0,0,0
107900271,0,9,-9
107900272,87,16,71
107900273,53,170,-117
107900274,61,0,61
107900275,37,0,37
107900276,1,89,-88
107900277,0,183,-183
107900278,322,536,-214
107900279,151,217,-66
107900280,2567,3382,-815
107900281,2777,2574,203
107900282,91,534,-443
107900283,1599,689,910
107900284,878,885,-7
107900285,87,134,-47
107900286,213,116,97
107900287,190,279,-89
107900290,1,161,-160
107900291,530,18,512
107900292,311,331,-20
107900293,76,601,-525
107900295,42,71,-29
107900297,1,632,-631
107900298,845,1257,-412
107900299,4991,2660,2331
107900300,88,305,-217
107900301,2611,701,1910
107900302,198,75,123
107900303,346,449,-103
107900304,217,765,-548
107900305,378,26,352
107900306,45,26,19
107900307,59,319,-260
107900308,180,129,51
107900309,159,14,145
107900310,1140,19,1121
107900311,6,404,-398
107900312,76,1,75
107900313,1,192,-191
107900314,0,53,-53
107900315,0,67,-67
107900316,50,4,46
107900317,176,29,147
107900318,12,200,-188
107900319,4,279,-275
107900320,0,228,-228
107900321,145,5,140
107900322,0,195,-195
107900323,11,222,-211
107900324,197,2,195
107900325,110,0,110
107900326,371,373,-2
107900327,1,102,-101
107900328,211,1,210
107900329,291,159,132
107900330,16,575,-559
107900331,183,45,138
107900332,209,55,154
107900333,69,22,47
107900334,27,216,-189
107900335,132,69,63
107900336,215,62,153
107900337,1647,983,664
107900338,5,233,-228
107900339,2,31,-29
107900340,1,73,-72
107900341,86,1,85
107900342,158,291,-133
107900343,127,4,123
107900344,8,189,-181
107900345,133,34,99
107900346,38,3,35
107900347,32,2,30
107900348,22,5,17
107900349,28,9,19
107900350,28,340,-312
108000001,3164,4350,-1186
108000002,2335,3560,-1225
108000003,4081,3688,393
108000004,16047,20341,-4294
108000005,9958,7201,2757
108000006,11038,10841,197
108000007,5753,4865,888
108000008,5613,9015,-3402
108000009,4339,5186,-847
108000010,4616,6309,-1693
108000011,14081,13352,729
108000012,23514,21138,2376
108000014,1175,755,420
108000015,780,410,370
108000016,326,695,-369
108000017,1106,513,593
108000018,2737,823,1914
108000019,4272,1002,3270
108000020,1627,697,930
108000021,506,2195,-1689
108000022,589,1665,-1076
108000023,1282,387,895
108000024,309,757,-448
108000025,332,385,-53
108000026,588,622,-34
108000027,845,697,148
108000028,695,349,346
108000029,701,758,-57
108000030,796,384,412
108000031,275,1034,-759
108000032,1500,896,604
108000033,910,1692,-782
108000034,1671,733,938
108000035,1098,3194,-2096
108000036,370,1372,-1002
108000037,1683,765,918
108000038,2503,889,1614
108000039,732,2697,-1965
108000040,1864,1244,620
108000041,781,3297,-2516
108000042,294,345,-51
108000043,256,433,-177
108000044,449,238,211
108000045,372,707,-335
108000046,1552,500,1052
108000047,605,1449,-844
108000048,549,489,60
108000049,2000,491,1509
108000050,149,557,-408
108000051,338,159,179
108000052,327,838,-511
108000053,518,315,203
108000054,643,1278,-635
108000055,1286,651,635
108000056,1129,1448,-319
108000057,722,1523,-801
108000058,2285,4376,-2091
108000059,3854,2758,1096
108000060,206,465,-259
108000061,138,340,-202
108000062,878,702,176
108000063,519,694,-175
108000064,262,373,-111
108000065,608,775,-167
108000066,1761,965,796
108000067,1852,790,1062
108000068,772,454,318
108000069,266,1240,-974
108000070,2032,982,1050
108000071,832,2183,-1351
108000072,1781,1558,223
108000073,1774,2784,-1010
108000074,710,494,216
108000075,510,1290,-780
108000076,838,777,61
108000077,832,982,-150
108000078,2359,2004,355
108000079,1148,2253,-1105
108000080,1823,877,946
108000081,1051,2418,-1367
108000082,1256,2313,-1057
108000083,2000,1256,744
108000084,764,1486,-722
108000085,1079,652,427
108000086,1279,1097,182
108000087,192,2345,-2153
108000088,251,15,236
108000089,460,654,-194
108000090,519,198,321
108000091,353,678,-325
108000092,189,130,59
108000093,202,938,-736
108000094,721,133,588
108000095,214,576,-362
108000096,409,232,177
108000097,125,687,-562
108000098,1844,1939,-95
108000099,336,87,249
108000100,66,263,-197
108000101,2546,1853,693
108000102,1916,3430,-1514
108000106,1142,3,1139
108000107,3,1042,-1039
108000108,970,69,901
108000109,3,892,-889
108000110,201,393,-192
108000111,208,923,-715
108000112,71,174,-103
108000113,570,329,241
108000115,508,480,28
108000117,957,478,479
108000118,85,289,-204
108000119,762,485,277
108000120,173,819,-646
108000121,315,740,-425
108000122,797,416,381
108000123,2576,326,2250
108000124,1214,1062,152
108000125,561,426,135
108000126,251,574,-323
108000127,568,655,-87
108000128,803,718,85
108000129,1442,1613,-171
108000130,1489,487,1002
108000131,917,988,-71
108000132,2513,1979,534
108000133,933,834,99
108000134,627,751,-124
108000135,1270,852,418
108000136,667,1301,-634
108000137,481,638,-157
108000138,446,1272,-826
108000139,587,481,106
108000140,120,63,57
108000141,32,108,-76
108000142,77,110,-33
108000143,35,39,-4
108000144,49,13,36
108000145,53,18,35
108000146,78,20,58
108000147,69,48,21
108000148,95,26,69
108000149,43,31,12
108000150,41,11,30
108000151,67,18,49
108000152,113,621,-508
108000153,442,225,217
108000154,66,13,53
108000155,38,32,6
108000156,408,142,266
108000157,275,1076,-801
108000158,114,868,-754
108000159,609,259,350
108000160,4015,1534,2481
108000161,3767,3156,611
108000165,9,193,-184
108000172,10,381,-371
108000173,2389,2326,63
108000175,260,112,148
108000178,501,423,78
108000179,259,963,-704
108000181,65,26,39
108000182,123,22,101
108000183,57,25,32
108000184,1254,2482,-1228
108000185,282,742,-460
108000186,179,121,58
108000187,262,906,-644
108000188,626,327,299
108000189,902,1619,-717
108000190,47,156,-109
108000192,254,684,-430
108000193,971,74,897
108000194,65,7,58
108000195,4,1270,-1266
108000196,1493,195,1298
108000198,562,479,83
108000199,0,172,-172
108000200,626,871,-245
108000202,3,290,-287
108000203,137,946,-809
108000204,273,114,159
108000205,525,667,-142
108000339,1843,524,1319
108000364,180,446,-266
108000365,104,393,-289
108000367,200,480,-280
108000368,11,90,-79
108000369,1523,318,1205
108000371,2,716,-714
108000372,658,0,658
108000373,251,219,32
108000376,88,43,45
108000377,407,355,52
108000378,10393,12011,-1618
108000379,36,262,-226
108000381,56,50,6
108000382,121,1,120
108000383,2,207,-205
108900001,143,1444,-1301
108900002,253,87,166
108900003,435,1017,-582
108900004,111,488,-377
108900005,81,394,-313
108900006,873,185,688
108900007,311,289,22
108900008,112,202,-90
108900009,57,121,-64
108900010,267,282,-15
108900011,491,503,-12
108900012,356,538,-182
108900013,154,329,-175
108900014,16,151,-135
108900015,0,76,-76
108900016,0,322,-322
108900017,480,446,34
108900018,153,610,-457
108900019,67,1185,-1118
108900020,55,308,-253
108900021,131,349,-218
108900022,113,13,100
108900023,1,32,-31
108900024,43,173,-130
108900025,166,179,-13
108900026,28,120,-92
108900027,1,107,-106
108900028,92,393,-301
108900029,78,337,-259
108900030,1,139,-138
108900031,115,570,-455
108900032,19,303,-284
108900033,0,102,-102
108900034,1,344,-343
108900035,399,1675,-1276
108900036,216,364,-148
108900037,101,491,-390
108900038,0,428,-428
108900039,1,616,-615
108900040,10,148,-138
108900041,6651,3285,3366
108900042,10,487,-477
108900043,95,529,-434
108900044,5,615,-610
108900045,111,718,-607
108900046,66,1036,-970
108900047,1,162,-161
108900048,147,1249,-1102
108900049,4798,2202,2596
108900050,0,284,-284
108900051,0,189,-189
108900052,31,323,-292
108900053,149,268,-119
108900054,90,266,-176
108900055,154,436,-282
108900056,1,178,-177
108900057,5,214,-209
108900058,44,513,-469
108900059,434,49,385
108900060,83,158,-75
108900061,116,31,85
108900062,6,348,-342
108900063,21,485,-464
108900064,162,92,70
108900065,18,309,-291
108900066,444,152,292
108900067,35,230,-195
108900068,0,131,-131
108900069,64,133,-69
108900070,41,147,-106
108900071,91,92,-1
108900072,2676,769,1907
108900073,10,92,-82
108900074,174,533,-359
108900075,79,90,-11
108900076,301,127,174
108900077,147,167,-20
108900078,22,193,-171
108900079,1171,328,843
108900080,30,966,-936
108900081,65,327,-262
108900082,66,142,-76
108900083,45,345,-300
108900084,505,227,278
108900085,2383,293,2090
108900086,109,355,-246
108900087,171,310,-139
108900088,1121,519,602
108900089,33,175,-142
108900090,51,383,-332
108900091,139,164,-25
108900092,526,480,46
108900093,118,154,-36
108900094,217,113,104
108900095,80,514,-434
108900096,387,26,361
108900097,306,321,-15
108900098,3314,965,2349
108900099,409,376,33
108900100,97,164,-67
108900101,234,221,13
108900102,171,1060,-889
108900103,235,154,81
108900104,206,516,-310
108900105,10,1331,-1321
108900106,398,467,-69
108900108,591,61,530
108900109,143,38,105
108900110,279,595,-316
108900111,498,795,-297
108900112,320,42,278
108900113,41,70,-29
108900114,0,4,-4
108900115,93,151,-58
108900116,164,24,140
108900117,183,35,148
108900118,537,28,509
108900119,282,42,240
108900120,238,216,22
108900121,403,228,175
108900122,104,36,68
108900123,138,185,-47
108900124,549,349,200
108900125,405,3,402
108900126,133,27,106
108900127,139,27,112
108900128,108,72,36
108900129,791,272,519
108900130,327,0,327
108900131,552,12,540
108900132,529,124,405
108900133,221,93,128
108900134,377,350,27
108900135,229,28,201
108900136,84,0,84
108900137,128,3,125
108900138,745,62,683
108900139,633,210,423
108900140,265,387,-122
108900141,329,8,321
108900142,135,9,126
108900143,56,0,56
108900144,99,3,96
108900145,174,13,161
108900146,77,10,67
108900147,198,1,197
108900148,98,68,30
108900149,706,481,225
108900150,293,10,283
108900151,367,7,360
108900152,188,4,184
108900153,178,475,-297
108900154,5831,702,5129
108900155,339,137,202
108900156,78,27,51
108900157,61,660,-599
108900158,915,82,833
108900159,13,361,-348
108900160,22,356,-334
108900161,39,561,-522
108900162,96,2,94
108900163,6,360,-354
108900164,64,118,-54
108900165,239,130,109
108900167,2413,6377,-3964
108900168,9798,2984,6814
108900169,69,161,-92
108900171,10290,3237,7053
108900172,250,126,124
108900173,336,467,-131
108900174,790,860,-70
108900176,144,574,-430
108900177,7794,7866,-72
108900178,5099,3748,1351
108900179,692,1826,-1134
108900180,105,309,-204
108900182,49,269,-220
108900183,191,290,-99
108900184,535,329,206
108900185,299,473,-174
108900186,77,450,-373
108900187,411,119,292
108900188,541,119,422
108900189,505,246,259
108900190,78,3801,-3723
108900191,332,63,269
108900192,114,296,-182
108900193,440,78,362
108900194,21,482,-461
108900195,132,445,-313
108900196,31,566,-535
108900198,10,585,-575
108900199,297,542,-245
108900200,575,386,189
108900201,603,1715,-1112
108900203,632,117,515
108900204,403,18,385
108900205,207,35,172
108900206,972,40,932
108900207,188,73,115
108900208,26,442,-416
108900209,322,725,-403
108900210,227,252,-25
108900211,161,636,-475
108900212,860,1862,-1002
108900215,122,558,-436
108900216,603,223,380
108900217,217,1,216
108900218,170,117,53
108900219,79,16,63
108900220,58,31,27
108900221,70,133,-63
108900222,261,27,234
108900223,10,130,-120
108900224,52,260,-208
108900225,1,213,-212
108900226,280,10,270
108900227,137,305,-168
108900230,361,288,73
108900231,67,275,-208
108900232,5,333,-328
108900233,534,135,399
108900234,306,234,72
108900235,340,787,-447
108900236,48,431,-383
108900237,128,310,-182
108900240,247,161,86
108900241,39,52,-13
108900245,22,1607,-1585
108900249,149,46,103
108900250,334,351,-17
108900257,222,657,-435
108900258,17,310,-293
108900259,227,129,98
108900260,22,152,-130
108900261,142,204,-62
108900262,214,196,18
108900263,34,282,-248
108900264,713,364,349
108900265,1473,449,1024
108900266,1324,548,776
108900267,6,77,-71
108900268,28,6,22
108900269,75,25,50
108900270,68,19,49
108900271,50,29,21
108900272,198,19,179
108900273,1266,852,414
108900274,59,70,-11
109000001,4485,1613,2872
109000002,2028,1810,218
109000003,2899,621,2278
109000004,497,2560,-2063
109000005,2796,776,2020
109000006,855,2331,-1476
109000007,1567,807,760
109000008,573,2035,-1462
109000009,4311,1701,2610
109000010,1736,4764,-3028
109000011,3172,2479,693
109000012,2082,4209,-2127
109000013,3951,3656,295
109000014,2596,3786,-1190
109000015,4093,7376,-3283
109000016,8275,4476,3799
109000017,2253,1378,875
109000018,1036,3746,-2710
109000019,2763,1771,992
109000020,1226,2257,-1031
109000023,448,43,405
109000024,7,230,-223
109000025,404,596,-192
109000026,941,423,518
109000027,116,409,-293
109000028,162,136,26
109000029,147,204,-57
109000030,77,575,-498
109000031,284,288,-4
109000032,107,606,-499
109000033,374,245,129
109000034,65,75,-10
109000035,28,90,-62
109000036,385,519,-134
109000037,271,1307,-1036
109000038,870,569,301
109000039,1097,780,317
109000040,6014,8315,-2301
109000041,4763,2008,2755
109000042,864,1684,-820
109000044,479,103,376
109000045,122,504,-382
109000046,342,106,236
109000047,89,570,-481
109000048,1069,291,778
109000049,426,752,-326
109000050,619,438,181
109000051,424,387,37
109000052,705,1443,-738
109000053,297,126,171
109000054,2290,830,1460
109000055,997,523,474
109000056,789,878,-89
109000057,728,539,189
109000058,1339,484,855
109000059,1412,1685,-273
109000060,476,354,122
109000061,1413,1388,25
109000062,496,442,54
109000063,343,394,-51
109000064,525,304,221
109000065,152,353,-201
109000066,514,192,322
109000067,78,452,-374
109000068,2884,16,2868
109000069,1951,47,1904
109000070,11,1314,-1303
109000071,406,106,300
109000072,103,360,-257
109000073,45,125,-80
109000074,52,254,-202
109000075,86,435,-349
109000076,177,292,-115
109000077,430,421,9
109000078,99,231,-132
109000079,167,324,-157
109000080,140,149,-9
109000081,125,798,-673
109000082,645,317,328
109000083,342,1296,-954
109000088,160,662,-502
109000089,346,90,256
109000090,233,597,-364
109000091,380,220,160
109000092,439,648,-209
109000093,254,268,-14
109000094,565,4,561
109000095,124,616,-492
109000096,734,435,299
109000097,130,209,-79
109000098,49,183,-134
109000099,1107,448,659
109000100,311,725,-414
109000101,1818,1033,785
109000102,437,1078,-641
109000103,507,907,-400
109000104,1817,784,1033
109000105,575,1934,-1359
109000106,2094,1151,943
109000107,805,3214,-2409
109000108,1918,861,1057
109000109,518,2670,-2152
109000110,1334,719,615
109000111,1178,2779,-1601
109000112,891,262,629
109000113,837,309,528
109000114,506,621,-115
109000115,1680,60,1620
109000116,8,359,-351
109000117,252,91,161
109000118,10,403,-393
109000119,1495,393,1102
109000120,231,1264,-1033
109000121,414,66,348
109000122,159,1250,-1091
109000123,40,89,-49
109000124,629,728,-99
109000125,1315,518,797
109000126,582,1193,-611
109000127,923,319,604
109000128,640,2197,-1557
109000129,2220,1061,1159
109000130,787,2784,-1997
109000131,950,755,195
109000132,930,2624,-1694
109000133,494,1331,-837
109000134,1050,1963,-913
109000135,1985,2198,-213
109000136,461,411,50
109000137,464,489,-25
109000138,683,565,118
109000139,599,630,-31
109000140,531,544,-13
109000141,750,623,127
109000142,173,729,-556
109000143,126,100,26
109000145,115,382,-267
109000146,73,149,-76
109000148,4870,3321,1549
109000149,30,55,-25
109000150,165,300,-135
109000155,875,685,190
109000156,1420,843,577
109000158,251,409,-158
109000159,220,787,-567
109000160,957,415,542
109000161,360,1435,-1075
109000162,2032,1165,867
109000163,1118,2351,-1233
109000164,1372,3115,-1743
109000165,1249,839,410
109000166,788,187,601
109000167,113,776,-663
109000170,89,82,7
109000171,75,90,-15
109000172,44,83,-39
109000173,24,89,-65
109000174,122,73,49
109000175,58,139,-81
109000176,341,340,1
109000177,27,169,-142
109000178,681,562,119
109000179,7515,6461,1054
109000180,6648,4366,2282
109000181,17,42,-25
109000182,37,31,6
109000183,28,56,-28
109000184,37,19,18
109000185,34,52,-18
109000188,1144,2795,-1651
109000189,5055,1501,3554
109000190,1572,587,985
109000191,549,658,-109
109000192,375,559,-184
109000193,253,427,-174
109000194,296,303,-7
109000195,192,486,-294
109000196,379,266,113
109000197,212,554,-342
109000198,430,162,268
109000199,144,632,-488
109000206,237,26,211
109000207,160,56,104
109000208,106,95,11
109000209,208,180,28
109000210,217,772,-555
109000211,640,775,-135
109000214,412,529,-117
109000215,163,146,17
109000216,229,257,-28
109000217,945,240,705
109000218,1751,388,1363
109000221,644,1445,-801
109000222,1075,360,715
109000223,286,381,-95
109000224,56,176,-120
109000225,74,49,25
109000226,74,305,-231
109000227,1067,1659,-592
109000228,4,763,-759
109000231,4,449,-445
109000232,341,446,-105
109000236,276,1002,-726
109000241,2472,2828,-356
109000242,2002,2026,-24
109000293,80,74,6
109000361,120,443,-323
109000364,440,798,-358
109000396,9,738,-729
109000397,601,32,569
109000399,143,628,-485
109000400,80,379,-299
109000403,167,983,-816
109000406,585,3,582
109000407,442,318,124
109000408,0,683,-683
109000410,1064,305,759
109000411,205,39,166
109900001,117,0,117
109900002,986,32,954
109900003,249,0,249
109900004,1246,215,1031
109900005,18,12,6
109900006,595,388,207
109900007,773,822,-49
109900008,2,107,-105
109900009,150,813,-663
109900010,804,24,780
109900011,89,82,7
109900012,818,286,532
109900013,489,329,160
109900014,467,115,352
109900015,565,320,245
109900016,174,61,113
109900017,221,318,-97
109900018,356,125,231
109900019,755,98,657
109900020,49,59,-10
109900021,42,21,21
109900022,162,301,-139
109900023,39,6,33
109900024,37,13,24
109900025,17,105,-88
109900026,5,239,-234
109900027,44,63,-19
109900028,2233,1021,1212
109900029,3,486,-483
109900030,59,14,45
109900031,1,215,-214
109900032,12,556,-544
109900033,1,616,-615
109900034,35,2,33
109900035,39,35,4
109900036,62,118,-56
109900037,37,699,-662
109900038,81,262,-181
109900039,13,1,12
109900040,40,704,-664
109900041,64,522,-458
109900042,343,712,-369
109900044,792,372,420
109900045,263,126,137
109900046,20,86,-66
109900047,762,456,306
109900048,11,139,-128
109900049,13,59,-46
109900050,4,221,-217
109900051,0,76,-76
109900052,153,513,-360
109900053,7,405,-398
109900054,576,289,287
109900055,72,375,-303
109900056,78,433,-355
109900057,14,207,-193
109900058,0,116,-116
109900059,680,215,465
109900060,450,232,218
109900061,85,427,-342
109900062,0,233,-233
109900063,15,563,-548
109900064,656,409,247
109900065,148,182,-34
109900066,422,1113,-691
109900067,1,309,-308
109900068,50,13,37
109900069,5,41,-36
109900070,100,454,-354
109900071,6,44,-38
109900072,56,199,-143
109900073,417,732,-315
109900074,24,88,-64
109900075,78,112,-34
109900076,29,262,-233
109900077,47,117,-70
109900078,159,292,-133
109900080,232,479,-247
109900081,47,240,-193
109900082,77,522,-445
109900083,31,115,-84
109900084,88,293,-205
109900085,271,937,-666
109900086,211,653,-442
109900087,435,721,-286
109900089,940,477,463
109900090,630,1185,-555
109900091,355,118,237
109900092,4375,39,4336
109900093,988,332,656
109900094,125,156,-31
109900095,638,306,332
109900096,42,3,39
109900097,131,1,130
109900098,369,51,318
109900099,179,0,179
109900100,38,0,38
109900101,408,22,386
109900102,485,22,463
109900103,38,79,-41
109900104,593,1082,-489
109900105,580,36,544
109900106,790,105,685
109900107,981,193,788
109900108,157,567,-410
109900109,40,212,-172
109900110,186,516,-330
109900111,497,1101,-604
109900112,420,780,-360
109900113,770,556,214
109900114,1248,842,406
109900115,258,238,20
109900117,1094,189,905
109900118,322,688,-366
109900119,831,472,359
109900120,104,54,50
109900121,465,549,-84
109900122,444,10,434
109900123,30,187,-157
109900124,69,899,-830
109900125,5,269,-264
109900126,243,171,72
109900128,224,77,147
109900130,9151,2520,6631
109900131,60,268,-208
109900132,35,215,-180
109900133,103,369,-266
109900134,291,179,112
109900135,401,93,308
109900136,268,238,30
109900137,144,454,-310
109900138,84,132,-48
109900140,286,307,-21
109900142,1466,392,1074
109900145,4,581,-577
109900146,649,85,564
109900148,87,191,-104
109900149,59,100,-41
109900150,7,156,-149
109900151,11,86,-75
109900152,2,51,-49
109900153,3,88,-85
109900154,117,0,117
109900155,73,39,34
109900157,81,347,-266
109900158,66,173,-107
109900159,191,75,116
109900160,197,106,91
109900161,278,152,126
109900162,209,167,42
109900163,870,368,502
109900164,89,257,-168
109900165,995,12,983
109900166,11,229,-218
109900167,209,723,-514
109900168,243,872,-629
109900169,272,219,53
109900170,444,756,-312
109900171,277,129,148
109900172,342,428,-86
109900173,4443,2734,1709
109900174,73,210,-137
109900175,259,111,148
109900176,170,302,-132
109900177,62,326,-264
109900178,48,187,-139
109900179,529,39,490
109900180,14,29,-15
110000001,918,627,291
110000002,632,959,-327
110000003,1049,815,234
110000004,545,781,-236
110000005,571,2284,-1713
110000006,481,409,72
110000007,118,162,-44
110000008,41,72,-31
110000009,68,36,32
110000010,27,91,-64
110000011,34,108,-74
110000012,673,523,150
110000013,43,818,-775
110000014,937,545,392
110000015,285,1357,-1072
110000016,244,2035,-1791
110000017,3327,326,3001
110000018,3382,571,2811
110000019,20,131,-111
110000020,495,238,257
110000021,1594,748,846
110000022,1604,397,1207
110000023,15,161,-146
110000024,753,510,243
110000025,346,7,339
110000026,10,428,-418
110000027,1510,657,853
110000028,994,1061,-67
110000029,595,850,-255
110000030,244,676,-432
110000031,271,606,-335
110000032,737,701,36
110000033,389,119,270
110000034,609,1901,-1292
110000035,1531,832,699
110000036,1533,1996,-463
110000037,323,766,-443
110000038,295,1300,-1005
110000039,950,4422,-3472
110000040,432,522,-90
110000041,280,1800,-1520
110000042,166,404,-238
110000043,1100,434,666
110000044,497,266,231
110000045,2387,161,2226
110000046,10,29,-19
110000047,62,37,25
110000048,25,24,1
110000049,96,13,83
110000050,13,74,-61
110000051,36,5,31
110000052,21,25,-4
110000053,173,15,158
110000054,996,317,679
110000055,2038,60,1978
110000056,403,87,316
110000057,351,732,-381
110000058,1520,728,792
110000059,1403,675,728
110000060,1190,1458,-268
110000061,1087,988,99
110000062,794,1191,-397
110000063,62,189,-127
110000064,70,121,-51
110000065,84,180,-96
110000066,99,104,-5
110000067,174,288,-114
110000068,365,333,32
110000069,269,190,79
110000071,151,235,-84
110000073,12,46,-34
110000075,29,321,-292
110000076,367,689,-322
110000077,580,2969,-2389
110000078,42,108,-66
110000080,348,792,-444
110000081,294,325,-31
110000082,56,472,-416
110000083,351,829,-478
110000084,1365,896,469
110000085,3111,2136,975
110000086,3071,2532,539
110000087,8,83,-75
110000088,72,356,-284
110000089,378,148,230
110000090,871,437,434
110000091,1758,483,1275
110000092,60,90,-30
110000093,52,9,43
110000094,747,424,323
110000095,294,811,-517
110000096,2914,2245,669
110000097,1059,1436,-377
110000098,2300,903,1397
110000099,882,1896,-1014
110000100,829,765,64
110000101,22,501,-479
110000102,65,22,43
110000104,1478,156,1322
110000105,275,337,-62
110000106,866,431,435
110000107,385,544,-159
110000108,165,93,72
110000109,359,340,19
110000110,3928,5101,-1173
110000111,8042,3594,4448
110000112,1748,1752,-4
110000113,608,3060,-2452
110000114,190,922,-732
110000115,391,594,-203
110000116,49,106,-57
110000117,237,498,-261
110000118,477,378,99
110000119,240,495,-255
110000120,509,295,214
110000121,140,587,-447
110000122,495,825,-330
110000123,549,895,-346
110000124,8,1651,-1643
110000125,1021,14,1007
110000126,344,45,299
110000127,1221,48,1173
110000128,56,1917,-1861
110000129,5,702,-697
110000130,311,194,117
110000131,319,463,-144
110000132,8,1050,-1042
110000133,55,809,-754
110000134,36,595,-559
110000135,199,50,149
110000136,117,406,-289
110000137,637,832,-195
110000138,845,958,-113
110000139,769,1540,-771
110000140,1002,620,382
110000143,759,629,130
110000144,6412,2155,4257
110000145,2456,1357,1099
110000146,2752,1247,1505
110000147,681,977,-296
110000148,881,356,525
110000151,1484,1116,368
110000152,1347,389,958
110000153,113,91,22
110000154,176,39,137
110000155,2416,4410,-1994
110000156,1200,2882,-1682
110000157,2584,2395,189
110000160,508,485,23
110000161,242,416,-174
110000166,745,241,504
110000167,966,759,207
110000168,1074,569,505
110000169,938,401,537
110000170,500,166,334
110000171,879,223,656
110000172,170,918,-748
110000173,1195,1545,-350
110000174,293,1456,-1163
110000175,646,112,534
110000176,616,426,190
110000177,236,991,-755
110000178,642,2905,-2263
110000179,1544,441,1103
110000180,188,340,-152
110000181,552,1047,-495
110000182,396,193,203
110000183,12643,9319,3324
110000184,641,3540,-2899
110000185,2781,964,1817
110000186,923,1393,-470
110000191,1084,404,680
110000192,1741,9,1732
110000193,2561,14,2547
110000194,29,1555,-1526
110000195,431,621,-190
110000196,442,531,-89
110000197,98,321,-223
110000198,423,147,276
110000199,352,189,163
110000200,2721,604,2117
110000201,2463,1187,1276
110000202,1571,716,855
110000203,1375,1000,375
110000204,5,332,-327
110000205,156,78,78
110000206,1046,1825,-779
110000207,988,472,516
110000208,537,326,211
110000209,223,1248,-1025
110000210,1308,849,459
110000211,1919,1128,791
110000212,480,1554,-1074
110000213,166,256,-90
110000214,315,245,70
110000215,219,526,-307
110000216,129,518,-389
110000217,303,271,32
110000218,195,478,-283
110000219,280,112,168
110000220,84,432,-348
110000221,348,159,189
110000222,74,320,-246
110000223,7,219,-212
110000224,98,11,87
110000225,444,1117,-673
110000226,266,91,175
110000227,1130,1174,-44
110000228,578,420,158
110000229,3,382,-379
110000230,1561,867,694
110000231,374,362,12
110000232,1117,290,827
110000233,867,388,479
110000234,1695,974,721
110000235,1009,1371,-362
110000236,971,916,55
110000237,4230,1846,2384
110000238,1984,1811,173
110000239,2285,1532,753
110000240,4,115,-111
110000242,0,20,-20
110000243,146,180,-34
110000244,247,458,-211
110000245,46,497,-451
110000246,1943,1098,845
110000247,1840,5618,-3778
110000248,2781,1850,931
110000249,95,14,81
110000250,339,325,14
110000251,433,805,-372
110000252,528,265,263
110000253,1724,993,731
110000254,1007,1888,-881
110000255,433,1371,-938
110000256,747,503,244
110000257,685,626,59
110000258,17,500,-483
110000259,184,32,152
110000260,32,477,-445
110000263,775,154,621
110000264,453,618,-165
110000265,1929,3172,-1243
110000266,2886,3949,-1063
110000267,33,359,-326
110000268,350,544,-194
110000269,8,153,-145
110000270,102,9,93
110000271,1958,360,1598
110000272,1555,1232,323
110000273,4609,1997,2612
110000274,582,1789,-1207
110000275,3231,800,2431
110000276,1442,561,881
110000277,883,533,350
110000278,1414,1073,341
110000279,1230,853,377
110000280,838,509,329
110000281,53,355,-302
110000282,412,50,362
110000283,88,168,-80
110000284,96,55,41
110000285,2,666,-664
110000286,35,0,35
110000287,139,4,135
110000288,47,146,-99
110000289,608,1906,-1298
110000290,1441,884,557
110000291,5762,1733,4029
110000292,1718,5334,-3616
110000293,1239,927,312
110000294,1279,1633,-354
110000295,254,1004,-750
110000296,486,507,-21
110000297,3357,469,2888
110000298,310,889,-579
110000299,374,118,256
110000301,1155,43,1112
110000302,1223,1422,-199
110000303,1186,11,1175
110000304,448,421,27
110000305,1956,48,1908
110000306,217,1764,-1547
110000307,1811,13,1798
110000308,767,14,753
110000309,16,1088,-1072
110000310,1110,117,993
110000311,30,846,-816
110000312,593,116,477
110000313,3767,4772,-1005
110000314,2,372,-370
110000315,4386,3187,1199
110000316,733,1912,-1179
110000317,1624,499,1125
110000318,9,101,-92
110000319,128,40,88
110000320,151,62,89
110000321,24,56,-32
110000322,409,558,-149
110000323,849,310,539
110000324,4570,1977,2593
110000325,3898,3877,21
110000327,886,717,169
110000328,230,561,-331
110000333,1523,950,573
110000334,1354,1703,-349
110000335,1399,694,705
110000336,2331,1381,950
110000337,3759,776,2983
110000338,648,356,292
110000339,591,336,255
110000340,850,281,569
110000341,576,627,-51
110000342,783,8,775
110000343,0,46,-46
110000344,2910,212,2698
110000345,2753,221,2532
110000346,3457,2616,841
110000347,1463,1282,181
110000348,33,60,-27
110000349,22,73,-51
110000350,60,16,44
110000351,1078,1213,-135
110000352,678,2175,-1497
110000353,3551,1140,2411
110000354,1668,5303,-3635
110000355,159,194,-35
110000356,796,8,788
110000357,486,23,463
110000361,43,125,-82
110000362,61,113,-52
110000363,356,208,148
110000364,360,447,-87
110000365,372,7,365
110000366,1,131,-130
110000367,794,308,486
110000368,17,71,-54
110000369,519,6,513
110000373,4,359,-355
110000374,1078,56,1022
110000375,205,2327,-2122
110000376,48,156,-108
110000377,85,797,-712
110000378,34,456,-422
110000379,3980,3008,972
110000380,132,20,112
110000383,1,1232,-1231
110000384,3142,1218,1924
110000385,0,233,-233
110000387,153,26,127
110000388,48,321,-273
110000389,897,137,760
110000391,1508,432,1076
110000396,229,180,49
110000397,188,274,-86
110000398,2,71,-69
110000399,182,2,180
110000587,481,73,408
110000589,265,305,-40
110000640,270,90,180
110000652,39,204,-165
110000653,395,634,-239
110000654,96,147,-51
110000656,1,764,-763
110000674,43,37,6
110000675,56,19,37
110000676,13,36,-23
110000679,500,1238,-738
110000682,132,213,-81
110000683,769,923,-154
110000684,9,80,-71
110000685,18,24,-6
110000686,2,44,-42
110000687,114,4,110
110000688,91,975,-884
110000689,52,110,-58
110000692,262,272,-10
110000693,295,496,-201
110000694,2,273,-271
110000695,718,830,-112
110000696,122,131,-9
110900001,371,13,358
110900002,1318,251,1067
110900003,849,836,13
110900004,509,273,236
110900005,3943,2881,1062
110900006,31,17,14
110900007,144,42,102
110900008,24,52,-28
110900009,447,119,328
110900010,19,124,-105
110900011,14,110,-96
110900012,11,130,-119
110900013,1432,273,1159
110900014,596,26,570
110900015,745,736,9
110900016,59,194,-135
110900017,445,75,370
110900018,518,106,412
110900019,234,27,207
110900020,136,447,-311
110900021,116,764,-648
110900022,150,384,-234
110900023,135,559,-424
110900024,25,545,-520
110900025,101,93,8
110900027,48,248,-200
110900028,88,197,-109
110900029,21,446,-425
110900030,48,278,-230
110900031,1,220,-219
110900032,0,99,-99
110900033,95,287,-192
110900035,44,675,-631
110900036,101,40,61
110900037,84,42,42
110900038,1178,255,923
110900039,13,351,-338
110900040,230,82,148
110900041,15,195,-180
110900042,98,84,14
110900043,4,160,-156
110900044,249,22,227
110900045,52,563,-511
110900046,75,316,-241
110900047,656,321,335
110900049,109,100,9
110900050,34,22,12
110900051,63,276,-213
110900052,3,217,-214
110900053,140,66,74
110900054,56,266,-210
110900055,30,9,21
110900056,79,140,-61
110900057,14,183,-169
110900058,295,330,-35
110900059,743,701,42
110900060,518,186,332
110900061,33,56,-23
110900062,173,413,-240
110900063,79,731,-652
110900064,16,0,16
110900065,478,229,249
110900066,18,236,-218
110900067,440,916,-476
110900068,259,272,-13
110900069,13,41,-28
110900070,130,95,35
110900071,353,718,-365
110900073,1,45,-44
110900074,354,124,230
110900075,386,170,216
110900077,801,1079,-278
110900078,65,123,-58
110900079,2676,1584,1092
110900080,113,125,-12
110900081,8,124,-116
110900082,122,247,-125
110900083,184,103,81
110900084,60,164,-104
110900085,66,401,-335
110900086,92,313,-221
110900087,550,122,428
110900088,12,1,11
110900090,32,51,-19
110900091,2,61,-59
110900093,771,171,600
110900095,61,98,-37
110900097,20,30,-10
110900098,36,134,-98
110900099,52,511,-459
110900100,0,33,-33
110900102,151,37,114
110900105,941,330,611
110900108,40,90,-50
110900111,609,866,-257
110900112,1107,6,1101
110900113,663,75,588
110900115,36,90,-54
110900116,871,2221,-1350
110900118,193,2905,-2712
110900119,4834,510,4324
110900120,16,103,-87
110900121,147,0,147
110900122,477,219,258
110900125,377,579,-202
110900127,1106,1406,-300
110900128,324,315,9
110900129,565,806,-241
110900130,1413,722,691
110900131,769,114,655
110900132,403,99,304
110900133,588,325,263
110900135,129,501,-372
110900136,338,19,319
110900137,199,6,193
110900138,2097,439,1658
110900139,144,107,37
110900140,156,14,142
110900141,9,142,-133
110900142,64,220,-156
110900143,194,117,77
110900144,2,918,-916
110900145,625,69,556
110900146,1185,292,893
110900147,206,497,-291
110900148,8,362,-354
110900149,4,89,-85
110900150,123,29,94
110900151,18,114,-96
110900152,26,384,-358
110900153,151,59,92
111000001,596,394,202
111000002,757,849,-92
111000003,1052,794,258
111000004,637,1502,-865
111000005,1765,1279,486
111000006,1311,2033,-722
111000007,5296,3303,1993
111000008,3124,4647,-1523
111000009,409,1382,-973
111000010,945,382,563
111000011,550,1262,-712
111000012,851,554,297
111000013,824,1324,-500
111000014,2559,698,1861
111000017,180,1074,-894
111000018,281,533,-252
111000020,1662,2836,-1174
111000021,66,157,-91
111000023,155,155,0
111000025,6563,5911,652
111000029,198,124,74
111000030,40,184,-144
111000031,2850,2187,663
111000032,1361,606,755
111000033,374,452,-78
111000034,366,315,51
111000037,2466,1436,1030
111000038,4972,3600,1372
111000039,2348,3000,-652
111000040,2066,3302,-1236
111000041,2219,2297,-78
111000042,4754,3470,1284
111000043,2067,3784,-1717
111000044,1909,1528,381
111000045,2314,2984,-670
111000046,1657,2078,-421
111000047,2636,4804,-2168
111000049,695,677,18
111000050,1740,1899,-159
111000051,605,1424,-819
111000052,949,2073,-1124
111000053,476,1124,-648
111000054,406,1115,-709
111000055,1308,2155,-847
111000056,361,638,-277
111000057,78,762,-684
111000058,355,92,263
111000059,2094,336,1758
111000060,7157,948,6209
111000061,748,527,221
111000062,929,523,406
111000063,3300,1378,1922
111000064,677,897,-220
111000065,1214,1551,-337
111000066,455,821,-366
111000067,1319,891,428
111000068,809,1558,-749
111000069,3056,4121,-1065
111000070,1856,1523,333
111000071,294,983,-689
111000072,1130,565,565
111000073,318,1016,-698
111000074,1809,2219,-410
111000075,1600,1078,522
111000076,709,965,-256
111000077,2154,2150,4
111000078,3784,2060,1724
111000079,1522,1013,509
111000080,621,929,-308
111000081,2463,8022,-5559
111000082,793,918,-125
111000084,1086,990,96
111000085,1385,1971,-586
111000086,3693,1449,2244
111000087,775,891,-116
111000088,7947,2886,5061
111000089,841,1318,-477
111000090,1087,2068,-981
111000091,881,825,56
111000092,1452,1218,234
111000093,1179,1438,-259
111000094,2930,1424,1506
111000095,746,2742,-1996
111000096,3022,8998,-5976
111000097,6204,1923,4281
111000098,1011,1656,-645
111000099,833,2445,-1612
111000100,600,2198,-1598
111000101,503,971,-468
111000102,301,835,-534
111000104,1137,315,822
111000107,195,979,-784
111000109,850,443,407
111000110,1601,990,611
111000111,3151,857,2294
111000112,2729,889,1840
111000113,1173,1876,-703
111000114,2355,4335,-1980
111000115,8138,1877,6261
111000116,1101,1557,-456
111000117,539,1208,-669
111000118,2477,1422,1055
111000119,1186,1666,-480
111000120,445,925,-480
111000121,292,914,-622
111000122,682,1978,-1296
111000123,1329,4048,-2719
111000124,549,3447,-2898
111000125,381,1900,-1519
111000126,169,1231,-1062
111000127,1117,279,838
111000128,2864,571,2293
111000129,3091,913,2178
111000130,2086,1365,721
111000131,1682,1091,591
111000132,1324,1096,228
111000133,220,261,-41
111000134,197,228,-31
111000135,80,259,-179
111000136,367,378,-11
111000138,37,6,31
111000140,2,11,-9
111000141,289,467,-178
111000142,16,122,-106
111000143,1,143,-142
111000144,41,308,-267
111000145,1920,48,1872
111000146,103,21,82
111000147,238,34,204
111000148,273,133,140
111000149,3,44,-41
111000150,88,2,86
111000151,0,29,-29
111000153,812,1023,-211
111000154,943,326,617
111000155,118,256,-138
111000156,515,734,-219
111000157,244,1246,-1002
111000158,1066,1032,34
111000159,3206,915,2291
111000160,391,469,-78
111000161,19,316,-297
111000162,80,270,-190
111000163,787,1398,-611
111000164,883,5647,-4764
111000165,1542,663,879
111000166,2697,542,2155
111000167,216,720,-504
111000168,304,694,-390
111000169,470,844,-374
111000170,551,642,-91
111000171,577,1109,-532
111000172,247,611,-364
111000173,463,1137,-674
111000174,172,474,-302
111000175,52,433,-381
111000176,1230,218,1012
111000177,362,434,-72
111000178,1430,540,890
111000179,318,418,-100
111000180,286,788,-502
111000181,1374,334,1040
111000182,392,274,118
111000183,1658,475,1183
111000184,531,300,231
111000185,965,797,168
111000186,1455,454,1001
111000187,218,336,-118
111000188,303,621,-318
111000189,1462,823,639
111000190,222,538,-316
111000191,144,533,-389
111000192,327,670,-343
111000193,357,420,-63
111000194,53,419,-366
111000195,236,356,-120
111000196,59,251,-192
111000197,629,302,327
111000198,1402,190,1212
111000199,207,261,-54
111000200,342,456,-114
111000201,660,416,244
111000202,256,360,-104
111000203,288,596,-308
111000204,454,1382,-928
111000213,200,605,-405
111000214,2101,1866,235
111000215,1156,1644,-488
111000217,1484,1472,12
111000218,1570,1769,-199
111000219,483,283,200
111000220,2479,1642,837
111000221,969,156,813
111000224,6,439,-433
111000225,391,414,-23
111000226,172,4,168
111000227,36,8,28
111000228,32,446,-414
111000229,88,1051,-963
111000230,427,568,-141
111000231,970,1147,-177
111000232,1510,1239,271
111000233,757,973,-216
111000234,134,475,-341
111000239,188,304,-116
111000240,43,274,-231
111000241,58,461,-403
111000242,171,85,86
111000243,548,951,-403
111000244,968,124,844
111000245,3222,744,2478
111000246,500,624,-124
111000247,307,1219,-912
111000248,642,754,-112
111000249,533,1056,-523
111000250,76,155,-79
111000251,78,165,-87
111000253,13,31,-18
111000255,30,37,-7
111000257,55,45,10
111000260,76,1353,-1277
111000261,1302,178,1124
111000271,67,326,-259
111000273,5298,2018,3280
111000274,1480,3612,-2132
111000275,277,131,146
111000276,338,2632,-2294
111000277,199,645,-446
111000278,806,448,358
111000291,861,6250,-5389
111000298,638,405,233
111000299,724,210,514
111000300,155,806,-651
111000302,292,188,104
111000303,82,364,-282
111000312,83,150,-67
111000315,0,190,-190
111000320,542,1103,-561
111000321,556,152,404
111000322,466,763,-297
111000323,237,39,198
111000324,509,349,160
111000325,45,101,-56
111000326,183,507,-324
111000327,1029,584,445
111000328,294,737,-443
111000329,1,59,-58
111000330,89,10,79
111000331,104,8,96
111000332,568,1721,-1153
111000334,561,2061,-1500
111000335,2107,375,1732
111000337,1273,595,678
111000338,183,196,-13
111000339,627,650,-23
111000340,655,867,-212
111000341,1412,851,561
111000342,454,699,-245
111000344,1399,942,457
111000345,270,83,187
111000346,53,115,-62
111000347,149,12,137
111000350,624,144,480
111000351,145,394,-249
111000352,283,161,122
111000353,225,325,-100
111000354,1076,151,925
111000355,590,703,-113
111000358,309,1588,-1279
111000360,209,1005,-796
111000361,128,498,-370
111000546,2088,846,1242
111000547,825,740,85
111000548,134,489,-355
111000549,425,596,-171
111000550,106,1154,-1048
111000551,1047,255,792
111000552,3154,194,2960
111000907,584,90,494
111000908,22,0,22
111000916,1832,456,1376
111000917,110,497,-387
111000918,311,1332,-1021
111000920,764,39,725
111000921,3,384,-381
111000922,623,500,123
111000924,78,1198,-1120
111000925,3507,2689,818
111000926,1486,2110,-624
111000927,3724,5717,-1993
111000928,5349,4478,871
111000929,4611,1921,2690
111000930,1864,2839,-975
111000931,2113,3421,-1308
111000932,4816,3035,1781
111000933,4148,2973,1175
111000934,2640,4207,-1567
111000935,1539,1868,-329
111000936,1268,2660,-1392
111000937,935,2384,-1449
111000938,1801,2210,-409
111000939,751,54,697
111000940,489,262,227
111000941,862,710,152
111000943,483,561,-78
111000944,197,569,-372
111000945,201,2174,-1973
111001109,562,437,125
111001110,248,673,-425
111001111,80,24,56
111001112,196,3,193
111001113,2,189,-187
111001114,1315,144,1171
111001115,48,482,-434
111001116,6513,4653,1860
111001117,816,3330,-2514
111001120,115,411,-296
111001121,158,377,-219
111001122,303,712,-409
111001123,306,123,183
111001124,118,238,-120
111900001,14,135,-121
111900002,26,1000,-974
111900003,2,536,-534
111900004,109,228,-119
111900006,13,65,-52
111900007,112,21,91
111900008,193,2,191
111900009,193,284,-91
111900010,480,691,-211
111900012,78,171,-93
111900013,31,118,-87
111900014,7192,3765,3427
111900015,1,90,-89
111900016,1,152,-151
111900017,0,182,-182
111900018,271,12,259
111900019,3,255,-252
111900020,5,97,-92
111900021,44,177,-133
111900022,34,109,-75
111900023,149,117,32
111900024,22,83,-61
111900025,0,59,-59
111900026,1,160,-159
111900027,10,236,-226
111900028,4,471,-467
111900029,4,114,-110
111900030,40,479,-439
111900031,3,59,-56
111900032,3,381,-378
111900033,6,146,-140
111900034,365,635,-270
111900035,416,287,129
111900036,7,339,-332
111900038,417,659,-242
111900039,90,503,-413
111900040,4,659,-655
111900042,67,214,-147
111900043,4,489,-485
111900044,393,260,133
111900046,85,239,-154
111900048,195,864,-669
111900049,44,300,-256
111900050,149,38,111
111900051,5,282,-277
111900052,540,572,-32
111900053,1819,1624,195
111900054,202,4,198
111900055,21,532,-511
111900056,452,321,131
111900057,184,77,107
111900058,428,773,-345
111900059,2547,592,1955
111900060,560,4,556
111900061,14,282,-268
111900062,53,73,-20
111900063,414,313,101
111900064,164,356,-192
111900065,97,51,46
111900066,129,229,-100
111900067,2,492,-490
111900068,56,71,-15
111900069,64,46,18
111900070,135,166,-31
111900071,1,301,-300
111900072,82,28,54
111900073,731,181,550
111900074,26,292,-266
111900075,77,13,64
111900076,165,54,111
111900077,56,2,54
111900078,291,19,272
111900079,59,84,-25
111900080,290,275,15
111900081,373,175,198
111900082,142,26,116
111900083,130,19,111
111900084,128,20,108
111900085,42,119,-77
111900086,35,9,26
111900087,65,0,65
111900088,448,14,434
111900089,130,12,118
111900090,73,129,-56
111900091,209,7,202
111900092,115,7,108
111900093,328,9,319
111900094,107,3,104
111900095,222,54,168
111900096,188,1,187
111900097,63,1,62
111900098,228,3,225
111900099,129,2,127
111900100,388,4,384
111900101,107,35,72
111900102,938,791,147
111900103,87,105,-18
111900104,284,94,190
111900105,423,247,176
111900106,1471,70,1401
111900107,77,94,-17
111900108,103,119,-16
111900109,373,293,80
111900110,2540,602,1938
111900111,326,201,125
111900112,1109,3379,-2270
111900113,359,187,172
111900114,119,121,-2
111900115,10,30,-20
111900118,300,130,170
111900119,316,194,122
111900122,173,107,66
111900123,24,48,-24
111900124,63,119,-56
111900125,523,41,482
111900126,345,10,335
111900127,4,869,-865
111900128,12,606,-594
111900129,564,264,300
111900130,277,29,248
111900131,541,6,535
111900132,35,1362,-1327
111900133,19,548,-529
111900134,19,299,-280
111900135,11,27,-16
111900136,123,151,-28
111900137,81,111,-30
111900138,43,110,-67
111900139,24,161,-137
111900140,102,52,50
111900141,58,18,40
111900142,70,35,35
111900143,86,358,-272
111900144,1,114,-113
111900145,0,567,-567
111900146,6,287,-281
111900147,199,534,-335
111900148,43,797,-754
111900149,13,365,-352
111900150,12,234,-222
111900151,6,28,-22
111900152,87,100,-13
111900153,1831,452,1379
111900154,16,229,-213
111900155,65,110,-45
111900156,50,101,-51
111900157,132,29,103
111900158,601,77,524
111900159,346,19,327
111900160,301,4,297
111900161,168,12,156
111900162,84,157,-73
111900163,35,263,-228
111900164,108,76,32
111901113,482,236,246
111901114,1090,403,687
111901115,95,7,88
111901116,122,15,107
111901117,29,107,-78
111901118,109,1031,-922
111901119,998,210,788
111901120,72,158,-86
111901121,228,282,-54
111901122,14,584,-570
111901123,158,451,-293
111901124,163,7,156
111901125,397,240,157
111901126,82,46,36
111901127,801,552,249
111901128,21,133,-112
111901129,23,166,-143
111901130,21,255,-234
111901131,6,344,-338
111901132,97,18,79
111901133,74,5,69
111901134,112,8,104
111901135,23,7,16
111901136,53,73,-20
111901137,0,37,-37
111901138,244,70,174
111901139,47,43,4
111901140,10,146,-136
111901141,8,248,-240
111901142,8,155,-147
111901143,1,127,-126
111901144,59,45,14
111901145,161,300,-139
111901146,587,22,565
112000001,1917,1069,848
112000002,904,3255,-2351
112000003,1483,1396,87
112000004,883,1558,-675
112000005,3179,4174,-995
112000006,2765,2601,164
112000007,3016,2389,627
112000008,2482,4152,-1670
112000009,4539,4797,-258
112000010,2945,3636,-691
112000011,2523,2782,-259
112000012,7190,4103,3087
112000013,7844,4560,3284
112000014,4406,1741,2665
112000015,6337,4961,1376
112000016,9966,1700,8266
112000017,5550,3094,2456
112000024,2979,1578,1401
112000026,5821,6840,-1019
112000027,997,668,329
112000028,2292,1983,309
112000029,565,890,-325
112000030,312,234,78
112000031,2036,5318,-3282
112000032,771,130,641
112000033,4158,1944,2214
112000034,419,143,276
112000035,481,474,7
112000036,1660,1317,343
112000037,5855,995,4860
112000038,3947,1231,2716
112000039,82,74,8
112000040,152,356,-204
112000041,725,668,57
112000042,1512,629,883
112000050,1387,2379,-992
112000051,1177,1446,-269
112000054,1960,2456,-496
112000057,698,496,202
112000058,579,857,-278
112000059,727,1260,-533
112000061,3823,2325,1498
112000062,2005,981,1024
112000063,1429,2085,-656
112000064,4893,6719,-1826
112000065,2606,3150,-544
112000066,4028,1774,2254
112000067,837,942,-105
112000068,3922,2620,1302
112000069,1780,2532,-752
112000070,5338,1232,4106
112000071,1320,3372,-2052
112000072,3003,1321,1682
112000073,2464,2905,-441
112000074,2060,1328,732
112000075,1617,1420,197
112000076,4674,3847,827
112000077,786,798,-12
112000078,2016,980,1036
112000079,1980,1983,-3
112000080,888,1281,-393
112000081,1874,3110,-1236
112000082,1561,1237,324
112000083,693,1648,-955
112000084,1252,1287,-35
112000085,1975,1412,563
112000086,2926,2173,753
112000087,450,538,-88
112000088,747,1030,-283
112000089,584,464,120
112000090,414,438,-24
112000091,698,1520,-822
112000092,1857,1534,323
112000093,1890,1345,545
112000094,685,1123,-438
112000095,814,1296,-482
112000096,583,828,-245
112000097,1550,992,558
112000098,1506,1855,-349
112000099,799,1918,-1119
112000100,2256,1112,1144
112000101,871,1473,-602
112000102,1301,695,606
112000103,430,1685,-1255
112000105,689,2204,-1515
112000106,1758,537,1221
112000107,71,528,-457
112000108,534,2125,-1591
112000109,184,129,55
112000110,2377,995,1382
112000111,2376,4946,-2570
112000112,9811,961,8850
112000113,1559,2431,-872
112000114,7130,1375,5755
112000115,456,680,-224
112000116,1042,1681,-639
112000117,1359,1114,245
112000118,1258,1214,44
112000119,591,1103,-512
112000120,81,456,-375
112000121,133,690,-557
112000122,258,228,30
112000123,616,307,309
112000124,371,147,224
112000125,182,413,-231
112000126,283,651,-368
112000127,3580,2648,932
112000128,1638,857,781
112000129,145,187,-42
112000130,237,128,109
112000131,62,441,-379
112000132,166,350,-184
112000133,463,329,134
112000134,759,469,290
112000135,4415,998,3417
112000136,4075,1867,2208
112000137,6652,2295,4357
112000138,8266,1745,6521
112000139,1146,722,424
112000140,1708,1379,329
112000141,961,423,538
112000142,244,863,-619
112000143,1252,421,831
112000144,455,1601,-1146
112000145,2511,903,1608
112000146,766,2411,-1645
112000147,3406,2572,834
112000148,2402,2904,-502
112000149,697,982,-285
112000150,485,1252,-767
112000151,306,639,-333
112000152,447,768,-321
112000153,206,436,-230
112000154,149,572,-423
112000155,193,148,45
112000157,1142,796,346
112000158,374,813,-439
112000159,668,604,64
112000167,457,136,321
112000169,436,568,-132
112000173,871,351,520
112000175,1149,521,628
112000176,3988,2706,1282
112000177,722,234,488
112000178,124,619,-495
112000179,321,199,122
112000180,361,526,-165
112000181,1835,2621,-786
112000182,1358,2689,-1331
112000183,32,105,-73
112000184,399,635,-236
112000185,683,898,-215
112000187,4906,3055,1851
112000195,252,20,232
112000196,275,6,269
112000197,225,170,55
112000198,69,307,-238
112000199,1917,1726,191
112000202,478,1,477
112000216,93,385,-292
112000230,89,11,78
112000231,3,291,-288
112000256,70,406,-336
112000313,118,378,-260
112000314,101,41,60
112000337,510,780,-270
112000352,516,576,-60
112000392,1657,1704,-47
112000398,1290,1202,88
112000399,2569,2685,-116
112000400,2107,4954,-2847
112000401,4006,3944,62
112000402,3754,3383,371
112000403,2767,3512,-745
112000404,850,932,-82
112000405,2164,4036,-1872
112000406,4390,3258,1132
112000407,7311,11344,-4033
112000408,9847,10516,-669
112000409,1937,6926,-4989
112000410,754,363,391
112000411,6124,2830,3294
112000412,1875,917,958
112000413,11827,6119,5708
112000414,141,142,-1
112000415,208,76,132
112000416,2575,2132,443
112000417,237,90,147
112000421,56,226,-170
112000422,448,620,-172
112000424,3060,3301,-241
112000425,635,1091,-456
112000426,159,510,-351
112000427,0,30,-30
112000428,368,435,-67
112000429,2793,3452,-659
112000430,2787,3419,-632
112000431,88,198,-110
112000432,719,1686,-967
112000433,745,1196,-451
112000437,52,243,-191
112900001,72,2,70
112900002,436,1357,-921
112900003,86,509,-423
112900004,74,452,-378
112900005,231,394,-163
112900006,16,515,-499
112900007,66,284,-218
112900008,0,40,-40
112900009,521,127,394
112900010,452,1155,-703
112900011,268,301,-33
112900012,0,41,-41
112900013,23,283,-260
112900014,9,591,-582
112900015,593,1112,-519
112900016,1,432,-431
112900017,67,248,-181
112900018,3,359,-356
112900019,57,348,-291
112900020,465,1557,-1092
112900021,4,301,-297
112900022,18,101,-83
112900023,1,303,-302
112900024,35,292,-257
112900025,127,309,-182
112900026,6,321,-315
112900027,10,1325,-1315
112900028,32,139,-107
112900029,16,866,-850
112900030,276,257,19
112900031,15,713,-698
112900032,259,399,-140
112900034,3,87,-84
112900035,10,633,-623
112900036,214,199,15
112900037,222,285,-63
112900038,741,263,478
112900039,25,458,-433
112900040,5,569,-564
112900041,1269,1787,-518
112900042,78,536,-458
112900043,297,85,212
112900044,747,677,70
112900045,506,421,85
112900046,329,79,250
112900047,23,34,-11
112900049,245,126,119
112900050,87,752,-665
112900051,457,962,-505
112900052,63,1373,-1310
112900053,809,199,610
112900054,221,68,153
112900055,200,44,156
112900056,577,352,225
112900057,29,835,-806
112900058,398,419,-21
112900059,176,171,5
112900060,35,352,-317
112900061,99,181,-82
112900062,180,227,-47
112900063,166,23,143
112900064,324,298,26
112900065,65,42,23
112900066,387,188,199
112900067,749,289,460
112900068,70,37,33
112900069,2557,1113,1444
112900071,42,5,37
112900072,332,2978,-2646
112900073,1569,143,1426
112900074,167,324,-157
112900075,2072,1025,1047
112900076,144,45,99
112900078,422,662,-240
112900079,628,57,571
112900080,92,2,90
112900081,66,290,-224
112900082,739,39,700
112900083,111,81,30
112900084,241,152,89
112900085,1,8,-7
112900086,123,3,120
112900087,782,350,432
112900088,185,12,173
112900089,924,35,889
112900090,63,19,44
112900091,302,7,295
112900092,298,293,5
112900093,2781,49,2732
112900094,106,11,95
112900095,70,1,69
112900096,550,318,232
112900097,132,517,-385
112900098,255,1,254
112900099,800,22,778
112900100,93,2,91
112900101,624,4,620
112900102,442,13,429
112900103,367,10,357
112900104,471,19,452
112900105,14,0,14
112900106,650,296,354
112900107,15,4,11
112900108,26,0,26
112900109,100,0,100
112900110,1331,15,1316
112900111,945,8,937
112900112,410,4,406
112900113,0,32,-32
112900114,166,202,-36
112900115,1228,7,1221
112900116,147,40,107
112900117,161,114,47
112900118,43,103,-60
112900119,224,3,221
112900120,1153,390,763
112900121,245,266,-21
112900122,77,171,-94
112900123,192,17,175
112900124,18,188,-170
112900125,82,679,-597
112900126,330,385,-55
112900127,491,120,371
112900128,629,1122,-493
112900129,9,1126,-1117
112900130,321,141,180
112900131,62,305,-243
112900132,471,560,-89
112900133,57,1474,-1417
112900134,1,435,-434
112900135,234,73,161
112900136,1,20,-19
112900137,4,662,-658
112900138,10,460,-450
112900139,304,1570,-1266
112900140,0,44,-44
112900141,802,49,753
112900142,134,180,-46
112900143,66,732,-666
112900144,4,377,-373
112900145,48,610,-562
112900146,17,1667,-1650
112900147,8,2425,-2417
112900148,155,1,154
112900149,424,1193,-769
112900151,28,72,-44
112900152,4864,1358,3506
112900153,2818,2803,15
112900154,1,181,-180
112900155,247,38,209
112900156,403,1878,-1475
112900157,292,3,289
112900158,60,47,13
112900159,323,147,176
112900160,94,407,-313
112900161,157,67,90
112900162,43,23,20
112900163,153,60,93
112900164,39,395,-356
112900165,384,53,331
112900166,42,136,-94
112900167,26,71,-45
112900168,8,2,6
112900169,33,13,20
112900170,131,144,-13
112900172,87,17,70
112900173,310,144,166
112900174,344,46,298
112900175,217,174,43
112900176,21,35,-14
112900177,315,90,225
112900178,1183,4046,-2863
112900179,43,587,-544
112900180,3259,2400,859
112900181,532,6,526
112900182,77,1659,-1582
112900183,203,467,-264
112900184,458,549,-91
112900185,430,811,-381
112900186,2123,1326,797
112900187,139,964,-825
112900188,1243,516,727
112900189,19,67,-48
112900190,7,70,-63
112900192,694,973,-279
112900193,1510,522,988
112900194,78,127,-49
112900195,1283,78,1205
112900196,337,480,-143
112900197,266,560,-294
112900199,644,770,-126
112900200,567,369,198
112900201,144,149,-5
112900202,415,1152,-737
112900203,283,398,-115
112900204,1215,831,384
112900205,13,11,2
112900206,25,100,-75
112900207,10,0,10
112900208,105,428,-323
112900209,620,584,36
112900210,0,64,-64
112900211,162,195,-33
112900212,2,133,-131
112900213,46,50,-4
112900214,42,21,21
112900215,21,268,-247
112900216,61,107,-46
112900217,0,85,-85
112900218,77,53,24
112900219,139,0,139
112900220,25,1,24
112900221,91,203,-112
112900222,7,26,-19
112900223,1165,26,1139
112900224,400,685,-285
112900225,529,540,-11
112900226,362,620,-258
112900227,536,1740,-1204
112900228,56,38,18
112900229,203,85,118
112900230,9155,6667,2488
112900232,379,345,34
112900233,200,260,-60
112900234,24,159,-135
112900235,148,44,104
112900236,246,20,226
112900237,320,285,35
112900238,4,59,-55
112900239,1916,375,1541
113000001,6125,6001,124
113000002,4059,4970,-911
113000003,2503,2079,424
113000004,2229,3063,-834
113000005,1847,1182,665
113000006,1277,1925,-648
113000007,2394,1531,863
113000008,2251,2346,-95
113000009,1372,1130,242
113000010,1795,1867,-72
113000011,937,2133,-1196
113000012,2008,1187,821
113000013,2265,1067,1198
113000014,2128,2187,-59
113000015,924,425,499
113000016,734,1288,-554
113000017,165,562,-397
113000018,716,103,613
113000019,314,340,-26
113000020,739,53,686
113000021,1434,703,731
113000022,747,1502,-755
113000025,266,996,-730
113000026,517,682,-165
113000027,1031,649,382
113000028,1467,730,737
113000029,948,801,147
113000030,626,907,-281
113000031,312,422,-110
113000032,345,346,-1
113000033,445,521,-76
113000034,492,441,51
113000035,58,47,11
113000036,46,101,-55
113000037,101,68,33
113000038,18,92,-74
113000039,91,569,-478
113000040,85,69,16
113000042,1150,991,159
113000051,1064,3125,-2061
113000052,2270,1295,975
113000053,434,646,-212
113000054,355,1113,-758
113000055,1371,841,530
113000056,1007,1327,-320
113000058,826,1090,-264
113000059,1245,997,248
113000060,274,684,-410
113000061,890,1447,-557
113000062,1322,376,946
113000063,155,175,-20
113000064,45,526,-481
113000065,169,1224,-1055
113000066,706,166,540
113000067,2039,2165,-126
113000068,454,2412,-1958
113000069,751,1797,-1046
113000070,3129,1868,1261
113000071,712,984,-272
113000072,818,858,-40
113000073,603,2228,-1625
113000074,1257,714,543
113000075,2193,966,1227
113000076,879,2578,-1699
113000077,1622,673,949
113000078,1097,3126,-2029
113000079,1705,1136,569
113000080,1215,904,311
113000081,1709,1169,540
113000082,2626,1184,1442
113000083,792,1219,-427
113000084,2270,1671,599
113000085,1108,1208,-100
113000086,3008,1736,1272
113000087,2279,1312,967
113000088,2909,1670,1239
113000089,1081,2094,-1013
113000090,306,680,-374
113000091,704,542,162
113000094,1648,212,1436
113000095,321,931,-610
113000096,238,907,-669
113000097,1372,516,856
113000098,313,45,268
113000099,1571,497,1074
113000100,275,551,-276
113000101,450,742,-292
113000102,686,482,204
113000103,2453,842,1611
113000104,482,2436,-1954
113000105,939,585,354
113000106,439,771,-332
113000107,923,890,33
113000108,1039,1771,-732
113000109,645,2788,-2143
113000110,1782,503,1279
113000111,138,625,-487
113000112,395,421,-26
113000113,2135,454,1681
113000114,457,1839,-1382
113000116,1140,378,762
113000117,1159,192,967
113000118,169,1043,-874
113000119,641,503,138
113000120,160,413,-253
113000121,1747,1344,403
113000124,446,184,262
113000125,120,767,-647
113000127,3476,555,2921
113000128,557,701,-144
113000129,688,1159,-471
113000133,3184,2519,665
113000134,15,1349,-1334
113000135,4279,5684,-1405
113000137,2532,3332,-800
113000139,502,269,233
113000140,220,354,-134
113000141,621,267,354
113000142,1243,1632,-389
113000143,327,227,100
113000144,375,842,-467
113000145,67,219,-152
113000146,176,146,30
113000147,199,185,14
113000148,204,140,64
113000149,139,193,-54
113000150,631,495,136
113000151,101,77,24
113000152,30,160,-130
113000153,1856,789,1067
113000154,989,2093,-1104
113000155,439,735,-296
113000156,204,513,-309
113000157,361,1230,-869
113000158,907,409,498
113000159,1124,1145,-21
113000160,763,1486,-723
113000161,302,604,-302
113000162,946,716,230
113000163,379,105,274
113000164,22,146,-124
113000166,160,160,0
113000167,68,145,-77
113000168,123,179,-56
113000169,185,157,28
113000170,102,132,-30
113000171,54,113,-59
113000172,243,87,156
113000173,86,36,50
113000174,128,607,-479
113000175,466,175,291
113000176,569,206,363
113000177,204,543,-339
113000178,268,512,-244
113000179,373,281,92
113000180,1017,1476,-459
113000181,1237,1206,31
113000182,256,652,-396
113000183,152,732,-580
113000184,74,133,-59
113000189,582,1124,-542
113000190,1496,801,695
113000192,1965,2367,-402
113000193,5113,1299,3814
113000194,2823,1583,1240
113000195,3388,977,2411
113000196,273,164,109
113000197,5123,1471,3652
113000198,97,543,-446
113000199,2721,551,2170
113000201,827,388,439
113000202,5243,2169,3074
113000203,340,246,94
113000204,2272,2324,-52
113000205,26,51,-25
113000206,8,62,-54
113000207,97,27,70
113000208,54,92,-38
113000209,20,50,-30
113000210,7,38,-31
113000211,165,248,-83
113000212,153,27,126
113000213,52,214,-162
113000214,166,327,-161
113000234,262,1204,-942
113000410,818,401,417
113000411,4136,5683,-1547
113000412,8489,3041,5448
113000413,3574,3626,-52
113000414,9073,20554,-11481
113000415,3031,4373,-1342
113000416,11783,6286,5497
113000417,3540,4341,-801
113000418,5879,3944,1935
113000419,2184,2628,-444
113000420,5129,7075,-1946
113000421,4785,7926,-3141
113000422,16398,12750,3648
113000423,2591,5808,-3217
113000424,4370,9810,-5440
113000425,30,112,-82
113000428,259,107,152
113000430,37,495,-458
113000432,2263,295,1968
113000433,192,1155,-963
113000434,32,212,-180
113000435,106,1030,-924
113000436,84,1744,-1660
113000437,1040,39,1001
113000438,322,21,301
113000439,29,149,-120
113000440,145,45,100
113000441,212,274,-62
113000442,187,285,-98
113000443,248,418,-170
113000444,169,371,-202
113000445,128,197,-69
113000446,47,137,-90
113000448,160,187,-27
113000449,454,1323,-869
113000450,683,3316,-2633
113000451,1406,269,1137
113000452,533,615,-82
113000453,59,371,-312
113000454,1362,65,1297
113000455,39,268,-229
113000456,5426,3401,2025
113000468,2447,478,1969
113000469,237,263,-26
113000470,484,63,421
113000471,22,465,-443
113000472,106,539,-433
113000474,681,825,-144
113000475,2036,2247,-211
113000476,1546,2327,-781
113000477,3844,2690,1154
113000478,6088,7143,-1055
113000479,97,232,-135
113000480,129,140,-11
113000483,0,0,0
113000485,0,0,0
113000486,5,0,5
113000487,0,1,-1
113000488,4,4,0
113000489,0,8,-8
113000490,0,19,-19
113000491,21,14,7
113000492,8,1,7
113000493,0,0,0
113000495,227,199,28
113000496,137,118,19
113000499,0,0,0
113000500,0,1,-1
113900001,6,296,-290
113900002,4,187,-183
113900003,2,180,-178
113900004,2,62,-60
113900005,4,119,-115
113900006,2,29,-27
113900007,209,28,181
113900008,87,0,87
113900009,349,1,348
113900010,249,0,249
113900011,114,2,112
113900012,45,1,44
113900013,620,12,608
113900014,716,6,710
113900015,2,79,-77
113900016,53,2,51
113900017,1,37,-36
113900018,578,336,242
113900019,187,157,30
113900020,217,1,216
113900022,26,2,24
113900023,36,0,36
113900024,164,85,79
113900025,379,48,331
113900026,39,1,38
113900027,4,62,-58
113900028,59,533,-474
113900029,66,240,-174
113900030,200,4,196
113900031,10,3,7
113900032,22,1,21
113900033,66,121,-55
113900035,52,3,49
113900036,13,95,-82
113900037,215,551,-336
113900038,42,177,-135
113900039,146,29,117
113900040,10,12,-2
113900041,9,4,5
113900042,96,49,47
113900043,273,187,86
113900044,458,419,39
113900045,144,1,143
113900046,471,722,-251
113900047,19,74,-55
113900048,317,120,197
113900049,846,455,391
113900050,302,465,-163
113900051,291,481,-190
113900052,235,244,-9
113900053,794,736,58
113900054,23,6,17
113900055,119,521,-402
113900056,26,80,-54
113900057,31,329,-298
113900058,88,221,-133
113900059,259,452,-193
113900060,456,324,132
113900061,1348,344,1004
113900062,83,23,60
113900063,53,57,-4
113900064,68,223,-155
113900065,623,34,589
113900066,304,525,-221
113900067,329,318,11
113900068,508,548,-40
113900069,98,48,50
113900070,282,751,-469
113900071,32,51,-19
113900072,97,244,-147
113900073,306,558,-252
113900074,123,381,-258
113900075,1385,1359,26
113900076,215,34,181
113900077,126,225,-99
113900078,17,30,-13
113900079,17,77,-60
113900080,588,290,298
113900081,57,261,-204
113900082,161,383,-222
113900083,324,584,-260
113900084,314,140,174
113900085,64,303,-239
113900086,10,7,3
113900087,121,231,-110
113900088,66,162,-96
113900089,477,72,405
113900090,769,514,255
113900091,38,40,-2
113900092,144,118,26
113900093,119,791,-672
113900094,565,575,-10
113900095,164,175,-11
113900096,286,67,219
113900097,166,120,46
113900098,630,103,527
113900099,2,72,-70
113900100,0,2,-2
113900101,61,107,-46
113900102,166,154,12
113900103,375,510,-135
113900104,128,282,-154
113900105,122,329,-207
113900106,1,125,-124
113900107,0,38,-38
113900108,340,344,-4
113900109,377,185,192
113900110,90,36,54
113900111,158,185,-27
113900112,134,131,3
113900113,1642,623,1019
113900114,2,135,-133
113900115,4,150,-146
113900116,148,176,-28
113900117,187,34,153
113900118,286,405,-119
113900119,310,650,-340
113900120,40,38,2
113900121,79,156,-77
113900122,467,1950,-1483
113900123,560,259,301
113900124,8,97,-89
113900125,1234,179,1055
113900126,343,67,276
113900127,389,864,-475
113900128,154,70,84
113900129,19,132,-113
113900130,26,51,-25
113900131,267,132,135
113900132,57,80,-23
113900133,21,74,-53
113900135,279,508,-229
113900136,180,114,66
113900137,430,363,67
113900138,96,236,-140
113900139,511,190,321
113900140,465,431,34
113900141,717,482,235
113900142,145,111,34
113900143,17,45,-28
113900144,514,288,226
113900145,437,285,152
113900146,156,76,80
113900148,204,395,-191
113900149,213,95,118
113900150,961,710,251
113900151,540,362,178
113900152,87,61,26
113900153,481,763,-282
113900154,7,134,-127
113900155,266,242,24
113900156,233,574,-341
113900157,61,367,-306
113900158,803,596,207
113900159,53,349,-296
113900160,1921,787,1134
113900161,89,283,-194
113900162,1068,1128,-60
113900163,376,355,21
113900164,273,84,189
113900165,1512,587,925
113900166,349,233,116
113900167,281,65,216
113900168,190,176,14
113900169,366,523,-157
113900171,300,73,227
113900172,18,303,-285
113900173,61,646,-585
113900174,624,772,-148
113900175,498,155,343
113900176,587,895,-308
113900177,390,256,134
113900178,1126,191,935
113900179,30,564,-534
113900180,204,111,93
113900181,676,152,524
113900182,1195,1635,-440
113900183,53,113,-60
113900184,20,819,-799
113900185,312,133,179
113900186,72,77,-5
113900187,42,158,-116
113900188,67,239,-172
113900189,292,160,132
113900190,284,131,153
113900191,146,334,-188
113900192,6,743,-737
113900193,53,301,-248
113900194,2224,1477,747
113900195,336,506,-170
113900196,20,203,-183
113900197,3,240,-237
113900198,41,268,-227
113900199,349,933,-584
113900200,31,378,-347
113900201,2,206,-204
113900202,36,363,-327
113900203,0,133,-133
113900204,70,562,-492
113900205,23,210,-187
113900206,10,196,-186
113900207,3,84,-81
113900208,2,67,-65
113900209,2,106,-104
113900210,764,1214,-450
113900211,283,121,162
113900212,211,638,-427
113900214,529,505,24
113900215,52,219,-167
113900216,105,1274,-1169
113900217,83,281,-198
113900218,277,88,189
113900219,135,436,-301
113900220,159,144,15
113900221,456,424,32
113900222,388,973,-585
113900223,157,1199,-1042
113900224,112,79,33
113900225,695,310,385
113900226,434,169,265
113900227,956,329,627
113900228,412,552,-140
113900229,91,1076,-985
113900230,5620,3845,1775
113900231,243,247,-4
113900232,146,139,7
113900233,156,95,61
113900234,362,674,-312
113900235,126,57,69
113900236,170,441,-271
113900237,262,15,247
113900238,269,611,-342
113900239,83,94,-11
113900240,2,191,-189
113900241,104,57,47
113900242,37,167,-130
113900243,129,583,-454
113900244,430,316,114
113900245,1466,338,1128
113900246,32,27,5
113900247,203,544,-341
113900248,3202,2252,950
113900249,1266,511,755
113900250,69,150,-81
113900251,741,270,471
113900252,620,32,588
113900253,771,82,689
113900254,1087,225,862
113900255,477,42,435
113900256,308,44,264
113900257,41,772,-731
113900258,23,506,-483
113900259,489,289,200
113900260,192,30,162
113900261,75,102,-27
113900262,174,775,-601
113900263,279,851,-572
113900264,9,574,-565
113900265,382,380,2
113900266,44,194,-150
113900267,129,586,-457
113900268,448,525,-77
113900269,73,203,-130
113900270,444,1047,-603
113900271,872,2017,-1145
113900273,118,24,94
113900274,71,54,17
113900275,77,87,-10
113900276,2,219,-217
113900277,154,3,151
113900278,414,222,192
113900279,220,149,71
113900280,1893,671,1222
113900281,943,1610,-667
113900282,990,660,330
113900283,503,657,-154
113900284,1125,245,880
113900285,257,53,204
113900286,53,134,-81
113900287,45,135,-90
113900288,4,254,-250
113900289,1394,148,1246
113900290,375,232,143
113900291,202,303,-101
113900292,47,7,40
113900293,1,315,-314
113900294,461,43,418
113900295,585,455,130
113900296,2559,545,2014
113900297,3788,55,3733
113900298,19,1844,-1825
113900299,77,246,-169
113900300,5941,4524,1417
113900301,784,214,570
113900302,3142,1158,1984
113900303,801,604,197
113900304,2,137,-135
113900305,102,0,102
113900306,48,5,43
113900307,100,0,100
113900308,175,197,-22
113900309,4,1361,-1357
113900310,6,22,-16
113900311,9,0,9
113900312,289,268,21
113900313,16,17,-1
114000001,1157,3639,-2482
114000002,263,411,-148
114000003,66,435,-369
114000004,568,566,2
114000005,332,470,-138
114000006,3086,2866,220
114000007,894,1913,-1019
114000008,1699,2317,-618
114000009,718,352,366
114000011,2829,3240,-411
114000012,3287,2684,603
114000013,2042,2161,-119
114000014,679,545,134
114000015,3406,664,2742
114000016,294,409,-115
114000017,118,397,-279
114000018,408,103,305
114000026,1824,1724,100
114000027,3160,2412,748
114000028,3126,3160,-34
114000038,350,272,78
114000039,164,91,73
114000040,118,345,-227
114000042,139,195,-56
114000043,96,141,-45
114000044,190,74,116
114000045,65,133,-68
114000046,6303,5974,329
114000047,32,116,-84
114000048,94,58,36
114000049,1843,2426,-583
114000050,1869,3626,-1757
114000051,3484,2681,803
114000052,7148,1872,5276
114000053,342,678,-336
114000054,241,1124,-883
114000055,856,48,808
114000056,1356,1066,290
114000057,7546,2763,4783
114000058,796,1677,-881
114000059,479,428,51
114000060,793,1242,-449
114000061,4678,3519,1159
114000062,2890,1991,899
114000063,3424,2289,1135
114000064,8072,5008,3064
114000065,1885,3072,-1187
114000066,864,687,177
114000067,30,818,-788
114000068,612,984,-372
114000069,1260,1043,217
114000070,2416,2257,159
114000071,881,849,32
114000072,1160,471,689
114000073,18,92,-74
114000074,56,26,30
114000075,58,173,-115
114000076,10,178,-168
114000077,7,44,-37
114000078,1268,989,279
114000079,237,60,177
114000080,118,114,4
114000081,140,119,21
114000082,43,607,-564
114000083,107,430,-323
114000084,384,112,272
114000085,150,926,-776
114000086,541,628,-87
114000087,245,226,19
114000088,74,51,23
114000089,1501,635,866
114000090,1160,1485,-325
114000091,1738,1295,443
114000092,1146,928,218
114000093,1689,1491,198
114000094,420,568,-148
114000095,375,159,216
114000096,266,627,-361
114000097,163,897,-734
114000098,533,133,400
114000099,650,836,-186
114000100,1423,1080,343
114000101,581,1047,-466
114000102,840,465,375
114000103,272,429,-157
114000104,358,343,15
114000105,368,177,191
114000106,1225,1225,0
114000107,607,210,397
114000108,1848,1389,459
114000109,483,1261,-778
114000110,843,1905,-1062
114000111,1844,1645,199
114000112,687,2200,-1513
114000113,1310,908,402
114000114,1731,1683,48
114000115,1937,1376,561
114000116,1451,871,580
114000117,2979,783,2196
114000118,2664,806,1858
114000119,1841,683,1158
114000120,592,1357,-765
114000121,467,930,-463
114000122,496,452,44
114000123,1893,776,1117
114000124,861,560,301
114000125,1160,1757,-597
114000126,6366,386,5980
114000127,548,287,261
114000128,1019,572,447
114000130,828,814,14
114000131,439,278,161
114000132,810,866,-56
114000133,1185,2093,-908
114000134,73,231,-158
114000138,63,306,-243
114000139,614,297,317
114000144,919,750,169
114000145,129,247,-118
114000146,89,390,-301
114000147,1504,1981,-477
114000148,2475,2638,-163
114000149,530,497,33
114000150,767,882,-115
114000151,986,1337,-351
114000152,262,42,220
114000153,999,2515,-1516
114000154,1011,1118,-107
114000155,3802,2761,1041
114000156,1042,789,253
114000157,480,1249,-769
114000158,2221,1064,1157
114000159,172,740,-568
114000160,165,573,-408
114000161,1525,3504,-1979
114000162,1198,2744,-1546
114000163,16,200,-184
114000165,660,328,332
114000166,1265,581,684
114000167,4165,2094,2071
114000168,993,991,2
114000169,1879,1390,489
114000170,1654,1120,534
114000171,1201,2061,-860
114000174,305,661,-356
114000176,730,587,143
114000177,2474,1173,1301
114000178,133,65,68
114000179,1403,1067,336
114000180,526,1069,-543
114000181,2125,4193,-2068
114000182,5613,3089,2524
114000183,1350,1132,218
114000184,609,1725,-1116
114000185,1988,1398,590
114000189,980,153,827
114000190,2694,412,2282
114000191,37,93,-56
114000192,496,1939,-1443
114000193,1150,3609,-2459
114000194,1431,1642,-211
114000195,260,38,222
114000196,2,400,-398
114000197,1420,54,1366
114000198,1182,451,731
114000199,2415,2017,398
114000200,706,2341,-1635
114000201,194,1082,-888
114000202,2932,783,2149
114000203,494,926,-432
114000204,242,554,-312
114000205,488,1841,-1353
114000206,823,1849,-1026
114000207,805,2497,-1692
114000208,551,3656,-3105
114000209,919,2914,-1995
114000210,404,1881,-1477
114000211,1132,3540,-2408
114000212,1042,955,87
114000213,1718,807,911
114000214,129,331,-202
114000215,286,118,168
114000216,3205,861,2344
114000217,272,525,-253
114000218,176,414,-238
114000219,1344,357,987
114000220,44,1161,-1117
114000221,1059,270,789
114000222,221,1323,-1102
114000223,573,151,422
114000224,192,789,-597
114000225,317,825,-508
114000226,164,319,-155
114000227,868,662,206
114000228,1007,1052,-45
114000229,1277,1731,-454
114000230,2245,1593,652
114000231,1040,1507,-467
114000232,626,162,464
114000233,2151,147,2004
114000234,1207,1410,-203
114000235,1186,1930,-744
114000236,2,548,-546
114000237,121,1176,-1055
114000238,682,190,492
114000239,493,1450,-957
114000240,1120,1018,102
114000241,306,1106,-800
114000242,1127,1025,102
114000243,2804,981,1823
114000244,3204,540,2664
114000245,494,764,-270
114000246,262,45,217
114000247,3126,860,2266
114000248,2459,680,1779
114000249,530,1033,-503
114000250,619,1107,-488
114000251,441,348,93
114000252,82,115,-33
114000253,181,232,-51
114000254,58,111,-53
114000255,802,289,513
114000256,2077,2078,-1
114000257,573,1659,-1086
114000258,1416,647,769
114000259,1043,295,748
114000260,0,39,-39
114000261,45,65,-20
114000262,750,215,535
114000263,45,9,36
114000264,1450,773,677
114000265,0,1,-1
114000267,38,4654,-4616
114000268,6,2098,-2092
114000270,115,2,113
114000271,1125,149,976
114000283,2265,718,1547
114000285,44,331,-287
114000288,98,357,-259
114000289,1313,325,988
114000293,212,622,-410
114000294,211,437,-226
114000395,3859,88,3771
114000396,554,578,-24
114000402,503,432,71
114000403,308,543,-235
114000405,159,675,-516
114000423,348,635,-287
114000424,756,315,441
114000425,650,610,40
114000426,344,1200,-856
114000427,51,119,-68
114000428,288,180,108
114000429,15,296,-281
114000432,136,153,-17
114000434,19,148,-129
114000435,4,474,-470
114000436,4467,1463,3004
114000437,551,2928,-2377
114900001,961,1548,-587
114900002,2669,169,2500
114900003,762,2171,-1409
114900004,477,520,-43
114900005,620,1129,-509
114900006,532,137,395
114900007,458,27,431
114900008,207,201,6
114900010,3067,2283,784
114900011,311,302,9
114900013,303,244,59
114900015,123,761,-638
114900018,1114,40,1074
114900020,227,114,113
114900022,83,831,-748
114900024,331,313,18
114900025,777,321,456
114900026,32,205,-173
114900027,348,301,47
114900029,25,41,-16
114900030,378,312,66
114900031,360,41,319
114900032,437,36,401
114900033,1433,727,706
114900034,68,242,-174
114900035,221,427,-206
114900036,224,933,-709
114900037,129,237,-108
114900038,204,817,-613
114900039,650,687,-37
114900040,111,203,-92
114900041,772,565,207
114900042,768,819,-51
114900043,742,328,414
114900044,367,51,316
114900046,108,193,-85
114900047,271,1825,-1554
114900048,162,342,-180
114900049,5,193,-188
114900050,40,549,-509
114900051,40,450,-410
114900052,508,276,232
114900053,627,313,314
114900054,69,228,-159
114900057,358,19,339
114900058,1,113,-112
114900059,83,80,3
114900060,1591,1063,528
114900061,92,201,-109
114900062,410,535,-125
114900063,78,289,-211
114900064,1301,699,602
114900065,379,829,-450
114900067,476,566,-90
114900068,98,162,-64
114900069,261,174,87
114900070,614,580,34
114900072,8,537,-529
114900073,1,388,-387
114900074,607,856,-249
114900075,327,6,321
114900076,18,626,-608
114900080,2351,579,1772
114900082,4551,2078,2473
114900083,2415,1492,923
114900090,422,375,47
114900091,178,236,-58
114900095,547,152,395
114900096,523,1094,-571
114900097,140,0,140
114900098,4,312,-308
114900099,356,20,336
115000001,7498,5629,1869
115000002,3705,4597,-892
115000003,5578,4458,1120
115000004,4017,7408,-3391
115000005,1921,2809,-888
115000006,1044,2044,-1000
115000007,70,217,-147
115000008,1057,744,313
115000009,197,317,-120
115000010,352,194,158
115000013,111,187,-76
115000015,63,345,-282
115000016,254,348,-94
115000019,159,742,-583
115000020,188,936,-748
115000021,340,704,-364
115000022,675,524,151
115000023,486,669,-183
115000024,1548,699,849
115000025,998,851,147
115000026,206,664,-458
115000027,276,400,-124
115000028,335,1249,-914
115000029,650,205,445
115000030,1182,1444,-262
115000031,1402,554,848
115000032,22,305,-283
115000033,358,52,306
115000034,144,1489,-1345
115000035,1476,101,1375
115000036,1,555,-554
115000037,875,12,863
115000038,48,207,-159
115000039,4547,3866,681
115000040,9750,3892,5858
115000041,2590,3942,-1352
115000042,2475,908,1567
115000043,3878,2463,1415
115000044,4389,4660,-271
115000045,2922,2468,454
115000046,2221,2968,-747
115000047,2150,2106,44
115000048,1740,3471,-1731
115000049,2115,4252,-2137
115000050,3363,3021,342
115000051,1890,3873,-1983
115000052,2505,2288,217
115000053,1881,2107,-226
115000054,838,1656,-818
115000055,176,626,-450
115000056,275,650,-375
115000057,905,1015,-110
115000058,609,294,315
115000059,283,200,83
115000061,397,138,259
115000062,265,363,-98
115000063,427,462,-35
115000064,271,186,85
115000065,59,491,-432
115000067,247,27,220
115000069,101,494,-393
115000070,48,1203,-1155
115000071,151,27,124
115000072,11,120,-109
115000073,1390,77,1313
115000075,124,94,30
115000076,4991,3908,1083
115000077,3493,3507,-14
115000078,1483,1907,-424
115000079,2985,2516,469
115000080,4054,3205,849
115000081,516,1274,-758
115000082,4212,4303,-91
115000083,2510,3384,-874
115000084,2158,1396,762
115000085,896,1371,-475
115000086,1129,1335,-206
115000087,539,1935,-1396
115000088,1861,993,868
115000089,1738,1715,23
115000090,660,1308,-648
115000091,288,1278,-990
115000092,511,402,109
115000093,498,1,497
115000094,8566,6450,2116
115000095,6723,7247,-524
115000096,742,2221,-1479
115000097,967,1263,-296
115000098,1156,1120,36
115000099,2807,3795,-988
115000100,986,530,456
115000101,500,2105,-1605
115000102,520,384,136
115000103,341,948,-607
115000105,85,227,-142
115000106,648,421,227
115000107,248,743,-495
115000108,4145,3331,814
115000109,6097,4838,1259
115000110,1681,1664,17
115000111,957,2431,-1474
115000112,838,854,-16
115000113,865,1250,-385
115000114,3461,1100,2361
115000116,6116,2965,3151
115000117,6009,4698,1311
115000118,3218,2472,746
115000119,3231,3335,-104
115000120,834,1516,-682
115000121,1967,1259,708
115000122,5732,2634,3098
115000123,2369,2840,-471
115000124,1416,1154,262
115000125,735,857,-122
115000126,192,340,-148
115000127,491,161,330
115000128,722,889,-167
115000129,351,442,-91
115000130,531,1121,-590
115000131,874,366,508
115000132,461,573,-112
115000133,814,441,373
115000134,1071,418,653
115000135,1153,292,861
115000136,558,365,193
115000137,216,254,-38
115000138,340,367,-27
115000139,281,297,-16
115000140,301,361,-60
115000141,212,370,-158
115000142,253,346,-93
115000143,715,763,-48
115000144,581,87,494
115000145,279,437,-158
115000146,1235,454,781
115000147,915,606,309
115000148,347,1533,-1186
115000149,540,312,228
115000150,782,1201,-419
115000151,1104,993,111
115000152,831,1657,-826
115000153,1245,1266,-21
115000154,766,601,165
115000155,629,1222,-593
115000156,1112,1063,49
115000157,900,939,-39
115000158,984,529,455
115000159,981,685,296
115000160,933,851,82
115000161,534,642,-108
115000162,843,1023,-180
115000163,708,713,-5
115000164,770,684,86
115000165,462,498,-36
115000167,200,94,106
115000168,760,465,295
115000169,826,408,418
115000170,235,157,78
115000171,350,244,106
115000172,1722,811,911
115000173,442,624,-182
115000174,258,397,-139
115000175,234,153,81
115000176,197,176,21
115000177,177,179,-2
115000178,43,318,-275
115000179,68,58,10
115000180,162,802,-640
115000181,681,193,488
115000182,1110,511,599
115000183,401,1093,-692
115000186,746,340,406
115000187,233,1039,-806
115000188,529,663,-134
115000189,287,566,-279
115000190,937,471,466
115000191,391,756,-365
115000194,260,302,-42
115000195,374,375,-1
115000196,475,162,313
115000197,797,381,416
115000198,392,278,114
115000199,435,273,162
115000200,708,160,548
115000201,280,509,-229
115000206,1000,132,868
115000207,167,423,-256
115000208,726,896,-170
115000209,1988,583,1405
115000210,221,229,-8
115000211,494,313,181
115000212,1470,365,1105
115000224,530,58,472
115000225,63,106,-43
115000229,269,181,88
115000230,116,594,-478
115000231,319,2185,-1866
115000232,1609,371,1238
115000233,202,288,-86
115000234,36,423,-387
115000241,77,380,-303
115000242,115,491,-376
115000243,70,331,-261
115000244,4,140,-136
115000246,34,48,-14
115000247,82,31,51
115000248,22,31,-9
115000249,68,53,15
115000250,349,58,291
115000251,292,265,27
115000252,135,373,-238
115000253,26,589,-563
115000258,342,386,-44
115000259,517,260,257
115000261,26,34,-8
115000262,19,19,0
115000263,19,38,-19
115000264,30,50,-20
115000267,72,104,-32
115000268,45,177,-132
115000269,136,85,51
115000270,2,17,-15
115000272,71,208,-137
115000273,579,43,536
115000280,2113,206,1907
115000281,590,732,-142
115000282,1901,1047,854
115000284,391,151,240
115000296,1422,18,1404
115000297,239,136,103
115000298,121,503,-382
115000300,214,240,-26
115000302,859,228,631
115000303,967,187,780
115000304,786,129,657
115000305,114,1070,-956
115000306,253,490,-237
115000307,222,239,-17
115000308,56,28,28
115000309,17,38,-21
115000310,949,1241,-292
115000311,846,1660,-814
115000313,134,887,-753
115000314,401,181,220
115000315,1012,613,399
115000316,79,147,-68
115000317,283,634,-351
115000318,1004,504,500
115000319,94,390,-296
115000320,17,418,-401
115000321,534,14,520
115000322,65,346,-281
115000449,425,203,222
115000557,5,1316,-1311
115000558,472,77,395
115000587,493,735,-242
115000588,2887,3347,-460
115000589,3861,2941,920
115000590,1572,1501,71
115000591,2559,811,1748
115000592,786,1973,-1187
115000593,1607,715,892
115000594,1079,2399,-1320
115000609,129,300,-171
115000617,2706,3944,-1238
115000624,292,153,139
115000633,568,3017,-2449
115000634,3229,975,2254
115000635,634,181,453
115000638,1111,1062,49
115000641,71,177,-106
115000642,539,515,24
115000643,144,722,-578
115000644,164,666,-502
115000646,1246,1990,-744
115000647,224,718,-494
115000648,1994,2662,-668
115000893,3402,1598,1804
115000894,223,1260,-1037
115000895,493,889,-396
115000896,1352,385,967
115000897,731,229,502
115000898,768,323,445
115000899,755,1306,-551
115000900,78,374,-296
115000901,113,202,-89
115000912,444,166,278
115000913,2,32,-30
115000915,33,0,33
115000916,12,1,11
115000917,1,8,-7
115000918,80,456,-376
115000919,2,23,-21
115000920,36,69,-33
115000921,818,134,684
115000922,1117,829,288
115000923,581,963,-382
115000925,123,90,33
115000927,34,72,-38
115000933,271,219,52
115000934,213,276,-63
115000935,152,160,-8
115000936,36,604,-568
115000937,708,151,557
115000938,78,183,-105
115000939,81,143,-62
115900001,108,72,36
115900002,87,211,-124
115900003,331,203,128
115900004,5,88,-83
115900005,170,26,144
115900006,168,335,-167
115900008,64,17,47
115900009,92,353,-261
115900010,363,246,117
115900011,772,385,387
115900012,180,124,56
115900013,571,205,366
115900014,129,211,-82
115900015,230,137,93
115900016,178,36,142
115900017,12,9,3
115900018,285,130,155
115900019,639,23,616
115900020,47,0,47
115900021,1862,177,1685
115900022,1821,17,1804
115900023,40,14,26
115900025,54,299,-245
115900026,922,387,535
115900027,0,459,-459
115900028,909,98,811
115900029,23,544,-521
115900030,44,49,-5
115900031,398,386,12
115900032,610,933,-323
115900033,4,76,-72
115900034,58,683,-625
115900035,31,30,1
115900036,162,745,-583
115900037,94,554,-460
115900038,38,21,17
115900039,228,298,-70
115900041,710,722,-12
115900042,30,20,10
115900043,149,137,12
115900044,560,346,214
115900046,310,422,-112
115900047,189,157,32
115900049,158,374,-216
115900051,2,44,-42
115900052,8,315,-307
115900053,250,338,-88
115900054,205,63,142
115900055,16,170,-154
115900056,297,478,-181
115900057,30,23,7
115900058,35,92,-57
115900060,198,258,-60
115900061,195,0,195
115900062,42,375,-333
115900063,102,12,90
115900064,206,222,-16
115900065,160,232,-72
115900066,290,234,56
115900067,21,923,-902
115900068,3882,1408,2474
115900069,186,188,-2
115900070,205,300,-95
115900071,0,558,-558
115900072,79,245,-166
115900073,76,99,-23
115900074,3,386,-383
115900075,78,263,-185
115900076,9,114,-105
115900077,4,302,-298
115900078,445,171,274
115900079,194,17,177
115900080,674,360,314
115900081,17,98,-81
115900082,238,247,-9
115900084,460,46,414
115900085,70,66,4
115900086,1752,852,900
115900088,10,53,-43
115900089,351,850,-499
115900090,359,23,336
115900091,35,62,-27
115900092,34,247,-213
115900093,16,38,-22
115900094,10,449,-439
115900096,9,5,4
115900097,19,540,-521
115900098,170,528,-358
115900099,467,111,356
115900100,14,686,-672
115900101,155,412,-257
115900102,171,97,74
115900103,339,259,80
115900104,108,168,-60
115900105,263,823,-560
115900106,51,63,-12
115900107,250,261,-11
115900108,141,95,46
115900109,73,639,-566
115900110,2,36,-34
115900111,7,110,-103
115900112,64,1224,-1160
115900113,62,94,-32
115900114,6,206,-200
115900115,105,373,-268
115900116,149,1080,-931
115900117,59,60,-1
115900118,1,378,-377
115900119,185,250,-65
115900120,35,462,-427
115900121,159,481,-322
115900124,751,935,-184
115900125,408,99,309
115900126,703,149,554
115900127,787,116,671
115900128,13,109,-96
115900129,816,69,747
115900130,51,278,-227
115900131,1214,33,1181
115900132,836,10,826
115900134,428,11,417
115900135,496,1353,-857
115900137,35,2,33
115900139,49,66,-17
115900140,333,37,296
115900141,13,41,-28
115900142,9,17,-8
115900143,357,398,-41
115900144,90,300,-210
115900146,75,182,-107
115900147,469,300,169
115900148,83,9,74
115900149,104,25,79
115900150,106,51,55
115900151,13,121,-108
115900152,126,391,-265
115900153,143,302,-159
115900154,628,409,219
115900155,1,76,-75
115900156,739,1175,-436
115900157,188,726,-538
115900158,43,18,25
115900159,139,442,-303
115900160,17,8,9
115900161,192,283,-91
115900163,199,213,-14
115900164,506,41,465
115900165,7,192,-185
115900166,229,267,-38
115900168,128,305,-177
115900171,134,582,-448
115900172,72,203,-131
115900173,272,171,101
115900174,303,280,23
115900175,161,307,-146
115900178,19,853,-834
115900179,304,21,283
115900180,79,288,-209
115900181,210,340,-130
115900182,410,405,5
115900183,92,29,63
115900184,2078,17,2061
115900187,16,146,-130
115900189,2,339,-337
115900190,484,1440,-956
115900191,86,565,-479
115900192,11,130,-119
115900193,911,241,670
115900194,751,92,659
115900195,1024,2461,-1437
115900198,254,491,-237
115900199,220,399,-179
115900200,375,706,-331
115900201,682,573,109
115900202,1,39,-38
115900203,7,7,0
115900204,1,16,-15
115900205,151,29,122
115900206,227,268,-41
115900207,48,58,-10
115900208,245,288,-43
115900209,7,215,-208
115900210,32,160,-128
115900211,2,312,-310
115900212,182,583,-401
115900213,212,58,154
115900214,423,407,16
115900215,39,176,-137
115900216,111,123,-12
115900217,136,45,91
115900218,4,56,-52
115900219,86,8,78
115900220,162,45,117
115900221,54,17,37
115900222,60,38,22
115900223,9,388,-379
115900224,1950,1634,316
115900225,69,47,22
115900226,40,66,-26
115900227,26,65,-39
115900228,15,56,-41
115900229,9,94,-85
115900230,115,199,-84
115900231,136,7,129
115900232,72,5,67
115900233,98,27,71
115900234,84,38,46
115900235,86,21,65
115900236,320,61,259
115900237,101,37,64
115900238,327,34,293
115900239,38,38,0
115900240,22,57,-35
115900241,254,282,-28
115900242,227,416,-189
115900243,8,12,-4
115900244,23,11,12
115900245,84,34,50
115900246,92,6,86
115900247,55,17,38
115900248,22,18,4
115900249,8,28,-20
115900250,20,60,-40
115900251,1,41,-40
115900252,6,17,-11
115900253,16,27,-11
115900254,10,33,-23
115900255,3,27,-24
115900256,25,26,-1
115900257,2,13,-11
115900258,0,8,-8
115900259,7,10,-3
115900260,15,5,10
115900261,15,4,11
115900262,6,3,3
115900263,6,3,3
115900264,29,10,19
115900265,6,11,-5
115900266,3,13,-10
115900267,17,17,0
115900268,8,9,-1
115900269,519,757,-238
115900270,494,611,-117
115900271,66,2,64
115900272,21,11,10
115900273,7,29,-22
115900274,1,17,-16
115900275,0,31,-31
115900276,0,48,-48
115900277,0,77,-77
115900278,40,130,-90
115900279,17,235,-218
115900280,15,365,-350
115900281,487,261,226
115900282,13,10,3
115900283,0,0,0
115900284,1,0,1
116000001,15651,6263,9388
116000002,5712,11900,-6188
116000003,1955,2250,-295
116000004,2514,4129,-1615
116000005,5774,4213,1561
116000006,3923,2744,1179
116000007,5654,5263,391
116000008,8356,2932,5424
116000009,3052,3299,-247
116000010,2369,2081,288
116000011,1189,2443,-1254
116000012,1593,1395,198
116000013,12099,5477,6622
116000014,15969,11480,4489
116000015,623,1562,-939
116000016,8606,4170,4436
116000017,39,769,-730
116000018,988,473,515
116000019,1068,364,704
116000020,718,1169,-451
116000021,552,365,187
116000022,425,488,-63
116000023,1232,893,339
116000024,995,1300,-305
116000025,947,920,27
116000026,2279,3189,-910
116000027,1019,666,353
116000028,519,1021,-502
116000029,987,999,-12
116000030,917,545,372
116000031,251,411,-160
116000032,487,297,190
116000033,425,600,-175
116000034,783,1216,-433
116000035,465,937,-472
116000036,2160,1188,972
116000037,806,648,158
116000038,607,508,99
116000039,675,465,210
116000040,1107,319,788
116000041,338,570,-232
116000042,820,245,575
116000043,131,664,-533
116000044,32,102,-70
116000045,2097,1430,667
116000046,1591,1683,-92
116000047,2232,2824,-592
116000048,2376,2037,339
116000049,1446,3043,-1597
116000050,1660,1938,-278
116000051,6894,2738,4156
116000052,6818,6010,808
116000053,2122,1228,894
116000054,880,3100,-2220
116000055,837,1353,-516
116000056,1189,1513,-324
116000057,3755,2311,1444
116000058,4057,3107,950
116000059,3248,5492,-2244
116000060,3028,1229,1799
116000061,799,1169,-370
116000062,1011,267,744
116000063,764,1210,-446
116000066,281,603,-322
116000067,265,646,-381
116000068,240,341,-101
116000069,331,492,-161
116000078,566,1256,-690
116000080,2564,1543,1021
116000082,6,109,-103
116000083,1742,625,1117
116000084,3083,4867,-1784
116000085,2711,2491,220
116000086,2495,1582,913
116000087,2150,2142,8
116000088,978,1541,-563
116000089,246,133,113
116000090,170,172,-2
116000091,967,326,641
116000093,837,700,137
116000094,760,1039,-279
116000095,1021,785,236
116000096,928,2436,-1508
116000097,3514,1060,2454
116000098,208,9409,-9201
116000099,9139,366,8773
116000100,273,48,225
116000101,1453,1498,-45
116000102,351,1922,-1571
116000103,811,531,280
116000104,544,2005,-1461
116000105,1310,247,1063
116000106,2474,1293,1181
116000107,5875,507,5368
116000108,2647,252,2395
116000111,219,75,144
116000113,202,197,5
116000114,92,231,-139
116000115,389,197,192
116000116,469,893,-424
116000117,1647,2356,-709
116000118,1670,2056,-386
116000119,3371,2199,1172
116000120,3408,6705,-3297
116000121,967,698,269
116000122,1643,2455,-812
116000123,1147,721,426
116000124,599,1559,-960
116000125,3483,1123,2360
116000126,628,2103,-1475
116000127,1412,1732,-320
116000128,1790,1281,509
116000129,1820,325,1495
116000130,528,571,-43
116000133,958,1075,-117
116000134,1982,2997,-1015
116000135,2385,1851,534
116000136,1588,2749,-1161
116000137,1202,865,337
116000138,1060,688,372
116000139,2200,2422,-222
116000140,158,265,-107
116000141,438,873,-435
116000142,4173,3589,584
116000143,1979,2048,-69
116000144,1669,2890,-1221
116000145,1726,1619,107
116000146,624,303,321
116000147,312,136,176
116000148,501,695,-194
116000149,884,804,80
116000151,1033,768,265
116000153,115,505,-390
116000155,252,375,-123
116000156,720,1439,-719
116000157,88,28,60
116000158,379,474,-95
116000159,18,16,2
116000160,43,129,-86
116000161,5,150,-145
116000162,106,115,-9
116000163,30,9,21
116000164,13,34,-21
116000177,2752,153,2599
116000194,135,705,-570
116000195,1897,975,922
116000196,52,23,29
116000197,18,21,-3
116000198,2970,1410,1560
116000200,941,484,457
116000201,746,837,-91
116000202,18,436,-418
116000203,5,147,-142
116000204,18,78,-60
116000205,2,236,-234
116000206,0,152,-152
116000207,9,95,-86
116000233,307,672,-365
116000287,258,699,-441
116000288,251,304,-53
116000292,74,220,-146
116000296,23,353,-330
116000297,124,13,111
116000304,326,61,265
116000305,18,145,-127
116000346,209,185,24
116000352,157,44,113
116000354,100,14,86
116000357,48,43,5
116000358,535,52,483
116000361,125,2,123
116000372,7074,3975,3099
116000381,131,2,129
116000388,5,96,-91
116000389,1227,683,544
116000445,387,887,-500
116000446,589,1089,-500
116000447,22,619,-597
116000448,741,311,430
116000563,1128,1059,69
116000565,88,666,-578
116000566,0,29,-29
116000568,100,354,-254
116000579,38,227,-189
116000584,17,13,4
116000585,44,26,18
116000586,158,152,6
116000587,683,906,-223
116000589,45,112,-67
116000590,125,181,-56
116000591,220,355,-135
116000592,22,152,-130
116000593,0,21,-21
116000594,646,744,-98
116000595,870,240,630
116000596,125,13,112
116000597,430,207,223
116000598,14,315,-301
116000602,87,543,-456
116000605,696,204,492
116000606,127,468,-341
116000607,4,86,-82
116000609,264,1010,-746
116000611,167,751,-584
116000612,797,2261,-1464
116000613,623,417,206
116000614,456,778,-322
116000615,10,285,-275
116000616,70,146,-76
116000617,105,77,28
116000618,5,148,-143
116000619,190,128,62
116000620,110,92,18
116000621,64,137,-73
116000622,68,196,-128
116000624,492,160,332
116000627,40,52,-12
116000628,87,574,-487
116000629,35,504,-469
116000630,477,63,414
116000631,160,94,66
116000632,600,426,174
116000633,133,448,-315
116000634,536,68,468
116000635,3258,2137,1121
116000636,872,1146,-274
116000637,468,21,447
116000638,38,543,-505
116900001,324,249,75
116900002,387,2,385
116900003,30,110,-80
116900004,39,76,-37
116900005,289,111,178
116900006,248,260,-12
116900007,177,205,-28
116900008,525,392,133
116900009,12,5,7
116900010,3,2026,-2023
116900011,24,88,-64
116900012,663,282,381
116900013,9,219,-210
116900014,124,389,-265
116900015,347,86,261
116900016,216,2,214
116900017,3,897,-894
116900018,103,56,47
116900019,13,429,-416
116900020,1750,1289,461
116900023,203,24,179
116900024,891,108,783
116900025,1431,1346,85
116900026,255,784,-529
116900027,36,88,-52
116900028,10,184,-174
116900029,7,78,-71
116900031,0,8,-8
116900032,12,507,-495
116900033,19,8,11
116900034,25,87,-62
116900035,205,282,-77
116900036,5,101,-96
116900038,226,6,220
116900041,68,24,44
116900042,914,358,556
116900043,19,104,-85
116900047,52,171,-119
116900049,57,436,-379
116900050,179,577,-398
116900051,135,250,-115
116900052,295,86,209
116900055,1,7,-6
116900057,39,384,-345
116900058,55,484,-429
116900059,5,219,-214
116900060,201,251,-50
116900062,1,19,-18
116900064,142,1141,-999
116900065,79,180,-101
116900067,103,160,-57
116900068,188,330,-142
116900070,1,7,-6
116900072,26,614,-588
116900073,24,149,-125
116900074,14,64,-50
116900076,26,42,-16
116900077,17,252,-235
116900078,327,209,118
116900079,58,356,-298
116900080,22,32,-10
116900081,570,1598,-1028
116900082,546,1148,-602
116900083,79,74,5
116900084,178,73,105
116900085,79,195,-116
116900086,100,249,-149
116900088,664,184,480
116900090,269,84,185
116900091,527,70,457
116900092,90,853,-763
116900093,1992,2159,-167
116900094,5906,3799,2107
116900095,186,109,77
116900096,134,448,-314
116900097,4271,3334,937
116900098,874,381,493
116900099,1255,792,463
116900100,1021,63,958
116900101,402,712,-310
116900103,10,0,10
116900104,181,119,62
116900105,344,191,153
116900106,2185,413,1772
116900107,5468,3145,2323
116900110,15,4,11
116900111,483,1125,-642
116900112,354,1595,-1241
116900113,2826,2063,763
116900116,183,472,-289
116900117,375,156,219
116900118,885,793,92
116900120,398,132,266
116900121,504,63,441
116900122,1161,955,206
116900123,200,886,-686
116900124,342,1147,-805
116900125,420,304,116
116900126,290,669,-379
116900128,11,70,-59
116900129,3,410,-407
116900130,900,3716,-2816
116900131,148,489,-341
116900132,66,147,-81
116900133,167,207,-40
116900134,354,337,17
116900136,580,201,379
116900137,400,210,190
116900138,236,224,12
116900139,145,477,-332
116900140,243,195,48
116900141,973,569,404
116900142,8,79,-71
116900143,311,457,-146
116900144,29,144,-115
116900145,110,310,-200
116900147,556,404,152
116900148,22,56,-34
116900149,69,281,-212
116900150,28,18,10
116900151,25,18,7
116900153,145,114,31
116900154,703,778,-75
116900155,175,134,41
116900157,548,461,87
116900158,340,392,-52
116900159,66,362,-296
116900160,1196,691,505
116900161,8301,6411,1890
116900162,19,169,-150
116900163,198,221,-23
116900164,218,97,121
116900165,284,251,33
116900166,17,94,-77
116900167,539,124,415
116900168,329,159,170
116900169,737,538,199
116900170,329,800,-471
116900171,79,245,-166
116900172,265,382,-117
116900173,221,74,147
116900174,134,55,79
116900175,205,198,7
116900178,55,232,-177
116900179,130,355,-225
116900180,129,42,87
116900182,444,515,-71
116900183,240,252,-12
116900185,52,57,-5
116900186,84,449,-365
116900187,94,71,23
116900188,166,54,112
116900189,156,3,153
116900191,523,1092,-569
116900192,352,205,147
116900194,212,1359,-1147
116900195,52,23,29
116900196,36,104,-68
116900197,103,52,51
116900198,345,318,27
116900200,62,37,25
116900201,127,12,115
116900202,174,77,97
116900203,189,41,148
116900204,52,120,-68
116900206,24,38,-14
116900207,35,78,-43
116900208,40,192,-152
116900209,25,157,-132
116900210,545,333,212
116900211,467,14,453
116900212,58,105,-47
116900213,223,236,-13
116900214,169,227,-58
116900215,85,107,-22
116900216,537,356,181
116900218,23,352,-329
116900219,1678,598,1080
116900220,118,297,-179
116900221,99,463,-364
116900222,443,467,-24
116900223,149,398,-249
116900226,94,101,-7
116900227,217,116,101
116900228,429,320,109
116900230,107,350,-243
116900231,26,528,-502
116900232,13,531,-518
116900233,287,175,112
116900234,45,15,30
116900235,212,457,-245
116900238,1879,507,1372
116900239,9,1397,-1388
116900240,7667,4249,3418
116900241,101,328,-227
116900242,389,644,-255
116900243,7,147,-140
116900245,39,25,14
116900246,124,26,98
116900247,1212,110,1102
116900248,109,67,42
116900249,354,152,202
116900250,801,84,717
116900251,708,563,145
116900252,283,1299,-1016
116900253,178,135,43
116900254,65,153,-88
116900255,137,113,24
116900256,459,90,369
116900257,64,596,-532
116900258,15,414,-399
116900259,552,39,513
116900260,2,168,-166
116900261,85,4,81
116900262,414,288,126
116900263,0,16,-16
116900264,1,6,-5
116900265,39,3,36
116900266,18,84,-66
116900267,2,1,1
116900268,248,97,151
116900269,342,773,-431
116900271,2154,268,1886
116900272,421,457,-36
116900273,171,71,100
116900274,140,150,-10
116900275,251,185,66
116900276,948,181,767
116900277,781,27,754
116900278,7,24,-17
116900279,1,41,-40
116900280,16,72,-56
116900281,8992,4657,4335
116900282,10,155,-145
116900283,34,167,-133
116900284,32,318,-286
116900285,378,177,201
116900286,276,36,240
116900287,5,84,-79
116900288,87,198,-111
116900289,21,30,-9
116900290,4,60,-56
116900291,13,7,6
116900292,0,11,-11
116900293,41,111,-70
116900294,45,190,-145
116900295,185,47,138
116900296,106,48,58
116900297,14,80,-66
116900298,137,50,87
116900299,98,35,63
116900300,12,108,-96
116900301,73,102,-29
116900302,75,70,5
116900303,365,97,268
116900304,1,146,-145
116900305,16,69,-53
116900306,244,137,107
117000001,2070,1754,316
117000002,2363,5485,-3122
117000003,7382,3937,3445
117000004,4816,6233,-1417
117000005,2253,2255,-2
117000006,1517,4402,-2885
117000007,3965,1495,2470
117000008,1344,4794,-3450
117000009,6186,2551,3635
117000010,3447,5019,-1572
117000011,3034,2060,974
117000012,1881,1686,195
117000013,1930,1106,824
117000014,1589,2720,-1131
117000015,3340,1565,1775
117000016,367,90,277
117000017,486,134,352
117000018,270,613,-343
117000019,107,3,104
117000020,493,1702,-1209
117000021,2199,468,1731
117000022,528,87,441
117000023,369,186,183
117000024,459,203,256
117000025,653,850,-197
117000026,2875,955,1920
117000027,3377,4314,-937
117000028,5049,1738,3311
117000030,840,605,235
117000031,419,242,177
117000032,1996,1330,666
117000033,1603,924,679
117000034,568,399,169
117000035,438,360,78
117000036,543,364,179
117000037,315,287,28
117000038,301,785,-484
117000039,437,282,155
117000040,260,1400,-1140
117000041,863,226,637
117000044,19,1041,-1022
117000045,372,86,286
117000046,584,884,-300
117000047,966,697,269
117000048,2676,1424,1252
117000049,215,602,-387
117000050,270,2768,-2498
117000051,2568,183,2385
117000052,46,463,-417
117000053,466,80,386
117000054,2202,28,2174
117000055,21,3974,-3953
117000056,762,59,703
117000057,877,3075,-2198
117000060,668,1926,-1258
117000061,1838,1117,721
117000062,375,816,-441
117000063,2209,1057,1152
117000064,1049,1049,0
117000066,1614,1236,378
117000067,142,606,-464
117000074,352,242,110
117000076,276,65,211
117000077,302,239,63
117000078,177,950,-773
117000079,838,268,570
117000080,1,364,-363
117000081,1785,170,1615
117000082,9,95,-86
117000083,114,12,102
117000084,392,0,392
117000085,585,1048,-463
117000086,1647,625,1022
117000087,127,638,-511
117000088,347,281,66
117000089,1771,447,1324
117000090,363,1694,-1331
117000091,967,502,465
117000092,530,1853,-1323
117000093,1244,1072,172
117000094,1713,3649,-1936
117000095,3941,1454,2487
117000096,788,2970,-2182
117000097,1496,1899,-403
117000098,3275,6338,-3063
117000099,3588,1857,1731
117000100,213,477,-264
117000101,313,1670,-1357
117000102,1644,902,742
117000103,811,2541,-1730
117000104,1426,922,504
117000105,1059,2224,-1165
117000106,1237,1176,61
117000107,1037,2567,-1530
117000108,1889,1207,682
117000109,2062,3246,-1184
117000110,1734,1204,530
117000111,4665,5373,-708
117000112,3688,2298,1390
117000113,634,428,206
117000114,284,208,76
117000115,262,175,87
117000116,188,388,-200
117000117,1950,1147,803
117000118,343,219,124
117000119,498,163,335
117000120,311,463,-152
117000121,206,1332,-1126
117000122,466,888,-422
117000123,1864,77,1787
117000124,980,79,901
117000125,458,109,349
117000126,79,25,54
117000127,253,380,-127
117000128,550,854,-304
117000129,452,493,-41
117000130,148,0,148
117000131,0,79,-79
117000132,6218,50,6168
117000133,1329,69,1260
117000134,0,59,-59
117000135,5,43,-38
117000136,3,44,-41
117000137,136,114,22
117000138,3,735,-732
117000140,634,2098,-1464
117000141,1775,779,996
117000181,1008,509,499
117000182,313,782,-469
117000195,342,1418,-1076
117000196,366,130,236
117000225,132,32,100
117000226,11,146,-135
117000276,275,12,263
117000277,2,568,-566
117000310,2153,3041,-888
117000315,43,915,-872
117000320,56,0,56
117000906,375,23,352
117000907,20,450,-430
117000908,64,17,47
117000909,63,47,16
117000910,294,229,65
117000911,162,247,-85
117000915,11,770,-759
117000916,14,9,5
117000917,1137,104,1033
117000918,79,96,-17
117000919,6,159,-153
117000920,6,1779,-1773
117000921,5,1812,-1807
117000922,67,164,-97
117000924,320,931,-611
117000926,1166,104,1062
117000927,2795,1000,1795
117000928,1,224,-223
117000929,285,539,-254
117000930,196,31,165
117000931,811,244,567
117900002,142,561,-419
117900003,1095,593,502
117900005,12,32,-20
117900006,0,34,-34
117900007,231,148,83
117900008,0,37,-37
117900010,404,126,278
117900011,73,74,-1
117900012,117,119,-2
117900013,1,280,-279
117900014,503,150,353
117900015,12,108,-96
117900016,1749,1002,747
117900017,1289,376,913
117900018,183,107,76
117900019,388,376,12
117900020,85,510,-425
117900021,34,108,-74
117900022,40,31,9
117900023,815,361,454
117900024,61,94,-33
117900025,42,31,11
117900026,542,319,223
117900028,65,4,61
117900029,330,852,-522
117900030,476,350,126
117900031,380,112,268
117900032,1719,675,1044
117900033,268,710,-442
117900034,52,43,9
117900035,1057,121,936
117900036,304,556,-252
117900037,136,328,-192
117900038,30,493,-463
117900039,4,105,-101
117900040,140,658,-518
117900041,9,59,-50
117900042,5377,572,4805
117900043,56,70,-14
117900044,38,3572,-3534
117900045,248,182,66
117900048,302,434,-132
117900049,263,562,-299
117900050,7,43,-36
117900051,40,1,39
117900052,64,446,-382
117900053,1579,1067,512
117900054,2,44,-42
117900055,218,185,33
117900056,500,90,410
117900057,1572,2182,-610
117900058,149,36,113
117900059,467,149,318
117900060,3167,7944,-4777
117900061,39,197,-158
117900063,433,265,168
117900065,2114,1893,221
117900066,10,104,-94
117900067,332,249,83
117900069,708,361,347
117900070,225,32,193
117900071,83,238,-155
117900073,497,367,130
117900074,225,48,177
117900075,57,92,-35
117900076,11,81,-70
117900077,403,345,58
117900078,432,1144,-712
117900080,114,74,40
117900081,816,525,291
117900082,488,481,7
117900083,381,582,-201
117900086,170,58,112
117900087,193,180,13
117900088,4367,2623,1744
117900089,2331,846,1485
117900090,557,674,-117
117900091,168,282,-114
117900092,62,66,-4
117900093,111,256,-145
117900094,71,29,42
117900095,283,473,-190
117900096,118,379,-261
117900097,313,314,-1
117900098,56,10,46
117900099,153,289,-136
117900100,239,12,227
117900101,593,2268,-1675
117900102,62,181,-119
117900103,187,6,181
117900104,55,137,-82
117900105,181,269,-88
117900106,106,125,-19
117900107,68,0,68
117900109,651,538,113
117900110,344,5,339
117900111,850,40,810
117900112,116,44,72
117900113,4674,2057,2617
117900114,25,0,25
117900115,378,91,287
117900116,1191,1204,-13
117900117,547,604,-57
117900118,163,3,160
117900119,170,310,-140
117900120,197,106,91
117900121,211,35,176
117900122,1848,4237,-2389
117900123,682,509,173
117900124,2021,1049,972
117900125,2298,2389,-91
117900126,349,710,-361
117900127,524,637,-113
117900128,416,854,-438
117900129,191,3,188
117900130,3349,593,2756
117900131,2,173,-171
117900132,17,126,-109
117900133,15,199,-184
117900134,86,371,-285
117900135,38,308,-270
117900136,0,72,-72
117900137,91,426,-335
117900138,0,59,-59
117900139,161,215,-54
117900140,4167,298,3869
117900141,223,246,-23
117900142,197,29,168
117900144,79,175,-96
117900145,59,33,26
117900146,158,122,36
117900147,65,94,-29
117900148,3347,1831,1516
117900149,169,320,-151
117900150,92,57,35
117900151,38,107,-69
117900152,108,84,24
117900153,33,164,-131
117900154,510,875,-365
117900156,1126,1064,62
117900157,174,688,-514
117900158,259,326,-67
117900160,761,791,-30
117900161,3859,3040,819
117900162,398,504,-106
117900163,137,95,42
117900165,3,23,-20
117900166,190,542,-352
117900168,58,299,-241
117900169,4,204,-200
117900170,5,79,-74
117900171,1,45,-44
117900172,11,57,-46
117900173,188,114,74
117900174,118,105,13
117900175,9,67,-58
117900176,12,62,-50
117900177,31,99,-68
117900178,284,46,238
117900180,330,101,229
117900181,246,570,-324
117900182,7,62,-55
117900183,89,327,-238
117900184,145,126,19
117900185,68,138,-70
117900186,64,25,39
117900187,38,9,29
117900188,471,89,382
117900189,157,54,103
117900190,53,7,46
117900191,130,1,129
117900192,339,1,338
117900193,55,170,-115
117900194,6,12,-6
117900195,192,148,44
117900196,25,59,-34
117900207,271,198,73
117900208,27,60,-33
117900209,222,320,-98
117900210,179,282,-103
117900211,35,294,-259
117900212,170,225,-55
117900213,28,40,-12
117900214,4,50,-46
117900215,18,42,-24
117900216,44,31,13
117900217,141,333,-192
117900218,126,198,-72
117900219,14,91,-77
117900220,173,86,87
117900222,193,466,-273
117900223,160,299,-139
118000001,1087,885,202
118000002,1345,2722,-1377
118000003,2666,2692,-26
118000004,3325,2874,451
118000005,6513,5640,873
118000006,8800,11170,-2370
118000007,7718,4141,3577
118000008,6536,4770,1766
118000009,2669,4685,-2016
118000010,7359,5756,1603
118000011,1714,3532,-1818
118000012,1696,3475,-1779
118000013,3844,3284,560
118000014,4556,3966,590
118000016,223,526,-303
118000017,522,440,82
118000018,601,673,-72
118000019,3184,1860,1324
118000020,2756,3541,-785
118000021,995,3302,-2307
118000022,2571,901,1670
118000023,1277,273,1004
118000024,3005,1298,1707
118000027,20806,13712,7094
118000029,1380,890,490
118000032,1793,4123,-2330
118000033,3976,5334,-1358
118000034,7519,3345,4174
118000035,1994,2786,-792
118000036,1314,1120,194
118000037,848,1170,-322
118000038,194,77,117
118000039,84,409,-325
118000040,2053,1627,426
118000041,2508,2047,461
118000045,638,216,422
118000046,2054,657,1397
118000047,1405,753,652
118000048,3852,1894,1958
118000051,4182,1987,2195
118000052,2921,901,2020
118000053,905,1377,-472
118000054,3574,3285,289
118000055,2247,2942,-695
118000056,1782,614,1168
118000057,632,619,13
118000058,4223,1729,2494
118000059,2748,1087,1661
118000060,1275,738,537
118000061,2697,1893,804
118000062,835,463,372
118000063,473,692,-219
118000064,915,1474,-559
118000065,4820,2281,2539
118000066,1039,1725,-686
118000067,1201,1127,74
118000068,2093,5223,-3130
118000069,4822,1535,3287
118000070,6542,2433,4109
118000071,4321,7940,-3619
118000072,2334,1378,956
118000073,3167,806,2361
118000074,967,613,354
118000075,1709,425,1284
118000076,1654,2353,-699
118000077,1588,1651,-63
118000078,2108,2216,-108
118000079,418,601,-183
118000080,1406,1168,238
118000081,1942,1218,724
118000082,361,1426,-1065
118000083,2175,1810,365
118000084,3593,2207,1386
118000086,437,801,-364
118000087,5608,3242,2366
118000088,2248,2122,126
118000089,4146,2426,1720
118000090,2211,3307,-1096
118000091,1644,2623,-979
118000092,1296,604,692
118000093,126,875,-749
118000096,552,836,-284
118000097,1035,749,286
118000098,309,261,48
118000099,678,1079,-401
118000101,1293,483,810
118000102,474,1622,-1148
118000107,2672,747,1925
118000108,873,2569,-1696
118000110,1,40,-39
118000111,1,517,-516
118000112,501,8,493
118000113,9,916,-907
118000114,554,22,532
118000115,38,8,30
118000116,31,4,27
118000117,1377,954,423
118000118,1018,760,258
118000119,1281,1240,41
118000120,2078,1499,579
118000121,130,717,-587
118000122,1715,503,1212
118000123,85,262,-177
118000125,2158,1282,876
118000126,1020,1950,-930
118000127,2610,700,1910
118000128,1054,1519,-465
118000129,1240,561,679
118000130,3764,5250,-1486
118000131,904,1130,-226
118000132,2906,2196,710
118000133,914,516,398
118000135,907,440,467
118000136,125,503,-378
118000137,879,121,758
118000138,640,805,-165
118000139,352,136,216
118000140,5164,5079,85
118000141,2589,2281,308
118000142,2295,2040,255
118000143,2789,1537,1252
118000144,2701,1320,1381
118000145,2836,2831,5
118000146,1495,1305,190
118000147,1175,2092,-917
118000148,832,1633,-801
118000149,1013,1189,-176
118000150,536,347,189
118000151,628,629,-1
118000153,1536,1561,-25
118000154,1518,1955,-437
118000155,1299,1647,-348
118000156,3195,3085,110
118000157,726,487,239
118000158,272,568,-296
118000159,47,125,-78
118000160,573,541,32
118000161,553,1189,-636
118000162,2162,986,1176
118000163,1139,969,170
118000164,2372,1773,599
118000168,1892,674,1218
118000169,1362,1643,-281
118000170,5369,7987,-2618
118000171,443,984,-541
118000172,141,359,-218
118000173,1231,1457,-226
118000175,387,357,30
118000176,336,458,-122
118000177,306,619,-313
118000178,49,46,3
118000179,1834,1479,355
118000180,1046,935,111
118000181,1036,481,555
118000182,369,356,13
118000183,242,338,-96
118000184,884,995,-111
118000185,1634,1258,376
118000186,1056,1337,-281
118000187,1367,1078,289
118000188,638,301,337
118000189,777,1141,-364
118000190,30,21,9
118000191,49,65,-16
118000192,465,401,64
118000193,367,505,-138
118000194,1863,1322,541
118000195,965,1058,-93
118000196,480,194,286
118000197,671,193,478
118000198,932,758,174
118000199,1089,504,585
118000200,165,344,-179
118000201,452,536,-84
118000202,101,101,0
118000203,1435,638,797
118000204,254,374,-120
118000205,291,366,-75
118000206,298,237,61
118000207,1,67,-66
118000208,1500,1961,-461
118000209,2632,2260,372
118000210,87,47,40
118000211,40,54,-14
118000213,1657,1683,-26
118000214,696,699,-3
118000215,318,324,-6
118000216,2168,3668,-1500
118000217,57,219,-162
118000218,102,202,-100
118000219,707,423,284
118000220,7,37,-30
118000221,179,468,-289
118000222,89,17,72
118000223,40,54,-14
118000224,307,122,185
118000225,173,890,-717
118000226,1305,253,1052
118000227,1111,458,653
118000228,248,305,-57
118000229,292,73,219
118000230,215,286,-71
118000231,147,286,-139
118000232,883,1264,-381
118000233,1129,994,135
118000234,459,326,133
118000236,449,469,-20
118000237,172,568,-396
118000238,378,350,28
118000239,362,328,34
118000240,633,264,369
118000241,189,316,-127
118000242,436,844,-408
118000243,303,354,-51
118000244,78,222,-144
118000246,1,28,-27
118000255,76,243,-167
118000256,130,246,-116
118000259,14,96,-82
118000260,318,236,82
118000261,44,80,-36
118000263,84,260,-176
118000266,303,362,-59
118000267,0,137,-137
118000268,496,21,475
118000270,107,44,63
118000271,167,417,-250
118000272,324,69,255
118000273,202,126,76
118000274,152,403,-251
118000276,471,421,50
118000295,12,138,-126
118000298,281,441,-160
118000299,90,198,-108
118000301,0,62,-62
118000302,136,165,-29
118000311,432,161,271
118000312,292,258,34
118000313,142,259,-117
118000314,76,100,-24
118000315,103,100,3
118000316,719,665,54
118000325,114,74,40
118000326,33,54,-21
118000331,30,76,-46
118000332,16,53,-37
118000333,53,124,-71
118000335,300,4,296
118000336,0,355,-355
118000407,179,136,43
118000457,8,55,-47
118000465,4514,4812,-298
118000480,52,167,-115
118000489,98,416,-318
118000490,77,400,-323
118000492,347,270,77
118000510,77,33,44
118000514,196,495,-299
118000515,842,791,51
118000517,487,243,244
118000524,618,299,319
118000525,1134,1043,91
118000530,22,175,-153
118000531,275,348,-73
118000532,268,465,-197
118000533,439,184,255
118000534,912,679,233
118000535,277,179,98
118000536,1114,1768,-654
118000537,38,194,-156
118000538,39,124,-85
118000539,22,137,-115
118000540,398,269,129
118000541,285,84,201
118000542,149,275,-126
118000543,251,280,-29
118000546,71,45,26
118000560,3871,2339,1532
118000562,29,317,-288
118000563,2545,1695,850
118000576,188,215,-27
118000577,229,192,37
118000578,190,120,70
118000579,755,1230,-475
118000595,158,102,56
118000596,1,69,-68
118000597,98,125,-27
118000598,23,2,21
118000599,74,63,11
118000600,3,71,-68
118000601,15,2,13
118000602,0,61,-61
118000603,0,29,-29
118900001,990,1732,-742
118900002,1270,1071,199
118900003,578,38,540
118900004,54,88,-34
118900005,69,20,49
118900006,183,22,161
118900007,16,7,9
118900008,1750,85,1665
118900009,53,54,-1
118900010,107,6,101
118900011,231,97,134
118900012,547,321,226
118900013,678,198,480
118900015,257,178,79
118900016,18,40,-22
118900017,298,352,-54
118900018,950,39,911
118900019,108,31,77
118900020,297,177,120
118900021,154,451,-297
118900022,143,140,3
118900023,231,129,102
118900024,123,201,-78
118900025,46,36,10
118900026,60,107,-47
118900027,561,329,232
118900028,149,185,-36
118900029,255,398,-143
118900030,388,127,261
118900031,167,112,55
118900032,112,141,-29
118900033,498,510,-12
118900034,341,46,295
118900035,131,206,-75
118900036,1325,829,496
118900037,611,306,305
118900038,463,231,232
118900039,583,315,268
118900040,267,225,42
118900041,645,297,348
118900042,190,90,100
118900045,487,161,326
118900046,1136,395,741
118900047,706,258,448
118900048,242,220,22
118900049,95,71,24
118900050,22,179,-157
118900051,99,107,-8
118900052,360,308,52
118900053,69,117,-48
118900054,155,84,71
118900055,69,145,-76
118900056,45,372,-327
118900057,701,550,151
118900058,447,348,99
118900059,35,95,-60
118900060,399,126,273
118900062,423,264,159
118900064,893,642,251
118900065,63,179,-116
118900066,147,115,32
118900067,6123,3706,2417
118900068,10,205,-195
118900069,368,350,18
118900071,9,100,-91
118900072,417,527,-110
118900073,123,122,1
118900074,177,270,-93
118900075,417,140,277
118900076,263,139,124
118900077,215,292,-77
118900078,53,20,33
118900079,89,276,-187
118900080,22,162,-140
118900081,112,30,82
118900082,810,298,512
118900083,44,36,8
118900084,33,25,8
118900085,776,1162,-386
118900086,30,135,-105
118900087,25,249,-224
118900088,0,17,-17
118900089,23,20,3
118900090,529,552,-23
118900091,234,273,-39
118900092,136,179,-43
118900093,176,24,152
118900096,95,46,49
118900097,217,575,-358
118900099,87,289,-202
118900100,181,345,-164
118900101,163,1049,-886
118900102,68,146,-78
118900103,104,174,-70
118900104,276,257,19
118900105,304,161,143
118900107,304,143,161
118900108,125,141,-16
118900110,1834,1140,694
118900111,997,681,316
118900112,98,286,-188
118900113,129,629,-500
118900114,28,89,-61
118900115,134,571,-437
118900116,146,285,-139
118900117,113,265,-152
118900118,242,553,-311
118900119,111,367,-256
118900120,148,330,-182
118900121,15,278,-263
118900122,13,1029,-1016
118900123,239,267,-28
118900124,67,336,-269
118900126,38,462,-424
118900129,327,298,29
118900130,99,273,-174
118900131,242,255,-13
118900132,457,249,208
118900133,19,167,-148
118900135,217,381,-164
118900136,153,609,-456
118900137,49,47,2
118900139,402,553,-151
118900140,359,701,-342
118900141,154,200,-46
118900144,147,556,-409
118900145,321,189,132
118900146,384,846,-462
118900147,248,208,40
118900148,113,114,-1
118900150,191,820,-629
118900152,778,1051,-273
118900157,99,190,-91
118900158,83,72,11
118900159,2,267,-265
118900161,110,12,98
118900163,208,206,2
118900164,8,247,-239
118900165,51,380,-329
118900166,58,8,50
118900167,126,179,-53
118900168,15,242,-227
118900169,121,551,-430
118900170,141,269,-128
118900171,22,60,-38
118900174,115,102,13
118900175,432,549,-117
118900176,172,308,-136
118900177,46,120,-74
118900178,67,182,-115
118900179,10,55,-45
118900181,154,149,5
118900182,197,48,149
118900183,38,165,-127
118900184,426,259,167
118900185,111,137,-26
118900186,120,122,-2
118900187,273,392,-119
118900188,293,335,-42
118900189,60,939,-879
118900190,22,491,-469
118900191,156,62,94
118900192,176,44,132
118900193,438,13,425
118900195,376,1006,-630
118900196,36,200,-164
118900197,135,54,81
118900198,24,55,-31
118900199,84,92,-8
118900200,37,21,16
118900201,45,39,6
118900202,18,108,-90
118900203,9,38,-29
118900204,18,50,-32
118900205,3,31,-28
118900206,1,25,-24
119000001,1591,1823,-232
119000002,5274,3720,1554
119000003,2868,1547,1321
119000004,5223,1669,3554
119000005,1994,2289,-295
119000006,2998,1901,1097
119000007,4818,4239,579
119000008,2352,2426,-74
119000009,5317,5868,-551
119000010,8729,5657,3072
119000011,5553,4308,1245
119000012,4370,4419,-49
119000013,2751,2014,737
119000014,3117,4514,-1397
119000019,394,241,153
119000020,2774,1748,1026
119000021,4826,3221,1605
119000022,4365,3609,756
119000023,350,314,36
119000024,2166,11843,-9677
119000025,9673,1863,7810
119000026,203,454,-251
119000027,418,631,-213
119000028,2694,1549,1145
119000029,170,425,-255
119000030,711,1459,-748
119000031,1181,1003,178
119000032,2930,3455,-525
119000033,2683,2079,604
119000034,1161,1326,-165
119000035,40,459,-419
119000036,1660,1185,475
119000037,1186,2350,-1164
119000038,162,1137,-975
119000039,322,408,-86
119000040,1097,690,407
119000041,1188,1457,-269
119000048,3557,4025,-468
119000049,1876,3395,-1519
119000050,2514,2757,-243
119000051,3299,1179,2120
119000052,2554,3876,-1322
119000053,2069,1500,569
119000054,3519,4083,-564
119000055,4345,4360,-15
119000056,2515,2879,-364
119000057,1759,2732,-973
119000058,2265,2378,-113
119000059,1618,2165,-547
119000060,1780,1685,95
119000061,1115,1060,55
119000062,1536,1684,-148
119000063,514,476,38
119000064,1476,2115,-639
119000065,2767,4756,-1989
119000066,3575,1466,2109
119000067,2139,2978,-839
119000068,1896,1657,239
119000069,1511,3297,-1786
119000070,2663,1379,1284
119000071,658,957,-299
119000072,7988,4672,3316
119000073,9538,8670,868
119000074,1400,3486,-2086
119000075,2381,3147,-766
119000076,979,1290,-311
119000077,2140,778,1362
119000078,749,248,501
119000079,377,906,-529
119000080,521,289,232
119000081,682,602,80
119000082,1899,287,1612
119000083,966,544,422
119000084,487,683,-196
119000085,808,315,493
119000086,446,608,-162
119000087,2020,1416,604
119000088,398,278,120
119000089,86,244,-158
119000090,154,182,-28
119000091,142,632,-490
119000092,599,234,365
119000093,4357,3509,848
119000094,2929,6595,-3666
119000095,1821,3469,-1648
119000097,2702,1917,785
119000098,966,2959,-1993
119000099,2960,2488,472
119000100,3803,3368,435
119000101,7419,2745,4674
119000102,1217,1413,-196
119000103,2705,630,2075
119000104,3812,2493,1319
119000105,1370,2222,-852
119000106,422,2398,-1976
119000107,945,624,321
119000108,596,1263,-667
119000109,387,640,-253
119000110,1585,620,965
119000111,227,867,-640
119000112,366,169,197
119000113,5020,556,4464
119000114,1081,1523,-442
119000115,196,181,15
119000116,198,170,28
119000117,178,459,-281
119000118,1,1,0
119000123,5670,1382,4288
119000124,884,253,631
119000125,3594,1202,2392
119000126,635,921,-286
119000127,625,958,-333
119000128,61,4,57
119000131,915,1069,-154
119000132,5,8,-3
119000133,2,6,-4
119000134,2543,751,1792
119000135,91,297,-206
119000136,254,307,-53
119000137,211,530,-319
119000138,417,482,-65
119000139,349,368,-19
119000140,171,607,-436
119000284,1611,3694,-2083
119000285,2571,2787,-216
119000286,9858,7197,2661
119000287,2380,3202,-822
119000288,2332,2128,204
119000289,2417,4554,-2137
119000290,209,659,-450
119000291,5,359,-354
119000293,160,214,-54
119000294,69,49,20
119000295,2247,594,1653
119000296,221,193,28
119000302,3306,2041,1265
119000303,98,211,-113
119000314,1686,11575,-9889
119000315,2,594,-592
119000316,124,209,-85
119000317,74,504,-430
119900001,340,1591,-1251
119900002,276,481,-205
119900003,94,1497,-1403
119900004,488,1367,-879
119900005,199,192,7
119900006,415,565,-150
119900007,1545,336,1209
119900008,916,87,829
119900009,1166,1195,-29
119900010,3342,1672,1670
119900011,30,144,-114
119900012,21,162,-141
119900013,2499,1328,1171
119900014,1016,357,659
119900015,126,43,83
119900016,70,112,-42
119900017,46,97,-51
119900018,2596,940,1656
119900019,47,9,38
119900020,245,339,-94
119900021,206,392,-186
119900022,150,713,-563
119900023,912,1442,-530
119900025,178,49,129
119900026,1028,178,850
119900027,110,41,69
119900028,754,179,575
119900029,2,11,-9
119900030,845,909,-64
119900031,133,418,-285
119900033,2940,428,2512
119900034,430,196,234
119900037,188,73,115
119900038,87,345,-258
119900039,100,25,75
119900040,480,24,456
119900041,216,50,166
119900042,1232,286,946
119900043,143,256,-113
119900044,232,909,-677
119900046,134,120,14
119900047,340,73,267
119900048,186,77,109
119900049,246,31,215
119900050,226,166,60
119900051,605,13,592
119900052,77,64,13
119900053,309,254,55
119900054,127,23,104
119900055,1352,576,776
119900057,280,142,138
119900058,326,5,321
119900059,368,97,271
119900060,376,50,326
119900062,86,53,33
119900063,34,144,-110
119900064,592,155,437
119900065,276,6,270
119900066,0,0,0
119900067,657,55,602
119900068,395,3,392
119900069,117,110,7
119900070,1019,17,1002
119900071,687,27,660
119900073,2491,997,1494
119900074,112,48,64
119900075,6958,3834,3124
119900076,667,598,69
119900077,838,1622,-784
119900078,1038,1183,-145
119900079,272,450,-178
119900080,2121,2139,-18
119900081,281,73,208
119900082,1267,351,916
119900083,526,275,251
119900084,935,490,445
119900085,170,131,39
119900087,903,501,402
119900088,43,100,-57
119900089,63,765,-702
119900090,173,104,69
119900091,94,1397,-1303
119900092,368,583,-215
119900093,1393,432,961
119900094,153,278,-125
119900095,275,185,90
119900096,119,183,-64
119900097,879,267,612
119900098,71,73,-2
119900099,40,393,-353
119900100,3179,3794,-615
119900101,406,1623,-1217
119900102,78,508,-430
119900103,63,603,-540
119900104,82,361,-279
119900105,2305,2674,-369
119900106,27,277,-250
119900107,550,3959,-3409
119900108,3160,864,2296
119900109,47,315,-268
119900110,758,806,-48
119900111,102,466,-364
119900112,2473,863,1610
119900113,118,452,-334
119900114,287,1815,-1528
119900115,318,1527,-1209
119900116,367,797,-430
119900117,360,1144,-784
119900118,118,1300,-1182
119900119,312,425,-113
119900120,780,963,-183
119900121,419,1517,-1098
119900122,689,480,209
119900123,407,551,-144
119900124,244,1279,-1035
119900125,72,422,-350
119900126,5804,413,5391
119900127,3269,1429,1840
119900128,819,1258,-439
119900129,346,982,-636
119900130,69,388,-319
119900131,38,377,-339
119900132,27,394,-367
119900133,70,241,-171
119900134,2534,397,2137
119900135,1,640,-639
119900136,269,466,-197
119900138,636,757,-121
119900139,464,305,159
119900140,9,207,-198
119900141,179,1121,-942
119900142,18,81,-63
119900143,21,443,-422
119900144,2219,369,1850
119900145,126,273,-147
119900146,291,623,-332
119900147,1,261,-260
119900148,198,131,67
119900149,1938,5012,-3074
119900150,225,266,-41
119900151,2279,992,1287
119900152,173,594,-421
119900153,206,155,51
119900154,34,363,-329
119900155,55,56,-1
119900156,22,1,21
119900157,220,384,-164
119900158,172,176,-4
119900159,10,2014,-2004
119900160,31,381,-350
119900161,266,300,-34
119900162,1047,1169,-122
119900163,246,310,-64
119900164,2,5,-3
119900165,255,327,-72
119900166,130,102,28
119900167,143,248,-105
119900168,846,767,79
119900169,230,471,-241
119900170,258,424,-166
119900171,3286,707,2579
119900172,246,66,180
119900173,15,605,-590
119900174,29,390,-361
119900175,1215,1219,-4
119900177,51,305,-254
119900178,15,249,-234
119900179,106,620,-514
119900180,1104,1279,-175
119900181,95,168,-73
119900182,19,615,-596
119900183,225,813,-588
119900184,3476,783,2693
119900185,44,203,-159
119900186,143,1047,-904
119900187,30,722,-692
119900188,124,635,-511
119900189,984,729,255
119900190,83,431,-348
119900191,446,211,235
119900192,105,234,-129
119900193,343,380,-37
119900194,22,128,-106
119900195,129,418,-289
119900196,2241,680,1561
119900197,249,269,-20
119900198,1250,444,806
119900199,181,28,153
119900200,1358,1054,304
119900201,570,367,203
119900202,351,278,73
119900203,231,841,-610
119900204,320,471,-151
119900205,642,848,-206
119900206,181,196,-15
119900208,249,330,-81
119900209,577,1390,-813
119900210,32,94,-62
119900211,114,32,82
119900212,229,425,-196
119900213,9,122,-113
119900214,35,141,-106
119900215,63,88,-25
119900216,23,86,-63
119900217,21,89,-68
119900218,184,127,57
119900219,53,233,-180
119900220,25,133,-108
119900221,65,419,-354
119900222,14,328,-314
119900223,22,123,-101
119900224,42,55,-13
119900225,1356,75,1281
119900226,773,2360,-1587
119900227,1492,481,1011
119900228,1154,504,650
119900229,433,625,-192
119900230,2091,953,1138
119900231,274,335,-61
119900232,342,163,179
119900233,126,10,116
119900234,62,141,-79
119900235,56,168,-112
119900236,203,322,-119
119900237,94,823,-729
119900238,25,111,-86
119900240,219,246,-27
119900241,224,492,-268
119900242,2203,2240,-37
119900244,991,2508,-1517
119900245,229,285,-56
119900246,467,875,-408
119900247,42,184,-142
119900248,133,266,-133
119900249,293,201,92
119900253,4355,576,3779
119900254,97,709,-612
119900255,170,729,-559
119900256,534,1379,-845
119900257,82,6,76
119900258,207,124,83
119900259,15,253,-238
119900260,204,17,187
119900261,949,262,687
119900262,4,375,-371
119900263,1211,646,565
119900264,132,400,-268
119900265,925,685,240
119900266,342,455,-113
119900267,310,757,-447
119900268,794,356,438
119900269,1443,2258,-815
119900271,22,166,-144
119900272,522,190,332
119900275,133,14,119
119900276,48,6,42
119900277,11,11,0
119900278,449,231,218
119900279,247,796,-549
119900280,1135,281,854
119900281,2,313,-311
119900282,92,138,-46
119900283,16,383,-367
119900284,63,444,-381
119900285,44,123,-79
119900286,5,79,-74
119900288,2,33,-31
119900289,0,45,-45
119900290,7,38,-31
119900291,2,98,-96
119900292,61,24,37
119900293,29,1,28
119900294,58,0,58
119900295,3,0,3
119900296,8,10,-2
119900299,499,257,242
119900300,1360,311,1049
119900301,180,85,95
119900302,250,172,78
119900303,920,791,129
119900304,408,133,275
119900305,22,179,-157
119900306,25,4,21
119900307,132,230,-98
119900308,8,35,-27
119900309,58,191,-133
119900310,388,455,-67
119900311,79,195,-116
119900312,139,117,22
119900313,503,530,-27
119900314,192,621,-429
119900315,1544,2809,-1265
119900318,18,58,-40
119900319,3,356,-353
119900320,384,805,-421
119900321,117,9,108
119900322,54,116,-62
119900323,2,225,-223
119900324,2,84,-82
119900325,93,397,-304
119900326,142,133,9
120000001,7784,14506,-6722
120000002,3305,3520,-215
120000003,4358,2133,2225
120000004,3370,2815,555
120000005,5559,2698,2861
120000006,1355,1836,-481
120000007,4897,4051,846
120000008,1138,1790,-652
120000009,4237,1174,3063
120000010,2347,3480,-1133
120000011,1965,2549,-584
120000012,1885,3740,-1855
120000013,3074,3404,-330
120000014,903,1870,-967
120000015,3337,1914,1423
120000016,3728,2819,909
120000017,5274,3123,2151
120000018,4676,11639,-6963
120000019,1038,1749,-711
120000020,3893,3857,36
120000021,2053,2979,-926
120000022,3543,4723,-1180
120000023,1112,2128,-1016
120000024,1802,2927,-1125
120000025,3083,2768,315
120000026,1839,2216,-377
120000027,2007,2482,-475
120000028,1137,875,262
120000029,7539,1046,6493
120000030,4876,1845,3031
120000031,2960,11204,-8244
120000032,10623,5845,4778
120000033,6053,3186,2867
120000034,2016,2943,-927
120000035,1999,2952,-953
120000036,3325,6557,-3232
120000037,808,1884,-1076
120000038,9100,4642,4458
120000039,744,1167,-423
120000040,1015,442,573
120000041,2965,2075,890
120000042,4389,3243,1146
120000043,6326,2657,3669
120000044,5903,2747,3156
120000045,5635,1815,3820
120000046,3037,3714,-677
120000047,1688,6114,-4426
120000048,9013,4909,4104
120000049,3759,3637,122
120000050,5055,4973,82
120000051,3621,5527,-1906
120000052,10995,3061,7934
120000053,1428,3536,-2108
120000054,1686,5579,-3893
120000055,2382,5987,-3605
120000056,4595,4642,-47
120000057,4399,890,3509
120000058,4612,702,3910
120000059,82,2082,-2000
120000061,213,785,-572
120000062,263,479,-216
120000063,2178,3461,-1283
120000064,313,1629,-1316
120000065,2191,2209,-18
120000066,628,789,-161
120000067,198,763,-565
120000068,199,1259,-1060
120000069,1003,1962,-959
120000070,73,1269,-1196
120000071,430,276,154
120000072,712,616,96
120000073,812,147,665
120000074,331,157,174
120000075,1498,484,1014
120000076,5351,659,4692
120000077,3064,812,2252
120000078,3813,1402,2411
120000079,303,318,-15
120000080,175,367,-192
120000081,580,330,250
120000082,213,301,-88
120000083,85,725,-640
120000084,464,547,-83
120000085,485,517,-32
120000086,421,696,-275
120000087,252,927,-675
120000088,1299,1763,-464
120000089,1263,992,271
120000090,935,794,141
120000091,2163,1615,548
120000092,1618,934,684
120000093,512,740,-228
120000094,217,954,-737
120000095,1462,811,651
120000096,320,1265,-945
120000098,1939,1440,499
120000099,1099,1110,-11
120000100,907,1324,-417
120000101,652,799,-147
120000102,643,960,-317
120000103,1797,1118,679
120000104,1792,716,1076
120000105,2930,1029,1901
120000106,2662,890,1772
120000107,4084,950,3134
120000108,1486,215,1271
120000109,1384,113,1271
120000110,99,1342,-1243
120000111,482,1604,-1122
120000112,1093,4175,-3082
120000113,1043,3028,-1985
120000114,1185,3721,-2536
120000115,448,3010,-2562
120000116,1179,2617,-1438
120000117,1546,2106,-560
120000118,67,30,37
120000119,42,106,-64
120000120,86,86,0
120000121,47,86,-39
120000122,310,426,-116
120000123,7295,5940,1355
120000124,601,595,6
120000125,710,997,-287
120000126,475,966,-491
120000127,3591,1051,2540
120000128,4131,4223,-92
120000129,353,419,-66
120000130,1297,866,431
120000131,413,836,-423
120000134,650,1769,-1119
120000135,531,830,-299
120000137,371,2279,-1908
120000138,813,774,39
120000139,559,1232,-673
120000140,823,798,25
120000141,1920,773,1147
120000142,1710,1007,703
120000143,4,145,-141
120000144,102,1,101
120000145,341,1,340
120000146,1899,1077,822
120000149,896,1727,-831
120000150,4739,13936,-9197
120000151,546,733,-187
120000152,664,359,305
120000153,362,894,-532
120000154,615,685,-70
120000155,98,385,-287
120000156,1390,1737,-347
120000157,1622,1176,446
120000158,1462,1146,316
120000159,2375,3206,-831
120000160,2638,1812,826
120000161,2440,3186,-746
120000162,97,306,-209
120000163,792,2183,-1391
120000164,528,920,-392
120000165,617,1673,-1056
120000166,1586,1208,378
120000167,73,163,-90
120000168,41,447,-406
120000169,80,907,-827
120000170,84,543,-459
120000171,39,182,-143
120000172,46,120,-74
120000173,4541,967,3574
120000174,1063,27,1036
120000175,502,25,477
120000176,661,66,595
120000177,2591,184,2407
120000178,506,21,485
120000179,813,57,756
120000180,1652,139,1513
120000181,396,752,-356
120000182,135,385,-250
120000183,29,327,-298
120000184,173,1317,-1144
120000186,130,258,-128
120000187,63,115,-52
120000188,302,224,78
120000190,2055,54,2001
120000191,2123,59,2064
120000192,1850,47,1803
120000193,782,4,778
120000195,150,4,146
120000196,751,106,645
120000197,210,241,-31
120000198,192,121,71
120000199,118,3,115
120000200,170,1,169
120000201,15,40,-25
120000202,2,66,-64
120000203,62,323,-261
120000207,0,96,-96
120000208,26,367,-341
120000209,12,110,-98
120000210,134,154,-20
120000211,141,3,138
120000212,139,1,138
120000213,202,494,-292
120000214,0,498,-498
120000215,10,204,-194
120000216,69,15,54
120000217,905,1278,-373
120000218,206,912,-706
120000219,10,569,-559
120000220,18,2226,-2208
120000225,1844,3,1841
120000226,413,9,404
120000227,874,55,819
120000228,8243,4001,4242
120000230,443,22,421
120000231,1415,2900,-1485
120000233,343,6,337
120000235,288,952,-664
120000236,1600,5,1595
120000237,2,1890,-1888
120000238,2,800,-798
120000241,1537,4294,-2757
120000412,1468,33,1435
120000413,705,263,442
120000414,168,4,164
120000415,3,154,-151
120000416,385,11,374
120000417,9,90,-81
120000418,182,22,160
120000419,19,343,-324
120000420,45,73,-28
120000421,13744,7938,5806
120000422,191,1208,-1017
120000423,3,77,-74
120000424,90,215,-125
120000436,163,805,-642
120000437,158,203,-45
120000438,4264,345,3919
120000439,231,543,-312
120000443,278,0,278
120000444,1792,988,804
120000445,2797,1334,1463
120000446,822,349,473
120000447,276,11,265
120000449,80,7,73
120000450,4,252,-248
120000451,178,321,-143
120000452,154,13,141
120000453,0,456,-456
120000454,97,69,28
120000455,97,39,58
120000456,2891,4616,-1725
120000457,1655,843,812
120000458,867,986,-119
120000459,128,78,50
120000665,2290,443,1847
120000668,163,521,-358
120000669,67,241,-174
120000670,424,500,-76
120000671,2819,649,2170
120000672,147,768,-621
120900001,94,129,-35
120900002,587,639,-52
120900003,387,42,345
120900004,13,115,-102
120900005,185,1570,-1385
120900006,474,384,90
120900007,249,196,53
120900008,301,1763,-1462
120900009,1158,108,1050
120900010,669,119,550
120900011,500,188,312
120900012,753,1601,-848
120900013,450,126,324
120900014,43,916,-873
120900015,2604,139,2465
120900016,795,98,697
120900017,3303,168,3135
120900018,145,712,-567
120900019,738,372,366
120900020,998,1628,-630
120900021,709,217,492
120900022,112,540,-428
120900023,763,78,685
120900024,3059,668,2391
120900025,2544,1561,983
120900026,399,330,69
120900027,1160,44,1116
120900028,442,94,348
120900029,247,481,-234
120900030,1345,979,366
120900031,271,113,158
120900032,1109,193,916
120900033,1462,100,1362
120900034,44,3454,-3410
120900035,66,256,-190
120900037,411,13,398
120900038,99,318,-219
120900039,89,46,43
120900040,372,8,364
120900041,213,56,157
120900042,580,90,490
120900043,175,44,131
120900044,18,553,-535
120900045,237,204,33
120900046,1231,7,1224
120900047,282,128,154
120900048,115,34,81
120900049,405,2,403
120900050,3409,1549,1860
120900051,412,169,243
120900052,688,10,678
120900053,328,211,117
120900054,2568,917,1651
120900055,391,3,388
120900056,548,26,522
120900057,171,17,154
120900058,498,2,496
120900059,125,7,118
120900060,110,66,44
120900061,385,427,-42
120900062,259,1,258
120900063,528,3,525
120900064,537,2,535
120900065,439,1,438
120900066,494,439,55
120900067,162,43,119
120900068,270,0,270
120900069,215,81,134
120900071,42,5,37
120900072,666,7,659
120900073,499,282,217
120900074,627,10,617
120900076,357,0,357
120900077,4597,505,4092
120900078,745,1136,-391
120900079,666,152,514
120900080,779,2482,-1703
120900081,884,955,-71
120900082,893,895,-2
120900083,92,8,84
120900084,299,482,-183
120900085,127,172,-45
120900086,196,458,-262
120900087,443,412,31
120900088,194,415,-221
120900089,4986,3639,1347
120900090,260,230,30
120900091,711,1253,-542
120900092,1825,784,1041
120900093,3498,331,3167
120900094,726,307,419
120900095,646,46,600
120900096,52,299,-247
120900097,959,1055,-96
120900098,469,370,99
120900099,90,125,-35
120900100,207,403,-196
120900101,1112,459,653
120900102,45,131,-86
120900103,64,309,-245
120900104,19,70,-51
120900105,88,829,-741
120900106,1835,806,1029
120900107,356,256,100
120900108,10,989,-979
120900109,50,982,-932
120900110,19,1118,-1099
120900111,265,501,-236
120900112,20,1274,-1254
120900113,53,1250,-1197
120900114,68,194,-126
120900115,216,315,-99
120900116,463,694,-231
120900117,4,694,-690
120900118,24,1123,-1099
120900119,5636,8500,-2864
120900120,98,774,-676
120900121,393,741,-348
120900122,548,868,-320
120900123,7,610,-603
120900124,1,913,-912
120900125,27,1119,-1092
120900126,2318,1624,694
120900127,18,648,-630
120900128,1653,1933,-280
120900129,86,463,-377
120900130,23,631,-608
120900131,80,207,-127
120900132,941,489,452
120900133,278,1238,-960
120900134,1022,585,437
120900135,19,855,-836
120900136,71,255,-184
120900137,276,192,84
120900138,53,253,-200
120900139,6,1037,-1031
120900140,2,182,-180
120900141,311,335,-24
120900142,38,809,-771
120900143,4,1217,-1213
120900144,0,244,-244
120900145,1444,1066,378
120900146,8,1494,-1486
120900147,2,683,-681
120900148,132,242,-110
120900149,0,453,-453
120900150,79,735,-656
120900151,6,857,-851
120900152,0,71,-71
120900153,29,196,-167
120900154,0,362,-362
120900155,224,1457,-1233
120900156,50,574,-524
120900157,94,420,-326
120900158,116,886,-770
120900159,277,623,-346
120900160,64,1035,-971
120900161,62,617,-555
120900162,49,749,-700
120900163,61,633,-572
120900164,0,9,-9
120900165,17,34,-17
120900166,161,406,-245
120900167,569,220,349
120900169,114,635,-521
120900170,2130,3292,-1162
120900171,1599,510,1089
120900172,2944,756,2188
120900173,0,82,-82
120900174,8,187,-179
120900175,375,268,107
120900176,22,492,-470
120900177,4,1273,-1269
120900178,0,601,-601
120900179,1437,717,720
120900180,155,175,-20
120900181,293,73,220
120900182,26,512,-486
120900183,388,209,179
120900184,229,112,117
120900185,22,723,-701
120900186,6,603,-597
120900187,560,1840,-1280
120900188,187,22,165
120900189,207,1201,-994
120900190,76,14,62
120900191,12,32,-20
120900192,13957,7630,6327
120900194,39,130,-91
120900195,160,414,-254
120900196,1170,103,1067
120900197,941,149,792
120900198,490,763,-273
120900199,707,485,222
120900200,138,133,5
120900201,710,255,455
120900202,6,274,-268
120900203,49,132,-83
120900204,183,337,-154
120900205,50,61,-11
120900206,25,139,-114
120900207,186,1746,-1560
121000001,915,1214,-299
121000002,2648,1688,960
121000003,3747,2204,1543
121000004,3490,5137,-1647
121000005,2267,3256,-989
121000006,4569,2043,2526
121000007,3352,3275,77
121000008,6444,4057,2387
121000009,7117,6531,586
121000010,9796,6512,3284
121000011,10722,14230,-3508
121000012,19128,12148,6980
121000013,5689,8338,-2649
121000014,7541,6910,631
121000015,4896,8332,-3436
121000016,5095,3920,1175
121000017,2950,4831,-1881
121000018,2938,2707,231
121000019,23498,14502,8996
121000020,17018,20996,-3978
121000021,6999,4116,2883
121000022,7210,4054,3156
121000023,7295,4159,3136
121000024,7856,7006,850
121000025,778,1681,-903
121000026,410,190,220
121000027,1756,1413,343
121000028,945,615,330
121000029,1283,919,364
121000030,762,827,-65
121000031,856,800,56
121000032,302,151,151
121000034,696,280,416
121000035,333,173,160
121000036,1224,1089,135
121000037,710,816,-106
121000038,729,1035,-306
121000039,672,645,27
121000041,989,620,369
121000042,601,455,146
121000043,862,593,269
121000044,1810,1074,736
121000045,706,407,299
121000046,923,1467,-544
121000047,620,122,498
121000049,2210,704,1506
121000050,475,1375,-900
121000051,986,392,594
121000052,739,962,-223
121000053,596,112,484
121000054,57,428,-371
121000055,1613,1370,243
121000056,966,1231,-265
121000057,473,795,-322
121000058,500,250,250
121000059,2719,1750,969
121000060,819,1242,-423
121000061,186,277,-91
121000062,223,463,-240
121000063,952,895,57
121000064,816,1132,-316
121000065,474,539,-65
121000066,764,798,-34
121000067,1092,646,446
121000068,963,673,290
121000069,1311,846,465
121000070,3245,1676,1569
121000071,2651,1933,718
121000072,4218,1079,3139
121000073,3304,1261,2043
121000074,706,186,520
121000075,120,430,-310
121000076,1844,556,1288
121000077,220,282,-62
121000078,144,204,-60
121000080,3003,952,2051
121000081,4935,4644,291
121000082,127,328,-201
121000083,225,150,75
121000084,151,210,-59
121000085,375,612,-237
121000086,257,956,-699
121000087,105,516,-411
121000088,579,817,-238
121000089,534,446,88
121000090,588,476,112
121000091,1735,978,757
121000092,205,95,110
121000093,200,243,-43
121000094,609,1141,-532
121000095,387,966,-579
121000096,2331,2809,-478
121000097,1359,2422,-1063
121000098,812,1505,-693
121000099,814,1074,-260
121000100,1046,758,288
121000101,500,414,86
121000102,377,488,-111
121000103,256,394,-138
121000104,274,295,-21
121000105,610,472,138
121000106,609,516,93
121000107,2414,4017,-1603
121000109,1651,1344,307
121000110,397,853,-456
121000114,2931,2353,578
121000115,1118,1027,91
121000116,363,989,-626
121000117,854,256,598
121000118,1504,294,1210
121000119,665,433,232
121000120,380,804,-424
121000121,697,1647,-950
121000123,2524,774,1750
121000126,150,397,-247
121000127,285,131,154
121000128,1173,742,431
121000129,1056,898,158
121000130,620,1311,-691
121000131,3595,2786,809
121000132,2329,2406,-77
121000135,667,999,-332
121000136,2662,969,1693
121000137,648,326,322
121000138,1728,1059,669
121000139,984,303,681
121000141,312,310,2
121000142,1058,1273,-215
121000143,158,40,118
121000144,1441,2084,-643
121000145,800,1672,-872
121000146,1474,1218,256
121000147,1239,943,296
121000148,1096,1600,-504
121000149,2276,1999,277
121000152,979,825,154
121000153,3141,1113,2028
121000154,1125,970,155
121000155,1575,1442,133
121000156,494,1135,-641
121000157,1619,2873,-1254
121000158,802,728,74
121000159,189,623,-434
121000160,363,614,-251
121000161,255,461,-206
121000162,132,313,-181
121000165,2233,2222,11
121000166,35,786,-751
121000168,558,393,165
121000169,103,217,-114
121000170,560,168,392
121000171,114,221,-107
121000172,1465,695,770
121000173,2221,1502,719
121000174,451,566,-115
121000175,990,459,531
121000176,463,318,145
121000177,1290,844,446
121000178,103,87,16
121000179,199,102,97
121000181,556,698,-142
121000182,156,295,-139
121000183,381,112,269
121000184,394,130,264
121000185,31,235,-204
121000186,219,610,-391
121000187,338,325,13
121000188,238,311,-73
121000192,1054,626,428
121000193,677,697,-20
121000194,3434,2813,621
121000195,313,1039,-726
121000196,868,315,553
121000197,259,901,-642
121000198,294,121,173
121000199,225,497,-272
121000200,813,95,718
121000201,4,284,-280
121000202,1073,162,911
121000203,1131,2953,-1822
121000204,2821,1091,1730
121000205,294,374,-80
121000206,322,70,252
121000207,3504,517,2987
121000208,23,436,-413
121000209,468,469,-1
121000210,694,636,58
121000211,320,199,121
121000212,398,856,-458
121000213,11976,3540,8436
121000214,970,3109,-2139
121000215,1406,1154,252
121000216,534,831,-297
121000217,5555,3232,2323
121000218,588,1901,-1313
121000219,2144,550,1594
121000220,334,56,278
121000221,177,246,-69
121000222,2996,2422,574
121000223,786,431,355
121000224,362,173,189
121000225,2342,1836,506
121000226,5894,1411,4483
121000227,39,204,-165
121000228,27,608,-581
121000229,373,460,-87
121000230,61,1536,-1475
121000231,1191,41,1150
121000232,425,479,-54
121000233,725,439,286
121000234,53,54,-1
121000235,91,92,-1
121000236,17,62,-45
121000237,45,20,25
121000238,11,95,-84
121000239,87,8,79
121000240,21,248,-227
121000241,136,21,115
121000242,57,299,-242
121000243,473,153,320
121000244,11,97,-86
121000245,112,23,89
121000246,4,122,-118
121000247,113,7,106
121000248,1657,540,1117
121000249,213,342,-129
121000250,1143,179,964
121000251,23,535,-512
121000252,99,80,19
121000253,554,526,28
121000254,729,333,396
121000255,1658,261,1397
121000256,1369,520,849
121000257,299,116,183
121000258,491,64,427
121000259,95,82,13
121000260,178,147,31
121000261,285,76,209
121000262,1208,1148,60
121000263,1526,678,848
121000271,401,1702,-1301
121000273,149,13,136
121000274,22,45,-23
121000275,1,17,-16
121000276,10,13,-3
121000278,64,45,19
121000279,113,18,95
121000280,382,61,321
121000289,235,25,210
121000290,1417,1240,177
121000294,164,190,-26
121000297,1168,1490,-322
121000299,395,417,-22
121000300,1098,807,291
121000302,138,1963,-1825
121000303,605,897,-292
121000304,571,73,498
121000305,205,58,147
121000306,98,157,-59
121000308,215,546,-331
121000309,499,717,-218
121000310,129,560,-431
121000311,108,1258,-1150
121000312,442,202,240
121000313,465,692,-227
121000314,165,182,-17
121000315,63,154,-91
121000530,1644,1778,-134
121000531,4609,2142,2467
121000532,8591,9724,-1133
121000533,3441,4315,-874
121000918,104,215,-111
121000919,69,55,14
121000938,336,723,-387
121000939,483,745,-262
121000956,1514,1641,-127
121000957,4,18,-14
121000958,150,64,86
121000959,839,1131,-292
121000960,3820,2874,946
121000961,287,158,129
121000962,298,769,-471
121000973,1,146,-145
121000976,37,284,-247
121000979,613,271,342
121000981,419,330,89
121000982,333,175,158
121000983,517,582,-65
121000984,63,92,-29
121000985,745,744,1
121000986,378,264,114
121000987,324,1200,-876
121000988,830,166,664
121001302,394,195,199
121001308,9,12,-3
121001309,106,140,-34
121001313,228,228,0
121001314,2704,4051,-1347
121001315,5296,3378,1918
121900001,353,268,85
121900002,93,20,73
121900003,403,36,367
121900004,221,511,-290
121900005,23,15,8
121900006,174,31,143
121900007,2611,3238,-627
121900008,2556,629,1927
121900009,722,28,694
121900010,268,8,260
121900011,431,598,-167
121900012,17,2,15
121900013,2044,122,1922
121900014,1503,465,1038
121900015,301,336,-35
121900016,5,68,-63
121900017,2455,636,1819
121900018,427,11,416
121900019,483,383,100
121900020,32,6,26
121900021,832,23,809
121900022,351,296,55
121900023,211,460,-249
121900024,495,133,362
121900025,868,433,435
121900026,397,57,340
121900027,601,279,322
121900028,349,24,325
121900029,146,298,-152
121900030,544,744,-200
121900031,1554,7606,-6052
121900032,188,131,57
121900033,209,208,1
121900034,521,99,422
121900035,3526,3061,465
121900036,76,387,-311
121900037,238,995,-757
121900038,66,238,-172
121900039,538,115,423
121900040,151,101,50
121900041,131,232,-101
121900042,375,165,210
121900043,12,21,-9
121900044,241,88,153
121900046,482,539,-57
121900047,222,78,144
121900048,91,188,-97
121900050,33,73,-40
121900051,207,252,-45
121900052,197,51,146
121900053,1669,480,1189
121900054,988,1268,-280
121900055,35,43,-8
121900058,237,224,13
121900059,532,273,259
121900060,228,413,-185
121900061,682,305,377
121900062,266,236,30
121900063,2189,420,1769
121900064,372,882,-510
121900066,83,46,37
121900067,140,77,63
121900069,249,172,77
121900070,400,132,268
121900071,423,609,-186
121900072,44,230,-186
121900073,307,302,5
121900074,1066,1193,-127
121900075,554,522,32
121900076,492,802,-310
121900077,15,26,-11
121900078,331,73,258
121900079,3,3,0
121900080,1313,770,543
121900082,74,186,-112
121900084,33,259,-226
121900085,4,31,-27
121900086,20,85,-65
121900087,259,126,133
121900088,2785,3625,-840
121900089,165,514,-349
121900090,362,137,225
121900091,72,179,-107
121900092,188,146,42
121900093,80,149,-69
121900094,27,9,18
121900095,250,156,94
121900096,1574,1421,153
121900097,633,512,121
121900098,5,10,-5
121900099,239,90,149
121900100,406,667,-261
121900101,270,246,24
121900102,19,231,-212
121900103,1132,359,773
121900104,2202,478,1724
121900105,313,347,-34
121900106,5,12,-7
121900107,34,86,-52
121900108,8,58,-50
121900109,325,223,102
121900110,612,1245,-633
121900111,1496,201,1295
121900112,350,184,166
121900113,86,430,-344
121900114,140,145,-5
121900117,677,130,547
121900118,2859,973,1886
121900119,405,121,284
121900120,98,1874,-1776
121900121,648,60,588
121900122,43,117,-74
121900123,470,459,11
121900124,444,185,259
121900125,2227,1492,735
121900127,12,149,-137
121900128,126,197,-71
121900129,815,208,607
121900130,161,256,-95
121900131,676,124,552
121900132,90,184,-94
121900133,114,806,-692
121900134,39,201,-162
121900135,3229,631,2598
121900136,1351,456,895
121900137,59,489,-430
121900138,211,321,-110
121900139,390,600,-210
121900140,118,362,-244
121900141,65,50,15
121900142,317,386,-69
121900143,33,225,-192
121900144,204,338,-134
121900145,544,457,87
121900146,774,1216,-442
121900147,98,212,-114
121900148,297,386,-89
121900149,509,984,-475
121900150,109,183,-74
121900151,113,320,-207
121900152,125,208,-83
121900153,187,907,-720
121900154,34,295,-261
121900155,6,201,-195
121900156,237,209,28
121900157,0,557,-557
121900158,121,159,-38
121900159,5,350,-345
121900160,36,493,-457
121900161,504,539,-35
121900162,82,237,-155
121900163,391,1008,-617
121900164,725,281,444
121900165,475,279,196
121900166,253,234,19
121900167,155,149,6
121900168,178,329,-151
121900169,4,340,-336
121900170,10,294,-284
121900171,1249,791,458
121900172,1010,346,664
121900173,1653,307,1346
121900174,54,127,-73
121900175,208,296,-88
121900176,849,1720,-871
121900177,387,100,287
121900178,59,93,-34
121900179,1020,303,717
121900180,5765,5034,731
121900182,838,426,412
121900183,953,1080,-127
121900184,109,1112,-1003
121900186,19,420,-401
121900187,55,274,-219
121900188,608,790,-182
121900189,64,151,-87
121900190,543,638,-95
121900191,344,247,97
121900192,421,772,-351
121900193,56,239,-183
121900194,10,227,-217
121900195,101,156,-55
121900196,1304,1386,-82
121900197,740,2073,-1333
121900198,1412,1161,251
121900199,4,26,-22
121900200,145,454,-309
121900201,1357,1020,337
121900202,297,833,-536
121900203,338,1102,-764
121900204,1068,1999,-931
121900205,19,152,-133
121900206,24,30,-6
121900207,160,60,100
121900208,266,340,-74
121900209,107,59,48
121900210,1377,1210,167
121900211,44,100,-56
121900212,747,178,569
121900213,207,116,91
121900214,11,711,-700
121900215,103,159,-56
121900216,71,245,-174
121900217,313,202,111
121900218,274,431,-157
121900220,272,12,260
121900221,342,942,-600
121900222,206,223,-17
121900223,191,73,118
121900224,112,67,45
121900225,206,129,77
121900226,371,1387,-1016
121900227,748,773,-25
121900228,327,590,-263
121900230,190,399,-209
121900231,799,2156,-1357
121900232,526,540,-14
121900233,296,319,-23
121900234,324,422,-98
121900235,627,309,318
121900236,733,310,423
121900237,166,310,-144
121900238,152,512,-360
121900239,715,71,644
121900240,348,185,163
121900241,90,95,-5
121900242,11,0,11
121900243,20,0,20
121900244,91,4,87
121900245,203,96,107
121900246,2237,424,1813
121900247,953,308,645
121900248,1873,2085,-212
121900250,364,357,7
121900251,386,91,295
121900252,679,167,512
121900253,160,788,-628
121900254,684,367,317
121900255,372,152,220
121900258,3709,2697,1012
121900259,639,634,5
121900260,176,271,-95
121900261,266,924,-658
121900262,530,1282,-752
121900263,688,380,308
121900264,2615,2080,535
121900265,354,344,10
121900266,611,209,402
121900267,95,48,47
121900269,378,1070,-692
121900270,33,278,-245
121900271,61,255,-194
121900273,514,2104,-1590
121900274,324,413,-89
121900277,785,1641,-856
121900278,170,1113,-943
121900279,175,245,-70
121900280,273,424,-151
121900281,841,548,293
121900284,212,9,203
121900286,1432,196,1236
121900287,22,110,-88
121900288,2,3,-1
121900290,212,445,-233
121900291,435,687,-252
121900292,161,127,34
121900293,1199,3077,-1878
121900294,297,4,293
121900295,165,297,-132
121900296,192,275,-83
121900298,372,761,-389
121900299,0,4,-4
121900300,230,14,216
121900301,78,5,73
121900302,3,32,-29
121900303,516,498,18
121900304,0,10,-10
121900305,14,16,-2
121900306,189,2,187
121900307,70,22,48
121900308,59,383,-324
121900309,21,357,-336
121900310,78,653,-575
121900311,410,41,369
121900312,423,26,397
121900313,409,58,351
121900314,7,75,-68
121900315,17,0,17
121900316,0,20,-20
121900317,14,5,9
121900318,3,23,-20
121900319,26,143,-117
121900320,79,111,-32
121900321,28,2,26
121900322,29,34,-5
121900323,23,11,12
121900324,3,87,-84
121900325,7,1,6
121900326,19,19,0
121900327,18,107,-89
121900328,0,34,-34
121900329,4,328,-324
121900330,3,11,-8
121900331,38,36,2
121900332,125,27,98
121900333,15,4,11
122000001,2903,5263,-2360
122000002,6525,2251,4274
122000003,3925,3167,758
122000004,4769,2113,2656
122000005,3089,2003,1086
122000006,2144,982,1162
122000007,1403,1989,-586
122000008,5384,5685,-301
122000009,494,380,114
122000010,2358,3059,-701
122000011,3713,1647,2066
122000012,1458,1588,-130
122000013,1701,1050,651
122000014,1840,1473,367
122000015,1632,1245,387
122000016,672,1037,-365
122000017,1266,1165,101
122000018,1653,1379,274
122000019,899,1502,-603
122000020,307,244,63
122000021,404,508,-104
122000022,1482,1285,197
122000023,855,2047,-1192
122000024,866,1393,-527
122000025,1455,1813,-358
122000026,1324,1071,253
122000027,698,3135,-2437
122000028,1003,529,474
122000029,511,521,-10
122000030,399,170,229
122000031,382,332,50
122000032,1868,2280,-412
122000033,960,1285,-325
122000034,953,779,174
122000035,366,882,-516
122000036,731,723,8
122000037,399,285,114
122000038,272,480,-208
122000039,714,510,204
122000040,325,398,-73
122000041,732,692,40
122000042,438,591,-153
122000043,173,169,4
122000044,181,162,19
122000045,1379,507,872
122000046,1042,874,168
122000047,310,248,62
122000048,5941,5581,360
122000049,7390,3959,3431
122000050,1851,931,920
122000051,347,330,17
122000052,726,395,331
122000053,312,885,-573
122000054,2873,2177,696
122000055,2796,3305,-509
122000056,6169,4131,2038
122000057,4750,4099,651
122000058,3459,1384,2075
122000059,3191,1632,1559
122000060,821,635,186
122000061,656,543,113
122000062,1410,379,1031
122000063,1943,755,1188
122000064,3427,2852,575
122000065,4905,2835,2070
122000066,1281,1008,273
122000067,2131,1381,750
122000068,2130,1453,677
122000069,951,770,181
122000070,1555,2258,-703
122000071,1749,1574,175
122000072,398,456,-58
122000073,459,721,-262
122000074,3164,1837,1327
122000075,929,1425,-496
122000076,2501,1231,1270
122000077,1536,802,734
122000078,2883,2750,133
122000079,2650,1454,1196
122000080,1123,438,685
122000081,257,479,-222
122000082,1107,971,136
122000083,1660,2684,-1024
122000084,2390,1094,1296
122000085,529,1566,-1037
122000086,2613,5607,-2994
122000087,597,230,367
122000088,504,539,-35
122000089,6619,2875,3744
122000090,348,517,-169
122000091,337,114,223
122000092,190,39,151
122000093,1905,1588,317
122000094,7386,2508,4878
122000095,3884,4151,-267
122000096,3138,1895,1243
122000098,3965,2259,1706
122000099,2279,658,1621
122000100,1090,663,427
122000101,402,883,-481
122000102,2289,1504,785
122000103,2642,1996,646
122000104,791,262,529
122000105,1796,350,1446
122000106,596,761,-165
122000107,1417,589,828
122000108,626,861,-235
122000109,476,397,79
122000110,647,617,30
122000111,3028,1520,1508
122000112,963,1732,-769
122000113,838,823,15
122000114,3905,1464,2441
122000115,2198,1584,614
122000116,1285,707,578
122000117,4479,682,3797
122000118,832,1482,-650
122000119,5088,3879,1209
122000120,2899,8258,-5359
122000121,3159,5387,-2228
122000122,1153,2896,-1743
122000123,2292,2889,-597
122000124,1344,959,385
122000125,1238,949,289
122000126,885,2216,-1331
122000127,1398,2570,-1172
122000128,650,1157,-507
122000129,877,1898,-1021
122000130,4474,2402,2072
122000131,1695,2768,-1073
122000132,756,774,-18
122000133,1169,2318,-1149
122000134,1077,1332,-255
122000135,895,1410,-515
122000136,1016,1196,-180
122000137,1753,1544,209
122000139,1640,3713,-2073
122000140,1217,759,458
122000141,5770,1270,4500
122000142,643,1171,-528
122000143,633,855,-222
122000144,1634,2485,-851
122000145,2845,1185,1660
122000146,2548,1611,937
122000147,1092,619,473
122000148,2362,2068,294
122000149,2687,2677,10
122000150,1486,1453,33
122000151,286,490,-204
122000152,444,618,-174
122000153,470,467,3
122000154,316,329,-13
122000155,2327,2943,-616
122000156,2894,2656,238
122000157,1847,2065,-218
122000158,535,991,-456
122000159,1234,2558,-1324
122000160,4572,4078,494
122000161,1376,1400,-24
122000162,2999,2312,687
122000163,355,127,228
122000164,62,87,-25
122000165,995,785,210
122000166,1130,1013,117
122000167,281,256,25
122000168,213,642,-429
122000169,493,195,298
122000170,415,366,49
122000171,78,83,-5
122000172,1957,1736,221
122000173,1784,2663,-879
122000174,2839,998,1841
122000175,1177,422,755
122000176,353,792,-439
122000177,1688,1536,152
122000178,2925,2684,241
122000179,1801,2680,-879
122000180,2093,1482,611
122000181,2143,3448,-1305
122000182,2111,1860,251
122000183,2072,1204,868
122000184,3263,2318,945
122000185,1587,1521,66
122000186,571,863,-292
122000187,2089,1369,720
122000188,483,259,224
122000189,275,317,-42
122000190,1348,1223,125
122000191,946,836,110
122000192,1183,452,731
122000193,401,865,-464
122000194,822,207,615
122000195,208,648,-440
122000196,1467,778,689
122000197,688,1007,-319
122000198,563,883,-320
122000199,382,409,-27
122000200,1084,719,365
122000201,1560,1536,24
122000202,1440,1362,78
122000203,6014,1869,4145
122000204,2208,2638,-430
122000205,1964,2106,-142
122000206,2596,1222,1374
122000207,2323,1818,505
122000208,2696,1826,870
122000209,2342,440,1902
122000210,2558,2205,353
122000211,1987,1315,672
122000212,796,579,217
122000213,1306,1493,-187
122000214,2647,2037,610
122000215,2442,1823,619
122000217,3530,1639,1891
122000218,697,62,635
122000219,1568,1079,489
122000220,431,831,-400
122000221,139,562,-423
122000222,675,197,478
122000223,2305,695,1610
122000225,1194,367,827
122000226,3263,2250,1013
122000227,494,3009,-2515
122000228,899,628,271
122000229,380,685,-305
122000230,405,804,-399
122000231,1574,1042,532
122000232,991,1456,-465
122000233,1,146,-145
122000234,417,207,210
122000235,1128,239,889
122000236,1163,222,941
122000237,273,115,158
122000238,833,447,386
122000239,2681,254,2427
122000240,1485,926,559
122000241,1809,752,1057
122000242,1159,178,981
122000243,361,58,303
122000244,75,460,-385
122000245,83,152,-69
122000246,162,210,-48
122000247,1939,472,1467
122000248,1421,2149,-728
122000249,4553,1424,3129
122000250,3027,1711,1316
122000251,414,667,-253
122000252,740,409,331
122000253,82,417,-335
122000254,388,271,117
122000255,1133,2469,-1336
122000256,603,1368,-765
122000257,253,357,-104
122000258,405,460,-55
122000259,32,616,-584
122000260,20,100,-80
122000261,19,308,-289
122000262,3,69,-66
122000263,349,174,175
122000264,1251,628,623
122000265,2782,1294,1488
122000266,4912,847,4065
122000267,347,210,137
122000268,239,702,-463
122000269,1081,531,550
122000270,876,208,668
122000271,386,1300,-914
122000272,427,1355,-928
122000273,532,583,-51
122000274,275,284,-9
122000275,222,270,-48
122000276,1042,859,183
122000277,2334,2089,245
122000278,3928,1552,2376
122000279,274,755,-481
122000280,1589,1078,511
122000281,1129,1277,-148
122000282,668,296,372
122000283,891,124,767
122000284,588,176,412
122000285,699,120,579
122000286,184,194,-10
122000287,1627,1937,-310
122000288,779,438,341
122000291,2247,1213,1034
122000293,620,352,268
122000294,216,327,-111
122000295,2719,339,2380
122000296,154,769,-615
122000297,4170,3591,579
122000299,604,597,7
122000300,669,738,-69
122000301,14716,4217,10499
122000302,1394,2103,-709
122000303,5022,1741,3281
122000304,121,387,-266
122000305,1189,415,774
122000306,39,1122,-1083
122000307,431,218,213
122000309,340,76,264
122000310,79,110,-31
122000311,254,235,19
122000312,174,109,65
122000313,114,65,49
122000314,129,277,-148
122000315,368,73,295
122000316,723,271,452
122000317,1580,247,1333
122000318,334,957,-623
122000319,324,573,-249
122000320,528,2157,-1629
122000321,136,281,-145
122000322,2723,2397,326
122000323,1653,2390,-737
122000324,1267,1249,18
122000325,1075,1699,-624
122000326,54,140,-86
122000327,726,1139,-413
122000328,1029,864,165
122000330,2585,964,1621
122000332,376,528,-152
122000333,14,135,-121
122000337,1410,2225,-815
122000338,573,737,-164
122000340,400,452,-52
122000342,2946,1263,1683
122000343,536,1504,-968
122000344,76,34,42
122000345,150,43,107
122000346,637,702,-65
122000348,903,1130,-227
122000349,157,1097,-940
122000351,128,232,-104
122000352,554,149,405
122000353,101,107,-6
122000355,173,257,-84
122000356,1754,1336,418
122000357,224,32,192
122000358,0,76,-76
122000359,0,33,-33
122000360,1,96,-95
122000362,16,97,-81
122000364,163,455,-292
122000365,4,71,-67
122000366,33,12,21
122000368,543,841,-298
122000370,76,81,-5
122000371,26,2,24
122000372,29,0,29
122000381,129,369,-240
122000382,107,398,-291
122000384,3624,1571,2053
122000385,123,0,123
122000386,503,1403,-900
122000387,747,627,120
122000388,1530,859,671
122000389,189,699,-510
122000390,439,330,109
122000391,461,199,262
122000392,483,347,136
122000393,152,277,-125
122000394,805,558,247
122000395,243,242,1
122000396,305,189,116
122000397,63,90,-27
122000398,34,60,-26
122000399,197,91,106
122000400,154,530,-376
122000401,147,142,5
122000402,308,114,194
122000403,647,1300,-653
122000404,214,332,-118
122000408,1138,1498,-360
122000503,17,161,-144
122000524,641,136,505
122000544,136,3123,-2987
122000616,405,1,404
122000640,105,220,-115
122000641,142,420,-278
122000642,1883,1464,419
122000643,63,165,-102
122000644,246,36,210
122000645,136,256,-120
122000651,1878,911,967
122000664,174,64,110
122000665,1547,857,690
122000666,761,1396,-635
122000673,48,392,-344
122000674,177,99,78
122000675,1856,1527,329
122000686,1739,1445,294
122000687,3207,502,2705
122000688,367,1228,-861
122000689,1248,725,523
122000690,2493,742,1751
122000691,1550,2583,-1033
122000692,2171,702,1469
122000693,786,2658,-1872
122000695,321,650,-329
122000696,437,445,-8
122000698,396,1308,-912
122000699,271,267,4
122000701,1496,484,1012
122000702,653,1488,-835
122000703,149,92,57
122000717,222,89,133
122000718,442,900,-458
122000719,106,137,-31
122000720,434,372,62
122000724,291,29,262
122900001,64,12,52
122900002,1983,5499,-3516
122900003,442,88,354
122900004,980,76,904
122900005,274,52,222
122900006,1967,450,1517
122900007,427,96,331
122900008,1089,99,990
122900009,912,478,434
122900010,401,186,215
122900012,246,522,-276
122900014,263,498,-235
122900015,2635,1048,1587
122900016,179,395,-216
122900017,507,1089,-582
122900018,226,30,196
122900019,46,268,-222
122900020,561,538,23
122900021,147,895,-748
122900022,990,977,13
122900023,569,402,167
122900024,233,170,63
122900025,29,343,-314
122900026,113,543,-430
122900027,107,1107,-1000
122900028,185,362,-177
122900029,5359,3404,1955
122900030,1458,742,716
122900031,129,254,-125
122900032,122,415,-293
122900033,290,219,71
122900034,6356,6124,232
122900035,61,15,46
122900036,65,157,-92
122900037,411,166,245
122900038,183,3416,-3233
122900039,158,627,-469
122900040,394,516,-122
122900041,398,304,94
122900042,234,471,-237
122900043,499,250,249
122900044,93,351,-258
122900045,118,161,-43
122900046,325,203,122
122900047,182,260,-78
122900048,60,286,-226
122900049,1944,215,1729
122900051,105,178,-73
122900052,85,205,-120
122900053,105,56,49
122900055,543,245,298
122900057,315,90,225
122900061,640,366,274
122900062,751,1087,-336
122900063,230,513,-283
122900064,1583,562,1021
122900065,618,341,277
122900066,910,605,305
122900067,2063,1175,888
122900068,433,391,42
122900069,1146,2360,-1214
122900070,506,92,414
122900071,208,707,-499
122900072,21,814,-793
122900073,109,354,-245
122900074,933,1018,-85
122900075,2,87,-85
122900076,8,252,-244
122900077,1,193,-192
122900078,318,197,121
122900080,93,53,40
122900081,402,310,92
122900082,892,613,279
122900083,187,473,-286
122900084,27,394,-367
122900086,33,144,-111
122900087,524,830,-306
122900088,43,172,-129
122900089,149,286,-137
122900090,11,691,-680
122900091,252,4,248
122900092,2,296,-294
122900093,2,376,-374
122900094,1,274,-273
122900095,207,12,195
122900096,447,291,156
122900097,37,35,2
122900098,237,155,82
122900099,31,17,14
122900100,885,264,621
122900101,651,354,297
122900102,22,37,-15
122900103,121,14,107
122900104,123,11,112
122900105,9,15,-6
122900106,14,146,-132
122900107,14,289,-275
122900108,9,274,-265
123000001,1888,575,1313
123000002,4899,5323,-424
123000003,4155,4566,-411
123000004,3350,4634,-1284
123000005,3230,3379,-149
123000006,2725,3331,-606
123000007,6571,3273,3298
123000008,5887,4155,1732
123000009,5234,3762,1472
123000010,4200,4442,-242
123000011,2717,917,1800
123000012,983,2657,-1674
123000013,4221,1115,3106
123000014,1662,3976,-2314
123000015,5702,1370,4332
123000016,7770,5119,2651
123000017,3637,2124,1513
123000018,68,176,-108
123000019,320,543,-223
123000020,204,251,-47
123000021,134,444,-310
123000022,400,2591,-2191
123000023,3023,1797,1226
123000024,1479,775,704
123000025,315,301,14
123000026,543,102,441
123000027,776,493,283
123000028,2481,319,2162
123000029,1994,820,1174
123000030,351,630,-279
123000031,266,432,-166
123000032,354,264,90
123000033,326,95,231
123000034,1435,1506,-71
123000035,439,688,-249
123000036,413,1347,-934
123000037,583,652,-69
123000038,151,257,-106
123000039,381,1348,-967
123000040,1051,478,573
123000041,1448,1512,-64
123000042,1347,772,575
123000043,3842,8848,-5006
123000044,5728,2905,2823
123000045,10256,3639,6617
123000046,968,1816,-848
123000047,2512,1347,1165
123000048,94,689,-595
123000049,8867,10297,-1430
123000050,1442,1704,-262
123000051,202,295,-93
123000052,1095,3724,-2629
123000053,3389,3824,-435
123000054,1785,2259,-474
123000055,2426,3266,-840
123000056,2268,2749,-481
123000057,17792,8252,9540
123000058,1004,1094,-90
123000059,662,865,-203
123000060,1416,642,774
123000061,880,1003,-123
123000063,1058,1134,-76
123000064,1150,470,680
123000065,13899,4004,9895
123000066,1059,917,142
123000067,1543,1095,448
123000068,3583,3957,-374
123000069,8932,5025,3907
123000070,409,1055,-646
123000071,1061,1331,-270
123000072,1219,1740,-521
123000073,1338,997,341
123000074,1138,1723,-585
123000075,467,1181,-714
123000076,1156,885,271
123000077,2341,3659,-1318
123000078,1688,2103,-415
123000079,1630,2371,-741
123000080,2725,2745,-20
123000081,282,617,-335
123000082,502,1562,-1060
123000083,976,360,616
123000084,634,731,-97
123000085,323,164,159
123000086,543,408,135
123000087,439,563,-124
123000088,3356,1422,1934
123000089,537,1428,-891
123000090,1556,1202,354
123000091,1772,1736,36
123000092,1236,1438,-202
123000094,702,432,270
123000095,1019,987,32
123000096,861,616,245
123000097,661,1180,-519
123000098,847,807,40
123000099,827,1114,-287
123000100,799,1068,-269
123000101,818,849,-31
123000102,914,945,-31
123000104,459,502,-43
123000105,548,570,-22
123000106,486,468,18
123000107,411,575,-164
123000108,956,1337,-381
123000111,1094,489,605
123000112,1221,891,330
123000113,600,1874,-1274
123000114,840,892,-52
123000115,493,400,93
123000116,56,209,-153
123000117,3791,2962,829
123000118,562,1440,-878
123000119,505,1309,-804
123000120,1604,1298,306
123000121,521,724,-203
123000122,343,304,39
123000123,540,668,-128
123000124,461,509,-48
123000125,1228,1353,-125
123000126,1417,4191,-2774
123000127,895,695,200
123000128,404,412,-8
123000129,832,308,524
123000130,753,115,638
123000131,918,770,148
123000132,518,823,-305
123000133,402,575,-173
123000134,484,342,142
123000135,2484,1703,781
123000136,355,1089,-734
123000137,120,367,-247
123000138,142,546,-404
123000139,488,174,314
123000140,232,968,-736
123000141,898,186,712
123000142,1348,1479,-131
123000143,1657,2400,-743
123000144,175,32,143
123000145,773,180,593
123000146,64,101,-37
123000147,203,157,46
123000149,514,599,-85
123000150,242,380,-138
123000151,473,613,-140
123000152,460,623,-163
123000153,727,911,-184
123000154,2723,2434,289
123000155,3026,1402,1624
123000156,79,262,-183
123000157,713,1147,-434
123000158,810,1014,-204
123000159,4627,3206,1421
123000160,1268,915,353
123000161,2050,1452,598
123000162,1444,2141,-697
123000163,664,152,512
123000164,1737,432,1305
123000165,639,2508,-1869
123000166,53,227,-174
123000167,207,376,-169
123000168,364,318,46
123000169,780,149,631
123000170,75,315,-240
123000171,730,22,708
123000172,523,766,-243
123000173,703,338,365
123000174,1099,505,594
123000175,1371,1844,-473
123000176,1654,320,1334
123000177,692,1551,-859
123000178,810,217,593
123000179,59,986,-927
123000180,2008,443,1565
123000181,517,2240,-1723
123000182,458,790,-332
123000183,239,562,-323
123000184,302,1191,-889
123000185,910,579,331
123000186,3,1033,-1030
123000187,639,10,629
123000188,210,2,208
123000189,244,300,-56
123000190,65,95,-30
123000192,42,735,-693
123000193,104,1327,-1223
123000194,613,552,61
123000195,313,38,275
123000196,395,32,363
123000197,83,176,-93
123000198,49,384,-335
123000199,32,883,-851
123000200,702,10,692
123000201,1083,40,1043
123000202,30,1712,-1682
123000203,1066,100,966
123000204,143,1864,-1721
123000205,766,3016,-2250
123000206,2301,298,2003
123000207,117,1407,-1290
123000208,822,222,600
123000209,2366,643,1723
123000210,726,3034,-2308
123000211,819,4251,-3432
123000212,3248,635,2613
123000213,796,119,677
123000215,138,273,-135
123000216,305,1996,-1691
123000217,295,52,243
123000218,114,939,-825
123000219,1442,212,1230
123000220,1153,180,973
123000221,798,218,580
123000222,582,732,-150
123000223,369,575,-206
123000224,592,721,-129
123000225,656,127,529
123000226,129,503,-374
123000227,134,438,-304
123000228,366,142,224
123000229,1426,2275,-849
123000232,345,840,-495
123000233,1132,308,824
123000234,214,978,-764
123000235,1056,608,448
123000236,367,1161,-794
123000237,439,139,300
123000238,123,708,-585
123000239,653,2329,-1676
123000240,97,513,-416
123000241,760,144,616
123000242,237,286,-49
123000243,888,1120,-232
123000244,1253,890,363
123000245,95,217,-122
123000249,381,954,-573
123000252,903,353,550
123000253,1162,694,468
123000254,1270,2026,-756
123000255,1330,1324,6
123000256,55,422,-367
123000257,3983,3080,903
123000258,1734,1459,275
123000259,340,562,-222
123000260,443,638,-195
123000261,280,269,11
123000262,122,288,-166
123000263,527,170,357
123000264,223,145,78
123000265,109,204,-95
123000266,838,1311,-473
123000267,726,427,299
123000268,78,117,-39
123000269,69,120,-51
123000270,28,76,-48
123000271,166,115,51
123000272,797,357,440
123000273,269,811,-542
123000274,1434,780,654
123000275,440,1199,-759
123000278,6745,3365,3380
123000279,111,160,-49
123000280,866,576,290
123000281,432,135,297
123000282,169,402,-233
123000283,101,66,35
123000284,68,141,-73
123000286,313,374,-61
123000287,606,361,245
123000288,1440,961,479
123000289,540,1619,-1079
123000291,368,997,-629
123000294,170,294,-124
123000295,1158,1306,-148
123000296,731,529,202
123000297,683,990,-307
123000298,654,734,-80
123000299,35,236,-201
123000300,1102,1083,19
123000301,171,276,-105
123000302,112,295,-183
123000303,147,122,25
123000305,1112,1104,8
123000306,156,344,-188
123000309,47,99,-52
123000310,74,47,27
123000311,0,129,-129
123000312,652,1423,-771
123000313,675,531,144
123000315,82,425,-343
123000316,1864,106,1758
123000317,235,95,140
123000318,82,337,-255
123000329,9,11,-2
123000337,1038,332,706
123000338,1309,52,1257
123000339,277,293,-16
123000340,308,784,-476
123000342,146,16,130
123000343,48,3,45
123000344,1644,960,684
123000345,382,1359,-977
123000346,331,73,258
123000352,1949,993,956
123000353,16,106,-90
123000354,694,8,686
123000355,0,859,-859
123000356,619,24,595
123000357,2,273,-271
123000359,9,302,-293
123000360,235,218,17
123000361,489,476,13
123000362,502,200,302
123000363,164,289,-125
123000364,912,613,299
123000365,40,475,-435
123000366,688,2165,-1477
123000367,403,1771,-1368
123000370,124,373,-249
123000371,1903,71,1832
123000372,667,35,632
123000373,14,563,-549
123000374,312,270,42
123000375,881,58,823
123000376,936,732,204
123000377,603,58,545
123000378,44,402,-358
123000379,25,317,-292
123000380,74,511,-437
123000381,209,70,139
123000382,1616,205,1411
123000383,281,1538,-1257
123000384,698,130,568
123000385,558,671,-113
123000436,43,1189,-1146
123000507,163,369,-206
123000508,227,1114,-887
123000517,297,59,238
123000518,36,306,-270
123000519,161,102,59
123000520,71,249,-178
123000521,349,103,246
123000522,164,553,-389
123000541,7,6,1
123000542,0,23,-23
123000565,17,4,13
123000566,968,1226,-258
123000567,139,350,-211
123000573,46,1227,-1181
123000574,1020,108,912
123000575,1396,1764,-368
123000576,920,2274,-1354
123000577,130,866,-736
123000578,768,91,677
123000579,3853,6296,-2443
123000580,102,24,78
123000582,489,47,442
123000583,30,513,-483
123000584,196,395,-199
123000585,0,395,-395
123000586,139,33,106
123000596,122,164,-42
123000597,70,147,-77
123000602,43,25,18
123000603,636,841,-205
123000604,538,1311,-773
123000605,1157,131,1026
123000606,0,465,-465
123000609,25,452,-427
123000610,272,177,95
123000613,24,244,-220
123000614,271,72,199
123000615,38,171,-133
123000616,874,104,770
123000617,158,829,-671
123000618,135,949,-814
123000619,632,64,568
123000620,41,795,-754
123000622,425,22,403
123000624,157,47,110
123000630,1024,593,431
123000631,345,1908,-1563
123000632,1101,1159,-58
123000633,1,256,-255
123000634,118,162,-44
123000635,206,144,62
123000636,69,914,-845
123000637,205,265,-60
123000638,928,80,848
123000639,1472,3935,-2463
123000640,16,988,-972
123900001,1858,113,1745
123900002,82,1850,-1768
123900003,512,552,-40
123900005,282,170,112
123900006,336,76,260
124000001,2326,244,2082
124000002,156,2181,-2025
124000003,1021,192,829
124000004,110,829,-719
124000005,1577,532,1045
124000006,309,1834,-1525
124000007,880,216,664
124000008,69,878,-809
124000009,931,467,464
124000010,236,617,-381
124000011,2024,521,1503
124000012,495,766,-271
124000017,146,271,-125
124000018,99,144,-45
124000019,166,204,-38
124000020,41,283,-242
124000021,120,173,-53
124000022,83,293,-210
124000023,1635,1810,-175
124000024,1288,677,611
124000025,1492,2083,-591
124000026,1325,1253,72
124000027,5318,5486,-168
124000028,2804,5189,-2385
124000030,3503,1674,1829
124000031,1505,3263,-1758
124000032,3496,1358,2138
124000033,24,689,-665
124000034,1717,748,969
124000035,136,268,-132
124000036,76,245,-169
124000037,1722,1524,198
124000038,94,129,-35
124000039,1960,716,1244
124000040,936,1380,-444
124000041,985,108,877
124000042,284,554,-270
124000043,208,134,74
124000044,139,354,-215
124000045,1044,892,152
124000046,446,1006,-560
124000047,1544,1442,102
124000048,1265,1890,-625
124000049,2539,1185,1354
124000050,1493,2565,-1072
124000051,1095,988,107
124000052,849,1467,-618
124000053,593,1908,-1315
124000054,1112,780,332
124000055,1554,3402,-1848
124000056,3402,2059,1343
124000057,1041,849,192
124000058,625,1885,-1260
124000059,693,1328,-635
124000060,1510,1099,411
124000061,1707,5404,-3697
124000062,5226,2263,2963
124000063,1768,1984,-216
124000064,3955,1812,2143
124000065,43,589,-546
124000066,484,561,-77
124000067,338,318,20
124000068,13,20,-7
124000069,227,41,186
124000070,74,165,-91
124000071,3016,184,2832
124000072,1140,659,481
124000073,1066,241,825
124000074,316,1130,-814
124000075,378,81,297
124000076,26,381,-355
124000077,2197,1029,1168
124000078,4181,1894,2287
124000079,717,1595,-878
124000080,1947,301,1646
124000081,539,711,-172
124000082,43,235,-192
124000083,65,118,-53
124000084,94,588,-494
124000085,153,82,71
124000086,87,90,-3
124000087,827,130,697
124000088,415,546,-131
124000089,1135,565,570
124000090,210,504,-294
124000091,704,217,487
124000092,99,931,-832
124000093,149,205,-56
124000094,420,697,-277
124000095,104,190,-86
124000096,217,453,-236
124000097,143,281,-138
124000098,85,113,-28
124000099,311,250,61
124000100,80,135,-55
124000101,100,175,-75
124000102,122,109,13
124000103,111,146,-35
124000104,144,73,71
124000105,107,92,15
124000106,164,70,94
124000107,29,161,-132
124000108,114,37,77
124000109,126,199,-73
124000110,295,156,139
124000111,217,248,-31
124000112,773,850,-77
124000113,75,187,-112
124000114,425,570,-145
124000115,528,809,-281
124000116,146,260,-114
124000117,60,138,-78
124000118,37,74,-37
124000119,1153,743,410
124000120,689,606,83
124000121,1821,904,917
124000122,725,1739,-1014
124000123,1868,828,1040
124000124,632,1491,-859
124000125,452,707,-255
124000126,335,853,-518
124000127,959,810,149
124000128,696,1395,-699
124000129,2492,2039,453
124000130,1031,987,44
124000131,1058,740,318
124000132,1072,977,95
124000133,899,1179,-280
124000134,1223,841,382
124000135,1971,2223,-252
124000136,1338,1425,-87
124000137,1677,1005,672
124000138,2220,1673,547
124000139,2019,45,1974
124000140,137,797,-660
124000141,680,34,646
124000142,29,215,-186
124000143,103,49,54
124000144,24,75,-51
124000145,472,125,347
124000146,255,114,141
124000148,159,246,-87
124000149,2456,798,1658
124000150,715,763,-48
124000151,1169,632,537
124000152,1151,1697,-546
124000153,1329,1097,232
124000154,650,1135,-485
124000155,1797,1456,341
124000156,2275,1499,776
124000169,228,579,-351
124000170,1026,568,458
124000171,334,345,-11
124000172,438,759,-321
124000173,522,291,231
124000174,469,750,-281
124000175,28,210,-182
124000176,129,32,97
124000177,31,61,-30
124000178,259,103,156
124000190,192,79,113
124000191,275,125,150
124000192,3642,540,3102
124000193,1629,1199,430
124000194,493,723,-230
124000195,340,758,-418
124000196,1203,1310,-107
124000197,100,78,22
124000198,49,66,-17
124000201,578,1405,-827
124000202,857,613,244
124000203,786,988,-202
124000204,1017,535,482
124000205,351,634,-283
124000206,1466,621,845
124000207,0,55,-55
124000209,435,721,-286
124000210,535,372,163
124000211,648,5,643
124000212,0,577,-577
124000213,566,426,140
124000214,380,934,-554
124000215,1037,29,1008
124000216,10,600,-590
124000329,230,2377,-2147
124000338,232,1349,-1117
124000339,1281,354,927
124000341,1470,297,1173
124000344,40,5,35
124000357,1111,2300,-1189
124000358,779,1587,-808
124000359,1079,825,254
124000360,656,665,-9
124000361,2499,933,1566
124000362,1889,2068,-179
124000363,326,310,16
124000364,632,886,-254
124000365,632,1187,-555
124000366,1693,961,732
124000367,193,693,-500
124000368,749,493,256
124000369,223,251,-28
124000370,83,677,-594
124000402,60,17,43
124000403,260,93,167
124000404,29,238,-209
124000405,1175,1287,-112
124000406,1149,1252,-103
124000407,2,84,-82
124000411,8,575,-567
124000412,611,18,593
124000413,532,65,467
124000414,83,194,-111
124000415,73,169,-96
124000416,150,336,-186
124000417,239,157,82
124000418,181,206,-25
124000419,76,175,-99
124000420,76,133,-57
124000421,101,263,-162
124000422,18,13,5
124000423,159,44,115
124000424,5,121,-116
124000425,119,102,17
124000426,24,56,-32
124000427,72,37,35
124000428,49,85,-36
124000429,64,121,-57
124000430,917,799,118
124000431,524,763,-239
124000432,304,1011,-707
124000439,8,10,-2
124000443,0,11,-11
124000445,422,1451,-1029
124000446,1636,106,1530
124900001,526,636,-110
124900002,227,581,-354
124900003,1123,1044,79
124900004,663,615,48
124900005,721,306,415
124900006,698,603,95
124900008,2381,1000,1381
124900009,223,442,-219
124900010,294,242,52
124900011,698,597,101
124900012,580,190,390
124900013,842,198,644
124900014,1238,130,1108
124900015,201,514,-313
124900016,97,147,-50
124900017,834,1520,-686
124900018,54,12,42
124900020,125,131,-6
124900021,821,115,706
124900022,501,4,497
124900024,330,114,216
124900026,342,41,301
124900027,117,475,-358
124900028,758,197,561
124900029,20,776,-756
124900030,26,190,-164
124900031,65,436,-371
124900032,241,403,-162
124900033,441,528,-87
124900034,17,172,-155
124900035,208,643,-435
124900036,2,74,-72
124900037,253,538,-285
124900038,373,396,-23
124900039,2,80,-78
124900040,154,122,32
124900041,320,1232,-912
124900042,303,6,297
124900043,550,1187,-637
124900044,90,8,82
124900045,1428,1429,-1
124900046,1354,344,1010
124900047,236,286,-50
124900048,255,192,63
124900050,176,317,-141
124900052,136,516,-380
124900053,505,479,26
124900054,2323,973,1350
124900055,4,261,-257
124900057,13,89,-76
124900060,170,348,-178
124900061,167,15,152
124900062,313,49,264
124900066,0,28,-28
124900067,6,283,-277
124900068,279,865,-586
124900070,260,36,224
124900072,148,59,89
124900074,1039,368,671
124900075,294,357,-63
124900076,51,1479,-1428
124900077,40,285,-245
124900078,133,27,106
124900079,822,354,468
124900080,364,721,-357
124900081,929,613,316
124900082,414,1054,-640
124900083,302,585,-283
124900084,2623,211,2412
124900085,1338,529,809
124900086,127,1653,-1526
124900087,826,158,668
124900088,967,173,794
124900089,1649,62,1587
124900090,338,415,-77
124900091,322,628,-306
124900092,335,458,-123
124900093,357,377,-20
124900094,380,479,-99
124900095,114,532,-418
124900096,746,418,328
124900097,363,138,225
124900098,199,687,-488
124900099,895,828,67
124900100,400,338,62
124900101,147,615,-468
124900102,245,202,43
124900103,205,372,-167
124900104,78,259,-181
124900105,137,280,-143
124900106,528,164,364
124900107,142,36,106
124900108,203,103,100
124900109,157,204,-47
124900110,575,488,87
124900111,15,122,-107
124900112,95,781,-686
124900113,175,279,-104
124900114,302,151,151
124900115,573,60,513
124900116,295,279,16
124900117,869,205,664
124900118,337,345,-8
124900119,455,285,170
124900120,86,530,-444
124900121,188,593,-405
124900122,492,383,109
124900123,378,255,123
124900124,183,544,-361
129000186,205,46,159
204000001,59,10,49
204000002,26,7,19
204000003,43,3,40
204000004,17,2,15
204000005,612,497,115
204000006,1465,1321,144
204000011,16,64,-48
204000012,88,103,-15
204000013,3,7,-4
204000019,622,598,24
204000020,919,640,279
204000021,2426,934,1492
204000022,630,527,103
204000023,683,1037,-354
204000031,95,27,68
204000032,612,48,564
204000034,22,253,-231
204000035,0,6,-6
204000036,7,29,-22
204000037,2,25,-23
204000038,2,12,-10
204000039,128,22,106
204000040,7,39,-32
204000041,25,32,-7
204000042,67,13,54
204000043,34,7,27
204000044,65,3,62
204000045,52,3,49
204000046,14,3,11
204000057,11,17,-6
204000062,20,33,-13
204000068,31,330,-299
204000069,69,434,-365
204000070,205,229,-24
204000080,138,84,54
204000085,2341,2276,65
204000086,2641,2516,125
204000087,51,18,33
204000088,12,135,-123
204000090,47,384,-337
204000093,328,55,273
204000096,910,1104,-194
204000097,491,17,474
204000099,1134,1440,-306
204000100,1415,2109,-694
204000105,2391,1854,537
204000110,1659,1871,-212
204000111,461,1045,-584
204000112,2552,709,1843
204000113,612,757,-145
204000114,1145,1031,114
204000115,762,412,350
204000116,5047,614,4433
204000119,2010,3062,-1052
204000132,866,547,319
204000133,850,450,400
204000134,659,224,435
204000135,809,169,640
204000136,830,368,462
204000138,415,953,-538
204000140,179,189,-10
204000141,181,90,91
204000144,10,28,-18
204000145,669,59,610
204000146,25,453,-428
204000147,30,251,-221
204000148,1501,47,1454
204000154,5,4,1
204000155,3,6,-3
204000177,113,65,48
204000179,22,12,10
204000180,1,29,-28
204000222,9,31,-22
204000235,24,26,-2
204000236,81,334,-253
204000238,36,45,-9
204000240,357,90,267
204000263,571,1270,-699
204000268,1462,825,637
204000308,217,16,201
204000317,5,73,-68
204000322,29,49,-20
204000323,31,22,9
204000328,304,66,238
204000329,51,279,-228
204000330,247,18,229
204000331,52,135,-83
204010341,15,211,-196
205000001,1418,2278,-860
205000013,15,87,-72
205000014,46,132,-86
205000015,37,239,-202
205000016,76,228,-152
205000017,22,127,-105
205000022,323,945,-622
205000025,1318,1381,-63
205000029,237,17,220
205000045,227,368,-141
205000046,182,511,-329
205000047,148,594,-446
205000048,399,1224,-825
205000049,203,928,-725
205000050,847,339,508
205000059,0,233,-233
205000060,1,98,-97
205000061,2,85,-83
205000062,3,79,-76
205000063,23,93,-70
205000064,20,99,-79
205000065,45,591,-546
205000066,95,862,-767
205000067,40,975,-935
205000069,188,17,171
205000082,188,200,-12
205000110,86,286,-200
205000111,208,287,-79
205000112,269,350,-81
205000113,251,420,-169
205000121,288,73,215
205000123,40,321,-281
205000126,563,134,429
205000127,752,239,513
205000128,468,69,399
205000129,704,115,589
205000130,471,42,429
205000131,199,14,185
205000132,288,4,284
205000133,223,5,218
205000134,264,0,264
205000137,66,163,-97
205000138,286,369,-83
205000139,52,146,-94
205000144,228,112,116
205000145,886,215,671
205000151,224,53,171
205000152,306,37,269
205000153,336,41,295
205000154,156,81,75
205000155,117,22,95
205000207,16,225,-209
205000233,27,1,26
205000234,0,0,0
205000243,3,1,2
205000244,0,3,-3
205000245,23,257,-234
205000249,0,28,-28
205000250,6,1,5
205000264,33,87,-54
206000027,7,4,3
206000028,10,1,9
206000043,15,74,-59
206000053,4,11,-7
206000054,5,25,-20
206000055,1,21,-20
206000075,11,8,3
206000076,33,17,16
206000077,35,10,25
206000078,21,9,12
206000079,22,5,17
206000082,408,41,367
206000100,41,605,-564
206000103,7,22,-15
206000104,20,28,-8
206000105,5,33,-28
206000106,6,43,-37
206000108,680,52,628
206000125,44,0,44
206000157,60,747,-687
206000170,0,185,-185
206000171,5,221,-216
206000172,13,586,-573
206000173,2,261,-259
206000174,22,123,-101
206000175,2,176,-174
206000176,15,247,-232
206000177,0,191,-191
206000178,5,178,-173
206000179,20,111,-91
206000180,17,161,-144
206000181,25,220,-195
206000182,18,186,-168
206000183,22,754,-732
206000184,1,432,-431
206000185,6,257,-251
206000186,115,1229,-1114
206000223,6,288,-282
206000226,38,7,31
206000227,49,4,45
206000237,44,378,-334
206000238,27,517,-490
206000239,348,2246,-1898
206000240,3,93,-90
206000241,0,120,-120
206000242,5,355,-350
206000243,19,243,-224
206000244,43,726,-683
206000245,720,54,666
206000246,161,10,151
206000247,208,10,198
206000248,358,16,342
206000252,66,31,35
206000258,28,56,-28
206000315,24,6,18
206000317,580,94,486
206000318,422,76,346
206000319,1306,140,1166
206000320,167,55,112
206000321,182,10,172
206000322,495,14,481
206000323,157,14,143
206000324,158,10,148
206000325,184,12,172
206000326,243,11,232
206000327,337,7,330
206000328,153,1,152
206000329,310,7,303
206000330,62,3,59
206000331,184,1,183
206000332,56,14,42
206000333,563,3,560
206000334,266,2,264
206000335,0,32,-32
206000361,6,229,-223
206000392,2,26,-24
206000405,175,0,175
206000441,37,16,21
206000498,26,3,23
206000515,110,40,70
206000530,269,61,208
206000531,216,170,46
206000532,1781,277,1504
206000535,250,1874,-1624
206000536,12,209,-197
206000537,9,206,-197
206000613,1391,209,1182
207000001,169,563,-394
207000002,127,294,-167
207000003,144,184,-40
207000007,817,283,534
207000008,106,8,98
207000009,73,41,32
207000010,478,517,-39
207000012,357,292,65
207000015,275,1449,-1174
207000019,247,100,147
207000021,885,151,734
207000022,188,120,68
207000023,242,53,189
207000024,12,19,-7
207000025,47,55,-8
207000026,131,56,75
207000027,55,90,-35
207000028,53,233,-180
207000029,282,410,-128
207000033,254,369,-115
207000034,352,100,252
207000039,450,182,268
207000040,316,113,203
207000041,271,64,207
207000042,340,90,250
207000043,422,198,224
207000051,141,280,-139
207000052,119,176,-57
207000053,413,616,-203
207000054,46,129,-83
207000055,212,142,70
207000056,318,356,-38
207000057,148,260,-112
207000058,238,367,-129
207000059,83,565,-482
207000060,100,223,-123
207000061,293,487,-194
207000062,282,48,234
207000063,283,154,129
207000064,621,198,423
207000065,485,221,264
207000066,211,175,36
207000067,72,110,-38
207000068,170,59,111
207000069,769,459,310
207000082,16,263,-247
207000083,114,280,-166
207000084,242,243,-1
207000085,156,11,145
207000086,148,5,143
207000106,40,42,-2
207000107,113,32,81
207000108,71,26,45
207000109,72,15,57
207000110,131,106,25
207000111,76,72,4
207000112,198,594,-396
207000114,33,51,-18
207000115,34,102,-68
207000116,26,477,-451
207000117,11,122,-111
207000118,10,100,-90
207000119,35,97,-62
207000123,207,24,183
207000124,90,28,62
207000125,83,78,5
207000126,73,106,-33
207000134,69,140,-71
207000135,15,224,-209
207000148,71,341,-270
207000149,85,67,18
207000152,157,396,-239
207000153,1167,1279,-112
207000154,441,150,291
207000159,146,268,-122
207000160,170,541,-371
207000238,1,187,-186
207000242,7,258,-251
207000248,126,50,76
207000249,187,56,131
207000250,922,93,829
207000251,130,83,47
207000252,189,86,103
207000278,107,99,8
207000279,14,207,-193
207000280,510,65,445
207000281,105,1019,-914
207000282,244,80,164
207000283,123,245,-122
207000284,65,193,-128
207000285,89,53,36
207000291,29,135,-106
207000304,199,47,152
207000306,103,452,-349
207000310,75,81,-6
207000353,297,9,288
207000356,19,48,-29
207000357,55,7,48
207000358,34,12,22
207000415,4,294,-290
207000417,48,11,37
207000418,144,162,-18
207000438,0,2,-2
207000439,1205,799,406
207000446,164,7,157
207000460,20,7,13
207000466,218,193,25
207000467,270,115,155
207000468,58,468,-410
207000476,13,90,-77
207000477,658,120,538
207000478,5,50,-45
207000523,0,16,-16
207000524,84,41,43
207000527,93,194,-101
207000530,445,12,433
207000531,389,13,376
207000532,166,30,136
207000534,529,67,462
207000535,70,386,-316
207000537,340,166,174
207000540,11,286,-275
207000541,2,499,-497
207000548,38,429,-391
207000549,705,16,689
207000561,183,231,-48
207000562,42,276,-234
207000567,224,263,-39
207000568,171,110,61
207000569,466,1104,-638
207000584,448,322,126
207000585,106,572,-466
207000616,1,170,-169
207000617,214,2,212
207900008,227,118,109
208000001,793,942,-149
208000002,1173,521,652
208000003,1060,435,625
208000004,1684,599,1085
208000005,9,29,-20
208000019,629,1504,-875
208000020,181,665,-484
208000021,255,489,-234
208000022,1066,619,447
208000028,2348,1186,1162
208000033,599,1013,-414
208000034,1249,1682,-433
208000037,287,15,272
208000040,179,211,-32
208000041,1061,781,280
208000042,1542,953,589
208000047,135,252,-117
208000064,3642,1711,1931
208000066,2630,2509,121
208000070,331,476,-145
208000071,391,990,-599
208000072,364,1641,-1277
208000080,291,317,-26
208000081,287,168,119
208000082,298,319,-21
208000083,196,419,-223
208000084,43,25,18
208000085,1156,679,477
208000086,507,1091,-584
208000087,574,907,-333
208000089,927,493,434
208000090,838,877,-39
208000093,135,122,13
208000094,1330,532,798
208000095,790,536,254
208000104,1200,1211,-11
208000105,1253,1387,-134
208000114,151,301,-150
208000115,535,569,-34
208000116,510,1218,-708
208000117,145,165,-20
208000118,106,135,-29
208000155,950,1089,-139
208000158,1610,3708,-2098
208000186,4599,4211,388
208000204,625,1019,-394
208000205,1195,1323,-128
208000282,6968,2996,3972
209000004,765,205,560
209000005,78,38,40
209000006,438,131,307
209000007,284,324,-40
209000010,512,160,352
209000011,226,312,-86
209000012,634,222,412
209000013,581,514,67
209000014,632,1450,-818
209000025,287,46,241
209000026,628,110,518
209000027,561,1026,-465
209000028,483,840,-357
209000029,651,824,-173
209000030,543,1655,-1112
209000031,3122,2570,552
209000034,175,182,-7
209000035,110,125,-15
209000036,158,111,47
209000037,228,188,40
209000038,126,158,-32
209000039,76,138,-62
209000040,343,595,-252
209000041,199,488,-289
209000042,245,486,-241
209000043,828,1016,-188
209000044,196,881,-685
209000045,1520,825,695
209000046,529,1331,-802
209000047,604,312,292
209000048,517,393,124
209000049,126,151,-25
209000050,219,236,-17
209000051,348,390,-42
209000052,183,348,-165
209000062,39,109,-70
209000063,70,95,-25
209000064,59,111,-52
209000065,95,45,50
209000066,60,35,25
209000067,87,39,48
209000080,30,313,-283
209000082,76,34,42
209000091,44,129,-85
209000093,82,35,47
209000094,233,269,-36
209000110,25,110,-85
209000111,515,1558,-1043
209000112,896,1150,-254
209000113,1692,1155,537
209000114,709,578,131
209000115,107,160,-53
209000116,753,562,191
209000118,27,43,-16
209000119,28,8,20
209000121,134,613,-479
209000135,67,154,-87
209000142,603,1273,-670
209000143,101,102,-1
209000144,53,124,-71
209000229,316,358,-42
209000240,28,414,-386
209000259,96,145,-49
209000260,56,1154,-1098
209000261,9,709,-700
209000262,5,577,-572
209000263,0,167,-167
209000264,0,133,-133
209000265,1214,8,1206
209000266,498,11,487
209000267,1144,21,1123
209000268,999,85,914
210000037,96,36,60
210000047,88,23,65
210000048,84,27,57
210000049,81,15,66
210000052,51,111,-60
210000053,21,71,-50
210000054,65,78,-13
210000070,188,4,184
210000071,109,1,108
210000072,44,0,44
210000073,1,32,-31
210000074,0,133,-133
210000075,6,99,-93
210000076,32,158,-126
210000077,16,27,-11
210000078,32,32,0
210000079,21,12,9
210000080,72,50,22
210000081,239,33,206
210000082,166,3,163
210000083,117,0,117
210000084,30,0,30
210000085,2,84,-82
210000086,3,152,-149
210000099,53,275,-222
210000100,54,235,-181
210000101,107,189,-82
210000105,61,189,-128
210000159,3,142,-139
210000163,203,206,-3
210000164,221,174,47
210000168,152,38,114
210000187,0,22,-22
210000188,1,29,-28
210000214,59,0,59
210000219,32,46,-14
210000220,75,72,3
210000232,7,23,-16
210000233,38,66,-28
210000234,32,119,-87
210000235,52,116,-64
210000245,2,37,-35
210000246,47,2,45
210000258,13,105,-92
210000259,622,89,533
210000282,186,242,-56
210000285,1,97,-96
210000286,13,209,-196
210000290,6,19,-13
210000295,62,123,-61
210000296,24,42,-18
210000320,182,105,77
210000321,140,86,54
210000338,69,80,-11
210000339,421,1169,-748
210000340,160,369,-209
210000341,247,272,-25
210000342,214,171,43
210000343,194,203,-9
210000344,200,95,105
210000345,171,152,19
210000346,69,95,-26
210000347,130,28,102
210000348,171,14,157
210000349,110,16,94
210000350,108,57,51
210000351,132,108,24
210000352,51,79,-28
210000353,38,99,-61
210000354,126,99,27
210000355,49,92,-43
210000356,39,53,-14
210000357,102,26,76
210000358,304,101,203
210000359,99,84,15
210000360,140,140,0
210000361,166,190,-24
210000362,216,211,5
210000363,705,234,471
210000364,159,214,-55
210000365,151,84,67
210000366,124,69,55
210000367,125,50,75
210000368,176,70,106
210000369,13,15,-2
210000370,60,38,22
210000372,32,30,2
210000373,36,13,23
210000374,58,9,49
210000375,31,58,-27
210000376,80,136,-56
210000404,83,126,-43
210000439,20,62,-42
210000472,85,5,80
210000482,84,86,-2
210000564,541,329,212
210000567,2,24,-22
210000568,400,6,394
211000092,83,101,-18
211000094,19,13,6
211000169,272,29,243
211000172,26,252,-226
211000209,5,30,-25
211000226,20,24,-4
211000270,19,11,8
211000275,23,17,6
211000276,162,60,102
211000279,50,41,9
211000281,43,68,-25
211507980,1,56,-55
211977296,55,12,43
212000003,119,37,82
212000004,44,19,25
212000005,25,35,-10
212000006,60,67,-7
212000008,118,143,-25
212000009,41,115,-74
212000012,75,107,-32
212000013,17,79,-62
212000014,266,194,72
212000015,267,299,-32
212000016,453,581,-128
212000027,496,513,-17
212000028,335,434,-99
212000029,253,286,-33
212000030,52,36,16
212000031,83,63,20
212000048,54,123,-69
212000049,21,96,-75
212000050,23,9,14
212000051,176,220,-44
212000052,180,344,-164
212000053,409,692,-283
212000054,230,150,80
212000055,249,228,21
212000056,16,33,-17
212000057,17,33,-16
212000058,268,37,231
212000070,112,312,-200
212000077,189,760,-571
212000099,311,240,71
212000108,171,177,-6
212000111,179,108,71
212000120,119,50,69
212000138,136,29,107
212000156,11,126,-115
212000158,19,24,-5
212000159,344,49,295
212000160,563,278,285
212000161,59,6,53
212000310,54,15,39
212000311,15,59,-44
212000374,32,12,20
213000001,40,576,-536
213000005,495,185,310
213000006,1105,418,687
213000007,233,20,213
213000009,869,500,369
213000010,205,312,-107
213000011,280,166,114
213000012,188,452,-264
213000014,83,11,72
213000015,315,11,304
213000016,1106,4,1102
213000017,57,0,57
213000018,4,214,-210
213000019,1,201,-200
213000020,139,448,-309
213000021,5,138,-133
213000023,320,183,137
213000033,396,1962,-1566
213000034,986,437,549
213000035,126,265,-139
213000045,206,316,-110
213000046,288,252,36
213000047,800,1454,-654
213000056,239,46,193
213000069,118,2,116
213000073,4,46,-42
213000074,100,517,-417
213000075,554,15,539
213000076,63,2,61
213000085,13,43,-30
213000086,23,169,-146
213000091,142,23,119
213000092,142,22,120
213000099,172,1258,-1086
213000100,1291,269,1022
213000101,315,190,125
213000102,473,431,42
213000103,945,1083,-138
213000104,62,522,-460
213000105,3,128,-125
213000106,137,207,-70
213000107,196,665,-469
213000108,45,595,-550
213000109,5,324,-319
213000110,11,116,-105
213000111,11,61,-50
213000112,156,135,21
213000115,69,12,57
213000116,78,544,-466
213000117,12,938,-926
213000118,420,364,56
213000119,59,799,-740
213000120,135,650,-515
213000122,186,705,-519
213000123,493,1621,-1128
213000124,132,1558,-1426
213000125,137,30,107
213000126,139,201,-62
213000127,169,260,-91
213000128,693,1168,-475
213000129,473,520,-47
213000130,573,283,290
213000132,329,136,193
213000133,505,143,362
213000134,728,15,713
213000136,634,27,607
213000137,773,74,699
213000139,636,26,610
213000147,127,8,119
213000148,38,11,27
213000149,73,8,65
213000150,0,121,-121
213000151,7,90,-83
213000152,1,104,-103
213000153,5,85,-80
213000154,29,279,-250
213000155,53,309,-256
213000156,131,635,-504
213000157,542,483,59
213000158,383,1281,-898
213000159,686,753,-67
213000163,731,150,581
213000165,844,264,580
213000171,2,123,-121
213000172,5,403,-398
213000173,2,283,-281
213000174,2,201,-199
213000175,17,146,-129
213000176,62,43,19
213000177,79,4,75
213000178,147,5,142
213000179,199,2,197
213000180,175,0,175
213000184,148,537,-389
213000188,467,113,354
213000189,345,54,291
213000190,1068,909,159
213000191,318,517,-199
213000192,238,496,-258
213000193,1013,323,690
213000194,2,76,-74
213000195,17,443,-426
213000196,260,1503,-1243
213000197,456,763,-307
213000198,102,0,102
213000200,171,1065,-894
213000201,94,36,58
213000202,9,626,-617
213000203,3673,823,2850
213000204,703,96,607
213000205,528,143,385
213000206,738,73,665
213000207,215,20,195
213000208,138,2,136
213000209,180,5,175
213000210,659,2,657
213000211,5,20,-15
213000212,15,29,-14
213000213,19,55,-36
213000218,256,750,-494
213000219,450,17,433
213000220,479,12,467
213000223,206,272,-66
213000224,56,46,10
213000225,95,17,78
213000226,83,10,73
213000227,1110,232,878
213000228,865,116,749
213000229,472,36,436
213000230,426,21,405
213000232,126,820,-694
213000233,14,172,-158
213000234,9,42,-33
213000293,6,98,-92
213000294,142,16,126
213000295,10,125,-115
213000296,96,25,71
213000297,9,112,-103
213000298,38,136,-98
213000299,120,57,63
213000300,25,12,13
213000303,5,29,-24
213000304,3,14,-11
213000305,9,17,-8
213000306,54,39,15
213000307,219,107,112
213000308,146,265,-119
213000309,209,85,124
213000310,544,187,357
213000311,360,827,-467
213000315,79,166,-87
213000316,134,81,53
213000322,146,146,0
213000323,82,79,3
213000324,63,66,-3
213000325,44,117,-73
213000326,31,29,2
213000327,37,80,-43
213000328,23,150,-127
213000329,86,71,15
213000340,152,690,-538
213000341,530,142,388
213000346,268,294,-26
213000347,825,506,319
213000348,17,179,-162
213000349,29,17,12
213000350,347,1414,-1067
213000366,104,416,-312
213000367,232,40,192
213000379,121,99,22
213000386,16,280,-264
213000406,98,582,-484
213000417,1266,500,766
213000425,158,36,122
213000426,204,70,134
213000427,66,296,-230
213000428,59,288,-229
213000429,44,5,39
213000430,113,1114,-1001
213000431,202,0,202
213000432,2,23,-21
213000433,31,219,-188
213000434,126,179,-53
213000435,117,82,35
213000436,33,77,-44
213000437,4,30,-26
213000438,182,106,76
213000439,59,29,30
213000440,13,352,-339
213000441,7,1,6
213000442,5,35,-30
213000443,541,396,145
213000444,64,70,-6
213000445,1,103,-102
213000446,3,19,-16
213000447,3,48,-45
213000448,7,146,-139
213000449,366,12,354
213000450,18,67,-49
213000451,291,149,142
213000452,42,30,12
213000453,59,401,-342
213000455,526,24,502
213000456,0,289,-289
213000481,23,5,18
213000482,93,5,88
213000489,540,100,440
213000491,3,144,-141
213000492,347,0,347
213000493,0,84,-84
213000494,265,186,79
213000495,2,160,-158
213000496,392,203,189
213000497,51,363,-312
213000498,145,268,-123
213000499,201,695,-494
213000500,473,133,340
213000501,94,35,59
213000502,276,200,76
213000503,1,104,-103
213000504,23,139,-116
213000505,23,3,20
213000506,0,7,-7
213000507,1,165,-164
213900016,0,15,-15
213900244,64,0,64
213900245,0,40,-40
218000003,25,26,-1
218000004,42,29,13
218000005,301,52,249
218000006,51,33,18
218000007,11,27,-16
218000012,273,214,59
218000013,148,150,-2
218000014,479,475,4
218000019,849,673,176
218000020,251,529,-278
218000021,29,60,-31
218000022,4,29,-25
218000023,7,28,-21
218000024,2,13,-11
218000025,10,15,-5
218000026,9,39,-30
218000027,1,18,-17
218000028,6,3,3
218000029,9,6,3
218000030,22,49,-27
218000031,11,39,-28
218000032,6,43,-37
218000040,22,14,8
218000046,76,96,-20
218000047,17,153,-136
218000048,91,125,-34
218000049,141,127,14
218000050,420,255,165
218000051,130,279,-149
218000052,0,136,-136
218000053,0,7,-7
218000054,11,38,-27
218000055,4,9,-5
218000056,16,43,-27
218000057,5,45,-40
218000064,1,33,-32
218000065,60,73,-13
218000066,16,78,-62
218000067,55,99,-44
218000068,177,117,60
218000069,294,178,116
218000070,288,299,-11
218000071,220,196,24
218000072,288,211,77
218000078,714,1186,-472
218000079,147,123,24
218000080,129,153,-24
218000081,356,295,61
218000082,66,139,-73
218000083,53,72,-19
218000084,150,179,-29
218000085,172,502,-330
218000086,102,191,-89
218000087,169,286,-117
218000090,18,148,-130
218000091,911,617,294
218000092,87,188,-101
218000093,55,109,-54
218000094,392,693,-301
218000099,374,722,-348
218000100,271,364,-93
218000101,365,165,200
218000102,371,291,80
218000103,116,183,-67
218000104,83,53,30
218000105,19,24,-5
218000106,13,9,4
218000107,54,124,-70
218000108,7,58,-51
218000112,78,38,40
218000117,80,59,21
218000134,584,914,-330
218000135,51,123,-72
218000136,310,131,179
218000137,295,177,118
218000138,36,146,-110
218000139,233,327,-94
218000140,481,260,221
218000141,134,90,44
218000142,328,238,90
218000143,149,244,-95
218000144,78,85,-7
218000145,337,413,-76
218000146,81,204,-123
218000151,15,29,-14
218000152,163,74,89
218000153,18,7,11
218000154,21,1,20
218000155,18,2,16
218000156,69,14,55
218000157,26,13,13
218000158,8,7,1
218000159,3,4,-1
218000160,8,6,2
218000161,15,4,11
218000162,29,7,22
218000163,17,4,13
218000164,23,8,15
218000165,60,34,26
218000170,9,45,-36
218000171,65,23,42
218000172,20,9,11
218000173,92,8,84
218000174,43,9,34
218000176,214,52,162
218000177,290,350,-60
218000178,57,260,-203
218000179,58,102,-44
218000180,88,41,47
218000181,134,68,66
218000187,9,28,-19
218000188,20,58,-38
218000189,42,74,-32
218000190,20,34,-14
218000191,171,92,79
218000192,221,335,-114
218000193,421,448,-27
218000194,99,423,-324
218000195,110,76,34
218000196,332,296,36
218000197,314,355,-41
218000198,28,171,-143
218000199,70,36,34
218000200,77,45,32
218000201,9,23,-14
218000202,97,273,-176
218000207,5,37,-32
218000208,53,42,11
218000211,53,10,43
218000212,1,22,-21
218000213,121,133,-12
218000214,5,30,-25
218000215,70,64,6
218000217,9,105,-96
218000218,265,78,187
218000219,66,21,45
218000220,90,384,-294
218000221,749,240,509
218000222,44,41,3
218000223,31,374,-343
218000224,5,174,-169
218000225,140,36,104
218000226,123,76,47
218000230,0,7,-7
218000232,121,95,26
218000239,279,31,248
218000240,28,1,27
218000241,86,1,85
218000242,94,4,90
218000243,233,3,230
218000244,67,4,63
218000245,588,0,588
218000246,28,0,28
218000247,10,1,9
218000248,1,23,-22
218000249,0,5,-5
218000250,4,15,-11
218000251,6,18,-12
218000252,4,31,-27
218000253,0,20,-20
218000254,1,14,-13
218000255,2,22,-20
218000256,16,47,-31
218000267,692,1178,-486
218000268,16,56,-40
218000269,4,19,-15
218000270,76,70,6
218000271,16,79,-63
218000273,20,6,14
218000274,13,11,2
218000275,38,72,-34
218000276,10,45,-35
218000278,34,38,-4
218000279,92,59,33
218000280,19,24,-5
218000281,23,15,8
218000282,452,420,32
218000284,118,12,106
218000301,106,129,-23
218000302,174,49,125
218000303,52,67,-15
218000316,700,1175,-475
218000317,1068,1280,-212
218000318,562,864,-302
218000319,1051,1307,-256
218000320,727,750,-23
218000338,51,25,26
218000345,193,51,142
218000346,37,224,-187
218000459,54,294,-240
218000490,49,31,18
218000501,133,121,12
218000502,42,100,-58
218000503,73,43,30
218000504,159,50,109
218000505,62,156,-94
218000506,45,256,-211
218000508,14,11,3
218000510,141,11,130
218000520,110,78,32
218000521,10,59,-49
218000522,1,164,-163
218000523,112,3,109
218000524,53,167,-114
218000525,167,37,130
218000526,47,154,-107
218000529,44,199,-155
218000530,10,3,7
218000531,12,55,-43
218000532,58,35,23
218000534,139,9,130
218000537,36,69,-33
218000538,341,262,79
218000540,808,111,697
218000543,132,60,72
218000544,57,126,-69
218000545,40,69,-29
218000546,33,91,-58
218000547,118,165,-47
218000548,135,128,7
218000549,498,381,117
218000550,212,411,-199
218000551,164,811,-647
218000552,519,52,467
218000553,41,83,-42
218000554,29,34,-5
218000555,42,35,7
218000556,152,330,-178
218000557,232,114,118
218000558,78,0,78
218000559,0,45,-45
218000560,0,38,-38
218000561,15,0,15
218000562,24,251,-227
218000563,247,23,224
218000564,10,151,-141
218000565,239,35,204
218000566,355,30,325
218000567,2,111,-109
218000568,55,1,54
218000569,22,129,-107
218000570,124,12,112
218000571,0,147,-147
218000572,133,3,130
218000573,16,131,-115
218000574,131,51,80
218000575,102,1,101
218000576,0,85,-85
218000577,124,8,116
218000578,0,91,-91
218000579,193,10,183
218000581,10,92,-82
218000582,68,9,59
218000583,17,0,17
218000584,3,34,-31
218000585,50,9,41
218000586,8,53,-45
218000587,9,1,8
218000588,1,2,-1
218000589,1,5,-4
218000590,5,2,3
218000591,7,9,-2
218000592,68,1,67
218000593,0,0,0
218000594,0,1,-1
218000595,0,0,0
218000596,0,0,0
218000597,0,0,0
218000598,1,1,0
218000599,0,0,0
218000600,90,0,90
218000601,0,0,0
218000602,0,18,-18
218000603,0,7,-7
218000604,79,52,27
218000605,0,140,-140
218000606,197,0,197
218000607,10,59,-49
218000608,48,29,19
218000609,10,65,-55
218000610,65,8,57
218000611,49,3,46
218000612,2,30,-28
218000613,59,1,58
218000614,5,43,-38
218000615,196,4,192
218000616,26,187,-161
218000617,31,3,28
218000618,5,19,-14
218000619,66,67,-1
218000620,19,20,-1
218000621,1,2,-1
218000622,0,31,-31
218000623,314,6,308
218000624,32,24,8
218000625,37,10,27
218000626,0,10,-10
218000628,122,63,59
218000631,25,11,14
218000632,3,97,-94
218000633,134,1,133
218000634,4,24,-20
218000635,9,17,-8
218000636,958,1702,-744
218000637,1018,575,443
218000638,188,51,137
218000639,23,201,-178
218000640,273,35,238
218000641,108,439,-331
218000652,67,104,-37
218000653,137,71,66
218000663,8,119,-111
218000675,52,63,-11
218000676,3,32,-29
218000677,9,7,2
218000680,297,499,-202
218000681,400,100,300
218000691,147,287,-140
218000693,239,149,90
218000703,18,36,-18
218000718,947,1087,-140
218000719,1657,602,1055
218000720,22,161,-139
218000721,281,7,274
218000725,10,16,-6
218001214,32,82,-50
218001258,178,7,171
218001329,109,82,27
218001330,84,100,-16
218001351,26,7,19
218001352,25,18,7
218001353,22,8,14
218001354,2,21,-19
218001356,337,33,304
218001358,297,20,277
218001361,222,61,161
219000001,68,37,31
219000002,53,82,-29
219000003,64,24,40
219000004,30,40,-10
219000017,136,26,110
219000020,270,453,-183
219000022,139,75,64
219000023,1075,27,1048
219000029,0,87,-87
219000034,39,17,22
219000039,111,115,-4
219000040,64,45,19
219000041,106,26,80
219000051,0,43,-43
219000052,0,36,-36
219000053,0,177,-177
219000054,45,86,-41
219000055,149,0,149
219000056,24,1,23
219000057,65,5,60
219000062,14,99,-85
219000063,92,7,85
219000064,4,97,-93
219000110,644,72,572
219000111,180,64,116
219000112,224,112,112
219000113,123,318,-195
219000114,280,970,-690
219000116,90,113,-23
219000117,187,80,107
219000118,1431,74,1357
219000123,264,146,118
219000124,240,56,184
219000125,11,8,3
219000126,159,106,53
219000127,0,5,-5
219000128,11,98,-87
219000129,17,116,-99
219000130,493,464,29
219000131,620,884,-264
219000133,102,45,57
219000134,20,17,3
219000135,33,65,-32
219000136,146,205,-59
219000138,110,18,92
219000139,28,58,-30
219000140,42,3,39
219000141,24,127,-103
219000142,13,96,-83
219000143,20,106,-86
219000145,31,44,-13
219000146,6,22,-16
219000147,2,45,-43
219000148,3,51,-48
219000149,11,120,-109
219000150,1,77,-76
219000151,3,58,-55
219000157,319,186,133
219000158,351,252,99
219000161,149,10,139
219000163,1465,641,824
219000166,280,231,49
219000167,264,239,25
219000168,317,226,91
219000174,397,154,243
219000175,76,7,69
219000176,109,8,101
219000177,53,5,48
219000178,66,5,61
219000179,28,7,21
219000180,39,29,10
219000182,152,31,121
219000183,98,46,52
219000184,117,12,105
219000185,2,67,-65
219000186,50,53,-3
219000187,67,109,-42
219000189,133,176,-43
219000190,201,258,-57
219000191,967,1204,-237
219000192,204,151,53
219000193,360,154,206
219000195,2,64,-62
219000196,12,124,-112
219000198,25,139,-114
219000199,85,387,-302
219000200,52,348,-296
219000201,83,352,-269
219000203,81,152,-71
219000204,451,191,260
219000205,166,167,-1
219000207,132,309,-177
219000209,40,90,-50
219000210,68,120,-52
219000213,9,167,-158
219000239,218,266,-48
219000240,310,415,-105
219000241,142,219,-77
219000242,73,146,-73
219000243,130,266,-136
219000244,51,96,-45
219000245,33,47,-14
219000246,51,18,33
219000247,174,29,145
219000248,718,334,384
219000249,119,113,6
219000250,141,120,21
219000251,567,250,317
219000252,190,200,-10
219000253,569,100,469
219000255,130,101,29
219000256,476,86,390
219000257,112,0,112
219000262,365,153,212
219000263,67,179,-112
219000267,5,132,-127
219000268,2,7,-5
219000269,5,2,3
219000270,11,0,11
219000271,74,1,73
219000278,12,7,5
219000279,27,9,18
219000283,0,13,-13
219000295,11,122,-111
219000296,83,624,-541
219000297,15,114,-99
219000298,25,196,-171
219000299,428,120,308
219000300,37,220,-183
219000301,255,428,-173
219000302,42,288,-246
219000307,61,52,9
219000308,32,158,-126
219000311,175,71,104
219000312,690,115,575
219000313,435,64,371
219000314,38,472,-434
219000315,248,53,195
219000316,569,67,502
219000317,85,27,58
219000320,0,72,-72
219000321,0,24,-24
219000323,4,78,-74
219000325,1,22,-21
219000326,59,86,-27
219000327,53,53,0
219000328,32,62,-30
219000329,307,113,194
219000330,64,37,27
219000331,37,50,-13
219000332,124,108,16
219000333,27,10,17
219000335,88,3,85
219000337,35,2,33
219000338,119,0,119
219000344,102,68,34
219000345,69,87,-18
219000346,25,135,-110
219000348,112,116,-4
219000349,37,227,-190
219000350,112,179,-67
219000351,9,6,3
219000352,419,155,264
219000353,78,47,31
219000354,230,120,110
219000355,206,76,130
219000356,1376,1386,-10
219000363,307,67,240
219000364,76,39,37
219000365,110,18,92
219000366,281,316,-35
219000368,353,641,-288
219000370,1249,457,792
219000371,8,26,-18
219000382,11,26,-15
219000383,673,928,-255
219000385,721,487,234
219000386,827,1454,-627
219000387,2,10,-8
219000390,9,2,7
219000391,2,10,-8
219000397,67,63,4
219000398,69,140,-71
219000401,12,124,-112
219000402,127,162,-35
219000403,215,364,-149
219000404,28,157,-129
219000407,7,52,-45
219000409,52,69,-17
219000410,233,66,167
219000411,59,27,32
219000446,245,421,-176
219000447,2,21,-19
219000448,36,12,24
219000452,143,69,74
219000453,73,142,-69
219000454,298,270,28
219000556,214,106,108
219000558,372,234,138
219000590,55,167,-112
219000591,88,94,-6
219000592,109,352,-243
219000595,7,23,-16
219000635,258,74,184
219000636,26,79,-53
219000657,22,57,-35
219000658,35,94,-59
219000673,0,35,-35
219000676,144,14,130
219000679,56,9,47
219000684,105,2,103
219000685,2,70,-68
219000686,3,5,-2
219000688,0,94,-94
219000689,26,267,-241
219000690,172,37,135
219000691,70,252,-182
219000692,139,40,99
219000693,0,23,-23
219000694,16,1,15
219000695,61,1,60
219000698,18,0,18
219000699,0,19,-19
219000727,3,110,-107
219000728,319,3,316
219000770,59,2,57
219000771,1,31,-30
219000788,467,141,326
219001150,10,26,-16
219001151,1,0,1
219001166,39,27,12
219001167,8,115,-107
219001178,80,5,75
220000001,62,72,-10
220000002,13,112,-99
220000003,845,254,591
220000004,966,588,378
220000005,1755,1975,-220
220000006,375,1032,-657
220000007,418,578,-160
220000008,402,971,-569
220000009,320,445,-125
220000010,399,152,247
220000011,633,3415,-2782
220000012,108,368,-260
220000014,141,51,90
220000015,62,156,-94
220000017,54,338,-284
220000018,5554,2581,2973
220000019,136,301,-165
220000020,660,359,301
220000021,661,260,401
220000022,758,483,275
220000023,368,187,181
220000024,2003,374,1629
220000025,1144,874,270
220000026,312,295,17
220000027,82,113,-31
220000028,36,51,-15
220000029,95,187,-92
220000030,147,89,58
220000031,432,350,82
220000064,15,1240,-1225
221000046,10,0,10
221000047,0,3,-3
221000048,1,3,-2
221000049,0,12,-12
221000050,52,0,52
221000055,65,46,19
221000057,74,23,51
221000068,294,101,193
221000069,258,58,200
221000070,169,29,140
221000071,55,7,48
221000072,172,9,163
221000073,299,51,248
221000074,2,31,-29
221000075,24,21,3
221000076,25,47,-22
221000077,38,145,-107
221000081,21,13,8
221000082,55,15,40
221000083,52,10,42
221000084,10,6,4
221000085,95,83,12
221000086,18,135,-117
221000087,4,182,-178
221000088,10,186,-176
221000089,54,304,-250
221000090,114,599,-485
221000098,82,7,75
221000099,132,14,118
221000100,67,15,52
221000101,173,13,160
221000102,108,21,87
221000109,9,141,-132
221000110,13,111,-98
221000111,15,199,-184
221000112,8,167,-159
221000113,18,179,-161
221000114,10,146,-136
221000120,37,32,5
221000121,5,25,-20
221000122,63,29,34
221000123,6,16,-10
221000124,37,281,-244
221000155,84,9,75
221000156,100,28,72
221000175,0,6,-6
221000176,2,2,0
221000182,63,19,44
221000241,598,309,289
221000242,253,473,-220
221000243,510,153,357
221000244,320,504,-184
221000245,179,109,70
221000246,63,230,-167
221000247,83,125,-42
221000248,94,158,-64
221000267,55,650,-595
221000325,183,67,116
221000331,7,113,-106
221000338,23,18,5
221000378,127,15,112
221000381,39,68,-29
222000282,13,3,10
222000296,9,48,-39
222000568,220,20,200
222000569,191,33,158
222000570,125,21,104
222000571,239,43,196
222000577,17,155,-138
222000578,35,209,-174
222000579,31,217,-186
222000580,113,1279,-1166
222000599,0,186,-186
222000600,0,462,-462
222000601,9,1481,-1472
222000603,54,49,5
222000604,9,62,-53
222000605,20,39,-19
222000606,3,14,-11
222000607,11,7,4
222000608,33,12,21
222000609,82,285,-203
222000616,309,46,263
222000617,36,29,7
222000618,8,2,6
222000620,41,16,25
222000621,149,17,132
222000623,579,6,573
222000624,366,5,361
222000625,578,58,520
222000636,47,6,41
222000686,79,16,63
222000687,62,55,7
222001066,428,3,425
222001067,10,12,-2
222001068,39,43,-4
222001069,31,65,-34
222001082,15,45,-30
222001083,37,65,-28
222001084,0,29,-29
222001085,0,273,-273
222001111,53,194,-141
222001112,103,49,54
222001313,31,11,20
222001314,10,154,-144
222001464,79,52,27
222001465,30,118,-88
222001484,90,68,22
222001485,31,44,-13
222001494,371,128,243
222001495,180,355,-175
222001496,282,92,190
222001497,130,584,-454
222001502,51,139,-88
222001503,148,78,70
222001504,32,376,-344
222001505,438,33,405
222001506,57,445,-388
222001507,351,22,329
222001510,331,32,299
222001511,42,467,-425
222001514,691,299,392
222001515,340,810,-470
222001518,245,100,145
222001519,54,350,-296
222001527,231,125,106
222001528,69,187,-118
222001529,272,76,196
222001530,42,248,-206
222001533,250,377,-127
222001534,333,121,212
222001535,201,236,-35
222001536,154,356,-202
222001537,339,50,289
222001538,90,636,-546
222001563,620,94,526
222001564,72,630,-558
222001568,483,148,335
222001576,3,0,3
222001579,1,6,-5
222001583,27,224,-197
222001584,86,14,72
222001596,1546,1380,166
222001597,3858,344,3514
222001626,0,237,-237
222001650,218,111,107
222001651,135,131,4
222001914,208,96,112
222001915,88,318,-230
222001968,463,214,249
222001969,555,942,-387
222001970,171,305,-134
222001971,13,43,-30
222001972,5,41,-36
225000001,473,225,248
225000002,915,170,745
225000003,849,95,754
225000004,334,248,86
225000005,175,58,117
225000006,0,203,-203
225000007,2141,1338,803
225000010,307,10,297
225000011,445,891,-446
225000012,192,489,-297
225000013,76,123,-47
225000014,870,92,778
225000015,99,168,-69
225000021,713,201,512
225000027,266,631,-365
225000032,643,192,451
225000042,85,690,-605
225000049,59,83,-24
225000050,62,12,50
225000053,9,314,-305
225000058,686,208,478
225000067,400,154,246
225000068,132,367,-235
225000069,128,447,-319
225000070,91,413,-322
225000071,51,231,-180
225000075,24,1038,-1014
225000076,113,138,-25
225000078,71,62,9
225000085,62,147,-85
225000086,269,70,199
225000087,201,33,168
225000088,12,256,-244
225000089,299,926,-627
225000090,69,461,-392
225000091,182,219,-37
225000092,170,98,72
225000093,492,287,205
225000094,46,288,-242
225000095,292,463,-171
225000096,368,564,-196
225000098,606,350,256
225000099,355,203,152
225000100,283,210,73
225000104,117,454,-337
225000110,16,487,-471
225000111,251,1191,-940
225000112,427,1316,-889
225000113,209,553,-344
225000114,63,308,-245
225000115,1741,691,1050
225000116,1008,216,792
225000117,767,327,440
225000118,907,305,602
225000119,233,95,138
225000120,1141,52,1089
225000121,295,29,266
225000123,661,37,624
225000125,413,192,221
225000126,670,169,501
225000127,699,1072,-373
225000128,380,704,-324
225000132,271,54,217
225000133,267,46,221
225000134,595,172,423
225000135,84,25,59
225000136,244,19,225
225000137,239,55,184
225000138,331,77,254
225000143,66,461,-395
225000144,7,495,-488
225000145,162,59,103
225000146,73,142,-69
225000147,49,289,-240
225000148,6,259,-253
225000149,112,649,-537
225000151,41,316,-275
225000155,350,458,-108
225000156,191,924,-733
225000157,210,365,-155
225000158,65,316,-251
225000171,3,199,-196
225000180,37,1,36
225000181,0,58,-58
225000182,75,30,45
225000185,9,368,-359
225000187,159,353,-194
225000191,132,2,130
225000194,0,8,-8
225000208,1,61,-60
225000209,85,16,69
225000210,12,256,-244
225000217,0,10,-10
225000218,46,2,44
225000223,0,35,-35
225000224,85,0,85
225000225,0,18,-18
225000226,43,0,43
225000227,47,106,-59
225000228,1,18,-17
225000229,0,82,-82
225000230,169,1,168
225000231,1,67,-66
225000232,270,3,267
225000241,78,0,78
225000242,0,29,-29
225000249,3,0,3
225000250,43,1015,-972
225000251,396,36,360
225000254,3,2,1
225000256,13,120,-107
225000257,0,67,-67
226000042,340,439,-99
226000043,68,264,-196
226000044,92,533,-441
226000045,91,472,-381
226000046,283,108,175
226000047,322,85,237
226000048,345,102,243
226000049,218,130,88
226000070,0,66,-66
226000071,2,58,-56
226000072,0,21,-21
226000073,0,15,-15
226000074,0,13,-13
226000084,0,68,-68
226000085,4,13,-9
226000086,3,11,-8
226000087,4,8,-4
226000088,119,61,58
226000090,294,40,254
226000091,38,32,6
226000092,17,13,4
226000093,23,8,15
226000094,11,1,10
226000095,15,23,-8
226000105,10,0,10
226000106,6,0,6
226000107,5,0,5
226000108,39,1,38
226000109,62,8,54
226000124,118,61,57
226000134,604,533,71
226000135,1349,563,786
226000136,1567,412,1155
226000137,18,384,-366
226000138,7,221,-214
226000139,1,29,-28
226000156,121,0,121
226000157,336,4,332
226000163,127,116,11
226000202,22,370,-348
226000231,236,7,229
226000232,53,6,47
227000033,237,42,195
227000036,296,35,261
227000037,306,27,279
227000038,182,36,146
227000084,0,104,-104
227000085,2,54,-52
227000088,41,6,35
227000089,102,1,101
227000090,45,0,45
227000091,9,1,8
227000092,33,1,32
227000093,133,0,133
227000094,41,0,41
227000130,14,53,-39
227000131,82,214,-132
227000132,16,199,-183
227000133,21,219,-198
227000134,15,356,-341
227000152,0,2,-2
227000153,0,39,-39
227000154,0,19,-19
227000155,1,18,-17
227000156,0,11,-11
227000165,7,24,-17
227000196,320,309,11
227000199,320,575,-255
227000230,36,460,-424
227000232,623,27,596
227000242,45,466,-421
227000243,341,50,291
227000245,13,350,-337
227000246,102,430,-328
227000247,321,80,241
227000248,149,30,119
227000249,16,202,-186
227000250,433,102,331
227000251,145,154,-9
227000252,57,345,-288
227000253,109,31,78
227000262,279,39,240
227000266,1080,22,1058
227000267,53,1530,-1477
227000282,9,242,-233
227000284,438,40,398
227000286,2,87,-85
227000287,13,143,-130
227000291,11,601,-590
227000296,359,256,103
227000484,245,26,219
227000485,21,910,-889
227000655,141,20,121
227000656,631,61,570
227000657,155,21,134
227000661,302,15,287
229000265,24,45,-21
229000296,80,18,62
229000297,5,30,-25
229000298,3,154,-151
229000320,27,8,19
229000321,95,10,85
229000412,18,65,-47
229000414,8,67,-59
229000415,33,3,30
229000416,1,8,-7
229000417,4,36,-32
229000419,204,343,-139
229000440,494,61,433
229000442,13,14,-1
229000443,6,3,3
229000444,8,25,-17
229000445,81,10,71
229000446,70,29,41
229000491,1,14,-13
229000492,6,106,-100
229000493,6,91,-85
229000494,34,3,31
229000495,103,19,84
229000496,52,9,43
229000507,0,87,-87
229000508,0,55,-55
229000509,0,69,-69
229000510,5,45,-40
229000511,2,55,-53
229000512,0,40,-40
229000513,0,7,-7
229000514,0,1,-1
229000517,0,4,-4
229000518,11,38,-27
229000519,1,9,-8
229000520,17,43,-26
229000521,40,21,19
229000522,23,7,16
229000523,14,6,8
229000524,3,1,2
229000527,1,1,0
229000528,1,5,-4
229000529,8,1,7
229000530,66,6,60
229000531,39,4,35
229000532,45,1,44
229000533,78,1,77
229000534,54,1,53
229000564,58,4,54
229000565,21,1,20
229000566,0,11,-11
229000567,1,45,-44
229000582,104,1,103
229000583,3,5,-2
229000584,0,40,-40
229000585,2,82,-80
229000718,0,3,-3
229000719,0,0,0
229000720,0,9,-9
229000721,0,13,-13
229000722,0,21,-21
229000723,0,16,-16
229000724,0,3,-3
229000725,0,7,-7
229000738,4,0,4
229000739,6,0,6
229000740,2,0,2
229000741,17,0,17
229000742,5,0,5
229000743,9,0,9
229000744,3,0,3
229000745,2,0,2
229000746,27,0,27
229000847,30,1,29
229000848,25,0,25
229000849,84,0,84
229000851,25,0,25
229000854,0,24,-24
229000856,1,72,-71
229000857,0,33,-33
229000858,0,56,-56
229000919,31,100,-69
229000930,6,318,-312
229000937,72,15,57
229000966,54,17,37
229000981,21,45,-24
229000985,5,35,-30
229000986,3,11,-8
229000987,0,1,-1
229000988,1,8,-7
229000989,18,22,-4
229000990,7,2,5
229000991,7,3,4
229000992,19,20,-1
229000993,200,35,165
229000998,5,71,-66
229000999,56,12,44
229001034,6,35,-29
229001035,13,4,9
229001037,40,1,39
229001042,19,15,4
229001047,4,63,-59
229001050,61,70,-9
229001168,0,18,-18
229001200,7,1,6
229001338,2,81,-79
229001394,141,1,140
229001422,96,18,78
229001423,42,152,-110
229001431,66,42,24
229001432,74,82,-8
229001444,218,51,167
229001445,41,196,-155
229001479,7,3,4
229001503,129,77,52
229001504,110,191,-81
229001505,99,48,51
229001506,114,201,-87
229001509,68,60,8
229001545,60,3,57
229001546,26,110,-84
229001553,76,12,64
229001554,110,137,-27
229001630,87,7,80
229001631,4,32,-28
229001635,0,11,-11
229001636,22,0,22
229001658,1,132,-131
229001659,59,2,57
229001660,7,3,4
229001661,11,22,-11
229001662,13,1,12
229001663,2,37,-35
229002584,238,188,50
229002831,216,180,36
229002841,7,20,-13
229002842,21,32,-11
229002843,104,25,79
229002844,53,60,-7
229002845,15,99,-84
229002846,62,26,36
229002847,1,10,-9
229002848,26,31,-5
229002849,1,66,-65
229002850,10,3,7
229002851,67,190,-123
229002852,403,56,347
229002853,198,28,170
229002854,28,74,-46
229002855,9,36,-27
229002856,64,25,39
229002857,10,137,-127
229002858,21,26,-5
229002859,35,102,-67
229002860,520,41,479
229002861,354,27,327
229002862,107,32,75
229002863,25,18,7
229002864,23,49,-26
229002865,5,11,-6
229002866,15,11,4
229002867,3,49,-46
229002868,15,29,-14
229002869,23,146,-123
229002870,49,13,36
235000066,463,99,364
235000067,101,118,-17
235000072,14,73,-59
235000073,93,428,-335
235000074,55,95,-40
235000080,47,90,-43
235000081,159,170,-11
235000082,154,105,49
235000083,156,144,12
235000084,69,84,-15
235000085,124,81,43
235000089,62,51,11
235000092,60,164,-104
235000093,10,7,3
235000097,4,3,1
235000098,54,22,32
235000099,72,39,33
235000116,77,23,54
235000117,910,19,891
235000133,4,388,-384
235000134,7,155,-148
235000206,12,3,9
235000207,8,3,5
235000208,9,4,5
235000209,9,0,9
235000210,11,2,9
235000212,2,18,-16
235000213,2,9,-7
235000220,2,5,-3
235000221,72,9,63
235000238,18,55,-37
235000239,0,15,-15
235000242,583,459,124
235000245,570,236,334
235000246,10,76,-66
235000284,16,97,-81
235000295,154,13,141
235000305,287,15,272
235000306,185,8,177
235000307,61,5,56
235000308,40,1,39
235000309,63,0,63
235000310,40,1,39
235000311,197,47,150
235000322,0,33,-33
235000323,1,46,-45
235000324,0,20,-20
235000325,2,19,-17
235000326,9,223,-214
235000351,5,52,-47
235000352,24,64,-40
235000353,5,22,-17
235000354,10,38,-28
235000355,17,103,-86
235000356,1219,22,1197
235000357,367,11,356
235000358,138,3,135
235000359,9,4,5
235000360,107,17,90
235000361,61,14,47
235000381,56,262,-206
235000382,145,87,58
235000390,13,6,7
235000391,109,51,58
235000392,177,227,-50
235000393,127,127,0
235000395,115,58,57
235000396,295,107,188
235000400,90,28,62
235000401,34,188,-154
235000405,96,358,-262
235000406,45,319,-274
235000407,196,102,94
235000409,310,186,124
235000410,29,278,-249
235000411,1,59,-58
235000485,0,15,-15
235000486,9,0,9
235000549,166,146,20
235000550,90,196,-106
235000599,109,45,64
235000600,12,15,-3
235000601,15,29,-14
235000602,150,125,25
235000614,0,4,-4
235000648,0,26,-26
235000649,32,5,27
235000685,4,6,-2
235000815,8,19,-11
235000834,0,14,-14
235000855,97,61,36
235000862,35,137,-102
235000891,0,3,-3
235000892,19,0,19
235000901,334,132,202
235000907,10,21,-11
235001010,82,92,-10
235001029,574,408,166
235001030,336,259,77
235001078,76,95,-19
235001079,80,144,-64
235001147,6,50,-44
235001166,17,81,-64
235001167,22,49,-27
235001169,34,289,-255
235001188,0,7,-7
235001189,13,1,12
235001197,4,12,-8
235001200,53,29,24
235001207,174,25,149
235001210,45,93,-48
235001215,22,109,-87
235001239,2,48,-46
235001244,1,9,-8
235016267,0,68,-68
277101746,0,1,-1
277102712,11,0,11
277103813,0,0,0
277103814,0,0,0
277103898,0,0,0
277104249,0,2,-2
277104250,0,3,-3
277104251,0,5,-5
277104252,0,0,0
990011530,1,255,-254
990014944,3,744,-741
990015176,74,2,72
990015618,0,192,-192
990016032,1,593,-592
990032570,9,295,-286
990070001,79,2,77
990070103,0,2,-2
990070601,0,81,-81
990070751,920,11,909
990070766,2,595,-593
990071180,597,234,363
990071343,22,1,21
990071387,0,25,-25
990071823,599,4,595
990072600,3,839,-836
990072964,1,643,-642
990073285,0,1,-1
990074393,2,954,-952
990074870,1330,9,1321
990075106,1625,10,1615
990075746,541,20,521
990076437,1162,1,1161
990076458,1,938,-937
997000007,664,5,659
997000041,0,260,-260
997000058,76,1,75
997000062,70,1,69
997000069,0,6,-6
997000070,0,52,-52
997000100,21,2,19
997000141,23,3102,-3079
997000198,5,1528,-1523
998000475,3,50,-47
998000736,0,218,-218
998000965,0,22,-22
998001031,0,68,-68
998001700,1,49,-48
998001899,0,2,-2
998001900,3,1,2
998003073,3645,31,3614
998101900,0,0,0
998102850,3,167,-164
998501927,1113,520,593
998501929,114,10,104
998501930,82,0,82
998501931,175,39,136
998501932,18,0,18
998501933,141,52,89
998501937,93,73,20
998501944,71,8,63
998501970,234,4,230
998501971,1,90,-89
998501973,1,88,-87
998501974,8,285,-277
998501975,258,5,253
998501976,136,29,107
998501977,1,39,-38
998501978,94,0,94
998501979,0,18,-18
998501980,101,3,98
998501981,32,6,26
998501982,0,108,-108
998502006,0,0,0
998502024,0,4,-4
998502032,0,6,-6
998502062,34,1,33
998502063,0,0,0
998502173,58,0,58
998502269,0,1,-1
998601159,7,199,-192
998601292,0,25,-25
999033574,4,775,-771
999800001,122,25,97
999800002,0,6,-6
999800003,2,0,2
999800004,0,4,-4
999800005,0,9,-9
