ID,insum,outsum,diff
100000001,740,1186,-446
100000002,5630,1450,4180
100000003,9581,4957,4624
100000004,1950,1570,380
100000005,2790,6205,-3415
100000006,964,165,799
100000007,4550,912,3638
100000008,279,816,-537
100000009,733,373,360
100000010,71,79,-8
100000011,1052,138,914
100000012,197,952,-755
100000013,69,307,-238
100000014,629,348,281
100000015,2538,3542,-1004
100000016,1558,1954,-396
100000017,1422,1309,113
100000018,2616,954,1662
100000019,8954,2774,6180
100000020,3500,12210,-8710
100000021,9140,3825,5315
100000022,4884,2562,2322
100000023,10392,2376,8016
100000025,5136,1411,3725
100000028,4170,1402,2768
100000029,415,301,114
100000030,940,157,783
100000031,12483,13219,-736
100000032,4726,7024,-2298
100000033,1803,4450,-2647
100000034,1362,699,663
100000035,3463,1469,1994
100000036,4001,1440,2561
100000037,689,730,-41
100000038,2464,1547,917
100000039,2068,354,1714
100000040,692,253,439
100000041,1748,570,1178
100000042,1502,552,950
100000043,1460,475,985
100000044,464,812,-348
100000045,774,1901,-1127
100000046,1084,2016,-932
100000047,883,1120,-237
100000048,2017,947,1070
100000049,2760,3387,-627
100000051,860,1429,-569
100000053,180,8,172
100000054,510,64,446
100000055,1544,269,1275
100000056,713,814,-101
100000057,2642,1051,1591
100000058,1677,1742,-65
100000059,13,156,-143
100000060,526,737,-211
100000061,3037,883,2154
100000062,2594,851,1743
100000063,856,436,420
100000064,2274,606,1668
100000065,796,1535,-739
100000066,327,1284,-957
100000067,737,1166,-429
100000068,896,2354,-1458
100000069,496,2444,-1948
100000072,446,1426,-980
100000073,2435,1649,786
100000075,842,399,443
100000076,4419,4295,124
100000077,1274,373,901
100000078,134,69,65
100000079,68,109,-41
100000080,32,54,-22
100000081,197,108,89
100000102,8730,2250,6480
100000103,7271,1811,5460
100000104,7648,3131,4517
100000105,5824,1673,4151
100000106,5059,2972,2087
100000107,1603,1231,372
100000108,2173,1628,545
100000109,7876,1816,6060
100000116,2265,1228,1037
100000117,116,78,38
100000118,2701,1521,1180
100000119,1196,909,287
100000121,487,782,-295
100000122,3903,1563,2340
100000123,5108,9219,-4111
100000124,7633,13036,-5403
100000125,4330,1722,2608
100000126,2111,476,1635
100000127,4049,415,3634
100000128,2182,3074,-892
100000129,867,650,217
100000130,462,787,-325
100000131,4363,5892,-1529
100000132,2090,4781,-2691
100000133,9223,4275,4948
100000135,765,1172,-407
100000139,577,322,255
100000140,765,338,427
100000142,590,718,-128
100000143,2378,1089,1289
100000144,6146,1320,4826
100000147,1739,3836,-2097
100000150,78,608,-530
100000151,1299,1401,-102
100000153,1360,633,727
100000154,638,243,395
100000155,46,80,-34
100000156,311,147,164
100000157,55,89,-34
100000158,244,114,130
100000159,973,712,261
100000165,2109,1157,952
100000169,1446,430,1016
100000174,3180,565,2615
100000179,126,747,-621
100000180,7327,2905,4422
100000181,327,335,-8
100000188,195,599,-404
100000189,3347,522,2825
100000190,1204,806,398
100000191,1312,604,708
100000192,138,194,-56
100000193,221,210,11
100000330,2798,1315,1483
100000355,461,1124,-663
100000362,7352,4334,3018
100000363,4592,6240,-1648
100000364,766,227,539
100000365,5535,6291,-756
100000366,8532,3625,4907
100000367,6641,5567,1074
100000368,3372,2415,957
100000369,2066,2274,-208
100000370,442,731,-289
100000376,159,199,-40
100000379,8048,2434,5614
100000380,13108,4237,8871
100000384,11544,7491,4053
100000385,10267,5958,4309
100000386,15387,9158,6229
100000387,13070,7473,5597
100000388,12232,11510,722
100000389,12422,9370,3052
100000390,12642,7189,5453
100000391,9056,11127,-2071
100000392,7516,4077,3439
100000393,4050,4946,-896
100000394,14110,7831,6279
100000395,8208,3072,5136
100000396,9038,3528,5510
100000397,6429,3621,2808
100000398,16101,10853,5248
100900002,75,76,-1
100900003,404,251,153
100900004,53,1333,-1280
100900005,195,24,171
100900006,25,237,-212
100900007,735,31,704
100900008,3,538,-535
100900009,110,122,-12
100900010,185,175,10
100900011,140,551,-411
100900012,3,299,-296
100900013,1402,16,1386
100900014,5,7,-2
100900015,197,259,-62
100900016,7,64,-57
100900017,1354,132,1222
100900018,0,23,-23
100900019,57,358,-301
100900020,682,7,675
100900021,487,2,485
100900022,13,48,-35
100900023,0,93,-93
100900024,1620,9,1611
100900025,18,17,1
100900026,198,227,-29
100900027,755,4389,-3634
100900028,227,284,-57
100900029,121,40,81
100900030,30,48,-18
100900031,841,131,710
100900032,214,3,211
100900033,391,341,50
100900034,605,0,605
100900035,1167,3,1164
100900036,24,1,23
100900037,130,349,-219
100900038,321,22,299
100900039,459,1039,-580
100900040,406,1165,-759
100900041,681,1075,-394
100900042,1149,464,685
100900043,1,26,-25
100900044,4567,807,3760
100900045,298,4,294
100900046,1770,24,1746
100900047,1076,375,701
100900048,251,80,171
100900049,105,273,-168
100900050,3,32,-29
100900051,145,88,57
100900052,621,54,567
100900053,398,34,364
100900054,24,143,-119
100900055,629,798,-169
100900056,213,434,-221
100900057,961,1587,-626
100900058,567,71,496
100900059,185,7,178
100900060,138,11,127
100900061,461,421,40
100900062,6,82,-76
100900063,253,753,-500
100900064,1176,26,1150
100900065,274,150,124
100900066,95,282,-187
100900067,3,19,-16
100900068,293,180,113
100900069,2196,9,2187
100900070,354,4,350
100900071,845,485,360
100900072,4,53,-49
100900073,186,703,-517
100900074,3,26,-23
100900075,3013,610,2403
100900076,53,96,-43
100900077,35,159,-124
100900078,148,863,-715
100900079,10,27,-17
100900080,36,192,-156
100900081,64,299,-235
100900082,108,825,-717
100900083,11,57,-46
100900085,22,126,-104
100900086,399,2562,-2163
100900088,167,1070,-903
100900089,16,37,-21
100900090,230,682,-452
100900091,4,28,-24
100900092,445,394,51
100900093,222,705,-483
100900094,144,921,-777
100900095,16,29,-13
100900096,54,150,-96
100900097,2,7,-5
100900098,32,23,9
100900099,72,799,-727
100900100,40,491,-451
100900101,515,55,460
100900102,144,129,15
100900103,61,19,42
100900104,11,248,-237
100900105,29,421,-392
100900106,94,12,82
100900107,3084,924,2160
100900108,11,42,-31
100900109,21,46,-25
100900110,8,68,-60
100900111,48,265,-217
100900112,5,12,-7
100900113,19,33,-14
100900114,12,39,-27
100900115,21,35,-14
100900116,1114,2003,-889
100900117,434,1058,-624
100900118,74,67,7
100900119,16,39,-23
100900120,3,21,-18
100900121,331,1332,-1001
100900122,170,275,-105
100900123,147,240,-93
100900124,9,12,-3
100900125,27,151,-124
100900126,144,422,-278
100900127,3,9,-6
100900128,172,254,-82
100900129,4,221,-217
100900131,146,321,-175
100900133,121,77,44
100900134,2,9,-7
100900135,2,260,-258
100900137,541,293,248
100900138,972,719,253
100900139,12,22,-10
100900140,3,1000,-997
100900141,7,571,-564
100900142,4,31,-27
100900143,1591,551,1040
100900144,19,22,-3
100900145,220,214,6
100900146,13,102,-89
100900147,34,426,-392
100900148,28,1392,-1364
100900149,19,188,-169
100900150,3,68,-65
100900151,178,680,-502
100900152,237,5,232
100900153,11,217,-206
100900154,80,109,-29
100900155,7,15,-8
100900156,38,5,33
100900157,19,214,-195
100900158,275,81,194
100900159,3,60,-57
100900160,29,22,7
100900161,149,2,147
100900162,31,277,-246
100900163,261,325,-64
100900164,58,109,-51
100900165,37,63,-26
100900166,41,16,25
100900167,36,142,-106
100900168,61,180,-119
100900169,255,1324,-1069
100900170,26,13,13
100900171,36,851,-815
100900172,0,19,-19
100900173,17,869,-852
100900174,792,65,727
100900176,2218,412,1806
100900177,1163,670,493
100900178,967,246,721
100900179,193,244,-51
100900180,1,2,-1
100900181,102,120,-18
100900182,59,23,36
100900184,15,200,-185
100900186,1259,1086,173
100900187,10,134,-124
100900188,45,38,7
100900189,1993,274,1719
100900191,2164,1618,546
100900192,388,373,15
100900195,231,185,46
100900197,44,197,-153
100900198,32,395,-363
100900199,29,24,5
100900200,787,553,234
100900201,189,1253,-1064
100900202,70,1,69
100900203,1,154,-153
100900204,1353,1674,-321
100900205,261,585,-324
100900206,156,98,58
100900207,282,155,127
100900210,117,934,-817
100900211,759,313,446
100900213,99,55,44
100900214,1300,280,1020
100900215,19,75,-56
100900217,173,82,91
101000001,6370,2725,3645
101000002,5594,7171,-1577
101000003,1342,3779,-2437
101000004,14646,14021,625
101000005,6571,9277,-2706
101000006,11437,15192,-3755
101000007,4409,4879,-470
101000008,8814,4998,3816
101000009,2609,2436,173
101000010,1616,2184,-568
101000011,3987,1209,2778
101000012,2784,974,1810
101000013,883,1694,-811
101000014,1137,998,139
101000015,1755,1149,606
101000016,1985,718,1267
101000017,1590,967,623
101000018,8941,3617,5324
101000020,8743,1501,7242
101000021,3952,446,3506
101000022,877,122,755
101000023,3463,1227,2236
101000025,480,637,-157
101000026,513,29,484
101000027,4723,2333,2390
101000028,2142,258,1884
101000029,359,1238,-879
101000030,2346,107,2239
101000031,1174,661,513
101000032,11149,3769,7380
101000033,5948,3948,2000
101000034,7993,2295,5698
101000035,2693,938,1755
101000036,3903,852,3051
101000037,8781,2128,6653
101000039,6467,3855,2612
101000040,7468,4431,3037
101000041,20239,8634,11605
101000042,2085,1581,504
101000043,14862,8788,6074
101000045,2731,1013,1718
101000046,4010,1020,2990
101000047,3363,2520,843
101000048,1963,1477,486
101000049,1637,1842,-205
101000050,4695,3477,1218
101000051,3779,2980,799
101000052,2889,1267,1622
101000053,2339,2354,-15
101000054,3236,1963,1273
101000055,2346,2696,-350
101000056,115,178,-63
101000057,4426,1429,2997
101000058,4383,1637,2746
101000059,7644,1974,5670
101000060,2941,890,2051
101000061,1483,1772,-289
101000062,1467,1160,307
101000063,783,1146,-363
101000064,2233,874,1359
101000065,569,556,13
101000066,741,546,195
101000067,1589,874,715
101000068,768,478,290
101000069,723,110,613
101000070,2042,1520,522
101000071,3360,1390,1970
101000072,1934,6214,-4280
101000073,1058,976,82
101000074,7729,5175,2554
101000075,8857,4185,4672
101000077,1749,1612,137
101000078,1557,2834,-1277
101000079,681,531,150
101000080,790,429,361
101000081,1661,2142,-481
101000082,4786,3631,1155
101000083,2977,3059,-82
101000084,1848,1263,585
101000085,2271,1771,500
101000086,1503,1521,-18
101000087,1261,1829,-568
101000088,1498,1747,-249
101000089,1273,2436,-1163
101000090,3305,1846,1459
101000091,509,1851,-1342
101000092,943,1633,-690
101000093,2333,1348,985
101000094,959,2053,-1094
101000095,366,1247,-881
101000096,447,1028,-581
101000097,1777,547,1230
101000098,1373,862,511
101000099,2248,2371,-123
101000100,1793,1308,485
101000101,894,597,297
101000102,3324,489,2835
101000103,1377,698,679
101000104,726,1037,-311
101000105,2550,616,1934
101000106,2039,1015,1024
101000107,249,574,-325
101000108,2230,520,1710
101000109,317,145,172
101000110,56,1072,-1016
101000111,180,327,-147
101000113,375,1507,-1132
101000114,8547,3787,4760
101000115,284,201,83
101000116,315,300,15
101000117,1748,407,1341
101000119,333,133,200
101000120,360,53,307
101000121,146,63,83
101000122,234,99,135
101000123,118,88,30
101000124,390,236,154
101000125,332,703,-371
101000128,2220,410,1810
101000130,383,396,-13
101000131,1023,968,55
101000132,786,2846,-2060
101000135,143,44,99
101000136,531,138,393
101000137,67,390,-323
101000141,4308,5146,-838
101000147,1452,741,711
101000148,2318,36,2282
101000149,258,223,35
101000150,120,1565,-1445
101000151,184,116,68
101000152,555,578,-23
101000153,913,618,295
101000154,297,2521,-2224
101000155,303,223,80
101000156,47,455,-408
101000157,117,71,46
101000160,153,72,81
101000163,335,164,171
101000164,629,548,81
101000165,427,535,-108
101000166,427,639,-212
101000168,1133,540,593
101000252,2101,1225,876
101000254,856,89,767
101000258,42,22,20
101000261,100,62,38
101000262,3958,1921,2037
101000263,884,1649,-765
101000265,200,903,-703
101000266,788,628,160
101000269,366,18,348
101000290,3868,6230,-2362
101000293,61,101,-40
101000294,855,683,172
101000295,192,920,-728
101000301,1477,542,935
101000304,6270,3899,2371
101000305,5204,2965,2239
101900001,34,99,-65
101900002,0,34,-34
101900003,245,174,71
101900004,13,54,-41
101900005,8425,2400,6025
101900006,1582,150,1432
101900007,1216,133,1083
101900008,333,625,-292
101900009,152,946,-794
101900010,1527,1056,471
101900011,638,2857,-2219
101900012,295,869,-574
101900013,1900,156,1744
101900017,62,282,-220
101900018,3286,459,2827
101900019,429,199,230
101900020,111,175,-64
101900021,2,111,-109
101900022,179,2211,-2032
101900023,177,336,-159
101900026,111,38,73
101900027,3,111,-108
102000001,9549,6523,3026
102000002,6164,2067,4097
102000003,5341,11753,-6412
102000004,11883,5354,6529
102000005,2934,4009,-1075
102000006,3412,3754,-342
102000007,2656,9509,-6853
102000008,8714,3628,5086
102000009,8410,11134,-2724
102000010,8739,8057,682
102000011,5522,3748,1774
102000012,6955,6627,328
102000018,5988,4343,1645
102000019,4342,3460,882
102000026,587,1995,-1408
102000029,538,357,181
102000030,220,724,-504
102000031,76,292,-216
102000032,530,620,-90
102000033,340,720,-380
102000034,833,1101,-268
102000035,2092,1154,938
102000036,21,819,-798
102000037,367,179,188
102000038,677,285,392
102000039,860,131,729
102000040,1077,259,818
102000041,394,515,-121
102000042,595,308,287
102000043,905,422,483
102000044,1970,1064,906
102000045,1510,2045,-535
102000046,2252,1081,1171
102000047,1063,2450,-1387
102000048,495,1520,-1025
102000049,2374,1499,875
102000050,2314,1868,446
102000051,792,1130,-338
102000052,2608,1363,1245
102000053,2379,1456,923
102000054,765,1376,-611
102000055,1063,1343,-280
102000056,942,2813,-1871
102000057,1717,1081,636
102000058,1461,2935,-1474
102000059,2236,2366,-130
102000060,2039,1811,228
102000061,1773,3207,-1434
102000062,2212,2542,-330
102000063,1720,2530,-810
102000064,871,1327,-456
102000065,69,206,-137
102000066,1437,3127,-1690
102000067,4122,5683,-1561
102000068,18188,5297,12891
102000069,99,2258,-2159
102000070,2509,93,2416
102000071,12492,13818,-1326
102000072,4514,7919,-3405
102000073,2177,1540,637
102000074,1109,1796,-687
102000075,332,668,-336
102000076,303,1000,-697
102000077,672,1651,-979
102000078,917,1518,-601
102000079,228,485,-257
102000080,320,428,-108
102000081,438,1059,-621
102000082,1353,500,853
102000083,654,556,98
102000084,215,620,-405
102000085,2886,1972,914
102000086,1606,2614,-1008
102000087,1581,2538,-957
102000088,394,474,-80
102000089,1622,728,894
102000090,796,1479,-683
102000091,2918,820,2098
102000092,459,1416,-957
102000093,1111,948,163
102000094,1548,875,673
102000095,1411,2203,-792
102000096,1197,1425,-228
102000097,1558,1791,-233
102000098,845,1484,-639
102000099,1678,991,687
102000100,1089,1571,-482
102000101,2054,996,1058
102000102,480,5207,-4727
102000103,2367,759,1608
102000104,1752,647,1105
102000105,445,1312,-867
102000106,958,1550,-592
102000107,1341,837,504
102000108,875,554,321
102000109,973,1032,-59
102000110,902,2364,-1462
102000111,17,616,-599
102000112,176,148,28
102000113,23,44,-21
102000114,1776,589,1187
102000115,299,375,-76
102000116,1156,480,676
102000117,483,819,-336
102000118,3381,1574,1807
102000119,3731,1023,2708
102000120,354,811,-457
102000121,1172,822,350
102000122,718,1330,-612
102000123,2032,1717,315
102000124,2224,1594,630
102000125,991,1870,-879
102000126,919,1020,-101
102000127,1445,1118,327
102000128,786,1604,-818
102000129,1814,1211,603
102000130,781,1145,-364
102000131,3103,1297,1806
102000132,1223,1545,-322
102000133,1749,3305,-1556
102000134,889,1408,-519
102000135,1377,2302,-925
102000136,1967,1220,747
102000137,1656,1648,8
102000138,396,736,-340
102000139,334,748,-414
102000140,762,662,100
102000141,885,1175,-290
102000142,457,666,-209
102000143,237,716,-479
102000144,310,566,-256
102000145,492,739,-247
102000146,559,519,40
102000147,619,720,-101
102000148,323,774,-451
102000149,241,995,-754
102000150,328,536,-208
102000151,256,534,-278
102000152,208,337,-129
102000153,1451,709,742
102000154,752,1050,-298
102000155,215,483,-268
102000156,1068,154,914
102000157,298,370,-72
102000158,1326,1063,263
102000159,2250,746,1504
102000161,6041,3373,2668
102000162,489,237,252
102000163,236,796,-560
102000164,1919,1409,510
102000165,421,199,222
102000166,53,262,-209
102000167,334,267,67
102000168,297,152,145
102000169,172,1315,-1143
102000170,1076,249,827
102000171,446,187,259
102000172,563,690,-127
102000173,1116,471,645
102000174,118,62,56
102000175,188,238,-50
102000176,79,69,10
102000178,484,822,-338
102000179,764,353,411
102000180,987,871,116
102000181,638,896,-258
102000182,659,954,-295
102000183,2056,2896,-840
102000184,2126,1312,814
102000185,2952,2088,864
102000186,1377,2919,-1542
102000187,1051,2709,-1658
102000188,1181,2151,-970
102000189,4507,1447,3060
102000190,812,4325,-3513
102000191,1886,969,917
102000192,1455,1977,-522
102000193,105,238,-133
102000194,148,220,-72
102000195,946,787,159
102000196,296,810,-514
102000197,728,637,91
102000198,274,1344,-1070
102000199,1124,552,572
102000200,566,1896,-1330
102000201,868,808,60
102000202,2,202,-200
102000203,520,501,19
102000204,548,1658,-1110
102000205,1551,1041,510
102000206,1304,1170,134
102000207,2446,936,1510
102000208,1040,978,62
102000209,111,89,22
102000210,574,762,-188
102000211,829,774,55
102000212,303,29,274
102000213,5,458,-453
102000214,292,20,272
102000215,8,706,-698
102000216,63,76,-13
102000217,5,249,-244
102000218,291,284,7
102000219,664,470,194
102000225,859,1158,-299
102000226,6342,1861,4481
102000227,384,6,378
102000228,0,158,-158
102000229,57,49,8
102000230,372,912,-540
102000231,459,809,-350
102000232,38,587,-549
102000233,746,1692,-946
102000234,136,1568,-1432
102000236,420,167,253
102000237,1414,334,1080
102000238,260,555,-295
102000240,990,749,241
102000241,404,216,188
102000243,27,145,-118
102000245,71,124,-53
102000246,26,46,-20
102000247,1105,1808,-703
102000248,661,952,-291
102000249,147,261,-114
102000250,66,598,-532
102000254,98,612,-514
102000266,73,357,-284
102000271,71,2,69
102000286,763,710,53
102000297,2921,1731,1190
102000299,0,0,0
102000301,0,3,-3
102000305,0,0,0
102000307,0,48,-48
102000308,0,0,0
102900001,1556,1721,-165
102900002,496,66,430
102900003,56,370,-314
102900005,358,579,-221
102900006,608,351,257
102900007,485,53,432
102900008,270,125,145
102900009,733,364,369
102900010,1075,606,469
102900011,2686,730,1956
102900012,539,108,431
102900013,26,91,-65
102900015,974,545,429
102900016,71,200,-129
102900017,194,944,-750
102900018,40,213,-173
102900019,825,1139,-314
102900020,168,61,107
102900021,38,203,-165
102900022,832,159,673
102900023,21,95,-74
102900024,38,87,-49
102900025,435,147,288
102900026,1289,1844,-555
102900027,84,102,-18
102900028,194,1028,-834
102900029,255,318,-63
102900030,589,438,151
102900031,180,198,-18
102900032,83,163,-80
102900033,152,347,-195
102900034,510,159,351
102900035,200,600,-400
102900036,331,891,-560
102900037,377,1083,-706
102900038,621,1108,-487
102900039,70,573,-503
102900040,177,367,-190
102900041,102,333,-231
102900042,248,567,-319
102900043,198,494,-296
102900044,855,2872,-2017
102900045,155,891,-736
102900046,119,416,-297
102900047,76,1027,-951
102900048,820,943,-123
102900049,173,584,-411
102900050,458,518,-60
102900051,234,330,-96
102900052,81,51,30
102900053,511,1129,-618
102900054,1383,1415,-32
102900055,184,223,-39
102900056,200,668,-468
102900057,4,57,-53
102900058,467,109,358
102900059,26,75,-49
102900060,175,640,-465
102900061,202,782,-580
102900062,272,1785,-1513
102900063,1154,676,478
102900064,254,952,-698
102900065,2582,615,1967
102900066,511,90,421
102900068,194,136,58
102900070,463,1016,-553
102900072,36,53,-17
102900073,261,17,244
102900075,47,72,-25
102900076,352,146,206
102900077,61,72,-11
102900078,84,156,-72
102900079,343,17,326
102900080,470,50,420
102900081,111,376,-265
102900082,5,316,-311
102900083,483,15,468
102900084,6,40,-34
102900085,439,192,247
102900086,14,58,-44
102900087,204,163,41
102900088,108,61,47
102900089,439,226,213
102900090,3,678,-675
102900091,245,10,235
102900092,414,1320,-906
102900093,426,390,36
102900094,1,122,-121
102900095,321,7,314
102900096,84,39,45
102900097,13,219,-206
103000001,3374,4021,-647
103000002,4650,3812,838
103000003,9011,4441,4570
103000004,1306,1107,199
103000005,3291,5421,-2130
103000006,973,2282,-1309
103000007,638,1307,-669
103000008,1969,1413,556
103000009,2033,1855,178
103000010,225,226,-1
103000011,2316,1886,430
103000012,1582,2178,-596
103000013,9093,3076,6017
103000014,1871,4446,-2575
103000015,3708,1098,2610
103000016,688,2419,-1731
103000017,330,660,-330
103000018,1707,705,1002
103000019,319,408,-89
103000020,3714,2192,1522
103000021,3212,2138,1074
103000022,1349,1799,-450
103000023,831,2678,-1847
103000024,150,316,-166
103000025,119,889,-770
103000026,2123,242,1881
103000027,413,977,-564
103000028,883,536,347
103000029,498,543,-45
103000030,2998,1332,1666
103000031,2702,3675,-973
103000032,2556,2660,-104
103000033,3878,4381,-503
103000034,2425,1621,804
103000035,570,2320,-1750
103000036,717,898,-181
103000037,905,820,85
103000038,794,1855,-1061
103000039,451,736,-285
103000040,591,2173,-1582
103000041,2129,3817,-1688
103000042,1264,945,319
103000043,591,1976,-1385
103000044,241,385,-144
103000046,363,954,-591
103000047,945,983,-38
103000048,239,280,-41
103000049,119,297,-178
103000050,1269,1119,150
103000051,730,929,-199
103000052,1219,717,502
103000053,241,885,-644
103000054,3256,1836,1420
103000055,2346,3236,-890
103000056,775,2746,-1971
103000057,411,492,-81
103000058,820,1300,-480
103000059,487,1243,-756
103000060,1006,1157,-151
103000061,526,1529,-1003
103000062,1551,1053,498
103000063,923,1248,-325
103000064,197,433,-236
103000065,6,578,-572
103000066,242,10,232
103000069,396,668,-272
103000070,1297,1549,-252
103000071,1420,563,857
103000072,145,1400,-1255
103000073,837,197,640
103000074,1147,207,940
103000075,157,1298,-1141
103000076,518,545,-27
103000077,106,611,-505
103000078,2730,883,1847
103000079,2309,927,1382
103000080,1706,509,1197
103000081,797,1427,-630
103000082,837,375,462
103000083,172,473,-301
103000084,219,10,209
103000085,4,143,-139
103000086,1487,713,774
103000087,331,877,-546
103000088,705,556,149
103000089,516,943,-427
103000090,2347,1084,1263
103000091,732,611,121
103000092,601,405,196
103000093,405,653,-248
103000094,205,178,27
103000095,95,602,-507
103000096,871,216,655
103000097,123,918,-795
103000098,1324,331,993
103000099,611,742,-131
103000100,150,1307,-1157
103000101,1129,248,881
103000102,169,938,-769
103000103,827,421,406
103000104,124,145,-21
103000105,202,271,-69
103000106,27,117,-90
103000107,431,118,313
103000108,839,812,27
103000109,773,465,308
103000110,633,580,53
103000111,1228,623,605
103000112,883,344,539
103000113,1959,1110,849
103000114,3766,617,3149
103000115,580,832,-252
103000116,582,838,-256
103000117,398,798,-400
103000118,2570,1343,1227
103000119,2432,756,1676
103000120,215,151,64
103000121,643,1083,-440
103000122,746,558,188
103000125,18,614,-596
103000126,693,30,663
103000127,1,309,-308
103000128,236,6,230
103000129,4,244,-240
103000130,52,51,1
103000131,292,184,108
103000132,124,309,-185
103000133,26,194,-168
103000134,1037,1444,-407
103000135,1225,484,741
103000136,1464,594,870
103000137,1218,990,228
103000138,1378,1164,214
103000139,29,120,-91
103000140,341,35,306
103000141,53,158,-105
103000142,187,127,60
103000143,208,258,-50
103000144,220,141,79
103000145,125,115,10
103000150,122,85,37
103000152,703,453,250
103000153,512,238,274
103000156,16,716,-700
103000157,527,9,518
103000159,311,185,126
103000162,220,33,187
103000163,28,45,-17
103000164,60,22,38
103000165,313,611,-298
103000166,310,365,-55
103000167,644,144,500
103000168,140,222,-82
103000169,294,793,-499
103000170,632,881,-249
103000171,45,96,-51
103000172,496,569,-73
103000173,544,1281,-737
103000174,222,561,-339
103000175,192,546,-354
103000176,1539,702,837
103000177,1387,693,694
103000178,471,461,10
103000179,260,49,211
103000183,298,150,148
103000185,142,193,-51
103000186,76,286,-210
103000187,671,1108,-437
103000188,11,65,-54
103000189,2418,1350,1068
103000191,869,1105,-236
103000292,3514,2284,1230
103000293,2169,2402,-233
103000295,175,111,64
103000296,687,16,671
103000297,207,61,146
103000504,264,39,225
103000505,42,42,0
103000506,3,398,-395
103000507,215,5,210
103000508,58,62,-4
103000509,317,863,-546
103900001,7,617,-610
103900002,3311,276,3035
103900003,3041,196,2845
103900004,135,4,131
103900005,18,407,-389
103900006,6,1,5
103900007,75,20,55
103900008,38,21,17
103900009,310,498,-188
103900010,216,440,-224
103900011,284,311,-27
103900012,14,39,-25
103900013,43,104,-61
103900014,55,39,16
103900015,43,32,11
103900016,420,322,98
103900017,51,155,-104
103900018,1000,317,683
103900019,83,403,-320
103900020,323,575,-252
103900021,1248,103,1145
103900022,1571,962,609
103900023,142,2,140
103900024,173,1105,-932
103900025,11,82,-71
103900026,112,0,112
103900027,856,492,364
103900028,38,340,-302
103900029,1379,214,1165
103900030,598,65,533
103900031,39,3,36
103900032,95,76,19
103900033,520,19,501
103900034,35,415,-380
103900035,104,115,-11
103900036,150,31,119
103900037,183,68,115
103900038,125,247,-122
103900039,60,607,-547
103900040,30,290,-260
103900041,63,84,-21
103900042,55,539,-484
103900043,183,220,-37
103900044,366,477,-111
103900045,324,267,57
103900047,68,42,26
103900048,79,24,55
103900049,295,2179,-1884
103900050,11,138,-127
103900051,2,34,-32
103900052,265,796,-531
103900053,255,1807,-1552
103900054,124,916,-792
103900055,555,311,244
103900056,39,89,-50
103900057,48,306,-258
103900058,243,1127,-884
103900059,2,13,-11
103900060,55,303,-248
103900061,146,80,66
103900062,423,145,278
103900063,11,0,11
103900064,111,8,103
103900065,1042,596,446
103900066,179,38,141
103900067,260,9,251
103900068,8,0,8
103900069,200,24,176
103900070,196,459,-263
103900071,27,244,-217
103900072,14,352,-338
103900073,42,43,-1
103900074,96,111,-15
103900075,250,206,44
103900076,510,1177,-667
103900077,97,132,-35
103900078,236,176,60
103900079,214,337,-123
103900080,16,55,-39
103900081,168,34,134
103900082,18,202,-184
103900083,2430,1690,740
103900084,87,236,-149
103900085,149,110,39
103900086,807,484,323
103900087,23,151,-128
103900088,498,565,-67
103900089,53,248,-195
103900090,4,371,-367
103900091,1401,351,1050
103900092,1497,724,773
103900093,125,438,-313
103900094,5,188,-183
103900095,1221,195,1026
103900096,54,311,-257
103900097,8,834,-826
103900098,242,158,84
103900099,76,315,-239
103900100,244,579,-335
103900101,117,1552,-1435
103900102,2,37,-35
103900104,2,55,-53
103900105,171,293,-122
103900106,0,52,-52
103900107,152,417,-265
103900108,61,606,-545
103900109,97,132,-35
103900110,303,77,226
103900111,124,1280,-1156
103900112,34,96,-62
103900113,171,309,-138
103900114,794,475,319
103900115,341,433,-92
103900116,8408,2966,5442
103900117,273,195,78
103900119,50,60,-10
103900120,96,193,-97
103900122,88,468,-380
103900123,2851,781,2070
103900124,74,699,-625
103900125,189,168,21
103900126,550,854,-304
103900127,226,1110,-884
103900128,102,290,-188
103900131,34,183,-149
103900133,1526,74,1452
103900134,0,2,-2
103900135,40,13,27
103900137,0,65,-65
103900138,101,629,-528
103900139,501,2030,-1529
103900140,10,143,-133
103900141,414,156,258
103900142,280,512,-232
103900143,57,9,48
103900144,1,173,-172
103900145,255,524,-269
103900146,451,529,-78
103900147,507,223,284
103900148,259,321,-62
103900149,360,1182,-822
103900150,12686,5736,6950
103900151,74,253,-179
103900152,505,848,-343
103900153,15,1,14
103900154,2143,3230,-1087
103900155,32,355,-323
103900156,37,291,-254
103900157,69,511,-442
103900158,85,353,-268
103900159,140,149,-9
103900160,72,36,36
103900161,119,368,-249
103900162,66,440,-374
103900163,12,769,-757
103900167,47,165,-118
103900168,199,239,-40
103900169,75,100,-25
103900170,3,132,-129
103900171,1,95,-94
103900172,5,47,-42
103900173,15,25,-10
103900174,186,144,42
103900175,95,102,-7
103900176,11,42,-31
103900177,15,64,-49
103900178,64,145,-81
103900179,58,331,-273
103900180,42,221,-179
103900181,93,109,-16
103900182,54,31,23
103900184,863,115,748
103900185,619,319,300
103900187,89,71,18
103900188,56,28,28
103900189,118,19,99
103900190,149,64,85
103900191,56,96,-40
103900192,53,158,-105
103900193,252,276,-24
103900194,104,531,-427
103900195,5,63,-58
103900196,18,44,-26
103900197,12,40,-28
103900198,24,70,-46
103900199,214,94,120
103900200,138,206,-68
103900201,142,304,-162
103900202,12,68,-56
103900203,39,44,-5
103900204,4,198,-194
103900207,1,246,-245
103900208,119,2,117
103900209,7,140,-133
103900210,71,21,50
103900211,674,871,-197
103900212,124,547,-423
103900213,338,339,-1
103900214,821,220,601
103900215,806,363,443
103900216,16,670,-654
103900217,596,126,470
103900218,9,576,-567
103900219,215,626,-411
103900233,178,6,172
103900235,112,46,66
103900236,87,7,80
103900242,12,35,-23
103900243,30,28,2
103900244,136,639,-503
103900245,237,311,-74
103900246,92,63,29
103900247,76,149,-73
103900248,17,62,-45
103900249,47,106,-59
103900250,106,52,54
103900251,3,59,-56
103900253,76,133,-57
103900254,43,78,-35
103900255,96,36,60
103900256,144,41,103
103900257,233,378,-145
103900258,135,6,129
103900259,133,16,117
103900261,6,9,-3
103900262,47,11,36
103900263,101,153,-52
103900264,127,69,58
103900265,178,40,138
103900266,2,108,-106
103900267,6,86,-80
103900268,6,127,-121
103900269,168,72,96
103900270,58,214,-156
103900271,28,266,-238
104000001,3088,3447,-359
104000002,2546,5274,-2728
104000003,3320,3976,-656
104000004,4430,4484,-54
104000005,2164,3342,-1178
104000006,3668,5208,-1540
104000007,6199,6197,2
104000008,519,726,-207
104000009,261,175,86
104000010,217,379,-162
104000011,1305,559,746
104000012,252,760,-508
104000013,203,250,-47
104000014,381,1232,-851
104000015,375,274,101
104000016,775,783,-8
104000018,899,238,661
104000019,740,189,551
104000020,268,912,-644
104000021,441,933,-492
104000022,194,398,-204
104000023,674,598,76
104000024,361,545,-184
104000026,81,512,-431
104000027,602,667,-65
104000028,462,402,60
104000029,556,812,-256
104000030,304,323,-19
104000031,1250,535,715
104000032,341,575,-234
104000033,697,660,37
104000034,367,534,-167
104000035,1077,634,443
104000036,926,998,-72
104000037,346,413,-67
104000038,398,537,-139
104000039,235,433,-198
104000040,664,626,38
104000041,680,637,43
104000042,299,552,-253
104000043,424,645,-221
104000044,315,1131,-816
104000045,1625,1937,-312
104000046,2089,2449,-360
104000047,1457,2020,-563
104000048,1513,2567,-1054
104000049,769,593,176
104000050,293,1228,-935
104000051,180,938,-758
104000052,1708,2630,-922
104000053,1375,949,426
104000054,838,816,22
104000055,6760,3942,2818
104000056,2130,425,1705
104000057,275,679,-404
104000058,960,1264,-304
104000059,904,2202,-1298
104000060,1408,1851,-443
104000061,2146,2074,72
104000062,390,340,50
104000064,841,561,280
104000065,413,720,-307
104000069,2362,1358,1004
104000070,97,692,-595
104000071,198,644,-446
104000072,874,479,395
104000075,95,473,-378
104000076,852,169,683
104000082,3763,4447,-684
104000083,1073,352,721
104000084,186,756,-570
104000085,445,484,-39
104000086,295,634,-339
104000087,607,2580,-1973
104000090,949,2541,-1592
104000092,1246,4182,-2936
104000094,1394,3179,-1785
104000095,2518,2205,313
104000096,1968,715,1253
104000097,2009,1680,329
104000098,2122,1862,260
104000100,2295,1033,1262
104000101,1700,4418,-2718
104000106,290,885,-595
104000107,889,846,43
104000108,488,1035,-547
104000109,424,143,281
104000110,1281,1679,-398
104000111,7917,3495,4422
104000112,3494,968,2526
104000116,4,2066,-2062
104000117,225,1749,-1524
104000118,726,441,285
104000119,655,469,186
104000120,269,1767,-1498
104000121,316,1241,-925
104000122,614,1052,-438
104000123,1688,1912,-224
104000124,1779,4109,-2330
104000125,8531,5288,3243
104000126,541,688,-147
104000127,2177,5221,-3044
104000128,1201,747,454
104000129,880,51,829
104000130,11,523,-512
104000131,2343,747,1596
104000132,1439,929,510
104000133,1659,1488,171
104000134,1305,2590,-1285
104000135,513,2673,-2160
104000136,1050,5343,-4293
104000137,1892,524,1368
104000138,1718,989,729
104000139,11887,4612,7275
104000141,1448,2494,-1046
104000142,929,1307,-378
104000143,820,983,-163
104000144,145,357,-212
104000145,653,372,281
104000146,550,1009,-459
104000147,191,546,-355
104000148,413,260,153
104000149,238,501,-263
104000150,1588,846,742
104000151,653,758,-105
104000152,830,1003,-173
104000153,719,679,40
104000154,1542,1094,448
104000155,503,658,-155
104000157,1622,2455,-833
104000158,906,727,179
104000159,1393,654,739
104000160,2237,2617,-380
104000161,443,278,165
104000162,48,242,-194
104000165,2063,1641,422
104000167,780,1182,-402
104000168,897,10,887
104000169,178,63,115
104000170,841,813,28
104000248,540,1428,-888
104000251,74,462,-388
104000272,0,0,0
104000273,0,0,0
104000274,0,0,0
104000275,0,0,0
104000279,1091,677,414
104000290,152,480,-328
104000291,1055,1930,-875
104000293,1347,996,351
104000294,23,0,23
104000295,953,1486,-533
104000296,553,1532,-979
104000297,1345,2730,-1385
104000298,3074,1641,1433
104000299,1187,2700,-1513
104900001,179,737,-558
104900002,62,229,-167
104900003,58,531,-473
104900004,97,494,-397
104900005,342,330,12
104900006,396,171,225
104900007,414,424,-10
104900009,184,581,-397
104900010,64,57,7
104900011,28,5,23
104900012,312,34,278
104900013,206,21,185
104900014,5167,568,4599
104900015,213,11,202
104900016,267,533,-266
104900017,188,363,-175
104900018,21,312,-291
104900019,590,3145,-2555
104900020,105,420,-315
104900021,2,345,-343
104900022,25,172,-147
104900023,2,199,-197
104900024,35,151,-116
104900025,118,728,-610
104900026,6,268,-262
104900027,604,396,208
104900028,23,111,-88
104900029,51,159,-108
104900030,708,322,386
104900031,186,296,-110
104900032,55,263,-208
104900033,222,371,-149
104900034,408,213,195
104900035,331,197,134
104900036,190,107,83
104900037,183,545,-362
104900038,990,990,0
104900039,1270,301,969
104900040,386,159,227
104900041,289,253,36
104900042,198,530,-332
104900043,11,89,-78
104900044,469,373,96
104900045,516,101,415
104900046,197,237,-40
104900047,351,215,136
104900048,386,154,232
104900049,32,15,17
104900050,245,186,59
104900051,369,73,296
104900052,55,0,55
104900053,557,153,404
104900054,150,101,49
104900055,85,0,85
104900056,228,16,212
104900057,20,3,17
104900058,1714,461,1253
104900059,80,38,42
104900060,3,569,-566
104900061,452,838,-386
104900063,2,193,-191
104900064,1,146,-145
104900065,0,261,-261
104900066,9,312,-303
104900067,7,487,-480
104900068,25,287,-262
104900070,211,358,-147
104900071,2,1108,-1106
104900072,68,375,-307
104900073,85,400,-315
104900074,80,367,-287
104900075,89,154,-65
104900076,142,492,-350
104900077,2016,292,1724
104900078,211,899,-688
104900079,222,638,-416
104900080,111,728,-617
104900082,9,630,-621
104900085,8,346,-338
104900087,571,8,563
104900089,142,0,142
104900090,986,852,134
104900091,749,1399,-650
104900093,351,879,-528
104900097,5458,2743,2715
104900098,129,81,48
104900099,145,743,-598
104900100,1397,463,934
104900102,41,464,-423
104900103,725,195,530
104900104,6122,2623,3499
104900106,97,208,-111
104900107,167,488,-321
104900108,62,528,-466
104900109,144,605,-461
104900110,23,89,-66
104900111,239,208,31
104900112,360,1506,-1146
104900113,748,751,-3
104900114,410,963,-553
104900115,748,892,-144
104900116,339,411,-72
104900118,29,136,-107
104900119,10,53,-43
104900120,96,145,-49
104900121,0,157,-157
104900122,3,149,-146
104900123,61,7,54
104900124,32,0,32
104900125,743,13,730
104900126,97,100,-3
104900127,29,78,-49
104900128,146,207,-61
104900129,4637,2944,1693
105000001,3607,2582,1025
105000002,4051,2748,1303
105000003,6727,5553,1174
105000004,745,2043,-1298
105000005,1010,1999,-989
105000006,2235,2858,-623
105000007,2063,2302,-239
105000008,3421,4042,-621
105000009,2488,4219,-1731
105000010,5097,4467,630
105000011,3404,3559,-155
105000012,5768,4760,1008
105000013,1288,1548,-260
105000014,2294,3435,-1141
105000015,11841,14469,-2628
105000016,5864,3752,2112
105000017,3627,1525,2102
105000018,2713,2130,583
105000019,2875,1651,1224
105000020,605,672,-67
105000021,718,231,487
105000022,475,105,370
105000023,762,369,393
105000028,114,201,-87
105000029,611,1744,-1133
105000030,6102,5624,478
105000033,1599,3255,-1656
105000034,406,1224,-818
105000037,994,811,183
105000038,2898,2622,276
105000039,3852,3179,673
105000040,1335,1578,-243
105000041,933,2431,-1498
105000042,5455,2158,3297
105000043,3101,3491,-390
105000044,565,714,-149
105000045,532,1471,-939
105000046,1097,576,521
105000047,600,2235,-1635
105000048,964,429,535
105000049,416,1223,-807
105000050,842,641,201
105000051,370,1065,-695
105000052,798,1645,-847
105000053,228,373,-145
105000054,524,1578,-1054
105000055,1474,613,861
105000056,1782,4363,-2581
105000057,1646,1488,158
105000058,2479,2277,202
105000059,915,960,-45
105000060,867,1116,-249
105000061,920,961,-41
105000062,1404,1814,-410
105000063,534,1124,-590
105000064,1769,1114,655
105000065,623,1140,-517
105000066,2045,3066,-1021
105000067,2018,963,1055
105000068,1374,1516,-142
105000069,6096,2007,4089
105000070,1466,1157,309
105000071,1082,1223,-141
105000072,1365,3038,-1673
105000073,1560,1131,429
105000074,2113,1373,740
105000075,1362,1105,257
105000076,2548,1478,1070
105000077,3529,1356,2173
105000078,2656,1789,867
105000079,3113,2482,631
105000080,3851,2032,1819
105000081,3748,1128,2620
105000082,2081,1217,864
105000083,4278,2355,1923
105000084,1474,1506,-32
105000085,2586,1990,596
105000086,755,1611,-856
105000087,4267,3081,1186
105000088,2344,2688,-344
105000089,5120,3564,1556
105000090,1603,1357,246
105000091,2485,2560,-75
105000092,1417,1796,-379
105000093,762,393,369
105000094,465,470,-5
105000095,139,761,-622
105000096,1974,1259,715
105000097,1854,1084,770
105000098,2457,984,1473
105000099,2624,1191,1433
105000100,1646,2065,-419
105000101,2828,4183,-1355
105000102,4646,2601,2045
105000103,3323,4887,-1564
105000104,3118,1906,1212
105000105,1686,3640,-1954
105000106,2050,2880,-830
105000107,1522,1847,-325
105000108,1643,3025,-1382
105000109,1838,2888,-1050
105000110,807,1604,-797
105000111,915,1194,-279
105000112,1653,1681,-28
105000113,577,1067,-490
105000114,7241,1944,5297
105000115,546,1387,-841
105000116,1024,801,223
105000117,1279,2067,-788
105000118,598,670,-72
105000119,891,2171,-1280
105000120,1235,1009,226
105000121,1332,2264,-932
105000122,545,889,-344
105000123,2169,2427,-258
105000124,2330,1479,851
105000125,1338,3391,-2053
105000126,3015,3639,-624
105000127,3363,3385,-22
105000128,1146,2229,-1083
105000129,1691,616,1075
105000130,434,2985,-2551
105000131,1141,969,172
105000132,1074,834,240
105000133,693,2015,-1322
105000134,1117,962,155
105000135,709,1241,-532
105000136,192,652,-460
105000137,389,380,9
105000138,257,607,-350
105000139,1549,1873,-324
105000140,305,774,-469
105000141,386,1198,-812
105000142,197,793,-596
105000143,458,1322,-864
105000144,579,1245,-666
105000145,968,700,268
105000146,860,1406,-546
105000147,769,644,125
105000148,1655,993,662
105000149,3155,3324,-169
105000150,3183,2655,528
105000151,681,614,67
105000152,332,1030,-698
105000153,953,961,-8
105000154,1378,1472,-94
105000155,481,1396,-915
105000156,1446,1457,-11
105000157,1303,3435,-2132
105000158,2920,1172,1748
105000159,308,2020,-1712
105000160,2551,923,1628
105000161,1221,2428,-1207
105000162,1167,2627,-1460
105000163,3130,1679,1451
105000164,268,460,-192
105000165,3649,7635,-3986
105000166,11172,856,10316
105000167,5679,2454,3225
105000168,546,1511,-965
105000169,627,703,-76
105000170,244,2582,-2338
105000171,1706,610,1096
105000172,213,91,122
105000173,128,85,43
105000174,75,82,-7
105000175,94,166,-72
105000176,398,184,214
105000177,414,262,152
105000178,166,1215,-1049
105000179,405,275,130
105000180,155,149,6
105000181,150,766,-616
105000182,51,59,-8
105000183,5174,3075,2099
105000184,1444,1713,-269
105000185,2263,1212,1051
105000186,646,1428,-782
105000187,1199,356,843
105000188,910,274,636
105000189,467,856,-389
105000190,622,709,-87
105000191,555,469,86
105000192,607,119,488
105000193,264,239,25
105000194,275,122,153
105000195,469,1777,-1308
105000196,35,220,-185
105000197,428,1127,-699
105000198,806,609,197
105000199,552,788,-236
105000200,325,334,-9
105000201,236,31,205
105000203,7,433,-426
105000204,69,183,-114
105000205,134,332,-198
105000207,1012,350,662
105000208,433,751,-318
105000209,406,452,-46
105000212,1640,2691,-1051
105000213,343,300,43
105000214,141,444,-303
105000215,425,441,-16
105000216,183,556,-373
105000217,254,479,-225
105000218,1224,1671,-447
105000221,436,498,-62
105000222,467,55,412
105000223,391,326,65
105000226,110,522,-412
105000227,67,319,-252
105000228,585,1935,-1350
105000229,262,494,-232
105000231,400,488,-88
105000233,850,948,-98
105000234,894,2202,-1308
105000235,596,926,-330
105000237,1108,124,984
105000243,30,450,-420
105000248,261,91,170
105000262,372,2842,-2470
105000269,157,387,-230
105000270,514,139,375
105000271,7,415,-408
105000282,346,80,266
105000287,400,328,72
105000288,591,877,-286
105000289,4498,2177,2321
105000290,31,4,27
105000402,7548,4280,3268
105000426,1230,762,468
105000438,3983,1127,2856
105000446,24406,8711,15695
105000447,11922,4989,6933
105000454,482,1392,-910
105000455,363,340,23
105000474,22,3,19
105000477,509,796,-287
105000478,2487,4369,-1882
105000479,384,208,176
105000480,6777,4342,2435
105000481,5135,3770,1365
105000482,9210,6032,3178
105000483,2129,2368,-239
105000484,4470,4343,127
105000485,2428,2740,-312
105000486,7765,4223,3542
105000488,9372,6837,2535
105000489,1360,1404,-44
105000549,121,243,-122
105000550,992,2230,-1238
105000551,43,152,-109
105000552,6064,3234,2830
105900001,27,2574,-2547
105900002,2931,787,2144
105900003,32,170,-138
105900004,671,198,473
105900005,6,353,-347
105900006,28,146,-118
105900007,331,43,288
105900008,99,1171,-1072
105900009,54,19,35
105900011,496,77,419
105900012,986,210,776
105900013,12,54,-42
105900014,6,131,-125
105900015,395,663,-268
105900016,564,1020,-456
105900017,1390,92,1298
105900018,325,520,-195
105900019,107,767,-660
105900020,68,105,-37
105900021,68,848,-780
105900022,334,608,-274
105900023,6,225,-219
105900024,15,266,-251
105900025,181,68,113
105900026,505,96,409
105900027,12989,11332,1657
105900028,512,219,293
105900029,3291,631,2660
105900030,443,436,7
105900031,696,274,422
105900032,128,232,-104
105900033,228,225,3
105900034,311,368,-57
105900035,305,355,-50
105900036,91,349,-258
105900037,101,121,-20
105900038,249,615,-366
105900039,109,279,-170
105900040,137,171,-34
105900041,231,781,-550
105900042,107,207,-100
105900043,3708,89,3619
105900044,8,370,-362
105900045,9,1283,-1274
105900046,8,401,-393
105900047,19,84,-65
105900048,102,884,-782
105900050,6939,4373,2566
105900051,33,2191,-2158
105900052,778,363,415
105900053,6639,3844,2795
105900054,474,574,-100
105900056,1442,570,872
105900057,51,288,-237
105900058,18,70,-52
105900059,1,56,-55
106000001,5626,3351,2275
106000002,3934,7472,-3538
106000003,4165,5048,-883
106000004,3171,4555,-1384
106000005,3474,8276,-4802
106000006,8386,7423,963
106000007,592,792,-200
106000008,558,447,111
106000009,608,522,86
106000010,771,803,-32
106000011,1195,1579,-384
106000012,1167,2243,-1076
106000013,2267,2835,-568
106000014,2890,2942,-52
106000015,1649,1824,-175
106000016,1636,3766,-2130
106000017,870,1050,-180
106000018,952,910,42
106000019,441,631,-190
106000020,424,680,-256
106000021,323,693,-370
106000022,448,439,9
106000023,845,515,330
106000024,1180,1120,60
106000025,112,319,-207
106000026,132,436,-304
106000027,1326,2168,-842
106000028,803,974,-171
106000029,1232,1847,-615
106000030,1306,592,714
106000034,255,946,-691
106000035,1302,2335,-1033
106000036,466,613,-147
106000037,3015,2397,618
106000038,747,187,560
106000039,324,106,218
106000040,331,1196,-865
106000041,1288,676,612
106000043,951,246,705
106000046,468,77,391
106000047,71,572,-501
106000049,940,284,656
106000050,534,1411,-877
106000051,1094,606,488
106000052,155,1049,-894
106000053,254,217,37
106000054,505,686,-181
106000055,1225,1968,-743
106000056,371,645,-274
106000057,275,424,-149
106000058,195,339,-144
106000059,320,449,-129
106000060,721,854,-133
106000061,235,827,-592
106000062,196,857,-661
106000063,775,924,-149
106000064,52,621,-569
106000065,526,366,160
106000066,208,614,-406
106000067,568,178,390
106000068,90,959,-869
106000069,282,161,121
106000070,566,1271,-705
106000071,1363,536,827
106000072,7309,2668,4641
106000073,2795,4152,-1357
106000074,777,1115,-338
106000075,487,2011,-1524
106000076,2203,2971,-768
106000077,5674,2073,3601
106000078,1149,1409,-260
106000079,827,1631,-804
106000080,1425,1178,247
106000081,712,1684,-972
106000082,3148,1357,1791
106000083,425,2152,-1727
106000084,1615,1071,544
106000085,2374,2120,254
106000086,852,1170,-318
106000087,1314,947,367
106000088,451,1122,-671
106000089,1190,650,540
106000090,317,890,-573
106000091,410,1263,-853
106000092,954,349,605
106000093,377,158,219
106000094,199,575,-376
106000095,735,1703,-968
106000096,1308,1039,269
106000097,1139,1947,-808
106000098,803,1586,-783
106000099,296,1411,-1115
106000100,1483,378,1105
106000101,1625,456,1169
106000102,269,1146,-877
106000103,362,958,-596
106000104,1002,661,341
106000105,612,1323,-711
106000106,690,695,-5
106000107,149,579,-430
106000108,258,488,-230
106000109,155,475,-320
106000110,180,398,-218
106000111,204,832,-628
106000112,235,680,-445
106000113,1609,987,622
106000114,690,678,12
106000115,324,814,-490
106000116,218,346,-128
106000117,1234,1207,27
106000118,1543,1947,-404
106000119,2983,1853,1130
106000120,1101,1459,-358
106000121,239,236,3
106000122,174,541,-367
106000123,340,384,-44
106000124,56,460,-404
106000125,46,531,-485
106000126,253,245,8
106000127,1183,1509,-326
106000128,885,416,469
106000129,718,1039,-321
106000130,935,612,323
106000131,212,1344,-1132
106000132,1177,266,911
106000133,5604,2001,3603
106000134,1157,2340,-1183
106000135,335,1309,-974
106000136,714,1098,-384
106000137,129,2087,-1958
106000138,1332,123,1209
106000139,68,212,-144
106000140,40,155,-115
106000141,142,142,0
106000142,79,145,-66
106000143,47,134,-87
106000144,26,147,-121
106000145,259,576,-317
106000146,374,340,34
106000147,726,997,-271
106000148,1030,1479,-449
106000149,635,661,-26
106000150,822,3150,-2328
106000151,7496,1149,6347
106000152,2261,3157,-896
106000153,116,2353,-2237
106000154,2174,464,1710
106000155,100,336,-236
106000156,937,602,335
106000157,1026,3173,-2147
106000158,4720,1395,3325
106000159,7184,2717,4467
106000160,444,4013,-3569
106000161,2043,777,1266
106000162,232,1532,-1300
106000163,443,778,-335
106000164,455,632,-177
106000165,273,1141,-868
106000166,1393,474,919
106000167,568,1975,-1407
106000168,459,456,3
106000169,260,1120,-860
106000170,1059,416,643
106000171,196,1760,-1564
106000172,4621,1730,2891
106000173,1770,4375,-2605
106000174,1502,579,923
106000175,534,1629,-1095
106000176,2165,1184,981
106000177,1139,3969,-2830
106000178,4282,2702,1580
106000179,1619,3751,-2132
106000180,1327,2523,-1196
106000181,797,2865,-2068
106000182,1372,1312,60
106000183,1254,1511,-257
106000184,2223,1537,686
106000185,1250,1618,-368
106000186,1558,251,1307
106000187,374,1457,-1083
106000188,2,4,-2
106000189,13,86,-73
106000190,16,2,14
106000191,788,311,477
106000192,6,76,-70
106000193,519,298,221
106000194,299,725,-426
106000195,974,266,708
106000196,252,815,-563
106000197,636,562,74
106000198,202,431,-229
106000199,1414,1255,159
106000200,800,268,532
106000201,862,3366,-2504
106000202,10686,1099,9587
106000203,165,273,-108
106000204,92,10,82
106000205,34,198,-164
106000206,130,28,102
106000207,58,1263,-1205
106000208,1340,188,1152
106000209,1662,523,1139
106000210,346,2095,-1749
106000211,562,2094,-1532
106000212,1075,423,652
106000213,1377,2256,-879
106000214,4514,976,3538
106000215,487,857,-370
106000216,479,616,-137
106000217,470,721,-251
106000218,617,575,42
106000219,212,466,-254
106000220,505,448,57
106000221,124,375,-251
106000222,44,206,-162
106000223,170,199,-29
106000224,254,450,-196
106000225,127,136,-9
106000226,231,463,-232
106000228,77,223,-146
106000229,129,991,-862
106000231,1033,228,805
106000232,80,545,-465
106000233,711,206,505
106000234,117,287,-170
106000235,778,192,586
106000236,308,120,188
106000237,1,14,-13
106000238,34,25,9
106000239,5,163,-158
106000240,76,13,63
106000241,18,1122,-1104
106000242,353,25,328
106000249,84,134,-50
106000250,132,710,-578
106000251,108,66,42
106000252,16,183,-167
106000253,69,99,-30
106000254,52,91,-39
106000255,35,178,-143
106000256,102,126,-24
106000257,315,408,-93
106000258,462,31,431
106000259,5,75,-70
106000260,62,15,47
106000261,18,75,-57
106000262,120,25,95
106000263,7,118,-111
106000264,267,17,250
106000265,28,230,-202
106000266,183,34,149
106000267,9,150,-141
106000268,805,69,736
106000269,82,136,-54
106000270,278,723,-445
106000271,89,316,-227
106000272,269,77,192
106000273,18,355,-337
106000274,316,79,237
106000275,244,342,-98
106000276,232,96,136
106000277,211,256,-45
106000278,284,53,231
106000279,31,108,-77
106000280,69,280,-211
106000281,118,137,-19
106000282,119,132,-13
106000283,159,186,-27
106000284,93,192,-99
106000285,159,225,-66
106000286,121,258,-137
106000287,139,167,-28
106000288,99,256,-157
106000289,109,137,-28
106000290,117,185,-68
106000291,131,144,-13
106000292,129,217,-88
106000293,187,185,2
106000294,239,258,-19
106000295,74,85,-11
106000296,98,168,-70
106000297,123,403,-280
106000298,227,103,124
106000299,99,280,-181
106000300,117,179,-62
106000301,114,191,-77
106000303,26,123,-97
106000304,41,77,-36
106000305,51,86,-35
106000306,47,106,-59
106000307,59,22,37
106000308,30,249,-219
106000309,32,118,-86
106000310,370,855,-485
106000311,423,303,120
106000312,121,336,-215
106000313,189,377,-188
106000318,304,491,-187
106000319,1206,205,1001
106000320,2,61,-59
106000321,688,127,561
106000322,106,274,-168
106000324,15,255,-240
106000325,1871,1399,472
106000326,1455,2851,-1396
106000327,153,205,-52
106000328,13,168,-155
106000329,206,571,-365
106000330,76,89,-13
106000428,54,254,-200
106000429,177,715,-538
106000430,511,2042,-1531
106000431,2246,530,1716
106000432,2494,4161,-1667
106000433,2535,1549,986
106000434,4929,1930,2999
106000435,3212,4119,-907
106000436,37,524,-487
106000437,423,50,373
106000438,708,226,482
106000439,94,827,-733
106000440,316,772,-456
106000441,1,2,-1
106000442,233,11,222
106000443,110,615,-505
106000450,5,338,-333
106000451,26,63,-37
106000454,22,173,-151
106000455,17,274,-257
106000456,192,34,158
106000457,15,1477,-1462
106000458,602,296,306
106000459,174,615,-441
106000460,1241,69,1172
106000461,104,2434,-2330
106000462,0,24,-24
106000463,5,36,-31
106000464,3,795,-792
106000465,660,3,657
106000466,6,1008,-1002
106000467,705,958,-253
106000468,79,398,-319
106000469,425,7,418
106000470,403,2332,-1929
106000471,56,1028,-972
106000472,258,41,217
106000473,30,23,7
106000474,471,1047,-576
106000475,310,212,98
106000476,219,211,8
106000477,24,65,-41
106900001,0,31,-31
106900002,7,830,-823
106900003,418,1802,-1384
106900004,1,139,-138
106900006,0,35,-35
106900007,1,32,-31
106900008,336,422,-86
106900009,457,633,-176
106900010,271,530,-259
106900012,3640,3081,559
106900013,827,153,674
106900014,33,6,27
106900015,11,1,10
106900016,363,8,355
106900017,5,1,4
106900018,1,0,1
106900019,47,4,43
106900020,4904,1906,2998
106900021,115,138,-23
106900022,583,7,576
106900023,36,410,-374
106900024,1014,36,978
106900025,85,1048,-963
106900026,13,1193,-1180
106900027,719,5,714
107000001,5386,3976,1410
107000002,7585,7965,-380
107000003,6644,8240,-1596
107000004,8661,9127,-466
107000005,4362,7591,-3229
107000006,6042,9741,-3699
107000007,6919,15614,-8695
107000008,21923,16270,5653
107000009,7512,9426,-1914
107000010,15512,17166,-1654
107000011,1559,2208,-649
107000012,6632,6016,616
107000013,66,186,-120
107000014,29,393,-364
107000015,557,1175,-618
107000016,855,1544,-689
107000017,10788,2781,8007
107000018,127,1777,-1650
107000020,5942,1472,4470
107000021,2426,1156,1270
107000022,2789,2542,247
107000023,2741,614,2127
107000024,924,2670,-1746
107000025,316,718,-402
107000026,320,1062,-742
107000027,1516,2083,-567
107000028,1853,2740,-887
107000029,3950,3999,-49
107000030,4492,5400,-908
107000031,4767,4565,202
107000032,681,1523,-842
107000033,6194,10807,-4613
107000034,8945,3497,5448
107000035,696,485,211
107000036,742,2549,-1807
107000037,122,1316,-1194
107000038,463,410,53
107000039,1347,1261,86
107000040,241,520,-279
107000041,2460,1062,1398
107000042,1058,2776,-1718
107000043,4934,1421,3513
107000044,1038,491,547
107000045,230,401,-171
107000046,1159,644,515
107000047,706,1219,-513
107000048,1003,473,530
107000049,750,1149,-399
107000050,1405,713,692
107000051,927,592,335
107000052,1654,1376,278
107000053,506,332,174
107000054,113,523,-410
107000055,156,132,24
107000056,608,1259,-651
107000057,2313,385,1928
107000058,3153,3333,-180
107000059,3462,5599,-2137
107000060,5677,8032,-2355
107000061,9182,6367,2815
107000062,4810,4579,231
107000063,5720,8756,-3036
107000064,5429,3593,1836
107000065,5779,8428,-2649
107000066,3168,4586,-1418
107000067,1606,1758,-152
107000068,2587,960,1627
107000069,1358,855,503
107000070,961,42,919
107000071,2980,52,2928
107000072,99,5169,-5070
107000073,743,324,419
107000074,210,1678,-1468
107000075,1919,802,1117
107000076,1236,2632,-1396
107000077,4288,1551,2737
107000078,3140,5211,-2071
107000079,3521,1043,2478
107000080,1829,5144,-3315
107000081,1734,760,974
107000082,739,3587,-2848
107000083,1521,560,961
107000084,678,3305,-2627
107000085,3943,4557,-614
107000086,5153,5800,-647
107000087,4546,3263,1283
107000088,4976,6434,-1458
107000089,1891,3180,-1289
107000090,1713,2008,-295
107000091,1563,1372,191
107000092,1095,1995,-900
107000093,1527,1135,392
107000094,2024,2203,-179
107000095,1038,1005,33
107000096,956,1785,-829
107000097,755,385,370
107000098,585,1138,-553
107000099,744,451,293
107000100,586,495,91
107000101,126,311,-185
107000102,610,523,87
107000103,430,361,69
107000104,373,572,-199
107000105,447,214,233
107000106,298,618,-320
107000107,740,360,380
107000108,339,1204,-865
107000109,682,243,439
107000110,193,959,-766
107000111,300,81,219
107000112,41,650,-609
107000113,706,185,521
107000114,142,1103,-961
107000115,611,187,424
107000116,130,1508,-1378
107000117,105,730,-625
107000118,163,456,-293
107000119,3184,2091,1093
107000120,3815,592,3223
107000121,873,1074,-201
107000122,1451,1613,-162
107000123,462,1348,-886
107000124,700,1457,-757
107000125,1029,1440,-411
107000126,1111,1415,-304
107000129,421,803,-382
107000130,930,699,231
107000131,697,1021,-324
107000132,742,577,165
107000133,857,195,662
107000134,396,2,394
107000135,6,419,-413
107000136,946,11,935
107000137,22,671,-649
107000138,492,35,457
107000139,51,704,-653
107000140,1964,153,1811
107000141,227,1212,-985
107000142,498,131,367
107000143,88,1344,-1256
107000144,673,763,-90
107000145,223,962,-739
107000146,199,589,-390
107000147,4342,1203,3139
107000150,1390,5330,-3940
107000151,86,155,-69
107000152,1027,1425,-398
107000153,795,710,85
107000154,296,215,81
107000155,1344,52,1292
107000156,1624,40,1584
107000157,112,2962,-2850
107000158,655,47,608
107000159,56,1865,-1809
107000160,1027,255,772
107000161,131,2541,-2410
107000162,341,1036,-695
107000163,149,0,149
107000164,662,1,661
107000165,880,10,870
107000166,88,1976,-1888
107000167,739,455,284
107000168,1190,721,469
107000169,1563,1219,344
107000170,2386,1211,1175
107000171,814,3469,-2655
107000172,1208,2142,-934
107000173,851,1934,-1083
107000174,1132,7855,-6723
107000175,13119,2954,10165
107000176,0,1,-1
107000177,14,3,11
107000178,5,79,-74
107000179,373,4059,-3686
107000180,1511,575,936
107000181,469,2066,-1597
107000182,1878,1483,395
107000183,138,1401,-1263
107000184,1079,1082,-3
107000185,648,2054,-1406
107000186,1600,549,1051
107000187,1694,2206,-512
107000188,706,940,-234
107000189,511,1738,-1227
107000190,705,1214,-509
107000191,913,1585,-672
107000192,2184,1558,626
107000193,582,769,-187
107000194,1465,1176,289
107000197,1021,443,578
107000198,409,1052,-643
107000199,1005,1273,-268
107000200,1803,1103,700
107000201,487,395,92
107000202,450,875,-425
107000203,1590,974,616
107000204,2224,1025,1199
107000205,3323,1791,1532
107000206,1817,2127,-310
107000207,1436,1950,-514
107000208,2428,750,1678
107000209,3515,1703,1812
107000210,1298,734,564
107000211,13,58,-45
107000212,22,750,-728
107000213,15,54,-39
107000214,20,415,-395
107000215,743,756,-13
107000216,456,642,-186
107000217,213,246,-33
107000219,121,202,-81
107000220,210,452,-242
107000222,320,1192,-872
107000224,647,123,524
107000225,351,1024,-673
107000226,411,127,284
107000227,138,674,-536
107000228,147,265,-118
107000229,744,491,253
107000230,1858,937,921
107000231,2466,1479,987
107000232,203,165,38
107000233,1863,1064,799
107000234,5,49,-44
107000235,126,5,121
107000236,31,1226,-1195
107000237,17,0,17
107000238,28,2,26
107000239,7516,1043,6473
107000240,149,1674,-1525
107000241,167,29,138
107000242,1080,95,985
107000243,1,160,-159
107000244,3,126,-123
107000246,2,1680,-1678
107000249,4,1573,-1569
107000251,3,374,-371
107000252,5,1822,-1817
107000255,1285,196,1089
107000257,4,698,-694
107000258,4,231,-227
107000259,20,353,-333
107000260,575,5,570
107000262,14,953,-939
107000263,270,12,258
107000266,20,7,13
107000267,71,243,-172
107000268,203,242,-39
107000269,724,33,691
107000270,1,24,-23
107000271,31,1230,-1199
107000272,26,261,-235
107000273,27,360,-333
107000274,5706,569,5137
107000275,290,1458,-1168
107000280,811,63,748
107000281,48,1715,-1667
107000282,87,1502,-1415
107000290,7,38,-31
107000291,26,63,-37
107000292,12,79,-67
107000293,292,5,287
107000294,1,48,-47
107000295,99,5,94
107000296,0,10,-10
107000444,671,36,635
107000496,1,30,-29
107000497,1967,3890,-1923
107000500,565,523,42
107000501,129,298,-169
107000502,579,587,-8
107000505,946,1292,-346
107000506,1,34,-33
107000508,6,863,-857
107000509,336,1043,-707
107000510,52,30,22
107000514,89,483,-394
107000515,56,409,-353
107000516,259,421,-162
107000518,1576,1276,300
107000519,5090,1822,3268
107000520,120,34,86
107900001,44,237,-193
107900002,66,4,62
107900003,561,26,535
107900004,108,7,101
107900005,1188,8,1180
107900006,226,2,224
107900007,438,53,385
107900008,106,59,47
107900009,262,6,256
107900010,42,1,41
107900012,406,27,379
107900013,338,97,241
107900014,16,10,6
107900015,1003,15,988
107900016,807,187,620
107900017,45,5,40
107900018,99,201,-102
107900019,10,110,-100
107900020,202,8,194
107900021,57,234,-177
107900023,6,9,-3
107900024,0,56,-56
107900025,267,539,-272
107900026,75,160,-85
107900027,105,132,-27
107900028,68,156,-88
107900030,239,34,205
107900031,63,269,-206
107900032,7,7,0
107900033,49,15,34
107900034,582,36,546
107900035,954,72,882
107900036,49,9,40
107900037,0,76,-76
107900038,197,311,-114
107900039,41,123,-82
107900040,96,422,-326
107900041,4,4,0
107900043,42,271,-229
107900044,6,9,-3
107900045,161,42,119
107900046,176,215,-39
107900047,27,100,-73
107900048,212,5,207
107900049,505,1939,-1434
107900050,142,556,-414
107900051,115,152,-37
107900052,29,29,0
107900053,50,146,-96
107900055,1110,504,606
107900056,224,51,173
107900057,2,0,2
107900058,51,1217,-1166
107900060,39,75,-36
107900061,42,10,32
107900063,140,193,-53
107900064,602,83,519
107900065,212,20,192
107900066,11,14,-3
107900067,0,0,0
107900068,334,452,-118
107900069,61,2126,-2065
107900070,160,61,99
107900071,48,1401,-1353
107900072,96,348,-252
107900073,106,192,-86
107900074,1273,258,1015
107900076,180,148,32
107900077,57,1,56
107900078,408,42,366
107900079,14,30,-16
107900080,261,554,-293
107900081,31,145,-114
107900082,57,32,25
107900083,547,196,351
107900084,180,195,-15
107900086,34,216,-182
107900087,808,144,664
107900088,36,27,9
107900089,463,1795,-1332
107900090,1110,3100,-1990
107900091,286,684,-398
107900092,2597,693,1904
107900093,133,123,10
107900095,4592,2561,2031
107900097,23,130,-107
107900098,66,205,-139
107900100,1458,1556,-98
107900101,1482,259,1223
107900102,31,17,14
107900103,86,270,-184
107900104,235,10,225
107900105,0,921,-921
107900106,5,1840,-1835
107900107,2123,515,1608
107900108,618,179,439
107900109,1340,31,1309
107900110,46,190,-144
107900111,5,1592,-1587
107900112,171,550,-379
107900113,254,266,-12
107900114,146,276,-130
107900115,2,61,-59
107900116,125,374,-249
107900117,441,660,-219
107900118,97,220,-123
107900119,133,297,-164
107900120,31,17,14
107900121,1,245,-244
107900122,8,118,-110
107900123,7,63,-56
107900124,56,37,19
107900125,32,278,-246
107900126,8,57,-49
107900127,771,292,479
107900128,147,122,25
107900129,54,70,-16
107900130,83,52,31
107900131,833,214,619
107900132,131,692,-561
107900133,2,112,-110
107900134,41,43,-2
107900135,4,287,-283
107900136,71,78,-7
107900137,168,199,-31
107900138,63,64,-1
107900139,35,75,-40
107900140,192,101,91
107900141,73,99,-26
107900142,142,1720,-1578
107900143,108,73,35
107900144,1,196,-195
107900145,21,188,-167
107900146,55,258,-203
107900147,77,35,42
107900148,174,253,-79
107900149,2711,335,2376
107900150,133,1325,-1192
107900151,29,129,-100
107900152,15,442,-427
107900153,247,457,-210
107900154,57,37,20
107900155,88,89,-1
107900156,7,519,-512
107900157,57,131,-74
107900158,894,42,852
107900159,46,1744,-1698
107900160,102,254,-152
107900161,36,301,-265
107900162,2,268,-266
107900163,166,127,39
107900164,10,44,-34
107900165,23,137,-114
107900166,30,384,-354
107900167,29,27,2
107900168,36,77,-41
107900169,2,228,-226
107900171,30,2873,-2843
107900172,1,535,-534
107900173,23,306,-283
107900174,95,7,88
107900175,26,30,-4
107900176,37,61,-24
107900177,4,370,-366
107900178,0,305,-305
107900179,35,197,-162
107900180,1462,599,863
107900181,506,617,-111
107900182,8,2331,-2323
107900183,34,504,-470
107900184,145,281,-136
107900185,84,2,82
107900186,36,62,-26
107900187,0,222,-222
107900188,1148,186,962
107900189,23,168,-145
107900190,138,116,22
107900191,90,188,-98
107900193,2,39,-37
107900194,278,8,270
107900195,6099,827,5272
107900196,121,103,18
107900197,1725,396,1329
107900199,2,1419,-1417
107900201,131,188,-57
107900203,44,118,-74
107900204,284,403,-119
107900205,273,647,-374
107900206,1088,234,854
107900207,12,907,-895
107900208,8,1025,-1017
107900209,541,224,317
107900210,113,227,-114
107900213,1247,982,265
107900214,4,226,-222
107900215,215,410,-195
107900216,163,134,29
107900217,46,114,-68
107900218,28,2466,-2438
107900219,18,167,-149
107900220,335,307,28
107900221,280,287,-7
107900223,105,770,-665
107900224,186,445,-259
107900225,10,1364,-1354
107900226,121,182,-61
107900227,181,653,-472
107900228,30,145,-115
107900229,6,477,-471
107900230,22,203,-181
107900231,8,294,-286
107900232,48,242,-194
107900233,8,250,-242
107900234,127,237,-110
107900235,29,141,-112
107900236,72,129,-57
107900237,135,784,-649
107900238,39,155,-116
107900239,1786,660,1126
107900240,31,231,-200
107900241,21,133,-112
107900242,29,514,-485
107900243,2,69,-67
107900244,403,3,400
107900245,741,83,658
107900246,307,22,285
107900248,221,753,-532
107900249,795,29,766
107900250,2,797,-795
107900251,66,2275,-2209
107900252,1215,38,1177
107900253,181,8,173
107900254,86,468,-382
107900255,503,99,404
107900256,1733,1102,631
107900257,232,131,101
107900258,100,503,-403
107900259,148,2272,-2124
107900261,2,600,-598
107900262,62,218,-156
107900264,288,5,283
107900265,202,380,-178
107900267,293,45,248
107900268,62,14,48
107900269,0,13,-13
107900270,0,0,0
107900271,6,14,-8
107900272,210,23,187
107900273,39,128,-89
107900274,58,0,58
107900275,21,1,20
107900276,1,109,-108
107900277,1,347,-346
107900278,326,571,-245
107900279,201,164,37
107900280,2992,3144,-152
107900281,5617,2736,2881
107900282,140,516,-376
107900283,2322,770,1552
107900284,470,1117,-647
107900285,123,205,-82
107900286,198,181,17
107900287,158,341,-183
107900290,0,136,-136
107900291,666,18,648
107900292,121,372,-251
107900293,96,862,-766
107900295,65,170,-105
107900297,2,504,-502
107900298,1080,1227,-147
107900299,5720,3005,2715
107900300,79,436,-357
107900301,933,697,236
107900302,158,53,105
107900303,199,506,-307
107900304,286,907,-621
107900305,304,15,289
107900306,20,23,-3
107900307,57,346,-289
107900308,217,133,84
107900309,234,2,232
107900310,329,3,326
107900311,19,123,-104
107900312,188,4,184
107900313,5,131,-126
107900314,0,86,-86
107900315,1,58,-57
107900316,77,0,77
107900317,199,17,182
107900318,7,214,-207
107900319,5,415,-410
107900320,2,311,-309
107900321,152,7,145
107900322,5,238,-233
107900323,30,307,-277
107900324,266,1,265
107900325,150,2,148
107900326,305,483,-178
107900327,0,73,-73
107900328,123,2,121
107900329,284,111,173
107900330,11,879,-868
107900331,215,68,147
107900332,204,38,166
107900333,29,23,6
107900334,23,350,-327
107900335,64,98,-34
107900336,40,52,-12
107900337,2096,914,1182
107900338,11,213,-202
107900339,2,36,-34
107900340,1,66,-65
107900341,65,2,63
107900342,155,255,-100
107900343,81,7,74
107900344,10,264,-254
107900345,184,34,150
107900346,31,0,31
107900347,22,5,17
107900348,13,7,6
107900349,26,15,11
107900350,40,345,-305
108000001,3354,5597,-2243
108000002,3144,4631,-1487
108000003,5712,3666,2046
108000004,22795,24336,-1541
108000005,9989,6404,3585
108000006,11624,11107,517
108000007,6365,5306,1059
108000008,7448,9717,-2269
108000009,4867,5794,-927
108000010,5428,7692,-2264
108000011,13441,15770,-2329
108000012,25753,25307,446
108000014,1180,887,293
108000015,744,408,336
108000016,290,771,-481
108000017,1143,559,584
108000018,2105,863,1242
108000019,3751,1237,2514
108000020,1857,785,1072
108000021,541,2318,-1777
108000022,725,2289,-1564
108000023,1427,347,1080
108000024,236,987,-751
108000025,401,400,1
108000026,579,845,-266
108000027,829,752,77
108000028,459,401,58
108000029,497,696,-199
108000030,798,299,499
108000031,390,815,-425
108000032,1538,717,821
108000033,961,1801,-840
108000034,1940,651,1289
108000035,1394,3683,-2289
108000036,507,2104,-1597
108000037,1929,559,1370
108000038,2868,683,2185
108000039,665,3767,-3102
108000040,2283,1241,1042
108000041,900,4102,-3202
108000042,327,290,37
108000043,241,403,-162
108000044,425,245,180
108000045,381,879,-498
108000046,1513,463,1050
108000047,661,1673,-1012
108000048,197,603,-406
108000049,680,367,313
108000050,120,731,-611
108000051,302,174,128
108000052,340,1035,-695
108000053,372,231,141
108000054,800,1730,-930
108000055,1429,586,843
108000056,1486,1725,-239
108000057,895,1348,-453
108000058,2687,4526,-1839
108000059,5138,3150,1988
108000060,278,598,-320
108000061,260,459,-199
108000062,789,687,102
108000063,558,927,-369
108000064,228,352,-124
108000065,764,980,-216
108000066,2814,1143,1671
108000067,2327,873,1454
108000068,777,497,280
108000069,327,1492,-1165
108000070,2084,987,1097
108000071,999,2276,-1277
108000072,1828,1438,390
108000073,1969,2749,-780
108000074,423,519,-96
108000075,412,1045,-633
108000076,1082,744,338
108000077,1122,1021,101
108000078,2355,2066,289
108000079,1001,2512,-1511
108000080,1152,951,201
108000081,648,3373,-2725
108000082,1483,3004,-1521
108000083,2405,1199,1206
108000084,586,2028,-1442
108000085,751,647,104
108000086,1070,1363,-293
108000087,185,2442,-2257
108000088,266,16,250
108000089,630,483,147
108000090,679,201,478
108000091,260,831,-571
108000092,220,168,52
108000093,247,1358,-1111
108000094,737,215,522
108000095,235,782,-547
108000096,318,309,9
108000097,189,861,-672
108000098,1711,2094,-383
108000099,296,134,162
108000100,52,343,-291
108000101,1478,1924,-446
108000102,1973,3652,-1679
108000106,1110,5,1105
108000107,3,1143,-1140
108000108,797,60,737
108000109,12,1250,-1238
108000110,209,466,-257
108000111,201,1149,-948
108000112,128,182,-54
108000113,790,486,304
108000115,575,732,-157
108000117,1389,604,785
108000118,332,288,44
108000119,1020,650,370
108000120,184,1013,-829
108000121,293,943,-650
108000122,548,538,10
108000123,784,603,181
108000124,318,900,-582
108000125,353,498,-145
108000126,170,776,-606
108000127,495,526,-31
108000128,701,871,-170
108000129,408,1669,-1261
108000130,463,386,77
108000131,1174,650,524
108000132,2668,2247,421
108000133,1027,747,280
108000134,832,867,-35
108000135,1309,523,786
108000136,1300,1474,-174
108000137,499,717,-218
108000138,374,1678,-1304
108000139,428,569,-141
108000140,79,48,31
108000141,54,201,-147
108000142,85,232,-147
108000143,49,95,-46
108000144,35,24,11
108000145,86,76,10
108000146,58,25,33
108000147,96,104,-8
108000148,84,19,65
108000149,39,74,-35
108000150,40,16,24
108000151,38,31,7
108000152,150,774,-624
108000153,352,179,173
108000154,84,23,61
108000155,18,49,-31
108000156,567,184,383
108000157,232,1054,-822
108000158,154,818,-664
108000159,1036,247,789
108000160,7292,1297,5995
108000161,7028,2851,4177
108000165,4,230,-226
108000172,7,377,-370
108000173,3962,2775,1187
108000175,227,142,85
108000178,556,489,67
108000179,338,951,-613
108000181,77,50,27
108000182,225,28,197
108000183,71,65,6
108000184,1870,2420,-550
108000185,381,950,-569
108000186,145,66,79
108000187,108,1174,-1066
108000188,544,314,230
108000189,1126,1829,-703
108000190,45,172,-127
108000192,277,868,-591
108000193,1385,91,1294
108000194,35,43,-8
108000195,3,2183,-2180
108000196,278,176,102
108000198,615,494,121
108000199,5,189,-184
108000200,428,887,-459
108000202,4,298,-294
108000203,154,1343,-1189
108000204,128,59,69
108000205,453,745,-292
108000339,2235,550,1685
108000364,189,427,-238
108000365,80,555,-475
108000367,239,544,-305
108000368,8,85,-77
108000369,1909,235,1674
108000371,1,866,-865
108000372,576,1,575
108000373,188,283,-95
108000376,80,45,35
108000377,442,468,-26
108000378,12062,14573,-2511
108000379,55,325,-270
108000381,62,20,42
108000382,131,8,123
108000383,0,169,-169
108900001,159,1711,-1552
108900002,325,112,213
108900003,452,1571,-1119
108900004,174,377,-203
108900005,96,431,-335
108900006,958,241,717
108900007,208,307,-99
108900008,77,215,-138
108900009,83,161,-78
108900010,167,226,-59
108900011,437,521,-84
108900012,342,669,-327
108900013,104,384,-280
108900014,7,159,-152
108900015,0,31,-31
108900016,3,310,-307
108900017,294,340,-46
108900018,143,704,-561
108900019,68,1586,-1518
108900020,45,380,-335
108900021,168,431,-263
108900022,148,10,138
108900023,2,41,-39
108900024,31,208,-177
108900025,84,206,-122
108900026,25,147,-122
108900027,1,147,-146
108900028,87,576,-489
108900029,119,344,-225
108900030,0,134,-134
108900031,117,657,-540
108900032,24,412,-388
108900033,0,87,-87
108900034,1,346,-345
108900035,457,1904,-1447
108900036,292,490,-198
108900037,80,724,-644
108900038,6,572,-566
108900039,2,791,-789
108900040,14,198,-184
108900041,8268,3690,4578
108900042,19,482,-463
108900043,121,722,-601
108900044,5,921,-916
108900045,77,927,-850
108900046,74,1617,-1543
108900047,0,154,-154
108900048,170,1404,-1234
108900049,8039,1546,6493
108900050,1,352,-351
108900051,0,305,-305
108900052,39,387,-348
108900053,148,242,-94
108900054,115,349,-234
108900055,102,714,-612
108900056,0,249,-249
108900057,1,282,-281
108900058,54,630,-576
108900059,419,81,338
108900060,137,193,-56
108900061,106,72,34
108900062,7,452,-445
108900063,18,582,-564
108900064,183,97,86
108900065,10,454,-444
108900066,331,171,160
108900067,23,358,-335
108900068,1,159,-158
108900069,59,172,-113
108900070,66,221,-155
108900071,97,71,26
108900072,3803,724,3079
108900073,14,114,-100
108900074,163,800,-637
108900075,78,81,-3
108900076,285,95,190
108900077,137,182,-45
108900078,26,274,-248
108900079,1154,396,758
108900080,35,1008,-973
108900081,54,447,-393
108900082,54,153,-99
108900083,32,356,-324
108900084,673,191,482
108900085,2788,249,2539
108900086,128,432,-304
108900087,170,400,-230
108900088,1190,464,726
108900089,30,174,-144
108900090,45,583,-538
108900091,171,160,11
108900092,544,432,112
108900093,144,99,45
108900094,286,140,146
108900095,96,881,-785
108900096,535,60,475
108900097,532,338,194
108900098,4899,882,4017
108900099,402,389,13
108900100,76,266,-190
108900101,288,164,124
108900102,222,1252,-1030
108900103,91,103,-12
108900104,258,610,-352
108900105,10,1404,-1394
108900106,354,540,-186
108900108,460,99,361
108900109,40,51,-11
108900110,194,659,-465
108900111,452,896,-444
108900112,246,28,218
108900113,77,78,-1
108900114,3,8,-5
108900115,80,124,-44
108900116,62,41,21
108900117,147,8,139
108900118,614,19,595
108900119,190,51,139
108900120,130,204,-74
108900121,498,108,390
108900122,152,56,96
108900123,139,102,37
108900124,489,279,210
108900125,409,4,405
108900126,142,33,109
108900127,180,33,147
108900128,129,36,93
108900129,918,183,735
108900130,267,1,266
108900131,427,5,422
108900132,506,112,394
108900133,231,76,155
108900134,255,332,-77
108900135,121,10,111
108900136,15,0,15
108900137,194,3,191
108900138,684,52,632
108900139,641,164,477
108900140,277,340,-63
108900141,363,21,342
108900142,74,5,69
108900143,38,0,38
108900144,115,2,113
108900145,130,11,119
108900146,80,1,79
108900147,226,0,226
108900148,107,66,41
108900149,662,519,143
108900150,295,12,283
108900151,174,5,169
108900152,104,4,100
108900153,155,701,-546
108900154,5594,618,4976
108900155,368,152,216
108900156,82,21,61
108900157,36,810,-774
108900158,429,63,366
108900159,22,492,-470
108900160,18,368,-350
108900161,12,683,-671
108900162,83,1,82
108900163,11,331,-320
108900164,68,102,-34
108900165,198,141,57
108900167,3373,6166,-2793
108900168,13024,3033,9991
108900169,63,198,-135
108900171,13794,3253,10541
108900172,237,68,169
108900173,290,648,-358
108900174,791,771,20
108900176,182,608,-426
108900177,12767,8036,4731
108900178,7902,3773,4129
108900179,1027,2030,-1003
108900180,166,284,-118
108900182,36,369,-333
108900183,259,269,-10
108900184,586,292,294
108900185,104,537,-433
108900186,100,542,-442
108900187,316,89,227
108900188,540,76,464
108900189,384,149,235
108900190,70,4944,-4874
108900191,285,61,224
108900192,139,323,-184
108900193,521,100,421
108900194,56,476,-420
108900195,93,519,-426
108900196,36,822,-786
108900198,0,961,-961
108900199,308,479,-171
108900200,696,459,237
108900201,587,2049,-1462
108900203,570,93,477
108900204,511,33,478
108900205,298,37,261
108900206,545,55,490
108900207,271,82,189
108900208,37,586,-549
108900209,338,1014,-676
108900210,170,406,-236
108900211,211,706,-495
108900212,1077,1907,-830
108900215,156,968,-812
108900216,660,170,490
108900217,155,0,155
108900218,161,12,149
108900219,80,10,70
108900220,76,27,49
108900221,85,248,-163
108900222,258,28,230
108900223,19,146,-127
108900224,30,213,-183
108900225,3,293,-290
108900226,320,22,298
108900227,202,312,-110
108900230,680,498,182
108900231,69,376,-307
108900232,1,647,-646
108900233,683,107,576
108900234,360,210,150
108900235,434,1031,-597
108900236,88,594,-506
108900237,93,401,-308
108900240,147,140,7
108900241,42,64,-22
108900245,8,1666,-1658
108900249,190,54,136
108900250,382,340,42
108900257,290,798,-508
108900258,14,331,-317
108900259,92,172,-80
108900260,25,153,-128
108900261,173,233,-60
108900262,352,254,98
108900263,51,365,-314
108900264,658,406,252
108900265,2010,481,1529
108900266,1998,622,1376
108900267,6,102,-96
108900268,41,7,34
108900269,69,13,56
108900270,78,5,73
108900271,33,13,20
108900272,224,8,216
108900273,1415,852,563
108900274,37,109,-72
109000001,5762,1553,4209
109000002,3159,2425,734
109000003,3284,849,2435
109000004,819,3803,-2984
109000005,3439,1117,2322
109000006,1232,3069,-1837
109000007,1842,1024,818
109000008,742,2816,-2074
109000009,4556,1845,2711
109000010,1876,5935,-4059
109000011,4084,2769,1315
109000012,2552,5922,-3370
109000013,4222,4046,176
109000014,2332,5587,-3255
109000015,4288,8239,-3951
109000016,14631,6602,8029
109000017,2792,1908,884
109000018,1512,5506,-3994
109000019,3735,1874,1861
109000020,1704,2973,-1269
109000023,367,52,315
109000024,8,275,-267
109000025,504,629,-125
109000026,1469,503,966
109000027,125,419,-294
109000028,192,149,43
109000029,168,257,-89
109000030,99,750,-651
109000031,275,172,103
109000032,214,747,-533
109000033,544,178,366
109000034,65,65,0
109000035,31,79,-48
109000036,109,476,-367
109000037,235,1343,-1108
109000038,706,587,119
109000039,1278,844,434
109000040,9170,8057,1113
109000041,7019,1939,5080
109000042,1605,1712,-107
109000044,610,105,505
109000045,177,557,-380
109000046,352,144,208
109000047,96,591,-495
109000048,1330,221,1109
109000049,574,753,-179
109000050,468,321,147
109000051,563,470,93
109000052,672,2353,-1681
109000053,270,152,118
109000054,430,1253,-823
109000055,428,472,-44
109000056,371,1030,-659
109000057,784,510,274
109000058,1318,385,933
109000059,1331,1466,-135
109000060,742,261,481
109000061,2223,1385,838
109000062,236,372,-136
109000063,424,361,63
109000064,264,266,-2
109000065,194,483,-289
109000066,457,228,229
109000067,64,599,-535
109000068,1805,11,1794
109000069,1097,66,1031
109000070,20,1505,-1485
109000071,499,105,394
109000072,161,458,-297
109000073,76,148,-72
109000074,54,314,-260
109000075,136,463,-327
109000076,146,268,-122
109000077,478,409,69
109000078,77,216,-139
109000079,151,313,-162
109000080,134,147,-13
109000081,151,897,-746
109000082,715,376,339
109000083,362,1359,-997
109000088,158,674,-516
109000089,274,57,217
109000090,293,641,-348
109000091,354,232,122
109000092,465,891,-426
109000093,224,225,-1
109000094,404,2,402
109000095,123,823,-700
109000096,686,356,330
109000097,109,201,-92
109000098,105,137,-32
109000099,972,719,253
109000100,274,871,-597
109000101,1661,1442,219
109000102,470,1333,-863
109000103,446,1085,-639
109000104,1697,996,701
109000105,591,2148,-1557
109000106,2531,1231,1300
109000107,817,3366,-2549
109000108,2231,1022,1209
109000109,622,3168,-2546
109000110,2117,841,1276
109000111,1664,3766,-2102
109000112,498,239,259
109000113,495,347,148
109000114,234,584,-350
109000115,1988,64,1924
109000116,14,308,-294
109000117,206,155,51
109000118,13,432,-419
109000119,1177,661,516
109000120,189,1594,-1405
109000121,337,93,244
109000122,167,1478,-1311
109000123,27,113,-86
109000124,639,688,-49
109000125,867,539,328
109000126,576,1473,-897
109000127,933,369,564
109000128,669,3137,-2468
109000129,2211,1072,1139
109000130,744,3828,-3084
109000131,1025,586,439
109000132,822,2871,-2049
109000133,549,1577,-1028
109000134,1175,2245,-1070
109000135,2116,2090,26
109000136,388,548,-160
109000137,444,498,-54
109000138,700,615,85
109000139,570,633,-63
109000140,285,788,-503
109000141,522,682,-160
109000142,158,768,-610
109000143,132,123,9
109000145,115,378,-263
109000146,83,206,-123
109000148,6794,2674,4120
109000149,56,86,-30
109000150,143,318,-175
109000155,850,904,-54
109000156,2172,1082,1090
109000158,254,437,-183
109000159,234,1067,-833
109000160,1217,388,829
109000161,455,2088,-1633
109000162,2494,1218,1276
109000163,1219,2949,-1730
109000164,1520,3699,-2179
109000165,1341,859,482
109000166,685,209,476
109000167,146,1389,-1243
109000170,46,77,-31
109000171,83,86,-3
109000172,63,119,-56
109000173,12,120,-108
109000174,101,82,19
109000175,76,216,-140
109000176,265,402,-137
109000177,26,232,-206
109000178,714,718,-4
109000179,11846,5883,5963
109000180,10108,5170,4938
109000181,16,75,-59
109000182,65,82,-17
109000183,40,54,-14
109000184,45,35,10
109000185,30,110,-80
109000188,747,3854,-3107
109000189,3249,1423,1826
109000190,811,765,46
109000191,433,817,-384
109000192,420,328,92
109000193,189,700,-511
109000194,261,158,103
109000195,135,617,-482
109000196,376,212,164
109000197,194,695,-501
109000198,361,121,240
109000199,177,822,-645
109000206,271,45,226
109000207,141,39,102
109000208,159,112,47
109000209,178,148,30
109000210,217,853,-636
109000211,570,706,-136
109000214,464,842,-378
109000215,237,118,119
109000216,369,281,88
109000217,295,145,150
109000218,472,300,172
109000221,637,1527,-890
109000222,1022,281,741
109000223,340,430,-90
109000224,69,319,-250
109000225,68,98,-30
109000226,84,441,-357
109000227,1168,2032,-864
109000228,1,508,-507
109000231,5,594,-589
109000232,315,620,-305
109000236,398,1152,-754
109000241,2868,3157,-289
109000242,2095,2055,40
109000293,35,107,-72
109000361,121,393,-272
109000364,305,903,-598
109000396,9,1001,-992
109000397,529,14,515
109000399,147,964,-817
109000400,80,453,-373
109000403,156,763,-607
109000406,605,11,594
109000407,373,336,37
109000408,3,1368,-1365
109000410,1380,343,1037
109000411,136,54,82
109900001,119,38,81
109900002,943,15,928
109900003,194,0,194
109900004,1000,313,687
109900005,37,17,20
109900006,472,381,91
109900007,848,1206,-358
109900008,0,77,-77
109900009,157,1230,-1073
109900010,566,25,541
109900011,115,54,61
109900012,336,281,55
109900013,476,253,223
109900014,434,103,331
109900015,662,239,423
109900016,136,64,72
109900017,195,260,-65
109900018,322,174,148
109900019,213,81,132
109900020,60,53,7
109900021,26,17,9
109900022,125,432,-307
109900023,16,2,14
109900024,19,5,14
109900025,23,127,-104
109900026,5,287,-282
109900027,41,39,2
109900028,3613,921,2692
109900029,7,759,-752
109900030,60,8,52
109900031,1,235,-234
109900032,15,478,-463
109900033,3,1032,-1029
109900034,28,2,26
109900035,15,17,-2
109900036,37,149,-112
109900037,40,903,-863
109900038,58,446,-388
109900039,16,2,14
109900040,36,914,-878
109900041,53,668,-615
109900042,85,784,-699
109900044,166,373,-207
109900045,171,63,108
109900046,15,119,-104
109900047,460,530,-70
109900048,15,111,-96
109900049,5,45,-40
109900050,1,313,-312
109900051,1,55,-54
109900052,159,448,-289
109900053,2,642,-640
109900054,641,370,271
109900055,67,424,-357
109900056,31,246,-215
109900057,11,333,-322
109900058,1,157,-156
109900059,634,213,421
109900060,564,248,316
109900061,119,414,-295
109900062,0,377,-377
109900063,30,546,-516
109900064,512,487,25
109900065,202,202,0
109900066,420,1519,-1099
109900067,2,564,-562
109900068,58,4,54
109900069,0,63,-63
109900070,70,443,-373
109900071,1,50,-49
109900072,34,241,-207
109900073,462,1036,-574
109900074,9,83,-74
109900075,40,59,-19
109900076,32,406,-374
109900077,23,104,-81
109900078,109,355,-246
109900080,187,543,-356
109900081,62,190,-128
109900082,64,708,-644
109900083,31,114,-83
109900084,84,263,-179
109900085,311,1353,-1042
109900086,182,600,-418
109900087,382,638,-256
109900089,794,193,601
109900090,659,1952,-1293
109900091,369,173,196
109900092,2596,22,2574
109900093,1030,163,867
109900094,104,171,-67
109900095,187,469,-282
109900096,39,4,35
109900097,116,1,115
109900098,383,75,308
109900099,214,3,211
109900100,61,7,54
109900101,454,27,427
109900102,531,32,499
109900103,49,86,-37
109900104,487,1378,-891
109900105,639,36,603
109900106,844,92,752
109900107,1004,153,851
109900108,125,1039,-914
109900109,48,319,-271
109900110,133,808,-675
109900111,418,1864,-1446
109900112,514,1294,-780
109900113,907,620,287
109900114,1116,826,290
109900115,185,116,69
109900117,1065,182,883
109900118,347,713,-366
109900119,837,424,413
109900120,51,34,17
109900121,806,442,364
109900122,478,12,466
109900123,27,290,-263
109900124,50,990,-940
109900125,2,264,-262
109900126,241,249,-8
109900128,253,100,153
109900130,17219,2709,14510
109900131,119,250,-131
109900132,55,281,-226
109900133,82,655,-573
109900134,82,151,-69
109900135,559,84,475
109900136,91,250,-159
109900137,82,620,-538
109900138,120,178,-58
109900140,268,520,-252
109900142,1197,475,722
109900145,9,442,-433
109900146,729,47,682
109900148,35,176,-141
109900149,46,85,-39
109900150,8,88,-80
109900151,11,62,-51
109900152,1,16,-15
109900153,1,44,-43
109900154,43,0,43
109900155,76,17,59
109900157,100,467,-367
109900158,70,184,-114
109900159,253,34,219
109900160,181,96,85
109900161,332,95,237
109900162,249,113,136
109900163,1137,566,571
109900164,89,360,-271
109900165,394,9,385
109900166,5,285,-280
109900167,292,775,-483
109900168,313,862,-549
109900169,172,260,-88
109900170,553,1238,-685
109900171,248,134,114
109900172,166,346,-180
109900173,6413,3032,3381
109900174,43,235,-192
109900175,107,90,17
109900176,140,300,-160
109900177,47,461,-414
109900178,18,176,-158
109900179,55,32,23
109900180,12,10,2
110000001,1183,831,352
110000002,888,960,-72
110000003,1529,954,575
110000004,767,889,-122
110000005,884,2331,-1447
110000006,809,569,240
110000007,208,280,-72
110000008,23,66,-43
110000009,84,63,21
110000010,61,93,-32
110000011,47,197,-150
110000012,1153,667,486
110000013,55,920,-865
110000014,846,553,293
110000015,413,1026,-613
110000016,435,2092,-1657
110000017,4966,398,4568
110000018,5216,758,4458
110000019,18,220,-202
110000020,766,335,431
110000021,1970,788,1182
110000022,1838,356,1482
110000023,7,319,-312
110000024,998,703,295
110000025,231,6,225
110000026,9,812,-803
110000027,1236,665,571
110000028,1092,1101,-9
110000029,620,1355,-735
110000030,284,610,-326
110000031,371,848,-477
110000032,916,613,303
110000033,360,190,170
110000034,866,1121,-255
110000035,1387,1197,190
110000036,1426,1092,334
110000037,305,1122,-817
110000038,284,1122,-838
110000039,1055,4268,-3213
110000040,565,635,-70
110000041,344,1728,-1384
110000042,137,510,-373
110000043,922,471,451
110000044,273,196,77
110000045,1660,168,1492
110000046,10,17,-7
110000047,35,39,-4
110000048,13,19,-6
110000049,103,13,90
110000050,13,22,-9
110000051,98,10,88
110000052,33,26,7
110000053,339,10,329
110000054,299,362,-63
110000055,755,73,682
110000056,418,94,324
110000057,456,1139,-683
110000058,1522,982,540
110000059,1190,727,463
110000060,984,1443,-459
110000061,1346,1240,106
110000062,987,1208,-221
110000063,32,139,-107
110000064,101,214,-113
110000065,110,140,-30
110000066,112,77,35
110000067,192,635,-443
110000068,291,710,-419
110000069,223,179,44
110000071,95,217,-122
110000073,8,39,-31
110000075,32,230,-198
110000076,391,693,-302
110000077,708,2996,-2288
110000078,25,91,-66
110000080,371,925,-554
110000081,51,545,-494
110000082,82,649,-567
110000083,316,843,-527
110000084,1112,1018,94
110000085,3141,2029,1112
110000086,1965,2484,-519
110000087,8,133,-125
110000088,53,401,-348
110000089,306,271,35
110000090,219,557,-338
110000091,2826,489,2337
110000092,29,146,-117
110000093,50,14,36
110000094,821,302,519
110000095,255,968,-713
110000096,4713,2318,2395
110000097,1199,1521,-322
110000098,2446,911,1535
110000099,1103,2147,-1044
110000100,769,1023,-254
110000101,22,690,-668
110000102,30,49,-19
110000104,360,136,224
110000105,137,382,-245
110000106,799,464,335
110000107,529,593,-64
110000108,216,48,168
110000109,385,452,-67
110000110,5636,5842,-206
110000111,10486,3562,6924
110000112,1998,1219,779
110000113,1106,3006,-1900
110000114,163,922,-759
110000115,267,479,-212
110000116,40,76,-36
110000117,247,787,-540
110000118,502,423,79
110000119,224,576,-352
110000120,557,360,197
110000121,188,541,-353
110000122,433,1006,-573
110000123,655,925,-270
110000124,2,1183,-1181
110000125,1234,11,1223
110000126,314,31,283
110000127,1265,119,1146
110000128,28,2172,-2144
110000129,6,745,-739
110000130,274,274,0
110000131,107,478,-371
110000132,7,895,-888
110000133,94,615,-521
110000134,28,551,-523
110000135,190,43,147
110000136,107,507,-400
110000137,791,1042,-251
110000138,932,1159,-227
110000139,897,2238,-1341
110000140,1734,801,933
110000143,1039,612,427
110000144,6461,2037,4424
110000145,1746,1414,332
110000146,2454,1587,867
110000147,552,1310,-758
110000148,407,439,-32
110000151,1969,861,1108
110000152,1445,592,853
110000153,127,72,55
110000154,86,54,32
110000155,2775,4580,-1805
110000156,1120,2919,-1799
110000157,2174,2691,-517
110000160,460,532,-72
110000161,178,704,-526
110000166,611,218,393
110000167,926,781,145
110000168,1001,448,553
110000169,896,409,487
110000170,162,148,14
110000171,765,238,527
110000172,239,1277,-1038
110000173,1545,1702,-157
110000174,256,2004,-1748
110000175,537,145,392
110000176,202,438,-236
110000177,222,1110,-888
110000178,824,1531,-707
110000179,2137,565,1572
110000180,162,476,-314
110000181,462,673,-211
110000182,430,331,99
110000183,19982,9532,10450
110000184,2074,4045,-1971
110000185,2675,1020,1655
110000186,1179,1180,-1
110000191,658,495,163
110000192,473,13,460
110000193,923,10,913
110000194,26,1725,-1699
110000195,415,516,-101
110000196,331,711,-380
110000197,176,305,-129
110000198,130,151,-21
110000199,94,196,-102
110000200,1878,676,1202
110000201,1131,1078,53
110000202,1803,645,1158
110000203,1107,1157,-50
110000204,5,397,-392
110000205,115,73,42
110000206,954,2197,-1243
110000207,854,490,364
110000208,314,218,96
110000209,178,1329,-1151
110000210,1001,1001,0
110000211,1271,1373,-102
110000212,657,1648,-991
110000213,174,113,61
110000214,210,183,27
110000215,156,879,-723
110000216,144,934,-790
110000217,319,260,59
110000218,174,646,-472
110000219,325,139,186
110000220,96,519,-423
110000221,360,101,259
110000222,50,362,-312
110000223,2,167,-165
110000224,94,15,79
110000225,284,871,-587
110000226,315,61,254
110000227,1192,1097,95
110000228,733,531,202
110000229,2,427,-425
110000230,1034,869,165
110000231,233,309,-76
110000232,247,302,-55
110000233,243,408,-165
110000234,1602,908,694
110000235,1674,1376,298
110000236,793,1171,-378
110000237,3132,1712,1420
110000238,1474,1818,-344
110000239,2384,1896,488
110000240,0,131,-131
110000242,1,15,-14
110000243,105,234,-129
110000244,235,746,-511
110000245,48,758,-710
110000246,945,980,-35
110000247,2023,9075,-7052
110000248,3315,2759,556
110000249,119,26,93
110000250,78,423,-345
110000251,305,991,-686
110000252,209,348,-139
110000253,1681,936,745
110000254,824,2395,-1571
110000255,317,1648,-1331
110000256,649,404,245
110000257,902,622,280
110000258,12,794,-782
110000259,132,31,101
110000260,34,618,-584
110000263,912,183,729
110000264,322,937,-615
110000265,1524,2549,-1025
110000266,2791,3441,-650
110000267,37,343,-306
110000268,332,785,-453
110000269,9,168,-159
110000270,60,7,53
110000271,3268,432,2836
110000272,1574,1417,157
110000273,4826,2114,2712
110000274,376,1981,-1605
110000275,4586,764,3822
110000276,243,528,-285
110000277,333,697,-364
110000278,405,1349,-944
110000279,918,977,-59
110000280,485,559,-74
110000281,40,283,-243
110000282,441,69,372
110000283,72,174,-102
110000284,64,74,-10
110000285,6,539,-533
110000286,33,2,31
110000287,107,3,104
110000288,13,153,-140
110000289,784,2167,-1383
110000290,1661,853,808
110000291,9507,1924,7583
110000292,1748,5553,-3805
110000293,670,1182,-512
110000294,962,1707,-745
110000295,163,1552,-1389
110000296,424,524,-100
110000297,3283,491,2792
110000298,366,1042,-676
110000299,664,82,582
110000301,447,46,401
110000302,456,1917,-1461
110000303,637,15,622
110000304,207,505,-298
110000305,1354,40,1314
110000306,202,2418,-2216
110000307,1617,8,1609
110000308,915,69,846
110000309,27,1621,-1594
110000310,760,179,581
110000311,22,1283,-1261
110000312,763,139,624
110000313,4653,5104,-451
110000314,9,594,-585
110000315,4614,3203,1411
110000316,834,1605,-771
110000317,1206,700,506
110000318,9,122,-113
110000319,21,40,-19
110000320,89,84,5
110000321,20,66,-46
110000322,492,807,-315
110000323,472,315,157
110000324,6701,1693,5008
110000325,3483,3821,-338
110000327,856,558,298
110000328,255,746,-491
110000333,1420,1027,393
110000334,1068,2145,-1077
110000335,1177,831,346
110000336,1199,1559,-360
110000337,2316,909,1407
110000338,441,331,110
110000339,355,352,3
110000340,71,317,-246
110000341,601,681,-80
110000342,809,6,803
110000343,0,19,-19
110000344,379,242,137
110000345,497,169,328
110000346,3333,2259,1074
110000347,1502,1176,326
110000348,42,62,-20
110000349,13,40,-27
110000350,48,8,40
110000351,978,1260,-282
110000352,705,2623,-1918
110000353,4641,1037,3604
110000354,1923,4969,-3046
110000355,114,168,-54
110000356,1052,17,1035
110000357,595,17,578
110000361,20,105,-85
110000362,66,251,-185
110000363,438,162,276
110000364,202,525,-323
110000365,269,5,264
110000366,1,150,-149
110000367,469,375,94
110000368,10,112,-102
110000369,67,4,63
110000373,4,416,-412
110000374,374,11,363
110000375,283,1625,-1342
110000376,44,108,-64
110000377,113,831,-718
110000378,26,540,-514
110000379,4557,2056,2501
110000380,95,15,80
110000383,6,1160,-1154
110000384,3048,1057,1991
110000385,4,333,-329
110000387,82,5,77
110000388,40,376,-336
110000389,1220,160,1060
110000391,559,476,83
110000396,164,175,-11
110000397,139,309,-170
110000398,8,55,-47
110000399,245,1,244
110000587,147,81,66
110000589,225,257,-32
110000640,200,132,68
110000652,43,190,-147
110000653,327,648,-321
110000654,81,76,5
110000656,1,967,-966
110000674,34,33,1
110000675,50,23,27
110000676,38,84,-46
110000679,596,1282,-686
110000682,133,255,-122
110000683,802,953,-151
110000684,22,139,-117
110000685,26,18,8
110000686,10,94,-84
110000687,27,8,19
110000688,98,1019,-921
110000689,31,101,-70
110000692,423,429,-6
110000693,491,347,144
110000694,1,234,-233
110000695,325,1203,-878
110000696,135,228,-93
110900001,381,19,362
110900002,506,750,-244
110900003,783,1487,-704
110900004,457,337,120
110900005,6522,2671,3851
110900006,55,23,32
110900007,163,45,118
110900008,13,48,-35
110900009,547,123,424
110900010,17,154,-137
110900011,33,185,-152
110900012,16,200,-184
110900013,1240,285,955
110900014,267,21,246
110900015,1364,726,638
110900016,55,258,-203
110900017,429,69,360
110900018,501,66,435
110900019,141,48,93
110900020,138,794,-656
110900021,100,941,-841
110900022,125,563,-438
110900023,153,1185,-1032
110900024,38,763,-725
110900025,49,192,-143
110900027,64,338,-274
110900028,64,273,-209
110900029,27,681,-654
110900030,49,512,-463
110900031,6,254,-248
110900032,1,122,-121
110900033,53,435,-382
110900035,44,849,-805
110900036,150,29,121
110900037,105,37,68
110900038,2127,345,1782
110900039,28,372,-344
110900040,259,61,198
110900041,30,311,-281
110900042,159,83,76
110900043,1,281,-280
110900044,376,30,346
110900045,56,854,-798
110900046,153,509,-356
110900047,1244,333,911
110900049,164,93,71
110900050,26,9,17
110900051,42,381,-339
110900052,3,325,-322
110900053,123,80,43
110900054,40,411,-371
110900055,35,1,34
110900056,73,217,-144
110900057,4,319,-315
110900058,272,436,-164
110900059,883,1146,-263
110900060,574,213,361
110900061,15,92,-77
110900062,187,459,-272
110900063,77,362,-285
110900064,8,0,8
110900065,632,200,432
110900066,15,166,-151
110900067,825,1018,-193
110900068,335,410,-75
110900069,5,42,-37
110900070,142,50,92
110900071,414,652,-238
110900073,1,46,-45
110900074,358,150,208
110900075,443,160,283
110900077,793,736,57
110900078,41,167,-126
110900079,2641,1279,1362
110900080,171,128,43
110900081,9,105,-96
110900082,121,352,-231
110900083,191,84,107
110900084,46,166,-120
110900085,68,609,-541
110900086,103,378,-275
110900087,407,126,281
110900088,8,1,7
110900090,59,68,-9
110900091,1,70,-69
110900093,510,161,349
110900095,65,109,-44
110900097,27,29,-2
110900098,49,169,-120
110900099,97,979,-882
110900100,0,22,-22
110900102,50,31,19
110900105,1738,732,1006
110900108,18,170,-152
110900111,545,280,265
110900112,890,8,882
110900113,725,81,644
110900115,27,165,-138
110900116,703,3566,-2863
110900118,205,3118,-2913
110900119,7880,714,7166
110900120,25,177,-152
110900121,107,1,106
110900122,492,251,241
110900125,362,487,-125
110900127,955,1389,-434
110900128,314,342,-28
110900129,489,720,-231
110900130,1553,667,886
110900131,358,81,277
110900132,326,72,254
110900133,149,364,-215
110900135,166,725,-559
110900136,363,37,326
110900137,173,2,171
110900138,2433,694,1739
110900139,144,137,7
110900140,151,13,138
110900141,9,254,-245
110900142,89,432,-343
110900143,180,136,44
110900144,10,1030,-1020
110900145,179,61,118
110900146,687,180,507
110900147,297,462,-165
110900148,13,556,-543
110900149,4,166,-162
110900150,104,33,71
110900151,16,164,-148
110900152,39,515,-476
110900153,164,77,87
111000001,710,519,191
111000002,795,1101,-306
111000003,1626,1420,206
111000004,981,1620,-639
111000005,2178,1917,261
111000006,1512,2082,-570
111000007,8152,5377,2775
111000008,5774,5368,406
111000009,408,1283,-875
111000010,1090,487,603
111000011,492,1190,-698
111000012,919,597,322
111000013,439,1646,-1207
111000014,1603,966,637
111000017,184,913,-729
111000018,330,518,-188
111000020,3496,3402,94
111000021,167,216,-49
111000023,123,290,-167
111000025,10265,4443,5822
111000029,128,140,-12
111000030,37,125,-88
111000031,2822,1685,1137
111000032,795,390,405
111000033,501,329,172
111000034,571,303,268
111000037,4136,1808,2328
111000038,5046,4170,876
111000039,2534,3914,-1380
111000040,2318,4250,-1932
111000041,2011,2705,-694
111000042,8281,3692,4589
111000043,3405,3715,-310
111000044,1714,1418,296
111000045,2624,2965,-341
111000046,2310,2003,307
111000047,3037,4584,-1547
111000049,617,786,-169
111000050,2639,2162,477
111000051,642,1697,-1055
111000052,831,2408,-1577
111000053,555,1745,-1190
111000054,447,1583,-1136
111000055,1417,2815,-1398
111000056,137,863,-726
111000057,70,1060,-990
111000058,304,185,119
111000059,441,470,-29
111000060,4310,1218,3092
111000061,670,488,182
111000062,1001,374,627
111000063,2310,1304,1006
111000064,647,887,-240
111000065,1298,1212,86
111000066,574,503,71
111000067,726,992,-266
111000068,590,1346,-756
111000069,2226,3147,-921
111000070,3677,1712,1965
111000071,295,1103,-808
111000072,1084,614,470
111000073,356,1191,-835
111000074,1955,2401,-446
111000075,1223,1404,-181
111000076,636,1404,-768
111000077,1799,2326,-527
111000078,3155,1812,1343
111000079,1865,1196,669
111000080,568,1130,-562
111000081,3175,6619,-3444
111000082,735,1065,-330
111000084,987,849,138
111000085,1589,2386,-797
111000086,6083,1912,4171
111000087,866,1122,-256
111000088,12282,2933,9349
111000089,1037,1150,-113
111000090,1459,1843,-384
111000091,1023,836,187
111000092,1480,1426,54
111000093,775,1202,-427
111000094,2533,1310,1223
111000095,991,2980,-1989
111000096,3461,9176,-5715
111000097,8080,1564,6516
111000098,950,1948,-998
111000099,726,3260,-2534
111000100,483,3050,-2567
111000101,618,1412,-794
111000102,221,1258,-1037
111000104,566,335,231
111000107,137,1198,-1061
111000109,646,387,259
111000110,2069,1081,988
111000111,2274,760,1514
111000112,2098,762,1336
111000113,1005,1566,-561
111000114,2335,3899,-1564
111000115,10651,1850,8801
111000116,1163,1568,-405
111000117,612,1453,-841
111000118,2007,1580,427
111000119,1149,2255,-1106
111000120,501,867,-366
111000121,347,921,-574
111000122,838,1390,-552
111000123,1332,4293,-2961
111000124,641,4641,-4000
111000125,293,2659,-2366
111000126,133,1376,-1243
111000127,951,267,684
111000128,1743,545,1198
111000129,3124,715,2409
111000130,2191,951,1240
111000131,1632,731,901
111000132,1343,836,507
111000133,170,244,-74
111000134,158,195,-37
111000135,48,215,-167
111000136,469,501,-32
111000138,7,20,-13
111000140,8,15,-7
111000141,330,574,-244
111000142,18,154,-136
111000143,2,111,-109
111000144,37,215,-178
111000145,1291,7,1284
111000146,60,15,45
111000147,245,52,193
111000148,308,162,146
111000149,5,55,-50
111000150,19,11,8
111000151,6,40,-34
111000153,830,899,-69
111000154,1038,284,754
111000155,129,278,-149
111000156,630,753,-123
111000157,206,1250,-1044
111000158,1268,961,307
111000159,4350,1061,3289
111000160,337,536,-199
111000161,20,411,-391
111000162,74,313,-239
111000163,610,1509,-899
111000164,1247,5992,-4745
111000165,1792,678,1114
111000166,2388,613,1775
111000167,242,759,-517
111000168,399,668,-269
111000169,399,859,-460
111000170,691,792,-101
111000171,656,1292,-636
111000172,134,831,-697
111000173,433,1968,-1535
111000174,228,1127,-899
111000175,70,561,-491
111000176,490,200,290
111000177,299,379,-80
111000178,1237,423,814
111000179,205,333,-128
111000180,337,473,-136
111000181,1064,489,575
111000182,181,327,-146
111000183,458,543,-85
111000184,481,426,55
111000185,444,725,-281
111000186,528,400,128
111000187,155,336,-181
111000188,231,650,-419
111000189,2066,905,1161
111000190,280,664,-384
111000191,193,659,-466
111000192,357,811,-454
111000193,565,523,42
111000194,66,558,-492
111000195,155,667,-512
111000196,68,424,-356
111000197,295,264,31
111000198,578,153,425
111000199,203,193,10
111000200,309,494,-185
111000201,600,371,229
111000202,260,301,-41
111000203,262,321,-59
111000204,492,967,-475
111000213,269,618,-349
111000214,1912,2595,-683
111000215,1145,1939,-794
111000217,1512,1482,30
111000218,1220,1453,-233
111000219,651,392,259
111000220,4139,1336,2803
111000221,1363,246,1117
111000224,9,856,-847
111000225,419,300,119
111000226,265,2,263
111000227,95,3,92
111000228,39,298,-259
111000229,53,730,-677
111000230,374,840,-466
111000231,1084,1801,-717
111000232,495,1196,-701
111000233,718,995,-277
111000234,124,406,-282
111000239,191,350,-159
111000240,55,220,-165
111000241,43,617,-574
111000242,170,108,62
111000243,107,1071,-964
111000244,389,196,193
111000245,1064,902,162
111000246,413,831,-418
111000247,262,1295,-1033
111000248,644,777,-133
111000249,485,1172,-687
111000250,71,231,-160
111000251,56,184,-128
111000253,28,27,1
111000255,36,13,23
111000257,43,27,16
111000260,124,1661,-1537
111000261,1259,127,1132
111000271,81,429,-348
111000273,10602,2434,8168
111000274,1708,3489,-1781
111000275,148,155,-7
111000276,383,3047,-2664
111000277,275,646,-371
111000278,867,408,459
111000291,729,7203,-6474
111000298,616,343,273
111000299,984,237,747
111000300,137,803,-666
111000302,314,137,177
111000303,76,440,-364
111000312,76,95,-19
111000315,0,460,-460
111000320,567,1049,-482
111000321,390,150,240
111000322,359,851,-492
111000323,210,31,179
111000324,489,387,102
111000325,55,111,-56
111000326,229,489,-260
111000327,500,782,-282
111000328,265,685,-420
111000329,2,29,-27
111000330,57,28,29
111000331,15,13,2
111000332,556,1926,-1370
111000334,466,2481,-2015
111000335,771,278,493
111000337,1005,529,476
111000338,50,165,-115
111000339,385,743,-358
111000340,129,1296,-1167
111000341,1173,775,398
111000342,293,469,-176
111000344,1200,1148,52
111000345,347,49,298
111000346,18,127,-109
111000347,153,8,145
111000350,285,188,97
111000351,124,379,-255
111000352,248,218,30
111000353,180,392,-212
111000354,703,329,374
111000355,349,1007,-658
111000358,198,2491,-2293
111000360,210,1352,-1142
111000361,114,675,-561
111000546,738,935,-197
111000547,360,1267,-907
111000548,137,298,-161
111000549,390,854,-464
111000550,105,857,-752
111000551,1048,317,731
111000552,2101,172,1929
111000907,682,297,385
111000908,31,2,29
111000916,1664,375,1289
111000917,65,631,-566
111000918,192,1631,-1439
111000920,442,16,426
111000921,7,557,-550
111000922,447,444,3
111000924,39,1672,-1633
111000925,2433,3090,-657
111000926,1044,3283,-2239
111000927,3578,7012,-3434
111000928,7043,5515,1528
111000929,1267,1483,-216
111000930,1078,3901,-2823
111000931,2406,3132,-726
111000932,5646,3385,2261
111000933,4531,2711,1820
111000934,3465,4561,-1096
111000935,1660,1359,301
111000936,1620,3323,-1703
111000937,1018,1768,-750
111000938,2566,3123,-557
111000939,493,89,404
111000940,407,257,150
111000941,376,985,-609
111000943,396,389,7
111000944,181,726,-545
111000945,127,3014,-2887
111001109,714,407,307
111001110,311,841,-530
111001111,58,8,50
111001112,298,9,289
111001113,9,165,-156
111001114,2208,177,2031
111001115,73,474,-401
111001116,8355,4439,3916
111001117,823,2023,-1200
111001120,120,580,-460
111001121,266,537,-271
111001122,239,983,-744
111001123,222,211,11
111001124,81,333,-252
111900001,8,178,-170
111900002,8,1251,-1243
111900003,8,798,-790
111900004,56,280,-224
111900006,11,64,-53
111900007,110,9,101
111900008,166,8,158
111900009,161,312,-151
111900010,396,810,-414
111900012,273,241,32
111900013,10,53,-43
111900014,10077,3694,6383
111900015,1,103,-102
111900016,2,151,-149
111900017,4,178,-174
111900018,220,2,218
111900019,4,115,-111
111900020,8,72,-64
111900021,51,174,-123
111900022,13,62,-49
111900023,120,81,39
111900024,0,77,-77
111900025,1,58,-57
111900026,0,91,-91
111900027,17,244,-227
111900028,1,564,-563
111900029,4,173,-169
111900030,95,671,-576
111900031,37,94,-57
111900032,1,578,-577
111900033,7,115,-108
111900034,381,964,-583
111900035,65,360,-295
111900036,2,518,-516
111900038,433,964,-531
111900039,96,742,-646
111900040,10,914,-904
111900042,66,263,-197
111900043,4,642,-638
111900044,434,484,-50
111900046,48,374,-326
111900048,177,1339,-1162
111900049,51,420,-369
111900050,138,39,99
111900051,8,428,-420
111900052,509,780,-271
111900053,2106,1249,857
111900054,181,3,178
111900055,86,949,-863
111900056,431,227,204
111900057,88,80,8
111900058,351,989,-638
111900059,4930,684,4246
111900060,451,3,448
111900061,50,448,-398
111900062,29,76,-47
111900063,256,371,-115
111900064,173,445,-272
111900065,107,49,58
111900066,157,249,-92
111900067,6,548,-542
111900068,38,71,-33
111900069,68,23,45
111900070,188,206,-18
111900071,5,459,-454
111900072,69,26,43
111900073,858,133,725
111900074,29,359,-330
111900075,69,11,58
111900076,166,58,108
111900077,59,1,58
111900078,275,14,261
111900079,43,25,18
111900080,328,264,64
111900081,568,110,458
111900082,156,17,139
111900083,112,23,89
111900084,79,10,69
111900085,62,115,-53
111900086,37,5,32
111900087,36,0,36
111900088,494,12,482
111900089,82,7,75
111900090,125,53,72
111900091,141,2,139
111900092,99,3,96
111900093,337,4,333
111900094,105,0,105
111900095,247,32,215
111900096,130,0,130
111900097,34,0,34
111900098,168,1,167
111900099,63,0,63
111900100,156,9,147
111900101,111,20,91
111900102,649,1227,-578
111900103,90,104,-14
111900104,225,126,99
111900105,420,221,199
111900106,2287,101,2186
111900107,74,93,-19
111900108,105,66,39
111900109,427,239,188
111900110,3967,554,3413
111900111,121,241,-120
111900112,1481,2656,-1175
111900113,414,119,295
111900114,79,70,9
111900115,9,27,-18
111900118,468,76,392
111900119,339,152,187
111900122,95,45,50
111900123,25,44,-19
111900124,35,110,-75
111900125,483,28,455
111900126,318,3,315
111900127,2,947,-945
111900128,11,898,-887
111900129,471,263,208
111900130,352,33,319
111900131,401,4,397
111900132,64,2065,-2001
111900133,17,676,-659
111900134,25,429,-404
111900135,9,39,-30
111900136,116,175,-59
111900137,88,63,25
111900138,11,105,-94
111900139,12,187,-175
111900140,97,41,56
111900141,66,24,42
111900142,100,38,62
111900143,19,392,-373
111900144,1,144,-143
111900145,2,717,-715
111900146,6,469,-463
111900147,255,657,-402
111900148,38,1124,-1086
111900149,3,493,-490
111900150,13,283,-270
111900151,2,29,-27
111900152,111,116,-5
111900153,1971,395,1576
111900154,16,292,-276
111900155,57,133,-76
111900156,31,72,-41
111900157,85,13,72
111900158,538,52,486
111900159,261,12,249
111900160,262,0,262
111900161,141,0,141
111900162,123,239,-116
111900163,58,488,-430
111900164,163,110,53
111901113,412,274,138
111901114,257,508,-251
111901115,108,2,106
111901116,63,3,60
111901117,32,36,-4
111901118,238,219,19
111901119,1576,174,1402
111901120,77,208,-131
111901121,282,466,-184
111901122,6,717,-711
111901123,133,594,-461
111901124,175,2,173
111901125,338,338,0
111901126,69,37,32
111901127,1302,578,724
111901128,9,202,-193
111901129,10,206,-196
111901130,13,365,-352
111901131,5,293,-288
111901132,110,10,100
111901133,62,3,59
111901134,71,1,70
111901135,23,22,1
111901136,31,48,-17
111901137,1,19,-18
111901138,182,61,121
111901139,26,94,-68
111901140,11,296,-285
111901141,12,545,-533
111901142,12,264,-252
111901143,5,174,-169
111901144,54,84,-30
111901145,273,411,-138
111901146,669,36,633
112000001,2346,1521,825
112000002,1040,4084,-3044
112000003,1375,1662,-287
112000004,975,2498,-1523
112000005,3141,3809,-668
112000006,2753,3419,-666
112000007,3020,2199,821
112000008,3331,5480,-2149
112000009,5727,6060,-333
112000010,3774,4744,-970
112000011,3026,3877,-851
112000012,9389,4698,4691
112000013,8330,5167,3163
112000014,4267,1514,2753
112000015,4512,5117,-605
112000016,11270,1873,9397
112000017,5206,3539,1667
112000024,2999,1264,1735
112000026,6196,7368,-1172
112000027,1296,804,492
112000028,2739,2588,151
112000029,562,1210,-648
112000030,281,182,99
112000031,2930,6954,-4024
112000032,737,125,612
112000033,3533,2370,1163
112000034,364,131,233
112000035,151,632,-481
112000036,1614,1363,251
112000037,2742,1214,1528
112000038,2239,1740,499
112000039,91,120,-29
112000040,208,353,-145
112000041,848,718,130
112000042,2086,499,1587
112000050,1316,2514,-1198
112000051,1396,1734,-338
112000054,3456,4343,-887
112000057,846,597,249
112000058,604,1094,-490
112000059,985,1294,-309
112000061,5719,2954,2765
112000062,2488,1452,1036
112000063,2361,2286,75
112000064,6202,8453,-2251
112000065,2948,3713,-765
112000066,4524,2059,2465
112000067,976,925,51
112000068,4121,2620,1501
112000069,1166,2987,-1821
112000070,3352,1307,2045
112000071,1214,3938,-2724
112000072,2466,1367,1099
112000073,2968,2629,339
112000074,2256,1415,841
112000075,1780,1877,-97
112000076,4663,3950,713
112000077,564,886,-322
112000078,1920,1175,745
112000079,1945,1963,-18
112000080,967,1328,-361
112000081,1876,3082,-1206
112000082,1781,1383,398
112000083,669,1961,-1292
112000084,1412,1373,39
112000085,1708,1740,-32
112000086,2379,2426,-47
112000087,358,702,-344
112000088,609,990,-381
112000089,538,492,46
112000090,542,557,-15
112000091,814,1686,-872
112000092,1791,1485,306
112000093,2060,1531,529
112000094,673,1259,-586
112000095,748,1408,-660
112000096,597,952,-355
112000097,1335,810,525
112000098,1438,2220,-782
112000099,903,1554,-651
112000100,1724,1422,302
112000101,638,1452,-814
112000102,1086,920,166
112000103,426,1725,-1299
112000105,566,2420,-1854
112000106,1427,584,843
112000107,39,388,-349
112000108,336,2394,-2058
112000109,131,143,-12
112000110,2233,812,1421
112000111,2203,6228,-4025
112000112,7455,1054,6401
112000113,1416,2839,-1423
112000114,5804,1689,4115
112000115,551,820,-269
112000116,795,1923,-1128
112000117,1710,1574,136
112000118,1473,1203,270
112000119,637,1252,-615
112000120,116,627,-511
112000121,126,883,-757
112000122,251,211,40
112000123,723,240,483
112000124,337,72,265
112000125,198,282,-84
112000126,160,979,-819
112000127,3989,2782,1207
112000128,1854,1401,453
112000129,106,148,-42
112000130,175,79,96
112000131,43,699,-656
112000132,133,341,-208
112000133,455,574,-119
112000134,625,566,59
112000135,1759,1094,665
112000136,1845,2021,-176
112000137,2919,3806,-887
112000138,3024,2130,894
112000139,1362,628,734
112000140,1291,1436,-145
112000141,1059,428,631
112000142,265,1312,-1047
112000143,1222,390,832
112000144,492,2430,-1938
112000145,2348,1001,1347
112000146,886,3306,-2420
112000147,2819,2414,405
112000148,2306,3561,-1255
112000149,440,1264,-824
112000150,195,1122,-927
112000151,379,988,-609
112000152,365,733,-368
112000153,282,512,-230
112000154,124,384,-260
112000155,297,148,149
112000157,2083,866,1217
112000158,333,1301,-968
112000159,535,588,-53
112000167,600,67,533
112000169,1391,689,702
112000173,795,278,517
112000175,800,756,44
112000176,5333,3362,1971
112000177,817,202,615
112000178,101,913,-812
112000179,298,214,84
112000180,365,504,-139
112000181,1855,2814,-959
112000182,1378,3096,-1718
112000183,92,102,-10
112000184,402,1000,-598
112000185,608,964,-356
112000187,4956,3464,1492
112000195,357,28,329
112000196,259,2,257
112000197,212,166,46
112000198,48,496,-448
112000199,1845,1627,218
112000202,397,4,393
112000216,101,387,-286
112000230,130,10,120
112000231,0,394,-394
112000256,72,386,-314
112000313,207,226,-19
112000314,70,26,44
112000337,356,890,-534
112000352,518,460,58
112000392,2658,2389,269
112000398,1492,1319,173
112000399,11041,3886,7155
112000400,2611,5789,-3178
112000401,3762,4026,-264
112000402,3440,3363,77
112000403,6306,4055,2251
112000404,746,964,-218
112000405,2005,3598,-1593
112000406,5126,4722,404
112000407,6751,9979,-3228
112000408,11189,10373,816
112000409,2423,7758,-5335
112000410,648,304,344
112000411,8408,2645,5763
112000412,1922,803,1119
112000413,15531,5926,9605
112000414,106,181,-75
112000415,160,83,77
112000416,2554,1957,597
112000417,267,104,163
112000421,73,292,-219
112000422,560,1013,-453
112000424,5260,3977,1283
112000425,650,1504,-854
112000426,218,504,-286
112000427,1,14,-13
112000428,237,756,-519
112000429,4169,5146,-977
112000430,5196,5031,165
112000431,102,238,-136
112000432,828,2583,-1755
112000433,835,1706,-871
112000437,74,327,-253
112900001,80,1,79
112900002,342,1633,-1291
112900003,65,493,-428
112900004,62,492,-430
112900005,202,330,-128
112900006,15,663,-648
112900007,52,342,-290
112900008,1,65,-64
112900009,481,175,306
112900010,393,1124,-731
112900011,451,501,-50
112900012,0,93,-93
112900013,2,389,-387
112900014,7,404,-397
112900015,599,1510,-911
112900016,5,367,-362
112900017,72,444,-372
112900018,1,454,-453
112900019,119,320,-201
112900020,614,2222,-1608
112900021,2,346,-344
112900022,30,139,-109
112900023,5,304,-299
112900024,52,356,-304
112900025,187,493,-306
112900026,4,425,-421
112900027,12,1830,-1818
112900028,49,258,-209
112900029,10,1060,-1050
112900030,307,310,-3
112900031,9,811,-802
112900032,223,461,-238
112900034,4,104,-100
112900035,7,779,-772
112900036,77,260,-183
112900037,384,216,168
112900038,757,222,535
112900039,24,485,-461
112900040,6,653,-647
112900041,2606,2027,579
112900042,84,691,-607
112900043,98,81,17
112900044,985,684,301
112900045,640,519,121
112900046,386,132,254
112900047,27,49,-22
112900049,219,129,90
112900050,145,897,-752
112900051,435,1148,-713
112900052,19,1622,-1603
112900053,557,194,363
112900054,393,65,328
112900055,242,37,205
112900056,678,316,362
112900057,14,1097,-1083
112900058,393,478,-85
112900059,187,233,-46
112900060,20,466,-446
112900061,116,323,-207
112900062,124,225,-101
112900063,178,16,162
112900064,264,308,-44
112900065,84,50,34
112900066,278,164,114
112900067,839,317,522
112900068,74,42,32
112900069,4009,1088,2921
112900071,23,2,21
112900072,483,2475,-1992
112900073,921,109,812
112900074,143,251,-108
112900075,3376,1207,2169
112900076,158,24,134
112900078,378,641,-263
112900079,356,28,328
112900080,47,7,40
112900081,56,266,-210
112900082,536,29,507
112900083,126,91,35
112900084,283,145,138
112900085,0,5,-5
112900086,61,1,60
112900087,850,217,633
112900088,131,16,115
112900089,893,44,849
112900090,48,20,28
112900091,248,6,242
112900092,272,348,-76
112900093,2167,39,2128
112900094,51,7,44
112900095,38,2,36
112900096,430,256,174
112900097,84,748,-664
112900098,252,5,247
112900099,746,18,728
112900100,58,0,58
112900101,230,3,227
112900102,379,20,359
112900103,214,6,208
112900104,182,6,176
112900105,15,0,15
112900106,652,244,408
112900107,6,1,5
112900108,43,2,41
112900109,91,0,91
112900110,1077,11,1066
112900111,735,3,732
112900112,335,0,335
112900113,0,20,-20
112900114,120,82,38
112900115,976,7,969
112900116,89,38,51
112900117,200,177,23
112900118,57,150,-93
112900119,210,6,204
112900120,1203,392,811
112900121,519,322,197
112900122,26,259,-233
112900123,245,26,219
112900124,13,227,-214
112900125,124,838,-714
112900126,234,334,-100
112900127,537,115,422
112900128,635,1194,-559
112900129,11,1452,-1441
112900130,323,96,227
112900131,94,352,-258
112900132,149,629,-480
112900133,45,2112,-2067
112900134,2,420,-418
112900135,163,103,60
112900136,1,38,-37
112900137,4,1115,-1111
112900138,4,768,-764
112900139,419,1829,-1410
112900140,0,54,-54
112900141,1156,53,1103
112900142,132,195,-63
112900143,72,881,-809
112900144,2,541,-539
112900145,52,736,-684
112900146,14,2101,-2087
112900147,3,3269,-3266
112900148,89,1,88
112900149,281,985,-704
112900151,30,83,-53
112900152,6441,1426,5015
112900153,3045,2708,337
112900154,5,198,-193
112900155,388,24,364
112900156,370,2593,-2223
112900157,245,14,231
112900158,55,36,19
112900159,267,109,158
112900160,48,466,-418
112900161,135,51,84
112900162,63,26,37
112900163,178,60,118
112900164,50,205,-155
112900165,190,80,110
112900166,68,92,-24
112900167,12,74,-62
112900168,5,1,4
112900169,4,22,-18
112900170,66,166,-100
112900172,93,17,76
112900173,329,221,108
112900174,425,65,360
112900175,239,292,-53
112900176,11,25,-14
112900177,267,64,203
112900178,1129,3890,-2761
112900179,55,744,-689
112900180,3409,2830,579
112900181,587,4,583
112900182,58,2024,-1966
112900183,291,518,-227
112900184,760,768,-8
112900185,541,830,-289
112900186,2642,1614,1028
112900187,158,703,-545
112900188,1169,1120,49
112900189,55,73,-18
112900190,168,79,89
112900192,842,991,-149
112900193,2031,618,1413
112900194,78,201,-123
112900195,1966,72,1894
112900196,379,856,-477
112900197,261,677,-416
112900199,591,892,-301
112900200,731,469,262
112900201,83,153,-70
112900202,439,1623,-1184
112900203,213,558,-345
112900204,1448,759,689
112900205,5,28,-23
112900206,23,102,-79
112900207,11,1,10
112900208,111,346,-235
112900209,669,650,19
112900210,0,32,-32
112900211,209,140,69
112900212,1,173,-172
112900213,40,54,-14
112900214,81,11,70
112900215,14,357,-343
112900216,39,159,-120
112900217,1,84,-83
112900218,39,56,-17
112900219,62,0,62
112900220,2,0,2
112900221,36,331,-295
112900222,0,88,-88
112900223,1493,34,1459
112900224,274,1140,-866
112900225,445,747,-302
112900226,346,592,-246
112900227,534,1956,-1422
112900228,46,61,-15
112900229,175,87,88
112900230,12659,6618,6041
112900232,317,332,-15
112900233,68,310,-242
112900234,15,174,-159
112900235,169,38,131
112900236,210,27,183
112900237,153,489,-336
112900238,11,53,-42
112900239,1240,621,619
113000001,7937,12915,-4978
113000002,5773,6251,-478
113000003,2983,5343,-2360
113000004,3125,4832,-1707
113000005,2914,2276,638
113000006,2330,2922,-592
113000007,2956,2346,610
113000008,3082,3382,-300
113000009,1532,1844,-312
113000010,1635,2865,-1230
113000011,1262,2115,-853
113000012,2005,1887,118
113000013,2063,1158,905
113000014,2183,2122,61
113000015,945,367,578
113000016,1114,1161,-47
113000017,154,410,-256
113000018,678,136,542
113000019,282,316,-34
113000020,256,51,205
113000021,4258,1071,3187
113000022,1019,1908,-889
113000025,249,576,-327
113000026,896,733,163
113000027,4225,610,3615
113000028,3302,630,2672
113000029,1308,992,316
113000030,688,935,-247
113000031,393,537,-144
113000032,394,533,-139
113000033,572,634,-62
113000034,695,695,0
113000035,65,57,8
113000036,49,75,-26
113000037,116,54,62
113000038,16,103,-87
113000039,139,1529,-1390
113000040,104,173,-69
113000042,1512,961,551
113000051,1194,3845,-2651
113000052,3593,2308,1285
113000053,597,1102,-505
113000054,473,1639,-1166
113000055,1527,1392,135
113000056,1213,1929,-716
113000058,1348,1079,269
113000059,1760,1021,739
113000060,272,803,-531
113000061,1283,1543,-260
113000062,2342,402,1940
113000063,157,486,-329
113000064,34,731,-697
113000065,199,1726,-1527
113000066,881,237,644
113000067,2176,2436,-260
113000068,476,2932,-2456
113000069,802,2085,-1283
113000070,2741,1808,933
113000071,485,1119,-634
113000072,829,987,-158
113000073,930,2451,-1521
113000074,1417,846,571
113000075,3235,1151,2084
113000076,2002,2645,-643
113000077,2171,951,1220
113000078,1513,4105,-2592
113000079,1446,1591,-145
113000080,1301,1082,219
113000081,1584,1527,57
113000082,2560,1366,1194
113000083,824,1399,-575
113000084,2787,1805,982
113000085,1106,1065,41
113000086,1730,2001,-271
113000087,1365,1459,-94
113000088,4884,2333,2551
113000089,1471,2515,-1044
113000090,485,1088,-603
113000091,967,626,341
113000094,2445,349,2096
113000095,635,1534,-899
113000096,297,1336,-1039
113000097,2056,586,1470
113000098,273,44,229
113000099,2459,519,1940
113000100,236,705,-469
113000101,706,887,-181
113000102,1075,543,532
113000103,4515,929,3586
113000104,668,5390,-4722
113000105,1171,715,456
113000106,667,938,-271
113000107,1496,1501,-5
113000108,1629,2596,-967
113000109,1147,9227,-8080
113000110,2470,1054,1416
113000111,368,2140,-1772
113000112,437,514,-77
113000113,2967,558,2409
113000114,371,3239,-2868
113000116,1325,390,935
113000117,1647,218,1429
113000118,455,990,-535
113000119,419,727,-308
113000120,83,440,-357
113000121,1174,1784,-610
113000124,418,241,177
113000125,135,1036,-901
113000127,4895,733,4162
113000128,849,1051,-202
113000129,984,2334,-1350
113000133,6270,2892,3378
113000134,12,2060,-2048
113000135,4787,6424,-1637
113000137,3193,4256,-1063
113000139,722,307,415
113000140,205,439,-234
113000141,749,319,430
113000142,1084,1963,-879
113000143,451,320,131
113000144,453,1080,-627
113000145,111,259,-148
113000146,138,137,1
113000147,247,215,32
113000148,179,251,-72
113000149,114,226,-112
113000150,801,723,78
113000151,165,122,43
113000152,56,284,-228
113000153,2640,992,1648
113000154,1086,2537,-1451
113000155,494,933,-439
113000156,194,675,-481
113000157,368,1533,-1165
113000158,839,393,446
113000159,1112,1212,-100
113000160,812,1923,-1111
113000161,307,820,-513
113000162,1001,821,180
113000163,151,136,15
113000164,32,142,-110
113000166,209,137,72
113000167,17,196,-179
113000168,68,208,-140
113000169,188,135,53
113000170,144,159,-15
113000171,56,97,-41
113000172,314,162,152
113000173,67,38,29
113000174,136,687,-551
113000175,461,204,257
113000176,572,296,276
113000177,203,631,-428
113000178,235,487,-252
113000179,445,290,155
113000180,1592,2686,-1094
113000181,1304,1223,81
113000182,359,1125,-766
113000183,292,836,-544
113000184,50,141,-91
113000189,735,1531,-796
113000190,1801,780,1021
113000192,3700,2052,1648
113000193,10334,1390,8944
113000194,4649,1484,3165
113000195,6123,1031,5092
113000196,306,218,88
113000197,4473,1715,2758
113000198,57,486,-429
113000199,2443,819,1624
113000201,2640,319,2321
113000202,7073,7902,-829
113000203,867,399,468
113000204,3659,2343,1316
113000205,61,59,2
113000206,23,64,-41
113000207,147,37,110
113000208,105,80,25
113000209,71,43,28
113000210,10,53,-43
113000211,631,359,272
113000212,579,49,530
113000213,48,500,-452
113000214,286,613,-327
113000234,233,1734,-1501
113000410,1139,387,752
113000411,4408,7461,-3053
113000412,13754,3670,10084
113000413,6271,4618,1653
113000414,12125,22306,-10181
113000415,3971,5747,-1776
113000416,13673,7633,6040
113000417,4789,6618,-1829
113000418,5573,4425,1148
113000419,2480,3526,-1046
113000420,5569,8577,-3008
113000421,6219,10414,-4195
113000422,21231,17646,3585
113000423,4218,6947,-2729
113000424,5989,15659,-9670
113000425,21,287,-266
113000428,375,78,297
113000430,84,347,-263
113000432,3040,283,2757
113000433,146,1424,-1278
113000434,40,297,-257
113000435,49,1035,-986
113000436,94,1725,-1631
113000437,928,52,876
113000438,285,17,268
113000439,22,255,-233
113000440,154,38,116
113000441,241,467,-226
113000442,164,362,-198
113000443,231,616,-385
113000444,233,441,-208
113000445,146,319,-173
113000446,46,198,-152
113000448,333,342,-9
113000449,681,2354,-1673
113000450,1773,11241,-9468
113000451,2542,340,2202
113000452,798,1353,-555
113000453,101,456,-355
113000454,3960,56,3904
113000455,54,321,-267
113000456,5904,4037,1867
113000468,4687,526,4161
113000469,1326,599,727
113000470,1013,161,852
113000471,27,984,-957
113000472,201,577,-376
113000474,507,1073,-566
113000475,2258,3381,-1123
113000476,1308,2655,-1347
113000477,3274,3072,202
113000478,5887,9077,-3190
113000479,100,390,-290
113000480,343,157,186
113000483,0,0,0
113000485,6,0,6
113000486,16,2,14
113000487,0,0,0
113000488,1,4,-3
113000489,0,3,-3
113000490,0,14,-14
113000491,7,7,0
113000492,2,7,-5
113000493,0,0,0
113000495,342,367,-25
113000496,151,188,-37
113000499,0,0,0
113000500,0,1,-1
113900001,4,480,-476
113900002,5,383,-378
113900003,3,312,-309
113900004,6,152,-146
113900005,5,150,-145
113900006,11,70,-59
113900007,590,35,555
113900008,931,1,930
113900009,1547,17,1530
113900010,1165,7,1158
113900011,122,4,118
113900012,47,11,36
113900013,2841,49,2792
113900014,927,1,926
113900015,0,58,-58
113900016,57,0,57
113900017,0,87,-87
113900018,711,250,461
113900019,159,150,9
113900020,155,1,154
113900022,38,0,38
113900023,29,0,29
113900024,69,144,-75
113900025,507,65,442
113900026,95,0,95
113900027,1,143,-142
113900028,34,726,-692
113900029,75,391,-316
113900030,230,4,226
113900031,35,1,34
113900032,36,0,36
113900033,89,166,-77
113900035,94,0,94
113900036,37,201,-164
113900037,143,799,-656
113900038,105,198,-93
113900039,193,14,179
113900040,8,20,-12
113900041,7,3,4
113900042,116,118,-2
113900043,362,275,87
113900044,346,239,107
113900045,84,3,81
113900046,367,809,-442
113900047,60,237,-177
113900048,316,118,198
113900049,1295,492,803
113900050,299,658,-359
113900051,469,694,-225
113900052,251,234,17
113900053,1019,825,194
113900054,59,5,54
113900055,175,624,-449
113900056,87,253,-166
113900057,13,198,-185
113900058,100,344,-244
113900059,422,596,-174
113900060,146,316,-170
113900061,1572,392,1180
113900062,136,23,113
113900063,152,208,-56
113900064,46,362,-316
113900065,871,38,833
113900066,453,668,-215
113900067,124,408,-284
113900068,623,640,-17
113900069,102,43,59
113900070,260,540,-280
113900071,105,111,-6
113900072,69,262,-193
113900073,488,575,-87
113900074,124,641,-517
113900075,1714,1668,46
113900076,297,15,282
113900077,67,271,-204
113900078,103,84,19
113900079,1,108,-107
113900080,611,348,263
113900081,93,370,-277
113900082,184,412,-228
113900083,272,923,-651
113900084,415,170,245
113900085,74,390,-316
113900086,30,21,9
113900087,70,228,-158
113900088,58,108,-50
113900089,526,84,442
113900090,980,600,380
113900091,40,70,-30
113900092,76,110,-34
113900093,184,1315,-1131
113900094,528,681,-153
113900095,274,205,69
113900096,400,80,320
113900097,15,238,-223
113900098,815,146,669
113900099,1,156,-155
113900100,0,6,-6
113900101,17,100,-83
113900102,266,186,80
113900103,534,364,170
113900104,209,312,-103
113900105,111,495,-384
113900106,2,187,-185
113900107,2,62,-60
113900108,447,320,127
113900109,649,243,406
113900110,87,21,66
113900111,168,138,30
113900112,143,146,-3
113900113,1326,751,575
113900114,2,216,-214
113900115,1,209,-208
113900116,184,192,-8
113900117,212,52,160
113900118,387,485,-98
113900119,368,625,-257
113900120,159,45,114
113900121,55,132,-77
113900122,708,2360,-1652
113900123,871,304,567
113900124,4,89,-85
113900125,2345,269,2076
113900126,277,98,179
113900127,320,1068,-748
113900128,189,70,119
113900129,20,177,-157
113900130,19,39,-20
113900131,335,163,172
113900132,119,91,28
113900133,28,56,-28
113900135,548,854,-306
113900136,157,126,31
113900137,593,405,188
113900138,114,344,-230
113900139,800,169,631
113900140,571,506,65
113900141,588,799,-211
113900142,196,139,57
113900143,8,58,-50
113900144,456,379,77
113900145,646,318,328
113900146,139,129,10
113900148,292,483,-191
113900149,299,183,116
113900150,1298,949,349
113900151,554,384,170
113900152,44,93,-49
113900153,585,914,-329
113900154,1,195,-194
113900155,330,233,97
113900156,358,805,-447
113900157,40,418,-378
113900158,1018,571,447
113900159,33,359,-326
113900160,751,1068,-317
113900161,133,313,-180
113900162,1004,1207,-203
113900163,560,446,114
113900164,315,61,254
113900165,1139,680,459
113900166,373,228,145
113900167,299,60,239
113900168,223,138,85
113900169,404,594,-190
113900171,214,98,116
113900172,18,301,-283
113900173,65,957,-892
113900174,650,929,-279
113900175,434,183,251
113900176,385,934,-549
113900177,618,287,331
113900178,551,176,375
113900179,18,992,-974
113900180,247,126,121
113900181,1257,197,1060
113900182,903,1294,-391
113900183,152,133,19
113900184,33,1082,-1049
113900185,310,159,151
113900186,75,88,-13
113900187,46,197,-151
113900188,78,270,-192
113900189,429,141,288
113900190,482,173,309
113900191,216,367,-151
113900192,10,767,-757
113900193,33,334,-301
113900194,3517,1741,1776
113900195,476,686,-210
113900196,16,194,-178
113900197,4,388,-384
113900198,48,254,-206
113900199,247,1173,-926
113900200,23,409,-386
113900201,2,361,-359
113900202,60,462,-402
113900203,3,280,-277
113900204,64,858,-794
113900205,6,333,-327
113900206,8,177,-169
113900207,0,92,-92
113900208,1,49,-48
113900209,1,122,-121
113900210,934,1197,-263
113900211,271,100,171
113900212,266,928,-662
113900214,717,662,55
113900215,96,220,-124
113900216,124,1847,-1723
113900217,83,402,-319
113900218,160,75,85
113900219,177,737,-560
113900220,331,187,144
113900221,727,246,481
113900222,580,882,-302
113900223,160,1499,-1339
113900224,159,104,55
113900225,1134,418,716
113900226,468,289,179
113900227,593,361,232
113900228,557,601,-44
113900229,68,1197,-1129
113900230,7311,4885,2426
113900231,235,410,-175
113900232,142,133,9
113900233,135,95,40
113900234,564,709,-145
113900235,112,42,70
113900236,184,670,-486
113900237,257,16,241
113900238,489,744,-255
113900239,258,124,134
113900240,12,237,-225
113900241,207,126,81
113900242,110,292,-182
113900243,176,739,-563
113900244,696,323,373
113900245,1880,458,1422
113900246,31,26,5
113900247,293,479,-186
113900248,4909,2845,2064
113900249,1834,577,1257
113900250,68,230,-162
113900251,829,323,506
113900252,569,24,545
113900253,837,84,753
113900254,1089,220,869
113900255,464,49,415
113900256,489,44,445
113900257,51,1042,-991
113900258,27,891,-864
113900259,618,384,234
113900260,180,18,162
113900261,84,145,-61
113900262,199,1046,-847
113900263,315,958,-643
113900264,13,765,-752
113900265,274,423,-149
113900266,35,346,-311
113900267,167,634,-467
113900268,471,602,-131
113900269,73,273,-200
113900270,644,595,49
113900271,824,1787,-963
113900273,176,14,162
113900274,72,31,41
113900275,63,91,-28
113900276,5,289,-284
113900277,168,6,162
113900278,439,316,123
113900279,137,154,-17
113900280,1824,722,1102
113900281,816,2104,-1288
113900282,1221,716,505
113900283,565,616,-51
113900284,1239,318,921
113900285,169,39,130
113900286,72,189,-117
113900287,52,116,-64
113900288,3,150,-147
113900289,1748,128,1620
113900290,713,256,457
113900291,205,311,-106
113900292,16,15,1
113900293,40,495,-455
113900294,576,54,522
113900295,779,565,214
113900296,3700,533,3167
113900297,2403,72,2331
113900298,22,2229,-2207
113900299,63,271,-208
113900300,8482,4967,3515
113900301,1492,600,892
113900302,3545,1428,2117
113900303,1010,526,484
113900304,0,196,-196
113900305,102,1,101
113900306,46,0,46
113900307,166,0,166
113900308,128,169,-41
113900309,5,1607,-1602
113900310,1,32,-31
113900311,7,0,7
113900312,258,232,26
113900313,15,18,-3
114000001,1492,6017,-4525
114000002,293,781,-488
114000003,44,628,-584
114000004,389,581,-192
114000005,253,443,-190
114000006,4068,3850,218
114000007,1114,2414,-1300
114000008,2194,2146,48
114000009,888,358,530
114000011,3453,5508,-2055
114000012,2893,4515,-1622
114000013,2040,3468,-1428
114000014,553,618,-65
114000015,1818,830,988
114000016,279,518,-239
114000017,251,434,-183
114000018,886,98,788
114000026,1920,2608,-688
114000027,3458,3375,83
114000028,3221,3833,-612
114000038,285,255,30
114000039,103,145,-42
114000040,116,316,-200
114000042,241,310,-69
114000043,102,321,-219
114000044,123,57,66
114000045,66,109,-43
114000046,4309,7857,-3548
114000047,44,142,-98
114000048,271,88,183
114000049,2181,2398,-217
114000050,2418,3123,-705
114000051,4046,2756,1290
114000052,4701,1929,2772
114000053,113,867,-754
114000054,260,2055,-1795
114000055,356,54,302
114000056,1551,931,620
114000057,15595,3817,11778
114000058,1014,1810,-796
114000059,487,398,89
114000060,1315,1192,123
114000061,6269,2823,3446
114000062,3743,1855,1888
114000063,4344,2630,1714
114000064,9492,5076,4416
114000065,2706,4149,-1443
114000066,579,949,-370
114000067,57,881,-824
114000068,526,941,-415
114000069,1819,974,845
114000070,3398,2429,969
114000071,1099,1017,82
114000072,475,762,-287
114000073,12,195,-183
114000074,44,19,25
114000075,64,273,-209
114000076,20,294,-274
114000077,11,127,-116
114000078,314,1365,-1051
114000079,126,45,81
114000080,131,207,-76
114000081,90,117,-27
114000082,76,829,-753
114000083,60,431,-371
114000084,383,127,256
114000085,137,1217,-1080
114000086,364,880,-516
114000087,110,375,-265
114000088,79,101,-22
114000089,2813,820,1993
114000090,1124,1198,-74
114000091,2719,1183,1536
114000092,1494,840,654
114000093,1459,1186,273
114000094,500,693,-193
114000095,429,167,262
114000096,174,589,-415
114000097,187,1070,-883
114000098,545,107,438
114000099,542,1358,-816
114000100,1498,1363,135
114000101,398,1417,-1019
114000102,453,482,-29
114000103,147,661,-514
114000104,26,644,-618
114000105,185,108,77
114000106,2209,1170,1039
114000107,331,183,148
114000108,4331,1727,2604
114000109,494,1187,-693
114000110,741,2626,-1885
114000111,1884,1007,877
114000112,499,2748,-2249
114000113,1221,625,596
114000114,1622,2297,-675
114000115,2285,1128,1157
114000116,878,871,7
114000117,3260,632,2628
114000118,2691,785,1906
114000119,2119,683,1436
114000120,820,1306,-486
114000121,613,1111,-498
114000122,495,392,103
114000123,2011,471,1540
114000124,1678,550,1128
114000125,1074,2442,-1368
114000126,2111,339,1772
114000127,244,332,-88
114000128,1215,758,457
114000130,638,836,-198
114000131,291,180,111
114000132,669,1035,-366
114000133,1390,2496,-1106
114000134,112,282,-170
114000138,91,316,-225
114000139,683,312,371
114000144,1077,742,335
114000145,128,268,-140
114000146,153,504,-351
114000147,1702,2225,-523
114000148,3092,2508,584
114000149,430,352,78
114000150,1188,1079,109
114000151,1623,1472,151
114000152,257,60,197
114000153,1160,2532,-1372
114000154,1402,1117,285
114000155,2348,3583,-1235
114000156,1836,785,1051
114000157,460,1712,-1252
114000158,3261,1148,2113
114000159,274,643,-369
114000160,169,401,-232
114000161,2727,3328,-601
114000162,1492,2784,-1292
114000163,19,223,-204
114000165,740,335,405
114000166,1139,485,654
114000167,6993,1935,5058
114000168,1150,950,200
114000169,3356,1339,2017
114000170,1444,1053,391
114000171,1366,2348,-982
114000174,365,730,-365
114000176,1289,573,716
114000177,3619,1202,2417
114000178,57,83,-26
114000179,1868,1287,581
114000180,791,1075,-284
114000181,2523,4479,-1956
114000182,11681,3308,8373
114000183,1191,1032,159
114000184,756,2347,-1591
114000185,1499,1383,116
114000189,895,178,717
114000190,2716,412,2304
114000191,50,102,-52
114000192,433,2641,-2208
114000193,1157,4702,-3545
114000194,1758,1786,-28
114000195,188,33,155
114000196,1,535,-534
114000197,1523,16,1507
114000198,1808,595,1213
114000199,3098,1798,1300
114000200,874,3362,-2488
114000201,428,1376,-948
114000202,1470,1091,379
114000203,602,1180,-578
114000204,146,800,-654
114000205,324,2406,-2082
114000206,754,2214,-1460
114000207,870,3380,-2510
114000208,683,4929,-4246
114000209,862,4411,-3549
114000210,452,2377,-1925
114000211,1278,2408,-1130
114000212,1075,1074,1
114000213,1629,963,666
114000214,140,276,-136
114000215,278,122,156
114000216,2258,677,1581
114000217,266,521,-255
114000218,148,374,-226
114000219,1549,380,1169
114000220,26,1909,-1883
114000221,950,255,695
114000222,275,1955,-1680
114000223,583,176,407
114000224,139,1327,-1188
114000225,312,864,-552
114000226,131,334,-203
114000227,938,590,348
114000228,1061,1371,-310
114000229,1407,1909,-502
114000230,2118,2062,56
114000231,1144,1974,-830
114000232,758,228,530
114000233,2457,177,2280
114000234,1443,1311,132
114000235,1301,2240,-939
114000236,1,841,-840
114000237,110,1547,-1437
114000238,189,386,-197
114000239,299,2061,-1762
114000240,909,930,-21
114000241,298,1421,-1123
114000242,1091,1413,-322
114000243,2503,1245,1258
114000244,1252,510,742
114000245,484,927,-443
114000246,256,58,198
114000247,1157,1049,108
114000248,1337,893,444
114000249,677,797,-120
114000250,659,1030,-371
114000251,422,434,-12
114000252,95,204,-109
114000253,69,463,-394
114000254,28,182,-154
114000255,1643,341,1302
114000256,3467,1865,1602
114000257,635,2322,-1687
114000258,469,525,-56
114000259,159,417,-258
114000260,0,34,-34
114000261,117,77,40
114000262,154,235,-81
114000263,32,5,27
114000264,1131,1029,102
114000265,0,7,-7
114000267,8,2326,-2318
114000268,3,2477,-2474
114000270,220,7,213
114000271,701,126,575
114000283,1250,639,611
114000285,57,419,-362
114000288,74,602,-528
114000289,1436,175,1261
114000293,191,706,-515
114000294,238,393,-155
114000395,2387,136,2251
114000396,537,632,-95
114000402,552,526,26
114000403,340,896,-556
114000405,127,758,-631
114000423,355,754,-399
114000424,394,288,106
114000425,722,695,27
114000426,377,1202,-825
114000427,60,156,-96
114000428,293,175,118
114000429,31,289,-258
114000432,102,201,-99
114000434,54,163,-109
114000435,15,280,-265
114000436,7349,1999,5350
114000437,839,3193,-2354
114900001,711,2026,-1315
114900002,840,133,707
114900003,570,2942,-2372
114900004,245,559,-314
114900005,599,1344,-745
114900006,70,101,-31
114900007,286,27,259
114900008,229,170,59
114900010,3617,2466,1151
114900011,199,174,25
114900013,280,199,81
114900015,118,465,-347
114900018,1251,46,1205
114900020,337,107,230
114900022,5,1163,-1158
114900024,392,209,183
114900025,451,421,30
114900026,55,160,-105
114900027,252,384,-132
114900029,25,56,-31
114900030,347,392,-45
114900031,375,51,324
114900032,359,64,295
114900033,2777,723,2054
114900034,81,304,-223
114900035,175,500,-325
114900036,361,1273,-912
114900037,110,290,-180
114900038,246,1121,-875
114900039,572,806,-234
114900040,100,439,-339
114900041,638,847,-209
114900042,874,1068,-194
114900043,1296,490,806
114900044,182,38,144
114900046,124,194,-70
114900047,336,1948,-1612
114900048,124,439,-315
114900049,14,378,-364
114900050,41,849,-808
114900051,48,749,-701
114900052,102,346,-244
114900053,120,373,-253
114900054,97,183,-86
114900057,264,15,249
114900058,2,110,-108
114900059,76,62,14
114900060,1939,931,1008
114900061,136,203,-67
114900062,427,529,-102
114900063,87,332,-245
114900064,1309,799,510
114900065,408,924,-516
114900067,68,547,-479
114900068,127,297,-170
114900069,376,273,103
114900070,512,907,-395
114900072,11,464,-453
114900073,0,287,-287
114900074,625,1330,-705
114900075,297,11,286
114900076,9,545,-536
114900080,4198,675,3523
114900082,5613,2159,3454
114900083,1954,1470,484
114900090,391,336,55
114900091,247,371,-124
114900095,624,185,439
114900096,656,1123,-467
114900097,147,1,146
114900098,9,347,-338
114900099,206,9,197
115000001,11815,8664,3151
115000002,5013,5517,-504
115000003,6835,6359,476
115000004,5258,7371,-2113
115000005,2718,4235,-1517
115000006,1651,2523,-872
115000007,126,406,-280
115000008,940,776,164
115000009,384,586,-202
115000010,704,269,435
115000013,130,348,-218
115000015,91,493,-402
115000016,308,341,-33
115000019,58,768,-710
115000020,299,833,-534
115000021,377,772,-395
115000022,857,562,295
115000023,496,872,-376
115000024,1739,787,952
115000025,1246,1100,146
115000026,176,746,-570
115000027,282,462,-180
115000028,300,1160,-860
115000029,910,296,614
115000030,1012,1512,-500
115000031,1614,573,1041
115000032,12,363,-351
115000033,211,38,173
115000034,240,1671,-1431
115000035,1522,92,1430
115000036,1,566,-565
115000037,741,19,722
115000038,65,243,-178
115000039,4564,3796,768
115000040,9603,4772,4831
115000041,1903,3919,-2016
115000042,1392,1122,270
115000043,4575,3273,1302
115000044,4686,5924,-1238
115000045,4079,3299,780
115000046,2587,3982,-1395
115000047,2115,2920,-805
115000048,2040,4118,-2078
115000049,2064,5074,-3010
115000050,4274,2914,1360
115000051,2969,3597,-628
115000052,3908,2876,1032
115000053,2109,2419,-310
115000054,842,2041,-1199
115000055,172,558,-386
115000056,263,483,-220
115000057,795,811,-16
115000058,243,210,33
115000059,236,166,70
115000061,426,158,268
115000062,467,454,13
115000063,271,518,-247
115000064,287,228,59
115000065,151,460,-309
115000067,340,50,290
115000069,102,607,-505
115000070,64,1832,-1768
115000071,151,12,139
115000072,17,121,-104
115000073,2701,118,2583
115000075,136,144,-8
115000076,6833,4924,1909
115000077,2565,4571,-2006
115000078,1472,2508,-1036
115000079,1786,3500,-1714
115000080,3023,4187,-1164
115000081,591,1417,-826
115000082,4747,5320,-573
115000083,2729,4038,-1309
115000084,2434,2054,380
115000085,911,1568,-657
115000086,1295,1640,-345
115000087,745,2441,-1696
115000088,2482,1115,1367
115000089,2225,2124,101
115000090,1172,1386,-214
115000091,538,1686,-1148
115000092,506,514,-8
115000093,700,3,697
115000094,13428,7245,6183
115000095,9947,7077,2870
115000096,941,3300,-2359
115000097,896,1277,-381
115000098,1342,1254,88
115000099,2718,5145,-2427
115000100,1101,811,290
115000101,556,2277,-1721
115000102,630,386,244
115000103,463,1150,-687
115000105,71,281,-210
115000106,561,462,99
115000107,252,971,-719
115000108,6059,3875,2184
115000109,8820,4948,3872
115000110,1866,1635,231
115000111,1044,2694,-1650
115000112,886,1001,-115
115000113,835,1341,-506
115000114,2352,1243,1109
115000116,5879,2735,3144
115000117,5955,3736,2219
115000118,2835,2373,462
115000119,2953,3256,-303
115000120,833,1574,-741
115000121,2142,1440,702
115000122,5519,3491,2028
115000123,2867,3002,-135
115000124,1610,1732,-122
115000125,939,866,73
115000126,365,373,-8
115000127,870,313,557
115000128,1534,1113,421
115000129,657,415,242
115000130,505,1546,-1041
115000131,1008,480,528
115000132,247,778,-531
115000133,757,545,212
115000134,546,380,166
115000135,458,358,100
115000136,309,306,3
115000137,235,312,-77
115000138,294,401,-107
115000139,364,357,7
115000140,312,322,-10
115000141,218,484,-266
115000142,188,485,-297
115000143,720,796,-76
115000144,713,162,551
115000145,393,573,-180
115000146,790,403,387
115000147,1258,796,462
115000148,492,2284,-1792
115000149,864,381,483
115000150,1055,1963,-908
115000151,1080,802,278
115000152,1277,2291,-1014
115000153,2212,977,1235
115000154,1066,559,507
115000155,1240,1944,-704
115000156,2824,996,1828
115000157,2350,1429,921
115000158,1743,656,1087
115000159,1664,849,815
115000160,994,1255,-261
115000161,872,909,-37
115000162,987,969,18
115000163,1082,770,312
115000164,1038,740,298
115000165,710,605,105
115000167,322,138,184
115000168,1565,356,1209
115000169,2218,486,1732
115000170,393,156,237
115000171,608,258,350
115000172,2893,936,1957
115000173,713,780,-67
115000174,195,380,-185
115000175,432,171,261
115000176,319,175,144
115000177,392,209,183
115000178,47,466,-419
115000179,56,64,-8
115000180,184,1329,-1145
115000181,724,213,511
115000182,920,742,178
115000183,366,1617,-1251
115000186,820,487,333
115000187,284,1247,-963
115000188,735,1024,-289
115000189,413,662,-249
115000190,1631,938,693
115000191,820,809,11
115000194,262,227,35
115000195,520,460,60
115000196,215,226,-11
115000197,272,523,-251
115000198,335,422,-87
115000199,426,396,30
115000200,417,217,200
115000201,239,636,-397
115000206,521,156,365
115000207,222,619,-397
115000208,894,1168,-274
115000209,898,488,410
115000210,166,191,-25
115000211,348,411,-63
115000212,3487,426,3061
115000224,580,150,430
115000225,77,107,-30
115000229,358,261,97
115000230,131,863,-732
115000231,404,3616,-3212
115000232,1845,432,1413
115000233,325,297,28
115000234,50,393,-343
115000241,89,413,-324
115000242,114,571,-457
115000243,67,435,-368
115000244,10,142,-132
115000246,67,23,44
115000247,55,17,38
115000248,31,26,5
115000249,44,38,6
115000250,781,90,691
115000251,316,280,36
115000252,147,394,-247
115000253,19,578,-559
115000258,347,466,-119
115000259,524,245,279
115000261,23,60,-37
115000262,22,40,-18
115000263,18,85,-67
115000264,40,75,-35
115000267,96,157,-61
115000268,46,204,-158
115000269,228,120,108
115000270,11,37,-26
115000272,104,235,-131
115000273,411,48,363
115000280,3261,255,3006
115000281,1063,665,398
115000282,2824,866,1958
115000284,449,242,207
115000296,1212,10,1202
115000297,784,186,598
115000298,323,442,-119
115000300,310,304,6
115000302,534,352,182
115000303,849,252,597
115000304,882,187,695
115000305,114,1658,-1544
115000306,215,920,-705
115000307,130,360,-230
115000308,129,48,81
115000309,34,63,-29
115000310,1285,1465,-180
115000311,876,2395,-1519
115000313,159,1237,-1078
115000314,409,182,227
115000315,1543,504,1039
115000316,67,128,-61
115000317,215,981,-766
115000318,1287,544,743
115000319,119,488,-369
115000320,26,479,-453
115000321,798,23,775
115000322,60,419,-359
115000449,540,413,127
115000557,4,1604,-1600
115000558,818,96,722
115000587,764,662,102
115000588,4460,5109,-649
115000589,5338,3992,1346
115000590,1622,2295,-673
115000591,2375,1335,1040
115000592,1320,2656,-1336
115000593,2269,1140,1129
115000594,1220,3316,-2096
115000609,169,169,0
115000617,3060,4381,-1321
115000624,336,124,212
115000633,643,3361,-2718
115000634,4764,1454,3310
115000635,707,228,479
115000638,1923,1238,685
115000641,126,170,-44
115000642,540,501,39
115000643,150,834,-684
115000644,260,572,-312
115000646,1106,1899,-793
115000647,303,908,-605
115000648,1941,2865,-924
115000893,4775,2369,2406
115000894,172,1849,-1677
115000895,689,1245,-556
115000896,1803,529,1274
115000897,708,207,501
115000898,1321,321,1000
115000899,1478,1995,-517
115000900,210,741,-531
115000901,117,213,-96
115000912,394,175,219
115000913,0,77,-77
115000915,109,1,108
115000916,20,1,19
115000917,0,16,-16
115000918,143,442,-299
115000919,25,37,-12
115000920,205,121,84
115000921,1763,403,1360
115000922,2593,1325,1268
115000923,1029,1151,-122
115000925,102,131,-29
115000927,49,64,-15
115000933,769,210,559
115000934,199,319,-120
115000935,117,190,-73
115000936,55,634,-579
115000937,1404,274,1130
115000938,109,229,-120
115000939,148,220,-72
115900001,98,84,14
115900002,109,293,-184
115900003,203,162,41
115900004,3,86,-83
115900005,185,20,165
115900006,217,670,-453
115900008,55,17,38
115900009,110,573,-463
115900010,327,369,-42
115900011,643,395,248
115900012,165,144,21
115900013,634,262,372
115900014,140,221,-81
115900015,101,173,-72
115900016,90,87,3
115900017,11,4,7
115900018,239,164,75
115900019,715,52,663
115900020,32,1,31
115900021,2495,221,2274
115900022,3870,29,3841
115900023,56,8,48
115900025,124,350,-226
115900026,1136,474,662
115900027,0,498,-498
115900028,813,145,668
115900029,19,715,-696
115900030,74,21,53
115900031,648,384,264
115900032,642,1223,-581
115900033,0,56,-56
115900034,26,767,-741
115900035,65,46,19
115900036,338,977,-639
115900037,59,719,-660
115900038,180,25,155
115900039,225,454,-229
115900041,620,750,-130
115900042,80,10,70
115900043,155,244,-89
115900044,469,416,53
115900046,206,404,-198
115900047,218,155,63
115900049,175,337,-162
115900051,3,129,-126
115900052,8,331,-323
115900053,236,389,-153
115900054,205,108,97
115900055,15,120,-105
115900056,280,563,-283
115900057,137,13,124
115900058,22,75,-53
115900060,130,210,-80
115900061,299,2,297
115900062,54,336,-282
115900063,64,20,44
115900064,280,550,-270
115900065,150,166,-16
115900066,309,314,-5
115900067,13,1076,-1063
115900068,4409,1032,3377
115900069,89,334,-245
115900070,268,318,-50
115900071,1,759,-758
115900072,73,374,-301
115900073,65,98,-33
115900074,11,512,-501
115900075,33,440,-407
115900076,2,113,-111
115900077,13,453,-440
115900078,59,209,-150
115900079,252,23,229
115900080,797,431,366
115900081,26,104,-78
115900082,206,206,0
115900084,390,25,365
115900085,140,93,47
115900086,2484,738,1746
115900088,66,61,5
115900089,280,939,-659
115900090,281,60,221
115900091,44,45,-1
115900092,36,290,-254
115900093,5,93,-88
115900094,2,536,-534
115900096,4,43,-39
115900097,13,756,-743
115900098,201,765,-564
115900099,142,99,43
115900100,11,816,-805
115900101,178,696,-518
115900102,73,150,-77
115900103,378,417,-39
115900104,65,224,-159
115900105,203,1043,-840
115900106,54,68,-14
115900107,66,203,-137
115900108,95,58,37
115900109,90,626,-536
115900110,1,40,-39
115900111,2,94,-92
115900112,89,1614,-1525
115900113,34,68,-34
115900114,1,207,-206
115900115,64,270,-206
115900116,108,1489,-1381
115900117,58,47,11
115900118,4,395,-391
115900119,582,211,371
115900120,30,627,-597
115900121,176,445,-269
115900124,262,773,-511
115900125,296,71,225
115900126,693,125,568
115900127,730,94,636
115900128,11,73,-62
115900129,882,69,813
115900130,28,292,-264
115900131,350,43,307
115900132,538,12,526
115900134,300,23,277
115900135,671,1163,-492
115900137,26,6,20
115900139,79,107,-28
115900140,236,42,194
115900141,15,80,-65
115900142,35,27,8
115900143,345,513,-168
115900144,116,399,-283
115900146,8,231,-223
115900147,427,384,43
115900148,37,5,32
115900149,79,41,38
115900150,76,107,-31
115900151,15,94,-79
115900152,158,617,-459
115900153,182,352,-170
115900154,1092,450,642
115900155,0,176,-176
115900156,726,1021,-295
115900157,202,680,-478
115900158,35,20,15
115900159,126,393,-267
115900160,3,7,-4
115900161,140,296,-156
115900163,190,221,-31
115900164,538,71,467
115900165,3,272,-269
115900166,267,437,-170
115900168,152,242,-90
115900171,195,737,-542
115900172,75,178,-103
115900173,314,170,144
115900174,610,257,353
115900175,124,339,-215
115900178,14,931,-917
115900179,221,46,175
115900180,65,478,-413
115900181,203,371,-168
115900182,418,491,-73
115900183,199,74,125
115900184,2237,18,2219
115900187,10,152,-142
115900189,2,281,-279
115900190,908,1700,-792
115900191,80,632,-552
115900192,24,100,-76
115900193,157,192,-35
115900194,583,57,526
115900195,846,1833,-987
115900198,310,496,-186
115900199,191,413,-222
115900200,361,520,-159
115900201,585,392,193
115900202,2,36,-34
115900203,25,6,19
115900204,1,13,-12
115900205,214,38,176
115900206,169,218,-49
115900207,41,59,-18
115900208,131,440,-309
115900209,0,192,-192
115900210,3,185,-182
115900211,2,339,-337
115900212,174,412,-238
115900213,148,83,65
115900214,399,445,-46
115900215,37,83,-46
115900216,7,115,-108
115900217,1,98,-97
115900218,0,63,-63
115900219,70,23,47
115900220,123,15,108
115900221,85,30,55
115900222,56,38,18
115900223,18,301,-283
115900224,2635,1008,1627
115900225,117,49,68
115900226,13,72,-59
115900227,23,77,-54
115900228,8,69,-61
115900229,5,113,-108
115900230,64,148,-84
115900231,167,3,164
115900232,92,6,86
115900233,96,36,60
115900234,36,43,-7
115900235,37,42,-5
115900236,120,34,86
115900237,39,31,8
115900238,45,31,14
115900239,21,38,-17
115900240,9,83,-74
115900241,202,174,28
115900242,395,471,-76
115900243,28,7,21
115900244,15,22,-7
115900245,86,18,68
115900246,14,7,7
115900247,42,14,28
115900248,16,8,8
115900249,14,25,-11
115900250,34,44,-10
115900251,3,13,-10
115900252,3,10,-7
115900253,9,17,-8
115900254,52,43,9
115900255,9,39,-30
115900256,34,74,-40
115900257,3,5,-2
115900258,0,2,-2
115900259,2,3,-1
115900260,15,4,11
115900261,16,0,16
115900262,1,3,-2
115900263,4,8,-4
115900264,31,11,20
115900265,4,7,-3
115900266,5,14,-9
115900267,9,17,-8
115900268,25,15,10
115900269,489,665,-176
115900270,453,1127,-674
115900271,91,0,91
115900272,48,4,44
115900273,22,17,5
115900274,2,46,-44
115900275,2,74,-72
115900276,0,104,-104
115900277,0,195,-195
115900278,41,202,-161
115900279,18,264,-246
115900280,14,436,-422
115900281,829,251,578
115900282,31,12,19
115900283,0,3,-3
115900284,1,0,1
116000001,18778,9268,9510
116000002,6661,14728,-8067
116000003,2122,2688,-566
116000004,4772,4572,200
116000005,7135,5725,1410
116000006,6975,2557,4418
116000007,5371,5988,-617
116000008,5640,3489,2151
116000009,2627,3458,-831
116000010,2352,1838,514
116000011,1229,2775,-1546
116000012,1334,1144,190
116000013,28708,7626,21082
116000014,26846,18265,8581
116000015,1001,2550,-1549
116000016,13180,6357,6823
116000017,58,1057,-999
116000018,962,824,138
116000019,1617,566,1051
116000020,849,2116,-1267
116000021,881,542,339
116000022,483,724,-241
116000023,2146,1304,842
116000024,915,1874,-959
116000025,1927,886,1041
116000026,2657,3551,-894
116000027,1512,888,624
116000028,647,1388,-741
116000029,1467,1026,441
116000030,943,687,256
116000031,211,422,-211
116000032,804,391,413
116000033,586,830,-244
116000034,1409,1707,-298
116000035,948,1210,-262
116000036,2908,979,1929
116000037,1209,1091,118
116000038,1286,764,522
116000039,1019,439,580
116000040,2542,424,2118
116000041,398,683,-285
116000042,882,364,518
116000043,91,620,-529
116000044,33,96,-63
116000045,3189,2000,1189
116000046,2474,1953,521
116000047,3523,4302,-779
116000048,3530,2582,948
116000049,1606,3396,-1790
116000050,1855,2482,-627
116000051,6420,3014,3406
116000052,6064,6432,-368
116000053,3268,1710,1558
116000054,1566,3824,-2258
116000055,745,2042,-1297
116000056,983,1908,-925
116000057,5484,2968,2516
116000058,4989,3386,1603
116000059,3301,8770,-5469
116000060,3577,1265,2312
116000061,1557,1970,-413
116000062,1717,285,1432
116000063,1407,1967,-560
116000066,342,965,-623
116000067,309,868,-559
116000068,554,571,-17
116000069,456,682,-226
116000078,484,1451,-967
116000080,2188,1614,574
116000082,9,120,-111
116000083,1747,641,1106
116000084,3417,5339,-1922
116000085,2565,2058,507
116000086,3130,1732,1398
116000087,1823,1856,-33
116000088,1286,1973,-687
116000089,309,182,127
116000090,221,236,-15
116000091,497,233,264
116000093,1027,1299,-272
116000094,913,1089,-176
116000095,1045,1536,-491
116000096,1082,2106,-1024
116000097,1010,1773,-763
116000098,513,8320,-7807
116000099,17731,660,17071
116000100,184,33,151
116000101,863,2286,-1423
116000102,375,2621,-2246
116000103,493,412,81
116000104,227,2937,-2710
116000105,1342,315,1027
116000106,769,1873,-1104
116000107,2861,672,2189
116000108,653,267,386
116000111,188,21,167
116000113,128,114,14
116000114,21,201,-180
116000115,322,147,175
116000116,362,690,-328
116000117,1846,3256,-1410
116000118,1507,2499,-992
116000119,3067,2615,452
116000120,3187,6976,-3789
116000121,917,842,75
116000122,1737,2822,-1085
116000123,1068,793,275
116000124,479,1508,-1029
116000125,2946,1135,1811
116000126,422,2081,-1659
116000127,1531,2155,-624
116000128,1955,1453,502
116000129,1279,261,1018
116000130,687,541,146
116000133,878,1576,-698
116000134,2446,3719,-1273
116000135,2604,1920,684
116000136,1558,3121,-1563
116000137,1257,1054,203
116000138,1078,812,266
116000139,2324,3062,-738
116000140,276,360,-84
116000141,428,1307,-879
116000142,5584,4926,658
116000143,2268,2504,-236
116000144,1854,4024,-2170
116000145,1861,2201,-340
116000146,429,429,0
116000147,680,186,494
116000148,726,645,81
116000149,857,888,-31
116000151,972,1143,-171
116000153,135,901,-766
116000155,459,471,-12
116000156,1060,1860,-800
116000157,82,55,27
116000158,685,591,94
116000159,20,20,0
116000160,27,192,-165
116000161,4,210,-206
116000162,157,120,37
116000163,35,23,12
116000164,20,25,-5
116000177,470,222,248
116000194,151,708,-557
116000195,3288,936,2352
116000196,18,20,-2
116000197,15,44,-29
116000198,6123,2096,4027
116000200,1206,596,610
116000201,1071,1000,71
116000202,16,554,-538
116000203,5,103,-98
116000204,19,71,-52
116000205,0,225,-225
116000206,0,126,-126
116000207,11,70,-59
116000233,297,1132,-835
116000287,223,778,-555
116000288,286,457,-171
116000292,176,332,-156
116000296,19,399,-380
116000297,105,18,87
116000304,129,78,51
116000305,19,134,-115
116000346,316,335,-19
116000352,306,85,221
116000354,309,31,278
116000357,60,37,23
116000358,302,86,216
116000361,162,4,158
116000372,16166,5448,10718
116000381,167,1,166
116000388,1,58,-57
116000389,1107,921,186
116000445,357,922,-565
116000446,589,1772,-1183
116000447,30,616,-586
116000448,1128,599,529
116000563,1262,1264,-2
116000565,107,497,-390
116000566,2,47,-45
116000568,73,366,-293
116000579,36,136,-100
116000584,36,11,25
116000585,49,24,25
116000586,354,205,149
116000587,856,991,-135
116000589,33,94,-61
116000590,84,89,-5
116000591,193,448,-255
116000592,17,166,-149
116000593,2,73,-71
116000594,731,647,84
116000595,941,282,659
116000596,101,7,94
116000597,273,82,191
116000598,10,226,-216
116000602,132,1059,-927
116000605,553,292,261
116000606,84,332,-248
116000607,10,114,-104
116000609,374,1082,-708
116000611,166,725,-559
116000612,738,2817,-2079
116000613,604,608,-4
116000614,662,1035,-373
116000615,1,300,-299
116000616,93,200,-107
116000617,106,167,-61
116000618,2,294,-292
116000619,59,55,4
116000620,97,95,2
116000621,26,201,-175
116000622,56,262,-206
116000624,241,93,148
116000627,37,51,-14
116000628,49,851,-802
116000629,20,755,-735
116000630,344,110,234
116000631,86,122,-36
116000632,344,494,-150
116000633,100,734,-634
116000634,401,88,313
116000635,4523,2511,2012
116000636,2667,1447,1220
116000637,311,24,287
116000638,34,731,-697
116900001,314,215,99
116900002,398,3,395
116900003,42,135,-93
116900004,66,75,-9
116900005,299,100,199
116900006,226,204,22
116900007,211,313,-102
116900008,350,582,-232
116900009,29,8,21
116900010,7,3118,-3111
116900011,15,102,-87
116900012,229,350,-121
116900013,10,338,-328
116900014,103,436,-333
116900015,421,130,291
116900016,206,2,204
116900017,11,1184,-1173
116900018,112,82,30
116900019,31,673,-642
116900020,2746,986,1760
116900023,96,18,78
116900024,575,97,478
116900025,1258,1356,-98
116900026,272,1259,-987
116900027,29,124,-95
116900028,7,271,-264
116900029,16,81,-65
116900031,0,6,-6
116900032,7,609,-602
116900033,24,25,-1
116900034,18,138,-120
116900035,207,502,-295
116900036,4,179,-175
116900038,14,2,12
116900041,85,51,34
116900042,1107,349,758
116900043,18,178,-160
116900047,178,124,54
116900049,71,559,-488
116900050,182,965,-783
116900051,101,416,-315
116900052,371,110,261
116900055,1,12,-11
116900057,59,552,-493
116900058,38,868,-830
116900059,8,299,-291
116900060,487,324,163
116900062,2,4,-2
116900064,102,1569,-1467
116900065,29,264,-235
116900067,144,227,-83
116900068,190,488,-298
116900070,5,2,3
116900072,33,705,-672
116900073,14,354,-340
116900074,21,87,-66
116900076,19,37,-18
116900077,10,274,-264
116900078,278,209,69
116900079,49,735,-686
116900080,25,37,-12
116900081,516,2476,-1960
116900082,509,1358,-849
116900083,60,104,-44
116900084,566,79,487
116900085,38,225,-187
116900086,54,484,-430
116900088,627,127,500
116900090,187,94,93
116900091,356,174,182
116900092,108,1395,-1287
116900093,2113,3648,-1535
116900094,8787,6364,2423
116900095,719,218,501
116900096,170,437,-267
116900097,7710,3466,4244
116900098,1132,418,714
116900099,1001,923,78
116900100,1016,58,958
116900101,426,1075,-649
116900103,1,1,0
116900104,79,160,-81
116900105,421,138,283
116900106,1645,476,1169
116900107,7196,3348,3848
116900110,20,0,20
116900111,453,1793,-1340
116900112,349,2119,-1770
116900113,5265,1642,3623
116900116,219,457,-238
116900117,87,174,-87
116900118,1183,1064,119
116900120,262,230,32
116900121,74,71,3
116900122,719,1191,-472
116900123,273,1159,-886
116900124,193,1939,-1746
116900125,354,390,-36
116900126,472,898,-426
116900128,3,42,-39
116900129,4,500,-496
116900130,1841,4519,-2678
116900131,137,265,-128
116900132,63,109,-46
116900133,120,96,24
116900134,405,249,156
116900136,308,289,19
116900137,797,257,540
116900138,174,281,-107
116900139,75,584,-509
116900140,222,223,-1
116900141,732,441,291
116900142,1,81,-80
116900143,261,559,-298
116900144,28,102,-74
116900145,225,396,-171
116900147,1184,387,797
116900148,2,66,-64
116900149,62,275,-213
116900150,8,7,1
116900151,88,26,62
116900153,125,127,-2
116900154,980,509,471
116900155,145,87,58
116900157,585,514,71
116900158,683,296,387
116900159,74,474,-400
116900160,1791,606,1185
116900161,14763,8193,6570
116900162,35,185,-150
116900163,143,271,-128
116900164,107,77,30
116900165,341,245,96
116900166,26,188,-162
116900167,527,123,404
116900168,463,122,341
116900169,1695,548,1147
116900170,330,496,-166
116900171,28,434,-406
116900172,469,260,209
116900173,229,105,124
116900174,35,58,-23
116900175,546,245,301
116900178,34,280,-246
116900179,183,288,-105
116900180,188,50,138
116900182,569,469,100
116900183,216,149,67
116900185,37,61,-24
116900186,130,477,-347
116900187,52,65,-13
116900188,175,28,147
116900189,114,0,114
116900191,471,796,-325
116900192,336,295,41
116900194,121,1188,-1067
116900195,65,17,48
116900196,21,128,-107
116900197,110,7,103
116900198,408,305,103
116900200,55,37,18
116900201,142,17,125
116900202,204,74,130
116900203,160,7,153
116900204,57,142,-85
116900206,23,33,-10
116900207,43,58,-15
116900208,14,251,-237
116900209,59,243,-184
116900210,609,355,254
116900211,295,27,268
116900212,51,166,-115
116900213,225,379,-154
116900214,184,135,49
116900215,84,146,-62
116900216,656,388,268
116900218,9,538,-529
116900219,1359,592,767
116900220,120,350,-230
116900221,69,482,-413
116900222,517,545,-28
116900223,161,347,-186
116900226,71,151,-80
116900227,226,125,101
116900228,506,516,-10
116900230,71,573,-502
116900231,43,749,-706
116900232,14,862,-848
116900233,290,158,132
116900234,23,10,13
116900235,152,415,-263
116900238,2020,705,1315
116900239,215,1796,-1581
116900240,12516,5190,7326
116900241,81,295,-214
116900242,478,682,-204
116900243,3,215,-212
116900245,54,23,31
116900246,123,19,104
116900247,620,25,595
116900248,120,73,47
116900249,377,242,135
116900250,347,90,257
116900251,807,610,197
116900252,114,1605,-1491
116900253,171,159,12
116900254,15,164,-149
116900255,107,62,45
116900256,336,207,129
116900257,33,972,-939
116900258,4,468,-464
116900259,152,16,136
116900260,2,248,-246
116900261,42,1,41
116900262,198,267,-69
116900263,0,23,-23
116900264,0,13,-13
116900265,35,2,33
116900266,10,130,-120
116900267,4,2,2
116900268,275,10,265
116900269,595,1034,-439
116900271,2208,326,1882
116900272,634,947,-313
116900273,781,80,701
116900274,111,142,-31
116900275,136,233,-97
116900276,1337,108,1229
116900277,1036,39,997
116900278,9,36,-27
116900279,1,34,-33
116900280,34,66,-32
116900281,14359,5217,9142
116900282,11,269,-258
116900283,15,248,-233
116900284,11,396,-385
116900285,623,726,-103
116900286,315,30,285
116900287,8,158,-150
116900288,54,209,-155
116900289,14,62,-48
116900290,8,66,-58
116900291,16,14,2
116900292,0,5,-5
116900293,57,99,-42
116900294,79,222,-143
116900295,937,57,880
116900296,248,110,138
116900297,23,190,-167
116900298,278,73,205
116900299,187,60,127
116900300,18,248,-230
116900301,142,121,21
116900302,157,70,87
116900303,1118,142,976
116900304,0,207,-207
116900305,25,176,-151
116900306,117,177,-60
117000001,3198,2917,281
117000002,3533,7928,-4395
117000003,13714,4611,9103
117000004,7755,9032,-1277
117000005,2805,2590,215
117000006,1970,7029,-5059
117000007,4992,2107,2885
117000008,2169,8414,-6245
117000009,6602,2856,3746
117000010,4227,8007,-3780
117000011,2678,3325,-647
117000012,2037,2811,-774
117000013,2847,1941,906
117000014,2532,4263,-1731
117000015,6301,1996,4305
117000016,2116,77,2039
117000017,1424,243,1181
117000018,602,796,-194
117000019,615,6,609
117000020,906,2563,-1657
117000021,4044,1218,2826
117000022,1398,91,1307
117000023,1539,246,1293
117000024,1797,158,1639
117000025,4686,698,3988
117000026,10254,1222,9032
117000027,4442,2879,1563
117000028,6804,2037,4767
117000030,1480,1091,389
117000031,570,358,212
117000032,4725,2197,2528
117000033,2150,1797,353
117000034,696,703,-7
117000035,509,436,73
117000036,670,771,-101
117000037,469,393,76
117000038,566,1200,-634
117000039,610,519,91
117000040,263,1815,-1552
117000041,893,262,631
117000044,77,1696,-1619
117000045,769,118,651
117000046,906,996,-90
117000047,1293,826,467
117000048,3664,2754,910
117000049,196,947,-751
117000050,277,3561,-3284
117000051,2569,273,2296
117000052,38,727,-689
117000053,447,157,290
117000054,2012,9,2003
117000055,28,5653,-5625
117000056,868,32,836
117000057,1038,4047,-3009
117000060,553,2786,-2233
117000061,3084,1913,1171
117000062,469,786,-317
117000063,3079,1392,1687
117000064,1310,1453,-143
117000066,2003,1428,575
117000067,426,664,-238
117000074,199,466,-267
117000076,144,119,25
117000077,191,193,-2
117000078,199,1189,-990
117000079,548,338,210
117000080,3,575,-572
117000081,1711,205,1506
117000082,46,131,-85
117000083,272,20,252
117000084,777,7,770
117000085,372,996,-624
117000086,1708,1009,699
117000087,150,847,-697
117000088,385,468,-83
117000089,1916,602,1314
117000090,411,2306,-1895
117000091,865,574,291
117000092,571,2518,-1947
117000093,1453,1142,311
117000094,1663,4781,-3118
117000095,4010,1450,2560
117000096,807,4193,-3386
117000097,1567,2006,-439
117000098,4003,8440,-4437
117000099,3750,1796,1954
117000100,230,399,-169
117000101,354,2289,-1935
117000102,2091,1046,1045
117000103,1216,2983,-1767
117000104,1543,1041,502
117000105,1342,2802,-1460
117000106,1526,1354,172
117000107,835,3194,-2359
117000108,1929,1680,249
117000109,3010,4364,-1354
117000110,1820,1364,456
117000111,5789,8457,-2668
117000112,4426,3642,784
117000113,193,474,-281
117000114,198,238,-40
117000115,97,223,-126
117000116,121,372,-251
117000117,3475,1045,2430
117000118,899,196,703
117000119,844,212,632
117000120,1114,536,578
117000121,294,1849,-1555
117000122,1231,2415,-1184
117000123,4206,37,4169
117000124,1543,99,1444
117000125,1593,137,1456
117000126,209,43,166
117000127,417,638,-221
117000128,794,1340,-546
117000129,1749,499,1250
117000130,235,3,232
117000131,0,137,-137
117000132,3497,102,3395
117000133,1305,336,969
117000134,2,93,-91
117000135,8,35,-27
117000136,4,43,-39
117000137,144,105,39
117000138,2,1017,-1015
117000140,588,2837,-2249
117000141,1952,1010,942
117000181,1459,345,1114
117000182,322,544,-222
117000195,255,2099,-1844
117000196,287,108,179
117000225,331,13,318
117000226,27,258,-231
117000276,311,18,293
117000277,7,849,-842
117000310,4187,5187,-1000
117000315,71,2475,-2404
117000320,176,0,176
117000906,362,15,347
117000907,29,694,-665
117000908,300,20,280
117000909,205,76,129
117000910,280,246,34
117000911,197,397,-200
117000915,14,1139,-1125
117000916,56,22,34
117000917,1269,66,1203
117000918,107,135,-28
117000919,11,233,-222
117000920,9,2385,-2376
117000921,7,2380,-2373
117000922,90,292,-202
117000924,1398,1436,-38
117000926,1570,110,1460
117000927,2923,921,2002
117000928,1,317,-316
117000929,262,1034,-772
117000930,221,36,185
117000931,703,240,463
117900002,579,733,-154
117900003,1033,857,176
117900005,25,277,-252
117900006,0,39,-39
117900007,326,199,127
117900008,0,71,-71
117900010,938,108,830
117900011,88,30,58
117900012,72,257,-185
117900013,3,795,-792
117900014,1497,264,1233
117900015,45,229,-184
117900016,3192,957,2235
117900017,929,571,358
117900018,411,75,336
117900019,590,569,21
117900020,88,525,-437
117900021,39,150,-111
117900022,40,18,22
117900023,903,1055,-152
117900024,94,145,-51
117900025,64,29,35
117900026,433,582,-149
117900028,385,23,362
117900029,294,1493,-1199
117900030,539,385,154
117900031,825,188,637
117900032,1216,755,461
117900033,223,1278,-1055
117900034,89,104,-15
117900035,276,104,172
117900036,282,935,-653
117900037,138,184,-46
117900038,49,565,-516
117900039,9,152,-143
117900040,164,943,-779
117900041,7,82,-75
117900042,8372,974,7398
117900043,85,95,-10
117900044,93,5933,-5840
117900045,332,280,52
117900048,275,385,-110
117900049,204,961,-757
117900050,19,70,-51
117900051,183,11,172
117900052,113,595,-482
117900053,1648,924,724
117900054,6,62,-56
117900055,216,660,-444
117900056,686,81,605
117900057,1379,2284,-905
117900058,348,27,321
117900059,1424,147,1277
117900060,1996,8678,-6682
117900061,40,455,-415
117900063,516,436,80
117900065,1163,1895,-732
117900066,25,119,-94
117900067,413,515,-102
117900069,1181,663,518
117900070,554,14,540
117900071,249,259,-10
117900073,550,685,-135
117900074,615,29,586
117900075,153,175,-22
117900076,69,61,8
117900077,330,219,111
117900078,354,931,-577
117900080,608,93,515
117900081,771,771,0
117900082,502,546,-44
117900083,462,1061,-599
117900086,239,71,168
117900087,162,88,74
117900088,3962,4169,-207
117900089,2231,756,1475
117900090,766,1104,-338
117900091,462,253,209
117900092,110,73,37
117900093,71,131,-60
117900094,51,26,25
117900095,764,827,-63
117900096,81,435,-354
117900097,269,168,101
117900098,23,16,7
117900099,251,554,-303
117900100,228,4,224
117900101,775,2124,-1349
117900102,57,96,-39
117900103,49,2,47
117900104,23,213,-190
117900105,210,441,-231
117900106,108,96,12
117900107,36,2,34
117900109,686,524,162
117900110,70,0,70
117900111,461,23,438
117900112,64,24,40
117900113,10311,3752,6559
117900114,15,2,13
117900115,388,64,324
117900116,1392,2007,-615
117900117,552,530,22
117900118,59,0,59
117900119,113,432,-319
117900120,157,266,-109
117900121,189,43,146
117900122,2524,3921,-1397
117900123,1254,994,260
117900124,1145,1239,-94
117900125,2171,1744,427
117900126,340,1162,-822
117900127,738,989,-251
117900128,466,1372,-906
117900129,86,0,86
117900130,1476,764,712
117900131,2,178,-176
117900132,21,185,-164
117900133,7,183,-176
117900134,85,334,-249
117900135,29,326,-297
117900136,0,81,-81
117900137,46,455,-409
117900138,0,86,-86
117900139,112,216,-104
117900140,8992,579,8413
117900141,826,373,453
117900142,97,43,54
117900144,257,109,148
117900145,21,96,-75
117900146,864,161,703
117900147,76,123,-47
117900148,6460,1713,4747
117900149,78,280,-202
117900150,72,169,-97
117900151,113,193,-80
117900152,216,154,62
117900153,66,219,-153
117900154,764,1136,-372
117900156,1338,1715,-377
117900157,137,705,-568
117900158,239,197,42
117900160,823,688,135
117900161,4006,4376,-370
117900162,568,748,-180
117900163,321,23,298
117900165,0,31,-31
117900166,178,521,-343
117900168,28,283,-255
117900169,3,255,-252
117900170,1,94,-93
117900171,4,31,-27
117900172,25,75,-50
117900173,249,130,119
117900174,64,125,-61
117900175,4,101,-97
117900176,21,131,-110
117900177,19,92,-73
117900178,180,65,115
117900180,465,67,398
117900181,442,407,35
117900182,12,44,-32
117900183,82,288,-206
117900184,23,95,-72
117900185,51,79,-28
117900186,44,32,12
117900187,25,31,-6
117900188,300,67,233
117900189,85,30,55
117900190,14,2,12
117900191,153,10,143
117900192,309,0,309
117900193,14,133,-119
117900194,14,9,5
117900195,14,68,-54
117900196,20,35,-15
117900207,308,240,68
117900208,51,63,-12
117900209,248,322,-74
117900210,210,370,-160
117900211,12,365,-353
117900212,158,270,-112
117900213,24,26,-2
117900214,5,95,-90
117900215,30,46,-16
117900216,148,32,116
117900217,431,283,148
117900218,351,607,-256
117900219,21,117,-96
117900220,365,122,243
117900222,191,458,-267
117900223,182,443,-261
118000001,1805,1060,745
118000002,2366,4027,-1661
118000003,7738,3311,4427
118000004,7444,3052,4392
118000005,8645,7298,1347
118000006,11121,16093,-4972
118000007,14759,4304,10455
118000008,11699,6110,5589
118000009,4054,5640,-1586
118000010,6545,6639,-94
118000011,1639,4557,-2918
118000012,2496,4603,-2107
118000013,6269,5186,1083
118000014,2737,4937,-2200
118000016,361,598,-237
118000017,436,750,-314
118000018,560,736,-176
118000019,3601,2141,1460
118000020,3242,3273,-31
118000021,2269,3879,-1610
118000022,4500,1272,3228
118000023,2425,492,1933
118000024,3661,1544,2117
118000027,28414,17399,11015
118000029,1710,1057,653
118000032,2168,6859,-4691
118000033,4599,6151,-1552
118000034,8805,3525,5280
118000035,2613,3720,-1107
118000036,3661,1598,2063
118000037,1704,1483,221
118000038,216,142,74
118000039,257,939,-682
118000040,2832,2947,-115
118000041,4207,2599,1608
118000045,1506,227,1279
118000046,3826,1029,2797
118000047,6935,892,6043
118000048,12076,2280,9796
118000051,6291,2561,3730
118000052,5124,1145,3979
118000053,3814,2750,1064
118000054,4429,7322,-2893
118000055,3425,6865,-3440
118000056,337,690,-353
118000057,328,1408,-1080
118000058,10966,2534,8432
118000059,8989,1349,7640
118000060,2352,1092,1260
118000061,1462,2823,-1361
118000062,839,829,10
118000063,898,866,32
118000064,1997,2031,-34
118000065,8905,4325,4580
118000066,2104,2426,-322
118000067,2388,1213,1175
118000068,4425,7206,-2781
118000069,6642,2349,4293
118000070,12330,3682,8648
118000071,6544,12754,-6210
118000072,6456,1594,4862
118000073,5646,868,4778
118000074,1082,969,113
118000075,1185,464,721
118000076,4017,2332,1685
118000077,2731,1974,757
118000078,4206,2950,1256
118000079,590,804,-214
118000080,2248,1403,845
118000081,3677,1479,2198
118000082,544,1867,-1323
118000083,3695,2306,1389
118000084,4631,2546,2085
118000086,624,934,-310
118000087,10247,4081,6166
118000088,3641,3551,90
118000089,6129,3706,2423
118000090,3429,5724,-2295
118000091,3276,4689,-1413
118000092,2007,817,1190
118000093,209,1301,-1092
118000096,1215,1021,194
118000097,1619,1108,511
118000098,508,355,153
118000099,713,1397,-684
118000101,1225,533,692
118000102,502,2378,-1876
118000107,5244,922,4322
118000108,1206,4506,-3300
118000110,0,37,-37
118000111,2,801,-799
118000112,478,16,462
118000113,12,1563,-1551
118000114,501,38,463
118000115,34,52,-18
118000116,112,3,109
118000117,3040,1500,1540
118000118,2731,1026,1705
118000119,1684,1720,-36
118000120,2908,2065,843
118000121,185,756,-571
118000122,2363,381,1982
118000123,130,398,-268
118000125,3982,1784,2198
118000126,2824,2260,564
118000127,4727,1243,3484
118000128,1501,1849,-348
118000129,2788,732,2056
118000130,4648,7453,-2805
118000131,1656,1835,-179
118000132,3145,2437,708
118000133,2366,724,1642
118000135,1482,659,823
118000136,238,723,-485
118000137,2748,131,2617
118000138,662,1325,-663
118000139,643,175,468
118000140,4185,7130,-2945
118000141,2725,3530,-805
118000142,2439,3406,-967
118000143,2638,2004,634
118000144,2524,1926,598
118000145,2457,3852,-1395
118000146,1818,1903,-85
118000147,1370,2787,-1417
118000148,613,2470,-1857
118000149,1164,1792,-628
118000150,566,511,55
118000151,443,715,-272
118000153,1634,2275,-641
118000154,1579,3047,-1468
118000155,1583,2443,-860
118000156,5083,4246,837
118000157,900,674,226
118000158,242,792,-550
118000159,65,149,-84
118000160,609,764,-155
118000161,638,1403,-765
118000162,1796,1418,378
118000163,1120,1377,-257
118000164,4666,2573,2093
118000168,2821,790,2031
118000169,1802,2385,-583
118000170,6037,10493,-4456
118000171,514,1043,-529
118000172,131,608,-477
118000173,1368,2282,-914
118000175,384,562,-178
118000176,390,740,-350
118000177,356,873,-517
118000178,287,130,157
118000179,2550,1850,700
118000180,1406,1534,-128
118000181,1417,593,824
118000182,424,506,-82
118000183,339,551,-212
118000184,933,1636,-703
118000185,1722,1558,164
118000186,1214,1574,-360
118000187,1797,1176,621
118000188,1463,409,1054
118000189,848,1587,-739
118000190,41,19,22
118000191,26,80,-54
118000192,332,370,-38
118000193,303,913,-610
118000194,5099,2390,2709
118000195,2939,1337,1602
118000196,1883,245,1638
118000197,803,151,652
118000198,1213,1011,202
118000199,2799,867,1932
118000200,169,347,-178
118000201,1340,855,485
118000202,196,140,56
118000203,2872,629,2243
118000204,450,544,-94
118000205,479,599,-120
118000206,409,357,52
118000207,2,147,-145
118000208,1734,2857,-1123
118000209,2522,2899,-377
118000210,80,70,10
118000211,38,72,-34
118000213,3593,2015,1578
118000214,1334,1454,-120
118000215,369,1027,-658
118000216,3179,8736,-5557
118000217,34,184,-150
118000218,110,165,-55
118000219,1084,880,204
118000220,5,43,-38
118000221,201,577,-376
118000222,198,12,186
118000223,47,59,-12
118000224,645,177,468
118000225,249,1529,-1280
118000226,3176,303,2873
118000227,1494,726,768
118000228,279,342,-63
118000229,766,115,651
118000230,209,464,-255
118000231,114,314,-200
118000232,1142,1839,-697
118000233,1107,1367,-260
118000234,519,522,-3
118000236,849,582,267
118000237,101,810,-709
118000238,317,423,-106
118000239,455,552,-97
118000240,900,206,694
118000241,275,551,-276
118000242,527,1161,-634
118000243,329,304,25
118000244,70,245,-175
118000246,0,28,-28
118000255,53,357,-304
118000256,129,390,-261
118000259,13,127,-114
118000260,422,202,220
118000261,42,205,-163
118000263,146,334,-188
118000266,250,730,-480
118000267,0,97,-97
118000268,1861,44,1817
118000270,117,71,46
118000271,202,574,-372
118000272,193,93,100
118000273,181,155,26
118000274,141,579,-438
118000276,500,540,-40
118000295,10,181,-171
118000298,268,752,-484
118000299,67,294,-227
118000301,0,135,-135
118000302,161,140,21
118000311,448,219,229
118000312,359,286,73
118000313,109,372,-263
118000314,131,159,-28
118000315,94,154,-60
118000316,939,962,-23
118000325,61,138,-77
118000326,51,78,-27
118000331,45,119,-74
118000332,13,104,-91
118000333,67,122,-55
118000335,363,2,361
118000336,1,557,-556
118000407,230,121,109
118000457,21,57,-36
118000465,4726,7310,-2584
118000480,72,276,-204
118000489,168,724,-556
118000490,102,879,-777
118000492,242,387,-145
118000510,153,34,119
118000514,264,594,-330
118000515,1471,1310,161
118000517,721,502,219
118000524,1373,319,1054
118000525,1370,1361,9
118000530,27,240,-213
118000531,295,465,-170
118000532,337,465,-128
118000533,867,251,616
118000534,1271,716,555
118000535,334,241,93
118000536,1277,2459,-1182
118000537,161,222,-61
118000538,65,244,-179
118000539,24,216,-192
118000540,656,411,245
118000541,659,107,552
118000542,299,368,-69
118000543,720,367,353
118000546,53,47,6
118000560,5845,2677,3168
118000562,44,673,-629
118000563,4051,2721,1330
118000576,271,290,-19
118000577,228,199,29
118000578,211,183,28
118000579,1279,2002,-723
118000595,265,146,119
118000596,0,112,-112
118000597,116,196,-80
118000598,21,3,18
118000599,39,69,-30
118000600,4,57,-53
118000601,25,0,25
118000602,0,54,-54
118000603,1,68,-67
118900001,1842,2192,-350
118900002,1758,1590,168
118900003,343,41,302
118900004,94,106,-12
118900005,91,3,88
118900006,157,19,138
118900007,18,11,7
118900008,2175,75,2100
118900009,48,36,12
118900010,75,8,67
118900011,282,75,207
118900012,675,429,246
118900013,948,147,801
118900015,276,92,184
118900016,12,62,-50
118900017,271,319,-48
118900018,1722,28,1694
118900019,56,30,26
118900020,282,129,153
118900021,284,612,-328
118900022,208,109,99
118900023,431,216,215
118900024,152,336,-184
118900025,157,46,111
118900026,94,130,-36
118900027,956,607,349
118900028,227,321,-94
118900029,423,643,-220
118900030,392,203,189
118900031,218,189,29
118900032,149,152,-3
118900033,1518,906,612
118900034,299,30,269
118900035,261,395,-134
118900036,1456,1368,88
118900037,923,369,554
118900038,550,523,27
118900039,656,502,154
118900040,262,300,-38
118900041,684,303,381
118900042,245,184,61
118900045,363,319,44
118900046,1455,414,1041
118900047,1316,523,793
118900048,1477,272,1205
118900049,127,89,38
118900050,25,236,-211
118900051,91,94,-3
118900052,704,376,328
118900053,70,130,-60
118900054,139,175,-36
118900055,86,208,-122
118900056,35,420,-385
118900057,840,508,332
118900058,988,656,332
118900059,37,138,-101
118900060,69,221,-152
118900062,218,331,-113
118900064,1031,908,123
118900065,66,410,-344
118900066,149,190,-41
118900067,8381,4489,3892
118900068,19,1296,-1277
118900069,533,560,-27
118900071,6,94,-88
118900072,697,854,-157
118900073,116,242,-126
118900074,166,339,-173
118900075,92,169,-77
118900076,776,128,648
118900077,239,299,-60
118900078,39,11,28
118900079,86,371,-285
118900080,28,185,-157
118900081,124,39,85
118900082,1082,279,803
118900083,58,20,38
118900084,18,51,-33
118900085,847,1844,-997
118900086,39,172,-133
118900087,52,363,-311
118900088,0,19,-19
118900089,75,23,52
118900090,735,767,-32
118900091,272,372,-100
118900092,175,175,0
118900093,259,16,243
118900096,82,43,39
118900097,348,1277,-929
118900099,82,548,-466
118900100,244,384,-140
118900101,128,1092,-964
118900102,52,132,-80
118900103,59,214,-155
118900104,232,333,-101
118900105,365,176,189
118900107,291,158,133
118900108,118,146,-28
118900110,2647,1322,1325
118900111,617,1011,-394
118900112,157,180,-23
118900113,191,1139,-948
118900114,64,118,-54
118900115,137,738,-601
118900116,166,287,-121
118900117,138,255,-117
118900118,274,787,-513
118900119,182,440,-258
118900120,174,511,-337
118900121,24,382,-358
118900122,22,1418,-1396
118900123,201,409,-208
118900124,201,400,-199
118900126,42,603,-561
118900129,528,387,141
118900130,84,172,-88
118900131,143,421,-278
118900132,1194,356,838
118900133,25,117,-92
118900135,272,349,-77
118900136,314,1033,-719
118900137,16,25,-9
118900139,388,969,-581
118900140,543,1145,-602
118900141,67,329,-262
118900144,305,810,-505
118900145,41,275,-234
118900146,468,1292,-824
118900147,824,255,569
118900148,82,142,-60
118900150,247,951,-704
118900152,644,1527,-883
118900157,272,269,3
118900158,44,89,-45
118900159,2,340,-338
118900161,300,16,284
118900163,411,129,282
118900164,12,205,-193
118900165,64,433,-369
118900166,33,3,30
118900167,148,201,-53
118900168,23,136,-113
118900169,169,698,-529
118900170,182,253,-71
118900171,29,55,-26
118900174,90,123,-33
118900175,453,713,-260
118900176,161,370,-209
118900177,71,107,-36
118900178,47,200,-153
118900179,4,75,-71
118900181,127,185,-58
118900182,170,36,134
118900183,35,185,-150
118900184,381,136,245
118900185,83,233,-150
118900186,135,152,-17
118900187,295,590,-295
118900188,426,473,-47
118900189,60,1255,-1195
118900190,15,824,-809
118900191,263,79,184
118900192,271,73,198
118900193,614,22,592
118900195,528,1589,-1061
118900196,40,319,-279
118900197,175,142,33
118900198,42,74,-32
118900199,92,133,-41
118900200,28,29,-1
118900201,46,49,-3
118900202,18,126,-108
118900203,9,82,-73
118900204,20,51,-31
118900205,16,18,-2
118900206,3,25,-22
119000001,2137,3078,-941
119000002,4726,6147,-1421
119000003,2737,2523,214
119000004,4355,2860,1495
119000005,4727,3918,809
119000006,3185,2520,665
119000007,5772,5784,-12
119000008,3251,3282,-31
119000009,6066,6143,-77
119000010,12473,6231,6242
119000011,9465,4318,5147
119000012,7222,5156,2066
119000013,3238,2023,1215
119000014,4403,5565,-1162
119000019,452,348,104
119000020,2525,2310,215
119000021,5052,3962,1090
119000022,6792,4756,2036
119000023,684,428,256
119000024,3929,14152,-10223
119000025,22509,2263,20246
119000026,332,457,-125
119000027,987,789,198
119000028,3564,2937,627
119000029,190,478,-288
119000030,700,2367,-1667
119000031,1107,1044,63
119000032,4080,4238,-158
119000033,3331,3292,39
119000034,1505,1632,-127
119000035,44,606,-562
119000036,1899,1744,155
119000037,1374,3253,-1879
119000038,201,1850,-1649
119000039,366,597,-231
119000040,2138,1033,1105
119000041,1858,2060,-202
119000048,4637,5241,-604
119000049,2548,4850,-2302
119000050,2550,4408,-1858
119000051,3472,1483,1989
119000052,3321,5490,-2169
119000053,2438,1818,620
119000054,3914,6570,-2656
119000055,4013,5475,-1462
119000056,2653,3251,-598
119000057,1981,4516,-2535
119000058,2632,3807,-1175
119000059,1770,3201,-1431
119000060,1950,1561,389
119000061,1414,1444,-30
119000062,1675,1955,-280
119000063,491,678,-187
119000064,2658,2821,-163
119000065,2923,5764,-2841
119000066,3802,1666,2136
119000067,2831,4224,-1393
119000068,1920,1660,260
119000069,1970,5099,-3129
119000070,2499,1683,816
119000071,801,1469,-668
119000072,12463,6374,6089
119000073,10345,10064,281
119000074,1572,5782,-4210
119000075,1915,4173,-2258
119000076,900,1576,-676
119000077,1669,949,720
119000078,664,308,356
119000079,227,1213,-986
119000080,371,372,-1
119000081,799,876,-77
119000082,2230,530,1700
119000083,723,615,108
119000084,408,965,-557
119000085,1035,543,492
119000086,284,752,-468
119000087,2698,1509,1189
119000088,340,317,23
119000089,87,333,-246
119000090,224,297,-73
119000091,151,696,-545
119000092,850,331,519
119000093,6711,5505,1206
119000094,3068,11904,-8836
119000095,1826,4946,-3120
119000097,4804,2837,1967
119000098,1053,3440,-2387
119000099,3375,3888,-513
119000100,4319,3304,1015
119000101,6551,3131,3420
119000102,1274,1498,-224
119000103,2468,769,1699
119000104,5378,2466,2912
119000105,1574,2210,-636
119000106,505,3326,-2821
119000107,912,827,85
119000108,558,1894,-1336
119000109,351,953,-602
119000110,1513,1073,440
119000111,167,1097,-930
119000112,395,234,161
119000113,4829,488,4341
119000114,1343,1548,-205
119000115,247,582,-335
119000116,269,229,40
119000117,274,629,-355
119000118,3,2,1
119000123,9445,1080,8365
119000124,971,370,601
119000125,3521,1724,1797
119000126,536,1420,-884
119000127,616,1373,-757
119000128,78,7,71
119000131,1186,1506,-320
119000132,3,10,-7
119000133,4,12,-8
119000134,5504,983,4521
119000135,226,307,-81
119000136,224,343,-119
119000137,244,701,-457
119000138,441,564,-123
119000139,294,405,-111
119000140,193,570,-377
119000284,1677,4720,-3043
119000285,3839,3742,97
119000286,10158,8730,1428
119000287,1885,3791,-1906
119000288,3546,2398,1148
119000289,4935,6396,-1461
119000290,264,1151,-887
119000291,8,591,-583
119000293,105,373,-268
119000294,43,54,-11
119000295,4276,1062,3214
119000296,170,232,-62
119000302,5295,2218,3077
119000303,86,417,-331
119000314,2127,12305,-10178
119000315,2,846,-844
119000316,113,207,-94
119000317,94,721,-627
119900001,387,1592,-1205
119900002,238,435,-197
119900003,84,1894,-1810
119900004,543,997,-454
119900005,239,226,13
119900006,362,628,-266
119900007,1230,230,1000
119900008,150,64,86
119900009,971,981,-10
119900010,3044,2492,552
119900011,32,101,-69
119900012,22,158,-136
119900013,2820,1438,1382
119900014,1055,443,612
119900015,120,45,75
119900016,50,216,-166
119900017,32,81,-49
119900018,2908,904,2004
119900019,66,10,56
119900020,180,262,-82
119900021,180,137,43
119900022,262,698,-436
119900023,1463,1514,-51
119900025,207,56,151
119900026,1587,185,1402
119900027,33,51,-18
119900028,243,104,139
119900029,5,9,-4
119900030,678,837,-159
119900031,51,394,-343
119900033,3088,381,2707
119900034,407,237,170
119900037,151,86,65
119900038,72,480,-408
119900039,61,9,52
119900040,119,21,98
119900041,177,55,122
119900042,134,300,-166
119900043,93,317,-224
119900044,403,890,-487
119900046,102,101,1
119900047,337,79,258
119900048,50,53,-3
119900049,125,26,99
119900050,139,186,-47
119900051,645,10,635
119900052,48,68,-20
119900053,155,355,-200
119900054,103,10,93
119900055,1535,608,927
119900057,218,159,59
119900058,257,5,252
119900059,388,67,321
119900060,385,26,359
119900062,61,44,17
119900063,37,96,-59
119900064,510,76,434
119900065,249,12,237
119900066,4,0,4
119900067,100,55,45
119900068,388,2,386
119900069,104,28,76
119900070,942,9,933
119900071,704,12,692
119900073,3332,958,2374
119900074,171,25,146
119900075,9899,3812,6087
119900076,572,672,-100
119900077,928,2037,-1109
119900078,612,1544,-932
119900079,223,520,-297
119900080,1662,1972,-310
119900081,223,83,140
119900082,1184,182,1002
119900083,576,199,377
119900084,1651,381,1270
119900085,253,137,116
119900087,2651,598,2053
119900088,65,100,-35
119900089,35,840,-805
119900090,281,120,161
119900091,85,2114,-2029
119900092,71,708,-637
119900093,1560,355,1205
119900094,62,321,-259
119900095,298,147,151
119900096,80,173,-93
119900097,920,317,603
119900098,94,98,-4
119900099,27,438,-411
119900100,4508,3942,566
119900101,315,2220,-1905
119900102,53,522,-469
119900103,43,905,-862
119900104,45,521,-476
119900105,2093,6064,-3971
119900106,39,329,-290
119900107,610,5965,-5355
119900108,6219,1174,5045
119900109,57,574,-517
119900110,755,1495,-740
119900111,98,618,-520
119900112,4854,1071,3783
119900113,132,682,-550
119900114,347,3003,-2656
119900115,292,2033,-1741
119900116,215,818,-603
119900117,377,1879,-1502
119900118,70,2040,-1970
119900119,394,495,-101
119900120,1016,1274,-258
119900121,373,2308,-1935
119900122,579,593,-14
119900123,352,502,-150
119900124,251,1847,-1596
119900125,80,756,-676
119900126,11017,579,10438
119900127,4565,1661,2904
119900128,548,1456,-908
119900129,295,1675,-1380
119900130,66,599,-533
119900131,47,605,-558
119900132,1,624,-623
119900133,44,97,-53
119900134,4215,500,3715
119900135,3,907,-904
119900136,258,937,-679
119900138,551,1182,-631
119900139,68,164,-96
119900140,7,245,-238
119900141,255,1090,-835
119900142,27,59,-32
119900143,16,416,-400
119900144,4086,521,3565
119900145,240,388,-148
119900146,258,378,-120
119900147,6,356,-350
119900148,205,87,118
119900149,3809,5431,-1622
119900150,287,328,-41
119900151,3955,1767,2188
119900152,119,843,-724
119900153,187,112,75
119900154,28,488,-460
119900155,62,72,-10
119900156,12,3,9
119900157,167,504,-337
119900158,199,120,79
119900159,13,2788,-2775
119900160,59,358,-299
119900161,278,627,-349
119900162,1240,1354,-114
119900163,330,287,43
119900164,0,2,-2
119900165,184,420,-236
119900166,104,54,50
119900167,182,220,-38
119900168,852,716,136
119900169,252,848,-596
119900170,337,333,4
119900171,1182,831,351
119900172,215,16,199
119900173,12,934,-922
119900174,5,457,-452
119900175,1142,997,145
119900177,49,371,-322
119900178,24,339,-315
119900179,119,488,-369
119900180,1314,1115,199
119900181,84,115,-31
119900182,5,1056,-1051
119900183,193,1488,-1295
119900184,5574,1080,4494
119900185,76,220,-144
119900186,253,1047,-794
119900187,37,1036,-999
119900188,82,464,-382
119900189,682,449,233
119900190,95,377,-282
119900191,544,198,346
119900192,42,424,-382
119900193,381,398,-17
119900194,35,103,-68
119900195,49,466,-417
119900196,2543,654,1889
119900197,545,210,335
119900198,144,684,-540
119900199,243,42,201
119900200,673,958,-285
119900201,534,402,132
119900202,298,290,8
119900203,257,522,-265
119900204,342,575,-233
119900205,651,1217,-566
119900206,116,234,-118
119900208,294,266,28
119900209,742,1675,-933
119900210,32,77,-45
119900211,160,19,141
119900212,262,639,-377
119900213,4,71,-67
119900214,28,167,-139
119900215,61,133,-72
119900216,11,136,-125
119900217,12,103,-91
119900218,37,149,-112
119900219,11,230,-219
119900220,4,187,-183
119900221,40,548,-508
119900222,34,470,-436
119900223,24,155,-131
119900224,17,53,-36
119900225,1873,84,1789
119900226,1392,2649,-1257
119900227,1894,682,1212
119900228,138,665,-527
119900229,417,1026,-609
119900230,2684,1126,1558
119900231,259,320,-61
119900232,298,148,150
119900233,84,13,71
119900234,59,124,-65
119900235,73,109,-36
119900236,25,450,-425
119900237,106,1099,-993
119900238,1,142,-141
119900240,106,238,-132
119900241,229,475,-246
119900242,3582,4874,-1292
119900244,1537,2590,-1053
119900245,218,324,-106
119900246,366,743,-377
119900247,54,188,-134
119900248,116,211,-95
119900249,252,155,97
119900253,7059,774,6285
119900254,131,734,-603
119900255,156,1005,-849
119900256,523,1851,-1328
119900257,76,2,74
119900258,106,13,93
119900259,6,321,-315
119900260,195,6,189
119900261,279,332,-53
119900262,4,517,-513
119900263,1769,719,1050
119900264,105,471,-366
119900265,689,813,-124
119900266,348,591,-243
119900267,415,763,-348
119900268,228,466,-238
119900269,1326,2934,-1608
119900271,31,170,-139
119900272,688,110,578
119900275,216,9,207
119900276,50,1,49
119900277,31,8,23
119900278,637,162,475
119900279,247,674,-427
119900280,1646,363,1283
119900281,0,172,-172
119900282,95,71,24
119900283,16,622,-606
119900284,90,383,-293
119900285,41,120,-79
119900286,13,70,-57
119900288,11,45,-34
119900289,0,64,-64
119900290,1,44,-43
119900291,2,95,-93
119900292,23,18,5
119900293,20,3,17
119900294,34,4,30
119900295,1,0,1
119900296,13,13,0
119900299,57,417,-360
119900300,311,436,-125
119900301,470,97,373
119900302,239,250,-11
119900303,259,408,-149
119900304,245,65,180
119900305,32,222,-190
119900306,36,7,29
119900307,47,294,-247
119900308,12,33,-21
119900309,34,135,-101
119900310,583,591,-8
119900311,69,331,-262
119900312,142,171,-29
119900313,350,714,-364
119900314,211,569,-358
119900315,1647,4659,-3012
119900318,22,61,-39
119900319,3,618,-615
119900320,292,1105,-813
119900321,58,3,55
119900322,69,85,-16
119900323,3,255,-252
119900324,1,76,-75
119900325,87,582,-495
119900326,205,142,63
120000001,16853,20104,-3251
120000002,3075,4905,-1830
120000003,4486,2618,1868
120000004,3639,3189,450
120000005,6770,3085,3685
120000006,1884,1920,-36
120000007,5766,3893,1873
120000008,1361,2270,-909
120000009,6790,1337,5453
120000010,2183,4561,-2378
120000011,1655,3611,-1956
120000012,2038,4992,-2954
120000013,3226,4417,-1191
120000014,1018,2660,-1642
120000015,3569,2623,946
120000016,4860,4572,288
120000017,4095,4174,-79
120000018,8209,15034,-6825
120000019,1284,2217,-933
120000020,5064,4683,381
120000021,2825,3525,-700
120000022,4139,5330,-1191
120000023,1061,2640,-1579
120000024,2116,3532,-1416
120000025,2746,3620,-874
120000026,1707,2981,-1274
120000027,2030,2759,-729
120000028,2068,1106,962
120000029,11850,1315,10535
120000030,877,2913,-2036
120000031,3475,21421,-17946
120000032,16288,5724,10564
120000033,5834,3595,2239
120000034,2394,4241,-1847
120000035,2711,4340,-1629
120000036,4382,8287,-3905
120000037,852,2340,-1488
120000038,16134,5498,10636
120000039,915,1387,-472
120000040,256,382,-126
120000041,1710,2993,-1283
120000042,2623,5632,-3009
120000043,6703,4582,2121
120000044,5904,2213,3691
120000045,5879,1679,4200
120000046,2696,3828,-1132
120000047,3357,5672,-2315
120000048,13826,6301,7525
120000049,7700,4704,2996
120000050,7808,8122,-314
120000051,5342,8852,-3510
120000052,20378,4034,16344
120000053,1311,5665,-4354
120000054,1816,9115,-7299
120000055,2292,8542,-6250
120000056,4548,6997,-2449
120000057,3127,1046,2081
120000058,2466,484,1982
120000059,82,1493,-1411
120000061,246,1030,-784
120000062,340,508,-168
120000063,2809,4407,-1598
120000064,336,2397,-2061
120000065,949,2915,-1966
120000066,257,739,-482
120000067,63,832,-769
120000068,264,1761,-1497
120000069,943,2455,-1512
120000070,86,1534,-1448
120000071,385,352,33
120000072,635,761,-126
120000073,854,166,688
120000074,190,118,72
120000075,796,464,332
120000076,2176,723,1453
120000077,1969,942,1027
120000078,4743,1378,3365
120000079,296,233,63
120000080,144,315,-171
120000081,521,214,307
120000082,215,257,-42
120000083,153,665,-512
120000084,711,926,-215
120000085,535,729,-194
120000086,499,1045,-546
120000087,234,1781,-1547
120000088,1131,2423,-1292
120000089,1543,1234,309
120000090,995,896,99
120000091,1096,1968,-872
120000092,1716,1006,710
120000093,436,894,-458
120000094,142,1100,-958
120000095,1364,1015,349
120000096,332,1910,-1578
120000098,1184,1756,-572
120000099,589,1103,-514
120000100,1042,1382,-340
120000101,721,801,-80
120000102,675,1019,-344
120000103,1531,913,618
120000104,2091,602,1489
120000105,3210,816,2394
120000106,2252,849,1403
120000107,3671,972,2699
120000108,1295,244,1051
120000109,1285,124,1161
120000110,95,1600,-1505
120000111,173,2111,-1938
120000112,1182,6268,-5086
120000113,770,4888,-4118
120000114,1114,5227,-4113
120000115,477,4309,-3832
120000116,957,3279,-2322
120000117,2502,2525,-23
120000118,105,79,26
120000119,41,116,-75
120000120,112,94,18
120000121,44,124,-80
120000122,518,517,1
120000123,9683,7253,2430
120000124,550,839,-289
120000125,618,1674,-1056
120000126,667,1322,-655
120000127,4407,1498,2909
120000128,9541,4079,5462
120000129,516,596,-80
120000130,1417,1376,41
120000131,418,856,-438
120000134,605,2264,-1659
120000135,508,610,-102
120000137,269,3547,-3278
120000138,840,908,-68
120000139,336,1748,-1412
120000140,682,1194,-512
120000141,427,873,-446
120000142,549,1077,-528
120000143,2,162,-160
120000144,101,4,97
120000145,316,2,314
120000146,4712,1785,2927
120000149,820,1719,-899
120000150,7712,10772,-3060
120000151,535,891,-356
120000152,597,513,84
120000153,314,1688,-1374
120000154,761,732,29
120000155,135,459,-324
120000156,2990,1292,1698
120000157,1305,1155,150
120000158,1164,1841,-677
120000159,2341,3702,-1361
120000160,2956,2253,703
120000161,2789,4970,-2181
120000162,308,520,-212
120000163,782,2120,-1338
120000164,464,657,-193
120000165,575,1509,-934
120000166,1375,1099,276
120000167,55,263,-208
120000168,37,875,-838
120000169,146,1095,-949
120000170,231,517,-286
120000171,67,184,-117
120000172,135,83,52
120000173,9327,615,8712
120000174,1464,30,1434
120000175,1942,22,1920
120000176,935,54,881
120000177,4467,324,4143
120000178,405,42,363
120000179,929,101,828
120000180,1211,239,972
120000181,434,1111,-677
120000182,261,404,-143
120000183,36,424,-388
120000184,294,1755,-1461
120000186,164,160,4
120000187,280,81,199
120000188,1245,227,1018
120000190,3377,58,3319
120000191,3136,65,3071
120000192,1696,63,1633
120000193,926,18,908
120000195,109,14,95
120000196,447,224,223
120000197,200,723,-523
120000198,198,239,-41
120000199,111,4,107
120000200,143,1,142
120000201,18,35,-17
120000202,2,116,-114
120000203,46,483,-437
120000207,6,147,-141
120000208,22,469,-447
120000209,7,116,-109
120000210,215,145,70
120000211,91,4,87
120000212,113,2,111
120000213,110,537,-427
120000214,1,587,-586
120000215,7,271,-264
120000216,93,7,86
120000217,1202,1824,-622
120000218,308,1401,-1093
120000219,13,898,-885
120000220,18,3129,-3111
120000225,1220,4,1216
120000226,305,1,304
120000227,807,49,758
120000228,11134,4226,6908
120000230,373,28,345
120000231,1388,4023,-2635
120000233,337,59,278
120000235,223,1341,-1118
120000236,1043,1,1042
120000237,3,3053,-3050
120000238,2,480,-478
120000241,1878,6253,-4375
120000412,2816,31,2785
120000413,334,704,-370
120000414,97,4,93
120000415,3,237,-234
120000416,165,9,156
120000417,2,156,-154
120000418,144,52,92
120000419,19,843,-824
120000420,96,64,32
120000421,22471,8719,13752
120000422,388,1122,-734
120000423,8,93,-85
120000424,107,236,-129
120000436,162,659,-497
120000437,239,255,-16
120000438,6860,739,6121
120000439,205,613,-408
120000443,251,0,251
120000444,1309,1366,-57
120000445,2457,2043,414
120000446,1540,517,1023
120000447,146,18,128
120000449,114,24,90
120000450,4,492,-488
120000451,162,523,-361
120000452,98,0,98
120000453,2,1141,-1139
120000454,175,79,96
120000455,80,101,-21
120000456,4724,5754,-1030
120000457,2547,1403,1144
120000458,953,1003,-50
120000459,111,188,-77
120000665,3975,355,3620
120000668,183,649,-466
120000669,77,531,-454
120000670,493,774,-281
120000671,2348,670,1678
120000672,147,804,-657
120900001,83,102,-19
120900002,1608,687,921
120900003,339,49,290
120900004,10,124,-114
120900005,178,2377,-2199
120900006,284,362,-78
120900007,168,317,-149
120900008,236,2141,-1905
120900009,1218,102,1116
120900010,446,136,310
120900011,709,241,468
120900012,1787,1551,236
120900013,344,85,259
120900014,7,1463,-1456
120900015,701,219,482
120900016,861,92,769
120900017,5819,167,5652
120900018,124,927,-803
120900019,834,267,567
120900020,1409,1559,-150
120900021,666,232,434
120900022,44,787,-743
120900023,209,64,145
120900024,2568,567,2001
120900025,3077,1757,1320
120900026,394,433,-39
120900027,1620,132,1488
120900028,331,81,250
120900029,259,471,-212
120900030,1350,933,417
120900031,269,100,169
120900032,950,230,720
120900033,1214,120,1094
120900034,37,3972,-3935
120900035,100,378,-278
120900037,270,5,265
120900038,78,270,-192
120900039,93,72,21
120900040,280,8,272
120900041,269,85,184
120900042,458,129,329
120900043,56,42,14
120900044,11,965,-954
120900045,262,354,-92
120900046,451,5,446
120900047,202,90,112
120900048,92,39,53
120900049,327,1,326
120900050,6193,1954,4239
120900051,341,211,130
120900052,662,9,653
120900053,230,195,35
120900054,2501,1496,1005
120900055,340,2,338
120900056,524,28,496
120900057,111,18,93
120900058,399,2,397
120900059,88,1,87
120900060,117,76,41
120900061,313,897,-584
120900062,220,1,219
120900063,517,4,513
120900064,454,2,452
120900065,450,3,447
120900066,468,621,-153
120900067,293,151,142
120900068,244,1,243
120900069,220,106,114
120900071,10,0,10
120900072,636,8,628
120900073,476,379,97
120900074,907,26,881
120900076,315,1,314
120900077,7776,587,7189
120900078,770,1474,-704
120900079,696,188,508
120900080,583,3441,-2858
120900081,884,1866,-982
120900082,1039,528,511
120900083,73,2,71
120900084,348,436,-88
120900085,265,256,9
120900086,265,313,-48
120900087,508,265,243
120900088,264,467,-203
120900089,7279,2787,4492
120900090,178,390,-212
120900091,841,727,114
120900092,1703,1123,580
120900093,5814,454,5360
120900094,834,438,396
120900095,724,66,658
120900096,67,450,-383
120900097,1051,1426,-375
120900098,379,306,73
120900099,91,103,-12
120900100,146,555,-409
120900101,920,489,431
120900102,41,417,-376
120900103,59,345,-286
120900104,57,78,-21
120900105,65,1123,-1058
120900106,2030,1026,1004
120900107,439,195,244
120900108,7,1432,-1425
120900109,41,1135,-1094
120900110,22,3005,-2983
120900111,251,678,-427
120900112,13,2148,-2135
120900113,38,1594,-1556
120900114,45,312,-267
120900115,238,321,-83
120900116,385,1038,-653
120900117,6,1012,-1006
120900118,16,1538,-1522
120900119,5446,13254,-7808
120900120,94,1199,-1105
120900121,195,785,-590
120900122,511,1086,-575
120900123,4,830,-826
120900124,4,1076,-1072
120900125,8,2043,-2035
120900126,2284,1477,807
120900127,18,889,-871
120900128,1370,1851,-481
120900129,79,569,-490
120900130,2,420,-418
120900131,76,181,-105
120900132,873,701,172
120900133,308,2066,-1758
120900134,849,722,127
120900135,18,1000,-982
120900136,58,147,-89
120900137,271,220,51
120900138,32,310,-278
120900139,8,1192,-1184
120900140,5,123,-118
120900141,445,280,165
120900142,30,1447,-1417
120900143,5,1361,-1356
120900144,1,340,-339
120900145,119,1372,-1253
120900146,8,1674,-1666
120900147,3,699,-696
120900148,221,287,-66
120900149,1,630,-629
120900150,32,923,-891
120900151,1,1170,-1169
120900152,2,99,-97
120900153,23,141,-118
120900154,2,570,-568
120900155,191,1798,-1607
120900156,64,508,-444
120900157,105,349,-244
120900158,60,827,-767
120900159,241,574,-333
120900160,57,762,-705
120900161,57,900,-843
120900162,53,1048,-995
120900163,40,714,-674
120900164,4,4,0
120900165,4,7,-3
120900166,575,426,149
120900167,754,191,563
120900169,107,940,-833
120900170,4493,3095,1398
120900171,1820,676,1144
120900172,4654,1019,3635
120900173,5,112,-107
120900174,11,215,-204
120900175,421,555,-134
120900176,23,547,-524
120900177,2,1370,-1368
120900178,1,687,-686
120900179,1306,814,492
120900180,340,208,132
120900181,162,143,19
120900182,44,2431,-2387
120900183,426,306,120
120900184,222,184,38
120900185,17,728,-711
120900186,1,781,-780
120900187,625,1468,-843
120900188,212,31,181
120900189,482,1160,-678
120900190,50,50,0
120900191,6,76,-70
120900192,21121,5971,15150
120900194,69,184,-115
120900195,146,382,-236
120900196,1328,100,1228
120900197,634,161,473
120900198,351,977,-626
120900199,445,488,-43
120900200,140,230,-90
120900201,915,186,729
120900202,3,400,-397
120900203,49,117,-68
120900204,173,485,-312
120900205,96,146,-50
120900206,13,47,-34
120900207,104,2545,-2441
121000001,2367,1931,436
121000002,8080,4278,3802
121000003,6113,3280,2833
121000004,5410,15002,-9592
121000005,3623,4903,-1280
121000006,6729,2978,3751
121000007,6347,4124,2223
121000008,15242,6536,8706
121000009,11503,10208,1295
121000010,18558,13755,4803
121000011,13458,22663,-9205
121000012,24373,20152,4221
121000013,8131,13444,-5313
121000014,10793,13146,-2353
121000015,10736,11630,-894
121000016,7870,8885,-1015
121000017,3612,5705,-2093
121000018,3584,3211,373
121000019,28483,16357,12126
121000020,18488,19820,-1332
121000021,4932,5362,-430
121000022,3564,3748,-184
121000023,5775,5042,733
121000024,5406,6978,-1572
121000025,1204,2821,-1617
121000026,586,261,325
121000027,2528,1554,974
121000028,1385,704,681
121000029,1773,1235,538
121000030,1037,685,352
121000031,1499,1171,328
121000032,395,126,269
121000034,2004,311,1693
121000035,940,133,807
121000036,3131,1527,1604
121000037,1500,872,628
121000038,1399,1188,211
121000039,1237,762,475
121000041,954,741,213
121000042,452,521,-69
121000043,1587,1150,437
121000044,3907,1315,2592
121000045,720,512,208
121000046,961,1466,-505
121000047,181,161,20
121000049,3514,1019,2495
121000050,610,1920,-1310
121000051,1370,519,851
121000052,576,1024,-448
121000053,1001,154,847
121000054,80,635,-555
121000055,2547,1725,822
121000056,1331,1732,-401
121000057,420,792,-372
121000058,561,175,386
121000059,4006,2167,1839
121000060,713,1269,-556
121000061,860,359,501
121000062,316,515,-199
121000063,1113,942,171
121000064,1175,1276,-101
121000065,1008,641,367
121000066,1021,720,301
121000067,1918,573,1345
121000068,1129,632,497
121000069,1686,906,780
121000070,3815,1820,1995
121000071,2479,2365,114
121000072,2855,1265,1590
121000073,3779,1305,2474
121000074,326,235,91
121000075,169,336,-167
121000076,2349,642,1707
121000077,338,367,-29
121000078,185,156,29
121000080,4223,1102,3121
121000081,5952,6981,-1029
121000082,217,382,-165
121000083,501,220,281
121000084,346,180,166
121000085,480,814,-334
121000086,254,1162,-908
121000087,107,367,-260
121000088,605,1187,-582
121000089,635,513,122
121000090,905,562,343
121000091,2448,1403,1045
121000092,224,143,81
121000093,153,353,-200
121000094,630,1288,-658
121000095,615,857,-242
121000096,2694,4036,-1342
121000097,1933,2997,-1064
121000098,689,1779,-1090
121000099,799,1253,-454
121000100,1210,862,348
121000101,402,404,-2
121000102,294,550,-256
121000103,238,459,-221
121000104,328,256,72
121000105,512,342,170
121000106,330,556,-226
121000107,4563,5498,-935
121000109,2392,1641,751
121000110,583,1200,-617
121000114,5441,3083,2358
121000115,1807,1193,614
121000116,484,1576,-1092
121000117,1359,396,963
121000118,2098,396,1702
121000119,463,646,-183
121000120,331,672,-341
121000121,870,1697,-827
121000123,2515,848,1667
121000126,178,551,-373
121000127,568,164,404
121000128,1035,687,348
121000129,1106,751,355
121000130,638,1539,-901
121000131,3380,2559,821
121000132,2073,2242,-169
121000135,660,982,-322
121000136,2386,1040,1346
121000137,581,412,169
121000138,1923,1527,396
121000139,1124,278,846
121000141,638,283,355
121000142,1576,964,612
121000143,137,36,101
121000144,1361,2441,-1080
121000145,1102,1717,-615
121000146,2299,1574,725
121000147,1510,1004,506
121000148,1710,1589,121
121000149,4486,2194,2292
121000152,860,1441,-581
121000153,3593,1510,2083
121000154,1449,2201,-752
121000155,2533,2087,446
121000156,712,2015,-1303
121000157,2107,4578,-2471
121000158,464,1413,-949
121000159,267,1143,-876
121000160,416,1026,-610
121000161,266,487,-221
121000162,110,474,-364
121000165,3033,2307,726
121000166,41,1081,-1040
121000168,825,649,176
121000169,119,262,-143
121000170,658,658,0
121000171,123,319,-196
121000172,1077,818,259
121000173,2313,1583,730
121000174,390,508,-118
121000175,1616,568,1048
121000176,593,299,294
121000177,2762,1038,1724
121000178,210,77,133
121000179,131,67,64
121000181,453,1008,-555
121000182,198,222,-24
121000183,93,99,-6
121000184,236,141,95
121000185,107,251,-144
121000186,320,595,-275
121000187,252,429,-177
121000188,287,386,-99
121000192,1282,764,518
121000193,967,815,152
121000194,4065,3496,569
121000195,886,1510,-624
121000196,2511,446,2065
121000197,741,1304,-563
121000198,986,172,814
121000199,501,822,-321
121000200,1671,126,1545
121000201,36,372,-336
121000202,3994,176,3818
121000203,1496,3336,-1840
121000204,3798,1031,2767
121000205,594,503,91
121000206,523,59,464
121000207,2527,701,1826
121000208,12,614,-602
121000209,357,586,-229
121000210,512,1008,-496
121000211,432,243,189
121000212,391,1399,-1008
121000213,14201,5295,8906
121000214,1195,6003,-4808
121000215,2041,1576,465
121000216,1188,1570,-382
121000217,10533,5400,5133
121000218,1000,2811,-1811
121000219,4597,863,3734
121000220,587,69,518
121000221,286,472,-186
121000222,4385,3472,913
121000223,1119,404,715
121000224,603,199,404
121000225,4631,1709,2922
121000226,14033,1693,12340
121000227,7,365,-358
121000228,37,1097,-1060
121000229,496,703,-207
121000230,103,2789,-2686
121000231,1054,78,976
121000232,534,601,-67
121000233,986,471,515
121000234,46,47,-1
121000235,129,59,70
121000236,19,89,-70
121000237,54,14,40
121000238,8,119,-111
121000239,56,7,49
121000240,8,498,-490
121000241,115,11,104
121000242,44,282,-238
121000243,400,109,291
121000244,7,84,-77
121000245,85,14,71
121000246,2,129,-127
121000247,113,5,108
121000248,1143,790,353
121000249,217,422,-205
121000250,1086,179,907
121000251,47,799,-752
121000252,115,110,5
121000253,830,965,-135
121000254,1733,469,1264
121000255,562,249,313
121000256,895,276,619
121000257,155,149,6
121000258,383,74,309
121000259,144,81,63
121000260,396,315,81
121000261,344,73,271
121000262,1681,2049,-368
121000263,469,593,-124
121000271,527,2629,-2102
121000273,406,41,365
121000274,68,65,3
121000275,3,38,-35
121000276,5,27,-22
121000278,179,79,100
121000279,191,37,154
121000280,396,79,317
121000289,336,46,290
121000290,2397,1064,1333
121000294,217,268,-51
121000297,1988,2419,-431
121000299,1046,372,674
121000300,1127,953,174
121000302,258,2452,-2194
121000303,974,1491,-517
121000304,670,132,538
121000305,219,96,123
121000306,194,274,-80
121000308,300,795,-495
121000309,851,1078,-227
121000310,364,583,-219
121000311,151,1515,-1364
121000312,622,539,83
121000313,790,1094,-304
121000314,214,256,-42
121000315,95,233,-138
121000530,1942,2462,-520
121000531,2179,2413,-234
121000532,9763,8832,931
121000533,3915,4807,-892
121000918,107,235,-128
121000919,83,114,-31
121000938,463,1273,-810
121000939,718,1488,-770
121000956,1219,2479,-1260
121000957,15,11,4
121000958,1003,93,910
121000959,948,1272,-324
121000960,2605,2787,-182
121000961,322,168,154
121000962,452,1929,-1477
121000973,4,179,-175
121000976,34,254,-220
121000979,592,185,407
121000981,394,224,170
121000982,364,367,-3
121000983,772,591,181
121000984,407,95,312
121000985,719,1290,-571
121000986,618,763,-145
121000987,362,2111,-1749
121000988,1075,181,894
121001302,613,252,361
121001308,144,8,136
121001309,262,78,184
121001313,328,380,-52
121001314,4278,6022,-1744
121001315,6546,4193,2353
121900001,125,226,-101
121900002,257,19,238
121900003,559,43,516
121900004,376,668,-292
121900005,30,4,26
121900006,210,55,155
121900007,3897,4045,-148
121900008,2099,532,1567
121900009,933,33,900
121900010,322,6,316
121900011,458,759,-301
121900012,51,0,51
121900013,2489,104,2385
121900014,2363,525,1838
121900015,298,321,-23
121900016,14,63,-49
121900017,622,810,-188
121900018,432,8,424
121900019,490,355,135
121900020,120,2,118
121900021,1084,25,1059
121900022,344,374,-30
121900023,196,611,-415
121900024,728,148,580
121900025,876,637,239
121900026,676,62,614
121900027,574,189,385
121900028,395,34,361
121900029,224,334,-110
121900030,1180,1320,-140
121900031,2320,13344,-11024
121900032,159,169,-10
121900033,229,266,-37
121900034,1071,140,931
121900035,4358,3805,553
121900036,164,564,-400
121900037,274,914,-640
121900038,74,276,-202
121900039,682,88,594
121900040,69,116,-47
121900041,85,271,-186
121900042,565,233,332
121900043,5,14,-9
121900044,323,119,204
121900046,517,370,147
121900047,400,72,328
121900048,93,241,-148
121900050,35,63,-28
121900051,226,241,-15
121900052,150,60,90
121900053,723,872,-149
121900054,1011,1338,-327
121900055,3,14,-11
121900058,790,497,293
121900059,682,293,389
121900060,177,482,-305
121900061,348,221,127
121900062,236,227,9
121900063,2273,405,1868
121900064,407,1170,-763
121900066,109,40,69
121900067,39,73,-34
121900069,200,253,-53
121900070,755,230,525
121900071,383,458,-75
121900072,43,258,-215
121900073,420,296,124
121900074,1104,1525,-421
121900075,1522,481,1041
121900076,1439,860,579
121900077,34,73,-39
121900078,81,69,12
121900079,0,0,0
121900080,1480,691,789
121900082,79,216,-137
121900084,16,276,-260
121900085,5,16,-11
121900086,24,93,-69
121900087,265,152,113
121900088,3081,4786,-1705
121900089,258,585,-327
121900090,30,160,-130
121900091,69,191,-122
121900092,185,175,10
121900093,96,125,-29
121900094,18,10,8
121900095,343,231,112
121900096,2506,1058,1448
121900097,788,244,544
121900098,19,8,11
121900099,310,84,226
121900100,277,491,-214
121900101,305,252,53
121900102,11,119,-108
121900103,1309,345,964
121900104,1856,566,1290
121900105,363,290,73
121900106,17,16,1
121900107,99,64,35
121900108,2,50,-48
121900109,682,277,405
121900110,498,1745,-1247
121900111,1665,167,1498
121900112,199,164,35
121900113,158,1064,-906
121900114,61,164,-103
121900117,750,70,680
121900118,3828,846,2982
121900119,202,156,46
121900120,72,2843,-2771
121900121,1269,120,1149
121900122,40,98,-58
121900123,369,883,-514
121900124,88,182,-94
121900125,1707,2150,-443
121900127,22,149,-127
121900128,152,170,-18
121900129,868,284,584
121900130,253,413,-160
121900131,472,81,391
121900132,121,165,-44
121900133,140,577,-437
121900134,33,203,-170
121900135,3730,467,3263
121900136,389,679,-290
121900137,63,575,-512
121900138,273,399,-126
121900139,671,732,-61
121900140,128,264,-136
121900141,96,35,61
121900142,166,219,-53
121900143,26,278,-252
121900144,262,394,-132
121900145,367,615,-248
121900146,1086,1221,-135
121900147,99,220,-121
121900148,300,379,-79
121900149,790,1040,-250
121900150,100,231,-131
121900151,99,311,-212
121900152,150,225,-75
121900153,145,815,-670
121900154,16,276,-260
121900155,6,175,-169
121900156,273,162,111
121900157,3,618,-615
121900158,118,134,-16
121900159,3,312,-309
121900160,78,383,-305
121900161,626,528,98
121900162,127,217,-90
121900163,291,863,-572
121900164,649,252,397
121900165,345,216,129
121900166,312,282,30
121900167,225,183,42
121900168,320,252,68
121900169,14,511,-497
121900170,3,462,-459
121900171,952,1036,-84
121900172,668,474,194
121900173,1555,337,1218
121900174,59,120,-61
121900175,610,190,420
121900176,1155,2526,-1371
121900177,278,85,193
121900178,81,99,-18
121900179,723,229,494
121900180,8002,5541,2461
121900182,1896,429,1467
121900183,843,1362,-519
121900184,78,805,-727
121900186,24,515,-491
121900187,37,227,-190
121900188,767,993,-226
121900189,95,169,-74
121900190,815,748,67
121900191,85,638,-553
121900192,571,1134,-563
121900193,156,293,-137
121900194,13,239,-226
121900195,134,144,-10
121900196,1603,2489,-886
121900197,775,3011,-2236
121900198,1571,2567,-996
121900199,10,41,-31
121900200,450,318,132
121900201,1832,931,901
121900202,253,1028,-775
121900203,330,1959,-1629
121900204,1683,2129,-446
121900205,22,124,-102
121900206,26,18,8
121900207,346,58,288
121900208,292,363,-71
121900209,70,57,13
121900210,2927,2294,633
121900211,45,133,-88
121900212,199,194,5
121900213,174,166,8
121900214,6,1213,-1207
121900215,110,157,-47
121900216,309,254,55
121900217,384,208,176
121900218,336,1021,-685
121900220,171,24,147
121900221,444,1150,-706
121900222,313,229,84
121900223,419,110,309
121900224,142,93,49
121900225,675,126,549
121900226,455,1054,-599
121900227,276,719,-443
121900228,332,596,-264
121900230,258,387,-129
121900231,756,2010,-1254
121900232,747,658,89
121900233,352,383,-31
121900234,671,572,99
121900235,588,363,225
121900236,461,212,249
121900237,282,320,-38
121900238,262,532,-270
121900239,258,61,197
121900240,291,233,58
121900241,52,94,-42
121900242,6,1,5
121900243,13,1,12
121900244,28,0,28
121900245,298,138,160
121900246,3957,723,3234
121900247,422,359,63
121900248,2155,1838,317
121900250,361,403,-42
121900251,451,89,362
121900252,759,213,546
121900253,233,1152,-919
121900254,813,374,439
121900255,340,143,197
121900258,4584,3262,1322
121900259,445,1078,-633
121900260,219,341,-122
121900261,169,1050,-881
121900262,645,2560,-1915
121900263,217,633,-416
121900264,3358,2847,511
121900265,488,509,-21
121900266,406,262,144
121900267,119,70,49
121900269,377,959,-582
121900270,49,331,-282
121900271,68,249,-181
121900273,1130,3246,-2116
121900274,455,397,58
121900277,648,1665,-1017
121900278,505,1138,-633
121900279,224,264,-40
121900280,569,483,86
121900281,1265,457,808
121900284,140,14,126
121900286,199,266,-67
121900287,9,39,-30
121900288,0,2,-2
121900290,320,480,-160
121900291,667,904,-237
121900292,704,233,471
121900293,1612,4671,-3059
121900294,402,1,401
121900295,190,460,-270
121900296,333,280,53
121900298,739,839,-100
121900299,0,0,0
121900300,21,0,21
121900301,46,6,40
121900302,2,18,-16
121900303,1351,684,667
121900304,4,15,-11
121900305,6,6,0
121900306,118,1,117
121900307,31,6,25
121900308,52,394,-342
121900309,60,380,-320
121900310,41,548,-507
121900311,380,34,346
121900312,258,28,230
121900313,666,39,627
121900314,6,124,-118
121900315,10,0,10
121900316,0,11,-11
121900317,13,4,9
121900318,3,29,-26
121900319,26,288,-262
121900320,76,155,-79
121900321,6,0,6
121900322,2,40,-38
121900323,33,49,-16
121900324,17,136,-119
121900325,20,3,17
121900326,4,7,-3
121900327,5,28,-23
121900328,0,8,-8
121900329,0,109,-109
121900330,0,18,-18
121900331,107,51,56
121900332,131,83,48
121900333,53,4,49
122000001,3466,5951,-2485
122000002,7169,2542,4627
122000003,3012,3024,-12
122000004,4684,2520,2164
122000005,4525,2073,2452
122000006,3915,1016,2899
122000007,2377,2688,-311
122000008,8913,8400,513
122000009,641,535,106
122000010,2978,5321,-2343
122000011,4913,1980,2933
122000012,2379,1898,481
122000013,5677,2189,3488
122000014,3005,4054,-1049
122000015,2779,1537,1242
122000016,995,1257,-262
122000017,1530,1592,-62
122000018,2370,1465,905
122000019,1648,2042,-394
122000020,357,353,4
122000021,759,769,-10
122000022,2633,2427,206
122000023,1030,5798,-4768
122000024,1692,1528,164
122000025,4177,1902,2275
122000026,1956,1176,780
122000027,870,8790,-7920
122000028,1056,713,343
122000029,1152,496,656
122000030,692,250,442
122000031,469,512,-43
122000032,3587,6332,-2745
122000033,2237,1477,760
122000034,2168,1086,1082
122000035,553,2018,-1465
122000036,1166,811,355
122000037,518,451,67
122000038,438,443,-5
122000039,987,960,27
122000040,556,1778,-1222
122000041,1146,720,426
122000042,838,591,247
122000043,226,196,30
122000044,199,290,-91
122000045,2676,791,1885
122000046,1573,1878,-305
122000047,611,275,336
122000048,5714,8177,-2463
122000049,9590,3395,6195
122000050,3332,990,2342
122000051,952,495,457
122000052,975,376,599
122000053,422,749,-327
122000054,4025,2992,1033
122000055,5271,3905,1366
122000056,7487,6901,586
122000057,4990,4789,201
122000058,5982,1404,4578
122000059,4934,2161,2773
122000060,1480,942,538
122000061,848,622,226
122000062,2394,407,1987
122000063,2416,1139,1277
122000064,8607,3342,5265
122000065,11858,3796,8062
122000066,2996,1542,1454
122000067,5573,1895,3678
122000068,2634,3311,-677
122000069,1000,1169,-169
122000070,1227,9696,-8469
122000071,1969,3920,-1951
122000072,720,591,129
122000073,746,773,-27
122000074,4720,2335,2385
122000075,1039,3396,-2357
122000076,2815,1817,998
122000077,2371,936,1435
122000078,3901,2834,1067
122000079,3007,1421,1586
122000080,2115,592,1523
122000081,491,641,-150
122000082,1375,981,394
122000083,2364,6375,-4011
122000084,2057,1465,592
122000085,487,4906,-4419
122000086,3727,9811,-6084
122000087,838,321,517
122000088,510,563,-53
122000089,13832,6607,7225
122000090,538,738,-200
122000091,1120,81,1039
122000092,614,42,572
122000093,4524,1466,3058
122000094,15098,2983,12115
122000095,5841,4956,885
122000096,4254,3504,750
122000098,5129,2220,2909
122000099,8128,917,7211
122000100,1952,1264,688
122000101,481,2674,-2193
122000102,2741,1611,1130
122000103,3453,1924,1529
122000104,501,271,230
122000105,580,358,222
122000106,703,709,-6
122000107,1494,919,575
122000108,575,1084,-509
122000109,541,643,-102
122000110,608,648,-40
122000111,4435,1730,2705
122000112,1322,2206,-884
122000113,1177,1074,103
122000114,10073,2740,7333
122000115,2208,4343,-2135
122000116,693,842,-149
122000117,1937,669,1268
122000118,675,1160,-485
122000119,5128,3401,1727
122000120,3132,7112,-3980
122000121,4403,4524,-121
122000122,1150,2414,-1264
122000123,2994,3029,-35
122000124,1515,971,544
122000125,858,995,-137
122000126,834,1574,-740
122000127,1903,1650,253
122000128,962,1421,-459
122000129,697,2430,-1733
122000130,4916,1797,3119
122000131,2423,2162,261
122000132,1026,916,110
122000133,1775,3192,-1417
122000134,1123,926,197
122000135,1002,1015,-13
122000136,1045,752,293
122000137,2118,1264,854
122000139,4021,6807,-2786
122000140,3225,959,2266
122000141,8789,1885,6904
122000142,1109,1212,-103
122000143,859,844,15
122000144,3242,2159,1083
122000145,4193,1334,2859
122000146,1416,1650,-234
122000147,2022,691,1331
122000148,4323,1834,2489
122000149,2858,2297,561
122000150,2074,1555,519
122000151,379,561,-182
122000152,731,641,90
122000153,666,470,196
122000154,467,322,145
122000155,2179,4016,-1837
122000156,2616,2744,-128
122000157,3320,1681,1639
122000158,962,930,32
122000159,2148,2752,-604
122000160,6195,3642,2553
122000161,1482,1614,-132
122000162,3111,2684,427
122000163,325,121,204
122000164,42,103,-61
122000165,1504,1158,346
122000166,2219,2004,215
122000167,299,299,0
122000168,356,730,-374
122000169,1227,340,887
122000170,483,421,62
122000171,72,114,-42
122000172,2128,2492,-364
122000173,1978,3351,-1373
122000174,4427,1218,3209
122000175,2353,519,1834
122000176,486,952,-466
122000177,2597,2025,572
122000178,5254,7267,-2013
122000179,3263,4779,-1516
122000180,2495,1969,526
122000181,3114,4955,-1841
122000182,3038,2827,211
122000183,2831,2419,412
122000184,3089,3064,25
122000185,1697,1701,-4
122000186,1168,1255,-87
122000187,4629,1552,3077
122000188,677,316,361
122000189,475,638,-163
122000190,2401,1490,911
122000191,2447,1421,1026
122000192,1916,513,1403
122000193,709,852,-143
122000194,2180,337,1843
122000195,577,594,-17
122000196,1462,928,534
122000197,777,889,-112
122000198,1273,1269,4
122000199,828,527,301
122000200,2559,1498,1061
122000201,1928,1836,92
122000202,1619,1573,46
122000203,4882,2055,2827
122000204,2621,3329,-708
122000205,2133,2986,-853
122000206,3609,1418,2191
122000207,2494,2097,397
122000208,6277,2091,4186
122000209,5901,655,5246
122000210,4473,2683,1790
122000211,4035,1671,2364
122000212,1559,777,782
122000213,2155,1935,220
122000214,3610,3006,604
122000215,3379,2196,1183
122000217,4194,1891,2303
122000218,1737,216,1521
122000219,2460,1452,1008
122000220,486,973,-487
122000221,167,825,-658
122000222,818,280,538
122000223,2249,680,1569
122000225,1688,438,1250
122000226,2799,3727,-928
122000227,568,6025,-5457
122000228,630,637,-7
122000229,28,772,-744
122000230,88,1119,-1031
122000231,511,1313,-802
122000232,987,1681,-694
122000233,1,193,-192
122000234,437,329,108
122000235,1035,308,727
122000236,1317,251,1066
122000237,155,164,-9
122000238,388,484,-96
122000239,911,308,603
122000240,1928,745,1183
122000241,1919,729,1190
122000242,1085,173,912
122000243,190,81,109
122000244,52,539,-487
122000245,70,182,-112
122000246,104,146,-42
122000247,926,606,320
122000248,1918,3141,-1223
122000249,1092,1325,-233
122000250,2832,1792,1040
122000251,343,675,-332
122000252,727,211,516
122000253,63,413,-350
122000254,324,190,134
122000255,1110,2451,-1341
122000256,608,2516,-1908
122000257,254,700,-446
122000258,286,395,-109
122000259,18,1119,-1101
122000260,11,147,-136
122000261,9,373,-364
122000262,2,137,-135
122000263,347,198,149
122000264,2402,812,1590
122000265,6308,1413,4895
122000266,13748,1035,12713
122000267,225,170,55
122000268,343,593,-250
122000269,2197,453,1744
122000270,4250,263,3987
122000271,1026,1824,-798
122000272,588,1715,-1127
122000273,767,713,54
122000274,295,293,2
122000275,84,360,-276
122000276,1026,986,40
122000277,1449,2230,-781
122000278,1731,1369,362
122000279,326,781,-455
122000280,1368,1162,206
122000281,1427,1386,41
122000282,233,306,-73
122000283,458,127,331
122000284,256,141,115
122000285,609,188,421
122000286,187,294,-107
122000287,1570,2099,-529
122000288,659,421,238
122000291,2012,1005,1007
122000293,595,416,179
122000294,189,340,-151
122000295,2201,370,1831
122000296,90,910,-820
122000297,5198,3835,1363
122000299,513,765,-252
122000300,794,985,-191
122000301,21997,4442,17555
122000302,1449,1971,-522
122000303,7074,2034,5040
122000304,92,346,-254
122000305,1216,609,607
122000306,68,1139,-1071
122000307,249,180,69
122000309,156,68,88
122000310,83,91,-8
122000311,430,287,143
122000312,292,146,146
122000313,124,72,52
122000314,176,337,-161
122000315,407,36,371
122000316,896,393,503
122000317,1686,393,1293
122000318,420,1406,-986
122000319,404,991,-587
122000320,536,3412,-2876
122000321,236,473,-237
122000322,3510,5588,-2078
122000323,2208,4136,-1928
122000324,2577,2092,485
122000325,1474,2104,-630
122000326,83,212,-129
122000327,817,1037,-220
122000328,2554,1146,1408
122000330,3364,1118,2246
122000332,331,553,-222
122000333,7,188,-181
122000337,1179,2581,-1402
122000338,564,741,-177
122000340,987,456,531
122000342,4603,1664,2939
122000343,658,2179,-1521
122000344,72,35,37
122000345,32,93,-61
122000346,430,869,-439
122000348,801,1221,-420
122000349,161,1346,-1185
122000351,159,340,-181
122000352,438,256,182
122000353,137,158,-21
122000355,208,275,-67
122000356,4447,1248,3199
122000357,78,34,44
122000358,1,115,-114
122000359,0,53,-53
122000360,4,83,-79
122000362,17,123,-106
122000364,167,667,-500
122000365,3,58,-55
122000366,27,12,15
122000368,801,963,-162
122000370,30,109,-79
122000371,47,1,46
122000372,12,1,11
122000381,80,690,-610
122000382,85,334,-249
122000384,9182,3663,5519
122000385,63,0,63
122000386,2053,2021,32
122000387,2454,693,1761
122000388,6495,933,5562
122000389,477,956,-479
122000390,1328,334,994
122000391,826,178,648
122000392,305,348,-43
122000393,54,278,-224
122000394,752,564,188
122000395,227,229,-2
122000396,653,144,509
122000397,117,144,-27
122000398,107,144,-37
122000399,215,115,100
122000400,399,534,-135
122000401,242,130,112
122000402,366,275,91
122000403,784,1788,-1004
122000404,215,585,-370
122000408,1158,2523,-1365
122000503,21,312,-291
122000524,215,179,36
122000544,165,8576,-8411
122000616,449,9,440
122000640,77,215,-138
122000641,96,590,-494
122000642,1713,1804,-91
122000643,56,295,-239
122000644,300,21,279
122000645,162,648,-486
122000651,4601,1017,3584
122000664,442,82,360
122000665,1540,710,830
122000666,895,1802,-907
122000673,37,509,-472
122000674,150,75,75
122000675,2210,2073,137
122000686,604,1925,-1321
122000687,3912,502,3410
122000688,303,1167,-864
122000689,1217,1067,150
122000690,1489,987,502
122000691,558,3918,-3360
122000692,2021,663,1358
122000693,799,3290,-2491
122000695,333,920,-587
122000696,461,598,-137
122000698,321,1425,-1104
122000699,252,211,41
122000701,1715,596,1119
122000702,666,2776,-2110
122000703,223,175,48
122000717,286,122,164
122000718,591,1702,-1111
122000719,261,110,151
122000720,372,481,-109
122000724,210,18,192
122900001,37,16,21
122900002,2147,7385,-5238
122900003,617,57,560
122900004,1955,80,1875
122900005,110,123,-13
122900006,1281,823,458
122900007,313,72,241
122900008,1090,164,926
122900009,1586,886,700
122900010,325,300,25
122900012,291,478,-187
122900014,255,453,-198
122900015,3890,1256,2634
122900016,298,467,-169
122900017,963,1434,-471
122900018,477,29,448
122900019,15,253,-238
122900020,630,661,-31
122900021,99,1245,-1146
122900022,949,1360,-411
122900023,621,486,135
122900024,157,154,3
122900025,22,305,-283
122900026,238,463,-225
122900027,135,1054,-919
122900028,219,291,-72
122900029,7164,4283,2881
122900030,2331,671,1660
122900031,378,282,96
122900032,195,470,-275
122900033,299,195,104
122900034,6273,13201,-6928
122900035,115,28,87
122900036,97,467,-370
122900037,969,194,775
122900038,327,4799,-4472
122900039,123,790,-667
122900040,724,497,227
122900041,415,257,158
122900042,257,354,-97
122900043,1054,240,814
122900044,168,597,-429
122900045,154,174,-20
122900046,277,173,104
122900047,876,360,516
122900048,84,617,-533
122900049,2452,178,2274
122900051,125,200,-75
122900052,69,213,-144
122900053,29,39,-10
122900055,743,226,517
122900057,778,88,690
122900061,687,291,396
122900062,614,956,-342
122900063,258,501,-243
122900064,1746,855,891
122900065,954,232,722
122900066,800,439,361
122900067,2484,1212,1272
122900068,248,521,-273
122900069,491,2505,-2014
122900070,408,81,327
122900071,214,625,-411
122900072,25,892,-867
122900073,58,422,-364
122900074,947,1001,-54
122900075,4,98,-94
122900076,7,319,-312
122900077,0,232,-232
122900078,274,212,62
122900080,120,41,79
122900081,796,257,539
122900082,1156,377,779
122900083,192,248,-56
122900084,12,428,-416
122900086,13,80,-67
122900087,244,601,-357
122900088,50,98,-48
122900089,129,253,-124
122900090,17,825,-808
122900091,279,0,279
122900092,2,326,-324
122900093,1,505,-504
122900094,5,397,-392
122900095,197,16,181
122900096,432,445,-13
122900097,45,43,2
122900098,143,223,-80
122900099,53,13,40
122900100,823,663,160
122900101,1682,590,1092
122900102,30,16,14
122900103,117,18,99
122900104,111,12,99
122900105,8,13,-5
122900106,9,188,-179
122900107,9,391,-382
122900108,12,420,-408
123000001,4038,666,3372
123000002,10061,5373,4688
123000003,5825,5991,-166
123000004,4444,7016,-2572
123000005,3841,4798,-957
123000006,4044,4847,-803
123000007,4865,4711,154
123000008,4155,5728,-1573
123000009,8018,4684,3334
123000010,5743,5540,203
123000011,10729,1439,9290
123000012,2168,3581,-1413
123000013,6153,1290,4863
123000014,2327,5887,-3560
123000015,8457,1532,6925
123000016,10729,5948,4781
123000017,4735,1947,2788
123000018,74,180,-106
123000019,315,400,-85
123000020,213,150,63
123000021,114,325,-211
123000022,656,2558,-1902
123000023,2257,1947,310
123000024,2337,750,1587
123000025,170,211,-41
123000026,16,97,-81
123000027,377,596,-219
123000028,1621,275,1346
123000029,1324,729,595
123000030,753,773,-20
123000031,189,642,-453
123000032,450,470,-20
123000033,512,107,405
123000034,1376,1250,126
123000035,349,620,-271
123000036,339,1397,-1058
123000037,303,420,-117
123000038,233,405,-172
123000039,604,1637,-1033
123000040,1674,447,1227
123000041,2579,1169,1410
123000042,1890,635,1255
123000043,6596,11549,-4953
123000044,8463,3620,4843
123000045,15760,4047,11713
123000046,1605,1922,-317
123000047,3707,1971,1736
123000048,140,749,-609
123000049,12585,11122,1463
123000050,1521,2515,-994
123000051,133,344,-211
123000052,937,5020,-4083
123000053,3178,5709,-2531
123000054,2081,2627,-546
123000055,2287,3482,-1195
123000056,2164,3097,-933
123000057,27856,10678,17178
123000058,1214,1548,-334
123000059,619,880,-261
123000060,1276,533,743
123000061,261,1264,-1003
123000063,1232,1403,-171
123000064,1451,434,1017
123000065,12825,6713,6112
123000066,1378,1625,-247
123000067,1144,834,310
123000068,5492,5968,-476
123000069,10525,6343,4182
123000070,400,1430,-1030
123000071,1282,1885,-603
123000072,1350,2270,-920
123000073,1586,1334,252
123000074,1495,3059,-1564
123000075,568,1814,-1246
123000076,1199,1657,-458
123000077,3290,5311,-2021
123000078,1972,2886,-914
123000079,2038,3439,-1401
123000080,3486,3666,-180
123000081,284,1005,-721
123000082,506,2096,-1590
123000083,1467,336,1131
123000084,808,1288,-480
123000085,306,184,122
123000086,702,559,143
123000087,481,654,-173
123000088,1878,1706,172
123000089,672,2475,-1803
123000090,2073,1817,256
123000091,2476,2633,-157
123000092,1593,2142,-549
123000094,829,456,373
123000095,775,1027,-252
123000096,877,678,199
123000097,836,1536,-700
123000098,928,1045,-117
123000099,897,1383,-486
123000100,761,1038,-277
123000101,789,1069,-280
123000102,864,1114,-250
123000104,533,654,-121
123000105,893,774,119
123000106,615,729,-114
123000107,628,807,-179
123000108,917,2134,-1217
123000111,1067,545,522
123000112,1404,1071,333
123000113,1007,2985,-1978
123000114,747,881,-134
123000115,431,542,-111
123000116,49,314,-265
123000117,2640,3957,-1317
123000118,781,1555,-774
123000119,391,1761,-1370
123000120,719,1556,-837
123000121,860,946,-86
123000122,660,405,255
123000123,773,882,-109
123000124,991,709,282
123000125,2097,1730,367
123000126,2746,4657,-1911
123000127,1726,1077,649
123000128,495,575,-80
123000129,743,427,316
123000130,770,170,600
123000131,1521,1195,326
123000132,746,1052,-306
123000133,505,702,-197
123000134,801,394,407
123000135,2586,2210,376
123000136,373,1704,-1331
123000137,182,599,-417
123000138,242,678,-436
123000139,864,264,600
123000140,206,1193,-987
123000141,1298,210,1088
123000142,1565,1622,-57
123000143,2480,3746,-1266
123000144,78,61,17
123000145,434,321,113
123000146,134,144,-10
123000147,216,232,-16
123000149,720,665,55
123000150,506,400,106
123000151,572,780,-208
123000152,207,655,-448
123000153,333,1042,-709
123000154,3027,3540,-513
123000155,3715,1578,2137
123000156,91,216,-125
123000157,924,1484,-560
123000158,977,1273,-296
123000159,7235,3828,3407
123000160,1579,1181,398
123000161,2200,1805,395
123000162,1093,2450,-1357
123000163,865,204,661
123000164,1945,424,1521
123000165,504,2778,-2274
123000166,27,185,-158
123000167,254,512,-258
123000168,312,375,-63
123000169,1065,200,865
123000170,95,593,-498
123000171,843,99,744
123000172,303,985,-682
123000173,963,361,602
123000174,1381,599,782
123000175,1172,1997,-825
123000176,1546,399,1147
123000177,554,1769,-1215
123000178,1311,250,1061
123000179,73,1181,-1108
123000180,1996,487,1509
123000181,603,2654,-2051
123000182,306,713,-407
123000183,292,698,-406
123000184,144,1305,-1161
123000185,653,707,-54
123000186,5,1070,-1065
123000187,669,15,654
123000188,377,1,376
123000189,247,319,-72
123000190,104,86,18
123000192,36,606,-570
123000193,65,1103,-1038
123000194,708,530,178
123000195,415,31,384
123000196,388,23,365
123000197,78,182,-104
123000198,34,329,-295
123000199,13,844,-831
123000200,807,11,796
123000201,1201,46,1155
123000202,43,1786,-1743
123000203,922,110,812
123000204,110,1713,-1603
123000205,749,2991,-2242
123000206,2105,303,1802
123000207,166,1444,-1278
123000208,917,181,736
123000209,2885,635,2250
123000210,648,2556,-1908
123000211,896,4413,-3517
123000212,3945,772,3173
123000213,928,122,806
123000215,287,269,18
123000216,514,1732,-1218
123000217,304,60,244
123000218,198,811,-613
123000219,1771,198,1573
123000220,846,154,692
123000221,306,267,39
123000222,707,1028,-321
123000223,358,915,-557
123000224,659,991,-332
123000225,361,115,246
123000226,90,593,-503
123000227,123,517,-394
123000228,286,106,180
123000229,2258,2937,-679
123000232,150,1106,-956
123000233,1029,273,756
123000234,263,1171,-908
123000235,989,586,403
123000236,360,1277,-917
123000237,448,113,335
123000238,132,1003,-871
123000239,785,2820,-2035
123000240,65,685,-620
123000241,1729,259,1470
123000242,237,338,-101
123000243,1095,1348,-253
123000244,1368,919,449
123000245,127,231,-104
123000249,726,1384,-658
123000252,1424,380,1044
123000253,1272,683,589
123000254,872,1640,-768
123000255,1475,1389,86
123000256,49,466,-417
123000257,5730,4151,1579
123000258,1449,2021,-572
123000259,403,617,-214
123000260,602,1034,-432
123000261,230,490,-260
123000262,164,372,-208
123000263,539,186,353
123000264,297,138,159
123000265,78,296,-218
123000266,894,1356,-462
123000267,650,545,105
123000268,52,112,-60
123000269,53,114,-61
123000270,63,79,-16
123000271,251,110,141
123000272,1352,380,972
123000273,524,888,-364
123000274,1775,691,1084
123000275,544,1754,-1210
123000278,5521,4158,1363
123000279,192,249,-57
123000280,614,506,108
123000281,511,134,377
123000282,247,401,-154
123000283,127,101,26
123000284,75,181,-106
123000286,505,415,90
123000287,931,408,523
123000288,2240,1143,1097
123000289,1029,1563,-534
123000291,594,1341,-747
123000294,220,358,-138
123000295,1214,1180,34
123000296,578,440,138
123000297,674,1377,-703
123000298,768,1177,-409
123000299,74,441,-367
123000300,1441,1419,22
123000301,254,378,-124
123000302,96,343,-247
123000303,430,116,314
123000305,1828,1387,441
123000306,147,329,-182
123000309,86,93,-7
123000310,226,56,170
123000311,0,181,-181
123000312,1340,1455,-115
123000313,492,618,-126
123000315,99,570,-471
123000316,3628,94,3534
123000317,357,87,270
123000318,82,434,-352
123000329,22,23,-1
123000337,600,341,259
123000338,998,68,930
123000339,249,379,-130
123000340,264,901,-637
123000342,9,12,-3
123000343,211,3,208
123000344,1698,780,918
123000345,443,1123,-680
123000346,526,172,354
123000352,3526,1246,2280
123000353,36,164,-128
123000354,485,3,482
123000355,3,1033,-1030
123000356,535,10,525
123000357,6,449,-443
123000359,5,251,-246
123000360,246,144,102
123000361,1087,464,623
123000362,464,206,258
123000363,132,336,-204
123000364,1118,725,393
123000365,22,572,-550
123000366,545,2948,-2403
123000367,484,2183,-1699
123000370,58,485,-427
123000371,536,33,503
123000372,455,34,421
123000373,19,638,-619
123000374,15,382,-367
123000375,397,59,338
123000376,1365,871,494
123000377,500,28,472
123000378,17,688,-671
123000379,3,370,-367
123000380,128,427,-299
123000381,488,53,435
123000382,1805,185,1620
123000383,505,1551,-1046
123000384,1051,108,943
123000385,724,861,-137
123000436,132,1523,-1391
123000507,218,968,-750
123000508,243,1144,-901
123000517,411,81,330
123000518,44,390,-346
123000519,172,126,46
123000520,90,313,-223
123000521,462,183,279
123000522,207,701,-494
123000541,7,3,4
123000542,0,46,-46
123000565,2,1,1
123000566,709,1171,-462
123000567,167,420,-253
123000573,57,1409,-1352
123000574,757,146,611
123000575,1428,1889,-461
123000576,972,3581,-2609
123000577,275,1338,-1063
123000578,1424,108,1316
123000579,6530,7484,-954
123000580,105,25,80
123000582,598,44,554
123000583,40,879,-839
123000584,264,547,-283
123000585,2,282,-280
123000586,133,8,125
123000596,226,275,-49
123000597,82,216,-134
123000602,25,8,17
123000603,584,1364,-780
123000604,583,1662,-1079
123000605,1573,257,1316
123000606,1,432,-431
123000609,43,712,-669
123000610,298,184,114
123000613,32,272,-240
123000614,194,104,90
123000615,47,232,-185
123000616,767,114,653
123000617,202,1024,-822
123000618,104,1149,-1045
123000619,1035,69,966
123000620,26,948,-922
123000622,370,30,340
123000624,131,85,46
123000630,789,653,136
123000631,538,3378,-2840
123000632,1727,1923,-196
123000633,0,475,-475
123000634,184,213,-29
123000635,485,196,289
123000636,65,1243,-1178
123000637,177,351,-174
123000638,716,194,522
123000639,1609,4428,-2819
123000640,24,1559,-1535
123900001,2506,120,2386
123900002,36,1986,-1950
123900003,617,1076,-459
123900005,497,196,301
123900006,705,74,631
124000001,2804,182,2622
124000002,137,2859,-2722
124000003,984,246,738
124000004,81,1143,-1062
124000005,1172,482,690
124000006,413,2100,-1687
124000007,1152,281,871
124000008,46,1085,-1039
124000009,856,519,337
124000010,178,841,-663
124000011,2417,574,1843
124000012,770,1087,-317
124000017,295,264,31
124000018,153,142,11
124000019,187,156,31
124000020,63,291,-228
124000021,214,96,118
124000022,111,382,-271
124000023,2332,2081,251
124000024,1541,966,575
124000025,1634,2217,-583
124000026,1732,1612,120
124000027,7316,6420,896
124000028,3680,5919,-2239
124000030,4967,1878,3089
124000031,1731,3050,-1319
124000032,7005,1412,5593
124000033,7,744,-737
124000034,5324,778,4546
124000035,97,305,-208
124000036,112,213,-101
124000037,1063,1332,-269
124000038,60,86,-26
124000039,1623,538,1085
124000040,833,1199,-366
124000041,470,177,293
124000042,85,571,-486
124000043,198,209,-11
124000044,86,413,-327
124000045,776,1040,-264
124000046,327,1293,-966
124000047,1637,1476,161
124000048,1134,2978,-1844
124000049,2008,1078,930
124000050,1013,3584,-2571
124000051,1093,876,217
124000052,855,1968,-1113
124000053,674,1787,-1113
124000054,1131,1016,115
124000055,1593,2881,-1288
124000056,6123,2398,3725
124000057,1087,814,273
124000058,696,2200,-1504
124000059,815,1410,-595
124000060,1902,1405,497
124000061,2319,5333,-3014
124000062,7324,2730,4594
124000063,1992,2936,-944
124000064,4354,2501,1853
124000065,205,360,-155
124000066,666,454,212
124000067,221,390,-169
124000068,9,30,-21
124000069,91,47,44
124000070,58,192,-134
124000071,402,172,230
124000072,293,746,-453
124000073,1295,216,1079
124000074,275,1305,-1030
124000075,334,71,263
124000076,11,329,-318
124000077,2689,994,1695
124000078,3458,1383,2075
124000079,757,1974,-1217
124000080,749,311,438
124000081,344,1353,-1009
124000082,25,211,-186
124000083,49,296,-247
124000084,105,661,-556
124000085,142,128,14
124000086,125,146,-21
124000087,232,129,103
124000088,461,671,-210
124000089,1028,547,481
124000090,212,541,-329
124000091,1106,251,855
124000092,231,1164,-933
124000093,117,188,-71
124000094,230,962,-732
124000095,68,160,-92
124000096,163,530,-367
124000097,90,243,-153
124000098,53,140,-87
124000099,257,213,44
124000100,76,192,-116
124000101,121,162,-41
124000102,231,176,55
124000103,137,121,16
124000104,215,122,93
124000105,109,117,-8
124000106,270,134,136
124000107,38,222,-184
124000108,95,77,18
124000109,136,141,-5
124000110,302,268,34
124000111,276,215,61
124000112,906,1304,-398
124000113,73,139,-66
124000114,405,954,-549
124000115,519,1199,-680
124000116,194,180,14
124000117,117,155,-38
124000118,81,81,0
124000119,2670,1034,1636
124000120,1475,864,611
124000121,2418,903,1515
124000122,927,1924,-997
124000123,1417,656,761
124000124,690,1737,-1047
124000125,625,758,-133
124000126,385,1019,-634
124000127,1169,635,534
124000128,1054,1537,-483
124000129,2766,2153,613
124000130,1211,1043,168
124000131,1519,740,779
124000132,1305,1116,189
124000133,1163,1374,-211
124000134,1097,1222,-125
124000135,2206,2729,-523
124000136,1437,1473,-36
124000137,2144,1134,1010
124000138,2892,1833,1059
124000139,943,33,910
124000140,38,606,-568
124000141,385,14,371
124000142,14,225,-211
124000143,99,38,61
124000144,17,68,-51
124000145,135,53,82
124000146,31,133,-102
124000148,37,159,-122
124000149,1490,555,935
124000150,440,881,-441
124000151,1018,561,457
124000152,1225,2033,-808
124000153,775,1024,-249
124000154,553,1248,-695
124000155,1915,1169,746
124000156,2283,1596,687
124000169,474,864,-390
124000170,1457,720,737
124000171,559,489,70
124000172,686,925,-239
124000173,652,433,219
124000174,586,1278,-692
124000175,14,214,-200
124000176,81,28,53
124000177,8,38,-30
124000178,55,61,-6
124000190,240,81,159
124000191,1327,169,1158
124000192,4143,564,3579
124000193,1121,1520,-399
124000194,474,786,-312
124000195,425,800,-375
124000196,1860,1719,141
124000197,94,113,-19
124000198,52,60,-8
124000201,490,1681,-1191
124000202,1033,343,690
124000203,362,1653,-1291
124000204,768,830,-62
124000205,81,946,-865
124000206,610,654,-44
124000207,1,62,-61
124000209,477,1078,-601
124000210,432,308,124
124000211,565,3,562
124000212,4,823,-819
124000213,344,584,-240
124000214,330,1075,-745
124000215,447,30,417
124000216,8,866,-858
124000329,182,3633,-3451
124000338,119,1855,-1736
124000339,753,196,557
124000341,1194,132,1062
124000344,50,21,29
124000357,1411,3386,-1975
124000358,969,1952,-983
124000359,1225,971,254
124000360,726,807,-81
124000361,3300,1018,2282
124000362,2527,3137,-610
124000363,410,488,-78
124000364,800,1129,-329
124000365,1007,1560,-553
124000366,2557,1215,1342
124000367,286,1180,-894
124000368,505,350,155
124000369,258,214,44
124000370,123,1245,-1122
124000402,63,9,54
124000403,235,4,231
124000404,9,200,-191
124000405,1258,1157,101
124000406,1367,1236,131
124000407,10,47,-37
124000411,8,688,-680
124000412,512,19,493
124000413,1134,68,1066
124000414,107,190,-83
124000415,72,347,-275
124000416,164,555,-391
124000417,140,134,6
124000418,170,169,1
124000419,114,281,-167
124000420,96,145,-49
124000421,60,409,-349
124000422,62,38,24
124000423,233,58,175
124000424,7,152,-145
124000425,27,62,-35
124000426,4,93,-89
124000427,25,21,4
124000428,69,54,15
124000429,46,77,-31
124000430,848,1034,-186
124000431,412,1118,-706
124000432,330,1636,-1306
124000439,5,26,-21
124000443,0,4,-4
124000445,364,1401,-1037
124000446,3443,163,3280
124900001,453,510,-57
124900002,304,714,-410
124900003,1160,859,301
124900004,622,531,91
124900005,422,450,-28
124900006,674,528,146
124900008,1771,781,990
124900009,186,431,-245
124900010,155,115,40
124900011,630,325,305
124900012,612,135,477
124900013,608,219,389
124900014,371,155,216
124900015,302,496,-194
124900016,92,206,-114
124900017,1132,1225,-93
124900018,45,21,24
124900020,88,76,12
124900021,228,92,136
124900022,95,30,65
124900024,300,99,201
124900026,288,10,278
124900027,133,436,-303
124900028,1133,250,883
124900029,20,639,-619
124900030,1,277,-276
124900031,60,602,-542
124900032,355,300,55
124900033,189,636,-447
124900034,8,183,-175
124900035,302,727,-425
124900036,2,104,-102
124900037,316,628,-312
124900038,454,513,-59
124900039,0,31,-31
124900040,193,146,47
124900041,348,1691,-1343
124900042,113,3,110
124900043,559,1704,-1145
124900044,230,5,225
124900045,1066,1379,-313
124900046,1946,348,1598
124900047,199,351,-152
124900048,214,278,-64
124900050,213,494,-281
124900052,140,575,-435
124900053,138,560,-422
124900054,4367,571,3796
124900055,1,179,-178
124900057,13,132,-119
124900060,168,313,-145
124900061,47,16,31
124900062,171,39,132
124900066,0,16,-16
124900067,6,269,-263
124900068,251,676,-425
124900070,117,33,84
124900072,123,41,82
124900074,575,420,155
124900075,252,339,-87
124900076,50,1134,-1084
124900077,33,210,-177
124900078,166,44,122
124900079,1488,399,1089
124900080,479,1099,-620
124900081,1066,372,694
124900082,416,1383,-967
124900083,258,897,-639
124900084,3566,172,3394
124900085,1511,517,994
124900086,207,1355,-1148
124900087,948,126,822
124900088,1043,133,910
124900089,2112,69,2043
124900090,334,397,-63
124900091,529,893,-364
124900092,484,582,-98
124900093,461,325,136
124900094,433,436,-3
124900095,138,631,-493
124900096,980,382,598
124900097,396,119,277
124900098,147,666,-519
124900099,1041,819,222
124900100,392,151,241
124900101,58,370,-312
124900102,294,88,206
124900103,227,404,-177
124900104,105,291,-186
124900105,153,207,-54
124900106,515,113,402
124900107,126,42,84
124900108,329,124,205
124900109,64,143,-79
124900110,308,558,-250
124900111,1,98,-97
124900112,70,1062,-992
124900113,169,418,-249
124900114,351,184,167
124900115,99,64,35
124900116,280,209,71
124900117,1037,224,813
124900118,273,297,-24
124900119,482,221,261
124900120,53,690,-637
124900121,178,399,-221
124900122,909,414,495
124900123,418,116,302
124900124,163,390,-227
129000186,440,107,333
204000001,77,11,66
204000002,24,12,12
204000003,85,7,78
204000004,12,3,9
204000005,811,895,-84
204000006,1713,3260,-1547
204000011,18,99,-81
204000012,81,120,-39
204000013,2,6,-4
204000019,653,771,-118
204000020,992,998,-6
204000021,2963,1237,1726
204000022,534,728,-194
204000023,689,1422,-733
204000031,175,28,147
204000032,926,45,881
204000034,26,358,-332
204000035,4,5,-1
204000036,21,34,-13
204000037,3,16,-13
204000038,5,13,-8
204000039,7,55,-48
204000040,4,41,-37
204000041,9,67,-58
204000042,106,26,80
204000043,56,3,53
204000044,41,1,40
204000045,172,10,162
204000046,38,16,22
204000057,21,26,-5
204000062,50,70,-20
204000068,57,294,-237
204000069,73,471,-398
204000070,93,224,-131
204000080,73,84,-11
204000085,2534,2747,-213
204000086,3798,3476,322
204000087,62,27,35
204000088,10,149,-139
204000090,22,491,-469
204000093,290,109,181
204000096,1124,1412,-288
204000097,496,37,459
204000099,1267,2151,-884
204000100,1345,2428,-1083
204000105,2663,2527,136
204000110,1324,2088,-764
204000111,762,1175,-413
204000112,1742,1111,631
204000113,852,1373,-521
204000114,1137,974,163
204000115,945,581,364
204000116,2334,904,1430
204000119,2423,4224,-1801
204000132,681,496,185
204000133,820,501,319
204000134,627,255,372
204000135,824,231,593
204000136,576,423,153
204000138,435,868,-433
204000140,262,220,42
204000141,180,122,58
204000144,17,39,-22
204000145,676,59,617
204000146,37,521,-484
204000147,51,239,-188
204000148,548,63,485
204000154,8,4,4
204000155,4,13,-9
204000177,103,134,-31
204000179,34,8,26
204000180,0,25,-25
204000222,30,19,11
204000235,20,29,-9
204000236,96,521,-425
204000238,26,78,-52
204000240,416,131,285
204000263,750,1833,-1083
204000268,1592,1372,220
204000308,433,40,393
204000317,7,101,-94
204000322,6,66,-60
204000323,62,16,46
204000328,273,112,161
204000329,63,242,-179
204000330,322,70,252
204000331,44,158,-114
204010341,8,493,-485
205000001,1382,2484,-1102
205000013,18,115,-97
205000014,25,133,-108
205000015,65,283,-218
205000016,34,227,-193
205000017,63,147,-84
205000022,441,1144,-703
205000025,2001,1486,515
205000029,360,9,351
205000045,305,319,-14
205000046,134,597,-463
205000047,99,605,-506
205000048,324,1435,-1111
205000049,210,1045,-835
205000050,1223,365,858
205000059,3,332,-329
205000060,0,119,-119
205000061,1,60,-59
205000062,8,50,-42
205000063,30,242,-212
205000064,22,259,-237
205000065,61,834,-773
205000066,140,1116,-976
205000067,55,1395,-1340
205000069,143,34,109
205000082,249,682,-433
205000110,77,329,-252
205000111,224,367,-143
205000112,230,314,-84
205000113,249,457,-208
205000121,403,260,143
205000123,72,319,-247
205000126,565,475,90
205000127,966,657,309
205000128,849,488,361
205000129,1107,498,609
205000130,1507,136,1371
205000131,1640,42,1598
205000132,2011,14,1997
205000133,1898,4,1894
205000134,934,2,932
205000137,93,218,-125
205000138,235,526,-291
205000139,51,228,-177
205000144,131,167,-36
205000145,516,506,10
205000151,293,197,96
205000152,228,115,113
205000153,284,226,58
205000154,114,239,-125
205000155,248,89,159
205000207,16,287,-271
205000233,67,1,66
205000234,0,1,-1
205000243,0,1,-1
205000244,0,6,-6
205000245,19,429,-410
205000249,2,58,-56
205000250,10,3,7
205000264,13,129,-116
206000027,17,7,10
206000028,6,6,0
206000043,13,185,-172
206000053,4,24,-20
206000054,18,48,-30
206000055,0,44,-44
206000075,4,10,-6
206000076,30,12,18
206000077,18,6,12
206000078,23,4,19
206000079,16,6,10
206000082,876,40,836
206000100,114,1197,-1083
206000103,3,36,-33
206000104,50,31,19
206000105,9,26,-17
206000106,8,42,-34
206000108,887,58,829
206000125,29,0,29
206000157,79,1052,-973
206000170,1,276,-275
206000171,8,262,-254
206000172,12,987,-975
206000173,1,402,-401
206000174,12,148,-136
206000175,2,175,-173
206000176,26,356,-330
206000177,1,220,-219
206000178,7,201,-194
206000179,23,146,-123
206000180,27,262,-235
206000181,6,469,-463
206000182,18,421,-403
206000183,23,1370,-1347
206000184,8,524,-516
206000185,7,363,-356
206000186,178,1875,-1697
206000223,19,254,-235
206000226,20,8,12
206000227,37,3,34
206000237,35,445,-410
206000238,48,751,-703
206000239,653,2787,-2134
206000240,2,72,-70
206000241,2,146,-144
206000242,6,440,-434
206000243,6,357,-351
206000244,89,1020,-931
206000245,515,65,450
206000246,98,7,91
206000247,125,4,121
206000248,544,37,507
206000252,115,44,71
206000258,40,83,-43
206000315,62,9,53
206000317,512,132,380
206000318,330,88,242
206000319,850,171,679
206000320,129,75,54
206000321,112,17,95
206000322,325,15,310
206000323,126,11,115
206000324,104,6,98
206000325,275,12,263
206000326,346,15,331
206000327,661,14,647
206000328,125,6,119
206000329,199,10,189
206000330,40,7,33
206000331,103,3,100
206000332,28,5,23
206000333,468,1,467
206000334,193,2,191
206000335,0,29,-29
206000361,3,377,-374
206000392,2,52,-50
206000405,201,1,200
206000441,31,17,14
206000498,62,2,60
206000515,173,45,128
206000530,150,77,73
206000531,204,206,-2
206000532,3661,317,3344
206000535,444,3230,-2786
206000536,30,318,-288
206000537,18,230,-212
206000613,1804,262,1542
207000001,237,724,-487
207000002,212,363,-151
207000003,198,280,-82
207000007,789,358,431
207000008,58,9,49
207000009,72,28,44
207000010,596,750,-154
207000012,397,390,7
207000015,451,2101,-1650
207000019,311,165,146
207000021,904,210,694
207000022,221,153,68
207000023,249,77,172
207000024,4,22,-18
207000025,41,99,-58
207000026,182,67,115
207000027,30,134,-104
207000028,80,275,-195
207000029,365,566,-201
207000033,389,481,-92
207000034,451,115,336
207000039,384,201,183
207000040,288,177,111
207000041,201,83,118
207000042,293,100,193
207000043,348,235,113
207000051,171,428,-257
207000052,119,240,-121
207000053,583,1010,-427
207000054,82,178,-96
207000055,191,209,-18
207000056,448,569,-121
207000057,252,456,-204
207000058,225,531,-306
207000059,125,1075,-950
207000060,142,340,-198
207000061,424,413,11
207000062,245,44,201
207000063,241,136,105
207000064,591,232,359
207000065,392,291,101
207000066,203,242,-39
207000067,68,186,-118
207000068,154,117,37
207000069,759,529,230
207000082,16,307,-291
207000083,122,487,-365
207000084,264,337,-73
207000085,152,11,141
207000086,135,9,126
207000106,32,37,-5
207000107,86,39,47
207000108,79,19,60
207000109,74,19,55
207000110,59,64,-5
207000111,94,58,36
207000112,421,616,-195
207000114,24,50,-26
207000115,25,145,-120
207000116,24,457,-433
207000117,17,156,-139
207000118,3,135,-132
207000119,37,121,-84
207000123,190,44,146
207000124,67,42,25
207000125,91,60,31
207000126,98,80,18
207000134,68,199,-131
207000135,21,328,-307
207000148,42,289,-247
207000149,137,78,59
207000152,221,559,-338
207000153,1377,1657,-280
207000154,540,212,328
207000159,160,350,-190
207000160,156,790,-634
207000238,1,211,-210
207000242,2,322,-320
207000248,50,66,-16
207000249,254,52,202
207000250,1719,102,1617
207000251,180,131,49
207000252,114,116,-2
207000278,138,148,-10
207000279,11,312,-301
207000280,379,90,289
207000281,110,1628,-1518
207000282,239,72,167
207000283,218,379,-161
207000284,57,171,-114
207000285,201,44,157
207000291,16,152,-136
207000304,174,93,81
207000306,97,533,-436
207000310,112,105,7
207000353,264,4,260
207000356,21,26,-5
207000357,128,3,125
207000358,68,10,58
207000415,6,333,-327
207000417,45,4,41
207000418,114,181,-67
207000438,0,4,-4
207000439,1359,763,596
207000446,153,6,147
207000460,16,14,2
207000466,208,244,-36
207000467,229,191,38
207000468,54,675,-621
207000476,10,133,-123
207000477,725,191,534
207000478,10,41,-31
207000523,0,19,-19
207000524,36,0,36
207000527,103,306,-203
207000530,432,6,426
207000531,315,13,302
207000532,97,29,68
207000534,835,123,712
207000535,82,424,-342
207000537,41,239,-198
207000540,12,421,-409
207000541,4,557,-553
207000548,11,573,-562
207000549,317,16,301
207000561,153,191,-38
207000562,63,397,-334
207000567,264,320,-56
207000568,141,183,-42
207000569,461,1590,-1129
207000584,650,368,282
207000585,174,350,-176
207000616,1,271,-270
207000617,140,0,140
207900008,175,184,-9
208000001,734,1398,-664
208000002,899,837,62
208000003,1538,874,664
208000004,2258,1186,1072
208000005,44,25,19
208000019,703,1446,-743
208000020,255,696,-441
208000021,266,825,-559
208000022,983,927,56
208000028,2458,1542,916
208000033,527,1097,-570
208000034,1735,3084,-1349
208000037,537,44,493
208000040,116,229,-113
208000041,1064,814,250
208000042,1406,1009,397
208000047,247,670,-423
208000064,3674,2597,1077
208000066,2461,2945,-484
208000070,387,581,-194
208000071,719,1239,-520
208000072,558,1926,-1368
208000080,298,645,-347
208000081,403,300,103
208000082,394,405,-11
208000083,211,542,-331
208000084,181,32,149
208000085,1920,780,1140
208000086,919,1189,-270
208000087,505,995,-490
208000089,1173,1106,67
208000090,1045,1627,-582
208000093,147,249,-102
208000094,654,995,-341
208000095,1009,639,370
208000104,1343,1743,-400
208000105,928,1762,-834
208000114,160,378,-218
208000115,792,489,303
208000116,650,1369,-719
208000117,127,235,-108
208000118,160,185,-25
208000155,1026,1295,-269
208000158,2285,4805,-2520
208000186,4520,5291,-771
208000204,797,1801,-1004
208000205,1390,2114,-724
208000282,6242,3321,2921
209000004,318,415,-97
209000005,44,90,-46
209000006,927,234,693
209000007,747,518,229
209000010,1100,232,868
209000011,280,359,-79
209000012,208,337,-129
209000013,366,786,-420
209000014,876,2125,-1249
209000025,414,86,328
209000026,1031,235,796
209000027,499,1565,-1066
209000028,651,1385,-734
209000029,1966,1257,709
209000030,1209,2522,-1313
209000031,5978,3942,2036
209000034,338,331,7
209000035,203,255,-52
209000036,291,207,84
209000037,271,378,-107
209000038,177,227,-50
209000039,82,288,-206
209000040,442,784,-342
209000041,272,551,-279
209000042,304,609,-305
209000043,1159,1103,56
209000044,274,1032,-758
209000045,1703,594,1109
209000046,632,714,-82
209000047,679,286,393
209000048,978,398,580
209000049,126,167,-41
209000050,240,238,2
209000051,396,537,-141
209000052,294,502,-208
209000062,41,207,-166
209000063,54,204,-150
209000064,42,196,-154
209000065,61,87,-26
209000066,74,77,-3
209000067,80,110,-30
209000080,43,370,-327
209000082,99,88,11
209000091,69,151,-82
209000093,162,62,100
209000094,277,209,68
209000110,78,175,-97
209000111,537,2449,-1912
209000112,1105,1040,65
209000113,4310,982,3328
209000114,583,648,-65
209000115,142,206,-64
209000116,1126,958,168
209000118,107,69,38
209000119,104,24,80
209000121,227,998,-771
209000135,121,288,-167
209000142,1036,3114,-2078
209000143,428,243,185
209000144,298,175,123
209000229,301,260,41
209000240,81,660,-579
209000259,118,150,-32
209000260,102,1663,-1561
209000261,3,904,-901
209000262,5,893,-888
209000263,1,257,-256
209000264,1,156,-155
209000265,612,6,606
209000266,140,5,135
209000267,892,29,863
209000268,976,164,812
210000037,116,39,77
210000047,113,63,50
210000048,118,62,56
210000049,115,57,58
210000052,48,205,-157
210000053,38,108,-70
210000054,71,143,-72
210000070,211,4,207
210000071,139,0,139
210000072,62,0,62
210000073,0,45,-45
210000074,1,189,-188
210000075,1,66,-65
210000076,37,196,-159
210000077,102,46,56
210000078,59,35,24
210000079,156,41,115
210000080,490,51,439
210000081,402,22,380
210000082,390,5,385
210000083,175,2,173
210000084,51,0,51
210000085,0,131,-131
210000086,6,204,-198
210000099,77,429,-352
210000100,90,364,-274
210000101,120,426,-306
210000105,63,415,-352
210000159,1,213,-212
210000163,252,372,-120
210000164,394,252,142
210000168,280,74,206
210000187,0,19,-19
210000188,0,25,-25
210000214,36,0,36
210000219,35,87,-52
210000220,101,159,-58
210000232,8,32,-24
210000233,46,112,-66
210000234,38,250,-212
210000235,38,236,-198
210000245,2,56,-54
210000246,40,1,39
210000258,8,140,-132
210000259,436,70,366
210000282,131,362,-231
210000285,3,179,-176
210000286,18,221,-203
210000290,12,12,0
210000295,62,245,-183
210000296,114,77,37
210000320,243,193,50
210000321,116,177,-61
210000338,201,130,71
210000339,554,1809,-1255
210000340,216,788,-572
210000341,266,546,-280
210000342,267,387,-120
210000343,332,372,-40
210000344,733,245,488
210000345,488,592,-104
210000346,201,264,-63
210000347,638,62,576
210000348,369,21,348
210000349,483,44,439
210000350,231,83,148
210000351,197,174,23
210000352,67,174,-107
210000353,53,192,-139
210000354,119,192,-73
210000355,126,188,-62
210000356,230,113,117
210000357,124,96,28
210000358,586,168,418
210000359,330,109,221
210000360,300,166,134
210000361,266,253,13
210000362,283,323,-40
210000363,1041,347,694
210000364,211,295,-84
210000365,169,147,22
210000366,182,121,61
210000367,127,78,49
210000368,230,62,168
210000369,66,35,31
210000370,140,62,78
210000372,120,60,60
210000373,276,26,250
210000374,134,26,108
210000375,42,138,-96
210000376,170,255,-85
210000404,124,271,-147
210000439,39,138,-99
210000472,320,17,303
210000482,106,156,-50
210000564,683,472,211
210000567,0,28,-28
210000568,1024,6,1018
211000092,51,122,-71
211000094,26,17,9
211000169,310,20,290
211000172,21,382,-361
211000209,3,22,-19
211000226,23,48,-25
211000270,15,19,-4
211000275,47,27,20
211000276,153,47,106
211000279,25,64,-39
211000281,42,113,-71
211507980,4,66,-62
211977296,140,13,127
212000003,349,157,192
212000004,205,38,167
212000005,62,49,13
212000006,86,110,-24
212000008,177,236,-59
212000009,19,177,-158
212000012,82,133,-51
212000013,37,95,-58
212000014,304,191,113
212000015,301,268,33
212000016,599,614,-15
212000027,516,817,-301
212000028,295,647,-352
212000029,201,542,-341
212000030,29,56,-27
212000031,89,105,-16
212000048,68,170,-102
212000049,27,125,-98
212000050,18,14,4
212000051,189,277,-88
212000052,200,467,-267
212000053,408,781,-373
212000054,201,233,-32
212000055,221,442,-221
212000056,18,78,-60
212000057,33,44,-11
212000058,521,63,458
212000070,108,399,-291
212000077,133,1099,-966
212000099,389,477,-88
212000108,341,394,-53
212000111,225,217,8
212000120,177,89,88
212000138,405,25,380
212000156,5,229,-224
212000158,13,14,-1
212000159,353,81,272
212000160,566,379,187
212000161,73,16,57
212000310,46,23,23
212000311,11,158,-147
212000374,28,11,17
213000001,36,811,-775
213000005,639,240,399
213000006,1509,336,1173
213000007,358,18,340
213000009,857,531,326
213000010,245,412,-167
213000011,405,245,160
213000012,264,583,-319
213000014,62,14,48
213000015,250,8,242
213000016,429,4,425
213000017,123,0,123
213000018,5,260,-255
213000019,6,272,-266
213000020,149,585,-436
213000021,14,155,-141
213000023,330,350,-20
213000033,356,1974,-1618
213000034,850,479,371
213000035,96,599,-503
213000045,152,308,-156
213000046,199,269,-70
213000047,714,1162,-448
213000056,112,142,-30
213000069,217,10,207
213000073,2,30,-28
213000074,120,764,-644
213000075,873,4,869
213000076,42,1,41
213000085,8,50,-42
213000086,26,386,-360
213000091,151,18,133
213000092,60,21,39
213000099,210,1270,-1060
213000100,1584,384,1200
213000101,296,204,92
213000102,395,479,-84
213000103,1166,1283,-117
213000104,56,646,-590
213000105,14,102,-88
213000106,27,253,-226
213000107,195,996,-801
213000108,21,874,-853
213000109,7,360,-353
213000110,9,115,-106
213000111,20,91,-71
213000112,217,155,62
213000115,43,12,31
213000116,86,1179,-1093
213000117,16,1820,-1804
213000118,579,504,75
213000119,102,1357,-1255
213000120,146,1147,-1001
213000122,369,1204,-835
213000123,897,2381,-1484
213000124,170,1858,-1688
213000125,192,24,168
213000126,156,169,-13
213000127,226,241,-15
213000128,1049,1202,-153
213000129,630,909,-279
213000130,423,469,-46
213000132,272,186,86
213000133,538,215,323
213000134,1157,25,1132
213000136,496,35,461
213000137,719,172,547
213000139,499,59,440
213000147,200,0,200
213000148,63,11,52
213000149,288,8,280
213000150,0,152,-152
213000151,9,153,-144
213000152,2,101,-99
213000153,2,70,-68
213000154,33,309,-276
213000155,40,548,-508
213000156,130,1008,-878
213000157,1221,683,538
213000158,379,1212,-833
213000159,600,1011,-411
213000163,596,180,416
213000165,1044,418,626
213000171,0,139,-139
213000172,4,371,-367
213000173,6,299,-293
213000174,2,182,-180
213000175,9,144,-135
213000176,41,46,-5
213000177,85,5,80
213000178,138,8,130
213000179,159,5,154
213000180,118,2,116
213000184,158,826,-668
213000188,544,136,408
213000189,440,60,380
213000190,1170,1527,-357
213000191,390,868,-478
213000192,257,895,-638
213000193,2717,377,2340
213000194,3,55,-52
213000195,24,666,-642
213000196,256,1462,-1206
213000197,329,1358,-1029
213000198,245,27,218
213000200,135,1478,-1343
213000201,86,48,38
213000202,21,1409,-1388
213000203,4622,1129,3493
213000204,570,208,362
213000205,360,318,42
213000206,842,208,634
213000207,301,38,263
213000208,312,2,310
213000209,323,5,318
213000210,1301,14,1287
213000211,42,13,29
213000212,33,28,5
213000213,37,53,-16
213000218,357,1212,-855
213000219,655,33,622
213000220,606,12,594
213000223,528,275,253
213000224,125,61,64
213000225,66,18,48
213000226,88,13,75
213000227,1126,445,681
213000228,384,143,241
213000229,487,50,437
213000230,375,65,310
213000232,160,695,-535
213000233,19,69,-50
213000234,0,87,-87
213000293,45,59,-14
213000294,365,23,342
213000295,40,77,-37
213000296,92,56,36
213000297,14,180,-166
213000298,28,137,-109
213000299,100,84,16
213000300,13,13,0
213000303,6,31,-25
213000304,3,12,-9
213000305,4,14,-10
213000306,248,53,195
213000307,1235,93,1142
213000308,167,333,-166
213000309,301,89,212
213000310,995,168,827
213000311,363,1162,-799
213000315,87,207,-120
213000316,155,101,54
213000322,136,247,-111
213000323,72,128,-56
213000324,65,93,-28
213000325,33,211,-178
213000326,48,53,-5
213000327,28,129,-101
213000328,29,163,-134
213000329,89,77,12
213000340,192,1177,-985
213000341,419,188,231
213000346,347,266,81
213000347,1160,480,680
213000348,11,164,-153
213000349,30,9,21
213000350,406,2136,-1730
213000366,80,595,-515
213000367,263,53,210
213000379,110,123,-13
213000386,15,385,-370
213000406,78,647,-569
213000417,1959,749,1210
213000425,154,79,75
213000426,146,143,3
213000427,84,570,-486
213000428,90,324,-234
213000429,19,5,14
213000430,126,1337,-1211
213000431,54,3,51
213000432,5,36,-31
213000433,36,315,-279
213000434,91,209,-118
213000435,104,145,-41
213000436,16,140,-124
213000437,2,58,-56
213000438,239,132,107
213000439,90,17,73
213000440,7,410,-403
213000441,2,2,0
213000442,3,48,-45
213000443,647,764,-117
213000444,52,77,-25
213000445,0,140,-140
213000446,1,30,-29
213000447,15,135,-120
213000448,14,149,-135
213000449,265,4,261
213000450,32,91,-59
213000451,292,126,166
213000452,30,41,-11
213000453,57,465,-408
213000455,504,2,502
213000456,0,269,-269
213000481,16,21,-5
213000482,68,8,60
213000489,485,239,246
213000491,2,183,-181
213000492,1173,7,1166
213000493,1,211,-210
213000494,222,248,-26
213000495,2,165,-163
213000496,335,344,-9
213000497,56,538,-482
213000498,111,416,-305
213000499,182,934,-752
213000500,359,156,203
213000501,112,42,70
213000502,554,141,413
213000503,8,100,-92
213000504,11,262,-251
213000505,10,5,5
213000506,0,10,-10
213000507,5,204,-199
213900016,0,17,-17
213900244,28,0,28
213900245,0,29,-29
218000003,53,17,36
218000004,55,35,20
218000005,92,69,23
218000006,157,32,125
218000007,11,33,-22
218000012,598,336,262
218000013,140,216,-76
218000014,545,503,42
218000019,955,987,-32
218000020,419,957,-538
218000021,60,124,-64
218000022,22,63,-41
218000023,6,71,-65
218000024,2,31,-29
218000025,25,30,-5
218000026,13,92,-79
218000027,1,27,-26
218000028,6,9,-3
218000029,7,2,5
218000030,46,66,-20
218000031,18,79,-61
218000032,4,54,-50
218000040,8,10,-2
218000046,83,129,-46
218000047,12,201,-189
218000048,77,187,-110
218000049,162,155,7
218000050,538,310,228
218000051,108,350,-242
218000052,0,129,-129
218000053,3,9,-6
218000054,11,48,-37
218000055,1,15,-14
218000056,29,20,9
218000057,2,32,-30
218000064,3,21,-18
218000065,53,87,-34
218000066,11,129,-118
218000067,60,141,-81
218000068,146,201,-55
218000069,196,267,-71
218000070,156,380,-224
218000071,231,289,-58
218000072,318,394,-76
218000078,936,1668,-732
218000079,82,108,-26
218000080,97,134,-37
218000081,306,404,-98
218000082,75,220,-145
218000083,56,87,-31
218000084,171,297,-126
218000085,148,664,-516
218000086,65,265,-200
218000087,229,322,-93
218000090,14,137,-123
218000091,1151,799,352
218000092,125,230,-105
218000093,91,107,-16
218000094,640,931,-291
218000099,453,765,-312
218000100,284,405,-121
218000101,345,181,164
218000102,370,341,29
218000103,97,265,-168
218000104,116,76,40
218000105,30,16,14
218000106,19,7,12
218000107,54,74,-20
218000108,2,68,-66
218000112,112,10,102
218000117,56,120,-64
218000134,784,1443,-659
218000135,145,199,-54
218000136,453,81,372
218000137,399,157,242
218000138,60,171,-111
218000139,269,443,-174
218000140,582,334,248
218000141,159,87,72
218000142,225,262,-37
218000143,167,268,-101
218000144,141,124,17
218000145,376,562,-186
218000146,44,195,-151
218000151,71,46,25
218000152,166,87,79
218000153,5,5,0
218000154,23,3,20
218000155,19,7,12
218000156,59,32,27
218000157,37,23,14
218000158,12,17,-5
218000159,8,4,4
218000160,9,15,-6
218000161,33,10,23
218000162,52,10,42
218000163,8,2,6
218000164,66,16,50
218000165,85,59,26
218000170,5,59,-54
218000171,89,25,64
218000172,48,29,19
218000173,56,11,45
218000174,69,7,62
218000176,169,43,126
218000177,381,328,53
218000178,109,310,-201
218000179,67,151,-84
218000180,77,68,9
218000181,187,108,79
218000187,6,20,-14
218000188,96,84,12
218000189,28,102,-74
218000190,24,19,5
218000191,116,91,25
218000192,213,522,-309
218000193,495,590,-95
218000194,121,731,-610
218000195,206,138,68
218000196,416,474,-58
218000197,259,556,-297
218000198,8,220,-212
218000199,76,41,35
218000200,124,42,82
218000201,9,8,1
218000202,289,437,-148
218000207,9,95,-86
218000208,108,103,5
218000211,72,15,57
218000212,1,13,-12
218000213,161,65,96
218000214,14,31,-17
218000215,52,116,-64
218000217,1,164,-163
218000218,393,174,219
218000219,231,53,178
218000220,534,449,85
218000221,4156,329,3827
218000222,138,45,93
218000223,63,363,-300
218000224,8,236,-228
218000225,235,38,197
218000226,158,112,46
218000230,0,14,-14
218000232,67,172,-105
218000239,153,11,142
218000240,9,2,7
218000241,43,1,42
218000242,85,10,75
218000243,72,4,68
218000244,26,2,24
218000245,48,4,44
218000246,0,2,-2
218000247,0,0,0
218000248,0,36,-36
218000249,2,1,1
218000250,4,66,-62
218000251,4,19,-15
218000252,4,28,-24
218000253,0,8,-8
218000254,1,22,-21
218000255,2,15,-13
218000256,5,35,-30
218000267,1105,1594,-489
218000268,20,91,-71
218000269,1,17,-16
218000270,95,90,5
218000271,31,114,-83
218000273,18,15,3
218000274,25,18,7
218000275,20,70,-50
218000276,9,85,-76
218000278,19,44,-25
218000279,60,75,-15
218000280,3,52,-49
218000281,24,13,11
218000282,766,525,241
218000284,154,34,120
218000301,157,153,4
218000302,166,82,84
218000303,57,72,-15
218000316,831,2012,-1181
218000317,904,2016,-1112
218000318,505,1460,-955
218000319,1289,2472,-1183
218000320,984,1207,-223
218000338,158,28,130
218000345,285,70,215
218000346,132,333,-201
218000459,61,349,-288
218000490,129,53,76
218000501,74,84,-10
218000502,45,140,-95
218000503,120,26,94
218000504,233,22,211
218000505,97,218,-121
218000506,38,301,-263
218000508,1,2,-1
218000510,275,13,262
218000520,197,149,48
218000521,21,118,-97
218000522,1,176,-175
218000523,290,9,281
218000524,50,259,-209
218000525,213,23,190
218000526,60,125,-65
218000529,51,407,-356
218000530,9,4,5
218000531,19,50,-31
218000532,39,27,12
218000534,152,23,129
218000537,58,81,-23
218000538,301,208,93
218000540,813,82,731
218000543,175,94,81
218000544,80,135,-55
218000545,56,101,-45
218000546,86,156,-70
218000547,113,169,-56
218000548,161,238,-77
218000549,506,317,189
218000550,232,545,-313
218000551,237,760,-523
218000552,678,49,629
218000553,56,103,-47
218000554,68,28,40
218000555,22,34,-12
218000556,128,537,-409
218000557,275,271,4
218000558,152,2,150
218000559,2,40,-38
218000560,0,30,-30
218000561,29,0,29
218000562,61,259,-198
218000563,293,20,273
218000564,37,142,-105
218000565,243,33,210
218000566,373,49,324
218000567,5,79,-74
218000568,40,1,39
218000569,19,119,-100
218000570,160,13,147
218000571,1,126,-125
218000572,182,12,170
218000573,20,139,-119
218000574,90,88,2
218000575,181,0,181
218000576,0,65,-65
218000577,452,2,450
218000578,1,69,-68
218000579,197,46,151
218000581,6,85,-79
218000582,83,0,83
218000583,36,0,36
218000584,0,26,-26
218000585,108,2,106
218000586,13,44,-31
218000587,3,0,3
218000588,1,2,-1
218000589,1,7,-6
218000590,16,1,15
218000591,1,11,-10
218000592,1,2,-1
218000593,0,0,0
218000594,1,5,-4
218000595,0,0,0
218000596,0,0,0
218000597,0,0,0
218000598,0,0,0
218000599,0,3,-3
218000600,9,7,2
218000601,0,0,0
218000602,2,3,-1
218000603,1,6,-5
218000604,18,1,17
218000605,0,45,-45
218000606,108,1,107
218000607,19,49,-30
218000608,113,33,80
218000609,6,47,-41
218000610,244,5,239
218000611,84,2,82
218000612,3,43,-40
218000613,56,3,53
218000614,19,46,-27
218000615,296,4,292
218000616,16,169,-153
218000617,34,6,28
218000618,0,31,-31
218000619,41,39,2
218000620,11,25,-14
218000621,0,4,-4
218000622,1,24,-23
218000623,68,7,61
218000624,19,50,-31
218000625,14,3,11
218000626,2,4,-2
218000628,123,50,73
218000631,42,35,7
218000632,0,103,-103
218000633,129,4,125
218000634,13,30,-17
218000635,15,13,2
218000636,1166,2474,-1308
218000637,867,950,-83
218000638,164,97,67
218000639,12,253,-241
218000640,262,52,210
218000641,87,433,-346
218000652,61,147,-86
218000653,194,141,53
218000663,5,209,-204
218000675,57,53,4
218000676,2,51,-49
218000677,7,14,-7
218000680,212,715,-503
218000681,369,231,138
218000691,110,495,-385
218000693,159,257,-98
218000703,18,122,-104
218000718,1081,922,159
218000719,1977,465,1512
218000720,25,107,-82
218000721,187,20,167
218000725,12,19,-7
218001214,20,66,-46
218001258,60,7,53
218001329,190,155,35
218001330,146,126,20
218001351,62,12,50
218001352,30,18,12
218001353,19,20,-1
218001354,3,18,-15
218001356,285,16,269
218001358,167,7,160
218001361,147,165,-18
219000001,35,66,-31
219000002,68,91,-23
219000003,55,34,21
219000004,77,41,36
219000017,598,37,561
219000020,158,87,71
219000022,221,14,207
219000023,163,1,162
219000029,0,121,-121
219000034,100,21,79
219000039,74,118,-44
219000040,127,55,72
219000041,219,44,175
219000051,0,63,-63
219000052,0,39,-39
219000053,0,277,-277
219000054,40,165,-125
219000055,161,2,159
219000056,82,0,82
219000057,259,0,259
219000062,22,277,-255
219000063,80,7,73
219000064,2,87,-85
219000110,362,75,287
219000111,136,61,75
219000112,204,77,127
219000113,138,96,42
219000114,325,169,156
219000116,103,63,40
219000117,162,104,58
219000118,214,90,124
219000123,283,129,154
219000124,165,100,65
219000125,23,19,4
219000126,110,149,-39
219000127,0,12,-12
219000128,27,124,-97
219000129,38,158,-120
219000130,1076,1056,20
219000131,1040,1077,-37
219000133,77,47,30
219000134,8,24,-16
219000135,69,63,6
219000136,149,180,-31
219000138,85,29,56
219000139,30,99,-69
219000140,75,6,69
219000141,28,151,-123
219000142,24,169,-145
219000143,18,159,-141
219000145,29,88,-59
219000146,5,63,-58
219000147,5,89,-84
219000148,9,115,-106
219000149,20,221,-201
219000150,4,204,-200
219000151,3,84,-81
219000157,216,213,3
219000158,248,375,-127
219000161,251,13,238
219000163,2331,637,1694
219000166,191,251,-60
219000167,128,334,-206
219000168,381,139,242
219000174,479,144,335
219000175,69,8,61
219000176,64,13,51
219000177,21,6,15
219000178,36,1,35
219000179,7,17,-10
219000180,51,46,5
219000182,132,22,110
219000183,63,61,2
219000184,114,10,104
219000185,2,104,-102
219000186,27,93,-66
219000187,31,164,-133
219000189,203,221,-18
219000190,181,368,-187
219000191,2132,1756,376
219000192,193,135,58
219000193,578,200,378
219000195,2,85,-83
219000196,12,208,-196
219000198,33,201,-168
219000199,139,384,-245
219000200,62,309,-247
219000201,134,397,-263
219000203,36,187,-151
219000204,151,213,-62
219000205,54,200,-146
219000207,265,385,-120
219000209,31,135,-104
219000210,341,151,190
219000213,17,385,-368
219000239,215,332,-117
219000240,284,473,-189
219000241,172,350,-178
219000242,147,278,-131
219000243,129,489,-360
219000244,45,136,-91
219000245,40,74,-34
219000246,74,17,57
219000247,141,49,92
219000248,810,449,361
219000249,253,111,142
219000250,223,116,107
219000251,811,288,523
219000252,323,185,138
219000253,432,98,334
219000255,147,153,-6
219000256,166,129,37
219000257,245,7,238
219000262,125,310,-185
219000263,62,334,-272
219000267,7,204,-197
219000268,7,19,-12
219000269,21,6,15
219000270,19,0,19
219000271,149,22,127
219000278,0,15,-15
219000279,4,6,-2
219000283,0,15,-15
219000295,8,157,-149
219000296,99,727,-628
219000297,23,242,-219
219000298,25,310,-285
219000299,592,210,382
219000300,30,359,-329
219000301,243,491,-248
219000302,50,336,-286
219000307,53,84,-31
219000308,35,45,-10
219000311,225,72,153
219000312,694,95,599
219000313,361,56,305
219000314,90,866,-776
219000315,223,69,154
219000316,562,103,459
219000317,103,36,67
219000320,1,61,-60
219000321,0,5,-5
219000323,3,134,-131
219000325,2,18,-16
219000326,74,177,-103
219000327,132,39,93
219000328,75,64,11
219000329,396,175,221
219000330,60,51,9
219000331,83,37,46
219000332,91,147,-56
219000333,6,3,3
219000335,128,8,120
219000337,31,0,31
219000338,157,3,154
219000344,32,104,-72
219000345,91,150,-59
219000346,64,240,-176
219000348,177,181,-4
219000349,49,315,-266
219000350,72,162,-90
219000351,19,4,15
219000352,389,111,278
219000353,130,81,49
219000354,117,200,-83
219000355,156,59,97
219000356,2519,1264,1255
219000363,397,52,345
219000364,78,40,38
219000365,120,18,102
219000366,341,528,-187
219000368,784,544,240
219000370,2010,480,1530
219000371,23,27,-4
219000382,15,32,-17
219000383,1142,1200,-58
219000385,789,740,49
219000386,1265,2115,-850
219000387,18,8,10
219000390,12,13,-1
219000391,14,2,12
219000397,123,136,-13
219000398,65,55,10
219000401,21,149,-128
219000402,38,149,-111
219000403,144,308,-164
219000404,24,136,-112
219000407,4,94,-90
219000409,90,58,32
219000410,121,59,62
219000411,73,29,44
219000446,264,584,-320
219000447,0,17,-17
219000448,18,18,0
219000452,142,91,51
219000453,145,181,-36
219000454,507,250,257
219000556,238,114,124
219000558,229,313,-84
219000590,64,253,-189
219000591,91,108,-17
219000592,190,612,-422
219000595,0,54,-54
219000635,141,91,50
219000636,30,140,-110
219000657,27,11,16
219000658,53,108,-55
219000673,0,17,-17
219000676,218,7,211
219000679,91,11,80
219000684,189,3,186
219000685,1,110,-109
219000686,2,3,-1
219000688,0,88,-88
219000689,38,308,-270
219000690,246,37,209
219000691,95,221,-126
219000692,199,46,153
219000693,0,34,-34
219000694,14,1,13
219000695,20,13,7
219000698,87,1,86
219000699,0,14,-14
219000727,6,226,-220
219000728,147,14,133
219000770,95,0,95
219000771,2,53,-51
219000788,443,273,170
219001150,1,32,-31
219001151,0,6,-6
219001166,52,17,35
219001167,0,106,-106
219001178,42,2,40
220000001,130,94,36
220000002,21,197,-176
220000003,853,351,502
220000004,1407,863,544
220000005,2125,2295,-170
220000006,269,1281,-1012
220000007,461,802,-341
220000008,500,1349,-849
220000009,454,678,-224
220000010,338,267,71
220000011,1310,5138,-3828
220000012,127,800,-673
220000014,147,58,89
220000015,144,299,-155
220000017,62,604,-542
220000018,10097,4355,5742
220000019,243,449,-206
220000020,710,352,358
220000021,658,264,394
220000022,654,663,-9
220000023,328,266,62
220000024,2704,480,2224
220000025,1720,1324,396
220000026,307,336,-29
220000027,25,180,-155
220000028,56,50,6
220000029,121,386,-265
220000030,199,128,71
220000031,555,559,-4
220000064,30,1189,-1159
221000046,8,0,8
221000047,0,6,-6
221000048,0,0,0
221000049,0,23,-23
221000050,30,0,30
221000055,97,53,44
221000057,57,18,39
221000068,448,170,278
221000069,387,99,288
221000070,248,37,211
221000071,76,13,63
221000072,403,21,382
221000073,234,74,160
221000074,1,30,-29
221000075,39,35,4
221000076,14,57,-43
221000077,54,160,-106
221000081,63,13,50
221000082,77,15,62
221000083,61,12,49
221000084,9,7,2
221000085,27,114,-87
221000086,39,199,-160
221000087,6,299,-293
221000088,18,305,-287
221000089,56,457,-401
221000090,162,744,-582
221000098,135,18,117
221000099,153,21,132
221000100,71,9,62
221000101,223,27,196
221000102,182,18,164
221000109,7,117,-110
221000110,21,158,-137
221000111,26,254,-228
221000112,7,212,-205
221000113,22,239,-217
221000114,21,269,-248
221000120,69,52,17
221000121,22,56,-34
221000122,138,35,103
221000123,12,32,-20
221000124,61,393,-332
221000155,120,18,102
221000156,140,40,100
221000175,0,10,-10
221000176,1,2,-1
221000182,69,15,54
221000241,644,373,271
221000242,294,639,-345
221000243,669,194,475
221000244,332,656,-324
221000245,156,126,30
221000246,84,376,-292
221000247,106,125,-19
221000248,216,162,54
221000267,107,1029,-922
221000325,91,76,15
221000331,56,192,-136
221000338,111,33,78
221000378,184,49,135
221000381,80,100,-20
222000282,20,5,15
222000296,4,71,-67
222000568,411,25,386
222000569,201,43,158
222000570,180,32,148
222000571,499,32,467
222000577,27,376,-349
222000578,36,298,-262
222000579,59,190,-131
222000580,154,1230,-1076
222000599,0,225,-225
222000600,2,452,-450
222000601,12,1404,-1392
222000603,15,45,-30
222000604,18,32,-14
222000605,54,24,30
222000606,9,7,2
222000607,16,4,12
222000608,51,10,41
222000609,63,368,-305
222000616,275,71,204
222000617,18,21,-3
222000618,7,2,5
222000620,69,32,37
222000621,128,13,115
222000623,624,5,619
222000624,351,7,344
222000625,509,70,439
222000636,126,3,123
222000686,56,12,44
222000687,45,50,-5
222001066,584,4,580
222001067,17,10,7
222001068,29,99,-70
222001069,28,117,-89
222001082,22,74,-52
222001083,11,96,-85
222001084,0,14,-14
222001085,1,287,-286
222001111,51,292,-241
222001112,130,127,3
222001313,82,7,75
222001314,10,137,-127
222001464,140,93,47
222001465,50,163,-113
222001484,124,86,38
222001485,12,61,-49
222001494,344,226,118
222001495,152,463,-311
222001496,316,139,177
222001497,110,814,-704
222001502,22,130,-108
222001503,99,77,22
222001504,26,316,-290
222001505,356,32,324
222001506,24,310,-286
222001507,384,35,349
222001510,407,64,343
222001511,48,562,-514
222001514,751,268,483
222001515,328,899,-571
222001518,225,83,142
222001519,33,453,-420
222001527,344,139,205
222001528,72,241,-169
222001529,178,53,125
222001530,53,316,-263
222001533,131,476,-345
222001534,311,133,178
222001535,126,264,-138
222001536,120,427,-307
222001537,315,43,272
222001538,96,770,-674
222001563,518,112,406
222001564,74,937,-863
222001568,389,104,285
222001576,2,8,-6
222001579,3,13,-10
222001583,60,299,-239
222001584,108,16,92
222001596,1026,1999,-973
222001597,2514,359,2155
222001626,0,258,-258
222001650,84,99,-15
222001651,82,258,-176
222001914,228,81,147
222001915,76,322,-246
222001968,441,222,219
222001969,514,1096,-582
222001970,344,394,-50
222001971,21,73,-52
222001972,1,37,-36
225000001,610,273,337
225000002,564,246,318
225000003,547,191,356
225000004,331,538,-207
225000005,47,139,-92
225000006,0,245,-245
225000007,4556,1904,2652
225000010,388,14,374
225000011,745,1911,-1166
225000012,276,965,-689
225000013,299,288,11
225000014,2163,143,2020
225000015,157,368,-211
225000021,1063,372,691
225000027,374,814,-440
225000032,889,229,660
225000042,147,1162,-1015
225000049,53,85,-32
225000050,86,28,58
225000053,7,596,-589
225000058,1008,199,809
225000067,267,243,24
225000068,147,674,-527
225000069,149,784,-635
225000070,79,696,-617
225000071,33,425,-392
225000075,70,1610,-1540
225000076,132,224,-92
225000078,265,144,121
225000085,57,199,-142
225000086,829,104,725
225000087,302,77,225
225000088,13,282,-269
225000089,419,1207,-788
225000090,29,622,-593
225000091,206,293,-87
225000092,35,90,-55
225000093,237,503,-266
225000094,26,667,-641
225000095,428,820,-392
225000096,428,796,-368
225000098,837,347,490
225000099,434,220,214
225000100,270,200,70
225000104,187,624,-437
225000110,18,740,-722
225000111,403,1746,-1343
225000112,990,1603,-613
225000113,278,875,-597
225000114,164,517,-353
225000115,3513,961,2552
225000116,1315,331,984
225000117,1276,596,680
225000118,1347,458,889
225000119,274,176,98
225000120,971,141,830
225000121,363,52,311
225000123,2406,32,2374
225000125,617,424,193
225000126,1658,401,1257
225000127,1128,1452,-324
225000128,468,884,-416
225000132,253,71,182
225000133,501,55,446
225000134,778,172,606
225000135,79,20,59
225000136,224,35,189
225000137,186,89,97
225000138,493,71,422
225000143,158,273,-115
225000144,8,534,-526
225000145,84,102,-18
225000146,43,183,-140
225000147,31,537,-506
225000148,11,357,-346
225000149,121,731,-610
225000151,42,486,-444
225000155,382,770,-388
225000156,544,1376,-832
225000157,395,543,-148
225000158,141,551,-410
225000171,1,225,-224
225000180,44,0,44
225000181,0,133,-133
225000182,63,19,44
225000185,7,587,-580
225000187,56,655,-599
225000191,127,0,127
225000194,0,13,-13
225000208,3,63,-60
225000209,120,34,86
225000210,5,509,-504
225000217,0,19,-19
225000218,21,0,21
225000223,0,94,-94
225000224,243,1,242
225000225,11,53,-42
225000226,323,2,321
225000227,87,155,-68
225000228,12,14,-2
225000229,0,117,-117
225000230,100,2,98
225000231,0,119,-119
225000232,141,1,140
225000241,127,0,127
225000242,0,72,-72
225000249,14,1,13
225000250,42,1399,-1357
225000251,423,63,360
225000254,17,0,17
225000256,38,92,-54
225000257,8,531,-523
226000042,729,667,62
226000043,122,368,-246
226000044,399,897,-498
226000045,129,573,-444
226000046,654,187,467
226000047,664,162,502
226000048,503,137,366
226000049,484,275,209
226000070,0,143,-143
226000071,0,136,-136
226000072,0,44,-44
226000073,5,39,-34
226000074,0,35,-35
226000084,0,97,-97
226000085,7,12,-5
226000086,7,31,-24
226000087,1,32,-31
226000088,106,71,35
226000090,405,94,311
226000091,37,30,7
226000092,4,12,-8
226000093,43,1,42
226000094,54,10,44
226000095,46,5,41
226000105,32,0,32
226000106,37,0,37
226000107,19,0,19
226000108,100,0,100
226000109,113,41,72
226000124,334,132,202
226000134,566,711,-145
226000135,1292,1156,136
226000136,479,756,-277
226000137,7,694,-687
226000138,14,424,-410
226000139,7,36,-29
226000156,159,14,145
226000157,208,14,194
226000163,145,102,43
226000202,8,781,-773
226000231,276,7,269
226000232,128,18,110
227000033,302,95,207
227000036,223,44,179
227000037,209,42,167
227000038,208,50,158
227000084,1,74,-73
227000085,0,76,-76
227000088,199,7,192
227000089,182,0,182
227000090,118,2,116
227000091,22,2,20
227000092,49,0,49
227000093,215,4,211
227000094,27,2,25
227000130,32,130,-98
227000131,51,336,-285
227000132,18,311,-293
227000133,19,332,-313
227000134,17,509,-492
227000152,0,6,-6
227000153,1,55,-54
227000154,1,22,-21
227000155,3,26,-23
227000156,0,23,-23
227000165,12,23,-11
227000196,319,428,-109
227000199,267,868,-601
227000230,46,828,-782
227000232,445,43,402
227000242,68,639,-571
227000243,453,85,368
227000245,16,490,-474
227000246,140,651,-511
227000247,322,126,196
227000248,115,35,80
227000249,31,271,-240
227000250,807,164,643
227000251,271,279,-8
227000252,26,476,-450
227000253,84,30,54
227000262,246,49,197
227000266,914,14,900
227000267,57,3268,-3211
227000282,7,347,-340
227000284,403,48,355
227000286,1,132,-131
227000287,1,157,-156
227000291,12,806,-794
227000296,413,447,-34
227000484,403,23,380
227000485,22,1217,-1195
227000655,101,34,67
227000656,618,69,549
227000657,87,39,48
227000661,404,19,385
229000265,40,81,-41
229000296,16,54,-38
229000297,8,90,-82
229000298,14,346,-332
229000320,22,9,13
229000321,35,10,25
229000412,62,111,-49
229000414,16,121,-105
229000415,24,0,24
229000416,0,2,-2
229000417,15,26,-11
229000419,161,559,-398
229000440,299,120,179
229000442,20,21,-1
229000443,3,17,-14
229000444,4,56,-52
229000445,89,6,83
229000446,139,21,118
229000491,2,30,-28
229000492,12,154,-142
229000493,16,166,-150
229000494,38,9,29
229000495,110,10,100
229000496,63,8,55
229000507,0,117,-117
229000508,1,43,-42
229000509,2,74,-72
229000510,0,55,-55
229000511,5,80,-75
229000512,2,56,-54
229000513,0,14,-14
229000514,0,7,-7
229000517,1,16,-15
229000518,12,41,-29
229000519,2,18,-16
229000520,19,43,-24
229000521,42,36,6
229000522,16,18,-2
229000523,8,13,-5
229000524,1,5,-4
229000527,7,0,7
229000528,0,0,0
229000529,12,0,12
229000530,74,7,67
229000531,51,3,48
229000532,61,1,60
229000533,105,0,105
229000534,82,5,77
229000564,44,0,44
229000565,15,0,15
229000566,0,14,-14
229000567,0,66,-66
229000582,137,6,131
229000583,9,3,6
229000584,0,43,-43
229000585,4,96,-92
229000718,0,4,-4
229000719,0,2,-2
229000720,0,12,-12
229000721,0,13,-13
229000722,0,25,-25
229000723,0,14,-14
229000724,0,3,-3
229000725,0,4,-4
229000738,1,0,1
229000739,3,0,3
229000740,1,0,1
229000741,10,0,10
229000742,2,1,1
229000743,41,0,41
229000744,5,0,5
229000745,6,0,6
229000746,63,2,61
229000847,47,0,47
229000848,19,0,19
229000849,116,1,115
229000851,22,0,22
229000854,1,35,-34
229000856,1,184,-183
229000857,0,69,-69
229000858,0,136,-136
229000919,13,92,-79
229000930,2,306,-304
229000937,98,15,83
229000966,61,27,34
229000981,17,45,-28
229000985,8,93,-85
229000986,0,11,-11
229000987,1,3,-2
229000988,6,1,5
229000989,31,30,1
229000990,0,5,-5
229000991,5,2,3
229000992,18,13,5
229000993,463,29,434
229000998,6,90,-84
229000999,86,15,71
229001034,0,36,-36
229001035,21,4,17
229001037,58,14,44
229001042,19,42,-23
229001047,6,113,-107
229001050,32,122,-90
229001168,0,10,-10
229001200,7,3,4
229001338,14,36,-22
229001394,234,4,230
229001422,120,29,91
229001423,51,202,-151
229001431,61,45,16
229001432,53,106,-53
229001444,161,87,74
229001445,99,356,-257
229001479,14,7,7
229001503,169,104,65
229001504,129,209,-80
229001505,106,47,59
229001506,71,240,-169
229001509,60,50,10
229001545,71,3,68
229001546,9,115,-106
229001553,73,13,60
229001554,45,127,-82
229001630,102,19,83
229001631,5,81,-76
229001635,0,5,-5
229001636,4,1,3
229001658,1,136,-135
229001659,44,4,40
229001660,6,1,5
229001661,1,24,-23
229001662,36,0,36
229001663,0,22,-22
229002584,283,363,-80
229002831,454,293,161
229002841,50,22,28
229002842,31,33,-2
229002843,94,37,57
229002844,217,111,106
229002845,24,78,-54
229002846,40,30,10
229002847,45,14,31
229002848,56,29,27
229002849,10,87,-77
229002850,10,4,6
229002851,137,150,-13
229002852,211,40,171
229002853,225,23,202
229002854,171,59,112
229002855,21,22,-1
229002856,95,41,54
229002857,5,50,-45
229002858,20,27,-7
229002859,124,30,94
229002860,288,16,272
229002861,123,43,80
229002862,60,173,-113
229002863,29,32,-3
229002864,43,63,-20
229002865,21,23,-2
229002866,20,19,1
229002867,1,50,-49
229002868,20,17,3
229002869,36,202,-166
229002870,74,15,59
235000066,560,117,443
235000067,182,147,35
235000072,23,79,-56
235000073,88,452,-364
235000074,43,109,-66
235000080,63,130,-67
235000081,114,189,-75
235000082,126,142,-16
235000083,187,169,18
235000084,55,101,-46
235000085,78,101,-23
235000089,36,76,-40
235000092,21,224,-203
235000093,13,5,8
235000097,9,13,-4
235000098,29,21,8
235000099,38,40,-2
235000116,61,21,40
235000117,1125,29,1096
235000133,11,441,-430
235000134,19,166,-147
235000206,13,8,5
235000207,3,5,-2
235000208,7,3,4
235000209,16,5,11
235000210,11,1,10
235000212,4,32,-28
235000213,1,10,-9
235000220,4,3,1
235000221,197,11,186
235000238,29,60,-31
235000239,4,7,-3
235000242,375,484,-109
235000245,909,252,657
235000246,20,122,-102
235000284,6,100,-94
235000295,131,30,101
235000305,250,35,215
235000306,141,13,128
235000307,17,4,13
235000308,55,4,51
235000309,71,2,69
235000310,107,1,106
235000311,359,5,354
235000322,0,49,-49
235000323,0,71,-71
235000324,1,27,-26
235000325,0,9,-9
235000326,12,248,-236
235000351,5,77,-72
235000352,32,60,-28
235000353,7,28,-21
235000354,6,27,-21
235000355,19,95,-76
235000356,140,12,128
235000357,37,13,24
235000358,19,18,1
235000359,11,7,4
235000360,120,17,103
235000361,69,7,62
235000381,78,294,-216
235000382,121,67,54
235000390,21,7,14
235000391,142,20,122
235000392,89,200,-111
235000393,59,142,-83
235000395,68,51,17
235000396,305,102,203
235000400,345,30,315
235000401,183,190,-7
235000405,133,320,-187
235000406,62,353,-291
235000407,89,145,-56
235000409,228,228,0
235000410,81,333,-252
235000411,2,98,-96
235000485,0,22,-22
235000486,13,0,13
235000549,71,178,-107
235000550,82,281,-199
235000599,100,99,1
235000600,12,21,-9
235000601,30,56,-26
235000602,71,197,-126
235000614,3,3,0
235000648,2,53,-51
235000649,47,16,31
235000685,3,3,0
235000815,5,16,-11
235000834,0,9,-9
235000855,26,66,-40
235000862,52,248,-196
235000891,0,15,-15
235000892,49,1,48
235000901,109,149,-40
235000907,4,16,-12
235001010,44,141,-97
235001029,746,611,135
235001030,431,293,138
235001078,103,96,7
235001079,110,116,-6
235001147,13,93,-80
235001166,23,116,-93
235001167,19,68,-49
235001169,42,391,-349
235001188,3,9,-6
235001189,1,1,0
235001197,35,16,19
235001200,57,40,17
235001207,149,24,125
235001210,67,139,-72
235001215,54,137,-83
235001239,1,67,-66
235001244,4,8,-4
235016267,0,53,-53
277101746,0,1,-1
277102712,0,0,0
277103813,0,0,0
277103814,0,0,0
277103898,0,6,-6
277104249,0,4,-4
277104250,0,20,-20
277104251,0,12,-12
277104252,0,3,-3
990011530,0,295,-295
990014944,6,660,-654
990015176,91,4,87
990015618,0,178,-178
990016032,4,874,-870
990032570,0,438,-438
990070001,104,6,98
990070103,0,3,-3
990070601,0,106,-106
990070751,466,1,465
990070766,2,850,-848
990071180,1000,361,639
990071343,77,6,71
990071387,1,16,-15
990071823,649,3,646
990072600,1,896,-895
990072964,2,884,-882
990073285,0,4,-4
990074393,5,1460,-1455
990074870,1120,8,1112
990075106,964,7,957
990075746,479,3,476
990076437,1132,3,1129
990076458,1,1260,-1259
997000007,414,5,409
997000041,0,178,-178
997000058,54,1,53
997000062,211,0,211
997000069,0,6,-6
997000070,0,113,-113
997000100,42,0,42
997000141,28,3639,-3611
997000198,7,1590,-1583
998000475,5,32,-27
998000736,2,396,-394
998000965,0,25,-25
998001031,0,87,-87
998001700,0,37,-37
998001899,0,2,-2
998001900,18,4,14
998003073,3879,15,3864
998101900,0,0,0
998102850,4,107,-103
998501927,923,612,311
998501929,206,4,202
998501930,87,0,87
998501931,196,27,169
998501932,15,0,15
998501933,191,78,113
998501937,29,0,29
998501944,106,56,50
998501970,51,16,35
998501971,0,86,-86
998501973,0,66,-66
998501974,0,313,-313
998501975,807,95,712
998501976,204,42,162
998501977,0,26,-26
998501978,91,0,91
998501979,0,16,-16
998501980,377,2,375
998501981,29,5,24
998501982,2,185,-183
998502006,0,0,0
998502024,0,3,-3
998502032,0,3,-3
998502062,68,45,23
998502063,0,0,0
998502173,5,0,5
998502269,1,2,-1
998601159,2,241,-239
998601292,0,31,-31
999033574,2,1624,-1622
999800001,87,18,69
999800002,0,2,-2
999800003,1,0,1
999800004,0,3,-3
999800005,0,13,-13
