ID,insum,outsum,diff
100000001,725,1150,-425
100000002,5649,2558,3091
100000003,9160,4881,4279
100000004,1717,1426,291
100000005,3103,5378,-2275
100000006,941,225,716
100000007,2625,1274,1351
100000008,576,619,-43
100000009,1340,1169,171
100000010,331,140,191
100000011,1789,173,1616
100000012,206,1196,-990
100000013,1242,365,877
100000014,1145,379,766
100000015,2089,3397,-1308
100000016,1224,1737,-513
100000017,1187,1139,48
100000018,2318,886,1432
100000019,5941,2726,3215
100000020,3168,11440,-8272
100000021,6649,3382,3267
100000022,2422,2775,-353
100000023,6594,2294,4300
100000025,2363,1452,911
100000028,2651,1314,1337
100000029,366,351,15
100000030,332,65,267
100000031,5461,9104,-3643
100000032,3741,5267,-1526
100000033,1190,3478,-2288
100000034,504,492,12
100000035,2181,2040,141
100000036,3420,1722,1698
100000037,910,532,378
100000038,2525,1247,1278
100000039,1665,449,1216
100000040,409,177,232
100000041,1572,761,811
100000042,1678,700,978
100000043,1434,500,934
100000044,516,983,-467
100000045,707,1531,-824
100000046,892,1298,-406
100000047,633,915,-282
100000048,1684,773,911
100000049,2239,2589,-350
100000051,534,1354,-820
100000053,509,17,492
100000054,684,67,617
100000055,2041,438,1603
100000056,646,588,58
100000057,2585,856,1729
100000058,1490,1606,-116
100000059,21,193,-172
100000060,422,470,-48
100000061,2926,712,2214
100000062,3792,770,3022
100000063,980,328,652
100000064,1748,409,1339
100000065,573,1245,-672
100000066,265,894,-629
100000067,878,918,-40
100000068,786,2305,-1519
100000069,434,1878,-1444
100000072,477,1500,-1023
100000073,1508,1520,-12
100000075,813,330,483
100000076,3279,3674,-395
100000077,423,268,155
100000078,51,50,1
100000079,58,63,-5
100000080,35,74,-39
100000081,252,243,9
100000102,3058,2707,351
100000103,5064,2053,3011
100000104,6065,3117,2948
100000105,3570,2008,1562
100000106,3755,2714,1041
100000107,1038,1290,-252
100000108,966,1243,-277
100000109,3892,1727,2165
100000116,2199,1469,730
100000117,115,139,-24
100000118,2321,1591,730
100000119,781,1126,-345
100000121,442,616,-174
100000122,954,1139,-185
100000123,5228,5311,-83
100000124,7990,7686,304
100000125,4525,1850,2675
100000126,1134,487,647
100000127,2242,548,1694
100000128,3069,2844,225
100000129,688,559,129
100000130,595,693,-98
100000131,3756,3608,148
100000132,2038,3884,-1846
100000133,8805,3050,5755
100000135,807,1621,-814
100000139,655,418,237
100000140,627,447,180
100000142,620,727,-107
100000143,972,555,417
100000144,4429,1125,3304
100000147,1316,3317,-2001
100000150,56,542,-486
100000151,1648,1328,320
100000153,377,536,-159
100000154,116,292,-176
100000155,26,77,-51
100000156,742,558,184
100000157,166,192,-26
100000158,348,137,211
100000159,312,689,-377
100000165,1993,1189,804
100000169,562,413,149
100000174,1137,467,670
100000179,120,656,-536
100000180,8126,3383,4743
100000181,1056,402,654
100000188,130,397,-267
100000189,2829,593,2236
100000190,1404,1282,122
100000191,944,745,199
100000192,78,134,-56
100000193,370,248,122
100000330,1643,1090,553
100000355,325,863,-538
100000362,6726,4072,2654
100000363,4795,5769,-974
100000364,389,348,41
100000365,6937,8023,-1086
100000366,7845,4024,3821
100000367,6583,7064,-481
100000368,3953,2091,1862
100000369,1963,2585,-622
100000370,412,895,-483
100000376,118,193,-75
100000379,3269,2008,1261
100000380,6291,4723,1568
100000384,6831,6061,770
100000385,5609,5205,404
100000386,10748,5441,5307
100000387,7225,6526,699
100000388,9368,7394,1974
100000389,9833,7361,2472
100000390,10752,7425,3327
100000391,8748,8770,-22
100000392,5308,4633,675
100000393,4215,5337,-1122
100000394,10471,9953,518
100000395,7178,4322,2856
100000396,11069,5050,6019
100000397,8005,7719,286
100000398,14342,10669,3673
100900002,8,41,-33
100900003,488,190,298
100900004,59,1175,-1116
100900005,208,16,192
100900006,29,144,-115
100900007,729,24,705
100900008,3,457,-454
100900009,101,187,-86
100900010,122,162,-40
100900011,120,239,-119
100900012,0,248,-248
100900013,1666,18,1648
100900014,1,16,-15
100900015,128,146,-18
100900016,0,50,-50
100900017,1053,127,926
100900018,0,31,-31
100900019,56,358,-302
100900020,404,18,386
100900021,586,4,582
100900022,63,103,-40
100900023,2,93,-91
100900024,1067,8,1059
100900025,35,24,11
100900026,130,163,-33
100900027,830,4026,-3196
100900028,163,305,-142
100900029,72,20,52
100900030,2,89,-87
100900031,1131,83,1048
100900032,275,4,271
100900033,421,277,144
100900034,505,4,501
100900035,764,4,760
100900036,17,4,13
100900037,97,244,-147
100900038,141,77,64
100900039,366,676,-310
100900040,435,1027,-592
100900041,892,771,121
100900042,2146,1052,1094
100900043,0,22,-22
100900044,2917,700,2217
100900045,21,1,20
100900046,1994,29,1965
100900047,1145,483,662
100900048,280,80,200
100900049,187,220,-33
100900050,6,14,-8
100900051,149,176,-27
100900052,641,102,539
100900053,455,38,417
100900054,14,72,-58
100900055,549,853,-304
100900056,307,319,-12
100900057,1271,1729,-458
100900058,342,108,234
100900059,141,11,130
100900060,208,16,192
100900061,370,284,86
100900062,7,77,-70
100900063,300,777,-477
100900064,939,49,890
100900065,135,96,39
100900066,145,205,-60
100900067,12,14,-2
100900068,233,135,98
100900069,1033,21,1012
100900070,421,13,408
100900071,858,423,435
100900072,6,69,-63
100900073,174,446,-272
100900074,9,15,-6
100900075,2298,474,1824
100900076,23,53,-30
100900077,27,112,-85
100900078,162,483,-321
100900079,7,28,-21
100900080,44,311,-267
100900081,92,217,-125
100900082,152,591,-439
100900083,13,29,-16
100900085,25,310,-285
100900086,254,1581,-1327
100900088,116,663,-547
100900089,6,26,-20
100900090,154,703,-549
100900091,6,41,-35
100900092,333,368,-35
100900093,242,634,-392
100900094,142,561,-419
100900095,11,55,-44
100900096,92,162,-70
100900097,2,3,-1
100900098,45,33,12
100900099,57,620,-563
100900100,28,727,-699
100900101,366,77,289
100900102,423,215,208
100900103,14,23,-9
100900104,13,199,-186
100900105,53,611,-558
100900106,89,9,80
100900107,2030,903,1127
100900108,17,66,-49
100900109,24,49,-25
100900110,5,41,-36
100900111,48,196,-148
100900112,20,33,-13
100900113,16,35,-19
100900114,7,35,-28
100900115,12,47,-35
100900116,1077,1020,57
100900117,439,1096,-657
100900118,15,54,-39
100900119,15,18,-3
100900120,8,9,-1
100900121,420,827,-407
100900122,250,270,-20
100900123,112,255,-143
100900124,11,14,-3
100900125,34,96,-62
100900126,228,538,-310
100900127,6,12,-6
100900128,100,144,-44
100900129,1,184,-183
100900131,118,274,-156
100900133,56,72,-16
100900134,8,7,1
100900135,1,214,-213
100900137,425,254,171
100900138,701,569,132
100900139,7,9,-2
100900140,11,603,-592
100900141,9,538,-529
100900142,2,16,-14
100900143,1804,568,1236
100900144,62,14,48
100900145,343,308,35
100900146,9,70,-61
100900147,20,602,-582
100900148,41,697,-656
100900149,54,257,-203
100900150,7,64,-57
100900151,158,659,-501
100900152,349,11,338
100900153,8,223,-215
100900154,26,121,-95
100900155,18,38,-20
100900156,58,7,51
100900157,17,257,-240
100900158,958,286,672
100900159,4,50,-46
100900160,28,19,9
100900161,143,6,137
100900162,44,487,-443
100900163,308,292,16
100900164,37,79,-42
100900165,5,26,-21
100900166,57,12,45
100900167,19,96,-77
100900168,64,196,-132
100900169,233,1238,-1005
100900170,51,10,41
100900171,27,732,-705
100900172,0,22,-22
100900173,18,452,-434
100900174,672,79,593
100900176,1867,287,1580
100900177,781,425,356
100900178,340,196,144
100900179,300,477,-177
100900180,24,1,23
100900181,203,189,14
100900182,63,44,19
100900184,22,255,-233
100900186,908,693,215
100900187,20,131,-111
100900188,40,24,16
100900189,1643,257,1386
100900191,1432,1298,134
100900192,392,520,-128
100900195,150,229,-79
100900197,21,112,-91
100900198,32,285,-253
100900199,17,29,-12
100900200,726,562,164
100900201,199,908,-709
100900202,99,0,99
100900203,1,161,-160
100900204,1103,1211,-108
100900205,232,755,-523
100900206,172,120,52
100900207,293,189,104
100900210,127,624,-497
100900211,609,274,335
100900213,139,78,61
100900214,1182,120,1062
100900215,29,43,-14
101000001,5378,3036,2342
101000002,6646,7197,-551
101000003,794,2801,-2007
101000004,11061,8868,2193
101000005,5493,6073,-580
101000006,9092,8699,393
101000007,3663,4918,-1255
101000008,4150,3422,728
101000009,2497,1728,769
101000010,1092,1447,-355
101000011,2342,923,1419
101000012,1727,930,797
101000013,903,1407,-504
101000014,672,856,-184
101000015,1382,1165,217
101000016,465,535,-70
101000017,736,628,108
101000018,4633,3568,1065
101000020,4303,1508,2795
101000021,1149,543,606
101000022,360,147,213
101000023,1961,975,986
101000025,261,476,-215
101000026,441,23,418
101000027,2808,3215,-407
101000028,448,122,326
101000029,500,2593,-2093
101000030,2731,194,2537
101000031,1903,1153,750
101000032,13995,6429,7566
101000033,3352,4125,-773
101000034,3275,2168,1107
101000035,1331,1048,283
101000036,2480,1227,1253
101000037,4238,2386,1852
101000039,3663,2983,680
101000040,4300,3757,543
101000041,15319,10210,5109
101000042,1038,1869,-831
101000043,10703,9731,972
101000045,2704,1242,1462
101000046,6559,2405,4154
101000047,3997,5336,-1339
101000048,1181,863,318
101000049,1043,2751,-1708
101000050,3800,3824,-24
101000051,3391,4021,-630
101000052,1922,1333,589
101000053,1686,1876,-190
101000054,2700,2093,607
101000055,1898,1827,71
101000056,76,101,-25
101000057,3378,1572,1806
101000058,1635,1622,13
101000059,3330,2617,713
101000060,2248,691,1557
101000061,1155,1564,-409
101000062,1094,757,337
101000063,711,1140,-429
101000064,1374,1188,186
101000065,534,555,-21
101000066,1366,980,386
101000067,1686,1218,468
101000068,482,538,-56
101000069,393,136,257
101000070,1678,1468,210
101000071,2499,1163,1336
101000072,1204,4087,-2883
101000073,1273,1202,71
101000074,10401,4854,5547
101000075,7973,6789,1184
101000077,2220,1408,812
101000078,1616,2782,-1166
101000079,1076,475,601
101000080,838,652,186
101000081,2283,1961,322
101000082,4256,4179,77
101000083,3108,2714,394
101000084,1837,1135,702
101000085,1951,1518,433
101000086,1294,1328,-34
101000087,1120,1293,-173
101000088,1521,1455,66
101000089,1380,1993,-613
101000090,2341,1530,811
101000091,556,1162,-606
101000092,1084,1288,-204
101000093,1757,1196,561
101000094,1144,1226,-82
101000095,472,751,-279
101000096,373,693,-320
101000097,562,538,24
101000098,542,651,-109
101000099,1754,1379,375
101000100,1625,1145,480
101000101,464,499,-35
101000102,1168,586,582
101000103,1403,754,649
101000104,517,744,-227
101000105,620,555,65
101000106,1307,924,383
101000107,312,402,-90
101000108,1127,427,700
101000109,314,68,246
101000110,39,682,-643
101000111,195,459,-264
101000113,291,1018,-727
101000114,12508,8325,4183
101000115,206,90,116
101000116,306,100,206
101000117,1710,498,1212
101000119,89,81,8
101000120,168,46,122
101000121,89,44,45
101000122,156,108,48
101000123,100,198,-98
101000124,992,310,682
101000125,307,624,-317
101000128,907,528,379
101000130,427,491,-64
101000131,881,645,236
101000132,676,1294,-618
101000135,83,42,41
101000136,703,206,497
101000137,57,469,-412
101000141,1948,3533,-1585
101000147,900,530,370
101000148,1682,64,1618
101000149,310,423,-113
101000150,90,932,-842
101000151,233,49,184
101000152,307,327,-20
101000153,864,422,442
101000154,230,1364,-1134
101000155,351,200,151
101000156,25,332,-307
101000157,73,48,25
101000160,105,73,32
101000163,314,349,-35
101000164,449,460,-11
101000165,369,474,-105
101000166,378,569,-191
101000168,1018,487,531
101000252,2107,1132,975
101000254,701,139,562
101000258,58,18,40
101000261,238,76,162
101000262,1636,2345,-709
101000263,575,1809,-1234
101000265,177,1212,-1035
101000266,439,397,42
101000269,56,12,44
101000290,1742,4642,-2900
101000293,46,79,-33
101000294,782,511,271
101000295,174,695,-521
101000301,984,539,445
101000304,2378,3048,-670
101000305,3585,1718,1867
101900001,15,86,-71
101900002,0,25,-25
101900003,92,123,-31
101900004,13,88,-75
101900005,4878,2420,2458
101900006,1403,81,1322
101900007,988,382,606
101900008,136,421,-285
101900009,97,642,-545
101900010,1130,860,270
101900011,470,1741,-1271
101900012,316,513,-197
101900013,1320,220,1100
101900017,21,203,-182
101900018,1420,246,1174
101900019,274,135,139
101900020,332,110,222
101900021,0,60,-60
101900022,183,1305,-1122
101900023,187,371,-184
102000001,3016,5509,-2493
102000002,3617,1264,2353
102000003,4686,9602,-4916
102000004,9482,4008,5474
102000005,1662,2574,-912
102000006,1730,2375,-645
102000007,2216,5829,-3613
102000008,5848,2004,3844
102000009,7882,9344,-1462
102000010,8056,4303,3753
102000011,3600,3484,116
102000012,4165,4193,-28
102000018,3897,3467,430
102000019,2952,2021,931
102000026,311,664,-353
102000029,391,316,75
102000030,160,478,-318
102000031,91,186,-95
102000032,457,357,100
102000033,272,427,-155
102000034,697,472,225
102000035,1900,924,976
102000036,19,268,-249
102000037,192,71,121
102000038,245,337,-92
102000039,279,68,211
102000040,618,317,301
102000041,333,390,-57
102000042,435,384,51
102000043,507,277,230
102000044,341,495,-154
102000045,1653,1163,490
102000046,1257,720,537
102000047,1093,1316,-223
102000048,463,889,-426
102000049,1328,950,378
102000050,1574,1683,-109
102000051,594,763,-169
102000052,1573,1206,367
102000053,999,1165,-166
102000054,610,1262,-652
102000055,1307,777,530
102000056,977,1533,-556
102000057,1892,790,1102
102000058,1608,1979,-371
102000059,1767,1920,-153
102000060,1601,1365,236
102000061,2064,2621,-557
102000062,2084,1570,514
102000063,1503,1682,-179
102000064,665,961,-296
102000065,56,163,-107
102000066,1139,1190,-51
102000067,3823,4016,-193
102000068,10879,3271,7608
102000069,78,1975,-1897
102000070,2530,69,2461
102000071,8787,11594,-2807
102000072,4152,5013,-861
102000073,2153,1428,725
102000074,1003,1325,-322
102000075,207,403,-196
102000076,231,686,-455
102000077,699,1022,-323
102000078,1018,941,77
102000079,342,355,-13
102000080,414,356,58
102000081,493,1027,-534
102000082,976,463,513
102000083,694,478,216
102000084,332,353,-21
102000085,2320,1248,1072
102000086,1529,2190,-661
102000087,1093,2015,-922
102000088,545,470,75
102000089,1530,588,942
102000090,889,1616,-727
102000091,1938,863,1075
102000092,458,1071,-613
102000093,849,852,-3
102000094,1393,948,445
102000095,1606,1777,-171
102000096,1176,1177,-1
102000097,1455,1214,241
102000098,745,1114,-369
102000099,1128,1074,54
102000100,1100,1478,-378
102000101,1731,881,850
102000102,851,1791,-940
102000103,2675,588,2087
102000104,806,407,399
102000105,298,601,-303
102000106,967,808,159
102000107,1392,626,766
102000108,1298,267,1031
102000109,556,672,-116
102000110,1214,1439,-225
102000111,15,333,-318
102000112,402,129,273
102000113,26,35,-9
102000114,904,494,410
102000115,282,395,-113
102000116,1220,867,353
102000117,591,1838,-1247
102000118,2110,1258,852
102000119,2308,1631,677
102000120,265,663,-398
102000121,1257,747,510
102000122,861,1252,-391
102000123,1587,1594,-7
102000124,1968,1575,393
102000125,1338,1210,128
102000126,1243,885,358
102000127,1555,907,648
102000128,845,1201,-356
102000129,1648,932,716
102000130,827,1132,-305
102000131,3045,1210,1835
102000132,1228,1480,-252
102000133,2071,1988,83
102000134,852,958,-106
102000135,882,1109,-227
102000136,1249,697,552
102000137,1558,1183,375
102000138,663,555,108
102000139,347,566,-219
102000140,729,621,108
102000141,910,1118,-208
102000142,473,506,-33
102000143,181,520,-339
102000144,314,476,-162
102000145,664,748,-84
102000146,509,458,51
102000147,852,741,111
102000148,290,906,-616
102000149,164,627,-463
102000150,482,165,317
102000151,86,389,-303
102000152,223,176,47
102000153,1401,666,735
102000154,358,874,-516
102000155,129,397,-268
102000156,446,210,236
102000157,175,429,-254
102000158,480,393,87
102000159,1245,479,766
102000161,4901,2973,1928
102000162,251,202,49
102000163,121,730,-609
102000164,1418,1379,39
102000165,423,257,166
102000166,175,221,-46
102000167,468,419,49
102000168,451,233,218
102000169,184,570,-386
102000170,852,398,454
102000171,568,510,58
102000172,594,622,-28
102000173,617,402,215
102000174,102,89,13
102000175,424,140,284
102000176,121,72,49
102000178,310,560,-250
102000179,418,362,56
102000180,1245,629,616
102000181,753,738,15
102000182,840,690,150
102000183,2101,2271,-170
102000184,2259,1083,1176
102000185,2953,1822,1131
102000186,1402,2282,-880
102000187,1361,2050,-689
102000188,1692,1701,-9
102000189,2974,1070,1904
102000190,855,3447,-2592
102000191,1596,692,904
102000192,1330,1642,-312
102000193,66,197,-131
102000194,77,173,-96
102000195,491,641,-150
102000196,185,494,-309
102000197,646,622,24
102000198,235,983,-748
102000199,1149,419,730
102000200,338,1345,-1007
102000201,1077,571,506
102000202,5,133,-128
102000203,408,349,59
102000204,495,830,-335
102000205,1220,520,700
102000206,766,1035,-269
102000207,1020,596,424
102000208,594,661,-67
102000209,146,77,69
102000210,431,358,73
102000211,726,527,199
102000212,452,15,437
102000213,10,388,-378
102000214,295,10,285
102000215,17,436,-419
102000216,68,68,0
102000217,13,153,-140
102000218,391,170,221
102000219,520,358,162
102000225,878,687,191
102000226,6346,1436,4910
102000227,171,2,169
102000228,2,158,-156
102000229,45,76,-31
102000230,313,565,-252
102000231,323,615,-292
102000232,44,181,-137
102000233,468,1031,-563
102000234,138,1380,-1242
102000236,449,84,365
102000237,560,179,381
102000238,168,317,-149
102000240,763,829,-66
102000241,374,164,210
102000243,48,91,-43
102000245,24,101,-77
102000246,61,50,11
102000247,368,741,-373
102000248,293,705,-412
102000249,159,160,-1
102000250,131,486,-355
102000254,113,423,-310
102000266,184,489,-305
102000271,37,2,35
102000286,554,464,90
102000297,2162,1229,933
102000299,0,0,0
102000301,0,0,0
102000303,0,0,0
102000305,0,0,0
102000307,0,4,-4
102000308,0,2,-2
102900001,1651,972,679
102900002,465,72,393
102900003,81,254,-173
102900005,428,375,53
102900006,627,236,391
102900007,649,49,600
102900008,211,94,117
102900009,742,398,344
102900010,821,861,-40
102900011,2295,399,1896
102900012,433,114,319
102900013,46,83,-37
102900015,1009,678,331
102900016,71,129,-58
102900017,153,725,-572
102900018,43,140,-97
102900019,561,563,-2
102900020,180,54,126
102900021,18,120,-102
102900022,767,238,529
102900023,53,67,-14
102900024,58,67,-9
102900025,248,152,96
102900026,638,2109,-1471
102900027,144,100,44
102900028,253,818,-565
102900029,223,264,-41
102900030,788,361,427
102900031,177,187,-10
102900032,140,123,17
102900033,197,233,-36
102900034,579,135,444
102900035,145,370,-225
102900036,414,610,-196
102900037,898,641,257
102900038,779,702,77
102900039,47,712,-665
102900040,167,361,-194
102900041,86,211,-125
102900042,250,349,-99
102900043,219,296,-77
102900044,770,2393,-1623
102900045,134,607,-473
102900046,143,297,-154
102900047,97,756,-659
102900048,874,704,170
102900049,143,494,-351
102900050,444,443,1
102900051,278,285,-7
102900052,81,59,22
102900053,474,794,-320
102900054,1081,1392,-311
102900055,164,198,-34
102900056,176,518,-342
102900057,11,46,-35
102900058,379,130,249
102900059,21,80,-59
102900060,152,567,-415
102900061,210,628,-418
102900062,280,1214,-934
102900063,1271,538,733
102900064,224,486,-262
102900065,1765,752,1013
102900066,380,61,319
102900068,237,120,117
102900070,381,682,-301
102900072,60,56,4
102900073,288,9,279
102900074,299,255,44
102900075,25,85,-60
102900076,186,177,9
102900077,62,51,11
102900078,41,99,-58
102900079,202,12,190
102900080,394,57,337
102900081,118,365,-247
102900082,18,306,-288
102900083,332,22,310
102900084,21,42,-21
102900085,614,171,443
102900086,19,67,-48
102900087,135,148,-13
102900088,45,42,3
102900089,296,157,139
102900090,3,444,-441
102900091,168,15,153
102900092,360,1114,-754
102900093,378,302,76
102900094,5,112,-107
102900095,215,4,211
102900096,104,27,77
102900097,5,181,-176
103000001,2720,2998,-278
103000002,2450,2936,-486
103000003,4174,3456,718
103000004,1015,911,104
103000005,1968,3134,-1166
103000006,694,1601,-907
103000007,451,895,-444
103000008,1172,907,265
103000009,1091,1338,-247
103000010,177,124,53
103000011,2009,1753,256
103000012,1647,1823,-176
103000013,5268,2594,2674
103000014,1894,2860,-966
103000015,1901,798,1103
103000016,535,1583,-1048
103000017,219,482,-263
103000018,894,519,375
103000019,359,327,32
103000020,2717,1818,899
103000021,2056,1972,84
103000022,883,1331,-448
103000023,700,1713,-1013
103000024,135,238,-103
103000025,158,705,-547
103000026,1568,168,1400
103000027,451,602,-151
103000028,541,496,45
103000029,413,394,19
103000030,2639,1289,1350
103000031,2181,2126,55
103000032,2891,2236,655
103000033,3561,3178,383
103000034,2163,1595,568
103000035,553,1874,-1321
103000036,578,780,-202
103000037,799,608,191
103000038,753,1424,-671
103000039,518,471,47
103000040,539,1167,-628
103000041,1857,2849,-992
103000042,1446,622,824
103000043,807,1067,-260
103000044,428,256,172
103000046,335,598,-263
103000047,727,926,-199
103000048,213,273,-60
103000049,306,248,58
103000050,763,700,63
103000051,614,568,46
103000052,886,551,335
103000053,212,573,-361
103000054,3156,2013,1143
103000055,2201,2931,-730
103000056,799,2039,-1240
103000057,606,366,240
103000058,804,1229,-425
103000059,577,1273,-696
103000060,937,709,228
103000061,448,1205,-757
103000062,1367,754,613
103000063,895,1208,-313
103000064,141,310,-169
103000065,16,496,-480
103000066,213,11,202
103000069,462,431,31
103000070,1533,1090,443
103000071,1412,712,700
103000072,176,845,-669
103000073,624,151,473
103000074,699,113,586
103000075,145,772,-627
103000076,429,390,39
103000077,92,551,-459
103000078,1357,661,696
103000079,1073,983,90
103000080,1587,494,1093
103000081,762,1427,-665
103000082,747,242,505
103000083,169,370,-201
103000084,131,17,114
103000085,0,152,-152
103000086,955,477,478
103000087,202,752,-550
103000088,375,384,-9
103000089,301,476,-175
103000090,2157,854,1303
103000091,736,505,231
103000092,258,402,-144
103000093,333,486,-153
103000094,256,153,103
103000095,87,430,-343
103000096,755,134,621
103000097,75,849,-774
103000098,1151,285,866
103000099,433,821,-388
103000100,150,841,-691
103000101,965,164,801
103000102,142,641,-499
103000103,777,271,506
103000104,60,136,-76
103000105,148,128,20
103000106,42,182,-140
103000107,340,89,251
103000108,670,597,73
103000109,347,366,-19
103000110,465,430,35
103000111,611,696,-85
103000112,446,262,184
103000113,1313,938,375
103000114,1740,792,948
103000115,545,468,77
103000116,655,434,221
103000117,400,565,-165
103000118,1013,957,56
103000119,1515,697,818
103000120,88,205,-117
103000121,856,1182,-326
103000122,761,1081,-320
103000125,21,316,-295
103000126,830,6,824
103000127,2,159,-157
103000128,270,4,266
103000129,5,136,-131
103000130,70,46,24
103000131,254,126,128
103000132,135,222,-87
103000133,23,128,-105
103000134,925,1067,-142
103000135,857,483,374
103000136,1049,582,467
103000137,697,780,-83
103000138,1110,890,220
103000139,1,68,-67
103000140,159,46,113
103000141,105,157,-52
103000142,295,96,199
103000143,71,233,-162
103000144,216,90,126
103000145,105,131,-26
103000150,119,57,62
103000152,202,287,-85
103000153,219,180,39
103000156,9,366,-357
103000157,468,2,466
103000159,182,78,104
103000162,144,40,104
103000163,28,65,-37
103000164,97,28,69
103000165,138,352,-214
103000166,215,333,-118
103000167,193,101,92
103000168,99,238,-139
103000169,265,515,-250
103000170,776,564,212
103000171,86,108,-22
103000172,771,1082,-311
103000173,496,598,-102
103000174,207,414,-207
103000175,338,468,-130
103000176,904,644,260
103000177,919,612,307
103000178,510,357,153
103000179,648,63,585
103000183,230,81,149
103000185,136,93,43
103000186,165,193,-28
103000187,553,541,12
103000188,19,120,-101
103000189,983,946,37
103000191,652,782,-130
103000292,2003,1854,149
103000293,1300,2640,-1340
103000295,121,109,12
103000296,653,1,652
103000297,166,112,54
103000504,149,28,121
103000505,3,32,-29
103000506,0,267,-267
103000507,230,3,227
103000508,94,100,-6
103000509,248,683,-435
103900001,2,268,-266
103900002,1769,257,1512
103900003,1875,128,1747
103900004,120,0,120
103900005,5,303,-298
103900006,4,5,-1
103900007,22,0,22
103900008,34,1,33
103900009,310,692,-382
103900010,147,564,-417
103900011,312,295,17
103900012,21,26,-5
103900013,128,98,30
103900014,74,19,55
103900015,48,14,34
103900016,604,291,313
103900017,52,124,-72
103900018,675,224,451
103900019,129,317,-188
103900020,230,606,-376
103900021,631,83,548
103900022,1241,845,396
103900023,179,3,176
103900024,91,515,-424
103900025,15,48,-33
103900026,270,1,269
103900027,871,405,466
103900028,38,367,-329
103900029,1207,100,1107
103900030,304,101,203
103900031,44,10,34
103900032,96,69,27
103900033,181,33,148
103900034,30,192,-162
103900035,110,60,50
103900036,42,45,-3
103900037,84,52,32
103900038,131,165,-34
103900039,70,459,-389
103900040,13,180,-167
103900041,54,86,-32
103900042,84,366,-282
103900043,148,102,46
103900044,158,235,-77
103900045,524,202,322
103900047,99,40,59
103900048,675,38,637
103900049,416,1593,-1177
103900050,12,152,-140
103900051,1,35,-34
103900052,283,450,-167
103900053,146,731,-585
103900054,106,455,-349
103900055,502,269,233
103900056,160,61,99
103900057,43,220,-177
103900058,234,812,-578
103900059,0,32,-32
103900060,59,255,-196
103900061,194,59,135
103900062,291,121,170
103900063,32,0,32
103900064,88,5,83
103900065,1195,511,684
103900066,149,27,122
103900067,193,9,184
103900068,34,10,24
103900069,103,40,63
103900070,251,224,27
103900071,22,127,-105
103900072,8,278,-270
103900073,40,31,9
103900074,92,79,13
103900075,140,72,68
103900076,601,732,-131
103900077,46,124,-78
103900078,510,157,353
103900079,258,294,-36
103900080,13,52,-39
103900081,96,25,71
103900082,32,180,-148
103900083,1645,1030,615
103900084,106,228,-122
103900085,102,139,-37
103900086,686,531,155
103900087,19,116,-97
103900088,459,637,-178
103900089,93,207,-114
103900090,4,188,-184
103900091,1298,347,951
103900092,905,648,257
103900093,112,502,-390
103900094,21,151,-130
103900095,321,212,109
103900096,48,280,-232
103900097,24,568,-544
103900098,297,146,151
103900099,81,194,-113
103900100,242,462,-220
103900101,152,1231,-1079
103900102,3,42,-39
103900104,1,43,-42
103900105,122,246,-124
103900106,1,98,-97
103900107,90,210,-120
103900108,40,362,-322
103900109,108,73,35
103900110,254,76,178
103900111,111,682,-571
103900112,114,231,-117
103900113,130,272,-142
103900114,390,377,13
103900115,359,292,67
103900116,6301,2833,3468
103900117,227,104,123
103900119,49,107,-58
103900120,48,120,-72
103900122,102,348,-246
103900123,1826,792,1034
103900124,46,21,25
103900125,102,64,38
103900126,529,515,14
103900127,206,624,-418
103900128,491,176,315
103900131,31,102,-71
103900133,1142,120,1022
103900134,0,10,-10
103900135,2,9,-7
103900137,0,40,-40
103900138,147,322,-175
103900139,303,2169,-1866
103900140,14,115,-101
103900141,359,83,276
103900142,143,185,-42
103900143,71,4,67
103900144,2,65,-63
103900145,216,314,-98
103900146,349,295,54
103900147,386,185,201
103900148,256,527,-271
103900149,356,919,-563
103900150,8011,4143,3868
103900151,79,200,-121
103900152,546,884,-338
103900153,7,1,6
103900154,1345,1678,-333
103900155,51,320,-269
103900156,56,245,-189
103900157,52,268,-216
103900158,82,279,-197
103900159,148,126,22
103900160,113,50,63
103900161,158,254,-96
103900162,73,270,-197
103900163,26,553,-527
103900164,277,58,219
103900167,20,141,-121
103900168,102,168,-66
103900169,65,49,16
103900170,5,113,-108
103900171,2,77,-75
103900172,7,21,-14
103900173,7,14,-7
103900174,226,102,124
103900175,83,73,10
103900176,20,24,-4
103900177,9,104,-95
103900178,48,71,-23
103900179,55,173,-118
103900180,9,153,-144
103900181,57,78,-21
103900182,48,28,20
103900184,567,119,448
103900185,206,369,-163
103900187,17,88,-71
103900188,54,20,34
103900189,103,15,88
103900190,90,68,22
103900191,44,75,-31
103900192,39,233,-194
103900193,185,303,-118
103900194,67,388,-321
103900195,12,100,-88
103900196,148,51,97
103900197,16,64,-48
103900198,25,73,-48
103900199,143,67,76
103900200,164,139,25
103900201,223,268,-45
103900202,31,76,-45
103900203,57,29,28
103900204,1,95,-94
103900207,0,109,-109
103900208,120,3,117
103900209,14,167,-153
103900210,58,40,18
103900211,549,420,129
103900212,138,579,-441
103900213,111,310,-199
103900214,271,182,89
103900215,584,402,182
103900216,27,990,-963
103900217,453,127,326
103900218,1,306,-305
103900219,181,365,-184
103900233,233,3,230
103900235,39,31,8
103900236,20,5,15
103900242,20,22,-2
103900243,15,17,-2
103900244,134,273,-139
103900245,97,287,-190
103900246,66,47,19
103900247,27,107,-80
103900248,30,78,-48
103900249,65,52,13
103900250,37,24,13
103900251,1,25,-24
103900253,19,94,-75
103900254,6,37,-31
103900255,11,18,-7
103900256,9,58,-49
103900257,45,109,-64
103900258,63,6,57
103900259,89,13,76
103900261,6,6,0
103900262,13,3,10
103900263,32,70,-38
103900264,99,52,47
103900265,141,30,111
103900266,9,151,-142
103900267,4,69,-65
104000001,2488,2279,209
104000002,1788,2717,-929
104000003,2570,2659,-89
104000004,3109,3188,-79
104000005,1505,2507,-1002
104000006,3487,3308,179
104000007,4926,4719,207
104000008,272,391,-119
104000009,188,137,51
104000010,174,313,-139
104000011,554,377,177
104000012,196,471,-275
104000013,212,204,8
104000014,202,840,-638
104000015,354,152,202
104000016,609,545,64
104000018,815,190,625
104000019,664,213,451
104000020,194,701,-507
104000021,231,783,-552
104000022,116,308,-192
104000023,780,411,369
104000024,273,435,-162
104000026,83,493,-410
104000027,273,377,-104
104000028,355,256,99
104000029,457,466,-9
104000030,303,213,90
104000031,1364,466,898
104000032,207,289,-82
104000033,719,560,159
104000034,322,329,-7
104000035,883,446,437
104000036,705,615,90
104000037,299,270,29
104000038,475,340,135
104000039,216,256,-40
104000040,380,430,-50
104000041,908,410,498
104000042,221,394,-173
104000043,299,394,-95
104000044,280,689,-409
104000045,1081,1304,-223
104000046,1382,2010,-628
104000047,1433,1590,-157
104000048,1302,1988,-686
104000049,1176,430,746
104000050,329,860,-531
104000051,168,687,-519
104000052,2156,1816,340
104000053,1815,642,1173
104000054,995,530,465
104000055,4811,3162,1649
104000056,1459,240,1219
104000057,148,575,-427
104000058,1035,696,339
104000059,552,1201,-649
104000060,1333,1353,-20
104000061,1568,1509,59
104000062,377,175,202
104000064,452,309,143
104000065,355,829,-474
104000069,1128,1149,-21
104000070,99,560,-461
104000071,158,549,-391
104000072,624,211,413
104000075,127,334,-207
104000076,564,194,370
104000082,2626,3766,-1140
104000083,936,240,696
104000084,155,660,-505
104000085,290,376,-86
104000086,219,517,-298
104000087,597,2117,-1520
104000090,827,1520,-693
104000092,1302,2523,-1221
104000094,1116,1807,-691
104000095,1856,1701,155
104000096,1771,298,1473
104000097,1734,1084,650
104000098,2320,1183,1137
104000100,1920,786,1134
104000101,1367,1769,-402
104000106,72,699,-627
104000107,780,607,173
104000108,381,665,-284
104000109,367,117,250
104000110,907,1287,-380
104000111,4689,2767,1922
104000112,3102,705,2397
104000116,4,1266,-1262
104000117,180,696,-516
104000118,562,285,277
104000119,782,353,429
104000120,318,810,-492
104000121,247,842,-595
104000122,719,908,-189
104000123,1007,1218,-211
104000124,1140,2677,-1537
104000125,4147,4496,-349
104000126,592,542,50
104000127,1702,3750,-2048
104000128,768,601,167
104000129,528,44,484
104000130,15,408,-393
104000131,699,549,150
104000132,552,633,-81
104000133,1568,973,595
104000134,1224,1796,-572
104000135,573,2264,-1691
104000136,1162,4455,-3293
104000137,1956,480,1476
104000138,1378,390,988
104000139,7815,3508,4307
104000141,1382,1671,-289
104000142,595,962,-367
104000143,530,724,-194
104000144,100,191,-91
104000145,406,242,164
104000146,378,732,-354
104000147,178,395,-217
104000148,402,199,203
104000149,182,392,-210
104000150,1296,541,755
104000151,517,591,-74
104000152,860,774,86
104000153,805,566,239
104000154,1233,826,407
104000155,478,564,-86
104000157,1354,1970,-616
104000158,921,749,172
104000159,940,627,313
104000160,1909,2007,-98
104000161,255,241,14
104000162,52,163,-111
104000165,1186,1275,-89
104000167,747,1052,-305
104000168,683,13,670
104000169,113,51,62
104000170,651,650,1
104000248,365,782,-417
104000251,101,346,-245
104000272,0,0,0
104000273,0,0,0
104000274,0,0,0
104000275,0,0,0
104000279,905,581,324
104000290,133,359,-226
104000291,705,1177,-472
104000293,736,1127,-391
104000294,54,1,53
104000295,691,961,-270
104000296,489,1082,-593
104000297,867,2159,-1292
104000298,3221,1117,2104
104000299,776,1535,-759
104900001,233,600,-367
104900002,75,173,-98
104900003,72,514,-442
104900004,111,445,-334
104900005,220,288,-68
104900006,340,154,186
104900007,312,332,-20
104900009,168,400,-232
104900010,81,96,-15
104900011,79,43,36
104900012,334,33,301
104900013,190,17,173
104900014,3234,431,2803
104900015,99,10,89
104900016,239,284,-45
104900017,198,250,-52
104900018,13,214,-201
104900019,364,2620,-2256
104900020,120,382,-262
104900021,3,200,-197
104900022,11,169,-158
104900023,1,141,-140
104900024,39,111,-72
104900025,65,291,-226
104900026,2,80,-78
104900027,476,349,127
104900028,37,140,-103
104900029,82,96,-14
104900030,610,219,391
104900031,148,257,-109
104900032,47,150,-103
104900033,224,329,-105
104900034,401,205,196
104900035,389,219,170
104900036,188,98,90
104900037,235,273,-38
104900038,628,913,-285
104900039,1042,474,568
104900040,545,137,408
104900041,268,212,56
104900042,185,233,-48
104900043,30,148,-118
104900044,607,271,336
104900045,473,61,412
104900046,209,161,48
104900047,350,135,215
104900048,289,81,208
104900049,36,41,-5
104900050,417,114,303
104900051,318,68,250
104900052,76,4,72
104900053,480,142,338
104900054,195,48,147
104900055,114,1,113
104900056,230,19,211
104900057,65,0,65
104900058,1068,644,424
104900059,230,66,164
104900060,4,686,-682
104900061,291,683,-392
104900063,1,125,-124
104900064,1,78,-77
104900065,0,255,-255
104900066,2,219,-217
104900067,4,339,-335
104900068,27,220,-193
104900070,252,389,-137
104900071,1,585,-584
104900072,82,369,-287
104900073,82,295,-213
104900074,134,310,-176
104900075,84,97,-13
104900076,187,453,-266
104900077,1239,300,939
104900078,346,676,-330
104900079,142,512,-370
104900080,112,685,-573
104900082,13,614,-601
104900085,8,251,-243
104900087,497,27,470
104900089,187,6,181
104900090,1318,806,512
104900091,2366,831,1535
104900093,253,700,-447
104900097,3002,2455,547
104900098,175,44,131
104900099,95,708,-613
104900100,586,306,280
104900102,53,232,-179
104900103,596,105,491
104900104,3864,2663,1201
104900106,134,176,-42
104900107,344,295,49
104900108,66,280,-214
104900109,132,297,-165
104900110,10,66,-56
104900111,247,138,109
104900112,314,821,-507
104900113,748,433,315
104900114,353,646,-293
104900115,779,532,247
104900116,261,255,6
104900118,37,123,-86
104900119,28,76,-48
104900120,38,246,-208
104900121,1,120,-119
104900122,7,109,-102
104900123,42,9,33
104900124,52,1,51
104900125,546,9,537
104900126,73,66,7
104900127,25,79,-54
104900128,105,171,-66
104900129,2318,2107,211
105000001,2813,1730,1083
105000002,2543,1814,729
105000003,3712,4240,-528
105000004,670,1102,-432
105000005,959,1268,-309
105000006,1537,1857,-320
105000007,1356,1471,-115
105000008,2166,3281,-1115
105000009,2390,3204,-814
105000010,3389,2737,652
105000011,3792,2989,803
105000012,5092,3719,1373
105000013,1158,1058,100
105000014,2675,3126,-451
105000015,12175,16325,-4150
105000016,3777,2991,786
105000017,2298,1202,1096
105000018,1542,1680,-138
105000019,1952,950,1002
105000020,238,507,-269
105000021,381,94,287
105000022,352,107,245
105000023,751,506,245
105000028,100,125,-25
105000029,775,1718,-943
105000030,5016,3381,1635
105000033,1209,2282,-1073
105000034,198,938,-740
105000037,824,434,390
105000038,2750,2042,708
105000039,3757,2353,1404
105000040,1340,1309,31
105000041,1526,1696,-170
105000042,5612,1959,3653
105000043,2466,2942,-476
105000044,783,597,186
105000045,447,1166,-719
105000046,1204,477,727
105000047,517,2062,-1545
105000048,623,218,405
105000049,254,565,-311
105000050,619,425,194
105000051,180,476,-296
105000052,780,977,-197
105000053,160,216,-56
105000054,477,1031,-554
105000055,870,370,500
105000056,1613,2370,-757
105000057,1347,986,361
105000058,1455,1355,100
105000059,819,674,145
105000060,460,734,-274
105000061,635,640,-5
105000062,622,978,-356
105000063,330,581,-251
105000064,1410,1030,380
105000065,340,687,-347
105000066,1395,1836,-441
105000067,1563,974,589
105000068,593,1075,-482
105000069,2343,1757,586
105000070,883,1053,-170
105000071,295,854,-559
105000072,741,1927,-1186
105000073,933,741,192
105000074,1754,1083,671
105000075,635,1084,-449
105000076,1470,1318,152
105000077,3291,1302,1989
105000078,1788,1498,290
105000079,1894,3651,-1757
105000080,2527,2046,481
105000081,4408,1688,2720
105000082,1442,2079,-637
105000083,5577,4233,1344
105000084,990,1020,-30
105000085,2312,2285,27
105000086,559,1070,-511
105000087,1830,2320,-490
105000088,2031,1757,274
105000089,4663,2814,1849
105000090,1294,1092,202
105000091,1728,1701,27
105000092,975,1129,-154
105000093,382,348,34
105000094,298,259,39
105000095,116,603,-487
105000096,1418,1172,246
105000097,1408,939,469
105000098,939,852,87
105000099,1057,876,181
105000100,1549,1172,377
105000101,2790,2347,443
105000102,3649,1605,2044
105000103,2236,3010,-774
105000104,2787,1236,1551
105000105,1658,2317,-659
105000106,2360,2259,101
105000107,1663,1363,300
105000108,1777,2164,-387
105000109,1992,2280,-288
105000110,862,769,93
105000111,729,900,-171
105000112,1393,938,455
105000113,405,790,-385
105000114,3294,1263,2031
105000115,350,1109,-759
105000116,853,624,229
105000117,888,1191,-303
105000118,754,674,80
105000119,928,1310,-382
105000120,1075,828,247
105000121,1045,1454,-409
105000122,384,695,-311
105000123,1271,1651,-380
105000124,1827,820,1007
105000125,965,2122,-1157
105000126,2156,1983,173
105000127,2581,2587,-6
105000128,749,1253,-504
105000129,986,396,590
105000130,492,2761,-2269
105000131,893,441,452
105000132,950,643,307
105000133,652,1154,-502
105000134,707,677,30
105000135,452,629,-177
105000136,72,122,-50
105000137,337,382,-45
105000138,61,144,-83
105000139,1179,1150,29
105000140,286,478,-192
105000141,352,738,-386
105000142,255,496,-241
105000143,433,945,-512
105000144,298,904,-606
105000145,646,499,147
105000146,545,1013,-468
105000147,576,374,202
105000148,1385,660,725
105000149,2489,2421,68
105000150,2476,1926,550
105000151,454,460,-6
105000152,213,598,-385
105000153,540,799,-259
105000154,708,631,77
105000155,364,1160,-796
105000156,961,697,264
105000157,1036,2002,-966
105000158,2175,825,1350
105000159,253,1164,-911
105000160,1659,621,1038
105000161,790,1130,-340
105000162,578,1645,-1067
105000163,1105,974,131
105000164,208,349,-141
105000165,1198,4951,-3753
105000166,5793,963,4830
105000167,2551,1701,850
105000168,380,740,-360
105000169,520,796,-276
105000170,262,1495,-1233
105000171,1133,326,807
105000172,190,130,60
105000173,163,333,-170
105000174,78,153,-75
105000175,106,189,-83
105000176,462,144,318
105000177,257,202,55
105000178,182,602,-420
105000179,476,235,241
105000180,221,194,27
105000181,120,355,-235
105000182,67,86,-19
105000183,2752,1897,855
105000184,1968,1428,540
105000185,2474,1079,1395
105000186,1185,910,275
105000187,1212,274,938
105000188,602,193,409
105000189,459,592,-133
105000190,426,559,-133
105000191,435,397,38
105000192,431,90,341
105000193,121,217,-96
105000194,342,187,155
105000195,495,1053,-558
105000196,94,212,-118
105000197,338,785,-447
105000198,656,457,199
105000199,283,613,-330
105000200,203,292,-89
105000201,145,30,115
105000203,7,248,-241
105000204,105,129,-24
105000205,131,267,-136
105000207,868,383,485
105000208,389,603,-214
105000209,231,448,-217
105000212,1359,1522,-163
105000213,259,281,-22
105000214,182,410,-228
105000215,293,205,88
105000216,145,878,-733
105000217,165,592,-427
105000218,1303,1165,138
105000221,166,203,-37
105000222,1021,109,912
105000223,421,192,229
105000226,127,314,-187
105000227,144,215,-71
105000228,388,2353,-1965
105000229,133,541,-408
105000231,351,344,7
105000233,955,824,131
105000234,986,1413,-427
105000235,496,605,-109
105000237,695,100,595
105000243,29,262,-233
105000248,89,100,-11
105000262,373,1415,-1042
105000269,150,282,-132
105000270,491,58,433
105000271,1,232,-231
105000282,78,69,9
105000287,451,123,328
105000288,880,487,393
105000289,3381,2477,904
105000290,52,8,44
105000402,4374,4745,-371
105000426,667,801,-134
105000438,4610,2018,2592
105000446,15158,7375,7783
105000447,8767,3920,4847
105000454,530,373,157
105000455,403,226,177
105000474,45,1,44
105000477,444,542,-98
105000478,2054,4897,-2843
105000479,189,164,25
105000480,9546,6741,2805
105000481,5212,3579,1633
105000482,6936,8793,-1857
105000483,1730,2095,-365
105000484,2926,3456,-530
105000485,1985,3278,-1293
105000486,4673,3138,1535
105000488,10859,6512,4347
105000489,983,932,51
105000549,163,135,28
105000550,726,1826,-1100
105000551,40,149,-109
105000552,2883,2036,847
105900001,17,1622,-1605
105900002,1708,716,992
105900003,14,157,-143
105900004,427,117,310
105900005,17,263,-246
105900006,27,116,-89
105900007,311,44,267
105900008,63,624,-561
105900009,25,20,5
105900011,474,93,381
105900012,769,188,581
105900013,7,58,-51
105900014,13,91,-78
105900015,237,497,-260
105900016,530,783,-253
105900017,1342,48,1294
105900018,230,197,33
105900019,92,766,-674
105900020,55,83,-28
105900021,44,633,-589
105900022,668,214,454
105900023,8,175,-167
105900024,48,295,-247
105900025,341,64,277
105900026,316,34,282
105900027,10452,12329,-1877
105900028,857,322,535
105900029,1795,477,1318
105900030,253,304,-51
105900031,437,239,198
105900032,86,177,-91
105900033,122,180,-58
105900034,603,265,338
105900035,239,270,-31
105900036,99,203,-104
105900037,86,82,4
105900038,172,299,-127
105900039,150,147,3
105900040,79,132,-53
105900041,167,215,-48
105900042,80,191,-111
105900043,1411,63,1348
105900044,8,347,-339
105900045,17,971,-954
105900046,5,404,-399
105900047,9,93,-84
105900048,79,638,-559
105900050,9622,4983,4639
105900051,58,1264,-1206
105900052,643,457,186
105900053,3794,2859,935
105900054,432,272,160
105900056,961,479,482
105900057,139,178,-39
105900058,16,38,-22
105900059,1,35,-34
106000001,5054,2678,2376
106000002,2916,6072,-3156
106000003,3092,3682,-590
106000004,1910,2852,-942
106000005,3542,6849,-3307
106000006,6849,4818,2031
106000007,638,680,-42
106000008,530,413,117
106000009,665,453,212
106000010,694,700,-6
106000011,1195,1334,-139
106000012,918,1514,-596
106000013,2155,2385,-230
106000014,2081,2009,72
106000015,1797,1600,197
106000016,1301,2397,-1096
106000017,676,829,-153
106000018,635,513,122
106000019,370,571,-201
106000020,331,408,-77
106000021,327,565,-238
106000022,328,245,83
106000023,655,441,214
106000024,640,673,-33
106000025,142,200,-58
106000026,165,277,-112
106000027,1293,1398,-105
106000028,660,547,113
106000029,973,1382,-409
106000030,715,677,38
106000034,336,765,-429
106000035,1162,2247,-1085
106000036,314,549,-235
106000037,2214,1739,475
106000038,547,164,383
106000039,225,120,105
106000040,154,1072,-918
106000041,842,612,230
106000043,634,230,404
106000046,442,77,365
106000047,50,491,-441
106000049,831,235,596
106000050,544,980,-436
106000051,797,684,113
106000052,130,795,-665
106000053,356,223,133
106000054,419,565,-146
106000055,1232,1431,-199
106000056,282,478,-196
106000057,375,371,4
106000058,150,207,-57
106000059,369,429,-60
106000060,397,581,-184
106000061,235,508,-273
106000062,164,566,-402
106000063,595,580,15
106000064,44,435,-391
106000065,405,422,-17
106000066,109,399,-290
106000067,589,109,480
106000068,60,740,-680
106000069,219,83,136
106000070,570,873,-303
106000071,1130,380,750
106000072,3129,1748,1381
106000073,1746,3104,-1358
106000074,646,671,-25
106000075,357,1650,-1293
106000076,2118,2556,-438
106000077,3933,1569,2364
106000078,1132,999,133
106000079,688,1085,-397
106000080,1379,791,588
106000081,677,1364,-687
106000082,2836,1030,1806
106000083,489,1754,-1265
106000084,1318,773,545
106000085,1628,1757,-129
106000086,697,1015,-318
106000087,1067,614,453
106000088,425,879,-454
106000089,1139,428,711
106000090,346,790,-444
106000091,278,608,-330
106000092,671,314,357
106000093,298,181,117
106000094,116,258,-142
106000095,733,921,-188
106000096,852,795,57
106000097,1127,984,143
106000098,693,1006,-313
106000099,234,942,-708
106000100,2197,277,1920
106000101,4946,384,4562
106000102,654,755,-101
106000103,582,618,-36
106000104,1600,478,1122
106000105,554,808,-254
106000106,630,472,158
106000107,113,343,-230
106000108,203,354,-151
106000109,204,274,-70
106000110,288,365,-77
106000111,513,461,52
106000112,215,645,-430
106000113,841,556,285
106000114,523,655,-132
106000115,213,442,-229
106000116,197,236,-39
106000117,1169,792,377
106000118,1255,1527,-272
106000119,1855,1206,649
106000120,1011,1351,-340
106000121,197,170,27
106000122,130,256,-126
106000123,432,211,221
106000124,55,337,-282
106000125,39,304,-265
106000126,288,163,125
106000127,693,946,-253
106000128,658,253,405
106000129,448,728,-280
106000130,792,314,478
106000131,142,873,-731
106000132,481,199,282
106000133,2270,1235,1035
106000134,648,3523,-2875
106000135,249,660,-411
106000136,667,1152,-485
106000137,88,934,-846
106000138,1144,117,1027
106000139,55,162,-107
106000140,44,60,-16
106000141,100,78,22
106000142,58,50,8
106000143,64,78,-14
106000144,34,72,-38
106000145,293,279,14
106000146,305,159,146
106000147,504,514,-10
106000148,667,925,-258
106000149,571,409,162
106000150,543,1877,-1334
106000151,4019,900,3119
106000152,1663,2064,-401
106000153,74,1609,-1535
106000154,1554,261,1293
106000155,121,257,-136
106000156,950,595,355
106000157,979,2041,-1062
106000158,2600,1327,1273
106000159,3398,2148,1250
106000160,450,2715,-2265
106000161,1780,444,1336
106000162,265,986,-721
106000163,463,420,43
106000164,352,348,4
106000165,242,564,-322
106000166,740,443,297
106000167,447,1064,-617
106000168,514,331,183
106000169,314,674,-360
106000170,863,338,525
106000171,458,1472,-1014
106000172,3583,1704,1879
106000173,1292,3208,-1916
106000174,1262,427,835
106000175,423,1054,-631
106000176,1760,939,821
106000177,887,2713,-1826
106000178,3744,2005,1739
106000179,1333,2559,-1226
106000180,982,1490,-508
106000181,857,2108,-1251
106000182,1311,963,348
106000183,1539,849,690
106000184,2677,989,1688
106000185,1451,1559,-108
106000186,977,294,683
106000187,306,1247,-941
106000188,0,6,-6
106000189,21,42,-21
106000190,34,3,31
106000191,591,251,340
106000192,3,42,-39
106000193,534,232,302
106000194,218,519,-301
106000195,1396,318,1078
106000196,265,739,-474
106000197,920,382,538
106000198,315,294,21
106000199,1807,864,943
106000200,308,242,66
106000201,458,2547,-2089
106000202,4877,760,4117
106000203,74,198,-124
106000204,47,12,35
106000205,10,173,-163
106000206,103,17,86
106000207,61,962,-901
106000208,1287,137,1150
106000209,1531,466,1065
106000210,462,1119,-657
106000211,434,1248,-814
106000212,841,452,389
106000213,780,2425,-1645
106000214,3123,954,2169
106000215,304,554,-250
106000216,324,395,-71
106000217,295,456,-161
106000218,466,442,24
106000219,140,326,-186
106000220,603,266,337
106000221,154,415,-261
106000222,97,96,1
106000223,233,158,75
106000224,179,246,-67
106000225,89,191,-102
106000226,233,284,-51
106000228,43,90,-47
106000229,68,719,-651
106000231,923,125,798
106000232,132,378,-246
106000233,893,97,796
106000234,701,228,473
106000235,1028,142,886
106000236,440,97,343
106000237,4,15,-11
106000238,63,16,47
106000239,3,141,-138
106000240,53,15,38
106000241,28,758,-730
106000242,267,22,245
106000249,60,90,-30
106000250,83,602,-519
106000251,159,45,114
106000252,56,116,-60
106000253,48,98,-50
106000254,56,57,-1
106000255,16,165,-149
106000256,68,58,10
106000257,142,337,-195
106000258,501,22,479
106000259,11,45,-34
106000260,46,1,45
106000261,8,62,-54
106000262,139,5,134
106000263,24,65,-41
106000264,220,8,212
106000265,14,186,-172
106000266,151,26,125
106000267,2,104,-102
106000268,626,66,560
106000269,58,55,3
106000270,151,493,-342
106000271,99,272,-173
106000272,335,79,256
106000273,17,413,-396
106000274,278,64,214
106000275,121,310,-189
106000276,212,27,185
106000277,153,382,-229
106000278,258,50,208
106000279,24,50,-26
106000280,51,83,-32
106000281,105,90,15
106000282,93,95,-2
106000283,174,79,95
106000284,65,146,-81
106000285,134,106,28
106000286,101,146,-45
106000287,158,102,56
106000288,112,209,-97
106000289,100,61,39
106000290,57,111,-54
106000291,166,104,62
106000292,87,84,3
106000293,200,102,98
106000294,147,135,12
106000295,76,70,6
106000296,55,99,-44
106000297,94,243,-149
106000298,166,99,67
106000299,69,155,-86
106000300,38,109,-71
106000301,91,126,-35
106000303,39,118,-79
106000304,25,50,-25
106000305,72,44,28
106000306,32,62,-30
106000307,60,40,20
106000308,39,137,-98
106000309,28,92,-64
106000310,360,543,-183
106000311,403,232,171
106000312,113,174,-61
106000313,154,251,-97
106000318,139,499,-360
106000319,993,242,751
106000320,4,72,-68
106000321,533,129,404
106000322,163,247,-84
106000324,11,134,-123
106000325,1751,1239,512
106000326,1170,2116,-946
106000327,189,191,-2
106000328,103,144,-41
106000329,284,288,-4
106000330,206,104,102
106000428,91,149,-58
106000429,92,454,-362
106000430,289,1285,-996
106000431,2632,480,2152
106000432,1943,3053,-1110
106000433,2632,1429,1203
106000434,3230,1839,1391
106000435,1581,2892,-1311
106000436,24,234,-210
106000437,365,43,322
106000438,529,195,334
106000439,77,488,-411
106000440,463,439,24
106000441,4,1,3
106000442,138,10,128
106000443,142,343,-201
106000450,4,204,-200
106000451,20,59,-39
106000454,4,252,-248
106000455,11,269,-258
106000456,86,76,10
106000457,6,1179,-1173
106000458,774,155,619
106000459,139,479,-340
106000460,1687,73,1614
106000461,106,1648,-1542
106000462,0,20,-20
106000463,4,22,-18
106000464,5,546,-541
106000465,650,2,648
106000466,6,675,-669
106000467,535,782,-247
106000468,88,200,-112
106000469,253,5,248
106000470,341,1818,-1477
106000471,24,723,-699
106000472,201,28,173
106000473,34,17,17
106000474,268,572,-304
106000475,284,214,70
106000476,172,196,-24
106000477,14,53,-39
106900001,0,20,-20
106900002,1,567,-566
106900003,270,1197,-927
106900004,0,48,-48
106900006,0,26,-26
106900007,0,8,-8
106900008,320,333,-13
106900009,333,415,-82
106900010,258,328,-70
106900012,2164,4026,-1862
106900013,1978,147,1831
106900014,23,4,19
106900015,17,1,16
106900016,308,9,299
106900017,2,0,2
106900018,4,0,4
106900019,53,3,50
106900020,3045,1445,1600
106900021,144,99,45
106900022,701,4,697
106900023,60,325,-265
106900024,1636,33,1603
106900025,50,747,-697
106900026,1,613,-612
106900027,726,4,722
107000001,5272,4846,426
107000002,4723,6680,-1957
107000003,6507,7571,-1064
107000004,6475,6875,-400
107000005,4687,6406,-1719
107000006,6560,6102,458
107000007,7440,12618,-5178
107000008,15486,10868,4618
107000009,8746,9509,-763
107000010,13896,13115,781
107000011,1473,1858,-385
107000012,5570,4198,1372
107000013,63,139,-76
107000014,47,287,-240
107000015,804,942,-138
107000016,758,997,-239
107000017,8731,2662,6069
107000018,96,2170,-2074
107000020,6070,2374,3696
107000021,2558,698,1860
107000022,2065,2402,-337
107000023,4228,346,3882
107000024,906,1992,-1086
107000025,295,591,-296
107000026,647,700,-53
107000027,1684,2021,-337
107000028,1717,1832,-115
107000029,3893,4156,-263
107000030,4364,4132,232
107000031,4264,3804,460
107000032,680,1357,-677
107000033,3578,8233,-4655
107000034,4966,2089,2877
107000035,371,295,76
107000036,605,1369,-764
107000037,98,1087,-989
107000038,301,350,-49
107000039,936,966,-30
107000040,173,484,-311
107000041,2123,1052,1071
107000042,928,2431,-1503
107000043,3480,1470,2010
107000044,709,410,299
107000045,149,436,-287
107000046,1141,501,640
107000047,541,1021,-480
107000048,778,393,385
107000049,638,982,-344
107000050,1187,619,568
107000051,455,450,5
107000052,1328,1066,262
107000053,433,233,200
107000054,56,295,-239
107000055,196,89,107
107000056,482,874,-392
107000057,1383,253,1130
107000058,2620,2875,-255
107000059,2550,4099,-1549
107000060,5195,6648,-1453
107000061,6253,4763,1490
107000062,4777,3680,1097
107000063,4765,6411,-1646
107000064,5130,2884,2246
107000065,6933,5973,960
107000066,2958,3851,-893
107000067,1471,1475,-4
107000068,1913,1021,892
107000069,913,702,211
107000070,1531,24,1507
107000071,3335,52,3283
107000072,93,3558,-3465
107000073,971,403,568
107000074,205,1345,-1140
107000075,1822,572,1250
107000076,982,1838,-856
107000077,4120,1696,2424
107000078,3743,4358,-615
107000079,3181,1211,1970
107000080,1537,4052,-2515
107000081,1916,724,1192
107000082,776,2664,-1888
107000083,1596,472,1124
107000084,505,2685,-2180
107000085,3397,4275,-878
107000086,4312,4264,48
107000087,3427,2648,779
107000088,4469,4506,-37
107000089,1679,2094,-415
107000090,1598,1316,282
107000091,1508,1078,430
107000092,1000,1255,-255
107000093,1231,1029,202
107000094,1169,1249,-80
107000095,978,800,178
107000096,693,1166,-473
107000097,957,270,687
107000098,844,540,304
107000099,749,393,356
107000100,381,421,-40
107000101,98,193,-95
107000102,249,427,-178
107000103,324,209,115
107000104,192,314,-122
107000105,388,183,205
107000106,380,301,79
107000107,544,235,309
107000108,215,665,-450
107000109,869,225,644
107000110,70,660,-590
107000111,332,67,265
107000112,52,323,-271
107000113,611,173,438
107000114,109,522,-413
107000115,553,161,392
107000116,163,748,-585
107000117,148,577,-429
107000118,160,241,-81
107000119,1795,1789,6
107000120,1334,501,833
107000121,1009,923,86
107000122,1265,1059,206
107000123,416,839,-423
107000124,562,1044,-482
107000125,973,779,194
107000126,943,923,20
107000127,106,418,-312
107000129,279,181,98
107000130,368,329,39
107000131,605,475,130
107000132,682,475,207
107000133,1303,171,1132
107000134,478,13,465
107000135,6,407,-401
107000136,1174,16,1158
107000137,18,598,-580
107000138,662,60,602
107000139,34,664,-630
107000140,2706,197,2509
107000141,236,985,-749
107000142,671,181,490
107000143,80,812,-732
107000144,1017,665,352
107000145,260,681,-421
107000146,284,526,-242
107000147,3886,1177,2709
107000150,928,5764,-4836
107000151,75,184,-109
107000152,604,1679,-1075
107000153,263,625,-362
107000154,317,328,-11
107000155,1049,50,999
107000156,1434,45,1389
107000157,125,1759,-1634
107000158,551,26,525
107000159,55,1039,-984
107000160,1007,228,779
107000161,94,1884,-1790
107000162,366,763,-397
107000163,254,7,247
107000164,775,2,773
107000165,969,17,952
107000166,81,1706,-1625
107000167,823,288,535
107000168,1114,659,455
107000169,890,1093,-203
107000170,2183,1223,960
107000171,945,2514,-1569
107000172,1123,1551,-428
107000173,875,1250,-375
107000174,1243,6762,-5519
107000175,8836,2355,6481
107000176,2,0,2
107000177,9,1,8
107000178,7,33,-26
107000179,330,2609,-2279
107000180,1381,457,924
107000181,463,1348,-885
107000182,1824,1313,511
107000183,143,962,-819
107000184,972,855,117
107000185,588,1860,-1272
107000186,1446,638,808
107000187,1714,1642,72
107000188,747,709,38
107000189,569,1359,-790
107000190,775,940,-165
107000191,818,1173,-355
107000192,1830,991,839
107000193,471,638,-167
107000194,1011,827,184
107000197,1254,427,827
107000198,378,906,-528
107000199,918,907,11
107000200,775,956,-181
107000201,557,408,149
107000202,338,679,-341
107000203,1688,1285,403
107000204,1985,1400,585
107000205,3129,1460,1669
107000206,1572,1838,-266
107000207,838,1353,-515
107000208,1802,658,1144
107000209,2839,1421,1418
107000210,1039,496,543
107000211,7,59,-52
107000212,49,474,-425
107000213,3,19,-16
107000214,31,183,-152
107000215,667,438,229
107000216,466,444,22
107000217,332,153,179
107000219,122,192,-70
107000220,312,254,58
107000222,377,1076,-699
107000224,795,100,695
107000225,1596,632,964
107000226,505,121,384
107000227,217,345,-128
107000228,171,243,-72
107000229,142,270,-128
107000230,1317,645,672
107000231,2532,2240,292
107000232,140,132,8
107000233,2399,1353,1046
107000234,2,73,-71
107000235,99,10,89
107000236,31,1094,-1063
107000237,58,3,55
107000238,84,2,82
107000239,4133,622,3511
107000240,126,1587,-1461
107000241,127,24,103
107000242,469,54,415
107000243,0,56,-56
107000244,10,97,-87
107000246,5,1196,-1191
107000249,9,1357,-1348
107000251,1,494,-493
107000252,9,1703,-1694
107000255,684,167,517
107000257,4,439,-435
107000258,1,154,-153
107000259,15,245,-230
107000260,593,22,571
107000262,20,614,-594
107000263,259,45,214
107000266,4,19,-15
107000267,112,192,-80
107000268,200,226,-26
107000269,960,87,873
107000270,4,21,-17
107000271,27,710,-683
107000272,27,154,-127
107000273,39,328,-289
107000274,4662,671,3991
107000275,211,2042,-1831
107000280,820,51,769
107000281,55,1099,-1044
107000282,79,1038,-959
107000290,38,49,-11
107000291,31,25,6
107000292,3,177,-174
107000293,295,3,292
107000294,1,61,-60
107000295,224,0,224
107000296,0,11,-11
107000444,394,11,383
107000496,4,12,-8
107000497,1857,2982,-1125
107000500,317,407,-90
107000501,168,203,-35
107000502,222,503,-281
107000505,474,1048,-574
107000506,3,122,-119
107000508,15,914,-899
107000509,379,1415,-1036
107000510,69,32,37
107000514,47,417,-370
107000515,37,257,-220
107000516,281,325,-44
107000518,1050,1371,-321
107000519,2390,1246,1144
107000520,52,33,19
107900001,54,192,-138
107900002,72,2,70
107900003,412,21,391
107900004,121,3,118
107900005,1290,4,1286
107900006,170,2,168
107900007,397,80,317
107900008,332,32,300
107900009,252,5,247
107900010,44,6,38
107900012,310,54,256
107900013,270,42,228
107900014,46,32,14
107900015,997,17,980
107900016,709,116,593
107900017,33,9,24
107900018,66,191,-125
107900019,31,62,-31
107900020,175,21,154
107900021,84,160,-76
107900023,4,5,-1
107900024,0,45,-45
107900025,226,303,-77
107900026,80,82,-2
107900027,53,85,-32
107900028,74,76,-2
107900030,186,40,146
107900031,67,160,-93
107900032,35,8,27
107900033,15,11,4
107900034,481,29,452
107900035,770,90,680
107900036,59,26,33
107900037,0,58,-58
107900038,141,287,-146
107900039,33,74,-41
107900040,101,463,-362
107900041,7,4,3
107900043,25,191,-166
107900044,13,23,-10
107900045,175,64,111
107900046,141,234,-93
107900047,54,93,-39
107900048,149,12,137
107900049,513,2563,-2050
107900050,208,424,-216
107900051,131,85,46
107900052,22,52,-30
107900053,38,127,-89
107900055,1145,482,663
107900056,191,68,123
107900057,1,0,1
107900058,52,727,-675
107900060,271,43,228
107900061,33,7,26
107900063,100,150,-50
107900064,363,186,177
107900065,184,37,147
107900066,39,5,34
107900067,4,0,4
107900068,193,567,-374
107900069,47,1680,-1633
107900070,105,74,31
107900071,33,821,-788
107900072,107,256,-149
107900073,462,120,342
107900074,984,317,667
107900076,134,58,76
107900077,120,53,67
107900078,240,111,129
107900079,11,47,-36
107900080,338,740,-402
107900081,55,146,-91
107900082,32,15,17
107900083,421,242,179
107900084,116,169,-53
107900086,133,204,-71
107900087,827,221,606
107900088,43,8,35
107900089,309,1464,-1155
107900090,1247,3299,-2052
107900091,289,585,-296
107900092,2559,626,1933
107900093,134,113,21
107900095,4097,2664,1433
107900097,34,78,-44
107900098,59,211,-152
107900100,1461,1326,135
107900101,1267,350,917
107900102,52,8,44
107900103,76,254,-178
107900104,375,5,370
107900105,3,415,-412
107900106,11,1341,-1330
107900107,2503,674,1829
107900108,336,200,136
107900109,1187,28,1159
107900110,57,254,-197
107900111,14,971,-957
107900112,118,362,-244
107900113,193,161,32
107900114,199,253,-54
107900115,4,54,-50
107900116,184,282,-98
107900117,533,558,-25
107900118,82,252,-170
107900119,164,426,-262
107900120,30,51,-21
107900121,4,270,-266
107900122,9,136,-127
107900123,5,51,-46
107900124,14,41,-27
107900125,54,286,-232
107900126,18,62,-44
107900127,858,357,501
107900128,91,98,-7
107900129,62,84,-22
107900130,80,58,22
107900131,1221,445,776
107900132,114,597,-483
107900133,2,71,-69
107900134,55,79,-24
107900135,16,254,-238
107900136,50,91,-41
107900137,183,124,59
107900138,73,156,-83
107900139,47,177,-130
107900140,107,78,29
107900141,83,81,2
107900142,190,1132,-942
107900143,395,38,357
107900144,3,162,-159
107900145,25,198,-173
107900146,103,125,-22
107900147,55,88,-33
107900148,211,168,43
107900149,1147,341,806
107900150,76,836,-760
107900151,32,126,-94
107900152,17,339,-322
107900153,149,347,-198
107900154,57,40,17
107900155,48,90,-42
107900156,9,401,-392
107900157,76,56,20
107900158,837,37,800
107900159,59,1027,-968
107900160,121,183,-62
107900161,22,214,-192
107900162,1,227,-226
107900163,103,215,-112
107900164,9,62,-53
107900165,50,116,-66
107900166,18,253,-235
107900167,55,61,-6
107900168,35,58,-23
107900169,0,259,-259
107900171,15,1469,-1454
107900172,7,347,-340
107900173,26,178,-152
107900174,115,13,102
107900175,81,63,18
107900176,29,56,-27
107900177,2,439,-437
107900178,2,174,-172
107900179,22,159,-137
107900180,834,558,276
107900181,1065,305,760
107900182,107,1259,-1152
107900183,62,294,-232
107900184,219,360,-141
107900185,115,5,110
107900186,31,62,-31
107900187,0,200,-200
107900188,827,214,613
107900189,37,150,-113
107900190,101,164,-63
107900191,78,153,-75
107900193,6,39,-33
107900194,285,19,266
107900195,3263,573,2690
107900196,88,150,-62
107900197,1260,538,722
107900199,2,1072,-1070
107900201,82,151,-69
107900203,56,92,-36
107900204,221,384,-163
107900205,299,517,-218
107900206,1250,276,974
107900207,4,597,-593
107900208,31,722,-691
107900209,491,217,274
107900210,73,149,-76
107900213,1286,1018,268
107900214,64,148,-84
107900215,183,416,-233
107900216,241,108,133
107900217,67,106,-39
107900218,29,2424,-2395
107900219,43,143,-100
107900220,329,357,-28
107900221,307,277,30
107900223,99,783,-684
107900224,149,408,-259
107900225,12,806,-794
107900226,120,143,-23
107900227,135,580,-445
107900228,25,154,-129
107900229,2,389,-387
107900230,9,116,-107
107900231,17,279,-262
107900232,64,164,-100
107900233,8,187,-179
107900234,123,200,-77
107900235,47,142,-95
107900236,84,115,-31
107900237,65,570,-505
107900238,40,150,-110
107900239,991,580,411
107900240,37,126,-89
107900241,13,86,-73
107900242,43,263,-220
107900243,2,104,-102
107900244,349,6,343
107900245,648,77,571
107900246,865,23,842
107900248,407,639,-232
107900249,699,56,643
107900250,0,658,-658
107900251,81,1603,-1522
107900252,1024,66,958
107900253,165,10,155
107900254,121,664,-543
107900255,439,152,287
107900256,2759,2654,105
107900257,253,157,96
107900258,122,270,-148
107900259,108,2044,-1936
107900261,11,498,-487
107900262,127,137,-10
107900264,287,9,278
107900265,240,170,70
107900267,233,22,211
107900268,66,8,58
107900269,1,15,-14
107900270,2,0,2
107900271,3,35,-32
107900272,162,28,134
107900273,47,114,-67
107900274,77,0,77
107900275,32,2,30
107900276,2,99,-97
107900277,0,257,-257
107900278,308,440,-132
107900279,129,240,-111
107900280,2280,2792,-512
107900281,2074,2531,-457
107900282,49,516,-467
107900283,1238,648,590
107900284,797,807,-10
107900285,123,130,-7
107900286,222,126,96
107900287,257,238,19
107900290,1,141,-140
107900291,547,21,526
107900292,239,261,-22
107900293,51,562,-511
107900295,48,58,-10
107900297,8,449,-441
107900298,1017,1070,-53
107900299,3779,2477,1302
107900300,61,337,-276
107900301,1176,743,433
107900302,144,56,88
107900303,441,394,47
107900304,341,666,-325
107900305,354,24,330
107900306,19,32,-13
107900307,79,321,-242
107900308,193,155,38
107900309,126,1,125
107900310,1007,12,995
107900311,59,806,-747
107900312,81,0,81
107900313,13,217,-204
107900314,0,75,-75
107900315,1,88,-87
107900316,85,6,79
107900317,139,43,96
107900318,37,230,-193
107900319,12,280,-268
107900320,1,202,-201
107900321,154,5,149
107900322,4,165,-161
107900323,15,189,-174
107900324,215,7,208
107900325,106,0,106
107900326,360,285,75
107900327,1,105,-104
107900328,172,3,169
107900329,215,182,33
107900330,7,517,-510
107900331,214,46,168
107900332,225,54,171
107900333,38,23,15
107900334,21,173,-152
107900335,138,39,99
107900336,94,72,22
107900337,1297,933,364
107900338,13,222,-209
107900339,0,39,-39
107900340,15,66,-51
107900341,77,4,73
107900342,103,172,-69
107900343,70,3,67
107900344,12,116,-104
107900345,143,41,102
107900346,47,3,44
107900347,49,4,45
107900348,23,5,18
107900349,29,18,11
107900350,37,293,-256
108000001,3097,4204,-1107
108000002,2388,2981,-593
108000003,4249,3936,313
108000004,14440,17955,-3515
108000005,10115,7241,2874
108000006,10065,9551,514
108000007,5657,5257,400
108000008,5109,7633,-2524
108000009,4337,5875,-1538
108000010,4704,5754,-1050
108000011,14531,14002,529
108000012,21470,19347,2123
108000014,1450,912,538
108000015,794,334,460
108000016,333,739,-406
108000017,1186,468,718
108000018,2615,840,1775
108000019,3741,1081,2660
108000020,1596,683,913
108000021,486,1976,-1490
108000022,512,1481,-969
108000023,1434,393,1041
108000024,349,715,-366
108000025,342,336,6
108000026,739,530,209
108000027,814,553,261
108000028,639,327,312
108000029,666,700,-34
108000030,801,311,490
108000031,369,821,-452
108000032,1784,915,869
108000033,861,1372,-511
108000034,1879,831,1048
108000035,851,2608,-1757
108000036,423,1103,-680
108000037,1648,684,964
108000038,2707,905,1802
108000039,612,2225,-1613
108000040,2052,1263,789
108000041,776,2910,-2134
108000042,414,316,98
108000043,271,446,-175
108000044,1404,254,1150
108000045,366,1338,-972
108000046,1642,508,1134
108000047,646,1249,-603
108000048,401,487,-86
108000049,1747,463,1284
108000050,126,498,-372
108000051,329,143,186
108000052,301,771,-470
108000053,465,267,198
108000054,592,1166,-574
108000055,1363,716,647
108000056,1168,1421,-253
108000057,654,1369,-715
108000058,2250,4179,-1929
108000059,3791,2342,1449
108000060,181,417,-236
108000061,201,375,-174
108000062,889,637,252
108000063,577,658,-81
108000064,257,277,-20
108000065,580,705,-125
108000066,1695,878,817
108000067,1809,662,1147
108000068,876,552,324
108000069,241,1123,-882
108000070,2110,947,1163
108000071,717,1867,-1150
108000072,1761,1647,114
108000073,1553,2339,-786
108000074,732,576,156
108000075,434,1067,-633
108000076,875,698,177
108000077,760,890,-130
108000078,2325,1901,424
108000079,910,2038,-1128
108000080,1497,791,706
108000081,806,2119,-1313
108000082,1195,2369,-1174
108000083,2138,1213,925
108000084,626,1473,-847
108000085,745,549,196
108000086,927,989,-62
108000087,158,2272,-2114
108000088,162,15,147
108000089,406,553,-147
108000090,547,236,311
108000091,329,534,-205
108000092,163,102,61
108000093,199,652,-453
108000094,551,108,443
108000095,132,403,-271
108000096,319,181,138
108000097,170,517,-347
108000098,1589,1851,-262
108000099,514,129,385
108000100,64,234,-170
108000101,1738,1609,129
108000102,2022,3525,-1503
108000106,1125,1,1124
108000107,5,1062,-1057
108000108,1362,86,1276
108000109,11,866,-855
108000110,183,375,-192
108000111,229,710,-481
108000112,75,149,-74
108000113,548,313,235
108000115,379,368,11
108000117,829,418,411
108000118,109,310,-201
108000119,778,423,355
108000120,166,805,-639
108000121,256,543,-287
108000122,662,389,273
108000123,2138,285,1853
108000124,579,728,-149
108000125,353,335,18
108000126,162,405,-243
108000127,508,583,-75
108000128,722,578,144
108000129,650,1221,-571
108000130,862,345,517
108000131,954,790,164
108000132,2310,1817,493
108000133,900,724,176
108000134,502,660,-158
108000135,1189,599,590
108000136,533,1207,-674
108000137,503,563,-60
108000138,432,1117,-685
108000139,623,369,254
108000140,152,33,119
108000141,41,104,-63
108000142,74,117,-43
108000143,29,46,-17
108000144,59,15,44
108000145,62,43,19
108000146,72,20,52
108000147,75,42,33
108000148,83,21,62
108000149,33,20,13
108000150,37,16,21
108000151,120,37,83
108000152,133,552,-419
108000153,525,152,373
108000154,56,17,39
108000155,26,28,-2
108000156,374,132,242
108000157,275,1112,-837
108000158,115,847,-732
108000159,573,217,356
108000160,3466,1340,2126
108000161,3496,2997,499
108000165,6,209,-203
108000172,9,302,-293
108000173,2274,2171,103
108000175,344,168,176
108000178,449,335,114
108000179,205,991,-786
108000181,39,40,-1
108000182,139,14,125
108000183,154,36,118
108000184,1120,2361,-1241
108000185,263,658,-395
108000186,246,72,174
108000187,191,670,-479
108000188,744,363,381
108000189,782,1710,-928
108000190,52,152,-100
108000192,253,609,-356
108000193,1260,60,1200
108000194,66,10,56
108000195,9,1042,-1033
108000196,815,232,583
108000198,490,428,62
108000199,0,161,-161
108000200,573,739,-166
108000202,1,357,-356
108000203,154,832,-678
108000204,201,125,76
108000205,376,585,-209
108000339,1725,467,1258
108000364,127,352,-225
108000365,136,309,-173
108000367,268,521,-253
108000368,11,53,-42
108000369,1273,269,1004
108000371,1,598,-597
108000372,807,1,806
108000373,333,257,76
108000376,111,41,70
108000377,488,330,158
108000378,10730,11723,-993
108000379,46,225,-179
108000381,60,42,18
108000382,91,0,91
108000383,0,86,-86
108900001,108,1190,-1082
108900002,235,84,151
108900003,357,758,-401
108900004,394,584,-190
108900005,89,470,-381
108900006,960,257,703
108900007,230,278,-48
108900008,137,233,-96
108900009,63,142,-79
108900010,312,249,63
108900011,431,531,-100
108900012,321,523,-202
108900013,162,336,-174
108900014,9,152,-143
108900015,0,72,-72
108900016,2,296,-294
108900017,507,501,6
108900018,208,535,-327
108900019,76,1028,-952
108900020,52,246,-194
108900021,158,285,-127
108900022,31,244,-213
108900023,339,83,256
108900024,24,120,-96
108900025,124,157,-33
108900026,45,130,-85
108900028,93,313,-220
108900029,76,232,-156
108900031,126,494,-368
108900032,25,268,-243
108900034,0,248,-248
108900035,391,1450,-1059
108900036,252,321,-69
108900037,120,438,-318
108900039,2,518,-516
108900040,12,121,-109
108900041,6074,3422,2652
108900042,10,476,-466
108900043,92,593,-501
108900045,63,608,-545
108900046,12,134,-122
108900047,0,55,-55
108900048,150,1031,-881
108900049,3870,1499,2371
108900050,4,278,-274
108900051,0,200,-200
108900052,32,289,-257
108900053,146,195,-49
108900054,81,226,-145
108900055,49,542,-493
108900056,1,187,-186
108900057,1,187,-186
108900058,24,452,-428
108900059,434,44,390
108900060,144,116,28
108900061,127,46,81
108900062,7,245,-238
108900063,21,399,-378
108900064,168,94,74
108900065,15,314,-299
108900066,379,144,235
108900067,38,161,-123
108900068,2,103,-101
108900069,61,105,-44
108900070,68,127,-59
108900071,74,84,-10
108900072,2599,1004,1595
108900073,8,72,-64
108900074,251,478,-227
108900075,97,65,32
108900076,356,115,241
108900077,166,166,0
108900078,20,207,-187
108900079,1248,274,974
108900080,42,1006,-964
108900081,54,251,-197
108900082,65,127,-62
108900083,54,283,-229
108900084,442,177,265
108900085,2673,242,2431
108900086,105,292,-187
108900087,178,254,-76
108900088,1057,463,594
108900089,46,179,-133
108900090,38,278,-240
108900091,111,116,-5
108900092,523,374,149
108900093,179,120,59
108900094,230,106,124
108900095,75,399,-324
108900096,385,30,355
108900097,250,257,-7
108900098,2597,859,1738
108900099,421,298,123
108900100,114,118,-4
108900101,234,165,69
108900102,132,997,-865
108900103,77,143,-66
108900104,219,488,-269
108900105,9,1007,-998
108900106,373,344,29
108900108,506,78,428
108900109,41,33,8
108900110,240,553,-313
108900111,398,648,-250
108900112,336,32,304
108900113,61,75,-14
108900114,0,4,-4
108900115,88,95,-7
108900116,147,29,118
108900117,180,23,157
108900119,307,51,256
108900120,182,194,-12
108900121,341,156,185
108900122,114,30,84
108900123,131,178,-47
108900124,431,270,161
108900126,106,44,62
108900127,185,28,157
108900128,98,50,48
108900129,737,229,508
108900131,512,8,504
108900132,511,94,417
108900133,197,78,119
108900134,329,314,15
108900135,126,17,109
108900137,161,3,158
108900138,678,51,627
108900139,569,177,392
108900140,281,333,-52
108900141,275,13,262
108900142,184,6,178
108900143,0,0,0
108900144,114,1,113
108900145,161,10,151
108900146,82,7,75
108900147,221,1,220
108900148,96,30,66
108900149,871,549,322
108900150,275,11,264
108900151,300,25,275
108900152,236,73,163
108900153,145,417,-272
108900154,5417,672,4745
108900155,245,106,139
108900156,65,26,39
108900157,22,538,-516
108900158,529,43,486
108900159,8,290,-282
108900160,10,279,-269
108900161,24,582,-558
108900162,106,2,104
108900163,15,283,-268
108900164,36,80,-44
108900165,212,113,99
108900167,2072,6600,-4528
108900168,8814,3152,5662
108900169,50,116,-66
108900171,9642,3213,6429
108900172,219,59,160
108900173,294,438,-144
108900174,786,754,32
108900176,144,525,-381
108900177,6735,6803,-68
108900178,4464,3674,790
108900179,628,1729,-1101
108900180,113,256,-143
108900182,40,279,-239
108900183,228,256,-28
108900184,534,326,208
108900185,351,497,-146
108900186,116,425,-309
108900187,407,69,338
108900188,465,105,360
108900189,545,188,357
108900190,84,3171,-3087
108900191,267,48,219
108900192,93,243,-150
108900193,957,122,835
108900194,64,574,-510
108900195,135,349,-214
108900196,38,471,-433
108900198,2,428,-426
108900199,296,423,-127
108900200,999,435,564
108900201,559,1594,-1035
108900203,563,94,469
108900204,332,13,319
108900205,167,19,148
108900206,637,50,587
108900207,212,49,163
108900208,17,367,-350
108900209,208,623,-415
108900210,228,274,-46
108900211,221,649,-428
108900212,783,1718,-935
108900215,100,447,-347
108900216,750,258,492
108900217,195,0,195
108900218,184,13,171
108900219,111,15,96
108900220,104,26,78
108900221,52,124,-72
108900222,286,27,259
108900223,6,150,-144
108900224,52,287,-235
108900225,0,245,-245
108900226,430,24,406
108900227,126,322,-196
108900230,213,303,-90
108900231,25,250,-225
108900232,2,657,-655
108900233,542,172,370
108900234,369,278,91
108900235,247,679,-432
108900236,111,398,-287
108900237,102,260,-158
108900240,282,131,151
108900241,79,46,33
108900245,21,1642,-1621
108900249,199,61,138
108900250,298,194,104
108900257,198,723,-525
108900258,16,195,-179
108900259,281,74,207
108900260,3,94,-91
108900261,104,135,-31
108900262,180,183,-3
108900263,34,205,-171
108900264,644,300,344
108900265,1302,432,870
108900266,928,553,375
108900267,4,88,-84
108900268,14,9,5
108900269,86,25,61
108900270,83,10,73
108900271,35,17,18
108900272,205,7,198
108900273,1039,963,76
108900274,56,53,3
108900275,57,12,45
108900276,13,93,-80
109000001,4018,1437,2581
109000002,1919,1753,166
109000003,2834,591,2243
109000004,551,2259,-1708
109000005,2604,734,1870
109000006,705,2207,-1502
109000007,1686,706,980
109000008,527,2006,-1479
109000009,4211,1511,2700
109000010,1724,3933,-2209
109000011,3429,2713,716
109000012,2193,3813,-1620
109000013,4151,3558,593
109000014,2241,3746,-1505
109000015,4249,7571,-3322
109000016,7370,4080,3290
109000017,2554,1533,1021
109000018,926,3310,-2384
109000019,2845,1373,1472
109000020,1029,2319,-1290
109000023,335,48,287
109000024,8,185,-177
109000025,395,518,-123
109000026,817,415,402
109000027,80,343,-263
109000028,122,135,-13
109000029,134,235,-101
109000030,94,529,-435
109000031,268,230,38
109000032,140,518,-378
109000033,367,228,139
109000034,70,56,14
109000035,21,96,-75
109000036,163,463,-300
109000037,296,1360,-1064
109000038,745,549,196
109000039,1125,841,284
109000040,5676,8765,-3089
109000041,4131,1833,2298
109000042,774,1576,-802
109000044,484,85,399
109000045,146,396,-250
109000046,415,120,295
109000047,65,506,-441
109000048,1074,310,764
109000049,487,739,-252
109000050,511,315,196
109000051,375,319,56
109000052,569,1200,-631
109000053,275,126,149
109000054,857,644,213
109000055,409,471,-62
109000056,481,853,-372
109000057,855,584,271
109000058,1414,475,939
109000059,1057,1508,-451
109000060,473,391,82
109000061,1141,1339,-198
109000062,250,468,-218
109000063,307,303,4
109000064,689,262,427
109000065,172,243,-71
109000066,476,206,270
109000067,87,383,-296
109000068,3538,20,3518
109000069,1336,50,1286
109000070,18,1253,-1235
109000071,373,99,274
109000072,157,346,-189
109000073,44,91,-47
109000074,44,231,-187
109000075,96,430,-334
109000076,105,258,-153
109000077,385,357,28
109000078,83,224,-141
109000079,133,213,-80
109000080,145,162,-17
109000081,97,513,-416
109000082,527,232,295
109000083,288,781,-493
109000088,140,674,-534
109000089,363,58,305
109000090,219,521,-302
109000091,389,216,173
109000092,474,652,-178
109000093,265,253,12
109000094,521,4,517
109000095,133,477,-344
109000096,750,304,446
109000097,156,166,-10
109000098,56,177,-121
109000099,1320,458,862
109000100,335,637,-302
109000101,1879,893,986
109000102,418,947,-529
109000103,605,800,-195
109000104,1743,708,1035
109000105,448,1563,-1115
109000106,2333,1134,1199
109000107,765,2479,-1714
109000108,1856,832,1024
109000109,514,2133,-1619
109000110,1366,706,660
109000111,1106,2329,-1223
109000112,667,205,462
109000113,539,262,277
109000114,289,514,-225
109000115,1634,47,1587
109000116,3,298,-295
109000117,230,118,112
109000118,16,378,-362
109000119,1462,289,1173
109000120,235,1077,-842
109000121,473,68,405
109000122,214,944,-730
109000123,42,53,-11
109000124,643,521,122
109000125,994,435,559
109000126,505,1014,-509
109000127,992,333,659
109000128,548,1772,-1224
109000129,2232,1052,1180
109000130,718,2348,-1630
109000131,1048,684,364
109000132,949,2163,-1214
109000133,466,1152,-686
109000134,966,1659,-693
109000135,1731,2091,-360
109000136,444,394,50
109000137,338,430,-92
109000138,583,461,122
109000139,498,520,-22
109000140,337,489,-152
109000141,733,548,185
109000142,155,591,-436
109000143,146,101,45
109000145,122,234,-112
109000146,49,106,-57
109000148,4142,2288,1854
109000149,41,66,-25
109000150,112,372,-260
109000155,783,610,173
109000156,1214,832,382
109000158,247,405,-158
109000159,200,768,-568
109000160,1033,383,650
109000161,316,1323,-1007
109000162,1996,1003,993
109000163,1135,2208,-1073
109000164,1233,2839,-1606
109000165,1297,710,587
109000166,659,169,490
109000167,121,650,-529
109000170,45,54,-9
109000171,73,41,32
109000172,35,83,-48
109000173,34,71,-37
109000174,67,74,-7
109000175,69,101,-32
109000176,363,320,43
109000177,36,176,-140
109000178,496,124,372
109000179,6081,5517,564
109000180,6364,4044,2320
109000181,15,28,-13
109000182,39,35,4
109000183,54,37,17
109000184,55,15,40
109000185,25,90,-65
109000188,855,2391,-1536
109000189,3208,1324,1884
109000190,627,571,56
109000191,436,551,-115
109000192,384,508,-124
109000193,151,330,-179
109000194,281,250,31
109000195,149,364,-215
109000196,345,254,91
109000197,203,474,-271
109000198,373,137,236
109000199,160,555,-395
109000206,267,46,221
109000207,131,89,42
109000208,103,129,-26
109000209,235,166,69
109000210,199,667,-468
109000211,201,320,-119
109000214,483,440,43
109000215,183,96,87
109000216,272,339,-67
109000217,494,174,320
109000218,798,282,516
109000221,504,1218,-714
109000222,1090,314,776
109000223,353,402,-49
109000224,51,127,-76
109000225,81,53,28
109000226,55,260,-205
109000227,1011,1422,-411
109000228,6,1208,-1202
109000231,5,343,-338
109000232,309,346,-37
109000236,337,855,-518
109000241,2447,2604,-157
109000242,2151,1760,391
109000293,59,111,-52
109000361,192,334,-142
109000364,365,686,-321
109000396,7,586,-579
109000397,571,6,565
109000399,122,514,-392
109000400,80,241,-161
109000403,212,969,-757
109000406,487,12,475
109000407,244,228,16
109000408,0,423,-423
109000410,1044,324,720
109000411,105,24,81
109900001,95,1,94
109900002,1054,37,1017
109900003,235,1,234
109900004,1332,191,1141
109900005,32,9,23
109900006,542,269,273
109900007,772,601,171
109900008,0,61,-61
109900009,167,745,-578
109900010,683,34,649
109900011,139,66,73
109900012,511,294,217
109900013,407,235,172
109900014,490,112,378
109900015,540,239,301
109900016,181,32,149
109900017,224,332,-108
109900018,337,104,233
109900019,514,82,432
109900020,32,50,-18
109900021,31,25,6
109900022,91,274,-183
109900023,22,11,11
109900024,27,24,3
109900025,21,81,-60
109900026,4,220,-216
109900027,34,93,-59
109900028,1870,879,991
109900029,3,404,-401
109900030,57,23,34
109900031,2,239,-237
109900032,12,591,-579
109900033,5,600,-595
109900034,30,1,29
109900035,22,41,-19
109900036,40,106,-66
109900037,27,567,-540
109900038,97,312,-215
109900039,23,0,23
109900040,26,582,-556
109900041,107,409,-302
109900042,344,993,-649
109900044,456,273,183
109900045,350,126,224
109900046,22,87,-65
109900047,511,373,138
109900048,2,109,-107
109900049,14,55,-41
109900050,0,174,-174
109900051,6,56,-50
109900052,165,358,-193
109900053,4,344,-340
109900054,678,241,437
109900055,58,272,-214
109900056,37,244,-207
109900057,7,158,-151
109900058,0,75,-75
109900059,659,239,420
109900060,383,220,163
109900061,60,313,-253
109900062,1,202,-201
109900063,16,625,-609
109900064,597,327,270
109900065,80,167,-87
109900066,456,993,-537
109900067,1,272,-271
109900068,80,8,72
109900069,2,55,-53
109900070,51,464,-413
109900071,3,36,-33
109900072,33,194,-161
109900073,514,580,-66
109900074,23,44,-21
109900075,28,80,-52
109900076,26,246,-220
109900077,34,69,-35
109900078,95,263,-168
109900080,204,428,-224
109900081,60,408,-348
109900082,85,428,-343
109900083,24,79,-55
109900084,56,229,-173
109900085,245,841,-596
109900086,205,442,-237
109900087,306,657,-351
109900089,862,408,454
109900090,649,1244,-595
109900091,359,95,264
109900092,3000,42,2958
109900093,998,272,726
109900094,114,142,-28
109900095,289,265,24
109900096,36,1,35
109900097,78,5,73
109900098,438,53,385
109900099,168,1,167
109900100,54,1,53
109900101,426,15,411
109900102,635,38,597
109900103,29,58,-29
109900104,612,803,-191
109900105,538,34,504
109900106,692,81,611
109900107,708,161,547
109900108,141,485,-344
109900109,74,247,-173
109900110,105,458,-353
109900111,478,961,-483
109900112,409,674,-265
109900113,959,638,321
109900114,1784,1152,632
109900115,200,163,37
109900117,1037,225,812
109900118,312,554,-242
109900119,743,467,276
109900120,76,37,39
109900121,554,601,-47
109900122,490,12,478
109900123,17,172,-155
109900124,47,700,-653
109900125,2,202,-200
109900126,279,128,151
109900128,269,81,188
109900130,8252,2778,5474
109900131,73,208,-135
109900132,48,166,-118
109900133,58,341,-283
109900134,131,129,2
109900135,421,77,344
109900136,121,170,-49
109900137,127,455,-328
109900138,599,434,165
109900140,239,227,12
109900141,417,310,107
109900142,1209,362,847
109900145,17,590,-573
109900146,610,59,551
109900148,50,120,-70
109900149,77,63,14
109900150,10,99,-89
109900151,13,52,-39
109900152,1,39,-38
109900153,1,50,-49
109900154,138,1,137
109900155,119,51,68
109900157,61,246,-185
109900158,72,156,-84
109900159,183,57,126
109900160,153,64,89
109900161,222,129,93
109900162,225,203,22
109900163,884,356,528
109900164,88,200,-112
109900165,280,8,272
109900166,3,185,-182
109900167,197,641,-444
109900168,266,826,-560
109900169,209,242,-33
109900170,295,794,-499
109900171,177,132,45
109900172,342,254,88
109900173,3547,2276,1271
109900174,61,157,-96
109900175,120,106,14
109900176,183,249,-66
109900177,51,315,-264
109900178,60,346,-286
109900179,382,42,340
109900180,5,22,-17
110000001,995,528,467
110000002,634,962,-328
110000003,1184,865,319
110000004,629,989,-360
110000005,640,2551,-1911
110000006,541,515,26
110000007,179,141,38
110000008,34,63,-29
110000009,29,40,-11
110000010,50,70,-20
110000011,78,72,6
110000012,730,469,261
110000013,54,720,-666
110000014,707,519,188
110000015,288,889,-601
110000016,297,2059,-1762
110000017,3517,358,3159
110000018,3205,514,2691
110000019,9,97,-88
110000020,527,275,252
110000021,1165,547,618
110000022,1345,324,1021
110000023,9,141,-132
110000024,728,449,279
110000025,467,18,449
110000026,14,449,-435
110000027,1533,990,543
110000028,851,898,-47
110000029,554,838,-284
110000030,295,529,-234
110000031,277,626,-349
110000032,723,555,168
110000033,356,162,194
110000034,751,905,-154
110000035,1364,690,674
110000036,1331,980,351
110000037,285,602,-317
110000038,321,845,-524
110000039,919,4070,-3151
110000040,369,408,-39
110000041,333,1634,-1301
110000042,194,443,-249
110000043,1012,346,666
110000044,412,391,21
110000045,2030,171,1859
110000046,7,39,-32
110000047,53,43,10
110000048,19,57,-38
110000049,184,14,170
110000050,9,101,-92
110000051,41,11,30
110000052,42,25,17
110000053,205,13,192
110000054,632,338,294
110000055,1526,83,1443
110000056,402,158,244
110000057,397,756,-359
110000058,1384,598,786
110000059,1072,568,504
110000060,984,1346,-362
110000061,1087,829,258
110000062,784,1024,-240
110000063,28,114,-86
110000064,97,95,2
110000065,79,90,-11
110000066,105,99,6
110000067,143,236,-93
110000068,263,263,0
110000069,259,134,125
110000071,152,147,5
110000073,12,40,-28
110000075,16,145,-129
110000076,298,555,-257
110000077,464,2484,-2020
110000078,35,73,-38
110000080,299,858,-559
110000081,56,365,-309
110000082,25,530,-505
110000083,294,727,-433
110000084,1273,990,283
110000085,2354,1885,469
110000086,1754,2551,-797
110000087,14,59,-45
110000088,78,278,-200
110000089,401,165,236
110000090,1055,425,630
110000091,1588,397,1191
110000092,38,87,-49
110000093,50,9,41
110000094,576,285,291
110000095,262,713,-451
110000096,2566,2341,225
110000097,1333,1464,-131
110000098,2395,680,1715
110000099,898,1920,-1022
110000100,858,693,165
110000101,27,471,-444
110000102,58,37,21
110000104,741,152,589
110000105,140,403,-263
110000106,701,415,286
110000107,311,450,-139
110000108,170,67,103
110000109,333,314,19
110000110,3800,5500,-1700
110000111,7405,3363,4042
110000112,1531,1440,91
110000113,513,2184,-1671
110000114,205,752,-547
110000115,417,493,-76
110000116,56,80,-24
110000117,214,470,-256
110000118,481,294,187
110000119,288,391,-103
110000120,429,268,161
110000121,78,480,-402
110000122,474,780,-306
110000123,659,893,-234
110000124,5,1173,-1168
110000125,1055,33,1022
110000126,336,34,302
110000127,1237,72,1165
110000128,73,1724,-1651
110000129,4,533,-529
110000130,329,186,143
110000131,338,368,-30
110000132,5,919,-914
110000133,51,840,-789
110000134,32,455,-423
110000135,190,52,138
110000136,83,319,-236
110000137,573,744,-171
110000138,916,854,62
110000139,834,1335,-501
110000140,1051,712,339
110000143,720,645,75
110000144,6836,2412,4424
110000145,2673,1625,1048
110000146,3078,1194,1884
110000147,617,791,-174
110000148,834,376,458
110000151,1203,1255,-52
110000152,1071,433,638
110000153,95,65,30
110000154,54,31,23
110000155,2500,4886,-2386
110000156,1235,3001,-1766
110000157,2867,2749,118
110000160,462,342,120
110000161,208,350,-142
110000166,604,140,464
110000167,959,617,342
110000168,1238,504,734
110000169,968,491,477
110000170,218,124,94
110000171,806,188,618
110000172,175,917,-742
110000173,1204,1374,-170
110000174,238,1274,-1036
110000175,812,95,717
110000176,936,335,601
110000177,212,999,-787
110000178,558,2246,-1688
110000179,1328,393,935
110000180,226,304,-78
110000181,437,770,-333
110000182,475,184,291
110000183,10730,8297,2433
110000184,395,2901,-2506
110000185,2443,894,1549
110000186,963,1015,-52
110000191,1089,418,671
110000192,855,14,841
110000193,1694,15,1679
110000194,18,1395,-1377
110000195,451,637,-186
110000196,376,407,-31
110000197,94,276,-182
110000198,434,94,340
110000199,288,166,122
110000200,2974,767,2207
110000201,2390,1106,1284
110000202,1493,626,867
110000203,1251,1041,210
110000204,5,300,-295
110000205,170,68,102
110000206,892,1752,-860
110000207,1142,449,693
110000208,372,225,147
110000209,186,1144,-958
110000210,1268,760,508
110000211,1394,955,439
110000212,439,1498,-1059
110000213,165,278,-113
110000214,288,250,38
110000215,236,463,-227
110000216,108,405,-297
110000217,385,205,180
110000218,226,407,-181
110000219,337,110,227
110000220,62,344,-282
110000221,393,106,287
110000222,80,259,-179
110000223,9,223,-214
110000224,110,15,95
110000225,452,850,-398
110000226,300,121,179
110000227,1050,918,132
110000228,468,297,171
110000229,0,296,-296
110000230,1011,700,311
110000231,238,359,-121
110000232,631,221,410
110000233,443,418,25
110000234,1437,1188,249
110000235,1097,1592,-495
110000236,733,762,-29
110000237,3186,1620,1566
110000238,2109,1772,337
110000239,2210,1457,753
110000240,1,136,-135
110000242,0,12,-12
110000243,133,178,-45
110000244,198,434,-236
110000245,40,361,-321
110000246,1147,745,402
110000247,1509,4758,-3249
110000248,2238,1561,677
110000249,92,16,76
110000250,104,281,-177
110000251,356,620,-264
110000252,404,256,148
110000253,1344,715,629
110000254,780,1573,-793
110000255,355,1318,-963
110000256,560,394,166
110000257,882,531,351
110000258,6,543,-537
110000259,151,41,110
110000260,27,295,-268
110000263,623,145,478
110000264,364,560,-196
110000265,1596,2488,-892
110000266,3050,3660,-610
110000267,25,313,-288
110000268,393,574,-181
110000269,9,103,-94
110000270,159,2,157
110000271,1855,365,1490
110000272,1555,1221,334
110000273,4736,1999,2737
110000274,291,1505,-1214
110000275,2623,602,2021
110000276,463,385,78
110000277,384,452,-68
110000278,576,858,-282
110000279,1018,878,140
110000280,529,494,35
110000281,73,445,-372
110000282,541,46,495
110000283,115,189,-74
110000284,97,61,36
110000285,5,790,-785
110000286,44,0,44
110000287,102,5,97
110000288,11,149,-138
110000289,458,2011,-1553
110000290,1258,694,564
110000291,5175,1595,3580
110000292,1561,4620,-3059
110000293,1026,817,209
110000294,1083,1225,-142
110000295,294,1069,-775
110000296,581,450,131
110000297,2481,357,2124
110000298,178,621,-443
110000299,301,114,187
110000301,424,33,391
110000302,323,1171,-848
110000303,636,12,624
110000304,235,310,-75
110000305,1399,37,1362
110000306,185,1602,-1417
110000307,1727,10,1717
110000308,759,42,717
110000309,4,966,-962
110000310,893,51,842
110000311,14,742,-728
110000312,376,81,295
110000313,3073,3021,52
110000314,2,191,-189
110000315,4264,3525,739
110000316,580,1763,-1183
110000317,961,711,250
110000318,3,82,-79
110000319,35,33,2
110000320,44,82,-38
110000321,65,64,1
110000322,340,440,-100
110000323,581,246,335
110000324,3904,1977,1927
110000325,3609,3221,388
110000327,833,541,292
110000328,244,507,-263
110000333,1087,764,323
110000334,1067,1642,-575
110000335,1383,627,756
110000336,1559,1349,210
110000337,2186,661,1525
110000338,556,334,222
110000339,427,295,132
110000340,170,207,-37
110000341,450,556,-106
110000342,766,10,756
110000343,0,21,-21
110000344,1432,209,1223
110000345,1356,181,1175
110000346,3359,2403,956
110000347,1352,977,375
110000348,26,36,-10
110000349,12,43,-31
110000350,79,12,67
110000351,975,943,32
110000352,654,1977,-1323
110000353,3225,988,2237
110000354,1181,4095,-2914
110000355,152,112,40
110000356,751,12,739
110000357,506,13,493
110000361,49,81,-32
110000362,63,95,-32
110000363,442,210,232
110000364,299,451,-152
110000365,194,3,191
110000366,0,136,-136
110000367,556,324,232
110000368,10,74,-64
110000369,192,3,189
110000373,11,384,-373
110000374,787,29,758
110000375,152,1628,-1476
110000376,33,131,-98
110000377,99,657,-558
110000378,35,482,-447
110000379,3490,2306,1184
110000380,74,8,66
110000383,3,1329,-1326
110000384,3293,1554,1739
110000385,1,327,-326
110000387,108,27,81
110000388,33,239,-206
110000389,820,13,807
110000391,1103,427,676
110000396,188,188,0
110000397,173,219,-46
110000398,6,87,-81
110000399,205,4,201
110000587,221,79,142
110000589,270,218,52
110000640,230,107,123
110000652,41,296,-255
110000653,322,481,-159
110000654,132,204,-72
110000656,4,787,-783
110000674,30,42,-12
110000675,35,34,1
110000676,8,33,-25
110000679,431,1236,-805
110000682,114,261,-147
110000683,587,671,-84
110000684,10,44,-34
110000685,15,22,-7
110000686,1,48,-47
110000687,118,8,110
110000688,77,897,-820
110000689,31,43,-12
110000692,112,241,-129
110000693,253,417,-164
110000694,2,218,-216
110000695,333,697,-364
110000696,74,124,-50
110900001,365,25,340
110900002,685,229,456
110900003,706,708,-2
110900004,423,233,190
110900005,3155,2925,230
110900006,22,22,0
110900007,116,35,81
110900008,7,35,-28
110900009,465,106,359
110900010,10,88,-78
110900011,23,138,-115
110900012,9,111,-102
110900013,1375,196,1179
110900014,755,8,747
110900015,670,640,30
110900016,51,136,-85
110900017,441,36,405
110900018,538,48,490
110900019,178,40,138
110900020,94,238,-144
110900021,127,745,-618
110900022,111,417,-306
110900023,186,555,-369
110900024,16,550,-534
110900025,14,80,-66
110900027,35,308,-273
110900028,63,184,-121
110900029,49,430,-381
110900030,35,273,-238
110900031,2,157,-155
110900032,0,97,-97
110900033,52,250,-198
110900035,24,568,-544
110900036,131,34,97
110900037,71,45,26
110900038,1139,218,921
110900039,13,327,-314
110900040,247,57,190
110900041,19,122,-103
110900042,153,77,76
110900043,4,119,-115
110900044,273,26,247
110900045,45,581,-536
110900046,51,284,-233
110900047,664,291,373
110900049,106,98,8
110900050,26,6,20
110900051,68,256,-188
110900052,6,171,-165
110900053,92,27,65
110900054,180,248,-68
110900055,40,2,38
110900056,71,140,-69
110900057,11,200,-189
110900058,291,285,6
110900059,674,667,7
110900060,485,176,309
110900061,43,69,-26
110900062,127,285,-158
110900063,60,380,-320
110900064,37,0,37
110900065,366,157,209
110900066,13,144,-131
110900067,393,736,-343
110900068,205,304,-99
110900069,10,28,-18
110900070,141,118,23
110900071,314,819,-505
110900073,2,43,-41
110900074,375,85,290
110900075,413,118,295
110900077,860,937,-77
110900078,58,71,-13
110900079,2592,1738,854
110900080,185,91,94
110900081,7,73,-66
110900082,146,146,0
110900083,161,64,97
110900084,48,94,-46
110900085,89,327,-238
110900086,118,318,-200
110900087,511,169,342
110900088,17,6,11
110900090,33,46,-13
110900091,1,64,-63
110900093,474,178,296
110900095,72,69,3
110900097,12,26,-14
110900098,37,80,-43
110900099,64,440,-376
110900100,0,25,-25
110900102,72,31,41
110900105,1242,279,963
110900108,35,75,-40
110900111,566,485,81
110900112,876,12,864
110900113,592,49,543
110900115,28,88,-60
110900116,783,1878,-1095
110900118,125,2896,-2771
110900119,4877,414,4463
110900120,22,68,-46
110900121,193,3,190
110900122,475,232,243
110900125,466,557,-91
110900127,958,1534,-576
110900128,331,325,6
110900129,643,921,-278
110900130,1238,540,698
110900131,928,137,791
110900132,319,131,188
110900133,754,310,444
110900135,121,426,-305
110900136,333,22,311
110900137,207,3,204
110900138,2628,782,1846
110900139,112,190,-78
110900140,137,7,130
110900141,6,205,-199
110900142,78,222,-144
110900143,206,101,105
110900144,3,716,-713
110900145,385,35,350
110900146,672,240,432
110900147,142,360,-218
110900148,2,329,-327
110900149,2,91,-89
110900150,69,36,33
110900151,9,97,-88
110900152,36,282,-246
110900153,141,100,41
111000001,388,306,82
111000002,483,557,-74
111000003,1048,762,286
111000004,548,1034,-486
111000005,1551,1340,211
111000006,1139,1958,-819
111000007,5434,3344,2090
111000008,2515,3738,-1223
111000009,425,1237,-812
111000010,818,290,528
111000011,432,1172,-740
111000012,775,442,333
111000013,510,1158,-648
111000014,1970,650,1320
111000017,137,1246,-1109
111000018,339,579,-240
111000020,1148,2945,-1797
111000021,77,109,-32
111000023,92,81,11
111000025,5353,4640,713
111000029,140,166,-26
111000030,72,109,-37
111000031,2678,1635,1043
111000032,731,459,272
111000033,340,446,-106
111000034,311,295,16
111000037,2057,1280,777
111000038,4530,3342,1188
111000039,2690,2998,-308
111000040,2211,3007,-796
111000041,2224,2126,98
111000042,3661,2853,808
111000043,2220,3638,-1418
111000044,2182,1280,902
111000045,2599,2888,-289
111000046,1998,2208,-210
111000047,2793,4449,-1656
111000049,678,663,15
111000050,1512,1480,32
111000051,487,1089,-602
111000052,759,1727,-968
111000053,417,1081,-664
111000054,425,1001,-576
111000055,1304,1935,-631
111000056,218,584,-366
111000057,91,634,-543
111000058,412,101,311
111000059,874,312,562
111000060,4911,1095,3816
111000061,644,410,234
111000062,812,393,419
111000063,2688,1035,1653
111000064,652,705,-53
111000065,1199,1150,49
111000066,605,688,-83
111000067,814,728,86
111000068,727,1305,-578
111000069,2299,2940,-641
111000070,1343,1239,104
111000071,173,702,-529
111000072,976,437,539
111000073,300,805,-505
111000074,1660,1848,-188
111000075,1245,820,425
111000076,533,729,-196
111000077,1868,1980,-112
111000078,3443,1856,1587
111000079,1523,1048,475
111000080,590,852,-262
111000081,1983,6634,-4651
111000082,634,779,-145
111000084,958,663,295
111000085,1081,1575,-494
111000086,3112,1366,1746
111000087,786,918,-132
111000088,6468,2645,3823
111000089,845,1058,-213
111000090,1132,1753,-621
111000091,908,647,261
111000092,1405,1086,319
111000093,1172,1127,45
111000094,2202,1154,1048
111000095,662,2278,-1616
111000096,2439,8181,-5742
111000097,5391,1770,3621
111000098,919,1534,-615
111000099,782,2269,-1487
111000100,513,1797,-1284
111000101,536,977,-441
111000102,305,800,-495
111000104,884,258,626
111000107,196,799,-603
111000109,1068,365,703
111000110,1589,752,837
111000111,3111,654,2457
111000112,2578,756,1822
111000113,970,1589,-619
111000114,1823,3574,-1751
111000115,6634,1535,5099
111000116,1030,1091,-61
111000117,541,976,-435
111000118,2286,1106,1180
111000119,1101,1331,-230
111000120,455,685,-230
111000121,289,781,-492
111000122,661,1670,-1009
111000123,1175,3340,-2165
111000124,537,3103,-2566
111000125,336,1650,-1314
111000126,204,1028,-824
111000127,1017,257,760
111000128,2500,447,2053
111000129,2927,577,2350
111000130,2308,959,1349
111000131,1632,771,861
111000132,1446,910,536
111000133,230,186,44
111000134,156,185,-29
111000135,55,184,-129
111000136,311,349,-38
111000138,20,9,11
111000140,2,10,-8
111000141,235,407,-172
111000142,15,134,-119
111000143,8,149,-141
111000144,38,335,-297
111000145,2593,29,2564
111000146,144,20,124
111000147,358,73,285
111000148,206,113,93
111000149,10,56,-46
111000150,33,14,19
111000151,2,50,-48
111000153,773,824,-51
111000154,814,289,525
111000155,90,241,-151
111000156,507,774,-267
111000157,259,1358,-1099
111000158,1114,958,156
111000159,3168,831,2337
111000160,431,381,50
111000161,29,334,-305
111000162,103,244,-141
111000163,833,1377,-544
111000164,961,5700,-4739
111000165,1434,705,729
111000166,2728,541,2187
111000167,198,595,-397
111000168,272,570,-298
111000169,403,819,-416
111000170,608,485,123
111000171,625,824,-199
111000172,226,501,-275
111000173,432,1023,-591
111000174,189,464,-275
111000175,45,388,-343
111000176,795,145,650
111000177,367,236,131
111000178,1344,390,954
111000179,241,229,12
111000180,273,628,-355
111000181,1234,288,946
111000182,201,267,-66
111000183,905,403,502
111000184,412,268,144
111000185,463,494,-31
111000186,675,311,364
111000187,158,255,-97
111000188,217,486,-269
111000189,1325,675,650
111000190,149,378,-229
111000191,208,424,-216
111000192,212,566,-354
111000193,353,345,8
111000194,80,362,-282
111000195,216,377,-161
111000196,45,216,-171
111000197,576,168,408
111000198,1353,166,1187
111000199,233,172,61
111000200,410,377,33
111000201,627,358,269
111000202,241,307,-66
111000203,320,455,-135
111000204,426,1208,-782
111000213,238,483,-245
111000214,2033,1599,434
111000215,1037,1514,-477
111000217,1548,1239,309
111000218,1310,1344,-34
111000219,378,238,140
111000220,2068,1263,805
111000221,871,140,731
111000224,0,224,-224
111000225,350,98,252
111000226,115,4,111
111000227,44,6,38
111000228,51,401,-350
111000229,78,946,-868
111000230,349,417,-68
111000231,1095,918,177
111000232,750,1022,-272
111000233,1040,1033,7
111000234,156,496,-340
111000239,197,235,-38
111000240,58,242,-184
111000241,90,378,-288
111000242,190,73,117
111000243,364,703,-339
111000244,655,111,544
111000245,2081,533,1548
111000246,532,517,15
111000247,299,1004,-705
111000248,583,763,-180
111000249,481,744,-263
111000250,40,141,-101
111000251,67,155,-88
111000253,15,23,-8
111000255,58,10,48
111000257,48,18,30
111000260,135,1342,-1207
111000261,1282,151,1131
111000271,42,327,-285
111000273,4795,1863,2932
111000274,1297,2876,-1579
111000275,280,81,199
111000276,301,2188,-1887
111000277,188,464,-276
111000278,802,320,482
111000291,728,6269,-5541
111000298,611,348,263
111000299,658,224,434
111000300,207,656,-449
111000302,307,83,224
111000303,91,262,-171
111000312,76,97,-21
111000315,0,78,-78
111000320,434,849,-415
111000321,414,125,289
111000322,378,639,-261
111000323,226,44,182
111000324,472,349,123
111000325,55,97,-42
111000326,157,388,-231
111000327,852,484,368
111000328,223,554,-331
111000329,1,34,-33
111000330,93,9,84
111000331,37,10,27
111000332,601,1647,-1046
111000334,389,1618,-1229
111000335,1356,349,1007
111000337,1121,591,530
111000338,124,185,-61
111000339,759,509,250
111000340,344,806,-462
111000341,1220,880,340
111000342,324,929,-605
111000344,1280,824,456
111000345,308,73,235
111000346,23,152,-129
111000347,148,27,121
111000350,281,121,160
111000351,168,321,-153
111000352,225,109,116
111000353,173,344,-171
111000354,704,110,594
111000355,447,693,-246
111000358,319,1371,-1052
111000360,184,775,-591
111000361,98,312,-214
111000546,1635,788,847
111000547,666,636,30
111000548,179,470,-291
111000549,358,397,-39
111000550,120,1070,-950
111000551,826,195,631
111000552,2576,213,2363
111000907,373,8,365
111000908,21,2,19
111000916,1597,413,1184
111000917,72,495,-423
111000918,203,988,-785
111000920,456,37,419
111000921,11,220,-209
111000922,654,362,292
111000924,89,921,-832
111000925,2794,2291,503
111000926,1140,1796,-656
111000927,3298,5071,-1773
111000928,4939,3902,1037
111000929,2153,1731,422
111000930,1032,2684,-1652
111000931,2378,3526,-1148
111000932,4808,3057,1751
111000933,4185,2935,1250
111000934,2245,4333,-2088
111000935,1404,1437,-33
111000936,1097,2454,-1357
111000937,928,1826,-898
111000938,1845,1782,63
111000939,515,51,464
111000940,488,180,308
111000941,568,627,-59
111000943,432,381,51
111000944,161,432,-271
111000945,156,1719,-1563
111001109,437,353,84
111001110,145,556,-411
111001111,62,12,50
111001112,144,5,139
111001113,2,185,-183
111001114,990,75,915
111001115,10,460,-450
111001116,5840,4260,1580
111001117,783,3149,-2366
111001120,92,351,-259
111001121,158,262,-104
111001122,234,455,-221
111001123,136,72,64
111900001,6,116,-110
111900002,25,882,-857
111900003,7,424,-417
111900004,85,134,-49
111900006,22,56,-34
111900007,107,15,92
111900008,241,6,235
111900009,231,312,-81
111900010,441,588,-147
111900012,82,141,-59
111900013,13,139,-126
111900014,6064,3573,2491
111900015,0,71,-71
111900016,0,146,-146
111900017,0,130,-130
111900018,218,7,211
111900019,4,168,-164
111900020,3,69,-66
111900021,38,119,-81
111900022,22,96,-74
111900023,164,130,34
111900024,1,106,-105
111900025,0,47,-47
111900026,0,94,-94
111900027,6,161,-155
111900028,2,393,-391
111900029,2,120,-118
111900030,49,427,-378
111900031,32,64,-32
111900032,3,382,-379
111900033,4,127,-123
111900034,308,582,-274
111900035,114,260,-146
111900036,2,266,-264
111900038,324,640,-316
111900039,86,503,-417
111900040,14,525,-511
111900042,110,176,-66
111900043,1,373,-372
111900044,418,248,170
111900046,62,164,-102
111900048,213,740,-527
111900049,65,287,-222
111900050,132,42,90
111900051,1,214,-213
111900052,459,539,-80
111900053,1448,1694,-246
111900054,184,7,177
111900055,35,521,-486
111900056,273,347,-74
111900057,241,56,185
111900058,445,697,-252
111900059,1992,649,1343
111900060,511,5,506
111900061,12,281,-269
111900062,27,74,-47
111900063,449,308,141
111900064,114,274,-160
111900065,148,52,96
111900066,151,177,-26
111900067,22,411,-389
111900068,50,56,-6
111900069,85,49,36
111900070,130,136,-6
111900071,3,304,-301
111900072,61,26,35
111900073,761,133,628
111900074,18,234,-216
111900075,106,9,97
111900076,189,60,129
111900077,45,2,43
111900078,280,21,259
111900079,50,45,5
111900080,247,252,-5
111900081,759,238,521
111900082,116,30,86
111900083,108,17,91
111900084,114,11,103
111900085,78,158,-80
111900086,39,12,27
111900087,58,2,56
111900088,496,5,491
111900089,163,8,155
111900090,69,71,-2
111900091,230,0,230
111900092,103,2,101
111900093,348,5,343
111900094,125,0,125
111900095,320,91,229
111900096,155,5,150
111900097,51,0,51
111900098,188,1,187
111900099,102,0,102
111900100,202,5,197
111900101,116,22,94
111900102,1045,686,359
111900103,91,71,20
111900104,283,96,187
111900105,353,207,146
111900106,1918,99,1819
111900107,168,156,12
111900108,185,232,-47
111900109,576,549,27
111900110,2232,498,1734
111900111,300,170,130
111900112,715,2839,-2124
111900113,274,114,160
111900114,197,155,42
111900115,13,30,-17
111900118,329,92,237
111900119,352,206,146
111900122,200,118,82
111900123,33,56,-23
111900124,59,122,-63
111900125,479,23,456
111900126,316,5,311
111900127,2,639,-637
111900128,2,542,-540
111900129,307,22,285
111900130,362,34,328
111900131,482,6,476
111900132,40,1096,-1056
111900133,11,446,-435
111900134,20,262,-242
111900135,20,50,-30
111900136,96,159,-63
111900137,73,98,-25
111900138,22,114,-92
111900139,28,187,-159
111900140,125,68,57
111900141,98,18,80
111900142,146,32,114
111900143,51,299,-248
111900144,0,94,-94
111900145,5,493,-488
111900146,4,280,-276
111900147,153,511,-358
111900148,59,709,-650
111900149,20,288,-268
111900150,25,197,-172
111900151,1,30,-29
111900152,109,130,-21
111900153,1699,529,1170
111900154,13,260,-247
111900155,55,50,5
111900156,52,69,-17
111900157,138,21,117
111900158,590,55,535
111900159,292,31,261
111900160,249,2,247
111900161,129,1,128
111900162,52,166,-114
111900163,71,230,-159
111900164,85,83,2
111901113,412,180,232
111901114,885,323,562
111901115,85,5,80
111901116,80,10,70
111901117,24,42,-18
111901118,51,380,-329
111901119,911,123,788
111901120,133,222,-89
111901121,222,228,-6
111901122,9,507,-498
111901123,183,373,-190
111901124,196,3,193
111901125,324,150,174
111901126,161,76,85
111901127,780,586,194
111901128,30,77,-47
111901129,11,178,-167
111901130,9,215,-206
111901131,5,303,-298
111901132,142,23,119
111901133,35,3,32
111901134,84,8,76
111901135,17,17,0
111901136,22,64,-42
111901137,0,33,-33
111901138,238,55,183
111901139,23,35,-12
111901140,11,129,-118
111901141,17,159,-142
111901142,5,108,-103
111901143,3,81,-78
111901144,38,65,-27
111901145,69,294,-225
112000001,2130,982,1148
112000002,774,2717,-1943
112000003,1448,1227,221
112000004,881,1280,-399
112000005,3522,3979,-457
112000006,2476,2477,-1
112000007,3093,2172,921
112000008,2811,4039,-1228
112000009,3803,3625,178
112000010,3118,3811,-693
112000011,2285,2278,7
112000012,6921,5005,1916
112000013,6473,4497,1976
112000014,3834,2528,1306
112000015,4826,4608,218
112000016,10289,2301,7988
112000017,4878,3836,1042
112000024,2984,1498,1486
112000026,4386,5602,-1216
112000027,1052,702,350
112000028,1823,1939,-116
112000029,580,869,-289
112000030,231,169,62
112000031,2018,5518,-3500
112000032,618,123,495
112000033,2810,2199,611
112000034,437,138,299
112000035,319,661,-342
112000036,1428,1486,-58
112000037,3380,1310,2070
112000038,2256,1518,738
112000039,74,94,-20
112000040,111,423,-312
112000041,586,706,-120
112000042,1477,639,838
112000050,1344,2035,-691
112000051,1254,1625,-371
112000054,2183,2343,-160
112000057,827,511,316
112000058,700,878,-178
112000059,771,1165,-394
112000061,3751,2227,1524
112000062,1885,862,1023
112000063,1257,1556,-299
112000064,4753,5617,-864
112000065,2385,2786,-401
112000066,4042,1819,2223
112000067,919,934,-15
112000068,3617,2517,1100
112000069,1166,2254,-1088
112000070,2637,991,1646
112000071,1229,3134,-1905
112000072,2640,1011,1629
112000073,2312,3056,-744
112000074,2088,1509,579
112000075,1739,1577,162
112000076,4688,3451,1237
112000077,1571,676,895
112000078,2013,925,1088
112000079,1656,1748,-92
112000080,847,1041,-194
112000081,1739,2954,-1215
112000082,1621,1212,409
112000083,640,1498,-858
112000084,1329,1091,238
112000085,1342,1135,207
112000086,2252,1625,627
112000087,564,514,50
112000088,850,726,124
112000089,514,394,120
112000090,438,375,63
112000091,702,1233,-531
112000092,1910,1410,500
112000093,1778,1165,613
112000094,724,1035,-311
112000095,711,1094,-383
112000096,679,779,-100
112000097,1236,916,320
112000098,1385,1458,-73
112000099,842,1849,-1007
112000100,2169,976,1193
112000101,757,1198,-441
112000102,1337,568,769
112000103,342,1334,-992
112000105,519,1961,-1442
112000106,1685,495,1190
112000107,27,454,-427
112000108,264,1827,-1563
112000109,100,139,-39
112000110,2157,811,1346
112000111,1688,4797,-3109
112000112,7613,854,6759
112000113,1118,2191,-1073
112000114,4948,1189,3759
112000115,499,647,-148
112000116,1108,1476,-368
112000117,1224,1059,165
112000118,1590,1234,356
112000119,548,940,-392
112000120,74,471,-397
112000121,105,555,-450
112000122,338,191,147
112000123,645,208,437
112000124,433,110,323
112000125,232,404,-172
112000126,257,488,-231
112000127,3546,2781,765
112000128,1579,888,691
112000129,134,119,15
112000130,206,95,111
112000131,69,401,-332
112000132,178,273,-95
112000133,477,263,214
112000134,579,436,143
112000135,3369,941,2428
112000136,2426,1870,556
112000137,4804,2422,2382
112000138,6064,1799,4265
112000139,1128,620,508
112000140,1705,1303,402
112000141,859,382,477
112000142,211,776,-565
112000143,1238,253,985
112000144,368,1480,-1112
112000145,2672,839,1833
112000146,697,2213,-1516
112000147,3032,2149,883
112000148,2018,2608,-590
112000149,792,899,-107
112000150,437,1021,-584
112000151,359,517,-158
112000152,423,647,-224
112000153,172,414,-242
112000154,147,408,-261
112000155,173,163,10
112000157,1306,729,577
112000158,359,685,-326
112000159,644,515,129
112000167,477,90,387
112000169,333,517,-184
112000173,987,303,684
112000175,650,522,128
112000176,3780,2402,1378
112000177,745,219,526
112000178,127,554,-427
112000179,308,127,181
112000180,295,538,-243
112000181,1783,2448,-665
112000182,1341,1996,-655
112000183,63,67,-4
112000184,386,506,-120
112000185,502,756,-254
112000187,5315,3464,1851
112000195,236,14,222
112000196,362,4,358
112000197,221,201,20
112000198,66,399,-333
112000199,1310,1238,72
112000202,405,2,403
112000216,86,271,-185
112000230,89,9,80
112000231,5,266,-261
112000256,77,345,-268
112000313,150,229,-79
112000314,63,45,18
112000337,608,706,-98
112000352,514,424,90
112000392,1568,1502,66
112000398,1287,1148,139
112000399,2043,2557,-514
112000400,1956,4002,-2046
112000401,3521,3162,359
112000402,3684,3717,-33
112000403,2731,3783,-1052
112000404,811,980,-169
112000405,2126,3533,-1407
112000406,4084,2873,1211
112000407,7779,10417,-2638
112000408,9521,8453,1068
112000409,1869,5806,-3937
112000410,633,347,286
112000411,4752,2820,1932
112000412,1826,836,990
112000413,10000,6328,3672
112000414,93,143,-50
112000415,128,59,69
112000416,2763,1917,846
112000417,235,84,151
112000421,69,236,-167
112000422,486,496,-10
112000424,2548,3123,-575
112000425,486,860,-374
112000426,132,409,-277
112000427,1,16,-15
112000428,263,548,-285
112000429,2814,3098,-284
112000430,2909,3621,-712
112000431,97,214,-117
112000432,794,1590,-796
112000433,565,1009,-444
112000437,49,232,-183
112900001,44,2,42
112900002,456,1179,-723
112900003,91,396,-305
112900004,65,451,-386
112900005,225,286,-61
112900006,20,379,-359
112900007,48,250,-202
112900008,2,41,-39
112900009,504,141,363
112900010,381,1099,-718
112900011,251,322,-71
112900012,2,42,-40
112900013,6,286,-280
112900014,5,511,-506
112900015,484,947,-463
112900016,6,356,-350
112900017,68,252,-184
112900018,0,304,-304
112900019,64,302,-238
112900020,473,1275,-802
112900021,1,233,-232
112900022,7,93,-86
112900023,2,224,-222
112900024,32,291,-259
112900025,133,310,-177
112900026,6,304,-298
112900027,17,1216,-1199
112900028,42,161,-119
112900029,19,568,-549
112900030,225,185,40
112900031,15,636,-621
112900032,311,325,-14
112900034,7,47,-40
112900035,10,515,-505
112900036,204,173,31
112900037,190,262,-72
112900038,770,221,549
112900039,27,370,-343
112900040,12,765,-753
112900041,1026,1335,-309
112900042,76,362,-286
112900043,32,64,-32
112900044,644,616,28
112900045,400,444,-44
112900046,269,87,182
112900047,24,33,-9
112900049,234,108,126
112900050,72,599,-527
112900051,411,745,-334
112900052,10,1144,-1134
112900053,1364,205,1159
112900054,285,86,199
112900055,180,65,115
112900056,461,263,198
112900057,45,689,-644
112900058,393,335,58
112900059,226,170,56
112900060,24,274,-250
112900061,124,184,-60
112900062,80,184,-104
112900063,223,21,202
112900064,245,266,-21
112900065,58,35,23
112900066,419,204,215
112900067,613,238,375
112900068,82,43,39
112900069,2330,1020,1310
112900071,53,10,43
112900072,206,2252,-2046
112900073,733,103,630
112900074,148,272,-124
112900075,1724,1083,641
112900076,123,47,76
112900078,416,529,-113
112900079,447,61,386
112900080,118,7,111
112900081,43,246,-203
112900082,591,26,565
112900083,154,109,45
112900084,300,125,175
112900085,1,25,-24
112900086,110,0,110
112900087,841,229,612
112900088,219,41,178
112900089,1151,43,1108
112900090,71,31,40
112900091,215,4,211
112900092,367,346,21
112900093,2136,36,2100
112900094,188,6,182
112900095,67,2,65
112900096,603,228,375
112900097,141,377,-236
112900098,416,7,409
112900099,839,22,817
112900100,109,1,108
112900101,777,5,772
112900102,489,14,475
112900103,322,15,307
112900104,18,0,18
112900105,24,0,24
112900106,511,166,345
112900107,15,1,14
112900108,24,2,22
112900109,140,3,137
112900110,1194,18,1176
112900111,912,8,904
112900112,394,5,389
112900113,0,9,-9
112900114,135,62,73
112900115,1347,4,1343
112900116,175,32,143
112900117,139,113,26
112900118,42,117,-75
112900119,196,4,192
112900120,903,408,495
112900121,149,256,-107
112900122,164,162,2
112900123,179,33,146
112900124,34,179,-145
112900125,73,697,-624
112900126,294,304,-10
112900127,393,141,252
112900128,451,831,-380
112900129,3,1061,-1058
112900130,371,111,260
112900131,60,281,-221
112900132,436,507,-71
112900133,33,1494,-1461
112900134,1,354,-353
112900135,160,69,91
112900136,1,32,-31
112900137,1,522,-521
112900138,8,345,-337
112900139,288,1382,-1094
112900140,0,65,-65
112900141,887,73,814
112900142,112,193,-81
112900143,43,594,-551
112900144,0,277,-277
112900145,29,555,-526
112900146,5,1524,-1519
112900147,9,2041,-2032
112900148,75,1,74
112900149,325,1088,-763
112900151,29,85,-56
112900152,4342,1170,3172
112900153,2531,2927,-396
112900154,2,154,-152
112900155,266,54,212
112900156,417,1785,-1368
112900157,270,1,269
112900158,72,27,45
112900159,277,121,156
112900160,88,410,-322
112900161,161,46,115
112900162,53,31,22
112900163,134,77,57
112900164,38,369,-331
112900165,572,83,489
112900166,40,105,-65
112900167,4,103,-99
112900168,13,5,8
112900169,16,19,-3
112900170,175,139,36
112900172,71,16,55
112900173,292,129,163
112900174,320,51,269
112900175,204,196,8
112900176,14,67,-53
112900177,244,65,179
112900178,1141,3123,-1982
112900179,47,528,-481
112900180,2564,2014,550
112900181,630,5,625
112900182,55,1274,-1219
112900183,217,432,-215
112900184,536,539,-3
112900185,462,854,-392
112900186,2104,1290,814
112900187,124,810,-686
112900188,958,629,329
112900189,8,55,-47
112900190,22,49,-27
112900192,769,797,-28
112900193,1613,437,1176
112900194,58,116,-58
112900195,1222,72,1150
112900196,213,395,-182
112900197,304,452,-148
112900199,642,660,-18
112900200,554,293,261
112900201,156,122,34
112900202,400,1012,-612
112900203,264,330,-66
112900204,1166,935,231
112900205,22,34,-12
112900206,29,90,-61
112900207,21,0,21
112900208,83,308,-225
112900209,523,437,86
112900210,0,24,-24
112900211,167,144,23
112900212,3,103,-100
112900213,49,31,18
112900214,50,12,38
112900215,22,208,-186
112900216,65,76,-11
112900217,0,78,-78
112900218,135,31,104
112900219,312,5,307
112900220,8,1,7
112900221,79,161,-82
112900222,2,38,-36
112900223,1348,34,1314
112900224,312,621,-309
112900225,461,484,-23
112900226,280,489,-209
112900227,770,1410,-640
112900228,66,56,10
112900229,221,83,138
112900230,8786,5367,3419
112900232,427,370,57
112900233,106,239,-133
112900234,9,158,-149
112900235,189,59,130
112900236,308,13,295
112900237,182,262,-80
112900238,11,57,-46
112900239,503,281,222
113000001,6983,5819,1164
113000002,4272,4645,-373
113000003,2269,1880,389
113000004,2393,2843,-450
113000005,2029,1227,802
113000006,1337,1694,-357
113000007,2511,1477,1034
113000008,2200,2213,-13
113000009,1108,883,225
113000010,1622,1756,-134
113000011,838,1955,-1117
113000012,2146,982,1164
113000013,1886,903,983
113000014,2050,2295,-245
113000015,892,453,439
113000016,568,1227,-659
113000017,223,565,-342
113000018,646,81,565
113000019,275,350,-75
113000020,593,94,499
113000021,1921,562,1359
113000022,818,1414,-596
113000025,211,688,-477
113000026,429,686,-257
113000027,965,772,193
113000028,1451,839,612
113000029,1088,746,342
113000030,494,826,-332
113000031,268,358,-90
113000032,354,334,20
113000033,381,497,-116
113000034,410,416,-6
113000035,52,67,-15
113000036,28,85,-57
113000037,83,47,36
113000038,33,90,-57
113000039,111,390,-279
113000040,108,90,18
113000042,908,876,32
113000051,1072,2845,-1773
113000052,2396,1166,1230
113000053,495,569,-74
113000054,378,889,-511
113000055,1311,742,569
113000056,1015,1133,-118
113000058,783,996,-213
113000059,1406,950,456
113000060,226,657,-431
113000061,468,1065,-597
113000062,1178,298,880
113000063,190,131,59
113000064,36,459,-423
113000065,186,1001,-815
113000066,665,117,548
113000067,2026,1596,430
113000068,414,1522,-1108
113000069,775,1439,-664
113000070,2927,1423,1504
113000071,794,747,47
113000072,825,631,194
113000073,579,1784,-1205
113000074,1113,681,432
113000075,2306,904,1402
113000076,733,2425,-1692
113000077,1510,701,809
113000078,954,2968,-2014
113000079,1004,937,67
113000080,957,756,201
113000081,1483,1087,396
113000082,2286,1018,1268
113000083,721,1141,-420
113000084,1873,1417,456
113000085,1038,848,190
113000086,1650,1356,294
113000087,1850,1102,748
113000088,2937,1701,1236
113000089,1126,1888,-762
113000090,380,671,-291
113000091,715,482,233
113000094,1520,227,1293
113000095,240,953,-713
113000096,159,869,-710
113000097,1130,432,698
113000098,209,50,159
113000099,1228,513,715
113000100,218,441,-223
113000101,369,775,-406
113000102,678,460,218
113000103,2276,702,1574
113000104,532,2159,-1627
113000105,1060,642,418
113000106,549,830,-281
113000107,829,812,17
113000108,654,1471,-817
113000109,577,2007,-1430
113000110,1930,576,1354
113000111,127,607,-480
113000112,280,345,-65
113000113,2094,505,1589
113000114,397,1800,-1403
113000116,1030,397,633
113000117,1083,185,898
113000118,123,790,-667
113000119,418,457,-39
113000120,79,318,-239
113000121,1094,1225,-131
113000124,315,178,137
113000125,89,843,-754
113000127,3221,434,2787
113000128,542,678,-136
113000129,673,945,-272
113000133,2924,2550,374
113000134,9,1347,-1338
113000135,4594,5371,-777
113000137,2567,3933,-1366
113000139,523,284,239
113000140,181,322,-141
113000141,609,284,325
113000142,1012,1707,-695
113000143,341,274,67
113000144,324,860,-536
113000145,87,245,-158
113000146,202,143,59
113000147,224,140,84
113000148,198,165,33
113000149,125,173,-48
113000150,682,413,269
113000151,95,66,29
113000152,60,144,-84
113000153,1700,763,937
113000154,1016,1915,-899
113000155,478,709,-231
113000156,224,455,-231
113000157,356,1119,-763
113000158,880,311,569
113000159,1185,887,298
113000160,758,1264,-506
113000161,345,526,-181
113000162,948,622,326
113000163,215,58,157
113000164,30,109,-79
113000166,144,130,14
113000167,82,124,-42
113000168,93,115,-22
113000169,180,155,25
113000170,78,116,-38
113000171,53,108,-55
113000172,263,104,159
113000173,61,23,38
113000174,127,478,-351
113000175,502,119,383
113000176,591,215,376
113000177,201,481,-280
113000178,264,420,-156
113000179,351,250,101
113000180,815,1313,-498
113000181,1157,1185,-28
113000182,191,528,-337
113000183,169,719,-550
113000184,45,140,-95
113000189,635,1083,-448
113000190,1329,775,554
113000192,1908,2693,-785
113000193,5151,1375,3776
113000194,2407,1473,934
113000195,3281,1115,2166
113000196,226,133,93
113000197,3027,1367,1660
113000198,129,447,-318
113000199,2115,509,1606
113000201,284,315,-31
113000202,4193,1794,2399
113000203,419,135,284
113000204,1805,2504,-699
113000205,20,33,-13
113000206,5,60,-55
113000207,114,29,85
113000208,70,76,-6
113000209,14,33,-19
113000210,11,44,-33
113000211,175,208,-33
113000212,91,40,51
113000213,50,153,-103
113000214,194,336,-142
113000234,269,1062,-793
113000410,441,364,77
113000411,3860,5649,-1789
113000412,8146,3014,5132
113000413,3428,3392,36
113000414,8704,19183,-10479
113000415,3003,3938,-935
113000416,11221,5786,5435
113000417,3229,3892,-663
113000418,5933,4298,1635
113000419,2293,2790,-497
113000420,5414,7201,-1787
113000421,5338,8111,-2773
113000422,15960,13049,2911
113000423,2698,6149,-3451
113000424,4038,9539,-5501
113000425,7,134,-127
113000428,467,179,288
113000430,299,894,-595
113000432,2212,223,1989
113000433,160,1015,-855
113000434,24,170,-146
113000435,30,798,-768
113000436,17,1526,-1509
113000437,1133,16,1117
113000438,330,8,322
113000439,28,110,-82
113000440,97,42,55
113000441,160,208,-48
113000442,150,183,-33
113000443,235,254,-19
113000444,184,175,9
113000445,98,139,-41
113000446,31,92,-61
113000448,138,266,-128
113000449,256,711,-455
113000450,743,2253,-1510
113000451,1121,225,896
113000452,557,397,160
113000453,55,336,-281
113000454,1075,25,1050
113000455,11,276,-265
113000456,4883,3482,1401
113000468,2103,385,1718
113000469,155,165,-10
113000470,507,30,477
113000471,15,361,-346
113000472,139,421,-282
113000474,592,657,-65
113000475,1853,2199,-346
113000476,1414,2199,-785
113000477,3631,2412,1219
113000478,4917,6783,-1866
113000479,125,258,-133
113000480,141,197,-56
113000482,0,1,-1
113000485,8,0,8
113000486,7,0,7
113000487,0,3,-3
113000488,6,1,5
113000489,0,9,-9
113000490,0,47,-47
113000491,8,23,-15
113000492,8,1,7
113000493,0,0,0
113000495,161,118,43
113000496,103,140,-37
113000497,0,0,0
113000499,0,1,-1
113000500,0,2,-2
113900001,6,210,-204
113900002,2,113,-111
113900003,0,82,-82
113900004,2,36,-34
113900005,3,45,-42
113900006,2,22,-20
113900007,87,25,62
113900008,29,0,29
113900009,127,0,127
113900010,124,2,122
113900011,62,0,62
113900012,43,1,42
113900013,361,7,354
113900014,678,6,672
113900015,0,83,-83
113900016,27,0,27
113900017,9,76,-67
113900018,570,326,244
113900019,227,93,134
113900020,165,2,163
113900022,33,0,33
113900023,16,0,16
113900024,181,61,120
113900025,359,36,323
113900026,62,0,62
113900027,11,79,-68
113900028,22,515,-493
113900029,69,200,-131
113900030,184,0,184
113900031,8,4,4
113900032,24,0,24
113900033,77,83,-6
113900035,61,0,61
113900036,17,150,-133
113900037,219,483,-264
113900038,40,146,-106
113900039,133,27,106
113900040,9,20,-11
113900041,8,7,1
113900042,103,60,43
113900043,233,153,80
113900044,453,289,164
113900045,69,2,67
113900046,344,709,-365
113900047,44,100,-56
113900048,292,119,173
113900049,756,300,456
113900050,262,430,-168
113900051,239,488,-249
113900052,223,179,44
113900053,763,661,102
113900054,45,1,44
113900055,131,448,-317
113900056,52,169,-117
113900057,23,117,-94
113900058,73,166,-93
113900059,260,458,-198
113900060,267,302,-35
113900061,1214,350,864
113900062,108,20,88
113900063,125,164,-39
113900064,32,164,-132
113900065,523,28,495
113900066,456,374,82
113900067,261,311,-50
113900068,501,497,4
113900069,57,39,18
113900070,209,641,-432
113900071,60,65,-5
113900072,81,228,-147
113900073,227,478,-251
113900074,128,334,-206
113900075,1530,1218,312
113900076,226,14,212
113900077,80,241,-161
113900078,66,58,8
113900079,5,73,-68
113900080,583,330,253
113900081,88,269,-181
113900082,102,250,-148
113900083,321,478,-157
113900084,276,126,150
113900085,47,316,-269
113900086,21,16,5
113900087,103,279,-176
113900088,72,102,-30
113900089,562,53,509
113900090,668,488,180
113900091,30,22,8
113900092,55,92,-37
113900093,97,776,-679
113900094,449,573,-124
113900095,139,138,1
113900096,297,77,220
113900097,52,132,-80
113900098,661,102,559
113900099,1,60,-59
113900100,1,7,-6
113900101,20,111,-91
113900102,180,194,-14
113900103,361,421,-60
113900104,150,224,-74
113900105,93,269,-176
113900106,2,57,-55
113900107,2,54,-52
113900108,290,293,-3
113900109,513,223,290
113900110,86,11,75
113900111,200,115,85
113900112,100,83,17
113900113,1271,641,630
113900114,0,127,-127
113900115,0,85,-85
113900116,170,180,-10
113900117,109,30,79
113900118,235,383,-148
113900119,265,511,-246
113900120,51,35,16
113900121,73,119,-46
113900122,558,1912,-1354
113900123,465,237,228
113900124,1,78,-77
113900125,1024,139,885
113900126,272,87,185
113900127,386,821,-435
113900128,140,74,66
113900129,17,145,-128
113900130,22,89,-67
113900131,281,113,168
113900132,38,88,-50
113900133,26,122,-96
113900135,345,410,-65
113900136,133,116,17
113900137,322,265,57
113900138,97,211,-114
113900139,451,181,270
113900140,441,505,-64
113900141,589,374,215
113900142,223,132,91
113900143,27,52,-25
113900144,428,346,82
113900145,407,203,204
113900146,135,69,66
113900148,173,328,-155
113900149,205,119,86
113900150,914,614,300
113900151,422,245,177
113900152,60,64,-4
113900153,357,730,-373
113900154,4,207,-203
113900155,290,190,100
113900156,254,563,-309
113900157,49,345,-296
113900158,686,666,20
113900159,21,351,-330
113900160,964,731,233
113900161,106,243,-137
113900162,952,1157,-205
113900163,360,297,63
113900164,280,57,223
113900165,1266,599,667
113900166,431,209,222
113900167,319,75,244
113900168,145,144,1
113900169,263,484,-221
113900171,175,85,90
113900172,20,222,-202
113900173,85,636,-551
113900174,588,753,-165
113900175,414,168,246
113900176,666,855,-189
113900177,411,247,164
113900178,484,150,334
113900179,20,501,-481
113900180,206,115,91
113900181,654,146,508
113900182,1086,1363,-277
113900183,59,117,-58
113900184,18,783,-765
113900185,197,111,86
113900186,49,50,-1
113900187,37,151,-114
113900188,42,240,-198
113900189,299,163,136
113900190,348,138,210
113900191,163,349,-186
113900192,6,507,-501
113900193,31,276,-245
113900194,2023,1361,662
113900195,270,455,-185
113900196,8,210,-202
113900197,80,216,-136
113900198,38,230,-192
113900199,226,807,-581
113900200,23,352,-329
113900201,1,166,-165
113900202,51,300,-249
113900203,2,127,-125
113900204,92,550,-458
113900205,19,211,-192
113900206,15,167,-152
113900207,5,75,-70
113900208,5,104,-99
113900209,0,102,-102
113900210,722,1026,-304
113900211,272,92,180
113900212,166,532,-366
113900214,537,470,67
113900215,62,139,-77
113900216,130,1093,-963
113900217,78,310,-232
113900218,277,100,177
113900219,154,457,-303
113900220,223,121,102
113900221,520,313,207
113900222,368,872,-504
113900223,189,1097,-908
113900224,90,80,10
113900225,653,302,351
113900226,423,153,270
113900227,686,252,434
113900228,429,594,-165
113900229,87,987,-900
113900230,5362,4043,1319
113900231,263,230,33
113900232,118,147,-29
113900233,133,80,53
113900234,414,491,-77
113900235,107,58,49
113900236,204,348,-144
113900237,240,17,223
113900238,298,620,-322
113900239,87,110,-23
113900240,13,175,-162
113900241,163,51,112
113900242,44,144,-100
113900243,143,531,-388
113900244,450,232,218
113900245,1664,396,1268
113900246,21,45,-24
113900247,213,539,-326
113900248,3301,2035,1266
113900249,1120,502,618
113900250,62,162,-100
113900251,604,260,344
113900252,496,17,479
113900253,838,75,763
113900254,992,170,822
113900255,465,37,428
113900256,329,23,306
113900257,32,597,-565
113900258,14,539,-525
113900259,557,244,313
113900260,180,16,164
113900261,21,89,-68
113900262,109,537,-428
113900263,267,750,-483
113900264,7,461,-454
113900265,256,356,-100
113900266,55,193,-138
113900267,130,566,-436
113900268,461,576,-115
113900269,79,212,-133
113900270,357,925,-568
113900271,757,1334,-577
113900273,180,15,165
113900274,130,30,100
113900275,76,85,-9
113900276,5,187,-182
113900277,146,6,140
113900278,418,245,173
113900279,163,110,53
113900280,1655,725,930
113900281,762,1570,-808
113900282,1011,683,328
113900283,458,718,-260
113900284,911,354,557
113900285,188,77,111
113900286,134,156,-22
113900287,50,132,-82
113900288,6,253,-247
113900289,1231,88,1143
113900290,347,211,136
113900291,130,294,-164
113900292,21,8,13
113900293,4,267,-263
113900294,382,28,354
113900295,540,447,93
113900296,2268,630,1638
113900297,2745,67,2678
113900298,13,1892,-1879
113900299,65,166,-101
113900300,5652,3734,1918
113900301,810,420,390
113900302,2960,1263,1697
113900303,664,533,131
113900304,1,177,-176
113900305,102,0,102
113900306,47,6,41
113900307,103,0,103
113900308,98,132,-34
113900309,5,1367,-1362
113900310,0,11,-11
113900311,13,0,13
113900312,251,226,25
113900313,15,20,-5
114000001,1213,3212,-1999
114000002,300,399,-99
114000003,34,409,-375
114000004,403,501,-98
114000005,279,286,-7
114000006,2666,2541,125
114000007,955,1620,-665
114000008,1581,2008,-427
114000009,704,296,408
114000011,3056,3016,40
114000012,2550,2258,292
114000013,1857,1830,27
114000014,626,359,267
114000015,1857,586,1271
114000016,234,351,-117
114000017,120,382,-262
114000018,308,74,234
114000026,1689,1604,85
114000027,3231,2362,869
114000028,2800,3160,-360
114000038,275,173,102
114000039,148,61,87
114000040,102,203,-101
114000042,132,206,-74
114000043,71,150,-79
114000044,212,63,149
114000045,78,106,-28
114000046,4997,5869,-872
114000047,18,100,-82
114000048,134,51,83
114000049,1769,1674,95
114000050,1721,2190,-469
114000051,2878,2130,748
114000052,6110,1938,4172
114000053,145,708,-563
114000054,336,1003,-667
114000055,475,52,423
114000056,1609,1049,560
114000057,6160,2735,3425
114000058,784,1721,-937
114000059,482,305,177
114000060,722,1073,-351
114000061,3502,3371,131
114000062,3244,1693,1551
114000063,3433,2093,1340
114000064,7872,4178,3694
114000065,2270,2859,-589
114000066,482,769,-287
114000067,44,731,-687
114000068,495,849,-354
114000069,1148,841,307
114000070,2654,1891,763
114000071,766,725,41
114000072,488,335,153
114000073,19,79,-60
114000074,39,22,17
114000075,44,124,-80
114000076,56,136,-80
114000077,10,67,-57
114000078,580,996,-416
114000079,203,59,144
114000080,74,123,-49
114000081,60,100,-40
114000082,53,524,-471
114000083,111,307,-196
114000084,352,97,255
114000085,145,747,-602
114000086,225,562,-337
114000087,144,217,-73
114000088,52,41,11
114000089,1142,565,577
114000090,992,1150,-158
114000091,1759,990,769
114000092,1192,613,579
114000093,1463,933,530
114000094,414,405,9
114000095,255,169,86
114000096,165,491,-326
114000097,117,786,-669
114000098,508,90,418
114000099,614,634,-20
114000100,1481,905,576
114000101,465,1035,-570
114000102,599,459,140
114000103,189,444,-255
114000104,108,328,-220
114000105,178,111,67
114000106,1080,1074,6
114000107,442,156,286
114000108,1706,1359,347
114000109,560,1129,-569
114000110,828,1799,-971
114000111,1888,1083,805
114000112,639,2255,-1616
114000113,1192,800,392
114000114,1725,1719,6
114000115,2197,1382,815
114000116,1310,831,479
114000117,3189,492,2697
114000118,2616,603,2013
114000119,1713,487,1226
114000120,661,1002,-341
114000121,402,879,-477
114000122,382,392,-10
114000123,1996,700,1296
114000124,939,386,553
114000125,959,1601,-642
114000126,3323,320,3003
114000127,432,194,238
114000128,836,445,391
114000130,661,601,60
114000131,325,189,136
114000132,613,667,-54
114000133,1148,1684,-536
114000134,96,234,-138
114000138,61,269,-208
114000139,555,380,175
114000144,977,640,337
114000145,101,243,-142
114000146,131,347,-216
114000147,1601,1946,-345
114000148,2332,2256,76
114000149,420,385,35
114000150,690,764,-74
114000151,867,1302,-435
114000152,142,52,90
114000153,864,2479,-1615
114000154,999,901,98
114000155,2210,2401,-191
114000156,957,740,217
114000157,381,1230,-849
114000158,1811,958,853
114000159,231,541,-310
114000160,164,548,-384
114000161,1523,3481,-1958
114000162,1211,2799,-1588
114000163,18,155,-137
114000165,781,377,404
114000166,1095,641,454
114000167,3799,1908,1891
114000168,1049,934,115
114000169,1800,1546,254
114000170,1315,1167,148
114000171,1276,2091,-815
114000174,282,599,-317
114000176,727,585,142
114000177,2382,1237,1145
114000178,83,61,22
114000179,1303,847,456
114000180,552,961,-409
114000181,2132,4041,-1909
114000182,5084,2742,2342
114000183,1118,843,275
114000184,662,1399,-737
114000185,1666,1009,657
114000189,1056,147,909
114000190,2784,450,2334
114000191,56,95,-39
114000192,383,1754,-1371
114000193,894,3480,-2586
114000194,1230,1230,0
114000195,155,42,113
114000196,2,276,-274
114000197,1140,11,1129
114000198,989,441,548
114000199,2362,1958,404
114000200,648,1967,-1319
114000201,158,1015,-857
114000202,1739,707,1032
114000203,409,727,-318
114000204,236,541,-305
114000205,349,1791,-1442
114000206,733,1415,-682
114000207,745,2328,-1583
114000208,558,3261,-2703
114000209,730,2540,-1810
114000210,302,1608,-1306
114000211,1085,2200,-1115
114000212,832,974,-142
114000213,1422,655,767
114000214,139,278,-139
114000215,254,99,155
114000216,2090,601,1489
114000217,368,298,70
114000218,157,310,-153
114000219,1358,286,1072
114000220,25,924,-899
114000221,919,209,710
114000222,186,1167,-981
114000223,515,160,355
114000224,171,710,-539
114000225,213,747,-534
114000226,192,335,-143
114000227,900,596,304
114000228,995,959,36
114000229,1210,1563,-353
114000230,1997,1477,520
114000231,999,1331,-332
114000232,789,162,627
114000233,2307,188,2119
114000234,1319,1200,119
114000235,1134,1725,-591
114000236,1,526,-525
114000237,144,1035,-891
114000238,230,177,53
114000239,246,1326,-1080
114000240,1011,960,51
114000241,359,1102,-743
114000242,1078,958,120
114000243,1682,938,744
114000244,1080,489,591
114000245,387,605,-218
114000246,132,59,73
114000247,1220,835,385
114000248,2236,585,1651
114000249,518,626,-108
114000250,626,979,-353
114000251,539,296,243
114000252,68,95,-27
114000253,87,195,-108
114000254,47,124,-77
114000255,723,245,478
114000256,2168,2494,-326
114000257,480,1466,-986
114000258,539,567,-28
114000259,296,263,33
114000260,0,31,-31
114000261,53,54,-1
114000262,267,156,111
114000263,12,7,5
114000264,1232,700,532
114000265,0,7,-7
114000267,3,2302,-2299
114000268,2,1824,-1822
114000270,158,1,157
114000271,526,95,431
114000283,1570,591,979
114000285,45,259,-214
114000288,107,330,-223
114000289,1176,173,1003
114000293,218,563,-345
114000294,235,356,-121
114000395,2057,60,1997
114000396,684,583,101
114000402,518,335,183
114000403,258,422,-164
114000405,166,537,-371
114000423,416,522,-106
114000424,599,247,352
114000425,788,489,299
114000426,353,958,-605
114000427,64,91,-27
114000428,261,213,48
114000429,24,328,-304
114000432,95,150,-55
114000434,56,109,-53
114000435,15,296,-281
114000436,3472,1133,2339
114000437,463,2642,-2179
114900001,671,1199,-528
114900002,1497,163,1334
114900003,626,1493,-867
114900004,332,505,-173
114900005,562,837,-275
114900006,189,75,114
114900007,396,22,374
114900008,175,128,47
114900010,2116,1828,288
114900011,243,206,37
114900013,247,185,62
114900015,85,582,-497
114900018,882,27,855
114900020,216,65,151
114900022,52,677,-625
114900024,304,168,136
114900025,480,207,273
114900026,40,178,-138
114900027,258,264,-6
114900029,18,19,-1
114900030,330,233,97
114900031,368,39,329
114900032,414,42,372
114900033,1280,788,492
114900034,62,261,-199
114900035,173,423,-250
114900036,257,848,-591
114900037,141,208,-67
114900038,192,798,-606
114900039,512,564,-52
114900040,99,180,-81
114900041,657,534,123
114900042,781,804,-23
114900043,706,395,311
114900044,346,56,290
114900046,76,156,-80
114900047,284,1844,-1560
114900048,151,304,-153
114900049,6,212,-206
114900050,78,517,-439
114900051,12,445,-433
114900052,257,316,-59
114900053,215,356,-141
114900054,51,220,-169
114900057,253,5,248
114900058,0,97,-97
114900059,93,61,32
114900060,1423,908,515
114900061,139,220,-81
114900062,414,425,-11
114900063,55,233,-178
114900064,1423,574,849
114900065,430,753,-323
114900067,249,509,-260
114900068,70,180,-110
114900069,197,171,26
114900070,481,515,-34
114900072,6,382,-376
114900073,0,269,-269
114900074,629,792,-163
114900075,381,12,369
114900076,8,462,-454
114900080,2144,485,1659
114900082,3740,2077,1663
114900083,1555,1362,193
114900090,333,249,84
114900091,197,215,-18
114900095,438,149,289
114900096,583,811,-228
114900097,124,3,121
114900098,7,260,-253
114900099,243,10,233
115000001,6814,4852,1962
115000002,3727,4334,-607
115000003,5662,4031,1631
115000004,4067,6578,-2511
115000005,1895,2523,-628
115000006,1307,1849,-542
115000007,110,206,-96
115000008,512,458,54
115000009,179,255,-76
115000010,265,193,72
115000013,111,164,-53
115000015,71,321,-250
115000016,302,299,3
115000019,92,559,-467
115000020,146,753,-607
115000021,313,502,-189
115000022,656,533,123
115000023,463,718,-255
115000024,1450,652,798
115000025,999,967,32
115000026,180,511,-331
115000027,336,356,-20
115000028,307,1099,-792
115000029,672,189,483
115000030,1230,1419,-189
115000031,1511,613,898
115000032,12,294,-282
115000033,133,43,90
115000034,101,1452,-1351
115000035,1419,70,1349
115000036,4,502,-498
115000037,872,14,858
115000038,48,182,-134
115000039,4214,3986,228
115000040,8764,3679,5085
115000041,1433,3616,-2183
115000042,1330,844,486
115000043,4240,2388,1852
115000044,4343,4659,-316
115000045,2925,2248,677
115000046,2485,2636,-151
115000047,2175,1816,359
115000048,1646,2906,-1260
115000049,1850,4064,-2214
115000050,3279,2552,727
115000051,1889,3132,-1243
115000052,2447,2152,295
115000053,1873,1809,64
115000054,752,1432,-680
115000055,149,533,-384
115000056,260,587,-327
115000057,691,995,-304
115000058,543,313,230
115000059,293,193,100
115000061,225,174,51
115000062,189,301,-112
115000063,319,362,-43
115000064,209,144,65
115000065,36,461,-425
115000067,254,25,229
115000069,124,419,-295
115000070,49,1209,-1160
115000071,202,14,188
115000072,33,104,-71
115000073,1485,65,1420
115000075,93,92,1
115000076,4188,3601,587
115000077,3594,2870,724
115000078,1378,1608,-230
115000079,1788,2199,-411
115000080,2761,2921,-160
115000081,595,1320,-725
115000082,4329,4190,139
115000083,2390,2865,-475
115000084,2366,1403,963
115000085,914,1306,-392
115000086,1276,1150,126
115000087,525,1716,-1191
115000088,2041,920,1121
115000089,1532,1556,-24
115000090,648,1000,-352
115000091,263,1089,-826
115000092,535,359,176
115000093,549,6,543
115000094,7702,6258,1444
115000095,5464,6353,-889
115000096,778,1790,-1012
115000097,837,968,-131
115000098,1141,904,237
115000099,2709,3170,-461
115000100,1055,505,550
115000101,484,1813,-1329
115000102,407,250,157
115000103,365,817,-452
115000105,47,185,-138
115000106,657,375,282
115000107,238,556,-318
115000108,3874,2907,967
115000109,5130,4988,142
115000110,1770,1677,93
115000111,948,2348,-1400
115000112,979,851,128
115000113,954,1186,-232
115000114,2363,971,1392
115000116,5158,2984,2174
115000117,5077,4323,754
115000118,3732,2043,1689
115000119,3904,3224,680
115000120,739,1513,-774
115000121,1971,1301,670
115000122,6000,2276,3724
115000123,2286,2872,-586
115000124,1296,1080,216
115000125,727,834,-107
115000126,275,341,-66
115000127,452,170,282
115000128,612,829,-217
115000129,369,406,-37
115000130,512,1016,-504
115000131,948,342,606
115000132,481,529,-48
115000133,654,320,334
115000134,670,397,273
115000135,428,245,183
115000136,341,357,-16
115000137,183,270,-87
115000138,361,343,18
115000139,220,312,-92
115000140,434,277,157
115000141,256,360,-104
115000142,185,311,-126
115000143,735,757,-22
115000144,611,98,513
115000145,275,364,-89
115000146,772,433,339
115000147,687,591,96
115000148,328,1351,-1023
115000149,587,236,351
115000150,877,1199,-322
115000151,1226,725,501
115000152,888,1436,-548
115000153,1182,824,358
115000154,853,442,411
115000155,830,1174,-344
115000156,1331,852,479
115000157,1082,1011,71
115000158,1077,455,622
115000159,914,731,183
115000160,882,813,69
115000161,528,606,-78
115000162,940,936,4
115000163,674,762,-88
115000164,854,711,143
115000165,498,647,-149
115000167,204,91,113
115000168,713,442,271
115000169,701,454,247
115000170,182,156,26
115000171,298,253,45
115000172,1797,849,948
115000173,451,553,-102
115000174,443,444,-1
115000175,307,330,-23
115000176,291,245,46
115000177,286,243,43
115000178,44,307,-263
115000179,56,74,-18
115000180,153,653,-500
115000181,679,197,482
115000182,982,417,565
115000183,478,989,-511
115000186,781,403,378
115000187,247,919,-672
115000188,507,589,-82
115000189,253,578,-325
115000190,817,508,309
115000191,284,636,-352
115000194,207,209,-2
115000195,395,384,11
115000196,270,133,137
115000197,516,300,216
115000198,427,257,170
115000199,362,195,167
115000200,385,163,222
115000201,175,469,-294
115000206,564,96,468
115000207,144,397,-253
115000208,608,810,-202
115000209,1030,405,625
115000210,221,206,15
115000211,525,339,186
115000212,1552,390,1162
115000224,506,92,414
115000225,49,102,-53
115000229,240,164,76
115000230,139,465,-326
115000231,350,1927,-1577
115000232,1667,340,1327
115000233,193,327,-134
115000234,25,364,-339
115000241,80,299,-219
115000242,115,309,-194
115000243,55,242,-187
115000244,15,139,-124
115000246,35,31,4
115000247,37,15,22
115000248,35,30,5
115000249,26,25,1
115000250,281,34,247
115000251,335,192,143
115000252,117,318,-201
115000253,22,551,-529
115000258,349,250,99
115000259,422,220,202
115000261,40,33,7
115000262,20,23,-3
115000263,19,45,-26
115000264,47,34,13
115000267,91,67,24
115000268,38,146,-108
115000269,117,74,43
115000270,46,28,18
115000272,63,178,-115
115000273,410,27,383
115000280,2575,214,2361
115000281,826,716,110
115000282,2474,1015,1459
115000284,403,230,173
115000296,1134,21,1113
115000297,298,140,158
115000298,173,466,-293
115000300,249,231,18
115000302,590,201,389
115000303,750,207,543
115000304,822,113,709
115000305,138,911,-773
115000306,250,392,-142
115000307,136,230,-94
115000308,38,30,8
115000309,18,35,-17
115000310,941,1318,-377
115000311,925,1396,-471
115000313,156,781,-625
115000314,463,154,309
115000315,1015,433,582
115000316,74,133,-59
115000317,221,648,-427
115000318,910,407,503
115000319,52,352,-300
115000320,30,471,-441
115000321,462,25,437
115000322,53,275,-222
115000449,338,222,116
115000557,55,1089,-1034
115000558,540,119,421
115000587,483,531,-48
115000588,2433,3005,-572
115000589,3632,2698,934
115000590,1525,1531,-6
115000591,2056,811,1245
115000592,765,1855,-1090
115000593,1696,682,1014
115000594,1233,2497,-1264
115000609,135,179,-44
115000617,2687,3974,-1287
115000624,341,99,242
115000633,561,2522,-1961
115000634,2953,1167,1786
115000635,505,148,357
115000638,1007,792,215
115000641,48,116,-68
115000642,400,385,15
115000643,162,638,-476
115000644,191,584,-393
115000646,1097,1981,-884
115000647,251,629,-378
115000648,1859,2461,-602
115000893,3727,1517,2210
115000894,173,1295,-1122
115000895,461,901,-440
115000896,1197,361,836
115000897,677,151,526
115000898,1098,246,852
115000899,652,1099,-447
115000900,169,448,-279
115000901,82,161,-79
115000912,301,109,192
115000913,2,33,-31
115000915,28,0,28
115000916,9,0,9
115000917,0,24,-24
115000918,200,757,-557
115000919,17,32,-15
115000920,83,57,26
115000921,1019,211,808
115000922,862,737,125
115000923,380,927,-547
115000925,103,103,0
115000927,45,71,-26
115000933,200,192,8
115000934,167,282,-115
115000935,161,128,33
115900001,68,75,-7
115900002,109,150,-41
115900003,184,114,70
115900004,5,54,-49
115900005,154,8,146
115900006,196,317,-121
115900008,57,15,42
115900009,99,300,-201
115900010,395,227,168
115900011,799,332,467
115900012,170,84,86
115900013,462,184,278
115900014,196,248,-52
115900015,133,105,28
115900016,156,51,105
115900017,16,10,6
115900018,206,111,95
115900019,1063,36,1027
115900020,109,5,104
115900021,1708,210,1498
115900022,997,30,967
115900023,51,6,45
115900025,56,248,-192
115900026,997,351,646
115900027,1,373,-372
115900028,940,95,845
115900029,28,507,-479
115900030,45,37,8
115900031,398,462,-64
115900032,596,819,-223
115900033,2,100,-98
115900034,30,464,-434
115900035,34,30,4
115900036,88,763,-675
115900037,104,473,-369
115900038,58,25,33
115900039,227,272,-45
115900041,537,640,-103
115900042,32,9,23
115900043,108,115,-7
115900044,344,400,-56
115900046,281,368,-87
115900047,204,123,81
115900049,169,257,-88
115900051,3,67,-64
115900052,6,237,-231
115900053,249,229,20
115900054,238,89,149
115900055,31,140,-109
115900056,276,382,-106
115900057,50,9,41
115900058,54,79,-25
115900060,156,250,-94
115900061,220,2,218
115900062,62,365,-303
115900063,90,18,72
115900064,180,284,-104
115900065,130,220,-90
115900066,208,210,-2
115900067,14,737,-723
115900068,3405,972,2433
115900069,56,201,-145
115900070,161,286,-125
115900071,0,549,-549
115900072,64,241,-177
115900073,86,86,0
115900074,3,289,-286
115900075,68,315,-247
115900076,2,61,-59
115900077,14,304,-290
115900078,161,154,7
115900079,185,21,164
115900080,526,239,287
115900081,17,73,-56
115900082,164,245,-81
115900084,616,33,583
115900085,85,83,2
115900086,1700,733,967
115900088,32,76,-44
115900089,381,679,-298
115900090,355,28,327
115900091,17,63,-46
115900092,23,206,-183
115900093,5,23,-18
115900094,3,337,-334
115900096,9,33,-24
115900097,7,398,-391
115900098,156,421,-265
115900099,290,80,210
115900100,15,590,-575
115900101,127,249,-122
115900102,91,85,6
115900103,363,196,167
115900104,70,147,-77
115900105,275,790,-515
115900106,45,69,-24
115900107,132,117,15
115900108,111,90,21
115900109,57,470,-413
115900110,3,24,-21
115900111,1,111,-110
115900112,28,1036,-1008
115900113,56,83,-27
115900114,8,162,-154
115900115,85,252,-167
115900116,114,963,-849
115900117,48,21,27
115900118,2,267,-265
115900119,119,177,-58
115900120,38,400,-362
115900121,138,369,-231
115900124,754,705,49
115900125,316,84,232
115900126,614,111,503
115900127,789,62,727
115900128,14,254,-240
115900129,930,85,845
115900130,39,260,-221
115900131,604,36,568
115900132,669,16,653
115900134,337,14,323
115900135,458,1350,-892
115900137,32,4,28
115900139,72,61,11
115900140,230,30,200
115900141,15,49,-34
115900142,62,30,32
115900143,302,357,-55
115900144,78,250,-172
115900146,24,117,-93
115900147,306,276,30
115900148,120,13,107
115900149,86,45,41
115900150,98,59,39
115900151,20,85,-65
115900152,129,326,-197
115900153,170,237,-67
115900154,582,442,140
115900155,0,55,-55
115900156,680,1056,-376
115900157,151,499,-348
115900158,31,8,23
115900159,121,289,-168
115900160,12,7,5
115900161,151,267,-116
115900163,239,232,7
115900164,494,55,439
115900165,4,133,-129
115900166,266,242,24
115900168,84,182,-98
115900171,150,457,-307
115900172,49,139,-90
115900173,332,211,121
115900174,267,223,44
115900175,134,295,-161
115900178,10,628,-618
115900179,277,16,261
115900180,58,167,-109
115900181,171,269,-98
115900182,442,352,90
115900183,120,60,60
115900184,2144,16,2128
115900187,16,132,-116
115900189,2,334,-332
115900190,681,1553,-872
115900191,45,423,-378
115900192,5,130,-125
115900193,638,136,502
115900194,646,65,581
115900195,760,2084,-1324
115900198,305,375,-70
115900199,175,310,-135
115900200,425,608,-183
115900201,573,401,172
115900202,0,76,-76
115900203,7,11,-4
115900204,0,10,-10
115900205,82,43,39
115900206,174,214,-40
115900207,30,37,-7
115900208,153,200,-47
115900209,4,123,-119
115900210,8,169,-161
115900211,8,251,-243
115900212,160,345,-185
115900213,193,89,104
115900214,399,365,34
115900215,32,140,-108
115900216,7,118,-111
115900217,31,38,-7
115900218,8,42,-34
115900219,70,8,62
115900220,139,36,103
115900221,101,31,70
115900222,71,37,34
115900223,22,395,-373
115900224,1205,1053,152
115900225,76,55,21
115900226,37,63,-26
115900227,11,31,-20
115900228,21,43,-22
115900229,11,56,-45
115900230,63,128,-65
115900231,125,11,114
115900232,56,5,51
115900233,144,32,112
115900234,63,35,28
115900235,31,50,-19
115900236,263,50,213
115900237,74,47,27
115900238,163,39,124
115900239,35,39,-4
115900240,13,67,-54
115900241,224,161,63
115900242,293,398,-105
115900243,5,23,-18
115900244,37,22,15
115900245,50,13,37
115900246,10,16,-6
115900247,48,16,32
115900248,21,15,6
115900249,6,22,-16
115900250,13,61,-48
115900251,1,15,-14
115900252,2,5,-3
115900253,17,20,-3
115900254,15,23,-8
115900255,5,17,-12
115900256,31,22,9
115900257,15,14,1
115900258,1,0,1
115900259,3,5,-2
115900260,8,3,5
115900261,7,1,6
115900262,4,0,4
115900263,10,2,8
115900264,21,4,17
115900265,2,8,-6
115900266,4,43,-39
115900267,12,16,-4
115900268,6,12,-6
115900269,427,523,-96
115900270,451,503,-52
115900271,48,0,48
115900272,33,8,25
115900273,12,19,-7
115900274,6,17,-11
115900275,0,24,-24
115900276,0,35,-35
115900277,1,46,-45
115900278,37,101,-64
115900279,14,199,-185
115900280,11,420,-409
115900281,350,152,198
116000001,15061,6139,8922
116000002,5923,11530,-5607
116000003,1876,2149,-273
116000004,2413,3824,-1411
116000005,4008,3813,195
116000006,3244,2803,441
116000007,4384,4456,-72
116000008,6600,2523,4077
116000009,2197,3143,-946
116000010,2355,1759,596
116000011,1143,2401,-1258
116000012,1793,1273,520
116000013,10557,5270,5287
116000014,14324,10514,3810
116000015,508,1567,-1059
116000016,7546,3982,3564
116000017,37,889,-852
116000018,994,431,563
116000019,1054,389,665
116000020,750,1072,-322
116000021,493,312,181
116000022,475,404,71
116000023,1179,901,278
116000024,964,984,-20
116000025,954,986,-32
116000026,2162,3342,-1180
116000027,1153,793,360
116000028,529,891,-362
116000029,994,987,7
116000030,1010,578,432
116000031,245,412,-167
116000032,447,216,231
116000033,350,602,-252
116000034,767,991,-224
116000035,414,945,-531
116000036,2476,1412,1064
116000037,844,654,190
116000038,542,565,-23
116000039,751,457,294
116000040,947,353,594
116000041,261,599,-338
116000042,562,338,224
116000043,147,719,-572
116000044,20,81,-61
116000045,2046,1474,572
116000046,1326,2022,-696
116000047,2045,2583,-538
116000048,2214,1965,249
116000049,1489,3458,-1969
116000050,1649,1735,-86
116000051,7177,3183,3994
116000052,6858,6239,619
116000053,2292,1037,1255
116000054,859,3299,-2440
116000055,681,1251,-570
116000056,951,1282,-331
116000057,3778,2216,1562
116000058,4420,3597,823
116000059,4638,6128,-1490
116000060,2709,1114,1595
116000061,445,949,-504
116000062,730,307,423
116000063,689,1136,-447
116000066,285,652,-367
116000067,306,538,-232
116000068,255,377,-122
116000069,348,551,-203
116000078,602,1209,-607
116000080,2023,1304,719
116000082,6,80,-74
116000083,1609,467,1142
116000084,2810,4828,-2018
116000085,2672,2295,377
116000086,2096,1354,742
116000087,1893,1679,214
116000088,815,1291,-476
116000089,234,127,107
116000090,100,180,-80
116000091,755,295,460
116000093,1123,543,580
116000094,829,908,-79
116000095,996,721,275
116000096,804,1906,-1102
116000097,1381,922,459
116000098,68,7310,-7242
116000099,7660,299,7361
116000100,317,26,291
116000101,965,1165,-200
116000102,322,1770,-1448
116000103,580,351,229
116000104,268,1726,-1458
116000105,1301,195,1106
116000106,946,1046,-100
116000107,3538,426,3112
116000108,664,208,456
116000111,170,55,115
116000113,196,135,61
116000114,55,195,-140
116000115,412,187,225
116000116,366,684,-318
116000117,1544,2199,-655
116000118,1716,1654,62
116000119,3647,2162,1485
116000120,3244,5248,-2004
116000121,981,630,351
116000122,1368,2157,-789
116000123,1219,562,657
116000124,526,1353,-827
116000125,3391,963,2428
116000126,462,1976,-1514
116000127,1160,1715,-555
116000128,1853,1013,840
116000129,1333,307,1026
116000130,600,507,93
116000133,1050,1018,32
116000134,2049,2767,-718
116000135,2603,1656,947
116000136,1394,2696,-1302
116000137,1202,815,387
116000138,1215,811,404
116000139,2524,2472,52
116000140,139,221,-82
116000141,355,844,-489
116000142,3517,3291,226
116000143,1711,1832,-121
116000144,1710,2609,-899
116000145,1590,1311,279
116000146,459,295,164
116000147,222,186,36
116000148,571,638,-67
116000149,861,923,-62
116000151,642,711,-69
116000153,131,413,-282
116000155,289,273,16
116000156,1155,1432,-277
116000157,71,25,46
116000158,385,383,2
116000159,18,14,4
116000160,20,96,-76
116000161,13,123,-110
116000162,143,95,48
116000163,36,24,12
116000164,16,44,-28
116000177,713,137,576
116000194,101,539,-438
116000195,1594,771,823
116000196,28,23,5
116000197,17,13,4
116000198,3119,1396,1723
116000200,887,381,506
116000201,767,807,-40
116000202,10,325,-315
116000203,1,135,-134
116000204,31,100,-69
116000205,0,207,-207
116000206,0,133,-133
116000207,7,81,-74
116000233,248,545,-297
116000287,206,548,-342
116000288,249,253,-4
116000292,87,198,-111
116000296,29,251,-222
116000297,128,39,89
116000304,163,28,135
116000305,19,131,-112
116000346,259,160,99
116000352,143,58,85
116000354,37,13,24
116000357,15,27,-12
116000358,426,57,369
116000361,78,0,78
116000372,6246,3865,2381
116000381,81,2,79
116000388,2,75,-73
116000389,1180,735,445
116000445,427,660,-233
116000446,594,809,-215
116000447,52,619,-567
116000448,605,250,355
116000563,1458,1153,305
116000565,68,511,-443
116000568,76,434,-358
116000579,55,164,-109
116000584,18,9,9
116000585,42,18,24
116000586,134,202,-68
116000587,656,944,-288
116000589,58,90,-32
116000590,115,102,13
116000591,224,305,-81
116000592,15,155,-140
116000593,0,26,-26
116000594,597,589,8
116000595,854,221,633
116000596,71,6,65
116000597,395,113,282
116000598,37,235,-198
116000602,91,577,-486
116000605,742,176,566
116000606,143,314,-171
116000607,20,79,-59
116000609,264,858,-594
116000611,144,592,-448
116000612,700,2026,-1326
116000613,665,341,324
116000614,488,754,-266
116000615,3,384,-381
116000616,77,140,-63
116000617,84,58,26
116000618,3,105,-102
116000619,85,97,-12
116000620,103,105,-2
116000621,55,156,-101
116000622,63,181,-118
116000624,247,113,134
116000627,10,29,-19
116000628,34,266,-232
116000629,24,326,-302
116000630,358,23,335
116000631,58,26,32
116000632,511,207,304
116000633,53,459,-406
116000634,573,34,539
116000635,2255,1806,449
116900001,343,221,122
116900002,286,5,281
116900003,30,76,-46
116900004,40,73,-33
116900005,300,98,202
116900006,146,285,-139
116900007,141,258,-117
116900008,444,353,91
116900009,26,13,13
116900010,3,1604,-1601
116900011,19,50,-31
116900012,551,310,241
116900013,4,243,-239
116900014,127,296,-169
116900015,456,85,371
116900016,258,1,257
116900017,3,672,-669
116900018,58,43,15
116900019,8,343,-335
116900020,1172,1120,52
116900023,107,21,86
116900024,670,61,609
116900025,1207,1181,26
116900026,188,737,-549
116900027,32,42,-10
116900028,9,117,-108
116900029,0,45,-45
116900031,6,8,-2
116900032,8,396,-388
116900033,9,15,-6
116900034,31,66,-35
116900035,163,239,-76
116900036,4,140,-136
116900038,71,1,70
116900041,39,37,2
116900042,704,286,418
116900043,29,88,-59
116900045,298,102,196
116900047,42,139,-97
116900049,34,381,-347
116900050,157,495,-338
116900051,167,229,-62
116900052,232,76,156
116900055,1,21,-20
116900057,19,288,-269
116900058,56,440,-384
116900059,4,222,-218
116900060,214,220,-6
116900062,14,44,-30
116900064,72,753,-681
116900065,67,137,-70
116900067,166,129,37
116900068,138,284,-146
116900070,4,7,-3
116900072,45,452,-407
116900073,15,158,-143
116900074,5,71,-66
116900076,14,45,-31
116900077,12,170,-158
116900078,235,119,116
116900079,43,265,-222
116900080,15,34,-19
116900081,544,1529,-985
116900082,525,1194,-669
116900083,63,46,17
116900084,164,63,101
116900085,63,197,-134
116900086,53,235,-182
116900088,461,185,276
116900090,180,45,135
116900091,500,56,444
116900092,105,755,-650
116900093,1974,2376,-402
116900094,5495,3982,1513
116900095,206,154,52
116900096,162,586,-424
116900097,3710,2969,741
116900098,929,382,547
116900099,1056,900,156
116900100,820,42,778
116900101,413,595,-182
116900103,10,0,10
116900104,156,132,24
116900105,232,116,116
116900106,1778,229,1549
116900107,4194,2919,1275
116900110,27,3,24
116900111,499,914,-415
116900112,315,1102,-787
116900113,2328,1401,927
116900116,160,594,-434
116900117,166,143,23
116900118,800,914,-114
116900120,547,103,444
116900121,215,34,181
116900122,1074,1013,61
116900123,273,1046,-773
116900124,215,1143,-928
116900125,365,329,36
116900126,242,701,-459
116900128,0,40,-40
116900129,3,378,-375
116900130,847,3390,-2543
116900131,142,426,-284
116900132,57,149,-92
116900133,152,175,-23
116900134,266,385,-119
116900136,442,255,187
116900137,366,198,168
116900138,303,189,114
116900139,182,526,-344
116900140,218,162,56
116900141,1027,655,372
116900142,4,63,-59
116900143,406,447,-41
116900144,55,103,-48
116900145,141,284,-143
116900147,675,494,181
116900148,12,50,-38
116900149,58,260,-202
116900150,19,15,4
116900151,27,14,13
116900153,148,89,59
116900154,889,700,189
116900155,180,92,88
116900157,591,333,258
116900158,145,344,-199
116900159,135,365,-230
116900160,1212,820,392
116900161,7579,6017,1562
116900162,15,108,-93
116900163,210,187,23
116900164,123,97,26
116900165,243,321,-78
116900166,31,91,-60
116900167,478,88,390
116900168,332,108,224
116900169,839,589,250
116900170,334,727,-393
116900171,52,189,-137
116900172,197,301,-104
116900173,279,42,237
116900174,87,42,45
116900175,274,247,27
116900178,20,161,-141
116900179,119,240,-121
116900180,163,40,123
116900182,438,449,-11
116900183,163,171,-8
116900185,44,57,-13
116900186,74,328,-254
116900187,79,70,9
116900188,152,36,116
116900189,203,3,200
116900191,469,917,-448
116900192,340,211,129
116900194,182,1251,-1069
116900195,46,26,20
116900196,10,119,-109
116900197,134,40,94
116900198,221,213,8
116900200,69,44,25
116900201,137,15,122
116900202,193,78,115
116900203,154,17,137
116900204,47,92,-45
116900206,4,12,-8
116900207,25,31,-6
116900208,18,125,-107
116900209,30,139,-109
116900210,585,414,171
116900211,364,9,355
116900212,58,79,-21
116900213,300,170,130
116900214,221,248,-27
116900215,65,73,-8
116900216,240,304,-64
116900218,24,327,-303
116900219,1638,522,1116
116900220,122,294,-172
116900221,95,472,-377
116900222,360,496,-136
116900223,125,446,-321
116900226,121,88,33
116900227,162,84,78
116900228,339,281,58
116900230,69,270,-201
116900231,25,465,-440
116900232,17,462,-445
116900233,282,130,152
116900234,23,22,1
116900235,183,397,-214
116900238,1994,411,1583
116900239,40,1882,-1842
116900240,6574,3419,3155
116900241,113,184,-71
116900242,333,734,-401
116900243,1,109,-108
116900245,41,33,8
116900246,115,24,91
116900247,905,116,789
116900248,110,58,52
116900249,370,132,238
116900250,876,61,815
116900251,511,573,-62
116900252,226,1003,-777
116900253,133,99,34
116900254,29,116,-87
116900255,121,70,51
116900256,384,155,229
116900257,49,551,-502
116900258,5,277,-272
116900259,386,45,341
116900260,5,125,-120
116900261,65,6,59
116900262,482,208,274
116900263,0,24,-24
116900264,2,8,-6
116900265,28,0,28
116900266,17,60,-43
116900267,3,1,2
116900268,434,141,293
116900269,352,710,-358
116900271,2022,188,1834
116900272,364,383,-19
116900273,289,82,207
116900274,82,70,12
116900275,176,105,71
116900276,605,133,472
116900277,715,55,660
116900278,2,17,-15
116900279,6,49,-43
116900280,66,50,16
116900281,7085,4267,2818
116900282,3,128,-125
116900283,19,137,-118
116900284,38,227,-189
116900285,318,155,163
116900286,281,29,252
116900287,7,60,-53
116900288,85,135,-50
116900289,12,11,1
116900290,1,35,-34
116900291,25,5,20
116900292,0,13,-13
116900293,56,65,-9
116900294,22,155,-133
116900295,86,40,46
116900296,36,45,-9
116900297,11,78,-67
116900298,102,44,58
116900299,26,34,-8
116900300,0,56,-56
116900301,46,62,-16
116900302,36,71,-35
116900303,305,115,190
116900304,0,188,-188
116900305,23,26,-3
116900306,167,67,100
117000001,1994,1724,270
117000002,2429,5296,-2867
117000003,6855,3816,3039
117000004,4579,6022,-1443
117000005,2227,2141,86
117000006,1470,3759,-2289
117000007,3787,1353,2434
117000008,1232,4291,-3059
117000009,5648,2312,3336
117000010,3350,5038,-1688
117000011,2673,2075,598
117000012,1478,1578,-100
117000013,2191,1088,1103
117000014,1198,2567,-1369
117000015,3295,1565,1730
117000016,416,77,339
117000017,380,127,253
117000018,189,574,-385
117000019,122,2,120
117000020,454,1562,-1108
117000021,2273,471,1802
117000022,649,104,545
117000023,433,160,273
117000024,407,256,151
117000025,664,996,-332
117000026,2580,1317,1263
117000027,3723,5842,-2119
117000028,5414,2252,3162
117000030,693,630,63
117000031,362,266,96
117000032,2179,1459,720
117000033,1701,1464,237
117000034,381,368,13
117000035,356,267,89
117000036,457,396,61
117000037,243,227,16
117000038,253,756,-503
117000039,382,266,116
117000040,247,1272,-1025
117000041,1008,203,805
117000044,17,909,-892
117000045,344,112,232
117000046,441,761,-320
117000047,861,762,99
117000048,2354,1337,1017
117000049,205,717,-512
117000050,145,2253,-2108
117000051,2251,202,2049
117000052,69,380,-311
117000053,635,81,554
117000054,2125,20,2105
117000055,16,3843,-3827
117000056,814,28,786
117000057,697,2942,-2245
117000060,758,1733,-975
117000061,1760,1143,617
117000062,306,789,-483
117000063,1980,1246,734
117000064,931,1008,-77
117000066,1468,1189,279
117000067,183,604,-421
117000074,264,186,78
117000076,165,52,113
117000077,174,195,-21
117000078,155,865,-710
117000079,695,332,363
117000080,0,361,-361
117000081,1228,171,1057
117000082,28,120,-92
117000083,175,5,170
117000084,263,6,257
117000085,363,815,-452
117000086,1362,550,812
117000087,114,549,-435
117000088,291,215,76
117000089,1654,332,1322
117000090,363,1428,-1065
117000091,857,333,524
117000092,419,1507,-1088
117000093,1143,861,282
117000094,1645,3437,-1792
117000095,3655,1133,2522
117000096,861,2852,-1991
117000097,1436,1309,127
117000098,2947,5574,-2627
117000099,3626,1608,2018
117000100,229,393,-164
117000101,233,1473,-1240
117000102,1778,751,1027
117000103,803,2147,-1344
117000104,1452,784,668
117000105,982,1919,-937
117000106,1192,990,202
117000107,681,2330,-1649
117000108,1601,1015,586
117000109,1889,3271,-1382
117000110,1655,1091,564
117000111,4073,4903,-830
117000112,3754,2261,1493
117000113,324,401,-77
117000114,284,208,76
117000115,273,159,114
117000116,158,283,-125
117000117,2030,1410,620
117000118,269,137,132
117000119,260,176,84
117000120,216,522,-306
117000121,230,1331,-1101
117000122,372,675,-303
117000123,1883,60,1823
117000124,1083,80,1003
117000125,439,118,321
117000126,64,24,40
117000127,194,351,-157
117000128,517,994,-477
117000129,268,89,179
117000130,75,0,75
117000131,1,75,-74
117000132,3276,12,3264
117000133,1414,129,1285
117000134,0,83,-83
117000135,3,35,-32
117000136,3,33,-30
117000137,96,202,-106
117000138,4,891,-887
117000140,516,2074,-1558
117000141,1632,688,944
117000181,816,593,223
117000182,299,831,-532
117000195,287,1365,-1078
117000196,337,119,218
117000225,79,15,64
117000226,40,175,-135
117000276,326,15,311
117000277,2,471,-469
117000310,2135,2590,-455
117000315,58,739,-681
117000320,58,0,58
117000906,289,15,274
117000907,28,384,-356
117000908,13,36,-23
117000909,34,32,2
117000910,230,199,31
117000911,102,174,-72
117000915,9,601,-592
117000916,56,6,50
117000917,1342,38,1304
117000918,97,83,14
117000919,16,174,-158
117000920,6,1562,-1556
117000921,3,1580,-1577
117000922,59,179,-120
117000924,575,928,-353
117000926,1209,103,1106
117000927,2889,1341,1548
117000928,0,175,-175
117000929,320,363,-43
117000930,217,11,206
117000931,870,180,690
117900002,146,546,-400
117900003,1098,637,461
117900005,1,39,-38
117900006,1,63,-62
117900007,211,131,80
117900008,0,48,-48
117900010,258,105,153
117900011,102,101,1
117900012,85,134,-49
117900013,0,266,-266
117900014,422,146,276
117900015,8,99,-91
117900016,1627,1059,568
117900017,583,256,327
117900018,360,126,234
117900019,438,304,134
117900020,68,506,-438
117900021,55,79,-24
117900022,42,18,24
117900023,825,150,675
117900024,72,91,-19
117900025,36,15,21
117900026,481,300,181
117900028,60,7,53
117900029,305,694,-389
117900030,588,326,262
117900031,179,110,69
117900032,1237,629,608
117900033,231,633,-402
117900034,39,22,17
117900035,311,118,193
117900036,259,430,-171
117900037,133,315,-182
117900038,34,454,-420
117900039,6,100,-94
117900040,195,667,-472
117900041,13,95,-82
117900042,5135,536,4599
117900043,38,83,-45
117900044,81,2894,-2813
117900045,280,162,118
117900048,300,394,-94
117900049,246,515,-269
117900050,8,52,-44
117900051,55,4,51
117900052,50,389,-339
117900053,1583,755,828
117900054,2,35,-33
117900055,241,151,90
117900056,440,40,400
117900057,1516,1507,9
117900058,228,19,209
117900059,363,110,253
117900060,2290,7404,-5114
117900061,31,197,-166
117900063,457,224,233
117900065,1517,1531,-14
117900066,19,66,-47
117900067,434,216,218
117900069,732,370,362
117900070,298,24,274
117900071,78,143,-65
117900073,513,407,106
117900074,117,38,79
117900075,78,113,-35
117900076,13,48,-35
117900077,500,216,284
117900078,401,928,-527
117900080,119,62,57
117900081,638,500,138
117900082,470,415,55
117900083,348,438,-90
117900086,100,32,68
117900087,369,223,146
117900088,4213,2833,1380
117900089,2465,786,1679
117900090,385,467,-82
117900091,239,239,0
117900092,61,47,14
117900093,136,243,-107
117900094,55,22,33
117900095,244,364,-120
117900096,144,287,-143
117900097,309,347,-38
117900098,56,14,42
117900099,155,225,-70
117900100,233,6,227
117900101,460,1907,-1447
117900102,60,193,-133
117900103,111,7,104
117900104,11,115,-104
117900105,166,281,-115
117900106,153,108,45
117900107,33,2,31
117900109,601,433,168
117900110,375,19,356
117900111,519,43,476
117900112,126,31,95
117900113,4177,2008,2169
117900114,20,0,20
117900115,464,99,365
117900116,1081,1184,-103
117900117,721,579,142
117900118,103,0,103
117900119,150,279,-129
117900120,207,102,105
117900121,271,39,232
117900122,2127,4055,-1928
117900123,709,446,263
117900124,2120,986,1134
117900125,2142,2158,-16
117900126,312,681,-369
117900127,504,675,-171
117900128,436,849,-413
117900129,156,2,154
117900130,2584,593,1991
117900131,18,168,-150
117900132,21,122,-101
117900133,11,151,-140
117900134,83,312,-229
117900135,45,245,-200
117900136,0,42,-42
117900137,76,476,-400
117900138,0,60,-60
117900139,142,238,-96
117900140,3505,339,3166
117900141,281,201,80
117900142,222,32,190
117900144,115,238,-123
117900145,84,37,47
117900146,195,154,41
117900147,74,88,-14
117900148,3345,1619,1726
117900149,233,270,-37
117900150,107,72,35
117900151,43,103,-60
117900152,86,91,-5
117900153,38,127,-89
117900154,408,767,-359
117900156,1245,998,247
117900157,130,707,-577
117900158,286,226,60
117900160,731,774,-43
117900161,3411,2923,488
117900162,375,482,-107
117900163,69,133,-64
117900165,0,19,-19
117900166,160,581,-421
117900168,20,214,-194
117900169,1,144,-143
117900170,7,47,-40
117900171,2,36,-34
117900172,20,60,-40
117900173,166,81,85
117900174,46,88,-42
117900175,5,68,-63
117900176,18,45,-27
117900177,39,53,-14
117900178,262,50,212
117900180,243,79,164
117900181,189,502,-313
117900182,11,96,-85
117900183,56,199,-143
117900184,51,81,-30
117900185,51,64,-13
117900186,79,34,45
117900187,11,11,0
117900188,211,66,145
117900189,74,51,23
117900190,58,11,47
117900191,124,1,123
117900192,390,8,382
117900193,55,99,-44
117900194,20,14,6
117900195,157,72,85
117900196,27,98,-71
117900207,232,186,46
117900208,27,53,-26
117900209,210,234,-24
117900210,167,284,-117
117900211,16,326,-310
117900212,164,211,-47
117900213,30,19,11
117900214,20,34,-14
117900215,13,25,-12
117900216,12,13,-1
117900217,85,366,-281
117900218,82,123,-41
117900219,15,149,-134
117900220,117,87,30
118000001,870,1212,-342
118000002,1241,2389,-1148
118000003,2690,3466,-776
118000004,4620,3169,1451
118000005,6664,6130,534
118000006,8513,11614,-3101
118000007,7395,4339,3056
118000008,6049,4881,1168
118000009,2392,4582,-2190
118000010,8136,5528,2608
118000011,1716,3201,-1485
118000012,1806,2831,-1025
118000013,3439,3187,252
118000014,3367,3505,-138
118000016,245,593,-348
118000017,545,508,37
118000018,576,747,-171
118000019,3050,1705,1345
118000020,2145,4004,-1859
118000021,872,3656,-2784
118000022,2368,969,1399
118000023,1099,283,816
118000024,2517,1414,1103
118000025,101,156,-55
118000027,18832,14545,4287
118000029,1459,925,534
118000032,1658,4272,-2614
118000033,4107,6656,-2549
118000034,7385,3147,4238
118000035,2165,3311,-1146
118000036,1386,1390,-4
118000037,962,1017,-55
118000038,237,103,134
118000039,148,286,-138
118000040,2090,1557,533
118000041,2517,1718,799
118000045,932,272,660
118000046,1973,647,1326
118000047,1194,993,201
118000048,4048,2356,1692
118000051,3191,2318,873
118000052,2024,1076,948
118000053,797,1511,-714
118000054,3007,3336,-329
118000055,2559,3393,-834
118000056,1814,650,1164
118000057,635,799,-164
118000058,5044,2219,2825
118000059,2699,1329,1370
118000060,1343,747,596
118000061,2268,1727,541
118000062,766,490,276
118000063,461,722,-261
118000064,1033,1339,-306
118000065,5321,2200,3121
118000066,989,1782,-793
118000067,1759,1135,624
118000068,2553,5076,-2523
118000069,5642,1593,4049
118000070,6371,2447,3924
118000071,4093,7329,-3236
118000072,2371,1511,860
118000073,3084,765,2319
118000074,650,729,-79
118000075,1436,500,936
118000076,1884,2481,-597
118000077,1528,1425,103
118000078,1981,2487,-506
118000079,375,532,-157
118000080,1381,1099,282
118000081,2096,1332,764
118000082,347,1404,-1057
118000083,2139,2004,135
118000084,4317,2013,2304
118000086,354,641,-287
118000087,5544,3003,2541
118000088,2181,1933,248
118000089,4048,2594,1454
118000090,2608,3170,-562
118000091,1459,2430,-971
118000092,1237,593,644
118000093,135,861,-726
118000096,559,845,-286
118000097,955,757,198
118000098,258,229,29
118000099,635,903,-268
118000101,1071,399,672
118000102,450,1660,-1210
118000107,2459,642,1817
118000108,817,2134,-1317
118000110,0,24,-24
118000111,3,388,-385
118000112,462,3,459
118000113,7,767,-760
118000114,482,22,460
118000115,21,7,14
118000116,40,1,39
118000117,1222,876,346
118000118,977,861,116
118000119,1121,1153,-32
118000120,1849,1639,210
118000121,149,765,-616
118000122,1520,398,1122
118000123,74,284,-210
118000125,1896,1122,774
118000126,713,1601,-888
118000127,2064,739,1325
118000128,887,1328,-441
118000129,1149,586,563
118000130,2810,3957,-1147
118000131,1018,979,39
118000132,2682,2002,680
118000133,917,509,408
118000135,760,426,334
118000136,148,492,-344
118000137,677,132,545
118000138,577,770,-193
118000139,374,135,239
118000140,3417,4952,-1535
118000141,2258,2133,125
118000142,1862,1824,38
118000143,2303,1362,941
118000144,1843,1082,761
118000145,2074,2484,-410
118000146,1361,1153,208
118000147,973,2034,-1061
118000148,592,1361,-769
118000149,1073,1205,-132
118000150,533,271,262
118000151,563,488,75
118000153,1505,1409,96
118000154,1406,1827,-421
118000155,1390,1598,-208
118000156,2519,3076,-557
118000157,664,483,181
118000158,267,555,-288
118000159,18,102,-84
118000160,569,448,121
118000161,537,1018,-481
118000162,2291,1069,1222
118000163,1150,1013,137
118000164,2418,1731,687
118000168,1645,691,954
118000169,1227,1347,-120
118000170,5671,8391,-2720
118000171,381,1038,-657
118000172,115,396,-281
118000173,1189,1518,-329
118000175,389,368,21
118000176,310,428,-118
118000177,277,633,-356
118000178,53,52,1
118000179,1611,1498,113
118000180,1180,893,287
118000181,914,412,502
118000182,355,292,63
118000183,246,352,-106
118000184,947,849,98
118000185,1726,1413,313
118000186,1145,1409,-264
118000187,1425,984,441
118000188,587,251,336
118000189,765,1024,-259
118000190,13,21,-8
118000191,30,34,-4
118000192,698,696,2
118000193,545,790,-245
118000194,1540,1236,304
118000195,1302,1253,49
118000196,526,218,308
118000197,441,221,220
118000198,627,776,-149
118000199,579,477,102
118000200,112,292,-180
118000201,467,547,-80
118000202,108,73,35
118000203,1457,730,727
118000204,178,387,-209
118000205,304,380,-76
118000206,277,207,70
118000207,0,71,-71
118000208,1354,1868,-514
118000209,2278,2233,45
118000210,97,50,47
118000211,15,40,-25
118000213,1438,1855,-417
118000214,697,635,62
118000215,419,182,237
118000216,2473,3561,-1088
118000217,39,176,-137
118000218,90,162,-72
118000219,603,381,222
118000220,4,90,-86
118000221,226,364,-138
118000222,84,12,72
118000223,52,42,10
118000224,268,176,92
118000225,125,766,-641
118000226,1177,219,958
118000227,1003,442,561
118000228,215,303,-88
118000229,229,80,149
118000230,151,291,-140
118000231,114,207,-93
118000232,904,1030,-126
118000233,1291,927,364
118000234,603,344,259
118000236,497,366,131
118000237,133,529,-396
118000238,285,245,40
118000239,294,308,-14
118000240,615,188,427
118000241,207,230,-23
118000242,406,846,-440
118000243,323,316,7
118000244,56,146,-90
118000246,0,23,-23
118000255,78,250,-172
118000256,114,289,-175
118000259,30,80,-50
118000260,234,140,94
118000261,34,86,-52
118000263,127,222,-95
118000266,116,321,-205
118000267,0,140,-140
118000268,366,6,360
118000270,86,42,44
118000271,170,365,-195
118000272,223,67,156
118000273,191,82,109
118000274,110,372,-262
118000276,584,406,178
118000295,11,156,-145
118000298,170,359,-189
118000299,74,181,-107
118000301,0,58,-58
118000302,97,125,-28
118000311,510,145,365
118000312,328,228,100
118000313,59,189,-130
118000314,66,57,9
118000315,73,78,-5
118000316,786,611,175
118000325,61,84,-23
118000326,67,49,18
118000331,39,67,-28
118000332,23,71,-48
118000333,34,94,-60
118000335,283,0,283
118000336,0,292,-292
118000407,166,120,46
118000457,11,27,-16
118000465,4557,4736,-179
118000480,42,113,-71
118000489,97,342,-245
118000490,98,366,-268
118000492,363,209,154
118000510,115,26,89
118000514,207,364,-157
118000515,847,676,171
118000517,404,291,113
118000524,505,274,231
118000525,1013,1006,7
118000530,37,101,-64
118000531,302,317,-15
118000532,215,415,-200
118000533,391,162,229
118000534,595,585,10
118000535,291,177,114
118000536,1097,1812,-715
118000537,30,192,-162
118000538,45,77,-32
118000539,10,99,-89
118000540,317,194,123
118000541,185,68,117
118000542,114,210,-96
118000543,245,241,4
118000546,46,34,12
118000560,3462,2405,1057
118000562,13,188,-175
118000563,2161,1522,639
118000576,142,151,-9
118000577,135,153,-18
118000578,114,96,18
118000579,669,1269,-600
118000595,200,92,108
118000596,0,64,-64
118000597,94,118,-24
118000598,12,3,9
118000599,75,28,47
118000600,3,56,-53
118000601,15,0,15
118000602,0,39,-39
118000603,1,13,-12
118900001,865,1689,-824
118900002,1085,920,165
118900003,503,21,482
118900004,84,78,6
118900005,99,8,91
118900006,128,6,122
118900007,6,4,2
118900008,1841,72,1769
118900009,70,34,36
118900010,90,9,81
118900011,219,53,166
118900012,468,230,238
118900013,550,152,398
118900015,262,138,124
118900016,14,17,-3
118900017,312,389,-77
118900018,982,39,943
118900019,75,34,41
118900020,323,184,139
118900021,199,426,-227
118900022,141,120,21
118900023,221,103,118
118900024,107,213,-106
118900025,81,35,46
118900026,51,84,-33
118900027,549,212,337
118900028,216,192,24
118900029,305,433,-128
118900030,419,91,328
118900031,151,135,16
118900032,195,228,-33
118900033,445,490,-45
118900034,264,35,229
118900035,150,189,-39
118900036,1281,938,343
118900037,501,288,213
118900038,453,248,205
118900039,533,256,277
118900040,211,237,-26
118900041,723,245,478
118900042,261,110,151
118900045,401,174,227
118900046,1151,449,702
118900047,724,279,445
118900048,211,230,-19
118900049,65,68,-3
118900050,28,154,-126
118900051,73,101,-28
118900052,373,244,129
118900053,85,140,-55
118900054,126,75,51
118900055,122,136,-14
118900056,54,325,-271
118900057,824,553,271
118900058,429,334,95
118900059,24,88,-64
118900060,333,148,185
118900062,498,228,270
118900064,812,710,102
118900065,61,174,-113
118900066,106,106,0
118900067,5660,3332,2328
118900068,28,223,-195
118900069,357,373,-16
118900071,17,110,-93
118900072,406,451,-45
118900073,91,149,-58
118900074,99,167,-68
118900075,96,115,-19
118900076,237,134,103
118900077,320,222,98
118900078,44,10,34
118900079,48,193,-145
118900080,30,165,-135
118900081,118,48,70
118900082,614,261,353
118900083,54,11,43
118900084,36,32,4
118900085,753,1122,-369
118900086,41,82,-41
118900087,29,209,-180
118900088,0,20,-20
118900089,32,28,4
118900090,466,523,-57
118900091,249,259,-10
118900092,167,145,22
118900093,135,26,109
118900096,91,37,54
118900097,292,599,-307
118900099,122,267,-145
118900100,181,264,-83
118900101,137,1024,-887
118900102,73,106,-33
118900103,93,118,-25
118900104,267,187,80
118900105,304,193,111
118900107,328,178,150
118900108,96,171,-75
118900109,107,68,39
118900110,1689,773,916
118900111,693,519,174
118900112,62,191,-129
118900113,183,541,-358
118900114,24,120,-96
118900115,200,660,-460
118900116,164,271,-107
118900117,77,185,-108
118900118,295,379,-84
118900119,127,283,-156
118900120,99,385,-286
118900121,7,230,-223
118900122,18,990,-972
118900123,230,276,-46
118900124,59,261,-202
118900126,28,410,-382
118900129,269,248,21
118900130,28,193,-165
118900131,190,333,-143
118900132,451,263,188
118900133,17,166,-149
118900135,268,328,-60
118900136,223,569,-346
118900137,17,50,-33
118900139,210,410,-200
118900140,415,695,-280
118900141,131,179,-48
118900144,134,436,-302
118900145,343,168,175
118900146,406,830,-424
118900147,289,158,131
118900148,107,82,25
118900150,159,577,-418
118900152,697,1034,-337
118900157,133,174,-41
118900158,89,88,1
118900159,7,284,-277
118900161,97,16,81
118900163,135,199,-64
118900164,7,191,-184
118900165,91,351,-260
118900166,60,6,54
118900167,104,172,-68
118900168,16,199,-183
118900169,154,591,-437
118900170,173,200,-27
118900171,28,55,-27
118900174,82,78,4
118900175,447,626,-179
118900176,170,280,-110
118900177,104,103,1
118900178,68,265,-197
118900179,5,43,-38
118900181,108,84,24
118900182,256,55,201
118900183,51,142,-91
118900184,399,216,183
118900185,128,129,-1
118900186,146,130,16
118900187,211,342,-131
118900188,336,330,6
118900189,43,851,-808
118900190,10,357,-347
118900191,131,67,64
118900192,155,23,132
118900193,369,17,352
118900195,336,847,-511
118900196,47,149,-102
118900197,123,59,64
118900198,41,33,8
118900199,93,55,38
118900200,28,23,5
118900201,33,44,-11
118900202,22,70,-48
118900203,22,54,-32
118900204,28,40,-12
118900205,2,20,-18
118900206,9,30,-21
119000001,1490,1955,-465
119000002,5269,3840,1429
119000003,2535,1340,1195
119000004,3045,1521,1524
119000005,2090,2060,30
119000006,2829,1652,1177
119000007,3648,3709,-61
119000008,2341,2384,-43
119000009,4204,4704,-500
119000010,7619,5127,2492
119000011,5154,3214,1940
119000012,4236,4148,88
119000013,2732,1769,963
119000014,2685,4173,-1488
119000019,370,216,154
119000020,2626,1587,1039
119000021,4765,2879,1886
119000022,3865,3050,815
119000023,323,307,16
119000024,1955,11054,-9099
119000025,8841,1644,7197
119000026,215,531,-316
119000027,360,488,-128
119000028,2336,1326,1010
119000029,120,460,-340
119000030,686,1269,-583
119000031,910,1005,-95
119000032,2893,2983,-90
119000033,2724,1827,897
119000034,1252,1386,-134
119000035,46,432,-386
119000036,1645,947,698
119000037,1382,2170,-788
119000038,181,1290,-1109
119000039,302,416,-114
119000040,1566,816,750
119000041,1479,1393,86
119000048,3710,3721,-11
119000049,1987,2981,-994
119000050,2246,2382,-136
119000051,2652,1179,1473
119000052,2305,3241,-936
119000053,2044,1493,551
119000054,3725,3972,-247
119000055,4698,4117,581
119000056,2524,2590,-66
119000057,1798,2360,-562
119000058,2334,2191,143
119000059,1586,2075,-489
119000060,1617,1411,206
119000061,1029,1075,-46
119000062,1554,1780,-226
119000063,558,440,118
119000064,1154,1579,-425
119000065,2836,4519,-1683
119000066,3368,1481,1887
119000067,1965,2550,-585
119000068,1886,1402,484
119000069,1475,2948,-1473
119000070,2655,1218,1437
119000071,673,861,-188
119000072,6995,4178,2817
119000073,7524,8143,-619
119000074,1260,3067,-1807
119000075,2126,2537,-411
119000076,799,1109,-310
119000077,1462,638,824
119000078,679,259,420
119000079,324,768,-444
119000080,401,243,158
119000081,622,818,-196
119000082,1605,350,1255
119000083,692,447,245
119000084,441,693,-252
119000085,862,264,598
119000086,373,621,-248
119000087,1722,1191,531
119000088,399,293,106
119000089,79,241,-162
119000090,165,187,-22
119000091,161,582,-421
119000092,688,205,483
119000093,4064,3195,869
119000094,3053,6045,-2992
119000095,1990,3441,-1451
119000097,2361,1860,501
119000098,963,2572,-1609
119000099,2805,2107,698
119000100,3866,3176,690
119000101,7229,2781,4448
119000102,1250,1350,-100
119000103,2364,735,1629
119000104,3062,1831,1231
119000105,1353,2098,-745
119000106,408,1741,-1333
119000107,815,545,270
119000108,391,1109,-718
119000109,264,723,-459
119000110,1094,683,411
119000111,122,794,-672
119000112,297,177,120
119000113,4516,452,4064
119000114,1204,1132,72
119000115,216,204,12
119000116,132,113,19
119000117,196,563,-367
119000118,6,4,2
119000123,5452,1895,3557
119000124,789,212,577
119000125,3624,1072,2552
119000126,594,767,-173
119000127,511,729,-218
119000128,57,8,49
119000131,1049,932,117
119000132,4,1,3
119000133,2,6,-4
119000134,2228,676,1552
119000135,140,232,-92
119000136,268,247,21
119000137,282,462,-180
119000138,450,377,73
119000139,340,348,-8
119000140,246,579,-333
119000284,1478,3120,-1642
119000285,2542,2693,-151
119000286,8910,6875,2035
119000287,1321,2951,-1630
119000288,2133,1797,336
119000289,1995,3988,-1993
119000290,199,573,-374
119000291,7,347,-340
119000293,143,262,-119
119000294,81,45,36
119000295,2052,480,1572
119000296,191,165,26
119000302,2758,1618,1140
119000303,83,141,-58
119000314,1871,10428,-8557
119000315,7,577,-570
119000316,108,158,-50
119000317,66,388,-322
119900001,338,1248,-910
119900002,180,386,-206
119900003,64,1418,-1354
119900004,377,1177,-800
119900005,225,146,79
119900006,236,491,-255
119900007,1421,237,1184
119900008,433,90,343
119900009,1156,1208,-52
119900010,2728,2118,610
119900011,24,109,-85
119900012,21,142,-121
119900013,2317,1236,1081
119900014,881,456,425
119900015,124,42,82
119900016,44,122,-78
119900017,39,53,-14
119900018,2417,904,1513
119900019,60,12,48
119900020,240,303,-63
119900021,180,360,-180
119900022,175,794,-619
119900023,741,1288,-547
119900025,165,26,139
119900026,967,204,763
119900027,71,41,30
119900028,712,168,544
119900029,3,7,-4
119900030,709,647,62
119900031,83,408,-325
119900033,3157,395,2762
119900034,420,210,210
119900037,166,49,117
119900038,58,334,-276
119900039,59,27,32
119900040,379,34,345
119900041,128,72,56
119900042,895,249,646
119900043,69,199,-130
119900044,231,1018,-787
119900046,117,114,3
119900047,285,85,200
119900048,29,36,-7
119900049,171,9,162
119900050,175,134,41
119900051,538,11,527
119900052,84,77,7
119900053,231,204,27
119900054,158,2,156
119900055,1452,542,910
119900057,290,116,174
119900058,250,6,244
119900059,218,68,150
119900060,302,36,266
119900061,12,0,12
119900062,92,47,45
119900063,24,89,-65
119900064,546,112,434
119900065,265,32,233
119900066,5,4,1
119900067,281,55,226
119900068,462,7,455
119900069,125,44,81
119900070,1118,92,1026
119900071,743,21,722
119900072,16,25,-9
119900073,2141,738,1403
119900074,192,64,128
119900075,6278,3359,2919
119900076,483,376,107
119900077,967,1293,-326
119900078,511,1055,-544
119900079,304,311,-7
119900080,1832,1578,254
119900081,112,46,66
119900082,1651,468,1183
119900083,491,213,278
119900084,828,423,405
119900085,91,109,-18
119900086,204,280,-76
119900087,776,436,340
119900088,28,90,-62
119900089,59,634,-575
119900090,184,99,85
119900091,139,1079,-940
119900092,485,598,-113
119900093,1317,338,979
119900094,137,242,-105
119900095,315,169,146
119900096,47,166,-119
119900097,851,288,563
119900098,75,67,8
119900099,40,317,-277
119900100,2756,3648,-892
119900101,253,1582,-1329
119900102,87,354,-267
119900103,75,466,-391
119900104,52,284,-232
119900105,1710,3417,-1707
119900106,20,218,-198
119900107,411,3414,-3003
119900108,3381,759,2622
119900109,55,234,-179
119900110,807,752,55
119900111,131,375,-244
119900112,1856,667,1189
119900113,122,380,-258
119900114,313,1436,-1123
119900115,351,1203,-852
119900116,207,437,-230
119900117,440,866,-426
119900118,106,989,-883
119900119,306,279,27
119900120,921,746,175
119900121,385,1309,-924
119900122,704,461,243
119900123,336,402,-66
119900124,216,1013,-797
119900125,85,320,-235
119900126,5297,377,4920
119900127,2852,1402,1450
119900128,674,936,-262
119900129,282,699,-417
119900130,27,288,-261
119900131,29,356,-327
119900132,10,276,-266
119900133,97,124,-27
119900134,2252,340,1912
119900135,1,513,-512
119900136,276,438,-162
119900138,514,676,-162
119900139,151,167,-16
119900140,1,160,-159
119900141,166,1006,-840
119900142,18,69,-51
119900143,41,275,-234
119900144,1946,310,1636
119900145,115,228,-113
119900146,225,327,-102
119900147,2,207,-205
119900148,196,83,113
119900149,1699,5343,-3644
119900150,173,204,-31
119900151,2261,1031,1230
119900152,126,587,-461
119900153,152,102,50
119900154,10,289,-279
119900155,51,69,-18
119900156,38,9,29
119900157,180,323,-143
119900158,156,118,38
119900159,15,1673,-1658
119900160,39,220,-181
119900161,204,283,-79
119900162,964,1117,-153
119900163,162,237,-75
119900164,0,2,-2
119900165,222,255,-33
119900166,113,85,28
119900167,137,238,-101
119900168,866,794,72
119900169,191,382,-191
119900170,293,316,-23
119900171,2082,593,1489
119900172,280,54,226
119900173,3,466,-463
119900174,21,281,-260
119900175,1169,1086,83
119900177,28,250,-222
119900178,29,200,-171
119900179,139,460,-321
119900180,1054,1201,-147
119900181,79,180,-101
119900182,10,533,-523
119900183,208,748,-540
119900184,3220,807,2413
119900185,47,186,-139
119900186,123,909,-786
119900187,36,591,-555
119900188,128,547,-419
119900189,961,610,351
119900190,78,360,-282
119900191,427,295,132
119900192,93,229,-136
119900193,399,299,100
119900194,25,76,-51
119900195,131,325,-194
119900196,2193,810,1383
119900197,217,200,17
119900198,483,411,72
119900199,246,28,218
119900200,778,887,-109
119900201,484,328,156
119900202,110,249,-139
119900203,238,788,-550
119900204,304,426,-122
119900205,693,681,12
119900206,160,157,3
119900208,271,195,76
119900209,575,1283,-708
119900210,65,66,-1
119900211,109,23,86
119900212,245,415,-170
119900213,11,131,-120
119900214,39,107,-68
119900215,83,124,-41
119900216,27,90,-63
119900217,13,95,-82
119900218,70,121,-51
119900219,10,145,-135
119900220,8,109,-101
119900221,48,316,-268
119900222,19,275,-256
119900223,31,104,-73
119900224,39,34,5
119900225,1128,74,1054
119900226,698,2258,-1560
119900227,1317,398,919
119900228,321,406,-85
119900229,427,507,-80
119900230,2025,854,1171
119900231,223,310,-87
119900232,335,131,204
119900233,146,12,134
119900234,29,117,-88
119900235,72,122,-50
119900236,59,297,-238
119900237,85,719,-634
119900238,33,118,-85
119900240,207,222,-15
119900241,229,338,-109
119900242,2161,2087,74
119900244,909,2467,-1558
119900245,177,256,-79
119900246,444,749,-305
119900247,34,174,-140
119900248,135,254,-119
119900249,286,127,159
119900253,3960,614,3346
119900254,123,747,-624
119900255,134,845,-711
119900256,622,1408,-786
119900257,61,0,61
119900258,183,14,169
119900259,10,166,-156
119900260,133,20,113
119900261,457,227,230
119900262,19,316,-297
119900263,1305,568,737
119900264,110,227,-117
119900265,657,607,50
119900266,345,421,-76
119900267,364,668,-304
119900268,467,213,254
119900269,1165,1767,-602
119900271,55,149,-94
119900272,535,274,261
119900275,201,39,162
119900276,48,3,45
119900277,68,67,1
119900278,327,147,180
119900279,200,407,-207
119900280,922,241,681
119900281,0,194,-194
119900282,103,161,-58
119900283,17,299,-282
119900284,73,410,-337
119900285,17,70,-53
119900286,2,22,-20
119900288,8,42,-34
119900289,2,50,-48
119900290,13,29,-16
119900291,0,137,-137
119900292,55,67,-12
119900293,38,107,-69
119900294,19,134,-115
119900295,10,34,-24
119900296,66,264,-198
119900297,2,49,-47
119900298,10,20,-10
119900299,130,222,-92
119900300,379,297,82
119900301,109,118,-9
119900302,157,133,24
119900303,400,505,-105
119900304,496,125,371
119900305,22,166,-144
119900306,39,9,30
119900307,122,168,-46
119900308,3,32,-29
119900309,56,143,-87
119900310,342,402,-60
119900311,61,182,-121
119900312,132,115,17
119900313,305,415,-110
119900314,153,522,-369
119900315,1533,2699,-1166
119900318,16,37,-21
119900319,0,395,-395
119900320,229,762,-533
119900321,105,8,97
120000001,7257,14387,-7130
120000002,2978,3622,-644
120000003,4212,2102,2110
120000004,3417,2893,524
120000005,5262,2539,2723
120000006,1313,1606,-293
120000007,4194,3617,577
120000008,1259,1701,-442
120000009,3797,1298,2499
120000010,2266,3294,-1028
120000011,1563,2035,-472
120000012,1836,3454,-1618
120000013,3438,3505,-67
120000014,762,1829,-1067
120000015,2869,1797,1072
120000016,3703,2616,1087
120000017,3711,2700,1011
120000018,4793,11522,-6729
120000019,1117,1545,-428
120000020,3653,3654,-1
120000021,2115,2614,-499
120000022,3657,4337,-680
120000023,1167,1965,-798
120000024,1776,2961,-1185
120000025,2741,2629,112
120000026,1978,2135,-157
120000027,2314,2513,-199
120000028,1537,1366,171
120000029,7665,1482,6183
120000030,2019,1323,696
120000031,2808,9038,-6230
120000032,10344,5742,4602
120000033,5885,2738,3147
120000034,1881,2438,-557
120000035,2041,2683,-642
120000036,3329,6063,-2734
120000037,780,1678,-898
120000038,8491,4808,3683
120000039,707,1087,-380
120000040,495,512,-17
120000041,2920,1959,961
120000042,2758,2987,-229
120000043,5840,2345,3495
120000044,5310,2155,3155
120000045,5667,1439,4228
120000046,3068,3331,-263
120000047,1668,5688,-4020
120000048,9110,5240,3870
120000049,3524,3451,73
120000050,4828,4854,-26
120000051,3755,5475,-1720
120000052,10158,2780,7378
120000053,1430,3048,-1618
120000054,1757,4949,-3192
120000055,2227,5781,-3554
120000056,4671,4620,51
120000057,3278,1080,2198
120000058,5815,1067,4748
120000059,78,1878,-1800
120000061,148,770,-622
120000062,295,414,-119
120000063,1868,3102,-1234
120000064,277,1427,-1150
120000065,701,2145,-1444
120000066,467,808,-341
120000067,123,566,-443
120000068,244,1117,-873
120000069,739,1574,-835
120000070,58,871,-813
120000071,468,156,312
120000072,808,537,271
120000073,828,151,677
120000074,398,169,229
120000075,1182,376,806
120000076,2010,515,1495
120000077,1978,720,1258
120000078,3794,1282,2512
120000079,226,194,32
120000080,141,227,-86
120000081,313,140,173
120000082,203,241,-38
120000083,69,539,-470
120000084,414,420,-6
120000085,363,358,5
120000086,264,543,-279
120000087,131,737,-606
120000088,841,1527,-686
120000089,1322,949,373
120000090,842,724,118
120000091,1155,1389,-234
120000092,1505,859,646
120000093,418,661,-243
120000094,186,977,-791
120000095,1580,710,870
120000096,297,1038,-741
120000098,1611,1274,337
120000099,675,1055,-380
120000100,960,1214,-254
120000101,619,578,41
120000102,664,821,-157
120000103,1711,896,815
120000104,1925,581,1344
120000105,3315,841,2474
120000106,2700,748,1952
120000107,3756,717,3039
120000108,1349,207,1142
120000109,1233,96,1137
120000110,95,1183,-1088
120000111,493,1320,-827
120000112,951,3727,-2776
120000113,965,2626,-1661
120000114,1105,3531,-2426
120000115,394,2760,-2366
120000116,1080,2550,-1470
120000117,1315,1827,-512
120000118,53,21,32
120000119,18,92,-74
120000120,77,64,13
120000121,60,115,-55
120000122,284,334,-50
120000123,6804,5359,1445
120000124,495,487,8
120000125,610,785,-175
120000126,431,1058,-627
120000127,3727,1148,2579
120000128,4767,4839,-72
120000129,377,340,37
120000130,972,675,297
120000131,329,790,-461
120000134,492,1500,-1008
120000135,519,777,-258
120000137,269,1892,-1623
120000138,921,709,212
120000139,294,925,-631
120000140,807,740,67
120000141,1340,687,653
120000142,1277,804,473
120000143,3,139,-136
120000144,146,6,140
120000145,373,2,371
120000146,1421,999,422
120000149,821,1788,-967
120000150,4234,15241,-11007
120000151,516,584,-68
120000152,666,268,398
120000153,377,744,-367
120000154,615,446,169
120000155,113,274,-161
120000156,1012,1159,-147
120000157,1223,923,300
120000158,1052,1170,-118
120000159,2466,3052,-586
120000160,3048,1662,1386
120000161,2267,2769,-502
120000162,90,266,-176
120000163,707,1845,-1138
120000164,590,756,-166
120000165,535,1112,-577
120000166,1407,865,542
120000167,200,249,-49
120000168,44,671,-627
120000169,89,1624,-1535
120000170,92,996,-904
120000171,49,469,-420
120000172,68,202,-134
120000173,4989,1371,3618
120000174,838,41,797
120000175,465,33,432
120000176,458,62,396
120000177,2536,185,2351
120000178,239,25,214
120000179,523,56,467
120000180,1421,150,1271
120000181,270,1147,-877
120000182,128,560,-432
120000183,39,500,-461
120000184,219,1518,-1299
120000186,132,433,-301
120000187,62,209,-147
120000188,259,369,-110
120000190,2081,67,2014
120000191,2013,153,1860
120000192,1928,60,1868
120000193,964,19,945
120000195,227,12,215
120000196,665,111,554
120000197,268,241,27
120000198,156,115,41
120000199,130,1,129
120000200,123,1,122
120000201,9,33,-24
120000202,6,53,-47
120000203,31,235,-204
120000207,3,80,-77
120000208,17,301,-284
120000209,5,101,-96
120000210,124,179,-55
120000211,160,5,155
120000212,119,2,117
120000213,131,341,-210
120000214,0,377,-377
120000215,3,153,-150
120000216,53,18,35
120000217,866,1336,-470
120000218,183,827,-644
120000219,8,501,-493
120000220,8,2022,-2014
120000225,1635,2,1633
120000226,363,6,357
120000227,829,51,778
120000228,10444,4027,6417
120000230,409,19,390
120000231,1322,2643,-1321
120000233,320,2,318
120000235,255,817,-562
120000236,1080,2,1078
120000237,2,1606,-1604
120000238,3,892,-889
120000241,1444,4016,-2572
120000412,1170,46,1124
120000413,290,268,22
120000414,100,12,88
120000415,0,117,-117
120000416,196,18,178
120000417,15,136,-121
120000418,214,20,194
120000419,21,324,-303
120000420,67,38,29
120000421,13567,7406,6161
120000422,202,1343,-1141
120000423,6,50,-44
120000424,77,167,-90
120000436,146,627,-481
120000437,167,194,-27
120000438,3561,358,3203
120000439,215,599,-384
120000443,318,12,306
120000444,1526,697,829
120000445,1894,1231,663
120000446,856,260,596
120000447,210,16,194
120000449,130,10,120
120000450,9,266,-257
120000451,202,277,-75
120000452,174,3,171
120000453,2,474,-472
120000454,61,55,6
120000455,108,59,49
120000456,2903,4303,-1400
120000457,1806,691,1115
120000458,778,927,-149
120000459,101,69,32
120000665,2116,357,1759
120000668,188,886,-698
120000669,59,194,-135
120000670,380,726,-346
120000671,1494,451,1043
120000672,135,667,-532
120900001,78,102,-24
120900002,599,746,-147
120900003,393,34,359
120900004,15,87,-72
120900005,60,1344,-1284
120900006,720,322,398
120900007,155,119,36
120900008,273,1449,-1176
120900009,428,50,378
120900010,516,81,435
120900011,413,189,224
120900012,572,1440,-868
120900013,373,111,262
120900014,4,758,-754
120900015,1317,144,1173
120900016,820,130,690
120900017,2921,118,2803
120900018,149,601,-452
120900019,766,327,439
120900020,793,1561,-768
120900021,826,240,586
120900022,33,452,-419
120900023,314,38,276
120900024,2742,770,1972
120900025,2107,1358,749
120900026,434,325,109
120900027,889,68,821
120900028,385,122,263
120900029,230,456,-226
120900030,1356,1005,351
120900031,248,118,130
120900032,986,161,825
120900033,1194,89,1105
120900034,28,3165,-3137
120900035,53,193,-140
120900037,293,14,279
120900038,86,268,-182
120900039,87,47,40
120900040,310,5,305
120900041,157,37,120
120900042,468,67,401
120900043,198,45,153
120900044,8,474,-466
120900045,205,223,-18
120900046,664,10,654
120900047,167,71,96
120900048,100,30,70
120900049,456,7,449
120900050,3008,1470,1538
120900051,362,253,109
120900052,672,5,667
120900053,316,131,185
120900054,2175,845,1330
120900055,344,2,342
120900056,478,11,467
120900057,148,18,130
120900058,602,2,600
120900059,123,4,119
120900060,69,40,29
120900061,288,305,-17
120900062,226,2,224
120900063,545,6,539
120900064,540,2,538
120900065,523,13,510
120900066,316,279,37
120900067,163,58,105
120900068,299,0,299
120900069,204,44,160
120900071,23,3,20
120900072,674,11,663
120900073,455,230,225
120900074,807,18,789
120900076,404,0,404
120900077,4063,457,3606
120900078,799,1035,-236
120900079,686,170,516
120900080,666,2111,-1445
120900081,833,901,-68
120900082,864,556,308
120900083,115,1,114
120900084,273,437,-164
120900085,112,147,-35
120900086,173,353,-180
120900087,547,367,180
120900088,231,405,-174
120900089,4155,2936,1219
120900090,265,207,58
120900091,803,963,-160
120900092,1725,727,998
120900093,2842,274,2568
120900094,714,238,476
120900095,947,57,890
120900096,48,282,-234
120900097,1055,916,139
120900098,397,242,155
120900099,130,123,7
120900100,210,350,-140
120900101,984,385,599
120900102,89,180,-91
120900103,83,305,-222
120900104,38,60,-22
120900105,56,664,-608
120900106,1772,669,1103
120900107,306,258,48
120900108,5,690,-685
120900109,70,835,-765
120900110,23,1148,-1125
120900111,198,383,-185
120900112,42,1087,-1045
120900113,19,982,-963
120900114,78,374,-296
120900115,199,280,-81
120900116,396,606,-210
120900117,5,619,-614
120900118,23,864,-841
120900119,5719,8470,-2751
120900120,223,1146,-923
120900121,493,798,-305
120900122,479,721,-242
120900123,6,499,-493
120900124,2,697,-695
120900125,5,1018,-1013
120900126,2180,1688,492
120900127,18,608,-590
120900128,1490,1872,-382
120900129,89,424,-335
120900130,2,478,-476
120900131,80,191,-111
120900132,895,423,472
120900133,268,1179,-911
120900134,976,608,368
120900135,26,773,-747
120900136,109,319,-210
120900137,262,182,80
120900138,41,291,-250
120900139,6,938,-932
120900140,6,161,-155
120900141,240,308,-68
120900142,26,665,-639
120900143,5,1119,-1114
120900144,0,197,-197
120900145,610,963,-353
120900146,8,1388,-1380
120900147,3,571,-568
120900148,148,147,1
120900149,1,370,-369
120900150,46,622,-576
120900151,7,768,-761
120900152,0,53,-53
120900153,56,157,-101
120900154,2,312,-310
120900155,179,1304,-1125
120900156,77,532,-455
120900157,111,272,-161
120900158,64,728,-664
120900159,182,263,-81
120900160,50,927,-877
120900161,127,602,-475
120900162,59,772,-713
120900163,115,1109,-994
120900164,1,13,-12
120900165,9,42,-33
120900166,201,563,-362
120900167,714,219,495
120900169,67,480,-413
120900170,1527,2903,-1376
120900171,1626,389,1237
120900172,3104,1866,1238
120900173,0,82,-82
120900174,10,185,-175
120900175,301,180,121
120900176,24,387,-363
120900177,7,1144,-1137
120900178,1,552,-551
120900179,1131,636,495
120900180,171,213,-42
120900181,580,93,487
120900182,51,407,-356
120900183,464,75,389
120900184,272,115,157
120900185,21,539,-518
120900186,5,494,-489
120900187,564,1616,-1052
120900188,251,27,224
120900189,142,1051,-909
120900190,64,14,50
120900191,1,35,-34
120900192,13524,7287,6237
120900194,47,103,-56
120900195,210,334,-124
120900196,921,74,847
120900197,824,170,654
120900198,346,730,-384
120900199,693,2272,-1579
120900200,85,147,-62
120900201,589,281,308
120900202,7,240,-233
120900203,51,130,-79
120900204,147,373,-226
120900205,66,90,-24
120900206,19,45,-26
121000001,1174,1263,-89
121000002,2819,1371,1448
121000003,3914,2338,1576
121000004,3670,3785,-115
121000005,2268,3336,-1068
121000006,4621,1974,2647
121000007,3190,3367,-177
121000008,6251,3884,2367
121000009,6998,6587,411
121000010,9669,6318,3351
121000011,11035,14572,-3537
121000012,20277,11659,8618
121000013,5889,8579,-2690
121000014,7333,6544,789
121000015,4809,8261,-3452
121000016,5302,3998,1304
121000017,2660,4917,-2257
121000018,3152,2200,952
121000019,24091,15134,8957
121000020,17409,19833,-2424
121000021,5351,4105,1246
121000022,4048,3861,187
121000023,6696,3799,2897
121000024,5628,5854,-226
121000025,890,1682,-792
121000026,387,157,230
121000027,2064,1363,701
121000028,897,617,280
121000029,1301,856,445
121000030,780,611,169
121000031,885,892,-7
121000032,390,135,255
121000034,605,297,308
121000035,176,161,15
121000036,1298,1072,226
121000037,690,865,-175
121000038,630,1000,-370
121000039,420,498,-78
121000041,717,564,153
121000042,588,453,135
121000043,892,738,154
121000044,1570,992,578
121000045,700,404,296
121000046,831,1276,-445
121000047,104,129,-25
121000049,1942,691,1251
121000050,377,1267,-890
121000051,803,383,420
121000052,396,855,-459
121000053,575,133,442
121000054,88,421,-333
121000055,1326,1272,54
121000056,898,1358,-460
121000057,583,568,15
121000058,642,267,375
121000059,2907,1611,1296
121000060,694,1094,-400
121000061,196,381,-185
121000062,390,434,-44
121000063,856,814,42
121000064,741,585,156
121000065,543,602,-59
121000066,395,443,-48
121000067,855,695,160
121000068,977,418,559
121000069,799,825,-26
121000070,3265,1652,1613
121000071,2465,1650,815
121000072,3373,1046,2327
121000073,1652,1123,529
121000074,451,165,286
121000075,119,307,-188
121000076,1528,552,976
121000077,254,226,28
121000078,162,190,-28
121000080,3088,843,2245
121000081,4618,3748,870
121000082,142,316,-174
121000083,234,169,65
121000084,177,178,-1
121000085,408,447,-39
121000086,254,970,-716
121000087,70,420,-350
121000088,517,704,-187
121000089,559,539,20
121000090,518,466,52
121000091,1911,1019,892
121000092,245,122,123
121000093,204,271,-67
121000094,688,870,-182
121000095,470,876,-406
121000096,2668,3021,-353
121000097,1345,2688,-1343
121000098,782,1317,-535
121000099,564,956,-392
121000100,866,515,351
121000101,377,397,-20
121000102,292,554,-262
121000103,275,352,-77
121000104,322,249,73
121000105,699,360,339
121000106,504,492,12
121000107,2547,3845,-1298
121000109,1724,1316,408
121000110,434,803,-369
121000114,3233,2211,1022
121000115,1134,946,188
121000116,294,985,-691
121000117,1000,264,736
121000118,1592,334,1258
121000119,390,503,-113
121000120,277,566,-289
121000121,741,1407,-666
121000123,2068,847,1221
121000126,198,396,-198
121000127,277,102,175
121000128,996,559,437
121000129,822,826,-4
121000130,680,1233,-553
121000131,3682,2546,1136
121000132,2348,2450,-102
121000135,670,1258,-588
121000136,2383,1164,1219
121000137,700,355,345
121000138,1530,1331,199
121000139,877,486,391
121000141,298,215,83
121000142,896,1006,-110
121000143,194,32,162
121000144,1532,2360,-828
121000145,641,1591,-950
121000146,1409,1207,202
121000147,1113,721,392
121000148,1116,1516,-400
121000149,2118,1528,590
121000152,666,689,-23
121000153,2405,817,1588
121000154,1226,898,328
121000155,1735,1348,387
121000156,498,1112,-614
121000157,1568,2542,-974
121000158,580,774,-194
121000159,217,547,-330
121000160,352,509,-157
121000161,270,374,-104
121000162,116,290,-174
121000165,2143,2299,-156
121000166,17,474,-457
121000168,418,325,93
121000169,81,228,-147
121000170,427,125,302
121000171,90,232,-142
121000172,881,637,244
121000173,2185,1322,863
121000174,449,542,-93
121000175,965,512,453
121000176,461,320,141
121000177,1474,800,674
121000178,197,99,98
121000179,131,100,31
121000181,623,557,66
121000182,210,245,-35
121000183,225,205,20
121000184,210,298,-88
121000185,42,216,-174
121000186,262,660,-398
121000187,237,306,-69
121000188,221,298,-77
121000192,1104,550,554
121000193,754,736,18
121000194,2958,2751,207
121000195,420,1060,-640
121000196,931,346,585
121000197,274,930,-656
121000198,258,176,82
121000199,119,438,-319
121000200,688,108,580
121000201,10,234,-224
121000202,868,168,700
121000203,1162,2653,-1491
121000204,3016,1194,1822
121000205,288,280,8
121000206,323,63,260
121000207,2923,468,2455
121000208,10,409,-399
121000209,483,392,91
121000210,638,499,139
121000211,341,204,137
121000212,488,697,-209
121000213,11763,3804,7959
121000214,956,2825,-1869
121000215,1360,1091,269
121000216,638,813,-175
121000217,5182,2946,2236
121000218,567,2012,-1445
121000219,1715,463,1252
121000220,293,82,211
121000221,180,208,-28
121000222,2950,2917,33
121000223,902,501,401
121000224,377,269,108
121000225,1652,2018,-366
121000226,3375,1405,1970
121000227,13,188,-175
121000228,25,770,-745
121000229,312,375,-63
121000230,74,1717,-1643
121000231,948,37,911
121000232,442,327,115
121000233,676,472,204
121000234,49,69,-20
121000235,130,140,-10
121000236,14,78,-64
121000237,76,36,40
121000238,9,87,-78
121000239,116,11,105
121000240,19,165,-146
121000241,128,24,104
121000242,71,370,-299
121000243,825,228,597
121000244,25,129,-104
121000245,165,67,98
121000246,4,144,-140
121000247,100,12,88
121000248,2215,616,1599
121000249,240,355,-115
121000250,859,229,630
121000251,46,479,-433
121000252,126,117,9
121000253,375,449,-74
121000254,513,316,197
121000255,344,252,92
121000256,638,222,416
121000257,104,104,0
121000258,267,98,169
121000259,98,69,29
121000260,253,201,52
121000261,326,64,262
121000262,1047,857,190
121000263,720,518,202
121000271,341,1656,-1315
121000273,76,9,67
121000274,19,43,-24
121000275,3,13,-10
121000276,10,8,2
121000278,36,24,12
121000279,85,21,64
121000280,83,42,41
121000289,281,31,250
121000290,1366,1240,126
121000294,170,167,3
121000297,1345,1273,72
121000299,263,500,-237
121000300,1015,752,263
121000302,125,1650,-1525
121000303,609,660,-51
121000304,590,67,523
121000305,219,72,147
121000306,113,164,-51
121000308,220,451,-231
121000309,445,748,-303
121000310,124,457,-333
121000311,115,1183,-1068
121000312,421,304,117
121000313,521,601,-80
121000314,197,234,-37
121000315,85,191,-106
121000530,1531,1562,-31
121000531,1996,1737,259
121000532,8063,8827,-764
121000533,3491,3735,-244
121000918,102,173,-71
121000919,85,66,19
121000938,391,902,-511
121000939,584,640,-56
121000956,1364,1433,-69
121000957,12,20,-8
121000958,125,62,63
121000959,771,1088,-317
121000960,2769,2661,108
121000961,285,288,-3
121000962,315,655,-340
121000973,4,174,-170
121000976,29,310,-281
121000979,637,291,346
121000981,468,485,-17
121000982,384,201,183
121000983,591,580,11
121000984,74,97,-23
121000985,660,637,23
121000986,421,245,176
121000987,478,1280,-802
121000988,834,160,674
121001302,370,156,214
121001308,5,16,-11
121001309,115,89,26
121001313,329,273,56
121001314,2703,3455,-752
121001315,5252,2573,2679
121900001,187,230,-43
121900002,79,46,33
121900003,522,62,460
121900004,198,541,-343
121900005,59,6,53
121900006,184,42,142
121900007,2574,2844,-270
121900008,1826,606,1220
121900009,721,26,695
121900010,275,9,266
121900011,499,586,-87
121900012,37,1,36
121900013,1876,106,1770
121900014,1574,466,1108
121900015,192,306,-114
121900016,5,28,-23
121900017,1625,567,1058
121900018,416,13,403
121900019,640,342,298
121900020,34,2,32
121900021,1009,26,983
121900022,384,305,79
121900023,183,488,-305
121900024,404,146,258
121900025,752,415,337
121900026,455,64,391
121900027,467,228,239
121900028,384,34,350
121900029,125,255,-130
121900030,628,784,-156
121900031,1316,6479,-5163
121900032,113,123,-10
121900033,217,184,33
121900034,363,87,276
121900035,3385,2796,589
121900036,88,377,-289
121900037,207,1013,-806
121900038,85,229,-144
121900039,565,69,496
121900040,111,128,-17
121900041,116,172,-56
121900042,422,180,242
121900043,19,11,8
121900044,239,64,175
121900046,390,522,-132
121900047,214,135,79
121900048,70,145,-75
121900050,63,66,-3
121900051,147,195,-48
121900052,184,64,120
121900053,1008,415,593
121900054,776,1181,-405
121900055,2,35,-33
121900058,196,274,-78
121900059,633,260,373
121900060,175,391,-216
121900061,293,241,52
121900062,303,160,143
121900063,1521,470,1051
121900064,313,749,-436
121900066,94,47,47
121900067,106,109,-3
121900069,240,187,53
121900070,472,141,331
121900071,416,501,-85
121900072,53,212,-159
121900073,263,263,0
121900074,1047,1214,-167
121900075,618,550,68
121900076,490,800,-310
121900077,23,35,-12
121900078,142,53,89
121900079,0,0,0
121900080,1389,609,780
121900082,61,118,-57
121900084,31,204,-173
121900085,7,31,-24
121900086,16,79,-63
121900087,212,148,64
121900088,2506,3607,-1101
121900089,209,467,-258
121900090,133,149,-16
121900091,49,145,-96
121900092,129,102,27
121900093,110,101,9
121900094,26,15,11
121900095,286,167,119
121900096,1560,1279,281
121900097,520,379,141
121900098,14,9,5
121900099,230,103,127
121900100,402,577,-175
121900101,248,175,73
121900102,6,250,-244
121900103,628,292,336
121900104,2004,398,1606
121900105,335,306,29
121900106,8,7,1
121900107,50,54,-4
121900108,9,33,-24
121900109,314,184,130
121900110,564,1178,-614
121900111,1195,214,981
121900112,247,204,43
121900113,86,402,-316
121900114,100,90,10
121900115,226,379,-153
121900117,580,145,435
121900118,2615,773,1842
121900119,267,111,156
121900120,59,1604,-1545
121900121,627,80,547
121900122,39,97,-58
121900123,321,479,-158
121900124,197,213,-16
121900125,1858,1275,583
121900127,20,132,-112
121900128,77,203,-126
121900129,755,207,548
121900130,127,286,-159
121900131,328,91,237
121900132,76,135,-59
121900133,131,1036,-905
121900134,56,227,-171
121900135,3204,617,2587
121900136,1170,397,773
121900137,71,427,-356
121900138,190,336,-146
121900139,418,589,-171
121900140,108,292,-184
121900141,99,107,-8
121900142,192,285,-93
121900143,27,212,-185
121900144,163,385,-222
121900145,281,385,-104
121900146,638,1100,-462
121900147,67,198,-131
121900148,270,453,-183
121900149,422,1003,-581
121900150,116,188,-72
121900151,123,297,-174
121900152,111,192,-81
121900153,172,894,-722
121900154,10,272,-262
121900155,3,199,-196
121900156,314,181,133
121900157,14,473,-459
121900158,124,141,-17
121900159,3,275,-272
121900160,50,347,-297
121900161,512,534,-22
121900162,124,267,-143
121900163,323,1135,-812
121900164,638,280,358
121900165,745,241,504
121900166,159,245,-86
121900167,89,154,-65
121900168,152,334,-182
121900169,9,233,-224
121900170,11,250,-239
121900171,913,789,124
121900172,808,341,467
121900173,1257,276,981
121900174,43,82,-39
121900175,372,334,38
121900176,710,1826,-1116
121900177,354,101,253
121900178,36,61,-25
121900179,737,205,532
121900180,5166,4792,374
121900182,717,382,335
121900183,887,1214,-327
121900184,160,810,-650
121900186,14,442,-428
121900187,75,307,-232
121900188,675,626,49
121900189,56,158,-102
121900190,272,631,-359
121900191,149,173,-24
121900192,415,737,-322
121900193,72,211,-139
121900194,6,233,-227
121900195,126,133,-7
121900196,1300,1315,-15
121900197,497,1890,-1393
121900198,1353,1022,331
121900199,4,36,-32
121900200,154,365,-211
121900201,1453,943,510
121900202,295,902,-607
121900203,378,1068,-690
121900204,1207,1658,-451
121900205,40,120,-80
121900206,30,61,-31
121900207,179,48,131
121900208,251,393,-142
121900209,99,45,54
121900210,1198,1117,81
121900211,12,105,-93
121900212,284,165,119
121900213,189,91,98
121900214,9,549,-540
121900215,70,118,-48
121900216,53,283,-230
121900217,311,182,129
121900218,299,453,-154
121900220,212,17,195
121900221,338,749,-411
121900222,218,232,-14
121900223,240,83,157
121900224,117,60,57
121900225,150,126,24
121900226,350,875,-525
121900227,404,759,-355
121900228,265,472,-207
121900229,357,400,-43
121900230,184,398,-214
121900231,630,1995,-1365
121900232,327,649,-322
121900233,331,278,53
121900234,363,402,-39
121900235,529,229,300
121900236,678,237,441
121900237,229,281,-52
121900238,226,346,-120
121900239,566,66,500
121900240,311,168,143
121900241,79,81,-2
121900242,8,5,3
121900243,30,0,30
121900244,89,3,86
121900245,210,81,129
121900246,2137,379,1758
121900247,716,313,403
121900248,1972,1572,400
121900250,256,363,-107
121900251,467,94,373
121900252,757,191,566
121900253,314,864,-550
121900254,614,354,260
121900255,320,160,160
121900258,3878,2578,1300
121900259,547,739,-192
121900260,171,248,-77
121900261,225,754,-529
121900262,535,1076,-541
121900263,455,365,90
121900264,2490,1814,676
121900265,294,305,-11
121900266,556,182,374
121900267,75,35,40
121900269,350,987,-637
121900270,39,261,-222
121900271,60,256,-196
121900273,502,1952,-1450
121900274,223,383,-160
121900276,34,0,34
121900277,811,1561,-750
121900278,156,1176,-1020
121900279,116,236,-120
121900280,385,472,-87
121900281,678,495,183
121900284,170,11,159
121900286,320,160,160
121900287,28,33,-5
121900290,332,421,-89
121900291,483,714,-231
121900292,198,130,68
121900293,1365,3238,-1873
121900294,276,2,274
121900295,218,322,-104
121900296,195,247,-52
121900298,359,798,-439
121900299,3,5,-2
121900300,189,9,180
121900301,79,8,71
121900302,3,58,-55
121900303,442,596,-154
121900304,5,122,-117
121900305,6,18,-12
121900306,291,1,290
121900307,87,30,57
121900308,41,391,-350
121900309,29,296,-267
121900310,37,527,-490
121900311,508,17,491
121900312,424,20,404
121900313,314,29,285
121900314,6,96,-90
121900315,22,0,22
121900316,0,13,-13
121900317,17,8,9
121900318,3,28,-25
121900319,38,105,-67
121900320,38,85,-47
121900321,18,5,13
121900322,1,17,-16
121900323,24,24,0
121900324,10,52,-42
121900325,26,8,18
121900326,23,21,2
121900327,9,64,-55
121900328,0,41,-41
121900329,1,228,-227
121900330,2,18,-16
121900331,63,46,17
121900332,97,32,65
121900333,14,0,14
122000001,2960,5835,-2875
122000002,5300,2187,3113
122000003,2624,3109,-485
122000004,3604,2150,1454
122000005,3032,1962,1070
122000006,2164,1058,1106
122000007,1250,2259,-1009
122000008,5212,6038,-826
122000009,461,468,-7
122000010,2512,3208,-696
122000011,4326,1850,2476
122000012,1651,1770,-119
122000013,1598,1001,597
122000014,1787,1365,422
122000015,1793,1365,428
122000016,831,1145,-314
122000017,1418,1223,195
122000018,1861,1469,392
122000019,830,1351,-521
122000020,276,260,16
122000021,419,621,-202
122000022,1430,1254,176
122000023,846,2085,-1239
122000024,1053,1467,-414
122000025,1664,2139,-475
122000026,1520,1347,173
122000027,786,2730,-1944
122000028,1229,611,618
122000029,715,599,116
122000030,551,186,365
122000031,561,334,227
122000032,1963,2393,-430
122000033,798,1419,-621
122000034,978,824,154
122000035,412,925,-513
122000036,692,716,-24
122000037,465,313,152
122000038,317,457,-140
122000039,701,663,38
122000040,410,343,67
122000041,640,743,-103
122000042,408,634,-226
122000043,164,125,39
122000044,217,181,36
122000045,1343,579,764
122000046,913,985,-72
122000047,460,262,198
122000048,5445,5532,-87
122000049,7814,4261,3553
122000050,1836,948,888
122000051,423,309,114
122000052,762,489,273
122000053,249,893,-644
122000054,2978,2616,362
122000055,2738,3599,-861
122000056,6356,4306,2050
122000057,4346,4280,66
122000058,3297,1530,1767
122000059,3632,1924,1708
122000060,863,772,91
122000061,613,693,-80
122000062,1529,445,1084
122000063,1908,800,1108
122000064,3651,3112,539
122000065,4930,2940,1990
122000066,1503,1247,256
122000067,1785,1427,358
122000068,1946,1360,586
122000069,933,818,115
122000070,1217,2003,-786
122000071,1805,1542,263
122000072,445,528,-83
122000073,544,734,-190
122000074,3780,1987,1793
122000075,1214,1494,-280
122000076,2509,1363,1146
122000077,1438,895,543
122000078,3013,2994,19
122000079,2352,1660,692
122000080,976,518,458
122000081,229,441,-212
122000082,1019,1015,4
122000083,1957,2497,-540
122000084,1914,1123,791
122000085,431,1400,-969
122000086,2540,6117,-3577
122000087,666,315,351
122000088,678,756,-78
122000089,6786,2845,3941
122000090,343,581,-238
122000091,291,97,194
122000092,150,24,126
122000093,2252,1934,318
122000094,7625,3207,4418
122000095,4445,5222,-777
122000096,3639,2208,1431
122000098,4769,2914,1855
122000099,2538,782,1756
122000100,1099,598,501
122000101,466,772,-306
122000102,2371,1733,638
122000103,2643,2359,284
122000104,471,270,201
122000105,1144,365,779
122000106,565,746,-181
122000107,1315,621,694
122000108,597,952,-355
122000109,504,354,150
122000110,593,718,-125
122000111,3248,1618,1630
122000112,1127,1589,-462
122000113,752,820,-68
122000114,3685,1759,1926
122000115,2259,1540,719
122000116,830,670,160
122000117,2490,587,1903
122000118,755,1084,-329
122000119,3958,3292,666
122000120,2293,5603,-3310
122000121,2278,4541,-2263
122000122,1092,2745,-1653
122000123,2119,2380,-261
122000124,1173,806,367
122000125,1020,983,37
122000126,822,1761,-939
122000127,1221,1855,-634
122000128,621,1012,-391
122000129,797,1467,-670
122000130,3641,1699,1942
122000131,1463,1638,-175
122000132,629,875,-246
122000133,1322,2380,-1058
122000134,1072,1053,19
122000135,905,1140,-235
122000136,904,793,111
122000137,1914,1645,269
122000139,1632,3958,-2326
122000140,1291,770,521
122000141,6658,1281,5377
122000142,718,1115,-397
122000143,692,495,197
122000144,1684,1593,91
122000145,1923,910,1013
122000146,2378,1377,1001
122000147,806,514,292
122000148,2924,2594,330
122000149,2499,1926,573
122000150,1339,1088,251
122000151,191,456,-265
122000152,425,465,-40
122000153,408,409,-1
122000154,324,323,1
122000155,2171,2594,-423
122000156,3116,2969,147
122000157,2016,2435,-419
122000158,383,828,-445
122000159,1027,2116,-1089
122000160,3880,2777,1103
122000161,1221,1222,-1
122000162,2669,2124,545
122000163,334,87,247
122000164,43,105,-62
122000165,1436,797,639
122000166,1356,1082,274
122000167,402,291,111
122000168,275,630,-355
122000169,594,221,373
122000170,480,282,198
122000171,71,135,-64
122000172,1742,1697,45
122000173,1890,2723,-833
122000174,2763,1136,1627
122000175,1367,371,996
122000176,394,863,-469
122000177,1709,1734,-25
122000178,3152,2526,626
122000179,2021,2863,-842
122000180,2061,1678,383
122000181,2273,3542,-1269
122000182,2601,1942,659
122000183,2422,1083,1339
122000184,3997,2472,1525
122000185,1860,1820,40
122000186,532,804,-272
122000187,2099,1169,930
122000188,636,247,389
122000189,335,405,-70
122000190,1264,1263,1
122000191,1041,962,79
122000192,1399,446,953
122000193,536,953,-417
122000194,706,243,463
122000195,153,635,-482
122000196,1441,836,605
122000197,588,1009,-421
122000198,638,1028,-390
122000199,510,445,65
122000200,1151,655,496
122000201,1963,1676,287
122000202,1608,1625,-17
122000203,4580,1787,2793
122000204,1992,2384,-392
122000205,1603,1721,-118
122000206,2457,1126,1331
122000207,2351,1679,672
122000208,2720,1791,929
122000209,2158,416,1742
122000210,2411,2219,192
122000211,1837,1520,317
122000212,865,569,296
122000213,1351,1567,-216
122000214,2481,2075,406
122000215,2395,2050,345
122000217,2517,1684,833
122000218,903,109,794
122000219,1561,1198,363
122000220,541,888,-347
122000221,119,524,-405
122000222,670,184,486
122000223,1662,716,946
122000225,988,361,627
122000226,2789,2066,723
122000227,476,2539,-2063
122000228,555,519,36
122000229,118,553,-435
122000230,438,701,-263
122000231,1216,992,224
122000232,973,1281,-308
122000233,1,134,-133
122000234,369,188,181
122000235,925,205,720
122000236,1278,187,1091
122000237,295,126,169
122000238,729,398,331
122000239,1582,269,1313
122000240,1495,917,578
122000241,1330,598,732
122000242,996,247,749
122000243,152,61,91
122000244,21,312,-291
122000245,9,94,-85
122000246,25,114,-89
122000247,1451,293,1158
122000248,1231,1828,-597
122000249,2804,1155,1649
122000250,2710,1388,1322
122000251,369,463,-94
122000252,713,345,368
122000253,91,359,-268
122000254,386,223,163
122000255,1054,2446,-1392
122000256,698,1462,-764
122000257,303,416,-113
122000258,377,354,23
122000259,31,634,-603
122000260,7,86,-79
122000261,38,269,-231
122000262,2,63,-61
122000263,571,162,409
122000264,1514,516,998
122000265,3029,1158,1871
122000266,5034,774,4260
122000267,273,215,58
122000268,253,613,-360
122000269,1035,574,461
122000270,727,229,498
122000271,450,1425,-975
122000272,452,1262,-810
122000273,454,471,-17
122000274,257,251,6
122000275,248,279,-31
122000276,911,856,55
122000277,1584,1904,-320
122000278,2157,1309,848
122000279,299,706,-407
122000280,1301,1109,192
122000281,1120,1149,-29
122000282,363,300,63
122000283,697,186,511
122000284,300,124,176
122000285,551,123,428
122000286,138,202,-64
122000287,1364,1831,-467
122000288,542,365,177
122000291,2229,946,1283
122000293,373,309,64
122000294,130,196,-66
122000295,2217,326,1891
122000296,89,555,-466
122000297,3315,3199,116
122000299,606,555,51
122000300,700,754,-54
122000301,13343,4014,9329
122000302,1054,1590,-536
122000303,4455,1675,2780
122000304,137,384,-247
122000305,1248,349,899
122000306,36,989,-953
122000307,244,167,77
122000309,111,64,47
122000310,16,93,-77
122000311,290,125,165
122000312,219,158,61
122000313,135,83,52
122000314,110,263,-153
122000315,276,75,201
122000316,826,284,542
122000317,1677,349,1328
122000318,376,901,-525
122000319,312,625,-313
122000320,480,2098,-1618
122000321,143,231,-88
122000322,2631,2275,356
122000323,1869,2517,-648
122000324,1370,1351,19
122000325,1981,1688,293
122000326,65,136,-71
122000327,577,826,-249
122000328,999,837,162
122000330,2663,931,1732
122000332,370,446,-76
122000333,8,134,-126
122000337,1215,2035,-820
122000338,561,685,-124
122000340,495,579,-84
122000342,2380,1208,1172
122000343,511,1084,-573
122000344,75,27,48
122000345,79,36,43
122000346,750,753,-3
122000348,896,1026,-130
122000349,168,929,-761
122000351,121,223,-102
122000352,471,156,315
122000353,104,107,-3
122000355,155,308,-153
122000356,1785,1547,238
122000357,97,26,71
122000358,0,68,-68
122000359,0,46,-46
122000360,0,38,-38
122000362,11,85,-74
122000364,210,451,-241
122000365,8,50,-42
122000366,26,8,18
122000368,535,915,-380
122000370,31,70,-39
122000371,25,0,25
122000372,15,5,10
122000381,113,424,-311
122000382,107,286,-179
122000384,4384,1443,2941
122000385,79,1,78
122000386,521,1437,-916
122000387,647,719,-72
122000388,1746,783,963
122000389,203,748,-545
122000390,547,328,219
122000391,486,309,177
122000392,609,292,317
122000393,102,210,-108
122000394,590,430,160
122000395,219,265,-46
122000396,306,146,160
122000397,100,61,39
122000398,84,78,6
122000399,164,92,72
122000400,165,541,-376
122000401,158,126,32
122000402,335,137,198
122000403,739,1083,-344
122000404,209,353,-144
122000408,1030,1527,-497
122000503,18,133,-115
122000524,625,172,453
122000544,228,2650,-2422
122000616,440,5,435
122000640,103,186,-83
122000641,96,360,-264
122000642,1209,1421,-212
122000643,62,148,-86
122000644,185,37,148
122000645,140,218,-78
122000651,1983,993,990
122000664,161,59,102
122000665,1501,703,798
122000666,903,1262,-359
122000673,44,304,-260
122000674,138,66,72
122000675,1993,1354,639
122000686,775,1249,-474
122000687,1731,472,1259
122000688,430,743,-313
122000689,945,548,397
122000690,2453,687,1766
122000691,1813,2002,-189
122000692,1866,513,1353
122000693,498,2202,-1704
122000695,426,533,-107
122000696,390,361,29
122000698,440,1065,-625
122000699,304,181,123
122000701,1539,425,1114
122000702,570,1474,-904
122000703,186,84,102
122000717,161,70,91
122000718,471,781,-310
122000719,153,143,10
122000720,424,300,124
122000724,48,10,38
122900001,41,3,38
122900002,1439,5395,-3956
122900003,560,58,502
122900004,1038,63,975
122900005,158,60,98
122900006,1350,506,844
122900007,579,85,494
122900008,900,91,809
122900009,1049,533,516
122900010,335,154,181
122900012,246,539,-293
122900014,255,365,-110
122900015,2761,1177,1584
122900016,109,358,-249
122900017,519,1225,-706
122900018,265,39,226
122900019,44,222,-178
122900020,369,562,-193
122900021,94,715,-621
122900022,1135,917,218
122900023,521,306,215
122900024,189,141,48
122900025,31,445,-414
122900026,157,576,-419
122900027,92,997,-905
122900028,190,288,-98
122900029,5534,3765,1769
122900030,1229,672,557
122900031,144,311,-167
122900032,157,419,-262
122900033,287,215,72
122900034,5615,5822,-207
122900035,48,64,-16
122900036,88,153,-65
122900037,433,195,238
122900038,187,3052,-2865
122900039,132,621,-489
122900040,313,575,-262
122900041,432,430,2
122900042,225,468,-243
122900043,517,280,237
122900044,108,357,-249
122900045,147,197,-50
122900046,271,252,19
122900047,188,297,-109
122900048,94,281,-187
122900049,2000,194,1806
122900051,105,182,-77
122900052,90,214,-124
122900053,57,39,18
122900055,937,235,702
122900057,293,117,176
122900061,628,269,359
122900062,655,819,-164
122900063,179,449,-270
122900064,1238,621,617
122900065,671,328,343
122900066,860,496,364
122900067,1761,1091,670
122900068,418,436,-18
122900069,562,1792,-1230
122900070,497,87,410
122900071,178,496,-318
122900072,34,640,-606
122900073,79,287,-208
122900074,808,824,-16
122900075,2,82,-80
122900076,10,233,-223
122900077,2,204,-202
122900078,226,145,81
122900080,76,46,30
122900081,248,235,13
122900082,1061,571,490
122900083,189,523,-334
122900084,29,340,-311
122900086,29,183,-154
122900087,348,857,-509
122900088,46,187,-141
122900089,99,338,-239
122900090,22,512,-490
122900091,194,4,190
122900092,1,258,-257
122900093,3,334,-331
122900094,3,240,-237
122900095,182,15,167
122900096,459,229,230
122900097,45,39,6
122900098,175,188,-13
122900099,72,19,53
122900100,426,224,202
122900101,540,313,227
122900102,26,61,-35
122900103,69,7,62
122900104,139,9,130
122900105,19,26,-7
122900106,6,92,-86
122900107,4,274,-270
122900108,9,257,-248
123000001,1979,556,1423
123000002,4655,5438,-783
123000003,4338,4216,122
123000004,3609,4518,-909
123000005,3077,3142,-65
123000006,2700,3055,-355
123000007,4998,3071,1927
123000008,3459,3821,-362
123000009,5130,3194,1936
123000010,3982,3920,62
123000011,2844,961,1883
123000012,1073,2429,-1356
123000013,4188,1017,3171
123000014,1080,3753,-2673
123000015,5339,1354,3985
123000016,5733,5280,453
123000017,3426,1798,1628
123000018,61,136,-75
123000019,342,327,15
123000020,209,212,-3
123000021,82,263,-181
123000022,421,1805,-1384
123000023,1824,1698,126
123000024,1807,804,1003
123000025,278,168,110
123000026,561,135,426
123000027,253,658,-405
123000028,2233,396,1837
123000029,1384,1191,193
123000030,252,646,-394
123000031,248,367,-119
123000032,410,194,216
123000033,259,98,161
123000034,1293,948,345
123000035,473,476,-3
123000036,393,1020,-627
123000037,441,635,-194
123000038,220,172,48
123000039,506,1505,-999
123000040,1042,598,444
123000041,1359,1299,60
123000042,1480,740,740
123000043,4023,9645,-5622
123000044,5913,3290,2623
123000045,10596,3738,6858
123000046,1078,1876,-798
123000047,2935,1207,1728
123000048,160,833,-673
123000049,8949,10804,-1855
123000050,1449,1717,-268
123000051,98,194,-96
123000052,910,3930,-3020
123000053,3151,4024,-873
123000054,1632,2086,-454
123000055,2054,2826,-772
123000056,1566,2626,-1060
123000057,17072,9093,7979
123000058,841,1255,-414
123000059,525,724,-199
123000060,1022,573,449
123000061,364,919,-555
123000063,962,1044,-82
123000064,1343,384,959
123000065,9286,3928,5358
123000066,952,747,205
123000067,934,719,215
123000068,3805,3635,170
123000069,8484,4465,4019
123000070,345,860,-515
123000071,1113,1155,-42
123000072,1332,1333,-1
123000073,1220,850,370
123000074,1130,1472,-342
123000075,415,1235,-820
123000076,1331,905,426
123000077,2113,3364,-1251
123000078,1734,1875,-141
123000079,1624,2142,-518
123000080,2839,2402,437
123000081,222,473,-251
123000082,432,1340,-908
123000083,1062,316,746
123000084,652,615,37
123000085,307,102,205
123000086,541,263,278
123000087,532,427,105
123000088,1933,1053,880
123000089,534,1257,-723
123000090,1231,1074,157
123000091,1581,1427,154
123000092,972,1342,-370
123000094,619,337,282
123000095,677,824,-147
123000096,711,559,152
123000097,500,910,-410
123000098,841,729,112
123000099,684,897,-213
123000100,640,945,-305
123000101,779,774,5
123000102,693,788,-95
123000104,580,470,110
123000105,816,527,289
123000106,534,453,81
123000107,491,490,1
123000108,848,1183,-335
123000111,1000,393,607
123000112,1271,683,588
123000113,697,1750,-1053
123000114,564,691,-127
123000115,326,351,-25
123000116,43,149,-106
123000117,2970,2571,399
123000118,497,1181,-684
123000119,380,1122,-742
123000120,621,911,-290
123000121,555,598,-43
123000122,410,302,108
123000123,445,611,-166
123000124,548,562,-14
123000125,1298,1109,189
123000126,1520,4462,-2942
123000127,1038,837,201
123000128,415,357,58
123000129,765,271,494
123000130,760,141,619
123000131,936,729,207
123000132,401,757,-356
123000133,346,466,-120
123000134,382,266,116
123000135,2662,1456,1206
123000136,275,998,-723
123000137,193,414,-221
123000138,98,528,-430
123000139,500,139,361
123000140,181,1007,-826
123000141,988,156,832
123000142,1236,1505,-269
123000143,1526,2517,-991
123000144,163,54,109
123000145,598,157,441
123000146,55,120,-65
123000147,139,139,0
123000149,515,460,55
123000150,290,294,-4
123000151,495,536,-41
123000152,371,517,-146
123000153,704,820,-116
123000154,2122,2130,-8
123000155,2908,1515,1393
123000156,67,140,-73
123000157,671,1083,-412
123000158,746,751,-5
123000159,3905,2891,1014
123000160,996,800,196
123000161,1826,1326,500
123000162,1054,2072,-1018
123000163,572,137,435
123000164,1736,389,1347
123000165,578,2151,-1573
123000166,63,196,-133
123000167,194,330,-136
123000168,285,317,-32
123000169,851,178,673
123000170,80,265,-185
123000171,775,60,715
123000172,591,711,-120
123000173,633,322,311
123000174,1147,400,747
123000175,1324,1554,-230
123000176,1350,311,1039
123000177,844,1320,-476
123000178,833,172,661
123000179,74,804,-730
123000180,1803,382,1421
123000181,433,1798,-1365
123000182,318,668,-350
123000183,205,535,-330
123000184,352,907,-555
123000185,870,561,309
123000186,3,845,-842
123000187,678,13,665
123000188,241,1,240
123000189,245,261,-16
123000190,65,97,-32
123000192,27,709,-682
123000193,87,1236,-1149
123000194,557,402,155
123000195,368,48,320
123000196,327,12,315
123000197,51,133,-82
123000198,41,488,-447
123000199,19,790,-771
123000200,645,9,636
123000201,1142,34,1108
123000202,24,1500,-1476
123000203,1020,78,942
123000204,126,1578,-1452
123000205,696,2432,-1736
123000206,2390,261,2129
123000207,111,1218,-1107
123000208,583,212,371
123000209,2325,696,1629
123000210,657,2899,-2242
123000211,804,3723,-2919
123000212,3137,647,2490
123000213,792,101,691
123000215,136,301,-165
123000216,246,1688,-1442
123000217,248,31,217
123000218,106,820,-714
123000219,1382,84,1298
123000220,587,133,454
123000221,365,165,200
123000222,505,697,-192
123000223,407,444,-37
123000224,552,604,-52
123000225,361,107,254
123000226,119,474,-355
123000227,113,400,-287
123000228,277,109,168
123000229,1363,2034,-671
123000232,160,682,-522
123000233,916,249,667
123000234,228,735,-507
123000235,1019,572,447
123000236,375,951,-576
123000237,321,112,209
123000238,144,569,-425
123000239,695,1891,-1196
123000240,85,554,-469
123000241,750,165,585
123000242,284,222,62
123000243,898,1053,-155
123000244,1032,810,222
123000245,53,212,-159
123000249,546,666,-120
123000252,1000,289,711
123000253,1164,585,579
123000254,888,1358,-470
123000255,1415,1079,336
123000256,41,348,-307
123000257,3572,2651,921
123000258,1600,1122,478
123000259,348,425,-77
123000260,471,514,-43
123000261,288,216,72
123000262,110,245,-135
123000263,446,123,323
123000264,190,107,83
123000265,79,184,-105
123000266,760,970,-210
123000267,727,413,314
123000268,53,87,-34
123000269,65,74,-9
123000270,42,58,-16
123000271,114,83,31
123000272,765,289,476
123000273,328,753,-425
123000274,1316,702,614
123000275,403,1094,-691
123000278,4609,2979,1630
123000279,105,93,12
123000280,587,390,197
123000281,390,163,227
123000282,173,313,-140
123000283,131,55,76
123000284,36,119,-83
123000286,386,377,9
123000287,779,406,373
123000288,1810,954,856
123000289,490,1204,-714
123000291,366,939,-573
123000294,178,242,-64
123000295,1118,1044,74
123000296,917,449,468
123000297,470,623,-153
123000298,650,507,143
123000299,28,202,-174
123000300,1083,926,157
123000301,149,283,-134
123000302,89,240,-151
123000303,119,156,-37
123000305,997,967,30
123000306,139,248,-109
123000309,32,99,-67
123000310,56,40,16
123000311,0,96,-96
123000312,628,1292,-664
123000313,584,357,227
123000315,123,404,-281
123000316,1419,72,1347
123000317,213,106,107
123000318,72,315,-243
123000329,10,18,-8
123000337,1237,397,840
123000338,670,53,617
123000339,236,358,-122
123000340,196,585,-389
123000342,307,50,257
123000343,65,10,55
123000344,1559,799,760
123000345,460,852,-392
123000346,358,46,312
123000352,1758,961,797
123000353,50,233,-183
123000354,418,6,412
123000355,2,515,-513
123000356,343,52,291
123000357,0,205,-205
123000359,2,200,-198
123000360,280,112,168
123000361,469,348,121
123000362,501,113,388
123000363,116,243,-127
123000364,607,521,86
123000365,22,477,-455
123000366,549,2179,-1630
123000367,332,1400,-1068
123000370,42,316,-274
123000371,980,58,922
123000372,421,38,383
123000373,8,485,-477
123000374,42,269,-227
123000375,587,48,539
123000376,1049,747,302
123000377,503,36,467
123000378,32,341,-309
123000379,15,319,-304
123000380,84,588,-504
123000381,228,70,158
123000382,1658,167,1491
123000383,307,1610,-1303
123000384,522,118,404
123000385,283,574,-291
123000436,47,1035,-988
123000507,169,372,-203
123000508,230,1101,-871
123000517,322,40,282
123000518,49,278,-229
123000519,211,71,140
123000520,79,264,-185
123000521,369,111,258
123000522,142,435,-293
123000541,18,6,12
123000542,0,15,-15
123000565,597,66,531
123000566,246,799,-553
123000567,138,253,-115
123000573,46,996,-950
123000574,857,62,795
123000575,1454,1489,-35
123000576,979,1789,-810
123000577,107,744,-637
123000578,649,107,542
123000579,3744,5940,-2196
123000580,110,28,82
123000582,573,46,527
123000583,44,452,-408
123000584,274,371,-97
123000585,0,139,-139
123000586,173,42,131
123000596,114,145,-31
123000597,83,131,-48
123000602,42,13,29
123000603,681,783,-102
123000604,494,935,-441
123000605,876,136,740
123000606,3,356,-353
123000609,22,414,-392
123000610,253,178,75
123000613,38,201,-163
123000614,268,80,188
123000615,90,128,-38
123000616,838,93,745
123000617,138,565,-427
123000618,58,702,-644
123000619,679,53,626
123000620,26,520,-494
123000622,498,28,470
123000624,160,36,124
123000630,977,443,534
123000631,313,1396,-1083
123000632,953,1028,-75
123000633,2,210,-208
123000634,67,140,-73
123000635,157,138,19
123000636,23,642,-619
123000637,170,133,37
123000638,612,72,540
123000639,1343,3994,-2651
123000640,12,898,-886
123900001,1420,66,1354
123900002,75,1391,-1316
123900003,553,484,69
123900005,279,217,62
123900006,306,58,248
124000001,2178,169,2009
124000002,106,2024,-1918
124000003,925,204,721
124000004,105,592,-487
124000005,1096,466,630
124000006,360,1370,-1010
124000007,618,142,476
124000008,24,632,-608
124000009,594,306,288
124000010,245,538,-293
124000011,942,348,594
124000012,334,665,-331
124000017,219,195,24
124000018,100,99,1
124000019,175,170,5
124000020,74,246,-172
124000021,131,143,-12
124000022,102,267,-165
124000023,1757,1705,52
124000024,1318,555,763
124000025,1315,1883,-568
124000026,1117,1064,53
124000027,5455,5644,-189
124000028,2506,4892,-2386
124000030,3521,1626,1895
124000031,1399,2753,-1354
124000032,3106,1147,1959
124000033,169,360,-191
124000034,1170,654,516
124000035,41,181,-140
124000036,59,218,-159
124000037,857,1032,-175
124000038,81,85,-4
124000039,1460,509,951
124000040,738,1379,-641
124000041,710,77,633
124000042,184,532,-348
124000043,160,111,49
124000044,60,246,-186
124000045,858,692,166
124000046,291,725,-434
124000047,1734,1180,554
124000048,1211,1630,-419
124000049,1978,814,1164
124000050,1031,2282,-1251
124000051,1084,710,374
124000052,722,1192,-470
124000053,598,1592,-994
124000054,951,708,243
124000055,1705,2801,-1096
124000056,2697,1806,891
124000057,967,722,245
124000058,517,1523,-1006
124000059,633,1380,-747
124000060,1646,877,769
124000061,1643,5432,-3789
124000062,4870,2300,2570
124000063,1479,1974,-495
124000064,2712,1663,1049
124000065,13,437,-424
124000066,70,46,24
124000067,254,260,-6
124000068,12,25,-13
124000069,181,15,166
124000070,52,116,-64
124000071,844,135,709
124000072,431,558,-127
124000073,1027,198,829
124000074,283,964,-681
124000075,413,48,365
124000076,15,263,-248
124000077,1826,971,855
124000078,3744,1123,2621
124000079,761,1612,-851
124000080,675,263,412
124000081,254,723,-469
124000082,70,192,-122
124000083,124,133,-9
124000084,87,307,-220
124000085,240,53,187
124000086,86,127,-41
124000087,581,121,460
124000088,407,488,-81
124000089,961,507,454
124000090,92,378,-286
124000091,402,111,291
124000092,81,484,-403
124000093,144,118,26
124000094,259,506,-247
124000095,124,108,16
124000096,145,379,-234
124000097,122,136,-14
124000098,71,117,-46
124000099,202,118,84
124000100,59,101,-42
124000101,73,128,-55
124000102,122,74,48
124000103,109,155,-46
124000104,122,73,49
124000105,92,83,9
124000106,140,103,37
124000107,13,184,-171
124000108,78,39,39
124000109,122,113,9
124000110,226,135,91
124000111,231,161,70
124000112,773,751,22
124000113,118,86,32
124000114,311,474,-163
124000115,467,737,-270
124000116,150,167,-17
124000117,52,104,-52
124000118,52,137,-85
124000119,1065,711,354
124000120,612,481,131
124000121,1669,802,867
124000122,643,1317,-674
124000123,1342,562,780
124000124,589,1406,-817
124000125,441,544,-103
124000126,316,749,-433
124000127,963,437,526
124000128,551,1231,-680
124000129,2371,1763,608
124000130,916,768,148
124000131,1203,690,513
124000132,1182,1034,148
124000133,849,930,-81
124000134,1223,817,406
124000135,2028,2110,-82
124000136,1269,1349,-80
124000137,1660,944,716
124000138,2347,1668,679
124000139,676,24,652
124000140,33,753,-720
124000141,210,17,193
124000142,9,204,-195
124000143,56,15,41
124000144,14,71,-57
124000145,149,59,90
124000146,123,105,18
124000148,108,142,-34
124000149,1633,522,1111
124000150,597,779,-182
124000151,952,426,526
124000152,971,1485,-514
124000153,941,807,134
124000154,645,936,-291
124000155,1549,1083,466
124000156,1885,1267,618
124000169,223,489,-266
124000170,676,661,15
124000171,377,258,119
124000172,463,724,-261
124000173,533,248,285
124000174,366,660,-294
124000175,10,177,-167
124000176,93,31,62
124000177,18,44,-26
124000178,51,80,-29
124000190,62,32,30
124000191,74,47,27
124000192,2494,452,2042
124000193,695,1092,-397
124000194,418,647,-229
124000195,251,634,-383
124000196,1251,1250,1
124000197,102,58,44
124000198,50,70,-20
124000201,470,1119,-649
124000202,730,595,135
124000203,820,660,160
124000204,816,524,292
124000205,92,595,-503
124000206,788,412,376
124000207,0,71,-71
124000209,250,623,-373
124000210,442,236,206
124000211,565,1,564
124000212,3,553,-550
124000213,412,351,61
124000214,394,694,-300
124000215,375,30,345
124000216,3,430,-427
124000329,263,1785,-1522
124000338,238,918,-680
124000339,1100,298,802
124000341,1311,299,1012
124000344,38,0,38
124000357,1008,2001,-993
124000358,890,1436,-546
124000359,1444,890,554
124000360,947,591,356
124000361,1786,884,902
124000362,1485,1887,-402
124000363,362,522,-160
124000364,701,1241,-540
124000365,784,1300,-516
124000366,1709,1096,613
124000367,140,629,-489
124000368,570,364,206
124000369,207,126,81
124000370,88,577,-489
124000402,58,20,38
124000403,192,20,172
124000404,6,105,-99
124000405,1338,960,378
124000406,917,1035,-118
124000407,4,54,-50
124000411,16,440,-424
124000412,441,18,423
124000413,165,43,122
124000414,83,111,-28
124000415,78,146,-68
124000416,230,280,-50
124000417,171,118,53
124000418,171,112,59
124000419,87,172,-85
124000420,87,67,20
124000421,61,223,-162
124000422,31,31,0
124000423,171,55,116
124000424,3,76,-73
124000425,34,21,13
124000426,3,44,-41
124000427,42,11,31
124000428,16,40,-24
124000429,92,75,17
124000430,647,604,43
124000431,307,776,-469
124000432,248,728,-480
124000439,13,5,8
124000442,8,129,-121
124000443,0,4,-4
124000445,242,459,-217
124000446,930,71,859
124900001,460,426,34
124900002,191,379,-188
124900003,1037,683,354
124900004,605,418,187
124900005,289,246,43
124900006,686,396,290
124900008,1626,845,781
124900009,197,398,-201
124900010,232,187,45
124900011,707,324,383
124900012,597,116,481
124900013,590,188,402
124900014,578,82,496
124900015,184,491,-307
124900016,84,113,-29
124900017,734,1529,-795
124900018,60,14,46
124900020,143,73,70
124900021,533,59,474
124900022,58,9,49
124900024,363,32,331
124900026,254,29,225
124900027,186,516,-330
124900028,652,141,511
124900029,8,548,-540
124900030,11,127,-116
124900031,79,425,-346
124900032,243,298,-55
124900033,275,436,-161
124900034,26,118,-92
124900035,170,581,-411
124900036,3,47,-44
124900037,198,369,-171
124900038,441,395,46
124900039,0,129,-129
124900040,149,96,53
124900041,261,1059,-798
124900042,381,1,380
124900043,577,1096,-519
124900044,158,6,152
124900045,1121,1319,-198
124900046,1483,334,1149
124900047,148,243,-95
124900048,233,153,80
124900050,139,270,-131
124900052,103,521,-418
124900053,288,477,-189
124900054,2267,668,1599
124900055,1,287,-286
124900057,13,47,-34
124900060,166,303,-137
124900061,74,27,47
124900062,215,36,179
124900066,0,20,-20
124900067,6,200,-194
124900068,247,623,-376
124900070,113,37,76
124900072,116,42,74
124900074,666,273,393
124900075,239,242,-3
124900076,29,1190,-1161
124900077,28,169,-141
124900078,136,24,112
124900079,578,272,306
124900080,304,645,-341
124900081,917,354,563
124900082,417,769,-352
124900083,250,562,-312
124900084,2166,150,2016
124900085,1313,516,797
124900086,181,1589,-1408
124900087,817,180,637
124900088,897,176,721
124900089,1423,47,1376
124900090,393,327,66
124900091,365,555,-190
124900092,249,324,-75
124900093,352,289,63
124900094,409,396,13
124900095,117,535,-418
124900096,731,324,407
124900097,365,99,266
124900098,158,393,-235
124900099,951,531,420
124900100,385,104,281
124900101,121,708,-587
124900102,273,40,233
124900103,142,285,-143
124900104,62,206,-144
124900105,108,174,-66
124900106,408,55,353
124900107,211,21,190
124900108,232,129,103
124900109,81,151,-70
124900110,470,478,-8
124900111,0,179,-179
124900112,79,751,-672
124900113,148,232,-84
124900114,243,137,106
124900115,209,69,140
124900116,240,153,87
124900117,429,169,260
124900118,289,216,73
124900119,402,196,206
124900120,61,467,-406
124900121,140,415,-275
124900122,338,332,6
124900123,335,103,232
124900124,209,336,-127
129000186,198,55,143
204000001,31,5,26
204000002,15,4,11
204000003,32,0,32
204000004,8,0,8
204000005,546,422,124
204000006,1497,1118,379
204000011,9,55,-46
204000012,71,70,1
204000013,0,23,-23
204000019,579,600,-21
204000020,886,596,290
204000021,2584,884,1700
204000022,706,480,226
204000023,588,953,-365
204000031,51,31,20
204000032,550,28,522
204000034,22,216,-194
204000035,19,8,11
204000036,6,20,-14
204000037,0,12,-12
204000038,1,11,-10
204000039,16,28,-12
204000040,4,29,-25
204000041,10,32,-22
204000042,59,15,44
204000043,47,2,45
204000044,33,2,31
204000045,56,1,55
204000046,46,3,43
204000057,9,21,-12
204000062,4,20,-16
204000068,29,276,-247
204000069,20,369,-349
204000070,164,76,88
204000080,143,83,60
204000085,2227,2252,-25
204000086,2439,2291,148
204000087,42,17,25
204000088,2,89,-87
204000090,27,355,-328
204000093,367,50,317
204000096,770,996,-226
204000097,526,11,515
204000099,1249,1334,-85
204000100,1514,1989,-475
204000105,2351,1619,732
204000110,1288,1381,-93
204000111,515,808,-293
204000112,1956,794,1162
204000113,516,772,-256
204000114,1010,847,163
204000115,682,437,245
204000116,3198,680,2518
204000119,1964,2805,-841
204000132,665,358,307
204000133,758,275,483
204000134,565,123,442
204000135,790,113,677
204000136,860,236,624
204000138,481,677,-196
204000140,220,175,45
204000141,161,81,80
204000144,30,35,-5
204000145,570,48,522
204000146,27,335,-308
204000147,18,179,-161
204000148,325,30,295
204000154,15,2,13
204000155,11,7,4
204000177,79,73,6
204000179,18,7,11
204000180,0,16,-16
204000222,6,18,-12
204000235,19,22,-3
204000236,88,232,-144
204000238,30,45,-15
204000240,420,100,320
204000263,472,1070,-598
204000268,1252,655,597
204000308,237,35,202
204000317,6,57,-51
204000322,3,50,-47
204000323,20,18,2
204000328,301,52,249
204000329,34,220,-186
204000330,185,13,172
204000331,24,114,-90
204010341,7,197,-190
205000001,946,1890,-944
205000013,1,86,-85
205000014,14,117,-103
205000015,21,215,-194
205000016,56,180,-124
205000017,18,99,-81
205000022,300,845,-545
205000025,1245,1311,-66
205000029,169,16,153
205000045,160,467,-307
205000046,123,510,-387
205000047,99,472,-373
205000048,337,940,-603
205000049,232,825,-593
205000050,648,311,337
205000059,0,182,-182
205000060,0,84,-84
205000061,1,83,-82
205000062,3,46,-43
205000063,11,104,-93
205000064,7,91,-84
205000065,44,543,-499
205000066,120,629,-509
205000067,33,825,-792
205000069,163,15,148
205000082,177,201,-24
205000110,66,251,-185
205000111,267,273,-6
205000112,212,284,-72
205000113,192,401,-209
205000121,315,68,247
205000123,64,243,-179
205000126,413,120,293
205000127,728,146,582
205000128,440,55,385
205000129,550,69,481
205000130,218,21,197
205000131,163,7,156
205000132,218,6,212
205000133,168,0,168
205000134,227,3,224
205000137,76,193,-117
205000138,193,361,-168
205000139,43,152,-109
205000144,140,90,50
205000145,454,195,259
205000151,185,30,155
205000152,276,32,244
205000153,275,27,248
205000154,138,50,88
205000155,133,15,118
205000207,8,207,-199
205000233,18,1,17
205000234,0,1,-1
205000243,0,1,-1
205000244,1,5,-4
205000245,15,170,-155
205000249,0,37,-37
205000250,4,4,0
205000264,7,96,-89
206000027,5,1,4
206000028,6,5,1
206000043,8,37,-29
206000053,3,14,-11
206000054,2,28,-26
206000055,2,37,-35
206000075,16,16,0
206000076,15,15,0
206000077,31,2,29
206000078,20,4,16
206000079,12,6,6
206000082,376,61,315
206000100,43,598,-555
206000103,7,16,-9
206000104,13,23,-10
206000105,3,17,-14
206000106,17,25,-8
206000108,619,52,567
206000125,54,0,54
206000157,58,681,-623
206000170,3,202,-199
206000171,2,210,-208
206000172,10,474,-464
206000173,2,286,-284
206000174,18,89,-71
206000175,9,123,-114
206000176,18,200,-182
206000177,2,189,-187
206000178,3,215,-212
206000179,26,144,-118
206000180,17,194,-177
206000181,9,148,-139
206000182,9,161,-152
206000183,19,552,-533
206000184,14,399,-385
206000185,3,202,-199
206000186,107,1250,-1143
206000223,4,201,-197
206000226,45,4,41
206000227,17,5,12
206000237,31,451,-420
206000238,24,554,-530
206000239,270,2021,-1751
206000240,3,56,-53
206000241,0,98,-98
206000242,4,278,-274
206000243,6,193,-187
206000244,39,737,-698
206000245,846,96,750
206000246,202,18,184
206000247,207,16,191
206000248,341,15,326
206000252,75,26,49
206000258,23,34,-11
206000315,35,10,25
206000317,564,83,481
206000318,392,43,349
206000319,1228,100,1128
206000320,170,36,134
206000321,199,6,193
206000322,390,21,369
206000323,139,5,134
206000324,152,5,147
206000325,247,6,241
206000326,287,18,269
206000327,288,11,277
206000328,155,5,150
206000329,300,4,296
206000330,49,6,43
206000331,171,2,169
206000332,50,9,41
206000333,623,1,622
206000334,268,0,268
206000335,0,16,-16
206000361,6,204,-198
206000392,3,30,-27
206000405,126,0,126
206000441,25,12,13
206000498,32,2,30
206000515,107,27,80
206000530,242,47,195
206000531,182,204,-22
206000532,1672,301,1371
206000535,348,2052,-1704
206000536,19,242,-223
206000537,10,167,-157
206000613,1561,177,1384
207000001,149,499,-350
207000002,121,311,-190
207000003,127,164,-37
207000007,835,229,606
207000008,79,9,70
207000009,40,48,-8
207000010,434,433,1
207000012,334,247,87
207000015,299,1335,-1036
207000019,255,79,176
207000021,570,137,433
207000022,210,109,101
207000023,204,39,165
207000024,2,17,-15
207000025,37,56,-19
207000026,96,48,48
207000027,21,103,-82
207000028,95,197,-102
207000029,246,477,-231
207000033,201,362,-161
207000034,381,75,306
207000039,418,145,273
207000040,360,98,262
207000041,208,54,154
207000042,309,73,236
207000043,303,211,92
207000051,134,309,-175
207000052,78,170,-92
207000053,376,507,-131
207000054,41,75,-34
207000055,156,115,41
207000056,291,252,39
207000057,134,241,-107
207000058,130,272,-142
207000059,69,461,-392
207000060,74,205,-131
207000061,273,474,-201
207000062,231,36,195
207000063,245,113,132
207000064,480,130,350
207000065,454,178,276
207000066,187,152,35
207000067,67,98,-31
207000068,114,51,63
207000069,656,348,308
207000082,4,237,-233
207000083,94,261,-167
207000084,202,262,-60
207000085,187,8,179
207000086,153,2,151
207000106,35,46,-11
207000107,98,18,80
207000108,57,14,43
207000109,48,9,39
207000110,99,89,10
207000111,89,82,7
207000112,155,536,-381
207000114,30,49,-19
207000115,20,106,-86
207000116,24,424,-400
207000117,16,135,-119
207000118,7,124,-117
207000119,27,92,-65
207000123,209,25,184
207000124,98,37,61
207000125,71,45,26
207000126,62,57,5
207000134,48,129,-81
207000135,40,226,-186
207000148,73,284,-211
207000149,50,46,4
207000152,144,369,-225
207000153,1046,1212,-166
207000154,365,168,197
207000159,79,229,-150
207000160,187,459,-272
207000238,0,220,-220
207000242,6,225,-219
207000248,56,41,15
207000249,187,53,134
207000250,844,64,780
207000251,115,86,29
207000252,149,80,69
207000278,69,95,-26
207000279,26,172,-146
207000280,476,64,412
207000281,115,913,-798
207000282,174,69,105
207000283,157,223,-66
207000284,104,200,-96
207000285,135,66,69
207000291,17,132,-115
207000304,110,56,54
207000306,79,371,-292
207000310,114,78,36
207000353,261,4,257
207000356,18,70,-52
207000357,44,16,28
207000358,5,20,-15
207000415,5,244,-239
207000417,45,1,44
207000418,41,131,-90
207000438,0,2,-2
207000439,1098,741,357
207000446,148,6,142
207000460,18,7,11
207000466,233,206,27
207000467,221,125,96
207000468,61,390,-329
207000476,9,93,-84
207000477,663,125,538
207000478,0,23,-23
207000523,0,11,-11
207000524,27,1,26
207000527,110,154,-44
207000530,445,5,440
207000531,317,10,307
207000532,152,34,118
207000534,543,60,483
207000535,43,407,-364
207000537,279,143,136
207000540,4,222,-218
207000541,11,401,-390
207000548,15,310,-295
207000549,487,29,458
207000561,145,177,-32
207000562,45,273,-228
207000567,140,242,-102
207000568,174,91,83
207000569,454,922,-468
207000584,376,287,89
207000585,102,422,-320
207000616,1,153,-152
207000617,162,0,162
207900008,232,104,128
208000001,730,999,-269
208000002,695,556,139
208000003,1269,397,872
208000004,1290,662,628
208000005,12,26,-14
208000019,610,1172,-562
208000020,136,557,-421
208000021,299,423,-124
208000022,1121,581,540
208000028,2020,1159,861
208000033,718,950,-232
208000034,1372,1676,-304
208000040,239,229,10
208000041,1111,671,440
208000042,1716,742,974
208000047,155,273,-118
208000064,2991,1441,1550
208000066,2166,2531,-365
208000070,323,369,-46
208000071,380,962,-582
208000072,298,1349,-1051
208000080,331,350,-19
208000081,362,157,205
208000082,302,259,43
208000083,135,404,-269
208000084,23,21,2
208000085,900,627,273
208000086,474,1065,-591
208000087,422,895,-473
208000089,939,385,554
208000090,890,722,168
208000093,146,188,-42
208000094,1320,417,903
208000095,758,446,312
208000104,1010,904,106
208000105,1082,970,112
208000114,101,367,-266
208000115,515,472,43
208000116,584,1176,-592
208000117,153,185,-32
208000118,121,146,-25
208000155,853,1176,-323
208000158,1496,3603,-2107
208000186,4216,4353,-137
208000204,723,1025,-302
208000205,1093,1111,-18
208000282,6679,3309,3370
209000004,600,226,374
209000005,40,58,-18
209000006,470,176,294
209000007,250,311,-61
209000010,497,182,315
209000011,232,266,-34
209000012,254,164,90
209000013,756,407,349
209000014,536,1135,-599
209000025,277,37,240
209000026,576,131,445
209000027,393,865,-472
209000028,533,786,-253
209000029,563,676,-113
209000030,577,1542,-965
209000031,2674,2431,243
209000034,224,191,33
209000035,119,147,-28
209000036,180,94,86
209000037,227,227,0
209000038,97,131,-34
209000039,71,129,-58
209000040,323,633,-310
209000041,174,513,-339
209000042,290,352,-62
209000043,859,892,-33
209000044,222,760,-538
209000045,1406,664,742
209000046,588,1080,-492
209000047,432,249,183
209000048,522,390,132
209000049,99,127,-28
209000050,191,168,23
209000051,264,267,-3
209000052,162,269,-107
209000062,38,93,-55
209000063,66,75,-9
209000064,27,119,-92
209000065,89,37,52
209000066,95,34,61
209000067,95,54,41
209000080,35,293,-258
209000082,92,32,60
209000091,39,137,-98
209000093,62,34,28
209000094,243,211,32
209000110,53,115,-62
209000111,492,1480,-988
209000112,946,1113,-167
209000113,1482,1141,341
209000114,631,603,28
209000115,61,138,-77
209000116,552,427,125
209000118,18,46,-28
209000119,60,18,42
209000121,156,557,-401
209000135,99,173,-74
209000142,668,1393,-725
209000143,77,81,-4
209000144,51,133,-82
209000229,277,333,-56
209000240,32,337,-305
209000259,84,93,-9
209000260,78,1210,-1132
209000261,4,800,-796
209000262,1,564,-563
209000263,0,157,-157
209000264,1,161,-160
209000265,1690,21,1669
209000266,468,6,462
209000267,1572,17,1555
209000268,719,72,647
210000037,84,42,42
210000047,92,24,68
210000048,107,26,81
210000049,57,19,38
210000052,42,93,-51
210000053,30,61,-31
210000054,37,87,-50
210000070,160,5,155
210000071,126,2,124
210000072,57,0,57
210000073,0,38,-38
210000074,1,121,-120
210000075,6,112,-106
210000076,23,223,-200
210000077,15,36,-21
210000078,34,34,0
210000079,51,15,36
210000080,117,39,78
210000081,198,22,176
210000082,172,3,169
210000083,84,1,83
210000084,39,0,39
210000085,0,63,-63
210000086,7,88,-81
210000099,29,232,-203
210000100,69,130,-61
210000101,81,183,-102
210000105,37,177,-140
210000159,1,176,-175
210000163,206,231,-25
210000164,282,200,82
210000168,165,56,109
210000187,0,14,-14
210000188,0,22,-22
210000214,36,0,36
210000219,39,28,11
210000220,57,53,4
210000232,3,19,-16
210000233,26,65,-39
210000234,26,118,-92
210000235,57,75,-18
210000245,2,24,-22
210000246,35,3,32
210000258,18,121,-103
210000259,442,73,369
210000282,113,252,-139
210000285,1,118,-117
210000286,16,176,-160
210000290,1,6,-5
210000295,57,128,-71
210000296,37,27,10
210000320,128,92,36
210000321,151,64,87
210000338,47,54,-7
210000339,405,995,-590
210000340,103,346,-243
210000341,212,214,-2
210000342,206,178,28
210000343,130,135,-5
210000344,181,97,84
210000345,145,187,-42
210000346,69,107,-38
210000347,49,47,2
210000348,122,21,101
210000349,64,18,46
210000350,184,74,110
210000351,105,116,-11
210000352,84,72,12
210000353,69,114,-45
210000354,140,124,16
210000355,64,99,-35
210000356,20,49,-29
210000357,54,40,14
210000358,305,114,191
210000359,91,87,4
210000360,172,110,62
210000361,212,152,60
210000362,249,196,53
210000363,848,258,590
210000364,147,160,-13
210000365,110,70,40
210000366,116,50,66
210000367,83,33,50
210000368,152,49,103
210000369,17,20,-3
210000370,28,37,-9
210000372,30,32,-2
210000373,39,14,25
210000374,41,17,24
210000375,40,82,-42
210000376,109,109,0
210000404,55,101,-46
210000439,14,64,-50
210000472,132,3,129
210000482,50,98,-48
210000564,459,297,162
210000567,0,15,-15
210000568,361,2,359
211000092,49,61,-12
211000094,40,6,34
211000169,187,24,163
211000172,9,213,-204
211000209,0,24,-24
211000226,5,6,-1
211000270,17,22,-5
211000275,17,21,-4
211000276,110,33,77
211000279,39,33,6
211000281,52,25,27
211507980,0,51,-51
211977296,63,3,60
212000003,83,44,39
212000004,31,20,11
212000005,16,29,-13
212000006,22,58,-36
212000008,171,182,-11
212000009,33,135,-102
212000012,105,94,11
212000013,21,55,-34
212000014,250,156,94
212000015,239,262,-23
212000016,461,611,-150
212000027,545,504,41
212000028,325,468,-143
212000029,213,257,-44
212000030,62,30,32
212000031,74,62,12
212000048,69,124,-55
212000049,14,130,-116
212000050,26,12,14
212000051,168,225,-57
212000052,194,350,-156
212000053,370,595,-225
212000054,266,130,136
212000055,247,228,19
212000056,17,47,-30
212000057,14,37,-23
212000058,237,35,202
212000070,122,282,-160
212000077,166,671,-505
212000099,306,322,-16
212000108,165,161,4
212000111,199,90,109
212000120,99,67,32
212000138,100,32,68
212000156,22,105,-83
212000158,6,25,-19
212000159,394,73,321
212000160,699,277,422
212000161,61,12,49
212000310,61,15,46
212000311,14,67,-53
212000374,39,18,21
213000001,39,478,-439
213000005,503,122,381
213000006,1189,255,934
213000007,212,11,201
213000009,886,553,333
213000010,192,371,-179
213000011,195,121,74
213000012,162,446,-284
213000014,105,11,94
213000015,273,1,272
213000016,604,1,603
213000017,78,2,76
213000018,1,164,-163
213000019,1,162,-161
213000020,131,447,-316
213000021,7,143,-136
213000023,360,145,215
213000033,345,1808,-1463
213000034,919,365,554
213000035,146,207,-61
213000045,207,254,-47
213000046,241,196,45
213000047,767,1378,-611
213000056,251,42,209
213000069,136,14,122
213000073,2,66,-64
213000074,120,424,-304
213000075,594,14,580
213000076,13,4,9
213000085,9,47,-38
213000086,20,216,-196
213000091,201,20,181
213000092,126,16,110
213000099,157,1180,-1023
213000100,1088,235,853
213000101,375,144,231
213000102,455,351,104
213000103,925,1001,-76
213000104,59,446,-387
213000105,2,155,-153
213000106,43,122,-79
213000107,123,653,-530
213000108,41,589,-548
213000109,7,311,-304
213000110,8,108,-100
213000111,12,79,-67
213000112,157,125,32
213000115,122,22,100
213000116,45,453,-408
213000117,14,751,-737
213000118,450,223,227
213000119,57,732,-675
213000120,134,555,-421
213000122,168,789,-621
213000123,431,1787,-1356
213000124,132,1660,-1528
213000125,143,23,120
213000126,104,181,-77
213000127,167,277,-110
213000128,570,1169,-599
213000129,372,557,-185
213000130,580,222,358
213000132,344,104,240
213000133,530,131,399
213000134,758,38,720
213000136,504,29,475
213000137,683,83,600
213000139,211,11,200
213000147,105,13,92
213000148,23,7,16
213000149,46,6,40
213000150,1,187,-186
213000151,6,134,-128
213000152,2,96,-94
213000153,9,157,-148
213000154,94,296,-202
213000155,79,288,-209
213000156,154,563,-409
213000157,683,475,208
213000158,385,1024,-639
213000159,705,513,192
213000163,936,109,827
213000165,1046,254,792
213000171,3,106,-103
213000172,2,416,-414
213000173,3,302,-299
213000174,8,250,-242
213000175,17,184,-167
213000176,106,21,85
213000177,93,14,79
213000178,152,12,140
213000179,231,2,229
213000180,196,1,195
213000184,169,541,-372
213000188,365,129,236
213000189,353,47,306
213000190,1083,1041,42
213000191,324,508,-184
213000192,261,442,-181
213000193,947,343,604
213000194,1,74,-73
213000195,34,397,-363
213000196,264,1381,-1117
213000197,438,628,-190
213000198,139,5,134
213000200,137,1051,-914
213000201,75,54,21
213000202,22,477,-455
213000203,3536,811,2725
213000204,598,101,497
213000205,418,98,320
213000206,539,61,478
213000207,264,36,228
213000208,112,1,111
213000209,183,2,181
213000210,471,4,467
213000211,14,32,-18
213000212,21,26,-5
213000213,21,91,-70
213000218,258,697,-439
213000219,535,30,505
213000220,463,26,437
213000223,191,166,25
213000224,90,36,54
213000225,151,13,138
213000226,103,24,79
213000227,877,162,715
213000228,381,79,302
213000229,359,29,330
213000230,331,16,315
213000232,88,793,-705
213000233,21,338,-317
213000234,2,58,-56
213000293,19,98,-79
213000294,149,25,124
213000295,33,88,-55
213000296,64,29,35
213000297,12,78,-66
213000298,46,105,-59
213000299,95,46,49
213000300,69,8,61
213000303,14,29,-15
213000304,4,19,-15
213000305,15,26,-11
213000306,84,49,35
213000307,184,89,95
213000308,122,226,-104
213000309,171,65,106
213000310,740,226,514
213000311,316,793,-477
213000315,97,119,-22
213000316,153,69,84
213000322,120,169,-49
213000323,114,87,27
213000324,95,86,9
213000325,75,135,-60
213000326,64,43,21
213000327,45,105,-60
213000328,54,168,-114
213000329,128,56,72
213000340,134,654,-520
213000341,367,95,272
213000347,857,396,461
213000348,21,123,-102
213000349,87,13,74
213000350,384,1220,-836
213000366,70,372,-302
213000367,251,26,225
213000379,160,53,107
213000386,22,332,-310
213000406,125,419,-294
213000417,1180,544,636
213000425,157,48,109
213000426,171,65,106
213000427,40,269,-229
213000428,52,231,-179
213000429,48,5,43
213000430,127,976,-849
213000431,264,6,258
213000432,4,97,-93
213000433,29,159,-130
213000434,83,124,-41
213000435,172,86,86
213000436,23,63,-40
213000437,1,47,-46
213000438,212,116,96
213000439,56,10,46
213000440,13,378,-365
213000441,4,2,2
213000442,8,51,-43
213000443,704,397,307
213000444,29,70,-41
213000445,0,69,-69
213000446,2,174,-172
213000447,4,49,-45
213000448,9,128,-119
213000449,373,14,359
213000450,20,51,-31
213000451,298,87,211
213000452,35,19,16
213000453,33,280,-247
213000455,832,23,809
213000456,1,398,-397
213000481,3,5,-2
213000484,27,5,22
213000489,528,77,451
213900002,0,116,-116
213900003,363,27,336
213900013,4,155,-151
213900015,0,7,-7
213900016,20,14,6
213900020,21,151,-130
213900030,2,92,-90
213900032,253,197,56
213900033,137,39,98
213900034,527,78,449
213900035,250,631,-381
213900036,182,225,-43
213900037,50,347,-297
213900038,384,135,249
213900039,0,124,-124
213900041,2,195,-193
213900042,300,259,41
213900043,260,182,78
213900244,18,0,18
213900245,0,26,-26
218000003,27,20,7
218000004,42,25,17
218000005,180,32,148
218000006,54,40,14
218000007,34,21,13
218000012,210,165,45
218000013,125,149,-24
218000014,477,403,74
218000019,858,666,192
218000020,219,462,-243
218000021,38,61,-23
218000022,8,29,-21
218000023,0,32,-32
218000024,9,9,0
218000025,11,19,-8
218000026,14,47,-33
218000027,2,20,-18
218000028,2,6,-4
218000029,11,7,4
218000030,21,35,-14
218000031,10,28,-18
218000032,5,32,-27
218000040,6,7,-1
218000046,42,106,-64
218000047,9,163,-154
218000048,86,158,-72
218000049,147,124,23
218000050,474,314,160
218000051,111,317,-206
218000052,0,125,-125
218000053,5,19,-14
218000054,26,43,-17
218000055,2,18,-16
218000056,16,41,-25
218000057,6,27,-21
218000064,1,32,-31
218000065,68,87,-19
218000066,15,42,-27
218000067,56,67,-11
218000068,128,120,8
218000069,237,138,99
218000070,261,282,-21
218000071,199,211,-12
218000072,340,227,113
218000078,701,935,-234
218000079,81,82,-1
218000080,90,74,16
218000081,451,314,137
218000082,64,162,-98
218000083,58,60,-2
218000084,163,168,-5
218000085,183,417,-234
218000086,90,228,-138
218000087,221,221,0
218000090,16,109,-93
218000091,878,480,398
218000092,82,143,-61
218000093,70,56,14
218000094,447,560,-113
218000099,378,788,-410
218000100,247,294,-47
218000101,329,166,163
218000102,368,241,127
218000103,75,174,-99
218000104,68,52,16
218000105,22,22,0
218000106,12,9,3
218000107,48,70,-22
218000108,2,41,-39
218000112,83,41,42
218000117,136,58,78
218000134,616,727,-111
218000135,57,117,-60
218000136,318,127,191
218000137,314,174,140
218000138,55,119,-64
218000139,214,360,-146
218000140,597,291,306
218000141,122,71,51
218000142,293,165,128
218000143,145,236,-91
218000144,95,93,2
218000145,354,399,-45
218000146,96,224,-128
218000151,11,46,-35
218000152,229,47,182
218000153,15,5,10
218000154,39,5,34
218000155,10,2,8
218000156,67,16,51
218000157,22,13,9
218000158,7,6,1
218000159,3,4,-1
218000160,2,5,-3
218000161,29,4,25
218000162,35,6,29
218000163,13,3,10
218000164,54,4,50
218000165,52,24,28
218000170,7,49,-42
218000171,65,22,43
218000172,13,27,-14
218000173,150,7,143
218000174,25,13,12
218000176,222,41,181
218000177,420,257,163
218000178,130,223,-93
218000179,85,94,-9
218000180,100,24,76
218000181,160,69,91
218000187,3,18,-15
218000188,34,39,-5
218000189,32,71,-39
218000190,13,35,-22
218000191,164,59,105
218000192,197,344,-147
218000193,424,456,-32
218000194,115,389,-274
218000195,146,90,56
218000196,361,437,-76
218000197,414,428,-14
218000198,31,175,-144
218000199,77,58,19
218000200,82,47,35
218000201,15,20,-5
218000202,79,181,-102
218000207,6,42,-36
218000208,52,41,11
218000211,52,23,29
218000212,2,17,-15
218000213,99,129,-30
218000214,3,50,-47
218000215,48,72,-24
218000217,10,105,-95
218000218,306,99,207
218000219,74,33,41
218000220,135,384,-249
218000221,788,205,583
218000222,34,57,-23
218000223,58,508,-450
218000224,19,209,-190
218000225,161,40,121
218000226,133,103,30
218000230,0,2,-2
218000232,48,55,-7
218000239,215,15,200
218000240,72,3,69
218000241,67,9,58
218000242,146,5,141
218000243,176,2,174
218000244,82,11,71
218000245,49,0,49
218000246,23,0,23
218000247,2,1,1
218000248,0,25,-25
218000249,2,4,-2
218000250,1,7,-6
218000251,3,7,-4
218000252,1,23,-22
218000253,3,28,-25
218000254,0,24,-24
218000255,1,22,-21
218000256,7,66,-59
218000267,524,993,-469
218000268,12,74,-62
218000269,6,15,-9
218000270,33,21,12
218000271,16,40,-24
218000273,14,2,12
218000274,9,5,4
218000275,20,53,-33
218000276,12,61,-49
218000278,18,27,-9
218000279,38,26,12
218000280,3,14,-11
218000281,20,19,1
218000282,421,331,90
218000284,93,9,84
218000301,118,153,-35
218000302,197,45,152
218000303,39,38,1
218000316,731,1141,-410
218000317,991,1254,-263
218000318,634,913,-279
218000319,956,1104,-148
218000320,821,666,155
218000338,84,32,52
218000345,121,45,76
218000346,27,157,-130
218000459,53,331,-278
218000490,72,39,33
218000501,96,141,-45
218000502,40,66,-26
218000503,94,24,70
218000504,157,40,117
218000505,78,114,-36
218000506,38,255,-217
218000508,13,6,7
218000510,167,13,154
218000520,121,127,-6
218000521,7,39,-32
218000522,0,142,-142
218000523,124,2,122
218000524,51,184,-133
218000525,185,14,171
218000526,35,197,-162
218000529,20,141,-121
218000530,20,3,17
218000531,12,37,-25
218000532,37,23,14
218000534,89,14,75
218000537,23,58,-35
218000538,203,224,-21
218000540,745,113,632
218000543,101,54,47
218000544,58,82,-24
218000545,66,60,6
218000546,33,86,-53
218000547,82,179,-97
218000548,181,141,40
218000549,508,412,96
218000550,200,376,-176
218000551,107,893,-786
218000552,505,57,448
218000553,37,99,-62
218000554,42,32,10
218000555,56,25,31
218000556,139,214,-75
218000557,237,109,128
218000558,141,45,96
218000559,0,50,-50
218000560,0,13,-13
218000561,24,0,24
218000562,40,183,-143
218000563,232,28,204
218000564,15,161,-146
218000565,221,30,191
218000566,640,29,611
218000567,3,112,-109
218000568,83,13,70
218000569,13,144,-131
218000570,177,16,161
218000571,12,103,-91
218000572,189,4,185
218000573,25,225,-200
218000574,170,60,110
218000575,77,0,77
218000576,0,95,-95
218000577,129,2,127
218000578,0,77,-77
218000579,144,12,132
218000581,5,66,-61
218000582,69,4,65
218000583,22,0,22
218000584,1,34,-33
218000585,44,7,37
218000586,7,49,-42
218000587,7,4,3
218000588,3,5,-2
218000589,3,5,-2
218000590,6,1,5
218000591,7,1,6
218000592,30,0,30
218000593,0,1,-1
218000594,0,0,0
218000595,0,0,0
218000596,0,0,0
218000597,0,1,-1
218000598,0,1,-1
218000599,0,0,0
218000600,2,0,2
218000601,0,0,0
218000602,0,4,-4
218000603,0,6,-6
218000604,8,1,7
218000605,0,48,-48
218000606,57,0,57
218000607,10,47,-37
218000608,35,18,17
218000609,5,54,-49
218000610,56,3,53
218000611,48,6,42
218000612,0,34,-34
218000613,36,0,36
218000614,0,50,-50
218000615,191,0,191
218000616,7,160,-153
218000617,38,3,35
218000618,1,23,-22
218000619,72,41,31
218000620,15,23,-8
218000621,1,6,-5
218000622,0,18,-18
218000623,158,0,158
218000624,1,43,-42
218000625,11,0,11
218000626,0,13,-13
218000628,112,49,63
218000631,41,15,26
218000632,7,99,-92
218000633,101,1,100
218000634,20,22,-2
218000635,24,24,0
218000636,799,1340,-541
218000637,936,613,323
218000638,165,40,125
218000639,40,232,-192
218000640,297,25,272
218000641,73,375,-302
218000652,51,92,-41
218000653,167,54,113
218000663,6,96,-90
218000675,134,36,98
218000676,3,19,-16
218000677,12,2,10
218000680,181,406,-225
218000681,259,126,133
218000691,129,231,-102
218000693,197,107,90
218000703,5,36,-31
218000718,784,1175,-391
218000719,1178,586,592
218000720,39,232,-193
218000721,534,38,496
218000725,9,10,-1
218001214,22,83,-61
218001329,63,84,-21
218001330,62,53,9
218001351,26,20,6
218001352,13,16,-3
218001353,13,9,4
218001354,4,10,-6
219000001,62,50,12
219000002,48,55,-7
219000003,77,35,42
219000004,41,36,5
219000017,108,34,74
219000020,127,203,-76
219000022,95,25,70
219000023,566,8,558
219000029,0,66,-66
219000034,39,31,8
219000039,119,117,2
219000040,49,58,-9
219000041,107,18,89
219000051,0,38,-38
219000052,0,32,-32
219000053,0,116,-116
219000054,598,362,236
219000055,131,1,130
219000056,14,0,14
219000057,64,0,64
219000062,17,68,-51
219000063,65,11,54
219000064,1,46,-45
219000110,616,68,548
219000111,170,41,129
219000112,151,57,94
219000113,177,135,42
219000114,216,316,-100
219000116,95,65,30
219000117,153,57,96
219000118,368,38,330
219000123,275,96,179
219000124,119,32,87
219000125,5,12,-7
219000126,73,126,-53
219000127,3,5,-2
219000128,13,100,-87
219000129,25,100,-75
219000130,620,513,107
219000131,586,855,-269
219000133,116,32,84
219000134,12,20,-8
219000135,42,70,-28
219000136,103,183,-80
219000138,120,41,79
219000139,38,40,-2
219000140,55,1,54
219000141,22,121,-99
219000142,16,110,-94
219000143,22,108,-86
219000145,30,65,-35
219000146,7,38,-31
219000147,1,31,-30
219000148,7,32,-25
219000149,11,77,-66
219000150,4,64,-60
219000151,3,50,-47
219000157,177,174,3
219000158,360,281,79
219000161,138,4,134
219000163,1757,626,1131
219000166,333,209,124
219000167,161,222,-61
219000168,290,117,173
219000174,350,161,189
219000175,66,3,63
219000176,114,9,105
219000177,40,1,39
219000178,42,0,42
219000179,17,5,12
219000180,40,27,13
219000182,186,24,162
219000183,114,25,89
219000184,147,14,133
219000185,0,59,-59
219000186,85,42,43
219000187,39,94,-55
219000189,109,186,-77
219000190,112,258,-146
219000191,1118,1476,-358
219000192,187,156,31
219000193,234,146,88
219000195,1,49,-48
219000196,5,111,-106
219000198,18,113,-95
219000199,67,174,-107
219000200,51,152,-101
219000201,47,273,-226
219000203,31,123,-92
219000204,147,220,-73
219000205,89,148,-59
219000207,83,241,-158
219000209,36,52,-16
219000210,57,69,-12
219000213,3,193,-190
219000239,244,211,33
219000240,252,404,-152
219000241,128,181,-53
219000242,73,122,-49
219000243,76,176,-100
219000244,26,113,-87
219000245,49,30,19
219000246,44,19,25
219000247,160,46,114
219000248,624,386,238
219000249,165,125,40
219000250,139,156,-17
219000251,612,293,319
219000252,238,180,58
219000253,464,123,341
219000255,106,95,11
219000256,280,63,217
219000257,117,0,117
219000262,153,161,-8
219000263,87,134,-47
219000267,4,70,-66
219000268,2,0,2
219000269,5,1,4
219000270,17,0,17
219000271,120,2,118
219000278,8,4,4
219000279,9,0,9
219000283,0,11,-11
219000295,17,86,-69
219000296,84,521,-437
219000297,15,119,-104
219000298,11,123,-112
219000299,442,82,360
219000300,14,234,-220
219000301,198,377,-179
219000302,55,335,-280
219000307,46,40,6
219000308,44,62,-18
219000311,220,57,163
219000312,637,148,489
219000313,362,61,301
219000314,43,441,-398
219000315,313,59,254
219000316,555,67,488
219000317,72,23,49
219000320,3,78,-75
219000321,0,39,-39
219000323,6,56,-50
219000325,3,14,-11
219000326,77,70,7
219000327,59,40,19
219000328,26,63,-37
219000329,452,109,343
219000330,64,20,44
219000331,94,35,59
219000332,106,85,21
219000333,11,10,1
219000335,74,2,72
219000337,39,1,38
219000338,82,3,79
219000344,45,75,-30
219000345,55,111,-56
219000346,39,130,-91
219000348,143,109,34
219000349,52,148,-96
219000350,165,243,-78
219000351,13,5,8
219000352,619,176,443
219000353,100,56,44
219000354,194,76,118
219000355,164,72,92
219000356,1844,1328,516
219000363,287,80,207
219000364,77,40,37
219000365,151,12,139
219000366,246,304,-58
219000368,378,643,-265
219000370,1447,444,1003
219000371,20,38,-18
219000382,16,20,-4
219000383,633,1129,-496
219000385,457,469,-12
219000386,782,1581,-799
219000387,4,16,-12
219000390,96,2,94
219000391,3,0,3
219000397,44,88,-44
219000398,53,78,-25
219000401,5,78,-73
219000402,49,110,-61
219000403,174,330,-156
219000404,34,124,-90
219000407,2,48,-46
219000409,53,79,-26
219000410,139,46,93
219000411,65,22,43
219000446,111,342,-231
219000447,16,13,3
219000448,60,12,48
219000452,162,88,74
219000453,48,130,-82
219000454,263,348,-85
219000556,316,87,229
219000558,205,206,-1
219000590,28,194,-166
219000591,69,85,-16
219000592,143,317,-174
219000595,1,12,-11
219000635,247,45,202
219000636,21,82,-61
219000657,68,45,23
219000658,47,133,-86
219000673,0,58,-58
219000676,205,26,179
219000679,41,7,34
219000684,82,3,79
219000685,1,71,-70
219000686,1,2,-1
219000688,1,57,-56
219000689,28,232,-204
219000690,178,24,154
219000691,75,204,-129
219000692,254,49,205
219000693,0,21,-21
219000694,20,0,20
219000695,18,0,18
219000698,17,1,16
219000699,0,27,-27
219000727,1,86,-85
219000728,215,0,215
219000770,51,2,49
219000771,3,49,-46
219001150,5,19,-14
219001151,0,5,-5
219001166,11,29,-18
219001167,1,105,-104
220000001,50,64,-14
220000002,16,132,-116
220000003,324,255,69
220000004,613,522,91
220000005,1678,2085,-407
220000006,198,915,-717
220000007,359,573,-214
220000008,489,838,-349
220000009,243,397,-154
220000010,262,117,145
220000011,601,3190,-2589
220000012,155,336,-181
220000014,129,66,63
220000015,63,176,-113
220000017,39,294,-255
220000018,5006,2105,2901
220000019,72,272,-200
220000020,289,314,-25
220000021,639,192,447
220000022,667,376,291
220000023,360,132,228
220000024,1924,367,1557
220000025,1034,1087,-53
220000026,252,303,-51
220000027,45,147,-102
220000028,38,47,-9
220000029,54,146,-92
220000030,134,76,58
220000031,352,296,56
220000064,17,1264,-1247
221000046,15,1,14
221000047,0,4,-4
221000048,0,0,0
221000049,0,12,-12
221000050,22,0,22
221000055,32,69,-37
221000057,50,23,27
221000068,356,128,228
221000069,289,68,221
221000070,185,17,168
221000071,93,8,85
221000072,182,9,173
221000073,201,33,168
221000074,2,14,-12
221000075,15,9,6
221000076,8,26,-18
221000077,20,86,-66
221000081,59,4,55
221000082,45,8,37
221000083,29,10,19
221000084,3,6,-3
221000085,53,44,9
221000086,13,128,-115
221000087,5,135,-130
221000088,8,163,-155
221000089,23,240,-217
221000090,68,506,-438
221000098,87,12,75
221000099,149,12,137
221000100,77,8,69
221000101,130,12,118
221000102,95,27,68
221000109,3,102,-99
221000110,8,76,-68
221000111,12,162,-150
221000112,9,121,-112
221000113,13,128,-115
221000114,17,162,-145
221000120,51,27,24
221000121,8,52,-44
221000122,38,32,6
221000123,6,10,-4
221000124,27,212,-185
221000155,118,15,103
221000156,25,27,-2
221000175,1,2,-1
221000176,0,10,-10
221000182,53,7,46
221000241,494,274,220
221000242,172,371,-199
221000243,416,177,239
221000244,299,383,-84
221000245,65,101,-36
221000246,30,164,-134
221000247,74,95,-21
221000248,122,104,18
221000267,70,637,-567
221000325,161,79,82
221000331,16,103,-87
221000338,6,29,-23
221000378,149,14,135
221000381,36,44,-8
222000282,17,2,15
222000296,3,38,-35
222000568,254,15,239
222000569,179,47,132
222000570,123,31,92
222000571,251,36,215
222000577,18,170,-152
222000578,56,191,-135
222000579,27,154,-127
222000580,124,1136,-1012
222000599,1,162,-161
222000600,5,290,-285
222000601,8,1073,-1065
222000603,22,60,-38
222000604,4,33,-29
222000605,18,18,0
222000606,2,11,-9
222000607,8,7,1
222000608,38,12,26
222000609,87,206,-119
222000616,318,36,282
222000617,2,24,-22
222000618,8,7,1
222000620,41,13,28
222000621,105,13,92
222000623,560,7,553
222000624,288,4,284
222000625,532,31,501
222000636,80,3,77
222000686,26,14,12
222000687,49,28,21
222001066,359,2,357
222001067,24,4,20
222001068,34,35,-1
222001069,28,67,-39
222001082,13,40,-27
222001083,28,81,-53
222001084,1,18,-17
222001085,2,252,-250
222001111,43,172,-129
222001112,72,67,5
222001313,31,8,23
222001314,8,172,-164
222001464,42,40,2
222001465,27,93,-66
222001484,67,65,2
222001485,20,72,-52
222001494,505,140,365
222001495,213,295,-82
222001496,291,89,202
222001497,123,492,-369
222001502,13,126,-113
222001503,90,52,38
222001504,43,353,-310
222001505,374,32,342
222001506,40,502,-462
222001507,356,42,314
222001510,377,59,318
222001511,61,410,-349
222001514,695,276,419
222001515,313,733,-420
222001518,328,78,250
222001519,83,383,-300
222001527,173,86,87
222001528,55,196,-141
222001529,291,70,221
222001530,59,269,-210
222001533,317,376,-59
222001534,355,80,275
222001535,188,236,-48
222001536,91,295,-204
222001537,249,69,180
222001538,82,502,-420
222001563,628,95,533
222001564,85,496,-411
222001568,548,130,418
222001576,2,1,1
222001579,4,13,-9
222001583,8,228,-220
222001584,77,8,69
222001596,1408,1247,161
222001597,4022,392,3630
222001626,1,212,-211
222001650,460,147,313
222001651,371,234,137
222001914,221,93,128
222001915,72,269,-197
222900004,434,247,187
222900009,424,737,-313
222900019,232,222,10
222900024,28,22,6
222900025,5,18,-13
225000001,427,138,289
225000002,541,121,420
225000003,563,87,476
225000004,373,222,151
225000005,408,88,320
225000006,3,201,-198
225000007,1786,1168,618
225000010,356,11,345
225000011,429,840,-411
225000012,203,476,-273
225000013,107,108,-1
225000014,950,99,851
225000015,90,162,-72
225000021,628,113,515
225000027,179,490,-311
225000032,570,131,439
225000042,55,551,-496
225000049,52,59,-7
225000050,76,23,53
225000053,10,317,-307
225000058,456,156,300
225000067,293,227,66
225000068,129,324,-195
225000069,164,452,-288
225000070,73,360,-287
225000071,17,200,-183
225000075,12,649,-637
225000076,70,132,-62
225000078,57,28,29
225000085,51,129,-78
225000086,245,53,192
225000087,193,31,162
225000088,7,216,-209
225000089,201,878,-677
225000090,82,472,-390
225000091,186,154,32
225000092,187,138,49
225000093,283,269,14
225000094,16,270,-254
225000095,250,408,-158
225000096,304,517,-213
225000098,588,322,266
225000099,275,170,105
225000100,267,150,117
225000104,97,386,-289
225000110,14,359,-345
225000111,213,1008,-795
225000112,270,1036,-766
225000113,240,542,-302
225000114,74,248,-174
225000115,1448,646,802
225000116,1001,158,843
225000117,675,230,445
225000118,839,178,661
225000119,222,65,157
225000120,744,50,694
225000121,256,31,225
225000123,442,18,424
225000125,308,196,112
225000126,708,129,579
225000127,632,829,-197
225000128,401,586,-185
225000132,288,62,226
225000133,265,52,213
225000134,608,153,455
225000135,69,21,48
225000136,229,25,204
225000137,255,60,195
225000138,295,80,215
225000143,73,409,-336
225000144,3,460,-457
225000145,54,40,14
225000146,32,104,-72
225000147,37,227,-190
225000148,7,203,-196
225000149,66,535,-469
225000151,42,225,-183
225000155,328,421,-93
225000156,163,776,-613
225000157,207,313,-106
225000158,48,269,-221
225000171,6,168,-162
225000180,82,38,44
225000181,1,65,-64
225000182,85,14,71
225000185,6,330,-324
225000187,82,333,-251
225000191,197,5,192
225000194,0,7,-7
225000208,1,59,-58
225000209,80,20,60
225000210,7,286,-279
225000217,0,14,-14
225000218,11,0,11
225000223,0,36,-36
225000224,59,0,59
225000225,0,10,-10
225000226,37,2,35
225000227,51,60,-9
225000228,11,6,5
225000229,0,65,-65
225000230,94,0,94
225000231,1,42,-41
225000232,98,0,98
225000241,94,1,93
225000242,0,39,-39
225000249,26,26,0
225000250,61,751,-690
225000251,331,36,295
225000254,3,3,0
225000256,2,15,-13
225000257,2,43,-41
226000042,298,476,-178
226000043,57,246,-189
226000044,129,488,-359
226000045,52,348,-296
226000046,326,125,201
226000047,363,102,261
226000048,378,71,307
226000049,286,120,166
226000070,0,33,-33
226000071,0,51,-51
226000072,0,26,-26
226000073,0,4,-4
226000074,4,9,-5
226000084,1,63,-62
226000085,3,6,-3
226000086,4,5,-1
226000087,2,7,-5
226000088,59,44,15
226000090,246,77,169
226000091,23,53,-30
226000092,6,20,-14
226000093,34,2,32
226000094,11,2,9
226000095,17,4,13
226000105,7,0,7
226000106,18,0,18
226000107,6,0,6
226000108,43,2,41
226000109,106,23,83
226000124,141,72,69
226000134,547,461,86
226000135,1590,512,1078
226000136,2619,415,2204
226000137,15,332,-317
226000138,13,195,-182
226000139,5,20,-15
226000156,119,5,114
226000157,255,16,239
226000163,101,137,-36
226000202,6,275,-269
226000231,256,6,250
226000232,73,5,68
227000033,243,67,176
227000036,271,36,235
227000037,234,53,181
227000038,221,51,170
227000084,1,65,-64
227000085,4,38,-34
227000088,37,6,31
227000089,140,1,139
227000090,56,3,53
227000091,25,0,25
227000092,29,2,27
227000093,185,1,184
227000094,15,0,15
227000130,29,64,-35
227000131,32,163,-131
227000132,4,227,-223
227000133,18,163,-145
227000134,15,297,-282
227000152,0,6,-6
227000153,0,45,-45
227000154,0,20,-20
227000155,1,25,-24
227000156,0,11,-11
227000165,5,23,-18
227000196,359,239,120
227000199,272,508,-236
227000230,23,374,-351
227000232,455,24,431
227000242,73,581,-508
227000243,391,57,334
227000245,13,305,-292
227000246,126,385,-259
227000247,283,93,190
227000248,86,27,59
227000249,26,163,-137
227000250,332,125,207
227000251,160,195,-35
227000252,24,222,-198
227000253,110,13,97
227000262,287,55,232
227000266,855,6,849
227000267,30,1517,-1487
227000282,15,160,-145
227000284,444,34,410
227000286,2,72,-70
227000291,12,514,-502
227000296,203,234,-31
227000484,224,22,202
227000485,17,836,-819
227000655,138,8,130
227000656,595,36,559
227000657,90,7,83
227000704,164,12,152
229000265,7,8,-1
229000266,4,0,4
229000267,9,0,9
229000268,26,0,26
229000269,57,1,56
229000274,3,31,-28
229000275,0,26,-26
229000276,0,20,-20
229000277,0,4,-4
229000278,2,8,-6
229000295,22,25,-3
229000296,33,15,18
229000297,18,35,-17
229000298,7,176,-169
229000320,21,12,9
229000321,35,7,28
229000412,24,66,-42
229000414,8,58,-50
229000415,46,2,44
229000416,4,2,2
229000417,2,29,-27
229000419,159,347,-188
229000440,490,65,425
229000442,28,10,18
229000443,1,2,-1
229000444,8,35,-27
229000445,82,7,75
229000446,111,22,89
229000491,5,17,-12
229000492,6,102,-96
229000493,2,87,-85
229000494,38,3,35
229000495,120,5,115
229000496,67,3,64
229000507,0,62,-62
229000508,0,34,-34
229000509,0,72,-72
229000510,2,22,-20
229000511,2,62,-60
229000512,0,35,-35
229000513,1,2,-1
229000514,3,6,-3
229000517,3,11,-8
229000518,17,22,-5
229000519,0,3,-3
229000520,15,35,-20
229000521,42,14,28
229000522,11,9,2
229000523,7,15,-8
229000524,1,4,-3
229000527,2,3,-1
229000528,1,0,1
229000529,5,0,5
229000530,54,0,54
229000531,24,1,23
229000532,21,0,21
229000533,76,2,74
229000534,55,0,55
229000564,54,1,53
229000565,18,0,18
229000566,1,18,-17
229000567,0,35,-35
229000582,96,2,94
229000583,5,2,3
229000584,0,26,-26
229000585,6,63,-57
229000718,1,4,-3
229000719,0,2,-2
229000720,0,14,-14
229000721,0,12,-12
229000722,0,11,-11
229000723,0,4,-4
229000724,0,5,-5
229000725,0,5,-5
229000738,5,0,5
229000739,0,0,0
229000740,4,0,4
229000741,11,1,10
229000742,8,0,8
229000743,15,0,15
229000744,1,0,1
229000745,3,0,3
229000746,26,0,26
229000847,54,0,54
229000848,22,0,22
229000849,87,1,86
229000851,21,0,21
229000854,0,27,-27
229000856,1,78,-77
229000857,0,18,-18
229000858,1,60,-59
229000919,16,62,-46
229000930,4,271,-267
229000937,60,30,30
229000966,60,20,40
229000981,9,34,-25
229000985,7,39,-32
229000986,6,12,-6
229000987,1,3,-2
229000988,6,2,4
229000989,5,4,1
229000990,2,2,0
229000991,2,2,0
229000992,11,18,-7
229000993,178,47,131
229000998,30,90,-60
229000999,82,26,56
229001034,1,47,-46
229001035,15,2,13
229001036,5,63,-58
229001037,64,1,63
229001038,0,4,-4
229001039,5,2,3
229001040,0,106,-106
229001041,59,0,59
229001042,13,35,-22
229001047,7,74,-67
229001050,40,9,31
229001168,0,11,-11
229001200,14,4,10
229001338,11,49,-38
229001394,198,6,192
229001422,125,18,107
229001423,22,129,-107
229001431,57,55,2
229001432,50,82,-32
229001444,149,52,97
229001445,56,170,-114
229001479,26,3,23
229001503,121,107,14
229001504,125,164,-39
229001505,71,32,39
229001506,65,159,-94
229001509,41,4,37
229001510,10,44,-34
229001545,53,9,44
229001546,20,108,-88
229001553,97,26,71
229001554,110,101,9
229001630,86,20,66
229001631,21,22,-1
229001635,0,16,-16
229001636,11,0,11
229001658,0,103,-103
229001659,57,14,43
229001660,26,4,22
229001661,9,32,-23
229001662,52,11,41
229001663,0,17,-17
229002584,212,244,-32
229002831,198,138,60
229002841,14,23,-9
229002842,12,20,-8
229002843,117,19,98
229002844,46,77,-31
229002845,11,88,-77
229002846,27,26,1
229002847,1,11,-10
229002848,17,17,0
229002849,3,67,-64
229002850,24,0,24
229002851,46,162,-116
229002852,230,48,182
229002853,131,23,108
229002854,27,76,-49
229002855,2,8,-6
229002856,72,24,48
229002857,11,98,-87
229002858,18,19,-1
229002859,33,56,-23
229002860,321,19,302
229002861,70,31,39
229002862,52,58,-6
229002863,20,23,-3
229002864,22,34,-12
229002865,18,14,4
229002866,26,40,-14
229002867,1,29,-28
229002868,21,29,-8
229002869,30,162,-132
229002870,55,17,38
235000066,509,82,427
235000067,135,107,28
235000072,17,71,-54
235000073,88,387,-299
235000074,53,114,-61
235000080,22,91,-69
235000081,168,130,38
235000082,118,71,47
235000083,201,107,94
235000084,29,51,-22
235000085,124,73,51
235000089,57,35,22
235000092,26,166,-140
235000093,6,3,3
235000097,10,14,-4
235000098,59,14,45
235000099,48,28,20
235000116,63,37,26
235000117,801,22,779
235000133,15,354,-339
235000134,6,159,-153
235000206,6,1,5
235000207,2,0,2
235000208,11,0,11
235000209,4,1,3
235000210,3,2,1
235000212,5,12,-7
235000213,2,10,-8
235000220,1,4,-3
235000221,80,20,60
235000238,8,68,-60
235000239,0,19,-19
235000242,370,439,-69
235000245,555,189,366
235000246,12,76,-64
235000284,51,87,-36
235000295,233,24,209
235000305,291,34,257
235000306,174,8,166
235000307,14,1,13
235000308,22,3,19
235000309,71,1,70
235000310,51,0,51
235000311,171,27,144
235000322,0,48,-48
235000323,1,45,-44
235000324,1,40,-39
235000325,2,14,-12
235000326,10,186,-176
235000351,1,60,-59
235000352,15,28,-13
235000353,5,25,-20
235000354,3,18,-15
235000355,9,47,-38
235000356,150,21,129
235000357,28,15,13
235000358,141,5,136
235000359,11,7,4
235000360,44,12,32
235000361,58,29,29
235000381,91,161,-70
235000382,156,55,101
235000390,7,5,2
235000391,178,25,153
235000392,155,225,-70
235000393,113,113,0
235000395,91,25,66
235000396,376,78,298
235000400,174,59,115
235000401,27,150,-123
235000405,96,298,-202
235000406,62,304,-242
235000407,222,93,129
235000409,200,136,64
235000410,38,211,-173
235000411,0,51,-51
235000485,0,8,-8
235000486,10,0,10
235000549,110,144,-34
235000550,123,226,-103
235000599,101,48,53
235000600,14,10,4
235000601,26,50,-24
235000602,79,84,-5
235000614,3,1,2
235000648,0,20,-20
235000649,47,15,32
235000685,3,3,0
235000815,7,37,-30
235000834,0,11,-11
235000855,64,84,-20
235000862,45,128,-83
235000891,0,13,-13
235000892,30,4,26
235000901,209,109,100
235000907,14,17,-3
235001010,78,89,-11
235001029,516,363,153
235001030,302,228,74
235001078,63,85,-22
235001079,79,93,-14
235001147,21,45,-24
235001166,16,71,-55
235001167,31,49,-18
235001169,20,263,-243
235001188,1,9,-8
235001189,7,1,6
235001197,7,8,-1
235001200,23,32,-9
235001208,22,23,-1
235001209,25,52,-27
235001210,28,141,-113
235001239,4,60,-56
235001244,0,8,-8
235016267,0,49,-49
241900007,84,14,70
277101746,0,4,-4
277102712,0,0,0
277103813,0,0,0
277103814,0,0,0
277103898,0,2,-2
277104249,0,3,-3
277104250,0,2,-2
277104251,0,10,-10
277104252,0,2,-2
990011530,1,176,-175
990014944,4,581,-577
990015176,25,13,12
990015618,0,159,-159
990016032,1,394,-393
990032570,2,294,-292
990070001,50,2,48
990070103,1,7,-6
990070601,0,73,-73
990070751,763,2,761
990070766,2,423,-421
990071180,549,258,291
990071343,21,1,20
990071387,0,22,-22
990071823,822,33,789
990072600,2,1049,-1047
990072964,4,510,-506
990073285,0,4,-4
990074393,6,993,-987
990074870,1538,89,1449
990075106,2238,86,2152
990075746,550,34,516
990076437,1210,6,1204
990076458,0,807,-807
997000007,704,7,697
997000041,0,226,-226
997000058,61,2,59
997000062,71,1,70
997000069,0,7,-7
997000070,1,36,-35
997000100,37,0,37
997000141,15,2943,-2928
997000198,5,1535,-1530
998000475,8,58,-50
998000736,0,175,-175
998000965,0,21,-21
998001031,0,92,-92
998001700,0,18,-18
998001899,0,3,-3
998001900,2,3,-1
998003073,2499,3,2496
998101900,0,0,0
998102850,4,268,-264
998501927,1622,784,838
998501929,80,5,75
998501930,73,2,71
998501931,775,65,710
998501932,6,0,6
998501933,57,0,57
998501937,42,3,39
998501944,4,0,4
998501950,0,0,0
998501970,146,21,125
998501971,0,93,-93
998501973,0,67,-67
998501974,0,314,-314
998501975,148,2,146
998501976,142,45,97
998501977,0,32,-32
998501978,38,3,35
998501979,0,35,-35
998501980,109,15,94
998501981,50,27,23
998501982,0,127,-127
998502006,0,0,0
998502024,0,4,-4
998502032,0,5,-5
998502062,42,2,40
998502063,0,0,0
998502173,36,0,36
998502269,0,0,0
998601159,0,162,-162
998601292,0,22,-22
999033574,1,288,-287
999800001,66,3,63
999800002,0,2,-2
999800003,5,4,1
999800004,0,8,-8
999800005,0,10,-10
