ID,insum,outsum,diff
100000001,401,271,130
100000002,1867,3950,-2083
100000003,2729,3683,-954
100000004,187,1036,-849
100000005,1882,2462,-580
100000006,384,378,6
100000007,1156,1310,-154
100000008,33,337,-304
100000009,148,823,-675
100000010,21,125,-104
100000011,151,53,98
100000012,32,135,-103
100000013,4,56,-52
100000014,35,242,-207
100000015,563,1129,-566
100000016,168,861,-693
100000017,123,1260,-1137
100000018,333,261,72
100000019,1173,1370,-197
100000020,583,2964,-2381
100000021,2597,658,1939
100000022,323,1870,-1547
100000023,1574,764,810
100000025,244,1111,-867
100000028,365,1108,-743
100000029,10,471,-461
100000030,83,21,62
100000031,1230,4455,-3225
100000032,1019,2935,-1916
100000033,578,1926,-1348
100000034,47,883,-836
100000035,237,628,-391
100000036,231,962,-731
100000037,595,255,340
100000038,1816,763,1053
100000039,168,183,-15
100000040,229,194,35
100000041,1108,396,712
100000042,795,193,602
100000043,383,170,213
100000044,61,125,-64
100000045,123,246,-123
100000046,163,377,-214
100000047,76,293,-217
100000048,133,261,-128
100000049,631,740,-109
100000051,247,270,-23
100000053,60,1,59
100000054,180,6,174
100000055,273,184,89
100000056,265,314,-49
100000057,1496,287,1209
100000058,478,285,193
100000059,33,98,-65
100000060,482,298,184
100000061,1893,447,1446
100000062,1224,427,797
100000063,695,313,382
100000064,1024,347,677
100000065,254,411,-157
100000066,66,298,-232
100000067,185,199,-14
100000068,171,634,-463
100000069,134,605,-471
100000072,90,187,-97
100000073,540,382,158
100000075,499,106,393
100000076,533,3926,-3393
100000077,76,426,-350
100000078,3,30,-27
100000079,4,81,-77
100000080,0,79,-79
100000081,2,43,-41
100000102,1435,3195,-1760
100000103,949,1880,-931
100000104,1764,1796,-32
100000105,639,1072,-433
100000106,503,2160,-1657
100000107,44,928,-884
100000108,174,399,-225
100000109,279,714,-435
100000116,238,292,-54
100000117,11,146,-135
100000118,511,597,-86
100000119,466,510,-44
100000121,61,402,-341
100000122,304,1277,-973
100000123,750,1305,-555
100000124,1121,1573,-452
100000125,2935,1826,1109
100000126,229,294,-65
100000127,536,448,88
100000128,130,2166,-2036
100000129,97,480,-383
100000130,513,147,366
100000131,546,769,-223
100000132,427,1013,-586
100000133,911,422,489
100000135,391,864,-473
100000139,116,473,-357
100000140,107,103,4
100000142,412,337,75
100000143,371,171,200
100000144,811,323,488
100000147,919,3295,-2376
100000150,46,240,-194
100000151,72,1044,-972
100000153,38,283,-245
100000154,8,633,-625
100000155,2,25,-23
100000156,37,224,-187
100000157,268,253,15
100000158,129,139,-10
100000159,63,781,-718
100000165,557,236,321
100000169,16,977,-961
100000174,250,585,-335
100000179,18,411,-393
100000180,393,827,-434
100000181,132,229,-97
100000188,13,57,-44
100000189,398,200,198
100000190,235,716,-481
100000191,419,274,145
100000192,5,125,-120
100000193,178,68,110
100000330,213,574,-361
100000355,118,351,-233
100000362,1235,593,642
100000363,4745,4736,9
100000364,83,118,-35
100000365,4310,5536,-1226
100000366,1152,680,472
100000367,3735,4095,-360
100000368,651,652,-1
100000369,225,1516,-1291
100000370,57,890,-833
100000376,38,356,-318
100000379,390,2201,-1811
100000380,1629,4576,-2947
100000384,3048,3888,-840
100000385,583,3115,-2532
100000386,904,3582,-2678
100000387,1499,4504,-3005
100000388,1310,2784,-1474
100000389,2087,3908,-1821
100000390,1588,1430,158
100000391,1781,4816,-3035
100000392,329,1198,-869
100000393,253,2525,-2272
100000394,772,2775,-2003
100000395,452,2337,-1885
100000396,701,1127,-426
100000397,734,3767,-3033
100000398,4912,2475,2437
100900002,16,11,5
100900003,423,242,181
100900004,6,261,-255
100900005,101,2,99
100900006,44,6,38
100900007,56,3,53
100900008,3,94,-91
100900009,23,19,4
100900010,48,14,34
100900011,122,108,14
100900012,0,46,-46
100900013,864,12,852
100900014,0,1,-1
100900015,54,5,49
100900016,1,19,-18
100900017,708,72,636
100900018,0,7,-7
100900019,2,29,-27
100900020,263,2,261
100900021,440,0,440
100900022,0,16,-16
100900023,0,3,-3
100900024,226,2,224
100900025,2,2,0
100900026,125,20,105
100900027,237,1699,-1462
100900028,48,126,-78
100900029,47,0,47
100900030,1,34,-33
100900031,690,29,661
100900032,238,0,238
100900033,48,225,-177
100900034,751,0,751
100900035,101,2,99
100900036,10,1,9
100900037,135,51,84
100900038,4,7,-3
100900039,245,65,180
100900040,516,171,345
100900041,1089,63,1026
100900042,43,1545,-1502
100900043,0,15,-15
100900044,346,311,35
100900045,0,0,0
100900046,690,7,683
100900047,650,166,484
100900048,52,1,51
100900049,9,43,-34
100900050,1,5,-4
100900051,35,29,6
100900052,139,2,137
100900053,762,14,748
100900054,4,3,1
100900055,93,714,-621
100900056,22,35,-13
100900057,951,134,817
100900058,126,52,74
100900059,98,0,98
100900060,218,3,215
100900061,48,43,5
100900062,13,2,11
100900063,171,564,-393
100900064,359,7,352
100900065,27,117,-90
100900066,52,21,31
100900067,3,1,2
100900068,72,49,23
100900069,16,0,16
100900070,464,19,445
100900071,105,37,68
100900072,1,2,-1
100900073,82,112,-30
100900074,1,22,-21
100900075,822,24,798
100900076,2,6,-4
100900077,52,12,40
100900078,15,133,-118
100900079,3,0,3
100900080,58,95,-37
100900081,5,85,-80
100900082,194,69,125
100900083,6,38,-32
100900085,1,188,-187
100900086,8,200,-192
100900088,122,73,49
100900089,3,55,-52
100900090,19,308,-289
100900091,0,3,-3
100900092,39,120,-81
100900093,269,273,-4
100900094,145,41,104
100900095,1,11,-10
100900096,3,29,-26
100900097,3,0,3
100900098,42,47,-5
100900099,2,48,-46
100900100,0,64,-64
100900101,115,11,104
100900102,1,48,-47
100900103,0,22,-22
100900104,0,44,-44
100900105,0,51,-51
100900106,10,1,9
100900107,769,356,413
100900108,3,11,-8
100900109,16,11,5
100900110,6,9,-3
100900111,13,25,-12
100900112,0,7,-7
100900113,2,37,-35
100900114,17,24,-7
100900115,10,17,-7
100900116,356,173,183
100900117,148,930,-782
100900118,1,15,-14
100900119,16,52,-36
100900120,1,1,0
100900121,217,144,73
100900122,27,41,-14
100900123,134,44,90
100900124,0,10,-10
100900125,0,14,-14
100900126,221,21,200
100900127,4,7,-3
100900128,12,129,-117
100900129,0,129,-129
100900131,2,53,-51
100900133,10,13,-3
100900134,1,5,-4
100900135,0,143,-143
100900137,87,76,11
100900138,108,165,-57
100900139,2,1,1
100900140,0,25,-25
100900141,2,192,-190
100900142,0,2,-2
100900143,133,178,-45
100900144,1,14,-13
100900145,7,80,-73
100900146,23,35,-12
100900147,5,535,-530
100900148,6,101,-95
100900149,1,295,-294
100900150,3,36,-33
100900151,11,174,-163
100900152,61,6,55
100900153,0,167,-167
100900154,7,28,-21
100900155,28,9,19
100900156,3,1,2
100900157,14,177,-163
100900158,208,20,188
100900159,1,1,0
100900160,35,0,35
100900161,16,0,16
100900162,6,139,-133
100900163,15,19,-4
100900164,100,5,95
100900165,35,30,5
100900166,1,1,0
100900167,2,7,-5
100900168,3,43,-40
100900169,48,315,-267
100900170,4,0,4
100900171,1,226,-225
100900172,1,155,-154
100900173,0,38,-38
100900174,30,14,16
100900176,437,23,414
100900177,81,10,71
100900178,113,294,-181
100900179,83,53,30
100900180,0,2,-2
100900181,17,4,13
100900182,9,7,2
100900184,16,54,-38
100900186,273,125,148
100900187,7,32,-25
100900188,27,9,18
100900189,980,183,797
100900191,168,738,-570
100900192,66,212,-146
100900195,62,73,-11
100900197,30,52,-22
100900198,20,10,10
100900199,1,2,-1
100900200,528,142,386
100900201,8,559,-551
100900202,24,0,24
100900203,0,36,-36
100900204,13,39,-26
100900205,37,464,-427
100900206,132,132,0
100900207,130,109,21
100900210,12,44,-32
100900211,81,55,26
100900213,53,28,25
100900214,110,44,66
100900215,18,10,8
100900217,26,24,2
101000001,1050,2064,-1014
101000002,3069,3758,-689
101000003,73,795,-722
101000004,3268,5531,-2263
101000005,3100,4721,-1621
101000006,2634,7701,-5067
101000007,1158,3266,-2108
101000008,1261,1636,-375
101000009,1484,335,1149
101000010,575,434,141
101000011,274,172,102
101000012,166,235,-69
101000013,242,794,-552
101000014,256,363,-107
101000015,2460,743,1717
101000016,160,451,-291
101000017,147,202,-55
101000018,786,2173,-1387
101000020,615,599,16
101000021,233,238,-5
101000022,88,350,-262
101000023,438,492,-54
101000025,208,309,-101
101000026,175,17,158
101000027,972,2705,-1733
101000028,388,350,38
101000029,10,750,-740
101000030,445,165,280
101000031,31,486,-455
101000032,1272,3152,-1880
101000033,383,2458,-2075
101000034,256,1763,-1507
101000035,218,221,-3
101000036,165,1163,-998
101000037,222,1650,-1428
101000039,772,1405,-633
101000040,1328,2924,-1596
101000041,1006,3985,-2979
101000042,18,648,-630
101000043,1792,3356,-1564
101000045,160,601,-441
101000046,523,2319,-1796
101000047,740,4158,-3418
101000048,117,247,-130
101000049,267,624,-357
101000050,188,933,-745
101000051,443,1830,-1387
101000052,455,1405,-950
101000053,163,544,-381
101000054,370,267,103
101000055,550,843,-293
101000056,6,108,-102
101000057,346,1647,-1301
101000058,240,1101,-861
101000059,817,2451,-1634
101000060,715,564,151
101000061,95,1670,-1575
101000062,76,291,-215
101000063,54,844,-790
101000064,135,665,-530
101000065,36,471,-435
101000066,201,984,-783
101000067,165,462,-297
101000068,89,313,-224
101000069,108,40,68
101000070,307,397,-90
101000071,2054,838,1216
101000072,252,1463,-1211
101000073,252,1059,-807
101000074,1361,2229,-868
101000075,1827,1544,283
101000077,1420,1482,-62
101000078,512,669,-157
101000079,766,794,-28
101000080,823,403,420
101000081,843,1060,-217
101000082,1033,838,195
101000083,2031,1189,842
101000084,549,284,265
101000085,999,838,161
101000086,494,435,59
101000087,443,514,-71
101000088,1001,592,409
101000089,556,909,-353
101000090,762,318,444
101000091,322,280,42
101000092,1404,415,989
101000093,794,275,519
101000094,380,333,47
101000095,406,293,113
101000096,440,239,201
101000097,181,238,-57
101000098,256,322,-66
101000099,337,550,-213
101000100,516,810,-294
101000101,105,419,-314
101000102,224,528,-304
101000103,223,275,-52
101000104,109,539,-430
101000105,473,365,108
101000106,80,1225,-1145
101000107,185,208,-23
101000108,175,51,124
101000109,420,33,387
101000110,14,111,-97
101000111,4,91,-87
101000113,20,489,-469
101000114,1224,3878,-2654
101000115,0,0,0
101000116,0,0,0
101000117,0,0,0
101000119,28,101,-73
101000120,34,55,-21
101000121,9,60,-51
101000122,42,153,-111
101000123,18,124,-106
101000124,933,440,493
101000125,32,79,-47
101000128,108,990,-882
101000130,160,165,-5
101000131,1041,253,788
101000132,507,296,211
101000135,3,17,-14
101000136,39,118,-79
101000137,23,341,-318
101000141,325,2841,-2516
101000147,523,179,344
101000148,461,12,449
101000149,0,0,0
101000150,66,145,-79
101000151,431,20,411
101000152,212,156,56
101000153,148,100,48
101000154,544,255,289
101000155,537,78,459
101000156,21,155,-134
101000157,49,30,19
101000160,0,0,0
101000163,46,621,-575
101000164,102,48,54
101000165,147,219,-72
101000166,74,164,-90
101000168,627,171,456
101000252,1849,539,1310
101000254,18,8,10
101000258,100,1,99
101000261,127,46,81
101000262,649,3276,-2627
101000263,94,912,-818
101000265,46,470,-424
101000266,199,196,3
101000269,3,11,-8
101000290,113,1958,-1845
101000293,0,0,0
101000294,141,205,-64
101000295,158,169,-11
101000301,139,529,-390
101000304,1098,1902,-804
101000305,1179,828,351
101900001,3,30,-27
101900002,0,2,-2
101900003,36,31,5
101900004,1,79,-78
101900005,735,2070,-1335
101900006,480,39,441
101900007,104,143,-39
101900008,8,152,-144
101900009,8,232,-224
101900010,332,401,-69
101900011,40,566,-526
101900012,127,47,80
101900013,105,32,73
101900017,12,55,-43
101900018,375,69,306
101900019,22,19,3
101900020,187,93,94
101900021,0,11,-11
101900022,66,278,-212
101900023,46,46,0
102000001,1823,5089,-3266
102000002,1705,911,794
102000003,1131,5226,-4095
102000004,1615,2084,-469
102000005,636,2955,-2319
102000006,297,944,-647
102000007,779,3393,-2614
102000008,2827,1167,1660
102000009,4552,5170,-618
102000010,2156,1391,765
102000011,2873,3053,-180
102000012,2368,1716,652
102000018,1301,2075,-774
102000019,1052,971,81
102000026,191,275,-84
102000029,176,131,45
102000030,78,321,-243
102000031,59,89,-30
102000032,534,209,325
102000033,292,206,86
102000034,252,206,46
102000035,286,170,116
102000036,8,178,-170
102000037,92,25,67
102000038,40,81,-41
102000039,14,73,-59
102000040,80,167,-87
102000041,16,308,-292
102000042,21,143,-122
102000043,8,181,-173
102000044,152,499,-347
102000045,255,410,-155
102000046,979,213,766
102000047,374,281,93
102000048,429,288,141
102000049,565,403,162
102000050,456,540,-84
102000051,139,250,-111
102000052,603,417,186
102000053,527,647,-120
102000054,568,390,178
102000055,536,128,408
102000056,823,96,727
102000057,808,274,534
102000058,397,297,100
102000059,456,538,-82
102000060,546,730,-184
102000061,1132,802,330
102000062,1549,648,901
102000063,785,784,1
102000064,451,605,-154
102000065,66,133,-67
102000066,322,241,81
102000067,1494,2746,-1252
102000068,3999,2936,1063
102000069,48,1197,-1149
102000070,920,24,896
102000071,3722,8484,-4762
102000072,1529,2075,-546
102000073,234,275,-41
102000074,374,299,75
102000075,79,111,-32
102000076,220,124,96
102000077,493,200,293
102000078,947,249,698
102000079,87,42,45
102000080,304,73,231
102000081,99,621,-522
102000082,269,369,-100
102000083,437,112,325
102000084,836,73,763
102000085,657,279,378
102000086,1198,415,783
102000087,276,501,-225
102000088,253,148,105
102000089,1140,198,942
102000090,215,782,-567
102000091,890,494,396
102000092,113,350,-237
102000093,328,497,-169
102000094,380,133,247
102000095,254,505,-251
102000096,638,139,499
102000097,500,256,244
102000098,221,245,-24
102000099,586,375,211
102000100,113,403,-290
102000101,99,269,-170
102000102,87,487,-400
102000103,979,398,581
102000104,330,151,179
102000105,178,200,-22
102000106,490,198,292
102000107,1367,73,1294
102000108,381,234,147
102000109,362,188,174
102000110,942,254,688
102000111,5,200,-195
102000112,56,119,-63
102000113,0,19,-19
102000114,406,282,124
102000115,96,134,-38
102000116,198,661,-463
102000117,24,291,-267
102000118,511,1830,-1319
102000119,427,799,-372
102000120,214,455,-241
102000121,636,256,380
102000122,435,736,-301
102000123,525,389,136
102000124,898,698,200
102000125,342,306,36
102000126,338,299,39
102000127,796,217,579
102000128,490,419,71
102000129,571,220,351
102000130,446,657,-211
102000131,621,812,-191
102000132,399,1406,-1007
102000133,2694,695,1999
102000134,913,389,524
102000135,188,464,-276
102000136,299,287,12
102000137,281,127,154
102000138,117,69,48
102000139,29,105,-76
102000140,43,122,-79
102000141,55,131,-76
102000142,185,62,123
102000143,172,125,47
102000144,221,72,149
102000145,199,68,131
102000146,338,119,219
102000147,241,201,40
102000148,56,165,-109
102000149,251,36,215
102000150,487,22,465
102000151,54,36,18
102000152,143,74,69
102000153,484,247,237
102000154,103,223,-120
102000155,14,241,-227
102000156,135,77,58
102000157,4,186,-182
102000158,86,321,-235
102000159,479,684,-205
102000161,917,1204,-287
102000162,37,115,-78
102000163,32,232,-200
102000164,211,409,-198
102000165,78,81,-3
102000166,4,102,-98
102000167,75,74,1
102000168,74,113,-39
102000169,52,456,-404
102000170,168,23,145
102000171,4,43,-39
102000172,4,163,-159
102000173,261,223,38
102000174,136,32,104
102000175,79,45,34
102000176,8,21,-13
102000178,131,191,-60
102000179,177,159,18
102000180,608,185,423
102000181,951,174,777
102000182,459,248,211
102000183,1272,433,839
102000184,1091,378,713
102000185,1958,324,1634
102000186,931,443,488
102000187,471,314,157
102000188,837,551,286
102000189,1012,140,872
102000190,363,1348,-985
102000191,510,177,333
102000192,657,827,-170
102000193,69,72,-3
102000194,51,62,-11
102000195,425,221,204
102000196,252,181,71
102000197,833,96,737
102000198,169,160,9
102000199,1092,83,1009
102000200,184,271,-87
102000201,1348,198,1150
102000202,2,23,-21
102000203,273,76,197
102000204,572,206,366
102000205,909,182,727
102000206,323,96,227
102000207,439,351,88
102000208,221,240,-19
102000209,46,31,15
102000210,314,75,239
102000211,431,55,376
102000212,470,7,463
102000213,14,52,-38
102000214,391,2,389
102000215,10,104,-94
102000216,92,78,14
102000217,2,48,-46
102000218,183,158,25
102000219,27,27,0
102000225,145,522,-377
102000226,89,1,88
102000227,77,1,76
102000228,0,14,-14
102000229,59,68,-9
102000230,211,185,26
102000231,222,234,-12
102000232,5,160,-155
102000233,361,148,213
102000234,49,835,-786
102000236,83,9,74
102000237,210,102,108
102000238,67,135,-68
102000240,42,293,-251
102000241,55,18,37
102000243,1,21,-20
102000245,0,25,-25
102000246,14,96,-82
102000247,39,192,-153
102000248,164,741,-577
102000249,73,28,45
102000250,41,97,-56
102000254,381,56,325
102000266,0,45,-45
102000271,20,0,20
102000286,156,262,-106
102000297,1102,295,807
102000299,0,0,0
102000300,0,0,0
102000301,0,0,0
102000303,0,0,0
102000305,0,0,0
102000306,0,0,0
102000307,0,3,-3
102000308,0,0,0
102900001,701,248,453
102900002,214,12,202
102900003,98,46,52
102900005,302,152,150
102900006,376,43,333
102900007,355,1,354
102900008,190,8,182
102900009,112,134,-22
102900010,104,701,-597
102900011,354,158,196
102900012,392,34,358
102900013,21,8,13
102900015,577,215,362
102900016,58,6,52
102900017,191,43,148
102900018,18,25,-7
102900019,144,208,-64
102900020,78,5,73
102900021,23,19,4
102900022,27,9,18
102900023,2,4,-2
102900024,8,26,-18
102900025,20,15,5
102900026,115,1252,-1137
102900027,52,18,34
102900028,38,581,-543
102900029,10,83,-73
102900030,197,255,-58
102900031,226,15,211
102900032,45,11,34
102900033,59,31,28
102900034,474,17,457
102900035,79,67,12
102900036,172,74,98
102900037,66,90,-24
102900038,112,79,33
102900039,77,319,-242
102900040,89,131,-42
102900041,56,43,13
102900042,140,38,102
102900043,191,39,152
102900044,131,450,-319
102900045,96,116,-20
102900046,213,44,169
102900047,34,137,-103
102900048,259,85,174
102900049,28,66,-38
102900050,78,77,1
102900051,56,35,21
102900052,6,8,-2
102900053,138,87,51
102900054,108,452,-344
102900055,28,182,-154
102900056,79,59,20
102900057,2,17,-15
102900058,448,63,385
102900059,1,7,-6
102900060,8,127,-119
102900061,110,132,-22
102900062,183,139,44
102900063,1245,109,1136
102900064,20,202,-182
102900065,376,117,259
102900066,125,4,121
102900068,9,74,-65
102900070,83,111,-28
102900072,1,12,-11
102900073,15,0,15
102900074,25,92,-67
102900075,5,7,-2
102900076,23,23,0
102900077,5,2,3
102900078,4,9,-5
102900079,132,0,132
102900080,302,0,302
102900081,12,77,-65
102900082,4,38,-34
102900083,22,4,18
102900084,1,3,-2
102900085,28,12,16
102900086,1,4,-3
102900087,133,53,80
102900088,33,19,14
102900089,64,27,37
102900090,0,31,-31
102900091,227,2,225
102900092,332,89,243
102900093,175,127,48
102900094,0,31,-31
102900095,66,0,66
102900096,24,4,20
102900097,2,27,-25
103000001,1590,1356,234
103000002,1958,1746,212
103000003,2074,1647,427
103000004,584,230,354
103000005,1020,2089,-1069
103000006,829,980,-151
103000007,340,216,124
103000008,639,343,296
103000009,1055,729,326
103000010,119,30,89
103000011,950,339,611
103000012,813,1034,-221
103000013,1603,1026,577
103000014,914,1876,-962
103000015,784,395,389
103000016,388,730,-342
103000017,134,600,-466
103000018,257,170,87
103000019,178,409,-231
103000020,904,755,149
103000021,1655,2550,-895
103000022,393,788,-395
103000023,884,1719,-835
103000024,56,71,-15
103000025,51,892,-841
103000026,179,101,78
103000027,36,520,-484
103000028,199,175,24
103000029,78,123,-45
103000030,1088,951,137
103000031,597,1651,-1054
103000032,1360,667,693
103000033,2698,2498,200
103000034,766,460,306
103000035,117,737,-620
103000036,164,219,-55
103000037,362,258,104
103000038,273,548,-275
103000039,333,133,200
103000040,673,277,396
103000041,1243,837,406
103000042,886,128,758
103000043,508,325,183
103000044,270,85,185
103000046,184,229,-45
103000047,434,85,349
103000048,268,80,188
103000049,89,41,48
103000050,479,145,334
103000051,531,219,312
103000052,507,109,398
103000053,160,128,32
103000054,1039,281,758
103000055,1416,628,788
103000056,476,612,-136
103000057,1037,106,931
103000058,442,138,304
103000059,650,198,452
103000060,499,158,341
103000061,689,394,295
103000062,394,87,307
103000063,746,397,349
103000064,73,67,6
103000065,2,80,-78
103000066,108,2,106
103000069,154,138,16
103000070,369,138,231
103000071,915,372,543
103000072,94,281,-187
103000073,694,24,670
103000074,832,30,802
103000075,58,220,-162
103000076,210,643,-433
103000077,20,174,-154
103000078,473,741,-268
103000079,324,616,-292
103000080,251,316,-65
103000081,128,1263,-1135
103000082,377,59,318
103000083,64,212,-148
103000084,34,6,28
103000085,0,129,-129
103000086,434,367,67
103000087,132,599,-467
103000088,193,188,5
103000089,221,544,-323
103000090,3130,1380,1750
103000091,595,506,89
103000092,316,97,219
103000093,204,377,-173
103000094,167,70,97
103000095,48,222,-174
103000096,351,15,336
103000097,12,286,-274
103000098,325,15,310
103000099,51,256,-205
103000100,148,195,-47
103000101,1118,48,1070
103000102,150,101,49
103000103,593,55,538
103000104,120,57,63
103000105,165,33,132
103000106,10,98,-88
103000107,213,46,167
103000108,876,996,-120
103000109,266,489,-223
103000110,329,625,-296
103000111,252,493,-241
103000112,155,235,-80
103000113,155,768,-613
103000114,750,334,416
103000115,755,810,-55
103000116,920,364,556
103000117,597,419,178
103000118,279,317,-38
103000119,465,193,272
103000120,97,206,-109
103000121,10,202,-192
103000122,409,879,-470
103000125,13,59,-46
103000126,426,0,426
103000127,0,100,-100
103000128,119,1,118
103000129,0,76,-76
103000130,55,28,27
103000131,118,69,49
103000132,13,51,-38
103000133,27,148,-121
103000134,174,547,-373
103000135,345,164,181
103000136,205,129,76
103000137,169,361,-192
103000138,250,519,-269
103000139,0,30,-30
103000140,29,13,16
103000141,10,55,-45
103000142,31,19,12
103000143,15,75,-60
103000144,213,19,194
103000145,12,124,-112
103000150,36,40,-4
103000152,84,190,-106
103000153,137,260,-123
103000156,3,138,-135
103000157,338,2,336
103000159,115,49,66
103000162,46,23,23
103000163,3,24,-21
103000164,11,6,5
103000165,16,143,-127
103000166,175,374,-199
103000167,113,90,23
103000168,90,42,48
103000169,218,455,-237
103000170,1476,219,1257
103000171,42,76,-34
103000172,761,88,673
103000173,566,135,431
103000174,357,187,170
103000175,231,105,126
103000176,522,548,-26
103000177,112,306,-194
103000178,66,214,-148
103000179,38,5,33
103000183,284,3,281
103000185,120,50,70
103000186,251,53,198
103000187,710,84,626
103000188,5,75,-70
103000189,534,730,-196
103000191,225,175,50
103000292,284,1126,-842
103000293,358,1996,-1638
103000295,47,28,19
103000296,56,0,56
103000297,4,33,-29
103000504,67,8,59
103000505,3,4,-1
103000506,0,44,-44
103000507,131,0,131
103000508,33,26,7
103000509,161,144,17
103900001,59,36,23
103900002,232,45,187
103900003,294,62,232
103900004,46,0,46
103900005,2,12,-10
103900006,3,1,2
103900007,102,3,99
103900008,2,1,1
103900009,254,58,196
103900010,170,27,143
103900011,291,37,254
103900012,1,69,-68
103900013,16,0,16
103900014,57,8,49
103900015,78,1,77
103900016,66,34,32
103900017,49,21,28
103900018,116,46,70
103900019,5,311,-306
103900020,142,293,-151
103900021,72,11,61
103900022,318,133,185
103900023,197,0,197
103900024,25,123,-98
103900025,2,2,0
103900026,1,0,1
103900027,187,53,134
103900028,23,145,-122
103900029,886,75,811
103900030,196,51,145
103900031,51,0,51
103900032,58,107,-49
103900033,28,5,23
103900034,29,12,17
103900035,46,38,8
103900036,46,39,7
103900037,30,12,18
103900038,30,179,-149
103900039,137,73,64
103900040,5,127,-122
103900041,99,10,89
103900042,122,72,50
103900043,271,5,266
103900044,43,287,-244
103900045,200,134,66
103900047,100,8,92
103900048,9,7,2
103900049,34,416,-382
103900050,9,100,-91
103900051,3,41,-38
103900052,103,118,-15
103900053,252,82,170
103900054,105,80,25
103900055,220,70,150
103900056,21,3,18
103900057,107,46,61
103900058,357,88,269
103900059,0,29,-29
103900060,49,48,1
103900061,205,1,204
103900062,355,142,213
103900063,10,0,10
103900064,203,1,202
103900065,125,99,26
103900066,155,45,110
103900067,240,6,234
103900068,2,0,2
103900069,15,6,9
103900070,93,52,41
103900071,5,5,0
103900072,17,60,-43
103900073,14,30,-16
103900074,96,9,87
103900075,227,15,212
103900076,495,221,274
103900077,7,101,-94
103900078,162,39,123
103900079,54,17,37
103900080,1,2,-1
103900081,0,5,-5
103900082,19,31,-12
103900083,1118,1113,5
103900084,31,24,7
103900085,17,44,-27
103900086,875,139,736
103900087,9,37,-28
103900088,84,298,-214
103900089,12,67,-55
103900090,9,8,1
103900091,343,33,310
103900092,420,312,108
103900093,26,97,-71
103900094,5,31,-26
103900095,35,189,-154
103900096,46,14,32
103900097,3,103,-100
103900098,132,58,74
103900099,195,26,169
103900100,302,43,259
103900101,239,237,2
103900102,0,15,-15
103900104,1,0,1
103900105,31,18,13
103900106,1,234,-233
103900107,137,50,87
103900108,35,55,-20
103900109,151,1,150
103900110,126,10,116
103900111,228,95,133
103900112,14,15,-1
103900113,25,73,-48
103900114,340,130,210
103900115,71,80,-9
103900116,351,713,-362
103900117,47,6,41
103900119,23,168,-145
103900120,40,17,23
103900122,137,65,72
103900123,133,346,-213
103900124,19,70,-51
103900125,88,16,72
103900126,466,50,416
103900127,130,35,95
103900128,134,14,120
103900131,4,25,-21
103900133,462,12,450
103900134,0,13,-13
103900135,1,0,1
103900137,3,23,-20
103900138,151,26,125
103900139,68,2073,-2005
103900140,4,266,-262
103900141,104,36,68
103900142,418,25,393
103900143,215,0,215
103900144,0,2,-2
103900145,69,62,7
103900146,248,38,210
103900147,311,37,274
103900148,220,43,177
103900149,250,141,109
103900150,1580,3101,-1521
103900151,6,20,-14
103900152,826,138,688
103900153,12,17,-5
103900154,110,1336,-1226
103900155,12,28,-16
103900156,11,23,-12
103900157,91,12,79
103900158,138,13,125
103900159,205,3,202
103900160,15,8,7
103900161,13,42,-29
103900162,30,6,24
103900163,10,95,-85
103900164,13,0,13
103900167,8,34,-26
103900168,28,8,20
103900169,2,39,-37
103900170,0,19,-19
103900171,1,0,1
103900172,0,0,0
103900173,16,5,11
103900174,232,4,228
103900175,4,127,-123
103900176,2,7,-5
103900177,4,4,0
103900178,18,2,16
103900179,41,3,38
103900180,0,5,-5
103900181,16,9,7
103900182,1,0,1
103900184,40,23,17
103900185,11,314,-303
103900187,2,141,-139
103900188,68,53,15
103900189,102,3,99
103900190,83,4,79
103900191,2,2,0
103900192,13,21,-8
103900193,21,10,11
103900194,10,13,-3
103900195,0,59,-59
103900196,20,2,18
103900197,6,9,-3
103900198,0,1,-1
103900199,139,9,130
103900200,211,18,193
103900201,20,29,-9
103900202,1,15,-14
103900203,57,19,38
103900204,0,3,-3
103900207,0,6,-6
103900208,102,0,102
103900209,0,32,-32
103900210,50,30,20
103900211,603,107,496
103900212,43,17,26
103900213,1,103,-102
103900214,99,213,-114
103900215,33,136,-103
103900216,1,58,-57
103900217,143,11,132
103900218,1,112,-111
103900219,151,10,141
103900233,36,0,36
103900235,16,19,-3
103900236,4,18,-14
103900242,2,0,2
103900243,0,10,-10
103900244,78,30,48
103900245,40,16,24
103900246,11,24,-13
103900247,1,5,-4
103900248,0,26,-26
103900249,2,36,-34
103900250,2,5,-3
103900251,1,8,-7
103900253,0,23,-23
103900254,2,11,-9
103900255,0,8,-8
103900256,0,41,-41
103900257,14,29,-15
103900258,0,4,-4
103900259,0,1,-1
103900261,24,0,24
103900262,5,0,5
103900263,10,11,-1
103900264,4,1,3
103900265,0,1,-1
103900266,1,51,-50
103900267,0,15,-15
103900268,2,6,-4
103900269,93,4,89
103900270,23,3,20
104000001,1900,1042,858
104000002,1504,1406,98
104000003,1548,1001,547
104000004,2229,1371,858
104000005,1455,1150,305
104000006,1722,1294,428
104000007,3663,2463,1200
104000008,190,198,-8
104000009,265,188,77
104000010,154,426,-272
104000011,102,134,-32
104000012,87,157,-70
104000013,228,441,-213
104000014,104,164,-60
104000015,368,121,247
104000016,153,123,30
104000018,720,85,635
104000019,614,115,499
104000020,51,188,-137
104000021,229,144,85
104000022,110,226,-116
104000023,1194,223,971
104000024,104,121,-17
104000026,28,46,-18
104000027,227,79,148
104000028,657,167,490
104000029,215,160,55
104000030,451,246,205
104000031,779,99,680
104000032,73,157,-84
104000033,892,139,753
104000034,284,120,164
104000035,1116,123,993
104000036,878,213,665
104000037,116,62,54
104000038,391,185,206
104000039,123,110,13
104000040,75,314,-239
104000041,469,238,231
104000042,164,152,12
104000043,92,142,-50
104000044,171,284,-113
104000045,484,329,155
104000046,410,446,-36
104000047,256,377,-121
104000048,502,468,34
104000049,447,141,306
104000050,61,251,-190
104000051,79,303,-224
104000052,1492,1020,472
104000053,681,180,501
104000054,406,57,349
104000055,1557,868,689
104000056,298,93,205
104000057,121,88,33
104000058,547,610,-63
104000059,418,610,-192
104000060,863,785,78
104000061,850,413,437
104000062,259,53,206
104000064,415,136,279
104000065,58,376,-318
104000069,277,1088,-811
104000070,12,347,-335
104000071,69,97,-28
104000072,430,95,335
104000075,17,69,-52
104000076,185,26,159
104000082,1529,1874,-345
104000083,290,78,212
104000084,43,179,-136
104000085,262,91,171
104000086,200,214,-14
104000087,176,449,-273
104000090,568,287,281
104000092,1120,445,675
104000094,375,346,29
104000095,1795,974,821
104000096,1825,30,1795
104000097,1608,244,1364
104000098,2943,190,2753
104000100,2106,278,1828
104000101,830,742,88
104000106,41,412,-371
104000107,343,120,223
104000108,104,145,-41
104000109,141,46,95
104000110,302,739,-437
104000111,1157,2060,-903
104000112,232,171,61
104000116,0,395,-395
104000117,193,178,15
104000118,828,61,767
104000119,498,88,410
104000120,316,205,111
104000121,97,185,-88
104000122,436,316,120
104000123,488,379,109
104000124,188,542,-354
104000125,865,2006,-1141
104000126,327,421,-94
104000127,1069,981,88
104000128,443,103,340
104000129,233,8,225
104000130,7,344,-337
104000131,237,291,-54
104000132,299,254,45
104000133,946,630,316
104000134,632,1182,-550
104000135,185,869,-684
104000136,449,1388,-939
104000137,1210,226,984
104000138,569,286,283
104000139,1610,1362,248
104000141,462,332,130
104000142,443,207,236
104000143,573,203,370
104000144,81,111,-30
104000145,215,128,87
104000146,100,293,-193
104000147,137,183,-46
104000148,290,93,197
104000149,137,61,76
104000150,692,247,445
104000151,231,208,23
104000152,401,236,165
104000153,622,372,250
104000154,491,192,299
104000155,315,570,-255
104000157,884,632,252
104000158,97,263,-166
104000159,419,225,194
104000160,1183,1708,-525
104000161,64,82,-18
104000162,75,45,30
104000165,494,373,121
104000167,421,1217,-796
104000168,683,1,682
104000169,254,46,208
104000170,75,211,-136
104000248,260,270,-10
104000251,26,64,-38
104000272,0,0,0
104000273,0,0,0
104000274,0,0,0
104000275,0,0,0
104000279,490,452,38
104000290,28,207,-179
104000291,454,666,-212
104000293,661,696,-35
104000294,54,0,54
104000295,798,1101,-303
104000296,333,471,-138
104000297,803,1765,-962
104000298,1257,521,736
104000299,679,693,-14
104900001,23,35,-12
104900002,94,169,-75
104900003,11,127,-116
104900004,12,41,-29
104900005,215,114,101
104900006,354,14,340
104900007,217,84,133
104900009,135,77,58
104900010,41,4,37
104900011,0,1,-1
104900012,73,6,67
104900013,14,0,14
104900014,778,114,664
104900015,37,4,33
104900016,111,50,61
104900017,30,54,-24
104900018,0,27,-27
104900019,107,3786,-3679
104900020,32,44,-12
104900021,2,20,-18
104900022,12,290,-278
104900023,1,13,-12
104900024,9,441,-432
104900025,33,92,-59
104900026,0,24,-24
104900027,642,182,460
104900028,7,143,-136
104900029,7,121,-114
104900030,304,178,126
104900031,10,52,-42
104900032,20,17,3
104900033,210,150,60
104900034,318,103,215
104900035,415,190,225
104900036,462,25,437
104900037,111,66,45
104900038,27,750,-723
104900039,336,957,-621
104900040,741,54,687
104900041,279,67,212
104900042,121,74,47
104900043,33,332,-299
104900044,926,55,871
104900045,146,41,105
104900046,357,19,338
104900047,539,62,477
104900048,404,72,332
104900049,116,51,65
104900050,387,10,377
104900051,292,23,269
104900052,216,0,216
104900053,358,30,328
104900054,240,42,198
104900055,308,0,308
104900056,305,5,300
104900057,7,0,7
104900058,217,184,33
104900059,109,10,99
104900060,0,104,-104
104900061,69,72,-3
104900063,0,71,-71
104900064,0,49,-49
104900065,0,80,-80
104900066,0,22,-22
104900067,3,86,-83
104900068,12,56,-44
104900070,21,56,-35
104900071,0,50,-50
104900072,3,55,-52
104900073,47,16,31
104900074,48,20,28
104900075,20,4,16
104900076,59,46,13
104900077,114,33,81
104900078,99,122,-23
104900079,85,507,-422
104900080,63,86,-23
104900082,1,91,-90
104900085,0,60,-60
104900087,260,2,258
104900089,638,2,636
104900090,1101,418,683
104900091,236,157,79
104900093,51,96,-45
104900097,508,1545,-1037
104900098,111,5,106
104900099,13,312,-299
104900100,250,45,205
104900102,24,52,-28
104900103,35,35,0
104900104,642,1318,-676
104900106,79,25,54
104900107,58,60,-2
104900108,8,34,-26
104900109,32,59,-27
104900110,2,30,-28
104900111,212,34,178
104900112,298,88,210
104900113,361,47,314
104900114,396,102,294
104900115,504,26,478
104900116,271,23,248
104900118,1,17,-16
104900119,1,20,-19
104900120,8,296,-288
104900121,3,15,-12
104900122,0,33,-33
104900123,173,2,171
104900124,123,0,123
104900125,183,5,178
104900126,1,20,-19
104900127,1,3,-2
104900128,42,51,-9
104900129,568,2080,-1512
105000001,1852,596,1256
105000002,1499,936,563
105000003,1228,1980,-752
105000004,772,539,233
105000005,1072,1015,57
105000006,780,1280,-500
105000007,885,1236,-351
105000008,452,1454,-1002
105000009,2597,2231,366
105000010,1404,686,718
105000011,2167,2098,69
105000012,954,1031,-77
105000013,552,682,-130
105000014,2144,1881,263
105000015,4934,8999,-4065
105000016,661,793,-132
105000017,1177,793,384
105000018,447,696,-249
105000019,584,607,-23
105000020,37,321,-284
105000021,136,84,52
105000022,51,88,-37
105000023,631,130,501
105000028,3,51,-48
105000029,393,638,-245
105000030,1863,1355,508
105000033,439,597,-158
105000034,93,817,-724
105000037,392,97,295
105000038,480,861,-381
105000039,412,473,-61
105000040,668,690,-22
105000041,255,355,-100
105000042,1135,962,173
105000043,457,378,79
105000044,398,202,196
105000045,98,174,-76
105000046,608,144,464
105000047,264,235,29
105000048,837,175,662
105000049,156,148,8
105000050,892,340,552
105000051,120,168,-48
105000052,397,460,-63
105000053,45,50,-5
105000054,295,427,-132
105000055,475,117,358
105000056,1606,1114,492
105000057,1092,387,705
105000058,773,578,195
105000059,958,462,496
105000060,439,226,213
105000061,1260,313,947
105000062,477,364,113
105000063,170,208,-38
105000064,2030,312,1718
105000065,307,172,135
105000066,547,448,99
105000067,1558,539,1019
105000068,177,266,-89
105000069,873,1801,-928
105000070,370,869,-499
105000071,148,1454,-1306
105000072,684,3029,-2345
105000073,987,524,463
105000074,241,298,-57
105000075,382,262,120
105000076,661,513,148
105000077,1242,360,882
105000078,419,533,-114
105000079,606,1178,-572
105000080,1508,1507,1
105000081,812,730,82
105000082,562,1120,-558
105000083,1699,2378,-679
105000084,310,506,-196
105000085,1920,1538,382
105000086,262,511,-249
105000087,658,925,-267
105000088,1122,1535,-413
105000089,1076,751,325
105000090,129,279,-150
105000091,336,383,-47
105000092,304,329,-25
105000093,200,252,-52
105000094,86,65,21
105000095,105,307,-202
105000096,657,1215,-558
105000097,296,295,1
105000098,827,1005,-178
105000099,389,482,-93
105000100,1502,383,1119
105000101,1374,582,792
105000102,1448,720,728
105000103,746,677,69
105000104,1583,643,940
105000105,794,697,97
105000106,1047,320,727
105000107,1528,387,1141
105000108,1572,470,1102
105000109,1778,360,1418
105000110,956,158,798
105000111,1211,147,1064
105000112,613,165,448
105000113,613,425,188
105000114,623,913,-290
105000115,258,1180,-922
105000116,1130,305,825
105000117,522,282,240
105000118,994,249,745
105000119,352,249,103
105000120,1634,353,1281
105000121,584,254,330
105000122,271,377,-106
105000123,347,418,-71
105000124,1653,303,1350
105000125,863,448,415
105000126,1640,576,1064
105000127,1919,635,1284
105000128,435,719,-284
105000129,867,155,712
105000130,143,2481,-2338
105000131,158,96,62
105000132,1150,565,585
105000133,159,360,-201
105000134,1190,234,956
105000135,154,131,23
105000136,13,22,-9
105000137,302,73,229
105000138,34,19,15
105000139,503,188,315
105000140,472,115,357
105000141,197,101,96
105000142,272,133,139
105000143,81,216,-135
105000144,198,205,-7
105000145,624,159,465
105000146,195,293,-98
105000147,661,163,498
105000148,446,753,-307
105000149,2221,1170,1051
105000150,651,304,347
105000151,534,198,336
105000152,182,251,-69
105000153,835,273,562
105000154,434,208,226
105000155,196,247,-51
105000156,142,263,-121
105000157,506,672,-166
105000158,1552,332,1220
105000159,173,488,-315
105000160,2728,307,2421
105000161,428,390,38
105000162,568,1769,-1201
105000163,589,356,233
105000164,56,101,-45
105000165,246,6004,-5758
105000166,2466,1351,1115
105000167,626,2466,-1840
105000168,275,177,98
105000169,605,77,528
105000170,344,654,-310
105000171,769,139,630
105000172,289,1,288
105000173,480,6,474
105000174,98,17,81
105000175,95,56,39
105000176,540,44,496
105000177,324,148,176
105000178,309,139,170
105000179,1381,20,1361
105000180,259,28,231
105000181,115,86,29
105000182,54,30,24
105000183,1005,1801,-796
105000184,105,256,-151
105000185,162,675,-513
105000186,266,324,-58
105000187,335,240,95
105000188,164,215,-51
105000189,50,266,-216
105000190,189,164,25
105000191,191,128,63
105000192,290,50,240
105000193,77,89,-12
105000194,381,32,349
105000195,248,219,29
105000196,35,124,-89
105000197,67,132,-65
105000198,67,70,-3
105000199,89,224,-135
105000200,75,363,-288
105000201,92,6,86
105000203,4,96,-92
105000204,56,32,24
105000205,52,131,-79
105000207,40,33,7
105000208,127,202,-75
105000209,50,41,9
105000212,752,394,358
105000213,21,61,-40
105000214,116,95,21
105000215,122,81,41
105000216,93,53,40
105000217,63,29,34
105000218,2120,526,1594
105000221,56,72,-16
105000222,183,53,130
105000223,276,70,206
105000226,59,71,-12
105000227,19,75,-56
105000228,16,887,-871
105000229,138,385,-247
105000231,356,85,271
105000233,554,356,198
105000234,330,476,-146
105000235,476,328,148
105000237,813,43,770
105000243,56,84,-28
105000248,4,22,-18
105000262,344,171,173
105000269,140,76,64
105000270,502,17,485
105000271,0,132,-132
105000282,16,21,-5
105000287,84,40,44
105000288,787,322,465
105000289,622,1028,-406
105000290,30,1,29
105000402,776,2310,-1534
105000426,163,222,-59
105000438,789,809,-20
105000446,2834,2424,410
105000447,1110,961,149
105000454,583,115,468
105000455,100,61,39
105000474,74,0,74
105000477,799,381,418
105000478,1639,3254,-1615
105000479,60,40,20
105000480,4032,4571,-539
105000481,2929,2173,756
105000482,1311,2170,-859
105000483,925,1203,-278
105000484,676,901,-225
105000485,1020,1585,-565
105000486,703,873,-170
105000488,1456,1338,118
105000489,1131,310,821
105000549,148,77,71
105000550,155,744,-589
105000551,6,41,-35
105000552,905,416,489
105900001,3,564,-561
105900002,755,800,-45
105900003,1,57,-56
105900004,39,21,18
105900005,7,76,-69
105900006,20,48,-28
105900007,51,8,43
105900008,53,74,-21
105900009,61,16,45
105900011,122,34,88
105900012,339,58,281
105900013,5,10,-5
105900014,0,23,-23
105900015,47,72,-25
105900016,328,101,227
105900017,1573,38,1535
105900018,30,95,-65
105900019,38,62,-24
105900020,26,24,2
105900021,17,262,-245
105900022,118,109,9
105900023,18,80,-62
105900024,6,67,-61
105900025,200,4,196
105900026,119,3,116
105900027,3431,1652,1779
105900028,96,68,28
105900029,802,211,591
105900030,127,73,54
105900031,185,50,135
105900032,43,23,20
105900033,53,52,1
105900034,124,51,73
105900035,146,54,92
105900036,89,31,58
105900037,101,12,89
105900038,72,95,-23
105900039,64,26,38
105900040,64,8,56
105900041,62,66,-4
105900042,9,49,-40
105900043,376,14,362
105900044,0,127,-127
105900045,1,542,-541
105900046,0,40,-40
105900047,0,3,-3
105900048,140,137,3
105900050,363,1248,-885
105900051,25,273,-248
105900052,361,11,350
105900053,1027,2566,-1539
105900054,53,81,-28
105900056,201,227,-26
105900057,4,41,-37
105900058,15,3,12
105900059,0,106,-106
106000001,1435,1064,371
106000002,422,1454,-1032
106000003,2192,2359,-167
106000004,1032,1664,-632
106000005,3294,2564,730
106000006,2562,1199,1363
106000007,530,85,445
106000008,153,237,-84
106000009,373,89,284
106000010,200,410,-210
106000011,1189,453,736
106000012,549,425,124
106000013,1803,872,931
106000014,680,640,40
106000015,2083,578,1505
106000016,872,881,-9
106000017,1032,372,660
106000018,300,321,-21
106000019,504,231,273
106000020,196,115,81
106000021,365,194,171
106000022,231,142,89
106000023,955,248,707
106000024,445,262,183
106000025,201,152,49
106000026,77,107,-30
106000027,1969,834,1135
106000028,338,135,203
106000029,324,234,90
106000030,62,304,-242
106000034,32,122,-90
106000035,692,1065,-373
106000036,52,332,-280
106000037,366,439,-73
106000038,28,60,-32
106000039,27,104,-77
106000040,54,864,-810
106000041,491,341,150
106000043,218,131,87
106000046,229,20,209
106000047,47,318,-271
106000049,882,45,837
106000050,66,180,-114
106000051,977,456,521
106000052,0,0,0
106000053,570,102,468
106000054,0,0,0
106000055,831,312,519
106000056,0,0,0
106000057,475,88,387
106000058,0,0,0
106000059,496,168,328
106000060,15,63,-48
106000061,203,641,-438
106000062,78,96,-18
106000063,594,653,-59
106000064,0,0,0
106000065,491,167,324
106000066,40,27,13
106000067,450,58,392
106000068,93,36,57
106000069,459,27,432
106000070,162,39,123
106000071,721,167,554
106000072,1134,754,380
106000073,1098,3474,-2376
106000074,449,389,60
106000075,306,443,-137
106000076,820,505,315
106000077,1127,398,729
106000078,1007,241,766
106000079,887,292,595
106000080,806,252,554
106000081,783,306,477
106000082,1127,268,859
106000083,298,582,-284
106000084,518,267,251
106000085,896,569,327
106000086,248,127,121
106000087,538,203,335
106000088,281,174,107
106000089,781,142,639
106000090,309,235,74
106000091,250,230,20
106000092,456,129,327
106000093,372,30,342
106000094,67,92,-25
106000095,1277,339,938
106000096,1431,209,1222
106000097,1237,462,775
106000098,1023,150,873
106000099,106,138,-32
106000100,1279,136,1143
106000101,680,94,586
106000102,70,160,-90
106000103,195,286,-91
106000104,814,258,556
106000105,345,452,-107
106000106,846,243,603
106000107,78,269,-191
106000108,470,90,380
106000109,113,187,-74
106000110,425,86,339
106000111,122,112,10
106000112,256,499,-243
106000113,277,302,-25
106000114,308,525,-217
106000115,132,240,-108
106000116,342,92,250
106000117,512,243,269
106000118,843,772,71
106000119,402,229,173
106000120,623,1036,-413
106000121,240,104,136
106000122,279,174,105
106000123,817,34,783
106000124,95,91,4
106000125,15,122,-107
106000126,466,31,435
106000127,828,326,502
106000128,815,120,695
106000129,377,234,143
106000130,1024,196,828
106000131,37,361,-324
106000132,467,87,380
106000133,683,928,-245
106000134,312,2200,-1888
106000135,131,402,-271
106000136,714,1156,-442
106000137,97,457,-360
106000138,1933,38,1895
106000139,67,62,5
106000140,1,1,0
106000141,7,2,5
106000142,201,160,41
106000143,4,7,-3
106000144,45,183,-138
106000145,172,67,105
106000146,597,56,541
106000147,305,338,-33
106000148,313,673,-360
106000149,747,371,376
106000150,777,1331,-554
106000151,1740,406,1334
106000152,855,1117,-262
106000153,20,901,-881
106000154,784,104,680
106000155,120,180,-60
106000156,1463,82,1381
106000157,302,833,-531
106000158,735,523,212
106000159,887,1113,-226
106000160,465,2366,-1901
106000161,345,84,261
106000162,398,1180,-782
106000163,244,99,145
106000164,668,59,609
106000165,152,161,-9
106000166,823,40,783
106000167,378,260,118
106000168,667,49,618
106000169,149,152,-3
106000170,868,92,776
106000171,120,372,-252
106000172,1547,383,1164
106000173,519,755,-236
106000174,1229,102,1127
106000175,106,116,-10
106000176,1804,243,1561
106000177,670,473,197
106000178,2347,462,1885
106000179,391,370,21
106000180,620,338,282
106000181,1483,820,663
106000182,1747,165,1582
106000183,1378,206,1172
106000184,845,284,561
106000185,964,966,-2
106000186,211,40,171
106000187,34,598,-564
106000188,0,0,0
106000189,12,9,3
106000190,51,3,48
106000191,355,68,287
106000192,0,0,0
106000193,99,122,-23
106000194,33,235,-202
106000195,116,115,1
106000196,49,354,-305
106000197,473,125,348
106000198,167,64,103
106000199,445,1039,-594
106000200,180,137,43
106000201,191,5126,-4935
106000202,1315,372,943
106000203,5,89,-84
106000204,66,4,62
106000205,15,109,-94
106000206,80,9,71
106000207,4,95,-91
106000208,1538,36,1502
106000209,2077,145,1932
106000210,217,264,-47
106000211,202,376,-174
106000212,1203,220,983
106000213,150,845,-695
106000214,768,168,600
106000215,334,243,91
106000216,472,105,367
106000217,152,221,-69
106000218,314,67,247
106000219,74,140,-66
106000220,588,71,517
106000221,204,73,131
106000222,97,35,62
106000223,323,15,308
106000224,183,54,129
106000225,77,76,1
106000226,41,95,-54
106000228,0,3,-3
106000229,97,153,-56
106000231,1026,33,993
106000232,52,97,-45
106000233,505,47,458
106000234,18,134,-116
106000235,79,160,-81
106000236,84,93,-9
106000237,0,9,-9
106000238,15,45,-30
106000239,0,108,-108
106000240,1,3,-2
106000241,10,386,-376
106000242,174,13,161
106000249,117,32,85
106000250,49,356,-307
106000251,84,13,71
106000252,12,25,-13
106000253,97,18,79
106000254,33,9,24
106000255,34,57,-23
106000256,15,1,14
106000257,44,125,-81
106000258,39,51,-12
106000259,1,85,-84
106000260,4,1,3
106000261,10,33,-23
106000262,68,1,67
106000263,29,43,-14
106000264,92,0,92
106000265,7,26,-19
106000266,168,7,161
106000267,19,46,-27
106000268,182,5,177
106000269,14,21,-7
106000270,46,96,-50
106000271,48,37,11
106000272,51,12,39
106000273,1,77,-76
106000274,84,7,77
106000275,162,82,80
106000276,24,13,11
106000277,98,94,4
106000278,40,7,33
106000279,9,1,8
106000280,58,7,51
106000281,65,10,55
106000282,65,28,37
106000283,29,18,11
106000284,166,38,128
106000285,54,30,24
106000286,100,13,87
106000287,29,35,-6
106000288,99,13,86
106000289,54,24,30
106000290,109,12,97
106000291,57,7,50
106000292,29,7,22
106000293,41,19,22
106000294,72,7,65
106000295,26,7,19
106000296,15,3,12
106000297,19,57,-38
106000298,26,35,-9
106000299,62,24,38
106000300,36,45,-9
106000301,34,42,-8
106000303,61,17,44
106000304,17,6,11
106000305,52,20,32
106000306,23,5,18
106000307,146,5,141
106000308,7,46,-39
106000309,8,46,-38
106000310,226,150,76
106000311,396,56,340
106000312,135,64,71
106000313,149,70,79
106000318,25,170,-145
106000319,748,274,474
106000320,1,134,-133
106000321,62,274,-212
106000322,194,56,138
106000324,87,138,-51
106000325,1690,393,1297
106000326,381,556,-175
106000327,258,37,221
106000328,19,26,-7
106000329,30,126,-96
106000330,21,79,-58
106000428,85,191,-106
106000429,100,188,-88
106000430,275,523,-248
106000431,1870,193,1677
106000432,462,833,-371
106000433,1868,749,1119
106000434,2900,767,2133
106000435,595,852,-257
106000436,0,83,-83
106000437,621,78,543
106000438,130,315,-185
106000439,9,330,-321
106000440,144,188,-44
106000441,14,1,13
106000442,201,3,198
106000443,208,136,72
106000450,0,71,-71
106000451,20,102,-82
106000454,2,57,-55
106000455,1,102,-101
106000456,59,70,-11
106000457,10,138,-128
106000458,1288,149,1139
106000459,126,54,72
106000460,2158,27,2131
106000461,75,152,-77
106000462,0,15,-15
106000463,4,22,-18
106000464,1,201,-200
106000465,882,3,879
106000466,0,206,-206
106000467,44,120,-76
106000468,165,58,107
106000469,189,8,181
106000470,85,1067,-982
106000471,1,171,-170
106000472,221,8,213
106000473,9,1,8
106000474,212,300,-88
106000475,322,177,145
106000476,133,244,-111
106000477,1,2,-1
106900001,0,1,-1
106900002,0,112,-112
106900003,31,356,-325
106900004,1,2,-1
106900006,0,8,-8
106900007,0,4,-4
106900008,400,13,387
106900009,394,114,280
106900010,248,58,190
106900012,435,2296,-1861
106900013,531,246,285
106900014,105,0,105
106900015,0,0,0
106900016,471,28,443
106900017,2,0,2
106900018,25,0,25
106900019,218,2,216
106900020,674,1213,-539
106900021,154,46,108
106900022,1746,14,1732
106900023,23,29,-6
106900024,590,43,547
106900025,6,165,-159
106900026,1,116,-115
106900027,925,12,913
107000001,2239,2190,49
107000002,811,749,62
107000003,6506,5849,657
107000004,2268,893,1375
107000005,6568,4053,2515
107000006,1872,859,1013
107000007,3655,4385,-730
107000008,2098,1316,782
107000009,7182,5077,2105
107000010,3237,2402,835
107000011,302,386,-84
107000012,1321,938,383
107000013,23,22,1
107000014,42,21,21
107000015,230,156,74
107000016,440,185,255
107000017,552,476,76
107000018,0,409,-409
107000020,565,555,10
107000021,517,262,255
107000022,825,763,62
107000023,942,155,787
107000024,677,1187,-510
107000025,249,242,7
107000026,369,269,100
107000027,1061,342,719
107000028,1057,406,651
107000029,3084,1871,1213
107000030,1413,1031,382
107000031,3555,1479,2076
107000032,169,473,-304
107000033,1073,1810,-737
107000034,1639,399,1240
107000035,251,122,129
107000036,289,748,-459
107000037,46,509,-463
107000038,127,86,41
107000039,452,559,-107
107000040,168,83,85
107000041,721,237,484
107000042,223,1201,-978
107000043,833,339,494
107000044,295,122,173
107000045,31,88,-57
107000046,495,137,358
107000047,157,329,-172
107000048,279,124,155
107000049,262,309,-47
107000050,495,240,255
107000051,206,220,-14
107000052,540,1189,-649
107000053,279,260,19
107000054,32,100,-68
107000055,139,69,70
107000056,335,437,-102
107000057,855,146,709
107000058,2105,1526,579
107000059,962,1283,-321
107000060,4792,3339,1453
107000061,2372,1054,1318
107000062,5930,1839,4091
107000063,1478,1401,77
107000064,4279,2470,1809
107000065,1541,1880,-339
107000066,1044,2100,-1056
107000067,673,531,142
107000068,590,565,25
107000069,809,701,108
107000070,1147,8,1139
107000071,3194,36,3158
107000072,1,691,-690
107000073,944,388,556
107000074,84,251,-167
107000075,1738,84,1654
107000076,178,431,-253
107000077,2508,277,2231
107000078,296,557,-261
107000079,2920,667,2253
107000080,295,687,-392
107000081,3603,430,3173
107000082,277,354,-77
107000083,1436,601,835
107000084,98,297,-199
107000085,1628,1469,159
107000086,1565,1166,399
107000087,1996,1155,841
107000088,1250,1224,26
107000089,1195,1059,136
107000090,562,296,266
107000091,1107,525,582
107000092,454,343,111
107000093,893,555,338
107000094,364,343,21
107000095,1188,612,576
107000096,270,368,-98
107000097,651,333,318
107000098,126,361,-235
107000099,312,338,-26
107000100,87,248,-161
107000101,95,139,-44
107000102,128,290,-162
107000103,364,167,197
107000104,197,248,-51
107000105,455,109,346
107000106,112,98,14
107000107,752,127,625
107000108,90,229,-139
107000109,797,107,690
107000110,26,208,-182
107000111,391,22,369
107000112,4,237,-233
107000113,1009,50,959
107000114,14,371,-357
107000115,807,146,661
107000116,15,251,-236
107000117,97,855,-758
107000118,38,55,-17
107000119,726,1503,-777
107000120,646,504,142
107000121,639,235,404
107000122,348,323,25
107000123,524,220,304
107000124,470,206,264
107000125,965,238,727
107000126,938,239,699
107000127,10,159,-149
107000129,236,321,-85
107000130,852,870,-18
107000131,242,620,-378
107000132,438,199,239
107000133,281,75,206
107000134,215,0,215
107000135,0,189,-189
107000136,286,2,284
107000137,1,121,-120
107000138,53,2,51
107000139,1,273,-272
107000140,1023,33,990
107000141,73,305,-232
107000142,310,51,259
107000143,25,348,-323
107000144,207,458,-251
107000145,69,161,-92
107000146,243,212,31
107000147,2190,368,1822
107000150,108,3362,-3254
107000151,16,2,14
107000152,163,2308,-2145
107000153,42,132,-90
107000154,1,82,-81
107000155,920,12,908
107000156,1224,2,1222
107000157,5,354,-349
107000158,818,2,816
107000159,15,206,-191
107000160,1641,114,1527
107000161,17,329,-312
107000162,174,543,-369
107000163,187,1,186
107000164,997,4,993
107000165,1449,26,1423
107000166,1,194,-193
107000167,660,108,552
107000168,909,319,590
107000169,172,252,-80
107000170,3246,553,2693
107000171,311,310,1
107000172,1323,1637,-314
107000173,253,197,56
107000174,881,4922,-4041
107000175,1637,398,1239
107000176,0,0,0
107000177,6,0,6
107000178,11,5,6
107000179,365,697,-332
107000180,1987,161,1826
107000181,277,363,-86
107000182,1856,266,1590
107000183,85,305,-220
107000184,1385,260,1125
107000185,174,739,-565
107000186,768,91,677
107000187,878,661,217
107000188,472,184,288
107000189,726,261,465
107000190,554,236,318
107000191,649,307,342
107000192,1205,196,1009
107000193,318,167,151
107000194,265,141,124
107000197,712,74,638
107000198,294,737,-443
107000199,240,256,-16
107000200,490,385,105
107000201,157,131,26
107000202,126,297,-171
107000203,162,436,-274
107000204,164,1034,-870
107000205,286,159,127
107000206,102,568,-466
107000207,208,379,-171
107000208,143,184,-41
107000209,205,229,-24
107000210,67,185,-118
107000211,21,45,-24
107000212,86,30,56
107000213,0,3,-3
107000214,3,17,-14
107000215,392,76,316
107000216,443,90,353
107000217,94,48,46
107000219,26,105,-79
107000220,66,117,-51
107000222,124,122,2
107000224,366,64,302
107000225,57,157,-100
107000226,501,70,431
107000227,52,78,-26
107000228,36,190,-154
107000229,44,51,-7
107000230,381,211,170
107000231,250,426,-176
107000232,42,6,36
107000233,66,278,-212
107000234,2,72,-70
107000235,33,21,12
107000236,1,147,-146
107000237,63,0,63
107000238,35,0,35
107000239,946,270,676
107000240,24,115,-91
107000241,8,5,3
107000242,51,13,38
107000243,0,37,-37
107000244,6,4,2
107000246,0,277,-277
107000249,2,457,-455
107000251,1,54,-53
107000252,1,91,-90
107000255,130,99,31
107000257,1,501,-500
107000258,14,152,-138
107000259,1,82,-81
107000260,1839,11,1828
107000262,6,113,-107
107000263,532,6,526
107000266,20,7,13
107000267,34,47,-13
107000268,131,27,104
107000269,9,2,7
107000270,246,74,172
107000271,4,0,4
107000272,99,7,92
107000273,1,82,-81
107000274,358,34,324
107000275,7,351,-344
107000280,1265,11,1254
107000281,6,136,-130
107000282,8,259,-251
107000290,20,7,13
107000291,3,5,-2
107000292,0,60,-60
107000293,3,6,-3
107000294,0,58,-58
107000295,25,7,18
107000296,0,16,-16
107000444,193,2,191
107000496,8,7,1
107000497,481,509,-28
107000500,330,61,269
107000501,37,76,-39
107000502,150,101,49
107000505,95,338,-243
107000506,0,2,-2
107000508,3,49,-46
107000509,82,324,-242
107000510,12,30,-18
107000514,64,703,-639
107000515,6,38,-32
107000516,559,209,350
107000518,1203,1771,-568
107000519,427,187,240
107000520,178,30,148
107900001,62,13,49
107900002,49,4,45
107900003,397,1,396
107900004,218,1,217
107900005,2349,33,2316
107900006,129,9,120
107900007,300,17,283
107900008,39,12,27
107900009,281,12,269
107900010,39,1,38
107900012,297,25,272
107900013,176,4,172
107900014,53,4,49
107900015,1721,41,1680
107900016,66,26,40
107900017,45,0,45
107900018,67,427,-360
107900019,27,24,3
107900020,5,32,-27
107900021,98,7,91
107900023,1,5,-4
107900024,0,3,-3
107900025,73,54,19
107900026,14,21,-7
107900027,9,227,-218
107900028,243,4,239
107900030,225,3,222
107900031,128,53,75
107900032,35,0,35
107900033,28,6,22
107900034,214,2,212
107900035,1578,56,1522
107900036,84,23,61
107900037,1,8,-7
107900038,18,280,-262
107900039,6,26,-20
107900040,6,544,-538
107900041,2,1,1
107900043,98,38,60
107900044,4,2,2
107900045,75,42,33
107900046,477,148,329
107900047,76,7,69
107900048,389,9,380
107900049,67,887,-820
107900050,42,89,-47
107900051,62,19,43
107900052,1,126,-125
107900053,90,53,37
107900055,263,154,109
107900056,50,72,-22
107900057,6,0,6
107900058,14,146,-132
107900060,4,18,-14
107900061,0,54,-54
107900063,62,79,-17
107900064,67,328,-261
107900065,605,3,602
107900066,14,10,4
107900067,1,0,1
107900068,46,334,-288
107900069,29,2568,-2539
107900070,195,149,46
107900071,7,118,-111
107900072,165,25,140
107900073,58,29,29
107900074,85,133,-48
107900076,99,8,91
107900077,91,0,91
107900078,51,10,41
107900079,16,10,6
107900080,14,107,-93
107900081,12,11,1
107900082,1,0,1
107900083,349,122,227
107900084,76,107,-31
107900086,24,157,-133
107900087,72,36,36
107900088,40,0,40
107900089,94,261,-167
107900090,192,1365,-1173
107900091,55,87,-32
107900092,660,90,570
107900093,37,19,18
107900095,571,946,-375
107900097,15,30,-15
107900098,95,176,-81
107900100,147,1173,-1026
107900101,124,38,86
107900102,47,1,46
107900103,31,47,-16
107900104,339,0,339
107900105,0,80,-80
107900106,13,109,-96
107900107,374,202,172
107900108,25,10,15
107900109,1761,28,1733
107900110,76,9,67
107900111,0,126,-126
107900112,30,211,-181
107900113,303,7,296
107900114,320,48,272
107900115,0,10,-10
107900116,227,50,177
107900117,90,85,5
107900118,1,47,-46
107900119,114,149,-35
107900120,40,9,31
107900121,1,70,-69
107900122,0,15,-15
107900123,3,28,-25
107900124,13,31,-18
107900125,8,23,-15
107900126,24,10,14
107900127,553,111,442
107900128,38,14,24
107900129,117,3,114
107900130,144,2,142
107900131,15,41,-26
107900132,2,85,-83
107900133,0,19,-19
107900134,12,41,-29
107900135,0,15,-15
107900136,11,20,-9
107900137,28,12,16
107900138,56,8,48
107900139,76,15,61
107900140,84,33,51
107900141,20,7,13
107900142,4,113,-109
107900143,13,11,2
107900144,0,5,-5
107900145,2,24,-22
107900146,18,20,-2
107900147,18,8,10
107900148,135,56,79
107900149,228,38,190
107900150,1,84,-83
107900151,75,13,62
107900152,1,55,-54
107900153,20,117,-97
107900154,40,5,35
107900155,71,9,62
107900156,2,32,-30
107900157,7,22,-15
107900158,1125,59,1066
107900159,2,112,-110
107900160,111,52,59
107900161,67,21,46
107900162,0,33,-33
107900163,13,28,-15
107900164,9,6,3
107900165,6,92,-86
107900166,32,23,9
107900167,4,75,-71
107900168,42,2,40
107900169,1,310,-309
107900171,1,153,-152
107900172,5,56,-51
107900173,80,20,60
107900174,129,2,127
107900175,3,53,-50
107900176,26,1,25
107900177,1,56,-55
107900178,0,55,-55
107900179,7,34,-27
107900180,113,863,-750
107900181,115,211,-96
107900182,0,97,-97
107900183,35,19,16
107900184,51,89,-38
107900185,90,5,85
107900186,14,19,-5
107900187,0,26,-26
107900188,234,29,205
107900189,10,22,-12
107900190,14,33,-19
107900191,21,18,3
107900193,0,50,-50
107900194,76,3,73
107900195,485,72,413
107900196,41,15,26
107900197,61,71,-10
107900199,0,111,-111
107900201,54,28,26
107900203,26,10,16
107900204,123,139,-16
107900205,120,80,40
107900206,38,344,-306
107900207,0,57,-57
107900208,1,120,-119
107900209,85,28,57
107900210,19,28,-9
107900213,133,116,17
107900214,10,34,-24
107900215,90,172,-82
107900216,6,25,-19
107900217,50,24,26
107900218,0,191,-191
107900219,12,4,8
107900220,7,55,-48
107900221,17,128,-111
107900223,98,46,52
107900224,18,225,-207
107900225,0,71,-71
107900226,3,66,-63
107900227,44,126,-82
107900228,38,54,-16
107900229,1,34,-33
107900230,26,18,8
107900231,50,22,28
107900232,202,28,174
107900233,0,51,-51
107900234,129,52,77
107900235,6,42,-36
107900236,268,31,237
107900237,16,174,-158
107900238,22,10,12
107900239,120,309,-189
107900240,33,13,20
107900241,2,21,-19
107900242,1,35,-34
107900243,0,24,-24
107900244,258,22,236
107900245,901,33,868
107900246,138,28,110
107900248,553,16,537
107900249,987,85,902
107900250,0,110,-110
107900251,4,186,-182
107900252,628,67,561
107900253,166,21,145
107900254,10,97,-87
107900255,31,28,3
107900256,161,565,-404
107900257,281,109,172
107900258,89,18,71
107900259,11,2471,-2460
107900261,0,99,-99
107900262,38,25,13
107900264,418,9,409
107900265,35,67,-32
107900267,397,23,374
107900268,2,0,2
107900269,0,0,0
107900270,0,0,0
107900271,1,25,-24
107900272,38,52,-14
107900273,19,11,8
107900274,115,0,115
107900275,7,0,7
107900276,0,17,-17
107900277,0,12,-12
107900278,358,71,287
107900279,15,52,-37
107900280,794,356,438
107900281,370,5315,-4945
107900282,26,764,-738
107900283,404,505,-101
107900284,681,254,427
107900285,121,15,106
107900286,8,24,-16
107900287,444,58,386
107900290,1,310,-309
107900291,453,6,447
107900292,102,63,39
107900293,37,121,-84
107900295,23,15,8
107900297,4,138,-134
107900298,349,349,0
107900299,1607,2362,-755
107900300,101,239,-138
107900301,319,353,-34
107900302,69,4,65
107900303,380,178,202
107900304,387,33,354
107900305,280,5,275
107900306,6,36,-30
107900307,10,115,-105
107900308,262,96,166
107900309,12,1,11
107900310,21,0,21
107900311,269,313,-44
107900312,52,0,52
107900313,0,58,-58
107900314,1,89,-88
107900315,1,36,-35
107900316,25,1,24
107900317,63,6,57
107900318,1,172,-171
107900319,1,21,-20
107900320,3,32,-29
107900321,142,2,140
107900322,1,14,-13
107900323,16,35,-19
107900324,83,2,81
107900325,184,0,184
107900326,512,105,407
107900327,1,50,-49
107900328,1,0,1
107900329,4,62,-58
107900330,15,67,-52
107900331,507,13,494
107900332,403,6,397
107900333,109,3,106
107900334,6,40,-34
107900335,33,16,17
107900336,21,44,-23
107900337,249,810,-561
107900338,0,72,-72
107900339,0,15,-15
107900340,0,83,-83
107900341,45,1,44
107900342,145,208,-63
107900343,47,2,45
107900344,1,359,-358
107900345,32,12,20
107900346,2,1,1
107900347,14,1,13
107900348,0,1,-1
107900349,5,12,-7
107900350,2,114,-112
108000001,3535,1736,1799
108000002,553,853,-300
108000003,2157,1243,914
108000004,4850,5111,-261
108000005,6819,3007,3812
108000006,1860,1860,0
108000007,4452,2001,2451
108000008,1585,1654,-69
108000009,4573,2521,2052
108000010,1350,1646,-296
108000011,10269,5963,4306
108000012,4500,5117,-617
108000014,300,958,-658
108000015,584,128,456
108000016,174,312,-138
108000017,1071,207,864
108000018,1404,384,1020
108000019,454,267,187
108000020,709,279,430
108000021,179,453,-274
108000022,279,402,-123
108000023,1222,161,1061
108000024,256,163,93
108000025,376,81,295
108000026,715,86,629
108000027,601,97,504
108000028,808,81,727
108000029,590,103,487
108000030,392,125,267
108000031,86,256,-170
108000032,2242,327,1915
108000033,403,233,170
108000034,1953,268,1685
108000035,296,425,-129
108000036,200,414,-214
108000037,1895,150,1745
108000038,3433,149,3284
108000039,228,455,-227
108000040,1899,518,1381
108000041,261,665,-404
108000042,564,71,493
108000043,77,83,-6
108000044,1073,48,1025
108000045,90,104,-14
108000046,1584,158,1426
108000047,147,181,-34
108000048,61,130,-69
108000049,782,91,691
108000050,20,187,-167
108000051,377,144,233
108000052,51,249,-198
108000053,341,139,202
108000054,192,441,-249
108000055,773,210,563
108000056,192,440,-248
108000057,584,882,-298
108000058,1220,2804,-1584
108000059,1105,560,545
108000060,183,264,-81
108000061,36,121,-85
108000062,836,297,539
108000063,391,206,185
108000064,236,128,108
108000065,505,334,171
108000066,1003,385,618
108000067,1871,587,1284
108000068,1064,153,911
108000069,76,357,-281
108000070,2104,279,1825
108000071,372,458,-86
108000072,1359,275,1084
108000073,396,419,-23
108000074,746,181,565
108000075,176,175,1
108000076,972,173,799
108000077,257,197,60
108000078,2782,602,2180
108000079,239,313,-74
108000080,1723,207,1516
108000081,204,381,-177
108000082,300,377,-77
108000083,1482,429,1053
108000084,123,304,-181
108000085,1039,221,818
108000086,141,176,-35
108000087,119,1650,-1531
108000088,244,3,241
108000089,171,155,16
108000090,835,46,789
108000091,53,245,-192
108000092,463,29,434
108000093,241,229,12
108000094,1112,27,1085
108000095,76,119,-43
108000096,731,92,639
108000097,54,156,-102
108000098,2148,577,1571
108000099,300,28,272
108000100,188,169,19
108000101,1210,626,584
108000102,1110,2263,-1153
108000106,687,0,687
108000107,3,583,-580
108000108,650,62,588
108000109,1,250,-249
108000110,408,102,306
108000111,134,283,-149
108000112,20,114,-94
108000113,189,161,28
108000115,175,116,59
108000117,210,254,-44
108000118,14,157,-143
108000119,426,106,320
108000120,151,615,-464
108000121,273,179,94
108000122,729,180,549
108000123,657,106,551
108000124,204,142,62
108000125,550,164,386
108000126,181,122,59
108000127,577,155,422
108000128,731,52,679
108000129,115,170,-55
108000130,567,134,433
108000131,598,106,492
108000132,150,223,-73
108000133,1252,108,1144
108000134,184,102,82
108000135,1507,351,1156
108000136,130,114,16
108000137,534,112,422
108000138,331,219,112
108000139,576,185,391
108000140,562,7,555
108000141,17,17,0
108000142,8,36,-28
108000143,11,8,3
108000144,182,3,179
108000145,65,2,63
108000146,166,2,164
108000147,43,10,33
108000148,185,12,173
108000149,2,8,-6
108000150,112,11,101
108000151,8,25,-17
108000152,41,69,-28
108000153,738,65,673
108000154,15,6,9
108000155,60,41,19
108000156,197,88,109
108000157,79,1318,-1239
108000158,23,481,-458
108000159,66,96,-30
108000160,1040,1012,28
108000161,903,3061,-2158
108000165,1,329,-328
108000172,7,193,-186
108000173,573,1381,-808
108000175,355,60,295
108000178,231,122,109
108000179,80,604,-524
108000181,105,19,86
108000182,74,6,68
108000183,2,5,-3
108000184,191,2238,-2047
108000185,203,107,96
108000186,514,11,503
108000187,75,127,-52
108000188,1266,54,1212
108000189,163,1479,-1316
108000190,8,27,-19
108000192,237,114,123
108000193,167,15,152
108000194,2,3,-1
108000195,0,361,-361
108000196,115,167,-52
108000198,361,38,323
108000199,0,53,-53
108000200,1055,54,1001
108000202,0,107,-107
108000203,75,173,-98
108000204,172,70,102
108000205,92,150,-58
108000339,313,299,14
108000364,73,109,-36
108000365,35,189,-154
108000367,47,117,-70
108000368,4,23,-19
108000369,272,58,214
108000371,1,472,-471
108000372,605,0,605
108000373,220,60,160
108000376,121,12,109
108000377,724,121,603
108000378,7181,9027,-1846
108000379,12,52,-40
108000381,179,21,158
108000382,70,6,64
108000383,0,61,-61
108900001,14,129,-115
108900002,90,34,56
108900003,50,225,-175
108900004,3,296,-293
108900005,61,163,-102
108900006,587,101,486
108900007,395,58,337
108900008,237,30,207
108900009,115,94,21
108900010,596,55,541
108900011,1004,86,918
108900012,564,74,490
108900013,222,70,152
108900014,20,61,-41
108900015,0,162,-162
108900016,1,151,-150
108900017,126,244,-118
108900018,142,230,-88
108900019,6,92,-86
108900020,85,57,28
108900021,101,42,59
108900022,118,17,101
108900023,3,26,-23
108900024,13,37,-24
108900025,156,13,143
108900026,60,37,23
108900027,0,22,-22
108900028,86,62,24
108900029,40,69,-29
108900030,0,14,-14
108900031,65,60,5
108900032,0,18,-18
108900033,0,24,-24
108900034,0,47,-47
108900035,207,402,-195
108900036,97,112,-15
108900037,28,113,-85
108900038,0,77,-77
108900039,0,74,-74
108900040,1,67,-66
108900041,1942,1919,23
108900042,4,191,-187
108900043,45,292,-247
108900044,0,113,-113
108900045,67,101,-34
108900046,19,113,-94
108900047,0,100,-100
108900048,58,148,-90
108900049,565,1692,-1127
108900050,1,97,-96
108900051,0,50,-50
108900052,46,45,1
108900053,50,221,-171
108900054,91,45,46
108900055,15,121,-106
108900056,3,44,-41
108900057,0,55,-55
108900058,42,138,-96
108900059,759,67,692
108900060,38,103,-65
108900061,21,7,14
108900062,0,92,-92
108900063,27,51,-24
108900064,394,24,370
108900065,15,49,-34
108900066,392,67,325
108900067,9,51,-42
108900068,0,17,-17
108900069,109,41,68
108900070,6,18,-12
108900071,246,22,224
108900072,923,127,796
108900073,2,196,-194
108900074,447,70,377
108900075,1,11,-10
108900076,503,10,493
108900077,37,1217,-1180
108900078,62,25,37
108900079,139,38,101
108900080,5,657,-652
108900081,52,90,-38
108900082,72,43,29
108900083,9,183,-174
108900084,99,40,59
108900085,815,86,729
108900086,147,79,68
108900087,63,69,-6
108900088,303,146,157
108900089,17,71,-54
108900090,83,93,-10
108900091,73,37,36
108900092,319,107,212
108900093,76,30,46
108900094,200,49,151
108900095,12,71,-59
108900096,116,3,113
108900097,123,88,35
108900098,616,1063,-447
108900099,300,54,246
108900100,69,30,39
108900101,148,145,3
108900102,10,868,-858
108900103,140,74,66
108900104,51,94,-43
108900105,2,1532,-1530
108900106,381,62,319
108900108,251,15,236
108900109,87,13,74
108900110,79,69,10
108900111,250,105,145
108900112,174,19,155
108900113,59,27,32
108900114,2,10,-8
108900115,192,64,128
108900116,60,4,56
108900117,218,3,215
108900118,685,19,666
108900119,572,18,554
108900120,181,150,31
108900121,222,49,173
108900122,300,14,286
108900123,304,38,266
108900124,645,33,612
108900125,671,5,666
108900126,90,38,52
108900127,287,44,243
108900128,228,11,217
108900129,956,34,922
108900130,425,6,419
108900131,511,4,507
108900132,544,35,509
108900133,243,21,222
108900134,550,37,513
108900135,312,3,309
108900136,24,2,22
108900137,282,2,280
108900138,591,6,585
108900139,602,48,554
108900140,558,25,533
108900141,564,18,546
108900142,47,2,45
108900143,139,0,139
108900144,112,0,112
108900145,213,3,210
108900146,96,1,95
108900147,305,0,305
108900148,50,4,46
108900149,250,201,49
108900150,189,0,189
108900151,47,12,35
108900152,120,93,27
108900153,184,53,131
108900154,4221,189,4032
108900155,137,13,124
108900156,88,1,87
108900157,6,68,-62
108900158,564,160,404
108900159,9,81,-72
108900160,5,103,-98
108900161,12,131,-119
108900162,190,28,162
108900163,1,331,-330
108900164,44,8,36
108900165,53,26,27
108900167,299,7951,-7652
108900168,3468,1609,1859
108900169,31,25,6
108900171,1523,3418,-1895
108900172,146,44,102
108900173,61,97,-36
108900174,833,75,758
108900176,27,255,-228
108900177,1475,6451,-4976
108900178,1190,3602,-2412
108900179,107,981,-874
108900180,86,190,-104
108900182,66,270,-204
108900183,82,86,-4
108900184,236,192,44
108900185,37,133,-96
108900186,26,132,-106
108900187,633,20,613
108900188,813,41,772
108900189,154,27,127
108900190,8,608,-600
108900191,59,152,-93
108900192,49,100,-51
108900193,19,19,0
108900194,1,76,-75
108900195,46,53,-7
108900196,10,107,-97
108900198,0,112,-112
108900199,141,89,52
108900200,690,225,465
108900201,189,359,-170
108900203,404,24,380
108900204,321,3,318
108900205,189,12,177
108900206,326,33,293
108900207,276,165,111
108900208,56,98,-42
108900209,140,155,-15
108900210,142,75,67
108900211,44,348,-304
108900212,46,918,-872
108900215,39,133,-94
108900216,132,173,-41
108900217,68,0,68
108900218,28,15,13
108900219,23,3,20
108900220,16,17,-1
108900221,49,49,0
108900222,141,13,128
108900223,6,84,-78
108900224,70,151,-81
108900225,1,120,-119
108900226,415,14,401
108900227,104,145,-41
108900230,63,76,-13
108900231,7,83,-76
108900232,7,78,-71
108900233,371,67,304
108900234,133,79,54
108900235,62,176,-114
108900236,5,185,-180
108900237,7,47,-40
108900240,90,45,45
108900241,77,50,27
108900245,3,1540,-1537
108900249,80,15,65
108900250,240,29,211
108900257,253,54,199
108900258,13,42,-29
108900259,0,22,-22
108900260,1,5,-4
108900261,6,15,-9
108900262,50,9,41
108900263,30,16,14
108900264,63,51,12
108900265,186,309,-123
108900266,59,654,-595
108900267,1,124,-123
108900268,6,5,1
108900269,47,14,33
108900270,78,8,70
108900271,27,7,20
108900272,204,8,196
108900273,127,391,-264
108900274,38,13,25
109000001,2833,2522,311
109000002,297,1140,-843
109000003,2520,346,2174
109000004,206,774,-568
109000005,1653,257,1396
109000006,289,657,-368
109000007,2007,255,1752
109000008,345,589,-244
109000009,3115,378,2737
109000010,333,792,-459
109000011,4055,1140,2915
109000012,754,813,-59
109000013,4750,3373,1377
109000014,804,694,110
109000015,3095,8329,-5234
109000016,1256,776,480
109000017,3353,518,2835
109000018,466,797,-331
109000019,2193,538,1655
109000020,509,503,6
109000023,90,8,82
109000024,17,115,-98
109000025,192,347,-155
109000026,191,122,69
109000027,90,269,-179
109000028,68,29,39
109000029,87,339,-252
109000030,17,67,-50
109000031,396,28,368
109000032,28,76,-48
109000033,698,81,617
109000034,34,24,10
109000035,9,7,2
109000036,12,336,-324
109000037,238,2782,-2544
109000038,215,196,19
109000039,862,632,230
109000040,1377,13667,-12290
109000041,889,2270,-1381
109000042,403,1402,-999
109000044,468,11,457
109000045,56,46,10
109000046,559,23,536
109000047,20,26,-6
109000048,275,146,129
109000049,55,33,22
109000050,363,150,213
109000051,50,8,42
109000052,378,368,10
109000053,334,65,269
109000054,52,185,-133
109000055,109,194,-85
109000056,88,83,5
109000057,796,401,395
109000058,156,76,80
109000059,36,653,-617
109000060,68,449,-381
109000061,126,1071,-945
109000062,55,238,-183
109000063,138,26,112
109000064,482,58,424
109000065,261,61,200
109000066,438,35,403
109000067,46,64,-18
109000068,303,15,288
109000069,339,8,331
109000070,7,325,-318
109000071,211,17,194
109000072,38,120,-82
109000073,31,96,-65
109000074,8,102,-94
109000075,27,30,-3
109000076,76,157,-81
109000077,188,157,31
109000078,54,79,-25
109000079,78,89,-11
109000080,168,33,135
109000081,175,140,35
109000082,617,66,551
109000083,279,185,94
109000088,112,139,-27
109000089,436,45,391
109000090,86,165,-79
109000091,584,50,534
109000092,113,77,36
109000093,496,65,431
109000094,1044,3,1041
109000095,149,132,17
109000096,1030,41,989
109000097,16,46,-30
109000098,52,112,-60
109000099,638,94,544
109000100,278,228,50
109000101,1626,265,1361
109000102,344,201,143
109000103,514,173,341
109000104,2574,168,2406
109000105,280,296,-16
109000106,1635,193,1442
109000107,413,344,69
109000108,2284,273,2011
109000109,257,190,67
109000110,1034,333,701
109000111,477,386,91
109000112,121,42,79
109000113,175,75,100
109000114,92,107,-15
109000115,369,9,360
109000116,12,212,-200
109000117,134,28,106
109000118,2,141,-139
109000119,1887,54,1833
109000120,215,257,-42
109000121,925,3,922
109000122,115,285,-170
109000123,7,33,-26
109000124,810,89,721
109000125,1059,144,915
109000126,302,240,62
109000127,1408,52,1356
109000128,390,335,55
109000129,3245,137,3108
109000130,264,310,-46
109000131,665,606,59
109000132,198,586,-388
109000133,72,254,-182
109000134,284,420,-136
109000135,189,363,-174
109000136,118,131,-13
109000137,296,159,137
109000138,176,91,85
109000139,418,116,302
109000140,123,136,-13
109000141,396,166,230
109000142,59,171,-112
109000143,50,33,17
109000145,38,86,-48
109000146,20,15,5
109000148,900,1251,-351
109000149,12,38,-26
109000150,32,96,-64
109000155,609,590,19
109000156,474,113,361
109000158,20,179,-159
109000159,64,192,-128
109000160,1401,91,1310
109000161,475,318,157
109000162,1790,143,1647
109000163,1027,360,667
109000164,963,684,279
109000165,1259,230,1029
109000166,927,89,838
109000167,51,118,-67
109000170,8,43,-35
109000171,69,4,65
109000172,18,25,-7
109000173,3,72,-69
109000174,262,18,244
109000175,18,39,-21
109000176,271,66,205
109000177,7,53,-46
109000178,434,4,430
109000179,1698,4303,-2605
109000180,1648,2118,-470
109000181,39,1,38
109000182,36,2,34
109000183,57,3,54
109000184,62,4,58
109000185,27,9,18
109000188,206,446,-240
109000189,2523,496,2027
109000190,388,179,209
109000191,307,268,39
109000192,549,29,520
109000193,367,59,308
109000194,254,16,238
109000195,209,51,158
109000196,163,10,153
109000197,176,98,78
109000198,349,17,332
109000199,52,99,-47
109000206,165,6,159
109000207,148,11,137
109000208,148,77,71
109000209,132,42,90
109000210,18,147,-129
109000211,1219,165,1054
109000214,174,151,23
109000215,136,29,107
109000216,362,398,-36
109000217,44,61,-17
109000218,125,99,26
109000221,100,257,-157
109000222,458,41,417
109000223,413,342,71
109000224,137,44,93
109000225,192,8,184
109000226,35,36,-1
109000227,1973,146,1827
109000228,0,237,-237
109000231,0,72,-72
109000232,606,52,554
109000236,125,266,-141
109000241,1199,333,866
109000242,971,222,749
109000293,25,41,-16
109000361,44,55,-11
109000364,48,189,-141
109000396,0,119,-119
109000397,753,4,749
109000399,45,150,-105
109000400,65,59,6
109000403,6,1066,-1060
109000406,581,5,576
109000407,27,56,-29
109000408,0,2,-2
109000410,511,27,484
109000411,119,50,69
109900001,55,0,55
109900002,644,22,622
109900003,564,1,563
109900004,84,84,0
109900005,18,2,16
109900006,492,62,430
109900007,1349,115,1234
109900008,0,11,-11
109900009,87,167,-80
109900010,598,4,594
109900011,44,26,18
109900012,307,51,256
109900013,279,26,253
109900014,113,23,90
109900015,103,13,90
109900016,132,6,126
109900017,162,44,118
109900018,82,6,76
109900019,109,7,102
109900020,55,12,43
109900021,24,1,23
109900022,57,101,-44
109900023,37,0,37
109900024,9,0,9
109900025,2,7,-5
109900026,0,73,-73
109900027,23,2,21
109900028,217,1537,-1320
109900029,1,47,-46
109900030,1,14,-13
109900031,1,431,-430
109900032,12,94,-82
109900033,0,128,-128
109900034,3,7,-4
109900035,70,45,25
109900036,1,3,-2
109900037,4,121,-117
109900038,71,47,24
109900039,1,0,1
109900040,12,202,-190
109900041,32,62,-30
109900042,13,162,-149
109900044,18,41,-23
109900045,78,38,40
109900046,97,10,87
109900047,79,79,0
109900048,1,26,-25
109900049,25,24,1
109900050,0,36,-36
109900051,0,12,-12
109900052,22,102,-80
109900053,0,54,-54
109900054,1359,47,1312
109900055,123,116,7
109900056,15,196,-181
109900057,1,21,-20
109900058,0,11,-11
109900059,1670,48,1622
109900060,842,21,821
109900061,45,44,1
109900062,0,35,-35
109900063,12,234,-222
109900064,432,38,394
109900065,85,34,51
109900066,149,214,-65
109900067,2,61,-59
109900068,90,10,80
109900069,1,5,-4
109900070,8,37,-29
109900071,0,9,-9
109900072,1,27,-26
109900073,695,89,606
109900074,4,13,-9
109900075,19,10,9
109900076,5,50,-45
109900077,21,19,2
109900078,35,34,1
109900080,62,39,23
109900081,0,131,-131
109900082,21,46,-25
109900083,3,22,-19
109900084,31,51,-20
109900085,40,105,-65
109900086,68,619,-551
109900087,36,111,-75
109900089,593,44,549
109900090,154,242,-88
109900091,684,52,632
109900092,186,12,174
109900093,1173,83,1090
109900094,17,41,-24
109900095,58,108,-50
109900096,29,8,21
109900097,78,0,78
109900098,584,9,575
109900099,399,1,398
109900100,22,0,22
109900101,1514,5,1509
109900102,317,15,302
109900103,7,21,-14
109900104,1233,127,1106
109900105,630,24,606
109900106,445,33,412
109900107,707,17,690
109900108,57,109,-52
109900109,16,15,1
109900110,36,80,-44
109900111,70,109,-39
109900112,120,116,4
109900113,804,242,562
109900114,132,758,-626
109900115,77,52,25
109900117,1498,48,1450
109900118,92,102,-10
109900119,102,83,19
109900120,25,2,23
109900121,184,35,149
109900122,696,1,695
109900123,0,22,-22
109900124,22,68,-46
109900125,0,86,-86
109900126,522,10,512
109900128,337,2,335
109900130,1680,2555,-875
109900131,11,51,-40
109900132,2,50,-48
109900133,89,87,2
109900134,20,23,-3
109900135,33,5,28
109900136,6,20,-14
109900137,168,72,96
109900138,494,54,440
109900140,82,96,-14
109900142,2058,151,1907
109900145,3,458,-455
109900146,28,40,-12
109900148,5,29,-24
109900149,5,16,-11
109900150,1,25,-24
109900151,13,42,-29
109900152,0,11,-11
109900153,0,26,-26
109900154,12,0,12
109900155,7,9,-2
109900157,56,43,13
109900158,28,16,12
109900159,81,23,58
109900160,68,7,61
109900161,245,29,216
109900162,175,29,146
109900163,173,61,112
109900164,115,146,-31
109900165,28,2,26
109900166,0,51,-51
109900167,91,114,-23
109900168,91,144,-53
109900169,215,31,184
109900170,62,1102,-1040
109900171,298,69,229
109900172,201,153,48
109900173,803,1890,-1087
109900174,21,40,-19
109900175,63,26,37
109900176,41,35,6
109900177,11,24,-13
109900178,2,38,-36
109900179,6,39,-33
109900180,2,2,0
110000001,242,194,48
110000002,476,349,127
110000003,273,418,-145
110000004,359,341,18
110000005,202,1946,-1744
110000006,183,255,-72
110000007,52,10,42
110000008,9,114,-105
110000009,6,1,5
110000010,22,58,-36
110000011,20,13,7
110000012,228,139,89
110000013,51,363,-312
110000014,439,342,97
110000015,105,343,-238
110000016,215,915,-700
110000017,1457,168,1289
110000018,1426,214,1212
110000019,8,20,-12
110000020,231,106,125
110000021,69,94,-25
110000022,999,56,943
110000023,1,20,-19
110000024,287,206,81
110000025,775,1,774
110000026,2,93,-91
110000027,289,361,-72
110000028,700,201,499
110000029,271,126,145
110000030,222,285,-63
110000031,197,106,91
110000032,944,118,826
110000033,70,96,-26
110000034,869,175,694
110000035,336,229,107
110000036,1304,297,1007
110000037,94,187,-93
110000038,157,655,-498
110000039,571,4424,-3853
110000040,306,176,130
110000041,354,2380,-2026
110000042,38,142,-104
110000043,696,245,451
110000044,55,72,-17
110000045,63,59,4
110000046,2,22,-20
110000047,32,63,-31
110000048,2,57,-55
110000049,4,10,-6
110000050,1,60,-59
110000051,12,1,11
110000052,52,37,15
110000053,5,5,0
110000054,61,245,-184
110000055,77,61,16
110000056,42,69,-27
110000057,196,184,12
110000058,469,242,227
110000059,359,235,124
110000060,845,411,434
110000061,312,322,-10
110000062,463,348,115
110000063,22,141,-119
110000064,57,16,41
110000065,206,113,93
110000066,44,6,38
110000067,44,47,-3
110000068,243,52,191
110000069,605,10,595
110000071,571,2,569
110000073,6,7,-1
110000075,39,13,26
110000076,353,286,67
110000077,127,673,-546
110000078,145,5,140
110000080,93,118,-25
110000081,8,193,-185
110000082,5,173,-168
110000083,103,190,-87
110000084,1005,812,193
110000085,439,468,-29
110000086,466,1445,-979
110000087,9,11,-2
110000088,235,80,155
110000089,263,28,235
110000090,89,117,-28
110000091,242,87,155
110000092,5,39,-34
110000093,21,9,12
110000094,156,61,95
110000095,77,652,-575
110000096,679,1750,-1071
110000097,480,1629,-1149
110000098,1052,210,842
110000099,645,944,-299
110000100,1775,85,1690
110000101,119,47,72
110000102,67,39,28
110000104,268,94,174
110000105,72,142,-70
110000106,234,368,-134
110000107,72,192,-120
110000108,71,105,-34
110000109,77,118,-41
110000110,911,2148,-1237
110000111,1469,1985,-516
110000112,103,360,-257
110000113,49,1822,-1773
110000114,278,510,-232
110000115,486,136,350
110000116,44,31,13
110000117,525,81,444
110000118,853,79,774
110000119,680,72,608
110000120,291,43,248
110000121,49,392,-343
110000122,220,189,31
110000123,360,243,117
110000124,0,368,-368
110000125,439,12,427
110000126,145,4,141
110000127,583,11,572
110000128,2,429,-427
110000129,1,107,-106
110000130,219,93,126
110000131,113,86,27
110000132,1,158,-157
110000133,17,141,-124
110000134,42,185,-143
110000135,191,23,168
110000136,39,67,-28
110000137,677,193,484
110000138,671,149,522
110000139,952,211,741
110000140,470,288,182
110000143,188,218,-30
110000144,1008,993,15
110000145,758,497,261
110000146,558,280,278
110000147,168,537,-369
110000148,630,99,531
110000151,276,560,-284
110000152,272,296,-24
110000153,451,7,444
110000154,40,81,-41
110000155,508,941,-433
110000156,378,579,-201
110000157,346,1289,-943
110000160,172,103,69
110000161,111,114,-3
110000166,870,11,859
110000167,1402,360,1042
110000168,504,423,81
110000169,507,266,241
110000170,154,49,105
110000171,347,43,304
110000172,249,191,58
110000173,204,172,32
110000174,38,84,-46
110000175,1321,34,1287
110000176,26,622,-596
110000177,182,1241,-1059
110000178,199,2160,-1961
110000179,732,139,593
110000180,250,129,121
110000181,825,177,648
110000182,112,93,19
110000183,3124,6459,-3335
110000184,166,2440,-2274
110000185,220,274,-54
110000186,303,423,-120
110000191,1396,183,1213
110000192,648,9,639
110000193,1356,3,1353
110000194,10,188,-178
110000195,562,35,527
110000196,643,41,602
110000197,138,21,117
110000198,52,10,42
110000199,36,72,-36
110000200,264,238,26
110000201,629,894,-265
110000202,801,320,481
110000203,110,113,-3
110000204,0,61,-61
110000205,381,38,343
110000206,151,218,-67
110000207,1565,104,1461
110000208,128,197,-69
110000209,47,165,-118
110000210,1457,232,1225
110000211,720,435,285
110000212,298,1133,-835
110000213,239,32,207
110000214,461,18,443
110000215,52,83,-31
110000216,38,78,-40
110000217,555,22,533
110000218,74,55,19
110000219,414,6,408
110000220,6,34,-28
110000221,508,4,504
110000222,28,62,-34
110000223,5,35,-30
110000224,4,1,3
110000225,104,258,-154
110000226,381,35,346
110000227,138,423,-285
110000228,286,39,247
110000229,0,68,-68
110000230,310,483,-173
110000231,195,239,-44
110000232,62,76,-14
110000233,61,175,-114
110000234,313,161,152
110000235,779,395,384
110000236,381,202,179
110000237,1346,605,741
110000238,771,391,380
110000239,1101,311,790
110000240,0,28,-28
110000242,0,2,-2
110000243,110,35,75
110000244,76,143,-67
110000245,8,179,-171
110000246,1060,144,916
110000247,763,735,28
110000248,826,289,537
110000249,184,11,173
110000250,10,70,-60
110000251,330,71,259
110000252,665,54,611
110000253,1537,147,1390
110000254,792,147,645
110000255,124,140,-16
110000256,432,102,330
110000257,178,98,80
110000258,8,126,-118
110000259,234,25,209
110000260,67,48,19
110000263,627,27,600
110000264,573,104,469
110000265,806,718,88
110000266,709,836,-127
110000267,26,46,-20
110000268,204,27,177
110000269,1,24,-23
110000270,87,0,87
110000271,680,65,615
110000272,618,485,133
110000273,586,504,82
110000274,163,2345,-2182
110000275,575,405,170
110000276,135,571,-436
110000277,397,141,256
110000278,238,293,-55
110000279,783,192,591
110000280,694,152,542
110000281,78,36,42
110000282,94,7,87
110000283,8,44,-36
110000284,2,5,-3
110000285,2,97,-95
110000286,11,0,11
110000287,140,2,138
110000288,1,61,-60
110000289,203,2280,-2077
110000290,328,669,-341
110000291,1370,526,844
110000292,367,5883,-5516
110000293,467,239,228
110000294,1550,1638,-88
110000295,64,273,-209
110000296,784,182,602
110000297,2363,116,2247
110000298,4,185,-181
110000299,151,29,122
110000301,407,19,388
110000302,351,254,97
110000303,634,4,630
110000304,157,61,96
110000305,1765,16,1749
110000306,437,249,188
110000307,2238,6,2232
110000308,566,19,547
110000309,0,199,-199
110000310,970,24,946
110000311,2,217,-215
110000312,516,34,482
110000313,1476,512,964
110000314,0,67,-67
110000315,614,957,-343
110000316,148,536,-388
110000317,117,238,-121
110000318,0,18,-18
110000319,2,9,-7
110000320,2,20,-18
110000321,19,25,-6
110000322,116,156,-40
110000323,783,94,689
110000324,796,553,243
110000325,1238,3479,-2241
110000327,299,163,136
110000328,46,127,-81
110000333,908,788,120
110000334,210,449,-239
110000335,630,174,456
110000336,222,370,-148
110000337,1616,275,1341
110000338,313,171,142
110000339,536,72,464
110000340,55,50,5
110000341,470,115,355
110000342,35,1,34
110000343,0,0,0
110000344,26,193,-167
110000345,82,254,-172
110000346,849,925,-76
110000347,843,280,563
110000348,42,2,40
110000349,20,1,19
110000350,32,1,31
110000351,1544,227,1317
110000352,447,1084,-637
110000353,1836,228,1608
110000354,461,2167,-1706
110000355,255,41,214
110000356,241,13,228
110000357,621,3,618
110000361,75,3,72
110000362,183,47,136
110000363,601,14,587
110000364,258,387,-129
110000365,47,1,46
110000366,5,92,-87
110000367,332,116,216
110000368,2,76,-74
110000369,80,4,76
110000373,0,98,-98
110000374,40,31,9
110000375,47,360,-313
110000376,8,25,-17
110000377,117,272,-155
110000378,13,356,-343
110000379,1117,2170,-1053
110000380,102,17,85
110000383,0,140,-140
110000384,510,25,485
110000385,0,94,-94
110000387,206,0,206
110000388,36,73,-37
110000389,464,41,423
110000391,961,169,792
110000396,176,13,163
110000397,62,13,49
110000398,0,15,-15
110000399,117,0,117
110000587,246,118,128
110000589,269,12,257
110000640,128,34,94
110000652,3,201,-198
110000653,268,157,111
110000654,1,222,-221
110000656,0,113,-113
110000674,82,16,66
110000675,19,25,-6
110000676,0,26,-26
110000679,42,357,-315
110000682,58,105,-47
110000683,153,89,64
110000684,0,27,-27
110000685,8,19,-11
110000686,1,57,-56
110000687,4,1,3
110000688,15,1029,-1014
110000689,44,16,28
110000692,3,52,-49
110000693,6,140,-134
110000694,0,30,-30
110000695,43,146,-103
110000696,12,26,-14
110900001,298,15,283
110900002,180,65,115
110900003,1376,74,1302
110900004,478,27,451
110900005,947,3774,-2827
110900006,69,49,20
110900007,197,93,104
110900008,1,34,-33
110900009,215,434,-219
110900010,0,4,-4
110900011,1,9,-8
110900012,3,48,-45
110900013,1035,42,993
110900014,307,5,302
110900015,96,429,-333
110900016,53,86,-33
110900017,496,26,470
110900018,435,14,421
110900019,403,25,378
110900020,318,50,268
110900021,95,102,-7
110900022,99,118,-19
110900023,10,143,-133
110900024,37,46,-9
110900025,4,11,-7
110900027,24,51,-27
110900028,2,14,-12
110900029,8,99,-91
110900030,4,34,-30
110900031,5,42,-37
110900032,0,23,-23
110900033,24,80,-56
110900035,2,365,-363
110900036,57,2,55
110900037,151,5,146
110900038,132,34,98
110900039,4,147,-143
110900040,218,2,216
110900041,6,6,0
110900042,42,32,10
110900043,22,12,10
110900044,40,4,36
110900045,70,72,-2
110900046,6,38,-32
110900047,93,373,-280
110900049,132,85,47
110900050,33,0,33
110900051,8,36,-28
110900052,1,135,-134
110900053,124,7,117
110900054,59,73,-14
110900055,2,0,2
110900056,11,61,-50
110900057,0,107,-107
110900058,307,33,274
110900059,251,226,25
110900060,277,29,248
110900061,0,27,-27
110900062,132,93,39
110900063,21,43,-22
110900064,7,0,7
110900065,48,37,11
110900066,5,9,-4
110900067,120,482,-362
110900068,89,76,13
110900069,6,2,4
110900070,95,18,77
110900071,53,1140,-1087
110900073,0,3,-3
110900074,556,32,524
110900075,666,34,632
110900077,1396,61,1335
110900078,123,12,111
110900079,394,245,149
110900080,138,35,103
110900081,2,17,-15
110900082,210,52,158
110900083,100,50,50
110900084,57,11,46
110900085,43,102,-59
110900086,32,169,-137
110900087,313,23,290
110900088,3,0,3
110900090,19,80,-61
110900091,0,5,-5
110900093,116,69,47
110900095,69,4,65
110900097,20,3,17
110900098,3,13,-10
110900099,16,92,-76
110900100,0,4,-4
110900102,31,20,11
110900105,404,73,331
110900108,30,68,-38
110900111,202,44,158
110900112,544,6,538
110900113,98,51,47
110900115,0,29,-29
110900116,1346,326,1020
110900118,22,3731,-3709
110900119,1187,62,1125
110900120,169,30,139
110900121,56,0,56
110900122,407,47,360
110900125,255,495,-240
110900127,89,359,-270
110900128,33,88,-55
110900129,38,520,-482
110900130,110,184,-74
110900131,295,12,283
110900132,505,18,487
110900133,48,30,18
110900135,25,90,-65
110900136,441,13,428
110900137,13,0,13
110900138,126,271,-145
110900139,1,81,-80
110900140,2,1,1
110900141,2,96,-94
110900142,23,30,-7
110900143,359,14,345
110900144,0,140,-140
110900145,169,94,75
110900146,159,321,-162
110900147,30,99,-69
110900148,0,25,-25
110900149,0,21,-21
110900150,17,10,7
110900151,2,21,-19
110900152,20,28,-8
110900153,151,25,126
111000001,301,447,-146
111000002,257,494,-237
111000003,1743,847,896
111000004,380,785,-405
111000005,617,878,-261
111000006,720,1430,-710
111000007,2802,2406,396
111000008,1945,2901,-956
111000009,303,684,-381
111000010,1318,447,871
111000011,115,584,-469
111000012,216,514,-298
111000013,227,637,-410
111000014,1702,385,1317
111000017,19,563,-544
111000018,48,238,-190
111000020,210,667,-457
111000021,14,99,-85
111000023,37,75,-38
111000025,1607,1877,-270
111000029,46,30,16
111000030,6,35,-29
111000031,1282,610,672
111000032,429,216,213
111000033,156,70,86
111000034,173,95,78
111000037,438,517,-79
111000038,1074,683,391
111000039,848,608,240
111000040,937,679,258
111000041,135,194,-59
111000042,1298,1292,6
111000043,1611,3083,-1472
111000044,1556,298,1258
111000045,2635,1033,1602
111000046,1674,939,735
111000047,2519,5297,-2778
111000049,72,145,-73
111000050,283,292,-9
111000051,300,202,98
111000052,184,362,-178
111000053,101,205,-104
111000054,104,229,-125
111000055,504,653,-149
111000056,104,283,-179
111000057,64,214,-150
111000058,746,44,702
111000059,637,216,421
111000060,3826,493,3333
111000061,735,109,626
111000062,1159,176,983
111000063,1096,715,381
111000064,1207,223,984
111000065,1325,318,1007
111000066,747,205,542
111000067,1040,110,930
111000068,691,182,509
111000069,761,810,-49
111000070,312,251,61
111000071,126,85,41
111000072,1193,483,710
111000073,149,1098,-949
111000074,1176,689,487
111000075,570,195,375
111000076,597,208,389
111000077,757,372,385
111000078,1162,274,888
111000079,650,244,406
111000080,424,203,221
111000081,1183,3933,-2750
111000082,739,217,522
111000084,684,315,369
111000085,555,494,61
111000086,1046,310,736
111000087,612,224,388
111000088,2423,2609,-186
111000089,632,399,233
111000090,430,506,-76
111000091,521,194,327
111000092,1741,412,1329
111000093,966,634,332
111000094,1094,460,634
111000095,644,1729,-1085
111000096,558,5948,-5390
111000097,1376,483,893
111000098,148,314,-166
111000099,209,566,-357
111000100,380,458,-78
111000101,196,271,-75
111000102,102,161,-59
111000104,1171,51,1120
111000107,45,261,-216
111000109,988,59,929
111000110,1320,391,929
111000111,3536,125,3411
111000112,2368,100,2268
111000113,745,1996,-1251
111000114,687,3228,-2541
111000115,1929,515,1414
111000116,568,245,323
111000117,281,292,-11
111000118,605,372,233
111000119,1263,322,941
111000120,688,292,396
111000121,269,298,-29
111000122,196,246,-50
111000123,663,801,-138
111000124,392,887,-495
111000125,190,329,-139
111000126,65,142,-77
111000127,940,42,898
111000128,2580,132,2448
111000129,3118,179,2939
111000130,2838,162,2676
111000131,2559,164,2395
111000132,2328,1308,1020
111000133,67,12,55
111000134,65,19,46
111000135,85,111,-26
111000136,409,78,331
111000138,35,6,29
111000140,4,1,3
111000141,107,195,-88
111000142,10,75,-65
111000143,0,116,-116
111000144,4,214,-210
111000145,20,0,20
111000146,115,0,115
111000147,23,11,12
111000148,96,40,56
111000149,2,35,-33
111000150,47,3,44
111000151,0,6,-6
111000153,241,117,124
111000154,225,75,150
111000155,107,50,57
111000156,569,115,454
111000157,143,300,-157
111000158,682,384,298
111000159,1420,386,1034
111000160,396,118,278
111000161,1,204,-203
111000162,2,45,-43
111000163,616,430,186
111000164,227,1487,-1260
111000165,439,109,330
111000166,140,63,77
111000167,83,120,-37
111000168,151,134,17
111000169,188,79,109
111000170,164,101,63
111000171,206,158,48
111000172,82,163,-81
111000173,208,430,-222
111000174,274,61,213
111000175,96,69,27
111000176,551,47,504
111000177,1213,105,1108
111000178,2308,75,2233
111000179,411,42,369
111000180,391,211,180
111000181,1803,88,1715
111000182,245,78,167
111000183,111,266,-155
111000184,277,87,190
111000185,145,92,53
111000186,142,229,-87
111000187,118,59,59
111000188,284,86,198
111000189,75,139,-64
111000190,103,52,51
111000191,108,76,32
111000192,86,146,-60
111000193,108,59,49
111000194,45,71,-26
111000195,46,76,-30
111000196,66,36,30
111000197,573,24,549
111000198,372,16,356
111000199,424,148,276
111000200,706,203,503
111000201,858,41,817
111000202,410,30,380
111000203,384,100,284
111000204,228,1000,-772
111000213,122,170,-48
111000214,750,739,11
111000215,568,391,177
111000217,1447,345,1102
111000218,1427,445,982
111000219,106,80,26
111000220,564,370,194
111000221,111,99,12
111000224,1,85,-84
111000225,347,64,283
111000226,26,0,26
111000227,27,0,27
111000228,1,744,-743
111000229,10,1907,-1897
111000230,62,80,-18
111000231,553,123,430
111000232,692,246,446
111000233,1672,200,1472
111000234,219,302,-83
111000239,19,46,-27
111000240,36,300,-264
111000241,39,44,-5
111000242,256,50,206
111000243,156,80,76
111000244,866,59,807
111000245,463,112,351
111000246,745,110,635
111000247,386,104,282
111000248,628,83,545
111000249,488,174,314
111000250,55,26,29
111000251,202,63,139
111000253,43,7,36
111000255,42,2,40
111000257,48,1,47
111000260,33,413,-380
111000261,1511,21,1490
111000271,25,145,-120
111000273,1642,638,1004
111000274,1170,1523,-353
111000275,57,3,54
111000276,129,359,-230
111000277,168,128,40
111000278,319,78,241
111000291,832,9645,-8813
111000298,350,71,279
111000299,533,83,450
111000300,21,85,-64
111000302,396,33,363
111000303,207,42,165
111000312,68,22,46
111000315,0,107,-107
111000320,95,123,-28
111000321,370,92,278
111000322,450,105,345
111000323,316,22,294
111000324,266,87,179
111000325,37,21,16
111000326,131,79,52
111000327,285,133,152
111000328,427,298,129
111000329,2,21,-19
111000330,11,13,-2
111000331,17,6,11
111000332,309,224,85
111000334,145,356,-211
111000335,939,73,866
111000337,1817,98,1719
111000338,46,17,29
111000339,782,68,714
111000340,48,225,-177
111000341,1614,632,982
111000342,4,540,-536
111000344,890,239,651
111000345,89,145,-56
111000346,5,93,-88
111000347,106,2,104
111000350,78,111,-33
111000351,80,213,-133
111000352,196,50,146
111000353,77,114,-37
111000354,357,38,319
111000355,185,132,53
111000358,108,231,-123
111000360,117,195,-78
111000361,179,121,58
111000546,565,90,475
111000547,568,85,483
111000548,84,54,30
111000549,189,52,137
111000550,5,461,-456
111000551,108,32,76
111000552,191,98,93
111000907,287,18,269
111000908,68,0,68
111000916,2632,70,2562
111000917,36,251,-215
111000918,90,201,-111
111000920,539,10,529
111000921,3,34,-31
111000922,663,27,636
111000924,7,239,-232
111000925,3364,1486,1878
111000926,905,689,216
111000927,2158,3232,-1074
111000928,2567,702,1865
111000929,2028,505,1523
111000930,735,861,-126
111000931,2165,851,1314
111000932,1832,802,1030
111000933,2398,2008,390
111000934,722,866,-144
111000935,2490,659,1831
111000936,630,609,21
111000937,1271,808,463
111000938,626,470,156
111000939,793,4,789
111000940,1225,32,1193
111000941,405,73,332
111000943,970,136,834
111000944,133,88,45
111000945,93,348,-255
111001109,346,709,-363
111001110,35,139,-104
111001111,109,0,109
111001112,193,31,162
111001113,2,138,-136
111001114,269,30,239
111001115,4,220,-216
111001116,830,5114,-4284
111001117,100,1522,-1422
111001120,73,56,17
111001121,96,46,50
111001122,273,64,209
111001123,439,67,372
111900001,43,10,33
111900002,87,61,26
111900003,0,58,-58
111900004,2,10,-8
111900006,21,34,-13
111900007,279,1,278
111900008,351,2,349
111900009,337,3,334
111900010,34,136,-102
111900012,45,45,0
111900013,27,8,19
111900014,1107,5300,-4193
111900015,0,53,-53
111900016,0,25,-25
111900017,0,20,-20
111900018,238,7,231
111900019,1,155,-154
111900020,1,22,-21
111900021,12,16,-4
111900022,14,4,10
111900023,140,10,130
111900024,20,3,17
111900025,0,24,-24
111900026,0,38,-38
111900027,0,3,-3
111900028,0,49,-49
111900029,0,22,-22
111900030,9,167,-158
111900031,43,19,24
111900032,0,70,-70
111900033,0,8,-8
111900034,37,224,-187
111900035,78,486,-408
111900036,0,50,-50
111900038,60,179,-119
111900039,12,88,-76
111900040,1,104,-103
111900042,16,46,-30
111900043,0,79,-79
111900044,15,119,-104
111900046,10,40,-30
111900048,343,117,226
111900049,2,72,-70
111900050,201,8,193
111900051,1,49,-48
111900052,124,97,27
111900053,361,2392,-2031
111900054,344,9,335
111900055,4,76,-72
111900056,20,402,-382
111900057,211,5,206
111900058,597,215,382
111900059,752,642,110
111900060,420,7,413
111900061,7,47,-40
111900062,26,67,-41
111900063,207,103,104
111900064,29,88,-59
111900065,268,24,244
111900066,239,89,150
111900067,0,76,-76
111900068,16,46,-30
111900069,74,4,70
111900070,224,30,194
111900071,0,29,-29
111900072,21,29,-8
111900073,1256,113,1143
111900074,1,28,-27
111900075,26,3,23
111900076,256,25,231
111900077,89,1,88
111900078,473,30,443
111900079,24,49,-25
111900080,65,68,-3
111900081,107,85,22
111900082,156,41,115
111900083,220,84,136
111900084,90,0,90
111900085,28,40,-12
111900086,228,16,212
111900087,156,2,154
111900088,672,9,663
111900089,105,7,98
111900090,40,48,-8
111900091,878,21,857
111900092,235,0,235
111900093,527,6,521
111900094,124,11,113
111900095,356,12,344
111900096,403,6,397
111900097,199,0,199
111900098,451,11,440
111900099,113,0,113
111900100,124,1,123
111900101,231,6,225
111900102,900,153,747
111900103,40,32,8
111900104,79,20,59
111900105,51,180,-129
111900106,156,8,148
111900107,7,27,-20
111900108,187,269,-82
111900109,122,655,-533
111900110,903,138,765
111900111,369,15,354
111900112,178,4190,-4012
111900113,173,35,138
111900114,53,17,36
111900115,4,4,0
111900118,322,28,294
111900119,102,55,47
111900122,10,46,-36
111900123,29,7,22
111900124,19,9,10
111900125,482,94,388
111900126,460,2,458
111900127,1,118,-117
111900128,0,74,-74
111900129,366,22,344
111900130,131,49,82
111900131,500,0,500
111900132,5,176,-171
111900133,1,73,-72
111900134,21,49,-28
111900135,5,26,-21
111900136,13,47,-34
111900137,38,12,26
111900138,29,16,13
111900139,31,37,-6
111900140,83,12,71
111900141,166,1,165
111900142,56,10,46
111900143,55,25,30
111900144,0,15,-15
111900145,0,91,-91
111900146,0,35,-35
111900147,15,91,-76
111900148,2,108,-106
111900149,2,44,-42
111900150,5,15,-10
111900151,3,14,-11
111900152,40,13,27
111900153,248,531,-283
111900154,21,639,-618
111900155,54,98,-44
111900156,67,53,14
111900157,214,18,196
111900158,508,48,460
111900159,546,58,488
111900160,330,4,326
111900161,540,1,539
111900162,72,230,-158
111900163,4,73,-69
111900164,55,25,30
111901113,770,20,750
111901114,320,345,-25
111901115,207,0,207
111901116,54,1,53
111901117,13,54,-41
111901118,9,383,-374
111901119,202,10,192
111901120,14,32,-18
111901121,8,37,-29
111901122,4,106,-102
111901123,393,79,314
111901124,407,14,393
111901125,1189,111,1078
111901126,137,111,26
111901127,558,1453,-895
111901128,12,24,-12
111901129,11,55,-44
111901130,1,61,-60
111901131,2,277,-275
111901132,58,21,37
111901133,84,2,82
111901134,185,4,181
111901135,51,0,51
111901136,99,41,58
111901137,2,7,-5
111901138,16,16,0
111901139,6,55,-49
111901140,17,38,-21
111901141,2,45,-43
111901142,1,39,-38
111901143,0,59,-59
111901144,35,12,23
111901145,18,148,-130
111901146,4,0,4
112000001,2909,761,2148
112000002,886,1843,-957
112000003,3322,469,2853
112000004,795,228,567
112000005,3326,3022,304
112000006,394,275,119
112000007,4469,2755,1714
112000008,2485,3206,-721
112000009,1783,888,895
112000010,2507,3238,-731
112000011,920,662,258
112000012,2914,3298,-384
112000013,1246,1179,67
112000014,643,2256,-1613
112000015,974,1699,-725
112000016,1336,2270,-934
112000017,340,2009,-1669
112000024,849,178,671
112000026,1648,1245,403
112000027,494,310,184
112000028,575,476,99
112000029,498,509,-11
112000030,155,25,130
112000031,578,2304,-1726
112000032,158,7,151
112000033,844,2128,-1284
112000034,102,39,63
112000035,65,339,-274
112000036,139,631,-492
112000037,352,498,-146
112000038,544,542,2
112000039,92,42,50
112000040,14,109,-95
112000041,98,250,-152
112000042,316,69,247
112000050,922,431,491
112000051,773,1310,-537
112000054,632,555,77
112000057,167,95,72
112000058,146,182,-36
112000059,329,241,88
112000061,1286,364,922
112000062,268,582,-314
112000063,188,1370,-1182
112000064,1477,1316,161
112000065,595,667,-72
112000066,1861,886,975
112000067,224,231,-7
112000068,1867,1389,478
112000069,290,737,-447
112000070,834,475,359
112000071,549,742,-193
112000072,2136,602,1534
112000073,474,1109,-635
112000074,700,525,175
112000075,960,798,162
112000076,1613,1057,556
112000077,747,276,471
112000078,1809,483,1326
112000079,1630,880,750
112000080,671,421,250
112000081,471,837,-366
112000082,1076,324,752
112000083,580,787,-207
112000084,1257,253,1004
112000085,1280,1035,245
112000086,1947,588,1359
112000087,882,108,774
112000088,663,264,399
112000089,121,133,-12
112000090,97,165,-68
112000091,339,213,126
112000092,2464,348,2116
112000093,919,247,672
112000094,531,369,162
112000095,683,150,533
112000096,702,183,519
112000097,2007,303,1704
112000098,204,312,-108
112000099,663,1551,-888
112000100,2188,314,1874
112000101,419,166,253
112000102,1835,303,1532
112000103,318,212,106
112000105,304,828,-524
112000106,2276,274,2002
112000107,58,114,-56
112000108,343,884,-541
112000109,71,77,-6
112000110,1765,437,1328
112000111,318,818,-500
112000112,1875,202,1673
112000113,454,708,-254
112000114,1951,308,1643
112000115,294,123,171
112000116,509,212,297
112000117,608,302,306
112000118,172,332,-160
112000119,212,217,-5
112000120,36,120,-84
112000121,117,135,-18
112000122,416,49,367
112000123,810,31,779
112000124,519,45,474
112000125,112,120,-8
112000126,528,233,295
112000127,1189,1470,-281
112000128,383,292,91
112000129,91,34,57
112000130,261,68,193
112000131,21,36,-15
112000132,166,65,101
112000133,404,30,374
112000134,441,135,306
112000135,941,335,606
112000136,453,691,-238
112000137,1304,629,675
112000138,761,370,391
112000139,248,252,-4
112000140,89,296,-207
112000141,958,136,822
112000142,84,204,-120
112000143,1265,104,1161
112000144,237,404,-167
112000145,2827,240,2587
112000146,516,797,-281
112000147,1936,901,1035
112000148,536,1262,-726
112000149,503,219,284
112000150,272,120,152
112000151,265,98,167
112000152,702,89,613
112000153,96,58,38
112000154,94,196,-102
112000155,87,72,15
112000157,187,416,-229
112000158,275,86,189
112000159,1060,135,925
112000167,138,160,-22
112000169,55,590,-535
112000173,1434,133,1301
112000175,460,149,311
112000176,885,570,315
112000177,1008,242,766
112000178,47,144,-97
112000179,341,80,261
112000180,337,81,256
112000181,681,348,333
112000182,2018,285,1733
112000183,57,13,44
112000184,512,104,408
112000185,919,107,812
112000187,2490,1572,918
112000195,79,7,72
112000196,44,1,43
112000197,24,130,-106
112000198,12,97,-85
112000199,239,239,0
112000202,616,1,615
112000216,26,60,-34
112000230,160,1,159
112000231,0,60,-60
112000256,45,181,-136
112000313,52,35,17
112000314,18,58,-40
112000337,74,355,-281
112000352,38,94,-56
112000392,793,377,416
112000398,1639,258,1381
112000399,497,3217,-2720
112000400,555,409,146
112000401,777,590,187
112000402,3516,3374,142
112000403,711,3830,-3119
112000404,1082,611,471
112000405,2909,2203,706
112000406,1113,810,303
112000407,7493,6111,1382
112000408,2731,1040,1691
112000409,762,823,-61
112000410,82,231,-149
112000411,1986,1222,764
112000412,355,139,216
112000413,1954,5451,-3497
112000414,102,99,3
112000415,67,7,60
112000416,3085,374,2711
112000417,227,34,193
112000421,102,32,70
112000422,224,79,145
112000424,416,1640,-1224
112000425,282,1120,-838
112000426,227,270,-43
112000427,0,12,-12
112000428,349,133,216
112000429,1205,903,302
112000430,1590,1605,-15
112000431,74,90,-16
112000432,248,905,-657
112000433,221,277,-56
112000437,50,83,-33
112900001,116,1,115
112900002,751,167,584
112900003,100,22,78
112900004,68,153,-85
112900005,352,11,341
112900006,17,33,-16
112900007,73,40,33
112900008,0,19,-19
112900009,335,168,167
112900010,250,111,139
112900011,46,44,2
112900012,0,14,-14
112900013,1,203,-202
112900014,1,24,-23
112900015,61,157,-96
112900016,7,43,-36
112900017,46,68,-22
112900018,0,109,-109
112900019,4,37,-33
112900020,127,228,-101
112900021,0,113,-113
112900022,27,18,9
112900023,0,30,-30
112900024,2,30,-28
112900025,57,110,-53
112900026,3,21,-18
112900027,3,116,-113
112900028,9,53,-44
112900029,7,63,-56
112900030,60,24,36
112900031,10,86,-76
112900032,63,33,30
112900034,1,16,-15
112900035,0,38,-38
112900036,8,39,-31
112900037,39,159,-120
112900038,742,22,720
112900039,1,69,-68
112900040,2,125,-123
112900041,81,581,-500
112900042,111,278,-167
112900043,19,24,-5
112900044,93,71,22
112900045,36,49,-13
112900046,48,21,27
112900047,1,23,-22
112900049,240,12,228
112900050,24,279,-255
112900051,76,145,-69
112900052,10,995,-985
112900053,37,79,-42
112900054,51,62,-11
112900055,83,6,77
112900056,135,117,18
112900057,11,157,-146
112900058,239,163,76
112900059,51,65,-14
112900060,14,16,-2
112900061,39,28,11
112900062,40,79,-39
112900063,30,12,18
112900064,30,4,26
112900065,8,3,5
112900066,228,292,-64
112900067,183,25,158
112900068,31,88,-57
112900069,402,680,-278
112900071,14,7,7
112900072,22,3070,-3048
112900073,336,140,196
112900074,38,419,-381
112900075,325,851,-526
112900076,25,12,13
112900078,175,492,-317
112900079,294,9,285
112900080,154,7,147
112900081,64,289,-225
112900082,497,6,491
112900083,129,134,-5
112900084,143,201,-58
112900085,1,2,-1
112900086,170,3,167
112900087,1310,78,1232
112900088,281,1,280
112900089,904,24,880
112900090,74,61,13
112900091,275,1,274
112900092,38,501,-463
112900093,980,10,970
112900094,166,0,166
112900095,93,0,93
112900096,562,100,462
112900097,53,57,-4
112900098,79,0,79
112900099,1243,14,1229
112900100,121,8,113
112900101,351,1,350
112900102,36,30,6
112900103,235,1,234
112900104,53,0,53
112900105,11,0,11
112900106,202,75,127
112900107,17,0,17
112900108,0,0,0
112900109,196,4,192
112900110,1562,11,1551
112900111,637,4,633
112900112,369,1,368
112900113,0,1,-1
112900114,361,8,353
112900115,2209,4,2205
112900116,67,2,65
112900117,135,6,129
112900118,2,4,-2
112900119,155,4,151
112900120,212,149,63
112900121,351,15,336
112900122,0,14,-14
112900123,156,24,132
112900124,2,12,-10
112900125,10,58,-48
112900126,13,76,-63
112900127,285,25,260
112900128,9,173,-164
112900129,0,222,-222
112900130,118,23,95
112900131,11,297,-286
112900132,42,215,-173
112900133,10,965,-955
112900134,0,120,-120
112900135,50,14,36
112900136,1,97,-96
112900137,2,278,-276
112900138,0,45,-45
112900139,13,268,-255
112900140,4,395,-391
112900141,528,7,521
112900142,18,105,-87
112900143,3,257,-254
112900144,5,1100,-1095
112900145,1,83,-82
112900146,3,61,-58
112900147,0,166,-166
112900148,20,2,18
112900149,61,175,-114
112900151,2,12,-10
112900152,4096,163,3933
112900153,190,1340,-1150
112900154,0,18,-18
112900155,45,4,41
112900156,452,226,226
112900157,403,1,402
112900158,67,0,67
112900159,155,138,17
112900160,29,70,-41
112900161,91,11,80
112900162,8,31,-23
112900163,2,51,-49
112900164,9,88,-79
112900165,22,11,11
112900166,5,40,-35
112900167,6,51,-45
112900168,15,0,15
112900169,18,12,6
112900170,160,4,156
112900172,36,19,17
112900173,72,28,44
112900174,266,25,241
112900175,55,107,-52
112900176,22,61,-39
112900177,206,26,180
112900178,240,2407,-2167
112900179,7,408,-401
112900180,1608,1818,-210
112900181,924,12,912
112900182,52,174,-122
112900183,22,57,-35
112900184,100,192,-92
112900185,53,162,-109
112900186,521,402,119
112900187,12,319,-307
112900188,372,635,-263
112900189,2,1,1
112900190,3,0,3
112900192,331,169,162
112900193,451,69,382
112900194,49,2,47
112900195,308,14,294
112900196,180,110,70
112900197,29,199,-170
112900199,516,39,477
112900200,379,31,348
112900201,219,38,181
112900202,346,182,164
112900203,201,61,140
112900204,208,77,131
112900205,5,1,4
112900206,22,12,10
112900207,79,0,79
112900208,41,119,-78
112900209,32,121,-89
112900210,0,1,-1
112900211,32,13,19
112900212,0,1,-1
112900213,56,0,56
112900214,3,4,-1
112900215,6,9,-3
112900216,13,20,-7
112900217,2,5,-3
112900218,85,2,83
112900219,107,0,107
112900220,0,0,0
112900221,33,17,16
112900222,0,82,-82
112900223,545,3,542
112900224,791,78,713
112900225,437,79,358
112900226,53,57,-4
112900227,899,348,551
112900228,118,49,69
112900229,443,37,406
112900230,3161,1239,1922
112900232,266,268,-2
112900233,26,23,3
112900234,91,0,91
112900235,3,3,0
112900236,684,3,681
112900237,397,109,288
112900238,18,0,18
112900239,101,456,-355
113000001,3072,2203,869
113000002,2845,2017,828
113000003,779,950,-171
113000004,868,1039,-171
113000005,909,434,475
113000006,665,709,-44
113000007,1287,379,908
113000008,1022,500,522
113000009,862,257,605
113000010,815,365,450
113000011,342,510,-168
113000012,746,322,424
113000013,276,322,-46
113000014,304,477,-173
113000015,49,115,-66
113000016,86,346,-260
113000017,132,134,-2
113000018,429,45,384
113000019,130,98,32
113000020,176,31,145
113000021,1093,312,781
113000022,726,925,-199
113000025,22,76,-54
113000026,523,458,65
113000027,417,714,-297
113000028,406,480,-74
113000029,364,389,-25
113000030,39,267,-228
113000031,55,117,-62
113000032,126,122,4
113000033,179,121,58
113000034,90,80,10
113000035,6,5,1
113000036,26,18,8
113000037,9,5,4
113000038,2,20,-18
113000039,16,139,-123
113000040,27,16,11
113000042,333,206,127
113000051,731,1420,-689
113000052,1103,215,888
113000053,323,139,184
113000054,260,415,-155
113000055,1205,115,1090
113000056,1639,342,1297
113000058,214,333,-119
113000059,810,111,699
113000060,173,274,-101
113000061,271,415,-144
113000062,234,183,51
113000063,271,36,235
113000064,155,92,63
113000065,141,232,-91
113000066,856,63,793
113000067,2315,237,2078
113000068,356,207,149
113000069,329,179,150
113000070,2657,209,2448
113000071,328,192,136
113000072,786,87,699
113000073,262,485,-223
113000074,492,239,253
113000075,1317,362,955
113000076,98,1011,-913
113000077,373,325,48
113000078,278,700,-422
113000079,134,289,-155
113000080,218,364,-146
113000081,621,575,46
113000082,508,266,242
113000083,575,457,118
113000084,597,338,259
113000085,818,287,531
113000086,410,433,-23
113000087,645,671,-26
113000088,622,576,46
113000089,533,736,-203
113000090,64,330,-266
113000091,99,123,-24
113000094,785,98,687
113000095,135,168,-33
113000096,38,278,-240
113000097,444,150,294
113000098,24,4,20
113000099,619,155,464
113000100,80,99,-19
113000101,74,165,-91
113000102,359,175,184
113000103,1747,201,1546
113000104,532,1470,-938
113000105,637,186,451
113000106,304,79,225
113000107,753,521,232
113000108,584,321,263
113000109,230,877,-647
113000110,2002,467,1535
113000111,131,312,-181
113000112,335,211,124
113000113,1035,252,783
113000114,102,489,-387
113000116,201,220,-19
113000117,338,153,185
113000118,35,385,-350
113000119,166,279,-113
113000120,33,259,-226
113000121,274,370,-96
113000124,166,48,118
113000125,12,957,-945
113000127,535,66,469
113000128,849,185,664
113000129,123,361,-238
113000133,866,141,725
113000134,4,812,-808
113000135,2504,2361,143
113000137,503,1985,-1482
113000139,137,82,55
113000140,38,31,7
113000141,101,31,70
113000142,149,85,64
113000143,185,61,124
113000144,64,87,-23
113000145,108,37,71
113000146,32,2,30
113000147,162,12,150
113000148,339,29,310
113000149,127,74,53
113000150,171,155,16
113000151,3,12,-9
113000152,13,157,-144
113000153,491,110,381
113000154,223,826,-603
113000155,239,333,-94
113000156,65,95,-30
113000157,87,147,-60
113000158,181,28,153
113000159,545,105,440
113000160,239,226,13
113000161,231,145,86
113000162,462,50,412
113000163,68,16,52
113000164,6,15,-9
113000166,190,13,177
113000167,68,9,59
113000168,147,9,138
113000169,162,8,154
113000170,87,23,64
113000171,16,22,-6
113000172,250,12,238
113000173,32,15,17
113000174,24,48,-24
113000175,413,8,405
113000176,567,20,547
113000177,60,50,10
113000178,68,28,40
113000179,202,36,166
113000180,701,1185,-484
113000181,1121,619,502
113000182,59,170,-111
113000183,243,354,-111
113000184,2,7,-5
113000189,84,165,-81
113000190,198,62,136
113000192,499,1924,-1425
113000193,984,1150,-166
113000194,499,1187,-688
113000195,956,999,-43
113000196,413,108,305
113000197,1015,1315,-300
113000198,34,174,-140
113000199,938,253,685
113000201,176,249,-73
113000202,3111,765,2346
113000203,41,413,-372
113000204,156,1550,-1394
113000205,4,3,1
113000206,12,13,-1
113000207,35,9,26
113000208,39,4,35
113000209,10,3,7
113000210,9,6,3
113000211,55,33,22
113000212,8,6,2
113000213,19,48,-29
113000214,79,91,-12
113000234,80,173,-93
113000410,31,106,-75
113000411,761,1330,-569
113000412,2704,871,1833
113000413,1210,1199,11
113000414,1746,6503,-4757
113000415,821,621,200
113000416,1307,955,352
113000417,399,590,-191
113000418,2643,2250,393
113000419,845,1148,-303
113000420,2024,2846,-822
113000421,2614,4012,-1398
113000422,5482,4283,1199
113000423,746,1791,-1045
113000424,1028,5331,-4303
113000425,2,25,-23
113000428,113,18,95
113000430,7,73,-66
113000432,2307,146,2161
113000433,115,303,-188
113000434,6,51,-45
113000435,16,83,-67
113000436,2,485,-483
113000437,1053,39,1014
113000438,277,11,266
113000439,9,21,-12
113000440,116,12,104
113000441,132,76,56
113000442,73,19,54
113000443,368,55,313
113000444,215,14,201
113000445,130,35,95
113000446,9,44,-35
113000448,100,134,-34
113000449,92,461,-369
113000450,158,1430,-1272
113000451,882,183,699
113000452,45,261,-216
113000453,11,179,-168
113000454,77,50,27
113000455,5,277,-272
113000456,375,890,-515
113000468,536,103,433
113000469,53,198,-145
113000470,127,8,119
113000471,1,249,-248
113000472,36,62,-26
113000474,1079,479,600
113000475,689,714,-25
113000476,1489,1308,181
113000477,4420,1177,3243
113000478,1491,1622,-131
113000479,40,52,-12
113000480,78,106,-28
113000481,0,0,0
113000482,0,0,0
113000483,0,0,0
113000484,0,0,0
113000485,0,0,0
113000486,0,0,0
113000487,0,0,0
113000488,0,0,0
113000489,0,0,0
113000490,0,0,0
113000491,0,0,0
113000492,0,0,0
113000493,0,0,0
113000495,73,39,34
113000496,53,89,-36
113000497,0,0,0
113000499,0,0,0
113000500,0,0,0
113900001,2,212,-210
113900002,0,41,-41
113900003,0,31,-31
113900004,2,58,-56
113900005,0,75,-75
113900006,1,8,-7
113900007,15,57,-42
113900008,13,0,13
113900009,25,0,25
113900010,7,0,7
113900011,78,0,78
113900012,17,0,17
113900013,26,2,24
113900014,357,2,355
113900015,0,5,-5
113900016,26,0,26
113900017,0,19,-19
113900018,55,60,-5
113900019,230,13,217
113900020,209,0,209
113900022,11,0,11
113900023,19,0,19
113900024,28,26,2
113900025,99,17,82
113900026,26,0,26
113900027,6,19,-13
113900028,2,116,-114
113900029,52,35,17
113900030,347,1,346
113900031,26,1,25
113900032,26,0,26
113900033,7,3,4
113900035,6,0,6
113900036,19,15,4
113900037,96,294,-198
113900038,26,135,-109
113900039,288,15,273
113900040,7,8,-1
113900041,1,1,0
113900042,28,5,23
113900043,70,16,54
113900044,25,143,-118
113900045,63,1,62
113900046,46,333,-287
113900047,89,9,80
113900048,23,32,-9
113900049,57,355,-298
113900050,71,78,-7
113900051,98,41,57
113900052,74,16,58
113900053,211,429,-218
113900054,10,0,10
113900055,39,151,-112
113900056,49,8,41
113900057,7,18,-11
113900058,47,8,39
113900059,92,34,58
113900060,35,169,-134
113900061,157,63,94
113900062,68,2,66
113900063,29,7,22
113900064,6,10,-4
113900065,397,11,386
113900066,304,25,279
113900067,229,40,189
113900068,264,548,-284
113900069,7,2,5
113900070,67,118,-51
113900071,64,14,50
113900072,5,12,-7
113900073,270,123,147
113900074,142,151,-9
113900075,209,1299,-1090
113900076,107,5,102
113900077,5,52,-47
113900078,32,49,-17
113900079,1,13,-12
113900080,243,48,195
113900081,3,12,-9
113900082,62,68,-6
113900083,359,93,266
113900084,54,18,36
113900085,10,36,-26
113900086,57,16,41
113900087,33,138,-105
113900088,95,131,-36
113900089,280,18,262
113900090,173,116,57
113900091,2,0,2
113900092,5,6,-1
113900093,8,464,-456
113900094,385,112,273
113900095,102,12,90
113900096,226,38,188
113900097,14,21,-7
113900098,605,64,541
113900099,0,2,-2
113900100,0,0,0
113900101,0,29,-29
113900102,9,45,-36
113900103,59,217,-158
113900104,39,15,24
113900105,165,27,138
113900106,0,3,-3
113900107,0,5,-5
113900108,18,36,-18
113900109,55,62,-7
113900110,8,3,5
113900111,64,19,45
113900112,90,10,80
113900113,383,53,330
113900114,0,3,-3
113900115,0,3,-3
113900116,4,63,-59
113900117,26,3,23
113900118,22,412,-390
113900119,54,100,-46
113900120,89,11,78
113900121,75,16,59
113900122,126,2592,-2466
113900123,263,22,241
113900124,0,9,-9
113900125,311,43,268
113900126,11,20,-9
113900127,106,349,-243
113900128,119,6,113
113900129,4,73,-69
113900130,0,11,-11
113900131,94,8,86
113900132,12,11,1
113900133,12,6,6
113900135,115,90,25
113900136,46,12,34
113900137,181,76,105
113900138,0,79,-79
113900139,58,87,-29
113900140,45,151,-106
113900141,377,108,269
113900142,42,10,32
113900143,2,42,-40
113900144,39,36,3
113900145,168,3,165
113900146,133,18,115
113900148,56,70,-14
113900149,63,22,41
113900150,443,74,369
113900151,296,32,264
113900152,8,59,-51
113900153,53,97,-44
113900154,0,28,-28
113900155,19,42,-23
113900156,25,72,-47
113900157,13,183,-170
113900158,65,107,-42
113900159,5,42,-37
113900160,150,70,80
113900161,29,105,-76
113900162,49,94,-45
113900163,145,29,116
113900164,280,13,267
113900165,122,121,1
113900166,12,15,-3
113900167,278,47,231
113900168,17,17,0
113900169,83,87,-4
113900171,125,37,88
113900172,1,26,-25
113900173,19,93,-74
113900174,62,136,-74
113900175,138,97,41
113900176,64,81,-17
113900177,55,64,-9
113900178,146,82,64
113900179,11,137,-126
113900180,22,9,13
113900181,595,92,503
113900182,189,84,105
113900183,9,8,1
113900184,4,163,-159
113900185,22,12,10
113900186,2,7,-5
113900187,7,13,-6
113900188,1,34,-33
113900189,155,89,66
113900190,76,9,67
113900191,9,47,-38
113900192,0,291,-291
113900193,0,106,-106
113900194,446,63,383
113900195,85,55,30
113900196,0,57,-57
113900197,0,50,-50
113900198,0,38,-38
113900199,14,66,-52
113900200,0,25,-25
113900201,0,41,-41
113900202,12,32,-20
113900203,0,23,-23
113900204,1,57,-56
113900205,0,7,-7
113900206,1,31,-30
113900207,0,9,-9
113900208,0,2,-2
113900209,0,6,-6
113900210,114,202,-88
113900211,161,30,131
113900212,282,128,154
113900214,69,66,3
113900215,142,6,136
113900216,101,65,36
113900217,68,112,-44
113900218,52,70,-18
113900219,80,134,-54
113900220,55,55,0
113900221,77,225,-148
113900222,18,270,-252
113900223,178,96,82
113900224,9,7,2
113900225,319,43,276
113900226,91,25,66
113900227,157,75,82
113900228,103,257,-154
113900229,3,460,-457
113900230,741,1116,-375
113900231,44,14,30
113900232,50,7,43
113900233,77,12,65
113900234,143,139,4
113900235,41,9,32
113900236,443,26,417
113900237,73,18,55
113900238,85,201,-116
113900239,21,31,-10
113900240,1,74,-73
113900241,9,5,4
113900242,2,8,-6
113900243,7,34,-27
113900244,82,52,30
113900245,167,57,110
113900246,4,14,-10
113900247,21,266,-245
113900248,441,797,-356
113900249,83,343,-260
113900250,7,75,-68
113900251,797,31,766
113900252,479,13,466
113900253,335,26,309
113900254,251,58,193
113900255,595,9,586
113900256,375,21,354
113900257,8,103,-95
113900258,2,217,-215
113900259,489,76,413
113900260,136,1,135
113900261,31,15,16
113900262,165,112,53
113900263,2,42,-40
113900264,2,62,-60
113900265,38,91,-53
113900266,37,51,-14
113900267,24,206,-182
113900268,63,164,-101
113900269,26,74,-48
113900270,53,159,-106
113900271,191,82,109
113900273,6,0,6
113900274,70,28,42
113900275,0,22,-22
113900276,1,71,-70
113900277,193,0,193
113900278,53,35,18
113900279,16,5,11
113900280,254,150,104
113900281,41,541,-500
113900282,98,138,-40
113900283,85,185,-100
113900284,689,71,618
113900285,36,7,29
113900286,62,48,14
113900287,34,27,7
113900288,0,37,-37
113900289,114,87,27
113900290,71,215,-144
113900291,30,41,-11
113900292,4,0,4
113900293,6,52,-46
113900294,586,12,574
113900295,139,74,65
113900296,619,223,396
113900297,1199,13,1186
113900298,2,239,-237
113900299,137,42,95
113900300,2203,2296,-93
113900301,122,327,-205
113900302,917,282,635
113900303,54,593,-539
113900304,0,23,-23
113900305,172,0,172
113900306,51,0,51
113900307,2,0,2
113900308,7,47,-40
113900309,0,261,-261
113900310,1,0,1
113900311,21,0,21
113900312,28,80,-52
113900313,2,2,0
114000001,510,662,-152
114000002,306,178,128
114000003,93,57,36
114000004,467,110,357
114000005,439,60,379
114000006,633,379,254
114000007,453,380,73
114000008,842,712,130
114000009,1216,123,1093
114000011,2198,788,1410
114000012,3642,678,2964
114000013,1788,530,1258
114000014,212,38,174
114000015,1473,88,1385
114000016,180,21,159
114000017,90,812,-722
114000018,68,7,61
114000026,2689,534,2155
114000027,3809,1291,2518
114000028,1349,2032,-683
114000038,308,91,217
114000039,26,11,15
114000040,104,341,-237
114000042,59,113,-54
114000043,17,44,-27
114000044,398,12,386
114000045,4,5,-1
114000046,692,1577,-885
114000047,12,70,-58
114000048,71,38,33
114000049,1614,662,952
114000050,1250,421,829
114000051,1984,979,1005
114000052,1975,1535,440
114000053,5,433,-428
114000054,126,305,-179
114000055,228,22,206
114000056,32,226,-194
114000057,1460,893,567
114000058,31,377,-346
114000059,27,430,-403
114000060,192,248,-56
114000061,1040,1077,-37
114000062,193,435,-242
114000063,445,460,-15
114000064,1035,1820,-785
114000065,537,724,-187
114000066,538,433,105
114000067,6,802,-796
114000068,159,437,-278
114000069,988,133,855
114000070,1065,962,103
114000071,742,101,641
114000072,760,88,672
114000073,20,38,-18
114000074,90,4,86
114000075,104,35,69
114000076,20,28,-8
114000077,4,16,-12
114000078,239,108,131
114000079,351,29,322
114000080,58,32,26
114000081,100,50,50
114000082,49,112,-63
114000083,51,19,32
114000084,114,117,-3
114000085,58,202,-144
114000086,208,93,115
114000087,177,6,171
114000088,73,8,65
114000089,233,138,95
114000090,651,453,198
114000091,440,399,41
114000092,291,135,156
114000093,1052,209,843
114000094,488,140,348
114000095,292,172,120
114000096,51,105,-54
114000097,56,124,-68
114000098,846,68,778
114000099,577,73,504
114000100,2046,175,1871
114000101,307,191,116
114000102,864,141,723
114000103,82,134,-52
114000104,6,81,-75
114000105,220,64,156
114000106,361,1336,-975
114000107,437,47,390
114000108,1072,363,709
114000109,612,1081,-469
114000110,494,435,59
114000111,1729,612,1117
114000112,194,1349,-1155
114000113,1322,477,845
114000114,189,1051,-862
114000115,1382,763,619
114000116,906,663,243
114000117,4044,282,3762
114000118,3120,199,2921
114000119,2616,274,2342
114000120,735,553,182
114000121,259,268,-9
114000122,346,48,298
114000123,2322,128,2194
114000124,1197,191,1006
114000125,680,657,23
114000126,1349,153,1196
114000127,150,69,81
114000128,804,134,670
114000130,329,412,-83
114000131,496,24,472
114000132,502,91,411
114000133,450,299,151
114000134,26,2,24
114000138,2,4,-2
114000139,311,112,199
114000144,509,263,246
114000145,26,9,17
114000146,52,13,39
114000147,651,1665,-1014
114000148,756,1047,-291
114000149,171,152,19
114000150,87,113,-26
114000151,152,1591,-1439
114000152,45,13,32
114000153,268,600,-332
114000154,215,153,62
114000155,473,2089,-1616
114000156,563,310,253
114000157,196,900,-704
114000158,246,211,35
114000159,120,79,41
114000160,70,93,-23
114000161,536,784,-248
114000162,777,1234,-457
114000163,17,6,11
114000165,206,110,96
114000166,171,173,-2
114000167,1407,991,416
114000168,245,80,165
114000169,542,818,-276
114000170,500,528,-28
114000171,1528,4206,-2678
114000174,83,128,-45
114000176,184,164,20
114000177,355,201,154
114000178,43,28,15
114000179,510,358,152
114000180,169,142,27
114000181,909,3627,-2718
114000182,776,1144,-368
114000183,289,202,87
114000184,262,291,-29
114000185,1085,556,529
114000189,1626,107,1519
114000190,3092,363,2729
114000191,91,361,-270
114000192,95,400,-305
114000193,170,541,-371
114000194,1714,729,985
114000195,407,203,204
114000196,1,72,-71
114000197,2090,5,2085
114000198,333,190,143
114000199,488,849,-361
114000200,414,459,-45
114000201,140,393,-253
114000202,708,487,221
114000203,637,792,-155
114000204,73,115,-42
114000205,267,643,-376
114000206,444,560,-116
114000207,297,470,-173
114000208,564,522,42
114000209,289,500,-211
114000210,189,450,-261
114000211,1638,687,951
114000212,1084,1092,-8
114000213,2076,393,1683
114000214,97,24,73
114000215,93,40,53
114000216,1471,556,915
114000217,432,194,238
114000218,314,166,148
114000219,1405,125,1280
114000220,20,243,-223
114000221,1337,108,1229
114000222,155,353,-198
114000223,646,76,570
114000224,56,231,-175
114000225,220,159,61
114000226,368,142,226
114000227,1196,423,773
114000228,1011,290,721
114000229,1472,841,631
114000230,1659,542,1117
114000231,1004,1059,-55
114000232,1029,148,881
114000233,2330,67,2263
114000234,1417,414,1003
114000235,1557,838,719
114000236,0,167,-167
114000237,118,396,-278
114000238,78,280,-202
114000239,64,493,-429
114000240,776,1473,-697
114000241,245,422,-177
114000242,604,433,171
114000243,1694,1060,634
114000244,387,169,218
114000245,417,888,-471
114000246,54,38,16
114000247,469,394,75
114000248,1303,453,850
114000249,1111,330,781
114000250,845,194,651
114000251,217,113,104
114000252,52,14,38
114000253,35,69,-34
114000254,20,4,16
114000255,145,176,-31
114000256,148,340,-192
114000257,565,522,43
114000258,401,127,274
114000259,177,135,42
114000260,0,1,-1
114000261,93,30,63
114000262,286,17,269
114000263,3,0,3
114000264,1447,119,1328
114000265,0,1,-1
114000267,4,1859,-1855
114000268,0,550,-550
114000270,266,33,233
114000271,176,173,3
114000283,1567,226,1341
114000285,1,80,-79
114000288,117,66,51
114000289,1837,63,1774
114000293,290,89,201
114000294,176,284,-108
114000395,1683,21,1662
114000396,470,173,297
114000402,685,160,525
114000403,482,93,389
114000405,350,165,185
114000423,545,101,444
114000424,699,123,576
114000425,1438,110,1328
114000426,395,812,-417
114000427,97,25,72
114000428,46,58,-12
114000429,33,58,-25
114000432,86,8,78
114000434,23,17,6
114000435,2,26,-24
114000436,1164,228,936
114000437,415,5877,-5462
114900001,533,103,430
114900002,216,84,132
114900003,731,201,530
114900004,204,353,-149
114900005,282,147,135
114900006,58,72,-14
114900007,121,4,117
114900008,463,19,444
114900010,370,1113,-743
114900011,345,46,299
114900013,214,38,176
114900015,58,362,-304
114900018,506,14,492
114900020,36,60,-24
114900022,15,264,-249
114900024,98,87,11
114900025,594,47,547
114900026,63,131,-68
114900027,190,86,104
114900029,23,9,14
114900030,274,59,215
114900031,548,14,534
114900032,590,13,577
114900033,202,1665,-1463
114900034,13,32,-19
114900035,31,95,-64
114900036,112,78,34
114900037,59,7,52
114900038,144,106,38
114900039,610,58,552
114900040,114,37,77
114900041,1110,19,1091
114900042,885,68,817
114900043,584,49,535
114900044,126,31,95
114900046,9,22,-13
114900047,39,2516,-2477
114900048,19,171,-152
114900049,17,65,-48
114900050,41,73,-32
114900051,19,78,-59
114900052,12,75,-63
114900053,24,118,-94
114900054,16,20,-4
114900057,65,3,62
114900058,0,33,-33
114900059,210,35,175
114900060,78,218,-140
114900061,26,6,20
114900062,46,79,-33
114900063,38,9,29
114900064,1452,85,1367
114900065,274,456,-182
114900067,11,42,-31
114900068,9,52,-43
114900069,114,26,88
114900070,535,69,466
114900072,15,27,-12
114900073,0,28,-28
114900074,1128,57,1071
114900075,242,5,237
114900076,18,47,-29
114900080,331,71,260
114900082,1192,1275,-83
114900083,36,176,-140
114900090,597,62,535
114900091,49,72,-23
114900095,38,51,-13
114900096,26,114,-88
114900097,134,7,127
114900098,1,67,-66
114900099,215,42,173
115000001,1740,1278,462
115000002,2840,4697,-1857
115000003,1949,873,1076
115000004,3537,4325,-788
115000005,946,1184,-238
115000006,1010,755,255
115000007,77,209,-132
115000008,202,295,-93
115000009,103,125,-22
115000010,191,158,33
115000013,8,66,-58
115000015,0,76,-76
115000016,64,218,-154
115000019,39,494,-455
115000020,67,691,-624
115000021,55,239,-184
115000022,166,87,79
115000023,395,385,10
115000024,281,80,201
115000025,668,343,325
115000026,181,108,73
115000027,292,186,106
115000028,227,94,133
115000029,777,39,738
115000030,290,248,42
115000031,472,73,399
115000032,3,65,-62
115000033,53,15,38
115000034,61,362,-301
115000035,471,92,379
115000036,0,119,-119
115000037,676,73,603
115000038,44,149,-105
115000039,1108,2088,-980
115000040,1872,1552,320
115000041,680,3032,-2352
115000042,320,313,7
115000043,2151,1504,647
115000044,1670,1418,252
115000045,1761,492,1269
115000046,2719,1396,1323
115000047,2503,837,1666
115000048,1523,916,607
115000049,1035,1386,-351
115000050,2155,730,1425
115000051,965,3128,-2163
115000052,681,904,-223
115000053,1946,2209,-263
115000054,547,606,-59
115000055,117,515,-398
115000056,167,203,-36
115000057,510,851,-341
115000058,57,297,-240
115000059,148,273,-125
115000061,107,116,-9
115000062,195,425,-230
115000063,518,225,293
115000064,266,65,201
115000065,92,437,-345
115000067,126,19,107
115000069,91,227,-136
115000070,32,895,-863
115000071,100,16,84
115000072,10,20,-10
115000073,1253,120,1133
115000075,96,55,41
115000076,1347,833,514
115000077,1322,614,708
115000078,1107,362,745
115000079,1109,546,563
115000080,2617,704,1913
115000081,149,229,-80
115000082,3523,2676,847
115000083,1894,641,1253
115000084,3043,389,2654
115000085,722,273,449
115000086,958,307,651
115000087,452,826,-374
115000088,1247,338,909
115000089,1022,659,363
115000090,315,502,-187
115000091,154,291,-137
115000092,830,378,452
115000093,700,1,699
115000094,2854,5773,-2919
115000095,1868,4753,-2885
115000096,804,380,424
115000097,1662,1011,651
115000098,1405,257,1148
115000099,2260,664,1596
115000100,1602,283,1319
115000101,349,424,-75
115000102,469,134,335
115000103,248,357,-109
115000105,131,65,66
115000106,784,206,578
115000107,80,164,-84
115000108,1064,830,234
115000109,1801,4479,-2678
115000110,759,1477,-718
115000111,167,404,-237
115000112,556,324,232
115000113,251,299,-48
115000114,393,176,217
115000116,1015,1055,-40
115000117,851,978,-127
115000118,900,883,17
115000119,648,962,-314
115000120,276,796,-520
115000121,324,332,-8
115000122,417,931,-514
115000123,474,883,-409
115000124,444,674,-230
115000125,260,514,-254
115000126,77,327,-250
115000127,288,85,203
115000128,199,631,-432
115000129,148,460,-312
115000130,280,227,53
115000131,648,121,527
115000132,325,131,194
115000133,682,101,581
115000134,315,58,257
115000135,96,81,15
115000136,120,70,50
115000137,59,75,-16
115000138,225,127,98
115000139,95,56,39
115000140,493,68,425
115000141,114,75,39
115000142,99,45,54
115000143,787,299,488
115000144,333,41,292
115000145,182,76,106
115000146,398,152,246
115000147,177,132,45
115000148,193,222,-29
115000149,477,178,299
115000150,346,119,227
115000151,999,196,803
115000152,481,232,249
115000153,1034,230,804
115000154,884,187,697
115000155,456,322,134
115000156,403,430,-27
115000157,174,206,-32
115000158,125,89,36
115000159,222,194,28
115000160,273,312,-39
115000161,470,252,218
115000162,346,778,-432
115000163,148,205,-57
115000164,210,216,-6
115000165,117,300,-183
115000167,50,7,43
115000168,393,143,250
115000169,181,416,-235
115000170,41,222,-181
115000171,244,710,-466
115000172,660,641,19
115000173,200,797,-597
115000174,52,332,-280
115000175,76,160,-84
115000176,24,108,-84
115000177,21,260,-239
115000178,4,153,-149
115000179,12,96,-84
115000180,100,157,-57
115000181,703,102,601
115000182,1043,170,873
115000183,450,216,234
115000186,269,41,228
115000187,238,86,152
115000188,269,188,81
115000189,303,306,-3
115000190,430,364,66
115000191,206,409,-203
115000194,68,16,52
115000195,45,46,-1
115000196,211,9,202
115000197,167,90,77
115000198,583,30,553
115000199,544,50,494
115000200,408,47,361
115000201,102,68,34
115000206,628,12,616
115000207,169,48,121
115000208,94,311,-217
115000209,629,362,267
115000210,192,125,67
115000211,65,132,-67
115000212,549,351,198
115000224,177,14,163
115000225,69,9,60
115000229,126,71,55
115000230,21,153,-132
115000231,291,419,-128
115000232,1931,240,1691
115000233,92,59,33
115000234,43,136,-93
115000241,37,62,-25
115000242,209,46,163
115000243,50,26,24
115000244,1,59,-58
115000246,16,14,2
115000247,12,4,8
115000248,23,1,22
115000249,3,9,-6
115000250,233,5,228
115000251,313,40,273
115000252,69,137,-68
115000253,1,377,-376
115000258,226,16,210
115000259,80,16,64
115000261,10,11,-1
115000262,5,4,1
115000263,3,19,-16
115000264,1,3,-2
115000267,7,20,-13
115000268,26,63,-37
115000269,38,26,12
115000270,4,33,-29
115000272,34,21,13
115000273,389,7,382
115000280,509,467,42
115000281,103,975,-872
115000282,392,1974,-1582
115000284,59,139,-80
115000296,240,17,223
115000297,23,471,-448
115000298,20,510,-490
115000300,181,176,5
115000302,319,24,295
115000303,807,50,757
115000304,927,44,883
115000305,124,76,48
115000306,352,49,303
115000307,185,85,100
115000308,10,9,1
115000309,23,86,-63
115000310,1455,297,1158
115000311,1188,479,709
115000313,57,107,-50
115000314,469,120,349
115000315,204,623,-419
115000316,39,105,-66
115000317,95,225,-130
115000318,838,239,599
115000319,58,65,-7
115000320,9,463,-454
115000321,448,40,408
115000322,45,39,6
115000449,121,117,4
115000557,0,1867,-1867
115000558,47,52,-5
115000587,679,180,499
115000588,1170,1330,-160
115000589,2476,1460,1016
115000590,307,748,-441
115000591,859,470,389
115000592,394,688,-294
115000593,1500,273,1227
115000594,395,1463,-1068
115000609,130,50,80
115000617,272,2335,-2063
115000624,288,9,279
115000633,386,955,-569
115000634,2116,381,1735
115000635,388,54,334
115000638,199,236,-37
115000641,39,105,-66
115000642,243,89,154
115000643,81,139,-58
115000644,102,202,-100
115000646,323,646,-323
115000647,53,190,-137
115000648,2044,385,1659
115000893,810,438,372
115000894,114,497,-383
115000895,165,366,-201
115000896,531,212,319
115000897,192,18,174
115000898,201,199,2
115000899,97,794,-697
115000900,23,139,-116
115000901,20,185,-165
115000912,265,76,189
115000913,2,3,-1
115000915,8,0,8
115000916,1,0,1
115000917,0,12,-12
115000918,21,899,-878
115000919,0,24,-24
115000920,2,39,-37
115000921,146,39,107
115000922,134,333,-199
115000923,21,1107,-1086
115000925,82,94,-12
115000927,25,19,6
115000933,20,219,-199
115000934,83,139,-56
115000935,107,21,86
115000936,7,403,-396
115000937,33,63,-30
115000938,4,22,-18
115000939,1,18,-17
115900001,325,1,324
115900002,26,29,-3
115900003,215,32,183
115900004,0,13,-13
115900005,283,5,278
115900006,98,35,63
115900008,200,2,198
115900009,41,28,13
115900010,610,18,592
115900011,211,50,161
115900012,314,3,311
115900013,358,35,323
115900014,118,38,80
115900015,211,8,203
115900016,54,8,46
115900017,38,31,7
115900018,126,1,125
115900019,77,5,72
115900020,153,0,153
115900021,288,122,166
115900022,193,5,188
115900023,3,31,-28
115900025,18,54,-36
115900026,504,58,446
115900027,0,72,-72
115900028,138,32,106
115900029,11,82,-71
115900030,27,7,20
115900031,28,181,-153
115900032,127,202,-75
115900033,1,28,-27
115900034,25,56,-31
115900035,34,3,31
115900036,9,1113,-1104
115900037,24,89,-65
115900038,22,3,19
115900039,156,45,111
115900041,63,581,-518
115900042,65,6,59
115900043,78,18,60
115900044,57,353,-296
115900046,334,48,286
115900047,43,162,-119
115900049,183,104,79
115900051,3,7,-4
115900052,3,123,-120
115900053,339,28,311
115900054,428,17,411
115900055,31,75,-44
115900056,196,44,152
115900057,3,25,-22
115900058,12,41,-29
115900060,18,34,-16
115900061,301,2,299
115900062,39,52,-13
115900063,11,4,7
115900064,30,113,-83
115900065,98,14,84
115900066,39,26,13
115900067,7,94,-87
115900068,1055,1473,-418
115900069,16,108,-92
115900070,127,41,86
115900071,0,238,-238
115900072,6,61,-55
115900073,151,95,56
115900074,0,68,-68
115900075,6,67,-61
115900076,0,32,-32
115900077,3,33,-30
115900078,7,76,-69
115900079,521,3,518
115900080,99,14,85
115900081,19,12,7
115900082,101,115,-14
115900084,746,2,744
115900085,6,29,-23
115900086,412,159,253
115900088,0,26,-26
115900089,467,200,267
115900090,542,6,536
115900091,0,0,0
115900092,40,43,-3
115900093,2,0,2
115900094,3,84,-81
115900096,1,1,0
115900097,5,154,-149
115900098,261,56,205
115900099,39,91,-52
115900100,5,207,-202
115900101,153,69,84
115900102,98,29,69
115900103,213,28,185
115900104,67,47,20
115900105,292,93,199
115900106,114,3,111
115900107,80,69,11
115900108,166,0,166
115900109,4,186,-182
115900110,13,0,13
115900111,0,29,-29
115900112,36,180,-144
115900113,60,1,59
115900114,0,29,-29
115900115,124,31,93
115900116,72,225,-153
115900117,68,0,68
115900118,0,103,-103
115900119,170,43,127
115900120,11,47,-36
115900121,246,42,204
115900124,126,674,-548
115900125,390,52,338
115900126,937,19,918
115900127,701,8,693
115900128,0,77,-77
115900129,248,7,241
115900130,4,360,-356
115900131,358,12,346
115900132,506,3,503
115900134,319,1,318
115900135,167,307,-140
115900137,40,9,31
115900139,6,48,-42
115900140,413,27,386
115900141,0,14,-14
115900142,1,16,-15
115900143,195,99,96
115900144,117,74,43
115900146,6,33,-27
115900147,61,239,-178
115900148,9,11,-2
115900149,101,5,96
115900150,136,7,129
115900151,32,35,-3
115900152,105,90,15
115900153,83,60,23
115900154,87,149,-62
115900155,0,23,-23
115900156,316,335,-19
115900157,223,198,25
115900158,9,1,8
115900159,238,54,184
115900160,0,2,-2
115900161,19,76,-57
115900163,265,54,211
115900164,780,35,745
115900165,4,183,-179
115900166,40,24,16
115900168,377,31,346
115900171,79,132,-53
115900172,28,49,-21
115900173,69,83,-14
115900174,56,75,-19
115900175,109,58,51
115900178,31,119,-88
115900179,376,9,367
115900180,58,55,3
115900181,115,39,76
115900182,619,48,571
115900183,1,82,-81
115900184,92,0,92
115900187,1,245,-244
115900189,0,79,-79
115900190,126,388,-262
115900191,8,77,-69
115900192,13,65,-52
115900193,29,30,-1
115900194,697,21,676
115900195,145,2030,-1885
115900198,150,107,43
115900199,193,41,152
115900200,134,41,93
115900201,133,226,-93
115900202,16,146,-130
115900203,0,5,-5
115900204,0,39,-39
115900205,4,3,1
115900206,421,23,398
115900207,28,6,22
115900208,108,15,93
115900209,37,35,2
115900210,3,100,-97
115900211,0,18,-18
115900212,172,42,130
115900213,58,180,-122
115900214,499,121,378
115900215,11,180,-169
115900216,1,48,-47
115900217,33,5,28
115900218,1,5,-4
115900219,176,2,174
115900220,355,7,348
115900221,262,4,258
115900222,112,13,99
115900223,15,335,-320
115900224,301,1618,-1317
115900225,75,41,34
115900226,0,12,-12
115900227,12,6,6
115900228,0,2,-2
115900229,0,10,-10
115900230,47,21,26
115900231,123,1,122
115900232,15,2,13
115900233,77,5,72
115900234,36,18,18
115900235,21,34,-13
115900236,2,61,-59
115900237,13,14,-1
115900238,3,5,-2
115900239,7,4,3
115900240,8,8,0
115900241,253,6,247
115900242,265,311,-46
115900243,1,4,-3
115900244,8,3,5
115900245,56,2,54
115900246,0,0,0
115900247,2,0,2
115900248,0,1,-1
115900249,2,0,2
115900250,39,20,19
115900251,4,0,4
115900252,7,0,7
115900253,9,3,6
115900254,10,20,-10
115900255,0,16,-16
115900256,39,16,23
115900257,3,39,-36
115900258,0,0,0
115900259,24,1,23
115900260,2,0,2
115900261,17,0,17
115900262,7,0,7
115900263,4,0,4
115900264,14,0,14
115900265,22,2,20
115900266,30,10,20
115900267,0,5,-5
115900268,2,3,-1
115900269,1000,42,958
115900270,304,75,229
115900271,154,0,154
115900272,55,0,55
115900273,10,13,-3
115900274,0,1,-1
115900275,2,0,2
115900276,0,2,-2
115900277,0,13,-13
115900278,40,20,20
115900279,5,115,-110
115900280,30,508,-478
115900281,68,164,-96
115900282,2,15,-13
116000001,2640,991,1649
116000002,2833,11902,-9069
116000003,524,465,59
116000004,2898,4952,-2054
116000005,508,1532,-1024
116000006,1316,2517,-1201
116000007,897,927,-30
116000008,3121,1520,1601
116000009,528,842,-314
116000010,2688,1063,1625
116000011,385,617,-232
116000012,1456,617,839
116000013,2726,1404,1322
116000014,5300,15537,-10237
116000015,33,660,-627
116000016,1823,5013,-3190
116000017,37,408,-371
116000018,146,109,37
116000019,803,198,605
116000020,307,270,37
116000021,619,161,458
116000022,277,158,119
116000023,921,699,222
116000024,486,270,216
116000025,564,380,184
116000026,857,1348,-491
116000027,271,414,-143
116000028,390,657,-267
116000029,378,181,197
116000030,440,516,-76
116000031,14,20,-6
116000032,293,24,269
116000033,568,130,438
116000034,541,418,123
116000035,127,112,15
116000036,109,420,-311
116000037,115,204,-89
116000038,47,300,-253
116000039,143,286,-143
116000040,314,480,-166
116000041,40,343,-303
116000042,454,367,87
116000043,33,190,-157
116000044,0,12,-12
116000045,865,765,100
116000046,635,644,-9
116000047,1070,1516,-446
116000048,2070,758,1312
116000049,1519,1095,424
116000050,998,575,423
116000051,2033,944,1089
116000052,1902,1411,491
116000053,2405,296,2109
116000054,703,900,-197
116000055,505,311,194
116000056,1457,761,696
116000057,1168,239,929
116000058,1715,1760,-45
116000059,1237,3669,-2432
116000060,1043,698,345
116000061,74,1277,-1203
116000062,331,148,183
116000063,305,1221,-916
116000066,158,503,-345
116000067,153,253,-100
116000068,127,273,-146
116000069,108,129,-21
116000078,352,793,-441
116000080,978,359,619
116000082,0,14,-14
116000083,1496,197,1299
116000084,917,1077,-160
116000085,1091,1216,-125
116000086,706,276,430
116000087,2643,1206,1437
116000088,721,544,177
116000089,147,79,68
116000090,194,125,69
116000091,230,419,-189
116000093,720,134,586
116000094,748,258,490
116000095,631,136,495
116000096,1168,1558,-390
116000097,782,315,467
116000098,35,6847,-6812
116000099,3199,158,3041
116000100,215,9,206
116000101,1304,163,1141
116000102,272,327,-55
116000103,313,250,63
116000104,188,476,-288
116000105,1186,65,1121
116000106,448,670,-222
116000107,1989,245,1744
116000108,10,780,-770
116000111,160,41,119
116000113,99,23,76
116000114,8,62,-54
116000115,244,58,186
116000116,176,118,58
116000117,1379,733,646
116000118,892,465,427
116000119,3395,1088,2307
116000120,1481,1366,115
116000121,1120,338,782
116000122,583,366,217
116000123,2013,169,1844
116000124,286,238,48
116000125,2614,173,2441
116000126,193,309,-116
116000127,401,377,24
116000128,2145,295,1850
116000129,1070,86,984
116000130,699,322,377
116000133,1753,153,1600
116000134,793,544,249
116000135,2618,527,2091
116000136,439,461,-22
116000137,904,355,549
116000138,400,152,248
116000139,1315,2446,-1131
116000140,290,235,55
116000141,390,489,-99
116000142,3294,1743,1551
116000143,1987,1426,561
116000144,1766,1199,567
116000145,2514,872,1642
116000146,743,118,625
116000147,124,190,-66
116000148,738,564,174
116000149,261,290,-29
116000151,588,362,226
116000153,124,242,-118
116000155,128,330,-202
116000156,586,288,298
116000157,89,3,86
116000158,303,65,238
116000159,2,8,-6
116000160,74,30,44
116000161,2,57,-55
116000162,22,185,-163
116000163,51,16,35
116000164,27,4,23
116000177,39,447,-408
116000194,51,162,-111
116000195,1269,218,1051
116000196,57,7,50
116000197,49,32,17
116000198,1297,623,674
116000200,365,577,-212
116000201,580,206,374
116000202,18,81,-63
116000203,0,18,-18
116000204,2,10,-8
116000205,0,79,-79
116000206,1,96,-95
116000207,6,43,-37
116000233,47,99,-52
116000287,241,75,166
116000288,340,136,204
116000292,54,62,-8
116000296,10,244,-234
116000297,55,5,50
116000304,353,36,317
116000305,0,51,-51
116000346,341,78,263
116000352,118,36,82
116000354,34,22,12
116000357,5,6,-1
116000358,456,192,264
116000361,23,0,23
116000372,1915,4323,-2408
116000381,193,1,192
116000388,9,9,0
116000389,520,106,414
116000445,963,101,862
116000446,835,82,753
116000447,7,373,-366
116000448,284,43,241
116000563,339,623,-284
116000565,73,147,-74
116000568,46,449,-403
116000579,20,138,-118
116000584,37,2,35
116000585,30,26,4
116000586,41,86,-45
116000587,355,213,142
116000589,48,29,19
116000590,146,39,107
116000591,272,76,196
116000592,2,23,-21
116000593,0,8,-8
116000594,1166,144,1022
116000595,752,13,739
116000596,207,2,205
116000597,660,190,470
116000598,48,111,-63
116000602,8,490,-482
116000605,176,45,131
116000606,65,255,-190
116000607,1,51,-50
116000609,55,1085,-1030
116000611,280,81,199
116000612,1689,2357,-668
116000613,638,235,403
116000614,482,139,343
116000615,0,0,0
116000616,42,30,12
116000617,135,16,119
116000618,2,39,-37
116000619,24,104,-80
116000620,344,137,207
116000621,102,93,9
116000622,87,49,38
116000624,102,105,-3
116000627,64,10,54
116000628,26,58,-32
116000629,18,678,-660
116000630,752,3,749
116000631,268,7,261
116000632,1183,64,1119
116000633,15,596,-581
116000634,955,0,955
116000635,863,951,-88
116000636,63,546,-483
116000637,8,0,8
116000638,1,84,-83
116900001,78,52,26
116900002,126,0,126
116900003,81,22,59
116900004,31,85,-54
116900005,295,8,287
116900006,74,112,-38
116900007,38,25,13
116900008,657,60,597
116900009,7,27,-20
116900010,0,212,-212
116900011,0,33,-33
116900012,42,65,-23
116900013,2,53,-51
116900014,304,32,272
116900015,634,27,607
116900016,275,7,268
116900017,1,322,-321
116900018,67,49,18
116900019,0,45,-45
116900020,989,1693,-704
116900023,20,7,13
116900024,712,31,681
116900025,1398,223,1175
116900026,64,214,-150
116900027,22,16,6
116900028,0,9,-9
116900029,0,201,-201
116900031,5,1,4
116900032,1,71,-70
116900033,17,5,12
116900034,19,5,14
116900035,100,54,46
116900036,12,30,-18
116900038,24,1,23
116900041,140,4,136
116900042,65,61,4
116900043,24,37,-13
116900045,33,43,-10
116900047,8,301,-293
116900049,11,50,-39
116900050,51,34,17
116900051,379,8,371
116900052,71,44,27
116900055,0,10,-10
116900057,35,26,9
116900058,10,58,-48
116900059,0,13,-13
116900060,78,172,-94
116900062,1,38,-37
116900064,8,67,-59
116900065,1,44,-43
116900067,53,18,35
116900068,104,135,-31
116900070,32,1,31
116900072,8,46,-38
116900073,11,27,-16
116900074,1,6,-5
116900076,25,37,-12
116900077,3,45,-42
116900078,52,47,5
116900079,8,98,-90
116900080,1,3,-2
116900081,66,229,-163
116900082,118,455,-337
116900083,17,12,5
116900084,24,14,10
116900085,9,45,-36
116900086,4,225,-221
116900088,75,6,69
116900090,11,7,4
116900091,452,21,431
116900092,74,122,-48
116900093,790,762,28
116900094,1905,4335,-2430
116900095,243,28,215
116900096,191,212,-21
116900097,721,2499,-1778
116900098,176,77,99
116900099,95,327,-232
116900100,1126,43,1083
116900101,62,202,-140
116900103,13,0,13
116900104,12,217,-205
116900105,360,209,151
116900106,3192,55,3137
116900107,876,3014,-2138
116900110,14,0,14
116900111,653,256,397
116900112,328,190,138
116900113,592,1892,-1300
116900116,4,106,-102
116900117,152,40,112
116900118,386,699,-313
116900120,497,32,465
116900121,157,29,128
116900122,1268,166,1102
116900123,300,212,88
116900124,47,151,-104
116900125,532,52,480
116900126,33,514,-481
116900128,1,5,-4
116900129,0,64,-64
116900130,264,4118,-3854
116900131,22,119,-97
116900132,56,54,2
116900133,109,59,50
116900134,194,110,84
116900136,169,53,116
116900137,121,14,107
116900138,110,17,93
116900139,10,73,-63
116900140,70,44,26
116900141,285,67,218
116900142,3,16,-13
116900143,228,70,158
116900144,20,3,17
116900145,40,45,-5
116900147,47,257,-210
116900148,0,1,-1
116900149,58,140,-82
116900150,10,1,9
116900151,4,6,-2
116900153,141,52,89
116900154,48,295,-247
116900155,18,43,-25
116900157,1022,32,990
116900158,145,252,-107
116900159,54,214,-160
116900160,679,383,296
116900161,1611,6566,-4955
116900162,31,25,6
116900163,409,13,396
116900164,147,41,106
116900165,473,190,283
116900166,139,67,72
116900167,552,17,535
116900168,508,19,489
116900169,70,190,-120
116900170,605,188,417
116900171,83,159,-76
116900172,74,451,-377
116900173,527,15,512
116900174,43,125,-82
116900175,171,116,55
116900178,60,51,9
116900179,34,433,-399
116900180,108,5,103
116900182,411,112,299
116900183,180,73,107
116900185,36,25,11
116900186,110,161,-51
116900187,24,32,-8
116900188,113,3,110
116900189,51,0,51
116900191,99,89,10
116900192,330,75,255
116900194,47,752,-705
116900195,60,8,52
116900196,24,37,-13
116900197,137,3,134
116900198,32,469,-437
116900200,105,1,104
116900201,348,1,347
116900202,41,19,22
116900203,153,2,151
116900204,75,193,-118
116900206,4,2,2
116900207,16,7,9
116900208,0,67,-67
116900209,17,27,-10
116900210,144,41,103
116900211,242,5,237
116900212,101,1,100
116900213,120,18,102
116900214,269,59,210
116900215,28,13,15
116900216,97,74,23
116900218,1,148,-147
116900219,272,133,139
116900220,53,122,-69
116900221,123,212,-89
116900222,294,95,199
116900223,46,53,-7
116900226,230,5,225
116900227,255,15,240
116900228,353,31,322
116900230,42,59,-17
116900231,68,78,-10
116900232,31,112,-81
116900233,259,38,221
116900234,71,1,70
116900235,38,60,-22
116900238,249,53,196
116900239,7,1440,-1433
116900240,2046,3161,-1115
116900241,132,97,35
116900242,219,858,-639
116900243,0,40,-40
116900245,12,32,-20
116900246,107,37,70
116900247,1140,6,1134
116900248,127,7,120
116900249,555,59,496
116900250,363,24,339
116900251,170,735,-565
116900252,181,216,-35
116900253,135,35,100
116900254,47,54,-7
116900255,165,113,52
116900256,445,89,356
116900257,30,56,-26
116900258,1,38,-37
116900259,224,1,223
116900260,0,14,-14
116900261,68,0,68
116900262,58,71,-13
116900263,0,7,-7
116900264,0,2,-2
116900265,14,0,14
116900266,7,5,2
116900267,0,0,0
116900268,2,123,-121
116900269,176,537,-361
116900271,289,564,-275
116900272,123,101,22
116900273,28,52,-24
116900274,129,38,91
116900275,166,48,118
116900276,310,234,76
116900277,132,35,97
116900278,0,0,0
116900279,2,5,-3
116900280,9,6,3
116900281,1820,5077,-3257
116900282,1,18,-17
116900283,2,19,-17
116900284,17,106,-89
116900285,29,304,-275
116900286,34,0,34
116900287,5,8,-3
116900288,258,47,211
116900289,24,1,23
116900290,34,0,34
116900291,48,8,40
116900292,0,48,-48
116900293,84,2,82
116900294,6,38,-32
116900295,36,49,-13
116900296,22,31,-9
116900297,0,19,-19
116900298,16,91,-75
116900299,0,118,-118
116900300,1,49,-48
116900301,10,47,-37
116900302,2,47,-45
116900303,66,22,44
116900304,0,50,-50
116900305,4,7,-3
116900306,350,187,163
117000001,2556,1594,962
117000002,1476,1678,-202
117000003,4429,1783,2646
117000004,1518,1888,-370
117000005,2666,1051,1615
117000006,673,1674,-1001
117000007,5004,1090,3914
117000008,838,1716,-878
117000009,3101,1073,2028
117000010,798,1238,-440
117000011,2704,673,2031
117000012,1397,551,846
117000013,2072,521,1551
117000014,1257,1927,-670
117000015,2207,1285,922
117000016,145,293,-148
117000017,84,268,-184
117000018,37,1210,-1173
117000019,12,1,11
117000020,272,3192,-2920
117000021,1229,150,1079
117000022,110,321,-211
117000023,107,113,-6
117000024,122,252,-130
117000025,175,1744,-1569
117000026,1123,1773,-650
117000027,309,1429,-1120
117000028,345,572,-227
117000030,163,275,-112
117000031,344,91,253
117000032,803,1154,-351
117000033,1263,646,617
117000034,167,178,-11
117000035,248,192,56
117000036,248,181,67
117000037,216,103,113
117000038,136,244,-108
117000039,86,171,-85
117000040,43,329,-286
117000041,1329,68,1261
117000044,19,229,-210
117000045,546,199,347
117000046,200,604,-404
117000047,467,746,-279
117000048,780,543,237
117000049,23,415,-392
117000050,240,764,-524
117000051,2868,55,2813
117000052,67,181,-114
117000053,1316,23,1293
117000054,1377,13,1364
117000055,3,636,-633
117000056,623,23,600
117000057,386,946,-560
117000060,286,793,-507
117000061,1903,829,1074
117000062,125,504,-379
117000063,1078,581,497
117000064,271,249,22
117000066,297,455,-158
117000067,69,395,-326
117000074,10,159,-149
117000076,5,24,-19
117000077,60,55,5
117000078,147,217,-70
117000079,162,51,111
117000080,0,320,-320
117000081,403,42,361
117000082,9,30,-21
117000083,78,1,77
117000084,103,0,103
117000085,366,396,-30
117000086,410,222,188
117000087,58,276,-218
117000088,246,75,171
117000089,2218,162,2056
117000090,265,501,-236
117000091,1330,92,1238
117000092,406,424,-18
117000093,1866,112,1754
117000094,554,639,-85
117000095,2941,202,2739
117000096,412,714,-302
117000097,1804,450,1354
117000098,1104,1170,-66
117000099,5137,615,4522
117000100,309,141,168
117000101,73,288,-215
117000102,1989,233,1756
117000103,323,569,-246
117000104,1959,162,1797
117000105,286,641,-355
117000106,2043,196,1847
117000107,257,623,-366
117000108,2459,709,1750
117000109,528,1122,-594
117000110,1530,1330,200
117000111,2937,2974,-37
117000112,3127,962,2165
117000113,49,86,-37
117000114,261,68,193
117000115,32,28,4
117000116,170,78,92
117000117,884,660,224
117000118,254,302,-48
117000119,84,317,-233
117000120,11,240,-229
117000121,5,486,-481
117000122,246,826,-580
117000123,655,81,574
117000124,41,67,-26
117000125,16,114,-98
117000126,23,5,18
117000127,182,142,40
117000128,71,211,-140
117000129,106,108,-2
117000130,7,0,7
117000131,0,52,-52
117000132,3349,27,3322
117000133,3959,29,3930
117000134,0,0,0
117000135,0,44,-44
117000136,0,5,-5
117000137,244,71,173
117000138,0,0,0
117000140,271,389,-118
117000141,2144,154,1990
117000181,77,35,42
117000182,913,1116,-203
117000195,93,276,-183
117000196,548,121,427
117000225,2,57,-55
117000226,2,56,-54
117000276,496,32,464
117000277,0,151,-151
117000310,700,2329,-1629
117000315,16,389,-373
117000320,17,0,17
117000906,738,23,715
117000907,0,111,-111
117000908,2,108,-106
117000909,8,64,-56
117000910,230,106,124
117000911,19,77,-58
117000915,4,186,-182
117000916,25,1,24
117000917,1489,17,1472
117000918,105,77,28
117000919,0,26,-26
117000920,1,504,-503
117000921,1,468,-467
117000922,10,22,-12
117000924,832,325,507
117000926,527,117,410
117000927,188,409,-221
117000928,0,14,-14
117000929,346,97,249
117000930,578,9,569
117000931,82,62,20
117900002,32,452,-420
117900003,45,37,8
117900005,1,91,-90
117900006,0,51,-51
117900007,123,61,62
117900008,0,3,-3
117900010,366,107,259
117900011,5,147,-142
117900012,43,18,25
117900013,0,113,-113
117900014,469,129,340
117900015,5,87,-82
117900016,576,855,-279
117900017,602,390,212
117900018,153,201,-48
117900019,761,256,505
117900020,33,127,-94
117900021,29,42,-13
117900022,5,1,4
117900023,664,39,625
117900024,31,41,-10
117900025,6,2,4
117900026,541,93,448
117900028,7,0,7
117900029,264,204,60
117900030,246,303,-57
117900031,126,95,31
117900032,960,299,661
117900033,481,292,189
117900034,7,11,-4
117900035,157,98,59
117900036,306,213,93
117900037,257,55,202
117900038,87,65,22
117900039,0,13,-13
117900040,106,56,50
117900041,1,41,-40
117900042,1106,236,870
117900043,0,21,-21
117900044,33,3344,-3311
117900045,211,49,162
117900048,277,97,180
117900049,283,181,102
117900050,3,127,-124
117900051,21,1,20
117900052,35,700,-665
117900053,2110,128,1982
117900054,0,9,-9
117900055,249,97,152
117900056,24,24,0
117900057,462,439,23
117900058,19,11,8
117900059,37,59,-22
117900060,2415,1059,1356
117900061,3,199,-196
117900063,360,170,190
117900065,152,426,-274
117900066,8,102,-94
117900067,634,76,558
117900069,725,80,645
117900070,14,247,-233
117900071,117,76,41
117900073,730,81,649
117900074,20,109,-89
117900075,170,36,134
117900076,9,48,-39
117900077,514,40,474
117900078,443,299,144
117900080,155,21,134
117900081,162,101,61
117900082,827,245,582
117900083,833,137,696
117900086,185,85,100
117900087,166,12,154
117900088,394,383,11
117900089,2091,435,1656
117900090,371,959,-588
117900091,324,28,296
117900092,236,25,211
117900093,166,1,165
117900094,57,56,1
117900095,467,1181,-714
117900096,129,219,-90
117900097,229,61,168
117900098,178,9,169
117900099,267,567,-300
117900100,573,0,573
117900101,817,2228,-1411
117900102,121,23,98
117900103,88,0,88
117900104,7,149,-142
117900105,76,74,2
117900106,111,18,93
117900107,83,0,83
117900109,1062,547,515
117900110,159,0,159
117900111,756,64,692
117900112,77,3,74
117900113,606,1916,-1310
117900114,47,0,47
117900115,40,76,-36
117900116,525,294,231
117900117,665,208,457
117900118,201,1,200
117900119,441,44,397
117900120,414,25,389
117900121,110,12,98
117900122,296,5152,-4856
117900123,729,251,478
117900124,165,247,-82
117900125,1252,628,624
117900126,71,128,-57
117900127,401,149,252
117900128,401,146,255
117900129,84,0,84
117900130,477,150,327
117900131,0,15,-15
117900132,0,5,-5
117900133,19,28,-9
117900134,42,218,-176
117900135,24,63,-39
117900136,0,3,-3
117900137,6,30,-24
117900138,0,3,-3
117900139,56,16,40
117900140,3594,299,3295
117900141,36,119,-83
117900142,22,223,-201
117900144,4,121,-117
117900145,1,79,-78
117900146,15,262,-247
117900147,99,104,-5
117900148,1108,1868,-760
117900149,60,39,21
117900150,36,27,9
117900151,32,45,-13
117900152,12,56,-44
117900153,21,114,-93
117900154,340,257,83
117900156,369,269,100
117900157,141,103,38
117900158,424,48,376
117900160,994,414,580
117900161,682,466,216
117900162,515,305,210
117900163,24,298,-274
117900165,0,3,-3
117900166,9,81,-72
117900168,158,62,96
117900169,0,28,-28
117900170,0,15,-15
117900171,1,0,1
117900172,3,3,0
117900173,51,17,34
117900174,17,3,14
117900175,2,11,-9
117900176,12,10,2
117900177,10,2,8
117900178,25,7,18
117900180,106,24,82
117900181,11,686,-675
117900182,3,94,-91
117900183,183,169,14
117900184,67,11,56
117900185,69,3,66
117900186,61,4,57
117900187,47,1,46
117900188,104,5,99
117900189,46,28,18
117900190,42,0,42
117900191,74,0,74
117900192,178,0,178
117900193,81,65,16
117900194,19,0,19
117900195,10,27,-17
117900196,10,11,-1
117900207,61,127,-66
117900208,41,28,13
117900209,105,98,7
117900210,62,66,-4
117900211,1,63,-62
117900212,66,76,-10
117900213,42,2,40
117900214,1,7,-6
117900215,51,29,22
117900216,0,10,-10
117900217,50,48,2
117900218,5,51,-46
117900219,0,108,-108
117900220,1,75,-74
117900222,89,72,17
117900223,40,249,-209
118000001,491,968,-477
118000002,477,1066,-589
118000003,992,2243,-1251
118000004,908,1260,-352
118000005,1788,1755,33
118000006,1024,2397,-1373
118000007,3625,6225,-2600
118000008,844,3860,-3016
118000009,1054,2145,-1091
118000010,1593,2426,-833
118000011,1739,659,1080
118000012,619,906,-287
118000013,1027,1270,-243
118000014,938,828,110
118000016,203,129,74
118000017,615,259,356
118000018,176,142,34
118000019,831,1513,-682
118000020,279,1640,-1361
118000021,336,1735,-1399
118000022,725,403,322
118000023,337,230,107
118000024,464,564,-100
118000027,4042,4483,-441
118000029,385,729,-344
118000032,137,1053,-916
118000033,1275,2443,-1168
118000034,1584,1527,57
118000035,1144,1230,-86
118000036,529,532,-3
118000037,346,881,-535
118000038,291,47,244
118000039,68,53,15
118000040,1129,886,243
118000041,1571,1140,431
118000045,90,251,-161
118000046,324,781,-457
118000047,304,1057,-753
118000048,587,1521,-934
118000051,1361,1925,-564
118000052,696,1105,-409
118000053,173,844,-671
118000054,2080,993,1087
118000055,1044,966,78
118000056,141,320,-179
118000057,167,296,-129
118000058,930,2762,-1832
118000059,501,2221,-1720
118000060,714,266,448
118000061,841,728,113
118000062,289,138,151
118000063,216,816,-600
118000064,312,720,-408
118000065,1149,716,433
118000066,737,1879,-1142
118000067,333,431,-98
118000068,359,6180,-5821
118000069,636,771,-135
118000070,2245,1599,646
118000071,1846,6475,-4629
118000072,386,3030,-2644
118000073,316,1537,-1221
118000074,317,739,-422
118000075,497,983,-486
118000076,1073,3735,-2662
118000077,668,544,124
118000078,1449,1625,-176
118000079,61,345,-284
118000080,246,311,-65
118000081,913,961,-48
118000082,127,689,-562
118000083,702,972,-270
118000084,697,1220,-523
118000086,221,339,-118
118000087,1995,1668,327
118000088,1014,768,246
118000089,2128,2166,-38
118000090,729,2083,-1354
118000091,587,2875,-2288
118000092,356,289,67
118000093,57,578,-521
118000096,346,446,-100
118000097,221,329,-108
118000098,162,56,106
118000099,451,131,320
118000101,1374,177,1197
118000102,283,345,-62
118000107,588,135,453
118000108,214,2922,-2708
118000110,0,22,-22
118000111,0,73,-73
118000112,860,0,860
118000113,4,105,-101
118000114,701,1,700
118000115,0,3,-3
118000116,2,0,2
118000117,301,405,-104
118000118,877,782,95
118000119,848,860,-12
118000120,682,484,198
118000121,25,121,-96
118000122,172,93,79
118000123,42,147,-105
118000125,472,529,-57
118000126,443,1438,-995
118000127,629,683,-54
118000128,146,1109,-963
118000129,623,452,171
118000130,1022,1709,-687
118000131,189,335,-146
118000132,2293,1917,376
118000133,1013,514,499
118000135,504,457,47
118000136,48,285,-237
118000137,180,50,130
118000138,354,143,211
118000139,316,72,244
118000140,2236,6236,-4000
118000141,2738,1363,1375
118000142,1949,1017,932
118000143,2547,908,1639
118000144,624,253,371
118000145,666,465,201
118000146,923,282,641
118000147,702,483,219
118000148,723,1265,-542
118000149,600,250,350
118000150,816,100,716
118000151,745,141,604
118000153,1584,475,1109
118000154,1176,1011,165
118000155,2148,756,1392
118000156,1302,2358,-1056
118000157,362,172,190
118000158,129,446,-317
118000159,61,125,-64
118000160,599,307,292
118000161,514,240,274
118000162,962,893,69
118000163,893,881,12
118000164,1563,1418,145
118000168,332,596,-264
118000169,479,492,-13
118000170,1701,1754,-53
118000171,368,323,45
118000172,74,143,-69
118000173,610,1249,-639
118000175,81,153,-72
118000176,242,232,10
118000177,304,264,40
118000178,3,30,-27
118000179,592,429,163
118000180,444,285,159
118000181,498,93,405
118000182,214,110,104
118000183,119,135,-16
118000184,1094,376,718
118000185,220,989,-769
118000186,184,738,-554
118000187,1669,198,1471
118000188,791,20,771
118000189,733,99,634
118000190,2,2,0
118000191,8,7,1
118000192,2,87,-85
118000193,13,169,-156
118000194,821,609,212
118000195,130,971,-841
118000196,19,179,-160
118000197,34,882,-848
118000198,227,1613,-1386
118000199,204,1260,-1056
118000200,24,231,-207
118000201,124,397,-273
118000202,17,96,-79
118000203,62,940,-878
118000204,18,283,-265
118000205,51,111,-60
118000206,161,66,95
118000207,0,37,-37
118000208,1140,1064,76
118000209,1672,573,1099
118000210,171,9,162
118000211,116,44,72
118000213,297,1694,-1397
118000214,128,237,-109
118000215,351,39,312
118000216,3919,838,3081
118000217,4,32,-28
118000218,62,33,29
118000219,183,93,90
118000220,3,16,-13
118000221,587,404,183
118000222,67,1,66
118000223,41,12,29
118000224,115,24,91
118000225,60,256,-196
118000226,1002,59,943
118000227,223,217,6
118000228,4,122,-118
118000229,19,77,-58
118000230,89,82,7
118000231,11,74,-63
118000232,501,159,342
118000233,1079,251,828
118000234,268,45,223
118000236,213,116,97
118000237,115,93,22
118000238,256,45,211
118000239,265,109,156
118000240,77,90,-13
118000241,112,67,45
118000242,415,88,327
118000243,172,96,76
118000244,47,41,6
118000246,0,8,-8
118000255,30,231,-201
118000256,136,183,-47
118000259,5,45,-40
118000260,190,69,121
118000261,29,4,25
118000263,70,87,-17
118000266,52,93,-41
118000267,1,106,-105
118000268,116,2,114
118000270,156,3,153
118000271,220,53,167
118000272,72,5,67
118000273,230,20,210
118000274,40,83,-43
118000276,364,90,274
118000295,18,51,-33
118000298,122,170,-48
118000299,35,83,-48
118000301,0,62,-62
118000302,23,25,-2
118000311,1008,34,974
118000312,310,24,286
118000313,61,46,15
118000314,191,13,178
118000315,40,5,35
118000316,790,139,651
118000325,111,4,107
118000326,37,24,13
118000331,65,4,61
118000332,32,6,26
118000333,60,11,49
118000335,636,2,634
118000336,0,70,-70
118000407,440,55,385
118000457,0,33,-33
118000465,391,1528,-1137
118000480,10,25,-15
118000489,1,438,-437
118000490,5,114,-109
118000492,512,42,470
118000510,11,1,10
118000514,9,147,-138
118000515,398,713,-315
118000517,122,90,32
118000524,137,277,-140
118000525,199,327,-128
118000530,42,86,-44
118000531,362,112,250
118000532,128,143,-15
118000533,132,59,73
118000534,389,180,209
118000535,425,17,408
118000536,68,270,-202
118000537,28,42,-14
118000538,5,33,-28
118000539,4,50,-46
118000540,161,60,101
118000541,49,54,-5
118000542,89,150,-61
118000543,201,122,79
118000546,35,7,28
118000560,423,1376,-953
118000562,55,27,28
118000563,974,616,358
118000576,49,28,21
118000577,91,81,10
118000578,61,26,35
118000579,331,1083,-752
118000595,193,35,158
118000596,0,82,-82
118000597,100,44,56
118000598,17,2,15
118000599,192,5,187
118000600,0,64,-64
118000601,5,0,5
118000602,0,6,-6
118000603,0,1,-1
118900001,283,347,-64
118900002,352,457,-105
118900003,530,2,528
118900004,83,7,76
118900005,32,0,32
118900006,73,0,73
118900007,2,1,1
118900008,489,20,469
118900009,58,120,-62
118900010,77,5,72
118900011,39,6,33
118900012,134,65,69
118900013,228,239,-11
118900015,315,12,303
118900016,11,2,9
118900017,4,65,-61
118900018,658,66,592
118900019,9,12,-3
118900020,4,36,-32
118900021,102,209,-107
118900022,113,14,99
118900023,17,49,-32
118900024,85,42,43
118900025,15,51,-36
118900026,12,12,0
118900027,235,83,152
118900028,175,59,116
118900029,124,131,-7
118900030,773,23,750
118900031,74,13,61
118900032,193,15,178
118900033,248,291,-43
118900034,148,21,127
118900035,106,37,69
118900036,955,235,720
118900037,170,288,-118
118900038,401,52,349
118900039,495,69,426
118900040,178,66,112
118900041,430,145,285
118900042,50,44,6
118900045,95,107,-12
118900046,285,274,11
118900047,213,265,-52
118900048,26,217,-191
118900049,29,5,24
118900050,51,2,49
118900051,27,42,-15
118900052,84,215,-131
118900053,2,27,-25
118900054,95,40,55
118900055,112,35,77
118900056,8,54,-46
118900057,575,278,297
118900058,214,179,35
118900059,0,30,-30
118900060,114,53,61
118900062,91,43,48
118900064,87,333,-246
118900065,15,60,-45
118900066,95,5,90
118900067,1414,3806,-2392
118900068,0,123,-123
118900069,511,46,465
118900071,1,0,1
118900072,104,158,-54
118900073,230,41,189
118900074,99,13,86
118900075,37,9,28
118900076,143,14,129
118900077,276,84,192
118900078,13,3,10
118900079,26,25,1
118900080,49,16,33
118900081,11,12,-1
118900082,1080,85,995
118900083,8,1,7
118900084,3,2,1
118900085,292,116,176
118900086,19,40,-21
118900087,21,380,-359
118900088,0,0,0
118900089,6,8,-2
118900090,176,49,127
118900091,166,98,68
118900092,179,12,167
118900093,3,3,0
118900096,7,2,5
118900097,174,145,29
118900099,44,65,-21
118900100,31,29,2
118900101,175,179,-4
118900102,19,21,-2
118900103,8,68,-60
118900104,199,19,180
118900105,54,17,37
118900107,77,40,37
118900108,44,73,-29
118900110,398,690,-292
118900111,216,102,114
118900112,164,76,88
118900113,67,74,-7
118900114,1,19,-18
118900115,43,196,-153
118900116,69,37,32
118900117,74,52,22
118900118,303,172,131
118900119,61,115,-54
118900120,20,127,-107
118900121,10,252,-242
118900122,2,380,-378
118900123,59,103,-44
118900124,36,25,11
118900126,9,99,-90
118900129,152,50,102
118900130,12,33,-21
118900131,192,109,83
118900132,230,66,164
118900133,1,30,-29
118900135,115,67,48
118900136,184,100,84
118900137,0,14,-14
118900139,130,113,17
118900140,287,201,86
118900141,25,18,7
118900144,100,125,-25
118900145,1,53,-52
118900146,129,171,-42
118900147,14,151,-137
118900148,44,31,13
118900150,20,301,-281
118900152,311,235,76
118900157,5,29,-24
118900158,118,17,101
118900159,1,27,-26
118900161,20,37,-17
118900163,9,18,-9
118900164,0,10,-10
118900165,45,58,-13
118900166,24,0,24
118900167,18,52,-34
118900168,14,33,-19
118900169,112,78,34
118900170,303,8,295
118900171,62,7,55
118900174,40,9,31
118900175,377,101,276
118900176,138,119,19
118900177,169,12,157
118900178,50,45,5
118900179,1,3,-2
118900181,65,16,49
118900182,12,17,-5
118900183,1,66,-65
118900184,112,6,106
118900185,112,13,99
118900186,95,54,41
118900187,92,209,-117
118900188,140,96,44
118900189,9,404,-395
118900190,29,54,-25
118900191,338,12,326
118900192,337,0,337
118900193,1032,4,1028
118900195,125,155,-30
118900196,21,45,-24
118900197,325,1,324
118900198,9,10,-1
118900199,62,9,53
118900200,15,17,-2
118900201,5,15,-10
118900202,0,24,-24
118900203,24,0,24
118900204,11,0,11
118900205,0,14,-14
118900206,0,11,-11
119000001,1293,908,385
119000002,2967,2021,946
119000003,2879,425,2454
119000004,2146,1242,904
119000005,1700,1589,111
119000006,2717,1112,1605
119000007,3426,2656,770
119000008,1163,775,388
119000009,1998,4348,-2350
119000010,2702,3127,-425
119000011,2183,2189,-6
119000012,870,2216,-1346
119000013,3246,2095,1151
119000014,1088,1789,-701
119000019,142,148,-6
119000020,2139,1278,861
119000021,4347,2997,1350
119000022,713,2379,-1666
119000023,169,186,-17
119000024,1378,13008,-11630
119000025,2009,688,1321
119000026,19,698,-679
119000027,72,299,-227
119000028,1152,340,812
119000029,74,128,-54
119000030,496,475,21
119000031,593,428,165
119000032,765,876,-111
119000033,1615,566,1049
119000034,869,269,600
119000035,14,73,-59
119000036,1889,284,1605
119000037,1283,417,866
119000038,170,303,-133
119000039,578,315,263
119000040,278,574,-296
119000041,607,1184,-577
119000048,1276,948,328
119000049,1506,818,688
119000050,585,960,-375
119000051,1377,616,761
119000052,1096,1113,-17
119000053,1616,571,1045
119000054,2081,634,1447
119000055,4215,894,3321
119000056,3309,833,2476
119000057,1027,468,559
119000058,764,527,237
119000059,601,532,69
119000060,1354,346,1008
119000061,478,290,188
119000062,807,405,402
119000063,468,306,162
119000064,221,371,-150
119000065,720,1170,-450
119000066,1429,674,755
119000067,1049,652,397
119000068,1168,310,858
119000069,1404,536,868
119000070,2154,283,1871
119000071,342,200,142
119000072,2138,1169,969
119000073,3008,5224,-2216
119000074,1546,567,979
119000075,3994,1009,2985
119000076,140,371,-231
119000077,517,178,339
119000078,323,192,131
119000079,165,827,-662
119000080,495,88,407
119000081,273,163,110
119000082,532,63,469
119000083,414,186,228
119000084,186,137,49
119000085,665,49,616
119000086,301,196,105
119000087,417,224,193
119000088,298,27,271
119000089,98,80,18
119000090,58,61,-3
119000091,51,197,-146
119000092,126,151,-25
119000093,1827,1160,667
119000094,3750,2556,1194
119000095,1848,1552,296
119000097,656,575,81
119000098,896,3470,-2574
119000099,1044,463,581
119000100,3494,1748,1746
119000101,2162,986,1176
119000102,124,1175,-1051
119000103,585,292,293
119000104,539,285,254
119000105,662,1685,-1023
119000106,321,318,3
119000107,1131,341,790
119000108,490,328,162
119000109,67,148,-81
119000110,143,109,34
119000111,18,313,-295
119000112,111,40,71
119000113,412,105,307
119000114,410,806,-396
119000115,35,121,-86
119000116,18,83,-65
119000117,107,180,-73
119000118,15,2,13
119000123,848,1469,-621
119000124,732,124,608
119000125,3918,308,3610
119000126,855,209,646
119000127,724,97,627
119000128,32,0,32
119000131,907,115,792
119000132,1,0,1
119000133,0,27,-27
119000134,458,360,98
119000135,195,80,115
119000136,297,29,268
119000137,339,98,241
119000138,835,51,784
119000139,81,34,47
119000140,134,102,32
119000284,492,1140,-648
119000285,785,561,224
119000286,2132,1307,825
119000287,955,772,183
119000288,1142,323,819
119000289,660,573,87
119000290,171,145,26
119000291,4,141,-137
119000293,95,204,-109
119000294,36,38,-2
119000295,681,223,458
119000296,286,79,207
119000302,961,883,78
119000303,18,68,-50
119000314,987,9613,-8626
119000315,0,73,-73
119000316,116,28,88
119000317,93,59,34
119900001,79,515,-436
119900002,140,32,108
119900003,1,86,-85
119900004,48,1649,-1601
119900005,193,29,164
119900006,100,193,-93
119900007,324,181,143
119900008,52,49,3
119900009,230,121,109
119900010,460,271,189
119900011,13,320,-307
119900012,1,83,-82
119900013,977,797,180
119900014,278,43,235
119900015,286,24,262
119900016,25,8,17
119900017,43,26,17
119900018,528,1150,-622
119900019,43,13,30
119900020,39,37,2
119900021,32,13,19
119900022,47,838,-791
119900023,203,1793,-1590
119900025,465,15,450
119900026,187,59,128
119900027,4,18,-14
119900028,125,142,-17
119900029,3,0,3
119900030,416,130,286
119900031,33,508,-475
119900033,366,210,156
119900034,604,21,583
119900037,134,14,120
119900038,41,185,-144
119900039,64,12,52
119900040,108,15,93
119900041,98,11,87
119900042,16,52,-36
119900043,116,20,96
119900044,103,578,-475
119900046,175,8,167
119900047,238,144,94
119900048,36,11,25
119900049,132,8,124
119900050,159,81,78
119900051,1136,12,1124
119900052,96,10,86
119900053,249,72,177
119900054,313,13,300
119900055,1041,158,883
119900057,464,39,425
119900058,278,1,277
119900059,52,11,41
119900060,526,26,500
119900062,83,3,80
119900063,6,39,-33
119900064,673,55,618
119900065,254,1,253
119900066,0,0,0
119900067,24,7,17
119900068,722,0,722
119900069,175,3,172
119900070,705,19,686
119900071,925,29,896
119900073,570,63,507
119900074,14,44,-30
119900075,819,1095,-276
119900076,554,131,423
119900077,1217,142,1075
119900078,512,185,327
119900079,565,155,410
119900080,1529,300,1229
119900081,838,403,435
119900082,2040,225,1815
119900083,172,47,125
119900084,156,40,116
119900085,27,14,13
119900087,72,152,-80
119900088,17,38,-21
119900089,2,151,-149
119900090,98,6,92
119900091,17,179,-162
119900092,25,227,-202
119900093,674,102,572
119900094,12,81,-69
119900095,35,23,12
119900096,43,41,2
119900097,20,142,-122
119900098,25,4,21
119900099,22,61,-39
119900100,373,1349,-976
119900101,38,409,-371
119900102,21,47,-26
119900103,45,57,-12
119900104,31,52,-21
119900105,346,793,-447
119900106,7,54,-47
119900107,154,713,-559
119900108,1472,318,1154
119900109,8,74,-66
119900110,318,138,180
119900111,159,48,111
119900112,513,550,-37
119900113,11,78,-67
119900114,242,200,42
119900115,381,169,212
119900116,59,217,-158
119900117,193,165,28
119900118,133,146,-13
119900119,148,55,93
119900120,249,184,65
119900121,444,204,240
119900122,11,61,-50
119900123,38,113,-75
119900124,213,247,-34
119900125,6,47,-41
119900126,1105,118,987
119900127,317,168,149
119900128,237,161,76
119900129,234,70,164
119900130,3,17,-14
119900131,12,53,-41
119900132,18,30,-12
119900133,93,33,60
119900134,262,34,228
119900135,2,75,-73
119900136,48,46,2
119900138,50,106,-56
119900139,10,71,-61
119900140,0,8,-8
119900141,20,545,-525
119900142,8,11,-3
119900143,6,215,-209
119900144,453,58,395
119900145,15,32,-17
119900146,90,47,43
119900147,1,113,-112
119900148,498,7,491
119900149,159,3826,-3667
119900150,73,31,42
119900151,655,508,147
119900152,128,42,86
119900153,223,8,215
119900154,19,55,-36
119900155,34,17,17
119900156,6,0,6
119900157,191,57,134
119900158,153,27,126
119900159,2,340,-338
119900160,13,18,-5
119900161,72,25,47
119900162,933,602,331
119900163,17,69,-52
119900164,0,0,0
119900165,152,39,113
119900166,82,15,67
119900167,2,18,-16
119900168,981,215,766
119900169,24,168,-144
119900170,147,68,79
119900171,401,215,186
119900172,27,3,24
119900173,0,62,-62
119900174,0,11,-11
119900175,1621,120,1501
119900177,3,27,-24
119900178,0,21,-21
119900179,140,884,-744
119900180,837,265,572
119900181,14,42,-28
119900182,1,62,-61
119900183,36,219,-183
119900184,313,178,135
119900185,51,259,-208
119900186,14,1008,-994
119900187,23,85,-62
119900188,87,105,-18
119900189,56,67,-11
119900190,56,206,-150
119900191,58,72,-14
119900192,11,42,-31
119900193,550,77,473
119900194,10,15,-5
119900195,8,59,-51
119900196,133,89,44
119900197,316,47,269
119900198,67,74,-7
119900199,137,16,121
119900200,617,214,403
119900201,147,85,62
119900202,43,161,-118
119900203,61,289,-228
119900204,161,76,85
119900205,883,92,791
119900206,266,68,198
119900208,105,22,83
119900209,508,939,-431
119900210,59,4,55
119900211,39,1,38
119900212,370,164,206
119900213,9,36,-27
119900214,28,30,-2
119900215,84,21,63
119900216,5,7,-2
119900217,3,12,-9
119900218,20,13,7
119900219,7,7,0
119900220,1,11,-10
119900221,26,39,-13
119900222,3,46,-43
119900223,2,7,-5
119900224,0,6,-6
119900225,153,10,143
119900226,104,1323,-1219
119900227,271,79,192
119900228,12,225,-213
119900229,44,111,-67
119900230,418,98,320
119900231,307,37,270
119900232,132,25,107
119900233,124,8,116
119900234,1,61,-60
119900235,11,31,-20
119900236,13,24,-11
119900237,28,175,-147
119900238,2,22,-20
119900240,84,36,48
119900241,139,91,48
119900242,833,496,337
119900244,245,438,-193
119900245,90,53,37
119900246,113,156,-43
119900247,10,5,5
119900248,23,249,-226
119900249,264,23,241
119900253,539,381,158
119900254,55,723,-668
119900255,39,208,-169
119900256,1004,176,828
119900257,170,1,169
119900258,255,18,237
119900259,3,14,-11
119900260,310,2,308
119900261,194,33,161
119900262,0,66,-66
119900263,718,77,641
119900264,98,45,53
119900265,394,81,313
119900266,404,51,353
119900267,73,133,-60
119900268,88,23,65
119900269,744,225,519
119900271,9,9,0
119900272,44,39,5
119900275,61,1,60
119900276,51,0,51
119900277,7,0,7
119900278,235,50,185
119900279,41,181,-140
119900280,353,31,322
119900281,0,172,-172
119900282,16,43,-27
119900283,14,38,-24
119900284,8,55,-47
119900285,25,284,-259
119900286,43,54,-11
119900288,1,2,-1
119900289,12,1,11
119900290,0,1,-1
119900291,0,9,-9
119900292,4,50,-46
119900293,11,8,3
119900294,19,0,19
119900295,32,0,32
119900296,98,22,76
119900299,27,49,-22
119900300,311,102,209
119900301,28,102,-74
119900302,10,75,-65
119900303,345,163,182
119900304,190,1,189
119900305,0,10,-10
119900306,5,10,-5
119900307,74,34,40
119900308,1,1,0
119900309,35,209,-174
119900310,111,49,62
119900311,142,21,121
119900312,146,7,139
119900313,72,111,-39
119900314,200,243,-43
119900315,2134,580,1554
119900318,22,62,-40
119900319,0,80,-80
119900320,211,157,54
119900321,175,7,168
119900322,7,16,-9
119900323,0,35,-35
119900324,0,18,-18
119900325,1,69,-68
119900326,0,3,-3
120000001,5390,17298,-11908
120000002,2081,1065,1016
120000003,1341,628,713
120000004,1502,695,807
120000005,1726,596,1130
120000006,833,421,412
120000007,1604,2482,-878
120000008,491,530,-39
120000009,1021,591,430
120000010,1493,1242,251
120000011,659,617,42
120000012,1410,911,499
120000013,2693,1598,1095
120000014,558,683,-125
120000015,1954,842,1112
120000016,3139,1683,1456
120000017,3004,2340,664
120000018,2183,12036,-9853
120000019,779,772,7
120000020,1465,2293,-828
120000021,1340,978,362
120000022,2767,3666,-899
120000023,1287,1080,207
120000024,974,1223,-249
120000025,2437,954,1483
120000026,3009,1415,1594
120000027,1992,1405,587
120000028,601,703,-102
120000029,605,904,-299
120000030,114,444,-330
120000031,1072,3150,-2078
120000032,2570,1095,1475
120000033,2880,461,2419
120000034,2601,410,2191
120000035,2883,464,2419
120000036,2236,2879,-643
120000037,495,1524,-1029
120000038,1713,1505,208
120000039,278,925,-647
120000040,30,1782,-1752
120000041,399,648,-249
120000042,1563,781,782
120000043,3966,630,3336
120000044,5872,1250,4622
120000045,6767,486,6281
120000046,5268,3166,2102
120000047,341,4266,-3925
120000048,4080,2049,2031
120000049,3172,1403,1769
120000050,2180,1663,517
120000051,1591,2554,-963
120000052,4450,683,3767
120000053,904,1243,-339
120000054,802,1798,-996
120000055,918,1498,-580
120000056,2838,1994,844
120000057,2474,580,1894
120000058,983,669,314
120000059,32,1785,-1753
120000061,8,308,-300
120000062,67,233,-166
120000063,350,1084,-734
120000064,274,515,-241
120000065,317,594,-277
120000066,151,211,-60
120000067,27,264,-237
120000068,145,262,-117
120000069,568,205,363
120000070,150,279,-129
120000071,999,46,953
120000072,1266,307,959
120000073,1068,63,1005
120000074,122,44,78
120000075,1246,119,1127
120000076,2509,259,2250
120000077,2374,209,2165
120000078,1936,513,1423
120000079,318,117,201
120000080,54,142,-88
120000081,333,60,273
120000082,415,112,303
120000083,20,713,-693
120000084,214,194,20
120000085,134,261,-127
120000086,91,185,-94
120000087,143,195,-52
120000088,541,399,142
120000089,812,235,577
120000090,531,187,344
120000091,1264,288,976
120000092,976,175,801
120000093,911,234,677
120000094,372,370,2
120000095,501,157,344
120000096,226,209,17
120000098,482,307,175
120000099,134,345,-211
120000100,531,276,255
120000101,436,148,288
120000102,516,933,-417
120000103,1067,668,399
120000104,2099,157,1942
120000105,2565,121,2444
120000106,3053,143,2910
120000107,5252,144,5108
120000108,1892,52,1840
120000109,932,52,880
120000110,20,370,-350
120000111,61,420,-359
120000112,219,928,-709
120000113,162,772,-610
120000114,172,477,-305
120000115,156,558,-402
120000116,170,602,-432
120000117,375,499,-124
120000118,28,6,22
120000119,5,21,-16
120000120,123,71,52
120000121,7,14,-7
120000122,85,479,-394
120000123,1463,8083,-6620
120000124,378,203,175
120000125,606,358,248
120000126,218,462,-244
120000127,359,270,89
120000128,1148,1538,-390
120000129,104,111,-7
120000130,481,183,298
120000131,437,147,290
120000134,238,110,128
120000135,1021,474,547
120000137,250,95,155
120000138,1477,117,1360
120000139,184,101,83
120000140,1583,66,1517
120000141,291,218,73
120000142,813,283,530
120000143,0,41,-41
120000144,113,3,110
120000145,646,0,646
120000146,466,743,-277
120000149,272,249,23
120000150,662,8346,-7684
120000151,383,149,234
120000152,1260,74,1186
120000153,627,145,482
120000154,323,346,-23
120000155,180,227,-47
120000156,225,1464,-1239
120000157,901,203,698
120000158,562,178,384
120000159,1055,747,308
120000160,1592,1404,188
120000161,2983,1865,1118
120000162,151,234,-83
120000163,691,183,508
120000164,645,65,580
120000165,966,167,799
120000166,1904,211,1693
120000167,36,71,-35
120000168,4,169,-165
120000169,5,635,-630
120000170,16,443,-427
120000171,2,191,-189
120000172,9,216,-207
120000173,150,217,-67
120000174,34,16,18
120000175,24,32,-8
120000176,30,25,5
120000177,293,62,231
120000178,49,22,27
120000179,35,33,2
120000180,47,61,-14
120000181,13,511,-498
120000182,26,361,-335
120000183,2,215,-213
120000184,34,551,-517
120000186,8,249,-241
120000187,26,81,-55
120000188,22,77,-55
120000190,133,33,100
120000191,140,29,111
120000192,86,19,67
120000193,46,4,42
120000195,6,1,5
120000196,62,4,58
120000197,16,38,-22
120000198,277,5,272
120000199,322,1,321
120000200,283,3,280
120000201,58,68,-10
120000202,3,37,-34
120000203,81,28,53
120000207,3,18,-15
120000208,1,28,-27
120000209,1,12,-11
120000210,14,22,-8
120000211,212,4,208
120000212,356,2,354
120000213,211,63,148
120000214,1,34,-33
120000215,0,20,-20
120000216,168,18,150
120000217,203,254,-51
120000218,25,263,-238
120000219,1,241,-240
120000220,0,656,-656
120000225,2858,0,2858
120000226,477,14,463
120000227,1077,113,964
120000228,5122,3311,1811
120000230,462,34,428
120000231,1428,394,1034
120000233,602,15,587
120000235,104,171,-67
120000236,1719,4,1715
120000237,0,298,-298
120000238,3,202,-199
120000241,1243,2879,-1636
120000412,206,16,190
120000413,483,55,428
120000414,225,1,224
120000415,1,10,-9
120000416,163,2,161
120000417,2,51,-49
120000418,446,4,442
120000419,1,32,-31
120000420,21,5,16
120000421,4564,2776,1788
120000422,80,1616,-1536
120000423,2,61,-59
120000424,83,8,75
120000436,77,1139,-1062
120000437,20,44,-24
120000438,724,155,569
120000439,116,423,-307
120000443,131,0,131
120000444,1606,194,1412
120000445,1364,812,552
120000446,273,88,185
120000447,512,6,506
120000449,244,6,238
120000450,2,49,-47
120000451,103,98,5
120000452,201,4,197
120000453,0,19,-19
120000454,13,35,-22
120000455,70,24,46
120000456,787,2997,-2210
120000457,432,216,216
120000458,196,167,29
120000459,215,16,199
120000665,133,219,-86
120000668,45,701,-656
120000669,130,77,53
120000670,61,395,-334
120000671,1306,502,804
120000672,14,160,-146
120900001,128,19,109
120900002,96,115,-19
120900003,60,10,50
120900004,5,78,-73
120900005,91,190,-99
120900006,570,64,506
120900007,58,47,11
120900008,556,295,261
120900009,90,8,82
120900010,803,98,705
120900011,10,131,-121
120900012,33,1153,-1120
120900013,363,71,292
120900014,0,102,-102
120900015,1136,58,1078
120900016,1701,20,1681
120900017,778,37,741
120900018,147,114,33
120900019,337,217,120
120900020,277,423,-146
120900021,544,64,480
120900022,10,46,-36
120900023,639,40,599
120900024,708,160,548
120900025,547,358,189
120900026,68,68,0
120900027,211,15,196
120900028,713,149,564
120900029,14,926,-912
120900030,1956,263,1693
120900031,477,91,386
120900032,1907,112,1795
120900033,1310,43,1267
120900034,13,1739,-1726
120900035,52,53,-1
120900037,347,3,344
120900038,85,653,-568
120900039,102,43,59
120900040,502,3,499
120900041,2,5,-3
120900042,547,38,509
120900043,81,11,70
120900044,6,192,-186
120900045,41,32,9
120900046,775,4,771
120900047,127,283,-156
120900048,138,29,109
120900049,832,10,822
120900050,450,2355,-1905
120900051,312,85,227
120900052,1336,1,1335
120900053,541,34,507
120900054,342,82,260
120900055,732,5,727
120900056,825,16,809
120900057,267,27,240
120900058,964,1,963
120900059,110,3,107
120900060,72,17,55
120900061,122,28,94
120900062,372,4,368
120900063,986,7,979
120900064,928,2,926
120900065,1090,2,1088
120900066,810,128,682
120900067,214,34,180
120900068,525,2,523
120900069,378,8,370
120900071,27,4,23
120900072,1106,4,1102
120900073,1014,51,963
120900074,946,22,924
120900076,469,0,469
120900077,769,289,480
120900078,869,160,709
120900079,1116,46,1070
120900080,1453,321,1132
120900081,2029,278,1751
120900082,256,158,98
120900083,182,10,172
120900084,353,408,-55
120900085,3,36,-33
120900086,32,455,-423
120900087,527,155,372
120900088,115,779,-664
120900089,1087,3595,-2508
120900090,227,26,201
120900091,171,657,-486
120900092,70,139,-69
120900093,851,78,773
120900094,98,60,38
120900095,149,5,144
120900096,41,113,-72
120900097,267,240,27
120900098,112,75,37
120900099,9,11,-2
120900100,22,45,-23
120900101,21,76,-55
120900102,15,19,-4
120900103,87,88,-1
120900104,1,13,-12
120900105,2,156,-154
120900106,274,93,181
120900107,128,75,53
120900108,3,176,-173
120900109,19,166,-147
120900110,3,81,-78
120900111,64,76,-12
120900112,33,221,-188
120900113,8,175,-167
120900114,44,55,-11
120900115,76,160,-84
120900116,615,104,511
120900117,2,99,-97
120900118,13,247,-234
120900119,2657,1200,1457
120900120,17,153,-136
120900121,14,148,-134
120900122,969,217,752
120900123,1,89,-88
120900124,12,181,-169
120900125,1,217,-216
120900126,161,167,-6
120900127,1,104,-103
120900128,119,314,-195
120900129,4,85,-81
120900130,57,159,-102
120900131,24,63,-39
120900132,1348,72,1276
120900133,34,206,-172
120900134,35,177,-142
120900135,2,208,-206
120900136,47,71,-24
120900137,438,24,414
120900138,2,111,-109
120900139,0,152,-152
120900140,1,95,-94
120900141,340,80,260
120900142,15,130,-115
120900143,1,202,-201
120900144,0,50,-50
120900145,102,299,-197
120900146,0,130,-130
120900147,3,2,1
120900148,70,35,35
120900149,0,67,-67
120900150,62,93,-31
120900151,0,67,-67
120900152,1,2,-1
120900153,19,1,18
120900154,3,59,-56
120900155,165,203,-38
120900156,94,49,45
120900157,0,6,-6
120900158,6,141,-135
120900159,0,47,-47
120900160,2,247,-245
120900161,9,386,-377
120900162,8,226,-218
120900163,17,247,-230
120900164,0,32,-32
120900165,0,58,-58
120900166,12,424,-412
120900167,36,34,2
120900169,91,181,-90
120900170,223,4190,-3967
120900171,296,53,243
120900172,83,412,-329
120900173,1,6,-5
120900174,2,67,-65
120900175,29,24,5
120900176,4,345,-341
120900177,1,1359,-1358
120900178,1,832,-831
120900179,82,70,12
120900180,28,159,-131
120900181,7,5,2
120900182,4,45,-41
120900183,425,79,346
120900184,37,33,4
120900185,106,638,-532
120900186,0,127,-127
120900187,508,229,279
120900188,313,27,286
120900189,30,2347,-2317
120900190,156,35,121
120900191,36,2,34
120900192,3355,10901,-7546
120900194,63,10,53
120900195,47,86,-39
120900196,171,5,166
120900197,776,26,750
120900198,65,253,-188
120900199,167,616,-449
120900200,12,53,-41
120900201,159,47,112
120900202,0,49,-49
120900203,37,9,28
120900204,53,57,-4
120900205,37,16,21
120900206,49,33,16
121000001,559,723,-164
121000002,1142,1436,-294
121000003,3274,1585,1689
121000004,1141,2257,-1116
121000005,1822,2492,-670
121000006,1250,2138,-888
121000007,1439,2778,-1339
121000008,2083,3124,-1041
121000009,3069,4366,-1297
121000010,2828,3051,-223
121000011,3463,4643,-1180
121000012,6299,2965,3334
121000013,3494,3431,63
121000014,3187,2036,1151
121000015,3105,4572,-1467
121000016,2061,1605,456
121000017,1521,1642,-121
121000018,2083,1112,971
121000019,3600,4669,-1069
121000020,5370,9656,-4286
121000021,910,917,-7
121000022,1254,2122,-868
121000023,1266,493,773
121000024,2905,3026,-121
121000025,152,711,-559
121000026,85,68,17
121000027,882,750,132
121000028,376,471,-95
121000029,361,364,-3
121000030,325,334,-9
121000031,224,276,-52
121000032,117,99,18
121000034,90,202,-112
121000035,69,144,-75
121000036,529,524,5
121000037,241,802,-561
121000038,219,678,-459
121000039,73,247,-174
121000041,163,284,-121
121000042,93,211,-118
121000043,223,623,-400
121000044,534,475,59
121000045,231,260,-29
121000046,422,585,-163
121000047,37,66,-29
121000049,555,721,-166
121000050,97,1412,-1315
121000051,497,112,385
121000052,265,1057,-792
121000053,127,125,2
121000054,11,259,-248
121000055,414,778,-364
121000056,680,994,-314
121000057,50,152,-102
121000058,124,58,66
121000059,2372,650,1722
121000060,558,790,-232
121000061,12,369,-357
121000062,58,301,-243
121000063,658,1101,-443
121000064,461,616,-155
121000065,148,332,-184
121000066,283,352,-69
121000067,243,289,-46
121000068,207,496,-289
121000069,101,1055,-954
121000070,589,565,24
121000071,973,1180,-207
121000072,536,290,246
121000073,523,835,-312
121000074,42,102,-60
121000075,15,54,-39
121000076,249,118,131
121000077,85,81,4
121000078,43,202,-159
121000080,671,313,358
121000081,989,2313,-1324
121000082,78,168,-90
121000083,56,59,-3
121000084,92,149,-57
121000085,156,216,-60
121000086,354,342,12
121000087,27,174,-147
121000088,364,253,111
121000089,119,316,-197
121000090,165,269,-104
121000091,564,616,-52
121000092,153,20,133
121000093,189,92,97
121000094,203,401,-198
121000095,110,506,-396
121000096,3106,777,2329
121000097,307,997,-690
121000098,161,257,-96
121000099,418,231,187
121000100,722,170,552
121000101,153,56,97
121000102,201,48,153
121000103,114,88,26
121000104,224,48,176
121000105,158,56,102
121000106,98,85,13
121000107,964,1461,-497
121000109,712,863,-151
121000110,167,460,-293
121000114,1770,1235,535
121000115,540,289,251
121000116,165,209,-44
121000117,290,69,221
121000118,1211,56,1155
121000119,279,239,40
121000120,192,452,-260
121000121,443,1700,-1257
121000123,242,112,130
121000126,25,351,-326
121000127,89,175,-86
121000128,881,163,718
121000129,870,208,662
121000130,321,1097,-776
121000131,620,599,21
121000132,168,631,-463
121000135,170,478,-308
121000136,386,1222,-836
121000137,239,288,-49
121000138,220,2604,-2384
121000139,46,496,-450
121000141,211,126,85
121000142,203,400,-197
121000143,21,19,2
121000144,218,871,-653
121000145,322,355,-33
121000146,682,576,106
121000147,762,288,474
121000148,401,230,171
121000149,1226,752,474
121000152,116,179,-63
121000153,1058,294,764
121000154,725,272,453
121000155,1332,494,838
121000156,294,430,-136
121000157,405,530,-125
121000158,195,192,3
121000159,142,173,-31
121000160,232,141,91
121000161,145,254,-109
121000162,96,77,19
121000165,503,1549,-1046
121000166,23,294,-271
121000168,330,247,83
121000169,11,77,-66
121000170,125,13,112
121000171,62,51,11
121000172,600,481,119
121000173,1133,998,135
121000174,513,546,-33
121000175,1009,172,837
121000176,269,212,57
121000177,424,313,111
121000178,83,34,49
121000179,66,39,27
121000181,160,255,-95
121000182,210,418,-208
121000183,34,472,-438
121000184,42,384,-342
121000185,35,478,-443
121000186,227,578,-351
121000187,206,56,150
121000188,278,32,246
121000192,360,284,76
121000193,342,111,231
121000194,980,1302,-322
121000195,206,569,-363
121000196,300,177,123
121000197,68,248,-180
121000198,61,158,-97
121000199,203,158,45
121000200,502,106,396
121000201,13,203,-190
121000202,621,77,544
121000203,492,522,-30
121000204,2727,360,2367
121000205,207,313,-106
121000206,46,147,-101
121000207,1872,833,1039
121000208,15,269,-254
121000209,1029,77,952
121000210,776,214,562
121000211,257,41,216
121000212,363,324,39
121000213,5485,1667,3818
121000214,496,1421,-925
121000215,659,631,28
121000216,211,512,-301
121000217,2122,2421,-299
121000218,351,885,-534
121000219,931,365,566
121000220,138,39,99
121000221,379,457,-78
121000222,3805,2361,1444
121000223,180,434,-254
121000224,58,313,-255
121000225,266,5197,-4931
121000226,666,1722,-1056
121000227,19,136,-117
121000228,48,245,-197
121000229,124,278,-154
121000230,106,834,-728
121000231,1459,52,1407
121000232,188,130,58
121000233,654,228,426
121000234,3,85,-82
121000235,37,100,-63
121000236,2,48,-46
121000237,10,11,-1
121000238,0,48,-48
121000239,82,16,66
121000240,1,116,-115
121000241,91,8,83
121000242,6,120,-114
121000243,150,14,136
121000244,3,99,-96
121000245,25,1,24
121000246,0,86,-86
121000247,152,2,150
121000248,255,312,-57
121000249,91,140,-49
121000250,617,629,-12
121000251,15,161,-146
121000252,124,82,42
121000253,203,496,-293
121000254,802,355,447
121000255,87,385,-298
121000256,228,380,-152
121000257,17,217,-200
121000258,24,286,-262
121000259,5,110,-105
121000260,9,67,-58
121000261,43,301,-258
121000262,556,336,220
121000263,253,281,-28
121000271,215,735,-520
121000273,21,3,18
121000274,6,249,-243
121000275,0,1,-1
121000276,2,135,-133
121000278,42,22,20
121000279,6,64,-58
121000280,6,176,-170
121000289,261,46,215
121000290,433,718,-285
121000294,305,75,230
121000297,135,726,-591
121000299,94,1080,-986
121000300,676,378,298
121000302,7,362,-355
121000303,256,116,140
121000304,365,27,338
121000305,185,30,155
121000306,143,82,61
121000308,83,101,-18
121000309,162,200,-38
121000310,120,69,51
121000311,39,155,-116
121000312,414,274,140
121000313,103,140,-37
121000314,1,17,-16
121000315,5,33,-28
121000530,1552,716,836
121000531,1403,799,604
121000532,3029,4250,-1221
121000533,2469,1604,865
121000918,32,119,-87
121000919,6,63,-57
121000938,42,108,-66
121000939,22,129,-107
121000956,1589,917,672
121000957,15,22,-7
121000958,4,69,-65
121000959,1059,312,747
121000960,1256,597,659
121000961,339,29,310
121000962,221,187,34
121000973,1,230,-229
121000976,0,25,-25
121000979,161,141,20
121000981,292,40,252
121000982,418,203,215
121000983,282,72,210
121000984,0,25,-25
121000985,861,343,518
121000986,805,254,551
121000987,103,363,-260
121000988,1013,70,943
121001302,95,45,50
121001308,0,15,-15
121001309,11,287,-276
121001313,211,209,2
121001314,648,1439,-791
121001315,3523,2225,1298
121900001,92,300,-208
121900002,36,1,35
121900003,162,3,159
121900004,29,235,-206
121900005,8,3,5
121900006,77,2,75
121900007,2035,705,1330
121900008,42,52,-10
121900009,750,73,677
121900010,130,1,129
121900011,142,123,19
121900012,10,0,10
121900013,28,28,0
121900014,699,174,525
121900015,157,68,89
121900016,2,7,-5
121900017,180,414,-234
121900018,237,1,236
121900019,246,73,173
121900020,17,2,15
121900021,807,9,798
121900022,86,50,36
121900023,137,290,-153
121900024,92,39,53
121900025,372,56,316
121900026,76,24,52
121900027,195,216,-21
121900028,106,6,100
121900029,49,339,-290
121900030,144,190,-46
121900031,250,3808,-3558
121900032,71,13,58
121900033,59,75,-16
121900034,166,87,79
121900035,1524,940,584
121900036,49,149,-100
121900037,79,1379,-1300
121900038,15,21,-6
121900039,122,6,116
121900040,20,22,-2
121900041,41,210,-169
121900042,316,108,208
121900043,0,3,-3
121900044,14,54,-40
121900046,40,49,-9
121900047,38,43,-5
121900048,39,35,4
121900050,37,12,25
121900051,106,184,-78
121900052,52,26,26
121900053,349,196,153
121900054,133,403,-270
121900055,4,33,-29
121900058,184,31,153
121900059,119,43,76
121900060,69,200,-131
121900061,67,1255,-1188
121900062,128,74,54
121900063,1108,216,892
121900064,214,244,-30
121900066,21,30,-9
121900067,6,6,0
121900069,91,76,15
121900070,54,190,-136
121900071,448,106,342
121900072,19,26,-7
121900073,47,109,-62
121900074,152,251,-99
121900075,117,540,-423
121900076,216,203,13
121900077,2,4,-2
121900078,62,58,4
121900079,0,0,0
121900080,330,122,208
121900082,76,23,53
121900084,25,11,14
121900085,0,2,-2
121900086,6,15,-9
121900087,31,73,-42
121900088,491,642,-151
121900089,144,134,10
121900090,15,14,1
121900091,26,5,21
121900092,147,67,80
121900093,40,47,-7
121900094,2,6,-4
121900095,146,68,78
121900096,444,319,125
121900097,253,65,188
121900098,1,0,1
121900099,161,17,144
121900100,3,57,-54
121900101,65,22,43
121900102,2,18,-16
121900103,201,141,60
121900104,949,185,764
121900105,66,58,8
121900106,4,2,2
121900107,60,15,45
121900108,0,1,-1
121900109,107,68,39
121900110,358,133,225
121900111,94,111,-17
121900112,36,35,1
121900113,21,139,-118
121900114,21,2,19
121900117,15,20,-5
121900118,387,125,262
121900119,178,17,161
121900120,20,230,-210
121900121,46,8,38
121900122,41,40,1
121900123,71,85,-14
121900124,32,42,-10
121900125,781,330,451
121900127,17,60,-43
121900128,29,3,26
121900129,138,62,76
121900130,23,1691,-1668
121900131,105,9,96
121900132,14,18,-4
121900133,2,271,-269
121900134,2,295,-293
121900135,4385,456,3929
121900136,42,57,-15
121900137,5,101,-96
121900138,35,101,-66
121900139,187,737,-550
121900140,15,3,12
121900141,42,9,33
121900142,23,1,22
121900143,8,43,-35
121900144,77,92,-15
121900145,112,160,-48
121900146,98,67,31
121900147,5,43,-38
121900148,33,67,-34
121900149,62,39,23
121900150,42,26,16
121900151,15,42,-27
121900152,53,7,46
121900153,1,138,-137
121900154,0,19,-19
121900155,0,43,-43
121900156,9,6,3
121900157,2,22,-20
121900158,9,2,7
121900159,0,20,-20
121900160,13,35,-22
121900161,39,74,-35
121900162,4,22,-18
121900163,194,73,121
121900164,108,86,22
121900165,70,42,28
121900166,173,45,128
121900167,58,11,47
121900168,40,22,18
121900169,1,0,1
121900170,6,41,-35
121900171,517,159,358
121900172,115,72,43
121900173,235,143,92
121900174,92,6,86
121900175,26,108,-82
121900176,287,586,-299
121900177,29,27,2
121900178,40,2,38
121900179,137,252,-115
121900180,674,4573,-3899
121900182,392,238,154
121900183,137,1192,-1055
121900184,32,699,-667
121900186,4,248,-244
121900187,4,50,-46
121900188,305,30,275
121900189,8,20,-12
121900190,59,243,-184
121900191,67,162,-95
121900192,100,475,-375
121900193,3,117,-114
121900194,1,102,-101
121900195,24,35,-11
121900196,110,541,-431
121900197,179,367,-188
121900198,2629,756,1873
121900199,2,30,-28
121900200,7,45,-38
121900201,281,273,8
121900202,28,308,-280
121900203,23,454,-431
121900204,232,528,-296
121900205,3,31,-28
121900206,2,44,-42
121900207,7,10,-3
121900208,25,194,-169
121900209,32,49,-17
121900210,904,536,368
121900211,9,32,-23
121900212,8,41,-33
121900213,178,11,167
121900214,0,199,-199
121900215,9,83,-74
121900216,8,127,-119
121900217,58,165,-107
121900218,82,254,-172
121900220,61,3,58
121900221,162,179,-17
121900222,166,5,161
121900223,50,35,15
121900224,37,24,13
121900225,37,102,-65
121900226,89,12,77
121900227,111,288,-177
121900228,49,53,-4
121900230,35,157,-122
121900231,42,163,-121
121900232,53,122,-69
121900233,40,37,3
121900234,145,36,109
121900235,315,46,269
121900236,156,17,139
121900237,23,68,-45
121900238,34,106,-72
121900239,94,17,77
121900240,101,57,44
121900241,8,11,-3
121900242,0,0,0
121900243,0,0,0
121900244,1,0,1
121900245,91,19,72
121900246,1928,99,1829
121900247,195,75,120
121900248,347,281,66
121900250,96,244,-148
121900251,219,31,188
121900252,112,59,53
121900253,28,365,-337
121900254,43,235,-192
121900255,280,40,240
121900258,2576,1043,1533
121900259,112,134,-22
121900260,102,10,92
121900261,13,165,-152
121900262,61,171,-110
121900263,48,73,-25
121900264,252,226,26
121900265,115,64,51
121900266,286,67,219
121900267,25,16,9
121900269,106,344,-238
121900270,64,122,-58
121900271,3,87,-84
121900273,220,1228,-1008
121900274,269,84,185
121900277,99,222,-123
121900278,85,337,-252
121900279,61,74,-13
121900280,17,145,-128
121900281,36,145,-109
121900284,14,11,3
121900286,113,52,61
121900287,9,39,-30
121900288,0,1,-1
121900290,26,216,-190
121900291,242,213,29
121900292,67,58,9
121900293,372,1243,-871
121900294,93,4,89
121900295,43,16,27
121900296,90,129,-39
121900298,62,534,-472
121900299,0,66,-66
121900300,22,8,14
121900301,22,0,22
121900302,1,53,-52
121900303,29,93,-64
121900304,1,5,-4
121900305,0,1,-1
121900306,199,1,198
121900307,161,3,158
121900308,5,42,-37
121900309,0,16,-16
121900310,4,84,-80
121900311,320,6,314
121900312,262,3,259
121900313,275,9,266
121900314,0,5,-5
121900315,8,0,8
121900316,0,0,0
121900317,23,1,22
121900318,0,0,0
121900319,63,108,-45
121900320,0,0,0
121900321,34,0,34
121900322,0,0,0
121900323,13,28,-15
121900324,0,0,0
121900325,1,0,1
121900326,0,0,0
121900327,0,9,-9
121900328,0,0,0
121900329,0,8,-8
121900330,0,59,-59
121900331,6,78,-72
121900332,32,20,12
121900333,11,1,10
122000001,499,1367,-868
122000002,1370,343,1027
122000003,467,792,-325
122000004,754,544,210
122000005,1853,1822,31
122000006,383,712,-329
122000007,296,719,-423
122000008,447,1099,-652
122000009,136,136,0
122000010,1324,1482,-158
122000011,1053,655,398
122000012,350,683,-333
122000013,196,885,-689
122000014,1991,539,1452
122000015,574,477,97
122000016,265,399,-134
122000017,395,805,-410
122000018,1047,737,310
122000019,450,1027,-577
122000020,153,272,-119
122000021,80,201,-121
122000022,344,517,-173
122000023,206,570,-364
122000024,249,749,-500
122000025,371,581,-210
122000026,264,483,-219
122000027,268,379,-111
122000028,537,460,77
122000029,119,272,-153
122000030,84,20,64
122000031,80,512,-432
122000032,942,741,201
122000033,174,704,-530
122000034,151,506,-355
122000035,86,238,-152
122000036,191,198,-7
122000037,178,131,47
122000038,106,206,-100
122000039,266,154,112
122000040,180,76,104
122000041,271,652,-381
122000042,328,610,-282
122000043,89,51,38
122000044,75,80,-5
122000045,421,283,138
122000046,572,344,228
122000047,33,36,-3
122000048,1405,2236,-831
122000049,2853,1494,1359
122000050,333,482,-149
122000051,133,502,-369
122000052,248,418,-170
122000053,188,1432,-1244
122000054,1266,906,360
122000055,1454,2143,-689
122000056,1645,1132,513
122000057,1153,1786,-633
122000058,338,793,-455
122000059,381,1009,-628
122000060,214,263,-49
122000061,144,139,5
122000062,403,170,233
122000063,158,495,-337
122000064,1603,3123,-1520
122000065,1299,1439,-140
122000066,345,557,-212
122000067,484,1235,-751
122000068,1101,837,264
122000069,487,319,168
122000070,462,724,-262
122000071,1401,737,664
122000072,232,171,61
122000073,57,347,-290
122000074,1148,832,316
122000075,508,452,56
122000076,1460,615,845
122000077,347,772,-425
122000078,356,935,-579
122000079,154,1143,-989
122000080,170,205,-35
122000081,66,110,-44
122000082,154,606,-452
122000083,1805,785,1020
122000084,1515,557,958
122000085,57,219,-162
122000086,1237,3667,-2430
122000087,131,304,-173
122000088,143,269,-126
122000089,2044,1367,677
122000090,151,563,-412
122000091,98,299,-201
122000092,49,33,16
122000093,785,1992,-1207
122000094,2845,1568,1277
122000095,380,1882,-1502
122000096,347,1124,-777
122000098,1396,2481,-1085
122000099,207,874,-667
122000100,427,256,171
122000101,161,231,-70
122000102,864,607,257
122000103,529,882,-353
122000104,336,151,185
122000105,164,187,-23
122000106,247,509,-262
122000107,704,318,386
122000108,198,338,-140
122000109,184,161,23
122000110,144,331,-187
122000111,1048,745,303
122000112,667,857,-190
122000113,232,224,8
122000114,650,1665,-1015
122000115,946,1177,-231
122000116,145,318,-173
122000117,294,165,129
122000118,565,145,420
122000119,541,358,183
122000120,421,606,-185
122000121,567,563,4
122000122,193,457,-264
122000123,441,910,-469
122000124,269,180,89
122000125,72,392,-320
122000126,104,293,-189
122000127,213,179,34
122000128,308,198,110
122000129,108,1113,-1005
122000130,1050,342,708
122000131,367,137,230
122000132,203,69,134
122000133,554,313,241
122000134,623,575,48
122000135,315,183,132
122000136,342,223,119
122000137,1168,338,830
122000139,409,1463,-1054
122000140,84,482,-398
122000141,1778,628,1150
122000142,76,466,-390
122000143,248,131,117
122000144,1082,264,818
122000145,385,330,55
122000146,209,1050,-841
122000147,247,231,16
122000148,285,479,-194
122000149,831,289,542
122000150,848,357,491
122000151,23,79,-56
122000152,137,79,58
122000153,235,101,134
122000154,85,60,25
122000155,522,969,-447
122000156,2314,1935,379
122000157,407,2379,-1972
122000158,193,306,-113
122000159,696,349,347
122000160,1276,517,759
122000161,484,383,101
122000162,264,567,-303
122000163,99,50,49
122000164,10,76,-66
122000165,273,653,-380
122000166,253,1435,-1182
122000167,100,277,-177
122000168,98,883,-785
122000169,215,82,133
122000170,139,98,41
122000171,23,50,-27
122000172,1134,935,199
122000173,1037,1465,-428
122000174,476,1328,-852
122000175,287,79,208
122000176,164,1321,-1157
122000177,591,1099,-508
122000178,2379,1634,745
122000179,1475,1731,-256
122000180,367,628,-261
122000181,353,1165,-812
122000182,360,775,-415
122000183,742,389,353
122000184,1558,1481,77
122000185,456,1058,-602
122000186,194,536,-342
122000187,1302,471,831
122000188,139,74,65
122000189,99,117,-18
122000190,447,946,-499
122000191,208,345,-137
122000192,440,190,250
122000193,445,426,19
122000194,194,75,119
122000195,80,658,-578
122000196,588,153,435
122000197,333,477,-144
122000198,191,1007,-816
122000199,258,172,86
122000200,401,321,80
122000201,489,1590,-1101
122000202,401,1439,-1038
122000203,1165,561,604
122000204,603,588,15
122000205,231,339,-108
122000206,2000,606,1394
122000207,1451,743,708
122000208,1372,825,547
122000209,926,155,771
122000210,904,854,50
122000211,467,802,-335
122000212,449,376,73
122000213,508,925,-417
122000214,1098,1185,-87
122000215,1651,1801,-150
122000217,740,776,-36
122000218,244,59,185
122000219,1801,439,1362
122000220,208,488,-280
122000221,228,321,-93
122000222,247,73,174
122000223,246,476,-230
122000225,445,225,220
122000226,603,624,-21
122000227,45,512,-467
122000228,92,173,-81
122000229,5,243,-238
122000230,14,238,-224
122000231,128,385,-257
122000232,253,370,-117
122000233,0,49,-49
122000234,349,155,194
122000235,306,158,148
122000236,968,58,910
122000237,78,50,28
122000238,184,339,-155
122000239,452,84,368
122000240,710,156,554
122000241,1210,226,984
122000242,227,68,159
122000243,45,107,-62
122000244,17,1711,-1694
122000245,3,185,-182
122000246,16,100,-84
122000247,266,1035,-769
122000248,2943,427,2516
122000249,573,560,13
122000250,855,271,584
122000251,15,64,-49
122000252,165,17,148
122000253,13,33,-20
122000254,315,73,242
122000255,224,490,-266
122000256,234,259,-25
122000257,207,144,63
122000258,167,241,-74
122000259,48,631,-583
122000260,19,341,-322
122000261,12,193,-181
122000262,1,61,-60
122000263,69,174,-105
122000264,1094,191,903
122000265,1314,508,806
122000266,2203,277,1926
122000267,33,378,-345
122000268,176,40,136
122000269,628,93,535
122000270,325,62,263
122000271,152,554,-402
122000272,123,143,-20
122000273,254,131,123
122000274,125,261,-136
122000275,11,424,-413
122000276,787,375,412
122000277,484,1052,-568
122000278,1200,83,1117
122000279,149,119,30
122000280,293,261,32
122000281,393,218,175
122000282,49,767,-718
122000283,49,160,-111
122000284,93,35,58
122000285,370,95,275
122000286,13,216,-203
122000287,1104,1539,-435
122000288,167,208,-41
122000291,1461,541,920
122000293,103,73,30
122000294,43,300,-257
122000295,1069,191,878
122000296,29,683,-654
122000297,1081,3725,-2644
122000299,283,273,10
122000300,148,364,-216
122000301,3207,2955,252
122000302,227,2113,-1886
122000303,1041,664,377
122000304,5,240,-235
122000305,1464,238,1226
122000306,81,267,-186
122000307,51,63,-12
122000309,34,66,-32
122000310,6,116,-110
122000311,64,69,-5
122000312,155,236,-81
122000313,8,121,-113
122000314,140,401,-261
122000315,228,46,182
122000316,997,228,769
122000317,2128,114,2014
122000318,320,1553,-1233
122000319,88,188,-100
122000320,116,269,-153
122000321,47,78,-31
122000322,717,719,-2
122000323,366,837,-471
122000324,588,1226,-638
122000325,444,925,-481
122000326,139,59,80
122000327,130,306,-176
122000328,245,218,27
122000330,1009,649,360
122000332,182,2682,-2500
122000333,28,60,-32
122000337,786,243,543
122000338,329,167,162
122000340,44,633,-589
122000342,958,514,444
122000343,459,280,179
122000344,114,1,113
122000345,73,192,-119
122000346,64,12,52
122000348,283,529,-246
122000349,13,117,-104
122000351,225,209,16
122000352,123,60,63
122000353,40,16,24
122000355,74,324,-250
122000356,118,596,-478
122000357,66,5,61
122000358,0,0,0
122000359,0,0,0
122000360,0,1,-1
122000362,2,16,-14
122000364,287,97,190
122000365,0,15,-15
122000366,13,0,13
122000368,337,208,129
122000370,4,3,1
122000371,71,1,70
122000372,10,0,10
122000381,172,147,25
122000382,26,303,-277
122000384,626,612,14
122000385,41,0,41
122000386,82,894,-812
122000387,160,776,-616
122000388,626,382,244
122000389,65,355,-290
122000390,161,440,-279
122000391,11,615,-604
122000392,92,79,13
122000393,15,513,-498
122000394,401,247,154
122000395,110,48,62
122000396,137,23,114
122000397,12,49,-37
122000398,3,112,-109
122000399,71,27,44
122000400,14,348,-334
122000401,57,30,27
122000402,403,85,318
122000403,135,219,-84
122000404,372,70,302
122000408,223,635,-412
122000503,9,109,-100
122000524,44,99,-55
122000544,35,1219,-1184
122000616,86,0,86
122000640,119,50,69
122000641,148,158,-10
122000642,1051,269,782
122000643,45,139,-94
122000644,58,16,42
122000645,40,98,-58
122000651,198,693,-495
122000664,105,19,86
122000665,333,239,94
122000666,160,251,-91
122000673,12,114,-102
122000674,501,255,246
122000675,1442,430,1012
122000686,264,488,-224
122000687,1607,169,1438
122000688,430,263,167
122000689,1227,168,1059
122000690,2697,181,2516
122000691,820,338,482
122000692,1218,114,1104
122000693,471,519,-48
122000695,350,141,209
122000696,604,102,502
122000698,192,111,81
122000699,322,94,228
122000701,1335,275,1060
122000702,301,602,-301
122000703,60,20,40
122000717,1,80,-79
122000718,31,888,-857
122000719,3,46,-43
122000720,684,77,607
122000724,64,28,36
122900001,30,12,18
122900002,276,4969,-4693
122900003,321,6,315
122900004,2848,146,2702
122900005,72,211,-139
122900006,55,1359,-1304
122900007,39,72,-33
122900008,72,357,-285
122900009,83,121,-38
122900010,264,84,180
122900012,222,252,-30
122900014,59,50,9
122900015,791,356,435
122900016,37,74,-37
122900017,175,285,-110
122900018,45,3,42
122900019,68,160,-92
122900020,31,527,-496
122900021,40,214,-174
122900022,943,561,382
122900023,447,91,356
122900024,96,81,15
122900025,0,73,-73
122900026,1,25,-24
122900027,12,440,-428
122900028,38,44,-6
122900029,2792,1240,1552
122900030,463,68,395
122900031,14,239,-225
122900032,115,211,-96
122900033,96,73,23
122900034,1471,2023,-552
122900035,25,9,16
122900036,62,21,41
122900037,138,44,94
122900038,41,1161,-1120
122900039,31,286,-255
122900040,217,459,-242
122900041,62,271,-209
122900042,85,149,-64
122900043,153,137,16
122900044,51,217,-166
122900045,25,105,-80
122900046,62,223,-161
122900047,76,45,31
122900048,7,197,-190
122900049,1679,90,1589
122900051,11,127,-116
122900052,102,38,64
122900053,0,13,-13
122900055,131,30,101
122900057,194,6,188
122900061,279,7,272
122900062,239,511,-272
122900063,192,85,107
122900064,691,418,273
122900065,271,188,83
122900066,289,107,182
122900067,364,141,223
122900068,17,50,-33
122900069,197,961,-764
122900070,261,23,238
122900071,26,104,-78
122900072,16,123,-107
122900073,66,50,16
122900074,1380,108,1272
122900075,0,32,-32
122900076,2,46,-44
122900077,0,14,-14
122900078,335,15,320
122900080,23,34,-11
122900081,132,34,98
122900082,1129,43,1086
122900083,21,46,-25
122900084,1,71,-70
122900086,2,111,-109
122900087,295,753,-458
122900088,17,161,-144
122900089,16,269,-253
122900090,6,52,-46
122900091,334,7,327
122900092,0,62,-62
122900093,0,41,-41
122900094,0,55,-55
122900095,220,7,213
122900096,440,24,416
122900097,10,13,-3
122900098,13,73,-60
122900099,117,56,61
122900100,18,572,-554
122900101,122,118,4
122900102,11,51,-40
122900103,373,11,362
122900104,143,4,139
122900105,31,4,27
122900106,1,9,-8
122900107,1,12,-11
122900108,0,15,-15
123000001,543,354,189
123000002,1752,4426,-2674
123000003,2933,2095,838
123000004,1515,2357,-842
123000005,2374,1361,1013
123000006,1354,1391,-37
123000007,2386,1377,1009
123000008,1243,2213,-970
123000009,2658,2566,92
123000010,1874,2315,-441
123000011,851,785,66
123000012,267,1326,-1059
123000013,2698,596,2102
123000014,251,1817,-1566
123000015,1658,684,974
123000016,1816,1980,-164
123000017,4420,1977,2443
123000018,185,49,136
123000019,601,20,581
123000020,327,14,313
123000021,293,307,-14
123000022,672,1324,-652
123000023,1964,1771,193
123000024,1203,582,621
123000025,4,58,-54
123000026,2,250,-248
123000027,9,471,-462
123000028,88,3122,-3034
123000029,68,1457,-1389
123000030,235,85,150
123000031,572,143,429
123000032,857,167,690
123000033,224,44,180
123000034,654,444,210
123000035,181,316,-135
123000036,83,525,-442
123000037,97,115,-18
123000038,43,244,-201
123000039,392,1366,-974
123000040,402,83,319
123000041,281,498,-217
123000042,270,332,-62
123000043,994,8400,-7406
123000044,2999,1237,1762
123000045,2236,928,1308
123000046,126,528,-402
123000047,261,644,-383
123000048,153,1574,-1421
123000049,3231,5444,-2213
123000050,1341,918,423
123000051,41,91,-50
123000052,480,1323,-843
123000053,1099,1341,-242
123000054,950,1456,-506
123000055,1524,3179,-1655
123000056,610,415,195
123000057,2617,2754,-137
123000058,297,851,-554
123000059,59,253,-194
123000060,674,219,455
123000061,155,296,-141
123000063,786,533,253
123000064,1113,102,1011
123000065,1823,1887,-64
123000066,174,227,-53
123000067,470,224,246
123000068,878,752,126
123000069,1721,622,1099
123000070,86,197,-111
123000071,1490,369,1121
123000072,756,266,490
123000073,1588,492,1096
123000074,525,349,176
123000075,160,972,-812
123000076,399,131,268
123000077,968,715,253
123000078,1621,536,1085
123000079,1711,741,970
123000080,1615,409,1206
123000081,178,200,-22
123000082,120,406,-286
123000083,612,66,546
123000084,650,209,441
123000085,327,37,290
123000086,696,61,635
123000087,236,150,86
123000088,645,247,398
123000089,590,447,143
123000090,832,476,356
123000091,738,688,50
123000092,501,546,-45
123000094,532,99,433
123000095,551,329,222
123000096,808,115,693
123000097,348,143,205
123000098,643,122,521
123000099,457,156,301
123000100,140,576,-436
123000101,251,126,125
123000102,294,688,-394
123000104,190,169,21
123000105,231,73,158
123000106,337,160,177
123000107,198,72,126
123000108,359,508,-149
123000111,569,99,470
123000112,846,158,688
123000113,322,236,86
123000114,237,367,-130
123000115,172,229,-57
123000116,54,53,1
123000117,1645,641,1004
123000118,379,207,172
123000119,95,237,-142
123000120,102,256,-154
123000121,441,241,200
123000122,194,114,80
123000123,326,227,99
123000124,221,104,117
123000125,890,743,147
123000126,815,2756,-1941
123000127,308,311,-3
123000128,155,108,47
123000129,1003,16,987
123000130,718,3,715
123000131,1279,416,863
123000132,148,195,-47
123000133,112,24,88
123000134,201,22,179
123000135,1716,278,1438
123000136,121,203,-82
123000137,64,86,-22
123000138,43,157,-114
123000139,599,53,546
123000140,33,196,-163
123000141,236,40,196
123000142,715,346,369
123000143,434,822,-388
123000144,4,19,-15
123000145,135,469,-334
123000146,22,190,-168
123000147,29,340,-311
123000149,138,254,-116
123000150,45,154,-109
123000151,103,257,-154
123000152,6,243,-237
123000153,23,598,-575
123000154,684,1503,-819
123000155,1197,1134,63
123000156,20,11,9
123000157,334,629,-295
123000158,221,496,-275
123000159,1303,2553,-1250
123000160,535,694,-159
123000161,990,972,18
123000162,915,1295,-380
123000163,900,99,801
123000164,1946,87,1859
123000165,140,596,-456
123000166,21,31,-10
123000167,95,84,11
123000168,227,149,78
123000169,844,68,776
123000170,70,45,25
123000171,1029,15,1014
123000172,45,191,-146
123000173,501,113,388
123000174,412,261,151
123000175,154,372,-218
123000176,727,193,534
123000177,107,505,-398
123000178,741,144,597
123000179,5,371,-366
123000180,1236,137,1099
123000181,273,473,-200
123000182,256,124,132
123000183,93,329,-236
123000184,48,226,-178
123000185,803,364,439
123000186,9,182,-173
123000187,476,5,471
123000188,344,1,343
123000189,557,126,431
123000190,48,113,-65
123000192,1,182,-181
123000193,7,165,-158
123000194,174,135,39
123000195,259,10,249
123000196,447,9,438
123000197,66,81,-15
123000198,69,487,-418
123000199,30,313,-283
123000200,572,18,554
123000201,1115,39,1076
123000202,3,265,-262
123000203,967,29,938
123000204,82,358,-276
123000205,78,421,-343
123000206,2775,170,2605
123000207,52,372,-320
123000208,656,48,608
123000209,1454,305,1149
123000210,98,533,-435
123000211,147,691,-544
123000212,3571,265,3306
123000213,435,47,388
123000215,46,94,-48
123000216,153,667,-514
123000217,166,20,146
123000218,75,222,-147
123000219,466,82,384
123000220,296,45,251
123000221,110,30,80
123000222,400,223,177
123000223,554,159,395
123000224,405,152,253
123000225,161,16,145
123000226,161,101,60
123000227,64,87,-23
123000228,351,34,317
123000229,458,254,204
123000232,35,174,-139
123000233,881,48,833
123000234,102,190,-88
123000235,933,205,728
123000236,180,236,-56
123000237,477,70,407
123000238,36,130,-94
123000239,168,273,-105
123000240,25,502,-477
123000241,216,7,209
123000242,261,146,115
123000243,485,661,-176
123000244,525,241,284
123000245,1,38,-37
123000249,182,369,-187
123000252,535,95,440
123000253,1379,311,1068
123000254,560,314,246
123000255,503,419,84
123000256,24,82,-58
123000257,745,582,163
123000258,535,328,207
123000259,445,242,203
123000260,474,84,390
123000261,307,92,215
123000262,32,24,8
123000263,378,10,368
123000264,205,37,168
123000265,10,24,-14
123000266,313,261,52
123000267,690,160,530
123000268,20,9,11
123000269,26,42,-16
123000270,18,41,-23
123000271,14,10,4
123000272,559,180,379
123000273,238,765,-527
123000274,1018,384,634
123000275,113,292,-179
123000278,797,1911,-1114
123000279,110,47,63
123000280,186,145,41
123000281,237,77,160
123000282,62,147,-85
123000283,278,19,259
123000284,13,21,-8
123000286,41,233,-192
123000287,77,159,-82
123000288,538,885,-347
123000289,93,1089,-996
123000291,58,265,-207
123000294,162,171,-9
123000295,746,1513,-767
123000296,782,786,-4
123000297,573,212,361
123000298,1052,164,888
123000299,120,126,-6
123000300,817,315,502
123000301,95,219,-124
123000302,226,43,183
123000303,46,614,-568
123000305,215,415,-200
123000306,198,38,160
123000309,33,44,-11
123000310,117,5,112
123000311,0,225,-225
123000312,328,264,64
123000313,491,358,133
123000315,338,57,281
123000316,680,31,649
123000317,162,115,47
123000318,24,165,-141
123000329,4,5,-1
123000337,176,663,-487
123000338,48,426,-378
123000339,330,41,289
123000340,34,129,-95
123000342,4,586,-582
123000343,102,23,79
123000344,263,125,138
123000345,111,211,-100
123000346,418,54,364
123000352,375,327,48
123000353,37,338,-301
123000354,466,5,461
123000355,1,894,-893
123000356,344,0,344
123000357,0,39,-39
123000359,0,42,-42
123000360,85,158,-73
123000361,593,114,479
123000362,336,44,292
123000363,149,76,73
123000364,364,272,92
123000365,7,191,-184
123000366,162,1319,-1157
123000367,169,193,-24
123000370,7,91,-84
123000371,595,14,581
123000372,320,14,306
123000373,1,52,-51
123000374,2,31,-29
123000375,330,70,260
123000376,840,424,416
123000377,753,11,742
123000378,5,155,-150
123000379,4,197,-193
123000380,5,69,-64
123000381,107,215,-108
123000382,662,146,516
123000383,39,264,-225
123000384,577,145,432
123000385,56,134,-78
123000436,91,1232,-1141
123000507,66,102,-36
123000508,86,1060,-974
123000517,83,9,74
123000518,33,59,-26
123000519,89,30,59
123000520,24,63,-39
123000521,304,40,264
123000522,126,127,-1
123000541,20,2,18
123000542,0,0,0
123000565,0,2,-2
123000566,1044,341,703
123000567,313,148,165
123000573,3,24,-21
123000574,843,41,802
123000575,2408,65,2343
123000576,874,349,525
123000577,41,193,-152
123000578,372,110,262
123000579,647,3782,-3135
123000580,81,42,39
123000582,410,11,399
123000583,5,110,-105
123000584,111,97,14
123000585,0,4,-4
123000586,101,0,101
123000596,23,10,13
123000597,115,96,19
123000602,107,28,79
123000603,1642,199,1443
123000604,558,99,459
123000605,455,86,369
123000606,1,189,-188
123000609,18,206,-188
123000610,21,26,-5
123000613,8,71,-63
123000614,362,38,324
123000615,25,38,-13
123000616,1035,48,987
123000617,44,78,-34
123000618,3,312,-309
123000619,457,8,449
123000620,7,148,-141
123000622,588,7,581
123000624,228,15,213
123000630,1554,328,1226
123000631,98,385,-287
123000632,262,257,5
123000633,0,229,-229
123000634,0,185,-185
123000635,19,47,-28
123000636,17,294,-277
123000637,108,64,44
123000638,510,101,409
123000639,827,4798,-3971
123000640,16,236,-220
123900001,860,57,803
123900002,31,794,-763
123900003,25,288,-263
123900005,178,170,8
123900006,349,22,327
124000001,1541,138,1403
124000002,5,509,-504
124000003,1238,170,1068
124000004,9,167,-158
124000005,1107,1081,26
124000006,90,188,-98
124000007,789,125,664
124000008,43,504,-461
124000009,653,336,317
124000010,188,524,-336
124000011,969,519,450
124000012,162,666,-504
124000017,188,128,60
124000018,24,7,17
124000019,170,40,130
124000020,18,11,7
124000021,102,48,54
124000022,28,20,8
124000023,681,1073,-392
124000024,698,193,505
124000025,780,1015,-235
124000026,965,1012,-47
124000027,2608,1627,981
124000028,1418,4421,-3003
124000030,1122,494,628
124000031,888,7833,-6945
124000032,1062,296,766
124000033,59,264,-205
124000034,1375,585,790
124000035,20,279,-259
124000036,13,408,-395
124000037,104,599,-495
124000038,0,12,-12
124000039,270,109,161
124000040,102,311,-209
124000041,507,63,444
124000042,136,82,54
124000043,88,36,52
124000044,35,26,9
124000045,1206,124,1082
124000046,114,253,-139
124000047,1965,203,1762
124000048,550,188,362
124000049,1793,229,1564
124000050,358,398,-40
124000051,1363,197,1166
124000052,322,346,-24
124000053,486,1565,-1079
124000054,434,128,306
124000055,831,3092,-2261
124000056,836,316,520
124000057,1295,250,1045
124000058,239,359,-120
124000059,961,819,142
124000060,328,335,-7
124000061,798,3929,-3131
124000062,1025,703,322
124000063,902,486,416
124000064,998,485,513
124000065,65,210,-145
124000066,881,528,353
124000067,158,483,-325
124000068,0,0,0
124000069,140,94,46
124000070,0,0,0
124000071,94,104,-10
124000072,67,221,-154
124000073,637,59,578
124000074,101,100,1
124000075,551,43,508
124000076,0,0,0
124000077,171,906,-735
124000078,742,500,242
124000079,76,737,-661
124000080,816,73,743
124000081,113,190,-77
124000082,53,121,-68
124000083,26,40,-14
124000084,18,505,-487
124000085,16,25,-9
124000086,23,274,-251
124000087,25,133,-108
124000088,91,230,-139
124000089,430,73,357
124000090,61,122,-61
124000091,443,30,413
124000092,140,201,-61
124000093,109,126,-17
124000094,74,203,-129
124000095,170,37,133
124000096,119,42,77
124000097,120,35,85
124000098,173,63,110
124000099,149,71,78
124000100,40,62,-22
124000101,132,134,-2
124000102,92,32,60
124000103,154,65,89
124000104,73,35,38
124000105,103,69,34
124000106,53,26,27
124000107,21,163,-142
124000108,24,16,8
124000109,171,48,123
124000110,97,23,74
124000111,193,61,132
124000112,850,282,568
124000113,128,94,34
124000114,398,249,149
124000115,316,579,-263
124000116,49,172,-123
124000117,37,49,-12
124000118,15,53,-38
124000119,557,307,250
124000120,359,146,213
124000121,672,451,221
124000122,319,1158,-839
124000123,388,146,242
124000124,502,267,235
124000125,364,136,228
124000126,199,159,40
124000127,926,140,786
124000128,471,309,162
124000129,963,704,259
124000130,184,146,38
124000131,521,296,225
124000132,243,268,-25
124000133,891,484,407
124000134,406,194,212
124000135,1039,1223,-184
124000136,156,298,-142
124000137,482,515,-33
124000138,305,613,-308
124000139,173,43,130
124000140,10,356,-346
124000141,20,40,-20
124000142,4,1133,-1129
124000143,80,16,64
124000144,0,190,-190
124000145,166,34,132
124000146,10,83,-73
124000148,7,48,-41
124000149,703,168,535
124000150,235,352,-117
124000151,925,326,599
124000152,344,421,-77
124000153,1020,760,260
124000154,650,394,256
124000155,563,307,256
124000156,416,414,2
124000169,69,277,-208
124000170,228,165,63
124000171,187,192,-5
124000172,141,207,-66
124000173,546,113,433
124000174,386,219,167
124000175,0,0,0
124000176,79,34,45
124000177,0,0,0
124000178,62,84,-22
124000190,27,77,-50
124000191,47,135,-88
124000192,701,528,173
124000193,65,1646,-1581
124000194,125,224,-99
124000195,312,247,65
124000196,309,349,-40
124000197,67,7,60
124000198,71,46,25
124000201,15,708,-693
124000202,595,16,579
124000203,570,107,463
124000204,1599,37,1562
124000205,113,22,91
124000206,1445,176,1269
124000207,0,42,-42
124000209,151,14,137
124000210,1238,220,1018
124000211,1197,11,1186
124000212,0,77,-77
124000213,708,75,633
124000214,710,36,674
124000215,711,29,682
124000216,1,610,-609
124000329,9,438,-429
124000338,7,209,-202
124000339,2165,7,2158
124000341,2335,23,2312
124000344,42,23,19
124000357,965,1928,-963
124000358,648,1688,-1040
124000359,1227,430,797
124000360,1396,354,1042
124000361,1871,1137,734
124000362,904,1924,-1020
124000363,305,160,145
124000364,376,527,-151
124000365,438,575,-137
124000366,1047,638,409
124000367,12,114,-102
124000368,255,784,-529
124000369,53,78,-25
124000370,9,659,-650
124000402,7,4,3
124000403,109,18,91
124000404,8,20,-12
124000405,482,221,261
124000406,310,128,182
124000407,1,13,-12
124000411,5,148,-143
124000412,532,0,532
124000413,25,79,-54
124000414,175,49,126
124000415,39,49,-10
124000416,176,80,96
124000417,237,36,201
124000418,250,10,240
124000419,143,29,114
124000420,193,8,185
124000421,49,46,3
124000422,21,23,-2
124000423,75,22,53
124000424,0,106,-106
124000425,28,26,2
124000426,1,381,-380
124000427,13,0,13
124000428,3,201,-198
124000429,147,29,118
124000430,562,246,316
124000431,273,160,113
124000432,260,657,-397
124000439,10,26,-16
124000442,0,0,0
124000443,0,0,0
124000445,10,959,-949
124000446,398,155,243
124900001,566,73,493
124900002,115,42,73
124900003,613,111,502
124900004,538,85,453
124900005,143,24,119
124900006,488,91,397
124900008,135,246,-111
124900009,9,295,-286
124900010,206,62,144
124900011,782,100,682
124900012,184,44,140
124900013,502,50,452
124900014,294,49,245
124900015,103,388,-285
124900016,98,142,-44
124900017,792,2797,-2005
124900018,113,2,111
124900020,134,14,120
124900021,384,20,364
124900022,62,4,58
124900024,351,0,351
124900026,38,3,35
124900027,74,97,-23
124900028,200,30,170
124900029,12,245,-233
124900030,0,15,-15
124900031,21,92,-71
124900032,64,42,22
124900033,33,37,-4
124900034,25,33,-8
124900035,48,31,17
124900036,0,50,-50
124900037,54,69,-15
124900038,120,47,73
124900039,0,37,-37
124900040,29,56,-27
124900041,226,122,104
124900042,10,0,10
124900043,242,150,92
124900044,38,1,37
124900045,156,278,-122
124900046,127,36,91
124900047,4,55,-51
124900048,273,33,240
124900050,143,47,96
124900052,26,86,-60
124900053,65,79,-14
124900054,455,89,366
124900055,0,4,-4
124900057,0,0,0
124900060,4,47,-43
124900061,152,0,152
124900062,162,1,161
124900066,0,0,0
124900067,1,1,0
124900068,61,575,-514
124900070,6,5,1
124900072,207,24,183
124900074,389,787,-398
124900075,210,57,153
124900076,53,632,-579
124900077,36,29,7
124900078,46,6,40
124900079,102,44,58
124900080,165,88,77
124900081,834,49,785
124900082,234,116,118
124900083,195,106,89
124900084,510,27,483
124900085,197,150,47
124900086,6,295,-289
124900087,66,23,43
124900088,67,15,52
124900089,224,5,219
124900090,579,79,500
124900091,124,85,39
124900092,137,35,102
124900093,499,71,428
124900094,645,70,575
124900095,96,460,-364
124900096,159,44,115
124900097,483,11,472
124900098,47,123,-76
124900099,81,166,-85
124900100,213,11,202
124900101,140,52,88
124900102,348,0,348
124900103,39,83,-44
124900104,29,72,-43
124900105,27,16,11
124900106,217,30,187
124900107,240,6,234
124900108,69,24,45
124900109,10,58,-48
124900110,272,78,194
124900111,0,0,0
124900112,57,79,-22
124900113,9,48,-39
124900114,5,24,-19
124900115,7,19,-12
124900116,248,206,42
124900117,103,123,-20
124900118,43,378,-335
124900119,179,136,43
124900120,0,29,-29
124900121,7,264,-257
124900122,93,43,50
124900123,31,35,-4
124900124,6,38,-32
129000186,115,175,-60
204000001,37,3,34
204000002,14,12,2
204000003,34,4,30
204000004,11,13,-2
204000005,405,165,240
204000006,1034,781,253
204000011,0,0,0
204000012,5,9,-4
204000013,1,0,1
204000019,1120,212,908
204000020,644,181,463
204000021,574,588,-14
204000022,1040,360,680
204000023,128,386,-258
204000031,33,22,11
204000032,126,47,79
204000034,5,19,-14
204000035,0,8,-8
204000036,2,13,-11
204000037,0,18,-18
204000038,0,26,-26
204000039,16,31,-15
204000040,0,12,-12
204000041,9,18,-9
204000042,32,12,20
204000043,21,19,2
204000044,61,11,50
204000045,83,3,80
204000046,30,3,27
204000057,1,50,-49
204000062,3,84,-81
204000068,3,84,-81
204000069,27,96,-69
204000070,82,31,51
204000080,17,15,2
204000085,409,256,153
204000086,439,541,-102
204000087,34,6,28
204000088,0,0,0
204000090,3,31,-28
204000093,566,31,535
204000096,938,285,653
204000097,458,7,451
204000099,671,1280,-609
204000100,1632,525,1107
204000105,403,140,263
204000110,146,361,-215
204000111,167,248,-81
204000112,122,138,-16
204000113,131,209,-78
204000114,891,811,80
204000115,636,152,484
204000116,415,97,318
204000119,2204,641,1563
204000132,480,436,44
204000133,762,89,673
204000134,117,59,58
204000135,450,35,415
204000136,578,133,445
204000138,239,680,-441
204000140,175,82,93
204000141,118,24,94
204000144,1,29,-28
204000145,420,4,416
204000146,2,11,-9
204000147,1,54,-53
204000148,66,37,29
204000154,27,1,26
204000155,0,38,-38
204000177,50,35,15
204000179,12,20,-8
204000180,0,8,-8
204000222,22,25,-3
204000235,13,15,-2
204000236,38,30,8
204000238,25,34,-9
204000240,261,18,243
204000263,75,154,-79
204000268,452,144,308
204000308,50,2,48
204000317,2,34,-32
204000322,14,24,-10
204000323,10,14,-4
204000328,328,19,309
204000329,42,49,-7
204000330,198,21,177
204000331,0,1,-1
204010341,15,159,-144
205000001,127,324,-197
205000013,2,6,-4
205000014,5,9,-4
205000015,23,23,0
205000016,18,15,3
205000017,5,10,-5
205000022,102,155,-53
205000025,225,135,90
205000029,481,4,477
205000045,89,76,13
205000046,33,37,-4
205000047,55,24,31
205000048,181,47,134
205000049,52,45,7
205000050,95,13,82
205000059,0,23,-23
205000060,0,26,-26
205000061,0,96,-96
205000062,0,69,-69
205000063,6,110,-104
205000064,8,59,-51
205000065,14,208,-194
205000066,53,62,-9
205000067,32,141,-109
205000069,80,18,62
205000082,55,80,-25
205000110,25,22,3
205000111,27,20,7
205000112,63,53,10
205000113,28,41,-13
205000121,82,84,-2
205000123,28,16,12
205000126,514,86,428
205000127,376,43,333
205000128,285,46,239
205000129,493,59,434
205000130,121,10,111
205000131,10,19,-9
205000132,64,10,54
205000133,61,3,58
205000134,289,0,289
205000137,16,10,6
205000138,28,41,-13
205000139,1,18,-17
205000144,36,24,12
205000145,165,44,121
205000151,62,46,16
205000152,91,36,55
205000153,162,47,115
205000154,30,50,-20
205000155,44,38,6
205000207,0,0,0
205000233,7,0,7
205000234,0,0,0
205000243,0,11,-11
205000244,0,7,-7
205000245,2,6,-4
205000249,0,12,-12
205000250,0,0,0
205000264,0,16,-16
206000027,27,20,7
206000028,5,10,-5
206000043,2,30,-28
206000053,0,4,-4
206000054,0,1,-1
206000055,1,3,-2
206000075,10,28,-18
206000076,21,2,19
206000077,46,10,36
206000078,4,1,3
206000079,31,4,27
206000082,334,102,232
206000100,3,172,-169
206000103,0,0,0
206000104,0,0,0
206000105,0,0,0
206000106,0,0,0
206000108,621,49,572
206000125,155,0,155
206000157,1,64,-63
206000170,0,146,-146
206000171,8,139,-131
206000172,23,68,-45
206000173,1,24,-23
206000174,3,18,-15
206000175,1,34,-33
206000176,22,51,-29
206000177,0,23,-23
206000178,0,125,-125
206000179,0,26,-26
206000180,1,33,-32
206000181,0,30,-30
206000182,5,37,-32
206000183,3,88,-85
206000184,0,20,-20
206000185,4,11,-7
206000186,5,168,-163
206000223,0,83,-83
206000226,74,1,73
206000227,19,0,19
206000237,9,82,-73
206000238,5,160,-155
206000239,80,532,-452
206000240,0,0,0
206000241,1,86,-85
206000242,2,41,-39
206000243,2,28,-26
206000244,14,69,-55
206000245,2525,18,2507
206000246,859,12,847
206000247,996,5,991
206000248,920,12,908
206000252,30,74,-44
206000258,0,0,0
206000315,33,5,28
206000317,764,259,505
206000318,733,90,643
206000319,3882,52,3830
206000320,1352,32,1320
206000321,1472,8,1464
206000322,1943,4,1939
206000323,593,0,593
206000324,785,3,782
206000325,532,9,523
206000326,562,19,543
206000327,43,1,42
206000328,459,11,448
206000329,953,3,950
206000330,198,2,196
206000331,503,5,498
206000332,176,1,175
206000333,2113,6,2107
206000334,1150,1,1149
206000335,0,6,-6
206000361,0,12,-12
206000392,0,0,0
206000405,197,1,196
206000441,196,32,164
206000498,44,5,39
206000515,44,48,-4
206000530,532,26,506
206000531,302,194,108
206000532,923,221,702
206000535,41,691,-650
206000536,4,71,-67
206000537,3,69,-66
206000613,1187,330,857
207000001,24,160,-136
207000002,29,89,-60
207000003,32,100,-68
207000007,1771,121,1650
207000008,440,2,438
207000009,55,13,42
207000010,51,150,-99
207000012,457,85,372
207000015,39,297,-258
207000019,271,39,232
207000021,279,207,72
207000022,195,133,62
207000023,258,39,219
207000024,0,7,-7
207000025,13,51,-38
207000026,0,0,0
207000027,1,0,1
207000028,1,38,-37
207000029,6,86,-80
207000033,187,196,-9
207000034,215,44,171
207000039,848,28,820
207000040,1014,5,1009
207000041,244,9,235
207000042,509,16,493
207000043,290,124,166
207000051,5,29,-24
207000052,0,15,-15
207000053,85,244,-159
207000054,23,57,-34
207000055,25,46,-21
207000056,72,131,-59
207000057,46,74,-28
207000058,37,121,-84
207000059,36,143,-107
207000060,28,247,-219
207000061,81,1065,-984
207000062,640,34,606
207000063,674,39,635
207000064,482,48,434
207000065,289,81,208
207000066,535,99,436
207000067,89,33,56
207000068,170,29,141
207000069,755,160,595
207000082,2,58,-56
207000083,30,139,-109
207000084,479,122,357
207000085,381,58,323
207000086,808,11,797
207000106,146,6,140
207000107,208,10,198
207000108,185,0,185
207000109,93,4,89
207000110,28,10,18
207000111,54,22,32
207000112,32,259,-227
207000114,0,0,0
207000115,0,0,0
207000116,0,0,0
207000117,0,0,0
207000118,0,0,0
207000119,0,3,-3
207000123,270,3,267
207000124,109,6,103
207000125,83,0,83
207000126,99,3,96
207000134,288,75,213
207000135,80,127,-47
207000148,111,200,-89
207000149,0,0,0
207000152,7,152,-145
207000153,45,338,-293
207000154,286,90,196
207000159,5,12,-7
207000160,7,18,-11
207000238,0,0,0
207000242,0,0,0
207000248,0,0,0
207000249,0,0,0
207000250,0,0,0
207000251,0,0,0
207000252,0,0,0
207000278,167,43,124
207000279,1,28,-27
207000280,1151,23,1128
207000281,51,342,-291
207000282,38,512,-474
207000283,11,89,-78
207000284,39,1426,-1387
207000285,41,95,-54
207000291,0,1,-1
207000304,49,25,24
207000306,30,211,-181
207000310,196,85,111
207000353,55,3,52
207000356,1,20,-19
207000357,2,18,-16
207000358,1,17,-16
207000415,0,0,0
207000417,36,0,36
207000418,65,53,12
207000438,0,3,-3
207000439,260,138,122
207000446,63,1,62
207000460,163,5,158
207000466,3,21,-18
207000467,742,32,710
207000468,3,30,-27
207000476,3,19,-16
207000477,279,26,253
207000478,0,21,-21
207000523,0,0,0
207000524,33,0,33
207000527,217,57,160
207000530,278,6,272
207000531,141,1,140
207000532,42,38,4
207000534,97,13,84
207000535,0,0,0
207000537,0,0,0
207000540,0,0,0
207000541,0,0,0
207000548,0,0,0
207000549,214,7,207
207000561,124,41,83
207000562,0,0,0
207000567,8,95,-87
207000568,245,38,207
207000569,782,96,686
207000584,0,0,0
207000585,10,64,-54
207000616,0,21,-21
207000617,240,1,239
207900008,909,83,826
208000001,423,630,-207
208000002,559,601,-42
208000003,609,231,378
208000004,596,369,227
208000005,0,0,0
208000019,981,208,773
208000020,257,95,162
208000021,221,283,-62
208000022,401,151,250
208000028,537,1220,-683
208000033,227,113,114
208000034,306,614,-308
208000040,223,79,144
208000041,558,339,219
208000042,990,305,685
208000047,110,146,-36
208000064,1334,1232,102
208000066,873,769,104
208000070,614,418,196
208000071,651,237,414
208000072,841,307,534
208000080,188,214,-26
208000081,319,63,256
208000082,90,57,33
208000083,86,76,10
208000084,3,62,-59
208000085,320,94,226
208000086,245,213,32
208000087,257,304,-47
208000089,680,118,562
208000090,444,222,222
208000093,8,71,-63
208000094,151,208,-57
208000095,547,373,174
208000104,1308,284,1024
208000105,713,404,309
208000114,55,337,-282
208000115,497,233,264
208000116,1255,1023,232
208000117,9,50,-41
208000118,90,221,-131
208000155,355,456,-101
208000158,870,1552,-682
208000186,566,1190,-624
208000204,479,679,-200
208000205,934,427,507
208000282,497,477,20
209000004,676,113,563
209000005,111,19,92
209000006,453,133,320
209000007,341,328,13
209000010,0,0,0
209000011,0,0,0
209000012,9,23,-14
209000013,42,22,20
209000014,29,54,-25
209000025,701,60,641
209000026,1412,95,1317
209000027,88,26,62
209000028,34,53,-19
209000029,50,48,2
209000030,34,64,-30
209000031,321,216,105
209000034,249,168,81
209000035,176,145,31
209000036,347,88,259
209000037,627,136,491
209000038,378,81,297
209000039,89,67,22
209000040,290,180,110
209000041,172,143,29
209000042,227,92,135
209000043,421,351,70
209000044,401,367,34
209000045,400,173,227
209000046,470,144,326
209000047,238,85,153
209000048,381,444,-63
209000049,19,20,-1
209000050,121,36,85
209000051,50,11,39
209000052,32,27,5
209000062,0,0,0
209000063,0,0,0
209000064,0,1,-1
209000065,323,21,302
209000066,257,24,233
209000067,263,35,228
209000080,6,24,-18
209000082,144,61,83
209000091,0,0,0
209000093,0,0,0
209000094,0,0,0
209000110,99,59,40
209000111,456,1967,-1511
209000112,1492,357,1135
209000113,2386,341,2045
209000114,1179,358,821
209000115,9,19,-10
209000116,52,90,-38
209000118,1,70,-69
209000119,0,0,0
209000121,2,105,-103
209000135,78,27,51
209000142,877,2100,-1223
209000143,0,0,0
209000144,54,238,-184
209000229,127,48,79
209000240,7,11,-4
209000259,4,9,-5
209000260,13,228,-215
209000261,1,316,-315
209000262,0,323,-323
209000263,0,94,-94
209000264,0,43,-43
209000265,243,0,243
209000266,99,1,98
209000267,1249,1,1248
209000268,321,65,256
210000037,199,14,185
210000047,62,13,49
210000048,101,26,75
210000049,70,2,68
210000052,20,3,17
210000053,11,7,4
210000054,0,5,-5
210000070,136,11,125
210000071,157,1,156
210000072,57,1,56
210000073,0,0,0
210000074,0,0,0
210000075,0,0,0
210000076,0,3,-3
210000077,0,19,-19
210000078,1,58,-57
210000079,13,20,-7
210000080,50,173,-123
210000081,62,9,53
210000082,23,0,23
210000083,25,0,25
210000084,78,0,78
210000085,0,5,-5
210000086,0,0,0
210000099,2,4,-2
210000100,10,18,-8
210000101,5,18,-13
210000105,2,43,-41
210000159,0,0,0
210000163,8,15,-7
210000164,326,119,207
210000168,273,32,241
210000187,0,0,0
210000188,0,0,0
210000214,20,0,20
210000219,220,63,157
210000220,209,22,187
210000232,0,0,0
210000233,0,0,0
210000234,1,1,0
210000235,4,3,1
210000245,0,0,0
210000246,9,0,9
210000258,3,6,-3
210000259,212,25,187
210000282,0,8,-8
210000285,0,0,0
210000286,1,3,-2
210000290,0,2,-2
210000295,18,38,-20
210000296,11,0,11
210000320,305,28,277
210000321,165,27,138
210000338,25,20,5
210000339,16,73,-57
210000340,8,17,-9
210000341,23,22,1
210000342,81,27,54
210000343,45,48,-3
210000344,14,18,-4
210000345,3,71,-68
210000346,8,33,-25
210000347,5,22,-17
210000348,22,17,5
210000349,7,17,-10
210000350,43,15,28
210000351,48,16,32
210000352,62,26,36
210000353,42,39,3
210000354,30,30,0
210000355,28,107,-79
210000356,39,102,-63
210000357,20,101,-81
210000358,202,187,15
210000359,108,174,-66
210000360,138,148,-10
210000361,323,81,242
210000362,343,114,229
210000363,542,108,434
210000364,226,86,140
210000365,168,13,155
210000366,191,39,152
210000367,78,2,76
210000368,137,18,119
210000369,48,37,11
210000370,137,29,108
210000372,43,18,25
210000373,5,18,-13
210000374,98,35,63
210000375,24,28,-4
210000376,38,98,-60
210000404,6,7,-1
210000439,70,24,46
210000472,24,2,22
210000482,137,81,56
210000564,246,111,135
210000567,2,23,-21
210000568,230,1,229
211000092,33,35,-2
211000094,42,7,35
211000169,309,1,308
211000172,21,132,-111
211000209,0,40,-40
211000226,4,0,4
211000270,34,12,22
211000275,80,4,76
211000276,171,28,143
211000279,37,15,22
211000281,83,18,65
211507980,1,50,-49
211977296,27,1,26
212000003,247,52,195
212000004,0,25,-25
212000005,4,37,-33
212000006,3,48,-45
212000008,59,65,-6
212000009,9,25,-16
212000012,42,18,24
212000013,4,4,0
212000014,59,30,29
212000015,71,54,17
212000016,130,187,-57
212000027,544,189,355
212000028,347,200,147
212000029,166,219,-53
212000030,37,27,10
212000031,31,24,7
212000048,6,108,-102
212000049,2,80,-78
212000050,5,4,1
212000051,126,36,90
212000052,81,43,38
212000053,62,106,-44
212000054,651,49,602
212000055,558,82,476
212000056,32,29,3
212000057,19,47,-28
212000058,191,35,156
212000070,89,43,46
212000077,73,67,6
212000099,459,108,351
212000108,308,203,105
212000111,463,31,432
212000120,14,49,-35
212000138,25,13,12
212000156,0,45,-45
212000158,2,84,-82
212000159,662,40,622
212000160,692,75,617
212000161,153,0,153
212000310,27,1,26
212000311,20,64,-44
212000374,7,0,7
213000001,8,224,-216
213000005,643,37,606
213000006,681,75,606
213000007,67,5,62
213000009,162,90,72
213000010,273,43,230
213000011,174,29,145
213000012,229,157,72
213000014,52,13,39
213000015,203,10,193
213000016,244,1,243
213000017,30,1,29
213000018,0,6,-6
213000019,0,23,-23
213000020,113,41,72
213000021,4,21,-17
213000023,435,205,230
213000033,257,570,-313
213000034,402,110,292
213000035,130,274,-144
213000045,135,115,20
213000046,55,67,-12
213000047,90,551,-461
213000056,159,7,152
213000069,51,0,51
213000073,0,70,-70
213000074,90,222,-132
213000075,482,4,478
213000076,9,0,9
213000085,0,0,0
213000086,2,31,-29
213000091,293,4,289
213000092,40,3,37
213000099,85,652,-567
213000100,551,134,417
213000101,624,68,556
213000102,555,98,457
213000103,259,212,47
213000104,27,177,-150
213000105,44,778,-734
213000106,18,68,-50
213000107,104,231,-127
213000108,8,192,-184
213000109,7,128,-121
213000110,6,82,-76
213000111,0,60,-60
213000112,31,252,-221
213000115,23,3,20
213000116,11,178,-167
213000117,2,175,-173
213000118,995,244,751
213000119,12,219,-207
213000120,15,142,-127
213000122,60,311,-251
213000123,33,298,-265
213000124,85,398,-313
213000125,214,38,176
213000126,3,31,-28
213000127,9,70,-61
213000128,49,309,-260
213000129,196,908,-712
213000130,1147,355,792
213000132,1023,77,946
213000133,840,51,789
213000134,906,8,898
213000136,568,33,535
213000137,600,30,570
213000139,142,23,119
213000147,10,10,0
213000148,28,33,-5
213000149,9,0,9
213000150,0,221,-221
213000151,1,162,-161
213000152,1,163,-162
213000153,1,141,-140
213000154,53,153,-100
213000155,84,129,-45
213000156,93,215,-122
213000157,820,143,677
213000158,364,274,90
213000159,871,196,675
213000163,2146,148,1998
213000165,531,152,379
213000171,0,11,-11
213000172,0,21,-21
213000173,0,14,-14
213000174,0,17,-17
213000175,3,13,-10
213000176,129,33,96
213000177,178,0,178
213000178,347,1,346
213000179,301,0,301
213000180,566,0,566
213000184,46,219,-173
213000188,675,77,598
213000189,906,18,888
213000190,813,144,669
213000191,711,61,650
213000192,228,55,173
213000193,217,151,66
213000194,0,149,-149
213000195,36,200,-164
213000196,277,516,-239
213000197,525,336,189
213000198,8,1,7
213000200,81,335,-254
213000201,0,90,-90
213000202,8,179,-171
213000203,960,133,827
213000204,871,36,835
213000205,545,22,523
213000206,414,40,374
213000207,28,3,25
213000208,32,2,30
213000209,80,2,78
213000210,142,0,142
213000211,3,22,-19
213000212,1,51,-50
213000213,3,63,-60
213000218,307,345,-38
213000219,1100,9,1091
213000220,1139,15,1124
213000223,190,135,55
213000224,15,55,-40
213000225,71,33,38
213000226,32,16,16
213000227,1328,92,1236
213000228,604,31,573
213000229,118,21,97
213000230,423,6,417
213000232,39,1067,-1028
213000233,8,75,-67
213000234,0,9,-9
213000293,1,247,-246
213000294,89,8,81
213000295,11,167,-156
213000296,143,33,110
213000297,4,18,-14
213000298,0,63,-63
213000299,31,29,2
213000300,1,13,-12
213000303,1,18,-17
213000304,0,24,-24
213000305,0,31,-31
213000306,10,34,-24
213000307,59,93,-34
213000308,36,29,7
213000309,160,31,129
213000310,114,57,57
213000311,30,470,-440
213000315,17,47,-30
213000316,260,67,193
213000322,123,36,87
213000323,185,25,160
213000324,93,21,72
213000325,87,25,62
213000326,79,11,68
213000327,91,34,57
213000328,41,74,-33
213000329,59,25,34
213000340,39,282,-243
213000341,1227,21,1206
213000346,79,245,-166
213000347,131,330,-199
213000348,0,83,-83
213000349,5,28,-23
213000350,212,350,-138
213000366,33,151,-118
213000367,349,7,342
213000379,62,35,27
213000386,9,149,-140
213000406,92,213,-121
213000417,1522,321,1201
213000425,365,40,325
213000426,248,18,230
213000427,97,91,6
213000428,72,26,46
213000429,1,1,0
213000430,26,68,-42
213000431,5,6,-1
213000432,0,390,-390
213000433,30,50,-20
213000434,230,40,190
213000435,124,22,102
213000436,85,12,73
213000437,0,10,-10
213000438,98,33,65
213000439,69,22,47
213000440,11,103,-92
213000441,0,5,-5
213000442,7,11,-4
213000443,251,434,-183
213000444,63,12,51
213000445,0,94,-94
213000446,0,299,-299
213000447,1,80,-79
213000448,4,95,-91
213000449,927,6,921
213000450,44,3,41
213000451,375,28,347
213000452,9,3,6
213000453,1,42,-41
213000455,153,48,105
213000456,0,181,-181
213000481,1,1,0
213000484,30,1,29
213000489,102,21,81
213000491,3,329,-326
213000492,68,36,32
213000493,1,416,-415
213000494,345,42,303
213000495,0,10,-10
213000496,531,92,439
213000497,19,204,-185
213000498,57,83,-26
213000499,113,206,-93
213000500,597,35,562
213000501,154,10,144
213000502,55,47,8
213000503,1,43,-42
213000504,2,69,-67
213000505,15,0,15
213000506,0,1,-1
213000507,5,53,-48
213900016,0,1,-1
213900244,110,1,109
213900245,0,3,-3
218000003,71,6,65
218000004,11,5,6
218000005,12,49,-37
218000006,56,32,24
218000007,7,5,2
218000012,93,158,-65
218000013,64,81,-17
218000014,84,37,47
218000019,397,181,216
218000020,173,160,13
218000021,6,3,3
218000022,2,6,-4
218000023,0,6,-6
218000024,0,1,-1
218000025,4,6,-2
218000026,4,8,-4
218000027,11,3,8
218000028,6,2,4
218000029,1,1,0
218000030,6,1,5
218000031,4,2,2
218000032,1,0,1
218000040,5,1,4
218000046,113,127,-14
218000047,6,101,-95
218000048,144,112,32
218000049,59,122,-63
218000050,395,144,251
218000051,108,130,-22
218000052,0,30,-30
218000053,0,10,-10
218000054,16,47,-31
218000055,0,24,-24
218000056,20,46,-26
218000057,5,34,-29
218000064,0,0,0
218000065,31,6,25
218000066,11,62,-51
218000067,134,43,91
218000068,167,73,94
218000069,445,37,408
218000070,277,159,118
218000071,215,124,91
218000072,94,95,-1
218000078,603,277,326
218000079,349,26,323
218000080,245,38,207
218000081,691,36,655
218000082,218,21,197
218000083,20,30,-10
218000084,60,55,5
218000085,64,54,10
218000086,22,31,-9
218000087,44,26,18
218000090,31,158,-127
218000091,1119,338,781
218000092,152,68,84
218000093,48,39,9
218000094,331,156,175
218000099,136,97,39
218000100,145,30,115
218000101,95,45,50
218000102,185,44,141
218000103,44,46,-2
218000104,18,12,6
218000105,16,11,5
218000106,39,10,29
218000107,64,37,27
218000108,0,34,-34
218000112,21,24,-3
218000117,62,48,14
218000134,325,142,183
218000135,9,104,-95
218000136,116,144,-28
218000137,66,51,15
218000138,55,29,26
218000139,188,174,14
218000140,355,145,210
218000141,94,59,35
218000142,118,56,62
218000143,27,112,-85
218000144,16,124,-108
218000145,546,155,391
218000146,80,39,41
218000151,1,53,-52
218000152,39,40,-1
218000153,2,18,-16
218000154,8,5,3
218000155,33,5,28
218000156,147,8,139
218000157,78,4,74
218000158,19,2,17
218000159,11,4,7
218000160,5,3,2
218000161,91,5,86
218000162,116,3,113
218000163,69,5,64
218000164,164,2,162
218000165,207,24,183
218000170,3,30,-27
218000171,64,9,55
218000172,23,17,6
218000173,21,15,6
218000174,22,5,17
218000176,364,25,339
218000177,564,47,517
218000178,174,27,147
218000179,233,47,186
218000180,127,6,121
218000181,393,26,367
218000187,3,13,-10
218000188,2,11,-9
218000189,4,27,-23
218000190,33,7,26
218000191,19,2,17
218000192,76,36,40
218000193,113,45,68
218000194,70,91,-21
218000195,149,48,101
218000196,340,87,253
218000197,786,74,712
218000198,89,17,72
218000199,32,7,25
218000200,70,10,60
218000201,17,3,14
218000202,8,178,-170
218000207,28,10,18
218000208,10,43,-33
218000211,35,2,33
218000212,2,6,-4
218000213,202,191,11
218000214,4,87,-83
218000215,87,92,-5
218000217,3,47,-44
218000218,398,121,277
218000219,2,33,-31
218000220,67,377,-310
218000221,682,334,348
218000222,1,63,-62
218000223,74,418,-344
218000224,5,230,-225
218000225,227,12,215
218000226,465,59,406
218000230,0,11,-11
218000232,80,29,51
218000239,109,1,108
218000240,2,1,1
218000241,2,0,2
218000242,1,0,1
218000243,3,1,2
218000244,4,0,4
218000245,8,5,3
218000246,0,4,-4
218000247,0,0,0
218000248,0,12,-12
218000249,0,0,0
218000250,0,9,-9
218000251,0,19,-19
218000252,2,34,-32
218000253,0,11,-11
218000254,0,9,-9
218000255,1,17,-16
218000256,12,62,-50
218000267,306,436,-130
218000268,1,15,-14
218000269,0,3,-3
218000270,22,9,13
218000271,13,5,8
218000273,64,2,62
218000274,10,3,7
218000275,85,76,9
218000276,47,15,32
218000278,17,27,-10
218000279,69,5,64
218000280,0,1,-1
218000281,2,11,-9
218000282,406,574,-168
218000284,25,11,14
218000301,11,63,-52
218000302,61,31,30
218000303,1,46,-45
218000316,1344,407,937
218000317,2494,215,2279
218000318,1238,171,1067
218000319,489,264,225
218000320,318,143,175
218000338,20,33,-13
218000345,188,10,178
218000346,14,110,-96
218000459,57,154,-97
218000490,1,19,-18
218000501,69,20,49
218000502,52,14,38
218000503,122,6,116
218000504,55,5,50
218000505,17,32,-15
218000506,14,83,-69
218000508,1,2,-1
218000510,30,15,15
218000520,158,69,89
218000521,1,7,-6
218000522,3,187,-184
218000523,111,1,110
218000524,1,181,-180
218000525,43,15,28
218000526,0,145,-145
218000529,6,64,-58
218000530,42,6,36
218000531,3,12,-9
218000532,58,10,48
218000534,466,13,453
218000537,1,90,-89
218000538,55,157,-102
218000540,49,89,-40
218000543,139,16,123
218000544,8,14,-6
218000545,216,85,131
218000546,10,23,-13
218000547,130,132,-2
218000548,60,96,-36
218000549,853,80,773
218000550,73,187,-114
218000551,54,235,-181
218000552,279,47,232
218000553,29,56,-27
218000554,8,13,-5
218000555,12,14,-2
218000556,106,12,94
218000557,705,44,661
218000558,23,0,23
218000559,0,62,-62
218000560,0,56,-56
218000561,2,0,2
218000562,0,96,-96
218000563,57,12,45
218000564,1,114,-113
218000565,76,22,54
218000566,57,11,46
218000567,0,95,-95
218000568,3,0,3
218000569,0,116,-116
218000570,28,21,7
218000571,0,75,-75
218000572,22,1,21
218000573,4,133,-129
218000574,15,14,1
218000575,53,0,53
218000576,1,102,-101
218000577,10,0,10
218000578,0,65,-65
218000579,1,2,-1
218000581,4,36,-32
218000582,118,3,115
218000583,1,0,1
218000584,0,28,-28
218000585,14,1,13
218000586,3,20,-17
218000587,24,0,24
218000588,1,42,-41
218000589,0,34,-34
218000590,2,1,1
218000591,0,94,-94
218000592,3,66,-63
218000593,0,0,0
218000594,0,27,-27
218000595,0,15,-15
218000596,0,0,0
218000597,0,9,-9
218000598,0,1,-1
218000599,2,115,-113
218000600,5,8,-3
218000601,0,32,-32
218000602,0,0,0
218000603,0,8,-8
218000604,38,0,38
218000605,1,300,-299
218000606,305,1,304
218000607,6,32,-26
218000608,9,9,0
218000609,2,27,-25
218000610,98,0,98
218000611,8,1,7
218000612,0,19,-19
218000613,30,2,28
218000614,0,24,-24
218000615,146,0,146
218000616,28,267,-239
218000617,0,0,0
218000618,0,19,-19
218000619,26,13,13
218000620,1,31,-30
218000621,0,3,-3
218000622,2,85,-83
218000623,9,0,9
218000624,1,54,-53
218000625,5,6,-1
218000626,0,25,-25
218000628,190,120,70
218000631,91,14,77
218000632,1,104,-103
218000633,92,2,90
218000634,1,6,-5
218000635,5,5,0
218000636,346,196,150
218000637,1132,78,1054
218000638,477,8,469
218000639,48,32,16
218000640,664,3,661
218000641,64,62,2
218000652,58,67,-9
218000653,294,27,267
218000663,2,18,-16
218000675,6,56,-50
218000676,0,2,-2
218000677,38,1,37
218000680,143,66,77
218000681,842,31,811
218000691,159,112,47
218000693,774,39,735
218000703,2,5,-3
218000718,9,99,-90
218000719,15,58,-43
218000720,2,109,-107
218000721,8,1,7
218000725,5,6,-1
218001214,32,64,-32
218001329,74,67,7
218001330,15,72,-57
218001351,6,8,-2
218001352,4,13,-9
218001353,0,1,-1
218001354,3,50,-47
218001355,43,1,42
218001357,38,3,35
219000001,0,0,0
219000002,0,0,0
219000003,45,20,25
219000004,24,46,-22
219000017,69,28,41
219000020,184,8,176
219000022,157,0,157
219000023,32,1,31
219000029,0,0,0
219000034,57,26,31
219000039,0,2,-2
219000040,13,37,-24
219000041,94,44,50
219000051,0,0,0
219000052,0,1,-1
219000053,0,0,0
219000054,0,0,0
219000055,272,4,268
219000056,2,0,2
219000057,45,0,45
219000062,4,29,-25
219000063,292,5,287
219000064,0,19,-19
219000110,193,210,-17
219000111,81,74,7
219000112,209,15,194
219000113,228,27,201
219000114,146,13,133
219000116,102,40,62
219000117,62,24,38
219000118,61,29,32
219000123,45,2,43
219000124,3,1,2
219000125,0,0,0
219000126,0,0,0
219000127,0,0,0
219000128,2,1,1
219000129,2,6,-4
219000130,28,59,-31
219000131,573,704,-131
219000133,18,55,-37
219000134,4,30,-26
219000135,2,42,-40
219000136,46,163,-117
219000138,55,2,53
219000139,60,1,59
219000140,120,1,119
219000141,38,2,36
219000142,3,5,-2
219000143,14,2,12
219000145,5,2,3
219000146,0,0,0
219000147,0,0,0
219000148,0,0,0
219000149,0,0,0
219000150,0,0,0
219000151,0,0,0
219000157,249,65,184
219000158,244,46,198
219000161,177,2,175
219000163,706,201,505
219000166,100,52,48
219000167,52,27,25
219000168,276,27,249
219000174,621,65,556
219000175,156,2,154
219000176,190,9,181
219000177,101,3,98
219000178,128,0,128
219000179,82,46,36
219000180,33,0,33
219000182,53,11,42
219000183,58,9,49
219000184,69,2,67
219000185,0,0,0
219000186,27,12,15
219000187,22,12,10
219000189,14,4,10
219000190,1,4,-3
219000191,27,129,-102
219000192,287,166,121
219000193,15,6,9
219000195,0,0,0
219000196,0,0,0
219000198,0,2,-2
219000199,0,1,-1
219000200,0,0,0
219000201,1,1,0
219000203,2,5,-3
219000204,2,39,-37
219000205,13,36,-23
219000207,6,49,-43
219000209,0,0,0
219000210,0,1,-1
219000213,0,49,-49
219000239,88,90,-2
219000240,56,189,-133
219000241,77,60,17
219000242,33,77,-44
219000243,42,295,-253
219000244,1,142,-141
219000245,15,29,-14
219000246,26,15,11
219000247,318,36,282
219000248,368,362,6
219000249,239,148,91
219000250,155,44,111
219000251,562,97,465
219000252,193,85,108
219000253,241,16,225
219000255,156,153,3
219000256,415,47,368
219000257,93,0,93
219000262,8,18,-10
219000263,34,4,30
219000267,0,0,0
219000268,0,0,0
219000269,1,6,-5
219000270,27,0,27
219000271,145,11,134
219000278,0,0,0
219000279,0,0,0
219000283,0,2,-2
219000295,2,21,-19
219000296,9,84,-75
219000297,13,3,10
219000298,1,3,-2
219000299,201,31,170
219000300,24,9,15
219000301,23,50,-27
219000302,4,7,-3
219000307,0,0,0
219000308,67,25,42
219000311,62,17,45
219000312,267,46,221
219000313,314,53,261
219000314,12,14,-2
219000315,346,15,331
219000316,511,40,471
219000317,150,7,143
219000320,0,0,0
219000321,0,0,0
219000323,0,0,0
219000325,0,0,0
219000326,5,11,-6
219000327,0,0,0
219000328,0,0,0
219000329,276,97,179
219000330,8,6,2
219000331,30,6,24
219000332,212,23,189
219000333,29,10,19
219000335,53,1,52
219000337,3,4,-1
219000338,16,2,14
219000344,0,0,0
219000345,0,0,0
219000346,0,0,0
219000348,17,11,6
219000349,4,35,-31
219000350,2,9,-7
219000351,0,0,0
219000352,8,61,-53
219000353,175,46,129
219000354,698,35,663
219000355,94,12,82
219000356,295,623,-328
219000363,111,25,86
219000364,145,31,114
219000365,80,11,69
219000366,139,689,-550
219000368,204,296,-92
219000370,456,339,117
219000371,0,0,0
219000382,3,5,-2
219000383,67,235,-168
219000385,44,167,-123
219000386,91,324,-233
219000387,0,0,0
219000390,1,12,-11
219000391,0,0,0
219000397,0,0,0
219000398,34,19,15
219000401,3,34,-31
219000402,5,15,-10
219000403,27,81,-54
219000404,13,35,-22
219000407,2,3,-1
219000409,95,32,63
219000410,103,4,99
219000411,80,2,78
219000446,2,48,-46
219000447,0,0,0
219000448,11,10,1
219000452,30,105,-75
219000453,10,111,-101
219000454,229,253,-24
219000556,605,27,578
219000558,13,47,-34
219000590,2,110,-108
219000591,338,35,303
219000592,8,54,-46
219000595,0,0,0
219000635,74,47,27
219000636,4,0,4
219000657,3,8,-5
219000658,0,5,-5
219000673,0,0,0
219000676,69,21,48
219000679,39,0,39
219000684,108,1,107
219000685,0,18,-18
219000686,0,2,-2
219000688,0,2,-2
219000689,4,67,-63
219000690,114,4,110
219000691,39,31,8
219000692,95,4,91
219000693,0,0,0
219000694,25,0,25
219000695,170,6,164
219000698,4,0,4
219000699,0,0,0
219000727,0,6,-6
219000728,55,0,55
219000770,7,2,5
219000771,0,0,0
219000788,56,179,-123
219001150,0,101,-101
219001151,0,0,0
219001166,5,27,-22
219001167,1,34,-33
219001178,59,0,59
220000001,2,76,-74
220000002,3,15,-12
220000003,28,39,-11
220000004,55,79,-24
220000005,101,341,-240
220000006,40,226,-186
220000007,143,144,-1
220000008,51,156,-105
220000009,58,35,23
220000010,20,100,-80
220000011,254,2826,-2572
220000012,19,293,-274
220000014,118,61,57
220000015,23,304,-281
220000017,42,156,-114
220000018,4608,989,3619
220000019,139,454,-315
220000020,326,170,156
220000021,615,133,482
220000022,1035,155,880
220000023,189,115,74
220000024,576,369,207
220000025,512,1291,-779
220000026,276,487,-211
220000027,15,216,-201
220000028,26,417,-391
220000029,0,16,-16
220000030,5,20,-15
220000031,579,344,235
220000064,18,414,-396
221000046,71,50,21
221000047,0,0,0
221000048,0,1,-1
221000049,0,3,-3
221000050,7,0,7
221000055,14,47,-33
221000057,175,5,170
221000068,197,66,131
221000069,300,17,283
221000070,167,6,161
221000071,109,2,107
221000072,268,4,264
221000073,235,10,225
221000074,0,1,-1
221000075,0,6,-6
221000076,1,7,-6
221000077,2,5,-3
221000081,2,1,1
221000082,67,2,65
221000083,5,7,-2
221000084,0,9,-9
221000085,4,63,-59
221000086,7,83,-76
221000087,0,119,-119
221000088,5,70,-65
221000089,8,84,-76
221000090,9,130,-121
221000098,172,13,159
221000099,184,4,180
221000100,194,3,191
221000101,130,2,128
221000102,125,6,119
221000109,1,7,-6
221000110,3,13,-10
221000111,1,11,-10
221000112,0,18,-18
221000113,3,24,-21
221000114,1,26,-25
221000120,5,82,-77
221000121,2,30,-28
221000122,6,54,-48
221000123,2,70,-68
221000124,53,210,-157
221000155,123,14,109
221000156,58,27,31
221000175,6,4,2
221000176,0,4,-4
221000182,63,5,58
221000241,293,295,-2
221000242,50,125,-75
221000243,286,93,193
221000244,59,206,-147
221000245,45,24,21
221000246,9,175,-166
221000247,79,49,30
221000248,75,94,-19
221000267,30,237,-207
221000325,44,86,-42
221000331,2,78,-76
221000338,5,73,-68
221000378,379,19,360
221000381,65,57,8
222000282,0,3,-3
222000296,9,60,-51
222000568,342,36,306
222000569,139,27,112
222000570,168,8,160
222000571,464,2,462
222000577,11,49,-38
222000578,3,88,-85
222000579,1,67,-66
222000580,10,912,-902
222000599,0,65,-65
222000600,0,66,-66
222000601,2,188,-186
222000603,17,30,-13
222000604,0,34,-34
222000605,3,27,-24
222000606,0,22,-22
222000607,2,4,-2
222000608,2,7,-5
222000609,48,30,18
222000616,746,29,717
222000617,8,3,5
222000618,2,5,-3
222000620,17,5,12
222000621,7,15,-8
222000623,567,3,564
222000624,458,18,440
222000625,875,23,852
222000636,47,7,40
222000686,15,36,-21
222000687,34,4,30
222001066,603,2,601
222001067,75,1,74
222001068,348,9,339
222001069,160,26,134
222001082,33,6,27
222001083,121,6,115
222001084,0,15,-15
222001085,0,281,-281
222001111,129,36,93
222001112,385,4,381
222001313,3,3,0
222001314,0,55,-55
222001464,67,16,51
222001465,6,136,-130
222001484,258,23,235
222001485,5,16,-11
222001494,981,97,884
222001495,30,110,-80
222001496,518,59,459
222001497,49,182,-133
222001502,0,27,-27
222001503,176,17,159
222001504,6,50,-44
222001505,422,12,410
222001506,1,6,-5
222001507,256,12,244
222001510,838,25,813
222001511,4,58,-54
222001514,784,37,747
222001515,18,65,-47
222001518,720,37,683
222001519,31,69,-38
222001527,190,28,162
222001528,0,20,-20
222001529,639,18,621
222001530,8,48,-40
222001533,11,112,-101
222001534,808,8,800
222001535,353,90,263
222001536,35,194,-159
222001537,343,19,324
222001538,6,114,-108
222001563,1051,19,1032
222001564,18,91,-73
222001568,115,29,86
222001576,0,6,-6
222001579,0,49,-49
222001583,14,53,-39
222001584,293,25,268
222001596,106,329,-223
222001597,1456,69,1387
222001626,0,33,-33
222001650,23,20,3
222001651,24,184,-160
222001914,390,22,368
222001915,0,34,-34
222001968,399,79,320
222001969,106,271,-165
222001970,93,186,-93
222001971,126,1,125
222001972,4,4,0
225000001,385,87,298
225000002,726,78,648
225000003,928,48,880
225000004,562,45,517
225000005,41,34,7
225000006,0,1,-1
225000007,115,304,-189
225000010,261,39,222
225000011,143,914,-771
225000012,161,530,-369
225000013,65,49,16
225000014,564,64,500
225000015,52,81,-29
225000021,367,53,314
225000027,75,73,2
225000032,528,35,493
225000042,35,101,-66
225000049,15,15,0
225000050,106,9,97
225000053,0,0,0
225000058,358,64,294
225000067,41,13,28
225000068,16,22,-6
225000069,9,42,-33
225000070,10,34,-24
225000071,5,40,-35
225000075,17,245,-228
225000076,0,0,0
225000078,30,12,18
225000085,128,13,115
225000086,262,19,243
225000087,103,2,101
225000088,2,29,-27
225000089,0,0,0
225000090,0,0,0
225000091,0,0,0
225000092,3,32,-29
225000093,28,18,10
225000094,11,20,-9
225000095,47,27,20
225000096,9,29,-20
225000098,715,43,672
225000099,437,31,406
225000100,571,73,498
225000104,22,132,-110
225000110,5,35,-30
225000111,111,118,-7
225000112,176,303,-127
225000113,61,387,-326
225000114,85,170,-85
225000115,613,310,303
225000116,228,50,178
225000117,399,292,107
225000118,770,202,568
225000119,222,57,165
225000120,422,12,410
225000121,88,7,81
225000123,797,6,791
225000125,537,106,431
225000126,351,124,227
225000127,331,1908,-1577
225000128,347,1165,-818
225000132,591,0,591
225000133,94,8,86
225000134,497,73,424
225000135,127,26,101
225000136,399,9,390
225000137,374,31,343
225000138,389,91,298
225000143,0,1,-1
225000144,0,1,-1
225000145,54,35,19
225000146,0,0,0
225000147,0,0,0
225000148,0,0,0
225000149,0,0,0
225000151,0,0,0
225000155,4,15,-11
225000156,72,455,-383
225000157,128,145,-17
225000158,8,24,-16
225000171,0,37,-37
225000180,2,0,2
225000181,0,7,-7
225000182,32,7,25
225000185,1,87,-86
225000187,3,61,-58
225000191,3,0,3
225000194,0,2,-2
225000208,0,6,-6
225000209,48,8,40
225000210,0,0,0
225000217,0,0,0
225000218,1,0,1
225000223,0,21,-21
225000224,3,0,3
225000225,0,19,-19
225000226,40,15,25
225000227,1,57,-56
225000228,2,38,-36
225000229,0,2,-2
225000230,0,1,-1
225000231,0,1,-1
225000232,159,0,159
225000241,57,0,57
225000242,0,6,-6
225000249,0,0,0
225000250,0,0,0
225000251,553,21,532
225000254,0,59,-59
225000256,8,178,-170
225000257,1,143,-142
226000042,11,11,0
226000043,0,29,-29
226000044,5,48,-43
226000045,2,50,-48
226000046,802,27,775
226000047,369,49,320
226000048,448,47,401
226000049,350,167,183
226000070,0,0,0
226000071,0,0,0
226000072,0,1,-1
226000073,0,0,0
226000074,0,0,0
226000084,0,0,0
226000085,0,1,-1
226000086,0,1,-1
226000087,0,0,0
226000088,0,0,0
226000090,19,68,-49
226000091,1,17,-16
226000092,2,38,-36
226000093,4,13,-9
226000094,5,2,3
226000095,23,4,19
226000105,1,0,1
226000106,5,0,5
226000107,40,0,40
226000108,1,0,1
226000109,170,0,170
226000124,313,56,257
226000134,1350,250,1100
226000135,2396,315,2081
226000136,838,160,678
226000137,0,0,0
226000138,0,0,0
226000139,0,0,0
226000156,269,0,269
226000157,342,1,341
226000163,2,1,1
226000202,0,0,0
226000231,482,2,480
226000232,25,0,25
227000033,568,10,558
227000036,897,11,886
227000037,770,2,768
227000038,238,11,227
227000084,0,0,0
227000085,0,0,0
227000088,49,2,47
227000089,65,0,65
227000090,41,0,41
227000091,87,0,87
227000092,31,0,31
227000093,98,0,98
227000094,15,0,15
227000130,0,0,0
227000131,0,0,0
227000132,0,0,0
227000133,0,0,0
227000134,0,0,0
227000152,0,0,0
227000153,0,0,0
227000154,0,0,0
227000155,0,0,0
227000156,0,0,0
227000165,0,0,0
227000196,857,46,811
227000199,662,61,601
227000230,2,78,-76
227000232,1321,80,1241
227000242,0,0,0
227000243,419,28,391
227000245,0,3,-3
227000246,2,5,-3
227000247,682,20,662
227000248,144,70,74
227000249,0,38,-38
227000250,277,317,-40
227000251,0,40,-40
227000252,0,5,-5
227000253,367,44,323
227000262,869,14,855
227000266,2123,16,2107
227000267,1,151,-150
227000282,0,0,0
227000284,867,10,857
227000286,0,0,0
227000291,0,0,0
227000296,173,123,50
227000484,224,20,204
227000485,1,4,-3
227000655,536,4,532
227000656,812,13,799
227000657,273,6,267
227000704,504,14,490
229000265,56,4,52
229000266,0,0,0
229000267,24,0,24
229000268,17,0,17
229000269,30,0,30
229000274,4,50,-46
229000275,0,55,-55
229000276,0,34,-34
229000277,0,1,-1
229000278,1,12,-11
229000295,7,45,-38
229000296,1,27,-26
229000297,2,18,-16
229000298,1,221,-220
229000320,22,7,15
229000321,20,15,5
229000412,35,49,-14
229000414,25,35,-10
229000415,17,0,17
229000416,3,2,1
229000417,1,3,-2
229000419,156,163,-7
229000440,216,88,128
229000442,17,5,12
229000443,22,2,20
229000444,0,21,-21
229000445,42,16,26
229000446,75,12,63
229000491,1,0,1
229000492,1,2,-1
229000493,1,6,-5
229000494,129,1,128
229000495,174,0,174
229000496,332,1,331
229000507,0,0,0
229000508,0,0,0
229000509,0,1,-1
229000510,0,0,0
229000511,0,0,0
229000512,0,0,0
229000513,0,0,0
229000514,0,0,0
229000517,2,1,1
229000518,1,1,0
229000519,0,0,0
229000520,3,6,-3
229000521,96,12,84
229000522,6,4,2
229000523,7,0,7
229000524,15,3,12
229000527,0,0,0
229000528,0,0,0
229000529,21,0,21
229000530,178,0,178
229000531,26,2,24
229000532,20,0,20
229000533,69,1,68
229000534,36,0,36
229000564,135,0,135
229000565,99,0,99
229000566,0,0,0
229000567,0,1,-1
229000582,60,1,59
229000583,27,5,22
229000584,0,0,0
229000585,0,2,-2
229000718,0,0,0
229000719,0,0,0
229000720,0,0,0
229000721,0,0,0
229000722,0,0,0
229000723,0,0,0
229000724,0,0,0
229000725,0,0,0
229000738,2,0,2
229000739,4,0,4
229000740,1,0,1
229000741,66,0,66
229000742,14,0,14
229000743,52,0,52
229000744,1,0,1
229000745,1,0,1
229000746,38,0,38
229000847,142,0,142
229000848,167,0,167
229000849,290,0,290
229000851,262,0,262
229000854,0,0,0
229000856,0,0,0
229000857,0,0,0
229000858,0,0,0
229000919,0,0,0
229000930,0,0,0
229000937,69,13,56
229000966,38,6,32
229000981,0,0,0
229000985,7,3,4
229000986,0,0,0
229000987,0,2,-2
229000988,2,6,-4
229000989,2,6,-4
229000990,0,10,-10
229000991,0,0,0
229000992,6,6,0
229000993,154,17,137
229000998,54,38,16
229000999,73,6,67
229001034,0,14,-14
229001035,17,15,2
229001036,14,9,5
229001037,46,8,38
229001038,0,2,-2
229001039,16,0,16
229001040,0,53,-53
229001041,122,0,122
229001042,12,12,0
229001047,8,44,-36
229001050,74,18,56
229001168,0,0,0
229001200,23,1,22
229001338,2,4,-2
229001394,183,2,181
229001422,70,9,61
229001423,0,0,0
229001431,12,13,-1
229001432,0,0,0
229001444,171,11,160
229001445,148,42,106
229001479,47,0,47
229001503,279,20,259
229001504,0,0,0
229001505,102,6,96
229001506,0,0,0
229001509,80,1,79
229001510,18,12,6
229001545,44,12,32
229001546,0,0,0
229001553,81,12,69
229001554,0,0,0
229001630,156,12,144
229001631,20,11,9
229001635,0,12,-12
229001636,0,0,0
229001658,0,0,0
229001659,46,5,41
229001660,0,1,-1
229001661,2,6,-4
229001662,12,0,12
229001663,0,0,0
229002584,293,170,123
229002831,102,99,3
229002841,2,40,-38
229002842,10,14,-4
229002843,68,25,43
229002844,17,64,-47
229002845,0,59,-59
229002846,2,11,-9
229002847,0,7,-7
229002848,3,12,-9
229002849,3,59,-56
229002850,14,27,-13
229002851,6,186,-180
229002852,123,67,56
229002853,48,8,40
229002854,28,11,17
229002855,1,55,-54
229002856,42,2,40
229002857,50,27,23
229002858,38,1,37
229002859,15,6,9
229002860,30,17,13
229002861,41,45,-4
229002862,4,6,-2
229002863,3,45,-42
229002864,53,46,7
229002865,1,22,-21
229002866,23,22,1
229002867,0,18,-18
229002868,1,5,-4
229002869,8,56,-48
229002870,47,3,44
235000066,88,10,78
235000067,91,34,57
235000072,0,0,0
235000073,0,0,0
235000074,0,0,0
235000080,0,0,0
235000081,0,0,0
235000082,317,53,264
235000083,264,73,191
235000084,26,56,-30
235000085,175,77,98
235000089,35,11,24
235000092,0,0,0
235000093,0,0,0
235000097,2,0,2
235000098,62,3,59
235000099,15,8,7
235000116,6,24,-18
235000117,395,12,383
235000133,0,0,0
235000134,0,0,0
235000206,0,2,-2
235000207,4,1,3
235000208,0,6,-6
235000209,0,1,-1
235000210,1,1,0
235000212,0,0,0
235000213,0,0,0
235000220,0,0,0
235000221,0,0,0
235000238,15,441,-426
235000239,0,48,-48
235000242,217,1297,-1080
235000245,0,0,0
235000246,0,0,0
235000284,1,81,-80
235000295,15,4,11
235000305,281,4,277
235000306,513,5,508
235000307,26,6,20
235000308,1,0,1
235000309,68,0,68
235000310,31,0,31
235000311,16,20,-4
235000322,0,12,-12
235000323,0,14,-14
235000324,0,3,-3
235000325,0,8,-8
235000326,5,32,-27
235000351,1,89,-88
235000352,5,54,-49
235000353,10,25,-15
235000354,0,4,-4
235000355,2,61,-59
235000356,49,0,49
235000357,35,2,33
235000358,30,1,29
235000359,4,1,3
235000360,45,1,44
235000361,25,2,23
235000381,0,0,0
235000382,244,8,236
235000390,0,2,-2
235000391,175,31,144
235000392,154,89,65
235000393,174,111,63
235000395,180,48,132
235000396,847,15,832
235000400,28,38,-10
235000401,0,0,0
235000405,0,0,0
235000406,0,0,0
235000407,0,0,0
235000409,0,0,0
235000410,0,0,0
235000411,0,0,0
235000485,0,0,0
235000486,17,0,17
235000549,73,64,9
235000550,0,0,0
235000599,0,0,0
235000600,0,0,0
235000601,44,5,39
235000602,76,27,49
235000614,0,0,0
235000648,0,0,0
235000649,22,14,8
235000685,0,0,0
235000815,15,18,-3
235000834,0,9,-9
235000855,34,27,7
235000862,0,0,0
235000891,0,0,0
235000892,0,0,0
235000901,0,0,0
235000907,0,0,0
235001010,59,40,19
235001029,0,0,0
235001030,212,21,191
235001078,145,44,101
235001079,0,0,0
235001147,1,23,-22
235001166,1,34,-33
235001167,0,0,0
235001169,4,107,-103
235001188,0,0,0
235001189,1,1,0
235001197,0,0,0
235001200,0,0,0
235001207,235,35,200
235001210,0,0,0
235001215,0,0,0
235001239,0,0,0
235001244,0,3,-3
235016267,0,54,-54
277101746,0,1,-1
277102712,1,0,1
277103813,0,0,0
277103814,0,0,0
277103898,0,1,-1
277104249,0,0,0
277104250,0,14,-14
277104251,0,0,0
277104252,1,3,-2
990011530,0,120,-120
990014944,0,68,-68
990015176,6,37,-31
990015618,0,97,-97
990016032,0,113,-113
990032570,8,303,-295
990070001,47,5,42
990070103,0,1,-1
990070601,0,9,-9
990070751,1826,3,1823
990070766,0,78,-78
990071180,466,41,425
990071343,3,0,3
990071387,0,0,0
990071823,532,11,521
990072600,2,623,-621
990072964,0,130,-130
990073285,0,1,-1
990074393,0,264,-264
990074870,1424,8,1416
990075106,253,3,250
990075746,658,6,652
990076437,3385,2,3383
990076458,1,337,-336
997000007,182,9,173
997000041,1,285,-284
997000058,54,0,54
997000062,83,1,82
997000069,0,2,-2
997000070,0,6,-6
997000100,62,1,61
997000141,0,0,0
997000198,0,0,0
998000475,0,3,-3
998000736,0,53,-53
998000965,0,57,-57
998001031,0,60,-60
998001700,0,6,-6
998001899,0,0,0
998001900,0,13,-13
998003073,1960,17,1943
998101900,0,0,0
998102850,0,92,-92
998501927,282,127,155
998501929,190,1,189
998501930,65,0,65
998501931,115,29,86
998501932,11,7,4
998501933,38,0,38
998501937,7,1,6
998501944,6,1,5
998501950,0,0,0
998501970,142,16,126
998501971,0,7,-7
998501973,0,11,-11
998501974,0,113,-113
998501975,117,16,101
998501976,50,1,49
998501977,0,69,-69
998501978,2,0,2
998501979,0,0,0
998501980,114,2,112
998501981,51,2,49
998501982,1,41,-40
998502006,0,0,0
998502024,0,8,-8
998502032,0,1,-1
998502062,21,1,20
998502063,0,0,0
998502173,10,0,10
998502269,0,0,0
998601159,0,38,-38
998601292,1,5,-4
999033574,3,454,-451
999800001,26,4,22
999800002,0,1,-1
999800003,8,5,3
999800004,0,13,-13
999800005,0,0,0
