ID,insum,outsum,diff
100000001,647,1210,-563
100000002,7329,2137,5192
100000003,10086,5327,4759
100000004,1938,1698,240
100000005,3209,6372,-3163
100000006,1008,205,803
100000007,3551,1103,2448
100000008,431,759,-328
100000009,1260,1133,127
100000010,201,192,9
100000011,1619,155,1464
100000012,157,997,-840
100000013,422,375,47
100000014,872,415,457
100000015,2402,3941,-1539
100000016,1446,1904,-458
100000017,1254,1239,15
100000018,2694,870,1824
100000019,7448,2976,4472
100000020,3176,12265,-9089
100000021,8167,3279,4888
100000022,3497,2542,955
100000023,7739,2076,5663
100000025,3499,1291,2208
100000028,3345,1400,1945
100000029,341,313,28
100000030,453,95,358
100000031,7329,11404,-4075
100000032,4350,7159,-2809
100000033,1506,4939,-3433
100000034,819,547,272
100000035,3004,1610,1394
100000036,3868,1869,1999
100000037,773,697,76
100000038,2988,1618,1370
100000039,2425,433,1992
100000040,599,305,294
100000041,1909,736,1173
100000042,1824,685,1139
100000043,1775,580,1195
100000044,580,819,-239
100000045,968,1649,-681
100000046,1753,1681,72
100000047,813,1208,-395
100000048,2311,1032,1279
100000049,2929,3347,-418
100000051,1037,1535,-498
100000053,309,12,297
100000054,941,69,872
100000055,2539,364,2175
100000056,926,832,94
100000057,3293,1173,2120
100000058,1737,1797,-60
100000059,39,163,-124
100000060,504,700,-196
100000061,3292,956,2336
100000062,3241,940,2301
100000063,993,410,583
100000064,2225,696,1529
100000065,759,1708,-949
100000066,378,1227,-849
100000067,840,1255,-415
100000068,878,2630,-1752
100000069,687,2455,-1768
100000072,578,1710,-1132
100000073,1980,1872,108
100000075,1040,447,593
100000076,6616,3511,3105
100000077,495,319,176
100000078,124,57,67
100000079,71,106,-35
100000080,57,74,-17
100000081,175,165,10
100000102,4843,2393,2450
100000103,8880,1973,6907
100000104,8573,3432,5141
100000105,4963,2070,2893
100000106,4211,3308,903
100000107,1556,1279,277
100000108,1746,1613,133
100000109,6082,1658,4424
100000116,2482,1518,964
100000117,172,92,80
100000118,3180,1406,1774
100000119,910,920,-10
100000121,485,681,-196
100000122,2048,1476,572
100000123,5409,7437,-2028
100000124,8837,10637,-1800
100000125,4916,1908,3008
100000126,1412,565,847
100000127,2890,572,2318
100000128,2792,3140,-348
100000129,834,668,166
100000130,481,801,-320
100000131,4120,5465,-1345
100000132,2024,4691,-2667
100000133,9608,3958,5650
100000135,814,1333,-519
100000139,798,299,499
100000140,877,422,455
100000142,550,699,-149
100000143,2773,1172,1601
100000144,5733,1391,4342
100000147,1557,3693,-2136
100000150,68,592,-524
100000151,1735,1195,540
100000153,560,625,-65
100000154,326,207,119
100000155,42,72,-30
100000156,559,273,286
100000157,134,102,32
100000158,339,72,267
100000159,522,861,-339
100000165,2593,1049,1544
100000169,679,404,275
100000174,1644,495,1149
100000179,114,834,-720
100000180,10843,3185,7658
100000181,842,413,429
100000188,129,472,-343
100000189,3778,714,3064
100000190,1564,904,660
100000191,1178,697,481
100000192,83,210,-127
100000193,276,247,29
100000330,2141,1279,862
100000355,547,980,-433
100000362,8210,5052,3158
100000363,5254,7112,-1858
100000364,537,204,333
100000365,6339,6989,-650
100000366,10449,4390,6059
100000367,7276,6298,978
100000368,3422,2409,1013
100000369,2493,2800,-307
100000370,486,747,-261
100000376,178,198,-20
100000379,6533,2160,4373
100000380,10439,4220,6219
100000384,8895,6419,2476
100000385,7529,5673,1856
100000386,12712,6855,5857
100000387,9644,7331,2313
100000388,11500,9141,2359
100000389,11667,8993,2674
100000390,12589,7503,5086
100000391,9427,10157,-730
100000392,6559,4170,2389
100000393,4435,5299,-864
100000394,13217,8977,4240
100000395,7938,3820,4118
100000396,12329,4116,8213
100000397,8453,4889,3564
100000398,17067,11219,5848
100900002,7,121,-114
100900003,511,217,294
100900004,46,1345,-1299
100900005,311,39,272
100900006,40,213,-173
100900007,860,19,841
100900008,5,506,-501
100900009,79,121,-42
100900010,216,203,13
100900011,219,406,-187
100900012,1,317,-316
100900013,1981,15,1966
100900014,7,27,-20
100900015,124,157,-33
100900016,20,92,-72
100900017,1414,99,1315
100900018,1,43,-42
100900019,71,498,-427
100900020,636,18,618
100900021,742,1,741
100900022,23,68,-45
100900023,14,138,-124
100900024,1598,21,1577
100900025,44,40,4
100900026,142,227,-85
100900027,912,4674,-3762
100900028,178,303,-125
100900029,140,41,99
100900030,9,53,-44
100900031,920,76,844
100900032,234,3,231
100900033,329,318,11
100900034,583,2,581
100900035,1459,7,1452
100900036,42,4,38
100900037,100,377,-277
100900038,194,32,162
100900039,488,988,-500
100900040,607,1092,-485
100900041,915,956,-41
100900042,1732,498,1234
100900043,0,19,-19
100900044,3862,1105,2757
100900045,133,3,130
100900046,2128,16,2112
100900047,1171,420,751
100900048,326,110,216
100900049,132,358,-226
100900050,3,36,-33
100900051,109,129,-20
100900052,923,71,852
100900053,434,44,390
100900054,35,130,-95
100900055,605,987,-382
100900056,303,727,-424
100900057,821,1839,-1018
100900058,440,50,390
100900059,255,26,229
100900060,201,11,190
100900061,590,423,167
100900062,4,97,-93
100900063,233,888,-655
100900064,1213,39,1174
100900065,206,162,44
100900066,101,248,-147
100900067,6,32,-26
100900068,369,180,189
100900069,1758,22,1736
100900070,408,6,402
100900071,1126,488,638
100900072,4,69,-65
100900073,301,614,-313
100900074,5,14,-9
100900075,2672,506,2166
100900076,61,64,-3
100900077,34,148,-114
100900078,191,807,-616
100900079,17,43,-26
100900080,62,301,-239
100900081,98,339,-241
100900082,131,859,-728
100900083,13,64,-51
100900085,19,147,-128
100900086,446,2233,-1787
100900088,167,1026,-859
100900089,6,38,-32
100900090,218,768,-550
100900091,4,41,-37
100900092,555,411,144
100900093,267,860,-593
100900094,181,803,-622
100900095,5,45,-40
100900096,67,151,-84
100900097,3,6,-3
100900098,24,37,-13
100900099,79,679,-600
100900100,27,551,-524
100900101,593,82,511
100900102,198,153,45
100900103,44,32,12
100900104,17,227,-210
100900105,48,411,-363
100900106,82,9,73
100900107,2858,1076,1782
100900108,20,61,-41
100900109,37,69,-32
100900110,3,15,-12
100900111,70,195,-125
100900112,5,10,-5
100900113,35,35,0
100900114,29,24,5
100900115,4,68,-64
100900116,1226,1706,-480
100900117,424,1106,-682
100900118,90,64,26
100900119,30,62,-32
100900120,5,27,-22
100900121,438,1217,-779
100900122,271,348,-77
100900123,151,379,-228
100900124,7,13,-6
100900125,28,141,-113
100900126,182,672,-490
100900127,14,20,-6
100900128,174,301,-127
100900129,1,149,-148
100900131,137,318,-181
100900133,172,112,60
100900134,2,17,-15
100900135,0,218,-218
100900137,476,262,214
100900138,1339,756,583
100900139,34,19,15
100900140,9,796,-787
100900141,5,622,-617
100900142,1,18,-17
100900143,1561,668,893
100900144,45,19,26
100900145,462,314,148
100900146,25,91,-66
100900147,58,471,-413
100900148,52,1107,-1055
100900149,47,284,-237
100900150,4,119,-115
100900151,210,727,-517
100900152,340,19,321
100900153,20,298,-278
100900154,40,69,-29
100900155,13,24,-11
100900156,56,8,48
100900157,8,223,-215
100900159,2,41,-39
100900160,37,27,10
100900161,212,10,202
100900162,47,406,-359
100900163,279,300,-21
100900164,56,120,-64
100900165,27,109,-82
100900166,68,19,49
100900167,39,141,-102
100900168,85,183,-98
100900169,203,1424,-1221
100900170,59,19,40
100900171,35,864,-829
100900172,0,15,-15
100900173,17,752,-735
100900174,1099,89,1010
100900176,1703,306,1397
100900177,863,514,349
100900178,918,209,709
100900179,244,191,53
100900180,2,1,1
100900181,199,206,-7
100900182,115,52,63
100900184,20,376,-356
100900186,1149,873,276
100900187,21,170,-149
100900188,52,17,35
100900189,1792,265,1527
100900191,2083,1513,570
100900192,481,386,95
100900195,211,235,-24
100900197,17,72,-55
100900198,34,305,-271
100900199,14,9,5
100900200,917,574,343
100900201,120,1184,-1064
100900202,103,4,99
100900203,0,147,-147
100900204,2245,1442,803
100900205,239,621,-382
100900206,168,160,8
100900207,332,207,125
100900210,161,1039,-878
100900211,629,260,369
100900213,113,65,48
100900214,1231,248,983
100900215,24,142,-118
100900217,171,108,63
101000001,6826,3607,3219
101000002,6959,7836,-877
101000003,1106,3612,-2506
101000004,15103,12640,2463
101000005,6970,7418,-448
101000006,11388,12553,-1165
101000007,4023,4996,-973
101000008,7494,4256,3238
101000009,3262,2272,990
101000010,1602,1916,-314
101000011,3693,1017,2676
101000012,2396,1053,1343
101000013,897,1538,-641
101000014,873,1029,-156
101000015,1471,1262,209
101000016,923,681,242
101000017,1133,771,362
101000018,5973,3994,1979
101000020,6319,1790,4529
101000021,2416,519,1897
101000022,654,123,531
101000023,3096,1138,1958
101000025,354,782,-428
101000026,697,49,648
101000027,3478,2825,653
101000028,1795,302,1493
101000029,415,1944,-1529
101000030,3062,161,2901
101000031,1794,1090,704
101000032,16757,4496,12261
101000033,4603,4597,6
101000034,5453,2109,3344
101000035,1667,931,736
101000036,2679,1169,1510
101000037,6151,2063,4088
101000039,4578,3091,1487
101000040,4801,4322,479
101000041,18345,9586,8759
101000042,1256,1910,-654
101000043,13403,9953,3450
101000045,3247,1063,2184
101000046,7314,1354,5960
101000047,5287,3163,2124
101000048,1944,1482,462
101000049,1726,2352,-626
101000050,6022,4864,1158
101000051,3959,3500,459
101000052,2718,1394,1324
101000053,2273,3633,-1360
101000054,4006,2400,1606
101000055,2390,2324,66
101000056,84,190,-106
101000057,3724,1399,2325
101000058,2336,1668,668
101000059,5314,2482,2832
101000060,2565,812,1753
101000061,1347,1964,-617
101000062,1085,1130,-45
101000063,1047,1255,-208
101000064,2259,1252,1007
101000065,609,515,94
101000066,1214,779,435
101000067,1615,1025,590
101000068,589,491,98
101000069,711,153,558
101000070,2284,1417,867
101000071,3300,1307,1993
101000072,1636,5251,-3615
101000073,1340,1046,294
101000074,10584,4829,5755
101000075,9574,4615,4959
101000077,1729,1459,270
101000078,1582,3005,-1423
101000079,1071,554,517
101000080,1021,498,523
101000081,1931,2016,-85
101000082,4781,4335,446
101000083,3091,3216,-125
101000084,1957,1635,322
101000085,2465,1820,645
101000086,1380,1548,-168
101000087,1199,1700,-501
101000088,1539,1774,-235
101000089,1245,2370,-1125
101000090,3163,1894,1269
101000091,462,1577,-1115
101000092,1093,1595,-502
101000093,2234,1323,911
101000094,1105,1952,-847
101000095,438,1097,-659
101000096,416,936,-520
101000097,1620,580,1040
101000098,1049,815,234
101000099,2065,1971,94
101000100,1713,1381,332
101000101,556,706,-150
101000102,2390,573,1817
101000103,1595,898,697
101000104,642,861,-219
101000105,1566,533,1033
101000106,1769,1096,673
101000107,226,497,-271
101000108,1671,554,1117
101000109,362,102,260
101000110,45,1005,-960
101000111,325,430,-105
101000113,338,1582,-1244
101000114,14565,4787,9778
101000115,824,364,460
101000116,463,420,43
101000117,2771,538,2233
101000119,201,96,105
101000120,224,69,155
101000121,85,43,42
101000122,179,81,98
101000123,150,128,22
101000124,710,199,511
101000125,371,715,-344
101000128,1575,522,1053
101000130,472,465,7
101000131,1122,896,226
101000132,792,2055,-1263
101000135,99,47,52
101000136,805,168,637
101000137,95,492,-397
101000141,2830,4194,-1364
101000147,1389,771,618
101000148,2720,67,2653
101000149,425,366,59
101000150,100,1179,-1079
101000151,244,86,158
101000152,543,579,-36
101000153,886,600,286
101000154,458,1948,-1490
101000155,449,212,237
101000156,30,413,-383
101000157,96,67,29
101000160,309,105,204
101000163,418,274,144
101000164,704,554,150
101000165,445,556,-111
101000166,487,658,-171
101000168,1228,560,668
101000252,2274,1294,980
101000254,1063,93,970
101000258,44,9,35
101000261,217,28,189
101000262,1996,2238,-242
101000263,734,2216,-1482
101000265,189,1163,-974
101000266,739,564,175
101000269,133,9,124
101000290,2253,5420,-3167
101000293,76,136,-60
101000294,881,692,189
101000295,158,933,-775
101000301,1411,651,760
101000304,3609,3545,64
101000305,4793,2641,2152
101900001,40,130,-90
101900002,0,30,-30
101900003,116,145,-29
101900004,17,96,-79
101900005,6938,2418,4520
101900006,1131,89,1042
101900007,1142,179,963
101900008,144,517,-373
101900009,123,768,-645
101900010,1424,939,485
101900011,439,2504,-2065
101900012,288,792,-504
101900013,1897,230,1667
101900017,44,192,-148
101900018,2569,419,2150
101900019,409,150,259
101900020,89,148,-59
101900021,2,59,-57
101900022,191,1968,-1777
101900023,222,374,-152
101900026,103,49,54
101900027,16,160,-144
102000001,6084,6404,-320
102000002,4984,2344,2640
102000003,5810,10500,-4690
102000004,13370,4907,8463
102000005,2058,3489,-1431
102000006,2436,3173,-737
102000007,2871,8008,-5137
102000008,9769,2757,7012
102000009,9034,10863,-1829
102000010,9173,6049,3124
102000011,4643,3929,714
102000012,5851,5490,361
102000018,5040,4482,558
102000019,4281,2652,1629
102000026,434,1239,-805
102000029,479,316,163
102000030,262,577,-315
102000031,94,244,-150
102000032,599,554,45
102000033,319,570,-251
102000034,837,732,105
102000035,1729,1019,710
102000036,31,494,-463
102000037,339,155,184
102000038,333,317,16
102000039,395,101,294
102000040,706,305,401
102000041,418,438,-20
102000042,412,389,23
102000043,604,387,217
102000044,1166,714,452
102000045,1259,1611,-352
102000046,1549,968,581
102000047,1351,1778,-427
102000048,546,1282,-736
102000049,1496,1101,395
102000050,1671,1965,-294
102000051,610,993,-383
102000052,2257,1412,845
102000053,1549,1304,245
102000054,831,1364,-533
102000055,1252,1214,38
102000056,1094,2419,-1325
102000057,2273,1076,1197
102000058,1787,2853,-1066
102000059,2798,2593,205
102000060,2492,1681,811
102000061,2184,3146,-962
102000062,2188,2065,123
102000063,1725,2196,-471
102000064,926,1256,-330
102000065,93,284,-191
102000066,1619,1823,-204
102000067,4812,5435,-623
102000068,14930,4507,10423
102000069,88,2264,-2176
102000070,2915,96,2819
102000071,12924,13934,-1010
102000072,4929,6649,-1720
102000073,2927,1768,1159
102000074,1660,1607,53
102000075,284,667,-383
102000076,369,1205,-836
102000077,827,1555,-728
102000078,1308,1539,-231
102000079,384,405,-21
102000080,496,442,54
102000081,815,1276,-461
102000082,1412,578,834
102000083,680,521,159
102000084,286,495,-209
102000085,2736,1675,1061
102000086,1692,2672,-980
102000087,1497,2525,-1028
102000088,515,489,26
102000089,1607,662,945
102000090,1061,1879,-818
102000091,2671,834,1837
102000092,672,1586,-914
102000093,1102,1264,-162
102000094,1330,811,519
102000095,1515,2107,-592
102000096,1124,1136,-12
102000097,1328,1631,-303
102000098,895,1544,-649
102000099,1286,944,342
102000100,1104,1618,-514
102000101,1698,940,758
102000102,542,3191,-2649
102000103,2207,634,1573
102000104,1388,487,901
102000105,353,926,-573
102000106,1027,1212,-185
102000107,1382,872,510
102000108,984,328,656
102000109,958,906,52
102000110,1114,2197,-1083
102000111,33,485,-452
102000112,262,142,120
102000113,20,40,-20
102000114,1314,524,790
102000115,286,465,-179
102000116,1165,503,662
102000117,646,756,-110
102000118,2339,1733,606
102000119,2933,904,2029
102000120,385,689,-304
102000121,1496,905,591
102000122,810,1391,-581
102000123,2167,1882,285
102000124,2238,1800,438
102000125,1152,1782,-630
102000126,1155,1070,85
102000127,1677,1247,430
102000128,993,1382,-389
102000129,2208,1236,972
102000130,936,1080,-144
102000131,2859,1198,1661
102000132,1086,1372,-286
102000133,2268,2887,-619
102000134,894,1136,-242
102000135,1171,1451,-280
102000136,1504,873,631
102000137,1713,1292,421
102000138,530,667,-137
102000139,453,717,-264
102000140,1042,569,473
102000141,1267,943,324
102000142,481,590,-109
102000143,181,618,-437
102000144,352,586,-234
102000145,674,663,11
102000146,504,477,27
102000147,627,725,-98
102000148,345,681,-336
102000149,239,899,-660
102000150,388,259,129
102000151,151,539,-388
102000152,184,223,-39
102000153,1295,670,625
102000154,540,979,-439
102000155,183,420,-237
102000156,443,135,308
102000157,178,333,-155
102000158,991,903,88
102000159,1839,633,1206
102000161,5511,2911,2600
102000162,494,223,271
102000163,184,829,-645
102000164,1797,1517,280
102000165,464,224,240
102000166,76,269,-193
102000167,371,324,47
102000168,451,177,274
102000169,193,1046,-853
102000170,1006,282,724
102000171,841,286,555
102000172,969,558,411
102000173,765,525,240
102000174,132,111,21
102000175,233,206,27
102000176,100,62,38
102000178,492,704,-212
102000179,739,437,302
102000180,1067,784,283
102000181,758,928,-170
102000182,768,973,-205
102000183,2083,2708,-625
102000184,2232,1309,923
102000185,2850,2101,749
102000186,1432,2615,-1183
102000187,2076,2455,-379
102000188,2363,2423,-60
102000189,3648,1392,2256
102000190,803,4390,-3587
102000191,2099,845,1254
102000192,1568,2067,-499
102000193,86,277,-191
102000194,138,213,-75
102000195,644,765,-121
102000196,280,663,-383
102000197,848,664,184
102000198,270,1227,-957
102000199,1100,591,509
102000200,450,1656,-1206
102000201,1156,741,415
102000202,4,219,-215
102000203,506,432,74
102000204,549,1315,-766
102000205,1480,849,631
102000206,1392,1226,166
102000207,2237,692,1545
102000208,890,831,59
102000209,111,101,10
102000210,554,630,-76
102000211,987,694,293
102000212,486,20,466
102000213,6,463,-457
102000214,380,25,355
102000215,8,617,-609
102000216,66,82,-16
102000217,11,218,-207
102000218,306,255,51
102000219,547,501,46
102000225,1035,1017,18
102000226,9733,2843,6890
102000227,235,8,227
102000228,0,155,-155
102000229,40,57,-17
102000230,418,724,-306
102000231,448,825,-377
102000232,34,327,-293
102000233,623,1366,-743
102000234,161,1844,-1683
102000236,535,187,348
102000237,1190,242,948
102000238,276,494,-218
102000240,985,832,153
102000241,330,184,146
102000243,47,104,-57
102000245,60,261,-201
102000246,54,105,-51
102000247,2371,2174,197
102000248,1216,1753,-537
102000249,286,243,43
102000250,115,614,-499
102000254,91,552,-461
102000266,122,453,-331
102000271,65,3,62
102000286,726,629,97
102000297,2860,1728,1132
102000299,0,0,0
102000301,0,0,0
102000303,0,0,0
102000305,0,0,0
102000307,0,11,-11
102000308,0,2,-2
102900001,1815,1520,295
102900002,469,74,395
102900003,90,304,-214
102900005,436,521,-85
102900006,741,365,376
102900007,555,47,508
102900008,268,148,120
102900009,756,461,295
102900010,1364,811,553
102900011,2909,634,2275
102900012,543,114,429
102900013,62,108,-46
102900015,985,489,496
102900016,71,144,-73
102900017,304,881,-577
102900018,27,193,-166
102900019,683,786,-103
102900020,194,58,136
102900021,28,151,-123
102900022,945,207,738
102900023,33,113,-80
102900024,47,77,-30
102900025,352,175,177
102900026,1003,2287,-1284
102900027,73,126,-53
102900028,221,1017,-796
102900029,202,268,-66
102900030,821,413,408
102900031,183,209,-26
102900032,145,152,-7
102900033,160,351,-191
102900034,707,198,509
102900035,209,459,-250
102900036,400,844,-444
102900037,412,917,-505
102900038,612,954,-342
102900039,55,803,-748
102900040,218,416,-198
102900041,138,326,-188
102900042,287,455,-168
102900043,301,439,-138
102900044,985,3028,-2043
102900045,191,903,-712
102900046,170,424,-254
102900047,87,915,-828
102900048,909,951,-42
102900049,184,506,-322
102900050,541,531,10
102900051,325,343,-18
102900052,62,68,-6
102900053,688,1090,-402
102900054,1510,1833,-323
102900055,233,277,-44
102900056,206,697,-491
102900057,6,68,-62
102900058,402,129,273
102900059,19,77,-58
102900060,180,665,-485
102900061,196,675,-479
102900062,291,1461,-1170
102900063,1317,691,626
102900064,293,770,-477
102900065,2415,840,1575
102900066,559,64,495
102900068,174,161,13
102900070,447,882,-435
102900072,35,73,-38
102900073,256,18,238
102900075,43,79,-36
102900076,342,158,184
102900077,56,54,2
102900078,70,134,-64
102900079,256,27,229
102900080,516,72,444
102900081,138,345,-207
102900082,11,355,-344
102900083,335,19,316
102900084,19,34,-15
102900085,469,180,289
102900086,29,91,-62
102900087,188,145,43
102900088,51,38,13
102900089,488,249,239
102900090,6,691,-685
102900091,331,7,324
102900092,386,1564,-1178
102900093,375,439,-64
102900094,0,159,-159
102900095,206,0,206
102900096,103,37,66
102900097,2,189,-187
103000001,3105,3695,-590
103000002,3777,3717,60
103000003,6163,3988,2175
103000004,1246,1309,-63
103000005,2579,4952,-2373
103000006,902,2323,-1421
103000007,521,1146,-625
103000008,1660,1146,514
103000009,1686,1830,-144
103000010,248,201,47
103000011,2348,2158,190
103000012,1654,2229,-575
103000013,8001,3088,4913
103000014,1901,4111,-2210
103000015,2921,1015,1906
103000016,691,2453,-1762
103000017,248,600,-352
103000018,1342,658,684
103000019,322,435,-113
103000020,3900,2089,1811
103000021,2718,1961,757
103000022,1283,1606,-323
103000023,802,2437,-1635
103000024,154,335,-181
103000025,130,803,-673
103000026,2211,211,2000
103000027,511,856,-345
103000028,814,539,275
103000029,473,462,11
103000030,3215,1342,1873
103000031,2801,3052,-251
103000032,3055,2838,217
103000033,3900,4187,-287
103000034,2677,1824,853
103000035,633,2131,-1498
103000036,652,821,-169
103000037,746,700,46
103000038,656,1571,-915
103000039,473,674,-201
103000040,556,1767,-1211
103000041,2185,3933,-1748
103000042,1451,885,566
103000043,709,1556,-847
103000044,261,331,-70
103000046,305,682,-377
103000047,937,1013,-76
103000048,223,307,-84
103000049,158,273,-115
103000050,861,979,-118
103000051,701,859,-158
103000052,1013,576,437
103000053,277,785,-508
103000054,3188,2022,1166
103000055,2513,2922,-409
103000056,774,2752,-1978
103000057,550,457,93
103000058,837,1306,-469
103000059,707,1295,-588
103000060,1245,986,259
103000061,601,1282,-681
103000062,1502,919,583
103000063,950,1159,-209
103000064,190,366,-176
103000065,12,531,-519
103000066,277,11,266
103000069,432,600,-168
103000070,1495,1385,110
103000071,1367,707,660
103000072,158,1187,-1029
103000073,695,157,538
103000074,911,154,757
103000075,188,1086,-898
103000076,521,470,51
103000077,139,593,-454
103000078,2425,890,1535
103000079,1630,975,655
103000080,1938,567,1371
103000081,766,1488,-722
103000082,699,329,370
103000083,183,408,-225
103000084,251,11,240
103000085,0,219,-219
103000086,1222,566,656
103000087,245,876,-631
103000088,563,467,96
103000089,347,861,-514
103000090,2419,1026,1393
103000091,716,578,138
103000092,391,399,-8
103000093,382,605,-223
103000094,267,156,111
103000095,97,570,-473
103000096,765,153,612
103000097,143,1050,-907
103000098,1466,282,1184
103000099,615,796,-181
103000100,151,1138,-987
103000101,1255,168,1087
103000102,97,934,-837
103000103,911,322,589
103000104,75,189,-114
103000105,177,171,6
103000106,7,165,-158
103000107,350,98,252
103000108,928,714,214
103000109,436,430,6
103000110,495,493,2
103000111,823,629,194
103000112,479,323,156
103000113,1357,987,370
103000114,2783,548,2235
103000115,646,732,-86
103000116,608,827,-219
103000117,345,709,-364
103000118,1533,1364,169
103000119,2203,969,1234
103000120,187,189,-2
103000121,1317,1155,162
103000122,1125,731,394
103000125,19,419,-400
103000126,815,14,801
103000127,4,265,-261
103000128,221,11,210
103000129,3,166,-163
103000130,65,57,8
103000131,281,127,154
103000132,169,301,-132
103000133,26,182,-156
103000134,1032,1148,-116
103000135,1214,420,794
103000136,1000,610,390
103000137,795,877,-82
103000138,1107,883,224
103000139,16,106,-90
103000140,187,35,152
103000141,87,194,-107
103000142,225,104,121
103000143,106,263,-157
103000144,210,124,86
103000145,159,105,54
103000150,135,83,52
103000152,320,323,-3
103000153,280,234,46
103000156,12,599,-587
103000157,579,2,577
103000159,192,80,112
103000162,221,74,147
103000163,28,44,-16
103000164,135,22,113
103000165,169,607,-438
103000166,260,427,-167
103000167,356,145,211
103000168,100,252,-152
103000169,278,763,-485
103000170,1004,737,267
103000171,63,133,-70
103000172,614,552,62
103000173,557,979,-422
103000174,232,571,-339
103000175,304,520,-216
103000176,1175,817,358
103000177,1110,728,382
103000178,374,550,-176
103000179,232,59,173
103000183,200,55,145
103000185,132,140,-8
103000186,140,307,-167
103000187,588,739,-151
103000188,15,114,-99
103000189,1808,1376,432
103000191,844,938,-94
103000292,3075,2724,351
103000293,1460,2666,-1206
103000295,210,161,49
103000296,1064,14,1050
103000297,327,114,213
103000504,142,23,119
103000505,16,37,-21
103000506,3,342,-339
103000507,317,3,314
103000508,100,62,38
103000509,277,873,-596
103900001,3,450,-447
103900002,2308,275,2033
103900003,2756,157,2599
103900004,132,0,132
103900005,3,436,-433
103900006,2,0,2
103900007,43,19,24
103900008,33,2,31
103900009,331,625,-294
103900010,206,452,-246
103900011,328,278,50
103900012,11,20,-9
103900013,49,144,-95
103900014,69,30,39
103900015,74,30,44
103900016,330,291,39
103900017,62,115,-53
103900018,1026,289,737
103900019,91,422,-331
103900020,245,646,-401
103900021,998,116,882
103900022,1554,949,605
103900023,149,2,147
103900024,196,696,-500
103900025,15,60,-45
103900026,122,2,120
103900027,889,443,446
103900028,32,377,-345
103900029,1430,206,1224
103900030,630,99,531
103900031,42,6,36
103900032,86,103,-17
103900033,246,20,226
103900034,32,343,-311
103900035,92,74,18
103900036,54,26,28
103900037,149,91,58
103900038,136,229,-93
103900039,90,488,-398
103900040,9,258,-249
103900041,59,69,-10
103900042,83,504,-421
103900043,182,136,46
103900044,267,320,-53
103900045,337,344,-7
103900047,57,29,28
103900048,148,25,123
103900049,357,1949,-1592
103900050,11,145,-134
103900051,0,55,-55
103900052,253,710,-457
103900053,318,1327,-1009
103900054,163,750,-587
103900055,586,322,264
103900056,95,86,9
103900057,50,301,-251
103900058,356,1110,-754
103900059,2,8,-6
103900060,86,331,-245
103900061,141,80,61
103900062,436,187,249
103900063,8,0,8
103900064,153,9,144
103900065,1099,578,521
103900066,206,18,188
103900067,261,11,250
103900068,22,2,20
103900069,184,21,163
103900070,228,367,-139
103900071,29,225,-196
103900072,20,358,-338
103900073,60,34,26
103900074,135,127,8
103900075,347,159,188
103900076,539,919,-380
103900077,86,139,-53
103900078,375,231,144
103900079,194,358,-164
103900080,14,59,-45
103900081,235,27,208
103900082,27,196,-169
103900083,2440,1459,981
103900084,123,252,-129
103900085,115,153,-38
103900086,767,477,290
103900087,28,107,-79
103900088,455,621,-166
103900089,80,159,-79
103900090,8,297,-289
103900091,1480,366,1114
103900092,1594,699,895
103900093,137,426,-289
103900094,22,201,-179
103900095,817,264,553
103900096,36,383,-347
103900097,11,770,-759
103900098,191,151,40
103900099,95,303,-208
103900100,301,520,-219
103900101,106,1530,-1424
103900102,3,48,-45
103900104,3,57,-54
103900105,186,284,-98
103900106,0,35,-35
103900107,136,356,-220
103900108,53,528,-475
103900109,91,127,-36
103900110,377,72,305
103900111,76,1143,-1067
103900112,79,149,-70
103900113,143,273,-130
103900114,581,437,144
103900115,338,407,-69
103900116,8522,3598,4924
103900117,194,150,44
103900119,66,81,-15
103900120,122,173,-51
103900122,107,448,-341
103900123,2402,947,1455
103900124,72,800,-728
103900125,167,128,39
103900126,733,689,44
103900127,176,760,-584
103900128,141,264,-123
103900131,41,165,-124
103900133,1361,100,1261
103900134,1,6,-5
103900135,42,23,19
103900137,1,82,-81
103900138,91,520,-429
103900139,381,2286,-1905
103900140,5,98,-93
103900141,399,110,289
103900142,263,263,0
103900143,54,3,51
103900144,0,95,-95
103900145,251,396,-145
103900146,434,550,-116
103900147,623,199,424
103900148,289,350,-61
103900149,361,1164,-803
103900150,10585,5757,4828
103900151,54,249,-195
103900152,502,900,-398
103900153,21,18,3
103900154,1731,2548,-817
103900155,38,320,-282
103900156,36,277,-241
103900157,58,389,-331
103900158,107,288,-181
103900159,245,129,116
103900160,52,45,7
103900161,158,361,-203
103900162,76,309,-233
103900163,29,708,-679
103900167,39,150,-111
103900168,208,219,-11
103900169,104,61,43
103900170,3,166,-163
103900171,4,101,-97
103900172,7,37,-30
103900173,13,38,-25
103900174,136,93,43
103900175,92,109,-17
103900176,23,31,-8
103900177,26,82,-56
103900178,64,120,-56
103900179,47,248,-201
103900180,47,182,-135
103900181,87,60,27
103900182,67,28,39
103900184,690,102,588
103900185,412,449,-37
103900187,54,81,-27
103900188,52,27,25
103900189,169,12,157
103900190,152,87,65
103900191,30,96,-66
103900192,48,173,-125
103900193,212,306,-94
103900194,111,361,-250
103900195,9,96,-87
103900196,66,66,0
103900197,13,41,-28
103900198,24,98,-74
103900199,233,92,141
103900200,182,185,-3
103900201,221,330,-109
103900202,20,76,-56
103900203,43,39,4
103900204,1,175,-174
103900207,0,226,-226
103900208,130,0,130
103900209,15,163,-148
103900210,75,63,12
103900211,731,720,11
103900212,140,564,-424
103900213,132,287,-155
103900214,345,175,170
103900215,533,372,161
103900216,12,646,-634
103900217,562,149,413
103900218,4,549,-545
103900219,242,577,-335
103900233,120,4,116
103900235,92,34,58
103900236,57,7,50
103900242,14,42,-28
103900243,34,11,23
103900244,175,481,-306
103900245,136,342,-206
103900246,99,70,29
103900247,98,202,-104
103900248,51,113,-62
103900249,52,82,-30
103900250,47,32,15
103900251,2,19,-17
103900253,84,106,-22
103900254,24,56,-32
103900255,37,35,2
103900256,45,77,-32
103900257,276,286,-10
103900258,65,5,60
103900259,216,14,202
103900261,11,2,9
103900262,52,8,44
103900263,103,167,-64
103900264,122,76,46
103900265,159,33,126
103900266,4,146,-142
103900267,19,76,-57
103900268,6,92,-86
103900269,166,52,114
103900270,73,183,-110
103900271,51,230,-179
103900272,76,115,-39
103900273,33,93,-60
103900274,79,31,48
103900275,62,28,34
103900276,9,192,-183
103900277,22,192,-170
104000001,2998,3031,-33
104000002,2270,4405,-2135
104000003,3509,3534,-25
104000004,4629,4206,423
104000005,1954,2881,-927
104000006,4607,4643,-36
104000007,6640,5908,732
104000008,446,551,-105
104000009,176,160,16
104000010,217,266,-49
104000011,913,535,378
104000012,204,558,-354
104000013,267,203,64
104000014,421,1004,-583
104000015,391,194,197
104000016,783,621,162
104000018,857,213,644
104000019,691,259,432
104000020,224,903,-679
104000021,380,741,-361
104000022,197,348,-151
104000023,891,502,389
104000024,373,500,-127
104000026,64,453,-389
104000027,574,607,-33
104000028,461,358,103
104000029,568,707,-139
104000030,399,311,88
104000031,1323,547,776
104000032,321,467,-146
104000033,694,654,40
104000034,378,513,-135
104000035,997,635,362
104000036,975,797,178
104000037,364,378,-14
104000038,443,406,37
104000039,251,419,-168
104000040,533,641,-108
104000041,1179,551,628
104000042,289,595,-306
104000043,490,519,-29
104000044,328,984,-656
104000045,1497,1726,-229
104000046,2014,2277,-263
104000047,1802,1899,-97
104000048,1288,2348,-1060
104000049,812,445,367
104000050,424,997,-573
104000051,229,781,-552
104000052,1971,2491,-520
104000053,1287,762,525
104000054,972,634,338
104000055,5374,3771,1603
104000056,1754,360,1394
104000057,213,660,-447
104000058,1279,1194,85
104000059,756,1610,-854
104000060,1641,1785,-144
104000061,2168,1555,613
104000062,381,210,171
104000064,674,500,174
104000065,317,761,-444
104000069,1778,1317,461
104000070,116,752,-636
104000071,198,715,-517
104000072,814,376,438
104000075,111,459,-348
104000076,853,238,615
104000082,3080,4759,-1679
104000083,1004,342,662
104000084,205,685,-480
104000085,334,436,-102
104000086,270,532,-262
104000087,646,2354,-1708
104000090,947,2031,-1084
104000092,1380,3673,-2293
104000094,1151,2497,-1346
104000095,2587,2117,470
104000096,2145,479,1666
104000097,2000,1319,681
104000098,2228,1654,574
104000100,2072,953,1119
104000101,1521,2971,-1450
104000106,140,843,-703
104000107,917,715,202
104000108,482,905,-423
104000109,386,114,272
104000110,1259,1446,-187
104000111,6308,3317,2991
104000112,3308,855,2453
104000116,4,1763,-1759
104000117,182,1205,-1023
104000118,794,366,428
104000119,694,441,253
104000120,335,1286,-951
104000121,259,1124,-865
104000122,659,983,-324
104000123,1165,1686,-521
104000124,1255,3562,-2307
104000125,6230,5046,1184
104000126,634,642,-8
104000127,2011,4254,-2243
104000128,1063,654,409
104000129,713,58,655
104000130,22,475,-453
104000131,949,620,329
104000132,1102,875,227
104000133,1471,1301,170
104000134,1442,2399,-957
104000135,554,2443,-1889
104000136,1055,4899,-3844
104000137,1890,491,1399
104000138,1788,645,1143
104000139,9676,3906,5770
104000141,1622,1937,-315
104000142,847,1024,-177
104000143,687,837,-150
104000144,91,285,-194
104000145,444,271,173
104000146,505,861,-356
104000147,200,589,-389
104000148,348,178,170
104000149,215,466,-251
104000150,1606,745,861
104000151,746,711,35
104000152,894,974,-80
104000153,768,694,74
104000154,1321,1012,309
104000155,544,647,-103
104000157,1561,2031,-470
104000158,1389,686,703
104000159,1031,633,398
104000160,2185,2450,-265
104000161,304,290,14
104000162,70,251,-181
104000165,1996,1463,533
104000167,794,1281,-487
104000168,712,11,701
104000169,183,67,116
104000170,714,777,-63
104000248,452,979,-527
104000251,58,375,-317
104000272,0,0,0
104000273,0,0,0
104000274,0,0,0
104000275,0,0,0
104000279,987,621,366
104000290,168,402,-234
104000291,913,1588,-675
104000293,1033,830,203
104000294,35,0,35
104000295,974,1278,-304
104000296,557,1320,-763
104000297,1155,2686,-1531
104000298,3074,1305,1769
104000299,1080,2524,-1444
104900001,206,627,-421
104900002,62,298,-236
104900003,90,432,-342
104900004,134,429,-295
104900005,391,282,109
104900006,379,175,204
104900007,310,335,-25
104900009,195,471,-276
104900010,95,102,-7
104900011,107,10,97
104900012,342,46,296
104900013,259,43,216
104900014,4313,549,3764
104900015,183,17,166
104900016,252,432,-180
104900017,233,338,-105
104900018,14,275,-261
104900019,438,3292,-2854
104900020,131,420,-289
104900021,2,361,-359
104900022,9,157,-148
104900023,3,148,-145
104900024,65,159,-94
104900025,106,504,-398
104900026,4,142,-138
104900027,618,366,252
104900028,23,146,-123
104900029,85,126,-41
104900030,748,350,398
104900031,154,296,-142
104900032,42,231,-189
104900033,209,338,-129
104900034,488,183,305
104900035,345,259,86
104900036,270,125,145
104900037,186,394,-208
104900038,818,1049,-231
104900039,1232,450,782
104900040,436,131,305
104900041,347,257,90
104900042,190,463,-273
104900043,11,169,-158
104900044,630,306,324
104900045,548,66,482
104900046,252,236,16
104900047,407,195,212
104900048,340,130,210
104900049,45,30,15
104900050,427,250,177
104900051,408,65,343
104900052,64,1,63
104900053,574,154,420
104900054,183,72,111
104900055,132,0,132
104900056,259,25,234
104900057,53,4,49
104900058,1651,486,1165
104900059,176,53,123
104900060,3,611,-608
104900061,397,779,-382
104900063,0,176,-176
104900064,0,127,-127
104900065,0,223,-223
104900066,2,340,-338
104900067,14,465,-451
104900068,38,317,-279
104900070,240,465,-225
104900071,3,932,-929
104900072,83,387,-304
104900073,93,418,-325
104900074,87,403,-316
104900075,114,118,-4
104900076,147,534,-387
104900077,1748,322,1426
104900078,265,753,-488
104900079,208,681,-473
104900080,133,598,-465
104900082,21,601,-580
104900085,2,326,-324
104900087,674,10,664
104900089,253,3,250
104900090,1053,868,185
104900091,1021,1050,-29
104900093,335,813,-478
104900097,4177,2711,1466
104900098,146,70,76
104900099,81,757,-676
104900100,967,456,511
104900102,55,313,-258
104900103,633,146,487
104900104,4582,2373,2209
104900106,105,204,-99
104900107,133,443,-310
104900108,84,412,-328
104900109,167,422,-255
104900110,22,102,-80
104900111,216,219,-3
104900112,373,1185,-812
104900113,779,572,207
104900114,453,792,-339
104900115,812,669,143
104900116,304,316,-12
104900118,39,138,-99
104900119,10,49,-39
104900120,100,258,-158
104900121,0,119,-119
104900122,3,123,-120
104900123,71,17,54
104900124,51,0,51
104900125,659,14,645
104900126,107,102,5
104900127,43,79,-36
104900128,124,364,-240
104900129,3473,2280,1193
105000001,3046,2389,657
105000002,3221,2700,521
105000003,4975,5232,-257
105000004,1017,1737,-720
105000005,1307,1707,-400
105000006,1767,2073,-306
105000007,1664,1941,-277
105000008,2865,3955,-1090
105000009,2756,4463,-1707
105000010,4724,4196,528
105000011,4045,3639,406
105000012,6770,4710,2060
105000013,1467,1718,-251
105000014,2760,3576,-816
105000015,13169,17327,-4158
105000016,5640,3556,2084
105000017,2928,1411,1517
105000018,2083,2602,-519
105000019,3135,1417,1718
105000020,325,667,-342
105000021,604,169,435
105000022,428,126,302
105000023,768,489,279
105000028,89,151,-62
105000029,850,1615,-765
105000030,6427,4723,1704
105000033,1976,3317,-1341
105000034,362,1203,-841
105000037,972,629,343
105000038,3196,2435,761
105000039,4316,2975,1341
105000040,1425,1548,-123
105000041,1168,2226,-1058
105000042,7057,2196,4861
105000043,3488,3426,62
105000044,680,702,-22
105000045,609,1468,-859
105000046,1183,551,632
105000047,706,2347,-1641
105000048,788,320,468
105000049,314,945,-631
105000050,876,587,289
105000051,286,725,-439
105000052,873,1426,-553
105000053,259,278,-19
105000054,572,1489,-917
105000055,1241,492,749
105000056,1936,3766,-1830
105000057,1805,1326,479
105000058,2132,2006,126
105000059,941,1080,-139
105000060,731,988,-257
105000061,705,842,-137
105000062,1074,1368,-294
105000063,482,853,-371
105000064,1507,1263,244
105000065,515,1037,-522
105000066,1708,2636,-928
105000067,1551,1144,407
105000068,990,1348,-358
105000069,3809,2102,1707
105000070,1281,1174,107
105000071,470,1086,-616
105000072,1211,2625,-1414
105000073,1256,811,445
105000074,1786,1263,523
105000075,1050,1145,-95
105000076,1916,1436,480
105000077,3838,1311,2527
105000078,2052,1762,290
105000079,2475,3269,-794
105000080,2867,2177,690
105000081,4505,1369,3136
105000082,1816,1511,305
105000083,5277,2961,2316
105000084,1346,1495,-149
105000085,2440,2007,433
105000086,760,1524,-764
105000087,3073,3018,55
105000088,2635,2264,371
105000089,5388,3349,2039
105000090,1554,1193,361
105000091,2603,2357,246
105000092,1183,1569,-386
105000093,709,322,387
105000094,428,393,35
105000095,161,704,-543
105000096,2053,1205,848
105000097,1766,917,849
105000098,1803,1019,784
105000099,1948,1119,829
105000100,1770,1734,36
105000101,3087,3067,20
105000102,5689,2153,3536
105000103,3668,3659,9
105000104,3001,1431,1570
105000105,1871,3294,-1423
105000106,1801,2720,-919
105000107,1470,1456,14
105000108,1766,2447,-681
105000109,1764,2571,-807
105000110,841,1208,-367
105000111,946,1280,-334
105000112,1460,1386,74
105000113,503,1055,-552
105000114,4927,1807,3120
105000115,443,1526,-1083
105000116,916,758,158
105000117,1338,1883,-545
105000118,687,775,-88
105000119,822,1647,-825
105000120,1248,924,324
105000121,1104,1911,-807
105000122,509,1007,-498
105000123,1753,2186,-433
105000124,2144,1460,684
105000125,1247,3073,-1826
105000126,2592,2781,-189
105000127,3290,3200,90
105000128,1159,1916,-757
105000129,1158,490,668
105000130,462,2835,-2373
105000131,1247,692,555
105000132,1072,817,255
105000133,658,1535,-877
105000134,945,860,85
105000135,725,1156,-431
105000136,216,711,-495
105000137,436,418,18
105000138,241,602,-361
105000139,1506,1679,-173
105000140,356,846,-490
105000141,448,1087,-639
105000142,228,718,-490
105000143,351,1229,-878
105000144,466,1328,-862
105000145,863,620,243
105000146,758,1302,-544
105000147,694,550,144
105000148,1479,813,666
105000149,3204,3004,200
105000150,2685,2412,273
105000151,704,609,95
105000152,210,947,-737
105000153,758,983,-225
105000154,775,1067,-292
105000155,565,1403,-838
105000156,1340,1115,225
105000157,1189,2678,-1489
105000158,2607,1219,1388
105000159,297,1758,-1461
105000160,2145,887,1258
105000161,1035,2008,-973
105000162,880,2405,-1525
105000163,1884,1489,395
105000164,306,474,-168
105000165,2216,6633,-4417
105000166,9777,1171,8606
105000167,4111,2034,2077
105000168,473,1183,-710
105000169,645,636,9
105000170,325,1826,-1501
105000171,1702,552,1150
105000172,195,74,121
105000173,228,103,125
105000174,161,72,89
105000175,107,227,-120
105000176,530,208,322
105000177,317,236,81
105000178,158,1059,-901
105000179,596,346,250
105000180,194,182,12
105000181,147,659,-512
105000182,66,87,-21
105000183,4114,2367,1747
105000184,2010,1630,380
105000185,2938,1218,1720
105000186,972,1384,-412
105000187,1439,333,1106
105000188,851,217,634
105000189,602,780,-178
105000190,544,763,-219
105000191,522,485,37
105000192,441,108,333
105000193,177,273,-96
105000194,322,123,199
105000195,443,1294,-851
105000196,59,219,-160
105000197,345,882,-537
105000198,760,500,260
105000199,491,691,-200
105000200,308,363,-55
105000201,245,56,189
105000203,10,258,-248
105000204,126,170,-44
105000205,162,284,-122
105000207,1295,360,935
105000208,432,663,-231
105000209,298,536,-238
105000212,1510,2181,-671
105000213,272,301,-29
105000214,255,454,-199
105000215,317,317,0
105000216,220,603,-383
105000217,180,482,-302
105000218,1291,1626,-335
105000221,204,431,-227
105000222,644,80,564
105000223,464,273,191
105000226,120,510,-390
105000227,88,300,-212
105000228,404,2003,-1599
105000229,231,475,-244
105000231,418,431,-13
105000233,1128,1025,103
105000234,997,1903,-906
105000235,426,936,-510
105000237,952,179,773
105000243,33,328,-295
105000248,231,107,124
105000262,404,2152,-1748
105000269,238,274,-36
105000270,518,108,410
105000271,4,314,-310
105000282,177,80,97
105000287,529,147,382
105000288,637,733,-96
105000289,4116,2486,1630
105000290,51,7,44
105000402,6023,4870,1153
105000426,843,732,111
105000438,4635,1627,3008
105000446,20362,8162,12200
105000447,11711,4728,6983
105000454,514,1391,-877
105000455,441,353,88
105000474,22,8,14
105000477,403,677,-274
105000478,2504,5003,-2499
105000479,289,192,97
105000480,9168,5749,3419
105000481,5047,4051,996
105000482,9013,7660,1353
105000483,1841,2255,-414
105000484,3713,4175,-462
105000485,2576,3356,-780
105000486,7566,4235,3331
105000488,11542,7305,4237
105000489,1137,1347,-210
105000549,161,249,-88
105000550,827,2196,-1369
105000551,51,143,-92
105000552,5302,3164,2138
105900001,17,1996,-1979
105900002,2117,1009,1108
105900003,10,151,-141
105900004,756,183,573
105900005,23,391,-368
105900006,32,139,-107
105900007,349,27,322
105900008,89,864,-775
105900009,39,34,5
105900011,826,74,752
105900012,1136,323,813
105900013,5,46,-41
105900014,14,86,-72
105900015,526,560,-34
105900016,744,963,-219
105900017,1548,78,1470
105900018,226,337,-111
105900019,142,1086,-944
105900020,50,83,-33
105900021,89,600,-511
105900022,443,416,27
105900023,6,227,-221
105900024,16,235,-219
105900025,208,75,133
105900026,348,47,301
105900027,11177,15260,-4083
105900028,720,384,336
105900029,2664,568,2096
105900030,416,391,25
105900031,519,290,229
105900032,91,212,-121
105900033,250,171,79
105900034,272,307,-35
105900035,425,300,125
105900036,102,198,-96
105900037,88,89,-1
105900038,181,458,-277
105900039,132,189,-57
105900040,96,151,-55
105900041,320,453,-133
105900042,74,212,-138
105900043,2693,79,2614
105900044,2,426,-424
105900045,10,1340,-1330
105900046,6,347,-341
105900047,6,58,-52
105900048,134,972,-838
105900050,12598,3948,8650
105900051,59,1700,-1641
105900052,867,607,260
105900053,6194,3538,2656
105900054,511,418,93
105900056,1224,558,666
105900057,82,217,-135
105900058,22,42,-20
105900059,0,32,-32
106000001,5815,3463,2352
106000002,3855,7565,-3710
106000003,4753,5360,-607
106000004,3061,4178,-1117
106000005,3634,8170,-4536
106000006,8267,7142,1125
106000007,683,816,-133
106000008,523,527,-4
106000009,685,615,70
106000010,805,804,1
106000011,982,1669,-687
106000012,1038,2282,-1244
106000013,2147,3007,-860
106000014,2422,2652,-230
106000015,1772,1784,-12
106000016,1760,3413,-1653
106000017,895,1041,-146
106000018,900,732,168
106000019,396,657,-261
106000020,331,608,-277
106000021,337,688,-351
106000022,468,410,58
106000023,772,549,223
106000024,854,974,-120
106000025,102,275,-173
106000026,220,346,-126
106000027,1524,2112,-588
106000028,653,815,-162
106000029,1413,1805,-392
106000030,952,527,425
106000034,350,979,-629
106000035,1407,2231,-824
106000036,391,635,-244
106000037,2952,2245,707
106000038,685,161,524
106000039,254,111,143
106000040,230,1192,-962
106000041,1088,635,453
106000043,923,236,687
106000046,550,92,458
106000047,64,621,-557
106000049,1158,260,898
106000050,455,1330,-875
106000051,713,645,68
106000052,121,1002,-881
106000053,326,158,168
106000054,516,740,-224
106000055,1174,1539,-365
106000056,481,572,-91
106000057,336,428,-92
106000058,172,299,-127
106000059,338,410,-72
106000060,597,818,-221
106000061,258,689,-431
106000062,204,810,-606
106000063,774,791,-17
106000064,67,585,-518
106000065,502,393,109
106000066,127,560,-433
106000067,550,150,400
106000068,65,927,-862
106000069,246,119,127
106000070,597,1173,-576
106000071,1352,565,787
106000072,5366,2410,2956
106000073,2676,4063,-1387
106000074,656,1021,-365
106000075,465,2085,-1620
106000076,2203,3072,-869
106000077,4942,1900,3042
106000078,1158,1495,-337
106000079,898,1493,-595
106000080,1678,1074,604
106000081,872,1745,-873
106000082,3173,1236,1937
106000083,473,2168,-1695
106000084,1361,899,462
106000085,2167,2407,-240
106000086,898,1211,-313
106000087,1104,791,313
106000088,463,1133,-670
106000089,1205,553,652
106000090,320,901,-581
106000091,365,834,-469
106000092,991,427,564
106000093,466,173,293
106000094,123,466,-343
106000095,796,1492,-696
106000096,1302,1101,201
106000097,1170,1571,-401
106000098,895,1488,-593
106000099,304,1720,-1416
106000100,2393,436,1957
106000101,3077,749,2328
106000102,499,1892,-1393
106000103,362,1101,-739
106000104,1400,663,737
106000105,644,1137,-493
106000106,829,696,133
106000107,163,495,-332
106000108,302,550,-248
106000109,233,460,-227
106000110,248,506,-258
106000111,572,697,-125
106000112,196,765,-569
106000113,1455,840,615
106000114,672,790,-118
106000115,312,764,-452
106000116,299,345,-46
106000117,1359,1092,267
106000118,1627,2018,-391
106000119,2514,1794,720
106000120,1005,1612,-607
106000121,258,223,35
106000122,126,415,-289
106000123,515,309,206
106000124,70,423,-353
106000125,59,457,-398
106000126,313,193,120
106000127,1057,1424,-367
106000128,938,350,588
106000129,569,904,-335
106000130,875,515,360
106000131,140,1089,-949
106000132,859,257,602
106000133,4612,1774,2838
106000134,958,3632,-2674
106000135,383,1032,-649
106000136,798,1337,-539
106000137,120,1605,-1485
106000138,1407,113,1294
106000139,56,175,-119
106000140,54,111,-57
106000141,120,138,-18
106000142,82,127,-45
106000143,47,132,-85
106000144,54,91,-37
106000145,313,462,-149
106000146,374,277,97
106000147,666,747,-81
106000148,982,1239,-257
106000149,696,587,109
106000150,762,2727,-1965
106000151,5793,1128,4665
106000152,2472,2841,-369
106000153,130,2501,-2371
106000154,2340,324,2016
106000155,127,373,-246
106000156,1055,487,568
106000157,905,2798,-1893
106000158,3785,1320,2465
106000159,5548,2694,2854
106000160,529,3557,-3028
106000161,2018,722,1296
106000162,237,1295,-1058
106000163,436,683,-247
106000164,425,552,-127
106000165,303,948,-645
106000166,813,407,406
106000167,555,1875,-1320
106000168,563,387,176
106000169,274,972,-698
106000170,964,396,568
106000171,273,1571,-1298
106000172,3741,1985,1756
106000173,1444,3854,-2410
106000174,1334,617,717
106000175,352,1467,-1115
106000176,2276,1118,1158
106000177,1235,3633,-2398
106000178,4352,2488,1864
106000179,1627,3402,-1775
106000180,1229,2433,-1204
106000181,962,2713,-1751
106000182,1255,1202,53
106000183,1461,1141,320
106000184,3016,1161,1855
106000185,2082,1805,277
106000186,1327,281,1046
106000187,400,1641,-1241
106000188,1,0,1
106000189,15,79,-64
106000190,22,1,21
106000191,830,342,488
106000192,22,38,-16
106000193,579,365,214
106000194,256,658,-402
106000195,1063,273,790
106000196,340,800,-460
106000197,725,513,212
106000198,231,439,-208
106000199,1554,1502,52
106000200,538,333,205
106000201,774,4404,-3630
106000202,7861,1032,6829
106000203,146,314,-168
106000204,139,11,128
106000205,30,209,-179
106000206,108,42,66
106000207,64,1208,-1144
106000208,1569,228,1341
106000209,1593,456,1137
106000210,425,1640,-1215
106000211,571,1795,-1224
106000212,1092,511,581
106000213,1213,2365,-1152
106000214,3817,865,2952
106000215,413,686,-273
106000216,460,534,-74
106000217,328,658,-330
106000218,663,571,92
106000219,173,494,-321
106000220,645,515,130
106000221,191,405,-214
106000222,40,133,-93
106000223,201,150,51
106000224,225,363,-138
106000225,95,133,-38
106000226,190,448,-258
106000228,72,164,-92
106000229,98,977,-879
106000231,1046,204,842
106000232,83,497,-414
106000233,958,176,782
106000234,298,254,44
106000235,908,145,763
106000236,392,108,284
106000237,5,26,-21
106000238,104,18,86
106000239,10,217,-207
106000240,122,9,113
106000241,34,1040,-1006
106000242,415,54,361
106000249,55,135,-80
106000250,95,823,-728
106000251,112,59,53
106000252,35,139,-104
106000253,78,120,-42
106000254,85,80,5
106000255,34,229,-195
106000256,100,107,-7
106000257,189,329,-140
106000258,450,22,428
106000259,10,83,-73
106000260,59,8,51
106000261,6,74,-68
106000262,127,18,109
106000263,15,114,-99
106000264,339,13,326
106000265,15,231,-216
106000266,231,27,204
106000267,11,135,-124
106000268,701,77,624
106000269,78,96,-18
106000270,203,768,-565
106000271,108,358,-250
106000272,273,114,159
106000273,13,389,-376
106000274,264,76,188
106000275,191,345,-154
106000276,258,97,161
106000277,176,276,-100
106000278,311,71,240
106000279,34,100,-66
106000280,120,152,-32
106000281,114,106,8
106000282,89,106,-17
106000283,162,100,62
106000284,102,163,-61
106000285,182,164,18
106000286,103,225,-122
106000287,154,130,24
106000288,128,239,-111
106000289,88,125,-37
106000290,56,145,-89
106000291,127,150,-23
106000292,95,168,-73
106000293,146,157,-11
106000294,143,185,-42
106000295,70,84,-14
106000296,109,140,-31
106000297,81,325,-244
106000298,207,87,120
106000299,77,223,-146
106000300,64,151,-87
106000301,92,158,-66
106000303,41,143,-102
106000304,25,65,-40
106000305,55,100,-45
106000306,34,103,-69
106000307,67,28,39
106000308,32,189,-157
106000309,29,88,-59
106000310,413,747,-334
106000311,394,249,145
106000312,121,263,-142
106000313,182,339,-157
106000318,236,536,-300
106000319,1379,302,1077
106000320,0,72,-72
106000321,667,152,515
106000322,135,274,-139
106000324,18,202,-184
106000325,1960,1321,639
106000326,1378,2766,-1388
106000327,181,152,29
106000328,18,167,-149
106000329,135,442,-307
106000330,99,91,8
106000428,89,211,-122
106000429,255,698,-443
106000430,594,1837,-1243
106000431,2955,527,2428
106000432,2542,4198,-1656
106000433,2949,1754,1195
106000434,4487,2170,2317
106000435,2721,4006,-1285
106000436,23,444,-421
106000437,466,40,426
106000438,1062,270,792
106000439,110,687,-577
106000440,513,953,-440
106000441,1,1,0
106000442,174,8,166
106000443,159,522,-363
106000450,4,268,-264
106000451,41,79,-38
106000454,8,245,-237
106000455,36,307,-271
106000456,233,100,133
106000457,19,1471,-1452
106000458,857,206,651
106000459,209,669,-460
106000460,1753,88,1665
106000461,93,2247,-2154
106000462,0,35,-35
106000463,3,43,-40
106000464,7,735,-728
106000465,723,4,719
106000466,19,1017,-998
106000467,600,880,-280
106000468,118,264,-146
106000469,319,5,314
106000470,328,2441,-2113
106000471,48,1014,-966
106000472,195,16,179
106000473,38,31,7
106000474,383,740,-357
106000475,309,307,2
106000476,226,231,-5
106000477,40,95,-55
106900001,0,25,-25
106900002,0,719,-719
106900003,362,2839,-2477
106900004,1,91,-90
106900006,0,16,-16
106900007,0,21,-21
106900008,407,434,-27
106900009,360,598,-238
106900010,278,504,-226
106900012,2916,4040,-1124
106900013,1321,223,1098
106900014,41,3,38
106900015,18,3,15
106900016,369,14,355
106900017,8,0,8
106900018,3,0,3
106900019,44,1,43
106900020,5421,1782,3639
106900021,219,124,95
106900022,848,4,844
106900023,65,332,-267
106900024,1493,82,1411
106900025,97,1268,-1171
106900026,4,935,-931
106900027,1259,13,1246
107000001,5941,4693,1248
107000002,6200,7522,-1322
107000003,6854,8898,-2044
107000004,8439,8653,-214
107000005,5054,7318,-2264
107000006,6519,8444,-1925
107000007,7345,14834,-7489
107000008,19822,14465,5357
107000009,8874,10393,-1519
107000010,17124,17579,-455
107000011,1665,2306,-641
107000012,6452,5440,1012
107000013,85,151,-66
107000014,59,423,-364
107000015,907,1173,-266
107000016,922,1417,-495
107000017,13646,2725,10921
107000018,203,1732,-1529
107000020,9013,1941,7072
107000021,2821,947,1874
107000022,3433,2369,1064
107000023,3034,553,2481
107000024,998,2274,-1276
107000025,355,697,-342
107000026,333,988,-655
107000027,1560,2033,-473
107000028,1885,2394,-509
107000029,4279,4168,111
107000030,4628,5279,-651
107000031,4620,4385,235
107000032,704,1447,-743
107000033,5230,10127,-4897
107000034,6933,2970,3963
107000035,409,476,-67
107000036,763,1953,-1190
107000037,133,1368,-1235
107000038,387,375,12
107000039,1114,1178,-64
107000040,195,501,-306
107000041,2425,1044,1381
107000042,1203,2688,-1485
107000043,4142,1533,2609
107000044,827,563,264
107000045,214,408,-194
107000046,1318,694,624
107000047,736,1287,-551
107000048,826,514,312
107000049,821,1111,-290
107000050,1483,918,565
107000051,727,592,135
107000052,1782,1509,273
107000053,627,366,261
107000054,100,452,-352
107000055,262,187,75
107000056,563,1264,-701
107000057,1940,368,1572
107000058,2619,2924,-305
107000059,3264,5766,-2502
107000060,5275,7862,-2587
107000061,8047,6184,1863
107000062,4738,4234,504
107000063,5855,8274,-2419
107000064,6573,3592,2981
107000065,7194,7670,-476
107000066,3261,4524,-1263
107000067,1602,1657,-55
107000068,2427,1023,1404
107000069,1091,733,358
107000070,1361,41,1320
107000071,3754,62,3692
107000072,92,4495,-4403
107000073,955,414,541
107000074,248,1701,-1453
107000075,2240,763,1477
107000076,1106,2427,-1321
107000077,4144,1696,2448
107000078,3488,4988,-1500
107000079,3608,1231,2377
107000080,1841,5217,-3376
107000081,1929,931,998
107000082,879,3037,-2158
107000083,1578,622,956
107000084,656,3131,-2475
107000085,3826,4746,-920
107000086,4973,5520,-547
107000087,3399,2982,417
107000088,4294,5791,-1497
107000089,1761,2841,-1080
107000090,1626,1891,-265
107000091,1500,1304,196
107000092,1188,1761,-573
107000093,1385,1242,143
107000094,1631,1844,-213
107000095,994,916,78
107000096,952,1464,-512
107000097,1275,415,860
107000098,877,898,-21
107000099,813,411,402
107000100,351,483,-132
107000101,124,317,-193
107000102,607,579,28
107000103,536,271,265
107000104,316,420,-104
107000105,459,269,190
107000106,296,468,-172
107000107,864,269,595
107000108,291,1071,-780
107000109,1035,232,803
107000110,185,789,-604
107000111,597,63,534
107000112,46,539,-493
107000113,815,161,654
107000114,122,972,-850
107000115,681,256,425
107000116,130,1308,-1178
107000117,155,892,-737
107000118,149,404,-255
107000119,2539,2500,39
107000120,2547,645,1902
107000121,818,1017,-199
107000122,1509,1481,28
107000123,422,1307,-885
107000124,755,1408,-653
107000125,929,1132,-203
107000126,1314,1364,-50
107000129,775,808,-33
107000130,1064,385,679
107000131,747,838,-91
107000132,816,485,331
107000133,1444,170,1274
107000134,463,3,460
107000135,2,385,-383
107000136,1232,14,1218
107000137,18,570,-552
107000138,587,41,546
107000139,32,627,-595
107000140,2410,220,2190
107000141,229,1127,-898
107000142,586,157,429
107000143,83,1104,-1021
107000144,702,778,-76
107000145,219,803,-584
107000146,267,565,-298
107000147,3937,1235,2702
107000150,1310,5739,-4429
107000151,79,127,-48
107000152,863,1696,-833
107000153,316,637,-321
107000154,323,267,56
107000155,1656,52,1604
107000156,1586,56,1530
107000157,122,2659,-2537
107000158,809,42,767
107000159,43,1655,-1612
107000160,990,388,602
107000161,144,2488,-2344
107000162,366,1139,-773
107000163,252,3,249
107000164,773,3,770
107000165,1127,13,1114
107000166,73,1818,-1745
107000167,808,371,437
107000168,1184,861,323
107000169,1498,1225,273
107000170,2485,1242,1243
107000171,970,3530,-2560
107000172,1459,1957,-498
107000173,943,1755,-812
107000174,1243,7915,-6672
107000175,10855,2921,7934
107000176,0,0,0
107000177,13,0,13
107000178,10,51,-41
107000179,403,3534,-3131
107000180,1517,625,892
107000181,516,1603,-1087
107000182,1804,1443,361
107000183,209,1278,-1069
107000184,1273,1061,212
107000185,712,2070,-1358
107000186,1608,612,996
107000187,1718,1924,-206
107000188,748,984,-236
107000189,575,1589,-1014
107000190,811,1205,-394
107000191,788,1597,-809
107000192,1897,1224,673
107000193,597,778,-181
107000194,1072,1087,-15
107000197,1337,418,919
107000198,396,1061,-665
107000199,831,1391,-560
107000200,1381,1215,166
107000201,526,346,180
107000202,404,948,-544
107000203,2031,983,1048
107000204,2854,1069,1785
107000205,3208,1539,1669
107000206,1696,1937,-241
107000207,1152,1646,-494
107000208,2163,716,1447
107000209,3494,1655,1839
107000210,1212,577,635
107000211,9,44,-35
107000212,22,707,-685
107000213,23,39,-16
107000214,22,359,-337
107000215,832,668,164
107000216,435,702,-267
107000217,242,393,-151
107000219,152,196,-44
107000220,250,320,-70
107000222,281,1203,-922
107000224,707,125,582
107000225,385,922,-537
107000226,653,129,524
107000227,139,524,-385
107000228,150,358,-208
107000229,392,424,-32
107000230,1642,738,904
107000231,2686,1845,841
107000232,164,101,63
107000233,2073,1223,850
107000234,4,56,-52
107000235,140,8,132
107000236,35,1494,-1459
107000237,26,4,22
107000238,37,1,36
107000239,5606,808,4798
107000240,118,1586,-1468
107000241,171,38,133
107000242,662,86,576
107000243,1,106,-105
107000244,4,129,-125
107000246,2,1579,-1577
107000249,9,1541,-1532
107000251,0,415,-415
107000252,4,1604,-1600
107000255,874,146,728
107000257,3,626,-623
107000258,0,155,-155
107000259,7,287,-280
107000260,657,18,639
107000262,16,858,-842
107000263,275,12,263
107000266,4,16,-12
107000267,128,194,-66
107000268,233,261,-28
107000269,1095,62,1033
107000270,3,13,-10
107000271,67,1096,-1029
107000272,47,310,-263
107000273,16,366,-350
107000274,8358,552,7806
107000275,354,1381,-1027
107000280,788,41,747
107000281,65,1550,-1485
107000282,99,1511,-1412
107000290,15,36,-21
107000291,68,60,8
107000292,6,98,-92
107000293,566,1,565
107000294,1,69,-68
107000295,85,4,81
107000296,0,29,-29
107000444,647,16,631
107000496,5,39,-34
107000497,2027,3703,-1676
107000500,513,468,45
107000501,155,203,-48
107000502,303,511,-208
107000505,749,1249,-500
107000506,11,47,-36
107000508,6,942,-936
107000509,312,1588,-1276
107000510,40,28,12
107000514,86,448,-362
107000515,27,341,-314
107000516,363,409,-46
107000518,1526,1566,-40
107000519,3611,1644,1967
107000520,123,49,74
107000521,481,471,10
107000522,789,677,112
107900001,46,228,-182
107900002,96,12,84
107900003,693,36,657
107900004,95,4,91
107900005,1773,4,1769
107900006,412,5,407
107900007,466,65,401
107900008,172,54,118
107900009,281,11,270
107900010,23,0,23
107900012,417,15,402
107900013,396,77,319
107900014,48,3,45
107900015,1137,24,1113
107900016,817,205,612
107900017,49,4,45
107900018,64,214,-150
107900019,18,94,-76
107900020,201,30,171
107900021,71,184,-113
107900023,8,1,7
107900024,0,47,-47
107900025,282,429,-147
107900026,102,127,-25
107900027,85,96,-11
107900028,88,105,-17
107900030,156,17,139
107900031,71,257,-186
107900032,29,6,23
107900033,25,9,16
107900034,498,26,472
107900035,978,75,903
107900036,70,32,38
107900037,1,81,-80
107900038,227,320,-93
107900039,47,101,-54
107900040,179,238,-59
107900041,3,1,2
107900043,56,277,-221
107900044,11,12,-1
107900045,114,59,55
107900046,199,236,-37
107900047,30,177,-147
107900048,203,9,194
107900049,484,2330,-1846
107900050,143,505,-362
107900051,134,97,37
107900052,50,21,29
107900053,29,158,-129
107900055,1068,486,582
107900056,239,84,155
107900057,1,0,1
107900058,72,1020,-948
107900060,67,55,12
107900061,23,4,19
107900063,145,120,25
107900064,575,162,413
107900065,252,19,233
107900066,14,24,-10
107900067,3,0,3
107900068,391,411,-20
107900069,58,2144,-2086
107900070,142,68,74
107900071,56,1212,-1156
107900072,111,274,-163
107900073,129,212,-83
107900074,1205,356,849
107900076,131,61,70
107900077,52,0,52
107900078,311,48,263
107900079,14,51,-37
107900080,506,498,8
107900081,41,184,-143
107900082,39,24,15
107900083,455,214,241
107900084,180,174,6
107900086,89,231,-142
107900087,909,167,742
107900088,19,26,-7
107900089,449,1783,-1334
107900090,1447,3858,-2411
107900091,296,729,-433
107900092,2874,720,2154
107900093,138,149,-11
107900094,0,0,0
107900095,5145,3023,2122
107900097,19,99,-80
107900098,74,256,-182
107900100,1411,1560,-149
107900101,1592,299,1293
107900102,21,9,12
107900103,57,248,-191
107900104,431,19,412
107900105,2,712,-710
107900106,1,1918,-1917
107900107,2301,807,1494
107900108,612,222,390
107900109,1463,11,1452
107900110,36,120,-84
107900111,7,1389,-1382
107900112,125,613,-488
107900113,277,215,62
107900114,178,244,-66
107900115,3,50,-47
107900116,195,319,-124
107900117,666,680,-14
107900118,126,248,-122
107900119,92,409,-317
107900120,36,16,20
107900121,2,371,-369
107900122,6,113,-107
107900123,3,50,-47
107900124,42,50,-8
107900125,46,261,-215
107900126,10,60,-50
107900127,865,443,422
107900128,173,130,43
107900129,79,57,22
107900130,113,48,65
107900131,985,334,651
107900132,132,687,-555
107900133,1,113,-112
107900134,37,54,-17
107900135,0,236,-236
107900136,59,48,11
107900137,220,176,44
107900138,83,101,-18
107900139,55,104,-49
107900140,147,85,62
107900141,65,73,-8
107900142,117,1420,-1303
107900143,134,50,84
107900144,0,242,-242
107900145,37,172,-135
107900146,41,200,-159
107900147,74,54,20
107900148,215,215,0
107900149,1797,342,1455
107900150,160,1122,-962
107900151,48,211,-163
107900152,14,340,-326
107900153,230,528,-298
107900154,63,61,2
107900155,115,100,15
107900156,9,400,-391
107900157,50,89,-39
107900158,872,33,839
107900159,62,1466,-1404
107900160,157,263,-106
107900161,23,264,-241
107900162,0,211,-211
107900163,285,72,213
107900164,8,67,-59
107900165,52,187,-135
107900166,29,300,-271
107900167,47,43,4
107900168,33,48,-15
107900169,7,289,-282
107900171,22,2205,-2183
107900172,3,503,-500
107900173,17,238,-221
107900174,158,20,138
107900175,47,27,20
107900176,38,56,-18
107900177,8,413,-405
107900178,11,300,-289
107900179,43,240,-197
107900180,1128,646,482
107900181,559,407,152
107900182,7,2012,-2005
107900183,45,435,-390
107900184,230,363,-133
107900185,117,3,114
107900186,31,49,-18
107900187,2,223,-221
107900188,1052,217,835
107900189,25,181,-156
107900190,146,162,-16
107900191,74,189,-115
107900193,15,89,-74
107900194,335,23,312
107900195,4475,726,3749
107900196,98,143,-45
107900197,1439,402,1037
107900199,10,1397,-1387
107900201,96,153,-57
107900203,56,122,-66
107900204,253,391,-138
107900205,257,509,-252
107900206,1412,261,1151
107900207,6,893,-887
107900208,19,913,-894
107900209,555,214,341
107900210,111,152,-41
107900213,1165,989,176
107900214,24,195,-171
107900215,239,340,-101
107900216,199,179,20
107900217,61,128,-67
107900218,35,2886,-2851
107900219,42,125,-83
107900220,362,448,-86
107900221,345,306,39
107900223,137,886,-749
107900224,163,434,-271
107900225,22,1147,-1125
107900226,118,212,-94
107900227,179,630,-451
107900228,27,153,-126
107900229,7,430,-423
107900230,13,149,-136
107900231,23,335,-312
107900232,56,272,-216
107900233,7,247,-240
107900234,126,226,-100
107900235,36,143,-107
107900236,131,113,18
107900237,127,732,-605
107900238,34,166,-132
107900239,1416,668,748
107900240,37,194,-157
107900241,21,106,-85
107900242,29,405,-376
107900243,0,101,-101
107900244,403,2,401
107900245,641,70,571
107900246,383,18,365
107900248,216,792,-576
107900249,784,31,753
107900250,3,772,-769
107900251,139,2072,-1933
107900252,1081,29,1052
107900253,169,3,166
107900254,83,691,-608
107900255,570,172,398
107900256,2796,1889,907
107900257,243,176,67
107900258,153,498,-345
107900259,178,2569,-2391
107900261,6,543,-537
107900262,74,206,-132
107900264,357,5,352
107900265,255,298,-43
107900267,226,26,200
107900268,82,14,68
107900269,1,12,-11
107900270,2,0,2
107900271,4,24,-20
107900272,231,16,215
107900273,51,163,-112
107900274,80,0,80
107900275,39,0,39
107900276,1,89,-88
107900277,1,295,-294
107900278,321,500,-179
107900279,181,216,-35
107900280,2697,3211,-514
107900281,3656,3216,440
107900282,115,575,-460
107900283,2132,764,1368
107900284,936,1129,-193
107900285,128,139,-11
107900286,193,125,68
107900287,193,248,-55
107900290,3,169,-166
107900291,473,10,463
107900292,150,347,-197
107900293,79,798,-719
107900295,90,130,-40
107900297,3,529,-526
107900298,1402,1178,224
107900299,4857,2921,1936
107900300,91,343,-252
107900301,1127,735,392
107900302,179,61,118
107900303,313,517,-204
107900304,267,743,-476
107900305,384,35,349
107900306,16,30,-14
107900307,74,291,-217
107900308,165,113,52
107900309,281,4,277
107900310,675,11,664
107900311,20,316,-296
107900312,112,4,108
107900313,5,187,-182
107900314,0,75,-75
107900315,0,81,-81
107900316,90,3,87
107900317,163,26,137
107900318,11,237,-226
107900319,8,349,-341
107900320,6,270,-264
107900321,160,10,150
107900322,1,221,-220
107900323,21,227,-206
107900324,300,0,300
107900325,111,0,111
107900326,456,465,-9
107900327,59,137,-78
107900328,493,15,478
107900329,433,139,294
107900330,17,736,-719
107900331,229,50,179
107900332,248,53,195
107900333,69,41,28
107900334,12,275,-263
107900335,95,78,17
107900336,56,73,-17
107900337,1974,1094,880
107900338,2,255,-253
107900339,3,26,-23
107900340,0,81,-81
107900341,86,0,86
107900342,223,206,17
107900343,232,2,230
107900344,8,99,-91
107900345,180,54,126
107900346,35,0,35
107900347,24,1,23
107900348,25,6,19
107900349,10,11,-1
107900350,38,382,-344
108000001,3319,5044,-1725
108000002,3079,4429,-1350
108000003,4659,3948,711
108000004,19735,23413,-3678
108000005,11163,7090,4073
108000006,12010,11484,526
108000007,6317,5187,1130
108000008,6693,9979,-3286
108000009,4410,5799,-1389
108000010,4583,7442,-2859
108000011,14567,14977,-410
108000012,26173,25017,1156
108000014,1528,882,646
108000015,865,382,483
108000016,413,832,-419
108000017,1236,563,673
108000018,2154,844,1310
108000019,4439,1132,3307
108000020,1885,750,1135
108000021,547,2295,-1748
108000022,814,2063,-1249
108000023,1339,315,1024
108000024,323,847,-524
108000025,364,422,-58
108000026,606,674,-68
108000027,828,732,96
108000028,631,437,194
108000029,598,695,-97
108000030,1337,382,955
108000031,520,975,-455
108000032,1711,869,842
108000033,1037,1865,-828
108000034,2040,702,1338
108000035,1291,3761,-2470
108000036,540,1692,-1152
108000037,1966,661,1305
108000038,2876,809,2067
108000039,741,3262,-2521
108000040,2186,1288,898
108000041,931,3806,-2875
108000042,292,371,-79
108000043,315,473,-158
108000044,468,293,175
108000045,399,996,-597
108000046,1670,468,1202
108000047,665,1709,-1044
108000048,240,651,-411
108000049,1095,415,680
108000050,150,672,-522
108000051,301,194,107
108000052,378,1007,-629
108000053,498,272,226
108000054,711,1439,-728
108000055,1475,652,823
108000056,1467,1715,-248
108000057,886,1544,-658
108000058,2380,4620,-2240
108000059,4536,2953,1583
108000060,236,627,-391
108000061,180,359,-179
108000062,811,805,6
108000063,582,827,-245
108000064,220,360,-140
108000065,926,983,-57
108000066,2201,1196,1005
108000067,2295,959,1336
108000068,906,531,375
108000069,337,1742,-1405
108000070,2105,999,1106
108000071,960,2367,-1407
108000072,1994,1490,504
108000073,2159,3030,-871
108000074,599,522,77
108000075,437,1252,-815
108000076,936,774,162
108000077,870,1078,-208
108000078,2630,2144,486
108000079,1129,2499,-1370
108000080,1378,889,489
108000081,721,2957,-2236
108000082,1470,2898,-1428
108000083,2178,1276,902
108000084,561,1833,-1272
108000085,878,599,279
108000086,1124,1158,-34
108000087,193,2348,-2155
108000088,221,13,208
108000089,485,580,-95
108000090,518,219,299
108000091,372,764,-392
108000092,142,129,13
108000093,258,980,-722
108000094,709,153,556
108000095,226,719,-493
108000096,349,278,71
108000097,199,815,-616
108000098,1794,2004,-210
108000099,511,165,346
108000100,88,391,-303
108000101,1644,1979,-335
108000102,1888,3948,-2060
108000106,1490,5,1485
108000107,4,1184,-1180
108000108,1039,86,953
108000109,13,1173,-1160
108000110,224,513,-289
108000111,228,1150,-922
108000112,58,203,-145
108000113,807,414,393
108000115,577,521,56
108000117,1082,581,501
108000118,197,291,-94
108000119,997,532,465
108000120,202,989,-787
108000121,250,725,-475
108000122,677,547,130
108000123,859,380,479
108000124,428,842,-414
108000125,415,378,37
108000126,164,646,-482
108000127,609,469,140
108000128,843,807,36
108000129,485,1567,-1082
108000130,600,404,196
108000131,932,625,307
108000132,2799,2269,530
108000133,949,742,207
108000134,691,905,-214
108000135,1326,612,714
108000136,870,1464,-594
108000137,508,713,-205
108000138,532,1529,-997
108000139,541,585,-44
108000140,132,53,79
108000141,47,202,-155
108000142,85,198,-113
108000143,41,50,-9
108000144,68,33,35
108000145,78,37,41
108000146,84,25,59
108000147,88,70,18
108000148,78,16,62
108000149,49,49,0
108000150,58,11,47
108000151,85,28,57
108000152,139,722,-583
108000153,555,188,367
108000154,99,19,80
108000155,37,30,7
108000156,457,215,242
108000157,269,1055,-786
108000158,115,821,-706
108000159,853,224,629
108000160,5375,1422,3953
108000161,5083,3342,1741
108000165,5,274,-269
108000172,7,400,-393
108000173,3166,2737,429
108000175,226,167,59
108000178,678,482,196
108000179,292,894,-602
108000181,76,31,45
108000182,162,20,142
108000183,119,64,55
108000184,1516,2542,-1026
108000185,320,955,-635
108000186,241,85,156
108000187,136,964,-828
108000188,612,313,299
108000189,930,1710,-780
108000190,54,186,-132
108000192,332,743,-411
108000193,1425,69,1356
108000194,34,9,25
108000195,5,1536,-1531
108000196,334,252,82
108000198,595,486,109
108000199,1,217,-216
108000200,600,948,-348
108000202,4,347,-343
108000203,168,1217,-1049
108000204,176,70,106
108000205,597,742,-145
108000339,2224,453,1771
108000364,148,396,-248
108000365,93,410,-317
108000367,208,597,-389
108000368,7,86,-79
108000369,2172,297,1875
108000371,2,824,-822
108000372,734,4,730
108000373,276,283,-7
108000376,103,41,62
108000377,431,433,-2
108000378,11478,13697,-2219
108000379,58,409,-351
108000381,60,20,40
108000382,232,3,229
108000383,0,219,-219
108900001,164,1456,-1292
108900002,245,106,139
108900003,439,1152,-713
108900004,147,477,-330
108900005,81,485,-404
108900006,1153,251,902
108900007,238,267,-29
108900008,102,223,-121
108900009,103,157,-54
108900010,207,244,-37
108900011,420,554,-134
108900012,345,611,-266
108900013,109,346,-237
108900014,14,144,-130
108900015,1,51,-50
108900016,1,318,-317
108900017,328,401,-73
108900018,111,707,-596
108900019,59,1280,-1221
108900020,53,346,-293
108900021,107,374,-267
108900022,194,8,186
108900023,8,45,-37
108900024,48,240,-192
108900025,98,232,-134
108900026,37,147,-110
108900027,0,117,-117
108900028,78,565,-487
108900029,96,405,-309
108900030,1,157,-156
108900031,87,622,-535
108900032,28,365,-337
108900033,0,101,-101
108900034,3,312,-309
108900035,440,2040,-1600
108900036,232,417,-185
108900037,92,583,-491
108900038,1,539,-538
108900039,1,679,-678
108900040,7,153,-146
108900041,7279,3429,3850
108900042,15,454,-439
108900043,133,684,-551
108900044,2,753,-751
108900045,74,768,-694
108900046,65,1259,-1194
108900047,0,165,-165
108900048,127,1416,-1289
108900049,6365,1674,4691
108900050,1,334,-333
108900051,0,308,-308
108900052,21,319,-298
108900053,160,234,-74
108900054,76,341,-265
108900055,89,545,-456
108900056,2,279,-277
108900057,0,264,-264
108900058,49,597,-548
108900059,517,34,483
108900060,106,274,-168
108900061,98,53,45
108900062,15,392,-377
108900063,21,533,-512
108900064,181,104,77
108900065,18,346,-328
108900066,343,154,189
108900067,25,314,-289
108900068,2,201,-199
108900069,66,177,-111
108900070,73,175,-102
108900071,87,88,-1
108900072,3425,986,2439
108900073,38,242,-204
108900074,201,648,-447
108900075,98,73,25
108900076,331,133,198
108900077,167,367,-200
108900078,19,298,-279
108900079,1284,316,968
108900080,42,1204,-1162
108900081,71,407,-336
108900082,56,151,-95
108900083,51,451,-400
108900084,566,180,386
108900085,2918,275,2643
108900086,71,357,-286
108900087,125,333,-208
108900088,1367,545,822
108900089,24,181,-157
108900090,37,450,-413
108900091,156,142,14
108900092,600,448,152
108900093,138,134,4
108900094,301,140,161
108900095,135,669,-534
108900096,432,35,397
108900097,299,401,-102
108900098,3948,747,3201
108900099,407,482,-75
108900100,64,206,-142
108900101,275,168,107
108900102,179,1202,-1023
108900103,119,131,-12
108900104,197,555,-358
108900105,12,1377,-1365
108900106,379,615,-236
108900108,954,70,884
108900109,665,57,608
108900110,213,652,-439
108900111,530,887,-357
108900112,313,47,266
108900113,41,70,-29
108900114,36,11,25
108900115,110,117,-7
108900116,95,30,65
108900117,163,17,146
108900118,655,13,642
108900119,243,49,194
108900120,201,256,-55
108900121,377,157,220
108900122,104,55,49
108900123,136,161,-25
108900124,503,300,203
108900125,441,5,436
108900126,126,18,108
108900127,190,34,156
108900128,104,46,58
108900129,702,212,490
108900130,363,1,362
108900131,565,9,556
108900132,578,96,482
108900133,294,94,200
108900134,348,442,-94
108900135,147,23,124
108900136,75,3,72
108900137,136,1,135
108900138,722,54,668
108900139,527,153,374
108900140,276,398,-122
108900141,360,16,344
108900142,127,10,117
108900143,47,0,47
108900144,79,1,78
108900145,118,12,106
108900146,72,1,71
108900147,253,0,253
108900148,125,66,59
108900149,755,588,167
108900150,374,13,361
108900151,278,14,264
108900152,186,49,137
108900153,151,628,-477
108900154,6194,632,5562
108900155,346,182,164
108900156,110,5,105
108900157,12,703,-691
108900158,509,56,453
108900159,12,423,-411
108900160,19,376,-357
108900161,19,651,-632
108900162,105,1,104
108900163,8,330,-322
108900164,61,88,-27
108900165,265,118,147
108900167,2862,7072,-4210
108900168,11771,3347,8424
108900169,82,176,-94
108900171,11870,3676,8194
108900172,237,73,164
108900173,334,569,-235
108900174,860,977,-117
108900176,177,724,-547
108900177,10061,7401,2660
108900178,6727,3987,2740
108900179,922,1847,-925
108900180,123,431,-308
108900182,54,387,-333
108900183,250,307,-57
108900184,678,333,345
108900185,168,502,-334
108900186,111,594,-483
108900187,386,79,307
108900188,574,78,496
108900189,452,246,206
108900190,71,4298,-4227
108900191,253,43,210
108900192,101,292,-191
108900193,608,90,518
108900194,65,631,-566
108900195,180,474,-294
108900196,54,693,-639
108900198,10,754,-744
108900199,303,521,-218
108900200,1144,453,691
108900201,677,1928,-1251
108900203,661,85,576
108900204,454,32,422
108900205,229,38,191
108900206,589,81,508
108900207,221,84,137
108900208,19,590,-571
108900209,367,894,-527
108900210,222,352,-130
108900211,196,574,-378
108900212,932,1680,-748
108900215,144,751,-607
108900216,670,170,500
108900217,215,0,215
108900218,225,16,209
108900219,116,8,108
108900220,78,31,47
108900221,71,180,-109
108900222,209,13,196
108900223,9,139,-130
108900224,39,238,-199
108900225,4,321,-317
108900226,310,27,283
108900227,168,314,-146
108900230,429,406,23
108900231,59,338,-279
108900232,5,420,-415
108900233,663,132,531
108900234,385,261,124
108900235,330,845,-515
108900236,89,498,-409
108900237,107,328,-221
108900240,146,133,13
108900241,39,60,-21
108900245,14,1631,-1617
108900249,207,45,162
108900250,318,172,146
108900257,240,839,-599
108900258,13,311,-298
108900259,165,132,33
108900260,12,144,-132
108900261,134,187,-53
108900262,238,199,39
108900263,61,288,-227
108900264,629,320,309
108900265,1464,379,1085
108900266,1365,606,759
108900267,5,113,-108
108900268,5,6,-1
108900269,86,19,67
108900270,76,23,53
108900271,34,13,21
108900272,222,9,213
108900273,1427,830,597
108900274,58,116,-58
109000001,5862,1926,3936
109000002,3365,2228,1137
109000003,3503,772,2731
109000004,746,3494,-2748
109000005,3367,1145,2222
109000006,1138,3044,-1906
109000007,1834,1059,775
109000008,727,2767,-2040
109000009,4348,1949,2399
109000010,1976,5852,-3876
109000011,3966,3009,957
109000012,2832,5134,-2302
109000013,4084,4278,-194
109000014,2631,5042,-2411
109000015,4129,8996,-4867
109000016,11212,5947,5265
109000017,2752,1746,1006
109000018,1395,4945,-3550
109000019,3887,1938,1949
109000020,1641,2954,-1313
109000023,372,52,320
109000024,17,335,-318
109000025,571,684,-113
109000026,1171,520,651
109000027,111,439,-328
109000028,172,146,26
109000029,230,268,-38
109000030,128,784,-656
109000031,225,255,-30
109000032,154,623,-469
109000033,524,224,300
109000034,75,45,30
109000035,32,53,-21
109000036,157,580,-423
109000037,279,1446,-1167
109000038,853,543,310
109000039,1196,768,428
109000040,7034,9006,-1972
109000041,5596,2213,3383
109000042,1174,1825,-651
109000044,520,90,430
109000045,105,482,-377
109000046,467,144,323
109000047,98,591,-493
109000048,1312,246,1066
109000049,522,784,-262
109000050,477,416,61
109000051,479,423,56
109000052,657,1726,-1069
109000053,272,181,91
109000054,616,996,-380
109000055,423,496,-73
109000056,482,906,-424
109000057,756,540,216
109000058,1287,440,847
109000059,1305,1461,-156
109000060,617,399,218
109000061,1577,1289,288
109000062,255,465,-210
109000063,335,307,28
109000064,318,334,-16
109000065,169,394,-225
109000066,526,174,352
109000067,57,498,-441
109000068,2958,12,2946
109000069,1543,46,1497
109000070,7,1492,-1485
109000071,617,111,506
109000072,174,515,-341
109000073,57,167,-110
109000074,40,323,-283
109000075,119,470,-351
109000076,165,336,-171
109000077,432,417,15
109000078,121,236,-115
109000079,154,362,-208
109000080,156,211,-55
109000081,152,771,-619
109000082,749,377,372
109000083,373,1132,-759
109000088,234,675,-441
109000089,278,86,192
109000090,251,632,-381
109000091,408,226,182
109000092,424,835,-411
109000093,289,220,69
109000094,502,2,500
109000095,190,671,-481
109000096,696,336,360
109000097,120,221,-101
109000098,77,169,-92
109000099,1365,606,759
109000100,269,869,-600
109000101,1876,1212,664
109000102,455,1208,-753
109000103,528,893,-365
109000104,1910,931,979
109000105,636,1887,-1251
109000106,2504,1200,1304
109000107,799,3007,-2208
109000108,1924,1008,916
109000109,582,3029,-2447
109000110,1402,844,558
109000111,1302,3305,-2003
109000112,516,252,264
109000113,585,366,219
109000114,237,617,-380
109000115,1791,51,1740
109000116,5,395,-390
109000117,199,103,96
109000118,8,443,-435
109000119,1294,435,859
109000120,191,1389,-1198
109000121,478,67,411
109000122,193,1348,-1155
109000123,31,100,-69
109000124,684,679,5
109000125,1109,553,556
109000126,517,1444,-927
109000127,933,352,581
109000128,712,2823,-2111
109000129,2362,1088,1274
109000130,859,3690,-2831
109000131,979,684,295
109000132,851,2892,-2041
109000133,548,1521,-973
109000134,1208,2123,-915
109000135,2367,2406,-39
109000136,439,472,-33
109000137,383,521,-138
109000138,593,554,39
109000139,559,571,-12
109000140,345,689,-344
109000141,622,668,-46
109000142,166,779,-613
109000143,133,115,18
109000145,163,282,-119
109000146,81,192,-111
109000148,6049,2972,3077
109000149,53,73,-20
109000150,140,264,-124
109000155,936,891,45
109000156,2113,1088,1025
109000158,347,527,-180
109000159,286,959,-673
109000160,1436,373,1063
109000161,461,1897,-1436
109000162,2447,1194,1253
109000163,1240,2758,-1518
109000164,1473,3521,-2048
109000165,1454,858,596
109000166,806,153,653
109000167,146,1053,-907
109000170,44,77,-33
109000171,80,94,-14
109000172,37,77,-40
109000173,16,98,-82
109000174,180,64,116
109000175,65,142,-77
109000176,379,352,27
109000177,15,189,-174
109000178,813,643,170
109000179,8979,5982,2997
109000180,9383,4949,4434
109000181,23,37,-14
109000182,71,36,35
109000183,62,106,-44
109000184,55,32,23
109000185,33,103,-70
109000188,1182,3298,-2116
109000189,4811,1520,3291
109000190,1144,702,442
109000191,460,712,-252
109000192,417,441,-24
109000193,234,514,-280
109000194,286,220,66
109000195,178,531,-353
109000196,331,207,124
109000197,295,616,-321
109000198,370,121,249
109000199,144,722,-578
109000206,314,48,266
109000207,129,50,79
109000208,141,101,40
109000209,192,177,15
109000210,242,772,-530
109000211,658,905,-247
109000214,497,692,-195
109000215,226,115,111
109000216,452,306,146
109000217,340,180,160
109000218,512,341,171
109000221,746,1567,-821
109000222,1043,315,728
109000223,364,370,-6
109000224,65,222,-157
109000225,87,46,41
109000226,58,329,-271
109000227,1246,1765,-519
109000228,1,675,-674
109000231,177,604,-427
109000232,342,547,-205
109000236,350,1113,-763
109000241,2648,3039,-391
109000242,2072,2246,-174
109000293,45,109,-64
109000361,143,373,-230
109000364,307,856,-549
109000396,10,852,-842
109000397,465,10,455
109000399,153,644,-491
109000400,108,507,-399
109000403,136,870,-734
109000406,801,9,792
109000407,359,306,53
109000408,0,836,-836
109000410,1237,373,864
109000411,243,59,184
109900001,91,11,80
109900002,1007,29,978
109900003,213,5,208
109900004,1125,276,849
109900005,43,6,37
109900006,552,448,104
109900007,865,1022,-157
109900008,0,68,-68
109900009,200,1183,-983
109900010,690,30,660
109900011,117,59,58
109900012,338,308,30
109900013,575,233,342
109900014,506,89,417
109900015,640,270,370
109900016,202,66,136
109900017,201,285,-84
109900018,283,183,100
109900019,251,100,151
109900020,81,78,3
109900021,30,33,-3
109900022,160,390,-230
109900023,28,11,17
109900024,29,8,21
109900025,30,106,-76
109900026,0,244,-244
109900027,52,35,17
109900028,3059,1066,1993
109900029,13,585,-572
109900030,58,18,40
109900031,2,270,-268
109900032,17,429,-412
109900033,1,689,-688
109900034,37,0,37
109900035,15,17,-2
109900036,33,95,-62
109900037,33,764,-731
109900038,91,288,-197
109900039,11,1,10
109900040,39,881,-842
109900041,63,503,-440
109900042,148,742,-594
109900044,168,383,-215
109900045,237,76,161
109900046,17,76,-59
109900047,398,517,-119
109900048,10,100,-90
109900049,15,32,-17
109900050,1,330,-329
109900051,0,51,-51
109900052,184,444,-260
109900053,5,614,-609
109900054,637,333,304
109900055,86,378,-292
109900056,39,217,-178
109900057,17,251,-234
109900058,0,133,-133
109900059,677,189,488
109900060,578,162,416
109900061,72,443,-371
109900062,0,346,-346
109900063,13,495,-482
109900064,734,340,394
109900065,156,204,-48
109900066,514,1312,-798
109900067,1,463,-462
109900068,86,9,77
109900069,2,76,-74
109900070,82,478,-396
109900071,5,51,-46
109900072,30,252,-222
109900073,406,826,-420
109900074,11,78,-67
109900075,33,55,-22
109900076,14,295,-281
109900077,23,79,-56
109900078,160,315,-155
109900080,167,462,-295
109900081,47,191,-144
109900082,31,555,-524
109900083,28,106,-78
109900084,95,212,-117
109900085,310,1167,-857
109900086,180,594,-414
109900087,451,650,-199
109900089,771,228,543
109900090,638,1584,-946
109900091,412,119,293
109900092,3706,35,3671
109900093,958,226,732
109900094,88,166,-78
109900095,197,365,-168
109900096,38,6,32
109900097,126,3,123
109900098,512,54,458
109900099,206,1,205
109900100,57,0,57
109900101,469,25,444
109900102,536,33,503
109900103,41,74,-33
109900104,553,1213,-660
109900105,582,44,538
109900106,861,87,774
109900107,901,150,751
109900108,130,810,-680
109900109,43,243,-200
109900110,153,660,-507
109900111,453,1431,-978
109900112,456,1090,-634
109900113,917,578,339
109900114,1733,767,966
109900115,245,149,96
109900117,1110,189,921
109900118,372,687,-315
109900119,887,508,379
109900120,89,41,48
109900121,607,451,156
109900122,465,14,451
109900123,30,230,-200
109900124,65,840,-775
109900125,5,245,-240
109900126,276,202,74
109900128,267,72,195
109900130,12633,3057,9576
109900131,61,236,-175
109900132,50,242,-192
109900133,129,496,-367
109900134,150,129,21
109900135,531,105,426
109900136,95,208,-113
109900137,126,566,-440
109900140,252,350,-98
109900142,1340,459,881
109900145,4,460,-456
109900146,623,52,571
109900148,56,121,-65
109900149,59,75,-16
109900150,5,117,-112
109900151,6,60,-54
109900152,0,30,-30
109900153,2,48,-46
109900154,61,1,60
109900155,74,39,35
109900157,97,409,-312
109900158,66,187,-121
109900159,160,86,74
109900160,171,76,95
109900161,317,96,221
109900162,218,163,55
109900163,1068,486,582
109900164,74,326,-252
109900165,735,5,730
109900166,4,211,-207
109900167,206,788,-582
109900168,270,901,-631
109900169,228,238,-10
109900170,528,1095,-567
109900171,186,154,32
109900172,296,396,-100
109900173,5596,2862,2734
109900174,64,243,-179
109900175,95,103,-8
109900176,140,267,-127
109900177,39,360,-321
109900178,27,256,-229
109900179,137,36,101
109900180,15,13,2
110000001,1167,777,390
110000002,739,979,-240
110000003,1524,898,626
110000004,784,910,-126
110000005,756,2677,-1921
110000006,679,470,209
110000007,197,228,-31
110000008,29,81,-52
110000009,87,55,32
110000010,32,103,-71
110000011,58,136,-78
110000012,1031,770,261
110000013,70,1003,-933
110000014,781,519,262
110000015,462,935,-473
110000016,395,2252,-1857
110000017,4168,420,3748
110000018,4423,696,3727
110000019,13,140,-127
110000020,527,257,270
110000021,1832,742,1090
110000022,1858,377,1481
110000023,9,155,-146
110000024,975,625,350
110000025,300,7,293
110000026,12,502,-490
110000027,2099,637,1462
110000028,1199,1232,-33
110000029,725,1123,-398
110000030,285,591,-306
110000031,362,692,-330
110000032,820,752,68
110000033,495,138,357
110000034,818,1316,-498
110000035,1862,1111,751
110000036,1878,1340,538
110000037,373,938,-565
110000038,413,1284,-871
110000039,1044,5115,-4071
110000040,428,587,-159
110000041,383,1963,-1580
110000042,166,575,-409
110000043,1202,478,724
110000044,530,341,189
110000045,3471,256,3215
110000046,18,18,0
110000047,173,46,127
110000048,25,32,-7
110000049,169,33,136
110000050,19,46,-27
110000051,130,11,119
110000052,46,56,-10
110000053,393,17,376
110000054,544,468,76
110000055,1180,68,1112
110000056,363,121,242
110000057,606,1063,-457
110000058,1990,984,1006
110000059,1276,819,457
110000060,911,1600,-689
110000061,1238,1126,112
110000062,866,1290,-424
110000063,45,147,-102
110000064,127,177,-50
110000065,96,143,-47
110000066,127,64,63
110000067,190,412,-222
110000068,442,474,-32
110000069,262,187,75
110000071,174,182,-8
110000073,9,46,-37
110000075,11,178,-167
110000076,420,752,-332
110000077,607,3021,-2414
110000078,49,83,-34
110000080,368,1010,-642
110000081,101,529,-428
110000082,62,653,-591
110000083,350,892,-542
110000084,1273,1106,167
110000085,3131,2442,689
110000086,2272,2635,-363
110000087,6,84,-78
110000088,90,370,-280
110000089,398,222,176
110000090,380,531,-151
110000091,2252,564,1688
110000092,32,145,-113
110000093,107,13,94
110000094,852,392,460
110000095,311,942,-631
110000096,3561,2543,1018
110000097,1410,1792,-382
110000098,2825,1039,1786
110000099,1265,2473,-1208
110000100,880,793,87
110000101,14,687,-673
110000102,53,79,-26
110000104,608,211,397
110000105,104,347,-243
110000106,802,457,345
110000107,463,578,-115
110000108,188,65,123
110000109,416,426,-10
110000110,4900,5682,-782
110000111,9665,3651,6014
110000112,1749,1481,268
110000113,776,2740,-1964
110000114,455,1151,-696
110000115,339,533,-194
110000116,66,79,-13
110000117,262,662,-400
110000118,497,314,183
110000119,262,545,-283
110000120,640,313,327
110000121,171,614,-443
110000122,592,952,-360
110000123,624,825,-201
110000124,9,1473,-1464
110000125,1283,14,1269
110000126,385,41,344
110000127,1605,65,1540
110000128,49,2196,-2147
110000129,7,713,-706
110000130,325,254,71
110000131,138,412,-274
110000132,4,1078,-1074
110000133,71,774,-703
110000134,49,475,-426
110000135,223,42,181
110000136,118,494,-376
110000137,802,924,-122
110000138,928,1022,-94
110000139,970,1879,-909
110000140,1605,754,851
110000143,969,633,336
110000144,7049,2216,4833
110000145,2386,1293,1093
110000146,2973,1475,1498
110000147,699,1258,-559
110000148,670,440,230
110000151,1546,995,551
110000152,1265,539,726
110000153,110,75,35
110000154,154,47,107
110000155,3009,5019,-2010
110000156,1179,3318,-2139
110000157,2890,2803,87
110000160,597,480,117
110000161,244,534,-290
110000166,610,288,322
110000167,1099,746,353
110000168,1088,597,491
110000169,936,474,462
110000170,169,133,36
110000171,891,249,642
110000172,205,1251,-1046
110000173,1402,1826,-424
110000174,357,1806,-1449
110000175,736,121,615
110000176,214,394,-180
110000177,215,1201,-986
110000178,784,1942,-1158
110000179,1773,523,1250
110000180,251,407,-156
110000181,697,839,-142
110000182,441,306,135
110000183,17169,10103,7066
110000184,1164,3823,-2659
110000185,3963,1258,2705
110000186,1102,1493,-391
110000191,897,599,298
110000192,716,10,706
110000193,1255,14,1241
110000194,25,1652,-1627
110000195,476,565,-89
110000196,444,576,-132
110000197,120,319,-199
110000198,181,92,89
110000199,113,214,-101
110000200,2048,785,1263
110000201,1595,1260,335
110000202,1680,725,955
110000203,992,1188,-196
110000204,4,353,-349
110000205,207,93,114
110000206,1041,2134,-1093
110000207,1021,495,526
110000208,569,287,282
110000209,190,1580,-1390
110000210,1020,899,121
110000211,2061,1331,730
110000212,534,1588,-1054
110000213,276,147,129
110000214,285,160,125
110000215,230,676,-446
110000216,130,706,-576
110000217,330,255,75
110000218,189,641,-452
110000219,347,135,212
110000220,125,444,-319
110000221,373,132,241
110000222,125,349,-224
110000223,8,180,-172
110000224,84,15,69
110000225,294,1015,-721
110000226,316,97,219
110000227,1186,1119,67
110000228,597,356,241
110000229,5,409,-404
110000230,1411,1041,370
110000231,254,298,-44
110000232,377,331,46
110000233,344,427,-83
110000234,2021,981,1040
110000235,1521,1546,-25
110000236,866,1270,-404
110000237,4932,2060,2872
110000238,1612,1837,-225
110000239,2517,1731,786
110000240,1,108,-107
110000242,0,19,-19
110000243,150,210,-60
110000244,273,604,-331
110000245,43,534,-491
110000246,1327,1022,305
110000247,1748,8675,-6927
110000248,3109,2626,483
110000249,98,10,88
110000250,70,432,-362
110000251,402,1157,-755
110000252,334,314,20
110000253,1673,1015,658
110000254,973,2375,-1402
110000255,392,1603,-1211
110000256,689,436,253
110000257,898,579,319
110000258,14,768,-754
110000259,122,34,88
110000260,18,575,-557
110000263,968,198,770
110000264,394,866,-472
110000265,1770,2814,-1044
110000266,3287,3722,-435
110000267,32,393,-361
110000268,383,739,-356
110000269,8,137,-129
110000270,73,10,63
110000271,2515,471,2044
110000272,1583,1448,135
110000273,5464,2118,3346
110000274,386,1860,-1474
110000275,3800,814,2986
110000276,427,527,-100
110000277,604,594,10
110000278,581,1042,-461
110000279,973,789,184
110000280,485,538,-53
110000281,66,395,-329
110000282,492,74,418
110000283,102,171,-69
110000284,94,87,7
110000285,12,659,-647
110000286,53,0,53
110000287,138,6,132
110000288,28,227,-199
110000289,667,2501,-1834
110000290,1379,920,459
110000291,8249,1967,6282
110000292,1621,5696,-4075
110000293,770,1067,-297
110000294,1177,1584,-407
110000295,170,1412,-1242
110000296,414,478,-64
110000297,3401,512,2889
110000298,354,1059,-705
110000299,510,131,379
110000301,581,40,541
110000302,570,1747,-1177
110000303,638,26,612
110000304,198,428,-230
110000305,1363,34,1329
110000306,185,2029,-1844
110000307,1837,8,1829
110000308,858,9,849
110000309,30,1371,-1341
110000310,882,104,778
110000311,22,1057,-1035
110000312,668,135,533
110000313,4607,5731,-1124
110000314,5,571,-566
110000315,5147,3598,1549
110000316,755,1886,-1131
110000317,1187,612,575
110000318,21,175,-154
110000319,33,29,4
110000320,155,71,84
110000321,35,59,-24
110000322,504,732,-228
110000323,859,322,537
110000324,6148,2136,4012
110000325,3770,3842,-72
110000327,1036,569,467
110000328,258,673,-415
110000333,1523,970,553
110000334,1302,2158,-856
110000335,1249,830,419
110000336,1149,1650,-501
110000337,2061,829,1232
110000338,471,328,143
110000339,437,298,139
110000340,256,274,-18
110000341,560,774,-214
110000342,818,2,816
110000343,0,26,-26
110000344,494,262,232
110000345,473,219,254
110000346,3642,2428,1214
110000347,1466,1090,376
110000348,60,41,19
110000349,6,44,-38
110000350,74,17,57
110000351,1203,1180,23
110000352,853,2760,-1907
110000353,3712,1004,2708
110000354,2056,6141,-4085
110000355,123,175,-52
110000356,977,14,963
110000357,568,21,547
110000361,45,82,-37
110000362,58,186,-128
110000363,403,183,220
110000364,381,506,-125
110000365,328,3,325
110000366,5,165,-160
110000367,787,354,433
110000368,7,128,-121
110000369,68,2,66
110000373,11,429,-418
110000374,334,17,317
110000375,154,1823,-1669
110000376,54,151,-97
110000377,84,825,-741
110000378,35,557,-522
110000379,5161,2886,2275
110000380,76,32,44
110000383,0,1225,-1225
110000384,2956,1158,1798
110000385,0,291,-291
110000387,132,13,119
110000388,72,357,-285
110000389,904,17,887
110000391,896,554,342
110000396,162,201,-39
110000397,213,300,-87
110000398,3,67,-64
110000399,256,1,255
110000587,163,89,74
110000589,305,224,81
110000640,264,114,150
110000652,41,224,-183
110000653,474,593,-119
110000654,141,90,51
110000656,2,838,-836
110000674,57,30,27
110000675,32,24,8
110000676,25,100,-75
110000679,464,1312,-848
110000682,176,279,-103
110000683,807,837,-30
110000684,9,78,-69
110000685,35,18,17
110000686,7,78,-71
110000687,62,7,55
110000688,80,1052,-972
110000689,27,82,-55
110000692,216,349,-133
110000693,467,408,59
110000694,1,189,-188
110000695,592,1005,-413
110000696,148,224,-76
110900001,366,32,334
110900002,540,438,102
110900003,859,1159,-300
110900004,471,344,127
110900005,4732,2617,2115
110900006,57,13,44
110900007,171,31,140
110900008,25,61,-36
110900009,544,108,436
110900010,13,128,-115
110900011,27,112,-85
110900012,20,170,-150
110900013,1088,210,878
110900014,398,22,376
110900015,1072,823,249
110900016,56,225,-169
110900017,446,51,395
110900018,546,80,466
110900019,176,46,130
110900020,153,582,-429
110900021,86,805,-719
110900022,108,463,-355
110900023,135,778,-643
110900024,42,602,-560
110900025,45,140,-95
110900027,66,292,-226
110900028,83,267,-184
110900029,23,535,-512
110900030,56,442,-386
110900031,5,268,-263
110900032,0,148,-148
110900033,57,349,-292
110900035,57,697,-640
110900036,117,31,86
110900037,111,44,67
110900038,1669,296,1373
110900039,2,381,-379
110900040,277,63,214
110900041,18,210,-192
110900042,133,85,48
110900043,8,225,-217
110900044,389,35,354
110900045,62,740,-678
110900046,118,392,-274
110900047,864,395,469
110900049,127,115,12
110900050,28,10,18
110900051,52,297,-245
110900052,4,252,-248
110900053,135,101,34
110900054,35,363,-328
110900055,32,6,26
110900056,80,158,-78
110900057,9,294,-285
110900058,347,396,-49
110900059,805,850,-45
110900060,508,145,363
110900061,26,55,-29
110900062,176,465,-289
110900063,40,279,-239
110900064,21,0,21
110900065,534,200,334
110900066,17,176,-159
110900067,615,1236,-621
110900068,573,330,243
110900069,12,46,-34
110900071,398,897,-499
110900073,0,45,-45
110900074,361,161,200
110900075,499,135,364
110900077,996,752,244
110900078,69,148,-79
110900079,2689,1456,1233
110900080,147,103,44
110900081,11,106,-95
110900082,119,242,-123
110900083,192,63,129
110900084,56,190,-134
110900085,56,553,-497
110900086,60,354,-294
110900087,415,119,296
110900088,7,0,7
110900090,53,52,1
110900091,3,77,-74
110900093,726,196,530
110900095,65,84,-19
110900097,15,18,-3
110900098,63,159,-96
110900099,75,740,-665
110900100,0,22,-22
110900102,118,38,80
110900105,1067,465,602
110900108,17,89,-72
110900111,664,237,427
110900112,935,13,922
110900113,617,77,540
110900115,4,105,-101
110900116,771,2958,-2187
110900118,236,3341,-3105
110900119,6062,565,5497
110900120,29,159,-130
110900121,121,3,118
110900122,463,235,228
110900125,372,545,-173
110900127,850,1581,-731
110900128,299,261,38
110900129,473,800,-327
110900130,1551,753,798
110900131,386,109,277
110900132,347,87,260
110900133,229,337,-108
110900135,192,579,-387
110900136,380,26,354
110900137,234,1,233
110900138,2691,509,2182
110900139,200,94,106
110900140,156,12,144
110900141,9,128,-119
110900142,126,352,-226
110900143,261,107,154
110900144,3,951,-948
110900145,269,59,210
110900146,1030,207,823
110900147,188,554,-366
110900148,6,469,-463
110900149,3,161,-158
110900150,73,49,24
110900151,8,130,-122
110900152,46,429,-383
110900153,138,77,61
111000001,1156,748,408
111000002,974,1081,-107
111000003,1524,1171,353
111000004,865,1576,-711
111000005,1909,1876,33
111000006,1453,2148,-695
111000007,7126,4909,2217
111000008,4582,5254,-672
111000009,464,1310,-846
111000010,1169,450,719
111000011,668,1298,-630
111000012,1044,584,460
111000013,500,1540,-1040
111000014,2057,911,1146
111000017,167,1150,-983
111000018,337,639,-302
111000020,2478,3378,-900
111000021,123,173,-50
111000023,121,162,-41
111000025,8144,5134,3010
111000029,117,167,-50
111000030,69,161,-92
111000031,2829,2068,761
111000032,841,433,408
111000033,464,388,76
111000034,546,356,190
111000037,3698,1831,1867
111000038,5267,3891,1376
111000039,2833,3604,-771
111000040,2461,3792,-1331
111000041,2231,2515,-284
111000042,6582,4121,2461
111000043,2743,3800,-1057
111000044,1993,1468,525
111000045,2755,2917,-162
111000046,2013,2293,-280
111000047,2790,5461,-2671
111000049,639,754,-115
111000050,2727,2535,192
111000051,690,1719,-1029
111000052,919,2416,-1497
111000053,609,1526,-917
111000054,516,1497,-981
111000055,1636,2934,-1298
111000056,197,894,-697
111000057,85,924,-839
111000058,377,126,251
111000059,722,402,320
111000060,4875,1170,3705
111000061,736,567,169
111000062,984,389,595
111000063,2626,1324,1302
111000064,722,982,-260
111000065,1396,1370,26
111000066,736,586,150
111000067,686,921,-235
111000068,677,1499,-822
111000069,2594,3555,-961
111000070,2650,1662,988
111000071,424,1077,-653
111000072,1253,652,601
111000073,387,1124,-737
111000074,2062,2235,-173
111000075,1350,1125,225
111000076,641,1367,-726
111000077,2111,2217,-106
111000078,3608,2081,1527
111000079,1844,1194,650
111000080,783,1124,-341
111000081,2829,9291,-6462
111000082,882,1030,-148
111000084,1157,987,170
111000085,1513,2277,-764
111000086,4958,1933,3025
111000087,933,1097,-164
111000088,11395,3125,8270
111000089,1149,1392,-243
111000090,1400,2061,-661
111000091,975,895,80
111000092,1429,1364,65
111000093,982,1426,-444
111000094,2583,1430,1153
111000095,859,3067,-2208
111000096,3036,9615,-6579
111000097,7607,2095,5512
111000098,1164,1852,-688
111000099,744,2901,-2157
111000100,507,2609,-2102
111000101,592,1459,-867
111000102,310,1197,-887
111000104,831,307,524
111000107,225,1062,-837
111000109,854,434,420
111000110,2274,1160,1114
111000111,2364,750,1614
111000112,2018,931,1087
111000113,1220,2013,-793
111000114,2982,4746,-1764
111000115,9129,1746,7383
111000116,1247,1499,-252
111000117,612,1374,-762
111000118,2129,1559,570
111000119,1274,1967,-693
111000120,669,1004,-335
111000121,429,945,-516
111000122,784,1533,-749
111000123,1312,4180,-2868
111000124,749,4451,-3702
111000125,369,2369,-2000
111000126,184,1390,-1206
111000127,1077,292,785
111000128,2139,522,1617
111000129,3644,676,2968
111000130,2258,1029,1229
111000131,1680,897,783
111000132,1454,1055,399
111000133,228,273,-45
111000134,229,215,14
111000135,40,174,-134
111000136,408,498,-90
111000138,28,18,10
111000140,1,11,-10
111000141,641,514,127
111000142,38,138,-100
111000143,3,152,-149
111000144,74,258,-184
111000145,3399,38,3361
111000146,143,40,103
111000147,389,113,276
111000148,672,140,532
111000149,7,61,-54
111000150,87,21,66
111000151,11,41,-30
111000153,831,882,-51
111000154,975,264,711
111000155,163,268,-105
111000156,630,747,-117
111000157,274,1202,-928
111000158,1360,1008,352
111000159,4179,1001,3178
111000160,389,449,-60
111000161,34,428,-394
111000162,108,293,-185
111000163,772,1728,-956
111000164,1236,7111,-5875
111000165,1709,1013,696
111000166,2910,689,2221
111000167,220,844,-624
111000168,394,757,-363
111000169,450,938,-488
111000170,724,678,46
111000171,705,1223,-518
111000172,243,737,-494
111000173,508,1545,-1037
111000174,249,741,-492
111000175,96,585,-489
111000176,695,247,448
111000177,391,376,15
111000178,1563,432,1131
111000179,225,265,-40
111000180,329,608,-279
111000181,1142,410,732
111000182,247,330,-83
111000183,584,573,11
111000184,524,394,130
111000185,509,682,-173
111000186,500,432,68
111000187,141,334,-193
111000188,258,607,-349
111000189,1823,763,1060
111000190,283,643,-360
111000191,193,632,-439
111000192,294,780,-486
111000193,490,523,-33
111000194,62,492,-430
111000195,201,537,-336
111000196,57,375,-318
111000197,417,224,193
111000198,783,197,586
111000199,231,228,3
111000200,394,414,-20
111000201,747,426,321
111000202,283,299,-16
111000203,293,385,-92
111000204,594,1194,-600
111000213,264,661,-397
111000214,2186,2361,-175
111000215,1361,2041,-680
111000217,1723,1384,339
111000218,1473,1593,-120
111000219,578,297,281
111000220,3036,1936,1100
111000221,1145,182,963
111000224,6,646,-640
111000225,446,408,38
111000226,220,0,220
111000227,63,4,59
111000228,42,475,-433
111000229,141,1010,-869
111000230,414,723,-309
111000231,1206,1491,-285
111000232,824,1386,-562
111000233,868,1119,-251
111000234,141,505,-364
111000239,140,243,-103
111000240,47,287,-240
111000241,51,489,-438
111000242,134,95,39
111000243,252,924,-672
111000244,533,153,380
111000245,1382,801,581
111000246,571,719,-148
111000247,297,1373,-1076
111000248,734,731,3
111000249,637,1129,-492
111000250,61,122,-61
111000251,80,186,-106
111000253,16,26,-10
111000255,39,13,26
111000257,36,39,-3
111000260,107,1703,-1596
111000261,1429,174,1255
111000271,64,433,-369
111000273,7733,2382,5351
111000274,1677,3786,-2109
111000275,236,114,122
111000276,412,3114,-2702
111000277,334,525,-191
111000278,818,373,445
111000291,908,7581,-6673
111000298,685,329,356
111000299,824,211,613
111000300,153,892,-739
111000302,309,155,154
111000303,86,354,-268
111000312,67,103,-36
111000315,0,378,-378
111000320,546,1008,-462
111000321,420,140,280
111000322,403,767,-364
111000323,258,40,218
111000324,462,373,89
111000325,51,85,-34
111000326,248,514,-266
111000327,522,718,-196
111000328,276,754,-478
111000329,0,51,-51
111000330,95,38,57
111000331,25,25,0
111000332,634,2023,-1389
111000334,520,2103,-1583
111000335,1031,378,653
111000337,1375,640,735
111000338,117,213,-96
111000339,649,766,-117
111000340,186,1009,-823
111000341,1470,1212,258
111000342,583,721,-138
111000344,1223,1067,156
111000345,488,107,381
111000346,29,143,-114
111000347,149,25,124
111000350,272,191,81
111000351,160,350,-190
111000352,254,213,41
111000353,219,354,-135
111000354,849,205,644
111000355,468,916,-448
111000358,202,2027,-1825
111000360,281,1235,-954
111000361,134,562,-428
111000546,1069,1032,37
111000547,443,937,-494
111000548,141,468,-327
111000549,398,595,-197
111000550,126,1115,-989
111000551,948,245,703
111000552,3484,209,3275
111000907,1085,137,948
111000908,34,3,31
111000916,1901,528,1373
111000917,58,631,-573
111000918,260,1458,-1198
111000920,632,49,583
111000921,12,462,-450
111000922,641,508,133
111000924,40,1366,-1326
111000925,2594,3334,-740
111000926,1248,2895,-1647
111000927,3714,6876,-3162
111000928,6533,5247,1286
111000929,1861,1879,-18
111000930,1228,3505,-2277
111000931,2451,3470,-1019
111000932,5882,3415,2467
111000933,5368,3193,2175
111000934,3008,4432,-1424
111000935,1951,1599,352
111000936,1530,3164,-1634
111000937,1220,2232,-1012
111000938,2303,2685,-382
111000939,439,86,353
111000940,440,261,179
111000941,489,840,-351
111000943,447,430,17
111000944,199,624,-425
111000945,110,2695,-2585
111001109,737,413,324
111001110,279,776,-497
111001111,87,16,71
111001112,270,2,268
111001113,5,285,-280
111001114,1980,168,1812
111001115,77,513,-436
111001116,7624,6215,1409
111001117,869,3960,-3091
111001120,122,495,-373
111001121,186,425,-239
111001122,264,841,-577
111001123,308,94,214
111001124,133,350,-217
111900001,9,161,-152
111900002,35,1179,-1144
111900003,1,637,-636
111900004,82,260,-178
111900006,23,78,-55
111900007,93,4,89
111900008,266,1,265
111900009,236,348,-112
111900010,398,786,-388
111900012,350,226,124
111900013,24,135,-111
111900014,7951,3699,4252
111900015,0,155,-155
111900016,0,164,-164
111900017,1,255,-254
111900018,227,8,219
111900019,3,192,-189
111900020,3,101,-98
111900021,63,156,-93
111900022,38,117,-79
111900023,198,155,43
111900024,1,107,-106
111900025,0,59,-59
111900026,1,139,-138
111900027,19,254,-235
111900028,6,555,-549
111900029,7,150,-143
111900030,74,559,-485
111900031,0,14,-14
111900032,3,452,-449
111900033,12,146,-134
111900034,393,887,-494
111900035,97,340,-243
111900036,4,372,-368
111900038,446,920,-474
111900039,99,655,-556
111900040,6,721,-715
111900042,71,212,-141
111900043,3,575,-572
111900044,453,324,129
111900046,50,240,-190
111900048,124,716,-592
111900049,34,392,-358
111900050,171,33,138
111900051,7,226,-219
111900052,606,849,-243
111900053,1604,1250,354
111900054,224,10,214
111900055,28,398,-370
111900056,343,285,58
111900057,128,100,28
111900058,361,1001,-640
111900059,3234,726,2508
111900060,539,9,530
111900061,13,201,-188
111900062,11,79,-68
111900063,391,314,77
111900064,113,203,-90
111900065,121,36,85
111900066,149,208,-59
111900067,2,393,-391
111900068,47,64,-17
111900069,88,39,49
111900070,155,172,-17
111900071,1,349,-348
111900072,40,34,6
111900073,914,152,762
111900074,17,272,-255
111900075,58,12,46
111900076,136,41,95
111900077,66,1,65
111900078,288,21,267
111900079,50,38,12
111900080,339,255,84
111900082,94,19,75
111900083,86,14,72
111900084,162,8,154
111900085,52,120,-68
111900086,32,3,29
111900087,59,0,59
111900088,511,7,504
111900089,102,5,97
111900090,65,60,5
111900091,139,2,137
111900092,116,1,115
111900093,401,13,388
111900094,86,0,86
111900095,216,42,174
111900096,83,2,81
111900097,55,1,54
111900098,168,1,167
111900099,86,0,86
111900100,156,5,151
111900101,170,34,136
111900102,575,1023,-448
111900103,100,86,14
111900104,315,93,222
111900105,483,265,218
111900106,1918,96,1822
111900110,2988,498,2490
111900111,120,246,-126
111900112,1230,2541,-1311
111900113,413,122,291
111900118,404,108,296
111900119,331,162,169
111900122,158,83,75
111900123,25,24,1
111900124,54,173,-119
111900125,514,32,482
111900126,357,8,349
111900127,3,1032,-1029
111900128,11,717,-706
111900129,324,27,297
111900130,392,40,352
111900131,454,1,453
111900132,62,1693,-1631
111900133,15,626,-611
111900134,27,391,-364
111900135,10,45,-35
111900136,154,165,-11
111900137,96,103,-7
111900138,32,145,-113
111900139,17,257,-240
111900140,83,29,54
111900141,44,23,21
111900142,74,38,36
111900143,32,360,-328
111900144,1,139,-138
111900145,2,800,-798
111900146,3,391,-388
111900147,216,705,-489
111900148,39,1003,-964
111900149,14,452,-438
111900150,13,228,-215
111900151,3,28,-25
111900152,109,108,1
111900153,2146,421,1725
111900154,12,256,-244
111900155,44,134,-90
111900156,52,79,-27
111900157,91,13,78
111900158,614,54,560
111900159,326,24,302
111900160,266,1,265
111900161,158,3,155
111900162,130,248,-118
111900163,74,266,-192
111900164,120,78,42
111901113,520,321,199
111901114,333,413,-80
111901115,96,1,95
111901116,98,1,97
111901117,17,43,-26
111901118,146,356,-210
111901119,1666,127,1539
111901121,290,373,-83
111901122,10,834,-824
111901123,153,577,-424
111901124,147,0,147
111901125,373,290,83
111901127,1004,452,552
111901128,19,148,-129
111901129,9,219,-210
111901130,12,314,-302
111901131,5,344,-339
111901132,129,15,114
111901133,45,5,40
111901134,118,5,113
111901135,19,16,3
111901136,63,66,-3
111901137,1,29,-28
111901138,248,82,166
111901139,33,66,-33
111901140,16,214,-198
111901141,17,361,-344
111901142,14,200,-186
111901143,2,86,-84
111901144,77,57,20
111901145,255,365,-110
111901146,751,43,708
112000001,2244,1284,960
112000002,1038,3733,-2695
112000003,1498,1389,109
112000004,936,2025,-1089
112000005,3630,4351,-721
112000006,2730,3043,-313
112000007,3473,2657,816
112000008,3507,5663,-2156
112000009,5161,5122,39
112000010,3987,4395,-408
112000011,2986,3061,-75
112000012,9707,4903,4804
112000013,9141,4894,4247
112000014,5588,1900,3688
112000015,5611,4795,816
112000016,13519,2115,11404
112000017,5718,3778,1940
112000024,3215,1490,1725
112000026,5630,6916,-1286
112000027,1315,782,533
112000028,2462,2339,123
112000029,556,1157,-601
112000030,261,227,34
112000031,2853,6547,-3694
112000032,693,128,565
112000033,3946,2202,1744
112000034,546,102,444
112000035,224,605,-381
112000036,1974,1410,564
112000037,2871,1143,1728
112000038,2365,1588,777
112000039,89,151,-62
112000040,171,353,-182
112000041,895,762,133
112000042,1801,643,1158
112000050,1494,3002,-1508
112000051,1363,1891,-528
112000054,2459,3266,-807
112000057,904,633,271
112000058,653,1047,-394
112000059,954,1362,-408
112000061,5490,2994,2496
112000062,2564,1364,1200
112000063,1967,2391,-424
112000064,5550,7850,-2300
112000065,2954,3417,-463
112000066,4505,2176,2329
112000067,1135,1028,107
112000068,4174,2921,1253
112000069,1379,2808,-1429
112000070,3589,1343,2246
112000071,1550,3594,-2044
112000072,3241,1415,1826
112000073,2650,2933,-283
112000074,2228,1532,696
112000075,2090,1797,293
112000076,5230,4106,1124
112000077,668,922,-254
112000078,2265,1139,1126
112000079,2158,2034,124
112000080,1203,1498,-295
112000081,2327,3220,-893
112000082,1925,1347,578
112000083,788,1703,-915
112000084,1518,1219,299
112000085,1760,1600,160
112000086,2686,2093,593
112000087,518,614,-96
112000088,729,957,-228
112000089,669,576,93
112000090,482,485,-3
112000091,854,1637,-783
112000092,2082,1665,417
112000093,1979,1382,597
112000094,660,1270,-610
112000095,906,1280,-374
112000096,631,980,-349
112000097,1769,940,829
112000098,1368,1982,-614
112000099,930,1994,-1064
112000100,2102,1410,692
112000101,685,1529,-844
112000102,1479,838,641
112000103,399,1709,-1310
112000105,960,2392,-1432
112000106,2167,568,1599
112000107,62,466,-404
112000108,531,2413,-1882
112000109,249,126,123
112000110,2779,895,1884
112000111,2483,6300,-3817
112000112,9171,1042,8129
112000113,1882,3325,-1443
112000114,6659,1508,5151
112000115,465,790,-325
112000116,1031,1646,-615
112000117,1785,1302,483
112000118,1684,1426,258
112000119,678,1265,-587
112000120,133,581,-448
112000121,163,787,-624
112000122,303,276,27
112000123,637,236,401
112000124,328,118,210
112000125,217,301,-84
112000126,241,768,-527
112000127,4602,3081,1521
112000128,1760,1174,586
112000129,156,185,-29
112000130,186,104,82
112000131,78,524,-446
112000132,146,418,-272
112000133,549,463,86
112000134,645,615,30
112000135,2969,1200,1769
112000136,2915,2701,214
112000137,5764,5268,496
112000138,6637,2758,3879
112000139,1262,762,500
112000140,1555,1503,52
112000141,1102,481,621
112000142,329,1041,-712
112000143,1397,366,1031
112000144,445,2120,-1675
112000145,2819,941,1878
112000146,932,3048,-2116
112000147,3545,2541,1004
112000148,2513,3495,-982
112000149,556,1080,-524
112000150,300,1056,-756
112000151,397,859,-462
112000152,409,754,-345
112000153,255,464,-209
112000154,146,451,-305
112000155,190,167,23
112000157,1633,973,660
112000158,378,958,-580
112000159,638,666,-28
112000167,540,107,433
112000169,574,576,-2
112000173,880,346,534
112000175,1113,690,423
112000176,5072,3151,1921
112000177,810,225,585
112000178,173,715,-542
112000179,350,221,129
112000180,299,476,-177
112000181,2011,2883,-872
112000182,1224,3128,-1904
112000183,70,187,-117
112000184,519,804,-285
112000185,679,901,-222
112000187,5589,3227,2362
112000195,244,32,212
112000196,428,0,428
112000197,245,221,24
112000198,33,455,-422
112000199,1653,1583,70
112000202,452,30,422
112000216,113,357,-244
112000230,126,14,112
112000231,5,406,-401
112000256,48,398,-350
112000313,148,289,-141
112000314,105,36,69
112000337,510,900,-390
112000352,766,525,241
112000392,2157,2163,-6
112000398,1579,1315,264
112000399,4397,3470,927
112000400,2759,5423,-2664
112000401,4064,4130,-66
112000402,4161,3923,238
112000403,4626,4628,-2
112000404,851,1210,-359
112000405,2388,4126,-1738
112000406,5024,4182,842
112000407,7985,11162,-3177
112000408,11095,9913,1182
112000409,2333,7055,-4722
112000410,701,335,366
112000411,6612,3017,3595
112000412,1897,897,1000
112000413,13413,6669,6744
112000414,127,176,-49
112000415,390,99,291
112000416,2802,2153,649
112000417,322,107,215
112000421,77,194,-117
112000422,544,751,-207
112000424,3972,4193,-221
112000425,742,1349,-607
112000426,190,635,-445
112000427,2,17,-15
112000428,313,503,-190
112000429,3556,4409,-853
112000430,3632,4335,-703
112000431,85,228,-143
112000432,857,2000,-1143
112000433,810,1482,-672
112000437,47,271,-224
112900001,78,6,72
112900002,432,1677,-1245
112900003,71,543,-472
112900004,65,379,-314
112900005,198,289,-91
112900006,15,541,-526
112900007,47,361,-314
112900008,1,43,-42
112900009,500,167,333
112900010,457,1121,-664
112900011,296,402,-106
112900012,1,71,-70
112900013,42,264,-222
112900014,2,577,-575
112900015,553,1157,-604
112900016,6,442,-436
112900017,60,362,-302
112900018,6,488,-482
112900019,96,298,-202
112900020,529,1807,-1278
112900021,5,357,-352
112900022,14,150,-136
112900023,3,354,-351
112900024,29,396,-367
112900025,123,463,-340
112900026,6,385,-379
112900027,7,1832,-1825
112900028,46,195,-149
112900029,7,930,-923
112900030,306,290,16
112900031,6,780,-774
112900032,254,445,-191
112900034,4,87,-83
112900035,18,706,-688
112900036,120,260,-140
112900037,277,280,-3
112900038,722,220,502
112900039,52,513,-461
112900040,14,626,-612
112900041,1662,1728,-66
112900042,92,552,-460
112900043,405,88,317
112900044,887,714,173
112900045,667,494,173
112900046,352,109,243
112900047,20,35,-15
112900049,264,139,125
112900050,84,757,-673
112900051,405,830,-425
112900052,25,1367,-1342
112900053,535,210,325
112900054,302,73,229
112900055,244,46,198
112900056,626,280,346
112900057,30,917,-887
112900058,317,413,-96
112900059,189,230,-41
112900060,25,326,-301
112900061,107,200,-93
112900062,66,259,-193
112900063,189,20,169
112900064,300,324,-24
112900065,47,31,16
112900066,271,198,73
112900067,722,263,459
112900068,66,56,10
112900069,3348,1665,1683
112900071,45,5,40
112900072,433,3386,-2953
112900073,646,89,557
112900074,171,301,-130
112900075,2531,1481,1050
112900076,155,34,121
112900078,369,803,-434
112900079,388,43,345
112900080,58,2,56
112900081,55,369,-314
112900082,610,18,592
112900083,145,95,50
112900084,286,137,149
112900086,84,3,81
112900087,907,225,682
112900088,179,33,146
112900089,921,29,892
112900090,46,33,13
112900091,280,9,271
112900092,366,390,-24
112900093,2295,37,2258
112900095,31,0,31
112900096,603,286,317
112900097,134,554,-420
112900098,282,5,277
112900099,1003,14,989
112900100,72,2,70
112900101,329,2,327
112900102,1105,23,1082
112900103,251,7,244
112900104,1031,21,1010
112900105,23,1,22
112900106,595,212,383
112900107,7,0,7
112900108,159,0,159
112900109,113,1,112
112900110,983,8,975
112900111,741,3,738
112900112,408,0,408
112900113,0,27,-27
112900114,136,124,12
112900115,1126,5,1121
112900116,134,62,72
112900117,132,129,3
112900118,50,100,-50
112900119,278,11,267
112900120,1134,375,759
112900121,269,342,-73
112900122,19,179,-160
112900123,240,25,215
112900124,26,188,-162
112900125,122,656,-534
112900126,232,330,-98
112900127,561,160,401
112900128,578,1074,-496
112900129,2,1369,-1367
112900130,329,126,203
112900131,89,315,-226
112900132,138,666,-528
112900133,37,1829,-1792
112900134,0,418,-418
112900135,188,75,113
112900137,1,856,-855
112900138,8,526,-518
112900139,426,1615,-1189
112900141,982,51,931
112900142,124,224,-100
112900143,62,860,-798
112900144,1,420,-419
112900145,33,632,-599
112900146,9,1697,-1688
112900147,6,2884,-2878
112900148,98,2,96
112900149,319,789,-470
112900151,25,103,-78
112900152,5849,1386,4463
112900153,3049,2548,501
112900154,7,159,-152
112900155,268,47,221
112900156,447,2239,-1792
112900157,387,46,341
112900158,67,30,37
112900159,268,172,96
112900160,99,431,-332
112900161,133,46,87
112900162,38,40,-2
112900163,161,64,97
112900164,53,288,-235
112900165,284,61,223
112900166,40,81,-41
112900167,4,118,-114
112900168,3,3,0
112900169,10,18,-8
112900170,115,157,-42
112900172,93,27,66
112900173,305,163,142
112900174,468,60,408
112900175,243,243,0
112900176,21,55,-34
112900177,351,94,257
112900178,1087,4681,-3594
112900179,44,743,-699
112900180,3486,2508,978
112900181,621,12,609
112900182,64,1822,-1758
112900183,243,458,-215
112900184,541,632,-91
112900185,580,914,-334
112900186,2470,1452,1018
112900187,154,775,-621
112900188,1103,854,249
112900189,24,73,-49
112900190,80,63,17
112900192,858,834,24
112900193,1863,496,1367
112900194,95,204,-109
112900195,1286,68,1218
112900196,326,620,-294
112900197,285,536,-251
112900199,726,838,-112
112900200,609,400,209
112900201,72,133,-61
112900202,422,1408,-986
112900203,219,466,-247
112900204,1460,807,653
112900205,19,43,-24
112900206,23,112,-89
112900207,27,2,25
112900208,94,435,-341
112900209,598,499,99
112900210,0,32,-32
112900211,157,214,-57
112900212,1,139,-138
112900213,39,40,-1
112900214,51,26,25
112900215,6,262,-256
112900216,38,119,-81
112900217,0,57,-57
112900218,63,37,26
112900219,85,7,78
112900220,9,0,9
112900221,46,218,-172
112900222,0,49,-49
112900223,1481,31,1450
112900224,382,920,-538
112900225,551,702,-151
112900226,374,549,-175
112900227,621,1966,-1345
112900228,60,64,-4
112900229,212,92,120
112900230,10659,6322,4337
112900232,341,337,4
112900233,149,266,-117
112900234,25,196,-171
112900235,147,41,106
112900236,256,21,235
112900237,308,377,-69
112900238,3,53,-50
112900239,1319,527,792
113000001,7271,10333,-3062
113000002,5049,6053,-1004
113000003,2600,4062,-1462
113000004,3121,3919,-798
113000005,2050,1732,318
113000006,1718,2572,-854
113000007,2940,2036,904
113000008,2815,2787,28
113000009,1331,1463,-132
113000010,1695,2439,-744
113000011,1470,2511,-1041
113000012,2265,1961,304
113000013,5415,1298,4117
113000014,3416,3390,26
113000015,2184,873,1311
113000016,1766,1931,-165
113000017,405,711,-306
113000018,1127,166,961
113000019,536,525,11
113000020,968,56,912
113000021,2641,985,1656
113000022,753,1680,-927
113000025,1792,2797,-1005
113000026,834,814,20
113000027,1719,826,893
113000028,2272,844,1428
113000029,1113,1144,-31
113000030,570,1069,-499
113000031,373,450,-77
113000032,356,547,-191
113000033,480,613,-133
113000034,578,489,89
113000035,61,71,-10
113000036,38,83,-45
113000037,115,49,66
113000038,15,92,-77
113000039,142,967,-825
113000040,72,140,-68
113000042,1228,986,242
113000051,1227,3982,-2755
113000052,2913,1682,1231
113000053,470,896,-426
113000054,455,1442,-987
113000055,1411,1146,265
113000056,1108,1484,-376
113000058,1087,1177,-90
113000059,1524,984,540
113000060,301,778,-477
113000061,689,1477,-788
113000062,1834,459,1375
113000063,157,269,-112
113000064,73,586,-513
113000065,203,1466,-1263
113000066,869,184,685
113000067,2435,2120,315
113000068,497,2524,-2027
113000069,745,1954,-1209
113000070,2893,1730,1163
113000071,616,1010,-394
113000072,1014,925,89
113000073,723,2494,-1771
113000074,1522,689,833
113000075,2779,1030,1749
113000076,1282,2959,-1677
113000077,1862,791,1071
113000078,1302,3768,-2466
113000079,1861,1258,603
113000080,1265,980,285
113000081,1578,1349,229
113000082,2513,1236,1277
113000083,923,1360,-437
113000084,2493,2024,469
113000085,1265,1268,-3
113000086,1711,1971,-260
113000087,1299,1396,-97
113000088,3935,2004,1931
113000089,1376,2470,-1094
113000090,419,933,-514
113000091,917,618,299
113000094,1915,310,1605
113000095,370,1314,-944
113000096,251,1061,-810
113000097,1694,618,1076
113000098,205,53,152
113000099,1758,488,1270
113000100,164,546,-382
113000101,643,850,-207
113000102,895,481,414
113000103,4324,906,3418
113000104,719,3758,-3039
113000105,993,665,328
113000106,546,875,-329
113000107,1017,1261,-244
113000108,1126,2147,-1021
113000109,904,5314,-4410
113000110,2405,857,1548
113000111,247,1152,-905
113000112,591,534,57
113000113,2623,566,2057
113000114,444,2717,-2273
113000116,1347,477,870
113000117,1351,195,1156
113000118,292,1177,-885
113000119,819,558,261
113000120,178,438,-260
113000121,1450,1453,-3
113000124,394,247,147
113000125,96,971,-875
113000127,4035,636,3399
113000128,948,970,-22
113000129,796,2180,-1384
113000133,4280,2790,1490
113000134,12,1793,-1781
113000135,4659,6994,-2335
113000137,2985,4356,-1371
113000139,742,330,412
113000140,289,418,-129
113000141,820,291,529
113000142,1618,2057,-439
113000143,429,279,150
113000144,489,1186,-697
113000145,91,200,-109
113000146,177,151,26
113000147,232,236,-4
113000148,182,177,5
113000149,108,185,-77
113000150,886,592,294
113000151,177,138,39
113000152,36,173,-137
113000153,2384,878,1506
113000154,1031,2966,-1935
113000155,493,997,-504
113000156,236,627,-391
113000157,388,1457,-1069
113000158,909,417,492
113000159,1180,1219,-39
113000160,952,1923,-971
113000161,403,793,-390
113000162,966,820,146
113000163,211,95,116
113000164,50,151,-101
113000166,238,181,57
113000167,76,183,-107
113000168,144,238,-94
113000169,173,141,32
113000170,186,232,-46
113000171,109,150,-41
113000172,315,186,129
113000173,52,78,-26
113000174,168,693,-525
113000175,531,309,222
113000176,563,397,166
113000177,263,589,-326
113000178,355,508,-153
113000179,456,513,-57
113000180,1466,2251,-785
113000181,1748,1548,200
113000182,414,917,-503
113000183,368,864,-496
113000184,19,159,-140
113000189,640,1448,-808
113000190,1761,989,772
113000192,2969,2536,433
113000193,7509,1604,5905
113000194,3227,1634,1593
113000195,3969,1195,2774
113000196,311,136,175
113000197,3368,1902,1466
113000198,120,706,-586
113000199,3158,630,2528
113000201,2387,525,1862
113000202,6457,5682,775
113000203,595,439,156
113000204,2785,2659,126
113000205,28,43,-15
113000206,14,52,-38
113000207,94,35,59
113000208,51,76,-25
113000209,39,64,-25
113000210,6,76,-70
113000211,427,371,56
113000212,264,36,228
113000213,82,355,-273
113000214,266,496,-230
113000234,226,1440,-1214
113000410,7080,626,6454
113000411,5023,6797,-1774
113000412,12917,3730,9187
113000413,5055,4707,348
113000414,12460,24404,-11944
113000415,4026,5227,-1201
113000416,13439,6826,6613
113000417,4698,5185,-487
113000418,6807,4529,2278
113000419,2700,3136,-436
113000420,5657,8560,-2903
113000421,6037,9907,-3870
113000422,20519,16525,3994
113000423,3570,7704,-4134
113000424,5404,13568,-8164
113000425,35,165,-130
113000428,1763,169,1594
113000430,307,1756,-1449
113000432,3235,274,2961
113000433,205,1225,-1020
113000434,32,284,-252
113000435,56,1040,-984
113000436,85,1836,-1751
113000437,1077,29,1048
113000438,293,7,286
113000439,19,172,-153
113000440,157,55,102
113000441,273,373,-100
113000442,205,301,-96
113000443,241,414,-173
113000444,259,369,-110
113000445,170,216,-46
113000446,55,180,-125
113000448,251,294,-43
113000449,466,2343,-1877
113000450,1127,8349,-7222
113000451,1647,338,1309
113000452,796,1327,-531
113000453,53,473,-420
113000454,3902,128,3774
113000455,22,260,-238
113000456,5786,4241,1545
113000468,3007,568,2439
113000469,528,430,98
113000470,722,79,643
113000471,31,619,-588
113000472,124,571,-447
113000474,609,995,-386
113000475,2214,2701,-487
113000476,1681,2701,-1020
113000477,3665,3133,532
113000478,6145,8631,-2486
113000479,151,334,-183
113000480,162,154,8
113000483,0,0,0
113000484,0,0,0
113000485,12,0,12
113000486,177,5,172
113000487,3,23,-20
113000488,7,1,6
113000489,4,23,-19
113000490,0,31,-31
113000491,21,104,-83
113000492,21,15,6
113000493,64,3,61
113000495,287,271,16
113000496,187,152,35
113000497,0,1,-1
113000500,0,5,-5
113900001,8,381,-373
113900002,1,338,-337
113900003,1,255,-254
113900004,4,120,-116
113900005,6,129,-123
113900006,9,47,-38
113900007,664,41,623
113900008,475,0,475
113900009,864,4,860
113900010,837,3,834
113900011,157,14,143
113900012,88,4,84
113900013,2828,34,2794
113900014,988,4,984
113900015,0,86,-86
113900016,44,0,44
113900017,2,83,-81
113900018,766,348,418
113900019,220,133,87
113900020,155,1,154
113900022,23,0,23
113900023,67,1,66
113900024,90,112,-22
113900025,434,29,405
113900026,60,0,60
113900027,3,119,-116
113900028,26,596,-570
113900029,54,293,-239
113900030,282,4,278
113900031,24,0,24
113900032,28,3,25
113900033,94,118,-24
113900035,69,3,66
113900036,17,139,-122
113900037,139,692,-553
113900038,102,194,-92
113900039,188,15,173
113900040,9,9,0
113900041,10,10,0
113900042,111,69,42
113900043,302,226,76
113900044,1061,415,646
113900045,111,2,109
113900046,356,772,-416
113900047,70,172,-102
113900048,372,149,223
113900049,1123,517,606
113900050,377,524,-147
113900051,313,584,-271
113900052,235,251,-16
113900053,1068,1052,16
113900054,63,7,56
113900055,101,600,-499
113900056,87,235,-148
113900057,14,198,-184
113900058,139,298,-159
113900059,277,517,-240
113900060,162,378,-216
113900061,1581,476,1105
113900062,106,24,82
113900063,147,223,-76
113900064,53,208,-155
113900065,870,25,845
113900066,443,648,-205
113900067,269,476,-207
113900068,738,698,40
113900069,104,57,47
113900070,246,605,-359
113900071,117,100,17
113900072,107,278,-171
113900073,292,642,-350
113900074,334,513,-179
113900075,1677,1859,-182
113900076,288,23,265
113900077,96,305,-209
113900078,53,67,-14
113900079,4,94,-90
113900080,520,320,200
113900081,121,355,-234
113900082,188,443,-255
113900083,299,739,-440
113900084,362,178,184
113900085,49,398,-349
113900086,22,28,-6
113900087,90,203,-113
113900088,76,140,-64
113900089,503,43,460
113900090,844,597,247
113900091,31,32,-1
113900092,54,101,-47
113900093,128,1000,-872
113900094,520,588,-68
113900095,158,182,-24
113900096,322,90,232
113900097,76,143,-67
113900098,728,130,598
113900099,1,92,-91
113900100,0,5,-5
113900101,39,95,-56
113900102,214,217,-3
113900103,421,392,29
113900104,174,363,-189
113900105,156,583,-427
113900106,3,129,-126
113900107,1,54,-53
113900108,397,334,63
113900109,502,211,291
113900110,79,24,55
113900111,198,125,73
113900112,160,142,18
113900113,1397,699,698
113900114,1,174,-173
113900115,1,175,-174
113900116,207,240,-33
113900117,323,45,278
113900118,306,532,-226
113900119,307,630,-323
113900120,68,63,5
113900121,64,113,-49
113900122,521,2494,-1973
113900123,571,287,284
113900124,3,119,-116
113900125,1649,222,1427
113900126,185,87,98
113900127,342,838,-496
113900128,155,92,63
113900129,17,150,-133
113900130,17,57,-40
113900131,280,192,88
113900132,142,86,56
113900133,31,80,-49
113900135,454,581,-127
113900136,145,148,-3
113900137,494,428,66
113900138,109,244,-135
113900139,684,180,504
113900140,615,496,119
113900141,604,567,37
113900142,129,126,3
113900143,13,61,-48
113900144,632,305,327
113900145,506,328,178
113900146,199,79,120
113900148,231,525,-294
113900149,241,164,77
113900150,1247,831,416
113900151,535,371,164
113900152,56,60,-4
113900153,540,1138,-598
113900154,1,145,-144
113900155,303,239,64
113900156,349,704,-355
113900157,70,356,-286
113900158,1093,716,377
113900159,33,333,-300
113900160,966,975,-9
113900161,69,300,-231
113900162,1356,1094,262
113900163,491,447,44
113900164,408,87,321
113900165,1133,677,456
113900166,391,258,133
113900167,292,60,232
113900168,211,186,25
113900169,364,517,-153
113900171,272,92,180
113900172,17,318,-301
113900173,73,804,-731
113900174,696,830,-134
113900175,453,190,263
113900176,438,876,-438
113900177,491,291,200
113900178,529,181,348
113900179,26,718,-692
113900180,239,151,88
113900181,816,165,651
113900182,985,1416,-431
113900183,89,116,-27
113900184,20,884,-864
113900185,225,124,101
113900186,55,50,5
113900187,46,196,-150
113900188,87,269,-182
113900189,367,155,212
113900190,395,186,209
113900191,146,366,-220
113900192,12,741,-729
113900193,33,361,-328
113900194,2764,1504,1260
113900195,407,615,-208
113900196,19,212,-193
113900197,0,311,-311
113900198,34,299,-265
113900199,282,963,-681
113900200,28,437,-409
113900201,1,307,-306
113900202,58,476,-418
113900203,0,170,-170
113900204,81,760,-679
113900205,13,256,-243
113900206,5,227,-222
113900207,0,78,-78
113900208,3,67,-64
113900209,0,137,-137
113900210,1150,1084,66
113900211,348,135,213
113900212,309,720,-411
113900214,616,608,8
113900215,58,198,-140
113900216,159,1722,-1563
113900217,94,326,-232
113900218,155,68,87
113900219,98,527,-429
113900220,206,193,13
113900221,547,264,283
113900222,474,889,-415
113900223,242,1528,-1286
113900224,122,87,35
113900225,883,352,531
113900226,484,197,287
113900227,510,342,168
113900228,451,619,-168
113900229,82,1149,-1067
113900230,6680,3940,2740
113900231,297,345,-48
113900232,124,153,-29
113900233,97,118,-21
113900234,445,638,-193
113900235,114,39,75
113900236,131,487,-356
113900237,234,17,217
113900238,373,864,-491
113900239,87,108,-21
113900240,13,162,-149
113900241,166,104,62
113900242,69,168,-99
113900243,188,653,-465
113900244,600,320,280
113900245,1803,437,1366
113900246,28,35,-7
113900247,277,601,-324
113900248,4170,2633,1537
113900249,1614,634,980
113900250,91,227,-136
113900251,778,278,500
113900252,728,21,707
113900253,1033,112,921
113900254,1149,205,944
113900255,504,25,479
113900256,464,26,438
113900257,36,844,-808
113900258,28,639,-611
113900259,705,332,373
113900260,210,9,201
113900261,56,161,-105
113900262,191,950,-759
113900263,257,854,-597
113900264,7,673,-666
113900265,208,431,-223
113900266,48,284,-236
113900267,205,602,-397
113900268,411,686,-275
113900269,109,219,-110
113900270,520,996,-476
113900271,941,1702,-761
113900273,231,16,215
113900274,175,57,118
113900275,36,106,-70
113900276,5,304,-299
113900277,155,2,153
113900278,470,306,164
113900279,127,122,5
113900280,1883,788,1095
113900281,892,2002,-1110
113900282,1141,847,294
113900283,594,637,-43
113900284,1436,290,1146
113900285,211,75,136
113900286,22,127,-105
113900287,78,153,-75
113900288,8,294,-286
113900289,1792,179,1613
113900290,645,268,377
113900291,187,299,-112
113900292,19,9,10
113900293,29,480,-451
113900294,583,33,550
113900295,799,555,244
113900296,2952,575,2377
113900297,2742,54,2688
113900298,20,2313,-2293
113900299,86,260,-174
113900300,7288,4606,2682
113900301,1365,573,792
113900302,3269,1322,1947
113900303,824,714,110
113900304,1,211,-210
113900305,117,1,116
113900306,40,0,40
113900307,155,0,155
113900308,129,202,-73
113900309,5,1384,-1379
113900310,0,28,-28
113900311,12,11,1
113900312,247,272,-25
113900313,38,19,19
114000001,1331,4774,-3443
114000002,339,621,-282
114000003,60,458,-398
114000004,414,542,-128
114000005,387,363,24
114000006,4098,3798,300
114000007,1090,2119,-1029
114000008,2185,2522,-337
114000009,893,313,580
114000011,3255,4500,-1245
114000012,2749,3369,-620
114000013,1933,2926,-993
114000014,596,495,101
114000015,2622,700,1922
114000016,276,410,-134
114000017,192,417,-225
114000018,560,77,483
114000026,1997,2034,-37
114000027,3855,2885,970
114000028,3180,3602,-422
114000038,304,226,78
114000039,176,112,64
114000040,137,317,-180
114000042,152,370,-218
114000043,70,240,-170
114000044,249,78,171
114000045,82,115,-33
114000046,5271,7867,-2596
114000047,59,154,-95
114000048,99,57,42
114000049,2312,2549,-237
114000050,2234,3877,-1643
114000051,4505,2746,1759
114000052,6536,1981,4555
114000053,125,860,-735
114000054,270,1563,-1293
114000055,634,80,554
114000056,1476,1230,246
114000057,10891,3218,7673
114000058,873,2007,-1134
114000059,433,441,-8
114000060,1046,1447,-401
114000061,5241,3367,1874
114000062,3316,1849,1467
114000063,3597,2495,1102
114000064,8903,5164,3739
114000065,2437,3992,-1555
114000066,639,894,-255
114000067,43,825,-782
114000068,652,1036,-384
114000069,1576,999,577
114000070,3018,2247,771
114000071,969,971,-2
114000072,612,502,110
114000073,15,150,-135
114000074,57,18,39
114000075,58,206,-148
114000076,11,180,-169
114000077,25,85,-60
114000078,435,1374,-939
114000079,167,32,135
114000080,99,145,-46
114000081,98,100,-2
114000082,59,653,-594
114000083,75,398,-323
114000084,414,98,316
114000085,132,928,-796
114000086,360,697,-337
114000087,163,384,-221
114000088,63,86,-23
114000089,1854,640,1214
114000090,1103,1352,-249
114000091,2005,1356,649
114000092,1530,1112,418
114000093,1552,1587,-35
114000094,659,587,72
114000095,616,202,414
114000096,237,617,-380
114000097,157,1006,-849
114000098,593,135,458
114000099,685,1047,-362
114000100,1587,1213,374
114000101,512,1231,-719
114000102,627,558,69
114000103,150,525,-375
114000104,75,445,-370
114000105,229,183,46
114000106,1616,1314,302
114000107,451,201,250
114000108,2890,1780,1110
114000109,621,1570,-949
114000110,901,2420,-1519
114000111,1757,1262,495
114000112,727,2560,-1833
114000113,1499,673,826
114000114,1860,1994,-134
114000115,3053,1465,1588
114000116,1047,1407,-360
114000117,3160,591,2569
114000118,2695,725,1970
114000119,1951,686,1265
114000120,719,1296,-577
114000121,587,1161,-574
114000122,548,536,12
114000123,2192,689,1503
114000124,1329,560,769
114000125,1366,2311,-945
114000126,5773,386,5387
114000127,315,300,15
114000128,1188,766,422
114000130,688,793,-105
114000131,335,326,9
114000132,737,1011,-274
114000133,1418,2465,-1047
114000134,96,269,-173
114000138,77,347,-270
114000139,745,276,469
114000144,1045,719,326
114000145,145,319,-174
114000146,165,380,-215
114000147,1847,2010,-163
114000148,2702,2783,-81
114000149,544,403,141
114000150,954,1055,-101
114000151,1273,1716,-443
114000152,227,55,172
114000153,1112,2848,-1736
114000154,1126,1218,-92
114000155,2340,3758,-1418
114000156,1576,913,663
114000157,449,1471,-1022
114000158,2555,1116,1439
114000159,228,700,-472
114000160,143,447,-304
114000161,1978,3270,-1292
114000162,1336,2808,-1472
114000163,20,261,-241
114000165,732,299,433
114000166,1081,519,562
114000167,5351,2037,3314
114000168,979,1004,-25
114000169,2313,1495,818
114000170,1609,1437,172
114000171,1213,3625,-2412
114000174,300,794,-494
114000176,981,608,373
114000177,3132,1159,1973
114000178,88,90,-2
114000179,1565,1204,361
114000180,754,1030,-276
114000181,2168,4793,-2625
114000182,7142,3213,3929
114000183,1364,1297,67
114000184,4988,2152,2836
114000185,1547,1391,156
114000189,895,139,756
114000190,2823,402,2421
114000191,66,87,-21
114000192,427,2460,-2033
114000193,1112,4469,-3357
114000194,1724,1730,-6
114000195,164,27,137
114000196,3,490,-487
114000197,1442,30,1412
114000198,1894,559,1335
114000199,3083,2283,800
114000200,810,2669,-1859
114000201,334,1287,-953
114000202,1978,951,1027
114000203,653,1143,-490
114000204,226,650,-424
114000205,392,2083,-1691
114000206,778,2037,-1259
114000207,936,2917,-1981
114000208,638,4292,-3654
114000209,865,3782,-2917
114000210,449,2281,-1832
114000211,1437,2662,-1225
114000212,1081,1088,-7
114000213,1934,1033,901
114000214,121,339,-218
114000215,349,130,219
114000216,3163,720,2443
114000217,310,576,-266
114000218,155,388,-233
114000219,1921,432,1489
114000220,43,1640,-1597
114000221,1204,292,912
114000222,247,1660,-1413
114000223,648,160,488
114000224,142,1025,-883
114000225,242,787,-545
114000226,153,374,-221
114000227,1529,744,785
114000228,1103,1260,-157
114000229,1301,1853,-552
114000230,2266,1859,407
114000231,1275,1986,-711
114000232,755,179,576
114000233,2558,247,2311
114000234,1632,1389,243
114000235,1351,2126,-775
114000236,1,691,-690
114000237,112,1489,-1377
114000238,417,402,15
114000239,263,1840,-1577
114000240,1012,1029,-17
114000241,344,1381,-1037
114000242,1333,1314,19
114000243,2581,1298,1283
114000244,1602,643,959
114000245,562,887,-325
114000246,311,69,242
114000247,1312,978,334
114000248,1544,815,729
114000249,585,852,-267
114000250,580,1086,-506
114000251,434,429,5
114000252,90,151,-61
114000253,59,193,-134
114000254,54,141,-87
114000255,1248,437,811
114000256,2530,2283,247
114000257,707,1951,-1244
114000258,694,578,116
114000259,291,352,-61
114000260,0,45,-45
114000261,59,69,-10
114000262,256,244,12
114000263,16,5,11
114000264,1465,880,585
114000265,0,8,-8
114000267,7,2734,-2727
114000268,3,2188,-2185
114000270,156,3,153
114000271,790,87,703
114000283,1715,734,981
114000285,48,410,-362
114000288,95,428,-333
114000289,1564,161,1403
114000293,221,755,-534
114000294,254,447,-193
114000395,2959,73,2886
114000396,688,664,24
114000402,614,464,150
114000403,359,696,-337
114000405,145,833,-688
114000423,314,749,-435
114000424,648,329,319
114000425,737,680,57
114000426,391,1294,-903
114000427,91,186,-95
114000428,329,230,99
114000429,19,294,-275
114000432,111,182,-71
114000434,51,146,-95
114000435,10,373,-363
114000436,1859,557,1302
114000437,247,1032,-785
114900001,840,1724,-884
114900002,1662,152,1510
114900003,784,2437,-1653
114900004,575,583,-8
114900005,715,1299,-584
114900006,102,101,1
114900007,371,24,347
114900008,240,134,106
114900010,3455,2840,615
114900011,256,275,-19
114900013,348,267,81
114900015,137,656,-519
114900018,1163,29,1134
114900020,254,98,156
114900022,29,988,-959
114900024,361,223,138
114900025,600,364,236
114900026,82,191,-109
114900027,391,353,38
114900029,38,41,-3
114900030,519,367,152
114900031,474,60,414
114900032,523,69,454
114900033,2077,1030,1047
114900034,84,315,-231
114900035,217,472,-255
114900036,324,1251,-927
114900037,152,267,-115
114900038,212,1109,-897
114900039,693,887,-194
114900040,151,308,-157
114900041,773,719,54
114900042,922,1102,-180
114900043,1000,453,547
114900044,213,37,176
114900046,61,151,-90
114900047,279,2223,-1944
114900048,128,353,-225
114900049,6,288,-282
114900050,79,683,-604
114900051,51,550,-499
114900052,196,299,-103
114900053,367,466,-99
114900054,100,226,-126
114900057,360,19,341
114900058,0,112,-112
114900059,126,74,52
114900060,1871,1210,661
114900061,177,210,-33
114900062,387,492,-105
114900063,79,337,-258
114900064,1563,809,754
114900065,423,1008,-585
114900067,116,532,-416
114900068,85,203,-118
114900069,311,208,103
114900070,613,751,-138
114900072,7,474,-467
114900073,0,324,-324
114900074,697,1067,-370
114900075,338,12,326
114900076,22,573,-551
114900080,3071,643,2428
114900082,5590,2605,2985
114900083,1942,1410,532
114900090,497,502,-5
114900091,159,282,-123
114900095,652,204,448
114900096,674,1138,-464
114900097,147,1,146
114900098,7,332,-325
114900099,285,6,279
115000001,10817,7783,3034
115000002,4826,5580,-754
115000003,6241,5947,294
115000004,4974,8060,-3086
115000005,2188,3665,-1477
115000006,1442,2318,-876
115000007,121,247,-126
115000008,644,745,-101
115000009,375,352,23
115000010,495,201,294
115000013,89,243,-154
115000015,65,417,-352
115000016,304,389,-85
115000019,43,738,-695
115000020,169,802,-633
115000021,313,595,-282
115000022,781,472,309
115000023,583,730,-147
115000024,1665,742,923
115000025,1169,836,333
115000026,209,610,-401
115000027,302,393,-91
115000028,316,1100,-784
115000029,751,235,516
115000030,1062,1488,-426
115000031,1344,597,747
115000032,14,333,-319
115000033,331,39,292
115000034,164,1606,-1442
115000035,1565,110,1455
115000036,2,511,-509
115000037,755,20,735
115000038,63,255,-192
115000039,4941,4086,855
115000040,9282,4799,4483
115000041,2402,4129,-1727
115000042,1779,967,812
115000043,4870,2833,2037
115000044,5212,5693,-481
115000045,4090,2831,1259
115000046,2577,3467,-890
115000047,2410,2446,-36
115000048,2082,4041,-1959
115000049,2336,5377,-3041
115000050,4045,2815,1230
115000051,2318,4065,-1747
115000052,3872,3086,786
115000053,2203,2408,-205
115000054,964,2018,-1054
115000055,185,635,-450
115000056,285,588,-303
115000057,925,974,-49
115000058,467,201,266
115000059,220,224,-4
115000061,592,168,424
115000062,440,455,-15
115000063,373,506,-133
115000064,383,198,185
115000065,37,596,-559
115000067,368,53,315
115000069,121,379,-258
115000070,80,1406,-1326
115000071,204,32,172
115000072,9,107,-98
115000073,1879,99,1780
115000075,186,122,64
115000076,5088,4343,745
115000077,2734,3934,-1200
115000078,1549,2431,-882
115000079,1905,3075,-1170
115000080,2910,3903,-993
115000081,566,1467,-901
115000082,4668,5079,-411
115000083,2666,3502,-836
115000084,2671,1812,859
115000085,897,1376,-479
115000086,1254,1321,-67
115000087,512,2127,-1615
115000088,2159,1046,1113
115000089,2005,1876,129
115000090,878,1451,-573
115000091,368,1429,-1061
115000092,442,439,3
115000093,628,3,625
115000094,10626,7495,3131
115000095,8098,7439,659
115000096,786,2460,-1674
115000097,952,1215,-263
115000098,1201,1167,34
115000099,3078,4337,-1259
115000100,1183,664,519
115000101,648,2247,-1599
115000102,524,353,171
115000103,469,1107,-638
115000105,82,265,-183
115000106,636,421,215
115000107,266,798,-532
115000108,5472,3848,1624
115000109,6711,5374,1337
115000110,1987,1783,204
115000111,993,2516,-1523
115000112,840,963,-123
115000113,877,1438,-561
115000114,2220,1406,814
115000116,5413,2694,2719
115000117,5607,4502,1105
115000118,3247,2513,734
115000119,3157,3435,-278
115000120,988,1702,-714
115000121,2388,1410,978
115000122,5670,2875,2795
115000123,2615,2817,-202
115000124,1416,1388,28
115000125,872,803,69
115000126,262,411,-149
115000127,647,190,457
115000128,972,1113,-141
115000129,416,465,-49
115000130,549,1376,-827
115000131,973,446,527
115000132,409,708,-299
115000133,933,474,459
115000134,907,414,493
115000135,810,307,503
115000136,566,383,183
115000137,410,386,24
115000138,289,356,-67
115000139,348,353,-5
115000140,366,348,18
115000141,252,429,-177
115000142,204,502,-298
115000143,725,727,-2
115000144,661,114,547
115000145,299,592,-293
115000146,648,404,244
115000147,753,781,-28
115000148,373,1911,-1538
115000149,909,318,591
115000150,1017,1762,-745
115000151,1411,885,526
115000152,935,2078,-1143
115000153,1480,967,513
115000154,1020,572,448
115000155,869,1679,-810
115000156,1498,912,586
115000157,1288,1326,-38
115000158,1205,588,617
115000159,1078,785,293
115000160,1028,1207,-179
115000161,835,802,33
115000162,876,1003,-127
115000163,833,800,33
115000164,859,753,106
115000165,599,534,65
115000167,248,123,125
115000168,918,396,522
115000169,972,499,473
115000170,276,182,94
115000171,562,284,278
115000172,2065,909,1156
115000173,622,704,-82
115000174,374,392,-18
115000175,368,117,251
115000176,329,99,230
115000177,332,143,189
115000178,74,363,-289
115000179,89,64,25
115000180,215,1138,-923
115000181,712,223,489
115000182,999,526,473
115000183,394,1439,-1045
115000186,904,416,488
115000187,241,1181,-940
115000188,591,814,-223
115000189,402,605,-203
115000190,1205,714,491
115000191,487,797,-310
115000194,251,330,-79
115000195,436,425,11
115000196,158,144,14
115000197,249,485,-236
115000198,368,276,92
115000199,450,382,68
115000200,471,171,300
115000201,217,614,-397
115000206,544,117,427
115000207,133,510,-377
115000208,676,1020,-344
115000209,883,449,434
115000210,227,220,7
115000211,350,362,-12
115000212,2695,447,2248
115000224,520,88,432
115000225,48,94,-46
115000229,243,226,17
115000230,116,593,-477
115000231,368,2985,-2617
115000232,1814,468,1346
115000233,331,306,25
115000234,27,438,-411
115000241,136,407,-271
115000242,142,449,-307
115000243,52,349,-297
115000244,14,175,-161
115000246,43,26,17
115000247,70,37,33
115000248,25,35,-10
115000249,46,52,-6
115000250,395,68,327
115000251,300,231,69
115000252,147,347,-200
115000253,26,469,-443
115000258,366,294,72
115000259,454,246,208
115000261,16,28,-12
115000262,12,20,-8
115000263,20,76,-56
115000264,44,68,-24
115000267,99,117,-18
115000268,46,161,-115
115000269,145,89,56
115000270,5,29,-24
115000272,57,245,-188
115000273,462,56,406
115000280,2753,241,2512
115000281,771,905,-134
115000282,1899,1118,781
115000284,422,263,159
115000296,1291,19,1272
115000297,421,169,252
115000298,115,557,-442
115000300,302,263,39
115000302,747,337,410
115000303,876,221,655
115000304,988,135,853
115000305,109,1382,-1273
115000306,226,639,-413
115000307,100,275,-175
115000308,47,16,31
115000309,32,47,-15
115000310,1187,1338,-151
115000311,941,1923,-982
115000313,125,1026,-901
115000314,481,145,336
115000315,1280,537,743
115000316,64,161,-97
115000317,322,738,-416
115000318,1016,518,498
115000319,106,440,-334
115000320,30,476,-446
115000321,744,29,715
115000322,57,397,-340
115000449,406,262,144
115000557,0,1634,-1634
115000558,840,100,740
115000587,628,683,-55
115000588,3793,4622,-829
115000589,5153,3373,1780
115000590,1814,2148,-334
115000591,3298,1185,2113
115000592,991,2645,-1654
115000593,1923,871,1052
115000594,1199,3355,-2156
115000609,162,191,-29
115000617,2957,4421,-1464
115000624,350,103,247
115000633,590,3011,-2421
115000634,3937,1212,2725
115000635,741,183,558
115000638,1545,1090,455
115000641,104,179,-75
115000642,468,431,37
115000643,167,776,-609
115000644,171,630,-459
115000646,1051,1886,-835
115000647,255,673,-418
115000648,2095,2606,-511
115000893,4730,1808,2922
115000894,221,1578,-1357
115000895,682,1234,-552
115000896,1748,433,1315
115000897,785,215,570
115000898,890,313,577
115000899,997,1586,-589
115000900,186,595,-409
115000901,98,207,-109
115000912,430,161,269
115000913,4,25,-21
115000915,109,0,109
115000916,11,1,10
115000917,0,22,-22
115000918,93,446,-353
115000919,6,15,-9
115000920,142,88,54
115000921,1318,185,1133
115000922,2353,1027,1326
115000923,778,1151,-373
115000925,95,103,-8
115000927,55,97,-42
115000933,427,249,178
115000934,195,272,-77
115000935,135,150,-15
115000936,48,741,-693
115000937,1289,228,1061
115000938,90,198,-108
115000939,119,192,-73
115900001,142,86,56
115900002,115,183,-68
115900003,191,149,42
115900004,2,65,-63
115900005,159,19,140
115900006,185,474,-289
115900008,75,27,48
115900009,77,401,-324
115900010,378,233,145
115900011,1211,408,803
115900012,173,162,11
115900013,656,210,446
115900014,192,249,-57
115900015,137,148,-11
115900016,108,44,64
115900017,15,10,5
115900018,279,129,150
115900019,453,23,430
115900020,49,0,49
115900021,2136,289,1847
115900022,2650,8,2642
115900023,97,6,91
115900025,108,372,-264
115900026,1287,379,908
115900027,0,449,-449
115900028,878,108,770
115900029,19,588,-569
115900030,46,32,14
115900031,451,349,102
115900032,726,1040,-314
115900033,3,53,-50
115900034,38,733,-695
115900035,61,27,34
115900036,222,810,-588
115900037,60,554,-494
115900038,49,13,36
115900039,204,373,-169
115900041,624,710,-86
115900042,42,6,36
115900043,164,147,17
115900044,349,383,-34
115900046,306,358,-52
115900047,225,163,62
115900049,207,327,-120
115900051,1,82,-81
115900052,19,341,-322
115900053,262,339,-77
115900054,229,59,170
115900055,24,192,-168
115900056,306,562,-256
115900057,108,11,97
115900058,32,107,-75
115900060,387,285,102
115900061,306,4,302
115900062,38,381,-343
115900063,60,18,42
115900064,246,338,-92
115900065,186,159,27
115900066,265,193,72
115900067,9,974,-965
115900068,4396,1102,3294
115900069,143,264,-121
115900070,263,307,-44
115900071,1,608,-607
115900072,48,289,-241
115900073,77,91,-14
115900074,3,406,-403
115900075,31,333,-302
115900076,6,98,-92
115900077,13,365,-352
115900078,84,172,-88
115900079,158,20,138
115900080,747,412,335
115900081,24,90,-66
115900082,174,230,-56
115900084,419,19,400
115900085,112,112,0
115900086,2038,841,1197
115900088,62,67,-5
115900089,292,953,-661
115900090,342,16,326
115900091,24,41,-17
115900092,22,304,-282
115900093,12,55,-43
115900094,8,492,-484
115900096,4,24,-20
115900097,9,639,-630
115900098,153,646,-493
115900099,221,96,125
115900100,21,828,-807
115900101,190,495,-305
115900102,86,122,-36
115900103,407,307,100
115900104,67,188,-121
115900105,253,1012,-759
115900106,64,39,25
115900107,79,276,-197
115900108,98,70,28
115900109,73,640,-567
115900110,2,36,-34
115900111,7,114,-107
115900112,59,1372,-1313
115900113,61,48,13
115900114,18,218,-200
115900115,92,384,-292
115900116,136,1379,-1243
115900117,105,41,64
115900118,5,425,-420
115900119,283,222,61
115900120,39,543,-504
115900121,221,374,-153
115900124,300,849,-549
115900125,375,56,319
115900126,790,117,673
115900127,682,77,605
115900128,13,105,-92
115900129,890,63,827
115900130,41,283,-242
115900131,512,32,480
115900132,589,14,575
115900134,373,13,360
115900135,627,1317,-690
115900137,36,4,32
115900139,166,89,77
115900140,204,42,162
115900141,14,59,-45
115900142,29,60,-31
115900143,647,504,143
115900144,92,317,-225
115900146,18,236,-218
115900147,308,360,-52
115900148,91,31,60
115900149,113,25,88
115900150,104,85,19
115900151,22,104,-82
115900152,165,488,-323
115900153,123,341,-218
115900154,767,483,284
115900155,0,93,-93
115900156,865,1079,-214
115900157,196,685,-489
115900158,29,12,17
115900159,155,362,-207
115900160,25,14,11
115900161,358,281,77
115900163,224,201,23
115900164,560,93,467
115900165,0,234,-234
115900166,296,326,-30
115900168,166,260,-94
115900171,193,579,-386
115900172,81,208,-127
115900173,272,214,58
115900174,376,297,79
115900175,115,280,-165
115900178,8,904,-896
115900179,231,24,207
115900180,73,395,-322
115900181,171,300,-129
115900182,430,414,16
115900183,149,51,98
115900184,2100,20,2080
115900187,17,159,-142
115900189,0,295,-295
115900190,697,1709,-1012
115900191,48,519,-471
115900192,10,81,-71
115900193,241,174,67
115900194,717,78,639
115900195,805,2215,-1410
115900198,310,555,-245
115900199,205,360,-155
115900200,439,540,-101
115900201,574,391,183
115900202,2,61,-59
115900203,10,20,-10
115900204,0,8,-8
115900205,194,50,144
115900206,267,222,45
115900207,50,47,3
115900208,172,334,-162
115900209,8,189,-181
115900210,11,174,-163
115900211,2,316,-314
115900212,216,582,-366
115900213,217,65,152
115900214,412,439,-27
115900215,28,107,-79
115900216,8,130,-122
115900217,8,76,-68
115900218,1,46,-45
115900219,96,11,85
115900220,159,26,133
115900221,80,31,49
115900222,56,30,26
115900223,17,303,-286
115900224,1974,1316,658
115900225,87,47,40
115900226,35,51,-16
115900227,34,50,-16
115900228,14,55,-41
115900229,10,79,-69
115900230,100,195,-95
115900231,142,10,132
115900232,76,2,74
115900233,107,32,75
115900234,63,38,25
115900235,48,52,-4
115900236,125,40,85
115900237,41,38,3
115900238,102,45,57
115900239,20,47,-27
115900240,9,99,-90
115900241,274,167,107
115900242,339,459,-120
115900243,11,4,7
115900244,6,14,-8
115900245,50,16,34
115900246,66,15,51
115900247,44,9,35
115900248,20,5,15
115900249,11,27,-16
115900250,13,34,-21
115900251,1,16,-15
115900252,5,6,-1
115900253,13,28,-15
115900254,21,31,-10
115900255,6,27,-21
115900256,33,38,-5
115900257,10,8,2
115900258,0,2,-2
115900259,0,6,-6
115900260,6,4,2
115900261,14,5,9
115900262,5,5,0
115900263,16,2,14
115900264,14,9,5
115900265,1,12,-11
115900266,6,14,-8
115900267,7,16,-9
115900268,8,9,-1
115900269,564,668,-104
115900270,415,787,-372
115900271,146,0,146
115900272,45,3,42
115900273,10,27,-17
115900274,2,19,-17
115900275,6,29,-23
115900276,0,70,-70
115900277,0,123,-123
115900278,54,137,-83
115900279,18,192,-174
115900280,28,501,-473
115900281,629,373,256
115900282,32,16,16
115900283,5,37,-32
115900284,23,13,10
116000001,19628,7773,11855
116000002,6679,14690,-8011
116000003,2560,2772,-212
116000004,3302,5141,-1839
116000005,5298,5074,224
116000006,5116,2878,2238
116000007,6101,6127,-26
116000008,9113,3198,5915
116000009,2542,3699,-1157
116000010,2907,2001,906
116000011,1341,2728,-1387
116000012,1810,1374,436
116000013,18972,7194,11778
116000014,23481,15962,7519
116000015,700,2043,-1343
116000016,11127,4973,6154
116000017,87,1044,-957
116000018,934,861,73
116000019,1716,469,1247
116000020,933,1842,-909
116000021,618,481,137
116000022,501,642,-141
116000023,1624,1229,395
116000024,907,1455,-548
116000025,1414,944,470
116000026,2960,3718,-758
116000027,2192,1071,1121
116000028,665,1267,-602
116000029,2016,1184,832
116000030,1062,753,309
116000031,292,472,-180
116000032,523,355,168
116000033,586,767,-181
116000034,1643,1701,-58
116000035,816,1725,-909
116000036,2388,1133,1255
116000037,772,822,-50
116000038,802,428,374
116000039,758,395,363
116000040,2176,363,1813
116000041,280,573,-293
116000042,837,270,567
116000043,95,790,-695
116000044,30,91,-61
116000045,3078,2254,824
116000046,2020,2304,-284
116000047,3849,4906,-1057
116000048,4013,2874,1139
116000049,1495,3708,-2213
116000050,1816,3273,-1457
116000051,7651,3456,4195
116000052,7528,7518,10
116000053,3023,1880,1143
116000054,1202,4107,-2905
116000055,850,2365,-1515
116000056,1329,2199,-870
116000057,6839,3038,3801
116000058,5002,3493,1509
116000059,3987,6709,-2722
116000060,4005,1259,2746
116000061,1000,1516,-516
116000062,1217,343,874
116000063,1030,1677,-647
116000066,348,868,-520
116000067,276,781,-505
116000068,396,458,-62
116000069,397,624,-227
116000078,670,1518,-848
116000080,2443,1539,904
116000082,14,153,-139
116000083,2081,730,1351
116000084,3360,5618,-2258
116000085,3170,2338,832
116000086,2820,1904,916
116000087,2379,2074,305
116000088,1227,1820,-593
116000089,301,137,164
116000090,189,246,-57
116000091,664,325,339
116000093,833,733,100
116000094,940,1126,-186
116000095,1039,965,74
116000096,992,2381,-1389
116000097,1382,1252,130
116000098,200,10176,-9976
116000099,12746,552,12194
116000100,275,33,242
116000101,924,1819,-895
116000102,337,2186,-1849
116000103,708,422,286
116000104,334,2546,-2212
116000105,1428,303,1125
116000106,1182,1575,-393
116000107,4788,716,4072
116000108,1230,252,978
116000111,214,59,155
116000113,182,173,9
116000114,79,235,-156
116000115,393,183,210
116000116,426,824,-398
116000117,2003,2975,-972
116000118,1724,2252,-528
116000119,3469,2772,697
116000120,3777,6975,-3198
116000121,1049,829,220
116000122,1657,2916,-1259
116000123,1205,732,473
116000124,459,1681,-1222
116000125,3307,1190,2117
116000126,464,2236,-1772
116000127,1621,2119,-498
116000128,1854,1419,435
116000129,1312,298,1014
116000130,656,493,163
116000133,987,1498,-511
116000134,2488,3532,-1044
116000135,2834,2093,741
116000136,1676,3018,-1342
116000137,1381,1089,292
116000138,1194,799,395
116000139,2773,3288,-515
116000140,272,346,-74
116000141,549,1177,-628
116000142,5481,4772,709
116000143,2645,2906,-261
116000144,1995,3737,-1742
116000145,2270,2104,166
116000146,570,451,119
116000147,562,167,395
116000148,656,713,-57
116000149,837,866,-29
116000151,932,1030,-98
116000153,132,1001,-869
116000155,332,510,-178
116000156,721,1784,-1063
116000157,58,26,32
116000158,516,779,-263
116000159,18,22,-4
116000160,18,190,-172
116000161,13,148,-135
116000162,128,118,10
116000163,20,21,-1
116000164,55,40,15
116000177,1154,205,949
116000194,126,739,-613
116000195,2584,918,1666
116000196,5,4,1
116000197,3,4,-1
116000198,4082,1926,2156
116000200,1248,706,542
116000201,825,1002,-177
116000202,12,421,-409
116000203,4,149,-145
116000204,9,81,-72
116000205,0,287,-287
116000206,1,189,-188
116000207,15,68,-53
116000233,274,937,-663
116000287,180,794,-614
116000288,303,398,-95
116000292,174,123,51
116000296,44,388,-344
116000297,154,26,128
116000304,224,89,135
116000305,33,135,-102
116000346,231,173,58
116000352,160,137,23
116000354,76,57,19
116000357,17,96,-79
116000358,408,69,339
116000361,100,4,96
116000372,12295,5434,6861
116000381,139,5,134
116000388,3,109,-106
116000389,1286,792,494
116000445,341,973,-632
116000446,707,1323,-616
116000447,25,703,-678
116000448,876,355,521
116000563,1372,1083,289
116000565,90,662,-572
116000568,96,331,-235
116000579,41,179,-138
116000584,22,12,10
116000585,35,32,3
116000586,272,186,86
116000587,933,1030,-97
116000589,62,97,-35
116000590,120,96,24
116000591,229,452,-223
116000592,11,172,-161
116000593,0,53,-53
116000594,686,743,-57
116000595,1036,297,739
116000596,174,16,158
116000597,399,148,251
116000598,32,281,-249
116000602,125,738,-613
116000605,404,211,193
116000606,93,345,-252
116000607,0,17,-17
116000609,422,1100,-678
116000611,117,794,-677
116000612,965,2928,-1963
116000613,714,489,225
116000614,600,977,-377
116000615,3,351,-348
116000616,115,204,-89
116000617,91,147,-56
116000618,1,242,-241
116000619,91,94,-3
116000620,110,104,6
116000621,64,189,-125
116000622,65,255,-190
116000624,365,138,227
116000627,80,69,11
116000628,102,728,-626
116000629,46,700,-654
116000630,485,72,413
116000631,286,78,208
116000632,592,526,66
116000633,62,635,-573
116000634,559,88,471
116000635,4619,2875,1744
116000636,1628,1409,219
116000637,474,29,445
116000638,47,801,-754
116900001,333,220,113
116900002,349,9,340
116900003,37,117,-80
116900004,76,108,-32
116900005,364,91,273
116900006,264,228,36
116900007,150,265,-115
116900008,465,579,-114
116900009,26,4,22
116900010,6,2083,-2077
116900011,16,62,-46
116900012,305,301,4
116900013,4,262,-258
116900014,81,428,-347
116900015,336,83,253
116900016,237,2,235
116900017,4,968,-964
116900018,103,78,25
116900019,28,565,-537
116900020,2136,1405,731
116900023,90,21,69
116900024,706,83,623
116900025,1538,1303,235
116900026,225,1122,-897
116900027,50,112,-62
116900028,10,196,-186
116900029,0,84,-84
116900031,0,10,-10
116900032,17,555,-538
116900033,11,30,-19
116900034,38,130,-92
116900035,249,367,-118
116900036,5,154,-149
116900038,55,1,54
116900041,49,29,20
116900042,1014,386,628
116900043,26,120,-94
116900047,81,125,-44
116900049,52,519,-467
116900050,214,882,-668
116900051,130,414,-284
116900052,281,122,159
116900055,3,9,-6
116900057,33,437,-404
116900058,47,653,-606
116900059,6,277,-271
116900060,311,281,30
116900062,4,19,-15
116900064,115,1166,-1051
116900065,41,180,-139
116900067,116,172,-56
116900068,180,423,-243
116900070,0,11,-11
116900072,52,663,-611
116900073,11,253,-242
116900074,13,76,-63
116900076,15,32,-17
116900077,12,261,-249
116900078,319,225,94
116900079,43,487,-444
116900080,13,44,-31
116900081,620,2104,-1484
116900082,602,1492,-890
116900083,71,100,-29
116900084,272,79,193
116900085,33,216,-183
116900086,103,341,-238
116900088,586,164,422
116900090,213,90,123
116900091,414,127,287
116900092,127,1115,-988
116900093,2145,2823,-678
116900094,7892,5958,1934
116900095,431,146,285
116900096,138,273,-135
116900097,5988,3416,2572
116900098,1245,392,853
116900099,1188,896,292
116900100,1089,51,1038
116900101,434,895,-461
116900103,6,0,6
116900104,48,148,-100
116900105,425,151,274
116900106,2078,668,1410
116900107,6323,3390,2933
116900110,13,0,13
116900111,480,1423,-943
116900112,386,1618,-1232
116900113,3725,1915,1810
116900116,228,450,-222
116900117,143,143,0
116900118,1157,959,198
116900120,314,150,164
116900121,168,48,120
116900122,765,1025,-260
116900123,230,1030,-800
116900124,270,1689,-1419
116900125,345,373,-28
116900126,299,888,-589
116900128,0,55,-55
116900129,2,468,-466
116900130,1188,4390,-3202
116900131,152,438,-286
116900132,77,166,-89
116900133,151,165,-14
116900134,361,379,-18
116900136,425,250,175
116900137,491,196,295
116900138,296,296,0
116900139,152,518,-366
116900140,239,255,-16
116900141,1011,571,440
116900142,4,67,-63
116900143,393,683,-290
116900144,41,76,-35
116900145,159,449,-290
116900147,890,472,418
116900148,12,56,-44
116900149,37,229,-192
116900150,14,28,-14
116900151,59,12,47
116900153,154,104,50
116900154,1006,652,354
116900155,125,92,33
116900157,614,518,96
116900158,664,314,350
116900159,64,450,-386
116900160,2825,585,2240
116900161,12494,7577,4917
116900162,57,198,-141
116900163,249,255,-6
116900164,265,74,191
116900165,305,172,133
116900166,27,170,-143
116900167,540,102,438
116900168,438,145,293
116900169,1348,501,847
116900170,340,597,-257
116900171,67,358,-291
116900172,382,303,79
116900173,243,63,180
116900174,70,58,12
116900175,271,200,71
116900178,35,221,-186
116900179,122,222,-100
116900180,135,33,102
116900182,442,372,70
116900183,300,153,147
116900185,51,41,10
116900186,138,383,-245
116900187,65,36,29
116900188,181,56,125
116900189,212,1,211
116900191,514,794,-280
116900192,361,205,156
116900194,181,1300,-1119
116900195,76,33,43
116900196,30,126,-96
116900197,106,22,84
116900198,357,279,78
116900200,72,34,38
116900201,153,21,132
116900202,210,75,135
116900203,196,10,186
116900204,63,123,-60
116900206,13,47,-34
116900207,28,38,-10
116900208,18,221,-203
116900209,25,182,-157
116900210,644,429,215
116900211,318,12,306
116900212,74,124,-50
116900213,218,297,-79
116900214,264,220,44
116900215,71,107,-36
116900216,572,446,126
116900218,90,377,-287
116900219,1647,675,972
116900220,121,310,-189
116900221,104,490,-386
116900222,494,543,-49
116900223,139,376,-237
116900226,102,100,2
116900227,249,133,116
116900228,361,445,-84
116900230,74,425,-351
116900231,37,629,-592
116900232,12,725,-713
116900233,232,122,110
116900234,19,10,9
116900235,222,409,-187
116900238,2078,566,1512
116900239,43,1253,-1210
116900240,9847,5223,4624
116900241,70,230,-160
116900242,509,495,14
116900243,2,190,-188
116900245,41,18,23
116900246,131,26,105
116900247,804,52,752
116900248,130,81,49
116900249,419,202,217
116900250,468,72,396
116900251,819,708,111
116900252,162,1327,-1165
116900253,168,195,-27
116900254,39,204,-165
116900255,141,95,46
116900256,397,196,201
116900257,21,751,-730
116900258,7,403,-396
116900259,165,17,148
116900260,1,184,-183
116900261,53,2,51
116900262,250,254,-4
116900263,0,4,-4
116900264,0,3,-3
116900265,24,0,24
116900266,29,86,-57
116900267,3,4,-1
116900268,139,13,126
116900269,540,821,-281
116900271,2628,322,2306
116900272,599,857,-258
116900273,330,58,272
116900274,117,150,-33
116900275,177,212,-35
116900276,1231,154,1077
116900277,1106,51,1055
116900278,9,27,-18
116900279,0,32,-32
116900280,16,64,-48
116900281,10780,5478,5302
116900282,13,222,-209
116900283,10,186,-176
116900284,19,309,-290
116900285,505,427,78
116900286,320,28,292
116900287,5,86,-81
116900288,62,182,-120
116900289,17,28,-11
116900290,11,78,-67
116900291,25,11,14
116900292,0,24,-24
116900293,58,119,-61
116900294,67,271,-204
116900295,495,57,438
116900296,169,58,111
116900297,10,128,-118
116900298,135,57,78
116900299,144,45,99
116900300,10,137,-127
116900301,161,96,65
116900302,98,55,43
116900303,495,141,354
116900304,1,189,-188
116900305,44,135,-91
116900306,164,146,18
117000001,2885,2780,105
117000002,3496,7745,-4249
117000003,10740,5110,5630
117000004,6626,8459,-1833
117000005,3336,2808,528
117000006,1907,5891,-3984
117000007,5100,1966,3134
117000008,1859,7468,-5609
117000009,6937,3085,3852
117000010,4347,7117,-2770
117000011,3157,2976,181
117000012,2124,2498,-374
117000013,2911,1616,1295
117000014,2407,4037,-1630
117000015,6339,2111,4228
117000016,786,64,722
117000017,1051,218,833
117000018,429,668,-239
117000019,538,3,535
117000020,634,2143,-1509
117000021,3517,788,2729
117000022,799,113,686
117000023,1088,188,900
117000024,1163,150,1013
117000025,1541,787,754
117000026,5696,1241,4455
117000027,3875,3663,212
117000028,7382,1898,5484
117000030,1090,740,350
117000031,713,422,291
117000032,3285,1781,1504
117000033,1863,1251,612
117000034,578,506,72
117000035,602,410,192
117000036,643,523,120
117000037,427,342,85
117000038,397,837,-440
117000039,761,452,309
117000040,227,1767,-1540
117000041,1475,241,1234
117000044,41,1494,-1453
117000045,511,92,419
117000046,865,934,-69
117000047,1170,880,290
117000048,3294,2235,1059
117000049,168,888,-720
117000050,225,3251,-3026
117000051,2869,258,2611
117000052,65,615,-550
117000053,551,135,416
117000054,1928,13,1915
117000055,18,4901,-4883
117000056,783,32,751
117000057,983,3568,-2585
117000060,676,2841,-2165
117000061,2637,1605,1032
117000062,418,830,-412
117000063,2704,1410,1294
117000064,1209,1157,52
117000066,2061,1269,792
117000067,206,597,-391
117000074,251,309,-58
117000076,113,95,18
117000077,258,198,60
117000078,236,1147,-911
117000079,558,305,253
117000080,1,489,-488
117000081,1341,175,1166
117000082,37,84,-47
117000083,216,30,186
117000084,711,6,705
117000085,429,1042,-613
117000086,1382,880,502
117000087,167,793,-626
117000088,406,385,21
117000089,1987,505,1482
117000090,399,1999,-1600
117000091,1170,502,668
117000092,513,2189,-1676
117000093,1557,1010,547
117000094,1651,4386,-2735
117000095,4245,1253,2992
117000096,927,3681,-2754
117000097,1729,1775,-46
117000098,3694,7807,-4113
117000099,4163,1804,2359
117000100,229,466,-237
117000101,305,2071,-1766
117000102,2145,956,1189
117000103,1140,2972,-1832
117000104,1863,891,972
117000105,1161,2675,-1514
117000106,1490,1187,303
117000107,767,3232,-2465
117000108,2119,1344,775
117000109,2850,4386,-1536
117000110,2126,1326,800
117000111,5537,7445,-1908
117000112,4483,2930,1553
117000113,211,460,-249
117000114,283,240,43
117000115,159,226,-67
117000116,165,437,-272
117000117,2595,1264,1331
117000118,576,230,346
117000119,1491,223,1268
117000120,689,507,182
117000121,257,1712,-1455
117000122,746,1808,-1062
117000123,2990,82,2908
117000124,1244,83,1161
117000125,779,99,680
117000126,177,46,131
117000127,363,517,-154
117000128,673,1196,-523
117000129,966,753,213
117000130,264,5,259
117000131,1,101,-100
117000132,3450,105,3345
117000133,1615,113,1502
117000134,0,42,-42
117000135,5,53,-48
117000136,2,33,-31
117000137,128,156,-28
117000138,6,841,-835
117000140,773,2551,-1778
117000141,2121,892,1229
117000181,1181,521,660
117000182,403,685,-282
117000195,317,1814,-1497
117000196,408,152,256
117000225,297,20,277
117000226,34,194,-160
117000276,375,16,359
117000277,4,754,-750
117000310,3528,4213,-685
117000315,56,2230,-2174
117000320,96,0,96
117000906,357,14,343
117000907,5,597,-592
117000908,207,43,164
117000909,175,57,118
117000910,262,193,69
117000911,117,360,-243
117000915,8,943,-935
117000916,54,6,48
117000917,1266,62,1204
117000918,101,112,-11
117000919,27,193,-166
117000920,8,2119,-2111
117000921,8,2548,-2540
117000922,102,227,-125
117000924,589,1346,-757
117000926,1586,121,1465
117000927,3322,866,2456
117000928,2,222,-220
117000929,281,740,-459
117000930,216,26,190
117000931,698,192,506
117900002,270,818,-548
117900003,1109,765,344
117900005,17,69,-52
117900006,0,43,-43
117900007,261,197,64
117900008,1,66,-65
117900010,766,123,643
117900011,102,54,48
117900012,99,210,-111
117900013,3,486,-483
117900014,708,202,506
117900015,29,161,-132
117900016,2352,1021,1331
117900017,1884,421,1463
117900018,311,100,211
117900019,504,408,96
117900020,115,514,-399
117900021,62,136,-74
117900022,36,36,0
117900023,982,795,187
117900024,165,143,22
117900025,46,15,31
117900026,397,482,-85
117900028,292,5,287
117900029,303,1278,-975
117900030,557,490,67
117900031,677,208,469
117900032,1067,803,264
117900033,295,1231,-936
117900034,48,90,-42
117900035,409,128,281
117900036,321,875,-554
117900037,159,241,-82
117900038,54,570,-516
117900039,3,125,-122
117900040,151,752,-601
117900041,3,89,-86
117900042,7382,749,6633
117900043,66,90,-24
117900044,121,6102,-5981
117900045,410,208,202
117900048,277,441,-164
117900049,303,1040,-737
117900050,22,87,-65
117900051,430,4,426
117900052,129,598,-469
117900053,1575,1025,550
117900054,2,40,-38
117900055,252,523,-271
117900056,908,60,848
117900057,1643,2030,-387
117900058,190,40,150
117900059,660,168,492
117900060,2464,8358,-5894
117900061,65,510,-445
117900063,436,335,101
117900065,1191,1949,-758
117900066,14,93,-79
117900067,447,315,132
117900069,1157,609,548
117900070,687,19,668
117900071,267,266,1
117900073,555,577,-22
117900074,924,38,886
117900075,100,149,-49
117900076,25,52,-27
117900077,455,253,202
117900078,429,854,-425
117900080,347,71,276
117900081,739,652,87
117900082,577,490,87
117900083,396,857,-461
117900086,225,38,187
117900087,211,128,83
117900088,4264,3303,961
117900089,2179,809,1370
117900090,1109,939,170
117900091,294,258,36
117900092,91,68,23
117900093,94,107,-13
117900094,37,20,17
117900095,547,621,-74
117900096,107,376,-269
117900097,441,141,300
117900098,12,12,0
117900099,243,443,-200
117900100,232,2,230
117900101,640,2116,-1476
117900102,82,98,-16
117900103,53,7,46
117900104,26,228,-202
117900105,168,408,-240
117900106,113,73,40
117900107,27,1,26
117900109,652,524,128
117900110,147,1,146
117900111,503,41,462
117900112,104,26,78
117900113,7531,2956,4575
117900114,34,0,34
117900115,449,94,355
117900116,1336,1542,-206
117900117,624,477,147
117900118,87,7,80
117900119,200,325,-125
117900120,240,222,18
117900121,162,35,127
117900122,2766,4194,-1428
117900123,1325,881,444
117900124,1236,1261,-25
117900125,2374,1850,524
117900126,404,943,-539
117900127,617,856,-239
117900128,472,1191,-719
117900129,162,1,161
117900130,1679,631,1048
117900131,2,212,-210
117900132,15,178,-163
117900133,7,239,-232
117900134,100,329,-229
117900135,30,317,-287
117900136,0,75,-75
117900137,71,465,-394
117900138,0,67,-67
117900139,164,214,-50
117900140,6692,775,5917
117900141,396,373,23
117900142,446,49,397
117900144,248,175,73
117900145,108,35,73
117900146,499,196,303
117900147,67,128,-61
117900148,4868,1764,3104
117900149,102,256,-154
117900150,99,83,16
117900151,96,134,-38
117900152,215,127,88
117900153,17,178,-161
117900154,967,1106,-139
117900156,1361,1327,34
117900157,89,750,-661
117900158,315,242,73
117900160,737,725,12
117900161,4135,3633,502
117900162,496,768,-272
117900163,318,89,229
117900165,0,20,-20
117900166,162,538,-376
117900168,17,298,-281
117900169,2,253,-251
117900170,6,78,-72
117900171,5,49,-44
117900172,20,68,-48
117900173,258,106,152
117900174,91,110,-19
117900175,7,86,-79
117900176,21,84,-63
117900177,23,75,-52
117900178,210,91,119
117900180,570,82,488
117900181,345,413,-68
117900182,6,53,-47
117900183,126,310,-184
117900184,18,85,-67
117900185,63,81,-18
117900186,46,44,2
117900187,25,19,6
117900188,329,104,225
117900189,69,60,9
117900190,26,6,20
117900191,167,1,166
117900192,435,28,407
117900193,23,151,-128
117900194,13,9,4
117900195,57,85,-28
117900196,30,38,-8
117900207,228,244,-16
117900208,62,50,12
117900209,238,291,-53
117900210,207,331,-124
117900211,19,351,-332
117900212,188,365,-177
117900213,29,28,1
117900214,8,64,-56
117900215,32,45,-13
117900216,95,25,70
117900217,214,312,-98
117900218,297,406,-109
117900219,36,117,-81
117900220,453,150,303
117900222,241,407,-166
117900223,222,377,-155
118000001,1490,1013,477
118000002,2051,3377,-1326
118000003,4882,3127,1755
118000004,5184,3112,2072
118000005,8190,7091,1099
118000006,10929,14654,-3725
118000007,14341,5057,9284
118000008,10504,5490,5014
118000009,3576,5866,-2290
118000010,9062,6843,2219
118000011,1769,4094,-2325
118000012,1631,3737,-2106
118000013,4824,4494,330
118000014,3008,4193,-1185
118000016,251,632,-381
118000017,425,678,-253
118000018,847,734,113
118000019,3890,1839,2051
118000020,3153,3510,-357
118000021,1632,3817,-2185
118000022,3762,1217,2545
118000023,1994,439,1555
118000024,3758,1352,2406
118000027,25671,15575,10096
118000029,1850,1040,810
118000032,2139,4450,-2311
118000033,4992,6004,-1012
118000034,8762,3606,5156
118000035,2899,3683,-784
118000036,2032,1470,562
118000037,1359,1328,31
118000038,260,193,67
118000039,145,535,-390
118000040,2543,2088,455
118000041,3609,2137,1472
118000045,1632,280,1352
118000046,3578,932,2646
118000047,4040,999,3041
118000048,6656,2482,4174
118000051,4928,2294,2634
118000052,3667,1032,2635
118000053,1643,2071,-428
118000054,4462,4300,162
118000055,3414,3854,-440
118000056,477,634,-157
118000057,516,842,-326
118000058,6127,2128,3999
118000059,4470,1217,3253
118000060,1683,1095,588
118000061,1786,2588,-802
118000062,891,528,363
118000063,575,761,-186
118000064,1525,1872,-347
118000065,7371,3127,4244
118000066,1288,2397,-1109
118000067,2237,1354,883
118000068,3607,6586,-2979
118000069,6070,2095,3975
118000070,11105,2938,8167
118000071,6083,9820,-3737
118000072,5393,1750,3643
118000073,5402,886,4516
118000074,1362,731,631
118000075,1653,469,1184
118000076,3259,3048,211
118000077,2231,1865,366
118000078,3050,2673,377
118000079,457,658,-201
118000080,1763,1262,501
118000081,2470,1308,1162
118000082,451,1730,-1279
118000083,2896,2308,588
118000084,4610,2780,1830
118000086,456,947,-491
118000087,7935,3927,4008
118000088,2895,2901,-6
118000089,5101,4220,881
118000090,3978,4554,-576
118000091,2190,3678,-1488
118000092,1791,748,1043
118000093,156,1112,-956
118000096,824,970,-146
118000097,1117,885,232
118000098,405,349,56
118000099,670,1210,-540
118000101,1557,525,1032
118000102,587,2075,-1488
118000107,3676,794,2882
118000108,1045,3701,-2656
118000110,0,32,-32
118000111,2,598,-596
118000112,664,9,655
118000113,7,1141,-1134
118000114,422,23,399
118000115,33,32,1
118000116,171,0,171
118000117,1700,1300,400
118000118,1375,909,466
118000119,1140,1409,-269
118000120,2386,1956,430
118000121,170,736,-566
118000122,2411,477,1934
118000123,89,387,-298
118000125,2956,1487,1469
118000126,1513,2355,-842
118000127,2745,1078,1667
118000128,1002,1778,-776
118000129,2132,640,1492
118000130,4745,7249,-2504
118000131,1501,1584,-83
118000132,3612,2421,1191
118000133,1580,635,945
118000135,1038,632,406
118000136,160,664,-504
118000137,1090,136,954
118000138,560,974,-414
118000139,543,151,392
118000140,3986,6393,-2407
118000141,2880,3058,-178
118000142,2378,3184,-806
118000143,2769,2142,627
118000144,2157,1892,265
118000145,2535,4296,-1761
118000146,1992,1832,160
118000147,1520,2543,-1023
118000148,988,2218,-1230
118000149,1171,1554,-383
118000150,600,425,175
118000151,600,733,-133
118000153,1705,2126,-421
118000154,1668,2472,-804
118000155,1565,2267,-702
118000156,4269,3809,460
118000157,915,521,394
118000158,220,657,-437
118000159,41,139,-98
118000160,606,697,-91
118000161,621,1398,-777
118000162,2824,1364,1460
118000163,1098,1463,-365
118000164,3806,2646,1160
118000168,2167,796,1371
118000169,1882,2316,-434
118000170,6537,9128,-2591
118000171,525,862,-337
118000172,155,473,-318
118000173,1706,1880,-174
118000175,477,549,-72
118000176,396,682,-286
118000177,360,868,-508
118000178,157,75,82
118000179,2595,2058,537
118000180,1307,1419,-112
118000181,1622,646,976
118000182,560,474,86
118000183,320,460,-140
118000184,1051,1558,-507
118000185,1973,1493,480
118000186,1372,1559,-187
118000187,1673,1140,533
118000188,1208,327,881
118000189,929,1341,-412
118000190,29,33,-4
118000191,29,53,-24
118000192,867,652,215
118000193,567,779,-212
118000194,4214,1830,2384
118000195,1705,1285,420
118000196,956,274,682
118000197,1691,182,1509
118000198,1325,780,545
118000199,3501,1030,2471
118000200,174,338,-164
118000201,1121,731,390
118000202,233,138,95
118000203,3060,762,2298
118000204,360,493,-133
118000205,465,496,-31
118000206,357,287,70
118000207,0,94,-94
118000208,1994,2275,-281
118000209,2645,2606,39
118000210,76,70,6
118000211,37,55,-18
118000213,2215,2011,204
118000214,1116,1072,44
118000215,350,623,-273
118000216,2817,5628,-2811
118000217,41,159,-118
118000218,90,137,-47
118000219,672,554,118
118000220,2,36,-34
118000221,220,439,-219
118000222,103,10,93
118000223,42,80,-38
118000224,471,126,345
118000225,165,1075,-910
118000226,2075,276,1799
118000227,1357,532,825
118000228,259,311,-52
118000229,538,104,434
118000230,222,401,-179
118000231,115,282,-167
118000232,933,1416,-483
118000233,1264,1223,41
118000234,546,391,155
118000236,790,556,234
118000237,161,857,-696
118000238,286,399,-113
118000239,412,424,-12
118000240,785,206,579
118000241,210,421,-211
118000242,489,1045,-556
118000243,280,306,-26
118000244,81,210,-129
118000246,1,12,-11
118000255,64,377,-313
118000256,122,362,-240
118000259,30,124,-94
118000260,330,129,201
118000261,41,172,-131
118000263,133,366,-233
118000266,252,551,-299
118000267,1,135,-134
118000268,1064,5,1059
118000270,93,59,34
118000271,231,526,-295
118000272,125,39,86
118000273,199,164,35
118000274,148,487,-339
118000276,490,566,-76
118000295,12,160,-148
118000298,251,588,-337
118000299,65,264,-199
118000301,0,84,-84
118000302,129,141,-12
118000311,475,160,315
118000312,379,315,64
118000313,111,280,-169
118000314,93,118,-25
118000315,90,94,-4
118000316,868,674,194
118000325,68,103,-35
118000326,35,73,-38
118000331,44,93,-49
118000332,28,72,-44
118000333,65,133,-68
118000335,361,3,358
118000336,0,394,-394
118000407,214,118,96
118000457,6,44,-38
118000465,5257,5894,-637
118000480,51,224,-173
118000489,176,631,-455
118000490,175,730,-555
118000492,385,301,84
118000510,123,25,98
118000514,229,607,-378
118000515,987,1132,-145
118000517,651,373,278
118000524,941,327,614
118000525,1398,1356,42
118000530,42,208,-166
118000531,303,525,-222
118000532,274,454,-180
118000533,598,227,371
118000534,1029,719,310
118000535,326,177,149
118000536,1341,1888,-547
118000537,47,186,-139
118000538,60,148,-88
118000539,9,119,-110
118000540,466,308,158
118000541,427,124,303
118000542,224,293,-69
118000543,293,353,-60
118000546,100,39,61
118000560,4864,2538,2326
118000562,42,430,-388
118000563,3365,2247,1118
118000576,215,220,-5
118000577,319,192,127
118000578,308,143,165
118000579,1098,1746,-648
118000595,217,110,107
118000596,0,70,-70
118000597,133,178,-45
118000598,30,0,30
118000599,77,72,5
118000600,2,77,-75
118000601,42,0,42
118000602,0,28,-28
118000603,0,31,-31
118900001,1388,2207,-819
118900002,1515,1302,213
118900003,465,34,431
118900004,126,86,40
118900005,93,26,67
118900006,219,21,198
118900007,22,15,7
118900008,2047,71,1976
118900009,55,50,5
118900010,102,11,91
118900011,234,66,168
118900012,619,340,279
118900013,712,177,535
118900015,300,93,207
118900016,17,42,-25
118900017,345,259,86
118900018,1162,38,1124
118900019,80,68,12
118900020,313,148,165
118900021,248,513,-265
118900022,186,157,29
118900023,213,138,75
118900024,107,198,-91
118900025,86,47,39
118900026,68,128,-60
118900027,636,429,207
118900028,184,267,-83
118900029,499,472,27
118900030,372,143,229
118900031,162,168,-6
118900032,227,235,-8
118900033,922,609,313
118900034,243,55,188
118900035,193,302,-109
118900036,1262,1019,243
118900037,1124,358,766
118900038,466,353,113
118900039,694,343,351
118900040,283,351,-68
118900041,627,254,373
118900042,269,122,147
118900045,393,232,161
118900046,1461,441,1020
118900047,862,443,419
118900048,479,270,209
118900049,111,86,25
118900050,25,217,-192
118900051,92,85,7
118900052,701,336,365
118900053,62,114,-52
118900054,146,90,56
118900055,77,168,-91
118900056,51,333,-282
118900057,783,623,160
118900058,775,539,236
118900059,32,125,-93
118900060,95,132,-37
118900062,320,295,25
118900064,1016,785,231
118900065,57,351,-294
118900066,126,113,13
118900067,8228,4859,3369
118900068,9,641,-632
118900069,472,337,135
118900071,9,98,-89
118900072,537,608,-71
118900073,126,164,-38
118900074,187,275,-88
118900075,328,162,166
118900076,380,106,274
118900077,297,237,60
118900078,79,29,50
118900079,68,303,-235
118900080,62,192,-130
118900081,100,37,63
118900082,902,257,645
118900083,43,30,13
118900084,27,42,-15
118900085,830,1567,-737
118900086,48,156,-108
118900087,59,372,-313
118900088,1,26,-25
118900089,28,15,13
118900090,655,643,12
118900091,265,281,-16
118900092,149,164,-15
118900093,190,32,158
118900096,66,27,39
118900097,274,883,-609
118900099,134,424,-290
118900100,173,395,-222
118900101,212,872,-660
118900102,44,171,-127
118900103,63,189,-126
118900104,385,320,65
118900105,466,195,271
118900107,206,133,73
118900108,107,148,-41
118900110,2056,1109,947
118900111,685,844,-159
118900112,99,202,-103
118900113,133,854,-721
118900114,17,105,-88
118900115,211,649,-438
118900116,113,271,-158
118900117,135,261,-126
118900118,322,647,-325
118900119,170,460,-290
118900120,146,458,-312
118900121,36,337,-301
118900122,26,1154,-1128
118900123,144,383,-239
118900124,96,348,-252
118900126,22,466,-444
118900129,350,291,59
118900130,86,199,-113
118900131,158,418,-260
118900132,747,254,493
118900133,14,173,-159
118900135,295,387,-92
118900136,261,1061,-800
118900137,17,57,-40
118900139,388,673,-285
118900140,618,1150,-532
118900141,163,258,-95
118900144,220,700,-480
118900145,70,241,-171
118900146,473,1153,-680
118900147,344,257,87
118900148,134,104,30
118900150,218,794,-576
118900152,709,1239,-530
118900157,134,231,-97
118900158,127,108,19
118900159,2,312,-310
118900161,150,12,138
118900163,284,126,158
118900164,7,183,-176
118900165,111,397,-286
118900166,49,4,45
118900167,96,194,-98
118900168,21,198,-177
118900169,196,686,-490
118900170,194,272,-78
118900171,14,79,-65
118900174,129,115,14
118900175,414,686,-272
118900176,191,371,-180
118900177,63,104,-41
118900178,71,208,-137
118900179,2,61,-59
118900181,96,152,-56
118900182,149,75,74
118900183,19,279,-260
118900184,754,167,587
118900185,199,167,32
118900186,103,117,-14
118900187,321,416,-95
118900188,432,416,16
118900189,56,981,-925
118900190,26,677,-651
118900191,193,93,100
118900192,270,33,237
118900193,571,23,548
118900195,558,1244,-686
118900196,40,289,-249
118900197,136,133,3
118900198,32,73,-41
118900199,115,106,9
118900200,53,12,41
118900201,37,30,7
118900202,17,118,-101
118900203,13,70,-57
118900204,13,67,-54
118900205,10,21,-11
118900206,8,33,-25
119000001,2134,2725,-591
119000002,6777,5165,1612
119000003,3478,2067,1411
119000004,3680,2363,1317
119000005,2698,2996,-298
119000006,3278,2477,801
119000007,5690,5308,382
119000008,3234,2981,253
119000009,5312,6731,-1419
119000010,11169,6566,4603
119000011,7123,4398,2725
119000012,5954,5199,755
119000013,3325,2372,953
119000014,4387,5422,-1035
119000019,340,269,71
119000020,2571,2082,489
119000021,5917,3688,2229
119000022,5254,3932,1322
119000023,482,501,-19
119000024,2829,13604,-10775
119000025,15177,2431,12746
119000026,264,431,-167
119000027,649,838,-189
119000028,3452,2418,1034
119000029,208,442,-234
119000030,829,1847,-1018
119000031,1416,1272,144
119000032,3511,4096,-585
119000033,3414,2637,777
119000034,1659,1623,36
119000035,39,555,-516
119000036,1901,1459,442
119000037,1464,2810,-1346
119000038,200,1486,-1286
119000039,339,469,-130
119000040,1795,877,918
119000041,1432,1790,-358
119000048,4549,4802,-253
119000049,2184,3972,-1788
119000050,2074,3285,-1211
119000051,2918,1458,1460
119000052,2755,4479,-1724
119000053,2689,1634,1055
119000054,3830,5334,-1504
119000055,4512,5195,-683
119000056,2798,3129,-331
119000057,1879,3632,-1753
119000058,2587,3173,-586
119000059,1808,2955,-1147
119000060,1868,1696,172
119000061,1335,1358,-23
119000062,1714,1944,-230
119000063,702,889,-187
119000064,2159,2633,-474
119000065,2904,5052,-2148
119000066,4162,1785,2377
119000067,2739,3630,-891
119000068,1995,1654,341
119000069,2088,4004,-1916
119000070,2741,1524,1217
119000071,750,1082,-332
119000072,9934,5337,4597
119000073,10749,9980,769
119000074,1666,4735,-3069
119000075,2322,3703,-1381
119000076,1077,1338,-261
119000077,2239,881,1358
119000078,830,319,511
119000079,277,881,-604
119000080,572,397,175
119000081,652,765,-113
119000082,1715,447,1268
119000083,683,565,118
119000084,436,822,-386
119000085,898,395,503
119000086,416,746,-330
119000087,2262,1405,857
119000088,346,306,40
119000089,101,316,-215
119000090,169,242,-73
119000091,183,637,-454
119000092,652,291,361
119000093,5574,4675,899
119000094,3567,8649,-5082
119000095,2003,4110,-2107
119000097,3612,2472,1140
119000098,989,3606,-2617
119000099,3323,3107,216
119000100,4284,3602,682
119000101,8318,3039,5279
119000102,1652,1451,201
119000103,3317,722,2595
119000104,4022,2173,1849
119000105,1486,2277,-791
119000106,451,2480,-2029
119000107,1031,818,213
119000108,648,1574,-926
119000109,429,731,-302
119000110,1604,763,841
119000111,176,951,-775
119000112,361,185,176
119000113,4881,460,4421
119000114,1350,1782,-432
119000115,217,225,-8
119000116,243,175,68
119000117,228,596,-368
119000118,1,1,0
119000123,7727,1152,6575
119000124,1066,353,713
119000125,3995,1424,2571
119000126,790,1180,-390
119000127,637,1051,-414
119000128,74,5,69
119000131,1059,1178,-119
119000132,3,0,3
119000133,0,10,-10
119000134,3851,995,2856
119000135,158,314,-156
119000136,429,339,90
119000137,225,499,-274
119000138,464,509,-45
119000139,335,360,-25
119000140,235,654,-419
119000284,1866,4478,-2612
119000285,3321,3545,-224
119000286,10619,8415,2204
119000287,2009,3525,-1516
119000288,2957,2293,664
119000289,3467,6243,-2776
119000290,268,925,-657
119000291,6,514,-508
119000293,137,280,-143
119000294,45,43,2
119000295,3244,834,2410
119000296,206,237,-31
119000302,4447,2314,2133
119000303,87,312,-225
119000314,1951,12461,-10510
119000315,2,909,-907
119000316,120,187,-67
119000317,109,472,-363
119900001,363,1681,-1318
119900002,240,448,-208
119900003,64,1765,-1701
119900004,495,1138,-643
119900005,315,194,121
119900006,306,643,-337
119900007,1375,238,1137
119900008,482,75,407
119900009,971,999,-28
119900010,3591,2035,1556
119900011,48,88,-40
119900012,42,139,-97
119900013,2717,1392,1325
119900014,1175,422,753
119900015,131,43,88
119900016,50,186,-136
119900017,51,117,-66
119900018,2972,912,2060
119900019,46,10,36
119900020,196,285,-89
119900021,261,148,113
119900022,214,837,-623
119900023,1092,1582,-490
119900025,184,36,148
119900026,1456,223,1233
119900027,65,56,9
119900028,406,161,245
119900029,3,10,-7
119900030,780,774,6
119900031,128,443,-315
119900033,3433,375,3058
119900034,371,233,138
119900037,229,77,152
119900038,61,335,-274
119900039,114,10,104
119900040,158,12,146
119900041,189,56,133
119900042,279,317,-38
119900043,123,280,-157
119900044,337,992,-655
119900046,139,125,14
119900047,366,78,288
119900048,155,69,86
119900049,128,21,107
119900050,204,168,36
119900051,620,8,612
119900052,48,85,-37
119900053,251,281,-30
119900054,127,6,121
119900055,1517,592,925
119900057,250,151,99
119900058,270,2,268
119900059,344,130,214
119900060,338,23,315
119900062,62,31,31
119900063,31,87,-56
119900064,447,79,368
119900065,381,12,369
119900066,1,1,0
119900067,180,54,126
119900068,440,2,438
119900069,161,77,84
119900070,1150,18,1132
119900071,888,35,853
119900073,3009,924,2085
119900074,195,75,120
119900075,8770,3749,5021
119900076,666,645,21
119900077,918,1778,-860
119900078,624,1307,-683
119900079,259,426,-167
119900080,2062,2104,-42
119900081,247,75,172
119900082,1545,223,1322
119900083,602,191,411
119900084,1299,405,894
119900085,155,126,29
119900087,1346,625,721
119900088,56,103,-47
119900089,53,889,-836
119900090,228,99,129
119900091,198,1839,-1641
119900092,84,637,-553
119900093,1593,388,1205
119900094,109,340,-231
119900095,296,163,133
119900096,86,218,-132
119900097,1043,280,763
119900098,64,107,-43
119900099,46,437,-391
119900100,3789,4061,-272
119900101,368,1942,-1574
119900102,51,482,-431
119900103,39,647,-608
119900104,56,453,-397
119900105,2697,3419,-722
119900106,35,295,-260
119900107,585,4944,-4359
119900108,3874,1001,2873
119900109,54,491,-437
119900110,895,1015,-120
119900111,125,637,-512
119900112,3484,978,2506
119900113,122,589,-467
119900114,323,2345,-2022
119900115,355,1936,-1581
119900116,220,840,-620
119900117,345,1350,-1005
119900118,97,1723,-1626
119900119,291,362,-71
119900120,878,1068,-190
119900121,506,1861,-1355
119900122,757,659,98
119900123,410,604,-194
119900124,226,1509,-1283
119900125,63,661,-598
119900126,8279,577,7702
119900127,3932,1598,2334
119900128,648,1702,-1054
119900129,340,1162,-822
119900130,51,477,-426
119900131,52,489,-437
119900132,11,456,-445
119900133,70,142,-72
119900134,3270,422,2848
119900135,4,723,-719
119900136,194,696,-502
119900138,569,953,-384
119900139,184,184,0
119900140,8,264,-256
119900141,190,1053,-863
119900142,28,59,-31
119900143,21,395,-374
119900144,3379,459,2920
119900145,164,299,-135
119900146,290,342,-52
119900147,2,277,-275
119900148,263,104,159
119900149,2746,5490,-2744
119900150,244,323,-79
119900151,3255,1471,1784
119900152,154,646,-492
119900153,214,157,57
119900154,17,447,-430
119900155,73,68,5
119900156,15,7,8
119900157,194,479,-285
119900158,229,134,95
119900159,7,2648,-2641
119900160,45,382,-337
119900161,310,446,-136
119900162,938,1283,-345
119900163,240,311,-71
119900164,0,4,-4
119900165,186,340,-154
119900166,117,65,52
119900167,227,249,-22
119900168,933,702,231
119900169,190,543,-353
119900170,291,387,-96
119900171,1832,785,1047
119900172,202,38,164
119900173,11,655,-644
119900174,19,437,-418
119900175,1325,1119,206
119900177,54,339,-285
119900178,25,299,-274
119900179,162,581,-419
119900180,1192,1369,-177
119900181,87,157,-70
119900182,6,814,-808
119900183,235,1216,-981
119900184,4602,1066,3536
119900185,62,231,-169
119900186,200,1022,-822
119900187,33,890,-857
119900188,107,521,-414
119900189,848,619,229
119900190,74,382,-308
119900191,492,218,274
119900192,100,305,-205
119900193,435,319,116
119900194,37,103,-66
119900195,63,428,-365
119900196,2667,773,1894
119900197,323,194,129
119900198,190,489,-299
119900199,243,32,211
119900200,922,1026,-104
119900201,572,336,236
119900202,217,251,-34
119900203,289,707,-418
119900204,402,546,-144
119900205,850,1033,-183
119900206,197,268,-71
119900208,306,288,18
119900209,591,1455,-864
119900210,45,71,-26
119900211,130,16,114
119900212,271,672,-401
119900213,12,102,-90
119900214,39,140,-101
119900215,68,120,-52
119900216,18,128,-110
119900217,30,104,-74
119900218,59,109,-50
119900219,23,252,-229
119900220,6,166,-160
119900221,57,478,-421
119900222,43,387,-344
119900223,19,143,-124
119900224,47,61,-14
119900225,1565,109,1456
119900226,1081,2623,-1542
119900227,1674,612,1062
119900228,538,555,-17
119900229,468,736,-268
119900230,2597,968,1629
119900231,297,362,-65
119900232,372,148,224
119900233,117,10,107
119900234,50,96,-46
119900235,25,100,-75
119900236,24,346,-322
119900237,89,886,-797
119900238,18,128,-110
119900240,156,269,-113
119900241,227,387,-160
119900242,2585,3065,-480
119900244,1094,2730,-1636
119900245,270,324,-54
119900246,503,743,-240
119900247,67,136,-69
119900248,126,222,-96
119900249,285,140,145
119900253,5763,722,5041
119900254,121,882,-761
119900255,239,868,-629
119900256,670,1781,-1111
119900257,104,4,100
119900258,160,14,146
119900259,17,236,-219
119900260,147,5,142
119900261,409,399,10
119900262,2,437,-435
119900263,1550,653,897
119900264,110,389,-279
119900265,705,763,-58
119900266,377,530,-153
119900267,329,862,-533
119900268,254,339,-85
119900269,1527,2550,-1023
119900271,44,180,-136
119900272,565,139,426
119900275,178,23,155
119900276,63,3,60
119900277,14,7,7
119900278,416,160,256
119900279,164,571,-407
119900280,1265,346,919
119900281,1,216,-215
119900282,95,105,-10
119900283,24,472,-448
119900284,81,539,-458
119900285,60,162,-102
119900286,16,90,-74
119900288,1,74,-73
119900289,1,71,-70
119900290,4,75,-71
119900291,0,91,-91
119900292,37,20,17
119900293,37,3,34
119900294,40,1,39
119900295,0,0,0
119900296,0,0,0
119900299,62,329,-267
119900300,470,331,139
119900301,201,100,101
119900302,157,126,31
119900303,346,340,6
119900304,250,52,198
119900305,31,230,-199
119900306,28,3,25
119900307,69,319,-250
119900308,6,31,-25
119900309,55,164,-109
119900310,454,499,-45
119900311,139,236,-97
119900312,167,130,37
119900313,381,576,-195
119900314,245,574,-329
119900315,1921,3969,-2048
119900318,47,41,6
119900319,4,483,-479
119900320,343,1048,-705
119900321,109,5,104
119900322,49,80,-31
119900323,3,222,-219
119900324,0,69,-69
119900325,132,534,-402
119900326,177,148,29
120000001,12006,19997,-7991
120000002,3368,4224,-856
120000003,4977,2342,2635
120000004,3887,3193,694
120000005,6297,2994,3303
120000006,1656,1955,-299
120000007,5374,4115,1259
120000008,1610,2267,-657
120000009,5356,1472,3884
120000010,2463,4128,-1665
120000011,1579,3270,-1691
120000012,2091,4884,-2793
120000013,3705,3991,-286
120000014,1042,2448,-1406
120000015,3793,2449,1344
120000016,4834,3648,1186
120000017,4699,3758,941
120000018,6224,13892,-7668
120000019,1261,2279,-1018
120000020,4431,4649,-218
120000021,2339,3363,-1024
120000022,4104,5307,-1203
120000023,1143,2550,-1407
120000024,1989,3313,-1324
120000025,3016,3286,-270
120000026,1797,2716,-919
120000027,2378,2986,-608
120000028,1553,887,666
120000029,11327,1088,10239
120000030,738,2574,-1836
120000031,3097,19055,-15958
120000032,13790,6005,7785
120000033,6456,3312,3144
120000034,2390,3217,-827
120000035,2458,3618,-1160
120000036,3625,7629,-4004
120000037,905,2300,-1395
120000038,12419,5291,7128
120000039,868,1407,-539
120000040,204,521,-317
120000041,2463,2649,-186
120000042,2754,4628,-1874
120000043,7049,3509,3540
120000044,6134,2416,3718
120000045,6597,1765,4832
120000046,2900,4210,-1310
120000047,2413,6049,-3636
120000048,11335,5668,5667
120000049,4801,4114,687
120000050,5575,6791,-1216
120000051,4748,7097,-2349
120000052,16294,3523,12771
120000053,1362,4566,-3204
120000054,1881,7351,-5470
120000055,2405,7963,-5558
120000056,4977,6274,-1297
120000057,3564,1020,2544
120000058,4233,524,3709
120000059,88,1998,-1910
120000061,234,1022,-788
120000062,357,549,-192
120000063,2606,4077,-1471
120000064,373,2149,-1776
120000065,1013,2709,-1696
120000066,660,815,-155
120000067,147,833,-686
120000068,249,1618,-1369
120000069,1112,2357,-1245
120000070,77,1385,-1308
120000071,510,321,189
120000072,709,751,-42
120000073,747,166,581
120000074,343,120,223
120000075,1211,439,772
120000076,2724,704,2020
120000077,2259,920,1339
120000078,4802,1554,3248
120000079,261,256,5
120000080,177,328,-151
120000081,507,270,237
120000082,220,287,-67
120000083,113,665,-552
120000084,675,694,-19
120000085,498,618,-120
120000086,451,931,-480
120000087,228,1203,-975
120000088,1319,2268,-949
120000089,1387,1156,231
120000090,945,895,50
120000091,1200,1884,-684
120000092,1629,1008,621
120000093,519,814,-295
120000094,196,988,-792
120000095,1335,918,417
120000096,284,1509,-1225
120000098,1269,1486,-217
120000099,589,1248,-659
120000100,954,1463,-509
120000101,739,789,-50
120000102,595,1051,-456
120000103,1800,1072,728
120000104,2091,624,1467
120000105,2974,973,2001
120000106,2608,873,1735
120000107,4131,1002,3129
120000108,1356,224,1132
120000109,1460,115,1345
120000110,132,1448,-1316
120000111,184,1866,-1682
120000112,1074,5539,-4465
120000113,909,4022,-3113
120000114,1309,4637,-3328
120000115,476,3583,-3107
120000116,966,3281,-2315
120000117,2167,2350,-183
120000118,76,31,45
120000119,48,101,-53
120000120,83,104,-21
120000121,54,92,-38
120000122,420,551,-131
120000123,9442,6850,2592
120000124,622,704,-82
120000125,630,1131,-501
120000126,729,1251,-522
120000127,3784,1299,2485
120000128,5204,4194,1010
120000129,467,470,-3
120000130,1341,1068,273
120000131,395,842,-447
120000134,629,1882,-1253
120000135,679,765,-86
120000137,351,2911,-2560
120000138,1091,958,133
120000139,437,1451,-1014
120000140,834,1009,-175
120000141,592,747,-155
120000142,827,1052,-225
120000143,0,165,-165
120000144,109,1,108
120000145,395,0,395
120000146,2888,1276,1612
120000149,878,1741,-863
120000150,5974,13401,-7427
120000151,476,862,-386
120000152,677,404,273
120000153,337,1067,-730
120000154,618,698,-80
120000155,160,425,-265
120000156,1840,1310,530
120000157,1435,1182,253
120000158,1131,1617,-486
120000159,2648,3631,-983
120000160,3356,2338,1018
120000161,2874,3969,-1095
120000162,196,386,-190
120000163,784,2138,-1354
120000164,517,781,-264
120000165,691,1444,-753
120000166,1591,1018,573
120000167,81,139,-58
120000168,38,456,-418
120000169,93,958,-865
120000170,148,617,-469
120000171,53,207,-154
120000172,75,125,-50
120000173,7375,697,6678
120000174,1816,31,1785
120000175,1574,40,1534
120000176,953,48,905
120000177,3698,249,3449
120000178,658,31,627
120000179,1124,73,1051
120000180,1789,178,1611
120000181,421,848,-427
120000182,201,435,-234
120000183,49,379,-330
120000184,227,1497,-1270
120000186,138,419,-281
120000187,171,115,56
120000188,927,222,705
120000190,2988,46,2942
120000191,2948,75,2873
120000192,2125,49,2076
120000193,1293,26,1267
120000195,155,13,142
120000196,632,158,474
120000197,260,437,-177
120000198,229,127,102
120000199,130,1,129
120000200,89,5,84
120000201,14,30,-16
120000202,6,88,-82
120000203,61,403,-342
120000207,4,102,-98
120000208,13,433,-420
120000209,6,115,-109
120000210,141,155,-14
120000211,99,3,96
120000212,193,1,192
120000213,126,457,-331
120000214,3,515,-512
120000215,8,268,-260
120000216,67,19,48
120000217,1063,1671,-608
120000218,266,1190,-924
120000219,29,828,-799
120000220,24,2596,-2572
120000225,1432,2,1430
120000226,387,4,383
120000227,1017,68,949
120000228,9907,4389,5518
120000230,448,16,432
120000231,1519,3630,-2111
120000233,402,5,397
120000235,222,1208,-986
120000236,1404,1,1403
120000237,6,2906,-2900
120000238,1,517,-516
120000241,1614,5322,-3708
120000412,1934,29,1905
120000413,367,540,-173
120000414,135,1,134
120000415,3,302,-299
120000416,256,11,245
120000417,7,192,-185
120000418,144,19,125
120000419,19,607,-588
120000420,59,73,-14
120000421,18673,8445,10228
120000422,199,1054,-855
120000423,2,58,-56
120000424,71,260,-189
120000436,179,757,-578
120000437,225,281,-56
120000438,5964,414,5550
120000439,261,608,-347
120000443,282,4,278
120000444,1827,1336,491
120000445,2364,1828,536
120000446,1394,450,944
120000447,214,45,169
120000449,118,10,108
120000450,9,426,-417
120000451,244,403,-159
120000452,212,11,201
120000453,0,901,-901
120000454,137,60,77
120000455,154,101,53
120000456,3633,5533,-1900
120000457,1722,1038,684
120000458,856,1047,-191
120000459,152,192,-40
120000665,4108,407,3701
120000668,205,595,-390
120000669,70,302,-232
120000670,517,593,-76
120000671,2641,836,1805
120000672,151,736,-585
120900001,96,108,-12
120900002,942,710,232
120900003,581,61,520
120900004,22,105,-83
120900005,40,1925,-1885
120900006,356,316,40
120900007,174,247,-73
120900008,283,1732,-1449
120900009,1270,101,1169
120900010,624,132,492
120900011,548,243,305
120900012,1175,1704,-529
120900013,545,134,411
120900014,2,1091,-1089
120900015,1005,133,872
120900016,1018,106,912
120900017,4488,169,4319
120900018,164,855,-691
120900019,712,279,433
120900020,1067,1541,-474
120900021,803,201,602
120900022,38,561,-523
120900023,235,44,191
120900024,2749,772,1977
120900025,2939,1487,1452
120900026,285,327,-42
120900027,1330,93,1237
120900028,442,95,347
120900029,222,431,-209
120900030,1508,1015,493
120900031,361,138,223
120900032,937,214,723
120900033,1270,104,1166
120900034,64,3776,-3712
120900035,65,266,-201
120900037,254,6,248
120900038,51,271,-220
120900039,157,85,72
120900040,339,2,337
120900041,249,61,188
120900042,535,136,399
120900043,59,43,16
120900044,16,736,-720
120900045,293,303,-10
120900046,412,9,403
120900047,223,108,115
120900048,133,46,87
120900049,448,0,448
120900050,4556,1771,2785
120900051,402,218,184
120900052,716,7,709
120900053,366,169,197
120900054,2535,1218,1317
120900055,380,0,380
120900056,523,35,488
120900057,154,25,129
120900058,494,7,487
120900059,95,4,91
120900060,107,68,39
120900061,334,577,-243
120900062,213,2,211
120900063,586,0,586
120900064,523,0,523
120900065,520,4,516
120900066,333,426,-93
120900067,274,119,155
120900068,284,3,281
120900069,258,88,170
120900071,27,4,23
120900072,770,5,765
120900073,490,346,144
120900074,833,45,788
120900076,610,1,609
120900077,6080,744,5336
120900078,866,1551,-685
120900079,797,163,634
120900080,750,2968,-2218
120900081,1020,1371,-351
120900082,971,621,350
120900083,420,1,419
120900084,322,449,-127
120900085,194,238,-44
120900086,213,422,-209
120900087,479,298,181
120900088,358,545,-187
120900089,6174,2930,3244
120900090,217,345,-128
120900091,831,882,-51
120900092,1788,1085,703
120900093,4457,432,4025
120900094,894,367,527
120900095,910,79,831
120900096,105,397,-292
120900097,1067,1240,-173
120900098,472,312,160
120900099,91,106,-15
120900100,171,423,-252
120900101,1096,558,538
120900102,56,250,-194
120900103,62,308,-246
120900104,51,87,-36
120900105,79,980,-901
120900106,2052,998,1054
120900107,351,294,57
120900108,19,1072,-1053
120900109,74,1045,-971
120900110,19,2432,-2413
120900111,269,626,-357
120900112,19,1628,-1609
120900113,18,1357,-1339
120900114,58,202,-144
120900115,258,292,-34
120900116,554,787,-233
120900117,3,882,-879
120900118,14,1338,-1324
120900119,5449,12500,-7051
120900120,82,916,-834
120900121,289,893,-604
120900122,641,862,-221
120900123,10,705,-695
120900124,4,986,-982
120900125,3,1432,-1429
120900126,2383,1979,404
120900127,23,825,-802
120900128,1609,2124,-515
120900129,70,558,-488
120900130,6,573,-567
120900131,71,181,-110
120900132,1061,641,420
120900133,286,1732,-1446
120900134,981,643,338
120900135,13,977,-964
120900136,190,208,-18
120900137,260,229,31
120900138,49,359,-310
120900139,3,1195,-1192
120900140,10,215,-205
120900141,311,263,48
120900142,36,1143,-1107
120900143,4,1412,-1408
120900144,0,289,-289
120900145,252,1229,-977
120900146,5,1702,-1697
120900147,2,727,-725
120900148,174,258,-84
120900149,2,552,-550
120900150,61,839,-778
120900151,1,1039,-1038
120900152,15,76,-61
120900153,47,182,-135
120900154,2,440,-438
120900155,199,1592,-1393
120900156,54,474,-420
120900157,102,491,-389
120900158,63,923,-860
120900159,225,568,-343
120900160,66,868,-802
120900161,61,712,-651
120900162,27,843,-816
120900163,50,789,-739
120900164,6,3,3
120900165,35,24,11
120900166,310,373,-63
120900167,781,222,559
120900169,113,772,-659
120900170,3337,3414,-77
120900171,1732,537,1195
120900172,5623,2093,3530
120900173,0,92,-92
120900174,14,196,-182
120900175,412,307,105
120900176,21,499,-478
120900177,6,1336,-1330
120900178,0,697,-697
120900179,1466,820,646
120900180,324,203,121
120900181,330,126,204
120900182,32,1181,-1149
120900183,450,340,110
120900184,234,128,106
120900185,33,687,-654
120900186,4,726,-722
120900187,603,1530,-927
120900188,197,43,154
120900189,271,1184,-913
120900190,72,26,46
120900191,4,47,-43
120900192,18002,7758,10244
120900194,77,172,-95
120900195,237,444,-207
120900196,1348,128,1220
120900197,858,126,732
120900198,523,937,-414
120900199,493,508,-15
120900200,146,190,-44
120900201,784,254,530
120900202,2,335,-333
120900203,53,137,-84
120900204,220,458,-238
120900205,80,108,-28
120900206,9,36,-27
120900207,105,2198,-2093
121000001,1530,1568,-38
121000002,4685,3040,1645
121000003,5501,2836,2665
121000004,5165,9758,-4593
121000005,3264,4244,-980
121000006,5921,2653,3268
121000007,5517,3961,1556
121000008,11574,5822,5752
121000009,9316,8911,405
121000010,14737,10537,4200
121000011,13479,20045,-6566
121000012,23599,16845,6754
121000013,7463,11591,-4128
121000014,10171,9547,624
121000015,7785,10800,-3015
121000016,7022,6127,895
121000017,3522,5764,-2242
121000018,3430,2786,644
121000019,28721,16668,12053
121000020,18917,20878,-1961
121000021,5793,5384,409
121000022,4089,4066,23
121000023,5882,4583,1299
121000024,6423,7175,-752
121000025,961,2448,-1487
121000026,510,301,209
121000027,1991,1631,360
121000028,1109,759,350
121000029,1626,1122,504
121000030,1004,666,338
121000031,1244,957,287
121000032,484,161,323
121000034,1051,273,778
121000035,441,155,286
121000036,2251,1566,685
121000037,1192,825,367
121000038,1040,1102,-62
121000039,757,778,-21
121000041,1137,747,390
121000042,395,606,-211
121000043,1167,879,288
121000044,2526,1303,1223
121000045,736,485,251
121000046,931,1307,-376
121000047,730,161,569
121000049,2886,922,1964
121000050,597,1560,-963
121000051,1266,460,806
121000052,836,929,-93
121000053,695,130,565
121000054,60,449,-389
121000055,2224,1521,703
121000056,1217,1476,-259
121000057,571,827,-256
121000058,472,233,239
121000059,2928,1628,1300
121000060,709,1478,-769
121000061,374,311,63
121000062,285,563,-278
121000063,938,968,-30
121000064,965,1194,-229
121000065,662,562,100
121000066,808,811,-3
121000067,1262,568,694
121000068,1016,649,367
121000069,1080,1021,59
121000070,3011,1842,1169
121000071,2298,1995,303
121000072,2579,1087,1492
121000073,2298,1430,868
121000074,262,234,28
121000075,121,315,-194
121000076,1650,537,1113
121000077,207,221,-14
121000078,186,206,-20
121000080,3472,1093,2379
121000081,5720,4832,888
121000082,159,329,-170
121000083,333,184,149
121000084,249,245,4
121000085,311,666,-355
121000086,312,1189,-877
121000087,97,413,-316
121000088,596,994,-398
121000089,618,599,19
121000090,763,550,213
121000091,2141,1189,952
121000092,252,117,135
121000093,190,266,-76
121000094,639,1219,-580
121000095,578,873,-295
121000096,2617,3456,-839
121000097,1680,2701,-1021
121000098,1069,1820,-751
121000099,973,1357,-384
121000100,1414,928,486
121000101,609,444,165
121000102,517,522,-5
121000103,343,426,-83
121000104,391,281,110
121000105,561,400,161
121000106,479,668,-189
121000107,3413,4919,-1506
121000109,2074,1588,486
121000110,521,1280,-759
121000114,3594,2788,806
121000115,1282,1163,119
121000116,432,1326,-894
121000117,1182,289,893
121000118,2079,333,1746
121000119,488,624,-136
121000120,401,703,-302
121000121,916,1592,-676
121000123,2753,914,1839
121000126,178,502,-324
121000127,346,173,173
121000128,1669,800,869
121000129,1220,795,425
121000130,756,1477,-721
121000131,4004,2837,1167
121000132,2505,2359,146
121000135,748,1132,-384
121000136,2889,1100,1789
121000137,658,415,243
121000138,2421,1078,1343
121000139,1426,262,1164
121000141,373,285,88
121000142,1188,1227,-39
121000143,186,38,148
121000144,1368,1844,-476
121000145,1044,1770,-726
121000146,1899,1375,524
121000147,1496,825,671
121000148,1598,1647,-49
121000149,3381,2092,1289
121000152,770,1103,-333
121000153,2935,1185,1750
121000154,1357,1397,-40
121000155,1975,1718,257
121000156,676,1673,-997
121000157,1815,3339,-1524
121000158,498,980,-482
121000159,260,772,-512
121000160,415,796,-381
121000161,246,482,-236
121000162,96,377,-281
121000165,2451,2367,84
121000166,34,874,-840
121000168,798,391,407
121000169,110,259,-149
121000170,522,243,279
121000171,87,251,-164
121000172,1108,769,339
121000173,2446,1508,938
121000174,456,597,-141
121000175,1380,585,795
121000176,590,347,243
121000177,1670,1048,622
121000178,235,89,146
121000179,98,105,-7
121000181,557,681,-124
121000182,167,249,-82
121000183,111,138,-27
121000184,469,154,315
121000185,64,264,-200
121000186,293,756,-463
121000187,253,330,-77
121000188,278,360,-82
121000192,955,510,445
121000193,987,744,243
121000194,3497,3136,361
121000195,529,1248,-719
121000196,1383,361,1022
121000197,605,1111,-506
121000198,654,154,500
121000199,326,587,-261
121000200,1167,120,1047
121000201,10,292,-282
121000202,1605,183,1422
121000203,1382,3031,-1649
121000204,4290,1079,3211
121000205,438,419,19
121000206,332,65,267
121000207,3276,720,2556
121000208,22,667,-645
121000209,458,559,-101
121000210,725,802,-77
121000211,435,269,166
121000212,501,1224,-723
121000213,13303,4397,8906
121000214,1178,4471,-3293
121000215,1773,1293,480
121000216,865,1286,-421
121000217,8535,5423,3112
121000218,829,2438,-1609
121000219,3344,749,2595
121000220,454,84,370
121000221,261,412,-151
121000222,4098,3250,848
121000223,1250,447,803
121000224,478,225,253
121000225,4650,1802,2848
121000226,14075,2206,11869
121000227,22,235,-213
121000228,29,846,-817
121000229,406,516,-110
121000230,88,2090,-2002
121000231,1123,67,1056
121000232,464,520,-56
121000233,799,434,365
121000234,81,50,31
121000235,119,87,32
121000236,12,102,-90
121000237,64,12,52
121000238,4,143,-139
121000239,84,6,78
121000240,34,496,-462
121000241,166,17,149
121000242,85,307,-222
121000243,677,224,453
121000244,20,93,-73
121000245,155,30,125
121000246,11,153,-142
121000247,159,3,156
121000248,1827,856,971
121000249,222,421,-199
121000250,1156,227,929
121000251,46,704,-658
121000252,147,78,69
121000253,1036,626,410
121000254,1995,498,1497
121000255,896,230,666
121000256,1249,387,862
121000257,172,124,48
121000258,675,93,582
121000259,331,147,184
121000260,465,228,237
121000261,390,61,329
121000262,1477,1986,-509
121000263,728,650,78
121000271,408,2133,-1725
121000273,367,7,360
121000274,34,57,-23
121000275,6,29,-23
121000276,4,43,-39
121000278,287,71,216
121000279,133,29,104
121000280,342,57,285
121000289,374,44,330
121000290,1716,1077,639
121000294,193,309,-116
121000297,1344,2048,-704
121000299,933,425,508
121000300,876,943,-67
121000302,248,2663,-2415
121000303,914,947,-33
121000304,635,97,538
121000305,236,71,165
121000306,169,183,-14
121000308,245,667,-422
121000309,813,846,-33
121000310,202,520,-318
121000311,105,1294,-1189
121000312,509,359,150
121000313,554,861,-307
121000314,229,250,-21
121000315,84,233,-149
121000530,1764,2094,-330
121000531,2449,2163,286
121000532,9637,9352,285
121000533,3852,4712,-860
121000918,160,237,-77
121000919,91,81,10
121000938,426,765,-339
121000939,721,992,-271
121000956,1491,2307,-816
121000957,7,16,-9
121000958,344,60,284
121000959,1046,1264,-218
121000960,3077,3201,-124
121000961,416,213,203
121000962,452,1540,-1088
121000973,4,169,-165
121000976,51,333,-282
121000979,616,220,396
121000981,496,397,99
121000982,414,316,98
121000983,647,666,-19
121000984,87,78,9
121000985,927,1014,-87
121000986,940,442,498
121000987,352,1778,-1426
121000988,1018,252,766
121001302,496,181,315
121001308,13,28,-15
121001309,236,168,68
121001313,596,348,248
121001314,4316,5308,-992
121001315,6730,4372,2358
121900001,195,299,-104
121900002,194,23,171
121900003,611,56,555
121900004,206,593,-387
121900005,23,3,20
121900006,161,32,129
121900007,2767,3966,-1199
121900008,2017,399,1618
121900009,1084,30,1054
121900010,313,6,307
121900011,460,699,-239
121900012,52,2,50
121900013,2694,66,2628
121900014,2102,553,1549
121900015,253,270,-17
121900016,2,47,-45
121900017,947,945,2
121900018,528,15,513
121900019,626,388,238
121900020,61,7,54
121900021,833,13,820
121900022,324,355,-31
121900023,195,540,-345
121900024,572,139,433
121900025,891,582,309
121900026,537,55,482
121900027,667,236,431
121900028,410,39,371
121900029,257,234,23
121900030,988,1178,-190
121900031,1753,10514,-8761
121900032,174,140,34
121900033,234,228,6
121900034,582,125,457
121900035,3826,3535,291
121900036,136,438,-302
121900037,251,1010,-759
121900038,51,271,-220
121900039,621,67,554
121900040,106,138,-32
121900041,117,245,-128
121900042,504,171,333
121900043,43,11,32
121900044,338,71,267
121900046,503,456,47
121900047,269,95,174
121900048,64,231,-167
121900050,38,54,-16
121900051,230,300,-70
121900052,223,68,155
121900053,915,539,376
121900054,646,1423,-777
121900055,9,18,-9
121900058,319,305,14
121900059,661,305,356
121900060,234,562,-328
121900061,877,277,600
121900062,230,187,43
121900063,2267,413,1854
121900064,440,899,-459
121900066,122,53,69
121900067,108,81,27
121900069,232,173,59
121900070,456,162,294
121900071,338,399,-61
121900072,50,272,-222
121900073,526,330,196
121900074,1205,1309,-104
121900075,1292,534,758
121900076,1125,914,211
121900077,35,72,-37
121900078,166,83,83
121900079,1,0,1
121900080,1356,614,742
121900082,102,157,-55
121900084,27,273,-246
121900085,5,22,-17
121900086,21,71,-50
121900087,219,198,21
121900088,2862,4210,-1348
121900089,239,532,-293
121900090,58,147,-89
121900091,75,247,-172
121900092,165,145,20
121900093,75,94,-19
121900094,22,9,13
121900095,279,279,0
121900096,1925,1199,726
121900097,851,310,541
121900098,8,4,4
121900099,300,91,209
121900100,425,643,-218
121900101,306,218,88
121900102,11,204,-193
121900103,1262,362,900
121900104,1827,518,1309
121900105,372,332,40
121900106,12,11,1
121900107,90,75,15
121900108,12,42,-30
121900109,468,196,272
121900110,671,1524,-853
121900111,2295,195,2100
121900112,284,230,54
121900113,118,822,-704
121900114,83,163,-80
121900117,860,94,766
121900118,3523,904,2619
121900119,275,198,77
121900120,73,2480,-2407
121900121,828,76,752
121900122,25,125,-100
121900123,267,591,-324
121900124,153,196,-43
121900125,1614,1733,-119
121900127,14,154,-140
121900128,114,168,-54
121900129,936,215,721
121900130,167,338,-171
121900131,476,106,370
121900132,120,149,-29
121900133,105,610,-505
121900134,16,192,-176
121900135,3379,461,2918
121900136,621,629,-8
121900137,87,496,-409
121900138,225,388,-163
121900139,533,607,-74
121900140,159,316,-157
121900141,127,32,95
121900142,270,277,-7
121900143,37,349,-312
121900144,158,348,-190
121900145,404,497,-93
121900146,945,1234,-289
121900147,69,198,-129
121900148,349,424,-75
121900149,560,1057,-497
121900150,94,193,-99
121900151,113,318,-205
121900152,121,198,-77
121900153,157,943,-786
121900154,23,305,-282
121900155,2,157,-155
121900156,242,190,52
121900157,7,576,-569
121900158,119,148,-29
121900159,3,315,-312
121900160,44,438,-394
121900161,559,471,88
121900162,177,278,-101
121900163,351,940,-589
121900164,792,285,507
121900165,392,266,126
121900166,443,283,160
121900167,208,163,45
121900168,299,303,-4
121900169,6,413,-407
121900170,7,365,-358
121900171,1000,839,161
121900172,812,395,417
121900173,1374,356,1018
121900174,63,163,-100
121900175,422,241,181
121900176,985,2053,-1068
121900177,242,83,159
121900178,71,86,-15
121900179,575,262,313
121900180,6857,6113,744
121900182,1106,400,706
121900183,1089,1019,70
121900184,73,829,-756
121900186,21,539,-518
121900187,50,243,-193
121900188,812,797,15
121900189,57,191,-134
121900190,669,689,-20
121900191,137,331,-194
121900192,486,921,-435
121900193,135,310,-175
121900194,29,315,-286
121900195,117,149,-32
121900196,1435,1845,-410
121900197,636,2471,-1835
121900198,1451,1728,-277
121900199,9,24,-15
121900200,219,363,-144
121900201,2006,1140,866
121900202,218,882,-664
121900203,326,1519,-1193
121900204,1319,1785,-466
121900205,14,171,-157
121900206,16,21,-5
121900207,217,84,133
121900208,323,367,-44
121900209,85,56,29
121900210,2373,1606,767
121900211,29,115,-86
121900212,230,175,55
121900213,220,162,58
121900214,6,889,-883
121900215,102,136,-34
121900216,121,239,-118
121900217,313,202,111
121900218,295,664,-369
121900220,247,23,224
121900221,380,1213,-833
121900222,333,251,82
121900223,261,96,165
121900224,166,82,84
121900225,392,203,189
121900226,379,1038,-659
121900227,270,730,-460
121900228,316,556,-240
121900230,226,413,-187
121900231,666,2017,-1351
121900232,502,671,-169
121900233,365,301,64
121900234,548,567,-19
121900235,794,361,433
121900236,480,242,238
121900237,214,397,-183
121900238,206,548,-342
121900239,318,50,268
121900240,358,201,157
121900241,77,100,-23
121900242,8,2,6
121900243,20,0,20
121900244,35,9,26
121900245,260,108,152
121900246,2828,426,2402
121900247,497,396,101
121900248,1981,1649,332
121900250,291,462,-171
121900251,437,60,377
121900252,756,198,558
121900253,196,1111,-915
121900254,677,319,358
121900255,395,131,264
121900258,4589,3218,1371
121900259,630,1004,-374
121900260,168,311,-143
121900261,269,901,-632
121900262,555,1591,-1036
121900263,347,488,-141
121900264,3159,2468,691
121900265,428,417,11
121900266,599,302,297
121900267,121,54,67
121900269,317,951,-634
121900270,42,307,-265
121900271,84,282,-198
121900273,852,3038,-2186
121900274,437,349,88
121900277,694,1645,-951
121900278,321,1222,-901
121900279,253,256,-3
121900280,360,463,-103
121900281,1022,394,628
121900284,188,13,175
121900286,587,214,373
121900287,27,58,-31
121900288,20,4,16
121900290,333,448,-115
121900291,556,1016,-460
121900292,243,206,37
121900293,1185,3662,-2477
121900294,343,5,338
121900295,168,298,-130
121900296,196,264,-68
121900298,733,883,-150
121900299,0,1,-1
121900300,56,1,55
121900301,129,25,104
121900302,1,66,-65
121900303,791,670,121
121900304,2,15,-13
121900305,3,5,-2
121900306,81,0,81
121900307,31,29,2
121900308,45,447,-402
121900309,41,411,-370
121900310,41,625,-584
121900311,385,108,277
121900312,299,47,252
121900313,780,52,728
121900314,12,117,-105
121900315,11,0,11
121900316,0,15,-15
121900317,19,8,11
121900318,8,24,-16
121900319,40,414,-374
121900320,106,183,-77
121900321,15,0,15
121900322,0,48,-48
121900323,10,27,-17
121900324,12,94,-82
121900325,12,0,12
121900326,1,19,-18
121900327,14,99,-85
121900328,0,49,-49
121900329,4,330,-326
121900330,1,62,-61
121900331,137,68,69
121900332,151,45,106
121900333,46,3,43
122000001,3772,6329,-2557
122000002,7486,2496,4990
122000003,3465,3367,98
122000004,4988,2381,2607
122000005,3620,2227,1393
122000006,2692,982,1710
122000007,1780,2305,-525
122000008,6865,7319,-454
122000009,574,446,128
122000010,3014,4073,-1059
122000011,4488,1931,2557
122000012,1683,1667,16
122000013,3025,1555,1470
122000014,2215,2251,-36
122000015,1940,1607,333
122000016,791,1126,-335
122000017,1512,1348,164
122000018,2067,1621,446
122000019,1053,1759,-706
122000020,350,298,52
122000021,661,609,52
122000022,2081,1702,379
122000023,955,3346,-2391
122000024,1020,1453,-433
122000025,2691,2169,522
122000026,1616,1202,414
122000027,794,5029,-4235
122000028,1161,660,501
122000029,688,591,97
122000030,533,233,300
122000031,226,339,-113
122000032,2347,3951,-1604
122000033,1425,1435,-10
122000034,1339,944,395
122000035,494,1255,-761
122000036,767,833,-66
122000037,536,422,114
122000038,430,648,-218
122000039,1020,843,177
122000040,519,720,-201
122000041,808,856,-48
122000042,532,662,-130
122000043,189,162,27
122000044,174,235,-61
122000045,2280,635,1645
122000046,1037,1307,-270
122000047,364,300,64
122000048,5181,7398,-2217
122000049,9079,4179,4900
122000050,2335,994,1341
122000051,517,412,105
122000052,766,441,325
122000053,239,1053,-814
122000054,3542,2937,605
122000055,3340,4021,-681
122000056,7301,5466,1835
122000057,5279,4960,319
122000058,4488,1606,2882
122000059,4419,2108,2311
122000060,1341,894,447
122000061,786,635,151
122000062,1733,511,1222
122000063,2646,1078,1568
122000064,5148,3542,1606
122000065,7905,3654,4251
122000066,1792,1323,469
122000067,3300,1831,1469
122000068,2334,2212,122
122000069,1006,976,30
122000070,1110,4719,-3609
122000071,2084,2131,-47
122000072,437,505,-68
122000073,585,730,-145
122000074,3826,2196,1630
122000075,1075,2078,-1003
122000076,2812,1640,1172
122000077,2650,960,1690
122000078,3623,3017,606
122000079,3421,1683,1738
122000080,1781,583,1198
122000081,301,447,-146
122000082,1727,1114,613
122000083,2176,4202,-2026
122000084,1990,1361,629
122000085,424,2615,-2191
122000086,3839,7501,-3662
122000087,768,326,442
122000088,602,613,-11
122000089,9989,4449,5540
122000090,411,737,-326
122000091,544,106,438
122000092,350,24,326
122000093,2851,1725,1126
122000094,11557,3073,8484
122000095,5159,4854,305
122000096,3978,2986,992
122000098,5049,2580,2469
122000099,4894,918,3976
122000100,1715,982,733
122000101,394,1470,-1076
122000102,2639,1683,956
122000103,2888,2203,685
122000104,683,298,385
122000105,972,407,565
122000106,902,769,133
122000107,1385,692,693
122000108,670,1081,-411
122000109,509,589,-80
122000110,633,669,-36
122000111,3755,1846,1909
122000112,1257,2280,-1023
122000113,841,941,-100
122000114,6989,2194,4795
122000115,2303,2941,-638
122000116,864,823,41
122000117,2292,739,1553
122000118,775,1333,-558
122000119,6800,5000,1800
122000120,3859,10364,-6505
122000121,4358,5420,-1062
122000122,1280,2687,-1407
122000123,3149,3113,36
122000124,1442,1010,432
122000125,989,1114,-125
122000126,1003,2045,-1042
122000127,1822,2407,-585
122000128,801,1330,-529
122000129,684,2365,-1681
122000130,5715,2696,3019
122000131,2969,3428,-459
122000132,927,1145,-218
122000133,1548,2502,-954
122000134,1243,1240,3
122000135,1134,1151,-17
122000136,1567,1116,451
122000137,2282,1482,800
122000139,2236,4805,-2569
122000140,1803,825,978
122000141,6744,1626,5118
122000142,706,1358,-652
122000143,727,1386,-659
122000144,2763,3324,-561
122000145,2246,1603,643
122000146,949,2306,-1357
122000147,1264,770,494
122000148,3273,2493,780
122000149,3288,2335,953
122000150,1934,1670,264
122000151,401,633,-232
122000152,631,758,-127
122000153,552,665,-113
122000154,493,329,164
122000155,2580,4004,-1424
122000156,2950,2803,147
122000157,2357,2024,333
122000158,580,1225,-645
122000159,1520,3688,-2168
122000160,8024,5716,2308
122000161,2006,2098,-92
122000162,3509,2915,594
122000163,363,128,235
122000164,35,96,-61
122000165,1687,1084,603
122000166,2430,1639,791
122000167,326,303,23
122000168,267,735,-468
122000169,768,281,487
122000170,497,342,155
122000171,75,114,-39
122000172,2213,2080,133
122000173,2017,3146,-1129
122000174,4291,1142,3149
122000175,2262,508,1754
122000176,459,1044,-585
122000177,2680,1875,805
122000178,4482,4407,75
122000179,2525,3691,-1166
122000180,2383,2070,313
122000181,2478,4648,-2170
122000182,2390,2349,41
122000183,2487,1777,710
122000184,3236,2747,489
122000185,1677,1674,3
122000186,732,1020,-288
122000187,2961,1526,1435
122000188,615,345,270
122000189,340,449,-109
122000190,1820,1635,185
122000191,1759,1171,588
122000192,1886,531,1355
122000193,697,959,-262
122000194,1229,314,915
122000195,332,597,-265
122000196,1866,791,1075
122000197,743,894,-151
122000198,724,1168,-444
122000199,562,458,104
122000200,1940,1182,758
122000201,1885,1782,103
122000202,2033,1500,533
122000203,5750,2320,3430
122000204,2977,3069,-92
122000205,2436,2294,142
122000206,3317,1282,2035
122000207,2853,1801,1052
122000208,4079,1913,2166
122000209,3927,594,3333
122000210,3794,2516,1278
122000211,2535,1640,895
122000212,1264,884,380
122000213,1524,2174,-650
122000214,3214,2467,747
122000215,2794,2230,564
122000217,3443,2034,1409
122000218,1251,134,1117
122000219,1822,1296,526
122000220,554,1118,-564
122000221,154,686,-532
122000222,911,250,661
122000223,2462,719,1743
122000225,1485,460,1025
122000226,4081,2922,1159
122000227,599,4027,-3428
122000228,685,637,48
122000229,60,711,-651
122000230,145,865,-720
122000231,636,1227,-591
122000232,1010,1557,-547
122000233,2,151,-149
122000234,587,271,316
122000235,1751,284,1467
122000236,1523,289,1234
122000237,228,120,108
122000238,678,557,121
122000239,1127,234,893
122000240,1709,770,939
122000241,2213,669,1544
122000242,1306,220,1086
122000243,461,87,374
122000244,71,509,-438
122000245,112,218,-106
122000246,296,193,103
122000247,1061,728,333
122000248,1825,2523,-698
122000249,2366,1294,1072
122000250,3743,1753,1990
122000251,354,713,-359
122000252,818,234,584
122000253,46,392,-346
122000254,350,164,186
122000255,1262,2429,-1167
122000256,582,1621,-1039
122000257,261,489,-228
122000258,404,437,-33
122000259,27,774,-747
122000260,8,115,-107
122000261,12,307,-295
122000262,0,86,-86
122000263,356,156,200
122000264,1703,671,1032
122000265,4490,1290,3200
122000266,8709,948,7761
122000267,230,176,54
122000268,311,551,-240
122000269,1688,475,1213
122000270,1957,190,1767
122000271,512,1565,-1053
122000272,537,1546,-1009
122000273,590,634,-44
122000274,347,297,50
122000275,237,289,-52
122000276,1176,876,300
122000277,2395,2301,94
122000278,2941,1376,1565
122000279,329,742,-413
122000280,1742,1152,590
122000281,1504,1324,180
122000282,408,248,160
122000283,1274,145,1129
122000284,300,145,155
122000285,864,126,738
122000286,269,174,95
122000287,2513,1969,544
122000288,1367,349,1018
122000291,2515,1129,1386
122000293,559,441,118
122000294,210,337,-127
122000295,2200,305,1895
122000296,58,989,-931
122000297,4454,3906,548
122000299,539,705,-166
122000300,715,906,-191
122000301,18294,5024,13270
122000302,1544,2149,-605
122000303,5882,2033,3849
122000304,112,407,-295
122000305,1570,576,994
122000306,41,1300,-1259
122000307,393,184,209
122000309,289,91,198
122000310,92,108,-16
122000311,442,241,201
122000312,188,155,33
122000313,203,126,77
122000314,168,385,-217
122000315,468,58,410
122000316,896,299,597
122000317,1688,325,1363
122000318,423,1267,-844
122000319,365,775,-410
122000320,555,2735,-2180
122000321,179,347,-168
122000322,3528,3814,-286
122000323,2040,3045,-1005
122000324,1944,1625,319
122000325,1432,2228,-796
122000326,90,175,-85
122000327,1043,1767,-724
122000328,1664,1050,614
122000330,3541,1310,2231
122000332,487,560,-73
122000333,9,207,-198
122000337,1335,2171,-836
122000338,649,681,-32
122000340,626,472,154
122000342,3647,1463,2184
122000343,679,1917,-1238
122000344,126,35,91
122000345,296,76,220
122000346,491,664,-173
122000348,976,1203,-227
122000349,221,1158,-937
122000351,149,302,-153
122000352,573,260,313
122000353,126,137,-11
122000355,284,316,-32
122000356,2887,1457,1430
122000357,174,42,132
122000358,1,85,-84
122000359,0,59,-59
122000360,0,73,-73
122000362,12,116,-104
122000364,247,544,-297
122000365,3,52,-49
122000366,19,14,5
122000368,603,1033,-430
122000370,39,63,-24
122000371,53,1,52
122000372,31,0,31
122000381,79,544,-465
122000382,131,352,-221
122000384,5910,2559,3351
122000385,107,0,107
122000386,945,1975,-1030
122000387,1269,698,571
122000388,2682,1128,1554
122000389,259,825,-566
122000390,798,358,440
122000391,536,170,366
122000392,265,366,-101
122000393,475,256,219
122000394,807,547,260
122000395,260,297,-37
122000396,611,182,429
122000397,140,112,28
122000398,49,93,-44
122000399,219,99,120
122000400,248,645,-397
122000401,189,114,75
122000402,507,166,341
122000403,807,1491,-684
122000404,247,417,-170
122000408,1444,2183,-739
122000503,12,182,-170
122000524,266,138,128
122000544,155,5733,-5578
122000616,452,9,443
122000640,95,233,-138
122000641,179,500,-321
122000642,2436,1588,848
122000643,78,215,-137
122000644,253,33,220
122000645,154,422,-268
122000651,3240,1040,2200
122000664,197,70,127
122000665,1898,761,1137
122000666,777,1576,-799
122000673,42,472,-430
122000674,182,79,103
122000675,2465,1911,554
122000686,639,1796,-1157
122000687,2863,565,2298
122000688,366,1162,-796
122000689,1337,1086,251
122000690,2148,950,1198
122000691,726,3065,-2339
122000692,2188,624,1564
122000693,960,3129,-2169
122000695,373,770,-397
122000696,576,517,59
122000698,434,1301,-867
122000699,383,264,119
122000701,1904,556,1348
122000702,684,2076,-1392
122000703,232,104,128
122000717,259,108,151
122000718,515,1262,-747
122000719,174,110,64
122000720,446,487,-41
122000724,179,24,155
122900001,60,14,46
122900002,1950,6860,-4910
122900003,660,92,568
122900004,1239,80,1159
122900005,164,67,97
122900006,2255,494,1761
122900007,384,96,288
122900008,1306,95,1211
122900009,1175,601,574
122900010,354,237,117
122900012,344,438,-94
122900014,243,504,-261
122900015,3245,1215,2030
122900016,262,451,-189
122900017,578,1454,-876
122900018,336,24,312
122900019,22,261,-239
122900020,983,524,459
122900021,63,1444,-1381
122900022,1095,1168,-73
122900023,672,399,273
122900024,209,171,38
122900025,28,343,-315
122900026,169,508,-339
122900027,92,1140,-1048
122900028,196,277,-81
122900029,6581,4354,2227
122900030,1665,759,906
122900031,211,412,-201
122900032,154,526,-372
122900033,525,263,262
122900034,6034,8557,-2523
122900035,100,42,58
122900036,85,243,-158
122900037,873,217,656
122900038,235,4847,-4612
122900039,192,949,-757
122900040,526,503,23
122900041,516,362,154
122900042,271,390,-119
122900043,832,254,578
122900044,180,532,-352
122900045,162,157,5
122900046,630,210,420
122900047,380,286,94
122900048,62,502,-440
122900049,2251,221,2030
122900051,153,165,-12
122900052,111,212,-101
122900053,36,45,-9
122900055,729,207,522
122900057,558,100,458
122900061,675,297,378
122900062,640,1066,-426
122900063,310,501,-191
122900064,2316,693,1623
122900065,841,276,565
122900066,911,500,411
122900067,2096,1232,864
122900068,233,490,-257
122900069,653,3258,-2605
122900070,601,67,534
122900071,160,682,-522
122900072,17,911,-894
122900073,47,408,-361
122900074,1093,1178,-85
122900075,4,117,-113
122900076,14,287,-273
122900077,0,221,-221
122900078,265,186,79
122900080,80,29,51
122900081,407,256,151
122900082,1087,430,657
122900083,249,326,-77
122900084,27,436,-409
122900086,11,130,-119
122900087,634,671,-37
122900088,93,142,-49
122900089,289,254,35
122900090,24,827,-803
122900091,297,1,296
122900092,0,327,-327
122900093,5,471,-466
122900094,8,337,-329
122900095,300,11,289
122900096,409,337,72
122900097,70,44,26
122900098,206,206,0
122900099,92,17,75
122900100,1372,409,963
122900101,1119,443,676
122900102,39,20,19
122900103,136,12,124
122900104,176,20,156
122900105,16,7,9
122900106,6,157,-151
122900107,6,364,-358
122900108,15,402,-387
123000001,2734,584,2150
123000002,7453,5892,1561
123000003,5485,5438,47
123000004,4480,6344,-1864
123000005,3796,4276,-480
123000006,3863,4214,-351
123000007,5644,4024,1620
123000008,4046,5614,-1568
123000009,6574,4789,1785
123000010,4984,5193,-209
123000011,5053,1367,3686
123000012,1311,3412,-2101
123000013,5114,1441,3673
123000014,1724,4996,-3272
123000015,7207,1748,5459
123000016,8963,6245,2718
123000017,4590,2542,2048
123000018,121,199,-78
123000019,357,439,-82
123000020,221,202,19
123000021,150,564,-414
123000022,506,4101,-3595
123000023,2169,2052,117
123000024,2095,806,1289
123000025,208,349,-141
123000026,43,90,-47
123000027,1284,610,674
123000028,3007,313,2694
123000029,2980,802,2178
123000030,601,595,6
123000031,233,562,-329
123000032,380,378,2
123000033,417,80,337
123000034,1726,1518,208
123000035,455,722,-267
123000036,400,1660,-1260
123000037,350,462,-112
123000038,204,271,-67
123000039,559,1758,-1199
123000040,1228,455,773
123000041,1987,1523,464
123000042,1510,796,714
123000043,5377,10725,-5348
123000044,7438,3368,4070
123000045,13855,4001,9854
123000046,1216,2017,-801
123000047,3551,1802,1749
123000048,89,847,-758
123000049,11062,12161,-1099
123000050,1725,2358,-633
123000051,204,325,-121
123000052,1208,4855,-3647
123000053,4262,4785,-523
123000054,2278,2717,-439
123000055,3291,3910,-619
123000056,2112,2908,-796
123000057,23060,9405,13655
123000058,990,1257,-267
123000059,695,897,-202
123000060,1096,509,587
123000061,370,1122,-752
123000063,1279,1352,-73
123000064,1531,452,1079
123000065,10845,5617,5228
123000066,1276,1152,124
123000067,1580,1211,369
123000068,4692,4527,165
123000069,9639,5110,4529
123000070,370,1296,-926
123000071,1371,1631,-260
123000072,1568,1827,-259
123000073,1580,1200,380
123000074,1454,2327,-873
123000075,552,1723,-1171
123000076,864,1219,-355
123000077,2798,4581,-1783
123000078,2248,2372,-124
123000079,1925,2897,-972
123000080,3304,3030,274
123000081,249,790,-541
123000082,595,1561,-966
123000083,1403,308,1095
123000084,711,1059,-348
123000085,351,161,190
123000086,557,389,168
123000087,571,589,-18
123000088,1790,1462,328
123000089,659,1775,-1116
123000090,1512,1477,35
123000091,2244,2437,-193
123000092,1372,1663,-291
123000094,772,406,366
123000095,799,977,-178
123000096,903,596,307
123000097,770,1333,-563
123000098,1088,877,211
123000099,897,1161,-264
123000100,874,975,-101
123000101,879,856,23
123000102,811,990,-179
123000104,585,648,-63
123000105,914,632,282
123000106,699,660,39
123000107,524,776,-252
123000108,1051,1950,-899
123000111,1052,530,522
123000112,1466,955,511
123000113,816,2419,-1603
123000114,640,852,-212
123000115,365,493,-128
123000116,49,288,-239
123000117,2326,3252,-926
123000118,737,1473,-736
123000119,469,1434,-965
123000120,658,1355,-697
123000121,597,824,-227
123000122,532,282,250
123000123,630,880,-250
123000124,684,626,58
123000125,1652,1539,113
123000126,2463,4725,-2262
123000127,1326,934,392
123000128,530,507,23
123000129,847,344,503
123000130,614,137,477
123000131,1096,1007,89
123000132,620,1132,-512
123000133,422,650,-228
123000134,725,346,379
123000135,2810,2045,765
123000136,394,1462,-1068
123000137,162,593,-431
123000138,155,677,-522
123000139,534,227,307
123000140,170,1266,-1096
123000141,1189,275,914
123000142,1584,1463,121
123000143,2251,3199,-948
123000144,88,52,36
123000145,420,276,144
123000146,101,159,-58
123000147,207,199,8
123000149,785,759,26
123000150,441,398,43
123000151,560,624,-64
123000152,218,548,-330
123000153,356,1080,-724
123000154,3046,3033,13
123000155,3883,1467,2416
123000156,99,278,-179
123000157,895,1298,-403
123000158,792,1256,-464
123000159,5150,3523,1627
123000160,1387,1059,328
123000161,2618,1916,702
123000162,1307,2493,-1186
123000163,782,214,568
123000164,2155,522,1633
123000165,567,2763,-2196
123000166,50,308,-258
123000167,167,523,-356
123000168,422,395,27
123000169,964,216,748
123000170,102,409,-307
123000171,838,40,798
123000172,335,921,-586
123000173,828,399,429
123000174,1306,540,766
123000175,1121,2014,-893
123000176,1505,364,1141
123000177,456,1590,-1134
123000178,1233,237,996
123000179,78,968,-890
123000180,2237,560,1677
123000181,520,2050,-1530
123000182,372,633,-261
123000183,270,681,-411
123000184,192,1113,-921
123000185,964,744,220
123000186,9,943,-934
123000187,664,20,644
123000188,346,4,342
123000189,237,240,-3
123000190,78,100,-22
123000192,47,669,-622
123000193,91,1178,-1087
123000194,657,451,206
123000195,368,50,318
123000196,426,107,319
123000197,88,251,-163
123000198,263,417,-154
123000199,14,1031,-1017
123000200,788,17,771
123000201,1189,73,1116
123000202,31,1993,-1962
123000203,1199,160,1039
123000204,151,1660,-1509
123000205,792,2865,-2073
123000206,2502,371,2131
123000207,123,1344,-1221
123000208,988,258,730
123000209,2753,814,1939
123000210,779,2863,-2084
123000211,883,4124,-3241
123000212,4202,670,3532
123000213,883,100,783
123000215,339,382,-43
123000216,463,2244,-1781
123000217,280,63,217
123000218,191,849,-658
123000219,1785,323,1462
123000220,751,142,609
123000221,343,222,121
123000222,610,940,-330
123000223,323,661,-338
123000224,537,842,-305
123000225,505,179,326
123000226,101,619,-518
123000227,216,515,-299
123000228,312,109,203
123000229,1554,2541,-987
123000232,147,941,-794
123000233,922,317,605
123000234,287,1040,-753
123000235,1249,545,704
123000236,348,1323,-975
123000237,416,122,294
123000238,148,867,-719
123000239,727,2546,-1819
123000240,91,624,-533
123000241,1046,190,856
123000242,252,364,-112
123000243,1015,1309,-294
123000244,1362,1036,326
123000245,118,262,-144
123000249,812,1269,-457
123000252,1339,389,950
123000253,1348,705,643
123000254,817,1628,-811
123000255,1465,1304,161
123000256,38,387,-349
123000257,4980,3395,1585
123000258,1530,1623,-93
123000259,393,573,-180
123000260,522,830,-308
123000261,275,443,-168
123000262,128,335,-207
123000263,461,152,309
123000264,280,108,172
123000265,79,249,-170
123000266,698,1147,-449
123000267,795,489,306
123000268,51,122,-71
123000269,54,80,-26
123000270,30,72,-42
123000271,187,119,68
123000272,1061,383,678
123000273,325,858,-533
123000274,1782,869,913
123000275,508,1429,-921
123000278,4628,3970,658
123000279,141,221,-80
123000280,549,521,28
123000281,421,139,282
123000282,205,392,-187
123000283,139,106,33
123000284,88,205,-117
123000286,393,471,-78
123000287,744,414,330
123000288,1760,1142,618
123000289,631,1774,-1143
123000291,420,1128,-708
123000294,184,305,-121
123000295,1195,1398,-203
123000296,801,594,207
123000297,726,1197,-471
123000298,928,861,67
123000299,73,308,-235
123000300,1157,1370,-213
123000301,222,368,-146
123000302,100,310,-210
123000303,343,120,223
123000305,1502,1265,237
123000306,209,315,-106
123000309,68,101,-33
123000310,100,50,50
123000311,0,151,-151
123000312,1182,1349,-167
123000313,636,724,-88
123000315,110,537,-427
123000316,2919,232,2687
123000317,316,104,212
123000318,106,382,-276
123000329,45,11,34
123000337,1052,339,713
123000338,1597,79,1518
123000339,230,258,-28
123000340,363,708,-345
123000342,19,7,12
123000343,95,7,88
123000344,1749,830,919
123000345,426,1006,-580
123000346,417,113,304
123000352,2653,1129,1524
123000353,20,150,-130
123000354,826,3,823
123000355,1,785,-784
123000356,555,14,541
123000357,4,367,-363
123000359,5,263,-258
123000360,391,227,164
123000361,730,496,234
123000362,480,235,245
123000363,146,307,-161
123000364,777,746,31
123000365,35,522,-487
123000366,556,2741,-2185
123000367,410,1819,-1409
123000370,94,429,-335
123000371,898,72,826
123000372,535,38,497
123000373,21,772,-751
123000374,37,337,-300
123000375,468,81,387
123000376,1223,789,434
123000377,663,45,618
123000378,11,452,-441
123000379,10,387,-377
123000380,89,540,-451
123000381,221,63,158
123000382,2001,236,1765
123000383,418,1831,-1413
123000384,646,116,530
123000385,552,902,-350
123000436,98,1832,-1734
123000507,256,566,-310
123000508,359,1329,-970
123000517,401,52,349
123000518,27,403,-376
123000519,199,115,84
123000520,69,327,-258
123000521,441,174,267
123000522,196,577,-381
123000541,9,3,6
123000542,0,45,-45
123000565,892,72,820
123000566,240,1051,-811
123000567,149,380,-231
123000573,81,1280,-1199
123000574,982,125,857
123000575,1670,1891,-221
123000576,1180,2926,-1746
123000577,153,1259,-1106
123000578,1032,128,904
123000579,5372,7482,-2110
123000580,131,67,64
123000582,617,49,568
123000583,53,673,-620
123000584,375,398,-23
123000585,0,263,-263
123000586,173,0,173
123000596,95,208,-113
123000597,116,221,-105
123000602,39,12,27
123000603,818,1169,-351
123000604,710,1495,-785
123000605,1593,195,1398
123000606,1,672,-671
123000609,38,573,-535
123000610,282,229,53
123000613,65,250,-185
123000614,267,109,158
123000615,33,218,-185
123000616,866,110,756
123000617,173,910,-737
123000618,156,1041,-885
123000619,1043,91,952
123000620,32,886,-854
123000622,543,48,495
123000624,171,72,99
123000630,1089,730,359
123000631,436,2488,-2052
123000632,1311,1458,-147
123000633,2,344,-342
123000634,120,163,-43
123000635,284,156,128
123000636,202,1171,-969
123000637,198,256,-58
123000638,905,138,767
123000639,1661,5184,-3523
123000640,14,1234,-1220
123000648,28,19,9
123000649,1,99,-98
123900001,1903,86,1817
123900002,37,2454,-2417
123900003,577,940,-363
123900005,368,225,143
123900006,491,62,429
124000001,2990,253,2737
124000002,170,2618,-2448
124000003,1067,202,865
124000004,99,975,-876
124000005,1404,877,527
124000006,382,1818,-1436
124000007,1003,261,742
124000008,39,1462,-1423
124000009,800,484,316
124000010,196,1055,-859
124000011,2042,550,1492
124000012,983,1001,-18
124000017,214,225,-11
124000018,132,138,-6
124000019,192,186,6
124000020,72,249,-177
124000021,191,109,82
124000022,123,373,-250
124000023,2292,2053,239
124000024,1484,812,672
124000025,2111,2421,-310
124000026,1624,1582,42
124000027,6763,6725,38
124000028,3470,6443,-2973
124000030,4698,1996,2702
124000031,1990,4955,-2965
124000032,5399,1306,4093
124000033,584,1412,-828
124000034,2739,952,1787
124000035,230,332,-102
124000036,189,396,-207
124000037,1317,1422,-105
124000038,78,147,-69
124000039,1700,677,1023
124000040,824,1390,-566
124000041,527,191,336
124000042,130,632,-502
124000043,361,217,144
124000044,114,387,-273
124000045,1086,1046,40
124000046,417,1268,-851
124000047,1778,1508,270
124000048,1194,2396,-1202
124000049,2209,1121,1088
124000050,1203,3047,-1844
124000051,1013,1135,-122
124000052,1025,1743,-718
124000053,850,2074,-1224
124000054,1228,1180,48
124000055,1679,3453,-1774
124000056,4582,2581,2001
124000057,1161,772,389
124000058,681,2036,-1355
124000059,789,1513,-724
124000060,1938,1295,643
124000061,2305,6048,-3743
124000062,6841,2584,4257
124000063,2145,2501,-356
124000064,3858,2296,1562
124000065,91,481,-390
124000066,552,242,310
124000067,221,334,-113
124000068,83,120,-37
124000069,714,278,436
124000070,340,525,-185
124000071,457,147,310
124000072,257,697,-440
124000073,1290,261,1029
124000074,365,1232,-867
124000075,360,45,315
124000076,20,333,-313
124000077,2680,1029,1651
124000078,4605,1644,2961
124000079,678,1801,-1123
124000080,808,245,563
124000081,258,996,-738
124000082,98,219,-121
124000083,119,186,-67
124000084,106,692,-586
124000085,198,99,99
124000086,114,182,-68
124000087,454,116,338
124000088,362,495,-133
124000089,1361,560,801
124000090,128,516,-388
124000091,664,225,439
124000092,152,1110,-958
124000093,143,178,-35
124000094,189,834,-645
124000095,85,180,-95
124000096,217,482,-265
124000097,126,275,-149
124000098,83,190,-107
124000099,296,196,100
124000100,103,175,-72
124000101,122,133,-11
124000102,151,133,18
124000103,91,158,-67
124000104,191,101,90
124000105,86,135,-49
124000106,194,116,78
124000107,31,250,-219
124000108,71,55,16
124000109,134,191,-57
124000110,288,164,124
124000111,300,273,27
124000112,794,1073,-279
124000113,105,150,-45
124000114,444,729,-285
124000115,680,1032,-352
124000116,190,250,-60
124000117,96,136,-40
124000118,58,129,-71
124000119,1712,1055,657
124000120,1071,782,289
124000121,2132,1029,1103
124000122,881,2069,-1188
124000123,1543,898,645
124000124,681,1757,-1076
124000125,565,824,-259
124000126,443,1013,-570
124000127,1205,705,500
124000128,924,1630,-706
124000129,2718,2044,674
124000130,1062,1003,59
124000131,1457,711,746
124000132,1398,1225,173
124000133,1199,1387,-188
124000134,1268,1070,198
124000135,2375,2588,-213
124000136,1397,1622,-225
124000137,2010,1069,941
124000138,2832,1894,938
124000139,1559,42,1517
124000140,61,757,-696
124000141,734,19,715
124000142,14,263,-249
124000143,82,43,39
124000144,10,101,-91
124000145,316,68,248
124000146,122,157,-35
124000148,58,158,-100
124000149,1880,713,1167
124000150,467,851,-384
124000151,1196,634,562
124000152,1139,1998,-859
124000153,979,1050,-71
124000154,476,1274,-798
124000155,1950,1451,499
124000156,2489,1463,1026
124000169,243,773,-530
124000170,1120,687,433
124000171,448,336,112
124000172,618,883,-265
124000173,678,327,351
124000174,686,1114,-428
124000175,41,207,-166
124000176,102,17,85
124000177,16,64,-48
124000178,59,63,-4
124000190,220,74,146
124000191,586,171,415
124000192,5019,595,4424
124000193,1484,1549,-65
124000194,576,808,-232
124000195,368,816,-448
124000196,1633,1688,-55
124000197,137,96,41
124000198,57,56,1
124000201,615,1437,-822
124000202,809,463,346
124000203,520,1174,-654
124000204,979,734,245
124000205,117,788,-671
124000206,779,677,102
124000207,0,58,-58
124000209,399,908,-509
124000210,559,326,233
124000211,698,6,692
124000212,3,751,-748
124000213,488,498,-10
124000214,359,1083,-724
124000215,1101,31,1070
124000216,4,681,-677
124000329,219,3053,-2834
124000338,186,1545,-1359
124000339,1156,308,848
124000341,1606,170,1436
124000344,34,3,31
124000357,1576,3500,-1924
124000358,932,2326,-1394
124000359,1325,862,463
124000360,890,720,170
124000361,3360,1010,2350
124000362,2364,2904,-540
124000363,411,505,-94
124000364,859,1190,-331
124000365,866,1545,-679
124000366,2488,1317,1171
124000367,271,941,-670
124000368,735,680,55
124000369,291,235,56
124000370,159,1044,-885
124000402,85,19,66
124000403,180,24,156
124000404,13,233,-220
124000405,1481,1338,143
124000406,1148,1538,-390
124000407,7,44,-37
124000411,14,679,-665
124000412,572,24,548
124000413,1140,58,1082
124000414,102,256,-154
124000415,78,214,-136
124000416,252,433,-181
124000417,217,211,6
124000418,190,219,-29
124000419,98,250,-152
124000420,126,219,-93
124000421,73,338,-265
124000422,29,16,13
124000423,189,44,145
124000424,7,142,-135
124000425,54,189,-135
124000426,14,73,-59
124000427,48,23,25
124000428,49,53,-4
124000429,84,74,10
124000430,996,878,118
124000431,530,903,-373
124000432,358,1785,-1427
124000439,4,12,-8
124000443,0,10,-10
124000445,619,1550,-931
124000446,2828,145,2683
124900001,591,511,80
124900002,247,643,-396
124900003,1135,1003,132
124900004,659,580,79
124900005,458,333,125
124900006,791,524,267
124900008,1988,888,1100
124900009,243,462,-219
124900010,238,140,98
124900011,732,398,334
124900012,626,234,392
124900013,792,216,576
124900014,444,101,343
124900015,251,506,-255
124900016,72,174,-102
124900017,1023,2164,-1141
124900018,74,22,52
124900020,107,101,6
124900021,280,84,196
124900022,288,27,261
124900024,398,89,309
124900026,685,27,658
124900027,152,491,-339
124900028,800,196,604
124900029,15,572,-557
124900030,10,225,-215
124900031,74,593,-519
124900032,308,361,-53
124900033,178,563,-385
124900034,129,375,-246
124900035,265,737,-472
124900036,1,68,-67
124900037,259,606,-347
124900038,542,577,-35
124900039,0,40,-40
124900040,241,120,121
124900041,452,1631,-1179
124900042,392,2,390
124900043,596,1494,-898
124900044,87,4,83
124900045,1115,1595,-480
124900046,1632,390,1242
124900047,215,325,-110
124900048,221,204,17
124900050,208,398,-190
124900052,138,618,-480
124900053,159,572,-413
124900054,3327,657,2670
124900055,2,247,-245
124900057,11,92,-81
124900060,180,420,-240
124900061,105,11,94
124900062,185,35,150
124900066,0,15,-15
124900067,6,285,-279
124900068,241,729,-488
124900070,119,28,91
124900072,185,73,112
124900074,200,118,82
124900075,248,298,-50
124900076,38,1294,-1256
124900077,40,221,-181
124900078,98,38,60
124900079,1002,412,590
124900080,453,925,-472
124900081,1162,435,727
124900082,417,1214,-797
124900083,319,726,-407
124900084,3417,214,3203
124900085,1600,563,1037
124900086,188,1612,-1424
124900087,968,129,839
124900088,1039,189,850
124900089,1753,71,1682
124900090,381,338,43
124900091,511,638,-127
124900092,417,498,-81
124900093,417,302,115
124900094,415,399,16
124900095,122,629,-507
124900096,815,368,447
124900097,405,108,297
124900098,206,624,-418
124900099,971,839,132
124900100,357,134,223
124900101,101,438,-337
124900102,294,92,202
124900103,221,376,-155
124900104,113,239,-126
124900105,151,236,-85
124900106,504,76,428
124900107,181,26,155
124900108,280,127,153
124900109,29,62,-33
124900110,151,142,9
124900111,5,111,-106
124900112,81,899,-818
124900113,149,339,-190
124900114,293,145,148
124900115,164,49,115
124900116,244,240,4
124900117,839,200,639
124900118,420,424,-4
124900119,465,238,227
124900120,86,577,-491
124900121,209,438,-229
124900122,628,341,287
124900123,509,206,303
124900124,181,407,-226
129000186,463,87,376
204000001,206,15,191
204000002,50,7,43
204000003,96,9,87
204000004,54,1,53
204000005,947,732,215
204000006,1794,2350,-556
204000011,10,102,-92
204000012,106,151,-45
204000019,820,858,-38
204000020,1173,884,289
204000021,3395,1105,2290
204000022,722,711,11
204000023,745,1354,-609
204000031,121,41,80
204000032,922,87,835
204000034,28,324,-296
204000035,1,8,-7
204000036,39,34,5
204000037,1,29,-28
204000038,2,22,-20
204000039,20,55,-35
204000040,10,30,-20
204000041,35,43,-8
204000042,149,30,119
204000043,35,8,27
204000044,82,4,78
204000045,142,3,139
204000046,64,2,62
204000057,4,41,-37
204000062,35,69,-34
204000068,90,392,-302
204000069,68,464,-396
204000070,144,286,-142
204000080,98,113,-15
204000085,2566,2542,24
204000086,3619,3367,252
204000087,67,24,43
204000088,6,145,-139
204000090,47,454,-407
204000093,400,106,294
204000096,1214,1554,-340
204000097,536,26,510
204000099,1437,2231,-794
204000100,1504,2769,-1265
204000105,2756,2278,478
204000110,1826,2221,-395
204000111,664,1086,-422
204000112,2160,1127,1033
204000113,714,1147,-433
204000114,1265,1192,73
204000115,1008,445,563
204000116,4076,796,3280
204000119,2459,3951,-1492
204000132,1046,679,367
204000133,927,623,304
204000134,872,357,515
204000135,896,254,642
204000136,836,415,421
204000138,466,1359,-893
204000140,272,226,46
204000141,239,123,116
204000144,13,37,-24
204000145,656,70,586
204000146,25,515,-490
204000147,25,229,-204
204000148,964,52,912
204000154,23,4,19
204000155,13,4,9
204000177,110,111,-1
204000179,21,16,5
204000180,0,40,-40
204000222,97,16,81
204000235,25,23,2
204000236,124,430,-306
204000238,53,56,-3
204000240,558,127,431
204000263,776,1649,-873
204000268,1770,1087,683
204000308,329,41,288
204000317,21,152,-131
204000322,12,47,-35
204000323,28,27,1
204000328,368,111,257
204000329,55,250,-195
204000330,326,54,272
204000331,95,157,-62
204010341,22,415,-393
205000001,1560,2527,-967
205000013,14,103,-89
205000014,39,141,-102
205000015,36,318,-282
205000016,22,223,-201
205000017,32,142,-110
205000022,375,1067,-692
205000025,1581,1499,82
205000029,301,13,288
205000045,275,370,-95
205000046,190,666,-476
205000047,139,735,-596
205000048,345,1650,-1305
205000049,218,1190,-972
205000050,1243,463,780
205000059,1,379,-378
205000060,0,111,-111
205000061,3,58,-55
205000062,17,58,-41
205000063,32,147,-115
205000064,24,180,-156
205000065,76,719,-643
205000066,127,1098,-971
205000067,82,1254,-1172
205000069,276,27,249
205000082,247,375,-128
205000110,78,308,-230
205000111,226,363,-137
205000112,311,376,-65
205000113,253,497,-244
205000121,334,187,147
205000123,88,346,-258
205000126,586,251,335
205000127,786,439,347
205000128,831,283,548
205000129,901,308,593
205000130,1212,147,1065
205000131,1310,47,1263
205000132,1082,7,1075
205000133,1364,2,1362
205000134,581,3,578
205000137,116,182,-66
205000138,284,446,-162
205000139,65,149,-84
205000144,269,107,162
205000145,790,290,500
205000151,327,112,215
205000152,368,77,291
205000153,263,101,162
205000154,171,157,14
205000155,155,41,114
205000207,19,270,-251
205000233,79,3,76
205000234,0,1,-1
205000243,0,0,0
205000244,0,9,-9
205000245,13,352,-339
205000249,1,46,-45
205000250,14,1,13
205000264,8,110,-102
206000027,12,3,9
206000028,14,1,13
206000043,42,138,-96
206000053,13,9,4
206000054,2,42,-40
206000055,4,67,-63
206000075,11,19,-8
206000076,45,11,34
206000077,26,5,21
206000078,11,5,6
206000079,24,7,17
206000082,763,42,721
206000100,60,945,-885
206000103,3,40,-37
206000104,29,47,-18
206000105,10,27,-17
206000106,8,56,-48
206000108,692,54,638
206000125,79,0,79
206000157,77,926,-849
206000170,2,318,-316
206000171,4,270,-266
206000172,8,971,-963
206000173,2,340,-338
206000174,20,121,-101
206000175,6,202,-196
206000176,16,380,-364
206000177,2,256,-254
206000178,3,198,-195
206000179,21,155,-134
206000180,30,222,-192
206000181,68,360,-292
206000182,14,265,-251
206000183,45,976,-931
206000184,8,584,-576
206000185,10,315,-305
206000186,183,1706,-1523
206000223,5,285,-280
206000226,24,4,20
206000227,28,1,27
206000237,41,502,-461
206000238,67,803,-736
206000239,503,2917,-2414
206000240,9,68,-59
206000241,1,126,-125
206000242,5,417,-412
206000243,1,368,-367
206000244,103,1066,-963
206000245,754,99,655
206000246,183,20,163
206000247,217,14,203
206000248,368,17,351
206000252,126,28,98
206000258,43,73,-30
206000315,47,5,42
206000317,874,114,760
206000318,399,89,310
206000319,1347,130,1217
206000320,172,57,115
206000321,204,35,169
206000322,584,25,559
206000323,189,9,180
206000324,205,4,201
206000325,248,18,230
206000326,214,15,199
206000327,522,15,507
206000328,154,4,150
206000329,306,12,294
206000330,47,12,35
206000331,167,0,167
206000332,47,7,40
206000333,550,5,545
206000334,213,0,213
206000335,0,27,-27
206000361,4,304,-300
206000392,0,33,-33
206000405,199,0,199
206000441,61,37,24
206000498,43,2,41
206000515,135,31,104
206000530,254,78,176
206000531,229,271,-42
206000532,2776,307,2469
206000535,346,2713,-2367
206000536,12,284,-272
206000537,35,258,-223
206000613,1843,255,1588
207000001,259,759,-500
207000002,174,420,-246
207000003,207,318,-111
207000007,998,471,527
207000008,73,15,58
207000009,57,53,4
207000010,680,647,33
207000012,383,639,-256
207000015,483,1849,-1366
207000019,311,114,197
207000021,953,229,724
207000022,198,128,70
207000023,328,48,280
207000024,2,18,-16
207000025,29,101,-72
207000026,224,82,142
207000027,59,132,-73
207000028,103,357,-254
207000029,603,695,-92
207000033,317,457,-140
207000034,384,91,293
207000039,422,299,123
207000040,292,174,118
207000041,637,82,555
207000042,516,98,418
207000043,397,312,85
207000051,299,433,-134
207000052,482,303,179
207000053,651,1011,-360
207000054,55,232,-177
207000055,245,250,-5
207000056,593,579,14
207000057,257,389,-132
207000058,430,510,-80
207000059,155,993,-838
207000060,91,385,-294
207000061,363,566,-203
207000062,334,66,268
207000063,391,127,264
207000064,749,209,540
207000065,464,368,96
207000066,232,285,-53
207000067,75,179,-104
207000068,148,132,16
207000069,866,655,211
207000082,11,315,-304
207000083,125,463,-338
207000084,258,354,-96
207000085,189,28,161
207000086,161,6,155
207000106,61,51,10
207000107,117,25,92
207000108,90,22,68
207000109,82,19,63
207000110,119,126,-7
207000111,107,152,-45
207000112,352,819,-467
207000114,17,105,-88
207000115,35,174,-139
207000116,20,714,-694
207000117,24,263,-239
207000118,6,169,-163
207000119,53,175,-122
207000123,291,61,230
207000124,76,49,27
207000125,83,140,-57
207000126,105,135,-30
207000134,69,210,-141
207000135,24,328,-304
207000148,89,554,-465
207000149,121,97,24
207000152,241,582,-341
207000153,1608,1893,-285
207000154,715,230,485
207000159,144,284,-140
207000160,200,740,-540
207000238,0,211,-211
207000242,10,299,-289
207000248,60,62,-2
207000249,273,74,199
207000250,1535,118,1417
207000251,141,116,25
207000252,103,145,-42
207000278,117,166,-49
207000279,33,312,-279
207000280,636,119,517
207000281,162,1393,-1231
207000282,399,130,269
207000283,178,317,-139
207000284,107,247,-140
207000285,184,55,129
207000291,28,217,-189
207000304,152,59,93
207000306,116,609,-493
207000310,121,142,-21
207000353,333,6,327
207000356,25,61,-36
207000357,49,17,32
207000358,84,31,53
207000415,2,336,-334
207000417,52,5,47
207000418,193,206,-13
207000438,1,6,-5
207000439,1326,839,487
207000446,170,9,161
207000460,20,12,8
207000466,393,258,135
207000467,266,157,109
207000468,63,538,-475
207000476,8,115,-107
207000477,891,185,706
207000478,4,56,-52
207000523,0,13,-13
207000524,65,1,64
207000527,132,306,-174
207000530,408,7,401
207000531,469,15,454
207000532,211,53,158
207000534,769,95,674
207000535,65,594,-529
207000537,55,221,-166
207000540,24,336,-312
207000541,5,630,-625
207000548,19,442,-423
207000549,1119,23,1096
207000561,191,291,-100
207000562,66,394,-328
207000567,421,408,13
207000568,144,143,1
207000569,538,1277,-739
207000584,554,471,83
207000585,130,783,-653
207000616,0,259,-259
207000617,362,1,361
207900008,256,162,94
208000001,1016,1225,-209
208000002,1186,661,525
208000003,1707,680,1027
208000004,2437,992,1445
208000005,22,33,-11
208000019,924,1690,-766
208000020,270,758,-488
208000021,285,724,-439
208000022,1155,788,367
208000028,2819,1683,1136
208000033,577,898,-321
208000034,1601,2519,-918
208000037,612,35,577
208000040,277,283,-6
208000041,1490,905,585
208000042,2116,1069,1047
208000047,162,432,-270
208000064,4319,2358,1961
208000066,3017,2883,134
208000070,568,576,-8
208000071,459,1246,-787
208000072,479,1836,-1357
208000080,365,550,-185
208000081,427,221,206
208000082,573,480,93
208000083,208,523,-315
208000084,44,24,20
208000085,1925,1023,902
208000086,815,1362,-547
208000087,939,1069,-130
208000089,1216,768,448
208000090,1106,1296,-190
208000093,218,221,-3
208000094,865,746,119
208000095,1136,549,587
208000104,1431,1406,25
208000105,1367,1626,-259
208000114,190,415,-225
208000115,654,541,113
208000116,1032,1774,-742
208000117,202,222,-20
208000118,137,185,-48
208000155,1566,1252,314
208000158,2425,4274,-1849
208000186,5018,5209,-191
208000204,1009,1552,-543
208000205,1565,1857,-292
208000282,7166,3364,3802
209000004,562,286,276
209000005,67,62,5
209000006,645,212,433
209000007,570,375,195
209000010,816,252,564
209000011,323,403,-80
209000012,481,352,129
209000013,440,706,-266
209000014,804,1905,-1101
209000025,497,79,418
209000026,884,261,623
209000027,697,1529,-832
209000028,658,1457,-799
209000029,1223,1409,-186
209000030,843,2667,-1824
209000031,5494,4308,1186
209000034,276,330,-54
209000035,143,242,-99
209000036,209,207,2
209000037,368,414,-46
209000038,140,268,-128
209000039,132,201,-69
209000040,337,789,-452
209000041,245,703,-458
209000042,350,635,-285
209000043,1156,1213,-57
209000044,297,1136,-839
209000045,1887,774,1113
209000046,615,874,-259
209000047,671,372,299
209000048,832,456,376
209000049,163,182,-19
209000050,354,293,61
209000051,545,536,9
209000052,233,451,-218
209000062,77,210,-133
209000063,58,159,-101
209000064,103,202,-99
209000065,112,57,55
209000066,109,56,53
209000067,123,68,55
209000080,44,347,-303
209000082,107,49,58
209000091,60,197,-137
209000093,69,42,27
209000094,297,305,-8
209000110,52,167,-115
209000111,544,2149,-1605
209000112,1187,912,275
209000113,2700,767,1933
209000114,719,579,140
209000115,111,229,-118
209000116,1107,832,275
209000118,110,93,17
209000119,117,16,101
209000121,243,867,-624
209000135,122,270,-148
209000142,971,2114,-1143
209000143,262,177,85
209000144,196,129,67
209000229,329,314,15
209000240,63,596,-533
209000259,97,184,-87
209000260,65,1526,-1461
209000261,8,819,-811
209000262,5,714,-709
209000263,1,262,-261
209000264,0,160,-160
209000265,715,2,713
209000266,163,1,162
209000267,1137,17,1120
209000268,1512,71,1441
210000037,102,27,75
210000047,127,54,73
210000048,134,56,78
210000049,91,54,37
210000052,56,137,-81
210000053,33,68,-35
210000054,94,115,-21
210000070,292,7,285
210000071,262,1,261
210000072,223,0,223
210000073,1,45,-44
210000074,0,140,-140
210000075,2,72,-70
210000076,12,209,-197
210000077,118,60,58
210000078,38,52,-14
210000079,147,25,122
210000080,320,87,233
210000081,225,30,195
210000082,271,4,267
210000083,134,3,131
210000084,70,1,69
210000085,1,70,-69
210000086,6,155,-149
210000099,71,323,-252
210000100,56,261,-205
210000101,94,287,-193
210000105,48,357,-309
210000159,2,220,-218
210000163,199,281,-82
210000164,455,230,225
210000168,161,37,124
210000187,0,20,-20
210000188,0,12,-12
210000214,87,0,87
210000219,40,84,-44
210000220,93,125,-32
210000232,3,43,-40
210000233,32,70,-38
210000234,36,164,-128
210000235,62,134,-72
210000245,3,46,-43
210000246,104,51,53
210000258,14,135,-121
210000259,459,70,389
210000282,127,369,-242
210000285,0,140,-140
210000286,15,239,-224
210000290,3,9,-6
210000295,61,250,-189
210000296,68,82,-14
210000320,192,170,22
210000321,133,132,1
210000338,172,140,32
210000339,553,1506,-953
210000340,162,560,-398
210000341,257,366,-109
210000342,321,243,78
210000343,347,276,71
210000344,447,206,241
210000345,340,457,-117
210000346,187,237,-50
210000347,505,56,449
210000348,432,23,409
210000349,337,28,309
210000350,207,82,125
210000351,198,166,32
210000352,78,116,-38
210000353,76,153,-77
210000354,286,151,135
210000355,207,166,41
210000356,257,96,161
210000357,252,79,173
210000358,546,201,345
210000359,345,105,240
210000360,312,178,134
210000361,297,231,66
210000362,468,289,179
210000363,1256,365,891
210000364,235,261,-26
210000365,144,141,3
210000366,200,95,105
210000367,105,88,17
210000368,241,69,172
210000369,41,23,18
210000370,83,52,31
210000372,151,53,98
210000373,98,18,80
210000374,86,11,75
210000375,72,166,-94
210000376,162,265,-103
210000404,97,194,-97
210000439,28,89,-61
210000472,157,17,140
210000482,160,147,13
210000564,831,515,316
210000567,6,45,-39
210000568,1098,7,1091
211000092,76,124,-48
211000094,37,15,22
211000169,425,24,401
211000172,36,387,-351
211000209,3,40,-37
211000226,15,30,-15
211000270,32,27,5
211000275,41,34,7
211000276,152,39,113
211000279,54,45,9
211000281,59,78,-19
211507980,6,67,-61
211977296,120,12,108
212000003,266,82,184
212000004,195,45,150
212000005,85,33,52
212000006,85,100,-15
212000008,225,238,-13
212000009,41,176,-135
212000012,89,130,-41
212000013,34,84,-50
212000014,352,247,105
212000015,341,386,-45
212000016,653,811,-158
212000027,627,873,-246
212000028,390,761,-371
212000029,267,518,-251
212000030,44,71,-27
212000031,58,81,-23
212000048,80,193,-113
212000049,18,155,-137
212000050,32,12,20
212000051,232,286,-54
212000052,176,477,-301
212000053,466,988,-522
212000054,269,203,66
212000055,284,436,-152
212000056,12,104,-92
212000057,21,60,-39
212000058,476,68,408
212000070,128,405,-277
212000077,184,1052,-868
212000099,387,505,-118
212000108,394,288,106
212000111,235,146,89
212000120,314,109,205
212000138,310,29,281
212000156,23,266,-243
212000158,19,32,-13
212000159,510,91,419
212000160,656,445,211
212000161,119,16,103
212000310,47,24,23
212000311,18,170,-152
212000374,56,14,42
213000001,83,712,-629
213000005,725,314,411
213000006,1483,467,1016
213000007,460,15,445
213000009,844,524,320
213000010,217,348,-131
213000011,316,154,162
213000012,172,347,-175
213000014,81,21,60
213000015,310,9,301
213000016,787,1,786
213000017,102,0,102
213000018,4,267,-263
213000019,7,220,-213
213000020,131,532,-401
213000021,7,179,-172
213000023,344,293,51
213000033,405,2104,-1699
213000034,963,564,399
213000035,144,606,-462
213000045,217,397,-180
213000046,277,348,-71
213000047,980,1486,-506
213000056,139,119,20
213000069,207,7,200
213000073,2,23,-21
213000074,90,580,-490
213000075,845,10,835
213000076,58,4,54
213000085,15,61,-46
213000086,33,252,-219
213000091,216,17,199
213000092,102,15,87
213000099,314,1567,-1253
213000100,1529,390,1139
213000101,302,175,127
213000102,508,423,85
213000103,1274,1296,-22
213000104,57,593,-536
213000105,0,94,-94
213000106,71,266,-195
213000107,201,972,-771
213000108,46,857,-811
213000109,16,392,-376
213000110,20,82,-62
213000111,8,94,-86
213000112,303,158,145
213000115,50,21,29
213000116,110,1004,-894
213000117,18,1429,-1411
213000118,484,462,22
213000119,80,967,-887
213000120,123,802,-679
213000122,314,788,-474
213000123,684,1740,-1056
213000124,140,1658,-1518
213000125,145,19,126
213000126,181,205,-24
213000127,220,330,-110
213000128,838,1389,-551
213000129,645,919,-274
213000130,532,467,65
213000132,454,177,277
213000133,758,212,546
213000134,1028,45,983
213000136,761,28,733
213000137,850,123,727
213000139,866,45,821
213000147,271,24,247
213000148,73,41,32
213000149,150,30,120
213000150,0,153,-153
213000151,1,140,-139
213000152,1,131,-130
213000153,4,87,-83
213000154,43,447,-404
213000155,81,475,-394
213000156,157,1045,-888
213000157,1049,695,354
213000158,476,1352,-876
213000159,652,978,-326
213000163,895,173,722
213000165,898,405,493
213000171,2,151,-149
213000172,3,500,-497
213000173,1,355,-354
213000174,3,260,-257
213000175,7,128,-121
213000176,49,43,6
213000177,61,4,57
213000178,149,3,146
213000179,219,2,217
213000180,203,0,203
213000184,268,776,-508
213000188,552,145,407
213000189,442,60,382
213000190,1053,1069,-16
213000191,411,606,-195
213000192,261,648,-387
213000193,1416,277,1139
213000194,15,117,-102
213000195,26,675,-649
213000196,395,1603,-1208
213000197,469,1358,-889
213000198,254,2,252
213000200,152,1403,-1251
213000201,84,48,36
213000202,22,815,-793
213000203,4474,1136,3338
213000204,946,169,777
213000205,520,283,237
213000206,876,119,757
213000207,388,30,358
213000208,460,3,457
213000209,313,2,311
213000210,1221,2,1219
213000211,22,25,-3
213000212,118,15,103
213000213,67,43,24
213000218,344,1058,-714
213000219,596,23,573
213000220,649,13,636
213000223,378,451,-73
213000224,88,92,-4
213000225,134,20,114
213000226,131,22,109
213000227,1336,360,976
213000228,683,167,516
213000229,747,58,689
213000230,607,47,560
213000232,158,680,-522
213000233,11,120,-109
213000234,7,48,-41
213000293,45,80,-35
213000294,527,11,516
213000295,19,116,-97
213000296,61,39,22
213000297,7,120,-113
213000298,62,155,-93
213000299,109,65,44
213000300,32,6,26
213000303,10,42,-32
213000304,3,20,-17
213000305,11,29,-18
213000306,125,47,78
213000307,583,140,443
213000308,205,325,-120
213000309,290,79,211
213000310,751,190,561
213000311,504,1024,-520
213000315,148,264,-116
213000316,169,94,75
213000322,120,256,-136
213000323,86,120,-34
213000324,65,95,-30
213000325,54,166,-112
213000326,47,55,-8
213000327,25,100,-75
213000328,36,153,-117
213000329,95,68,27
213000340,169,911,-742
213000341,530,207,323
213000346,312,379,-67
213000347,1042,962,80
213000348,20,168,-148
213000349,31,24,7
213000350,327,1901,-1574
213000366,66,492,-426
213000367,244,23,221
213000379,131,101,30
213000386,25,362,-337
213000406,110,591,-481
213000417,1833,715,1118
213000425,199,52,147
213000426,153,113,40
213000427,59,440,-381
213000428,63,322,-259
213000429,91,6,85
213000430,146,1167,-1021
213000431,169,3,166
213000432,3,51,-48
213000433,44,245,-201
213000434,120,200,-80
213000435,95,157,-62
213000436,37,106,-69
213000437,3,33,-30
213000438,175,132,43
213000439,57,18,39
213000440,11,423,-412
213000441,1,0,1
213000442,2,60,-58
213000443,697,645,52
213000444,59,69,-10
213000445,0,126,-126
213000446,0,33,-33
213000447,7,61,-54
213000448,7,146,-139
213000449,365,1,364
213000450,26,61,-35
213000451,312,165,147
213000452,59,44,15
213000453,70,449,-379
213000455,656,5,651
213000456,2,351,-349
213000481,128,15,113
213000482,79,5,74
213000489,768,111,657
213000491,1,220,-219
213000492,1461,18,1443
213000493,0,183,-183
213000494,279,268,11
213000495,0,181,-181
213000496,436,354,82
213000497,55,312,-257
213000498,104,223,-119
213000499,190,757,-567
213000500,592,171,421
213000501,152,60,92
213000502,444,270,174
213000503,0,77,-77
213000504,14,126,-112
213000505,7,2,5
213000506,0,16,-16
213000507,3,124,-121
213900016,0,12,-12
213900244,62,0,62
213900245,0,43,-43
218000003,82,35,47
218000004,80,34,46
218000005,113,64,49
218000006,67,37,30
218000007,16,14,2
218000012,419,325,94
218000013,134,256,-122
218000014,544,573,-29
218000019,1075,979,96
218000020,311,797,-486
218000021,47,124,-77
218000022,7,49,-42
218000023,9,52,-43
218000024,5,34,-29
218000025,33,32,1
218000026,22,54,-32
218000027,4,27,-23
218000028,5,11,-6
218000029,10,9,1
218000030,23,30,-7
218000031,27,74,-47
218000032,12,35,-23
218000040,24,15,9
218000046,61,141,-80
218000047,21,220,-199
218000048,78,219,-141
218000049,161,222,-61
218000050,520,398,122
218000051,183,432,-249
218000052,4,178,-174
218000053,3,19,-16
218000054,33,58,-25
218000055,13,9,4
218000056,32,25,7
218000057,0,34,-34
218000064,4,24,-20
218000065,96,85,11
218000066,21,114,-93
218000067,68,132,-64
218000068,130,127,3
218000069,293,231,62
218000070,299,364,-65
218000071,227,266,-39
218000072,465,342,123
218000078,1058,1621,-563
218000079,115,84,31
218000080,117,120,-3
218000081,419,334,85
218000082,64,177,-113
218000083,66,117,-51
218000084,202,279,-77
218000085,191,614,-423
218000086,71,290,-219
218000087,255,270,-15
218000090,25,301,-276
218000091,1152,819,333
218000092,103,256,-153
218000093,104,98,6
218000094,678,1268,-590
218000099,403,948,-545
218000100,287,437,-150
218000101,821,239,582
218000102,452,422,30
218000103,108,273,-165
218000104,102,71,31
218000105,34,16,18
218000106,20,17,3
218000107,81,116,-35
218000108,6,62,-56
218000112,103,27,76
218000117,62,85,-23
218000134,826,1263,-437
218000135,321,200,121
218000136,413,117,296
218000137,551,137,414
218000138,48,135,-87
218000139,284,428,-144
218000140,812,409,403
218000141,163,166,-3
218000142,220,267,-47
218000143,190,397,-207
218000144,186,116,70
218000145,433,488,-55
218000146,107,248,-141
218000151,24,36,-12
218000152,186,131,55
218000153,6,4,2
218000154,36,2,34
218000155,19,1,18
218000156,68,16,52
218000157,25,15,10
218000158,11,7,4
218000159,5,6,-1
218000160,11,1,10
218000161,30,3,27
218000162,38,4,34
218000163,11,4,7
218000164,48,15,33
218000165,69,36,33
218000170,11,75,-64
218000171,110,15,95
218000172,79,11,68
218000173,89,15,74
218000174,49,8,41
218000176,323,42,281
218000177,397,362,35
218000178,100,423,-323
218000179,81,130,-49
218000180,118,65,53
218000181,243,95,148
218000187,14,38,-24
218000188,36,104,-68
218000189,27,108,-81
218000190,22,47,-25
218000191,178,126,52
218000192,222,420,-198
218000193,558,682,-124
218000194,115,611,-496
218000195,143,86,57
218000196,372,369,3
218000197,370,412,-42
218000198,23,182,-159
218000199,78,48,30
218000200,108,58,50
218000201,32,14,18
218000202,222,459,-237
218000207,15,62,-47
218000208,53,60,-7
218000211,93,28,65
218000212,6,8,-2
218000213,174,70,104
218000214,6,28,-22
218000215,73,98,-25
218000217,11,176,-165
218000218,364,131,233
218000219,127,33,94
218000220,258,402,-144
218000221,1886,251,1635
218000222,111,34,77
218000223,54,493,-439
218000224,12,258,-246
218000225,204,61,143
218000226,199,140,59
218000230,2,10,-8
218000232,77,133,-56
218000239,443,33,410
218000240,56,9,47
218000241,116,8,108
218000242,180,7,173
218000243,323,5,318
218000244,102,4,98
218000245,584,7,577
218000246,22,1,21
218000247,8,0,8
218000248,0,30,-30
218000249,0,4,-4
218000250,5,21,-16
218000251,7,20,-13
218000252,7,33,-26
218000253,7,34,-27
218000254,3,19,-16
218000255,4,27,-23
218000256,23,116,-93
218000267,1116,1923,-807
218000268,12,110,-98
218000269,5,16,-11
218000270,92,66,26
218000271,19,102,-83
218000273,14,24,-10
218000274,20,14,6
218000275,21,99,-78
218000276,9,83,-74
218000278,36,66,-30
218000279,96,117,-21
218000280,17,60,-43
218000281,32,18,14
218000282,723,690,33
218000284,199,24,175
218000301,128,148,-20
218000302,158,104,54
218000303,85,135,-50
218000316,908,1828,-920
218000317,1265,1727,-462
218000318,725,1216,-491
218000319,1530,2127,-597
218000320,1127,1237,-110
218000338,129,55,74
218000345,207,85,122
218000346,67,233,-166
218000459,58,398,-340
218000490,56,49,7
218000501,175,115,60
218000502,69,166,-97
218000503,136,49,87
218000504,232,39,193
218000505,74,233,-159
218000506,43,272,-229
218000508,28,9,19
218000510,299,17,282
218000520,155,114,41
218000521,10,61,-51
218000522,1,144,-143
218000523,207,4,203
218000524,36,233,-197
218000525,288,31,257
218000526,40,203,-163
218000529,73,215,-142
218000530,20,8,12
218000531,17,52,-35
218000532,60,38,22
218000534,201,14,187
218000537,66,91,-25
218000538,320,306,14
218000540,826,99,727
218000543,118,93,25
218000544,54,146,-92
218000545,85,107,-22
218000546,40,121,-81
218000547,238,191,47
218000548,391,162,229
218000549,608,426,182
218000550,291,553,-262
218000551,232,842,-610
218000552,667,87,580
218000553,53,156,-103
218000554,49,40,9
218000555,41,78,-37
218000556,205,479,-274
218000557,316,308,8
218000558,188,0,188
218000559,1,53,-52
218000560,0,31,-31
218000561,39,0,39
218000562,66,276,-210
218000563,377,30,347
218000564,38,167,-129
218000565,282,46,236
218000566,453,33,420
218000567,1,89,-88
218000568,85,3,82
218000569,21,184,-163
218000570,242,9,233
218000571,0,233,-233
218000572,266,1,265
218000573,14,128,-114
218000574,137,52,85
218000575,141,1,140
218000576,0,118,-118
218000577,193,1,192
218000578,1,108,-107
218000579,186,40,146
218000581,15,98,-83
218000582,110,2,108
218000583,73,1,72
218000584,7,32,-25
218000585,40,2,38
218000586,10,63,-53
218000587,4,0,4
218000588,1,4,-3
218000589,0,5,-5
218000590,4,0,4
218000591,4,8,-4
218000592,15,0,15
218000593,0,2,-2
218000594,0,0,0
218000595,0,0,0
218000596,0,0,0
218000597,0,0,0
218000598,0,0,0
218000599,0,0,0
218000600,2,2,0
218000601,0,1,-1
218000602,0,7,-7
218000603,0,11,-11
218000604,34,2,32
218000605,0,73,-73
218000606,70,2,68
218000607,12,59,-47
218000608,95,23,72
218000609,3,92,-89
218000610,77,6,71
218000611,46,5,41
218000612,3,31,-28
218000613,38,0,38
218000614,1,52,-51
218000615,304,3,301
218000616,8,212,-204
218000617,46,3,43
218000618,0,25,-25
218000619,298,78,220
218000620,34,24,10
218000621,3,2,1
218000622,0,24,-24
218000623,288,3,285
218000624,17,32,-15
218000625,19,0,19
218000626,2,13,-11
218000628,148,82,66
218000631,77,36,41
218000632,0,162,-162
218000633,200,1,199
218000634,11,56,-45
218000635,18,17,1
218000636,1578,2168,-590
218000637,1421,848,573
218000638,261,127,134
218000639,28,349,-321
218000640,422,43,379
218000641,283,500,-217
218000652,80,160,-80
218000653,223,153,70
218000663,30,128,-98
218000675,73,71,2
218000676,2,51,-49
218000677,12,4,8
218000680,594,590,4
218000681,527,193,334
218000691,145,431,-286
218000693,211,175,36
218000703,19,70,-51
218000718,1283,1108,175
218000719,1869,526,1343
218000720,53,121,-68
218000721,397,38,359
218000725,12,20,-8
218001214,36,70,-34
218001258,171,21,150
218001329,170,173,-3
218001330,133,106,27
218001351,90,35,55
218001352,17,27,-10
218001353,25,19,6
218001354,8,58,-50
218001356,360,18,342
218001358,269,6,263
218001361,190,120,70
219000001,68,64,4
219000002,76,83,-7
219000003,81,34,47
219000004,61,67,-6
219000017,240,26,214
219000020,142,133,9
219000022,151,12,139
219000023,311,2,309
219000029,0,143,-143
219000034,83,29,54
219000039,160,101,59
219000040,69,40,29
219000041,137,23,114
219000051,0,60,-60
219000052,0,38,-38
219000053,2,245,-243
219000054,58,132,-74
219000055,165,2,163
219000056,60,0,60
219000057,163,0,163
219000062,22,179,-157
219000063,77,3,74
219000064,5,284,-279
219000110,796,61,735
219000111,120,56,64
219000112,183,75,108
219000113,137,129,8
219000114,293,267,26
219000116,104,95,9
219000117,185,124,61
219000118,341,76,265
219000123,431,131,300
219000124,315,79,236
219000125,10,30,-20
219000126,100,121,-21
219000127,1,10,-9
219000128,26,128,-102
219000129,39,129,-90
219000130,754,781,-27
219000131,854,1075,-221
219000133,90,53,37
219000134,44,24,20
219000135,44,69,-25
219000136,256,266,-10
219000138,81,33,48
219000139,62,87,-25
219000140,54,5,49
219000141,28,144,-116
219000142,25,109,-84
219000143,30,127,-97
219000145,23,72,-49
219000146,5,52,-47
219000147,6,57,-51
219000148,4,55,-51
219000149,15,154,-139
219000150,1,135,-134
219000151,5,60,-55
219000157,216,210,6
219000158,220,428,-208
219000161,151,12,139
219000163,2164,646,1518
219000166,160,278,-118
219000167,149,343,-194
219000168,361,160,201
219000174,414,149,265
219000175,106,5,101
219000176,94,13,81
219000177,54,8,46
219000178,63,2,61
219000179,26,22,4
219000180,63,47,16
219000182,109,49,60
219000183,77,80,-3
219000184,107,24,83
219000185,6,96,-90
219000186,26,70,-44
219000187,28,140,-112
219000189,203,265,-62
219000190,317,315,2
219000191,1387,1626,-239
219000192,235,137,98
219000193,539,187,352
219000195,3,127,-124
219000196,25,218,-193
219000198,54,309,-255
219000199,124,747,-623
219000200,74,618,-544
219000201,156,361,-205
219000203,60,185,-125
219000204,508,277,231
219000205,170,227,-57
219000207,205,414,-209
219000209,19,96,-77
219000210,122,152,-30
219000213,8,255,-247
219000239,353,534,-181
219000240,405,536,-131
219000241,186,368,-182
219000242,174,277,-103
219000243,261,434,-173
219000244,90,120,-30
219000245,33,53,-20
219000246,61,36,25
219000247,155,37,118
219000248,1093,493,600
219000249,269,112,157
219000250,191,154,37
219000251,711,299,412
219000252,310,265,45
219000253,649,136,513
219000255,168,123,45
219000256,465,98,367
219000257,150,1,149
219000262,413,233,180
219000263,117,299,-182
219000267,3,158,-155
219000268,1,11,-10
219000269,3,2,1
219000270,24,0,24
219000271,104,14,90
219000278,0,9,-9
219000279,9,8,1
219000283,0,75,-75
219000295,13,156,-143
219000296,104,892,-788
219000297,24,201,-177
219000298,18,267,-249
219000299,511,142,369
219000300,54,328,-274
219000301,253,606,-353
219000302,44,404,-360
219000307,130,52,78
219000308,49,54,-5
219000311,208,67,141
219000312,679,131,548
219000313,534,112,422
219000314,66,791,-725
219000315,257,70,187
219000316,651,96,555
219000317,106,31,75
219000320,1,63,-62
219000321,1,29,-28
219000323,10,112,-102
219000325,3,40,-37
219000326,117,142,-25
219000327,98,57,41
219000328,43,94,-51
219000329,367,156,211
219000330,61,40,21
219000331,74,46,28
219000332,106,76,30
219000333,19,8,11
219000335,154,6,148
219000337,55,2,53
219000338,90,1,89
219000344,34,119,-85
219000345,67,150,-83
219000346,44,188,-144
219000348,149,135,14
219000349,57,248,-191
219000350,131,215,-84
219000351,24,5,19
219000352,450,124,326
219000353,131,68,63
219000354,238,169,69
219000355,173,87,86
219000356,2077,1449,628
219000363,375,75,300
219000364,124,48,76
219000365,216,14,202
219000366,354,548,-194
219000368,687,645,42
219000370,1568,488,1080
219000371,7,31,-24
219000382,20,33,-13
219000383,916,1201,-285
219000385,1037,774,263
219000386,1266,2171,-905
219000387,9,6,3
219000390,7,1,6
219000391,10,2,8
219000397,70,94,-24
219000398,101,105,-4
219000401,11,219,-208
219000402,72,268,-196
219000403,214,513,-299
219000404,38,250,-212
219000407,3,107,-104
219000409,64,74,-10
219000410,227,65,162
219000411,80,45,35
219000446,287,469,-182
219000447,0,35,-35
219000448,201,17,184
219000452,145,86,59
219000453,111,198,-87
219000454,506,366,140
219000556,346,144,202
219000558,845,366,479
219000590,85,303,-218
219000591,83,102,-19
219000592,152,542,-390
219000595,9,29,-20
219000635,375,83,292
219000636,36,125,-89
219000657,44,35,9
219000658,34,92,-58
219000673,0,47,-47
219000676,305,23,282
219000679,55,8,47
219000684,183,3,180
219000685,3,87,-84
219000686,2,1,1
219000688,0,96,-96
219000689,38,437,-399
219000690,196,45,151
219000691,82,334,-252
219000692,213,46,167
219000693,0,27,-27
219000694,4,0,4
219000695,54,9,45
219000698,37,0,37
219000699,1,23,-22
219000727,11,166,-155
219000728,262,10,252
219000770,86,0,86
219000771,0,59,-59
219000788,737,245,492
219001150,4,45,-41
219001151,11,7,4
219001166,63,23,40
219001167,3,164,-161
219001178,115,1,114
220000001,341,104,237
220000002,63,189,-126
220000003,952,365,587
220000004,1227,766,461
220000005,2698,2487,211
220000006,646,1336,-690
220000007,523,891,-368
220000008,495,1346,-851
220000009,530,809,-279
220000010,340,214,126
220000011,1082,4525,-3443
220000012,132,594,-462
220000014,175,75,100
220000015,116,244,-128
220000017,62,519,-457
220000018,7873,3353,4520
220000019,190,439,-249
220000020,883,434,449
220000021,926,350,576
220000022,874,789,85
220000023,494,252,242
220000024,2423,497,1926
220000025,1544,1500,44
220000026,404,392,12
220000027,159,132,27
220000028,96,82,14
220000029,133,435,-302
220000030,273,104,169
220000031,633,556,77
220000064,26,1101,-1075
221000046,16,0,16
221000047,0,8,-8
221000048,0,5,-5
221000049,1,33,-32
221000050,94,2,92
221000055,53,61,-8
221000057,87,42,45
221000068,343,165,178
221000069,451,83,368
221000070,271,49,222
221000071,103,11,92
221000072,431,30,401
221000073,314,78,236
221000074,10,22,-12
221000075,31,36,-5
221000076,28,60,-32
221000077,47,135,-88
221000081,50,15,35
221000082,53,8,45
221000083,45,3,42
221000084,2,5,-3
221000085,62,89,-27
221000086,31,163,-132
221000087,10,221,-211
221000088,20,263,-243
221000089,43,420,-377
221000090,160,735,-575
221000098,155,17,138
221000099,215,19,196
221000100,111,7,104
221000101,230,50,180
221000102,140,32,108
221000109,13,156,-143
221000110,18,196,-178
221000111,28,255,-227
221000112,10,208,-198
221000113,30,243,-213
221000114,17,218,-201
221000120,31,43,-12
221000121,4,24,-20
221000122,143,40,103
221000123,24,26,-2
221000124,75,357,-282
221000155,174,15,159
221000156,77,34,43
221000175,1,6,-5
221000176,0,5,-5
221000182,61,28,33
221000241,575,389,186
221000242,265,584,-319
221000243,726,306,420
221000244,350,759,-409
221000245,156,153,3
221000246,53,430,-377
221000247,132,182,-50
221000248,149,224,-75
221000267,98,968,-870
221000325,129,62,67
221000331,66,156,-90
221000338,65,27,38
221000378,256,61,195
221000381,45,70,-25
222000282,47,1,46
222000296,4,59,-55
222000568,358,21,337
222000569,214,32,182
222000570,125,20,105
222000571,330,13,317
222000577,18,307,-289
222000578,34,317,-283
222000579,40,241,-201
222000580,162,1509,-1347
222000599,0,242,-242
222000600,6,502,-496
222000601,13,1717,-1704
222000603,37,40,-3
222000604,16,61,-45
222000605,43,46,-3
222000606,27,14,13
222000607,22,6,16
222000608,77,34,43
222000609,54,369,-315
222000616,330,94,236
222000617,33,24,9
222000618,15,10,5
222000620,89,23,66
222000621,123,2,121
222000623,955,15,940
222000624,349,9,340
222000625,528,82,446
222000636,72,4,68
222000686,80,28,52
222000687,66,47,19
222001066,393,1,392
222001067,17,7,10
222001068,30,73,-43
222001069,51,56,-5
222001082,10,68,-58
222001083,13,88,-75
222001084,0,76,-76
222001085,1,239,-238
222001111,49,248,-199
222001112,100,51,49
222001313,92,6,86
222001314,14,218,-204
222001464,81,83,-2
222001465,40,151,-111
222001484,132,114,18
222001485,45,75,-30
222001494,456,283,173
222001495,158,434,-276
222001496,413,211,202
222001497,293,748,-455
222001502,39,121,-82
222001503,133,92,41
222001504,26,383,-357
222001505,419,18,401
222001506,50,373,-323
222001507,314,41,273
222001510,390,59,331
222001511,66,569,-503
222001514,784,273,511
222001515,322,895,-573
222001518,277,107,170
222001519,55,445,-390
222001527,350,120,230
222001528,66,284,-218
222001529,257,65,192
222001530,74,308,-234
222001533,215,524,-309
222001534,367,168,199
222001535,279,343,-64
222001536,324,438,-114
222001537,360,69,291
222001538,90,795,-705
222001563,627,145,482
222001564,75,852,-777
222001568,442,128,314
222001576,3,2,1
222001579,0,2,-2
222001583,31,274,-243
222001584,127,24,103
222001596,1394,1860,-466
222001597,3221,471,2750
222001626,1,352,-351
222001650,117,164,-47
222001651,112,174,-62
222001914,255,108,147
222001915,91,356,-265
222001968,589,362,227
222001969,619,1032,-413
222001970,263,304,-41
222001971,24,35,-11
222001972,4,40,-36
225000001,581,456,125
225000002,1026,373,653
225000003,879,236,643
225000004,465,479,-14
225000005,102,129,-27
225000006,1,264,-263
225000007,3486,1992,1494
225000010,615,24,591
225000011,627,1663,-1036
225000012,246,821,-575
225000013,205,236,-31
225000014,1866,168,1698
225000015,119,269,-150
225000021,894,431,463
225000027,310,892,-582
225000032,873,292,581
225000042,119,1084,-965
225000049,130,147,-17
225000050,138,31,107
225000053,7,534,-527
225000058,1070,223,847
225000067,437,238,199
225000068,261,534,-273
225000069,221,718,-497
225000070,89,640,-551
225000071,68,361,-293
225000075,42,1826,-1784
225000076,175,218,-43
225000078,84,113,-29
225000085,65,168,-103
225000086,319,100,219
225000087,313,50,263
225000088,29,343,-314
225000089,523,1268,-745
225000090,53,677,-624
225000091,181,325,-144
225000092,78,106,-28
225000093,372,527,-155
225000094,45,517,-472
225000095,429,713,-284
225000096,513,748,-235
225000098,797,512,285
225000099,479,318,161
225000100,382,316,66
225000104,121,602,-481
225000110,15,641,-626
225000111,362,1765,-1403
225000112,796,1606,-810
225000113,372,826,-454
225000114,98,380,-282
225000115,2658,1074,1584
225000116,1383,479,904
225000117,1146,459,687
225000118,1219,472,747
225000119,385,197,188
225000120,1232,215,1017
225000121,444,77,367
225000123,1465,47,1418
225000125,500,332,168
225000126,1305,324,981
225000127,1131,1452,-321
225000128,643,1055,-412
225000132,270,85,185
225000133,366,60,306
225000134,761,237,524
225000135,65,30,35
225000136,287,39,248
225000137,405,112,293
225000138,567,117,450
225000143,135,454,-319
225000144,4,586,-582
225000145,306,111,195
225000146,84,171,-87
225000147,27,452,-425
225000148,20,334,-314
225000149,194,724,-530
225000151,25,439,-414
225000155,453,749,-296
225000156,319,1514,-1195
225000157,378,562,-184
225000158,113,485,-372
225000171,6,261,-255
225000180,97,69,28
225000181,0,89,-89
225000182,230,31,199
225000185,9,557,-548
225000187,135,594,-459
225000191,187,5,182
225000194,0,8,-8
225000208,2,58,-56
225000209,111,46,65
225000210,5,411,-406
225000217,0,25,-25
225000218,35,1,34
225000223,3,73,-70
225000224,513,2,511
225000225,2,37,-35
225000226,177,12,165
225000227,102,207,-105
225000228,33,236,-203
225000229,0,94,-94
225000230,435,2,433
225000231,1,132,-131
225000232,490,1,489
225000241,120,0,120
225000242,3,86,-83
225000249,11,0,11
225000250,65,1338,-1273
225000251,451,83,368
225000254,6,1,5
225000256,29,232,-203
225000257,0,193,-193
226000042,664,686,-22
226000043,125,383,-258
226000044,293,761,-468
226000045,107,624,-517
226000046,574,307,267
226000047,491,226,265
226000048,789,231,558
226000049,486,419,67
226000070,0,74,-74
226000071,0,93,-93
226000072,0,31,-31
226000073,1,23,-22
226000074,0,19,-19
226000084,3,97,-94
226000085,2,20,-18
226000086,7,21,-14
226000087,10,19,-9
226000088,140,64,76
226000090,344,141,203
226000091,54,57,-3
226000092,7,22,-15
226000093,63,1,62
226000094,33,4,29
226000095,54,2,52
226000105,46,0,46
226000106,14,0,14
226000107,18,0,18
226000108,114,0,114
226000109,109,0,109
226000124,236,129,107
226000134,682,759,-77
226000135,1457,1038,419
226000136,711,623,88
226000137,17,740,-723
226000138,12,384,-372
226000139,1,23,-22
226000156,279,9,270
226000157,659,30,629
226000163,122,116,6
226000202,13,700,-687
226000231,363,6,357
226000232,102,5,97
227000033,344,78,266
227000036,268,31,237
227000037,239,32,207
227000038,247,43,204
227000084,2,138,-136
227000085,0,75,-75
227000088,128,4,124
227000089,183,4,179
227000090,115,1,114
227000091,29,4,25
227000092,39,2,37
227000093,209,1,208
227000094,8,0,8
227000130,39,98,-59
227000131,51,269,-218
227000132,10,306,-296
227000133,15,298,-283
227000134,15,486,-471
227000152,0,3,-3
227000153,1,70,-69
227000154,0,29,-29
227000155,2,34,-32
227000156,2,25,-23
227000165,10,43,-33
227000196,338,383,-45
227000199,230,830,-600
227000230,34,782,-748
227000232,948,42,906
227000242,72,654,-582
227000243,400,71,329
227000245,30,448,-418
227000246,143,761,-618
227000247,370,89,281
227000248,243,34,209
227000249,27,291,-264
227000250,582,142,440
227000251,213,291,-78
227000252,29,564,-535
227000253,136,30,106
227000262,326,60,266
227000266,1430,25,1405
227000267,55,2609,-2554
227000282,9,437,-428
227000284,621,30,591
227000286,6,144,-138
227000287,13,211,-198
227000291,21,954,-933
227000296,346,371,-25
227000484,457,27,430
227000485,34,1391,-1357
227000655,155,34,121
227000656,719,27,692
227000657,103,20,83
227000661,479,22,457
229000265,59,105,-46
229000296,25,53,-28
229000297,19,63,-44
229000298,3,229,-226
229000320,25,10,15
229000321,111,10,101
229000412,21,116,-95
229000414,19,106,-87
229000415,18,0,18
229000416,3,6,-3
229000417,10,25,-15
229000419,215,371,-156
229000440,485,104,381
229000442,27,17,10
229000443,8,8,0
229000444,7,41,-34
229000445,99,7,92
229000446,103,32,71
229000491,1,29,-28
229000492,26,128,-102
229000493,14,157,-143
229000494,77,4,73
229000495,94,9,85
229000496,50,7,43
229000507,1,87,-86
229000508,1,51,-50
229000509,1,81,-80
229000510,3,57,-54
229000511,3,72,-69
229000512,0,44,-44
229000513,0,11,-11
229000514,0,5,-5
229000517,16,5,11
229000518,14,38,-24
229000519,3,13,-10
229000520,21,39,-18
229000521,34,14,20
229000522,20,11,9
229000523,13,3,10
229000524,4,6,-2
229000527,0,0,0
229000528,0,0,0
229000529,8,0,8
229000530,50,5,45
229000531,30,4,26
229000532,23,3,20
229000533,81,0,81
229000534,56,1,55
229000564,39,0,39
229000565,14,0,14
229000566,0,21,-21
229000567,0,80,-80
229000582,96,13,83
229000583,9,2,7
229000584,0,47,-47
229000585,0,81,-81
229000718,0,2,-2
229000719,0,3,-3
229000720,0,8,-8
229000721,0,12,-12
229000722,0,19,-19
229000723,0,11,-11
229000724,0,5,-5
229000725,0,4,-4
229000738,0,0,0
229000739,10,0,10
229000740,3,0,3
229000741,23,0,23
229000742,12,0,12
229000743,18,0,18
229000744,13,0,13
229000745,2,0,2
229000746,33,2,31
229000847,58,1,57
229000848,37,0,37
229000849,117,0,117
229000851,45,0,45
229000854,0,61,-61
229000856,1,198,-197
229000857,1,56,-55
229000858,0,113,-113
229000919,25,176,-151
229000930,5,571,-566
229000937,180,13,167
229000966,54,37,17
229000981,20,65,-45
229000985,12,47,-35
229000986,4,4,0
229000987,0,5,-5
229000988,12,13,-1
229000989,92,17,75
229000990,1,4,-3
229000991,7,3,4
229000992,22,12,10
229000993,275,42,233
229000998,17,96,-79
229000999,86,34,52
229001034,12,27,-15
229001035,24,3,21
229001037,94,12,82
229001042,13,10,3
229001047,5,74,-69
229001050,63,118,-55
229001168,0,18,-18
229001200,7,2,5
229001338,7,61,-54
229001394,214,2,212
229001422,143,26,117
229001423,71,270,-199
229001431,78,74,4
229001432,159,105,54
229001444,198,88,110
229001445,70,257,-187
229001479,2,3,-1
229001503,181,152,29
229001504,163,289,-126
229001505,105,67,38
229001506,174,244,-70
229001509,90,39,51
229001545,89,8,81
229001546,17,187,-170
229001553,103,18,85
229001554,56,177,-121
229001630,115,17,98
229001631,15,72,-57
229001635,0,17,-17
229001636,5,1,4
229001658,0,247,-247
229001659,73,3,70
229001660,5,7,-2
229001661,37,57,-20
229001662,36,1,35
229001663,0,36,-36
229002584,270,337,-67
229002831,265,281,-16
229002841,21,24,-3
229002842,34,46,-12
229002843,155,39,116
229002844,117,73,44
229002845,31,88,-57
229002846,52,26,26
229002847,13,15,-2
229002848,29,21,8
229002849,77,68,9
229002850,63,1,62
229002851,97,112,-15
229002852,246,21,225
229002853,212,32,180
229002854,117,63,54
229002855,25,25,0
229002856,150,55,95
229002857,17,69,-52
229002858,59,16,43
229002859,143,33,110
229002860,226,11,215
229002861,100,48,52
229002862,143,86,57
229002863,102,26,76
229002864,60,38,22
229002865,11,29,-18
229002866,26,23,3
229002867,15,51,-36
229002868,34,40,-6
229002869,36,231,-195
229002870,46,8,38
235000066,610,119,491
235000067,203,167,36
235000072,35,131,-96
235000073,100,681,-581
235000074,62,121,-59
235000080,44,107,-63
235000081,145,214,-69
235000082,176,149,27
235000083,132,179,-47
235000084,49,93,-44
235000085,95,114,-19
235000089,80,57,23
235000092,85,350,-265
235000093,12,8,4
235000097,5,9,-4
235000098,51,18,33
235000099,106,46,60
235000116,88,18,70
235000117,1290,22,1268
235000133,19,601,-582
235000134,11,177,-166
235000206,14,10,4
235000207,9,3,6
235000208,9,0,9
235000209,9,1,8
235000210,18,4,14
235000212,7,34,-27
235000213,4,11,-7
235000220,7,6,1
235000221,93,19,74
235000238,14,73,-59
235000239,1,6,-5
235000242,403,597,-194
235000245,1015,301,714
235000246,26,126,-100
235000284,9,175,-166
235000295,217,21,196
235000305,388,30,358
235000306,181,20,161
235000307,68,10,58
235000308,96,1,95
235000309,129,1,128
235000310,37,0,37
235000311,263,54,209
235000322,0,50,-50
235000323,1,79,-78
235000324,0,22,-22
235000325,1,18,-17
235000326,17,295,-278
235000351,8,87,-79
235000352,39,75,-36
235000353,14,40,-26
235000354,31,42,-11
235000355,8,75,-67
235000356,419,13,406
235000357,104,12,92
235000358,110,8,102
235000359,17,2,15
235000360,134,16,118
235000361,80,10,70
235000381,68,350,-282
235000382,134,115,19
235000390,19,3,16
235000391,112,25,87
235000392,226,252,-26
235000393,161,160,1
235000395,100,116,-16
235000396,384,167,217
235000400,150,53,97
235000401,80,225,-145
235000405,133,418,-285
235000406,62,354,-292
235000407,131,174,-43
235000409,441,242,199
235000410,29,379,-350
235000411,3,130,-127
235000485,0,15,-15
235000486,20,0,20
235000549,270,234,36
235000550,92,277,-185
235000599,115,62,53
235000600,15,20,-5
235000601,27,37,-10
235000602,142,161,-19
235000614,2,4,-2
235000648,1,29,-28
235000649,60,5,55
235000685,1,9,-8
235000815,16,18,-2
235000834,0,23,-23
235000855,113,103,10
235000862,35,243,-208
235000891,0,14,-14
235000892,63,13,50
235000901,481,129,352
235000907,2,14,-12
235001010,136,168,-32
235001029,754,675,79
235001030,414,353,61
235001078,157,147,10
235001079,128,170,-42
235001147,12,90,-78
235001166,57,132,-75
235001167,23,65,-42
235001169,47,455,-408
235001188,5,12,-7
235001189,13,2,11
235001197,27,21,6
235001200,53,44,9
235001207,166,27,139
235001210,45,154,-109
235001215,24,171,-147
235001239,2,103,-101
235001244,2,9,-7
235016267,2,146,-144
277101746,0,2,-2
277102712,113,57,56
277103813,0,0,0
277103814,0,0,0
277103898,0,0,0
277104249,0,4,-4
277104250,0,10,-10
277104251,0,11,-11
277104252,0,5,-5
990011530,0,285,-285
990014944,4,737,-733
990015176,46,2,44
990015618,1,342,-341
990016032,1,787,-786
990032570,27,425,-398
990070001,88,3,85
990070103,0,5,-5
990070601,1,71,-70
990070751,721,1,720
990070766,0,758,-758
990071180,667,275,392
990071343,16,2,14
990071387,0,18,-18
990071823,753,11,742
990072600,0,983,-983
990072964,4,740,-736
990073285,0,4,-4
990074393,6,1238,-1232
990074870,1313,17,1296
990075106,1743,14,1729
990075746,535,7,528
990076437,1207,4,1203
990076458,1,1235,-1234
997000007,730,4,726
997000041,0,250,-250
997000058,61,1,60
997000062,166,0,166
997000069,0,8,-8
997000070,0,33,-33
997000100,102,46,56
997000141,41,5438,-5397
997000198,8,2961,-2953
998000475,49,61,-12
998000736,1,274,-273
998000965,1,46,-45
998001031,0,80,-80
998001700,0,45,-45
998001899,0,2,-2
998001900,6,1,5
998003073,3103,32,3071
998101900,0,0,0
998102850,5,134,-129
998501927,1302,612,690
998501929,115,4,111
998501930,99,0,99
998501931,182,3,179
998501932,9,2,7
998501933,114,4,110
998501937,20,3,17
998501944,7,0,7
998501970,85,11,74
998501971,0,137,-137
998501973,0,65,-65
998501974,0,305,-305
998501975,666,1,665
998501976,93,0,93
998501977,1,40,-39
998501978,57,0,57
998501979,0,21,-21
998501980,226,65,161
998501981,51,7,44
998501982,0,132,-132
998501983,0,0,0
998502006,0,0,0
998502024,0,10,-10
998502032,0,3,-3
998502062,34,2,32
998502063,0,0,0
998502173,15,2,13
998502269,0,1,-1
998601159,2,285,-283
998601292,0,17,-17
999033574,5,1163,-1158
999800001,61,4,57
999800002,0,9,-9
999800003,6,5,1
999800004,0,2,-2
999800005,0,3,-3
