ID,insum,outsum,diff
100000001,661,1014,-353
100000002,3542,925,2617
100000003,7986,3632,4354
100000004,1853,963,890
100000005,2046,4717,-2671
100000006,594,141,453
100000007,2065,713,1352
100000008,191,847,-656
100000009,512,210,302
100000010,75,60,15
100000011,590,74,516
100000012,93,990,-897
100000013,33,304,-271
100000014,417,435,-18
100000015,1657,1813,-156
100000016,1235,2175,-940
100000017,1002,1481,-479
100000018,1641,728,913
100000019,6030,2288,3742
100000020,2226,6191,-3965
100000021,9198,3523,5675
100000022,2304,1243,1061
100000023,8553,1794,6759
100000025,3994,755,3239
100000028,2272,1226,1046
100000029,267,310,-43
100000030,722,88,634
100000031,7398,8212,-814
100000032,2931,3983,-1052
100000033,909,2538,-1629
100000034,1003,405,598
100000035,2101,997,1104
100000036,3545,1154,2391
100000037,537,575,-38
100000038,1673,1228,445
100000039,1204,224,980
100000040,212,160,52
100000041,906,463,443
100000042,761,389,372
100000043,866,377,489
100000044,458,1001,-543
100000045,567,2116,-1549
100000046,1160,2141,-981
100000047,639,1207,-568
100000048,1272,909,363
100000049,2427,3473,-1046
100000051,619,1623,-1004
100000053,50,1,49
100000054,218,29,189
100000055,861,275,586
100000056,358,743,-385
100000057,2065,1040,1025
100000058,1071,1848,-777
100000059,2,170,-168
100000060,302,521,-219
100000061,1981,750,1231
100000062,1588,669,919
100000063,530,378,152
100000064,1179,452,727
100000065,479,1639,-1160
100000066,288,1442,-1154
100000067,511,1395,-884
100000068,629,2568,-1939
100000069,409,2440,-2031
100000072,573,1841,-1268
100000073,1569,1918,-349
100000075,641,368,273
100000076,2846,2287,559
100000077,823,203,620
100000078,102,56,46
100000079,82,48,34
100000080,24,14,10
100000081,90,69,21
100000102,5403,1580,3823
100000103,4700,1215,3485
100000104,6083,1884,4199
100000105,4737,1146,3591
100000106,3733,2245,1488
100000107,933,597,336
100000108,1223,1267,-44
100000109,5720,1444,4276
100000116,2069,969,1100
100000117,81,42,39
100000118,1729,1134,595
100000119,1091,797,294
100000121,405,791,-386
100000122,2276,1125,1151
100000123,4392,6381,-1989
100000124,7726,9535,-1809
100000125,3733,1404,2329
100000126,922,330,592
100000127,2276,314,1962
100000128,1566,2139,-573
100000129,782,451,331
100000130,457,724,-267
100000131,4343,4354,-11
100000132,1716,3400,-1684
100000133,9324,4217,5107
100000135,615,1062,-447
100000139,390,377,13
100000140,413,283,130
100000142,410,624,-214
100000143,982,693,289
100000144,6323,1196,5127
100000147,1246,2689,-1443
100000150,26,612,-586
100000151,994,719,275
100000153,737,378,359
100000154,173,131,42
100000155,12,41,-29
100000156,100,95,5
100000157,26,371,-345
100000158,130,167,-37
100000159,646,472,174
100000165,1553,828,725
100000169,1112,601,511
100000174,2438,549,1889
100000179,90,669,-579
100000180,5664,2110,3554
100000181,128,489,-361
100000188,152,617,-465
100000189,1940,485,1455
100000190,728,609,119
100000191,838,541,297
100000192,89,136,-47
100000193,168,141,27
100000330,2538,1016,1522
100000355,148,833,-685
100000362,6153,4554,1599
100000363,2872,4470,-1598
100000364,738,182,556
100000365,4515,10314,-5799
100000366,6462,3019,3443
100000367,4651,5363,-712
100000368,2450,2257,193
100000369,1435,1796,-361
100000370,208,416,-208
100000376,79,131,-52
100000379,4036,1771,2265
100000380,5229,2727,2502
100000384,7346,3952,3394
100000385,7586,4730,2856
100000386,11100,5050,6050
100000387,9599,5350,4249
100000388,10948,7668,3280
100000389,11464,6853,4611
100000390,12655,4897,7758
100000391,9261,7283,1978
100000392,6034,2333,3701
100000393,2934,2698,236
100000394,11097,5298,5799
100000395,6094,1889,4205
100000396,7674,2365,5309
100000397,4362,2431,1931
100000398,14431,9731,4700
100900002,13,85,-72
100900003,306,135,171
100900004,43,1258,-1215
100900005,125,11,114
100900006,12,334,-322
100900007,815,8,807
100900008,7,565,-558
100900009,48,60,-12
100900010,87,215,-128
100900011,106,500,-394
100900012,1,303,-302
100900013,1385,13,1372
100900014,0,23,-23
100900015,157,204,-47
100900016,0,54,-54
100900017,1104,90,1014
100900018,0,21,-21
100900019,39,165,-126
100900020,375,1,374
100900021,443,3,440
100900022,23,27,-4
100900023,0,32,-32
100900024,1231,3,1228
100900025,22,26,-4
100900026,94,248,-154
100900027,803,3643,-2840
100900028,101,217,-116
100900029,103,25,78
100900030,11,40,-29
100900031,412,106,306
100900032,252,1,251
100900033,290,194,96
100900034,450,1,449
100900035,818,3,815
100900036,24,1,23
100900037,78,438,-360
100900038,135,26,109
100900039,554,871,-317
100900040,333,1151,-818
100900041,446,1386,-940
100900042,834,388,446
100900043,1,18,-17
100900044,4481,564,3917
100900045,78,1,77
100900046,1497,16,1481
100900047,1000,238,762
100900048,171,31,140
100900049,67,352,-285
100900050,1,24,-23
100900051,119,84,35
100900052,392,23,369
100900053,357,36,321
100900054,6,119,-113
100900055,240,542,-302
100900056,108,239,-131
100900057,1084,1209,-125
100900058,294,54,240
100900059,67,9,58
100900060,167,14,153
100900061,309,537,-228
100900062,5,98,-93
100900063,168,561,-393
100900064,940,20,920
100900065,108,80,28
100900066,36,95,-59
100900067,2,11,-9
100900068,257,234,23
100900069,633,29,604
100900070,280,9,271
100900071,1022,579,443
100900072,2,67,-65
100900073,69,983,-914
100900074,1,19,-18
100900075,3466,552,2914
100900076,61,98,-37
100900077,19,273,-254
100900078,70,423,-353
100900079,4,36,-32
100900080,42,238,-196
100900081,27,165,-138
100900082,56,1013,-957
100900083,4,38,-34
100900085,5,145,-140
100900086,226,1092,-866
100900088,85,1079,-994
100900089,5,43,-38
100900090,124,593,-469
100900091,2,22,-20
100900092,324,223,101
100900093,302,559,-257
100900094,100,1102,-1002
100900095,0,53,-53
100900096,89,140,-51
100900097,0,14,-14
100900098,6,32,-26
100900099,44,858,-814
100900100,13,430,-417
100900101,636,31,605
100900102,129,61,68
100900103,5,13,-8
100900104,20,279,-259
100900105,27,210,-183
100900106,91,10,81
100900107,2852,855,1997
100900108,0,18,-18
100900109,12,26,-14
100900110,11,76,-65
100900111,73,274,-201
100900112,2,12,-10
100900113,6,39,-33
100900114,9,10,-1
100900115,2,65,-63
100900116,904,955,-51
100900117,366,1026,-660
100900118,166,154,12
100900119,9,27,-18
100900120,6,19,-13
100900121,307,700,-393
100900122,162,245,-83
100900123,73,172,-99
100900124,4,10,-6
100900125,32,166,-134
100900126,115,300,-185
100900127,3,12,-9
100900128,118,215,-97
100900129,1,163,-162
100900131,82,216,-134
100900133,54,66,-12
100900134,0,5,-5
100900135,0,170,-170
100900137,534,221,313
100900138,593,442,151
100900139,13,5,8
100900140,5,1284,-1279
100900141,2,618,-616
100900142,4,7,-3
100900143,1090,524,566
100900144,15,6,9
100900145,62,178,-116
100900146,4,44,-40
100900147,15,372,-357
100900148,47,1654,-1607
100900149,12,120,-108
100900150,0,15,-15
100900151,146,867,-721
100900152,151,16,135
100900153,5,220,-215
100900154,10,33,-23
100900155,8,22,-14
100900156,46,5,41
100900157,13,154,-141
100900158,1402,455,947
100900159,1,44,-43
100900160,20,24,-4
100900161,163,6,157
100900162,15,295,-280
100900163,190,280,-90
100900164,35,70,-35
100900165,45,33,12
100900166,54,9,45
100900167,15,161,-146
100900168,33,177,-144
100900169,220,1621,-1401
100900170,37,17,20
100900171,24,1086,-1062
100900172,0,11,-11
100900173,17,967,-950
100900174,499,71,428
100900176,1822,207,1615
100900177,1324,502,822
100900178,487,229,258
100900179,150,110,40
100900180,1,6,-5
100900181,127,84,43
100900182,65,25,40
100900184,12,229,-217
100900186,1427,763,664
100900187,15,253,-238
100900188,65,28,37
100900189,1473,224,1249
100900191,1800,1098,702
100900192,398,256,142
100900195,133,200,-67
100900197,31,187,-156
100900198,33,574,-541
100900199,35,13,22
100900200,812,583,229
100900201,124,1512,-1388
100900202,9,0,9
100900203,0,83,-83
100900204,790,750,40
100900205,161,623,-462
100900206,142,96,46
100900207,256,125,131
100900210,88,1130,-1042
100900211,434,146,288
100900213,67,43,24
100900214,1408,81,1327
100900215,15,52,-37
101000001,5505,2348,3157
101000002,5187,5473,-286
101000003,1135,2928,-1793
101000004,12806,10139,2667
101000005,6952,6078,874
101000006,11037,9371,1666
101000007,3383,3771,-388
101000008,5767,3327,2440
101000009,2172,2921,-749
101000010,1108,2269,-1161
101000011,3302,1048,2254
101000012,2908,826,2082
101000013,692,1175,-483
101000014,827,1057,-230
101000015,890,974,-84
101000016,809,451,358
101000017,738,779,-41
101000018,5772,3541,2231
101000020,5319,1696,3623
101000021,2249,419,1830
101000022,657,141,516
101000023,2340,827,1513
101000025,237,501,-264
101000026,507,32,475
101000027,2946,1823,1123
101000028,145,84,61
101000029,120,987,-867
101000030,1803,86,1717
101000031,851,576,275
101000032,8801,2714,6087
101000033,3402,2622,780
101000034,3599,1424,2175
101000035,1576,606,970
101000036,2360,446,1914
101000037,5596,1468,4128
101000039,4081,1965,2116
101000040,5852,3882,1970
101000041,19601,6220,13381
101000042,1381,1081,300
101000043,13812,5691,8121
101000045,2271,753,1518
101000046,3191,746,2445
101000047,1914,1866,48
101000048,1261,1135,126
101000049,1103,1388,-285
101000050,3884,3343,541
101000051,3974,1981,1993
101000052,1982,782,1200
101000053,1472,1764,-292
101000054,2806,1855,951
101000055,2115,1692,423
101000056,85,75,10
101000057,3342,908,2434
101000058,2604,1270,1334
101000059,5039,1987,3052
101000060,2282,459,1823
101000061,1448,943,505
101000062,1384,627,757
101000063,756,682,74
101000064,1707,489,1218
101000065,295,329,-34
101000066,692,288,404
101000067,1408,653,755
101000068,475,324,151
101000069,636,80,556
101000070,2030,1444,586
101000071,2685,1116,1569
101000072,1460,4846,-3386
101000073,891,830,61
101000074,7026,5567,1459
101000075,8687,5252,3435
101000077,1351,2470,-1119
101000078,1467,2639,-1172
101000079,553,1064,-511
101000080,613,629,-16
101000081,1390,2027,-637
101000082,4822,3728,1094
101000083,2478,2441,37
101000084,1800,1258,542
101000085,1762,1555,207
101000086,1484,1680,-196
101000087,1227,1793,-566
101000088,1263,1382,-119
101000089,1066,1856,-790
101000090,3398,2195,1203
101000091,489,2387,-1898
101000092,844,1436,-592
101000093,2231,1175,1056
101000094,952,1859,-907
101000095,283,1149,-866
101000096,337,922,-585
101000097,953,422,531
101000098,886,640,246
101000099,1418,1647,-229
101000100,1323,908,415
101000101,669,436,233
101000102,1642,326,1316
101000103,1380,609,771
101000104,560,584,-24
101000105,1072,323,749
101000106,1299,665,634
101000107,195,451,-256
101000108,2327,593,1734
101000109,274,100,174
101000110,46,1263,-1217
101000111,174,272,-98
101000113,224,1012,-788
101000114,5372,2377,2995
101000115,457,285,172
101000116,262,330,-68
101000117,1096,348,748
101000119,189,63,126
101000120,263,55,208
101000121,119,39,80
101000122,158,41,117
101000123,84,64,20
101000124,219,264,-45
101000125,177,667,-490
101000128,1476,472,1004
101000130,395,514,-119
101000131,730,976,-246
101000132,616,2472,-1856
101000135,89,33,56
101000136,442,136,306
101000137,37,293,-256
101000141,2776,2675,101
101000147,753,568,185
101000148,2514,51,2463
101000149,203,94,109
101000150,76,1644,-1568
101000151,119,115,4
101000152,394,358,36
101000153,670,800,-130
101000154,219,3270,-3051
101000155,201,247,-46
101000156,12,300,-288
101000157,71,53,18
101000160,70,83,-13
101000163,220,109,111
101000164,566,540,26
101000165,338,531,-193
101000166,366,583,-217
101000168,955,455,500
101000252,1670,1163,507
101000254,660,78,582
101000258,53,9,44
101000261,66,337,-271
101000262,1170,1236,-66
101000263,475,1399,-924
101000265,78,628,-550
101000266,465,401,64
101000269,192,7,185
101000290,2267,3523,-1256
101000293,32,115,-83
101000294,685,694,-9
101000295,148,706,-558
101000301,990,379,611
101000304,2476,2736,-260
101000305,2997,2302,695
101900001,14,94,-80
101900002,0,20,-20
101900003,101,133,-32
101900004,8,29,-21
101900005,9351,2104,7247
101900006,1279,49,1230
101900007,658,82,576
101900008,222,394,-172
101900009,104,692,-588
101900010,1412,834,578
101900011,495,1866,-1371
101900012,182,555,-373
101900013,2004,214,1790
101900017,34,153,-119
101900018,2907,299,2608
101900019,400,162,238
101900020,234,194,40
101900021,2,112,-110
101900022,149,2364,-2215
101900023,120,387,-267
102000001,3568,5273,-1705
102000002,3976,1744,2232
102000003,4770,7236,-2466
102000004,11093,4071,7022
102000005,2028,2964,-936
102000006,2439,2354,85
102000007,1808,5971,-4163
102000008,7840,2714,5126
102000009,7097,9570,-2473
102000010,7580,5571,2009
102000011,3214,2872,342
102000012,4642,4984,-342
102000018,5601,3901,1700
102000019,4176,2642,1534
102000026,328,1063,-735
102000029,575,355,220
102000030,106,464,-358
102000031,49,331,-282
102000032,346,581,-235
102000033,256,676,-420
102000034,799,892,-93
102000035,1398,894,504
102000036,4,513,-509
102000037,235,148,87
102000038,546,166,380
102000039,477,72,405
102000040,1050,148,902
102000041,358,316,42
102000042,384,223,161
102000043,720,346,374
102000044,734,829,-95
102000045,966,1780,-814
102000046,1406,815,591
102000047,917,1865,-948
102000048,315,1152,-837
102000049,1667,1025,642
102000050,1791,1641,150
102000051,609,791,-182
102000052,2135,1351,784
102000053,1332,1304,28
102000054,526,1075,-549
102000055,938,1617,-679
102000056,790,2507,-1717
102000057,1606,883,723
102000058,1555,3487,-1932
102000059,1374,2513,-1139
102000060,1363,1349,14
102000061,1341,3514,-2173
102000062,1175,1739,-564
102000063,1705,1978,-273
102000064,616,836,-220
102000065,61,186,-125
102000066,1002,2100,-1098
102000067,3363,4588,-1225
102000068,13856,4101,9755
102000069,72,2628,-2556
102000070,2188,79,2109
102000071,9655,12558,-2903
102000072,4144,8258,-4114
102000073,1470,1460,10
102000074,862,1385,-523
102000075,285,420,-135
102000076,235,768,-533
102000077,507,1875,-1368
102000078,905,1444,-539
102000079,248,532,-284
102000080,342,362,-20
102000081,323,1111,-788
102000082,848,463,385
102000083,584,682,-98
102000084,128,593,-465
102000085,2333,1764,569
102000086,1183,2209,-1026
102000087,1115,2450,-1335
102000088,190,397,-207
102000089,1190,784,406
102000090,511,1500,-989
102000091,1567,575,992
102000092,466,1203,-737
102000093,674,833,-159
102000094,1479,1052,427
102000095,1389,1956,-567
102000096,1420,1370,50
102000097,1789,1793,-4
102000098,807,1693,-886
102000099,1679,869,810
102000100,1268,1558,-290
102000101,1967,736,1231
102000102,439,3645,-3206
102000103,1848,624,1224
102000104,1585,497,1088
102000105,311,1260,-949
102000106,771,1362,-591
102000107,925,913,12
102000108,491,518,-27
102000109,438,1012,-574
102000110,740,2685,-1945
102000111,9,616,-607
102000112,125,119,6
102000113,20,70,-50
102000114,1822,560,1262
102000115,243,263,-20
102000116,1248,355,893
102000117,484,757,-273
102000118,2985,1131,1854
102000119,3535,849,2686
102000120,264,801,-537
102000121,1027,951,76
102000122,583,1175,-592
102000123,1971,1625,346
102000124,2305,1345,960
102000125,1173,1365,-192
102000126,961,1006,-45
102000127,1313,1091,222
102000128,765,1798,-1033
102000129,1258,1353,-95
102000130,493,1460,-967
102000131,1928,1534,394
102000132,644,2388,-1744
102000133,1660,3269,-1609
102000134,645,1117,-472
102000135,1427,1439,-12
102000136,1801,878,923
102000137,1696,1230,466
102000138,447,583,-136
102000139,211,472,-261
102000140,679,385,294
102000141,771,765,6
102000142,250,606,-356
102000143,128,727,-599
102000144,181,590,-409
102000145,280,743,-463
102000146,440,541,-101
102000147,446,527,-81
102000148,222,355,-133
102000149,221,1013,-792
102000150,251,503,-252
102000151,192,697,-505
102000152,131,272,-141
102000153,1148,471,677
102000154,692,1081,-389
102000155,197,426,-229
102000156,576,98,478
102000157,247,297,-50
102000158,632,309,323
102000159,2687,546,2141
102000161,6595,2545,4050
102000162,273,190,83
102000163,107,580,-473
102000164,1460,1249,211
102000165,291,137,154
102000166,44,136,-92
102000167,151,254,-103
102000168,202,159,43
102000169,120,743,-623
102000170,1007,155,852
102000171,189,93,96
102000172,112,360,-248
102000173,492,275,217
102000174,46,116,-70
102000175,188,228,-40
102000176,37,38,-1
102000178,264,956,-692
102000179,372,295,77
102000180,660,959,-299
102000181,599,992,-393
102000182,508,1107,-599
102000183,1642,3234,-1592
102000184,1711,1458,253
102000185,2165,2377,-212
102000186,1021,3273,-2252
102000187,815,2979,-2164
102000188,943,2126,-1183
102000189,4983,1589,3394
102000190,917,3562,-2645
102000191,1746,913,833
102000192,965,1411,-446
102000193,62,241,-179
102000194,113,203,-90
102000195,531,885,-354
102000196,184,1015,-831
102000197,599,946,-347
102000198,180,1610,-1430
102000199,725,604,121
102000200,315,2059,-1744
102000201,625,777,-152
102000202,2,247,-245
102000203,354,542,-188
102000204,351,1412,-1061
102000205,1076,1039,37
102000206,945,1272,-327
102000207,1326,584,742
102000208,520,939,-419
102000209,55,105,-50
102000210,388,667,-279
102000211,684,1095,-411
102000212,196,24,172
102000213,3,690,-687
102000214,213,27,186
102000215,5,1052,-1047
102000216,32,75,-43
102000217,14,355,-341
102000218,210,149,61
102000219,704,596,108
102000225,824,1024,-200
102000226,8624,1383,7241
102000227,197,1,196
102000228,0,202,-202
102000229,27,54,-27
102000230,329,997,-668
102000231,444,655,-211
102000232,17,341,-324
102000233,553,1142,-589
102000234,109,1728,-1619
102000236,409,125,284
102000237,867,227,640
102000238,193,628,-435
102000240,841,654,187
102000241,297,234,63
102000243,13,91,-78
102000245,14,78,-64
102000246,14,33,-19
102000247,279,1107,-828
102000248,225,524,-299
102000249,159,250,-91
102000250,81,708,-627
102000254,80,660,-580
102000266,91,361,-270
102000271,46,2,44
102000286,674,500,174
102000297,2268,1559,709
102000299,0,0,0
102000301,0,0,0
102000302,0,0,0
102000303,0,0,0
102000305,0,0,0
102000307,1,8,-7
102000308,0,27,-27
102900001,1626,1794,-168
102900002,434,40,394
102900003,63,370,-307
102900005,334,659,-325
102900006,632,379,253
102900007,477,34,443
102900008,311,216,95
102900009,641,289,352
102900010,837,594,243
102900011,3160,623,2537
102900012,437,90,347
102900013,23,81,-58
102900015,1260,573,687
102900016,76,197,-121
102900017,181,898,-717
102900018,32,199,-167
102900019,643,1134,-491
102900020,127,53,74
102900021,23,169,-146
102900022,679,169,510
102900023,28,100,-72
102900024,33,76,-43
102900025,398,140,258
102900026,1160,2027,-867
102900027,72,86,-14
102900028,146,693,-547
102900029,248,225,23
102900030,506,340,166
102900031,160,274,-114
102900032,70,217,-147
102900033,109,260,-151
102900034,333,215,118
102900035,136,708,-572
102900036,197,890,-693
102900037,224,1195,-971
102900038,390,1101,-711
102900039,67,528,-461
102900040,212,344,-132
102900041,101,324,-223
102900042,248,535,-287
102900043,156,385,-229
102900044,910,3125,-2215
102900045,137,868,-731
102900046,150,482,-332
102900047,55,1183,-1128
102900048,761,1167,-406
102900049,118,625,-507
102900050,330,635,-305
102900051,218,373,-155
102900052,83,42,41
102900053,452,1297,-845
102900054,1705,1461,244
102900055,141,225,-84
102900056,170,788,-618
102900057,2,65,-63
102900058,507,90,417
102900059,14,57,-43
102900060,114,711,-597
102900061,215,819,-604
102900062,210,1969,-1759
102900063,946,622,324
102900064,186,586,-400
102900065,2687,1068,1619
102900066,448,101,347
102900068,123,119,4
102900070,270,999,-729
102900072,18,54,-36
102900073,204,9,195
102900074,392,272,120
102900075,16,49,-33
102900076,402,120,282
102900077,27,50,-23
102900078,58,86,-28
102900079,236,19,217
102900080,470,43,427
102900081,83,568,-485
102900082,7,436,-429
102900083,394,18,376
102900084,13,35,-22
102900085,263,113,150
102900086,10,77,-67
102900087,118,246,-128
102900088,67,49,18
102900089,402,230,172
102900090,2,737,-735
102900091,154,10,144
102900092,313,1689,-1376
102900093,390,392,-2
102900094,0,125,-125
102900095,159,2,157
102900096,47,24,23
102900097,18,200,-182
103000001,3368,3710,-342
103000002,3365,3201,164
103000003,7895,4063,3832
103000004,1445,992,453
103000005,3257,3229,28
103000006,720,1825,-1105
103000007,455,1302,-847
103000008,1369,1489,-120
103000009,1258,1478,-220
103000010,168,195,-27
103000011,2369,1754,615
103000012,1557,1911,-354
103000013,9017,2746,6271
103000014,1768,2922,-1154
103000015,3973,1046,2927
103000016,762,1574,-812
103000017,255,555,-300
103000018,1942,554,1388
103000019,281,301,-20
103000020,2686,2105,581
103000021,1953,2061,-108
103000022,1585,1675,-90
103000023,718,2091,-1373
103000024,184,226,-42
103000025,121,628,-507
103000026,2600,186,2414
103000027,356,685,-329
103000028,797,516,281
103000029,517,337,180
103000030,3038,1023,2015
103000031,2046,2345,-299
103000032,2544,2698,-154
103000033,3471,3632,-161
103000034,2327,1481,846
103000035,600,1667,-1067
103000036,556,747,-191
103000037,676,689,-13
103000038,730,1520,-790
103000039,333,720,-387
103000040,423,2138,-1715
103000041,1991,4113,-2122
103000042,1080,1300,-220
103000043,470,1982,-1512
103000044,202,407,-205
103000046,336,674,-338
103000047,755,1008,-253
103000048,200,278,-78
103000049,151,308,-157
103000050,891,1262,-371
103000051,462,909,-447
103000052,1021,818,203
103000053,200,719,-519
103000054,2847,1809,1038
103000055,1888,2960,-1072
103000056,744,3313,-2569
103000057,409,522,-113
103000058,639,1540,-901
103000059,348,1114,-766
103000060,827,1301,-474
103000061,291,1403,-1112
103000062,1346,1159,187
103000063,748,1052,-304
103000064,165,413,-248
103000065,6,498,-492
103000066,180,17,163
103000069,280,490,-210
103000070,1093,1804,-711
103000071,1036,543,493
103000072,166,1539,-1373
103000073,741,231,510
103000074,922,137,785
103000075,165,1676,-1511
103000076,295,339,-44
103000077,44,724,-680
103000078,1706,640,1066
103000079,2553,662,1891
103000080,1514,504,1010
103000081,712,1186,-474
103000082,688,421,267
103000083,157,520,-363
103000084,223,11,212
103000085,2,106,-104
103000086,898,534,364
103000087,183,752,-569
103000088,489,519,-30
103000089,382,583,-201
103000090,1757,1297,460
103000091,577,609,-32
103000092,368,382,-14
103000093,472,805,-333
103000094,256,202,54
103000095,73,636,-563
103000096,904,220,684
103000097,78,1040,-962
103000098,1251,314,937
103000099,388,944,-556
103000100,123,1477,-1354
103000101,892,259,633
103000102,193,1217,-1024
103000103,740,493,247
103000104,58,256,-198
103000105,193,195,-2
103000106,14,127,-113
103000107,370,77,293
103000108,822,768,54
103000109,555,356,199
103000110,537,554,-17
103000111,833,575,258
103000112,434,246,188
103000113,1106,822,284
103000114,1621,555,1066
103000115,576,957,-381
103000116,600,929,-329
103000117,319,930,-611
103000118,2361,1421,940
103000119,2937,781,2156
103000120,82,114,-32
103000121,258,960,-702
103000122,374,263,111
103000125,11,691,-680
103000126,481,11,470
103000127,1,297,-296
103000128,145,3,142
103000129,2,233,-231
103000130,33,30,3
103000131,297,127,170
103000132,75,232,-157
103000133,21,178,-157
103000134,841,1132,-291
103000135,1385,329,1056
103000136,1230,584,646
103000137,1120,770,350
103000138,1142,1098,44
103000139,2,74,-72
103000140,301,36,265
103000141,47,142,-95
103000142,203,115,88
103000143,116,334,-218
103000144,173,176,-3
103000145,32,66,-34
103000150,98,96,2
103000152,404,325,79
103000153,310,194,116
103000156,17,683,-666
103000157,408,4,404
103000159,131,144,-13
103000162,117,12,105
103000163,6,14,-8
103000164,11,17,-6
103000165,345,705,-360
103000166,205,318,-113
103000167,361,180,181
103000168,87,240,-153
103000169,205,609,-404
103000170,516,800,-284
103000171,62,106,-44
103000172,634,1537,-903
103000173,385,1158,-773
103000174,180,498,-318
103000175,200,654,-454
103000176,1308,431,877
103000177,1206,659,547
103000178,482,525,-43
103000179,211,71,140
103000183,127,61,66
103000185,87,152,-65
103000186,103,267,-164
103000187,399,1151,-752
103000188,20,87,-67
103000189,1369,1537,-168
103000191,750,1205,-455
103000292,4024,1448,2576
103000293,1900,1980,-80
103000295,120,130,-10
103000296,273,5,268
103000297,139,52,87
103000504,66,55,11
103000505,11,10,1
103000506,2,283,-281
103000507,197,4,193
103000508,57,61,-4
103000509,267,750,-483
103900001,6,698,-692
103900002,3041,296,2745
103900003,3122,147,2975
103900004,65,0,65
103900005,6,418,-412
103900006,4,1,3
103900007,27,0,27
103900008,34,1,33
103900009,294,515,-221
103900010,171,423,-252
103900011,220,382,-162
103900012,19,39,-20
103900013,44,133,-89
103900014,45,34,11
103900015,41,38,3
103900016,384,482,-98
103900017,20,120,-100
103900018,673,266,407
103900019,42,316,-274
103900020,264,604,-340
103900021,1289,65,1224
103900022,1235,813,422
103900023,97,4,93
103900024,107,1419,-1312
103900025,2,91,-89
103900026,29,0,29
103900027,685,589,96
103900028,20,311,-291
103900029,1059,120,939
103900030,375,42,333
103900031,22,0,22
103900032,55,32,23
103900033,139,8,131
103900034,41,543,-502
103900035,90,141,-51
103900036,63,32,31
103900037,68,75,-7
103900038,92,173,-81
103900039,56,750,-694
103900040,5,312,-307
103900041,25,50,-25
103900042,37,627,-590
103900043,152,181,-29
103900044,436,279,157
103900045,261,242,19
103900047,47,34,13
103900048,54,31,23
103900049,311,2397,-2086
103900050,7,155,-148
103900051,0,57,-57
103900052,209,976,-767
103900053,94,1982,-1888
103900054,74,917,-843
103900055,517,406,111
103900056,22,34,-12
103900057,31,448,-417
103900058,212,1341,-1129
103900059,1,2,-1
103900060,45,380,-335
103900061,117,128,-11
103900062,324,100,224
103900063,2,0,2
103900064,72,5,67
103900065,1073,653,420
103900066,141,11,130
103900067,141,20,121
103900068,9,0,9
103900069,114,13,101
103900070,204,495,-291
103900071,50,324,-274
103900072,4,464,-460
103900073,37,36,1
103900074,92,168,-76
103900075,79,112,-33
103900076,486,1283,-797
103900077,142,134,8
103900078,225,205,20
103900079,154,425,-271
103900080,25,60,-35
103900081,96,19,77
103900082,14,210,-196
103900083,2931,832,2099
103900084,59,313,-254
103900085,70,159,-89
103900086,519,511,8
103900087,33,155,-122
103900088,427,442,-15
103900089,50,275,-225
103900090,2,374,-372
103900091,1245,355,890
103900092,656,736,-80
103900093,120,589,-469
103900094,7,187,-180
103900095,336,240,96
103900096,40,545,-505
103900097,8,844,-836
103900098,256,139,117
103900099,86,526,-440
103900100,217,553,-336
103900101,67,1541,-1474
103900102,1,56,-55
103900104,2,82,-80
103900105,110,254,-144
103900106,0,23,-23
103900107,296,491,-195
103900108,40,631,-591
103900109,81,230,-149
103900110,288,82,206
103900111,80,1437,-1357
103900112,30,53,-23
103900113,181,364,-183
103900114,661,516,145
103900115,392,188,204
103900116,10095,2705,7390
103900117,266,227,39
103900119,37,69,-32
103900120,23,195,-172
103900122,87,529,-442
103900123,2463,613,1850
103900124,65,27,38
103900125,60,108,-48
103900126,583,991,-408
103900127,193,1757,-1564
103900128,112,335,-223
103900131,21,125,-104
103900133,1290,38,1252
103900134,1,6,-5
103900135,9,9,0
103900137,1,76,-75
103900138,119,635,-516
103900139,372,1766,-1394
103900140,9,98,-89
103900141,338,141,197
103900142,87,352,-265
103900143,51,19,32
103900144,0,83,-83
103900145,205,573,-368
103900146,294,639,-345
103900147,369,208,161
103900148,170,401,-231
103900149,215,1288,-1073
103900150,13006,3730,9276
103900151,98,302,-204
103900152,407,1134,-727
103900153,22,1,21
103900154,1988,1469,519
103900155,32,406,-374
103900156,24,320,-296
103900157,30,569,-539
103900158,63,405,-342
103900159,89,174,-85
103900160,45,33,12
103900161,117,360,-243
103900162,49,523,-474
103900163,16,768,-752
103900164,260,59,201
103900167,25,127,-102
103900168,111,255,-144
103900169,27,88,-61
103900170,3,210,-207
103900171,2,144,-142
103900172,9,73,-64
103900173,12,15,-3
103900174,151,125,26
103900175,81,59,22
103900176,24,38,-14
103900177,22,58,-36
103900178,53,176,-123
103900179,69,511,-442
103900180,9,209,-200
103900181,73,75,-2
103900182,36,23,13
103900184,1152,97,1055
103900185,713,247,466
103900187,112,71,41
103900188,51,30,21
103900189,135,15,120
103900190,131,67,64
103900191,68,111,-43
103900192,65,208,-143
103900193,264,277,-13
103900194,133,656,-523
103900195,5,43,-38
103900196,47,35,12
103900197,21,62,-41
103900198,12,93,-81
103900199,104,124,-20
103900200,195,216,-21
103900201,190,252,-62
103900202,17,81,-64
103900203,77,14,63
103900204,5,237,-232
103900207,2,311,-309
103900208,67,2,65
103900209,22,196,-174
103900210,29,27,2
103900211,495,1091,-596
103900212,122,799,-677
103900213,169,331,-162
103900214,442,167,275
103900215,707,256,451
103900216,18,1256,-1238
103900217,592,69,523
103900218,1,509,-508
103900219,174,735,-561
103900233,187,5,182
103900235,55,32,23
103900236,45,1,44
103900242,6,15,-9
103900243,6,7,-1
103900244,118,621,-503
103900245,128,430,-302
103900246,75,71,4
103900247,72,178,-106
103900248,8,28,-20
103900249,37,70,-33
103900250,72,37,35
103900251,4,35,-31
103900253,30,85,-55
103900254,10,55,-45
103900255,46,20,26
103900256,35,26,9
103900257,33,230,-197
103900258,61,10,51
103900259,81,8,73
103900261,19,4,15
103900262,24,2,22
103900263,113,96,17
103900264,101,50,51
103900265,59,13,46
103900266,2,78,-76
103900267,8,47,-39
104000001,2628,3233,-605
104000002,2425,4699,-2274
104000003,3061,3183,-122
104000004,4413,4214,199
104000005,1687,2698,-1011
104000006,3422,4358,-936
104000007,5837,5909,-72
104000008,464,623,-159
104000009,173,193,-20
104000010,221,279,-58
104000011,1392,567,825
104000012,230,765,-535
104000013,215,205,10
104000014,324,1129,-805
104000015,279,264,15
104000016,764,685,79
104000018,738,256,482
104000019,590,167,423
104000020,285,1184,-899
104000021,443,1055,-612
104000022,181,419,-238
104000023,617,574,43
104000024,304,669,-365
104000026,63,495,-432
104000027,421,731,-310
104000028,430,407,23
104000029,589,816,-227
104000030,395,402,-7
104000031,1163,611,552
104000032,280,526,-246
104000033,614,816,-202
104000034,479,633,-154
104000035,734,815,-81
104000036,752,1240,-488
104000037,385,504,-119
104000038,430,491,-61
104000039,212,597,-385
104000040,863,658,205
104000041,619,595,24
104000042,239,685,-446
104000043,401,578,-177
104000044,342,1133,-791
104000045,1274,2016,-742
104000046,2253,2529,-276
104000047,881,2033,-1152
104000048,1548,3068,-1520
104000049,485,471,14
104000050,215,951,-736
104000051,140,1171,-1031
104000052,1405,2537,-1132
104000053,932,1008,-76
104000054,744,909,-165
104000055,5197,4207,990
104000056,2273,437,1836
104000057,140,698,-558
104000058,753,1248,-495
104000059,675,1878,-1203
104000060,971,1889,-918
104000061,1646,2228,-582
104000062,298,271,27
104000064,673,496,177
104000065,175,557,-382
104000069,2328,1031,1297
104000070,88,463,-375
104000071,154,649,-495
104000072,571,323,248
104000075,80,479,-399
104000076,722,116,606
104000082,2530,3792,-1262
104000083,870,316,554
104000084,130,801,-671
104000085,343,372,-29
104000086,207,629,-422
104000087,605,1935,-1330
104000090,839,2833,-1994
104000092,1103,4805,-3702
104000094,1224,3443,-2219
104000095,2038,2055,-17
104000096,1620,844,776
104000097,1832,1904,-72
104000098,1718,2483,-765
104000100,1461,1070,391
104000101,1176,4175,-2999
104000106,146,776,-630
104000107,749,661,88
104000108,505,1034,-529
104000109,332,115,217
104000110,1024,1523,-499
104000111,9031,3194,5837
104000112,3813,909,2904
104000116,7,2239,-2232
104000117,171,2009,-1838
104000118,541,478,63
104000119,490,397,93
104000120,253,2005,-1752
104000121,221,1054,-833
104000122,658,998,-340
104000123,1379,1832,-453
104000124,1832,4511,-2679
104000125,9118,4736,4382
104000126,446,779,-333
104000127,1924,4849,-2925
104000128,1097,644,453
104000129,94,0,94
104000130,2,406,-404
104000131,1395,853,542
104000132,935,1144,-209
104000133,1305,1510,-205
104000134,1071,2217,-1146
104000135,446,2050,-1604
104000136,1093,4741,-3648
104000137,2192,521,1671
104000138,2085,675,1410
104000139,12895,4665,8230
104000141,1546,2776,-1230
104000142,795,1644,-849
104000143,832,1230,-398
104000144,111,262,-151
104000145,565,288,277
104000146,434,874,-440
104000147,162,536,-374
104000148,392,223,169
104000149,225,589,-364
104000150,1260,824,436
104000151,640,1030,-390
104000152,613,1310,-697
104000153,682,758,-76
104000154,1290,1230,60
104000155,476,629,-153
104000157,1355,2788,-1433
104000158,461,425,36
104000159,789,536,253
104000160,2157,2511,-354
104000161,450,273,177
104000162,88,164,-76
104000165,2101,1775,326
104000167,616,1117,-501
104000168,683,16,667
104000169,62,91,-29
104000170,1090,724,366
104000248,508,1964,-1456
104000251,92,506,-414
104000272,0,0,0
104000273,0,0,0
104000274,0,0,0
104000275,0,0,0
104000279,1080,714,366
104000290,88,686,-598
104000291,710,1610,-900
104000293,840,1137,-297
104000294,13,0,13
104000295,620,1288,-668
104000296,404,1175,-771
104000297,1128,2358,-1230
104000298,2447,1351,1096
104000299,878,2570,-1692
104900001,160,841,-681
104900002,54,166,-112
104900003,69,568,-499
104900004,121,566,-445
104900005,203,293,-90
104900006,199,108,91
104900007,280,452,-172
104900009,154,829,-675
104900010,27,51,-24
104900011,8,9,-1
104900012,224,22,202
104900013,119,20,99
104900014,6065,660,5405
104900015,117,4,113
104900016,194,571,-377
104900017,95,320,-225
104900018,11,345,-334
104900019,496,2172,-1676
104900020,78,472,-394
104900021,4,500,-496
104900022,25,231,-206
104900023,3,238,-235
104900024,34,157,-123
104900025,107,780,-673
104900026,7,233,-226
104900027,419,395,24
104900028,37,164,-127
104900029,54,176,-122
104900030,478,335,143
104900031,211,396,-185
104900032,49,313,-264
104900033,144,383,-239
104900034,348,153,195
104900035,275,181,94
104900036,186,96,90
104900037,154,693,-539
104900038,938,695,243
104900039,1707,266,1441
104900040,253,119,134
104900041,258,342,-84
104900042,156,765,-609
104900043,12,95,-83
104900044,437,337,100
104900045,423,103,320
104900046,178,178,0
104900047,318,232,86
104900048,229,177,52
104900049,30,17,13
104900050,203,161,42
104900051,269,89,180
104900052,35,0,35
104900053,372,107,265
104900054,261,79,182
104900055,94,0,94
104900056,222,25,197
104900057,40,3,37
104900058,990,306,684
104900059,38,67,-29
104900060,4,746,-742
104900061,510,1094,-584
104900063,1,288,-287
104900064,3,179,-176
104900065,0,170,-170
104900066,7,467,-460
104900067,8,445,-437
104900068,21,379,-358
104900070,195,441,-246
104900071,8,1419,-1411
104900072,73,424,-351
104900073,58,709,-651
104900074,94,448,-354
104900075,50,249,-199
104900076,122,684,-562
104900077,2742,268,2474
104900078,215,1170,-955
104900079,198,285,-87
104900080,102,911,-809
104900082,17,528,-511
104900085,21,363,-342
104900087,467,7,460
104900089,132,0,132
104900090,851,816,35
104900091,714,1769,-1055
104900093,379,1041,-662
104900097,5931,2055,3876
104900098,161,62,99
104900099,157,590,-433
104900100,1405,424,981
104900102,52,513,-461
104900103,630,216,414
104900104,5780,2098,3682
104900106,94,190,-96
104900107,113,611,-498
104900108,34,566,-532
104900109,82,335,-253
104900110,20,83,-63
104900111,227,293,-66
104900112,241,1688,-1447
104900113,772,875,-103
104900114,294,1350,-1056
104900115,607,1069,-462
104900116,211,428,-217
104900118,26,113,-87
104900119,1,38,-37
104900120,68,120,-52
104900121,2,190,-188
104900122,2,197,-195
104900123,42,7,35
104900124,28,0,28
104900125,746,28,718
104900126,120,98,22
104900127,24,54,-30
104900128,68,173,-105
104900129,5227,1869,3358
105000001,3264,2633,631
105000002,3395,2751,644
105000003,4929,5189,-260
105000004,644,1840,-1196
105000005,980,1848,-868
105000006,1424,2527,-1103
105000007,1581,2177,-596
105000008,1771,3050,-1279
105000009,1746,3980,-2234
105000010,4236,4491,-255
105000011,2769,3422,-653
105000012,5397,4888,509
105000013,847,1372,-525
105000014,1874,2888,-1014
105000015,12683,11292,1391
105000016,6156,3224,2932
105000017,2136,1658,478
105000018,1893,1363,530
105000019,2314,1283,1031
105000020,270,488,-218
105000021,350,192,158
105000022,289,64,225
105000023,694,300,394
105000028,90,252,-162
105000029,535,1673,-1138
105000030,5471,5893,-422
105000033,1131,3424,-2293
105000034,322,859,-537
105000037,903,1056,-153
105000038,2376,2100,276
105000039,4207,3016,1191
105000040,887,1335,-448
105000041,754,2180,-1426
105000042,4116,1787,2329
105000043,2843,3853,-1010
105000044,615,695,-80
105000045,584,1760,-1176
105000046,977,715,262
105000047,738,2154,-1416
105000048,729,341,388
105000049,330,1292,-962
105000050,652,657,-5
105000051,353,900,-547
105000052,530,1890,-1360
105000053,184,241,-57
105000054,321,1669,-1348
105000055,554,836,-282
105000056,1337,4711,-3374
105000057,1382,1788,-406
105000058,1933,2622,-689
105000059,868,939,-71
105000060,857,1318,-461
105000061,594,815,-221
105000062,1345,2080,-735
105000063,559,1212,-653
105000064,1431,1163,268
105000065,585,1750,-1165
105000066,1715,3900,-2185
105000067,1291,847,444
105000068,883,1636,-753
105000069,6561,1445,5116
105000070,1444,1249,195
105000071,567,884,-317
105000072,709,1651,-942
105000073,938,943,-5
105000074,1147,1298,-151
105000075,838,1161,-323
105000076,2120,1514,606
105000077,2846,1109,1737
105000078,2010,1655,355
105000079,2425,2253,172
105000080,2528,1573,955
105000081,2036,1054,982
105000082,998,778,220
105000083,2224,1452,772
105000084,906,1772,-866
105000085,1743,1561,182
105000086,732,1289,-557
105000087,5006,2983,2023
105000088,1731,2100,-369
105000089,4488,3530,958
105000090,1223,1247,-24
105000091,2114,2447,-333
105000092,951,1658,-707
105000093,402,267,135
105000094,403,369,34
105000095,99,492,-393
105000096,1735,981,754
105000097,1772,1079,693
105000098,1161,884,277
105000099,1411,1384,27
105000100,1243,1758,-515
105000101,2333,3979,-1646
105000102,3093,2483,610
105000103,2464,4758,-2294
105000104,2407,1836,571
105000105,1446,3973,-2527
105000106,2074,3489,-1415
105000107,1316,2411,-1095
105000108,1495,4272,-2777
105000109,2072,3379,-1307
105000110,845,1778,-933
105000111,929,890,39
105000112,1522,1672,-150
105000113,453,925,-472
105000114,7820,1688,6132
105000115,427,1177,-750
105000116,741,745,-4
105000117,938,2235,-1297
105000118,461,754,-293
105000119,823,2750,-1927
105000120,1003,1179,-176
105000121,1346,2658,-1312
105000122,349,747,-398
105000123,1800,2782,-982
105000124,1719,1696,23
105000125,866,3465,-2599
105000126,2625,4351,-1726
105000127,3425,3436,-11
105000128,602,2603,-2001
105000129,1131,461,670
105000130,288,1846,-1558
105000131,1231,692,539
105000132,819,645,174
105000133,503,2047,-1544
105000134,637,840,-203
105000135,395,1022,-627
105000136,44,203,-159
105000137,309,392,-83
105000138,69,221,-152
105000139,1451,1816,-365
105000140,209,597,-388
105000141,283,1121,-838
105000142,148,688,-540
105000143,298,1245,-947
105000144,374,1228,-854
105000145,615,812,-197
105000146,878,1272,-394
105000147,620,678,-58
105000148,1215,977,238
105000149,2581,3401,-820
105000150,3004,2546,458
105000151,507,611,-104
105000152,318,1297,-979
105000153,825,826,-1
105000154,942,2101,-1159
105000155,405,1196,-791
105000156,1304,1949,-645
105000157,1393,4724,-3331
105000158,2510,1334,1176
105000159,386,2856,-2470
105000160,2056,1053,1003
105000161,1123,3591,-2468
105000162,918,1990,-1072
105000163,3158,2197,961
105000164,270,549,-279
105000165,3674,5765,-2091
105000166,14460,649,13811
105000167,6325,1920,4405
105000168,318,1754,-1436
105000169,393,733,-340
105000170,147,2166,-2019
105000171,1779,776,1003
105000172,124,89,35
105000173,93,40,53
105000174,54,62,-8
105000175,99,201,-102
105000176,232,122,110
105000177,225,204,21
105000178,125,1561,-1436
105000179,244,247,-3
105000180,210,218,-8
105000181,133,1028,-895
105000182,63,69,-6
105000183,5113,2606,2507
105000184,1391,1398,-7
105000185,1707,1118,589
105000186,419,1316,-897
105000187,818,320,498
105000188,355,181,174
105000189,215,765,-550
105000190,253,555,-302
105000191,426,558,-132
105000192,147,83,64
105000193,79,236,-157
105000194,236,91,145
105000195,416,1912,-1496
105000196,33,116,-83
105000197,372,1343,-971
105000198,800,523,277
105000199,381,355,26
105000200,163,397,-234
105000201,130,36,94
105000203,5,503,-498
105000204,79,147,-68
105000205,97,422,-325
105000207,975,353,622
105000208,371,751,-380
105000209,246,378,-132
105000212,1317,3099,-1782
105000213,285,271,14
105000214,108,374,-266
105000215,295,438,-143
105000216,141,510,-369
105000217,182,466,-284
105000218,1064,1616,-552
105000221,351,554,-203
105000222,204,107,97
105000223,235,346,-111
105000226,92,789,-697
105000227,38,369,-331
105000228,497,1457,-960
105000229,143,284,-141
105000231,243,491,-248
105000233,742,794,-52
105000234,703,2056,-1353
105000235,435,841,-406
105000237,1024,99,925
105000243,26,567,-541
105000248,104,82,22
105000262,357,3713,-3356
105000269,174,365,-191
105000270,422,184,238
105000271,2,558,-556
105000282,246,78,168
105000287,412,393,19
105000288,484,833,-349
105000289,2216,1465,751
105000290,25,7,18
105000402,8905,3420,5485
105000426,544,663,-119
105000438,2309,1043,1266
105000446,25669,8103,17566
105000447,13348,4697,8651
105000454,365,785,-420
105000455,360,264,96
105000474,20,4,16
105000477,371,671,-300
105000478,1950,3555,-1605
105000479,183,196,-13
105000480,3708,2894,814
105000481,3693,2977,716
105000482,7147,4203,2944
105000483,1876,1870,6
105000484,3467,3598,-131
105000485,1594,2190,-596
105000486,4626,3272,1354
105000488,5900,4813,1087
105000489,843,1351,-508
105000549,25,207,-182
105000550,611,2053,-1442
105000551,27,174,-147
105000552,5369,3016,2353
105900001,12,1981,-1969
105900002,3034,546,2488
105900003,6,112,-106
105900004,540,149,391
105900005,8,372,-364
105900006,8,100,-92
105900007,185,18,167
105900008,75,1394,-1319
105900009,16,16,0
105900011,286,63,223
105900012,609,172,437
105900013,4,27,-23
105900014,12,143,-131
105900015,265,596,-331
105900016,351,1304,-953
105900017,1034,94,940
105900018,265,503,-238
105900019,61,713,-652
105900020,72,111,-39
105900021,32,765,-733
105900022,313,650,-337
105900023,1,196,-195
105900024,13,312,-299
105900025,158,90,68
105900026,408,126,282
105900027,9938,7293,2645
105900028,182,277,-95
105900029,3185,565,2620
105900030,293,397,-104
105900031,882,276,606
105900032,106,233,-127
105900033,105,218,-113
105900034,176,432,-256
105900035,269,438,-169
105900036,56,261,-205
105900037,82,84,-2
105900038,234,614,-380
105900039,132,267,-135
105900040,74,154,-80
105900041,260,1077,-817
105900042,53,155,-102
105900043,3710,78,3632
105900044,1,258,-257
105900045,12,1078,-1066
105900046,7,275,-268
105900047,11,46,-35
105900048,113,886,-773
105900050,5313,2625,2688
105900051,18,2458,-2440
105900052,444,156,288
105900053,6585,2342,4243
105900054,393,563,-170
105900056,1274,336,938
105900057,11,230,-219
105900058,18,104,-86
105900059,0,54,-54
106000001,5886,2656,3230
106000002,4328,7988,-3660
106000003,3965,4175,-210
106000004,3681,3826,-145
106000005,3130,7903,-4773
106000006,8081,8022,59
106000007,531,652,-121
106000008,468,466,2
106000009,648,458,190
106000010,656,795,-139
106000011,904,1504,-600
106000012,1062,2739,-1677
106000013,2349,2752,-403
106000014,3028,3099,-71
106000015,1503,1711,-208
106000016,1549,4072,-2523
106000017,961,975,-14
106000018,896,934,-38
106000019,342,607,-265
106000020,379,763,-384
106000021,414,770,-356
106000022,512,526,-14
106000023,878,575,303
106000024,1078,1342,-264
106000025,89,345,-256
106000026,187,440,-253
106000027,1275,1979,-704
106000028,673,1052,-379
106000029,1132,2072,-940
106000030,1297,605,692
106000034,304,805,-501
106000035,1177,1905,-728
106000036,541,668,-127
106000037,2998,2850,148
106000038,819,155,664
106000039,312,84,228
106000040,288,1286,-998
106000041,1155,552,603
106000043,820,194,626
106000046,486,84,402
106000047,126,582,-456
106000049,775,209,566
106000050,342,1542,-1200
106000051,649,640,9
106000052,132,1115,-983
106000053,308,201,107
106000054,606,845,-239
106000055,1169,2125,-956
106000056,471,803,-332
106000057,277,430,-153
106000058,212,339,-127
106000059,328,406,-78
106000060,905,911,-6
106000061,275,729,-454
106000062,209,968,-759
106000063,809,816,-7
106000064,53,676,-623
106000065,549,453,96
106000066,251,738,-487
106000067,527,161,366
106000068,107,1117,-1010
106000069,245,190,55
106000070,605,1507,-902
106000071,1232,594,638
106000072,8886,2654,6232
106000073,2871,3271,-400
106000074,530,1301,-771
106000075,568,1976,-1408
106000076,2447,3031,-584
106000077,6222,2237,3985
106000078,1278,1723,-445
106000079,960,1710,-750
106000080,1657,1489,168
106000081,920,1789,-869
106000082,3485,1579,1906
106000083,563,2270,-1707
106000084,1447,1157,290
106000085,2507,2085,422
106000086,929,1270,-341
106000087,1073,1013,60
106000088,748,1262,-514
106000089,1259,704,555
106000090,347,921,-574
106000091,315,1364,-1049
106000092,825,470,355
106000093,415,137,278
106000094,178,703,-525
106000095,689,2204,-1515
106000096,1297,1129,168
106000097,1022,2261,-1239
106000098,793,1626,-833
106000099,291,1683,-1392
106000100,1597,460,1137
106000101,2004,484,1520
106000102,410,1076,-666
106000103,375,1070,-695
106000104,981,811,170
106000105,563,1489,-926
106000106,679,755,-76
106000107,181,619,-438
106000108,220,448,-228
106000109,140,649,-509
106000110,175,424,-249
106000111,170,985,-815
106000112,137,713,-576
106000113,1789,992,797
106000114,650,648,2
106000115,320,886,-566
106000116,263,457,-194
106000117,1297,1379,-82
106000118,1724,1706,18
106000119,4415,2040,2375
106000120,972,1376,-404
106000121,227,330,-103
106000122,212,567,-355
106000123,267,483,-216
106000124,54,613,-559
106000125,20,593,-573
106000126,182,325,-143
106000127,885,1681,-796
106000128,782,540,242
106000129,674,1232,-558
106000130,824,796,28
106000131,226,1350,-1124
106000132,1136,305,831
106000133,7008,1935,5073
106000134,1553,2237,-684
106000135,319,1635,-1316
106000136,989,1215,-226
106000137,97,2977,-2880
106000138,1252,140,1112
106000139,48,251,-203
106000140,45,177,-132
106000141,67,170,-103
106000142,105,139,-34
106000143,33,156,-123
106000144,38,119,-81
106000145,229,524,-295
106000146,387,408,-21
106000147,728,1022,-294
106000148,761,1504,-743
106000149,642,725,-83
106000150,662,2855,-2193
106000151,8488,1319,7169
106000152,2183,2318,-135
106000153,120,2640,-2520
106000154,2126,403,1723
106000155,54,434,-380
106000156,933,748,185
106000157,944,3432,-2488
106000158,5439,1297,4142
106000159,7961,2384,5577
106000160,490,2857,-2367
106000161,2632,932,1700
106000162,266,1022,-756
106000163,426,975,-549
106000164,384,501,-117
106000165,343,1472,-1129
106000166,1073,442,631
106000167,526,2408,-1882
106000168,392,421,-29
106000169,207,1434,-1227
106000170,517,448,69
106000171,191,1914,-1723
106000172,2893,1542,1351
106000173,1021,5334,-4313
106000174,1106,428,678
106000175,392,1964,-1572
106000176,1562,1286,276
106000177,1050,4458,-3408
106000178,3374,3125,249
106000179,1552,4039,-2487
106000180,972,2950,-1978
106000181,694,3605,-2911
106000182,1022,1505,-483
106000183,963,2109,-1146
106000184,1484,2115,-631
106000185,981,1759,-778
106000186,1399,264,1135
106000187,411,1241,-830
106000188,0,1,-1
106000189,4,82,-78
106000190,7,1,6
106000191,690,297,393
106000192,1,35,-34
106000193,488,202,286
106000194,235,522,-287
106000195,730,219,511
106000196,215,784,-569
106000197,525,716,-191
106000198,180,475,-295
106000199,1487,708,779
106000200,1033,269,764
106000201,733,2343,-1610
106000202,13772,1042,12730
106000203,263,300,-37
106000204,32,8,24
106000205,27,231,-204
106000206,84,15,69
106000207,65,1473,-1408
106000208,997,167,830
106000209,1322,609,713
106000210,320,2483,-2163
106000211,484,2481,-1997
106000212,851,375,476
106000213,1270,2186,-916
106000214,4565,720,3845
106000215,377,788,-411
106000216,537,540,-3
106000217,406,747,-341
106000218,691,555,136
106000219,187,495,-308
106000220,582,503,79
106000221,126,474,-348
106000222,47,211,-164
106000223,184,211,-27
106000224,277,440,-163
106000225,86,100,-14
106000226,198,595,-397
106000228,49,231,-182
106000229,83,1190,-1107
106000231,935,323,612
106000232,85,710,-625
106000233,429,236,193
106000234,59,283,-224
106000235,529,120,409
106000236,201,70,131
106000237,1,31,-30
106000238,4,14,-10
106000239,2,189,-187
106000240,49,15,34
106000241,29,1234,-1205
106000242,220,28,192
106000249,83,126,-43
106000250,75,687,-612
106000251,60,37,23
106000252,27,196,-169
106000253,27,57,-30
106000254,46,106,-60
106000255,20,168,-148
106000256,91,133,-42
106000257,151,460,-309
106000258,221,15,206
106000259,2,53,-51
106000260,21,7,14
106000261,4,88,-84
106000262,78,19,59
106000263,15,153,-138
106000264,220,15,205
106000265,14,229,-215
106000266,151,32,119
106000267,11,193,-182
106000268,633,41,592
106000269,137,125,12
106000270,252,659,-407
106000271,49,307,-258
106000272,141,102,39
106000273,14,289,-275
106000274,247,67,180
106000275,210,309,-99
106000276,241,102,139
106000277,222,209,13
106000278,181,67,114
106000279,13,137,-124
106000280,44,338,-294
106000281,91,197,-106
106000282,76,79,-3
106000283,149,209,-60
106000284,71,150,-79
106000285,207,308,-101
106000286,107,274,-167
106000287,125,177,-52
106000288,196,272,-76
106000289,126,158,-32
106000290,86,119,-33
106000291,100,217,-117
106000292,121,200,-79
106000293,145,178,-33
106000294,165,204,-39
106000295,58,121,-63
106000296,76,190,-114
106000297,94,407,-313
106000298,207,96,111
106000299,117,263,-146
106000300,79,148,-69
106000301,95,175,-80
106000303,47,107,-60
106000304,50,94,-44
106000305,20,86,-66
106000306,69,143,-74
106000307,33,34,-1
106000308,27,376,-349
106000309,21,147,-126
106000310,320,952,-632
106000311,302,187,115
106000312,74,377,-303
106000313,200,325,-125
106000318,348,409,-61
106000319,860,162,698
106000320,0,43,-43
106000321,616,126,490
106000322,130,327,-197
106000324,7,280,-273
106000325,1601,1200,401
106000326,1394,3057,-1663
106000327,96,277,-181
106000328,25,121,-96
106000329,69,606,-537
106000330,68,58,10
106000428,70,208,-138
106000429,146,710,-564
106000430,543,2160,-1617
106000431,1930,454,1476
106000432,2378,4471,-2093
106000433,2147,1232,915
106000434,3815,1567,2248
106000435,3413,4671,-1258
106000436,19,598,-579
106000437,233,38,195
106000438,335,183,152
106000439,65,1004,-939
106000440,322,776,-454
106000441,1,0,1
106000442,187,10,177
106000443,154,958,-804
106000450,4,446,-442
106000451,24,32,-8
106000454,5,114,-109
106000455,12,319,-307
106000456,119,30,89
106000457,6,1972,-1966
106000458,413,292,121
106000459,88,667,-579
106000460,930,71,859
106000461,97,3604,-3507
106000462,0,21,-21
106000463,4,57,-53
106000464,7,989,-982
106000465,353,2,351
106000466,6,1473,-1467
106000467,806,952,-146
106000468,45,380,-335
106000469,442,6,436
106000470,371,2257,-1886
106000471,52,1280,-1228
106000472,185,24,161
106000473,55,32,23
106000474,369,1195,-826
106000475,246,178,68
106000476,216,193,23
106000477,13,54,-41
106900001,0,40,-40
106900002,7,1144,-1137
106900003,380,1956,-1576
106900004,3,167,-164
106900006,3,49,-46
106900007,1,52,-51
106900008,223,537,-314
106900009,349,945,-596
106900010,316,651,-335
106900012,4603,3435,1168
106900013,1016,145,871
106900014,24,4,20
106900015,28,1,27
106900016,268,7,261
106900017,8,1,7
106900018,4,0,4
106900019,45,6,39
106900020,5518,1562,3956
106900021,28,121,-93
106900022,484,1,483
106900023,16,545,-529
106900024,924,32,892
106900025,98,1362,-1264
106900026,12,1559,-1547
106900027,496,9,487
107000001,4500,2928,1572
107000002,6624,6195,429
107000003,5335,7483,-2148
107000004,7784,8662,-878
107000005,3246,6000,-2754
107000006,5179,10628,-5449
107000007,5625,11626,-6001
107000008,21952,17527,4425
107000009,5874,7274,-1400
107000010,13858,17154,-3296
107000011,1486,2070,-584
107000012,6552,6344,208
107000013,36,185,-149
107000014,28,385,-357
107000015,431,1317,-886
107000016,658,2118,-1460
107000017,7976,1836,6140
107000018,65,773,-708
107000020,4681,911,3770
107000021,2161,1175,986
107000022,1654,2328,-674
107000023,2478,517,1961
107000024,644,2854,-2210
107000025,189,566,-377
107000026,222,1053,-831
107000027,1230,1505,-275
107000028,1555,2864,-1309
107000029,2748,3108,-360
107000030,4339,5657,-1318
107000031,3630,3455,175
107000032,608,1386,-778
107000033,5773,8378,-2605
107000034,8774,3453,5321
107000035,445,279,166
107000036,516,1555,-1039
107000037,74,1056,-982
107000038,334,437,-103
107000039,767,1017,-250
107000040,175,535,-360
107000041,2601,1108,1493
107000042,1079,2641,-1562
107000043,5095,1449,3646
107000044,892,452,440
107000045,140,422,-282
107000046,825,621,204
107000047,681,1360,-679
107000048,975,541,434
107000049,781,1194,-413
107000050,1348,691,657
107000051,808,508,300
107000052,1638,1219,419
107000053,532,283,249
107000054,96,401,-305
107000055,128,101,27
107000056,626,1271,-645
107000057,2323,302,2021
107000058,2800,3030,-230
107000059,3732,5312,-1580
107000060,4172,7445,-3273
107000061,8087,6715,1372
107000062,3829,4247,-418
107000063,6000,10676,-4676
107000064,4160,2877,1283
107000065,5410,9354,-3944
107000066,2108,2988,-880
107000067,1123,1428,-305
107000068,1943,822,1121
107000069,1032,554,478
107000070,557,13,544
107000071,2364,48,2316
107000072,69,6165,-6096
107000073,458,229,229
107000074,182,1657,-1475
107000075,1501,668,833
107000076,1325,2650,-1325
107000077,3372,1231,2141
107000078,2911,5299,-2388
107000079,2574,845,1729
107000080,1718,5017,-3299
107000081,1241,735,506
107000082,688,4320,-3632
107000083,1229,549,680
107000084,646,3958,-3312
107000085,3189,4235,-1046
107000086,4518,4784,-266
107000087,3060,2679,381
107000088,3307,5569,-2262
107000089,1826,2415,-589
107000090,1540,1815,-275
107000091,1382,1243,139
107000092,930,1827,-897
107000093,1081,1109,-28
107000094,1332,2246,-914
107000095,749,760,-11
107000096,991,1878,-887
107000097,677,298,379
107000098,430,777,-347
107000099,745,442,303
107000100,667,460,207
107000101,96,244,-148
107000102,560,551,9
107000103,438,261,177
107000104,403,716,-313
107000105,501,201,300
107000106,252,652,-400
107000107,615,288,327
107000108,198,1343,-1145
107000109,537,265,272
107000110,161,1185,-1024
107000111,262,45,217
107000112,53,723,-670
107000113,626,179,447
107000114,150,1469,-1319
107000115,625,167,458
107000116,181,1762,-1581
107000117,214,384,-170
107000118,243,507,-264
107000119,2874,1765,1109
107000120,4231,590,3641
107000121,801,1086,-285
107000122,1571,1504,67
107000123,436,1202,-766
107000124,771,1550,-779
107000125,754,1073,-319
107000126,772,1315,-543
107000127,30,453,-423
107000129,208,240,-32
107000130,258,339,-81
107000131,711,536,175
107000132,919,557,362
107000133,552,236,316
107000134,302,1,301
107000135,11,392,-381
107000136,578,5,573
107000137,16,610,-594
107000138,300,32,268
107000139,18,585,-567
107000140,1101,80,1021
107000141,158,1298,-1140
107000142,300,103,197
107000143,101,1522,-1421
107000144,357,427,-70
107000145,192,975,-783
107000146,170,302,-132
107000147,4325,1046,3279
107000150,1283,4234,-2951
107000151,63,110,-47
107000152,851,1134,-283
107000153,864,640,224
107000154,276,178,98
107000155,1004,46,958
107000156,1426,44,1382
107000157,59,3520,-3461
107000158,438,35,403
107000159,60,1988,-1928
107000160,704,181,523
107000161,146,3522,-3376
107000162,265,563,-298
107000163,68,1,67
107000164,298,0,298
107000165,709,6,703
107000166,58,2339,-2281
107000167,604,391,213
107000168,781,509,272
107000169,1428,1405,23
107000170,1600,882,718
107000171,688,4309,-3621
107000172,790,1310,-520
107000173,945,2276,-1331
107000174,1114,5826,-4712
107000175,15987,2835,13152
107000176,9,1,8
107000177,2,10,-8
107000178,38,92,-54
107000179,316,4806,-4490
107000180,1507,569,938
107000181,564,2300,-1736
107000182,1601,1677,-76
107000183,188,1725,-1537
107000184,928,1430,-502
107000185,899,2379,-1480
107000186,1734,540,1194
107000187,1406,2353,-947
107000188,626,786,-160
107000189,479,1604,-1125
107000190,658,1555,-897
107000191,645,1310,-665
107000192,1789,2136,-347
107000193,415,557,-142
107000194,1233,1561,-328
107000197,955,399,556
107000198,665,1044,-379
107000199,785,982,-197
107000200,1789,837,952
107000201,427,306,121
107000202,242,669,-427
107000203,1117,787,330
107000204,1637,846,791
107000205,3437,1593,1844
107000206,1351,1605,-254
107000207,1091,1898,-807
107000208,2038,608,1430
107000209,4025,1431,2594
107000210,1694,658,1036
107000211,16,31,-15
107000212,34,492,-458
107000213,21,53,-32
107000214,39,281,-242
107000215,538,795,-257
107000216,349,736,-387
107000217,145,263,-118
107000219,87,200,-113
107000220,156,499,-343
107000222,290,1107,-817
107000224,447,84,363
107000225,303,1163,-860
107000226,232,117,115
107000227,146,702,-556
107000228,152,221,-69
107000229,517,219,298
107000230,1925,816,1109
107000231,2309,1035,1274
107000232,129,141,-12
107000233,1670,765,905
107000234,0,41,-41
107000235,76,8,68
107000236,30,853,-823
107000237,9,0,9
107000238,42,9,33
107000239,9017,958,8059
107000240,119,1880,-1761
107000241,197,48,149
107000242,1388,90,1298
107000243,0,116,-116
107000244,15,96,-81
107000246,3,1822,-1819
107000249,4,1735,-1731
107000251,1,478,-477
107000252,10,2293,-2283
107000255,1594,212,1382
107000257,5,1012,-1007
107000258,1,316,-315
107000259,9,407,-398
107000260,416,6,410
107000262,12,1301,-1289
107000263,209,1,208
107000266,7,16,-9
107000267,71,391,-320
107000268,177,322,-145
107000269,619,39,580
107000270,3,26,-23
107000271,25,1542,-1517
107000272,14,286,-272
107000273,8,311,-303
107000274,4656,358,4298
107000275,24,1258,-1234
107000280,588,51,537
107000281,57,1923,-1866
107000282,62,1989,-1927
107000290,2,60,-58
107000291,30,26,4
107000292,1,39,-38
107000293,130,3,127
107000294,0,48,-48
107000295,58,5,53
107000296,0,37,-37
107000444,255,13,242
107000496,0,46,-46
107000497,2110,4946,-2836
107000500,453,582,-129
107000501,81,329,-248
107000502,256,636,-380
107000505,1116,1254,-138
107000506,4,34,-30
107000508,20,1099,-1079
107000509,266,687,-421
107000510,22,37,-15
107000514,24,339,-315
107000515,23,528,-505
107000516,303,436,-133
107000518,1001,1021,-20
107000519,6554,1782,4772
107000520,49,9,40
107900001,30,390,-360
107900002,40,4,36
107900003,305,20,285
107900004,112,2,110
107900005,769,5,764
107900006,137,1,136
107900007,217,38,179
107900008,95,122,-27
107900009,243,9,234
107900010,32,2,30
107900012,530,31,499
107900013,486,188,298
107900014,18,14,4
107900015,719,16,703
107900016,797,170,627
107900017,42,6,36
107900018,111,90,21
107900019,35,164,-129
107900020,121,12,109
107900021,36,285,-249
107900023,1,3,-2
107900024,0,44,-44
107900025,223,586,-363
107900026,39,259,-220
107900027,74,96,-22
107900028,54,133,-79
107900030,288,44,244
107900031,84,486,-402
107900032,6,15,-9
107900033,12,15,-3
107900034,426,17,409
107900035,785,32,753
107900036,22,18,4
107900037,0,67,-67
107900038,201,228,-27
107900039,9,138,-129
107900040,63,225,-162
107900041,1,2,-1
107900043,86,449,-363
107900044,10,2,8
107900045,76,35,41
107900046,128,168,-40
107900047,20,127,-107
107900048,292,10,282
107900049,456,2381,-1925
107900050,122,605,-483
107900051,119,202,-83
107900052,28,45,-17
107900053,26,127,-101
107900055,1469,544,925
107900056,143,50,93
107900057,0,0,0
107900058,43,1302,-1259
107900060,27,78,-51
107900061,36,12,24
107900063,238,204,34
107900064,599,139,460
107900065,173,22,151
107900066,29,16,13
107900067,0,0,0
107900068,230,346,-116
107900069,57,1337,-1280
107900070,137,44,93
107900071,38,1644,-1606
107900072,57,459,-402
107900073,47,255,-208
107900074,1478,243,1235
107900076,310,147,163
107900077,62,0,62
107900078,329,61,268
107900079,11,21,-10
107900080,182,365,-183
107900081,25,114,-89
107900082,44,44,0
107900083,527,242,285
107900084,211,206,5
107900086,36,130,-94
107900087,814,141,673
107900088,26,19,7
107900089,432,1551,-1119
107900090,683,1898,-1215
107900091,303,928,-625
107900092,3040,811,2229
107900093,74,123,-49
107900095,4391,2196,2195
107900097,81,133,-52
107900098,132,295,-163
107900100,1530,1287,243
107900101,1828,268,1560
107900102,33,14,19
107900103,34,208,-174
107900104,207,5,202
107900105,1,750,-749
107900106,5,2431,-2426
107900107,2752,388,2364
107900108,522,165,357
107900109,967,13,954
107900110,36,233,-197
107900111,8,1967,-1959
107900112,123,689,-566
107900113,198,176,22
107900114,110,346,-236
107900115,2,101,-99
107900116,96,437,-341
107900117,366,801,-435
107900118,103,266,-163
107900119,49,244,-195
107900120,38,18,20
107900121,5,231,-226
107900122,1,100,-99
107900123,5,35,-30
107900124,25,50,-25
107900125,34,301,-267
107900126,5,27,-22
107900127,783,221,562
107900128,206,127,79
107900129,37,77,-40
107900130,73,66,7
107900131,822,195,627
107900132,136,754,-618
107900133,4,118,-114
107900134,41,25,16
107900135,8,344,-336
107900136,57,67,-10
107900137,134,149,-15
107900138,47,48,-1
107900139,24,64,-40
107900140,158,107,51
107900141,53,70,-17
107900142,59,2114,-2055
107900143,47,80,-33
107900144,4,246,-242
107900145,28,216,-188
107900146,41,269,-228
107900147,101,40,61
107900148,427,348,79
107900149,3149,379,2770
107900150,118,1741,-1623
107900151,10,137,-127
107900152,23,573,-550
107900153,128,403,-275
107900154,46,22,24
107900155,41,55,-14
107900156,6,622,-616
107900157,77,143,-66
107900158,659,37,622
107900159,48,2204,-2156
107900160,55,207,-152
107900161,60,456,-396
107900162,2,388,-386
107900163,79,66,13
107900164,11,41,-30
107900165,26,74,-48
107900166,26,456,-430
107900167,28,56,-28
107900168,25,64,-39
107900169,6,221,-215
107900171,11,3704,-3693
107900172,2,614,-612
107900173,23,357,-334
107900174,81,2,79
107900175,34,32,2
107900176,13,71,-58
107900177,4,456,-452
107900178,11,457,-446
107900179,11,222,-211
107900180,1684,431,1253
107900181,443,722,-279
107900182,10,2763,-2753
107900183,44,517,-473
107900184,91,458,-367
107900185,94,9,85
107900186,19,54,-35
107900187,1,215,-214
107900188,1175,160,1015
107900189,16,176,-160
107900190,152,83,69
107900191,163,291,-128
107900193,7,49,-42
107900194,179,12,167
107900195,7024,832,6192
107900196,46,102,-56
107900197,1496,314,1182
107900199,8,1524,-1516
107900201,137,226,-89
107900203,65,78,-13
107900204,308,532,-224
107900205,262,703,-441
107900206,776,248,528
107900207,5,974,-969
107900208,8,1332,-1324
107900209,583,143,440
107900210,101,262,-161
107900213,1238,1000,238
107900214,8,251,-243
107900215,292,456,-164
107900216,183,148,35
107900217,38,92,-54
107900218,23,2677,-2654
107900219,30,313,-283
107900220,284,211,73
107900221,296,288,8
107900223,100,969,-869
107900224,274,488,-214
107900225,5,1506,-1501
107900226,88,253,-165
107900227,257,652,-395
107900228,8,156,-148
107900229,7,624,-617
107900230,10,314,-304
107900231,15,351,-336
107900232,59,343,-284
107900233,5,220,-215
107900234,159,251,-92
107900235,40,155,-115
107900236,62,116,-54
107900237,167,900,-733
107900238,19,188,-169
107900239,2004,557,1447
107900240,11,245,-234
107900241,31,142,-111
107900242,29,590,-561
107900243,1,64,-63
107900244,242,4,238
107900245,380,71,309
107900246,184,6,178
107900248,300,903,-603
107900249,506,18,488
107900250,2,1033,-1031
107900251,91,2420,-2329
107900252,882,28,854
107900253,153,4,149
107900254,64,600,-536
107900255,455,96,359
107900256,2870,948,1922
107900257,159,132,27
107900258,93,445,-352
107900259,109,1362,-1253
107900261,4,628,-624
107900262,56,253,-197
107900264,176,5,171
107900265,125,352,-227
107900267,174,28,146
107900268,60,11,49
107900269,0,7,-7
107900270,2,1,1
107900271,7,11,-4
107900272,171,16,155
107900273,14,145,-131
107900274,44,0,44
107900275,8,1,7
107900276,1,116,-115
107900277,3,404,-401
107900278,208,611,-403
107900279,233,175,58
107900280,2708,2481,227
107900281,6600,1991,4609
107900282,164,400,-236
107900283,2510,643,1867
107900284,347,1313,-966
107900285,71,292,-221
107900286,158,176,-18
107900287,112,274,-162
107900290,0,161,-161
107900291,595,14,581
107900292,134,481,-347
107900293,105,930,-825
107900295,120,252,-132
107900297,0,452,-452
107900298,1288,1509,-221
107900299,6355,3952,2403
107900300,53,345,-292
107900301,771,503,268
107900302,218,33,185
107900303,140,580,-440
107900304,289,1051,-762
107900305,286,19,267
107900306,27,22,5
107900307,76,454,-378
107900308,328,136,192
107900309,92,0,92
107900310,25,0,25
107900311,419,117,302
107900312,15,0,15
107900313,0,97,-97
107900314,0,70,-70
107900315,1,76,-75
107900316,69,3,66
107900317,96,7,89
107900318,3,232,-229
107900319,6,511,-505
107900320,2,281,-279
107900321,111,12,99
107900322,8,362,-354
107900323,21,261,-240
107900324,238,26,212
107900325,101,0,101
107900326,145,629,-484
107900327,3,0,3
107900328,5,0,5
107900329,5,4,1
107900330,10,1205,-1195
107900331,168,50,118
107900332,190,66,124
107900333,40,32,8
107900334,21,518,-497
107900335,77,99,-22
107900336,16,52,-36
107900337,2498,830,1668
107900338,2,214,-212
107900339,1,56,-55
107900340,0,90,-90
107900341,43,2,41
107900342,177,154,23
107900343,34,4,30
107900344,7,122,-115
107900345,105,31,74
107900346,48,1,47
107900347,49,3,46
107900348,7,3,4
107900349,18,7,11
107900350,57,399,-342
108000001,2930,4553,-1623
108000002,2921,5152,-2231
108000003,3756,3051,705
108000004,23409,25390,-1981
108000005,7584,4924,2660
108000006,10336,10614,-278
108000007,5436,4761,675
108000008,7605,9496,-1891
108000009,3929,4808,-879
108000010,4741,8545,-3804
108000011,12906,12342,564
108000012,27485,24390,3095
108000014,884,910,-26
108000015,629,431,198
108000016,232,875,-643
108000017,939,552,387
108000018,1752,768,984
108000019,2241,945,1296
108000020,1552,609,943
108000021,650,2553,-1903
108000022,841,2760,-1919
108000023,1377,277,1100
108000024,176,1159,-983
108000025,275,320,-45
108000026,479,886,-407
108000027,546,612,-66
108000028,288,415,-127
108000029,467,817,-350
108000030,601,285,316
108000031,249,816,-567
108000032,1169,755,414
108000033,726,2215,-1489
108000034,1686,556,1130
108000035,1337,4156,-2819
108000036,488,2570,-2082
108000037,1792,484,1308
108000038,2613,604,2009
108000039,770,4786,-4016
108000040,1927,991,936
108000041,904,4604,-3700
108000042,170,313,-143
108000043,224,460,-236
108000044,318,223,95
108000045,354,1049,-695
108000046,1249,426,823
108000047,490,1784,-1294
108000048,184,685,-501
108000049,724,266,458
108000050,158,757,-599
108000051,276,104,172
108000052,405,1118,-713
108000053,348,181,167
108000054,856,1701,-845
108000055,1450,531,919
108000056,1070,1754,-684
108000057,596,1048,-452
108000058,2530,3677,-1147
108000059,5398,3263,2135
108000060,225,530,-305
108000061,218,492,-274
108000062,749,721,28
108000063,463,1106,-643
108000064,175,293,-118
108000065,650,1381,-731
108000066,2671,1141,1530
108000067,1998,734,1264
108000068,753,356,397
108000069,423,1697,-1274
108000070,1784,848,936
108000071,851,2777,-1926
108000072,1592,1415,177
108000073,2265,3130,-865
108000074,413,489,-76
108000075,409,1266,-857
108000076,968,677,291
108000077,1091,1133,-42
108000078,2050,2259,-209
108000079,1174,2904,-1730
108000080,894,940,-46
108000081,599,4217,-3618
108000082,1497,3332,-1835
108000083,2117,1145,972
108000084,558,2370,-1812
108000085,654,526,128
108000086,1158,1454,-296
108000087,167,1976,-1809
108000088,155,30,125
108000089,373,498,-125
108000090,405,205,200
108000091,102,1013,-911
108000092,96,150,-54
108000093,145,1558,-1413
108000094,778,176,602
108000095,215,1050,-835
108000096,279,217,62
108000097,186,1171,-985
108000098,1316,2238,-922
108000099,198,122,76
108000100,47,304,-257
108000101,937,1748,-811
108000102,1540,3103,-1563
108000106,992,9,983
108000107,2,1273,-1271
108000108,557,69,488
108000109,13,1425,-1412
108000110,215,380,-165
108000111,276,1636,-1360
108000112,92,154,-62
108000113,867,522,345
108000115,720,864,-144
108000117,1115,733,382
108000118,147,189,-42
108000119,961,770,191
108000120,113,932,-819
108000121,221,964,-743
108000122,355,519,-164
108000123,580,558,22
108000124,316,909,-593
108000125,239,504,-265
108000126,153,916,-763
108000127,447,437,10
108000128,567,1046,-479
108000129,265,2017,-1752
108000130,270,355,-85
108000131,892,527,365
108000132,2582,2401,181
108000133,758,669,89
108000134,802,1157,-355
108000135,1133,503,630
108000136,1454,1534,-80
108000137,369,608,-239
108000138,411,1740,-1329
108000139,325,541,-216
108000140,49,52,-3
108000141,38,352,-314
108000142,69,281,-212
108000143,20,82,-62
108000144,27,21,6
108000145,48,80,-32
108000146,33,17,16
108000147,62,121,-59
108000148,46,13,33
108000149,51,53,-2
108000150,56,4,52
108000151,28,14,14
108000152,101,1109,-1008
108000153,351,123,228
108000154,89,49,40
108000155,28,6,22
108000156,556,176,380
108000157,234,855,-621
108000158,142,812,-670
108000159,1059,287,772
108000160,8345,1208,7137
108000161,8713,2467,6246
108000165,1,159,-158
108000172,4,289,-285
108000173,4304,2491,1813
108000175,187,126,61
108000178,470,504,-34
108000179,335,852,-517
108000181,87,54,33
108000182,210,40,170
108000183,21,32,-11
108000184,1785,2213,-428
108000185,165,950,-785
108000186,128,100,28
108000187,96,1242,-1146
108000188,427,423,4
108000189,1021,1199,-178
108000190,47,189,-142
108000192,133,1166,-1033
108000193,1340,82,1258
108000194,19,24,-5
108000195,6,2278,-2272
108000196,199,215,-16
108000198,544,557,-13
108000199,0,134,-134
108000200,283,1344,-1061
108000202,2,245,-243
108000203,103,1452,-1349
108000204,108,42,66
108000205,544,1018,-474
108000339,2213,430,1783
108000364,217,383,-166
108000365,46,625,-579
108000367,272,780,-508
108000368,17,84,-67
108000369,2284,162,2122
108000371,1,958,-957
108000372,544,4,540
108000373,121,224,-103
108000376,68,29,39
108000377,371,484,-113
108000378,10974,12174,-1200
108000379,62,292,-230
108000381,56,12,44
108000382,49,1,48
108000383,0,79,-79
108900001,200,1744,-1544
108900002,272,146,126
108900003,450,1714,-1264
108900004,100,248,-148
108900005,66,258,-192
108900006,775,259,516
108900007,176,314,-138
108900008,78,235,-157
108900009,81,122,-41
108900010,147,225,-78
108900011,383,514,-131
108900012,289,707,-418
108900013,155,385,-230
108900014,8,143,-135
108900015,0,16,-16
108900016,0,332,-332
108900017,190,249,-59
108900018,104,1009,-905
108900019,70,2144,-2074
108900020,51,543,-492
108900021,119,546,-427
108900022,97,5,92
108900023,7,32,-25
108900024,16,211,-195
108900025,51,210,-159
108900026,17,144,-127
108900027,0,116,-116
108900028,85,917,-832
108900029,56,276,-220
108900030,0,116,-116
108900031,86,969,-883
108900032,23,552,-529
108900033,2,221,-219
108900034,1,405,-404
108900035,361,2533,-2172
108900036,239,643,-404
108900037,64,849,-785
108900038,3,759,-756
108900039,2,813,-811
108900040,3,256,-253
108900041,8842,3539,5303
108900042,7,389,-382
108900043,98,795,-697
108900044,3,1282,-1279
108900045,39,1105,-1066
108900046,89,1982,-1893
108900047,0,97,-97
108900048,125,1765,-1640
108900049,9700,1406,8294
108900050,3,361,-358
108900051,1,366,-365
108900052,41,653,-612
108900053,187,223,-36
108900054,98,397,-299
108900055,98,789,-691
108900056,0,284,-284
108900057,0,364,-364
108900058,29,846,-817
108900059,411,38,373
108900060,74,245,-171
108900061,82,70,12
108900062,4,542,-538
108900063,23,796,-773
108900064,127,94,33
108900065,12,660,-648
108900066,270,185,85
108900067,66,291,-225
108900068,1,245,-244
108900069,40,208,-168
108900070,41,278,-237
108900071,94,110,-16
108900072,4360,520,3840
108900073,4,126,-122
108900074,103,809,-706
108900075,81,73,8
108900076,228,139,89
108900077,150,243,-93
108900078,21,285,-264
108900079,1304,458,846
108900080,33,801,-768
108900081,67,467,-400
108900082,71,127,-56
108900083,17,289,-272
108900084,483,273,210
108900085,3757,250,3507
108900086,81,545,-464
108900087,197,497,-300
108900088,1042,450,592
108900089,23,202,-179
108900090,49,629,-580
108900091,223,232,-9
108900092,484,470,14
108900093,143,125,18
108900094,313,170,143
108900095,147,1215,-1068
108900096,703,75,628
108900097,521,325,196
108900098,5445,842,4603
108900099,342,548,-206
108900100,53,250,-197
108900101,285,151,134
108900102,185,1040,-855
108900103,78,117,-39
108900104,292,834,-542
108900105,4,974,-970
108900106,300,893,-593
108900108,317,57,260
108900109,26,34,-8
108900110,229,966,-737
108900111,402,1378,-976
108900112,214,34,180
108900113,67,52,15
108900114,9,5,4
108900115,164,127,37
108900116,67,32,35
108900117,119,12,107
108900118,578,7,571
108900119,169,39,130
108900120,171,180,-9
108900121,350,92,258
108900122,109,43,66
108900123,118,103,15
108900124,367,220,147
108900125,325,5,320
108900126,159,20,139
108900127,152,53,99
108900128,129,28,101
108900129,935,139,796
108900130,277,1,276
108900131,381,2,379
108900132,337,62,275
108900133,289,73,216
108900134,238,352,-114
108900135,112,10,102
108900136,25,2,23
108900137,128,1,127
108900138,465,36,429
108900139,426,131,295
108900140,221,370,-149
108900141,335,11,324
108900142,65,5,60
108900143,22,1,21
108900144,79,0,79
108900145,100,16,84
108900146,68,0,68
108900147,135,1,134
108900148,70,53,17
108900149,792,670,122
108900150,278,5,273
108900151,45,3,42
108900152,47,56,-9
108900153,127,700,-573
108900154,4295,641,3654
108900155,291,90,201
108900156,71,4,67
108900157,18,1135,-1117
108900158,305,44,261
108900159,3,617,-614
108900160,11,444,-433
108900161,18,844,-826
108900162,93,6,87
108900163,4,325,-321
108900164,82,111,-29
108900165,292,149,143
108900167,3369,4381,-1012
108900168,15053,2932,12121
108900169,29,276,-247
108900171,15567,2848,12719
108900172,234,72,162
108900173,280,694,-414
108900174,655,681,-26
108900176,254,961,-707
108900177,14627,5439,9188
108900178,9108,3844,5264
108900179,574,1222,-648
108900180,124,296,-172
108900182,58,417,-359
108900183,300,396,-96
108900184,523,328,195
108900185,54,535,-481
108900186,83,534,-451
108900187,234,105,129
108900188,500,163,337
108900189,250,252,-2
108900190,69,6837,-6768
108900191,252,46,206
108900192,70,466,-396
108900193,253,46,207
108900194,12,552,-540
108900195,128,710,-582
108900196,72,1102,-1030
108900198,3,1246,-1243
108900199,292,445,-153
108900200,418,440,-22
108900201,552,1868,-1316
108900203,615,40,575
108900204,554,11,543
108900205,311,37,274
108900206,398,37,361
108900207,207,97,110
108900208,39,590,-551
108900209,282,1058,-776
108900210,219,341,-122
108900211,175,609,-434
108900212,1170,1347,-177
108900215,137,1117,-980
108900216,520,177,343
108900217,90,3,87
108900218,157,4,153
108900219,112,7,105
108900220,65,20,45
108900221,85,140,-55
108900222,241,29,212
108900223,21,97,-76
108900224,49,189,-140
108900225,2,273,-271
108900226,284,11,273
108900227,177,301,-124
108900230,838,566,272
108900231,81,432,-351
108900232,2,691,-689
108900233,499,90,409
108900234,372,134,238
108900235,301,1107,-806
108900236,75,665,-590
108900237,75,481,-406
108900240,126,143,-17
108900241,32,79,-47
108900245,8,1327,-1319
108900249,115,34,81
108900250,253,172,81
108900257,183,1125,-942
108900258,24,482,-458
108900259,55,126,-71
108900260,10,183,-173
108900261,190,208,-18
108900262,308,184,124
108900263,44,432,-388
108900264,580,426,154
108900265,2295,452,1843
108900266,1978,503,1475
108900267,4,129,-125
108900268,8,6,2
108900269,64,7,57
108900270,56,12,44
108900271,31,3,28
108900272,175,9,166
108900273,1415,733,682
108900274,32,148,-116
109000001,4498,1351,3147
109000002,4630,1682,2948
109000003,2660,782,1878
109000004,732,4018,-3286
109000005,2371,1242,1129
109000006,941,3170,-2229
109000007,1559,1006,553
109000008,618,2944,-2326
109000009,3867,1624,2243
109000010,1751,6444,-4693
109000011,2762,2174,588
109000012,2088,6359,-4271
109000013,3456,3040,416
109000014,1770,6190,-4420
109000015,3873,6116,-2243
109000016,17225,6888,10337
109000017,2390,1652,738
109000018,1069,5350,-4281
109000019,2621,1572,1049
109000020,1274,3414,-2140
109000023,269,57,212
109000024,0,184,-184
109000025,523,590,-67
109000026,1245,497,748
109000027,165,479,-314
109000028,140,182,-42
109000029,219,228,-9
109000030,109,898,-789
109000031,150,147,3
109000032,133,867,-734
109000033,393,161,232
109000034,61,73,-12
109000035,19,41,-22
109000036,77,539,-462
109000037,232,1132,-900
109000038,689,625,64
109000039,890,588,302
109000040,10701,5794,4907
109000041,9462,1708,7754
109000042,1474,1647,-173
109000044,282,50,232
109000045,84,644,-560
109000046,367,100,267
109000047,82,656,-574
109000048,872,263,609
109000049,248,813,-565
109000050,464,324,140
109000051,512,384,128
109000052,649,3144,-2495
109000053,173,82,91
109000054,432,1605,-1173
109000055,251,286,-35
109000056,362,1263,-901
109000057,472,359,113
109000058,1375,480,895
109000059,884,1202,-318
109000060,719,284,435
109000061,2406,824,1582
109000062,220,307,-87
109000063,285,342,-57
109000064,192,320,-128
109000065,126,580,-454
109000066,404,284,120
109000067,51,654,-603
109000068,1122,16,1106
109000069,881,53,828
109000070,10,1368,-1358
109000071,522,105,417
109000072,120,564,-444
109000073,42,172,-130
109000074,18,349,-331
109000075,73,579,-506
109000076,82,215,-133
109000077,439,409,30
109000078,56,203,-147
109000079,131,399,-268
109000080,111,162,-51
109000081,96,928,-832
109000082,571,392,179
109000083,289,1282,-993
109000088,146,1046,-900
109000089,287,58,229
109000090,221,922,-701
109000091,237,170,67
109000092,480,1273,-793
109000093,230,292,-62
109000094,342,1,341
109000095,158,1147,-989
109000096,690,233,457
109000097,105,197,-92
109000098,80,123,-43
109000099,810,631,179
109000100,215,767,-552
109000101,1215,1512,-297
109000102,326,1379,-1053
109000103,480,1008,-528
109000104,1162,1213,-51
109000105,520,2467,-1947
109000106,1755,1183,572
109000107,746,3736,-2990
109000108,1697,808,889
109000109,621,3348,-2727
109000110,1538,648,890
109000111,1370,3796,-2426
109000112,351,276,75
109000113,256,238,18
109000114,207,453,-246
109000115,1585,63,1522
109000116,4,289,-285
109000117,89,192,-103
109000118,10,490,-480
109000119,882,682,200
109000120,152,2038,-1886
109000121,277,106,171
109000122,120,2084,-1964
109000123,16,104,-88
109000124,528,577,-49
109000125,664,468,196
109000126,395,1577,-1182
109000127,697,262,435
109000128,665,4080,-3415
109000129,1864,993,871
109000130,816,4892,-4076
109000131,784,458,326
109000132,869,3597,-2728
109000133,457,1570,-1113
109000134,1003,2242,-1239
109000135,1409,2077,-668
109000136,471,792,-321
109000137,307,475,-168
109000138,482,775,-293
109000139,508,619,-111
109000140,149,956,-807
109000141,369,745,-376
109000142,108,1080,-972
109000143,101,87,14
109000145,73,197,-124
109000146,38,137,-99
109000148,6503,1584,4919
109000149,12,70,-58
109000150,96,249,-153
109000155,706,800,-94
109000156,2374,1473,901
109000158,149,353,-204
109000159,177,1255,-1078
109000160,937,383,554
109000161,312,2556,-2244
109000162,1994,1412,582
109000163,1008,3239,-2231
109000164,1245,4564,-3319
109000165,1588,1018,570
109000166,717,179,538
109000167,134,1604,-1470
109000170,57,74,-17
109000171,44,45,-1
109000172,50,61,-11
109000173,41,75,-34
109000174,100,80,20
109000175,70,185,-115
109000176,224,404,-180
109000177,41,239,-198
109000178,279,130,149
109000179,13542,4249,9293
109000180,8250,3771,4479
109000181,8,63,-55
109000182,53,80,-27
109000183,28,72,-44
109000184,50,30,20
109000185,16,126,-110
109000188,451,5026,-4575
109000189,2014,1430,584
109000190,671,711,-40
109000191,267,994,-727
109000192,352,415,-63
109000193,211,753,-542
109000194,166,220,-54
109000195,71,823,-752
109000196,240,187,53
109000197,202,912,-710
109000198,302,108,194
109000199,134,977,-843
109000206,380,44,336
109000207,165,62,103
109000208,125,114,11
109000209,154,130,24
109000210,166,1036,-870
109000211,95,213,-118
109000214,300,1017,-717
109000215,100,100,0
109000216,326,214,112
109000217,188,107,81
109000218,297,208,89
109000221,581,2033,-1452
109000222,997,226,771
109000223,276,358,-82
109000224,45,424,-379
109000225,58,60,-2
109000226,46,598,-552
109000227,937,2789,-1852
109000228,3,489,-486
109000231,4,770,-766
109000232,245,690,-445
109000236,359,1222,-863
109000241,2253,3188,-935
109000242,1744,2419,-675
109000293,14,49,-35
109000361,108,442,-334
109000364,247,1046,-799
109000396,6,1442,-1436
109000397,422,19,403
109000399,172,948,-776
109000400,46,383,-337
109000403,169,555,-386
109000406,221,8,213
109000407,375,388,-13
109000408,4,583,-579
109000410,790,194,596
109000411,80,12,68
109900001,55,0,55
109900002,627,18,609
109900003,202,1,201
109900004,963,496,467
109900005,40,24,16
109900006,299,558,-259
109900007,575,1528,-953
109900008,0,33,-33
109900009,154,1533,-1379
109900010,538,24,514
109900011,40,55,-15
109900012,280,238,42
109900013,417,191,226
109900014,341,95,246
109900015,518,176,342
109900016,110,60,50
109900017,120,195,-75
109900018,239,238,1
109900019,206,162,44
109900020,33,28,5
109900021,32,23,9
109900022,57,629,-572
109900023,10,9,1
109900024,39,2,37
109900025,11,237,-226
109900026,11,398,-387
109900027,49,22,27
109900028,5084,688,4396
109900029,12,1174,-1162
109900030,38,0,38
109900031,1,195,-194
109900032,7,463,-456
109900033,2,1074,-1072
109900034,12,1,11
109900035,9,23,-14
109900036,24,132,-108
109900037,57,1034,-977
109900038,61,347,-286
109900039,3,0,3
109900040,39,1224,-1185
109900041,62,850,-788
109900042,37,761,-724
109900044,128,470,-342
109900045,57,176,-119
109900046,10,105,-95
109900047,510,475,35
109900048,3,130,-127
109900049,7,29,-22
109900050,1,580,-579
109900051,0,39,-39
109900052,95,509,-414
109900053,8,954,-946
109900054,502,287,215
109900055,72,453,-381
109900056,43,163,-120
109900057,5,473,-468
109900058,2,233,-231
109900059,441,146,295
109900060,437,242,195
109900061,202,375,-173
109900062,2,569,-567
109900063,8,531,-523
109900064,504,513,-9
109900065,235,169,66
109900066,372,1687,-1315
109900067,1,738,-737
109900068,78,6,72
109900069,11,60,-49
109900070,60,429,-369
109900071,1,49,-48
109900072,27,218,-191
109900073,311,1470,-1159
109900074,19,59,-40
109900075,8,45,-37
109900076,27,475,-448
109900077,26,83,-57
109900078,124,511,-387
109900080,235,597,-362
109900081,29,167,-138
109900082,55,883,-828
109900083,13,96,-83
109900084,73,322,-249
109900085,250,2188,-1938
109900086,123,328,-205
109900087,337,683,-346
109900089,696,160,536
109900090,640,2500,-1860
109900091,211,113,98
109900092,1496,24,1472
109900093,669,189,480
109900094,61,155,-94
109900095,146,445,-299
109900096,42,1,41
109900097,69,0,69
109900098,312,53,259
109900099,134,2,132
109900100,41,0,41
109900101,322,7,315
109900102,406,29,377
109900103,14,65,-51
109900104,428,1958,-1530
109900105,615,27,588
109900106,569,131,438
109900107,588,163,425
109900108,137,1084,-947
109900109,46,268,-222
109900110,78,1085,-1007
109900111,460,2717,-2257
109900112,625,1721,-1096
109900113,580,472,108
109900114,1242,743,499
109900115,109,121,-12
109900117,811,180,631
109900118,347,822,-475
109900119,702,556,146
109900120,34,8,26
109900121,313,389,-76
109900122,338,5,333
109900123,18,329,-311
109900124,61,1445,-1384
109900125,5,416,-411
109900126,229,344,-115
109900128,235,77,158
109900130,22303,2292,20011
109900131,96,234,-138
109900132,40,284,-244
109900133,75,648,-573
109900134,51,71,-20
109900135,425,118,307
109900136,63,216,-153
109900137,92,731,-639
109900138,335,859,-524
109900140,174,686,-512
109900141,279,338,-59
109900142,884,366,518
109900145,5,256,-251
109900146,418,31,387
109900148,46,163,-117
109900149,66,89,-23
109900150,8,85,-77
109900151,7,86,-79
109900152,0,24,-24
109900153,2,88,-86
109900154,19,0,19
109900155,40,11,29
109900157,76,432,-356
109900158,96,159,-63
109900159,133,33,100
109900160,102,101,1
109900161,231,101,130
109900162,209,120,89
109900163,918,649,269
109900164,64,318,-254
109900165,322,10,312
109900166,7,327,-320
109900167,155,1004,-849
109900168,126,746,-620
109900169,148,165,-17
109900170,403,769,-366
109900171,175,165,10
109900172,198,245,-47
109900173,7358,2357,5001
109900174,44,293,-249
109900175,46,113,-67
109900176,89,332,-243
109900177,42,441,-399
109900178,2,188,-186
109900179,10,33,-23
109900180,3,10,-7
110000001,1175,951,224
110000002,892,668,224
110000003,1367,955,412
110000004,788,730,58
110000005,1008,1898,-890
110000006,1062,617,445
110000007,201,282,-81
110000008,14,60,-46
110000009,49,118,-69
110000010,31,75,-44
110000011,43,269,-226
110000012,991,855,136
110000013,38,496,-458
110000014,811,576,235
110000015,322,622,-300
110000016,399,1406,-1007
110000017,6233,423,5810
110000018,7048,848,6200
110000019,18,304,-286
110000020,1107,442,665
110000021,934,561,373
110000022,1249,309,940
110000023,7,405,-398
110000024,707,650,57
110000025,210,8,202
110000026,18,1303,-1285
110000027,903,764,139
110000028,892,1037,-145
110000029,636,1824,-1188
110000030,252,420,-168
110000031,337,1207,-870
110000032,827,603,224
110000033,236,222,14
110000034,332,871,-539
110000035,902,1802,-900
110000036,887,931,-44
110000037,217,1356,-1139
110000038,261,705,-444
110000039,766,2646,-1880
110000040,419,787,-368
110000041,328,1373,-1045
110000042,109,702,-593
110000043,762,280,482
110000044,139,220,-81
110000045,1574,140,1434
110000046,6,25,-19
110000047,11,49,-38
110000048,4,21,-17
110000049,15,5,10
110000050,4,37,-33
110000051,16,1,15
110000052,23,26,-3
110000053,233,4,229
110000054,238,437,-199
110000055,577,55,522
110000056,160,54,106
110000057,371,1324,-953
110000058,1102,1035,67
110000059,932,721,211
110000060,533,1184,-651
110000061,1156,1210,-54
110000062,999,1046,-47
110000063,35,93,-58
110000064,89,266,-177
110000065,49,115,-66
110000066,93,73,20
110000067,52,825,-773
110000068,205,1223,-1018
110000069,187,150,37
110000071,86,187,-101
110000073,3,24,-21
110000075,17,121,-104
110000076,367,477,-110
110000077,782,1509,-727
110000078,19,71,-52
110000080,298,993,-695
110000081,24,389,-365
110000082,16,411,-395
110000083,294,820,-526
110000084,878,859,19
110000085,3164,2177,987
110000086,1476,1890,-414
110000087,6,91,-85
110000088,38,314,-276
110000089,268,261,7
110000090,163,658,-495
110000091,3811,490,3321
110000092,20,179,-159
110000093,43,12,31
110000094,698,331,367
110000095,145,886,-741
110000096,6049,2390,3659
110000097,1227,1438,-211
110000098,2254,945,1309
110000099,1121,2414,-1293
110000100,624,1397,-773
110000101,32,933,-901
110000102,20,35,-15
110000104,196,102,94
110000105,81,446,-365
110000106,534,369,165
110000107,631,594,37
110000108,199,66,133
110000109,341,489,-148
110000110,6366,5408,958
110000111,13042,3025,10017
110000112,1947,847,1100
110000113,916,1785,-869
110000114,111,561,-450
110000115,226,433,-207
110000116,47,61,-14
110000117,155,1115,-960
110000118,352,549,-197
110000119,288,800,-512
110000120,361,358,3
110000121,102,508,-406
110000122,375,923,-548
110000123,499,721,-222
110000124,0,1184,-1184
110000125,1006,9,997
110000126,403,26,377
110000127,1021,80,941
110000128,47,2501,-2454
110000129,1,751,-750
110000130,192,228,-36
110000131,167,527,-360
110000132,3,949,-946
110000133,63,503,-440
110000134,40,488,-448
110000135,206,48,158
110000136,86,520,-434
110000137,510,1276,-766
110000138,806,1510,-704
110000139,808,2815,-2007
110000140,1316,705,611
110000143,1045,557,488
110000144,5931,1742,4189
110000145,1570,1503,67
110000146,2682,1738,944
110000147,349,1053,-704
110000148,313,607,-294
110000151,788,666,122
110000152,704,412,292
110000153,72,116,-44
110000154,76,39,37
110000155,3827,3973,-146
110000156,960,2281,-1321
110000157,2047,2423,-376
110000160,331,660,-329
110000161,173,896,-723
110000166,483,264,219
110000167,730,631,99
110000168,1011,384,627
110000169,798,432,366
110000170,132,123,9
110000171,717,227,490
110000172,211,1271,-1060
110000173,1970,1846,124
110000174,179,2691,-2512
110000175,419,90,329
110000176,106,315,-209
110000177,237,985,-748
110000178,822,1292,-470
110000179,2530,643,1887
110000180,143,590,-447
110000181,260,735,-475
110000182,500,525,-25
110000183,21653,7907,13746
110000184,1809,2909,-1100
110000185,1937,916,1021
110000186,1131,946,185
110000191,553,620,-67
110000192,360,15,345
110000193,713,2,711
110000194,12,2289,-2277
110000195,384,828,-444
110000196,331,857,-526
110000197,66,458,-392
110000198,118,176,-58
110000199,90,148,-58
110000200,2175,979,1196
110000201,830,985,-155
110000202,1436,663,773
110000203,1120,1376,-256
110000204,4,592,-588
110000205,155,85,70
110000206,1017,2931,-1914
110000207,747,525,222
110000208,300,153,147
110000209,166,1558,-1392
110000210,678,1070,-392
110000211,957,1465,-508
110000212,461,1291,-830
110000213,173,92,81
110000214,168,158,10
110000215,147,1107,-960
110000216,79,1204,-1125
110000217,283,453,-170
110000218,169,894,-725
110000219,252,129,123
110000220,63,798,-735
110000221,253,127,126
110000222,34,550,-516
110000223,4,218,-214
110000224,125,27,98
110000225,241,793,-552
110000226,235,91,144
110000227,1259,650,609
110000228,555,550,5
110000229,2,419,-417
110000230,909,729,180
110000231,205,303,-98
110000232,206,277,-71
110000233,187,529,-342
110000234,938,600,338
110000235,1575,1355,220
110000236,473,1604,-1131
110000237,2298,1471,827
110000238,1255,1893,-638
110000239,1571,1895,-324
110000240,2,165,-163
110000242,0,15,-15
110000243,73,316,-243
110000244,132,676,-544
110000245,22,775,-753
110000246,722,1141,-419
110000247,1602,7685,-6083
110000248,2770,2589,181
110000249,45,12,33
110000250,26,408,-382
110000251,225,1056,-831
110000252,183,442,-259
110000253,1076,862,214
110000254,682,2716,-2034
110000255,296,2084,-1788
110000256,458,417,41
110000257,904,632,272
110000258,17,1054,-1037
110000259,81,32,49
110000260,31,813,-782
110000263,578,168,410
110000264,208,1200,-992
110000265,1120,1998,-878
110000266,2390,2737,-347
110000267,14,376,-362
110000268,374,1230,-856
110000269,5,156,-151
110000270,64,1,63
110000271,3471,424,3047
110000272,1138,1504,-366
110000273,4038,2011,2027
110000274,295,1183,-888
110000275,5721,767,4954
110000276,266,361,-95
110000277,307,879,-572
110000278,359,1519,-1160
110000279,718,957,-239
110000280,269,682,-413
110000281,17,341,-324
110000282,309,66,243
110000283,70,96,-26
110000284,77,89,-12
110000285,4,556,-552
110000286,29,1,28
110000287,78,3,75
110000288,1,184,-183
110000289,781,2221,-1440
110000290,2058,848,1210
110000291,10943,1961,8982
110000292,1471,4538,-3067
110000293,545,1686,-1141
110000294,887,1174,-287
110000295,377,1836,-1459
110000296,565,558,7
110000297,3071,454,2617
110000298,255,932,-677
110000299,555,67,488
110000301,342,19,323
110000302,202,2482,-2280
110000303,462,14,448
110000304,85,490,-405
110000305,1002,36,966
110000306,150,3317,-3167
110000307,1301,15,1286
110000308,554,3,551
110000309,15,2496,-2481
110000310,655,115,540
110000311,39,1624,-1585
110000312,381,98,283
110000313,3558,3679,-121
110000314,3,441,-438
110000315,5695,2962,2733
110000316,831,1552,-721
110000317,826,561,265
110000318,2,157,-155
110000319,7,20,-13
110000320,43,50,-7
110000321,7,48,-41
110000322,205,1018,-813
110000323,338,320,18
110000324,7902,1514,6388
110000325,3321,2639,682
110000327,624,437,187
110000328,205,778,-573
110000333,745,613,132
110000334,698,2164,-1466
110000335,965,807,158
110000336,668,1934,-1266
110000337,1265,824,441
110000338,294,441,-147
110000339,203,397,-194
110000340,73,297,-224
110000341,368,820,-452
110000342,750,10,740
110000343,0,28,-28
110000344,112,347,-235
110000345,189,145,44
110000346,3437,1736,1701
110000347,1274,921,353
110000348,20,46,-26
110000349,9,14,-5
110000350,55,17,38
110000351,733,1306,-573
110000352,477,2194,-1717
110000353,5055,906,4149
110000354,1357,3044,-1687
110000355,88,120,-32
110000356,1115,18,1097
110000357,351,19,332
110000361,20,115,-95
110000362,69,392,-323
110000363,344,167,177
110000364,243,472,-229
110000365,192,0,192
110000366,0,145,-145
110000367,456,619,-163
110000368,2,110,-108
110000369,30,1,29
110000373,7,516,-509
110000374,146,13,133
110000375,219,1410,-1191
110000376,38,117,-79
110000377,99,652,-553
110000378,39,438,-399
110000379,6812,1859,4953
110000380,34,23,11
110000383,3,1646,-1643
110000384,3352,1302,2050
110000385,2,416,-414
110000387,94,12,82
110000388,49,309,-260
110000389,700,4,696
110000391,440,680,-240
110000396,134,231,-97
110000397,108,476,-368
110000398,3,38,-35
110000399,112,1,111
110000587,105,117,-12
110000589,178,254,-76
110000640,155,173,-18
110000652,38,208,-170
110000653,175,659,-484
110000654,13,71,-58
110000656,1,1054,-1053
110000674,26,39,-13
110000675,18,37,-19
110000676,16,103,-87
110000679,589,972,-383
110000682,102,176,-74
110000683,643,692,-49
110000684,2,98,-96
110000685,13,28,-15
110000686,4,52,-48
110000687,42,2,40
110000688,80,793,-713
110000689,30,77,-47
110000692,155,559,-404
110000693,211,308,-97
110000694,1,230,-229
110000695,189,1210,-1021
110000696,288,317,-29
110900001,247,34,213
110900002,203,381,-178
110900003,562,1632,-1070
110900004,331,350,-19
110900005,8535,2274,6261
110900006,27,8,19
110900007,138,24,114
110900008,29,66,-37
110900009,401,69,332
110900010,5,138,-133
110900011,26,255,-229
110900012,11,206,-195
110900013,1008,272,736
110900014,177,19,158
110900015,1694,596,1098
110900016,30,327,-297
110900017,373,90,283
110900018,461,66,395
110900019,111,24,87
110900020,101,1014,-913
110900021,108,1146,-1038
110900022,90,649,-559
110900023,143,1187,-1044
110900024,40,839,-799
110900025,4,81,-77
110900027,44,563,-519
110900028,37,350,-313
110900029,25,784,-759
110900030,37,811,-774
110900031,0,289,-289
110900032,3,174,-171
110900033,28,637,-609
110900035,49,682,-633
110900036,130,35,95
110900037,55,53,2
110900038,2598,339,2259
110900039,14,420,-406
110900040,294,95,199
110900041,10,315,-305
110900042,67,105,-38
110900043,3,315,-312
110900044,298,48,250
110900045,80,1139,-1059
110900046,251,422,-171
110900047,1468,227,1241
110900049,116,55,61
110900050,14,5,9
110900051,35,316,-281
110900052,7,357,-350
110900053,97,74,23
110900054,23,528,-505
110900055,26,0,26
110900056,49,192,-143
110900057,8,396,-388
110900058,184,532,-348
110900059,904,1543,-639
110900060,532,157,375
110900061,29,72,-43
110900062,111,504,-393
110900063,55,211,-156
110900064,8,0,8
110900065,376,167,209
110900066,21,142,-121
110900067,1002,829,173
110900068,279,420,-141
110900069,1,46,-45
110900070,167,103,64
110900071,437,527,-90
110900073,0,41,-41
110900074,370,155,215
110900075,339,116,223
110900077,636,695,-59
110900078,21,228,-207
110900079,2836,926,1910
110900080,90,109,-19
110900081,3,167,-164
110900082,81,447,-366
110900083,117,33,84
110900084,94,433,-339
110900085,67,845,-778
110900086,66,280,-214
110900087,296,108,188
110900088,5,2,3
110900090,51,41,10
110900091,0,97,-97
110900093,441,83,358
110900095,57,90,-33
110900097,19,22,-3
110900098,33,237,-204
110900099,88,1211,-1123
110900100,1,41,-40
110900102,52,14,38
110900105,1554,895,659
110900108,5,276,-271
110900111,445,165,280
110900112,726,10,716
110900113,780,60,720
110900115,6,199,-193
110900116,375,4922,-4547
110900118,162,2388,-2226
110900119,9043,461,8582
110900120,26,236,-210
110900121,82,0,82
110900122,332,219,113
110900125,332,387,-55
110900127,499,1092,-593
110900128,140,208,-68
110900129,449,599,-150
110900130,1766,380,1386
110900131,233,60,173
110900132,361,75,286
110900133,148,501,-353
110900135,132,1009,-877
110900136,279,12,267
110900137,98,0,98
110900138,1444,577,867
110900139,27,91,-64
110900140,90,8,82
110900141,10,171,-161
110900142,83,443,-360
110900143,114,105,9
110900144,3,1191,-1188
110900145,151,28,123
110900146,638,134,504
110900147,437,440,-3
110900148,6,603,-597
110900149,1,131,-130
110900150,27,34,-7
110900151,9,130,-121
110900152,24,708,-684
110900153,65,64,1
111000001,354,211,143
111000002,415,684,-269
111000003,937,861,76
111000004,658,1665,-1007
111000005,1522,1341,181
111000006,1172,2338,-1166
111000007,8071,3283,4788
111000008,5453,4469,984
111000009,373,1358,-985
111000010,813,326,487
111000011,371,1060,-689
111000012,408,371,37
111000013,402,1242,-840
111000014,736,764,-28
111000017,180,922,-742
111000018,316,567,-251
111000020,4186,3420,766
111000021,152,220,-68
111000023,166,211,-45
111000025,11977,3434,8543
111000029,124,153,-29
111000030,43,124,-81
111000031,2737,1083,1654
111000032,655,307,348
111000033,384,243,141
111000034,679,218,461
111000037,5866,1940,3926
111000038,4230,4257,-27
111000039,1861,4229,-2368
111000040,2059,4504,-2445
111000041,2212,3024,-812
111000042,10931,3982,6949
111000043,3032,2530,502
111000044,1592,1368,224
111000045,1830,2763,-933
111000046,1261,1923,-662
111000047,1991,3139,-1148
111000049,432,918,-486
111000050,2844,2474,370
111000051,493,1765,-1272
111000052,739,2185,-1446
111000053,491,1823,-1332
111000054,248,1855,-1607
111000055,1658,3291,-1633
111000056,123,1093,-970
111000057,55,1388,-1333
111000058,256,175,81
111000059,429,424,5
111000060,3528,784,2744
111000061,529,394,135
111000062,771,305,466
111000063,1901,1220,681
111000064,512,819,-307
111000065,1060,1051,9
111000066,319,411,-92
111000067,614,911,-297
111000068,409,1042,-633
111000069,2126,2788,-662
111000070,3120,1575,1545
111000071,337,1241,-904
111000072,731,392,339
111000073,305,706,-401
111000074,1609,2145,-536
111000075,890,1436,-546
111000076,551,1370,-819
111000077,1430,1898,-468
111000078,2561,1699,862
111000079,1662,1020,642
111000080,463,968,-505
111000081,3407,5158,-1751
111000082,599,968,-369
111000084,682,857,-175
111000085,1078,2079,-1001
111000086,5469,1570,3899
111000087,914,1210,-296
111000088,11983,2874,9109
111000089,864,1276,-412
111000090,1614,1924,-310
111000091,894,1050,-156
111000092,1224,1618,-394
111000093,646,1139,-493
111000094,1966,1336,630
111000095,1028,2747,-1719
111000096,3895,8303,-4408
111000097,9668,1383,8285
111000098,854,2091,-1237
111000099,686,3835,-3149
111000100,467,3732,-3265
111000101,568,1531,-963
111000102,177,1600,-1423
111000104,437,354,83
111000107,84,1688,-1604
111000109,382,330,52
111000110,949,829,120
111000111,1578,656,922
111000112,1564,502,1062
111000113,722,1083,-361
111000114,1462,2314,-852
111000115,11991,1531,10460
111000116,1074,1457,-383
111000117,637,1386,-749
111000118,1744,1557,187
111000119,1014,2834,-1820
111000120,502,838,-336
111000121,254,757,-503
111000122,655,1582,-927
111000123,1225,5892,-4667
111000124,630,6024,-5394
111000125,275,3417,-3142
111000126,135,1606,-1471
111000127,671,229,442
111000128,1297,460,837
111000129,2215,681,1534
111000130,1715,861,854
111000131,1342,744,598
111000132,978,669,309
111000133,136,226,-90
111000134,146,191,-45
111000135,41,156,-115
111000136,360,381,-21
111000138,9,20,-11
111000140,0,3,-3
111000141,209,532,-323
111000142,20,179,-159
111000143,6,109,-103
111000144,20,119,-99
111000145,495,0,495
111000146,57,3,54
111000147,192,16,176
111000148,201,198,3
111000149,0,57,-57
111000150,9,5,4
111000151,1,27,-26
111000153,746,853,-107
111000154,905,332,573
111000155,130,237,-107
111000156,500,607,-107
111000157,215,884,-669
111000158,1137,719,418
111000159,3972,911,3061
111000160,241,554,-313
111000161,14,374,-360
111000162,12,257,-245
111000163,408,1340,-932
111000164,1071,4011,-2940
111000165,1951,702,1249
111000166,2608,531,2077
111000167,219,810,-591
111000168,271,781,-510
111000169,386,867,-481
111000170,614,634,-20
111000171,447,1505,-1058
111000172,140,807,-667
111000173,204,1892,-1688
111000174,153,1347,-1194
111000175,62,456,-394
111000176,290,239,51
111000177,198,389,-191
111000178,712,364,348
111000179,129,298,-169
111000180,226,445,-219
111000181,904,483,421
111000182,174,286,-112
111000183,321,406,-85
111000184,363,304,59
111000185,477,664,-187
111000186,289,401,-112
111000187,145,422,-277
111000188,182,723,-541
111000189,2399,731,1668
111000190,219,718,-499
111000191,173,680,-507
111000192,308,880,-572
111000193,584,546,38
111000194,14,632,-618
111000195,59,748,-689
111000196,55,419,-364
111000197,263,241,22
111000198,368,148,220
111000199,152,199,-47
111000200,208,438,-230
111000201,461,350,111
111000202,153,285,-132
111000203,236,266,-30
111000204,321,592,-271
111000213,233,515,-282
111000214,1840,2607,-767
111000215,968,2007,-1039
111000217,1144,1467,-323
111000218,1128,1500,-372
111000219,463,290,173
111000220,5118,1084,4034
111000221,898,305,593
111000224,0,255,-255
111000225,213,60,153
111000226,264,1,263
111000227,53,6,47
111000228,15,284,-269
111000229,39,562,-523
111000230,397,1050,-653
111000231,831,2575,-1744
111000232,448,1154,-706
111000233,434,1079,-645
111000234,128,409,-281
111000239,154,329,-175
111000240,54,209,-155
111000241,63,738,-675
111000242,107,138,-31
111000243,122,1362,-1240
111000244,324,182,142
111000245,945,1056,-111
111000246,328,926,-598
111000247,162,1637,-1475
111000248,556,737,-181
111000249,556,1204,-648
111000250,52,290,-238
111000251,48,271,-223
111000253,15,21,-6
111000255,14,10,4
111000257,16,27,-11
111000260,128,2213,-2085
111000261,852,122,730
111000271,48,376,-328
111000273,12452,2123,10329
111000274,1559,2682,-1123
111000275,105,122,-17
111000276,400,4048,-3648
111000277,227,743,-516
111000278,780,366,414
111000291,567,4042,-3475
111000298,599,388,211
111000299,666,150,516
111000300,104,1059,-955
111000302,265,160,105
111000303,93,489,-396
111000312,58,96,-38
111000315,0,50,-50
111000320,476,1264,-788
111000321,263,93,170
111000322,269,943,-674
111000323,170,30,140
111000324,396,463,-67
111000325,41,68,-27
111000326,128,470,-342
111000327,399,766,-367
111000328,199,581,-382
111000329,0,23,-23
111000330,71,37,34
111000331,9,16,-7
111000332,465,2125,-1660
111000334,508,2581,-2073
111000335,630,207,423
111000337,815,648,167
111000338,33,215,-182
111000339,239,1057,-818
111000340,184,1606,-1422
111000341,946,456,490
111000342,152,341,-189
111000344,940,1177,-237
111000345,207,69,138
111000346,23,140,-117
111000347,100,10,90
111000350,137,202,-65
111000351,114,226,-112
111000352,162,328,-166
111000353,120,357,-237
111000354,416,434,-18
111000355,315,1238,-923
111000358,165,3395,-3230
111000360,174,1687,-1513
111000361,118,869,-751
111000546,496,1259,-763
111000547,302,1598,-1296
111000548,103,296,-193
111000549,304,1005,-701
111000550,62,646,-584
111000551,844,397,447
111000552,658,92,566
111000907,398,47,351
111000908,7,1,6
111000916,1027,386,641
111000917,56,593,-537
111000918,136,2014,-1878
111000920,290,14,276
111000921,1,383,-382
111000922,315,530,-215
111000924,70,2095,-2025
111000925,2243,2547,-304
111000926,1095,3476,-2381
111000927,3060,5589,-2529
111000928,8116,5685,2431
111000929,1084,1334,-250
111000930,831,3632,-2801
111000931,1924,2379,-455
111000932,5565,3537,2028
111000933,3503,2209,1294
111000934,2930,4159,-1229
111000935,979,1121,-142
111000936,1165,3159,-1994
111000937,697,1450,-753
111000938,2273,3030,-757
111000939,306,45,261
111000940,261,339,-78
111000941,331,1275,-944
111000943,237,316,-79
111000944,119,999,-880
111000945,64,4147,-4083
111001109,519,237,282
111001110,276,795,-519
111001111,63,9,54
111001112,139,62,77
111001113,5,165,-160
111001114,1491,84,1407
111001115,33,475,-442
111001116,8889,2711,6178
111001117,1111,1277,-166
111001120,100,616,-516
111001121,113,506,-393
111001122,44,504,-460
111001123,9,28,-19
111900001,1,173,-172
111900002,17,1561,-1544
111900003,8,888,-880
111900004,37,342,-305
111900006,17,14,3
111900007,67,4,63
111900008,100,4,96
111900009,141,419,-278
111900010,401,958,-557
111900012,127,248,-121
111900013,1,107,-106
111900014,12866,3007,9859
111900015,0,111,-111
111900016,1,305,-304
111900017,1,341,-340
111900018,104,8,96
111900019,1,153,-152
111900020,11,93,-82
111900021,32,165,-133
111900022,14,113,-99
111900023,254,71,183
111900024,1,95,-94
111900025,1,74,-73
111900026,2,131,-129
111900027,4,295,-291
111900028,7,723,-716
111900029,2,243,-241
111900030,134,729,-595
111900031,14,81,-67
111900032,1,705,-704
111900033,9,193,-184
111900034,297,794,-497
111900035,37,423,-386
111900036,2,678,-676
111900038,495,954,-459
111900039,82,953,-871
111900040,8,1099,-1091
111900042,73,202,-129
111900043,5,799,-794
111900044,349,564,-215
111900046,36,478,-442
111900048,175,1576,-1401
111900049,34,455,-421
111900050,90,20,70
111900051,4,485,-481
111900052,558,976,-418
111900053,2191,872,1319
111900054,101,6,95
111900055,49,1148,-1099
111900056,304,196,108
111900057,89,59,30
111900058,323,1404,-1081
111900059,4308,380,3928
111900060,312,3,309
111900061,12,617,-605
111900062,25,45,-20
111900063,181,477,-296
111900064,155,555,-400
111900065,88,39,49
111900066,153,222,-69
111900067,0,629,-629
111900068,40,58,-18
111900069,59,40,19
111900070,147,195,-48
111900071,5,580,-575
111900072,51,23,28
111900073,455,156,299
111900074,10,433,-423
111900075,54,18,36
111900076,104,61,43
111900077,54,0,54
111900078,225,21,204
111900079,47,24,23
111900080,242,174,68
111900081,1657,158,1499
111900082,97,14,83
111900083,78,5,73
111900084,93,0,93
111900085,45,100,-55
111900086,20,4,16
111900087,30,1,29
111900088,390,10,380
111900089,126,3,123
111900090,73,36,37
111900091,135,1,134
111900092,67,3,64
111900093,333,4,329
111900094,94,2,92
111900095,162,34,128
111900096,98,2,96
111900097,30,1,29
111900098,109,4,105
111900099,46,0,46
111900100,107,14,93
111900101,91,10,81
111900102,292,1474,-1182
111900103,102,68,34
111900104,118,56,62
111900105,469,321,148
111900106,3276,127,3149
111900107,108,214,-106
111900108,201,119,82
111900109,923,265,658
111900110,4868,445,4423
111900111,65,368,-303
111900112,1558,1762,-204
111900113,393,65,328
111900114,353,183,170
111900115,37,72,-35
111900118,200,75,125
111900119,266,152,114
111900122,78,60,18
111900123,15,26,-11
111900124,55,228,-173
111900125,387,30,357
111900126,289,3,286
111900127,2,1203,-1201
111900128,11,1233,-1222
111900129,210,42,168
111900130,246,18,228
111900131,307,2,305
111900132,64,2618,-2554
111900133,6,832,-826
111900134,22,491,-469
111900135,15,28,-13
111900136,109,214,-105
111900137,93,111,-18
111900138,23,228,-205
111900139,30,415,-385
111900140,67,19,48
111900141,90,9,81
111900142,117,35,82
111900143,34,460,-426
111900144,0,232,-232
111900145,8,1133,-1125
111900146,2,673,-671
111900147,230,936,-706
111900148,43,1670,-1627
111900149,11,698,-687
111900150,16,315,-299
111900151,4,41,-37
111900152,107,111,-4
111900153,3089,385,2704
111900154,12,230,-218
111900155,95,77,18
111900156,35,63,-28
111900157,57,22,35
111900158,405,33,372
111900159,244,15,229
111900160,186,0,186
111900161,71,4,67
111900162,98,221,-123
111900163,83,480,-397
111900164,61,68,-7
111901113,278,345,-67
111901114,192,728,-536
111901115,77,1,76
111901116,101,2,99
111901117,40,61,-21
111901118,251,244,7
111901119,2974,273,2701
111901120,144,618,-474
111901121,312,836,-524
111901122,16,1176,-1160
111901123,96,715,-619
111901124,138,7,131
111901125,282,289,-7
111901126,111,61,50
111901127,2119,526,1593
111901128,26,294,-268
111901129,5,468,-463
111901130,13,589,-576
111901131,8,384,-376
111901132,138,8,130
111901133,61,3,58
111901134,108,10,98
111901135,19,18,1
111901136,38,39,-1
111901137,2,33,-31
111901138,121,87,34
111901139,34,114,-80
111901140,6,318,-312
111901141,15,602,-587
111901142,6,397,-391
111901143,2,187,-185
111901144,17,44,-27
112000001,2040,1423,617
112000002,878,3530,-2652
112000003,895,1607,-712
112000004,854,2811,-1957
112000005,2565,2682,-117
112000006,2583,3539,-956
112000007,2085,1762,323
112000008,2472,4336,-1864
112000009,5267,5661,-394
112000010,2672,3544,-872
112000011,2552,3839,-1287
112000012,6785,3458,3327
112000013,7920,4955,2965
112000014,3425,1193,2232
112000015,3834,4361,-527
112000016,6687,1137,5550
112000017,3007,2648,359
112000024,3599,1345,2254
112000026,6597,8170,-1573
112000027,1172,629,543
112000028,2494,2625,-131
112000029,556,797,-241
112000030,271,198,73
112000031,1978,4580,-2602
112000032,671,106,565
112000033,2549,1551,998
112000034,271,88,183
112000035,132,490,-358
112000036,1050,1141,-91
112000037,1704,1141,563
112000038,1459,1372,87
112000039,55,109,-54
112000040,176,367,-191
112000041,581,718,-137
112000042,1558,423,1135
112000050,993,2119,-1126
112000051,991,1193,-202
112000054,2231,3868,-1637
112000057,844,505,339
112000058,539,1037,-498
112000059,865,1006,-141
112000061,6379,2864,3515
112000062,2800,1330,1470
112000063,2282,1528,754
112000064,6333,9115,-2782
112000065,3069,4262,-1193
112000066,3905,1461,2444
112000067,974,1129,-155
112000068,2815,1975,840
112000069,788,3501,-2713
112000070,2209,992,1217
112000071,773,4406,-3633
112000072,1503,1343,160
112000073,1469,2619,-1150
112000074,1002,1360,-358
112000075,1241,1524,-283
112000076,4031,4141,-110
112000077,478,1136,-658
112000078,1245,1103,142
112000079,1396,1790,-394
112000080,659,1365,-706
112000081,1594,2990,-1396
112000082,1494,1117,377
112000083,640,2252,-1612
112000084,1256,987,269
112000085,1080,1945,-865
112000086,1514,2277,-763
112000087,253,717,-464
112000088,484,1120,-636
112000089,315,392,-77
112000090,203,538,-335
112000091,676,1947,-1271
112000092,1511,1385,126
112000093,1789,1646,143
112000094,533,1181,-648
112000095,566,1200,-634
112000096,360,1031,-671
112000097,819,690,129
112000098,1372,2734,-1362
112000099,695,1161,-466
112000100,1283,1628,-345
112000101,507,1530,-1023
112000102,857,1015,-158
112000103,426,2241,-1815
112000105,646,3391,-2745
112000106,1152,626,526
112000107,11,276,-265
112000108,244,2816,-2572
112000109,62,87,-25
112000110,1309,598,711
112000111,2010,7043,-5033
112000112,6336,967,5369
112000113,1337,3137,-1800
112000114,3521,1721,1800
112000115,328,887,-559
112000116,723,1793,-1070
112000117,1039,1330,-291
112000118,1351,1279,72
112000119,521,1572,-1051
112000120,89,699,-610
112000121,113,1304,-1191
112000122,207,236,-29
112000123,487,220,267
112000124,213,102,111
112000125,130,237,-107
112000126,147,1383,-1236
112000127,3334,2215,1119
112000128,1539,1099,440
112000129,102,171,-69
112000130,154,91,63
112000131,26,721,-695
112000132,86,484,-398
112000133,390,714,-324
112000134,477,541,-64
112000135,1136,987,149
112000136,1372,1873,-501
112000137,2145,2453,-308
112000138,2730,1650,1080
112000139,1217,355,862
112000140,1165,1710,-545
112000141,611,337,274
112000142,178,1578,-1400
112000143,955,260,695
112000144,384,2814,-2430
112000145,1956,900,1056
112000146,799,3799,-3000
112000147,1824,2316,-492
112000148,1839,3501,-1662
112000149,293,1283,-990
112000150,138,1054,-916
112000151,368,1256,-888
112000152,300,590,-290
112000153,217,537,-320
112000154,135,208,-73
112000155,173,147,26
112000157,1004,745,259
112000158,277,1663,-1386
112000159,319,518,-199
112000167,234,46,188
112000169,522,403,119
112000173,591,402,189
112000175,441,649,-208
112000176,5715,2945,2770
112000177,521,177,344
112000178,91,976,-885
112000179,187,256,-69
112000180,258,436,-178
112000181,1661,3493,-1832
112000182,865,3710,-2845
112000183,57,91,-34
112000184,303,1164,-861
112000185,391,755,-364
112000187,6228,3986,2242
112000195,206,20,186
112000196,214,5,209
112000197,181,192,-11
112000198,41,640,-599
112000199,254,1332,-1078
112000202,271,1,270
112000216,59,267,-208
112000230,99,5,94
112000231,5,611,-606
112000256,45,238,-193
112000313,255,259,-4
112000314,30,27,3
112000337,238,894,-656
112000352,339,313,26
112000392,2858,2132,726
112000398,869,974,-105
112000399,4350,2203,2147
112000400,2538,5542,-3004
112000401,3017,3834,-817
112000402,2031,2727,-696
112000403,2709,2421,288
112000404,451,901,-450
112000405,1637,3013,-1376
112000406,4460,4614,-154
112000407,5072,8113,-3041
112000408,12535,9987,2548
112000409,2142,7352,-5210
112000410,468,187,281
112000411,9256,1692,7564
112000412,2068,586,1482
112000413,16615,4046,12569
112000414,75,169,-94
112000415,84,90,-6
112000416,1817,1652,165
112000417,243,89,154
112000421,27,254,-227
112000422,376,1228,-852
112000424,4553,2265,2288
112000425,582,1848,-1266
112000426,105,338,-233
112000427,1,28,-27
112000428,121,862,-741
112000429,2668,3796,-1128
112000430,2772,3803,-1031
112000431,44,183,-139
112000432,882,3542,-2660
112000433,655,1252,-597
112000437,56,398,-342
112900001,29,0,29
112900002,264,1942,-1678
112900003,22,525,-503
112900004,43,450,-407
112900005,183,303,-120
112900006,3,776,-773
112900007,22,353,-331
112900008,1,31,-30
112900009,479,112,367
112900010,196,1149,-953
112900011,444,496,-52
112900012,2,70,-68
112900013,3,460,-457
112900014,4,529,-525
112900015,497,1675,-1178
112900016,4,473,-469
112900017,45,426,-381
112900018,1,572,-571
112900019,115,243,-128
112900020,720,2492,-1772
112900021,3,524,-521
112900022,30,131,-101
112900023,2,454,-452
112900024,39,458,-419
112900025,182,556,-374
112900026,10,575,-565
112900027,9,2070,-2061
112900028,21,212,-191
112900029,13,1066,-1053
112900030,299,356,-57
112900031,9,921,-912
112900032,160,423,-263
112900034,0,83,-83
112900035,6,850,-844
112900036,44,220,-176
112900037,179,192,-13
112900038,475,287,188
112900039,18,533,-515
112900040,6,636,-630
112900041,2115,1359,756
112900042,48,1017,-969
112900043,24,97,-73
112900044,1282,668,614
112900045,686,608,78
112900046,366,161,205
112900047,29,33,-4
112900049,81,121,-40
112900050,120,993,-873
112900051,437,1599,-1162
112900052,3,1991,-1988
112900053,408,273,135
112900054,389,42,347
112900055,219,41,178
112900056,397,205,192
112900057,19,1296,-1277
112900058,361,241,120
112900059,153,278,-125
112900060,12,606,-594
112900061,55,306,-251
112900062,53,265,-212
112900063,116,8,108
112900064,278,361,-83
112900065,76,15,61
112900066,265,142,123
112900067,871,263,608
112900068,39,33,6
112900069,3998,678,3320
112900071,22,2,20
112900072,506,1373,-867
112900073,374,99,275
112900074,80,177,-97
112900075,3355,799,2556
112900076,136,11,125
112900078,244,395,-151
112900079,343,36,307
112900080,37,3,34
112900081,51,188,-137
112900082,271,22,249
112900083,121,43,78
112900084,133,101,32
112900085,1,11,-10
112900086,40,0,40
112900087,509,167,342
112900088,172,23,149
112900089,872,18,854
112900090,24,19,5
112900091,124,2,122
112900092,133,189,-56
112900093,1632,21,1611
112900094,57,11,46
112900095,35,0,35
112900096,348,135,213
112900097,80,832,-752
112900098,83,1,82
112900099,612,22,590
112900100,47,0,47
112900101,261,1,260
112900102,223,4,219
112900103,163,5,158
112900104,11,2,9
112900105,13,0,13
112900106,373,150,223
112900107,5,1,4
112900108,18,0,18
112900109,44,0,44
112900110,626,2,624
112900111,466,4,462
112900112,272,1,271
112900113,0,14,-14
112900114,70,62,8
112900115,702,4,698
112900116,46,56,-10
112900117,135,185,-50
112900118,42,115,-73
112900119,142,3,139
112900120,1124,315,809
112900121,407,302,105
112900122,15,257,-242
112900123,162,20,142
112900124,9,327,-318
112900125,102,649,-547
112900126,179,332,-153
112900127,335,52,283
112900128,681,1398,-717
112900129,7,1518,-1511
112900130,288,93,195
112900131,51,382,-331
112900132,69,673,-604
112900133,36,1843,-1807
112900134,4,482,-478
112900135,77,49,28
112900136,0,67,-67
112900137,9,1213,-1204
112900138,5,692,-687
112900139,345,2561,-2216
112900140,0,113,-113
112900141,646,51,595
112900142,95,174,-79
112900143,82,1112,-1030
112900144,3,459,-456
112900145,42,917,-875
112900146,13,2340,-2327
112900147,11,3942,-3931
112900148,41,0,41
112900149,236,663,-427
112900151,19,54,-35
112900152,6893,1297,5596
112900153,2817,1783,1034
112900154,0,119,-119
112900155,224,7,217
112900156,282,2758,-2476
112900157,165,11,154
112900158,33,34,-1
112900159,239,76,163
112900160,42,426,-384
112900161,134,25,109
112900162,54,8,46
112900163,205,18,187
112900164,28,121,-93
112900165,111,70,41
112900166,21,41,-20
112900167,4,50,-46
112900168,2,3,-1
112900169,6,12,-6
112900170,51,155,-104
112900172,90,8,82
112900173,392,203,189
112900174,356,33,323
112900175,197,243,-46
112900176,2,18,-16
112900177,227,36,191
112900178,758,2386,-1628
112900179,48,757,-709
112900180,1921,3005,-1084
112900181,362,8,354
112900182,54,2241,-2187
112900183,224,336,-112
112900184,699,520,179
112900185,484,686,-202
112900186,2201,1098,1103
112900187,110,469,-359
112900188,920,692,228
112900189,50,43,7
112900190,1,99,-98
112900192,620,559,61
112900193,1766,384,1382
112900194,32,200,-168
112900195,593,47,546
112900196,365,924,-559
112900197,175,675,-500
112900199,439,1306,-867
112900200,461,571,-110
112900201,70,157,-87
112900202,303,1703,-1400
112900203,177,626,-449
112900204,1405,729,676
112900205,2,11,-9
112900206,6,98,-92
112900207,5,0,5
112900208,72,174,-102
112900209,677,729,-52
112900210,0,12,-12
112900211,85,112,-27
112900212,1,88,-87
112900213,14,28,-14
112900214,28,7,21
112900215,6,422,-416
112900216,40,122,-82
112900217,3,76,-73
112900218,35,24,11
112900219,38,34,4
112900220,11,2,9
112900221,15,289,-274
112900222,0,39,-39
112900223,882,18,864
112900224,233,1591,-1358
112900225,336,1102,-766
112900226,338,468,-130
112900227,282,2165,-1883
112900228,23,31,-8
112900229,142,118,24
112900230,13112,5470,7642
112900232,208,242,-34
112900233,59,403,-344
112900234,11,230,-219
112900235,76,23,53
112900236,191,33,158
112900237,127,628,-501
112900238,7,53,-46
113000001,6048,8614,-2566
113000002,3925,5515,-1590
113000003,2476,3438,-962
113000004,2319,3645,-1326
113000005,1671,1864,-193
113000006,1421,2071,-650
113000007,1665,2012,-347
113000008,1898,2763,-865
113000009,974,1330,-356
113000010,1275,2376,-1101
113000011,1116,2616,-1500
113000012,1273,1251,22
113000013,1292,807,485
113000014,2341,2394,-53
113000015,786,331,455
113000016,484,870,-386
113000017,127,415,-288
113000018,296,91,205
113000019,129,332,-203
113000020,126,38,88
113000021,2006,779,1227
113000022,701,2035,-1334
113000025,80,372,-292
113000026,443,724,-281
113000027,1782,606,1176
113000028,2687,823,1864
113000029,1369,857,512
113000030,742,847,-105
113000031,311,499,-188
113000032,417,437,-20
113000033,426,617,-191
113000034,565,663,-98
113000035,51,54,-3
113000036,25,83,-58
113000037,108,51,57
113000038,18,66,-48
113000039,105,825,-720
113000040,46,118,-72
113000042,1282,904,378
113000051,974,3103,-2129
113000052,3128,1851,1277
113000053,317,1049,-732
113000054,337,1324,-987
113000055,1193,1575,-382
113000056,905,2024,-1119
113000058,1055,1105,-50
113000059,1701,1047,654
113000060,173,770,-597
113000061,782,1277,-495
113000062,2022,394,1628
113000063,106,493,-387
113000064,36,807,-771
113000065,238,2096,-1858
113000066,557,157,400
113000067,1778,2240,-462
113000068,409,3319,-2910
113000069,633,2377,-1744
113000070,1867,1508,359
113000071,402,1144,-742
113000072,673,738,-65
113000073,852,2569,-1717
113000074,1097,603,494
113000075,2392,878,1514
113000076,1740,2791,-1051
113000077,1769,818,951
113000078,1110,3623,-2513
113000079,1031,1111,-80
113000080,807,752,55
113000081,1014,1211,-197
113000082,1852,1200,652
113000083,668,1179,-511
113000084,2283,1791,492
113000085,1091,925,166
113000086,1403,2108,-705
113000087,1186,1045,141
113000088,3182,1922,1260
113000089,1034,1710,-676
113000090,281,716,-435
113000091,932,515,417
113000094,1251,298,953
113000095,262,1840,-1578
113000096,191,1414,-1223
113000097,1392,465,927
113000098,168,37,131
113000099,1406,448,958
113000100,165,699,-534
113000101,526,1024,-498
113000102,618,403,215
113000103,3403,799,2604
113000104,485,4156,-3671
113000105,781,659,122
113000106,559,900,-341
113000107,821,1224,-403
113000108,1220,2206,-986
113000109,671,6432,-5761
113000110,1818,684,1134
113000111,258,1158,-900
113000112,235,386,-151
113000113,2327,383,1944
113000114,370,2446,-2076
113000116,1040,289,751
113000117,1464,206,1258
113000118,256,691,-435
113000119,290,651,-361
113000120,69,334,-265
113000121,1018,1567,-549
113000124,256,196,60
113000125,91,770,-679
113000127,5830,832,4998
113000128,936,831,105
113000129,794,2366,-1572
113000133,6733,2499,4234
113000134,20,1436,-1416
113000135,3965,4751,-786
113000137,2959,3504,-545
113000139,547,259,288
113000140,224,491,-267
113000141,566,246,320
113000142,915,1748,-833
113000143,330,308,22
113000144,460,1106,-646
113000145,59,215,-156
113000146,177,130,47
113000147,243,271,-28
113000148,134,274,-140
113000149,80,250,-170
113000150,684,818,-134
113000151,108,139,-31
113000152,32,246,-214
113000153,2850,883,1967
113000154,988,2423,-1435
113000155,418,647,-229
113000156,209,643,-434
113000157,301,1500,-1199
113000158,711,335,376
113000159,999,801,198
113000160,671,2038,-1367
113000161,315,1071,-756
113000162,705,606,99
113000163,136,62,74
113000164,25,188,-163
113000166,117,84,33
113000167,23,312,-289
113000168,81,276,-195
113000169,207,113,94
113000170,102,133,-31
113000171,47,127,-80
113000172,231,125,106
113000173,68,27,41
113000174,195,862,-667
113000175,486,157,329
113000176,572,183,389
113000177,233,786,-553
113000178,263,589,-326
113000179,374,194,180
113000180,828,2240,-1412
113000181,976,1440,-464
113000182,255,642,-387
113000183,258,816,-558
113000184,30,149,-119
113000189,646,1122,-476
113000190,1735,790,945
113000192,3629,1967,1662
113000193,8986,1228,7758
113000194,2960,1429,1531
113000195,3759,908,2851
113000196,181,159,22
113000197,2450,1551,899
113000198,78,473,-395
113000199,1854,791,1063
113000201,890,255,635
113000202,6625,4659,1966
113000203,572,406,166
113000204,2701,2315,386
113000205,39,49,-10
113000206,23,86,-63
113000207,66,25,41
113000208,49,83,-34
113000209,38,34,4
113000210,4,31,-27
113000211,331,263,68
113000212,360,39,321
113000213,55,300,-245
113000214,228,446,-218
113000234,253,2412,-2159
113000410,217,290,-73
113000411,4066,6350,-2284
113000412,11815,3288,8527
113000413,4725,3967,758
113000414,12136,17825,-5689
113000415,3406,4687,-1281
113000416,13985,6323,7662
113000417,4486,5289,-803
113000418,4683,3466,1217
113000419,2193,3125,-932
113000420,4795,6993,-2198
113000421,4783,8079,-3296
113000422,21446,13352,8094
113000423,3202,6125,-2923
113000424,5762,11474,-5712
113000425,8,130,-122
113000428,113,66,47
113000430,32,66,-34
113000432,1991,226,1765
113000433,155,1798,-1643
113000434,15,489,-474
113000435,28,1704,-1676
113000436,59,2679,-2620
113000437,777,12,765
113000438,236,12,224
113000439,12,236,-224
113000440,83,36,47
113000441,148,322,-174
113000442,162,433,-271
113000443,132,695,-563
113000444,197,491,-294
113000445,83,318,-235
113000446,26,125,-99
113000448,270,413,-143
113000449,562,934,-372
113000450,1372,5276,-3904
113000451,2417,256,2161
113000452,703,673,30
113000453,67,470,-403
113000454,2115,19,2096
113000455,10,201,-191
113000456,5987,3294,2693
113000468,5060,463,4597
113000469,558,327,231
113000470,1092,151,941
113000471,14,708,-694
113000472,111,415,-304
113000474,293,788,-495
113000475,1857,2898,-1041
113000476,1071,2473,-1402
113000477,2343,2512,-169
113000478,4991,8869,-3878
113000479,67,408,-341
113000480,140,150,-10
113000481,0,0,0
113000482,0,1,-1
113000483,0,0,0
113000485,0,0,0
113000486,3,0,3
113000487,0,0,0
113000488,0,0,0
113000489,0,0,0
113000490,0,1,-1
113000491,8,20,-12
113000492,3,3,0
113000493,1,2,-1
113000495,226,252,-26
113000496,68,122,-54
113000497,0,0,0
113000498,0,0,0
113000499,0,0,0
113000500,1,10,-9
113900001,2,382,-380
113900002,4,452,-448
113900003,4,289,-285
113900004,0,113,-113
113900005,1,67,-66
113900006,20,34,-14
113900007,105,12,93
113900008,140,1,139
113900009,623,3,620
113900010,447,0,447
113900011,43,3,40
113900012,39,2,37
113900013,1811,12,1799
113900014,607,3,604
113900015,0,97,-97
113900016,27,0,27
113900017,11,114,-103
113900018,801,174,627
113900019,90,98,-8
113900020,90,0,90
113900022,13,0,13
113900023,32,0,32
113900024,70,187,-117
113900025,412,47,365
113900026,51,0,51
113900027,3,162,-159
113900028,12,725,-713
113900029,62,427,-365
113900030,194,6,188
113900031,11,2,9
113900032,13,0,13
113900033,51,148,-97
113900035,77,0,77
113900036,20,251,-231
113900037,102,860,-758
113900038,39,129,-90
113900039,260,13,247
113900040,1,2,-1
113900041,7,1,6
113900042,73,80,-7
113900043,297,197,100
113900044,204,133,71
113900045,40,2,38
113900046,328,1109,-781
113900047,69,266,-197
113900048,413,83,330
113900049,1369,431,938
113900050,216,754,-538
113900051,299,741,-442
113900052,267,219,48
113900053,696,384,312
113900054,26,18,8
113900055,103,999,-896
113900056,101,296,-195
113900057,27,183,-156
113900058,81,395,-314
113900059,266,611,-345
113900060,132,490,-358
113900061,1728,230,1498
113900062,159,25,134
113900063,87,270,-183
113900064,29,266,-237
113900065,499,39,460
113900066,387,642,-255
113900067,130,720,-590
113900068,530,553,-23
113900069,106,33,73
113900070,221,660,-439
113900071,78,188,-110
113900072,63,263,-200
113900073,184,499,-315
113900074,49,685,-636
113900075,1398,1205,193
113900076,213,19,194
113900077,47,376,-329
113900078,63,125,-62
113900079,1,137,-136
113900080,533,249,284
113900081,52,354,-302
113900082,102,380,-278
113900083,238,1108,-870
113900084,323,166,157
113900085,27,553,-526
113900086,30,44,-14
113900087,53,301,-248
113900088,54,95,-41
113900089,500,79,421
113900090,659,492,167
113900091,48,77,-29
113900092,37,74,-37
113900093,184,874,-690
113900094,463,653,-190
113900095,173,178,-5
113900096,251,100,151
113900097,21,200,-179
113900098,667,120,547
113900099,2,174,-172
113900100,0,10,-10
113900101,22,78,-56
113900102,137,146,-9
113900103,295,290,5
113900104,161,237,-76
113900105,74,566,-492
113900106,1,175,-174
113900107,2,58,-56
113900108,351,225,126
113900109,497,197,300
113900110,66,31,35
113900111,97,178,-81
113900112,121,92,29
113900113,964,668,296
113900114,1,211,-210
113900115,0,200,-200
113900116,92,199,-107
113900117,96,46,50
113900118,282,382,-100
113900119,425,554,-129
113900120,91,39,52
113900121,65,130,-65
113900122,464,1829,-1365
113900123,631,215,416
113900124,0,124,-124
113900125,2280,231,2049
113900126,171,89,82
113900127,266,664,-398
113900128,144,91,53
113900129,13,163,-150
113900130,4,34,-30
113900131,203,111,92
113900132,70,70,0
113900133,16,64,-48
113900135,296,826,-530
113900136,144,122,22
113900137,484,300,184
113900138,107,228,-121
113900139,802,185,617
113900140,592,409,183
113900141,479,912,-433
113900142,114,155,-41
113900143,20,44,-24
113900144,474,277,197
113900145,328,299,29
113900146,112,130,-18
113900148,212,419,-207
113900149,173,93,80
113900150,1381,963,418
113900151,306,358,-52
113900152,25,53,-28
113900153,543,877,-334
113900154,3,164,-161
113900155,296,162,134
113900156,371,1047,-676
113900157,39,282,-243
113900158,798,412,386
113900159,18,316,-298
113900160,676,1012,-336
113900161,64,261,-197
113900162,994,1027,-33
113900163,371,341,30
113900164,379,74,305
113900165,827,795,32
113900166,348,222,126
113900167,243,40,203
113900168,201,220,-19
113900169,347,661,-314
113900171,130,115,15
113900172,10,350,-340
113900173,84,1265,-1181
113900174,560,1030,-470
113900175,390,178,212
113900176,389,1140,-751
113900177,363,382,-19
113900178,296,169,127
113900179,33,1157,-1124
113900180,226,199,27
113900181,624,119,505
113900182,756,1487,-731
113900183,84,121,-37
113900184,29,1196,-1167
113900185,196,122,74
113900186,38,71,-33
113900187,49,213,-164
113900188,65,229,-164
113900189,413,108,305
113900190,375,170,205
113900191,175,331,-156
113900192,8,587,-579
113900193,47,542,-495
113900194,3647,1317,2330
113900195,424,741,-317
113900196,3,190,-187
113900197,8,539,-531
113900198,38,189,-151
113900199,287,1181,-894
113900200,20,402,-382
113900201,1,490,-489
113900202,48,485,-437
113900203,2,303,-301
113900204,66,962,-896
113900205,12,263,-251
113900206,8,210,-202
113900207,1,87,-86
113900208,0,101,-101
113900209,1,146,-145
113900210,1036,1021,15
113900211,184,67,117
113900212,179,972,-793
113900214,611,687,-76
113900215,68,230,-162
113900216,143,2165,-2022
113900217,76,470,-394
113900218,143,42,101
113900219,169,871,-702
113900220,150,87,63
113900221,502,219,283
113900222,519,619,-100
113900223,154,1738,-1584
113900224,171,102,69
113900225,1248,346,902
113900226,339,224,115
113900227,355,303,52
113900228,453,438,15
113900229,74,726,-652
113900230,7607,3154,4453
113900231,226,441,-215
113900232,67,140,-73
113900233,69,106,-37
113900234,383,519,-136
113900235,90,29,61
113900236,85,686,-601
113900237,111,7,104
113900238,268,582,-314
113900239,85,93,-8
113900240,11,161,-150
113900241,134,111,23
113900242,44,240,-196
113900243,239,629,-390
113900244,714,307,407
113900245,1741,364,1377
113900246,39,13,26
113900247,168,402,-234
113900248,5703,2092,3611
113900249,2158,492,1666
113900250,108,177,-69
113900251,621,362,259
113900252,541,8,533
113900253,834,56,778
113900254,937,196,741
113900255,358,34,324
113900256,302,61,241
113900257,66,1258,-1192
113900258,32,1036,-1004
113900259,422,401,21
113900260,194,20,174
113900261,49,183,-134
113900262,139,1301,-1162
113900263,225,958,-733
113900264,9,943,-934
113900265,214,508,-294
113900266,37,407,-370
113900267,117,840,-723
113900268,331,448,-117
113900269,69,230,-161
113900270,509,533,-24
113900271,679,1996,-1317
113900273,137,7,130
113900274,27,9,18
113900275,22,83,-61
113900276,3,487,-484
113900277,127,7,120
113900278,371,244,127
113900279,123,146,-23
113900280,1350,845,505
113900281,434,1509,-1075
113900282,1295,725,570
113900283,431,659,-228
113900284,822,233,589
113900285,133,40,93
113900286,112,239,-127
113900287,49,171,-122
113900288,3,105,-102
113900289,2191,120,2071
113900290,722,185,537
113900291,217,245,-28
113900292,16,19,-3
113900293,5,492,-487
113900294,472,58,414
113900295,604,497,107
113900296,3746,577,3169
113900297,1296,68,1228
113900298,10,2669,-2659
113900299,61,312,-251
113900300,10266,3871,6395
113900301,1628,523,1105
113900302,3602,1018,2584
113900303,992,465,527
113900304,2,261,-259
113900305,118,2,116
113900306,14,0,14
113900307,90,1,89
113900308,107,163,-56
113900309,4,1419,-1415
113900310,0,31,-31
113900311,3,0,3
113900312,133,166,-33
113900313,23,24,-1
114000001,1697,6820,-5123
114000002,177,910,-733
114000003,27,565,-538
114000004,283,617,-334
114000005,233,330,-97
114000006,3838,3769,69
114000007,922,2618,-1696
114000008,1637,1949,-312
114000009,492,337,155
114000011,3040,6359,-3319
114000012,2068,5031,-2963
114000013,1636,3654,-2018
114000014,486,731,-245
114000015,1557,975,582
114000016,223,629,-406
114000017,138,237,-99
114000018,1075,101,974
114000026,1228,2744,-1516
114000027,2401,3187,-786
114000028,2706,3156,-450
114000038,215,180,35
114000039,124,251,-127
114000040,47,203,-156
114000042,164,248,-84
114000043,63,323,-260
114000044,140,79,61
114000045,50,192,-142
114000046,3431,7897,-4466
114000047,27,111,-84
114000048,92,67,25
114000049,1518,1956,-438
114000050,1620,2341,-721
114000051,3650,2649,1001
114000052,3751,1776,1975
114000053,84,964,-880
114000054,194,2827,-2633
114000055,287,61,226
114000056,1481,993,488
114000057,17449,3932,13517
114000058,820,1606,-786
114000059,556,333,223
114000060,674,1066,-392
114000061,5046,2609,2437
114000062,3349,1593,1756
114000063,3868,2344,1524
114000064,10523,4215,6308
114000065,2531,3585,-1054
114000066,372,936,-564
114000067,25,518,-493
114000068,390,704,-314
114000069,904,885,19
114000070,2579,2209,370
114000071,714,1140,-426
114000072,342,925,-583
114000073,13,230,-217
114000074,23,23,0
114000075,43,352,-309
114000076,32,388,-356
114000077,7,127,-120
114000078,309,1872,-1563
114000079,91,39,52
114000080,84,147,-63
114000081,51,138,-87
114000082,62,947,-885
114000083,71,496,-425
114000084,239,96,143
114000085,113,1431,-1318
114000086,271,1029,-758
114000087,38,396,-358
114000088,62,143,-81
114000089,3042,740,2302
114000090,652,907,-255
114000091,1537,838,699
114000092,931,554,377
114000093,1031,1053,-22
114000094,381,464,-83
114000095,121,134,-13
114000096,193,710,-517
114000097,98,1451,-1353
114000098,279,60,219
114000099,437,1686,-1249
114000100,980,1565,-585
114000101,419,1678,-1259
114000102,306,459,-153
114000103,88,768,-680
114000104,21,640,-619
114000105,76,52,24
114000106,2393,784,1609
114000107,242,202,40
114000108,4560,2063,2497
114000109,393,802,-409
114000110,753,2928,-2175
114000111,1176,818,358
114000112,322,2660,-2338
114000113,676,495,181
114000114,1720,2661,-941
114000115,1829,1191,638
114000116,605,1377,-772
114000117,2170,607,1563
114000118,2037,610,1427
114000119,1317,524,793
114000120,766,1560,-794
114000121,609,999,-390
114000122,316,398,-82
114000123,1468,474,994
114000124,784,550,234
114000125,1025,3071,-2046
114000126,1835,273,1562
114000127,188,286,-98
114000128,954,1048,-94
114000130,462,806,-344
114000131,169,104,65
114000132,711,1144,-433
114000133,1180,2519,-1339
114000134,77,345,-268
114000138,52,332,-280
114000139,315,198,117
114000144,834,605,229
114000145,104,313,-209
114000146,128,536,-408
114000147,1364,1711,-347
114000148,3308,1910,1398
114000149,386,280,106
114000150,1056,789,267
114000151,1337,1353,-16
114000152,86,23,63
114000153,963,2173,-1210
114000154,767,796,-29
114000155,1538,2484,-946
114000156,856,715,141
114000157,350,1182,-832
114000158,3548,1084,2464
114000159,237,570,-333
114000160,154,362,-208
114000161,1845,2580,-735
114000162,941,2012,-1071
114000163,9,205,-196
114000165,327,194,133
114000166,663,444,219
114000167,7324,1729,5595
114000168,1028,1023,5
114000169,2410,1075,1335
114000170,1270,1013,257
114000171,1042,2451,-1409
114000174,215,714,-499
114000176,806,585,221
114000177,4189,1150,3039
114000178,52,112,-60
114000179,1657,980,677
114000180,933,889,44
114000181,2120,3381,-1261
114000182,9316,3357,5959
114000183,1217,1560,-343
114000184,11988,2270,9718
114000185,1067,1278,-211
114000189,725,178,547
114000190,2033,383,1650
114000191,37,80,-43
114000192,486,3489,-3003
114000193,1541,6542,-5001
114000194,1667,2100,-433
114000195,153,36,117
114000196,3,778,-775
114000197,1082,22,1060
114000198,2035,648,1387
114000199,2956,1639,1317
114000200,662,4244,-3582
114000201,210,1797,-1587
114000202,1245,1493,-248
114000203,605,1433,-828
114000204,138,854,-716
114000205,292,3027,-2735
114000206,628,1868,-1240
114000207,977,3980,-3003
114000208,698,6369,-5671
114000209,975,6001,-5026
114000210,446,3135,-2689
114000211,1132,2533,-1401
114000212,730,1153,-423
114000213,1203,1015,188
114000214,91,370,-279
114000215,229,109,120
114000216,1251,575,676
114000217,227,671,-444
114000218,143,503,-360
114000219,1152,454,698
114000220,10,2334,-2324
114000221,608,248,360
114000222,309,2085,-1776
114000223,474,177,297
114000224,161,1405,-1244
114000225,251,980,-729
114000226,92,374,-282
114000227,751,699,52
114000228,755,1606,-851
114000229,1141,2094,-953
114000230,1958,2583,-625
114000231,1035,1889,-854
114000232,634,181,453
114000233,1948,176,1772
114000234,1074,1648,-574
114000235,1154,2496,-1342
114000236,0,838,-838
114000237,104,2142,-2038
114000238,105,317,-212
114000239,250,2490,-2240
114000240,1008,1046,-38
114000241,280,1582,-1302
114000242,1279,1451,-172
114000243,1768,1196,572
114000244,808,529,279
114000245,417,780,-363
114000246,186,56,130
114000247,1084,1137,-53
114000248,894,897,-3
114000249,583,792,-209
114000250,381,1119,-738
114000251,373,580,-207
114000252,81,229,-148
114000253,52,611,-559
114000254,34,177,-143
114000255,1263,360,903
114000256,2646,1767,879
114000257,782,2688,-1906
114000258,229,798,-569
114000259,98,540,-442
114000260,0,33,-33
114000261,35,57,-22
114000262,116,248,-132
114000263,23,2,21
114000264,884,1360,-476
114000265,0,20,-20
114000267,10,2191,-2181
114000268,12,3253,-3241
114000270,156,31,125
114000271,642,181,461
114000283,795,746,49
114000285,78,583,-505
114000288,55,728,-673
114000289,988,157,831
114000293,120,633,-513
114000294,171,374,-203
114000395,1571,92,1479
114000396,487,582,-95
114000402,438,601,-163
114000403,279,1186,-907
114000405,131,890,-759
114000423,215,823,-608
114000424,307,391,-84
114000425,454,1016,-562
114000426,358,1017,-659
114000427,40,135,-95
114000428,267,155,112
114000429,31,313,-282
114000432,67,271,-204
114000434,32,179,-147
114000435,2,191,-189
114900001,529,2608,-2079
114900002,660,131,529
114900003,540,4274,-3734
114900004,216,401,-185
114900005,429,1723,-1294
114900006,29,70,-41
114900007,142,23,119
114900008,130,64,66
114900010,3615,2172,1443
114900011,132,190,-58
114900013,188,113,75
114900015,58,374,-316
114900018,1340,60,1280
114900020,209,77,132
114900021,161,174,-13
114900022,4,1281,-1277
114900024,319,179,140
114900025,337,462,-125
114900026,27,133,-106
114900027,183,362,-179
114900029,25,42,-17
114900030,263,426,-163
114900031,259,45,214
114900032,300,52,248
114900033,2780,563,2217
114900034,62,335,-273
114900035,149,496,-347
114900036,357,1785,-1428
114900037,124,385,-261
114900038,184,1515,-1331
114900039,562,1105,-543
114900040,86,535,-449
114900041,558,894,-336
114900042,618,1207,-589
114900043,1374,550,824
114900044,83,37,46
114900045,151,526,-375
114900046,108,178,-70
114900047,300,1589,-1289
114900048,115,412,-297
114900049,42,404,-362
114900050,56,1021,-965
114900051,43,952,-909
114900052,82,396,-314
114900053,109,479,-370
114900054,105,281,-176
114900057,203,12,191
114900058,0,79,-79
114900059,51,57,-6
114900060,1679,781,898
114900061,168,232,-64
114900062,286,450,-164
114900063,92,482,-390
114900064,944,1075,-131
114900065,320,895,-575
114900067,52,485,-433
114900068,115,312,-197
114900069,331,365,-34
114900070,476,1172,-696
114900072,10,370,-360
114900073,0,245,-245
114900074,389,1769,-1380
114900075,238,2,236
114900076,11,485,-474
114900080,5985,728,5257
114900082,5599,2024,3575
114900083,1524,1280,244
114900084,79,107,-28
114900090,332,223,109
114900091,171,306,-135
114900095,518,196,322
114900096,463,989,-526
114900097,87,0,87
114900098,6,343,-337
114900099,139,9,130
115000001,13836,8861,4975
115000002,3598,3787,-189
115000003,5929,6813,-884
115000004,3526,5860,-2334
115000005,2018,4364,-2346
115000006,839,1756,-917
115000007,85,268,-183
115000008,590,571,19
115000009,240,636,-396
115000010,377,212,165
115000013,66,210,-144
115000015,74,346,-272
115000016,292,396,-104
115000019,22,498,-476
115000020,317,627,-310
115000021,468,494,-26
115000022,776,546,230
115000023,357,564,-207
115000024,2001,808,1193
115000025,1232,761,471
115000026,197,628,-431
115000027,263,384,-121
115000028,253,1226,-973
115000029,474,282,192
115000030,734,1336,-602
115000031,1070,493,577
115000032,9,338,-329
115000033,168,44,124
115000034,261,1450,-1189
115000035,1286,65,1221
115000036,0,511,-511
115000037,425,4,421
115000038,52,293,-241
115000039,4759,3549,1210
115000040,10087,5231,4856
115000041,1089,3528,-2439
115000042,1127,1133,-6
115000043,3433,4192,-759
115000044,3996,6724,-2728
115000045,2438,3812,-1374
115000046,1798,4183,-2385
115000047,1792,3043,-1251
115000048,1678,4268,-2590
115000049,2051,4709,-2658
115000050,4094,2914,1180
115000051,2975,2938,37
115000052,4845,2788,2057
115000053,1737,2125,-388
115000054,1001,1995,-994
115000055,104,562,-458
115000056,176,388,-212
115000057,421,598,-177
115000058,147,150,-3
115000059,231,195,36
115000061,291,136,155
115000062,249,489,-240
115000063,244,527,-283
115000064,194,293,-99
115000065,33,394,-361
115000067,357,42,315
115000069,73,417,-344
115000070,41,1160,-1119
115000071,117,11,106
115000072,23,97,-74
115000073,2041,56,1985
115000075,106,90,16
115000076,6023,5917,106
115000077,1764,6211,-4447
115000078,1044,2997,-1953
115000079,1375,3943,-2568
115000080,2385,4429,-2044
115000081,537,1498,-961
115000082,3772,4835,-1063
115000083,2698,5309,-2611
115000084,1719,2196,-477
115000085,833,1646,-813
115000086,1031,1904,-873
115000087,745,2364,-1619
115000088,2288,1122,1166
115000089,2211,2152,59
115000090,1085,1123,-38
115000091,541,1806,-1265
115000092,416,449,-33
115000093,515,4,511
115000094,15641,7053,8588
115000095,11075,6525,4550
115000096,685,4024,-3339
115000097,785,1075,-290
115000098,963,1278,-315
115000099,2322,6734,-4412
115000100,915,933,-18
115000101,547,2300,-1753
115000102,485,267,218
115000103,501,1435,-934
115000105,83,359,-276
115000106,378,388,-10
115000107,199,936,-737
115000108,6931,3760,3171
115000109,10585,4520,6065
115000110,1625,1506,119
115000111,1053,2490,-1437
115000112,891,1047,-156
115000113,894,1381,-487
115000114,2315,1305,1010
115000116,6060,2410,3650
115000117,7295,3183,4112
115000118,2449,2334,115
115000119,2553,2753,-200
115000120,681,1329,-648
115000121,1952,1483,469
115000122,5354,2428,2926
115000123,3157,2387,770
115000124,912,1200,-288
115000125,585,871,-286
115000126,204,404,-200
115000127,432,249,183
115000128,2101,1111,990
115000129,334,320,14
115000130,400,2070,-1670
115000131,719,354,365
115000132,230,1086,-856
115000133,465,588,-123
115000134,347,393,-46
115000135,358,402,-44
115000136,131,269,-138
115000137,105,280,-175
115000138,234,368,-134
115000139,265,454,-189
115000140,209,250,-41
115000141,211,584,-373
115000142,171,532,-361
115000143,502,784,-282
115000144,419,125,294
115000145,188,713,-525
115000146,425,355,70
115000147,551,881,-330
115000148,398,2588,-2190
115000149,609,325,284
115000150,895,2343,-1448
115000151,979,771,208
115000152,727,2956,-2229
115000153,838,847,-9
115000154,654,572,82
115000155,829,2120,-1291
115000156,1545,875,670
115000157,1534,1565,-31
115000158,1105,590,515
115000159,1111,739,372
115000160,909,1141,-232
115000161,688,900,-212
115000162,914,753,161
115000163,1122,721,401
115000164,983,709,274
115000165,465,450,15
115000167,189,85,104
115000168,654,378,276
115000169,1015,429,586
115000170,130,150,-20
115000171,248,241,7
115000172,3552,753,2799
115000173,380,449,-69
115000174,71,251,-180
115000175,167,200,-33
115000176,171,239,-68
115000177,198,191,7
115000178,12,436,-424
115000179,44,67,-23
115000180,96,1374,-1278
115000181,515,192,323
115000182,619,760,-141
115000183,238,1883,-1645
115000186,700,438,262
115000187,240,1155,-915
115000188,485,814,-329
115000189,281,553,-272
115000190,1438,775,663
115000191,559,701,-142
115000194,255,212,43
115000195,437,420,17
115000196,90,163,-73
115000197,198,812,-614
115000198,213,492,-279
115000199,273,607,-334
115000200,309,161,148
115000201,162,685,-523
115000206,331,221,110
115000207,90,676,-586
115000208,1148,1160,-12
115000209,594,294,300
115000210,164,170,-6
115000211,279,393,-114
115000212,2340,387,1953
115000218,102,112,-10
115000219,26,80,-54
115000224,345,140,205
115000225,86,102,-16
115000229,458,212,246
115000230,103,1312,-1209
115000231,398,4671,-4273
115000232,1204,488,716
115000233,103,280,-177
115000234,30,462,-432
115000241,63,454,-391
115000242,83,558,-475
115000243,25,462,-437
115000244,4,186,-182
115000246,62,21,41
115000247,36,18,18
115000248,29,21,8
115000249,44,31,13
115000250,241,75,166
115000251,216,245,-29
115000252,60,274,-214
115000253,26,434,-408
115000258,269,291,-22
115000259,533,304,229
115000261,7,28,-21
115000262,31,51,-20
115000263,20,40,-20
115000264,10,42,-32
115000267,75,130,-55
115000268,53,222,-169
115000269,165,108,57
115000270,14,51,-37
115000272,55,330,-275
115000273,336,49,287
115000274,255,554,-299
115000280,3236,194,3042
115000281,858,429,429
115000282,2308,573,1735
115000284,321,123,198
115000296,857,6,851
115000297,355,126,229
115000298,111,287,-176
115000300,130,336,-206
115000302,284,346,-62
115000303,536,245,291
115000304,663,159,504
115000305,100,2049,-1949
115000306,171,1011,-840
115000307,77,445,-368
115000308,63,32,31
115000310,970,1781,-811
115000311,715,2627,-1912
115000313,173,1433,-1260
115000314,458,127,331
115000315,1654,458,1196
115000316,61,80,-19
115000317,164,1192,-1028
115000318,749,468,281
115000319,69,468,-399
115000320,9,326,-317
115000321,535,18,517
115000322,56,415,-359
115000449,820,199,621
115000557,144,858,-714
115000558,240,131,109
115000587,382,591,-209
115000588,3151,5936,-2785
115000589,3432,3894,-462
115000590,975,2746,-1771
115000591,1275,1161,114
115000592,823,2716,-1893
115000593,1467,939,528
115000594,1032,2294,-1262
115000609,70,167,-97
115000617,3176,2683,493
115000624,161,59,102
115000633,580,2403,-1823
115000634,3893,1237,2656
115000635,462,193,269
115000638,2397,999,1398
115000641,88,161,-73
115000642,482,402,80
115000643,107,799,-692
115000644,154,574,-420
115000646,1020,1656,-636
115000647,253,773,-520
115000648,1475,2821,-1346
115000893,3919,1804,2115
115000894,116,1615,-1499
115000895,400,1155,-755
115000896,1101,375,726
115000897,589,169,420
115000898,1190,311,879
115000899,990,1465,-475
115000900,214,588,-374
115000901,92,162,-70
115000912,301,169,132
115000913,5,47,-42
115000915,49,0,49
115000916,28,42,-14
115000917,0,5,-5
115000918,120,456,-336
115000919,13,38,-25
115000920,30,82,-52
115000921,2597,194,2403
115000922,1245,746,499
115000923,531,956,-425
115000925,65,115,-50
115000927,19,34,-15
115000933,203,159,44
115900001,53,167,-114
115900002,138,425,-287
115900003,165,205,-40
115900004,3,113,-110
115900005,123,7,116
115900006,119,868,-749
115900008,50,20,30
115900009,70,653,-583
115900010,186,428,-242
115900011,426,432,-6
115900012,113,166,-53
115900013,552,408,144
115900014,118,300,-182
115900015,76,197,-121
115900016,59,91,-32
115900017,6,3,3
115900018,135,156,-21
115900019,3031,83,2948
115900020,16,0,16
115900021,2777,476,2301
115900022,2363,19,2344
115900023,7,2,5
115900025,59,267,-208
115900026,1318,599,719
115900027,2,677,-675
115900028,1045,137,908
115900029,24,888,-864
115900030,52,54,-2
115900031,449,294,155
115900032,480,1361,-881
115900033,0,84,-84
115900034,33,1088,-1055
115900035,22,152,-130
115900036,285,583,-298
115900037,81,920,-839
115900038,27,26,1
115900039,164,603,-439
115900041,550,516,34
115900042,24,10,14
115900043,110,280,-170
115900044,398,288,110
115900046,239,429,-190
115900047,118,129,-11
115900049,183,431,-248
115900051,2,61,-59
115900052,8,323,-315
115900053,247,537,-290
115900054,164,82,82
115900055,20,180,-160
115900056,171,661,-490
115900057,16,6,10
115900058,10,69,-59
115900060,78,291,-213
115900061,106,1,105
115900062,38,482,-444
115900063,45,17,28
115900064,229,408,-179
115900065,129,205,-76
115900066,260,377,-117
115900067,14,1517,-1503
115900068,5233,508,4725
115900069,53,289,-236
115900070,149,421,-272
115900071,2,1130,-1128
115900072,95,431,-336
115900073,56,78,-22
115900074,5,576,-571
115900075,40,599,-559
115900076,5,147,-142
115900077,7,524,-517
115900078,40,217,-177
115900079,200,33,167
115900080,936,489,447
115900081,17,129,-112
115900082,255,221,34
115900084,252,29,223
115900085,72,80,-8
115900086,3217,836,2381
115900088,25,36,-11
115900089,219,1081,-862
115900090,196,26,170
115900091,14,26,-12
115900092,42,428,-386
115900093,1,35,-34
115900094,3,673,-670
115900096,10,23,-13
115900097,15,825,-810
115900098,162,1123,-961
115900099,49,167,-118
115900100,14,1193,-1179
115900101,173,896,-723
115900102,59,163,-104
115900103,323,552,-229
115900104,39,295,-256
115900105,161,1301,-1140
115900106,47,42,5
115900107,84,374,-290
115900108,81,62,19
115900109,79,869,-790
115900110,3,44,-41
115900111,1,119,-118
115900112,56,2314,-2258
115900113,32,79,-47
115900114,7,232,-225
115900115,60,158,-98
115900116,91,2177,-2086
115900117,49,45,4
115900118,3,485,-482
115900119,117,144,-27
115900120,32,952,-920
115900121,143,483,-340
115900124,265,573,-308
115900125,304,52,252
115900126,695,121,574
115900127,579,75,504
115900128,10,84,-74
115900129,608,54,554
115900130,45,246,-201
115900131,282,44,238
115900132,436,13,423
115900134,278,11,267
115900135,728,981,-253
115900137,6,1,5
115900139,248,245,3
115900140,186,62,124
115900141,38,285,-247
115900142,31,102,-71
115900143,167,648,-481
115900144,74,533,-459
115900146,21,291,-270
115900147,437,335,102
115900148,23,18,5
115900149,66,55,11
115900150,80,130,-50
115900151,18,115,-97
115900152,124,732,-608
115900153,146,456,-310
115900154,1246,485,761
115900155,0,196,-196
115900156,734,1203,-469
115900157,112,701,-589
115900158,56,20,36
115900159,105,434,-329
115900160,22,8,14
115900161,63,379,-316
115900163,183,210,-27
115900164,399,68,331
115900165,1,153,-152
115900166,180,468,-288
115900168,73,249,-176
115900171,158,813,-655
115900172,78,225,-147
115900173,164,194,-30
115900174,684,291,393
115900175,109,253,-144
115900178,6,1333,-1327
115900179,164,26,138
115900180,56,830,-774
115900181,159,395,-236
115900182,369,480,-111
115900183,323,141,182
115900184,2764,29,2735
115900187,14,132,-118
115900189,1,246,-245
115900190,545,1475,-930
115900191,65,1044,-979
115900192,12,113,-101
115900193,131,146,-15
115900194,542,45,497
115900195,845,1449,-604
115900198,324,458,-134
115900199,206,564,-358
115900200,388,738,-350
115900201,353,392,-39
115900202,2,16,-14
115900203,4,5,-1
115900204,0,6,-6
115900205,44,13,31
115900206,111,248,-137
115900207,35,20,15
115900208,134,705,-571
115900209,2,215,-213
115900210,4,242,-238
115900211,7,526,-519
115900212,116,397,-281
115900213,81,55,26
115900214,298,521,-223
115900215,50,58,-8
115900216,8,142,-134
115900217,2,98,-96
115900218,1,59,-58
115900219,70,42,28
115900220,71,15,56
115900221,62,17,45
115900222,43,15,28
115900223,13,216,-203
115900224,2921,628,2293
115900225,81,67,14
115900226,21,104,-83
115900227,12,66,-54
115900228,15,69,-54
115900229,13,111,-98
115900230,68,200,-132
115900231,102,1,101
115900232,40,1,39
115900233,47,15,32
115900234,71,34,37
115900235,11,45,-34
115900236,39,21,18
115900237,15,37,-22
115900238,18,26,-8
115900239,24,42,-18
115900240,7,88,-81
115900241,147,132,15
115900242,359,433,-74
115900243,31,30,1
115900244,18,16,2
115900245,1,34,-33
115900246,14,2,12
115900247,19,5,14
115900248,15,3,12
115900249,2,21,-19
115900250,6,33,-27
115900251,0,10,-10
115900252,0,3,-3
115900253,10,15,-5
115900254,29,28,1
115900255,13,14,-1
115900256,24,19,5
115900257,0,8,-8
115900258,0,2,-2
115900259,0,2,-2
115900260,11,1,10
115900261,2,2,0
115900262,0,5,-5
115900263,1,1,0
115900264,5,12,-7
115900265,4,11,-7
115900266,11,9,2
115900267,7,7,0
115900268,2,7,-5
115900269,289,710,-421
115900270,318,1355,-1037
116000001,22541,7053,15488
116000002,5039,9518,-4479
116000003,1871,2535,-664
116000004,2667,2958,-291
116000005,4268,4840,-572
116000006,2987,1592,1395
116000007,5120,6611,-1491
116000008,4147,2411,1736
116000009,2394,3649,-1255
116000010,1714,1528,186
116000011,1147,2792,-1645
116000012,887,923,-36
116000013,26670,7416,19254
116000014,29791,12842,16949
116000015,914,1344,-430
116000016,14459,4013,10446
116000017,43,763,-720
116000018,1046,942,104
116000019,928,442,486
116000020,610,2559,-1949
116000021,423,396,27
116000022,259,936,-677
116000023,1263,914,349
116000024,842,2392,-1550
116000025,911,775,136
116000026,1690,3409,-1719
116000027,994,897,97
116000028,529,833,-304
116000029,1384,769,615
116000030,679,423,256
116000031,216,303,-87
116000032,185,365,-180
116000033,255,388,-133
116000034,757,686,71
116000035,322,763,-441
116000036,3534,1340,2194
116000037,1874,1217,657
116000038,1045,546,499
116000039,887,399,488
116000040,2036,353,1683
116000041,466,783,-317
116000042,726,382,344
116000043,133,788,-655
116000044,14,114,-100
116000045,2344,1778,566
116000046,1985,1670,315
116000047,2808,2441,367
116000048,3137,2353,784
116000049,1248,2854,-1606
116000050,1715,1948,-233
116000051,4873,2802,2071
116000052,4659,5449,-790
116000053,2079,1456,623
116000054,996,3290,-2294
116000055,545,1736,-1191
116000056,722,1455,-733
116000057,4702,2599,2103
116000058,4986,2901,2085
116000059,4348,5837,-1489
116000060,3938,1275,2663
116000061,449,946,-497
116000062,1069,462,607
116000063,825,1496,-671
116000066,260,697,-437
116000067,350,835,-485
116000068,256,385,-129
116000069,312,631,-319
116000078,346,1701,-1355
116000080,1638,1432,206
116000082,20,212,-192
116000083,1203,512,691
116000084,3661,5457,-1796
116000085,2098,1757,341
116000086,3867,1749,2118
116000087,1273,1656,-383
116000088,1201,2298,-1097
116000089,127,237,-110
116000090,121,253,-132
116000091,332,144,188
116000093,838,2480,-1642
116000094,530,1010,-480
116000095,555,1977,-1422
116000096,859,1782,-923
116000097,711,1834,-1123
116000098,76,5897,-5821
116000099,20455,932,19523
116000100,173,11,162
116000101,648,3056,-2408
116000102,244,2415,-2171
116000103,420,356,64
116000104,242,3417,-3175
116000105,976,310,666
116000106,467,2183,-1716
116000107,1915,666,1249
116000108,262,294,-32
116000111,119,25,94
116000113,96,98,-2
116000114,29,248,-219
116000115,174,98,76
116000116,305,883,-578
116000117,1407,3194,-1787
116000118,1265,2539,-1274
116000119,2830,2599,231
116000120,3503,7484,-3981
116000121,678,714,-36
116000122,1701,3604,-1903
116000123,696,774,-78
116000124,481,1859,-1378
116000125,2214,1052,1162
116000126,385,2119,-1734
116000127,1627,2740,-1113
116000128,1649,1270,379
116000129,1050,265,785
116000130,325,424,-99
116000133,602,1792,-1190
116000134,1863,4922,-3059
116000135,1679,2032,-353
116000136,1082,3880,-2798
116000137,737,866,-129
116000138,1347,678,669
116000139,2042,3075,-1033
116000140,208,361,-153
116000141,542,1830,-1288
116000142,6309,5931,378
116000143,2228,2204,24
116000144,1651,4813,-3162
116000145,1745,2326,-581
116000146,328,724,-396
116000147,386,259,127
116000148,534,596,-62
116000149,412,813,-401
116000151,788,1649,-861
116000153,135,927,-792
116000155,265,427,-162
116000156,912,2953,-2041
116000157,62,52,10
116000158,288,489,-201
116000159,4,20,-16
116000160,33,314,-281
116000161,20,249,-229
116000162,119,120,-1
116000163,32,15,17
116000164,23,23,0
116000177,305,178,127
116000194,99,681,-582
116000195,2286,918,1368
116000196,13,13,0
116000197,6,11,-5
116000198,2574,1524,1050
116000200,1171,305,866
116000201,907,918,-11
116000202,8,588,-580
116000203,4,144,-140
116000204,13,65,-52
116000205,1,226,-225
116000206,1,146,-145
116000207,0,42,-42
116000233,252,1515,-1263
116000287,155,976,-821
116000288,179,517,-338
116000292,85,333,-248
116000296,22,340,-318
116000297,32,11,21
116000304,164,15,149
116000305,21,516,-495
116000346,273,339,-66
116000352,152,91,61
116000354,54,43,11
116000357,16,22,-6
116000358,219,62,157
116000361,225,2,223
116000372,15068,3858,11210
116000381,65,0,65
116000388,1,56,-55
116000389,644,849,-205
116000445,356,1103,-747
116000446,434,2280,-1846
116000447,15,631,-616
116000448,837,572,265
116000563,1429,1027,402
116000565,195,692,-497
116000568,81,361,-280
116000579,47,226,-179
116000584,25,23,2
116000585,27,27,0
116000586,357,213,144
116000587,489,825,-336
116000589,42,183,-141
116000590,80,144,-64
116000591,191,499,-308
116000592,13,288,-275
116000593,0,68,-68
116000594,520,1045,-525
116000595,819,282,537
116000596,103,8,95
116000597,187,99,88
116000598,13,338,-325
116000602,76,543,-467
116000605,486,421,65
116000606,52,182,-130
116000607,13,138,-125
116000609,352,1074,-722
116000611,104,814,-710
116000612,576,2479,-1903
116000613,537,597,-60
116000614,661,1356,-695
116000615,44,249,-205
116000616,91,232,-141
116000617,58,215,-157
116000618,5,331,-326
116000619,18,79,-61
116000620,80,79,1
116000621,42,191,-149
116000622,40,198,-158
116000624,93,104,-11
116000628,3,394,-391
116000629,2,451,-449
116000630,49,0,49
116000631,24,0,24
116000632,189,629,-440
116000633,8,475,-467
116000634,93,13,80
116900001,239,217,22
116900002,381,6,375
116900003,29,143,-114
116900004,41,51,-10
116900005,187,89,98
116900006,316,236,80
116900007,149,327,-178
116900008,314,839,-525
116900009,43,6,37
116900010,6,3744,-3738
116900011,26,109,-83
116900012,138,373,-235
116900013,16,459,-443
116900014,66,528,-462
116900015,294,180,114
116900016,132,1,131
116900017,7,1504,-1497
116900018,100,84,16
116900019,5,864,-859
116900020,2571,557,2014
116900023,72,26,46
116900024,322,160,162
116900025,722,1827,-1105
116900026,337,1576,-1239
116900027,23,87,-64
116900028,4,354,-350
116900029,2,26,-24
116900031,0,16,-16
116900032,3,828,-825
116900033,20,12,8
116900034,14,151,-137
116900035,85,495,-410
116900036,3,182,-179
116900038,11,2,9
116900041,50,31,19
116900042,1509,381,1128
116900043,15,191,-176
116900045,284,59,225
116900047,155,91,64
116900049,88,618,-530
116900050,148,1000,-852
116900051,72,572,-500
116900052,189,105,84
116900055,0,16,-16
116900057,26,615,-589
116900058,24,907,-883
116900059,6,537,-531
116900060,294,488,-194
116900062,8,5,3
116900064,87,1927,-1840
116900065,23,306,-283
116900067,111,298,-187
116900068,171,586,-415
116900070,1,6,-5
116900072,37,885,-848
116900073,8,509,-501
116900074,13,108,-95
116900076,29,42,-13
116900077,12,481,-469
116900078,346,275,71
116900079,49,919,-870
116900080,14,43,-29
116900081,437,3168,-2731
116900082,307,1268,-961
116900083,64,155,-91
116900084,241,75,166
116900085,43,280,-237
116900086,26,475,-449
116900088,802,137,665
116900090,157,139,18
116900091,177,158,19
116900092,108,1579,-1471
116900093,2399,3235,-836
116900094,10131,3787,6344
116900095,514,318,196
116900096,170,292,-122
116900097,8567,2940,5627
116900098,1038,355,683
116900099,911,1010,-99
116900100,705,38,667
116900101,312,1099,-787
116900103,1,0,1
116900104,42,117,-75
116900105,337,100,237
116900106,1376,496,880
116900107,8134,2187,5947
116900110,5,1,4
116900111,287,2359,-2072
116900112,157,2423,-2266
116900113,6508,1002,5506
116900116,185,406,-221
116900117,49,138,-89
116900118,1443,871,572
116900120,163,329,-166
116900121,49,99,-50
116900122,574,1579,-1005
116900123,151,1977,-1826
116900124,198,2181,-1983
116900125,346,551,-205
116900126,629,876,-247
116900128,2,77,-75
116900129,1,555,-554
116900130,1943,2694,-751
116900131,123,284,-161
116900132,39,111,-72
116900133,122,181,-59
116900134,234,446,-212
116900136,184,263,-79
116900137,377,295,82
116900138,161,349,-188
116900139,105,640,-535
116900140,222,240,-18
116900141,598,503,95
116900142,7,79,-72
116900143,348,1119,-771
116900144,37,93,-56
116900145,168,629,-461
116900147,1007,435,572
116900148,4,29,-25
116900149,55,317,-262
116900150,25,14,11
116900151,34,25,9
116900153,152,120,32
116900154,714,467,247
116900155,110,85,25
116900157,486,513,-27
116900158,149,218,-69
116900159,58,342,-284
116900160,1087,408,679
116900161,16921,6195,10726
116900162,13,248,-235
116900163,127,247,-120
116900164,96,49,47
116900165,260,174,86
116900166,15,221,-206
116900167,497,107,390
116900168,242,156,86
116900169,1276,366,910
116900170,273,506,-233
116900171,42,475,-433
116900172,373,182,191
116900173,163,99,64
116900174,15,27,-12
116900175,300,147,153
116900178,30,294,-264
116900179,102,200,-98
116900180,108,66,42
116900182,765,305,460
116900183,105,135,-30
116900185,22,35,-13
116900186,100,643,-543
116900187,37,45,-8
116900188,141,37,104
116900189,31,2,29
116900191,384,679,-295
116900192,229,451,-222
116900194,87,886,-799
116900195,28,17,11
116900196,11,142,-131
116900197,94,4,90
116900198,428,220,208
116900200,27,41,-14
116900201,74,10,64
116900202,184,84,100
116900203,172,6,166
116900204,53,104,-51
116900206,4,35,-31
116900207,29,57,-28
116900208,13,260,-247
116900209,17,281,-264
116900210,400,352,48
116900211,358,16,342
116900212,19,157,-138
116900213,212,408,-196
116900214,146,204,-58
116900215,62,152,-90
116900216,462,595,-133
116900218,7,580,-573
116900219,1374,443,931
116900220,84,318,-234
116900221,81,357,-276
116900222,457,512,-55
116900223,112,337,-225
116900226,68,156,-88
116900227,151,113,38
116900228,300,468,-168
116900230,74,823,-749
116900231,35,898,-863
116900232,15,1148,-1133
116900233,311,171,140
116900234,24,13,11
116900235,191,636,-445
116900238,2227,685,1542
116900239,171,1321,-1150
116900240,12668,3962,8706
116900241,100,478,-378
116900242,693,470,223
116900243,15,299,-284
116900245,50,23,27
116900246,85,23,62
116900247,424,24,400
116900248,67,47,20
116900249,256,285,-29
116900250,269,76,193
116900251,807,466,341
116900252,69,1973,-1904
116900253,111,196,-85
116900254,12,182,-170
116900255,94,60,34
116900256,221,234,-13
116900257,12,1179,-1167
116900258,1,504,-503
116900259,99,13,86
116900260,4,225,-221
116900261,64,9,55
116900262,104,143,-39
116900263,1,16,-15
116900264,0,8,-8
116900265,22,1,21
116900266,11,127,-116
116900267,2,2,0
116900268,43,22,21
116900269,295,770,-475
116900271,3037,130,2907
116900272,572,1056,-484
116900273,529,94,435
116900274,103,179,-76
116900275,136,363,-227
116900276,840,96,744
116900277,1281,21,1260
116900278,7,40,-33
116900279,2,39,-37
116900280,32,86,-54
116900281,15454,3970,11484
116900282,4,429,-425
116900283,23,315,-292
116900284,19,426,-407
116900285,606,496,110
116900286,341,33,308
116900287,7,178,-171
116900288,22,229,-207
116900289,5,37,-32
116900290,1,75,-74
116900291,6,17,-11
116900292,0,9,-9
116900293,17,117,-100
116900294,38,249,-211
116900295,274,65,209
116900296,58,114,-56
116900297,5,137,-132
116900298,102,39,63
116900299,69,38,31
116900300,5,207,-202
116900301,119,71,48
116900302,2009,714,1295
116900303,774,71,703
116900304,0,154,-154
116900305,28,95,-67
116900306,106,316,-210
117000001,2374,2086,288
117000002,2972,8091,-5119
117000003,10388,3733,6655
117000004,7423,8962,-1539
117000005,2064,2132,-68
117000006,1811,6460,-4649
117000007,3322,1479,1843
117000008,2006,8789,-6783
117000009,5126,2279,2847
117000010,4036,8753,-4717
117000011,1977,2938,-961
117000012,1581,3189,-1608
117000013,1562,1776,-214
117000014,1323,4208,-2885
117000015,5385,1650,3735
117000016,1172,59,1113
117000017,731,443,288
117000018,279,599,-320
117000019,403,3,400
117000020,1060,1669,-609
117000021,5188,699,4489
117000022,1085,87,998
117000023,1336,191,1145
117000024,1082,181,901
117000025,2195,1044,1151
117000026,6344,1179,5165
117000027,3135,1399,1736
117000028,4488,878,3610
117000030,475,373,102
117000032,2561,2321,240
117000033,2711,2131,580
117000034,225,250,-25
117000036,291,384,-93
117000038,359,644,-285
117000039,35,188,-153
117000040,169,2685,-2516
117000041,709,202,507
117000044,46,2412,-2366
117000045,371,80,291
117000046,742,1270,-528
117000047,860,708,152
117000048,4017,3243,774
117000049,247,1091,-844
117000050,177,4584,-4407
117000051,2011,230,1781
117000052,25,1042,-1017
117000053,263,160,103
117000054,1729,9,1720
117000055,33,7223,-7190
117000056,551,23,528
117000057,893,4274,-3381
117000060,617,2708,-2091
117000061,1953,1366,587
117000062,265,884,-619
117000063,2145,1105,1040
117000064,1388,1618,-230
117000066,2203,1430,773
117000067,258,558,-300
117000074,272,286,-14
117000076,163,102,61
117000077,181,199,-18
117000078,224,1367,-1143
117000079,341,318,23
117000080,0,561,-561
117000081,1208,239,969
117000082,15,99,-84
117000083,100,23,77
117000084,503,8,495
117000085,256,896,-640
117000086,1756,1154,602
117000087,164,921,-757
117000088,347,346,1
117000089,1606,482,1124
117000090,453,2808,-2355
117000091,704,486,218
117000092,460,3108,-2648
117000093,1214,1061,153
117000094,1391,5032,-3641
117000095,2964,1270,1694
117000096,887,5226,-4339
117000097,1193,1621,-428
117000098,4260,10255,-5995
117000099,3383,1606,1777
117000100,286,358,-72
117000101,378,2292,-1914
117000102,1725,984,741
117000103,1207,3694,-2487
117000104,1533,887,646
117000105,1458,3305,-1847
117000106,1540,1337,203
117000107,807,3604,-2797
117000108,1849,1522,327
117000109,3361,4979,-1618
117000110,1590,1261,329
117000111,5616,8475,-2859
117000112,3928,3842,86
117000113,143,683,-540
117000114,234,295,-61
117000115,102,414,-312
117000116,141,409,-268
117000117,3101,1072,2029
117000118,722,203,519
117000119,470,114,356
117000120,841,311,530
117000121,349,1090,-741
117000122,900,1783,-883
117000123,3448,56,3392
117000124,1576,137,1439
117000125,810,153,657
117000126,89,108,-19
117000127,431,931,-500
117000128,850,1551,-701
117000129,852,96,756
117000130,126,5,121
117000131,1,143,-142
117000132,2245,32,2213
117000133,1111,377,734
117000134,3,94,-91
117000135,14,56,-42
117000136,2,68,-66
117000137,85,60,25
117000138,1,1055,-1054
117000140,960,2853,-1893
117000141,2367,978,1389
117000181,2776,1139,1637
117000182,425,390,35
117000195,327,2396,-2069
117000196,182,103,79
117000225,416,14,402
117000226,24,233,-209
117000276,198,19,179
117000277,6,1269,-1263
117000310,3551,4440,-889
117000315,47,1795,-1748
117000320,88,2,86
117000906,199,24,175
117000907,27,805,-778
117000908,203,20,183
117000909,121,40,81
117000910,205,213,-8
117000911,132,299,-167
117000915,69,1536,-1467
117000916,42,13,29
117000917,802,36,766
117000918,59,120,-61
117000919,13,367,-354
117000920,12,3265,-3253
117000921,6,3314,-3308
117000922,72,257,-185
117000924,724,1055,-331
117000926,2061,150,1911
117000927,3392,983,2409
117000928,0,614,-614
117000929,146,996,-850
117000930,146,30,116
117000931,1255,155,1100
117900002,391,720,-329
117900003,1312,804,508
117900005,6,61,-55
117900006,0,54,-54
117900007,218,319,-101
117900008,1,66,-65
117900010,481,216,265
117900011,160,34,126
117900012,88,387,-299
117900013,3,803,-800
117900014,428,367,61
117900015,38,284,-246
117900016,3316,927,2389
117900017,653,816,-163
117900018,504,67,437
117900019,419,1077,-658
117900020,59,401,-342
117900021,55,198,-143
117900022,44,19,25
117900023,1227,500,727
117900024,134,234,-100
117900025,31,10,21
117900026,381,1004,-623
117900028,166,7,159
117900029,385,2212,-1827
117900030,400,288,112
117900031,429,273,156
117900032,781,643,138
117900033,255,1522,-1267
117900034,23,53,-30
117900035,229,79,150
117900036,266,1236,-970
117900037,110,231,-121
117900038,48,688,-640
117900039,9,163,-154
117900040,215,1223,-1008
117900041,7,98,-91
117900042,8688,914,7774
117900043,47,105,-58
117900044,40,4472,-4432
117900045,204,235,-31
117900048,176,556,-380
117900049,210,1395,-1185
117900050,54,78,-24
117900051,155,25,130
117900052,107,448,-341
117900053,1307,1133,174
117900054,2,36,-34
117900055,282,358,-76
117900056,849,26,823
117900057,1272,1964,-692
117900058,1347,566,781
117900059,733,116,617
117900060,1357,9283,-7926
117900061,36,281,-245
117900063,445,470,-25
117900065,973,2028,-1055
117900066,14,67,-53
117900067,488,636,-148
117900069,782,964,-182
117900070,523,11,512
117900071,140,263,-123
117900073,344,1007,-663
117900074,411,19,392
117900075,136,170,-34
117900076,14,40,-26
117900077,251,214,37
117900078,269,746,-477
117900080,302,106,196
117900081,760,851,-91
117900082,408,444,-36
117900083,356,1609,-1253
117900086,247,78,169
117900087,138,83,55
117900088,4124,4118,6
117900089,1600,627,973
117900090,483,1902,-1419
117900091,307,225,82
117900092,61,64,-3
117900093,64,119,-55
117900094,51,18,33
117900095,290,1073,-783
117900096,104,400,-296
117900097,246,205,41
117900098,38,10,28
117900099,219,879,-660
117900100,181,1,180
117900101,635,1481,-846
117900102,78,111,-33
117900103,52,4,48
117900104,21,332,-311
117900105,212,500,-288
117900106,91,130,-39
117900107,20,0,20
117900109,475,428,47
117900110,34,1,33
117900111,260,12,248
117900112,70,21,49
117900113,9551,3034,6517
117900114,18,0,18
117900115,510,93,417
117900116,1304,1774,-470
117900117,456,825,-369
117900118,18,1,17
117900119,130,540,-410
117900120,109,451,-342
117900121,52,45,7
117900122,2196,2801,-605
117900123,1392,1421,-29
117900124,888,1308,-420
117900125,1938,1559,379
117900126,354,1106,-752
117900127,632,1200,-568
117900128,382,2004,-1622
117900129,57,0,57
117900130,1413,813,600
117900131,7,190,-183
117900132,13,179,-166
117900133,10,175,-165
117900134,92,482,-390
117900135,40,443,-403
117900136,0,67,-67
117900137,58,532,-474
117900138,0,98,-98
117900139,52,290,-238
117900140,9871,529,9342
117900141,551,477,74
117900142,199,19,180
117900144,136,186,-50
117900145,101,33,68
117900146,360,197,163
117900147,132,119,13
117900148,5763,1372,4391
117900149,49,354,-305
117900150,39,228,-189
117900151,91,274,-183
117900152,154,153,1
117900153,33,212,-179
117900154,674,1489,-815
117900156,1380,1674,-294
117900157,96,730,-634
117900158,166,192,-26
117900160,750,624,126
117900161,4203,4889,-686
117900162,402,676,-274
117900163,282,43,239
117900165,0,30,-30
117900166,150,406,-256
117900168,29,281,-252
117900169,2,243,-241
117900170,1,61,-60
117900171,2,35,-33
117900172,27,80,-53
117900173,281,91,190
117900174,32,101,-69
117900175,3,89,-86
117900176,2,82,-80
117900177,28,136,-108
117900178,139,64,75
117900180,423,34,389
117900181,373,319,54
117900182,0,27,-27
117900183,32,196,-164
117900184,6,54,-48
117900185,27,67,-40
117900186,29,35,-6
117900187,19,24,-5
117900188,188,53,135
117900189,93,33,60
117900190,16,0,16
117900191,80,2,78
117900192,225,2,223
117900193,37,101,-64
117900194,19,6,13
117900195,20,57,-37
117900196,28,50,-22
117900207,135,87,48
117900208,44,66,-22
117900209,173,264,-91
117900210,219,330,-111
117900211,20,429,-409
117900212,112,245,-133
117900213,27,9,18
117900214,5,82,-77
117900216,19,38,-19
117900217,126,325,-199
117900218,273,398,-125
117900219,21,118,-97
117900220,291,136,155
117900221,97,21,76
118000001,1091,708,383
118000002,1545,2542,-997
118000003,3061,2162,899
118000004,3406,2107,1299
118000005,7748,4930,2818
118000006,9857,11286,-1429
118000007,9440,3036,6404
118000008,6740,3956,2784
118000009,3209,4335,-1126
118000010,5088,5944,-856
118000011,1373,5230,-3857
118000012,1531,5195,-3664
118000013,5976,4872,1104
118000014,2520,4889,-2369
118000016,290,630,-340
118000017,285,564,-279
118000018,323,771,-448
118000019,2949,1784,1165
118000020,2253,2480,-227
118000021,1024,3010,-1986
118000022,2842,942,1900
118000023,1477,402,1075
118000024,2482,1093,1389
118000025,1618,1687,-69
118000027,22107,10301,11806
118000029,1431,865,566
118000032,2073,4127,-2054
118000033,3603,4211,-608
118000034,7665,2811,4854
118000035,1989,2641,-652
118000036,1619,1259,360
118000037,829,1433,-604
118000038,150,141,9
118000039,100,612,-512
118000040,1744,3512,-1768
118000041,2665,2300,365
118000045,838,137,701
118000046,3427,642,2785
118000047,3213,853,2360
118000048,5611,1464,4147
118000051,3230,1562,1668
118000052,2312,990,1322
118000053,1530,1001,529
118000054,3193,2576,617
118000055,2212,2952,-740
118000056,282,546,-264
118000057,286,685,-399
118000058,5889,2349,3540
118000059,4298,1263,3035
118000060,1092,1209,-117
118000061,1106,2325,-1219
118000062,654,571,83
118000063,325,824,-499
118000064,1263,1989,-726
118000065,6252,2924,3328
118000066,1411,1824,-413
118000067,1275,849,426
118000068,2438,5498,-3060
118000069,4785,1855,2930
118000070,10912,2586,8326
118000071,4861,8562,-3701
118000072,3261,1154,2107
118000073,3652,640,3012
118000074,690,584,106
118000075,930,431,499
118000076,1941,1634,307
118000077,1879,1536,343
118000078,2600,2089,511
118000079,408,533,-125
118000080,1612,1331,281
118000081,2306,1120,1186
118000082,468,1167,-699
118000083,3736,1774,1962
118000084,3515,2014,1501
118000086,272,595,-323
118000087,10197,3587,6610
118000088,2257,2356,-99
118000089,6627,3260,3367
118000090,3013,3758,-745
118000091,3251,2727,524
118000092,1906,637,1269
118000093,130,982,-852
118000096,779,819,-40
118000097,928,839,89
118000098,319,309,10
118000099,514,1450,-936
118000101,1074,422,652
118000102,374,1918,-1544
118000107,7015,825,6190
118000108,1028,2483,-1455
118000110,0,48,-48
118000111,7,1114,-1107
118000112,292,3,289
118000113,10,2262,-2252
118000114,347,9,338
118000115,13,9,4
118000116,61,0,61
118000117,1564,1587,-23
118000118,1196,790,406
118000119,1062,1703,-641
118000120,2250,2519,-269
118000121,94,664,-570
118000122,1672,344,1328
118000123,85,381,-296
118000125,2955,1933,1022
118000126,1046,1526,-480
118000127,2852,778,2074
118000128,953,1804,-851
118000129,1102,377,725
118000130,4121,6660,-2539
118000131,704,1226,-522
118000132,2374,1889,485
118000133,992,606,386
118000135,715,503,212
118000136,104,824,-720
118000137,1142,124,1018
118000138,369,1650,-1281
118000139,308,193,115
118000140,3113,4869,-1756
118000141,2048,2645,-597
118000142,1510,2843,-1333
118000143,1760,1401,359
118000144,2303,1640,663
118000145,1754,3740,-1986
118000146,1297,1744,-447
118000147,897,2463,-1566
118000148,448,2158,-1710
118000149,770,1756,-986
118000150,383,209,174
118000151,332,641,-309
118000153,962,1860,-898
118000154,1032,2716,-1684
118000155,1092,2101,-1009
118000156,4165,3748,417
118000157,620,531,89
118000158,150,652,-502
118000159,32,110,-78
118000160,554,617,-63
118000161,484,1215,-731
118000162,1069,1382,-313
118000163,702,1124,-422
118000164,3523,2041,1482
118000168,2811,495,2316
118000169,1285,2560,-1275
118000170,5144,9806,-4662
118000171,289,1084,-795
118000172,169,513,-344
118000173,1050,2026,-976
118000175,273,492,-219
118000176,339,598,-259
118000177,206,770,-564
118000178,228,70,158
118000179,2525,1090,1435
118000180,1135,1283,-148
118000181,1077,503,574
118000182,291,439,-148
118000183,280,379,-99
118000184,782,1679,-897
118000185,1421,1299,122
118000186,809,1026,-217
118000187,1503,1054,449
118000188,729,447,282
118000189,489,1573,-1084
118000190,12,35,-23
118000191,25,109,-84
118000192,98,183,-85
118000193,91,453,-362
118000194,3035,1532,1503
118000195,1258,684,574
118000196,1023,154,869
118000197,338,118,220
118000198,784,526,258
118000199,1223,445,778
118000200,125,637,-512
118000201,757,662,95
118000202,55,111,-56
118000203,1644,482,1162
118000204,232,385,-153
118000205,355,400,-45
118000206,329,304,25
118000207,2,208,-206
118000208,1231,2177,-946
118000209,2424,2858,-434
118000210,48,46,2
118000211,14,44,-30
118000213,1477,1641,-164
118000214,858,677,181
118000215,265,436,-171
118000216,2672,5987,-3315
118000217,26,193,-167
118000218,72,206,-134
118000219,647,610,37
118000220,1,55,-54
118000221,134,416,-282
118000222,68,12,56
118000223,31,48,-17
118000224,437,143,294
118000225,137,1871,-1734
118000226,1268,279,989
118000227,1075,505,570
118000228,246,211,35
118000229,450,80,370
118000230,167,532,-365
118000231,119,481,-362
118000232,791,1614,-823
118000233,843,1415,-572
118000234,302,508,-206
118000236,552,926,-374
118000237,50,1067,-1017
118000238,207,787,-580
118000239,325,549,-224
118000240,1003,171,832
118000241,119,544,-425
118000242,421,1140,-719
118000243,186,378,-192
118000244,40,262,-222
118000246,0,20,-20
118000255,43,340,-297
118000256,128,302,-174
118000259,18,113,-95
118000260,126,248,-122
118000261,55,267,-212
118000263,97,428,-331
118000266,127,840,-713
118000267,3,135,-132
118000268,705,4,701
118000270,55,72,-17
118000271,186,495,-309
118000272,95,45,50
118000273,132,155,-23
118000274,132,572,-440
118000276,419,740,-321
118000295,5,137,-132
118000298,171,540,-369
118000299,98,250,-152
118000301,0,139,-139
118000302,96,161,-65
118000311,314,192,122
118000312,277,332,-55
118000313,63,364,-301
118000314,78,148,-70
118000315,60,100,-40
118000316,569,1028,-459
118000325,39,194,-155
118000326,63,57,6
118000331,44,108,-64
118000332,7,127,-120
118000333,25,174,-149
118000335,183,1,182
118000336,9,629,-620
118000407,121,108,13
118000457,28,20,8
118000465,4594,4489,105
118000480,26,308,-282
118000489,36,239,-203
118000490,51,547,-496
118000492,126,349,-223
118000510,114,23,91
118000514,255,613,-358
118000515,793,685,108
118000517,679,292,387
118000524,1199,319,880
118000525,1158,1328,-170
118000530,16,173,-157
118000531,212,402,-190
118000532,233,512,-279
118000533,492,236,256
118000534,651,721,-70
118000535,234,206,28
118000536,1543,1716,-173
118000537,21,150,-129
118000538,39,231,-192
118000539,59,175,-116
118000540,339,534,-195
118000541,275,177,98
118000542,161,318,-157
118000543,347,382,-35
118000546,41,47,-6
118000560,5394,1611,3783
118000562,49,911,-862
118000563,2858,1900,958
118000576,172,369,-197
118000577,181,160,21
118000578,189,184,5
118000579,1175,1481,-306
118000595,173,124,49
118000596,0,108,-108
118000597,78,181,-103
118000598,17,0,17
118000599,25,60,-35
118000600,5,54,-49
118000601,2,0,2
118000602,0,55,-55
118000603,0,38,-38
118900001,2387,1656,731
118900002,2019,1138,881
118900003,251,98,153
118900004,67,104,-37
118900005,59,7,52
118900006,68,5,63
118900007,7,21,-14
118900008,1890,73,1817
118900009,50,46,4
118900010,61,3,58
118900011,201,66,135
118900012,462,429,33
118900013,1081,105,976
118900015,216,101,115
118900016,7,61,-54
118900017,206,349,-143
118900018,2098,40,2058
118900019,71,15,56
118900020,200,150,50
118900021,192,657,-465
118900022,160,137,23
118900023,155,191,-36
118900024,109,346,-237
118900025,68,32,36
118900026,70,120,-50
118900027,829,378,451
118900028,143,277,-134
118900029,215,1000,-785
118900030,285,127,158
118900031,174,212,-38
118900032,157,305,-148
118900033,592,1272,-680
118900034,159,12,147
118900035,171,434,-263
118900036,947,1220,-273
118900037,627,422,205
118900038,397,561,-164
118900039,545,476,69
118900040,187,299,-112
118900041,440,359,81
118900042,205,167,38
118900045,291,270,21
118900046,1026,204,822
118900047,1177,291,886
118900048,341,275,66
118900049,118,69,49
118900050,19,198,-179
118900051,69,108,-39
118900052,420,445,-25
118900053,65,139,-74
118900054,114,91,23
118900055,27,172,-145
118900056,45,358,-313
118900057,741,486,255
118900058,476,699,-223
118900059,13,119,-106
118900060,61,191,-130
118900062,175,322,-147
118900064,952,642,310
118900065,58,251,-193
118900066,94,231,-137
118900067,8546,2998,5548
118900068,3,466,-463
118900069,477,442,35
118900071,5,101,-96
118900072,472,597,-125
118900073,71,179,-108
118900074,131,293,-162
118900075,75,152,-77
118900076,355,119,236
118900077,219,295,-76
118900078,43,9,34
118900079,60,289,-229
118900080,12,139,-127
118900081,59,35,24
118900082,763,315,448
118900083,12,26,-14
118900084,15,19,-4
118900085,705,1487,-782
118900086,37,88,-51
118900087,28,265,-237
118900088,0,18,-18
118900089,25,8,17
118900090,519,706,-187
118900091,273,217,56
118900092,93,183,-90
118900093,196,20,176
118900096,49,25,24
118900097,251,1562,-1311
118900099,46,649,-603
118900100,196,433,-237
118900101,99,1133,-1034
118900102,34,102,-68
118900103,86,126,-40
118900104,201,375,-174
118900105,261,144,117
118900107,277,151,126
118900108,72,165,-93
118900109,1425,271,1154
118900110,2891,869,2022
118900111,466,1198,-732
118900112,73,217,-144
118900113,82,1327,-1245
118900114,32,208,-176
118900115,144,796,-652
118900116,172,229,-57
118900117,98,282,-184
118900118,251,860,-609
118900119,107,413,-306
118900120,102,434,-332
118900121,12,643,-631
118900122,19,906,-887
118900123,154,289,-135
118900124,99,324,-225
118900126,31,448,-417
118900129,452,229,223
118900130,31,168,-137
118900131,107,396,-289
118900132,750,284,466
118900133,32,136,-104
118900135,199,378,-179
118900136,198,1381,-1183
118900137,12,33,-21
118900139,177,1294,-1117
118900140,420,1337,-917
118900141,85,569,-484
118900144,133,1045,-912
118900145,50,389,-339
118900146,316,1421,-1105
118900147,267,95,172
118900148,41,147,-106
118900150,154,661,-507
118900152,531,1484,-953
118900157,173,267,-94
118900158,72,201,-129
118900159,5,555,-550
118900161,141,11,130
118900163,652,152,500
118900164,18,206,-188
118900165,60,523,-463
118900166,64,4,60
118900167,39,311,-272
118900168,10,136,-126
118900169,152,849,-697
118900170,100,212,-112
118900171,14,56,-42
118900174,55,137,-82
118900175,366,692,-326
118900176,140,287,-147
118900177,57,79,-22
118900178,64,195,-131
118900179,3,89,-86
118900181,55,202,-147
118900182,147,90,57
118900183,19,126,-107
118900184,242,91,151
118900185,74,210,-136
118900186,105,132,-27
118900187,251,627,-376
118900188,317,532,-215
118900189,47,820,-773
118900190,18,1192,-1174
118900191,166,130,36
118900192,164,70,94
118900193,323,11,312
118900195,613,2083,-1470
118900196,39,330,-291
118900197,138,173,-35
118900198,10,65,-55
118900199,25,89,-64
118900200,10,9,1
118900201,14,8,6
118900202,9,75,-66
118900203,4,67,-63
118900204,18,76,-58
118900205,19,43,-24
118900206,3,49,-46
119000001,1515,2484,-969
119000002,3404,5923,-2519
119000003,2177,2765,-588
119000004,2307,2454,-147
119000005,2643,3013,-370
119000006,2384,2241,143
119000007,4007,4359,-352
119000008,2350,3341,-991
119000009,4415,4104,311
119000010,11472,5427,6045
119000011,8605,3485,5120
119000012,6622,4586,2036
119000013,2642,1764,878
119000014,3261,5127,-1866
119000019,310,345,-35
119000020,1357,2047,-690
119000021,3669,3031,638
119000022,6795,2874,3921
119000023,345,370,-25
119000024,3026,10080,-7054
119000025,21325,1943,19382
119000026,323,386,-63
119000027,825,644,181
119000028,3211,2092,1119
119000029,219,482,-263
119000030,532,1849,-1317
119000031,699,826,-127
119000032,3143,3887,-744
119000033,2652,3191,-539
119000034,1066,1387,-321
119000035,49,587,-538
119000036,1208,1970,-762
119000037,1018,3641,-2623
119000038,140,2096,-1956
119000039,241,466,-225
119000040,1584,690,894
119000041,1559,1489,70
119000048,5286,6666,-1380
119000049,1620,5973,-4353
119000050,2231,4240,-2009
119000051,2726,1568,1158
119000052,3367,5318,-1951
119000053,2189,2039,150
119000054,3223,6788,-3565
119000055,3269,6146,-2877
119000056,2247,3299,-1052
119000057,1663,4780,-3117
119000058,2466,3810,-1344
119000059,1304,3290,-1986
119000060,1252,1339,-87
119000061,1146,1436,-290
119000062,1238,1934,-696
119000063,448,356,92
119000064,1948,2564,-616
119000065,2551,5273,-2722
119000066,2285,1420,865
119000067,2409,4661,-2252
119000068,1475,1541,-66
119000069,1577,5117,-3540
119000070,2028,1690,338
119000071,746,1747,-1001
119000072,12396,6818,5578
119000073,8850,8155,695
119000074,1306,6760,-5454
119000075,1260,3561,-2301
119000076,841,1616,-775
119000077,1253,947,306
119000078,508,442,66
119000079,119,1178,-1059
119000080,336,556,-220
119000081,525,646,-121
119000082,1774,505,1269
119000083,561,608,-47
119000084,327,1129,-802
119000085,963,542,421
119000086,350,738,-388
119000087,2638,1735,903
119000088,352,287,65
119000089,43,264,-221
119000090,199,294,-95
119000091,176,644,-468
119000092,828,325,503
119000093,6882,6149,733
119000094,2475,9100,-6625
119000095,1757,5577,-3820
119000097,3426,2806,620
119000098,790,2473,-1683
119000099,3247,3584,-337
119000100,3311,3209,102
119000101,4490,3811,679
119000102,964,1049,-85
119000103,2151,807,1344
119000104,5756,2644,3112
119000105,968,1595,-627
119000106,404,3775,-3371
119000107,650,855,-205
119000108,287,2194,-1907
119000109,230,591,-361
119000110,856,705,151
119000111,102,878,-776
119000112,269,187,82
119000113,4629,539,4090
119000114,1287,877,410
119000115,177,236,-59
119000116,119,162,-43
119000117,157,621,-464
119000118,4,7,-3
119000123,5506,1231,4275
119000124,607,454,153
119000125,2728,2003,725
119000126,342,1524,-1182
119000127,450,1696,-1246
119000128,69,12,57
119000131,878,1720,-842
119000132,4,8,-4
119000133,1,7,-6
119000134,4639,892,3747
119000135,120,316,-196
119000136,154,542,-388
119000137,153,1062,-909
119000138,309,770,-461
119000139,251,527,-276
119000140,166,463,-297
119000284,1827,4584,-2757
119000285,3149,3478,-329
119000286,10183,7918,2265
119000287,1854,3477,-1623
119000288,2433,2781,-348
119000289,3174,6386,-3212
119000290,251,1007,-756
119000291,3,589,-586
119000293,96,333,-237
119000294,35,53,-18
119000295,3977,932,3045
119000296,143,180,-37
119000302,5726,2126,3600
119000303,54,411,-357
119000314,2033,10050,-8017
119000315,3,1191,-1188
119000316,37,212,-175
119000317,48,812,-764
119900001,302,1342,-1040
119900002,106,413,-307
119900003,93,2232,-2139
119900004,602,756,-154
119900005,123,271,-148
119900006,265,511,-246
119900007,983,142,841
119900008,72,40,32
119900009,604,980,-376
119900010,2752,2120,632
119900011,34,85,-51
119900012,24,59,-35
119900013,2187,1184,1003
119900014,875,486,389
119900015,111,33,78
119900016,66,188,-122
119900017,14,64,-50
119900018,2521,691,1830
119900019,51,7,44
119900020,128,289,-161
119900021,112,135,-23
119900022,264,495,-231
119900023,1356,940,416
119900025,109,52,57
119900026,1742,192,1550
119900027,8,41,-33
119900028,201,73,128
119900029,4,6,-2
119900030,775,782,-7
119900031,44,322,-278
119900033,3398,368,3030
119900034,263,306,-43
119900037,132,85,47
119900038,49,302,-253
119900039,33,2,31
119900040,162,24,138
119900041,89,100,-11
119900042,146,314,-168
119900043,77,362,-285
119900044,350,538,-188
119900046,99,130,-31
119900047,253,74,179
119900048,25,68,-43
119900049,106,18,88
119900050,101,100,1
119900051,825,17,808
119900052,36,106,-70
119900053,149,460,-311
119900054,109,10,99
119900055,1071,540,531
119900057,144,192,-48
119900058,187,7,180
119900059,270,89,181
119900060,151,20,131
119900061,284,8,276
119900062,68,75,-7
119900063,17,79,-62
119900064,334,113,221
119900065,197,12,185
119900066,2,1,1
119900067,48,51,-3
119900068,295,0,295
119900069,54,19,35
119900070,826,51,775
119900071,454,18,436
119900072,292,1025,-733
119900073,3267,806,2461
119900074,42,30,12
119900075,10382,3470,6912
119900076,353,965,-612
119900077,560,2269,-1709
119900078,324,1363,-1039
119900079,148,543,-395
119900080,388,530,-142
119900081,16,124,-108
119900082,943,588,355
119900083,585,129,456
119900084,1432,479,953
119900085,302,127,175
119900086,133,1078,-945
119900087,791,518,273
119900088,71,116,-45
119900089,28,1217,-1189
119900090,251,114,137
119900091,86,2625,-2539
119900092,72,889,-817
119900093,1598,258,1340
119900094,50,362,-312
119900095,246,227,19
119900096,63,171,-108
119900097,990,342,648
119900098,45,128,-83
119900099,58,510,-452
119900100,5185,3268,1917
119900101,337,1951,-1614
119900102,23,640,-617
119900103,42,1030,-988
119900104,59,527,-468
119900105,1571,2727,-1156
119900106,20,449,-429
119900107,659,7177,-6518
119900108,4016,1188,2828
119900109,42,711,-669
119900110,630,1358,-728
119900111,83,671,-588
119900112,5706,975,4731
119900113,109,769,-660
119900114,237,3084,-2847
119900115,246,2304,-2058
119900116,234,623,-389
119900117,256,1702,-1446
119900118,56,2302,-2246
119900119,238,527,-289
119900120,846,1283,-437
119900121,305,2700,-2395
119900122,487,658,-171
119900123,292,523,-231
119900124,219,1969,-1750
119900125,76,720,-644
119900126,9610,520,9090
119900127,5380,1864,3516
119900128,464,1566,-1102
119900129,226,1764,-1538
119900130,63,528,-465
119900131,45,610,-565
119900132,1,834,-833
119900133,51,60,-9
119900134,3815,466,3349
119900135,3,1054,-1051
119900136,272,1026,-754
119900138,645,1230,-585
119900139,16,174,-158
119900140,4,266,-262
119900141,265,676,-411
119900142,24,60,-36
119900143,32,347,-315
119900144,3750,467,3283
119900145,105,460,-355
119900146,243,313,-70
119900147,2,247,-245
119900148,124,108,16
119900149,3201,3897,-696
119900150,179,379,-200
119900151,2805,1446,1359
119900152,118,997,-879
119900153,125,113,12
119900154,9,611,-602
119900155,22,84,-62
119900156,15,3,12
119900157,84,467,-383
119900158,157,113,44
119900159,7,3331,-3324
119900160,36,490,-454
119900161,181,628,-447
119900162,911,1302,-391
119900163,175,236,-61
119900164,0,0,0
119900165,101,594,-493
119900166,126,40,86
119900167,189,246,-57
119900168,639,746,-107
119900169,259,486,-227
119900170,234,307,-73
119900171,989,967,22
119900172,193,35,158
119900173,8,961,-953
119900174,32,560,-528
119900175,932,1086,-154
119900177,34,362,-328
119900178,12,433,-421
119900179,76,285,-209
119900180,988,1066,-78
119900181,61,88,-27
119900182,10,1163,-1153
119900183,148,1482,-1334
119900184,6512,1069,5443
119900185,58,184,-126
119900186,105,513,-408
119900187,16,1284,-1268
119900188,75,544,-469
119900189,626,396,230
119900190,66,243,-177
119900191,347,201,146
119900192,58,378,-320
119900193,249,315,-66
119900194,22,66,-44
119900195,57,559,-502
119900196,3602,885,2717
119900197,183,196,-13
119900198,174,752,-578
119900199,153,21,132
119900200,634,953,-319
119900201,711,429,282
119900202,319,200,119
119900203,207,501,-294
119900204,252,664,-412
119900205,419,1148,-729
119900206,96,240,-144
119900208,171,244,-73
119900209,450,1304,-854
119900210,15,80,-65
119900211,174,41,133
119900212,136,560,-424
119900213,11,97,-86
119900214,35,153,-118
119900215,59,153,-94
119900216,18,171,-153
119900217,21,155,-134
119900218,33,122,-89
119900219,22,302,-280
119900220,2,247,-245
119900221,59,925,-866
119900222,21,549,-528
119900223,32,248,-216
119900224,13,63,-50
119900225,2300,59,2241
119900226,1616,2242,-626
119900227,2212,744,1468
119900228,150,626,-476
119900229,397,875,-478
119900230,2580,1271,1309
119900231,205,385,-180
119900232,311,121,190
119900233,48,4,44
119900234,12,111,-99
119900235,21,68,-47
119900236,29,536,-507
119900237,55,1346,-1291
119900238,4,178,-174
119900240,90,281,-191
119900241,258,458,-200
119900242,3700,2821,879
119900244,1381,2596,-1215
119900245,128,271,-143
119900246,398,534,-136
119900247,51,87,-36
119900248,62,150,-88
119900249,247,118,129
119900253,8451,729,7722
119900254,86,354,-268
119900255,83,903,-820
119900256,369,2443,-2074
119900257,40,4,36
119900258,103,40,63
119900259,13,369,-356
119900260,104,11,93
119900261,303,388,-85
119900262,1,606,-605
119900263,1451,679,772
119900264,67,652,-585
119900265,428,805,-377
119900266,194,635,-441
119900267,324,771,-447
119900268,176,460,-284
119900269,1011,3079,-2068
119900271,40,216,-176
119900272,233,110,123
119900275,96,11,85
119900276,49,4,45
119900277,10,4,6
119900278,581,98,483
119900279,194,397,-203
119900280,1827,381,1446
119900281,0,159,-159
119900282,73,68,5
119900283,10,674,-664
119900284,58,362,-304
119900285,19,93,-74
119900286,6,27,-21
119900288,2,48,-46
119900289,0,46,-46
119900290,3,65,-62
119900291,0,86,-86
119900292,16,26,-10
119900293,11,146,-135
119900294,33,107,-74
119900295,2,54,-52
119900296,31,424,-393
119900297,0,30,-30
119900298,2,4,-2
119900299,65,529,-464
119900300,283,471,-188
119900301,184,141,43
119900302,107,208,-101
119900303,189,446,-257
119900304,118,80,38
119900305,43,208,-165
119900306,22,4,18
119900307,66,387,-321
119900308,12,32,-20
119900309,24,88,-64
119900310,332,620,-288
119900311,54,340,-286
119900312,87,203,-116
119900313,285,770,-485
119900314,128,462,-334
119900315,1162,5572,-4410
119900318,20,25,-5
119900319,4,581,-577
119900320,127,1296,-1169
119900321,41,0,41
120000001,14014,16540,-2526
120000002,2785,4905,-2120
120000003,4901,3058,1843
120000004,3599,3820,-221
120000005,6205,3296,2909
120000006,1383,2056,-673
120000007,5201,3634,1567
120000008,1381,2332,-951
120000009,8257,1437,6820
120000010,2322,5203,-2881
120000011,2010,4175,-2165
120000012,2034,5750,-3716
120000013,3194,4937,-1743
120000014,893,2805,-1912
120000015,3470,2445,1025
120000016,4062,4380,-318
120000017,3435,3622,-187
120000018,8860,12716,-3856
120000019,966,1869,-903
120000020,4703,4073,630
120000021,2600,2902,-302
120000022,3946,5164,-1218
120000023,974,2738,-1764
120000024,1735,3754,-2019
120000025,2706,3433,-727
120000026,1205,2843,-1638
120000027,1675,2540,-865
120000028,1471,1011,460
120000029,8842,1055,7787
120000030,722,1642,-920
120000031,2515,17122,-14607
120000032,17293,5894,11399
120000033,4789,3523,1266
120000034,1916,4321,-2405
120000035,2648,4896,-2248
120000036,3681,7428,-3747
120000037,929,1922,-993
120000038,19328,5457,13871
120000039,558,1658,-1100
120000040,159,292,-133
120000041,914,3527,-2613
120000042,2117,7963,-5846
120000043,5911,6066,-155
120000044,4449,2101,2348
120000045,4723,1631,3092
120000046,2498,3068,-570
120000047,3938,4897,-959
120000048,15410,5933,9477
120000049,4287,4887,-600
120000050,4677,8596,-3919
120000051,5948,7996,-2048
120000052,26737,4492,22245
120000053,1451,8035,-6584
120000054,1916,12358,-10442
120000055,1972,10499,-8527
120000056,4205,10259,-6054
120000057,2406,1494,912
120000058,966,367,599
120000059,121,1541,-1420
120000061,171,1086,-915
120000062,254,635,-381
120000063,2686,5321,-2635
120000064,269,3273,-3004
120000065,915,3861,-2946
120000066,205,934,-729
120000067,56,1228,-1172
120000068,221,2188,-1967
120000069,914,2971,-2057
120000070,55,1836,-1781
120000071,249,345,-96
120000072,462,840,-378
120000073,525,205,320
120000074,91,158,-67
120000075,646,407,239
120000076,1698,628,1070
120000077,1608,789,819
120000078,3987,1328,2659
120000079,184,132,52
120000080,61,192,-131
120000081,199,175,24
120000082,178,178,0
120000083,64,439,-375
120000084,630,947,-317
120000085,356,615,-259
120000086,322,1110,-788
120000087,167,2179,-2012
120000088,868,2710,-1842
120000089,1437,1266,171
120000090,592,998,-406
120000091,933,1814,-881
120000092,1417,919,498
120000093,385,821,-436
120000094,165,776,-611
120000095,1018,1161,-143
120000096,322,2008,-1686
120000098,1110,1942,-832
120000099,405,1300,-895
120000100,1015,1527,-512
120000101,574,866,-292
120000102,462,784,-322
120000103,1067,790,277
120000104,1560,519,1041
120000105,2309,610,1699
120000106,1800,607,1193
120000107,2995,785,2210
120000108,823,199,624
120000109,890,89,801
120000110,133,1926,-1793
120000111,195,2641,-2446
120000112,1158,8308,-7150
120000113,756,6103,-5347
120000114,1062,6110,-5048
120000115,509,4980,-4471
120000116,893,3896,-3003
120000117,2480,3054,-574
120000118,47,64,-17
120000119,65,131,-66
120000120,121,66,55
120000121,43,82,-39
120000122,564,451,113
120000123,12266,5169,7097
120000124,435,930,-495
120000125,567,1216,-649
120000126,353,1406,-1053
120000127,3123,1391,1732
120000128,5593,4133,1460
120000129,429,575,-146
120000130,971,1360,-389
120000131,262,783,-521
120000134,544,2754,-2210
120000135,304,535,-231
120000137,202,4532,-4330
120000138,552,890,-338
120000139,234,2303,-2069
120000140,536,1228,-692
120000141,273,1136,-863
120000142,424,1140,-716
120000143,1,186,-185
120000144,100,0,100
120000145,231,1,230
120000146,3888,1364,2524
120000149,715,1780,-1065
120000150,8813,13717,-4904
120000151,393,946,-553
120000152,407,561,-154
120000153,265,1846,-1581
120000154,515,655,-140
120000155,105,384,-279
120000156,3172,957,2215
120000157,1144,1209,-65
120000158,907,1989,-1082
120000159,2256,3702,-1446
120000160,2772,2156,616
120000161,1764,4579,-2815
120000162,173,407,-234
120000163,574,2848,-2274
120000164,425,908,-483
120000165,372,1855,-1483
120000166,862,1147,-285
120000167,66,171,-105
120000168,32,390,-358
120000169,174,743,-569
120000170,288,428,-140
120000171,56,103,-47
120000172,64,81,-17
120000173,5785,423,5362
120000174,898,18,880
120000175,1128,26,1102
120000176,692,98,594
120000177,4024,499,3525
120000178,276,25,251
120000179,933,91,842
120000180,1464,194,1270
120000181,301,597,-296
120000182,141,228,-87
120000183,25,384,-359
120000184,177,1699,-1522
120000186,82,103,-21
120000187,138,55,83
120000188,573,110,463
120000190,2441,25,2416
120000191,3978,57,3921
120000192,3966,46,3920
120000193,1440,20,1420
120000195,336,12,324
120000196,470,120,350
120000197,171,470,-299
120000198,243,287,-44
120000199,76,2,74
120000200,87,2,85
120000201,5,19,-14
120000202,1,158,-157
120000203,49,667,-618
120000207,5,223,-218
120000208,12,560,-548
120000209,8,164,-156
120000210,275,225,50
120000211,65,0,65
120000212,90,0,90
120000213,69,637,-568
120000214,1,769,-768
120000215,4,355,-351
120000216,59,7,52
120000217,1670,2378,-708
120000218,358,1964,-1606
120000219,25,1452,-1427
120000220,47,5276,-5229
120000225,999,1,998
120000226,228,3,225
120000227,727,44,683
120000228,11689,3894,7795
120000230,288,22,266
120000231,1177,4932,-3755
120000233,182,77,105
120000235,131,1505,-1374
120000236,777,1,776
120000237,7,4742,-4735
120000238,1,430,-429
120000241,1729,5854,-4125
120000412,3227,45,3182
120000413,218,782,-564
120000414,66,3,63
120000415,4,344,-340
120000416,85,17,68
120000417,2,190,-188
120000418,141,37,104
120000419,16,1213,-1197
120000420,100,79,21
120000421,26721,9482,17239
120000422,400,753,-353
120000423,6,87,-81
120000424,92,311,-219
120000436,175,549,-374
120000437,239,292,-53
120000438,8512,631,7881
120000439,211,412,-201
120000443,119,1,118
120000444,1055,1392,-337
120000445,2265,2237,28
120000446,1925,486,1439
120000447,152,10,142
120000449,60,30,30
120000450,6,681,-675
120000451,135,560,-425
120000452,106,2,104
120000453,5,1038,-1033
120000454,117,54,63
120000455,128,128,0
120000456,5359,4840,519
120000457,3528,1846,1682
120000458,788,1427,-639
120000459,74,185,-111
120000665,2469,278,2191
120000668,142,436,-294
120000669,87,747,-660
120000670,331,644,-313
120000671,1234,439,795
120000672,95,776,-681
120900001,63,63,0
120900002,619,575,44
120900003,250,68,182
120900004,14,160,-146
120900005,38,2412,-2374
120900006,232,299,-67
120900007,158,366,-208
120900008,198,2326,-2128
120900009,265,48,217
120900010,354,131,223
120900011,744,249,495
120900012,2393,1434,959
120900013,313,81,232
120900014,15,1643,-1628
120900015,452,148,304
120900016,588,83,505
120900017,5626,176,5450
120900018,71,1071,-1000
120900019,767,194,573
120900020,1233,1146,87
120900021,571,174,397
120900022,31,970,-939
120900023,211,93,118
120900024,2187,767,1420
120900025,2987,1581,1406
120900026,212,493,-281
120900027,1206,166,1040
120900028,334,78,256
120900029,187,346,-159
120900030,1022,779,243
120900031,200,110,90
120900032,741,268,473
120900033,980,86,894
120900034,42,3325,-3283
120900035,89,543,-454
120900037,198,8,190
120900038,85,210,-125
120900039,76,50,26
120900040,224,3,221
120900041,245,83,162
120900042,337,98,239
120900043,37,36,1
120900044,7,908,-901
120900045,174,425,-251
120900046,386,7,379
120900047,112,78,34
120900048,58,35,23
120900049,272,2,270
120900050,7401,1909,5492
120900051,279,219,60
120900052,522,9,513
120900053,156,164,-8
120900054,2142,1784,358
120900055,227,11,216
120900056,439,19,420
120900057,105,29,76
120900058,374,2,372
120900059,71,3,68
120900060,55,59,-4
120900061,344,1032,-688
120900062,104,0,104
120900063,414,11,403
120900064,373,0,373
120900065,435,22,413
120900066,196,437,-241
120900067,257,36,221
120900068,237,1,236
120900069,125,117,8
120900071,22,3,19
120900072,573,12,561
120900073,304,513,-209
120900074,731,11,720
120900076,271,2,269
120900077,8564,520,8044
120900078,626,1460,-834
120900079,579,196,383
120900080,470,3963,-3493
120900081,751,2575,-1824
120900082,1043,485,558
120900083,148,92,56
120900084,204,415,-211
120900085,186,199,-13
120900086,327,348,-21
120900087,442,204,238
120900088,343,456,-113
120900089,8826,2389,6437
120900090,142,438,-296
120900091,572,590,-18
120900092,1672,1443,229
120900093,7205,462,6743
120900094,720,515,205
120900095,393,41,352
120900096,51,301,-250
120900097,897,1961,-1064
120900098,432,270,162
120900099,84,169,-85
120900100,65,735,-670
120900101,817,527,290
120900102,16,248,-232
120900103,54,268,-214
120900104,69,109,-40
120900105,53,1345,-1292
120900106,1836,1149,687
120900107,492,315,177
120900108,10,1737,-1727
120900109,38,1453,-1415
120900110,28,2369,-2341
120900111,167,773,-606
120900112,23,2775,-2752
120900113,23,1617,-1594
120900114,46,372,-326
120900115,198,293,-95
120900116,239,1389,-1150
120900117,12,1128,-1116
120900118,7,1754,-1747
120900119,5031,8142,-3111
120900120,64,1416,-1352
120900121,189,893,-704
120900122,339,1578,-1239
120900123,7,1117,-1110
120900124,4,1362,-1358
120900125,7,2604,-2597
120900126,2194,1773,421
120900127,15,1163,-1148
120900128,1380,1999,-619
120900129,80,706,-626
120900130,4,600,-596
120900131,28,161,-133
120900132,757,912,-155
120900133,270,2258,-1988
120900134,739,891,-152
120900135,8,1189,-1181
120900136,20,94,-74
120900137,199,276,-77
120900138,26,448,-422
120900139,5,1680,-1675
120900140,1,120,-119
120900141,159,270,-111
120900142,49,1849,-1800
120900143,4,1876,-1872
120900144,3,484,-481
120900145,99,1634,-1535
120900146,7,2241,-2234
120900147,2,660,-658
120900148,128,246,-118
120900149,3,893,-890
120900150,40,1364,-1324
120900151,2,1406,-1404
120900152,10,95,-85
120900153,7,171,-164
120900154,0,765,-765
120900155,155,2273,-2118
120900156,35,752,-717
120900157,23,374,-351
120900158,36,915,-879
120900159,28,412,-384
120900160,46,644,-598
120900161,16,1177,-1161
120900162,33,1043,-1010
120900163,26,291,-265
120900164,0,1,-1
120900165,2,10,-8
120900166,97,356,-259
120900167,517,237,280
120900169,68,1175,-1107
120900170,5389,2347,3042
120900171,2197,636,1561
120900172,3376,375,3001
120900173,1,115,-114
120900174,9,299,-290
120900175,418,584,-166
120900176,23,440,-417
120900177,5,1011,-1006
120900178,1,449,-448
120900179,1375,1063,312
120900180,198,143,55
120900181,56,77,-21
120900182,36,1432,-1396
120900183,473,243,230
120900184,208,197,11
120900185,6,703,-697
120900186,1,1012,-1011
120900187,499,1485,-986
120900188,124,17,107
120900189,411,810,-399
120900190,25,44,-19
120900191,5,59,-54
120900192,24770,4478,20292
120900194,24,160,-136
120900195,192,594,-402
120900196,1132,91,1041
120900197,529,101,428
120900198,331,1289,-958
120900199,555,3348,-2793
120900200,185,278,-93
120900201,1107,317,790
120900202,2,490,-488
120900203,31,105,-74
120900204,269,719,-450
120900205,86,298,-212
120900206,16,37,-21
121000001,1383,1752,-369
121000002,3811,2562,1249
121000003,6530,3141,3389
121000004,3927,7643,-3716
121000005,3056,4148,-1092
121000006,4874,2117,2757
121000007,4470,4406,64
121000008,9314,4644,4670
121000009,9704,9916,-212
121000010,13848,8953,4895
121000011,14157,23498,-9341
121000012,21990,16524,5466
121000013,8165,13433,-5268
121000014,9431,10839,-1408
121000015,8277,10246,-1969
121000016,6625,6172,453
121000017,2623,5090,-2467
121000018,2954,2692,262
121000019,29246,13204,16042
121000020,19071,15032,4039
121000021,4446,5141,-695
121000022,2419,2729,-310
121000023,6480,5263,1217
121000024,4777,5961,-1184
121000025,978,1811,-833
121000026,386,202,184
121000027,2045,1510,535
121000028,1180,756,424
121000029,1332,1316,16
121000030,739,742,-3
121000031,905,996,-91
121000032,203,105,98
121000034,634,256,378
121000035,400,102,298
121000036,1663,1199,464
121000037,854,986,-132
121000038,877,1076,-199
121000039,612,539,73
121000041,581,756,-175
121000042,305,477,-172
121000043,1076,1084,-8
121000044,2591,977,1614
121000045,653,685,-32
121000046,720,1659,-939
121000047,92,111,-19
121000049,2646,916,1730
121000050,355,1457,-1102
121000051,854,500,354
121000052,385,1027,-642
121000053,677,122,555
121000054,67,352,-285
121000055,2168,1955,213
121000056,1066,1447,-381
121000057,209,476,-267
121000058,438,162,276
121000059,2832,1717,1115
121000060,456,1144,-688
121000061,195,244,-49
121000062,186,411,-225
121000063,818,764,54
121000064,525,603,-78
121000065,751,670,81
121000066,467,435,32
121000067,1369,730,639
121000068,758,545,213
121000069,1565,1042,523
121000070,2460,2069,391
121000071,1630,1638,-8
121000072,2087,1225,862
121000073,1432,1346,86
121000074,197,201,-4
121000075,107,542,-435
121000076,2483,834,1649
121000077,247,284,-37
121000078,175,155,20
121000080,4108,1192,2916
121000081,7566,3834,3732
121000082,138,315,-177
121000083,351,233,118
121000084,223,167,56
121000085,355,635,-280
121000086,208,1193,-985
121000087,76,401,-325
121000088,462,1365,-903
121000089,715,515,200
121000090,594,543,51
121000091,2301,1379,922
121000092,173,178,-5
121000093,177,453,-276
121000094,679,994,-315
121000095,362,840,-478
121000096,3011,5077,-2066
121000097,1750,3300,-1550
121000098,473,2370,-1897
121000099,406,1417,-1011
121000100,923,951,-28
121000101,258,479,-221
121000102,213,623,-410
121000103,196,561,-365
121000104,265,286,-21
121000105,470,334,136
121000106,256,761,-505
121000107,3227,5902,-2675
121000109,2300,1777,523
121000110,550,796,-246
121000114,4196,3350,846
121000115,1475,1244,231
121000116,579,1532,-953
121000117,1342,484,858
121000118,1454,490,964
121000119,360,536,-176
121000120,293,723,-430
121000121,624,1719,-1095
121000123,2272,998,1274
121000126,164,545,-381
121000127,277,173,104
121000128,924,705,219
121000129,741,738,3
121000130,536,2001,-1465
121000131,3246,2183,1063
121000132,2131,2296,-165
121000135,709,952,-243
121000136,1812,775,1037
121000137,546,331,215
121000138,1179,869,310
121000139,726,229,497
121000141,351,195,156
121000142,1105,1009,96
121000143,181,38,143
121000144,1572,1850,-278
121000145,727,2073,-1346
121000146,1597,1574,23
121000147,1075,970,105
121000148,1407,1697,-290
121000149,2535,1900,635
121000152,675,1049,-374
121000153,2889,1177,1712
121000154,1181,1435,-254
121000155,2221,1845,376
121000156,473,1791,-1318
121000157,2289,3630,-1341
121000158,400,1243,-843
121000159,188,1051,-863
121000160,359,1224,-865
121000161,175,567,-392
121000162,91,454,-363
121000165,3118,2477,641
121000166,38,772,-734
121000168,392,482,-90
121000169,51,232,-181
121000170,392,238,154
121000171,132,254,-122
121000172,745,740,5
121000173,1885,1275,610
121000174,287,537,-250
121000175,893,724,169
121000176,425,297,128
121000177,1598,1073,525
121000178,195,103,92
121000179,208,124,84
121000181,469,588,-119
121000182,195,212,-17
121000183,86,123,-37
121000184,62,139,-77
121000185,48,203,-155
121000186,169,781,-612
121000187,197,467,-270
121000188,145,418,-273
121000192,741,775,-34
121000193,782,611,171
121000194,3980,3194,786
121000195,486,1582,-1096
121000196,858,319,539
121000197,410,1476,-1066
121000198,541,138,403
121000199,145,788,-643
121000200,523,130,393
121000201,9,423,-414
121000202,280,7,273
121000203,898,3935,-3037
121000204,2414,1140,1274
121000205,231,585,-354
121000206,213,58,155
121000207,1676,785,891
121000208,22,676,-654
121000209,236,713,-477
121000210,356,1239,-883
121000211,286,254,32
121000212,298,1665,-1367
121000213,16393,4443,11950
121000214,1336,3076,-1740
121000215,1922,1811,111
121000216,649,792,-143
121000217,6063,4270,1793
121000218,715,2692,-1977
121000219,2243,658,1585
121000220,405,90,315
121000221,238,374,-136
121000222,3930,3771,159
121000223,643,354,289
121000224,434,190,244
121000225,2870,1416,1454
121000226,7417,1160,6257
121000227,10,390,-380
121000228,32,1401,-1369
121000229,272,842,-570
121000230,83,3090,-3007
121000231,887,64,823
121000232,550,299,251
121000233,595,477,118
121000234,15,65,-50
121000235,65,39,26
121000236,2,84,-82
121000237,26,20,6
121000238,4,128,-124
121000239,25,3,22
121000240,14,379,-365
121000241,73,16,57
121000242,42,219,-177
121000243,335,78,257
121000244,6,107,-101
121000245,21,7,14
121000246,3,89,-86
121000247,74,3,71
121000248,762,677,85
121000249,132,356,-224
121000250,640,118,522
121000251,26,1006,-980
121000252,65,51,14
121000253,219,861,-642
121000254,443,451,-8
121000255,246,296,-50
121000256,463,278,185
121000257,101,88,13
121000258,126,68,58
121000259,54,60,-6
121000260,141,309,-168
121000261,98,44,54
121000262,1404,1304,100
121000263,592,626,-34
121000271,372,2884,-2512
121000273,211,10,201
121000274,25,57,-32
121000275,1,55,-54
121000276,1,15,-14
121000278,33,101,-68
121000279,85,35,50
121000280,59,85,-26
121000289,362,43,319
121000290,2177,1058,1119
121000294,109,335,-226
121000297,1428,1441,-13
121000299,395,411,-16
121000300,1302,893,409
121000302,201,1420,-1219
121000303,649,663,-14
121000304,582,91,491
121000305,184,79,105
121000306,223,214,9
121000308,231,712,-481
121000309,581,1121,-540
121000310,240,702,-462
121000311,117,1425,-1308
121000312,550,383,167
121000313,957,955,2
121000314,166,95,71
121000315,64,152,-88
121000530,1212,2570,-1358
121000531,1582,2529,-947
121000532,8737,7741,996
121000533,3182,4124,-942
121000918,94,311,-217
121000919,75,106,-31
121000938,482,340,142
121000939,548,297,251
121000956,1007,3026,-2019
121000957,5,13,-8
121000958,296,83,213
121000959,683,1561,-878
121000960,1762,3887,-2125
121000961,182,119,63
121000962,380,1253,-873
121000973,1,427,-426
121000976,8,259,-251
121000979,438,180,258
121000981,269,165,104
121000982,255,441,-186
121000983,592,783,-191
121000984,54,70,-16
121000985,635,1715,-1080
121000986,179,744,-565
121000987,340,3055,-2715
121000988,669,180,489
121001302,425,166,259
121001308,12,18,-6
121001309,160,117,43
121001313,173,439,-266
121001314,4825,5607,-782
121001315,5732,2567,3165
121900001,92,249,-157
121900002,68,30,38
121900003,414,7,407
121900004,244,693,-449
121900005,20,15,5
121900006,86,7,79
121900007,4355,3034,1321
121900008,3112,1320,1792
121900009,886,33,853
121900010,284,6,278
121900011,341,658,-317
121900012,7,1,6
121900013,1387,71,1316
121900014,1973,503,1470
121900015,222,300,-78
121900016,5,30,-25
121900017,626,842,-216
121900018,329,7,322
121900019,399,402,-3
121900020,24,1,23
121900021,755,17,738
121900022,194,264,-70
121900023,127,832,-705
121900024,502,99,403
121900025,551,600,-49
121900026,565,89,476
121900027,407,200,207
121900028,323,13,310
121900029,213,445,-232
121900030,730,700,30
121900031,2065,7962,-5897
121900032,124,151,-27
121900033,201,287,-86
121900034,372,164,208
121900035,4568,2656,1912
121900036,115,875,-760
121900037,188,997,-809
121900038,30,229,-199
121900039,422,53,369
121900040,43,169,-126
121900041,104,251,-147
121900042,334,186,148
121900043,3,7,-4
121900044,426,84,342
121900046,310,366,-56
121900047,208,66,142
121900048,48,272,-224
121900050,15,71,-56
121900051,201,293,-92
121900052,172,75,97
121900053,390,418,-28
121900054,547,1365,-818
121900055,0,17,-17
121900058,322,404,-82
121900059,324,186,138
121900060,212,465,-253
121900061,243,247,-4
121900062,170,125,45
121900063,1312,467,845
121900064,208,1250,-1042
121900066,45,40,5
121900067,50,84,-34
121900069,234,221,13
121900070,292,186,106
121900071,237,371,-134
121900072,28,233,-205
121900073,298,283,15
121900074,1018,885,133
121900075,1392,493,899
121900076,521,997,-476
121900077,17,94,-77
121900078,86,89,-3
121900079,1,0,1
121900080,1083,760,323
121900082,37,233,-196
121900084,9,337,-328
121900085,0,25,-25
121900086,16,87,-71
121900087,188,158,30
121900088,3157,4737,-1580
121900089,146,574,-428
121900090,22,211,-189
121900091,49,219,-170
121900092,140,182,-42
121900093,65,93,-28
121900094,9,10,-1
121900095,191,140,51
121900096,1909,928,981
121900097,458,187,271
121900098,7,7,0
121900099,340,119,221
121900100,245,398,-153
121900101,134,202,-68
121900102,19,182,-163
121900103,763,287,476
121900104,1677,448,1229
121900105,201,188,13
121900106,7,11,-4
121900107,34,48,-14
121900108,2,44,-42
121900109,455,210,245
121900110,364,1974,-1610
121900111,1257,150,1107
121900112,107,144,-37
121900113,126,476,-350
121900114,60,135,-75
121900115,149,517,-368
121900117,274,34,240
121900118,3363,599,2764
121900119,175,228,-53
121900120,45,2090,-2045
121900121,821,118,703
121900122,29,50,-21
121900123,278,680,-402
121900124,150,400,-250
121900125,2313,1755,558
121900127,27,161,-134
121900128,87,206,-119
121900129,1110,223,887
121900130,170,345,-175
121900131,315,162,153
121900132,89,201,-112
121900133,125,648,-523
121900134,32,186,-154
121900135,3987,504,3483
121900136,350,670,-320
121900137,90,437,-347
121900138,203,455,-252
121900139,512,816,-304
121900140,114,262,-148
121900141,60,49,11
121900142,124,175,-51
121900143,7,198,-191
121900144,207,443,-236
121900145,295,296,-1
121900146,774,1249,-475
121900147,66,285,-219
121900148,208,378,-170
121900149,622,1086,-464
121900150,89,237,-148
121900151,74,230,-156
121900152,80,193,-113
121900153,145,834,-689
121900154,15,270,-255
121900155,8,304,-296
121900156,177,152,25
121900157,1,692,-691
121900158,91,116,-25
121900159,4,265,-261
121900160,38,299,-261
121900161,468,559,-91
121900162,114,198,-84
121900163,154,1049,-895
121900164,567,353,214
121900165,245,291,-46
121900166,178,269,-91
121900167,189,156,33
121900168,302,192,110
121900169,8,560,-552
121900170,8,304,-296
121900171,595,1104,-509
121900172,454,445,9
121900173,1299,306,993
121900174,19,64,-45
121900175,236,218,18
121900176,851,2997,-2146
121900177,214,77,137
121900179,350,205,145
121900180,8505,4070,4435
121900182,1355,502,853
121900183,636,793,-157
121900184,62,925,-863
121900186,13,516,-503
121900187,33,215,-182
121900188,837,693,144
121900189,66,175,-109
121900190,210,743,-533
121900191,84,311,-227
121900192,494,938,-444
121900194,6,236,-230
121900195,141,141,0
121900196,1170,1578,-408
121900197,512,3295,-2783
121900198,1569,1770,-201
121900199,3,46,-43
121900200,122,261,-139
121900201,1701,757,944
121900202,215,628,-413
121900203,313,1663,-1350
121900204,1606,1446,160
121900205,165,415,-250
121900206,13,18,-5
121900207,264,63,201
121900208,347,484,-137
121900209,58,33,25
121900210,1871,2046,-175
121900211,18,236,-218
121900212,167,178,-11
121900213,100,137,-37
121900214,15,1040,-1025
121900215,51,120,-69
121900216,39,160,-121
121900217,301,154,147
121900218,470,887,-417
121900219,458,124,334
121900220,200,18,182
121900221,370,948,-578
121900222,226,272,-46
121900223,272,140,132
121900224,108,153,-45
121900225,233,131,102
121900226,505,1822,-1317
121900227,184,652,-468
121900228,238,386,-148
121900229,290,377,-87
121900230,158,679,-521
121900231,850,4059,-3209
121900232,434,458,-24
121900233,435,338,97
121900234,378,585,-207
121900235,484,397,87
121900236,301,225,76
121900237,232,314,-82
121900238,168,327,-159
121900239,171,67,104
121900240,226,226,0
121900241,27,108,-81
121900242,6,2,4
121900243,16,1,15
121900244,21,17,4
121900245,201,232,-31
121900246,2713,757,1956
121900247,361,453,-92
121900248,2143,1409,734
121900250,410,404,6
121900251,428,53,375
121900252,708,204,504
121900253,139,1240,-1101
121900254,658,417,241
121900255,256,219,37
121900258,4456,2751,1705
121900259,482,792,-310
121900260,166,391,-225
121900261,180,687,-507
121900262,582,1321,-739
121900263,175,516,-341
121900264,3225,2453,772
121900265,229,467,-238
121900266,287,253,34
121900267,50,47,3
121900269,229,633,-404
121900270,37,291,-254
121900271,40,242,-202
121900273,617,2064,-1447
121900274,197,358,-161
121900276,1320,217,1103
121900277,401,2336,-1935
121900278,213,1397,-1184
121900279,158,410,-252
121900280,222,678,-456
121900281,925,650,275
121900284,74,10,64
121900286,135,301,-166
121900287,9,17,-8
121900290,216,554,-338
121900291,543,1053,-510
121900292,350,147,203
121900293,1171,5121,-3950
121900294,350,6,344
121900295,114,422,-308
121900296,171,321,-150
121900298,630,662,-32
121900299,0,0,0
121900300,16,1,15
121900301,21,1,20
121900302,2,33,-31
121900303,615,620,-5
121900304,1,13,-12
121900305,4,9,-5
121900306,62,4,58
121900307,56,77,-21
121900308,30,419,-389
121900309,18,395,-377
121900310,46,748,-702
121900311,300,16,284
121900312,174,8,166
121900313,157,41,116
121900314,6,118,-112
121900315,13,0,13
121900316,0,30,-30
121900317,2,0,2
121900318,0,22,-22
121900319,18,54,-36
121900320,111,134,-23
121900321,3,4,-1
121900322,0,38,-38
121900323,60,21,39
121900324,7,64,-57
121900325,1,2,-1
121900326,12,41,-29
121900327,4,96,-92
121900328,0,36,-36
121900329,2,316,-314
121900330,1,14,-13
121900331,414,71,343
121900332,69,26,43
122000001,3036,5389,-2353
122000002,6598,2580,4018
122000003,2917,2584,333
122000004,4551,2334,2217
122000005,4350,1641,2709
122000006,4023,795,3228
122000007,2280,2335,-55
122000008,9221,8240,981
122000009,724,540,184
122000010,3073,4310,-1237
122000011,4764,2185,2579
122000012,2068,1693,375
122000013,3970,1807,2163
122000014,2523,3698,-1175
122000015,2631,1369,1262
122000016,770,1422,-652
122000017,1439,1461,-22
122000018,2313,1510,803
122000019,1282,2349,-1067
122000020,287,339,-52
122000021,698,904,-206
122000022,2118,2471,-353
122000023,722,4542,-3820
122000024,1380,1365,15
122000025,2977,2005,972
122000026,2538,1160,1378
122000027,888,7593,-6705
122000028,959,623,336
122000029,718,447,271
122000030,381,210,171
122000031,225,327,-102
122000032,2626,5465,-2839
122000033,1533,1354,179
122000034,1054,961,93
122000035,447,1418,-971
122000036,687,878,-191
122000037,553,379,174
122000038,414,550,-136
122000039,782,684,98
122000040,455,560,-105
122000041,641,730,-89
122000042,908,600,308
122000043,225,145,80
122000044,167,292,-125
122000045,1980,798,1182
122000046,1460,1692,-232
122000047,353,303,50
122000048,4341,7354,-3013
122000049,7858,3413,4445
122000050,3185,951,2234
122000051,639,450,189
122000052,882,306,576
122000053,210,629,-419
122000054,2975,2983,-8
122000055,3554,3740,-186
122000056,7768,5441,2327
122000057,5297,4467,830
122000058,6093,1451,4642
122000059,5786,1872,3914
122000060,1328,761,567
122000061,653,501,152
122000062,1659,430,1229
122000063,2562,778,1784
122000064,6002,3462,2540
122000065,7961,3938,4023
122000066,1660,1416,244
122000067,2633,1846,787
122000068,1813,2271,-458
122000069,707,1054,-347
122000070,876,6792,-5916
122000071,1446,2929,-1483
122000072,530,548,-18
122000073,853,669,184
122000074,2707,1975,732
122000075,802,2183,-1381
122000076,2386,1524,862
122000077,2093,793,1300
122000078,4105,2692,1413
122000079,3217,1269,1948
122000080,1949,527,1422
122000081,310,556,-246
122000082,1507,996,511
122000083,1918,6117,-4199
122000084,1485,1211,274
122000085,369,3134,-2765
122000086,3179,6840,-3661
122000087,566,239,327
122000088,467,439,28
122000089,10377,4696,5681
122000090,419,577,-158
122000091,610,88,522
122000092,269,22,247
122000093,3471,1229,2242
122000094,11588,2291,9297
122000095,4903,4003,900
122000096,4074,2670,1404
122000098,4981,2078,2903
122000099,5284,765,4519
122000100,1825,938,887
122000101,327,1676,-1349
122000102,2630,1707,923
122000103,1957,2021,-64
122000104,523,308,215
122000105,425,422,3
122000106,636,698,-62
122000107,1431,852,579
122000108,423,1213,-790
122000109,459,460,-1
122000110,498,641,-143
122000111,3187,1473,1714
122000112,1084,1701,-617
122000113,810,929,-119
122000114,7285,2196,5089
122000115,1903,3276,-1373
122000116,579,657,-78
122000117,1563,507,1056
122000118,414,860,-446
122000119,4424,2562,1862
122000120,3250,4486,-1236
122000121,4187,3402,785
122000122,948,2104,-1156
122000123,3185,2535,650
122000124,2088,965,1123
122000125,637,902,-265
122000126,1188,1956,-768
122000127,2358,1507,851
122000128,859,1325,-466
122000129,392,1199,-807
122000130,3780,1041,2739
122000131,1755,1077,678
122000132,1010,672,338
122000133,1623,3044,-1421
122000134,739,793,-54
122000135,914,954,-40
122000136,715,536,179
122000137,1506,1105,401
122000139,2955,4397,-1442
122000140,2245,753,1492
122000141,8095,1689,6406
122000142,704,1044,-340
122000143,806,408,398
122000144,1902,1457,445
122000145,2587,1102,1485
122000146,962,1559,-597
122000147,1566,520,1046
122000148,3649,1989,1660
122000149,2428,1895,533
122000150,1410,1369,41
122000151,292,471,-179
122000152,567,446,121
122000153,576,479,97
122000154,374,290,84
122000155,1557,2715,-1158
122000156,2354,2588,-234
122000157,2968,1910,1058
122000158,544,868,-324
122000159,1442,2420,-978
122000160,5695,2195,3500
122000161,1235,940,295
122000162,2987,2162,825
122000163,379,94,285
122000164,38,101,-63
122000165,1209,1106,103
122000166,1523,1696,-173
122000167,231,291,-60
122000168,339,747,-408
122000169,742,237,505
122000170,370,414,-44
122000171,49,106,-57
122000172,2111,2363,-252
122000173,1881,3734,-1853
122000174,3454,1191,2263
122000175,1601,344,1257
122000176,432,937,-505
122000177,2462,1848,614
122000178,4056,4664,-608
122000179,2996,4392,-1396
122000180,2425,1692,733
122000181,2050,5036,-2986
122000182,2871,2430,441
122000183,2431,1970,461
122000184,3590,2924,666
122000185,1514,1722,-208
122000186,997,1482,-485
122000187,2920,1576,1344
122000188,532,300,232
122000189,349,591,-242
122000190,1460,1350,110
122000191,1828,1102,726
122000192,1098,565,533
122000193,434,997,-563
122000194,886,238,648
122000195,209,716,-507
122000196,1326,836,490
122000197,658,1172,-514
122000198,836,1554,-718
122000199,643,553,90
122000200,1948,1008,940
122000201,1449,1655,-206
122000202,1496,1559,-63
122000203,3287,2087,1200
122000204,1754,2773,-1019
122000205,1870,1718,152
122000206,3306,1305,2001
122000207,1510,1953,-443
122000208,3520,2361,1159
122000209,4120,576,3544
122000210,2585,3050,-465
122000211,2230,1893,337
122000212,937,692,245
122000213,1348,1744,-396
122000214,2413,2444,-31
122000215,3009,1974,1035
122000217,2911,2115,796
122000218,1106,100,1006
122000219,2245,1376,869
122000220,471,993,-522
122000221,240,673,-433
122000222,599,125,474
122000223,1592,593,999
122000225,1051,320,731
122000226,1790,2820,-1030
122000227,443,3663,-3220
122000228,471,605,-134
122000229,27,618,-591
122000230,81,1049,-968
122000231,370,1315,-945
122000232,997,1099,-102
122000233,2,122,-120
122000234,293,332,-39
122000235,649,327,322
122000236,780,262,518
122000237,165,96,69
122000238,228,292,-64
122000239,695,178,517
122000240,1399,797,602
122000241,520,431,89
122000242,655,161,494
122000243,20,46,-26
122000244,12,469,-457
122000245,25,110,-85
122000246,28,101,-73
122000247,758,371,387
122000248,1460,2831,-1371
122000249,549,985,-436
122000250,1957,1070,887
122000251,300,625,-325
122000252,728,198,530
122000253,62,436,-374
122000254,226,149,77
122000255,957,2630,-1673
122000256,497,2179,-1682
122000257,170,606,-436
122000258,149,325,-176
122000259,18,1218,-1200
122000260,10,187,-177
122000261,17,331,-314
122000262,1,108,-107
122000263,143,221,-78
122000264,1160,690,470
122000265,3285,1243,2042
122000266,6976,907,6069
122000267,127,254,-127
122000268,191,729,-538
122000269,1383,509,874
122000270,1617,157,1460
122000271,472,2078,-1606
122000272,512,2278,-1766
122000273,456,831,-375
122000274,161,288,-127
122000275,83,287,-204
122000276,748,1033,-285
122000277,1017,1822,-805
122000278,1199,1661,-462
122000279,298,796,-498
122000280,1105,1254,-149
122000281,811,1205,-394
122000282,145,192,-47
122000283,439,109,330
122000284,137,123,14
122000285,485,223,262
122000286,105,312,-207
122000287,1068,2104,-1036
122000288,334,338,-4
122000291,1314,688,626
122000293,596,408,188
122000294,125,232,-107
122000295,1740,273,1467
122000296,53,753,-700
122000297,5622,3179,2443
122000299,527,861,-334
122000300,555,802,-247
122000301,25254,3525,21729
122000302,1310,1343,-33
122000303,6591,1762,4829
122000304,43,368,-325
122000305,990,471,519
122000306,36,1334,-1298
122000307,214,162,52
122000309,97,71,26
122000310,22,41,-19
122000311,216,172,44
122000312,154,82,72
122000313,92,76,16
122000314,169,316,-147
122000315,343,37,306
122000316,695,388,307
122000317,1019,326,693
122000318,309,737,-428
122000319,313,1124,-811
122000320,423,4367,-3944
122000321,139,413,-274
122000322,3338,4860,-1522
122000323,2128,3118,-990
122000324,2253,2123,130
122000325,1389,1834,-445
122000326,21,231,-210
122000327,490,714,-224
122000328,1755,1366,389
122000330,3301,1085,2216
122000332,290,541,-251
122000333,6,317,-311
122000337,1137,2716,-1579
122000338,675,811,-136
122000340,672,509,163
122000342,3683,1575,2108
122000343,466,864,-398
122000344,67,44,23
122000345,34,83,-49
122000346,452,882,-430
122000348,637,1440,-803
122000349,215,882,-667
122000351,127,401,-274
122000352,304,163,141
122000353,75,199,-124
122000355,142,211,-69
122000356,3817,1265,2552
122000357,48,22,26
122000358,2,126,-124
122000359,1,74,-73
122000360,0,119,-119
122000362,10,165,-155
122000364,159,791,-632
122000365,3,34,-31
122000366,13,14,-1
122000368,608,1236,-628
122000370,30,124,-94
122000371,32,1,31
122000372,5,1,4
122000381,67,567,-500
122000382,85,361,-276
122000384,7243,3128,4115
122000385,57,1,56
122000386,1116,1406,-290
122000387,727,815,-88
122000388,2941,615,2326
122000389,379,1347,-968
122000390,697,429,268
122000391,546,196,350
122000392,255,399,-144
122000393,24,291,-267
122000394,607,431,176
122000395,140,240,-100
122000396,265,190,75
122000397,61,137,-76
122000398,8,37,-29
122000399,113,100,13
122000400,236,372,-136
122000401,147,167,-20
122000402,263,180,83
122000403,744,2029,-1285
122000404,170,542,-372
122000408,988,1821,-833
122000503,19,158,-139
122000524,255,200,55
122000544,91,4008,-3917
122000616,762,4,758
122000640,63,278,-215
122000641,56,718,-662
122000642,1069,2249,-1180
122000643,25,131,-106
122000644,256,36,220
122000645,86,389,-303
122000651,3586,960,2626
122000664,148,57,91
122000665,1155,796,359
122000666,810,1548,-738
122000673,25,624,-599
122000674,102,81,21
122000675,1892,1967,-75
122000686,354,2496,-2142
122000687,1244,538,706
122000688,230,1365,-1135
122000689,713,1040,-327
122000690,1035,1107,-72
122000691,456,4488,-4032
122000692,1291,548,743
122000693,493,3565,-3072
122000695,245,990,-745
122000696,250,716,-466
122000698,277,1713,-1436
122000699,258,238,20
122000701,1370,489,881
122000702,712,3382,-2670
122000703,215,115,100
122000717,189,99,90
122000718,372,706,-334
122000719,65,103,-38
122000720,254,577,-323
122900001,44,2,42
122900002,1714,4073,-2359
122900003,325,66,259
122900004,1574,37,1537
122900005,107,74,33
122900006,1103,651,452
122900007,113,63,50
122900008,1106,102,1004
122900009,1395,643,752
122900010,402,256,146
122900012,244,574,-330
122900014,190,476,-286
122900015,3227,858,2369
122900016,148,664,-516
122900017,570,1407,-837
122900018,268,16,252
122900019,15,185,-170
122900020,498,690,-192
122900021,72,1086,-1014
122900022,709,1395,-686
122900023,517,565,-48
122900024,175,170,5
122900025,20,302,-282
122900026,318,456,-138
122900027,169,1069,-900
122900028,152,254,-102
122900029,8142,3737,4405
122900030,2472,621,1851
122900031,194,205,-11
122900032,205,352,-147
122900033,180,246,-66
122900034,6065,7347,-1282
122900035,67,23,44
122900036,57,389,-332
122900037,566,245,321
122900038,183,3226,-3043
122900039,90,583,-493
122900040,322,655,-333
122900041,235,337,-102
122900042,207,383,-176
122900043,603,309,294
122900044,109,483,-374
122900045,62,189,-127
122900046,170,153,17
122900047,460,205,255
122900048,55,290,-235
122900049,2844,204,2640
122900051,124,243,-119
122900052,56,193,-137
122900053,14,21,-7
122900055,405,196,209
122900057,340,57,283
122900061,464,337,127
122900062,449,660,-211
122900063,221,733,-512
122900064,1388,1111,277
122900065,464,180,284
122900066,574,302,272
122900067,2838,1159,1679
122900068,233,644,-411
122900069,339,2140,-1801
122900070,337,54,283
122900071,166,684,-518
122900072,28,1023,-995
122900073,51,451,-400
122900074,439,1413,-974
122900075,2,103,-101
122900076,8,362,-354
122900077,1,338,-337
122900078,137,281,-144
122900080,80,29,51
122900081,195,277,-82
122900082,583,270,313
122900083,199,175,24
122900084,36,359,-323
122900086,11,65,-54
122900087,208,891,-683
122900088,87,128,-41
122900089,87,256,-169
122900090,21,1202,-1181
122900091,189,1,188
122900092,3,354,-351
122900093,1,682,-681
122900094,5,468,-463
122900095,150,10,140
122900096,163,626,-463
122900097,14,31,-17
122900098,116,245,-129
122900099,11,4,7
122900100,809,739,70
122900101,1019,366,653
122900102,19,20,-1
122900103,23,12,11
122900104,56,11,45
122900105,7,17,-10
122900106,7,132,-125
122900107,5,276,-271
122900108,1,303,-302
123000001,3070,474,2596
123000002,8987,4539,4448
123000003,4795,4106,689
123000004,3966,7268,-3302
123000005,3392,3385,7
123000006,4171,5123,-952
123000007,3807,3238,569
123000008,3528,5184,-1656
123000009,5392,3702,1690
123000010,5008,5905,-897
123000011,4989,1081,3908
123000012,1449,3695,-2246
123000013,4314,1059,3255
123000014,1819,6104,-4285
123000015,7206,1202,6004
123000016,11602,5189,6413
123000017,4675,1759,2916
123000018,49,152,-103
123000019,181,493,-312
123000020,121,221,-100
123000021,71,236,-165
123000022,705,1564,-859
123000023,1547,1853,-306
123000024,1395,703,692
123000025,38,132,-94
123000026,1,74,-73
123000027,283,828,-545
123000028,1433,216,1217
123000029,949,755,194
123000030,363,1080,-717
123000031,118,863,-745
123000032,278,596,-318
123000033,212,93,119
123000034,968,845,123
123000035,389,399,-10
123000036,298,942,-644
123000037,359,656,-297
123000038,124,273,-149
123000039,569,1228,-659
123000040,1579,580,999
123000041,1759,964,795
123000042,1324,561,763
123000043,6306,8048,-1742
123000044,9489,3385,6104
123000045,16985,3427,13558
123000046,1084,1336,-252
123000047,2705,1995,710
123000048,97,618,-521
123000049,12819,8258,4561
123000050,1304,1936,-632
123000051,85,191,-106
123000052,823,4385,-3562
123000053,2786,4979,-2193
123000054,1317,2004,-687
123000055,1570,2100,-530
123000056,1592,2748,-1156
123000057,30065,9638,20427
123000058,1027,1045,-18
123000059,597,823,-226
123000060,957,473,484
123000061,256,1436,-1180
123000063,1008,1118,-110
123000064,1174,307,867
123000065,12921,5471,7450
123000066,1324,1676,-352
123000067,731,960,-229
123000068,4530,5757,-1227
123000069,11600,6137,5463
123000070,355,1532,-1177
123000071,961,1856,-895
123000072,1189,2806,-1617
123000073,1054,1327,-273
123000074,1169,3494,-2325
123000075,461,1300,-839
123000076,781,2058,-1277
123000077,2783,6373,-3590
123000078,1650,2499,-849
123000079,1373,3163,-1790
123000080,2742,4798,-2056
123000081,232,1329,-1097
123000082,531,2453,-1922
123000083,1113,295,818
123000084,513,1197,-684
123000085,221,219,2
123000086,379,821,-442
123000087,262,946,-684
123000088,1385,2065,-680
123000089,563,1975,-1412
123000090,1356,1970,-614
123000091,2298,2130,168
123000092,1353,1755,-402
123000094,528,443,85
123000095,563,1007,-444
123000096,549,796,-247
123000097,472,1631,-1159
123000098,629,870,-241
123000099,645,1096,-451
123000100,702,868,-166
123000101,947,666,281
123000102,783,869,-86
123000104,418,473,-55
123000105,716,800,-84
123000106,543,473,70
123000107,462,858,-396
123000108,946,2613,-1667
123000111,620,407,213
123000112,950,1149,-199
123000113,677,3505,-2828
123000114,528,638,-110
123000115,222,386,-164
123000116,28,200,-172
123000117,1802,3834,-2032
123000118,482,1706,-1224
123000119,276,1964,-1688
123000120,518,1717,-1199
123000121,520,1027,-507
123000122,497,365,132
123000123,521,939,-418
123000124,573,786,-213
123000125,1516,1248,268
123000126,1859,3712,-1853
123000127,1322,1194,128
123000128,317,725,-408
123000129,596,384,212
123000130,501,126,375
123000131,951,852,99
123000132,474,963,-489
123000133,379,616,-237
123000134,509,256,253
123000135,1837,2663,-826
123000136,277,2418,-2141
123000137,167,777,-610
123000138,108,782,-674
123000139,524,223,301
123000140,202,1308,-1106
123000141,1078,264,814
123000142,1138,1442,-304
123000143,1550,3549,-1999
123000144,29,28,1
123000145,402,383,19
123000146,87,184,-97
123000147,147,298,-151
123000149,376,484,-108
123000150,189,290,-101
123000151,274,535,-261
123000152,81,643,-562
123000153,176,795,-619
123000154,2718,1986,732
123000155,4006,1071,2935
123000156,32,113,-81
123000157,697,1126,-429
123000158,983,916,67
123000159,5747,2969,2778
123000160,917,648,269
123000161,1658,1355,303
123000162,812,1945,-1133
123000163,490,135,355
123000164,1472,366,1106
123000165,494,3460,-2966
123000166,33,224,-191
123000167,135,454,-319
123000168,221,577,-356
123000169,782,157,625
123000170,76,728,-652
123000171,420,211,209
123000172,224,1226,-1002
123000173,590,292,298
123000174,1179,471,708
123000175,1572,2181,-609
123000176,1159,234,925
123000177,584,1803,-1219
123000178,752,174,578
123000179,62,1454,-1392
123000180,1569,404,1165
123000181,475,2603,-2128
123000182,211,1046,-835
123000183,143,441,-298
123000184,131,1477,-1346
123000185,652,652,0
123000186,10,1086,-1076
123000187,431,6,425
123000188,125,0,125
123000189,208,285,-77
123000190,62,103,-41
123000192,26,540,-514
123000193,65,1103,-1038
123000194,669,389,280
123000195,279,16,263
123000196,279,8,271
123000197,59,114,-55
123000198,13,361,-348
123000199,11,829,-818
123000200,368,7,361
123000201,905,25,880
123000202,36,2061,-2025
123000203,1031,95,936
123000204,121,1796,-1675
123000205,724,3489,-2765
123000206,1906,255,1651
123000207,176,1611,-1435
123000208,419,160,259
123000209,1918,547,1371
123000210,601,2753,-2152
123000211,891,5059,-4168
123000212,2548,573,1975
123000213,610,76,534
123000215,195,178,17
123000216,312,1052,-740
123000217,231,68,163
123000218,159,591,-432
123000219,1940,86,1854
123000220,575,141,434
123000221,214,419,-205
123000222,444,1347,-903
123000223,227,1092,-865
123000224,435,1038,-603
123000225,316,198,118
123000226,81,783,-702
123000227,123,617,-494
123000228,280,89,191
123000229,1771,3474,-1703
123000232,129,936,-807
123000233,791,312,479
123000234,254,1101,-847
123000235,578,582,-4
123000236,296,1569,-1273
123000237,302,102,200
123000238,115,1177,-1062
123000239,664,3557,-2893
123000240,55,489,-434
123000241,1687,216,1471
123000242,194,450,-256
123000243,796,1491,-695
123000244,1149,721,428
123000245,100,279,-179
123000249,596,1149,-553
123000252,882,306,576
123000253,856,562,294
123000254,664,1851,-1187
123000255,1130,1092,38
123000256,32,367,-335
123000257,6484,4090,2394
123000258,1271,2048,-777
123000259,281,723,-442
123000260,440,1297,-857
123000261,187,512,-325
123000262,149,439,-290
123000263,380,162,218
123000264,196,63,133
123000265,114,283,-169
123000266,641,1170,-529
123000267,529,537,-8
123000268,46,96,-50
123000269,57,50,7
123000270,51,58,-7
123000271,85,142,-57
123000272,964,328,636
123000273,230,613,-383
123000274,1151,638,513
123000275,304,1624,-1320
123000278,5360,3591,1769
123000279,74,139,-65
123000280,340,509,-169
123000281,290,161,129
123000282,148,396,-248
123000283,96,99,-3
123000284,60,225,-165
123000286,401,358,43
123000287,704,434,270
123000288,1126,823,303
123000289,695,1052,-357
123000291,516,1282,-766
123000294,171,294,-123
123000295,913,1063,-150
123000296,399,365,34
123000297,285,1017,-732
123000298,307,738,-431
123000299,45,358,-313
123000300,915,1086,-171
123000301,143,352,-209
123000302,117,422,-305
123000303,148,143,5
123000305,1443,1400,43
123000306,99,421,-322
123000309,43,80,-37
123000310,75,44,31
123000311,1,208,-207
123000312,1048,1591,-543
123000313,297,451,-154
123000315,87,714,-627
123000316,2690,76,2614
123000317,234,55,179
123000318,48,555,-507
123000329,8,26,-18
123000337,322,401,-79
123000338,803,64,739
123000339,148,499,-351
123000340,211,792,-581
123000342,6,7,-1
123000343,112,0,112
123000344,1947,862,1085
123000345,466,1289,-823
123000346,244,82,162
123000352,3825,1082,2743
123000353,24,143,-119
123000354,325,19,306
123000355,3,909,-906
123000356,220,14,206
123000357,0,566,-566
123000359,7,473,-466
123000360,345,52,293
123000361,1198,388,810
123000362,375,333,42
123000363,97,430,-333
123000364,650,364,286
123000365,25,396,-371
123000366,500,2323,-1823
123000367,303,1865,-1562
123000370,40,634,-594
123000371,457,39,418
123000372,322,22,300
123000373,11,711,-700
123000374,19,325,-306
123000375,343,35,308
123000376,829,780,49
123000377,351,45,306
123000378,35,847,-812
123000379,6,399,-393
123000380,75,385,-310
123000381,221,49,172
123000382,2104,112,1992
123000383,512,1050,-538
123000384,558,124,434
123000385,318,979,-661
123000436,106,1308,-1202
123000507,133,640,-507
123000508,162,622,-460
123000517,359,42,317
123000518,40,482,-442
123000519,155,94,61
123000520,90,483,-393
123000521,365,164,201
123000522,225,1106,-881
123000541,4,1,3
123000542,0,49,-49
123000565,396,63,333
123000566,123,1362,-1239
123000567,194,437,-243
123000573,49,1601,-1552
123000574,503,116,387
123000575,1063,2235,-1172
123000576,811,4367,-3556
123000577,114,1057,-943
123000578,960,90,870
123000579,7008,5265,1743
123000580,84,15,69
123000582,371,44,327
123000583,22,1032,-1010
123000584,96,353,-257
123000585,1,245,-244
123000586,91,4,87
123000596,88,231,-143
123000597,67,126,-59
123000602,36,1,35
123000603,477,1032,-555
123000604,457,1982,-1525
123000605,954,158,796
123000606,4,258,-254
123000609,21,323,-302
123000610,194,130,64
123000613,29,244,-215
123000614,203,147,56
123000615,42,250,-208
123000616,415,121,294
123000617,134,1065,-931
123000618,98,1503,-1405
123000619,926,48,878
123000620,18,1099,-1081
123000622,338,34,304
123000624,88,121,-33
123000630,610,542,68
123000631,327,3294,-2967
123000632,1592,2256,-664
123000633,2,341,-339
123000634,135,61,74
123000635,348,117,231
123000636,34,1068,-1034
123000637,118,423,-305
123000638,435,175,260
123000639,1632,3109,-1477
123000640,43,1794,-1751
123900001,1997,64,1933
123900002,22,1345,-1323
123900003,526,1299,-773
123900005,264,179,85
123900006,212,40,172
124000001,2047,167,1880
124000002,165,3577,-3412
124000003,767,226,541
124000004,86,1561,-1475
124000005,915,317,598
124000006,388,2470,-2082
124000007,1373,194,1179
124000008,46,820,-774
124000009,359,751,-392
124000010,129,658,-529
124000011,1207,763,444
124000012,404,1281,-877
124000017,148,168,-20
124000018,147,106,41
124000019,84,189,-105
124000020,119,275,-156
124000021,179,98,81
124000022,99,340,-241
124000023,1454,1553,-99
124000024,1345,947,398
124000025,1217,1908,-691
124000026,1795,1503,292
124000027,6688,5793,895
124000028,4362,6202,-1840
124000030,4772,1688,3084
124000031,1010,1721,-711
124000032,10778,1640,9138
124000033,170,330,-160
124000034,6122,904,5218
124000035,29,191,-162
124000036,99,198,-99
124000037,455,952,-497
124000038,116,56,60
124000039,1497,434,1063
124000040,946,1086,-140
124000041,413,74,339
124000042,113,684,-571
124000043,56,101,-45
124000044,40,481,-441
124000045,566,891,-325
124000046,272,1131,-859
124000047,1345,1499,-154
124000048,1023,3458,-2435
124000049,1357,970,387
124000050,739,4553,-3814
124000051,683,697,-14
124000052,800,2734,-1934
124000053,545,1325,-780
124000054,1152,1231,-79
124000055,1482,2073,-591
124000056,7315,2197,5118
124000057,838,657,181
124000058,464,2323,-1859
124000059,588,1023,-435
124000060,1578,1491,87
124000061,1703,4288,-2585
124000062,8720,2573,6147
124000063,1590,2232,-642
124000064,3538,2660,878
124000065,143,244,-101
124000066,402,101,301
124000067,97,569,-472
124000068,9,27,-18
124000069,150,29,121
124000070,42,199,-157
124000071,215,175,40
124000072,270,851,-581
124000073,1026,161,865
124000074,208,1445,-1237
124000075,255,47,208
124000076,1,412,-411
124000077,2784,1022,1762
124000078,2860,1024,1836
124000079,717,1754,-1037
124000080,430,192,238
124000081,238,1164,-926
124000082,14,136,-122
124000083,45,277,-232
124000084,34,174,-140
124000085,75,56,19
124000086,81,142,-61
124000087,153,88,65
124000088,261,823,-562
124000089,1005,989,16
124000090,86,542,-456
124000091,621,128,493
124000092,94,836,-742
124000093,86,147,-61
124000094,167,815,-648
124000095,87,85,2
124000096,143,609,-466
124000097,102,170,-68
124000098,69,198,-129
124000099,69,102,-33
124000100,32,159,-127
124000101,47,139,-92
124000102,114,141,-27
124000103,80,99,-19
124000104,98,116,-18
124000105,68,112,-44
124000106,130,188,-58
124000107,9,172,-163
124000108,83,92,-9
124000109,136,120,16
124000110,257,157,100
124000111,236,203,33
124000112,712,1201,-489
124000113,94,93,1
124000114,305,932,-627
124000115,409,1264,-855
124000116,105,106,-1
124000117,81,131,-50
124000118,74,90,-16
124000119,1399,1132,267
124000120,895,933,-38
124000121,2563,712,1851
124000122,909,1602,-693
124000123,1248,517,731
124000124,629,1236,-607
124000125,410,479,-69
124000126,418,854,-436
124000127,891,507,384
124000128,744,1530,-786
124000129,2351,1901,450
124000130,965,944,21
124000131,959,663,296
124000132,885,993,-108
124000133,1004,1116,-112
124000134,1044,1057,-13
124000135,2232,2374,-142
124000136,1479,1620,-141
124000137,1639,969,670
124000138,1930,2076,-146
124000139,700,62,638
124000140,62,618,-556
124000141,160,9,151
124000142,13,192,-179
124000143,69,24,45
124000144,2,115,-113
124000145,139,61,78
124000146,53,164,-111
124000148,41,70,-29
124000149,1222,431,791
124000150,498,949,-451
124000151,498,275,223
124000152,771,1747,-976
124000153,464,684,-220
124000154,303,1419,-1116
124000155,1069,720,349
124000156,1911,1187,724
124000169,221,485,-264
124000170,1241,638,603
124000171,237,384,-147
124000172,409,988,-579
124000173,409,471,-62
124000174,342,1450,-1108
124000175,14,189,-175
124000176,37,20,17
124000177,6,32,-26
124000178,30,71,-41
124000190,95,38,57
124000191,409,73,336
124000192,2717,440,2277
124000193,881,1697,-816
124000194,475,714,-239
124000195,331,613,-282
124000196,1090,1539,-449
124000197,52,112,-60
124000198,25,61,-36
124000201,532,1936,-1404
124000202,652,323,329
124000203,211,2049,-1838
124000204,509,1271,-762
124000205,69,1364,-1295
124000206,473,830,-357
124000207,0,114,-114
124000209,406,1484,-1078
124000210,335,333,2
124000211,388,3,385
124000212,3,1221,-1218
124000213,212,779,-567
124000214,263,1801,-1538
124000215,187,30,157
124000216,5,1007,-1002
124000329,162,4670,-4508
124000338,96,2571,-2475
124000339,624,205,419
124000341,859,138,721
124000344,29,3,26
124000357,1030,2449,-1419
124000358,804,1510,-706
124000359,1404,863,541
124000360,696,607,89
124000361,2079,763,1316
124000362,2443,3151,-708
124000363,409,760,-351
124000364,747,1840,-1093
124000365,700,1649,-949
124000366,2618,1197,1421
124000367,245,1314,-1069
124000368,322,264,58
124000369,150,147,3
124000370,112,994,-882
124000402,35,11,24
124000403,85,11,74
124000404,14,176,-162
124000405,1309,928,381
124000406,1273,1228,45
124000407,11,80,-69
124000411,4,700,-696
124000412,249,21,228
124000413,419,53,366
124000414,36,176,-140
124000415,63,431,-368
124000416,191,561,-370
124000417,136,132,4
124000418,130,145,-15
124000419,70,375,-305
124000420,29,49,-20
124000421,44,472,-428
124000422,41,21,20
124000423,150,72,78
124000424,7,198,-191
124000425,33,24,9
124000426,4,92,-88
124000427,25,16,9
124000428,48,52,-4
124000429,46,114,-68
124000430,792,1699,-907
124000431,282,1720,-1438
124000432,181,1501,-1320
124000439,7,17,-10
124000442,6,348,-342
124000443,0,4,-4
124000445,117,221,-104
124000446,1985,88,1897
124900001,369,297,72
124900002,237,864,-627
124900003,854,575,279
124900004,479,415,64
124900005,365,492,-127
124900006,486,490,-4
124900008,1516,623,893
124900009,114,445,-331
124900010,153,93,60
124900011,594,299,295
124900012,652,221,431
124900013,443,221,222
124900014,248,230,18
124900015,187,417,-230
124900016,79,163,-84
124900017,1688,779,909
124900018,23,6,17
124900019,433,51,382
124900020,150,108,42
124900021,255,67,188
124900022,24,9,15
124900024,243,46,197
124900026,88,15,73
124900027,94,338,-244
124900028,1669,295,1374
124900029,16,427,-411
124900030,9,411,-402
124900031,95,845,-750
124900032,355,257,98
124900033,139,782,-643
124900034,10,167,-157
124900035,293,958,-665
124900036,1,72,-71
124900037,201,803,-602
124900038,428,575,-147
124900039,5,23,-18
124900040,148,153,-5
124900041,271,1964,-1693
124900042,52,1,51
124900043,400,1868,-1468
124900044,78,1,77
124900045,961,1119,-158
124900046,4476,384,4092
124900047,132,500,-368
124900048,172,311,-139
124900050,173,593,-420
124900052,180,1295,-1115
124900053,91,574,-483
124900054,6975,544,6431
124900055,4,212,-208
124900057,30,181,-151
124900060,124,473,-349
124900061,27,10,17
124900062,138,34,104
124900066,0,19,-19
124900067,14,447,-433
124900068,415,817,-402
124900069,157,188,-31
124900070,77,32,45
124900072,78,39,39
124900074,367,854,-487
124900075,147,261,-114
124900076,42,673,-631
124900077,40,134,-94
124900078,87,13,74
124900079,1719,151,1568
124900080,340,1259,-919
124900081,711,284,427
124900082,412,1560,-1148
124900083,162,916,-754
124900084,3815,130,3685
124900085,1425,345,1080
124900086,135,1016,-881
124900087,727,106,621
124900088,766,152,614
124900089,2624,60,2564
124900090,359,392,-33
124900091,430,1152,-722
124900092,396,778,-382
124900093,341,334,7
124900094,376,410,-34
124900095,108,568,-460
124900096,746,392,354
124900097,309,118,191
124900098,144,733,-589
124900099,1649,717,932
124900100,289,70,219
124900101,38,273,-235
124900102,164,47,117
124900103,165,515,-350
124900104,62,268,-206
124900105,101,294,-193
124900106,586,67,519
124900107,85,55,30
124900108,306,60,246
124900109,51,131,-80
124900110,232,523,-291
124900111,2,87,-85
124900112,100,2233,-2133
124900113,1,12,-11
124900114,6,1,5
124900115,5,3,2
124900116,6,10,-4
124900117,13,3,10
124900118,4,4,0
124900119,23,3,20
124900120,1,27,-26
124900121,4,6,-2
124900122,10,6,4
124900123,6,0,6
124900124,5,3,2
129000186,247,51,196
204000001,64,0,64
204000002,28,3,25
204000003,37,0,37
204000004,4,4,0
204000005,580,617,-37
204000006,1245,2135,-890
204000008,1278,849,429
204000011,10,90,-80
204000012,40,86,-46
204000013,0,34,-34
204000019,590,790,-200
204000020,648,1228,-580
204000021,2950,1220,1730
204000022,502,648,-146
204000023,574,1340,-766
204000031,38,15,23
204000032,562,36,526
204000034,31,460,-429
204000035,0,5,-5
204000036,14,39,-25
204000037,6,16,-10
204000038,0,26,-26
204000039,7,41,-34
204000040,4,36,-32
204000041,12,114,-102
204000042,107,43,64
204000043,30,3,27
204000044,31,1,30
204000045,83,4,79
204000046,18,2,16
204000057,6,38,-32
204000062,8,35,-27
204000068,23,202,-179
204000069,5,210,-205
204000070,55,102,-47
204000080,33,55,-22
204000085,1737,3128,-1391
204000086,3281,3070,211
204000087,26,24,2
204000088,5,152,-147
204000090,13,510,-497
204000093,203,76,127
204000096,791,1138,-347
204000097,363,39,324
204000099,1013,1676,-663
204000100,1186,1805,-619
204000105,2428,2984,-556
204000110,1264,1666,-402
204000111,425,1074,-649
204000112,1015,1325,-310
204000113,520,1397,-877
204000114,621,861,-240
204000115,509,535,-26
204000116,1899,879,1020
204000119,2035,2809,-774
204000132,459,249,210
204000133,561,267,294
204000134,281,148,133
204000135,429,135,294
204000136,202,276,-74
204000138,234,328,-94
204000140,167,95,72
204000141,96,77,19
204000144,5,39,-34
204000145,470,68,402
204000146,32,512,-480
204000147,26,119,-93
204000148,325,68,257
204000154,4,6,-2
204000155,4,14,-10
204000177,49,54,-5
204000179,23,13,10
204000180,0,14,-14
204000222,10,21,-11
204000235,10,40,-30
204000236,109,458,-349
204000238,19,46,-27
204000240,297,153,144
204000263,90,475,-385
204000308,354,19,335
204000317,15,76,-61
204000322,3,67,-64
204000323,27,19,8
204000328,258,80,178
204000329,38,256,-218
204000330,206,57,149
204000331,14,189,-175
204010341,16,548,-532
205000001,1175,2078,-903
205000013,11,98,-87
205000014,15,131,-116
205000015,47,248,-201
205000016,19,208,-189
205000017,20,82,-62
205000022,298,888,-590
205000025,2081,1197,884
205000029,184,4,180
205000045,85,276,-191
205000047,73,536,-463
205000048,222,1119,-897
205000049,152,914,-762
205000050,1076,332,744
205000059,0,333,-333
205000060,0,114,-114
205000061,1,75,-74
205000062,6,30,-24
205000063,20,182,-162
205000064,9,230,-221
205000065,72,915,-843
205000066,128,1204,-1076
205000067,51,1463,-1412
205000069,178,34,144
205000082,157,496,-339
205000110,44,188,-144
205000111,164,326,-162
205000112,212,283,-71
205000113,264,344,-80
205000121,236,125,111
205000123,79,291,-212
205000126,522,253,269
205000127,723,362,361
205000128,715,200,515
205000129,904,233,671
205000130,926,60,866
205000131,806,8,798
205000132,666,1,665
205000133,428,5,423
205000134,235,3,232
205000137,80,157,-77
205000138,254,386,-132
205000139,29,144,-115
205000144,73,111,-38
205000145,385,351,34
205000151,283,81,202
205000152,218,63,155
205000153,153,119,34
205000154,106,112,-6
205000155,114,30,84
205000207,14,258,-244
205000233,17,0,17
205000234,0,1,-1
205000243,0,1,-1
205000244,0,6,-6
205000245,14,485,-471
205000249,2,69,-67
205000250,4,2,2
205000251,67,524,-457
205000264,11,114,-103
206000027,14,1,13
206000028,1,1,0
206000043,6,179,-173
206000053,3,27,-24
206000054,2,48,-46
206000055,0,67,-67
206000075,5,10,-5
206000076,13,13,0
206000077,13,4,9
206000078,7,0,7
206000079,28,18,10
206000082,568,30,538
206000100,134,1213,-1079
206000103,1,29,-28
206000104,9,56,-47
206000105,2,29,-27
206000106,8,61,-53
206000108,710,55,655
206000125,46,0,46
206000157,75,1281,-1206
206000170,3,412,-409
206000171,4,382,-378
206000172,13,1473,-1460
206000173,3,473,-470
206000174,15,181,-166
206000175,3,307,-304
206000176,18,532,-514
206000177,0,360,-360
206000178,5,317,-312
206000179,11,219,-208
206000180,21,355,-334
206000181,14,605,-591
206000182,11,588,-577
206000183,19,1916,-1897
206000184,6,741,-735
206000185,9,608,-599
206000186,137,2902,-2765
206000223,7,438,-431
206000226,14,4,10
206000227,13,0,13
206000237,56,891,-835
206000238,61,1190,-1129
206000239,1019,4865,-3846
206000240,1,80,-79
206000241,0,215,-215
206000242,8,645,-637
206000243,9,632,-623
206000244,83,1694,-1611
206000245,432,52,380
206000246,58,10,48
206000247,86,4,82
206000248,284,10,274
206000252,130,19,111
206000258,21,82,-61
206000315,45,8,37
206000317,312,112,200
206000318,198,49,149
206000319,529,82,447
206000320,63,34,29
206000321,59,12,47
206000322,205,15,190
206000323,77,11,66
206000324,55,8,47
206000325,176,13,163
206000326,149,5,144
206000327,229,8,221
206000328,64,3,61
206000329,110,9,101
206000330,31,3,28
206000331,59,6,53
206000332,24,9,15
206000333,272,3,269
206000334,146,0,146
206000335,0,28,-28
206000361,3,421,-418
206000392,3,67,-64
206000405,91,1,90
206000441,12,37,-25
206000498,27,2,25
206000515,124,20,104
206000530,123,43,80
206000531,150,119,31
206000532,3837,157,3680
206000535,638,3987,-3349
206000536,57,458,-401
206000537,20,467,-447
206000613,1651,225,1426
207000001,159,657,-498
207000002,125,421,-296
207000003,162,285,-123
207000007,560,404,156
207000008,58,20,38
207000009,30,31,-1
207000010,514,938,-424
207000012,240,349,-109
207000015,438,2818,-2380
207000019,217,122,95
207000021,655,230,425
207000022,124,106,18
207000023,168,60,108
207000024,3,37,-34
207000025,28,69,-41
207000026,139,42,97
207000027,15,91,-76
207000028,99,306,-207
207000029,353,654,-301
207000033,281,357,-76
207000034,294,72,222
207000039,386,145,241
207000040,228,109,119
207000041,96,63,33
207000042,254,85,169
207000043,203,184,19
207000051,156,592,-436
207000052,12,287,-275
207000053,539,933,-394
207000054,51,208,-157
207000055,155,276,-121
207000056,301,588,-287
207000057,141,481,-340
207000058,139,681,-542
207000059,96,1214,-1118
207000060,67,369,-302
207000061,123,255,-132
207000062,204,33,171
207000063,196,141,55
207000064,466,303,163
207000065,368,281,87
207000066,122,175,-53
207000067,53,159,-106
207000068,125,94,31
207000069,783,453,330
207000082,35,570,-535
207000083,110,719,-609
207000084,206,271,-65
207000085,122,20,102
207000086,123,2,121
207000106,23,43,-20
207000107,59,20,39
207000108,40,16,24
207000109,23,17,6
207000110,37,51,-14
207000111,58,45,13
207000112,249,396,-147
207000114,20,63,-43
207000115,10,122,-112
207000116,14,513,-499
207000117,17,195,-178
207000118,4,184,-180
207000119,41,190,-149
207000123,182,46,136
207000124,79,35,44
207000125,52,46,6
207000126,48,66,-18
207000134,27,322,-295
207000135,22,449,-427
207000148,52,238,-186
207000149,59,41,18
207000152,180,504,-324
207000153,1399,1629,-230
207000154,466,210,256
207000159,87,469,-382
207000160,131,858,-727
207000238,0,113,-113
207000242,2,289,-287
207000248,32,57,-25
207000249,172,82,90
207000250,1341,83,1258
207000251,92,74,18
207000252,42,111,-69
207000278,61,110,-49
207000279,14,379,-365
207000280,243,83,160
207000281,95,2054,-1959
207000282,206,56,150
207000283,126,385,-259
207000284,83,68,15
207000285,167,37,130
207000291,15,181,-166
207000304,123,66,57
207000306,71,742,-671
207000310,62,67,-5
207000353,287,5,282
207000356,14,50,-36
207000357,25,4,21
207000358,18,14,4
207000415,7,283,-276
207000417,43,1,42
207000437,0,4,-4
207000439,1211,590,621
207000446,115,7,108
207000460,10,5,5
207000466,251,284,-33
207000467,37,108,-71
207000468,12,510,-498
207000476,8,135,-127
207000477,574,221,353
207000523,0,6,-6
207000524,25,1,24
207000527,95,225,-130
207000530,264,16,248
207000531,280,14,266
207000532,112,23,89
207000534,592,48,544
207000535,29,375,-346
207000537,25,223,-198
207000540,12,258,-246
207000541,0,414,-414
207000548,11,433,-422
207000549,248,12,236
207000561,133,246,-113
207000562,52,316,-264
207000567,219,421,-202
207000568,93,244,-151
207000569,384,2228,-1844
207000584,467,337,130
207000585,61,325,-264
207000616,0,294,-294
207000617,104,0,104
207900008,145,354,-209
208000001,481,985,-504
208000002,456,663,-207
208000003,907,777,130
208000004,1321,969,352
208000005,16,33,-17
208000019,558,1379,-821
208000020,143,729,-586
208000021,192,1026,-834
208000022,896,1128,-232
208000028,1995,1191,804
208000033,439,1146,-707
208000034,1802,2969,-1167
208000040,121,222,-101
208000041,925,627,298
208000042,831,768,63
208000047,137,792,-655
208000064,3436,1957,1479
208000066,1867,1815,52
208000070,241,495,-254
208000071,377,1200,-823
208000072,308,1809,-1501
208000080,206,477,-271
208000081,256,253,3
208000082,265,446,-181
208000083,192,544,-352
208000084,48,29,19
208000085,1115,759,356
208000086,520,1075,-555
208000087,320,1068,-748
208000089,983,1132,-149
208000090,719,1614,-895
208000093,126,203,-77
208000094,462,894,-432
208000095,722,596,126
208000104,1141,1414,-273
208000105,763,1512,-749
208000114,85,250,-165
208000115,547,500,47
208000116,400,1210,-810
208000117,82,199,-117
208000118,78,127,-49
208000155,691,1353,-662
208000158,1900,4673,-2773
208000186,4089,3776,313
208000204,614,1669,-1055
208000205,1268,2265,-997
208000282,5508,3171,2337
209000004,271,354,-83
209000005,42,47,-5
209000006,556,96,460
209000007,489,283,206
209000010,761,170,591
209000011,228,290,-62
209000012,292,347,-55
209000013,212,862,-650
209000014,862,2715,-1853
209000025,226,40,186
209000026,609,109,500
209000027,434,1778,-1344
209000028,356,1610,-1254
209000029,839,1603,-764
209000030,627,2898,-2271
209000031,6494,4090,2404
209000034,140,162,-22
209000035,97,128,-31
209000036,129,110,19
209000037,148,223,-75
209000038,71,177,-106
209000039,27,182,-155
209000040,383,690,-307
209000041,184,495,-311
209000042,292,492,-200
209000043,1202,856,346
209000044,268,905,-637
209000045,1210,593,617
209000046,395,573,-178
209000047,285,299,-14
209000048,457,303,154
209000049,86,187,-101
209000050,192,262,-70
209000051,252,522,-270
209000052,131,492,-361
209000062,48,299,-251
209000063,45,254,-209
209000064,37,238,-201
209000065,42,63,-21
209000066,25,58,-33
209000067,60,150,-90
209000080,94,339,-245
209000082,52,80,-28
209000091,47,256,-209
209000093,89,50,39
209000094,243,339,-96
209000110,33,109,-76
209000111,421,1484,-1063
209000112,773,764,9
209000113,1854,609,1245
209000114,341,488,-147
209000115,60,223,-163
209000116,924,974,-50
209000118,86,80,6
209000119,81,8,73
209000121,148,1010,-862
209000135,77,132,-55
209000142,822,1558,-736
209000143,136,143,-7
209000144,113,127,-14
209000229,179,257,-78
209000240,53,785,-732
209000259,85,154,-69
209000260,81,1848,-1767
209000261,11,1178,-1167
209000262,5,1040,-1035
209000263,0,220,-220
209000264,0,144,-144
209000265,303,0,303
209000266,59,1,58
209000267,1031,16,1015
209000268,652,51,601
210000037,45,41,4
210000047,91,51,40
210000048,106,84,22
210000049,34,61,-27
210000052,55,183,-128
210000053,25,137,-112
210000054,80,109,-29
210000070,170,7,163
210000071,128,0,128
210000072,24,1,23
210000073,0,57,-57
210000074,0,187,-187
210000075,1,86,-85
210000076,25,186,-161
210000077,24,45,-21
210000078,45,31,14
210000079,75,23,52
210000080,237,87,150
210000081,212,17,195
210000082,59,1,58
210000083,70,2,68
210000084,44,0,44
210000085,0,112,-112
210000086,4,162,-158
210000099,39,350,-311
210000100,69,381,-312
210000101,128,403,-275
210000105,29,348,-319
210000159,0,149,-149
210000163,252,438,-186
210000164,267,134,133
210000168,195,32,163
210000187,0,49,-49
210000188,0,34,-34
210000214,34,0,34
210000219,26,103,-77
210000220,62,199,-137
210000232,4,31,-27
210000233,48,81,-33
210000234,35,195,-160
210000235,47,202,-155
210000245,1,129,-128
210000246,31,1,30
210000258,19,132,-113
210000259,426,59,367
210000282,97,324,-227
210000285,1,144,-143
210000286,14,186,-172
210000295,48,236,-188
210000296,59,95,-36
210000320,183,232,-49
210000321,122,181,-59
210000338,68,175,-107
210000339,697,1389,-692
210000340,129,508,-379
210000341,164,403,-239
210000342,164,276,-112
210000343,163,247,-84
210000344,335,167,168
210000345,271,243,28
210000346,114,178,-64
210000347,251,69,182
210000348,202,29,173
210000349,164,23,141
210000350,91,87,4
210000351,124,130,-6
210000352,81,164,-83
210000353,58,180,-122
210000354,85,198,-113
210000355,97,192,-95
210000356,144,127,17
210000357,78,71,7
210000358,751,182,569
210000359,188,82,106
210000360,172,183,-11
210000361,177,217,-40
210000362,245,222,23
210000363,1175,249,926
210000364,159,232,-73
210000365,165,89,76
210000366,133,84,49
210000367,89,60,29
210000368,191,60,131
210000369,27,24,3
210000370,69,93,-24
210000372,80,32,48
210000373,120,18,102
210000374,51,16,35
210000375,38,138,-100
210000376,99,246,-147
210000404,107,226,-119
210000439,26,109,-83
210000472,114,12,102
210000482,62,122,-60
210000564,774,330,444
210000568,880,7,873
211000092,10,153,-143
211000094,47,8,39
211000169,157,13,144
211000172,16,410,-394
211000209,0,58,-58
211000275,18,52,-34
211000276,79,75,4
211000279,14,137,-123
211000281,30,134,-104
211507980,2,34,-32
211977296,61,3,58
212000003,154,86,68
212000004,79,53,26
212000005,39,37,2
212000006,42,175,-133
212000008,138,334,-196
212000009,37,279,-242
212000012,63,119,-56
212000013,38,78,-40
212000014,262,258,4
212000015,226,443,-217
212000016,479,947,-468
212000027,596,934,-338
212000028,317,704,-387
212000029,229,504,-275
212000030,45,69,-24
212000031,35,115,-80
212000048,45,159,-114
212000049,13,105,-92
212000050,9,17,-8
212000051,197,362,-165
212000052,137,601,-464
212000053,372,1033,-661
212000054,145,260,-115
212000055,217,444,-227
212000056,7,63,-56
212000057,16,31,-15
212000058,675,56,619
212000070,135,543,-408
212000077,126,1088,-962
212000099,278,388,-110
212000108,291,251,40
212000111,154,133,21
212000120,272,193,79
212000138,114,46,68
212000156,5,207,-202
212000158,7,32,-25
212000159,254,71,183
212000160,491,331,160
212000161,37,11,26
212000310,44,21,23
212000311,11,125,-114
212000374,32,15,17
213000001,39,1388,-1349
213000005,523,161,362
213000006,1325,251,1074
213000007,137,7,130
213000009,821,340,481
213000010,188,256,-68
213000011,268,181,87
213000012,160,568,-408
213000014,53,15,38
213000015,242,12,230
213000016,344,7,337
213000017,52,0,52
213000018,3,284,-281
213000019,2,271,-269
213000020,161,632,-471
213000021,2,174,-172
213000023,346,297,49
213000033,238,1286,-1048
213000034,790,553,237
213000035,86,359,-273
213000045,154,350,-196
213000046,231,301,-70
213000047,702,1157,-455
213000056,67,61,6
213000069,138,3,135
213000073,3,31,-28
213000074,220,897,-677
213000075,538,7,531
213000085,4,59,-55
213000086,10,353,-343
213000091,77,19,58
213000092,45,19,26
213000099,176,1202,-1026
213000100,1390,298,1092
213000101,217,215,2
213000102,258,590,-332
213000103,887,1412,-525
213000104,49,935,-886
213000105,4,76,-72
213000106,25,273,-248
213000107,146,1214,-1068
213000108,18,905,-887
213000109,1,396,-395
213000110,16,131,-115
213000111,13,119,-106
213000112,198,206,-8
213000115,40,9,31
213000116,115,1575,-1460
213000117,10,2233,-2223
213000118,306,532,-226
213000119,92,1348,-1256
213000120,166,1278,-1112
213000122,389,1339,-950
213000123,973,2049,-1076
213000124,95,1964,-1869
213000125,144,14,130
213000126,128,147,-19
213000127,209,262,-53
213000128,1307,1061,246
213000129,819,570,249
213000130,336,254,82
213000132,287,110,177
213000133,340,171,169
213000134,768,15,753
213000136,369,29,340
213000137,591,120,471
213000139,360,20,340
213000147,77,0,77
213000148,16,9,7
213000149,57,8,49
213000150,2,148,-146
213000151,1,106,-105
213000152,0,117,-117
213000153,4,62,-58
213000154,15,243,-228
213000155,44,577,-533
213000156,122,1059,-937
213000157,1016,737,279
213000158,324,1205,-881
213000159,602,982,-380
213000163,505,116,389
213000165,742,323,419
213000171,1,210,-209
213000172,3,530,-527
213000173,0,466,-466
213000174,5,466,-461
213000175,20,358,-338
213000176,84,33,51
213000177,84,20,64
213000178,83,15,68
213000179,200,3,197
213000180,105,2,103
213000184,108,1023,-915
213000188,350,118,232
213000189,259,38,221
213000190,961,1391,-430
213000191,303,797,-494
213000192,220,916,-696
213000193,2454,387,2067
213000194,0,47,-47
213000195,25,620,-595
213000196,232,1366,-1134
213000197,305,849,-544
213000198,87,2,85
213000200,137,1826,-1689
213000201,66,80,-14
213000202,20,1322,-1302
213000203,4865,786,4079
213000204,555,89,466
213000205,357,143,214
213000206,1219,90,1129
213000207,165,9,156
213000208,85,1,84
213000209,173,2,171
213000210,432,4,428
213000211,13,11,2
213000212,8,28,-20
213000213,7,38,-31
213000218,266,1397,-1131
213000219,532,16,516
213000220,363,6,357
213000223,218,185,33
213000224,62,41,21
213000225,71,14,57
213000226,78,28,50
213000227,708,276,432
213000228,267,120,147
213000229,543,33,510
213000230,347,33,314
213000232,83,648,-565
213000233,19,33,-14
213000234,7,65,-58
213000293,29,61,-32
213000294,124,10,114
213000295,16,83,-67
213000296,82,64,18
213000297,8,170,-162
213000298,18,168,-150
213000299,79,67,12
213000300,8,5,3
213000303,7,37,-30
213000304,1,6,-5
213000305,3,8,-5
213000306,103,83,20
213000307,582,117,465
213000308,155,509,-354
213000309,188,77,111
213000310,293,133,160
213000311,275,1182,-907
213000315,59,293,-234
213000316,89,85,4
213000322,92,238,-146
213000323,56,146,-90
213000324,126,298,-172
213000325,57,378,-321
213000326,93,154,-61
213000327,64,392,-328
213000328,51,233,-182
213000329,105,196,-91
213000340,156,1323,-1167
213000341,327,107,220
213000347,1043,271,772
213000348,9,200,-191
213000349,45,16,29
213000350,279,2633,-2354
213000366,53,693,-640
213000367,169,54,115
213000379,55,189,-134
213000386,44,319,-275
213000406,123,547,-424
213000417,1344,654,690
213000425,100,75,25
213000426,82,127,-45
213000427,43,725,-682
213000428,39,539,-500
213000429,10,4,6
213000430,98,2552,-2454
213000431,24,3,21
213000432,1,23,-22
213000433,21,272,-251
213000434,50,191,-141
213000435,98,155,-57
213000436,17,166,-149
213000437,4,130,-126
213000438,160,294,-134
213000439,59,22,37
213000440,7,349,-342
213000441,1,1,0
213000442,8,134,-126
213000443,521,764,-243
213000444,27,180,-153
213000445,2,168,-166
213000446,2,15,-13
213000447,12,26,-14
213000448,18,150,-132
213000449,212,2,210
213000450,26,78,-52
213000451,276,123,153
213000452,13,34,-21
213000453,49,673,-624
213000455,295,3,292
213000456,0,165,-165
213000481,6,11,-5
213000484,55,8,47
213000489,869,69,800
213900002,0,105,-105
213900003,315,13,302
213900013,2,337,-335
213900015,0,9,-9
213900016,13,19,-6
213900020,9,242,-233
213900030,1,120,-119
213900032,282,134,148
213900033,126,46,80
213900034,368,194,174
213900035,199,1155,-956
213900036,145,416,-271
213900037,37,546,-509
213900038,304,419,-115
213900039,1,152,-151
213900041,4,139,-135
213900042,231,207,24
213900043,228,280,-52
213900244,14,2,12
213900245,1,45,-44
218000003,40,27,13
218000004,37,24,13
218000005,45,41,4
218000006,82,40,42
218000007,12,16,-4
218000012,498,253,245
218000013,68,132,-64
218000014,459,484,-25
218000019,965,770,195
218000020,326,658,-332
218000021,56,163,-107
218000022,13,79,-66
218000023,6,61,-55
218000024,0,33,-33
218000025,13,59,-46
218000026,11,82,-71
218000027,2,33,-31
218000028,1,14,-13
218000029,3,5,-2
218000030,33,65,-32
218000031,2,83,-81
218000032,2,57,-55
218000040,7,4,3
218000046,35,209,-174
218000047,13,321,-308
218000048,82,348,-266
218000049,179,343,-164
218000050,423,521,-98
218000051,96,518,-422
218000052,8,214,-206
218000053,2,16,-14
218000054,16,54,-38
218000055,6,15,-9
218000056,12,25,-13
218000057,2,70,-68
218000064,1,31,-30
218000065,51,102,-51
218000066,9,73,-64
218000067,47,159,-112
218000068,77,161,-84
218000069,177,342,-165
218000070,160,434,-274
218000071,196,375,-179
218000072,266,403,-137
218000078,728,1895,-1167
218000079,55,108,-53
218000080,117,117,0
218000081,304,407,-103
218000082,35,226,-191
218000083,35,93,-58
218000084,93,320,-227
218000085,116,759,-643
218000086,58,438,-380
218000087,240,422,-182
218000090,5,91,-86
218000091,833,608,225
218000092,51,202,-151
218000093,69,123,-54
218000094,363,1070,-707
218000099,250,762,-512
218000100,202,383,-181
218000101,215,185,30
218000102,277,490,-213
218000103,90,241,-151
218000104,52,74,-22
218000105,21,14,7
218000106,9,7,2
218000107,41,135,-94
218000108,23,102,-79
218000112,123,37,86
218000117,61,72,-11
218000134,880,1491,-611
218000135,44,213,-169
218000136,304,74,230
218000137,197,168,29
218000138,21,148,-127
218000139,172,424,-252
218000140,270,218,52
218000141,91,114,-23
218000142,113,191,-78
218000143,117,240,-123
218000144,62,93,-31
218000145,298,592,-294
218000146,72,281,-209
218000151,10,34,-24
218000152,83,79,4
218000153,3,7,-4
218000154,9,3,6
218000155,17,4,13
218000156,49,49,0
218000157,19,30,-11
218000158,4,17,-13
218000159,25,10,15
218000160,3,6,-3
218000161,21,14,7
218000162,21,16,5
218000163,6,2,4
218000164,23,10,13
218000165,56,83,-27
218000170,6,77,-71
218000171,64,11,53
218000172,15,9,6
218000173,58,21,37
218000174,52,14,38
218000176,137,59,78
218000177,340,224,116
218000178,108,260,-152
218000179,91,84,7
218000180,85,31,54
218000181,181,88,93
218000187,4,24,-20
218000188,25,74,-49
218000189,14,109,-95
218000190,12,57,-45
218000191,117,153,-36
218000192,167,814,-647
218000193,368,946,-578
218000194,89,904,-815
218000195,146,171,-25
218000196,283,492,-209
218000197,263,646,-383
218000198,14,273,-259
218000199,40,59,-19
218000200,95,86,9
218000201,21,11,10
218000202,309,239,70
218000207,21,139,-118
218000208,62,93,-31
218000211,63,7,56
218000212,3,20,-17
218000213,124,114,10
218000214,6,51,-45
218000215,56,133,-77
218000217,2,186,-184
218000218,496,113,383
218000219,93,31,62
218000220,252,496,-244
218000221,1610,208,1402
218000222,93,34,59
218000223,49,352,-303
218000224,8,110,-102
218000225,189,22,167
218000226,89,137,-48
218000230,0,5,-5
218000232,48,130,-82
218000239,80,10,70
218000240,7,0,7
218000241,9,1,8
218000242,38,1,37
218000243,10,2,8
218000244,21,2,19
218000245,17,3,14
218000246,0,0,0
218000247,0,0,0
218000248,0,36,-36
218000249,0,4,-4
218000250,8,68,-60
218000251,2,27,-25
218000252,5,27,-22
218000253,3,9,-6
218000254,0,18,-18
218000255,2,15,-13
218000256,3,47,-44
218000267,1041,1479,-438
218000268,9,88,-79
218000269,10,20,-10
218000270,27,51,-24
218000271,23,68,-45
218000273,3,19,-16
218000274,19,11,8
218000275,12,37,-25
218000276,2,81,-79
218000278,15,34,-19
218000279,18,39,-21
218000280,4,22,-18
218000281,15,11,4
218000282,577,259,318
218000284,128,20,108
218000301,116,141,-25
218000302,160,63,97
218000303,26,82,-56
218000316,649,1521,-872
218000317,698,1616,-918
218000318,381,1200,-819
218000319,800,2581,-1781
218000320,637,1182,-545
218000338,104,32,72
218000345,108,57,51
218000346,23,207,-184
218000459,89,469,-380
218000490,44,85,-41
218000501,62,72,-10
218000502,39,111,-72
218000503,58,24,34
218000504,143,14,129
218000505,92,222,-130
218000506,40,241,-201
218000508,0,4,-4
218000510,161,8,153
218000520,163,153,10
218000521,4,106,-102
218000522,0,218,-218
218000523,125,2,123
218000524,57,280,-223
218000525,98,20,78
218000526,23,167,-144
218000529,32,539,-507
218000530,12,9,3
218000531,12,38,-26
218000532,11,30,-19
218000534,71,13,58
218000537,18,50,-32
218000538,255,192,63
218000540,527,64,463
218000543,85,54,31
218000544,40,241,-201
218000545,25,59,-34
218000546,37,230,-193
218000547,95,141,-46
218000548,123,331,-208
218000549,380,241,139
218000550,236,781,-545
218000551,189,696,-507
218000552,657,85,572
218000553,21,81,-60
218000554,29,16,13
218000555,15,45,-30
218000556,66,655,-589
218000557,178,161,17
218000558,57,1,56
218000559,0,31,-31
218000560,0,10,-10
218000561,12,0,12
218000562,35,313,-278
218000563,193,32,161
218000564,15,166,-151
218000565,169,37,132
218000566,395,46,349
218000567,2,85,-83
218000568,14,4,10
218000569,5,123,-118
218000570,119,4,115
218000571,0,149,-149
218000572,116,0,116
218000573,15,89,-74
218000574,109,78,31
218000575,76,0,76
218000576,0,64,-64
218000577,118,1,117
218000578,0,63,-63
218000579,112,7,105
218000581,5,140,-135
218000582,49,11,38
218000583,19,1,18
218000584,0,33,-33
218000585,32,3,29
218000586,5,68,-63
218000587,0,7,-7
218000588,0,2,-2
218000589,1,2,-1
218000590,0,1,-1
218000591,6,5,1
218000592,19,3,16
218000593,0,2,-2
218000594,0,0,0
218000595,0,0,0
218000596,0,0,0
218000597,0,1,-1
218000598,0,2,-2
218000599,0,0,0
218000600,0,0,0
218000601,0,0,0
218000602,0,6,-6
218000603,0,4,-4
218000604,15,2,13
218000605,0,35,-35
218000606,82,0,82
218000607,16,82,-66
218000608,81,24,57
218000609,2,73,-71
218000610,124,3,121
218000611,24,2,22
218000612,3,39,-36
218000613,79,6,73
218000614,1,52,-51
218000615,113,1,112
218000616,10,233,-223
218000617,10,2,8
218000618,0,38,-38
218000619,41,32,9
218000620,9,41,-32
218000621,0,2,-2
218000622,0,7,-7
218000623,26,1,25
218000624,2,15,-13
218000625,42,3,39
218000626,0,10,-10
218000628,76,67,9
218000631,20,15,5
218000632,0,159,-159
218000633,29,0,29
218000634,6,27,-21
218000635,4,24,-20
218000636,1000,2546,-1546
218000637,695,793,-98
218000638,132,72,60
218000639,21,366,-345
218000640,189,78,111
218000641,45,618,-573
218000652,96,213,-117
218000653,176,118,58
218000663,1,218,-217
218000675,26,69,-43
218000676,2,49,-47
218000677,1,11,-10
218000680,129,835,-706
218000681,274,108,166
218000691,65,579,-514
218000693,140,115,25
218000703,7,81,-74
218000718,1030,870,160
218000719,1803,179,1624
218000720,3,73,-70
218000721,42,11,31
218000725,12,11,1
218001214,18,30,-12
218001329,55,110,-55
218001330,94,74,20
218001359,0,0,0
218001360,0,0,0
218001361,0,2,-2
218001362,0,1,-1
219000001,33,152,-119
219000002,54,142,-88
219000003,36,34,2
219000004,53,57,-4
219000017,302,20,282
219000020,85,65,20
219000022,150,10,140
219000023,145,2,143
219000029,1,98,-97
219000034,36,23,13
219000039,61,85,-24
219000040,43,35,8
219000041,98,39,59
219000051,2,116,-114
219000052,0,19,-19
219000053,4,225,-221
219000054,355,575,-220
219000055,60,3,57
219000056,33,0,33
219000057,83,1,82
219000062,12,407,-395
219000063,72,4,68
219000064,2,61,-59
219000110,320,54,266
219000111,75,58,17
219000112,156,57,99
219000113,104,54,50
219000114,237,100,137
219000116,73,55,18
219000117,183,156,27
219000118,152,106,46
219000123,533,126,407
219000124,138,105,33
219000125,8,17,-9
219000126,81,125,-44
219000127,0,2,-2
219000128,18,131,-113
219000129,31,226,-195
219000130,844,1063,-219
219000131,629,970,-341
219000133,66,49,17
219000134,11,25,-14
219000135,41,100,-59
219000136,163,217,-54
219000138,72,23,49
219000139,34,85,-51
219000140,47,0,47
219000141,18,159,-141
219000142,16,118,-102
219000143,15,137,-122
219000145,19,75,-56
219000146,2,101,-99
219000147,2,91,-89
219000148,4,66,-62
219000149,22,295,-273
219000150,6,228,-222
219000151,3,159,-156
219000157,153,177,-24
219000158,215,343,-128
219000161,197,7,190
219000163,1866,487,1379
219000166,87,234,-147
219000167,92,364,-272
219000168,236,93,143
219000174,336,167,169
219000175,57,0,57
219000176,48,9,39
219000177,21,4,17
219000178,24,7,17
219000179,24,20,4
219000180,29,37,-8
219000182,87,24,63
219000183,48,63,-15
219000184,60,7,53
219000185,1,114,-113
219000186,75,100,-25
219000187,19,210,-191
219000189,193,298,-105
219000190,194,383,-189
219000191,1517,1588,-71
219000192,220,120,100
219000193,672,249,423
219000195,0,93,-93
219000196,4,224,-220
219000198,34,247,-213
219000199,134,303,-169
219000200,37,266,-229
219000201,76,370,-294
219000203,31,203,-172
219000204,132,313,-181
219000205,64,258,-194
219000207,159,468,-309
219000209,15,118,-103
219000210,95,168,-73
219000213,25,596,-571
219000239,228,247,-19
219000240,213,541,-328
219000241,87,413,-326
219000242,47,271,-224
219000243,116,500,-384
219000244,27,158,-131
219000245,42,52,-10
219000246,40,34,6
219000247,84,34,50
219000248,498,333,165
219000249,95,66,29
219000250,88,79,9
219000251,501,266,235
219000252,193,162,31
219000253,202,39,163
219000255,62,113,-51
219000256,161,87,74
219000257,92,35,57
219000262,94,276,-182
219000263,50,299,-249
219000267,10,240,-230
219000268,2,13,-11
219000269,8,2,6
219000270,12,3,9
219000271,78,6,72
219000278,1,16,-15
219000279,2,5,-3
219000283,0,18,-18
219000295,15,142,-127
219000296,134,850,-716
219000297,9,260,-251
219000298,16,340,-324
219000299,442,125,317
219000300,19,401,-382
219000301,275,404,-129
219000302,34,224,-190
219000307,39,59,-20
219000308,44,49,-5
219000311,129,54,75
219000312,377,55,322
219000313,230,48,182
219000314,97,744,-647
219000315,197,81,116
219000316,414,81,333
219000317,74,58,16
219000320,2,55,-53
219000321,0,27,-27
219000323,4,176,-172
219000325,6,90,-84
219000326,72,162,-90
219000327,49,45,4
219000328,28,70,-42
219000329,335,172,163
219000330,37,24,13
219000331,65,51,14
219000332,46,111,-65
219000333,15,2,13
219000335,69,9,60
219000337,11,0,11
219000338,64,1,63
219000344,42,80,-38
219000345,71,182,-111
219000346,54,174,-120
219000348,126,296,-170
219000349,52,451,-399
219000350,65,164,-99
219000351,15,4,11
219000352,341,72,269
219000353,99,49,50
219000354,134,155,-21
219000355,121,42,79
219000356,1800,827,973
219000363,274,48,226
219000364,95,26,69
219000365,120,13,107
219000366,253,243,10
219000368,458,456,2
219000370,1414,292,1122
219000371,8,27,-19
219000382,4,23,-19
219000383,786,1185,-399
219000385,711,648,63
219000386,1300,1975,-675
219000387,4,5,-1
219000390,16,3,13
219000391,6,0,6
219000397,69,82,-13
219000398,71,49,22
219000401,25,115,-90
219000402,16,123,-107
219000403,144,224,-80
219000404,19,90,-71
219000407,0,54,-54
219000409,44,43,1
219000410,60,40,20
219000411,51,41,10
219000446,296,752,-456
219000447,0,41,-41
219000448,15,5,10
219000452,104,66,38
219000453,49,127,-78
219000454,356,233,123
219000556,129,113,16
219000558,125,383,-258
219000590,17,297,-280
219000591,38,98,-60
219000592,143,456,-313
219000595,2,52,-50
219000635,128,27,101
219000636,38,136,-98
219000657,23,34,-11
219000658,17,78,-61
219000673,0,1,-1
219000676,79,2,77
219000679,62,23,39
219000684,71,0,71
219000685,4,144,-140
219000686,3,3,0
219000688,0,106,-106
219000689,79,304,-225
219000690,190,30,160
219000691,72,140,-68
219000692,195,27,168
219000693,0,46,-46
219000694,34,2,32
219000695,20,6,14
219000698,158,40,118
219000699,0,13,-13
219000727,5,269,-264
219000728,65,0,65
219000770,15,1,14
219000771,0,42,-42
219001150,1,27,-26
219001151,1,5,-4
219001166,6,21,-15
219001167,0,71,-71
220000001,52,64,-12
220000002,19,243,-224
220000003,456,424,32
220000004,731,821,-90
220000005,1748,2389,-641
220000006,217,1313,-1096
220000007,388,885,-497
220000008,441,1534,-1093
220000009,289,828,-539
220000010,169,207,-38
220000011,1074,4394,-3320
220000012,203,588,-385
220000014,98,57,41
220000015,58,193,-135
220000017,102,644,-542
220000018,10198,2129,8069
220000019,77,343,-266
220000020,381,274,107
220000021,406,281,125
220000022,427,699,-272
220000023,235,215,20
220000024,1927,351,1576
220000025,985,987,-2
220000026,172,258,-86
220000027,24,153,-129
220000028,16,37,-21
220000029,75,315,-240
220000030,116,105,11
220000031,223,403,-180
220000064,51,1627,-1576
221000046,2,0,2
221000047,0,3,-3
221000048,0,2,-2
221000049,0,13,-13
221000050,11,0,11
221000055,63,63,0
221000057,41,14,27
221000068,317,167,150
221000069,345,91,254
221000070,201,37,164
221000071,84,11,73
221000072,249,22,227
221000073,193,47,146
221000074,2,26,-24
221000075,22,31,-9
221000076,3,45,-42
221000077,45,120,-75
221000081,60,21,39
221000082,51,16,35
221000083,52,6,46
221000084,1,6,-5
221000085,21,112,-91
221000086,20,221,-201
221000087,4,308,-304
221000088,23,310,-287
221000089,38,421,-383
221000090,142,819,-677
221000098,98,23,75
221000099,90,22,68
221000100,71,15,56
221000101,176,17,159
221000102,132,17,115
221000109,8,111,-103
221000110,7,146,-139
221000111,31,239,-208
221000112,6,250,-244
221000113,23,300,-277
221000114,14,268,-254
221000120,32,50,-18
221000121,2,30,-28
221000122,44,36,8
221000123,5,10,-5
221000124,26,588,-562
221000155,87,12,75
221000156,13,24,-11
221000175,1,2,-1
221000176,0,1,-1
221000182,24,13,11
221000241,542,289,253
221000242,334,649,-315
221000243,434,111,323
221000244,263,656,-393
221000245,61,131,-70
221000246,30,312,-282
221000247,64,143,-79
221000248,104,153,-49
221000267,44,1278,-1234
221000325,81,62,19
221000331,10,224,-214
221000338,29,20,9
221000378,89,31,58
221000381,54,69,-15
222000282,1,6,-5
222000296,0,60,-60
222000568,345,25,320
222000569,120,28,92
222000570,98,21,77
222000571,264,14,250
222000577,8,421,-413
222000578,38,388,-350
222000579,53,202,-149
222000580,208,1407,-1199
222000599,1,166,-165
222000600,3,396,-393
222000601,10,1263,-1253
222000603,10,29,-19
222000604,5,23,-18
222000605,10,10,0
222000606,2,10,-8
222000607,5,7,-2
222000608,19,11,8
222000609,45,487,-442
222000616,226,47,179
222000617,2,9,-7
222000618,7,2,5
222000620,43,6,37
222000621,41,5,36
222000623,428,7,421
222000624,284,2,282
222000625,371,58,313
222000636,60,2,58
222000686,19,10,9
222000687,14,30,-16
222001066,529,4,525
222001067,9,33,-24
222001068,23,133,-110
222001069,8,106,-98
222001082,10,88,-78
222001083,18,126,-108
222001084,0,17,-17
222001085,2,302,-300
222001111,38,338,-300
222001112,45,87,-42
222001313,18,3,15
222001314,3,153,-150
222001464,54,64,-10
222001465,22,249,-227
222001484,47,64,-17
222001485,30,85,-55
222001494,323,189,134
222001495,108,798,-690
222001496,202,85,117
222001497,69,1019,-950
222001502,27,169,-142
222001503,115,69,46
222001504,27,415,-388
222001505,319,37,282
222001506,47,335,-288
222001507,309,21,288
222001510,310,36,274
222001511,42,685,-643
222001514,522,200,322
222001515,311,1241,-930
222001518,153,92,61
222001519,50,656,-606
222001527,170,89,81
222001528,62,323,-261
222001529,203,59,144
222001530,84,422,-338
222001533,143,755,-612
222001534,252,58,194
222001535,137,188,-51
222001536,116,709,-593
222001537,180,52,128
222001538,88,908,-820
222001563,349,88,261
222001564,55,1377,-1322
222001568,277,140,137
222001576,0,1,-1
222001579,0,5,-5
222001583,14,511,-497
222001584,58,9,49
222001596,1118,2703,-1585
222001597,2171,320,1851
222001626,1,306,-305
222001650,52,90,-38
222001651,94,246,-152
222001914,160,105,55
222001915,52,348,-296
222900004,432,268,164
222900009,499,1757,-1258
222900019,175,482,-307
222900024,16,89,-73
222900025,1,23,-22
225000001,373,194,179
225000002,321,145,176
225000003,361,105,256
225000004,202,274,-72
225000005,31,65,-34
225000006,2,140,-138
225000007,4388,1564,2824
225000010,161,5,156
225000011,596,1055,-459
225000012,192,682,-490
225000013,171,231,-60
225000014,926,106,820
225000015,140,303,-163
225000021,632,247,385
225000027,345,697,-352
225000032,585,208,377
225000042,120,995,-875
225000049,57,62,-5
225000050,36,20,16
225000053,2,427,-425
225000058,696,171,525
225000067,151,308,-157
225000068,136,720,-584
225000069,161,725,-564
225000070,52,746,-694
225000071,21,459,-438
225000075,20,1543,-1523
225000076,83,250,-167
225000078,102,56,46
225000085,26,124,-98
225000086,264,56,208
225000087,157,17,140
225000088,27,201,-174
225000089,290,908,-618
225000090,24,472,-448
225000091,119,331,-212
225000092,27,77,-50
225000093,167,549,-382
225000094,20,645,-625
225000095,351,787,-436
225000096,308,779,-471
225000098,588,216,372
225000099,257,140,117
225000100,194,139,55
225000104,103,651,-548
225000110,20,627,-607
225000111,340,1727,-1387
225000112,742,1466,-724
225000113,128,869,-741
225000114,82,493,-411
225000115,3701,780,2921
225000116,1087,167,920
225000117,1054,392,662
225000118,872,453,419
225000119,228,94,134
225000120,513,88,425
225000121,217,29,188
225000123,1435,11,1424
225000125,376,436,-60
225000126,1173,218,955
225000127,987,746,241
225000128,395,608,-213
225000132,302,25,277
225000133,262,37,225
225000134,592,108,484
225000135,47,12,35
225000136,177,13,164
225000137,106,73,33
225000138,341,33,308
225000143,108,208,-100
225000144,1,373,-372
225000145,31,36,-5
225000146,43,136,-93
225000147,22,471,-449
225000148,16,356,-340
225000149,74,658,-584
225000151,22,441,-419
225000155,312,609,-297
225000156,269,1028,-759
225000157,200,538,-338
225000158,93,622,-529
225000171,13,246,-233
225000180,74,23,51
225000181,0,71,-71
225000182,121,9,112
225000185,3,477,-474
225000187,62,554,-492
225000191,66,0,66
225000194,0,3,-3
225000208,3,71,-68
225000209,55,14,41
225000210,1,352,-351
225000217,0,17,-17
225000218,8,2,6
225000223,0,187,-187
225000224,529,2,527
225000225,2,59,-57
225000226,131,3,128
225000227,40,104,-64
225000228,33,8,25
225000229,1,70,-69
225000230,33,0,33
225000231,0,94,-94
225000232,142,0,142
225000241,91,2,89
225000242,0,34,-34
225000249,129,185,-56
225000250,46,1175,-1129
225000251,329,41,288
225000254,6,76,-70
225000256,5,78,-73
225000257,1,79,-78
226000042,595,707,-112
226000043,76,406,-330
226000044,167,1016,-849
226000045,65,751,-686
226000046,429,61,368
226000047,326,82,244
226000048,297,51,246
226000049,256,118,138
226000070,0,82,-82
226000071,0,86,-86
226000072,0,12,-12
226000073,0,15,-15
226000074,0,14,-14
226000084,4,85,-81
226000085,2,7,-5
226000086,1,9,-8
226000087,0,21,-21
226000088,38,34,4
226000090,102,35,67
226000091,24,11,13
226000092,5,6,-1
226000093,25,1,24
226000094,31,0,31
226000095,38,3,35
226000105,19,1,18
226000106,7,0,7
226000107,4,1,3
226000108,16,0,16
226000109,61,0,61
226000124,131,66,65
226000134,329,503,-174
226000135,819,662,157
226000136,275,483,-208
226000137,22,826,-804
226000138,8,490,-482
226000139,2,26,-24
226000156,80,3,77
226000157,180,8,172
226000163,145,94,51
226000202,14,776,-762
226000231,147,10,137
226000232,69,4,65
227000033,270,59,211
227000036,173,23,150
227000037,158,29,129
227000038,127,42,85
227000084,1,56,-55
227000085,3,43,-40
227000088,84,4,80
227000089,70,1,69
227000090,42,1,41
227000091,8,0,8
227000092,19,0,19
227000093,81,0,81
227000094,0,0,0
227000130,25,83,-58
227000131,19,237,-218
227000132,17,266,-249
227000133,10,246,-236
227000134,18,462,-444
227000152,0,1,-1
227000153,0,28,-28
227000154,0,17,-17
227000155,1,13,-12
227000156,0,16,-16
227000165,1,27,-26
227000196,178,743,-565
227000199,139,1267,-1128
227000230,43,1104,-1061
227000232,249,14,235
227000242,45,516,-471
227000243,266,65,201
227000245,16,459,-443
227000246,69,562,-493
227000247,292,81,211
227000248,38,12,26
227000249,15,197,-182
227000250,320,88,232
227000251,156,207,-51
227000252,18,350,-332
227000253,48,27,21
227000262,253,40,213
227000266,752,23,729
227000267,56,4682,-4626
227000282,11,504,-493
227000284,186,29,157
227000286,2,155,-153
227000291,37,1344,-1307
227000296,361,584,-223
227000484,245,15,230
227000485,29,1564,-1535
227000655,93,71,22
227000656,646,29,617
227000657,56,26,30
227000704,45,20,25
229000265,6,14,-8
229000266,7,0,7
229000267,17,0,17
229000268,15,0,15
229000269,36,0,36
229000274,0,39,-39
229000275,3,32,-29
229000276,5,22,-17
229000277,0,5,-5
229000278,0,14,-14
229000295,16,31,-15
229000296,20,4,16
229000297,14,69,-55
229000298,9,325,-316
229000320,4,18,-14
229000321,30,17,13
229000412,30,110,-80
229000414,14,62,-48
229000415,2,0,2
229000416,3,7,-4
229000417,6,23,-17
229000419,139,427,-288
229000440,311,101,210
229000442,43,20,23
229000443,3,11,-8
229000444,4,35,-31
229000445,44,16,28
229000446,61,27,34
229000491,0,38,-38
229000492,15,198,-183
229000493,3,172,-169
229000494,29,9,20
229000495,115,10,105
229000496,39,11,28
229000507,0,63,-63
229000508,3,66,-63
229000509,0,94,-94
229000510,2,49,-47
229000511,4,89,-85
229000512,1,54,-53
229000513,0,8,-8
229000514,0,1,-1
229000517,1,15,-14
229000518,5,51,-46
229000519,1,24,-23
229000520,6,37,-31
229000521,27,41,-14
229000522,8,26,-18
229000523,9,22,-13
229000524,2,9,-7
229000527,2,0,2
229000528,0,0,0
229000529,13,0,13
229000530,69,6,63
229000531,19,6,13
229000532,42,2,40
229000533,94,4,90
229000534,83,1,82
229000564,65,3,62
229000565,11,2,9
229000566,0,23,-23
229000567,1,126,-125
229000582,163,0,163
229000583,10,3,7
229000584,1,62,-61
229000585,4,72,-68
229000718,0,8,-8
229000719,0,2,-2
229000720,0,17,-17
229000721,0,22,-22
229000722,0,45,-45
229000723,0,41,-41
229000724,0,5,-5
229000725,0,3,-3
229000738,0,0,0
229000739,0,0,0
229000740,2,0,2
229000741,5,0,5
229000742,6,0,6
229000743,27,0,27
229000744,2,0,2
229000745,0,0,0
229000746,19,0,19
229000847,33,0,33
229000848,16,1,15
229000849,70,0,70
229000851,39,0,39
229000854,1,81,-80
229000856,9,235,-226
229000857,0,55,-55
229000858,0,151,-151
229000919,11,123,-112
229000930,3,386,-383
229000937,56,18,38
229000966,43,29,14
229000981,20,81,-61
229000985,16,54,-38
229000986,9,6,3
229000987,0,2,-2
229000988,9,12,-3
229000989,24,13,11
229000990,0,0,0
229000991,0,2,-2
229000992,13,22,-9
229000993,266,46,220
229000998,25,99,-74
229000999,90,33,57
229001034,8,42,-34
229001035,39,3,36
229001036,9,88,-79
229001037,68,1,67
229001038,1,4,-3
229001039,2,0,2
229001040,1,136,-135
229001041,83,1,82
229001042,11,75,-64
229001047,11,108,-97
229001050,30,23,7
229001168,0,8,-8
229001200,14,12,2
229001338,7,46,-39
229001394,227,1,226
229001422,66,26,40
229001423,52,182,-130
229001431,43,58,-15
229001432,48,92,-44
229001444,142,81,61
229001445,38,298,-260
229001479,10,7,3
229001503,166,56,110
229001504,135,316,-181
229001505,73,42,31
229001506,51,291,-240
229001509,63,1,62
229001510,11,50,-39
229001545,62,7,55
229001546,10,144,-134
229001553,38,25,13
229001554,31,128,-97
229001630,81,29,52
229001631,21,35,-14
229001635,0,14,-14
229001636,1,12,-11
229001658,0,150,-150
229001659,59,8,51
229001660,2,2,0
229001661,4,22,-18
229001662,85,0,85
229001663,0,15,-15
229002584,194,276,-82
229002831,412,167,245
229002841,4,21,-17
229002842,9,16,-7
229002843,73,31,42
229002844,33,107,-74
229002845,20,75,-55
229002846,11,26,-15
229002847,0,9,-9
229002848,4,8,-4
229002849,1,120,-119
229002850,6,2,4
229002851,28,120,-92
229002852,56,34,22
229002853,80,25,55
229002854,25,62,-37
229002855,13,31,-18
229002856,34,16,18
229002857,9,69,-60
229002858,14,9,5
229002859,29,23,6
229002860,85,17,68
229002861,83,48,35
229002862,20,81,-61
229002863,25,37,-12
229002864,8,48,-40
229002865,22,22,0
229002866,38,23,15
229002867,5,26,-21
229002868,2,9,-7
229002869,12,209,-197
229002870,37,14,23
235000066,380,98,282
235000067,99,165,-66
235000072,25,75,-50
235000073,52,362,-310
235000074,26,118,-92
235000080,22,126,-104
235000081,80,284,-204
235000082,113,98,15
235000083,167,136,31
235000084,56,53,3
235000085,93,40,53
235000089,13,40,-27
235000092,10,134,-124
235000093,16,7,9
235000097,4,12,-8
235000098,31,17,14
235000099,36,41,-5
235000116,22,39,-17
235000117,887,14,873
235000133,24,308,-284
235000134,5,97,-92
235000206,6,4,2
235000207,0,4,-4
235000208,3,0,3
235000209,5,0,5
235000210,1,3,-2
235000212,5,28,-23
235000213,2,7,-5
235000220,0,1,-1
235000221,28,5,23
235000238,17,29,-12
235000239,0,1,-1
235000242,249,345,-96
235000245,1305,191,1114
235000246,20,52,-32
235000284,3,112,-109
235000295,119,8,111
235000305,69,9,60
235000306,92,5,87
235000307,14,7,7
235000308,10,0,10
235000309,33,2,31
235000310,44,0,44
235000311,36,9,27
235000322,0,54,-54
235000323,1,117,-116
235000324,1,19,-18
235000325,0,18,-18
235000326,6,460,-454
235000351,5,73,-68
235000352,46,67,-21
235000353,2,35,-33
235000354,2,50,-48
235000355,9,139,-130
235000356,75,7,68
235000357,27,19,8
235000358,37,13,24
235000359,10,3,7
235000360,77,11,66
235000361,34,9,25
235000381,34,501,-467
235000382,120,40,80
235000390,4,4,0
235000391,56,14,42
235000392,61,182,-121
235000393,58,115,-57
235000395,51,29,22
235000396,197,81,116
235000400,242,44,198
235000401,91,301,-210
235000405,114,389,-275
235000406,40,438,-398
235000407,69,177,-108
235000409,192,209,-17
235000410,32,315,-283
235000411,2,93,-91
235000485,0,13,-13
235000486,6,0,6
235000549,52,138,-86
235000550,46,330,-284
235000599,51,101,-50
235000600,5,8,-3
235000601,20,52,-32
235000602,57,174,-117
235000614,0,1,-1
235000648,2,17,-15
235000649,22,5,17
235000685,1,3,-2
235000815,7,33,-26
235000834,0,8,-8
235000855,31,73,-42
235000862,53,378,-325
235000891,0,13,-13
235000892,38,18,20
235000901,121,144,-23
235000907,1,23,-22
235001010,35,97,-62
235001029,652,545,107
235001030,263,251,12
235001078,52,76,-24
235001079,72,168,-96
235001147,28,37,-9
235001166,9,80,-71
235001167,13,78,-65
235001169,46,420,-374
235001188,0,10,-10
235001189,0,0,0
235001197,52,12,40
235001200,33,30,3
235001208,38,17,21
235001209,30,126,-96
235001210,37,339,-302
235001239,1,47,-46
235001244,3,11,-8
235016267,0,30,-30
241900007,42,1,41
277101746,0,1,-1
277102712,7,0,7
277103813,0,1,-1
277103814,0,0,0
277103898,0,3,-3
990011530,0,357,-357
990014944,3,630,-627
990015176,7,8,-1
990015618,0,138,-138
990016032,3,1032,-1029
990032570,4,305,-301
990070001,90,3,87
990070103,0,3,-3
990070601,0,160,-160
990070751,388,0,388
990070766,3,1043,-1040
990071180,1020,367,653
990071343,17,2,15
990071387,1,14,-13
990071823,355,4,351
990072600,3,907,-904
990072964,4,836,-832
990073285,0,4,-4
990074393,5,2089,-2084
990074870,769,16,753
990075106,625,6,619
990075746,355,2,353
990076437,760,6,754
990076458,8,2038,-2030
997000007,168,5,163
997000041,1,186,-185
997000058,47,0,47
997000062,74,1,73
997000069,0,2,-2
997000070,1,238,-237
997000100,33,2,31
997000141,11,2864,-2853
997000198,9,1466,-1457
998000475,5,15,-10
998000736,2,459,-457
998000965,0,6,-6
998001031,0,66,-66
998001700,0,41,-41
998001899,0,0,0
998001900,0,1,-1
998003073,2118,3,2115
998101900,0,0,0
998102850,8,127,-119
998501927,716,425,291
998501929,69,14,55
998501930,109,2,107
998501931,124,24,100
998501932,1,1,0
998501933,44,0,44
998501937,3,3,0
998501944,1,0,1
998501970,51,7,44
998501971,0,128,-128
998501972,670,7,663
998501973,0,166,-166
998501974,1,348,-347
998501975,350,6,344
998501976,52,2,50
998501977,1,20,-19
998501978,52,0,52
998501979,0,16,-16
998501980,99,22,77
998501981,26,44,-18
998501982,0,193,-193
998502006,2,0,2
998502024,0,0,0
998502032,0,1,-1
998502062,28,0,28
998502063,0,0,0
998502173,16,1,15
998502269,0,5,-5
998601159,7,479,-472
998601292,0,43,-43
999033574,0,206,-206
999800001,39,5,34
999800002,0,5,-5
999800003,4,1,3
999800004,0,5,-5
999800005,0,24,-24
