ID,insum,outsum,diff
100000001,780,1050,-270
100000002,4051,3091,960
100000003,4866,6067,-1201
100000004,752,1246,-494
100000005,2578,5673,-3095
100000006,574,244,330
100000007,2339,836,1503
100000008,135,553,-418
100000009,568,330,238
100000010,118,118,0
100000011,826,173,653
100000012,116,1040,-924
100000013,28,330,-302
100000014,241,332,-91
100000015,1416,2580,-1164
100000016,618,1329,-711
100000017,515,763,-248
100000018,1250,670,580
100000019,3817,2482,1335
100000020,1740,6949,-5209
100000021,5056,2770,2286
100000022,1148,3540,-2392
100000023,5362,2087,3275
100000025,764,1722,-958
100000028,1002,1235,-233
100000029,121,517,-396
100000030,137,64,73
100000031,3147,6437,-3290
100000032,1798,4126,-2328
100000033,1179,3184,-2005
100000034,223,963,-740
100000035,1029,1990,-961
100000036,1060,1669,-609
100000037,720,458,262
100000038,2333,1210,1123
100000039,471,1054,-583
100000040,256,154,102
100000041,1542,521,1021
100000042,1032,501,531
100000043,932,545,387
100000044,216,851,-635
100000045,372,963,-591
100000046,537,746,-209
100000047,269,668,-399
100000048,572,607,-35
100000049,1466,1074,392
100000051,394,634,-240
100000053,156,13,143
100000054,381,48,333
100000055,732,308,424
100000056,558,591,-33
100000057,2407,783,1624
100000058,927,952,-25
100000059,24,211,-187
100000060,482,260,222
100000061,2729,636,2093
100000062,2082,600,1482
100000063,1041,285,756
100000064,1628,325,1303
100000065,305,714,-409
100000066,189,531,-342
100000067,493,587,-94
100000068,436,1257,-821
100000069,270,921,-651
100000072,180,645,-465
100000073,1112,935,177
100000075,785,267,518
100000076,1998,3570,-1572
100000077,155,385,-230
100000078,33,49,-16
100000079,57,51,6
100000080,21,51,-30
100000081,137,242,-105
100000102,3019,3919,-900
100000103,1804,1725,79
100000104,3152,3374,-222
100000105,1600,2447,-847
100000106,2162,3375,-1213
100000107,356,1771,-1415
100000108,573,1044,-471
100000109,1538,1329,209
100000116,939,1176,-237
100000117,78,128,-50
100000118,950,1675,-725
100000119,627,1060,-433
100000121,671,391,280
100000122,1534,1250,284
100000123,1396,3144,-1748
100000124,3394,5204,-1810
100000125,3372,1851,1521
100000126,583,493,90
100000127,1252,372,880
100000128,1602,2703,-1101
100000129,301,578,-277
100000130,511,394,117
100000131,1949,2617,-668
100000132,869,3106,-2237
100000133,2657,2104,553
100000135,692,1447,-755
100000139,330,620,-290
100000140,295,450,-155
100000142,634,523,111
100000143,781,374,407
100000144,2965,581,2384
100000147,1203,3572,-2369
100000150,77,471,-394
100000151,942,1937,-995
100000153,339,566,-227
100000154,45,434,-389
100000155,24,46,-22
100000156,413,461,-48
100000157,393,207,186
100000158,263,153,110
100000159,183,633,-450
100000165,1084,912,172
100000169,114,1316,-1202
100000174,337,1262,-925
100000179,81,617,-536
100000180,2711,7856,-5145
100000181,583,516,67
100000188,108,562,-454
100000189,1381,667,714
100000190,603,1549,-946
100000191,822,910,-88
100000192,43,128,-85
100000193,270,239,31
100000330,867,1012,-145
100000355,187,993,-806
100000362,3050,1897,1153
100000363,5704,4906,798
100000364,145,294,-149
100000365,6033,9762,-3729
100000366,3484,2634,850
100000367,5246,8153,-2907
100000368,2823,1114,1709
100000369,959,2752,-1793
100000370,216,1175,-959
100000376,75,147,-72
100000379,1776,1853,-77
100000380,4812,6110,-1298
100000384,5554,7129,-1575
100000385,2392,4399,-2007
100000386,4971,6801,-1830
100000387,3545,6401,-2856
100000388,3868,7770,-3902
100000389,4958,7384,-2426
100000390,6247,8161,-1914
100000391,4722,9620,-4898
100000392,2411,5276,-2865
100000393,2215,5757,-3542
100000394,5225,10434,-5209
100000395,3803,5708,-1905
100000396,5381,4259,1122
100000397,3906,8685,-4779
100000398,8858,7272,1586
100900002,8,13,-5
100900003,370,253,117
100900004,28,1726,-1698
100900005,126,14,112
100900006,52,73,-21
100900007,272,12,260
100900008,1,353,-352
100900009,74,216,-142
100900010,97,69,28
100900011,193,165,28
100900012,2,92,-90
100900013,1149,27,1122
100900014,6,11,-5
100900015,71,71,0
100900016,2,41,-39
100900017,1319,101,1218
100900018,0,12,-12
100900019,44,147,-103
100900020,398,9,389
100900021,582,1,581
100900022,12,35,-23
100900023,0,28,-28
100900024,465,3,462
100900025,9,13,-4
100900026,176,75,101
100900027,555,2939,-2384
100900028,146,258,-112
100900029,52,10,42
100900030,11,90,-79
100900031,742,42,700
100900032,377,0,377
100900033,217,294,-77
100900034,895,4,891
100900035,313,0,313
100900036,18,0,18
100900037,126,159,-33
100900038,108,58,50
100900039,220,336,-116
100900040,573,347,226
100900041,1081,496,585
100900042,1884,1536,348
100900043,0,6,-6
100900044,1379,574,805
100900045,106,1,105
100900046,1285,19,1266
100900047,1066,314,752
100900048,156,98,58
100900049,87,108,-21
100900050,1,12,-11
100900051,83,149,-66
100900052,467,87,380
100900053,621,13,608
100900054,29,40,-11
100900055,260,989,-729
100900056,74,110,-36
100900057,1427,1482,-55
100900058,266,65,201
100900059,160,9,151
100900060,280,6,274
100900061,318,206,112
100900062,16,23,-7
100900063,282,925,-643
100900064,726,29,697
100900065,68,157,-89
100900066,158,262,-104
100900067,24,17,7
100900068,111,69,42
100900069,1145,7,1138
100900070,484,10,474
100900071,538,192,346
100900072,11,27,-16
100900073,180,224,-44
100900074,20,7,13
100900075,1891,336,1555
100900076,18,37,-19
100900077,36,61,-25
100900078,110,351,-241
100900079,20,34,-14
100900080,91,212,-121
100900081,36,178,-142
100900082,160,299,-139
100900083,16,34,-18
100900085,35,285,-250
100900086,192,974,-782
100900088,137,243,-106
100900089,12,18,-6
100900090,94,525,-431
100900091,5,17,-12
100900092,183,410,-227
100900093,286,370,-84
100900094,200,231,-31
100900095,10,31,-21
100900096,148,115,33
100900097,0,4,-4
100900098,41,24,17
100900099,42,480,-438
100900100,7,859,-852
100900101,203,47,156
100900102,47,200,-153
100900103,2,31,-29
100900104,3,166,-163
100900105,49,590,-541
100900106,33,5,28
100900107,1585,814,771
100900108,27,93,-66
100900109,21,43,-22
100900110,3,17,-14
100900111,37,220,-183
100900112,6,31,-25
100900113,18,22,-4
100900114,20,20,0
100900115,5,26,-21
100900116,1239,665,574
100900117,323,1291,-968
100900118,14,27,-13
100900119,37,15,22
100900120,4,18,-14
100900121,632,567,65
100900122,85,119,-34
100900123,114,133,-19
100900124,12,20,-8
100900125,34,60,-26
100900126,193,128,65
100900127,18,11,7
100900128,228,186,42
100900129,0,222,-222
100900131,74,190,-116
100900133,77,53,24
100900134,7,6,1
100900135,1,291,-290
100900137,307,265,42
100900138,369,516,-147
100900139,1,5,-4
100900140,1,328,-327
100900141,4,795,-791
100900142,0,16,-16
100900143,394,431,-37
100900144,6,2,4
100900145,57,223,-166
100900146,7,114,-107
100900147,21,593,-572
100900148,55,309,-254
100900149,28,225,-197
100900150,1,67,-66
100900151,147,409,-262
100900152,630,8,622
100900153,3,212,-209
100900154,13,113,-100
100900155,25,15,10
100900156,48,8,40
100900157,25,396,-371
100900158,909,122,787
100900159,8,50,-42
100900160,45,12,33
100900161,91,10,81
100900162,26,649,-623
100900163,178,133,45
100900164,78,35,43
100900165,37,14,23
100900166,139,10,129
100900167,29,64,-35
100900168,44,183,-139
100900169,88,1072,-984
100900170,32,2,30
100900171,12,281,-269
100900172,0,23,-23
100900173,7,241,-234
100900174,149,28,121
100900176,1937,238,1699
100900177,586,392,194
100900178,219,185,34
100900179,349,440,-91
100900180,0,3,-3
100900181,159,118,41
100900182,174,52,122
100900184,17,208,-191
100900186,504,385,119
100900187,12,77,-65
100900188,30,7,23
100900189,2368,206,2162
100900191,796,1319,-523
100900192,207,426,-219
100900195,126,145,-19
100900197,35,32,3
100900198,80,191,-111
100900199,4,5,-1
100900200,869,348,521
100900201,135,632,-497
100900202,41,0,41
100900203,1,241,-240
100900204,504,2765,-2261
100900205,177,646,-469
100900206,297,126,171
100900207,299,162,137
100900210,71,233,-162
100900211,753,190,563
100900213,362,64,298
100900214,503,115,388
100900215,14,39,-25
100900217,1,6,-5
101000001,2596,2656,-60
101000002,7470,9046,-1576
101000003,396,1265,-869
101000004,6641,6498,143
101000005,4711,5222,-511
101000006,6045,7298,-1253
101000007,3908,4910,-1002
101000008,2272,2159,113
101000009,2163,743,1420
101000010,855,657,198
101000011,1072,435,637
101000012,808,789,19
101000013,746,1228,-482
101000014,425,544,-119
101000015,1643,928,715
101000016,395,474,-79
101000017,498,413,85
101000018,2003,2346,-343
101000020,1832,945,887
101000021,761,398,363
101000022,169,148,21
101000023,1384,689,695
101000025,324,439,-115
101000026,248,58,190
101000027,2526,3732,-1206
101000028,884,337,547
101000029,295,2397,-2102
101000030,1587,203,1384
101000031,753,1524,-771
101000032,5122,6066,-944
101000033,2480,4576,-2096
101000034,1409,2352,-943
101000035,880,465,415
101000036,1796,1172,624
101000037,1788,2208,-420
101000039,2220,3576,-1356
101000040,2505,5130,-2625
101000041,4910,10822,-5912
101000042,316,1614,-1298
101000043,5126,11747,-6621
101000045,987,1293,-306
101000046,2390,2929,-539
101000047,1939,6829,-4890
101000048,729,589,140
101000049,742,2941,-2199
101000050,1830,3007,-1177
101000051,1393,3791,-2398
101000052,1390,1520,-130
101000053,1029,1401,-372
101000054,2362,1184,1178
101000055,1247,1589,-342
101000056,42,88,-46
101000057,1377,1498,-121
101000058,1017,1805,-788
101000059,2315,2550,-235
101000060,1961,788,1173
101000061,804,1611,-807
101000062,490,875,-385
101000063,506,1233,-727
101000064,844,1157,-313
101000065,306,707,-401
101000066,823,1145,-322
101000067,878,1211,-333
101000068,225,635,-410
101000069,248,100,148
101000070,758,1326,-568
101000071,2339,1133,1206
101000072,663,3997,-3334
101000073,776,1329,-553
101000074,4245,4844,-599
101000075,2865,6922,-4057
101000077,1727,1547,180
101000078,858,1485,-627
101000079,1802,867,935
101000080,1233,1065,168
101000081,1728,1674,54
101000082,2478,2443,35
101000083,2903,2386,517
101000084,1143,682,461
101000085,1460,1182,278
101000086,994,1205,-211
101000087,775,834,-59
101000088,1504,1345,159
101000089,1148,1616,-468
101000090,1668,1024,644
101000091,490,598,-108
101000092,1271,705,566
101000093,1348,668,680
101000094,1155,961,194
101000095,602,587,15
101000096,428,397,31
101000097,498,709,-211
101000098,397,1043,-646
101000099,869,1414,-545
101000100,895,1373,-478
101000101,270,409,-139
101000102,894,612,282
101000103,680,576,104
101000104,403,718,-315
101000105,379,692,-313
101000106,753,1422,-669
101000107,334,376,-42
101000108,472,192,280
101000109,542,78,464
101000110,31,212,-181
101000111,86,227,-141
101000113,333,710,-377
101000114,6716,12958,-6242
101000115,120,77,43
101000116,70,72,-2
101000117,1906,393,1513
101000119,75,71,4
101000120,175,71,104
101000121,55,66,-11
101000122,117,159,-42
101000123,70,139,-69
101000124,1487,496,991
101000125,196,361,-165
101000128,292,1084,-792
101000130,157,270,-113
101000131,1060,382,678
101000132,953,922,31
101000135,51,49,2
101000136,327,253,74
101000137,24,413,-389
101000141,1076,4396,-3320
101000147,656,344,312
101000148,528,37,491
101000149,273,534,-261
101000150,122,356,-234
101000151,304,55,249
101000152,261,266,-5
101000153,313,228,85
101000154,376,683,-307
101000155,454,197,257
101000156,19,337,-318
101000157,62,56,6
101000160,79,21,58
101000163,195,423,-228
101000164,311,265,46
101000165,365,354,11
101000166,253,262,-9
101000168,956,407,549
101000252,2396,1010,1386
101000254,136,211,-75
101000258,51,5,46
101000261,180,93,87
101000262,1921,3341,-1420
101000263,554,1580,-1026
101000265,99,903,-804
101000266,391,418,-27
101000269,26,13,13
101000290,872,2851,-1979
101000293,64,65,-1
101000294,808,568,240
101000295,134,306,-172
101000301,528,626,-98
101000304,2475,2855,-380
101000305,2712,1232,1480
101900001,16,48,-32
101900002,0,5,-5
101900003,49,90,-41
101900004,3,67,-64
101900005,2153,3193,-1040
101900006,1556,104,1452
101900007,969,283,686
101900008,98,274,-176
101900009,64,376,-312
101900010,568,729,-161
101900011,148,945,-797
101900012,378,135,243
101900013,543,185,358
101900017,11,136,-125
101900018,506,196,310
101900019,184,136,48
101900020,340,184,156
101900021,0,45,-45
101900022,149,569,-420
101900023,119,102,17
102000001,3591,5391,-1800
102000002,2524,826,1698
102000003,2958,8272,-5314
102000004,4652,2809,1843
102000005,1290,2844,-1554
102000006,856,1667,-811
102000007,1813,5270,-3457
102000008,3951,1561,2390
102000009,7495,9193,-1698
102000010,4125,3583,542
102000011,4118,3213,905
102000012,2977,2856,121
102000018,2236,2766,-530
102000019,2840,1761,1079
102000026,178,554,-376
102000029,183,192,-9
102000030,183,368,-185
102000031,87,120,-33
102000032,695,253,442
102000033,246,349,-103
102000034,615,443,172
102000035,2644,707,1937
102000036,25,265,-240
102000037,137,47,90
102000038,156,322,-166
102000039,148,84,64
102000040,290,360,-70
102000041,146,426,-280
102000042,193,459,-266
102000043,223,239,-16
102000044,323,455,-132
102000045,526,649,-123
102000046,1331,607,724
102000047,774,724,50
102000048,499,683,-184
102000049,1002,718,284
102000050,913,1000,-87
102000051,437,626,-189
102000052,1030,615,415
102000053,928,975,-47
102000054,874,1280,-406
102000055,1606,392,1214
102000056,1196,659,537
102000057,1447,578,869
102000058,1085,1023,62
102000059,1536,1254,282
102000060,1084,899,185
102000061,1845,1405,440
102000062,2209,1035,1174
102000063,1109,1141,-32
102000064,481,654,-173
102000065,65,216,-151
102000066,789,739,50
102000067,2151,2577,-426
102000068,11064,2677,8387
102000069,150,3297,-3147
102000070,1176,42,1134
102000071,6151,8134,-1983
102000072,3179,3601,-422
102000073,1159,1195,-36
102000074,590,1477,-887
102000075,134,391,-257
102000076,184,395,-211
102000077,792,497,295
102000078,919,466,453
102000079,256,186,70
102000080,285,260,25
102000081,426,902,-476
102000082,653,451,202
102000083,709,210,499
102000084,441,212,229
102000085,3788,745,3043
102000086,1129,887,242
102000087,1151,1458,-307
102000088,361,281,80
102000089,1471,407,1064
102000090,558,1199,-641
102000091,1463,757,706
102000092,293,650,-357
102000093,470,593,-123
102000094,791,629,162
102000095,771,1291,-520
102000096,590,829,-239
102000097,727,783,-56
102000098,497,717,-220
102000099,863,890,-27
102000100,394,1321,-927
102000101,584,764,-180
102000102,257,1278,-1021
102000103,1648,326,1322
102000104,571,290,281
102000105,308,452,-144
102000106,787,427,360
102000107,1612,337,1275
102000108,619,171,448
102000109,612,338,274
102000110,1210,767,443
102000111,16,234,-218
102000112,130,93,37
102000113,26,13,13
102000114,596,343,253
102000115,271,289,-18
102000116,474,608,-134
102000117,192,805,-613
102000118,1019,1451,-432
102000119,1237,1209,28
102000120,219,479,-260
102000121,1294,587,707
102000122,846,995,-149
102000123,1333,1198,135
102000124,1623,1121,502
102000125,628,999,-371
102000126,758,647,111
102000127,1335,613,722
102000128,916,790,126
102000129,1738,594,1144
102000130,930,942,-12
102000131,1937,1127,810
102000132,747,1974,-1227
102000133,2516,1255,1261
102000134,1190,716,474
102000135,1641,948,693
102000136,2324,659,1665
102000137,653,2052,-1399
102000138,256,690,-434
102000139,179,1219,-1040
102000140,230,1718,-1488
102000141,530,3837,-3307
102000142,363,348,15
102000143,249,196,53
102000144,418,227,191
102000145,390,328,62
102000146,530,355,175
102000147,578,341,237
102000148,206,440,-234
102000149,228,205,23
102000150,627,76,551
102000151,129,173,-44
102000152,201,98,103
102000153,1022,575,447
102000154,211,436,-225
102000155,69,290,-221
102000156,287,141,146
102000157,87,434,-347
102000158,180,268,-88
102000159,701,717,-16
102000161,2202,2361,-159
102000162,130,183,-53
102000163,100,602,-502
102000164,866,1146,-280
102000165,286,147,139
102000166,105,210,-105
102000167,248,156,92
102000168,352,138,214
102000169,140,499,-359
102000170,426,233,193
102000171,204,280,-76
102000172,196,504,-308
102000173,493,295,198
102000174,116,67,49
102000175,111,95,16
102000176,84,24,60
102000178,369,287,82
102000179,627,190,437
102000180,963,367,596
102000181,886,414,472
102000182,640,431,209
102000183,1900,1168,732
102000184,1997,503,1494
102000185,2879,1023,1856
102000186,1472,1016,456
102000187,1040,1003,37
102000188,1370,1291,79
102000189,1754,543,1211
102000190,670,2525,-1855
102000191,1196,440,756
102000192,1378,1528,-150
102000193,69,66,3
102000194,57,94,-37
102000195,470,329,141
102000196,260,231,29
102000197,900,213,687
102000198,196,443,-247
102000199,1333,197,1136
102000200,281,784,-503
102000201,1236,374,862
102000202,8,61,-53
102000203,495,120,375
102000204,700,441,259
102000205,1299,255,1044
102000206,792,316,476
102000207,660,403,257
102000208,390,239,151
102000209,75,45,30
102000210,476,214,262
102000211,505,183,322
102000212,388,3,385
102000213,0,168,-168
102000214,419,8,411
102000215,12,219,-207
102000216,99,81,18
102000217,7,74,-67
102000218,359,168,191
102000219,316,149,167
102000225,537,551,-14
102000226,1909,1584,325
102000227,136,5,131
102000228,0,67,-67
102000229,53,77,-24
102000230,345,275,70
102000231,325,361,-36
102000232,32,148,-116
102000233,371,613,-242
102000234,124,992,-868
102000236,260,93,167
102000237,376,107,269
102000238,193,254,-61
102000240,488,684,-196
102000241,511,213,298
102000243,25,52,-27
102000245,17,103,-86
102000246,9,39,-30
102000247,282,404,-122
102000248,267,639,-372
102000249,112,82,30
102000250,97,270,-173
102000254,201,143,58
102000266,29,838,-809
102000271,23,0,23
102000286,383,358,25
102000297,2131,806,1325
102000299,0,0,0
102000301,0,0,0
102000302,0,0,0
102000303,0,0,0
102000304,0,0,0
102000305,0,0,0
102000306,0,0,0
102000307,0,3,-3
102000308,0,2,-2
102900001,1203,674,529
102900002,477,55,422
102900003,54,123,-69
102900005,462,199,263
102900006,642,90,552
102900007,573,24,549
102900008,194,42,152
102900009,576,329,247
102900010,339,1037,-698
102900011,1337,519,818
102900012,398,75,323
102900013,54,46,8
102900015,679,540,139
102900016,88,88,0
102900017,169,330,-161
102900018,66,69,-3
102900019,438,410,28
102900020,156,30,126
102900021,32,72,-40
102900022,488,217,271
102900023,13,48,-35
102900024,38,42,-4
102900025,190,97,93
102900026,384,2108,-1724
102900027,61,54,7
102900028,237,820,-583
102900029,157,180,-23
102900030,329,361,-32
102900031,337,103,234
102900032,74,83,-9
102900033,119,168,-49
102900034,598,49,549
102900035,151,168,-17
102900036,290,288,2
102900037,283,257,26
102900038,406,271,135
102900039,24,549,-525
102900040,171,240,-69
102900041,111,175,-64
102900042,273,220,53
102900043,194,138,56
102900044,579,1281,-702
102900045,197,394,-197
102900046,161,173,-12
102900047,135,485,-350
102900048,561,333,228
102900049,112,295,-183
102900050,181,260,-79
102900051,151,183,-32
102900052,66,50,16
102900053,286,497,-211
102900054,508,1196,-688
102900055,153,238,-85
102900056,92,308,-216
102900057,7,66,-59
102900058,473,88,385
102900059,21,58,-37
102900060,136,348,-212
102900061,243,266,-23
102900062,362,475,-113
102900063,1495,315,1180
102900064,137,455,-318
102900065,970,413,557
102900066,384,22,362
102900068,121,88,33
102900070,280,894,-614
102900072,13,50,-37
102900073,100,7,93
102900074,209,285,-76
102900075,35,105,-70
102900076,85,180,-95
102900077,57,37,20
102900078,21,73,-52
102900079,235,9,226
102900080,469,25,444
102900081,74,293,-219
102900082,13,166,-153
102900083,145,11,134
102900084,7,57,-50
102900085,364,140,224
102900086,27,80,-53
102900087,152,92,60
102900088,63,31,32
102900089,164,82,82
102900090,2,179,-177
102900091,264,3,261
102900092,518,440,78
102900093,397,232,165
102900094,2,158,-156
102900095,163,4,159
102900096,91,8,83
102900097,6,67,-61
103000001,2281,1972,309
103000002,2125,2322,-197
103000003,3154,3010,144
103000004,805,656,149
103000005,1706,2908,-1202
103000006,739,1387,-648
103000007,449,616,-167
103000008,1073,467,606
103000009,1646,1054,592
103000010,107,80,27
103000011,1399,1089,310
103000012,1646,1415,231
103000013,2695,1442,1253
103000014,1413,2586,-1173
103000015,1210,512,698
103000016,525,1400,-875
103000017,224,372,-148
103000018,643,285,358
103000019,354,256,98
103000020,1702,1193,509
103000021,1714,1591,123
103000022,640,757,-117
103000023,682,1824,-1142
103000024,85,125,-40
103000025,102,701,-599
103000026,649,109,540
103000027,270,604,-334
103000028,247,363,-116
103000029,136,257,-121
103000030,1326,1115,211
103000031,1027,2067,-1040
103000032,2122,1460,662
103000033,2873,2590,283
103000034,1180,1094,86
103000035,526,1236,-710
103000036,333,454,-121
103000037,515,536,-21
103000038,572,1047,-475
103000039,600,267,333
103000040,529,515,14
103000041,1595,1339,256
103000042,1444,301,1143
103000043,660,605,55
103000044,295,155,140
103000046,436,362,74
103000047,567,395,172
103000048,274,134,140
103000049,112,96,16
103000050,853,346,507
103000051,725,353,372
103000052,656,262,394
103000053,247,385,-138
103000054,2645,1108,1537
103000055,1746,1744,2
103000056,887,990,-103
103000057,892,185,707
103000058,631,655,-24
103000059,694,596,98
103000060,725,350,375
103000061,458,621,-163
103000062,1202,375,827
103000063,866,819,47
103000064,116,125,-9
103000065,8,307,-299
103000066,191,14,177
103000069,372,180,192
103000070,1041,558,483
103000071,1455,544,911
103000072,210,471,-261
103000073,726,119,607
103000074,757,92,665
103000075,139,446,-307
103000076,345,477,-132
103000077,42,232,-190
103000078,874,771,103
103000079,477,599,-122
103000080,748,413,335
103000081,412,1109,-697
103000082,522,196,326
103000083,173,236,-63
103000084,96,11,85
103000085,6,111,-105
103000086,500,391,109
103000087,173,581,-408
103000088,188,297,-109
103000089,304,462,-158
103000090,2513,943,1570
103000091,568,451,117
103000092,317,230,87
103000093,348,372,-24
103000094,249,76,173
103000095,82,275,-193
103000096,527,60,467
103000097,75,665,-590
103000098,680,141,539
103000099,248,720,-472
103000100,188,481,-293
103000101,1071,92,979
103000102,134,361,-227
103000103,741,132,609
103000104,68,76,-8
103000105,178,91,87
103000106,15,140,-125
103000107,197,50,147
103000108,705,494,211
103000109,393,339,54
103000110,497,487,10
103000111,394,384,10
103000112,327,222,105
103000113,426,485,-59
103000114,1105,430,675
103000115,674,376,298
103000116,806,331,475
103000117,472,374,98
103000118,423,482,-59
103000119,733,374,359
103000120,109,117,-8
103000121,215,369,-154
103000122,393,543,-150
103000125,33,137,-104
103000126,770,6,764
103000127,2,117,-115
103000128,205,5,200
103000129,6,110,-104
103000130,79,40,39
103000131,176,116,60
103000132,92,194,-102
103000133,26,98,-72
103000134,354,1046,-692
103000135,544,264,280
103000136,525,479,46
103000137,375,534,-159
103000138,569,643,-74
103000139,3,58,-55
103000140,108,26,82
103000141,43,91,-48
103000142,119,74,45
103000143,53,127,-74
103000144,210,65,145
103000145,38,178,-140
103000150,127,36,91
103000152,166,173,-7
103000153,185,134,51
103000156,37,220,-183
103000157,419,4,415
103000159,146,52,94
103000162,62,37,25
103000163,21,51,-30
103000164,10,11,-1
103000165,66,147,-81
103000166,239,300,-61
103000167,153,76,77
103000168,140,124,16
103000169,199,473,-274
103000170,1007,280,727
103000171,39,73,-34
103000172,898,491,407
103000173,741,283,458
103000174,268,238,30
103000175,363,167,196
103000176,836,640,196
103000177,465,369,96
103000178,210,347,-137
103000179,193,30,163
103000183,229,19,210
103000185,136,32,104
103000186,201,89,112
103000187,865,219,646
103000188,26,81,-55
103000189,727,481,246
103000191,528,614,-86
103000292,779,1771,-992
103000293,862,2946,-2084
103000295,80,109,-29
103000296,275,5,270
103000297,60,162,-102
103000504,42,9,33
103000505,5,45,-40
103000506,0,122,-122
103000507,218,2,216
103000508,56,82,-26
103000509,237,474,-237
103900001,9,134,-125
103900002,798,158,640
103900003,1053,220,833
103900004,185,1,184
103900005,1,112,-111
103900006,6,1,5
103900007,116,6,110
103900008,13,1,12
103900009,373,484,-111
103900010,135,310,-175
103900011,504,100,404
103900012,17,30,-13
103900013,69,48,21
103900014,111,13,98
103900015,78,8,70
103900016,189,197,-8
103900017,44,56,-12
103900018,379,176,203
103900019,74,417,-343
103900020,241,469,-228
103900021,273,62,211
103900022,950,543,407
103900023,163,2,161
103900024,79,216,-137
103900025,18,24,-6
103900026,23,0,23
103900027,866,203,663
103900028,39,248,-209
103900029,1232,159,1073
103900030,336,99,237
103900031,40,6,34
103900032,84,70,14
103900033,101,17,84
103900034,71,69,2
103900035,53,34,19
103900036,63,29,34
103900037,110,81,29
103900038,95,228,-133
103900039,134,175,-41
103900040,12,98,-86
103900041,76,57,19
103900042,90,139,-49
103900043,248,47,201
103900044,66,268,-202
103900045,406,176,230
103900047,115,20,95
103900048,12,28,-16
103900049,146,981,-835
103900050,13,157,-144
103900051,5,44,-39
103900052,228,249,-21
103900053,280,366,-86
103900054,151,225,-74
103900055,499,218,281
103900056,51,35,16
103900057,68,114,-46
103900058,345,316,29
103900059,0,29,-29
103900060,62,127,-65
103900061,189,26,163
103900062,473,145,328
103900063,4,0,4
103900064,137,2,135
103900065,601,394,207
103900066,195,32,163
103900067,228,16,212
103900068,2,0,2
103900069,80,31,49
103900070,166,137,29
103900071,21,73,-52
103900072,33,107,-74
103900073,23,42,-19
103900074,99,114,-15
103900075,137,35,102
103900076,683,294,389
103900077,39,123,-84
103900078,311,141,170
103900079,139,158,-19
103900080,14,44,-30
103900081,43,30,13
103900082,15,107,-92
103900083,812,1338,-526
103900084,72,154,-82
103900085,65,114,-49
103900086,1096,397,699
103900087,16,74,-58
103900088,369,651,-282
103900089,49,81,-32
103900090,66,76,-10
103900091,973,183,790
103900092,886,329,557
103900093,66,212,-146
103900094,13,89,-76
103900095,307,168,139
103900096,58,93,-35
103900097,12,323,-311
103900098,332,130,202
103900099,126,89,37
103900100,261,183,78
103900101,99,777,-678
103900102,1,32,-31
103900104,0,30,-30
103900105,45,167,-122
103900106,0,66,-66
103900107,164,130,34
103900108,63,159,-96
103900109,157,32,125
103900110,343,31,312
103900111,175,389,-214
103900112,106,164,-58
103900113,118,233,-115
103900114,298,225,73
103900115,370,276,94
103900116,2533,2899,-366
103900117,111,39,72
103900119,33,75,-42
103900120,55,55,0
103900122,163,136,27
103900123,833,614,219
103900124,62,67,-5
103900125,127,31,96
103900126,721,305,416
103900127,203,248,-45
103900128,133,65,68
103900131,44,55,-11
103900133,947,24,923
103900134,1,5,-4
103900135,12,4,8
103900137,0,33,-33
103900138,159,89,70
103900139,181,2573,-2392
103900140,8,223,-215
103900141,396,75,321
103900142,310,74,236
103900143,94,2,92
103900144,1,23,-22
103900145,192,219,-27
103900146,267,169,98
103900147,463,79,384
103900148,324,162,162
103900149,440,244,196
103900150,3589,5186,-1597
103900151,37,110,-73
103900152,665,220,445
103900153,3,7,-4
103900154,555,1892,-1337
103900155,50,145,-95
103900156,61,93,-32
103900157,114,90,24
103900158,175,93,82
103900159,255,45,210
103900160,71,59,12
103900161,133,128,5
103900162,60,96,-36
103900163,11,318,-307
103900164,219,13,206
103900167,20,92,-72
103900168,166,62,104
103900169,52,53,-1
103900170,1,77,-76
103900171,2,38,-36
103900172,1,10,-9
103900173,21,16,5
103900174,301,48,253
103900175,47,102,-55
103900176,8,41,-33
103900177,11,78,-67
103900178,73,39,34
103900179,83,76,7
103900180,12,41,-29
103900181,43,43,0
103900182,53,24,29
103900184,353,128,225
103900185,94,564,-470
103900187,20,85,-65
103900188,76,36,40
103900189,130,16,114
103900190,101,51,50
103900191,43,40,3
103900192,30,99,-69
103900193,109,148,-39
103900194,93,144,-51
103900195,12,109,-97
103900196,22,35,-13
103900197,10,11,-1
103900198,11,41,-30
103900199,139,43,96
103900200,159,53,106
103900201,140,140,0
103900202,9,41,-32
103900203,45,24,21
103900204,0,40,-40
103900207,1,43,-42
103900208,135,0,135
103900209,8,87,-79
103900210,53,25,28
103900211,629,214,415
103900212,180,215,-35
103900213,54,166,-112
103900214,148,165,-17
103900215,210,287,-77
103900216,12,428,-416
103900217,363,28,335
103900218,0,225,-225
103900219,208,139,69
103900233,79,2,77
103900235,15,28,-13
103900236,5,6,-1
103900242,12,5,7
103900243,3,11,-8
103900244,103,103,0
103900245,89,102,-13
103900246,47,29,18
103900247,19,59,-40
103900248,4,108,-104
103900249,10,68,-58
103900250,33,18,15
103900251,3,33,-30
103900253,16,65,-49
103900254,3,17,-14
103900255,3,12,-9
103900256,4,15,-11
103900257,14,101,-87
103900258,23,8,15
103900259,65,5,60
103900261,3,0,3
103900262,10,2,8
103900263,19,26,-7
103900264,23,31,-8
103900265,62,5,57
103900266,3,120,-117
103900267,11,44,-33
103900268,1,7,-6
103900269,38,6,32
103900270,6,8,-2
104000001,2268,2121,147
104000002,1504,1747,-243
104000003,2225,1761,464
104000004,2297,2234,63
104000005,1722,1599,123
104000006,3064,2218,846
104000007,3359,3855,-496
104000008,184,146,38
104000009,256,82,174
104000010,170,337,-167
104000011,319,156,163
104000012,128,198,-70
104000013,276,224,52
104000014,162,365,-203
104000015,321,121,200
104000016,523,237,286
104000018,864,165,699
104000019,649,219,430
104000020,136,283,-147
104000021,243,336,-93
104000022,133,225,-92
104000023,862,349,513
104000024,226,256,-30
104000026,45,237,-192
104000027,236,165,71
104000028,350,168,182
104000029,313,214,99
104000030,261,200,61
104000031,1380,299,1081
104000032,195,169,26
104000033,740,408,332
104000034,411,188,223
104000035,1110,302,808
104000036,809,368,441
104000037,298,146,152
104000038,533,285,248
104000039,201,148,53
104000040,146,313,-167
104000041,547,233,314
104000042,148,226,-78
104000043,176,196,-20
104000044,226,304,-78
104000045,895,582,313
104000046,695,987,-292
104000047,723,776,-53
104000048,964,765,199
104000049,526,358,168
104000050,153,750,-597
104000051,162,426,-264
104000052,1616,1391,225
104000053,924,399,525
104000054,585,222,363
104000055,2963,1925,1038
104000056,818,225,593
104000057,135,249,-114
104000058,714,598,116
104000059,532,835,-303
104000060,1098,1008,90
104000061,1071,825,246
104000062,408,108,300
104000064,445,258,187
104000065,208,625,-417
104000069,663,1177,-514
104000070,57,501,-444
104000071,127,198,-71
104000072,491,157,334
104000075,150,202,-52
104000076,419,94,325
104000082,2170,2833,-663
104000083,705,190,515
104000084,113,398,-285
104000085,334,339,-5
104000086,216,376,-160
104000087,321,1975,-1654
104000090,855,803,52
104000092,1496,1198,298
104000094,787,991,-204
104000095,1929,1058,871
104000096,1546,103,1443
104000097,1866,564,1302
104000098,2540,528,2012
104000100,1943,521,1422
104000101,1102,1122,-20
104000106,37,532,-495
104000107,669,266,403
104000108,207,371,-164
104000109,330,93,237
104000110,732,1022,-290
104000111,2281,2625,-344
104000112,1147,505,642
104000116,1,559,-558
104000117,197,295,-98
104000118,790,174,616
104000119,744,216,528
104000120,264,372,-108
104000121,226,563,-337
104000122,744,744,0
104000123,698,585,113
104000124,483,1327,-844
104000125,2212,4494,-2282
104000126,460,444,16
104000127,1027,1462,-435
104000128,606,316,290
104000129,332,27,305
104000130,10,401,-391
104000131,306,288,18
104000132,304,266,38
104000133,1184,772,412
104000134,851,1636,-785
104000135,396,1679,-1283
104000136,644,3494,-2850
104000137,1374,419,955
104000138,789,435,354
104000139,3352,2320,1032
104000141,756,1013,-257
104000142,571,357,214
104000143,643,316,327
104000144,92,203,-111
104000145,381,190,191
104000146,210,399,-189
104000147,119,204,-85
104000148,374,155,219
104000149,114,173,-59
104000150,1104,484,620
104000151,319,256,63
104000152,561,391,170
104000153,752,493,259
104000154,613,421,192
104000155,469,483,-14
104000157,912,1090,-178
104000158,362,822,-460
104000159,832,689,143
104000160,1763,1898,-135
104000161,206,169,37
104000162,77,135,-58
104000165,552,702,-150
104000167,667,1225,-558
104000168,610,13,597
104000169,137,22,115
104000170,185,498,-313
104000248,305,399,-94
104000251,60,129,-69
104000272,0,0,0
104000273,0,0,0
104000274,0,0,0
104000275,0,0,0
104000279,691,505,186
104000290,79,220,-141
104000291,396,880,-484
104000293,776,567,209
104000294,74,0,74
104000295,535,692,-157
104000296,444,612,-168
104000297,580,1629,-1049
104000298,1774,728,1046
104000299,544,1110,-566
104900001,147,223,-76
104900002,95,169,-74
104900003,51,190,-139
104900004,88,162,-74
104900005,357,329,28
104900006,404,74,330
104900007,320,201,119
104900009,146,192,-46
104900010,86,35,51
104900011,22,18,4
104900012,215,32,183
104900013,133,14,119
104900014,1615,297,1318
104900015,64,4,60
104900016,242,128,114
104900017,209,127,82
104900018,11,131,-120
104900019,231,3402,-3171
104900020,35,194,-159
104900021,4,129,-125
104900022,8,61,-53
104900023,1,54,-53
104900024,36,54,-18
104900025,65,133,-68
104900026,0,47,-47
104900027,584,253,331
104900028,26,59,-33
104900029,50,61,-11
104900030,449,156,293
104900031,59,174,-115
104900032,57,79,-22
104900033,206,242,-36
104900034,387,143,244
104900035,361,161,200
104900036,200,49,151
104900037,128,148,-20
104900038,275,977,-702
104900039,465,538,-73
104900040,482,77,405
104900041,317,141,176
104900042,181,176,5
104900043,17,198,-181
104900044,807,136,671
104900045,445,59,386
104900046,244,74,170
104900047,392,88,304
104900048,364,91,273
104900049,59,47,12
104900050,436,67,369
104900051,333,29,304
104900052,89,1,88
104900053,408,91,317
104900054,172,30,142
104900055,195,2,193
104900056,156,18,138
104900057,63,3,60
104900058,691,797,-106
104900059,160,104,56
104900060,1,376,-375
104900061,193,335,-142
104900063,2,121,-119
104900064,0,56,-56
104900065,0,168,-168
104900066,3,82,-79
104900067,8,224,-216
104900068,14,109,-95
104900070,149,188,-39
104900071,1,373,-372
104900072,58,233,-175
104900073,107,68,39
104900074,64,130,-66
104900075,61,39,22
104900076,95,169,-74
104900077,593,294,299
104900078,200,283,-83
104900079,98,508,-410
104900080,123,401,-278
104900082,33,262,-229
104900085,1,101,-100
104900087,256,4,252
104900089,311,0,311
104900090,1200,711,489
104900091,568,477,91
104900093,179,345,-166
104900097,1774,2386,-612
104900098,162,47,115
104900099,76,529,-453
104900100,226,196,30
104900102,44,95,-51
104900103,485,50,435
104900104,2065,2255,-190
104900106,149,83,66
104900107,140,130,10
104900108,62,131,-69
104900109,109,157,-48
104900110,10,61,-51
104900111,267,118,149
104900112,321,349,-28
104900113,827,254,573
104900114,500,263,237
104900115,806,294,512
104900116,298,114,184
104900118,16,36,-20
104900119,3,55,-52
104900120,18,244,-226
104900121,1,54,-53
104900122,10,41,-31
104900123,73,13,60
104900124,54,1,53
104900125,349,5,344
104900126,36,33,3
104900127,38,39,-1
104900128,135,141,-6
104900129,1066,2281,-1215
105000001,2578,1274,1304
105000002,2246,1379,867
105000003,2742,3945,-1203
105000004,673,744,-71
105000005,1125,1121,4
105000006,1393,1570,-177
105000007,1386,1809,-423
105000008,1449,4217,-2768
105000009,2885,2949,-64
105000010,2445,1241,1204
105000011,4150,2937,1213
105000012,3277,2027,1250
105000013,975,1061,-86
105000014,2320,2669,-349
105000015,10276,16661,-6385
105000016,1687,1806,-119
105000017,1424,846,578
105000018,932,1522,-590
105000019,989,886,103
105000020,187,490,-303
105000021,222,115,107
105000022,239,141,98
105000023,525,260,265
105000028,69,93,-24
105000029,625,1431,-806
105000030,3041,1848,1193
105000033,842,1399,-557
105000034,139,1000,-861
105000037,531,186,345
105000038,1668,1763,-95
105000039,2107,1304,803
105000040,1050,1652,-602
105000041,519,1225,-706
105000042,3331,2285,1046
105000043,1385,2775,-1390
105000044,805,571,234
105000045,371,498,-127
105000046,1337,421,916
105000047,547,756,-209
105000048,537,161,376
105000049,210,299,-89
105000050,681,318,363
105000051,110,290,-180
105000052,503,600,-97
105000053,76,108,-32
105000054,385,621,-236
105000055,802,219,583
105000056,1342,1299,43
105000057,1051,525,526
105000058,1198,878,320
105000059,785,509,276
105000060,439,514,-75
105000061,834,447,387
105000062,582,534,48
105000063,340,299,41
105000064,1650,612,1038
105000065,309,401,-92
105000066,953,928,25
105000067,1668,591,1077
105000068,353,641,-288
105000069,1249,2243,-994
105000070,397,977,-580
105000071,191,1016,-825
105000072,705,2241,-1536
105000073,909,599,310
105000074,840,530,310
105000075,496,655,-159
105000076,958,723,235
105000077,1992,1096,896
105000078,1140,1173,-33
105000079,1136,3210,-2074
105000080,1913,1637,276
105000081,2762,1316,1446
105000082,1024,2021,-997
105000083,4069,4310,-241
105000084,541,667,-126
105000085,1787,2446,-659
105000086,570,818,-248
105000087,1189,1776,-587
105000088,1283,1677,-394
105000089,2649,1864,785
105000090,957,738,219
105000091,1112,1135,-23
105000092,553,660,-107
105000093,311,350,-39
105000094,344,262,82
105000095,107,420,-313
105000096,1153,1123,30
105000097,849,660,189
105000098,1079,586,493
105000099,662,608,54
105000100,1431,808,623
105000101,1598,1731,-133
105000102,2059,1465,594
105000103,1315,2341,-1026
105000104,2278,932,1346
105000105,965,1332,-367
105000106,1770,1313,457
105000107,1903,880,1023
105000108,2259,1352,907
105000109,2045,1277,768
105000110,927,418,509
105000111,861,458,403
105000112,1338,527,811
105000113,475,656,-181
105000114,1701,1160,541
105000115,263,1214,-951
105000116,804,414,390
105000117,709,477,232
105000118,790,412,378
105000119,692,623,69
105000120,1384,553,831
105000121,879,680,199
105000122,408,582,-174
105000123,853,760,93
105000124,1999,568,1431
105000125,835,1155,-320
105000126,2182,1067,1115
105000127,2358,1332,1026
105000128,527,766,-239
105000129,819,204,615
105000130,320,3247,-2927
105000131,646,277,369
105000132,1128,667,461
105000133,507,774,-267
105000134,989,467,522
105000135,367,344,23
105000136,53,60,-7
105000137,398,173,225
105000138,57,73,-16
105000139,857,565,292
105000140,271,349,-78
105000141,367,353,14
105000142,285,346,-61
105000143,191,392,-201
105000144,268,495,-227
105000145,723,257,466
105000146,386,605,-219
105000147,772,271,501
105000148,1095,601,494
105000149,2706,1919,787
105000150,1609,1015,594
105000151,528,279,249
105000152,153,440,-287
105000153,593,585,8
105000154,508,456,52
105000155,335,767,-432
105000156,672,534,138
105000157,714,1140,-426
105000158,1916,608,1308
105000159,323,845,-522
105000160,2274,601,1673
105000161,701,666,35
105000162,540,1703,-1163
105000163,846,614,232
105000164,203,206,-3
105000165,605,5513,-4908
105000166,3727,1308,2419
105000167,1210,2115,-905
105000168,534,462,72
105000169,631,191,440
105000170,347,1043,-696
105000171,907,149,758
105000172,153,21,132
105000173,339,22,317
105000174,87,34,53
105000175,108,86,22
105000176,667,78,589
105000177,397,197,200
105000178,282,349,-67
105000179,875,108,767
105000180,271,93,178
105000181,198,183,15
105000182,41,25,16
105000183,1543,1920,-377
105000184,1024,1265,-241
105000185,1456,1166,290
105000186,403,783,-380
105000187,809,225,584
105000188,236,135,101
105000189,166,475,-309
105000190,334,286,48
105000191,447,243,204
105000192,345,52,293
105000193,85,139,-54
105000194,384,113,271
105000195,379,542,-163
105000196,79,261,-182
105000197,295,394,-99
105000198,402,285,117
105000199,172,542,-370
105000200,147,296,-149
105000201,68,29,39
105000203,9,100,-91
105000204,115,95,20
105000205,69,162,-93
105000207,414,154,260
105000208,255,955,-700
105000209,165,238,-73
105000212,1088,693,395
105000213,164,164,0
105000214,220,163,57
105000215,399,121,278
105000216,176,151,25
105000217,149,189,-40
105000218,1706,742,964
105000221,124,103,21
105000222,540,220,320
105000223,287,212,75
105000226,82,120,-38
105000227,79,93,-14
105000228,186,2130,-1944
105000229,174,526,-352
105000231,373,333,40
105000233,910,597,313
105000234,479,857,-378
105000235,344,434,-90
105000237,832,65,767
105000243,33,69,-36
105000248,101,96,5
105000262,291,664,-373
105000269,156,158,-2
105000270,576,31,545
105000271,0,102,-102
105000282,45,33,12
105000287,295,84,211
105000288,610,310,300
105000289,2052,2034,18
105000290,33,10,23
105000402,2254,4226,-1972
105000426,405,774,-369
105000438,3221,1659,1562
105000446,7924,5096,2828
105000447,4052,2273,1779
105000454,740,226,514
105000455,220,135,85
105000474,111,3,108
105000477,520,507,13
105000478,2073,5343,-3270
105000479,100,111,-11
105000480,8009,7280,729
105000481,4576,3533,1043
105000482,3719,6359,-2640
105000483,1774,2361,-587
105000484,1678,2437,-759
105000485,1597,3574,-1977
105000486,2516,2096,420
105000488,7406,4031,3375
105000489,937,574,363
105000549,113,108,5
105000550,444,1139,-695
105000551,40,93,-53
105000552,1777,1159,618
105900001,16,2002,-1986
105900002,726,747,-21
105900003,27,83,-56
105900004,271,118,153
105900005,15,169,-154
105900006,10,156,-146
105900007,94,47,47
105900008,57,319,-262
105900009,35,10,25
105900011,317,65,252
105900012,625,136,489
105900013,2,32,-30
105900014,21,70,-49
105900015,154,427,-273
105900016,670,437,233
105900017,1591,32,1559
105900018,166,134,32
105900019,104,482,-378
105900020,58,38,20
105900021,40,1082,-1042
105900022,243,174,69
105900023,6,255,-249
105900024,17,293,-276
105900025,301,16,285
105900026,237,19,218
105900027,13086,7993,5093
105900028,711,761,-50
105900029,1634,380,1254
105900030,217,238,-21
105900031,342,174,168
105900032,69,104,-35
105900033,78,97,-19
105900034,231,190,41
105900035,200,203,-3
105900036,152,114,38
105900037,64,56,8
105900038,179,193,-14
105900039,122,98,24
105900040,56,105,-49
105900041,181,255,-74
105900042,73,123,-50
105900043,1129,57,1072
105900044,11,226,-215
105900045,1,671,-670
105900046,2,201,-199
105900047,25,34,-9
105900048,80,358,-278
105900050,6627,7206,-579
105900051,74,1082,-1008
105900052,609,302,307
105900053,2420,3394,-974
105900054,301,200,101
105900056,677,484,193
105900057,17,167,-150
105900058,21,18,3
105900059,0,81,-81
106000001,3307,2288,1019
106000002,1377,4373,-2996
106000003,2702,3323,-621
106000004,1156,2197,-1041
106000005,3494,4400,-906
106000006,4374,2281,2093
106000007,489,433,56
106000008,363,289,74
106000009,610,296,314
106000010,555,493,62
106000011,1120,1013,107
106000012,794,790,4
106000013,1935,1702,233
106000014,1492,1037,455
106000015,1857,1066,791
106000016,1094,1308,-214
106000017,536,622,-86
106000018,519,299,220
106000019,417,325,92
106000020,348,223,125
106000021,304,386,-82
106000022,268,172,96
106000023,605,247,358
106000024,568,301,267
106000025,138,185,-47
106000026,52,131,-79
106000027,1566,1030,536
106000028,506,223,283
106000029,585,655,-70
106000030,359,545,-186
106000034,211,439,-228
106000035,843,1961,-1118
106000036,122,406,-284
106000037,1575,997,578
106000038,160,122,38
106000039,123,110,13
106000040,108,866,-758
106000041,606,696,-90
106000043,519,260,259
106000046,287,93,194
106000047,40,471,-431
106000049,1110,208,902
106000050,228,416,-188
106000051,728,454,274
106000052,100,406,-306
106000053,445,99,346
106000054,320,238,82
106000055,1179,673,506
106000056,252,284,-32
106000057,392,194,198
106000058,124,113,11
106000059,392,193,199
106000060,268,408,-140
106000061,222,475,-253
106000062,128,439,-311
106000063,718,614,104
106000064,28,227,-199
106000065,427,295,132
106000066,106,222,-116
106000067,369,95,274
106000068,99,525,-426
106000069,284,65,219
106000070,475,568,-93
106000071,1020,264,756
106000072,1875,1335,540
106000073,1149,2884,-1735
106000074,521,540,-19
106000075,227,1258,-1031
106000076,1519,1709,-190
106000077,2784,1114,1670
106000078,1199,710,489
106000079,718,646,72
106000080,1298,456,842
106000081,773,908,-135
106000082,2049,624,1425
106000083,403,1225,-822
106000084,1121,584,537
106000085,1085,1399,-314
106000086,590,728,-138
106000087,819,512,307
106000088,372,614,-242
106000089,965,302,663
106000090,253,472,-219
106000091,269,427,-158
106000092,669,247,422
106000093,289,111,178
106000094,88,210,-122
106000095,952,547,405
106000096,900,506,394
106000097,1303,570,733
106000098,664,648,16
106000099,219,672,-453
106000100,1484,171,1313
106000101,1468,320,1148
106000102,231,682,-451
106000103,286,414,-128
106000104,918,321,597
106000105,507,401,106
106000106,677,319,358
106000107,113,177,-64
106000108,313,208,105
106000109,193,111,82
106000110,315,160,155
106000111,140,230,-90
106000112,268,504,-236
106000113,520,440,80
106000114,343,607,-264
106000115,191,250,-59
106000116,297,138,159
106000117,868,451,417
106000118,1136,1296,-160
106000119,972,659,313
106000120,939,1321,-382
106000121,219,139,80
106000122,153,97,56
106000123,567,107,460
106000124,85,104,-19
106000125,19,148,-129
106000126,297,62,235
106000127,840,498,342
106000128,736,106,630
106000129,458,358,100
106000130,854,180,674
106000131,136,549,-413
106000132,487,132,355
106000133,1133,962,171
106000134,356,1915,-1559
106000135,170,377,-207
106000136,556,982,-426
106000137,54,463,-409
106000138,1016,82,934
106000139,86,64,22
106000140,66,29,37
106000141,159,28,131
106000142,94,52,42
106000143,19,26,-7
106000144,26,52,-26
106000145,298,153,145
106000146,451,90,361
106000147,332,354,-22
106000148,402,636,-234
106000149,579,232,347
106000150,502,1632,-1130
106000151,2490,678,1812
106000152,1043,1932,-889
106000153,62,1693,-1631
106000154,917,138,779
106000155,143,251,-108
106000156,1269,236,1033
106000157,645,1285,-640
106000158,1880,870,1010
106000159,1829,1772,57
106000160,534,2981,-2447
106000161,1246,202,1044
106000162,305,870,-565
106000163,354,205,149
106000164,510,201,309
106000165,269,329,-60
106000166,861,217,644
106000167,404,559,-155
106000168,638,227,411
106000169,325,345,-20
106000170,966,194,772
106000171,238,895,-657
106000172,2918,1121,1797
106000173,1142,1837,-695
106000174,1161,336,825
106000175,294,451,-157
106000176,1679,714,965
106000177,879,1540,-661
106000178,3156,1282,1874
106000179,862,1318,-456
106000180,725,792,-67
106000181,1143,1343,-200
106000182,1635,486,1149
106000183,1683,417,1266
106000184,2322,473,1849
106000185,1383,1113,270
106000186,674,91,583
106000187,218,944,-726
106000188,2,5,-3
106000189,15,34,-19
106000190,24,4,20
106000191,595,122,473
106000192,5,22,-17
106000193,351,210,141
106000194,146,445,-299
106000195,708,338,370
106000196,226,725,-499
106000197,587,330,257
106000198,149,181,-32
106000199,525,842,-317
106000200,179,225,-46
106000201,426,3413,-2987
106000202,2210,495,1715
106000203,19,82,-63
106000204,114,9,105
106000205,4,84,-80
106000206,65,28,37
106000207,31,329,-298
106000208,1573,146,1427
106000209,1712,294,1418
106000210,292,554,-262
106000211,230,802,-572
106000212,862,501,361
106000213,450,1990,-1540
106000214,1632,808,824
106000215,222,359,-137
106000216,365,249,116
106000217,214,215,-1
106000218,414,300,114
106000219,146,180,-34
106000220,483,201,282
106000221,244,128,116
106000222,87,58,29
106000223,317,75,242
106000224,232,139,93
106000225,54,101,-47
106000226,80,185,-105
106000228,107,76,31
106000229,75,421,-346
106000231,948,101,847
106000232,61,216,-155
106000233,522,50,472
106000234,38,208,-170
106000235,336,124,212
106000236,107,111,-4
106000237,1,9,-8
106000238,14,19,-5
106000239,5,93,-88
106000240,34,8,26
106000241,13,417,-404
106000242,204,35,169
106000249,53,45,8
106000250,82,528,-446
106000251,124,35,89
106000252,15,86,-71
106000253,72,67,5
106000254,53,25,28
106000255,21,164,-143
106000256,51,28,23
106000257,143,165,-22
106000258,136,20,116
106000259,3,41,-38
106000260,17,6,11
106000261,6,39,-33
106000262,68,8,60
106000263,6,33,-27
106000264,260,9,251
106000265,9,144,-135
106000266,91,22,69
106000267,1,74,-73
106000268,312,29,283
106000269,30,50,-20
106000270,117,353,-236
106000271,65,120,-55
106000272,174,45,129
106000273,8,204,-196
106000274,149,38,111
106000275,202,261,-59
106000276,122,34,88
106000277,123,264,-141
106000278,136,30,106
106000279,6,17,-11
106000280,72,37,35
106000281,103,52,51
106000282,64,62,2
106000283,103,57,46
106000284,110,95,15
106000285,100,64,36
106000286,95,103,-8
106000287,127,48,79
106000288,93,91,2
106000289,82,40,42
106000290,51,52,-1
106000291,88,56,32
106000292,74,83,-9
106000293,148,101,47
106000294,114,93,21
106000295,54,64,-10
106000296,36,77,-41
106000297,67,180,-113
106000298,103,56,47
106000299,62,86,-24
106000300,60,64,-4
106000301,86,98,-12
106000303,35,63,-28
106000304,15,18,-3
106000305,56,48,8
106000306,27,26,1
106000307,55,17,38
106000308,23,79,-56
106000309,22,48,-26
106000310,320,305,15
106000311,397,162,235
106000312,115,89,26
106000313,222,159,63
106000318,81,444,-363
106000319,965,273,692
106000320,4,64,-60
106000321,219,143,76
106000322,171,85,86
106000324,18,77,-59
106000325,1707,855,852
106000326,738,1169,-431
106000327,203,79,124
106000328,29,79,-50
106000329,67,188,-121
106000330,27,68,-41
106000428,74,135,-61
106000429,139,240,-101
106000430,306,890,-584
106000431,2124,350,1774
106000432,1133,1947,-814
106000433,2564,1196,1368
106000434,3105,1628,1477
106000435,987,1832,-845
106000436,9,87,-78
106000437,277,50,227
106000438,440,242,198
106000439,100,384,-284
106000440,299,377,-78
106000441,3,1,2
106000442,144,5,139
106000443,200,146,54
106000450,3,87,-84
106000451,22,68,-46
106000454,1,54,-53
106000455,5,92,-87
106000456,96,31,65
106000457,18,433,-415
106000458,1081,85,996
106000459,173,152,21
106000460,1765,15,1750
106000461,113,480,-367
106000462,5,31,-26
106000463,3,3,0
106000464,2,206,-204
106000465,837,4,833
106000466,0,255,-255
106000467,177,277,-100
106000468,104,115,-11
106000469,94,2,92
106000470,269,1634,-1365
106000471,10,271,-261
106000472,200,14,186
106000473,62,13,49
106000474,252,229,23
106000475,303,135,168
106000476,105,202,-97
106000477,13,18,-5
106900001,0,14,-14
106900002,1,242,-241
106900003,148,1295,-1147
106900004,0,16,-16
106900006,0,14,-14
106900007,0,11,-11
106900008,451,117,334
106900009,401,187,214
106900010,202,197,5
106900012,1022,2566,-1544
106900013,717,180,537
106900014,52,6,46
106900015,15,1,14
106900016,335,19,316
106900017,18,1,17
106900018,7,0,7
106900019,83,0,83
106900020,2191,1601,590
106900021,249,165,84
106900022,920,2,918
106900023,51,206,-155
106900024,865,74,791
106900025,35,648,-613
106900026,2,241,-239
106900027,958,7,951
107000001,3475,5318,-1843
107000002,2217,3785,-1568
107000003,7011,6332,679
107000004,4019,3042,977
107000005,6225,5672,553
107000006,3302,2181,1121
107000007,6309,10205,-3896
107000008,6894,5223,1671
107000009,8994,8290,704
107000010,6785,5838,947
107000011,793,981,-188
107000012,2809,1825,984
107000013,70,60,10
107000014,69,155,-86
107000015,439,534,-95
107000016,832,503,329
107000017,3464,5099,-1635
107000018,71,4052,-3981
107000020,2574,4298,-1724
107000021,1479,464,1015
107000022,918,2445,-1527
107000023,1747,235,1512
107000024,810,1186,-376
107000025,265,352,-87
107000026,382,332,50
107000027,1535,1026,509
107000028,1459,745,714
107000029,3966,3234,732
107000030,2522,2026,496
107000031,5015,2563,2452
107000032,445,650,-205
107000033,2165,3691,-1526
107000034,5390,1192,4198
107000035,384,206,178
107000036,1060,1149,-89
107000037,95,690,-595
107000038,175,193,-18
107000039,925,693,232
107000040,213,241,-28
107000041,1568,797,771
107000042,706,1967,-1261
107000043,2094,1034,1060
107000044,427,561,-134
107000045,79,273,-194
107000046,747,396,351
107000047,461,667,-206
107000048,651,266,385
107000049,679,689,-10
107000050,1021,500,521
107000051,242,342,-100
107000052,1033,1037,-4
107000053,395,279,116
107000054,71,186,-115
107000055,197,111,86
107000056,368,638,-270
107000057,1214,203,1011
107000058,1932,2464,-532
107000059,1592,2688,-1096
107000060,5197,4934,263
107000061,4799,2788,2011
107000062,5780,2689,3091
107000063,4219,3287,932
107000064,4896,2525,2371
107000065,3430,3260,170
107000066,2013,3532,-1519
107000067,1426,1429,-3
107000068,1326,872,454
107000069,1128,604,524
107000070,1132,26,1106
107000071,4016,58,3958
107000072,35,1478,-1443
107000073,1126,446,680
107000074,118,597,-479
107000075,2142,487,1655
107000076,449,890,-441
107000077,4058,1473,2585
107000078,2012,2036,-24
107000079,3195,1197,1998
107000080,836,2073,-1237
107000081,2539,600,1939
107000082,630,831,-201
107000083,1582,476,1106
107000084,292,953,-661
107000085,2754,2897,-143
107000086,2984,2833,151
107000087,3243,1820,1423
107000088,3160,3081,79
107000089,1696,1639,57
107000090,1229,857,372
107000091,1812,833,979
107000092,895,662,233
107000093,1313,802,511
107000094,889,838,51
107000095,1045,606,439
107000096,493,516,-23
107000097,451,285,166
107000098,212,265,-53
107000099,428,309,119
107000100,198,302,-104
107000101,81,192,-111
107000102,165,266,-101
107000103,216,162,54
107000104,170,207,-37
107000105,425,132,293
107000106,191,156,35
107000107,550,119,431
107000108,95,342,-247
107000109,776,147,629
107000110,81,342,-261
107000111,461,47,414
107000112,49,191,-142
107000113,760,85,675
107000114,96,323,-227
107000115,682,183,499
107000116,114,502,-388
107000117,172,679,-507
107000118,148,134,14
107000119,1310,1443,-133
107000120,816,590,226
107000121,1108,576,532
107000122,1021,572,449
107000123,558,410,148
107000124,610,593,17
107000125,1213,405,808
107000126,1071,441,630
107000127,22,254,-232
107000129,181,193,-12
107000130,358,223,135
107000131,487,398,89
107000132,666,364,302
107000133,483,252,231
107000134,298,1,297
107000135,3,303,-300
107000136,685,14,671
107000137,13,444,-431
107000138,182,32,150
107000139,28,608,-580
107000140,1394,118,1276
107000141,124,610,-486
107000142,463,86,377
107000143,78,471,-393
107000144,475,500,-25
107000145,137,404,-267
107000146,227,332,-105
107000147,3774,857,2917
107000150,466,3266,-2800
107000151,44,95,-51
107000152,416,1694,-1278
107000153,80,375,-295
107000154,124,325,-201
107000155,1047,25,1022
107000156,1353,17,1336
107000157,114,752,-638
107000158,663,30,633
107000159,35,451,-416
107000160,1572,206,1366
107000161,65,640,-575
107000162,265,606,-341
107000163,465,8,457
107000164,912,2,910
107000165,1559,4,1555
107000166,37,599,-562
107000167,781,187,594
107000168,1075,612,463
107000169,650,543,107
107000170,3154,863,2291
107000171,745,1131,-386
107000172,1341,1723,-382
107000173,569,577,-8
107000174,1306,6653,-5347
107000175,4642,1118,3524
107000176,0,1,-1
107000177,17,2,15
107000178,24,10,14
107000179,264,1154,-890
107000180,1748,213,1535
107000181,425,602,-177
107000182,2137,626,1511
107000183,156,546,-390
107000184,1228,465,763
107000185,565,1028,-463
107000186,1532,393,1139
107000187,1279,987,292
107000188,682,574,108
107000189,625,843,-218
107000190,808,506,302
107000191,787,738,49
107000192,1884,530,1354
107000193,467,440,27
107000194,699,537,162
107000197,1010,324,686
107000198,332,521,-189
107000199,937,635,302
107000200,613,670,-57
107000201,457,281,176
107000202,310,443,-133
107000203,1052,1181,-129
107000204,1215,1297,-82
107000205,1888,901,987
107000206,865,1724,-859
107000207,724,1215,-491
107000208,1083,706,377
107000209,1340,1515,-175
107000210,417,215,202
107000211,13,68,-55
107000212,55,305,-250
107000213,3,30,-27
107000214,31,137,-106
107000215,555,238,317
107000216,552,673,-121
107000217,161,99,62
107000219,127,224,-97
107000220,157,125,32
107000222,298,480,-182
107000224,866,117,749
107000225,116,297,-181
107000226,844,85,759
107000227,97,149,-52
107000228,230,455,-225
107000229,62,115,-53
107000230,943,462,481
107000231,1041,2005,-964
107000232,117,14,103
107000233,751,1085,-334
107000234,2,76,-74
107000235,133,16,117
107000236,15,508,-493
107000237,66,2,64
107000238,27,2,25
107000239,2741,432,2309
107000240,40,622,-582
107000241,98,10,88
107000242,338,39,299
107000243,0,29,-29
107000244,5,65,-60
107000246,7,1051,-1044
107000249,2,1062,-1060
107000251,0,363,-363
107000252,3,505,-502
107000255,210,187,23
107000257,4,404,-400
107000258,5,179,-174
107000259,2,91,-89
107000260,1672,43,1629
107000262,6,270,-264
107000263,399,4,395
107000266,9,14,-5
107000267,54,56,-2
107000268,121,100,21
107000269,171,11,160
107000270,231,70,161
107000271,12,52,-40
107000272,122,15,107
107000273,10,312,-302
107000274,2235,1147,1088
107000275,111,3161,-3050
107000280,1118,53,1065
107000281,47,307,-260
107000282,80,474,-394
107000290,29,22,7
107000291,17,14,3
107000292,2,295,-293
107000293,81,11,70
107000294,0,54,-54
107000295,32,5,27
107000296,0,14,-14
107000444,338,9,329
107000496,0,5,-5
107000497,1361,1358,3
107000500,299,213,86
107000501,68,126,-58
107000502,154,174,-20
107000505,270,631,-361
107000506,0,8,-8
107000508,5,286,-281
107000509,196,571,-375
107000510,27,35,-8
107000514,70,455,-385
107000515,19,100,-81
107000516,516,264,252
107000518,1360,2060,-700
107000519,965,614,351
107000520,121,50,71
107900001,101,78,23
107900002,68,13,55
107900003,663,29,634
107900004,187,3,184
107900005,1740,4,1736
107900006,292,5,287
107900007,520,48,472
107900008,48,12,36
107900009,190,11,179
107900010,60,3,57
107900012,346,78,268
107900013,240,17,223
107900014,98,17,81
107900015,1387,11,1376
107900016,347,88,259
107900017,35,6,29
107900018,121,245,-124
107900019,19,14,5
107900020,80,24,56
107900021,113,54,59
107900023,5,3,2
107900024,0,3,-3
107900025,205,170,35
107900026,61,39,22
107900027,31,50,-19
107900028,148,50,98
107900030,250,33,217
107900031,59,55,4
107900032,28,5,23
107900033,15,8,7
107900034,524,28,496
107900035,1202,69,1133
107900036,115,35,80
107900037,0,6,-6
107900038,91,349,-258
107900039,62,34,28
107900040,17,201,-184
107900041,3,3,0
107900043,59,87,-28
107900044,8,15,-7
107900045,194,55,139
107900046,182,186,-4
107900047,28,7,21
107900048,203,19,184
107900049,356,1567,-1211
107900050,68,205,-137
107900051,85,43,42
107900052,35,45,-10
107900053,67,85,-18
107900055,823,325,498
107900056,138,63,75
107900057,1,0,1
107900058,31,489,-458
107900060,41,103,-62
107900061,11,18,-7
107900063,88,105,-17
107900064,306,235,71
107900065,354,21,333
107900066,34,4,30
107900067,0,0,0
107900068,121,642,-521
107900069,32,2602,-2570
107900070,292,115,177
107900071,32,496,-464
107900072,143,86,57
107900073,147,55,92
107900074,417,366,51
107900076,167,37,130
107900077,97,2,95
107900078,236,60,176
107900079,16,25,-9
107900080,250,635,-385
107900081,76,67,9
107900082,18,9,9
107900083,327,200,127
107900084,133,112,21
107900086,44,218,-174
107900087,431,193,238
107900088,71,14,57
107900089,248,952,-704
107900090,1632,3020,-1388
107900091,176,216,-40
107900092,1182,349,833
107900093,62,54,8
107900095,2194,2168,26
107900097,45,83,-38
107900098,78,181,-103
107900100,707,1653,-946
107900101,668,120,548
107900102,73,12,61
107900103,36,144,-108
107900104,192,8,184
107900105,0,157,-157
107900106,1,456,-455
107900107,1859,521,1338
107900108,146,72,74
107900109,1814,25,1789
107900110,83,32,51
107900111,3,398,-395
107900112,52,364,-312
107900113,262,38,224
107900114,229,85,144
107900115,2,26,-24
107900116,301,69,232
107900117,329,182,147
107900118,42,72,-30
107900119,98,262,-164
107900120,43,36,7
107900121,1,118,-117
107900122,5,161,-156
107900123,7,56,-49
107900124,21,43,-22
107900125,56,213,-157
107900126,20,50,-30
107900127,526,368,158
107900128,73,81,-8
107900129,104,7,97
107900130,117,8,109
107900131,374,466,-92
107900132,65,202,-137
107900133,1,67,-66
107900134,51,101,-50
107900135,11,123,-112
107900136,36,39,-3
107900137,103,143,-40
107900138,79,20,59
107900139,50,52,-2
107900140,87,33,54
107900141,44,43,1
107900142,46,433,-387
107900143,35,19,16
107900144,0,123,-123
107900145,12,44,-32
107900146,46,143,-97
107900147,56,38,18
107900148,99,110,-11
107900149,489,154,335
107900150,77,360,-283
107900151,63,91,-28
107900152,9,119,-110
107900153,126,397,-271
107900154,69,21,48
107900155,127,45,82
107900156,33,145,-112
107900157,47,41,6
107900158,1085,30,1055
107900159,9,490,-481
107900160,170,168,2
107900161,49,118,-69
107900162,0,85,-85
107900163,55,76,-21
107900164,26,34,-8
107900165,51,155,-104
107900166,24,101,-77
107900167,56,37,19
107900168,40,20,20
107900169,9,86,-77
107900171,6,571,-565
107900172,0,219,-219
107900173,28,73,-45
107900174,194,8,186
107900175,46,77,-31
107900176,50,18,32
107900177,2,313,-311
107900178,27,72,-45
107900179,25,91,-66
107900180,317,779,-462
107900181,333,259,74
107900182,3,570,-567
107900183,66,121,-55
107900184,125,135,-10
107900185,155,7,148
107900186,39,38,1
107900187,1,80,-79
107900188,397,148,249
107900189,38,74,-36
107900190,44,161,-117
107900191,79,69,10
107900193,0,35,-35
107900194,225,11,214
107900195,1063,320,743
107900196,111,58,53
107900197,439,478,-39
107900199,3,433,-430
107900201,85,61,24
107900203,33,93,-60
107900204,138,244,-106
107900205,289,322,-33
107900206,1067,322,745
107900207,2,350,-348
107900208,7,314,-307
107900209,247,138,109
107900210,40,66,-26
107900213,702,587,115
107900214,12,63,-51
107900215,139,366,-227
107900216,188,88,100
107900217,42,99,-57
107900218,22,2279,-2257
107900219,40,43,-3
107900220,193,265,-72
107900221,116,168,-52
107900223,121,301,-180
107900224,95,373,-278
107900225,14,454,-440
107900226,79,60,19
107900227,130,299,-169
107900228,37,72,-35
107900229,2,154,-152
107900230,16,34,-18
107900231,25,144,-119
107900232,129,64,65
107900233,9,104,-95
107900234,149,55,94
107900235,24,142,-118
107900236,155,35,120
107900237,49,270,-221
107900238,22,70,-48
107900239,462,628,-166
107900240,32,52,-20
107900241,14,38,-24
107900242,40,117,-77
107900243,1,56,-55
107900244,326,17,309
107900245,808,41,767
107900246,265,24,241
107900248,288,178,110
107900249,1126,60,1066
107900250,1,277,-276
107900251,47,658,-611
107900252,1227,31,1196
107900253,300,13,287
107900254,53,305,-252
107900255,194,91,103
107900256,1434,2489,-1055
107900257,370,122,248
107900258,118,179,-61
107900259,82,2740,-2658
107900261,0,150,-150
107900262,38,59,-21
107900264,439,13,426
107900265,175,138,37
107900267,326,10,316
107900268,3,0,3
107900269,0,0,0
107900270,0,0,0
107900271,0,14,-14
107900272,28,18,10
107900273,71,83,-12
107900274,127,0,127
107900275,42,0,42
107900276,0,82,-82
107900277,1,140,-139
107900278,384,262,122
107900279,80,147,-67
107900280,1999,1998,1
107900281,614,3694,-3080
107900282,22,572,-550
107900283,698,730,-32
107900284,582,350,232
107900285,132,53,79
107900286,72,78,-6
107900287,327,196,131
107900290,0,202,-202
107900291,592,19,573
107900292,93,99,-6
107900293,92,226,-134
107900295,52,28,24
107900297,0,300,-300
107900298,613,442,171
107900299,1983,2612,-629
107900300,96,261,-165
107900301,508,815,-307
107900302,90,66,24
107900303,234,171,63
107900304,503,325,178
107900305,410,15,395
107900306,9,39,-30
107900307,26,210,-184
107900308,173,157,16
107900309,107,0,107
107900310,429,2,427
107900311,17,985,-968
107900312,96,4,92
107900313,1,201,-200
107900314,0,62,-62
107900315,1,60,-59
107900316,64,4,60
107900317,95,13,82
107900318,6,144,-138
107900319,3,131,-128
107900320,9,80,-71
107900321,169,1,168
107900322,0,45,-45
107900323,26,90,-64
107900324,107,5,102
107900325,116,0,116
107900326,456,137,319
107900327,1,64,-63
107900328,71,5,66
107900329,87,150,-63
107900330,5,235,-230
107900331,392,19,373
107900332,334,11,323
107900333,63,23,40
107900334,3,102,-99
107900335,37,42,-5
107900336,29,48,-19
107900337,608,919,-311
107900338,7,111,-104
107900339,0,25,-25
107900340,2,37,-35
107900341,85,1,84
107900342,117,75,42
107900343,43,3,40
107900344,12,94,-82
107900345,83,22,61
107900346,25,1,24
107900347,32,0,32
107900348,5,1,4
107900349,24,16,8
107900350,32,229,-197
108000001,3278,3396,-118
108000002,1671,1617,54
108000003,3550,3679,-129
108000004,9834,10830,-996
108000005,8301,6426,1875
108000006,5920,6113,-193
108000007,5272,3911,1361
108000008,3724,4611,-887
108000009,4251,4632,-381
108000010,2374,3133,-759
108000011,12334,12161,173
108000012,10950,11061,-111
108000014,680,1216,-536
108000015,773,218,555
108000016,320,684,-364
108000017,1081,359,722
108000018,1894,670,1224
108000019,1710,988,722
108000020,1270,473,797
108000021,315,1451,-1136
108000022,372,1089,-717
108000023,1320,237,1083
108000024,303,305,-2
108000025,378,225,153
108000026,766,207,559
108000027,828,324,504
108000028,629,159,470
108000029,536,281,255
108000030,616,184,432
108000031,236,497,-261
108000032,1906,607,1299
108000033,761,700,61
108000034,1958,422,1536
108000035,718,1216,-498
108000036,305,750,-445
108000037,1909,357,1552
108000038,2904,511,2393
108000039,460,1241,-781
108000040,2179,968,1211
108000041,639,1501,-862
108000042,363,121,242
108000043,186,187,-1
108000044,811,116,695
108000045,320,309,11
108000046,1681,276,1405
108000047,500,564,-64
108000048,175,247,-72
108000049,953,234,719
108000050,78,291,-213
108000051,387,148,239
108000052,167,394,-227
108000053,455,245,210
108000054,435,913,-478
108000055,1208,635,573
108000056,699,1132,-433
108000057,684,1291,-607
108000058,1905,3752,-1847
108000059,2310,1473,837
108000060,206,404,-198
108000061,150,181,-31
108000062,1088,647,441
108000063,461,338,123
108000064,271,263,8
108000065,550,374,176
108000066,1406,704,702
108000067,1972,652,1320
108000068,862,355,507
108000069,192,569,-377
108000070,2125,613,1512
108000071,501,991,-490
108000072,1964,1035,929
108000073,1108,1192,-84
108000074,649,335,314
108000075,305,482,-177
108000076,905,513,392
108000077,557,422,135
108000078,2591,1000,1591
108000079,697,924,-227
108000080,1690,454,1236
108000081,462,749,-287
108000082,697,1259,-562
108000083,1976,903,1073
108000084,306,748,-442
108000085,1011,516,495
108000086,569,469,100
108000087,217,2231,-2014
108000088,236,15,221
108000089,378,334,44
108000090,602,137,465
108000091,346,352,-6
108000092,222,84,138
108000093,193,271,-78
108000094,640,70,570
108000095,179,194,-15
108000096,412,141,271
108000097,144,272,-128
108000098,2119,1009,1110
108000099,329,70,259
108000100,77,152,-75
108000101,1562,1414,148
108000102,1663,3533,-1870
108000106,877,2,875
108000107,5,879,-874
108000108,689,61,628
108000109,15,729,-714
108000110,251,283,-32
108000111,201,432,-231
108000112,58,127,-69
108000113,349,192,157
108000115,375,339,36
108000117,717,475,242
108000118,79,270,-191
108000119,460,209,251
108000120,148,813,-665
108000121,164,255,-91
108000122,644,292,352
108000123,604,138,466
108000124,284,351,-67
108000125,481,163,318
108000126,172,270,-98
108000127,580,185,395
108000128,721,289,432
108000129,352,567,-215
108000130,536,173,363
108000131,965,468,497
108000132,1480,860,620
108000133,1160,478,682
108000134,394,331,63
108000135,1225,415,810
108000136,275,571,-296
108000137,548,142,406
108000138,550,501,49
108000139,602,223,379
108000140,164,26,138
108000141,61,39,22
108000142,58,54,4
108000143,67,26,41
108000144,58,9,49
108000145,70,7,63
108000146,113,12,101
108000147,43,18,25
108000148,110,18,92
108000149,12,5,7
108000150,63,9,54
108000151,32,28,4
108000152,98,264,-166
108000153,755,112,643
108000154,47,3,44
108000155,42,27,15
108000156,280,87,193
108000157,144,1337,-1193
108000158,52,797,-745
108000159,295,164,131
108000160,1643,1125,518
108000161,1783,3044,-1261
108000165,7,274,-267
108000172,0,363,-363
108000173,1127,2059,-932
108000175,353,98,255
108000178,348,340,8
108000179,158,943,-785
108000181,65,20,45
108000182,92,20,72
108000183,42,15,27
108000184,610,2378,-1768
108000185,263,222,41
108000186,245,24,221
108000187,128,289,-161
108000188,805,177,628
108000189,392,1514,-1122
108000190,22,91,-69
108000192,237,319,-82
108000193,533,35,498
108000194,27,12,15
108000195,2,666,-664
108000196,185,149,36
108000198,521,148,373
108000199,0,260,-260
108000200,573,212,361
108000202,2,434,-432
108000203,148,197,-49
108000204,175,58,117
108000205,120,213,-93
108000339,856,365,491
108000364,86,230,-144
108000365,58,258,-200
108000367,122,215,-93
108000368,11,47,-36
108000369,486,184,302
108000371,1,434,-433
108000372,625,0,625
108000373,289,89,200
108000376,139,36,103
108000377,598,140,458
108000378,8893,10630,-1737
108000379,25,158,-133
108000381,92,6,86
108000382,42,1,41
108000383,0,163,-163
108900001,56,518,-462
108900002,167,61,106
108900003,251,454,-203
108900004,273,659,-386
108900005,92,616,-524
108900006,832,212,620
108900007,393,180,213
108900008,202,127,75
108900009,167,129,38
108900010,325,124,201
108900011,789,266,523
108900012,521,335,186
108900013,242,205,37
108900014,25,87,-62
108900015,0,188,-188
108900016,5,217,-212
108900017,414,452,-38
108900018,216,326,-110
108900019,54,417,-363
108900020,52,123,-71
108900021,132,177,-45
108900022,98,27,71
108900023,23,36,-13
108900024,33,67,-34
108900025,182,53,129
108900026,30,102,-72
108900027,0,29,-29
108900028,130,149,-19
108900029,65,131,-66
108900030,1,23,-22
108900031,163,167,-4
108900032,5,128,-123
108900033,0,118,-118
108900034,2,75,-73
108900035,257,587,-330
108900036,193,191,2
108900037,71,197,-126
108900038,11,177,-166
108900039,1,224,-223
108900040,7,65,-58
108900041,3531,3644,-113
108900042,3,412,-409
108900043,82,372,-290
108900044,5,254,-249
108900045,97,305,-208
108900046,27,393,-366
108900047,0,50,-50
108900048,82,470,-388
108900049,1396,1564,-168
108900050,3,127,-124
108900051,0,89,-89
108900052,18,101,-83
108900053,50,254,-204
108900054,87,150,-63
108900055,52,377,-325
108900056,1,75,-74
108900057,1,107,-106
108900058,24,167,-143
108900059,639,73,566
108900060,106,150,-44
108900061,91,42,49
108900062,4,135,-131
108900063,25,127,-102
108900064,349,36,313
108900065,11,78,-67
108900066,553,152,401
108900067,27,118,-91
108900068,1,50,-49
108900069,82,31,51
108900070,29,68,-39
108900071,170,52,118
108900072,1764,539,1225
108900073,6,36,-30
108900074,303,182,121
108900075,50,47,3
108900076,511,52,459
108900077,60,94,-34
108900078,61,96,-35
108900079,534,148,386
108900080,50,1041,-991
108900081,36,211,-175
108900082,139,69,70
108900083,29,340,-311
108900084,375,191,184
108900085,1264,162,1102
108900086,172,116,56
108900087,79,153,-74
108900088,1056,443,613
108900089,42,161,-119
108900090,63,156,-93
108900091,74,41,33
108900092,598,235,363
108900093,137,91,46
108900094,218,89,129
108900095,35,168,-133
108900096,232,8,224
108900097,337,133,204
108900098,1190,982,208
108900099,461,148,313
108900100,101,107,-6
108900101,228,286,-58
108900102,76,1191,-1115
108900103,103,116,-13
108900104,119,320,-201
108900105,7,1485,-1478
108900106,519,157,362
108900108,420,67,353
108900109,65,40,25
108900110,261,239,22
108900111,496,253,243
108900112,341,32,309
108900113,39,72,-33
108900114,0,3,-3
108900115,157,60,97
108900116,65,32,33
108900117,254,7,247
108900118,656,21,635
108900119,369,26,343
108900120,175,212,-37
108900121,378,171,207
108900122,170,26,144
108900123,175,168,7
108900124,550,196,354
108900125,494,4,490
108900126,143,51,92
108900127,210,24,186
108900128,161,33,128
108900129,866,167,699
108900130,406,6,400
108900131,370,8,362
108900132,568,61,507
108900133,355,71,284
108900134,492,147,345
108900135,224,15,209
108900136,43,2,41
108900137,217,2,215
108900138,872,61,811
108900139,826,129,697
108900140,445,165,280
108900141,452,13,439
108900142,111,9,102
108900143,113,0,113
108900144,133,0,133
108900145,229,9,220
108900146,75,0,75
108900147,206,2,204
108900148,46,16,30
108900149,333,165,168
108900150,336,20,316
108900151,185,45,140
108900152,277,93,184
108900153,266,190,76
108900154,5054,426,4628
108900155,244,54,190
108900156,150,2,148
108900157,31,230,-199
108900158,419,30,389
108900159,3,131,-128
108900160,5,161,-156
108900161,7,271,-264
108900162,148,2,146
108900163,5,267,-262
108900164,57,56,1
108900165,111,79,32
108900167,996,8594,-7598
108900168,4112,2659,1453
108900169,40,96,-56
108900171,3613,3494,119
108900172,226,43,183
108900173,181,269,-88
108900174,1063,463,600
108900176,151,265,-114
108900177,4113,6584,-2471
108900178,2704,3681,-977
108900179,471,2121,-1650
108900180,178,279,-101
108900182,57,415,-358
108900183,225,173,52
108900184,563,180,383
108900185,148,294,-146
108900186,113,279,-166
108900187,489,49,440
108900188,912,82,830
108900189,507,115,392
108900190,147,1508,-1361
108900191,199,53,146
108900192,146,171,-25
108900193,219,52,167
108900194,15,291,-276
108900195,72,166,-94
108900196,33,183,-150
108900198,4,214,-210
108900199,250,235,15
108900200,673,372,301
108900201,494,1061,-567
108900203,549,104,445
108900204,403,26,377
108900205,191,29,162
108900206,427,82,345
108900207,227,151,76
108900208,9,229,-220
108900209,137,371,-234
108900210,195,181,14
108900211,190,562,-372
108900212,376,1517,-1141
108900215,69,263,-194
108900216,302,397,-95
108900217,215,3,212
108900218,106,22,84
108900219,70,17,53
108900220,62,23,39
108900221,43,229,-186
108900222,341,46,295
108900223,6,111,-105
108900224,45,191,-146
108900225,3,175,-172
108900226,432,22,410
108900227,128,416,-288
108900230,138,161,-23
108900231,32,154,-122
108900232,0,175,-175
108900233,551,107,444
108900234,379,123,256
108900235,157,404,-247
108900236,71,252,-181
108900237,73,201,-128
108900240,157,84,73
108900241,91,60,31
108900245,13,1723,-1710
108900249,163,44,119
108900250,205,60,145
108900257,307,290,17
108900258,17,106,-89
108900259,32,36,-4
108900260,6,48,-42
108900261,51,86,-35
108900262,100,105,-5
108900263,29,115,-86
108900264,314,234,80
108900265,1502,621,881
108900266,447,842,-395
108900267,3,141,-138
108900268,10,12,-2
108900269,86,25,61
108900270,88,11,77
108900271,83,17,66
108900272,273,19,254
108900273,466,1595,-1129
108900274,64,22,42
108900275,1,0,1
108900276,0,1,-1
109000001,2417,1897,520
109000002,889,1943,-1054
109000003,2808,366,2442
109000004,476,1632,-1156
109000005,2417,532,1885
109000006,695,1580,-885
109000007,1798,560,1238
109000008,662,1364,-702
109000009,3576,1273,2303
109000010,980,2804,-1824
109000011,3779,2018,1761
109000012,1859,2258,-399
109000013,4520,3548,972
109000014,2053,2069,-16
109000015,3776,8818,-5042
109000016,4593,2426,2167
109000017,2849,1143,1706
109000018,913,1910,-997
109000019,2463,1280,1183
109000020,898,1419,-521
109000023,229,26,203
109000024,21,144,-123
109000025,320,526,-206
109000026,410,327,83
109000027,120,328,-208
109000028,110,83,27
109000029,131,307,-176
109000030,66,470,-404
109000031,255,172,83
109000032,122,441,-319
109000033,331,196,135
109000034,56,48,8
109000035,19,65,-46
109000036,103,298,-195
109000037,283,2060,-1777
109000038,412,312,100
109000039,1214,1047,167
109000040,3219,12020,-8801
109000041,1724,1975,-251
109000042,512,1320,-808
109000044,477,58,419
109000045,125,245,-120
109000046,414,86,328
109000047,50,333,-283
109000048,797,196,601
109000049,211,461,-250
109000050,451,229,222
109000051,261,181,80
109000052,491,502,-11
109000053,250,74,176
109000054,270,291,-21
109000055,288,327,-39
109000056,377,236,141
109000057,916,464,452
109000058,716,231,485
109000059,520,1218,-698
109000060,227,264,-37
109000061,474,1221,-747
109000062,130,347,-217
109000063,235,135,100
109000064,270,144,126
109000065,225,146,79
109000066,396,59,337
109000067,79,180,-101
109000068,1337,9,1328
109000069,690,35,655
109000070,15,1770,-1755
109000071,417,67,350
109000072,111,296,-185
109000073,48,69,-21
109000074,19,131,-112
109000075,65,270,-205
109000076,110,216,-106
109000077,265,179,86
109000078,72,152,-80
109000079,102,133,-31
109000080,205,97,108
109000081,154,240,-86
109000082,745,149,596
109000083,329,318,11
109000088,153,387,-234
109000089,343,78,265
109000090,121,265,-144
109000091,430,200,230
109000092,357,330,27
109000093,319,209,110
109000094,705,3,702
109000095,96,236,-140
109000096,878,222,656
109000097,108,84,24
109000098,60,144,-84
109000099,891,280,611
109000100,292,553,-261
109000101,1907,567,1340
109000102,515,733,-218
109000103,545,476,69
109000104,2221,392,1829
109000105,467,786,-319
109000106,2040,649,1391
109000107,608,1199,-591
109000108,2189,584,1605
109000109,485,1014,-529
109000110,1256,603,653
109000111,735,1439,-704
109000112,373,106,267
109000113,308,140,168
109000114,140,201,-61
109000115,942,29,913
109000116,7,188,-181
109000117,273,40,233
109000118,8,265,-257
109000119,1606,152,1454
109000120,248,423,-175
109000121,637,24,613
109000122,186,393,-207
109000123,13,37,-24
109000124,781,273,508
109000125,844,240,604
109000126,431,461,-30
109000127,1223,178,1045
109000128,605,747,-142
109000129,2982,687,2295
109000130,531,923,-392
109000131,894,648,246
109000132,620,1184,-564
109000133,312,635,-323
109000134,642,981,-339
109000135,807,1547,-740
109000136,311,235,76
109000137,341,341,0
109000138,500,227,273
109000139,643,348,295
109000140,197,238,-41
109000141,573,350,223
109000142,113,461,-348
109000143,97,70,27
109000145,113,242,-129
109000146,29,69,-40
109000148,2101,2088,13
109000149,26,54,-28
109000150,41,278,-237
109000155,1025,670,355
109000156,845,427,418
109000158,221,275,-54
109000159,155,354,-199
109000160,1188,213,975
109000161,356,588,-232
109000162,2125,495,1630
109000163,1279,1197,82
109000164,1263,1685,-422
109000165,1381,408,973
109000166,909,79,830
109000167,122,326,-204
109000170,42,36,6
109000171,90,46,44
109000172,45,41,4
109000173,24,80,-56
109000174,122,36,86
109000175,62,47,15
109000176,230,156,74
109000177,63,84,-21
109000178,407,74,333
109000179,2705,5321,-2616
109000180,3657,3806,-149
109000181,21,16,5
109000182,39,13,26
109000183,45,13,32
109000184,34,9,25
109000185,22,18,4
109000188,447,982,-535
109000189,2499,652,1847
109000190,638,345,293
109000191,375,317,58
109000192,486,126,360
109000193,224,145,79
109000194,355,67,288
109000195,211,184,27
109000196,295,80,215
109000197,226,244,-18
109000198,402,59,343
109000199,104,336,-232
109000206,280,43,237
109000207,171,31,140
109000208,140,91,49
109000209,164,85,79
109000210,146,386,-240
109000211,356,255,101
109000214,469,196,273
109000215,146,49,97
109000216,318,305,13
109000217,194,149,45
109000218,279,237,42
109000221,418,749,-331
109000222,974,219,755
109000223,417,336,81
109000224,39,76,-37
109000225,97,20,77
109000226,60,127,-67
109000227,1342,597,745
109000228,6,2232,-2226
109000231,0,185,-185
109000232,478,198,280
109000236,294,599,-305
109000241,1951,1348,603
109000242,1866,914,952
109000293,34,61,-27
109000361,99,149,-50
109000364,120,408,-288
109000396,0,316,-316
109000397,782,13,769
109000399,106,259,-153
109000400,108,166,-58
109000403,112,1075,-963
109000406,336,2,334
109000407,190,122,68
109000408,0,267,-267
109000410,969,154,815
109000411,158,9,149
109900001,110,0,110
109900002,1118,35,1083
109900003,318,1,317
109900004,689,79,610
109900005,31,11,20
109900006,522,107,415
109900007,890,255,635
109900008,0,29,-29
109900009,120,327,-207
109900010,647,32,615
109900011,101,60,41
109900012,333,197,136
109900013,361,172,189
109900014,404,85,319
109900015,381,206,175
109900016,146,18,128
109900017,183,245,-62
109900018,259,30,229
109900019,306,43,263
109900020,40,40,0
109900021,42,34,8
109900022,62,190,-128
109900023,14,7,7
109900024,42,3,39
109900025,21,50,-29
109900026,11,158,-147
109900027,32,26,6
109900028,645,1227,-582
109900029,7,139,-132
109900030,32,4,28
109900031,33,328,-295
109900032,7,223,-216
109900033,2,430,-428
109900034,52,8,44
109900035,57,54,3
109900036,12,42,-30
109900037,22,293,-271
109900038,111,236,-125
109900039,10,2,8
109900040,22,304,-282
109900041,36,201,-165
109900042,38,1579,-1541
109900044,92,170,-78
109900045,188,208,-20
109900046,23,43,-20
109900047,286,220,66
109900048,0,74,-74
109900049,17,45,-28
109900050,1,84,-83
109900051,2,34,-32
109900052,65,207,-142
109900053,1,132,-131
109900054,1054,201,853
109900055,97,185,-88
109900056,17,208,-191
109900057,4,88,-84
109900058,0,52,-52
109900059,1145,103,1042
109900060,609,77,532
109900061,44,238,-194
109900062,0,69,-69
109900063,9,477,-468
109900064,578,164,414
109900065,39,107,-68
109900066,303,451,-148
109900067,0,136,-136
109900068,125,6,119
109900069,2,27,-25
109900070,30,214,-184
109900071,7,21,-14
109900072,14,96,-82
109900073,505,319,186
109900074,13,20,-7
109900075,29,44,-15
109900076,7,113,-106
109900077,38,50,-12
109900078,68,164,-96
109900080,111,200,-89
109900081,23,212,-189
109900082,55,222,-167
109900083,26,61,-35
109900084,56,96,-40
109900085,262,379,-117
109900086,161,544,-383
109900087,224,406,-182
109900089,801,205,596
109900090,484,797,-313
109900091,447,76,371
109900092,859,42,817
109900093,1250,158,1092
109900094,86,105,-19
109900095,107,245,-138
109900096,48,4,44
109900097,132,0,132
109900098,582,58,524
109900099,256,2,254
109900100,37,1,36
109900101,718,12,706
109900102,493,32,461
109900103,54,45,9
109900104,782,329,453
109900105,534,26,508
109900106,415,42,373
109900107,1057,67,990
109900108,165,316,-151
109900109,47,201,-154
109900110,68,241,-173
109900111,295,496,-201
109900112,223,339,-116
109900113,949,668,281
109900114,1399,1107,292
109900115,202,95,107
109900117,1184,90,1094
109900118,146,305,-159
109900119,529,237,292
109900120,100,34,66
109900121,381,439,-58
109900122,507,8,499
109900123,11,103,-92
109900124,37,247,-210
109900125,0,167,-167
109900126,369,62,307
109900128,464,31,433
109900130,3933,3091,842
109900131,24,98,-74
109900132,32,93,-61
109900133,78,165,-87
109900134,68,80,-12
109900135,297,46,251
109900136,58,81,-23
109900137,127,175,-48
109900138,434,200,234
109900140,161,82,79
109900141,384,129,255
109900142,1700,266,1434
109900145,7,571,-564
109900146,327,45,282
109900148,45,74,-29
109900149,58,27,31
109900150,24,47,-23
109900151,20,27,-7
109900152,0,41,-41
109900153,1,67,-66
109900154,49,0,49
109900155,97,28,69
109900157,63,168,-105
109900158,59,89,-30
109900159,190,55,135
109900160,166,25,141
109900161,220,68,152
109900162,205,130,75
109900163,553,280,273
109900164,80,187,-107
109900165,286,3,283
109900166,0,88,-88
109900167,172,310,-138
109900168,236,401,-165
109900169,246,108,138
109900170,177,1135,-958
109900171,262,74,188
109900172,252,225,27
109900173,1504,2464,-960
109900174,38,104,-66
109900175,61,71,-10
109900176,120,101,19
109900177,58,109,-51
109900178,12,250,-238
109900179,63,13,50
109900180,8,13,-5
110000001,736,430,306
110000002,564,655,-91
110000003,821,674,147
110000004,455,631,-176
110000005,416,1855,-1439
110000006,188,333,-145
110000007,104,97,7
110000008,25,62,-37
110000009,29,17,12
110000010,37,63,-26
110000011,38,50,-12
110000012,553,226,327
110000013,34,507,-473
110000014,457,294,163
110000015,177,535,-358
110000016,202,1691,-1489
110000017,3542,244,3298
110000018,2734,280,2454
110000019,4,58,-54
110000020,445,150,295
110000021,373,425,-52
110000022,1247,269,978
110000023,10,53,-43
110000024,556,348,208
110000025,601,9,592
110000026,8,187,-179
110000027,1225,921,304
110000028,1019,489,530
110000029,393,400,-7
110000030,256,300,-44
110000031,226,285,-59
110000032,789,295,494
110000033,280,190,90
110000034,641,436,205
110000035,709,386,323
110000036,1138,628,510
110000037,218,559,-341
110000038,219,614,-395
110000039,817,3991,-3174
110000040,326,270,56
110000041,320,1742,-1422
110000042,83,914,-831
110000043,895,268,627
110000044,146,2558,-2412
110000045,1008,393,615
110000046,5,35,-30
110000047,40,257,-217
110000048,20,40,-20
110000049,60,20,40
110000050,7,30,-23
110000051,24,8,16
110000052,34,31,3
110000053,63,11,52
110000054,184,424,-240
110000055,512,85,427
110000056,85,93,-8
110000057,348,502,-154
110000058,1036,498,538
110000059,966,449,517
110000060,961,932,29
110000061,762,562,200
110000062,550,791,-241
110000063,53,161,-108
110000064,55,38,17
110000065,114,80,34
110000066,99,31,68
110000067,108,92,16
110000068,322,68,254
110000069,476,45,431
110000071,259,41,218
110000073,9,15,-6
110000075,14,55,-41
110000076,317,432,-115
110000077,287,1295,-1008
110000078,50,24,26
110000080,210,453,-243
110000081,48,212,-164
110000082,26,311,-285
110000083,194,417,-223
110000084,1246,936,310
110000085,976,1114,-138
110000086,1034,2346,-1312
110000087,25,50,-25
110000088,126,239,-113
110000089,302,54,248
110000090,121,145,-24
110000091,603,152,451
110000092,22,42,-20
110000093,27,28,-1
110000094,420,172,248
110000095,164,640,-476
110000096,1206,1726,-520
110000097,1062,1804,-742
110000098,1790,560,1230
110000099,577,1399,-822
110000100,1109,251,858
110000101,24,168,-144
110000102,92,19,73
110000104,352,133,219
110000105,30,218,-188
110000106,579,466,113
110000107,191,231,-40
110000108,78,129,-51
110000109,201,232,-31
110000110,1863,4705,-2842
110000111,3744,3140,604
110000112,623,1171,-548
110000113,165,2325,-2160
110000114,274,611,-337
110000115,455,247,208
110000116,90,68,22
110000117,291,171,120
110000118,571,112,459
110000119,326,180,146
110000120,436,114,322
110000121,44,340,-296
110000122,431,422,9
110000123,700,651,49
110000124,3,625,-622
110000125,921,6,915
110000126,284,33,251
110000127,1180,37,1143
110000128,26,867,-841
110000129,2,347,-345
110000130,266,183,83
110000131,70,173,-103
110000132,3,382,-379
110000133,24,343,-319
110000134,16,309,-293
110000135,151,32,119
110000136,60,203,-143
110000137,657,431,226
110000138,787,404,383
110000139,1131,629,502
110000140,747,652,95
110000143,527,299,228
110000144,4325,1821,2504
110000145,1950,1380,570
110000146,2247,1358,889
110000147,503,740,-237
110000148,682,201,481
110000151,933,966,-33
110000152,742,392,350
110000153,212,26,186
110000154,62,22,40
110000155,1381,3718,-2337
110000156,984,2280,-1296
110000157,2197,2383,-186
110000160,386,240,146
110000161,171,153,18
110000166,704,82,622
110000167,1023,486,537
110000168,1207,478,729
110000169,996,312,684
110000170,146,48,98
110000171,544,100,444
110000172,172,553,-381
110000173,824,700,124
110000174,123,492,-369
110000175,807,53,754
110000176,105,366,-261
110000177,277,910,-633
110000178,358,1334,-976
110000179,885,297,588
110000180,189,319,-130
110000181,601,336,265
110000182,239,126,113
110000183,6220,8099,-1879
110000184,266,2528,-2262
110000185,1027,990,37
110000186,616,658,-42
110000191,1324,190,1134
110000192,722,20,702
110000193,1201,11,1190
110000194,17,488,-471
110000195,488,166,322
110000196,422,120,302
110000197,141,84,57
110000198,101,44,57
110000199,76,121,-45
110000200,809,363,446
110000201,851,1122,-271
110000202,1438,594,844
110000203,529,467,62
110000204,2,146,-144
110000205,190,45,145
110000206,458,758,-300
110000207,1418,359,1059
110000208,268,224,44
110000209,92,934,-842
110000210,1458,349,1109
110000211,863,720,143
110000212,435,1038,-603
110000213,326,40,286
110000214,342,56,286
110000215,182,255,-73
110000216,134,184,-50
110000217,528,107,421
110000218,173,175,-2
110000219,495,44,451
110000220,61,147,-86
110000221,454,30,424
110000222,45,144,-99
110000223,2,152,-150
110000224,18,8,10
110000225,265,651,-386
110000226,269,40,229
110000227,904,1050,-146
110000228,222,133,89
110000229,0,132,-132
110000230,611,549,62
110000231,186,160,26
110000232,221,251,-30
110000233,216,296,-80
110000234,684,2535,-1851
110000235,1140,1170,-30
110000236,681,422,259
110000237,2115,1385,730
110000238,1164,1071,93
110000239,1953,902,1051
110000240,0,38,-38
110000242,0,15,-15
110000243,144,67,77
110000244,158,454,-296
110000245,21,310,-289
110000246,864,369,495
110000247,930,2637,-1707
110000248,1606,1079,527
110000249,81,11,70
110000250,22,117,-95
110000251,438,251,187
110000252,362,174,188
110000253,1410,460,950
110000254,567,623,-56
110000255,232,614,-382
110000256,505,279,226
110000257,694,291,403
110000258,1,311,-310
110000259,176,8,168
110000260,37,122,-85
110000263,476,74,402
110000264,393,255,138
110000265,1089,1774,-685
110000266,1679,2665,-986
110000267,22,161,-139
110000268,328,470,-142
110000269,5,77,-72
110000270,96,9,87
110000271,976,259,717
110000272,971,912,59
110000273,2340,1480,860
110000274,142,1634,-1492
110000275,1373,571,802
110000276,259,373,-114
110000277,324,279,45
110000278,319,539,-220
110000279,831,616,215
110000280,566,372,194
110000281,53,352,-299
110000282,224,23,201
110000283,35,140,-105
110000284,21,50,-29
110000285,13,819,-806
110000286,21,0,21
110000287,116,3,113
110000288,1,78,-77
110000289,393,2266,-1873
110000290,496,597,-101
110000291,2929,1038,1891
110000292,1121,5224,-4103
110000293,625,521,104
110000294,1284,1081,203
110000295,188,524,-336
110000296,612,286,326
110000297,2280,290,1990
110000298,76,247,-171
110000299,113,68,45
110000301,241,35,206
110000302,198,501,-303
110000303,414,3,411
110000304,120,116,4
110000305,1420,27,1393
110000306,199,849,-650
110000307,1984,9,1975
110000308,636,12,624
110000309,5,569,-564
110000310,807,35,772
110000311,19,519,-500
110000312,468,110,358
110000313,1956,1856,100
110000314,1,145,-144
110000315,2373,2622,-249
110000316,447,1070,-623
110000317,243,860,-617
110000318,6,41,-35
110000319,16,31,-15
110000320,39,34,5
110000321,23,39,-16
110000322,287,256,31
110000323,607,133,474
110000324,2134,1366,768
110000325,2230,3469,-1239
110000327,525,274,251
110000328,148,324,-176
110000333,1209,766,443
110000334,652,1010,-358
110000335,785,508,277
110000336,616,784,-168
110000337,1474,574,900
110000338,495,189,306
110000339,455,152,303
110000340,45,162,-117
110000341,492,359,133
110000342,269,7,262
110000343,0,23,-23
110000344,170,168,2
110000345,273,235,38
110000346,1973,1681,292
110000347,1088,604,484
110000348,24,13,11
110000349,12,14,-2
110000350,59,5,54
110000351,1238,599,639
110000352,664,1281,-617
110000353,2454,460,1994
110000354,830,2822,-1992
110000355,147,44,103
110000356,1793,14,1779
110000357,505,9,496
110000361,55,33,22
110000362,92,26,66
110000363,569,83,486
110000364,290,391,-101
110000365,221,1,220
110000366,2,80,-78
110000367,520,206,314
110000368,0,56,-56
110000369,60,7,53
110000373,0,170,-170
110000374,89,15,74
110000375,93,729,-636
110000376,20,63,-43
110000377,66,500,-434
110000378,14,413,-399
110000379,2066,1830,236
110000380,67,10,57
110000383,1,1434,-1433
110000384,1216,1048,168
110000385,1,227,-226
110000387,125,4,121
110000388,35,113,-78
110000389,791,2,789
110000391,841,171,670
110000396,221,60,161
110000397,120,71,49
110000398,3,15,-12
110000399,131,0,131
110000587,131,98,33
110000589,216,69,147
110000640,212,32,180
110000652,9,199,-190
110000653,294,266,28
110000654,53,737,-684
110000656,0,239,-239
110000674,28,23,5
110000675,17,39,-22
110000676,6,49,-43
110000679,154,1329,-1175
110000682,106,179,-73
110000683,277,390,-113
110000684,2,32,-30
110000685,14,15,-1
110000686,2,39,-37
110000687,20,4,16
110000688,30,1138,-1108
110000689,26,26,0
110000692,55,184,-129
110000693,97,216,-119
110000694,1,110,-109
110000695,215,509,-294
110000696,66,54,12
110900001,256,34,222
110900002,401,183,218
110900003,961,313,648
110900004,522,82,440
110900005,1700,2653,-953
110900006,44,24,20
110900007,197,35,162
110900008,2,26,-24
110900009,466,232,234
110900010,13,42,-29
110900011,34,68,-34
110900012,40,68,-28
110900013,1072,114,958
110900014,259,10,249
110900015,330,716,-386
110900016,73,84,-11
110900017,546,37,509
110900018,480,43,437
110900019,310,23,287
110900020,151,164,-13
110900021,85,310,-225
110900022,54,193,-139
110900023,112,380,-268
110900024,23,171,-148
110900025,10,30,-20
110900027,30,214,-184
110900028,35,121,-86
110900029,23,166,-143
110900030,47,143,-96
110900031,0,126,-126
110900032,0,57,-57
110900033,42,140,-98
110900035,17,498,-481
110900036,135,19,116
110900037,79,26,53
110900038,728,151,577
110900039,17,259,-242
110900040,338,26,312
110900041,22,47,-25
110900042,143,49,94
110900043,15,35,-20
110900044,223,16,207
110900045,68,244,-176
110900046,28,111,-83
110900047,350,342,8
110900049,106,87,19
110900050,23,8,15
110900051,26,145,-119
110900052,2,87,-85
110900053,116,25,91
110900054,48,105,-57
110900055,17,11,6
110900056,47,107,-60
110900057,5,67,-62
110900058,323,230,93
110900059,425,320,105
110900060,470,136,334
110900061,14,67,-53
110900062,172,136,36
110900063,50,108,-58
110900064,12,0,12
110900065,156,107,49
110900066,5,57,-52
110900067,333,667,-334
110900068,189,203,-14
110900069,11,17,-6
110900070,100,35,65
110900071,184,800,-616
110900073,0,13,-13
110900074,528,96,432
110900075,493,73,420
110900077,1031,397,634
110900078,50,23,27
110900079,1441,1213,228
110900080,177,56,121
110900081,9,20,-11
110900082,177,67,110
110900083,154,51,103
110900084,55,49,6
110900085,64,207,-143
110900086,65,365,-300
110900087,331,61,270
110900088,8,2,6
110900090,63,57,6
110900091,3,43,-40
110900093,307,105,202
110900095,73,84,-11
110900097,18,13,5
110900098,35,54,-19
110900099,56,296,-240
110900100,1,13,-12
110900102,48,16,32
110900105,1106,158,948
110900108,20,25,-5
110900111,488,152,336
110900112,864,13,851
110900113,259,45,214
110900115,5,30,-25
110900116,914,845,69
110900118,85,3575,-3490
110900119,1771,192,1579
110900120,23,49,-26
110900121,176,0,176
110900122,555,133,422
110900125,460,434,26
110900127,482,1274,-792
110900128,236,252,-16
110900129,266,1059,-793
110900130,609,512,97
110900131,219,31,188
110900132,463,107,356
110900133,74,86,-12
110900135,58,191,-133
110900136,388,29,359
110900137,48,1,47
110900138,901,980,-79
110900139,18,201,-183
110900140,54,4,50
110900141,2,215,-213
110900142,74,136,-62
110900143,233,74,159
110900144,1,408,-407
110900145,165,83,82
110900146,230,256,-26
110900147,61,310,-249
110900148,10,189,-179
110900149,2,31,-29
110900150,85,22,63
110900151,7,60,-53
110900152,44,106,-62
110900153,195,69,126
111000001,364,253,111
111000002,274,391,-117
111000003,1155,683,472
111000004,358,569,-211
111000005,1297,1167,130
111000006,787,1494,-707
111000007,4602,3152,1450
111000008,1488,2882,-1394
111000009,354,588,-234
111000010,1045,314,731
111000011,276,892,-616
111000012,395,450,-55
111000013,341,966,-625
111000014,1287,477,810
111000017,107,948,-841
111000018,183,314,-131
111000020,879,1572,-693
111000021,72,62,10
111000023,73,102,-29
111000025,3822,3779,43
111000029,79,114,-35
111000030,39,116,-77
111000031,2022,978,1044
111000032,554,316,238
111000033,302,271,31
111000034,78,268,-190
111000037,1040,525,515
111000038,2838,1661,1177
111000039,1584,1587,-3
111000040,1764,1720,44
111000041,1096,1121,-25
111000042,2122,1840,282
111000043,1927,3896,-1969
111000044,1967,1126,841
111000045,2903,2325,578
111000046,1867,1548,319
111000047,2954,4563,-1609
111000049,431,389,42
111000050,1056,872,184
111000051,507,739,-232
111000052,547,1178,-631
111000053,423,667,-244
111000054,388,683,-295
111000055,1052,1261,-209
111000056,202,299,-97
111000057,117,296,-179
111000058,552,70,482
111000059,622,235,387
111000060,3776,790,2986
111000061,606,252,354
111000062,982,334,648
111000063,1829,1019,810
111000064,865,586,279
111000065,1315,939,376
111000066,574,380,194
111000067,579,392,187
111000068,740,749,-9
111000069,1499,1641,-142
111000070,751,668,83
111000071,113,339,-226
111000072,1281,414,867
111000073,318,886,-568
111000074,1611,1609,2
111000075,936,483,453
111000076,589,513,76
111000077,1666,1434,232
111000078,2711,1104,1607
111000079,1180,631,549
111000080,506,487,19
111000081,1359,4229,-2870
111000082,719,414,305
111000084,861,534,327
111000085,861,824,37
111000086,2482,799,1683
111000087,738,370,368
111000088,4990,2657,2333
111000089,686,685,1
111000090,693,1269,-576
111000091,819,284,535
111000092,1530,584,946
111000093,814,1017,-203
111000094,1645,919,726
111000095,628,2073,-1445
111000096,1153,7340,-6187
111000097,3291,1143,2148
111000098,598,769,-171
111000099,532,1085,-553
111000100,407,809,-402
111000101,322,509,-187
111000102,318,412,-94
111000104,737,158,579
111000107,145,558,-413
111000109,1123,252,871
111000110,1649,564,1085
111000111,2844,404,2440
111000112,2032,542,1490
111000113,872,1582,-710
111000114,1598,3529,-1931
111000115,3679,1077,2602
111000116,901,744,157
111000117,310,745,-435
111000118,1001,627,374
111000119,1378,660,718
111000120,537,565,-28
111000121,322,696,-374
111000122,512,886,-374
111000123,1029,1546,-517
111000124,457,1451,-994
111000125,250,731,-481
111000126,126,509,-383
111000127,1148,123,1025
111000128,2465,270,2195
111000129,3233,377,2856
111000130,2505,480,2025
111000131,2303,487,1816
111000132,1981,1023,958
111000133,171,94,77
111000134,132,72,60
111000135,65,162,-97
111000136,343,247,96
111000138,33,4,29
111000140,0,5,-5
111000141,201,424,-223
111000142,21,291,-270
111000143,9,339,-330
111000144,25,1856,-1831
111000145,378,23,355
111000146,121,10,111
111000147,163,28,135
111000148,143,116,27
111000149,7,27,-20
111000150,28,3,25
111000151,4,18,-14
111000153,536,673,-137
111000154,499,179,320
111000155,115,211,-96
111000156,637,653,-16
111000157,236,1065,-829
111000158,939,839,100
111000159,3615,813,2802
111000160,626,357,269
111000161,12,418,-406
111000162,42,125,-83
111000163,777,659,118
111000164,450,2621,-2171
111000165,772,354,418
111000166,1106,271,835
111000167,153,317,-164
111000168,243,354,-111
111000169,229,550,-321
111000170,338,317,21
111000171,334,316,18
111000172,186,211,-25
111000173,340,405,-65
111000174,225,174,51
111000175,39,393,-354
111000176,404,76,328
111000177,510,118,392
111000178,1681,180,1501
111000179,235,92,143
111000180,281,431,-150
111000181,1607,204,1403
111000182,256,148,108
111000183,409,282,127
111000184,326,196,130
111000185,368,223,145
111000186,353,156,197
111000187,130,109,21
111000188,351,271,80
111000189,572,500,72
111000190,168,205,-37
111000191,152,187,-35
111000192,204,266,-62
111000193,278,179,99
111000194,50,209,-159
111000195,137,206,-69
111000196,85,83,2
111000197,463,83,380
111000198,607,60,547
111000199,266,102,164
111000200,504,220,284
111000201,741,128,613
111000202,295,161,134
111000203,419,235,184
111000204,359,1040,-681
111000213,196,384,-188
111000214,1263,928,335
111000215,1036,876,160
111000217,1618,822,796
111000218,1314,1016,298
111000219,297,155,142
111000220,886,638,248
111000221,370,125,245
111000224,0,155,-155
111000225,261,67,194
111000226,79,2,77
111000227,20,2,18
111000228,26,491,-465
111000229,73,1195,-1122
111000230,217,207,10
111000231,1094,325,769
111000232,737,615,122
111000233,1449,474,975
111000234,162,482,-320
111000239,68,109,-41
111000240,70,190,-120
111000241,41,195,-154
111000242,268,61,207
111000243,126,293,-167
111000244,576,57,519
111000245,991,215,776
111000246,619,169,450
111000247,491,413,78
111000248,683,278,405
111000249,464,371,93
111000250,68,57,11
111000251,72,73,-1
111000253,11,17,-6
111000255,39,20,19
111000257,58,18,40
111000260,76,866,-790
111000261,1635,118,1517
111000271,45,166,-121
111000273,2202,906,1296
111000274,1187,2140,-953
111000275,145,33,112
111000276,248,885,-637
111000277,174,242,-68
111000278,594,218,376
111000291,875,7531,-6656
111000298,657,146,511
111000299,740,224,516
111000300,129,391,-262
111000302,383,47,336
111000303,44,123,-79
111000312,57,66,-9
111000315,0,26,-26
111000320,206,451,-245
111000321,440,126,314
111000322,321,253,68
111000323,320,20,300
111000324,318,179,139
111000325,43,60,-17
111000326,249,170,79
111000327,483,202,281
111000328,320,400,-80
111000329,4,14,-10
111000330,56,5,51
111000331,18,10,8
111000332,530,1069,-539
111000334,316,689,-373
111000335,995,195,800
111000337,1642,249,1393
111000338,67,67,0
111000339,761,185,576
111000340,95,283,-188
111000341,1129,609,520
111000342,141,1504,-1363
111000344,1139,554,585
111000345,151,160,-9
111000346,26,251,-225
111000347,166,2,164
111000350,129,98,31
111000351,108,264,-156
111000352,188,82,106
111000353,209,144,65
111000354,562,85,477
111000355,252,402,-150
111000358,167,455,-288
111000360,240,251,-11
111000361,205,118,87
111000546,860,363,497
111000547,427,279,148
111000548,161,263,-102
111000549,379,195,184
111000550,33,899,-866
111000551,608,133,475
111000552,750,248,502
111000907,333,13,320
111000908,19,0,19
111000916,2137,190,1947
111000917,41,313,-272
111000918,234,322,-88
111000920,602,18,584
111000921,9,98,-89
111000922,640,172,468
111000924,56,364,-308
111000925,2789,1885,904
111000926,947,944,3
111000927,2628,4054,-1426
111000928,3573,2126,1447
111000929,1774,1229,545
111000930,725,1440,-715
111000931,2346,2461,-115
111000932,3127,1572,1555
111000933,3343,2593,750
111000934,1342,2479,-1137
111000935,1843,826,1017
111000936,1061,1412,-351
111000937,1329,1162,167
111000938,1140,906,234
111000939,802,39,763
111000940,634,51,583
111000941,396,298,98
111000943,651,245,406
111000944,143,143,0
111000945,112,813,-701
111001109,543,638,-95
111001110,174,348,-174
111001111,87,6,81
111001112,113,20,93
111001113,1,130,-129
111001114,599,114,485
111001115,16,600,-584
111001116,2846,4407,-1561
111001117,389,2623,-2234
111001120,120,132,-12
111001121,138,121,17
111001122,231,170,61
111001123,218,44,174
111900001,65,104,-39
111900002,30,359,-329
111900003,7,218,-211
111900004,22,72,-50
111900006,27,40,-13
111900007,190,3,187
111900008,318,2,316
111900009,295,59,236
111900010,267,277,-10
111900012,57,68,-11
111900013,13,42,-29
111900014,2588,5041,-2453
111900015,0,41,-41
111900016,0,56,-56
111900017,0,62,-62
111900018,193,8,185
111900019,2,79,-77
111900020,3,31,-28
111900021,34,58,-24
111900022,12,36,-24
111900023,46,55,-9
111900024,3,55,-52
111900025,0,38,-38
111900026,0,34,-34
111900027,1,69,-68
111900028,3,162,-159
111900029,2,39,-37
111900030,29,238,-209
111900031,75,49,26
111900032,0,156,-156
111900033,1,48,-47
111900034,189,266,-77
111900035,76,128,-52
111900036,1,132,-131
111900038,194,344,-150
111900039,37,230,-193
111900040,3,216,-213
111900042,14,89,-75
111900043,5,188,-183
111900044,210,167,43
111900046,30,109,-79
111900048,365,275,90
111900049,14,161,-147
111900050,133,32,101
111900051,2,164,-162
111900052,212,271,-59
111900053,542,2346,-1804
111900054,168,8,160
111900055,21,188,-167
111900056,109,382,-273
111900057,150,22,128
111900058,579,286,293
111900059,985,750,235
111900060,487,4,483
111900061,10,136,-126
111900062,60,55,5
111900063,360,308,52
111900064,61,126,-65
111900065,164,23,141
111900066,154,151,3
111900067,5,332,-327
111900068,52,47,5
111900069,94,37,57
111900070,209,62,147
111900071,0,150,-150
111900072,46,13,33
111900073,1269,211,1058
111900074,24,122,-98
111900075,82,15,67
111900076,266,66,200
111900077,47,3,44
111900078,415,34,381
111900079,53,33,20
111900080,170,301,-131
111900081,629,260,369
111900082,225,30,195
111900083,228,19,209
111900084,163,5,158
111900085,63,153,-90
111900086,80,7,73
111900087,74,1,73
111900088,714,16,698
111900089,145,2,143
111900090,43,44,-1
111900091,355,5,350
111900092,138,2,136
111900093,524,5,519
111900094,189,3,186
111900095,377,44,333
111900096,259,2,257
111900097,65,0,65
111900098,403,3,400
111900099,109,0,109
111900100,187,5,182
111900101,163,32,131
111900102,688,210,478
111900103,63,110,-47
111900104,165,62,103
111900105,294,278,16
111900106,814,46,768
111900107,133,105,28
111900108,121,228,-107
111900109,299,550,-251
111900110,999,305,694
111900111,207,58,149
111900112,343,3638,-3295
111900113,207,82,125
111900114,130,110,20
111900115,5,23,-18
111900118,361,114,247
111900119,366,202,164
111900122,112,131,-19
111900123,23,42,-19
111900124,36,56,-20
111900125,713,50,663
111900126,372,5,367
111900127,2,336,-334
111900128,3,297,-294
111900129,391,13,378
111900130,275,67,208
111900131,628,3,625
111900132,22,510,-488
111900133,12,204,-192
111900134,7,158,-151
111900135,19,46,-27
111900136,73,164,-91
111900137,55,34,21
111900138,9,50,-41
111900139,16,57,-41
111900140,92,24,68
111900141,76,6,70
111900142,132,29,103
111900143,37,140,-103
111900144,50,63,-13
111900145,0,237,-237
111900146,2,121,-119
111900147,96,195,-99
111900148,19,368,-349
111900149,7,176,-169
111900150,15,104,-89
111900151,0,17,-17
111900152,75,110,-35
111900153,824,823,1
111900154,19,398,-379
111900155,54,125,-71
111900156,94,88,6
111900157,173,30,143
111900158,615,81,534
111900159,351,38,313
111900160,509,6,503
111900161,296,3,293
111900162,132,190,-58
111900163,47,131,-84
111900164,87,103,-16
111901113,694,105,589
111901114,282,221,61
111901115,122,6,116
111901116,51,1,50
111901117,50,45,5
111901118,30,368,-338
111901119,356,49,307
111901120,63,65,-2
111901121,98,93,5
111901122,6,246,-240
111901123,340,187,153
111901124,299,6,293
111901125,536,150,386
111901126,224,111,113
111901127,327,894,-567
111901128,13,45,-32
111901129,6,85,-79
111901130,6,104,-98
111901131,2,182,-180
111901132,96,26,70
111901133,54,2,52
111901134,136,4,132
111901135,49,10,39
111901136,27,62,-35
111901137,1,31,-30
111901138,194,37,157
111901139,23,22,1
111901140,5,60,-55
111901141,5,91,-86
111901142,0,60,-60
111901143,2,83,-81
111901144,67,52,15
111901145,56,281,-225
112000001,1994,671,1323
112000002,541,1608,-1067
112000003,2123,906,1217
112000004,746,484,262
112000005,4179,3887,292
112000006,1662,1053,609
112000007,4297,2698,1599
112000008,2711,4015,-1304
112000009,2347,1816,531
112000010,3465,4065,-600
112000011,1339,1205,134
112000012,4553,5561,-1008
112000013,2895,3388,-493
112000014,2212,3084,-872
112000015,3113,3656,-543
112000016,4161,2729,1432
112000017,1566,4500,-2934
112000024,2041,704,1337
112000026,2049,2297,-248
112000027,913,762,151
112000028,785,982,-197
112000029,764,909,-145
112000030,143,56,87
112000031,1493,5289,-3796
112000032,208,39,169
112000033,1722,2749,-1027
112000034,228,52,176
112000035,81,603,-522
112000036,502,1342,-840
112000037,897,1062,-165
112000038,1155,1530,-375
112000039,94,83,11
112000040,54,161,-107
112000041,407,363,44
112000042,876,385,491
112000050,1244,1200,44
112000051,1355,1681,-326
112000054,1417,1231,186
112000057,627,387,240
112000058,374,606,-232
112000059,499,685,-186
112000061,2453,1422,1031
112000062,1030,1169,-139
112000063,534,2312,-1778
112000064,3096,3948,-852
112000065,1155,1665,-510
112000066,3579,1716,1863
112000067,601,525,76
112000068,3309,2693,616
112000069,525,1451,-926
112000070,2489,1043,1446
112000071,1010,1960,-950
112000072,3204,872,2332
112000073,1604,1861,-257
112000074,1854,1156,698
112000075,1508,1168,340
112000076,3089,1945,1144
112000077,815,355,460
112000078,2018,602,1416
112000079,1680,1198,482
112000080,924,712,212
112000081,1307,2130,-823
112000082,1476,673,803
112000083,580,857,-277
112000084,1429,558,871
112000085,1401,765,636
112000086,1971,812,1159
112000087,636,305,331
112000088,916,303,613
112000089,540,393,147
112000090,288,233,55
112000091,540,645,-105
112000092,2369,899,1470
112000093,1348,590,758
112000094,805,712,93
112000095,654,654,0
112000096,724,451,273
112000097,1774,716,1058
112000098,806,592,214
112000099,949,1835,-886
112000100,2350,729,1621
112000101,503,535,-32
112000102,1932,342,1590
112000103,421,592,-171
112000105,517,716,-199
112000106,2001,289,1712
112000107,27,173,-146
112000108,258,1355,-1097
112000109,68,47,21
112000110,2007,541,1466
112000111,961,6251,-5290
112000112,4392,810,3582
112000113,848,1611,-763
112000114,2879,975,1904
112000115,382,323,59
112000116,734,732,2
112000117,993,691,302
112000118,980,630,350
112000119,418,521,-103
112000120,76,243,-167
112000121,143,227,-84
112000122,372,147,225
112000123,905,136,769
112000124,516,83,433
112000125,268,238,30
112000126,394,241,153
112000127,1873,2479,-606
112000128,609,874,-265
112000129,106,89,17
112000130,225,101,124
112000131,44,172,-128
112000132,256,146,110
112000133,444,114,330
112000134,436,222,214
112000135,1655,712,943
112000136,1044,1503,-459
112000137,1886,3561,-1675
112000138,1617,1769,-152
112000139,766,786,-20
112000140,524,972,-448
112000141,1241,402,839
112000142,150,312,-162
112000143,1316,195,1121
112000144,206,696,-490
112000145,2922,479,2443
112000146,513,1112,-599
112000147,2702,1527,1175
112000148,1199,1587,-388
112000149,552,546,6
112000150,230,451,-221
112000151,327,217,110
112000152,499,257,242
112000153,156,190,-34
112000154,133,218,-85
112000155,159,111,48
112000157,626,589,37
112000158,349,270,79
112000159,705,272,433
112000167,532,132,400
112000169,320,348,-28
112000173,989,202,787
112000175,438,331,107
112000176,1509,1783,-274
112000177,1034,256,778
112000178,111,195,-84
112000179,319,94,225
112000180,256,246,10
112000181,1233,1197,36
112000182,1711,808,903
112000183,24,29,-5
112000184,431,228,203
112000185,645,281,364
112000187,4270,2734,1536
112000195,172,19,153
112000196,251,1,250
112000197,200,267,-67
112000198,64,290,-226
112000199,605,711,-106
112000202,549,4,545
112000216,65,188,-123
112000230,149,2,147
112000231,5,156,-151
112000256,42,266,-224
112000313,68,141,-73
112000314,81,30,51
112000337,255,460,-205
112000352,230,403,-173
112000392,1169,1143,26
112000398,1848,704,1144
112000399,1660,2764,-1104
112000400,1583,1396,187
112000401,2078,1392,686
112000402,4066,3950,116
112000403,1908,3446,-1538
112000404,1380,946,434
112000405,2721,2952,-231
112000406,2479,1429,1050
112000407,8780,8691,89
112000408,5992,3407,2585
112000409,1524,2350,-826
112000410,493,348,145
112000411,3189,2069,1120
112000412,1171,497,674
112000413,4998,7546,-2548
112000414,102,41,61
112000415,117,40,77
112000416,3103,1207,1896
112000417,261,70,191
112000421,60,43,17
112000422,361,197,164
112000424,1357,3186,-1829
112000425,392,388,4
112000426,186,262,-76
112000427,0,19,-19
112000428,307,218,89
112000429,2014,1720,294
112000430,2744,2775,-31
112000431,88,143,-55
112000432,549,585,-36
112000433,277,647,-370
112000437,76,97,-21
112900001,131,4,127
112900002,672,533,139
112900003,65,253,-188
112900004,52,147,-95
112900005,342,126,216
112900006,21,158,-137
112900007,69,188,-119
112900008,1,90,-89
112900009,428,162,266
112900010,476,481,-5
112900011,62,157,-95
112900012,0,24,-24
112900013,0,255,-255
112900014,5,127,-122
112900015,309,545,-236
112900016,3,149,-146
112900017,80,146,-66
112900018,0,107,-107
112900019,20,136,-116
112900020,309,842,-533
112900021,1,138,-137
112900022,15,49,-34
112900023,1,68,-67
112900024,11,130,-119
112900025,101,226,-125
112900026,10,113,-103
112900027,129,457,-328
112900028,21,98,-77
112900029,39,352,-313
112900030,47,72,-25
112900031,4,252,-248
112900032,229,173,56
112900034,1,40,-39
112900035,3,196,-193
112900036,31,125,-94
112900037,165,193,-28
112900038,889,136,753
112900039,4,151,-147
112900040,11,1570,-1559
112900041,514,1211,-697
112900042,129,211,-82
112900043,90,61,29
112900044,405,413,-8
112900045,169,282,-113
112900046,131,74,57
112900047,7,63,-56
112900049,334,56,278
112900050,31,446,-415
112900051,242,347,-105
112900052,16,437,-421
112900053,164,208,-44
112900054,377,61,316
112900055,129,59,70
112900056,458,241,217
112900057,30,287,-257
112900058,305,356,-51
112900059,104,177,-73
112900060,31,109,-78
112900061,138,98,40
112900062,63,101,-38
112900063,63,24,39
112900064,121,214,-93
112900065,29,52,-23
112900066,331,235,96
112900067,233,112,121
112900068,61,71,-10
112900069,1803,964,839
112900071,44,11,33
112900072,344,2659,-2315
112900073,697,143,554
112900074,133,304,-171
112900075,1153,1048,105
112900076,75,54,21
112900078,393,473,-80
112900079,239,23,216
112900080,83,4,79
112900081,65,235,-170
112900082,625,49,576
112900083,160,140,20
112900084,258,179,79
112900085,1,8,-7
112900086,107,4,103
112900087,964,178,786
112900088,214,19,195
112900089,1181,45,1136
112900090,98,55,43
112900091,307,9,298
112900092,115,412,-297
112900093,1590,27,1563
112900094,91,2,89
112900095,80,2,78
112900096,671,198,473
112900097,101,215,-114
112900098,441,15,426
112900099,1008,24,984
112900100,106,2,104
112900101,480,4,476
112900102,189,20,169
112900103,226,8,218
112900104,47,0,47
112900105,19,0,19
112900106,440,120,320
112900107,12,2,10
112900108,15,1,14
112900109,152,3,149
112900110,1660,14,1646
112900111,784,8,776
112900112,354,0,354
112900113,0,9,-9
112900114,165,39,126
112900115,1791,7,1784
112900116,142,46,96
112900117,67,55,12
112900118,15,88,-73
112900119,201,3,198
112900120,699,236,463
112900121,57,121,-64
112900122,13,47,-34
112900123,144,19,125
112900124,22,52,-30
112900125,79,532,-453
112900126,126,115,11
112900127,350,71,279
112900128,128,610,-482
112900129,2,540,-538
112900130,224,111,113
112900131,44,412,-368
112900132,65,414,-349
112900133,23,1008,-985
112900134,1,215,-214
112900135,109,49,60
112900136,1,21,-20
112900137,2,265,-263
112900138,7,142,-135
112900139,124,768,-644
112900140,0,32,-32
112900141,1063,51,1012
112900142,80,231,-151
112900143,31,340,-309
112900144,1,101,-100
112900145,12,322,-310
112900146,10,616,-606
112900147,4,731,-727
112900148,47,1,46
112900149,298,358,-60
112900151,11,52,-41
112900152,3025,586,2439
112900153,1250,2735,-1485
112900154,0,84,-84
112900155,220,41,179
112900156,475,621,-146
112900157,332,1,331
112900158,98,12,86
112900159,272,160,112
112900160,62,171,-109
112900161,161,63,98
112900162,21,18,3
112900163,85,55,30
112900164,42,184,-142
112900165,76,25,51
112900166,25,102,-77
112900167,2,126,-124
112900168,8,0,8
112900169,9,16,-7
112900170,310,174,136
112900172,51,19,32
112900173,169,102,67
112900174,303,38,265
112900175,102,211,-109
112900176,38,48,-10
112900177,231,71,160
112900178,713,2892,-2179
112900179,35,374,-339
112900180,2385,1373,1012
112900181,818,9,809
112900182,86,529,-443
112900183,123,316,-193
112900184,368,556,-188
112900185,209,777,-568
112900186,999,1321,-322
112900187,117,583,-466
112900188,722,1672,-950
112900189,14,16,-2
112900190,36,25,11
112900192,737,880,-143
112900193,1406,446,960
112900194,81,37,44
112900195,1288,67,1221
112900196,276,353,-77
112900197,193,271,-78
112900199,734,324,410
112900200,768,177,591
112900201,233,80,153
112900202,488,496,-8
112900203,366,204,162
112900204,804,519,285
112900205,24,13,11
112900206,75,68,7
112900207,39,1,38
112900208,93,311,-218
112900209,336,283,53
112900210,1,12,-11
112900211,94,65,29
112900212,2,75,-73
112900213,73,28,45
112900214,19,13,6
112900215,30,65,-35
112900216,8,42,-34
112900217,1,63,-62
112900218,108,25,83
112900219,90,6,84
112900220,8,0,8
112900221,55,78,-23
112900222,0,22,-22
112900223,1145,33,1112
112900224,494,306,188
112900225,523,295,228
112900226,189,367,-178
112900227,870,591,279
112900228,80,48,32
112900229,324,30,294
112900230,6330,4172,2158
112900232,366,335,31
112900233,68,99,-31
112900234,57,45,12
112900235,87,24,63
112900236,381,10,371
112900237,238,96,142
112900238,3,18,-15
112900239,345,407,-62
113000001,6636,4990,1646
113000002,3870,3082,788
113000003,1803,1513,290
113000004,1316,2166,-850
113000005,1870,872,998
113000006,1024,1226,-202
113000007,2396,974,1422
113000008,1760,1319,441
113000009,1417,598,819
113000010,1229,991,238
113000011,676,1166,-490
113000012,2078,626,1452
113000013,1279,749,530
113000014,1111,1359,-248
113000015,624,319,305
113000016,356,1020,-664
113000017,83,319,-236
113000018,397,64,333
113000019,347,213,134
113000020,423,82,341
113000021,1351,423,928
113000022,777,863,-86
113000025,150,300,-150
113000026,541,469,72
113000027,572,702,-130
113000028,818,868,-50
113000029,940,583,357
113000030,277,572,-295
113000031,165,362,-197
113000032,253,292,-39
113000033,292,411,-119
113000034,271,311,-40
113000035,54,62,-8
113000036,33,66,-33
113000037,71,27,44
113000038,19,82,-63
113000039,86,217,-131
113000040,54,68,-14
113000042,715,473,242
113000051,958,2017,-1059
113000052,1966,660,1306
113000053,528,285,243
113000054,502,610,-108
113000055,1349,423,926
113000056,1310,648,662
113000058,661,775,-114
113000059,1138,477,661
113000060,309,488,-179
113000061,543,749,-206
113000062,499,324,175
113000063,278,54,224
113000064,67,214,-147
113000065,154,458,-304
113000066,841,89,752
113000067,2822,807,2015
113000068,353,664,-311
113000069,535,663,-128
113000070,2929,900,2029
113000071,483,468,15
113000072,1025,402,623
113000073,363,1110,-747
113000074,963,401,562
113000075,1720,795,925
113000076,475,1864,-1389
113000077,933,794,139
113000078,550,2242,-1692
113000079,613,1017,-404
113000080,519,981,-462
113000081,844,971,-127
113000082,1252,1200,52
113000083,573,824,-251
113000084,1541,1402,139
113000085,768,680,88
113000086,882,987,-105
113000087,884,808,76
113000088,2162,1345,817
113000089,906,1413,-507
113000090,256,710,-454
113000091,313,379,-66
113000094,1489,180,1309
113000095,200,493,-293
113000096,119,532,-413
113000097,1071,346,725
113000098,102,47,55
113000099,1177,449,728
113000100,101,309,-208
113000101,296,492,-196
113000102,671,526,145
113000103,1525,285,1240
113000104,500,2054,-1554
113000105,960,474,486
113000106,340,402,-62
113000107,978,712,266
113000108,567,700,-133
113000109,507,1366,-859
113000110,2088,490,1598
113000111,122,543,-421
113000112,254,214,40
113000113,1129,290,839
113000114,291,1558,-1267
113000116,776,329,447
113000117,1610,115,1495
113000118,54,559,-505
113000119,298,490,-192
113000120,42,295,-253
113000121,821,1825,-1004
113000124,215,105,110
113000125,64,946,-882
113000127,1424,238,1186
113000128,589,407,182
113000129,491,791,-300
113000133,1363,1414,-51
113000134,5,1439,-1434
113000135,4426,5276,-850
113000137,1299,3740,-2441
113000139,279,307,-28
113000140,88,222,-134
113000141,204,213,-9
113000142,426,1180,-754
113000143,234,117,117
113000144,211,434,-223
113000145,134,129,5
113000146,137,44,93
113000147,233,73,160
113000148,252,115,137
113000149,156,142,14
113000150,589,229,360
113000151,50,32,18
113000152,35,127,-92
113000153,1105,555,550
113000154,686,1546,-860
113000155,373,710,-337
113000156,124,279,-155
113000157,190,643,-453
113000158,756,208,548
113000159,1012,539,473
113000160,560,742,-182
113000161,258,243,15
113000162,1021,295,726
113000163,130,29,101
113000164,14,71,-57
113000166,203,82,121
113000167,64,68,-4
113000168,96,87,9
113000169,269,55,214
113000170,89,103,-14
113000171,38,73,-35
113000172,281,52,229
113000173,67,22,45
113000174,135,260,-125
113000175,400,61,339
113000176,544,146,398
113000177,159,317,-158
113000178,180,220,-40
113000179,351,179,172
113000180,712,933,-221
113000181,1019,565,454
113000182,205,379,-174
113000183,86,498,-412
113000184,21,83,-62
113000189,307,669,-362
113000190,484,440,44
113000192,735,2832,-2097
113000193,2483,2054,429
113000194,872,896,-24
113000195,1470,1586,-116
113000196,246,55,191
113000197,1537,1476,61
113000198,60,157,-97
113000199,1760,483,1277
113000201,275,238,37
113000202,3719,1018,2701
113000203,104,124,-20
113000204,712,2407,-1695
113000205,17,30,-13
113000206,13,23,-10
113000207,94,8,86
113000208,36,48,-12
113000209,23,24,-1
113000210,9,28,-19
113000211,83,187,-104
113000212,46,31,15
113000213,31,126,-95
113000214,165,243,-78
113000234,192,549,-357
113000410,120,243,-123
113000411,2083,3884,-1801
113000412,4049,2040,2009
113000413,1393,2783,-1390
113000414,3377,12970,-9593
113000415,1868,2181,-313
113000416,5164,3318,1846
113000417,1908,2269,-361
113000418,4367,3929,438
113000419,1818,2225,-407
113000420,3831,6345,-2514
113000421,4464,7631,-3167
113000422,10447,10500,-53
113000423,1750,5533,-3783
113000424,2822,9306,-6484
113000425,6,90,-84
113000428,41,77,-36
113000430,3,262,-259
113000432,2203,144,2059
113000433,74,406,-332
113000434,23,75,-52
113000435,30,247,-217
113000436,15,534,-519
113000437,1327,8,1319
113000438,352,10,342
113000439,29,35,-6
113000440,174,37,137
113000441,247,120,127
113000442,125,103,22
113000443,306,70,236
113000444,279,63,216
113000445,120,55,65
113000446,25,60,-35
113000448,213,216,-3
113000449,114,613,-499
113000450,517,1782,-1265
113000451,1017,248,769
113000452,232,325,-93
113000453,21,387,-366
113000454,377,30,347
113000455,8,361,-353
113000456,2713,2395,318
113000468,856,103,753
113000469,81,266,-185
113000470,324,17,307
113000471,13,329,-316
113000472,128,237,-109
113000474,823,554,269
113000475,1278,1409,-131
113000476,1691,1621,70
113000477,3832,1710,2122
113000478,3001,3328,-327
113000479,63,115,-52
113000480,149,270,-121
113000481,0,0,0
113000482,0,0,0
113000483,0,1,-1
113000484,0,0,0
113000485,1,0,1
113000486,5,0,5
113000487,0,0,0
113000488,0,0,0
113000489,0,2,-2
113000490,0,18,-18
113000491,34,2,32
113000492,5,1,4
113000493,2,0,2
113000495,107,87,20
113000496,88,64,24
113000500,0,4,-4
113900001,5,284,-279
113900002,0,52,-52
113900003,0,33,-33
113900004,0,42,-42
113900005,0,55,-55
113900006,4,13,-9
113900007,68,19,49
113900008,15,0,15
113900009,34,0,34
113900010,49,0,49
113900011,83,0,83
113900012,44,0,44
113900013,97,2,95
113900014,566,5,561
113900015,1,48,-47
113900016,23,0,23
113900017,5,30,-25
113900018,299,265,34
113900019,244,66,178
113900020,130,0,130
113900022,67,1,66
113900023,34,0,34
113900024,24,16,8
113900025,196,32,164
113900026,104,0,104
113900027,7,31,-24
113900028,16,315,-299
113900029,75,99,-24
113900030,212,3,209
113900031,21,1,20
113900032,43,1,42
113900033,50,53,-3
113900035,60,0,60
113900036,20,30,-10
113900037,188,264,-76
113900038,31,101,-70
113900039,172,28,144
113900040,9,25,-16
113900041,15,10,5
113900042,54,35,19
113900043,113,76,37
113900044,289,352,-63
113900045,64,0,64
113900046,295,484,-189
113900047,62,114,-52
113900048,106,141,-35
113900049,312,357,-45
113900050,281,204,77
113900051,257,230,27
113900052,93,97,-4
113900053,628,677,-49
113900054,38,7,31
113900055,103,305,-202
113900056,54,180,-126
113900057,17,68,-51
113900058,98,88,10
113900059,305,173,132
113900060,108,163,-55
113900061,563,220,343
113900062,74,21,53
113900063,77,104,-27
113900064,50,81,-31
113900065,533,17,516
113900066,493,177,316
113900067,266,170,96
113900068,571,590,-19
113900069,35,36,-1
113900070,131,300,-169
113900071,126,46,80
113900072,83,121,-38
113900073,345,261,84
113900074,177,297,-120
113900075,1219,1406,-187
113900076,182,10,172
113900077,57,89,-32
113900078,41,41,0
113900079,1,22,-21
113900080,533,154,379
113900081,72,96,-24
113900082,132,191,-59
113900083,510,182,328
113900084,244,114,130
113900085,49,133,-84
113900086,44,13,31
113900087,121,128,-7
113900088,84,101,-17
113900089,419,34,385
113900090,680,378,302
113900091,22,15,7
113900092,28,62,-34
113900093,79,953,-874
113900094,607,231,376
113900095,167,169,-2
113900096,331,70,261
113900097,37,62,-25
113900098,787,114,673
113900099,1,34,-33
113900100,0,3,-3
113900101,9,77,-68
113900102,101,166,-65
113900103,366,309,57
113900104,140,226,-86
113900105,155,96,59
113900106,0,30,-30
113900107,0,24,-24
113900108,174,244,-70
113900109,324,226,98
113900110,63,29,34
113900111,202,72,130
113900112,166,57,109
113900113,1090,385,705
113900114,3,36,-33
113900115,1,59,-58
113900116,69,158,-89
113900117,75,30,45
113900118,221,549,-328
113900119,137,414,-277
113900120,55,39,16
113900121,84,68,16
113900122,486,2477,-1991
113900123,505,194,311
113900124,1,44,-43
113900125,599,89,510
113900126,143,35,108
113900127,394,785,-391
113900128,145,48,97
113900129,21,168,-147
113900130,5,196,-191
113900131,311,69,242
113900132,31,69,-38
113900133,16,73,-57
113900135,300,219,81
113900136,103,53,50
113900137,356,290,66
113900138,52,273,-221
113900139,163,258,-95
113900140,116,392,-276
113900141,668,175,493
113900142,160,46,114
113900143,17,56,-39
113900144,126,337,-211
113900145,427,116,311
113900146,199,32,167
113900148,102,370,-268
113900149,152,61,91
113900150,244,400,-156
113900151,522,155,367
113900152,87,57,30
113900153,159,657,-498
113900154,1,105,-104
113900155,151,265,-114
113900156,147,238,-91
113900157,39,274,-235
113900158,237,704,-467
113900159,16,245,-229
113900160,319,302,17
113900161,72,206,-134
113900162,315,1074,-759
113900163,282,166,116
113900164,319,56,263
113900165,508,261,247
113900166,100,139,-39
113900167,313,28,285
113900168,58,67,-9
113900169,186,249,-63
113900171,240,68,172
113900172,5,95,-90
113900173,18,269,-251
113900174,462,399,63
113900175,384,128,256
113900176,285,311,-26
113900177,250,140,110
113900178,342,118,224
113900179,19,170,-151
113900180,143,60,83
113900181,985,133,852
113900182,657,646,11
113900183,48,51,-3
113900184,11,264,-253
113900185,148,44,104
113900186,58,37,21
113900187,48,103,-55
113900188,52,169,-117
113900189,282,124,158
113900190,170,106,64
113900191,114,135,-21
113900192,8,738,-730
113900193,31,104,-73
113900194,1043,650,393
113900195,200,297,-97
113900196,6,159,-153
113900197,1,80,-79
113900198,28,212,-184
113900199,77,483,-406
113900200,8,181,-173
113900201,0,85,-85
113900202,50,210,-160
113900203,0,48,-48
113900204,35,327,-292
113900205,3,122,-119
113900206,14,113,-99
113900207,0,95,-95
113900208,0,25,-25
113900209,0,43,-43
113900210,343,710,-367
113900211,266,73,193
113900212,199,220,-21
113900214,240,281,-41
113900215,46,89,-43
113900216,280,413,-133
113900217,130,103,27
113900218,160,87,73
113900219,127,322,-195
113900220,124,137,-13
113900221,377,316,61
113900222,153,491,-338
113900223,288,437,-149
113900224,35,49,-14
113900225,445,152,293
113900226,434,132,302
113900227,362,208,154
113900228,263,620,-357
113900229,42,1006,-964
113900230,2436,3610,-1174
113900231,167,105,62
113900232,130,71,59
113900233,120,44,76
113900234,390,428,-38
113900235,148,35,113
113900236,277,182,95
113900237,233,8,225
113900238,288,634,-346
113900239,70,111,-41
113900240,12,221,-209
113900241,128,73,55
113900242,14,162,-148
113900243,83,291,-208
113900244,156,236,-80
113900245,714,276,438
113900246,23,30,-7
113900247,114,574,-460
113900248,1732,2046,-314
113900249,647,535,112
113900250,33,204,-171
113900251,780,78,702
113900252,577,22,555
113900253,666,64,602
113900254,672,129,543
113900255,623,7,616
113900256,339,33,306
113900257,21,242,-221
113900258,15,218,-203
113900259,605,77,528
113900260,247,11,236
113900261,71,63,8
113900262,120,297,-177
113900263,106,395,-289
113900264,4,203,-199
113900265,112,213,-101
113900266,30,123,-93
113900267,71,392,-321
113900268,355,336,19
113900269,55,109,-54
113900270,242,514,-272
113900271,572,549,23
113900273,25,15,10
113900274,76,34,42
113900275,13,75,-62
113900276,0,69,-69
113900277,178,4,174
113900278,204,133,71
113900279,57,28,29
113900280,1390,497,893
113900281,530,1417,-887
113900282,553,588,-35
113900283,428,513,-85
113900284,944,211,733
113900285,156,30,126
113900286,87,81,6
113900287,124,52,72
113900288,0,131,-131
113900289,408,135,273
113900290,145,322,-177
113900291,85,131,-46
113900292,4,4,0
113900293,0,137,-137
113900294,560,24,536
113900295,341,280,61
113900296,1727,417,1310
113900297,2495,53,2442
113900298,19,1040,-1021
113900299,135,78,57
113900300,2990,3969,-979
113900301,630,433,197
113900302,1554,941,613
113900303,334,669,-335
113900304,1,72,-71
113900305,132,1,131
113900306,85,1,84
113900307,30,2,28
113900308,64,85,-21
113900309,1,334,-333
113900310,0,10,-10
113900311,11,0,11
113900312,167,234,-67
113900313,7,11,-4
114000001,1012,1824,-812
114000002,313,220,93
114000003,56,140,-84
114000004,363,186,177
114000005,362,127,235
114000006,1582,1288,294
114000007,626,1045,-419
114000008,1258,1849,-591
114000009,1109,241,868
114000011,2855,1726,1129
114000012,2853,1211,1642
114000013,1822,1045,777
114000014,354,142,212
114000015,2152,214,1938
114000016,226,166,60
114000017,107,447,-340
114000018,124,23,101
114000026,2411,826,1585
114000027,4072,1702,2370
114000028,2287,2738,-451
114000038,293,96,197
114000039,73,28,45
114000040,166,217,-51
114000042,139,156,-17
114000043,56,28,28
114000044,399,19,380
114000045,49,23,26
114000046,2306,3357,-1051
114000047,9,65,-56
114000048,119,20,99
114000049,1616,1096,520
114000050,1999,1368,631
114000051,3119,1663,1456
114000052,4120,1761,2359
114000053,130,607,-477
114000054,168,632,-464
114000055,198,38,160
114000056,435,1144,-709
114000057,3634,1827,1807
114000058,204,1521,-1317
114000059,105,421,-316
114000060,540,651,-111
114000061,1935,3137,-1202
114000062,1055,1835,-780
114000063,1263,1103,160
114000064,2627,3326,-699
114000065,1197,1701,-504
114000066,361,456,-95
114000067,34,908,-874
114000068,423,672,-249
114000069,1075,483,592
114000070,2266,1653,613
114000071,864,318,546
114000072,525,116,409
114000073,5,39,-34
114000074,61,20,41
114000075,62,50,12
114000076,22,31,-9
114000077,3,15,-12
114000078,284,290,-6
114000079,178,20,158
114000080,46,97,-51
114000081,98,57,41
114000082,58,260,-202
114000083,58,130,-72
114000084,350,73,277
114000085,85,302,-217
114000086,276,162,114
114000087,214,77,137
114000088,39,15,24
114000089,498,292,206
114000090,873,817,56
114000091,1341,702,639
114000092,824,385,439
114000093,1318,563,755
114000094,333,236,97
114000095,236,142,94
114000096,109,213,-104
114000097,111,250,-139
114000098,654,59,595
114000099,812,303,509
114000100,1877,429,1448
114000101,442,309,133
114000102,614,217,397
114000103,127,210,-83
114000104,43,149,-106
114000105,206,94,112
114000106,588,1533,-945
114000107,525,101,424
114000108,716,735,-19
114000109,650,1120,-470
114000110,524,783,-259
114000111,2036,872,1164
114000112,478,1119,-641
114000113,1233,553,680
114000114,1019,777,242
114000115,2020,1101,919
114000116,1016,832,184
114000117,3826,525,3301
114000118,3163,491,2672
114000119,2185,469,1716
114000120,510,528,-18
114000121,362,637,-275
114000122,338,293,45
114000123,2249,293,1956
114000124,1146,186,960
114000125,753,885,-132
114000126,1638,200,1438
114000127,344,139,205
114000128,856,256,600
114000130,458,378,80
114000131,358,102,256
114000132,607,339,268
114000133,833,983,-150
114000134,94,63,31
114000138,37,110,-73
114000139,462,294,168
114000144,874,626,248
114000145,62,86,-24
114000146,74,124,-50
114000147,1349,2097,-748
114000148,1389,1781,-392
114000149,315,280,35
114000150,315,491,-176
114000151,552,1616,-1064
114000152,90,31,59
114000153,628,1742,-1114
114000154,541,411,130
114000155,1089,2243,-1154
114000156,816,509,307
114000157,205,908,-703
114000158,789,653,136
114000159,106,271,-165
114000160,74,279,-205
114000161,1145,3094,-1949
114000162,1139,2778,-1639
114000163,27,35,-8
114000165,741,292,449
114000166,640,452,188
114000167,2080,1253,827
114000168,470,513,-43
114000169,1355,1641,-286
114000170,869,966,-97
114000171,1482,2692,-1210
114000174,158,365,-207
114000176,324,341,-17
114000177,1106,568,538
114000178,53,59,-6
114000179,1097,550,547
114000180,327,509,-182
114000181,1807,4123,-2316
114000182,1649,2072,-423
114000183,563,518,45
114000184,370,588,-218
114000185,1241,711,530
114000189,1396,152,1244
114000190,3498,528,2970
114000191,58,163,-105
114000192,119,793,-674
114000193,376,1256,-880
114000194,1227,548,679
114000195,213,49,164
114000196,0,113,-113
114000197,1644,22,1622
114000198,661,304,357
114000199,1451,1600,-149
114000200,474,991,-517
114000201,163,486,-323
114000202,1069,435,634
114000203,451,422,29
114000204,160,337,-177
114000205,190,947,-757
114000206,649,1070,-421
114000207,449,986,-537
114000208,409,1358,-949
114000209,431,1126,-695
114000210,200,642,-442
114000211,1311,966,345
114000212,1002,844,158
114000213,1511,378,1133
114000214,99,120,-21
114000215,176,80,96
114000216,1381,297,1084
114000217,433,191,242
114000218,200,122,78
114000219,1294,139,1155
114000220,17,412,-395
114000221,950,162,788
114000222,140,550,-410
114000223,523,129,394
114000224,52,377,-325
114000225,259,378,-119
114000226,187,199,-12
114000227,855,485,370
114000228,843,507,336
114000229,1242,861,381
114000230,1438,791,647
114000231,1079,1030,49
114000232,914,133,781
114000233,2364,134,2230
114000234,1247,660,587
114000235,1131,997,134
114000236,2,285,-283
114000237,121,566,-445
114000238,96,168,-72
114000239,129,614,-485
114000240,820,736,84
114000241,244,552,-308
114000242,662,590,72
114000243,1522,769,753
114000244,412,245,167
114000245,424,585,-161
114000246,84,34,50
114000247,580,501,79
114000248,1147,479,668
114000249,667,348,319
114000250,672,498,174
114000251,444,154,290
114000252,35,23,12
114000253,52,112,-60
114000254,67,45,22
114000255,455,191,264
114000256,666,2446,-1780
114000257,303,795,-492
114000258,308,237,71
114000259,98,127,-29
114000260,1,26,-25
114000261,53,49,4
114000262,293,61,232
114000263,4,1,3
114000264,1462,284,1178
114000265,0,0,0
114000267,4,1185,-1181
114000268,1,758,-757
114000270,152,3,149
114000271,301,47,254
114000283,1354,304,1050
114000285,32,101,-69
114000288,74,228,-154
114000289,1658,81,1577
114000293,205,423,-218
114000294,184,252,-68
114000395,1141,23,1118
114000396,687,603,84
114000402,773,227,546
114000403,318,153,165
114000405,196,179,17
114000423,383,213,170
114000424,631,128,503
114000425,985,251,734
114000426,326,761,-435
114000427,56,78,-22
114000428,163,208,-45
114000429,4,117,-113
114000432,99,54,45
114000434,19,52,-33
114000435,7,78,-71
114000436,1262,477,785
114000437,458,4315,-3857
114900001,714,397,317
114900002,489,207,282
114900003,814,604,210
114900004,224,399,-175
114900005,638,392,246
114900006,94,92,2
114900007,323,33,290
114900008,275,69,206
114900010,1072,1604,-532
114900011,240,118,122
114900013,250,132,118
114900015,110,536,-426
114900018,1080,23,1057
114900020,191,81,110
114900022,2,481,-479
114900024,296,150,146
114900025,585,128,457
114900026,72,138,-66
114900027,225,131,94
114900029,24,28,-4
114900030,414,127,287
114900031,498,31,467
114900032,529,25,504
114900033,549,1222,-673
114900034,35,74,-39
114900035,122,222,-100
114900036,178,356,-178
114900037,160,112,48
114900038,181,314,-133
114900039,506,210,296
114900040,65,66,-1
114900041,918,205,713
114900042,1050,343,707
114900043,349,187,162
114900044,141,55,86
114900046,44,87,-43
114900047,196,2465,-2269
114900048,134,175,-41
114900049,3,85,-82
114900050,47,197,-150
114900051,26,254,-228
114900052,132,278,-146
114900053,104,220,-116
114900054,39,83,-44
114900057,207,14,193
114900058,2,60,-58
114900059,110,66,44
114900060,562,732,-170
114900061,111,64,47
114900062,133,219,-86
114900063,60,76,-16
114900064,1991,239,1752
114900065,514,611,-97
114900067,59,302,-243
114900068,57,104,-47
114900069,169,80,89
114900070,593,214,379
114900072,6,220,-214
114900073,0,113,-113
114900074,897,278,619
114900075,460,6,454
114900076,16,247,-231
114900080,947,212,735
114900082,2166,2474,-308
114900083,733,932,-199
114900090,451,220,231
114900091,77,137,-60
114900095,188,105,83
114900096,362,441,-79
114900097,161,0,161
114900098,2,108,-106
114900099,280,10,270
115000001,3778,2073,1705
115000002,4122,4727,-605
115000003,3767,1733,2034
115000004,5026,5695,-669
115000005,1304,1524,-220
115000006,1235,1370,-135
115000007,135,169,-34
115000008,355,519,-164
115000009,246,199,47
115000010,283,198,85
115000013,41,203,-162
115000015,20,276,-256
115000016,197,386,-189
115000019,45,398,-353
115000020,117,947,-830
115000021,196,350,-154
115000022,521,368,153
115000023,365,711,-346
115000024,866,398,468
115000025,853,839,14
115000026,176,294,-118
115000027,327,345,-18
115000028,256,674,-418
115000029,719,108,611
115000030,990,980,10
115000031,1411,405,1006
115000032,11,175,-164
115000033,138,44,94
115000034,47,1012,-965
115000035,1148,80,1068
115000036,2,302,-300
115000037,723,20,703
115000038,46,139,-93
115000039,2528,3486,-958
115000040,3216,2257,959
115000041,1226,3307,-2081
115000042,675,531,144
115000043,3783,2301,1482
115000044,3487,2538,949
115000045,2388,1026,1362
115000046,2474,2035,439
115000047,2450,1102,1348
115000048,1630,1410,220
115000049,1529,2528,-999
115000050,3542,1378,2164
115000051,1472,3012,-1540
115000052,1281,1399,-118
115000053,1824,1808,16
115000054,485,807,-322
115000055,150,633,-483
115000056,151,518,-367
115000057,617,881,-264
115000058,440,327,113
115000059,248,147,101
115000061,89,140,-51
115000062,201,182,19
115000063,481,206,275
115000064,228,78,150
115000065,86,572,-486
115000067,192,18,174
115000069,90,246,-156
115000070,27,802,-775
115000071,94,13,81
115000072,8,54,-46
115000073,1517,84,1433
115000075,112,52,60
115000076,2399,1811,588
115000077,2133,1188,945
115000078,1383,821,562
115000079,1347,1038,309
115000080,2493,1342,1151
115000081,427,647,-220
115000082,4432,3284,1148
115000083,2016,1214,802
115000084,2779,821,1958
115000085,810,577,233
115000086,1206,518,688
115000087,391,1153,-762
115000088,1735,506,1229
115000089,1135,1028,107
115000090,513,809,-296
115000091,238,576,-338
115000092,759,401,358
115000093,519,5,514
115000094,4704,5804,-1100
115000095,3225,6100,-2875
115000096,773,833,-60
115000097,1372,859,513
115000098,1352,575,777
115000099,2766,1638,1128
115000100,1278,310,968
115000101,442,951,-509
115000102,475,222,253
115000103,248,424,-176
115000105,54,82,-28
115000106,682,309,373
115000107,178,250,-72
115000108,2200,1729,471
115000109,3193,5055,-1862
115000110,1371,1983,-612
115000111,638,1233,-595
115000112,912,1031,-119
115000113,769,917,-148
115000114,1463,622,841
115000116,3114,2348,766
115000117,2784,2556,228
115000118,2141,1817,324
115000119,1692,2013,-321
115000120,500,1471,-971
115000121,869,828,41
115000122,1556,1864,-308
115000123,946,2751,-1805
115000124,650,1095,-445
115000125,388,575,-187
115000126,146,312,-166
115000127,330,124,206
115000128,267,720,-453
115000129,266,436,-170
115000130,452,395,57
115000131,979,211,768
115000132,342,209,133
115000133,632,169,463
115000134,392,179,213
115000135,275,163,112
115000136,244,218,26
115000137,81,139,-58
115000138,389,207,182
115000139,179,171,8
115000140,416,157,259
115000141,205,144,61
115000142,182,157,25
115000143,889,523,366
115000144,523,57,466
115000145,269,178,91
115000146,522,332,190
115000147,288,309,-21
115000148,280,489,-209
115000149,664,210,454
115000150,632,435,197
115000151,1348,449,899
115000152,652,553,99
115000153,1323,416,907
115000154,1021,183,838
115000155,619,561,58
115000156,992,686,306
115000157,573,668,-95
115000158,460,366,94
115000159,480,679,-199
115000160,517,671,-154
115000161,590,389,201
115000162,550,852,-302
115000163,471,563,-92
115000164,705,579,126
115000165,327,541,-214
115000167,131,53,78
115000168,381,289,92
115000169,445,334,111
115000170,98,108,-10
115000171,228,203,25
115000172,789,537,252
115000173,355,824,-469
115000174,88,336,-248
115000175,192,146,46
115000176,155,132,23
115000177,172,241,-69
115000178,17,173,-156
115000179,42,48,-6
115000180,132,326,-194
115000181,800,134,666
115000182,1065,236,829
115000183,444,489,-45
115000186,681,207,474
115000187,266,517,-251
115000188,380,498,-118
115000189,228,438,-210
115000190,664,509,155
115000191,170,605,-435
115000194,128,149,-21
115000195,227,285,-58
115000196,234,89,145
115000197,210,163,47
115000198,465,139,326
115000199,441,143,298
115000200,433,76,357
115000201,139,237,-98
115000206,407,54,353
115000207,255,215,40
115000208,228,468,-240
115000209,637,304,333
115000210,217,116,101
115000211,187,184,3
115000212,1139,330,809
115000224,333,50,283
115000225,47,95,-48
115000229,134,80,54
115000230,101,280,-179
115000231,301,795,-494
115000232,2024,250,1774
115000233,125,146,-21
115000234,27,250,-223
115000241,126,164,-38
115000242,116,127,-11
115000243,37,141,-104
115000244,5,85,-80
115000246,40,18,22
115000247,24,22,2
115000248,25,18,7
115000249,34,9,25
115000250,267,27,240
115000251,250,69,181
115000252,103,151,-48
115000253,12,370,-358
115000258,353,81,272
115000259,334,135,199
115000261,18,15,3
115000262,17,27,-10
115000263,14,35,-21
115000264,54,16,38
115000267,89,81,8
115000268,54,104,-50
115000269,99,61,38
115000270,4,22,-18
115000272,98,86,12
115000273,563,22,541
115000280,1682,398,1284
115000281,313,882,-569
115000282,964,1166,-202
115000284,212,184,28
115000296,809,13,796
115000297,167,251,-84
115000298,82,548,-466
115000300,258,162,96
115000302,541,87,454
115000303,734,83,651
115000304,989,71,918
115000305,127,342,-215
115000306,288,172,116
115000307,100,126,-26
115000308,17,8,9
115000309,10,49,-39
115000310,1170,473,697
115000311,1239,880,359
115000313,79,259,-180
115000314,747,144,603
115000315,423,484,-61
115000316,64,146,-82
115000317,194,341,-147
115000318,751,330,421
115000319,55,174,-119
115000320,18,404,-386
115000321,379,16,363
115000322,38,148,-110
115000449,147,148,-1
115000557,32,1649,-1617
115000558,320,87,233
115000587,600,251,349
115000588,1747,1922,-175
115000589,3435,1918,1517
115000590,1168,1313,-145
115000591,1771,680,1091
115000592,532,1699,-1167
115000593,1362,597,765
115000594,453,2362,-1909
115000609,165,127,38
115000617,957,3746,-2789
115000624,377,37,340
115000633,531,1672,-1141
115000634,2705,880,1825
115000635,644,112,532
115000638,398,485,-87
115000641,39,146,-107
115000642,348,229,119
115000643,132,318,-186
115000644,148,283,-135
115000646,869,1497,-628
115000647,160,427,-267
115000648,2226,1121,1105
115000893,1703,1368,335
115000894,159,701,-542
115000895,251,404,-153
115000896,909,237,672
115000897,437,113,324
115000898,560,313,247
115000899,240,911,-671
115000900,72,236,-164
115000901,44,151,-107
115000912,410,91,319
115000913,4,12,-8
115000915,13,0,13
115000916,8,0,8
115000917,0,7,-7
115000918,69,1139,-1070
115000919,5,16,-11
115000920,21,45,-24
115000921,404,135,269
115000922,389,792,-403
115000923,125,795,-670
115000925,112,100,12
115000927,47,51,-4
115000933,76,120,-44
115000934,184,182,2
115000935,147,59,88
115900001,125,42,83
115900002,72,90,-18
115900003,198,51,147
115900004,3,19,-16
115900005,267,16,251
115900006,160,158,2
115900008,84,4,80
115900009,83,146,-63
115900010,399,121,278
115900011,460,215,245
115900012,256,40,216
115900013,309,150,159
115900014,115,120,-5
115900015,212,27,185
115900016,125,35,90
115900017,23,14,9
115900018,135,33,102
115900019,445,25,420
115900020,140,7,133
115900021,806,259,547
115900022,409,14,395
115900023,41,10,31
115900025,41,219,-178
115900026,754,111,643
115900027,0,118,-118
115900028,494,70,424
115900029,20,232,-212
115900030,46,17,29
115900031,171,363,-192
115900032,490,458,32
115900033,0,37,-37
115900034,28,183,-155
115900035,68,13,55
115900036,40,1204,-1164
115900037,33,201,-168
115900038,51,13,38
115900039,186,133,53
115900041,264,656,-392
115900042,34,6,28
115900043,117,40,77
115900044,155,231,-76
115900046,413,160,253
115900047,158,192,-34
115900049,146,152,-6
115900051,4,20,-16
115900052,12,121,-109
115900053,308,120,188
115900054,335,31,304
115900055,19,72,-53
115900056,210,144,66
115900057,107,21,86
115900058,33,62,-29
115900060,145,124,21
115900061,346,3,343
115900062,46,177,-131
115900063,82,8,74
115900064,174,190,-16
115900065,136,70,66
115900066,101,73,28
115900067,9,257,-248
115900068,1668,1124,544
115900069,43,152,-109
115900070,181,56,125
115900071,1,156,-155
115900072,40,127,-87
115900073,89,108,-19
115900074,0,151,-151
115900075,21,145,-124
115900076,7,34,-27
115900077,4,121,-117
115900078,24,68,-44
115900079,431,44,387
115900080,236,119,117
115900081,22,48,-26
115900082,101,128,-27
115900084,649,16,633
115900085,37,39,-2
115900086,917,494,423
115900088,11,55,-44
115900089,374,441,-67
115900090,497,4,493
115900091,4,21,-17
115900092,37,67,-30
115900093,14,11,3
115900094,2,133,-131
115900096,2,10,-8
115900097,18,167,-149
115900098,226,189,37
115900099,51,42,9
115900100,14,263,-249
115900101,124,128,-4
115900102,91,51,40
115900103,295,157,138
115900104,85,65,20
115900105,423,294,129
115900106,108,23,85
115900107,69,61,8
115900108,212,24,188
115900109,35,204,-169
115900110,6,17,-11
115900111,0,62,-62
115900112,28,523,-495
115900113,80,14,66
115900114,6,99,-93
115900115,98,175,-77
115900116,69,523,-454
115900117,101,10,91
115900118,1,167,-166
115900119,164,122,42
115900120,36,176,-140
115900121,253,124,129
115900124,309,633,-324
115900125,345,51,294
115900126,715,50,665
115900127,665,34,631
115900128,2,68,-66
115900129,773,54,719
115900130,15,241,-226
115900131,315,32,283
115900132,673,2,671
115900134,332,9,323
115900135,232,1306,-1074
115900137,44,1,43
115900139,31,92,-61
115900140,333,29,304
115900141,4,27,-23
115900142,6,41,-35
115900143,382,398,-16
115900144,129,187,-58
115900146,15,42,-27
115900147,212,298,-86
115900148,62,11,51
115900149,150,8,142
115900150,116,18,98
115900151,16,101,-85
115900152,194,215,-21
115900153,144,139,5
115900154,345,300,45
115900155,0,23,-23
115900156,736,906,-170
115900157,197,447,-250
115900158,5,8,-3
115900159,230,169,61
115900160,6,10,-4
115900161,148,132,16
115900163,244,116,128
115900164,723,22,701
115900165,5,108,-103
115900166,168,110,58
115900168,202,72,130
115900171,82,372,-290
115900172,79,81,-2
115900173,202,100,102
115900174,238,174,64
115900175,162,156,6
115900178,5,287,-282
115900179,315,5,310
115900180,41,113,-72
115900181,202,82,120
115900182,532,100,432
115900183,45,45,0
115900184,705,9,696
115900187,6,125,-119
115900189,1,272,-271
115900190,306,1305,-999
115900191,13,145,-132
115900192,14,86,-72
115900193,134,100,34
115900194,660,57,603
115900195,429,2198,-1769
115900198,213,258,-45
115900199,193,119,74
115900200,180,166,14
115900201,366,291,75
115900202,4,105,-101
115900203,4,20,-16
115900204,0,7,-7
115900205,67,10,57
115900206,286,104,182
115900207,32,12,20
115900208,114,59,55
115900209,5,67,-62
115900210,6,130,-124
115900211,3,102,-99
115900212,205,134,71
115900213,71,141,-70
115900214,579,118,461
115900215,34,205,-171
115900216,5,101,-96
115900217,2,21,-19
115900218,5,30,-25
115900219,122,1,121
115900220,220,5,215
115900221,126,5,121
115900222,103,36,67
115900223,10,496,-486
115900224,573,1333,-760
115900225,45,40,5
115900226,23,38,-15
115900227,9,58,-49
115900228,9,50,-41
115900229,7,40,-33
115900230,58,82,-24
115900231,113,1,112
115900232,81,1,80
115900233,108,17,91
115900234,62,40,22
115900235,31,37,-6
115900236,20,46,-26
115900237,23,23,0
115900238,18,11,7
115900239,37,30,7
115900240,20,44,-24
115900241,267,60,207
115900242,181,368,-187
115900243,6,1,5
115900244,6,7,-1
115900245,37,14,23
115900246,2,16,-14
115900247,22,10,12
115900248,14,3,11
115900249,6,10,-4
115900250,14,30,-16
115900251,3,10,-7
115900252,0,7,-7
115900253,9,16,-7
115900254,11,28,-17
115900255,1,9,-8
115900256,7,20,-13
115900257,14,1,13
115900258,0,1,-1
115900259,0,1,-1
115900260,9,0,9
115900261,11,3,8
115900262,9,1,8
115900263,14,1,13
115900264,25,3,22
115900265,5,9,-4
115900266,4,28,-24
115900267,6,16,-10
115900268,8,9,-1
115900269,625,183,442
115900270,362,140,222
115900271,118,2,116
115900272,69,2,67
115900273,19,26,-7
115900274,2,3,-1
115900275,1,10,-9
115900276,0,11,-11
115900277,3,17,-14
115900278,50,91,-41
115900279,17,186,-169
115900280,14,560,-546
115900281,180,231,-51
116000001,5655,3007,2648
116000002,4505,13371,-8866
116000003,1113,1049,64
116000004,2821,4409,-1588
116000005,1261,2342,-1081
116000006,2285,2695,-410
116000007,2268,2593,-325
116000008,4566,2564,2002
116000009,1082,1370,-288
116000010,2527,1714,813
116000011,633,1292,-659
116000012,1681,1179,502
116000013,5078,3238,1840
116000014,6791,12818,-6027
116000015,207,1503,-1296
116000016,4351,4250,101
116000017,37,810,-773
116000018,654,303,351
116000019,935,324,611
116000020,586,969,-383
116000021,627,357,270
116000022,382,313,69
116000023,1421,875,546
116000024,693,592,101
116000025,879,896,-17
116000026,1613,2363,-750
116000027,838,658,180
116000028,516,1130,-614
116000029,559,768,-209
116000030,825,650,175
116000031,186,267,-81
116000032,353,158,195
116000033,446,428,18
116000034,886,752,134
116000035,350,743,-393
116000036,1217,1459,-242
116000037,501,443,58
116000038,258,543,-285
116000039,455,602,-147
116000040,685,548,137
116000041,150,542,-392
116000042,572,361,211
116000043,88,615,-527
116000044,4,41,-37
116000045,1790,1604,186
116000046,1009,1708,-699
116000047,1588,2282,-694
116000048,2049,1796,253
116000049,1516,3095,-1579
116000050,1571,1273,298
116000051,6403,2695,3708
116000052,5793,4457,1336
116000053,2222,715,1507
116000054,880,2319,-1439
116000055,832,718,114
116000056,965,1073,-108
116000057,2764,1493,1271
116000058,3237,2783,454
116000059,2811,5311,-2500
116000060,1672,890,782
116000061,271,1029,-758
116000062,460,183,277
116000063,544,1126,-582
116000066,287,716,-429
116000067,199,323,-124
116000068,259,300,-41
116000069,216,317,-101
116000078,535,1109,-574
116000080,1840,747,1093
116000082,12,23,-11
116000083,1750,412,1338
116000084,1626,2315,-689
116000085,2082,1850,232
116000086,1131,644,487
116000087,2259,1517,742
116000088,718,787,-69
116000089,112,72,40
116000090,95,150,-55
116000091,268,328,-60
116000093,782,561,221
116000094,677,380,297
116000095,937,535,402
116000096,911,1352,-441
116000097,897,517,380
116000098,33,6743,-6710
116000099,4234,182,4052
116000100,313,30,283
116000101,1082,497,585
116000102,232,664,-432
116000103,439,305,134
116000104,214,685,-471
116000105,1352,157,1195
116000106,489,709,-220
116000107,2727,223,2504
116000108,246,168,78
116000111,116,24,92
116000113,158,114,44
116000114,35,121,-86
116000115,377,115,262
116000116,219,318,-99
116000117,1478,1473,5
116000118,1613,915,698
116000119,3788,1772,2016
116000120,2877,2786,91
116000121,1043,538,505
116000122,889,975,-86
116000123,1370,354,1016
116000124,312,663,-351
116000125,3331,800,2531
116000126,336,877,-541
116000127,841,782,59
116000128,2156,872,1284
116000129,1365,222,1143
116000130,701,606,95
116000133,1512,674,838
116000134,1515,1243,272
116000135,3239,1245,1994
116000136,841,1247,-406
116000137,1391,729,662
116000138,933,612,321
116000139,1656,2240,-584
116000140,164,181,-17
116000141,281,415,-134
116000142,2698,1739,959
116000143,1725,1860,-135
116000144,1539,1336,203
116000145,1878,989,889
116000146,756,129,627
116000147,160,133,27
116000148,689,563,126
116000149,776,722,54
116000151,469,297,172
116000153,108,267,-159
116000155,143,231,-88
116000156,503,786,-283
116000157,53,10,43
116000158,399,354,45
116000159,19,16,3
116000160,28,52,-24
116000161,4,80,-76
116000162,78,130,-52
116000163,22,26,-4
116000164,7,22,-15
116000177,114,100,14
116000194,86,297,-211
116000195,1191,473,718
116000196,29,7,22
116000197,17,12,5
116000198,2537,1125,1412
116000200,634,605,29
116000201,683,697,-14
116000202,6,178,-172
116000203,2,61,-59
116000204,13,42,-29
116000205,0,87,-87
116000206,2,127,-125
116000207,15,59,-44
116000233,220,284,-64
116000287,176,194,-18
116000288,366,157,209
116000292,69,83,-14
116000296,17,236,-219
116000297,85,15,70
116000304,234,18,216
116000305,13,59,-46
116000346,215,85,130
116000352,136,42,94
116000354,39,16,23
116000357,18,21,-3
116000358,357,81,276
116000361,33,2,31
116000372,2946,4948,-2002
116000381,118,2,116
116000388,1,20,-19
116000389,893,539,354
116000445,556,272,284
116000446,771,308,463
116000447,17,494,-477
116000448,470,135,335
116000563,833,1102,-269
116000565,52,243,-191
116000568,55,384,-329
116000579,21,104,-83
116000584,24,5,19
116000585,42,15,27
116000586,64,134,-70
116000587,422,692,-270
116000589,37,41,-4
116000590,87,47,40
116000591,288,157,131
116000592,15,59,-44
116000593,0,25,-25
116000594,783,196,587
116000595,639,64,575
116000596,171,3,168
116000597,457,97,360
116000598,16,91,-75
116000602,36,490,-454
116000605,155,93,62
116000606,59,181,-122
116000607,6,42,-36
116000609,117,1084,-967
116000611,176,264,-88
116000612,852,1925,-1073
116000613,733,285,448
116000614,406,331,75
116000615,1,359,-358
116000616,75,64,11
116000617,146,20,126
116000618,4,43,-39
116000619,37,77,-40
116000620,220,102,118
116000621,83,149,-66
116000622,52,117,-65
116000624,251,114,137
116000627,24,7,17
116000628,50,116,-66
116000629,21,124,-103
116000630,323,22,301
116000631,113,17,96
116000632,633,139,494
116000633,41,250,-209
116000634,657,12,645
116000635,1531,2100,-569
116900001,252,162,90
116900002,223,4,219
116900003,54,30,24
116900004,72,127,-55
116900005,304,41,263
116900006,62,382,-320
116900007,132,191,-59
116900008,501,164,337
116900009,29,11,18
116900010,11,666,-655
116900011,14,36,-22
116900012,132,237,-105
116900013,7,119,-112
116900014,260,103,157
116900015,505,47,458
116900016,259,1,258
116900017,2,304,-302
116900018,110,58,52
116900019,4,170,-166
116900020,544,1290,-746
116900023,78,9,69
116900024,759,37,722
116900025,1343,555,788
116900026,100,436,-336
116900027,27,33,-6
116900028,5,70,-65
116900029,3,68,-65
116900031,0,3,-3
116900032,12,175,-163
116900033,46,7,39
116900034,11,47,-36
116900035,119,112,7
116900036,2,96,-94
116900038,13,1,12
116900041,58,8,50
116900042,355,209,146
116900043,34,41,-7
116900045,248,93,155
116900047,19,223,-204
116900049,27,217,-190
116900050,134,302,-168
116900051,213,84,129
116900052,166,64,102
116900055,0,12,-12
116900057,9,139,-130
116900058,23,298,-275
116900059,1,84,-83
116900060,155,162,-7
116900062,2,0,2
116900064,93,273,-180
116900065,34,78,-44
116900067,131,44,87
116900068,113,189,-76
116900070,4,3,1
116900072,24,215,-191
116900073,23,65,-42
116900074,7,45,-38
116900076,17,34,-17
116900077,7,56,-49
116900078,166,73,93
116900079,38,147,-109
116900080,11,31,-20
116900081,287,786,-499
116900082,364,923,-559
116900083,14,17,-3
116900084,84,65,19
116900085,25,102,-77
116900086,28,135,-107
116900088,285,81,204
116900090,87,26,61
116900091,446,24,422
116900092,81,453,-372
116900093,1740,1609,131
116900094,2818,4556,-1738
116900095,228,84,144
116900096,114,421,-307
116900097,1817,3477,-1660
116900098,727,333,394
116900099,520,835,-315
116900100,1109,92,1017
116900101,306,297,9
116900103,3,0,3
116900104,52,86,-34
116900105,307,178,129
116900106,2658,98,2560
116900107,2013,2598,-585
116900110,14,2,12
116900111,673,331,342
116900112,247,455,-208
116900113,1025,1392,-367
116900116,96,687,-591
116900117,146,84,62
116900118,575,740,-165
116900120,541,55,486
116900121,128,14,114
116900122,1182,425,757
116900123,235,405,-170
116900124,148,766,-618
116900125,516,128,388
116900126,93,542,-449
116900128,5,37,-32
116900129,6,239,-233
116900130,426,4550,-4124
116900131,62,301,-239
116900132,69,124,-55
116900133,199,102,97
116900134,234,188,46
116900136,242,206,36
116900137,288,145,143
116900138,275,106,169
116900139,150,338,-188
116900140,226,145,81
116900141,771,449,322
116900142,0,61,-61
116900143,399,272,127
116900144,36,69,-33
116900145,107,146,-39
116900147,305,718,-413
116900148,7,50,-43
116900149,96,276,-180
116900150,14,9,5
116900151,18,8,10
116900153,167,127,40
116900154,392,645,-253
116900155,81,70,11
116900157,847,113,734
116900158,131,372,-241
116900159,51,276,-225
116900160,917,889,28
116900161,3954,7772,-3818
116900162,15,40,-25
116900163,288,64,224
116900164,100,60,40
116900165,350,310,40
116900166,45,31,14
116900167,529,51,478
116900168,445,71,374
116900169,347,727,-380
116900170,350,636,-286
116900171,48,97,-49
116900172,141,411,-270
116900173,242,35,207
116900174,60,67,-7
116900175,230,280,-50
116900178,39,71,-32
116900179,92,338,-246
116900180,87,29,58
116900182,545,203,342
116900183,170,91,79
116900185,37,64,-27
116900186,109,140,-31
116900187,51,45,6
116900188,161,35,126
116900189,80,3,77
116900191,407,587,-180
116900192,330,89,241
116900194,156,1634,-1478
116900195,37,27,10
116900196,30,55,-25
116900197,121,23,98
116900198,136,286,-150
116900200,106,19,87
116900201,181,7,174
116900202,91,30,61
116900203,169,9,160
116900204,46,103,-57
116900206,10,7,3
116900207,40,30,10
116900208,4,71,-67
116900209,44,85,-41
116900210,557,302,255
116900211,292,1,291
116900212,91,26,65
116900213,251,75,176
116900214,248,164,84
116900215,47,24,23
116900216,343,133,210
116900218,6,132,-126
116900219,1108,300,808
116900220,131,242,-111
116900221,113,300,-187
116900222,382,344,38
116900223,156,283,-127
116900226,148,35,113
116900227,167,44,123
116900228,342,158,184
116900230,62,142,-80
116900231,31,178,-147
116900232,17,218,-201
116900233,372,101,271
116900234,31,12,19
116900235,162,183,-21
116900238,1102,251,851
116900239,37,1603,-1566
116900240,3659,3034,625
116900241,142,105,37
116900242,212,765,-553
116900243,3,51,-48
116900245,44,61,-17
116900246,118,9,109
116900247,966,26,940
116900248,99,23,76
116900249,495,65,430
116900250,413,28,385
116900251,294,676,-382
116900252,180,400,-220
116900253,138,33,105
116900254,39,60,-21
116900255,121,103,18
116900256,526,108,418
116900257,18,258,-240
116900258,4,99,-95
116900259,328,5,323
116900260,2,48,-46
116900261,95,3,92
116900262,139,83,56
116900263,1,12,-11
116900264,0,6,-6
116900265,57,0,57
116900266,18,27,-9
116900267,7,1,6
116900268,328,189,139
116900269,316,517,-201
116900271,676,298,378
116900272,274,227,47
116900273,108,92,16
116900274,137,35,102
116900275,231,66,165
116900276,388,155,233
116900277,362,32,330
116900278,5,11,-6
116900279,3,13,-10
116900280,38,18,20
116900281,3457,5568,-2111
116900282,2,50,-48
116900283,2,65,-63
116900284,26,116,-90
116900285,133,239,-106
116900286,137,16,121
116900287,4,26,-22
116900288,129,78,51
116900289,12,9,3
116900290,9,15,-6
116900291,28,7,21
116900292,0,16,-16
116900293,111,22,89
116900294,26,101,-75
116900295,68,33,35
116900296,24,27,-3
116900297,2,67,-65
116900298,37,29,8
116900299,16,29,-13
116900300,6,94,-88
116900301,27,78,-51
116900302,11,54,-43
116900303,76,110,-34
116900304,0,170,-170
116900305,7,36,-29
116900306,195,24,171
117000001,2393,1754,639
117000002,1767,3406,-1639
117000003,6200,3318,2882
117000004,2661,4020,-1359
117000005,2610,1819,791
117000006,1125,2147,-1022
117000007,4605,1207,3398
117000008,871,2450,-1579
117000009,4629,1985,2644
117000010,2063,2780,-717
117000011,2299,1335,964
117000012,1176,849,327
117000013,1879,715,1164
117000014,1252,1751,-499
117000015,2508,1308,1200
117000016,238,157,81
117000017,101,82,19
117000018,141,861,-720
117000019,63,1,62
117000020,399,1958,-1559
117000021,881,291,590
117000022,248,160,88
117000023,109,162,-53
117000024,142,266,-124
117000025,272,980,-708
117000026,1779,1682,97
117000027,1090,4808,-3718
117000028,1399,2341,-942
117000030,271,454,-183
117000031,316,273,43
117000032,1141,1004,137
117000033,1587,1358,229
117000034,507,239,268
117000035,489,258,231
117000036,363,225,138
117000037,374,161,213
117000038,131,467,-336
117000039,384,173,211
117000040,235,647,-412
117000041,1487,140,1347
117000044,2,411,-409
117000045,546,110,436
117000046,289,551,-262
117000047,831,621,210
117000048,1502,676,826
117000049,111,677,-566
117000050,185,1200,-1015
117000051,2940,106,2834
117000052,65,195,-130
117000053,712,30,682
117000054,1853,15,1838
117000055,3,1781,-1778
117000056,693,31,662
117000057,404,1843,-1439
117000060,414,934,-520
117000061,2090,952,1138
117000062,279,507,-228
117000063,2077,1042,1035
117000064,456,449,7
117000066,817,805,12
117000067,108,676,-568
117000074,111,143,-32
117000076,43,38,5
117000077,118,201,-83
117000078,123,556,-433
117000079,471,182,289
117000080,1,243,-242
117000081,929,120,809
117000082,16,79,-63
117000083,99,3,96
117000084,160,2,158
117000085,287,901,-614
117000086,714,291,423
117000087,91,377,-286
117000088,255,140,115
117000089,1969,244,1725
117000090,295,833,-538
117000091,1007,276,731
117000092,371,819,-448
117000093,1603,687,916
117000094,1194,1812,-618
117000095,4036,733,3303
117000096,707,1637,-930
117000097,1883,895,988
117000098,2045,2730,-685
117000099,4486,1184,3302
117000100,260,350,-90
117000101,112,753,-641
117000102,2020,673,1347
117000103,507,1093,-586
117000104,1846,573,1273
117000105,729,1087,-358
117000106,1578,725,853
117000107,505,1188,-683
117000108,2372,996,1376
117000109,1073,1827,-754
117000110,2139,1406,733
117000111,3531,3648,-117
117000112,3672,1489,2183
117000113,105,160,-55
117000114,254,107,147
117000115,55,62,-7
117000116,193,217,-24
117000117,1307,1186,121
117000118,239,83,156
117000119,145,212,-67
117000120,127,601,-474
117000121,42,1103,-1061
117000122,214,769,-555
117000123,1426,43,1383
117000124,226,113,113
117000125,128,212,-84
117000126,29,14,15
117000127,148,284,-136
117000128,248,732,-484
117000129,147,169,-22
117000130,49,1,48
117000131,0,51,-51
117000132,3377,25,3352
117000133,2381,43,2338
117000134,1,75,-74
117000135,1,59,-58
117000136,1,21,-20
117000137,158,151,7
117000138,6,767,-761
117000140,378,1136,-758
117000141,2225,514,1711
117000181,302,164,138
117000182,485,838,-353
117000195,169,609,-440
117000196,298,180,118
117000225,64,38,26
117000226,4,89,-85
117000276,330,18,312
117000277,0,173,-173
117000310,1392,2007,-615
117000315,48,577,-529
117000320,40,0,40
117000906,450,16,434
117000907,22,213,-191
117000908,9,67,-58
117000909,24,44,-20
117000910,227,204,23
117000911,121,122,-1
117000915,3,284,-281
117000916,65,4,61
117000917,1569,44,1525
117000918,113,56,57
117000919,6,42,-36
117000920,4,713,-709
117000921,0,610,-610
117000922,21,57,-36
117000924,646,557,89
117000926,532,95,437
117000927,721,1368,-647
117000928,0,80,-80
117000929,267,157,110
117000930,279,15,264
117000931,126,164,-38
117900002,74,441,-367
117900003,468,473,-5
117900005,6,41,-35
117900006,1,113,-112
117900007,127,71,56
117900008,0,17,-17
117900010,305,57,248
117900011,17,136,-119
117900012,48,69,-21
117900013,1,117,-116
117900014,466,74,392
117900015,10,58,-48
117900016,1101,901,200
117900017,550,138,412
117900018,123,147,-24
117900019,599,171,428
117900020,51,497,-446
117900021,26,57,-31
117900022,33,11,22
117900023,652,112,540
117900024,49,43,6
117900025,61,6,55
117900026,446,149,297
117900028,45,3,42
117900029,298,303,-5
117900030,527,192,335
117900031,126,106,20
117900032,1117,697,420
117900033,376,305,71
117900034,39,15,24
117900035,191,109,82
117900036,251,241,10
117900037,266,70,196
117900038,19,161,-142
117900039,2,53,-51
117900040,150,243,-93
117900041,5,52,-47
117900042,3117,266,2851
117900043,19,35,-16
117900044,9,3140,-3131
117900045,205,144,61
117900048,419,158,261
117900049,213,299,-86
117900050,4,89,-85
117900051,25,1,24
117900052,51,467,-416
117900053,1920,381,1539
117900054,0,26,-26
117900055,355,173,182
117900056,64,51,13
117900057,825,971,-146
117900058,29,19,10
117900059,191,72,119
117900060,2905,3005,-100
117900061,14,219,-205
117900063,435,159,276
117900065,415,847,-432
117900066,10,94,-84
117900067,628,98,530
117900069,733,209,524
117900070,127,66,61
117900071,91,89,2
117900073,665,174,491
117900074,85,69,16
117900075,68,72,-4
117900076,13,35,-22
117900077,599,138,461
117900078,385,849,-464
117900080,115,39,76
117900081,364,357,7
117900082,534,328,206
117900083,475,232,243
117900086,129,26,103
117900087,209,45,164
117900088,2172,1560,612
117900089,2560,649,1911
117900090,419,295,124
117900091,108,106,2
117900092,88,21,67
117900093,117,60,57
117900094,41,48,-7
117900095,281,183,98
117900096,139,157,-18
117900097,445,104,341
117900098,67,15,52
117900099,161,136,25
117900100,397,3,394
117900101,453,1905,-1452
117900102,94,26,68
117900103,76,2,74
117900104,9,191,-182
117900105,88,185,-97
117900106,118,21,97
117900107,78,0,78
117900109,724,385,339
117900110,157,0,157
117900111,507,38,469
117900112,94,9,85
117900113,1430,1914,-484
117900114,48,1,47
117900115,102,87,15
117900116,786,714,72
117900117,796,269,527
117900118,149,1,148
117900119,261,90,171
117900120,326,55,271
117900121,259,95,164
117900122,1205,4735,-3530
117900123,563,273,290
117900124,558,488,70
117900125,1782,1698,84
117900126,193,458,-265
117900127,442,267,175
117900128,368,389,-21
117900129,95,1,94
117900130,664,338,326
117900131,0,111,-111
117900132,10,75,-65
117900133,12,72,-60
117900134,75,241,-166
117900135,28,120,-92
117900136,0,24,-24
117900137,47,203,-156
117900138,0,22,-22
117900139,134,91,43
117900140,2334,327,2007
117900141,111,183,-72
117900142,63,67,-4
117900144,56,316,-260
117900145,26,42,-16
117900146,117,198,-81
117900147,56,41,15
117900148,1887,1813,74
117900149,138,125,13
117900150,55,24,31
117900151,60,60,0
117900152,56,48,8
117900153,14,103,-89
117900154,453,448,5
117900156,802,706,96
117900157,86,534,-448
117900158,397,107,290
117900160,796,759,37
117900161,1821,1369,452
117900162,445,351,94
117900163,24,213,-189
117900165,0,5,-5
117900166,106,537,-431
117900168,30,164,-134
117900169,2,81,-79
117900170,1,22,-21
117900171,3,25,-22
117900172,11,9,2
117900173,131,74,57
117900174,17,41,-24
117900175,9,18,-9
117900176,15,21,-6
117900177,26,14,12
117900178,74,38,36
117900180,180,32,148
117900181,61,466,-405
117900182,2,42,-40
117900183,81,145,-64
117900184,24,33,-9
117900185,46,63,-17
117900186,79,15,64
117900187,20,6,14
117900188,206,58,148
117900189,83,31,52
117900190,29,3,26
117900191,111,1,110
117900192,226,2,224
117900193,18,42,-24
117900194,13,2,11
117900195,11,48,-37
117900196,15,27,-12
117900207,144,133,11
117900208,36,26,10
117900209,158,118,40
117900210,152,154,-2
117900211,4,135,-131
117900212,115,137,-22
117900213,37,10,27
117900214,18,13,5
117900215,9,24,-15
117900216,15,20,-5
117900217,24,331,-307
117900218,43,62,-19
117900219,5,165,-160
117900220,51,118,-67
117900222,91,118,-27
117900223,67,172,-105
118000001,685,1035,-350
118000002,506,1503,-997
118000003,1895,3394,-1499
118000004,1638,1861,-223
118000005,3119,5701,-2582
118000006,2906,8818,-5912
118000007,5109,4846,263
118000008,2422,3643,-1221
118000009,1474,2705,-1231
118000010,6283,3556,2727
118000011,1640,1791,-151
118000012,995,1355,-360
118000013,1982,1764,218
118000014,1725,1490,235
118000016,229,214,15
118000017,557,503,54
118000018,422,302,120
118000019,1579,1612,-33
118000020,912,3479,-2567
118000021,604,3355,-2751
118000022,1322,927,395
118000023,577,257,320
118000024,932,1466,-534
118000027,8409,13102,-4693
118000029,635,965,-330
118000032,503,3995,-3492
118000033,2704,6987,-4283
118000034,3956,2555,1401
118000035,2074,3179,-1105
118000036,892,1265,-373
118000037,704,838,-134
118000038,251,86,165
118000039,94,171,-77
118000040,1727,1131,596
118000041,2544,1114,1430
118000045,454,166,288
118000046,1077,813,264
118000047,729,1161,-432
118000048,1929,2030,-101
118000051,1519,2417,-898
118000052,984,1407,-423
118000053,368,635,-267
118000054,1558,973,585
118000055,1529,1698,-169
118000056,195,528,-333
118000057,288,443,-155
118000058,3726,2557,1169
118000059,2002,1589,413
118000060,1521,381,1140
118000061,1269,1017,252
118000062,594,399,195
118000063,408,826,-418
118000064,802,1078,-276
118000065,2265,2197,68
118000066,886,1866,-980
118000067,519,670,-151
118000068,1354,5154,-3800
118000069,1861,971,890
118000070,3836,2106,1730
118000071,2723,7302,-4579
118000072,1231,1463,-232
118000073,907,788,119
118000074,491,370,121
118000075,503,268,235
118000076,1574,2812,-1238
118000077,1033,1109,-76
118000078,1814,2499,-685
118000079,231,525,-294
118000080,699,680,19
118000081,1754,1309,445
118000082,282,1093,-811
118000083,1413,1710,-297
118000084,2635,1962,673
118000086,241,506,-265
118000087,2975,2258,717
118000088,1475,1580,-105
118000089,3466,2240,1226
118000090,1170,2693,-1523
118000091,904,2875,-1971
118000092,844,595,249
118000093,76,762,-686
118000096,485,580,-95
118000097,763,635,128
118000098,233,131,102
118000099,731,521,210
118000101,1282,297,985
118000102,436,805,-369
118000107,1047,416,631
118000108,570,2583,-2013
118000110,2,43,-41
118000111,0,124,-124
118000112,657,0,657
118000113,3,243,-240
118000114,605,8,597
118000115,10,6,4
118000116,30,0,30
118000117,680,628,52
118000118,863,1069,-206
118000119,907,1152,-245
118000120,1255,866,389
118000121,71,487,-416
118000122,1046,270,776
118000123,58,225,-167
118000125,1151,625,526
118000126,723,1747,-1024
118000127,1355,718,637
118000128,359,988,-629
118000129,1174,425,749
118000130,1488,2018,-530
118000131,490,435,55
118000132,2817,2214,603
118000133,1035,415,620
118000135,547,444,103
118000136,87,375,-288
118000137,579,117,462
118000138,358,364,-6
118000139,508,66,442
118000140,2396,5613,-3217
118000141,2254,1405,849
118000142,1810,1210,600
118000143,2420,1122,1298
118000144,848,554,294
118000145,1568,1082,486
118000146,1314,514,800
118000147,867,928,-61
118000148,583,1010,-427
118000149,1046,747,299
118000150,544,208,336
118000151,593,375,218
118000153,1594,1053,541
118000154,1465,1396,69
118000155,1628,1210,418
118000156,1704,2544,-840
118000157,699,413,286
118000158,255,406,-151
118000159,23,143,-120
118000160,740,416,324
118000161,674,537,137
118000162,1790,809,981
118000163,941,837,104
118000164,1952,1433,519
118000168,713,851,-138
118000169,807,711,96
118000170,2946,2936,10
118000171,456,485,-29
118000172,89,241,-152
118000173,902,1060,-158
118000175,329,436,-107
118000176,362,580,-218
118000177,268,658,-390
118000178,41,44,-3
118000179,1045,1801,-756
118000180,991,808,183
118000181,739,328,411
118000182,334,286,48
118000183,194,350,-156
118000184,1080,633,447
118000185,1241,1536,-295
118000186,985,1496,-511
118000187,1657,496,1161
118000188,736,93,643
118000189,793,402,391
118000190,4,4,0
118000191,21,20,1
118000192,153,231,-78
118000193,80,276,-196
118000194,1105,815,290
118000195,382,1291,-909
118000196,230,202,28
118000197,91,167,-76
118000198,383,815,-432
118000199,509,402,107
118000200,65,183,-118
118000201,395,600,-205
118000202,60,63,-3
118000203,535,751,-216
118000204,90,451,-361
118000205,112,251,-139
118000206,265,190,75
118000207,1,56,-55
118000208,1340,1268,72
118000209,2140,1172,968
118000210,88,22,66
118000211,31,43,-12
118000213,644,2300,-1656
118000214,379,615,-236
118000215,398,88,310
118000216,2736,1581,1155
118000217,23,63,-40
118000218,92,94,-2
118000219,341,197,144
118000220,6,58,-52
118000221,314,349,-35
118000222,56,4,52
118000223,54,57,-3
118000224,101,65,36
118000225,117,439,-322
118000226,993,148,845
118000227,542,383,159
118000228,100,295,-195
118000229,116,124,-8
118000230,186,156,30
118000231,112,197,-85
118000232,922,533,389
118000233,1271,622,649
118000234,520,171,349
118000236,420,271,149
118000237,145,198,-53
118000238,337,104,233
118000239,247,240,7
118000240,225,163,62
118000241,189,129,60
118000242,449,328,121
118000243,349,150,199
118000244,43,75,-32
118000246,1,31,-30
118000255,41,243,-202
118000256,153,123,30
118000259,5,69,-64
118000260,197,50,147
118000261,36,46,-10
118000263,81,162,-81
118000266,119,167,-48
118000267,0,93,-93
118000268,225,10,215
118000270,128,14,114
118000271,156,142,14
118000272,94,22,72
118000273,188,61,127
118000274,76,204,-128
118000276,455,320,135
118000295,27,167,-140
118000298,154,205,-51
118000299,91,93,-2
118000301,0,45,-45
118000302,107,32,75
118000311,830,81,749
118000312,326,131,195
118000313,60,73,-13
118000314,134,30,104
118000315,68,27,41
118000316,710,359,351
118000325,45,29,16
118000326,59,21,38
118000331,32,31,1
118000332,26,16,10
118000333,37,41,-4
118000335,424,3,421
118000336,0,104,-104
118000407,248,37,211
118000457,5,20,-15
118000465,1442,3976,-2534
118000480,46,50,-4
118000489,19,468,-449
118000490,25,122,-97
118000492,305,173,132
118000510,56,11,45
118000514,79,277,-198
118000515,896,747,149
118000517,289,151,138
118000524,240,383,-143
118000525,560,609,-49
118000530,16,84,-68
118000531,390,228,162
118000532,293,204,89
118000533,308,115,193
118000534,526,344,182
118000535,307,107,200
118000536,246,1760,-1514
118000537,26,207,-181
118000538,26,80,-54
118000539,39,124,-85
118000540,321,130,191
118000541,270,52,218
118000542,101,195,-94
118000543,231,249,-18
118000546,55,22,33
118000560,1386,2575,-1189
118000562,39,88,-49
118000563,1232,932,300
118000576,170,75,95
118000577,127,127,0
118000578,77,58,19
118000579,377,1180,-803
118000595,264,88,176
118000596,0,66,-66
118000597,99,58,41
118000598,21,4,17
118000599,64,32,32
118000600,0,22,-22
118000601,16,1,15
118000602,0,30,-30
118000603,1,14,-13
118900001,431,1536,-1105
118900002,705,904,-199
118900003,479,9,470
118900004,52,33,19
118900005,85,6,79
118900006,122,4,118
118900007,8,2,6
118900008,1470,65,1405
118900009,83,54,29
118900010,51,21,30
118900011,177,27,150
118900012,481,192,289
118900013,467,235,232
118900015,371,64,307
118900016,17,10,7
118900017,131,264,-133
118900018,1205,65,1140
118900019,34,35,-1
118900020,102,139,-37
118900021,169,359,-190
118900022,110,97,13
118900023,167,70,97
118900024,137,173,-36
118900025,71,39,32
118900026,82,50,32
118900027,340,140,200
118900028,227,130,97
118900029,369,572,-203
118900030,513,42,471
118900031,158,83,75
118900032,219,112,107
118900033,381,437,-56
118900034,196,15,181
118900035,139,91,48
118900036,1158,578,580
118900037,372,310,62
118900038,434,120,314
118900039,581,130,451
118900040,285,195,90
118900041,723,95,628
118900042,198,82,116
118900045,311,138,173
118900046,824,498,326
118900047,349,228,121
118900048,99,195,-96
118900049,36,42,-6
118900050,65,36,29
118900051,85,78,7
118900052,322,277,45
118900053,48,94,-46
118900054,119,41,78
118900055,145,43,102
118900056,23,387,-364
118900057,896,463,433
118900058,501,315,186
118900059,18,81,-63
118900060,66,71,-5
118900062,689,180,509
118900064,323,767,-444
118900065,63,117,-54
118900066,82,78,4
118900067,2680,4481,-1801
118900068,6,195,-189
118900069,518,178,340
118900071,2,55,-53
118900072,429,292,137
118900073,212,115,97
118900074,173,90,83
118900075,66,38,28
118900076,240,142,98
118900077,313,177,136
118900078,26,3,23
118900079,60,115,-55
118900080,35,132,-97
118900081,68,25,43
118900082,1044,115,929
118900083,67,7,60
118900084,27,11,16
118900085,716,518,198
118900086,38,88,-50
118900087,32,285,-253
118900088,0,7,-7
118900089,20,27,-7
118900090,588,302,286
118900091,168,258,-90
118900092,296,50,246
118900093,114,22,92
118900096,54,32,22
118900097,225,342,-117
118900099,91,228,-137
118900100,102,158,-56
118900101,207,300,-93
118900102,55,71,-16
118900103,70,99,-29
118900104,96,17,79
118900105,212,115,97
118900107,115,65,50
118900108,153,112,41
118900110,1085,916,169
118900111,591,329,262
118900112,103,147,-44
118900113,87,249,-162
118900114,18,83,-65
118900115,83,373,-290
118900116,108,240,-132
118900117,96,162,-66
118900118,331,202,129
118900119,130,135,-5
118900120,93,227,-134
118900121,21,111,-90
118900122,8,1328,-1320
118900123,128,156,-28
118900124,118,109,9
118900126,24,434,-410
118900129,252,188,64
118900130,59,192,-133
118900131,167,191,-24
118900132,365,164,201
118900133,17,107,-90
118900135,238,164,74
118900136,221,336,-115
118900137,4,38,-34
118900139,220,175,45
118900140,436,415,21
118900141,87,79,8
118900144,118,235,-117
118900145,16,95,-79
118900146,355,493,-138
118900147,189,137,52
118900148,83,45,38
118900150,107,532,-425
118900152,607,519,88
118900157,70,132,-62
118900158,160,39,121
118900159,2,99,-97
118900161,63,8,55
118900163,71,51,20
118900164,1,73,-72
118900165,108,93,15
118900166,86,2,84
118900167,97,115,-18
118900168,21,211,-190
118900169,166,165,1
118900170,286,70,216
118900171,43,40,3
118900174,48,58,-10
118900175,483,448,35
118900176,206,230,-24
118900177,56,24,32
118900178,83,175,-92
118900179,4,27,-23
118900181,120,76,44
118900182,112,64,48
118900183,66,107,-41
118900184,361,152,209
118900185,150,73,77
118900186,102,113,-11
118900187,245,282,-37
118900188,330,219,111
118900189,58,964,-906
118900190,17,184,-167
118900191,179,14,165
118900192,254,16,238
118900193,726,14,712
118900195,235,385,-150
118900196,30,89,-59
118900197,216,41,175
118900198,54,8,46
118900199,112,18,94
118900200,17,16,1
118900201,18,39,-21
118900202,11,33,-22
118900203,15,12,3
118900204,22,16,6
118900205,4,11,-7
118900206,5,25,-20
119000001,1475,2034,-559
119000002,4466,4333,133
119000003,3396,825,2571
119000004,2739,1281,1458
119000005,1717,1912,-195
119000006,3140,1333,1807
119000007,3679,2987,692
119000008,1732,1319,413
119000009,3322,5137,-1815
119000010,4324,4012,312
119000011,2862,2972,-110
119000012,1705,3397,-1692
119000013,2806,1638,1168
119000014,1304,2270,-966
119000019,271,114,157
119000020,3003,1351,1652
119000021,5494,2719,2775
119000022,1893,3378,-1485
119000023,230,183,47
119000024,1915,13008,-11093
119000025,3925,1046,2879
119000026,79,380,-301
119000027,156,358,-202
119000028,1502,515,987
119000029,117,345,-228
119000030,556,730,-174
119000031,1006,567,439
119000032,3794,2205,1589
119000033,2311,1010,1301
119000034,1050,771,279
119000035,34,237,-203
119000036,2184,536,1648
119000037,1462,930,532
119000038,306,479,-173
119000039,436,369,67
119000040,1852,834,1018
119000041,1012,1232,-220
119000048,2217,1768,449
119000049,1969,1372,597
119000050,1669,1429,240
119000051,1885,824,1061
119000052,1547,2547,-1000
119000053,1830,898,932
119000054,3459,1913,1546
119000055,5237,2373,2864
119000056,3077,1657,1420
119000057,1626,1288,338
119000058,1935,1247,688
119000059,1263,1087,176
119000060,1754,1044,710
119000061,1261,611,650
119000062,1201,1084,117
119000063,768,424,344
119000064,824,1119,-295
119000065,1757,3595,-1838
119000066,2629,1170,1459
119000067,1813,1534,279
119000068,1912,725,1187
119000069,1582,1792,-210
119000070,3233,644,2589
119000071,475,554,-79
119000072,4151,3446,705
119000073,4424,7450,-3026
119000074,1512,1338,174
119000075,3375,1991,1384
119000076,446,1787,-1341
119000077,750,999,-249
119000078,480,278,202
119000079,158,989,-831
119000080,503,172,331
119000081,442,1022,-580
119000082,1097,204,893
119000083,702,344,358
119000084,303,524,-221
119000085,1038,190,848
119000086,362,400,-38
119000087,1227,568,659
119000088,332,186,146
119000089,84,208,-124
119000090,149,110,39
119000091,121,421,-300
119000092,498,206,292
119000093,3233,1887,1346
119000094,3423,4367,-944
119000095,2055,2322,-267
119000097,1579,940,639
119000098,926,3022,-2096
119000099,2274,1138,1136
119000100,4530,2976,1554
119000101,4674,2053,2621
119000102,692,1128,-436
119000103,1463,724,739
119000104,1584,1019,565
119000105,1160,2255,-1095
119000106,325,727,-402
119000107,1282,508,774
119000108,374,521,-147
119000109,183,1381,-1198
119000110,553,1467,-914
119000111,62,668,-606
119000112,198,328,-130
119000113,2024,497,1527
119000114,1066,1186,-120
119000115,219,162,57
119000116,113,165,-52
119000117,176,375,-199
119000118,2,1,1
119000123,4140,1748,2392
119000124,929,154,775
119000125,4571,492,4079
119000126,748,381,367
119000127,607,317,290
119000128,32,1,31
119000131,1019,366,653
119000132,8,2,6
119000133,1,15,-14
119000134,1314,446,868
119000135,161,232,-71
119000136,365,112,253
119000137,315,171,144
119000138,668,181,487
119000139,321,129,192
119000140,414,434,-20
119000284,1008,2305,-1297
119000285,1816,1525,291
119000286,4978,3956,1022
119000287,1120,1541,-421
119000288,1981,797,1184
119000289,1295,1774,-479
119000290,266,279,-13
119000291,18,171,-153
119000293,121,151,-30
119000294,71,26,45
119000295,1037,230,807
119000296,270,137,133
119000302,1266,1186,80
119000303,34,121,-87
119000314,1300,10778,-9478
119000315,0,161,-161
119000316,196,77,119
119000317,114,139,-25
119900001,247,1305,-1058
119900002,180,178,2
119900003,18,504,-486
119900004,205,1484,-1279
119900005,265,97,168
119900006,252,445,-193
119900007,1029,274,755
119900008,143,40,103
119900009,612,460,152
119900010,1485,1972,-487
119900011,25,139,-114
119900012,15,102,-87
119900013,2572,1903,669
119900014,620,383,237
119900015,189,58,131
119900016,102,50,52
119900017,55,43,12
119900018,1463,1200,263
119900019,65,7,58
119900020,214,170,44
119900021,196,105,91
119900022,105,1130,-1025
119900023,375,1974,-1599
119900025,257,18,239
119900026,506,162,344
119900027,16,14,2
119900028,200,130,70
119900029,4,6,-2
119900030,572,309,263
119900031,64,486,-422
119900033,2384,393,1991
119900034,600,64,536
119900037,207,22,185
119900038,59,409,-350
119900039,42,12,30
119900040,82,15,67
119900041,199,18,181
119900042,188,115,73
119900043,110,109,1
119900044,243,1185,-942
119900046,240,37,203
119900047,374,109,265
119900048,61,11,50
119900049,187,4,183
119900050,155,130,25
119900051,722,6,716
119900052,106,27,79
119900053,200,129,71
119900054,170,14,156
119900055,1561,462,1099
119900057,288,53,235
119900058,310,8,302
119900059,92,47,45
119900060,414,45,369
119900062,102,21,81
119900063,12,57,-45
119900064,686,84,602
119900065,238,13,225
119900066,2,1,1
119900067,78,16,62
119900068,622,6,616
119900069,178,19,159
119900070,1142,7,1135
119900071,987,47,940
119900073,1132,494,638
119900074,41,42,-1
119900075,2549,2346,203
119900076,664,175,489
119900077,1215,465,750
119900078,603,652,-49
119900079,350,110,240
119900080,1763,704,1059
119900081,214,16,198
119900082,1960,196,1764
119900083,340,102,238
119900084,625,352,273
119900085,44,40,4
119900086,16,51,-35
119900087,660,414,246
119900088,31,30,1
119900089,82,256,-174
119900090,116,54,62
119900091,47,464,-417
119900092,47,303,-256
119900093,1285,226,1059
119900094,23,135,-112
119900095,193,108,85
119900096,32,102,-70
119900097,454,190,264
119900098,53,42,11
119900099,25,139,-114
119900100,1110,2666,-1556
119900101,150,1793,-1643
119900102,47,145,-98
119900103,66,198,-132
119900104,45,141,-96
119900105,1220,8196,-6976
119900106,14,104,-90
119900107,196,1406,-1210
119900108,6373,708,5665
119900109,19,111,-92
119900110,889,382,507
119900111,145,187,-42
119900112,795,625,170
119900113,53,176,-123
119900114,330,639,-309
119900115,444,523,-79
119900116,143,445,-302
119900117,383,410,-27
119900118,146,463,-317
119900119,322,146,176
119900120,600,466,134
119900121,587,571,16
119900122,363,259,104
119900123,209,261,-52
119900124,212,530,-318
119900125,35,226,-191
119900126,4148,229,3919
119900127,1434,817,617
119900128,525,357,168
119900129,301,275,26
119900130,12,191,-179
119900131,43,144,-101
119900132,24,136,-112
119900133,80,97,-17
119900134,990,169,821
119900135,1,184,-183
119900136,167,218,-51
119900138,304,442,-138
119900139,41,95,-54
119900140,4,65,-61
119900141,81,834,-753
119900142,21,48,-27
119900143,17,226,-209
119900144,988,210,778
119900145,98,100,-2
119900146,204,168,36
119900147,6,129,-123
119900148,354,70,284
119900149,643,5535,-4892
119900150,114,111,3
119900151,1800,691,1109
119900152,179,178,1
119900153,214,51,163
119900154,86,182,-96
119900155,46,29,17
119900156,15,4,11
119900157,197,168,29
119900158,266,50,216
119900159,54,666,-612
119900160,15,82,-67
119900161,187,112,75
119900162,1060,1172,-112
119900163,72,139,-67
119900164,1,1,0
119900165,147,116,31
119900166,106,31,75
119900167,60,61,-1
119900168,1101,472,629
119900169,34,312,-278
119900170,199,280,-81
119900171,981,286,695
119900172,158,49,109
119900173,16,217,-201
119900174,1,94,-93
119900175,1821,505,1316
119900177,9,133,-124
119900178,5,82,-77
119900179,126,755,-629
119900180,1159,860,299
119900181,81,140,-59
119900182,33,219,-186
119900183,154,480,-326
119900184,1201,443,758
119900185,62,211,-149
119900186,62,1380,-1318
119900187,16,213,-197
119900188,111,294,-183
119900189,403,414,-11
119900190,68,304,-236
119900191,284,299,-15
119900192,78,122,-44
119900193,538,140,398
119900194,45,101,-56
119900195,28,117,-89
119900196,666,306,360
119900197,319,176,143
119900198,157,227,-70
119900199,149,26,123
119900200,655,598,57
119900201,290,192,98
119900202,75,290,-215
119900203,212,557,-345
119900204,401,234,167
119900205,933,326,607
119900206,281,103,178
119900208,190,210,-20
119900209,634,1747,-1113
119900210,42,7,35
119900211,72,4,68
119900212,285,196,89
119900213,3,70,-67
119900214,47,49,-2
119900215,41,45,-4
119900216,13,31,-18
119900217,6,57,-51
119900218,7,50,-43
119900219,7,48,-41
119900220,5,38,-33
119900221,18,137,-119
119900222,15,98,-83
119900223,10,32,-22
119900224,13,27,-14
119900225,547,49,498
119900226,325,2163,-1838
119900227,619,321,298
119900228,134,196,-62
119900229,287,357,-70
119900230,977,479,498
119900231,423,143,280
119900232,284,153,131
119900233,79,12,67
119900234,19,93,-74
119900235,32,59,-27
119900236,17,148,-131
119900237,70,552,-482
119900238,1,40,-39
119900240,117,87,30
119900241,116,149,-33
119900242,1256,1494,-238
119900244,617,1277,-660
119900245,139,151,-12
119900246,297,668,-371
119900247,29,138,-109
119900248,93,384,-291
119900249,301,137,164
119900253,1414,433,981
119900254,118,879,-761
119900255,165,806,-641
119900256,1116,537,579
119900257,159,6,153
119900258,317,20,297
119900259,17,80,-63
119900260,221,10,211
119900261,328,103,225
119900262,5,102,-97
119900263,1166,303,863
119900264,134,87,47
119900265,846,214,632
119900266,545,191,354
119900267,274,270,4
119900268,173,104,69
119900269,1478,769,709
119900271,33,83,-50
119900272,453,311,142
119900275,255,51,204
119900276,55,5,50
119900277,21,6,15
119900278,153,90,63
119900279,136,340,-204
119900280,472,131,341
119900281,1,281,-280
119900282,60,141,-81
119900283,12,131,-119
119900284,97,204,-107
119900285,108,172,-64
119900286,5,20,-15
119900288,0,15,-15
119900289,3,18,-15
119900290,4,11,-7
119900291,2,72,-70
119900292,50,64,-14
119900293,25,63,-38
119900294,43,53,-10
119900295,17,21,-4
119900296,99,174,-75
119900297,1,47,-46
119900298,5,30,-25
119900299,48,81,-33
119900300,267,139,128
119900301,156,149,7
119900302,169,97,72
119900303,376,94,282
119900304,210,9,201
119900305,7,80,-73
119900306,22,3,19
119900307,98,57,41
119900308,4,10,-6
119900309,80,147,-67
119900310,207,186,21
119900311,132,61,71
119900312,127,61,66
119900313,261,278,-17
119900314,215,336,-121
119900315,2611,1314,1297
119900318,19,61,-42
119900319,51,173,-122
119900320,354,342,12
119900321,127,12,115
119900322,3,9,-6
119900323,0,2,-2
119900324,0,3,-3
119900325,2,21,-19
120000001,6724,17478,-10754
120000002,2532,2069,463
120000003,2303,1312,991
120000004,2189,1322,867
120000005,2628,1700,928
120000006,1084,839,245
120000007,2567,3114,-547
120000008,881,1175,-294
120000009,1869,1020,849
120000010,1719,1805,-86
120000011,956,1165,-209
120000012,1486,1841,-355
120000013,3333,2434,899
120000014,796,1218,-422
120000015,2448,1335,1113
120000016,3964,2010,1954
120000017,3255,2642,613
120000018,3070,13375,-10305
120000019,1006,1555,-549
120000020,2621,3430,-809
120000021,1723,2134,-411
120000022,2579,3649,-1070
120000023,1043,1524,-481
120000024,1217,2183,-966
120000025,2619,1692,927
120000026,2534,1502,1032
120000027,2394,2038,356
120000028,982,2476,-1494
120000029,2197,2222,-25
120000030,264,920,-656
120000031,2158,5795,-3637
120000032,5798,3297,2501
120000033,4878,1444,3434
120000034,2590,1255,1335
120000035,2554,1566,988
120000036,3161,4793,-1632
120000037,645,1544,-899
120000038,4222,3455,767
120000039,751,788,-37
120000040,96,568,-472
120000041,1013,1207,-194
120000042,2049,1545,504
120000043,5030,1120,3910
120000044,5821,1413,4408
120000045,7452,1000,6452
120000046,4372,2931,1441
120000047,724,7065,-6341
120000048,5966,3810,2156
120000049,3496,2375,1121
120000050,3679,3236,443
120000051,2624,4159,-1535
120000052,6338,1984,4354
120000053,1288,1509,-221
120000054,1328,2666,-1338
120000055,1794,3352,-1558
120000056,4813,3489,1324
120000057,4034,1359,2675
120000058,2259,2389,-130
120000059,11,1634,-1623
120000061,106,394,-288
120000062,151,311,-160
120000063,997,1771,-774
120000064,243,764,-521
120000065,481,1011,-530
120000066,257,572,-315
120000067,68,493,-425
120000068,213,482,-269
120000069,578,563,15
120000070,125,357,-232
120000071,765,73,692
120000072,994,362,632
120000073,972,123,849
120000074,161,144,17
120000075,1213,291,922
120000076,2643,395,2248
120000077,2454,638,1816
120000078,3568,1162,2406
120000079,288,152,136
120000080,128,193,-65
120000081,337,128,209
120000082,276,264,12
120000083,53,707,-654
120000084,451,298,153
120000085,289,283,6
120000086,229,310,-81
120000087,167,279,-112
120000088,648,812,-164
120000089,1145,476,669
120000090,687,415,272
120000091,1070,752,318
120000092,1382,506,876
120000093,641,370,271
120000094,238,649,-411
120000095,997,333,664
120000096,300,507,-207
120000098,1035,532,503
120000099,401,528,-127
120000100,828,562,266
120000101,690,377,313
120000102,702,909,-207
120000103,1524,920,604
120000104,2097,488,1609
120000105,3582,605,2977
120000106,2769,621,2148
120000107,4831,431,4400
120000108,1597,112,1485
120000109,1410,99,1311
120000110,86,663,-577
120000111,104,673,-569
120000112,655,1629,-974
120000113,546,1239,-693
120000114,823,1576,-753
120000115,239,1445,-1206
120000116,574,1279,-705
120000117,749,1052,-303
120000118,40,76,-36
120000119,18,50,-32
120000120,97,108,-11
120000121,15,43,-28
120000122,209,496,-287
120000123,2848,7342,-4494
120000124,467,296,171
120000125,754,497,257
120000126,420,1076,-656
120000127,1939,1260,679
120000128,2366,4711,-2345
120000129,248,259,-11
120000130,696,448,248
120000131,419,662,-243
120000134,330,582,-252
120000135,811,476,335
120000137,321,581,-260
120000138,1577,262,1315
120000139,373,254,119
120000140,1246,268,978
120000141,476,265,211
120000142,808,392,416
120000143,1,83,-82
120000144,181,7,174
120000145,486,4,482
120000146,811,917,-106
120000149,701,838,-137
120000150,2204,11337,-9133
120000151,502,393,109
120000152,858,148,710
120000153,445,336,109
120000154,508,450,58
120000155,174,260,-86
120000156,452,1314,-862
120000157,1128,440,688
120000158,864,621,243
120000159,1650,1809,-159
120000160,2479,1648,831
120000161,2635,1823,812
120000162,85,208,-123
120000163,901,659,242
120000164,773,245,528
120000165,719,449,270
120000166,1605,380,1225
120000167,277,274,3
120000168,11,830,-819
120000169,48,2530,-2482
120000170,55,1784,-1729
120000171,28,674,-646
120000172,16,425,-409
120000173,1144,2009,-865
120000174,225,44,181
120000175,226,57,169
120000176,190,49,141
120000177,1244,136,1108
120000178,100,25,75
120000179,166,58,108
120000180,462,90,372
120000181,185,2141,-1956
120000182,75,894,-819
120000183,16,621,-605
120000184,214,1832,-1618
120000186,76,894,-818
120000187,16,345,-329
120000188,97,660,-563
120000190,460,102,358
120000191,614,95,519
120000192,566,40,526
120000193,178,11,167
120000195,38,6,32
120000196,207,27,180
120000197,54,77,-23
120000198,235,54,181
120000199,184,2,182
120000200,212,2,210
120000201,15,52,-37
120000202,5,48,-43
120000203,92,130,-38
120000207,1,72,-71
120000208,9,136,-127
120000209,9,50,-41
120000210,54,72,-18
120000211,260,5,255
120000212,319,2,317
120000213,234,177,57
120000214,1,174,-173
120000215,9,146,-137
120000216,202,35,167
120000217,402,977,-575
120000218,100,550,-450
120000219,8,294,-286
120000220,3,855,-852
120000225,2675,5,2670
120000226,541,6,535
120000227,1043,100,943
120000228,11783,4070,7713
120000230,608,33,575
120000231,1823,1453,370
120000233,433,17,416
120000235,296,474,-178
120000236,1368,2,1366
120000237,4,664,-660
120000238,3,1237,-1234
120000241,1172,3905,-2733
120000412,428,9,419
120000413,403,120,283
120000414,233,2,231
120000415,2,47,-45
120000416,125,6,119
120000417,10,63,-53
120000418,293,24,269
120000419,11,121,-110
120000420,31,19,12
120000421,6866,4769,2097
120000422,93,1520,-1427
120000423,2,94,-92
120000424,179,103,76
120000436,106,736,-630
120000437,107,108,-1
120000438,1569,241,1328
120000439,276,627,-351
120000443,187,1,186
120000444,1590,372,1218
120000445,1692,794,898
120000446,705,224,481
120000447,232,4,228
120000449,245,8,237
120000450,7,111,-104
120000451,152,223,-71
120000452,356,5,351
120000453,2,208,-206
120000454,57,60,-3
120000455,54,42,12
120000456,2429,4345,-1916
120000457,885,433,452
120000458,435,491,-56
120000459,121,67,54
120000665,1034,283,751
120000668,174,1584,-1410
120000669,163,154,9
120000670,193,1517,-1324
120000671,1776,564,1212
120000672,58,402,-344
120900001,75,105,-30
120900002,284,705,-421
120900003,243,31,212
120900004,24,121,-97
120900005,23,347,-324
120900006,540,229,311
120900007,229,64,165
120900008,457,747,-290
120900009,406,16,390
120900010,625,155,470
120900011,149,210,-61
120900012,166,1492,-1326
120900013,424,110,314
120900014,1,241,-240
120900015,979,88,891
120900016,1082,45,1037
120900017,1682,107,1575
120900018,227,263,-36
120900019,650,403,247
120900020,732,1596,-864
120900021,981,213,768
120900022,20,257,-237
120900023,367,21,346
120900024,2094,441,1653
120900025,1298,1017,281
120900026,200,153,47
120900027,1055,26,1029
120900028,581,139,442
120900029,111,650,-539
120900030,1614,784,830
120900031,330,124,206
120900032,1557,76,1481
120900033,1369,78,1291
120900034,25,2719,-2694
120900035,94,168,-74
120900037,295,13,282
120900038,85,419,-334
120900039,199,77,122
120900040,450,8,442
120900041,88,37,51
120900042,767,31,736
120900043,55,39,16
120900044,48,380,-332
120900045,105,91,14
120900046,666,14,652
120900047,214,178,36
120900048,184,58,126
120900049,677,0,677
120900050,1173,1985,-812
120900051,349,67,282
120900052,777,6,771
120900053,597,26,571
120900054,1312,498,814
120900055,449,3,446
120900056,842,23,819
120900057,247,14,233
120900058,759,0,759
120900059,150,3,147
120900060,109,26,83
120900061,266,182,84
120900062,306,2,304
120900063,807,10,797
120900064,840,2,838
120900065,784,20,764
120900066,427,200,227
120900067,226,57,169
120900068,368,1,367
120900069,333,28,305
120900071,73,0,73
120900072,1118,11,1107
120900073,729,68,661
120900074,1056,19,1037
120900076,464,0,464
120900077,1773,184,1589
120900078,1051,492,559
120900079,1159,112,1047
120900080,1045,770,275
120900081,1205,674,531
120900082,297,402,-105
120900083,123,0,123
120900084,488,577,-89
120900085,58,133,-75
120900086,87,404,-317
120900087,535,379,156
120900088,227,653,-426
120900089,1727,3395,-1668
120900090,377,57,320
120900091,662,938,-276
120900092,778,359,419
120900093,1166,140,1026
120900094,386,191,195
120900095,590,11,579
120900096,54,213,-159
120900097,665,482,183
120900098,227,131,96
120900099,67,76,-9
120900100,117,194,-77
120900101,444,172,272
120900102,43,89,-46
120900103,62,232,-170
120900104,20,45,-25
120900105,42,264,-222
120900106,790,316,474
120900107,201,130,71
120900108,6,304,-298
120900109,30,432,-402
120900110,15,439,-424
120900111,193,242,-49
120900112,17,414,-397
120900113,28,438,-410
120900114,24,98,-74
120900115,167,235,-68
120900116,555,197,358
120900117,7,255,-248
120900118,33,387,-354
120900119,8258,3979,4279
120900120,51,260,-209
120900121,55,379,-324
120900122,727,244,483
120900123,7,164,-157
120900124,9,271,-262
120900125,5,499,-494
120900126,1319,748,571
120900127,14,261,-247
120900128,955,1079,-124
120900129,27,190,-163
120900130,5,266,-261
120900131,137,108,29
120900132,1330,161,1169
120900133,83,461,-378
120900134,614,283,331
120900135,3,376,-373
120900136,75,141,-66
120900137,344,75,269
120900138,18,153,-135
120900139,1,395,-394
120900140,6,104,-98
120900141,303,164,139
120900142,10,214,-204
120900143,4,487,-483
120900144,1,84,-83
120900145,172,539,-367
120900146,2,551,-549
120900147,1,513,-512
120900148,157,151,6
120900149,1,150,-149
120900150,54,315,-261
120900151,1,271,-270
120900152,0,17,-17
120900153,86,113,-27
120900154,1,124,-123
120900155,228,606,-378
120900156,69,225,-156
120900157,143,227,-84
120900158,59,384,-325
120900159,87,257,-170
120900160,33,507,-474
120900161,80,433,-353
120900162,67,734,-667
120900163,188,1626,-1438
120900164,0,117,-117
120900165,11,588,-577
120900166,136,553,-417
120900167,371,193,178
120900169,76,186,-110
120900170,580,3511,-2931
120900171,650,178,472
120900172,554,2021,-1467
120900173,0,64,-64
120900174,8,110,-102
120900175,145,122,23
120900176,20,434,-414
120900177,2,1538,-1536
120900178,4,834,-830
120900179,601,314,287
120900180,92,142,-50
120900181,202,46,156
120900182,46,305,-259
120900183,680,63,617
120900184,291,69,222
120900185,28,482,-454
120900186,0,218,-218
120900187,656,938,-282
120900188,249,6,243
120900189,90,1961,-1871
120900190,141,11,130
120900191,27,19,8
120900192,5570,10078,-4508
120900194,82,96,-14
120900195,71,262,-191
120900196,875,26,849
120900197,864,125,739
120900198,262,429,-167
120900199,561,1312,-751
120900200,37,158,-121
120900201,277,135,142
120900202,0,93,-93
120900203,38,89,-51
120900204,79,192,-113
120900205,41,34,7
120900206,26,27,-1
121000001,609,1099,-490
121000002,2316,1695,621
121000003,2494,1873,621
121000004,2543,3825,-1282
121000005,1449,2404,-955
121000006,3398,2298,1100
121000007,2043,2979,-936
121000008,5017,4250,767
121000009,3997,5369,-1372
121000010,6970,6268,702
121000011,6226,10078,-3852
121000012,13271,9966,3305
121000013,4530,5697,-1167
121000014,5544,4660,884
121000015,3677,6564,-2887
121000016,3615,3272,343
121000017,2307,3322,-1015
121000018,2774,1700,1074
121000019,11254,10911,343
121000020,10989,19191,-8202
121000021,2037,2041,-4
121000022,2565,3873,-1308
121000023,2514,1939,575
121000024,4666,4546,120
121000025,475,1458,-983
121000026,324,172,152
121000027,1310,1253,57
121000028,959,467,492
121000029,960,665,295
121000030,708,445,263
121000031,626,599,27
121000032,203,147,56
121000034,336,246,90
121000035,170,191,-21
121000036,871,767,104
121000037,525,484,41
121000038,377,981,-604
121000039,229,316,-87
121000041,544,389,155
121000042,332,386,-54
121000043,526,560,-34
121000044,1189,945,244
121000045,483,259,224
121000046,814,815,-1
121000047,57,97,-40
121000049,1089,567,522
121000050,279,1304,-1025
121000051,608,222,386
121000052,402,711,-309
121000053,326,131,195
121000054,69,432,-363
121000055,831,1109,-278
121000056,787,1090,-303
121000057,429,518,-89
121000058,300,225,75
121000059,2479,1271,1208
121000060,605,1250,-645
121000061,238,438,-200
121000062,163,508,-345
121000063,905,810,95
121000064,895,1111,-216
121000065,240,444,-204
121000066,625,595,30
121000067,435,588,-153
121000068,645,308,337
121000069,288,861,-573
121000070,1625,1001,624
121000071,1423,1277,146
121000072,1355,618,737
121000073,1142,1067,75
121000074,106,145,-39
121000075,22,299,-277
121000076,381,381,0
121000077,120,177,-57
121000078,113,174,-61
121000080,1649,557,1092
121000081,3692,3530,162
121000082,81,223,-142
121000083,151,130,21
121000084,191,171,20
121000085,242,396,-154
121000086,431,581,-150
121000087,105,207,-102
121000088,511,430,81
121000089,264,458,-194
121000090,313,327,-14
121000091,990,833,157
121000092,213,49,164
121000093,285,211,74
121000094,486,816,-330
121000095,426,617,-191
121000096,2475,2080,395
121000097,532,2205,-1673
121000098,801,565,236
121000099,685,494,191
121000100,949,241,708
121000101,472,178,294
121000102,414,115,299
121000103,315,140,175
121000104,394,101,293
121000105,575,145,430
121000106,478,218,260
121000107,1787,2672,-885
121000109,1017,935,82
121000110,257,673,-416
121000114,2938,1907,1031
121000115,1148,600,548
121000116,250,795,-545
121000117,473,248,225
121000118,1810,172,1638
121000119,253,361,-108
121000120,334,272,62
121000121,647,1132,-485
121000123,1458,677,781
121000126,83,341,-258
121000127,161,104,57
121000128,1160,246,914
121000129,1060,527,533
121000130,754,556,198
121000131,1573,1835,-262
121000132,1065,2055,-990
121000135,407,994,-587
121000136,1263,1145,118
121000137,500,420,80
121000138,1075,1577,-502
121000139,561,657,-96
121000141,308,206,102
121000142,536,733,-197
121000143,133,27,106
121000144,724,2141,-1417
121000145,609,696,-87
121000146,1547,963,584
121000147,1153,437,716
121000148,892,700,192
121000149,2185,1276,909
121000152,434,376,58
121000153,1464,548,916
121000154,999,541,458
121000155,1494,973,521
121000156,430,973,-543
121000157,673,1357,-684
121000158,374,403,-29
121000159,251,352,-101
121000160,310,278,32
121000161,291,240,51
121000162,150,116,34
121000165,1189,2228,-1039
121000166,14,367,-353
121000168,572,218,354
121000169,100,114,-14
121000170,428,104,324
121000171,69,153,-84
121000172,661,548,113
121000173,1273,1333,-60
121000174,405,483,-78
121000175,1101,312,789
121000176,328,273,55
121000177,912,415,497
121000178,75,49,26
121000179,38,44,-6
121000181,435,365,70
121000182,148,243,-95
121000183,99,132,-33
121000184,151,138,13
121000185,60,240,-180
121000186,325,598,-273
121000187,191,110,81
121000188,208,88,120
121000192,956,356,600
121000193,676,459,217
121000194,1897,1991,-94
121000195,194,824,-630
121000196,529,234,295
121000197,187,572,-385
121000198,225,249,-24
121000199,131,200,-69
121000200,765,159,606
121000201,6,115,-109
121000202,1046,102,944
121000203,807,1322,-515
121000204,3345,646,2699
121000205,183,242,-59
121000206,249,67,182
121000207,2234,611,1623
121000208,11,288,-277
121000209,497,109,388
121000210,729,234,495
121000211,487,110,377
121000212,709,369,340
121000213,9614,2706,6908
121000214,754,1961,-1207
121000215,856,1115,-259
121000216,504,596,-92
121000217,3446,2820,626
121000218,302,1437,-1135
121000219,1299,666,633
121000220,115,92,23
121000221,120,320,-200
121000222,2250,2482,-232
121000223,226,443,-217
121000224,116,282,-166
121000225,920,2020,-1100
121000226,2912,1272,1640
121000227,10,122,-112
121000228,21,428,-407
121000229,322,442,-120
121000230,46,1276,-1230
121000231,1350,29,1321
121000232,349,319,30
121000233,639,275,364
121000234,34,69,-35
121000235,47,74,-27
121000236,17,88,-71
121000237,33,28,5
121000238,18,99,-81
121000239,85,23,62
121000240,10,158,-148
121000241,92,16,76
121000242,147,667,-520
121000243,310,67,243
121000244,18,118,-100
121000245,80,21,59
121000246,0,129,-129
121000247,127,11,116
121000248,525,1050,-525
121000249,128,268,-140
121000250,703,278,425
121000251,22,238,-216
121000252,120,110,10
121000253,290,299,-9
121000254,711,156,555
121000255,166,208,-42
121000256,331,163,168
121000257,33,135,-102
121000258,142,171,-29
121000259,39,60,-21
121000260,57,80,-23
121000261,78,86,-8
121000262,828,559,269
121000263,451,314,137
121000271,348,1181,-833
121000273,34,10,24
121000274,13,61,-48
121000275,5,8,-3
121000276,6,19,-13
121000278,58,26,32
121000279,23,35,-12
121000280,51,63,-12
121000289,290,27,263
121000290,914,841,73
121000294,270,78,192
121000297,577,1121,-544
121000299,70,439,-369
121000300,854,719,135
121000302,54,938,-884
121000303,582,297,285
121000304,515,105,410
121000305,181,61,120
121000306,127,128,-1
121000308,152,314,-162
121000309,307,470,-163
121000310,108,206,-98
121000311,87,573,-486
121000312,434,364,70
121000313,296,455,-159
121000314,67,127,-60
121000315,41,80,-39
121000530,1821,1070,751
121000531,1651,1237,414
121000532,6216,8113,-1897
121000533,3344,3591,-247
121000918,48,70,-22
121000919,34,57,-23
121000938,74,244,-170
121000939,72,255,-183
121000956,1627,794,833
121000957,3,13,-10
121000958,31,57,-26
121000959,964,397,567
121000960,1473,1330,143
121000961,305,78,227
121000962,563,448,115
121000973,1,160,-159
121000976,6,256,-250
121000979,408,161,247
121000981,301,112,189
121000982,335,89,246
121000983,496,248,248
121000984,41,61,-20
121000985,813,287,526
121000986,456,100,356
121000987,302,478,-176
121000988,1072,111,961
121001302,248,125,123
121001308,6,15,-9
121001309,29,352,-323
121001313,217,76,141
121001314,1306,1962,-656
121001315,5315,2917,2398
121900001,81,136,-55
121900002,45,20,25
121900003,412,20,392
121900004,96,325,-229
121900005,23,9,14
121900006,120,20,100
121900007,1661,1983,-322
121900008,281,585,-304
121900009,501,22,479
121900010,209,2,207
121900011,364,298,66
121900012,15,1,14
121900013,828,115,713
121900014,1298,340,958
121900015,181,173,8
121900016,8,18,-10
121900017,524,301,223
121900018,379,12,367
121900019,591,239,352
121900020,20,3,17
121900021,962,23,939
121900022,238,264,-26
121900023,174,239,-65
121900024,326,74,252
121900025,593,331,262
121900026,304,35,269
121900027,708,216,492
121900028,244,14,230
121900029,139,221,-82
121900030,467,457,10
121900031,838,6581,-5743
121900032,93,59,34
121900033,197,269,-72
121900034,281,78,203
121900035,2436,2329,107
121900036,92,353,-261
121900037,202,960,-758
121900038,36,93,-57
121900039,333,56,277
121900040,94,87,7
121900041,132,207,-75
121900042,433,200,233
121900043,14,6,8
121900044,93,90,3
121900046,277,359,-82
121900047,235,83,152
121900048,82,86,-4
121900050,47,45,2
121900051,218,125,93
121900052,202,32,170
121900053,471,336,135
121900054,439,788,-349
121900055,8,15,-7
121900058,376,103,273
121900059,432,171,261
121900060,157,291,-134
121900061,172,179,-7
121900062,153,169,-16
121900063,1687,375,1312
121900064,359,348,11
121900066,78,39,39
121900067,68,30,38
121900069,162,110,52
121900070,251,181,70
121900071,475,198,277
121900072,51,68,-17
121900073,264,260,4
121900074,621,1266,-645
121900075,399,877,-478
121900076,624,481,143
121900077,26,12,14
121900078,145,63,82
121900079,0,0,0
121900080,960,308,652
121900082,72,75,-3
121900084,39,78,-39
121900085,4,12,-8
121900086,24,66,-42
121900087,136,130,6
121900088,1520,3025,-1505
121900089,281,317,-36
121900090,26,41,-15
121900091,100,57,43
121900092,128,89,39
121900093,94,51,43
121900094,31,15,16
121900095,416,190,226
121900096,1291,754,537
121900097,797,157,640
121900098,10,7,3
121900099,276,41,235
121900100,127,613,-486
121900101,140,99,41
121900102,1,105,-104
121900103,471,184,287
121900104,1722,311,1411
121900105,355,231,124
121900106,5,30,-25
121900107,91,29,62
121900108,3,19,-16
121900109,251,124,127
121900110,682,464,218
121900111,809,322,487
121900112,224,166,58
121900113,61,514,-453
121900114,125,73,52
121900117,188,260,-72
121900118,1552,629,923
121900119,201,53,148
121900120,64,1148,-1084
121900121,421,42,379
121900122,60,99,-39
121900123,224,455,-231
121900124,173,134,39
121900125,1653,1046,607
121900127,9,104,-95
121900128,76,69,7
121900129,316,162,154
121900130,119,203,-84
121900131,168,87,81
121900132,63,66,-3
121900133,82,1225,-1143
121900134,31,171,-140
121900135,3046,463,2583
121900136,325,176,149
121900137,60,271,-211
121900138,169,163,6
121900139,311,745,-434
121900140,98,121,-23
121900141,85,28,57
121900142,137,84,53
121900143,17,207,-190
121900144,88,286,-198
121900145,211,378,-167
121900146,550,524,26
121900147,54,175,-121
121900148,178,294,-116
121900149,337,416,-79
121900150,48,140,-92
121900151,82,232,-150
121900152,139,87,52
121900153,56,867,-811
121900154,19,227,-208
121900155,0,160,-160
121900156,133,127,6
121900157,3,236,-233
121900158,68,87,-19
121900159,0,189,-189
121900160,56,207,-151
121900161,251,391,-140
121900162,81,197,-116
121900163,378,306,72
121900164,263,166,97
121900165,209,121,88
121900166,173,152,21
121900167,98,96,2
121900168,122,204,-82
121900169,4,131,-127
121900170,7,147,-140
121900171,886,533,353
121900172,502,194,308
121900173,691,277,414
121900174,62,71,-9
121900175,168,266,-98
121900176,483,1258,-775
121900177,148,63,85
121900178,51,38,13
121900179,449,175,274
121900180,1852,5598,-3746
121900182,687,309,378
121900183,953,1485,-532
121900184,108,615,-507
121900186,11,539,-528
121900187,23,161,-138
121900188,473,274,199
121900189,29,82,-53
121900190,179,349,-170
121900191,202,244,-42
121900192,281,852,-571
121900193,68,88,-20
121900194,10,337,-327
121900195,39,116,-77
121900196,797,976,-179
121900197,347,935,-588
121900198,1255,974,281
121900199,11,43,-32
121900200,62,177,-115
121900201,738,886,-148
121900202,126,722,-596
121900203,124,1008,-884
121900204,547,1270,-723
121900205,17,60,-43
121900206,33,41,-8
121900207,77,45,32
121900208,114,347,-233
121900209,109,53,56
121900210,1148,938,210
121900211,15,95,-80
121900212,70,116,-46
121900213,238,50,188
121900214,11,476,-465
121900215,46,127,-81
121900216,46,294,-248
121900217,260,193,67
121900218,160,341,-181
121900220,108,9,99
121900221,300,607,-307
121900222,210,63,147
121900223,184,33,151
121900224,116,40,76
121900225,124,123,1
121900226,300,115,185
121900227,305,519,-214
121900228,183,208,-25
121900230,73,369,-296
121900231,114,1918,-1804
121900232,180,308,-128
121900233,197,183,14
121900234,473,157,316
121900235,634,110,524
121900236,304,157,147
121900237,232,245,-13
121900238,185,365,-180
121900239,222,45,177
121900240,302,134,168
121900241,90,46,44
121900242,4,0,4
121900243,15,0,15
121900244,18,8,10
121900245,219,49,170
121900246,2525,160,2365
121900247,238,199,39
121900248,1038,1258,-220
121900250,265,366,-101
121900251,428,47,381
121900252,538,148,390
121900253,71,568,-497
121900254,430,255,175
121900255,371,82,289
121900258,3419,1981,1438
121900259,267,542,-275
121900260,230,99,131
121900261,166,563,-397
121900262,324,1018,-694
121900263,289,195,94
121900264,1231,1150,81
121900265,408,166,242
121900266,617,117,500
121900267,75,46,29
121900269,240,909,-669
121900270,45,230,-185
121900271,27,122,-95
121900273,472,1839,-1367
121900274,356,205,151
121900277,337,879,-542
121900278,113,685,-572
121900279,145,161,-16
121900280,143,432,-289
121900281,218,519,-301
121900284,59,12,47
121900286,174,598,-424
121900287,21,22,-1
121900290,204,499,-295
121900291,333,781,-448
121900292,144,130,14
121900293,788,2434,-1646
121900294,247,2,245
121900295,157,137,20
121900296,87,235,-148
121900298,240,890,-650
121900299,0,22,-22
121900300,109,5,104
121900301,96,7,89
121900302,6,53,-47
121900303,457,394,63
121900304,16,13,3
121900305,9,20,-11
121900306,234,0,234
121900307,103,16,87
121900308,13,200,-187
121900309,4,102,-98
121900310,15,243,-228
121900311,480,27,453
121900312,423,15,408
121900313,364,12,352
121900314,2,29,-27
121900315,15,0,15
121900316,0,6,-6
121900317,20,1,19
121900318,0,11,-11
121900319,47,177,-130
121900320,41,43,-2
121900321,31,2,29
121900322,3,8,-5
121900323,35,48,-13
121900324,3,49,-46
121900325,9,5,4
121900326,2,24,-22
121900327,9,33,-24
121900328,2,24,-22
121900329,0,65,-65
121900330,0,84,-84
121900331,90,143,-53
121900332,109,28,81
121900333,19,0,19
122000001,1518,4855,-3337
122000002,2794,1219,1575
122000003,1419,2719,-1300
122000004,2035,1445,590
122000005,2305,2149,156
122000006,1233,1005,228
122000007,737,1461,-724
122000008,1694,3614,-1920
122000009,338,439,-101
122000010,2031,2613,-582
122000011,3405,1663,1742
122000012,915,1898,-983
122000013,774,1100,-326
122000014,1782,1070,712
122000015,1241,1034,207
122000016,540,812,-272
122000017,1142,1041,101
122000018,1464,1525,-61
122000019,870,932,-62
122000020,254,279,-25
122000021,183,446,-263
122000022,970,953,17
122000023,690,1480,-790
122000024,590,1767,-1177
122000025,697,2294,-1597
122000026,647,1373,-726
122000027,489,1229,-740
122000028,873,565,308
122000029,485,542,-57
122000030,217,183,34
122000031,143,321,-178
122000032,2032,1987,45
122000033,495,1619,-1124
122000034,528,784,-256
122000035,306,678,-372
122000036,478,404,74
122000037,359,252,107
122000038,227,332,-105
122000039,567,459,108
122000040,219,288,-69
122000041,436,597,-161
122000042,318,352,-34
122000043,103,113,-10
122000044,135,128,7
122000045,1166,464,702
122000046,809,632,177
122000047,234,203,31
122000048,2930,4511,-1581
122000049,5406,3438,1968
122000050,1082,699,383
122000051,175,433,-258
122000052,434,527,-93
122000053,215,1020,-805
122000054,2285,1949,336
122000055,1847,3384,-1537
122000056,3436,3138,298
122000057,2470,3811,-1341
122000058,1249,1680,-431
122000059,1799,2528,-729
122000060,443,963,-520
122000061,368,754,-386
122000062,544,281,263
122000063,823,948,-125
122000064,2800,3761,-961
122000065,2668,2206,462
122000066,955,985,-30
122000067,1399,1102,297
122000068,1727,1066,661
122000069,783,609,174
122000070,912,1249,-337
122000071,1872,1131,741
122000072,478,481,-3
122000073,232,854,-622
122000074,3122,1443,1679
122000075,905,1144,-239
122000076,3518,1383,2135
122000077,791,1254,-463
122000078,1109,3039,-1930
122000079,699,1475,-776
122000080,517,373,144
122000081,180,219,-39
122000082,406,1140,-734
122000083,2275,1234,1041
122000084,1814,987,827
122000085,288,768,-480
122000086,2139,5694,-3555
122000087,351,510,-159
122000088,378,516,-138
122000089,3942,2293,1649
122000090,198,547,-349
122000091,167,137,30
122000092,78,31,47
122000093,1583,2735,-1152
122000094,4260,3422,838
122000095,1245,4439,-3194
122000096,1010,1775,-765
122000098,2286,3403,-1117
122000099,1152,842,310
122000100,822,618,204
122000101,359,441,-82
122000102,1694,856,838
122000103,1943,1276,667
122000104,442,156,286
122000105,397,276,121
122000106,433,749,-316
122000107,989,393,596
122000108,421,720,-299
122000109,433,285,148
122000110,529,549,-20
122000111,2579,1515,1064
122000112,1137,1326,-189
122000113,651,540,111
122000114,2068,1671,397
122000115,1635,1198,437
122000116,458,713,-255
122000117,1127,461,666
122000118,588,713,-125
122000119,2210,1910,300
122000120,1083,2754,-1671
122000121,1026,2135,-1109
122000122,475,1199,-724
122000123,1301,1516,-215
122000124,853,578,275
122000125,501,803,-302
122000126,482,827,-345
122000127,630,826,-196
122000128,359,511,-152
122000129,581,1762,-1181
122000130,2572,1232,1340
122000131,1106,768,338
122000132,258,383,-125
122000133,960,946,14
122000134,1047,727,320
122000135,620,425,195
122000136,843,564,279
122000137,2257,800,1457
122000139,888,3767,-2879
122000140,586,604,-18
122000141,2878,1149,1729
122000142,257,970,-713
122000143,382,354,28
122000144,1338,943,395
122000145,782,828,-46
122000146,476,1669,-1193
122000147,531,418,113
122000148,940,2214,-1274
122000149,1864,1284,580
122000150,1188,833,355
122000151,155,336,-181
122000152,269,313,-44
122000153,356,212,144
122000154,189,190,-1
122000155,1335,2448,-1113
122000156,2304,2615,-311
122000157,1023,2710,-1687
122000158,268,464,-196
122000159,556,916,-360
122000160,2358,1811,547
122000161,1003,1114,-111
122000162,1410,1716,-306
122000163,247,102,145
122000164,39,128,-89
122000165,869,661,208
122000166,762,1059,-297
122000167,275,293,-18
122000168,201,588,-387
122000169,271,173,98
122000170,387,234,153
122000171,59,114,-55
122000172,1422,1202,220
122000173,1328,2422,-1094
122000174,2135,1012,1123
122000175,801,288,513
122000176,305,837,-532
122000177,1228,1356,-128
122000178,2560,2401,159
122000179,1533,2431,-898
122000180,1302,1272,30
122000181,1203,2809,-1606
122000182,1341,1883,-542
122000183,2002,1016,986
122000184,2622,2557,65
122000185,1124,1869,-745
122000186,424,933,-509
122000187,1973,767,1206
122000188,421,246,175
122000189,217,320,-103
122000190,827,1140,-313
122000191,875,872,3
122000192,1384,412,972
122000193,505,661,-156
122000194,561,207,354
122000195,112,481,-369
122000196,1391,514,877
122000197,497,603,-106
122000198,392,928,-536
122000199,340,370,-30
122000200,794,625,169
122000201,1117,1440,-323
122000202,1247,1629,-382
122000203,2121,1116,1005
122000204,1077,1600,-523
122000205,843,1192,-349
122000206,2298,838,1460
122000207,2147,1231,916
122000208,2299,1242,1057
122000209,1791,415,1376
122000210,1876,1318,558
122000211,1464,1041,423
122000212,903,643,260
122000213,1028,1517,-489
122000214,1952,1893,59
122000215,2131,1818,313
122000217,1398,1454,-56
122000218,723,80,643
122000219,883,815,68
122000220,352,686,-334
122000221,70,397,-327
122000222,599,160,439
122000223,1216,511,705
122000225,876,349,527
122000226,1620,1397,223
122000227,199,1984,-1785
122000228,320,254,66
122000229,36,490,-454
122000230,47,305,-258
122000231,300,629,-329
122000232,630,700,-70
122000233,0,53,-53
122000234,439,52,387
122000235,479,96,383
122000236,1636,66,1570
122000237,141,80,61
122000238,397,380,17
122000239,752,148,604
122000240,1402,579,823
122000241,1681,377,1304
122000242,753,98,655
122000243,24,32,-8
122000244,10,235,-225
122000245,7,59,-52
122000246,34,97,-63
122000247,504,139,365
122000248,633,1032,-399
122000249,990,863,127
122000250,1897,904,993
122000251,207,376,-169
122000252,373,138,235
122000253,73,182,-109
122000254,309,77,232
122000255,771,1000,-229
122000256,336,534,-198
122000257,227,169,58
122000258,371,246,125
122000259,22,258,-236
122000260,8,59,-51
122000261,16,272,-256
122000262,1,28,-27
122000263,338,525,-187
122000264,1522,243,1279
122000265,2389,837,1552
122000266,3975,588,3387
122000267,181,127,54
122000268,201,252,-51
122000269,926,263,663
122000270,579,163,416
122000271,248,824,-576
122000272,308,683,-375
122000273,349,324,25
122000274,222,167,55
122000275,68,160,-92
122000276,890,461,429
122000277,1163,1355,-192
122000278,1821,474,1347
122000279,234,264,-30
122000280,796,421,375
122000281,975,829,146
122000282,227,333,-106
122000283,328,162,166
122000284,254,74,180
122000285,291,66,225
122000286,51,118,-67
122000287,1224,1131,93
122000288,461,227,234
122000291,2272,722,1550
122000293,197,180,17
122000294,122,278,-156
122000295,1158,171,987
122000296,18,434,-416
122000297,2125,3485,-1360
122000299,481,523,-42
122000300,461,640,-179
122000301,5673,3161,2512
122000302,518,2038,-1520
122000303,2225,1162,1063
122000304,89,178,-89
122000305,1227,192,1035
122000306,32,358,-326
122000307,99,83,16
122000309,40,31,9
122000310,15,85,-70
122000311,112,80,32
122000312,138,132,6
122000313,83,73,10
122000314,97,254,-157
122000315,272,51,221
122000316,1022,255,767
122000317,1869,271,1598
122000318,297,1013,-716
122000319,123,288,-165
122000320,309,763,-454
122000321,79,117,-38
122000322,1305,1967,-662
122000323,926,2226,-1300
122000324,1145,1156,-11
122000325,832,2260,-1428
122000326,96,76,20
122000327,452,590,-138
122000328,586,398,188
122000330,1494,1070,424
122000332,179,302,-123
122000333,11,63,-52
122000337,1106,677,429
122000338,637,334,303
122000340,227,778,-551
122000342,1177,712,465
122000343,380,522,-142
122000344,98,21,77
122000345,43,25,18
122000346,337,275,62
122000348,969,768,201
122000349,142,621,-479
122000351,156,223,-67
122000352,346,142,204
122000353,170,40,130
122000355,162,267,-105
122000356,879,1116,-237
122000357,90,31,59
122000358,0,17,-17
122000359,1,16,-15
122000360,0,38,-38
122000362,10,51,-41
122000364,241,283,-42
122000365,3,55,-52
122000366,14,4,10
122000368,415,505,-90
122000370,25,27,-2
122000371,24,0,24
122000372,19,0,19
122000381,156,311,-155
122000382,87,196,-109
122000384,1591,984,607
122000385,88,1,87
122000386,250,1751,-1501
122000387,494,587,-93
122000388,1461,729,732
122000389,165,751,-586
122000390,278,363,-85
122000391,284,357,-73
122000392,147,137,10
122000393,44,87,-43
122000394,587,202,385
122000395,153,81,72
122000396,216,83,133
122000397,17,28,-11
122000398,30,44,-14
122000399,151,65,86
122000400,85,665,-580
122000401,121,53,68
122000402,439,134,305
122000403,536,418,118
122000404,183,132,51
122000408,612,962,-350
122000503,11,107,-96
122000524,126,175,-49
122000544,71,2037,-1966
122000616,307,5,302
122000640,88,78,10
122000641,104,180,-76
122000642,1065,589,476
122000643,81,194,-113
122000644,105,37,68
122000645,68,191,-123
122000651,797,1096,-299
122000664,115,31,84
122000665,1081,459,622
122000666,782,1035,-253
122000673,25,133,-108
122000674,184,78,106
122000675,1840,553,1287
122000686,416,633,-217
122000687,1644,247,1397
122000688,268,298,-30
122000689,1037,277,760
122000690,2730,297,2433
122000691,787,755,32
122000692,1836,266,1570
122000693,405,934,-529
122000695,481,242,239
122000696,600,141,459
122000698,514,255,259
122000699,193,79,114
122000701,1541,278,1263
122000702,399,788,-389
122000703,152,50,102
122000717,71,50,21
122000718,310,799,-489
122000719,105,80,25
122000720,564,120,444
122000724,66,15,51
122900001,45,9,36
122900002,950,6329,-5379
122900003,467,39,428
122900004,1751,89,1662
122900005,153,121,32
122900006,657,1006,-349
122900007,161,134,27
122900008,424,160,264
122900009,607,526,81
122900010,219,110,109
122900012,195,375,-180
122900014,159,197,-38
122900015,956,1469,-513
122900016,128,188,-60
122900017,283,695,-412
122900018,179,29,150
122900019,13,103,-90
122900020,164,413,-249
122900021,42,345,-303
122900022,1161,655,506
122900023,600,158,442
122900024,145,116,29
122900025,17,338,-321
122900026,29,165,-136
122900027,33,418,-385
122900028,86,140,-54
122900029,3754,2669,1085
122900030,1198,593,605
122900031,67,289,-222
122900032,136,436,-300
122900033,226,150,76
122900034,3391,4708,-1317
122900035,41,19,22
122900036,92,64,28
122900037,356,134,222
122900038,98,3202,-3104
122900039,93,506,-413
122900040,231,454,-223
122900041,384,338,46
122900042,149,284,-135
122900043,392,217,175
122900044,112,363,-251
122900045,156,111,45
122900046,179,279,-100
122900047,134,142,-8
122900048,47,192,-145
122900049,1025,190,835
122900051,71,131,-60
122900052,103,115,-12
122900053,23,26,-3
122900055,362,84,278
122900057,219,56,163
122900061,503,193,310
122900062,621,681,-60
122900063,162,148,14
122900064,734,382,352
122900065,579,211,368
122900066,844,351,493
122900067,741,469,272
122900068,106,256,-150
122900069,292,1435,-1143
122900070,339,50,289
122900071,98,188,-90
122900072,11,248,-237
122900073,21,140,-119
122900074,1016,364,652
122900075,2,60,-58
122900076,2,136,-134
122900077,1,74,-73
122900078,198,38,160
122900080,49,65,-16
122900081,138,154,-16
122900082,1111,112,999
122900083,152,95,57
122900084,5,176,-171
122900086,36,127,-91
122900087,317,315,2
122900088,34,275,-241
122900089,29,308,-279
122900090,9,257,-248
122900091,319,4,315
122900092,0,100,-100
122900093,1,102,-101
122900094,0,101,-101
122900095,260,19,241
122900096,524,65,459
122900097,46,56,-10
122900098,52,186,-134
122900099,70,21,49
122900100,212,480,-268
122900101,353,314,39
122900102,20,32,-12
122900103,149,10,139
122900104,294,10,284
122900105,29,13,16
122900106,5,38,-33
122900107,6,66,-60
122900108,5,72,-67
123000001,961,563,398
123000002,2689,5913,-3224
123000003,3864,4699,-835
123000004,2199,3517,-1318
123000005,2765,2830,-65
123000006,1673,1718,-45
123000007,4153,2423,1730
123000008,2158,2313,-155
123000009,4679,2662,2017
123000010,2969,2868,101
123000011,1765,781,984
123000012,578,1887,-1309
123000013,3521,883,2638
123000014,657,3073,-2416
123000015,2345,1119,1226
123000016,2580,4343,-1763
123000017,2973,1678,1295
123000018,86,96,-10
123000019,481,57,424
123000020,286,56,230
123000021,190,198,-8
123000022,308,1777,-1469
123000023,1576,1829,-253
123000024,1538,573,965
123000025,113,107,6
123000026,14,141,-127
123000027,86,636,-550
123000028,1422,624,798
123000029,618,1210,-592
123000030,294,152,142
123000031,336,163,173
123000032,516,97,419
123000033,264,48,216
123000034,974,658,316
123000035,545,396,149
123000036,232,949,-717
123000037,224,201,23
123000038,115,206,-91
123000039,425,1777,-1352
123000040,571,247,324
123000041,956,1259,-303
123000042,559,583,-24
123000043,2071,11927,-9856
123000044,3094,2496,598
123000045,4069,3258,811
123000046,478,1781,-1303
123000047,1284,946,338
123000048,119,1081,-962
123000049,4880,10782,-5902
123000050,1931,1638,293
123000051,59,190,-131
123000052,798,3274,-2476
123000053,2651,2698,-47
123000054,1595,1463,132
123000055,1663,3250,-1587
123000056,1079,1481,-402
123000057,5663,7272,-1609
123000058,575,1235,-660
123000059,301,437,-136
123000060,920,333,587
123000061,241,540,-299
123000063,923,877,46
123000064,1147,223,924
123000065,3245,2384,861
123000066,501,469,32
123000067,1043,420,623
123000068,2133,2128,5
123000069,4950,2181,2769
123000070,169,472,-303
123000071,1444,654,790
123000072,1165,582,583
123000073,1474,709,765
123000074,1072,679,393
123000075,409,1361,-952
123000076,782,409,373
123000077,1700,1444,256
123000078,1922,1206,716
123000079,1826,1404,422
123000080,2272,999,1273
123000081,122,233,-111
123000082,312,729,-417
123000083,1067,238,829
123000084,747,301,446
123000085,496,57,439
123000086,763,90,673
123000087,481,237,244
123000088,1228,556,672
123000089,656,808,-152
123000090,1108,693,415
123000091,1264,1212,52
123000092,846,1087,-241
123000094,673,211,462
123000095,777,564,213
123000096,863,285,578
123000097,646,405,241
123000098,813,408,405
123000099,667,466,201
123000100,416,693,-277
123000101,466,585,-119
123000102,403,680,-277
123000104,407,431,-24
123000105,434,395,39
123000106,326,419,-93
123000107,309,442,-133
123000108,478,883,-405
123000111,1090,300,790
123000112,1511,407,1104
123000113,489,762,-273
123000114,313,560,-247
123000115,285,210,75
123000116,51,72,-21
123000117,1690,1136,554
123000118,495,580,-85
123000119,228,568,-340
123000120,300,488,-188
123000121,448,420,28
123000122,310,241,69
123000123,400,463,-63
123000124,385,395,-10
123000125,1185,1347,-162
123000126,1087,4646,-3559
123000127,567,464,103
123000128,279,198,81
123000129,947,193,754
123000130,758,99,659
123000131,1154,675,479
123000132,292,481,-189
123000133,187,267,-80
123000134,230,105,125
123000135,2994,966,2028
123000136,184,472,-288
123000137,114,162,-48
123000138,86,261,-175
123000139,676,88,588
123000140,97,454,-357
123000141,775,161,614
123000142,722,668,54
123000143,739,1325,-586
123000144,36,22,14
123000145,139,258,-119
123000146,25,63,-38
123000147,61,69,-8
123000149,460,325,135
123000150,169,177,-8
123000151,222,476,-254
123000152,79,451,-372
123000153,160,769,-609
123000154,1383,1719,-336
123000155,1770,1397,373
123000156,28,61,-33
123000157,586,788,-202
123000158,466,698,-232
123000159,2947,2771,176
123000160,1088,802,286
123000161,1822,1284,538
123000162,1282,1642,-360
123000163,676,140,536
123000164,1932,292,1640
123000165,347,939,-592
123000166,52,121,-69
123000167,138,211,-73
123000168,261,161,100
123000169,971,98,873
123000170,128,77,51
123000171,908,5,903
123000172,100,358,-258
123000173,564,283,281
123000174,1181,419,762
123000175,439,769,-330
123000176,1226,286,940
123000177,277,733,-456
123000178,809,183,626
123000179,50,324,-274
123000180,1628,302,1326
123000181,303,782,-479
123000182,282,204,78
123000183,230,457,-227
123000184,104,355,-251
123000185,1036,271,765
123000186,6,336,-330
123000187,628,11,617
123000188,162,1,161
123000189,190,102,88
123000190,84,88,-4
123000192,25,268,-243
123000193,53,578,-525
123000194,357,224,133
123000195,301,27,274
123000196,368,19,349
123000197,74,83,-9
123000198,36,956,-920
123000199,12,550,-538
123000200,577,8,569
123000201,1211,24,1187
123000202,9,513,-504
123000203,1095,44,1051
123000204,76,660,-584
123000205,321,1047,-726
123000206,2414,244,2170
123000207,74,582,-508
123000208,538,198,340
123000209,2089,690,1399
123000210,397,1229,-832
123000211,448,1448,-1000
123000212,3380,453,2927
123000213,575,82,493
123000215,87,242,-155
123000216,202,1093,-891
123000217,200,48,152
123000218,41,683,-642
123000219,591,74,517
123000220,445,127,318
123000221,126,66,60
123000222,526,272,254
123000223,677,169,508
123000224,476,243,233
123000225,269,46,223
123000226,70,245,-175
123000227,66,196,-130
123000228,320,49,271
123000229,679,1034,-355
123000232,95,422,-327
123000233,791,133,658
123000234,175,401,-226
123000235,1660,238,1422
123000236,331,453,-122
123000237,362,68,294
123000238,64,249,-185
123000239,390,759,-369
123000240,46,630,-584
123000241,289,82,207
123000242,306,129,177
123000243,763,740,23
123000244,895,763,132
123000245,40,144,-104
123000249,834,439,395
123000252,911,286,625
123000253,1670,493,1177
123000254,700,682,18
123000255,1329,741,588
123000256,17,178,-161
123000257,1919,1271,648
123000258,939,522,417
123000259,412,326,86
123000260,533,255,278
123000261,414,114,300
123000262,81,103,-22
123000263,514,96,418
123000264,206,76,130
123000265,36,110,-74
123000266,664,498,166
123000267,770,361,409
123000268,56,83,-27
123000269,54,37,17
123000270,40,48,-8
123000271,45,52,-7
123000272,705,314,391
123000273,262,754,-492
123000274,1132,500,632
123000275,232,530,-298
123000278,1612,2267,-655
123000279,99,77,22
123000280,320,225,95
123000281,257,117,140
123000282,106,216,-110
123000283,171,39,132
123000284,54,87,-33
123000286,210,276,-66
123000287,433,308,125
123000288,1614,1099,515
123000289,353,1425,-1072
123000291,210,668,-458
123000294,155,160,-5
123000295,814,900,-86
123000296,766,438,328
123000297,803,340,463
123000298,746,204,542
123000299,107,97,10
123000300,1261,901,360
123000301,136,293,-157
123000302,74,93,-19
123000303,144,176,-32
123000305,640,703,-63
123000306,236,68,168
123000309,42,41,1
123000310,39,36,3
123000311,0,83,-83
123000312,315,461,-146
123000313,600,288,312
123000315,149,153,-4
123000316,719,77,642
123000317,227,80,147
123000318,52,137,-85
123000329,27,11,16
123000337,792,605,187
123000338,354,152,202
123000339,353,68,285
123000340,74,208,-134
123000342,9,16,-7
123000343,34,7,27
123000344,781,255,526
123000345,355,456,-101
123000346,399,41,358
123000352,836,711,125
123000353,41,68,-27
123000354,200,25,175
123000355,0,166,-166
123000356,407,8,399
123000357,2,84,-82
123000359,9,107,-98
123000360,202,73,129
123000361,129,198,-69
123000362,543,62,481
123000363,148,103,45
123000364,507,491,16
123000365,19,426,-407
123000366,407,2130,-1723
123000367,226,639,-413
123000370,23,162,-139
123000371,635,30,605
123000372,282,15,267
123000373,8,206,-198
123000374,5,156,-151
123000375,327,38,289
123000376,880,588,292
123000377,650,13,637
123000378,14,160,-146
123000379,3,131,-128
123000380,45,463,-418
123000381,105,101,4
123000382,586,129,457
123000383,77,1398,-1321
123000384,399,131,268
123000385,127,432,-305
123000436,15,1204,-1189
123000507,96,169,-73
123000508,132,1069,-937
123000517,228,35,193
123000518,23,188,-165
123000519,151,73,78
123000520,35,210,-175
123000521,425,78,347
123000522,152,299,-147
123000541,10,1,9
123000542,0,3,-3
123000565,517,19,498
123000566,646,218,428
123000567,79,128,-49
123000573,49,388,-339
123000574,874,73,801
123000575,1599,649,950
123000576,1310,802,508
123000577,58,590,-532
123000578,324,94,230
123000579,1021,6849,-5828
123000580,103,28,75
123000582,607,29,578
123000583,16,236,-220
123000584,192,300,-108
123000585,0,59,-59
123000586,76,2,74
123000596,74,68,6
123000597,76,99,-23
123000602,61,4,57
123000603,1030,355,675
123000604,496,324,172
123000605,612,76,536
123000606,0,395,-395
123000609,18,326,-308
123000610,175,118,57
123000613,26,110,-84
123000614,266,31,235
123000615,31,70,-39
123000616,996,58,938
123000617,97,173,-76
123000618,57,314,-257
123000619,586,32,554
123000620,35,235,-200
123000622,597,30,567
123000624,209,21,188
123000630,1199,407,792
123000631,194,530,-336
123000632,511,521,-10
123000633,1,79,-78
123000634,36,183,-147
123000635,55,85,-30
123000636,58,291,-233
123000637,290,39,251
123000638,543,30,513
123000639,753,5507,-4754
123000640,19,390,-371
123900001,792,42,750
123900002,43,1286,-1243
123900003,245,302,-57
123900005,252,148,104
123900006,324,43,281
124000001,1946,146,1800
124000002,56,1027,-971
124000003,1186,125,1061
124000004,72,276,-204
124000005,1215,696,519
124000006,135,554,-419
124000007,401,132,269
124000008,11,342,-331
124000009,749,228,521
124000010,187,248,-61
124000011,971,273,698
124000012,205,272,-67
124000017,217,127,90
124000018,114,52,62
124000019,161,109,52
124000020,40,117,-77
124000021,136,82,54
124000022,76,166,-90
124000023,1372,1343,29
124000024,978,332,646
124000025,1109,1708,-599
124000026,843,778,65
124000027,4454,4830,-376
124000028,1207,3348,-2141
124000030,1902,1193,709
124000031,1185,4673,-3488
124000032,1258,612,646
124000033,149,221,-72
124000034,616,417,199
124000035,30,302,-272
124000036,45,121,-76
124000037,598,1139,-541
124000038,53,86,-33
124000039,790,461,329
124000040,392,1043,-651
124000041,514,117,397
124000042,109,320,-211
124000043,126,158,-32
124000044,64,130,-66
124000045,979,385,594
124000046,277,444,-167
124000047,2355,653,1702
124000048,1088,629,459
124000049,2060,502,1558
124000050,822,1023,-201
124000051,1202,422,780
124000052,488,542,-54
124000053,559,1777,-1218
124000054,715,290,425
124000055,1334,3263,-1929
124000056,1322,946,376
124000057,1150,588,562
124000058,370,834,-464
124000059,675,1299,-624
124000060,683,481,202
124000061,1190,5877,-4687
124000062,2017,1441,576
124000063,996,1287,-291
124000064,1678,933,745
124000065,8,522,-514
124000066,67,31,36
124000067,215,134,81
124000068,20,19,1
124000069,176,8,168
124000070,61,45,16
124000071,204,94,110
124000072,165,334,-169
124000073,1261,158,1103
124000074,181,476,-295
124000075,464,23,441
124000076,4,85,-81
124000077,1108,809,299
124000078,2671,1129,1542
124000079,230,1232,-1002
124000080,590,218,372
124000081,202,412,-210
124000082,58,197,-139
124000083,74,75,-1
124000084,44,348,-304
124000085,115,23,92
124000086,18,166,-148
124000087,84,98,-14
124000088,300,617,-317
124000089,899,244,655
124000090,101,179,-78
124000091,485,86,399
124000092,67,257,-190
124000093,116,201,-85
124000094,159,611,-452
124000095,131,56,75
124000096,154,200,-46
124000097,97,86,11
124000098,27,71,-44
124000099,278,106,172
124000100,90,82,8
124000101,98,88,10
124000102,54,50,4
124000103,144,100,44
124000104,66,23,43
124000105,118,68,50
124000106,113,46,67
124000107,24,187,-163
124000108,41,14,27
124000109,148,64,84
124000110,102,65,37
124000111,182,128,54
124000112,764,471,293
124000113,91,88,3
124000114,313,268,45
124000115,350,425,-75
124000116,112,150,-38
124000117,49,61,-12
124000118,48,97,-49
124000119,784,465,319
124000120,532,389,143
124000121,1006,666,340
124000122,516,1234,-718
124000123,980,469,511
124000124,353,876,-523
124000125,374,413,-39
124000126,260,518,-258
124000127,867,248,619
124000128,579,649,-70
124000129,2026,1386,640
124000130,727,471,256
124000131,862,598,264
124000132,668,637,31
124000133,866,787,79
124000134,889,447,442
124000135,1702,1985,-283
124000136,705,685,20
124000137,1108,1090,18
124000138,1437,1131,306
124000139,441,27,414
124000140,18,317,-299
124000141,74,6,68
124000142,3,132,-129
124000143,57,8,49
124000144,5,26,-21
124000145,176,27,149
124000146,31,28,3
124000148,18,99,-81
124000149,1201,362,839
124000150,215,511,-296
124000151,980,506,474
124000152,648,887,-239
124000153,849,1273,-424
124000154,374,894,-520
124000155,1144,899,245
124000156,999,1182,-183
124000169,200,425,-225
124000170,375,342,33
124000171,350,242,108
124000172,326,364,-38
124000173,568,151,417
124000174,383,430,-47
124000175,6,62,-56
124000176,46,22,24
124000177,6,34,-28
124000178,55,70,-15
124000190,50,44,6
124000191,41,64,-23
124000192,1075,401,674
124000193,223,708,-485
124000194,284,345,-61
124000195,305,502,-197
124000196,807,699,108
124000197,60,37,23
124000198,67,65,2
124000201,292,477,-185
124000202,708,298,410
124000203,551,301,250
124000204,1148,198,950
124000205,117,235,-118
124000206,841,226,615
124000207,0,42,-42
124000209,157,266,-109
124000210,672,147,525
124000211,769,2,767
124000212,3,226,-223
124000213,694,163,531
124000214,533,231,302
124000215,580,30,550
124000216,4,201,-197
124000329,139,906,-767
124000338,97,403,-306
124000339,1335,78,1257
124000341,1918,89,1829
124000344,44,10,34
124000357,1284,2521,-1237
124000358,949,1438,-489
124000359,1677,633,1044
124000360,1074,427,647
124000361,1979,830,1149
124000362,763,1021,-258
124000363,253,290,-37
124000364,417,719,-302
124000365,416,700,-284
124000366,881,682,199
124000367,89,265,-176
124000368,461,623,-162
124000369,122,86,36
124000370,52,336,-284
124000402,19,14,5
124000403,153,22,131
124000404,10,71,-61
124000405,1072,754,318
124000406,672,712,-40
124000407,2,20,-18
124000411,12,165,-153
124000412,462,14,448
124000413,90,37,53
124000414,72,74,-2
124000415,44,42,2
124000416,133,130,3
124000417,201,76,125
124000418,226,101,125
124000419,114,97,17
124000420,97,26,71
124000421,62,73,-11
124000422,11,11,0
124000423,96,46,50
124000424,4,48,-44
124000425,64,24,40
124000426,7,42,-35
124000427,47,2,45
124000428,12,48,-36
124000429,108,29,79
124000430,714,391,323
124000431,320,377,-57
124000432,381,475,-94
124000439,12,0,12
124000442,12,44,-32
124000443,4,8,-4
124000445,104,584,-480
124000446,398,99,299
124900001,674,417,257
124900002,184,227,-43
124900003,1137,468,669
124900004,736,253,483
124900005,273,110,163
124900006,897,220,677
124900008,1011,605,406
124900009,175,396,-221
124900010,318,156,162
124900011,836,342,494
124900012,560,85,475
124900013,562,122,440
124900014,353,94,259
124900015,180,451,-271
124900016,92,132,-40
124900017,517,2490,-1973
124900018,89,10,79
124900020,106,74,32
124900021,412,43,369
124900022,60,10,50
124900024,262,10,252
124900026,232,19,213
124900027,128,599,-471
124900028,367,101,266
124900029,13,439,-426
124900030,8,65,-57
124900031,77,173,-96
124900032,153,234,-81
124900033,105,227,-122
124900034,11,88,-77
124900035,216,295,-79
124900036,2,49,-47
124900037,189,182,7
124900038,257,167,90
124900039,0,90,-90
124900040,163,71,92
124900041,207,526,-319
124900042,103,1,102
124900043,450,528,-78
124900044,123,4,119
124900045,591,1000,-409
124900046,644,212,432
124900047,99,153,-54
124900048,166,87,79
124900050,148,165,-17
124900052,102,248,-146
124900053,201,246,-45
124900054,810,539,271
124900055,1,133,-132
124900057,10,30,-20
124900060,55,132,-77
124900061,137,11,126
124900062,193,23,170
124900066,0,11,-11
124900067,4,73,-69
124900068,206,800,-594
124900070,43,21,22
124900072,194,33,161
124900074,621,137,484
124900075,254,162,92
124900076,22,1219,-1197
124900077,17,100,-83
124900078,58,16,42
124900079,386,223,163
124900080,307,329,-22
124900081,1080,305,775
124900082,246,354,-108
124900083,274,298,-24
124900084,922,156,766
124900085,566,588,-22
124900086,70,1425,-1355
124900087,276,111,165
124900088,404,102,302
124900089,874,27,847
124900090,442,226,216
124900091,339,256,83
124900092,229,149,80
124900093,384,130,254
124900094,539,221,318
124900095,126,538,-412
124900096,439,298,141
124900097,400,58,342
124900098,118,287,-169
124900099,353,565,-212
124900100,377,64,313
124900101,44,302,-258
124900102,243,15,228
124900103,152,124,28
124900104,56,104,-48
124900105,102,91,11
124900106,424,37,387
124900107,164,31,133
124900108,146,72,74
124900109,82,109,-27
124900110,398,255,143
124900111,17,146,-129
124900112,63,306,-243
124900113,86,262,-176
124900114,80,97,-17
124900115,61,51,10
124900116,256,212,44
124900117,202,187,15
124900118,174,321,-147
124900119,568,226,342
124900120,36,201,-165
124900121,125,459,-334
124900122,139,140,-1
124900123,207,132,75
124900124,135,272,-137
129000186,125,98,27
204000001,36,1,35
204000002,6,5,1
204000003,31,6,25
204000004,10,2,8
204000005,590,407,183
204000006,1195,1010,185
204000011,11,23,-12
204000012,49,61,-12
204000013,4,23,-19
204000019,757,410,347
204000020,695,629,66
204000021,1695,811,884
204000022,516,373,143
204000023,530,474,56
204000031,39,12,27
204000032,340,28,312
204000034,21,131,-110
204000035,0,4,-4
204000036,7,21,-14
204000037,0,7,-7
204000038,0,17,-17
204000039,3,11,-8
204000040,5,10,-5
204000041,14,15,-1
204000042,40,13,27
204000043,76,2,74
204000044,63,0,63
204000045,61,1,60
204000046,11,0,11
204000057,7,18,-11
204000062,6,21,-15
204000068,16,186,-170
204000069,35,239,-204
204000070,100,65,35
204000080,44,44,0
204000085,1679,1073,606
204000086,1688,1297,391
204000087,45,10,35
204000088,4,72,-68
204000090,37,212,-175
204000093,606,53,553
204000096,1030,793,237
204000097,634,4,630
204000099,1086,1348,-262
204000100,1507,1611,-104
204000105,1679,859,820
204000110,509,1000,-491
204000111,435,561,-126
204000112,928,1350,-422
204000113,294,849,-555
204000114,743,798,-55
204000115,724,250,474
204000116,1661,902,759
204000119,1872,2297,-425
204000132,668,321,347
204000133,850,167,683
204000134,284,78,206
204000135,619,72,547
204000136,677,201,476
204000138,399,560,-161
204000140,243,99,144
204000141,187,59,128
204000144,14,39,-25
204000145,549,40,509
204000146,23,237,-214
204000147,14,109,-95
204000148,193,13,180
204000154,6,7,-1
204000155,1,4,-3
204000177,44,33,11
204000179,40,5,35
204000180,0,33,-33
204000222,0,16,-16
204000235,32,19,13
204000236,51,133,-82
204000238,21,23,-2
204000240,379,66,313
204000263,456,594,-138
204000268,841,511,330
204000308,157,4,153
204000317,22,94,-72
204000322,19,61,-42
204000323,7,1,6
204000328,192,38,154
204000329,47,129,-82
204000330,156,14,142
204000331,27,90,-63
204010341,14,173,-159
205000001,630,1175,-545
205000013,9,68,-59
205000014,17,81,-64
205000015,31,146,-115
205000016,14,120,-106
205000017,27,114,-87
205000022,206,540,-334
205000025,822,742,80
205000029,260,13,247
205000045,119,775,-656
205000046,118,399,-281
205000047,58,335,-277
205000048,315,481,-166
205000049,148,502,-354
205000050,517,247,270
205000059,0,163,-163
205000060,0,70,-70
205000061,1,78,-77
205000062,5,83,-78
205000063,26,164,-138
205000064,20,67,-47
205000065,50,368,-318
205000066,103,349,-246
205000067,33,576,-543
205000069,237,19,218
205000082,158,157,1
205000110,65,179,-114
205000111,174,164,10
205000112,186,156,30
205000113,208,322,-114
205000121,296,54,242
205000123,46,191,-145
205000126,387,68,319
205000127,746,105,641
205000128,397,49,348
205000129,646,58,588
205000130,151,27,124
205000131,59,9,50
205000132,75,0,75
205000133,74,0,74
205000134,267,1,266
205000137,63,144,-81
205000138,154,379,-225
205000139,22,132,-110
205000144,84,54,30
205000145,338,137,201
205000151,155,48,107
205000152,216,22,194
205000153,206,21,185
205000154,135,41,94
205000155,99,16,83
205000207,5,150,-145
205000233,16,1,15
205000234,0,0,0
205000243,0,0,0
205000244,0,6,-6
205000245,9,88,-79
205000249,0,9,-9
205000250,5,2,3
205000264,8,76,-68
206000027,20,6,14
206000028,4,0,4
206000043,6,34,-28
206000053,1,21,-20
206000054,2,28,-26
206000055,0,18,-18
206000075,9,13,-4
206000076,28,9,19
206000077,24,1,23
206000078,26,12,14
206000079,17,5,12
206000082,363,76,287
206000100,18,304,-286
206000103,5,8,-3
206000104,6,10,-4
206000105,1,8,-7
206000106,4,13,-9
206000108,687,52,635
206000125,77,0,77
206000157,35,384,-349
206000170,1,86,-85
206000171,7,123,-116
206000172,6,188,-182
206000173,0,110,-110
206000174,12,24,-12
206000175,1,45,-44
206000176,17,77,-60
206000177,1,68,-67
206000178,0,111,-111
206000179,5,48,-43
206000180,9,89,-80
206000181,2,56,-54
206000182,5,53,-48
206000183,6,178,-172
206000184,5,133,-128
206000185,8,40,-32
206000186,63,351,-288
206000223,5,117,-112
206000226,13,0,13
206000227,29,4,25
206000237,40,125,-85
206000238,18,276,-258
206000239,139,1136,-997
206000240,0,59,-59
206000241,0,53,-53
206000242,3,87,-84
206000243,3,61,-58
206000244,44,194,-150
206000245,1213,52,1161
206000246,401,6,395
206000247,406,13,393
206000248,599,12,587
206000252,54,49,5
206000258,28,41,-13
206000315,37,15,22
206000317,847,117,730
206000318,853,60,793
206000319,2701,75,2626
206000320,362,37,325
206000321,406,6,400
206000322,714,21,693
206000323,253,8,245
206000324,306,12,294
206000325,251,14,237
206000326,242,24,218
206000327,94,8,86
206000328,312,2,310
206000329,412,9,403
206000330,65,3,62
206000331,267,1,266
206000332,77,4,73
206000333,1067,2,1065
206000334,404,3,401
206000335,0,15,-15
206000361,5,139,-134
206000392,0,10,-10
206000405,162,1,161
206000441,53,14,39
206000498,45,2,43
206000515,76,45,31
206000530,462,86,376
206000531,317,367,-50
206000532,1826,482,1344
206000535,100,1317,-1217
206000536,4,77,-73
206000537,13,99,-86
206000613,2083,223,1860
207000001,90,515,-425
207000002,77,287,-210
207000003,111,126,-15
207000007,1393,190,1203
207000008,175,3,172
207000009,57,54,3
207000010,245,241,4
207000012,497,163,334
207000015,208,624,-416
207000019,258,70,188
207000021,543,168,375
207000022,185,107,78
207000023,242,41,201
207000024,3,16,-13
207000025,37,61,-24
207000026,76,33,43
207000027,15,58,-43
207000028,44,136,-92
207000029,125,304,-179
207000033,196,414,-218
207000034,284,115,169
207000039,533,76,457
207000040,531,45,486
207000041,105,27,78
207000042,306,49,257
207000043,240,118,122
207000051,97,184,-87
207000052,15,99,-84
207000053,316,297,19
207000054,29,44,-15
207000055,133,79,54
207000056,266,178,88
207000057,114,212,-98
207000058,122,162,-40
207000059,59,231,-172
207000060,55,121,-66
207000061,194,658,-464
207000062,363,31,332
207000063,444,66,378
207000064,401,80,321
207000065,396,204,192
207000066,220,125,95
207000067,45,49,-4
207000068,117,28,89
207000069,679,251,428
207000082,3,119,-116
207000083,64,148,-84
207000084,343,196,147
207000085,282,20,262
207000086,288,4,284
207000106,45,18,27
207000107,118,10,108
207000108,81,16,65
207000109,61,17,44
207000110,57,75,-18
207000111,108,99,9
207000112,105,705,-600
207000114,11,20,-9
207000115,22,30,-8
207000116,20,331,-311
207000117,13,49,-36
207000118,5,54,-49
207000119,34,59,-25
207000123,185,18,167
207000124,111,23,88
207000125,89,28,61
207000126,100,36,64
207000134,102,78,24
207000135,46,134,-88
207000148,110,327,-217
207000149,48,18,30
207000152,94,270,-176
207000153,468,972,-504
207000154,245,157,88
207000159,89,60,29
207000160,120,227,-107
207000238,0,124,-124
207000242,4,96,-92
207000248,19,27,-8
207000249,86,23,63
207000250,410,55,355
207000251,74,80,-6
207000252,47,59,-12
207000278,101,60,41
207000279,13,86,-73
207000280,791,57,734
207000281,78,399,-321
207000282,99,140,-41
207000283,56,211,-155
207000284,49,354,-305
207000285,58,86,-28
207000291,12,81,-69
207000304,148,37,111
207000306,57,280,-223
207000310,147,77,70
207000353,203,2,201
207000356,10,46,-36
207000357,21,18,3
207000358,25,23,2
207000415,3,77,-74
207000417,44,7,37
207000418,60,100,-40
207000438,0,0,0
207000439,620,611,9
207000446,184,3,181
207000460,46,11,35
207000466,100,101,-1
207000467,312,40,272
207000468,51,170,-119
207000476,9,40,-31
207000477,722,33,689
207000478,5,131,-126
207000523,0,3,-3
207000524,25,0,25
207000527,129,142,-13
207000530,570,3,567
207000531,359,12,347
207000532,99,32,67
207000534,242,47,195
207000535,23,241,-218
207000537,18,64,-46
207000540,9,68,-59
207000541,2,214,-212
207000548,11,110,-99
207000549,322,11,311
207000561,213,226,-13
207000562,27,82,-55
207000567,125,177,-52
207000568,278,36,242
207000569,547,279,268
207000584,173,204,-31
207000585,54,321,-267
207000616,0,71,-71
207000617,193,2,191
207900008,327,77,250
208000001,571,1129,-558
208000002,580,467,113
208000003,1239,312,927
208000004,900,607,293
208000005,4,12,-8
208000019,610,697,-87
208000020,150,352,-202
208000021,265,270,-5
208000022,957,428,529
208000028,991,1493,-502
208000033,558,499,59
208000034,863,1254,-391
208000040,157,137,20
208000041,650,439,211
208000042,780,582,198
208000047,154,160,-6
208000064,2022,1220,802
208000066,1509,2491,-982
208000070,382,290,92
208000071,506,518,-12
208000072,456,786,-330
208000080,317,284,33
208000081,303,101,202
208000082,293,166,127
208000083,146,250,-104
208000084,3,16,-13
208000085,661,566,95
208000086,382,866,-484
208000087,339,539,-200
208000089,953,264,689
208000090,1008,414,594
208000093,133,92,41
208000094,436,337,99
208000095,669,388,281
208000104,1178,643,535
208000105,666,741,-75
208000114,118,382,-264
208000115,485,255,230
208000116,622,881,-259
208000117,127,128,-1
208000118,108,134,-26
208000155,689,939,-250
208000158,1280,3321,-2041
208000186,2292,3464,-1172
208000204,669,889,-220
208000205,1091,685,406
208000282,3370,2668,702
209000004,443,176,267
209000005,50,41,9
209000006,503,152,351
209000007,251,292,-41
209000010,290,109,181
209000011,118,193,-75
209000012,135,115,20
209000013,193,131,62
209000014,341,501,-160
209000025,431,31,400
209000026,809,90,719
209000027,336,394,-58
209000028,274,346,-72
209000029,383,551,-168
209000030,321,703,-382
209000031,1517,1202,315
209000034,188,169,19
209000035,110,135,-25
209000036,208,83,125
209000037,305,132,173
209000038,129,95,34
209000039,62,98,-36
209000040,290,485,-195
209000041,161,344,-183
209000042,292,245,47
209000043,706,559,147
209000044,301,716,-415
209000045,953,387,566
209000046,468,435,33
209000047,365,171,194
209000048,503,332,171
209000049,63,64,-1
209000050,125,58,67
209000051,179,112,67
209000052,110,110,0
209000062,42,41,1
209000063,62,31,31
209000064,32,21,11
209000065,110,23,87
209000066,100,23,77
209000067,111,20,91
209000080,41,140,-99
209000082,73,21,52
209000091,12,69,-57
209000093,46,12,34
209000094,80,178,-98
209000110,34,108,-74
209000111,510,1548,-1038
209000112,1235,373,862
209000113,1801,442,1359
209000114,915,431,484
209000115,40,64,-24
209000116,220,207,13
209000118,12,35,-23
209000119,5,12,-7
209000121,98,258,-160
209000135,41,145,-104
209000142,592,1834,-1242
209000143,47,46,1
209000144,54,113,-59
209000229,208,113,95
209000240,33,153,-120
209000259,47,56,-9
209000260,48,999,-951
209000261,11,670,-659
209000262,5,383,-378
209000263,1,147,-146
209000264,2,357,-355
209000265,383,0,383
209000266,117,4,113
209000267,1791,20,1771
209000268,665,56,609
210000037,85,27,58
210000047,88,13,75
210000048,135,20,115
210000049,76,4,72
210000052,62,30,32
210000053,33,26,7
210000054,47,56,-9
210000070,137,6,131
210000071,81,0,81
210000072,23,0,23
210000073,0,17,-17
210000074,0,74,-74
210000075,5,75,-70
210000076,4,129,-125
210000077,7,49,-42
210000078,27,62,-35
210000079,20,6,14
210000080,42,61,-19
210000081,193,29,164
210000082,150,1,149
210000083,81,3,78
210000084,63,0,63
210000085,0,44,-44
210000086,1,88,-87
210000099,31,172,-141
210000100,52,105,-53
210000101,57,129,-72
210000105,32,140,-108
210000159,2,165,-163
210000163,90,189,-99
210000164,260,248,12
210000168,124,81,43
210000187,0,24,-24
210000188,1,12,-11
210000214,23,0,23
210000219,54,42,12
210000220,118,17,101
210000232,0,16,-16
210000233,38,39,-1
210000234,33,62,-29
210000235,56,51,5
210000245,3,31,-28
210000246,11,0,11
210000258,9,97,-88
210000259,288,69,219
210000282,74,223,-149
210000285,0,92,-92
210000286,20,127,-107
210000290,2,3,-1
210000295,40,100,-60
210000296,40,26,14
210000320,230,44,186
210000321,164,49,115
210000338,28,40,-12
210000339,201,954,-753
210000340,134,323,-189
210000341,189,248,-59
210000342,180,172,8
210000343,160,159,1
210000344,140,97,43
210000345,150,166,-16
210000346,53,105,-52
210000347,34,49,-15
210000348,106,31,75
210000349,20,23,-3
210000350,150,65,85
210000351,149,99,50
210000352,67,29,38
210000353,42,70,-28
210000354,77,93,-16
210000355,37,40,-3
210000356,15,46,-31
210000357,29,51,-22
210000358,209,188,21
210000359,80,81,-1
210000360,175,100,75
210000361,174,107,67
210000362,268,175,93
210000363,449,230,219
210000364,93,140,-47
210000365,140,51,89
210000366,117,45,72
210000367,76,41,35
210000368,134,49,85
210000369,24,27,-3
210000370,43,25,18
210000372,9,14,-5
210000373,11,18,-7
210000374,29,29,0
210000375,44,51,-7
210000376,63,89,-26
210000404,39,134,-95
210000439,32,30,2
210000472,58,2,56
210000482,56,124,-68
210000564,176,250,-74
210000567,0,18,-18
210000568,220,1,219
211000092,41,22,19
211000094,42,4,38
211000169,205,23,182
211000172,21,125,-104
211000209,2,19,-17
211000226,4,6,-2
211000270,11,8,3
211000275,23,18,5
211000276,97,21,76
211000279,22,17,5
211000281,110,21,89
211507980,3,55,-52
211977296,61,2,59
212000003,107,14,93
212000004,17,24,-7
212000005,3,14,-11
212000006,21,49,-28
212000008,169,82,87
212000009,37,78,-41
212000012,71,64,7
212000013,32,20,12
212000014,225,104,121
212000015,272,191,81
212000016,498,421,77
212000027,581,284,297
212000028,405,283,122
212000029,214,151,63
212000030,57,16,41
212000031,70,22,48
212000048,44,175,-131
212000049,20,151,-131
212000050,22,11,11
212000051,180,119,61
212000052,185,129,56
212000053,353,275,78
212000054,370,74,296
212000055,339,125,214
212000056,17,31,-14
212000057,8,27,-19
212000058,113,26,87
212000070,139,163,-24
212000077,89,352,-263
212000099,310,174,136
212000108,151,93,58
212000111,236,55,181
212000120,76,43,33
212000138,141,20,121
212000156,4,69,-65
212000158,10,21,-11
212000159,569,44,525
212000160,876,193,683
212000161,48,6,42
212000310,49,8,41
212000311,16,40,-24
212000374,37,17,20
213000001,44,377,-333
213000005,520,134,386
213000006,854,260,594
213000007,78,13,65
213000009,498,381,117
213000010,207,234,-27
213000011,193,86,107
213000012,198,212,-14
213000014,81,14,67
213000015,266,7,259
213000016,439,2,437
213000017,105,0,105
213000018,3,75,-72
213000019,0,91,-91
213000020,129,277,-148
213000021,2,82,-80
213000023,436,218,218
213000033,349,1460,-1111
213000034,567,179,388
213000035,123,174,-51
213000045,195,222,-27
213000046,144,157,-13
213000047,467,1177,-710
213000056,116,21,95
213000069,98,0,98
213000073,0,55,-55
213000074,59,330,-271
213000075,524,5,519
213000076,20,1,19
213000085,10,34,-24
213000086,16,152,-136
213000091,292,14,278
213000092,73,7,66
213000099,146,975,-829
213000100,892,203,689
213000101,478,108,370
213000102,584,205,379
213000103,798,565,233
213000104,60,265,-205
213000105,6,193,-187
213000106,24,81,-57
213000107,156,316,-160
213000108,32,287,-255
213000109,13,149,-136
213000110,12,70,-58
213000111,5,78,-73
213000112,109,99,10
213000115,67,10,57
213000116,42,260,-218
213000117,14,392,-378
213000118,544,210,334
213000119,50,536,-486
213000120,104,281,-177
213000122,102,323,-221
213000123,302,776,-474
213000124,156,1148,-992
213000125,192,18,174
213000126,44,102,-58
213000127,94,229,-135
213000128,242,990,-748
213000129,370,789,-419
213000130,864,348,516
213000132,612,80,532
213000133,728,83,645
213000134,967,25,942
213000136,508,29,479
213000137,719,47,672
213000139,116,20,96
213000147,62,10,52
213000148,17,11,6
213000149,33,7,26
213000150,1,161,-160
213000151,2,170,-168
213000152,0,122,-122
213000153,9,113,-104
213000154,52,449,-397
213000155,61,189,-128
213000156,152,293,-141
213000157,969,336,633
213000158,421,692,-271
213000159,728,310,418
213000163,1294,110,1184
213000165,911,310,601
213000171,0,28,-28
213000172,1,122,-121
213000173,1,124,-123
213000174,2,88,-86
213000175,17,48,-31
213000176,132,36,96
213000177,156,8,148
213000178,221,7,214
213000179,294,3,291
213000180,221,1,220
213000184,66,421,-355
213000188,389,91,298
213000189,477,32,445
213000190,885,542,343
213000191,465,262,203
213000192,254,199,55
213000193,501,281,220
213000194,0,98,-98
213000195,35,298,-263
213000196,317,1196,-879
213000197,526,432,94
213000198,38,2,36
213000200,141,559,-418
213000201,40,44,-4
213000202,16,363,-347
213000203,2158,552,1606
213000204,780,47,733
213000205,475,76,399
213000206,339,43,296
213000207,112,14,98
213000208,66,3,63
213000209,171,2,169
213000210,220,2,218
213000211,2,22,-20
213000212,5,50,-45
213000213,12,69,-57
213000218,247,313,-66
213000219,609,12,597
213000220,475,17,458
213000223,167,185,-18
213000224,44,57,-13
213000225,112,17,95
213000226,81,12,69
213000227,899,129,770
213000228,477,77,400
213000229,104,21,83
213000230,358,21,337
213000232,45,720,-675
213000233,16,854,-838
213000234,2,103,-101
213000293,13,94,-81
213000294,115,19,96
213000295,5,100,-95
213000296,58,17,41
213000297,8,67,-59
213000298,24,64,-40
213000299,53,27,26
213000300,6,10,-4
213000303,1,25,-24
213000304,2,17,-15
213000305,3,25,-22
213000306,48,25,23
213000307,119,64,55
213000308,77,143,-66
213000309,139,38,101
213000310,484,193,291
213000311,207,654,-447
213000315,74,79,-5
213000316,128,43,85
213000322,122,68,54
213000323,118,56,62
213000324,117,38,79
213000325,101,62,39
213000326,94,47,47
213000327,98,49,49
213000328,74,137,-63
213000329,132,46,86
213000340,139,303,-164
213000341,655,60,595
213000347,503,527,-24
213000348,4,132,-128
213000349,24,17,7
213000350,277,661,-384
213000366,86,191,-105
213000367,248,13,235
213000379,61,51,10
213000386,17,264,-247
213000406,101,286,-185
213000417,1312,458,854
213000425,256,50,206
213000426,216,57,159
213000427,75,126,-51
213000428,75,80,-5
213000429,10,4,6
213000430,111,364,-253
213000431,28,0,28
213000432,6,35,-29
213000433,27,107,-80
213000434,134,81,53
213000435,151,70,81
213000436,45,39,6
213000437,2,13,-11
213000438,170,75,95
213000439,58,13,45
213000440,13,273,-260
213000441,0,2,-2
213000442,3,37,-34
213000443,354,239,115
213000444,50,21,29
213000445,1,64,-63
213000446,2,36,-34
213000447,1,42,-41
213000448,12,154,-142
213000449,612,12,600
213000450,26,31,-5
213000451,316,66,250
213000452,32,13,19
213000453,26,219,-193
213000455,225,1,224
213000456,1,337,-336
213000481,29,19,10
213000484,24,2,22
213000489,262,49,213
213900002,1,105,-104
213900003,161,24,137
213900013,5,66,-61
213900015,0,15,-15
213900016,15,9,6
213900020,23,57,-34
213900030,0,53,-53
213900032,170,168,2
213900033,161,36,125
213900034,683,55,628
213900035,233,261,-28
213900036,133,90,43
213900037,44,198,-154
213900038,486,130,356
213900039,0,32,-32
213900041,2,154,-152
213900042,203,307,-104
213900043,314,107,207
213900244,66,0,66
213900245,0,14,-14
218000003,47,28,19
218000004,19,16,3
218000005,18,38,-20
218000006,48,36,12
218000007,21,14,7
218000012,98,106,-8
218000013,116,148,-32
218000014,297,272,25
218000019,533,434,99
218000020,249,348,-99
218000021,23,32,-9
218000022,15,14,1
218000023,1,7,-6
218000024,6,1,5
218000025,6,7,-1
218000026,3,18,-15
218000027,1,7,-6
218000028,2,3,-1
218000029,3,2,1
218000030,15,10,5
218000031,7,7,0
218000032,1,19,-18
218000040,6,7,-1
218000046,42,66,-24
218000047,10,116,-106
218000048,101,79,22
218000049,107,67,40
218000050,303,215,88
218000051,79,189,-110
218000052,1,65,-64
218000053,4,10,-6
218000054,9,109,-100
218000055,6,31,-25
218000056,19,45,-26
218000057,3,28,-25
218000064,0,6,-6
218000065,88,21,67
218000066,13,32,-19
218000067,69,48,21
218000068,119,54,65
218000069,256,73,183
218000070,259,171,88
218000071,156,148,8
218000072,196,200,-4
218000078,726,319,407
218000079,161,60,101
218000080,172,33,139
218000081,654,172,482
218000082,52,81,-29
218000083,95,56,39
218000084,151,74,77
218000085,189,213,-24
218000086,64,78,-14
218000087,187,76,111
218000090,15,104,-89
218000091,959,414,545
218000092,124,92,32
218000093,88,49,39
218000094,366,313,53
218000099,304,669,-365
218000100,333,272,61
218000101,335,111,224
218000102,430,120,310
218000103,108,73,35
218000104,90,25,65
218000105,10,14,-4
218000106,12,12,0
218000107,75,29,46
218000108,1,32,-31
218000112,35,33,2
218000117,60,63,-3
218000134,525,353,172
218000135,37,81,-44
218000136,174,131,43
218000137,181,100,81
218000138,51,99,-48
218000139,147,232,-85
218000140,539,217,322
218000141,82,45,37
218000142,193,131,62
218000143,79,324,-245
218000144,44,130,-86
218000145,508,259,249
218000146,109,119,-10
218000151,19,20,-1
218000152,133,38,95
218000153,6,8,-2
218000154,14,4,10
218000155,42,1,41
218000156,92,12,80
218000157,43,15,28
218000158,12,12,0
218000159,2,9,-7
218000160,6,5,1
218000161,45,10,35
218000162,49,7,42
218000163,10,2,8
218000164,67,4,63
218000165,78,46,32
218000170,7,24,-17
218000171,55,19,36
218000172,7,7,0
218000173,23,24,-1
218000174,18,21,-3
218000176,236,41,195
218000177,465,230,235
218000178,103,201,-98
218000179,134,45,89
218000180,126,33,93
218000181,238,22,216
218000187,13,42,-29
218000188,31,47,-16
218000189,32,56,-24
218000190,22,19,3
218000191,164,40,124
218000192,304,100,204
218000193,405,246,159
218000194,88,217,-129
218000195,120,42,78
218000196,333,176,157
218000197,527,201,326
218000198,32,79,-47
218000199,63,24,39
218000200,79,40,39
218000201,30,10,20
218000202,48,289,-241
218000207,2,6,-4
218000208,22,27,-5
218000211,31,24,7
218000212,1,10,-9
218000213,98,92,6
218000214,8,31,-23
218000215,36,42,-6
218000217,3,35,-32
218000218,209,72,137
218000219,36,31,5
218000220,32,393,-361
218000221,486,198,288
218000222,2,51,-49
218000223,47,478,-431
218000224,4,166,-162
218000225,200,21,179
218000226,263,64,199
218000230,0,5,-5
218000232,28,31,-3
218000239,119,22,97
218000240,11,5,6
218000241,20,2,18
218000242,14,4,10
218000243,22,6,16
218000244,41,6,35
218000245,21,1,20
218000246,0,0,0
218000247,0,2,-2
218000248,0,24,-24
218000249,0,12,-12
218000250,3,9,-6
218000251,4,64,-60
218000252,6,195,-189
218000253,6,189,-183
218000254,0,95,-95
218000255,3,21,-18
218000256,5,122,-117
218000267,295,630,-335
218000268,5,48,-43
218000269,2,15,-13
218000270,29,14,15
218000271,12,26,-14
218000273,34,2,32
218000274,20,2,18
218000275,28,44,-16
218000276,12,22,-10
218000278,8,29,-21
218000279,39,32,7
218000280,2,9,-7
218000281,20,12,8
218000282,444,546,-102
218000284,47,4,43
218000301,84,75,9
218000302,152,35,117
218000303,25,40,-15
218000316,700,581,119
218000317,1330,577,753
218000318,1011,381,630
218000319,966,494,472
218000320,738,433,305
218000338,35,35,0
218000345,67,38,29
218000346,20,144,-124
218000459,45,184,-139
218000490,27,49,-22
218000501,123,33,90
218000502,57,25,32
218000503,95,20,75
218000504,135,23,112
218000505,50,68,-18
218000506,25,135,-110
218000508,7,9,-2
218000510,116,17,99
218000520,120,81,39
218000521,2,37,-35
218000522,1,75,-74
218000523,148,1,147
218000524,9,388,-379
218000525,115,34,81
218000526,24,253,-229
218000529,22,57,-35
218000530,29,4,25
218000531,15,14,1
218000532,21,9,12
218000534,230,21,209
218000537,21,68,-47
218000538,92,299,-207
218000540,185,72,113
218000543,179,46,133
218000544,23,49,-26
218000545,80,84,-4
218000546,54,50,4
218000547,81,144,-63
218000548,97,88,9
218000549,522,406,116
218000550,157,172,-15
218000551,72,713,-641
218000552,253,49,204
218000553,19,93,-74
218000554,27,34,-7
218000555,21,32,-11
218000556,135,105,30
218000557,353,57,296
218000558,56,2,54
218000559,0,40,-40
218000560,0,41,-41
218000561,8,0,8
218000562,36,150,-114
218000563,197,16,181
218000564,6,253,-247
218000565,154,49,105
218000566,148,46,102
218000567,4,117,-113
218000568,69,3,66
218000569,5,207,-202
218000570,73,9,64
218000571,3,88,-85
218000572,124,4,120
218000573,5,233,-228
218000574,47,28,19
218000575,70,0,70
218000576,0,89,-89
218000577,86,0,86
218000578,1,82,-81
218000579,41,29,12
218000581,6,32,-26
218000582,75,8,67
218000583,17,1,16
218000584,2,16,-14
218000585,34,9,25
218000586,9,32,-23
218000587,3,1,2
218000588,0,7,-7
218000589,0,5,-5
218000590,3,3,0
218000591,0,2,-2
218000592,7,1,6
218000593,0,0,0
218000594,0,1,-1
218000595,0,0,0
218000596,0,0,0
218000597,2,1,1
218000598,0,0,0
218000599,3,1,2
218000600,0,0,0
218000601,0,0,0
218000602,0,2,-2
218000603,0,7,-7
218000604,5,0,5
218000605,0,27,-27
218000606,67,1,66
218000607,16,27,-11
218000608,31,19,12
218000609,15,29,-14
218000610,55,6,49
218000611,20,0,20
218000612,1,28,-27
218000613,43,0,43
218000614,0,39,-39
218000615,132,2,130
218000616,1,115,-114
218000617,12,0,12
218000618,6,15,-9
218000619,94,18,76
218000620,18,41,-23
218000621,0,0,0
218000622,0,22,-22
218000623,36,2,34
218000624,1,14,-13
218000625,5,0,5
218000626,0,9,-9
218000628,162,36,126
218000631,39,13,26
218000632,2,110,-108
218000633,67,1,66
218000634,7,12,-5
218000635,22,7,15
218000636,748,581,167
218000637,1019,284,735
218000638,354,17,337
218000639,19,89,-70
218000640,412,28,384
218000641,86,192,-106
218000652,49,46,3
218000653,193,40,153
218000663,4,58,-54
218000675,22,36,-14
218000676,1,17,-16
218000677,24,6,18
218000680,138,208,-70
218000681,370,103,267
218000691,126,84,42
218000693,273,81,192
218000703,4,19,-15
218000718,103,863,-760
218000719,252,549,-297
218000720,21,361,-340
218000721,158,37,121
218000725,6,9,-3
218001214,9,113,-104
218001329,59,42,17
218001330,50,46,4
218001351,32,21,11
218001352,3,12,-9
218001353,11,5,6
218001354,4,14,-10
219000001,32,47,-15
219000002,17,39,-22
219000003,106,42,64
219000004,46,48,-2
219000017,78,34,44
219000020,183,23,160
219000022,111,5,106
219000023,86,2,84
219000029,0,65,-65
219000034,35,23,12
219000039,71,103,-32
219000040,51,87,-36
219000041,103,10,93
219000051,1,34,-33
219000052,0,29,-29
219000053,2,82,-80
219000054,302,264,38
219000055,233,3,230
219000056,5,2,3
219000057,77,0,77
219000062,20,53,-33
219000063,100,11,89
219000064,3,52,-49
219000110,317,63,254
219000111,78,31,47
219000112,202,32,170
219000113,151,39,112
219000114,120,59,61
219000116,79,33,46
219000117,133,40,93
219000118,107,40,67
219000123,167,51,116
219000124,61,29,32
219000125,8,6,2
219000126,49,113,-64
219000127,0,4,-4
219000128,27,96,-69
219000129,26,114,-88
219000130,229,318,-89
219000131,537,914,-377
219000133,47,42,5
219000134,9,19,-10
219000135,15,76,-61
219000136,109,206,-97
219000138,77,27,50
219000139,70,15,55
219000140,82,1,81
219000141,35,44,-9
219000142,18,37,-19
219000143,11,30,-19
219000145,23,58,-35
219000146,9,15,-6
219000147,0,21,-21
219000148,4,15,-11
219000149,5,34,-29
219000150,0,25,-25
219000151,2,13,-11
219000157,250,101,149
219000158,136,134,2
219000161,108,5,103
219000163,1002,423,579
219000166,97,181,-84
219000167,78,112,-34
219000168,255,79,176
219000174,476,132,344
219000175,116,8,108
219000176,135,5,130
219000177,95,3,92
219000178,71,0,71
219000179,30,13,17
219000180,35,30,5
219000182,128,14,114
219000183,74,19,55
219000184,117,10,107
219000185,0,29,-29
219000186,81,16,65
219000187,60,80,-20
219000189,61,162,-101
219000190,36,195,-159
219000191,277,1201,-924
219000192,160,111,49
219000193,142,122,20
219000195,4,43,-39
219000196,11,86,-75
219000198,12,66,-54
219000199,26,94,-68
219000200,33,74,-41
219000201,63,110,-47
219000203,9,95,-86
219000204,83,181,-98
219000205,49,190,-141
219000207,65,195,-130
219000209,22,38,-16
219000210,13,50,-37
219000213,4,97,-93
219000239,164,140,24
219000240,210,328,-118
219000241,150,86,64
219000242,33,82,-49
219000243,56,158,-102
219000244,16,44,-28
219000245,24,28,-4
219000246,27,22,5
219000247,181,20,161
219000248,470,310,160
219000249,147,85,62
219000250,145,98,47
219000251,504,223,281
219000252,208,165,43
219000253,374,82,292
219000255,114,84,30
219000256,228,60,168
219000257,106,0,106
219000262,44,66,-22
219000263,61,49,12
219000267,2,38,-36
219000268,1,3,-2
219000269,2,1,1
219000270,4,1,3
219000271,124,6,118
219000278,3,10,-7
219000279,0,1,-1
219000283,0,17,-17
219000295,17,56,-39
219000296,56,221,-165
219000297,7,45,-38
219000298,8,39,-31
219000299,422,58,364
219000300,19,72,-53
219000301,135,282,-147
219000302,18,238,-220
219000307,25,25,0
219000308,45,43,2
219000311,239,63,176
219000312,544,126,418
219000313,447,45,402
219000314,42,136,-94
219000315,372,31,341
219000316,559,48,511
219000317,138,11,127
219000320,1,50,-49
219000321,0,24,-24
219000323,0,54,-54
219000325,6,6,0
219000326,76,51,25
219000327,51,23,28
219000328,30,47,-17
219000329,303,81,222
219000330,49,31,18
219000331,58,20,38
219000332,170,122,48
219000333,29,3,26
219000335,82,1,81
219000337,27,0,27
219000338,36,0,36
219000344,15,54,-39
219000345,40,48,-8
219000346,42,41,1
219000348,154,89,65
219000349,50,96,-46
219000350,117,253,-136
219000351,5,9,-4
219000352,324,73,251
219000353,135,32,103
219000354,231,56,175
219000355,181,42,139
219000356,598,1433,-835
219000363,192,58,134
219000364,92,61,31
219000365,112,17,95
219000366,183,388,-205
219000368,262,485,-223
219000370,742,639,103
219000371,9,34,-25
219000382,5,5,0
219000383,294,1172,-878
219000385,326,371,-45
219000386,467,1333,-866
219000387,10,14,-4
219000390,0,0,0
219000391,2,0,2
219000397,44,23,21
219000398,55,35,20
219000401,11,91,-80
219000402,22,54,-32
219000403,120,277,-157
219000404,12,95,-83
219000407,2,29,-27
219000409,58,26,32
219000410,93,37,56
219000411,43,11,32
219000446,76,282,-206
219000447,0,17,-17
219000448,6,4,2
219000452,82,102,-20
219000453,41,153,-112
219000454,138,309,-171
219000556,315,56,259
219000558,72,70,2
219000590,26,145,-119
219000591,133,79,54
219000592,76,225,-149
219000595,2,7,-5
219000635,199,23,176
219000636,25,25,0
219000657,19,37,-18
219000658,35,158,-123
219000673,2,49,-47
219000676,11,7,4
219000679,52,22,30
219000684,93,1,92
219000685,0,38,-38
219000686,0,6,-6
219000688,1,36,-35
219000689,23,172,-149
219000690,132,22,110
219000691,51,125,-74
219000692,129,22,107
219000693,1,11,-10
219000694,23,0,23
219000695,43,2,41
219000698,16,1,15
219000699,0,19,-19
219000727,0,60,-60
219000728,49,1,48
219000770,27,0,27
219000771,1,24,-23
219000788,18,21,-3
219001150,0,42,-42
219001151,0,4,-4
219001166,16,39,-23
219001167,0,52,-52
220000001,46,68,-22
220000002,8,48,-40
220000003,220,121,99
220000004,339,250,89
220000005,577,1771,-1194
220000006,208,691,-483
220000007,340,258,82
220000008,320,386,-66
220000009,238,244,-6
220000010,100,88,12
220000011,399,2687,-2288
220000012,61,296,-235
220000014,104,52,52
220000015,50,268,-218
220000017,41,179,-138
220000018,3311,1951,1360
220000019,60,269,-209
220000020,353,196,157
220000021,692,116,576
220000022,835,254,581
220000023,371,153,218
220000024,1376,354,1022
220000025,1074,1510,-436
220000026,246,514,-268
220000027,18,100,-82
220000028,48,45,3
220000029,22,85,-63
220000030,51,56,-5
220000031,486,253,233
220000064,27,747,-720
221000046,36,22,14
221000047,0,2,-2
221000048,0,0,0
221000049,0,8,-8
221000050,13,0,13
221000055,23,40,-17
221000057,54,6,48
221000068,291,110,181
221000069,327,43,284
221000070,168,11,157
221000071,98,8,90
221000072,231,13,218
221000073,153,28,125
221000074,0,16,-16
221000075,12,11,1
221000076,12,15,-3
221000077,12,68,-56
221000081,19,5,14
221000082,80,3,77
221000083,13,5,8
221000084,4,7,-3
221000085,13,45,-32
221000086,12,60,-48
221000087,1,96,-95
221000088,9,142,-133
221000089,18,203,-185
221000090,54,412,-358
221000098,72,6,66
221000099,152,7,145
221000100,87,1,86
221000101,152,11,141
221000102,135,21,114
221000109,4,102,-98
221000110,12,57,-45
221000111,20,62,-42
221000112,8,80,-72
221000113,18,82,-64
221000114,17,114,-97
221000120,34,27,7
221000121,7,54,-47
221000122,44,53,-9
221000123,5,7,-2
221000124,16,71,-55
221000155,128,17,111
221000156,40,13,27
221000175,0,5,-5
221000176,3,5,-2
221000182,66,2,64
221000241,446,233,213
221000242,153,260,-107
221000243,390,130,260
221000244,317,232,85
221000245,95,68,27
221000246,31,132,-101
221000247,87,68,19
221000248,100,62,38
221000267,45,497,-452
221000325,33,74,-41
221000331,4,44,-40
221000338,19,35,-16
221000378,292,23,269
221000381,34,34,0
222000282,5,7,-2
222000296,3,19,-16
222000568,421,28,393
222000569,243,74,169
222000570,207,32,175
222000571,554,28,526
222000577,15,100,-85
222000578,46,108,-62
222000579,22,85,-63
222000580,78,504,-426
222000599,0,117,-117
222000600,1,169,-168
222000601,5,589,-584
222000603,8,45,-37
222000604,6,32,-26
222000605,13,25,-12
222000606,3,17,-14
222000607,5,3,2
222000608,8,23,-15
222000609,56,98,-42
222000616,574,30,544
222000617,12,16,-4
222000618,6,10,-4
222000620,10,13,-3
222000621,34,21,13
222000623,605,16,589
222000624,411,3,408
222000625,700,15,685
222000636,68,8,60
222000686,19,24,-5
222000687,43,16,27
222001066,366,4,362
222001067,26,3,23
222001068,107,15,92
222001069,76,26,50
222001082,38,20,18
222001083,32,40,-8
222001084,0,15,-15
222001085,1,200,-199
222001111,91,70,21
222001112,193,47,146
222001313,31,12,19
222001314,14,104,-90
222001464,64,31,33
222001465,9,50,-41
222001484,147,30,117
222001485,8,54,-46
222001494,746,111,635
222001495,140,115,25
222001496,464,70,394
222001497,82,189,-107
222001502,22,51,-29
222001503,155,33,122
222001504,29,206,-177
222001505,386,5,381
222001506,51,269,-218
222001507,323,35,288
222001510,733,45,688
222001511,56,183,-127
222001514,893,172,721
222001515,198,329,-131
222001518,480,68,412
222001519,56,131,-75
222001527,228,44,184
222001528,74,100,-26
222001529,415,40,375
222001530,92,123,-31
222001533,99,191,-92
222001534,519,49,470
222001535,342,210,132
222001536,59,96,-37
222001537,369,57,312
222001538,58,258,-200
222001563,936,105,831
222001564,63,266,-203
222001568,212,202,10
222001576,0,4,-4
222001579,0,10,-10
222001583,13,51,-38
222001584,118,5,113
222001596,645,1063,-418
222001597,2022,402,1620
222001626,0,93,-93
222001650,32,198,-166
222001651,22,556,-534
222001914,257,57,200
222001915,51,131,-80
222900004,464,249,215
222900009,274,398,-124
222900019,146,200,-54
222900024,53,11,42
222900025,5,18,-13
225000001,393,136,257
225000002,648,142,506
225000003,660,70,590
225000004,443,143,300
225000005,76,40,36
225000006,1,113,-112
225000007,798,923,-125
225000010,285,10,275
225000011,296,1064,-768
225000012,273,619,-346
225000013,87,79,8
225000014,713,87,626
225000015,89,108,-19
225000021,621,121,500
225000027,146,317,-171
225000032,572,72,500
225000042,47,385,-338
225000049,46,40,6
225000050,67,13,54
225000053,6,243,-237
225000058,535,153,382
225000067,225,118,107
225000068,118,153,-35
225000069,78,247,-169
225000070,118,232,-114
225000071,29,89,-60
225000075,22,446,-424
225000076,26,87,-61
225000078,50,27,23
225000085,81,80,1
225000086,253,45,208
225000087,114,13,101
225000088,10,131,-121
225000089,132,819,-687
225000090,37,378,-341
225000091,148,77,71
225000092,26,38,-12
225000093,187,171,16
225000094,24,110,-86
225000095,242,216,26
225000096,204,272,-68
225000098,796,223,573
225000099,346,126,220
225000100,427,78,349
225000104,61,241,-180
225000110,1,249,-248
225000111,166,526,-360
225000112,238,784,-546
225000113,174,435,-261
225000114,95,188,-93
225000115,733,421,312
225000116,570,141,429
225000117,642,203,439
225000118,1083,217,866
225000119,281,61,220
225000120,649,20,629
225000121,192,21,171
225000123,381,11,370
225000125,466,89,377
225000126,486,126,360
225000127,469,1326,-857
225000128,334,743,-409
225000132,292,39,253
225000133,222,25,197
225000134,485,128,357
225000135,59,14,45
225000136,329,16,313
225000137,239,50,189
225000138,341,99,242
225000143,26,127,-101
225000144,3,203,-200
225000145,23,21,2
225000146,33,37,-4
225000147,20,101,-81
225000148,2,115,-113
225000149,48,255,-207
225000151,22,99,-77
225000155,273,240,33
225000156,143,650,-507
225000157,219,232,-13
225000158,48,126,-78
225000171,1,99,-98
225000180,29,2,27
225000181,0,47,-47
225000182,65,3,62
225000185,17,302,-285
225000187,29,280,-251
225000191,77,1,76
225000194,0,5,-5
225000208,2,41,-39
225000209,98,15,83
225000210,10,181,-171
225000217,0,6,-6
225000218,8,1,7
225000223,0,27,-27
225000224,29,0,29
225000225,1,10,-9
225000226,24,0,24
225000227,16,45,-29
225000228,11,7,4
225000229,0,28,-28
225000230,13,0,13
225000231,0,32,-32
225000232,106,0,106
225000241,35,1,34
225000242,2,22,-20
225000249,2,1,1
225000250,30,340,-310
225000251,406,33,373
225000254,4,1,3
225000256,1,18,-17
225000257,2,9,-7
226000042,137,224,-87
226000043,31,202,-171
226000044,81,226,-145
226000045,43,151,-108
226000046,467,58,409
226000047,381,50,331
226000048,306,71,235
226000049,259,142,117
226000070,0,16,-16
226000071,0,33,-33
226000072,0,15,-15
226000073,0,2,-2
226000074,0,3,-3
226000084,1,20,-19
226000085,0,3,-3
226000086,3,7,-4
226000087,7,9,-2
226000088,14,38,-24
226000090,169,94,75
226000091,19,57,-38
226000092,6,27,-21
226000093,15,7,8
226000094,8,2,6
226000095,11,2,9
226000105,5,1,4
226000106,11,1,10
226000107,9,0,9
226000108,19,2,17
226000109,104,0,104
226000124,123,46,77
226000134,901,370,531
226000135,1731,501,1230
226000136,582,345,237
226000137,3,141,-138
226000138,7,67,-60
226000139,1,39,-38
226000156,147,3,144
226000157,185,6,179
226000163,77,157,-80
226000202,9,112,-103
226000231,360,15,345
226000232,36,4,32
227000033,424,48,376
227000036,535,36,499
227000037,373,26,347
227000038,161,29,132
227000084,1,54,-53
227000085,0,26,-26
227000088,55,4,51
227000089,73,2,71
227000090,30,1,29
227000091,29,0,29
227000092,21,0,21
227000093,129,0,129
227000094,14,0,14
227000130,16,93,-77
227000131,10,106,-96
227000132,6,82,-76
227000133,12,93,-81
227000134,11,126,-115
227000152,0,4,-4
227000153,0,43,-43
227000154,0,35,-35
227000155,2,16,-14
227000156,0,6,-6
227000165,2,54,-52
227000196,492,130,362
227000199,437,252,185
227000230,7,182,-175
227000232,606,14,592
227000242,25,295,-270
227000243,483,77,406
227000245,11,180,-169
227000246,82,186,-104
227000247,410,53,357
227000248,111,35,76
227000249,17,85,-68
227000250,251,137,114
227000251,72,110,-38
227000252,24,127,-103
227000253,171,18,153
227000262,512,44,468
227000266,1482,9,1473
227000267,28,644,-616
227000282,2,75,-73
227000284,728,14,714
227000286,8,47,-39
227000291,11,247,-236
227000296,147,215,-68
227000484,190,15,175
227000485,20,474,-454
227000655,232,5,227
227000656,595,32,563
227000657,107,12,95
227000704,170,4,166
229000265,13,10,3
229000266,0,0,0
229000267,13,0,13
229000268,35,0,35
229000269,23,0,23
229000274,0,28,-28
229000275,1,28,-27
229000276,0,11,-11
229000277,1,5,-4
229000278,3,7,-4
229000295,5,16,-11
229000296,3,10,-7
229000297,6,15,-9
229000298,5,116,-111
229000320,13,8,5
229000321,13,16,-3
229000412,15,89,-74
229000414,3,44,-41
229000415,17,3,14
229000416,1,8,-7
229000417,3,14,-11
229000419,91,285,-194
229000440,306,83,223
229000442,26,14,12
229000443,15,3,12
229000444,3,16,-13
229000445,51,7,44
229000446,87,30,57
229000491,0,6,-6
229000492,12,43,-31
229000493,5,46,-41
229000494,46,1,45
229000495,160,2,158
229000496,96,2,94
229000507,0,71,-71
229000508,0,24,-24
229000509,0,42,-42
229000510,7,31,-24
229000511,2,35,-33
229000512,1,26,-25
229000513,0,4,-4
229000514,0,2,-2
229000517,4,7,-3
229000518,35,18,17
229000519,0,2,-2
229000520,11,13,-2
229000521,67,21,46
229000522,8,10,-2
229000523,17,4,13
229000524,11,4,7
229000527,1,1,0
229000528,0,0,0
229000529,4,0,4
229000530,67,1,66
229000531,38,4,34
229000532,16,0,16
229000533,94,1,93
229000534,41,0,41
229000564,62,0,62
229000565,23,0,23
229000566,1,7,-6
229000567,1,23,-22
229000582,77,1,76
229000583,6,0,6
229000584,0,35,-35
229000585,3,62,-59
229000718,0,2,-2
229000719,0,0,0
229000720,0,6,-6
229000721,0,1,-1
229000722,0,0,0
229000723,0,1,-1
229000724,0,1,-1
229000725,0,1,-1
229000738,1,0,1
229000739,1,0,1
229000740,3,0,3
229000741,36,0,36
229000742,9,0,9
229000743,6,0,6
229000744,1,0,1
229000745,2,0,2
229000746,16,0,16
229000847,54,1,53
229000848,13,0,13
229000849,102,2,100
229000851,58,1,57
229000854,0,15,-15
229000856,0,29,-29
229000857,0,10,-10
229000858,1,13,-12
229000919,16,57,-41
229000930,1,213,-212
229000937,77,12,65
229000966,58,22,36
229000981,25,22,3
229000985,18,29,-11
229000986,5,2,3
229000987,0,1,-1
229000988,0,2,-2
229000989,9,9,0
229000990,1,2,-1
229000991,1,1,0
229000992,23,5,18
229000993,181,19,162
229000998,17,50,-33
229000999,120,8,112
229001034,1,16,-15
229001035,4,4,0
229001036,3,43,-40
229001037,39,2,37
229001038,0,10,-10
229001039,3,1,2
229001040,0,35,-35
229001041,53,0,53
229001042,31,21,10
229001047,11,37,-26
229001050,47,19,28
229001168,1,30,-29
229001200,28,3,25
229001338,6,19,-13
229001394,162,4,158
229001422,104,19,85
229001423,27,49,-22
229001431,23,20,3
229001432,33,59,-26
229001444,318,154,164
229001445,33,110,-77
229001479,49,5,44
229001503,227,51,176
229001504,114,68,46
229001505,106,14,92
229001506,79,64,15
229001509,30,2,28
229001510,5,20,-15
229001545,94,6,88
229001546,12,72,-60
229001553,91,21,70
229001554,24,46,-22
229001630,61,8,53
229001631,13,17,-4
229001635,1,13,-12
229001636,9,1,8
229001658,0,75,-75
229001659,58,4,54
229001660,4,1,3
229001661,9,17,-8
229001662,16,0,16
229001663,0,18,-18
229002584,209,167,42
229002831,177,145,32
229002841,16,22,-6
229002842,19,23,-4
229002843,73,22,51
229002844,40,70,-30
229002845,21,75,-54
229002846,26,8,18
229002847,1,10,-9
229002848,6,16,-10
229002849,4,84,-80
229002850,10,1,9
229002851,24,144,-120
229002852,134,17,117
229002853,126,11,115
229002854,35,73,-38
229002855,4,28,-24
229002856,48,15,33
229002857,15,149,-134
229002858,13,3,10
229002859,30,96,-66
229002860,141,9,132
229002861,65,20,45
229002862,16,25,-9
229002863,41,3,38
229002864,39,17,22
229002865,12,15,-3
229002866,16,20,-4
229002867,5,26,-21
229002868,6,13,-7
229002869,25,96,-71
229002870,96,13,83
235000066,228,34,194
235000067,104,59,45
235000072,32,60,-28
235000073,123,304,-181
235000074,58,21,37
235000080,16,55,-39
235000081,151,45,106
235000082,157,24,133
235000083,308,46,262
235000084,27,41,-14
235000085,179,42,137
235000089,19,18,1
235000092,48,87,-39
235000093,10,6,4
235000097,2,6,-4
235000098,70,7,63
235000099,27,11,16
235000116,30,21,9
235000117,383,13,370
235000133,16,585,-569
235000134,14,234,-220
235000206,10,6,4
235000207,1,4,-3
235000208,0,1,-1
235000209,6,2,4
235000210,7,2,5
235000212,4,14,-10
235000213,0,6,-6
235000220,2,3,-1
235000221,60,11,49
235000238,15,90,-75
235000239,4,21,-17
235000242,310,737,-427
235000245,301,137,164
235000246,11,60,-49
235000284,9,127,-118
235000295,72,20,52
235000305,293,21,272
235000306,273,15,258
235000307,22,0,22
235000308,19,0,19
235000309,55,0,55
235000310,53,1,52
235000311,99,28,71
235000322,0,50,-50
235000323,0,28,-28
235000324,1,21,-20
235000325,5,470,-465
235000326,3,128,-125
235000351,3,70,-67
235000352,10,53,-43
235000353,11,28,-17
235000354,8,62,-54
235000355,8,108,-100
235000356,86,5,81
235000357,46,4,42
235000358,77,9,68
235000359,15,5,10
235000360,40,8,32
235000361,60,5,55
235000381,93,49,44
235000382,212,23,189
235000390,16,7,9
235000391,151,15,136
235000392,198,220,-22
235000393,147,127,20
235000395,122,22,100
235000396,495,57,438
235000400,160,43,117
235000401,16,132,-116
235000405,76,108,-32
235000406,47,104,-57
235000407,46,49,-3
235000409,141,66,75
235000410,23,174,-151
235000411,2,22,-20
235000485,1,9,-8
235000486,20,1,19
235000549,134,68,66
235000550,111,89,22
235000599,164,33,131
235000600,6,16,-10
235000601,11,17,-6
235000602,76,38,38
235000614,1,3,-2
235000648,0,10,-10
235000649,27,9,18
235000685,1,8,-7
235000815,22,219,-197
235000834,0,4,-4
235000855,61,42,19
235000862,32,94,-62
235000891,0,14,-14
235000892,8,2,6
235000901,65,49,16
235000907,20,12,8
235001010,93,38,55
235001029,266,178,88
235001030,253,221,32
235001078,92,66,26
235001079,35,62,-27
235001147,1,35,-34
235001166,10,44,-34
235001167,58,32,26
235001169,15,238,-223
235001188,1,7,-6
235001189,7,0,7
235001197,4,15,-11
235001200,84,52,32
235001207,66,14,52
235001208,8,7,1
235001209,5,40,-35
235001210,11,67,-56
235001215,9,48,-39
235001239,2,22,-20
235001244,0,6,-6
235016267,0,66,-66
241900007,39,1,38
277101746,0,2,-2
277102712,8,0,8
277103813,0,0,0
277103898,0,2,-2
277104249,0,0,0
277104250,0,0,0
277104251,0,3,-3
277104252,0,1,-1
990011530,0,149,-149
990014944,5,223,-218
990015176,24,6,18
990015618,0,95,-95
990016032,0,258,-258
990032570,3,311,-308
990070001,92,25,67
990070103,0,3,-3
990070601,0,49,-49
990070751,1223,2,1221
990070766,1,233,-232
990071180,438,112,326
990071343,18,0,18
990071387,0,13,-13
990071823,567,7,560
990072600,3,1392,-1389
990072964,0,387,-387
990073285,0,2,-2
990074393,0,538,-538
990074870,1437,5,1432
990075106,977,70,907
990075746,513,4,509
990076437,1797,30,1767
990076458,1,319,-318
997000007,560,11,549
997000041,1,215,-214
997000058,58,0,58
997000062,34,0,34
997000069,0,3,-3
997000070,0,10,-10
997000100,42,0,42
997000141,8,2068,-2060
997000198,4,988,-984
998000475,0,2,-2
998000736,1,93,-92
998000965,0,10,-10
998001031,0,62,-62
998001700,0,4,-4
998001899,0,3,-3
998001900,4,1,3
998003073,1230,7,1223
998101900,0,0,0
998102850,1,315,-314
998501927,720,1232,-512
998501929,124,1,123
998501930,37,0,37
998501931,161,2,159
998501932,6,0,6
998501933,68,3,65
998501937,23,1,22
998501944,7,1,6
998501950,0,0,0
998501970,89,6,83
998501971,0,90,-90
998501973,0,21,-21
998501974,2,153,-151
998501975,133,12,121
998501976,62,1,61
998501977,0,19,-19
998501978,18,0,18
998501979,0,18,-18
998501980,71,1,70
998501981,52,28,24
998501982,0,112,-112
998501983,0,0,0
998502006,0,0,0
998502024,0,1,-1
998502032,0,0,0
998502062,20,1,19
998502063,0,0,0
998502173,9,0,9
998502269,0,5,-5
998601159,1,68,-67
998601292,0,8,-8
999033574,0,147,-147
999800001,86,46,40
999800002,0,3,-3
999800003,9,3,6
999800004,0,3,-3
999800005,0,6,-6
