dong,insum,outsum,diff
강남구 개포1동,58,146,-88
강남구 개포2동,1346,5354,-4008
강남구 개포4동,170,1036,-866
강남구 논현1동,11468,9000,2468
강남구 논현2동,3568,3577,-9
강남구 대치1동,4662,4264,398
강남구 대치2동,8068,5775,2293
강남구 대치4동,5680,4325,1355
강남구 도곡1동,2848,3473,-625
강남구 도곡2동,1227,1153,74
강남구 삼성1동,8115,4708,3407
강남구 삼성2동,3146,3696,-550
강남구 세곡동,1913,7040,-5127
강남구 수서동,6476,1584,4892
강남구 신사동,5138,3540,1598
강남구 압구정동,10738,7126,3612
강남구 역삼1동,26291,12601,13690
강남구 역삼2동,3452,4721,-1269
강남구 일원1동,364,534,-170
강남구 일원2동,121,131,-10
강남구 일원본동,1257,2991,-1734
강남구 청담동,6095,6286,-191
강동구 강일동,710,6745,-6035
강동구 고덕제1동,383,1595,-1212
강동구 고덕제2동,1127,1667,-540
강동구 길동,1856,2411,-555
강동구 둔촌제1동,1,20,-19
강동구 둔촌제2동,1702,2985,-1283
강동구 명일제1동,2358,3264,-906
강동구 명일제2동,975,2093,-1118
강동구 상일동,4433,4600,-167
강동구 성내제1동,1528,2716,-1188
강동구 성내제2동,3893,3145,748
강동구 성내제3동,1938,2776,-838
강동구 암사제1동,755,3670,-2915
강동구 암사제2동,42,37,5
강동구 암사제3동,9,3,6
강동구 천호제1동,556,1489,-933
강동구 천호제2동,5803,3539,2264
강동구 천호제3동,1171,549,622
강북구 미아동,2100,4265,-2165
강북구 번1동,13657,12495,1162
강북구 번2동,643,3042,-2399
강북구 번3동,674,4952,-4278
강북구 삼각산동,893,2833,-1940
강북구 삼양동,1153,5118,-3965
강북구 송중동,15706,15833,-127
강북구 송천동,2636,4749,-2113
강북구 수유1동,831,3572,-2741
강북구 수유2동,1134,5773,-4639
강북구 수유3동,6520,3589,2931
강북구 우이동,646,3942,-3296
강북구 월곡제1동,31,39,-8
강북구 인수동,920,5631,-4711
강서구 가양제1동,2510,2240,270
강서구 가양제2동,331,961,-630
강서구 가양제3동,152,780,-628
강서구 공항동,2061,2846,-785
강서구 등촌제1동,2659,5378,-2719
강서구 등촌제2동,1103,3331,-2228
강서구 등촌제3동,3386,4925,-1539
강서구 발산제1동,2838,4745,-1907
강서구 방화제1동,1675,3702,-2027
강서구 방화제2동,1124,1030,94
강서구 방화제3동,13,536,-523
강서구 염창동,648,1935,-1287
강서구 우장산동,2604,4309,-1705
강서구 화곡본동,808,1353,-545
강서구 화곡제1동,5343,10124,-4781
강서구 화곡제2동,228,1227,-999
강서구 화곡제3동,3022,2319,703
강서구 화곡제4동,797,2129,-1332
강서구 화곡제6동,3111,4363,-1252
강서구 화곡제8동,2640,1808,832
관악구 낙성대동,2493,3698,-1205
관악구 난곡동,639,5044,-4405
관악구 난향동,585,3303,-2718
관악구 남현동,6739,4362,2377
관악구 대학동,2147,6216,-4069
관악구 미성동,1378,5373,-3995
관악구 보라매동,1233,2532,-1299
관악구 삼성동,1469,7463,-5994
관악구 서림동,1109,4800,-3691
관악구 서원동,8223,3780,4443
관악구 성현동,209,1323,-1114
관악구 신림동,13884,6909,6975
관악구 신사동,1492,4255,-2763
관악구 신원동,58,428,-370
관악구 은천동,1530,3920,-2390
관악구 인헌동,250,562,-312
관악구 조원동,5106,3914,1192
관악구 중앙동,2793,1525,1268
관악구 청룡동,4972,1947,3025
관악구 청림동,86,720,-634
관악구 행운동,5753,4127,1626
광진구 광장동,807,705,102
광진구 구의제1동,1832,2519,-687
광진구 구의제2동,1173,2531,-1358
광진구 구의제3동,466,283,183
광진구 군자동,2778,5232,-2454
광진구 능동,2823,2581,242
광진구 자양제1동,652,896,-244
광진구 자양제2동,430,2839,-2409
광진구 자양제3동,483,1123,-640
광진구 자양제4동,4631,3754,877
광진구 중곡제1동,1543,2632,-1089
광진구 중곡제2동,883,1791,-908
광진구 중곡제3동,825,2420,-1595
광진구 중곡제4동,378,725,-347
광진구 화양동,8567,4081,4486
구로구 가리봉동,1134,2061,-927
구로구 개봉제1동,2280,5374,-3094
구로구 개봉제2동,2231,3486,-1255
구로구 개봉제3동,154,1383,-1229
구로구 고척제1동,2374,5240,-2866
구로구 고척제2동,1057,5081,-4024
구로구 구로제1동,636,2128,-1492
구로구 구로제2동,5219,6316,-1097
구로구 구로제3동,13176,3352,9824
구로구 구로제4동,1356,1859,-503
구로구 구로제5동,2767,2113,654
구로구 수궁동,2300,3622,-1322
구로구 신도림동,13525,4449,9076
구로구 오류제1동,1094,2509,-1415
구로구 오류제2동,181,512,-331
구로구 항동,5,7,-2
금천구 가산동,2833,4571,-1738
금천구 독산제1동,3206,8989,-5783
금천구 독산제2동,1065,4314,-3249
금천구 독산제3동,1697,4822,-3125
금천구 독산제4동,874,1243,-369
금천구 미성동,19,92,-73
금천구 시흥제1동,3159,9434,-6275
금천구 시흥제2동,373,2205,-1832
금천구 시흥제3동,804,2168,-1364
금천구 시흥제4동,80,1048,-968
금천구 시흥제5동,684,3603,-2919
노원구 공릉1동,4184,4162,22
노원구 공릉2동,2401,3510,-1109
노원구 상계10동,3294,1668,1626
노원구 상계1동,1786,3139,-1353
노원구 상계2동,4844,2620,2224
노원구 상계3.4동,42,2032,-1990
노원구 상계5동,1181,1948,-767
노원구 상계6.7동,3888,3610,278
노원구 상계8동,406,1481,-1075
노원구 상계9동,858,1768,-910
노원구 월계1동,6211,5744,467
노원구 월계2동,624,3943,-3319
노원구 월계3동,685,2862,-2177
노원구 중계1동,928,3573,-2645
노원구 중계2.3동,2236,3415,-1179
노원구 중계4동,2238,1992,246
노원구 중계본동,724,4691,-3967
노원구 하계1동,3219,4917,-1698
노원구 하계2동,2215,3304,-1089
도봉구 도봉제1동,1594,3366,-1772
도봉구 도봉제2동,5982,5876,106
도봉구 방학제1동,3073,7360,-4287
도봉구 방학제2동,342,3587,-3245
도봉구 방학제3동,625,3533,-2908
도봉구 쌍문제1동,531,5126,-4595
도봉구 쌍문제2동,1561,3692,-2131
도봉구 쌍문제3동,1107,547,560
도봉구 쌍문제4동,341,3612,-3271
도봉구 창제1동,10369,4615,5754
도봉구 창제2동,737,4036,-3299
도봉구 창제3동,886,3405,-2519
도봉구 창제4동,3544,2598,946
도봉구 창제5동,4335,5893,-1558
동대문구 답십리제1동,1426,2835,-1409
동대문구 답십리제2동,1629,3266,-1637
동대문구 면목제5동,1,7,-6
동대문구 용신동,11190,12730,-1540
동대문구 이문제1동,2030,4340,-2310
동대문구 이문제2동,676,2009,-1333
동대문구 장안제1동,4175,4256,-81
동대문구 장안제2동,1757,5783,-4026
동대문구 전농제1동,2782,5241,-2459
동대문구 전농제2동,1004,2552,-1548
동대문구 제기동,5361,6289,-928
동대문구 청량리동,10001,6035,3966
동대문구 회기동,1392,1583,-191
동대문구 휘경제1동,2749,3705,-956
동대문구 휘경제2동,3405,5993,-2588
동작구 노량진제1동,9510,5672,3838
동작구 노량진제2동,4753,3732,1021
동작구 대방동,3114,4774,-1660
동작구 사당제1동,4840,4353,487
동작구 사당제2동,4213,4444,-231
동작구 사당제3동,41,1032,-991
동작구 사당제4동,22,57,-35
동작구 사당제5동,164,1033,-869
동작구 상도제1동,3729,6724,-2995
동작구 상도제2동,1778,3898,-2120
동작구 상도제3동,682,2039,-1357
동작구 상도제4동,349,2493,-2144
동작구 신대방제1동,366,711,-345
동작구 신대방제2동,1843,3682,-1839
동작구 흑석동,3867,5694,-1827
마포구 공덕동,1841,2633,-792
마포구 대흥동,3747,3871,-124
마포구 도화동,1711,1002,709
마포구 망원제1동,783,2542,-1759
마포구 망원제2동,797,2045,-1248
마포구 상암동,5699,8424,-2725
마포구 서강동,1210,1335,-125
마포구 서교동,33499,11275,22224
마포구 성산제1동,1126,3901,-2775
마포구 성산제2동,2048,6790,-4742
마포구 신수동,198,707,-509
마포구 아현동,3608,4143,-535
마포구 연남동,316,783,-467
마포구 염리동,288,439,-151
마포구 용강동,2774,2563,211
마포구 합정동,5431,3162,2269
서대문구 남가좌제1동,2018,3767,-1749
서대문구 남가좌제2동,1094,6626,-5532
서대문구 북가좌제1동,819,2586,-1767
서대문구 북가좌제2동,1422,5187,-3765
서대문구 북아현동,1924,2526,-602
서대문구 신촌동,26473,13317,13156
서대문구 연희동,8942,18006,-9064
서대문구 천연동,2373,3109,-736
서대문구 충현동,3827,6368,-2541
서대문구 홍은제1동,1996,5037,-3041
서대문구 홍은제2동,2142,7431,-5289
서대문구 홍제제1동,1481,1575,-94
서대문구 홍제제2동,4343,5998,-1655
서대문구 홍제제3동,1175,2453,-1278
서초구 내곡동,766,2829,-2063
서초구 반포1동,6958,5315,1643
서초구 반포2동,1048,1278,-230
서초구 반포3동,5377,2596,2781
서초구 반포4동,4456,1876,2580
서초구 반포본동,2471,2827,-356
서초구 방배1동,2326,1315,1011
서초구 방배2동,1343,1427,-84
서초구 방배3동,787,1358,-571
서초구 방배4동,1978,1943,35
서초구 방배본동,691,1552,-861
서초구 서초1동,2239,1718,521
서초구 서초2동,9504,7747,1757
서초구 서초3동,3533,3026,507
서초구 서초4동,14567,6107,8460
서초구 양재1동,9709,10352,-643
서초구 양재2동,2559,6852,-4293
서초구 잠원동,4454,7610,-3156
성동구 금호1가동,275,989,-714
성동구 금호2.3가동,575,634,-59
성동구 금호4가동,633,1083,-450
성동구 마장동,608,1179,-571
성동구 사근동,1191,246,945
성동구 성수1가제1동,464,1158,-694
성동구 성수1가제2동,1021,659,362
성동구 성수2가제1동,223,1366,-1143
성동구 성수2가제3동,2005,1400,605
성동구 송정동,138,223,-85
성동구 옥수동,482,898,-416
성동구 왕십리도선동,4424,1660,2764
성동구 왕십리제2동,1123,1922,-799
성동구 용답동,2416,2124,292
성동구 응봉동,261,1442,-1181
성동구 행당제1동,3035,1313,1722
성동구 행당제2동,1394,1771,-377
성북구 길음제1동,4899,6884,-1985
성북구 길음제2동,2472,5980,-3508
성북구 돈암제1동,5358,6669,-1311
성북구 돈암제2동,143,2951,-2808
성북구 동선동,15750,10432,5318
성북구 보문동,1724,2574,-850
성북구 삼선동,9999,9978,21
성북구 석관동,1184,3722,-2538
성북구 성북동,1929,2319,-390
성북구 안암동,1997,1691,306
성북구 월곡제1동,2420,3951,-1531
성북구 월곡제2동,2040,2351,-311
성북구 장위제1동,394,5063,-4669
성북구 장위제2동,1844,3208,-1364
성북구 장위제3동,762,2141,-1379
성북구 정릉제1동,1342,4183,-2841
성북구 정릉제2동,1731,6742,-5011
성북구 정릉제3동,2238,3928,-1690
성북구 정릉제4동,1430,7254,-5824
성북구 종암동,3611,7812,-4201
송파구 가락1동,406,483,-77
송파구 가락2동,2042,4561,-2519
송파구 가락본동,5532,6719,-1187
송파구 거여1동,494,1169,-675
송파구 거여2동,143,664,-521
송파구 마천1동,175,1750,-1575
송파구 마천2동,605,4004,-3399
송파구 문정1동,518,2899,-2381
송파구 문정2동,8329,8629,-300
송파구 방이1동,790,2412,-1622
송파구 방이2동,4468,3287,1181
송파구 삼전동,2136,3598,-1462
송파구 석촌동,5698,8531,-2833
송파구 송파1동,2872,3806,-934
송파구 송파2동,525,1046,-521
송파구 오금동,1889,5027,-3138
송파구 오륜동,1856,1670,186
송파구 위례동,1387,7844,-6457
송파구 잠실2동,1230,920,310
송파구 잠실3동,12365,4739,7626
송파구 잠실4동,99,279,-180
송파구 잠실6동,5349,1755,3594
송파구 잠실7동,2791,1462,1329
송파구 잠실본동,9096,6751,2345
송파구 장지동,972,2807,-1835
송파구 풍납1동,1181,1154,27
송파구 풍납2동,758,2669,-1911
양천구 목1동,8957,4541,4416
양천구 목2동,5329,6262,-933
양천구 목3동,2257,4916,-2659
양천구 목4동,1907,5300,-3393
양천구 목5동,1618,3897,-2279
양천구 신월1동,348,1358,-1010
양천구 신월2동,638,3189,-2551
양천구 신월3동,658,1530,-872
양천구 신월4동,958,4167,-3209
양천구 신월5동,662,2489,-1827
양천구 신월6동,219,869,-650
양천구 신월7동,1350,5720,-4370
양천구 신정1동,607,1097,-490
양천구 신정2동,349,720,-371
양천구 신정3동,3630,8970,-5340
양천구 신정4동,6812,4898,1914
양천구 신정6동,501,956,-455
양천구 신정7동,935,2521,-1586
영등포구 당산제1동,2047,1606,441
영등포구 당산제2동,7474,3909,3565
영등포구 대림제1동,938,1865,-927
영등포구 대림제2동,650,996,-346
영등포구 대림제3동,1303,1791,-488
영등포구 도림동,442,2337,-1895
영등포구 문래동,2607,3339,-732
영등포구 신길제1동,574,1318,-744
영등포구 신길제3동,738,2517,-1779
영등포구 신길제4동,417,846,-429
영등포구 신길제5동,1007,1474,-467
영등포구 신길제6동,1315,2647,-1332
영등포구 신길제7동,1070,2416,-1346
영등포구 양평제1동,887,1314,-427
영등포구 양평제2동,973,2113,-1140
영등포구 여의동,7704,4689,3015
영등포구 영등포동,15672,8062,7610
영등포구 영등포본동,3155,2461,694
용산구 남영동,6319,4294,2025
용산구 보광동,628,1857,-1229
용산구 서빙고동,1093,1962,-869
용산구 용문동,96,373,-277
용산구 용산2가동,590,1851,-1261
용산구 원효로제1동,736,1116,-380
용산구 원효로제2동,392,1431,-1039
용산구 이촌제1동,1054,931,123
용산구 이촌제2동,73,296,-223
용산구 이태원제1동,3128,3509,-381
용산구 이태원제2동,947,1353,-406
용산구 청파동,729,1544,-815
용산구 필동,8,1,7
용산구 한강로동,8813,5212,3601
용산구 한남동,7975,7253,722
용산구 효창동,395,704,-309
용산구 후암동,138,1206,-1068
은평구 갈현제1동,576,3084,-2508
은평구 갈현제2동,2868,4957,-2089
은평구 구산동,515,2498,-1983
은평구 녹번동,4945,6304,-1359
은평구 대조동,4658,7726,-3068
은평구 불광제1동,10800,7647,3153
은평구 불광제2동,2291,6129,-3838
은평구 수색동,1805,3231,-1426
은평구 신사제1동,2400,4767,-2367
은평구 신사제2동,1402,3236,-1834
은평구 역촌동,3035,4307,-1272
은평구 응암제1동,1230,3396,-2166
은평구 응암제2동,358,1300,-942
은평구 응암제3동,1668,3115,-1447
은평구 증산동,3642,3324,318
은평구 진관동,6231,11571,-5340
종로구 가회동,0,0,0
종로구 교남동,1170,1733,-563
종로구 무악동,1831,1191,640
종로구 부암동,967,2979,-2012
종로구 사직동,10226,5273,4953
종로구 삼청동,245,206,39
종로구 숭인제1동,46,208,-162
종로구 숭인제2동,4170,3578,592
종로구 이화동,4353,2782,1571
종로구 종로1.2.3.4가동,42951,13441,29510
종로구 종로5.6가동,6216,4419,1797
종로구 창신제1동,6575,4502,2073
종로구 창신제2동,1533,1654,-121
종로구 창신제3동,236,682,-446
종로구 청운효자동,220,983,-763
종로구 충현동,493,446,47
종로구 평창동,1080,2789,-1709
종로구 혜화동,9710,4641,5069
중구 광희동,11391,3632,7759
중구 다산동,795,956,-161
중구 동화동,592,430,162
중구 명동,9997,2365,7632
중구 소공동,10348,3206,7142
중구 신당동,1685,1108,577
중구 신당제5동,1845,1301,544
중구 약수동,647,989,-342
중구 을지로동,2416,640,1776
중구 장충동,746,598,148
중구 중림동,1548,741,807
중구 청구동,1131,768,363
중구 필동,1376,568,808
중구 황학동,540,840,-300
중구 회현동,15634,6133,9501
중랑구 망우본동,2687,5653,-2966
중랑구 망우제3동,299,2557,-2258
중랑구 면목본동,3616,5124,-1508
중랑구 면목제2동,810,2186,-1376
중랑구 면목제3.8동,2612,3958,-1346
중랑구 면목제4동,1320,2618,-1298
중랑구 면목제5동,760,1933,-1173
중랑구 면목제7동,420,2018,-1598
중랑구 묵제1동,2593,3599,-1006
중랑구 묵제2동,277,374,-97
중랑구 상봉제1동,1508,2571,-1063
중랑구 상봉제2동,6825,6944,-119
중랑구 신내1동,1404,9413,-8009
중랑구 신내2동,3566,3760,-194
중랑구 중화제1동,1591,2701,-1110
중랑구 중화제2동,3428,2895,533
NA,112093,215771,-103678
