ID,insum,outsum,diff
100000001,687,1220,-533
100000002,8035,1776,6259
100000003,10570,5041,5529
100000004,2009,1673,336
100000005,3080,6074,-2994
100000006,1103,247,856
100000007,3848,968,2880
100000008,391,785,-394
100000009,1145,1596,-451
100000010,184,512,-328
100000011,1813,152,1661
100000012,179,860,-681
100000013,350,362,-12
100000014,667,430,237
100000015,2306,4093,-1787
100000016,1412,1928,-516
100000017,1211,1301,-90
100000018,2794,946,1848
100000019,7626,3134,4492
100000020,3454,12331,-8877
100000021,7983,3050,4933
100000022,3576,2846,730
100000023,7811,2101,5710
100000025,3538,1276,2262
100000028,3204,1429,1775
100000029,440,348,92
100000030,518,101,417
100000031,7709,12259,-4550
100000032,4680,7693,-3013
100000033,1536,4793,-3257
100000034,1124,771,353
100000035,2976,1569,1407
100000036,3960,2044,1916
100000037,789,733,56
100000038,3041,1591,1450
100000039,2515,426,2089
100000040,562,297,265
100000041,1798,796,1002
100000042,3046,693,2353
100000043,1996,649,1347
100000044,533,783,-250
100000045,1074,1745,-671
100000046,1540,1559,-19
100000047,857,1164,-307
100000048,2511,1101,1410
100000049,2979,3335,-356
100000051,1016,1373,-357
100000053,244,13,231
100000054,813,62,751
100000055,2345,348,1997
100000056,878,805,73
100000057,3135,1146,1989
100000058,1818,1696,122
100000059,35,150,-115
100000060,489,781,-292
100000061,3076,900,2176
100000062,3060,829,2231
100000063,959,420,539
100000064,2049,622,1427
100000065,734,1551,-817
100000066,408,1147,-739
100000067,804,1238,-434
100000068,871,2446,-1575
100000069,670,2346,-1676
100000072,543,1694,-1151
100000073,2121,1975,146
100000075,1004,419,585
100000076,6786,4099,2687
100000077,620,382,238
100000078,119,74,45
100000079,75,130,-55
100000080,53,48,5
100000081,183,168,15
100000102,5268,2375,2893
100000103,9218,1801,7417
100000104,8319,3479,4840
100000105,4986,2004,2982
100000106,3998,3248,750
100000107,1570,1276,294
100000108,1694,1275,419
100000109,6181,1694,4487
100000116,2310,1398,912
100000117,158,98,60
100000118,3023,1327,1696
100000119,918,892,26
100000121,396,655,-259
100000122,2275,1518,757
100000123,5126,7696,-2570
100000124,8789,11455,-2666
100000125,4914,1864,3050
100000126,1501,565,936
100000127,3061,530,2531
100000128,3205,2912,293
100000129,715,589,126
100000130,463,761,-298
100000131,3960,5572,-1612
100000132,2113,4523,-2410
100000133,9826,3906,5920
100000135,725,1399,-674
100000139,702,285,417
100000140,763,388,375
100000142,569,761,-192
100000143,2494,1050,1444
100000144,5518,1248,4270
100000147,1471,3641,-2170
100000150,61,567,-506
100000151,1562,1398,164
100000153,539,590,-51
100000154,290,230,60
100000155,49,76,-27
100000156,528,249,279
100000157,96,72,24
100000158,278,49,229
100000159,643,748,-105
100000165,2460,1070,1390
100000169,700,473,227
100000174,1615,582,1033
100000179,107,758,-651
100000180,11157,2843,8314
100000181,702,404,298
100000188,153,579,-426
100000189,4283,599,3684
100000190,1403,822,581
100000191,1221,724,497
100000192,65,222,-157
100000193,216,224,-8
100000330,2033,1374,659
100000355,488,1053,-565
100000362,7720,4993,2727
100000363,5179,6463,-1284
100000364,487,181,306
100000365,6058,6654,-596
100000366,9332,3748,5584
100000367,7052,6034,1018
100000368,3491,2366,1125
100000369,2580,2952,-372
100000370,471,752,-281
100000376,182,167,15
100000379,6347,2358,3989
100000380,10637,4279,6358
100000384,8941,6955,1986
100000385,7237,6408,829
100000386,12128,7366,4762
100000387,9537,7114,2423
100000388,10813,9609,1204
100000389,11027,9067,1960
100000390,12085,7198,4887
100000391,9008,10226,-1218
100000392,6231,4076,2155
100000393,3976,5363,-1387
100000394,13007,8894,4113
100000395,7778,3666,4112
100000396,11830,3740,8090
100000397,8132,4745,3387
100000398,16442,10720,5722
100900002,12,97,-85
100900003,472,236,236
100900004,34,1366,-1332
100900005,314,22,292
100900006,28,220,-192
100900007,725,21,704
100900008,5,474,-469
100900009,76,109,-33
100900010,268,154,114
100900011,213,418,-205
100900012,2,296,-294
100900013,2013,10,2003
100900014,3,31,-28
100900015,141,147,-6
100900016,23,88,-65
100900017,1499,138,1361
100900018,0,39,-39
100900019,71,550,-479
100900020,652,15,637
100900021,699,4,695
100900022,18,62,-44
100900023,5,107,-102
100900024,1654,16,1638
100900025,27,31,-4
100900026,147,196,-49
100900027,978,4949,-3971
100900028,217,295,-78
100900029,108,33,75
100900030,4,52,-48
100900031,1031,66,965
100900032,300,0,300
100900033,356,311,45
100900034,597,5,592
100900035,1554,5,1549
100900036,39,5,34
100900037,127,354,-227
100900038,226,20,206
100900039,454,839,-385
100900040,539,1020,-481
100900041,809,932,-123
100900042,1552,419,1133
100900043,0,19,-19
100900044,3801,1000,2801
100900045,94,1,93
100900046,2284,25,2259
100900047,1175,322,853
100900048,252,75,177
100900049,94,302,-208
100900050,3,33,-30
100900051,95,106,-11
100900052,761,104,657
100900053,387,36,351
100900054,22,126,-104
100900055,630,904,-274
100900056,317,613,-296
100900057,820,1899,-1079
100900058,448,93,355
100900059,274,13,261
100900060,198,12,186
100900061,536,512,24
100900062,5,82,-77
100900063,254,877,-623
100900064,1383,23,1360
100900065,243,159,84
100900066,88,247,-159
100900067,4,15,-11
100900068,437,148,289
100900069,1962,15,1947
100900070,389,1,388
100900071,1049,446,603
100900072,9,61,-52
100900073,247,642,-395
100900074,8,17,-9
100900075,2567,518,2049
100900076,67,45,22
100900077,39,136,-97
100900078,174,939,-765
100900079,13,32,-19
100900080,52,296,-244
100900081,115,358,-243
100900082,130,813,-683
100900083,15,56,-41
100900085,30,129,-99
100900086,389,2355,-1966
100900088,126,953,-827
100900089,4,27,-23
100900090,197,799,-602
100900091,6,41,-35
100900092,579,497,82
100900093,305,833,-528
100900094,144,769,-625
100900095,5,36,-31
100900096,84,114,-30
100900097,0,13,-13
100900098,20,32,-12
100900099,76,867,-791
100900100,21,453,-432
100900101,482,94,388
100900102,150,138,12
100900103,27,40,-13
100900104,14,248,-234
100900105,31,419,-388
100900106,53,9,44
100900107,2815,1080,1735
100900108,21,44,-23
100900109,44,77,-33
100900110,5,17,-12
100900111,73,262,-189
100900112,0,18,-18
100900113,25,41,-16
100900114,27,25,2
100900115,13,71,-58
100900116,1257,1763,-506
100900117,361,1147,-786
100900118,51,46,5
100900119,17,56,-39
100900120,13,27,-14
100900121,394,1282,-888
100900122,205,324,-119
100900123,143,345,-202
100900124,4,10,-6
100900125,27,119,-92
100900126,156,472,-316
100900127,1,13,-12
100900128,148,277,-129
100900129,0,134,-134
100900131,155,333,-178
100900133,148,106,42
100900134,3,8,-5
100900135,3,226,-223
100900137,475,268,207
100900138,965,672,293
100900139,29,17,12
100900140,7,879,-872
100900141,6,514,-508
100900142,1,30,-29
100900143,1536,608,928
100900144,25,10,15
100900145,423,278,145
100900146,18,75,-57
100900147,35,433,-398
100900148,40,1083,-1043
100900149,31,225,-194
100900150,7,83,-76
100900151,186,742,-556
100900152,281,35,246
100900153,15,276,-261
100900154,23,84,-61
100900155,13,32,-19
100900156,55,7,48
100900157,11,252,-241
100900159,4,41,-37
100900160,17,25,-8
100900161,161,18,143
100900162,52,377,-325
100900163,265,331,-66
100900164,58,99,-41
100900165,28,112,-84
100900166,66,24,42
100900167,25,144,-119
100900168,74,177,-103
100900169,202,1285,-1083
100900170,69,14,55
100900171,49,832,-783
100900172,0,8,-8
100900173,8,680,-672
100900174,1181,93,1088
100900176,1922,313,1609
100900177,1015,539,476
100900178,980,215,765
100900179,218,252,-34
100900180,4,0,4
100900181,169,183,-14
100900182,89,59,30
100900184,27,298,-271
100900186,1136,862,274
100900187,10,165,-155
100900188,41,27,14
100900189,1807,268,1539
100900191,2121,1619,502
100900192,450,342,108
100900195,214,248,-34
100900197,158,175,-17
100900198,42,326,-284
100900199,1,6,-5
100900200,927,501,426
100900201,139,1165,-1026
100900202,66,1,65
100900203,0,137,-137
100900204,2539,1397,1142
100900205,250,691,-441
100900206,216,191,25
100900207,318,177,141
100900210,160,866,-706
100900211,718,310,408
100900213,125,65,60
100900214,1129,213,916
100900215,16,89,-73
100900217,174,129,45
101000001,6355,3550,2805
101000002,6489,7563,-1074
101000003,1092,3666,-2574
101000004,14207,12204,2003
101000005,6366,7110,-744
101000006,11092,11689,-597
101000007,3811,5088,-1277
101000008,7214,4124,3090
101000009,3166,2275,891
101000010,1416,1931,-515
101000011,3796,1132,2664
101000012,2029,959,1070
101000013,813,1655,-842
101000014,862,1032,-170
101000015,1349,1208,141
101000016,903,781,122
101000017,1052,747,305
101000018,6038,4216,1822
101000020,6194,1757,4437
101000021,2351,522,1829
101000022,643,161,482
101000023,3060,1159,1901
101000025,299,679,-380
101000026,701,32,669
101000027,3164,2645,519
101000028,1745,260,1485
101000029,431,1686,-1255
101000030,2785,123,2662
101000031,1452,862,590
101000032,15638,4366,11272
101000033,4613,4515,98
101000034,5069,2240,2829
101000035,1606,1025,581
101000036,2605,1094,1511
101000037,6140,1988,4152
101000039,4437,3454,983
101000040,4734,4620,114
101000041,18049,9460,8589
101000042,1354,1851,-497
101000043,13065,9338,3727
101000045,3222,1077,2145
101000046,6784,1294,5490
101000047,4702,2874,1828
101000048,1764,1238,526
101000049,1658,2365,-707
101000050,4779,4259,520
101000051,3759,3332,427
101000052,2639,1315,1324
101000053,1810,3174,-1364
101000054,3410,2274,1136
101000055,2186,2197,-11
101000056,87,193,-106
101000057,3177,1381,1796
101000058,2325,1638,687
101000059,5056,2305,2751
101000060,2535,800,1735
101000061,1212,1973,-761
101000062,1011,1053,-42
101000063,981,1232,-251
101000064,2264,1134,1130
101000065,525,574,-49
101000066,1076,725,351
101000067,1679,873,806
101000068,589,516,73
101000069,675,130,545
101000070,2161,1274,887
101000071,3020,1299,1721
101000072,1438,4941,-3503
101000073,1189,971,218
101000074,9859,4717,5142
101000075,8803,4324,4479
101000077,1691,1359,332
101000078,1501,2820,-1319
101000079,991,457,534
101000080,910,494,416
101000081,1811,1984,-173
101000082,4629,4200,429
101000083,3016,3091,-75
101000084,1977,1463,514
101000085,2384,1650,734
101000086,1305,1497,-192
101000087,1201,1845,-644
101000088,1454,1574,-120
101000089,1184,2114,-930
101000090,3081,1796,1285
101000091,505,1509,-1004
101000092,1101,1582,-481
101000093,2332,1188,1144
101000094,1023,1995,-972
101000095,411,1119,-708
101000096,436,867,-431
101000097,1677,556,1121
101000098,1035,914,121
101000099,2108,2097,11
101000100,1694,1366,328
101000101,584,551,33
101000102,2355,526,1829
101000103,1555,763,792
101000104,624,851,-227
101000105,1815,463,1352
101000106,1682,782,900
101000107,229,566,-337
101000108,1658,529,1129
101000109,348,99,249
101000110,54,989,-935
101000111,295,440,-145
101000113,325,1550,-1225
101000114,13457,4675,8782
101000115,362,266,96
101000116,408,484,-76
101000117,2007,491,1516
101000119,164,109,55
101000120,272,60,212
101000121,83,47,36
101000122,174,97,77
101000123,130,103,27
101000124,622,191,431
101000125,334,662,-328
101000128,1601,485,1116
101000130,427,460,-33
101000131,1060,827,233
101000132,743,2037,-1294
101000135,98,37,61
101000136,763,186,577
101000137,71,388,-317
101000141,2756,4495,-1739
101000147,1247,740,507
101000148,2718,41,2677
101000149,337,243,94
101000150,99,1253,-1154
101000151,304,73,231
101000152,466,615,-149
101000153,767,568,199
101000154,474,1961,-1487
101000155,409,213,196
101000156,45,451,-406
101000157,87,83,4
101000160,196,76,120
101000163,446,277,169
101000164,649,474,175
101000165,373,483,-110
101000166,392,667,-275
101000168,1155,589,566
101000252,2230,1264,966
101000254,861,77,784
101000258,39,19,20
101000261,222,18,204
101000262,2020,2128,-108
101000263,707,2060,-1353
101000265,126,988,-862
101000266,593,485,108
101000269,173,23,150
101000290,2491,6242,-3751
101000293,67,142,-75
101000294,818,639,179
101000295,136,944,-808
101000301,1267,670,597
101000304,3489,3424,65
101000305,4655,2524,2131
101000328,8,50,-42
101900001,11,112,-101
101900002,0,21,-21
101900003,101,155,-54
101900004,13,97,-84
101900005,6739,2313,4426
101900006,1247,103,1144
101900007,1176,213,963
101900008,160,565,-405
101900009,122,862,-740
101900010,1331,1023,308
101900011,474,2766,-2292
101900012,243,743,-500
101900013,1822,204,1618
101900017,29,193,-164
101900018,2316,377,1939
101900019,435,176,259
101900020,88,187,-99
101900021,1,80,-79
101900022,192,1907,-1715
101900023,193,325,-132
101900026,142,58,84
101900027,25,183,-158
102000001,6419,6391,28
102000002,4953,1923,3030
102000003,5465,10463,-4998
102000004,12591,4369,8222
102000005,2052,3491,-1439
102000006,2279,2980,-701
102000007,2621,8019,-5398
102000008,8836,2692,6144
102000009,8800,10376,-1576
102000010,8608,5745,2863
102000011,4693,3984,709
102000012,5690,5508,182
102000018,4831,4301,530
102000019,4193,2676,1517
102000026,373,1186,-813
102000029,486,339,147
102000030,239,544,-305
102000031,101,265,-164
102000032,547,534,13
102000033,267,604,-337
102000034,790,668,122
102000035,1634,938,696
102000036,32,528,-496
102000037,334,136,198
102000038,283,348,-65
102000039,409,129,280
102000040,685,342,343
102000041,377,433,-56
102000042,536,418,118
102000043,618,358,260
102000044,1144,665,479
102000045,1139,1600,-461
102000046,1505,915,590
102000047,1260,1751,-491
102000048,544,1307,-763
102000049,1513,1108,405
102000050,1618,1698,-80
102000051,566,933,-367
102000052,2143,1242,901
102000053,1608,1235,373
102000054,731,1179,-448
102000055,1205,1134,71
102000056,1009,2242,-1233
102000057,2060,940,1120
102000058,1581,2519,-938
102000059,2791,2428,363
102000060,2226,1585,641
102000061,2216,3036,-820
102000062,2147,1703,444
102000063,1656,2232,-576
102000064,839,1270,-431
102000065,55,219,-164
102000066,1381,1861,-480
102000067,4465,5255,-790
102000068,14544,4411,10133
102000069,111,2224,-2113
102000070,2736,69,2667
102000071,11862,13477,-1615
102000072,4889,6531,-1642
102000073,2821,1580,1241
102000074,1539,1419,120
102000075,326,484,-158
102000076,379,1005,-626
102000077,628,1382,-754
102000078,1077,1295,-218
102000079,313,376,-63
102000080,441,398,43
102000081,649,1155,-506
102000082,1115,517,598
102000083,740,537,203
102000084,315,512,-197
102000085,2755,1673,1082
102000086,1359,2556,-1197
102000087,1505,2413,-908
102000088,546,493,53
102000089,1502,572,930
102000090,774,1661,-887
102000091,2372,743,1629
102000092,494,1584,-1090
102000093,716,949,-233
102000094,1325,872,453
102000095,1439,1969,-530
102000096,1094,1152,-58
102000097,1458,1598,-140
102000098,757,1483,-726
102000099,1409,909,500
102000100,1010,1619,-609
102000101,1721,964,757
102000102,495,3242,-2747
102000103,2140,702,1438
102000104,1350,459,891
102000105,341,907,-566
102000106,970,1157,-187
102000107,1372,894,478
102000108,932,354,578
102000109,942,882,60
102000110,974,2099,-1125
102000111,27,414,-387
102000112,266,133,133
102000113,13,50,-37
102000114,1269,494,775
102000115,265,448,-183
102000116,1212,454,758
102000117,698,739,-41
102000118,2305,1333,972
102000119,2947,894,2053
102000120,393,689,-296
102000121,1416,795,621
102000122,937,1285,-348
102000123,2026,1872,154
102000124,2070,1594,476
102000125,1108,1747,-639
102000126,1081,963,118
102000127,1629,1225,404
102000128,999,1400,-401
102000129,2025,1317,708
102000130,957,1054,-97
102000131,2913,1232,1681
102000132,1024,1360,-336
102000133,2235,2701,-466
102000134,822,1107,-285
102000135,1323,1492,-169
102000136,1598,891,707
102000137,1641,1239,402
102000138,535,655,-120
102000139,411,727,-316
102000140,932,542,390
102000141,1187,879,308
102000142,513,556,-43
102000143,182,581,-399
102000144,373,583,-210
102000145,646,667,-21
102000146,555,436,119
102000147,559,728,-169
102000148,313,790,-477
102000149,217,824,-607
102000150,373,251,122
102000151,181,453,-272
102000152,206,236,-30
102000153,1351,579,772
102000154,531,949,-418
102000155,150,447,-297
102000156,560,147,413
102000157,151,348,-197
102000158,886,799,87
102000159,1734,646,1088
102000161,5838,3155,2683
102000162,288,202,86
102000163,185,888,-703
102000164,1764,1539,225
102000165,401,193,208
102000166,102,254,-152
102000167,471,308,163
102000168,411,150,261
102000169,183,981,-798
102000170,1038,286,752
102000171,563,203,360
102000172,557,552,5
102000173,594,405,189
102000174,94,103,-9
102000175,188,211,-23
102000176,68,62,6
102000178,461,687,-226
102000179,755,300,455
102000180,1034,759,275
102000181,773,906,-133
102000182,685,949,-264
102000183,2166,2581,-415
102000184,2367,1217,1150
102000185,2982,1894,1088
102000186,1484,2728,-1244
102000187,2103,2373,-270
102000188,2391,2223,168
102000189,3791,1385,2406
102000190,891,4337,-3446
102000191,1858,765,1093
102000192,1396,2046,-650
102000193,85,256,-171
102000194,136,183,-47
102000195,639,703,-64
102000196,277,702,-425
102000197,824,577,247
102000198,287,1204,-917
102000199,1030,525,505
102000200,416,1569,-1153
102000201,1165,763,402
102000202,8,214,-206
102000203,502,464,38
102000204,568,1237,-669
102000205,1386,794,592
102000206,1214,1198,16
102000207,2428,657,1771
102000208,943,754,189
102000209,86,91,-5
102000210,555,773,-218
102000211,933,551,382
102000212,603,38,565
102000213,8,458,-450
102000214,372,17,355
102000215,11,546,-535
102000216,44,110,-66
102000217,10,239,-229
102000218,312,232,80
102000219,517,435,82
102000225,879,897,-18
102000226,8631,2203,6428
102000227,276,2,274
102000228,1,155,-154
102000229,36,77,-41
102000230,373,703,-330
102000231,538,783,-245
102000232,32,332,-300
102000233,636,1423,-787
102000234,139,1549,-1410
102000236,577,164,413
102000237,1106,209,897
102000238,265,498,-233
102000240,884,843,41
102000241,350,170,180
102000243,27,130,-103
102000245,36,184,-148
102000246,19,42,-23
102000247,1429,1723,-294
102000248,932,1072,-140
102000249,275,234,41
102000250,98,608,-510
102000254,109,532,-423
102000266,116,440,-324
102000271,28,1,27
102000286,772,682,90
102000297,2791,1606,1185
102000299,0,0,0
102000301,0,0,0
102000305,0,0,0
102000307,0,9,-9
102000308,0,2,-2
102900001,1736,1319,417
102900002,454,48,406
102900003,61,307,-246
102900005,482,554,-72
102900006,635,342,293
102900007,537,47,490
102900008,272,157,115
102900009,718,410,308
102900010,1185,730,455
102900011,2718,577,2141
102900012,443,91,352
102900013,60,99,-39
102900015,1059,555,504
102900016,58,111,-53
102900017,284,858,-574
102900018,16,218,-202
102900019,609,712,-103
102900020,152,46,106
102900021,45,167,-122
102900022,782,182,600
102900023,38,104,-66
102900024,50,63,-13
102900025,385,150,235
102900026,954,2316,-1362
102900027,84,98,-14
102900028,217,1027,-810
102900029,252,219,33
102900030,740,421,319
102900031,253,240,13
102900032,152,165,-13
102900033,158,313,-155
102900034,648,155,493
102900035,177,440,-263
102900036,427,820,-393
102900037,418,867,-449
102900038,623,945,-322
102900039,52,791,-739
102900040,202,415,-213
102900041,120,289,-169
102900042,232,488,-256
102900043,268,428,-160
102900044,984,2667,-1683
102900045,140,772,-632
102900046,139,433,-294
102900047,82,808,-726
102900048,875,899,-24
102900049,140,398,-258
102900050,493,563,-70
102900051,299,339,-40
102900052,71,69,2
102900053,567,1071,-504
102900054,1318,1602,-284
102900055,195,229,-34
102900056,211,761,-550
102900057,3,69,-66
102900058,345,104,241
102900059,22,77,-55
102900060,154,634,-480
102900061,179,625,-446
102900062,266,1462,-1196
102900063,1423,635,788
102900064,186,602,-416
102900065,2201,605,1596
102900066,498,77,421
102900068,172,128,44
102900070,391,826,-435
102900072,32,60,-28
102900073,297,16,281
102900075,35,68,-33
102900076,341,182,159
102900077,44,57,-13
102900078,56,142,-86
102900079,258,22,236
102900080,423,72,351
102900081,118,327,-209
102900082,16,311,-295
102900083,342,23,319
102900084,9,37,-28
102900085,428,177,251
102900086,33,65,-32
102900087,164,127,37
102900088,41,36,5
102900089,481,223,258
102900090,4,712,-708
102900091,282,7,275
102900092,462,1415,-953
102900093,360,310,50
102900094,3,123,-120
102900095,81,3,78
102900096,75,24,51
102900097,1,209,-208
103000001,3071,3503,-432
103000002,3549,3750,-201
103000003,5880,3852,2028
103000004,1233,1108,125
103000005,2483,4787,-2304
103000006,789,2250,-1461
103000007,559,1186,-627
103000008,1752,1272,480
103000009,1627,1885,-258
103000010,238,199,39
103000011,2273,1941,332
103000012,1622,1930,-308
103000013,8136,3221,4915
103000014,1906,4092,-2186
103000015,2984,1015,1969
103000016,612,2332,-1720
103000017,217,639,-422
103000018,1338,622,716
103000019,344,365,-21
103000020,3918,2101,1817
103000021,2636,2050,586
103000022,1456,1550,-94
103000023,850,2655,-1805
103000024,158,277,-119
103000025,158,861,-703
103000026,2280,210,2070
103000027,475,894,-419
103000028,816,536,280
103000029,570,518,52
103000030,3109,1390,1719
103000031,2605,3079,-474
103000032,2819,2933,-114
103000033,3865,3862,3
103000034,2474,1631,843
103000035,639,2023,-1384
103000036,672,731,-59
103000037,830,745,85
103000038,683,1530,-847
103000039,398,660,-262
103000040,584,1793,-1209
103000041,2202,3746,-1544
103000042,1551,883,668
103000043,656,1623,-967
103000044,219,327,-108
103000046,303,668,-365
103000047,835,801,34
103000048,203,285,-82
103000049,146,239,-93
103000050,961,962,-1
103000051,689,846,-157
103000052,1136,687,449
103000053,307,812,-505
103000054,3195,1837,1358
103000055,2304,2790,-486
103000056,739,2706,-1967
103000057,499,434,65
103000058,831,1288,-457
103000059,620,1330,-710
103000060,1438,1088,350
103000061,546,1294,-748
103000062,1413,867,546
103000063,892,1152,-260
103000064,177,339,-162
103000065,7,548,-541
103000066,230,16,214
103000069,502,578,-76
103000070,1378,1371,7
103000071,1355,655,700
103000072,167,1265,-1098
103000073,712,178,534
103000074,952,163,789
103000075,184,1104,-920
103000076,443,506,-63
103000077,64,620,-556
103000078,2135,893,1242
103000079,1737,898,839
103000080,1766,533,1233
103000081,707,1430,-723
103000082,657,311,346
103000083,214,449,-235
103000084,277,9,268
103000085,3,209,-206
103000086,1213,549,664
103000087,246,938,-692
103000088,563,443,120
103000089,352,750,-398
103000090,2387,905,1482
103000091,693,578,115
103000092,353,385,-32
103000093,386,622,-236
103000094,232,126,106
103000095,105,455,-350
103000096,751,178,573
103000097,119,971,-852
103000098,1404,268,1136
103000099,605,817,-212
103000100,148,1159,-1011
103000101,1285,189,1096
103000102,99,905,-806
103000103,847,331,516
103000104,87,191,-104
103000105,194,187,7
103000106,23,153,-130
103000107,338,95,243
103000108,833,602,231
103000109,414,390,24
103000110,434,474,-40
103000111,726,562,164
103000112,440,313,127
103000113,1297,949,348
103000114,2890,571,2319
103000115,620,710,-90
103000116,588,739,-151
103000117,299,656,-357
103000118,1455,1167,288
103000119,2184,940,1244
103000120,155,174,-19
103000121,1072,990,82
103000122,1014,611,403
103000125,24,473,-449
103000126,846,13,833
103000127,5,274,-269
103000128,248,10,238
103000129,4,169,-165
103000130,58,75,-17
103000131,305,139,166
103000132,176,295,-119
103000133,22,182,-160
103000134,1057,1118,-61
103000135,1210,392,818
103000136,1028,641,387
103000137,809,800,9
103000138,1109,869,240
103000139,10,113,-103
103000140,158,53,105
103000141,68,172,-104
103000142,209,121,88
103000143,78,334,-256
103000144,248,126,122
103000145,163,135,28
103000150,105,76,29
103000152,335,308,27
103000153,272,201,71
103000156,15,537,-522
103000157,598,4,594
103000159,220,93,127
103000162,210,52,158
103000163,36,60,-24
103000164,88,33,55
103000165,175,584,-409
103000166,297,374,-77
103000167,343,156,187
103000168,85,233,-148
103000169,336,777,-441
103000170,902,716,186
103000171,58,93,-35
103000172,576,496,80
103000173,578,936,-358
103000174,254,525,-271
103000175,253,532,-279
103000176,1186,869,317
103000177,1085,671,414
103000178,380,439,-59
103000179,206,54,152
103000183,212,45,167
103000185,135,122,13
103000186,152,308,-156
103000187,589,712,-123
103000188,19,98,-79
103000189,1866,1344,522
103000191,769,939,-170
103000292,3038,2685,353
103000293,1744,2754,-1010
103000295,172,156,16
103000296,998,15,983
103000297,311,154,157
103000504,301,36,265
103000505,14,41,-27
103000506,0,322,-322
103000507,287,2,285
103000508,109,80,29
103000509,322,843,-521
103900001,9,470,-461
103900002,2230,242,1988
103900003,2734,358,2376
103900004,154,1,153
103900005,2,434,-432
103900006,1,3,-2
103900007,38,9,29
103900008,35,1,34
103900009,336,622,-286
103900010,217,469,-252
103900011,355,257,98
103900012,13,25,-12
103900013,70,120,-50
103900014,73,29,44
103900015,80,30,50
103900016,358,257,101
103900017,78,181,-103
103900018,977,349,628
103900019,109,467,-358
103900020,303,620,-317
103900021,1069,106,963
103900022,1441,910,531
103900023,130,0,130
103900024,170,690,-520
103900025,18,64,-46
103900026,139,1,138
103900027,778,420,358
103900028,23,447,-424
103900029,1448,189,1259
103900030,678,78,600
103900031,28,0,28
103900032,116,91,25
103900033,267,15,252
103900034,31,308,-277
103900035,111,71,40
103900036,60,36,24
103900037,169,94,75
103900038,137,244,-107
103900039,75,535,-460
103900040,8,275,-267
103900041,61,67,-6
103900042,87,499,-412
103900043,194,140,54
103900044,242,361,-119
103900045,367,278,89
103900047,98,35,63
103900048,115,26,89
103900049,333,1892,-1559
103900050,15,119,-104
103900051,1,53,-52
103900052,232,709,-477
103900053,300,1204,-904
103900054,130,739,-609
103900055,568,320,248
103900056,91,98,-7
103900057,54,274,-220
103900058,342,1017,-675
103900059,3,13,-10
103900060,58,336,-278
103900061,136,89,47
103900062,498,151,347
103900063,16,0,16
103900064,119,11,108
103900065,1063,628,435
103900066,177,30,147
103900067,236,11,225
103900068,36,4,32
103900069,166,13,153
103900070,186,390,-204
103900071,27,206,-179
103900072,18,382,-364
103900073,39,34,5
103900074,106,129,-23
103900075,316,143,173
103900076,495,970,-475
103900077,101,132,-31
103900078,361,229,132
103900079,159,353,-194
103900080,20,66,-46
103900081,188,24,164
103900082,23,153,-130
103900083,2366,1482,884
103900084,140,292,-152
103900085,112,157,-45
103900086,772,512,260
103900087,13,58,-45
103900088,504,548,-44
103900089,75,243,-168
103900090,2,275,-273
103900091,1586,372,1214
103900092,1439,669,770
103900093,205,454,-249
103900094,22,195,-173
103900095,943,289,654
103900096,38,370,-332
103900097,12,704,-692
103900098,254,197,57
103900099,81,323,-242
103900100,259,585,-326
103900101,96,1485,-1389
103900102,3,37,-34
103900104,1,41,-40
103900105,162,308,-146
103900106,3,52,-49
103900107,138,338,-200
103900108,46,544,-498
103900109,84,122,-38
103900110,331,65,266
103900111,97,984,-887
103900112,71,109,-38
103900113,140,274,-134
103900114,649,453,196
103900115,341,409,-68
103900116,8614,3434,5180
103900117,215,123,92
103900119,45,76,-31
103900120,121,140,-19
103900122,110,418,-308
103900123,2285,961,1324
103900124,71,755,-684
103900125,171,128,43
103900126,591,687,-96
103900127,182,749,-567
103900128,128,190,-62
103900131,61,180,-119
103900133,1354,128,1226
103900134,2,8,-6
103900135,4,9,-5
103900137,0,75,-75
103900138,100,469,-369
103900139,406,2152,-1746
103900140,4,118,-114
103900141,372,98,274
103900142,221,241,-20
103900143,39,4,35
103900144,1,80,-79
103900145,189,414,-225
103900146,450,482,-32
103900147,551,189,362
103900148,262,350,-88
103900149,346,1073,-727
103900150,10117,5312,4805
103900151,61,228,-167
103900152,588,813,-225
103900153,18,0,18
103900154,1653,2649,-996
103900155,41,379,-338
103900156,52,256,-204
103900157,70,344,-274
103900158,91,309,-218
103900159,209,126,83
103900160,65,37,28
103900161,114,289,-175
103900162,60,301,-241
103900163,25,736,-711
103900167,33,145,-112
103900168,195,165,30
103900169,119,60,59
103900170,3,173,-170
103900171,2,98,-96
103900172,4,50,-46
103900173,16,32,-16
103900174,159,81,78
103900175,103,112,-9
103900176,10,36,-26
103900177,28,59,-31
103900178,69,94,-25
103900179,49,209,-160
103900180,35,170,-135
103900181,108,59,49
103900182,54,33,21
103900184,683,115,568
103900185,388,425,-37
103900187,86,104,-18
103900188,49,30,19
103900189,159,12,147
103900190,144,99,45
103900191,51,80,-29
103900192,33,158,-125
103900193,206,295,-89
103900194,100,383,-283
103900195,4,78,-74
103900196,70,52,18
103900197,23,54,-31
103900198,19,104,-85
103900199,235,75,160
103900200,188,224,-36
103900201,235,325,-90
103900202,11,85,-74
103900203,65,40,25
103900204,6,174,-168
103900207,4,174,-170
103900208,131,1,130
103900209,9,149,-140
103900210,72,53,19
103900211,679,728,-49
103900212,135,545,-410
103900213,166,424,-258
103900214,420,204,216
103900215,605,423,182
103900216,8,592,-584
103900217,609,156,453
103900218,0,484,-484
103900219,226,511,-285
103900233,96,4,92
103900235,102,26,76
103900236,43,3,40
103900242,12,28,-16
103900243,13,23,-10
103900244,180,469,-289
103900245,179,342,-163
103900246,75,87,-12
103900247,101,178,-77
103900248,24,76,-52
103900249,29,93,-64
103900250,54,53,1
103900251,4,54,-50
103900253,62,109,-47
103900254,13,40,-27
103900255,51,43,8
103900256,64,57,7
103900257,231,289,-58
103900258,86,5,81
103900259,208,9,199
103900261,15,10,5
103900262,29,11,18
103900263,66,161,-95
103900264,90,64,26
103900265,98,31,67
103900266,2,124,-122
103900267,10,87,-77
103900268,5,109,-104
103900269,174,38,136
103900270,55,181,-126
103900271,20,191,-171
103900272,70,156,-86
103900273,31,113,-82
103900274,79,32,47
103900275,64,19,45
103900276,8,243,-235
103900277,11,249,-238
103900278,2,7,-5
103900279,0,3,-3
104000001,2900,3111,-211
104000002,2326,4159,-1833
104000003,3455,3468,-13
104000004,4271,3949,322
104000005,1781,2876,-1095
104000006,4101,4281,-180
104000007,5878,5464,414
104000008,391,534,-143
104000009,177,186,-9
104000010,191,319,-128
104000011,862,474,388
104000012,190,554,-364
104000013,253,219,34
104000014,382,908,-526
104000015,394,194,200
104000016,747,558,189
104000018,839,225,614
104000019,708,253,455
104000020,246,874,-628
104000021,337,733,-396
104000022,179,345,-166
104000023,977,579,398
104000024,374,548,-174
104000026,56,526,-470
104000027,507,575,-68
104000028,520,388,132
104000029,536,676,-140
104000030,360,325,35
104000031,1319,564,755
104000032,291,503,-212
104000033,703,620,83
104000034,358,484,-126
104000035,982,570,412
104000036,943,797,146
104000037,360,390,-30
104000038,468,475,-7
104000039,258,443,-185
104000040,572,592,-20
104000041,1054,507,547
104000042,305,567,-262
104000043,468,633,-165
104000044,403,923,-520
104000045,1409,1714,-305
104000046,2030,2216,-186
104000047,1524,1734,-210
104000048,1252,2294,-1042
104000049,838,476,362
104000050,369,984,-615
104000051,226,798,-572
104000052,1926,2423,-497
104000053,1297,756,541
104000054,859,683,176
104000055,5415,3730,1685
104000056,1901,342,1559
104000057,193,714,-521
104000058,1157,1111,46
104000059,801,1713,-912
104000060,1389,1706,-317
104000061,2350,1621,729
104000062,428,216,212
104000064,601,475,126
104000065,346,749,-403
104000069,1793,1227,566
104000070,96,694,-598
104000071,203,695,-492
104000072,852,368,484
104000075,100,444,-344
104000076,912,233,679
104000082,3042,4518,-1476
104000083,1067,314,753
104000084,190,655,-465
104000085,385,463,-78
104000086,270,510,-240
104000087,668,2596,-1928
104000090,1172,1926,-754
104000092,1394,3459,-2065
104000094,1277,2487,-1210
104000095,2689,1955,734
104000096,1933,514,1419
104000097,2098,1379,719
104000098,2157,1633,524
104000100,2133,881,1252
104000101,1575,2867,-1292
104000106,140,869,-729
104000107,767,647,120
104000108,491,888,-397
104000109,444,73,371
104000110,1183,1440,-257
104000111,6118,3109,3009
104000112,3545,764,2781
104000116,7,1801,-1794
104000117,143,1260,-1117
104000118,811,329,482
104000119,740,403,337
104000120,342,1266,-924
104000121,243,1003,-760
104000122,680,1044,-364
104000123,1162,1612,-450
104000124,1250,3308,-2058
104000125,6235,4835,1400
104000126,539,632,-93
104000127,1939,4197,-2258
104000128,1035,667,368
104000129,680,66,614
104000130,19,313,-294
104000131,996,620,376
104000132,1068,776,292
104000133,1514,1324,190
104000134,1413,2336,-923
104000135,529,2767,-2238
104000136,1026,4422,-3396
104000137,1811,533,1278
104000138,1827,658,1169
104000139,9404,3810,5594
104000141,1559,1929,-370
104000142,840,997,-157
104000143,709,780,-71
104000144,78,249,-171
104000145,504,257,247
104000146,466,795,-329
104000147,200,540,-340
104000148,341,186,155
104000149,224,515,-291
104000150,1586,691,895
104000151,768,701,67
104000152,864,933,-69
104000153,823,677,146
104000154,1312,1030,282
104000155,525,629,-104
104000157,1543,1919,-376
104000158,1113,685,428
104000159,974,642,332
104000160,2120,2411,-291
104000161,311,284,27
104000162,59,225,-166
104000165,1894,1389,505
104000167,729,1242,-513
104000168,694,13,681
104000169,154,51,103
104000170,754,714,40
104000248,405,1068,-663
104000251,83,365,-282
104000272,0,0,0
104000273,0,0,0
104000274,0,0,0
104000275,0,0,0
104000279,964,572,392
104000290,230,429,-199
104000291,973,1585,-612
104000293,1056,848,208
104000294,32,0,32
104000295,925,1294,-369
104000296,626,1316,-690
104000297,1065,2589,-1524
104000298,2792,1335,1457
104000299,909,2189,-1280
104900001,185,578,-393
104900002,55,275,-220
104900003,84,478,-394
104900004,134,432,-298
104900005,348,333,15
104900006,391,161,230
104900007,327,361,-34
104900009,194,485,-291
104900010,103,85,18
104900011,74,9,65
104900012,332,73,259
104900013,242,38,204
104900014,4249,526,3723
104900015,174,17,157
104900016,263,423,-160
104900017,258,293,-35
104900018,10,256,-246
104900019,528,3025,-2497
104900020,109,440,-331
104900021,4,314,-310
104900022,11,125,-114
104900023,1,144,-143
104900024,57,128,-71
104900025,110,492,-382
104900026,1,157,-156
104900027,608,434,174
104900028,23,124,-101
104900029,61,140,-79
104900030,727,305,422
104900031,168,313,-145
104900032,40,219,-179
104900033,189,360,-171
104900034,453,229,224
104900035,332,248,84
104900036,231,128,103
104900037,170,374,-204
104900038,782,1087,-305
104900039,1106,428,678
104900040,417,137,280
104900041,267,219,48
104900042,221,427,-206
104900043,17,138,-121
104900044,589,320,269
104900045,516,73,443
104900046,222,236,-14
104900047,385,223,162
104900048,321,133,188
104900049,48,25,23
104900050,406,196,210
104900051,417,58,359
104900052,56,4,52
104900053,528,126,402
104900054,196,110,86
104900055,136,2,134
104900056,244,23,221
104900057,50,1,49
104900058,1639,405,1234
104900059,134,44,90
104900060,2,576,-574
104900061,364,832,-468
104900063,0,138,-138
104900064,1,119,-118
104900065,0,253,-253
104900066,2,375,-373
104900067,9,440,-431
104900068,45,313,-268
104900070,254,431,-177
104900071,2,906,-904
104900072,99,347,-248
104900073,100,394,-294
104900074,76,353,-277
104900075,82,118,-36
104900076,155,530,-375
104900077,1854,303,1551
104900078,226,752,-526
104900079,220,718,-498
104900080,103,613,-510
104900082,14,559,-545
104900085,4,381,-377
104900087,613,9,604
104900089,215,0,215
104900090,1038,770,268
104900091,976,983,-7
104900093,343,766,-423
104900097,4166,2691,1475
104900098,144,57,87
104900099,194,849,-655
104900100,966,439,527
104900102,46,328,-282
104900103,574,144,430
104900104,4450,2359,2091
104900106,121,193,-72
104900107,182,418,-236
104900108,51,447,-396
104900109,152,554,-402
104900110,19,70,-51
104900111,185,233,-48
104900112,314,1179,-865
104900113,746,600,146
104900114,416,852,-436
104900115,820,708,112
104900116,294,323,-29
104900118,37,121,-84
104900119,18,43,-25
104900120,112,260,-148
104900121,0,129,-129
104900122,3,141,-138
104900123,78,8,70
104900124,43,0,43
104900125,652,13,639
104900126,89,108,-19
104900127,40,119,-79
104900128,117,330,-213
104900129,3422,2384,1038
105000001,3061,2201,860
105000002,3085,2458,627
105000003,4972,5044,-72
105000004,940,1714,-774
105000005,1238,1737,-499
105000006,1735,2090,-355
105000007,1796,1901,-105
105000008,2824,3842,-1018
105000009,2786,4631,-1845
105000010,4650,4112,538
105000011,4077,3760,317
105000012,6788,4455,2333
105000013,1409,1797,-388
105000014,2709,3727,-1018
105000015,12552,16256,-3704
105000016,5644,3473,2171
105000017,2921,1256,1665
105000018,2144,2409,-265
105000019,2991,1380,1611
105000020,352,646,-294
105000021,567,184,383
105000022,408,110,298
105000023,803,423,380
105000028,86,176,-90
105000029,729,1625,-896
105000030,6360,5088,1272
105000033,2074,3239,-1165
105000034,354,1236,-882
105000037,962,561,401
105000038,3222,2581,641
105000039,4334,3011,1323
105000040,1492,1597,-105
105000041,1205,2463,-1258
105000042,7696,2105,5591
105000043,3557,3069,488
105000044,727,678,49
105000045,700,1420,-720
105000046,1125,588,537
105000047,709,2143,-1434
105000048,853,341,512
105000049,342,933,-591
105000050,829,583,246
105000051,367,725,-358
105000052,836,1287,-451
105000053,209,276,-67
105000054,713,1547,-834
105000055,1508,532,976
105000056,1907,3672,-1765
105000057,1874,1254,620
105000058,2246,2003,243
105000059,1034,1064,-30
105000060,734,917,-183
105000061,712,848,-136
105000062,1070,1363,-293
105000063,471,787,-316
105000064,1556,1202,354
105000065,564,1052,-488
105000066,1704,2661,-957
105000067,1570,1098,472
105000068,1081,1380,-299
105000069,3779,2113,1666
105000070,1252,940,312
105000071,606,1049,-443
105000072,1240,2726,-1486
105000073,1107,783,324
105000074,1735,1211,524
105000075,1058,1081,-23
105000076,1788,1432,356
105000077,3700,1332,2368
105000078,2097,1809,288
105000079,2469,3155,-686
105000080,2729,1726,1003
105000081,4202,1302,2900
105000082,1889,1530,359
105000083,5170,2510,2660
105000084,1299,1539,-240
105000085,2334,1885,449
105000086,726,1584,-858
105000087,3178,3025,153
105000088,2595,2322,273
105000089,5480,3241,2239
105000090,1541,1200,341
105000091,2552,2289,263
105000092,1129,1448,-319
105000093,707,354,353
105000094,413,384,29
105000095,280,880,-600
105000096,1990,1322,668
105000097,1921,913,1008
105000098,1853,1043,810
105000099,1932,1130,802
105000100,1804,1760,44
105000101,3144,3208,-64
105000102,5426,2289,3137
105000103,3602,3724,-122
105000104,3013,1475,1538
105000105,1816,3348,-1532
105000106,1861,2722,-861
105000107,1376,1475,-99
105000108,1593,2330,-737
105000109,1762,2641,-879
105000110,904,1229,-325
105000111,835,1198,-363
105000112,1423,1342,81
105000113,496,990,-494
105000114,4994,1739,3255
105000115,429,1478,-1049
105000116,922,768,154
105000117,1219,1767,-548
105000118,671,687,-16
105000119,794,1612,-818
105000120,1244,893,351
105000121,1132,1821,-689
105000122,540,960,-420
105000123,1871,2204,-333
105000124,2226,1415,811
105000125,1177,2946,-1769
105000126,2542,2648,-106
105000127,3386,3186,200
105000128,1040,2045,-1005
105000129,1238,521,717
105000130,462,2720,-2258
105000131,1172,705,467
105000132,1018,806,212
105000133,632,1546,-914
105000134,931,774,157
105000135,660,1056,-396
105000136,190,590,-400
105000137,484,368,116
105000138,226,556,-330
105000139,1493,1618,-125
105000140,394,810,-416
105000141,427,950,-523
105000142,234,691,-457
105000143,342,1189,-847
105000144,482,1333,-851
105000145,847,652,195
105000146,815,1459,-644
105000147,677,589,88
105000148,1489,792,697
105000149,2878,3054,-176
105000150,2916,2417,499
105000151,737,603,134
105000152,243,882,-639
105000153,788,1024,-236
105000154,845,1015,-170
105000155,567,1523,-956
105000156,1358,1082,276
105000157,1188,2678,-1490
105000158,2482,1182,1300
105000159,325,1691,-1366
105000160,2086,905,1181
105000161,951,2142,-1191
105000162,898,2435,-1537
105000163,2058,1452,606
105000164,276,439,-163
105000165,2146,6522,-4376
105000166,9631,1298,8333
105000167,3877,2149,1728
105000168,410,1166,-756
105000169,614,649,-35
105000170,357,1898,-1541
105000171,1689,518,1171
105000172,234,99,135
105000173,193,112,81
105000174,157,77,80
105000175,111,213,-102
105000176,551,164,387
105000177,346,276,70
105000178,153,975,-822
105000179,604,307,297
105000180,187,167,20
105000181,116,651,-535
105000182,73,79,-6
105000183,3978,2503,1475
105000184,2017,1770,247
105000185,3067,1138,1929
105000186,941,1405,-464
105000187,1532,361,1171
105000188,854,235,619
105000189,543,709,-166
105000190,408,823,-415
105000191,512,396,116
105000192,408,124,284
105000193,182,229,-47
105000194,292,138,154
105000195,448,1400,-952
105000196,48,231,-183
105000197,313,903,-590
105000198,778,521,257
105000199,462,670,-208
105000200,314,310,4
105000201,171,53,118
105000203,10,311,-301
105000204,91,138,-47
105000205,146,298,-152
105000207,1357,343,1014
105000208,460,710,-250
105000209,291,513,-222
105000212,1505,2155,-650
105000213,309,332,-23
105000214,224,452,-228
105000215,312,342,-30
105000216,158,591,-433
105000217,196,499,-303
105000218,1360,1648,-288
105000221,225,350,-125
105000222,765,86,679
105000223,530,324,206
105000226,112,484,-372
105000227,127,297,-170
105000228,384,2058,-1674
105000229,165,512,-347
105000231,388,423,-35
105000233,1189,1081,108
105000234,951,1905,-954
105000235,482,972,-490
105000237,1059,180,879
105000243,35,344,-309
105000248,169,112,57
105000262,350,2110,-1760
105000269,181,283,-102
105000270,494,119,375
105000271,6,325,-319
105000282,187,69,118
105000287,578,197,381
105000288,744,694,50
105000289,4149,2326,1823
105000290,50,7,43
105000402,6006,4733,1273
105000426,779,743,36
105000438,4445,1435,3010
105000446,20542,8129,12413
105000447,11621,4470,7151
105000454,491,1302,-811
105000455,467,311,156
105000474,30,10,20
105000477,420,705,-285
105000478,2324,4949,-2625
105000479,284,231,53
105000480,8149,5272,2877
105000481,4927,4071,856
105000482,8491,6984,1507
105000483,1871,2248,-377
105000484,3665,3996,-331
105000485,2334,3092,-758
105000486,7306,4122,3184
105000488,11351,6684,4667
105000489,1126,1324,-198
105000549,157,268,-111
105000550,732,2234,-1502
105000551,64,199,-135
105000552,5397,3064,2333
105000555,433,662,-229
105900001,22,1989,-1967
105900002,2152,886,1266
105900003,11,147,-136
105900004,692,172,520
105900005,16,371,-355
105900006,18,144,-126
105900007,361,33,328
105900008,102,850,-748
105900009,49,18,31
105900011,691,54,637
105900012,1153,247,906
105900013,8,45,-37
105900014,15,105,-90
105900015,381,558,-177
105900016,700,863,-163
105900017,1644,88,1556
105900018,238,329,-91
105900019,148,856,-708
105900020,78,104,-26
105900021,105,565,-460
105900022,384,416,-32
105900023,6,188,-182
105900024,22,210,-188
105900025,177,63,114
105900026,414,43,371
105900027,10284,16486,-6202
105900028,716,320,396
105900029,2590,594,1996
105900030,396,405,-9
105900031,595,259,336
105900032,103,207,-104
105900033,194,194,0
105900034,241,389,-148
105900035,401,277,124
105900036,106,252,-146
105900037,72,94,-22
105900038,184,419,-235
105900039,122,200,-78
105900040,106,150,-44
105900041,264,408,-144
105900042,98,176,-78
105900043,2601,112,2489
105900044,6,382,-376
105900045,7,1248,-1241
105900046,11,282,-271
105900047,6,68,-62
105900048,164,987,-823
105900050,14124,3542,10582
105900051,33,1763,-1730
105900052,802,606,196
105900053,5548,3561,1987
105900054,517,404,113
105900056,1096,553,543
105900057,63,225,-162
105900058,18,31,-13
105900059,0,43,-43
106000001,6303,3547,2756
106000002,3765,7394,-3629
106000003,4953,5276,-323
106000004,2920,4168,-1248
106000005,3678,7857,-4179
106000006,8242,6907,1335
106000007,665,790,-125
106000008,499,455,44
106000009,704,550,154
106000010,775,797,-22
106000011,1043,1587,-544
106000012,1066,2025,-959
106000013,2109,2908,-799
106000014,2292,2504,-212
106000015,1616,1727,-111
106000016,1689,3197,-1508
106000017,842,998,-156
106000018,914,731,183
106000019,409,617,-208
106000020,372,556,-184
106000021,329,659,-330
106000022,488,429,59
106000023,800,596,204
106000024,871,908,-37
106000025,107,325,-218
106000026,195,354,-159
106000027,1442,2136,-694
106000028,710,860,-150
106000029,1471,1698,-227
106000030,951,520,431
106000034,286,912,-626
106000035,1346,2196,-850
106000036,370,582,-212
106000037,2942,2311,631
106000038,659,158,501
106000039,255,112,143
106000040,311,1182,-871
106000041,1121,634,487
106000043,805,274,531
106000046,619,101,518
106000047,73,670,-597
106000049,1121,263,858
106000050,392,1232,-840
106000051,691,653,38
106000052,137,939,-802
106000053,350,161,189
106000054,552,725,-173
106000055,1197,1592,-395
106000056,384,630,-246
106000057,312,430,-118
106000058,180,286,-106
106000059,325,426,-101
106000060,569,764,-195
106000061,276,733,-457
106000062,179,833,-654
106000063,780,843,-63
106000064,65,575,-510
106000065,506,451,55
106000066,174,520,-346
106000067,664,168,496
106000068,109,919,-810
106000069,250,118,132
106000070,661,1178,-517
106000071,1299,506,793
106000072,5409,2511,2898
106000073,2608,3982,-1374
106000074,630,1076,-446
106000075,475,1953,-1478
106000076,2250,2994,-744
106000077,4827,1860,2967
106000078,1175,1354,-179
106000079,826,1553,-727
106000080,1678,1058,620
106000081,852,1727,-875
106000082,3257,1261,1996
106000083,501,2187,-1686
106000084,1313,921,392
106000085,2032,2311,-279
106000086,861,1233,-372
106000087,1034,751,283
106000088,461,1062,-601
106000089,1292,524,768
106000090,317,899,-582
106000091,419,948,-529
106000092,1010,433,577
106000093,353,162,191
106000094,136,402,-266
106000095,857,1468,-611
106000096,1299,1045,254
106000097,1361,1638,-277
106000098,942,1546,-604
106000099,298,1710,-1412
106000100,2319,432,1887
106000101,3135,681,2454
106000102,451,1804,-1353
106000103,437,1045,-608
106000104,1398,747,651
106000105,540,1030,-490
106000106,802,709,93
106000107,137,459,-322
106000108,260,508,-248
106000109,234,426,-192
106000110,269,486,-217
106000111,248,635,-387
106000112,230,754,-524
106000113,1306,783,523
106000114,730,722,8
106000115,356,768,-412
106000116,270,293,-23
106000117,1380,1102,278
106000118,1549,1851,-302
106000119,2526,1664,862
106000120,1049,1637,-588
106000121,235,240,-5
106000122,117,426,-309
106000123,504,346,158
106000124,61,390,-329
106000125,37,414,-377
106000126,322,191,131
106000127,1086,1442,-356
106000128,948,389,559
106000129,597,881,-284
106000130,811,502,309
106000131,198,1073,-875
106000132,1002,221,781
106000133,4636,1575,3061
106000134,921,3509,-2588
106000135,344,1041,-697
106000136,754,1339,-585
106000137,140,1565,-1425
106000138,1452,121,1331
106000139,60,196,-136
106000140,37,104,-67
106000141,142,137,5
106000142,106,125,-19
106000143,50,156,-106
106000144,50,111,-61
106000145,368,432,-64
106000146,341,240,101
106000147,600,786,-186
106000148,1012,1221,-209
106000149,663,555,108
106000150,746,2723,-1977
106000151,5859,1067,4792
106000152,2357,2655,-298
106000153,142,2440,-2298
106000154,2274,339,1935
106000155,148,403,-255
106000156,1025,481,544
106000157,860,2776,-1916
106000158,3939,1213,2726
106000159,5311,2673,2638
106000160,462,3501,-3039
106000161,2042,664,1378
106000162,281,1185,-904
106000163,477,666,-189
106000164,442,606,-164
106000165,281,913,-632
106000166,840,461,379
106000167,572,1833,-1261
106000168,511,374,137
106000169,270,968,-698
106000170,925,364,561
106000171,246,1551,-1305
106000172,3975,2016,1959
106000173,1487,3803,-2316
106000174,1279,575,704
106000175,349,1457,-1108
106000176,1953,1063,890
106000177,1286,3538,-2252
106000178,4472,2409,2063
106000179,1679,3348,-1669
106000180,1245,2307,-1062
106000181,976,2608,-1632
106000182,1213,1195,18
106000183,1346,1117,229
106000184,2916,1196,1720
106000185,2015,1809,206
106000186,1341,260,1081
106000187,391,1627,-1236
106000188,1,3,-2
106000189,18,113,-95
106000190,14,1,13
106000191,836,340,496
106000192,18,55,-37
106000193,538,342,196
106000194,239,578,-339
106000195,946,299,647
106000196,278,761,-483
106000197,759,449,310
106000198,222,440,-218
106000199,1552,1334,218
106000200,511,291,220
106000201,793,4440,-3647
106000202,8077,1052,7025
106000203,135,324,-189
106000204,173,13,160
106000205,34,224,-190
106000206,107,38,69
106000207,60,1167,-1107
106000208,1391,207,1184
106000209,1689,486,1203
106000210,423,1751,-1328
106000211,594,1767,-1173
106000212,1035,472,563
106000213,1209,2261,-1052
106000214,4064,911,3153
106000215,407,704,-297
106000216,455,616,-161
106000217,370,617,-247
106000218,648,637,11
106000219,157,439,-282
106000220,625,493,132
106000221,175,342,-167
106000222,49,193,-144
106000223,190,136,54
106000224,179,379,-200
106000225,89,124,-35
106000226,155,404,-249
106000228,71,200,-129
106000229,133,925,-792
106000231,1096,214,882
106000232,96,482,-386
106000233,954,185,769
106000234,264,288,-24
106000235,1025,177,848
106000236,347,90,257
106000237,3,17,-14
106000238,194,36,158
106000239,9,176,-167
106000240,113,10,103
106000241,36,1028,-992
106000242,463,41,422
106000249,60,144,-84
106000250,82,779,-697
106000251,94,59,35
106000252,41,138,-97
106000253,58,112,-54
106000254,73,76,-3
106000255,36,213,-177
106000256,117,94,23
106000257,165,355,-190
106000258,465,35,430
106000259,4,87,-83
106000260,33,5,28
106000261,4,67,-63
106000262,130,13,117
106000263,12,92,-80
106000264,293,19,274
106000265,9,194,-185
106000266,221,32,189
106000267,3,157,-154
106000268,721,62,659
106000269,101,95,6
106000270,205,800,-595
106000271,101,397,-296
106000272,273,94,179
106000273,20,370,-350
106000274,281,84,197
106000275,187,343,-156
106000276,247,80,167
106000277,221,318,-97
106000278,304,80,224
106000279,13,73,-60
106000280,109,155,-46
106000281,106,116,-10
106000282,74,104,-30
106000283,194,99,95
106000284,77,165,-88
106000285,170,166,4
106000286,103,221,-118
106000287,125,134,-9
106000288,157,205,-48
106000289,84,104,-20
106000290,85,157,-72
106000291,133,148,-15
106000292,139,173,-34
106000293,131,150,-19
106000294,118,193,-75
106000295,76,81,-5
106000296,81,121,-40
106000297,74,267,-193
106000298,199,78,121
106000299,101,203,-102
106000300,65,159,-94
106000301,79,138,-59
106000303,33,140,-107
106000304,36,63,-27
106000305,67,72,-5
106000306,51,79,-28
106000307,58,36,22
106000308,40,183,-143
106000309,41,92,-51
106000310,400,697,-297
106000311,422,290,132
106000312,129,265,-136
106000313,173,318,-145
106000318,188,509,-321
106000319,1271,280,991
106000320,1,54,-53
106000321,578,175,403
106000322,140,249,-109
106000324,11,187,-176
106000325,1859,1265,594
106000326,1265,2609,-1344
106000327,163,142,21
106000328,38,194,-156
106000329,142,435,-293
106000330,90,98,-8
106000428,97,228,-131
106000429,206,667,-461
106000430,487,1892,-1405
106000431,2705,561,2144
106000432,2512,4096,-1584
106000433,2740,1656,1084
106000434,4682,2105,2577
106000435,2722,3956,-1234
106000436,24,438,-414
106000437,425,43,382
106000438,1042,308,734
106000439,104,754,-650
106000440,444,914,-470
106000441,0,0,0
106000442,213,7,206
106000443,143,471,-328
106000450,12,304,-292
106000451,53,58,-5
106000454,7,208,-201
106000455,33,272,-239
106000456,252,96,156
106000457,18,1510,-1492
106000458,827,234,593
106000459,227,669,-442
106000460,1813,52,1761
106000461,117,2320,-2203
106000462,5,40,-35
106000463,3,38,-35
106000464,6,770,-764
106000465,777,10,767
106000466,22,985,-963
106000467,618,933,-315
106000468,145,245,-100
106000469,327,0,327
106000470,338,2272,-1934
106000471,41,940,-899
106000472,200,15,185
106000473,41,31,10
106000474,432,815,-383
106000475,306,265,41
106000476,185,260,-75
106000477,29,81,-52
106000480,0,165,-165
106900001,0,25,-25
106900002,3,636,-633
106900003,350,2640,-2290
106900004,1,75,-74
106900006,0,19,-19
106900007,0,16,-16
106900008,441,391,50
106900009,359,564,-205
106900010,316,491,-175
106900012,2869,3879,-1010
106900013,1217,191,1026
106900014,45,5,40
106900015,26,7,19
106900016,367,12,355
106900017,20,0,20
106900018,4,0,4
106900019,46,4,42
106900020,4990,1763,3227
106900021,191,101,90
106900022,714,3,711
106900023,74,330,-256
106900024,1443,70,1373
106900025,83,1187,-1104
106900026,4,917,-913
106900027,1285,8,1277
107000001,5780,4575,1205
107000002,5932,7532,-1600
107000003,6768,8814,-2046
107000004,8295,8520,-225
107000005,5329,7253,-1924
107000006,6647,8528,-1881
107000007,7216,15151,-7935
107000008,19417,14403,5014
107000009,8650,10359,-1709
107000010,16879,16833,46
107000011,1780,2296,-516
107000012,6277,5252,1025
107000013,98,178,-80
107000014,58,420,-362
107000015,784,1251,-467
107000016,973,1374,-401
107000017,14561,2651,11910
107000018,177,1803,-1626
107000020,9439,1731,7708
107000021,2921,933,1988
107000022,3893,2543,1350
107000023,2995,593,2402
107000024,1107,2297,-1190
107000025,317,702,-385
107000026,315,861,-546
107000027,1700,2195,-495
107000028,1825,2317,-492
107000029,4588,4262,326
107000030,4624,5237,-613
107000031,4621,4060,561
107000032,673,1451,-778
107000033,5289,10393,-5104
107000034,7539,3125,4414
107000035,466,492,-26
107000036,604,2192,-1588
107000037,82,1325,-1243
107000038,377,385,-8
107000039,1129,1235,-106
107000040,218,497,-279
107000041,2574,1093,1481
107000042,1115,2722,-1607
107000043,4025,1466,2559
107000044,951,550,401
107000045,183,414,-231
107000046,1241,681,560
107000047,788,1158,-370
107000048,794,501,293
107000049,878,1143,-265
107000050,1403,782,621
107000051,675,629,46
107000052,1659,1520,139
107000053,601,366,235
107000054,90,425,-335
107000055,226,188,38
107000056,589,1272,-683
107000057,1893,360,1533
107000058,2592,2944,-352
107000059,3359,5571,-2212
107000060,5245,7711,-2466
107000061,8082,6112,1970
107000062,4797,4166,631
107000063,5889,8007,-2118
107000064,6496,3507,2989
107000065,6902,7532,-630
107000066,3176,4497,-1321
107000067,1586,1546,40
107000068,2588,874,1714
107000069,1081,711,370
107000070,1175,11,1164
107000071,3737,58,3679
107000072,97,4433,-4336
107000073,931,459,472
107000074,245,1590,-1345
107000075,2309,694,1615
107000076,1094,2348,-1254
107000077,4107,1618,2489
107000078,3314,4708,-1394
107000079,3442,1137,2305
107000080,1782,4752,-2970
107000081,1949,914,1035
107000082,772,3118,-2346
107000083,1648,682,966
107000084,663,2942,-2279
107000085,3737,4624,-887
107000086,4989,5170,-181
107000087,3346,3061,285
107000088,4430,5553,-1123
107000089,1708,2770,-1062
107000090,1657,1783,-126
107000091,1486,1282,204
107000092,1160,1729,-569
107000093,1425,1304,121
107000094,1685,1920,-235
107000095,1022,1048,-26
107000096,888,1416,-528
107000097,1219,525,694
107000098,917,862,55
107000099,916,408,508
107000100,439,578,-139
107000101,109,301,-192
107000102,619,549,70
107000103,458,290,168
107000104,309,400,-91
107000105,454,225,229
107000106,349,421,-72
107000107,861,316,545
107000108,317,1042,-725
107000109,801,240,561
107000110,156,715,-559
107000111,555,70,485
107000112,49,441,-392
107000113,834,176,658
107000114,119,885,-766
107000115,559,245,314
107000116,158,1215,-1057
107000117,141,975,-834
107000118,156,423,-267
107000119,2580,2194,386
107000120,2806,684,2122
107000121,879,1082,-203
107000122,1539,1471,68
107000123,408,1255,-847
107000124,791,1348,-557
107000125,961,1170,-209
107000126,1269,1219,50
107000129,727,1081,-354
107000130,848,345,503
107000131,667,756,-89
107000132,791,469,322
107000133,1422,148,1274
107000134,404,11,393
107000135,13,360,-347
107000136,1284,26,1258
107000137,22,558,-536
107000138,513,47,466
107000139,42,646,-604
107000140,2155,189,1966
107000141,181,1226,-1045
107000142,594,147,447
107000143,64,1168,-1104
107000144,759,821,-62
107000145,213,851,-638
107000146,239,647,-408
107000147,3945,1157,2788
107000150,1153,5942,-4789
107000151,57,121,-64
107000152,975,1755,-780
107000153,363,613,-250
107000154,314,305,9
107000155,1439,48,1391
107000156,1542,53,1489
107000157,92,2535,-2443
107000158,775,51,724
107000159,38,1586,-1548
107000160,956,336,620
107000161,122,2251,-2129
107000162,235,1153,-918
107000163,180,0,180
107000164,735,3,732
107000165,1062,11,1051
107000166,79,1658,-1579
107000167,816,329,487
107000168,1223,733,490
107000169,1284,1211,73
107000170,2537,1203,1334
107000171,910,3272,-2362
107000172,1373,2012,-639
107000173,913,1855,-942
107000174,1299,7473,-6174
107000175,10329,2803,7526
107000176,1,2,-1
107000177,9,3,6
107000178,7,34,-27
107000179,378,3406,-3028
107000180,1553,566,987
107000181,536,1624,-1088
107000182,1851,1519,332
107000183,193,1290,-1097
107000184,1194,1061,133
107000185,729,2030,-1301
107000186,1637,594,1043
107000187,1727,1963,-236
107000188,736,949,-213
107000189,571,1540,-969
107000190,899,1251,-352
107000191,918,1519,-601
107000192,2120,1262,858
107000193,520,747,-227
107000194,1182,1130,52
107000197,1277,421,856
107000198,383,1102,-719
107000199,805,1360,-555
107000200,1274,1173,101
107000201,500,338,162
107000202,341,810,-469
107000203,1799,946,853
107000204,2843,956,1887
107000205,3275,1546,1729
107000206,1765,1827,-62
107000207,1318,1598,-280
107000208,2364,711,1653
107000209,3287,1649,1638
107000210,1165,524,641
107000211,13,43,-30
107000212,17,781,-764
107000213,12,60,-48
107000214,17,340,-323
107000215,940,645,295
107000216,528,699,-171
107000217,215,225,-10
107000219,145,200,-55
107000220,305,372,-67
107000222,294,1098,-804
107000224,627,117,510
107000225,306,848,-542
107000226,594,134,460
107000227,126,505,-379
107000228,154,329,-175
107000229,468,460,8
107000230,1628,794,834
107000231,2743,1753,990
107000232,166,116,50
107000233,2073,1079,994
107000234,3,65,-62
107000235,122,9,113
107000236,34,1443,-1409
107000237,21,3,18
107000238,51,0,51
107000239,5643,794,4849
107000240,134,1498,-1364
107000241,150,45,105
107000242,648,70,578
107000243,0,66,-66
107000244,8,135,-127
107000246,4,1539,-1535
107000249,3,1391,-1388
107000251,0,356,-356
107000252,3,1538,-1535
107000255,805,139,666
107000257,2,641,-639
107000258,3,164,-161
107000259,9,298,-289
107000260,650,11,639
107000262,16,787,-771
107000263,322,10,312
107000266,11,27,-16
107000267,115,222,-107
107000268,231,204,27
107000269,1057,62,995
107000270,3,19,-16
107000271,46,1017,-971
107000272,66,250,-184
107000273,28,365,-337
107000274,8655,483,8172
107000275,272,1272,-1000
107000280,762,59,703
107000281,74,1380,-1306
107000282,129,1354,-1225
107000290,15,33,-18
107000291,58,56,2
107000292,0,122,-122
107000293,577,6,571
107000294,0,51,-51
107000295,119,7,112
107000296,0,13,-13
107000444,657,23,634
107000496,2,32,-30
107000497,1863,3767,-1904
107000500,515,460,55
107000501,245,258,-13
107000502,335,546,-211
107000505,838,1184,-346
107000506,16,44,-28
107000508,5,887,-882
107000509,286,1519,-1233
107000510,51,45,6
107000514,114,441,-327
107000515,34,310,-276
107000516,380,493,-113
107000518,1490,1511,-21
107000519,3577,1552,2025
107000520,96,61,35
107000521,687,655,32
107000522,1049,931,118
107900001,34,229,-195
107900002,61,8,53
107900003,291,16,275
107900004,97,5,92
107900005,1679,5,1674
107900006,337,3,334
107900007,448,57,391
107900008,189,54,135
107900009,239,5,234
107900010,27,2,25
107900012,336,18,318
107900013,295,69,226
107900014,38,11,27
107900015,1291,23,1268
107900016,805,169,636
107900017,35,3,32
107900018,65,238,-173
107900019,17,96,-79
107900020,164,22,142
107900021,81,196,-115
107900023,7,2,5
107900024,1,43,-42
107900025,263,426,-163
107900026,69,107,-38
107900027,65,96,-31
107900028,70,111,-41
107900030,159,29,130
107900031,92,246,-154
107900032,48,6,42
107900033,31,8,23
107900034,476,19,457
107900035,985,73,912
107900036,84,21,63
107900037,1,65,-64
107900038,167,344,-177
107900039,66,98,-32
107900040,124,351,-227
107900041,2,6,-4
107900043,40,240,-200
107900044,27,5,22
107900045,136,68,68
107900046,220,252,-32
107900047,35,116,-81
107900048,197,8,189
107900049,500,2670,-2170
107900050,165,528,-363
107900051,139,102,37
107900052,48,28,20
107900053,42,179,-137
107900055,1064,444,620
107900056,301,79,222
107900057,2,0,2
107900058,94,895,-801
107900060,70,50,20
107900061,28,7,21
107900063,131,117,14
107900064,610,156,454
107900065,195,14,181
107900066,15,22,-7
107900067,4,1,3
107900068,412,412,0
107900069,40,1953,-1913
107900070,146,71,75
107900071,41,1251,-1210
107900072,100,251,-151
107900073,145,189,-44
107900074,1216,329,887
107900076,127,84,43
107900077,39,2,37
107900078,327,46,281
107900079,13,35,-22
107900080,464,522,-58
107900081,36,140,-104
107900082,35,21,14
107900083,477,234,243
107900084,147,184,-37
107900086,85,287,-202
107900087,926,159,767
107900088,18,15,3
107900089,486,1763,-1277
107900090,1271,3747,-2476
107900091,327,636,-309
107900092,2639,710,1929
107900093,161,130,31
107900095,4677,2913,1764
107900097,23,112,-89
107900098,54,311,-257
107900100,1463,1590,-127
107900101,1559,287,1272
107900102,29,9,20
107900103,71,294,-223
107900104,343,12,331
107900105,5,503,-498
107900106,6,1762,-1756
107900107,2175,724,1451
107900108,598,180,418
107900109,1369,17,1352
107900110,41,129,-88
107900111,10,1403,-1393
107900112,150,582,-432
107900113,244,213,31
107900114,211,270,-59
107900115,9,57,-48
107900116,185,297,-112
107900117,630,633,-3
107900118,111,272,-161
107900119,95,388,-293
107900120,33,27,6
107900121,8,307,-299
107900122,7,102,-95
107900123,3,56,-53
107900124,30,51,-21
107900125,46,236,-190
107900126,6,62,-56
107900127,876,365,511
107900128,171,112,59
107900129,83,82,1
107900130,75,54,21
107900131,909,300,609
107900132,158,717,-559
107900133,1,108,-107
107900134,26,44,-18
107900135,7,240,-233
107900136,68,77,-9
107900137,235,200,35
107900138,73,99,-26
107900139,47,104,-57
107900140,134,83,51
107900141,80,75,5
107900142,148,1444,-1296
107900143,135,42,93
107900144,3,230,-227
107900145,13,125,-112
107900146,52,243,-191
107900147,60,47,13
107900148,224,228,-4
107900149,1695,337,1358
107900150,115,1145,-1030
107900151,45,168,-123
107900152,20,376,-356
107900153,184,477,-293
107900154,46,43,3
107900155,111,88,23
107900156,8,432,-424
107900157,77,90,-13
107900158,916,33,883
107900159,71,1430,-1359
107900160,94,193,-99
107900161,22,264,-242
107900162,3,241,-238
107900163,279,217,62
107900164,6,41,-35
107900165,27,143,-116
107900166,29,293,-264
107900167,50,27,23
107900168,30,64,-34
107900169,2,238,-236
107900171,17,2356,-2339
107900172,3,522,-519
107900173,19,253,-234
107900174,159,9,150
107900175,43,14,29
107900176,34,70,-36
107900177,2,372,-370
107900178,2,264,-262
107900179,25,200,-175
107900180,1042,637,405
107900181,515,399,116
107900182,13,1897,-1884
107900183,49,451,-402
107900184,173,297,-124
107900185,111,13,98
107900186,23,55,-32
107900187,0,227,-227
107900188,1029,202,827
107900189,27,173,-146
107900190,123,150,-27
107900191,56,179,-123
107900193,31,103,-72
107900194,283,17,266
107900195,4457,704,3753
107900196,153,121,32
107900197,1424,407,1017
107900199,5,1303,-1298
107900201,129,129,0
107900203,48,102,-54
107900204,259,326,-67
107900205,271,514,-243
107900206,1377,272,1105
107900207,7,954,-947
107900208,16,799,-783
107900209,523,182,341
107900210,119,173,-54
107900213,1132,903,229
107900214,19,191,-172
107900215,197,391,-194
107900216,208,112,96
107900217,66,106,-40
107900218,29,2834,-2805
107900219,51,152,-101
107900220,328,345,-17
107900221,328,285,43
107900223,139,668,-529
107900224,183,463,-280
107900225,16,1240,-1224
107900226,114,200,-86
107900227,192,652,-460
107900228,24,155,-131
107900229,5,448,-443
107900230,21,155,-134
107900231,17,335,-318
107900232,47,224,-177
107900233,4,236,-232
107900234,114,234,-120
107900235,53,139,-86
107900236,114,136,-22
107900237,126,712,-586
107900238,25,140,-115
107900239,1417,544,873
107900240,38,152,-114
107900241,21,119,-98
107900242,36,379,-343
107900243,9,77,-68
107900244,410,5,405
107900245,680,71,609
107900246,249,17,232
107900248,604,760,-156
107900249,878,37,841
107900250,6,798,-792
107900251,152,1967,-1815
107900252,1277,31,1246
107900253,184,0,184
107900254,99,773,-674
107900255,551,150,401
107900256,3040,1897,1143
107900257,315,181,134
107900258,163,493,-330
107900259,190,2429,-2239
107900261,2,546,-544
107900262,52,205,-153
107900264,298,7,291
107900265,227,307,-80
107900267,212,31,181
107900268,60,10,50
107900269,0,17,-17
107900270,2,1,1
107900271,2,21,-19
107900272,176,20,156
107900273,47,168,-121
107900274,75,0,75
107900275,22,0,22
107900276,3,112,-109
107900277,1,325,-324
107900278,298,488,-190
107900279,196,213,-17
107900280,2664,3415,-751
107900281,3986,3277,709
107900282,90,632,-542
107900283,1878,668,1210
107900284,843,1071,-228
107900285,112,190,-78
107900286,206,124,82
107900287,177,289,-112
107900290,2,163,-161
107900291,479,17,462
107900292,145,327,-182
107900293,95,665,-570
107900295,75,117,-42
107900297,3,524,-521
107900298,1272,1218,54
107900299,4699,2681,2018
107900300,72,361,-289
107900301,1132,695,437
107900302,176,72,104
107900303,283,505,-222
107900304,247,709,-462
107900305,401,15,386
107900306,31,15,16
107900307,58,302,-244
107900308,153,83,70
107900309,230,5,225
107900310,655,13,642
107900311,17,270,-253
107900312,131,2,129
107900313,1,182,-181
107900314,0,81,-81
107900315,0,78,-78
107900316,94,1,93
107900317,209,33,176
107900318,17,279,-262
107900319,9,379,-370
107900320,1,244,-243
107900321,151,10,141
107900322,1,174,-173
107900323,10,260,-250
107900324,271,2,269
107900325,136,1,135
107900326,584,486,98
107900327,3,74,-71
107900328,451,5,446
107900329,413,120,293
107900330,14,655,-641
107900331,230,47,183
107900332,265,60,205
107900333,64,25,39
107900334,9,254,-245
107900335,67,82,-15
107900336,60,60,0
107900337,1887,1001,886
107900338,0,178,-178
107900339,3,31,-28
107900340,0,62,-62
107900341,89,3,86
107900342,157,224,-67
107900343,190,3,187
107900344,7,69,-62
107900345,174,58,116
107900346,15,1,14
107900347,32,2,30
107900348,15,4,11
107900349,20,7,13
107900350,29,337,-308
108000001,3215,5086,-1871
108000002,2849,4293,-1444
108000003,4798,3806,992
108000004,20084,22847,-2763
108000005,11103,6929,4174
108000006,11778,11121,657
108000007,6558,5278,1280
108000008,6875,9442,-2567
108000009,4336,5681,-1345
108000010,4497,7097,-2600
108000011,14376,14809,-433
108000012,24806,23897,909
108000014,1374,841,533
108000015,781,341,440
108000016,384,810,-426
108000017,1344,569,775
108000018,2147,788,1359
108000019,4037,1100,2937
108000020,1724,739,985
108000021,573,2288,-1715
108000022,694,2100,-1406
108000023,1389,358,1031
108000024,317,825,-508
108000025,408,414,-6
108000026,595,662,-67
108000027,857,688,169
108000028,497,417,80
108000029,614,682,-68
108000030,1199,354,845
108000031,460,811,-351
108000032,1658,748,910
108000033,998,1855,-857
108000034,1900,633,1267
108000035,1210,3450,-2240
108000036,515,1735,-1220
108000037,1890,643,1247
108000038,2845,755,2090
108000039,796,3335,-2539
108000040,2108,1216,892
108000041,968,3703,-2735
108000042,270,392,-122
108000043,272,445,-173
108000044,453,247,206
108000045,368,943,-575
108000046,1553,442,1111
108000047,615,1527,-912
108000048,273,667,-394
108000049,1122,427,695
108000050,144,690,-546
108000051,300,172,128
108000052,386,1015,-629
108000053,450,203,247
108000054,761,1441,-680
108000055,1456,640,816
108000056,1438,1531,-93
108000057,850,1485,-635
108000058,2360,4685,-2325
108000059,4560,2984,1576
108000060,202,639,-437
108000061,192,403,-211
108000062,801,817,-16
108000063,584,820,-236
108000064,225,376,-151
108000065,806,956,-150
108000066,2138,1106,1032
108000067,2336,982,1354
108000068,787,540,247
108000069,329,1506,-1177
108000070,2132,895,1237
108000071,888,2221,-1333
108000072,1872,1407,465
108000073,2043,2874,-831
108000074,637,499,138
108000075,459,1242,-783
108000076,872,798,74
108000077,912,1052,-140
108000078,2636,2134,502
108000079,1089,2517,-1428
108000080,1472,866,606
108000081,761,2867,-2106
108000082,1440,2706,-1266
108000083,2306,1138,1168
108000084,541,1793,-1252
108000085,823,591,232
108000086,1073,1108,-35
108000087,191,2444,-2253
108000088,209,9,200
108000089,497,591,-94
108000090,514,211,303
108000091,301,746,-445
108000092,136,150,-14
108000093,240,1033,-793
108000094,767,150,617
108000095,230,716,-486
108000096,310,281,29
108000097,190,759,-569
108000098,1783,2056,-273
108000099,361,168,193
108000100,73,380,-307
108000101,1748,2054,-306
108000102,1926,4023,-2097
108000106,1382,1,1381
108000107,2,1066,-1064
108000108,861,91,770
108000109,11,1059,-1048
108000110,203,463,-260
108000111,214,1139,-925
108000112,70,163,-93
108000113,775,408,367
108000115,541,541,0
108000117,1204,520,684
108000118,171,269,-98
108000119,964,544,420
108000120,182,1070,-888
108000121,298,742,-444
108000122,661,507,154
108000123,920,343,577
108000124,428,928,-500
108000125,411,385,26
108000126,161,623,-462
108000127,586,420,166
108000128,723,770,-47
108000129,500,1554,-1054
108000130,611,368,243
108000131,815,641,174
108000132,2795,2256,539
108000133,992,734,258
108000134,700,893,-193
108000135,1390,651,739
108000136,809,1425,-616
108000137,488,731,-243
108000138,472,1521,-1049
108000139,546,518,28
108000140,121,41,80
108000141,68,181,-113
108000142,102,165,-63
108000143,25,49,-24
108000144,67,24,43
108000145,74,43,31
108000146,131,33,98
108000147,74,67,7
108000148,106,14,92
108000149,49,49,0
108000150,70,6,64
108000151,84,18,66
108000152,167,786,-619
108000153,566,198,368
108000154,124,36,88
108000155,45,31,14
108000156,403,182,221
108000157,285,1134,-849
108000158,143,847,-704
108000159,881,210,671
108000160,5650,1435,4215
108000161,5005,3308,1697
108000165,10,248,-238
108000172,4,356,-352
108000173,3145,2650,495
108000175,233,145,88
108000178,612,500,112
108000179,302,936,-634
108000181,76,42,34
108000182,158,20,138
108000183,69,37,32
108000184,1399,2395,-996
108000185,302,980,-678
108000186,298,87,211
108000187,174,961,-787
108000188,649,354,295
108000189,1095,1745,-650
108000190,46,195,-149
108000192,345,806,-461
108000193,1361,82,1279
108000194,44,21,23
108000195,4,1584,-1580
108000196,405,311,94
108000198,540,482,58
108000199,1,218,-217
108000200,637,949,-312
108000202,0,298,-298
108000203,186,1252,-1066
108000204,171,62,109
108000205,630,847,-217
108000339,2274,506,1768
108000364,162,469,-307
108000365,96,469,-373
108000367,202,630,-428
108000368,15,124,-109
108000369,2183,346,1837
108000371,1,857,-856
108000372,648,6,642
108000373,231,263,-32
108000376,79,29,50
108000377,440,395,45
108000378,10973,12866,-1893
108000379,56,343,-287
108000381,60,20,40
108000382,227,1,226
108000383,0,229,-229
108900001,170,1496,-1326
108900002,281,85,196
108900003,410,1179,-769
108900004,129,409,-280
108900005,99,498,-399
108900006,1048,226,822
108900007,252,258,-6
108900008,83,213,-130
108900009,104,177,-73
108900010,238,219,19
108900011,450,552,-102
108900012,336,548,-212
108900013,144,327,-183
108900014,15,156,-141
108900015,0,45,-45
108900016,4,285,-281
108900017,407,379,28
108900018,113,662,-549
108900019,66,1187,-1121
108900020,44,365,-321
108900021,143,361,-218
108900022,242,34,208
108900023,3,34,-31
108900024,47,147,-100
108900025,121,215,-94
108900026,36,159,-123
108900027,0,106,-106
108900028,78,541,-463
108900029,129,414,-285
108900030,0,123,-123
108900031,92,608,-516
108900032,21,337,-316
108900033,3,90,-87
108900034,0,254,-254
108900035,454,1982,-1528
108900036,241,419,-178
108900037,116,596,-480
108900038,3,516,-513
108900039,5,652,-647
108900040,2,126,-124
108900041,7394,3686,3708
108900042,28,448,-420
108900043,90,716,-626
108900044,2,736,-734
108900045,70,799,-729
108900046,77,1200,-1123
108900047,0,139,-139
108900048,141,1396,-1255
108900049,6311,1552,4759
108900050,2,336,-334
108900051,0,297,-297
108900052,33,340,-307
108900053,97,259,-162
108900054,94,308,-214
108900055,94,518,-424
108900056,1,239,-238
108900057,2,214,-212
108900058,45,545,-500
108900059,524,40,484
108900060,120,251,-131
108900061,82,54,28
108900062,5,409,-404
108900063,16,476,-460
108900064,173,117,56
108900065,27,312,-285
108900066,317,167,150
108900067,17,298,-281
108900068,5,247,-242
108900069,81,187,-106
108900070,70,157,-87
108900071,115,85,30
108900072,3312,883,2429
108900073,53,416,-363
108900074,222,706,-484
108900075,98,63,35
108900076,329,123,206
108900077,172,605,-433
108900078,16,244,-228
108900079,1254,321,933
108900080,38,1182,-1144
108900081,56,375,-319
108900082,73,152,-79
108900083,40,421,-381
108900084,594,213,381
108900085,2860,267,2593
108900086,92,373,-281
108900087,140,330,-190
108900088,1379,478,901
108900089,34,187,-153
108900090,48,489,-441
108900091,165,147,18
108900092,536,465,71
108900093,107,119,-12
108900094,302,140,162
108900095,66,646,-580
108900096,430,20,410
108900097,340,348,-8
108900098,3890,788,3102
108900099,336,423,-87
108900100,77,198,-121
108900101,306,173,133
108900102,196,1235,-1039
108900103,106,138,-32
108900104,212,574,-362
108900105,10,1343,-1333
108900106,442,570,-128
108900108,913,73,840
108900109,612,56,556
108900110,222,645,-423
108900111,576,857,-281
108900112,275,45,230
108900113,28,48,-20
108900114,51,23,28
108900115,86,129,-43
108900116,92,24,68
108900117,203,26,177
108900118,638,16,622
108900119,262,36,226
108900120,260,208,52
108900121,406,120,286
108900122,127,37,90
108900123,176,150,26
108900124,510,256,254
108900125,395,5,390
108900126,131,36,95
108900127,211,52,159
108900128,107,36,71
108900129,785,196,589
108900130,354,7,347
108900131,568,7,561
108900132,578,133,445
108900133,289,88,201
108900134,361,384,-23
108900135,127,13,114
108900136,92,2,90
108900137,134,1,133
108900138,789,48,741
108900139,549,118,431
108900140,274,378,-104
108900141,360,20,340
108900142,106,10,96
108900143,52,1,51
108900144,91,2,89
108900145,147,15,132
108900146,85,0,85
108900147,242,1,241
108900148,81,62,19
108900149,652,580,72
108900150,311,13,298
108900151,178,1,177
108900152,152,22,130
108900153,143,584,-441
108900154,5779,595,5184
108900155,341,208,133
108900156,126,15,111
108900157,26,701,-675
108900158,489,70,419
108900159,15,420,-405
108900160,16,395,-379
108900161,16,683,-667
108900162,110,0,110
108900163,6,366,-360
108900164,54,95,-41
108900165,254,126,128
108900167,2706,6934,-4228
108900168,12052,3300,8752
108900169,92,209,-117
108900171,11314,3494,7820
108900172,260,65,195
108900173,288,541,-253
108900174,838,856,-18
108900176,170,653,-483
108900177,10100,7677,2423
108900178,6238,3885,2353
108900179,934,1883,-949
108900180,123,372,-249
108900182,46,409,-363
108900183,258,353,-95
108900184,576,313,263
108900185,187,531,-344
108900186,82,650,-568
108900187,357,68,289
108900188,535,53,482
108900189,489,254,235
108900190,88,4263,-4175
108900191,250,35,215
108900192,120,317,-197
108900193,452,55,397
108900194,34,482,-448
108900195,145,439,-294
108900196,46,644,-598
108900198,5,739,-734
108900199,321,470,-149
108900200,1071,520,551
108900201,666,1915,-1249
108900203,648,68,580
108900204,439,18,421
108900205,257,41,216
108900206,602,44,558
108900207,218,95,123
108900208,27,539,-512
108900209,397,866,-469
108900210,254,357,-103
108900211,193,574,-381
108900212,947,1704,-757
108900215,142,714,-572
108900216,722,282,440
108900217,167,0,167
108900218,232,17,215
108900219,140,14,126
108900220,58,13,45
108900221,62,183,-121
108900222,253,23,230
108900223,13,141,-128
108900224,35,252,-217
108900225,1,255,-254
108900226,300,53,247
108900227,134,394,-260
108900230,425,359,66
108900231,65,321,-256
108900232,2,419,-417
108900233,667,130,537
108900234,390,201,189
108900235,310,816,-506
108900236,87,502,-415
108900237,68,324,-256
108900240,136,143,-7
108900241,40,61,-21
108900245,10,1631,-1621
108900249,221,59,162
108900250,440,183,257
108900257,286,819,-533
108900258,19,333,-314
108900259,163,147,16
108900260,11,128,-117
108900261,171,195,-24
108900262,272,209,63
108900263,50,275,-225
108900264,656,327,329
108900265,1438,412,1026
108900266,1413,637,776
108900267,3,126,-123
108900268,13,9,4
108900269,74,14,60
108900270,53,16,37
108900271,37,10,27
108900272,250,12,238
108900273,1385,858,527
108900274,75,104,-29
109000001,5346,1845,3501
109000002,2833,2152,681
109000003,3353,778,2575
109000004,743,3469,-2726
109000005,3385,1091,2294
109000006,1022,3006,-1984
109000007,1866,1035,831
109000008,726,2644,-1918
109000009,4262,1881,2381
109000010,1962,5516,-3554
109000011,3801,2657,1144
109000012,2706,5038,-2332
109000013,4128,4573,-445
109000014,2554,4856,-2302
109000015,4105,8741,-4636
109000016,10806,5646,5160
109000017,2779,1808,971
109000018,1422,4572,-3150
109000019,3944,1876,2068
109000020,1725,2731,-1006
109000023,321,26,295
109000024,7,271,-264
109000025,478,632,-154
109000026,1125,487,638
109000027,139,409,-270
109000028,160,179,-19
109000029,261,269,-8
109000030,121,777,-656
109000031,196,219,-23
109000032,168,729,-561
109000033,491,224,267
109000034,88,56,32
109000035,17,69,-52
109000036,154,580,-426
109000037,244,1446,-1202
109000038,893,563,330
109000039,1154,842,312
109000040,6737,9087,-2350
109000041,5596,2150,3446
109000042,1157,1790,-633
109000044,532,98,434
109000045,145,466,-321
109000046,444,144,300
109000047,124,622,-498
109000048,1252,308,944
109000049,415,691,-276
109000050,487,379,108
109000051,417,421,-4
109000052,685,1741,-1056
109000053,227,155,72
109000054,608,1059,-451
109000055,463,434,29
109000056,449,924,-475
109000057,827,523,304
109000058,1242,452,790
109000059,1310,1472,-162
109000060,571,332,239
109000061,1625,1193,432
109000062,247,470,-223
109000063,380,300,80
109000064,353,282,71
109000065,225,427,-202
109000066,496,168,328
109000067,68,553,-485
109000068,2270,17,2253
109000069,1562,73,1489
109000070,15,1360,-1345
109000071,538,128,410
109000072,155,526,-371
109000073,70,162,-92
109000074,52,364,-312
109000075,118,478,-360
109000076,155,303,-148
109000077,473,397,76
109000078,105,247,-142
109000079,160,290,-130
109000080,179,209,-30
109000081,127,780,-653
109000082,688,335,353
109000083,371,1169,-798
109000088,215,639,-424
109000089,257,71,186
109000090,300,598,-298
109000091,402,265,137
109000092,412,769,-357
109000093,264,234,30
109000094,539,5,534
109000095,157,725,-568
109000096,732,346,386
109000097,123,248,-125
109000098,82,161,-79
109000099,1202,611,591
109000100,234,847,-613
109000101,1796,1162,634
109000102,409,1173,-764
109000103,553,888,-335
109000104,1895,978,917
109000105,605,1938,-1333
109000106,2577,1159,1418
109000107,822,2974,-2152
109000108,2030,929,1101
109000109,614,2838,-2224
109000110,1471,899,572
109000111,1271,3312,-2041
109000112,509,222,287
109000113,614,377,237
109000114,248,635,-387
109000115,1753,50,1703
109000116,7,369,-362
109000117,197,112,85
109000118,9,430,-421
109000119,1363,450,913
109000120,201,1335,-1134
109000121,534,88,446
109000122,159,1373,-1214
109000123,23,97,-74
109000124,729,709,20
109000125,1147,593,554
109000126,458,1486,-1028
109000127,970,360,610
109000128,723,2621,-1898
109000129,2509,1158,1351
109000130,854,3584,-2730
109000131,1042,673,369
109000132,895,2845,-1950
109000133,558,1611,-1053
109000134,1168,2083,-915
109000135,2183,2108,75
109000136,425,489,-64
109000137,400,497,-97
109000138,632,558,74
109000139,559,603,-44
109000140,299,653,-354
109000141,614,682,-68
109000142,158,754,-596
109000143,142,128,14
109000145,145,298,-153
109000146,105,234,-129
109000148,5872,2815,3057
109000149,40,75,-35
109000150,118,262,-144
109000155,921,903,18
109000156,1946,1007,939
109000158,300,463,-163
109000159,281,904,-623
109000160,1413,356,1057
109000161,495,1833,-1338
109000162,2308,1052,1256
109000163,1196,2884,-1688
109000164,1567,3502,-1935
109000165,1391,802,589
109000166,761,175,586
109000167,156,953,-797
109000170,43,71,-28
109000171,63,74,-11
109000172,41,90,-49
109000173,26,99,-73
109000174,181,76,105
109000175,49,157,-108
109000176,347,330,17
109000177,27,154,-127
109000178,799,649,150
109000179,8941,6020,2921
109000180,8931,4724,4207
109000181,29,46,-17
109000182,53,48,5
109000183,52,89,-37
109000184,45,26,19
109000185,37,118,-81
109000188,1066,3251,-2185
109000189,4314,1533,2781
109000190,1086,746,340
109000191,433,828,-395
109000192,511,490,21
109000193,291,582,-291
109000194,264,223,41
109000195,168,595,-427
109000196,369,212,157
109000197,242,599,-357
109000198,344,117,227
109000199,147,666,-519
109000206,280,61,219
109000207,99,70,29
109000208,87,118,-31
109000209,194,160,34
109000210,200,772,-572
109000211,702,850,-148
109000214,435,621,-186
109000215,268,123,145
109000216,476,254,222
109000217,337,184,153
109000218,498,332,166
109000221,644,1524,-880
109000222,1051,278,773
109000223,380,385,-5
109000224,56,212,-156
109000225,95,60,35
109000226,53,325,-272
109000227,1227,1717,-490
109000228,2,577,-575
109000231,45,492,-447
109000232,321,531,-210
109000236,356,1065,-709
109000241,2437,2814,-377
109000242,2231,2129,102
109000293,26,83,-57
109000361,151,400,-249
109000364,383,861,-478
109000396,9,855,-846
109000397,537,9,528
109000399,156,694,-538
109000400,137,467,-330
109000403,123,921,-798
109000406,743,8,735
109000407,330,364,-34
109000408,1,891,-890
109000410,1365,406,959
109000411,202,54,148
109900001,112,0,112
109900002,903,27,876
109900003,200,3,197
109900004,1074,258,816
109900005,46,5,41
109900006,485,424,61
109900007,841,1079,-238
109900008,1,49,-48
109900009,169,1013,-844
109900010,611,24,587
109900011,102,64,38
109900012,483,316,167
109900013,592,217,375
109900014,429,102,327
109900015,614,256,358
109900016,138,72,66
109900017,250,282,-32
109900018,271,159,112
109900019,264,110,154
109900020,82,67,15
109900021,34,14,20
109900022,122,360,-238
109900023,28,10,18
109900024,39,7,32
109900025,14,109,-95
109900026,2,280,-278
109900027,50,65,-15
109900028,2897,1202,1695
109900029,7,557,-550
109900030,61,19,42
109900031,1,131,-130
109900032,16,455,-439
109900033,3,685,-682
109900034,19,1,18
109900035,19,24,-5
109900036,37,112,-75
109900037,44,785,-741
109900038,92,294,-202
109900039,13,3,10
109900040,28,817,-789
109900041,108,581,-473
109900042,134,745,-611
109900044,168,376,-208
109900045,162,46,116
109900046,21,76,-55
109900047,415,496,-81
109900048,4,128,-124
109900049,25,47,-22
109900050,0,304,-304
109900051,0,72,-72
109900052,225,474,-249
109900053,11,547,-536
109900054,724,310,414
109900055,90,452,-362
109900056,51,234,-183
109900057,14,293,-279
109900058,0,144,-144
109900059,654,190,464
109900060,563,193,370
109900061,110,416,-306
109900062,0,348,-348
109900063,14,457,-443
109900064,601,329,272
109900065,133,175,-42
109900066,472,1348,-876
109900067,1,448,-447
109900068,72,4,68
109900069,3,61,-58
109900070,80,486,-406
109900071,6,41,-35
109900072,27,265,-238
109900073,468,860,-392
109900074,12,83,-71
109900075,27,56,-29
109900076,13,283,-270
109900077,42,73,-31
109900078,235,433,-198
109900080,181,502,-321
109900081,44,192,-148
109900082,46,583,-537
109900083,17,95,-78
109900084,74,233,-159
109900085,328,1161,-833
109900086,175,645,-470
109900087,444,647,-203
109900089,718,214,504
109900090,567,1471,-904
109900091,422,137,285
109900092,3958,21,3937
109900093,1005,213,792
109900094,71,162,-91
109900095,170,376,-206
109900096,46,6,40
109900097,123,4,119
109900098,474,85,389
109900099,253,1,252
109900100,69,0,69
109900101,520,21,499
109900102,483,26,457
109900103,45,65,-20
109900104,510,1291,-781
109900105,601,45,556
109900106,869,124,745
109900107,926,156,770
109900108,186,763,-577
109900109,53,233,-180
109900110,142,664,-522
109900111,468,1508,-1040
109900112,491,1075,-584
109900113,772,560,212
109900114,1861,720,1141
109900115,233,148,85
109900117,1196,195,1001
109900118,343,661,-318
109900119,873,441,432
109900120,84,23,61
109900121,541,456,85
109900122,470,6,464
109900123,33,209,-176
109900124,48,881,-833
109900125,3,236,-233
109900126,304,222,82
109900128,249,70,179
109900130,12856,2953,9903
109900131,70,231,-161
109900132,42,218,-176
109900133,100,435,-335
109900134,115,126,-11
109900135,543,116,427
109900136,72,193,-121
109900137,121,527,-406
109900140,251,321,-70
109900142,1452,485,967
109900145,6,438,-432
109900146,541,48,493
109900148,55,145,-90
109900149,61,94,-33
109900150,13,121,-108
109900151,4,85,-81
109900152,0,29,-29
109900153,1,48,-47
109900154,63,0,63
109900155,84,29,55
109900157,97,457,-360
109900158,74,180,-106
109900159,180,61,119
109900160,230,65,165
109900161,294,111,183
109900162,279,135,144
109900163,1099,535,564
109900164,67,319,-252
109900165,762,8,754
109900166,4,242,-238
109900167,206,798,-592
109900168,274,926,-652
109900169,227,279,-52
109900170,506,1036,-530
109900171,249,132,117
109900172,260,414,-154
109900173,5701,2793,2908
109900174,54,218,-164
109900175,90,138,-48
109900176,153,224,-71
109900177,33,348,-315
109900178,11,198,-187
109900179,144,20,124
109900180,12,13,-1
110000001,1149,705,444
110000002,715,921,-206
110000003,1359,819,540
110000004,780,823,-43
110000005,701,2584,-1883
110000006,621,454,167
110000007,175,202,-27
110000008,46,89,-43
110000009,57,57,0
110000010,50,94,-44
110000011,70,163,-93
110000012,1049,719,330
110000013,68,966,-898
110000014,726,578,148
110000015,415,968,-553
110000016,372,2215,-1843
110000017,4218,433,3785
110000018,4348,663,3685
110000019,6,154,-148
110000020,604,228,376
110000021,1965,770,1195
110000022,1972,467,1505
110000023,8,224,-216
110000024,957,612,345
110000025,366,12,354
110000026,10,592,-582
110000027,2073,611,1462
110000028,1179,1121,58
110000029,739,1171,-432
110000030,326,650,-324
110000031,390,748,-358
110000032,871,708,163
110000033,490,120,370
110000034,787,1263,-476
110000035,1959,1026,933
110000036,1952,1320,632
110000037,331,942,-611
110000038,351,1175,-824
110000039,978,5280,-4302
110000040,442,505,-63
110000041,383,1782,-1399
110000042,159,495,-336
110000043,1059,439,620
110000044,571,338,233
110000045,3424,189,3235
110000046,10,15,-5
110000047,190,46,144
110000048,39,20,19
110000049,146,22,124
110000050,12,62,-50
110000051,176,8,168
110000052,45,32,13
110000053,472,13,459
110000054,549,434,115
110000055,1311,49,1262
110000056,317,87,230
110000057,543,1019,-476
110000058,2063,921,1142
110000059,1294,762,532
110000060,876,1542,-666
110000061,1254,1137,117
110000062,863,1277,-414
110000063,49,167,-118
110000064,158,154,4
110000065,83,121,-38
110000066,123,74,49
110000067,166,364,-198
110000068,427,437,-10
110000069,308,181,127
110000071,166,217,-51
110000073,6,41,-35
110000075,18,175,-157
110000076,449,697,-248
110000077,681,3180,-2499
110000078,66,82,-16
110000080,408,1033,-625
110000081,148,553,-405
110000082,96,582,-486
110000083,305,899,-594
110000084,1308,1040,268
110000085,3115,2386,729
110000086,2194,2730,-536
110000087,13,83,-70
110000088,68,336,-268
110000089,347,201,146
110000090,462,552,-90
110000091,2146,587,1559
110000092,31,133,-102
110000093,87,11,76
110000094,739,358,381
110000095,258,992,-734
110000096,3385,2491,894
110000097,1332,1589,-257
110000098,2544,1047,1497
110000099,1197,2261,-1064
110000100,959,943,16
110000101,21,655,-634
110000102,61,59,2
110000104,578,167,411
110000105,119,322,-203
110000106,799,455,344
110000107,435,612,-177
110000108,182,68,114
110000109,397,428,-31
110000110,4886,6063,-1177
110000111,9963,3539,6424
110000112,1826,1526,300
110000113,757,2893,-2136
110000114,181,791,-610
110000115,345,462,-117
110000116,50,100,-50
110000117,243,709,-466
110000118,480,282,198
110000119,238,567,-329
110000120,644,214,430
110000121,160,532,-372
110000122,614,907,-293
110000123,636,855,-219
110000124,2,1444,-1442
110000125,1185,5,1180
110000126,345,40,305
110000127,1452,67,1385
110000128,30,1990,-1960
110000129,12,782,-770
110000130,351,242,109
110000131,136,409,-273
110000132,8,956,-948
110000133,62,751,-689
110000134,39,507,-468
110000135,263,69,194
110000136,87,421,-334
110000137,706,841,-135
110000138,972,1010,-38
110000139,1026,1769,-743
110000140,1593,674,919
110000143,1041,650,391
110000144,6738,2097,4641
110000145,2344,1175,1169
110000146,2770,1294,1476
110000147,533,1119,-586
110000148,654,451,203
110000151,1521,941,580
110000152,1339,533,806
110000153,126,54,72
110000154,149,53,96
110000155,3036,4900,-1864
110000156,1190,3133,-1943
110000157,2693,2544,149
110000160,494,494,0
110000161,253,583,-330
110000166,581,270,311
110000167,1003,764,239
110000168,1039,593,446
110000169,1036,511,525
110000170,196,156,40
110000171,910,245,665
110000172,225,1273,-1048
110000173,1392,1638,-246
110000174,362,1675,-1313
110000175,717,134,583
110000176,251,389,-138
110000177,224,1256,-1032
110000178,813,1930,-1117
110000179,1892,609,1283
110000180,238,477,-239
110000181,698,812,-114
110000182,467,299,168
110000183,16200,9846,6354
110000184,1188,3615,-2427
110000185,4408,1282,3126
110000186,1073,1545,-472
110000191,857,544,313
110000192,718,6,712
110000193,1154,11,1143
110000194,25,1739,-1714
110000195,529,592,-63
110000196,366,561,-195
110000197,85,314,-229
110000198,206,117,89
110000199,134,188,-54
110000200,2002,699,1303
110000201,1585,1231,354
110000202,1704,634,1070
110000203,987,1134,-147
110000204,13,366,-353
110000205,233,81,152
110000206,1035,2139,-1104
110000207,931,524,407
110000208,553,238,315
110000209,175,1600,-1425
110000210,925,861,64
110000211,2148,1431,717
110000212,482,1570,-1088
110000213,304,128,176
110000214,252,157,95
110000215,231,637,-406
110000216,165,710,-545
110000217,310,280,30
110000218,192,614,-422
110000219,357,127,230
110000220,133,524,-391
110000221,363,133,230
110000222,117,302,-185
110000223,9,199,-190
110000224,81,22,59
110000225,280,1017,-737
110000226,381,96,285
110000227,1210,1155,55
110000228,586,370,216
110000229,1,340,-339
110000230,1570,1032,538
110000231,244,341,-97
110000232,303,319,-16
110000233,333,421,-88
110000234,2192,1115,1077
110000235,1642,1725,-83
110000236,846,1202,-356
110000237,4888,2036,2852
110000238,1593,1935,-342
110000239,2446,1666,780
110000240,2,140,-138
110000242,0,36,-36
110000243,148,219,-71
110000244,286,650,-364
110000245,71,578,-507
110000246,1278,935,343
110000247,1766,8439,-6673
110000248,3230,2497,733
110000249,94,11,83
110000250,67,432,-365
110000251,405,1190,-785
110000252,382,305,77
110000253,1689,1102,587
110000254,1011,2321,-1310
110000255,388,1579,-1191
110000256,628,407,221
110000257,916,628,288
110000258,24,756,-732
110000259,127,31,96
110000260,21,528,-507
110000263,947,180,767
110000264,379,873,-494
110000265,1678,2826,-1148
110000266,3452,3685,-233
110000267,39,318,-279
110000268,337,747,-410
110000269,4,132,-128
110000270,69,8,61
110000271,2481,418,2063
110000272,1400,1390,10
110000273,5683,2320,3363
110000274,389,1899,-1510
110000275,3601,752,2849
110000276,401,495,-94
110000277,454,568,-114
110000278,440,1103,-663
110000279,977,860,117
110000280,550,509,41
110000281,74,386,-312
110000282,399,81,318
110000283,100,176,-76
110000284,115,104,11
110000285,8,685,-677
110000286,42,2,40
110000287,97,2,95
110000288,25,156,-131
110000289,678,2287,-1609
110000290,1435,749,686
110000291,8329,1929,6400
110000292,1658,5774,-4116
110000293,739,1084,-345
110000294,1045,1564,-519
110000295,167,1411,-1244
110000296,416,503,-87
110000297,3432,504,2928
110000298,422,970,-548
110000299,547,124,423
110000301,675,34,641
110000302,609,1642,-1033
110000303,625,21,604
110000304,204,424,-220
110000305,1348,36,1312
110000306,184,2060,-1876
110000307,1916,13,1903
110000308,863,6,857
110000309,22,1341,-1319
110000310,850,120,730
110000311,37,1077,-1040
110000312,623,164,459
110000313,4643,5845,-1202
110000314,7,483,-476
110000315,4962,3641,1321
110000316,855,1823,-968
110000317,1140,598,542
110000318,35,117,-82
110000319,27,27,0
110000320,113,68,45
110000321,55,59,-4
110000322,532,676,-144
110000323,741,361,380
110000324,6077,1985,4092
110000325,3725,3853,-128
110000327,983,684,299
110000328,300,604,-304
110000333,1543,1008,535
110000334,1184,2076,-892
110000335,1227,886,341
110000336,1194,1511,-317
110000337,1998,823,1175
110000338,406,333,73
110000339,410,313,97
110000340,252,293,-41
110000341,558,650,-92
110000342,878,4,874
110000343,0,32,-32
110000344,299,210,89
110000345,578,214,364
110000346,3606,2287,1319
110000347,1555,1225,330
110000348,3,8,-5
110000349,0,4,-4
110000350,78,7,71
110000351,1186,1120,66
110000352,867,2645,-1778
110000353,3909,976,2933
110000354,1554,5653,-4099
110000355,159,146,13
110000356,1046,16,1030
110000357,505,33,472
110000361,35,87,-52
110000362,79,163,-84
110000363,349,182,167
110000364,326,569,-243
110000365,287,2,285
110000366,1,159,-158
110000367,806,274,532
110000368,12,106,-94
110000369,55,0,55
110000373,10,406,-396
110000374,362,32,330
110000375,155,1828,-1673
110000376,62,178,-116
110000377,97,747,-650
110000378,28,653,-625
110000379,5044,2953,2091
110000380,65,16,49
110000383,2,1192,-1190
110000384,3039,1007,2032
110000385,0,295,-295
110000387,99,13,86
110000388,53,357,-304
110000389,801,11,790
110000391,781,481,300
110000396,179,190,-11
110000397,196,268,-72
110000398,2,56,-54
110000399,263,2,261
110000587,187,83,104
110000589,317,256,61
110000640,252,93,159
110000652,62,210,-148
110000653,467,581,-114
110000654,79,90,-11
110000656,4,767,-763
110000674,40,33,7
110000675,14,31,-17
110000676,11,107,-96
110000679,532,1355,-823
110000682,174,257,-83
110000683,754,858,-104
110000684,14,79,-65
110000685,24,11,13
110000686,6,62,-56
110000687,47,3,44
110000688,100,1021,-921
110000689,5,13,-8
110000692,262,360,-98
110000693,490,373,117
110000694,1,257,-256
110000695,565,979,-414
110000696,124,231,-107
110900001,316,32,284
110900002,647,434,213
110900003,913,1074,-161
110900004,420,315,105
110900005,3654,2528,1126
110900006,48,10,38
110900007,152,31,121
110900008,16,57,-41
110900009,529,129,400
110900010,16,126,-110
110900011,26,151,-125
110900012,25,149,-124
110900013,1082,226,856
110900014,362,32,330
110900015,1112,743,369
110900016,62,169,-107
110900017,502,62,440
110900018,594,85,509
110900019,179,32,147
110900020,97,503,-406
110900021,90,852,-762
110900022,140,427,-287
110900023,149,682,-533
110900024,35,579,-544
110900025,18,68,-50
110900027,55,335,-280
110900028,44,200,-156
110900029,32,594,-562
110900030,84,422,-338
110900031,2,219,-217
110900032,0,128,-128
110900033,56,341,-285
110900035,30,658,-628
110900036,149,33,116
110900037,92,51,41
110900038,1631,313,1318
110900039,10,335,-325
110900040,272,70,202
110900041,14,217,-203
110900042,138,99,39
110900043,6,191,-185
110900044,363,27,336
110900045,44,618,-574
110900046,108,424,-316
110900047,849,372,477
110900049,122,102,20
110900050,39,5,34
110900051,50,240,-190
110900052,11,258,-247
110900053,131,80,51
110900054,48,316,-268
110900055,33,2,31
110900056,57,145,-88
110900057,7,261,-254
110900058,370,380,-10
110900059,720,874,-154
110900060,640,145,495
110900061,17,60,-43
110900062,174,437,-263
110900063,58,292,-234
110900064,22,0,22
110900065,527,186,341
110900066,23,175,-152
110900067,626,1132,-506
110900068,760,346,414
110900069,5,43,-38
110900071,495,868,-373
110900073,3,26,-23
110900074,398,131,267
110900075,504,156,348
110900077,961,776,185
110900078,47,116,-69
110900079,2642,1538,1104
110900080,161,95,66
110900081,14,81,-67
110900082,169,239,-70
110900083,167,74,93
110900084,63,153,-90
110900085,131,596,-465
110900086,85,381,-296
110900087,387,106,281
110900088,11,0,11
110900090,60,50,10
110900091,2,72,-70
110900093,781,161,620
110900095,60,99,-39
110900097,24,25,-1
110900098,50,143,-93
110900099,56,700,-644
110900100,1,36,-35
110900102,103,25,78
110900105,1053,487,566
110900108,19,103,-84
110900111,657,268,389
110900112,903,6,897
110900113,623,62,561
110900115,17,117,-100
110900116,772,2959,-2187
110900118,184,3291,-3107
110900119,6173,566,5607
110900120,15,143,-128
110900121,149,1,148
110900122,412,221,191
110900125,363,561,-198
110900127,959,1490,-531
110900128,353,286,67
110900129,466,868,-402
110900130,1576,729,847
110900131,407,83,324
110900132,432,82,350
110900133,219,395,-176
110900135,135,569,-434
110900136,350,37,313
110900137,222,4,218
110900138,2891,482,2409
110900139,246,101,145
110900140,160,13,147
110900141,76,167,-91
110900142,145,250,-105
110900143,187,132,55
110900144,7,930,-923
110900145,252,82,170
110900146,1095,234,861
110900147,187,525,-338
110900148,1,447,-446
110900149,7,135,-128
110900150,68,44,24
110900151,4,112,-108
110900152,34,417,-383
110900153,171,53,118
111000001,1158,781,377
111000002,1043,989,54
111000003,1551,1168,383
111000004,890,1594,-704
111000005,1794,2013,-219
111000006,1480,2091,-611
111000007,6799,5009,1790
111000008,4824,5008,-184
111000009,528,1253,-725
111000010,1043,432,611
111000011,622,1394,-772
111000012,1044,647,397
111000013,529,1584,-1055
111000014,2055,894,1161
111000017,176,1016,-840
111000018,280,517,-237
111000020,2373,3281,-908
111000021,152,168,-16
111000023,120,160,-40
111000025,8282,5004,3278
111000029,122,152,-30
111000030,60,114,-54
111000031,2801,1968,833
111000032,812,442,370
111000033,474,392,82
111000034,477,355,122
111000037,3485,1880,1605
111000038,5252,4005,1247
111000039,2880,3428,-548
111000040,2293,3778,-1485
111000041,2309,2500,-191
111000042,6372,3813,2559
111000043,2791,4018,-1227
111000044,2075,1494,581
111000045,2532,2858,-326
111000046,1971,2224,-253
111000047,2872,5355,-2483
111000049,585,698,-113
111000050,2543,2304,239
111000051,701,1694,-993
111000052,883,2436,-1553
111000053,585,1285,-700
111000054,596,1376,-780
111000055,1458,2774,-1316
111000056,203,908,-705
111000057,101,833,-732
111000058,363,123,240
111000059,798,430,368
111000060,5146,1205,3941
111000061,780,577,203
111000062,991,436,555
111000063,2652,1374,1278
111000064,646,960,-314
111000065,1420,1441,-21
111000066,694,601,93
111000067,729,903,-174
111000068,735,1439,-704
111000069,2581,3400,-819
111000070,2588,1540,1048
111000071,390,1065,-675
111000072,1231,649,582
111000073,402,1144,-742
111000074,2037,2222,-185
111000075,1232,1122,110
111000076,617,1400,-783
111000077,2055,2251,-196
111000078,3622,1888,1734
111000079,1751,1129,622
111000080,718,1070,-352
111000081,2690,9564,-6874
111000082,861,1003,-142
111000084,1024,956,68
111000085,1473,2315,-842
111000086,4836,1793,3043
111000087,927,994,-67
111000088,11363,2935,8428
111000089,1115,1157,-42
111000090,1274,1892,-618
111000091,926,945,-19
111000092,1426,1333,93
111000093,1048,1409,-361
111000094,2610,1306,1304
111000095,901,3147,-2246
111000096,3060,9370,-6310
111000097,7383,1880,5503
111000098,984,1716,-732
111000099,728,2888,-2160
111000100,522,2579,-2057
111000101,554,1302,-748
111000102,297,1134,-837
111000104,804,320,484
111000107,192,1096,-904
111000109,802,407,395
111000110,2294,1060,1234
111000111,2422,684,1738
111000112,2010,788,1222
111000113,1127,1882,-755
111000114,2677,4450,-1773
111000115,9315,1699,7616
111000116,1153,1594,-441
111000117,588,1371,-783
111000118,1973,1544,429
111000119,1245,1863,-618
111000120,685,931,-246
111000121,407,909,-502
111000122,803,1517,-714
111000123,1257,4016,-2759
111000124,801,4198,-3397
111000125,394,2326,-1932
111000126,143,1447,-1304
111000127,1168,257,911
111000128,2236,577,1659
111000129,3773,758,3015
111000130,2212,1050,1162
111000131,1779,876,903
111000132,1481,1099,382
111000133,218,259,-41
111000134,240,229,11
111000135,63,183,-120
111000136,427,481,-54
111000138,26,34,-8
111000140,4,20,-16
111000141,502,503,-1
111000142,27,167,-140
111000143,11,124,-113
111000144,21,167,-146
111000145,2272,18,2254
111000146,100,23,77
111000147,317,79,238
111000148,652,137,515
111000149,18,82,-64
111000150,84,27,57
111000151,4,46,-42
111000153,827,933,-106
111000154,1058,296,762
111000155,136,289,-153
111000156,551,787,-236
111000157,260,1282,-1022
111000158,1363,1021,342
111000159,4238,995,3243
111000160,337,409,-72
111000161,28,382,-354
111000162,42,284,-242
111000163,836,1676,-840
111000164,1111,6773,-5662
111000165,1731,973,758
111000166,2935,617,2318
111000167,229,735,-506
111000168,308,686,-378
111000169,457,879,-422
111000170,765,736,29
111000171,646,1179,-533
111000172,277,720,-443
111000173,491,1339,-848
111000174,233,708,-475
111000175,76,651,-575
111000176,742,263,479
111000177,330,364,-34
111000178,1611,444,1167
111000179,222,250,-28
111000180,351,553,-202
111000181,1149,443,706
111000182,269,335,-66
111000183,650,540,110
111000184,544,406,138
111000185,573,735,-162
111000186,577,424,153
111000187,173,351,-178
111000188,277,662,-385
111000189,1800,681,1119
111000190,253,639,-386
111000191,220,585,-365
111000192,267,734,-467
111000193,381,467,-86
111000194,50,471,-421
111000195,207,499,-292
111000196,43,351,-308
111000197,412,239,173
111000198,698,170,528
111000199,246,227,19
111000200,388,420,-32
111000201,732,364,368
111000202,268,333,-65
111000203,322,340,-18
111000204,535,1259,-724
111000213,288,655,-367
111000214,2094,2300,-206
111000215,1375,1980,-605
111000217,1672,1444,228
111000218,1471,1413,58
111000219,511,277,234
111000220,2972,1842,1130
111000221,1009,161,848
111000224,82,546,-464
111000225,459,340,119
111000226,218,5,213
111000227,48,10,38
111000228,25,495,-470
111000229,66,1018,-952
111000230,402,682,-280
111000231,1163,1482,-319
111000232,751,1214,-463
111000233,971,1107,-136
111000234,104,432,-328
111000239,146,239,-93
111000240,60,273,-213
111000241,38,513,-475
111000242,130,136,-6
111000243,215,882,-667
111000244,611,130,481
111000245,1452,750,702
111000246,570,681,-111
111000247,311,1279,-968
111000248,743,644,99
111000249,606,1073,-467
111000250,49,111,-62
111000251,87,201,-114
111000253,17,20,-3
111000255,37,23,14
111000257,74,42,32
111000260,117,1594,-1477
111000261,1362,148,1214
111000271,59,427,-368
111000273,8013,2352,5661
111000274,1551,3630,-2079
111000275,197,98,99
111000276,448,3037,-2589
111000277,351,587,-236
111000278,757,408,349
111000291,902,7537,-6635
111000298,729,344,385
111000299,836,209,627
111000300,167,826,-659
111000302,327,156,171
111000303,91,341,-250
111000312,54,132,-78
111000315,20,346,-326
111000320,495,1085,-590
111000321,405,134,271
111000322,422,806,-384
111000323,249,33,216
111000324,479,370,109
111000325,50,100,-50
111000326,204,485,-281
111000327,483,651,-168
111000328,271,734,-463
111000329,1,45,-44
111000330,82,58,24
111000331,24,22,2
111000332,583,2018,-1435
111000334,511,2123,-1612
111000335,1061,344,717
111000337,1344,563,781
111000338,118,187,-69
111000339,690,787,-97
111000340,199,1075,-876
111000341,1469,1156,313
111000342,574,600,-26
111000344,1157,1074,83
111000345,352,106,246
111000346,15,134,-119
111000347,164,13,151
111000350,242,145,97
111000351,142,332,-190
111000352,226,193,33
111000353,203,368,-165
111000354,720,241,479
111000355,464,848,-384
111000358,232,2078,-1846
111000360,285,1209,-924
111000361,131,513,-382
111000546,1050,963,87
111000547,399,929,-530
111000548,150,453,-303
111000549,367,657,-290
111000550,96,1175,-1079
111000551,973,310,663
111000552,3117,160,2957
111000907,970,92,878
111000908,41,4,37
111000916,2073,441,1632
111000917,52,582,-530
111000918,239,1334,-1095
111000920,597,50,547
111000921,15,434,-419
111000922,629,497,132
111000924,41,1293,-1252
111000925,2577,3034,-457
111000926,1125,2996,-1871
111000927,3458,6409,-2951
111000928,6411,5311,1100
111000929,1896,1592,304
111000930,1229,3508,-2279
111000931,2397,3410,-1013
111000932,6159,3215,2944
111000933,5260,3045,2215
111000934,3049,4556,-1507
111000935,1954,1634,320
111000936,1529,3098,-1569
111000937,1129,1924,-795
111000938,2241,2643,-402
111000939,514,113,401
111000940,463,245,218
111000941,366,848,-482
111000943,403,417,-14
111000944,178,598,-420
111000945,120,2536,-2416
111001109,654,444,210
111001110,335,819,-484
111001111,68,11,57
111001112,433,93,340
111001113,1,313,-312
111001114,1855,198,1657
111001115,93,492,-399
111001116,7650,5595,2055
111001117,985,3310,-2325
111001120,147,554,-407
111001121,225,401,-176
111001122,238,793,-555
111001123,298,136,162
111001124,102,301,-199
111001125,7,51,-44
111900001,10,171,-161
111900002,37,1145,-1108
111900003,4,663,-659
111900004,89,277,-188
111900006,11,78,-67
111900007,76,7,69
111900008,206,4,202
111900009,262,345,-83
111900010,420,774,-354
111900012,259,219,40
111900013,46,191,-145
111900014,8052,3803,4249
111900015,1,129,-128
111900016,2,228,-226
111900017,0,241,-241
111900018,239,5,234
111900019,3,175,-172
111900020,9,95,-86
111900021,68,165,-97
111900022,37,152,-115
111900023,221,149,72
111900024,0,87,-87
111900025,1,71,-70
111900026,0,122,-122
111900027,10,229,-219
111900028,2,542,-540
111900029,3,139,-136
111900030,57,547,-490
111900031,7,28,-21
111900032,5,475,-470
111900033,5,145,-140
111900034,352,882,-530
111900035,87,364,-277
111900036,3,380,-377
111900038,464,867,-403
111900039,98,610,-512
111900040,1,744,-743
111900042,74,183,-109
111900043,5,574,-569
111900044,461,368,93
111900046,66,277,-211
111900048,126,684,-558
111900049,40,398,-358
111900050,127,26,101
111900051,6,207,-201
111900052,616,876,-260
111900053,1528,1287,241
111900054,205,6,199
111900055,42,422,-380
111900056,381,289,92
111900057,97,44,53
111900058,367,1022,-655
111900059,3211,562,2649
111900060,427,3,424
111900061,14,207,-193
111900062,23,79,-56
111900063,361,241,120
111900064,107,209,-102
111900065,82,48,34
111900066,133,218,-85
111900067,2,461,-459
111900068,78,62,16
111900069,74,33,41
111900070,135,154,-19
111900071,0,310,-310
111900072,29,19,10
111900073,939,150,789
111900074,18,249,-231
111900075,79,7,72
111900076,162,46,116
111900077,34,2,32
111900078,291,23,268
111900079,45,28,17
111900080,344,270,74
111900082,88,27,61
111900083,142,16,126
111900084,182,11,171
111900085,53,92,-39
111900086,31,4,27
111900087,35,0,35
111900088,601,7,594
111900089,109,1,108
111900090,82,47,35
111900091,160,2,158
111900092,94,3,91
111900093,409,11,398
111900094,104,16,88
111900095,213,34,179
111900096,88,0,88
111900097,47,1,46
111900098,181,1,180
111900099,67,0,67
111900100,141,4,137
111900101,130,26,104
111900102,558,1001,-443
111900103,101,112,-11
111900104,255,155,100
111900105,458,269,189
111900106,1839,98,1741
111900110,2945,479,2466
111900111,151,254,-103
111900112,1139,2534,-1395
111900113,398,101,297
111900118,399,84,315
111900119,329,127,202
111900122,111,59,52
111900123,37,33,4
111900124,42,163,-121
111900125,557,22,535
111900126,349,5,344
111900127,3,968,-965
111900128,6,738,-732
111900129,278,7,271
111900130,308,38,270
111900131,379,4,375
111900132,46,1573,-1527
111900133,26,608,-582
111900134,36,328,-292
111900135,12,37,-25
111900136,135,124,11
111900137,116,120,-4
111900138,17,142,-125
111900139,17,228,-211
111900140,98,37,61
111900141,63,19,44
111900142,74,34,40
111900143,13,284,-271
111900144,0,146,-146
111900145,3,828,-825
111900146,3,404,-401
111900147,277,610,-333
111900148,34,990,-956
111900149,16,464,-448
111900150,21,244,-223
111900151,9,40,-31
111900152,123,97,26
111900153,1950,409,1541
111900154,15,278,-263
111900155,46,91,-45
111900156,36,59,-23
111900157,73,9,64
111900158,592,65,527
111900159,272,25,247
111900160,247,1,246
111900161,165,7,158
111900162,102,219,-117
111900163,41,321,-280
111900164,107,77,30
111901113,505,421,84
111901114,385,440,-55
111901115,105,0,105
111901116,79,6,73
111901117,21,48,-27
111901118,116,349,-233
111901119,1570,151,1419
111901121,257,342,-85
111901122,6,776,-770
111901123,166,448,-282
111901124,152,1,151
111901125,405,255,150
111901127,1035,506,529
111901128,20,139,-119
111901129,11,227,-216
111901130,17,306,-289
111901131,3,294,-291
111901132,150,16,134
111901133,35,5,30
111901134,71,6,65
111901135,26,22,4
111901136,57,51,6
111901137,0,20,-20
111901138,213,73,140
111901139,24,57,-33
111901140,21,195,-174
111901141,18,334,-316
111901142,11,231,-220
111901143,1,143,-142
111901144,57,54,3
111901145,272,362,-90
111901146,742,49,693
112000001,2297,1263,1034
112000002,1126,3559,-2433
112000003,1533,1361,172
112000004,991,2004,-1013
112000005,3580,4182,-602
112000006,2875,2929,-54
112000007,3299,2441,858
112000008,3683,5111,-1428
112000009,4950,5251,-301
112000010,3964,4281,-317
112000011,2975,3164,-189
112000012,9782,4757,5025
112000013,8992,5058,3934
112000014,5626,1874,3752
112000015,5404,4976,428
112000016,14026,2060,11966
112000017,5667,3674,1993
112000024,3096,1330,1766
112000026,5631,6762,-1131
112000027,1308,786,522
112000028,2504,2293,211
112000029,536,1232,-696
112000030,280,197,83
112000031,2816,6829,-4013
112000032,747,121,626
112000033,4178,2197,1981
112000034,571,95,476
112000035,209,598,-389
112000036,1990,1543,447
112000037,3005,1170,1835
112000038,2474,1671,803
112000039,76,101,-25
112000040,132,330,-198
112000041,870,618,252
112000042,1699,637,1062
112000050,1478,2923,-1445
112000051,1445,1801,-356
112000054,2299,3086,-787
112000057,844,607,237
112000058,684,1048,-364
112000059,709,1295,-586
112000061,5287,3034,2253
112000062,2323,1212,1111
112000063,1726,2176,-450
112000064,5524,7676,-2152
112000065,2875,3290,-415
112000066,4463,2242,2221
112000067,1159,981,178
112000068,4294,2942,1352
112000069,1445,2758,-1313
112000070,3500,1367,2133
112000071,1640,3608,-1968
112000072,2912,1371,1541
112000073,2639,2876,-237
112000074,2215,1505,710
112000075,2187,1805,382
112000076,5008,3746,1262
112000077,724,952,-228
112000078,2067,1126,941
112000079,2040,2029,11
112000080,1001,1322,-321
112000081,2300,3089,-789
112000082,1875,1271,604
112000083,744,1740,-996
112000084,1471,1172,299
112000085,1797,1641,156
112000086,2617,2185,432
112000087,525,646,-121
112000088,724,973,-249
112000089,677,538,139
112000090,490,467,23
112000091,839,1598,-759
112000092,2021,1621,400
112000093,1829,1320,509
112000094,730,1381,-651
112000095,810,1249,-439
112000096,624,1006,-382
112000097,1674,879,795
112000098,1370,1906,-536
112000099,796,1911,-1115
112000100,2045,1443,602
112000101,661,1539,-878
112000102,1430,754,676
112000103,364,1716,-1352
112000105,858,2320,-1462
112000106,2217,606,1611
112000107,41,440,-399
112000108,521,2366,-1845
112000109,123,145,-22
112000110,2672,856,1816
112000111,2509,6267,-3758
112000112,9385,979,8406
112000113,1855,3280,-1425
112000114,6706,1507,5199
112000115,484,807,-323
112000116,1028,1622,-594
112000117,1732,1266,466
112000118,1674,1331,343
112000119,700,1134,-434
112000120,107,599,-492
112000121,149,844,-695
112000122,261,248,13
112000123,709,229,480
112000124,360,144,216
112000125,167,294,-127
112000126,250,746,-496
112000127,4393,2663,1730
112000128,1482,1121,361
112000129,177,136,41
112000130,232,116,116
112000131,78,556,-478
112000132,144,384,-240
112000133,589,460,129
112000134,676,586,90
112000135,2818,1228,1590
112000136,2879,2574,305
112000137,5921,5086,835
112000138,7287,2681,4606
112000139,1169,651,518
112000140,1431,1315,116
112000141,1014,464,550
112000142,316,1001,-685
112000143,1256,332,924
112000144,448,1947,-1499
112000145,2655,887,1768
112000146,909,3051,-2142
112000147,3201,2426,775
112000148,2339,3516,-1177
112000149,610,1067,-457
112000150,290,1060,-770
112000151,427,840,-413
112000152,349,729,-380
112000153,257,413,-156
112000154,150,446,-296
112000155,187,141,46
112000157,1449,925,524
112000158,377,897,-520
112000159,669,622,47
112000167,567,138,429
112000169,473,562,-89
112000173,889,353,536
112000175,1231,610,621
112000176,4996,3157,1839
112000177,757,253,504
112000178,133,772,-639
112000179,302,195,107
112000180,262,476,-214
112000181,1958,2791,-833
112000182,1213,2858,-1645
112000183,57,87,-30
112000184,463,819,-356
112000185,633,849,-216
112000187,5271,3318,1953
112000195,275,37,238
112000196,415,8,407
112000197,315,176,139
112000198,51,400,-349
112000199,1597,1523,74
112000202,406,1,405
112000216,60,357,-297
112000230,147,17,130
112000231,3,419,-416
112000256,62,380,-318
112000313,146,205,-59
112000314,114,37,77
112000337,530,904,-374
112000352,738,491,247
112000392,1930,2102,-172
112000398,1613,1293,320
112000399,4129,3463,666
112000400,2721,5143,-2422
112000401,3784,4045,-261
112000402,3916,3754,162
112000403,4758,4260,498
112000404,757,1168,-411
112000405,2130,3812,-1682
112000406,4776,3944,832
112000407,7965,10870,-2905
112000408,11067,9750,1317
112000409,2178,7060,-4882
112000410,629,290,339
112000411,6775,2892,3883
112000412,1899,868,1031
112000413,13016,6696,6320
112000414,126,183,-57
112000415,310,89,221
112000416,2608,1937,671
112000417,378,122,256
112000421,67,167,-100
112000422,544,799,-255
112000424,3949,4432,-483
112000425,694,1348,-654
112000426,177,617,-440
112000427,4,13,-9
112000428,282,561,-279
112000429,3317,4423,-1106
112000430,3319,4335,-1016
112000431,115,258,-143
112000432,782,2044,-1262
112000433,799,1413,-614
112000437,58,322,-264
112900001,77,4,73
112900002,420,1611,-1191
112900003,63,506,-443
112900004,78,398,-320
112900005,195,336,-141
112900006,15,503,-488
112900007,52,309,-257
112900008,4,30,-26
112900009,498,175,323
112900010,406,1151,-745
112900011,280,396,-116
112900012,2,69,-67
112900013,26,334,-308
112900014,6,475,-469
112900015,513,985,-472
112900016,4,439,-435
112900017,60,373,-313
112900018,1,423,-422
112900019,123,306,-183
112900020,513,1767,-1254
112900021,3,332,-329
112900022,14,159,-145
112900023,3,304,-301
112900024,31,313,-282
112900025,140,401,-261
112900026,9,386,-377
112900027,18,1852,-1834
112900028,59,189,-130
112900029,13,870,-857
112900030,277,328,-51
112900031,7,710,-703
112900032,284,412,-128
112900034,0,103,-103
112900035,25,603,-578
112900036,107,229,-122
112900037,257,247,10
112900038,752,193,559
112900039,41,474,-433
112900040,9,672,-663
112900041,1728,1824,-96
112900042,110,562,-452
112900043,157,74,83
112900044,880,723,157
112900045,643,488,155
112900046,320,100,220
112900047,25,38,-13
112900049,277,136,141
112900050,88,823,-735
112900051,486,954,-468
112900052,36,1319,-1283
112900053,538,225,313
112900054,342,52,290
112900055,265,40,225
112900056,637,332,305
112900057,22,800,-778
112900058,296,444,-148
112900059,161,254,-93
112900060,15,320,-305
112900061,116,200,-84
112900062,85,252,-167
112900063,151,20,131
112900064,290,344,-54
112900065,66,29,37
112900066,279,158,121
112900067,620,286,334
112900068,46,45,1
112900069,3337,1636,1701
112900071,58,8,50
112900072,383,3325,-2942
112900073,747,97,650
112900074,181,272,-91
112900075,2368,1370,998
112900076,130,27,103
112900078,351,658,-307
112900079,427,48,379
112900080,46,8,38
112900081,60,349,-289
112900082,536,26,510
112900083,171,92,79
112900084,302,142,160
112900086,96,3,93
112900087,911,304,607
112900088,164,28,136
112900089,1022,36,986
112900090,49,17,32
112900091,270,6,264
112900092,312,355,-43
112900093,2521,48,2473
112900095,45,2,43
112900096,513,307,206
112900097,140,578,-438
112900098,296,5,291
112900099,1093,13,1080
112900100,86,1,85
112900101,384,7,377
112900102,1112,11,1101
112900103,230,5,225
112900104,700,14,686
112900105,23,1,22
112900106,640,206,434
112900107,5,1,4
112900108,112,0,112
112900109,101,0,101
112900110,1028,13,1015
112900111,774,9,765
112900112,395,1,394
112900113,0,16,-16
112900114,119,124,-5
112900115,1157,8,1149
112900116,97,61,36
112900117,128,137,-9
112900118,39,95,-56
112900119,295,5,290
112900120,1042,404,638
112900121,275,312,-37
112900122,24,190,-166
112900123,211,25,186
112900124,33,178,-145
112900125,108,613,-505
112900126,240,304,-64
112900127,463,130,333
112900128,567,998,-431
112900129,7,1339,-1332
112900130,383,156,227
112900131,86,284,-198
112900132,182,625,-443
112900133,29,1778,-1749
112900134,2,431,-429
112900135,167,59,108
112900137,3,857,-854
112900138,7,585,-578
112900139,385,1557,-1172
112900141,1006,40,966
112900142,121,202,-81
112900143,39,781,-742
112900144,5,401,-396
112900145,33,640,-607
112900146,11,1668,-1657
112900147,10,2974,-2964
112900148,102,4,98
112900149,350,860,-510
112900151,25,100,-75
112900152,5779,1343,4436
112900153,2936,2770,166
112900154,2,174,-172
112900155,249,40,209
112900156,401,1984,-1583
112900157,356,132,224
112900158,59,33,26
112900159,301,142,159
112900160,92,440,-348
112900161,129,64,65
112900162,43,39,4
112900163,148,41,107
112900164,46,229,-183
112900165,304,79,225
112900166,42,85,-43
112900167,5,93,-88
112900168,7,6,1
112900169,13,10,3
112900170,115,124,-9
112900172,63,12,51
112900173,302,174,128
112900174,451,59,392
112900175,259,252,7
112900176,11,56,-45
112900177,338,104,234
112900178,1094,4769,-3675
112900179,54,725,-671
112900180,3626,2507,1119
112900181,657,5,652
112900182,93,1788,-1695
112900183,290,531,-241
112900184,674,643,31
112900185,627,848,-221
112900186,2415,1435,980
112900187,157,805,-648
112900188,1014,857,157
112900189,25,49,-24
112900190,87,79,8
112900192,914,815,99
112900193,1895,520,1375
112900194,113,162,-49
112900195,1375,64,1311
112900196,236,518,-282
112900197,262,530,-268
112900199,721,895,-174
112900200,756,398,358
112900201,83,135,-52
112900202,436,1359,-923
112900203,223,477,-254
112900204,1358,770,588
112900205,8,18,-10
112900206,23,106,-83
112900207,30,0,30
112900208,87,440,-353
112900209,631,512,119
112900210,0,35,-35
112900211,164,223,-59
112900212,1,134,-133
112900213,36,27,9
112900214,56,13,43
112900215,15,272,-257
112900216,26,121,-95
112900217,2,76,-74
112900218,65,23,42
112900219,100,21,79
112900220,10,0,10
112900221,33,172,-139
112900222,3,67,-64
112900223,1519,33,1486
112900224,356,919,-563
112900225,545,683,-138
112900226,316,519,-203
112900227,540,1883,-1343
112900228,54,44,10
112900229,223,80,143
112900230,10743,6594,4149
112900232,298,393,-95
112900233,129,316,-187
112900234,19,174,-155
112900235,122,36,86
112900236,277,22,255
112900237,324,374,-50
112900238,9,72,-63
112900239,1365,637,728
113000001,6857,9783,-2926
113000002,4501,5558,-1057
113000003,2492,3961,-1469
113000004,2764,4130,-1366
113000005,1977,1648,329
113000006,1526,2405,-879
113000007,2918,1994,924
113000008,2731,2720,11
113000009,1241,1383,-142
113000010,1596,2388,-792
113000011,1276,2216,-940
113000012,2138,1561,577
113000013,2808,981,1827
113000014,2452,1949,503
113000015,1418,453,965
113000016,1313,933,380
113000017,205,580,-375
113000018,820,92,728
113000019,368,359,9
113000020,552,50,502
113000021,2598,976,1622
113000022,870,1688,-818
113000025,491,744,-253
113000026,815,742,73
113000027,1763,799,964
113000028,2192,723,1469
113000029,1012,922,90
113000030,541,907,-366
113000031,376,454,-78
113000032,343,508,-165
113000033,410,642,-232
113000034,503,542,-39
113000035,64,44,20
113000036,41,88,-47
113000037,95,69,26
113000038,20,77,-57
113000039,112,973,-861
113000040,55,122,-67
113000042,1017,911,106
113000051,1180,3669,-2489
113000052,2922,1789,1133
113000053,497,843,-346
113000054,413,1494,-1081
113000055,1532,1130,402
113000056,1059,1583,-524
113000058,1117,1108,9
113000059,1465,936,529
113000060,322,829,-507
113000061,723,1555,-832
113000062,1787,378,1409
113000063,184,275,-91
113000064,54,548,-494
113000065,210,1347,-1137
113000066,867,173,694
113000067,2325,2077,248
113000068,539,2417,-1878
113000069,727,1928,-1201
113000070,2737,1601,1136
113000071,552,968,-416
113000072,932,808,124
113000073,726,2405,-1679
113000074,1466,678,788
113000075,2708,1035,1673
113000076,1373,2870,-1497
113000077,1772,780,992
113000078,1224,3666,-2442
113000079,1917,1233,684
113000080,1255,923,332
113000081,1511,1359,152
113000082,2543,1269,1274
113000083,809,1331,-522
113000084,2394,1835,559
113000085,1195,1204,-9
113000086,1623,1902,-279
113000087,1333,1438,-105
113000088,3794,1910,1884
113000089,1285,2431,-1146
113000090,394,967,-573
113000091,922,595,327
113000094,1916,368,1548
113000095,384,1283,-899
113000096,258,1133,-875
113000097,1811,517,1294
113000098,209,46,163
113000099,1633,475,1158
113000100,160,615,-455
113000101,577,797,-220
113000102,1014,507,507
113000103,3632,807,2825
113000104,681,3461,-2780
113000105,1041,611,430
113000106,527,811,-284
113000107,999,1208,-209
113000108,1164,2167,-1003
113000109,801,5354,-4553
113000110,2126,754,1372
113000111,236,1104,-868
113000112,462,537,-75
113000113,2182,436,1746
113000114,450,2522,-2072
113000116,1480,434,1046
113000117,1177,159,1018
113000118,245,1142,-897
113000119,767,564,203
113000120,192,428,-236
113000121,1569,1557,12
113000124,410,247,163
113000125,88,1014,-926
113000127,3973,648,3325
113000128,886,997,-111
113000129,762,1812,-1050
113000133,4402,2721,1681
113000134,18,1668,-1650
113000135,4634,6694,-2060
113000137,2601,4293,-1692
113000139,617,269,348
113000140,279,438,-159
113000141,814,319,495
113000142,1783,1935,-152
113000143,449,273,176
113000144,535,1188,-653
113000145,77,194,-117
113000146,173,129,44
113000147,189,192,-3
113000148,217,148,69
113000149,105,189,-84
113000150,882,546,336
113000151,165,103,62
113000152,36,145,-109
113000153,2333,908,1425
113000154,985,2576,-1591
113000155,464,958,-494
113000156,239,723,-484
113000157,389,1485,-1096
113000158,867,398,469
113000159,1189,1158,31
113000160,952,1815,-863
113000161,390,843,-453
113000162,1114,712,402
113000163,226,92,134
113000164,56,145,-89
113000166,232,152,80
113000167,83,186,-103
113000168,120,231,-111
113000169,190,106,84
113000170,197,128,69
113000171,73,148,-75
113000172,287,117,170
113000173,94,38,56
113000174,148,614,-466
113000175,507,238,269
113000176,644,261,383
113000177,217,605,-388
113000178,281,507,-226
113000179,458,313,145
113000180,1362,2120,-758
113000181,1558,1434,124
113000182,405,791,-386
113000183,304,841,-537
113000184,27,152,-125
113000189,727,1465,-738
113000190,1770,884,886
113000192,2857,2473,384
113000193,6870,1529,5341
113000194,3182,1624,1558
113000195,3801,1182,2619
113000196,341,130,211
113000197,3200,1709,1491
113000198,106,586,-480
113000199,3315,587,2728
113000201,2296,441,1855
113000202,6511,5712,799
113000203,554,410,144
113000204,2560,2468,92
113000205,40,35,5
113000206,11,40,-29
113000207,81,29,52
113000208,62,84,-22
113000209,39,60,-21
113000210,6,39,-33
113000211,364,359,5
113000212,239,36,203
113000213,71,354,-283
113000214,242,470,-228
113000234,192,1435,-1243
113000410,2835,303,2532
113000411,5140,6650,-1510
113000412,11651,3509,8142
113000413,4821,4735,86
113000414,11389,23717,-12328
113000415,3652,5248,-1596
113000416,13192,7088,6104
113000417,4256,5430,-1174
113000418,6994,4649,2345
113000419,2581,3087,-506
113000420,5716,8195,-2479
113000421,5653,9685,-4032
113000422,19767,14992,4775
113000423,3350,6821,-3471
113000424,5038,12692,-7654
113000425,43,170,-127
113000428,499,63,436
113000430,54,334,-280
113000432,3401,280,3121
113000433,190,1199,-1009
113000434,41,292,-251
113000435,50,1014,-964
113000436,118,1755,-1637
113000437,1136,49,1087
113000438,309,11,298
113000439,27,205,-178
113000440,172,63,109
113000441,281,382,-101
113000442,180,318,-138
113000443,293,430,-137
113000444,235,346,-111
113000445,143,194,-51
113000446,68,147,-79
113000448,351,274,77
113000449,427,2321,-1894
113000450,1215,8648,-7433
113000451,1803,279,1524
113000452,853,1403,-550
113000453,124,429,-305
113000454,4150,119,4031
113000455,78,225,-147
113000456,5613,4068,1545
113000468,2986,618,2368
113000469,514,412,102
113000470,750,73,677
113000471,28,660,-632
113000472,131,537,-406
113000474,556,913,-357
113000475,2193,2719,-526
113000476,1572,2648,-1076
113000477,3737,3086,651
113000478,5956,8188,-2232
113000479,186,381,-195
113000480,172,155,17
113000484,0,0,0
113000485,0,0,0
113000486,37,0,37
113000487,0,25,-25
113000488,0,2,-2
113000489,0,6,-6
113000490,0,3,-3
113000491,11,59,-48
113000492,9,1,8
113000493,5,0,5
113000495,270,259,11
113000496,188,155,33
113000497,0,0,0
113000499,0,0,0
113000500,0,2,-2
113900001,11,451,-440
113900002,3,306,-303
113900003,8,251,-243
113900004,4,158,-154
113900005,3,150,-147
113900006,7,60,-53
113900007,591,52,539
113900008,492,0,492
113900009,875,0,875
113900010,1072,5,1067
113900011,137,9,128
113900012,84,5,79
113900013,2941,36,2905
113900014,802,2,800
113900015,2,67,-65
113900016,32,0,32
113900017,5,72,-67
113900018,660,287,373
113900019,222,121,101
113900020,163,1,162
113900022,18,0,18
113900023,53,0,53
113900024,51,109,-58
113900025,426,37,389
113900026,53,1,52
113900027,5,123,-118
113900028,34,591,-557
113900029,56,278,-222
113900030,257,3,254
113900031,9,1,8
113900032,18,0,18
113900033,100,115,-15
113900035,62,2,60
113900036,25,152,-127
113900037,112,670,-558
113900038,127,217,-90
113900039,194,21,173
113900040,10,19,-9
113900041,11,2,9
113900042,151,67,84
113900043,310,196,114
113900044,500,300,200
113900045,119,2,117
113900046,347,877,-530
113900047,69,170,-101
113900048,383,133,250
113900049,1085,532,553
113900050,377,502,-125
113900051,347,681,-334
113900052,201,251,-50
113900053,1080,859,221
113900054,65,10,55
113900055,97,674,-577
113900056,81,233,-152
113900057,28,196,-168
113900058,112,290,-178
113900059,287,567,-280
113900060,107,353,-246
113900061,1598,363,1235
113900062,112,22,90
113900063,152,219,-67
113900064,56,233,-177
113900065,725,33,692
113900066,442,591,-149
113900067,301,574,-273
113900068,671,693,-22
113900069,143,58,85
113900070,299,620,-321
113900071,94,84,10
113900072,93,258,-165
113900073,277,595,-318
113900074,359,441,-82
113900075,1705,1770,-65
113900076,276,12,264
113900077,111,298,-187
113900078,65,85,-20
113900079,2,94,-92
113900080,546,285,261
113900081,78,332,-254
113900082,202,385,-183
113900083,314,641,-327
113900084,331,165,166
113900085,58,388,-330
113900086,26,24,2
113900087,87,199,-112
113900088,72,110,-38
113900089,460,57,403
113900090,814,546,268
113900091,20,32,-12
113900092,76,153,-77
113900093,149,1046,-897
113900094,419,533,-114
113900095,162,162,0
113900096,320,66,254
113900097,65,160,-95
113900098,725,122,603
113900099,1,88,-87
113900100,0,3,-3
113900101,29,94,-65
113900102,248,179,69
113900103,398,325,73
113900104,170,349,-179
113900105,161,566,-405
113900106,2,97,-95
113900107,3,52,-49
113900108,378,343,35
113900109,539,225,314
113900110,70,21,49
113900111,193,126,67
113900112,173,131,42
113900113,1401,663,738
113900114,3,211,-208
113900115,1,126,-125
113900116,247,185,62
113900117,361,58,303
113900118,254,451,-197
113900119,292,648,-356
113900120,63,56,7
113900121,64,129,-65
113900122,458,2271,-1813
113900123,646,289,357
113900124,3,112,-109
113900125,1759,211,1548
113900126,185,86,99
113900127,404,819,-415
113900128,145,115,30
113900129,7,154,-147
113900130,12,47,-35
113900131,281,197,84
113900132,119,83,36
113900133,19,77,-58
113900135,426,608,-182
113900136,161,168,-7
113900137,518,390,128
113900138,126,242,-116
113900139,678,170,508
113900140,538,369,169
113900141,570,613,-43
113900142,161,132,29
113900143,8,55,-47
113900144,686,277,409
113900145,518,306,212
113900146,232,101,131
113900148,174,451,-277
113900149,240,138,102
113900150,1203,795,408
113900151,506,357,149
113900152,47,60,-13
113900153,560,868,-308
113900154,7,162,-155
113900155,306,225,81
113900156,384,724,-340
113900157,70,388,-318
113900158,1177,634,543
113900159,20,360,-340
113900160,983,1045,-62
113900161,81,318,-237
113900162,1331,1164,167
113900163,466,384,82
113900164,371,81,290
113900165,1029,691,338
113900166,363,269,94
113900167,295,65,230
113900168,228,173,55
113900169,392,468,-76
113900171,247,99,148
113900172,15,300,-285
113900173,55,737,-682
113900174,655,864,-209
113900175,454,190,264
113900176,384,937,-553
113900177,493,277,216
113900178,551,177,374
113900179,32,721,-689
113900180,232,124,108
113900181,777,158,619
113900182,1034,1388,-354
113900183,90,116,-26
113900184,17,654,-637
113900185,268,148,120
113900186,57,79,-22
113900187,52,206,-154
113900188,73,259,-186
113900189,348,189,159
113900190,422,141,281
113900191,158,376,-218
113900192,10,698,-688
113900193,42,313,-271
113900194,2457,1473,984
113900195,381,633,-252
113900196,18,179,-161
113900197,1,324,-323
113900198,28,248,-220
113900199,272,926,-654
113900200,38,460,-422
113900201,2,268,-266
113900202,54,463,-409
113900203,0,196,-196
113900204,54,725,-671
113900205,10,271,-261
113900206,5,230,-225
113900207,1,66,-65
113900208,1,69,-68
113900209,1,104,-103
113900210,1015,1120,-105
113900211,354,106,248
113900212,253,790,-537
113900214,567,520,47
113900215,33,221,-188
113900216,136,1707,-1571
113900217,108,309,-201
113900218,155,70,85
113900219,107,533,-426
113900220,213,187,26
113900221,409,274,135
113900222,424,870,-446
113900223,210,1462,-1252
113900224,111,97,14
113900225,892,405,487
113900226,439,161,278
113900227,386,273,113
113900228,414,655,-241
113900229,90,1236,-1146
113900230,6668,3989,2679
113900231,238,312,-74
113900232,113,126,-13
113900233,76,114,-38
113900234,456,694,-238
113900235,126,48,78
113900236,139,536,-397
113900237,209,12,197
113900238,366,762,-396
113900239,113,132,-19
113900240,8,179,-171
113900241,140,87,53
113900242,60,180,-120
113900243,139,625,-486
113900244,494,389,105
113900245,1625,417,1208
113900246,29,35,-6
113900247,233,544,-311
113900248,4148,2525,1623
113900249,1456,558,898
113900250,78,218,-140
113900251,715,286,429
113900252,756,24,732
113900253,1009,103,906
113900254,1093,219,874
113900255,530,28,502
113900256,447,33,414
113900257,38,787,-749
113900258,16,658,-642
113900259,675,332,343
113900260,273,28,245
113900261,21,129,-108
113900262,187,876,-689
113900263,244,816,-572
113900264,12,737,-725
113900265,291,428,-137
113900266,44,308,-264
113900267,184,670,-486
113900268,433,532,-99
113900269,101,216,-115
113900270,422,846,-424
113900271,786,1728,-942
113900273,104,15,89
113900274,127,39,88
113900275,36,97,-61
113900276,5,298,-293
113900277,171,1,170
113900278,469,283,186
113900279,140,108,32
113900280,1839,723,1116
113900281,743,2011,-1268
113900282,1208,799,409
113900283,635,699,-64
113900284,1219,197,1022
113900285,207,69,138
113900286,16,138,-122
113900287,78,52,26
113900288,28,325,-297
113900289,1659,155,1504
113900290,563,266,297
113900291,211,305,-94
113900292,12,9,3
113900293,3,464,-461
113900294,584,45,539
113900295,680,552,128
113900296,2772,542,2230
113900297,2506,45,2461
113900298,17,2109,-2092
113900299,144,299,-155
113900300,7772,4551,3221
113900301,1337,571,766
113900302,3370,1306,2064
113900303,789,697,92
113900304,1,190,-189
113900305,108,0,108
113900306,37,1,36
113900307,186,0,186
113900308,155,181,-26
113900309,1,1016,-1015
113900310,1,28,-27
113900311,12,0,12
113900312,254,262,-8
113900313,36,9,27
114000001,1519,4666,-3147
114000002,316,609,-293
114000003,59,457,-398
114000004,486,529,-43
114000005,322,353,-31
114000006,4669,3736,933
114000007,1120,2139,-1019
114000008,2132,2545,-413
114000009,975,345,630
114000011,3180,4382,-1202
114000012,2669,3422,-753
114000013,1863,2775,-912
114000014,669,538,131
114000015,2578,751,1827
114000016,293,441,-148
114000017,185,445,-260
114000018,547,90,457
114000026,1997,2061,-64
114000027,3925,2958,967
114000028,3188,3487,-299
114000038,351,222,129
114000039,204,115,89
114000040,133,347,-214
114000042,172,319,-147
114000043,84,224,-140
114000044,252,83,169
114000045,92,113,-21
114000046,5001,7642,-2641
114000047,51,138,-87
114000048,98,51,47
114000049,2301,2592,-291
114000050,2469,3700,-1231
114000051,5080,2911,2169
114000052,6672,2103,4569
114000053,148,864,-716
114000054,263,1566,-1303
114000055,668,57,611
114000056,1393,1161,232
114000057,10901,3173,7728
114000058,802,2021,-1219
114000059,449,473,-24
114000060,1038,1473,-435
114000061,5470,3503,1967
114000062,3269,1853,1416
114000063,3773,2527,1246
114000064,9101,5083,4018
114000065,2258,3822,-1564
114000066,652,842,-190
114000067,51,888,-837
114000068,710,1131,-421
114000069,1477,1066,411
114000070,3022,2316,706
114000071,1020,992,28
114000072,626,508,118
114000073,17,140,-123
114000074,52,25,27
114000075,67,245,-178
114000076,8,196,-188
114000077,23,83,-60
114000078,506,1311,-805
114000079,184,57,127
114000080,129,170,-41
114000081,67,118,-51
114000082,55,682,-627
114000083,104,446,-342
114000084,411,121,290
114000085,132,989,-857
114000086,333,692,-359
114000087,153,357,-204
114000088,62,81,-19
114000089,1847,682,1165
114000090,957,1433,-476
114000091,2014,1469,545
114000092,1386,1175,211
114000093,1792,1611,181
114000094,583,556,27
114000095,557,174,383
114000096,203,628,-425
114000097,173,1055,-882
114000098,601,159,442
114000099,628,997,-369
114000100,1470,1216,254
114000101,538,1188,-650
114000102,711,562,149
114000103,189,610,-421
114000104,77,423,-346
114000105,218,173,45
114000106,1612,1336,276
114000107,438,158,280
114000108,2790,1591,1199
114000109,570,1486,-916
114000110,872,2283,-1411
114000111,1744,1249,495
114000112,669,2434,-1765
114000113,1542,712,830
114000114,1796,1923,-127
114000115,2820,1291,1529
114000116,945,1872,-927
114000117,3355,692,2663
114000118,2654,750,1904
114000119,2072,690,1382
114000120,702,1205,-503
114000121,611,1076,-465
114000122,514,533,-19
114000123,2236,630,1606
114000124,1285,624,661
114000125,1245,2144,-899
114000126,5767,329,5438
114000127,332,316,16
114000128,1154,770,384
114000130,721,845,-124
114000131,365,329,36
114000132,800,952,-152
114000133,1487,2377,-890
114000134,103,263,-160
114000138,50,360,-310
114000139,525,240,285
114000144,1070,602,468
114000145,130,325,-195
114000146,161,453,-292
114000147,1754,2056,-302
114000148,2688,2449,239
114000149,443,406,37
114000150,973,1003,-30
114000151,1157,1524,-367
114000152,226,42,184
114000153,1082,2697,-1615
114000154,1173,1163,10
114000155,2211,3471,-1260
114000156,1458,887,571
114000157,419,1410,-991
114000158,2625,1147,1478
114000159,242,722,-480
114000160,171,453,-282
114000161,2023,3421,-1398
114000162,1409,3015,-1606
114000163,21,223,-202
114000165,621,304,317
114000166,1059,554,505
114000167,5401,2049,3352
114000168,961,971,-10
114000169,2227,1438,789
114000170,1755,1337,418
114000171,1167,4019,-2852
114000174,275,701,-426
114000176,885,601,284
114000177,3012,1115,1897
114000178,75,69,6
114000179,1535,1318,217
114000180,682,966,-284
114000181,2219,4583,-2364
114000182,6562,3285,3277
114000183,1294,1356,-62
114000184,7232,1798,5434
114000185,1540,1474,66
114000189,1010,156,854
114000190,2719,402,2317
114000191,67,86,-19
114000192,412,2300,-1888
114000193,1069,4466,-3397
114000194,1748,1636,112
114000195,213,31,182
114000196,6,411,-405
114000197,1378,101,1277
114000198,1900,530,1370
114000199,3154,2098,1056
114000200,858,2613,-1755
114000201,332,1293,-961
114000202,1954,890,1064
114000203,665,1040,-375
114000204,220,686,-466
114000205,390,2086,-1696
114000206,706,1966,-1260
114000207,995,2875,-1880
114000208,672,4181,-3509
114000209,878,3763,-2885
114000210,435,2300,-1865
114000211,1349,2731,-1382
114000212,1103,1055,48
114000213,1821,1012,809
114000214,141,286,-145
114000215,284,133,151
114000216,3216,754,2462
114000217,287,538,-251
114000218,169,389,-220
114000219,1803,402,1401
114000220,44,1558,-1514
114000221,1054,258,796
114000222,233,1606,-1373
114000223,549,162,387
114000224,144,1031,-887
114000225,285,860,-575
114000226,188,331,-143
114000227,1442,674,768
114000228,1088,1308,-220
114000229,1364,1739,-375
114000230,1995,1837,158
114000231,1167,1778,-611
114000232,783,195,588
114000233,2502,227,2275
114000234,1479,1299,180
114000235,1150,1939,-789
114000236,3,638,-635
114000237,116,1416,-1300
114000238,361,319,42
114000239,283,1825,-1542
114000240,1073,1010,63
114000241,314,1377,-1063
114000242,1247,1319,-72
114000243,2565,1219,1346
114000244,1881,599,1282
114000245,537,887,-350
114000246,288,59,229
114000247,1702,1076,626
114000248,1566,849,717
114000249,638,971,-333
114000250,647,1060,-413
114000251,366,425,-59
114000252,88,134,-46
114000253,70,215,-145
114000254,55,140,-85
114000255,1258,410,848
114000256,2606,2445,161
114000257,681,2039,-1358
114000258,479,580,-101
114000259,245,338,-93
114000260,0,46,-46
114000261,75,59,16
114000262,294,223,71
114000263,32,3,29
114000264,1471,878,593
114000265,0,19,-19
114000267,5,2679,-2674
114000268,5,2149,-2144
114000270,165,4,161
114000271,883,82,801
114000283,1537,696,841
114000285,44,376,-332
114000288,96,424,-328
114000289,1678,168,1510
114000293,205,745,-540
114000294,215,439,-224
114000395,2918,125,2793
114000396,657,593,64
114000402,546,406,140
114000403,331,642,-311
114000405,147,745,-598
114000423,289,654,-365
114000424,600,270,330
114000425,723,600,123
114000426,414,1281,-867
114000427,75,140,-65
114000428,327,180,147
114000429,17,308,-291
114000432,123,174,-51
114000434,67,139,-72
114000435,19,369,-350
114900001,931,1759,-828
114900002,1541,126,1415
114900003,726,2424,-1698
114900004,477,588,-111
114900005,681,1289,-608
114900006,125,108,17
114900007,333,29,304
114900008,255,134,121
114900010,3508,2867,641
114900011,243,243,0
114900013,334,264,70
114900015,115,645,-530
114900018,1106,26,1080
114900020,326,125,201
114900022,25,904,-879
114900024,484,232,252
114900025,554,337,217
114900026,153,182,-29
114900027,410,336,74
114900029,79,33,46
114900030,494,395,99
114900031,522,47,475
114900032,480,82,398
114900033,2028,895,1133
114900034,45,318,-273
114900035,232,438,-206
114900036,327,1255,-928
114900037,193,319,-126
114900038,222,1143,-921
114900039,664,815,-151
114900040,133,286,-153
114900041,837,818,19
114900042,896,1075,-179
114900043,975,453,522
114900044,249,53,196
114900046,62,201,-139
114900047,293,2271,-1978
114900048,149,370,-221
114900049,26,318,-292
114900050,88,706,-618
114900051,49,534,-485
114900052,134,349,-215
114900053,301,417,-116
114900054,71,205,-134
114900057,377,10,367
114900058,0,99,-99
114900059,104,77,27
114900060,1929,1157,772
114900061,196,221,-25
114900062,515,579,-64
114900063,61,304,-243
114900064,1609,744,865
114900065,434,1049,-615
114900067,129,526,-397
114900068,76,247,-171
114900069,277,214,63
114900070,648,753,-105
114900072,12,499,-487
114900073,0,361,-361
114900074,724,1047,-323
114900075,361,14,347
114900076,26,540,-514
114900080,3317,641,2676
114900082,5360,2314,3046
114900083,1974,1545,429
114900090,511,491,20
114900091,215,273,-58
114900095,665,220,445
114900096,685,1067,-382
114900097,154,14,140
114900098,7,317,-310
114900099,283,5,278
115000001,10458,7201,3257
115000002,4377,5128,-751
115000003,6279,5539,740
115000004,4772,7807,-3035
115000005,2042,3409,-1367
115000006,1236,2336,-1100
115000007,107,277,-170
115000008,707,687,20
115000009,354,387,-33
115000010,465,214,251
115000013,142,274,-132
115000015,54,447,-393
115000016,316,358,-42
115000019,52,744,-692
115000020,180,864,-684
115000021,331,600,-269
115000022,709,481,228
115000023,502,798,-296
115000024,1660,714,946
115000025,1176,915,261
115000026,204,567,-363
115000027,287,418,-131
115000028,296,1154,-858
115000029,751,252,499
115000030,1131,1498,-367
115000031,1394,588,806
115000032,12,321,-309
115000033,280,33,247
115000034,185,1435,-1250
115000035,1436,97,1339
115000036,0,493,-493
115000037,793,17,776
115000038,65,232,-167
115000039,4787,3969,818
115000040,9336,4318,5018
115000041,2318,4343,-2025
115000042,1876,1041,835
115000043,4722,2905,1817
115000044,4987,5399,-412
115000045,3947,2832,1115
115000046,2518,3347,-829
115000047,2381,2384,-3
115000048,1971,3888,-1917
115000049,2126,5098,-2972
115000050,3789,2697,1092
115000051,2328,4093,-1765
115000052,3697,2738,959
115000053,2184,2472,-288
115000054,923,1899,-976
115000055,160,601,-441
115000056,268,572,-304
115000057,1007,921,86
115000058,475,209,266
115000059,254,206,48
115000061,598,166,432
115000062,405,447,-42
115000063,364,510,-146
115000064,432,183,249
115000065,36,575,-539
115000067,260,35,225
115000069,111,360,-249
115000070,32,1399,-1367
115000071,209,30,179
115000072,10,113,-103
115000073,1770,90,1680
115000075,137,100,37
115000076,4902,4419,483
115000077,2548,3982,-1434
115000078,1693,2357,-664
115000079,1723,3070,-1347
115000080,2964,3790,-826
115000081,608,1430,-822
115000082,4685,4944,-259
115000083,2542,3401,-859
115000084,2551,1812,739
115000085,799,1348,-549
115000086,1305,1340,-35
115000087,574,2122,-1548
115000088,2170,1045,1125
115000089,1939,1700,239
115000090,865,1378,-513
115000091,377,1288,-911
115000092,524,581,-57
115000093,508,3,505
115000094,10636,7031,3605
115000095,7990,7361,629
115000096,778,2455,-1677
115000097,1041,1439,-398
115000098,1274,1215,59
115000099,3010,4293,-1283
115000100,1248,749,499
115000101,742,2253,-1511
115000102,519,338,181
115000103,455,1078,-623
115000105,49,224,-175
115000106,656,501,155
115000107,275,808,-533
115000108,5100,3688,1412
115000109,6799,5320,1479
115000110,1947,1838,109
115000111,844,2461,-1617
115000112,797,862,-65
115000113,839,1260,-421
115000114,2232,1239,993
115000116,5630,2750,2880
115000117,5509,4303,1206
115000118,3262,2527,735
115000119,2923,3348,-425
115000120,961,1749,-788
115000121,2309,1371,938
115000122,5306,2864,2442
115000123,2485,2698,-213
115000124,1518,1361,157
115000125,878,866,12
115000126,243,416,-173
115000127,670,196,474
115000128,1049,1096,-47
115000129,499,423,76
115000130,575,1480,-905
115000131,999,411,588
115000132,376,714,-338
115000133,948,483,465
115000134,818,352,466
115000135,638,329,309
115000136,379,314,65
115000137,253,295,-42
115000138,330,371,-41
115000139,340,349,-9
115000140,371,351,20
115000141,258,433,-175
115000142,236,433,-197
115000143,739,774,-35
115000144,569,123,446
115000145,295,598,-303
115000146,686,359,327
115000147,756,733,23
115000148,427,1916,-1489
115000149,807,301,506
115000150,1020,1614,-594
115000151,1430,890,540
115000152,996,2024,-1028
115000153,1445,994,451
115000154,1082,567,515
115000155,897,1653,-756
115000156,1516,1028,488
115000157,1314,1218,96
115000158,1072,595,477
115000159,1012,744,268
115000160,1003,1046,-43
115000161,817,805,12
115000162,890,978,-88
115000163,819,718,101
115000164,848,834,14
115000165,566,565,1
115000167,180,114,66
115000168,903,435,468
115000169,863,488,375
115000170,292,170,122
115000171,480,311,169
115000172,2171,892,1279
115000173,541,680,-139
115000174,267,387,-120
115000175,392,109,283
115000176,244,101,143
115000177,321,160,161
115000178,71,393,-322
115000179,87,38,49
115000180,235,1137,-902
115000181,758,203,555
115000182,945,476,469
115000183,375,1246,-871
115000186,841,430,411
115000187,278,1115,-837
115000188,554,789,-235
115000189,385,664,-279
115000190,1231,765,466
115000191,501,790,-289
115000194,282,257,25
115000195,441,436,5
115000196,198,148,50
115000197,311,486,-175
115000198,288,296,-8
115000199,434,374,60
115000200,473,185,288
115000201,214,551,-337
115000206,548,112,436
115000207,167,513,-346
115000208,662,945,-283
115000209,924,411,513
115000210,211,159,52
115000211,359,344,15
115000212,2504,402,2102
115000224,487,89,398
115000225,65,87,-22
115000229,288,217,71
115000230,89,592,-503
115000231,371,2872,-2501
115000232,1683,421,1262
115000233,223,290,-67
115000234,35,421,-386
115000241,100,313,-213
115000242,120,447,-327
115000243,53,312,-259
115000244,6,128,-122
115000246,51,38,13
115000247,68,43,25
115000248,24,28,-4
115000249,44,28,16
115000250,443,47,396
115000251,285,221,64
115000252,160,316,-156
115000253,21,462,-441
115000258,372,288,84
115000259,397,209,188
115000261,14,28,-14
115000262,12,25,-13
115000263,20,96,-76
115000264,40,73,-33
115000267,85,93,-8
115000268,41,148,-107
115000269,148,70,78
115000270,10,24,-14
115000272,67,227,-160
115000273,442,74,368
115000280,2684,206,2478
115000281,679,824,-145
115000282,1904,980,924
115000284,429,266,163
115000296,1412,40,1372
115000297,430,166,264
115000298,123,528,-405
115000300,302,280,22
115000302,829,305,524
115000303,970,203,767
115000304,989,113,876
115000305,107,1361,-1254
115000306,248,629,-381
115000307,122,238,-116
115000308,41,2,39
115000309,22,43,-21
115000310,1084,1290,-206
115000311,944,1889,-945
115000313,122,1051,-929
115000314,497,183,314
115000315,1211,608,603
115000316,61,121,-60
115000317,283,723,-440
115000318,1114,491,623
115000319,91,435,-344
115000320,13,441,-428
115000321,748,28,720
115000322,54,388,-334
115000449,432,258,174
115000557,5,1497,-1492
115000558,844,87,757
115000587,715,676,39
115000588,3585,4534,-949
115000589,5091,3417,1674
115000590,1793,2031,-238
115000591,2918,1158,1760
115000592,1117,2582,-1465
115000593,1967,880,1087
115000594,1140,3261,-2121
115000609,162,198,-36
115000617,2944,4441,-1497
115000624,339,116,223
115000633,554,2931,-2377
115000634,3697,1172,2525
115000635,796,185,611
115000638,1466,1038,428
115000641,78,167,-89
115000642,429,405,24
115000643,138,773,-635
115000644,159,614,-455
115000646,1102,1887,-785
115000647,220,668,-448
115000648,2098,2599,-501
115000893,4494,1776,2718
115000894,237,1524,-1287
115000895,639,1040,-401
115000896,1770,463,1307
115000897,788,189,599
115000898,894,292,602
115000899,944,1533,-589
115000900,149,652,-503
115000901,111,218,-107
115000912,376,206,170
115000913,5,36,-31
115000915,178,0,178
115000916,10,1,9
115000917,0,20,-20
115000918,65,413,-348
115000919,32,15,17
115000920,136,55,81
115000921,1183,201,982
115000922,2384,1016,1368
115000923,822,1157,-335
115000925,90,100,-10
115000927,60,77,-17
115000933,454,226,228
115000934,166,284,-118
115000935,123,152,-29
115000936,57,838,-781
115000937,1350,227,1123
115000938,133,256,-123
115000939,129,185,-56
115900001,136,90,46
115900002,104,208,-104
115900003,246,168,78
115900004,2,85,-83
115900005,169,23,146
115900006,202,494,-292
115900008,59,32,27
115900009,88,381,-293
115900010,392,248,144
115900011,1062,500,562
115900012,186,141,45
115900013,615,207,408
115900014,165,285,-120
115900015,176,122,54
115900016,117,36,81
115900017,9,7,2
115900018,258,142,116
115900019,432,31,401
115900020,67,0,67
115900021,2092,235,1857
115900022,2677,9,2668
115900023,61,3,58
115900025,101,389,-288
115900026,1331,333,998
115900027,3,442,-439
115900028,752,96,656
115900029,25,550,-525
115900030,39,27,12
115900031,439,432,7
115900032,652,1078,-426
115900033,0,70,-70
115900034,28,715,-687
115900035,81,22,59
115900036,238,898,-660
115900037,67,505,-438
115900038,57,7,50
115900039,232,387,-155
115900041,664,682,-18
115900042,43,3,40
115900043,159,142,17
115900044,361,383,-22
115900046,315,364,-49
115900047,205,185,20
115900049,222,397,-175
115900051,0,90,-90
115900052,11,315,-304
115900053,292,366,-74
115900054,234,49,185
115900055,30,152,-122
115900056,324,500,-176
115900057,70,5,65
115900058,23,82,-59
115900060,343,254,89
115900061,268,2,266
115900062,48,406,-358
115900063,56,19,37
115900064,214,320,-106
115900065,147,157,-10
115900066,257,212,45
115900067,6,983,-977
115900068,4473,1066,3407
115900069,90,229,-139
115900070,241,228,13
115900071,1,654,-653
115900072,64,305,-241
115900073,96,96,0
115900074,7,440,-433
115900075,54,361,-307
115900076,5,97,-92
115900077,13,355,-342
115900078,61,165,-104
115900079,201,18,183
115900080,753,368,385
115900081,21,83,-62
115900082,204,259,-55
115900084,374,26,348
115900085,118,97,21
115900086,2117,816,1301
115900088,43,104,-61
115900089,310,938,-628
115900090,296,13,283
115900091,14,38,-24
115900092,22,288,-266
115900093,7,44,-37
115900094,6,516,-510
115900096,5,31,-26
115900097,9,612,-603
115900098,152,617,-465
115900099,176,91,85
115900100,13,777,-764
115900101,164,457,-293
115900102,96,112,-16
115900103,430,302,128
115900104,62,173,-111
115900105,253,943,-690
115900106,53,42,11
115900107,66,225,-159
115900108,139,79,60
115900109,85,572,-487
115900110,1,39,-38
115900111,9,110,-101
115900112,43,1357,-1314
115900113,51,39,12
115900114,12,216,-204
115900115,93,357,-264
115900116,127,1377,-1250
115900117,83,24,59
115900118,9,392,-383
115900119,227,216,11
115900120,34,500,-466
115900121,219,348,-129
115900124,279,883,-604
115900125,339,65,274
115900126,758,113,645
115900127,752,94,658
115900128,7,90,-83
115900129,849,68,781
115900130,32,281,-249
115900131,548,32,516
115900132,557,10,547
115900134,499,19,480
115900135,645,1306,-661
115900137,39,11,28
115900139,150,103,47
115900140,206,32,174
115900141,9,51,-42
115900142,20,34,-14
115900143,628,520,108
115900144,116,269,-153
115900146,19,171,-152
115900147,313,333,-20
115900148,51,13,38
115900149,113,27,86
115900150,115,91,24
115900151,22,111,-89
115900152,192,496,-304
115900153,153,354,-201
115900154,859,444,415
115900155,0,117,-117
115900156,871,1132,-261
115900157,248,762,-514
115900158,42,16,26
115900159,179,369,-190
115900160,30,7,23
115900161,477,274,203
115900163,244,231,13
115900164,596,93,503
115900165,5,253,-248
115900166,260,266,-6
115900168,181,269,-88
115900171,169,573,-404
115900172,67,193,-126
115900173,294,201,93
115900174,400,267,133
115900175,125,285,-160
115900178,13,926,-913
115900179,220,17,203
115900180,63,378,-315
115900181,212,303,-91
115900182,422,381,41
115900183,175,58,117
115900184,2014,17,1997
115900187,15,144,-129
115900189,0,295,-295
115900190,810,1571,-761
115900191,71,605,-534
115900192,19,97,-78
115900193,284,226,58
115900194,713,82,631
115900195,790,2131,-1341
115900198,327,539,-212
115900199,222,372,-150
115900200,470,516,-46
115900201,517,357,160
115900202,2,71,-69
115900203,9,8,1
115900204,2,1,1
115900205,193,28,165
115900206,255,234,21
115900207,31,33,-2
115900208,205,328,-123
115900209,9,231,-222
115900210,8,190,-182
115900211,8,276,-268
115900212,186,507,-321
115900213,232,75,157
115900214,384,374,10
115900215,35,128,-93
115900216,6,142,-136
115900217,13,67,-54
115900218,0,61,-61
115900219,89,9,80
115900220,106,16,90
115900221,86,26,60
115900222,35,49,-14
115900223,9,350,-341
115900224,1913,1175,738
115900225,76,46,30
115900226,27,62,-35
115900227,10,63,-53
115900228,18,60,-42
115900229,8,62,-54
115900230,93,162,-69
115900231,162,8,154
115900232,94,3,91
115900233,112,22,90
115900234,69,35,34
115900235,49,54,-5
115900236,98,29,69
115900237,42,54,-12
115900238,43,35,8
115900239,18,42,-24
115900240,9,103,-94
115900241,249,180,69
115900242,350,494,-144
115900243,2,6,-4
115900244,7,21,-14
115900245,44,20,24
115900246,62,5,57
115900247,33,14,19
115900248,15,6,9
115900249,10,25,-15
115900250,4,30,-26
115900251,5,16,-11
115900252,7,5,2
115900253,11,27,-16
115900254,11,31,-20
115900255,14,26,-12
115900256,45,30,15
115900257,8,13,-5
115900258,0,2,-2
115900259,7,10,-3
115900260,19,6,13
115900261,20,2,18
115900262,0,6,-6
115900263,6,4,2
115900264,17,8,9
115900265,2,22,-20
115900266,7,20,-13
115900267,21,19,2
115900268,8,14,-6
115900269,596,674,-78
115900270,435,750,-315
115900271,146,0,146
115900272,37,0,37
115900273,8,29,-21
115900274,2,15,-13
115900275,1,27,-26
115900276,0,64,-64
115900277,0,105,-105
115900278,60,142,-82
115900279,23,231,-208
115900280,15,563,-548
115900281,703,340,363
115900282,36,11,25
115900283,10,45,-35
115900284,18,15,3
116000001,19619,7720,11899
116000002,6275,14848,-8573
116000003,2451,2767,-316
116000004,3218,5149,-1931
116000005,5122,4899,223
116000006,4648,2521,2127
116000007,5581,5579,2
116000008,8780,2884,5896
116000009,2243,3518,-1275
116000010,2808,1943,865
116000011,1450,2693,-1243
116000012,1789,1330,459
116000013,18848,7172,11676
116000014,23543,16134,7409
116000015,617,1966,-1349
116000016,11157,5484,5673
116000017,66,1030,-964
116000018,1029,798,231
116000019,1535,485,1050
116000020,859,1746,-887
116000021,629,466,163
116000022,469,619,-150
116000023,1630,1222,408
116000024,875,1429,-554
116000025,1340,996,344
116000026,2661,3525,-864
116000027,2158,919,1239
116000028,655,1243,-588
116000029,1782,1076,706
116000030,916,750,166
116000031,246,398,-152
116000032,561,399,162
116000033,532,718,-186
116000034,1645,1571,74
116000035,742,1339,-597
116000036,2298,1061,1237
116000037,810,771,39
116000038,711,493,218
116000039,664,372,292
116000040,2066,299,1767
116000041,218,673,-455
116000042,842,262,580
116000043,86,804,-718
116000044,27,84,-57
116000045,2970,2181,789
116000046,1872,1990,-118
116000047,3728,4649,-921
116000048,4012,2711,1301
116000049,1482,3498,-2016
116000050,1706,3130,-1424
116000051,7340,3491,3849
116000052,7563,7118,445
116000053,3129,1921,1208
116000054,1136,3938,-2802
116000055,894,2240,-1346
116000056,1055,1978,-923
116000057,6346,2921,3425
116000058,4890,3398,1492
116000059,3938,6586,-2648
116000060,3681,1227,2454
116000061,962,1426,-464
116000062,1163,356,807
116000063,1026,1473,-447
116000066,370,906,-536
116000067,302,763,-461
116000068,348,467,-119
116000069,413,592,-179
116000078,649,1572,-923
116000080,2451,1525,926
116000082,19,148,-129
116000083,1809,684,1125
116000084,3179,5282,-2103
116000085,2988,2173,815
116000086,2471,1688,783
116000087,2187,1965,222
116000088,1113,1675,-562
116000089,253,193,60
116000090,165,214,-49
116000091,688,289,399
116000093,751,701,50
116000094,863,1032,-169
116000095,1028,940,88
116000096,1041,2389,-1348
116000097,1495,1196,299
116000098,287,10495,-10208
116000099,12526,525,12001
116000100,248,42,206
116000101,1041,1792,-751
116000102,362,2214,-1852
116000103,733,409,324
116000104,355,2508,-2153
116000105,1719,333,1386
116000106,1157,1543,-386
116000107,4956,681,4275
116000108,1050,284,766
116000111,194,38,156
116000113,132,140,-8
116000114,66,241,-175
116000115,382,208,174
116000116,346,820,-474
116000117,1869,2755,-886
116000118,1674,2205,-531
116000119,3273,2650,623
116000120,3597,6570,-2973
116000121,970,814,156
116000122,1646,2678,-1032
116000123,1171,740,431
116000124,519,1553,-1034
116000125,3166,1073,2093
116000126,487,2104,-1617
116000127,1662,2008,-346
116000128,1755,1362,393
116000129,1301,280,1021
116000130,598,557,41
116000133,993,1498,-505
116000134,2349,3491,-1142
116000135,2849,1992,857
116000136,1640,2827,-1187
116000137,1405,953,452
116000138,1117,762,355
116000139,2525,3207,-682
116000140,310,317,-7
116000141,522,1125,-603
116000142,5005,4413,592
116000143,2628,2618,10
116000144,2045,3533,-1488
116000145,2134,2039,95
116000146,595,461,134
116000147,473,180,293
116000148,667,683,-16
116000149,868,824,44
116000151,942,1081,-139
116000153,141,976,-835
116000155,339,497,-158
116000156,720,1516,-796
116000157,66,45,21
116000158,463,684,-221
116000159,20,20,0
116000160,21,188,-167
116000161,4,174,-170
116000162,119,88,31
116000163,39,9,30
116000164,66,27,39
116000177,1042,166,876
116000194,143,641,-498
116000195,2535,948,1587
116000196,4,4,0
116000197,1,5,-4
116000198,3775,1916,1859
116000200,1087,676,411
116000201,848,936,-88
116000202,17,398,-381
116000203,4,171,-167
116000204,23,68,-45
116000205,4,294,-290
116000206,1,156,-155
116000207,8,65,-57
116000233,293,837,-544
116000287,184,791,-607
116000288,271,380,-109
116000292,165,149,16
116000296,24,362,-338
116000297,105,22,83
116000304,175,64,111
116000305,30,159,-129
116000346,263,200,63
116000352,212,127,85
116000354,87,50,37
116000357,24,80,-56
116000358,419,53,366
116000361,79,3,76
116000372,12915,5538,7377
116000381,128,5,123
116000388,3,79,-76
116000389,1434,727,707
116000445,365,947,-582
116000446,714,1218,-504
116000447,27,647,-620
116000448,878,367,511
116000563,1473,1119,354
116000565,81,573,-492
116000568,126,391,-265
116000579,33,180,-147
116000584,28,9,19
116000585,35,20,15
116000586,257,205,52
116000587,933,984,-51
116000589,57,84,-27
116000590,130,90,40
116000591,197,474,-277
116000592,16,161,-145
116000593,0,27,-27
116000594,686,716,-30
116000595,1073,292,781
116000596,151,16,135
116000597,452,123,329
116000598,33,279,-246
116000602,139,748,-609
116000605,344,244,100
116000606,80,342,-262
116000607,3,48,-45
116000609,328,1197,-869
116000611,118,730,-612
116000612,1001,2831,-1830
116000613,658,483,175
116000614,630,964,-334
116000615,3,349,-346
116000616,87,180,-93
116000617,80,133,-53
116000618,14,241,-227
116000619,90,90,0
116000620,106,103,3
116000621,61,198,-137
116000622,74,225,-151
116000624,350,108,242
116000627,67,64,3
116000628,76,874,-798
116000629,33,722,-689
116000630,502,113,389
116000631,247,101,146
116000632,429,478,-49
116000633,88,639,-551
116000634,487,67,420
116000635,4708,2863,1845
116000636,1780,1472,308
116000637,472,29,443
116000638,22,695,-673
116900001,309,218,91
116900002,371,11,360
116900003,34,92,-58
116900004,85,102,-17
116900005,283,86,197
116900006,256,180,76
116900007,173,243,-70
116900008,426,605,-179
116900009,23,6,17
116900010,1,2122,-2121
116900011,21,53,-32
116900012,267,268,-1
116900013,3,247,-244
116900014,101,400,-299
116900015,308,78,230
116900016,230,3,227
116900017,8,1051,-1043
116900018,120,91,29
116900019,28,552,-524
116900020,2165,1184,981
116900023,79,11,68
116900024,708,79,629
116900025,1371,1318,53
116900026,240,1022,-782
116900027,62,103,-41
116900028,2,213,-211
116900029,1,89,-88
116900031,0,8,-8
116900032,10,536,-526
116900033,8,33,-25
116900034,29,133,-104
116900035,219,342,-123
116900036,4,175,-171
116900038,54,0,54
116900041,57,22,35
116900042,1039,371,668
116900043,46,130,-84
116900047,71,145,-74
116900049,62,452,-390
116900050,199,803,-604
116900051,136,358,-222
116900052,290,113,177
116900055,9,9,0
116900057,26,368,-342
116900058,40,642,-602
116900059,3,220,-217
116900060,255,261,-6
116900062,4,25,-21
116900064,117,1166,-1049
116900065,38,188,-150
116900067,99,222,-123
116900068,149,358,-209
116900070,3,7,-4
116900072,44,643,-599
116900073,11,264,-253
116900074,12,65,-53
116900076,25,50,-25
116900077,7,209,-202
116900078,306,221,85
116900079,46,453,-407
116900080,17,31,-14
116900081,589,1994,-1405
116900082,595,1446,-851
116900083,55,77,-22
116900084,262,112,150
116900085,56,218,-162
116900086,80,311,-231
116900088,592,150,442
116900090,190,102,88
116900091,419,104,315
116900092,115,1211,-1096
116900093,2200,2922,-722
116900094,7864,5910,1954
116900095,451,170,281
116900096,136,284,-148
116900097,6061,3160,2901
116900098,1117,397,720
116900099,1159,910,249
116900100,1134,34,1100
116900101,382,892,-510
116900103,11,2,9
116900104,47,151,-104
116900105,376,158,218
116900106,2078,643,1435
116900107,6248,3068,3180
116900110,9,2,7
116900111,482,1353,-871
116900112,357,1676,-1319
116900113,3852,1955,1897
116900116,203,414,-211
116900117,123,168,-45
116900118,1148,1023,125
116900120,291,154,137
116900121,123,36,87
116900122,788,973,-185
116900123,240,1055,-815
116900124,230,1805,-1575
116900125,367,340,27
116900126,323,837,-514
116900128,0,52,-52
116900129,2,502,-500
116900130,1181,4358,-3177
116900131,159,389,-230
116900132,75,116,-41
116900133,154,140,14
116900134,334,320,14
116900136,466,262,204
116900137,494,221,273
116900138,253,266,-13
116900139,112,525,-413
116900140,206,192,14
116900141,898,533,365
116900142,2,69,-67
116900143,322,668,-346
116900144,33,74,-41
116900145,165,413,-248
116900147,909,479,430
116900148,4,67,-63
116900149,44,249,-205
116900150,14,20,-6
116900151,50,15,35
116900153,162,98,64
116900154,1052,700,352
116900155,153,87,66
116900157,570,515,55
116900158,722,355,367
116900159,69,346,-277
116900160,2994,583,2411
116900161,12097,7440,4657
116900162,49,185,-136
116900163,231,235,-4
116900164,255,95,160
116900165,283,202,81
116900166,31,177,-146
116900167,495,124,371
116900168,515,127,388
116900169,1315,441,874
116900170,279,505,-226
116900171,55,370,-315
116900172,385,309,76
116900173,234,65,169
116900174,73,65,8
116900175,304,203,101
116900178,23,221,-198
116900179,118,244,-126
116900180,145,28,117
116900182,449,384,65
116900183,260,164,96
116900185,46,46,0
116900186,152,365,-213
116900187,73,49,24
116900188,215,32,183
116900189,114,0,114
116900191,506,746,-240
116900192,312,233,79
116900194,162,1214,-1052
116900195,67,31,36
116900196,18,116,-98
116900197,118,16,102
116900198,316,284,32
116900200,68,53,15
116900201,138,21,117
116900202,241,49,192
116900203,230,6,224
116900204,66,98,-32
116900206,17,39,-22
116900207,36,37,-1
116900208,17,180,-163
116900209,26,167,-141
116900210,741,405,336
116900211,308,16,292
116900212,104,117,-13
116900213,144,336,-192
116900214,262,176,86
116900215,76,116,-40
116900216,545,341,204
116900218,9,339,-330
116900219,1435,598,837
116900220,115,285,-170
116900221,102,491,-389
116900222,432,505,-73
116900223,114,414,-300
116900226,70,116,-46
116900227,244,129,115
116900228,395,399,-4
116900230,58,429,-371
116900231,33,652,-619
116900232,13,749,-736
116900233,214,120,94
116900234,18,10,8
116900235,218,407,-189
116900238,2039,599,1440
116900239,12,1386,-1374
116900240,9663,5097,4566
116900241,71,317,-246
116900242,463,483,-20
116900243,4,150,-146
116900245,46,30,16
116900246,133,17,116
116900247,841,35,806
116900248,118,93,25
116900249,425,194,231
116900250,494,87,407
116900251,750,758,-8
116900252,118,1450,-1332
116900253,197,189,8
116900254,52,199,-147
116900255,143,92,51
116900256,371,181,190
116900257,31,781,-750
116900258,12,406,-394
116900259,195,20,175
116900260,7,170,-163
116900261,45,2,43
116900262,245,275,-30
116900263,0,7,-7
116900264,0,4,-4
116900265,31,3,28
116900266,25,68,-43
116900267,3,4,-1
116900268,109,12,97
116900269,457,765,-308
116900271,2410,265,2145
116900272,613,898,-285
116900273,370,102,268
116900274,106,148,-42
116900275,208,249,-41
116900276,1298,191,1107
116900277,1021,56,965
116900278,12,23,-11
116900279,1,31,-30
116900280,19,58,-39
116900281,10639,5167,5472
116900282,5,218,-213
116900283,29,170,-141
116900284,16,310,-294
116900285,521,472,49
116900286,331,30,301
116900287,9,80,-71
116900288,44,163,-119
116900289,17,48,-31
116900290,3,75,-72
116900291,18,5,13
116900292,0,27,-27
116900293,61,103,-42
116900294,59,228,-169
116900295,580,52,528
116900296,232,74,158
116900297,16,134,-118
116900298,126,44,82
116900299,139,71,68
116900300,5,137,-132
116900301,148,97,51
116900302,120,66,54
116900303,521,155,366
116900304,3,200,-197
116900305,45,140,-95
116900306,138,197,-59
117000001,2884,2902,-18
117000002,3302,7799,-4497
117000003,10637,4586,6051
117000004,6810,8475,-1665
117000005,3257,2834,423
117000006,1914,6027,-4113
117000007,5001,1969,3032
117000008,1755,7464,-5709
117000009,6734,2876,3858
117000010,3954,6882,-2928
117000011,3124,2956,168
117000012,2149,2633,-484
117000013,2878,1603,1275
117000014,2511,3979,-1468
117000015,6191,2018,4173
117000016,916,64,852
117000017,1055,203,852
117000018,436,752,-316
117000019,589,5,584
117000020,684,2232,-1548
117000021,3408,799,2609
117000022,757,115,642
117000023,1081,185,896
117000024,948,151,797
117000025,1658,714,944
117000026,5662,1353,4309
117000027,3716,3730,-14
117000028,6850,2057,4793
117000030,1084,797,287
117000031,578,403,175
117000032,3362,1871,1491
117000033,1952,1401,551
117000034,622,490,132
117000035,637,446,191
117000036,587,554,33
117000037,328,429,-101
117000038,394,865,-471
117000039,679,403,276
117000040,226,1583,-1357
117000041,1439,280,1159
117000044,43,1511,-1468
117000045,544,106,438
117000046,867,954,-87
117000047,1274,872,402
117000048,3152,2265,887
117000049,169,814,-645
117000050,235,3126,-2891
117000051,2658,265,2393
117000052,46,613,-567
117000053,504,89,415
117000054,1988,15,1973
117000055,19,4625,-4606
117000056,777,36,741
117000057,879,3479,-2600
117000060,726,2829,-2103
117000061,2580,1644,936
117000062,363,820,-457
117000063,2899,1312,1587
117000064,1167,1179,-12
117000066,2143,1204,939
117000067,242,580,-338
117000074,265,291,-26
117000076,125,100,25
117000077,229,207,22
117000078,222,1100,-878
117000079,595,333,262
117000080,2,489,-487
117000081,1391,178,1213
117000082,37,94,-57
117000083,186,20,166
117000084,719,3,716
117000085,440,974,-534
117000086,1343,799,544
117000087,152,735,-583
117000088,318,332,-14
117000089,1908,479,1429
117000090,383,2062,-1679
117000091,1201,499,702
117000092,563,2246,-1683
117000093,1486,1006,480
117000094,1660,4212,-2552
117000095,4005,1209,2796
117000096,898,3481,-2583
117000097,1684,1802,-118
117000098,3471,7430,-3959
117000099,3931,1788,2143
117000100,248,410,-162
117000101,224,1946,-1722
117000102,2102,929,1173
117000103,1051,2751,-1700
117000104,1729,915,814
117000105,1098,2519,-1421
117000106,1434,1050,384
117000107,793,2922,-2129
117000108,1995,1330,665
117000109,2798,3809,-1011
117000110,2004,1392,612
117000111,5345,6949,-1604
117000112,4464,2870,1594
117000113,250,393,-143
117000114,310,209,101
117000115,149,226,-77
117000116,161,387,-226
117000117,2690,1140,1550
117000118,503,197,306
117000119,1531,262,1269
117000120,688,560,128
117000121,237,1878,-1641
117000122,823,1960,-1137
117000123,3004,52,2952
117000124,1221,108,1113
117000125,877,104,773
117000126,158,45,113
117000127,345,562,-217
117000128,676,1032,-356
117000129,897,799,98
117000130,240,2,238
117000131,0,93,-93
117000132,3504,40,3464
117000133,1581,209,1372
117000134,0,46,-46
117000135,3,30,-27
117000136,0,51,-51
117000137,108,115,-7
117000138,5,749,-744
117000140,698,2477,-1779
117000141,1991,873,1118
117000181,1141,520,621
117000182,432,634,-202
117000195,313,1747,-1434
117000196,465,154,311
117000225,381,17,364
117000226,29,226,-197
117000276,280,19,261
117000277,2,751,-749
117000310,3499,4263,-764
117000315,42,2118,-2076
117000320,121,0,121
117000906,348,20,328
117000907,15,628,-613
117000908,245,37,208
117000909,97,53,44
117000910,257,182,75
117000911,112,336,-224
117000915,9,936,-927
117000916,41,3,38
117000917,1189,59,1130
117000918,62,112,-50
117000919,22,187,-165
117000920,9,2102,-2093
117000921,6,2213,-2207
117000922,100,193,-93
117000924,606,1394,-788
117000926,1586,113,1473
117000927,3133,868,2265
117000928,1,208,-207
117000929,272,804,-532
117000930,239,40,199
117000931,691,222,469
117900002,311,713,-402
117900003,1108,700,408
117900005,7,99,-92
117900006,3,39,-36
117900007,222,197,25
117900008,0,75,-75
117900010,651,130,521
117900011,101,39,62
117900012,98,194,-96
117900013,2,478,-476
117900014,1033,176,857
117900015,27,144,-117
117900016,2540,1071,1469
117900017,1596,485,1111
117900018,273,99,174
117900019,514,422,92
117900020,114,516,-402
117900021,60,129,-69
117900022,29,37,-8
117900023,925,756,169
117900024,170,130,40
117900025,46,10,36
117900026,471,497,-26
117900028,263,9,254
117900029,324,1318,-994
117900030,469,394,75
117900031,694,174,520
117900032,1295,999,296
117900033,278,1234,-956
117900034,65,71,-6
117900035,431,112,319
117900036,223,855,-632
117900037,150,238,-88
117900038,50,517,-467
117900039,0,111,-111
117900040,160,665,-505
117900041,4,51,-47
117900042,7123,768,6355
117900043,60,77,-17
117900044,21,5835,-5814
117900045,382,231,151
117900048,301,448,-147
117900049,286,1025,-739
117900050,20,72,-52
117900051,434,4,430
117900052,85,598,-513
117900053,1518,929,589
117900054,1,25,-24
117900055,221,504,-283
117900056,885,51,834
117900057,1458,1869,-411
117900058,200,33,167
117900059,701,168,533
117900060,2118,7824,-5706
117900061,79,478,-399
117900063,392,308,84
117900065,1138,1859,-721
117900066,9,85,-76
117900067,523,295,228
117900069,1118,548,570
117900070,851,33,818
117900071,203,221,-18
117900073,480,538,-58
117900074,796,38,758
117900075,114,140,-26
117900076,39,68,-29
117900077,404,277,127
117900078,366,807,-441
117900080,341,65,276
117900081,776,693,83
117900082,507,449,58
117900083,393,738,-345
117900086,230,50,180
117900087,166,126,40
117900088,4200,3202,998
117900089,2228,768,1460
117900090,1048,946,102
117900091,239,222,17
117900092,102,51,51
117900093,116,135,-19
117900094,42,30,12
117900095,624,587,37
117900096,122,369,-247
117900097,330,150,180
117900098,22,13,9
117900099,201,394,-193
117900100,219,7,212
117900101,668,2093,-1425
117900102,85,69,16
117900103,57,4,53
117900104,27,179,-152
117900105,176,423,-247
117900106,111,65,46
117900107,40,0,40
117900109,657,503,154
117900110,100,2,98
117900111,598,31,567
117900112,98,22,76
117900113,7574,2775,4799
117900114,28,0,28
117900115,376,86,290
117900116,1269,1619,-350
117900117,658,554,104
117900118,70,0,70
117900119,226,281,-55
117900120,320,237,83
117900121,158,45,113
117900122,2317,4263,-1946
117900123,1352,806,546
117900124,1193,1141,52
117900125,2365,1847,518
117900126,350,862,-512
117900127,607,925,-318
117900128,485,1171,-686
117900129,119,1,118
117900130,1641,599,1042
117900131,1,195,-194
117900132,11,165,-154
117900133,6,188,-182
117900134,103,298,-195
117900135,17,293,-276
117900136,0,75,-75
117900137,60,423,-363
117900138,0,66,-66
117900139,139,179,-40
117900140,6834,714,6120
117900141,377,322,55
117900142,398,82,316
117900144,235,136,99
117900145,90,35,55
117900146,525,156,369
117900147,57,153,-96
117900148,4817,1738,3079
117900149,81,226,-145
117900150,109,69,40
117900151,71,113,-42
117900152,187,101,86
117900153,61,179,-118
117900154,884,1022,-138
117900156,1358,1460,-102
117900157,98,735,-637
117900158,360,264,96
117900160,719,724,-5
117900161,3789,3639,150
117900162,491,777,-286
117900163,332,64,268
117900165,0,23,-23
117900166,194,440,-246
117900168,26,266,-240
117900169,2,232,-230
117900170,5,78,-73
117900171,4,29,-25
117900172,16,66,-50
117900173,265,111,154
117900174,72,96,-24
117900175,10,80,-70
117900176,21,84,-63
117900177,24,91,-67
117900178,185,82,103
117900180,561,85,476
117900181,341,482,-141
117900182,6,41,-35
117900183,109,253,-144
117900184,27,83,-56
117900185,42,72,-30
117900186,50,39,11
117900187,26,18,8
117900188,334,96,238
117900189,94,62,32
117900190,26,14,12
117900191,204,6,198
117900192,388,0,388
117900193,1,164,-163
117900194,10,8,2
117900195,64,99,-35
117900196,17,37,-20
117900207,229,237,-8
117900208,44,47,-3
117900209,240,326,-86
117900210,168,307,-139
117900211,12,387,-375
117900212,154,376,-222
117900213,36,32,4
117900214,8,66,-58
117900215,48,52,-4
117900216,104,23,81
117900217,229,279,-50
117900218,283,385,-102
117900219,44,138,-94
117900220,417,220,197
117900222,227,435,-208
117900223,204,336,-132
118000001,1508,1064,444
118000002,2018,3184,-1166
118000003,5073,3326,1747
118000004,4649,2845,1804
118000005,7709,6922,787
118000006,10498,14682,-4184
118000007,13449,4100,9349
118000008,10126,4579,5547
118000009,3403,5824,-2421
118000010,8561,6680,1881
118000011,1776,3953,-2177
118000012,1701,3678,-1977
118000013,5092,4242,850
118000014,3051,4102,-1051
118000016,297,572,-275
118000017,418,669,-251
118000018,887,719,168
118000019,3600,1802,1798
118000020,3078,3497,-419
118000021,1501,3659,-2158
118000022,3714,1076,2638
118000023,1997,315,1682
118000024,3582,1340,2242
118000027,25374,15640,9734
118000029,1732,929,803
118000032,2084,4549,-2465
118000033,4591,5883,-1292
118000034,8886,3541,5345
118000035,2502,3456,-954
118000036,2065,1463,602
118000037,1353,1292,61
118000038,176,122,54
118000039,177,471,-294
118000040,2527,2168,359
118000041,3425,2181,1244
118000045,1843,261,1582
118000046,3337,789,2548
118000047,4609,929,3680
118000048,7092,2290,4802
118000051,4710,1235,3475
118000052,3529,803,2726
118000053,1559,1200,359
118000054,3721,3103,618
118000055,2385,2912,-527
118000056,401,663,-262
118000057,387,666,-279
118000058,6291,2219,4072
118000059,4764,1281,3483
118000060,1517,911,606
118000061,1820,2403,-583
118000062,959,448,511
118000063,617,813,-196
118000064,1507,1678,-171
118000065,7216,2921,4295
118000066,1273,2074,-801
118000067,1838,1199,639
118000068,3626,6445,-2819
118000069,5841,2055,3786
118000070,10499,2853,7646
118000071,5998,9424,-3426
118000072,5096,1493,3603
118000073,5378,811,4567
118000074,1305,641,664
118000075,1340,456,884
118000076,3294,2894,400
118000077,2122,1756,366
118000078,2710,2661,49
118000079,422,594,-172
118000080,1854,1308,546
118000081,2535,1406,1129
118000082,444,1603,-1159
118000083,2770,2259,511
118000084,4525,3018,1507
118000086,465,978,-513
118000087,7447,3569,3878
118000088,2551,2564,-13
118000089,5116,3424,1692
118000090,3013,4432,-1419
118000091,2268,3520,-1252
118000092,1652,729,923
118000093,161,1159,-998
118000096,890,943,-53
118000097,1098,838,260
118000098,353,304,49
118000099,641,1305,-664
118000101,1471,459,1012
118000102,505,1821,-1316
118000107,3481,866,2615
118000108,968,3712,-2744
118000110,1,61,-60
118000111,2,614,-612
118000112,590,8,582
118000113,13,1122,-1109
118000114,496,18,478
118000115,24,39,-15
118000116,158,1,157
118000117,1800,1263,537
118000118,1319,960,359
118000119,1180,1448,-268
118000120,2391,1956,435
118000121,164,611,-447
118000122,2411,422,1989
118000123,70,393,-323
118000125,2825,1535,1290
118000126,1760,2341,-581
118000127,2655,1016,1639
118000128,871,1680,-809
118000129,1931,480,1451
118000130,4287,6318,-2031
118000131,1243,1364,-121
118000132,3456,2342,1114
118000133,1615,510,1105
118000135,976,617,359
118000136,155,628,-473
118000137,1112,116,996
118000138,590,898,-308
118000139,454,145,309
118000140,3848,6419,-2571
118000141,2805,3036,-231
118000142,2340,3323,-983
118000143,2695,1981,714
118000144,2211,1706,505
118000145,2571,4073,-1502
118000146,1908,1780,128
118000147,1559,2369,-810
118000148,950,2299,-1349
118000149,1185,1526,-341
118000150,630,424,206
118000151,597,674,-77
118000153,1664,2024,-360
118000154,1795,2420,-625
118000155,1591,2324,-733
118000156,4217,3760,457
118000157,851,553,298
118000158,202,747,-545
118000159,29,152,-123
118000160,557,702,-145
118000161,564,1326,-762
118000162,2823,1400,1423
118000163,1072,1520,-448
118000164,3802,2519,1283
118000168,2108,750,1358
118000169,1975,2197,-222
118000170,6312,8829,-2517
118000171,501,867,-366
118000172,137,412,-275
118000173,1710,1954,-244
118000175,443,584,-141
118000176,412,634,-222
118000177,297,745,-448
118000178,134,71,63
118000179,2455,1856,599
118000180,1271,1296,-25
118000181,1404,611,793
118000182,475,512,-37
118000183,319,477,-158
118000184,988,1508,-520
118000185,1843,1432,411
118000186,1282,1441,-159
118000187,1628,1141,487
118000188,1290,323,967
118000189,931,1149,-218
118000190,43,22,21
118000191,19,57,-38
118000192,441,272,169
118000193,392,649,-257
118000194,3787,1745,2042
118000195,1795,1091,704
118000196,1390,285,1105
118000197,1564,134,1430
118000198,1311,765,546
118000199,3322,672,2650
118000200,145,369,-224
118000201,1124,694,430
118000202,161,120,41
118000203,2848,605,2243
118000204,316,495,-179
118000205,461,415,46
118000206,405,271,134
118000207,0,93,-93
118000208,1990,2333,-343
118000209,2621,2612,9
118000210,64,56,8
118000211,41,54,-13
118000213,2258,1558,700
118000214,1005,1134,-129
118000215,407,777,-370
118000216,2618,5540,-2922
118000217,39,166,-127
118000218,106,155,-49
118000219,632,580,52
118000220,6,36,-30
118000221,224,493,-269
118000222,108,23,85
118000223,32,75,-43
118000224,449,157,292
118000225,191,1189,-998
118000226,2174,243,1931
118000227,1174,546,628
118000228,250,287,-37
118000229,476,92,384
118000230,223,383,-160
118000231,176,362,-186
118000232,933,1495,-562
118000233,1335,1217,118
118000234,532,385,147
118000236,811,623,188
118000237,169,824,-655
118000238,420,414,6
118000239,425,412,13
118000240,813,204,609
118000241,244,424,-180
118000242,477,978,-501
118000243,307,363,-56
118000244,54,183,-129
118000246,0,21,-21
118000255,59,336,-277
118000256,106,354,-248
118000259,20,139,-119
118000260,331,173,158
118000261,68,160,-92
118000263,124,364,-240
118000266,350,585,-235
118000267,0,115,-115
118000268,1116,5,1111
118000270,82,63,19
118000271,200,443,-243
118000272,140,44,96
118000273,202,121,81
118000274,155,511,-356
118000276,569,495,74
118000295,11,207,-196
118000298,266,570,-304
118000299,64,231,-167
118000301,0,86,-86
118000302,142,116,26
118000311,559,155,404
118000312,390,321,69
118000313,105,291,-186
118000314,86,111,-25
118000315,84,99,-15
118000316,858,732,126
118000325,64,108,-44
118000326,56,61,-5
118000331,29,84,-55
118000332,8,56,-48
118000333,67,121,-54
118000335,444,3,441
118000336,1,393,-392
118000407,217,120,97
118000457,10,40,-30
118000465,4766,5463,-697
118000480,42,267,-225
118000489,86,467,-381
118000490,79,552,-473
118000492,313,311,2
118000510,95,29,66
118000514,252,522,-270
118000515,936,1068,-132
118000517,553,304,249
118000524,1397,371,1026
118000525,1364,1220,144
118000530,26,180,-154
118000531,267,429,-162
118000532,282,479,-197
118000533,604,243,361
118000534,1120,672,448
118000535,301,182,119
118000536,1338,2065,-727
118000537,27,192,-165
118000538,47,151,-104
118000539,18,139,-121
118000540,438,319,119
118000541,420,116,304
118000542,211,293,-82
118000543,316,296,20
118000546,76,34,42
118000553,0,0,0
118000560,4804,2658,2146
118000562,34,395,-361
118000563,3247,2123,1124
118000576,210,204,6
118000577,145,171,-26
118000578,234,147,87
118000579,1038,1794,-756
118000583,0,0,0
118000595,240,121,119
118000596,0,64,-64
118000597,139,164,-25
118000598,16,2,14
118000599,47,71,-24
118000600,3,75,-72
118000601,30,0,30
118000602,0,28,-28
118000603,0,30,-30
118900001,1351,1949,-598
118900002,1534,1194,340
118900003,452,46,406
118900004,59,80,-21
118900005,100,24,76
118900006,222,14,208
118900007,15,4,11
118900008,2051,81,1970
118900009,69,69,0
118900010,91,13,78
118900011,233,63,170
118900012,575,347,228
118900013,691,157,534
118900015,329,97,232
118900016,18,48,-30
118900017,358,299,59
118900018,1227,40,1187
118900019,92,47,45
118900020,281,157,124
118900021,259,487,-228
118900022,160,130,30
118900023,239,126,113
118900024,168,233,-65
118900025,76,35,41
118900026,68,114,-46
118900027,545,386,159
118900028,215,228,-13
118900029,457,453,4
118900030,392,132,260
118900031,209,176,33
118900032,273,196,77
118900033,948,636,312
118900034,250,45,205
118900035,204,279,-75
118900036,1382,1058,324
118900037,1118,383,735
118900038,481,373,108
118900039,601,266,335
118900040,298,340,-42
118900041,727,304,423
118900042,277,163,114
118900045,342,259,83
118900046,1429,388,1041
118900047,959,410,549
118900048,475,233,242
118900049,100,71,29
118900050,39,211,-172
118900051,74,91,-17
118900052,752,320,432
118900053,69,132,-63
118900054,168,68,100
118900055,102,172,-70
118900056,50,348,-298
118900057,802,678,124
118900058,893,456,437
118900059,34,105,-71
118900060,69,129,-60
118900062,313,292,21
118900064,930,718,212
118900065,61,360,-299
118900066,111,112,-1
118900067,8344,4718,3626
118900068,7,751,-744
118900069,461,352,109
118900071,9,120,-111
118900072,490,561,-71
118900073,107,149,-42
118900074,222,280,-58
118900075,240,120,120
118900076,394,132,262
118900077,312,280,32
118900078,74,22,52
118900079,74,345,-271
118900080,64,184,-120
118900081,84,38,46
118900082,812,241,571
118900083,79,41,38
118900084,22,41,-19
118900085,881,1653,-772
118900086,47,120,-73
118900087,17,349,-332
118900088,0,19,-19
118900089,33,22,11
118900090,638,633,5
118900091,198,274,-76
118900092,153,144,9
118900093,223,22,201
118900096,63,41,22
118900097,297,928,-631
118900099,196,447,-251
118900100,176,433,-257
118900101,189,897,-708
118900102,58,134,-76
118900103,65,226,-161
118900104,309,282,27
118900105,396,161,235
118900107,202,140,62
118900108,124,166,-42
118900110,1887,1094,793
118900111,620,856,-236
118900112,105,191,-86
118900113,120,858,-738
118900114,18,115,-97
118900115,177,584,-407
118900116,139,241,-102
118900117,140,262,-122
118900118,325,624,-299
118900119,149,439,-290
118900120,135,423,-288
118900121,36,341,-305
118900122,21,1171,-1150
118900123,170,360,-190
118900124,102,321,-219
118900126,19,483,-464
118900129,372,296,76
118900130,76,184,-108
118900131,204,362,-158
118900132,749,260,489
118900133,41,196,-155
118900135,350,325,25
118900136,302,1050,-748
118900137,20,46,-26
118900139,319,631,-312
118900140,627,1267,-640
118900141,159,265,-106
118900144,204,775,-571
118900145,65,215,-150
118900146,442,1230,-788
118900147,363,218,145
118900148,147,82,65
118900150,228,750,-522
118900152,626,1239,-613
118900157,133,236,-103
118900158,113,110,3
118900159,4,302,-298
118900161,155,11,144
118900163,295,119,176
118900164,12,199,-187
118900165,97,397,-300
118900166,40,6,34
118900167,83,152,-69
118900168,23,181,-158
118900169,184,627,-443
118900170,195,239,-44
118900171,16,78,-62
118900174,110,120,-10
118900175,445,698,-253
118900176,145,364,-219
118900177,72,124,-52
118900178,63,168,-105
118900179,4,62,-58
118900181,103,158,-55
118900182,139,79,60
118900183,22,190,-168
118900184,692,157,535
118900185,190,166,24
118900186,129,125,4
118900187,295,413,-118
118900188,405,391,14
118900189,38,1054,-1016
118900190,22,641,-619
118900191,198,86,112
118900192,229,41,188
118900193,620,17,603
118900195,533,1174,-641
118900196,51,284,-233
118900197,141,120,21
118900198,39,67,-28
118900199,110,110,0
118900200,26,24,2
118900201,28,35,-7
118900202,23,120,-97
118900203,19,64,-45
118900204,19,71,-52
118900205,10,19,-9
118900206,12,30,-18
119000001,1992,2532,-540
119000002,6717,4933,1784
119000003,3249,2022,1227
119000004,3617,2245,1372
119000005,2659,2981,-322
119000006,3085,2288,797
119000007,5516,5121,395
119000008,3276,3002,274
119000009,5073,6548,-1475
119000010,11299,6271,5028
119000011,6795,4199,2596
119000012,5553,4942,611
119000013,2819,1875,944
119000014,4079,5131,-1052
119000019,330,302,28
119000020,2616,2248,368
119000021,5815,3793,2022
119000022,5556,3888,1668
119000023,440,451,-11
119000024,2675,13697,-11022
119000025,14786,2167,12619
119000026,282,440,-158
119000027,533,717,-184
119000028,3134,2302,832
119000029,186,398,-212
119000030,737,1827,-1090
119000031,1348,1188,160
119000032,3415,3818,-403
119000033,3303,2553,750
119000034,1543,1489,54
119000035,47,496,-449
119000036,1949,1427,522
119000037,1374,2721,-1347
119000038,208,1470,-1262
119000039,339,499,-160
119000040,1752,867,885
119000041,1397,1773,-376
119000048,4131,4723,-592
119000049,2058,3834,-1776
119000050,2110,3218,-1108
119000051,2824,1371,1453
119000052,2765,4359,-1594
119000053,2575,1644,931
119000054,3767,5154,-1387
119000055,4452,5036,-584
119000056,2774,2861,-87
119000057,1788,3473,-1685
119000058,2594,3009,-415
119000059,1833,2797,-964
119000060,1962,1556,406
119000061,1315,1361,-46
119000062,1686,1947,-261
119000063,624,612,12
119000064,2057,2482,-425
119000065,2779,5108,-2329
119000066,4440,1690,2750
119000067,2713,3742,-1029
119000068,2187,1704,483
119000069,2037,3914,-1877
119000070,2742,1571,1171
119000071,670,1058,-388
119000072,9943,5487,4456
119000073,10770,9507,1263
119000074,1688,4591,-2903
119000075,2538,3763,-1225
119000076,1041,1228,-187
119000077,2129,788,1341
119000078,789,272,517
119000079,240,882,-642
119000080,550,377,173
119000081,791,764,27
119000082,2025,420,1605
119000083,658,593,65
119000084,417,796,-379
119000085,859,419,440
119000086,398,702,-304
119000087,2165,1407,758
119000088,300,338,-38
119000089,88,285,-197
119000090,181,207,-26
119000091,137,620,-483
119000092,685,255,430
119000093,5603,4476,1127
119000094,3384,8730,-5346
119000095,2049,4256,-2207
119000097,3556,2431,1125
119000098,1039,3492,-2453
119000099,3256,3170,86
119000100,4324,3523,801
119000101,8666,2867,5799
119000102,1624,1303,321
119000103,3452,649,2803
119000104,4113,2321,1792
119000105,1401,2211,-810
119000106,498,2393,-1895
119000107,988,732,256
119000108,661,1564,-903
119000109,424,718,-294
119000110,1637,724,913
119000111,177,970,-793
119000112,380,186,194
119000113,5154,525,4629
119000114,1243,1730,-487
119000115,181,204,-23
119000116,261,151,110
119000117,213,525,-312
119000118,0,0,0
119000123,7658,1070,6588
119000124,1080,331,749
119000125,3685,1315,2370
119000126,1115,1316,-201
119000127,644,1038,-394
119000128,79,8,71
119000131,1093,1216,-123
119000132,6,6,0
119000133,4,13,-9
119000134,4065,933,3132
119000135,160,326,-166
119000136,311,288,23
119000137,186,576,-390
119000138,432,508,-76
119000139,360,399,-39
119000140,220,639,-419
119000284,1808,4531,-2723
119000285,3102,3278,-176
119000286,10151,8226,1925
119000287,2122,3356,-1234
119000288,2899,2367,532
119000289,3425,6028,-2603
119000290,248,774,-526
119000291,11,496,-485
119000293,114,236,-122
119000294,47,33,14
119000295,3137,788,2349
119000296,225,202,23
119000299,0,0,0
119000302,4438,2422,2016
119000303,99,310,-211
119000314,2000,10538,-8538
119000315,1,774,-773
119000316,136,186,-50
119000317,83,506,-423
119900001,349,1812,-1463
119900002,265,499,-234
119900003,89,1650,-1561
119900004,494,1158,-664
119900005,245,213,32
119900006,315,677,-362
119900007,1237,265,972
119900008,597,97,500
119900009,922,949,-27
119900010,3858,2048,1810
119900011,27,93,-66
119900012,31,118,-87
119900013,2770,1284,1486
119900014,1196,419,777
119900015,118,34,84
119900016,52,160,-108
119900017,40,88,-48
119900018,3058,1018,2040
119900019,46,9,37
119900020,210,229,-19
119900021,239,163,76
119900022,255,794,-539
119900023,1140,1504,-364
119900025,203,46,157
119900026,1441,190,1251
119900027,46,55,-9
119900028,393,138,255
119900029,2,4,-2
119900030,843,837,6
119900031,138,490,-352
119900033,3482,319,3163
119900034,432,223,209
119900037,236,95,141
119900038,70,313,-243
119900039,90,7,83
119900040,155,20,135
119900041,153,58,95
119900042,313,273,40
119900043,118,259,-141
119900044,270,1010,-740
119900046,122,115,7
119900047,352,83,269
119900048,105,76,29
119900049,151,22,129
119900050,209,169,40
119900051,566,9,557
119900052,44,65,-21
119900053,250,300,-50
119900054,143,9,134
119900055,1424,582,842
119900057,266,126,140
119900058,231,3,228
119900059,390,102,288
119900060,333,28,305
119900062,59,42,17
119900063,21,79,-58
119900065,366,7,359
119900066,1,1,0
119900067,178,65,113
119900068,466,6,460
119900069,155,47,108
119900070,1078,11,1067
119900071,739,41,698
119900073,2936,873,2063
119900074,120,44,76
119900075,8342,3567,4775
119900076,738,580,158
119900077,980,1850,-870
119900078,656,1352,-696
119900079,306,432,-126
119900080,2035,2130,-95
119900081,258,65,193
119900082,1494,143,1351
119900083,586,262,324
119900084,1444,477,967
119900085,159,143,16
119900087,1301,505,796
119900088,69,73,-4
119900089,34,760,-726
119900090,242,91,151
119900091,82,1682,-1600
119900092,97,607,-510
119900093,1678,386,1292
119900094,103,290,-187
119900095,290,184,106
119900096,79,190,-111
119900097,1023,352,671
119900098,61,103,-42
119900099,53,443,-390
119900100,3636,4335,-699
119900101,373,2148,-1775
119900102,71,486,-415
119900103,30,636,-606
119900104,44,314,-270
119900105,2853,3258,-405
119900106,21,268,-247
119900107,563,4824,-4261
119900108,4129,950,3179
119900109,61,415,-354
119900110,892,1042,-150
119900111,84,566,-482
119900112,3476,931,2545
119900113,113,555,-442
119900114,322,2265,-1943
119900115,353,1800,-1447
119900116,218,909,-691
119900117,354,1322,-968
119900118,112,1689,-1577
119900119,261,473,-212
119900120,831,1060,-229
119900121,432,1849,-1417
119900122,634,552,82
119900123,352,610,-258
119900124,253,1559,-1306
119900125,80,559,-479
119900126,7809,463,7346
119900127,4023,1455,2568
119900128,608,1618,-1010
119900129,327,1149,-822
119900130,64,409,-345
119900131,50,411,-361
119900132,3,526,-523
119900133,81,125,-44
119900134,3118,446,2672
119900135,4,744,-740
119900136,236,697,-461
119900138,525,925,-400
119900139,235,162,73
119900140,13,200,-187
119900141,178,1027,-849
119900142,15,47,-32
119900143,31,341,-310
119900144,3288,426,2862
119900145,130,330,-200
119900146,299,310,-11
119900147,9,291,-282
119900148,254,131,123
119900149,2586,5749,-3163
119900150,253,278,-25
119900151,3075,1450,1625
119900152,148,698,-550
119900153,211,144,67
119900154,19,436,-417
119900155,58,58,0
119900156,9,14,-5
119900157,261,402,-141
119900158,218,133,85
119900159,8,2577,-2569
119900160,36,378,-342
119900161,307,491,-184
119900162,1085,1221,-136
119900163,242,284,-42
119900164,0,5,-5
119900165,215,344,-129
119900166,100,57,43
119900167,148,227,-79
119900168,951,709,242
119900169,224,508,-284
119900170,274,373,-99
119900171,1959,849,1110
119900172,207,47,160
119900173,23,664,-641
119900174,10,386,-376
119900175,1280,1089,191
119900177,43,338,-295
119900178,17,296,-279
119900179,151,645,-494
119900180,1180,1184,-4
119900181,76,122,-46
119900182,19,799,-780
119900183,245,1169,-924
119900184,4664,993,3671
119900185,75,217,-142
119900186,152,1094,-942
119900187,16,839,-823
119900188,82,535,-453
119900189,701,568,133
119900190,78,376,-298
119900191,525,265,260
119900192,69,317,-248
119900193,441,367,74
119900194,33,115,-82
119900195,79,365,-286
119900196,2622,727,1895
119900197,238,211,27
119900198,247,535,-288
119900199,200,34,166
119900200,1004,986,18
119900201,614,344,270
119900202,239,217,22
119900203,228,685,-457
119900204,267,473,-206
119900205,773,945,-172
119900206,213,273,-60
119900208,273,285,-12
119900209,674,1550,-876
119900210,48,96,-48
119900211,146,21,125
119900212,268,611,-343
119900213,12,99,-87
119900214,37,161,-124
119900215,62,122,-60
119900216,9,135,-126
119900217,21,117,-96
119900218,68,94,-26
119900219,18,256,-238
119900220,5,159,-154
119900221,44,475,-431
119900222,35,356,-321
119900223,18,155,-137
119900224,32,49,-17
119900225,1555,91,1464
119900226,977,2496,-1519
119900227,1579,621,958
119900228,745,544,201
119900229,381,789,-408
119900230,2517,1012,1505
119900231,335,371,-36
119900232,324,152,172
119900233,155,54,101
119900234,49,88,-39
119900235,30,141,-111
119900236,23,330,-307
119900237,98,897,-799
119900238,16,124,-108
119900240,153,231,-78
119900241,231,355,-124
119900242,2585,3240,-655
119900244,1193,2894,-1701
119900245,259,293,-34
119900246,477,658,-181
119900247,44,141,-97
119900248,119,233,-114
119900249,298,151,147
119900253,5694,627,5067
119900254,127,910,-783
119900255,217,941,-724
119900256,669,1598,-929
119900257,72,2,70
119900258,144,11,133
119900259,11,248,-237
119900260,182,14,168
119900261,450,332,118
119900262,4,405,-401
119900263,1609,632,977
119900264,117,398,-281
119900265,732,784,-52
119900266,408,520,-112
119900267,380,791,-411
119900268,280,321,-41
119900269,1567,2561,-994
119900271,29,145,-116
119900272,593,155,438
119900275,198,33,165
119900276,65,7,58
119900277,7,10,-3
119900278,483,154,329
119900279,147,449,-302
119900280,1339,361,978
119900281,2,262,-260
119900282,89,108,-19
119900283,12,505,-493
119900284,71,493,-422
119900285,62,139,-77
119900286,9,79,-70
119900288,17,57,-40
119900289,0,60,-60
119900290,5,61,-56
119900291,1,75,-74
119900292,37,28,9
119900293,27,1,26
119900294,34,0,34
119900295,0,0,0
119900296,0,0,0
119900299,72,371,-299
119900300,369,332,37
119900301,164,100,64
119900302,138,118,20
119900303,352,449,-97
119900304,262,74,188
119900305,34,197,-163
119900306,29,4,25
119900307,54,265,-211
119900308,10,33,-23
119900309,67,146,-79
119900310,390,509,-119
119900311,98,269,-171
119900312,152,137,15
119900313,418,574,-156
119900314,245,502,-257
119900315,1887,4153,-2266
119900318,28,52,-24
119900319,26,437,-411
119900320,237,971,-734
119900321,132,5,127
119900322,36,91,-55
119900323,4,193,-189
119900324,4,41,-37
119900325,124,561,-437
119900326,147,123,24
120000001,11568,19505,-7937
120000002,3372,4075,-703
120000003,4429,2225,2204
120000004,3600,2952,648
120000005,6293,2639,3654
120000006,1593,1866,-273
120000007,5249,4075,1174
120000008,1599,2087,-488
120000009,5369,1377,3992
120000010,2415,4168,-1753
120000011,1594,3114,-1520
120000012,2012,4701,-2689
120000013,3400,3934,-534
120000014,1025,2534,-1509
120000015,3660,2431,1229
120000016,4615,3488,1127
120000017,5387,3768,1619
120000018,6008,13831,-7823
120000019,1178,2210,-1032
120000020,4166,4466,-300
120000021,2272,3426,-1154
120000022,3840,5261,-1421
120000023,1162,2471,-1309
120000024,2058,3267,-1209
120000025,3012,3090,-78
120000026,1872,2741,-869
120000027,2122,2906,-784
120000028,1532,833,699
120000029,11170,1075,10095
120000030,938,3148,-2210
120000031,3034,20604,-17570
120000032,13470,5587,7883
120000033,6083,3147,2936
120000034,2356,3310,-954
120000035,2289,3500,-1211
120000036,3351,7379,-4028
120000037,833,2274,-1441
120000038,12188,5009,7179
120000039,741,1339,-598
120000040,218,441,-223
120000041,2142,2460,-318
120000042,2686,4352,-1666
120000043,6960,3382,3578
120000044,6017,2467,3550
120000045,6441,1789,4652
120000046,2795,4385,-1590
120000047,2321,7182,-4861
120000048,11482,5746,5736
120000049,4965,3997,968
120000050,5716,6505,-789
120000051,4627,6795,-2168
120000052,16699,3410,13289
120000053,1240,4580,-3340
120000054,1874,7371,-5497
120000055,2304,7688,-5384
120000056,4785,5914,-1129
120000057,3525,903,2622
120000058,3542,463,3079
120000059,77,1896,-1819
120000061,225,967,-742
120000062,268,500,-232
120000063,2556,3929,-1373
120000064,376,2092,-1716
120000065,1088,2829,-1741
120000066,612,781,-169
120000067,154,797,-643
120000068,261,1487,-1226
120000069,1145,2330,-1185
120000070,101,1331,-1230
120000071,492,301,191
120000072,762,805,-43
120000073,836,168,668
120000074,347,127,220
120000075,1141,419,722
120000076,2862,632,2230
120000077,2474,993,1481
120000078,4924,1581,3343
120000079,236,234,2
120000080,198,370,-172
120000081,542,279,263
120000082,187,287,-100
120000083,88,699,-611
120000084,555,622,-67
120000085,473,564,-91
120000086,445,898,-453
120000087,219,1165,-946
120000088,1126,2224,-1098
120000089,1389,1116,273
120000090,866,825,41
120000091,1259,1821,-562
120000092,1673,939,734
120000093,499,781,-282
120000094,217,857,-640
120000095,1355,858,497
120000096,341,1353,-1012
120000098,1294,1560,-266
120000099,617,1127,-510
120000100,1035,1414,-379
120000101,662,701,-39
120000102,657,1087,-430
120000103,1897,1054,843
120000104,2187,757,1430
120000105,2932,980,1952
120000106,2641,882,1759
120000107,3977,1054,2923
120000108,1430,249,1181
120000109,1371,146,1225
120000110,108,1409,-1301
120000111,213,1732,-1519
120000112,1154,5245,-4091
120000113,919,3960,-3041
120000114,1237,4377,-3140
120000115,468,3563,-3095
120000116,977,2835,-1858
120000117,2024,2252,-228
120000118,68,43,25
120000119,41,88,-47
120000120,77,107,-30
120000121,52,81,-29
120000122,378,554,-176
120000123,8769,6658,2111
120000124,594,686,-92
120000125,616,1243,-627
120000126,625,1159,-534
120000127,3645,1290,2355
120000128,5224,4096,1128
120000129,461,420,41
120000130,1166,1023,143
120000131,408,843,-435
120000134,617,1824,-1207
120000135,711,730,-19
120000137,327,2693,-2366
120000138,1064,913,151
120000139,432,1385,-953
120000140,955,1015,-60
120000141,618,778,-160
120000142,776,993,-217
120000143,2,169,-167
120000144,106,4,102
120000145,403,3,400
120000146,2801,1269,1532
120000149,825,1616,-791
120000150,6105,11655,-5550
120000151,434,833,-399
120000152,641,391,250
120000153,271,1146,-875
120000154,639,703,-64
120000155,144,447,-303
120000156,1898,1111,787
120000157,1416,1365,51
120000158,1138,1510,-372
120000159,2555,3438,-883
120000160,3060,2218,842
120000161,2808,3922,-1114
120000162,165,422,-257
120000163,724,2164,-1440
120000164,518,715,-197
120000165,677,1461,-784
120000166,1428,982,446
120000167,53,125,-72
120000168,16,417,-401
120000169,79,825,-746
120000170,117,511,-394
120000171,39,135,-96
120000172,110,85,25
120000173,7237,747,6490
120000174,1758,32,1726
120000175,2042,49,1993
120000176,1294,68,1226
120000177,3753,222,3531
120000178,726,32,694
120000179,1233,73,1160
120000180,1483,122,1361
120000181,372,924,-552
120000182,203,463,-260
120000183,62,432,-370
120000184,235,1431,-1196
120000186,146,338,-192
120000187,189,96,93
120000188,989,205,784
120000190,3059,38,3021
120000191,2747,63,2684
120000192,1949,43,1906
120000193,1144,20,1124
120000195,124,17,107
120000196,605,188,417
120000197,172,481,-309
120000198,199,151,48
120000199,128,2,126
120000200,83,3,80
120000201,13,24,-11
120000202,6,74,-68
120000203,44,387,-343
120000207,1,80,-79
120000208,22,381,-359
120000209,8,119,-111
120000210,154,141,13
120000211,118,4,114
120000212,165,0,165
120000213,119,531,-412
120000214,0,491,-491
120000215,8,224,-216
120000216,69,8,61
120000217,998,1458,-460
120000218,281,1060,-779
120000219,20,656,-636
120000220,20,2601,-2581
120000225,1448,4,1444
120000226,473,7,466
120000227,1072,51,1021
120000228,9245,4215,5030
120000230,400,21,379
120000231,1457,3429,-1972
120000233,396,25,371
120000235,244,1156,-912
120000236,1418,4,1414
120000237,14,2727,-2713
120000238,19,557,-538
120000241,1672,5246,-3574
120000412,1883,36,1847
120000413,322,528,-206
120000414,110,4,106
120000415,3,238,-235
120000416,193,7,186
120000417,10,136,-126
120000418,116,11,105
120000419,18,575,-557
120000420,52,59,-7
120000421,18232,8215,10017
120000422,236,1183,-947
120000423,3,78,-75
120000424,79,258,-179
120000436,158,769,-611
120000437,230,233,-3
120000438,6167,510,5657
120000439,213,573,-360
120000443,233,1,232
120000444,1763,1121,642
120000445,2502,1824,678
120000446,1291,486,805
120000447,238,23,215
120000449,109,12,97
120000450,11,415,-404
120000451,207,369,-162
120000452,157,3,154
120000453,1,738,-737
120000454,138,57,81
120000455,107,80,27
120000456,3443,5318,-1875
120000457,1734,1093,641
120000458,780,1032,-252
120000459,77,144,-67
120000665,3939,467,3472
120000668,192,560,-368
120000669,101,279,-178
120000670,458,589,-131
120000671,2684,879,1805
120000672,126,697,-571
120900001,116,101,15
120900002,824,716,108
120900003,583,80,503
120900004,17,127,-110
120900005,7,1639,-1632
120900006,347,313,34
120900007,192,224,-32
120900008,288,1661,-1373
120900009,1300,117,1183
120900010,616,117,499
120900011,531,219,312
120900012,1143,1619,-476
120900013,452,127,325
120900014,2,1095,-1093
120900015,1019,121,898
120900016,1037,114,923
120900017,4385,164,4221
120900018,224,850,-626
120900019,760,307,453
120900020,1090,1445,-355
120900021,743,222,521
120900022,56,543,-487
120900023,266,52,214
120900024,2670,730,1940
120900025,2835,1457,1378
120900026,303,339,-36
120900027,1596,79,1517
120900028,452,108,344
120900029,241,436,-195
120900030,1539,1032,507
120900031,352,108,244
120900032,1054,221,833
120900033,1217,137,1080
120900034,29,3747,-3718
120900035,62,229,-167
120900037,337,19,318
120900038,66,258,-192
120900039,134,56,78
120900040,420,2,418
120900041,198,66,132
120900042,491,98,393
120900043,67,53,14
120900044,19,746,-727
120900045,295,306,-11
120900046,427,4,423
120900047,189,92,97
120900048,132,41,91
120900049,374,2,372
120900050,4748,1808,2940
120900051,331,179,152
120900052,685,9,676
120900053,321,172,149
120900054,2553,1204,1349
120900055,393,4,389
120900056,513,27,486
120900057,164,35,129
120900058,621,0,621
120900059,100,5,95
120900060,62,47,15
120900061,297,617,-320
120900062,208,1,207
120900063,547,4,543
120900064,608,2,606
120900065,461,1,460
120900066,300,337,-37
120900067,259,126,133
120900068,303,1,302
120900069,239,93,146
120900071,26,1,25
120900072,712,5,707
120900073,519,356,163
120900074,762,8,754
120900076,885,0,885
120900077,6033,686,5347
120900078,884,1547,-663
120900079,709,133,576
120900080,725,2898,-2173
120900081,1119,1738,-619
120900082,953,623,330
120900083,538,1,537
120900084,316,439,-123
120900085,197,226,-29
120900086,193,443,-250
120900087,487,337,150
120900088,365,521,-156
120900089,6154,3039,3115
120900090,208,310,-102
120900091,774,848,-74
120900092,1693,994,699
120900093,4571,390,4181
120900094,800,404,396
120900095,898,67,831
120900096,109,381,-272
120900097,1009,1213,-204
120900098,430,294,136
120900099,85,117,-32
120900100,187,487,-300
120900101,1093,512,581
120900102,37,258,-221
120900103,59,277,-218
120900104,30,82,-52
120900105,69,961,-892
120900106,2158,913,1245
120900107,360,234,126
120900108,5,1190,-1185
120900109,56,1089,-1033
120900110,18,2638,-2620
120900111,292,629,-337
120900112,11,1600,-1589
120900113,21,1333,-1312
120900114,55,221,-166
120900115,309,301,8
120900116,472,821,-349
120900117,5,896,-891
120900118,10,1380,-1370
120900119,5482,13168,-7686
120900120,92,902,-810
120900121,293,866,-573
120900122,614,836,-222
120900123,3,636,-633
120900124,2,1049,-1047
120900125,4,1496,-1492
120900126,2283,1791,492
120900127,24,800,-776
120900128,1581,2064,-483
120900129,66,523,-457
120900130,3,501,-498
120900131,72,109,-37
120900132,1056,581,475
120900133,305,1664,-1359
120900134,992,615,377
120900135,15,968,-953
120900136,114,58,56
120900137,287,223,64
120900138,34,354,-320
120900139,7,1086,-1079
120900140,5,147,-142
120900141,348,277,71
120900142,48,1078,-1030
120900143,6,1452,-1446
120900144,0,312,-312
120900145,352,1203,-851
120900146,6,1758,-1752
120900147,1,786,-785
120900148,167,271,-104
120900149,2,543,-541
120900150,54,880,-826
120900151,2,1049,-1047
120900152,3,57,-54
120900153,34,159,-125
120900154,2,480,-478
120900155,245,1528,-1283
120900156,53,573,-520
120900157,76,455,-379
120900158,70,855,-785
120900159,184,492,-308
120900160,57,829,-772
120900161,53,792,-739
120900162,42,909,-867
120900163,27,693,-666
120900164,3,4,-1
120900165,6,15,-9
120900166,385,440,-55
120900167,692,222,470
120900169,100,811,-711
120900170,3206,3503,-297
120900171,1720,568,1152
120900172,4522,727,3795
120900173,1,83,-82
120900174,16,196,-180
120900175,367,330,37
120900176,15,523,-508
120900177,4,1549,-1545
120900178,1,620,-619
120900179,1351,749,602
120900180,301,165,136
120900181,257,89,168
120900182,25,1347,-1322
120900183,421,252,169
120900184,207,135,72
120900185,14,790,-776
120900186,5,752,-747
120900187,721,1595,-874
120900188,225,37,188
120900189,245,1093,-848
120900190,74,23,51
120900191,8,44,-36
120900192,17883,7486,10397
120900194,50,153,-103
120900195,216,439,-223
120900196,1531,110,1421
120900197,797,128,669
120900198,459,969,-510
120900199,494,498,-4
120900200,146,176,-30
120900201,773,239,534
120900202,3,315,-312
120900203,56,128,-72
120900204,211,470,-259
120900205,72,149,-77
120900206,20,45,-25
120900207,144,2149,-2005
121000001,1573,1562,11
121000002,4718,3113,1605
121000003,5242,2775,2467
121000004,4836,10386,-5550
121000005,3258,4326,-1068
121000006,5987,2738,3249
121000007,5119,3769,1350
121000008,11641,5867,5774
121000009,9130,8668,462
121000010,14711,10530,4181
121000011,13493,20410,-6917
121000012,23528,16734,6794
121000013,6961,11702,-4741
121000014,9698,10005,-307
121000015,8348,10899,-2551
121000016,6632,6179,453
121000017,3508,5654,-2146
121000018,3429,2667,762
121000019,27752,15984,11768
121000020,18228,20455,-2227
121000021,5247,4864,383
121000022,4371,3994,377
121000023,6068,4765,1303
121000024,7083,6856,227
121000025,984,2467,-1483
121000026,400,242,158
121000027,2003,1529,474
121000028,1197,760,437
121000029,1769,1151,618
121000030,1090,700,390
121000031,1298,1154,144
121000032,413,119,294
121000034,1004,253,751
121000035,429,151,278
121000036,2344,1626,718
121000037,1180,909,271
121000038,1146,1122,24
121000039,680,838,-158
121000041,1137,713,424
121000042,418,506,-88
121000043,1230,840,390
121000044,2389,1221,1168
121000045,707,417,290
121000046,1011,1378,-367
121000047,489,200,289
121000049,3409,828,2581
121000050,595,1605,-1010
121000051,1234,472,762
121000052,861,1051,-190
121000053,675,151,524
121000054,55,445,-390
121000055,1976,1508,468
121000056,1180,1385,-205
121000057,559,848,-289
121000058,420,179,241
121000059,2803,1703,1100
121000060,669,1393,-724
121000061,311,288,23
121000062,251,620,-369
121000063,1027,822,205
121000064,1092,1289,-197
121000065,586,543,43
121000066,823,804,19
121000067,1217,527,690
121000068,985,574,411
121000069,1153,841,312
121000070,3166,1868,1298
121000071,2426,2039,387
121000072,2651,1163,1488
121000073,2199,1315,884
121000074,181,179,2
121000075,114,262,-148
121000076,1726,505,1221
121000077,198,249,-51
121000078,160,241,-81
121000080,3571,1047,2524
121000081,5213,4873,340
121000082,139,320,-181
121000083,348,166,182
121000084,233,208,25
121000085,359,800,-441
121000086,309,1197,-888
121000087,87,442,-355
121000088,642,1014,-372
121000089,624,541,83
121000090,661,518,143
121000091,2078,1117,961
121000092,211,110,101
121000093,166,288,-122
121000094,670,1256,-586
121000095,537,929,-392
121000096,2761,3256,-495
121000097,1646,2652,-1006
121000098,970,1866,-896
121000099,1031,1280,-249
121000100,1454,893,561
121000101,645,472,173
121000102,430,476,-46
121000103,347,437,-90
121000104,368,283,85
121000105,562,422,140
121000106,462,569,-107
121000107,3445,5088,-1643
121000109,2027,1525,502
121000110,396,1145,-749
121000114,3571,2717,854
121000115,1292,1032,260
121000116,449,1297,-848
121000117,1053,328,725
121000118,2027,340,1687
121000119,491,580,-89
121000120,435,745,-310
121000121,945,1869,-924
121000123,2964,810,2154
121000126,244,502,-258
121000127,339,210,129
121000128,1438,856,582
121000129,1168,855,313
121000130,798,1470,-672
121000131,3768,2696,1072
121000132,2460,2384,76
121000135,762,1097,-335
121000136,3018,920,2098
121000137,653,395,258
121000138,2409,1027,1382
121000139,1319,223,1096
121000141,413,299,114
121000142,1476,1326,150
121000143,195,43,152
121000144,1317,1899,-582
121000145,910,1656,-746
121000146,1851,1333,518
121000147,1479,821,658
121000148,1584,1523,61
121000149,3558,2082,1476
121000152,771,1141,-370
121000153,2896,1165,1731
121000154,1296,1389,-93
121000155,1900,1709,191
121000156,617,1544,-927
121000157,1800,3365,-1565
121000158,462,947,-485
121000159,221,829,-608
121000160,414,781,-367
121000161,237,509,-272
121000162,112,339,-227
121000165,2219,2355,-136
121000166,30,815,-785
121000168,789,455,334
121000169,135,276,-141
121000170,505,235,270
121000171,90,262,-172
121000172,1027,754,273
121000173,2244,1530,714
121000174,463,590,-127
121000175,1292,673,619
121000176,577,325,252
121000177,1786,982,804
121000178,209,94,115
121000179,116,109,7
121000181,621,642,-21
121000182,174,221,-47
121000183,124,133,-9
121000184,550,140,410
121000185,70,225,-155
121000186,318,610,-292
121000187,254,323,-69
121000188,266,299,-33
121000192,945,536,409
121000193,1011,766,245
121000194,3770,3095,675
121000195,507,1151,-644
121000196,1492,362,1130
121000197,599,1015,-416
121000198,708,184,524
121000199,308,576,-268
121000200,1126,104,1022
121000201,13,307,-294
121000202,1645,170,1475
121000203,1458,3146,-1688
121000204,4489,1094,3395
121000205,517,507,10
121000206,447,60,387
121000207,3276,611,2665
121000208,4,660,-656
121000209,511,583,-72
121000210,678,747,-69
121000211,458,297,161
121000212,478,1121,-643
121000213,12687,4402,8285
121000214,999,4417,-3418
121000215,1688,1207,481
121000216,861,1260,-399
121000217,8756,5365,3391
121000218,801,2301,-1500
121000219,3321,758,2563
121000220,410,67,343
121000221,303,386,-83
121000222,4040,2943,1097
121000223,1337,392,945
121000224,516,224,292
121000225,4742,1802,2940
121000226,15185,2102,13083
121000227,21,198,-177
121000228,49,787,-738
121000229,413,504,-91
121000230,97,1985,-1888
121000231,1071,74,997
121000232,415,499,-84
121000233,823,454,369
121000234,42,39,3
121000235,81,77,4
121000236,11,128,-117
121000237,54,17,37
121000238,7,120,-113
121000239,68,13,55
121000240,16,501,-485
121000241,133,27,106
121000242,49,227,-178
121000243,464,170,294
121000244,15,79,-64
121000245,90,29,61
121000246,2,149,-147
121000247,128,8,120
121000248,1532,686,846
121000249,187,377,-190
121000250,1112,215,897
121000251,60,717,-657
121000252,168,79,89
121000253,1014,753,261
121000254,1915,432,1483
121000255,1035,290,745
121000256,1345,510,835
121000257,194,123,71
121000258,708,75,633
121000259,280,125,155
121000260,478,197,281
121000261,395,74,321
121000262,1431,2016,-585
121000263,635,687,-52
121000271,361,2158,-1797
121000273,344,13,331
121000274,33,61,-28
121000275,3,25,-22
121000276,8,43,-35
121000278,302,69,233
121000279,150,16,134
121000280,422,68,354
121000289,369,51,318
121000290,1794,1146,648
121000294,236,280,-44
121000297,1353,2029,-676
121000299,950,396,554
121000300,1015,1104,-89
121000302,171,2006,-1835
121000303,840,658,182
121000304,645,106,539
121000305,216,91,125
121000306,175,223,-48
121000308,228,632,-404
121000309,745,924,-179
121000310,191,510,-319
121000311,110,1184,-1074
121000312,539,346,193
121000313,559,901,-342
121000314,211,216,-5
121000315,92,167,-75
121000530,1822,2022,-200
121000531,2589,2168,421
121000532,9032,9143,-111
121000533,3861,4562,-701
121000918,145,225,-80
121000919,122,70,52
121000938,295,255,40
121000939,383,332,51
121000956,1552,2358,-806
121000957,12,30,-18
121000958,332,60,272
121000959,1154,1275,-121
121000960,3040,3125,-85
121000961,280,215,65
121000962,436,1579,-1143
121000963,0,0,0
121000973,0,182,-182
121000976,30,329,-299
121000979,594,240,354
121000981,409,318,91
121000982,394,270,124
121000983,622,623,-1
121000984,124,70,54
121000985,832,1048,-216
121000986,1012,461,551
121000987,360,1639,-1279
121000988,892,228,664
121001302,504,226,278
121001308,16,9,7
121001309,263,198,65
121001313,569,328,241
121001314,4222,4946,-724
121001315,6181,4258,1923
121900001,197,318,-121
121900002,180,23,157
121900003,581,25,556
121900004,185,565,-380
121900005,48,32,16
121900006,148,64,84
121900007,2926,4022,-1096
121900008,1980,495,1485
121900009,1007,33,974
121900010,341,9,332
121900011,399,656,-257
121900012,53,4,49
121900013,2713,83,2630
121900014,2130,555,1575
121900015,291,308,-17
121900016,8,55,-47
121900017,909,906,3
121900018,477,17,460
121900019,551,431,120
121900020,67,5,62
121900021,848,21,827
121900022,321,363,-42
121900023,179,566,-387
121900024,519,158,361
121900025,840,554,286
121900026,513,63,450
121900027,622,183,439
121900028,430,34,396
121900029,348,325,23
121900030,908,1105,-197
121900031,1765,10978,-9213
121900032,194,117,77
121900033,230,243,-13
121900034,623,123,500
121900035,3830,3482,348
121900036,120,455,-335
121900037,210,954,-744
121900038,64,298,-234
121900039,640,84,556
121900040,88,132,-44
121900041,107,209,-102
121900042,476,167,309
121900043,42,10,32
121900044,375,116,259
121900046,582,414,168
121900047,296,105,191
121900048,57,223,-166
121900050,49,66,-17
121900051,205,258,-53
121900052,214,70,144
121900053,1055,533,522
121900054,767,1357,-590
121900055,17,19,-2
121900058,306,293,13
121900059,667,268,399
121900060,214,534,-320
121900061,700,245,455
121900062,256,196,60
121900063,2231,391,1840
121900064,468,941,-473
121900066,175,52,123
121900067,86,97,-11
121900069,194,171,23
121900070,537,142,395
121900071,380,391,-11
121900072,54,264,-210
121900073,640,339,301
121900074,1124,1295,-171
121900075,1292,469,823
121900076,1362,929,433
121900077,19,63,-44
121900078,126,54,72
121900079,2,2,0
121900080,1404,636,768
121900082,71,161,-90
121900084,19,334,-315
121900085,4,20,-16
121900086,14,77,-63
121900087,216,152,64
121900088,2795,4046,-1251
121900089,247,494,-247
121900090,43,187,-144
121900091,71,237,-166
121900092,123,142,-19
121900093,74,97,-23
121900094,17,8,9
121900095,288,253,35
121900096,1987,1223,764
121900097,828,240,588
121900098,13,14,-1
121900099,307,104,203
121900100,405,590,-185
121900101,259,189,70
121900102,8,175,-167
121900103,1309,375,934
121900104,1610,418,1192
121900105,364,324,40
121900106,7,16,-9
121900107,88,59,29
121900108,2,41,-39
121900109,453,186,267
121900110,613,1513,-900
121900111,2126,182,1944
121900112,344,185,159
121900113,93,823,-730
121900114,92,181,-89
121900117,900,88,812
121900118,3606,811,2795
121900119,262,197,65
121900120,67,2370,-2303
121900121,987,93,894
121900122,27,148,-121
121900123,332,614,-282
121900124,113,148,-35
121900125,1696,1849,-153
121900127,21,128,-107
121900128,149,160,-11
121900129,926,184,742
121900130,304,368,-64
121900131,460,77,383
121900132,133,149,-16
121900133,112,575,-463
121900134,35,238,-203
121900135,3517,514,3003
121900136,525,669,-144
121900137,83,619,-536
121900138,247,370,-123
121900139,511,597,-86
121900140,143,298,-155
121900141,94,57,37
121900142,286,258,28
121900143,32,282,-250
121900144,146,333,-187
121900145,313,469,-156
121900146,999,1265,-266
121900147,63,194,-131
121900148,378,441,-63
121900149,489,1049,-560
121900150,87,166,-79
121900151,133,363,-230
121900152,129,182,-53
121900153,133,870,-737
121900154,30,312,-282
121900155,0,165,-165
121900156,230,199,31
121900157,7,569,-562
121900158,82,131,-49
121900159,3,330,-327
121900160,55,504,-449
121900161,544,467,77
121900162,136,277,-141
121900163,300,989,-689
121900164,741,291,450
121900165,391,225,166
121900166,428,281,147
121900167,164,132,32
121900168,267,279,-12
121900169,8,416,-408
121900170,7,392,-385
121900171,941,780,161
121900172,729,376,353
121900173,1399,407,992
121900174,73,133,-60
121900175,495,234,261
121900176,934,2205,-1271
121900177,261,65,196
121900178,78,93,-15
121900179,643,273,370
121900180,6676,5806,870
121900182,1205,414,791
121900183,1080,1122,-42
121900184,87,992,-905
121900186,26,438,-412
121900187,52,265,-213
121900188,815,812,3
121900189,63,181,-118
121900190,820,671,149
121900191,181,387,-206
121900192,512,987,-475
121900193,121,286,-165
121900194,10,263,-253
121900195,135,134,1
121900196,1447,1863,-416
121900197,635,2409,-1774
121900198,1432,1933,-501
121900199,9,25,-16
121900200,160,343,-183
121900201,1786,1041,745
121900202,210,931,-721
121900203,325,1487,-1162
121900204,1423,1932,-509
121900205,32,148,-116
121900206,11,20,-9
121900207,201,59,142
121900208,418,434,-16
121900209,70,48,22
121900210,2611,1741,870
121900211,42,112,-70
121900212,241,205,36
121900213,198,162,36
121900214,17,864,-847
121900215,115,200,-85
121900216,113,250,-137
121900217,313,173,140
121900218,312,765,-453
121900220,196,15,181
121900221,447,1204,-757
121900222,291,272,19
121900223,284,65,219
121900224,166,63,103
121900225,381,212,169
121900226,380,1140,-760
121900227,326,718,-392
121900228,345,618,-273
121900230,211,377,-166
121900231,578,1719,-1141
121900232,537,618,-81
121900233,355,273,82
121900234,597,476,121
121900235,837,346,491
121900236,505,244,261
121900237,204,396,-192
121900238,235,557,-322
121900239,328,57,271
121900240,371,214,157
121900241,47,104,-57
121900242,6,0,6
121900243,17,2,15
121900244,40,6,34
121900245,255,119,136
121900246,3137,541,2596
121900247,476,369,107
121900248,2020,1700,320
121900250,329,408,-79
121900251,462,76,386
121900252,815,214,601
121900253,204,1003,-799
121900254,677,381,296
121900255,326,159,167
121900258,4330,2979,1351
121900259,559,1024,-465
121900260,156,297,-141
121900261,295,890,-595
121900262,560,1738,-1178
121900263,332,451,-119
121900264,3098,2445,653
121900265,442,455,-13
121900266,571,323,248
121900267,101,38,63
121900269,325,876,-551
121900270,41,292,-251
121900271,83,270,-187
121900273,862,2943,-2081
121900274,371,326,45
121900277,691,1554,-863
121900278,277,1187,-910
121900279,290,263,27
121900280,357,448,-91
121900281,980,390,590
121900284,210,24,186
121900286,960,192,768
121900287,34,70,-36
121900288,5,1,4
121900290,293,351,-58
121900291,645,860,-215
121900292,243,186,57
121900293,1267,3894,-2627
121900294,388,4,384
121900295,173,385,-212
121900296,243,230,13
121900298,761,888,-127
121900299,0,1,-1
121900300,96,3,93
121900301,85,12,73
121900302,0,69,-69
121900303,876,629,247
121900304,4,10,-6
121900305,1,6,-5
121900306,121,1,120
121900307,19,7,12
121900308,75,471,-396
121900309,34,359,-325
121900310,35,558,-523
121900311,364,117,247
121900312,322,35,287
121900313,765,40,725
121900314,25,94,-69
121900315,16,0,16
121900316,0,15,-15
121900317,31,6,25
121900318,2,24,-22
121900319,39,416,-377
121900320,102,175,-73
121900321,12,0,12
121900322,5,44,-39
121900323,11,18,-7
121900324,22,92,-70
121900325,9,7,2
121900326,3,10,-7
121900327,7,105,-98
121900328,3,49,-46
121900329,1,274,-273
121900330,0,56,-56
121900331,58,43,15
121900332,149,68,81
121900333,63,2,61
122000001,3558,5815,-2257
122000002,6942,2359,4583
122000003,3254,3174,80
122000004,4836,2314,2522
122000005,3601,2068,1533
122000006,2547,967,1580
122000007,1807,2399,-592
122000008,6557,7223,-666
122000009,586,409,177
122000010,2814,4082,-1268
122000011,4618,2014,2604
122000012,1714,1695,19
122000013,3164,1667,1497
122000014,2052,2357,-305
122000015,2023,1435,588
122000016,706,1044,-338
122000017,1423,1345,78
122000018,1915,1555,360
122000019,985,1697,-712
122000020,334,298,36
122000021,645,575,70
122000022,1932,1769,163
122000023,944,3451,-2507
122000024,1081,1467,-386
122000025,2937,2179,758
122000026,1540,1238,302
122000027,838,4970,-4132
122000028,1046,667,379
122000029,613,545,68
122000030,443,242,201
122000031,269,341,-72
122000032,2322,3990,-1668
122000033,1281,1394,-113
122000034,1157,856,301
122000035,476,1209,-733
122000036,743,815,-72
122000037,440,356,84
122000038,417,545,-128
122000039,930,864,66
122000040,496,721,-225
122000041,768,788,-20
122000042,484,655,-171
122000043,181,186,-5
122000044,188,227,-39
122000045,2325,608,1717
122000046,1156,1516,-360
122000047,441,275,166
122000048,4794,7000,-2206
122000049,8933,3987,4946
122000050,2319,988,1331
122000051,468,421,47
122000052,736,428,308
122000053,229,904,-675
122000054,3276,2881,395
122000055,3203,3844,-641
122000056,6890,5363,1527
122000057,5101,4719,382
122000058,4276,1611,2665
122000059,4475,2071,2404
122000060,1244,888,356
122000061,794,642,152
122000062,1618,509,1109
122000063,2509,1065,1444
122000064,5247,3600,1647
122000065,8200,3543,4657
122000066,1744,1381,363
122000067,3374,1780,1594
122000068,2280,2163,117
122000069,969,995,-26
122000070,1103,4960,-3857
122000071,2049,2009,40
122000072,462,497,-35
122000073,555,710,-155
122000074,3834,2110,1724
122000075,904,2123,-1219
122000076,3061,1701,1360
122000077,2706,1009,1697
122000078,3402,3010,392
122000079,3353,1730,1623
122000080,1717,542,1175
122000081,323,522,-199
122000082,1613,1132,481
122000083,2204,4235,-2031
122000084,2069,1346,723
122000085,424,2731,-2307
122000086,3722,7784,-4062
122000087,761,321,440
122000088,570,602,-32
122000089,10037,4600,5437
122000090,422,844,-422
122000091,597,131,466
122000092,355,33,322
122000093,2960,1546,1414
122000094,11940,3198,8742
122000095,5171,4660,511
122000096,3904,2793,1111
122000098,4861,2414,2447
122000099,5574,968,4606
122000100,1653,1094,559
122000101,410,1752,-1342
122000102,2601,1598,1003
122000103,2727,2028,699
122000104,705,296,409
122000105,891,370,521
122000106,918,793,125
122000107,1227,702,525
122000108,627,1032,-405
122000109,488,620,-132
122000110,595,630,-35
122000111,3602,1788,1814
122000112,1184,2248,-1064
122000113,812,968,-156
122000114,7349,2284,5065
122000115,2205,2915,-710
122000116,870,819,51
122000117,2126,656,1470
122000118,772,1213,-441
122000119,6266,4586,1680
122000120,4165,8442,-4277
122000121,4693,4947,-254
122000122,1258,2628,-1370
122000123,3143,3061,82
122000124,1527,1011,516
122000125,1028,1093,-65
122000126,1087,1931,-844
122000127,1835,2389,-554
122000128,840,1222,-382
122000129,564,2214,-1650
122000130,5369,2620,2749
122000131,3371,3147,224
122000132,1161,1090,71
122000133,1612,2486,-874
122000134,1298,1306,-8
122000135,1118,1186,-68
122000136,1628,1129,499
122000137,2547,1484,1063
122000139,2267,4937,-2670
122000140,1862,742,1120
122000141,6707,1693,5014
122000142,765,1384,-619
122000143,759,1165,-406
122000144,2540,3018,-478
122000145,2416,1603,813
122000146,1232,2264,-1032
122000147,1344,729,615
122000148,3273,2308,965
122000149,3152,2274,878
122000150,1916,1471,445
122000151,442,538,-96
122000152,627,700,-73
122000153,605,594,11
122000154,505,294,211
122000155,2569,4010,-1441
122000156,2492,2593,-101
122000157,2379,1924,455
122000158,606,1105,-499
122000159,1483,3529,-2046
122000160,8027,5162,2865
122000161,1944,1830,114
122000162,3689,2685,1004
122000163,326,137,189
122000164,42,122,-80
122000165,1604,997,607
122000166,2249,1593,656
122000167,261,300,-39
122000168,261,711,-450
122000169,723,298,425
122000170,426,298,128
122000171,59,97,-38
122000172,2217,2004,213
122000173,1976,3054,-1078
122000174,4184,1065,3119
122000175,2219,464,1755
122000176,432,893,-461
122000177,2447,1718,729
122000178,4812,4357,455
122000179,2531,3458,-927
122000180,2196,1857,339
122000181,2387,4417,-2030
122000182,2488,2233,255
122000183,2554,1909,645
122000184,3413,2759,654
122000185,1417,1725,-308
122000186,758,986,-228
122000187,2877,1634,1243
122000188,548,288,260
122000189,319,452,-133
122000190,1732,1438,294
122000191,1610,1079,531
122000192,1785,526,1259
122000193,645,824,-179
122000194,1227,269,958
122000195,333,603,-270
122000196,1810,850,960
122000197,859,923,-64
122000198,678,1084,-406
122000199,529,462,67
122000200,1940,1247,693
122000201,1721,1784,-63
122000202,1923,1422,501
122000203,5408,2144,3264
122000204,2784,2910,-126
122000205,2282,2248,34
122000206,3364,1265,2099
122000207,2715,1835,880
122000208,4169,2102,2067
122000209,4133,459,3674
122000210,3806,2442,1364
122000211,2504,1468,1036
122000212,1366,836,530
122000213,1446,2085,-639
122000214,3044,2354,690
122000215,2537,2088,449
122000217,3380,1956,1424
122000218,1198,164,1034
122000219,1802,1292,510
122000220,504,1030,-526
122000221,156,699,-543
122000222,902,238,664
122000223,2490,782,1708
122000225,1528,507,1021
122000226,4006,2968,1038
122000227,593,4047,-3454
122000228,666,581,85
122000229,60,758,-698
122000230,153,939,-786
122000231,596,1201,-605
122000232,1038,1633,-595
122000233,0,159,-159
122000234,590,256,334
122000235,1309,256,1053
122000236,1522,256,1266
122000237,131,124,7
122000238,555,509,46
122000239,1040,221,819
122000240,1659,752,907
122000241,2312,822,1490
122000242,1323,193,1130
122000243,418,102,316
122000244,103,637,-534
122000245,122,305,-183
122000246,501,264,237
122000247,1004,1034,-30
122000248,1958,2505,-547
122000249,2085,1365,720
122000250,3577,1886,1691
122000251,380,664,-284
122000252,852,270,582
122000253,64,438,-374
122000254,385,180,205
122000255,1269,2375,-1106
122000256,631,1644,-1013
122000257,256,481,-225
122000258,341,400,-59
122000259,17,754,-737
122000260,4,126,-122
122000261,14,300,-286
122000262,1,97,-96
122000263,343,147,196
122000264,1827,615,1212
122000265,4357,1267,3090
122000266,9039,893,8146
122000267,227,159,68
122000268,279,500,-221
122000269,1652,496,1156
122000270,2126,214,1912
122000271,558,1543,-985
122000272,498,1511,-1013
122000273,625,677,-52
122000274,302,255,47
122000275,221,273,-52
122000276,1115,879,236
122000277,2466,2150,316
122000278,3146,1434,1712
122000279,342,837,-495
122000280,1737,1104,633
122000281,1407,1340,67
122000282,432,233,199
122000283,1296,125,1171
122000284,307,149,158
122000285,940,95,845
122000286,283,154,129
122000287,2627,1941,686
122000288,1327,395,932
122000291,2477,1210,1267
122000293,556,429,127
122000294,212,340,-128
122000295,2114,330,1784
122000296,92,992,-900
122000297,4548,3596,952
122000299,544,641,-97
122000300,673,950,-277
122000301,17956,4798,13158
122000302,1526,2045,-519
122000303,5748,1957,3791
122000304,97,352,-255
122000305,1550,547,1003
122000306,49,1279,-1230
122000307,338,216,122
122000309,231,77,154
122000310,102,85,17
122000311,522,298,224
122000312,212,131,81
122000313,199,120,79
122000314,160,408,-248
122000315,472,76,396
122000316,972,303,669
122000317,1727,372,1355
122000318,388,1318,-930
122000319,405,835,-430
122000320,551,2733,-2182
122000321,194,343,-149
122000322,3358,3713,-355
122000323,2112,3060,-948
122000324,1941,1650,291
122000325,1422,2152,-730
122000326,115,193,-78
122000327,998,1679,-681
122000328,1722,1152,570
122000330,3377,1316,2061
122000332,491,436,55
122000333,6,179,-173
122000337,1414,2355,-941
122000338,624,610,14
122000340,678,475,203
122000342,3794,1428,2366
122000343,649,1913,-1264
122000344,102,39,63
122000345,233,67,166
122000346,405,657,-252
122000348,927,1209,-282
122000349,220,1147,-927
122000351,140,260,-120
122000352,612,228,384
122000353,139,141,-2
122000355,212,282,-70
122000356,2810,1184,1626
122000357,166,45,121
122000358,0,61,-61
122000359,1,53,-52
122000360,6,70,-64
122000362,20,92,-72
122000364,184,589,-405
122000365,3,72,-69
122000366,26,12,14
122000368,577,1018,-441
122000370,47,104,-57
122000371,74,1,73
122000372,29,3,26
122000381,112,543,-431
122000382,112,339,-227
122000384,5913,2659,3254
122000385,122,0,122
122000386,939,2023,-1084
122000387,1320,613,707
122000388,2612,1099,1513
122000389,275,831,-556
122000390,772,330,442
122000391,642,163,479
122000392,236,273,-37
122000393,481,251,230
122000394,718,547,171
122000395,246,240,6
122000396,532,166,366
122000397,123,119,4
122000398,65,93,-28
122000399,224,126,98
122000400,267,558,-291
122000401,185,111,74
122000402,411,170,241
122000403,766,1524,-758
122000404,238,443,-205
122000408,1148,1842,-694
122000503,6,190,-184
122000524,283,158,125
122000544,115,5878,-5763
122000616,414,7,407
122000640,101,232,-131
122000641,145,508,-363
122000642,2304,1657,647
122000643,67,225,-158
122000644,345,35,310
122000645,141,453,-312
122000651,3414,1094,2320
122000664,168,78,90
122000665,1710,718,992
122000666,820,1552,-732
122000673,41,465,-424
122000674,199,100,99
122000675,2477,1814,663
122000686,650,1818,-1168
122000687,2947,514,2433
122000688,395,1074,-679
122000689,1344,1032,312
122000690,2030,908,1122
122000691,693,2952,-2259
122000692,2241,643,1598
122000693,992,2954,-1962
122000695,404,769,-365
122000696,482,517,-35
122000698,420,1251,-831
122000699,347,239,108
122000701,1855,599,1256
122000702,638,2038,-1400
122000703,186,96,90
122000717,248,104,144
122000718,481,1589,-1108
122000719,193,125,68
122000720,539,432,107
122000724,192,26,166
122900001,58,21,37
122900002,1877,6922,-5045
122900003,643,83,560
122900004,1265,77,1188
122900005,190,76,114
122900006,2284,475,1809
122900007,321,94,227
122900008,1389,121,1268
122900009,1229,674,555
122900010,269,267,2
122900012,322,483,-161
122900014,250,473,-223
122900015,3617,1329,2288
122900016,256,522,-266
122900017,529,1398,-869
122900018,343,43,300
122900019,17,207,-190
122900020,924,529,395
122900021,79,1433,-1354
122900022,1072,1206,-134
122900023,692,429,263
122900024,206,155,51
122900025,27,329,-302
122900026,203,486,-283
122900027,74,1042,-968
122900028,192,270,-78
122900029,6519,4097,2422
122900030,1870,652,1218
122900031,213,343,-130
122900032,191,610,-419
122900033,508,224,284
122900034,6010,8383,-2373
122900035,67,28,39
122900036,60,247,-187
122900037,872,214,658
122900038,230,5040,-4810
122900039,173,797,-624
122900040,497,550,-53
122900041,407,274,133
122900042,285,396,-111
122900043,966,249,717
122900044,165,506,-341
122900045,142,139,3
122900046,618,166,452
122900047,337,311,26
122900048,73,583,-510
122900049,2375,220,2155
122900051,152,211,-59
122900052,110,204,-94
122900053,45,47,-2
122900055,794,228,566
122900057,478,79,399
122900061,665,325,340
122900062,649,1045,-396
122900063,274,497,-223
122900064,2205,677,1528
122900065,851,293,558
122900066,899,520,379
122900067,2157,1108,1049
122900068,263,466,-203
122900069,646,3158,-2512
122900070,569,85,484
122900071,157,631,-474
122900072,34,868,-834
122900073,77,416,-339
122900074,1051,1070,-19
122900075,2,137,-135
122900076,8,269,-261
122900077,3,263,-260
122900078,215,189,26
122900080,90,26,64
122900081,472,223,249
122900082,1042,409,633
122900083,232,344,-112
122900084,30,386,-356
122900086,13,136,-123
122900087,677,644,33
122900088,86,154,-68
122900089,275,276,-1
122900090,31,821,-790
122900091,306,1,305
122900092,2,285,-283
122900093,3,460,-457
122900094,12,391,-379
122900095,298,15,283
122900096,426,413,13
122900097,47,45,2
122900098,186,174,12
122900099,68,28,40
122900100,1426,352,1074
122900101,1233,482,751
122900102,37,41,-4
122900103,150,8,142
122900104,180,13,167
122900105,10,10,0
122900106,7,153,-146
122900107,5,329,-324
122900108,11,340,-329
123000001,2477,570,1907
123000002,7185,5481,1704
123000003,5330,5366,-36
123000004,4141,6006,-1865
123000005,3688,3963,-275
123000006,3733,4037,-304
123000007,5296,3865,1431
123000008,3948,5113,-1165
123000009,6647,4928,1719
123000010,5048,5069,-21
123000011,5067,1381,3686
123000012,1271,3518,-2247
123000013,4851,1449,3402
123000014,1790,4993,-3203
123000015,6450,1770,4680
123000016,8731,6085,2646
123000017,4387,2376,2011
123000018,127,207,-80
123000019,337,453,-116
123000020,210,207,3
123000021,132,618,-486
123000022,605,4208,-3603
123000023,2046,1900,146
123000024,2030,836,1194
123000025,144,385,-241
123000026,25,24,1
123000027,1325,651,674
123000028,3113,269,2844
123000029,3133,721,2412
123000030,641,621,20
123000031,220,538,-318
123000032,429,390,39
123000033,422,68,354
123000034,1769,1474,295
123000035,445,705,-260
123000036,413,1608,-1195
123000037,375,403,-28
123000038,142,269,-127
123000039,481,1684,-1203
123000040,1334,494,840
123000041,1977,1524,453
123000042,1574,759,815
123000043,5119,10585,-5466
123000044,7120,3085,4035
123000045,14480,4065,10415
123000046,1258,1988,-730
123000047,3471,1836,1635
123000048,83,764,-681
123000049,10543,11455,-912
123000050,1571,2255,-684
123000051,223,320,-97
123000052,1205,4506,-3301
123000053,3831,4779,-948
123000054,1948,2000,-52
123000055,1967,2691,-724
123000056,2137,2670,-533
123000057,23046,9102,13944
123000058,998,1253,-255
123000059,703,783,-80
123000060,1201,581,620
123000061,433,1171,-738
123000063,1239,1418,-179
123000064,1404,447,957
123000065,9910,4289,5621
123000066,1310,1125,185
123000067,1427,1133,294
123000068,4500,4699,-199
123000069,9141,5032,4109
123000070,346,1264,-918
123000071,1243,1563,-320
123000072,1435,1936,-501
123000073,1624,1257,367
123000074,1583,2427,-844
123000075,444,1496,-1052
123000076,965,1267,-302
123000077,2799,4488,-1689
123000078,2130,2279,-149
123000079,1920,2849,-929
123000080,3373,2906,467
123000081,232,660,-428
123000082,591,1557,-966
123000083,1332,324,1008
123000084,785,1107,-322
123000085,303,164,139
123000086,573,382,191
123000087,443,606,-163
123000088,1943,1358,585
123000089,620,1729,-1109
123000090,1585,1433,152
123000091,2174,2381,-207
123000092,1411,1727,-316
123000094,804,378,426
123000095,765,1006,-241
123000096,880,619,261
123000097,727,1329,-602
123000098,1044,880,164
123000099,814,1084,-270
123000100,857,987,-130
123000101,951,868,83
123000102,812,957,-145
123000104,585,625,-40
123000105,853,720,133
123000106,644,541,103
123000107,552,739,-187
123000108,1037,1856,-819
123000111,1066,524,542
123000112,1473,914,559
123000113,812,2547,-1735
123000114,622,849,-227
123000115,427,430,-3
123000116,42,273,-231
123000117,2456,3301,-845
123000118,694,1509,-815
123000119,499,1416,-917
123000120,717,1387,-670
123000121,629,811,-182
123000122,581,317,264
123000123,574,816,-242
123000124,625,582,43
123000125,1668,1694,-26
123000126,2241,4749,-2508
123000127,1326,896,430
123000128,521,521,0
123000129,830,338,492
123000130,716,117,599
123000131,1135,993,142
123000132,606,1067,-461
123000133,482,719,-237
123000134,687,396,291
123000135,2847,2001,846
123000136,359,1409,-1050
123000137,158,611,-453
123000138,127,678,-551
123000139,575,219,356
123000140,171,1215,-1044
123000141,1264,245,1019
123000142,1346,1400,-54
123000143,2278,3043,-765
123000144,66,74,-8
123000145,375,262,113
123000146,91,110,-19
123000147,327,204,123
123000149,538,738,-200
123000150,481,392,89
123000151,451,560,-109
123000152,274,631,-357
123000153,418,1020,-602
123000154,3013,3060,-47
123000155,3913,1768,2145
123000156,106,276,-170
123000157,881,1406,-525
123000158,1017,1223,-206
123000159,5210,3404,1806
123000160,1323,1083,240
123000161,2380,1785,595
123000162,1300,2458,-1158
123000163,610,157,453
123000164,2022,487,1535
123000165,536,2682,-2146
123000166,64,287,-223
123000167,205,476,-271
123000168,405,375,30
123000169,992,208,784
123000170,110,364,-254
123000171,955,81,874
123000172,317,906,-589
123000173,770,335,435
123000174,1389,572,817
123000175,1091,1959,-868
123000176,1251,392,859
123000177,427,1451,-1024
123000178,1334,289,1045
123000179,65,1063,-998
123000180,2357,526,1831
123000181,562,2185,-1623
123000182,439,729,-290
123000183,223,664,-441
123000184,162,925,-763
123000185,879,765,114
123000186,6,825,-819
123000187,604,15,589
123000188,308,3,305
123000189,234,239,-5
123000190,99,68,31
123000192,42,624,-582
123000193,82,1125,-1043
123000194,591,469,122
123000195,389,49,340
123000196,422,143,279
123000197,90,267,-177
123000198,256,375,-119
123000199,12,988,-976
123000200,804,20,784
123000201,1164,57,1107
123000202,33,1826,-1793
123000203,1171,177,994
123000204,142,1709,-1567
123000205,779,2866,-2087
123000206,2312,380,1932
123000207,109,1355,-1246
123000208,790,256,534
123000209,2765,736,2029
123000210,820,2714,-1894
123000211,805,3640,-2835
123000212,4120,606,3514
123000213,871,102,769
123000215,337,353,-16
123000216,456,2238,-1782
123000217,264,68,196
123000218,182,907,-725
123000219,1654,305,1349
123000220,728,160,568
123000221,312,237,75
123000222,563,855,-292
123000223,379,738,-359
123000224,529,810,-281
123000225,475,164,311
123000226,124,556,-432
123000227,204,505,-301
123000228,338,90,248
123000229,1564,2310,-746
123000232,131,916,-785
123000233,967,295,672
123000234,242,967,-725
123000235,1194,494,700
123000236,358,1280,-922
123000237,461,157,304
123000238,131,864,-733
123000239,661,2577,-1916
123000240,58,589,-531
123000241,1116,196,920
123000242,184,346,-162
123000243,1079,1298,-219
123000244,1338,1057,281
123000245,82,257,-175
123000249,695,1296,-601
123000252,1471,351,1120
123000253,1333,736,597
123000254,923,1588,-665
123000255,1609,1355,254
123000256,43,361,-318
123000257,5027,3229,1798
123000258,1564,1566,-2
123000259,384,599,-215
123000260,568,807,-239
123000261,243,353,-110
123000262,168,347,-179
123000263,516,149,367
123000264,254,109,145
123000265,69,243,-174
123000266,799,1214,-415
123000267,743,442,301
123000268,68,119,-51
123000269,56,62,-6
123000270,37,66,-29
123000271,213,97,116
123000272,1180,369,811
123000273,378,912,-534
123000274,1671,804,867
123000275,577,1452,-875
123000278,4532,3915,617
123000279,192,211,-19
123000280,587,532,55
123000281,452,181,271
123000282,206,384,-178
123000283,153,122,31
123000284,71,207,-136
123000286,379,405,-26
123000287,720,405,315
123000288,1602,1290,312
123000289,689,1670,-981
123000291,424,1073,-649
123000294,175,292,-117
123000295,1111,1178,-67
123000296,772,518,254
123000297,779,1210,-431
123000298,940,867,73
123000299,75,320,-245
123000300,1104,1312,-208
123000301,263,367,-104
123000302,111,341,-230
123000303,344,159,185
123000305,1395,1171,224
123000306,195,292,-97
123000309,56,116,-60
123000310,113,46,67
123000311,1,157,-156
123000312,1251,1399,-148
123000313,596,743,-147
123000315,131,580,-449
123000316,3083,229,2854
123000317,333,88,245
123000318,72,323,-251
123000329,60,19,41
123000337,833,304,529
123000338,1452,69,1383
123000339,246,287,-41
123000340,357,767,-410
123000342,19,13,6
123000343,98,4,94
123000344,1806,787,1019
123000345,467,1079,-612
123000346,464,92,372
123000352,2580,1144,1436
123000353,19,136,-117
123000354,804,4,800
123000355,1,824,-823
123000356,494,14,480
123000357,3,356,-353
123000359,2,270,-268
123000360,359,226,133
123000361,687,462,225
123000362,533,199,334
123000363,158,333,-175
123000364,758,616,142
123000365,55,520,-465
123000366,544,2649,-2105
123000367,384,1917,-1533
123000370,118,412,-294
123000371,953,43,910
123000372,538,32,506
123000373,14,738,-724
123000374,23,361,-338
123000375,395,102,293
123000376,1158,782,376
123000377,632,35,597
123000378,20,500,-480
123000379,12,416,-404
123000380,95,571,-476
123000381,247,49,198
123000382,1939,243,1696
123000383,422,1746,-1324
123000384,632,120,512
123000385,508,939,-431
123000436,99,1728,-1629
123000507,199,479,-280
123000508,242,1377,-1135
123000517,418,51,367
123000518,30,364,-334
123000519,217,96,121
123000520,71,343,-272
123000521,426,171,255
123000522,193,554,-361
123000541,4,7,-3
123000542,0,37,-37
123000565,854,71,783
123000566,315,1139,-824
123000567,164,340,-176
123000573,78,1246,-1168
123000574,880,125,755
123000575,1735,1880,-145
123000576,1131,2770,-1639
123000577,166,1203,-1037
123000578,984,124,860
123000579,5133,7401,-2268
123000580,117,74,43
123000582,625,66,559
123000583,35,617,-582
123000584,303,487,-184
123000585,1,281,-280
123000586,163,1,162
123000596,116,183,-67
123000597,100,216,-116
123000602,32,6,26
123000603,837,1195,-358
123000604,764,1555,-791
123000605,1473,193,1280
123000606,1,609,-608
123000609,30,503,-473
123000610,293,248,45
123000613,46,272,-226
123000614,233,85,148
123000615,41,176,-135
123000616,950,129,821
123000617,139,829,-690
123000618,117,903,-786
123000619,993,103,890
123000620,33,708,-675
123000622,607,54,553
123000624,166,95,71
123000630,1088,870,218
123000631,459,2592,-2133
123000632,1369,1546,-177
123000633,1,289,-288
123000634,105,170,-65
123000635,304,171,133
123000636,189,1213,-1024
123000637,218,284,-66
123000638,961,114,847
123000639,1708,5518,-3810
123000640,16,1273,-1257
123000648,334,114,220
123000649,47,735,-688
123900001,1949,82,1867
123900002,57,2369,-2312
123900003,525,850,-325
123900005,444,199,245
123900006,458,54,404
124000001,3019,243,2776
124000002,153,2542,-2389
124000003,1088,236,852
124000004,84,907,-823
124000005,1417,990,427
124000006,337,1761,-1424
124000007,1020,287,733
124000008,42,1450,-1408
124000009,817,559,258
124000010,213,986,-773
124000011,2118,647,1471
124000012,860,1042,-182
124000017,248,232,16
124000018,127,112,15
124000019,171,187,-16
124000020,72,275,-203
124000021,217,99,118
124000022,106,376,-270
124000023,2342,2021,321
124000024,1548,772,776
124000025,1950,2364,-414
124000026,1676,1589,87
124000027,6499,6431,68
124000028,3341,5861,-2520
124000030,4550,1891,2659
124000031,1925,5191,-3266
124000032,5423,1361,4062
124000033,814,1495,-681
124000034,2620,999,1621
124000035,317,289,28
124000036,153,555,-402
124000037,1138,1390,-252
124000038,62,162,-100
124000039,1762,681,1081
124000040,914,1440,-526
124000041,535,172,363
124000042,127,701,-574
124000043,312,217,95
124000044,102,413,-311
124000045,1113,1046,67
124000046,420,1170,-750
124000047,1944,1611,333
124000048,1245,2318,-1073
124000049,2257,1132,1125
124000050,1302,2988,-1686
124000051,1091,885,206
124000052,832,1719,-887
124000053,680,2113,-1433
124000054,1279,944,335
124000055,1692,3541,-1849
124000056,4547,2061,2486
124000057,1142,822,320
124000058,610,1909,-1299
124000059,852,1523,-671
124000060,1920,1160,760
124000061,2143,5995,-3852
124000062,7183,2534,4649
124000063,2025,2461,-436
124000064,3751,2089,1662
124000065,116,524,-408
124000066,415,155,260
124000067,174,319,-145
124000068,88,225,-137
124000069,915,421,494
124000070,427,786,-359
124000071,395,154,241
124000072,245,640,-395
124000073,1371,258,1113
124000074,409,1082,-673
124000075,348,61,287
124000076,15,300,-285
124000077,2618,1097,1521
124000078,4593,1782,2811
124000079,830,1867,-1037
124000080,869,243,626
124000081,291,942,-651
124000082,65,209,-144
124000083,111,168,-57
124000084,107,708,-601
124000085,211,96,115
124000086,95,168,-73
124000087,349,141,208
124000088,413,995,-582
124000089,1301,547,754
124000090,180,578,-398
124000091,690,196,494
124000092,175,1007,-832
124000093,138,227,-89
124000094,194,735,-541
124000095,99,220,-121
124000096,216,558,-342
124000097,156,231,-75
124000098,86,161,-75
124000099,265,198,67
124000100,59,179,-120
124000101,116,162,-46
124000102,171,110,61
124000103,137,194,-57
124000104,228,88,140
124000105,103,115,-12
124000106,208,153,55
124000107,18,238,-220
124000108,62,60,2
124000109,139,132,7
124000110,291,209,82
124000111,278,284,-6
124000112,784,1044,-260
124000113,87,170,-83
124000114,451,713,-262
124000115,753,943,-190
124000116,155,214,-59
124000117,69,131,-62
124000118,61,155,-94
124000119,1752,1121,631
124000120,1047,735,312
124000121,2062,967,1095
124000122,898,2018,-1120
124000123,1216,784,432
124000124,709,1595,-886
124000125,651,811,-160
124000126,452,975,-523
124000127,1200,713,487
124000128,977,1582,-605
124000129,2590,1926,664
124000130,1045,1069,-24
124000131,1445,703,742
124000132,1341,1031,310
124000133,1130,1452,-322
124000134,1283,1075,208
124000135,2523,2818,-295
124000136,1275,1592,-317
124000137,1937,1344,593
124000138,2674,1918,756
124000139,1504,52,1452
124000140,81,721,-640
124000141,455,21,434
124000142,29,249,-220
124000143,99,69,30
124000144,24,72,-48
124000145,348,76,272
124000146,153,142,11
124000148,71,184,-113
124000149,1793,679,1114
124000150,510,861,-351
124000151,1144,617,527
124000152,1077,1862,-785
124000153,1001,1095,-94
124000154,454,1277,-823
124000155,1843,1451,392
124000156,2371,1451,920
124000169,276,774,-498
124000170,1237,601,636
124000171,455,396,59
124000172,624,849,-225
124000173,725,393,332
124000174,637,1025,-388
124000175,24,203,-179
124000176,100,26,74
124000177,17,82,-65
124000178,84,66,18
124000190,186,70,116
124000191,609,125,484
124000192,5458,649,4809
124000193,1533,1567,-34
124000194,586,746,-160
124000195,378,845,-467
124000196,1559,1589,-30
124000197,92,102,-10
124000198,40,64,-24
124000201,650,1426,-776
124000202,911,520,391
124000203,496,1152,-656
124000204,1129,691,438
124000205,129,756,-627
124000206,969,646,323
124000207,1,70,-69
124000209,384,829,-445
124000210,554,330,224
124000211,659,4,655
124000212,1,743,-742
124000213,509,473,36
124000214,423,993,-570
124000215,1087,32,1055
124000216,1,646,-645
124000329,220,3048,-2828
124000338,188,1639,-1451
124000339,1188,249,939
124000341,1631,215,1416
124000344,136,113,23
124000357,1411,3729,-2318
124000358,896,2172,-1276
124000359,1308,904,404
124000360,874,733,141
124000361,3177,1068,2109
124000362,2248,2696,-448
124000363,370,451,-81
124000364,1001,1107,-106
124000365,870,1411,-541
124000366,2443,1166,1277
124000367,233,906,-673
124000368,794,777,17
124000369,335,339,-4
124000370,158,1074,-916
124000402,78,22,56
124000403,178,31,147
124000404,11,210,-199
124000405,1496,1242,254
124000406,1104,1397,-293
124000407,13,50,-37
124000411,11,605,-594
124000412,563,19,544
124000413,1252,45,1207
124000414,92,210,-118
124000415,65,221,-156
124000416,184,404,-220
124000417,177,232,-55
124000418,150,202,-52
124000419,89,163,-74
124000420,99,155,-56
124000421,73,324,-251
124000422,60,30,30
124000423,190,44,146
124000424,4,133,-129
124000425,75,202,-127
124000426,12,74,-62
124000427,97,34,63
124000428,59,62,-3
124000429,92,135,-43
124000430,934,760,174
124000431,433,906,-473
124000432,348,1617,-1269
124000439,4,16,-12
124000443,0,9,-9
124000445,658,1771,-1113
124000446,2963,149,2814
124900001,626,529,97
124900002,245,606,-361
124900003,1033,842,191
124900004,706,568,138
124900005,463,360,103
124900006,643,571,72
124900008,1764,895,869
124900009,193,468,-275
124900010,216,137,79
124900011,788,390,398
124900012,596,212,384
124900013,728,225,503
124900014,420,153,267
124900015,270,509,-239
124900016,79,182,-103
124900017,971,2149,-1178
124900018,58,13,45
124900020,102,96,6
124900021,297,71,226
124900022,173,28,145
124900024,373,90,283
124900026,563,42,521
124900027,163,467,-304
124900028,913,193,720
124900029,22,629,-607
124900030,7,230,-223
124900031,64,564,-500
124900032,276,304,-28
124900033,182,544,-362
124900034,7,142,-135
124900035,294,737,-443
124900036,5,82,-77
124900037,253,625,-372
124900038,495,547,-52
124900039,1,35,-34
124900040,251,121,130
124900041,437,1703,-1266
124900042,258,7,251
124900043,613,1512,-899
124900044,146,7,139
124900045,1134,1454,-320
124900046,1702,378,1324
124900047,214,334,-120
124900048,263,215,48
124900050,246,409,-163
124900052,145,563,-418
124900053,132,586,-454
124900054,3269,618,2651
124900055,0,202,-202
124900057,11,88,-77
124900060,155,364,-209
124900061,102,17,85
124900062,217,30,187
124900066,0,26,-26
124900067,11,286,-275
124900068,272,736,-464
124900070,113,33,80
124900072,174,85,89
124900075,311,320,-9
124900076,28,1294,-1266
124900077,77,208,-131
124900078,148,45,103
124900079,1022,390,632
124900080,421,976,-555
124900081,1182,446,736
124900082,459,1325,-866
124900083,312,799,-487
124900084,2353,113,2240
124900085,1437,535,902
124900086,161,1416,-1255
124900087,866,113,753
124900088,1097,168,929
124900089,1844,61,1783
124900090,378,327,51
124900091,511,635,-124
124900092,398,495,-97
124900093,399,301,98
124900094,456,404,52
124900095,108,605,-497
124900096,768,381,387
124900097,401,127,274
124900098,196,597,-401
124900099,906,882,24
124900100,410,191,219
124900101,98,372,-274
124900102,291,129,162
124900103,228,415,-187
124900104,88,255,-167
124900105,122,220,-98
124900106,557,101,456
124900107,135,57,78
124900108,274,149,125
124900111,10,97,-87
124900112,107,1008,-901
124900113,158,371,-213
124900114,308,134,174
124900115,207,49,158
124900116,252,291,-39
124900117,885,186,699
124900118,396,443,-47
124900119,453,259,194
124900120,77,562,-485
124900121,192,474,-282
124900122,655,334,321
124900123,472,168,304
124900124,191,450,-259
204000001,221,24,197
204000002,31,10,21
204000003,87,16,71
204000004,40,2,38
204000005,830,790,40
204000006,1661,2435,-774
204000011,17,69,-52
204000012,108,142,-34
204000019,699,860,-161
204000020,1194,857,337
204000021,3416,1161,2255
204000022,658,740,-82
204000023,695,1387,-692
204000031,95,49,46
204000032,940,59,881
204000034,25,312,-287
204000035,0,1,-1
204000036,18,34,-16
204000037,11,27,-16
204000038,5,16,-11
204000039,16,45,-29
204000040,14,39,-25
204000041,47,43,4
204000042,151,15,136
204000043,42,5,37
204000044,79,8,71
204000045,119,3,116
204000046,48,6,42
204000057,6,28,-22
204000062,42,95,-53
204000068,92,413,-321
204000069,75,446,-371
204000070,107,294,-187
204000080,105,120,-15
204000085,2476,2366,110
204000086,3847,3271,576
204000087,63,12,51
204000088,6,149,-143
204000090,43,497,-454
204000093,439,108,331
204000096,1113,1431,-318
204000097,497,27,470
204000099,1362,2143,-781
204000100,1525,2489,-964
204000105,2733,2325,408
204000110,1864,2374,-510
204000111,652,1203,-551
204000112,2460,942,1518
204000113,810,1058,-248
204000114,1181,1184,-3
204000115,1008,477,531
204000116,4365,760,3605
204000119,2382,3662,-1280
204000132,1028,730,298
204000133,940,672,268
204000134,980,350,630
204000135,953,220,733
204000136,644,441,203
204000138,500,1566,-1066
204000140,238,245,-7
204000141,221,107,114
204000144,5,45,-40
204000145,698,59,639
204000146,33,493,-460
204000147,36,274,-238
204000148,1080,42,1038
204000154,12,9,3
204000155,4,16,-12
204000177,105,113,-8
204000179,27,13,14
204000180,0,47,-47
204000222,89,17,72
204000235,23,14,9
204000236,115,435,-320
204000238,37,42,-5
204000240,569,102,467
204000263,743,1695,-952
204000268,1836,1117,719
204000308,276,34,242
204000317,22,152,-130
204000322,8,59,-51
204000323,22,14,8
204000328,325,112,213
204000329,62,235,-173
204000330,318,39,279
204000331,63,159,-96
204010341,25,367,-342
205000001,1777,2468,-691
205000013,6,92,-86
205000014,42,144,-102
205000015,40,294,-254
205000016,22,248,-226
205000017,44,119,-75
205000022,425,1212,-787
205000025,1601,1532,69
205000029,278,8,270
205000045,208,365,-157
205000046,187,728,-541
205000047,171,782,-611
205000048,394,1678,-1284
205000049,212,1309,-1097
205000050,1377,499,878
205000059,0,380,-380
205000060,1,128,-127
205000061,5,51,-46
205000062,5,64,-59
205000063,24,171,-147
205000064,24,232,-208
205000065,88,717,-629
205000066,137,990,-853
205000067,54,1247,-1193
205000069,195,26,169
205000082,240,335,-95
205000110,89,387,-298
205000111,265,418,-153
205000112,231,330,-99
205000113,279,441,-162
205000121,282,128,154
205000123,87,335,-248
205000126,618,264,354
205000127,813,499,314
205000128,912,308,604
205000129,882,360,522
205000130,1216,136,1080
205000131,1444,42,1402
205000132,1118,1,1117
205000133,1361,4,1357
205000134,596,4,592
205000137,99,180,-81
205000138,285,469,-184
205000139,67,163,-96
205000144,292,131,161
205000145,669,246,423
205000151,276,121,155
205000152,358,87,271
205000153,262,117,145
205000154,155,172,-17
205000155,184,40,144
205000207,13,283,-270
205000233,72,1,71
205000234,0,1,-1
205000243,1,0,1
205000244,0,6,-6
205000245,20,360,-340
205000249,1,47,-46
205000250,13,0,13
205000264,10,115,-105
206000027,11,5,6
206000028,14,1,13
206000043,32,122,-90
206000053,18,10,8
206000054,3,41,-38
206000055,7,57,-50
206000075,4,13,-9
206000076,26,17,9
206000077,32,9,23
206000078,12,5,7
206000079,18,4,14
206000082,722,40,682
206000100,56,889,-833
206000103,2,35,-33
206000104,16,57,-41
206000105,10,36,-26
206000106,8,55,-47
206000108,743,48,695
206000125,82,0,82
206000157,71,989,-918
206000170,1,318,-317
206000171,7,290,-283
206000172,12,986,-974
206000173,2,370,-368
206000174,22,133,-111
206000175,3,207,-204
206000176,22,330,-308
206000177,2,279,-277
206000178,6,206,-200
206000179,10,127,-117
206000180,29,223,-194
206000181,58,286,-228
206000182,16,269,-253
206000183,55,932,-877
206000184,7,531,-524
206000185,6,290,-284
206000186,172,1527,-1355
206000223,8,261,-253
206000226,24,6,18
206000227,30,2,28
206000237,21,478,-457
206000238,55,708,-653
206000239,513,2776,-2263
206000240,5,82,-77
206000241,0,119,-119
206000242,4,407,-403
206000243,9,282,-273
206000244,108,1024,-916
206000245,799,67,732
206000246,187,24,163
206000247,197,21,176
206000248,409,25,384
206000252,134,25,109
206000258,47,65,-18
206000315,33,6,27
206000317,825,129,696
206000318,450,123,327
206000319,1413,168,1245
206000320,188,49,139
206000321,199,26,173
206000322,605,18,587
206000323,206,12,194
206000324,182,7,175
206000325,247,18,229
206000326,203,9,194
206000327,680,12,668
206000328,168,7,161
206000329,314,12,302
206000330,58,11,47
206000331,170,2,168
206000332,43,6,37
206000333,546,0,546
206000334,242,1,241
206000335,0,24,-24
206000361,7,313,-306
206000392,2,40,-38
206000405,201,0,201
206000441,44,29,15
206000498,119,85,34
206000515,126,48,78
206000530,292,95,197
206000531,203,303,-100
206000532,2993,354,2639
206000535,376,2920,-2544
206000536,20,282,-262
206000537,27,271,-244
206000613,1848,267,1581
207000001,194,729,-535
207000002,185,421,-236
207000003,226,281,-55
207000007,931,442,489
207000008,84,17,67
207000009,51,46,5
207000010,701,589,112
207000012,427,626,-199
207000015,409,1597,-1188
207000019,402,132,270
207000021,977,194,783
207000022,228,120,108
207000023,299,67,232
207000024,9,14,-5
207000025,50,70,-20
207000026,200,89,111
207000027,55,134,-79
207000028,135,344,-209
207000029,558,631,-73
207000033,324,448,-124
207000034,345,102,243
207000039,442,280,162
207000040,317,181,136
207000041,549,86,463
207000042,430,112,318
207000043,363,258,105
207000051,283,428,-145
207000052,448,281,167
207000053,572,1000,-428
207000054,59,212,-153
207000055,217,237,-20
207000056,570,512,58
207000057,237,362,-125
207000058,380,470,-90
207000059,137,950,-813
207000060,86,348,-262
207000061,299,583,-284
207000062,386,67,319
207000063,349,137,212
207000064,715,194,521
207000065,492,344,148
207000066,189,271,-82
207000067,62,134,-72
207000068,150,117,33
207000069,758,620,138
207000082,7,306,-299
207000083,145,402,-257
207000084,224,326,-102
207000085,190,13,177
207000086,129,5,124
207000106,60,53,7
207000107,103,46,57
207000108,68,30,38
207000109,106,16,90
207000110,121,119,2
207000111,113,160,-47
207000112,379,848,-469
207000114,29,84,-55
207000115,22,132,-110
207000116,39,635,-596
207000117,15,249,-234
207000118,8,185,-177
207000119,58,164,-106
207000123,334,64,270
207000124,72,64,8
207000125,79,102,-23
207000126,89,126,-37
207000134,58,183,-125
207000135,22,275,-253
207000148,63,562,-499
207000149,124,75,49
207000152,267,612,-345
207000153,1535,1857,-322
207000154,687,235,452
207000159,145,286,-141
207000160,209,731,-522
207000238,0,183,-183
207000242,9,327,-318
207000248,61,88,-27
207000249,257,86,171
207000250,1450,121,1329
207000251,187,104,83
207000252,131,110,21
207000278,128,133,-5
207000279,35,303,-268
207000280,549,99,450
207000281,117,1251,-1134
207000282,304,108,196
207000283,151,333,-182
207000284,112,208,-96
207000285,142,31,111
207000291,15,247,-232
207000304,192,69,123
207000306,101,612,-511
207000310,122,113,9
207000353,311,7,304
207000356,25,52,-27
207000357,50,8,42
207000358,78,35,43
207000415,2,287,-285
207000417,49,11,38
207000418,203,224,-21
207000438,0,3,-3
207000439,1264,936,328
207000446,126,6,120
207000460,19,12,7
207000466,365,211,154
207000467,234,160,74
207000468,75,556,-481
207000476,7,110,-103
207000477,794,191,603
207000478,19,35,-16
207000523,0,22,-22
207000524,43,0,43
207000527,145,294,-149
207000530,426,8,418
207000531,491,11,480
207000532,207,43,164
207000534,751,92,659
207000535,56,567,-511
207000537,45,200,-155
207000540,23,388,-365
207000541,1,552,-551
207000548,24,484,-460
207000549,1005,28,977
207000561,194,285,-91
207000562,55,376,-321
207000567,397,366,31
207000568,187,159,28
207000569,536,1353,-817
207000584,604,429,175
207000585,153,582,-429
207000616,0,277,-277
207000617,329,12,317
207900008,233,167,66
208000001,1042,1181,-139
208000002,1074,594,480
208000003,1711,605,1106
208000004,2390,926,1464
208000005,34,27,7
208000019,830,1608,-778
208000020,259,811,-552
208000021,245,679,-434
208000022,1188,805,383
208000028,3287,1673,1614
208000033,603,810,-207
208000034,1655,2462,-807
208000037,749,49,700
208000040,300,249,51
208000041,1427,915,512
208000042,1870,1006,864
208000047,191,469,-278
208000064,4028,2219,1809
208000066,2869,2795,74
208000070,471,551,-80
208000071,514,1211,-697
208000072,511,1817,-1306
208000080,325,579,-254
208000081,389,235,154
208000082,627,426,201
208000083,232,543,-311
208000084,87,25,62
208000085,2030,946,1084
208000086,904,1346,-442
208000087,981,1142,-161
208000089,1191,755,436
208000090,1148,1174,-26
208000093,203,208,-5
208000094,766,723,43
208000095,1082,585,497
208000104,1368,1464,-96
208000105,1390,1523,-133
208000114,174,330,-156
208000115,648,492,156
208000116,1010,1700,-690
208000117,251,216,35
208000118,131,186,-55
208000155,1600,1275,325
208000158,2393,4314,-1921
208000186,4851,4894,-43
208000204,1140,1610,-470
208000205,1497,1740,-243
208000282,7060,3208,3852
209000004,442,299,143
209000005,64,44,20
209000006,553,166,387
209000007,575,399,176
209000010,777,218,559
209000011,256,376,-120
209000012,357,334,23
209000013,451,711,-260
209000014,813,1717,-904
209000025,443,68,375
209000026,857,251,606
209000027,669,1359,-690
209000028,599,1388,-789
209000029,1056,1178,-122
209000030,854,2517,-1663
209000031,5009,4165,844
209000034,256,343,-87
209000035,116,230,-114
209000036,223,193,30
209000037,374,326,48
209000038,161,217,-56
209000039,107,222,-115
209000040,328,880,-552
209000041,224,605,-381
209000042,307,649,-342
209000043,1199,1284,-85
209000044,281,1089,-808
209000045,1832,722,1110
209000046,599,753,-154
209000047,575,339,236
209000048,744,467,277
209000049,166,166,0
209000050,335,254,81
209000051,544,548,-4
209000052,225,477,-252
209000062,48,163,-115
209000063,58,148,-90
209000064,96,219,-123
209000065,107,55,52
209000066,82,49,33
209000067,114,58,56
209000080,53,370,-317
209000082,116,65,51
209000091,59,195,-136
209000093,83,41,42
209000094,317,288,29
209000110,44,157,-113
209000111,567,2209,-1642
209000112,1194,860,334
209000113,2612,750,1862
209000114,760,565,195
209000115,121,226,-105
209000116,1081,879,202
209000118,123,65,58
209000119,134,17,117
209000121,226,854,-628
209000135,86,249,-163
209000142,890,2146,-1256
209000143,271,195,76
209000144,297,139,158
209000229,318,277,41
209000240,49,541,-492
209000259,85,202,-117
209000260,50,1447,-1397
209000261,6,822,-816
209000262,2,696,-694
209000263,1,182,-181
209000264,0,142,-142
209000265,696,4,692
209000266,185,3,182
209000267,1090,18,1072
209000268,1220,86,1134
210000037,103,33,70
210000047,108,45,63
210000048,167,54,113
210000049,61,47,14
210000052,47,126,-79
210000053,41,85,-44
210000054,89,113,-24
210000070,232,6,226
210000071,214,1,213
210000072,170,0,170
210000073,0,28,-28
210000074,0,130,-130
210000075,3,95,-92
210000076,21,173,-152
210000077,114,46,68
210000078,49,28,21
210000079,124,18,106
210000080,275,68,207
210000081,262,33,229
210000082,286,6,280
210000083,133,1,132
210000084,92,0,92
210000085,0,88,-88
210000086,2,150,-148
210000099,54,311,-257
210000100,69,260,-191
210000101,109,275,-166
210000105,49,384,-335
210000159,1,199,-198
210000163,222,286,-64
210000164,471,252,219
210000168,140,40,100
210000187,0,11,-11
210000188,0,20,-20
210000214,63,0,63
210000219,71,91,-20
210000220,95,93,2
210000232,1,48,-47
210000233,49,75,-26
210000234,62,156,-94
210000235,58,151,-93
210000245,1,52,-51
210000246,41,3,38
210000258,16,105,-89
210000259,428,75,353
210000282,118,365,-247
210000285,1,143,-142
210000286,17,237,-220
210000290,6,15,-9
210000295,47,244,-197
210000296,56,87,-31
210000320,193,149,44
210000321,109,134,-25
210000338,199,97,102
210000339,456,1427,-971
210000340,152,530,-378
210000341,248,388,-140
210000342,279,305,-26
210000343,276,278,-2
210000344,451,168,283
210000345,392,494,-102
210000346,247,295,-48
210000347,561,71,490
210000348,406,24,382
210000349,337,25,312
210000350,234,79,155
210000351,204,159,45
210000352,55,122,-67
210000353,57,171,-114
210000354,418,179,239
210000355,238,141,97
210000356,238,99,139
210000357,208,64,144
210000358,485,174,311
210000359,279,116,163
210000360,221,153,68
210000361,255,194,61
210000362,338,273,65
210000363,1210,348,862
210000364,222,260,-38
210000365,128,126,2
210000366,186,95,91
210000367,105,72,33
210000368,234,87,147
210000369,62,20,42
210000370,88,47,41
210000372,128,68,60
210000373,131,26,105
210000374,77,15,62
210000375,46,128,-82
210000376,135,271,-136
210000404,105,186,-81
210000439,34,76,-42
210000472,165,21,144
210000482,115,122,-7
210000564,835,410,425
210000567,3,26,-23
210000568,1022,8,1014
211000092,93,127,-34
211000094,38,29,9
211000169,334,18,316
211000172,29,345,-316
211000209,2,36,-34
211000226,34,44,-10
211000270,27,17,10
211000275,46,30,16
211000276,123,41,82
211000279,58,67,-9
211000281,55,84,-29
211507980,3,82,-79
211977296,81,3,78
212000003,289,57,232
212000004,261,38,223
212000005,81,36,45
212000006,96,120,-24
212000008,288,221,67
212000009,51,199,-148
212000012,101,137,-36
212000013,42,76,-34
212000014,317,225,92
212000015,331,350,-19
212000016,608,740,-132
212000027,655,816,-161
212000028,384,712,-328
212000029,253,521,-268
212000030,29,60,-31
212000031,67,83,-16
212000048,63,197,-134
212000049,22,131,-109
212000050,33,15,18
212000051,212,270,-58
212000052,215,431,-216
212000053,429,905,-476
212000054,273,231,42
212000055,264,470,-206
212000056,11,111,-100
212000057,19,55,-36
212000058,527,60,467
212000070,104,396,-292
212000077,203,1048,-845
212000099,366,453,-87
212000108,393,342,51
212000111,209,189,20
212000120,294,129,165
212000138,343,26,317
212000156,18,235,-217
212000158,21,19,2
212000159,496,90,406
212000160,604,420,184
212000161,104,21,83
212000310,39,19,20
212000311,11,140,-129
212000374,63,13,50
213000001,54,709,-655
213000005,776,346,430
213000006,1570,561,1009
213000007,355,12,343
213000009,839,499,340
213000010,206,324,-118
213000011,278,175,103
213000012,165,278,-113
213000014,81,19,62
213000015,296,5,291
213000016,670,2,668
213000017,91,0,91
213000018,3,275,-272
213000019,4,258,-254
213000020,135,522,-387
213000021,9,193,-184
213000023,333,264,69
213000033,338,2008,-1670
213000034,917,562,355
213000035,112,666,-554
213000045,191,383,-192
213000046,224,320,-96
213000047,979,1455,-476
213000056,172,112,60
213000069,252,7,245
213000073,1,29,-28
213000074,94,511,-417
213000075,868,18,850
213000076,82,0,82
213000085,16,59,-43
213000086,30,231,-201
213000091,176,23,153
213000092,68,19,49
213000099,242,1466,-1224
213000100,1449,376,1073
213000101,402,216,186
213000102,521,473,48
213000103,1225,1195,30
213000104,61,579,-518
213000105,5,141,-136
213000106,77,256,-179
213000107,228,978,-750
213000108,53,832,-779
213000109,12,366,-354
213000110,20,105,-85
213000111,23,78,-55
213000112,265,121,144
213000115,61,13,48
213000116,69,942,-873
213000117,23,1355,-1332
213000118,510,479,31
213000119,92,941,-849
213000120,129,785,-656
213000122,375,790,-415
213000123,770,1630,-860
213000124,133,1693,-1560
213000125,145,24,121
213000126,201,215,-14
213000127,192,286,-94
213000128,886,1361,-475
213000129,674,922,-248
213000130,550,469,81
213000132,415,172,243
213000133,772,206,566
213000134,1030,27,1003
213000136,731,40,691
213000137,876,163,713
213000139,819,52,767
213000147,223,25,198
213000148,124,35,89
213000149,88,29,59
213000150,0,158,-158
213000151,6,119,-113
213000152,8,110,-102
213000153,1,68,-67
213000154,36,335,-299
213000155,70,475,-405
213000156,98,990,-892
213000157,928,688,240
213000158,435,1108,-673
213000159,599,961,-362
213000163,792,154,638
213000165,951,373,578
213000171,0,176,-176
213000172,2,480,-478
213000173,3,304,-301
213000174,6,222,-216
213000175,12,160,-148
213000176,37,29,8
213000177,70,9,61
213000178,125,2,123
213000179,206,3,203
213000180,199,0,199
213000184,300,694,-394
213000188,523,133,390
213000189,441,52,389
213000190,1047,1038,9
213000191,327,642,-315
213000192,238,633,-395
213000193,1411,271,1140
213000194,10,93,-83
213000195,22,590,-568
213000196,370,1585,-1215
213000197,435,1376,-941
213000198,233,1,232
213000200,199,1326,-1127
213000201,69,59,10
213000202,13,790,-777
213000203,4341,1012,3329
213000204,834,152,682
213000205,461,241,220
213000206,877,145,732
213000207,350,27,323
213000208,375,2,373
213000209,367,11,356
213000210,1218,3,1215
213000211,33,26,7
213000212,82,24,58
213000213,70,43,27
213000218,323,1056,-733
213000219,624,17,607
213000220,619,28,591
213000223,384,434,-50
213000224,105,73,32
213000225,167,13,154
213000226,106,11,95
213000227,1405,381,1024
213000228,581,181,400
213000229,642,51,591
213000230,684,48,636
213000232,170,817,-647
213000233,9,111,-102
213000234,3,56,-53
213000293,52,70,-18
213000294,482,14,468
213000295,35,98,-63
213000296,62,33,29
213000297,12,139,-127
213000298,55,173,-118
213000299,93,61,32
213000300,15,8,7
213000303,4,49,-45
213000304,3,10,-7
213000305,25,22,3
213000306,148,49,99
213000307,486,143,343
213000308,209,286,-77
213000309,271,121,150
213000310,909,179,730
213000311,559,1040,-481
213000315,135,214,-79
213000316,124,158,-34
213000322,136,267,-131
213000323,74,104,-30
213000324,51,83,-32
213000325,34,152,-118
213000326,28,56,-28
213000327,31,95,-64
213000328,17,148,-131
213000329,119,74,45
213000340,168,882,-714
213000341,518,184,334
213000346,265,335,-70
213000347,1021,805,216
213000348,20,138,-118
213000349,27,15,12
213000350,344,1706,-1362
213000366,82,531,-449
213000367,250,41,209
213000379,108,95,13
213000386,27,359,-332
213000406,117,666,-549
213000417,1739,734,1005
213000425,218,54,164
213000426,132,90,42
213000427,67,381,-314
213000428,35,291,-256
213000429,43,4,39
213000430,116,1033,-917
213000431,192,5,187
213000432,3,65,-62
213000433,32,240,-208
213000434,101,203,-102
213000435,102,109,-7
213000436,41,107,-66
213000437,3,37,-34
213000438,129,105,24
213000439,37,9,28
213000440,6,360,-354
213000441,1,2,-1
213000442,3,59,-56
213000443,660,658,2
213000444,52,59,-7
213000445,0,104,-104
213000446,0,19,-19
213000447,6,50,-44
213000448,12,144,-132
213000449,357,7,350
213000450,21,116,-95
213000451,322,158,164
213000452,96,30,66
213000453,55,457,-402
213000455,547,4,543
213000456,0,286,-286
213000481,112,16,96
213000482,60,5,55
213000489,679,123,556
213000491,0,199,-199
213000492,1316,8,1308
213000493,0,151,-151
213000494,235,247,-12
213000495,0,172,-172
213000496,399,325,74
213000497,53,307,-254
213000498,110,251,-141
213000499,150,781,-631
213000500,488,166,322
213000501,132,74,58
213000502,378,287,91
213000503,0,72,-72
213000504,14,143,-129
213000505,12,1,11
213000506,0,12,-12
213000507,2,106,-104
213900016,0,13,-13
213900244,51,0,51
213900245,0,26,-26
218000003,92,34,58
218000004,76,32,44
218000005,90,59,31
218000006,121,38,83
218000007,30,15,15
218000012,499,396,103
218000013,120,263,-143
218000014,549,647,-98
218000019,1115,991,124
218000020,400,837,-437
218000021,49,106,-57
218000022,10,42,-32
218000023,3,54,-51
218000024,9,27,-18
218000025,24,37,-13
218000026,14,72,-58
218000027,6,14,-8
218000028,3,10,-7
218000029,16,12,4
218000030,26,32,-6
218000031,18,64,-46
218000032,8,37,-29
218000040,2,3,-1
218000046,51,144,-93
218000047,15,233,-218
218000048,74,223,-149
218000049,181,176,5
218000050,497,360,137
218000051,181,372,-191
218000052,14,184,-170
218000053,2,18,-16
218000054,28,47,-19
218000055,40,33,7
218000056,30,18,12
218000057,2,28,-26
218000064,6,16,-10
218000065,116,114,2
218000066,13,124,-111
218000067,92,139,-47
218000068,156,144,12
218000069,333,214,119
218000070,309,407,-98
218000071,230,310,-80
218000072,501,352,149
218000078,1201,1606,-405
218000079,140,118,22
218000080,106,127,-21
218000081,469,301,168
218000082,65,179,-114
218000083,53,108,-55
218000084,200,229,-29
218000085,180,605,-425
218000086,77,274,-197
218000087,250,300,-50
218000090,19,259,-240
218000091,1145,902,243
218000092,77,243,-166
218000093,126,110,16
218000094,695,1124,-429
218000099,434,1068,-634
218000100,313,466,-153
218000101,774,214,560
218000102,560,409,151
218000103,152,301,-149
218000104,115,70,45
218000105,32,19,13
218000106,9,14,-5
218000107,88,149,-61
218000108,7,55,-48
218000112,139,39,100
218000117,91,95,-4
218000134,801,1364,-563
218000135,268,215,53
218000136,444,117,327
218000137,686,173,513
218000138,48,164,-116
218000139,246,490,-244
218000140,885,449,436
218000141,194,147,47
218000142,229,312,-83
218000143,135,444,-309
218000144,193,149,44
218000145,494,497,-3
218000146,119,261,-142
218000151,21,57,-36
218000152,238,102,136
218000153,5,11,-6
218000154,30,1,29
218000155,25,0,25
218000156,50,14,36
218000157,23,14,9
218000158,7,8,-1
218000159,6,5,1
218000160,6,6,0
218000161,23,2,21
218000162,45,11,34
218000163,9,3,6
218000164,65,18,47
218000165,85,53,32
218000170,2,79,-77
218000171,117,14,103
218000172,82,12,70
218000173,79,17,62
218000174,48,10,38
218000176,321,38,283
218000177,428,403,25
218000178,140,420,-280
218000179,74,139,-65
218000180,87,54,33
218000181,207,108,99
218000187,7,23,-16
218000188,50,82,-32
218000189,40,89,-49
218000190,33,41,-8
218000191,162,151,11
218000192,270,448,-178
218000193,485,608,-123
218000194,132,632,-500
218000195,149,79,70
218000196,353,403,-50
218000197,354,481,-127
218000198,23,190,-167
218000199,82,44,38
218000200,111,45,66
218000201,36,10,26
218000202,221,535,-314
218000207,4,95,-91
218000208,64,87,-23
218000211,139,26,113
218000212,3,5,-2
218000213,148,62,86
218000214,3,25,-22
218000215,81,102,-21
218000217,2,190,-188
218000218,302,140,162
218000219,109,37,72
218000220,294,451,-157
218000221,1891,269,1622
218000222,107,53,54
218000223,53,456,-403
218000224,15,309,-294
218000225,243,77,166
218000226,222,144,78
218000230,2,14,-12
218000232,70,139,-69
218000239,309,10,299
218000240,23,12,11
218000241,86,3,83
218000242,80,2,78
218000243,152,3,149
218000244,60,2,58
218000245,436,9,427
218000246,6,3,3
218000247,6,0,6
218000248,0,28,-28
218000249,0,3,-3
218000250,15,23,-8
218000251,1,11,-10
218000252,3,16,-13
218000253,2,26,-24
218000254,3,13,-10
218000255,1,17,-16
218000256,19,92,-73
218000267,1059,1853,-794
218000268,10,69,-59
218000269,5,12,-7
218000270,96,78,18
218000271,25,81,-56
218000273,26,18,8
218000274,9,12,-3
218000275,19,82,-63
218000276,12,85,-73
218000278,26,63,-37
218000279,74,98,-24
218000280,9,41,-32
218000281,23,16,7
218000282,783,713,70
218000284,156,26,130
218000301,128,175,-47
218000302,149,93,56
218000303,71,91,-20
218000316,951,1974,-1023
218000317,1401,1907,-506
218000318,820,1372,-552
218000319,1652,2303,-651
218000320,1321,1352,-31
218000338,152,55,97
218000345,219,69,150
218000346,69,245,-176
218000459,51,400,-349
218000490,61,57,4
218000501,178,107,71
218000502,60,135,-75
218000503,124,37,87
218000504,213,25,188
218000505,71,228,-157
218000506,29,300,-271
218000508,18,6,12
218000510,259,22,237
218000520,187,117,70
218000521,11,73,-62
218000522,1,152,-151
218000523,186,2,184
218000524,51,211,-160
218000525,314,27,287
218000526,35,173,-138
218000529,61,244,-183
218000530,18,5,13
218000531,13,76,-63
218000532,62,36,26
218000534,196,22,174
218000537,68,83,-15
218000538,446,341,105
218000540,942,111,831
218000543,169,72,97
218000544,61,140,-79
218000545,72,103,-31
218000546,49,135,-86
218000547,237,177,60
218000548,286,172,114
218000549,559,385,174
218000550,268,496,-228
218000551,190,952,-762
218000552,696,74,622
218000553,46,116,-70
218000554,46,48,-2
218000555,35,96,-61
218000556,216,471,-255
218000557,282,298,-16
218000558,188,2,186
218000559,0,52,-52
218000560,0,29,-29
218000561,24,0,24
218000562,47,234,-187
218000563,381,34,347
218000564,25,164,-139
218000565,278,34,244
218000566,419,29,390
218000567,2,80,-78
218000568,42,4,38
218000569,18,125,-107
218000570,202,25,177
218000571,1,172,-171
218000572,221,1,220
218000573,27,101,-74
218000574,124,55,69
218000575,139,0,139
218000576,1,111,-110
218000577,267,1,266
218000578,0,103,-103
218000579,181,17,164
218000581,13,76,-63
218000582,76,0,76
218000583,31,2,29
218000584,1,24,-23
218000585,27,8,19
218000586,17,68,-51
218000587,10,0,10
218000588,1,1,0
218000589,5,11,-6
218000590,2,0,2
218000591,4,3,1
218000592,25,0,25
218000593,13,3,10
218000594,0,0,0
218000595,0,0,0
218000596,0,0,0
218000597,0,0,0
218000598,0,0,0
218000599,1,0,1
218000600,14,2,12
218000601,0,0,0
218000602,1,13,-12
218000603,0,7,-7
218000604,20,0,20
218000605,0,95,-95
218000606,158,1,157
218000607,22,51,-29
218000608,108,22,86
218000609,4,90,-86
218000610,101,5,96
218000611,47,3,44
218000612,3,34,-31
218000613,34,2,32
218000614,1,44,-43
218000615,249,0,249
218000616,4,228,-224
218000617,29,1,28
218000618,3,26,-23
218000619,253,54,199
218000620,29,21,8
218000621,6,6,0
218000622,0,33,-33
218000623,292,2,290
218000624,16,34,-18
218000625,27,0,27
218000626,0,8,-8
218000628,168,96,72
218000631,73,30,43
218000632,1,141,-140
218000633,182,3,179
218000634,5,48,-43
218000635,15,10,5
218000636,1727,2551,-824
218000637,1488,924,564
218000638,234,99,135
218000639,25,314,-289
218000640,499,39,460
218000641,255,488,-233
218000652,64,154,-90
218000653,212,153,59
218000663,14,172,-158
218000675,68,74,-6
218000676,2,54,-52
218000677,13,11,2
218000680,574,602,-28
218000681,514,199,315
218000691,159,380,-221
218000693,208,224,-16
218000703,18,67,-49
218000718,1179,1132,47
218000719,1867,592,1275
218000720,24,76,-52
218000721,265,12,253
218000725,16,9,7
218001147,3,87,-84
218001214,24,55,-31
218001258,156,14,142
218001329,165,164,1
218001330,129,129,0
218001351,92,41,51
218001352,21,35,-14
218001353,20,20,0
218001354,3,49,-46
218001355,9,306,-297
218001356,360,12,348
218001357,6,158,-152
218001358,254,12,242
218001361,188,53,135
218001362,1,147,-146
219000001,72,61,11
219000002,68,87,-19
219000003,90,41,49
219000004,51,49,2
219000017,289,28,261
219000020,158,146,12
219000022,124,15,109
219000023,335,0,335
219000029,0,133,-133
219000034,80,26,54
219000039,162,102,60
219000040,67,34,33
219000041,131,35,96
219000051,0,72,-72
219000052,0,10,-10
219000053,1,273,-272
219000054,83,137,-54
219000055,150,2,148
219000056,89,0,89
219000057,163,4,159
219000062,25,163,-138
219000063,72,15,57
219000064,4,359,-355
219000110,847,60,787
219000111,109,41,68
219000112,214,94,120
219000113,132,141,-9
219000114,245,270,-25
219000116,94,87,7
219000117,188,115,73
219000118,401,104,297
219000123,477,148,329
219000124,323,93,230
219000125,19,21,-2
219000126,108,149,-41
219000127,1,14,-13
219000128,32,148,-116
219000129,47,185,-138
219000130,764,824,-60
219000131,921,1108,-187
219000133,93,57,36
219000134,48,18,30
219000135,47,56,-9
219000136,260,223,37
219000138,91,29,62
219000139,67,54,13
219000140,66,11,55
219000141,23,140,-117
219000142,24,142,-118
219000143,19,124,-105
219000145,26,68,-42
219000146,1,50,-49
219000147,3,71,-68
219000148,3,57,-54
219000149,19,182,-163
219000150,6,109,-103
219000151,8,48,-40
219000157,254,204,50
219000158,197,374,-177
219000161,222,6,216
219000163,2154,665,1489
219000166,116,297,-181
219000167,126,367,-241
219000168,365,163,202
219000174,462,144,318
219000175,114,8,106
219000176,80,8,72
219000177,41,7,34
219000178,59,4,55
219000179,28,14,14
219000180,40,47,-7
219000182,118,25,93
219000183,85,81,4
219000184,118,25,93
219000185,5,74,-69
219000186,32,69,-37
219000187,22,144,-122
219000189,229,277,-48
219000190,274,386,-112
219000191,1380,1750,-370
219000192,281,171,110
219000193,557,230,327
219000195,3,100,-97
219000196,25,164,-139
219000198,29,270,-241
219000199,104,656,-552
219000200,70,505,-435
219000201,157,371,-214
219000203,56,212,-156
219000204,488,318,170
219000205,191,268,-77
219000207,235,373,-138
219000209,29,81,-52
219000210,108,132,-24
219000213,22,270,-248
219000239,312,595,-283
219000240,365,461,-96
219000241,151,334,-183
219000242,194,274,-80
219000243,288,440,-152
219000244,81,94,-13
219000245,38,53,-15
219000246,72,28,44
219000247,181,30,151
219000248,1177,487,690
219000249,273,103,170
219000250,137,151,-14
219000251,756,313,443
219000252,289,240,49
219000253,642,114,528
219000255,146,135,11
219000256,420,113,307
219000257,184,1,183
219000262,398,230,168
219000263,88,244,-156
219000267,7,166,-159
219000268,2,14,-12
219000269,7,2,5
219000270,26,0,26
219000271,132,3,129
219000278,1,10,-9
219000279,0,13,-13
219000283,0,75,-75
219000295,17,140,-123
219000296,103,773,-670
219000297,27,174,-147
219000298,16,207,-191
219000299,451,132,319
219000300,30,357,-327
219000301,247,495,-248
219000302,45,355,-310
219000307,115,68,47
219000308,51,78,-27
219000311,208,71,137
219000312,786,131,655
219000313,559,122,437
219000314,79,727,-648
219000315,254,71,183
219000316,631,136,495
219000317,97,38,59
219000320,0,52,-52
219000321,0,26,-26
219000323,12,68,-56
219000325,2,50,-48
219000326,124,136,-12
219000327,81,49,32
219000328,50,81,-31
219000329,408,173,235
219000330,70,32,38
219000331,78,62,16
219000332,83,116,-33
219000333,29,6,23
219000335,143,3,140
219000337,60,1,59
219000338,67,1,66
219000344,59,112,-53
219000345,64,113,-49
219000346,48,162,-114
219000348,118,163,-45
219000349,33,291,-258
219000350,99,188,-89
219000351,31,5,26
219000352,466,136,330
219000353,121,62,59
219000354,271,145,126
219000355,221,72,149
219000356,2256,1394,862
219000363,469,77,392
219000364,143,45,98
219000365,230,20,210
219000366,438,608,-170
219000368,715,665,50
219000370,1772,506,1266
219000371,10,30,-20
219000382,9,30,-21
219000383,866,1332,-466
219000385,981,747,234
219000386,1138,2289,-1151
219000387,11,10,1
219000390,7,1,6
219000391,18,0,18
219000397,96,89,7
219000398,115,109,6
219000401,17,240,-223
219000402,64,264,-200
219000403,170,485,-315
219000404,24,228,-204
219000407,8,102,-94
219000409,64,70,-6
219000410,182,81,101
219000411,134,42,92
219000446,273,523,-250
219000447,2,48,-46
219000448,144,8,136
219000452,192,79,113
219000453,150,278,-128
219000454,518,340,178
219000556,325,142,183
219000558,845,321,524
219000590,79,380,-301
219000591,76,141,-65
219000592,149,514,-365
219000595,15,39,-24
219000635,338,87,251
219000636,45,99,-54
219000657,38,32,6
219000658,39,114,-75
219000673,0,38,-38
219000676,154,15,139
219000679,51,9,42
219000684,182,3,179
219000685,1,70,-69
219000686,6,3,3
219000688,0,132,-132
219000689,35,362,-327
219000690,192,35,157
219000691,56,344,-288
219000692,245,44,201
219000693,1,43,-42
219000694,8,0,8
219000695,59,5,54
219000698,46,0,46
219000699,0,22,-22
219000727,5,176,-171
219000728,372,8,364
219000770,123,2,121
219000771,2,75,-73
219000788,714,272,442
219001150,4,67,-63
219001151,11,8,3
219001166,53,29,24
219001167,2,188,-186
219001178,79,22,57
220000001,319,140,179
220000002,54,229,-175
220000003,937,361,576
220000004,1295,780,515
220000005,2411,2301,110
220000006,538,1260,-722
220000007,507,795,-288
220000008,437,1286,-849
220000009,467,695,-228
220000010,345,207,138
220000011,1032,4630,-3598
220000012,97,593,-496
220000014,165,70,95
220000015,117,224,-107
220000017,88,547,-459
220000018,7761,3373,4388
220000019,205,472,-267
220000020,952,375,577
220000021,840,358,482
220000022,842,824,18
220000023,472,291,181
220000024,2460,446,2014
220000025,1547,1346,201
220000026,441,405,36
220000027,132,191,-59
220000028,105,75,30
220000029,137,336,-199
220000030,277,129,148
220000031,626,496,130
220000064,20,1082,-1062
221000046,15,0,15
221000047,0,5,-5
221000048,0,5,-5
221000049,0,10,-10
221000050,134,4,130
221000055,51,78,-27
221000057,64,42,22
221000068,324,168,156
221000069,352,77,275
221000070,207,41,166
221000071,101,6,95
221000072,427,22,405
221000073,297,86,211
221000074,2,16,-14
221000075,25,27,-2
221000076,22,51,-29
221000077,31,134,-103
221000081,38,12,26
221000082,51,13,38
221000083,28,11,17
221000084,3,5,-2
221000085,37,106,-69
221000086,24,158,-134
221000087,6,214,-208
221000088,16,238,-222
221000089,30,398,-368
221000090,173,657,-484
221000098,146,14,132
221000099,221,6,215
221000100,132,14,118
221000101,209,51,158
221000102,130,37,93
221000109,15,138,-123
221000110,20,174,-154
221000111,25,245,-220
221000112,7,187,-180
221000113,18,224,-206
221000114,18,208,-190
221000120,54,30,24
221000121,8,35,-27
221000122,153,35,118
221000123,18,33,-15
221000124,88,346,-258
221000155,141,13,128
221000156,80,35,45
221000175,0,8,-8
221000176,0,4,-4
221000182,46,28,18
221000241,673,354,319
221000242,261,585,-324
221000243,790,257,533
221000244,330,619,-289
221000245,163,133,30
221000246,49,356,-307
221000247,154,162,-8
221000248,157,195,-38
221000267,86,929,-843
221000325,118,55,63
221000331,73,133,-60
221000338,60,23,37
221000378,247,57,190
221000381,30,79,-49
222000282,30,1,29
222000296,4,43,-39
222000568,335,13,322
222000569,251,33,218
222000570,125,12,113
222000571,329,32,297
222000577,20,278,-258
222000578,43,340,-297
222000579,32,251,-219
222000580,126,1473,-1347
222000599,1,197,-196
222000600,3,495,-492
222000601,12,1714,-1702
222000603,34,38,-4
222000604,11,59,-48
222000605,29,44,-15
222000606,28,19,9
222000607,9,11,-2
222000608,120,24,96
222000609,77,397,-320
222000616,240,108,132
222000617,4,29,-25
222000618,9,5,4
222000620,71,15,56
222000621,127,13,114
222000623,978,8,970
222000624,320,5,315
222000625,530,63,467
222000636,78,2,76
222000686,40,10,30
222000687,69,47,22
222001066,452,1,451
222001067,23,6,17
222001068,32,74,-42
222001069,45,60,-15
222001082,13,52,-39
222001083,19,98,-79
222001084,0,60,-60
222001085,0,223,-223
222001111,44,234,-190
222001112,125,72,53
222001313,131,3,128
222001314,12,196,-184
222001464,54,86,-32
222001465,49,146,-97
222001484,145,109,36
222001485,50,53,-3
222001494,445,233,212
222001495,181,432,-251
222001496,380,209,171
222001497,271,758,-487
222001502,23,135,-112
222001503,147,74,73
222001504,28,365,-337
222001505,418,28,390
222001506,35,354,-319
222001507,349,22,327
222001510,382,49,333
222001511,59,522,-463
222001514,846,276,570
222001515,376,940,-564
222001518,318,93,225
222001519,67,418,-351
222001527,333,148,185
222001528,86,270,-184
222001529,248,75,173
222001530,56,359,-303
222001533,229,467,-238
222001534,348,130,218
222001535,310,349,-39
222001536,331,422,-91
222001537,364,62,302
222001538,90,774,-684
222001563,547,126,421
222001564,93,805,-712
222001568,325,134,191
222001576,4,1,3
222001579,3,3,0
222001583,45,222,-177
222001584,112,16,96
222001596,1467,1754,-287
222001597,3579,391,3188
222001626,2,316,-314
222001650,75,136,-61
222001651,87,140,-53
222001914,271,144,127
222001915,92,338,-246
222001968,600,369,231
222001969,620,933,-313
222001970,211,306,-95
222001971,33,37,-4
222001972,1,44,-43
225000001,630,433,197
225000002,1029,351,678
225000003,821,192,629
225000004,521,475,46
225000005,107,119,-12
225000006,1,277,-276
225000007,3587,2131,1456
225000010,534,23,511
225000011,600,1604,-1004
225000012,209,764,-555
225000013,228,235,-7
225000014,1773,129,1644
225000015,114,257,-143
225000021,909,410,499
225000027,352,917,-565
225000032,880,302,578
225000042,115,1026,-911
225000049,126,124,2
225000050,98,35,63
225000053,20,540,-520
225000058,1083,203,880
225000067,561,274,287
225000068,224,545,-321
225000069,190,697,-507
225000070,104,656,-552
225000071,76,363,-287
225000075,53,1821,-1768
225000076,147,176,-29
225000078,83,124,-41
225000085,81,140,-59
225000086,306,106,200
225000087,291,43,248
225000088,14,364,-350
225000089,472,1367,-895
225000090,50,676,-626
225000091,212,305,-93
225000092,82,128,-46
225000093,384,498,-114
225000094,28,536,-508
225000095,375,647,-272
225000096,435,759,-324
225000098,804,493,311
225000099,482,371,111
225000100,430,335,95
225000104,135,651,-516
225000110,15,652,-637
225000111,411,1747,-1336
225000112,732,1621,-889
225000113,358,792,-434
225000114,102,376,-274
225000115,2707,1089,1618
225000116,1372,520,852
225000117,1071,512,559
225000118,1251,452,799
225000119,328,183,145
225000120,1110,141,969
225000121,406,84,322
225000123,1414,64,1350
225000125,475,355,120
225000126,1417,329,1088
225000127,1125,1567,-442
225000128,621,1125,-504
225000132,269,67,202
225000133,325,54,271
225000134,732,228,504
225000135,30,30,0
225000136,273,47,226
225000137,407,128,279
225000138,515,105,410
225000143,137,437,-300
225000144,5,516,-511
225000145,240,103,137
225000146,104,149,-45
225000147,26,487,-461
225000148,9,391,-382
225000149,180,677,-497
225000151,53,367,-314
225000155,430,757,-327
225000156,325,1526,-1201
225000157,465,580,-115
225000158,126,416,-290
225000171,9,252,-243
225000180,78,3,75
225000181,0,83,-83
225000182,190,50,140
225000185,5,526,-521
225000187,119,545,-426
225000191,159,6,153
225000194,0,11,-11
225000208,2,77,-75
225000209,113,69,44
225000210,10,307,-297
225000217,0,25,-25
225000218,39,7,32
225000223,2,76,-74
225000224,534,4,530
225000225,2,39,-37
225000226,135,20,115
225000227,103,190,-87
225000228,33,288,-255
225000229,2,91,-89
225000230,414,1,413
225000231,0,115,-115
225000232,648,1,647
225000241,133,2,131
225000242,0,66,-66
225000249,12,0,12
225000250,46,1220,-1174
225000251,410,79,331
225000254,10,3,7
225000256,24,246,-222
225000257,1,190,-189
226000042,607,615,-8
226000043,114,359,-245
226000044,282,792,-510
226000045,110,600,-490
226000046,508,261,247
226000047,453,207,246
226000048,715,250,465
226000049,386,349,37
226000070,0,78,-78
226000071,1,96,-95
226000072,0,20,-20
226000073,0,17,-17
226000074,0,23,-23
226000084,4,107,-103
226000085,1,15,-14
226000086,3,25,-22
226000087,1,34,-33
226000088,137,61,76
226000090,422,126,296
226000091,49,62,-13
226000092,7,16,-9
226000093,89,5,84
226000094,32,3,29
226000095,55,2,53
226000105,60,0,60
226000106,18,0,18
226000107,11,0,11
226000108,46,0,46
226000109,104,2,102
226000124,226,130,96
226000134,722,619,103
226000135,1538,898,640
226000136,688,509,179
226000137,23,672,-649
226000138,6,356,-350
226000139,3,24,-21
226000156,234,10,224
226000157,737,18,719
226000163,153,96,57
226000202,12,632,-620
226000231,368,11,357
226000232,65,1,64
227000033,345,76,269
227000036,259,29,230
227000037,212,23,189
227000038,267,58,209
227000084,2,129,-127
227000085,4,86,-82
227000088,142,4,138
227000089,185,1,184
227000090,108,3,105
227000091,41,0,41
227000092,54,0,54
227000093,198,1,197
227000094,21,1,20
227000130,44,101,-57
227000131,26,281,-255
227000132,16,287,-271
227000133,20,339,-319
227000134,22,483,-461
227000152,0,3,-3
227000153,0,72,-72
227000154,0,29,-29
227000155,1,30,-29
227000156,2,20,-18
227000165,4,34,-30
227000196,331,394,-63
227000199,233,815,-582
227000230,33,715,-682
227000232,740,52,688
227000242,72,688,-616
227000243,396,76,320
227000245,13,494,-481
227000246,127,735,-608
227000247,423,74,349
227000248,253,33,220
227000249,42,307,-265
227000250,602,157,445
227000251,214,288,-74
227000252,32,507,-475
227000253,136,20,116
227000262,312,49,263
227000266,1432,24,1408
227000267,40,2397,-2357
227000282,11,367,-356
227000284,558,25,533
227000286,5,125,-120
227000287,7,189,-182
227000291,12,811,-799
227000296,417,406,11
227000484,425,14,411
227000485,22,1172,-1150
227000655,195,27,168
227000656,723,44,679
227000657,95,34,61
227000661,500,20,480
227000680,463,57,406
229000265,58,95,-37
229000296,29,46,-17
229000297,11,60,-49
229000298,6,242,-236
229000320,6,4,2
229000321,101,12,89
229000412,39,82,-43
229000414,11,104,-93
229000415,34,0,34
229000416,4,8,-4
229000417,3,17,-14
229000419,187,397,-210
229000440,469,94,375
229000442,20,13,7
229000443,4,10,-6
229000444,11,44,-33
229000445,70,13,57
229000446,100,25,75
229000491,3,24,-21
229000492,27,140,-113
229000493,18,148,-130
229000494,75,1,74
229000495,118,7,111
229000496,55,6,49
229000507,0,77,-77
229000508,0,62,-62
229000509,0,64,-64
229000510,2,41,-39
229000511,12,72,-60
229000512,1,41,-40
229000513,0,4,-4
229000514,0,5,-5
229000517,6,13,-7
229000518,13,33,-20
229000519,0,16,-16
229000520,15,35,-20
229000521,40,23,17
229000522,22,4,18
229000523,10,10,0
229000524,3,5,-2
229000527,1,1,0
229000528,1,0,1
229000529,6,1,5
229000530,67,2,65
229000531,32,1,31
229000532,41,1,40
229000533,76,1,75
229000534,40,0,40
229000564,52,0,52
229000565,13,0,13
229000566,1,21,-20
229000567,0,60,-60
229000582,108,6,102
229000583,9,1,8
229000584,0,43,-43
229000585,3,60,-57
229000718,0,2,-2
229000719,0,2,-2
229000720,0,7,-7
229000721,0,15,-15
229000722,0,16,-16
229000723,0,19,-19
229000724,0,3,-3
229000725,0,7,-7
229000738,5,0,5
229000739,4,0,4
229000740,2,0,2
229000741,20,0,20
229000742,7,0,7
229000743,20,0,20
229000744,6,0,6
229000745,2,0,2
229000746,35,0,35
229000847,38,0,38
229000848,26,0,26
229000849,90,1,89
229000851,42,1,41
229000854,0,41,-41
229000856,1,212,-211
229000857,0,68,-68
229000858,0,126,-126
229000919,33,207,-174
229000930,12,545,-533
229000937,144,15,129
229000966,66,36,30
229000981,35,69,-34
229000985,12,49,-37
229000986,8,7,1
229000987,1,1,0
229000988,20,7,13
229000989,76,13,63
229000990,5,7,-2
229000991,4,1,3
229000992,17,8,9
229000993,269,28,241
229000998,11,92,-81
229000999,68,19,49
229001034,1,28,-27
229001035,26,2,24
229001037,90,10,80
229001042,11,13,-2
229001047,6,73,-67
229001050,68,137,-69
229001168,0,12,-12
229001200,8,8,0
229001338,5,68,-63
229001394,234,3,231
229001422,128,28,100
229001423,72,270,-198
229001431,83,62,21
229001432,133,128,5
229001444,195,56,139
229001445,51,230,-179
229001479,14,2,12
229001503,164,149,15
229001504,197,319,-122
229001505,72,61,11
229001506,167,312,-145
229001509,74,41,33
229001545,83,8,75
229001546,20,198,-178
229001553,82,21,61
229001554,60,157,-97
229001559,2,7,-5
229001560,0,12,-12
229001630,126,15,111
229001631,22,58,-36
229001635,3,11,-8
229001636,9,2,7
229001658,1,283,-282
229001659,69,4,65
229001660,6,7,-1
229001661,32,45,-13
229001662,57,1,56
229001663,0,37,-37
229002584,241,309,-68
229002831,323,247,76
229002841,9,22,-13
229002842,32,31,1
229002843,187,34,153
229002844,106,64,42
229002845,24,93,-69
229002846,65,39,26
229002847,22,12,10
229002848,21,10,11
229002849,86,77,9
229002850,57,2,55
229002851,82,100,-18
229002852,266,29,237
229002853,246,41,205
229002854,115,63,52
229002855,26,24,2
229002856,200,35,165
229002857,8,66,-58
229002858,54,27,27
229002859,108,26,82
229002860,194,12,182
229002861,102,63,39
229002862,69,77,-8
229002863,47,11,36
229002864,116,43,73
229002865,7,23,-16
229002866,19,17,2
229002867,17,46,-29
229002868,29,34,-5
229002869,36,207,-171
229002870,51,16,35
235000066,644,64,580
235000067,196,120,76
235000072,28,101,-73
235000073,83,524,-441
235000074,71,110,-39
235000080,35,107,-72
235000081,149,239,-90
235000082,209,145,64
235000083,153,186,-33
235000084,54,99,-45
235000085,101,101,0
235000089,54,64,-10
235000092,59,396,-337
235000093,19,6,13
235000097,6,12,-6
235000098,52,14,38
235000099,47,34,13
235000116,88,17,71
235000117,993,27,966
235000133,20,546,-526
235000134,9,174,-165
235000206,7,12,-5
235000207,5,2,3
235000208,6,4,2
235000209,12,5,7
235000210,7,3,4
235000212,8,47,-39
235000213,0,26,-26
235000220,0,5,-5
235000221,88,9,79
235000238,19,78,-59
235000239,9,5,4
235000242,331,587,-256
235000245,922,358,564
235000246,23,140,-117
235000284,15,157,-142
235000295,176,9,167
235000305,368,26,342
235000306,168,18,150
235000307,30,3,27
235000308,48,2,46
235000309,103,0,103
235000310,26,0,26
235000311,253,73,180
235000322,0,57,-57
235000323,0,104,-104
235000324,1,18,-17
235000325,0,20,-20
235000326,11,293,-282
235000351,13,96,-83
235000352,26,71,-45
235000353,3,25,-22
235000354,57,50,7
235000355,27,59,-32
235000356,435,14,421
235000357,109,13,96
235000358,64,8,56
235000359,9,6,3
235000360,95,6,89
235000361,72,18,54
235000381,95,315,-220
235000382,139,91,48
235000390,13,6,7
235000391,99,25,74
235000392,216,243,-27
235000393,155,162,-7
235000395,99,112,-13
235000396,394,140,254
235000400,173,51,122
235000401,52,195,-143
235000405,127,344,-217
235000406,64,391,-327
235000407,140,177,-37
235000409,381,268,113
235000410,36,352,-316
235000411,4,99,-95
235000485,0,13,-13
235000486,12,0,12
235000549,247,198,49
235000550,86,231,-145
235000599,116,75,41
235000600,20,11,9
235000601,22,37,-15
235000602,113,148,-35
235000614,6,11,-5
235000648,0,30,-30
235000649,55,9,46
235000685,1,6,-5
235000815,13,23,-10
235000834,0,24,-24
235000855,142,84,58
235000862,30,236,-206
235000891,0,17,-17
235000892,56,1,55
235000901,416,140,276
235000907,4,12,-8
235001010,157,163,-6
235001029,729,586,143
235001030,388,339,49
235001078,134,135,-1
235001079,136,130,6
235001147,6,74,-68
235001166,45,113,-68
235001167,25,80,-55
235001169,54,391,-337
235001188,0,17,-17
235001189,4,1,3
235001197,18,14,4
235001200,46,46,0
235001207,193,44,149
235001210,35,172,-137
235001215,36,167,-131
235001239,4,96,-92
235001244,1,9,-8
235016267,1,164,-163
277101746,0,0,0
277102712,42,15,27
277103813,0,0,0
277103898,0,4,-4
277104249,0,6,-6
277104250,0,9,-9
277104251,0,13,-13
277104252,0,1,-1
990011530,2,312,-310
990014944,2,689,-687
990015176,86,41,45
990015618,0,312,-312
990016032,3,702,-699
990032570,37,279,-242
990070001,85,6,79
990070103,0,0,0
990070601,1,78,-77
990070751,616,2,614
990070766,1,657,-656
990071180,762,291,471
990071343,55,0,55
990071387,0,27,-27
990071823,578,4,574
990072600,2,926,-924
990072964,0,723,-723
990073285,0,8,-8
990074393,2,1410,-1408
990074870,1274,10,1264
990075106,1267,8,1259
990075746,450,4,446
990076437,1233,31,1202
990076458,3,1233,-1230
997000007,728,6,722
997000041,0,201,-201
997000058,55,0,55
997000062,168,4,164
997000069,0,8,-8
997000070,0,52,-52
997000100,22,0,22
997000141,21,4261,-4240
997000198,4,1810,-1806
998000475,57,58,-1
998000736,1,309,-308
998000965,0,49,-49
998001031,0,101,-101
998001700,0,57,-57
998001899,0,1,-1
998001900,16,37,-21
998003073,3767,13,3754
998101900,0,0,0
998102850,16,146,-130
998501927,979,495,484
998501929,127,4,123
998501930,107,1,106
998501931,146,5,141
998501932,10,0,10
998501933,116,2,114
998501937,47,30,17
998501944,8,1,7
998501950,0,0,0
998501970,290,225,65
998501971,1,125,-124
998501973,0,48,-48
998501974,1,310,-309
998501975,669,0,669
998501976,174,2,172
998501977,0,39,-39
998501978,60,1,59
998501979,1,26,-25
998501980,276,2,274
998501981,36,4,32
998501982,0,117,-117
998502006,0,1,-1
998502024,0,11,-11
998502032,1,6,-5
998502062,32,3,29
998502063,0,0,0
998502173,23,1,22
998502269,0,6,-6
998601159,2,213,-211
998601292,0,21,-21
999033574,0,941,-941
999800001,52,4,48
999800002,0,11,-11
999800003,6,1,5
999800004,0,6,-6
999800005,0,5,-5
