ID,insum,outsum,diff
100000001,613,955,-342
100000002,3474,815,2659
100000003,6320,3231,3089
100000004,1703,959,744
100000005,1883,4100,-2217
100000006,503,114,389
100000007,1750,548,1202
100000008,178,862,-684
100000009,402,158,244
100000010,21,48,-27
100000011,535,50,485
100000012,73,940,-867
100000013,30,275,-245
100000014,274,372,-98
100000015,1785,1378,407
100000016,1249,2270,-1021
100000017,1009,1592,-583
100000018,1435,703,732
100000019,5949,2252,3697
100000020,2118,4434,-2316
100000021,8866,3407,5459
100000022,2305,1076,1229
100000023,8640,1737,6903
100000025,4064,761,3303
100000028,2300,1118,1182
100000029,298,305,-7
100000030,813,120,693
100000031,7631,6475,1156
100000032,2827,3429,-602
100000033,928,2300,-1372
100000034,1150,410,740
100000035,1914,932,982
100000036,3424,1141,2283
100000037,435,574,-139
100000038,1387,956,431
100000039,711,151,560
100000040,118,132,-14
100000041,836,376,460
100000042,930,316,614
100000043,761,294,467
100000044,369,899,-530
100000045,541,2065,-1524
100000046,1170,2124,-954
100000047,430,1156,-726
100000048,594,816,-222
100000049,2356,3552,-1196
100000051,578,1662,-1084
100000053,39,5,34
100000054,184,32,152
100000055,602,238,364
100000056,278,705,-427
100000057,1814,952,862
100000058,907,1882,-975
100000059,3,146,-143
100000060,276,376,-100
100000061,1859,671,1188
100000062,1192,589,603
100000063,439,310,129
100000064,1208,383,825
100000065,441,1419,-978
100000066,216,1395,-1179
100000067,472,1398,-926
100000068,597,2519,-1922
100000069,269,2404,-2135
100000072,522,1580,-1058
100000073,1491,1851,-360
100000075,594,413,181
100000076,2768,2168,600
100000077,927,147,780
100000078,115,59,56
100000079,59,45,14
100000080,23,22,1
100000081,112,62,50
100000102,5903,1458,4445
100000103,4500,1026,3474
100000104,5614,1789,3825
100000105,4510,1191,3319
100000106,3802,1950,1852
100000107,876,510,366
100000108,1286,1425,-139
100000109,5764,1624,4140
100000116,1957,939,1018
100000117,102,61,41
100000118,1706,1177,529
100000119,911,583,328
100000121,282,791,-509
100000122,2233,1224,1009
100000123,4102,6589,-2487
100000124,7319,9526,-2207
100000125,4240,1408,2832
100000126,949,448,501
100000127,2464,406,2058
100000128,1530,1979,-449
100000129,801,378,423
100000130,353,774,-421
100000131,3911,4330,-419
100000132,1668,3295,-1627
100000133,8331,4065,4266
100000135,582,800,-218
100000139,316,310,6
100000140,356,333,23
100000142,466,665,-199
100000143,860,669,191
100000144,6241,1128,5113
100000147,1073,2461,-1388
100000150,33,559,-526
100000151,980,827,153
100000153,700,431,269
100000154,234,121,113
100000155,10,33,-23
100000156,107,87,20
100000157,29,344,-315
100000158,110,157,-47
100000159,684,511,173
100000165,1266,829,437
100000169,994,558,436
100000174,2522,612,1910
100000179,98,800,-702
100000180,1797,1683,114
100000181,108,393,-285
100000188,101,645,-544
100000189,762,359,403
100000190,698,455,243
100000191,724,484,240
100000192,122,118,4
100000193,188,160,28
100000330,2637,815,1822
100000355,156,679,-523
100000362,5994,4618,1376
100000363,2580,4023,-1443
100000364,653,141,512
100000365,4140,9425,-5285
100000366,5796,2658,3138
100000367,4032,4902,-870
100000368,2367,2202,165
100000369,1301,1704,-403
100000370,180,415,-235
100000376,71,144,-73
100000379,4345,1687,2658
100000380,5758,2541,3217
100000384,7857,3708,4149
100000385,7743,4713,3030
100000386,11136,5060,6076
100000387,9686,5423,4263
100000388,10880,7619,3261
100000389,11280,6875,4405
100000390,13108,5055,8053
100000391,9378,7191,2187
100000392,5978,2368,3610
100000393,2897,2475,422
100000394,11159,5333,5826
100000395,6173,1669,4504
100000396,6904,2384,4520
100000397,3938,2395,1543
100000398,13620,9510,4110
100900002,14,88,-74
100900003,322,141,181
100900004,16,1212,-1196
100900005,130,12,118
100900006,18,434,-416
100900007,724,7,717
100900008,8,576,-568
100900009,54,56,-2
100900010,118,237,-119
100900011,104,521,-417
100900012,2,278,-276
100900013,515,5,510
100900014,4,24,-20
100900015,154,216,-62
100900016,2,51,-49
100900017,969,108,861
100900018,0,20,-20
100900019,23,100,-77
100900020,430,5,425
100900021,363,3,360
100900022,7,17,-10
100900023,1,30,-29
100900024,1125,3,1122
100900025,13,14,-1
100900026,75,227,-152
100900027,691,3263,-2572
100900028,104,279,-175
100900029,113,24,89
100900030,6,45,-39
100900031,367,117,250
100900032,300,0,300
100900033,258,244,14
100900034,377,0,377
100900035,747,3,744
100900036,23,0,23
100900037,91,454,-363
100900038,105,32,73
100900039,344,670,-326
100900040,283,1030,-747
100900041,470,1471,-1001
100900042,823,455,368
100900043,3,30,-27
100900044,4439,504,3935
100900045,77,1,76
100900046,1200,5,1195
100900047,843,165,678
100900048,167,19,148
100900049,53,323,-270
100900050,3,23,-20
100900051,150,88,62
100900052,378,22,356
100900053,343,32,311
100900054,8,117,-109
100900055,273,551,-278
100900056,106,256,-150
100900057,1035,1230,-195
100900058,303,51,252
100900059,69,1,68
100900060,88,9,79
100900061,319,493,-174
100900062,7,72,-65
100900063,185,424,-239
100900064,777,23,754
100900065,124,70,54
100900066,42,95,-53
100900067,4,22,-18
100900068,60,237,-177
100900069,769,10,759
100900070,285,6,279
100900071,912,619,293
100900072,0,94,-94
100900073,70,1035,-965
100900074,4,9,-5
100900075,3473,522,2951
100900076,63,102,-39
100900077,12,231,-219
100900078,70,363,-293
100900079,4,25,-21
100900080,28,226,-198
100900081,31,160,-129
100900082,77,1020,-943
100900083,2,44,-42
100900085,15,118,-103
100900086,182,885,-703
100900088,85,1074,-989
100900089,5,34,-29
100900090,140,787,-647
100900091,0,32,-32
100900092,224,211,13
100900093,290,182,108
100900094,105,1056,-951
100900095,11,61,-50
100900096,41,131,-90
100900097,2,6,-4
100900098,7,37,-30
100900099,44,991,-947
100900100,7,430,-423
100900101,605,52,553
100900102,91,76,15
100900103,4,18,-14
100900104,18,303,-285
100900105,22,178,-156
100900106,73,6,67
100900107,2824,786,2038
100900108,1,16,-15
100900109,4,28,-24
100900110,22,77,-55
100900111,65,254,-189
100900112,0,10,-10
100900113,11,15,-4
100900114,4,6,-2
100900115,0,61,-61
100900116,808,755,53
100900117,332,862,-530
100900118,196,171,25
100900119,3,33,-30
100900120,2,19,-17
100900121,320,607,-287
100900122,155,215,-60
100900123,82,177,-95
100900124,5,5,0
100900125,20,159,-139
100900126,97,260,-163
100900127,3,13,-10
100900128,124,263,-139
100900129,2,172,-170
100900131,63,184,-121
100900133,38,53,-15
100900134,1,5,-4
100900135,1,174,-173
100900137,464,258,206
100900138,501,420,81
100900139,14,1,13
100900140,8,1352,-1344
100900141,6,548,-542
100900142,4,9,-5
100900143,971,588,383
100900144,9,5,4
100900145,57,151,-94
100900146,2,45,-43
100900147,13,294,-281
100900148,37,1679,-1642
100900149,16,122,-106
100900150,0,26,-26
100900151,131,889,-758
100900152,113,4,109
100900153,2,183,-181
100900154,2,36,-34
100900155,15,18,-3
100900156,43,4,39
100900157,6,163,-157
100900158,1328,459,869
100900159,0,18,-18
100900160,27,14,13
100900161,215,5,210
100900162,18,213,-195
100900163,200,238,-38
100900164,34,61,-27
100900165,46,47,-1
100900166,42,1,41
100900167,12,205,-193
100900168,41,168,-127
100900169,173,1532,-1359
100900170,26,22,4
100900171,19,1031,-1012
100900172,0,13,-13
100900173,6,1071,-1065
100900174,368,71,297
100900176,1864,219,1645
100900177,1404,546,858
100900178,658,238,420
100900179,123,103,20
100900180,7,5,2
100900181,115,32,83
100900182,39,16,23
100900184,3,217,-214
100900186,1377,738,639
100900187,11,244,-233
100900188,72,23,49
100900189,1247,244,1003
100900191,1904,1012,892
100900192,396,213,183
100900195,110,164,-54
100900197,22,205,-183
100900198,51,504,-453
100900199,32,31,1
100900200,743,450,293
100900201,76,1530,-1454
100900202,9,0,9
100900203,0,81,-81
100900204,288,317,-29
100900205,132,430,-298
100900206,85,44,41
100900207,236,98,138
100900210,80,1194,-1114
100900211,394,109,285
100900213,26,32,-6
100900214,1291,101,1190
100900215,7,47,-40
101000001,5445,2039,3406
101000002,5112,5420,-308
101000003,1193,2161,-968
101000004,12485,9720,2765
101000005,6955,6414,541
101000006,10873,8556,2317
101000007,3279,3632,-353
101000008,5819,3249,2570
101000009,1946,3223,-1277
101000010,996,2451,-1455
101000011,3275,1128,2147
101000012,3038,681,2357
101000013,599,1062,-463
101000014,778,1008,-230
101000015,962,1028,-66
101000016,978,428,550
101000017,769,820,-51
101000018,5512,3399,2113
101000020,5264,1671,3593
101000021,2252,443,1809
101000022,683,146,537
101000023,2331,819,1512
101000025,225,436,-211
101000026,448,39,409
101000027,2756,1631,1125
101000028,69,64,5
101000029,132,907,-775
101000030,1613,101,1512
101000031,740,523,217
101000032,8425,2663,5762
101000033,3432,2483,949
101000034,3581,1276,2305
101000035,1613,360,1253
101000036,2243,448,1795
101000037,5922,1439,4483
101000039,4383,2047,2336
101000040,6000,3947,2053
101000041,20021,5900,14121
101000042,1306,928,378
101000043,13842,5345,8497
101000045,2247,638,1609
101000046,3008,686,2322
101000047,1684,1700,-16
101000048,1223,1297,-74
101000049,1190,1201,-11
101000050,3616,2950,666
101000051,3498,1803,1695
101000052,1870,763,1107
101000053,1343,1625,-282
101000054,2712,1928,784
101000055,2122,1655,467
101000056,93,87,6
101000057,3257,744,2513
101000058,2736,1161,1575
101000059,5234,1834,3400
101000060,2569,460,2109
101000061,1463,913,550
101000062,1378,555,823
101000063,763,681,82
101000064,1761,545,1216
101000065,295,394,-99
101000066,713,256,457
101000067,1475,572,903
101000068,497,346,151
101000069,720,77,643
101000070,1948,1348,600
101000071,2615,970,1645
101000072,1519,4934,-3415
101000073,842,661,181
101000074,6197,5278,919
101000075,8092,4871,3221
101000077,1176,2370,-1194
101000078,1354,2614,-1260
101000079,397,1142,-745
101000080,568,658,-90
101000081,1359,1945,-586
101000082,4790,3585,1205
101000083,2388,2181,207
101000084,1697,1329,368
101000085,1870,1414,456
101000086,1291,1522,-231
101000087,1289,1832,-543
101000088,1092,1239,-147
101000089,1000,1783,-783
101000090,3165,2190,975
101000091,396,2573,-2177
101000092,762,1267,-505
101000093,2043,1059,984
101000094,902,1873,-971
101000095,319,1269,-950
101000096,344,926,-582
101000097,909,385,524
101000098,752,627,125
101000099,1262,1845,-583
101000100,1095,946,149
101000101,635,447,188
101000102,1956,331,1625
101000103,1159,618,541
101000104,494,543,-49
101000105,1537,336,1201
101000106,1024,647,377
101000107,211,440,-229
101000108,2237,596,1641
101000109,187,95,92
101000110,47,1156,-1109
101000111,116,243,-127
101000113,183,798,-615
101000114,5077,2160,2917
101000115,106,122,-16
101000116,247,208,39
101000117,1099,365,734
101000119,224,98,126
101000120,237,57,180
101000121,97,27,70
101000122,144,56,88
101000123,60,60,0
101000124,194,259,-65
101000125,140,684,-544
101000128,1685,532,1153
101000130,325,524,-199
101000131,571,921,-350
101000132,534,2600,-2066
101000135,70,11,59
101000136,402,98,304
101000137,52,311,-259
101000141,2840,2650,190
101000147,859,519,340
101000148,2781,28,2753
101000149,52,57,-5
101000150,68,1690,-1622
101000151,132,99,33
101000152,383,350,33
101000153,580,740,-160
101000154,196,3297,-3101
101000155,181,186,-5
101000156,20,252,-232
101000157,57,50,7
101000160,58,60,-2
101000163,228,81,147
101000164,536,581,-45
101000165,234,406,-172
101000166,400,505,-105
101000168,768,400,368
101000252,1677,1104,573
101000254,555,62,493
101000258,34,13,21
101000261,49,322,-273
101000262,1094,1127,-33
101000263,423,1536,-1113
101000265,81,653,-572
101000266,403,340,63
101000269,195,4,191
101000290,2395,2752,-357
101000293,34,120,-86
101000294,632,623,9
101000295,132,701,-569
101000301,961,359,602
101000304,2313,2642,-329
101000305,2868,2286,582
101900001,57,124,-67
101900002,1,12,-11
101900003,107,124,-17
101900004,10,32,-22
101900005,9425,2112,7313
101900006,1323,57,1266
101900007,705,87,618
101900008,200,289,-89
101900009,87,615,-528
101900010,1206,740,466
101900011,487,1994,-1507
101900012,171,515,-344
101900013,1834,153,1681
101900017,26,101,-75
101900018,1595,179,1416
101900019,423,112,311
101900020,1605,299,1306
101900021,6,105,-99
101900022,123,2288,-2165
101900023,96,380,-284
102000001,3875,4904,-1029
102000002,3833,1562,2271
102000003,4585,6463,-1878
102000004,10992,3995,6997
102000005,1763,2758,-995
102000006,2233,2359,-126
102000007,1694,5413,-3719
102000008,6830,2674,4156
102000009,6142,9180,-3038
102000010,6499,5574,925
102000011,3091,2692,399
102000012,4672,4716,-44
102000018,5492,3702,1790
102000019,4074,2576,1498
102000026,320,1423,-1103
102000029,561,344,217
102000030,96,364,-268
102000031,51,326,-275
102000032,305,600,-295
102000033,179,620,-441
102000034,614,948,-334
102000035,1267,878,389
102000036,22,543,-521
102000037,218,174,44
102000038,515,172,343
102000039,464,99,365
102000040,1076,158,918
102000041,374,372,2
102000042,352,182,170
102000043,625,283,342
102000044,879,834,45
102000045,819,1774,-955
102000046,1349,797,552
102000047,813,1895,-1082
102000048,332,1162,-830
102000049,1724,970,754
102000050,1735,1599,136
102000051,687,777,-90
102000052,1968,1351,617
102000053,1192,1195,-3
102000054,456,1024,-568
102000055,864,1680,-816
102000056,696,2304,-1608
102000057,1365,941,424
102000058,1370,3395,-2025
102000059,1185,2333,-1148
102000060,1189,1388,-199
102000061,1213,3353,-2140
102000062,1102,1604,-502
102000063,1560,1876,-316
102000064,462,671,-209
102000065,53,198,-145
102000066,1009,2420,-1411
102000067,3194,4123,-929
102000068,14400,4309,10091
102000069,46,3000,-2954
102000070,2194,113,2081
102000071,9414,11720,-2306
102000072,3794,8503,-4709
102000073,1287,1281,6
102000074,803,1318,-515
102000075,201,403,-202
102000076,159,810,-651
102000077,391,1894,-1503
102000078,657,1360,-703
102000079,259,475,-216
102000080,336,317,19
102000081,320,1138,-818
102000082,920,396,524
102000083,429,684,-255
102000084,154,588,-434
102000085,1921,1749,172
102000086,1046,1379,-333
102000087,1003,2312,-1309
102000088,175,356,-181
102000089,1063,700,363
102000090,457,1425,-968
102000091,1515,463,1052
102000092,415,1094,-679
102000093,549,724,-175
102000094,1230,831,399
102000095,1245,1769,-524
102000096,1238,1240,-2
102000097,1583,1720,-137
102000098,689,1660,-971
102000099,1674,823,851
102000100,1092,1622,-530
102000101,1764,688,1076
102000102,366,3937,-3571
102000103,1750,616,1134
102000104,1654,467,1187
102000105,287,1241,-954
102000106,793,1391,-598
102000107,940,922,18
102000108,489,489,0
102000109,453,931,-478
102000110,682,2675,-1993
102000111,9,591,-582
102000112,122,108,14
102000113,5,43,-38
102000114,1767,549,1218
102000115,187,251,-64
102000116,524,316,208
102000117,281,751,-470
102000118,2617,1054,1563
102000119,3634,956,2678
102000120,268,786,-518
102000121,986,826,160
102000122,581,1168,-587
102000123,1913,1448,465
102000124,1998,1461,537
102000125,977,1188,-211
102000126,738,1050,-312
102000127,1234,994,240
102000128,690,1848,-1158
102000129,1172,1242,-70
102000130,446,1254,-808
102000131,1640,1385,255
102000132,593,1841,-1248
102000133,1616,3218,-1602
102000134,616,1053,-437
102000135,1310,1400,-90
102000136,1630,923,707
102000137,1272,1247,25
102000138,240,557,-317
102000139,60,375,-315
102000140,261,291,-30
102000141,332,733,-401
102000142,190,533,-343
102000143,111,678,-567
102000144,135,582,-447
102000145,228,684,-456
102000146,381,548,-167
102000147,394,425,-31
102000148,238,353,-115
102000149,234,1075,-841
102000150,243,511,-268
102000151,186,639,-453
102000152,142,293,-151
102000153,1062,416,646
102000154,653,953,-300
102000155,189,407,-218
102000156,680,78,602
102000157,250,257,-7
102000158,510,304,206
102000159,2769,573,2196
102000161,6734,2429,4305
102000162,296,156,140
102000163,84,551,-467
102000164,1476,1185,291
102000165,212,155,57
102000166,29,143,-114
102000167,154,215,-61
102000168,220,140,80
102000169,105,647,-542
102000170,864,153,711
102000171,143,97,46
102000172,113,299,-186
102000173,502,253,249
102000174,24,115,-91
102000175,147,270,-123
102000176,27,63,-36
102000178,252,871,-619
102000179,358,244,114
102000180,563,883,-320
102000181,465,932,-467
102000182,443,930,-487
102000183,1547,3139,-1592
102000184,1535,1299,236
102000185,2022,2528,-506
102000186,998,3177,-2179
102000187,613,2606,-1993
102000188,693,2107,-1414
102000189,4469,1450,3019
102000190,824,3392,-2568
102000191,1620,779,841
102000192,1017,1188,-171
102000193,82,235,-153
102000194,126,206,-80
102000195,661,893,-232
102000196,184,902,-718
102000197,458,842,-384
102000198,198,1704,-1506
102000199,657,628,29
102000200,313,2311,-1998
102000201,672,666,6
102000202,4,268,-264
102000203,321,534,-213
102000204,371,1460,-1089
102000205,1124,957,167
102000206,947,1216,-269
102000207,1182,576,606
102000208,578,997,-419
102000209,42,86,-44
102000210,323,889,-566
102000211,551,893,-342
102000212,125,19,106
102000213,3,706,-703
102000214,134,25,109
102000215,3,1016,-1013
102000216,39,54,-15
102000217,23,406,-383
102000218,201,115,86
102000219,703,623,80
102000225,776,1059,-283
102000226,6772,1231,5541
102000227,210,1,209
102000228,3,198,-195
102000229,15,52,-37
102000230,299,984,-685
102000231,382,625,-243
102000232,14,366,-352
102000233,550,1042,-492
102000234,104,1462,-1358
102000236,268,103,165
102000237,830,249,581
102000238,169,681,-512
102000240,644,604,40
102000241,251,192,59
102000243,17,88,-71
102000245,9,68,-59
102000246,22,46,-24
102000247,237,1094,-857
102000248,132,415,-283
102000249,99,290,-191
102000250,59,687,-628
102000254,80,741,-661
102000266,47,258,-211
102000271,34,1,33
102000286,594,404,190
102000297,2254,1653,601
102000300,0,1,-1
102000301,0,0,0
102000305,0,0,0
102000306,0,0,0
102000307,0,7,-7
102000308,0,3,-3
102900001,1612,1718,-106
102900002,317,47,270
102900003,60,441,-381
102900005,259,617,-358
102900006,562,375,187
102900007,345,48,297
102900008,268,191,77
102900009,606,246,360
102900010,926,553,373
102900011,2920,542,2378
102900012,404,104,300
102900013,20,71,-51
102900015,1183,502,681
102900016,46,208,-162
102900017,113,811,-698
102900018,23,195,-172
102900019,633,1054,-421
102900020,101,76,25
102900021,22,185,-163
102900022,697,114,583
102900023,15,92,-77
102900024,26,79,-53
102900025,423,151,272
102900026,1159,2001,-842
102900027,50,94,-44
102900028,112,656,-544
102900029,222,223,-1
102900030,464,290,174
102900031,149,305,-156
102900032,82,196,-114
102900033,74,206,-132
102900034,334,184,150
102900035,105,704,-599
102900036,207,836,-629
102900037,201,1211,-1010
102900038,336,1061,-725
102900039,58,425,-367
102900040,191,338,-147
102900041,91,311,-220
102900042,192,490,-298
102900043,130,398,-268
102900044,733,3051,-2318
102900045,130,920,-790
102900046,119,460,-341
102900047,57,1060,-1003
102900048,612,1132,-520
102900049,118,562,-444
102900050,270,603,-333
102900051,227,323,-96
102900052,70,34,36
102900053,473,1285,-812
102900054,1376,1228,148
102900055,170,159,11
102900056,227,773,-546
102900057,9,54,-45
102900058,338,97,241
102900059,20,58,-38
102900060,124,679,-555
102900061,111,750,-639
102900062,196,2014,-1818
102900063,895,628,267
102900064,159,601,-442
102900065,2598,727,1871
102900066,436,141,295
102900068,109,113,-4
102900070,183,1001,-818
102900072,24,48,-24
102900073,171,10,161
102900074,309,190,119
102900075,21,40,-19
102900076,428,128,300
102900077,23,33,-10
102900078,92,103,-11
102900079,299,17,282
102900080,549,49,500
102900081,65,414,-349
102900082,7,381,-374
102900083,342,8,334
102900084,8,18,-10
102900085,214,96,118
102900086,12,71,-59
102900087,128,213,-85
102900088,68,58,10
102900089,313,235,78
102900090,4,770,-766
102900091,149,2,147
102900092,376,1733,-1357
102900093,288,293,-5
102900094,1,109,-108
102900095,134,0,134
102900096,48,19,29
102900097,9,198,-189
103000001,2933,3547,-614
103000002,3575,3094,481
103000003,7844,3846,3998
103000004,1312,953,359
103000005,3006,3095,-89
103000006,717,1756,-1039
103000007,490,1313,-823
103000008,1257,1539,-282
103000009,1295,1169,126
103000010,150,228,-78
103000011,2177,1681,496
103000012,1470,1904,-434
103000013,8797,2747,6050
103000014,1581,2693,-1112
103000015,4002,1095,2907
103000016,696,1403,-707
103000017,248,449,-201
103000018,2036,488,1548
103000019,224,233,-9
103000020,2861,2114,747
103000021,2062,1944,118
103000022,1350,1847,-497
103000023,605,1886,-1281
103000024,169,179,-10
103000025,91,517,-426
103000026,2505,197,2308
103000027,293,546,-253
103000028,707,519,188
103000029,412,255,157
103000030,2587,780,1807
103000031,1887,2400,-513
103000032,2268,2509,-241
103000033,3101,3458,-357
103000034,2099,1317,782
103000035,619,1639,-1020
103000036,622,655,-33
103000037,638,563,75
103000038,604,1404,-800
103000039,340,791,-451
103000040,341,2145,-1804
103000041,1893,4243,-2350
103000042,969,1272,-303
103000043,465,1919,-1454
103000044,159,392,-233
103000046,322,620,-298
103000047,774,979,-205
103000048,187,252,-65
103000049,138,285,-147
103000050,854,1233,-379
103000051,506,864,-358
103000052,951,811,140
103000053,198,725,-527
103000054,2696,1782,914
103000055,1656,2692,-1036
103000056,704,3422,-2718
103000057,354,378,-24
103000058,550,1531,-981
103000059,309,1063,-754
103000060,728,1321,-593
103000061,294,1358,-1064
103000062,1244,1146,98
103000063,711,1019,-308
103000064,150,419,-269
103000065,3,502,-499
103000066,155,5,150
103000069,177,421,-244
103000070,940,1711,-771
103000071,1030,537,493
103000072,239,1576,-1337
103000073,852,236,616
103000074,882,152,730
103000075,185,1597,-1412
103000076,295,423,-128
103000077,28,671,-643
103000078,1919,645,1274
103000079,2746,565,2181
103000080,1315,433,882
103000081,668,1029,-361
103000082,653,373,280
103000083,161,520,-359
103000084,221,14,207
103000085,1,91,-90
103000086,786,631,155
103000087,205,672,-467
103000088,473,427,46
103000089,414,517,-103
103000090,1912,1333,579
103000091,634,589,45
103000092,356,430,-74
103000093,443,901,-458
103000094,193,173,20
103000095,63,654,-591
103000096,777,235,542
103000097,66,1065,-999
103000098,1115,271,844
103000099,441,964,-523
103000100,144,1611,-1467
103000101,825,222,603
103000102,178,1306,-1128
103000103,675,490,185
103000104,44,233,-189
103000105,188,206,-18
103000106,12,160,-148
103000107,372,80,292
103000108,769,806,-37
103000109,569,442,127
103000110,525,568,-43
103000111,831,489,342
103000112,460,250,210
103000113,1273,952,321
103000114,1875,706,1169
103000115,560,864,-304
103000116,589,858,-269
103000117,306,807,-501
103000118,2563,1498,1065
103000119,3168,718,2450
103000120,71,111,-40
103000121,179,963,-784
103000122,327,199,128
103000125,13,689,-676
103000126,388,5,383
103000127,0,371,-371
103000128,118,3,115
103000129,3,217,-214
103000130,30,33,-3
103000131,251,146,105
103000132,75,133,-58
103000133,12,183,-171
103000134,546,1080,-534
103000135,1449,354,1095
103000136,1170,527,643
103000137,1058,824,234
103000138,1175,1125,50
103000139,3,88,-85
103000140,255,43,212
103000141,54,147,-93
103000142,151,118,33
103000143,162,288,-126
103000144,210,158,52
103000145,47,32,15
103000150,90,104,-14
103000152,475,314,161
103000153,327,194,133
103000156,4,650,-646
103000157,251,6,245
103000159,90,149,-59
103000162,125,14,111
103000163,2,21,-19
103000164,5,13,-8
103000165,328,671,-343
103000166,184,258,-74
103000167,472,129,343
103000168,82,214,-132
103000169,156,397,-241
103000170,530,769,-239
103000171,39,122,-83
103000172,499,1451,-952
103000173,394,1151,-757
103000174,221,497,-276
103000175,167,694,-527
103000176,1301,404,897
103000177,1220,617,603
103000178,459,453,6
103000179,161,45,116
103000183,123,70,53
103000185,108,170,-62
103000186,121,283,-162
103000187,423,1126,-703
103000188,24,106,-82
103000189,1388,1538,-150
103000191,683,1202,-519
103000292,3873,1300,2573
103000293,2004,1954,50
103000295,114,111,3
103000296,264,3,261
103000297,131,34,97
103000504,114,67,47
103000505,16,11,5
103000506,1,258,-257
103000507,182,3,179
103000508,43,49,-6
103000509,265,715,-450
103900001,6,642,-636
103900002,3103,250,2853
103900003,3218,130,3088
103900004,35,1,34
103900005,4,369,-365
103900006,0,0,0
103900007,11,49,-38
103900008,20,2,18
103900009,235,448,-213
103900010,122,372,-250
103900011,156,362,-206
103900012,6,18,-12
103900013,35,139,-104
103900014,53,31,22
103900015,43,33,10
103900016,298,457,-159
103900017,18,112,-94
103900018,682,282,400
103900019,67,265,-198
103900020,227,510,-283
103900021,1239,28,1211
103900022,1080,719,361
103900023,111,2,109
103900024,119,1581,-1462
103900025,3,87,-84
103900026,2,0,2
103900027,617,532,85
103900028,14,246,-232
103900029,1098,113,985
103900030,375,46,329
103900031,34,2,32
103900032,69,35,34
103900033,148,11,137
103900034,27,526,-499
103900035,68,109,-41
103900036,90,32,58
103900037,64,71,-7
103900038,81,136,-55
103900039,46,663,-617
103900040,9,325,-316
103900041,26,56,-30
103900042,45,666,-621
103900043,159,228,-69
103900044,450,227,223
103900045,202,248,-46
103900047,51,30,21
103900048,55,27,28
103900049,281,2407,-2126
103900050,11,96,-85
103900051,0,49,-49
103900052,216,1032,-816
103900053,88,2064,-1976
103900054,91,930,-839
103900055,532,359,173
103900056,31,38,-7
103900057,18,483,-465
103900058,177,1181,-1004
103900059,0,4,-4
103900060,42,399,-357
103900061,141,121,20
103900062,349,82,267
103900063,2,0,2
103900064,85,8,77
103900065,1009,609,400
103900066,156,10,146
103900067,114,5,109
103900068,13,0,13
103900069,77,14,63
103900070,183,503,-320
103900071,44,297,-253
103900072,6,469,-463
103900073,48,48,0
103900074,76,175,-99
103900075,72,177,-105
103900076,424,1267,-843
103900077,117,122,-5
103900078,188,171,17
103900079,146,412,-266
103900080,21,46,-25
103900081,212,42,170
103900082,27,180,-153
103900083,2878,949,1929
103900084,45,277,-232
103900085,73,155,-82
103900086,532,475,57
103900087,36,164,-128
103900088,405,411,-6
103900089,39,293,-254
103900090,54,550,-496
103900091,1198,334,864
103900092,691,728,-37
103900093,120,603,-483
103900094,7,244,-237
103900095,308,247,61
103900096,45,484,-439
103900097,5,789,-784
103900098,231,109,122
103900099,84,588,-504
103900100,225,553,-328
103900101,56,1517,-1461
103900102,1,55,-54
103900104,7,101,-94
103900105,108,233,-125
103900106,0,20,-20
103900107,99,493,-394
103900108,21,533,-512
103900109,62,188,-126
103900110,285,98,187
103900111,83,1454,-1371
103900112,35,66,-31
103900113,139,359,-220
103900114,678,516,162
103900115,319,161,158
103900116,9603,2611,6992
103900117,255,242,13
103900119,55,64,-9
103900120,21,135,-114
103900122,84,501,-417
103900123,2400,655,1745
103900124,39,18,21
103900125,61,73,-12
103900126,534,910,-376
103900127,152,1701,-1549
103900128,93,381,-288
103900131,16,103,-87
103900133,1364,22,1342
103900134,0,7,-7
103900135,1,23,-22
103900137,0,136,-136
103900138,132,553,-421
103900139,206,1506,-1300
103900140,5,108,-103
103900141,331,134,197
103900142,176,508,-332
103900143,44,4,40
103900144,2,148,-146
103900145,180,564,-384
103900146,335,644,-309
103900147,320,216,104
103900148,167,283,-116
103900149,152,1078,-926
103900150,13289,3510,9779
103900151,82,405,-323
103900152,341,1169,-828
103900153,7,0,7
103900154,2013,1601,412
103900155,25,403,-378
103900156,19,297,-278
103900157,37,563,-526
103900158,65,361,-296
103900159,87,157,-70
103900160,42,29,13
103900161,147,351,-204
103900162,48,495,-447
103900163,9,706,-697
103900164,249,68,181
103900167,18,145,-127
103900168,68,261,-193
103900169,33,57,-24
103900170,2,198,-196
103900171,0,140,-140
103900172,25,68,-43
103900173,11,28,-17
103900174,174,111,63
103900175,55,46,9
103900176,15,40,-25
103900177,12,67,-55
103900178,59,165,-106
103900179,68,497,-429
103900180,15,274,-259
103900181,45,69,-24
103900182,19,31,-12
103900184,1177,96,1081
103900185,701,258,443
103900187,122,70,52
103900188,41,25,16
103900189,124,7,117
103900190,102,65,37
103900191,52,117,-65
103900192,76,192,-116
103900193,247,345,-98
103900194,126,588,-462
103900195,1,52,-51
103900196,37,27,10
103900197,19,43,-24
103900198,7,79,-72
103900199,115,100,15
103900200,140,193,-53
103900201,194,283,-89
103900202,8,93,-85
103900203,59,18,41
103900204,3,200,-197
103900207,5,332,-327
103900208,50,0,50
103900209,48,211,-163
103900210,31,40,-9
103900211,628,1299,-671
103900212,85,762,-677
103900213,148,272,-124
103900214,399,177,222
103900215,722,263,459
103900216,14,1155,-1141
103900217,555,52,503
103900218,2,407,-405
103900219,160,770,-610
103900233,197,4,193
103900235,72,39,33
103900236,26,1,25
103900242,1,13,-12
103900243,6,11,-5
103900244,74,641,-567
103900245,118,360,-242
103900246,60,41,19
103900247,66,136,-70
103900248,2,28,-26
103900249,18,38,-20
103900250,95,50,45
103900251,6,54,-48
103900253,22,92,-70
103900254,4,52,-48
103900255,42,19,23
103900256,36,24,12
103900257,57,200,-143
103900258,40,7,33
103900259,74,7,67
103900261,25,10,15
103900262,13,2,11
103900263,110,67,43
103900264,80,38,42
103900265,35,15,20
103900266,2,43,-41
103900267,0,52,-52
104000001,2660,3077,-417
104000002,2276,4725,-2449
104000003,3051,3165,-114
104000004,4083,4161,-78
104000005,1562,2771,-1209
104000006,3379,4201,-822
104000007,5356,5790,-434
104000008,471,587,-116
104000009,143,194,-51
104000010,143,252,-109
104000011,1491,666,825
104000012,256,825,-569
104000013,218,248,-30
104000014,301,1197,-896
104000015,211,264,-53
104000016,800,741,59
104000018,714,246,468
104000019,500,143,357
104000020,289,1218,-929
104000021,360,993,-633
104000022,183,427,-244
104000023,540,512,28
104000024,272,603,-331
104000026,62,501,-439
104000027,425,802,-377
104000028,373,406,-33
104000029,582,846,-264
104000030,365,397,-32
104000031,1108,598,510
104000032,303,518,-215
104000033,612,718,-106
104000034,371,666,-295
104000035,670,738,-68
104000036,694,1180,-486
104000037,286,512,-226
104000038,383,434,-51
104000039,197,572,-375
104000040,901,607,294
104000041,478,486,-8
104000042,233,673,-440
104000043,337,607,-270
104000044,319,1172,-853
104000045,1198,2038,-840
104000046,2125,2352,-227
104000047,573,2092,-1519
104000048,1438,2969,-1531
104000049,442,484,-42
104000050,175,968,-793
104000051,110,1178,-1068
104000052,1248,2327,-1079
104000053,889,956,-67
104000054,684,902,-218
104000055,5188,4097,1091
104000056,2232,469,1763
104000057,106,760,-654
104000058,600,1190,-590
104000059,572,1816,-1244
104000060,832,1682,-850
104000061,1571,2268,-697
104000062,264,254,10
104000064,642,488,154
104000065,194,620,-426
104000069,2193,970,1223
104000070,101,450,-349
104000071,154,551,-397
104000072,517,287,230
104000075,119,447,-328
104000076,624,145,479
104000082,2439,3634,-1195
104000083,965,338,627
104000084,169,843,-674
104000085,334,323,11
104000086,175,714,-539
104000087,491,1941,-1450
104000090,956,2571,-1615
104000092,1201,4776,-3575
104000094,1204,3585,-2381
104000095,1939,1996,-57
104000096,1297,908,389
104000097,1661,1999,-338
104000098,1645,2423,-778
104000100,1436,1122,314
104000101,1105,4253,-3148
104000106,136,774,-638
104000107,764,641,123
104000108,485,1077,-592
104000109,310,101,209
104000110,1024,1512,-488
104000111,9029,3162,5867
104000112,3873,946,2927
104000116,10,2165,-2155
104000117,102,1998,-1896
104000118,470,445,25
104000119,510,395,115
104000120,205,1933,-1728
104000121,191,1007,-816
104000122,603,982,-379
104000123,1419,1875,-456
104000124,1926,4655,-2729
104000125,9236,5009,4227
104000126,479,788,-309
104000127,1992,4741,-2749
104000128,1150,715,435
104000129,131,4,127
104000130,3,369,-366
104000131,1516,842,674
104000132,925,1045,-120
104000133,1133,1510,-377
104000134,1008,2183,-1175
104000135,397,2008,-1611
104000136,1003,4394,-3391
104000137,2083,463,1620
104000138,1811,665,1146
104000139,13088,4816,8272
104000141,1543,2701,-1158
104000142,772,1732,-960
104000143,688,1197,-509
104000144,82,245,-163
104000145,513,258,255
104000146,510,860,-350
104000147,149,516,-367
104000148,374,205,169
104000149,216,578,-362
104000150,982,795,187
104000151,449,1007,-558
104000152,670,1266,-596
104000153,709,789,-80
104000154,1327,1196,131
104000155,441,544,-103
104000157,1278,2689,-1411
104000158,280,412,-132
104000159,708,538,170
104000160,2060,2358,-298
104000161,477,269,208
104000162,85,196,-111
104000165,2093,1617,476
104000167,535,966,-431
104000168,612,6,606
104000169,68,84,-16
104000170,1070,716,354
104000248,454,1961,-1507
104000251,97,516,-419
104000272,0,0,0
104000273,0,0,0
104000274,0,0,0
104000275,0,0,0
104000279,1102,682,420
104000290,81,650,-569
104000291,644,1603,-959
104000293,738,1114,-376
104000294,19,0,19
104000295,565,1239,-674
104000296,328,1147,-819
104000297,1036,2183,-1147
104000298,2203,1205,998
104000299,827,2598,-1771
104900001,184,812,-628
104900002,49,123,-74
104900003,69,618,-549
104900004,116,538,-422
104900005,177,270,-93
104900006,245,111,134
104900007,362,430,-68
104900009,140,817,-677
104900010,34,56,-22
104900011,18,10,8
104900012,186,23,163
104900013,86,14,72
104900014,5891,605,5286
104900015,139,4,135
104900016,204,580,-376
104900017,91,233,-142
104900018,13,330,-317
104900019,418,2057,-1639
104900020,77,474,-397
104900021,3,505,-502
104900022,26,196,-170
104900023,2,239,-237
104900024,39,204,-165
104900025,70,782,-712
104900026,5,234,-229
104900027,337,337,0
104900028,37,188,-151
104900029,48,183,-135
104900030,419,315,104
104900031,180,325,-145
104900032,39,318,-279
104900033,118,377,-259
104900034,334,156,178
104900035,227,194,33
104900036,146,107,39
104900037,151,653,-502
104900038,947,647,300
104900039,1655,283,1372
104900040,208,113,95
104900041,280,298,-18
104900042,152,673,-521
104900043,9,122,-113
104900044,477,286,191
104900045,361,105,256
104900046,145,176,-31
104900047,293,167,126
104900048,256,177,79
104900049,26,28,-2
104900050,167,151,16
104900051,297,98,199
104900052,43,0,43
104900053,358,105,253
104900054,198,82,116
104900055,87,1,86
104900056,201,26,175
104900057,49,4,45
104900058,1019,304,715
104900059,30,60,-30
104900060,5,719,-714
104900061,446,1101,-655
104900063,0,254,-254
104900064,1,208,-207
104900065,1,193,-192
104900066,5,523,-518
104900067,12,347,-335
104900068,20,381,-361
104900070,220,444,-224
104900071,2,1509,-1507
104900072,71,418,-347
104900073,86,692,-606
104900074,90,339,-249
104900075,70,234,-164
104900076,125,605,-480
104900077,2607,232,2375
104900078,219,1137,-918
104900079,166,266,-100
104900080,82,843,-761
104900082,7,498,-491
104900085,23,372,-349
104900087,417,14,403
104900089,139,0,139
104900090,663,763,-100
104900091,583,1746,-1163
104900093,317,849,-532
104900097,5665,2037,3628
104900098,99,57,42
104900099,142,542,-400
104900100,1275,428,847
104900102,19,555,-536
104900103,722,295,427
104900104,5471,1845,3626
104900106,95,191,-96
104900107,74,641,-567
104900108,41,604,-563
104900109,86,402,-316
104900110,16,60,-44
104900111,193,284,-91
104900112,281,1747,-1466
104900113,753,920,-167
104900114,267,1419,-1152
104900115,548,980,-432
104900116,205,387,-182
104900118,23,100,-77
104900119,0,53,-53
104900120,67,82,-15
104900121,3,193,-190
104900122,6,178,-172
104900123,43,7,36
104900124,45,0,45
104900125,722,35,687
104900126,95,60,35
104900127,22,40,-18
104900128,93,202,-109
104900129,5052,1888,3164
105000001,3168,2459,709
105000002,3396,2837,559
105000003,4796,5260,-464
105000004,557,1851,-1294
105000005,943,1874,-931
105000006,1339,2490,-1151
105000007,1528,2105,-577
105000008,1576,2905,-1329
105000009,1623,3583,-1960
105000010,4190,4331,-141
105000011,2472,2988,-516
105000012,4678,4584,94
105000013,733,1171,-438
105000014,1383,2429,-1046
105000015,11748,9425,2323
105000016,6302,2939,3363
105000017,2158,1744,414
105000018,1899,1171,728
105000019,2028,1238,790
105000020,251,394,-143
105000021,336,155,181
105000022,247,56,191
105000023,567,301,266
105000028,64,255,-191
105000029,483,1580,-1097
105000030,4927,5600,-673
105000033,936,3278,-2342
105000034,293,898,-605
105000037,921,1104,-183
105000038,1650,1673,-23
105000039,3901,2833,1068
105000040,742,1279,-537
105000041,602,2110,-1508
105000042,2427,1675,752
105000043,2174,3860,-1686
105000044,829,774,55
105000045,613,2031,-1418
105000046,980,770,210
105000047,696,1808,-1112
105000048,632,323,309
105000049,316,1186,-870
105000050,484,586,-102
105000051,327,884,-557
105000052,458,1657,-1199
105000053,140,259,-119
105000054,273,1659,-1386
105000055,508,761,-253
105000056,1216,4529,-3313
105000057,1192,1688,-496
105000058,1874,2604,-730
105000059,804,814,-10
105000060,857,1259,-402
105000061,559,673,-114
105000062,1307,1921,-614
105000063,540,1162,-622
105000064,1438,994,444
105000065,496,1833,-1337
105000066,1829,3990,-2161
105000067,1330,770,560
105000068,916,1625,-709
105000069,6415,1318,5097
105000070,1553,1318,235
105000071,533,812,-279
105000072,759,1547,-788
105000073,978,958,20
105000074,1182,1311,-129
105000075,772,1222,-450
105000076,2026,1465,561
105000077,2779,1067,1712
105000078,2026,1621,405
105000079,2487,2364,123
105000080,2569,1497,1072
105000081,2027,1056,971
105000082,925,677,248
105000083,1963,1282,681
105000084,777,1705,-928
105000085,1617,1406,211
105000086,736,1211,-475
105000087,5123,2867,2256
105000088,1439,1858,-419
105000089,3713,3216,497
105000090,1065,1111,-46
105000091,1942,2531,-589
105000092,820,1615,-795
105000093,321,262,59
105000094,354,413,-59
105000095,93,442,-349
105000096,1483,877,606
105000097,1511,999,512
105000098,1237,784,453
105000099,1332,1417,-85
105000100,983,1731,-748
105000101,1813,3610,-1797
105000102,1569,2139,-570
105000103,1576,4025,-2449
105000104,1924,1689,235
105000105,1148,3915,-2767
105000106,1613,3255,-1642
105000107,1170,2395,-1225
105000108,1473,4503,-3030
105000109,1870,3379,-1509
105000110,766,1973,-1207
105000111,879,813,66
105000112,1356,1568,-212
105000113,398,811,-413
105000114,7942,1504,6438
105000115,414,1025,-611
105000116,681,678,3
105000117,836,2443,-1607
105000118,365,652,-287
105000119,703,2780,-2077
105000120,906,1032,-126
105000121,1212,2684,-1472
105000122,309,636,-327
105000123,1521,2770,-1249
105000124,1602,1677,-75
105000125,839,3346,-2507
105000126,2566,4379,-1813
105000127,3240,3305,-65
105000128,472,2723,-2251
105000129,1134,427,707
105000130,275,1640,-1365
105000131,1249,646,603
105000132,676,524,152
105000133,429,1899,-1470
105000134,660,834,-174
105000135,321,961,-640
105000136,59,243,-184
105000137,296,421,-125
105000138,67,204,-137
105000139,1300,1707,-407
105000140,149,606,-457
105000141,275,1155,-880
105000142,138,622,-484
105000143,290,1184,-894
105000144,388,1176,-788
105000145,632,764,-132
105000146,775,1070,-295
105000147,638,687,-49
105000148,1208,1023,185
105000149,2271,3199,-928
105000150,2851,2471,380
105000151,544,556,-12
105000152,229,1350,-1121
105000153,894,716,178
105000154,995,2067,-1072
105000155,395,1038,-643
105000156,1275,2010,-735
105000157,1446,5146,-3700
105000158,2535,1142,1393
105000159,318,2973,-2655
105000160,2122,903,1219
105000161,1050,3756,-2706
105000162,1004,2014,-1010
105000163,3395,2147,1248
105000164,267,589,-322
105000165,3898,6120,-2222
105000166,14181,600,13581
105000167,6472,1923,4549
105000168,292,1689,-1397
105000169,385,622,-237
105000170,153,2051,-1898
105000171,1419,744,675
105000172,101,103,-2
105000173,76,55,21
105000174,39,54,-15
105000175,92,214,-122
105000176,284,136,148
105000177,169,186,-17
105000178,193,1813,-1620
105000179,207,178,29
105000180,192,150,42
105000181,112,1096,-984
105000182,57,80,-23
105000183,4715,2572,2143
105000184,1229,977,252
105000185,1216,972,244
105000186,346,1208,-862
105000187,699,270,429
105000188,334,144,190
105000189,205,678,-473
105000190,288,414,-126
105000191,430,443,-13
105000192,163,91,72
105000193,112,223,-111
105000194,202,79,123
105000195,412,1958,-1546
105000196,50,124,-74
105000197,349,1311,-962
105000198,807,435,372
105000199,352,399,-47
105000200,138,356,-218
105000201,124,34,90
105000203,6,490,-484
105000204,78,116,-38
105000205,74,304,-230
105000207,723,308,415
105000208,344,653,-309
105000209,273,322,-49
105000212,1301,3078,-1777
105000213,257,213,44
105000214,94,352,-258
105000215,291,491,-200
105000216,114,429,-315
105000217,185,402,-217
105000218,967,1654,-687
105000221,350,635,-285
105000222,126,87,39
105000223,142,291,-149
105000226,81,791,-710
105000227,55,367,-312
105000228,410,1183,-773
105000229,129,304,-175
105000231,248,467,-219
105000233,554,649,-95
105000234,614,1966,-1352
105000235,388,765,-377
105000237,1001,106,895
105000243,12,508,-496
105000248,90,87,3
105000262,357,3658,-3301
105000269,148,339,-191
105000270,411,183,228
105000271,1,577,-576
105000282,265,74,191
105000287,332,347,-15
105000288,447,757,-310
105000289,2232,1183,1049
105000290,20,7,13
105000402,8728,2930,5798
105000426,456,642,-186
105000438,1898,1071,827
105000446,25045,7678,17367
105000447,13210,4550,8660
105000454,315,885,-570
105000455,331,346,-15
105000474,27,0,27
105000477,365,616,-251
105000478,1709,3135,-1426
105000479,215,216,-1
105000480,3065,2662,403
105000481,3358,2684,674
105000482,6899,4001,2898
105000483,1737,1579,158
105000484,3192,3276,-84
105000485,1536,1905,-369
105000486,4381,2938,1443
105000488,5519,4745,774
105000489,790,1223,-433
105000549,25,180,-155
105000550,693,2041,-1348
105000551,31,116,-85
105000552,4820,2768,2052
105900001,5,1800,-1795
105900002,2897,609,2288
105900003,5,118,-113
105900004,357,174,183
105900005,4,295,-291
105900006,8,80,-72
105900007,61,21,40
105900008,72,1362,-1290
105900009,18,8,10
105900011,143,70,73
105900012,424,180,244
105900013,3,31,-28
105900014,14,169,-155
105900015,159,511,-352
105900016,321,1405,-1084
105900017,966,90,876
105900018,256,533,-277
105900019,50,813,-763
105900020,37,91,-54
105900021,24,460,-436
105900022,311,648,-337
105900023,7,202,-195
105900024,9,174,-165
105900025,167,111,56
105900026,491,119,372
105900027,9080,5038,4042
105900028,163,270,-107
105900029,3377,553,2824
105900030,193,365,-172
105900031,736,236,500
105900032,80,225,-145
105900033,59,213,-154
105900034,166,364,-198
105900035,253,344,-91
105900036,44,235,-191
105900037,83,95,-12
105900038,206,595,-389
105900039,95,272,-177
105900040,64,162,-98
105900041,302,1076,-774
105900042,67,163,-96
105900043,3532,78,3454
105900044,4,291,-287
105900045,10,827,-817
105900046,6,238,-232
105900047,9,48,-39
105900048,79,726,-647
105900050,3400,1789,1611
105900051,16,2487,-2471
105900052,334,143,191
105900053,6489,2332,4157
105900054,360,634,-274
105900056,1350,301,1049
105900057,26,231,-205
105900058,6,117,-111
105900059,2,50,-48
106000001,5301,2456,2845
106000002,4292,8063,-3771
106000003,3914,4059,-145
106000004,3863,3669,194
106000005,2990,7451,-4461
106000006,7670,7814,-144
106000007,443,631,-188
106000008,446,441,5
106000009,570,408,162
106000010,618,658,-40
106000011,890,1326,-436
106000012,999,2542,-1543
106000013,2068,2432,-364
106000014,2697,2862,-165
106000015,1429,1534,-105
106000016,1400,3780,-2380
106000017,861,921,-60
106000018,863,948,-85
106000019,377,571,-194
106000020,287,715,-428
106000021,356,676,-320
106000022,461,551,-90
106000023,870,552,318
106000024,1058,1314,-256
106000025,114,358,-244
106000026,169,351,-182
106000027,1316,1915,-599
106000028,618,1059,-441
106000029,1145,1996,-851
106000030,1208,471,737
106000034,313,831,-518
106000035,1068,1733,-665
106000036,583,690,-107
106000037,2682,2728,-46
106000038,745,133,612
106000039,331,85,246
106000040,278,1067,-789
106000041,1046,428,618
106000043,654,149,505
106000046,446,65,381
106000047,76,633,-557
106000049,582,245,337
106000050,336,1561,-1225
106000051,683,598,85
106000052,123,1208,-1085
106000053,230,175,55
106000054,564,937,-373
106000055,1231,1983,-752
106000056,411,713,-302
106000057,265,391,-126
106000058,239,368,-129
106000059,333,320,13
106000060,915,883,32
106000061,288,666,-378
106000062,194,968,-774
106000063,757,741,16
106000064,52,753,-701
106000065,484,290,194
106000066,230,670,-440
106000067,356,189,167
106000068,77,1147,-1070
106000069,198,148,50
106000070,511,1511,-1000
106000071,1044,546,498
106000072,9332,2569,6763
106000073,2583,3194,-611
106000074,554,1259,-705
106000075,437,1804,-1367
106000076,2131,2810,-679
106000077,5911,2053,3858
106000078,1092,1726,-634
106000079,886,1539,-653
106000080,1608,1511,97
106000081,833,1525,-692
106000082,3335,1634,1701
106000083,506,2117,-1611
106000084,1422,1053,369
106000085,2488,1938,550
106000086,901,1199,-298
106000087,959,1008,-49
106000088,644,1234,-590
106000089,1227,769,458
106000090,338,912,-574
106000091,375,1378,-1003
106000092,782,458,324
106000093,364,122,242
106000094,106,735,-629
106000095,611,2239,-1628
106000096,1040,1006,34
106000097,917,2300,-1383
106000098,731,1423,-692
106000099,233,1486,-1253
106000100,894,395,499
106000101,861,409,452
106000102,197,951,-754
106000103,337,1018,-681
106000104,640,632,8
106000105,469,1661,-1192
106000106,561,661,-100
106000107,161,687,-526
106000108,171,407,-236
106000109,138,671,-533
106000110,148,377,-229
106000111,151,1074,-923
106000112,162,604,-442
106000113,2143,1031,1112
106000114,570,532,38
106000115,283,848,-565
106000116,189,386,-197
106000117,1203,1337,-134
106000118,1425,1510,-85
106000119,4490,1996,2494
106000120,808,1037,-229
106000121,155,378,-223
106000122,144,622,-478
106000123,225,443,-218
106000124,42,613,-571
106000125,20,653,-633
106000126,191,257,-66
106000127,915,1542,-627
106000128,668,467,201
106000129,581,1210,-629
106000130,812,760,52
106000131,167,1285,-1118
106000132,1194,283,911
106000133,6948,1865,5083
106000134,1543,1298,245
106000135,347,1713,-1366
106000136,913,861,52
106000137,117,2939,-2822
106000138,974,103,871
106000139,44,192,-148
106000140,33,166,-133
106000141,72,179,-107
106000142,81,111,-30
106000143,13,167,-154
106000144,39,107,-68
106000145,217,519,-302
106000146,360,349,11
106000147,597,1042,-445
106000148,815,1410,-595
106000149,636,797,-161
106000150,635,2695,-2060
106000151,8584,1258,7326
106000152,2226,2278,-52
106000153,80,2208,-2128
106000154,2085,438,1647
106000155,45,330,-285
106000156,924,628,296
106000157,827,3390,-2563
106000158,5240,1163,4077
106000159,8250,2027,6223
106000160,461,2637,-2176
106000161,2690,1010,1680
106000162,308,915,-607
106000163,380,1023,-643
106000164,366,443,-77
106000165,327,1456,-1129
106000166,1170,427,743
106000167,514,2497,-1983
106000168,346,431,-85
106000169,184,1432,-1248
106000170,444,432,12
106000171,145,2057,-1912
106000172,2538,1507,1031
106000173,895,5468,-4573
106000174,1183,463,720
106000175,350,1888,-1538
106000176,1560,1310,250
106000177,907,4566,-3659
106000178,3384,2994,390
106000179,1448,3851,-2403
106000180,899,2982,-2083
106000181,623,3495,-2872
106000182,933,1514,-581
106000183,951,2167,-1216
106000184,1366,2163,-797
106000185,1000,1769,-769
106000186,1250,226,1024
106000187,362,1193,-831
106000188,0,2,-2
106000189,6,93,-87
106000190,16,5,11
106000191,665,241,424
106000192,1,44,-43
106000193,471,194,277
106000194,227,501,-274
106000195,741,272,469
106000196,217,772,-555
106000197,492,642,-150
106000198,145,452,-307
106000199,1298,629,669
106000200,1017,240,777
106000201,737,2201,-1464
106000202,14363,1031,13332
106000203,344,366,-22
106000204,38,9,29
106000205,23,227,-204
106000206,83,18,65
106000207,54,1405,-1351
106000208,923,193,730
106000209,1355,529,826
106000210,304,2343,-2039
106000211,465,2347,-1882
106000212,811,298,513
106000213,1209,2128,-919
106000214,3922,715,3207
106000215,329,782,-453
106000216,462,516,-54
106000217,406,818,-412
106000218,634,510,124
106000219,150,434,-284
106000220,463,415,48
106000221,115,416,-301
106000222,36,215,-179
106000223,190,160,30
106000224,257,513,-256
106000225,74,78,-4
106000226,226,601,-375
106000228,46,212,-166
106000229,102,1198,-1096
106000231,938,295,643
106000232,39,736,-697
106000233,375,291,84
106000234,57,281,-224
106000235,297,108,189
106000236,167,65,102
106000237,1,30,-29
106000238,4,11,-7
106000239,1,161,-160
106000240,27,4,23
106000241,31,1094,-1063
106000242,198,19,179
106000249,107,120,-13
106000250,75,600,-525
106000251,49,47,2
106000252,27,175,-148
106000253,19,58,-39
106000254,41,113,-72
106000255,23,173,-150
106000256,53,164,-111
106000257,126,497,-371
106000258,122,15,107
106000259,3,38,-35
106000260,13,10,3
106000261,3,82,-79
106000262,52,15,37
106000263,15,135,-120
106000264,185,27,158
106000265,12,277,-265
106000266,185,19,166
106000267,0,152,-152
106000268,603,33,570
106000269,122,90,32
106000270,246,644,-398
106000271,50,220,-170
106000272,128,82,46
106000273,10,253,-243
106000274,200,71,129
106000275,173,309,-136
106000276,223,88,135
106000277,189,211,-22
106000278,179,71,108
106000279,10,151,-141
106000280,42,279,-237
106000281,74,200,-126
106000282,79,67,12
106000283,128,197,-69
106000284,74,123,-49
106000285,126,300,-174
106000286,90,236,-146
106000287,141,175,-34
106000288,166,258,-92
106000289,111,161,-50
106000290,79,178,-99
106000291,69,189,-120
106000292,84,187,-103
106000293,122,158,-36
106000294,180,169,11
106000295,60,90,-30
106000296,62,178,-116
106000297,86,347,-261
106000298,191,94,97
106000299,94,248,-154
106000300,50,129,-79
106000301,95,152,-57
106000303,25,124,-99
106000304,33,91,-58
106000305,21,76,-55
106000306,49,150,-101
106000307,40,15,25
106000308,38,460,-422
106000309,24,138,-114
106000310,264,1000,-736
106000311,302,199,103
106000312,69,333,-264
106000313,168,367,-199
106000318,310,372,-62
106000319,757,119,638
106000320,1,56,-55
106000321,676,139,537
106000322,110,388,-278
106000324,9,272,-263
106000325,1461,1003,458
106000326,1297,2937,-1640
106000327,85,262,-177
106000328,18,104,-86
106000329,50,547,-497
106000330,46,78,-32
106000428,48,239,-191
106000429,165,747,-582
106000430,502,2330,-1828
106000431,1671,408,1263
106000432,2239,4451,-2212
106000433,2054,1103,951
106000434,3575,1442,2133
106000435,3480,4864,-1384
106000436,11,743,-732
106000437,227,48,179
106000438,297,177,120
106000439,58,1018,-960
106000440,255,726,-471
106000441,3,0,3
106000442,147,11,136
106000443,129,958,-829
106000450,9,414,-405
106000451,29,43,-14
106000454,3,93,-90
106000455,7,225,-218
106000456,123,51,72
106000457,6,1940,-1934
106000458,442,308,134
106000459,95,644,-549
106000460,904,70,834
106000461,71,3470,-3399
106000462,0,29,-29
106000463,3,49,-46
106000464,4,1056,-1052
106000465,329,5,324
106000466,7,1436,-1429
106000467,758,898,-140
106000468,34,385,-351
106000469,461,6,455
106000470,339,2117,-1778
106000471,51,1265,-1214
106000472,200,17,183
106000473,54,38,16
106000474,337,1205,-868
106000475,225,200,25
106000476,218,179,39
106000477,15,65,-50
106900001,1,40,-39
106900002,4,1162,-1158
106900003,396,1804,-1408
106900004,6,158,-152
106900006,1,59,-58
106900007,1,51,-50
106900008,216,508,-292
106900009,304,939,-635
106900010,235,752,-517
106900012,4736,2675,2061
106900013,600,131,469
106900014,18,1,17
106900015,30,1,29
106900016,188,6,182
106900017,4,0,4
106900018,0,0,0
106900019,40,6,34
106900020,5293,1564,3729
106900021,30,128,-98
106900022,442,2,440
106900023,17,509,-492
106900024,503,34,469
106900025,90,1262,-1172
106900026,7,1608,-1601
106900027,430,6,424
107000001,4071,2451,1620
107000002,6444,5696,748
107000003,5130,6476,-1346
107000004,7413,8412,-999
107000005,2866,5414,-2548
107000006,4698,10519,-5821
107000007,5076,9708,-4632
107000008,20606,17514,3092
107000009,5225,6436,-1211
107000010,12208,17567,-5359
107000011,1243,2015,-772
107000012,6214,6206,8
107000013,51,160,-109
107000014,26,387,-361
107000015,411,1245,-834
107000016,446,1910,-1464
107000017,3122,1183,1939
107000018,16,363,-347
107000020,1368,530,838
107000021,1073,1144,-71
107000022,800,1628,-828
107000023,1563,399,1164
107000024,426,2685,-2259
107000025,127,493,-366
107000026,117,1093,-976
107000027,1229,1152,77
107000028,1319,2937,-1618
107000029,2055,2196,-141
107000030,3710,5147,-1437
107000031,3375,2582,793
107000032,538,1367,-829
107000033,5918,5721,197
107000034,8534,3500,5034
107000035,487,231,256
107000036,455,1498,-1043
107000037,55,882,-827
107000038,278,443,-165
107000039,757,914,-157
107000040,165,472,-307
107000041,2513,1060,1453
107000042,1037,2304,-1267
107000043,4450,1257,3193
107000044,738,456,282
107000045,124,403,-279
107000046,675,494,181
107000047,561,1213,-652
107000048,878,448,430
107000049,757,1247,-490
107000050,1181,648,533
107000051,765,481,284
107000052,1497,1201,296
107000053,489,275,214
107000054,59,351,-292
107000055,106,86,20
107000056,555,1154,-599
107000057,2292,250,2042
107000058,2752,2875,-123
107000059,3446,5235,-1789
107000060,3685,6622,-2937
107000061,7641,6458,1183
107000062,3457,3970,-513
107000063,5887,10654,-4767
107000064,3894,2590,1304
107000065,4939,9423,-4484
107000066,1711,2442,-731
107000067,1009,1311,-302
107000068,1802,800,1002
107000069,820,523,297
107000070,511,7,504
107000071,2073,31,2042
107000072,83,5815,-5732
107000073,367,227,140
107000074,176,1435,-1259
107000075,1373,628,745
107000076,1307,2609,-1302
107000077,2862,1075,1787
107000078,2724,5168,-2444
107000079,2105,705,1400
107000080,1693,4845,-3152
107000081,1173,647,526
107000082,693,4347,-3654
107000083,1207,485,722
107000084,667,4061,-3394
107000085,2915,3815,-900
107000086,4285,4385,-100
107000087,2817,2364,453
107000088,3164,4925,-1761
107000089,1744,2331,-587
107000090,1308,1657,-349
107000091,1334,1180,154
107000092,985,1856,-871
107000093,1013,1035,-22
107000094,1263,2186,-923
107000095,639,653,-14
107000096,790,1781,-991
107000097,570,271,299
107000098,309,827,-518
107000099,619,419,200
107000100,586,406,180
107000101,140,215,-75
107000102,543,512,31
107000103,392,220,172
107000104,330,599,-269
107000105,516,183,333
107000106,209,607,-398
107000107,453,293,160
107000108,146,1311,-1165
107000109,528,167,361
107000110,121,1158,-1037
107000111,204,43,161
107000112,28,803,-775
107000113,506,159,347
107000114,115,1369,-1254
107000115,617,148,469
107000116,154,1759,-1605
107000117,178,367,-189
107000118,233,499,-266
107000119,2732,1645,1087
107000120,4382,549,3833
107000121,703,1094,-391
107000122,1368,1371,-3
107000123,390,1017,-627
107000124,674,1342,-668
107000125,552,977,-425
107000126,528,1048,-520
107000127,17,417,-400
107000129,182,243,-61
107000130,182,324,-142
107000131,558,415,143
107000132,686,520,166
107000133,453,180,273
107000134,245,1,244
107000135,11,404,-393
107000136,548,4,544
107000137,13,564,-551
107000138,232,21,211
107000139,7,597,-590
107000140,1064,79,985
107000141,144,1297,-1153
107000142,358,63,295
107000143,82,1551,-1469
107000144,315,407,-92
107000145,198,967,-769
107000146,141,250,-109
107000147,4387,961,3426
107000150,1353,2496,-1143
107000151,71,105,-34
107000152,883,888,-5
107000153,966,684,282
107000154,227,179,48
107000155,679,9,670
107000156,1017,18,999
107000157,46,3616,-3570
107000158,319,10,309
107000159,42,1648,-1606
107000160,816,82,734
107000161,141,3633,-3492
107000162,196,351,-155
107000163,61,0,61
107000164,250,0,250
107000165,575,5,570
107000166,92,2535,-2443
107000167,515,336,179
107000168,685,415,270
107000169,1409,1272,137
107000170,1497,753,744
107000171,650,4269,-3619
107000172,820,1041,-221
107000173,767,2213,-1446
107000174,904,3963,-3059
107000175,16160,2650,13510
107000176,4,1,3
107000177,8,4,4
107000178,11,94,-83
107000179,291,4817,-4526
107000180,1356,484,872
107000181,419,2369,-1950
107000182,1541,1683,-142
107000183,140,1576,-1436
107000184,898,1261,-363
107000185,713,2303,-1590
107000186,1401,520,881
107000187,1260,2063,-803
107000188,611,765,-154
107000189,447,1578,-1131
107000190,594,1451,-857
107000191,685,1221,-536
107000192,1716,2093,-377
107000193,468,501,-33
107000194,1194,1591,-397
107000197,797,361,436
107000198,591,1014,-423
107000199,753,841,-88
107000200,1878,816,1062
107000201,377,273,104
107000202,241,522,-281
107000203,953,628,325
107000204,1497,695,802
107000205,2700,1268,1432
107000206,1028,1343,-315
107000207,959,1891,-932
107000208,1840,558,1282
107000209,3627,1252,2375
107000210,1725,580,1145
107000211,7,37,-30
107000212,17,447,-430
107000213,21,25,-4
107000214,34,245,-211
107000215,436,787,-351
107000216,341,722,-381
107000217,119,239,-120
107000219,83,206,-123
107000220,182,474,-292
107000222,246,1074,-828
107000224,380,58,322
107000225,212,1112,-900
107000226,254,96,158
107000227,130,733,-603
107000228,109,190,-81
107000229,423,182,241
107000230,1602,698,904
107000231,2274,945,1329
107000232,100,84,16
107000233,1760,777,983
107000234,4,40,-36
107000235,83,4,79
107000236,24,511,-487
107000237,18,5,13
107000238,22,0,22
107000239,8765,877,7888
107000240,114,1848,-1734
107000241,187,42,145
107000242,1332,80,1252
107000243,1,127,-126
107000244,19,98,-79
107000246,5,1753,-1748
107000249,5,1539,-1534
107000251,0,390,-390
107000252,11,2386,-2375
107000255,1474,175,1299
107000257,2,901,-899
107000258,4,292,-288
107000259,5,437,-432
107000260,436,0,436
107000262,7,1221,-1214
107000263,228,3,225
107000266,13,3,10
107000267,78,457,-379
107000268,157,359,-202
107000269,594,52,542
107000270,3,21,-18
107000271,17,1669,-1652
107000272,10,349,-339
107000273,0,310,-310
107000274,1112,271,841
107000275,12,1047,-1035
107000280,473,40,433
107000281,37,1617,-1580
107000282,24,2000,-1976
107000290,0,27,-27
107000291,18,12,6
107000292,1,29,-28
107000293,75,5,70
107000294,0,30,-30
107000295,30,3,27
107000296,0,17,-17
107000444,110,5,105
107000496,1,38,-37
107000497,2030,5027,-2997
107000500,386,490,-104
107000501,66,296,-230
107000502,238,553,-315
107000505,1162,1111,51
107000506,4,33,-29
107000508,5,1085,-1080
107000509,270,552,-282
107000510,33,20,13
107000514,12,346,-334
107000515,24,512,-488
107000516,268,320,-52
107000518,909,907,2
107000519,6656,1686,4970
107000520,55,9,46
107900001,37,331,-294
107900002,32,6,26
107900003,350,19,331
107900004,83,1,82
107900005,749,5,744
107900006,130,1,129
107900007,224,36,188
107900008,50,107,-57
107900009,140,6,134
107900010,19,2,17
107900012,502,27,475
107900013,453,157,296
107900014,13,19,-6
107900015,646,17,629
107900016,616,163,453
107900017,20,0,20
107900018,132,92,40
107900019,30,164,-134
107900020,71,10,61
107900021,49,309,-260
107900023,0,3,-3
107900024,0,23,-23
107900025,183,541,-358
107900026,30,242,-212
107900027,23,79,-56
107900028,52,181,-129
107900030,253,37,216
107900031,75,461,-386
107900032,3,14,-11
107900033,26,9,17
107900034,422,23,399
107900035,765,37,728
107900036,26,9,17
107900037,2,80,-78
107900038,194,195,-1
107900039,11,144,-133
107900040,84,111,-27
107900041,2,2,0
107900043,62,370,-308
107900044,5,8,-3
107900045,77,54,23
107900046,136,146,-10
107900047,18,127,-109
107900048,230,19,211
107900049,356,637,-281
107900050,93,595,-502
107900051,120,211,-91
107900052,21,50,-29
107900053,29,133,-104
107900055,1300,455,845
107900056,109,30,79
107900057,2,0,2
107900058,50,1335,-1285
107900060,9,50,-41
107900061,36,8,28
107900063,201,242,-41
107900064,649,122,527
107900065,198,18,180
107900066,4,10,-6
107900067,0,0,0
107900068,220,316,-96
107900069,34,1283,-1249
107900070,154,36,118
107900071,21,1811,-1790
107900072,49,435,-386
107900073,33,224,-191
107900074,1391,195,1196
107900076,256,161,95
107900077,110,48,62
107900078,315,38,277
107900079,4,18,-14
107900080,158,286,-128
107900081,27,139,-112
107900082,34,25,9
107900083,548,188,360
107900084,210,227,-17
107900086,22,146,-124
107900087,763,104,659
107900088,25,17,8
107900089,385,1199,-814
107900090,678,1775,-1097
107900091,225,904,-679
107900092,3138,826,2312
107900093,80,102,-22
107900095,4073,1821,2252
107900097,92,118,-26
107900098,102,328,-226
107900100,1419,1226,193
107900101,1919,267,1652
107900102,13,12,1
107900103,36,219,-183
107900104,210,1,209
107900105,4,907,-903
107900106,14,2221,-2207
107900107,2402,400,2002
107900108,511,149,362
107900109,850,13,837
107900110,26,205,-179
107900111,10,1959,-1949
107900112,146,566,-420
107900113,125,164,-39
107900114,124,353,-229
107900115,1,92,-91
107900116,105,478,-373
107900117,300,863,-563
107900118,102,216,-114
107900119,45,174,-129
107900120,44,11,33
107900121,4,149,-145
107900122,3,71,-68
107900123,2,45,-43
107900124,22,26,-4
107900125,34,301,-267
107900126,14,38,-24
107900127,785,195,590
107900128,135,116,19
107900129,44,58,-14
107900130,46,42,4
107900131,747,169,578
107900132,153,710,-557
107900133,2,159,-157
107900134,17,35,-18
107900135,6,312,-306
107900136,58,61,-3
107900137,151,202,-51
107900138,44,50,-6
107900139,32,45,-13
107900140,129,141,-12
107900141,72,61,11
107900142,66,2203,-2137
107900143,33,63,-30
107900144,0,218,-218
107900145,8,173,-165
107900146,25,285,-260
107900147,112,34,78
107900148,307,357,-50
107900149,3218,289,2929
107900150,108,1683,-1575
107900151,4,127,-123
107900152,22,605,-583
107900153,143,266,-123
107900154,42,11,31
107900155,41,40,1
107900156,3,603,-600
107900157,66,122,-56
107900158,600,18,582
107900159,33,2432,-2399
107900160,55,197,-142
107900161,47,457,-410
107900162,1,342,-341
107900163,170,39,131
107900164,7,37,-30
107900165,18,78,-60
107900166,26,445,-419
107900167,17,51,-34
107900168,22,73,-51
107900169,6,240,-234
107900171,17,3764,-3747
107900172,1,517,-516
107900173,18,377,-359
107900174,94,6,88
107900175,5,34,-29
107900176,24,83,-59
107900177,4,375,-371
107900178,12,378,-366
107900179,11,202,-191
107900180,1755,476,1279
107900181,376,779,-403
107900182,8,2692,-2684
107900183,41,551,-510
107900184,83,483,-400
107900185,98,12,86
107900186,10,60,-50
107900187,1,184,-183
107900188,1150,142,1008
107900189,26,192,-166
107900190,187,95,92
107900191,97,320,-223
107900193,8,47,-39
107900194,188,9,179
107900195,7168,851,6317
107900196,39,87,-48
107900197,1338,264,1074
107900199,4,1498,-1494
107900201,144,217,-73
107900203,53,113,-60
107900204,307,448,-141
107900205,279,748,-469
107900206,654,259,395
107900207,1,1044,-1043
107900208,10,1374,-1364
107900209,486,142,344
107900210,87,262,-175
107900213,1102,916,186
107900214,10,219,-209
107900215,305,465,-160
107900216,176,146,30
107900217,42,76,-34
107900218,11,2383,-2372
107900219,36,261,-225
107900220,246,185,61
107900221,307,297,10
107900223,75,1021,-946
107900224,266,519,-253
107900225,5,1516,-1511
107900226,69,271,-202
107900227,173,780,-607
107900228,18,127,-109
107900229,2,584,-582
107900230,7,307,-300
107900231,13,384,-371
107900232,52,375,-323
107900233,6,185,-179
107900234,105,271,-166
107900235,58,143,-85
107900236,53,107,-54
107900237,153,788,-635
107900238,12,169,-157
107900239,2103,644,1459
107900240,19,229,-210
107900241,33,135,-102
107900242,16,537,-521
107900243,4,54,-50
107900244,249,2,247
107900245,400,50,350
107900246,111,20,91
107900248,208,829,-621
107900249,424,15,409
107900250,1,1024,-1023
107900251,62,2297,-2235
107900252,913,26,887
107900253,94,5,89
107900254,67,196,-129
107900255,372,85,287
107900256,507,577,-70
107900257,161,93,68
107900258,94,317,-223
107900259,91,1398,-1307
107900261,1,716,-715
107900262,44,275,-231
107900264,167,3,164
107900265,82,374,-292
107900267,169,25,144
107900268,75,11,64
107900269,0,12,-12
107900270,1,0,1
107900271,7,13,-6
107900272,174,10,164
107900273,12,148,-136
107900274,40,1,39
107900275,5,0,5
107900276,2,96,-94
107900277,0,379,-379
107900278,207,552,-345
107900279,201,191,10
107900280,2613,2328,285
107900281,6646,1839,4807
107900282,119,381,-262
107900283,2455,590,1865
107900284,296,1264,-968
107900285,86,241,-155
107900286,171,137,34
107900287,114,284,-170
107900290,0,102,-102
107900291,477,22,455
107900292,124,455,-331
107900293,96,933,-837
107900295,112,277,-165
107900297,3,412,-409
107900298,1142,1440,-298
107900299,6209,3439,2770
107900300,62,268,-206
107900301,694,453,241
107900302,203,33,170
107900303,129,618,-489
107900304,283,995,-712
107900305,301,13,288
107900306,27,22,5
107900307,52,378,-326
107900308,215,123,92
107900309,64,0,64
107900310,25,1,24
107900311,397,113,284
107900312,19,0,19
107900313,4,88,-84
107900314,0,58,-58
107900315,2,109,-107
107900316,75,5,70
107900317,60,15,45
107900318,6,267,-261
107900319,7,502,-495
107900320,9,309,-300
107900321,79,6,73
107900322,8,334,-326
107900323,48,310,-262
107900324,159,0,159
107900325,80,1,79
107900326,197,642,-445
107900327,1,3,-2
107900328,2,0,2
107900329,0,2,-2
107900330,10,1302,-1292
107900331,186,40,146
107900332,181,61,120
107900333,35,20,15
107900334,18,527,-509
107900335,56,101,-45
107900336,29,63,-34
107900337,2312,795,1517
107900338,4,213,-209
107900339,2,68,-66
107900340,0,74,-74
107900341,22,0,22
107900342,101,92,9
107900343,34,3,31
107900344,1,93,-92
107900345,66,17,49
107900346,66,4,62
107900347,40,2,38
107900348,0,4,-4
107900349,31,9,22
107900350,35,373,-338
108000001,2702,4411,-1709
108000002,2593,4952,-2359
108000003,3644,2898,746
108000004,23125,24833,-1708
108000005,6796,4558,2238
108000006,9173,10138,-965
108000007,4981,4452,529
108000008,7189,8956,-1767
108000009,3590,4424,-834
108000010,4373,8276,-3903
108000011,12080,11705,375
108000012,26231,23962,2269
108000014,712,744,-32
108000015,535,407,128
108000016,180,700,-520
108000017,879,506,373
108000018,1539,650,889
108000019,1605,821,784
108000020,1332,583,749
108000021,591,2304,-1713
108000022,768,2507,-1739
108000023,1383,261,1122
108000024,130,1106,-976
108000025,213,316,-103
108000026,430,814,-384
108000027,518,668,-150
108000028,223,384,-161
108000029,427,734,-307
108000030,678,299,379
108000031,280,738,-458
108000032,1155,718,437
108000033,788,2192,-1404
108000034,1616,511,1105
108000035,1362,3956,-2594
108000036,413,2418,-2005
108000037,1665,472,1193
108000038,2150,565,1585
108000039,744,4599,-3855
108000040,1831,931,900
108000041,867,4574,-3707
108000042,156,266,-110
108000043,169,371,-202
108000044,346,181,165
108000045,292,984,-692
108000046,1313,397,916
108000047,505,1763,-1258
108000048,172,648,-476
108000049,608,263,345
108000050,126,761,-635
108000051,205,119,86
108000052,400,1030,-630
108000053,348,145,203
108000054,821,1772,-951
108000055,1358,513,845
108000056,1069,1582,-513
108000057,581,999,-418
108000058,2283,3239,-956
108000059,5002,2950,2052
108000060,229,502,-273
108000061,195,390,-195
108000062,646,712,-66
108000063,415,1183,-768
108000064,178,304,-126
108000065,568,1099,-531
108000066,2473,995,1478
108000067,1823,559,1264
108000068,668,307,361
108000069,392,1597,-1205
108000070,1638,745,893
108000071,818,2792,-1974
108000072,1523,1270,253
108000073,2223,3178,-955
108000074,422,458,-36
108000075,425,1252,-827
108000076,969,652,317
108000077,977,1156,-179
108000078,1929,2068,-139
108000079,1103,2859,-1756
108000080,738,802,-64
108000081,575,4308,-3733
108000082,1333,3472,-2139
108000083,2044,951,1093
108000084,542,2274,-1732
108000085,636,487,149
108000086,1254,1444,-190
108000087,157,1974,-1817
108000088,150,19,131
108000089,378,423,-45
108000090,325,197,128
108000091,102,1028,-926
108000092,112,173,-61
108000093,169,1548,-1379
108000094,745,176,569
108000095,249,889,-640
108000096,199,195,4
108000097,164,1137,-973
108000098,1104,1975,-871
108000099,125,120,5
108000100,44,259,-215
108000101,822,1421,-599
108000102,1418,2697,-1279
108000106,876,4,872
108000107,3,1269,-1266
108000108,394,58,336
108000109,10,1320,-1310
108000110,178,315,-137
108000111,226,1516,-1290
108000112,76,180,-104
108000113,653,522,131
108000115,610,883,-273
108000117,1030,585,445
108000118,128,201,-73
108000119,889,732,157
108000120,99,940,-841
108000121,220,1018,-798
108000122,366,468,-102
108000123,439,464,-25
108000124,284,846,-562
108000125,263,516,-253
108000126,162,876,-714
108000127,345,463,-118
108000128,509,1043,-534
108000129,291,1899,-1608
108000130,293,364,-71
108000131,847,402,445
108000132,2313,2229,84
108000133,747,681,66
108000134,779,1071,-292
108000135,1053,442,611
108000136,1517,1594,-77
108000137,306,578,-272
108000138,226,841,-615
108000139,254,519,-265
108000140,46,31,15
108000141,24,342,-318
108000142,67,314,-247
108000143,27,99,-72
108000144,26,27,-1
108000145,43,77,-34
108000146,40,23,17
108000147,76,101,-25
108000148,46,35,11
108000149,60,59,1
108000150,36,7,29
108000151,10,16,-6
108000152,100,1169,-1069
108000153,349,168,181
108000154,81,46,35
108000155,18,13,5
108000156,461,142,319
108000157,173,833,-660
108000158,96,678,-582
108000159,1041,266,775
108000160,8528,1178,7350
108000161,8874,2225,6649
108000165,5,162,-157
108000172,5,281,-276
108000173,4427,2069,2358
108000175,180,93,87
108000178,488,509,-21
108000179,272,818,-546
108000181,88,28,60
108000182,202,22,180
108000183,16,38,-22
108000184,1943,2264,-321
108000185,163,929,-766
108000186,121,107,14
108000187,71,1335,-1264
108000188,498,460,38
108000189,933,1033,-100
108000190,31,159,-128
108000192,143,1088,-945
108000193,1263,98,1165
108000194,15,21,-6
108000195,4,2207,-2203
108000196,157,179,-22
108000197,127,839,-712
108000198,518,482,36
108000199,0,111,-111
108000200,263,1429,-1166
108000202,1,179,-178
108000203,94,1429,-1335
108000204,103,39,64
108000205,522,998,-476
108000339,2050,432,1618
108000364,194,374,-180
108000365,42,640,-598
108000367,317,723,-406
108000368,6,75,-69
108000369,2447,160,2287
108000371,1,920,-919
108000372,473,4,469
108000373,118,213,-95
108000376,66,23,43
108000377,289,534,-245
108000378,10617,11102,-485
108000379,36,229,-193
108000381,53,20,33
108000382,38,0,38
108000383,0,49,-49
108900001,187,1663,-1476
108900002,312,124,188
108900003,510,1774,-1264
108900004,99,242,-143
108900005,91,191,-100
108900006,687,244,443
108900007,149,264,-115
108900008,91,211,-120
108900009,56,109,-53
108900010,134,208,-74
108900011,348,539,-191
108900012,307,702,-395
108900013,114,423,-309
108900014,4,123,-119
108900015,0,13,-13
108900016,2,299,-297
108900017,181,241,-60
108900018,113,903,-790
108900019,64,2210,-2146
108900020,44,491,-447
108900021,128,567,-439
108900022,104,4,100
108900023,1,33,-32
108900024,29,203,-174
108900025,66,187,-121
108900026,30,150,-120
108900027,0,118,-118
108900028,75,831,-756
108900029,47,241,-194
108900030,1,112,-111
108900031,73,968,-895
108900032,11,462,-451
108900033,0,257,-257
108900034,0,436,-436
108900035,306,2620,-2314
108900036,194,647,-453
108900037,59,819,-760
108900038,2,760,-758
108900039,2,835,-833
108900040,2,289,-287
108900041,8605,3267,5338
108900042,9,344,-335
108900043,72,747,-675
108900044,7,1301,-1294
108900045,28,1186,-1158
108900046,77,2078,-2001
108900047,0,79,-79
108900048,101,1754,-1653
108900049,9947,1481,8466
108900050,5,386,-381
108900051,1,373,-372
108900052,27,573,-546
108900053,124,198,-74
108900054,110,353,-243
108900055,88,841,-753
108900056,1,274,-273
108900057,4,339,-335
108900058,20,836,-816
108900059,386,38,348
108900060,82,228,-146
108900061,50,56,-6
108900062,8,579,-571
108900063,14,822,-808
108900064,115,88,27
108900065,14,702,-688
108900066,256,188,68
108900067,57,327,-270
108900068,0,204,-204
108900069,44,202,-158
108900070,36,302,-266
108900071,59,107,-48
108900072,4311,499,3812
108900073,20,136,-116
108900074,96,744,-648
108900075,68,100,-32
108900076,231,135,96
108900077,134,245,-111
108900078,13,322,-309
108900079,1413,419,994
108900080,55,793,-738
108900081,74,435,-361
108900082,19,136,-117
108900083,18,280,-262
108900084,440,275,165
108900085,3921,242,3679
108900086,66,515,-449
108900087,187,448,-261
108900088,981,381,600
108900089,29,225,-196
108900090,35,659,-624
108900091,173,256,-83
108900092,475,396,79
108900093,134,124,10
108900094,338,229,109
108900095,84,1255,-1171
108900096,612,64,548
108900097,503,292,211
108900098,5577,950,4627
108900099,323,489,-166
108900100,91,219,-128
108900101,215,110,105
108900102,145,998,-853
108900103,66,106,-40
108900104,236,769,-533
108900105,5,832,-827
108900106,281,837,-556
108900108,302,35,267
108900109,11,21,-10
108900110,159,924,-765
108900111,387,1213,-826
108900112,194,27,167
108900113,59,40,19
108900114,4,5,-1
108900115,130,140,-10
108900116,62,11,51
108900117,114,17,97
108900118,520,18,502
108900119,198,40,158
108900120,182,213,-31
108900121,341,84,257
108900122,107,61,46
108900123,185,96,89
108900124,321,184,137
108900125,308,2,306
108900126,162,22,140
108900127,159,28,131
108900128,108,22,86
108900129,825,159,666
108900130,255,5,250
108900131,314,4,310
108900132,314,95,219
108900133,245,58,187
108900134,320,321,-1
108900135,100,11,89
108900136,15,2,13
108900137,126,1,125
108900138,430,22,408
108900139,561,95,466
108900140,222,335,-113
108900141,296,10,286
108900142,52,1,51
108900143,28,0,28
108900144,79,0,79
108900145,140,9,131
108900146,77,0,77
108900147,145,1,144
108900148,54,60,-6
108900149,739,608,131
108900150,227,5,222
108900151,36,4,32
108900152,51,58,-7
108900153,112,793,-681
108900154,4192,555,3637
108900155,244,97,147
108900156,87,10,77
108900157,10,1201,-1191
108900158,297,46,251
108900159,5,611,-606
108900160,8,402,-394
108900161,21,772,-751
108900162,75,1,74
108900163,2,278,-276
108900164,75,132,-57
108900165,299,164,135
108900167,3293,4227,-934
108900168,14912,3091,11821
108900169,42,242,-200
108900171,15719,2898,12821
108900172,274,82,192
108900173,288,692,-404
108900174,645,592,53
108900176,193,981,-788
108900177,14499,4039,10460
108900178,9311,3694,5617
108900179,539,1296,-757
108900180,122,289,-167
108900182,45,331,-286
108900183,262,408,-146
108900184,460,379,81
108900185,53,505,-452
108900186,82,495,-413
108900187,286,99,187
108900188,345,74,271
108900189,265,225,40
108900190,89,6638,-6549
108900191,213,46,167
108900192,88,497,-409
108900193,132,33,99
108900194,13,469,-456
108900195,54,660,-606
108900196,79,1132,-1053
108900198,2,1186,-1184
108900199,239,458,-219
108900200,356,409,-53
108900201,568,1767,-1199
108900203,652,44,608
108900204,546,7,539
108900205,278,35,243
108900206,378,48,330
108900207,203,79,124
108900208,25,617,-592
108900209,272,1158,-886
108900210,215,404,-189
108900211,138,474,-336
108900212,1049,935,114
108900215,148,1145,-997
108900216,478,130,348
108900217,62,0,62
108900218,119,7,112
108900219,72,3,69
108900220,36,14,22
108900221,41,146,-105
108900222,220,16,204
108900223,9,129,-120
108900224,42,164,-122
108900225,1,222,-221
108900226,242,11,231
108900227,159,261,-102
108900230,871,490,381
108900231,92,449,-357
108900232,0,795,-795
108900233,523,73,450
108900234,402,98,304
108900235,348,1066,-718
108900236,57,650,-593
108900237,75,520,-445
108900240,129,158,-29
108900241,26,68,-42
108900245,10,1398,-1388
108900249,120,23,97
108900250,236,147,89
108900257,179,1264,-1085
108900258,12,396,-384
108900259,25,127,-102
108900260,11,190,-179
108900261,165,247,-82
108900262,383,188,195
108900263,47,419,-372
108900264,546,436,110
108900265,2314,481,1833
108900266,2045,580,1465
108900267,2,133,-131
108900268,8,8,0
108900269,52,10,42
108900270,73,4,69
108900271,16,4,12
108900272,167,8,159
108900273,1365,635,730
108900274,17,156,-139
109000001,4417,1345,3072
109000002,4695,1646,3049
109000003,2546,751,1795
109000004,739,3917,-3178
109000005,2299,1177,1122
109000006,839,3071,-2232
109000007,1548,1010,538
109000008,589,2914,-2325
109000009,3559,1569,1990
109000010,1698,6325,-4627
109000011,2959,1913,1046
109000012,1961,6492,-4531
109000013,3033,2732,301
109000014,1709,6561,-4852
109000015,3971,5654,-1683
109000016,17711,7070,10641
109000017,2177,1526,651
109000018,1005,5172,-4167
109000019,2564,1452,1112
109000020,1247,3288,-2041
109000023,262,28,234
109000024,4,206,-202
109000025,458,488,-30
109000026,1228,504,724
109000027,148,379,-231
109000028,120,145,-25
109000029,246,230,16
109000030,120,843,-723
109000031,163,129,34
109000032,167,858,-691
109000033,535,124,411
109000034,35,54,-19
109000035,13,51,-38
109000036,63,454,-391
109000037,204,1034,-830
109000038,595,615,-20
109000039,839,599,240
109000040,10903,5502,5401
109000041,9252,1640,7612
109000042,1480,1546,-66
109000044,311,78,233
109000045,75,612,-537
109000046,327,96,231
109000047,91,624,-533
109000048,839,220,619
109000049,265,806,-541
109000050,439,293,146
109000051,388,394,-6
109000052,550,3452,-2902
109000053,119,90,29
109000054,288,1492,-1204
109000055,156,302,-146
109000056,347,1191,-844
109000057,591,398,193
109000058,1291,455,836
109000059,864,1177,-313
109000060,726,268,458
109000061,2396,870,1526
109000062,158,320,-162
109000063,225,340,-115
109000064,152,271,-119
109000065,90,606,-516
109000066,335,261,74
109000067,69,634,-565
109000068,798,9,789
109000069,706,39,667
109000070,4,1228,-1224
109000071,464,114,350
109000072,112,459,-347
109000073,44,158,-114
109000074,17,316,-299
109000075,107,487,-380
109000076,96,172,-76
109000077,373,364,9
109000078,56,143,-87
109000079,128,381,-253
109000080,74,123,-49
109000081,92,875,-783
109000082,488,402,86
109000083,339,1260,-921
109000088,126,1066,-940
109000089,219,47,172
109000090,220,921,-701
109000091,229,182,47
109000092,463,1178,-715
109000093,217,261,-44
109000094,323,2,321
109000095,116,1201,-1085
109000096,739,258,481
109000097,81,170,-89
109000098,51,94,-43
109000099,730,659,71
109000100,217,677,-460
109000101,1194,1492,-298
109000102,335,1270,-935
109000103,406,974,-568
109000104,1119,1187,-68
109000105,505,2452,-1947
109000106,1860,1155,705
109000107,651,3724,-3073
109000108,1557,755,802
109000109,527,3537,-3010
109000110,1547,607,940
109000111,1234,3609,-2375
109000112,322,231,91
109000113,186,209,-23
109000114,209,421,-212
109000115,1477,77,1400
109000116,1,261,-260
109000117,113,149,-36
109000118,17,474,-457
109000119,801,639,162
109000120,129,2089,-1960
109000121,268,95,173
109000122,99,2065,-1966
109000123,23,127,-104
109000124,517,509,8
109000125,542,392,150
109000126,345,1422,-1077
109000127,617,235,382
109000128,634,4231,-3597
109000129,1837,903,934
109000130,738,4739,-4001
109000131,716,440,276
109000132,841,3298,-2457
109000133,388,1497,-1109
109000134,981,2092,-1111
109000135,1036,1810,-774
109000136,285,750,-465
109000137,260,497,-237
109000138,441,802,-361
109000139,488,606,-118
109000140,162,973,-811
109000141,377,708,-331
109000142,100,1037,-937
109000143,102,63,39
109000145,47,184,-137
109000146,58,142,-84
109000148,6681,1567,5114
109000149,15,37,-22
109000150,93,284,-191
109000155,648,721,-73
109000156,2101,1423,678
109000158,119,342,-223
109000159,160,1142,-982
109000160,914,354,560
109000161,339,2476,-2137
109000162,1663,1443,220
109000163,955,2958,-2003
109000164,1178,4021,-2843
109000165,1270,908,362
109000166,618,175,443
109000167,137,1693,-1556
109000170,55,76,-21
109000171,48,46,2
109000172,45,96,-51
109000173,10,69,-59
109000174,103,95,8
109000175,45,160,-115
109000176,216,431,-215
109000177,23,229,-206
109000178,237,143,94
109000179,13540,3937,9603
109000180,8570,3742,4828
109000181,11,63,-52
109000182,35,60,-25
109000183,26,102,-76
109000184,26,33,-7
109000185,16,145,-129
109000188,496,5205,-4709
109000189,1681,1382,299
109000190,705,722,-17
109000191,248,959,-711
109000192,295,315,-20
109000193,160,753,-593
109000194,190,173,17
109000195,77,839,-762
109000196,226,177,49
109000197,163,1028,-865
109000198,257,56,201
109000199,119,1008,-889
109000206,321,29,292
109000207,98,55,43
109000208,98,52,46
109000209,189,102,87
109000210,143,936,-793
109000211,120,208,-88
109000214,291,937,-646
109000215,120,84,36
109000216,332,171,161
109000217,156,100,56
109000218,177,150,27
109000221,530,2030,-1500
109000222,998,215,783
109000223,227,279,-52
109000224,59,446,-387
109000225,62,75,-13
109000226,54,477,-423
109000227,935,2874,-1939
109000228,3,487,-484
109000231,0,819,-819
109000232,209,723,-514
109000236,379,1101,-722
109000241,1942,3145,-1203
109000242,1594,2197,-603
109000293,6,36,-30
109000361,114,495,-381
109000364,182,993,-811
109000396,9,1409,-1400
109000397,411,12,399
109000399,135,1050,-915
109000400,59,378,-319
109000403,145,418,-273
109000406,185,6,179
109000407,285,414,-129
109000408,1,577,-576
109000410,822,186,636
109000411,48,20,28
109900001,76,0,76
109900002,613,16,597
109900003,194,1,193
109900004,864,517,347
109900005,15,2,13
109900006,253,580,-327
109900007,529,1497,-968
109900008,0,45,-45
109900009,165,1362,-1197
109900010,471,30,441
109900011,45,42,3
109900012,174,219,-45
109900013,380,192,188
109900014,351,67,284
109900015,466,199,267
109900016,139,95,44
109900017,165,189,-24
109900018,221,281,-60
109900019,134,173,-39
109900020,18,12,6
109900021,25,7,18
109900022,29,637,-608
109900023,12,7,5
109900024,31,3,28
109900025,16,194,-178
109900026,9,387,-378
109900027,41,12,29
109900028,5441,756,4685
109900029,6,1196,-1190
109900030,22,6,16
109900031,0,194,-194
109900032,9,470,-461
109900033,2,1095,-1093
109900034,9,0,9
109900035,18,29,-11
109900036,6,145,-139
109900037,46,1038,-992
109900038,51,374,-323
109900039,2,0,2
109900040,56,1150,-1094
109900041,57,837,-780
109900042,30,776,-746
109900044,84,521,-437
109900045,36,31,5
109900046,18,106,-88
109900047,413,475,-62
109900048,17,116,-99
109900049,11,33,-22
109900050,3,568,-565
109900051,0,49,-49
109900052,104,547,-443
109900053,4,1005,-1001
109900054,458,269,189
109900055,78,476,-398
109900056,23,139,-116
109900057,12,459,-447
109900058,2,244,-242
109900059,383,123,260
109900060,400,244,156
109900061,203,433,-230
109900062,2,570,-568
109900063,3,505,-502
109900064,497,565,-68
109900065,230,181,49
109900066,352,1869,-1517
109900067,5,775,-770
109900068,54,4,50
109900069,10,55,-45
109900070,84,360,-276
109900071,2,48,-46
109900072,32,203,-171
109900073,297,1442,-1145
109900074,21,48,-27
109900075,21,26,-5
109900076,22,544,-522
109900077,30,63,-33
109900078,109,523,-414
109900080,180,696,-516
109900081,27,182,-155
109900082,41,947,-906
109900083,18,81,-63
109900084,55,321,-266
109900085,240,2304,-2064
109900086,128,240,-112
109900087,330,684,-354
109900089,627,146,481
109900090,744,2566,-1822
109900091,190,116,74
109900092,311,17,294
109900093,655,198,457
109900094,58,156,-98
109900095,126,511,-385
109900096,27,7,20
109900097,78,3,75
109900098,314,17,297
109900099,106,0,106
109900100,89,1,88
109900101,269,6,263
109900102,401,16,385
109900103,15,71,-56
109900104,477,2051,-1574
109900105,576,45,531
109900106,292,103,189
109900107,301,115,186
109900108,121,871,-750
109900109,42,210,-168
109900110,64,1067,-1003
109900111,493,2895,-2402
109900112,632,1848,-1216
109900113,631,470,161
109900114,1248,839,409
109900115,114,123,-9
109900117,812,128,684
109900118,339,830,-491
109900119,712,495,217
109900120,42,11,31
109900121,390,379,11
109900122,283,1,282
109900123,14,316,-302
109900124,44,1455,-1411
109900125,4,467,-463
109900126,201,335,-134
109900128,226,76,150
109900130,23874,2354,21520
109900131,73,246,-173
109900132,49,297,-248
109900133,64,735,-671
109900134,51,77,-26
109900135,579,75,504
109900136,53,192,-139
109900137,87,714,-627
109900138,342,921,-579
109900140,159,723,-564
109900141,253,293,-40
109900142,928,349,579
109900145,6,263,-257
109900146,478,59,419
109900148,51,106,-55
109900149,52,69,-17
109900150,3,102,-99
109900151,2,76,-74
109900152,0,38,-38
109900153,0,74,-74
109900154,17,0,17
109900155,27,10,17
109900157,69,520,-451
109900158,122,178,-56
109900159,158,32,126
109900160,118,65,53
109900161,234,84,150
109900162,169,99,70
109900163,864,721,143
109900164,45,261,-216
109900165,264,21,243
109900166,4,273,-269
109900167,100,1042,-942
109900168,126,748,-622
109900169,154,175,-21
109900170,382,571,-189
109900171,186,127,59
109900172,207,223,-16
109900173,7298,2122,5176
109900174,61,300,-239
109900175,51,68,-17
109900176,101,367,-266
109900177,45,512,-467
109900178,6,179,-173
109900179,10,47,-37
109900180,7,14,-7
110000001,1000,862,138
110000002,740,654,86
110000003,1106,875,231
110000004,730,676,54
110000005,823,1447,-624
110000006,934,407,527
110000007,171,254,-83
110000008,15,39,-24
110000009,60,92,-32
110000010,35,61,-26
110000011,41,253,-212
110000012,1060,842,218
110000013,39,392,-353
110000014,693,514,179
110000015,333,460,-127
110000016,335,1059,-724
110000017,6283,321,5962
110000018,6813,799,6014
110000019,11,295,-284
110000020,1271,357,914
110000021,580,520,60
110000022,924,245,679
110000023,7,419,-412
110000024,688,607,81
110000025,222,2,220
110000026,14,1473,-1459
110000027,820,736,84
110000028,800,1024,-224
110000029,651,1985,-1334
110000030,222,411,-189
110000031,274,1258,-984
110000032,777,536,241
110000033,200,169,31
110000034,260,822,-562
110000035,538,1683,-1145
110000036,685,893,-208
110000037,184,1338,-1154
110000038,237,718,-481
110000039,671,2012,-1341
110000040,311,826,-515
110000041,298,1018,-720
110000042,63,489,-426
110000043,434,194,240
110000044,23,129,-106
110000045,530,90,440
110000046,5,11,-6
110000047,5,20,-15
110000048,2,15,-13
110000049,9,5,4
110000050,5,25,-20
110000051,15,11,4
110000052,18,22,-4
110000053,232,3,229
110000054,103,362,-259
110000055,232,27,205
110000056,137,34,103
110000057,343,1433,-1090
110000058,959,991,-32
110000059,879,694,185
110000060,515,1075,-560
110000061,926,1048,-122
110000062,831,932,-101
110000063,42,88,-46
110000064,70,275,-205
110000065,59,89,-30
110000066,59,56,3
110000067,74,895,-821
110000068,159,1318,-1159
110000069,159,131,28
110000071,76,209,-133
110000073,1,37,-36
110000075,13,107,-94
110000076,251,353,-102
110000077,653,931,-278
110000078,12,77,-65
110000080,257,903,-646
110000081,14,284,-270
110000082,18,380,-362
110000083,237,709,-472
110000084,751,810,-59
110000085,2866,1848,1018
110000086,1266,1691,-425
110000087,12,96,-84
110000088,39,308,-269
110000089,254,249,5
110000090,64,614,-550
110000091,3881,482,3399
110000092,27,191,-164
110000093,33,24,9
110000094,618,283,335
110000095,135,807,-672
110000096,6287,2032,4255
110000097,1170,1296,-126
110000098,1834,759,1075
110000099,972,2105,-1133
110000100,583,1566,-983
110000101,18,958,-940
110000102,39,19,20
110000104,135,89,46
110000105,51,391,-340
110000106,493,275,218
110000107,513,525,-12
110000108,216,56,160
110000109,309,444,-135
110000110,6038,5565,473
110000111,12701,2810,9891
110000112,1799,700,1099
110000113,801,1711,-910
110000114,63,629,-566
110000115,210,388,-178
110000116,28,52,-24
110000117,136,1180,-1044
110000118,385,539,-154
110000119,261,746,-485
110000120,298,327,-29
110000121,65,470,-405
110000122,339,861,-522
110000123,494,721,-227
110000124,5,1032,-1027
110000125,906,6,900
110000126,309,25,284
110000127,1018,65,953
110000128,38,2421,-2383
110000129,3,762,-759
110000130,153,166,-13
110000131,168,515,-347
110000132,3,912,-909
110000133,74,382,-308
110000134,32,382,-350
110000135,207,40,167
110000136,72,536,-464
110000137,475,1240,-765
110000138,821,1477,-656
110000139,777,3003,-2226
110000140,1196,657,539
110000143,963,539,424
110000144,5682,1796,3886
110000145,1634,1611,23
110000146,2571,2048,523
110000147,307,1052,-745
110000148,315,650,-335
110000151,784,710,74
110000152,652,400,252
110000153,64,86,-22
110000154,83,30,53
110000155,3736,3678,58
110000156,988,1991,-1003
110000157,1681,2459,-778
110000160,300,632,-332
110000161,149,933,-784
110000166,482,263,219
110000167,687,577,110
110000168,925,336,589
110000169,771,445,326
110000170,118,124,-6
110000171,598,209,389
110000172,191,1205,-1014
110000173,1783,1677,106
110000174,144,2671,-2527
110000175,497,96,401
110000176,43,318,-275
110000177,223,1009,-786
110000178,743,1102,-359
110000179,2457,550,1907
110000180,130,591,-461
110000181,299,643,-344
110000182,461,604,-143
110000183,21344,6415,14929
110000184,1638,2083,-445
110000185,952,856,96
110000186,897,728,169
110000191,452,468,-16
110000192,280,4,276
110000193,561,7,554
110000194,25,2082,-2057
110000195,263,707,-444
110000196,240,944,-704
110000197,62,426,-364
110000198,77,169,-92
110000199,60,155,-95
110000200,1858,881,977
110000201,614,811,-197
110000202,1336,636,700
110000203,1090,1500,-410
110000204,6,633,-627
110000205,112,93,19
110000206,1009,3164,-2155
110000207,647,415,232
110000208,148,101,47
110000209,204,1481,-1277
110000210,724,990,-266
110000211,467,1184,-717
110000212,487,1124,-637
110000213,132,59,73
110000214,151,101,50
110000215,129,1197,-1068
110000216,76,1322,-1246
110000217,297,363,-66
110000218,160,957,-797
110000219,289,93,196
110000220,20,844,-824
110000221,223,109,114
110000222,12,571,-559
110000223,0,125,-125
110000224,40,15,25
110000225,153,684,-531
110000226,244,119,125
110000227,946,543,403
110000228,489,347,142
110000229,1,352,-351
110000230,554,657,-103
110000231,174,203,-29
110000232,175,247,-72
110000233,128,489,-361
110000234,577,534,43
110000235,1341,1220,121
110000236,327,1300,-973
110000237,1339,1302,37
110000238,1028,1844,-816
110000239,1498,1848,-350
110000240,5,169,-164
110000242,0,11,-11
110000243,100,322,-222
110000244,108,668,-560
110000245,30,790,-760
110000246,656,1121,-465
110000247,1782,7259,-5477
110000248,3112,2391,721
110000249,62,4,58
110000250,16,447,-431
110000251,214,1028,-814
110000252,181,450,-269
110000253,1103,715,388
110000254,679,2530,-1851
110000255,257,2045,-1788
110000256,491,307,184
110000257,700,603,97
110000258,7,1138,-1131
110000259,86,33,53
110000260,27,833,-806
110000263,665,183,482
110000264,212,1189,-977
110000265,958,1762,-804
110000266,2202,2571,-369
110000267,21,366,-345
110000268,323,1209,-886
110000269,7,164,-157
110000270,49,4,45
110000271,3695,385,3310
110000272,1015,1279,-264
110000273,3548,1621,1927
110000274,279,1327,-1048
110000275,6128,660,5468
110000276,138,320,-182
110000277,221,887,-666
110000278,258,1514,-1256
110000279,731,884,-153
110000280,228,651,-423
110000281,15,316,-301
110000282,253,74,179
110000283,40,103,-63
110000284,32,74,-42
110000285,2,386,-384
110000286,24,0,24
110000287,41,2,39
110000288,0,174,-174
110000289,725,2285,-1560
110000290,1910,763,1147
110000291,11320,2004,9316
110000292,1521,4374,-2853
110000293,475,1677,-1202
110000294,923,1122,-199
110000295,327,1862,-1535
110000296,522,507,15
110000297,3154,400,2754
110000298,229,859,-630
110000299,495,50,445
110000301,242,21,221
110000302,205,2501,-2296
110000303,368,11,357
110000304,85,539,-454
110000305,884,21,863
110000306,129,3342,-3213
110000307,1215,24,1191
110000308,395,15,380
110000309,12,2381,-2369
110000310,521,119,402
110000311,34,1369,-1335
110000312,398,79,319
110000313,3679,3102,577
110000314,5,436,-431
110000315,5340,2422,2918
110000316,816,1360,-544
110000317,578,434,144
110000318,2,137,-135
110000319,5,34,-29
110000320,41,82,-41
110000321,5,63,-58
110000322,250,951,-701
110000323,310,298,12
110000324,8057,1325,6732
110000325,3262,2689,573
110000327,629,501,128
110000328,178,721,-543
110000333,587,568,19
110000334,690,2096,-1406
110000335,926,727,199
110000336,590,1943,-1353
110000337,1057,751,306
110000338,283,400,-117
110000339,151,364,-213
110000340,21,295,-274
110000341,334,824,-490
110000342,584,3,581
110000343,0,21,-21
110000344,33,336,-303
110000345,67,92,-25
110000346,3307,1682,1625
110000347,1055,853,202
110000348,7,41,-34
110000349,6,19,-13
110000350,66,14,52
110000351,701,1302,-601
110000352,589,1886,-1297
110000353,4907,980,3927
110000354,1425,2327,-902
110000355,95,126,-31
110000356,998,10,988
110000357,331,27,304
110000361,14,108,-94
110000362,49,377,-328
110000363,317,150,167
110000364,172,445,-273
110000365,166,2,164
110000366,2,127,-125
110000367,383,594,-211
110000368,2,117,-115
110000369,18,1,17
110000373,9,569,-560
110000374,60,12,48
110000375,245,1256,-1011
110000376,39,101,-62
110000377,61,474,-413
110000378,48,365,-317
110000379,6136,1325,4811
110000380,21,15,6
110000383,4,1197,-1193
110000384,1714,731,983
110000385,4,395,-391
110000387,81,5,76
110000388,37,335,-298
110000389,560,6,554
110000391,349,613,-264
110000396,130,196,-66
110000397,84,479,-395
110000398,4,51,-47
110000399,128,1,127
110000587,89,82,7
110000589,145,251,-106
110000640,103,154,-51
110000652,51,191,-140
110000653,209,694,-485
110000654,5,35,-30
110000656,3,980,-977
110000674,35,32,3
110000675,23,42,-19
110000676,10,100,-90
110000679,522,1047,-525
110000682,116,162,-46
110000683,367,644,-277
110000684,1,124,-123
110000685,7,18,-11
110000686,9,48,-39
110000687,34,6,28
110000688,40,792,-752
110000689,22,76,-54
110000692,111,566,-455
110000693,144,246,-102
110000694,1,233,-232
110000695,130,1166,-1036
110000696,266,383,-117
110900001,184,51,133
110900002,187,361,-174
110900003,559,1638,-1079
110900004,301,334,-33
110900005,9040,2124,6916
110900006,27,8,19
110900007,102,28,74
110900008,22,68,-46
110900009,464,67,397
110900010,13,151,-138
110900011,19,214,-195
110900012,14,194,-180
110900013,981,275,706
110900014,146,17,129
110900015,1880,609,1271
110900016,18,318,-300
110900017,327,93,234
110900018,392,60,332
110900019,89,32,57
110900020,92,1034,-942
110900021,87,1183,-1096
110900022,102,640,-538
110900023,127,1433,-1306
110900024,26,887,-861
110900025,4,94,-90
110900027,33,513,-480
110900028,51,389,-338
110900029,33,864,-831
110900030,32,815,-783
110900031,2,232,-230
110900032,1,194,-193
110900033,21,617,-596
110900035,42,716,-674
110900036,123,25,98
110900037,49,32,17
110900038,2846,362,2484
110900039,15,368,-353
110900040,260,65,195
110900041,30,286,-256
110900042,97,96,1
110900043,6,311,-305
110900044,319,54,265
110900045,87,1155,-1068
110900046,262,497,-235
110900047,1515,227,1288
110900049,96,67,29
110900050,5,3,2
110900051,20,324,-304
110900052,11,382,-371
110900053,107,104,3
110900054,30,557,-527
110900055,13,1,12
110900056,34,167,-133
110900057,7,394,-387
110900058,167,467,-300
110900059,884,1583,-699
110900060,504,157,347
110900061,32,73,-41
110900062,90,523,-433
110900063,54,166,-112
110900064,5,0,5
110900065,378,120,258
110900066,21,109,-88
110900067,1018,789,229
110900068,247,496,-249
110900069,2,63,-61
110900070,184,66,118
110900071,398,466,-68
110900073,0,44,-44
110900074,324,161,163
110900075,381,135,246
110900077,570,656,-86
110900078,26,238,-212
110900079,2641,844,1797
110900080,74,94,-20
110900081,5,180,-175
110900082,90,495,-405
110900083,107,40,67
110900084,45,394,-349
110900085,92,868,-776
110900086,81,323,-242
110900087,253,72,181
110900088,8,2,6
110900090,38,32,6
110900091,5,84,-79
110900093,340,72,268
110900095,45,69,-24
110900097,21,22,-1
110900098,35,235,-200
110900099,84,1293,-1209
110900100,0,46,-46
110900102,51,24,27
110900105,1446,778,668
110900108,5,309,-304
110900111,428,122,306
110900112,651,6,645
110900113,707,52,655
110900115,5,175,-170
110900116,395,4871,-4476
110900118,140,2344,-2204
110900119,9156,397,8759
110900120,20,241,-221
110900121,93,1,92
110900122,341,222,119
110900125,289,313,-24
110900127,452,1093,-641
110900128,131,225,-94
110900129,499,577,-78
110900130,1651,369,1282
110900131,162,59,103
110900132,319,75,244
110900133,63,451,-388
110900135,112,1125,-1013
110900136,306,7,299
110900137,56,3,53
110900138,599,451,148
110900139,11,51,-40
110900140,31,5,26
110900141,3,92,-89
110900142,81,438,-357
110900143,134,85,49
110900144,4,1133,-1129
110900145,115,20,95
110900146,367,105,262
110900147,330,344,-14
110900148,1,444,-443
110900149,2,150,-148
110900150,28,41,-13
110900151,4,142,-138
110900152,15,605,-590
110900153,52,52,0
111000001,260,199,61
111000002,395,728,-333
111000003,953,865,88
111000004,768,1550,-782
111000005,1507,1382,125
111000006,1307,2534,-1227
111000007,8071,3475,4596
111000008,5980,4673,1307
111000009,355,1201,-846
111000010,822,341,481
111000011,313,933,-620
111000012,304,449,-145
111000013,364,1177,-813
111000014,605,701,-96
111000017,143,748,-605
111000018,269,465,-196
111000020,4153,3180,973
111000021,125,190,-65
111000023,138,230,-92
111000025,12132,3092,9040
111000029,45,104,-59
111000030,26,111,-85
111000031,2607,1051,1556
111000032,634,299,335
111000033,357,221,136
111000034,691,184,507
111000037,5964,1922,4042
111000038,3727,4238,-511
111000039,1714,4285,-2571
111000040,1900,4396,-2496
111000041,2103,2970,-867
111000042,10855,3797,7058
111000043,3205,2544,661
111000044,1472,1223,249
111000045,1872,2741,-869
111000046,1288,1843,-555
111000047,1821,2813,-992
111000049,347,862,-515
111000050,2861,2328,533
111000051,531,1725,-1194
111000052,768,2069,-1301
111000053,445,1896,-1451
111000054,276,2042,-1766
111000055,1752,3232,-1480
111000056,91,1262,-1171
111000057,86,1621,-1535
111000058,204,178,26
111000059,273,405,-132
111000060,2884,681,2203
111000061,458,341,117
111000062,682,288,394
111000063,1720,1228,492
111000064,436,781,-345
111000065,1024,927,97
111000066,285,344,-59
111000067,568,943,-375
111000068,384,939,-555
111000069,1862,2407,-545
111000070,2290,1218,1072
111000071,140,967,-827
111000072,587,281,306
111000073,234,500,-266
111000074,1416,2001,-585
111000075,801,1558,-757
111000076,487,1430,-943
111000077,1253,1893,-640
111000078,2338,1663,675
111000079,1607,969,638
111000080,414,858,-444
111000081,3076,3792,-716
111000082,570,932,-362
111000084,570,714,-144
111000085,987,1926,-939
111000086,4530,1554,2976
111000087,708,1095,-387
111000088,12092,2632,9460
111000089,736,1050,-314
111000090,1479,1853,-374
111000091,779,1031,-252
111000092,1229,1574,-345
111000093,526,985,-459
111000094,1836,1069,767
111000095,960,2508,-1548
111000096,3935,8160,-4225
111000097,9809,1375,8434
111000098,780,2057,-1277
111000099,618,4062,-3444
111000100,438,3938,-3500
111000101,467,1414,-947
111000102,145,1500,-1355
111000104,344,311,33
111000107,60,1624,-1564
111000109,366,307,59
111000110,813,741,72
111000111,1437,617,820
111000112,1400,508,892
111000113,683,908,-225
111000114,1321,2267,-946
111000115,11659,1383,10276
111000116,983,1392,-409
111000117,538,1244,-706
111000118,1595,1431,164
111000119,893,2616,-1723
111000120,354,776,-422
111000121,194,673,-479
111000122,646,1397,-751
111000123,1174,5670,-4496
111000124,670,5957,-5287
111000125,235,3263,-3028
111000126,105,1569,-1464
111000127,666,193,473
111000128,1242,390,852
111000129,2056,455,1601
111000130,1675,846,829
111000131,1185,708,477
111000132,931,521,410
111000133,133,218,-85
111000134,109,193,-84
111000135,60,130,-70
111000136,308,330,-22
111000138,3,16,-13
111000140,1,4,-3
111000141,237,578,-341
111000142,9,144,-135
111000143,4,117,-113
111000144,11,116,-105
111000145,285,3,282
111000146,44,4,40
111000147,174,22,152
111000148,159,172,-13
111000149,4,64,-60
111000150,7,14,-7
111000151,1,21,-20
111000153,676,866,-190
111000154,868,267,601
111000155,101,218,-117
111000156,489,534,-45
111000157,163,754,-591
111000158,1020,680,340
111000159,3717,855,2862
111000160,212,564,-352
111000161,5,380,-375
111000162,7,264,-257
111000163,465,1010,-545
111000164,990,2873,-1883
111000165,1788,636,1152
111000166,2221,584,1637
111000167,187,736,-549
111000168,222,683,-461
111000169,299,753,-454
111000170,514,493,21
111000171,378,1410,-1032
111000172,128,732,-604
111000173,204,1702,-1498
111000174,154,1358,-1204
111000175,66,419,-353
111000176,213,248,-35
111000177,186,377,-191
111000178,562,367,195
111000179,127,236,-109
111000180,176,382,-206
111000181,820,486,334
111000182,122,282,-160
111000183,300,374,-74
111000184,386,278,108
111000185,370,641,-271
111000186,261,382,-121
111000187,137,438,-301
111000188,171,659,-488
111000189,2416,593,1823
111000190,235,768,-533
111000191,171,728,-557
111000192,309,885,-576
111000193,616,572,44
111000194,33,622,-589
111000195,61,702,-641
111000196,55,451,-396
111000197,238,226,12
111000198,355,135,220
111000199,126,213,-87
111000200,197,361,-164
111000201,419,313,106
111000202,135,273,-138
111000203,262,253,9
111000204,247,559,-312
111000213,219,463,-244
111000214,1726,2583,-857
111000215,872,1824,-952
111000217,1207,1525,-318
111000218,987,1427,-440
111000219,409,313,96
111000220,5389,805,4584
111000221,936,378,558
111000224,4,286,-282
111000225,204,28,176
111000226,256,2,254
111000227,57,4,53
111000228,18,284,-266
111000229,46,544,-498
111000230,376,1098,-722
111000231,852,2484,-1632
111000232,376,1095,-719
111000233,406,956,-550
111000234,145,419,-274
111000239,146,374,-228
111000240,50,206,-156
111000241,44,626,-582
111000242,104,137,-33
111000243,134,1294,-1160
111000244,320,209,111
111000245,615,1034,-419
111000246,322,958,-636
111000247,176,1569,-1393
111000248,553,748,-195
111000249,464,1247,-783
111000250,31,317,-286
111000251,104,305,-201
111000253,10,36,-26
111000255,11,8,3
111000257,33,23,10
111000260,75,2004,-1929
111000261,793,99,694
111000271,46,378,-332
111000273,12909,2139,10770
111000274,1462,2052,-590
111000275,99,74,25
111000276,391,4027,-3636
111000277,199,700,-501
111000278,602,372,230
111000291,487,3792,-3305
111000298,599,408,191
111000299,563,173,390
111000300,149,1013,-864
111000302,246,135,111
111000303,59,460,-401
111000312,33,98,-65
111000315,1,20,-19
111000320,497,1074,-577
111000321,275,84,191
111000322,309,842,-533
111000323,155,24,131
111000324,423,472,-49
111000325,26,69,-43
111000326,98,404,-306
111000327,352,804,-452
111000328,172,429,-257
111000329,0,18,-18
111000330,32,26,6
111000331,3,20,-17
111000332,421,2013,-1592
111000334,481,2402,-1921
111000335,492,219,273
111000337,673,634,39
111000338,43,247,-204
111000339,318,1294,-976
111000340,94,1574,-1480
111000341,784,409,375
111000342,112,324,-212
111000344,939,1249,-310
111000345,167,56,111
111000346,20,138,-118
111000347,97,4,93
111000350,122,176,-54
111000351,84,208,-124
111000352,125,318,-193
111000353,158,345,-187
111000354,419,356,63
111000355,205,1303,-1098
111000358,191,3504,-3313
111000360,164,1738,-1574
111000361,143,740,-597
111000546,430,1272,-842
111000547,254,1642,-1388
111000548,109,283,-174
111000549,303,1003,-700
111000550,70,476,-406
111000551,787,373,414
111000552,667,62,605
111000907,401,32,369
111000908,7,1,6
111000916,911,355,556
111000917,36,539,-503
111000918,147,2133,-1986
111000920,243,7,236
111000921,0,422,-422
111000922,282,452,-170
111000924,44,1968,-1924
111000925,1474,2298,-824
111000926,938,3377,-2439
111000927,2950,4920,-1970
111000928,7634,5379,2255
111000929,928,1213,-285
111000930,796,3657,-2861
111000931,1859,2225,-366
111000932,5423,3269,2154
111000933,3311,2011,1300
111000934,2689,3930,-1241
111000935,965,1035,-70
111000936,985,2967,-1982
111000937,515,1315,-800
111000938,2208,2735,-527
111000939,266,45,221
111000940,236,283,-47
111000941,238,1258,-1020
111000943,204,267,-63
111000944,95,957,-862
111000945,60,3988,-3928
111001109,433,213,220
111001110,235,751,-516
111001111,32,9,23
111001112,108,26,82
111001113,4,140,-136
111001114,1691,80,1611
111001115,31,580,-549
111001116,8201,2545,5656
111001117,961,1103,-142
111001120,114,640,-526
111001121,121,522,-401
111001122,45,562,-517
111900001,5,246,-241
111900002,20,1581,-1561
111900003,6,959,-953
111900004,42,338,-296
111900006,9,17,-8
111900007,73,4,69
111900008,90,2,88
111900009,165,354,-189
111900010,332,941,-609
111900012,93,235,-142
111900013,1,152,-151
111900014,13124,3085,10039
111900015,0,130,-130
111900016,1,287,-286
111900017,0,326,-326
111900018,138,3,135
111900019,4,201,-197
111900020,9,74,-65
111900021,38,163,-125
111900022,20,101,-81
111900023,288,93,195
111900024,0,127,-127
111900025,0,72,-72
111900026,1,172,-171
111900027,4,313,-309
111900028,1,704,-703
111900029,8,238,-230
111900030,133,729,-596
111900031,8,65,-57
111900032,4,712,-708
111900033,9,201,-192
111900034,267,668,-401
111900035,37,408,-371
111900036,3,652,-649
111900038,499,953,-454
111900039,70,887,-817
111900040,9,1129,-1120
111900042,107,216,-109
111900043,3,863,-860
111900044,333,534,-201
111900046,42,512,-470
111900048,179,1612,-1433
111900049,35,530,-495
111900050,74,15,59
111900051,1,378,-377
111900052,498,939,-441
111900053,2074,749,1325
111900054,114,0,114
111900055,52,1154,-1102
111900056,307,174,133
111900057,49,40,9
111900058,271,1537,-1266
111900059,4508,361,4147
111900060,254,0,254
111900061,16,572,-556
111900062,23,31,-8
111900063,121,422,-301
111900064,132,634,-502
111900065,67,24,43
111900066,141,197,-56
111900067,2,630,-628
111900068,62,39,23
111900069,32,29,3
111900070,127,200,-73
111900071,2,612,-610
111900072,41,12,29
111900073,471,121,350
111900074,19,478,-459
111900075,48,15,33
111900076,149,43,106
111900077,28,6,22
111900078,248,8,240
111900079,34,28,6
111900080,243,201,42
111900081,1684,167,1517
111900082,98,16,82
111900083,68,7,61
111900084,56,3,53
111900085,24,95,-71
111900086,22,4,18
111900087,26,1,25
111900088,393,5,388
111900089,72,2,70
111900090,57,41,16
111900091,125,5,120
111900092,31,0,31
111900093,326,3,323
111900094,78,2,76
111900095,141,12,129
111900096,137,2,135
111900097,21,0,21
111900098,104,1,103
111900099,52,0,52
111900100,66,2,64
111900101,71,10,61
111900102,288,1580,-1292
111900103,92,74,18
111900104,116,93,23
111900105,375,282,93
111900106,3325,117,3208
111900107,96,239,-143
111900108,157,88,69
111900109,913,212,701
111900110,5005,369,4636
111900111,62,367,-305
111900112,1644,1741,-97
111900113,383,48,335
111900114,333,224,109
111900115,26,60,-34
111900118,140,71,69
111900119,251,140,111
111900122,68,39,29
111900123,12,32,-20
111900124,48,212,-164
111900125,359,22,337
111900126,211,3,208
111900127,4,1243,-1239
111900128,4,1185,-1181
111900129,215,3,212
111900130,228,22,206
111900131,287,2,285
111900132,47,2896,-2849
111900133,8,873,-865
111900134,13,524,-511
111900135,14,28,-14
111900136,78,137,-59
111900137,68,105,-37
111900138,23,228,-205
111900139,42,388,-346
111900140,53,33,20
111900141,68,19,49
111900142,82,40,42
111900143,21,477,-456
111900144,3,235,-232
111900145,2,1157,-1155
111900146,2,627,-625
111900147,316,927,-611
111900148,49,1724,-1675
111900149,8,721,-713
111900150,17,327,-310
111900151,4,47,-43
111900152,103,106,-3
111900153,2849,334,2515
111900154,6,189,-183
111900155,94,50,44
111900156,52,58,-6
111900157,46,11,35
111900158,381,29,352
111900159,263,14,249
111900160,143,0,143
111900161,88,4,84
111900162,118,175,-57
111900163,81,492,-411
111900164,54,82,-28
111901113,285,493,-208
111901114,159,728,-569
111901115,66,1,65
111901116,69,2,67
111901117,23,32,-9
111901118,240,194,46
111901119,3160,273,2887
111901120,157,627,-470
111901121,279,912,-633
111901122,5,1165,-1160
111901123,124,716,-592
111901124,133,3,130
111901125,244,13,231
111901126,86,46,40
111901127,2232,597,1635
111901128,19,279,-260
111901129,3,501,-498
111901130,13,730,-717
111901131,5,399,-394
111901132,64,9,55
111901133,62,5,57
111901134,60,1,59
111901135,7,11,-4
111901136,27,36,-9
111901137,1,23,-22
111901138,110,57,53
111901139,26,60,-34
111901140,6,298,-292
111901141,10,681,-671
111901142,4,381,-377
111901143,5,170,-165
111901144,17,40,-23
112000001,1936,1296,640
112000002,787,3612,-2825
112000003,719,1584,-865
112000004,859,2754,-1895
112000005,2516,2447,69
112000006,2101,3382,-1281
112000007,2106,1666,440
112000008,2462,4388,-1926
112000009,5161,5556,-395
112000010,2487,3134,-647
112000011,2190,3759,-1569
112000012,5324,3026,2298
112000013,6508,4505,2003
112000014,3126,1167,1959
112000015,3740,3845,-105
112000016,4780,1045,3735
112000017,2242,2212,30
112000024,3165,1234,1931
112000026,6480,7841,-1361
112000027,1283,592,691
112000028,2332,2653,-321
112000029,445,695,-250
112000030,225,159,66
112000031,1758,4084,-2326
112000032,561,77,484
112000033,2140,1518,622
112000034,275,62,213
112000035,74,397,-323
112000036,850,1062,-212
112000037,1088,1121,-33
112000038,1235,1120,115
112000039,43,93,-50
112000040,183,329,-146
112000041,493,691,-198
112000042,1628,414,1214
112000050,967,1887,-920
112000051,908,1099,-191
112000054,2209,3758,-1549
112000057,745,482,263
112000058,409,896,-487
112000059,842,723,119
112000061,6021,2719,3302
112000062,3097,1125,1972
112000063,2521,1542,979
112000064,6126,8855,-2729
112000065,2760,4347,-1587
112000066,3892,1175,2717
112000067,1018,1040,-22
112000068,2536,1763,773
112000069,795,3477,-2682
112000070,2002,771,1231
112000071,899,4423,-3524
112000072,1528,1243,285
112000073,1330,2521,-1191
112000074,1037,1332,-295
112000075,1224,1508,-284
112000076,3663,3866,-203
112000077,425,1025,-600
112000078,1230,897,333
112000079,1339,1853,-514
112000080,572,1182,-610
112000081,1462,2921,-1459
112000082,1405,895,510
112000083,532,2150,-1618
112000084,1199,887,312
112000085,867,1947,-1080
112000086,1341,2087,-746
112000087,249,684,-435
112000088,441,1035,-594
112000089,211,320,-109
112000090,119,496,-377
112000091,630,1777,-1147
112000092,1491,1153,338
112000093,1908,1576,332
112000094,560,1093,-533
112000095,564,1252,-688
112000096,365,951,-586
112000097,845,678,167
112000098,1303,2901,-1598
112000099,742,868,-126
112000100,1310,1640,-330
112000101,444,1598,-1154
112000102,781,1020,-239
112000103,387,2169,-1782
112000105,595,3266,-2671
112000106,1114,582,532
112000107,21,228,-207
112000108,167,2413,-2246
112000109,65,87,-22
112000110,929,464,465
112000111,1442,6268,-4826
112000112,3073,843,2230
112000113,1085,2989,-1904
112000114,2001,1604,397
112000115,231,862,-631
112000116,753,1705,-952
112000117,1014,1270,-256
112000118,1187,1296,-109
112000119,438,1586,-1148
112000120,52,746,-694
112000121,96,1261,-1165
112000122,194,247,-53
112000123,442,191,251
112000124,217,99,118
112000125,76,205,-129
112000126,168,1454,-1286
112000127,2789,1854,935
112000128,1391,1025,366
112000129,72,172,-100
112000130,121,58,63
112000131,34,647,-613
112000132,87,480,-393
112000133,292,661,-369
112000134,393,595,-202
112000135,668,1062,-394
112000136,1058,1589,-531
112000137,897,2245,-1348
112000138,1223,1592,-369
112000139,1063,265,798
112000140,994,1674,-680
112000141,657,283,374
112000142,180,1322,-1142
112000143,838,228,610
112000144,334,2513,-2179
112000145,1722,864,858
112000146,690,3588,-2898
112000147,1403,2168,-765
112000148,1742,3375,-1633
112000149,275,1184,-909
112000150,125,953,-828
112000151,306,1247,-941
112000152,255,479,-224
112000153,221,476,-255
112000154,142,142,0
112000155,149,186,-37
112000157,878,567,311
112000158,221,1740,-1519
112000159,352,496,-144
112000167,290,51,239
112000169,550,448,102
112000173,497,350,147
112000175,361,672,-311
112000176,5388,2883,2505
112000177,563,167,396
112000178,92,1063,-971
112000179,213,267,-54
112000180,240,370,-130
112000181,1475,3243,-1768
112000182,760,3642,-2882
112000183,64,71,-7
112000184,262,1219,-957
112000185,369,803,-434
112000187,5604,3730,1874
112000195,151,28,123
112000196,315,5,310
112000197,222,201,21
112000198,37,687,-650
112000199,255,1090,-835
112000202,254,0,254
112000216,65,292,-227
112000230,63,10,53
112000231,5,591,-586
112000256,48,195,-147
112000313,294,211,83
112000314,35,20,15
112000337,189,882,-693
112000352,394,277,117
112000392,3097,2300,797
112000398,895,953,-58
112000399,4529,1915,2614
112000400,2678,5433,-2755
112000401,2669,3977,-1308
112000402,1817,2454,-637
112000403,2760,1997,763
112000404,468,843,-375
112000405,1583,2837,-1254
112000406,4346,4439,-93
112000407,4375,7440,-3065
112000408,12506,9945,2561
112000409,1993,6830,-4837
112000410,367,168,199
112000411,9140,1035,8105
112000412,2007,540,1467
112000413,16714,3753,12961
112000414,92,171,-79
112000415,72,91,-19
112000416,1678,1444,234
112000417,189,71,118
112000421,32,314,-282
112000422,327,1190,-863
112000424,4401,2043,2358
112000425,526,1746,-1220
112000426,102,340,-238
112000427,0,20,-20
112000428,114,906,-792
112000429,2529,3759,-1230
112000430,2891,3571,-680
112000431,41,148,-107
112000432,790,3685,-2895
112000433,544,1119,-575
112000437,69,436,-367
112900001,46,2,44
112900002,200,2014,-1814
112900003,27,551,-524
112900004,33,534,-501
112900005,109,307,-198
112900006,3,924,-921
112900007,34,332,-298
112900008,2,23,-21
112900009,500,78,422
112900010,219,1137,-918
112900011,460,406,54
112900012,0,60,-60
112900013,0,491,-491
112900014,2,460,-458
112900015,490,1646,-1156
112900016,3,502,-499
112900017,53,428,-375
112900018,2,498,-496
112900019,91,218,-127
112900020,754,2689,-1935
112900021,15,568,-553
112900022,16,147,-131
112900023,2,511,-509
112900024,29,487,-458
112900025,172,563,-391
112900026,12,536,-524
112900027,16,1983,-1967
112900028,13,230,-217
112900029,9,1050,-1041
112900030,259,335,-76
112900031,8,942,-934
112900032,154,400,-246
112900034,1,91,-90
112900035,11,706,-695
112900036,36,220,-184
112900037,111,161,-50
112900038,460,212,248
112900039,22,516,-494
112900040,4,577,-573
112900041,2163,1287,876
112900042,38,1024,-986
112900043,20,85,-65
112900044,1325,672,653
112900045,699,548,151
112900046,389,149,240
112900047,25,29,-4
112900049,84,100,-16
112900050,84,1117,-1033
112900051,398,1588,-1190
112900052,10,2130,-2120
112900053,451,214,237
112900054,376,30,346
112900055,200,34,166
112900056,374,174,200
112900057,8,1310,-1302
112900058,314,231,83
112900059,159,247,-88
112900060,22,591,-569
112900061,66,259,-193
112900062,34,267,-233
112900063,97,5,92
112900064,282,341,-59
112900065,62,23,39
112900066,257,187,70
112900067,807,241,566
112900068,18,16,2
112900069,4014,654,3360
112900071,30,0,30
112900072,558,1135,-577
112900073,244,69,175
112900074,57,167,-110
112900075,3324,702,2622
112900076,138,16,122
112900078,244,334,-90
112900079,226,9,217
112900080,11,2,9
112900081,43,141,-98
112900082,312,20,292
112900083,139,40,99
112900084,117,107,10
112900085,0,5,-5
112900086,32,1,31
112900087,498,104,394
112900088,125,7,118
112900089,861,19,842
112900090,20,22,-2
112900091,117,2,115
112900092,141,186,-45
112900093,1009,16,993
112900094,33,4,29
112900095,16,0,16
112900096,360,110,250
112900097,78,918,-840
112900098,80,1,79
112900099,568,31,537
112900100,57,0,57
112900101,234,1,233
112900102,86,8,78
112900103,168,1,167
112900104,18,1,17
112900105,6,0,6
112900106,378,123,255
112900107,10,0,10
112900108,29,0,29
112900109,63,1,62
112900110,683,7,676
112900111,388,0,388
112900112,262,1,261
112900113,2,15,-13
112900114,62,28,34
112900115,632,1,631
112900116,43,30,13
112900117,130,182,-52
112900118,63,149,-86
112900119,98,1,97
112900120,1050,314,736
112900121,560,266,294
112900122,30,237,-207
112900123,177,17,160
112900124,4,283,-279
112900125,78,686,-608
112900126,192,318,-126
112900127,318,44,274
112900128,623,1213,-590
112900129,6,1610,-1604
112900130,162,74,88
112900131,62,314,-252
112900132,64,645,-581
112900133,29,1883,-1854
112900134,1,552,-551
112900135,60,64,-4
112900136,0,84,-84
112900137,9,1206,-1197
112900138,9,785,-776
112900139,306,2604,-2298
112900140,0,106,-106
112900141,521,64,457
112900142,92,144,-52
112900143,70,1111,-1041
112900144,1,528,-527
112900145,41,957,-916
112900146,19,2473,-2454
112900147,16,3893,-3877
112900148,31,0,31
112900149,195,655,-460
112900151,17,28,-11
112900152,7079,1321,5758
112900153,2351,1585,766
112900154,0,70,-70
112900155,199,12,187
112900156,279,2827,-2548
112900157,120,1,119
112900158,23,23,0
112900159,255,69,186
112900160,48,453,-405
112900161,79,25,54
112900162,54,13,41
112900163,180,23,157
112900164,20,130,-110
112900165,85,85,0
112900166,17,31,-14
112900167,10,32,-22
112900168,2,3,-1
112900169,9,10,-1
112900170,30,150,-120
112900172,83,3,80
112900173,357,166,191
112900174,271,39,232
112900175,256,181,75
112900176,9,10,-1
112900177,169,35,134
112900178,706,1720,-1014
112900179,34,775,-741
112900180,1365,2894,-1529
112900181,358,5,353
112900182,38,2285,-2247
112900183,184,301,-117
112900184,638,446,192
112900185,430,653,-223
112900186,2145,933,1212
112900187,131,372,-241
112900188,1029,565,464
112900189,28,54,-26
112900190,0,101,-101
112900192,620,521,99
112900193,1579,358,1221
112900194,20,207,-187
112900195,567,53,514
112900196,371,1020,-649
112900197,199,654,-455
112900199,404,1262,-858
112900200,381,618,-237
112900201,60,141,-81
112900202,247,1642,-1395
112900203,178,644,-466
112900204,1418,606,812
112900205,1,3,-2
112900206,5,66,-61
112900207,3,0,3
112900208,61,182,-121
112900209,577,700,-123
112900210,0,22,-22
112900211,77,36,41
112900212,1,58,-57
112900213,10,9,1
112900214,35,4,31
112900215,14,400,-386
112900216,38,104,-66
112900217,7,94,-87
112900218,23,22,1
112900219,33,67,-34
112900220,2,0,2
112900221,10,325,-315
112900222,3,39,-36
112900223,899,18,881
112900224,190,1647,-1457
112900225,373,1062,-689
112900226,338,424,-86
112900227,310,2027,-1717
112900228,26,33,-7
112900229,125,95,30
112900230,12572,4600,7972
112900232,231,273,-42
112900233,58,444,-386
112900234,3,181,-178
112900235,116,24,92
112900236,206,24,182
112900237,107,609,-502
112900238,3,53,-50
113000001,5943,8844,-2901
113000002,3937,5574,-1637
113000003,2449,3487,-1038
113000004,2334,3650,-1316
113000005,1538,2032,-494
113000006,1369,1990,-621
113000007,1690,2208,-518
113000008,1932,2690,-758
113000009,936,1244,-308
113000010,1170,2431,-1261
113000011,1086,2097,-1011
113000012,1207,1247,-40
113000013,1115,713,402
113000014,1925,1645,280
113000015,674,251,423
113000016,342,546,-204
113000017,74,338,-264
113000018,279,70,209
113000019,152,360,-208
113000020,105,30,75
113000021,2082,654,1428
113000022,717,2010,-1293
113000025,58,398,-340
113000026,384,685,-301
113000027,1850,549,1301
113000028,2493,760,1733
113000029,1307,882,425
113000030,780,756,24
113000031,324,379,-55
113000032,380,422,-42
113000033,378,608,-230
113000034,551,649,-98
113000035,37,79,-42
113000036,20,77,-57
113000037,115,55,60
113000038,21,71,-50
113000039,86,902,-816
113000040,45,94,-49
113000042,1139,876,263
113000051,932,3221,-2289
113000052,3180,1970,1210
113000053,297,1005,-708
113000054,262,1425,-1163
113000055,1019,1597,-578
113000056,915,1992,-1077
113000058,945,1089,-144
113000059,1631,980,651
113000060,160,690,-530
113000061,823,1226,-403
113000062,1928,392,1536
113000063,108,502,-394
113000064,47,786,-739
113000065,197,2077,-1880
113000066,539,143,396
113000067,1699,2049,-350
113000068,417,3444,-3027
113000069,663,2380,-1717
113000070,1754,1498,256
113000071,328,1080,-752
113000072,680,686,-6
113000073,915,2526,-1611
113000074,1183,553,630
113000075,2442,940,1502
113000076,1700,2810,-1110
113000077,1723,676,1047
113000078,1033,3178,-2145
113000079,786,1086,-300
113000080,627,614,13
113000081,874,1148,-274
113000082,1602,996,606
113000083,648,1115,-467
113000084,2131,1617,514
113000085,1012,817,195
113000086,1291,1917,-626
113000087,1087,968,119
113000088,3126,1771,1355
113000089,1056,1764,-708
113000090,252,628,-376
113000091,998,471,527
113000094,1276,257,1019
113000095,281,1953,-1672
113000096,171,1543,-1372
113000097,1332,444,888
113000098,172,65,107
113000099,1379,429,950
113000100,184,696,-512
113000101,563,967,-404
113000102,591,377,214
113000103,3369,815,2554
113000104,422,3964,-3542
113000105,799,669,130
113000106,551,851,-300
113000107,734,1316,-582
113000108,1032,1969,-937
113000109,715,6553,-5838
113000110,1801,625,1176
113000111,260,1134,-874
113000112,258,370,-112
113000113,2157,304,1853
113000114,420,2498,-2078
113000116,868,319,549
113000117,1586,165,1421
113000118,220,505,-285
113000119,272,678,-406
113000120,54,266,-212
113000121,669,1503,-834
113000124,207,148,59
113000125,59,701,-642
113000127,5814,928,4886
113000128,852,873,-21
113000129,630,2390,-1760
113000133,7152,2147,5005
113000134,7,1393,-1386
113000135,3668,4058,-390
113000137,2703,3491,-788
113000139,433,218,215
113000140,198,425,-227
113000141,415,193,222
113000142,707,1526,-819
113000143,313,266,47
113000144,399,1054,-655
113000145,89,208,-119
113000146,189,146,43
113000147,215,370,-155
113000148,119,296,-177
113000149,76,308,-232
113000150,638,865,-227
113000151,116,165,-49
113000152,23,201,-178
113000153,2645,824,1821
113000154,913,2420,-1507
113000155,362,636,-274
113000156,174,617,-443
113000157,285,1504,-1219
113000158,667,323,344
113000159,934,747,187
113000160,595,1923,-1328
113000161,271,1039,-768
113000162,700,599,101
113000163,137,47,90
113000164,20,213,-193
113000166,129,96,33
113000167,18,279,-261
113000168,72,249,-177
113000169,126,108,18
113000170,85,138,-53
113000171,58,138,-80
113000172,228,84,144
113000173,46,19,27
113000174,120,814,-694
113000175,490,156,334
113000176,566,233,333
113000177,246,684,-438
113000178,260,599,-339
113000179,347,189,158
113000180,811,2128,-1317
113000181,958,1371,-413
113000182,258,546,-288
113000183,174,733,-559
113000184,30,198,-168
113000189,595,1036,-441
113000190,1522,817,705
113000192,3802,1971,1831
113000193,9540,1246,8294
113000194,3175,1366,1809
113000195,4000,852,3148
113000196,199,138,61
113000197,2188,1566,622
113000198,87,444,-357
113000199,1455,709,746
113000201,877,256,621
113000202,6843,4911,1932
113000203,626,319,307
113000204,2843,2284,559
113000205,43,48,-5
113000206,19,80,-61
113000207,65,46,19
113000208,55,87,-32
113000209,23,38,-15
113000210,6,47,-41
113000211,352,259,93
113000212,351,43,308
113000213,22,180,-158
113000214,278,396,-118
113000234,221,2480,-2259
113000410,77,268,-191
113000411,3568,6071,-2503
113000412,11301,2885,8416
113000413,4668,3678,990
113000414,11518,14422,-2904
113000415,3072,4719,-1647
113000416,13176,5900,7276
113000417,4580,5074,-494
113000418,3857,3362,495
113000419,2041,2870,-829
113000420,4503,6454,-1951
113000421,4289,6990,-2701
113000422,20738,13646,7092
113000423,3160,6243,-3083
113000424,5726,11418,-5692
113000425,13,79,-66
113000428,49,17,32
113000430,12,18,-6
113000432,2176,213,1963
113000433,171,1785,-1614
113000434,14,501,-487
113000435,11,1574,-1563
113000436,28,2695,-2667
113000437,704,25,679
113000438,200,15,185
113000439,10,292,-282
113000440,66,37,29
113000441,162,346,-184
113000442,133,447,-314
113000443,139,669,-530
113000444,220,436,-216
113000445,69,261,-192
113000446,34,123,-89
113000448,258,386,-128
113000449,491,919,-428
113000450,1399,5507,-4108
113000451,2551,259,2292
113000452,728,658,70
113000453,80,498,-418
113000454,2220,35,2185
113000455,9,183,-174
113000456,5739,3141,2598
113000468,5409,486,4923
113000469,616,281,335
113000470,1033,149,884
113000471,22,763,-741
113000472,88,396,-308
113000474,278,825,-547
113000475,1824,2877,-1053
113000476,1002,2411,-1409
113000477,2029,2298,-269
113000478,4759,8706,-3947
113000479,62,295,-233
113000480,189,139,50
113000482,0,0,0
113000483,0,0,0
113000485,0,0,0
113000486,0,0,0
113000487,0,1,-1
113000488,0,0,0
113000489,0,0,0
113000490,0,0,0
113000491,1,0,1
113000492,0,0,0
113000493,0,0,0
113000495,179,240,-61
113000496,87,121,-34
113000497,0,1,-1
113000500,0,5,-5
113900001,6,383,-377
113900002,0,426,-426
113900003,1,340,-339
113900004,2,101,-99
113900005,0,61,-61
113900006,4,49,-45
113900007,110,28,82
113900008,148,0,148
113900009,614,1,613
113900010,399,1,398
113900011,31,1,30
113900012,23,1,22
113900013,1866,14,1852
113900014,437,2,435
113900015,0,54,-54
113900016,29,0,29
113900017,0,69,-69
113900018,740,215,525
113900019,113,65,48
113900020,103,1,102
113900022,23,0,23
113900023,34,1,33
113900024,64,174,-110
113900025,365,59,306
113900026,38,1,37
113900027,3,164,-161
113900028,18,702,-684
113900029,58,435,-377
113900030,166,2,164
113900031,11,3,8
113900032,10,0,10
113900033,36,125,-89
113900035,85,0,85
113900036,24,269,-245
113900037,88,853,-765
113900038,37,141,-104
113900039,195,17,178
113900040,14,16,-2
113900041,4,2,2
113900042,84,76,8
113900043,233,187,46
113900044,155,106,49
113900045,50,1,49
113900046,336,1233,-897
113900047,60,265,-205
113900048,422,104,318
113900049,1313,377,936
113900050,256,710,-454
113900051,294,760,-466
113900052,252,194,58
113900053,650,358,292
113900054,17,14,3
113900055,114,1063,-949
113900056,57,295,-238
113900057,17,235,-218
113900058,75,365,-290
113900059,241,581,-340
113900060,117,478,-361
113900061,1483,264,1219
113900062,100,23,77
113900063,97,307,-210
113900064,29,235,-206
113900065,421,39,382
113900066,341,665,-324
113900067,95,623,-528
113900068,518,467,51
113900069,94,26,68
113900070,248,735,-487
113900071,73,185,-112
113900072,65,244,-179
113900073,152,388,-236
113900074,47,654,-607
113900075,1269,1031,238
113900076,202,14,188
113900077,43,402,-359
113900078,48,153,-105
113900079,0,98,-98
113900080,452,204,248
113900081,43,363,-320
113900082,95,347,-252
113900083,248,1001,-753
113900084,316,135,181
113900085,39,618,-579
113900086,39,18,21
113900087,49,277,-228
113900088,36,56,-20
113900089,459,61,398
113900090,591,495,96
113900091,25,81,-56
113900092,31,91,-60
113900093,147,846,-699
113900094,374,690,-316
113900095,199,164,35
113900096,223,100,123
113900097,8,168,-160
113900098,622,87,535
113900099,1,190,-189
113900100,0,3,-3
113900101,11,100,-89
113900102,167,126,41
113900103,321,276,45
113900104,141,209,-68
113900105,64,536,-472
113900106,0,185,-185
113900107,1,66,-65
113900108,342,233,109
113900109,539,194,345
113900110,57,25,32
113900111,80,166,-86
113900112,148,105,43
113900113,863,545,318
113900114,0,244,-244
113900115,1,211,-210
113900116,149,151,-2
113900117,92,39,53
113900118,332,313,19
113900119,361,549,-188
113900120,115,41,74
113900121,68,136,-68
113900122,472,1813,-1341
113900123,634,200,434
113900124,1,125,-124
113900125,2352,211,2141
113900126,142,71,71
113900127,257,563,-306
113900128,171,70,101
113900129,14,152,-138
113900130,4,47,-43
113900131,192,117,75
113900132,86,75,11
113900133,13,43,-30
113900135,260,650,-390
113900136,122,125,-3
113900137,556,249,307
113900138,85,214,-129
113900139,775,154,621
113900140,573,379,194
113900141,424,961,-537
113900142,136,135,1
113900143,14,46,-32
113900144,430,248,182
113900145,252,304,-52
113900146,120,107,13
113900148,179,333,-154
113900149,174,67,107
113900150,1351,1090,261
113900151,319,304,15
113900152,17,58,-41
113900153,537,898,-361
113900154,4,132,-128
113900155,289,197,92
113900156,337,1021,-684
113900157,41,299,-258
113900158,497,336,161
113900159,23,238,-215
113900160,549,923,-374
113900161,60,215,-155
113900162,655,974,-319
113900163,402,356,46
113900164,409,62,347
113900165,696,738,-42
113900166,364,251,113
113900167,197,42,155
113900168,159,170,-11
113900169,309,588,-279
113900171,159,105,54
113900172,18,353,-335
113900173,89,1197,-1108
113900174,563,949,-386
113900175,371,265,106
113900176,271,1090,-819
113900177,370,346,24
113900178,222,158,64
113900179,14,1204,-1190
113900180,240,194,46
113900181,754,134,620
113900182,822,1386,-564
113900183,84,114,-30
113900184,18,1176,-1158
113900185,188,135,53
113900186,41,79,-38
113900187,40,209,-169
113900188,37,194,-157
113900189,347,78,269
113900190,400,142,258
113900191,185,356,-171
113900192,10,590,-580
113900193,35,588,-553
113900194,3703,1258,2445
113900195,345,727,-382
113900196,2,158,-156
113900197,6,573,-567
113900198,40,181,-141
113900199,276,1125,-849
113900200,13,383,-370
113900201,4,507,-503
113900202,46,435,-389
113900203,1,313,-312
113900204,71,910,-839
113900205,11,240,-229
113900206,12,200,-188
113900207,1,88,-87
113900208,0,82,-82
113900209,0,134,-134
113900210,1035,909,126
113900211,204,77,127
113900212,162,973,-811
113900214,641,633,8
113900215,71,253,-182
113900216,141,2026,-1885
113900217,41,521,-480
113900218,104,32,72
113900219,201,913,-712
113900220,147,87,60
113900221,429,203,226
113900222,481,518,-37
113900223,171,1788,-1617
113900224,136,114,22
113900225,1157,347,810
113900226,361,243,118
113900227,356,265,91
113900228,405,489,-84
113900229,58,667,-609
113900230,7565,3129,4436
113900231,190,421,-231
113900232,85,130,-45
113900233,72,102,-30
113900234,392,493,-101
113900235,108,23,85
113900236,108,615,-507
113900237,80,10,70
113900238,265,559,-294
113900239,94,110,-16
113900240,1,149,-148
113900241,133,121,12
113900242,45,252,-207
113900243,176,622,-446
113900244,722,299,423
113900245,1773,411,1362
113900246,28,24,4
113900247,186,387,-201
113900248,5696,2290,3406
113900249,2297,439,1858
113900250,99,162,-63
113900251,579,399,180
113900252,413,15,398
113900253,809,57,752
113900254,910,185,725
113900255,402,34,368
113900256,286,63,223
113900257,50,1253,-1203
113900258,23,998,-975
113900259,365,413,-48
113900260,192,32,160
113900261,48,154,-106
113900262,148,1324,-1176
113900263,255,938,-683
113900264,9,1018,-1009
113900265,201,533,-332
113900266,32,481,-449
113900267,171,699,-528
113900268,300,455,-155
113900269,60,192,-132
113900270,502,470,32
113900271,681,1818,-1137
113900273,181,2,179
113900274,27,4,23
113900275,27,74,-47
113900276,8,542,-534
113900277,94,2,92
113900278,306,243,63
113900279,128,147,-19
113900280,1351,772,579
113900281,417,1450,-1033
113900282,1191,688,503
113900283,383,534,-151
113900284,796,257,539
113900285,120,15,105
113900286,136,231,-95
113900287,40,113,-73
113900288,1,91,-90
113900289,2035,105,1930
113900290,789,183,606
113900291,166,229,-63
113900292,8,23,-15
113900293,2,450,-448
113900294,423,60,363
113900295,476,431,45
113900296,3873,494,3379
113900297,1261,93,1168
113900298,7,2743,-2736
113900299,45,294,-249
113900300,10648,4001,6647
113900301,1730,496,1234
113900302,3418,972,2446
113900303,1106,359,747
113900304,0,230,-230
113900305,74,0,74
113900306,14,0,14
113900307,48,1,47
113900308,108,176,-68
113900309,5,1486,-1481
113900310,2,30,-28
113900311,1,0,1
113900312,138,159,-21
113900313,21,32,-11
114000001,1353,7020,-5667
114000002,159,850,-691
114000003,38,557,-519
114000004,67,212,-145
114000005,151,340,-189
114000006,3853,3419,434
114000007,796,2379,-1583
114000008,1755,1750,5
114000009,499,295,204
114000011,2962,6669,-3707
114000012,1846,5086,-3240
114000013,1486,3817,-2331
114000014,470,770,-300
114000015,1508,951,557
114000016,208,677,-469
114000017,145,142,3
114000018,1072,94,978
114000026,1140,2956,-1816
114000027,2322,3404,-1082
114000028,2591,3141,-550
114000038,176,178,-2
114000039,86,216,-130
114000040,62,288,-226
114000042,174,246,-72
114000043,74,273,-199
114000044,95,72,23
114000045,89,214,-125
114000046,3493,7497,-4004
114000047,21,117,-96
114000048,92,67,25
114000049,1630,2063,-433
114000050,1767,2174,-407
114000051,3717,2524,1193
114000052,4195,1782,2413
114000053,103,941,-838
114000054,150,2835,-2685
114000055,251,18,233
114000056,1441,963,478
114000057,18040,3851,14189
114000058,804,1556,-752
114000059,434,378,56
114000060,607,1126,-519
114000061,5158,2677,2481
114000062,3234,1554,1680
114000063,3770,2303,1467
114000064,11025,4253,6772
114000065,2475,3500,-1025
114000066,337,988,-651
114000067,39,655,-616
114000068,391,669,-278
114000069,952,812,140
114000070,2711,2069,642
114000071,647,988,-341
114000072,273,920,-647
114000073,9,279,-270
114000074,14,31,-17
114000075,48,380,-332
114000076,28,416,-388
114000077,15,157,-142
114000078,215,1769,-1554
114000079,58,48,10
114000080,83,112,-29
114000081,56,148,-92
114000082,78,1014,-936
114000083,62,560,-498
114000084,288,103,185
114000085,98,1500,-1402
114000086,233,1079,-846
114000087,68,394,-326
114000088,62,167,-105
114000089,2917,793,2124
114000090,629,722,-93
114000091,1712,668,1044
114000092,1072,433,639
114000093,1068,947,121
114000094,380,479,-99
114000095,91,106,-15
114000096,151,744,-593
114000097,142,1536,-1394
114000098,291,89,202
114000099,363,1703,-1340
114000100,992,1610,-618
114000101,362,1824,-1462
114000102,281,409,-128
114000103,105,824,-719
114000104,7,650,-643
114000105,69,53,16
114000106,2333,718,1615
114000107,213,189,24
114000108,4356,2044,2312
114000109,333,744,-411
114000110,760,3176,-2416
114000111,1177,699,478
114000112,281,2658,-2377
114000113,613,511,102
114000114,1712,2681,-969
114000115,1804,1129,675
114000116,491,1332,-841
114000117,2132,505,1627
114000118,1915,575,1340
114000119,1275,516,759
114000120,649,1568,-919
114000121,536,899,-363
114000122,350,375,-25
114000123,1405,439,966
114000124,711,466,245
114000125,985,3048,-2063
114000126,1203,232,971
114000127,126,270,-144
114000128,897,916,-19
114000130,421,729,-308
114000131,168,82,86
114000132,741,1140,-399
114000133,1209,2449,-1240
114000134,65,347,-282
114000138,42,303,-261
114000139,331,174,157
114000144,795,549,246
114000145,80,274,-194
114000146,111,512,-401
114000147,1273,1470,-197
114000148,3374,1926,1448
114000149,390,329,61
114000150,1043,819,224
114000151,1442,1284,158
114000152,103,32,71
114000153,1060,1982,-922
114000154,805,838,-33
114000155,1567,2470,-903
114000156,963,630,333
114000157,331,1101,-770
114000158,4150,1165,2985
114000159,224,611,-387
114000160,97,323,-226
114000161,1775,2641,-866
114000162,948,1846,-898
114000163,14,203,-189
114000165,308,170,138
114000166,606,365,241
114000167,7346,1603,5743
114000168,923,1015,-92
114000169,2486,1003,1483
114000170,1155,1007,148
114000171,962,2377,-1415
114000174,182,760,-578
114000176,847,518,329
114000177,4608,1176,3432
114000178,32,109,-77
114000179,1593,995,598
114000180,926,1002,-76
114000181,2020,3386,-1366
114000182,9789,3479,6310
114000183,1242,1551,-309
114000184,12320,2243,10077
114000185,939,1214,-275
114000189,649,142,507
114000190,1874,294,1580
114000191,23,77,-54
114000192,452,3540,-3088
114000193,1380,6595,-5215
114000194,1566,2010,-444
114000195,93,34,59
114000196,6,765,-759
114000197,991,26,965
114000198,1950,648,1302
114000199,2959,1522,1437
114000200,644,4295,-3651
114000201,224,1863,-1639
114000202,1178,1476,-298
114000203,571,1431,-860
114000204,131,809,-678
114000205,249,3011,-2762
114000206,543,1708,-1165
114000207,901,4097,-3196
114000208,683,6478,-5795
114000209,913,6304,-5391
114000210,445,3110,-2665
114000211,1104,2282,-1178
114000212,580,1261,-681
114000213,1103,924,179
114000214,100,424,-324
114000215,196,129,67
114000216,1214,577,637
114000217,200,661,-461
114000218,121,439,-318
114000219,911,347,564
114000220,19,2083,-2064
114000221,560,229,331
114000222,338,1957,-1619
114000223,390,150,240
114000224,177,1446,-1269
114000225,225,996,-771
114000226,88,332,-244
114000227,682,674,8
114000228,814,1566,-752
114000229,1143,2037,-894
114000230,1622,2538,-916
114000231,1054,1928,-874
114000232,626,176,450
114000233,1777,172,1605
114000234,1013,1634,-621
114000235,1214,2470,-1256
114000236,1,815,-814
114000237,106,1923,-1817
114000238,79,272,-193
114000239,212,2475,-2263
114000240,973,1005,-32
114000241,257,1600,-1343
114000242,1421,1518,-97
114000243,1522,1302,220
114000244,616,526,90
114000245,447,758,-311
114000246,195,57,138
114000247,720,1099,-379
114000248,838,828,10
114000249,532,707,-175
114000250,342,1155,-813
114000251,299,604,-305
114000252,74,209,-135
114000253,42,660,-618
114000254,16,145,-129
114000255,1372,369,1003
114000256,2704,1564,1140
114000257,735,2637,-1902
114000258,216,675,-459
114000259,49,570,-521
114000260,0,32,-32
114000261,40,58,-18
114000262,85,231,-146
114000263,27,4,23
114000264,800,1221,-421
114000265,0,18,-18
114000267,9,1832,-1823
114000268,10,3389,-3379
114000270,114,2,112
114000271,522,148,374
114000283,748,709,39
114000285,103,603,-500
114000288,38,854,-816
114000289,822,141,681
114000293,102,579,-477
114000294,159,308,-149
114000395,1320,206,1114
114000396,456,570,-114
114000402,366,610,-244
114000403,243,1338,-1095
114000405,133,810,-677
114000423,197,809,-612
114000424,274,425,-151
114000425,493,1121,-628
114000426,348,954,-606
114000427,56,119,-63
114000428,285,182,103
114000429,23,299,-276
114000432,57,243,-186
114000434,31,178,-147
114900001,501,2542,-2041
114900002,401,141,260
114900003,466,4267,-3801
114900004,176,342,-166
114900005,406,1678,-1272
114900006,37,62,-25
114900007,124,23,101
114900008,110,49,61
114900010,3425,2216,1209
114900011,149,140,9
114900013,193,90,103
114900015,56,321,-265
114900018,1153,87,1066
114900020,216,65,151
114900021,191,125,66
114900022,10,1382,-1372
114900024,237,163,74
114900025,309,402,-93
114900026,51,116,-65
114900027,158,318,-160
114900029,30,45,-15
114900030,280,398,-118
114900031,199,39,160
114900032,251,58,193
114900033,2813,552,2261
114900034,76,317,-241
114900035,112,484,-372
114900036,288,1781,-1493
114900037,107,361,-254
114900038,226,1485,-1259
114900039,619,1095,-476
114900040,68,568,-500
114900041,501,977,-476
114900042,566,1211,-645
114900043,1402,515,887
114900044,70,45,25
114900045,163,609,-446
114900046,73,208,-135
114900047,308,1544,-1236
114900048,97,450,-353
114900049,22,414,-392
114900050,38,1094,-1056
114900051,31,983,-952
114900052,66,446,-380
114900053,85,425,-340
114900054,62,266,-204
114900057,171,9,162
114900058,1,167,-166
114900059,39,53,-14
114900060,1836,735,1101
114900061,198,237,-39
114900062,278,528,-250
114900063,68,474,-406
114900064,979,1056,-77
114900065,323,964,-641
114900067,34,532,-498
114900068,131,366,-235
114900069,305,344,-39
114900070,389,1152,-763
114900072,8,312,-304
114900073,0,281,-281
114900074,389,1873,-1484
114900075,184,9,175
114900076,15,484,-469
114900080,6269,660,5609
114900082,5232,1890,3342
114900083,1422,1309,113
114900084,281,419,-138
114900090,303,186,117
114900091,137,285,-148
114900095,574,210,364
114900096,537,970,-433
114900097,105,81,24
114900098,10,365,-355
114900099,101,2,99
115000001,14845,8751,6094
115000002,3798,3780,18
115000003,5581,6592,-1011
115000004,3482,5221,-1739
115000005,2020,4119,-2099
115000006,821,1554,-733
115000007,42,268,-226
115000008,618,535,83
115000009,181,744,-563
115000010,340,180,160
115000013,105,176,-71
115000015,54,308,-254
115000016,292,372,-80
115000019,29,528,-499
115000020,345,652,-307
115000021,431,555,-124
115000022,704,516,188
115000023,363,589,-226
115000024,1872,703,1169
115000025,1133,739,394
115000026,186,601,-415
115000027,236,342,-106
115000028,217,1077,-860
115000029,547,265,282
115000030,770,1298,-528
115000031,1057,545,512
115000032,4,300,-296
115000033,148,37,111
115000034,218,1313,-1095
115000035,1361,72,1289
115000036,3,489,-486
115000037,412,5,407
115000038,45,284,-239
115000039,4547,3286,1261
115000040,10065,4981,5084
115000041,924,3191,-2267
115000042,800,1201,-401
115000043,3219,4183,-964
115000044,3888,6940,-3052
115000045,2205,3796,-1591
115000046,1627,4054,-2427
115000047,1605,2884,-1279
115000048,1768,4182,-2414
115000049,1978,4571,-2593
115000050,4191,2892,1299
115000051,2762,2753,9
115000052,5201,2721,2480
115000053,1560,2063,-503
115000054,968,2005,-1037
115000055,163,550,-387
115000056,148,294,-146
115000057,380,581,-201
115000058,127,173,-46
115000059,243,219,24
115000061,255,113,142
115000062,255,496,-241
115000063,270,527,-257
115000064,226,268,-42
115000065,34,396,-362
115000067,303,33,270
115000069,75,367,-292
115000070,50,1270,-1220
115000071,107,9,98
115000072,15,117,-102
115000073,1866,44,1822
115000075,77,93,-16
115000076,6242,6033,209
115000077,1677,6689,-5012
115000078,1036,3332,-2296
115000079,1332,3943,-2611
115000080,2144,4554,-2410
115000081,491,1283,-792
115000082,3562,4872,-1310
115000083,2496,5326,-2830
115000084,1721,2114,-393
115000085,721,1573,-852
115000086,997,1931,-934
115000087,653,2225,-1572
115000088,2304,1062,1242
115000089,2044,2167,-123
115000090,1121,1059,62
115000091,577,1676,-1099
115000092,297,473,-176
115000093,486,2,484
115000094,16337,7074,9263
115000095,11474,6124,5350
115000096,640,4253,-3613
115000097,696,995,-299
115000098,778,1246,-468
115000099,2423,7061,-4638
115000100,899,1036,-137
115000101,446,2319,-1873
115000102,457,227,230
115000103,505,1564,-1059
115000105,73,432,-359
115000106,361,406,-45
115000107,188,945,-757
115000108,6976,3663,3313
115000109,10116,4201,5915
115000110,1560,1393,167
115000111,990,2324,-1334
115000112,815,1057,-242
115000113,817,1342,-525
115000114,1983,1259,724
115000116,6068,2216,3852
115000117,7708,3152,4556
115000118,2390,2175,215
115000119,2241,2631,-390
115000120,639,1135,-496
115000121,1836,1313,523
115000122,4795,2270,2525
115000123,3001,2333,668
115000124,844,1184,-340
115000125,505,862,-357
115000126,206,367,-161
115000127,474,270,204
115000128,2239,1105,1134
115000129,294,235,59
115000130,336,1980,-1644
115000131,570,328,242
115000132,147,1070,-923
115000133,343,614,-271
115000134,230,422,-192
115000135,333,403,-70
115000136,122,279,-157
115000137,112,269,-157
115000138,220,336,-116
115000139,228,414,-186
115000140,232,227,5
115000141,249,657,-408
115000142,132,574,-442
115000143,478,697,-219
115000144,350,135,215
115000145,248,771,-523
115000146,413,303,110
115000147,483,890,-407
115000148,443,2648,-2205
115000149,589,313,276
115000150,886,2305,-1419
115000151,922,697,225
115000152,727,3037,-2310
115000153,730,790,-60
115000154,646,434,212
115000155,773,2012,-1239
115000156,1608,824,784
115000157,1758,1560,198
115000158,1052,576,476
115000159,1120,836,284
115000160,922,1075,-153
115000161,616,863,-247
115000162,924,695,229
115000163,1180,789,391
115000164,928,724,204
115000165,488,468,20
115000167,115,105,10
115000168,728,334,394
115000169,1075,434,641
115000170,113,184,-71
115000171,190,229,-39
115000172,3728,702,3026
115000173,407,478,-71
115000174,47,231,-184
115000175,153,226,-73
115000176,153,174,-21
115000177,188,213,-25
115000178,22,468,-446
115000179,21,61,-40
115000180,75,1432,-1357
115000181,433,219,214
115000182,581,774,-193
115000183,231,1909,-1678
115000186,665,400,265
115000187,203,1074,-871
115000188,425,806,-381
115000189,280,510,-230
115000190,1434,739,695
115000191,617,630,-13
115000194,244,201,43
115000195,438,456,-18
115000196,98,165,-67
115000197,161,734,-573
115000198,215,451,-236
115000199,223,628,-405
115000200,300,160,140
115000201,157,806,-649
115000206,293,261,32
115000207,89,589,-500
115000208,1145,1269,-124
115000209,528,282,246
115000210,169,152,17
115000211,291,408,-117
115000212,2353,361,1992
115000218,102,101,1
115000219,31,84,-53
115000224,303,103,200
115000225,76,72,4
115000229,442,236,206
115000230,103,1187,-1084
115000231,310,4520,-4210
115000232,1194,462,732
115000233,105,242,-137
115000234,26,412,-386
115000241,57,468,-411
115000242,80,461,-381
115000243,24,452,-428
115000244,1,147,-146
115000246,70,29,41
115000247,38,57,-19
115000248,17,20,-3
115000249,85,39,46
115000250,258,57,201
115000251,168,260,-92
115000252,59,284,-225
115000253,33,444,-411
115000258,231,319,-88
115000259,480,269,211
115000261,7,41,-34
115000262,42,51,-9
115000263,12,69,-57
115000264,6,45,-39
115000267,48,116,-68
115000268,40,262,-222
115000269,103,105,-2
115000270,9,57,-48
115000272,57,316,-259
115000273,367,42,325
115000274,282,490,-208
115000280,3159,200,2959
115000281,906,424,482
115000282,2230,572,1658
115000284,319,151,168
115000296,834,7,827
115000297,279,110,169
115000298,119,270,-151
115000300,126,336,-210
115000302,255,379,-124
115000303,567,285,282
115000304,603,152,451
115000305,110,1986,-1876
115000306,182,1039,-857
115000307,69,413,-344
115000308,81,18,63
115000310,904,1667,-763
115000311,623,2666,-2043
115000313,198,1501,-1303
115000314,350,147,203
115000315,1646,375,1271
115000316,57,96,-39
115000317,158,1190,-1032
115000318,722,399,323
115000319,111,472,-361
115000320,13,360,-347
115000321,497,12,485
115000322,31,432,-401
115000449,811,179,632
115000557,215,781,-566
115000558,215,129,86
115000587,402,583,-181
115000588,2829,5801,-2972
115000589,3057,3655,-598
115000590,892,2553,-1661
115000591,1379,1261,118
115000592,829,2546,-1717
115000593,1412,1067,345
115000594,1010,2035,-1025
115000609,76,147,-71
115000617,3149,2609,540
115000624,122,52,70
115000633,574,2400,-1826
115000634,3716,1207,2509
115000635,388,206,182
115000638,2478,927,1551
115000641,70,187,-117
115000642,395,412,-17
115000643,109,838,-729
115000644,155,526,-371
115000646,960,1550,-590
115000647,220,781,-561
115000648,1419,2812,-1393
115000893,3646,1799,1847
115000894,121,1594,-1473
115000895,355,1034,-679
115000896,1124,418,706
115000897,558,125,433
115000898,1298,298,1000
115000899,1003,1464,-461
115000900,222,595,-373
115000901,125,154,-29
115000912,315,132,183
115000913,2,36,-34
115000915,34,1,33
115000916,5,0,5
115000917,0,5,-5
115000918,117,395,-278
115000919,5,27,-22
115000920,53,93,-40
115000921,2341,181,2160
115000922,1184,751,433
115000923,398,923,-525
115000925,61,88,-27
115000927,20,46,-26
115000933,161,127,34
115900001,52,159,-107
115900002,143,460,-317
115900003,136,221,-85
115900004,2,105,-103
115900005,157,9,148
115900006,116,957,-841
115900008,53,31,22
115900009,64,663,-599
115900010,203,453,-250
115900011,293,439,-146
115900012,100,168,-68
115900013,574,401,173
115900014,81,273,-192
115900015,64,177,-113
115900016,70,95,-25
115900017,2,3,-1
115900018,150,168,-18
115900019,2695,100,2595
115900020,11,0,11
115900021,2844,482,2362
115900022,2777,27,2750
115900023,7,2,5
115900025,20,186,-166
115900026,1169,520,649
115900027,1,632,-631
115900028,939,132,807
115900029,25,962,-937
115900030,41,65,-24
115900031,476,335,141
115900032,517,1441,-924
115900033,1,92,-91
115900034,30,1081,-1051
115900035,20,58,-38
115900036,239,506,-267
115900037,67,909,-842
115900038,52,17,35
115900039,164,642,-478
115900041,509,546,-37
115900042,28,10,18
115900043,85,220,-135
115900044,409,288,121
115900046,292,418,-126
115900047,73,106,-33
115900049,185,413,-228
115900051,2,88,-86
115900052,9,316,-307
115900053,274,523,-249
115900054,110,76,34
115900055,15,166,-151
115900056,229,712,-483
115900057,14,12,2
115900058,26,64,-38
115900060,114,292,-178
115900061,121,0,121
115900062,95,581,-486
115900063,25,23,2
115900064,159,469,-310
115900065,126,191,-65
115900066,274,380,-106
115900067,8,1284,-1276
115900068,5120,471,4649
115900069,45,260,-215
115900070,125,390,-265
115900071,2,1180,-1178
115900072,108,414,-306
115900073,53,91,-38
115900074,3,564,-561
115900075,49,552,-503
115900076,10,137,-127
115900077,9,502,-493
115900078,34,203,-169
115900079,171,34,137
115900080,868,516,352
115900081,20,121,-101
115900082,182,220,-38
115900084,254,22,232
115900085,34,70,-36
115900086,3198,738,2460
115900088,18,54,-36
115900089,293,1162,-869
115900090,200,44,156
115900091,8,27,-19
115900092,32,368,-336
115900093,6,31,-25
115900094,2,605,-603
115900096,0,23,-23
115900097,14,852,-838
115900098,141,1005,-864
115900099,20,152,-132
115900100,21,1328,-1307
115900101,189,970,-781
115900102,37,153,-116
115900103,252,519,-267
115900104,33,269,-236
115900105,125,1283,-1158
115900106,39,39,0
115900107,52,294,-242
115900108,75,31,44
115900109,110,854,-744
115900110,1,52,-51
115900111,4,113,-109
115900112,55,2492,-2437
115900113,33,60,-27
115900114,1,209,-208
115900115,53,203,-150
115900116,84,2205,-2121
115900117,52,42,10
115900118,6,592,-586
115900119,102,121,-19
115900120,39,986,-947
115900121,147,500,-353
115900124,164,543,-379
115900125,299,52,247
115900126,584,157,427
115900127,576,99,477
115900128,7,47,-40
115900129,678,63,615
115900130,47,231,-184
115900131,289,48,241
115900132,505,13,492
115900134,277,10,267
115900135,747,949,-202
115900137,9,3,6
115900139,242,262,-20
115900140,147,52,95
115900141,33,236,-203
115900142,46,94,-48
115900143,135,515,-380
115900144,62,414,-352
115900146,8,312,-304
115900147,345,282,63
115900148,24,28,-4
115900149,59,43,16
115900150,59,156,-97
115900151,11,92,-81
115900152,121,777,-656
115900153,128,459,-331
115900154,1302,450,852
115900155,0,195,-195
115900156,674,1224,-550
115900157,121,629,-508
115900158,68,15,53
115900159,92,440,-348
115900160,22,12,10
115900161,70,388,-318
115900163,215,261,-46
115900164,363,70,293
115900165,0,109,-109
115900166,212,572,-360
115900168,58,236,-178
115900171,134,840,-706
115900172,68,241,-173
115900173,197,229,-32
115900174,674,267,407
115900175,75,284,-209
115900178,15,1419,-1404
115900179,152,21,131
115900180,50,818,-768
115900181,120,381,-261
115900182,301,504,-203
115900183,317,132,185
115900184,2306,26,2280
115900187,7,173,-166
115900189,0,225,-225
115900190,751,1423,-672
115900191,101,1027,-926
115900192,4,99,-95
115900193,60,117,-57
115900194,562,82,480
115900195,846,1464,-618
115900198,306,443,-137
115900199,178,462,-284
115900200,322,686,-364
115900201,333,365,-32
115900202,1,12,-11
115900203,6,4,2
115900204,1,0,1
115900205,47,6,41
115900206,88,196,-108
115900207,23,26,-3
115900208,112,640,-528
115900209,5,246,-241
115900210,4,267,-263
115900211,14,561,-547
115900212,89,331,-242
115900213,64,48,16
115900214,250,309,-59
115900215,23,44,-21
115900216,6,131,-125
115900217,1,89,-88
115900218,2,73,-71
115900219,87,15,72
115900220,85,15,70
115900221,90,25,65
115900222,36,25,11
115900223,4,165,-161
115900224,2988,616,2372
115900225,100,41,59
115900226,6,105,-99
115900227,19,63,-44
115900228,3,73,-70
115900229,5,115,-110
115900230,58,205,-147
115900231,97,4,93
115900232,63,0,63
115900233,54,12,42
115900234,71,29,42
115900235,12,42,-30
115900236,12,25,-13
115900237,18,36,-18
115900238,12,19,-7
115900239,10,40,-30
115900240,4,63,-59
115900241,131,109,22
115900242,329,395,-66
115900243,31,16,15
115900244,16,23,-7
115900245,0,89,-89
115900246,10,3,7
115900247,6,9,-3
115900248,14,11,3
115900249,3,20,-17
115900250,12,35,-23
115900251,1,7,-6
115900252,2,5,-3
115900253,8,15,-7
115900254,48,31,17
115900255,17,25,-8
115900256,31,21,10
115900257,1,5,-4
115900258,0,1,-1
115900259,4,1,3
115900260,13,1,12
115900261,7,0,7
115900262,0,5,-5
115900263,1,9,-8
115900264,11,16,-5
115900265,3,21,-18
115900266,4,13,-9
115900267,6,13,-7
115900268,4,23,-19
115900269,289,625,-336
115900270,393,1564,-1171
116000001,23223,7158,16065
116000002,5248,8794,-3546
116000003,1792,2778,-986
116000004,2613,2983,-370
116000005,4478,4954,-476
116000006,3206,1487,1719
116000007,4845,7010,-2165
116000008,2984,2300,684
116000009,2301,3904,-1603
116000010,1691,1393,298
116000011,1058,2805,-1747
116000012,927,796,131
116000013,28193,7384,20809
116000014,30401,12439,17962
116000015,912,1432,-520
116000016,15165,4078,11087
116000017,54,808,-754
116000018,1078,1089,-11
116000019,1035,369,666
116000020,534,3127,-2593
116000021,450,463,-13
116000022,294,1014,-720
116000023,1293,864,429
116000024,826,2478,-1652
116000025,785,705,80
116000026,1697,3518,-1821
116000027,952,782,170
116000028,491,814,-323
116000029,1342,751,591
116000030,666,434,232
116000031,150,273,-123
116000032,183,365,-182
116000033,235,367,-132
116000034,764,783,-19
116000035,345,612,-267
116000036,3672,1345,2327
116000037,1489,1370,119
116000038,1037,612,425
116000039,836,431,405
116000040,1896,375,1521
116000041,368,925,-557
116000042,636,383,253
116000043,121,871,-750
116000045,2219,1721,498
116000046,1942,1738,204
116000047,2810,2342,468
116000048,2985,2124,861
116000049,1192,2781,-1589
116000050,1471,1863,-392
116000051,4618,2685,1933
116000052,4462,5215,-753
116000053,1854,1394,460
116000054,1024,3270,-2246
116000055,540,1910,-1370
116000056,652,1311,-659
116000057,4756,2559,2197
116000058,4554,2771,1783
116000059,4181,6229,-2048
116000060,3452,1335,2117
116000061,432,966,-534
116000062,1284,343,941
116000063,887,1359,-472
116000066,227,736,-509
116000067,323,823,-500
116000068,242,386,-144
116000069,303,629,-326
116000078,359,1532,-1173
116000080,1612,1440,172
116000082,10,197,-187
116000083,1063,497,566
116000084,3446,5581,-2135
116000085,1891,1494,397
116000086,3646,1706,1940
116000087,1106,1482,-376
116000088,1233,2381,-1148
116000089,130,208,-78
116000090,95,271,-176
116000091,149,80,69
116000093,609,2418,-1809
116000094,407,920,-513
116000095,534,1969,-1435
116000096,686,1452,-766
116000097,674,3744,-3070
116000098,59,4734,-4675
116000099,20284,994,19290
116000100,112,22,90
116000101,559,3167,-2608
116000102,54,475,-421
116000103,479,372,107
116000104,168,3495,-3327
116000105,795,320,475
116000106,239,2184,-1945
116000107,1253,677,576
116000108,106,300,-194
116000111,99,32,67
116000113,86,73,13
116000114,36,254,-218
116000115,135,98,37
116000116,277,873,-596
116000117,1508,3171,-1663
116000118,1224,2518,-1294
116000119,2751,2485,266
116000120,3450,7810,-4360
116000121,669,658,11
116000122,1605,3781,-2176
116000123,715,693,22
116000124,460,1821,-1361
116000125,2318,874,1444
116000126,370,2121,-1751
116000127,1523,2651,-1128
116000128,1506,1159,347
116000129,952,255,697
116000130,356,418,-62
116000133,544,1617,-1073
116000134,1734,5318,-3584
116000135,1644,2020,-376
116000136,1175,4059,-2884
116000137,755,866,-111
116000138,1503,620,883
116000139,2147,2784,-637
116000140,195,328,-133
116000141,538,1968,-1430
116000142,5838,5817,21
116000143,2431,2090,341
116000144,1415,4504,-3089
116000145,1581,2219,-638
116000146,304,697,-393
116000147,392,220,172
116000148,606,677,-71
116000149,451,734,-283
116000151,670,1612,-942
116000153,106,1031,-925
116000155,303,507,-204
116000156,728,3168,-2440
116000157,3,1,2
116000158,261,452,-191
116000159,0,3,-3
116000160,34,339,-305
116000161,11,215,-204
116000162,137,125,12
116000163,38,13,25
116000164,19,24,-5
116000177,145,195,-50
116000194,158,676,-518
116000195,2271,936,1335
116000196,9,19,-10
116000197,2,13,-11
116000198,2779,1424,1355
116000200,1136,267,869
116000201,882,901,-19
116000202,7,570,-563
116000203,2,122,-120
116000204,11,40,-29
116000205,0,197,-197
116000206,1,89,-88
116000207,3,37,-34
116000233,205,1672,-1467
116000287,133,888,-755
116000288,200,617,-417
116000292,87,399,-312
116000296,21,196,-175
116000297,29,7,22
116000304,86,10,76
116000305,9,474,-465
116000346,290,407,-117
116000352,113,92,21
116000354,79,37,42
116000357,13,30,-17
116000358,243,48,195
116000361,226,1,225
116000372,15280,3987,11293
116000381,120,0,120
116000388,2,49,-47
116000389,626,965,-339
116000445,281,1052,-771
116000446,454,2350,-1896
116000447,6,552,-546
116000448,758,533,225
116000563,1557,1051,506
116000565,216,627,-411
116000568,62,324,-262
116000579,28,214,-186
116000584,30,12,18
116000585,28,29,-1
116000586,336,219,117
116000587,417,856,-439
116000589,35,182,-147
116000590,69,141,-72
116000591,153,538,-385
116000592,21,317,-296
116000593,1,48,-47
116000594,501,1073,-572
116000595,757,334,423
116000596,105,7,98
116000597,236,66,170
116000598,10,316,-306
116000602,67,566,-499
116000605,464,416,48
116000606,55,130,-75
116000607,6,221,-215
116000609,330,1093,-763
116000611,84,776,-692
116000612,517,2427,-1910
116000613,418,493,-75
116000614,648,1376,-728
116000615,65,293,-228
116000616,73,209,-136
116000617,70,188,-118
116000618,9,344,-335
116000619,26,69,-43
116000620,69,82,-13
116000621,33,114,-81
116000622,23,144,-121
116000624,87,105,-18
116900001,208,170,38
116900002,403,1,402
116900003,13,137,-124
116900004,44,75,-31
116900005,260,91,169
116900006,241,233,8
116900007,146,294,-148
116900008,346,873,-527
116900009,34,4,30
116900010,7,4030,-4023
116900011,10,97,-87
116900012,141,357,-216
116900013,15,489,-474
116900014,74,560,-486
116900015,286,171,115
116900016,124,1,123
116900017,6,1516,-1510
116900018,59,70,-11
116900019,6,875,-869
116900020,1636,301,1335
116900023,28,21,7
116900024,326,168,158
116900025,755,1843,-1088
116900026,331,1640,-1309
116900027,15,102,-87
116900028,2,305,-303
116900029,1,16,-15
116900031,0,20,-20
116900032,3,887,-884
116900033,20,9,11
116900034,2,107,-105
116900035,112,414,-302
116900036,6,167,-161
116900038,8,4,4
116900041,59,28,31
116900042,1589,375,1214
116900043,5,153,-148
116900045,264,49,215
116900047,196,83,113
116900049,84,708,-624
116900050,147,1018,-871
116900051,76,656,-580
116900052,173,85,88
116900055,2,12,-10
116900057,22,664,-642
116900058,29,982,-953
116900059,6,563,-557
116900060,391,550,-159
116900062,3,7,-4
116900064,101,2011,-1910
116900065,4,283,-279
116900067,90,240,-150
116900068,153,557,-404
116900070,4,12,-8
116900072,32,863,-831
116900073,10,512,-502
116900074,5,86,-81
116900076,27,56,-29
116900077,10,450,-440
116900078,296,256,40
116900079,33,906,-873
116900080,12,35,-23
116900081,465,3376,-2911
116900082,334,1326,-992
116900083,68,138,-70
116900084,279,97,182
116900085,40,209,-169
116900086,38,426,-388
116900088,710,135,575
116900090,131,125,6
116900091,157,168,-11
116900092,78,1565,-1487
116900093,2393,3336,-943
116900094,10894,3934,6960
116900095,456,334,122
116900096,182,246,-64
116900097,8882,3063,5819
116900098,464,197,267
116900099,926,907,19
116900100,729,43,686
116900101,345,1112,-767
116900103,0,1,-1
116900104,27,140,-113
116900105,387,89,298
116900106,1199,439,760
116900107,7753,1956,5797
116900110,7,0,7
116900111,240,2509,-2269
116900112,133,2540,-2407
116900113,6883,992,5891
116900116,92,368,-276
116900117,46,142,-96
116900118,1562,815,747
116900120,188,353,-165
116900121,35,119,-84
116900122,581,1671,-1090
116900123,159,2059,-1900
116900124,171,2209,-2038
116900125,311,507,-196
116900126,671,918,-247
116900128,4,57,-53
116900129,8,571,-563
116900130,2243,2602,-359
116900131,142,264,-122
116900132,22,124,-102
116900133,100,142,-42
116900134,226,370,-144
116900136,183,290,-107
116900137,411,315,96
116900138,152,400,-248
116900139,97,668,-571
116900140,183,230,-47
116900141,649,454,195
116900142,0,74,-74
116900143,339,1084,-745
116900144,27,84,-57
116900145,194,735,-541
116900147,1070,411,659
116900148,4,29,-25
116900149,50,277,-227
116900150,13,9,4
116900151,545,141,404
116900153,133,73,60
116900154,699,446,253
116900155,139,96,43
116900157,407,470,-63
116900158,159,232,-73
116900159,50,335,-285
116900160,1016,392,624
116900161,17062,6314,10748
116900162,28,248,-220
116900163,116,253,-137
116900164,63,38,25
116900165,242,188,54
116900166,37,177,-140
116900167,393,119,274
116900168,209,176,33
116900169,1484,344,1140
116900170,284,488,-204
116900171,29,504,-475
116900172,323,152,171
116900173,134,118,16
116900174,13,11,2
116900175,338,166,172
116900178,15,322,-307
116900179,122,193,-71
116900180,99,78,21
116900182,695,342,353
116900183,132,132,0
116900185,15,27,-12
116900186,46,679,-633
116900187,39,30,9
116900188,151,34,117
116900189,20,1,19
116900191,360,656,-296
116900192,231,531,-300
116900194,75,922,-847
116900195,31,20,11
116900196,23,187,-164
116900197,89,5,84
116900198,395,206,189
116900200,19,47,-28
116900201,78,14,64
116900202,167,100,67
116900203,102,8,94
116900204,38,139,-101
116900206,2,43,-41
116900207,12,35,-23
116900208,10,261,-251
116900209,21,329,-308
116900210,337,304,33
116900211,460,19,441
116900212,26,112,-86
116900213,205,378,-173
116900214,193,235,-42
116900215,61,148,-87
116900216,498,571,-73
116900218,20,648,-628
116900219,1415,501,914
116900220,64,326,-262
116900221,53,429,-376
116900222,374,427,-53
116900223,82,318,-236
116900226,85,114,-29
116900227,187,130,57
116900228,261,457,-196
116900230,74,801,-727
116900231,40,868,-828
116900232,12,1164,-1152
116900233,260,144,116
116900234,11,9,2
116900235,173,557,-384
116900238,2226,692,1534
116900239,158,1247,-1089
116900240,12779,3773,9006
116900241,68,537,-469
116900242,914,446,468
116900243,16,273,-257
116900245,42,12,30
116900246,95,3,92
116900247,387,27,360
116900248,72,47,25
116900249,251,285,-34
116900250,274,97,177
116900251,861,440,421
116900252,64,1899,-1835
116900253,134,221,-87
116900254,20,219,-199
116900255,67,48,19
116900256,228,264,-36
116900257,11,1151,-1140
116900258,5,523,-518
116900259,93,11,82
116900260,4,216,-212
116900261,35,2,33
116900262,122,180,-58
116900263,0,14,-14
116900264,0,4,-4
116900265,18,7,11
116900266,11,161,-150
116900267,1,5,-4
116900268,30,12,18
116900269,314,753,-439
116900271,2865,164,2701
116900272,545,1206,-661
116900273,650,123,527
116900274,89,237,-148
116900275,138,338,-200
116900276,313,93,220
116900277,1471,79,1392
116900278,1,31,-30
116900279,2,43,-41
116900280,20,84,-64
116900281,16285,3958,12327
116900282,8,483,-475
116900283,17,295,-278
116900284,23,422,-399
116900285,536,463,73
116900286,298,16,282
116900287,5,176,-171
116900288,32,223,-191
116900289,7,47,-40
116900290,2,59,-57
116900291,9,8,1
116900292,0,9,-9
116900293,19,156,-137
116900294,34,278,-244
116900295,150,21,129
116900296,63,79,-16
116900297,6,55,-49
116900298,61,28,33
116900299,44,22,22
116900300,2,161,-159
116900301,65,72,-7
116900302,1812,683,1129
116900303,726,105,621
116900304,0,194,-194
116900305,16,118,-102
116900306,52,280,-228
117000001,2189,1994,195
117000002,2889,7800,-4911
117000003,11387,3514,7873
117000004,7729,9402,-1673
117000005,2029,2039,-10
117000006,1880,6551,-4671
117000007,3233,1322,1911
117000008,2005,9089,-7084
117000009,4525,2290,2235
117000010,4207,8780,-4573
117000011,1919,2716,-797
117000012,1507,3179,-1672
117000013,1617,1676,-59
117000014,1481,4308,-2827
117000015,5104,1667,3437
117000016,1371,63,1308
117000017,910,463,447
117000018,282,647,-365
117000019,436,6,430
117000020,1124,1687,-563
117000021,5679,740,4939
117000022,1124,95,1029
117000023,1441,180,1261
117000024,1245,194,1051
117000025,2566,965,1601
117000026,7135,1294,5841
117000027,3113,1093,2020
117000028,4378,808,3570
117000030,412,387,25
117000032,2769,2068,701
117000033,2722,2096,626
117000034,177,313,-136
117000036,292,305,-13
117000038,374,591,-217
117000039,39,221,-182
117000040,233,2734,-2501
117000041,701,223,478
117000044,51,2590,-2539
117000045,395,61,334
117000046,824,1260,-436
117000047,1095,697,398
117000048,4013,3299,714
117000049,239,1068,-829
117000050,195,4450,-4255
117000051,1880,212,1668
117000052,16,1074,-1058
117000053,200,162,38
117000054,1734,7,1727
117000055,42,7408,-7366
117000056,542,17,525
117000057,868,4188,-3320
117000060,514,2901,-2387
117000061,1922,1315,607
117000062,251,882,-631
117000063,2233,1027,1206
117000064,1514,1674,-160
117000066,2449,1484,965
117000067,241,515,-274
117000074,210,291,-81
117000076,139,95,44
117000077,174,172,2
117000078,226,1234,-1008
117000079,307,260,47
117000080,2,609,-607
117000081,1055,170,885
117000082,21,100,-79
117000083,128,23,105
117000084,485,5,480
117000085,233,781,-548
117000086,1723,1006,717
117000087,141,837,-696
117000088,366,350,16
117000089,1594,602,992
117000090,375,2866,-2491
117000091,715,453,262
117000092,485,3115,-2630
117000093,1141,1031,110
117000094,1252,5131,-3879
117000095,2858,1312,1546
117000096,742,5034,-4292
117000097,1142,1484,-342
117000098,4218,10546,-6328
117000099,3002,1424,1578
117000100,308,284,24
117000101,317,2145,-1828
117000102,1684,887,797
117000103,1259,3779,-2520
117000104,1403,802,601
117000105,1434,3225,-1791
117000106,1465,1289,176
117000107,780,3601,-2821
117000108,1877,1350,527
117000109,3378,5148,-1770
117000110,1606,1175,431
117000111,5575,8413,-2838
117000112,3931,3894,37
117000113,101,693,-592
117000114,200,242,-42
117000115,94,414,-320
117000116,147,398,-251
117000117,2966,1018,1948
117000118,915,195,720
117000119,774,115,659
117000120,1042,379,663
117000121,402,1166,-764
117000122,1132,1950,-818
117000123,3700,69,3631
117000124,1386,139,1247
117000125,1043,139,904
117000126,164,110,54
117000127,427,932,-505
117000128,858,1652,-794
117000129,769,90,679
117000130,103,3,100
117000131,0,114,-114
117000132,1665,10,1655
117000133,1093,200,893
117000134,1,85,-84
117000135,12,47,-35
117000136,3,95,-92
117000137,85,81,4
117000138,2,967,-965
117000140,970,2900,-1930
117000141,2092,829,1263
117000181,2721,1296,1425
117000182,350,371,-21
117000195,331,2468,-2137
117000196,178,127,51
117000225,545,10,535
117000226,40,311,-271
117000276,199,25,174
117000277,4,1208,-1204
117000310,3838,4815,-977
117000315,41,1984,-1943
117000320,115,0,115
117000906,195,21,174
117000907,26,893,-867
117000908,256,19,237
117000909,79,43,36
117000910,178,207,-29
117000911,107,241,-134
117000915,14,1430,-1416
117000916,27,15,12
117000917,871,30,841
117000918,30,117,-87
117000919,8,423,-415
117000920,10,3425,-3415
117000921,7,3725,-3718
117000922,68,256,-188
117000924,727,893,-166
117000926,2159,155,2004
117000927,3057,848,2209
117000928,0,704,-704
117000929,144,1089,-945
117000930,116,30,86
117000931,1086,142,944
117900002,441,771,-330
117900003,1419,729,690
117900005,11,52,-41
117900006,1,70,-69
117900007,245,264,-19
117900008,0,63,-63
117900010,494,221,273
117900011,110,41,69
117900012,111,371,-260
117900013,3,753,-750
117900014,318,362,-44
117900015,40,319,-279
117900016,3218,822,2396
117900017,629,794,-165
117900018,592,74,518
117900019,473,1131,-658
117900020,96,381,-285
117900021,29,219,-190
117900022,39,8,31
117900023,1303,523,780
117900024,156,283,-127
117900025,29,9,20
117900026,363,1069,-706
117900028,164,7,157
117900029,293,2300,-2007
117900030,354,262,92
117900031,402,254,148
117900032,549,556,-7
117900033,218,1741,-1523
117900034,27,74,-47
117900035,144,82,62
117900036,248,1305,-1057
117900037,107,186,-79
117900038,36,804,-768
117900039,10,166,-156
117900040,175,1202,-1027
117900041,17,96,-79
117900042,8151,929,7222
117900043,43,107,-64
117900044,33,4658,-4625
117900045,310,237,73
117900048,213,524,-311
117900049,197,1453,-1256
117900050,51,68,-17
117900051,176,16,160
117900052,93,478,-385
117900053,1264,1211,53
117900054,0,19,-19
117900055,245,351,-106
117900056,649,25,624
117900057,1225,1987,-762
117900058,1291,515,776
117900059,826,108,718
117900060,1261,9162,-7901
117900061,42,336,-294
117900063,384,477,-93
117900065,881,1985,-1104
117900066,10,59,-49
117900067,409,676,-267
117900069,835,1050,-215
117900070,582,8,574
117900071,125,308,-183
117900073,384,1095,-711
117900074,482,13,469
117900075,119,163,-44
117900076,11,47,-36
117900077,198,205,-7
117900078,266,666,-400
117900080,340,117,223
117900081,688,794,-106
117900082,361,350,11
117900083,335,1529,-1194
117900086,253,68,185
117900087,144,73,71
117900088,3813,3971,-158
117900089,1582,590,992
117900090,593,2248,-1655
117900091,324,232,92
117900092,85,60,25
117900093,48,121,-73
117900094,56,20,36
117900095,224,1209,-985
117900096,107,395,-288
117900097,225,151,74
117900098,16,9,7
117900099,169,902,-733
117900100,135,5,130
117900101,613,1414,-801
117900102,52,90,-38
117900103,36,1,35
117900104,32,347,-315
117900105,175,504,-329
117900106,56,105,-49
117900107,27,1,26
117900109,555,429,126
117900110,24,0,24
117900111,207,16,191
117900112,81,29,52
117900113,10116,3146,6970
117900114,17,1,16
117900115,497,98,399
117900116,1347,1756,-409
117900117,439,797,-358
117900118,15,1,14
117900119,123,573,-450
117900120,99,541,-442
117900121,109,60,49
117900122,1813,2403,-590
117900123,1367,1410,-43
117900124,778,1170,-392
117900125,1727,1415,312
117900126,292,1195,-903
117900127,554,1185,-631
117900128,387,2340,-1953
117900129,46,0,46
117900130,1167,697,470
117900131,4,184,-180
117900132,12,169,-157
117900133,10,229,-219
117900134,85,497,-412
117900135,41,464,-423
117900136,1,55,-54
117900137,68,576,-508
117900138,0,95,-95
117900139,72,366,-294
117900140,10414,420,9994
117900141,553,515,38
117900142,196,25,171
117900144,196,179,17
117900145,116,63,53
117900146,495,183,312
117900147,111,136,-25
117900148,5835,1425,4410
117900149,51,343,-292
117900150,46,208,-162
117900151,91,355,-264
117900152,151,160,-9
117900153,23,215,-192
117900154,634,1510,-876
117900156,1329,1567,-238
117900157,92,697,-605
117900158,175,162,13
117900160,607,580,27
117900161,4109,5154,-1045
117900162,318,672,-354
117900163,372,21,351
117900165,0,14,-14
117900166,117,449,-332
117900168,57,250,-193
117900169,0,187,-187
117900170,0,54,-54
117900171,4,29,-25
117900172,8,63,-55
117900173,237,90,147
117900174,32,68,-36
117900175,8,101,-93
117900176,11,81,-70
117900177,21,118,-97
117900178,124,49,75
117900180,395,36,359
117900181,303,238,65
117900182,1,34,-33
117900183,41,206,-165
117900184,12,58,-46
117900185,16,48,-32
117900186,38,36,2
117900187,9,24,-15
117900188,201,39,162
117900189,61,7,54
117900190,18,0,18
117900191,68,2,66
117900192,151,5,146
117900193,20,71,-51
117900194,14,6,8
117900195,12,55,-43
117900196,10,29,-19
117900207,179,94,85
117900208,48,74,-26
117900209,223,214,9
117900210,167,297,-130
117900211,22,436,-414
117900212,121,270,-149
117900213,19,14,5
117900214,7,120,-113
117900216,24,35,-11
117900217,118,214,-96
117900218,202,223,-21
117900219,21,97,-76
117900220,301,164,137
117900221,70,13,57
118000001,1089,691,398
118000002,1740,2656,-916
118000003,3077,2008,1069
118000004,3548,2086,1462
118000005,7625,5078,2547
118000006,9379,10831,-1452
118000007,9735,3216,6519
118000008,6549,3933,2616
118000009,3014,4418,-1404
118000010,5154,5832,-678
118000011,1314,5291,-3977
118000012,1533,5393,-3860
118000013,5889,4990,899
118000014,2552,5108,-2556
118000016,264,597,-333
118000017,295,502,-207
118000018,299,720,-421
118000019,2854,1789,1065
118000020,1969,2333,-364
118000021,1026,2917,-1891
118000022,2699,1007,1692
118000023,1457,393,1064
118000024,2478,1102,1376
118000025,1665,1613,52
118000027,21660,10062,11598
118000029,1279,894,385
118000032,1911,4281,-2370
118000033,3780,4123,-343
118000034,7525,2720,4805
118000035,1830,2620,-790
118000036,1769,1287,482
118000037,941,1488,-547
118000038,131,155,-24
118000039,117,634,-517
118000040,1746,3578,-1832
118000041,2599,2223,376
118000045,908,101,807
118000046,3325,595,2730
118000047,3220,971,2249
118000048,5560,1419,4141
118000051,2895,1452,1443
118000052,1918,931,987
118000053,1190,864,326
118000054,2512,2162,350
118000055,1621,3075,-1454
118000056,198,569,-371
118000057,199,581,-382
118000058,6367,2456,3911
118000059,4731,1251,3480
118000060,1115,1313,-198
118000061,943,2203,-1260
118000062,604,576,28
118000063,340,769,-429
118000064,1232,1991,-759
118000065,6724,3058,3666
118000066,1429,1880,-451
118000067,1327,816,511
118000068,2637,5679,-3042
118000069,4896,2010,2886
118000070,11399,2442,8957
118000071,5065,9152,-4087
118000072,3424,1054,2370
118000073,3486,555,2931
118000074,636,529,107
118000075,751,395,356
118000076,1870,1530,340
118000077,1890,1602,288
118000078,2660,2063,597
118000079,428,488,-60
118000080,1589,1316,273
118000081,2346,1060,1286
118000082,577,1163,-586
118000083,4014,1848,2166
118000084,3547,2165,1382
118000086,294,578,-284
118000087,10149,3661,6488
118000088,2295,2376,-81
118000089,6801,3212,3589
118000090,3131,3845,-714
118000091,3145,2646,499
118000092,1845,700,1145
118000093,170,1037,-867
118000096,786,879,-93
118000097,939,896,43
118000098,282,351,-69
118000099,448,1387,-939
118000101,1033,371,662
118000102,375,1797,-1422
118000107,7718,828,6890
118000108,1064,2571,-1507
118000110,0,31,-31
118000111,6,1280,-1274
118000112,312,8,304
118000113,22,2320,-2298
118000114,323,14,309
118000115,26,14,12
118000116,69,1,68
118000117,1805,1744,61
118000118,1277,792,485
118000119,1022,1662,-640
118000120,2290,2715,-425
118000121,117,712,-595
118000122,1726,427,1299
118000123,84,339,-255
118000125,2721,2002,719
118000126,1055,1657,-602
118000127,3036,850,2186
118000128,1003,1945,-942
118000129,1065,354,711
118000130,4092,6494,-2402
118000131,691,1173,-482
118000132,2303,1784,519
118000133,797,556,241
118000135,676,507,169
118000136,118,719,-601
118000137,1076,110,966
118000138,283,1561,-1278
118000139,317,218,99
118000140,3032,4852,-1820
118000141,2035,2800,-765
118000142,1520,2945,-1425
118000143,1701,1404,297
118000144,2350,1623,727
118000145,1647,3641,-1994
118000146,1094,1656,-562
118000147,715,2496,-1781
118000148,451,2024,-1573
118000149,837,1609,-772
118000150,386,250,136
118000151,328,629,-301
118000153,886,1793,-907
118000154,935,2874,-1939
118000155,979,2033,-1054
118000156,4168,3661,507
118000157,561,483,78
118000158,126,582,-456
118000159,21,82,-61
118000160,540,620,-80
118000161,444,1216,-772
118000162,1235,1380,-145
118000163,641,1132,-491
118000164,3510,2188,1322
118000168,3006,482,2524
118000169,1203,2545,-1342
118000170,5195,9937,-4742
118000171,294,1044,-750
118000172,167,468,-301
118000173,1074,1969,-895
118000175,271,437,-166
118000176,310,554,-244
118000177,192,770,-578
118000178,248,54,194
118000179,2414,1094,1320
118000180,979,1217,-238
118000181,943,478,465
118000182,288,453,-165
118000183,287,351,-64
118000184,607,1589,-982
118000185,1254,1160,94
118000186,806,1015,-209
118000187,1393,1000,393
118000188,764,386,378
118000189,464,1616,-1152
118000190,11,10,1
118000191,26,113,-87
118000192,21,139,-118
118000193,23,404,-381
118000194,3066,1496,1570
118000195,1374,636,738
118000196,1029,173,856
118000197,329,87,242
118000198,767,535,232
118000199,1236,450,786
118000200,105,560,-455
118000201,785,639,146
118000202,63,90,-27
118000203,1846,466,1380
118000204,217,362,-145
118000205,310,421,-111
118000206,234,323,-89
118000207,1,304,-303
118000208,1197,2218,-1021
118000209,2369,2801,-432
118000210,42,81,-39
118000211,5,33,-28
118000213,1398,1463,-65
118000214,835,615,220
118000215,309,505,-196
118000216,2617,6517,-3900
118000217,43,178,-135
118000218,67,179,-112
118000219,575,630,-55
118000220,0,59,-59
118000221,115,400,-285
118000222,67,29,38
118000223,26,64,-38
118000224,452,132,320
118000225,142,2064,-1922
118000226,1438,284,1154
118000227,1092,506,586
118000228,289,216,73
118000229,495,68,427
118000230,151,555,-404
118000231,90,428,-338
118000232,710,1628,-918
118000233,808,1450,-642
118000234,312,573,-261
118000236,519,786,-267
118000237,43,1094,-1051
118000238,152,723,-571
118000239,276,577,-301
118000240,1016,156,860
118000241,96,581,-485
118000242,417,998,-581
118000243,168,358,-190
118000244,35,257,-222
118000246,0,11,-11
118000255,46,272,-226
118000256,119,247,-128
118000259,18,82,-64
118000260,131,213,-82
118000261,47,246,-199
118000263,89,398,-309
118000266,102,885,-783
118000267,0,156,-156
118000268,699,6,693
118000270,65,70,-5
118000271,163,449,-286
118000272,94,49,45
118000273,144,126,18
118000274,96,540,-444
118000276,360,737,-377
118000295,5,112,-107
118000298,186,560,-374
118000299,32,196,-164
118000301,0,103,-103
118000302,92,138,-46
118000311,315,214,101
118000312,265,306,-41
118000313,62,343,-281
118000314,72,167,-95
118000315,69,101,-32
118000316,676,1163,-487
118000325,47,205,-158
118000326,31,66,-35
118000331,37,158,-121
118000332,9,104,-95
118000333,53,181,-128
118000335,186,0,186
118000336,2,723,-721
118000407,130,113,17
118000457,19,22,-3
118000465,4605,4289,316
118000480,15,334,-319
118000489,15,201,-186
118000490,26,549,-523
118000492,121,308,-187
118000510,114,19,95
118000514,255,720,-465
118000515,875,668,207
118000517,663,278,385
118000524,1113,319,794
118000525,1078,1401,-323
118000530,26,186,-160
118000531,190,444,-254
118000532,203,470,-267
118000533,517,250,267
118000534,738,550,188
118000535,232,199,33
118000536,1503,1871,-368
118000537,38,192,-154
118000538,22,312,-290
118000539,34,128,-94
118000540,365,583,-218
118000541,386,184,202
118000542,159,296,-137
118000543,396,368,28
118000546,22,51,-29
118000560,4983,1511,3472
118000562,42,980,-938
118000563,2758,2041,717
118000576,170,358,-188
118000577,178,144,34
118000578,184,187,-3
118000579,1121,1358,-237
118000595,157,82,75
118000596,0,97,-97
118000597,96,153,-57
118000598,5,0,5
118000599,18,84,-66
118000600,0,69,-69
118000601,5,0,5
118000602,0,41,-41
118000603,0,25,-25
118900001,2329,1798,531
118900002,1822,1007,815
118900003,252,83,169
118900004,41,152,-111
118900005,52,4,48
118900006,79,4,75
118900007,12,18,-6
118900008,1836,65,1771
118900009,39,37,2
118900010,67,5,62
118900011,139,42,97
118900012,411,328,83
118900013,840,118,722
118900015,190,75,115
118900016,1,24,-23
118900017,236,380,-144
118900018,2047,38,2009
118900019,47,9,38
118900020,181,180,1
118900021,201,701,-500
118900022,142,143,-1
118900023,192,195,-3
118900024,120,402,-282
118900025,102,31,71
118900026,48,142,-94
118900027,802,375,427
118900028,137,305,-168
118900029,196,898,-702
118900030,288,125,163
118900031,124,225,-101
118900032,165,357,-192
118900033,544,995,-451
118900034,135,17,118
118900035,176,460,-284
118900036,911,1394,-483
118900037,636,423,213
118900038,355,548,-193
118900039,464,408,56
118900040,135,308,-173
118900041,372,287,85
118900042,168,186,-18
118900045,311,249,62
118900046,938,226,712
118900047,1336,291,1045
118900048,422,319,103
118900049,110,58,52
118900050,11,133,-122
118900051,76,86,-10
118900052,446,422,24
118900053,42,138,-96
118900054,88,99,-11
118900055,55,231,-176
118900056,18,361,-343
118900057,639,439,200
118900058,510,650,-140
118900059,20,142,-122
118900060,43,127,-84
118900062,177,322,-145
118900064,931,630,301
118900065,64,257,-193
118900066,99,222,-123
118900067,8528,3394,5134
118900068,8,495,-487
118900069,435,475,-40
118900071,6,84,-78
118900072,529,619,-90
118900073,75,188,-113
118900074,95,257,-162
118900075,50,150,-100
118900076,471,84,387
118900077,200,310,-110
118900078,31,12,19
118900079,62,254,-192
118900080,12,183,-171
118900081,49,34,15
118900082,895,301,594
118900083,21,29,-8
118900084,14,27,-13
118900085,664,1427,-763
118900086,25,80,-55
118900087,22,248,-226
118900088,0,18,-18
118900089,28,13,15
118900090,559,806,-247
118900091,344,300,44
118900092,64,125,-61
118900093,156,15,141
118900096,55,21,34
118900097,219,1567,-1348
118900099,46,719,-673
118900100,170,425,-255
118900101,74,1234,-1160
118900102,32,97,-65
118900103,108,84,24
118900104,195,395,-200
118900105,266,118,148
118900107,299,167,132
118900108,75,159,-84
118900109,1342,197,1145
118900110,2925,910,2015
118900111,431,1283,-852
118900112,132,227,-95
118900113,113,1468,-1355
118900114,10,191,-181
118900115,121,791,-670
118900116,126,192,-66
118900117,101,213,-112
118900118,227,811,-584
118900119,110,462,-352
118900120,87,394,-307
118900121,20,683,-663
118900122,19,937,-918
118900123,120,374,-254
118900124,136,309,-173
118900126,23,437,-414
118900129,447,237,210
118900130,32,199,-167
118900131,115,404,-289
118900132,730,249,481
118900133,26,101,-75
118900135,172,347,-175
118900136,179,1380,-1201
118900137,5,42,-37
118900139,162,1350,-1188
118900140,429,1283,-854
118900141,75,590,-515
118900144,117,963,-846
118900145,35,352,-317
118900146,304,1423,-1119
118900147,311,98,213
118900148,49,160,-111
118900150,170,729,-559
118900152,508,1425,-917
118900157,145,296,-151
118900158,83,182,-99
118900159,2,475,-473
118900161,140,10,130
118900163,585,105,480
118900164,23,195,-172
118900165,84,529,-445
118900166,103,9,94
118900167,46,322,-276
118900168,10,138,-128
118900169,110,943,-833
118900170,83,232,-149
118900171,15,54,-39
118900174,59,160,-101
118900175,404,609,-205
118900176,128,295,-167
118900177,42,103,-61
118900178,63,208,-145
118900179,19,65,-46
118900181,54,133,-79
118900182,173,79,94
118900183,30,146,-116
118900184,244,97,147
118900185,64,225,-161
118900186,72,132,-60
118900187,259,580,-321
118900188,305,505,-200
118900189,40,832,-792
118900190,11,1204,-1193
118900191,182,116,66
118900192,180,78,102
118900193,303,29,274
118900195,606,2081,-1475
118900196,47,273,-226
118900197,115,204,-89
118900198,12,56,-44
118900199,36,86,-50
118900200,9,17,-8
118900201,16,21,-5
118900202,5,64,-59
118900203,5,70,-65
118900204,7,40,-33
118900205,19,30,-11
118900206,0,39,-39
119000001,1586,2634,-1048
119000002,3368,6587,-3219
119000003,2061,2829,-768
119000004,2156,2454,-298
119000005,2754,3091,-337
119000006,2073,2260,-187
119000007,3681,4359,-678
119000008,2287,3377,-1090
119000009,4395,4094,301
119000010,11638,5163,6475
119000011,8284,3405,4879
119000012,6173,4397,1776
119000013,2432,1598,834
119000014,3132,5107,-1975
119000019,273,350,-77
119000020,1367,2041,-674
119000021,3406,3045,361
119000022,6211,2850,3361
119000023,325,360,-35
119000024,2993,9611,-6618
119000025,21416,1985,19431
119000026,273,334,-61
119000027,671,596,75
119000028,3188,2128,1060
119000029,166,407,-241
119000030,524,1712,-1188
119000031,540,724,-184
119000032,2989,3594,-605
119000033,2627,3328,-701
119000034,967,1426,-459
119000035,36,590,-554
119000036,1184,2074,-890
119000037,1093,3595,-2502
119000038,140,2010,-1870
119000039,201,505,-304
119000040,1666,664,1002
119000041,1552,1487,65
119000048,5247,6309,-1062
119000049,1488,5831,-4343
119000050,2075,4026,-1951
119000051,2351,1613,738
119000052,3381,5234,-1853
119000053,2259,1914,345
119000054,3032,7240,-4208
119000055,3227,6098,-2871
119000056,2048,3177,-1129
119000057,1595,4799,-3204
119000058,2429,3867,-1438
119000059,1213,3380,-2167
119000060,1279,1232,47
119000061,1071,1475,-404
119000062,1037,1574,-537
119000063,477,361,116
119000064,1972,2512,-540
119000065,2357,4379,-2022
119000066,1661,1275,386
119000067,2287,4687,-2400
119000068,1315,1386,-71
119000069,1517,5220,-3703
119000070,1932,1570,362
119000071,630,1573,-943
119000072,12140,6498,5642
119000073,6571,7706,-1135
119000074,1101,6971,-5870
119000075,1100,3542,-2442
119000076,486,1414,-928
119000077,797,781,16
119000078,333,383,-50
119000079,94,1091,-997
119000080,225,478,-253
119000081,224,536,-312
119000082,653,455,198
119000083,467,515,-48
119000084,292,1022,-730
119000085,851,482,369
119000086,313,531,-218
119000087,2353,1686,667
119000088,296,233,63
119000089,64,211,-147
119000090,177,246,-69
119000091,181,424,-243
119000092,865,309,556
119000093,7340,6396,944
119000094,2268,8913,-6645
119000095,1710,5718,-4008
119000097,3609,3078,531
119000098,752,2349,-1597
119000099,3519,3833,-314
119000100,3364,2930,434
119000101,3195,3445,-250
119000102,922,827,95
119000103,1757,684,1073
119000104,5963,2528,3435
119000105,1051,1707,-656
119000106,390,4035,-3645
119000107,660,810,-150
119000108,352,2349,-1997
119000109,119,400,-281
119000110,450,550,-100
119000111,56,600,-544
119000112,189,158,31
119000113,2769,484,2285
119000114,1254,865,389
119000115,176,281,-105
119000116,103,123,-20
119000117,147,552,-405
119000118,1,16,-15
119000123,5565,1104,4461
119000124,575,442,133
119000125,2533,1976,557
119000126,315,1642,-1327
119000127,375,1708,-1333
119000128,24,6,18
119000131,776,1866,-1090
119000132,5,11,-6
119000133,1,12,-11
119000134,4685,904,3781
119000135,160,334,-174
119000136,186,500,-314
119000137,162,1068,-906
119000138,302,735,-433
119000139,253,526,-273
119000140,177,398,-221
119000284,1741,4469,-2728
119000285,3070,3474,-404
119000286,9765,7880,1885
119000287,1764,3422,-1658
119000288,2355,2892,-537
119000289,3093,6263,-3170
119000290,243,1074,-831
119000291,6,675,-669
119000293,70,276,-206
119000294,24,47,-23
119000295,4071,912,3159
119000296,135,124,11
119000302,5712,1818,3894
119000303,49,423,-374
119000314,1978,9041,-7063
119000315,4,1198,-1194
119000316,52,158,-106
119000317,26,654,-628
119900001,245,1077,-832
119900002,99,466,-367
119900003,91,2169,-2078
119900004,514,730,-216
119900005,140,302,-162
119900006,218,524,-306
119900007,995,147,848
119900008,25,41,-16
119900009,473,834,-361
119900010,1198,1489,-291
119900011,20,68,-48
119900012,47,106,-59
119900013,1967,1073,894
119900014,551,385,166
119900015,108,34,74
119900016,40,197,-157
119900017,27,53,-26
119900018,2379,627,1752
119900019,30,5,25
119900020,100,236,-136
119900021,110,116,-6
119900022,212,408,-196
119900023,1665,827,838
119900025,126,42,84
119900026,1864,219,1645
119900027,16,45,-29
119900028,247,137,110
119900029,4,12,-8
119900030,692,674,18
119900031,37,277,-240
119900033,2530,320,2210
119900034,238,339,-101
119900037,122,75,47
119900038,77,273,-196
119900039,28,7,21
119900040,149,14,135
119900041,81,94,-13
119900042,79,313,-234
119900043,60,353,-293
119900044,317,581,-264
119900046,73,113,-40
119900047,234,60,174
119900048,26,69,-43
119900049,63,17,46
119900050,108,116,-8
119900051,837,15,822
119900052,34,113,-79
119900053,141,399,-258
119900054,81,11,70
119900055,1005,495,510
119900057,167,188,-21
119900058,183,4,179
119900059,167,77,90
119900060,150,13,137
119900061,239,11,228
119900062,42,63,-21
119900063,4,56,-52
119900064,365,83,282
119900065,222,18,204
119900066,1,0,1
119900067,34,60,-26
119900068,318,2,316
119900069,35,9,26
119900070,755,31,724
119900071,449,13,436
119900072,251,1011,-760
119900073,2860,799,2061
119900074,35,28,7
119900075,10345,3130,7215
119900076,326,1007,-681
119900077,568,2438,-1870
119900078,278,1302,-1024
119900079,137,503,-366
119900080,386,516,-130
119900081,23,126,-103
119900082,982,595,387
119900083,484,110,374
119900084,1509,413,1096
119900085,306,163,143
119900086,88,1061,-973
119900087,883,485,398
119900088,63,128,-65
119900089,39,1054,-1015
119900090,268,128,140
119900091,57,2623,-2566
119900092,54,1041,-987
119900093,1539,280,1259
119900094,17,243,-226
119900095,289,174,115
119900096,46,144,-98
119900097,951,223,728
119900098,83,147,-64
119900099,47,478,-431
119900100,5197,2707,2490
119900101,273,1478,-1205
119900102,47,640,-593
119900103,33,1091,-1058
119900104,40,537,-497
119900105,1033,1954,-921
119900106,10,454,-444
119900107,601,7238,-6637
119900108,3193,1338,1855
119900109,21,638,-617
119900110,522,1114,-592
119900111,98,673,-575
119900112,5691,918,4773
119900113,101,798,-697
119900114,219,2941,-2722
119900115,214,2429,-2215
119900116,163,551,-388
119900117,224,1873,-1649
119900118,48,2365,-2317
119900119,237,449,-212
119900120,807,1370,-563
119900121,263,2694,-2431
119900122,439,666,-227
119900123,251,548,-297
119900124,179,2136,-1957
119900125,63,656,-593
119900126,9575,472,9103
119900127,5248,1625,3623
119900128,374,1453,-1079
119900129,221,1923,-1702
119900130,60,486,-426
119900131,38,663,-625
119900132,8,890,-882
119900133,65,66,-1
119900134,4341,458,3883
119900135,8,1088,-1080
119900136,229,969,-740
119900138,614,1174,-560
119900139,26,127,-101
119900140,3,188,-185
119900141,260,686,-426
119900142,27,47,-20
119900143,8,224,-216
119900144,3497,450,3047
119900145,90,501,-411
119900146,206,265,-59
119900147,5,239,-234
119900148,120,100,20
119900149,3311,3148,163
119900150,167,371,-204
119900151,2601,1310,1291
119900152,84,1034,-950
119900153,102,127,-25
119900154,30,647,-617
119900155,21,59,-38
119900156,18,5,13
119900157,76,498,-422
119900158,146,104,42
119900159,7,3363,-3356
119900160,104,560,-456
119900161,185,618,-433
119900162,817,1183,-366
119900163,141,208,-67
119900164,0,0,0
119900165,89,494,-405
119900166,93,40,53
119900167,169,256,-87
119900168,732,703,29
119900169,209,452,-243
119900170,209,240,-31
119900171,772,947,-175
119900172,213,33,180
119900173,8,1014,-1006
119900174,12,535,-523
119900175,1000,1067,-67
119900177,29,353,-324
119900178,11,378,-367
119900179,94,249,-155
119900180,867,923,-56
119900181,54,78,-24
119900182,7,1370,-1363
119900183,133,1555,-1422
119900184,6788,1107,5681
119900185,60,156,-96
119900186,102,513,-411
119900187,13,1323,-1310
119900188,72,431,-359
119900189,569,368,201
119900190,59,170,-111
119900191,328,251,77
119900192,61,367,-306
119900193,254,281,-27
119900194,28,63,-35
119900195,22,559,-537
119900196,3365,743,2622
119900197,213,168,45
119900198,104,689,-585
119900199,157,25,132
119900200,464,848,-384
119900201,612,381,231
119900202,299,187,112
119900203,187,491,-304
119900204,217,617,-400
119900205,423,1318,-895
119900206,99,264,-165
119900208,161,192,-31
119900209,475,1156,-681
119900210,37,73,-36
119900211,129,35,94
119900212,127,356,-229
119900213,5,69,-64
119900214,24,139,-115
119900215,45,137,-92
119900216,10,186,-176
119900217,27,132,-105
119900218,19,130,-111
119900219,13,241,-228
119900220,6,273,-267
119900221,35,957,-922
119900222,9,532,-523
119900223,41,242,-201
119900224,20,66,-46
119900225,2283,92,2191
119900226,1533,1958,-425
119900227,2156,810,1346
119900228,64,611,-547
119900229,405,996,-591
119900230,2367,1216,1151
119900231,189,337,-148
119900232,234,96,138
119900233,41,5,36
119900234,11,100,-89
119900235,60,44,16
119900236,21,486,-465
119900237,65,1543,-1478
119900238,1,194,-193
119900240,74,227,-153
119900241,220,468,-248
119900242,3789,2811,978
119900244,1527,1595,-68
119900245,106,265,-159
119900246,311,476,-165
119900247,55,81,-26
119900248,44,117,-73
119900249,180,90,90
119900253,8600,688,7912
119900254,106,417,-311
119900255,77,819,-742
119900256,383,2373,-1990
119900257,36,2,34
119900258,78,74,4
119900259,14,429,-415
119900260,105,9,96
119900261,329,306,23
119900262,1,574,-573
119900263,1262,711,551
119900264,55,583,-528
119900265,273,531,-258
119900266,144,649,-505
119900267,268,703,-435
119900268,128,382,-254
119900269,800,2449,-1649
119900271,36,190,-154
119900272,188,175,13
119900275,83,12,71
119900276,35,0,35
119900277,49,48,1
119900278,534,98,436
119900279,179,330,-151
119900280,1766,344,1422
119900281,1,125,-124
119900282,68,29,39
119900283,17,745,-728
119900284,59,191,-132
119900285,43,78,-35
119900286,28,27,1
119900288,15,59,-44
119900289,1,59,-58
119900290,2,109,-107
119900291,65,129,-64
119900292,22,17,5
119900293,28,125,-97
119900294,26,119,-93
119900295,1,79,-78
119900296,21,413,-392
119900297,1,32,-31
119900298,4,11,-7
119900299,44,571,-527
119900300,173,475,-302
119900301,165,122,43
119900302,147,171,-24
119900303,154,400,-246
119900304,98,35,63
119900305,41,194,-153
119900306,26,1,25
119900307,35,374,-339
119900308,8,30,-22
119900309,22,69,-47
119900310,288,597,-309
119900311,21,324,-303
119900312,70,176,-106
119900313,282,733,-451
119900314,165,472,-307
119900315,999,5707,-4708
119900318,16,34,-18
119900319,2,559,-557
119900320,108,1263,-1155
119900321,39,3,36
120000001,15246,16350,-1104
120000002,2616,4666,-2050
120000003,4477,2935,1542
120000004,3456,3737,-281
120000005,6106,3118,2988
120000006,1327,1974,-647
120000007,4963,3617,1346
120000008,1370,2242,-872
120000009,8277,1289,6988
120000010,2283,5225,-2942
120000011,1950,4119,-2169
120000012,2109,5620,-3511
120000013,3130,4875,-1745
120000014,881,2861,-1980
120000015,3506,2529,977
120000016,3939,4377,-438
120000017,3305,3483,-178
120000018,9176,13299,-4123
120000019,978,1928,-950
120000020,4651,4069,582
120000021,2579,2859,-280
120000022,3498,4816,-1318
120000023,1017,2514,-1497
120000024,1437,3462,-2025
120000025,2303,3366,-1063
120000026,1214,2720,-1506
120000027,1556,2354,-798
120000028,1358,928,430
120000029,4260,1041,3219
120000030,103,1000,-897
120000031,2169,9633,-7464
120000032,17764,5212,12552
120000033,4437,3309,1128
120000034,1803,4134,-2331
120000035,2557,5171,-2614
120000036,3583,7393,-3810
120000037,824,1904,-1080
120000038,19675,5261,14414
120000039,497,1683,-1186
120000040,75,243,-168
120000041,748,3384,-2636
120000042,1952,7707,-5755
120000043,5617,5802,-185
120000044,4170,2044,2126
120000045,4380,1433,2947
120000046,2396,2801,-405
120000047,3992,4867,-875
120000048,15467,6131,9336
120000049,4498,4896,-398
120000050,4670,8988,-4318
120000051,5741,8412,-2671
120000052,27497,4555,22942
120000053,1280,7798,-6518
120000054,1907,12430,-10523
120000055,1859,10835,-8976
120000056,3871,10670,-6799
120000057,2205,1485,720
120000058,645,393,252
120000059,99,1329,-1230
120000061,162,1016,-854
120000062,198,490,-292
120000063,2485,5467,-2982
120000064,241,3156,-2915
120000065,656,3859,-3203
120000066,205,914,-709
120000067,55,1148,-1093
120000068,226,2186,-1960
120000069,876,2960,-2084
120000070,47,1696,-1649
120000071,219,353,-134
120000072,418,809,-391
120000073,460,220,240
120000074,100,152,-52
120000075,591,396,195
120000076,1144,584,560
120000077,1332,671,661
120000078,3601,1225,2376
120000079,164,127,37
120000080,47,185,-138
120000081,176,148,28
120000082,164,163,1
120000083,78,331,-253
120000084,601,921,-320
120000085,365,557,-192
120000086,297,1057,-760
120000087,203,2314,-2111
120000088,835,2719,-1884
120000089,1199,1189,10
120000090,559,1007,-448
120000091,768,1729,-961
120000092,1315,904,411
120000093,397,816,-419
120000094,173,762,-589
120000095,1106,1188,-82
120000096,304,2179,-1875
120000098,955,1870,-915
120000099,338,1208,-870
120000100,871,1524,-653
120000101,597,828,-231
120000102,513,744,-231
120000103,1103,772,331
120000104,1513,492,1021
120000105,2289,548,1741
120000106,1695,559,1136
120000107,2653,745,1908
120000108,781,165,616
120000109,874,110,764
120000110,126,1894,-1768
120000111,186,2597,-2411
120000112,1092,8002,-6910
120000113,694,6035,-5341
120000114,1081,6385,-5304
120000115,480,5265,-4785
120000116,858,4065,-3207
120000117,2550,3399,-849
120000118,64,58,6
120000119,70,94,-24
120000120,123,73,50
120000121,38,124,-86
120000122,535,445,90
120000123,12049,5073,6976
120000124,403,983,-580
120000125,535,1192,-657
120000126,276,1360,-1084
120000127,3012,1485,1527
120000128,5789,4198,1591
120000129,447,589,-142
120000130,983,1531,-548
120000131,217,643,-426
120000134,547,2886,-2339
120000135,263,494,-231
120000137,180,4666,-4486
120000138,503,912,-409
120000139,217,2354,-2137
120000140,544,1186,-642
120000141,175,996,-821
120000142,294,1058,-764
120000143,1,184,-183
120000144,70,2,68
120000145,248,3,245
120000146,4405,1367,3038
120000149,748,1600,-852
120000150,8690,11574,-2884
120000151,424,980,-556
120000152,380,647,-267
120000153,297,1976,-1679
120000154,470,636,-166
120000155,105,387,-282
120000156,3171,888,2283
120000157,1182,1290,-108
120000158,985,1944,-959
120000159,2123,3723,-1600
120000160,2561,2045,516
120000161,1637,4617,-2980
120000162,138,392,-254
120000163,517,2912,-2395
120000164,360,983,-623
120000165,369,2012,-1643
120000166,1049,1118,-69
120000167,30,83,-53
120000168,13,253,-240
120000169,167,699,-532
120000170,206,297,-91
120000171,45,82,-37
120000172,30,60,-30
120000173,3669,317,3352
120000174,655,17,638
120000175,1117,19,1098
120000176,627,50,577
120000177,1995,429,1566
120000178,87,10,77
120000179,643,39,604
120000180,832,143,689
120000181,139,313,-174
120000182,115,140,-25
120000183,6,192,-186
120000184,126,1203,-1077
120000186,109,131,-22
120000187,113,69,44
120000188,422,85,337
120000190,1918,30,1888
120000191,3115,37,3078
120000192,3084,16,3068
120000193,874,4,870
120000195,101,3,98
120000196,448,81,367
120000197,166,244,-78
120000198,184,282,-98
120000199,69,2,67
120000200,76,1,75
120000201,11,21,-10
120000202,2,204,-202
120000203,73,773,-700
120000207,5,177,-172
120000208,15,603,-588
120000209,0,155,-155
120000210,263,209,54
120000211,103,4,99
120000212,103,0,103
120000213,65,624,-559
120000214,5,840,-835
120000215,5,323,-318
120000216,61,5,56
120000217,1533,2465,-932
120000218,361,2101,-1740
120000219,15,1466,-1451
120000220,22,5000,-4978
120000225,981,3,978
120000226,243,4,239
120000227,730,35,695
120000228,10381,3376,7005
120000230,287,17,270
120000231,1082,4729,-3647
120000233,203,132,71
120000235,156,1481,-1325
120000236,681,0,681
120000237,12,4924,-4912
120000238,1,200,-199
120000241,1747,5949,-4202
120000412,3341,32,3309
120000413,190,855,-665
120000414,60,10,50
120000415,1,396,-395
120000416,57,15,42
120000417,0,214,-214
120000418,122,28,94
120000419,15,1245,-1230
120000420,113,69,44
120000421,27499,9540,17959
120000422,396,716,-320
120000423,4,85,-81
120000424,82,265,-183
120000436,122,487,-365
120000437,280,402,-122
120000438,9088,707,8381
120000439,172,463,-291
120000443,123,0,123
120000444,957,1432,-475
120000445,2237,2054,183
120000446,1915,509,1406
120000447,120,11,109
120000449,59,16,43
120000450,3,753,-750
120000451,221,628,-407
120000452,69,2,67
120000453,1,638,-637
120000454,108,62,46
120000455,133,151,-18
120000456,5361,4631,730
120000457,3842,1554,2288
120000458,808,1351,-543
120000459,52,166,-114
120000665,1592,180,1412
120000668,125,432,-307
120000669,66,862,-796
120000670,260,610,-350
120000671,1091,383,708
120000672,120,711,-591
120900001,81,74,7
120900002,509,499,10
120900003,301,69,232
120900004,9,105,-96
120900005,4,2347,-2343
120900006,279,266,13
120900007,133,353,-220
120900008,208,2331,-2123
120900009,261,52,209
120900010,343,115,228
120900011,678,240,438
120900012,2161,1242,919
120900013,318,68,250
120900014,3,1806,-1803
120900015,327,130,197
120900016,606,91,515
120900017,5356,176,5180
120900018,96,1093,-997
120900019,752,208,544
120900020,1292,1157,135
120900021,605,148,457
120900022,33,904,-871
120900023,234,78,156
120900024,1974,674,1300
120900025,2860,1466,1394
120900026,132,458,-326
120900027,711,146,565
120900028,292,47,245
120900029,198,365,-167
120900030,1102,822,280
120900031,196,83,113
120900032,614,314,300
120900033,1014,73,941
120900034,35,2736,-2701
120900035,83,487,-404
120900037,205,13,192
120900038,74,168,-94
120900039,93,51,42
120900040,184,3,181
120900041,252,91,161
120900042,313,97,216
120900043,40,35,5
120900044,11,903,-892
120900045,170,431,-261
120900046,328,3,325
120900047,123,58,65
120900048,62,42,20
120900049,268,0,268
120900050,7814,1873,5941
120900051,234,150,84
120900052,416,9,407
120900053,120,155,-35
120900054,1982,1818,164
120900055,248,0,248
120900056,405,15,390
120900057,116,46,70
120900058,314,1,313
120900059,67,2,65
120900060,29,60,-31
120900061,296,1086,-790
120900062,144,1,143
120900063,352,14,338
120900064,300,0,300
120900065,365,16,349
120900066,174,614,-440
120900067,213,61,152
120900068,251,1,250
120900069,122,111,11
120900071,15,0,15
120900072,511,7,504
120900073,272,441,-169
120900074,729,16,713
120900076,227,1,226
120900077,8576,532,8044
120900078,659,1584,-925
120900079,595,208,387
120900080,428,3991,-3563
120900081,723,3085,-2362
120900082,986,387,599
120900083,233,185,48
120900084,251,357,-106
120900085,220,201,19
120900086,366,310,56
120900087,351,184,167
120900088,323,414,-91
120900089,9243,2555,6688
120900090,131,384,-253
120900091,513,483,30
120900092,1607,1442,165
120900093,7248,450,6798
120900094,696,485,211
120900095,428,46,382
120900096,49,271,-222
120900097,914,2004,-1090
120900098,343,275,68
120900099,114,185,-71
120900100,79,679,-600
120900101,907,509,398
120900102,17,147,-130
120900103,32,222,-190
120900104,41,103,-62
120900105,42,1401,-1359
120900106,1792,1164,628
120900107,494,294,200
120900108,9,1647,-1638
120900109,39,1507,-1468
120900110,8,1018,-1010
120900111,183,674,-491
120900112,11,2949,-2938
120900113,23,1750,-1727
120900114,46,411,-365
120900115,189,259,-70
120900116,212,1492,-1280
120900117,12,1067,-1055
120900118,5,1740,-1735
120900119,4895,5915,-1020
120900120,65,1334,-1269
120900121,137,869,-732
120900122,318,1601,-1283
120900123,9,1134,-1125
120900124,6,1439,-1433
120900125,11,2579,-2568
120900126,2076,1741,335
120900127,10,1092,-1082
120900128,1346,1955,-609
120900129,63,716,-653
120900130,0,534,-534
120900131,18,195,-177
120900132,642,895,-253
120900133,308,2174,-1866
120900134,683,937,-254
120900135,9,1270,-1261
120900136,16,89,-73
120900137,187,283,-96
120900138,19,414,-395
120900139,6,1781,-1775
120900140,1,114,-113
120900141,156,269,-113
120900142,37,1877,-1840
120900143,9,1972,-1963
120900144,10,509,-499
120900145,50,1618,-1568
120900146,9,2234,-2225
120900147,0,591,-591
120900148,122,209,-87
120900149,1,799,-798
120900150,37,1349,-1312
120900151,5,1404,-1399
120900152,0,66,-66
120900153,19,127,-108
120900154,1,767,-766
120900155,159,2350,-2191
120900156,51,596,-545
120900157,26,361,-335
120900158,29,931,-902
120900159,52,384,-332
120900160,46,678,-632
120900161,12,1077,-1065
120900162,27,980,-953
120900163,26,284,-258
120900164,0,3,-3
120900165,0,4,-4
120900166,94,381,-287
120900167,538,230,308
120900169,46,1240,-1194
120900170,5219,2244,2975
120900171,2147,607,1540
120900172,1763,250,1513
120900173,12,105,-93
120900174,7,297,-290
120900175,342,583,-241
120900176,19,354,-335
120900177,2,950,-948
120900178,3,472,-469
120900179,1357,943,414
120900180,177,100,77
120900181,55,65,-10
120900182,24,862,-838
120900183,342,257,85
120900184,141,216,-75
120900185,4,683,-679
120900186,1,1056,-1055
120900187,479,1460,-981
120900188,104,16,88
120900189,368,774,-406
120900190,32,36,-4
120900191,2,47,-45
120900192,24117,4403,19714
120900194,13,96,-83
120900195,167,490,-323
120900196,674,80,594
120900197,495,115,380
120900198,374,1318,-944
120900199,458,3007,-2549
120900200,150,251,-101
120900201,1003,288,715
120900202,1,468,-467
120900203,18,107,-89
120900204,234,850,-616
120900205,73,178,-105
120900206,15,30,-15
121000001,1323,1845,-522
121000002,3893,2607,1286
121000003,6778,3079,3699
121000004,4056,7776,-3720
121000005,3061,4092,-1031
121000006,4786,2139,2647
121000007,4676,4678,-2
121000008,10000,4907,5093
121000009,9974,9945,29
121000010,14534,9990,4544
121000011,15352,24154,-8802
121000012,23483,18095,5388
121000013,8222,13923,-5701
121000014,9577,11958,-2381
121000015,8966,10290,-1324
121000016,7199,6913,286
121000017,2447,5424,-2977
121000018,2911,2905,6
121000019,29270,13176,16094
121000020,18894,14072,4822
121000021,3949,5194,-1245
121000022,2073,2723,-650
121000023,5975,4967,1008
121000024,4481,5130,-649
121000025,909,1804,-895
121000026,358,234,124
121000027,2168,1545,623
121000028,1086,731,355
121000029,1170,1151,19
121000030,114,129,-15
121000031,841,1014,-173
121000032,198,88,110
121000034,655,261,394
121000035,342,103,239
121000036,1878,1306,572
121000037,809,926,-117
121000038,983,1043,-60
121000039,656,625,31
121000041,542,789,-247
121000042,275,521,-246
121000043,1238,1147,91
121000044,2588,977,1611
121000045,615,702,-87
121000046,719,1635,-916
121000047,78,140,-62
121000049,2663,911,1752
121000050,370,1458,-1088
121000051,901,542,359
121000052,398,953,-555
121000053,612,118,494
121000054,79,326,-247
121000055,1922,1823,99
121000056,1122,1454,-332
121000057,184,494,-310
121000058,345,178,167
121000059,2859,1889,970
121000060,412,1115,-703
121000061,199,258,-59
121000062,144,368,-224
121000063,832,738,94
121000064,579,577,2
121000065,668,718,-50
121000066,503,396,107
121000067,1443,698,745
121000068,841,456,385
121000069,1427,767,660
121000070,2496,2098,398
121000071,1432,1470,-38
121000072,1735,1265,470
121000073,1307,1192,115
121000074,147,203,-56
121000075,91,336,-245
121000076,2269,706,1563
121000077,243,229,14
121000078,149,120,29
121000080,3979,1097,2882
121000081,6041,3526,2515
121000082,146,264,-118
121000083,294,232,62
121000084,217,175,42
121000085,359,628,-269
121000086,209,1166,-957
121000087,93,375,-282
121000088,479,1397,-918
121000089,719,497,222
121000090,621,607,14
121000091,2327,1391,936
121000092,193,191,2
121000093,181,386,-205
121000094,542,884,-342
121000095,360,769,-409
121000096,3416,5463,-2047
121000097,1850,3289,-1439
121000098,427,2206,-1779
121000099,442,1499,-1057
121000100,816,874,-58
121000101,231,522,-291
121000102,209,557,-348
121000103,213,548,-335
121000104,280,295,-15
121000105,405,368,37
121000106,271,750,-479
121000107,3413,6239,-2826
121000109,2212,1944,268
121000110,580,827,-247
121000114,4333,3332,1001
121000115,1619,1290,329
121000116,552,1610,-1058
121000117,1409,487,922
121000118,1543,490,1053
121000119,292,583,-291
121000120,283,610,-327
121000121,602,1728,-1126
121000123,2059,1006,1053
121000126,127,470,-343
121000127,255,166,89
121000128,814,717,97
121000129,674,725,-51
121000130,595,2102,-1507
121000131,2957,1981,976
121000132,1990,2276,-286
121000135,632,880,-248
121000136,1654,647,1007
121000137,615,353,262
121000138,1174,803,371
121000139,761,171,590
121000141,293,201,92
121000142,1097,913,184
121000143,200,37,163
121000144,1592,1694,-102
121000145,646,2110,-1464
121000146,1584,1545,39
121000147,1038,913,125
121000148,1187,1649,-462
121000149,2440,1814,626
121000152,693,1067,-374
121000153,2733,1230,1503
121000154,1213,1355,-142
121000155,2043,1802,241
121000156,477,1795,-1318
121000157,2071,3774,-1703
121000158,397,1210,-813
121000159,175,1043,-868
121000160,375,1203,-828
121000161,139,566,-427
121000162,77,456,-379
121000165,3168,2382,786
121000166,54,721,-667
121000168,407,421,-14
121000169,45,254,-209
121000170,344,247,97
121000171,119,274,-155
121000172,704,617,87
121000173,1588,1068,520
121000174,255,498,-243
121000175,832,703,129
121000176,411,292,119
121000177,914,584,330
121000178,184,92,92
121000179,206,109,97
121000181,461,637,-176
121000182,151,217,-66
121000183,66,154,-88
121000184,97,166,-69
121000185,36,170,-134
121000186,143,492,-349
121000187,176,417,-241
121000188,136,410,-274
121000192,696,720,-24
121000193,765,689,76
121000194,3698,3138,560
121000195,461,1520,-1059
121000196,837,278,559
121000197,392,1389,-997
121000198,467,108,359
121000199,126,770,-644
121000200,391,110,281
121000201,12,361,-349
121000202,249,7,242
121000203,891,4137,-3246
121000204,2386,1055,1331
121000205,163,553,-390
121000206,197,41,156
121000207,1661,833,828
121000208,7,689,-682
121000209,209,748,-539
121000210,298,1221,-923
121000211,309,211,98
121000212,281,1682,-1401
121000213,16153,4529,11624
121000214,1355,2963,-1608
121000215,1946,1720,226
121000216,590,727,-137
121000217,6349,4084,2265
121000218,651,2837,-2186
121000219,2273,689,1584
121000220,359,102,257
121000221,242,423,-181
121000222,3736,3796,-60
121000223,676,421,255
121000224,472,194,278
121000225,3115,1548,1567
121000226,7375,939,6436
121000227,22,492,-470
121000228,33,1478,-1445
121000229,219,874,-655
121000230,87,3027,-2940
121000231,911,73,838
121000232,559,285,274
121000233,612,508,104
121000234,9,64,-55
121000235,84,37,47
121000236,2,75,-73
121000237,10,9,1
121000238,4,127,-123
121000239,23,3,20
121000240,7,423,-416
121000241,60,16,44
121000242,40,240,-200
121000243,221,53,168
121000244,2,94,-92
121000245,13,10,3
121000246,1,84,-83
121000247,44,2,42
121000248,508,734,-226
121000249,132,370,-238
121000250,550,94,456
121000251,20,1068,-1048
121000252,82,45,37
121000253,231,872,-641
121000254,441,419,22
121000255,214,233,-19
121000256,403,221,182
121000257,63,97,-34
121000258,111,64,47
121000259,49,54,-5
121000260,83,263,-180
121000261,84,82,2
121000262,1508,1519,-11
121000263,450,722,-272
121000271,341,2848,-2507
121000273,245,14,231
121000274,21,68,-47
121000275,3,30,-27
121000276,2,10,-8
121000278,28,100,-72
121000279,83,23,60
121000280,51,69,-18
121000289,327,48,279
121000290,2192,992,1200
121000294,82,227,-145
121000297,1655,1584,71
121000299,340,355,-15
121000300,1325,811,514
121000302,154,1351,-1197
121000303,587,638,-51
121000304,496,73,423
121000305,163,80,83
121000306,134,194,-60
121000308,225,739,-514
121000309,541,1187,-646
121000310,179,656,-477
121000311,111,1348,-1237
121000312,529,431,98
121000313,889,990,-101
121000314,105,114,-9
121000315,39,131,-92
121000530,1179,2593,-1414
121000531,1213,2281,-1068
121000532,8372,7178,1194
121000533,2858,3861,-1003
121000918,48,271,-223
121000919,79,94,-15
121000938,215,208,7
121000939,224,165,59
121000956,896,2945,-2049
121000957,3,7,-4
121000958,320,96,224
121000959,645,1625,-980
121000960,1694,3953,-2259
121000961,147,47,100
121000962,439,1411,-972
121000973,3,491,-488
121000976,14,279,-265
121000979,425,154,271
121000981,184,122,62
121000982,243,490,-247
121000983,540,710,-170
121000984,41,82,-41
121000985,544,1759,-1215
121000986,172,890,-718
121000987,330,3373,-3043
121000988,713,146,567
121001302,490,166,324
121001308,14,9,5
121001309,250,228,22
121001313,156,463,-307
121001314,4563,5874,-1311
121001315,5222,2707,2515
121900001,82,202,-120
121900002,71,38,33
121900003,396,33,363
121900004,195,703,-508
121900005,13,5,8
121900006,168,10,158
121900007,4364,3143,1221
121900008,2037,1080,957
121900009,831,25,806
121900010,264,0,264
121900011,282,648,-366
121900012,3,0,3
121900013,1552,60,1492
121900014,1883,455,1428
121900015,198,299,-101
121900016,5,32,-27
121900017,548,873,-325
121900018,326,9,317
121900019,483,404,79
121900020,39,3,36
121900021,753,16,737
121900022,136,240,-104
121900023,102,775,-673
121900024,529,120,409
121900025,518,594,-76
121900026,583,76,507
121900027,397,230,167
121900028,298,20,278
121900029,141,392,-251
121900030,798,749,49
121900031,2320,8706,-6386
121900032,124,129,-5
121900033,191,245,-54
121900034,396,126,270
121900035,4539,2730,1809
121900036,131,985,-854
121900037,189,970,-781
121900038,32,238,-206
121900039,492,54,438
121900040,41,110,-69
121900041,107,210,-103
121900042,386,186,200
121900043,0,7,-7
121900044,386,101,285
121900045,532,536,-4
121900046,292,331,-39
121900047,205,62,143
121900048,32,292,-260
121900050,18,54,-36
121900051,231,234,-3
121900052,179,73,106
121900053,303,439,-136
121900054,595,1383,-788
121900055,6,11,-5
121900058,358,348,10
121900059,406,164,242
121900060,206,453,-247
121900061,243,224,19
121900062,150,147,3
121900063,1055,407,648
121900064,262,1333,-1071
121900066,28,35,-7
121900067,27,68,-41
121900069,202,244,-42
121900070,324,170,154
121900071,221,311,-90
121900072,27,234,-207
121900073,273,282,-9
121900074,1017,949,68
121900075,1443,505,938
121900076,478,821,-343
121900077,14,99,-85
121900078,53,80,-27
121900079,1,0,1
121900080,1068,775,293
121900082,24,193,-169
121900083,397,314,83
121900084,3,332,-329
121900085,2,35,-33
121900086,22,101,-79
121900087,225,99,126
121900088,3450,5356,-1906
121900089,150,564,-414
121900090,25,181,-156
121900091,23,174,-151
121900092,132,179,-47
121900093,66,112,-46
121900094,22,8,14
121900095,187,123,64
121900096,1973,904,1069
121900097,413,220,193
121900098,6,5,1
121900099,277,165,112
121900100,232,336,-104
121900101,153,165,-12
121900102,24,216,-192
121900103,762,271,491
121900104,1558,406,1152
121900105,199,154,45
121900106,9,6,3
121900107,27,43,-16
121900108,0,66,-66
121900109,456,175,281
121900110,335,2069,-1734
121900111,1150,143,1007
121900112,147,139,8
121900113,132,457,-325
121900114,60,107,-47
121900115,106,480,-374
121900117,304,39,265
121900118,3468,584,2884
121900119,133,146,-13
121900120,37,1976,-1939
121900121,953,145,808
121900122,15,54,-39
121900123,272,750,-478
121900124,104,343,-239
121900125,2079,1886,193
121900127,18,154,-136
121900128,105,203,-98
121900129,1301,230,1071
121900130,160,318,-158
121900131,250,151,99
121900132,98,195,-97
121900133,103,624,-521
121900134,30,167,-137
121900135,3736,419,3317
121900136,303,578,-275
121900137,76,509,-433
121900138,98,423,-325
121900139,524,741,-217
121900140,123,299,-176
121900141,51,37,14
121900142,83,174,-91
121900143,6,202,-196
121900144,257,500,-243
121900145,307,307,0
121900146,829,1140,-311
121900147,64,313,-249
121900148,164,381,-217
121900149,578,1029,-451
121900150,92,267,-175
121900151,72,278,-206
121900152,75,220,-145
121900153,120,771,-651
121900154,6,259,-253
121900155,5,270,-265
121900156,130,153,-23
121900157,8,672,-664
121900158,95,108,-13
121900159,2,314,-312
121900160,35,250,-215
121900161,489,666,-177
121900162,128,182,-54
121900163,195,1071,-876
121900164,482,308,174
121900165,290,327,-37
121900166,202,303,-101
121900167,213,141,72
121900168,295,168,127
121900169,10,531,-521
121900170,7,294,-287
121900171,597,980,-383
121900172,419,446,-27
121900173,1205,295,910
121900174,21,53,-32
121900175,218,222,-4
121900176,854,3256,-2402
121900177,165,63,102
121900178,14,6,8
121900179,261,196,65
121900180,8538,3848,4690
121900182,1183,469,714
121900183,532,718,-186
121900184,66,847,-781
121900185,134,227,-93
121900186,7,552,-545
121900187,30,186,-156
121900188,800,530,270
121900189,57,145,-88
121900190,279,801,-522
121900191,75,279,-204
121900192,547,1060,-513
121900193,11,77,-66
121900194,8,263,-255
121900195,150,124,26
121900196,1172,1422,-250
121900197,453,3559,-3106
121900198,1662,1818,-156
121900199,3,44,-41
121900200,122,262,-140
121900201,1801,685,1116
121900202,176,532,-356
121900203,337,1704,-1367
121900204,1452,1351,101
121900205,103,329,-226
121900206,15,27,-12
121900207,261,63,198
121900208,230,465,-235
121900209,83,28,55
121900210,1838,2224,-386
121900211,1,235,-234
121900212,129,185,-56
121900213,132,145,-13
121900214,8,1076,-1068
121900215,40,94,-54
121900216,34,140,-106
121900217,372,147,225
121900218,495,873,-378
121900219,499,82,417
121900220,144,19,125
121900221,369,948,-579
121900222,205,256,-51
121900223,291,149,142
121900224,127,105,22
121900225,255,93,162
121900226,460,1329,-869
121900227,168,619,-451
121900228,210,406,-196
121900229,284,307,-23
121900230,143,515,-372
121900231,577,2962,-2385
121900232,348,507,-159
121900233,468,405,63
121900234,329,544,-215
121900235,513,394,119
121900236,319,206,113
121900237,244,313,-69
121900238,112,325,-213
121900239,185,91,94
121900240,227,265,-38
121900241,48,94,-46
121900242,8,1,7
121900243,3,0,3
121900244,9,2,7
121900245,266,280,-14
121900246,2687,768,1919
121900247,334,417,-83
121900248,2170,1307,863
121900250,353,371,-18
121900251,378,43,335
121900252,784,250,534
121900253,127,1264,-1137
121900254,624,488,136
121900255,190,152,38
121900258,4139,2779,1360
121900259,401,823,-422
121900260,150,337,-187
121900261,131,672,-541
121900262,553,1284,-731
121900263,149,477,-328
121900264,3365,2294,1071
121900265,243,563,-320
121900266,239,272,-33
121900267,70,48,22
121900269,239,607,-368
121900270,38,303,-265
121900271,47,236,-189
121900273,752,2106,-1354
121900274,205,375,-170
121900276,1522,165,1357
121900277,354,2282,-1928
121900278,248,1355,-1107
121900279,164,401,-237
121900280,267,632,-365
121900281,739,641,98
121900284,135,13,122
121900286,140,251,-111
121900287,5,17,-12
121900290,226,568,-342
121900291,528,1018,-490
121900292,439,144,295
121900293,1228,5424,-4196
121900294,374,2,372
121900295,94,430,-336
121900296,64,224,-160
121900298,571,600,-29
121900299,0,0,0
121900300,3,0,3
121900301,24,0,24
121900302,2,28,-26
121900303,629,512,117
121900304,5,8,-3
121900305,0,5,-5
121900306,66,2,64
121900307,44,52,-8
121900308,12,394,-382
121900309,5,388,-383
121900310,33,820,-787
121900311,193,11,182
121900312,118,5,113
121900313,205,24,181
121900314,3,122,-119
121900315,21,0,21
121900316,0,20,-20
121900317,7,6,1
121900318,1,32,-31
121900319,19,61,-42
121900320,95,135,-40
121900321,5,3,2
121900322,0,55,-55
121900323,62,16,46
121900324,1,68,-67
121900325,2,1,1
121900326,10,35,-25
121900327,4,97,-93
121900328,0,43,-43
121900329,5,331,-326
121900330,1,13,-12
121900331,415,84,331
121900332,56,29,27
122000001,2967,5352,-2385
122000002,6137,2543,3594
122000003,2826,2446,380
122000004,4561,2440,2121
122000005,4518,1533,2985
122000006,4399,815,3584
122000007,2317,2426,-109
122000008,9758,8452,1306
122000009,767,619,148
122000010,3147,4563,-1416
122000011,4963,2198,2765
122000012,2189,1784,405
122000013,4141,1934,2207
122000014,2511,3871,-1360
122000015,2634,1537,1097
122000016,758,1581,-823
122000017,1523,1493,30
122000018,2365,1563,802
122000019,1482,2346,-864
122000020,265,322,-57
122000021,680,1007,-327
122000022,2292,2706,-414
122000023,784,5049,-4265
122000024,1582,1459,123
122000025,2908,2130,778
122000026,2550,1199,1351
122000027,958,7764,-6806
122000028,1045,657,388
122000029,773,526,247
122000030,416,179,237
122000031,214,311,-97
122000032,2729,6318,-3589
122000033,1696,1447,249
122000034,996,982,14
122000035,436,1458,-1022
122000036,717,838,-121
122000037,629,447,182
122000038,414,532,-118
122000039,912,654,258
122000040,420,606,-186
122000041,605,759,-154
122000042,908,588,320
122000043,254,198,56
122000044,204,332,-128
122000045,2172,858,1314
122000046,1536,1897,-361
122000047,399,271,128
122000048,4141,7646,-3505
122000049,7858,3471,4387
122000050,3089,916,2173
122000051,572,504,68
122000052,935,332,603
122000053,216,562,-346
122000054,3146,3071,75
122000055,3490,3646,-156
122000056,7398,5654,1744
122000057,5143,4454,689
122000058,6054,1375,4679
122000059,5478,1852,3626
122000060,1300,731,569
122000061,614,513,101
122000062,1577,415,1162
122000063,2514,760,1754
122000064,6367,3677,2690
122000065,8120,3895,4225
122000066,1599,1430,169
122000067,2750,1837,913
122000068,1962,2329,-367
122000069,671,994,-323
122000070,898,7647,-6749
122000071,1528,3321,-1793
122000072,545,533,12
122000073,863,630,233
122000074,2697,2140,557
122000075,802,2302,-1500
122000076,2403,1559,844
122000077,2141,756,1385
122000078,4102,2773,1329
122000079,3289,1238,2051
122000080,2056,539,1517
122000081,323,566,-243
122000082,1606,1044,562
122000083,2034,7152,-5118
122000084,1484,1162,322
122000085,363,3435,-3072
122000086,3436,6636,-3200
122000087,514,204,310
122000088,490,397,93
122000089,10486,5064,5422
122000090,414,631,-217
122000091,578,89,489
122000092,263,14,249
122000093,3595,1166,2429
122000094,12110,2361,9749
122000095,5118,4112,1006
122000096,4187,2684,1503
122000098,5184,2151,3033
122000099,5704,803,4901
122000100,1945,980,965
122000101,348,1960,-1612
122000102,2465,1561,904
122000103,1923,1969,-46
122000104,406,269,137
122000105,310,389,-79
122000106,656,836,-180
122000107,1373,833,540
122000108,526,1156,-630
122000109,493,567,-74
122000110,461,608,-147
122000111,3418,1538,1880
122000112,1140,1784,-644
122000113,861,884,-23
122000114,7686,2383,5303
122000115,1923,3563,-1640
122000116,528,640,-112
122000117,1543,478,1065
122000118,451,845,-394
122000119,4207,2263,1944
122000120,3376,3989,-613
122000121,4041,3288,753
122000122,1024,1999,-975
122000123,3173,2275,898
122000124,2096,743,1353
122000125,620,885,-265
122000126,1254,1347,-93
122000127,2233,1172,1061
122000128,700,1266,-566
122000129,409,1014,-605
122000130,3851,775,3076
122000131,1936,946,990
122000132,1018,654,364
122000133,1485,3193,-1708
122000134,640,661,-21
122000135,845,1071,-226
122000136,533,383,150
122000137,1472,998,474
122000139,3073,4789,-1716
122000140,2501,875,1626
122000141,8022,1778,6244
122000142,828,1042,-214
122000143,732,379,353
122000144,2322,1347,975
122000145,2946,1088,1858
122000146,1059,1674,-615
122000147,1992,524,1468
122000148,3774,2163,1611
122000149,2547,1684,863
122000150,1358,1366,-8
122000151,299,432,-133
122000152,676,452,224
122000153,666,445,221
122000154,408,271,137
122000155,1511,3104,-1593
122000156,2184,2746,-562
122000157,3252,2034,1218
122000158,565,757,-192
122000159,1726,2383,-657
122000160,6476,1698,4778
122000161,1439,982,457
122000162,2936,2192,744
122000163,376,80,296
122000164,28,94,-66
122000165,1341,1215,126
122000166,1604,1778,-174
122000167,223,293,-70
122000168,283,683,-400
122000169,795,267,528
122000170,384,409,-25
122000171,50,86,-36
122000172,2088,2385,-297
122000173,1989,3904,-1915
122000174,3942,1179,2763
122000175,1681,394,1287
122000176,440,989,-549
122000177,2501,2079,422
122000178,4246,5279,-1033
122000179,3128,4893,-1765
122000180,2500,1942,558
122000181,2077,5393,-3316
122000182,3038,2600,438
122000183,2677,1839,838
122000184,3794,3120,674
122000185,1502,1819,-317
122000186,953,1539,-586
122000187,3072,1721,1351
122000188,491,330,161
122000189,378,664,-286
122000190,1491,1365,126
122000191,1801,1071,730
122000192,1076,524,552
122000193,377,1031,-654
122000194,943,241,702
122000195,228,726,-498
122000196,1356,907,449
122000197,721,1123,-402
122000198,796,1640,-844
122000199,649,609,40
122000200,2296,1055,1241
122000201,1518,1740,-222
122000202,1618,1716,-98
122000203,3308,2294,1014
122000204,1654,2835,-1181
122000205,1776,1859,-83
122000206,3154,1401,1753
122000207,1534,2154,-620
122000208,3650,2429,1221
122000209,4622,492,4130
122000210,2572,3120,-548
122000211,2285,1785,500
122000212,1003,657,346
122000213,1331,1687,-356
122000214,2642,2482,160
122000215,2992,1825,1167
122000217,2999,2142,857
122000218,1216,98,1118
122000219,2243,1375,868
122000220,407,1128,-721
122000221,212,669,-457
122000222,650,162,488
122000223,1607,583,1024
122000225,1185,314,871
122000226,1646,2791,-1145
122000227,376,3840,-3464
122000228,416,578,-162
122000229,26,587,-561
122000230,101,1082,-981
122000231,261,1233,-972
122000232,958,748,210
122000233,1,73,-72
122000234,183,327,-144
122000235,744,334,410
122000236,721,275,446
122000237,166,108,58
122000238,185,238,-53
122000239,658,152,506
122000240,1241,739,502
122000241,197,364,-167
122000242,593,145,448
122000243,46,44,2
122000244,11,376,-365
122000245,17,97,-80
122000246,14,97,-83
122000247,684,448,236
122000248,1442,2861,-1419
122000249,395,915,-520
122000250,1765,1021,744
122000251,262,543,-281
122000252,708,164,544
122000253,41,423,-382
122000254,178,130,48
122000255,911,2645,-1734
122000256,445,2245,-1800
122000257,128,658,-530
122000258,152,314,-162
122000259,18,1268,-1250
122000260,22,212,-190
122000261,15,323,-308
122000262,1,86,-85
122000263,151,214,-63
122000264,1221,692,529
122000265,3465,1245,2220
122000266,7554,930,6624
122000267,138,215,-77
122000268,224,699,-475
122000269,1573,439,1134
122000270,1622,167,1455
122000271,451,2192,-1741
122000272,418,2278,-1860
122000273,476,801,-325
122000274,165,257,-92
122000275,62,297,-235
122000276,551,947,-396
122000277,927,1813,-886
122000278,950,1612,-662
122000279,230,731,-501
122000280,1004,1171,-167
122000281,786,1249,-463
122000282,177,181,-4
122000283,449,89,360
122000284,123,80,43
122000285,475,228,247
122000286,118,265,-147
122000287,1077,2014,-937
122000288,383,299,84
122000291,1122,604,518
122000293,577,415,162
122000294,146,219,-73
122000295,1346,188,1158
122000296,56,677,-621
122000297,5475,3150,2325
122000299,369,800,-431
122000300,576,948,-372
122000301,25360,3493,21867
122000302,970,1154,-184
122000303,6663,1835,4828
122000304,42,353,-311
122000305,916,425,491
122000306,24,1416,-1392
122000307,183,163,20
122000309,97,76,21
122000310,28,59,-31
122000311,220,165,55
122000312,150,82,68
122000313,86,61,25
122000314,107,291,-184
122000315,244,15,229
122000316,597,337,260
122000317,995,349,646
122000318,323,708,-385
122000319,317,1069,-752
122000320,408,4617,-4209
122000321,148,540,-392
122000322,3479,5153,-1674
122000323,2417,3507,-1090
122000324,2387,1915,472
122000325,1343,1880,-537
122000326,38,244,-206
122000327,499,624,-125
122000328,1840,1398,442
122000330,3481,1161,2320
122000332,328,532,-204
122000333,5,347,-342
122000337,1077,2723,-1646
122000338,551,816,-265
122000340,719,475,244
122000342,3098,1636,1462
122000343,439,478,-39
122000344,42,43,-1
122000345,46,92,-46
122000346,259,90,169
122000348,701,1315,-614
122000349,170,743,-573
122000351,98,357,-259
122000352,250,129,121
122000353,83,165,-82
122000355,187,228,-41
122000356,3955,1371,2584
122000357,55,20,35
122000358,1,109,-108
122000359,0,80,-80
122000360,0,93,-93
122000362,14,140,-126
122000364,108,746,-638
122000365,2,28,-26
122000366,9,6,3
122000368,682,1239,-557
122000370,15,93,-78
122000371,36,0,36
122000372,3,0,3
122000381,64,624,-560
122000382,81,358,-277
122000384,7278,3262,4016
122000385,32,0,32
122000386,1264,1511,-247
122000387,847,889,-42
122000388,3427,638,2789
122000389,380,1293,-913
122000390,678,421,257
122000391,625,210,415
122000392,274,366,-92
122000393,26,330,-304
122000394,554,468,86
122000395,121,253,-132
122000396,318,186,132
122000397,63,139,-76
122000398,11,45,-34
122000399,128,121,7
122000400,208,434,-226
122000401,148,167,-19
122000402,261,168,93
122000403,724,1899,-1175
122000404,153,539,-386
122000408,861,1760,-899
122000503,31,158,-127
122000524,230,232,-2
122000544,75,4333,-4258
122000616,868,8,860
122000640,74,239,-165
122000641,96,695,-599
122000642,1070,2208,-1138
122000643,37,161,-124
122000644,283,19,264
122000645,125,417,-292
122000651,3779,912,2867
122000664,198,56,142
122000665,1174,806,368
122000666,742,1484,-742
122000673,31,686,-655
122000674,90,56,34
122000675,1904,2058,-154
122000686,355,2428,-2073
122000687,1060,459,601
122000688,201,1410,-1209
122000689,583,977,-394
122000690,911,1187,-276
122000691,417,4500,-4083
122000692,1088,520,568
122000693,500,3309,-2809
122000695,287,1017,-730
122000696,232,639,-407
122000698,245,1769,-1524
122000699,238,256,-18
122000701,1143,519,624
122000702,689,3588,-2899
122000703,257,105,152
122000717,184,93,91
122000718,310,578,-268
122000719,69,106,-37
122000720,213,484,-271
122900001,47,8,39
122900002,1744,3730,-1986
122900003,341,79,262
122900004,1536,47,1489
122900005,75,85,-10
122900006,1119,682,437
122900007,148,57,91
122900008,1064,123,941
122900009,1490,659,831
122900010,370,280,90
122900012,277,610,-333
122900014,154,475,-321
122900015,3525,913,2612
122900016,112,640,-528
122900017,613,1380,-767
122900018,294,16,278
122900019,15,249,-234
122900020,538,661,-123
122900021,55,1216,-1161
122900022,625,1263,-638
122900023,408,454,-46
122900024,147,195,-48
122900025,14,251,-237
122900026,272,428,-156
122900027,203,1034,-831
122900028,306,984,-678
122900029,8312,3684,4628
122900030,2595,655,1940
122900031,200,227,-27
122900032,240,301,-61
122900033,180,249,-69
122900034,5906,7823,-1917
122900035,81,15,66
122900036,56,442,-386
122900037,529,240,289
122900038,220,3455,-3235
122900039,84,605,-521
122900040,368,693,-325
122900041,246,356,-110
122900042,196,444,-248
122900043,599,309,290
122900044,106,507,-401
122900045,85,221,-136
122900046,136,170,-34
122900047,525,249,276
122900048,79,381,-302
122900049,2905,240,2665
122900051,108,244,-136
122900052,46,176,-130
122900053,7,13,-6
122900055,378,186,192
122900057,388,45,343
122900061,458,280,178
122900062,444,694,-250
122900063,140,762,-622
122900064,1347,1050,297
122900065,496,172,324
122900066,544,285,259
122900067,2550,1156,1394
122900068,166,609,-443
122900069,267,1932,-1665
122900070,365,54,311
122900071,131,764,-633
122900072,15,1145,-1130
122900073,26,516,-490
122900074,331,1258,-927
122900075,3,111,-108
122900076,21,385,-364
122900077,0,311,-311
122900078,121,336,-215
122900080,82,43,39
122900081,185,295,-110
122900082,633,330,303
122900083,177,167,10
122900084,32,380,-348
122900086,2,71,-69
122900087,191,909,-718
122900088,99,165,-66
122900089,116,235,-119
122900090,26,1467,-1441
122900091,173,0,173
122900092,2,313,-311
122900093,1,698,-697
122900094,6,432,-426
122900095,129,12,117
122900096,216,672,-456
122900097,31,40,-9
122900098,114,223,-109
122900099,11,11,0
122900100,756,701,55
122900101,774,349,425
123000001,3115,497,2618
123000002,8991,4276,4715
123000003,4730,3912,818
123000004,3647,7678,-4031
123000005,3294,3369,-75
123000006,3866,4890,-1024
123000007,3113,2769,344
123000008,2990,4250,-1260
123000009,5836,3606,2230
123000010,5102,5740,-638
123000011,5539,1092,4447
123000012,1475,3688,-2213
123000013,4110,937,3173
123000014,1708,6145,-4437
123000015,7139,943,6196
123000016,11800,4970,6830
123000017,4696,1730,2966
123000018,33,127,-94
123000019,194,500,-306
123000020,138,205,-67
123000021,51,238,-187
123000022,652,1783,-1131
123000023,1532,1668,-136
123000024,1523,689,834
123000025,22,137,-115
123000026,2,91,-89
123000027,314,866,-552
123000028,1562,243,1319
123000029,1099,952,147
123000030,394,1143,-749
123000031,140,884,-744
123000032,300,586,-286
123000033,229,75,154
123000034,957,813,144
123000035,430,402,28
123000036,301,963,-662
123000037,374,661,-287
123000038,121,323,-202
123000039,541,1143,-602
123000040,1562,617,945
123000041,1924,813,1111
123000042,1351,578,773
123000043,6549,8305,-1756
123000044,10007,3190,6817
123000045,17453,3609,13844
123000046,1125,1393,-268
123000047,2755,2010,745
123000048,107,607,-500
123000049,12915,8503,4412
123000050,1292,1935,-643
123000051,102,191,-89
123000052,790,4692,-3902
123000053,2745,5415,-2670
123000054,1291,1999,-708
123000055,1305,2235,-930
123000056,1620,2824,-1204
123000057,30127,9745,20382
123000058,1189,1031,158
123000059,556,746,-190
123000060,971,497,474
123000061,224,1385,-1161
123000063,915,1055,-140
123000064,1111,324,787
123000065,13114,5877,7237
123000066,1390,1688,-298
123000067,661,841,-180
123000068,4320,6064,-1744
123000069,12095,6554,5541
123000070,344,1653,-1309
123000071,1039,1858,-819
123000072,1089,2973,-1884
123000073,1093,1200,-107
123000074,1033,3541,-2508
123000075,431,1460,-1029
123000076,806,2111,-1305
123000077,2570,6586,-4016
123000078,1730,2636,-906
123000079,1485,3474,-1989
123000080,2639,5064,-2425
123000081,212,1389,-1177
123000082,504,2608,-2104
123000083,1246,224,1022
123000084,528,1163,-635
123000085,185,207,-22
123000086,363,742,-379
123000087,273,947,-674
123000088,1225,2247,-1022
123000089,585,2227,-1642
123000090,1337,2022,-685
123000091,2310,2143,167
123000092,1110,1653,-543
123000094,568,405,163
123000095,515,1022,-507
123000096,488,709,-221
123000097,484,1496,-1012
123000098,494,763,-269
123000099,571,855,-284
123000100,675,817,-142
123000101,961,574,387
123000102,659,776,-117
123000104,455,523,-68
123000105,645,862,-217
123000106,486,476,10
123000107,492,753,-261
123000108,874,2658,-1784
123000111,661,422,239
123000112,904,1068,-164
123000113,699,3520,-2821
123000114,571,479,92
123000115,235,333,-98
123000116,17,151,-134
123000117,1765,4075,-2310
123000118,598,1686,-1088
123000119,294,1801,-1507
123000120,482,1751,-1269
123000121,540,1064,-524
123000122,530,376,154
123000123,457,962,-505
123000124,615,827,-212
123000125,1469,1189,280
123000126,1806,3614,-1808
123000127,1270,1256,14
123000128,368,750,-382
123000129,625,368,257
123000130,504,132,372
123000131,894,825,69
123000132,470,943,-473
123000133,344,618,-274
123000134,489,217,272
123000135,1709,2463,-754
123000136,293,2323,-2030
123000137,181,808,-627
123000138,123,750,-627
123000139,514,183,331
123000140,195,1355,-1160
123000141,1112,222,890
123000142,1191,1616,-425
123000143,1685,3822,-2137
123000144,40,29,11
123000145,374,491,-117
123000146,88,152,-64
123000147,143,285,-142
123000149,399,419,-20
123000150,181,252,-71
123000151,314,553,-239
123000152,55,602,-547
123000153,148,582,-434
123000154,2346,1855,491
123000155,3458,1057,2401
123000156,38,147,-109
123000157,656,1128,-472
123000158,905,816,89
123000159,5841,2971,2870
123000160,899,638,261
123000161,1576,1339,237
123000162,720,1907,-1187
123000163,406,120,286
123000164,1324,370,954
123000165,444,3252,-2808
123000166,48,261,-213
123000167,116,486,-370
123000168,236,601,-365
123000169,722,156,566
123000170,71,1238,-1167
123000171,395,364,31
123000172,222,1167,-945
123000173,694,247,447
123000174,1003,372,631
123000175,1661,2079,-418
123000176,1146,205,941
123000177,546,1830,-1284
123000178,697,198,499
123000179,48,1472,-1424
123000180,1381,350,1031
123000181,401,2461,-2060
123000182,168,1070,-902
123000183,171,377,-206
123000184,88,1444,-1356
123000185,618,666,-48
123000186,2,975,-973
123000187,388,3,385
123000188,150,2,148
123000189,228,235,-7
123000190,35,80,-45
123000192,38,586,-548
123000193,54,978,-924
123000194,745,434,311
123000195,311,25,286
123000196,266,10,256
123000197,53,154,-101
123000198,16,324,-308
123000199,7,790,-783
123000200,324,13,311
123000201,754,28,726
123000202,31,1926,-1895
123000203,989,59,930
123000204,100,1823,-1723
123000205,663,3548,-2885
123000206,1661,206,1455
123000207,91,1601,-1510
123000208,420,154,266
123000209,1683,465,1218
123000210,531,2617,-2086
123000211,788,5229,-4441
123000212,2383,548,1835
123000213,504,81,423
123000215,176,127,49
123000216,259,535,-276
123000217,172,59,113
123000218,156,632,-476
123000219,1767,72,1695
123000220,490,166,324
123000221,179,435,-256
123000222,362,1365,-1003
123000223,197,1199,-1002
123000224,484,1086,-602
123000225,236,198,38
123000226,91,753,-662
123000227,143,681,-538
123000228,287,129,158
123000229,1704,3425,-1721
123000232,150,971,-821
123000233,693,297,396
123000234,220,995,-775
123000235,631,543,88
123000236,202,1470,-1268
123000237,249,131,118
123000238,121,1364,-1243
123000239,644,3757,-3113
123000240,103,484,-381
123000241,1765,245,1520
123000242,230,439,-209
123000243,829,1463,-634
123000244,1094,780,314
123000245,93,228,-135
123000249,574,1156,-582
123000252,870,258,612
123000253,892,519,373
123000254,645,1877,-1232
123000255,992,1053,-61
123000256,28,393,-365
123000257,6216,4054,2162
123000258,1207,2014,-807
123000259,299,719,-420
123000260,531,1317,-786
123000261,211,599,-388
123000262,137,476,-339
123000263,360,153,207
123000264,215,79,136
123000265,58,286,-228
123000266,538,1123,-585
123000267,508,526,-18
123000268,34,72,-38
123000269,42,57,-15
123000270,50,52,-2
123000271,66,107,-41
123000272,972,253,719
123000273,242,609,-367
123000274,1095,581,514
123000275,403,1850,-1447
123000278,5473,3585,1888
123000279,43,112,-69
123000280,335,552,-217
123000281,252,147,105
123000282,107,432,-325
123000283,116,95,21
123000284,79,209,-130
123000286,417,380,37
123000287,740,401,339
123000288,1140,917,223
123000289,638,999,-361
123000291,534,1169,-635
123000294,222,299,-77
123000295,1010,1123,-113
123000296,375,375,0
123000297,124,235,-111
123000298,100,165,-65
123000299,9,90,-81
123000300,816,1010,-194
123000301,116,280,-164
123000302,123,389,-266
123000303,213,157,56
123000305,1589,1211,378
123000306,98,436,-338
123000309,53,91,-38
123000310,81,51,30
123000311,0,238,-238
123000312,853,1607,-754
123000313,283,407,-124
123000315,85,725,-640
123000316,2397,55,2342
123000317,223,66,157
123000318,52,473,-421
123000329,4,39,-35
123000337,237,385,-148
123000338,770,37,733
123000339,121,532,-411
123000340,221,870,-649
123000342,7,14,-7
123000343,112,0,112
123000344,2066,858,1208
123000345,410,1178,-768
123000346,195,94,101
123000352,4099,1074,3025
123000353,14,167,-153
123000354,300,36,264
123000355,2,1035,-1033
123000356,262,7,255
123000357,2,518,-516
123000359,3,444,-441
123000360,367,65,302
123000361,1263,409,854
123000362,404,302,102
123000363,120,405,-285
123000364,669,346,323
123000365,38,371,-333
123000366,461,2355,-1894
123000367,290,1946,-1656
123000370,23,706,-683
123000371,247,38,209
123000372,310,27,283
123000373,21,733,-712
123000374,27,366,-339
123000375,287,47,240
123000376,832,808,24
123000377,371,35,336
123000378,24,937,-913
123000379,1,376,-375
123000380,78,429,-351
123000381,219,61,158
123000382,1872,101,1771
123000383,614,1154,-540
123000384,523,153,370
123000385,405,1191,-786
123000436,105,1391,-1286
123000507,99,530,-431
123000508,77,582,-505
123000517,380,41,339
123000518,42,498,-456
123000519,145,113,32
123000520,90,451,-361
123000521,405,151,254
123000522,174,1309,-1135
123000541,1,0,1
123000542,0,68,-68
123000565,364,38,326
123000566,143,1225,-1082
123000567,182,360,-178
123000573,54,1659,-1605
123000574,558,149,409
123000575,1124,2231,-1107
123000576,868,4796,-3928
123000577,148,1010,-862
123000578,893,99,794
123000579,6854,4812,2042
123000580,124,23,101
123000582,375,42,333
123000583,23,1188,-1165
123000584,100,295,-195
123000585,0,255,-255
123000586,152,30,122
123000596,137,240,-103
123000597,59,171,-112
123000602,42,5,37
123000603,478,924,-446
123000604,428,2022,-1594
123000605,1005,211,794
123000606,1,197,-196
123000609,26,365,-339
123000610,141,166,-25
123000613,24,251,-227
123000614,192,131,61
123000615,35,281,-246
123000616,381,89,292
123000617,164,891,-727
123000618,78,1451,-1373
123000619,640,50,590
123000620,17,1243,-1226
123000622,327,24,303
123000624,65,129,-64
123000630,511,488,23
123000631,307,3418,-3111
123000632,1628,2365,-737
123000633,1,331,-330
123000634,148,64,84
123000635,350,108,242
123000636,22,878,-856
123000637,100,325,-225
123000638,456,173,283
123000639,1533,3082,-1549
123000640,12,1233,-1221
123900001,1753,44,1709
123900002,19,1300,-1281
123900003,621,1294,-673
123900005,304,189,115
123900006,260,30,230
124000001,2116,142,1974
124000002,180,3790,-3610
124000003,668,167,501
124000004,76,1479,-1403
124000005,935,362,573
124000006,352,2250,-1898
124000007,1437,228,1209
124000008,32,761,-729
124000009,404,763,-359
124000010,156,777,-621
124000011,1254,755,499
124000012,474,1353,-879
124000017,128,121,7
124000018,125,130,-5
124000019,85,132,-47
124000020,59,252,-193
124000021,119,75,44
124000022,121,354,-233
124000023,1441,1564,-123
124000024,1210,982,228
124000025,1157,1755,-598
124000026,1753,1530,223
124000027,6454,5750,704
124000028,4173,5902,-1729
124000030,4475,1636,2839
124000031,1078,1712,-634
124000032,11242,1620,9622
124000033,173,305,-132
124000034,5851,858,4993
124000035,28,113,-85
124000036,78,214,-136
124000037,318,713,-395
124000038,71,57,14
124000039,1467,432,1035
124000040,838,927,-89
124000041,339,96,243
124000042,54,591,-537
124000043,61,79,-18
124000044,39,474,-435
124000045,542,944,-402
124000046,285,1121,-836
124000047,1442,1442,0
124000048,911,3477,-2566
124000049,1235,920,315
124000050,705,4498,-3793
124000051,628,628,0
124000052,664,2662,-1998
124000053,523,1248,-725
124000054,1038,1153,-115
124000055,1302,2011,-709
124000056,7262,2117,5145
124000057,782,608,174
124000058,407,2241,-1834
124000059,540,892,-352
124000060,1263,1531,-268
124000061,1694,4063,-2369
124000062,8294,2522,5772
124000063,1606,2307,-701
124000064,3682,2605,1077
124000065,88,274,-186
124000066,369,100,269
124000067,108,641,-533
124000068,4,18,-14
124000069,177,24,153
124000070,34,216,-182
124000071,91,153,-62
124000072,165,707,-542
124000073,948,134,814
124000074,207,1434,-1227
124000075,226,54,172
124000076,3,383,-380
124000077,2344,894,1450
124000078,2646,806,1840
124000079,684,1487,-803
124000080,222,151,71
124000081,213,1026,-813
124000082,18,98,-80
124000083,30,246,-216
124000084,12,122,-110
124000085,49,62,-13
124000086,99,158,-59
124000087,111,94,17
124000088,236,740,-504
124000089,933,1032,-99
124000090,65,534,-469
124000091,641,99,542
124000092,74,823,-749
124000093,76,106,-30
124000094,140,815,-675
124000095,72,83,-11
124000096,115,553,-438
124000097,79,117,-38
124000098,40,198,-158
124000099,83,105,-22
124000100,32,162,-130
124000101,47,117,-70
124000102,95,153,-58
124000103,66,82,-16
124000104,105,133,-28
124000105,50,120,-70
124000106,128,184,-56
124000107,8,153,-145
124000108,91,63,28
124000109,125,122,3
124000110,230,167,63
124000111,238,178,60
124000112,588,1106,-518
124000113,74,75,-1
124000114,237,901,-664
124000115,384,1265,-881
124000116,101,101,0
124000117,76,115,-39
124000118,63,65,-2
124000119,1369,1262,107
124000120,999,810,189
124000121,2361,661,1700
124000122,791,1486,-695
124000123,1180,493,687
124000124,569,1194,-625
124000125,454,483,-29
124000126,399,817,-418
124000127,838,441,397
124000128,690,1312,-622
124000129,2265,1765,500
124000130,867,859,8
124000131,909,607,302
124000132,844,1013,-169
124000133,937,1084,-147
124000134,1089,1110,-21
124000135,2319,2265,54
124000136,1431,1527,-96
124000137,1595,1019,576
124000138,2120,1879,241
124000139,555,32,523
124000140,51,583,-532
124000141,160,9,151
124000142,12,179,-167
124000143,70,17,53
124000144,2,113,-111
124000145,83,62,21
124000146,33,155,-122
124000148,8,89,-81
124000149,1024,396,628
124000150,480,758,-278
124000151,418,249,169
124000152,736,1544,-808
124000153,374,616,-242
124000154,275,1275,-1000
124000155,947,623,324
124000156,1658,1213,445
124000169,246,660,-414
124000170,1207,637,570
124000171,283,394,-111
124000172,358,960,-602
124000173,445,423,22
124000174,359,1469,-1110
124000175,11,205,-194
124000176,45,13,32
124000177,18,50,-32
124000178,9,52,-43
124000190,71,22,49
124000191,336,43,293
124000192,2896,445,2451
124000193,863,1702,-839
124000194,406,717,-311
124000195,274,610,-336
124000196,1123,1632,-509
124000197,69,91,-22
124000198,33,64,-31
124000201,470,2116,-1646
124000202,588,307,281
124000203,171,2000,-1829
124000204,443,1181,-738
124000205,58,1356,-1298
124000206,442,753,-311
124000207,0,105,-105
124000209,365,1338,-973
124000210,284,346,-62
124000211,392,1,391
124000212,1,1286,-1285
124000213,194,695,-501
124000214,227,1757,-1530
124000215,183,23,160
124000216,7,1051,-1044
124000329,151,4428,-4277
124000338,105,2690,-2585
124000339,669,192,477
124000341,761,161,600
124000344,38,4,34
124000357,1026,2499,-1473
124000358,744,1387,-643
124000359,1297,833,464
124000360,559,574,-15
124000361,1701,718,983
124000362,2166,3074,-908
124000363,374,694,-320
124000364,784,1801,-1017
124000365,708,1651,-943
124000366,2654,1064,1590
124000367,212,1268,-1056
124000368,310,196,114
124000369,127,111,16
124000370,99,1062,-963
124000402,31,13,18
124000403,100,5,95
124000404,10,184,-174
124000405,1175,887,288
124000406,1198,1217,-19
124000407,9,49,-40
124000411,10,604,-594
124000412,295,32,263
124000413,485,67,418
124000414,43,136,-93
124000415,51,351,-300
124000416,141,493,-352
124000417,129,132,-3
124000418,74,132,-58
124000419,50,284,-234
124000420,38,70,-32
124000421,45,419,-374
124000422,30,25,5
124000423,129,87,42
124000424,4,192,-188
124000425,23,22,1
124000426,10,115,-105
124000427,28,18,10
124000428,43,30,13
124000429,51,97,-46
124000430,674,1731,-1057
124000431,353,1666,-1313
124000432,180,1416,-1236
124000439,5,22,-17
124000442,8,355,-347
124000443,2,5,-3
124000445,95,165,-70
124000446,2017,58,1959
124900001,369,296,73
124900002,218,991,-773
124900003,832,581,251
124900004,453,437,16
124900005,350,443,-93
124900006,379,446,-67
124900008,1458,593,865
124900009,192,412,-220
124900010,163,75,88
124900011,532,266,266
124900012,664,217,447
124900013,371,207,164
124900014,146,236,-90
124900015,207,420,-213
124900016,60,160,-100
124900017,1768,830,938
124900018,22,3,19
124900019,405,45,360
124900020,133,100,33
124900021,289,62,227
124900022,20,8,12
124900024,207,19,188
124900026,45,9,36
124900027,69,335,-266
124900028,1404,337,1067
124900029,6,435,-429
124900030,6,454,-448
124900031,100,897,-797
124900032,336,218,118
124900033,115,734,-619
124900034,9,151,-142
124900035,251,1004,-753
124900036,1,47,-46
124900037,196,703,-507
124900038,337,494,-157
124900039,0,28,-28
124900040,124,149,-25
124900041,246,1695,-1449
124900042,59,3,56
124900043,408,1811,-1403
124900044,63,2,61
124900045,912,1036,-124
124900046,4435,383,4052
124900047,159,508,-349
124900048,181,342,-161
124900050,141,567,-426
124900052,199,1181,-982
124900053,98,588,-490
124900054,6747,530,6217
124900055,0,281,-281
124900057,14,190,-176
124900060,116,430,-314
124900061,37,5,32
124900062,104,24,80
124900066,0,20,-20
124900067,10,383,-373
124900068,353,774,-421
124900069,131,132,-1
124900070,62,22,40
124900072,93,41,52
124900074,362,797,-435
124900075,166,234,-68
124900076,41,631,-590
124900077,31,140,-109
124900078,85,16,69
124900079,1664,136,1528
124900080,275,1187,-912
124900081,586,269,317
124900082,403,1360,-957
124900083,195,918,-723
124900084,3652,120,3532
124900085,1375,277,1098
124900086,113,1062,-949
124900087,524,89,435
124900088,655,125,530
124900089,2653,58,2595
124900090,281,348,-67
124900091,388,1135,-747
124900092,348,871,-523
124900093,322,308,14
124900094,319,368,-49
124900095,93,614,-521
124900096,767,448,319
124900097,319,99,220
124900098,152,782,-630
124900099,2074,741,1333
124900100,299,49,250
124900101,34,284,-250
124900102,132,40,92
124900103,105,424,-319
124900104,56,297,-241
124900105,125,287,-162
124900106,612,47,565
124900107,62,31,31
124900108,236,63,173
124900109,33,126,-93
124900110,229,448,-219
124900111,0,81,-81
124900112,86,2412,-2326
129000186,254,63,191
204000001,28,1,27
204000002,26,3,23
204000003,35,2,33
204000004,2,1,1
204000005,534,609,-75
204000006,1230,2241,-1011
204000008,1290,891,399
204000011,17,98,-81
204000012,22,85,-63
204000013,1,28,-27
204000019,619,707,-88
204000020,558,1262,-704
204000021,2726,1145,1581
204000022,457,630,-173
204000023,520,1491,-971
204000031,45,8,37
204000032,473,18,455
204000034,28,481,-453
204000035,0,16,-16
204000036,7,39,-32
204000037,4,17,-13
204000038,1,10,-9
204000039,7,76,-69
204000040,5,55,-50
204000041,26,107,-81
204000042,83,22,61
204000043,37,9,28
204000044,27,3,24
204000045,81,4,77
204000046,25,10,15
204000057,7,75,-68
204000062,7,38,-31
204000068,25,163,-138
204000069,5,173,-168
204000070,33,116,-83
204000080,13,42,-29
204000085,1602,3216,-1614
204000086,3212,2884,328
204000087,37,20,17
204000088,5,150,-145
204000090,13,572,-559
204000093,190,73,117
204000096,741,1069,-328
204000097,368,31,337
204000099,1017,1654,-637
204000100,1081,1701,-620
204000105,2450,2835,-385
204000110,866,1614,-748
204000111,427,963,-536
204000112,542,1319,-777
204000113,397,1516,-1119
204000114,559,722,-163
204000115,360,540,-180
204000116,498,915,-417
204000119,1917,2893,-976
204000132,439,218,221
204000133,450,254,196
204000134,173,147,26
204000135,298,100,198
204000136,168,244,-76
204000138,260,174,86
204000140,181,133,48
204000141,123,72,51
204000144,4,30,-26
204000145,454,67,387
204000146,23,611,-588
204000147,14,116,-102
204000148,252,58,194
204000154,5,2,3
204000155,4,14,-10
204000177,68,75,-7
204000179,27,5,22
204000180,1,27,-26
204000222,6,39,-33
204000235,8,26,-18
204000236,83,433,-350
204000238,25,30,-5
204000240,265,148,117
204000308,247,18,229
204000317,8,74,-66
204000322,2,64,-62
204000323,25,11,14
204000328,293,99,194
204000329,50,271,-221
204000330,224,85,139
204000331,22,212,-190
204010341,15,488,-473
205000001,1039,1951,-912
205000013,9,68,-59
205000014,13,130,-117
205000015,22,239,-217
205000016,26,206,-180
205000017,20,86,-66
205000022,268,798,-530
205000025,1926,1278,648
205000029,225,8,217
205000045,99,271,-172
205000047,51,539,-488
205000048,204,1101,-897
205000049,155,871,-716
205000050,1133,335,798
205000059,1,262,-261
205000060,0,91,-91
205000061,2,106,-104
205000062,5,39,-34
205000063,20,113,-93
205000064,29,182,-153
205000065,74,874,-800
205000066,94,1143,-1049
205000067,47,1288,-1241
205000069,164,21,143
205000082,149,596,-447
205000110,55,218,-163
205000111,147,286,-139
205000112,129,287,-158
205000113,171,303,-132
205000121,210,142,68
205000123,48,227,-179
205000126,542,276,266
205000127,719,353,366
205000128,810,206,604
205000129,892,237,655
205000130,1017,58,959
205000131,788,16,772
205000132,820,5,815
205000133,455,2,453
205000134,264,5,259
205000137,105,141,-36
205000138,232,405,-173
205000139,20,119,-99
205000144,49,113,-64
205000145,339,408,-69
205000151,255,84,171
205000152,235,71,164
205000153,196,127,69
205000154,83,128,-45
205000155,115,41,74
205000207,3,219,-216
205000233,5,1,4
205000234,0,1,-1
205000243,0,2,-2
205000244,0,6,-6
205000245,10,570,-560
205000249,0,61,-61
205000250,3,0,3
205000251,55,524,-469
205000264,14,128,-114
206000027,3,4,-1
206000028,1,1,0
206000043,9,152,-143
206000053,2,27,-25
206000054,2,33,-31
206000055,0,53,-53
206000075,9,11,-2
206000076,9,13,-4
206000077,9,4,5
206000078,5,7,-2
206000079,32,12,20
206000082,588,39,549
206000100,119,1210,-1091
206000103,7,20,-13
206000104,6,48,-42
206000105,8,26,-18
206000106,4,59,-55
206000108,712,45,667
206000125,52,0,52
206000157,89,1422,-1333
206000170,2,366,-364
206000171,0,353,-353
206000172,6,1425,-1419
206000173,1,473,-472
206000174,21,199,-178
206000175,1,291,-290
206000176,24,587,-563
206000177,1,405,-404
206000178,2,291,-289
206000179,7,238,-231
206000180,16,374,-358
206000181,7,666,-659
206000182,14,583,-569
206000183,17,1957,-1940
206000184,8,678,-670
206000185,12,589,-577
206000186,124,3019,-2895
206000223,8,426,-418
206000226,19,0,19
206000227,12,2,10
206000237,66,859,-793
206000238,53,1206,-1153
206000239,1005,4738,-3733
206000240,2,107,-105
206000241,0,215,-215
206000242,11,686,-675
206000243,5,661,-656
206000244,83,1561,-1478
206000245,388,76,312
206000246,63,10,53
206000247,84,8,76
206000248,279,16,263
206000252,75,33,42
206000258,8,87,-79
206000315,43,8,35
206000317,303,73,230
206000318,147,34,113
206000319,502,72,430
206000320,54,32,22
206000321,67,11,56
206000322,219,11,208
206000323,83,3,80
206000324,56,5,51
206000325,179,10,169
206000326,155,9,146
206000327,240,6,234
206000328,86,5,81
206000329,84,6,78
206000330,31,8,23
206000331,65,2,63
206000332,15,14,1
206000333,308,6,302
206000334,123,1,122
206000335,0,16,-16
206000361,3,451,-448
206000392,2,75,-73
206000405,101,5,96
206000441,19,27,-8
206000498,30,3,27
206000515,100,18,82
206000530,71,48,23
206000531,125,139,-14
206000532,3922,176,3746
206000535,759,3695,-2936
206000536,39,408,-369
206000537,15,444,-429
206000613,1664,193,1471
207000001,153,599,-446
207000002,141,428,-287
207000003,175,293,-118
207000007,448,371,77
207000008,48,8,40
207000009,25,39,-14
207000010,497,948,-451
207000012,230,352,-122
207000015,437,2661,-2224
207000019,272,139,133
207000021,610,154,456
207000022,125,110,15
207000023,158,36,122
207000024,2,21,-19
207000025,21,59,-38
207000026,78,48,30
207000027,19,91,-72
207000028,104,298,-194
207000029,336,620,-284
207000033,259,376,-117
207000034,282,67,215
207000039,341,146,195
207000040,240,148,92
207000041,68,68,0
207000042,221,85,136
207000043,252,201,51
207000051,121,572,-451
207000052,18,297,-279
207000053,544,923,-379
207000054,29,218,-189
207000055,142,273,-131
207000056,330,645,-315
207000057,186,433,-247
207000058,110,748,-638
207000059,69,1341,-1272
207000060,51,409,-358
207000061,100,242,-142
207000062,153,48,105
207000063,172,148,24
207000064,354,255,99
207000065,272,272,0
207000066,124,204,-80
207000067,47,175,-128
207000068,119,91,28
207000069,666,435,231
207000082,38,520,-482
207000083,123,643,-520
207000084,164,284,-120
207000085,113,16,97
207000086,75,4,71
207000106,13,41,-28
207000107,62,26,36
207000108,32,14,18
207000109,37,14,23
207000110,49,50,-1
207000111,55,62,-7
207000112,266,362,-96
207000114,7,61,-54
207000115,11,112,-101
207000116,17,449,-432
207000117,12,183,-171
207000118,1,190,-189
207000119,27,192,-165
207000123,210,34,176
207000124,62,36,26
207000125,61,46,15
207000126,50,54,-4
207000134,32,373,-341
207000135,15,455,-440
207000148,43,216,-173
207000149,61,53,8
207000152,178,494,-316
207000153,1155,1533,-378
207000154,445,171,274
207000159,67,847,-780
207000160,166,1021,-855
207000238,0,117,-117
207000242,5,286,-281
207000248,21,43,-22
207000249,138,97,41
207000250,1010,69,941
207000251,66,84,-18
207000252,35,90,-55
207000278,51,141,-90
207000279,13,394,-381
207000280,240,102,138
207000281,115,1949,-1834
207000282,172,77,95
207000283,134,373,-239
207000284,46,75,-29
207000285,205,43,162
207000291,16,163,-147
207000304,97,72,25
207000306,64,667,-603
207000310,68,84,-16
207000353,262,5,257
207000356,10,42,-32
207000357,44,12,32
207000415,7,235,-228
207000417,38,3,35
207000437,0,2,-2
207000439,1160,530,630
207000446,124,2,122
207000460,6,9,-3
207000466,222,286,-64
207000476,7,126,-119
207000477,558,186,372
207000523,0,10,-10
207000524,20,0,20
207000527,62,221,-159
207000530,299,4,295
207000531,267,10,257
207000532,99,17,82
207000534,613,38,575
207000535,36,359,-323
207000537,13,158,-145
207000540,14,215,-201
207000541,3,417,-414
207000548,12,304,-292
207000549,122,16,106
207000561,138,200,-62
207000562,45,234,-189
207000567,160,451,-291
207000568,76,227,-151
207000569,384,2339,-1955
207000584,365,247,118
207000585,88,325,-237
207000616,2,223,-221
207000617,74,0,74
207900008,137,351,-214
208000001,539,983,-444
208000002,470,678,-208
208000003,994,739,255
208000004,1128,978,150
208000005,15,24,-9
208000019,479,1392,-913
208000020,165,619,-454
208000021,219,1001,-782
208000022,901,1090,-189
208000028,1861,1053,808
208000033,540,1180,-640
208000034,1694,3121,-1427
208000040,80,204,-124
208000041,804,710,94
208000042,709,747,-38
208000047,125,883,-758
208000064,3105,2016,1089
208000066,1886,1870,16
208000070,281,492,-211
208000071,320,1127,-807
208000072,314,1792,-1478
208000080,212,432,-220
208000081,243,303,-60
208000082,203,426,-223
208000083,127,542,-415
208000084,43,22,21
208000085,980,729,251
208000086,489,1109,-620
208000087,281,1025,-744
208000089,851,1340,-489
208000090,695,1945,-1250
208000093,128,192,-64
208000094,519,1082,-563
208000095,656,600,56
208000104,1038,1312,-274
208000105,683,1597,-914
208000114,60,230,-170
208000115,536,514,22
208000116,367,1105,-738
208000117,105,194,-89
208000118,113,131,-18
208000155,640,1350,-710
208000158,1861,4896,-3035
208000186,3815,3804,11
208000204,512,1922,-1410
208000205,1231,2487,-1256
208000282,4973,3199,1774
209000004,197,305,-108
209000005,21,44,-23
209000006,693,116,577
209000007,537,386,151
209000010,687,158,529
209000011,269,269,0
209000012,140,305,-165
209000013,241,989,-748
209000014,742,2514,-1772
209000025,218,36,182
209000026,651,128,523
209000027,383,1744,-1361
209000028,323,1677,-1354
209000029,864,1718,-854
209000030,604,2943,-2339
209000031,6318,4061,2257
209000034,192,175,17
209000035,130,177,-47
209000036,162,144,18
209000037,217,256,-39
209000038,82,183,-101
209000039,54,168,-114
209000040,428,716,-288
209000041,189,487,-298
209000042,326,409,-83
209000043,1130,779,351
209000044,264,842,-578
209000045,1189,551,638
209000046,468,626,-158
209000047,292,287,5
209000048,381,349,32
209000049,77,230,-153
209000050,145,269,-124
209000051,321,618,-297
209000052,127,513,-386
209000062,51,301,-250
209000063,35,248,-213
209000064,34,237,-203
209000065,58,54,4
209000066,47,46,1
209000067,42,126,-84
209000080,59,291,-232
209000082,49,81,-32
209000091,39,206,-167
209000093,98,60,38
209000094,235,289,-54
209000110,40,97,-57
209000111,391,1571,-1180
209000112,818,732,86
209000113,2038,653,1385
209000114,374,528,-154
209000115,63,229,-166
209000116,988,1053,-65
209000118,34,52,-18
209000119,63,13,50
209000121,159,995,-836
209000135,76,122,-46
209000142,812,1518,-706
209000143,184,134,50
209000144,124,116,8
209000229,153,243,-90
209000240,42,752,-710
209000259,64,166,-102
209000260,91,1773,-1682
209000261,12,1214,-1202
209000262,5,1020,-1015
209000263,0,228,-228
209000264,0,141,-141
209000265,262,1,261
209000266,67,4,63
209000267,998,7,991
209000268,698,59,639
210000037,62,47,15
210000047,64,59,5
210000048,100,70,30
210000049,55,45,10
210000052,47,209,-162
210000053,21,131,-110
210000054,60,152,-92
210000070,128,5,123
210000071,84,0,84
210000072,16,0,16
210000073,0,28,-28
210000074,0,148,-148
210000075,3,71,-68
210000076,19,179,-160
210000077,27,45,-18
210000078,58,21,37
210000079,92,23,69
210000080,289,66,223
210000081,202,16,186
210000082,62,1,61
210000083,41,0,41
210000084,27,0,27
210000085,1,111,-110
210000086,7,162,-155
210000099,33,339,-306
210000100,56,348,-292
210000101,63,366,-303
210000105,35,365,-330
210000159,5,205,-200
210000163,285,373,-88
210000164,276,160,116
210000168,278,33,245
210000187,0,47,-47
210000188,0,35,-35
210000214,27,0,27
210000219,34,98,-64
210000220,52,180,-128
210000232,5,22,-17
210000233,34,96,-62
210000234,27,255,-228
210000235,48,231,-183
210000245,0,111,-111
210000246,21,0,21
210000258,30,125,-95
210000259,343,28,315
210000282,76,247,-171
210000285,2,130,-128
210000286,27,203,-176
210000295,44,241,-197
210000296,61,95,-34
210000320,175,206,-31
210000321,108,187,-79
210000338,79,180,-101
210000339,638,1354,-716
210000340,105,454,-349
210000341,141,330,-189
210000342,205,257,-52
210000343,152,243,-91
210000344,343,176,167
210000345,275,232,43
210000346,81,138,-57
210000347,204,57,147
210000348,159,16,143
210000349,141,30,111
210000350,65,103,-38
210000351,95,128,-33
210000352,58,133,-75
210000353,35,175,-140
210000354,50,148,-98
210000355,92,135,-43
210000356,124,87,37
210000357,82,61,21
210000358,586,139,447
210000359,197,97,100
210000360,164,128,36
210000361,134,149,-15
210000362,209,244,-35
210000363,1085,183,902
210000364,126,182,-56
210000365,138,72,66
210000366,125,71,54
210000367,83,65,18
210000368,175,52,123
210000369,56,24,32
210000370,75,91,-16
210000372,82,58,24
210000373,153,29,124
210000374,80,11,69
210000375,25,131,-106
210000376,97,185,-88
210000404,69,208,-139
210000439,20,106,-86
210000472,131,13,118
210000482,61,118,-57
210000564,685,332,353
210000568,806,0,806
211000092,18,151,-133
211000094,25,2,23
211000169,100,13,87
211000172,13,391,-378
211000209,1,61,-60
211000275,11,42,-31
211000276,47,70,-23
211000279,5,136,-131
211000281,21,96,-75
211507980,1,46,-45
211977296,53,1,52
212000003,172,98,74
212000004,83,42,41
212000005,44,55,-11
212000006,38,139,-101
212000008,120,379,-259
212000009,13,303,-290
212000012,41,92,-51
212000013,12,79,-67
212000014,230,257,-27
212000015,207,370,-163
212000016,348,863,-515
212000027,548,1010,-462
212000028,300,769,-469
212000029,178,544,-366
212000030,26,49,-23
212000031,42,126,-84
212000048,34,122,-88
212000049,12,105,-93
212000050,11,11,0
212000051,141,385,-244
212000052,151,628,-477
212000053,348,1011,-663
212000054,147,244,-97
212000055,172,431,-259
212000056,12,69,-57
212000057,14,51,-37
212000058,783,59,724
212000070,119,526,-407
212000077,127,1141,-1014
212000099,245,347,-102
212000108,212,310,-98
212000111,162,157,5
212000120,270,164,106
212000138,115,32,83
212000156,0,193,-193
212000158,9,22,-13
212000159,268,71,197
212000160,399,360,39
212000161,24,12,12
212000310,39,16,23
212000311,6,147,-141
212000374,17,15,2
213000001,36,1657,-1621
213000005,445,141,304
213000006,1245,223,1022
213000007,120,7,113
213000009,784,351,433
213000010,231,243,-12
213000011,264,162,102
213000012,178,569,-391
213000014,91,3,88
213000015,218,8,210
213000016,295,5,290
213000017,43,0,43
213000018,2,294,-292
213000019,13,247,-234
213000020,155,647,-492
213000021,6,172,-166
213000023,318,250,68
213000033,268,1330,-1062
213000034,743,561,182
213000035,94,283,-189
213000045,146,380,-234
213000046,220,339,-119
213000047,744,1062,-318
213000056,46,53,-7
213000069,73,4,69
213000073,1,30,-29
213000074,191,890,-699
213000075,458,3,455
213000085,5,58,-53
213000086,11,398,-387
213000091,138,16,122
213000092,10,2,8
213000099,179,1187,-1008
213000100,1245,216,1029
213000101,213,226,-13
213000102,300,654,-354
213000103,797,1504,-707
213000104,65,995,-930
213000105,4,119,-115
213000106,27,276,-249
213000107,102,1158,-1056
213000108,20,892,-872
213000109,12,394,-382
213000110,10,103,-93
213000111,10,90,-80
213000112,140,138,2
213000115,61,8,53
213000116,127,1761,-1634
213000117,8,2361,-2353
213000118,304,552,-248
213000119,112,1438,-1326
213000120,163,1323,-1160
213000122,361,1378,-1017
213000123,1028,2274,-1246
213000124,112,2068,-1956
213000125,169,18,151
213000126,143,138,5
213000127,252,193,59
213000128,1300,1172,128
213000129,705,518,187
213000130,339,246,93
213000132,272,109,163
213000133,281,124,157
213000134,676,13,663
213000136,315,24,291
213000137,519,94,425
213000139,327,21,306
213000147,53,5,48
213000148,24,8,16
213000149,78,15,63
213000150,1,125,-124
213000151,0,132,-132
213000152,0,112,-112
213000153,1,47,-46
213000154,21,306,-285
213000155,42,543,-501
213000156,81,1166,-1085
213000157,1022,603,419
213000158,331,1296,-965
213000159,563,1065,-502
213000163,482,94,388
213000165,763,332,431
213000171,1,197,-196
213000172,3,577,-574
213000173,5,472,-467
213000174,13,523,-510
213000175,16,442,-426
213000176,86,32,54
213000177,70,9,61
213000178,107,9,98
213000179,172,6,166
213000180,135,1,134
213000184,89,982,-893
213000188,334,96,238
213000189,230,31,199
213000190,978,1357,-379
213000191,226,861,-635
213000192,165,941,-776
213000193,2536,372,2164
213000194,0,44,-44
213000195,30,682,-652
213000196,198,1470,-1272
213000197,310,763,-453
213000198,54,3,51
213000200,123,1668,-1545
213000201,62,78,-16
213000202,22,1354,-1332
213000203,4816,588,4228
213000204,443,64,379
213000205,306,69,237
213000206,1044,64,980
213000207,134,5,129
213000208,63,1,62
213000209,98,0,98
213000210,355,3,352
213000211,13,19,-6
213000212,13,16,-3
213000213,9,51,-42
213000218,207,1453,-1246
213000219,450,14,436
213000220,384,8,376
213000223,227,163,64
213000224,45,29,16
213000225,69,6,63
213000226,67,20,47
213000227,656,269,387
213000228,203,87,116
213000229,584,32,552
213000230,252,34,218
213000232,110,610,-500
213000233,16,25,-9
213000234,0,18,-18
213000293,44,69,-25
213000294,172,6,166
213000295,4,67,-63
213000296,65,38,27
213000297,7,182,-175
213000298,11,175,-164
213000299,59,68,-9
213000300,11,1,10
213000303,5,21,-16
213000304,0,5,-5
213000305,4,15,-11
213000306,119,76,43
213000307,699,120,579
213000308,95,488,-393
213000309,139,69,70
213000310,297,140,157
213000311,338,1145,-807
213000315,56,299,-243
213000316,102,78,24
213000322,100,295,-195
213000323,40,159,-119
213000324,138,312,-174
213000325,63,435,-372
213000326,126,203,-77
213000327,82,462,-380
213000328,62,173,-111
213000329,105,220,-115
213000340,182,1461,-1279
213000341,263,106,157
213000347,1013,303,710
213000348,9,189,-180
213000349,17,3,14
213000350,258,2640,-2382
213000366,73,733,-660
213000367,138,43,95
213000379,43,180,-137
213000386,45,253,-208
213000406,87,439,-352
213000417,1220,554,666
213000425,105,94,11
213000426,65,120,-55
213000427,71,896,-825
213000428,45,531,-486
213000429,8,7,1
213000430,117,2676,-2559
213000431,30,6,24
213000432,5,19,-14
213000433,19,302,-283
213000434,55,177,-122
213000435,94,149,-55
213000436,25,170,-145
213000437,6,175,-169
213000438,164,230,-66
213000439,52,22,30
213000440,7,339,-332
213000441,0,2,-2
213000442,7,105,-98
213000443,496,755,-259
213000444,24,201,-177
213000445,0,177,-177
213000446,0,9,-9
213000447,16,30,-14
213000448,7,153,-146
213000449,213,4,209
213000450,25,73,-48
213000451,252,100,152
213000452,12,21,-9
213000453,50,692,-642
213000455,244,42,202
213000456,0,109,-109
213000481,7,12,-5
213000484,33,4,29
213000489,790,60,730
213900002,0,77,-77
213900003,280,0,280
213900013,1,265,-264
213900015,0,14,-14
213900016,7,21,-14
213900020,15,309,-294
213900030,5,102,-97
213900032,239,114,125
213900033,87,37,50
213900034,343,148,195
213900035,162,1183,-1021
213900036,137,426,-289
213900037,49,630,-581
213900038,257,358,-101
213900039,0,196,-196
213900041,1,126,-125
213900042,205,211,-6
213900043,184,237,-53
213900244,6,0,6
213900245,0,44,-44
218000003,7,9,-2
218000004,23,21,2
218000005,31,12,19
218000006,59,26,33
218000007,5,16,-11
218000012,457,197,260
218000013,112,210,-98
218000014,688,659,29
218000019,1604,1384,220
218000020,537,850,-313
218000021,60,160,-100
218000022,8,74,-66
218000023,2,63,-61
218000024,1,35,-34
218000025,8,60,-52
218000026,15,115,-100
218000027,1,24,-23
218000028,3,14,-11
218000029,2,6,-4
218000030,20,48,-28
218000031,1,71,-70
218000032,3,50,-47
218000039,15,67,-52
218000040,10,6,4
218000046,34,213,-179
218000047,9,314,-305
218000048,80,369,-289
218000049,147,318,-171
218000050,408,486,-78
218000051,93,593,-500
218000052,2,217,-215
218000053,4,12,-8
218000054,12,45,-33
218000055,12,19,-7
218000056,15,40,-25
218000057,2,66,-64
218000064,9,27,-18
218000065,147,179,-32
218000066,15,205,-190
218000067,100,248,-148
218000068,150,277,-127
218000069,217,413,-196
218000070,249,613,-364
218000071,298,429,-131
218000072,508,588,-80
218000078,712,1937,-1225
218000079,94,191,-97
218000080,121,179,-58
218000081,369,548,-179
218000082,66,289,-223
218000083,43,128,-85
218000084,133,409,-276
218000085,116,1154,-1038
218000086,42,552,-510
218000087,288,745,-457
218000090,7,90,-83
218000091,595,308,287
218000092,69,267,-198
218000093,68,173,-105
218000094,215,790,-575
218000099,314,1132,-818
218000100,289,527,-238
218000101,248,314,-66
218000102,391,582,-191
218000103,124,291,-167
218000104,99,131,-32
218000105,134,22,112
218000107,86,266,-180
218000108,11,169,-158
218000112,273,184,89
218000117,189,304,-115
218000134,1023,1656,-633
218000135,45,270,-225
218000136,321,84,237
218000137,143,127,16
218000138,30,127,-97
218000139,150,466,-316
218000140,355,175,180
218000141,94,112,-18
218000142,117,184,-67
218000143,60,237,-177
218000144,60,115,-55
218000145,310,658,-348
218000146,85,372,-287
218000151,8,24,-16
218000152,64,52,12
218000153,1,10,-9
218000154,6,1,5
218000155,17,4,13
218000156,43,25,18
218000157,13,38,-25
218000158,3,17,-14
218000159,1,8,-7
218000160,1,12,-11
218000161,19,9,10
218000162,17,23,-6
218000163,4,3,1
218000164,18,19,-1
218000165,54,47,7
218000170,1,31,-30
218000171,51,12,39
218000172,23,11,12
218000173,39,28,11
218000174,22,8,14
218000176,127,59,68
218000177,274,215,59
218000178,57,210,-153
218000179,89,77,12
218000180,48,29,19
218000181,128,72,56
218000187,8,25,-17
218000188,41,64,-23
218000189,12,102,-90
218000190,10,43,-33
218000191,111,102,9
218000192,286,882,-596
218000193,900,948,-48
218000194,140,1048,-908
218000195,205,176,29
218000196,318,515,-197
218000197,274,834,-560
218000198,6,216,-210
218000199,40,42,-2
218000200,60,70,-10
218000201,28,14,14
218000202,302,199,103
218000207,10,155,-145
218000208,40,102,-62
218000211,28,15,13
218000212,1,23,-22
218000213,132,102,30
218000214,2,40,-38
218000215,43,155,-112
218000217,1,193,-192
218000218,348,152,196
218000219,86,29,57
218000220,245,482,-237
218000221,1707,226,1481
218000222,112,21,91
218000223,38,260,-222
218000224,6,171,-165
218000225,118,28,90
218000226,61,112,-51
218000230,0,3,-3
218000232,134,186,-52
218000234,18,20,-2
218000239,64,3,61
218000240,3,3,0
218000241,9,0,9
218000242,17,1,16
218000243,7,0,7
218000244,19,0,19
218000245,13,4,9
218000246,0,2,-2
218000247,1,0,1
218000248,0,52,-52
218000249,0,4,-4
218000250,9,48,-39
218000251,0,27,-27
218000252,2,18,-16
218000253,1,5,-4
218000254,0,17,-17
218000255,0,6,-6
218000256,9,37,-28
218000267,531,1177,-646
218000268,13,81,-68
218000269,5,12,-7
218000270,27,40,-13
218000271,13,57,-44
218000273,8,27,-19
218000274,13,11,2
218000275,8,41,-33
218000276,2,59,-57
218000278,34,63,-29
218000279,19,55,-36
218000280,5,23,-18
218000281,18,12,6
218000282,291,128,163
218000284,191,22,169
218000301,97,110,-13
218000302,118,63,55
218000303,35,93,-58
218000316,626,1475,-849
218000317,646,1492,-846
218000318,347,1043,-696
218000319,839,2627,-1788
218000320,623,1140,-517
218000338,52,23,29
218000339,15,33,-18
218000342,53,188,-135
218000343,144,205,-61
218000345,9,18,-9
218000346,7,39,-32
218000353,53,89,-36
218000354,60,120,-60
218000459,55,475,-420
218000490,36,68,-32
218000501,112,152,-40
218000502,73,222,-149
218000503,157,76,81
218000504,325,80,245
218000505,116,464,-348
218000506,100,606,-506
218000508,3,7,-4
218000510,353,38,315
218000520,213,221,-8
218000522,2,205,-203
218000523,177,1,176
218000524,56,206,-150
218000525,83,23,60
218000526,17,109,-92
218000530,16,12,4
218000531,20,85,-65
218000532,20,72,-52
218000537,10,11,-1
218000538,120,178,-58
218000539,75,144,-69
218000540,305,88,217
218000543,66,73,-7
218000544,34,244,-210
218000545,11,77,-66
218000546,35,230,-195
218000547,86,128,-42
218000548,94,374,-280
218000549,318,232,86
218000550,205,828,-623
218000551,173,619,-446
218000552,659,33,626
218000553,2,68,-66
218000554,13,39,-26
218000555,8,37,-29
218000556,34,721,-687
218000557,185,68,117
218000558,47,0,47
218000559,0,38,-38
218000560,0,6,-6
218000561,13,0,13
218000562,34,346,-312
218000563,167,30,137
218000564,9,134,-125
218000565,158,34,124
218000566,211,28,183
218000567,2,64,-62
218000568,6,2,4
218000569,7,135,-128
218000570,82,19,63
218000571,1,131,-130
218000572,116,2,114
218000573,18,58,-40
218000574,49,59,-10
218000575,90,3,87
218000576,2,82,-80
218000577,88,0,88
218000578,0,99,-99
218000579,49,2,47
218000581,8,152,-144
218000582,25,10,15
218000583,1,0,1
218000584,0,33,-33
218000585,28,5,23
218000586,8,69,-61
218000587,4,4,0
218000588,0,2,-2
218000589,0,3,-3
218000590,3,0,3
218000591,0,3,-3
218000592,0,2,-2
218000593,2,0,2
218000594,1,0,1
218000595,0,0,0
218000596,0,0,0
218000597,0,0,0
218000598,0,1,-1
218000599,0,1,-1
218000600,0,0,0
218000601,0,0,0
218000602,0,5,-5
218000603,0,1,-1
218000604,10,0,10
218000605,0,21,-21
218000606,50,0,50
218000607,16,64,-48
218000608,77,21,56
218000609,2,55,-53
218000610,127,4,123
218000611,29,0,29
218000612,0,42,-42
218000613,63,0,63
218000614,1,41,-40
218000615,113,0,113
218000616,13,230,-217
218000617,10,2,8
218000618,0,35,-35
218000619,49,39,10
218000620,7,47,-40
218000621,0,6,-6
218000622,0,10,-10
218000623,13,1,12
218000624,4,6,-2
218000625,0,6,-6
218000626,0,7,-7
218000628,53,44,9
218000632,2,180,-178
218000633,30,1,29
218000634,6,19,-13
218000635,9,17,-8
218000636,1135,2813,-1678
218000637,662,792,-130
218000638,144,135,9
218000639,25,293,-268
218000640,216,68,148
218000641,39,630,-591
218000652,85,208,-123
218000653,162,106,56
218000675,16,8,8
218000676,3,42,-39
218000677,3,10,-7
218000703,3,104,-101
218000718,1056,855,201
218000719,1867,216,1651
218000720,1,60,-59
218000721,40,12,28
218000725,13,12,1
218001214,10,39,-29
219000001,21,126,-105
219000002,58,117,-59
219000003,41,15,26
219000004,65,53,12
219000017,325,18,307
219000020,87,63,24
219000022,106,5,101
219000023,122,2,120
219000029,1,99,-98
219000034,9,11,-2
219000039,46,101,-55
219000040,39,28,11
219000041,110,28,82
219000051,1,103,-102
219000052,0,21,-21
219000053,1,262,-261
219000054,400,495,-95
219000055,103,0,103
219000056,21,1,20
219000057,65,0,65
219000062,4,380,-376
219000063,70,6,64
219000110,297,60,237
219000111,62,52,10
219000112,163,69,94
219000113,94,64,30
219000114,295,73,222
219000116,67,35,32
219000117,189,126,63
219000118,129,130,-1
219000123,556,104,452
219000124,141,114,27
219000125,6,31,-25
219000126,80,139,-59
219000127,0,10,-10
219000128,20,133,-113
219000129,35,196,-161
219000130,870,1133,-263
219000131,735,1246,-511
219000133,44,38,6
219000134,12,34,-22
219000135,51,85,-34
219000136,159,241,-82
219000138,48,22,26
219000139,29,57,-28
219000140,44,1,43
219000141,19,165,-146
219000142,15,136,-121
219000143,19,143,-124
219000145,20,86,-66
219000146,1,92,-91
219000147,4,107,-103
219000148,2,86,-84
219000149,22,342,-320
219000150,1,241,-240
219000151,3,155,-152
219000157,143,197,-54
219000158,170,351,-181
219000161,211,10,201
219000163,1936,513,1423
219000166,101,172,-71
219000167,69,326,-257
219000168,223,82,141
219000174,324,137,187
219000175,84,3,81
219000176,67,9,58
219000177,21,7,14
219000178,17,3,14
219000179,19,11,8
219000180,49,36,13
219000182,107,16,91
219000183,51,60,-9
219000184,91,11,80
219000185,0,123,-123
219000186,73,81,-8
219000187,33,200,-167
219000189,200,264,-64
219000190,198,389,-191
219000191,1577,1684,-107
219000192,217,147,70
219000193,685,254,431
219000195,1,85,-84
219000196,7,152,-145
219000198,30,213,-183
219000199,112,265,-153
219000200,33,242,-209
219000201,68,355,-287
219000203,29,186,-157
219000204,109,290,-181
219000205,48,263,-215
219000207,140,401,-261
219000209,33,91,-58
219000210,98,131,-33
219000213,17,671,-654
219000239,201,295,-94
219000240,173,459,-286
219000241,82,353,-271
219000242,41,227,-186
219000243,85,406,-321
219000244,27,127,-100
219000245,30,45,-15
219000246,18,9,9
219000247,69,28,41
219000248,432,287,145
219000249,95,56,39
219000250,107,73,34
219000251,531,221,310
219000252,264,176,88
219000253,264,63,201
219000255,97,131,-34
219000256,132,98,34
219000257,97,2,95
219000262,75,323,-248
219000263,44,322,-278
219000267,4,248,-244
219000268,2,8,-6
219000269,9,2,7
219000270,9,1,8
219000271,95,1,94
219000278,1,11,-10
219000279,0,7,-7
219000283,0,14,-14
219000295,19,112,-93
219000296,106,805,-699
219000297,12,221,-209
219000298,10,343,-333
219000299,509,139,370
219000300,27,468,-441
219000301,266,379,-113
219000302,24,246,-222
219000307,40,58,-18
219000308,48,34,14
219000311,163,49,114
219000312,384,63,321
219000313,215,66,149
219000314,90,809,-719
219000315,223,61,162
219000316,380,78,302
219000317,80,53,27
219000320,0,52,-52
219000321,1,23,-22
219000323,3,144,-141
219000325,1,71,-70
219000326,58,163,-105
219000327,50,47,3
219000328,30,70,-40
219000329,319,137,182
219000330,36,27,9
219000331,53,33,20
219000332,47,84,-37
219000333,9,2,7
219000335,78,8,70
219000337,10,0,10
219000338,61,2,59
219000344,23,74,-51
219000345,67,206,-139
219000346,36,223,-187
219000348,145,278,-133
219000349,51,447,-396
219000350,53,129,-76
219000351,13,6,7
219000352,341,85,256
219000353,80,55,25
219000354,115,160,-45
219000355,102,39,63
219000356,1820,952,868
219000363,332,55,277
219000364,76,54,22
219000365,81,25,56
219000366,271,268,3
219000368,416,457,-41
219000370,1404,362,1042
219000371,8,34,-26
219000382,12,19,-7
219000383,868,1168,-300
219000385,653,704,-51
219000386,1404,1961,-557
219000387,2,4,-2
219000390,18,3,15
219000391,0,0,0
219000397,90,92,-2
219000398,71,35,36
219000401,12,197,-185
219000402,13,143,-130
219000403,135,219,-84
219000404,14,72,-58
219000409,62,48,14
219000410,80,34,46
219000411,74,14,60
219000446,311,810,-499
219000447,0,17,-17
219000448,19,8,11
219000452,95,72,23
219000453,64,168,-104
219000454,351,258,93
219000556,120,113,7
219000558,87,356,-269
219000590,29,291,-262
219000591,39,97,-58
219000592,163,540,-377
219000595,0,63,-63
219000635,93,47,46
219000636,18,118,-100
219000657,19,17,2
219000658,16,78,-62
219000673,0,6,-6
219000676,8,1,7
219000679,49,18,31
219000684,78,2,76
219000685,3,142,-139
219000686,1,0,1
219000688,0,122,-122
219000689,108,500,-392
219000690,442,82,360
219000693,0,53,-53
219000694,20,1,19
219000695,22,3,19
219000698,60,1,59
219000699,0,14,-14
219000727,5,247,-242
219000728,85,5,80
219000770,17,2,15
219000771,1,40,-39
219001150,0,32,-32
219001151,2,3,-1
220000001,55,46,9
220000002,13,260,-247
220000003,470,361,109
220000004,842,914,-72
220000005,1768,2518,-750
220000006,196,1311,-1115
220000007,392,813,-421
220000008,452,1462,-1010
220000009,197,782,-585
220000010,141,206,-65
220000011,956,4753,-3797
220000012,266,578,-312
220000014,60,76,-16
220000015,42,209,-167
220000017,64,638,-574
220000018,9943,2112,7831
220000019,55,277,-222
220000020,382,254,128
220000021,355,293,62
220000022,384,765,-381
220000023,185,210,-25
220000024,1925,381,1544
220000025,1047,1157,-110
220000026,184,263,-79
220000027,21,113,-92
220000028,20,34,-14
220000029,86,363,-277
220000030,68,123,-55
220000031,295,373,-78
220000064,58,1775,-1717
221000046,8,0,8
221000047,0,4,-4
221000048,0,1,-1
221000049,1,10,-9
221000050,13,0,13
221000055,44,77,-33
221000057,47,16,31
221000068,336,154,182
221000069,290,80,210
221000070,236,42,194
221000071,96,11,85
221000072,242,14,228
221000073,173,41,132
221000074,2,19,-17
221000075,19,18,1
221000076,3,35,-32
221000077,26,86,-60
221000081,39,13,26
221000082,39,5,34
221000083,44,0,44
221000084,3,2,1
221000085,11,117,-106
221000086,10,168,-158
221000087,11,251,-240
221000088,19,275,-256
221000089,28,415,-387
221000090,122,732,-610
221000098,82,17,65
221000099,97,21,76
221000100,53,6,47
221000101,180,17,163
221000102,103,17,86
221000109,3,98,-95
221000110,8,119,-111
221000111,20,257,-237
221000112,4,243,-239
221000113,23,271,-248
221000114,9,241,-232
221000120,49,80,-31
221000121,5,18,-13
221000122,57,44,13
221000123,9,4,5
221000124,35,666,-631
221000155,87,6,81
221000156,11,34,-23
221000175,0,1,-1
221000176,0,5,-5
221000182,29,7,22
221000241,563,297,266
221000242,287,580,-293
221000243,414,93,321
221000244,334,586,-252
221000245,55,141,-86
221000246,30,310,-280
221000247,64,123,-59
221000248,121,153,-32
221000267,39,1186,-1147
221000325,39,63,-24
221000331,12,277,-265
221000338,26,26,0
221000378,102,33,69
221000381,83,68,15
222000282,0,0,0
222000296,1,36,-35
222000568,289,18,271
222000569,128,32,96
222000570,114,26,88
222000571,266,18,248
222000577,16,408,-392
222000578,33,339,-306
222000579,26,205,-179
222000580,179,1203,-1024
222000599,1,181,-180
222000600,7,383,-376
222000601,9,1109,-1100
222000603,12,14,-2
222000604,14,27,-13
222000605,9,9,0
222000606,8,6,2
222000607,5,8,-3
222000608,15,17,-2
222000609,51,501,-450
222000616,154,45,109
222000617,2,9,-7
222000618,5,3,2
222000620,38,3,35
222000621,64,15,49
222000623,380,6,374
222000624,289,5,284
222000625,329,72,257
222000636,50,2,48
222000686,22,9,13
222000687,12,26,-14
222001066,594,1,593
222001067,16,38,-22
222001068,22,170,-148
222001069,10,106,-96
222001082,9,76,-67
222001083,5,102,-97
222001084,0,16,-16
222001085,0,253,-253
222001111,22,347,-325
222001112,40,99,-59
222001313,17,1,16
222001314,0,103,-103
222001464,57,50,7
222001465,13,215,-202
222001484,56,66,-10
222001485,21,78,-57
222001494,264,171,93
222001495,127,858,-731
222001496,152,69,83
222001497,71,1012,-941
222001502,24,190,-166
222001503,109,50,59
222001504,32,409,-377
222001505,313,23,290
222001506,45,337,-292
222001507,198,28,170
222001510,278,32,246
222001511,47,599,-552
222001514,477,162,315
222001515,285,1257,-972
222001518,111,76,35
222001519,67,642,-575
222001527,146,87,59
222001528,62,259,-197
222001529,171,66,105
222001530,65,360,-295
222001533,148,694,-546
222001534,241,61,180
222001535,157,178,-21
222001536,83,674,-591
222001537,137,32,105
222001538,77,842,-765
222001563,305,105,200
222001564,44,1297,-1253
222001568,220,131,89
222001576,0,1,-1
222001579,0,4,-4
222001583,19,491,-472
222001584,56,7,49
222001596,770,2714,-1944
222001597,992,265,727
222001626,1,242,-241
222001650,55,82,-27
222001651,101,290,-189
222001914,143,99,44
222001915,66,418,-352
222900004,420,219,201
222900009,486,1499,-1013
222900019,142,462,-320
222900024,16,124,-108
222900025,1,29,-28
225000001,423,133,290
225000002,328,136,192
225000003,337,76,261
225000004,188,252,-64
225000005,29,60,-31
225000006,0,180,-180
225000007,4367,1512,2855
225000010,189,6,183
225000011,588,1215,-627
225000012,146,711,-565
225000013,143,271,-128
225000014,1009,91,918
225000015,116,309,-193
225000021,721,283,438
225000027,320,740,-420
225000032,576,187,389
225000042,103,1079,-976
225000049,42,55,-13
225000050,49,11,38
225000053,4,451,-447
225000058,615,170,445
225000067,109,323,-214
225000068,78,770,-692
225000069,166,729,-563
225000070,70,738,-668
225000071,27,426,-399
225000075,30,1529,-1499
225000076,66,181,-115
225000078,107,47,60
225000085,24,107,-83
225000086,307,43,264
225000087,157,34,123
225000088,21,199,-178
225000089,257,945,-688
225000090,24,523,-499
225000091,133,349,-216
225000092,19,93,-74
225000093,134,636,-502
225000094,11,652,-641
225000095,341,829,-488
225000096,285,734,-449
225000098,596,201,395
225000099,203,147,56
225000100,183,149,34
225000104,80,523,-443
225000110,7,645,-638
225000111,413,1725,-1312
225000112,750,1454,-704
225000113,146,915,-769
225000114,73,535,-462
225000115,4149,699,3450
225000116,914,183,731
225000117,1145,467,678
225000118,872,428,444
225000119,201,118,83
225000120,608,63,545
225000121,215,43,172
225000123,1799,27,1772
225000125,295,421,-126
225000126,1151,232,919
225000127,1018,826,192
225000128,409,620,-211
225000132,254,36,218
225000133,280,35,245
225000134,570,132,438
225000135,53,21,32
225000136,197,12,185
225000137,116,66,50
225000138,379,44,335
225000143,132,207,-75
225000144,1,356,-355
225000145,27,50,-23
225000146,70,160,-90
225000147,19,429,-410
225000148,10,331,-321
225000149,57,623,-566
225000151,34,419,-385
225000155,305,559,-254
225000156,259,927,-668
225000157,222,517,-295
225000158,117,626,-509
225000171,6,277,-271
225000180,13,0,13
225000181,0,138,-138
225000182,149,5,144
225000185,7,513,-506
225000187,67,573,-506
225000191,57,2,55
225000194,0,5,-5
225000208,13,71,-58
225000209,69,19,50
225000210,4,382,-378
225000217,0,21,-21
225000218,9,1,8
225000223,1,291,-290
225000224,551,8,543
225000225,6,88,-82
225000226,276,6,270
225000227,92,119,-27
225000228,23,8,15
225000229,0,80,-80
225000230,8,0,8
225000231,0,123,-123
225000232,139,0,139
225000241,66,0,66
225000242,2,52,-50
225000249,3,2,1
225000250,45,1117,-1072
225000251,420,46,374
225000254,11,53,-42
225000256,16,232,-216
225000257,0,140,-140
226000042,515,735,-220
226000043,77,412,-335
226000044,121,1113,-992
226000045,73,726,-653
226000046,465,41,424
226000047,330,57,273
226000048,292,47,245
226000049,286,62,224
226000070,0,97,-97
226000071,0,112,-112
226000072,0,23,-23
226000073,0,10,-10
226000074,0,11,-11
226000084,1,68,-67
226000085,2,10,-8
226000086,0,8,-8
226000087,1,14,-13
226000088,40,35,5
226000090,117,23,94
226000091,27,16,11
226000092,2,2,0
226000093,8,0,8
226000094,30,2,28
226000095,50,0,50
226000105,4,0,4
226000106,11,0,11
226000107,3,0,3
226000108,4,0,4
226000109,50,0,50
226000124,138,70,68
226000134,314,562,-248
226000135,713,739,-26
226000136,238,525,-287
226000137,7,630,-623
226000138,4,299,-295
226000139,2,21,-19
226000156,90,5,85
226000157,134,17,117
226000163,59,95,-36
226000202,7,742,-735
226000231,57,10,47
226000232,50,5,45
227000033,200,48,152
227000036,191,33,158
227000037,139,23,116
227000038,115,29,86
227000084,0,37,-37
227000085,3,27,-24
227000088,64,5,59
227000089,100,0,100
227000090,41,1,40
227000091,14,0,14
227000092,13,2,11
227000093,93,0,93
227000094,7,1,6
227000130,22,74,-52
227000131,15,252,-237
227000132,10,228,-218
227000133,11,255,-244
227000134,10,417,-407
227000152,0,1,-1
227000153,0,22,-22
227000154,1,14,-13
227000155,0,14,-14
227000156,0,14,-14
227000165,0,21,-21
227000196,170,875,-705
227000199,132,1274,-1142
227000230,30,1094,-1064
227000232,230,8,222
227000242,43,469,-426
227000243,282,75,207
227000245,13,463,-450
227000246,61,543,-482
227000247,232,89,143
227000248,44,14,30
227000249,6,206,-200
227000250,281,91,190
227000251,69,193,-124
227000252,13,367,-354
227000253,81,21,60
227000262,170,44,126
227000266,670,23,647
227000267,51,4019,-3968
227000282,11,467,-456
227000284,209,43,166
227000286,4,148,-144
227000291,21,1180,-1159
227000296,503,503,0
227000484,225,26,199
227000485,23,1426,-1403
227000655,102,68,34
227000656,672,38,634
227000657,33,26,7
229000265,11,9,2
229000266,1,1,0
229000267,23,0,23
229000268,12,0,12
229000269,40,0,40
229000274,1,38,-37
229000275,2,18,-16
229000276,0,11,-11
229000277,1,4,-3
229000278,0,6,-6
229000295,12,26,-14
229000296,8,5,3
229000297,6,81,-75
229000298,6,313,-307
229000320,10,18,-8
229000321,13,16,-3
229000412,12,76,-64
229000414,9,65,-56
229000415,6,0,6
229000416,6,4,2
229000417,2,28,-26
229000419,133,369,-236
229000440,293,148,145
229000442,35,7,28
229000443,3,17,-14
229000444,3,47,-44
229000445,49,9,40
229000446,45,15,30
229000491,2,43,-41
229000492,33,199,-166
229000493,4,173,-169
229000494,20,10,10
229000495,114,17,97
229000496,36,12,24
229000507,0,57,-57
229000508,1,57,-56
229000509,1,88,-87
229000510,0,54,-54
229000511,8,74,-66
229000512,2,54,-52
229000513,0,16,-16
229000514,0,8,-8
229000517,2,14,-12
229000518,12,47,-35
229000519,3,21,-18
229000520,12,63,-51
229000521,20,29,-9
229000522,6,17,-11
229000523,3,18,-15
229000524,2,9,-7
229000527,2,1,1
229000528,1,0,1
229000529,4,0,4
229000530,84,3,81
229000531,21,5,16
229000532,33,2,31
229000533,77,0,77
229000534,75,2,73
229000564,51,1,50
229000565,10,2,8
229000566,0,19,-19
229000567,0,70,-70
229000582,117,2,115
229000583,4,2,2
229000584,0,47,-47
229000585,2,77,-75
229000718,0,4,-4
229000719,0,0,0
229000720,0,18,-18
229000721,0,23,-23
229000722,0,42,-42
229000723,0,11,-11
229000724,0,1,-1
229000725,0,6,-6
229000738,3,0,3
229000739,1,1,0
229000740,3,0,3
229000741,8,0,8
229000742,7,0,7
229000743,13,0,13
229000744,1,2,-1
229000745,2,0,2
229000746,12,0,12
229000847,27,1,26
229000848,18,0,18
229000849,127,5,122
229000851,43,0,43
229000854,0,86,-86
229000856,9,199,-190
229000857,0,68,-68
229000858,0,147,-147
229000919,18,130,-112
229000930,9,458,-449
229000937,36,15,21
229000966,32,24,8
229000981,28,62,-34
229000985,7,77,-70
229000986,2,9,-7
229000987,0,1,-1
229000988,1,3,-2
229000989,32,6,26
229000990,0,5,-5
229000991,0,1,-1
229000992,5,18,-13
229000993,227,31,196
229000998,22,107,-85
229000999,61,41,20
229001034,2,34,-32
229001035,31,8,23
229001036,3,60,-57
229001037,43,5,38
229001038,0,2,-2
229001039,0,0,0
229001040,0,96,-96
229001041,79,1,78
229001042,9,34,-25
229001047,5,132,-127
229001050,54,18,36
229001168,0,10,-10
229001200,6,4,2
229001338,2,35,-33
229001394,244,2,242
229001422,62,23,39
229001423,63,253,-190
229001431,38,62,-24
229001432,91,127,-36
229001444,104,102,2
229001445,35,260,-225
229001479,4,8,-4
229001503,141,57,84
229001504,127,397,-270
229001505,55,42,13
229001506,67,288,-221
229001509,70,4,66
229001510,5,41,-36
229001545,49,9,40
229001546,7,128,-121
229001553,58,21,37
229001554,27,151,-124
229001630,137,13,124
229001631,15,33,-18
229001635,0,5,-5
229001636,0,4,-4
229001658,2,158,-156
229001659,85,3,82
229001660,0,0,0
229001661,2,19,-17
229001662,117,0,117
229001663,0,19,-19
229002584,246,269,-23
229002831,346,141,205
229002841,2,29,-27
229002842,13,17,-4
229002843,58,30,28
229002844,26,91,-65
229002845,30,51,-21
229002846,24,20,4
229002847,3,7,-4
229002848,7,3,4
229002849,2,91,-89
229002850,2,1,1
229002851,36,105,-69
229002852,74,39,35
229002853,112,16,96
229002854,52,69,-17
229002855,21,47,-26
229002856,18,11,7
229002857,2,83,-81
229002858,22,5,17
229002859,83,50,33
229002860,58,5,53
229002861,33,24,9
229002862,9,39,-30
229002863,8,20,-12
229002864,4,44,-40
229002865,19,20,-1
229002866,11,26,-15
229002867,7,38,-31
229002868,7,13,-6
229002869,7,203,-196
229002870,26,8,18
235000067,264,97,167
235000072,51,269,-218
235000080,10,125,-115
235000081,62,248,-186
235000082,95,42,53
235000083,120,61,59
235000084,36,58,-22
235000085,84,44,40
235000093,9,6,3
235000097,4,9,-5
235000098,27,10,17
235000115,97,150,-53
235000116,30,41,-11
235000117,877,12,865
235000133,19,255,-236
235000134,8,54,-46
235000206,3,1,2
235000207,2,1,1
235000210,2,5,-3
235000212,1,10,-9
235000220,2,7,-5
235000221,38,7,31
235000238,13,21,-8
235000239,1,0,1
235000242,247,315,-68
235000245,1261,170,1091
235000246,8,71,-63
235000284,9,103,-94
235000295,121,6,115
235000305,79,7,72
235000306,71,5,66
235000307,11,9,2
235000308,6,0,6
235000309,36,0,36
235000310,56,0,56
235000311,54,24,30
235000322,0,43,-43
235000323,1,84,-83
235000324,0,26,-26
235000325,0,15,-15
235000326,5,551,-546
235000351,9,79,-70
235000352,34,116,-82
235000353,1,55,-54
235000354,5,65,-60
235000355,2,147,-145
235000356,75,3,72
235000357,23,4,19
235000358,21,8,13
235000359,2,3,-1
235000360,82,12,70
235000361,37,12,25
235000381,13,313,-300
235000382,46,20,26
235000390,4,4,0
235000391,56,9,47
235000392,52,199,-147
235000393,36,89,-53
235000395,70,19,51
235000396,268,52,216
235000399,97,16,81
235000400,136,25,111
235000401,57,215,-158
235000402,38,196,-158
235000405,100,387,-287
235000406,36,401,-365
235000407,52,153,-101
235000409,160,184,-24
235000411,2,89,-87
235000485,0,8,-8
235000486,1,0,1
235000549,52,182,-130
235000550,33,315,-282
235000599,44,77,-33
235000600,1,14,-13
235000601,15,47,-32
235000602,34,70,-36
235000614,1,2,-1
235000648,0,21,-21
235000649,26,7,19
235000815,3,44,-41
235000834,0,3,-3
235000855,21,46,-25
235000862,30,337,-307
235000891,0,8,-8
235000892,22,7,15
235000901,19,94,-75
235000907,2,14,-12
235001010,32,98,-66
235001030,257,242,15
235001078,48,50,-2
235001079,57,177,-120
235001147,10,54,-44
235001166,16,82,-66
235001167,18,75,-57
235001169,25,366,-341
235001200,30,20,10
235001239,0,22,-22
235016266,26,13,13
235016267,0,33,-33
235900013,2,2,0
235900014,0,5,-5
241900007,43,0,43
277101746,0,3,-3
277102712,0,0,0
277103813,0,0,0
277103814,0,0,0
277103898,0,2,-2
990010990,43,279,-236
990011530,0,363,-363
990014944,2,650,-648
990015176,12,7,5
990015618,1,115,-114
990015888,7,64,-57
990016032,1,841,-840
990032570,0,302,-302
990070001,97,10,87
990070103,0,4,-4
990070601,0,168,-168
990070751,351,1,350
990070766,2,1059,-1057
990071180,847,261,586
990071343,31,0,31
990071387,0,3,-3
990071823,315,2,313
990072600,3,808,-805
990072964,5,882,-877
990073285,0,1,-1
990074393,6,2183,-2177
990074714,12,55,-43
990074870,670,56,614
990075106,591,11,580
990075746,257,3,254
990076437,657,4,653
990076458,3,2105,-2102
997000007,144,8,136
997000041,0,151,-151
997000058,45,0,45
997000062,86,0,86
997000069,0,6,-6
997000070,0,257,-257
997000100,23,1,22
997000141,7,2199,-2192
997000198,4,1017,-1013
998000475,0,19,-19
998000736,4,463,-459
998000965,0,10,-10
998001031,0,79,-79
998001072,524,459,65
998001091,4,1,3
998001093,1,2,-1
998001103,1,7,-6
998001105,2,17,-15
998001700,1,35,-34
998001899,0,1,-1
998001900,3,1,2
998003073,806,0,806
998003124,18,60,-42
998003125,11,132,-121
998101900,0,0,0
998102850,8,149,-141
998501819,3,0,3
998501820,0,5,-5
998501832,62,109,-47
998501927,769,483,286
998501929,83,4,79
998501930,84,0,84
998501931,132,36,96
998501932,16,10,6
998501933,35,1,34
998501937,13,2,11
998501944,26,0,26
998501950,0,0,0
998501970,61,5,56
998501971,0,105,-105
998501972,547,5,542
998501973,2,203,-201
998501974,2,364,-362
998501975,362,0,362
998501976,35,1,34
998501977,1,16,-15
998501978,53,1,52
998501979,0,14,-14
998501980,118,15,103
998501981,23,39,-16
998501982,0,182,-182
998501983,0,0,0
998502006,0,0,0
998502024,0,1,-1
998502032,0,4,-4
998502062,16,0,16
998502063,0,0,0
998502173,9,0,9
998502269,0,0,0
998601159,3,494,-491
998601292,0,45,-45
999033574,2,46,-44
999800001,23,4,19
999800002,0,1,-1
999800003,3,2,1
999800004,0,7,-7
999800005,0,22,-22
