dong,insum,outsum,diff
강남구 개포1동,42,165,-123
강남구 개포2동,912,2973,-2061
강남구 개포4동,167,1015,-848
강남구 논현1동,7059,6155,904
강남구 논현2동,2117,2145,-28
강남구 대치1동,3363,3229,134
강남구 대치2동,4356,3708,648
강남구 대치4동,3564,2872,692
강남구 도곡1동,1913,2508,-595
강남구 도곡2동,1011,919,92
강남구 삼성1동,3739,2800,939
강남구 삼성2동,1952,2467,-515
강남구 세곡동,1314,5575,-4261
강남구 수서동,4397,1250,3147
강남구 신사동,2622,1963,659
강남구 압구정동,5662,4212,1450
강남구 역삼1동,17325,8211,9114
강남구 역삼2동,2172,3208,-1036
강남구 일원1동,195,307,-112
강남구 일원2동,103,89,14
강남구 일원본동,932,2196,-1264
강남구 청담동,3703,3779,-76
강동구 강일동,538,5794,-5256
강동구 고덕제1동,173,1393,-1220
강동구 고덕제2동,639,1356,-717
강동구 길동,1365,1806,-441
강동구 둔촌제1동,2,14,-12
강동구 둔촌제2동,956,2155,-1199
강동구 명일제1동,1548,2288,-740
강동구 명일제2동,840,1451,-611
강동구 상일동,3602,3463,139
강동구 성내제1동,1140,2188,-1048
강동구 성내제2동,2732,2352,380
강동구 성내제3동,1376,2286,-910
강동구 암사제1동,556,2873,-2317
강동구 암사제2동,8,1,7
강동구 암사제3동,0,0,0
강동구 천호제1동,514,1189,-675
강동구 천호제2동,4579,2672,1907
강동구 천호제3동,854,381,473
강북구 미아동,1825,3424,-1599
강북구 번1동,11415,10158,1257
강북구 번2동,502,2522,-2020
강북구 번3동,481,4036,-3555
강북구 삼각산동,751,2317,-1566
강북구 삼양동,925,4194,-3269
강북구 송중동,12676,12151,525
강북구 송천동,2020,3912,-1892
강북구 수유1동,613,3188,-2575
강북구 수유2동,853,4577,-3724
강북구 수유3동,5539,2989,2550
강북구 우이동,532,3132,-2600
강북구 월곡제1동,9,24,-15
강북구 인수동,764,4629,-3865
강서구 가양제1동,2091,1861,230
강서구 가양제2동,198,692,-494
강서구 가양제3동,102,562,-460
강서구 공항동,1708,2347,-639
강서구 등촌제1동,2091,4175,-2084
강서구 등촌제2동,962,2489,-1527
강서구 등촌제3동,2643,3948,-1305
강서구 발산제1동,2193,3886,-1693
강서구 방화제1동,1219,3113,-1894
강서구 방화제2동,909,861,48
강서구 방화제3동,9,469,-460
강서구 염창동,393,1431,-1038
강서구 우장산동,2331,4042,-1711
강서구 화곡본동,673,1093,-420
강서구 화곡제1동,4168,7879,-3711
강서구 화곡제2동,131,892,-761
강서구 화곡제3동,2822,1942,880
강서구 화곡제4동,612,1636,-1024
강서구 화곡제6동,2532,3516,-984
강서구 화곡제8동,2040,1381,659
관악구 낙성대동,1545,2260,-715
관악구 난곡동,480,4041,-3561
관악구 난향동,545,2803,-2258
관악구 남현동,5002,3327,1675
관악구 대학동,1623,4427,-2804
관악구 미성동,1130,4344,-3214
관악구 보라매동,1009,1849,-840
관악구 삼성동,1411,6833,-5422
관악구 서림동,929,3676,-2747
관악구 서원동,6649,3095,3554
관악구 성현동,190,1041,-851
관악구 신림동,10636,4991,5645
관악구 신사동,1165,3515,-2350
관악구 신원동,59,349,-290
관악구 은천동,1111,2924,-1813
관악구 인헌동,204,370,-166
관악구 조원동,3710,2925,785
관악구 중앙동,1760,995,765
관악구 청룡동,3151,1101,2050
관악구 청림동,79,542,-463
관악구 행운동,4001,2678,1323
광진구 광장동,710,489,221
광진구 구의제1동,1242,1599,-357
광진구 구의제2동,708,1796,-1088
광진구 구의제3동,498,214,284
광진구 군자동,1976,3436,-1460
광진구 능동,2155,1740,415
광진구 자양제1동,527,625,-98
광진구 자양제2동,433,2203,-1770
광진구 자양제3동,225,757,-532
광진구 자양제4동,3226,2477,749
광진구 중곡제1동,1077,1759,-682
광진구 중곡제2동,704,1199,-495
광진구 중곡제3동,629,1768,-1139
광진구 중곡제4동,387,571,-184
광진구 화양동,5543,2371,3172
구로구 가리봉동,758,1502,-744
구로구 개봉제1동,1857,4063,-2206
구로구 개봉제2동,1981,3011,-1030
구로구 개봉제3동,175,1213,-1038
구로구 고척제1동,1893,4256,-2363
구로구 고척제2동,879,4382,-3503
구로구 구로제1동,477,1596,-1119
구로구 구로제2동,4202,4922,-720
구로구 구로제3동,9997,2798,7199
구로구 구로제4동,1067,1352,-285
구로구 구로제5동,1985,1652,333
구로구 수궁동,1649,2860,-1211
구로구 신도림동,9613,3019,6594
구로구 오류제1동,791,1862,-1071
구로구 오류제2동,292,576,-284
구로구 항동,2,2,0
금천구 가산동,2077,3196,-1119
금천구 독산제1동,2625,6819,-4194
금천구 독산제2동,900,3589,-2689
금천구 독산제3동,1356,3347,-1991
금천구 독산제4동,754,877,-123
금천구 미성동,9,41,-32
금천구 시흥제1동,2586,7409,-4823
금천구 시흥제2동,266,1756,-1490
금천구 시흥제3동,643,1719,-1076
금천구 시흥제4동,87,853,-766
금천구 시흥제5동,591,3087,-2496
노원구 공릉1동,3178,3243,-65
노원구 공릉2동,1926,3195,-1269
노원구 상계10동,2544,1325,1219
노원구 상계1동,1634,2683,-1049
노원구 상계2동,4008,1991,2017
노원구 상계3.4동,53,1716,-1663
노원구 상계5동,859,1629,-770
노원구 상계6.7동,2756,2760,-4
노원구 상계8동,262,1188,-926
노원구 상계9동,640,1442,-802
노원구 월계1동,4506,4194,312
노원구 월계2동,505,3091,-2586
노원구 월계3동,487,2197,-1710
노원구 중계1동,983,2883,-1900
노원구 중계2.3동,1993,2893,-900
노원구 중계4동,1781,1717,64
노원구 중계본동,528,3938,-3410
노원구 하계1동,2341,3924,-1583
노원구 하계2동,1743,2446,-703
도봉구 도봉제1동,1206,2816,-1610
도봉구 도봉제2동,4320,5139,-819
도봉구 방학제1동,2518,6540,-4022
도봉구 방학제2동,243,2828,-2585
도봉구 방학제3동,500,2993,-2493
도봉구 쌍문제1동,403,4245,-3842
도봉구 쌍문제2동,1309,2973,-1664
도봉구 쌍문제3동,942,521,421
도봉구 쌍문제4동,311,2960,-2649
도봉구 창제1동,8723,3794,4929
도봉구 창제2동,627,3105,-2478
도봉구 창제3동,699,2761,-2062
도봉구 창제4동,2994,2309,685
도봉구 창제5동,3439,4814,-1375
동대문구 답십리제1동,963,1912,-949
동대문구 답십리제2동,1168,2308,-1140
동대문구 면목제5동,2,18,-16
동대문구 용신동,7617,8871,-1254
동대문구 이문제1동,1390,3591,-2201
동대문구 이문제2동,482,1653,-1171
동대문구 장안제1동,3512,3138,374
동대문구 장안제2동,1546,4337,-2791
동대문구 전농제1동,2318,4410,-2092
동대문구 전농제2동,765,2070,-1305
동대문구 제기동,3492,4346,-854
동대문구 청량리동,7786,4614,3172
동대문구 회기동,812,1101,-289
동대문구 휘경제1동,2103,2358,-255
동대문구 휘경제2동,2580,4355,-1775
동작구 노량진제1동,7147,4234,2913
동작구 노량진제2동,3236,2615,621
동작구 대방동,1905,2802,-897
동작구 사당제1동,2937,2933,4
동작구 사당제2동,3206,3151,55
동작구 사당제3동,55,815,-760
동작구 사당제4동,13,46,-33
동작구 사당제5동,109,987,-878
동작구 상도제1동,2135,4223,-2088
동작구 상도제2동,1317,2617,-1300
동작구 상도제3동,467,1579,-1112
동작구 상도제4동,255,2024,-1769
동작구 신대방제1동,282,465,-183
동작구 신대방제2동,1306,2772,-1466
동작구 흑석동,2391,3929,-1538
마포구 공덕동,1195,1545,-350
마포구 대흥동,2020,2223,-203
마포구 도화동,1242,780,462
마포구 망원제1동,484,2017,-1533
마포구 망원제2동,767,1805,-1038
마포구 상암동,3816,6646,-2830
마포구 서강동,787,872,-85
마포구 서교동,21716,6492,15224
마포구 성산제1동,845,3023,-2178
마포구 성산제2동,1463,5061,-3598
마포구 신수동,166,521,-355
마포구 아현동,2185,2631,-446
마포구 연남동,215,574,-359
마포구 염리동,158,232,-74
마포구 용강동,1669,1561,108
마포구 합정동,3570,2026,1544
서대문구 남가좌제1동,1439,2929,-1490
서대문구 남가좌제2동,668,4591,-3923
서대문구 북가좌제1동,669,2124,-1455
서대문구 북가좌제2동,1240,3860,-2620
서대문구 북아현동,1552,1843,-291
서대문구 신촌동,18485,8799,9686
서대문구 연희동,6751,13017,-6266
서대문구 천연동,1866,2254,-388
서대문구 충현동,2375,4188,-1813
서대문구 홍은제1동,1409,4034,-2625
서대문구 홍은제2동,1570,5625,-4055
서대문구 홍제제1동,1023,1314,-291
서대문구 홍제제2동,3369,4220,-851
서대문구 홍제제3동,1004,1955,-951
서초구 내곡동,698,2118,-1420
서초구 반포1동,4504,4018,486
서초구 반포2동,566,866,-300
서초구 반포3동,4610,1713,2897
서초구 반포4동,3785,1427,2358
서초구 반포본동,1680,2125,-445
서초구 방배1동,1682,882,800
서초구 방배2동,949,1173,-224
서초구 방배3동,513,1014,-501
서초구 방배4동,1412,1390,22
서초구 방배본동,512,1135,-623
서초구 서초1동,1375,963,412
서초구 서초2동,7325,5129,2196
서초구 서초3동,2104,1996,108
서초구 서초4동,9917,3918,5999
서초구 양재1동,6678,7538,-860
서초구 양재2동,1650,5070,-3420
서초구 잠원동,2997,5002,-2005
성동구 금호1가동,174,711,-537
성동구 금호2.3가동,480,469,11
성동구 금호4가동,405,734,-329
성동구 마장동,393,786,-393
성동구 사근동,705,132,573
성동구 성수1가제1동,351,977,-626
성동구 성수1가제2동,764,532,232
성동구 성수2가제1동,182,1093,-911
성동구 성수2가제3동,1082,855,227
성동구 송정동,96,190,-94
성동구 옥수동,421,629,-208
성동구 왕십리도선동,3034,1064,1970
성동구 왕십리제2동,665,1248,-583
성동구 용답동,1872,1394,478
성동구 응봉동,207,1013,-806
성동구 행당제1동,2028,950,1078
성동구 행당제2동,1061,1176,-115
성북구 길음제1동,4078,5527,-1449
성북구 길음제2동,1885,4231,-2346
성북구 돈암제1동,4149,4797,-648
성북구 돈암제2동,103,2482,-2379
성북구 동선동,12313,7506,4807
성북구 보문동,1248,2000,-752
성북구 삼선동,7467,7366,101
성북구 석관동,813,2614,-1801
성북구 성북동,1502,1891,-389
성북구 안암동,1401,1052,349
성북구 월곡제1동,1847,2948,-1101
성북구 월곡제2동,1548,1762,-214
성북구 장위제1동,334,4354,-4020
성북구 장위제2동,1355,2452,-1097
성북구 장위제3동,414,788,-374
성북구 정릉제1동,1035,2962,-1927
성북구 정릉제2동,1348,5229,-3881
성북구 정릉제3동,1046,2475,-1429
성북구 정릉제4동,1047,5897,-4850
성북구 종암동,2650,5569,-2919
송파구 가락1동,326,308,18
송파구 가락2동,1596,3570,-1974
송파구 가락본동,4259,4545,-286
송파구 거여1동,390,823,-433
송파구 거여2동,92,600,-508
송파구 마천1동,111,1494,-1383
송파구 마천2동,574,2993,-2419
송파구 문정1동,362,2193,-1831
송파구 문정2동,5954,6003,-49
송파구 방이1동,614,1707,-1093
송파구 방이2동,2880,2564,316
송파구 삼전동,1272,2735,-1463
송파구 석촌동,3388,5585,-2197
송파구 송파1동,1847,2766,-919
송파구 송파2동,416,698,-282
송파구 오금동,1531,3942,-2411
송파구 오륜동,1099,1207,-108
송파구 위례동,825,5898,-5073
송파구 잠실2동,812,594,218
송파구 잠실3동,9240,3653,5587
송파구 잠실4동,99,255,-156
송파구 잠실6동,3519,1358,2161
송파구 잠실7동,1959,777,1182
송파구 잠실본동,6799,4436,2363
송파구 장지동,628,2438,-1810
송파구 풍납1동,737,817,-80
송파구 풍납2동,518,2139,-1621
양천구 목1동,7443,3475,3968
양천구 목2동,4174,4815,-641
양천구 목3동,1942,4063,-2121
양천구 목4동,1579,4363,-2784
양천구 목5동,1506,2835,-1329
양천구 신월1동,343,1222,-879
양천구 신월2동,547,2636,-2089
양천구 신월3동,528,1302,-774
양천구 신월4동,752,3438,-2686
양천구 신월5동,602,2201,-1599
양천구 신월6동,185,702,-517
양천구 신월7동,975,4831,-3856
양천구 신정1동,541,1000,-459
양천구 신정2동,384,610,-226
양천구 신정3동,2603,6824,-4221
양천구 신정4동,5577,3899,1678
양천구 신정6동,391,765,-374
양천구 신정7동,731,2149,-1418
영등포구 당산제1동,1158,851,307
영등포구 당산제2동,5292,2761,2531
영등포구 대림제1동,666,1252,-586
영등포구 대림제2동,509,742,-233
영등포구 대림제3동,919,1338,-419
영등포구 도림동,347,1851,-1504
영등포구 문래동,1763,2368,-605
영등포구 신길제1동,461,936,-475
영등포구 신길제3동,579,1691,-1112
영등포구 신길제4동,210,559,-349
영등포구 신길제5동,759,1022,-263
영등포구 신길제6동,972,2118,-1146
영등포구 신길제7동,625,1630,-1005
영등포구 양평제1동,623,916,-293
영등포구 양평제2동,773,1392,-619
영등포구 여의동,3806,2036,1770
영등포구 영등포동,10212,5371,4841
영등포구 영등포본동,2400,1868,532
용산구 남영동,4155,2908,1247
용산구 보광동,437,1462,-1025
용산구 서빙고동,633,1350,-717
용산구 용문동,86,367,-281
용산구 용산2가동,310,1250,-940
용산구 원효로제1동,502,655,-153
용산구 원효로제2동,272,1024,-752
용산구 이촌제1동,604,578,26
용산구 이촌제2동,83,237,-154
용산구 이태원제1동,1882,2191,-309
용산구 이태원제2동,536,908,-372
용산구 청파동,427,904,-477
용산구 필동,7,1,6
용산구 한강로동,5535,3443,2092
용산구 한남동,5047,4868,179
용산구 효창동,204,377,-173
용산구 후암동,114,932,-818
은평구 갈현제1동,450,2710,-2260
은평구 갈현제2동,2437,4095,-1658
은평구 구산동,382,1996,-1614
은평구 녹번동,3298,4589,-1291
은평구 대조동,3756,6329,-2573
은평구 불광제1동,9244,5710,3534
은평구 불광제2동,1841,4568,-2727
은평구 수색동,1030,2044,-1014
은평구 신사제1동,1912,3831,-1919
은평구 신사제2동,1214,2733,-1519
은평구 역촌동,2505,3754,-1249
은평구 응암제1동,835,2312,-1477
은평구 응암제2동,237,810,-573
은평구 응암제3동,1103,2153,-1050
은평구 증산동,2764,2624,140
은평구 진관동,4572,8859,-4287
종로구 가회동,0,0,0
종로구 교남동,817,1240,-423
종로구 무악동,1184,735,449
종로구 부암동,573,1823,-1250
종로구 사직동,5882,3826,2056
종로구 삼청동,150,199,-49
종로구 숭인제1동,40,154,-114
종로구 숭인제2동,3511,2214,1297
종로구 이화동,3257,1996,1261
종로구 종로1.2.3.4가동,27427,8997,18430
종로구 종로5.6가동,4060,2885,1175
종로구 창신제1동,4781,3026,1755
종로구 창신제2동,1109,915,194
종로구 창신제3동,128,438,-310
종로구 청운효자동,116,597,-481
종로구 충현동,323,381,-58
종로구 평창동,706,2034,-1328
종로구 혜화동,6716,3064,3652
중구 광희동,7272,2062,5210
중구 다산동,450,616,-166
중구 동화동,455,245,210
중구 명동,5063,1256,3807
중구 소공동,5833,1920,3913
중구 신당동,1083,849,234
중구 신당제5동,1335,796,539
중구 약수동,348,668,-320
중구 을지로동,1253,358,895
중구 장충동,366,376,-10
중구 중림동,884,391,493
중구 청구동,765,377,388
중구 필동,621,191,430
중구 황학동,360,477,-117
중구 회현동,10026,3570,6456
중랑구 망우본동,2211,4625,-2414
중랑구 망우제3동,205,2020,-1815
중랑구 면목본동,2841,4030,-1189
중랑구 면목제2동,605,1808,-1203
중랑구 면목제3.8동,1989,3127,-1138
중랑구 면목제4동,1045,2028,-983
중랑구 면목제5동,557,1616,-1059
중랑구 면목제7동,326,1559,-1233
중랑구 묵제1동,2424,3047,-623
중랑구 묵제2동,287,420,-133
중랑구 상봉제1동,1173,2069,-896
중랑구 상봉제2동,5648,5506,142
중랑구 신내1동,1156,7599,-6443
중랑구 신내2동,2908,2811,97
중랑구 중화제1동,1313,2380,-1067
중랑구 중화제2동,2702,2290,412
NA,88577,171712,-83135
