ID,insum,outsum,diff
100000001,1082,679,403
100000002,7139,13274,-6135
100000003,6346,10583,-4237
100000004,397,1700,-1303
100000005,4548,6980,-2432
100000006,884,1218,-334
100000007,3949,1028,2921
100000008,162,2146,-1984
100000009,482,866,-384
100000010,112,2191,-2079
100000011,653,427,226
100000012,34,549,-515
100000013,11,872,-861
100000014,569,1429,-860
100000015,1728,2897,-1169
100000016,563,3907,-3344
100000017,577,4901,-4324
100000018,1196,1105,91
100000019,5123,5274,-151
100000020,2337,9327,-6990
100000021,11777,2424,9353
100000022,1166,8700,-7534
100000023,9294,4690,4604
100000025,760,3499,-2739
100000028,616,5157,-4541
100000029,91,1519,-1428
100000030,42,69,-27
100000031,3032,12580,-9548
100000032,4172,9236,-5064
100000033,1923,7153,-5230
100000034,330,2993,-2663
100000035,1016,2929,-1913
100000036,1234,3002,-1768
100000037,1156,869,287
100000038,4035,1956,2079
100000039,272,1579,-1307
100000040,878,321,557
100000041,2710,959,1751
100000042,1977,663,1314
100000043,1051,295,756
100000044,422,599,-177
100000045,576,1360,-784
100000046,833,1266,-433
100000047,238,872,-634
100000048,332,1226,-894
100000049,2498,2561,-63
100000051,1043,655,388
100000053,151,10,141
100000054,414,44,370
100000055,807,270,537
100000056,528,989,-461
100000057,2660,1027,1633
100000058,1405,787,618
100000059,87,698,-611
100000060,1092,826,266
100000061,3100,1247,1853
100000062,2400,1303,1097
100000063,1619,561,1058
100000064,2473,1027,1446
100000065,427,996,-569
100000066,317,749,-432
100000067,333,850,-517
100000068,595,3029,-2434
100000069,478,1640,-1162
100000072,160,572,-412
100000073,1657,1320,337
100000075,1555,305,1250
100000076,2339,8420,-6081
100000077,266,1199,-933
100000078,21,85,-64
100000079,36,61,-25
100000080,24,57,-33
100000081,46,221,-175
100000102,4513,12730,-8217
100000103,2751,3442,-691
100000104,9206,3542,5664
100000105,1256,4870,-3614
100000106,1228,7320,-6092
100000107,118,2201,-2083
100000108,545,2554,-2009
100000109,690,3527,-2837
100000116,281,1088,-807
100000117,75,196,-121
100000118,564,1976,-1412
100000119,1216,1586,-370
100000121,332,1099,-767
100000122,793,7430,-6637
100000123,1999,4403,-2404
100000124,3418,3991,-573
100000125,14447,3569,10878
100000126,712,3069,-2357
100000127,1669,2776,-1107
100000128,537,6191,-5654
100000129,390,1483,-1093
100000130,1134,323,811
100000131,1413,2586,-1173
100000132,1766,2722,-956
100000133,2188,1579,609
100000135,1143,1662,-519
100000139,122,665,-543
100000140,154,247,-93
100000142,679,1077,-398
100000143,2325,522,1803
100000144,4101,791,3310
100000147,2575,6707,-4132
100000150,156,1069,-913
100000151,580,3363,-2783
100000153,91,940,-849
100000154,33,1959,-1926
100000155,3,105,-102
100000156,135,261,-126
100000157,472,243,229
100000158,347,190,157
100000159,152,2706,-2554
100000165,1032,1084,-52
100000169,46,3618,-3572
100000174,325,2135,-1810
100000179,76,2239,-2163
100000180,868,9882,-9014
100000181,609,739,-130
100000188,127,985,-858
100000189,1090,1053,37
100000190,719,2515,-1796
100000191,1428,1115,313
100000192,31,134,-103
100000193,328,158,170
100000330,1196,1484,-288
100000355,361,1681,-1320
100000362,2918,1329,1589
100000363,8552,11723,-3171
100000364,189,366,-177
100000365,8668,13004,-4336
100000366,2192,1653,539
100000367,8495,11334,-2839
100000368,2428,1863,565
100000369,1189,4166,-2977
100000370,335,1414,-1079
100000376,22,348,-326
100000379,1003,7887,-6884
100000380,3975,17157,-13182
100000384,7828,13536,-5708
100000385,2271,9377,-7106
100000386,2189,13262,-11073
100000387,6761,15711,-8950
100000388,2463,6629,-4166
100000389,7633,11235,-3602
100000390,3703,5125,-1422
100000391,3856,10693,-6837
100000392,844,3854,-3010
100000393,1006,6636,-5630
100000394,2618,8480,-5862
100000395,1215,7771,-6556
100000396,1176,2649,-1473
100000397,2241,10074,-7833
100000398,8375,5247,3128
100900002,17,61,-44
100900003,793,410,383
100900004,45,3352,-3307
100900005,233,15,218
100900006,81,47,34
100900007,313,11,302
100900008,18,718,-700
100900009,53,71,-18
100900010,100,36,64
100900011,411,157,254
100900012,20,70,-50
100900013,1679,14,1665
100900014,4,2,2
100900015,102,90,12
100900016,25,41,-16
100900017,2042,286,1756
100900018,2,13,-11
100900019,79,156,-77
100900020,590,5,585
100900021,666,11,655
100900022,6,37,-31
100900023,0,77,-77
100900024,559,1,558
100900025,31,12,19
100900026,233,135,98
100900027,866,4708,-3842
100900028,80,763,-683
100900029,30,2,28
100900030,25,633,-608
100900031,1437,149,1288
100900032,910,5,905
100900033,153,1021,-868
100900034,2462,6,2456
100900035,410,1,409
100900036,40,0,40
100900037,323,124,199
100900038,21,170,-149
100900039,342,172,170
100900040,921,486,435
100900041,2344,352,1992
100900042,363,3508,-3145
100900043,1,93,-92
100900044,1664,1327,337
100900045,8,0,8
100900046,1968,31,1937
100900047,935,116,819
100900048,317,106,211
100900049,161,200,-39
100900050,21,34,-13
100900051,35,383,-348
100900052,529,70,459
100900053,1089,58,1031
100900054,15,30,-15
100900055,1240,2305,-1065
100900056,44,151,-107
100900057,4055,652,3403
100900058,246,118,128
100900059,170,15,155
100900060,282,3,279
100900061,214,197,17
100900062,6,6,0
100900063,583,1475,-892
100900064,878,33,845
100900065,63,212,-149
100900066,305,92,213
100900067,56,8,48
100900068,184,398,-214
100900069,184,16,168
100900070,1092,47,1045
100900071,340,186,154
100900072,0,28,-28
100900073,573,625,-52
100900074,3,9,-6
100900075,3372,403,2969
100900076,66,81,-15
100900077,95,13,82
100900078,487,342,145
100900079,9,34,-25
100900080,140,268,-128
100900081,82,199,-117
100900082,436,77,359
100900083,17,64,-47
100900085,50,852,-802
100900086,79,639,-560
100900088,506,134,372
100900089,8,13,-5
100900090,184,2559,-2375
100900091,0,4,-4
100900092,153,263,-110
100900093,402,1081,-679
100900094,310,98,212
100900095,5,33,-28
100900096,38,658,-620
100900097,1,5,-4
100900098,6,27,-21
100900099,11,756,-745
100900100,15,362,-347
100900101,386,57,329
100900102,8,203,-195
100900103,11,10,1
100900104,2,322,-320
100900105,43,899,-856
100900106,18,12,6
100900107,4597,1412,3185
100900108,9,50,-41
100900109,24,58,-34
100900110,17,49,-32
100900111,20,403,-383
100900112,6,45,-39
100900113,16,15,1
100900114,12,33,-21
100900115,10,68,-58
100900116,2176,644,1532
100900117,416,1604,-1188
100900118,16,90,-74
100900119,9,8,1
100900120,17,25,-8
100900121,1238,687,551
100900122,93,119,-26
100900123,365,56,309
100900124,1,15,-14
100900125,8,50,-42
100900126,1294,511,783
100900127,17,0,17
100900128,206,1182,-976
100900129,4,389,-385
100900131,22,252,-230
100900133,164,22,142
100900134,14,11,3
100900135,5,1383,-1378
100900137,456,424,32
100900138,644,843,-199
100900139,2,23,-21
100900140,1,271,-270
100900141,2,970,-968
100900142,1,8,-7
100900143,547,1556,-1009
100900144,10,6,4
100900145,64,1619,-1555
100900146,8,82,-74
100900147,32,3904,-3872
100900148,432,212,220
100900149,11,1159,-1148
100900150,13,75,-62
100900151,213,827,-614
100900152,1191,33,1158
100900153,7,374,-367
100900154,2,399,-397
100900155,17,9,8
100900156,102,9,93
100900157,33,526,-493
100900158,455,18,437
100900159,9,107,-98
100900160,42,4,38
100900161,202,4,198
100900162,22,307,-285
100900163,558,111,447
100900164,283,89,194
100900165,30,30,0
100900166,273,2,271
100900167,22,77,-55
100900168,55,151,-96
100900169,102,1545,-1443
100900170,43,27,16
100900171,24,555,-531
100900172,1,124,-123
100900173,13,152,-139
100900174,61,44,17
100900176,2431,1013,1418
100900177,645,495,150
100900178,434,263,171
100900179,367,514,-147
100900180,0,9,-9
100900181,172,93,79
100900182,197,17,180
100900184,43,246,-203
100900186,912,428,484
100900187,56,99,-43
100900188,63,11,52
100900189,4707,228,4479
100900191,771,1461,-690
100900192,192,629,-437
100900195,149,1253,-1104
100900197,69,170,-101
100900198,67,72,-5
100900199,13,2,11
100900200,1402,416,986
100900201,311,1213,-902
100900202,112,0,112
100900203,0,236,-236
100900204,201,4498,-4297
100900205,369,732,-363
100900206,279,315,-36
100900207,448,200,248
100900210,141,185,-44
100900211,1176,199,977
100900213,442,106,336
100900214,546,250,296
100900215,127,36,91
100900217,72,191,-119
101000001,2098,2751,-653
101000002,9876,12660,-2784
101000003,743,1269,-526
101000004,11631,7870,3761
101000005,6227,8965,-2738
101000006,16035,15350,685
101000007,6849,8340,-1491
101000008,2494,3688,-1194
101000009,4452,1305,3147
101000010,1920,1326,594
101000011,2642,619,2023
101000012,613,1173,-560
101000013,766,2282,-1516
101000014,532,527,5
101000015,3147,2822,325
101000016,397,1577,-1180
101000017,502,987,-485
101000018,2141,15175,-13034
101000020,2238,2530,-292
101000021,634,1722,-1088
101000022,120,591,-471
101000023,1816,1639,177
101000025,585,1074,-489
101000026,402,62,340
101000027,2256,6034,-3778
101000028,1577,433,1144
101000029,120,1970,-1850
101000030,1387,181,1206
101000031,129,937,-808
101000032,2345,6178,-3833
101000033,1914,9909,-7995
101000034,1098,5214,-4116
101000035,549,1013,-464
101000036,517,4052,-3535
101000037,1331,6105,-4774
101000039,2762,7470,-4708
101000040,4213,11507,-7294
101000041,2967,9160,-6193
101000042,52,1434,-1382
101000043,4426,12563,-8137
101000045,342,1165,-823
101000046,1575,2899,-1324
101000047,1230,6249,-5019
101000048,710,754,-44
101000049,788,4425,-3637
101000050,852,3837,-2985
101000051,765,3467,-2702
101000052,1972,3309,-1337
101000053,601,2236,-1635
101000054,3975,1324,2651
101000055,1817,2796,-979
101000056,15,257,-242
101000057,692,4634,-3942
101000058,1278,4082,-2804
101000059,3413,4320,-907
101000060,2891,2588,303
101000061,501,3457,-2956
101000062,294,976,-682
101000063,267,2623,-2356
101000064,382,1692,-1310
101000065,213,2008,-1795
101000066,487,2140,-1653
101000067,307,1100,-793
101000068,129,526,-397
101000069,298,104,194
101000070,457,986,-529
101000071,6167,2706,3461
101000072,1034,3640,-2606
101000073,601,1508,-907
101000074,2445,4681,-2236
101000075,2212,4031,-1819
101000077,2551,3189,-638
101000078,1119,1738,-619
101000079,986,1438,-452
101000080,816,1550,-734
101000081,2596,1963,633
101000082,2626,2546,80
101000083,4859,2953,1906
101000084,1459,775,684
101000085,2416,1872,544
101000086,1293,1933,-640
101000087,1360,1667,-307
101000088,2935,1896,1039
101000089,1606,2564,-958
101000090,2633,960,1673
101000091,1016,560,456
101000092,3266,826,2440
101000093,2486,651,1835
101000094,1650,1183,467
101000095,1105,795,310
101000096,1010,456,554
101000097,681,1988,-1307
101000098,563,1830,-1267
101000099,900,2318,-1418
101000100,991,2920,-1929
101000101,250,2581,-2331
101000102,601,2998,-2397
101000103,537,2257,-1720
101000104,399,1231,-832
101000105,191,1231,-1040
101000106,325,3784,-3459
101000107,419,1199,-780
101000108,1008,140,868
101000109,1437,228,1209
101000110,64,208,-144
101000111,63,459,-396
101000113,256,1891,-1635
101000114,2396,9339,-6943
101000115,41,22,19
101000116,53,74,-21
101000117,2039,416,1623
101000119,16,124,-108
101000120,69,191,-122
101000121,13,85,-72
101000122,94,77,17
101000123,34,83,-49
101000124,495,618,-123
101000125,150,199,-49
101000128,214,2597,-2383
101000130,266,291,-25
101000131,2576,423,2153
101000132,1522,1046,476
101000135,9,57,-48
101000136,133,218,-85
101000137,17,834,-817
101000141,730,7561,-6831
101000147,2047,482,1565
101000148,1187,30,1157
101000149,48,215,-167
101000150,264,405,-141
101000151,646,99,547
101000152,725,752,-27
101000153,644,362,282
101000154,946,997,-51
101000155,969,337,632
101000156,76,1286,-1210
101000157,98,595,-497
101000160,4,20,-16
101000163,101,857,-756
101000164,572,124,448
101000165,438,942,-504
101000166,280,414,-134
101000168,1299,793,506
101000252,3944,1350,2594
101000254,30,72,-42
101000258,89,10,79
101000261,55,159,-104
101000262,3901,9291,-5390
101000263,718,2153,-1435
101000265,169,892,-723
101000266,633,537,96
101000269,30,72,-42
101000290,479,5319,-4840
101000293,28,110,-82
101000294,1131,1167,-36
101000295,533,257,276
101000301,259,1472,-1213
101000304,4221,6959,-2738
101000305,3966,3083,883
101900001,44,50,-6
101900002,0,3,-3
101900003,40,525,-485
101900004,0,367,-367
101900005,1886,7179,-5293
101900006,3398,324,3074
101900007,848,488,360
101900008,162,762,-600
101900009,58,952,-894
101900010,690,1177,-487
101900011,96,2321,-2225
101900012,1139,185,954
101900013,1120,111,1009
101900017,29,171,-142
101900018,2211,693,1518
101900019,126,243,-117
101900020,35,142,-107
101900021,2,169,-167
101900022,477,1827,-1350
101900023,429,375,54
101900026,201,54,147
101900027,9,160,-151
102000001,5968,12306,-6338
102000002,3607,9297,-5690
102000003,3307,8510,-5203
102000004,11279,6610,4669
102000005,2464,5490,-3026
102000006,1242,2288,-1046
102000007,4648,7485,-2837
102000008,11064,2557,8507
102000009,13689,13568,121
102000010,6038,3875,2163
102000011,8553,9082,-529
102000012,5595,4725,870
102000018,5520,5794,-274
102000019,5611,3178,2433
102000026,1299,732,567
102000029,334,636,-302
102000030,292,761,-469
102000031,177,257,-80
102000032,1233,779,454
102000033,876,540,336
102000034,800,714,86
102000035,2922,971,1951
102000036,48,462,-414
102000037,300,78,222
102000038,159,643,-484
102000039,150,279,-129
102000040,215,531,-316
102000041,39,868,-829
102000042,169,637,-468
102000043,145,984,-839
102000044,735,2032,-1297
102000045,1304,1891,-587
102000046,2836,2011,825
102000047,1895,1266,629
102000048,1477,996,481
102000049,1521,2461,-940
102000050,2900,1932,968
102000051,373,1269,-896
102000052,1797,2330,-533
102000053,1891,2477,-586
102000054,1544,1400,144
102000055,2283,241,2042
102000056,3280,307,2973
102000057,3035,709,2326
102000058,1559,883,676
102000059,1592,2377,-785
102000060,1458,1317,141
102000061,3003,2538,465
102000062,3591,1742,1849
102000063,2244,2578,-334
102000064,781,906,-125
102000065,46,233,-187
102000066,1202,1356,-154
102000067,10695,6348,4347
102000068,15196,6078,9118
102000069,138,3663,-3525
102000070,2701,44,2657
102000071,9700,16958,-7258
102000072,4087,6153,-2066
102000073,1333,1019,314
102000074,1365,2385,-1020
102000075,331,429,-98
102000076,667,233,434
102000077,1399,559,840
102000078,2281,483,1798
102000079,351,151,200
102000080,659,266,393
102000081,514,1163,-649
102000082,966,456,510
102000083,1953,603,1350
102000084,994,366,628
102000085,6073,1093,4980
102000086,2668,1219,1449
102000087,1298,1802,-504
102000088,622,539,83
102000089,2458,497,1961
102000090,570,1851,-1281
102000091,1777,924,853
102000092,383,1034,-651
102000093,1405,724,681
102000094,743,359,384
102000095,1149,1388,-239
102000096,613,520,93
102000097,1965,543,1422
102000098,459,661,-202
102000099,1129,919,210
102000100,299,1112,-813
102000101,460,465,-5
102000102,638,1994,-1356
102000103,5047,601,4446
102000104,1158,679,479
102000105,530,749,-219
102000106,1399,639,760
102000107,3597,303,3294
102000108,1084,539,545
102000109,2011,875,1136
102000110,2796,1182,1614
102000111,77,1145,-1068
102000112,146,247,-101
102000113,18,138,-120
102000114,2282,484,1798
102000115,492,707,-215
102000116,471,949,-478
102000117,196,2098,-1902
102000118,1197,2459,-1262
102000119,1155,2121,-966
102000120,456,923,-467
102000121,1663,617,1046
102000122,1061,1307,-246
102000123,1591,1181,410
102000124,2142,2203,-61
102000125,770,1427,-657
102000126,781,1611,-830
102000127,1915,1202,713
102000128,1158,1112,46
102000129,2691,694,1997
102000130,953,1201,-248
102000131,2046,1368,678
102000132,615,1851,-1236
102000133,5775,2841,2934
102000134,1567,1375,192
102000135,1879,1266,613
102000136,2712,914,1798
102000137,760,1691,-931
102000138,463,719,-256
102000139,129,1961,-1832
102000140,297,2083,-1786
102000141,417,3043,-2626
102000142,737,624,113
102000143,523,372,151
102000144,684,287,397
102000145,669,447,222
102000146,954,660,294
102000147,986,821,165
102000148,578,1151,-573
102000149,814,177,637
102000150,1199,159,1040
102000151,236,163,73
102000152,597,284,313
102000153,1255,1051,204
102000154,247,467,-220
102000155,93,905,-812
102000156,348,388,-40
102000157,75,2127,-2052
102000158,361,672,-311
102000159,3693,2097,1596
102000161,5433,3503,1930
102000162,229,493,-264
102000163,214,594,-380
102000164,1169,1202,-33
102000165,281,762,-481
102000166,84,610,-526
102000167,303,389,-86
102000168,430,420,10
102000169,460,1059,-599
102000170,1901,304,1597
102000171,121,292,-171
102000172,24,634,-610
102000173,748,664,84
102000174,309,248,61
102000175,155,95,60
102000176,43,84,-41
102000178,285,1240,-955
102000179,768,595,173
102000180,1862,367,1495
102000181,2006,509,1497
102000182,1080,606,474
102000183,3755,1469,2286
102000184,3042,1068,1974
102000185,4876,1127,3749
102000186,2933,1265,1668
102000187,1823,4585,-2762
102000188,2323,4038,-1715
102000189,5660,1606,4054
102000190,861,3583,-2722
102000191,1547,438,1109
102000192,3565,2382,1183
102000193,262,244,18
102000194,54,616,-562
102000195,988,763,225
102000196,869,516,353
102000197,2112,248,1864
102000198,540,490,50
102000199,2323,180,2143
102000200,571,817,-246
102000201,2480,631,1849
102000202,9,300,-291
102000203,1171,267,904
102000204,1875,942,933
102000205,2410,932,1478
102000206,1335,621,714
102000207,1385,1061,324
102000208,1022,1343,-321
102000209,111,395,-284
102000210,1160,656,504
102000211,950,358,592
102000212,1029,36,993
102000213,2,340,-338
102000214,1076,12,1064
102000215,11,322,-311
102000216,264,236,28
102000217,53,107,-54
102000218,352,439,-87
102000219,368,126,242
102000225,299,792,-493
102000226,208,451,-243
102000227,204,5,199
102000228,0,246,-246
102000229,133,244,-111
102000230,648,357,291
102000231,663,605,58
102000232,200,345,-145
102000233,2122,766,1356
102000234,207,1737,-1530
102000236,524,123,401
102000237,1618,973,645
102000238,423,541,-118
102000240,475,1271,-796
102000241,913,209,704
102000243,31,69,-38
102000245,7,178,-171
102000246,7,177,-170
102000247,326,472,-146
102000248,186,1531,-1345
102000249,287,165,122
102000250,129,220,-91
102000254,498,240,258
102000266,11,1678,-1667
102000271,73,6,67
102000286,891,534,357
102000297,5180,2049,3131
102000299,0,0,0
102000301,0,0,0
102000305,0,3,-3
102000307,0,4,-4
102000308,0,2,-2
102900001,1391,949,442
102900002,396,84,312
102900003,162,174,-12
102900005,1109,346,763
102900006,1143,84,1059
102900007,1522,25,1497
102900008,465,48,417
102900009,363,644,-281
102900010,263,1699,-1436
102900011,1322,1175,147
102900012,646,313,333
102900013,120,6,114
102900015,1170,929,241
102900016,203,24,179
102900017,742,174,568
102900018,181,41,140
102900019,934,990,-56
102900020,470,46,424
102900021,105,43,62
102900022,127,82,45
102900023,32,232,-200
102900024,140,82,58
102900025,115,84,31
102900026,1007,3391,-2384
102900027,106,152,-46
102900028,347,1900,-1553
102900029,499,842,-343
102900030,532,611,-79
102900031,569,263,306
102900032,256,78,178
102900033,299,364,-65
102900034,1422,36,1386
102900035,464,329,135
102900036,956,329,627
102900037,492,397,95
102900038,603,301,302
102900039,67,1379,-1312
102900040,533,449,84
102900041,320,158,162
102900042,743,171,572
102900043,531,170,361
102900044,883,2450,-1567
102900045,479,485,-6
102900046,409,185,224
102900047,340,1203,-863
102900048,1217,316,901
102900049,113,324,-211
102900050,360,803,-443
102900051,360,662,-302
102900052,31,97,-66
102900053,534,932,-398
102900054,378,2518,-2140
102900055,314,741,-427
102900056,236,580,-344
102900057,10,195,-185
102900058,614,167,447
102900059,66,45,21
102900060,188,578,-390
102900061,582,730,-148
102900062,683,665,18
102900063,3043,713,2330
102900064,120,981,-861
102900065,1168,317,851
102900066,701,14,687
102900068,152,355,-203
102900070,421,1168,-747
102900072,37,109,-72
102900073,95,8,87
102900075,28,77,-49
102900076,116,268,-152
102900077,46,34,12
102900078,75,48,27
102900079,588,4,584
102900080,749,38,711
102900081,95,200,-105
102900082,64,170,-106
102900083,174,30,144
102900084,1,73,-72
102900085,369,181,188
102900086,32,182,-150
102900087,277,134,143
102900088,94,98,-4
102900089,480,436,44
102900090,1,294,-293
102900091,624,1,623
102900092,1315,168,1147
102900093,595,252,343
102900094,3,241,-238
102900095,125,1,124
102900096,104,8,96
102900097,9,50,-41
103000001,3166,4538,-1372
103000002,3728,5752,-2024
103000003,4663,4559,104
103000004,1088,876,212
103000005,2071,7369,-5298
103000006,2284,2245,39
103000007,998,579,419
103000008,1936,2155,-219
103000009,4342,3006,1336
103000010,268,106,162
103000011,2056,1182,874
103000012,1795,2905,-1110
103000013,5307,3345,1962
103000014,1683,6943,-5260
103000015,4513,1824,2689
103000016,883,3920,-3037
103000017,432,1373,-941
103000018,1278,311,967
103000019,627,927,-300
103000020,2055,3016,-961
103000021,3050,5833,-2783
103000022,1322,2504,-1182
103000023,1623,5160,-3537
103000024,205,117,88
103000025,215,2151,-1936
103000026,575,486,89
103000027,191,768,-577
103000028,346,484,-138
103000029,80,428,-348
103000030,3015,2869,146
103000031,1062,5084,-4022
103000032,3174,1853,1321
103000033,3758,4060,-302
103000034,2117,1337,780
103000035,317,2097,-1780
103000036,286,308,-22
103000037,1239,684,555
103000038,950,1349,-399
103000039,1346,434,912
103000040,1006,740,266
103000041,4876,1822,3054
103000042,3704,728,2976
103000043,1436,845,591
103000044,645,134,511
103000046,507,826,-319
103000047,1318,400,918
103000048,544,455,89
103000049,162,180,-18
103000050,1338,268,1070
103000051,967,698,269
103000052,1455,290,1165
103000053,407,403,4
103000054,2980,639,2341
103000055,3385,1690,1695
103000056,1820,788,1032
103000057,2426,151,2275
103000058,1710,521,1189
103000059,1500,929,571
103000060,1551,377,1174
103000061,1227,863,364
103000062,1241,263,978
103000063,1795,1197,598
103000064,209,106,103
103000065,22,357,-335
103000066,529,21,508
103000069,588,611,-23
103000070,1263,414,849
103000071,3104,1588,1516
103000072,190,802,-612
103000073,2170,214,1956
103000074,2196,326,1870
103000075,149,689,-540
103000076,632,1816,-1184
103000077,17,478,-461
103000078,2001,3321,-1320
103000079,908,1543,-635
103000080,785,662,123
103000081,433,1168,-735
103000082,1004,388,616
103000083,258,1031,-773
103000084,163,9,154
103000085,1,152,-151
103000086,528,922,-394
103000087,353,973,-620
103000088,361,716,-355
103000089,591,1457,-866
103000090,6405,1635,4770
103000091,1791,787,1004
103000092,601,398,203
103000093,500,833,-333
103000094,545,250,295
103000095,312,695,-383
103000096,1016,120,896
103000097,216,1006,-790
103000098,972,264,708
103000099,170,1216,-1046
103000100,181,597,-416
103000101,2686,202,2484
103000102,138,444,-306
103000103,1312,280,1032
103000104,181,115,66
103000105,441,135,306
103000106,39,173,-134
103000107,484,231,253
103000108,2480,2006,474
103000109,1158,1297,-139
103000110,1102,1102,0
103000111,554,1458,-904
103000112,399,1136,-737
103000113,264,3249,-2985
103000114,2852,3418,-566
103000115,1508,1337,171
103000116,1232,604,628
103000117,514,583,-69
103000118,715,521,194
103000119,2155,730,1425
103000120,133,1038,-905
103000121,112,331,-219
103000122,547,659,-112
103000125,36,118,-82
103000126,1640,4,1636
103000127,3,147,-144
103000128,319,5,314
103000129,12,88,-76
103000130,222,88,134
103000131,179,150,29
103000132,67,204,-137
103000133,32,100,-68
103000134,462,2230,-1768
103000135,1358,268,1090
103000136,729,1064,-335
103000137,450,1131,-681
103000138,756,1142,-386
103000139,1,152,-151
103000140,324,42,282
103000141,81,327,-246
103000142,198,276,-78
103000143,132,297,-165
103000144,375,252,123
103000145,21,369,-348
103000150,201,87,114
103000152,331,717,-386
103000153,404,656,-252
103000156,21,133,-112
103000157,728,3,725
103000159,800,93,707
103000162,60,32,28
103000163,12,24,-12
103000164,17,10,7
103000165,170,200,-30
103000166,577,1574,-997
103000167,492,528,-36
103000168,310,562,-252
103000169,267,1382,-1115
103000170,1895,296,1599
103000171,16,234,-218
103000172,1892,220,1672
103000173,2079,241,1838
103000174,722,337,385
103000175,683,137,546
103000176,1349,1825,-476
103000177,366,789,-423
103000178,174,344,-170
103000179,181,390,-209
103000183,822,15,807
103000185,404,91,313
103000186,345,119,226
103000187,2421,213,2208
103000188,51,103,-52
103000189,1139,1137,2
103000191,1110,690,420
103000292,813,3555,-2742
103000293,1302,6711,-5409
103000295,107,242,-135
103000296,127,0,127
103000297,6,152,-146
103000504,54,23,31
103000505,1,45,-44
103000506,2,122,-120
103000507,431,0,431
103000508,158,87,71
103000509,477,776,-299
103900001,29,26,3
103900002,1088,112,976
103900003,1250,602,648
103900004,275,2,273
103900005,8,117,-109
103900006,0,7,-7
103900007,171,16,155
103900008,43,3,40
103900009,664,211,453
103900010,556,128,428
103900011,940,78,862
103900012,16,78,-62
103900013,143,25,118
103900014,162,56,106
103900015,178,9,169
103900016,264,226,38
103900017,218,152,66
103900018,517,143,374
103900019,50,699,-649
103900020,923,628,295
103900021,198,81,117
103900022,781,628,153
103900023,416,4,412
103900024,126,463,-337
103900025,10,31,-21
103900026,26,5,21
103900027,663,286,377
103900028,121,580,-459
103900029,2085,215,1870
103900030,516,299,217
103900031,95,3,92
103900032,241,269,-28
103900033,108,77,31
103900034,114,38,76
103900035,193,66,127
103900036,68,59,9
103900037,378,289,89
103900038,174,349,-175
103900039,467,172,295
103900040,30,140,-110
103900041,163,95,68
103900042,347,95,252
103900043,456,57,399
103900044,48,1364,-1316
103900045,650,314,336
103900047,258,28,230
103900048,62,313,-251
103900049,181,1855,-1674
103900050,78,464,-386
103900051,3,94,-91
103900052,432,686,-254
103900053,727,202,525
103900054,599,234,365
103900055,889,278,611
103900056,149,107,42
103900057,462,77,385
103900058,815,321,494
103900059,0,294,-294
103900060,170,105,65
103900061,477,15,462
103900062,2063,598,1465
103900063,15,2,13
103900064,391,15,376
103900065,298,351,-53
103900066,506,118,388
103900067,582,23,559
103900068,13,0,13
103900069,309,73,236
103900070,713,168,545
103900071,34,40,-6
103900072,112,116,-4
103900073,45,55,-10
103900074,201,220,-19
103900075,567,89,478
103900076,1385,336,1049
103900077,52,343,-291
103900078,779,1121,-342
103900079,169,287,-118
103900080,8,35,-27
103900081,15,41,-26
103900082,178,138,40
103900083,3150,3729,-579
103900084,51,1403,-1352
103900085,120,127,-7
103900086,3149,410,2739
103900087,76,131,-55
103900088,346,678,-332
103900089,55,263,-208
103900090,15,160,-145
103900091,1205,154,1051
103900092,1100,2004,-904
103900093,199,838,-639
103900094,26,37,-11
103900095,226,827,-601
103900096,459,91,368
103900097,73,427,-354
103900098,947,205,742
103900099,693,95,598
103900100,576,147,429
103900101,1538,1264,274
103900102,5,121,-116
103900104,1,37,-36
103900105,51,103,-52
103900106,10,2058,-2048
103900107,327,25,302
103900108,103,126,-23
103900109,396,18,378
103900110,708,72,636
103900111,473,213,260
103900112,29,135,-106
103900113,242,281,-39
103900114,1898,360,1538
103900115,161,391,-230
103900116,2158,4438,-2280
103900117,72,85,-13
103900119,33,284,-251
103900120,161,75,86
103900122,753,132,621
103900123,669,1620,-951
103900124,78,247,-169
103900125,232,84,148
103900126,1106,148,958
103900127,252,308,-56
103900128,241,79,162
103900131,47,83,-36
103900133,1241,54,1187
103900134,0,32,-32
103900135,0,3,-3
103900137,0,9,-9
103900138,635,43,592
103900139,249,6488,-6239
103900140,17,770,-753
103900141,275,59,216
103900142,737,98,639
103900143,458,9,449
103900144,3,23,-20
103900145,206,365,-159
103900146,820,136,684
103900147,1058,134,924
103900148,882,121,761
103900149,609,209,400
103900150,6666,11013,-4347
103900151,27,224,-197
103900152,2419,496,1923
103900153,27,2,25
103900154,373,4784,-4411
103900155,81,151,-70
103900156,118,82,36
103900157,535,109,426
103900158,561,71,490
103900159,901,29,872
103900160,62,50,12
103900161,104,197,-93
103900162,94,59,35
103900163,52,804,-752
103900167,11,255,-244
103900168,237,118,119
103900169,28,100,-72
103900170,1,66,-65
103900171,2,26,-24
103900172,2,8,-6
103900173,80,60,20
103900174,972,50,922
103900175,109,401,-292
103900176,20,52,-32
103900177,54,24,30
103900178,138,7,131
103900179,170,21,149
103900180,8,53,-45
103900181,4,190,-186
103900182,48,34,14
103900184,389,205,184
103900185,125,1582,-1457
103900187,14,376,-362
103900188,345,146,199
103900189,207,16,191
103900190,416,80,336
103900191,87,94,-7
103900192,22,130,-108
103900193,61,125,-64
103900194,135,105,30
103900195,8,272,-264
103900196,167,269,-102
103900197,30,54,-24
103900198,26,19,7
103900199,281,105,176
103900200,576,93,483
103900201,176,110,66
103900202,18,122,-104
103900203,86,56,30
103900204,1,36,-35
103900207,0,17,-17
103900208,349,1,348
103900209,8,101,-93
103900210,78,64,14
103900211,1374,122,1252
103900212,311,160,151
103900213,12,575,-563
103900214,335,917,-582
103900215,185,768,-583
103900216,16,157,-141
103900217,570,153,417
103900218,2,709,-707
103900219,738,188,550
103900233,515,80,435
103900235,28,401,-373
103900236,32,103,-71
103900242,16,4,12
103900243,2,5,-3
103900244,303,153,150
103900245,307,89,218
103900246,64,58,6
103900247,31,105,-74
103900248,7,114,-107
103900249,37,119,-82
103900250,260,206,54
103900251,5,113,-108
103900253,12,164,-152
103900254,2,129,-127
103900255,3,107,-104
103900256,64,78,-14
103900257,410,462,-52
103900258,50,20,30
103900259,17,67,-50
103900261,91,0,91
103900262,69,19,50
103900263,37,144,-107
103900264,24,7,17
103900265,33,6,27
103900266,3,719,-716
103900267,6,96,-90
103900268,9,36,-27
103900269,383,13,370
103900270,151,68,83
103900271,162,105,57
104000001,5934,3972,1962
104000002,3263,3285,-22
104000003,4273,3135,1138
104000004,4368,3473,895
104000005,4456,3260,1196
104000006,5231,3240,1991
104000007,6680,5315,1365
104000008,299,404,-105
104000009,335,291,44
104000010,218,1055,-837
104000011,504,194,310
104000012,230,271,-41
104000013,477,879,-402
104000014,350,450,-100
104000015,952,276,676
104000016,517,330,187
104000018,1327,513,814
104000019,959,813,146
104000020,146,247,-101
104000021,662,321,341
104000022,549,552,-3
104000023,2113,951,1162
104000024,535,504,31
104000026,126,260,-134
104000027,721,355,366
104000028,682,680,2
104000029,679,449,230
104000030,610,600,10
104000031,2212,565,1647
104000032,350,209,141
104000033,1338,759,579
104000034,476,238,238
104000035,2056,432,1624
104000036,1980,469,1511
104000037,373,165,208
104000038,657,595,62
104000039,361,197,164
104000040,182,1005,-823
104000041,914,822,92
104000042,318,252,66
104000043,316,382,-66
104000044,726,1105,-379
104000045,1190,729,461
104000046,1171,1082,89
104000047,986,1039,-53
104000048,1462,863,599
104000049,1523,720,803
104000050,234,1508,-1274
104000051,355,1475,-1120
104000052,3798,4693,-895
104000053,2320,628,1692
104000054,1339,371,968
104000055,4050,3540,510
104000056,962,278,684
104000057,372,227,145
104000058,1959,1421,538
104000059,1630,1687,-57
104000060,2249,3735,-1486
104000061,1841,1249,592
104000062,455,190,265
104000064,1229,410,819
104000065,214,1004,-790
104000069,608,2708,-2100
104000070,115,971,-856
104000071,379,342,37
104000072,965,213,752
104000075,219,403,-184
104000076,896,71,825
104000082,3030,7435,-4405
104000083,888,378,510
104000084,214,505,-291
104000085,945,570,375
104000086,493,575,-82
104000087,490,3457,-2967
104000090,2059,906,1153
104000092,2765,1189,1576
104000094,1603,999,604
104000095,5702,2333,3369
104000096,4936,153,4783
104000097,5133,704,4429
104000098,6950,729,6221
104000100,4647,1278,3369
104000101,3514,2335,1179
104000106,75,930,-855
104000107,908,265,643
104000108,435,359,76
104000109,775,429,346
104000110,1255,2013,-758
104000111,3088,8250,-5162
104000112,1005,639,366
104000116,1,809,-808
104000117,609,538,71
104000118,3430,189,3241
104000119,1827,444,1383
104000120,441,603,-162
104000121,711,626,85
104000122,1361,687,674
104000123,1437,902,535
104000124,490,1573,-1083
104000125,3369,8268,-4899
104000126,933,695,238
104000127,1947,1724,223
104000128,983,199,784
104000129,811,37,774
104000130,30,517,-487
104000131,420,560,-140
104000132,735,720,15
104000133,2211,998,1213
104000134,1718,2532,-814
104000135,892,2117,-1225
104000136,1105,3800,-2695
104000137,3353,506,2847
104000138,2638,671,1967
104000139,3472,3791,-319
104000141,1139,919,220
104000142,1449,506,943
104000143,1531,414,1117
104000144,296,457,-161
104000145,475,400,75
104000146,220,717,-497
104000147,240,484,-244
104000148,573,438,135
104000149,278,87,191
104000150,1527,878,649
104000151,558,234,324
104000152,1136,426,710
104000153,1502,1090,412
104000154,763,283,480
104000155,827,1262,-435
104000157,2826,1343,1483
104000158,221,1217,-996
104000159,1277,1280,-3
104000160,2620,3961,-1341
104000161,326,234,92
104000162,184,221,-37
104000165,1506,930,576
104000167,1245,2672,-1427
104000168,1905,19,1886
104000169,439,107,332
104000170,322,430,-108
104000248,726,1105,-379
104000251,170,207,-37
104000272,0,0,0
104000273,0,0,0
104000274,0,0,0
104000275,0,0,0
104000279,816,749,67
104000290,107,765,-658
104000291,719,2747,-2028
104000293,3089,1773,1316
104000294,255,3,252
104000295,1448,1779,-331
104000296,1021,1013,8
104000297,1606,4118,-2512
104000298,2473,1191,1282
104000299,2249,1265,984
104900001,189,337,-148
104900002,101,502,-401
104900003,128,171,-43
104900004,178,106,72
104900005,858,515,343
104900006,1676,71,1605
104900007,943,259,684
104900009,389,240,149
104900010,182,32,150
104900011,20,719,-699
104900012,967,230,737
104900013,205,10,195
104900014,2022,439,1583
104900015,125,7,118
104900016,350,267,83
104900017,266,239,27
104900018,16,205,-189
104900019,318,8856,-8538
104900020,105,468,-363
104900021,1,22,-21
104900022,55,666,-611
104900023,2,22,-20
104900024,25,475,-450
104900025,228,282,-54
104900026,1,29,-28
104900027,1000,600,400
104900028,33,205,-172
104900029,38,25,13
104900030,887,259,628
104900031,76,431,-355
104900032,124,91,33
104900033,374,264,110
104900034,531,226,305
104900035,658,403,255
104900036,591,82,509
104900037,467,239,228
104900038,238,2892,-2654
104900039,385,462,-77
104900040,929,74,855
104900041,742,205,537
104900042,354,296,58
104900043,67,697,-630
104900044,1562,146,1416
104900045,513,98,415
104900046,1219,132,1087
104900047,802,163,639
104900048,669,106,563
104900049,158,53,105
104900050,993,130,863
104900051,538,90,448
104900052,265,6,259
104900053,946,124,822
104900054,343,57,286
104900055,450,1,449
104900056,566,25,541
104900057,119,0,119
104900058,623,855,-232
104900059,245,93,152
104900060,2,572,-570
104900061,189,255,-66
104900063,0,457,-457
104900064,0,152,-152
104900065,0,683,-683
104900066,0,53,-53
104900067,6,623,-617
104900068,209,361,-152
104900070,149,293,-144
104900071,2,610,-608
104900072,149,214,-65
104900073,223,107,116
104900074,122,135,-13
104900075,182,46,136
104900076,355,191,164
104900077,577,235,342
104900078,408,214,194
104900079,311,2706,-2395
104900080,285,341,-56
104900082,4,347,-343
104900085,25,226,-201
104900087,635,8,627
104900089,686,5,681
104900090,2365,1955,410
104900091,850,653,197
104900093,282,384,-102
104900097,2031,6870,-4839
104900098,620,73,547
104900099,72,1609,-1537
104900100,783,215,568
104900102,175,91,84
104900103,470,93,377
104900104,2157,2333,-176
104900106,703,398,305
104900107,125,283,-158
104900108,60,296,-236
104900109,220,270,-50
104900110,23,68,-45
104900111,758,128,630
104900112,970,298,672
104900113,1643,265,1378
104900114,1389,665,724
104900115,2113,252,1861
104900116,1451,435,1016
104900118,49,179,-130
104900119,3,303,-300
104900120,14,1901,-1887
104900121,4,21,-17
104900122,4,24,-20
104900123,185,27,158
104900124,178,0,178
104900125,636,2,634
104900126,92,62,30
104900127,77,37,40
104900128,154,131,23
104900129,1192,5862,-4670
105000001,5661,1839,3822
105000002,4474,3580,894
105000003,4558,7757,-3199
105000004,2164,1580,584
105000005,2787,2927,-140
105000006,2230,4475,-2245
105000007,2680,5204,-2524
105000008,1525,6744,-5219
105000009,5339,6987,-1648
105000010,4283,1462,2821
105000011,4884,6961,-2077
105000012,3058,2582,476
105000013,2208,2930,-722
105000014,6493,6211,282
105000015,12751,24364,-11613
105000016,1128,1327,-199
105000017,2081,1440,641
105000018,786,3362,-2576
105000019,1664,1908,-244
105000020,153,1015,-862
105000021,478,433,45
105000022,236,239,-3
105000023,2055,307,1748
105000028,23,114,-91
105000029,938,2461,-1523
105000030,5515,3159,2356
105000033,1842,1697,145
105000034,166,2727,-2561
105000037,1117,323,794
105000038,1894,3536,-1642
105000039,2527,1615,912
105000040,1432,3942,-2510
105000041,496,1789,-1293
105000042,3155,3296,-141
105000043,1254,4367,-3113
105000044,1260,979,281
105000045,423,431,-8
105000046,3087,488,2599
105000047,1032,492,540
105000048,2078,536,1542
105000049,539,577,-38
105000050,1991,962,1029
105000051,298,605,-307
105000052,1291,2377,-1086
105000053,291,321,-30
105000054,718,2815,-2097
105000055,1350,543,807
105000056,3217,3431,-214
105000057,3062,1332,1730
105000058,2523,1466,1057
105000059,1953,1313,640
105000060,891,596,295
105000061,2982,1112,1870
105000062,1145,749,396
105000063,739,709,30
105000064,4828,1499,3329
105000065,662,867,-205
105000066,1484,2219,-735
105000067,3227,2342,885
105000068,567,1752,-1185
105000069,2324,5430,-3106
105000070,975,2285,-1310
105000071,236,4031,-3795
105000072,2322,11731,-9409
105000073,2195,1730,465
105000074,840,808,32
105000075,1045,1108,-63
105000076,2079,2082,-3
105000077,4239,1518,2721
105000078,1448,2340,-892
105000079,1478,3662,-2184
105000080,3251,4596,-1345
105000081,1951,1999,-48
105000082,1245,2854,-1609
105000083,3149,5314,-2165
105000084,944,1303,-359
105000085,3869,4006,-137
105000086,1275,1758,-483
105000087,4815,4601,214
105000088,3362,5341,-1979
105000089,3903,2696,1207
105000090,963,1084,-121
105000091,1377,1645,-268
105000092,950,1420,-470
105000093,451,678,-227
105000094,612,367,245
105000095,349,1334,-985
105000096,2211,4234,-2023
105000097,780,1150,-370
105000098,2341,3093,-752
105000099,1035,2305,-1270
105000100,3365,1898,1467
105000101,4808,3259,1549
105000102,3181,3215,-34
105000103,2041,5121,-3080
105000104,4524,2660,1864
105000105,2013,2371,-358
105000106,2893,1532,1361
105000107,3196,1497,1699
105000108,3131,1733,1398
105000109,5073,1362,3711
105000110,2031,724,1307
105000111,2742,653,2089
105000112,1998,752,1246
105000113,894,1656,-762
105000114,2382,2305,77
105000115,577,3937,-3360
105000116,2369,1317,1052
105000117,1424,700,724
105000118,2028,972,1056
105000119,1146,894,252
105000120,2832,1029,1803
105000121,1843,773,1070
105000122,810,1005,-195
105000123,1077,811,266
105000124,4187,1328,2859
105000125,2046,1603,443
105000126,4047,2632,1415
105000127,5483,2497,2986
105000128,1539,2609,-1070
105000129,2883,795,2088
105000130,370,6326,-5956
105000131,567,305,262
105000132,2572,1615,957
105000133,956,953,3
105000134,2749,811,1938
105000135,607,617,-10
105000136,158,182,-24
105000137,1273,301,972
105000138,315,210,105
105000139,1328,585,743
105000140,778,570,208
105000141,815,427,388
105000142,725,680,45
105000143,256,618,-362
105000144,567,776,-209
105000145,1470,433,1037
105000146,809,967,-158
105000147,1151,724,427
105000148,1173,1550,-377
105000149,5020,3298,1722
105000150,1970,1154,816
105000151,1398,700,698
105000152,384,905,-521
105000153,1709,865,844
105000154,1057,896,161
105000155,609,895,-286
105000156,717,1216,-499
105000157,1185,1738,-553
105000158,4449,1162,3287
105000159,487,916,-429
105000160,5594,1306,4288
105000161,1283,1133,150
105000162,1080,5074,-3994
105000163,1781,1594,187
105000164,216,704,-488
105000165,2009,17994,-15985
105000166,7590,2534,5056
105000167,2143,6478,-4335
105000168,808,766,42
105000169,1955,174,1781
105000170,740,1894,-1154
105000171,2637,405,2232
105000172,645,52,593
105000173,789,75,714
105000174,199,68,131
105000175,193,102,91
105000176,1252,173,1079
105000177,952,597,355
105000178,590,278,312
105000179,1930,222,1708
105000180,545,188,357
105000181,372,204,168
105000182,105,137,-32
105000183,4288,5302,-1014
105000184,421,2142,-1721
105000185,1027,2198,-1171
105000186,843,1506,-663
105000187,1567,1009,558
105000188,199,879,-680
105000189,146,1267,-1121
105000190,426,664,-238
105000191,842,612,230
105000192,973,118,855
105000193,126,411,-285
105000194,1100,98,1002
105000195,845,1151,-306
105000196,99,332,-233
105000197,449,716,-267
105000198,580,281,299
105000199,97,732,-635
105000200,203,733,-530
105000201,134,137,-3
105000203,84,215,-131
105000204,109,63,46
105000205,157,188,-31
105000207,354,120,234
105000208,344,1571,-1227
105000209,267,170,97
105000212,2066,822,1244
105000213,116,396,-280
105000214,165,381,-216
105000215,631,252,379
105000216,439,71,368
105000217,426,167,259
105000218,4094,1698,2396
105000221,322,535,-213
105000222,667,678,-11
105000223,966,917,49
105000226,309,247,62
105000227,86,284,-198
105000228,155,2700,-2545
105000229,331,1607,-1276
105000231,1279,520,759
105000233,1751,1887,-136
105000234,860,1056,-196
105000235,816,1290,-474
105000237,2840,212,2628
105000243,155,95,60
105000248,81,237,-156
105000262,1135,499,636
105000269,311,217,94
105000270,1090,25,1065
105000271,1,371,-370
105000282,72,107,-35
105000287,295,481,-186
105000288,1650,891,759
105000289,847,2531,-1684
105000290,83,37,46
105000402,2449,7649,-5200
105000426,461,787,-326
105000438,1324,1658,-334
105000446,12475,4746,7729
105000447,2831,1696,1135
105000454,1833,403,1430
105000455,319,150,169
105000474,207,0,207
105000477,2160,929,1231
105000478,4377,9304,-4927
105000479,208,360,-152
105000480,6734,11437,-4703
105000481,7613,8738,-1125
105000482,3472,4137,-665
105000483,3526,6241,-2715
105000484,2744,2731,13
105000485,1767,5775,-4008
105000486,2551,3064,-513
105000488,4144,2352,1792
105000489,3033,1640,1393
105000549,187,985,-798
105000550,473,1205,-732
105000551,43,214,-171
105000552,3722,1730,1992
105900001,23,5374,-5351
105900002,1062,2229,-1167
105900003,13,271,-258
105900004,408,109,299
105900005,869,682,187
105900006,54,566,-512
105900007,91,393,-302
105900008,280,222,58
105900009,136,107,29
105900011,369,161,208
105900012,854,150,704
105900013,8,60,-52
105900014,4,156,-152
105900015,119,730,-611
105900016,1538,664,874
105900017,3445,43,3402
105900018,223,219,4
105900019,210,559,-349
105900020,109,120,-11
105900021,96,2188,-2092
105900022,491,638,-147
105900023,20,443,-423
105900024,16,728,-712
105900025,444,8,436
105900026,462,8,454
105900027,27865,6907,20958
105900028,462,1842,-1380
105900029,3332,351,2981
105900030,461,566,-105
105900031,929,242,687
105900032,232,156,76
105900033,173,280,-107
105900034,1014,694,320
105900035,865,409,456
105900036,279,210,69
105900037,429,62,367
105900038,271,351,-80
105900039,483,101,382
105900040,274,132,142
105900041,263,554,-291
105900042,235,511,-276
105900043,2443,43,2400
105900044,17,858,-841
105900045,11,2683,-2672
105900046,3,319,-316
105900047,50,122,-72
105900048,239,652,-413
105900050,1966,14255,-12289
105900051,107,1587,-1480
105900052,2409,166,2243
105900053,4802,7039,-2237
105900054,329,692,-363
105900056,1631,932,699
105900057,33,199,-166
105900058,30,42,-12
105900059,2,348,-346
106000001,2893,3609,-716
106000002,1282,3800,-2518
106000003,5516,6916,-1400
106000004,1990,2386,-396
106000005,6718,6211,507
106000006,6770,1990,4780
106000007,763,545,218
106000008,527,389,138
106000009,661,344,317
106000010,487,444,43
106000011,2754,1575,1179
106000012,1471,1209,262
106000013,3544,2346,1198
106000014,2343,1742,601
106000015,4063,1742,2321
106000016,2654,2275,379
106000017,919,1247,-328
106000018,936,808,128
106000019,766,699,67
106000020,641,592,49
106000021,504,771,-267
106000022,548,352,196
106000023,1322,889,433
106000024,985,764,221
106000025,239,364,-125
106000026,214,282,-68
106000027,2728,2394,334
106000028,1440,446,994
106000029,1342,960,382
106000030,304,794,-490
106000034,221,438,-217
106000035,1464,2602,-1138
106000036,270,475,-205
106000037,1972,1832,140
106000038,158,307,-149
106000039,99,297,-198
106000040,153,1051,-898
106000041,1068,673,395
106000043,480,369,111
106000046,775,170,605
106000047,98,804,-706
106000049,2034,398,1636
106000050,517,1065,-548
106000051,1612,1044,568
106000052,364,484,-120
106000053,945,215,730
106000054,587,434,153
106000055,1674,1149,525
106000056,805,426,379
106000057,952,513,439
106000058,566,173,393
106000059,854,586,268
106000060,672,401,271
106000061,346,1306,-960
106000062,287,516,-229
106000063,1633,1374,259
106000064,46,654,-608
106000065,853,339,514
106000066,227,916,-689
106000067,1026,186,840
106000068,208,808,-600
106000069,819,157,662
106000070,575,770,-195
106000071,1342,423,919
106000072,4766,2074,2692
106000073,2427,9536,-7109
106000074,1222,1159,63
106000075,702,1841,-1139
106000076,2155,2136,19
106000077,2681,1236,1445
106000078,2402,864,1538
106000079,1485,1198,287
106000080,2400,857,1543
106000081,1485,1172,313
106000082,2439,955,1484
106000083,599,1470,-871
106000084,1300,711,589
106000085,2269,1479,790
106000086,842,995,-153
106000087,1354,501,853
106000088,747,962,-215
106000089,2269,415,1854
106000090,584,873,-289
106000091,292,598,-306
106000092,2365,487,1878
106000093,1043,255,788
106000094,78,472,-394
106000095,2040,1436,604
106000096,2398,850,1548
106000097,2537,1446,1091
106000098,2277,1147,1130
106000099,362,1760,-1398
106000100,2866,406,2460
106000101,1906,1392,514
106000102,99,3244,-3145
106000103,440,1634,-1194
106000104,1764,787,977
106000105,746,1264,-518
106000106,1718,577,1141
106000107,177,321,-144
106000108,720,247,473
106000109,382,175,207
106000110,801,272,529
106000111,273,246,27
106000112,619,1431,-812
106000113,1278,676,602
106000114,1026,2015,-989
106000115,704,468,236
106000116,577,343,234
106000117,1750,688,1062
106000118,2473,1922,551
106000119,1827,735,1092
106000120,1901,2354,-453
106000121,976,447,529
106000122,629,78,551
106000123,1749,211,1538
106000124,331,128,203
106000125,131,240,-109
106000126,756,131,625
106000127,3595,941,2654
106000128,2309,356,1953
106000129,1776,617,1159
106000130,2415,571,1844
106000131,324,1495,-1171
106000132,1585,357,1228
106000133,4658,3511,1147
106000134,997,6429,-5432
106000135,303,1081,-778
106000136,1447,3095,-1648
106000137,111,1568,-1457
106000138,4684,176,4508
106000139,268,108,160
106000140,37,104,-67
106000141,307,70,237
106000142,218,156,62
106000143,67,55,12
106000144,78,209,-131
106000145,1172,175,997
106000146,822,254,568
106000147,882,662,220
106000148,760,769,-9
106000149,1343,484,859
106000150,1664,3821,-2157
106000151,5660,949,4711
106000152,1796,4696,-2900
106000153,233,3398,-3165
106000154,2280,312,1968
106000155,388,504,-116
106000156,3728,373,3355
106000157,1299,2662,-1363
106000158,3043,903,2140
106000159,4701,4237,464
106000160,1680,7890,-6210
106000161,1451,515,936
106000162,850,2577,-1727
106000163,737,352,385
106000164,1433,461,972
106000165,450,733,-283
106000166,2228,477,1751
106000167,755,1640,-885
106000168,1911,534,1377
106000169,552,867,-315
106000170,2216,1222,994
106000171,425,1940,-1515
106000172,3953,2642,1311
106000173,1198,4152,-2954
106000174,2109,496,1613
106000175,370,654,-284
106000176,4236,1356,2880
106000177,1694,2670,-976
106000178,4537,2000,2537
106000179,1012,1872,-860
106000180,1159,803,356
106000181,2943,1713,1230
106000182,3818,821,2997
106000183,3953,432,3521
106000184,2850,903,1947
106000185,3352,2690,662
106000186,632,100,532
106000187,329,2453,-2124
106000188,0,7,-7
106000189,27,159,-132
106000190,52,7,45
106000191,971,176,795
106000192,5,10,-5
106000193,539,339,200
106000194,276,607,-331
106000195,451,371,80
106000196,163,885,-722
106000197,1499,389,1110
106000198,332,428,-96
106000199,1083,2451,-1368
106000200,861,473,388
106000201,720,11723,-11003
106000202,4871,965,3906
106000203,44,317,-273
106000204,92,8,84
106000205,16,135,-119
106000206,179,30,149
106000207,13,319,-306
106000208,5595,633,4962
106000209,3863,1356,2507
106000210,548,795,-247
106000211,237,1453,-1216
106000212,2155,710,1445
106000213,277,1458,-1181
106000214,2195,672,1523
106000215,590,583,7
106000216,1217,630,587
106000217,237,543,-306
106000218,541,339,202
106000219,282,319,-37
106000220,940,426,514
106000221,837,129,708
106000222,191,208,-17
106000223,844,202,642
106000224,679,80,599
106000225,296,234,62
106000226,144,248,-104
106000228,94,132,-38
106000229,329,743,-414
106000231,2120,152,1968
106000232,123,408,-285
106000233,897,1544,-647
106000234,111,858,-747
106000235,534,1101,-567
106000236,168,823,-655
106000237,0,32,-32
106000238,11,108,-97
106000239,8,157,-149
106000240,109,14,95
106000241,16,873,-857
106000242,849,101,748
106000249,220,102,118
106000250,273,1450,-1177
106000251,303,20,283
106000252,49,147,-98
106000253,108,79,29
106000254,402,42,360
106000255,135,272,-137
106000256,266,19,247
106000257,200,239,-39
106000258,206,349,-143
106000259,9,403,-394
106000260,157,30,127
106000261,8,105,-97
106000262,208,26,182
106000263,55,130,-75
106000264,307,37,270
106000265,63,211,-148
106000266,237,52,185
106000267,31,124,-93
106000268,434,81,353
106000269,61,69,-8
106000270,116,289,-173
106000271,128,140,-12
106000272,238,103,135
106000273,26,316,-290
106000274,199,58,141
106000275,399,260,139
106000276,221,29,192
106000277,231,269,-38
106000278,191,18,173
106000279,65,17,48
106000280,280,45,235
106000281,134,32,102
106000282,166,84,82
106000283,219,56,163
106000284,286,130,156
106000285,176,98,78
106000286,272,105,167
106000287,190,77,113
106000288,218,172,46
106000289,182,75,107
106000290,245,108,137
106000291,190,102,88
106000292,209,165,44
106000293,162,71,91
106000294,153,57,96
106000295,86,96,-10
106000296,81,57,24
106000297,56,271,-215
106000298,87,229,-142
106000299,69,87,-18
106000300,55,119,-64
106000301,141,219,-78
106000303,106,59,47
106000304,114,30,84
106000305,125,44,81
106000306,49,34,15
106000307,278,27,251
106000308,75,123,-48
106000309,35,72,-37
106000310,594,432,162
106000311,797,212,585
106000312,178,230,-52
106000313,613,147,466
106000318,90,528,-438
106000319,4732,577,4155
106000320,3,137,-134
106000321,248,440,-192
106000322,783,70,713
106000324,91,109,-18
106000325,3170,1127,2043
106000326,1512,1457,55
106000327,455,141,314
106000328,22,778,-756
106000329,93,1097,-1004
106000330,60,531,-471
106000428,144,368,-224
106000429,206,212,-6
106000430,415,2086,-1671
106000431,3652,520,3132
106000432,1075,2979,-1904
106000433,3227,1574,1653
106000434,6032,1608,4424
106000435,1600,2506,-906
106000436,10,210,-200
106000437,992,124,868
106000438,326,867,-541
106000439,157,1611,-1454
106000440,266,1415,-1149
106000441,6,3,3
106000442,784,20,764
106000443,535,228,307
106000450,0,114,-114
106000451,29,250,-221
106000454,15,161,-146
106000455,3,132,-129
106000456,220,35,185
106000457,77,816,-739
106000458,2140,143,1997
106000459,981,135,846
106000460,3352,112,3240
106000461,791,308,483
106000462,2,60,-58
106000463,4,18,-14
106000464,1,231,-230
106000465,1293,11,1282
106000466,20,289,-269
106000467,172,425,-253
106000468,366,233,133
106000469,260,0,260
106000470,312,4702,-4390
106000471,14,413,-399
106000472,356,21,335
106000473,106,5,101
106000474,544,676,-132
106000475,807,286,521
106000476,282,354,-72
106000477,54,22,32
106900001,0,8,-8
106900002,4,270,-266
106900003,140,4902,-4762
106900004,0,27,-27
106900006,0,29,-29
106900007,0,18,-18
106900008,1536,113,1423
106900009,1383,212,1171
106900010,843,414,429
106900012,1888,6121,-4233
106900013,1385,309,1076
106900014,197,8,189
106900015,49,0,49
106900016,841,17,824
106900017,61,1,60
106900018,26,1,25
106900019,375,2,373
106900020,5667,5207,460
106900021,296,165,131
106900022,2492,7,2485
106900023,90,127,-37
106900024,1166,114,1052
106900025,35,1066,-1031
106900026,0,223,-223
106900027,1863,4,1859
107000001,5305,6547,-1242
107000002,1937,2363,-426
107000003,15764,12102,3662
107000004,5593,2166,3427
107000005,15288,11713,3575
107000006,5207,3423,1784
107000007,10300,13098,-2798
107000008,8036,4725,3311
107000009,16353,12185,4168
107000010,8364,5444,2920
107000011,1277,1945,-668
107000012,3636,3558,78
107000013,197,62,135
107000014,243,107,136
107000015,824,470,354
107000016,1738,499,1239
107000017,998,7563,-6565
107000018,37,7448,-7411
107000020,1071,7036,-5965
107000021,1474,713,761
107000022,1273,6533,-5260
107000023,2740,336,2404
107000024,974,5971,-4997
107000025,641,375,266
107000026,717,1150,-433
107000027,3068,1026,2042
107000028,3279,603,2676
107000029,8060,4347,3713
107000030,4792,2262,2530
107000031,9904,4297,5607
107000032,493,792,-299
107000033,3635,5817,-2182
107000034,7602,1718,5884
107000035,953,408,545
107000036,2289,2592,-303
107000037,134,1188,-1054
107000038,527,289,238
107000039,2094,1891,203
107000040,850,290,560
107000041,1627,1277,350
107000042,1036,3613,-2577
107000043,2237,1208,1029
107000044,506,893,-387
107000045,91,677,-586
107000046,1064,856,208
107000047,838,1702,-864
107000048,1135,911,224
107000049,650,1030,-380
107000050,1136,989,147
107000051,417,576,-159
107000052,1924,2722,-798
107000053,690,927,-237
107000054,52,154,-102
107000055,227,216,11
107000056,786,656,130
107000057,1955,199,1756
107000058,2873,4943,-2070
107000059,3205,3410,-205
107000060,10270,8814,1456
107000061,6817,3263,3554
107000062,11774,6305,5469
107000063,5586,3550,2036
107000064,9900,9405,495
107000065,4690,6836,-2146
107000066,2665,6113,-3448
107000067,2535,2233,302
107000068,1127,1803,-676
107000069,1779,1372,407
107000070,2566,10,2556
107000071,8118,85,8033
107000072,21,1172,-1151
107000073,2422,1371,1051
107000074,110,600,-490
107000075,4230,549,3681
107000076,455,897,-442
107000077,6062,1193,4869
107000078,868,1654,-786
107000079,5523,2110,3413
107000080,637,1853,-1216
107000081,5121,1176,3945
107000082,1284,995,289
107000083,2662,1597,1065
107000084,390,1100,-710
107000085,5226,4666,560
107000086,4246,2946,1300
107000087,6100,4742,1358
107000088,4775,5228,-453
107000089,3378,4889,-1511
107000090,2645,1315,1330
107000091,3047,1998,1049
107000092,1659,1054,605
107000093,2296,1989,307
107000094,1661,1268,393
107000095,2427,1506,921
107000096,1229,824,405
107000097,1100,1367,-267
107000098,461,1346,-885
107000099,1110,834,276
107000100,312,1027,-715
107000101,242,481,-239
107000102,475,661,-186
107000103,620,530,90
107000104,299,507,-208
107000105,1056,541,515
107000106,255,348,-93
107000107,1621,404,1217
107000108,334,716,-382
107000109,2207,433,1774
107000110,130,260,-130
107000111,1240,116,1124
107000112,77,202,-125
107000113,1963,229,1734
107000114,59,426,-367
107000115,1587,1442,145
107000116,148,1033,-885
107000117,226,5413,-5187
107000118,94,258,-164
107000119,2613,2104,509
107000120,1390,1770,-380
107000121,1741,981,760
107000122,1599,1082,517
107000123,989,805,184
107000124,1187,481,706
107000125,2728,814,1914
107000126,3263,292,2971
107000129,787,536,251
107000130,2033,626,1407
107000131,812,726,86
107000132,1100,583,517
107000133,607,370,237
107000134,366,1,365
107000135,9,444,-435
107000136,880,11,869
107000137,6,695,-689
107000138,262,46,216
107000139,12,1102,-1090
107000140,3142,128,3014
107000141,172,1195,-1023
107000142,1021,147,874
107000143,113,2602,-2489
107000144,1131,1166,-35
107000145,444,1060,-616
107000146,287,589,-302
107000147,5290,918,4372
107000150,776,7614,-6838
107000151,17,63,-46
107000152,1568,4346,-2778
107000153,124,265,-141
107000154,18,279,-261
107000155,1731,54,1677
107000156,2201,33,2168
107000157,93,713,-620
107000158,2008,20,1988
107000159,36,595,-559
107000160,3516,376,3140
107000161,241,410,-169
107000162,671,1661,-990
107000163,529,7,522
107000164,2274,6,2268
107000165,2892,16,2876
107000166,240,262,-22
107000167,2175,466,1709
107000168,2019,966,1053
107000169,692,524,168
107000170,6439,1447,4992
107000171,1183,1073,110
107000172,2898,3335,-437
107000173,755,543,212
107000174,2401,11112,-8711
107000175,5779,927,4852
107000176,5,3,2
107000177,7,0,7
107000178,67,25,42
107000179,874,1317,-443
107000180,3663,377,3286
107000181,820,748,72
107000182,4314,877,3437
107000183,506,796,-290
107000184,2744,1019,1725
107000185,634,1536,-902
107000186,1800,761,1039
107000187,2153,1952,201
107000188,1041,491,550
107000189,1541,1195,346
107000190,1424,706,718
107000191,1464,1487,-23
107000192,2886,830,2056
107000193,732,1086,-354
107000194,780,690,90
107000197,1561,502,1059
107000198,523,867,-344
107000199,2477,1327,1150
107000200,1940,1433,507
107000201,1035,918,117
107000202,581,758,-177
107000203,608,2753,-2145
107000204,667,2936,-2269
107000205,1585,1326,259
107000206,720,2063,-1343
107000207,772,1953,-1181
107000208,1364,1122,242
107000209,845,1320,-475
107000210,196,190,6
107000211,4,64,-60
107000212,16,189,-173
107000213,9,27,-18
107000214,28,111,-83
107000215,1124,362,762
107000216,967,1108,-141
107000217,394,751,-357
107000219,149,373,-224
107000220,232,335,-103
107000222,651,324,327
107000224,1965,749,1216
107000225,325,583,-258
107000226,1299,819,480
107000227,211,204,7
107000228,1320,990,330
107000229,122,216,-94
107000230,2102,883,1219
107000231,802,1929,-1127
107000232,216,37,179
107000233,255,797,-542
107000234,5,158,-153
107000235,290,65,225
107000236,18,779,-761
107000237,90,1,89
107000238,96,9,87
107000239,4690,1087,3603
107000240,1022,902,120
107000241,47,13,34
107000242,256,24,232
107000243,0,104,-104
107000244,18,318,-300
107000246,1,670,-669
107000249,0,676,-676
107000251,15,383,-368
107000252,7,1627,-1620
107000255,388,490,-102
107000257,3,1709,-1706
107000258,3,306,-303
107000259,32,208,-176
107000260,4265,36,4229
107000262,393,266,127
107000263,980,19,961
107000266,30,81,-51
107000267,36,163,-127
107000268,524,91,433
107000269,95,5,90
107000270,214,95,119
107000271,11,0,11
107000272,82,1,81
107000273,13,659,-646
107000274,810,1753,-943
107000275,68,5454,-5386
107000280,2724,25,2699
107000281,90,504,-414
107000282,63,489,-426
107000290,45,224,-179
107000291,65,16,49
107000292,9,1420,-1411
107000293,23,25,-2
107000294,2,527,-525
107000295,92,31,61
107000296,1,25,-24
107000444,446,3,443
107000496,16,7,9
107000497,1843,1523,320
107000500,777,827,-50
107000501,244,306,-62
107000502,503,1013,-510
107000505,557,1043,-486
107000506,0,1,-1
107000508,88,422,-334
107000509,252,1211,-959
107000510,78,313,-235
107000514,71,687,-616
107000515,27,52,-25
107000516,913,851,62
107000518,3716,5359,-1643
107000519,1970,783,1187
107000520,235,364,-129
107900001,225,67,158
107900002,147,22,125
107900003,1946,31,1915
107900004,473,5,468
107900005,5056,14,5042
107900006,452,15,437
107900007,635,88,547
107900008,116,8,108
107900009,204,16,188
107900010,190,4,186
107900012,690,109,581
107900013,492,13,479
107900014,325,30,295
107900015,3715,21,3694
107900016,769,119,650
107900017,136,3,133
107900018,86,650,-564
107900019,17,30,-13
107900020,66,68,-2
107900021,413,58,355
107900023,7,1,6
107900024,1,28,-27
107900025,525,113,412
107900026,99,33,66
107900027,19,125,-106
107900028,648,23,625
107900030,431,75,356
107900031,280,85,195
107900032,51,31,20
107900033,39,40,-1
107900034,511,41,470
107900035,3068,197,2871
107900036,149,77,72
107900037,0,24,-24
107900038,95,602,-507
107900039,81,12,69
107900040,8,414,-406
107900041,2,7,-5
107900043,350,106,244
107900044,28,34,-6
107900045,300,93,207
107900046,557,606,-49
107900047,87,64,23
107900048,642,56,586
107900049,672,2033,-1361
107900050,64,423,-359
107900051,109,43,66
107900052,25,135,-110
107900053,190,65,125
107900055,987,486,501
107900056,184,300,-116
107900057,8,0,8
107900058,73,753,-680
107900060,27,342,-315
107900061,3,21,-18
107900063,211,233,-22
107900064,248,1111,-863
107900065,838,29,809
107900066,54,11,43
107900067,0,0,0
107900068,165,1399,-1234
107900069,94,5917,-5823
107900070,241,264,-23
107900071,35,449,-414
107900072,459,67,392
107900073,246,213,33
107900074,209,793,-584
107900076,276,74,202
107900077,239,7,232
107900078,316,132,184
107900079,52,39,13
107900080,97,1334,-1237
107900081,176,64,112
107900082,4,13,-9
107900083,837,176,661
107900084,345,304,41
107900086,24,814,-790
107900087,473,50,423
107900088,160,36,124
107900089,439,1386,-947
107900090,2153,4604,-2451
107900091,208,147,61
107900092,2026,219,1807
107900093,90,162,-72
107900095,1909,1767,142
107900097,85,170,-85
107900098,237,1356,-1119
107900100,414,2280,-1866
107900101,719,58,661
107900102,133,7,126
107900103,132,187,-55
107900104,683,0,683
107900105,44,149,-105
107900106,8,463,-455
107900107,1752,459,1293
107900108,355,73,282
107900109,3522,89,3433
107900110,185,122,63
107900111,5,336,-331
107900112,140,1134,-994
107900113,381,42,339
107900114,604,119,485
107900115,0,12,-12
107900116,480,84,396
107900117,500,318,182
107900118,70,200,-130
107900119,207,385,-178
107900120,100,42,58
107900121,5,190,-185
107900122,0,390,-390
107900123,44,225,-181
107900124,10,80,-70
107900125,21,281,-260
107900126,131,802,-671
107900127,819,344,475
107900128,127,153,-26
107900129,225,14,211
107900130,261,24,237
107900131,139,254,-115
107900132,132,263,-131
107900133,0,56,-56
107900134,58,126,-68
107900135,14,29,-15
107900136,42,31,11
107900137,124,160,-36
107900138,184,24,160
107900139,216,63,153
107900140,117,86,31
107900141,39,42,-3
107900142,172,538,-366
107900143,32,14,18
107900144,0,52,-52
107900145,13,49,-36
107900146,49,134,-85
107900147,35,19,16
107900148,257,155,102
107900149,826,39,787
107900150,160,392,-232
107900151,78,42,36
107900152,53,117,-64
107900153,305,411,-106
107900154,58,72,-14
107900155,204,274,-70
107900156,5,76,-71
107900157,42,92,-50
107900158,2564,74,2490
107900159,123,337,-214
107900160,241,58,183
107900161,374,111,263
107900162,0,67,-67
107900163,48,139,-91
107900164,38,134,-96
107900165,19,569,-550
107900166,107,64,43
107900167,23,112,-89
107900168,153,121,32
107900169,7,4880,-4873
107900171,292,455,-163
107900172,5,337,-332
107900173,133,49,84
107900174,320,6,314
107900175,119,455,-336
107900176,151,31,120
107900177,2,268,-266
107900178,2,425,-423
107900179,118,199,-81
107900180,341,1872,-1531
107900181,411,461,-50
107900182,24,521,-497
107900183,181,49,132
107900184,466,725,-259
107900185,328,13,315
107900186,47,35,12
107900187,0,250,-250
107900188,940,95,845
107900189,154,160,-6
107900190,25,175,-150
107900191,158,217,-59
107900193,8,127,-119
107900194,404,36,368
107900195,2561,192,2369
107900196,159,48,111
107900197,331,361,-30
107900199,1,547,-546
107900201,264,187,77
107900203,73,67,6
107900204,363,375,-12
107900205,370,320,50
107900206,316,834,-518
107900207,3,372,-369
107900208,8,352,-344
107900209,544,165,379
107900210,80,70,10
107900213,904,570,334
107900214,35,367,-332
107900215,324,582,-258
107900216,16,36,-20
107900217,127,68,59
107900218,34,4570,-4536
107900219,277,51,226
107900220,50,228,-178
107900221,335,452,-117
107900223,360,110,250
107900224,317,699,-382
107900225,8,947,-939
107900226,26,62,-36
107900227,364,489,-125
107900228,92,193,-101
107900229,1,80,-79
107900230,77,27,50
107900231,50,54,-4
107900232,578,102,476
107900233,9,34,-25
107900234,555,185,370
107900235,191,250,-59
107900236,945,117,828
107900237,7,504,-497
107900238,92,20,72
107900239,615,1112,-497
107900240,227,59,168
107900241,23,22,1
107900242,84,525,-441
107900243,4,38,-34
107900244,573,5,568
107900245,1715,133,1582
107900246,498,615,-117
107900248,692,210,482
107900249,2136,310,1826
107900250,3,233,-230
107900251,59,538,-479
107900252,1475,90,1385
107900253,421,46,375
107900254,101,353,-252
107900255,287,82,205
107900256,791,3541,-2750
107900257,886,211,675
107900258,232,54,178
107900259,28,6780,-6752
107900261,27,222,-195
107900262,180,79,101
107900264,1289,47,1242
107900265,260,511,-251
107900267,832,21,811
107900268,87,6,81
107900269,0,9,-9
107900270,0,0,0
107900271,3,75,-72
107900272,54,19,35
107900273,104,93,11
107900274,204,0,204
107900275,118,0,118
107900276,0,17,-17
107900277,0,49,-49
107900278,1032,143,889
107900279,32,34,-2
107900280,3964,1602,2362
107900281,1269,13287,-12018
107900282,24,1545,-1521
107900283,929,1657,-728
107900284,1401,1694,-293
107900285,354,20,334
107900286,65,41,24
107900287,761,167,594
107900290,4,1379,-1375
107900291,1019,36,983
107900292,389,78,311
107900293,152,250,-98
107900295,194,56,138
107900297,3,643,-640
107900298,938,754,184
107900299,3324,4922,-1598
107900300,135,1590,-1455
107900301,1910,1221,689
107900302,209,84,125
107900303,597,637,-40
107900304,1017,125,892
107900305,564,29,535
107900306,3,59,-56
107900307,8,322,-314
107900308,243,350,-107
107900309,126,0,126
107900310,93,0,93
107900311,11,449,-438
107900312,108,0,108
107900313,2,165,-163
107900314,2,171,-169
107900315,0,79,-79
107900316,25,0,25
107900317,153,13,140
107900318,6,289,-283
107900319,12,67,-55
107900320,0,58,-58
107900321,373,18,355
107900322,0,23,-23
107900323,9,108,-99
107900324,261,6,255
107900325,473,7,466
107900326,1456,123,1333
107900327,0,200,-200
107900328,68,0,68
107900329,43,578,-535
107900330,15,112,-97
107900331,942,74,868
107900332,983,12,971
107900333,139,87,52
107900334,48,68,-20
107900335,73,184,-111
107900336,36,326,-290
107900337,698,1772,-1074
107900338,5,225,-220
107900339,4,12,-8
107900340,1,116,-115
107900341,94,0,94
107900342,245,153,92
107900343,109,1,108
107900344,5,182,-177
107900345,102,25,77
107900346,17,3,14
107900347,62,4,58
107900348,0,19,-19
107900349,68,7,61
107900350,71,291,-220
108000001,6880,6033,847
108000002,2243,1815,428
108000003,4626,5427,-801
108000004,12623,12304,319
108000005,11528,9229,2299
108000006,4585,6215,-1630
108000007,9131,8669,462
108000008,4452,5314,-862
108000009,9693,9578,115
108000010,3100,5628,-2528
108000011,19789,15372,4417
108000012,11659,10627,1032
108000014,1019,2002,-983
108000015,1896,317,1579
108000016,500,440,60
108000017,2386,636,1750
108000018,3103,1686,1417
108000019,1418,1869,-451
108000020,1899,594,1305
108000021,444,2102,-1658
108000022,703,1015,-312
108000023,3091,450,2641
108000024,723,393,330
108000025,983,204,779
108000026,1395,893,502
108000027,1754,277,1477
108000028,1328,465,863
108000029,1281,579,702
108000030,792,413,379
108000031,243,938,-695
108000032,4202,1077,3125
108000033,1130,845,285
108000034,3307,929,2378
108000035,807,1713,-906
108000036,1042,923,119
108000037,4667,546,4121
108000038,6545,585,5960
108000039,1061,1441,-380
108000040,4104,1580,2524
108000041,497,2076,-1579
108000042,861,182,679
108000043,391,291,100
108000044,1310,199,1111
108000045,535,268,267
108000046,3545,711,2834
108000047,690,827,-137
108000048,177,273,-96
108000049,1306,290,1016
108000050,155,247,-92
108000051,721,468,253
108000052,263,426,-163
108000053,676,519,157
108000054,380,1316,-936
108000055,1848,1041,807
108000056,768,1393,-625
108000057,1096,2174,-1078
108000058,3032,8021,-4989
108000059,2758,1530,1228
108000060,386,824,-438
108000061,141,184,-43
108000062,2412,1141,1271
108000063,701,657,44
108000064,606,373,233
108000065,1112,636,476
108000066,3364,1977,1387
108000067,4774,1414,3360
108000068,1457,919,538
108000069,312,803,-491
108000070,3577,1326,2251
108000071,930,1476,-546
108000072,2037,1286,751
108000073,1254,1236,18
108000074,1058,1022,36
108000075,650,556,94
108000076,1569,994,575
108000077,1039,686,353
108000078,3785,1212,2573
108000079,1141,904,237
108000080,3276,765,2511
108000081,1594,745,849
108000082,887,1391,-504
108000083,3656,1126,2530
108000084,814,1511,-697
108000085,2453,1312,1141
108000086,629,691,-62
108000087,236,4396,-4160
108000088,498,10,488
108000089,622,744,-122
108000090,1287,425,862
108000091,205,623,-418
108000092,582,226,356
108000093,580,523,57
108000094,2080,266,1814
108000095,391,518,-127
108000096,1250,466,784
108000097,342,518,-176
108000098,4821,1953,2868
108000099,484,115,369
108000100,103,444,-341
108000101,2106,2314,-208
108000102,2120,4495,-2375
108000106,1479,5,1474
108000107,2,1282,-1280
108000108,1289,114,1175
108000109,4,557,-553
108000110,878,501,377
108000111,437,1145,-708
108000112,93,306,-213
108000113,544,334,210
108000115,487,545,-58
108000117,814,581,233
108000118,28,798,-770
108000119,875,405,470
108000120,435,1685,-1250
108000121,527,756,-229
108000122,1628,700,928
108000123,1556,657,899
108000124,646,1707,-1061
108000125,1297,339,958
108000126,433,489,-56
108000127,1467,717,750
108000128,1693,351,1342
108000129,574,1907,-1333
108000130,961,741,220
108000131,1154,217,937
108000132,963,837,126
108000133,2120,422,1698
108000134,1012,377,635
108000135,2003,1387,616
108000136,880,796,84
108000137,848,198,650
108000138,1136,781,355
108000139,1175,345,830
108000140,1094,17,1077
108000141,178,22,156
108000142,154,97,57
108000143,96,38,58
108000144,218,3,215
108000145,117,7,110
108000146,288,20,268
108000147,46,10,36
108000148,264,48,216
108000149,55,21,34
108000150,145,25,120
108000151,7,8,-1
108000152,367,237,130
108000153,1627,228,1399
108000154,68,4,64
108000155,61,73,-12
108000156,471,254,217
108000157,480,4112,-3632
108000158,130,1839,-1709
108000159,289,377,-88
108000160,2344,2294,50
108000161,2492,8716,-6224
108000165,3,758,-755
108000172,5,553,-548
108000173,785,3221,-2436
108000175,782,246,536
108000178,530,328,202
108000179,185,1538,-1353
108000181,113,35,78
108000182,121,13,108
108000183,14,10,4
108000184,820,5546,-4726
108000185,784,343,441
108000186,517,170,347
108000187,420,285,135
108000188,1749,171,1578
108000189,572,3218,-2646
108000190,72,138,-66
108000192,591,131,460
108000193,562,23,539
108000194,31,9,22
108000195,34,1085,-1051
108000196,446,629,-183
108000198,1146,122,1024
108000199,0,381,-381
108000200,1266,467,799
108000202,2,553,-551
108000203,694,574,120
108000204,294,122,172
108000205,339,398,-59
108000339,1586,609,977
108000364,98,351,-253
108000365,72,866,-794
108000367,370,263,107
108000368,101,78,23
108000369,759,114,645
108000371,0,499,-499
108000372,1385,6,1379
108000373,313,62,251
108000376,259,24,235
108000377,1462,87,1375
108000378,13472,21812,-8340
108000379,36,405,-369
108000381,292,15,277
108000382,109,1,108
108000383,0,277,-277
108900001,21,483,-462
108900002,387,95,292
108900003,202,726,-524
108900004,11,753,-742
108900005,92,685,-593
108900006,1668,502,1166
108900007,586,238,348
108900008,279,161,118
108900009,268,413,-145
108900010,643,228,415
108900011,1671,317,1354
108900012,702,404,298
108900013,240,622,-382
108900014,130,170,-40
108900015,2,319,-317
108900016,4,165,-161
108900017,206,1111,-905
108900018,293,547,-254
108900019,108,421,-313
108900020,31,157,-126
108900021,209,154,55
108900022,287,96,191
108900023,8,123,-115
108900024,129,43,86
108900025,728,75,653
108900026,38,34,4
108900027,0,29,-29
108900028,331,129,202
108900029,194,162,32
108900030,1,28,-27
108900031,714,114,600
108900032,19,230,-211
108900033,0,66,-66
108900034,0,28,-28
108900035,738,436,302
108900036,286,318,-32
108900037,100,243,-143
108900038,0,73,-73
108900039,0,81,-81
108900040,11,50,-39
108900041,6385,4425,1960
108900042,7,464,-457
108900043,76,872,-796
108900044,2,99,-97
108900045,149,116,33
108900046,23,198,-175
108900047,4,405,-401
108900048,266,295,-29
108900049,1564,5125,-3561
108900050,1,90,-89
108900051,0,49,-49
108900052,57,67,-10
108900053,234,1158,-924
108900054,94,130,-36
108900055,49,426,-377
108900056,2,54,-52
108900057,1,98,-97
108900058,113,89,24
108900059,2323,93,2230
108900060,112,239,-127
108900061,117,14,103
108900062,1,281,-280
108900063,32,110,-78
108900064,927,54,873
108900065,93,125,-32
108900066,892,245,647
108900067,8,274,-266
108900068,0,24,-24
108900069,354,16,338
108900070,58,74,-16
108900071,280,107,173
108900072,1713,316,1397
108900073,14,73,-59
108900074,1153,73,1080
108900075,4,28,-24
108900076,876,64,812
108900077,93,221,-128
108900078,141,61,80
108900079,376,370,6
108900080,10,1921,-1911
108900081,111,377,-266
108900082,227,25,202
108900083,16,595,-579
108900084,390,188,202
108900085,1751,293,1458
108900086,438,57,381
108900087,84,301,-217
108900088,1157,739,418
108900089,14,228,-214
108900090,269,84,185
108900091,226,119,107
108900092,810,566,244
108900093,199,177,22
108900094,827,239,588
108900095,55,593,-538
108900096,331,14,317
108900097,389,159,230
108900098,1913,2077,-164
108900099,1067,203,864
108900100,172,122,50
108900101,442,984,-542
108900102,21,2506,-2485
108900103,192,411,-219
108900104,85,469,-384
108900105,22,4394,-4372
108900106,1089,185,904
108900108,550,46,504
108900109,115,114,1
108900110,486,224,262
108900111,1139,235,904
108900112,772,44,728
108900113,76,168,-92
108900114,4,11,-7
108900115,293,275,18
108900116,219,26,193
108900117,544,34,510
108900118,1757,67,1690
108900119,1008,31,977
108900120,299,506,-207
108900121,344,167,177
108900122,547,50,497
108900123,556,208,348
108900124,2241,278,1963
108900125,1654,13,1641
108900126,316,71,245
108900127,585,89,496
108900128,444,119,325
108900129,2440,245,2195
108900130,1705,10,1695
108900131,1111,18,1093
108900132,1227,120,1107
108900133,764,74,690
108900134,1349,302,1047
108900135,662,33,629
108900136,36,2,34
108900137,687,5,682
108900138,2511,193,2318
108900139,1449,133,1316
108900140,1468,78,1390
108900141,1090,24,1066
108900142,167,23,144
108900143,192,0,192
108900144,347,3,344
108900145,923,80,843
108900146,306,1,305
108900147,893,5,888
108900148,193,36,157
108900149,809,1201,-392
108900150,558,8,550
108900151,63,16,47
108900152,196,25,171
108900153,687,125,562
108900154,10207,452,9755
108900155,722,74,648
108900156,265,10,255
108900157,121,419,-298
108900158,1108,172,936
108900159,219,188,31
108900160,34,165,-131
108900161,393,517,-124
108900162,524,18,506
108900163,3,576,-573
108900164,178,111,67
108900165,140,57,83
108900167,1671,20111,-18440
108900168,5162,3061,2101
108900169,85,181,-96
108900171,4070,5238,-1168
108900172,352,157,195
108900173,114,566,-452
108900174,1883,772,1111
108900176,295,359,-64
108900177,8107,17061,-8954
108900178,3196,9584,-6388
108900179,485,3381,-2896
108900180,74,512,-438
108900182,98,833,-735
108900183,208,450,-242
108900184,698,436,262
108900185,79,869,-790
108900186,194,608,-414
108900187,1290,51,1239
108900188,1556,154,1402
108900189,681,671,10
108900190,146,3365,-3219
108900191,207,244,-37
108900192,126,203,-77
108900193,71,50,21
108900194,10,370,-360
108900195,173,166,7
108900196,267,328,-61
108900198,6,274,-268
108900199,380,451,-71
108900200,1504,746,758
108900201,440,1211,-771
108900203,548,193,355
108900204,636,40,596
108900205,457,76,381
108900206,1089,189,900
108900207,459,566,-107
108900208,20,515,-495
108900209,173,710,-537
108900210,157,148,9
108900211,289,998,-709
108900212,137,3514,-3377
108900215,99,458,-359
108900216,349,686,-337
108900217,178,1,177
108900218,115,62,53
108900219,94,3,91
108900220,141,51,90
108900221,67,71,-4
108900222,565,23,542
108900223,2,90,-88
108900224,73,135,-62
108900225,2,239,-237
108900226,988,81,907
108900227,334,671,-337
108900230,95,348,-253
108900231,13,137,-124
108900232,1,159,-158
108900233,969,268,701
108900234,415,292,123
108900235,379,446,-67
108900236,54,514,-460
108900237,59,80,-21
108900240,251,192,59
108900241,138,71,67
108900245,8,3943,-3935
108900249,138,27,111
108900250,655,218,437
108900257,441,301,140
108900258,20,100,-80
108900259,69,38,31
108900260,8,19,-11
108900261,49,58,-9
108900262,132,270,-138
108900263,73,235,-162
108900264,207,309,-102
108900265,3388,1165,2223
108900266,183,3379,-3196
108900267,2,649,-647
108900268,15,56,-41
108900269,469,70,399
108900270,512,53,459
108900271,111,361,-250
108900272,936,118,818
108900273,392,3555,-3163
108900274,126,17,109
109000001,6060,4495,1565
109000002,876,4362,-3486
109000003,5992,770,5222
109000004,739,2593,-1854
109000005,3879,987,2892
109000006,1333,2067,-734
109000007,4102,1314,2788
109000008,983,1836,-853
109000009,6108,2031,4077
109000010,1042,3413,-2371
109000011,8086,3952,4134
109000012,2096,3530,-1434
109000013,8959,9036,-77
109000014,2727,2816,-89
109000015,5603,21592,-15989
109000016,5981,2753,3228
109000017,5918,2112,3806
109000018,2256,2554,-298
109000019,4669,2132,2537
109000020,1614,3006,-1392
109000023,617,22,595
109000024,3,295,-292
109000025,262,1188,-926
109000026,952,284,668
109000027,172,571,-399
109000028,216,87,129
109000029,155,677,-522
109000030,26,435,-409
109000031,553,214,339
109000032,208,595,-387
109000033,935,341,594
109000034,77,79,-2
109000035,19,50,-31
109000036,69,499,-430
109000037,557,5594,-5037
109000038,402,406,-4
109000039,1519,1290,229
109000040,5234,24668,-19434
109000041,1680,4827,-3147
109000042,820,3141,-2321
109000044,702,168,534
109000045,129,401,-272
109000046,775,151,624
109000047,119,416,-297
109000048,599,619,-20
109000049,292,748,-456
109000050,485,575,-90
109000051,387,263,124
109000052,1010,609,401
109000053,903,124,779
109000054,352,437,-85
109000055,684,491,193
109000056,588,604,-16
109000057,2232,868,1364
109000058,428,152,276
109000059,330,1775,-1445
109000060,223,596,-373
109000061,618,3728,-3110
109000062,314,589,-275
109000063,482,315,167
109000064,965,257,708
109000065,407,701,-294
109000066,1040,69,971
109000067,157,637,-480
109000068,1057,37,1020
109000069,1082,25,1057
109000070,134,1540,-1406
109000071,643,85,558
109000072,113,309,-196
109000073,87,201,-114
109000074,19,215,-196
109000075,117,319,-202
109000076,136,467,-331
109000077,402,286,116
109000078,172,252,-80
109000079,251,95,156
109000080,451,143,308
109000081,270,470,-200
109000082,1926,235,1691
109000083,644,617,27
109000088,246,332,-86
109000089,515,191,324
109000090,175,264,-89
109000091,742,276,466
109000092,381,314,67
109000093,464,261,203
109000094,1635,3,1632
109000095,381,361,20
109000096,2186,379,1807
109000097,84,125,-41
109000098,133,157,-24
109000099,1419,193,1226
109000100,734,502,232
109000101,3433,532,2901
109000102,1187,552,635
109000103,1351,788,563
109000104,5107,579,4528
109000105,1033,812,221
109000106,3478,849,2629
109000107,1144,1490,-346
109000108,4185,1072,3113
109000109,1063,1290,-227
109000110,2238,813,1425
109000111,1340,1754,-414
109000112,681,223,458
109000113,450,631,-181
109000114,243,1060,-817
109000115,1539,21,1518
109000116,8,391,-383
109000117,506,45,461
109000118,12,210,-198
109000119,3482,167,3315
109000120,871,936,-65
109000121,1144,41,1103
109000122,477,415,62
109000123,53,43,10
109000124,1867,520,1347
109000125,1836,419,1417
109000126,1233,563,670
109000127,2723,180,2543
109000128,1301,692,609
109000129,6150,732,5418
109000130,706,801,-95
109000131,1203,924,279
109000132,511,1674,-1163
109000133,378,605,-227
109000134,936,2310,-1374
109000135,767,2966,-2199
109000136,495,495,0
109000137,635,710,-75
109000138,1063,259,804
109000139,1424,780,644
109000140,445,324,121
109000141,1151,662,489
109000142,269,635,-366
109000143,274,226,48
109000145,101,285,-184
109000146,31,97,-66
109000148,3008,3816,-808
109000149,21,80,-59
109000150,57,373,-316
109000155,1397,1117,280
109000156,1654,382,1272
109000158,118,290,-172
109000159,133,857,-724
109000160,2948,331,2617
109000161,1058,1591,-533
109000162,3911,703,3208
109000163,2376,1664,712
109000164,3057,2077,980
109000165,3106,780,2326
109000166,2709,129,2580
109000167,248,650,-402
109000170,59,71,-12
109000171,210,62,148
109000172,37,44,-7
109000173,56,277,-221
109000174,356,75,281
109000175,79,136,-57
109000176,1163,461,702
109000177,96,174,-78
109000178,1668,210,1458
109000179,3864,10736,-6872
109000180,5458,4949,509
109000181,37,19,18
109000182,199,14,185
109000183,113,45,68
109000184,91,20,71
109000185,56,14,42
109000188,571,2230,-1659
109000189,5611,2694,2917
109000190,1273,702,571
109000191,599,512,87
109000192,1244,202,1042
109000193,1053,150,903
109000194,726,79,647
109000195,630,122,508
109000196,557,101,456
109000197,786,304,482
109000198,581,61,520
109000199,426,453,-27
109000206,266,52,214
109000207,400,63,337
109000208,264,233,31
109000209,254,122,132
109000210,383,551,-168
109000211,2058,849,1209
109000214,818,211,607
109000215,193,101,92
109000216,515,575,-60
109000217,225,1163,-938
109000218,450,669,-219
109000221,237,808,-571
109000222,989,273,716
109000223,973,717,256
109000224,151,44,107
109000225,294,26,268
109000226,94,287,-193
109000227,4026,597,3429
109000228,4,1104,-1100
109000231,1,89,-88
109000232,1577,107,1470
109000236,482,563,-81
109000241,3014,1312,1702
109000242,1847,768,1079
109000293,71,466,-395
109000361,41,215,-174
109000364,165,1370,-1205
109000396,2,293,-291
109000397,1404,33,1371
109000399,183,378,-195
109000400,163,290,-127
109000403,38,2266,-2228
109000406,1194,9,1185
109000407,338,145,193
109000408,1,892,-891
109000410,1209,317,892
109000411,564,34,530
109900001,281,0,281
109900002,1760,24,1736
109900003,1009,11,998
109900004,412,137,275
109900005,62,8,54
109900006,1044,110,934
109900007,2723,112,2611
109900008,0,38,-38
109900009,333,327,6
109900010,1380,89,1291
109900011,44,79,-35
109900012,683,1633,-950
109900013,646,596,50
109900014,769,164,605
109900015,215,124,91
109900016,230,16,214
109900017,558,463,95
109900018,362,24,338
109900019,423,128,295
109900020,145,64,81
109900021,175,59,116
109900022,172,524,-352
109900023,49,31,18
109900024,13,21,-8
109900025,14,40,-26
109900026,13,142,-129
109900027,97,62,35
109900028,576,3569,-2993
109900029,8,192,-184
109900030,50,36,14
109900031,3,847,-844
109900032,7,194,-187
109900033,8,616,-608
109900034,126,6,120
109900035,95,195,-100
109900036,62,47,15
109900037,25,338,-313
109900038,156,377,-221
109900039,20,0,20
109900040,36,330,-294
109900041,84,368,-284
109900042,48,4384,-4336
109900044,191,469,-278
109900045,199,67,132
109900046,76,140,-64
109900047,430,445,-15
109900048,0,189,-189
109900049,5,104,-99
109900050,0,49,-49
109900051,1,8,-7
109900052,65,243,-178
109900053,1,58,-57
109900054,1854,140,1714
109900055,136,192,-56
109900056,91,534,-443
109900057,0,70,-70
109900058,0,42,-42
109900059,2291,84,2207
109900060,2138,118,2020
109900061,141,81,60
109900062,1,125,-124
109900063,8,665,-657
109900064,1336,194,1142
109900065,146,101,45
109900066,566,633,-67
109900067,0,163,-163
109900068,103,6,97
109900069,206,33,173
109900070,66,155,-89
109900071,103,30,73
109900072,67,104,-37
109900073,1245,161,1084
109900074,43,14,29
109900075,53,41,12
109900076,34,55,-21
109900077,99,30,69
109900078,153,185,-32
109900080,423,161,262
109900081,8,273,-265
109900082,144,191,-47
109900083,74,27,47
109900084,53,272,-219
109900085,107,314,-207
109900086,218,1995,-1777
109900087,73,454,-381
109900089,1616,231,1385
109900090,256,683,-427
109900091,865,248,617
109900092,485,237,248
109900093,2283,200,2083
109900094,171,124,47
109900095,95,249,-154
109900096,267,21,246
109900097,348,2,346
109900098,1256,58,1198
109900099,706,12,694
109900100,130,1,129
109900101,1814,13,1801
109900102,1095,27,1068
109900103,37,91,-54
109900104,2005,146,1859
109900105,1160,37,1123
109900106,709,45,664
109900107,2086,63,2023
109900108,584,484,100
109900109,86,800,-714
109900110,145,198,-53
109900111,106,384,-278
109900112,215,246,-31
109900113,1259,699,560
109900114,899,2257,-1358
109900115,223,168,55
109900117,2469,105,2364
109900118,228,234,-6
109900119,157,567,-410
109900120,193,22,171
109900121,458,309,149
109900122,1159,3,1156
109900123,19,68,-49
109900124,185,245,-60
109900125,4,254,-250
109900126,752,35,717
109900128,696,84,612
109900130,3925,6853,-2928
109900131,82,103,-21
109900132,39,88,-49
109900133,189,268,-79
109900134,59,622,-563
109900135,427,65,362
109900136,121,309,-188
109900137,452,383,69
109900138,223,49,174
109900140,430,182,248
109900142,3662,275,3387
109900145,46,1188,-1142
109900146,235,57,178
109900148,46,95,-49
109900149,102,65,37
109900150,105,88,17
109900151,13,59,-46
109900152,0,38,-38
109900153,5,562,-557
109900154,81,0,81
109900155,128,54,74
109900157,47,102,-55
109900158,106,148,-42
109900159,270,84,186
109900160,348,45,303
109900161,844,109,735
109900162,808,271,537
109900163,514,268,246
109900164,64,337,-273
109900165,556,9,547
109900166,0,89,-89
109900167,298,437,-139
109900168,239,736,-497
109900169,283,192,91
109900170,431,3316,-2885
109900171,635,152,483
109900172,565,670,-105
109900173,1987,4009,-2022
109900174,79,131,-52
109900175,179,254,-75
109900176,381,354,27
109900177,99,129,-30
109900178,12,1254,-1242
109900179,14,309,-295
109900180,20,25,-5
110000001,857,617,240
110000002,680,939,-259
110000003,747,1143,-396
110000004,533,821,-288
110000005,470,2797,-2327
110000006,376,420,-44
110000007,310,154,156
110000008,42,473,-431
110000009,85,50,35
110000010,85,192,-107
110000011,67,56,11
110000012,1477,256,1221
110000013,100,1491,-1391
110000014,937,573,364
110000015,393,1156,-763
110000016,463,2693,-2230
110000017,4440,592,3848
110000018,3521,424,3097
110000019,16,199,-183
110000020,1688,398,1290
110000021,171,910,-739
110000022,2221,140,2081
110000023,9,329,-320
110000024,625,1001,-376
110000025,2219,8,2211
110000026,3,292,-289
110000027,683,3138,-2455
110000028,1633,641,992
110000029,742,655,87
110000030,687,630,57
110000031,385,343,42
110000032,1761,231,1530
110000033,254,630,-376
110000034,1043,768,275
110000035,743,573,170
110000036,2752,922,1830
110000037,429,728,-299
110000038,563,1117,-554
110000039,1678,10985,-9307
110000040,434,441,-7
110000041,434,4057,-3623
110000042,143,1149,-1006
110000043,1198,720,478
110000044,70,2002,-1932
110000045,339,488,-149
110000046,2,64,-62
110000047,14,402,-388
110000048,22,200,-178
110000049,10,53,-43
110000050,10,314,-304
110000051,10,11,-1
110000052,101,21,80
110000053,52,7,45
110000054,213,2654,-2441
110000055,208,391,-183
110000056,122,352,-230
110000057,462,815,-353
110000058,1668,658,1010
110000059,1067,918,149
110000060,2150,1314,836
110000061,602,921,-319
110000062,811,1177,-366
110000063,113,509,-396
110000064,67,49,18
110000065,322,350,-28
110000066,188,40,148
110000067,91,165,-74
110000068,581,116,465
110000069,1286,47,1239
110000071,1052,50,1002
110000073,42,8,34
110000075,98,356,-258
110000076,767,884,-117
110000077,466,2458,-1992
110000078,256,25,231
110000080,320,429,-109
110000081,76,454,-378
110000082,29,516,-487
110000083,448,402,46
110000084,2366,1601,765
110000085,992,1377,-385
110000086,1081,3923,-2842
110000087,40,46,-6
110000088,244,335,-91
110000089,686,102,584
110000090,93,312,-219
110000091,1020,188,832
110000092,35,46,-11
110000093,84,28,56
110000094,807,246,561
110000095,309,982,-673
110000096,1486,3221,-1735
110000097,1112,2357,-1245
110000098,3274,996,2278
110000099,1210,2171,-961
110000100,2804,270,2534
110000101,147,153,-6
110000102,151,33,118
110000104,627,597,30
110000105,57,564,-507
110000106,902,754,148
110000107,183,441,-258
110000108,203,239,-36
110000109,306,425,-119
110000110,2771,4664,-1893
110000111,4740,4529,211
110000112,230,1702,-1472
110000113,88,4495,-4407
110000114,806,1096,-290
110000115,990,456,534
110000116,177,76,101
110000117,764,378,386
110000118,1319,172,1147
110000119,1016,369,647
110000120,688,201,487
110000121,164,698,-534
110000122,345,343,2
110000123,1031,487,544
110000124,2,476,-474
110000125,1622,15,1607
110000126,476,45,431
110000127,1977,279,1698
110000128,26,852,-826
110000129,3,407,-404
110000130,357,699,-342
110000131,92,334,-242
110000132,0,436,-436
110000133,62,666,-604
110000134,19,470,-451
110000135,350,69,281
110000136,89,348,-259
110000137,1345,791,554
110000138,1693,743,950
110000139,2707,471,2236
110000140,1024,1030,-6
110000143,764,484,280
110000144,2440,2502,-62
110000145,2054,2273,-219
110000146,1897,1730,167
110000147,654,2319,-1665
110000148,1211,307,904
110000151,627,2681,-2054
110000152,508,1006,-498
110000153,675,17,658
110000154,136,19,117
110000155,982,2588,-1606
110000156,1028,1872,-844
110000157,1244,2907,-1663
110000160,566,389,177
110000161,442,403,39
110000166,1792,170,1622
110000167,2821,913,1908
110000168,1227,1102,125
110000169,1560,585,975
110000170,385,188,197
110000171,1683,158,1525
110000172,684,589,95
110000173,714,798,-84
110000174,215,497,-282
110000175,2147,161,1986
110000176,56,1354,-1298
110000177,467,2694,-2227
110000178,723,4697,-3974
110000179,2261,394,1867
110000180,933,546,387
110000181,1958,516,1442
110000182,814,226,588
110000183,10395,13764,-3369
110000184,533,6272,-5739
110000185,813,1660,-847
110000186,652,1338,-686
110000191,2749,347,2402
110000192,1077,8,1069
110000193,2319,34,2285
110000194,3,575,-572
110000195,1233,99,1134
110000196,1416,71,1345
110000197,186,50,136
110000198,133,154,-21
110000199,140,874,-734
110000200,834,1097,-263
110000201,1624,3472,-1848
110000202,1754,703,1051
110000203,519,698,-179
110000204,7,265,-258
110000205,596,62,534
110000206,564,1021,-457
110000207,2734,347,2387
110000208,314,555,-241
110000209,56,1083,-1027
110000210,2594,779,1815
110000211,1379,1264,115
110000212,967,2204,-1237
110000213,758,57,701
110000214,987,79,908
110000215,370,215,155
110000216,191,103,88
110000217,1246,137,1109
110000218,337,134,203
110000219,952,45,907
110000220,97,95,2
110000221,1248,20,1228
110000222,97,130,-33
110000223,28,96,-68
110000224,5,7,-2
110000225,356,1291,-935
110000226,644,103,541
110000227,1070,2104,-1034
110000228,814,204,610
110000229,0,99,-99
110000230,873,1070,-197
110000231,524,752,-228
110000232,235,895,-660
110000233,270,1779,-1509
110000234,607,4766,-4159
110000235,3068,1763,1305
110000236,1480,621,859
110000237,4220,2478,1742
110000238,1180,1999,-819
110000239,3322,1654,1668
110000240,0,26,-26
110000242,0,6,-6
110000243,476,48,428
110000244,301,524,-223
110000245,65,334,-269
110000246,1680,631,1049
110000247,1494,3549,-2055
110000248,1314,1115,199
110000249,191,12,179
110000250,34,159,-125
110000251,747,291,456
110000252,829,306,523
110000253,2939,522,2417
110000254,1040,740,300
110000255,207,686,-479
110000256,730,309,421
110000257,496,267,229
110000258,18,988,-970
110000259,574,41,533
110000260,113,120,-7
110000263,908,35,873
110000264,1046,583,463
110000265,2122,2585,-463
110000266,1375,2618,-1243
110000267,47,109,-62
110000268,420,303,117
110000269,1,164,-163
110000270,234,20,214
110000271,2361,326,2035
110000272,1672,1575,97
110000273,1473,1314,159
110000274,449,5671,-5222
110000275,2617,1048,1569
110000276,391,1588,-1197
110000277,583,663,-80
110000278,643,923,-280
110000279,1071,847,224
110000280,1209,806,403
110000281,112,316,-204
110000282,200,31,169
110000283,19,78,-59
110000284,12,12,0
110000285,2,568,-566
110000286,7,0,7
110000287,221,6,215
110000288,1,113,-112
110000289,756,4700,-3944
110000290,591,1130,-539
110000291,4340,1073,3267
110000292,1420,12335,-10915
110000293,1025,561,464
110000294,2400,2727,-327
110000295,289,829,-540
110000296,1446,649,797
110000297,3751,411,3340
110000298,125,463,-338
110000299,227,56,171
110000301,938,29,909
110000302,806,2429,-1623
110000303,965,31,934
110000304,346,209,137
110000305,2570,50,2520
110000306,624,963,-339
110000307,4362,15,4347
110000308,1042,10,1032
110000309,2,903,-901
110000310,1597,33,1564
110000311,8,665,-657
110000312,886,101,785
110000313,2560,2044,516
110000314,0,178,-178
110000315,1959,1931,28
110000316,630,1080,-450
110000317,153,3542,-3389
110000318,1,47,-46
110000319,3,16,-13
110000320,41,102,-61
110000321,33,68,-35
110000322,477,351,126
110000323,959,373,586
110000324,3743,1587,2156
110000325,1944,7171,-5227
110000327,661,382,279
110000328,132,679,-547
110000333,2164,2233,-69
110000334,550,2055,-1505
110000335,888,795,93
110000336,858,1973,-1115
110000337,2917,1055,1862
110000338,742,415,327
110000339,687,417,270
110000340,44,422,-378
110000341,1131,490,641
110000342,226,3,223
110000343,0,11,-11
110000344,106,3095,-2989
110000345,321,3344,-3023
110000346,1844,2846,-1002
110000347,2806,1260,1546
110000348,66,14,52
110000349,9,35,-26
110000350,214,1,213
110000351,2532,745,1787
110000352,1146,2973,-1827
110000353,4558,494,4064
110000354,1897,8031,-6134
110000355,355,36,319
110000356,2728,24,2704
110000357,1218,10,1208
110000361,132,24,108
110000362,184,18,166
110000363,1675,127,1548
110000364,717,895,-178
110000365,286,2,284
110000366,1,206,-205
110000367,987,432,555
110000368,9,114,-105
110000369,197,11,186
110000373,8,1019,-1011
110000374,175,63,112
110000375,144,1413,-1269
110000376,22,122,-100
110000377,116,478,-362
110000378,17,628,-611
110000379,2933,4167,-1234
110000380,155,7,148
110000383,2,841,-839
110000384,1224,274,950
110000385,1,289,-288
110000387,250,3,247
110000388,115,198,-83
110000389,2146,69,2077
110000391,1918,417,1501
110000396,476,223,253
110000397,311,94,217
110000398,10,60,-50
110000399,477,0,477
110000587,184,757,-573
110000589,374,239,135
110000640,332,25,307
110000652,21,971,-950
110000653,586,250,336
110000654,16,372,-356
110000656,1,277,-276
110000674,64,47,17
110000675,39,92,-53
110000676,5,59,-54
110000679,69,1105,-1036
110000682,194,383,-189
110000683,326,460,-134
110000684,0,65,-65
110000685,7,23,-16
110000686,2,218,-216
110000687,13,6,7
110000688,62,2095,-2033
110000689,114,35,79
110000692,39,400,-361
110000693,41,1115,-1074
110000694,0,205,-205
110000695,206,1249,-1043
110000696,113,71,42
110900001,687,37,650
110900002,494,1222,-728
110900003,2498,273,2225
110900004,1102,31,1071
110900005,1702,8796,-7094
110900006,166,88,78
110900007,531,168,363
110900008,7,56,-49
110900009,569,792,-223
110900010,8,44,-36
110900011,38,127,-89
110900012,22,28,-6
110900013,2218,218,2000
110900014,417,41,376
110900015,404,969,-565
110900016,137,49,88
110900017,1137,101,1036
110900018,561,49,512
110900019,768,16,752
110900020,461,218,243
110900021,162,1028,-866
110900022,91,172,-81
110900023,144,972,-828
110900024,112,212,-100
110900025,86,288,-202
110900027,72,144,-72
110900028,74,85,-11
110900029,30,144,-114
110900030,88,119,-31
110900031,0,150,-150
110900032,0,62,-62
110900033,39,299,-260
110900035,30,838,-808
110900036,238,12,226
110900037,455,32,423
110900038,702,201,501
110900039,5,359,-354
110900040,441,15,426
110900041,64,41,23
110900042,176,83,93
110900043,0,55,-55
110900044,583,58,525
110900045,174,299,-125
110900046,11,96,-85
110900047,302,1206,-904
110900049,201,231,-30
110900050,62,7,55
110900051,44,115,-71
110900052,7,205,-198
110900053,420,55,365
110900054,101,224,-123
110900055,35,4,31
110900056,49,129,-80
110900057,1,98,-97
110900058,894,263,631
110900059,1280,188,1092
110900060,472,176,296
110900061,8,70,-62
110900062,472,104,368
110900063,161,64,97
110900064,20,0,20
110900065,59,142,-83
110900066,30,55,-25
110900067,368,1101,-733
110900068,404,265,139
110900069,7,27,-20
110900070,526,91,435
110900071,133,1898,-1765
110900073,0,5,-5
110900074,913,127,786
110900075,886,176,710
110900077,2427,610,1817
110900078,393,12,381
110900079,974,1588,-614
110900080,283,155,128
110900081,35,11,24
110900082,499,92,407
110900083,285,89,196
110900084,194,25,169
110900085,360,209,151
110900086,156,475,-319
110900087,768,348,420
110900088,10,0,10
110900090,102,213,-111
110900091,2,30,-28
110900093,264,177,87
110900095,175,30,145
110900097,71,14,57
110900098,98,96,2
110900099,69,371,-302
110900100,0,17,-17
110900102,106,48,58
110900105,3434,161,3273
110900108,59,26,33
110900111,2287,100,2187
110900112,1186,34,1152
110900113,381,139,242
110900115,28,99,-71
110900116,2457,805,1652
110900118,169,6969,-6800
110900119,1814,199,1615
110900120,361,38,323
110900121,166,1,165
110900122,1006,366,640
110900125,627,1440,-813
110900127,309,1620,-1311
110900128,115,428,-313
110900129,175,1398,-1223
110900130,335,594,-259
110900131,626,359,267
110900132,940,176,764
110900133,173,242,-69
110900135,78,299,-221
110900136,578,20,558
110900137,5,1,4
110900138,545,1666,-1121
110900139,8,789,-781
110900140,11,0,11
110900141,19,800,-781
110900142,116,245,-129
110900143,484,51,433
110900144,0,180,-180
110900145,364,246,118
110900146,192,807,-615
110900147,103,818,-715
110900148,2,458,-456
110900149,6,128,-122
110900150,50,20,30
110900151,8,64,-56
110900152,110,43,67
110900153,435,56,379
111000001,2491,1218,1273
111000002,972,692,280
111000003,4011,2201,1810
111000004,1529,1762,-233
111000005,1711,3147,-1436
111000006,1460,3663,-2203
111000007,7372,9530,-2158
111000008,5193,6248,-1055
111000009,622,1594,-972
111000010,2734,505,2229
111000011,284,946,-662
111000012,653,441,212
111000013,766,1990,-1224
111000014,3268,988,2280
111000017,42,878,-836
111000018,283,434,-151
111000020,907,1135,-228
111000021,73,155,-82
111000023,298,244,54
111000025,4341,5952,-1611
111000029,194,168,26
111000030,40,51,-11
111000031,2353,1095,1258
111000032,914,554,360
111000033,388,176,212
111000034,85,219,-134
111000037,1789,602,1187
111000038,2523,2509,14
111000039,2438,2552,-114
111000040,2045,1520,525
111000041,696,703,-7
111000042,3178,3014,164
111000043,3259,10535,-7276
111000044,3091,986,2105
111000045,5563,2936,2627
111000046,3969,2753,1216
111000047,3909,11865,-7956
111000049,872,466,406
111000050,1788,755,1033
111000051,1034,971,63
111000052,874,1828,-954
111000053,341,693,-352
111000054,453,917,-464
111000055,1164,1894,-730
111000056,238,941,-703
111000057,200,201,-1
111000058,1449,108,1341
111000059,1217,607,610
111000060,9231,1520,7711
111000061,1569,631,938
111000062,2164,997,1167
111000063,1928,1815,113
111000064,1736,802,934
111000065,2449,1287,1162
111000066,1494,550,944
111000067,2440,572,1868
111000068,1615,738,877
111000069,1752,2086,-334
111000070,1047,548,499
111000071,342,320,22
111000072,2292,1073,1219
111000073,365,2683,-2318
111000074,3169,2583,586
111000075,1176,1323,-147
111000076,1351,1903,-552
111000077,1338,1211,127
111000078,2431,765,1666
111000079,1353,1018,335
111000080,1601,684,917
111000081,2284,9015,-6731
111000082,1621,969,652
111000084,1634,905,729
111000085,1705,1429,276
111000086,3483,1336,2147
111000087,1255,641,614
111000088,9483,7519,1964
111000089,1311,687,624
111000090,783,1059,-276
111000091,1131,376,755
111000092,3569,869,2700
111000093,1731,1627,104
111000094,3370,1846,1524
111000095,1761,4889,-3128
111000096,1244,14032,-12788
111000097,3793,1209,2584
111000098,617,1372,-755
111000099,731,2223,-1492
111000100,771,2406,-1635
111000101,655,1158,-503
111000102,463,649,-186
111000104,1712,985,727
111000107,149,972,-823
111000109,1494,416,1078
111000110,2764,1185,1579
111000111,7447,617,6830
111000112,4248,466,3782
111000113,923,3724,-2801
111000114,1667,9073,-7406
111000115,3867,1647,2220
111000116,1253,1194,59
111000117,380,1160,-780
111000118,1094,1218,-124
111000119,2912,1062,1850
111000120,1206,1098,108
111000121,437,1534,-1097
111000122,612,845,-233
111000123,2044,1825,219
111000124,583,2636,-2053
111000125,445,1703,-1258
111000126,160,1094,-934
111000127,2253,312,1941
111000128,5628,684,4944
111000129,6381,783,5598
111000130,5471,696,4775
111000131,6148,676,5472
111000132,3335,3176,159
111000133,484,191,293
111000134,630,87,543
111000135,143,279,-136
111000136,814,419,395
111000138,45,5,40
111000140,12,4,8
111000141,370,758,-388
111000142,10,119,-109
111000143,6,389,-383
111000144,18,1036,-1018
111000145,118,12,106
111000146,194,13,181
111000147,142,37,105
111000148,500,103,397
111000149,18,36,-18
111000150,135,7,128
111000151,61,117,-56
111000153,684,361,323
111000154,428,258,170
111000155,186,181,5
111000156,1384,577,807
111000157,347,731,-384
111000158,1356,1087,269
111000159,3983,1679,2304
111000160,795,357,438
111000161,9,545,-536
111000162,9,76,-67
111000163,1824,1177,647
111000164,456,4708,-4252
111000165,791,233,558
111000166,500,159,341
111000167,151,273,-122
111000168,345,378,-33
111000169,622,325,297
111000170,558,291,267
111000171,643,469,174
111000172,379,651,-272
111000173,388,894,-506
111000174,596,258,338
111000175,67,1074,-1007
111000176,945,84,861
111000177,1782,215,1567
111000178,3398,224,3174
111000179,551,121,430
111000180,386,460,-74
111000181,3974,257,3717
111000182,565,197,368
111000183,348,558,-210
111000184,516,217,299
111000185,735,660,75
111000186,438,603,-165
111000187,402,219,183
111000188,964,582,382
111000189,530,322,208
111000190,519,178,341
111000191,372,168,204
111000192,209,216,-7
111000193,449,177,272
111000194,68,645,-577
111000195,188,1689,-1501
111000196,108,126,-18
111000197,1537,169,1368
111000198,1127,182,945
111000199,639,445,194
111000200,1385,804,581
111000201,1799,135,1664
111000202,1100,111,989
111000203,861,373,488
111000204,456,3299,-2843
111000213,389,622,-233
111000214,2180,1341,839
111000215,1723,1084,639
111000217,2931,851,2080
111000218,2777,1084,1693
111000219,444,244,200
111000220,1279,767,512
111000221,423,252,171
111000224,1,245,-244
111000225,1147,1050,97
111000226,226,10,216
111000227,35,6,29
111000228,4,1203,-1199
111000229,40,2382,-2342
111000230,268,163,105
111000231,2650,494,2156
111000232,1687,1349,338
111000233,3625,721,2904
111000234,399,1498,-1099
111000239,169,72,97
111000240,144,841,-697
111000241,181,131,50
111000242,792,135,657
111000243,325,424,-99
111000244,1777,806,971
111000245,1364,700,664
111000246,1100,207,893
111000247,1199,528,671
111000248,1279,341,938
111000249,1012,318,694
111000250,107,51,56
111000251,131,80,51
111000253,119,43,76
111000255,85,15,70
111000257,171,13,158
111000260,65,723,-658
111000261,2895,171,2724
111000271,57,515,-458
111000273,5242,1510,3732
111000274,2714,5257,-2543
111000275,362,101,261
111000276,377,926,-549
111000277,362,404,-42
111000278,598,296,302
111000291,3259,21705,-18446
111000298,848,350,498
111000299,1502,262,1240
111000300,45,600,-555
111000302,673,82,591
111000303,252,222,30
111000312,87,74,13
111000315,0,91,-91
111000320,253,335,-82
111000321,659,259,400
111000322,1097,199,898
111000323,625,100,525
111000324,425,162,263
111000325,79,85,-6
111000326,491,245,246
111000327,550,406,144
111000328,654,1785,-1131
111000329,2,68,-66
111000330,239,21,218
111000331,16,5,11
111000332,802,1196,-394
111000334,375,1282,-907
111000335,2206,398,1808
111000337,3644,336,3308
111000338,265,200,65
111000339,1650,295,1355
111000340,249,1556,-1307
111000341,3325,2269,1056
111000342,127,937,-810
111000344,2297,668,1629
111000345,366,99,267
111000346,20,151,-131
111000347,320,10,310
111000350,458,148,310
111000351,201,682,-481
111000352,442,194,248
111000353,255,303,-48
111000354,1042,598,444
111000355,699,802,-103
111000358,218,832,-614
111000360,362,240,122
111000361,297,108,189
111000546,1963,1556,407
111000547,655,1772,-1117
111000548,421,315,106
111000549,453,452,1
111000550,51,1792,-1741
111000551,726,164,562
111000552,772,159,613
111000907,2459,128,2331
111000908,321,9,312
111000916,4545,438,4107
111000917,182,274,-92
111000918,450,512,-62
111000920,1563,22,1541
111000921,49,128,-79
111000922,1726,163,1563
111000924,71,539,-468
111000925,7044,3131,3913
111000926,1409,1449,-40
111000927,3146,7537,-4391
111000928,4201,1794,2407
111000929,3227,1716,1511
111000930,1958,1988,-30
111000931,3312,2420,892
111000932,3471,1797,1674
111000933,4650,5322,-672
111000934,2034,1959,75
111000935,4949,1877,3072
111000936,2376,1515,861
111000937,2209,2418,-209
111000938,1947,1181,766
111000939,1683,72,1611
111000940,1696,51,1645
111000941,681,1873,-1192
111000943,1021,205,816
111000944,283,253,30
111000945,459,1562,-1103
111001109,921,1905,-984
111001110,211,434,-223
111001111,302,26,276
111001112,87,7,80
111001113,3,1003,-1000
111001114,981,384,597
111001115,26,2456,-2430
111001116,4823,11034,-6211
111001117,465,4136,-3671
111001120,150,466,-316
111001121,756,89,667
111001122,556,142,414
111001123,599,179,420
111001124,172,53,119
111900001,55,32,23
111900002,265,185,80
111900003,3,122,-119
111900004,12,13,-1
111900006,37,223,-186
111900007,770,21,749
111900008,972,9,963
111900009,890,31,859
111900010,44,439,-395
111900012,25,73,-48
111900013,145,47,98
111900014,2139,12837,-10698
111900015,1,104,-103
111900016,1,53,-52
111900017,0,30,-30
111900018,289,12,277
111900019,5,259,-254
111900020,4,73,-69
111900021,53,67,-14
111900022,40,54,-14
111900023,112,39,73
111900024,61,296,-235
111900025,2,169,-167
111900026,0,29,-29
111900027,10,251,-241
111900028,22,51,-29
111900029,70,24,46
111900030,105,456,-351
111900031,68,64,4
111900032,0,41,-41
111900033,152,47,105
111900034,96,313,-217
111900035,116,646,-530
111900036,0,54,-54
111900038,131,304,-173
111900039,70,362,-292
111900040,0,120,-120
111900042,77,177,-100
111900043,1,104,-103
111900044,96,191,-95
111900046,14,137,-123
111900048,1000,191,809
111900049,14,156,-142
111900050,356,53,303
111900051,0,61,-61
111900052,133,187,-54
111900053,496,4606,-4110
111900054,623,2,621
111900055,10,151,-141
111900056,117,635,-518
111900057,338,38,300
111900058,1473,287,1186
111900059,1572,1186,386
111900060,696,9,687
111900061,8,56,-48
111900062,184,126,58
111900063,519,156,363
111900064,32,61,-29
111900065,418,51,367
111900066,240,316,-76
111900067,3,260,-257
111900068,69,181,-112
111900069,248,43,205
111900070,466,96,370
111900071,0,149,-149
111900072,126,208,-82
111900073,2982,825,2157
111900074,4,300,-296
111900075,102,34,68
111900076,660,312,348
111900077,85,0,85
111900078,1015,147,868
111900079,116,91,25
111900080,196,169,27
111900081,217,114,103
111900082,447,117,330
111900083,646,128,518
111900084,228,6,222
111900085,117,135,-18
111900086,163,29,134
111900087,137,6,131
111900088,1757,81,1676
111900089,317,19,298
111900090,158,252,-94
111900091,1767,33,1734
111900092,275,2,273
111900093,1543,73,1470
111900094,378,0,378
111900095,976,97,879
111900096,734,12,722
111900097,187,1,186
111900098,1311,25,1286
111900099,192,0,192
111900100,240,17,223
111900101,310,11,299
111900102,1790,890,900
111900103,106,345,-239
111900104,188,113,75
111900105,148,377,-229
111900106,389,15,374
111900107,30,101,-71
111900108,76,251,-175
111900109,78,492,-414
111900110,2353,477,1876
111900111,561,40,521
111900112,618,10344,-9726
111900113,634,100,534
111900114,111,45,66
111900115,13,10,3
111900118,798,95,703
111900119,498,170,328
111900122,79,89,-10
111900123,14,49,-35
111900124,70,25,45
111900125,1372,158,1214
111900126,1085,9,1076
111900127,4,302,-298
111900128,76,258,-182
111900129,768,294,474
111900130,452,141,311
111900131,1363,3,1360
111900132,69,415,-346
111900133,9,311,-302
111900134,11,140,-129
111900135,10,79,-69
111900136,63,124,-61
111900137,45,28,17
111900138,81,45,36
111900139,98,51,47
111900140,263,54,209
111900141,206,27,179
111900142,168,44,124
111900143,231,107,124
111900144,0,32,-32
111900145,1,132,-131
111900146,1,77,-76
111900147,50,346,-296
111900148,15,512,-497
111900149,11,202,-191
111900150,76,102,-26
111900151,20,84,-64
111900152,100,94,6
111900153,564,962,-398
111900154,48,1536,-1488
111900155,117,395,-278
111900156,98,111,-13
111900157,350,23,327
111900158,1488,120,1368
111900159,1071,142,929
111900160,807,7,800
111900161,833,3,830
111900162,233,649,-416
111900163,38,154,-116
111900164,177,70,107
111901113,1457,66,1391
111901114,876,603,273
111901115,865,6,859
111901116,278,6,272
111901117,56,225,-169
111901118,30,1554,-1524
111901119,332,105,227
111901120,10,88,-78
111901121,22,82,-60
111901122,6,115,-109
111901123,1084,116,968
111901124,808,25,783
111901125,1922,245,1677
111901126,159,138,21
111901127,794,2852,-2058
111901128,20,146,-126
111901129,5,343,-338
111901130,32,85,-53
111901131,1,343,-342
111901132,191,74,117
111901133,262,2,260
111901134,401,11,390
111901135,94,17,77
111901136,163,58,105
111901137,1,49,-48
111901138,25,33,-8
111901139,3,19,-16
111901140,16,53,-37
111901141,18,94,-76
111901142,7,41,-34
111901143,3,140,-137
111901144,84,86,-2
111901145,79,990,-911
111901146,28,3,25
112000001,4446,1340,3106
112000002,1651,2721,-1070
112000003,6777,1952,4825
112000004,1849,463,1386
112000005,6386,7582,-1196
112000006,1058,664,394
112000007,8668,5535,3133
112000008,6957,6815,142
112000009,4603,1633,2970
112000010,8799,8639,160
112000011,2401,1555,846
112000012,6641,8267,-1626
112000013,1873,4941,-3068
112000014,1145,6162,-5017
112000015,1306,4872,-3566
112000016,4335,8806,-4471
112000017,666,8662,-7996
112000024,1325,265,1060
112000026,2377,1725,652
112000027,1217,1017,200
112000028,986,1271,-285
112000029,1087,1156,-69
112000030,358,46,312
112000031,2531,6542,-4011
112000032,183,8,175
112000033,2166,6754,-4588
112000034,78,39,39
112000035,59,2004,-1945
112000036,299,2952,-2653
112000037,1122,1542,-420
112000038,1359,2513,-1154
112000039,223,74,149
112000040,42,196,-154
112000041,439,482,-43
112000042,1477,281,1196
112000050,2037,1746,291
112000051,2230,5932,-3702
112000054,2282,2009,273
112000057,1317,319,998
112000058,374,462,-88
112000059,1052,730,322
112000061,5191,868,4323
112000062,806,2472,-1666
112000063,271,4546,-4275
112000064,4493,3640,853
112000065,1344,2083,-739
112000066,4466,1932,2534
112000067,608,997,-389
112000068,4572,3912,660
112000069,671,4488,-3817
112000070,2188,2154,34
112000071,1691,2577,-886
112000072,4360,1554,2806
112000073,1590,4011,-2421
112000074,1218,3004,-1786
112000075,1626,2486,-860
112000076,4287,3410,877
112000077,2066,623,1443
112000078,4092,1143,2949
112000079,3993,2141,1852
112000080,1491,1237,254
112000081,1524,1986,-462
112000082,1903,639,1264
112000083,1201,1254,-53
112000084,1766,596,1170
112000085,2711,1129,1582
112000086,3165,1193,1972
112000087,1339,374,965
112000088,1720,288,1432
112000089,723,512,211
112000090,524,423,101
112000091,848,463,385
112000092,3928,1214,2714
112000093,2348,480,1868
112000094,1151,913,238
112000095,1472,480,992
112000096,1320,725,595
112000097,4070,843,3227
112000098,379,602,-223
112000099,1236,3186,-1950
112000100,4061,939,3122
112000101,902,403,499
112000102,2891,509,2382
112000103,630,426,204
112000105,619,500,119
112000106,4454,514,3940
112000107,94,217,-123
112000108,1184,1301,-117
112000109,116,81,35
112000110,3605,908,2697
112000111,962,6511,-5549
112000112,3341,967,2374
112000113,1503,2279,-776
112000114,3852,1268,2584
112000115,794,527,267
112000116,975,1526,-551
112000117,1950,948,1002
112000118,844,926,-82
112000119,604,570,34
112000120,48,284,-236
112000121,746,265,481
112000122,1013,126,887
112000123,1699,196,1503
112000124,998,231,767
112000125,639,616,23
112000126,1193,200,993
112000127,3847,3714,133
112000128,1049,857,192
112000129,316,63,253
112000130,703,181,522
112000131,62,152,-90
112000132,235,246,-11
112000133,713,128,585
112000134,1111,458,653
112000135,2618,1606,1012
112000136,1398,4118,-2720
112000137,2840,8020,-5180
112000138,1937,3071,-1134
112000139,742,1871,-1129
112000140,377,868,-491
112000141,1956,767,1189
112000142,222,365,-143
112000143,2794,342,2452
112000144,562,663,-101
112000145,4991,488,4503
112000146,960,960,0
112000147,3535,1866,1669
112000148,1290,1712,-422
112000149,1049,1360,-311
112000150,935,661,274
112000151,921,283,638
112000152,1847,307,1540
112000153,577,254,323
112000154,302,923,-621
112000155,362,207,155
112000157,642,1917,-1275
112000158,596,326,270
112000159,2511,498,2013
112000167,618,350,268
112000169,277,2223,-1946
112000173,2328,243,2085
112000175,974,467,507
112000176,1286,1526,-240
112000177,1547,576,971
112000178,164,247,-83
112000179,697,113,584
112000180,682,302,380
112000181,1651,1031,620
112000182,3612,694,2918
112000183,37,21,16
112000184,920,418,502
112000185,2741,274,2467
112000187,8344,5013,3331
112000195,384,7,377
112000196,251,7,244
112000197,187,166,21
112000198,49,384,-335
112000199,819,616,203
112000202,1555,2,1553
112000216,85,197,-112
112000230,395,10,385
112000231,2,150,-148
112000256,156,904,-748
112000313,49,66,-17
112000314,142,129,13
112000337,408,2011,-1603
112000352,208,1118,-910
112000392,3876,703,3173
112000398,3884,1133,2751
112000399,1953,13179,-11226
112000400,2553,1187,1366
112000401,1641,1157,484
112000402,6264,7358,-1094
112000403,2739,13000,-10261
112000404,3175,2091,1084
112000405,5704,4775,929
112000406,3424,1275,2149
112000407,16094,10615,5479
112000408,7045,2527,4518
112000409,1694,1768,-74
112000410,491,403,88
112000411,3727,2337,1390
112000412,640,436,204
112000413,5547,8474,-2927
112000414,299,27,272
112000415,190,59,131
112000416,7418,1523,5895
112000417,461,169,292
112000421,99,53,46
112000422,561,333,228
112000424,1844,6307,-4463
112000425,596,406,190
112000426,646,630,16
112000427,0,15,-15
112000428,773,113,660
112000429,3514,3193,321
112000430,4307,7457,-3150
112000431,220,470,-250
112000432,787,746,41
112000433,479,643,-164
112000437,102,94,8
112900001,125,1,124
112900002,1811,211,1600
112900003,86,117,-31
112900004,125,146,-21
112900005,735,124,611
112900006,82,98,-16
112900007,80,39,41
112900008,0,197,-197
112900009,734,391,343
112900010,1109,276,833
112900011,63,455,-392
112900012,2,16,-14
112900013,4,1384,-1380
112900014,4,147,-143
112900015,183,324,-141
112900016,4,755,-751
112900017,430,313,117
112900018,1,102,-101
112900019,40,229,-189
112900020,674,751,-77
112900021,1,131,-130
112900022,186,63,123
112900023,0,51,-51
112900024,16,71,-55
112900025,668,189,479
112900026,8,39,-31
112900027,42,292,-250
112900028,210,91,119
112900029,28,72,-44
112900030,72,38,34
112900031,12,1590,-1578
112900032,417,278,139
112900034,0,35,-35
112900035,4,239,-235
112900036,17,342,-325
112900037,574,388,186
112900038,1309,140,1169
112900039,14,190,-176
112900040,10,2606,-2596
112900041,1347,1460,-113
112900042,219,263,-44
112900043,52,74,-22
112900044,334,259,75
112900045,1019,225,794
112900046,158,88,70
112900047,12,79,-67
112900049,811,35,776
112900050,41,621,-580
112900051,367,303,64
112900052,9,465,-456
112900053,172,416,-244
112900054,584,124,460
112900055,159,112,47
112900056,702,312,390
112900057,64,256,-192
112900058,438,752,-314
112900059,316,1632,-1316
112900060,70,48,22
112900061,251,330,-79
112900062,129,102,27
112900063,28,31,-3
112900064,194,87,107
112900065,15,35,-20
112900066,247,583,-336
112900067,481,66,415
112900068,37,134,-97
112900069,4288,2428,1860
112900071,80,24,56
112900072,689,9761,-9072
112900073,406,408,-2
112900074,232,716,-484
112900075,1953,2932,-979
112900076,114,43,71
112900078,337,1093,-756
112900079,412,128,284
112900080,403,3,400
112900081,107,753,-646
112900082,798,59,739
112900083,389,352,37
112900084,551,461,90
112900085,0,12,-12
112900086,375,0,375
112900087,3001,287,2714
112900088,495,16,479
112900089,1211,157,1054
112900090,142,139,3
112900091,701,38,663
112900092,60,2566,-2506
112900093,1721,44,1677
112900094,75,10,65
112900095,204,0,204
112900096,1318,613,705
112900097,118,304,-186
112900098,267,5,262
112900099,1881,110,1771
112900100,236,5,231
112900101,793,23,770
112900102,146,199,-53
112900103,386,14,372
112900104,275,4,271
112900105,65,0,65
112900106,1092,274,818
112900107,8,1,7
112900108,11,0,11
112900109,436,4,432
112900110,3261,71,3190
112900111,1309,12,1297
112900112,593,1,592
112900113,0,20,-20
112900114,908,20,888
112900115,4008,8,4000
112900116,330,14,316
112900117,104,32,72
112900118,4,57,-53
112900119,1075,18,1057
112900120,756,458,298
112900121,39,104,-65
112900122,22,64,-42
112900123,1136,81,1055
112900124,7,59,-52
112900125,34,401,-367
112900126,232,119,113
112900127,868,160,708
112900128,65,492,-427
112900129,2,634,-632
112900130,525,533,-8
112900131,18,773,-755
112900132,590,674,-84
112900133,18,1917,-1899
112900134,2,568,-566
112900135,204,377,-173
112900136,0,16,-16
112900137,3,420,-417
112900138,31,40,-9
112900139,49,601,-552
112900140,0,86,-86
112900141,1412,31,1381
112900142,80,771,-691
112900143,7,324,-317
112900144,4,325,-321
112900145,5,292,-287
112900146,5,841,-836
112900147,1,490,-489
112900148,102,2,100
112900149,342,332,10
112900151,3,26,-23
112900152,4223,436,3787
112900153,388,11059,-10671
112900154,0,41,-41
112900155,329,29,300
112900156,2134,477,1657
112900157,959,4,955
112900158,200,2,198
112900159,165,704,-539
112900160,80,254,-174
112900161,428,158,270
112900162,45,39,6
112900163,68,88,-20
112900164,82,270,-188
112900165,53,91,-38
112900166,79,268,-189
112900167,18,1178,-1160
112900168,9,0,9
112900169,10,37,-27
112900170,170,138,32
112900172,65,23,42
112900173,112,191,-79
112900174,935,93,842
112900175,214,496,-282
112900176,11,69,-58
112900177,319,146,173
112900178,829,5394,-4565
112900179,50,495,-445
112900180,3860,1417,2443
112900181,2548,17,2531
112900182,182,338,-156
112900183,165,322,-157
112900184,548,472,76
112900185,156,1065,-909
112900186,1214,1308,-94
112900187,86,682,-596
112900188,861,5216,-4355
112900189,35,38,-3
112900190,27,334,-307
112900192,808,642,166
112900193,1236,398,838
112900194,121,38,83
112900195,1028,94,934
112900196,672,406,266
112900197,197,508,-311
112900199,1641,160,1481
112900200,1240,93,1147
112900201,260,297,-37
112900202,1092,419,673
112900203,650,58,592
112900204,857,500,357
112900205,20,5,15
112900206,27,48,-21
112900207,65,0,65
112900208,59,1449,-1390
112900209,138,261,-123
112900210,1,1,0
112900211,137,4,133
112900212,2,24,-22
112900213,76,1,75
112900214,29,24,5
112900215,20,41,-21
112900216,59,26,33
112900217,0,39,-39
112900218,118,25,93
112900219,317,14,303
112900220,0,0,0
112900221,76,72,4
112900222,0,279,-279
112900223,1555,39,1516
112900224,1375,233,1142
112900225,1219,197,1022
112900226,397,429,-32
112900227,1883,306,1577
112900228,164,52,112
112900229,854,20,834
112900230,13539,3364,10175
112900232,764,448,316
112900233,145,156,-11
112900234,49,8,41
112900235,21,14,7
112900236,1361,19,1342
112900237,819,73,746
112900238,23,3,20
112900239,415,1082,-667
113000001,9213,6595,2618
113000002,9868,4930,4938
113000003,4706,2820,1886
113000004,4776,2425,2351
113000005,4088,2685,1403
113000006,2430,2086,344
113000007,4925,2563,2362
113000008,3684,2319,1365
113000009,2865,1466,1399
113000010,3031,1450,1581
113000011,2884,1510,1374
113000012,2663,1096,1567
113000013,862,620,242
113000014,1903,2470,-567
113000015,211,269,-58
113000016,396,796,-400
113000017,212,837,-625
113000018,588,34,554
113000019,353,420,-67
113000020,325,156,169
113000021,2650,1326,1324
113000022,1504,6294,-4790
113000025,230,517,-287
113000026,1179,1589,-410
113000027,977,2511,-1534
113000028,579,4484,-3905
113000029,1705,1386,319
113000030,230,871,-641
113000031,390,351,39
113000032,324,477,-153
113000033,443,567,-124
113000034,328,178,150
113000035,47,58,-11
113000036,33,118,-85
113000037,71,55,16
113000038,34,64,-30
113000039,57,372,-315
113000040,79,121,-42
113000042,1269,1093,176
113000051,4466,4333,133
113000052,4319,635,3684
113000053,1322,616,706
113000054,1622,1556,66
113000055,3952,612,3340
113000056,3872,1428,2444
113000058,886,1436,-550
113000059,1296,364,932
113000060,928,975,-47
113000061,885,1228,-343
113000062,805,691,114
113000063,867,85,782
113000064,334,261,73
113000065,359,515,-156
113000066,1929,235,1694
113000067,5225,1026,4199
113000068,946,440,506
113000069,1007,574,433
113000070,4339,940,3399
113000071,1429,633,796
113000072,1846,949,897
113000073,849,1869,-1020
113000074,1581,521,1060
113000075,2973,984,1989
113000076,624,5148,-4524
113000077,974,1405,-431
113000078,549,2341,-1792
113000079,459,1581,-1122
113000080,812,2048,-1236
113000081,1597,1852,-255
113000082,1460,1757,-297
113000083,879,1334,-455
113000084,2850,1708,1142
113000085,1458,918,540
113000086,1353,3587,-2234
113000087,1577,2531,-954
113000088,4683,2731,1952
113000089,990,2520,-1530
113000090,261,1378,-1117
113000091,251,602,-351
113000094,2500,623,1877
113000095,386,1246,-860
113000096,166,1636,-1470
113000097,2389,846,1543
113000098,205,132,73
113000099,1798,716,1082
113000100,220,616,-396
113000101,189,1258,-1069
113000102,1113,819,294
113000103,7255,584,6671
113000104,1411,4964,-3553
113000105,1892,971,921
113000106,989,447,542
113000107,2354,1643,711
113000108,1798,1180,618
113000109,734,1516,-782
113000110,11915,1457,10458
113000111,351,569,-218
113000112,1496,510,986
113000113,4627,497,4130
113000114,350,1297,-947
113000116,1127,411,716
113000117,1921,313,1608
113000118,60,1363,-1303
113000119,573,775,-202
113000120,130,612,-482
113000121,657,2146,-1489
113000124,676,232,444
113000125,50,2559,-2509
113000127,2089,264,1825
113000128,3617,438,3179
113000129,435,1348,-913
113000133,4605,734,3871
113000134,8,2502,-2494
113000135,7475,6583,892
113000137,1278,3448,-2170
113000139,383,298,85
113000140,123,144,-21
113000141,126,205,-79
113000142,320,655,-335
113000143,475,202,273
113000144,296,395,-99
113000145,193,219,-26
113000146,178,83,95
113000147,394,72,322
113000148,527,161,366
113000149,342,313,29
113000150,686,530,156
113000151,71,46,25
113000152,60,546,-486
113000153,1590,404,1186
113000154,816,3495,-2679
113000155,791,1275,-484
113000156,345,375,-30
113000157,431,436,-5
113000158,1026,255,771
113000159,1928,361,1567
113000160,1053,479,574
113000161,583,313,270
113000162,1621,154,1467
113000163,349,52,297
113000164,50,60,-10
113000166,632,118,514
113000167,138,85,53
113000168,341,128,213
113000169,342,38,304
113000170,155,95,60
113000171,44,197,-153
113000172,755,100,655
113000173,84,54,30
113000174,554,140,414
113000175,1162,94,1068
113000176,1223,115,1108
113000177,392,148,244
113000178,241,277,-36
113000179,715,76,639
113000180,1298,2862,-1564
113000181,1932,1207,725
113000182,189,1028,-839
113000183,430,923,-493
113000184,51,157,-106
113000189,357,1131,-774
113000190,275,237,38
113000192,521,8277,-7756
113000193,1847,4843,-2996
113000194,1352,7117,-5765
113000195,1827,7463,-5636
113000196,662,136,526
113000197,2371,6340,-3969
113000198,266,602,-336
113000199,3560,783,2777
113000201,1116,1067,49
113000202,25172,4717,20455
113000203,109,1227,-1118
113000204,476,9712,-9236
113000205,60,15,45
113000206,12,137,-125
113000207,151,39,112
113000208,73,214,-141
113000209,22,30,-8
113000210,3,47,-44
113000211,116,388,-272
113000212,27,68,-41
113000213,39,149,-110
113000214,405,585,-180
113000234,476,854,-378
113000410,84,241,-157
113000411,1477,2821,-1344
113000412,10412,1725,8687
113000413,1268,3399,-2131
113000414,5765,15873,-10108
113000415,2925,1610,1315
113000416,2776,2495,281
113000417,1320,1837,-517
113000418,7029,5146,1883
113000419,2849,2679,170
113000420,4027,6968,-2941
113000421,7804,8637,-833
113000422,13091,12620,471
113000423,1656,6394,-4738
113000424,3306,15859,-12553
113000425,64,135,-71
113000428,126,113,13
113000430,21,406,-385
113000432,5022,438,4584
113000433,143,1243,-1100
113000434,17,188,-171
113000435,46,143,-97
113000436,18,1088,-1070
113000437,3634,93,3541
113000438,1065,67,998
113000439,70,79,-9
113000440,322,73,249
113000441,334,300,34
113000442,505,63,442
113000443,654,223,431
113000444,988,57,931
113000445,149,134,15
113000446,181,268,-87
113000448,1480,676,804
113000449,375,2025,-1650
113000450,3590,6129,-2539
113000451,5622,891,4731
113000452,127,1206,-1079
113000453,28,1554,-1526
113000454,414,435,-21
113000455,19,3123,-3104
113000456,2411,2880,-469
113000468,1047,156,891
113000469,79,418,-339
113000470,1112,13,1099
113000471,42,724,-682
113000472,111,370,-259
113000474,2527,1309,1218
113000475,2378,1270,1108
113000476,5563,3396,2167
113000477,8763,3303,5460
113000478,4080,3975,105
113000479,215,198,17
113000480,127,816,-689
113000483,0,1,-1
113000485,0,0,0
113000486,0,0,0
113000487,0,0,0
113000488,0,0,0
113000489,0,0,0
113000490,0,0,0
113000491,0,0,0
113000492,0,0,0
113000493,0,0,0
113000495,484,121,363
113000496,290,167,123
113000499,0,2,-2
113000500,0,1,-1
113900001,59,4294,-4235
113900002,62,223,-161
113900003,10,506,-496
113900004,6,707,-701
113900005,8,1291,-1283
113900006,0,129,-129
113900007,104,199,-95
113900008,60,1,59
113900009,117,0,117
113900010,135,2,133
113900011,495,1,494
113900012,205,11,194
113900013,149,21,128
113900014,1742,13,1729
113900015,0,37,-37
113900016,134,0,134
113900017,13,24,-11
113900018,165,260,-95
113900019,440,31,409
113900020,323,9,314
113900022,169,6,163
113900023,79,0,79
113900024,198,96,102
113900025,697,122,575
113900026,152,1,151
113900027,24,87,-63
113900028,67,227,-160
113900029,266,110,156
113900030,812,20,792
113900031,53,3,50
113900032,81,0,81
113900033,47,49,-2
113900035,108,1,107
113900036,141,131,10
113900037,420,396,24
113900038,11,201,-190
113900039,507,57,450
113900040,23,53,-30
113900041,32,2,30
113900042,255,29,226
113900043,326,59,267
113900044,84,394,-310
113900045,317,0,317
113900046,340,1342,-1002
113900047,378,118,260
113900048,294,223,71
113900049,168,719,-551
113900050,667,586,81
113900051,455,161,294
113900052,264,120,144
113900053,784,1512,-728
113900054,75,3,72
113900055,197,575,-378
113900056,230,62,168
113900057,12,35,-23
113900058,262,21,241
113900059,526,262,264
113900060,76,504,-428
113900061,1099,133,966
113900062,257,83,174
113900063,260,48,212
113900064,17,48,-31
113900065,1243,23,1220
113900066,1624,313,1311
113900067,671,998,-327
113900068,449,1645,-1196
113900069,45,54,-9
113900070,173,297,-124
113900071,226,22,204
113900072,219,70,149
113900073,1127,425,702
113900074,544,1781,-1237
113900075,1280,4608,-3328
113900076,208,50,158
113900077,48,153,-105
113900078,101,10,91
113900079,2,31,-29
113900080,926,278,648
113900081,199,120,79
113900082,476,465,11
113900083,1031,117,914
113900084,300,229,71
113900085,66,230,-164
113900086,190,53,137
113900087,123,184,-61
113900088,300,204,96
113900089,698,63,635
113900090,946,415,531
113900091,3,13,-10
113900092,41,239,-198
113900093,112,3078,-2966
113900094,1412,379,1033
113900095,208,275,-67
113900096,645,189,456
113900097,38,248,-210
113900098,1003,379,624
113900099,0,42,-42
113900100,0,0,0
113900101,8,376,-368
113900102,131,270,-139
113900103,318,680,-362
113900104,216,443,-227
113900105,489,36,453
113900106,0,10,-10
113900107,1,10,-9
113900108,103,579,-476
113900109,388,422,-34
113900110,60,46,14
113900111,511,68,443
113900112,569,46,523
113900113,2302,632,1670
113900114,0,19,-19
113900115,0,10,-10
113900116,52,396,-344
113900117,47,75,-28
113900118,189,1653,-1464
113900119,92,320,-228
113900120,226,53,173
113900121,269,94,175
113900122,680,5765,-5085
113900123,1158,220,938
113900124,1,111,-110
113900125,1773,222,1551
113900126,73,105,-32
113900127,505,1000,-495
113900128,547,111,436
113900129,1,247,-246
113900130,3,291,-288
113900131,370,51,319
113900132,48,155,-107
113900133,18,41,-23
113900135,566,852,-286
113900136,122,56,66
113900137,531,475,56
113900138,48,460,-412
113900139,483,630,-147
113900140,30,335,-305
113900141,1474,240,1234
113900142,168,41,127
113900143,17,106,-89
113900144,124,604,-480
113900145,563,228,335
113900146,379,204,175
113900148,77,389,-312
113900149,301,250,51
113900150,450,211,239
113900151,671,278,393
113900152,100,230,-130
113900153,80,447,-367
113900154,0,147,-147
113900155,75,245,-170
113900156,462,363,99
113900157,115,826,-711
113900158,117,704,-587
113900159,11,262,-251
113900160,784,650,134
113900161,260,416,-156
113900162,286,890,-604
113900163,486,179,307
113900164,640,61,579
113900165,959,601,358
113900166,38,93,-55
113900167,672,38,634
113900168,73,58,15
113900169,315,428,-113
113900171,456,63,393
113900172,12,140,-128
113900173,25,267,-242
113900174,789,630,159
113900175,404,143,261
113900176,547,450,97
113900177,281,141,140
113900178,454,292,162
113900179,61,203,-142
113900180,243,107,136
113900181,1777,237,1540
113900182,1002,661,341
113900183,152,37,115
113900184,56,439,-383
113900185,129,56,73
113900186,259,34,225
113900187,45,78,-33
113900188,52,117,-65
113900189,518,291,227
113900190,211,105,106
113900191,90,183,-93
113900192,8,1514,-1506
113900193,3,175,-172
113900194,1713,526,1187
113900195,536,369,167
113900196,7,886,-879
113900197,0,115,-115
113900198,46,999,-953
113900199,49,382,-333
113900200,26,137,-111
113900201,0,60,-60
113900202,45,85,-40
113900203,0,16,-16
113900204,13,414,-401
113900205,3,45,-42
113900206,1,118,-117
113900207,1,61,-60
113900208,0,23,-23
113900209,0,23,-23
113900210,1667,1340,327
113900211,233,43,190
113900212,690,299,391
113900214,307,555,-248
113900215,125,266,-141
113900216,329,362,-33
113900217,256,115,141
113900218,145,134,11
113900219,295,979,-684
113900220,180,353,-173
113900221,358,863,-505
113900222,391,1451,-1060
113900223,413,295,118
113900224,92,104,-12
113900225,2019,202,1817
113900226,632,233,399
113900227,456,727,-271
113900228,278,940,-662
113900229,78,2388,-2310
113900230,2890,5042,-2152
113900231,278,95,183
113900232,337,28,309
113900233,206,98,108
113900234,669,715,-46
113900235,193,23,170
113900236,542,107,435
113900237,348,169,179
113900238,231,871,-640
113900239,141,214,-73
113900240,4,342,-338
113900241,83,147,-64
113900242,18,423,-405
113900243,47,179,-132
113900244,129,171,-42
113900245,514,338,176
113900246,24,27,-3
113900247,78,982,-904
113900248,3046,3284,-238
113900249,584,865,-281
113900250,83,1379,-1296
113900251,2284,138,2146
113900252,1896,79,1817
113900253,1110,61,1049
113900254,724,293,431
113900255,1803,18,1785
113900256,880,46,834
113900257,39,351,-312
113900258,58,202,-144
113900259,1398,89,1309
113900260,508,10,498
113900261,123,82,41
113900262,328,228,100
113900263,16,329,-313
113900264,1,187,-186
113900265,211,710,-499
113900266,90,142,-52
113900267,89,1186,-1097
113900268,354,683,-329
113900269,302,196,106
113900270,408,667,-259
113900271,1052,432,620
113900273,16,50,-34
113900274,70,60,10
113900275,21,417,-396
113900276,2,112,-110
113900277,546,6,540
113900278,168,195,-27
113900279,161,51,110
113900280,1513,758,755
113900281,181,1511,-1330
113900282,407,375,32
113900283,636,990,-354
113900284,2253,144,2109
113900285,108,18,90
113900286,131,61,70
113900287,251,37,214
113900288,2,386,-384
113900289,389,310,79
113900290,555,1154,-599
113900291,142,106,36
113900292,1,16,-15
113900293,6,395,-389
113900294,1359,23,1336
113900295,662,571,91
113900296,2969,481,2488
113900297,3471,71,3400
113900298,67,2658,-2591
113900299,253,28,225
113900300,6255,6634,-379
113900301,628,1442,-814
113900302,1721,1558,163
113900303,226,2277,-2051
113900304,2,138,-136
113900305,381,1,380
113900306,239,1,238
113900307,28,2,26
113900308,57,170,-113
113900309,0,399,-399
113900310,1,5,-4
113900311,50,0,50
113900312,248,310,-62
113900313,21,14,7
114000001,1370,1783,-413
114000002,769,356,413
114000003,299,280,19
114000004,1002,539,463
114000005,834,275,559
114000006,1757,1676,81
114000007,1350,1246,104
114000008,2677,2460,217
114000009,2113,485,1628
114000011,5073,2200,2873
114000012,7119,1918,5201
114000013,3586,1449,2137
114000014,1232,131,1101
114000015,4057,221,3836
114000016,787,150,637
114000017,290,1532,-1242
114000018,199,76,123
114000026,4687,1834,2853
114000027,6225,4292,1933
114000028,2674,5968,-3294
114000038,547,232,315
114000039,147,35,112
114000040,288,760,-472
114000042,331,253,78
114000043,50,44,6
114000044,653,32,621
114000045,22,38,-16
114000046,2151,5754,-3603
114000047,12,193,-181
114000048,213,42,171
114000049,3512,2035,1477
114000050,3301,2023,1278
114000051,5177,2850,2327
114000052,5557,3988,1569
114000053,49,883,-834
114000054,272,990,-718
114000055,609,71,538
114000056,179,1438,-1259
114000057,4648,2103,2545
114000058,135,1977,-1842
114000059,65,2236,-2171
114000060,830,1295,-465
114000061,3391,4661,-1270
114000062,410,1580,-1170
114000063,1408,1494,-86
114000064,1946,6543,-4597
114000065,1346,2253,-907
114000066,1105,1272,-167
114000067,37,1906,-1869
114000068,530,1262,-732
114000069,1891,674,1217
114000070,4210,2037,2173
114000071,1722,999,723
114000072,1266,383,883
114000073,40,31,9
114000074,194,6,188
114000075,123,95,28
114000076,66,76,-10
114000077,4,14,-10
114000078,748,573,175
114000079,576,39,537
114000080,211,134,77
114000081,163,179,-16
114000082,115,508,-393
114000083,166,85,81
114000084,363,141,222
114000085,103,268,-165
114000086,362,311,51
114000087,627,50,577
114000088,66,32,34
114000089,654,275,379
114000090,1217,1971,-754
114000091,1211,1347,-136
114000092,695,520,175
114000093,2039,524,1515
114000094,984,638,346
114000095,431,244,187
114000096,101,465,-364
114000097,206,264,-58
114000098,865,218,647
114000099,1966,120,1846
114000100,2523,409,2114
114000101,787,319,468
114000102,1177,355,822
114000103,166,153,13
114000104,65,252,-187
114000105,641,212,429
114000106,1058,4848,-3790
114000107,964,239,725
114000108,1205,786,419
114000109,1193,4065,-2872
114000110,784,1048,-264
114000111,4075,2119,1956
114000112,705,1012,-307
114000113,1896,630,1266
114000114,470,1065,-595
114000115,2852,907,1945
114000116,1742,2555,-813
114000117,7396,1241,6155
114000118,7186,731,6455
114000119,5669,766,4903
114000120,943,972,-29
114000121,918,839,79
114000122,708,543,165
114000123,4742,580,4162
114000124,2653,739,1914
114000125,1452,1630,-178
114000126,3444,468,2976
114000127,359,206,153
114000128,1585,279,1306
114000130,1069,721,348
114000131,786,123,663
114000132,1026,310,716
114000133,805,1319,-514
114000134,157,70,87
114000138,108,145,-37
114000139,684,802,-118
114000144,1058,989,69
114000145,82,25,57
114000146,209,52,157
114000147,1776,3762,-1986
114000148,1020,3063,-2043
114000149,565,809,-244
114000150,277,803,-526
114000151,788,3142,-2354
114000152,118,59,59
114000153,706,3641,-2935
114000154,731,1029,-298
114000155,1259,6050,-4791
114000156,1089,1462,-373
114000157,500,3123,-2623
114000158,1466,785,681
114000159,118,583,-465
114000160,118,1047,-929
114000161,1343,2753,-1410
114000162,2117,3793,-1676
114000163,15,44,-29
114000165,752,631,121
114000166,608,886,-278
114000167,3174,1725,1449
114000168,841,327,514
114000169,1490,1533,-43
114000170,1117,982,135
114000171,1543,7626,-6083
114000174,442,417,25
114000176,405,819,-414
114000177,767,468,299
114000178,162,71,91
114000179,1355,1119,236
114000180,306,318,-12
114000181,1831,13394,-11563
114000182,1841,3379,-1538
114000183,1640,725,915
114000184,647,930,-283
114000185,2437,1251,1186
114000189,2580,310,2270
114000190,6449,572,5877
114000191,172,672,-500
114000192,187,897,-710
114000193,290,1602,-1312
114000194,2546,1058,1488
114000195,404,437,-33
114000196,1,116,-115
114000197,3980,32,3948
114000198,930,516,414
114000199,1671,1929,-258
114000200,1464,1527,-63
114000201,368,1055,-687
114000202,1414,878,536
114000203,950,944,6
114000204,206,681,-475
114000205,445,2428,-1983
114000206,1318,3533,-2215
114000207,827,2560,-1733
114000208,915,1466,-551
114000209,797,1786,-989
114000210,503,948,-445
114000211,2082,1971,111
114000212,1109,1625,-516
114000213,2645,527,2118
114000214,181,210,-29
114000215,275,136,139
114000216,3375,472,2903
114000217,569,292,277
114000218,806,179,627
114000219,2889,262,2627
114000220,61,1020,-959
114000221,2379,296,2083
114000222,322,964,-642
114000223,1221,200,1021
114000224,128,548,-420
114000225,680,284,396
114000226,403,279,124
114000227,1068,690,378
114000228,1427,787,640
114000229,2436,1604,832
114000230,2715,1100,1615
114000231,1615,1994,-379
114000232,2094,272,1822
114000233,4596,98,4498
114000234,2218,1062,1156
114000235,2622,1753,869
114000236,0,475,-475
114000237,367,866,-499
114000238,244,586,-342
114000239,252,1090,-838
114000240,1444,2448,-1004
114000241,478,2870,-2392
114000242,904,1052,-148
114000243,4199,1368,2831
114000244,1039,525,514
114000245,856,1408,-552
114000246,198,94,104
114000247,911,980,-69
114000248,2939,868,2071
114000249,832,808,24
114000250,1110,336,774
114000251,607,255,352
114000252,75,35,40
114000253,85,168,-83
114000254,91,152,-61
114000255,883,385,498
114000256,586,2432,-1846
114000257,1012,1274,-262
114000258,928,968,-40
114000259,309,2276,-1967
114000260,0,48,-48
114000261,54,60,-6
114000262,659,138,521
114000263,57,1,56
114000264,3139,540,2599
114000265,0,15,-15
114000267,6,4894,-4888
114000268,76,1048,-972
114000270,645,19,626
114000271,452,192,260
114000283,3205,549,2656
114000285,50,113,-63
114000288,275,734,-459
114000289,3599,236,3363
114000293,633,822,-189
114000294,486,583,-97
114000395,2966,33,2933
114000396,856,777,79
114000402,2164,255,1909
114000403,771,264,507
114000405,386,276,110
114000423,820,212,608
114000424,806,779,27
114000425,2111,225,1886
114000426,497,1321,-824
114000427,173,44,129
114000428,79,120,-41
114000429,14,161,-147
114000432,363,101,262
114000434,59,63,-4
114000435,15,57,-42
114000436,3194,540,2654
114000437,2090,21971,-19881
114900001,1380,361,1019
114900002,496,170,326
114900003,1484,397,1087
114900004,409,821,-412
114900005,1060,299,761
114900006,140,170,-30
114900007,434,43,391
114900008,762,192,570
114900010,1119,2564,-1445
114900011,609,186,423
114900013,640,188,452
114900015,148,1344,-1196
114900018,1593,91,1502
114900020,181,131,50
114900022,1,663,-662
114900024,215,185,30
114900025,1021,121,900
114900026,117,198,-81
114900027,348,197,151
114900029,39,21,18
114900030,431,299,132
114900031,1088,14,1074
114900032,963,13,950
114900033,961,3735,-2774
114900034,28,37,-9
114900035,119,643,-524
114900036,453,307,146
114900037,140,98,42
114900038,559,324,235
114900039,1313,175,1138
114900040,243,28,215
114900041,2381,179,2202
114900042,2913,205,2708
114900043,365,145,220
114900044,197,142,55
114900046,113,79,34
114900047,265,6970,-6705
114900048,39,148,-109
114900049,12,86,-74
114900050,140,155,-15
114900051,50,264,-214
114900052,67,375,-308
114900053,159,274,-115
114900054,69,52,17
114900057,310,44,266
114900058,0,32,-32
114900059,259,137,122
114900060,361,781,-420
114900061,84,35,49
114900062,203,485,-282
114900063,162,53,109
114900064,3330,188,3142
114900065,435,1215,-780
114900067,46,710,-664
114900068,32,83,-51
114900069,264,27,237
114900070,989,233,756
114900072,2,315,-313
114900073,2,57,-55
114900074,2052,281,1771
114900075,342,23,319
114900076,6,225,-219
114900080,1014,175,839
114900082,2191,3900,-1709
114900083,415,1065,-650
114900090,1111,248,863
114900091,106,180,-74
114900095,522,79,443
114900096,184,492,-308
114900097,274,6,268
114900098,6,432,-426
114900099,410,47,363
115000001,6419,3213,3206
115000002,7742,9607,-1865
115000003,5216,3255,1961
115000004,8308,10166,-1858
115000005,3024,4006,-982
115000006,2519,3165,-646
115000007,399,461,-62
115000008,741,2218,-1477
115000009,773,731,42
115000010,466,557,-91
115000013,54,313,-259
115000015,62,502,-440
115000016,241,513,-272
115000019,38,992,-954
115000020,636,2182,-1546
115000021,302,518,-216
115000022,720,289,431
115000023,585,728,-143
115000024,902,272,630
115000025,1462,928,534
115000026,314,292,22
115000027,754,348,406
115000028,394,459,-65
115000029,1764,225,1539
115000030,960,918,42
115000031,957,476,481
115000032,11,323,-312
115000033,322,37,285
115000034,178,1789,-1611
115000035,1351,149,1202
115000036,1,780,-779
115000037,868,66,802
115000038,102,221,-119
115000039,3607,7507,-3900
115000040,5985,3768,2217
115000041,3283,7850,-4567
115000042,688,1258,-570
115000043,4787,4281,506
115000044,3805,4373,-568
115000045,4356,1376,2980
115000046,4823,4776,47
115000047,4903,2784,2119
115000048,5111,2797,2314
115000049,2948,4644,-1696
115000050,4940,1724,3216
115000051,2817,8420,-5603
115000052,1412,1234,178
115000053,4766,4230,536
115000054,761,1681,-920
115000055,288,1550,-1262
115000056,136,453,-317
115000057,699,2324,-1625
115000058,41,696,-655
115000059,159,550,-391
115000061,216,482,-266
115000062,541,1143,-602
115000063,893,595,298
115000064,484,248,236
115000065,104,631,-527
115000067,597,55,542
115000069,234,386,-152
115000070,60,2056,-1996
115000071,166,49,117
115000072,12,41,-29
115000073,3517,147,3370
115000075,168,98,70
115000076,3075,2580,495
115000077,3494,1500,1994
115000078,3469,1209,2260
115000079,3215,1427,1788
115000080,7041,1729,5312
115000081,334,591,-257
115000082,11180,8220,2960
115000083,4124,955,3169
115000084,5360,1257,4103
115000085,2760,1236,1524
115000086,2528,1288,1240
115000087,1070,3025,-1955
115000088,2259,1268,991
115000089,2756,1679,1077
115000090,793,1350,-557
115000091,407,628,-221
115000092,1430,1900,-470
115000093,1394,4,1390
115000094,6308,13345,-7037
115000095,5409,14231,-8822
115000096,2162,999,1163
115000097,3658,3127,531
115000098,3571,738,2833
115000099,4523,1835,2688
115000100,3109,493,2616
115000101,1192,1158,34
115000102,846,299,547
115000103,646,519,127
115000105,223,146,77
115000106,1720,1011,709
115000107,372,282,90
115000108,2751,1965,786
115000109,4975,7504,-2529
115000110,1951,3530,-1579
115000111,494,1047,-553
115000112,1118,1221,-103
115000113,596,864,-268
115000114,1187,682,505
115000116,3800,2443,1357
115000117,2564,3454,-890
115000118,3492,2174,1318
115000119,2539,2759,-220
115000120,984,1723,-739
115000121,711,856,-145
115000122,935,2988,-2053
115000123,2499,3057,-558
115000124,1340,2041,-701
115000125,727,3148,-2421
115000126,246,1147,-901
115000127,699,378,321
115000128,428,1788,-1360
115000129,343,1172,-829
115000130,889,639,250
115000131,1319,417,902
115000132,843,743,100
115000133,1418,343,1075
115000134,586,1265,-679
115000135,284,392,-108
115000136,389,638,-249
115000137,130,363,-233
115000138,638,384,254
115000139,488,328,160
115000140,822,362,460
115000141,409,139,270
115000142,416,83,333
115000143,1657,1562,95
115000144,713,107,606
115000145,452,343,109
115000146,929,1512,-583
115000147,494,982,-488
115000148,711,738,-27
115000149,1560,442,1118
115000150,1146,809,337
115000151,2362,563,1799
115000152,1562,2080,-518
115000153,2672,683,1989
115000154,1862,305,1557
115000155,1475,1932,-457
115000156,1183,1548,-365
115000157,685,2780,-2095
115000158,893,914,-21
115000159,665,2057,-1392
115000160,1162,1307,-145
115000161,1645,550,1095
115000162,548,1519,-971
115000163,792,777,15
115000164,651,1157,-506
115000165,355,988,-633
115000167,119,370,-251
115000168,713,1393,-680
115000169,394,1967,-1573
115000170,125,265,-140
115000171,354,883,-529
115000172,1293,1224,69
115000173,586,2151,-1565
115000174,139,1170,-1031
115000175,286,282,4
115000176,128,324,-196
115000177,39,346,-307
115000178,15,243,-228
115000179,18,146,-128
115000180,270,342,-72
115000181,1642,261,1381
115000182,2761,523,2238
115000183,1017,987,30
115000186,1180,268,912
115000187,275,491,-216
115000188,899,786,113
115000189,485,560,-75
115000190,1487,1594,-107
115000191,549,1091,-542
115000194,111,182,-71
115000195,234,688,-454
115000196,549,227,322
115000197,555,155,400
115000198,1248,272,976
115000199,1142,156,986
115000200,893,285,608
115000201,442,252,190
115000206,882,62,820
115000207,861,665,196
115000208,762,2129,-1367
115000209,1469,1003,466
115000210,373,567,-194
115000211,847,355,492
115000212,1856,611,1245
115000224,296,86,210
115000225,226,55,171
115000229,275,100,175
115000230,238,695,-457
115000231,553,1210,-657
115000232,5094,654,4440
115000233,177,400,-223
115000234,91,541,-450
115000241,351,496,-145
115000242,528,117,411
115000243,335,158,177
115000244,8,423,-415
115000246,64,33,31
115000247,44,71,-27
115000248,167,25,142
115000249,41,11,30
115000250,420,41,379
115000251,863,133,730
115000252,251,424,-173
115000253,43,984,-941
115000258,1182,78,1104
115000259,827,173,654
115000261,79,21,58
115000262,39,38,1
115000263,48,77,-29
115000264,26,52,-26
115000267,75,135,-60
115000268,33,115,-82
115000269,140,39,101
115000270,7,33,-26
115000272,210,125,85
115000273,1286,41,1245
115000280,1725,524,1201
115000281,395,833,-438
115000282,954,2413,-1459
115000284,157,445,-288
115000296,520,7,513
115000297,212,618,-406
115000298,125,1071,-946
115000300,350,298,52
115000302,1335,230,1105
115000303,2275,106,2169
115000304,2109,139,1970
115000305,154,389,-235
115000306,474,254,220
115000307,356,403,-47
115000308,40,30,10
115000309,28,173,-145
115000310,4312,830,3482
115000311,2617,1620,997
115000313,458,258,200
115000314,1218,489,729
115000315,1624,1659,-35
115000316,186,352,-166
115000317,391,942,-551
115000318,1887,709,1178
115000319,263,246,17
115000320,103,745,-642
115000321,1300,52,1248
115000322,149,141,8
115000449,262,331,-69
115000557,6,4078,-4072
115000558,217,398,-181
115000587,1503,531,972
115000588,3039,4501,-1462
115000589,6796,5397,1399
115000590,1223,3091,-1868
115000591,1945,1696,249
115000592,620,2637,-2017
115000593,2075,1879,196
115000594,320,3342,-3022
115000609,593,175,418
115000617,542,3605,-3063
115000624,911,85,826
115000633,678,1820,-1142
115000634,5586,1198,4388
115000635,1156,224,932
115000638,468,387,81
115000641,136,645,-509
115000642,485,317,168
115000643,164,432,-268
115000644,210,420,-210
115000646,1020,1866,-846
115000647,306,841,-535
115000648,6060,1163,4897
115000893,3127,1685,1442
115000894,229,1119,-890
115000895,379,1262,-883
115000896,2224,825,1399
115000897,554,192,362
115000898,707,642,65
115000899,382,2270,-1888
115000900,109,809,-700
115000901,122,293,-171
115000912,738,135,603
115000913,2,11,-9
115000915,11,1,10
115000916,0,0,0
115000917,0,12,-12
115000918,121,1209,-1088
115000919,1,145,-144
115000920,35,170,-135
115000921,628,170,458
115000922,574,1640,-1066
115000923,90,2860,-2770
115000925,207,239,-32
115000927,66,179,-113
115000933,47,876,-829
115000934,186,228,-42
115000935,415,56,359
115000936,115,1990,-1875
115000937,992,434,558
115000938,33,245,-212
115000939,15,88,-73
115900001,386,37,349
115900002,141,125,16
115900003,375,178,197
115900004,0,73,-73
115900005,432,46,386
115900006,183,237,-54
115900008,271,4,267
115900009,74,831,-757
115900010,1021,165,856
115900011,949,556,393
115900012,553,4,549
115900013,487,193,294
115900014,265,219,46
115900015,488,122,366
115900016,172,56,116
115900017,61,13,48
115900018,292,62,230
115900019,331,34,297
115900020,220,0,220
115900021,1149,659,490
115900022,1586,58,1528
115900023,18,16,2
115900025,53,311,-258
115900026,874,157,717
115900027,1,215,-214
115900028,344,57,287
115900029,47,169,-122
115900030,39,44,-5
115900031,58,425,-367
115900032,534,1003,-469
115900033,2,81,-79
115900034,46,167,-121
115900035,130,49,81
115900036,127,5184,-5057
115900037,100,146,-46
115900038,56,15,41
115900039,265,112,153
115900041,145,1723,-1578
115900042,59,18,41
115900043,269,73,196
115900044,251,1000,-749
115900046,1323,163,1160
115900047,133,353,-220
115900049,421,213,208
115900051,21,23,-2
115900052,83,76,7
115900053,933,124,809
115900054,587,22,565
115900055,43,51,-8
115900056,525,120,405
115900057,11,31,-20
115900058,13,50,-37
115900060,169,371,-202
115900061,589,9,580
115900062,141,109,32
115900063,47,5,42
115900064,569,471,98
115900065,353,135,218
115900066,73,154,-81
115900067,72,84,-12
115900068,1277,2322,-1045
115900069,93,278,-185
115900070,414,39,375
115900071,0,186,-186
115900072,14,171,-157
115900073,281,191,90
115900074,6,58,-52
115900075,105,172,-67
115900076,20,13,7
115900077,0,46,-46
115900078,59,418,-359
115900079,692,33,659
115900080,160,117,43
115900081,145,18,127
115900082,222,1478,-1256
115900084,1105,17,1088
115900085,55,174,-119
115900086,1487,665,822
115900088,3,130,-127
115900089,903,327,576
115900090,1123,20,1103
115900091,8,128,-120
115900092,115,92,23
115900093,12,47,-35
115900094,11,66,-55
115900096,11,3,8
115900097,38,77,-39
115900098,694,235,459
115900099,133,577,-444
115900100,38,232,-194
115900101,766,144,622
115900102,152,196,-44
115900103,653,133,520
115900104,240,173,67
115900105,540,310,230
115900106,276,2,274
115900107,131,101,30
115900108,344,13,331
115900109,12,274,-262
115900110,89,1,88
115900111,2,56,-54
115900112,126,479,-353
115900113,145,127,18
115900114,58,80,-22
115900115,188,141,47
115900116,288,551,-263
115900117,218,66,152
115900118,3,81,-78
115900119,336,94,242
115900120,82,235,-153
115900121,517,201,316
115900124,253,1485,-1232
115900125,1133,262,871
115900126,1851,66,1785
115900127,1801,99,1702
115900128,3,222,-219
115900129,958,76,882
115900130,13,1424,-1411
115900131,783,42,741
115900132,1303,5,1298
115900134,629,4,625
115900135,1360,991,369
115900137,31,12,19
115900139,23,134,-111
115900140,734,60,674
115900141,5,71,-66
115900142,4,71,-67
115900143,639,687,-48
115900144,670,373,297
115900146,16,78,-62
115900147,299,519,-220
115900148,37,43,-6
115900149,435,22,413
115900150,186,42,144
115900151,236,107,129
115900152,418,173,245
115900153,317,123,194
115900154,536,658,-122
115900155,0,31,-31
115900156,1188,1299,-111
115900157,739,864,-125
115900158,31,12,19
115900159,650,340,310
115900160,17,36,-19
115900161,64,173,-109
115900163,612,210,402
115900164,1803,19,1784
115900165,8,525,-517
115900166,155,183,-28
115900168,520,162,358
115900171,219,380,-161
115900172,111,207,-96
115900173,421,136,285
115900174,219,426,-207
115900175,289,292,-3
115900178,12,142,-130
115900179,712,7,705
115900180,243,74,169
115900181,712,71,641
115900182,1335,60,1275
115900183,11,299,-288
115900184,564,23,541
115900187,17,517,-500
115900189,0,265,-265
115900190,365,1808,-1443
115900191,44,290,-246
115900192,79,193,-114
115900193,238,367,-129
115900194,2087,70,2017
115900195,770,5889,-5119
115900198,826,337,489
115900199,663,56,607
115900200,466,115,351
115900201,238,619,-381
115900202,0,306,-306
115900203,8,21,-13
115900204,0,29,-29
115900205,5,14,-9
115900206,795,243,552
115900207,160,8,152
115900208,252,100,152
115900209,5,87,-82
115900210,4,511,-507
115900211,2,224,-222
115900212,447,197,250
115900213,148,281,-133
115900214,1165,168,997
115900215,25,352,-327
115900216,2,69,-67
115900217,8,32,-24
115900218,4,22,-18
115900219,320,9,311
115900220,589,12,577
115900221,214,45,169
115900222,125,67,58
115900223,9,781,-772
115900224,940,3413,-2473
115900225,172,70,102
115900226,25,163,-138
115900227,9,73,-64
115900228,11,65,-54
115900229,97,83,14
115900230,99,43,56
115900231,269,5,264
115900232,178,2,176
115900233,355,10,345
115900234,210,113,97
115900235,97,108,-11
115900236,47,847,-800
115900237,73,83,-10
115900238,20,43,-23
115900239,22,76,-54
115900240,82,37,45
115900241,509,31,478
115900242,894,904,-10
115900243,11,17,-6
115900244,24,19,5
115900245,137,17,120
115900246,11,10,1
115900247,0,24,-24
115900248,4,1,3
115900249,14,8,6
115900250,66,6,60
115900251,12,8,4
115900252,10,2,8
115900253,52,19,33
115900254,32,45,-13
115900255,2,39,-37
115900256,140,113,27
115900257,15,108,-93
115900258,2,3,-1
115900259,2,13,-11
115900260,17,13,4
115900261,7,1,6
115900262,12,1,11
115900263,28,5,23
115900264,68,6,62
115900265,6,4,2
115900266,11,5,6
115900267,1,12,-11
115900268,7,38,-31
115900269,1804,379,1425
115900270,734,176,558
115900271,337,0,337
115900272,83,32,51
115900273,20,59,-39
115900274,1,3,-2
115900275,12,6,6
115900276,0,10,-10
115900277,0,46,-46
115900278,117,70,47
115900279,79,445,-366
115900280,78,1764,-1686
115900281,195,400,-205
115900282,40,39,1
115900283,3,0,3
115900284,0,0,0
116000001,11636,2839,8797
116000002,8698,23692,-14994
116000003,1855,2243,-388
116000004,5816,9319,-3503
116000005,1459,7370,-5911
116000006,4568,8999,-4431
116000007,2449,6284,-3835
116000008,9090,5965,3125
116000009,1190,1136,54
116000010,5126,2683,2443
116000011,939,1330,-391
116000012,3672,1911,1761
116000013,6091,8479,-2388
116000014,17894,37945,-20051
116000015,439,3603,-3164
116000016,8135,10611,-2476
116000017,114,1009,-895
116000018,885,805,80
116000019,2961,442,2519
116000020,964,2242,-1278
116000021,1967,441,1526
116000022,1037,707,330
116000023,3438,2415,1023
116000024,950,1677,-727
116000025,1916,1557,359
116000026,1817,7160,-5343
116000027,732,1376,-644
116000028,713,1675,-962
116000029,619,583,36
116000030,913,1028,-115
116000031,47,257,-210
116000032,593,148,445
116000033,1415,770,645
116000034,1097,1277,-180
116000035,1044,444,600
116000036,511,4665,-4154
116000037,229,867,-638
116000038,145,2434,-2289
116000039,462,1874,-1412
116000040,734,2975,-2241
116000041,130,1633,-1503
116000042,1514,1772,-258
116000043,298,533,-235
116000044,10,29,-19
116000045,2016,2300,-284
116000046,1292,2533,-1241
116000047,4012,5136,-1124
116000048,5538,1618,3920
116000049,3168,3458,-290
116000050,2459,1922,537
116000051,4354,3824,530
116000052,5060,4415,645
116000053,4144,1415,2729
116000054,1991,3562,-1571
116000055,1887,1601,286
116000056,2812,1689,1123
116000057,4367,1604,2763
116000058,9140,5294,3846
116000059,4392,7275,-2883
116000060,5090,2295,2795
116000061,739,2086,-1347
116000062,1082,635,447
116000063,939,3241,-2302
116000066,652,1122,-470
116000067,565,594,-29
116000068,293,583,-290
116000069,785,289,496
116000078,1062,1123,-61
116000080,2541,574,1967
116000082,16,12,4
116000083,3150,510,2640
116000084,1694,2111,-417
116000085,2578,3155,-577
116000086,1013,648,365
116000087,4102,2438,1664
116000088,2441,1486,955
116000089,251,146,105
116000090,406,285,121
116000091,251,1112,-861
116000093,1366,354,1012
116000094,2611,703,1908
116000095,1131,791,340
116000096,3988,5538,-1550
116000097,1812,860,952
116000098,120,21857,-21737
116000099,10778,740,10038
116000100,581,63,518
116000101,2745,1115,1630
116000102,455,922,-467
116000103,1425,528,897
116000104,351,1605,-1254
116000105,3213,190,3023
116000106,751,4440,-3689
116000107,5020,1355,3665
116000108,80,1236,-1156
116000111,232,33,199
116000113,195,148,47
116000114,22,100,-78
116000115,447,157,290
116000116,463,279,184
116000117,2089,1856,233
116000118,2820,1127,1693
116000119,5517,2084,3433
116000120,3621,2623,998
116000121,1734,594,1140
116000122,1230,922,308
116000123,2124,812,1312
116000124,772,549,223
116000125,5751,983,4768
116000126,565,516,49
116000127,1405,626,779
116000128,3687,1099,2588
116000129,2781,184,2597
116000130,1727,1040,687
116000133,3406,1122,2284
116000134,2164,1321,843
116000135,5301,1844,3457
116000136,1274,1846,-572
116000137,1803,1532,271
116000138,2173,912,1261
116000139,3635,9191,-5556
116000140,296,555,-259
116000141,1274,600,674
116000142,4206,2205,2001
116000143,3469,2022,1447
116000144,3343,2322,1021
116000145,4180,1289,2891
116000146,1706,200,1506
116000147,546,681,-135
116000148,1921,2904,-983
116000149,1259,1508,-249
116000151,928,1255,-327
116000153,278,609,-331
116000155,433,895,-462
116000156,1876,893,983
116000157,133,18,115
116000158,963,197,766
116000159,6,19,-13
116000160,78,115,-37
116000161,10,150,-140
116000162,206,513,-307
116000163,131,86,45
116000164,101,157,-56
116000177,205,1122,-917
116000194,124,509,-385
116000195,2841,825,2016
116000196,271,31,240
116000197,159,96,63
116000198,3183,2010,1173
116000200,1559,1502,57
116000201,944,943,1
116000202,24,377,-353
116000203,3,33,-30
116000204,20,33,-13
116000205,1,109,-108
116000206,1,331,-330
116000207,31,156,-125
116000233,276,876,-600
116000287,609,183,426
116000288,581,328,253
116000292,253,304,-51
116000296,10,96,-86
116000297,173,13,160
116000304,526,17,509
116000305,38,195,-157
116000346,555,316,239
116000352,336,291,45
116000354,104,115,-11
116000357,32,58,-26
116000358,1097,340,757
116000361,67,2,65
116000372,4843,14143,-9300
116000381,266,1,265
116000388,3,90,-87
116000389,1636,399,1237
116000445,1986,352,1634
116000446,1063,378,685
116000447,61,1144,-1083
116000448,961,128,833
116000563,1195,1225,-30
116000565,36,321,-285
116000566,8,39,-31
116000568,70,852,-782
116000579,15,90,-75
116000584,138,2,136
116000585,104,62,42
116000586,92,167,-75
116000587,434,448,-14
116000589,85,72,13
116000590,336,196,140
116000591,511,305,206
116000592,3,38,-35
116000593,1,22,-21
116000594,2811,135,2676
116000595,1547,108,1439
116000596,400,9,391
116000597,1227,558,669
116000598,50,120,-70
116000602,71,1528,-1457
116000605,217,271,-54
116000606,141,1676,-1535
116000607,3,233,-230
116000609,146,2886,-2740
116000611,466,242,224
116000612,2802,2839,-37
116000613,1179,393,786
116000614,974,271,703
116000615,3,994,-991
116000616,130,95,35
116000617,367,25,342
116000618,18,98,-80
116000619,62,210,-148
116000620,510,218,292
116000621,193,150,43
116000622,206,133,73
116000624,199,535,-336
116000627,154,34,120
116000628,191,290,-99
116000629,57,218,-161
116000630,2431,58,2373
116000631,1590,44,1546
116000632,1546,71,1475
116000633,104,231,-127
116000634,1304,26,1278
116000635,3088,5861,-2773
116000636,400,2479,-2079
116000637,896,18,878
116000638,5,243,-238
116900001,823,152,671
116900002,457,1,456
116900003,131,9,122
116900004,78,179,-101
116900005,548,46,502
116900006,137,927,-790
116900007,219,560,-341
116900008,1830,191,1639
116900009,35,30,5
116900010,0,714,-714
116900011,42,245,-203
116900012,462,784,-322
116900013,6,134,-128
116900014,421,115,306
116900015,1217,112,1105
116900016,346,4,342
116900017,11,511,-500
116900018,206,220,-14
116900019,4,171,-167
116900020,849,3739,-2890
116900023,121,19,102
116900024,1753,64,1689
116900025,2640,1027,1613
116900026,207,632,-425
116900027,112,119,-7
116900028,16,46,-30
116900029,2,338,-336
116900031,1,5,-4
116900032,0,157,-157
116900033,64,23,41
116900034,101,24,77
116900035,298,364,-66
116900036,26,157,-131
116900038,24,2,22
116900041,270,31,239
116900042,337,206,131
116900043,17,97,-80
116900047,69,384,-315
116900049,95,514,-419
116900050,50,324,-274
116900051,885,28,857
116900052,382,100,282
116900055,0,120,-120
116900057,47,171,-124
116900058,34,375,-341
116900059,1,44,-43
116900060,869,632,237
116900062,2,47,-45
116900064,131,230,-99
116900065,5,200,-195
116900067,281,64,217
116900068,209,127,82
116900070,5,14,-9
116900072,45,161,-116
116900073,12,140,-128
116900074,6,54,-48
116900076,80,107,-27
116900077,4,30,-26
116900078,172,35,137
116900079,112,187,-75
116900080,4,41,-37
116900081,293,944,-651
116900082,150,1459,-1309
116900083,22,8,14
116900084,61,90,-29
116900085,21,137,-116
116900086,82,323,-241
116900088,553,49,504
116900090,23,23,0
116900091,1256,82,1174
116900092,143,448,-305
116900093,4926,1889,3037
116900094,6298,11100,-4802
116900095,675,814,-139
116900096,243,673,-430
116900097,1728,7166,-5438
116900098,1321,549,772
116900099,295,1525,-1230
116900100,1930,214,1716
116900101,290,1114,-824
116900103,48,0,48
116900104,28,580,-552
116900105,688,370,318
116900106,6265,282,5983
116900107,1991,5542,-3551
116900110,30,0,30
116900111,1535,379,1156
116900112,404,483,-79
116900113,2183,6200,-4017
116900116,41,1608,-1567
116900117,440,1037,-597
116900118,2235,1028,1207
116900120,664,104,560
116900121,472,96,376
116900122,2015,524,1491
116900123,1307,364,943
116900124,267,464,-197
116900125,1330,176,1154
116900126,266,1345,-1079
116900128,4,72,-68
116900129,0,358,-358
116900130,2197,9460,-7263
116900131,149,489,-340
116900132,177,140,37
116900133,389,265,124
116900134,466,395,71
116900136,520,422,98
116900137,404,234,170
116900138,160,110,50
116900139,59,330,-271
116900140,246,122,124
116900141,578,123,455
116900142,16,82,-66
116900143,644,163,481
116900144,122,58,64
116900145,171,605,-434
116900147,240,3046,-2806
116900148,7,39,-32
116900149,61,539,-478
116900150,30,16,14
116900151,164,94,70
116900153,281,174,107
116900154,392,1104,-712
116900155,107,302,-195
116900157,1921,109,1812
116900158,175,487,-312
116900159,120,701,-581
116900160,1701,1213,488
116900161,7052,18482,-11430
116900162,28,127,-99
116900163,531,86,445
116900164,223,91,132
116900165,1451,590,861
116900166,155,56,99
116900167,956,41,915
116900168,1232,81,1151
116900169,423,3621,-3198
116900170,1197,521,676
116900171,115,196,-81
116900172,187,874,-687
116900173,782,15,767
116900174,39,311,-272
116900175,476,906,-430
116900178,161,109,52
116900179,51,727,-676
116900180,139,5,134
116900182,2113,451,1662
116900183,411,173,238
116900185,40,65,-25
116900186,234,105,129
116900187,122,223,-101
116900188,280,37,243
116900189,124,3,121
116900191,237,452,-215
116900192,727,190,537
116900194,224,2835,-2611
116900195,74,18,56
116900196,47,28,19
116900197,255,53,202
116900198,82,582,-500
116900200,160,8,152
116900201,459,9,450
116900202,111,44,67
116900203,335,14,321
116900204,62,720,-658
116900206,34,2,32
116900207,34,163,-129
116900208,4,72,-68
116900209,45,40,5
116900210,1260,556,704
116900211,304,22,282
116900212,200,11,189
116900213,467,225,242
116900214,717,445,272
116900215,111,74,37
116900216,636,385,251
116900218,20,322,-302
116900219,464,275,189
116900220,266,473,-207
116900221,466,443,23
116900222,657,388,269
116900223,86,265,-179
116900226,370,36,334
116900227,560,44,516
116900228,639,343,296
116900230,151,107,44
116900231,79,248,-169
116900232,38,519,-481
116900233,595,154,441
116900234,48,13,35
116900235,349,239,110
116900238,949,289,660
116900239,2,1107,-1105
116900240,5816,7648,-1832
116900241,222,48,174
116900242,408,1969,-1561
116900243,5,143,-138
116900245,141,68,73
116900246,158,40,118
116900247,1696,75,1621
116900248,82,61,21
116900249,1049,38,1011
116900250,861,109,752
116900251,541,2449,-1908
116900252,565,2675,-2110
116900253,272,101,171
116900254,178,215,-37
116900255,179,201,-22
116900256,1330,180,1150
116900257,265,1282,-1017
116900258,12,32,-20
116900259,610,57,553
116900260,0,28,-28
116900261,180,3,177
116900262,366,512,-146
116900263,4,10,-6
116900264,1,9,-8
116900265,248,0,248
116900266,48,12,36
116900267,19,2,17
116900268,53,325,-272
116900269,737,2521,-1784
116900271,901,1116,-215
116900272,963,661,302
116900273,70,1267,-1197
116900274,394,79,315
116900275,805,93,712
116900276,628,1006,-378
116900277,297,106,191
116900278,2,3,-1
116900279,7,37,-30
116900280,155,18,137
116900281,4477,11991,-7514
116900282,4,20,-16
116900283,5,39,-34
116900284,23,135,-112
116900285,236,954,-718
116900286,206,20,186
116900287,45,29,16
116900288,261,48,213
116900289,50,1,49
116900290,35,8,27
116900291,89,6,83
116900292,1,53,-52
116900293,161,2,159
116900294,54,187,-133
116900295,408,888,-480
116900296,94,560,-466
116900297,2,202,-200
116900298,63,274,-211
116900299,44,525,-481
116900300,3,175,-172
116900301,43,1240,-1197
116900302,28,296,-268
116900303,299,243,56
116900304,1,252,-251
116900305,40,106,-66
116900306,608,61,547
117000001,4959,7480,-2521
117000002,2607,7181,-4574
117000003,9725,7642,2083
117000004,3103,10358,-7255
117000005,5895,4969,926
117000006,1390,3574,-2184
117000007,12569,2311,10258
117000008,1715,3972,-2257
117000009,7355,2560,4795
117000010,1536,2798,-1262
117000011,5501,2875,2626
117000012,3130,1774,1356
117000013,4715,2540,2175
117000014,2199,3260,-1061
117000015,6885,3163,3722
117000016,497,990,-493
117000017,83,3894,-3811
117000018,266,1883,-1617
117000019,95,7,88
117000020,1921,4025,-2104
117000021,5016,851,4165
117000022,315,1034,-719
117000023,118,1025,-907
117000024,227,2548,-2321
117000025,149,9093,-8944
117000026,2494,7885,-5391
117000027,3011,5673,-2662
117000028,1565,5429,-3864
117000030,469,822,-353
117000031,799,724,75
117000032,2267,4018,-1751
117000033,3295,2143,1152
117000034,525,404,121
117000035,726,878,-152
117000036,1140,603,537
117000037,584,464,120
117000038,712,1042,-330
117000039,531,718,-187
117000040,181,810,-629
117000041,2186,126,2060
117000044,23,785,-762
117000045,2298,740,1558
117000046,686,1991,-1305
117000047,1394,1751,-357
117000048,2031,1826,205
117000049,96,597,-501
117000050,936,2316,-1380
117000051,5224,98,5126
117000052,165,233,-68
117000053,1683,43,1640
117000054,3109,14,3095
117000055,7,1737,-1730
117000056,1146,41,1105
117000057,1086,2101,-1015
117000060,885,2029,-1144
117000061,4340,3556,784
117000062,309,1866,-1557
117000063,3133,1527,1606
117000064,1051,881,170
117000066,863,1658,-795
117000067,131,907,-776
117000074,44,335,-291
117000076,90,80,10
117000077,461,176,285
117000078,405,1318,-913
117000079,856,482,374
117000080,2,838,-836
117000081,1492,267,1225
117000082,54,153,-99
117000083,285,21,264
117000084,553,1,552
117000085,895,1719,-824
117000086,1578,549,1029
117000087,262,892,-630
117000088,648,284,364
117000089,5033,384,4649
117000090,744,894,-150
117000091,2824,550,2274
117000092,849,1101,-252
117000093,3862,726,3136
117000094,1471,1739,-268
117000095,5945,1111,4834
117000096,1449,1676,-227
117000097,4887,1932,2955
117000098,2559,2847,-288
117000099,9007,1937,7070
117000100,408,527,-119
117000101,286,973,-687
117000102,4588,986,3602
117000103,998,1434,-436
117000104,3462,1243,2219
117000105,557,1362,-805
117000106,4610,1051,3559
117000107,1052,1804,-752
117000108,4495,1992,2503
117000109,1722,2725,-1003
117000110,3200,3672,-472
117000111,7277,8037,-760
117000112,7135,2189,4946
117000113,272,165,107
117000114,583,1485,-902
117000115,87,62,25
117000116,315,1210,-895
117000117,2870,1871,999
117000118,917,915,2
117000119,205,1316,-1111
117000120,68,3427,-3359
117000121,100,2054,-1954
117000122,3065,3310,-245
117000123,6779,131,6648
117000124,125,677,-552
117000125,79,2351,-2272
117000126,69,150,-81
117000127,195,1781,-1586
117000128,206,3937,-3731
117000129,483,1899,-1416
117000130,288,0,288
117000131,0,201,-201
117000132,9800,38,9762
117000133,6072,93,5979
117000134,0,466,-466
117000135,0,400,-400
117000136,1,190,-189
117000137,461,179,282
117000138,4,1768,-1764
117000140,669,1213,-544
117000141,3804,927,2877
117000181,1285,266,1019
117000182,4625,2510,2115
117000195,387,833,-446
117000196,579,349,230
117000225,28,526,-498
117000226,10,547,-537
117000276,844,60,784
117000277,0,131,-131
117000310,2167,4457,-2290
117000315,666,1347,-681
117000320,145,0,145
117000906,1229,31,1198
117000907,4,201,-197
117000908,5,424,-419
117000909,109,194,-85
117000910,378,134,244
117000911,78,189,-111
117000915,9,206,-197
117000916,155,15,140
117000917,3112,153,2959
117000918,434,147,287
117000919,21,102,-81
117000920,2,2110,-2108
117000921,0,275,-275
117000922,133,146,-13
117000924,1847,1675,172
117000926,1928,1264,664
117000927,341,969,-628
117000928,0,221,-221
117000929,1133,205,928
117000930,1401,27,1374
117000931,213,267,-54
117900002,79,1481,-1402
117900003,191,349,-158
117900005,6,320,-314
117900006,0,142,-142
117900007,361,94,267
117900008,1,14,-13
117900010,818,139,679
117900011,31,2380,-2349
117900012,174,78,96
117900013,3,388,-385
117900014,1192,376,816
117900015,40,185,-145
117900016,1818,2652,-834
117900017,1787,692,1095
117900018,814,1762,-948
117900019,1917,308,1609
117900020,63,506,-443
117900021,49,372,-323
117900022,36,14,22
117900023,5737,211,5526
117900024,205,225,-20
117900025,39,3,36
117900026,1415,286,1129
117900028,216,16,200
117900029,815,1120,-305
117900030,855,946,-91
117900031,845,1753,-908
117900032,1467,784,683
117900033,1288,773,515
117900034,153,69,84
117900035,483,1688,-1205
117900036,873,476,397
117900037,513,143,370
117900038,278,178,100
117900039,0,89,-89
117900040,434,198,236
117900041,2,53,-51
117900042,4216,1167,3049
117900043,0,41,-41
117900044,246,9148,-8902
117900045,737,222,515
117900048,554,281,273
117900049,943,906,37
117900050,23,1581,-1558
117900051,58,79,-21
117900052,142,1228,-1086
117900053,2968,242,2726
117900054,27,20,7
117900055,4435,763,3672
117900056,121,455,-334
117900057,1991,1233,758
117900058,62,287,-225
117900059,228,460,-232
117900060,5146,3457,1689
117900061,49,713,-664
117900063,1448,352,1096
117900065,509,1641,-1132
117900066,22,312,-290
117900067,1889,388,1501
117900069,2415,245,2170
117900070,42,649,-607
117900071,484,133,351
117900073,1847,578,1269
117900074,33,1345,-1312
117900075,290,176,114
117900076,143,320,-177
117900077,1337,157,1180
117900078,817,893,-76
117900080,386,103,283
117900081,333,561,-228
117900082,1505,499,1006
117900083,1340,1075,265
117900086,523,257,266
117900087,280,98,182
117900088,881,1334,-453
117900089,4236,738,3498
117900090,1364,1169,195
117900091,278,108,170
117900092,303,132,171
117900093,219,104,115
117900094,124,83,41
117900095,1161,1904,-743
117900096,438,1504,-1066
117900097,361,66,295
117900098,170,14,156
117900099,693,1791,-1098
117900100,1400,11,1389
117900101,1883,4665,-2782
117900102,243,80,163
117900103,185,26,159
117900104,13,588,-575
117900105,144,273,-129
117900106,315,45,270
117900107,120,1,119
117900109,1719,653,1066
117900110,467,7,460
117900111,1955,234,1721
117900112,149,30,119
117900113,1628,4723,-3095
117900114,84,0,84
117900115,22,716,-694
117900116,1316,760,556
117900117,1579,331,1248
117900118,499,9,490
117900119,576,48,528
117900120,1960,35,1925
117900121,216,223,-7
117900122,1213,10972,-9759
117900123,1960,781,1179
117900124,379,1706,-1327
117900125,2630,1589,1041
117900126,319,374,-55
117900127,1511,320,1191
117900128,928,275,653
117900129,205,0,205
117900130,1670,1870,-200
117900131,9,404,-395
117900132,46,105,-59
117900133,70,47,23
117900134,287,419,-132
117900135,109,109,0
117900136,0,24,-24
117900137,442,385,57
117900138,0,8,-8
117900139,106,111,-5
117900140,11785,1760,10025
117900141,108,768,-660
117900142,30,906,-876
117900144,67,2512,-2445
117900145,28,503,-475
117900146,185,805,-620
117900147,154,299,-145
117900148,7559,6173,1386
117900149,194,931,-737
117900150,181,174,7
117900151,77,442,-365
117900152,125,312,-187
117900153,41,316,-275
117900154,1266,1435,-169
117900156,547,605,-58
117900157,98,676,-578
117900158,523,142,381
117900160,1504,1082,422
117900161,1420,1170,250
117900162,1451,604,847
117900163,31,1536,-1505
117900165,0,7,-7
117900166,40,583,-543
117900168,94,262,-168
117900169,1,87,-86
117900170,0,91,-91
117900171,14,16,-2
117900172,65,22,43
117900173,96,80,16
117900174,66,74,-8
117900175,18,35,-17
117900176,32,27,5
117900177,101,64,37
117900178,204,132,72
117900180,360,81,279
117900181,47,972,-925
117900182,1,137,-136
117900183,239,321,-82
117900184,102,209,-107
117900185,83,60,23
117900186,160,10,150
117900187,47,9,38
117900188,549,114,435
117900189,357,80,277
117900190,20,1,19
117900191,264,1,263
117900192,515,4,511
117900193,2,104,-102
117900194,37,19,18
117900195,39,632,-593
117900196,93,41,52
117900207,220,240,-20
117900208,90,55,35
117900209,490,92,398
117900210,167,101,66
117900211,7,68,-61
117900212,268,276,-8
117900213,54,27,27
117900214,40,9,31
117900215,136,32,104
117900216,24,170,-146
117900217,160,316,-156
117900218,128,245,-117
117900219,10,415,-405
117900220,20,857,-837
117900222,319,119,200
117900223,141,677,-536
118000001,1206,4753,-3547
118000002,1014,2390,-1376
118000003,3281,8545,-5264
118000004,1587,12241,-10654
118000005,6691,4292,2399
118000006,9399,6892,2507
118000007,8549,20807,-12258
118000008,1544,13403,-11859
118000009,2354,6098,-3744
118000010,5305,6514,-1209
118000011,4465,2426,2039
118000012,1780,3613,-1833
118000013,5321,5570,-249
118000014,2748,2988,-240
118000016,634,304,330
118000017,1649,544,1105
118000018,694,273,421
118000019,1575,3433,-1858
118000020,674,3375,-2701
118000021,1040,5263,-4223
118000022,1684,1118,566
118000023,737,708,29
118000024,776,1262,-486
118000027,20576,10791,9785
118000029,1093,930,163
118000032,292,3158,-2866
118000033,2583,7518,-4935
118000034,4624,6427,-1803
118000035,3416,3427,-11
118000036,1510,2078,-568
118000037,1565,4921,-3356
118000038,1399,219,1180
118000039,258,144,114
118000040,3634,3380,254
118000041,7035,2858,4177
118000045,217,420,-203
118000046,1645,2604,-959
118000047,938,5450,-4512
118000048,2308,10446,-8138
118000051,1936,8976,-7040
118000052,943,3399,-2456
118000053,777,3730,-2953
118000054,6797,1896,4901
118000055,6145,3249,2896
118000056,152,1703,-1551
118000057,316,1037,-721
118000058,2737,10341,-7604
118000059,2014,5467,-3453
118000060,2489,1412,1077
118000061,2202,2892,-690
118000062,636,344,292
118000063,823,1519,-696
118000064,1060,2567,-1507
118000065,2979,3407,-428
118000066,2894,7082,-4188
118000067,683,1123,-440
118000068,1880,18537,-16657
118000069,1753,2707,-954
118000070,13667,4021,9646
118000071,9115,18753,-9638
118000072,1053,7014,-5961
118000073,572,3527,-2955
118000074,899,1028,-129
118000075,921,542,379
118000076,3543,16284,-12741
118000077,1717,3709,-1992
118000078,3216,5322,-2106
118000079,394,921,-527
118000080,582,2664,-2082
118000081,2435,3232,-797
118000082,677,2194,-1517
118000083,2171,3428,-1257
118000084,2951,4912,-1961
118000086,170,1472,-1302
118000087,10393,5226,5167
118000088,1730,3549,-1819
118000089,7103,6433,670
118000090,1690,6752,-5062
118000091,3115,8663,-5548
118000092,1761,1184,577
118000093,254,1090,-836
118000096,1222,1353,-131
118000097,1114,1569,-455
118000098,263,628,-365
118000099,1730,666,1064
118000101,3735,652,3083
118000102,765,882,-117
118000107,5652,1019,4633
118000108,1979,9099,-7120
118000110,1,53,-52
118000111,1,181,-180
118000112,2358,7,2351
118000113,26,670,-644
118000114,1926,39,1887
118000115,39,20,19
118000116,152,3,149
118000117,975,2371,-1396
118000118,2324,3669,-1345
118000119,2445,3884,-1439
118000120,1893,1964,-71
118000121,19,868,-849
118000122,902,567,335
118000123,70,465,-395
118000125,1418,4765,-3347
118000126,1156,5303,-4147
118000127,1883,2700,-817
118000128,522,6039,-5517
118000129,3316,2176,1140
118000130,4284,6228,-1944
118000131,717,2117,-1400
118000132,4849,4404,445
118000133,2886,1787,1099
118000135,1344,2577,-1233
118000136,203,2771,-2568
118000137,691,456,235
118000138,805,783,22
118000139,1126,270,856
118000140,8979,17670,-8691
118000141,5688,2721,2967
118000142,6107,2909,3198
118000143,6367,2561,3806
118000144,1221,729,492
118000145,2296,1605,691
118000146,2519,778,1741
118000147,2346,1296,1050
118000148,1766,2394,-628
118000149,1694,703,991
118000150,1433,311,1122
118000151,1449,517,932
118000153,3462,1446,2016
118000154,2451,1902,549
118000155,5115,1705,3410
118000156,4258,7198,-2940
118000157,1242,552,690
118000158,558,946,-388
118000159,73,194,-121
118000160,1631,475,1156
118000161,1286,455,831
118000162,2098,1556,542
118000163,1925,1758,167
118000164,3790,2588,1202
118000168,682,2817,-2135
118000169,1785,1168,617
118000170,5398,3909,1489
118000171,712,1025,-313
118000172,122,363,-241
118000173,1374,2546,-1172
118000175,405,388,17
118000176,750,705,45
118000177,658,980,-322
118000178,83,46,37
118000179,1216,1329,-113
118000180,1093,984,109
118000181,939,380,559
118000182,586,289,297
118000183,481,454,27
118000184,2467,734,1733
118000185,865,3276,-2411
118000186,681,2441,-1760
118000187,4626,639,3987
118000188,1847,111,1736
118000189,2336,643,1693
118000190,13,32,-19
118000191,15,50,-35
118000192,27,484,-457
118000193,26,215,-189
118000194,4282,1417,2865
118000195,427,10630,-10203
118000196,125,2334,-2209
118000197,74,480,-406
118000198,466,3110,-2644
118000199,554,3610,-3056
118000200,245,1566,-1321
118000201,162,1709,-1547
118000202,109,1337,-1228
118000203,375,2371,-1996
118000204,89,1215,-1126
118000205,104,547,-443
118000206,483,743,-260
118000207,0,91,-91
118000208,2796,2631,165
118000209,4890,1066,3824
118000210,331,72,259
118000211,236,101,135
118000213,1074,11798,-10724
118000214,654,1832,-1178
118000215,742,201,541
118000216,17373,4079,13294
118000217,19,137,-118
118000218,272,71,201
118000219,422,510,-88
118000220,89,152,-63
118000221,1654,1586,68
118000222,116,71,45
118000223,199,76,123
118000224,323,87,236
118000225,443,2891,-2448
118000226,2426,304,2122
118000227,1932,858,1074
118000228,119,826,-707
118000229,70,1663,-1593
118000230,176,486,-310
118000231,148,1014,-866
118000232,1771,409,1362
118000233,2744,1014,1730
118000234,1057,151,906
118000236,512,1035,-523
118000237,459,477,-18
118000238,507,311,196
118000239,532,1006,-474
118000240,175,113,62
118000241,739,327,412
118000242,1095,322,773
118000243,546,192,354
118000244,269,76,193
118000246,1,82,-81
118000255,45,692,-647
118000256,202,295,-93
118000259,54,199,-145
118000260,498,93,405
118000261,159,49,110
118000263,265,369,-104
118000266,432,333,99
118000267,1,1017,-1016
118000268,522,8,514
118000270,558,9,549
118000271,367,348,19
118000272,136,42,94
118000273,697,61,636
118000274,148,580,-432
118000276,680,453,227
118000295,93,290,-197
118000298,311,169,142
118000299,101,98,3
118000301,1,248,-247
118000302,261,72,189
118000311,2504,80,2424
118000312,988,156,832
118000313,247,118,129
118000314,392,34,358
118000315,277,13,264
118000316,1799,598,1201
118000325,148,80,68
118000326,91,40,51
118000331,53,22,31
118000332,25,45,-20
118000333,25,48,-23
118000335,1462,19,1443
118000336,0,273,-273
118000407,706,83,623
118000457,23,184,-161
118000465,921,4689,-3768
118000480,137,109,28
118000489,9,1425,-1416
118000490,13,536,-523
118000492,1198,194,1004
118000510,172,42,130
118000514,139,1257,-1118
118000515,857,2446,-1589
118000517,993,230,763
118000524,210,1036,-826
118000525,811,968,-157
118000530,47,377,-330
118000531,817,303,514
118000532,484,302,182
118000533,393,155,238
118000534,1628,542,1086
118000535,635,188,447
118000536,96,880,-784
118000537,42,245,-203
118000538,38,297,-259
118000539,58,250,-192
118000540,338,495,-157
118000541,119,188,-69
118000542,220,874,-654
118000543,481,872,-391
118000546,115,93,22
118000560,2079,5114,-3035
118000562,148,134,14
118000563,2182,1335,847
118000576,289,46,243
118000577,242,224,18
118000578,136,47,89
118000579,747,4721,-3974
118000595,289,136,153
118000596,4,1126,-1122
118000597,222,85,137
118000598,43,2,41
118000599,450,123,327
118000600,0,26,-26
118000601,93,0,93
118000602,0,18,-18
118000603,1,37,-36
118900001,1040,2160,-1120
118900002,1542,1686,-144
118900003,1386,17,1369
118900004,413,90,323
118900005,192,11,181
118900006,448,18,430
118900007,3,0,3
118900008,2314,118,2196
118900009,243,225,18
118900010,371,66,305
118900011,276,18,258
118900012,430,559,-129
118900013,3236,981,2255
118900015,632,106,526
118900016,5,8,-3
118900017,25,413,-388
118900018,2403,69,2334
118900019,7,12,-5
118900020,21,377,-356
118900021,159,1616,-1457
118900022,174,40,134
118900023,94,362,-268
118900024,141,294,-153
118900025,36,250,-214
118900026,117,20,97
118900027,1195,382,813
118900028,325,168,157
118900029,462,897,-435
118900030,1237,444,793
118900031,148,51,97
118900032,184,49,135
118900033,673,1538,-865
118900034,418,62,356
118900035,248,104,144
118900036,2193,597,1596
118900037,518,1417,-899
118900038,1132,110,1022
118900039,1587,473,1114
118900040,390,154,236
118900041,1546,570,976
118900042,98,65,33
118900045,398,350,48
118900046,631,549,82
118900047,582,665,-83
118900048,235,1357,-1122
118900049,309,61,248
118900050,216,11,205
118900051,83,343,-260
118900052,450,1221,-771
118900053,45,109,-64
118900054,356,54,302
118900055,379,10,369
118900056,36,839,-803
118900057,1280,782,498
118900058,1039,1241,-202
118900059,40,220,-180
118900060,260,113,147
118900062,659,251,408
118900064,448,1189,-741
118900065,127,331,-204
118900066,217,106,111
118900067,5992,7201,-1209
118900068,12,838,-826
118900069,1094,368,726
118900071,16,7,9
118900072,1672,1460,212
118900073,395,227,168
118900074,625,132,493
118900075,429,31,398
118900076,511,366,145
118900077,879,164,715
118900078,9,1,8
118900079,107,264,-157
118900080,214,71,143
118900081,59,52,7
118900082,3614,384,3230
118900083,63,2,61
118900084,14,43,-29
118900085,570,693,-123
118900086,33,222,-189
118900087,265,1901,-1636
118900088,1,5,-4
118900089,36,58,-22
118900090,618,261,357
118900091,317,504,-187
118900092,775,87,688
118900093,297,48,249
118900096,90,50,40
118900097,731,870,-139
118900099,80,180,-100
118900100,78,427,-349
118900101,458,224,234
118900102,41,113,-72
118900103,43,285,-242
118900104,703,164,539
118900105,333,149,184
118900107,125,75,50
118900108,147,398,-251
118900110,2306,2153,153
118900111,1999,780,1219
118900112,454,713,-259
118900113,145,536,-391
118900114,24,290,-266
118900115,496,735,-239
118900116,94,224,-130
118900117,204,166,38
118900118,601,354,247
118900119,281,266,15
118900120,146,376,-230
118900121,69,249,-180
118900122,8,1762,-1754
118900123,196,531,-335
118900124,312,480,-168
118900126,83,408,-325
118900129,607,278,329
118900130,18,250,-232
118900131,755,589,166
118900132,719,340,379
118900133,40,433,-393
118900135,531,251,280
118900136,588,364,224
118900137,25,207,-182
118900139,735,390,345
118900140,1328,493,835
118900141,294,115,179
118900144,574,227,347
118900145,62,279,-217
118900146,853,609,244
118900147,189,1839,-1650
118900148,163,72,91
118900150,149,1011,-862
118900152,934,546,388
118900157,74,686,-612
118900158,250,25,225
118900159,3,312,-309
118900161,69,70,-1
118900163,84,116,-32
118900164,0,84,-84
118900165,252,59,193
118900166,2,2,0
118900167,179,45,134
118900168,81,156,-75
118900169,394,139,255
118900170,657,62,595
118900171,181,79,102
118900174,184,83,101
118900175,992,532,460
118900176,293,329,-36
118900177,221,11,210
118900178,195,107,88
118900179,6,39,-33
118900181,362,86,276
118900182,27,122,-95
118900183,21,402,-381
118900184,255,53,202
118900185,226,40,186
118900186,71,327,-256
118900187,146,1252,-1106
118900188,498,371,127
118900189,57,1064,-1007
118900190,258,375,-117
118900191,1001,102,899
118900192,998,36,962
118900193,1967,19,1948
118900195,244,733,-489
118900196,52,230,-178
118900197,653,96,557
118900198,63,2,61
118900199,211,8,203
118900200,75,51,24
118900201,66,113,-47
118900202,5,120,-115
118900203,116,16,100
118900204,103,22,81
118900205,2,1,1
118900206,1,10,-9
119000001,2922,3971,-1049
119000002,5370,7446,-2076
119000003,6500,1642,4858
119000004,4960,3892,1068
119000005,3691,5424,-1733
119000006,7369,3471,3898
119000007,7576,7584,-8
119000008,3674,3081,593
119000009,4161,12536,-8375
119000010,6464,7424,-960
119000011,3447,4649,-1202
119000012,1699,5863,-4164
119000013,5486,3317,2169
119000014,3164,3828,-664
119000019,572,363,209
119000020,4906,2539,2367
119000021,9555,6030,3525
119000022,2581,8837,-6256
119000023,270,646,-376
119000024,4635,43512,-38877
119000025,7012,2039,4973
119000026,88,1332,-1244
119000027,174,909,-735
119000028,3130,889,2241
119000029,114,414,-300
119000030,883,1065,-182
119000031,2607,1120,1487
119000032,5699,2739,2960
119000033,3667,1284,2383
119000034,2891,1315,1576
119000035,74,350,-276
119000036,5570,456,5114
119000037,3366,1223,2143
119000038,618,447,171
119000039,1583,880,703
119000040,1528,1921,-393
119000041,1717,3598,-1881
119000048,3213,2136,1077
119000049,6264,3921,2343
119000050,2135,4813,-2678
119000051,4432,2703,1729
119000052,7621,3923,3698
119000053,3414,1789,1625
119000054,5805,1689,4116
119000055,11379,1971,9408
119000056,7822,2077,5745
119000057,3408,1071,2337
119000058,2866,1399,1467
119000059,1784,1700,84
119000060,3764,994,2770
119000061,2032,732,1300
119000062,1452,1138,314
119000063,1566,926,640
119000064,1450,1606,-156
119000065,1742,6446,-4704
119000066,3339,1592,1747
119000067,3379,1908,1471
119000068,3762,1308,2454
119000069,4186,2438,1748
119000070,5727,724,5003
119000071,2138,931,1207
119000072,7290,6210,1080
119000073,5969,21377,-15408
119000074,3068,1967,1101
119000075,6999,3824,3175
119000076,240,3448,-3208
119000077,1171,1879,-708
119000078,708,1861,-1153
119000079,212,1548,-1336
119000080,1629,430,1199
119000081,663,1576,-913
119000082,1622,422,1200
119000083,997,753,244
119000084,522,814,-292
119000085,1515,190,1325
119000086,327,1410,-1083
119000087,1192,337,855
119000088,321,181,140
119000089,122,220,-98
119000090,230,106,124
119000091,122,207,-85
119000092,653,216,437
119000093,8077,4427,3650
119000094,8156,9072,-916
119000095,4771,11864,-7093
119000097,2326,1291,1035
119000098,2066,13312,-11246
119000099,3312,1134,2178
119000100,9343,5333,4010
119000101,5343,3663,1680
119000102,543,2283,-1740
119000103,957,1041,-84
119000104,2186,1285,901
119000105,1837,5800,-3963
119000106,787,984,-197
119000107,2310,999,1311
119000108,1347,1068,279
119000109,332,1355,-1023
119000110,499,1830,-1331
119000111,59,1347,-1288
119000112,225,428,-203
119000113,1442,604,838
119000114,3309,2481,828
119000115,233,288,-55
119000116,230,238,-8
119000117,529,625,-96
119000118,34,2,32
119000123,2470,5744,-3274
119000124,2502,362,2140
119000125,9886,919,8967
119000126,2321,681,1640
119000127,1701,493,1208
119000128,40,2,38
119000131,2180,285,1895
119000132,2,3,-1
119000133,3,18,-15
119000134,2013,1191,822
119000135,249,1357,-1108
119000136,757,125,632
119000137,392,226,166
119000138,1736,81,1655
119000139,345,134,211
119000140,612,579,33
119000284,1738,2380,-642
119000285,2417,1616,801
119000286,5068,3973,1095
119000287,2091,1927,164
119000288,3661,1178,2483
119000289,2275,3672,-1397
119000290,368,484,-116
119000291,280,558,-278
119000293,215,304,-89
119000294,129,56,73
119000295,3405,340,3065
119000296,483,167,316
119000302,3522,1554,1968
119000303,25,657,-632
119000314,3349,20647,-17298
119000315,28,222,-194
119000316,412,117,295
119000317,199,134,65
119900001,136,2917,-2781
119900002,582,479,103
119900003,33,415,-382
119900004,216,4979,-4763
119900005,683,134,549
119900006,143,944,-801
119900007,842,504,338
119900008,18,162,-144
119900009,1014,499,515
119900010,1076,2207,-1131
119900011,41,559,-518
119900012,32,250,-218
119900013,2096,2469,-373
119900014,860,470,390
119900015,530,123,407
119900016,162,179,-17
119900017,86,88,-2
119900018,1498,2052,-554
119900019,202,25,177
119900020,228,336,-108
119900021,426,63,363
119900022,179,1099,-920
119900023,866,4875,-4009
119900025,789,21,768
119900026,977,184,793
119900027,17,19,-2
119900028,380,256,124
119900029,6,8,-2
119900030,1082,858,224
119900031,103,2591,-2488
119900033,1904,336,1568
119900034,1735,61,1674
119900037,227,17,210
119900038,73,1035,-962
119900039,103,19,84
119900040,262,33,229
119900041,607,40,567
119900042,101,658,-557
119900043,231,194,37
119900044,332,1229,-897
119900046,564,30,534
119900047,888,457,431
119900048,110,10,100
119900049,327,11,316
119900050,353,497,-144
119900051,1426,16,1410
119900052,449,37,412
119900053,599,215,384
119900054,904,30,874
119900055,1800,462,1338
119900057,1044,32,1012
119900058,939,21,918
119900059,113,44,69
119900060,524,123,401
119900062,359,10,349
119900063,5,122,-117
119900064,1591,254,1337
119900065,386,7,379
119900066,2,1,1
119900067,251,41,210
119900068,1382,11,1371
119900069,178,48,130
119900070,1354,4,1350
119900071,1545,79,1466
119900073,2183,246,1937
119900074,24,63,-39
119900075,2274,1591,683
119900076,1994,313,1681
119900077,1831,450,1381
119900078,1375,777,598
119900079,1556,80,1476
119900080,2639,811,1828
119900081,1503,44,1459
119900082,4301,432,3869
119900083,962,38,924
119900084,723,995,-272
119900085,186,83,103
119900087,348,1877,-1529
119900088,66,40,26
119900089,32,130,-98
119900090,103,20,83
119900091,106,167,-61
119900092,105,2170,-2065
119900093,4487,322,4165
119900094,32,548,-516
119900095,203,98,105
119900096,57,175,-118
119900097,291,288,3
119900098,56,26,30
119900099,49,141,-92
119900100,884,3049,-2165
119900101,363,1992,-1629
119900102,87,141,-54
119900103,95,130,-35
119900104,121,103,18
119900105,1663,6195,-4532
119900106,36,77,-41
119900107,664,1397,-733
119900108,6044,775,5269
119900109,18,107,-89
119900110,1173,525,648
119900111,472,110,362
119900112,1008,1676,-668
119900113,39,266,-227
119900114,380,549,-169
119900115,1235,334,901
119900116,147,997,-850
119900117,883,317,566
119900118,371,198,173
119900119,673,213,460
119900120,856,437,419
119900121,1164,677,487
119900122,74,165,-91
119900123,223,493,-270
119900124,762,493,269
119900125,55,203,-148
119900126,4402,269,4133
119900127,722,491,231
119900128,899,1429,-530
119900129,611,196,415
119900130,17,172,-155
119900131,107,100,7
119900132,0,55,-55
119900133,248,118,130
119900134,834,107,727
119900135,0,211,-211
119900136,120,279,-159
119900138,250,415,-165
119900139,38,315,-277
119900140,6,201,-195
119900141,61,1972,-1911
119900142,29,47,-18
119900143,37,622,-585
119900144,1202,279,923
119900145,69,379,-310
119900146,383,193,190
119900147,1,327,-326
119900148,745,68,677
119900149,750,13831,-13081
119900150,167,160,7
119900151,4188,1688,2500
119900152,474,165,309
119900153,468,65,403
119900154,18,290,-272
119900155,47,34,13
119900156,25,14,11
119900157,455,207,248
119900158,479,108,371
119900159,2,354,-352
119900160,31,255,-224
119900161,271,228,43
119900162,2217,990,1227
119900163,126,259,-133
119900164,0,5,-5
119900165,343,80,263
119900166,219,65,154
119900167,7,118,-111
119900168,3518,371,3147
119900169,33,719,-686
119900170,288,362,-74
119900171,1722,635,1087
119900172,69,26,43
119900173,89,205,-116
119900174,31,232,-201
119900175,4021,459,3562
119900177,97,149,-52
119900178,7,152,-145
119900179,541,1920,-1379
119900180,2512,1111,1401
119900181,38,187,-149
119900182,10,149,-139
119900183,178,755,-577
119900184,861,456,405
119900185,123,685,-562
119900186,21,3738,-3717
119900187,3,299,-296
119900188,372,379,-7
119900189,245,715,-470
119900190,174,671,-497
119900191,210,725,-515
119900192,67,194,-127
119900193,1167,185,982
119900194,44,88,-44
119900195,22,348,-326
119900196,392,122,270
119900197,876,468,408
119900198,251,492,-241
119900199,433,32,401
119900200,1566,957,609
119900201,368,267,101
119900202,122,636,-514
119900203,290,1408,-1118
119900204,578,486,92
119900205,2207,481,1726
119900206,597,348,249
119900208,125,184,-59
119900209,1081,4950,-3869
119900210,143,21,122
119900211,97,10,87
119900212,667,405,262
119900213,11,100,-89
119900214,345,55,290
119900215,202,37,165
119900216,30,18,12
119900217,3,18,-15
119900218,13,143,-130
119900219,32,65,-33
119900220,9,16,-7
119900221,120,67,53
119900222,41,77,-36
119900223,32,39,-7
119900224,80,16,64
119900225,345,35,310
119900226,272,3898,-3626
119900227,382,213,169
119900228,24,598,-574
119900229,115,272,-157
119900230,1654,248,1406
119900231,725,133,592
119900232,283,150,133
119900233,187,15,172
119900234,18,377,-359
119900235,9,102,-93
119900236,29,439,-410
119900237,98,844,-746
119900238,7,562,-555
119900240,121,407,-286
119900241,432,236,196
119900242,2911,2087,824
119900244,1011,1304,-293
119900245,528,448,80
119900246,224,689,-465
119900247,28,107,-79
119900248,66,1206,-1140
119900249,748,322,426
119900253,1917,348,1569
119900254,194,2699,-2505
119900255,216,893,-677
119900256,1558,370,1188
119900257,194,8,186
119900258,374,14,360
119900259,35,69,-34
119900260,415,19,396
119900261,1079,1015,64
119900262,3,387,-384
119900263,2543,339,2204
119900264,484,54,430
119900265,1628,412,1216
119900266,1354,346,1008
119900267,213,396,-183
119900268,741,95,646
119900269,4117,654,3463
119900271,123,149,-26
119900272,187,381,-194
119900275,276,23,253
119900276,175,8,167
119900277,37,8,29
119900278,1048,111,937
119900279,235,621,-386
119900280,740,91,649
119900281,0,583,-583
119900282,50,175,-125
119900283,131,70,61
119900284,124,150,-26
119900285,5,81,-76
119900286,1,16,-15
119900288,42,18,24
119900289,0,60,-60
119900290,14,0,14
119900291,1,111,-110
119900292,41,59,-18
119900293,31,16,15
119900294,30,0,30
119900295,3,0,3
119900296,12,3,9
119900299,173,899,-726
119900300,472,628,-156
119900301,132,457,-325
119900302,124,599,-475
119900303,535,707,-172
119900304,385,30,355
119900305,16,167,-151
119900306,36,4,32
119900307,56,207,-151
119900308,10,63,-53
119900309,73,777,-704
119900310,375,396,-21
119900311,432,54,378
119900312,404,68,336
119900313,585,413,172
119900314,551,724,-173
119900315,4146,1053,3093
119900318,25,217,-192
119900319,29,98,-69
119900320,687,365,322
119900321,479,15,464
119900322,6,40,-34
119900323,0,41,-41
119900324,0,52,-52
119900325,148,60,88
119900326,22,39,-17
120000001,16081,55326,-39245
120000002,3997,4541,-544
120000003,3260,1664,1596
120000004,4292,1564,2728
120000005,3598,1832,1766
120000006,2845,1487,1358
120000007,4261,8122,-3861
120000008,1906,1312,594
120000009,2277,1118,1159
120000010,4176,4637,-461
120000011,2526,2180,346
120000012,2918,2604,314
120000013,7649,4466,3183
120000014,1902,3404,-1502
120000015,5182,3694,1488
120000016,7131,3974,3157
120000017,7735,8077,-342
120000018,5462,32748,-27286
120000019,2187,2791,-604
120000020,3620,6100,-2480
120000021,3291,2915,376
120000022,3272,4602,-1330
120000023,2562,2534,28
120000024,1637,3323,-1686
120000025,4380,2692,1688
120000026,6101,3068,3033
120000027,4183,2746,1437
120000028,1342,4760,-3418
120000029,2256,4362,-2106
120000030,259,1930,-1671
120000031,3100,9213,-6113
120000032,6852,3903,2949
120000033,6518,1816,4702
120000034,6721,1630,5091
120000035,6951,2258,4693
120000036,6286,8956,-2670
120000037,1079,3354,-2275
120000038,10227,5251,4976
120000039,1559,2361,-802
120000040,191,3666,-3475
120000041,856,2574,-1718
120000042,3923,2835,1088
120000043,8414,1020,7394
120000044,11001,1814,9187
120000045,13869,1122,12747
120000046,6742,7150,-408
120000047,1177,20964,-19787
120000048,16811,7049,9762
120000049,7508,8371,-863
120000050,5835,9705,-3870
120000051,3503,6878,-3375
120000052,8476,1265,7211
120000053,2035,1763,272
120000054,2793,2669,124
120000055,2846,3643,-797
120000056,7449,5006,2443
120000057,7310,3432,3878
120000058,1843,2032,-189
120000059,23,2806,-2783
120000061,325,2309,-1984
120000062,267,417,-150
120000063,849,2184,-1335
120000064,703,767,-64
120000065,767,1311,-544
120000066,268,752,-484
120000067,38,213,-175
120000068,513,354,159
120000069,1634,425,1209
120000070,355,434,-79
120000071,1714,182,1532
120000072,2920,813,2107
120000073,2346,102,2244
120000074,154,487,-333
120000075,2301,1295,1006
120000076,5421,513,4908
120000077,4781,849,3932
120000078,3782,1685,2097
120000079,404,231,173
120000080,251,379,-128
120000081,444,152,292
120000082,310,297,13
120000083,90,1076,-986
120000084,460,498,-38
120000085,480,729,-249
120000086,333,359,-26
120000087,440,473,-33
120000088,1431,1250,181
120000089,1609,711,898
120000090,1677,921,756
120000091,2597,1031,1566
120000092,1777,514,1263
120000093,1522,696,826
120000094,664,2095,-1431
120000095,1503,211,1292
120000096,839,497,342
120000098,1847,623,1224
120000099,904,757,147
120000100,1385,710,675
120000101,1540,525,1015
120000102,1614,1911,-297
120000103,2826,1683,1143
120000104,4403,793,3610
120000105,5583,613,4970
120000106,6947,549,6398
120000107,12705,747,11958
120000108,4378,375,4003
120000109,2585,216,2369
120000110,108,863,-755
120000111,230,1217,-987
120000112,1196,1815,-619
120000113,968,1266,-298
120000114,767,1322,-555
120000115,578,1170,-592
120000116,645,1809,-1164
120000117,704,1125,-421
120000118,70,180,-110
120000119,33,51,-18
120000120,271,523,-252
120000121,22,43,-21
120000122,509,2114,-1605
120000123,2806,18082,-15276
120000124,918,1192,-274
120000125,2544,881,1663
120000126,701,5739,-5038
120000127,1243,2891,-1648
120000128,3404,10053,-6649
120000129,561,249,312
120000130,1948,845,1103
120000131,979,1073,-94
120000134,1354,599,755
120000135,2478,915,1563
120000137,761,340,421
120000138,4256,337,3919
120000139,732,457,275
120000140,3359,218,3141
120000141,533,1704,-1171
120000142,1920,2451,-531
120000143,2,86,-84
120000144,289,40,249
120000145,1898,2,1896
120000146,1823,2954,-1131
120000149,878,831,47
120000150,3170,18272,-15102
120000151,1035,673,362
120000152,2276,207,2069
120000153,1529,740,789
120000154,1331,1345,-14
120000155,589,904,-315
120000156,963,5244,-4281
120000157,1998,766,1232
120000158,2009,842,1167
120000159,3400,1719,1681
120000160,3789,2435,1354
120000161,6376,3729,2647
120000162,344,559,-215
120000163,1747,824,923
120000164,1300,260,1040
120000165,2026,606,1420
120000166,3230,549,2681
120000167,393,573,-180
120000168,19,1452,-1433
120000169,72,3062,-2990
120000170,29,2794,-2765
120000171,28,891,-863
120000172,9,693,-684
120000173,149,2027,-1878
120000174,44,53,-9
120000175,41,90,-49
120000176,37,62,-25
120000177,912,116,796
120000178,7,53,-46
120000179,34,112,-78
120000180,44,126,-82
120000181,184,3422,-3238
120000182,47,1755,-1708
120000183,4,734,-730
120000184,323,1940,-1617
120000186,49,1822,-1773
120000187,13,1318,-1305
120000188,37,1037,-1000
120000190,47,107,-60
120000191,57,231,-174
120000192,75,24,51
120000193,43,7,36
120000195,16,3,13
120000196,43,8,35
120000197,15,16,-1
120000198,578,14,564
120000199,881,1,880
120000200,729,3,726
120000201,135,214,-79
120000202,4,50,-46
120000203,592,228,364
120000207,0,49,-49
120000208,24,60,-36
120000209,10,8,2
120000210,56,31,25
120000211,1109,11,1098
120000212,1007,1,1006
120000213,764,430,334
120000214,0,82,-82
120000215,9,60,-51
120000216,844,47,797
120000217,331,1076,-745
120000218,51,399,-348
120000219,15,275,-260
120000220,4,765,-761
120000225,4828,14,4814
120000226,1145,16,1129
120000227,1831,170,1661
120000228,16103,6777,9326
120000230,1025,46,979
120000231,3709,924,2785
120000233,1414,36,1378
120000235,666,538,128
120000236,3808,11,3797
120000237,0,1366,-1366
120000238,1,740,-739
120000241,2148,8394,-6246
120000412,331,12,319
120000413,1609,238,1371
120000414,608,7,601
120000415,0,129,-129
120000416,423,9,414
120000417,40,370,-330
120000418,899,19,880
120000419,41,43,-2
120000420,135,24,111
120000421,12148,5815,6333
120000422,167,6393,-6226
120000423,8,340,-332
120000424,838,109,729
120000436,164,2577,-2413
120000437,115,171,-56
120000438,2188,384,1804
120000439,485,1441,-956
120000443,287,0,287
120000444,3527,737,2790
120000445,4362,3247,1115
120000446,4306,293,4013
120000447,1261,1,1260
120000449,705,8,697
120000450,21,105,-84
120000451,488,283,205
120000452,1068,4,1064
120000453,0,53,-53
120000454,47,155,-108
120000455,299,60,239
120000456,4290,10192,-5902
120000457,622,498,124
120000458,641,787,-146
120000459,539,132,407
120000665,200,889,-689
120000668,161,8296,-8135
120000669,768,141,627
120000670,125,1934,-1809
120000671,8080,1623,6457
120000672,131,971,-840
120900001,203,63,140
120900002,185,1326,-1141
120900003,347,13,334
120900004,15,350,-335
120900005,135,470,-335
120900006,1456,278,1178
120900007,688,167,521
120900008,985,779,206
120900009,722,41,681
120900010,1596,303,1293
120900011,89,795,-706
120900012,47,2204,-2157
120900013,708,527,181
120900014,0,442,-442
120900015,1978,722,1256
120900016,3931,192,3739
120900017,3029,59,2970
120900018,532,255,277
120900019,675,867,-192
120900020,479,1037,-558
120900021,660,279,381
120900022,76,419,-343
120900023,765,192,573
120900024,2249,581,1668
120900025,1761,1127,634
120900026,386,212,174
120900027,790,45,745
120900028,1230,394,836
120900029,49,1616,-1567
120900030,4640,897,3743
120900031,506,120,386
120900032,2773,111,2662
120900033,2875,593,2282
120900034,48,6592,-6544
120900035,652,226,426
120900037,918,65,853
120900038,415,802,-387
120900039,239,75,164
120900040,706,9,697
120900041,63,70,-7
120900042,1133,51,1082
120900043,191,247,-56
120900044,3,1000,-997
120900045,396,112,284
120900046,1780,12,1768
120900047,291,384,-93
120900048,460,34,426
120900049,1063,8,1055
120900050,1371,5794,-4423
120900051,1001,120,881
120900052,2571,50,2521
120900053,1240,48,1192
120900054,2144,386,1758
120900055,1659,7,1652
120900056,1351,62,1289
120900057,755,24,731
120900058,1552,7,1545
120900059,477,8,469
120900060,203,17,186
120900061,442,231,211
120900062,931,0,931
120900063,2227,61,2166
120900064,1863,8,1855
120900065,1635,10,1625
120900066,2099,368,1731
120900067,538,254,284
120900068,1064,5,1059
120900069,1326,33,1293
120900071,51,1,50
120900072,2011,25,1986
120900073,2561,69,2492
120900074,2209,61,2148
120900076,1476,4,1472
120900077,2091,807,1284
120900078,1864,555,1309
120900079,3043,126,2917
120900080,2838,339,2499
120900081,4448,381,4067
120900082,532,875,-343
120900083,277,5,272
120900084,1094,774,320
120900085,111,144,-33
120900086,79,1456,-1377
120900087,857,364,493
120900088,444,1534,-1090
120900089,2405,7756,-5351
120900090,833,53,780
120900091,281,1261,-980
120900092,219,336,-117
120900093,1659,147,1512
120900094,357,270,87
120900095,797,51,746
120900096,286,198,88
120900097,1118,763,355
120900098,111,112,-1
120900099,111,93,18
120900100,98,201,-103
120900101,51,213,-162
120900102,236,153,83
120900103,342,331,11
120900104,8,36,-28
120900105,94,998,-904
120900106,360,247,113
120900107,89,134,-45
120900108,67,394,-327
120900109,67,424,-357
120900110,25,269,-244
120900111,330,206,124
120900112,185,246,-61
120900113,53,569,-516
120900114,78,228,-150
120900115,209,408,-199
120900116,1651,166,1485
120900117,58,121,-63
120900118,92,298,-206
120900119,16142,3713,12429
120900120,176,926,-750
120900121,80,377,-297
120900122,2028,209,1819
120900123,35,97,-62
120900124,12,143,-131
120900125,12,508,-496
120900126,305,753,-448
120900127,78,215,-137
120900128,444,790,-346
120900129,36,116,-80
120900130,0,222,-222
120900131,241,375,-134
120900132,2940,251,2689
120900133,105,792,-687
120900134,246,185,61
120900135,14,188,-174
120900136,133,348,-215
120900137,1018,240,778
120900138,6,171,-165
120900139,2,223,-221
120900140,8,406,-398
120900141,816,379,437
120900142,84,155,-71
120900143,1,194,-193
120900144,0,53,-53
120900145,314,2434,-2120
120900146,0,173,-173
120900147,19,57,-38
120900148,476,202,274
120900149,1,167,-166
120900150,210,216,-6
120900151,4,125,-121
120900152,30,8,22
120900153,0,0,0
120900154,8,245,-237
120900155,458,385,73
120900156,1162,273,889
120900157,2,5,-3
120900158,182,295,-113
120900159,12,52,-40
120900160,159,558,-399
120900161,108,520,-412
120900162,65,1010,-945
120900163,176,2272,-2096
120900164,1,64,-63
120900165,1,121,-120
120900166,128,1612,-1484
120900167,185,103,82
120900169,400,339,61
120900170,280,9041,-8761
120900171,607,102,505
120900172,77,3623,-3546
120900173,0,132,-132
120900174,11,132,-121
120900175,393,152,241
120900176,53,843,-790
120900177,11,4614,-4603
120900178,2,1576,-1574
120900179,220,349,-129
120900180,101,599,-498
120900181,117,118,-1
120900182,118,520,-402
120900183,1137,48,1089
120900184,354,117,237
120900185,1751,2514,-763
120900186,0,116,-116
120900187,1697,835,862
120900188,758,64,694
120900189,116,6610,-6494
120900190,583,16,567
120900191,512,12,500
120900192,7443,29736,-22293
120900194,212,530,-318
120900195,137,331,-194
120900196,594,109,485
120900197,1400,221,1179
120900198,172,483,-311
120900199,501,409,92
120900200,33,163,-130
120900201,267,95,172
120900202,2,184,-182
120900203,66,98,-32
120900204,119,195,-76
120900205,234,29,205
120900206,110,51,59
120900207,43,1043,-1000
121000001,1127,4779,-3652
121000002,3933,3938,-5
121000003,11579,3387,8192
121000004,3057,5475,-2418
121000005,3623,4550,-927
121000006,4303,4810,-507
121000007,4440,10401,-5961
121000008,5371,8425,-3054
121000009,7667,14195,-6528
121000010,9600,10145,-545
121000011,9347,11972,-2625
121000012,16011,7141,8870
121000013,9803,8383,1420
121000014,7250,5765,1485
121000015,7800,11113,-3313
121000016,5394,6072,-678
121000017,4487,2376,2111
121000018,5695,3217,2478
121000019,11557,10553,1004
121000020,12788,20235,-7447
121000021,3249,3381,-132
121000022,3948,6790,-2842
121000023,4102,1420,2682
121000024,7093,8747,-1654
121000025,884,2894,-2010
121000026,580,299,281
121000027,2384,2122,262
121000028,1360,1402,-42
121000029,1642,1125,517
121000030,1128,1046,82
121000031,707,1575,-868
121000032,317,271,46
121000034,709,2297,-1588
121000035,468,927,-459
121000036,1934,2132,-198
121000037,1053,2514,-1461
121000038,555,1860,-1305
121000039,346,777,-431
121000041,767,915,-148
121000042,235,730,-495
121000043,998,889,109
121000044,2118,1849,269
121000045,978,486,492
121000046,1275,2093,-818
121000047,99,174,-75
121000049,1641,1343,298
121000050,496,3177,-2681
121000051,962,711,251
121000052,652,2062,-1410
121000053,1010,532,478
121000054,98,1183,-1085
121000055,1499,5522,-4023
121000056,1416,2145,-729
121000057,305,1008,-703
121000058,210,174,36
121000059,5534,2255,3279
121000060,667,1678,-1011
121000061,61,803,-742
121000062,151,2259,-2108
121000063,1296,1848,-552
121000064,1048,1238,-190
121000065,247,1096,-849
121000066,1217,2289,-1072
121000067,666,1942,-1276
121000068,678,805,-127
121000069,173,2094,-1921
121000070,1986,3192,-1206
121000071,3390,3664,-274
121000072,1185,3150,-1965
121000073,1423,2661,-1238
121000074,114,490,-376
121000075,24,413,-389
121000076,457,996,-539
121000077,204,262,-58
121000078,181,537,-356
121000080,4888,1242,3646
121000081,8245,7218,1027
121000082,136,634,-498
121000083,61,284,-223
121000084,293,396,-103
121000085,539,793,-254
121000086,2246,701,1545
121000087,207,364,-157
121000088,1404,684,720
121000089,347,1161,-814
121000090,285,738,-453
121000091,1743,1222,521
121000092,321,143,178
121000093,413,419,-6
121000094,499,1877,-1378
121000095,187,1361,-1174
121000096,9764,3048,6716
121000097,845,3906,-3061
121000098,1204,821,383
121000099,1675,744,931
121000100,1682,318,1364
121000101,839,246,593
121000102,873,202,671
121000103,430,195,235
121000104,715,141,574
121000105,864,255,609
121000106,651,403,248
121000107,2576,4598,-2022
121000109,1968,1130,838
121000110,221,1056,-835
121000114,6102,4256,1846
121000115,6258,1055,5203
121000116,544,1524,-980
121000117,429,506,-77
121000118,2535,541,1994
121000119,658,499,159
121000120,898,796,102
121000121,672,3792,-3120
121000123,1306,608,698
121000126,78,561,-483
121000127,140,178,-38
121000128,2555,245,2310
121000129,1982,289,1693
121000130,894,937,-43
121000131,2245,1415,830
121000132,874,1158,-284
121000135,490,758,-268
121000136,1309,2860,-1551
121000137,2187,680,1507
121000138,709,2615,-1906
121000139,230,945,-715
121000141,418,712,-294
121000142,888,871,17
121000143,208,26,182
121000144,808,952,-144
121000145,1205,1181,24
121000146,2475,2387,88
121000147,2910,1198,1712
121000148,1710,1302,408
121000149,4756,3846,910
121000152,577,619,-42
121000153,2543,803,1740
121000154,2848,1093,1755
121000155,5828,2097,3731
121000156,668,2192,-1524
121000157,1546,2119,-573
121000158,356,462,-106
121000159,471,763,-292
121000160,416,906,-490
121000161,540,509,31
121000162,256,108,148
121000165,1886,2424,-538
121000166,92,950,-858
121000168,681,303,378
121000169,223,298,-75
121000170,541,127,414
121000171,178,422,-244
121000172,1893,2556,-663
121000173,2543,2544,-1
121000174,1360,1142,218
121000175,3377,1470,1907
121000176,1132,465,667
121000177,1373,1506,-133
121000178,125,144,-19
121000179,82,142,-60
121000181,502,538,-36
121000182,505,754,-249
121000183,94,297,-203
121000184,49,608,-559
121000185,55,791,-736
121000186,605,1805,-1200
121000187,530,128,402
121000188,680,170,510
121000192,1722,702,1020
121000193,1404,559,845
121000194,3361,3213,148
121000195,485,2421,-1936
121000196,1074,997,77
121000197,231,3189,-2958
121000198,252,601,-349
121000199,242,1354,-1112
121000200,1172,520,652
121000201,38,861,-823
121000202,920,444,476
121000203,1553,2871,-1318
121000204,5551,1026,4525
121000205,241,381,-140
121000206,188,299,-111
121000207,3752,686,3066
121000208,7,406,-399
121000209,1575,112,1463
121000210,1564,647,917
121000211,1016,212,804
121000212,697,1181,-484
121000213,31142,5608,25534
121000214,2713,4123,-1410
121000215,959,4733,-3774
121000216,980,1302,-322
121000217,6426,5952,474
121000218,669,4762,-4093
121000219,3084,2093,991
121000220,450,164,286
121000221,340,1294,-954
121000222,9261,6218,3043
121000223,266,1428,-1162
121000224,190,864,-674
121000225,1007,8695,-7688
121000226,1272,3615,-2343
121000227,30,172,-142
121000228,85,1207,-1122
121000229,1032,979,53
121000230,162,5515,-5353
121000231,3364,35,3329
121000232,1002,528,474
121000233,1431,543,888
121000234,25,85,-60
121000235,63,96,-33
121000236,1,57,-56
121000237,21,44,-23
121000238,19,138,-119
121000239,94,8,86
121000240,20,241,-221
121000241,123,18,105
121000242,45,473,-428
121000243,245,58,187
121000244,6,87,-81
121000245,39,14,25
121000246,0,127,-127
121000247,146,3,143
121000248,572,976,-404
121000249,177,789,-612
121000250,925,994,-69
121000251,26,437,-411
121000252,246,315,-69
121000253,955,1808,-853
121000254,1464,736,728
121000255,374,1259,-885
121000256,711,1882,-1171
121000257,122,501,-379
121000258,86,681,-595
121000259,66,331,-265
121000260,48,546,-498
121000261,69,588,-519
121000262,4589,539,4050
121000263,752,756,-4
121000271,1952,2694,-742
121000273,42,49,-7
121000274,75,358,-283
121000275,3,35,-32
121000276,29,163,-134
121000278,160,132,28
121000279,89,428,-339
121000280,116,231,-115
121000289,879,26,853
121000290,3196,3112,84
121000294,537,61,476
121000297,632,2231,-1599
121000299,217,8180,-7963
121000300,3546,1355,2191
121000302,21,1105,-1084
121000303,1126,407,719
121000304,853,159,694
121000305,436,189,247
121000306,378,590,-212
121000308,100,417,-317
121000309,374,578,-204
121000310,186,419,-233
121000311,127,467,-340
121000312,1159,779,380
121000313,429,399,30
121000314,37,92,-55
121000315,26,118,-92
121000530,4335,3739,596
121000531,4211,2620,1591
121000532,8765,8133,632
121000533,6046,5760,286
121000918,19,87,-68
121000919,22,106,-84
121000938,118,165,-47
121000939,64,488,-424
121000956,2393,3778,-1385
121000957,6,141,-135
121000958,7,790,-783
121000959,2838,433,2405
121000960,3172,1998,1174
121000961,651,91,560
121000962,554,560,-6
121000973,3,538,-535
121000976,49,185,-136
121000979,859,326,533
121000981,795,134,661
121000982,681,354,327
121000983,1128,245,883
121000984,15,290,-275
121000985,2136,778,1358
121000986,1199,628,571
121000987,538,1095,-557
121000988,1972,197,1775
121001302,502,387,115
121001308,0,197,-197
121001309,50,448,-398
121001313,486,106,380
121001314,3396,2612,784
121001315,8004,5632,2372
121900001,243,638,-395
121900002,62,305,-243
121900003,460,12,448
121900004,60,2181,-2121
121900005,32,15,17
121900006,285,54,231
121900007,3909,3200,709
121900008,26,360,-334
121900009,1969,24,1945
121900010,474,7,467
121900011,543,186,357
121900012,6,0,6
121900013,272,203,69
121900014,6897,617,6280
121900015,161,423,-262
121900016,12,80,-68
121900017,1020,1605,-585
121900018,1134,18,1116
121900019,1327,293,1034
121900020,141,3,138
121900021,2685,65,2620
121900022,374,467,-93
121900023,671,864,-193
121900024,1166,68,1098
121900025,1177,964,213
121900026,859,197,662
121900027,711,450,261
121900028,444,31,413
121900029,332,924,-592
121900030,655,878,-223
121900031,3108,10506,-7398
121900032,224,143,81
121900033,268,450,-182
121900034,380,747,-367
121900035,13740,6658,7082
121900036,366,704,-338
121900037,186,2110,-1924
121900038,113,162,-49
121900039,329,52,277
121900040,83,283,-200
121900041,59,437,-378
121900042,780,321,459
121900043,1,10,-9
121900044,123,58,65
121900046,283,407,-124
121900047,373,154,219
121900048,224,134,90
121900050,43,88,-45
121900051,240,601,-361
121900052,401,91,310
121900053,971,1082,-111
121900054,447,3046,-2599
121900055,6,32,-26
121900058,786,905,-119
121900059,654,231,423
121900060,275,1720,-1445
121900061,276,205,71
121900062,228,113,115
121900063,2662,1688,974
121900064,660,1276,-616
121900066,267,40,227
121900067,125,102,23
121900069,214,473,-259
121900070,144,341,-197
121900071,1513,709,804
121900072,69,293,-224
121900073,273,576,-303
121900074,765,1007,-242
121900075,470,1471,-1001
121900076,918,3052,-2134
121900077,72,31,41
121900078,357,67,290
121900079,0,0,0
121900080,1809,588,1221
121900082,135,226,-91
121900084,51,80,-29
121900085,8,29,-21
121900086,77,77,0
121900087,73,141,-68
121900088,2296,3111,-815
121900089,934,367,567
121900090,36,119,-83
121900091,238,50,188
121900092,378,156,222
121900093,165,125,40
121900094,35,23,12
121900095,653,220,433
121900096,2038,1553,485
121900097,1631,182,1449
121900098,45,8,37
121900099,560,55,505
121900100,82,195,-113
121900101,123,222,-99
121900102,2,162,-160
121900103,765,679,86
121900104,3362,1249,2113
121900105,474,295,179
121900106,27,14,13
121900107,303,54,249
121900108,0,91,-91
121900109,371,219,152
121900110,1532,1280,252
121900111,1126,856,270
121900112,238,418,-180
121900113,246,1101,-855
121900114,74,125,-51
121900117,334,959,-625
121900118,4862,1460,3402
121900119,227,69,158
121900120,435,1780,-1345
121900121,842,66,776
121900122,107,109,-2
121900123,640,479,161
121900124,465,357,108
121900125,6539,2384,4155
121900127,10,212,-202
121900128,148,107,41
121900129,386,136,250
121900130,221,853,-632
121900131,465,329,136
121900132,150,140,10
121900133,35,879,-844
121900134,25,948,-923
121900135,8512,556,7956
121900136,505,856,-351
121900137,105,556,-451
121900138,89,479,-390
121900139,652,5858,-5206
121900140,90,99,-9
121900141,97,160,-63
121900142,179,85,94
121900143,56,208,-152
121900144,271,1179,-908
121900145,305,458,-153
121900146,621,1195,-574
121900147,71,689,-618
121900148,488,793,-305
121900149,611,543,68
121900150,105,447,-342
121900151,41,616,-575
121900152,317,99,218
121900153,37,252,-215
121900154,27,657,-630
121900155,8,1111,-1103
121900156,374,369,5
121900157,4,393,-389
121900158,198,237,-39
121900159,0,214,-214
121900160,93,299,-206
121900161,425,819,-394
121900162,194,418,-224
121900163,827,266,561
121900164,309,522,-213
121900165,287,567,-280
121900166,155,279,-124
121900167,57,130,-73
121900168,174,86,88
121900169,40,511,-471
121900170,13,160,-147
121900171,1906,1223,683
121900172,1274,711,563
121900173,1647,785,862
121900174,149,62,87
121900175,148,2145,-1997
121900176,1063,3361,-2298
121900177,285,158,127
121900178,115,126,-11
121900179,570,743,-173
121900180,2548,9881,-7333
121900182,1209,1684,-475
121900183,356,2962,-2606
121900184,64,1833,-1769
121900186,11,892,-881
121900187,41,267,-226
121900188,3191,265,2926
121900189,265,216,49
121900190,439,845,-406
121900191,36,574,-538
121900192,376,4378,-4002
121900193,128,774,-646
121900194,6,345,-339
121900195,31,101,-70
121900196,2157,1534,623
121900197,570,1735,-1165
121900198,6338,4756,1582
121900199,2,27,-25
121900200,60,429,-369
121900201,2093,1300,793
121900202,423,1889,-1466
121900203,141,2226,-2085
121900204,3334,2429,905
121900205,35,162,-127
121900206,21,320,-299
121900207,91,174,-83
121900208,171,1149,-978
121900209,177,156,21
121900210,4190,1869,2321
121900211,111,180,-69
121900212,33,209,-176
121900213,889,45,844
121900214,9,993,-984
121900215,81,515,-434
121900216,47,979,-932
121900217,455,651,-196
121900218,182,1038,-856
121900220,186,42,144
121900221,1106,871,235
121900222,609,183,426
121900223,310,308,2
121900224,219,256,-37
121900225,205,1188,-983
121900226,529,29,500
121900227,588,5316,-4728
121900228,517,165,352
121900230,165,703,-538
121900231,91,2645,-2554
121900232,268,1189,-921
121900233,1112,385,727
121900234,669,827,-158
121900235,1417,228,1189
121900236,623,346,277
121900237,374,1404,-1030
121900238,315,914,-599
121900239,249,130,119
121900240,266,468,-202
121900241,92,45,47
121900242,49,0,49
121900243,19,3,16
121900244,21,3,18
121900245,905,66,839
121900246,11926,730,11196
121900247,807,432,375
121900248,3756,1289,2467
121900250,199,375,-176
121900251,1521,42,1479
121900252,613,211,402
121900253,60,1498,-1438
121900254,418,639,-221
121900255,1134,371,763
121900258,8357,2520,5837
121900259,168,1083,-915
121900260,325,269,56
121900261,128,1627,-1499
121900262,1222,2795,-1573
121900263,478,318,160
121900264,1800,1218,582
121900265,905,274,631
121900266,1136,259,877
121900267,447,44,403
121900269,763,2018,-1255
121900270,122,373,-251
121900271,193,399,-206
121900273,796,3490,-2694
121900274,894,436,458
121900277,451,3387,-2936
121900278,272,4567,-4295
121900279,329,412,-83
121900280,164,516,-352
121900281,166,823,-657
121900284,80,9,71
121900286,386,1293,-907
121900287,8,111,-103
121900288,23,3,20
121900290,295,2406,-2111
121900291,546,3066,-2520
121900292,268,247,21
121900293,1210,13076,-11866
121900294,726,21,705
121900295,341,139,202
121900296,141,462,-321
121900298,196,2076,-1880
121900299,0,6,-6
121900300,106,9,97
121900301,41,4,37
121900302,8,89,-81
121900303,266,2058,-1792
121900304,78,42,36
121900305,54,57,-3
121900306,643,7,636
121900307,394,8,386
121900308,24,402,-378
121900309,28,319,-291
121900310,21,190,-169
121900311,1121,80,1041
121900312,888,87,801
121900313,910,34,876
121900314,21,27,-6
121900315,88,4,84
121900316,0,4,-4
121900317,47,61,-14
121900318,8,2,6
121900319,117,465,-348
121900320,227,38,189
121900321,57,16,41
121900322,28,14,14
121900323,99,45,54
121900324,2,77,-75
121900325,76,0,76
121900326,2,10,-8
121900327,1,63,-62
121900328,0,62,-62
121900329,2,39,-37
121900330,2,76,-74
121900331,50,206,-156
121900332,97,78,19
121900333,131,1,130
122000001,2336,5919,-3583
122000002,3526,1449,2077
122000003,1305,3045,-1740
122000004,1674,1426,248
122000005,10671,2827,7844
122000006,731,1776,-1045
122000007,704,2106,-1402
122000008,1608,3965,-2357
122000009,773,792,-19
122000010,3514,3600,-86
122000011,8604,2911,5693
122000012,1058,5457,-4399
122000013,793,2858,-2065
122000014,8849,2744,6105
122000015,1601,1231,370
122000016,585,803,-218
122000017,2142,2069,73
122000018,5090,3504,1586
122000019,1359,4126,-2767
122000020,296,1008,-712
122000021,235,555,-320
122000022,2025,2518,-493
122000023,2004,3991,-1987
122000024,673,4520,-3847
122000025,797,5274,-4477
122000026,337,1412,-1075
122000027,1348,1301,47
122000028,4480,1447,3033
122000029,401,3094,-2693
122000030,218,610,-392
122000031,244,917,-673
122000032,8491,4599,3892
122000033,553,5781,-5228
122000034,342,1961,-1619
122000035,384,736,-352
122000036,775,1583,-808
122000037,1876,468,1408
122000038,405,942,-537
122000039,705,1461,-756
122000040,258,672,-414
122000041,2891,1663,1228
122000042,592,1528,-936
122000043,119,333,-214
122000044,103,270,-167
122000045,3261,1588,1673
122000046,1450,2502,-1052
122000047,97,464,-367
122000048,2750,6513,-3763
122000049,11505,7034,4471
122000050,870,1306,-436
122000051,335,767,-432
122000052,715,804,-89
122000053,477,1835,-1358
122000054,2773,4346,-1573
122000055,2240,4698,-2458
122000056,5148,3211,1937
122000057,7154,4058,3096
122000058,819,2352,-1533
122000059,941,4277,-3336
122000060,338,1576,-1238
122000061,168,1025,-857
122000062,822,410,412
122000063,337,1944,-1607
122000064,3949,9124,-5175
122000065,3264,7145,-3881
122000066,1058,4823,-3765
122000067,2194,3534,-1340
122000068,9068,2597,6471
122000069,2785,2215,570
122000070,3678,3010,668
122000071,6560,2057,4503
122000072,2637,1165,1472
122000073,259,2655,-2396
122000074,3946,3178,768
122000075,2195,1687,508
122000076,12257,3280,8977
122000077,871,3103,-2232
122000078,498,3825,-3327
122000079,242,4957,-4715
122000080,633,934,-301
122000081,95,527,-432
122000082,287,1992,-1705
122000083,18419,1636,16783
122000084,7199,3213,3986
122000085,646,1780,-1134
122000086,5654,15093,-9439
122000087,423,498,-75
122000088,82,492,-410
122000089,10416,5410,5006
122000090,1679,3620,-1941
122000091,148,2637,-2489
122000092,42,164,-122
122000093,2483,9540,-7057
122000094,12374,5227,7147
122000095,1130,10430,-9300
122000096,645,6106,-5461
122000098,7872,6322,1550
122000099,636,3894,-3258
122000100,1091,1060,31
122000101,463,1384,-921
122000102,8024,2263,5761
122000103,1954,4480,-2526
122000104,2868,299,2569
122000105,351,827,-476
122000106,888,2963,-2075
122000107,2116,774,1342
122000108,1362,1323,39
122000109,510,395,115
122000110,1354,1054,300
122000111,5267,2418,2849
122000112,3008,2949,59
122000113,986,1517,-531
122000114,2161,6772,-4611
122000115,3460,2103,1357
122000116,418,988,-570
122000117,2658,772,1886
122000118,1291,804,487
122000119,3747,1915,1832
122000120,1094,4670,-3576
122000121,911,2531,-1620
122000122,469,1019,-550
122000123,1600,2363,-763
122000124,1015,631,384
122000125,393,702,-309
122000126,473,720,-247
122000127,459,780,-321
122000128,393,582,-189
122000129,643,4113,-3470
122000130,5531,1256,4275
122000131,2436,1438,998
122000132,296,397,-101
122000133,1476,1050,426
122000134,2158,1114,1044
122000135,790,314,476
122000136,1341,739,602
122000137,4853,1731,3122
122000139,1243,6200,-4957
122000140,224,3177,-2953
122000141,10135,5371,4764
122000142,142,6065,-5923
122000143,439,537,-98
122000144,2995,2407,588
122000145,1090,3973,-2883
122000146,830,7796,-6966
122000147,778,2316,-1538
122000148,439,2512,-2073
122000149,2989,1513,1476
122000150,2697,2209,488
122000151,208,549,-341
122000152,674,697,-23
122000153,755,799,-44
122000154,400,294,106
122000155,1703,5860,-4157
122000156,18562,7859,10703
122000157,911,18708,-17797
122000158,442,2269,-1827
122000159,1492,2027,-535
122000160,3495,2316,1179
122000161,1715,1351,364
122000162,1623,1453,170
122000163,1126,328,798
122000164,102,488,-386
122000165,1835,2819,-984
122000166,1059,4136,-3077
122000167,384,1201,-817
122000168,358,2248,-1890
122000169,890,487,403
122000170,410,641,-231
122000171,68,153,-85
122000172,4020,2490,1530
122000173,2994,5329,-2335
122000174,1547,3584,-2037
122000175,976,665,311
122000176,580,3017,-2437
122000177,1366,2722,-1356
122000178,8548,6857,1691
122000179,5665,5651,14
122000180,757,1668,-911
122000181,791,2127,-1336
122000182,2040,1863,177
122000183,4234,1654,2580
122000184,4892,4099,793
122000185,1475,5145,-3670
122000186,1248,3974,-2726
122000187,2942,3048,-106
122000188,616,582,34
122000189,398,479,-81
122000190,950,3189,-2239
122000191,1204,1305,-101
122000192,2070,858,1212
122000193,918,1604,-686
122000194,837,588,249
122000195,244,2557,-2313
122000196,1866,539,1327
122000197,742,1219,-477
122000198,635,5259,-4624
122000199,445,828,-383
122000200,1401,1477,-76
122000201,1905,5208,-3303
122000202,1373,3662,-2289
122000203,3192,2214,978
122000204,1825,1933,-108
122000205,1525,942,583
122000206,11080,1984,9096
122000207,2947,4294,-1347
122000208,3510,5588,-2078
122000209,4012,1548,2464
122000210,2980,5978,-2998
122000211,1573,3653,-2080
122000212,1283,872,411
122000213,1452,3144,-1692
122000214,3050,2867,183
122000215,4492,3112,1380
122000217,2382,5092,-2710
122000218,1386,147,1239
122000219,3413,1661,1752
122000220,433,1117,-684
122000221,446,626,-180
122000222,949,162,787
122000223,997,1101,-104
122000225,863,1002,-139
122000226,1934,1986,-52
122000227,329,2402,-2073
122000228,661,458,203
122000229,32,942,-910
122000230,106,1318,-1212
122000231,462,1091,-629
122000232,867,822,45
122000233,0,85,-85
122000234,1112,94,1018
122000235,889,180,709
122000236,2681,72,2609
122000237,180,487,-307
122000238,620,2140,-1520
122000239,1232,1247,-15
122000240,2212,993,1219
122000241,5581,982,4599
122000242,1156,363,793
122000243,166,58,108
122000244,48,748,-700
122000245,30,166,-136
122000246,176,217,-41
122000247,1113,1084,29
122000248,2221,1124,1097
122000249,2371,1901,470
122000250,3946,1800,2146
122000251,91,357,-266
122000252,311,162,149
122000253,199,292,-93
122000254,633,166,467
122000255,655,912,-257
122000256,546,982,-436
122000257,625,192,433
122000258,499,882,-383
122000259,48,638,-590
122000260,10,63,-53
122000261,16,529,-513
122000262,1,42,-41
122000263,431,494,-63
122000264,3329,781,2548
122000265,5086,2424,2662
122000266,6747,1229,5518
122000267,175,252,-77
122000268,360,645,-285
122000269,1765,670,1095
122000270,1116,603,513
122000271,346,6259,-5913
122000272,653,1938,-1285
122000273,1260,872,388
122000274,696,466,230
122000275,104,518,-414
122000276,2231,870,1361
122000277,1761,2893,-1132
122000278,3716,293,3423
122000279,485,574,-89
122000280,1036,1458,-422
122000281,883,899,-16
122000282,126,621,-495
122000283,338,267,71
122000284,125,179,-54
122000285,554,103,451
122000286,122,179,-57
122000287,2894,1752,1142
122000288,718,394,324
122000291,5433,1448,3985
122000293,365,172,193
122000294,230,639,-409
122000295,1921,307,1614
122000296,37,1991,-1954
122000297,3512,5775,-2263
122000299,1100,563,537
122000300,600,673,-73
122000301,13194,5413,7781
122000302,795,7500,-6705
122000303,3328,1517,1811
122000304,33,427,-394
122000305,3685,806,2879
122000306,203,400,-197
122000307,243,228,15
122000309,131,80,51
122000310,47,102,-55
122000311,35,202,-167
122000312,337,327,10
122000313,74,192,-118
122000314,277,778,-501
122000315,605,77,528
122000316,2587,557,2030
122000317,5120,404,4716
122000318,406,3237,-2831
122000319,156,540,-384
122000320,440,1464,-1024
122000321,200,292,-92
122000322,2684,4055,-1371
122000323,666,4030,-3364
122000324,2666,3958,-1292
122000325,1163,5980,-4817
122000326,293,177,116
122000327,541,2077,-1536
122000328,735,1614,-879
122000330,5183,4170,1013
122000332,490,782,-292
122000333,51,93,-42
122000337,2778,549,2229
122000338,944,399,545
122000340,333,6587,-6254
122000342,3211,1512,1699
122000343,1020,657,363
122000344,129,14,115
122000345,47,37,10
122000346,259,228,31
122000348,1147,1288,-141
122000349,106,949,-843
122000351,450,482,-32
122000352,370,291,79
122000353,300,96,204
122000355,188,564,-376
122000356,355,3828,-3473
122000357,86,43,43
122000358,14,10,4
122000359,0,10,-10
122000360,0,28,-28
122000362,36,34,2
122000364,585,263,322
122000365,6,101,-95
122000366,42,25,17
122000368,715,1157,-442
122000370,62,31,31
122000371,94,1,93
122000372,33,6,27
122000381,373,704,-331
122000382,99,283,-184
122000384,1658,1802,-144
122000385,158,0,158
122000386,209,4013,-3804
122000387,616,3699,-3083
122000388,2167,3170,-1003
122000389,384,2493,-2109
122000390,441,1491,-1050
122000391,98,3246,-3148
122000392,229,358,-129
122000393,102,209,-107
122000394,1701,415,1286
122000395,265,258,7
122000396,842,155,687
122000397,59,190,-131
122000398,11,353,-342
122000399,239,91,148
122000400,38,2875,-2837
122000401,263,109,154
122000402,956,326,630
122000403,968,735,233
122000404,517,330,187
122000408,849,1256,-407
122000503,5,173,-168
122000524,103,923,-820
122000544,129,5803,-5674
122000616,277,3,274
122000640,207,87,120
122000641,356,270,86
122000642,2510,798,1712
122000643,53,529,-476
122000644,445,125,320
122000645,66,260,-194
122000651,555,4604,-4049
122000664,278,251,27
122000665,3133,1167,1966
122000666,668,1330,-662
122000673,82,220,-138
122000674,1044,546,498
122000675,3980,941,3039
122000686,1475,4049,-2574
122000687,3576,488,3088
122000688,550,802,-252
122000689,2368,741,1627
122000690,6497,3065,3432
122000691,1663,2198,-535
122000692,2111,383,1728
122000693,562,1316,-754
122000695,738,458,280
122000696,1491,326,1165
122000698,719,258,461
122000699,891,245,646
122000701,4616,439,4177
122000702,820,1922,-1102
122000703,506,193,313
122000717,219,128,91
122000718,440,4780,-4340
122000719,63,206,-143
122000720,1478,183,1295
122000724,177,21,156
122900001,56,34,22
122900002,1195,12742,-11547
122900003,1116,51,1065
122900004,3113,301,2812
122900005,53,206,-153
122900006,485,1386,-901
122900007,149,705,-556
122900008,276,223,53
122900009,1514,607,907
122900010,444,277,167
122900012,313,607,-294
122900014,180,171,9
122900015,1729,1446,283
122900016,360,339,21
122900017,391,3582,-3191
122900018,500,23,477
122900019,19,98,-79
122900020,340,554,-214
122900021,83,677,-594
122900022,2516,1327,1189
122900023,1734,273,1461
122900024,140,200,-60
122900025,6,496,-490
122900026,17,231,-214
122900027,50,1085,-1035
122900028,91,92,-1
122900029,13710,3685,10025
122900030,7808,907,6901
122900031,40,617,-577
122900032,2134,701,1433
122900033,251,309,-58
122900034,8400,7403,997
122900035,177,23,154
122900036,81,70,11
122900037,866,1077,-211
122900038,128,5065,-4937
122900039,94,885,-791
122900040,413,2577,-2164
122900041,206,737,-531
122900042,304,428,-124
122900043,757,647,110
122900044,200,629,-429
122900045,197,602,-405
122900046,259,570,-311
122900047,155,316,-161
122900048,36,635,-599
122900049,6937,234,6703
122900051,160,2284,-2124
122900052,218,101,117
122900053,24,34,-10
122900055,852,154,698
122900057,458,56,402
122900061,961,106,855
122900062,1013,1532,-519
122900063,388,239,149
122900064,1279,607,672
122900065,939,377,562
122900066,1127,463,664
122900067,1182,665,517
122900068,151,335,-184
122900069,668,3591,-2923
122900070,699,168,531
122900071,120,420,-300
122900072,15,389,-374
122900073,26,135,-109
122900074,1936,185,1751
122900075,2,345,-343
122900076,7,496,-489
122900077,2,99,-97
122900078,391,29,362
122900080,46,81,-35
122900081,259,435,-176
122900082,3196,156,3040
122900083,593,91,502
122900084,6,147,-141
122900086,21,207,-186
122900087,811,713,98
122900088,63,1345,-1282
122900089,146,844,-698
122900090,15,349,-334
122900091,755,6,749
122900092,1,261,-260
122900093,0,97,-97
122900094,2,191,-189
122900095,408,70,338
122900096,795,345,450
122900097,61,112,-51
122900098,31,250,-219
122900099,205,78,127
122900100,155,1181,-1026
122900101,637,441,196
122900102,56,111,-55
122900103,451,5,446
122900104,648,16,632
122900105,37,44,-7
122900106,1,66,-65
122900107,19,128,-109
122900108,1,169,-168
123000001,1091,1958,-867
123000002,3588,9461,-5873
123000003,8590,7786,804
123000004,5228,4937,291
123000005,6470,3722,2748
123000006,4779,2946,1833
123000007,6661,4024,2637
123000008,4587,4903,-316
123000009,6491,6006,485
123000010,4105,7882,-3777
123000011,2213,3353,-1140
123000012,1157,9327,-8170
123000013,9555,2743,6812
123000014,1315,5557,-4242
123000015,4632,1735,2897
123000016,4655,4722,-67
123000017,6382,2987,3395
123000018,191,180,11
123000019,1564,54,1510
123000020,975,43,932
123000021,590,701,-111
123000022,955,3763,-2808
123000023,3367,5553,-2186
123000024,2925,1820,1105
123000025,25,375,-350
123000026,5,424,-419
123000027,47,1434,-1387
123000028,468,2309,-1841
123000029,398,1964,-1566
123000030,445,333,112
123000031,781,276,505
123000032,1270,248,1022
123000033,647,314,333
123000034,2349,1193,1156
123000035,1123,971,152
123000036,461,2382,-1921
123000037,325,322,3
123000038,132,474,-342
123000039,700,2120,-1420
123000040,607,332,275
123000041,963,3159,-2196
123000042,661,2184,-1523
123000043,2873,26121,-23248
123000044,3836,3651,185
123000045,6465,3106,3359
123000046,274,1788,-1514
123000047,707,1918,-1211
123000048,153,2692,-2539
123000049,7735,17056,-9321
123000050,5050,3208,1842
123000051,210,490,-280
123000052,1539,5202,-3663
123000053,4553,4015,538
123000054,5692,4002,1690
123000055,3676,10769,-7093
123000056,2280,901,1379
123000057,5896,9680,-3784
123000058,1231,2897,-1666
123000059,371,648,-277
123000060,2214,600,1614
123000061,576,725,-149
123000063,2925,1902,1023
123000064,3211,435,2776
123000065,6306,6001,305
123000066,674,959,-285
123000067,2052,1106,946
123000068,2640,2956,-316
123000069,4519,1868,2651
123000070,361,770,-409
123000071,4335,1218,3117
123000072,2362,949,1413
123000073,4713,1332,3381
123000074,2431,1744,687
123000075,828,4143,-3315
123000076,1857,766,1091
123000077,4071,2026,2045
123000078,6657,2100,4557
123000079,6661,3302,3359
123000080,5847,1629,4218
123000081,652,709,-57
123000082,661,1148,-487
123000083,2606,298,2308
123000084,1780,651,1129
123000085,1102,160,942
123000086,2424,375,2049
123000087,872,395,477
123000088,2594,939,1655
123000089,1915,2029,-114
123000090,3250,1422,1828
123000091,4085,2410,1675
123000092,1879,2708,-829
123000094,1837,313,1524
123000095,2311,1940,371
123000096,2913,759,2154
123000097,1980,588,1392
123000098,2364,886,1478
123000099,1798,504,1294
123000100,535,1419,-884
123000101,890,659,231
123000102,927,2173,-1246
123000104,696,783,-87
123000105,631,433,198
123000106,1073,647,426
123000107,721,519,202
123000108,1065,1590,-525
123000111,2264,831,1433
123000112,3000,774,2226
123000113,1204,1206,-2
123000114,847,1379,-532
123000115,672,737,-65
123000116,134,213,-79
123000117,5049,2404,2645
123000118,1134,668,466
123000119,517,677,-160
123000120,483,1215,-732
123000121,1145,1693,-548
123000122,704,566,138
123000123,1093,1011,82
123000124,696,610,86
123000125,2473,1721,752
123000126,1981,9585,-7604
123000127,745,744,1
123000128,597,437,160
123000129,2048,380,1668
123000130,1981,131,1850
123000131,3349,1487,1862
123000132,619,1045,-426
123000133,262,489,-227
123000134,475,153,322
123000135,5565,1584,3981
123000136,392,658,-266
123000137,443,349,94
123000138,329,476,-147
123000139,1343,464,879
123000140,76,683,-607
123000141,1361,274,1087
123000142,1737,1116,621
123000143,1143,2652,-1509
123000144,7,101,-94
123000145,324,928,-604
123000146,39,322,-283
123000147,121,439,-318
123000149,498,653,-155
123000150,192,354,-162
123000151,240,822,-582
123000152,75,1499,-1424
123000153,146,1346,-1200
123000154,1627,2729,-1102
123000155,3244,3050,194
123000156,74,111,-37
123000157,1580,1533,47
123000158,941,1569,-628
123000159,5385,10592,-5207
123000160,2449,3023,-574
123000161,2823,2169,654
123000162,3632,3300,332
123000163,2163,717,1446
123000164,4744,546,4198
123000165,401,1511,-1110
123000166,57,141,-84
123000167,168,373,-205
123000168,759,245,514
123000169,2023,319,1704
123000170,112,115,-3
123000171,3255,39,3216
123000172,166,661,-495
123000173,1396,1727,-331
123000174,1602,859,743
123000175,633,1185,-552
123000176,1865,942,923
123000177,573,1361,-788
123000178,2260,500,1760
123000179,84,860,-776
123000180,2877,663,2214
123000181,493,1103,-610
123000182,474,917,-443
123000183,311,761,-450
123000184,101,957,-856
123000185,1980,1231,749
123000186,20,320,-300
123000187,1277,33,1244
123000188,927,5,922
123000189,513,175,338
123000190,148,86,62
123000192,7,463,-456
123000193,8,672,-664
123000194,284,300,-16
123000195,960,45,915
123000196,1399,47,1352
123000197,240,181,59
123000198,229,419,-190
123000199,59,511,-452
123000200,1397,8,1389
123000201,3210,42,3168
123000202,42,581,-539
123000203,2917,98,2819
123000204,56,629,-573
123000205,222,796,-574
123000206,5965,459,5506
123000207,155,918,-763
123000208,1492,217,1275
123000209,3770,1040,2730
123000210,191,1890,-1699
123000211,668,2250,-1582
123000212,8825,933,7892
123000213,1373,94,1279
123000215,95,409,-314
123000216,395,2349,-1954
123000217,390,114,276
123000218,63,1183,-1120
123000219,2212,231,1981
123000220,1241,316,925
123000221,285,603,-318
123000222,786,525,261
123000223,1530,344,1186
123000224,1085,419,666
123000225,561,131,430
123000226,208,1906,-1698
123000227,119,448,-329
123000228,620,118,502
123000229,1099,1653,-554
123000232,413,668,-255
123000233,1497,199,1298
123000234,235,784,-549
123000235,3092,401,2691
123000236,662,715,-53
123000237,1002,244,758
123000238,85,518,-433
123000239,488,1028,-540
123000240,120,2036,-1916
123000241,915,208,707
123000242,480,450,30
123000243,1171,1222,-51
123000244,1059,680,379
123000245,121,234,-113
123000249,1182,1253,-71
123000252,1682,815,867
123000253,3061,1168,1893
123000254,1113,1218,-105
123000255,1821,1234,587
123000256,60,288,-228
123000257,3761,1523,2238
123000258,1331,790,541
123000259,1062,637,425
123000260,1201,335,866
123000261,736,262,474
123000262,93,212,-119
123000263,906,105,801
123000264,242,155,87
123000265,58,183,-125
123000266,893,715,178
123000267,1538,640,898
123000268,106,70,36
123000269,69,228,-159
123000270,73,203,-130
123000271,34,91,-57
123000272,1184,375,809
123000273,538,2305,-1767
123000274,2213,1818,395
123000275,376,1084,-708
123000278,2870,7559,-4689
123000279,446,156,290
123000280,583,506,77
123000281,710,355,355
123000282,223,639,-416
123000283,312,148,164
123000284,139,95,44
123000286,143,958,-815
123000287,551,916,-365
123000288,1157,2800,-1643
123000289,351,3604,-3253
123000291,248,1697,-1449
123000294,103,187,-84
123000295,874,2064,-1190
123000296,1281,906,375
123000297,1626,513,1113
123000298,2325,573,1752
123000299,187,134,53
123000300,2825,1535,1290
123000301,326,973,-647
123000302,358,139,219
123000303,137,783,-646
123000305,1970,1489,481
123000306,536,89,447
123000309,97,200,-103
123000310,142,135,7
123000311,0,319,-319
123000312,763,713,50
123000313,866,848,18
123000315,265,395,-130
123000316,1279,521,758
123000317,512,173,339
123000318,100,490,-390
123000329,10,26,-16
123000337,411,443,-32
123000338,202,271,-69
123000339,812,41,771
123000340,130,454,-324
123000342,4,177,-173
123000343,417,56,361
123000344,588,250,338
123000345,606,486,120
123000346,1074,142,932
123000352,3565,1599,1966
123000353,140,155,-15
123000354,951,100,851
123000355,1,468,-467
123000356,1491,18,1473
123000357,13,189,-176
123000359,35,80,-45
123000360,745,581,164
123000361,1236,358,878
123000362,899,286,613
123000363,267,383,-116
123000364,898,1020,-122
123000365,47,671,-624
123000366,673,6644,-5971
123000367,518,919,-401
123000370,86,2997,-2911
123000371,1056,816,240
123000372,840,188,652
123000373,19,624,-605
123000374,12,184,-172
123000375,977,95,882
123000376,1705,1595,110
123000377,1680,37,1643
123000378,42,541,-499
123000379,26,1057,-1031
123000380,15,576,-561
123000381,99,250,-151
123000382,1100,244,856
123000383,277,1389,-1112
123000384,1399,497,902
123000385,400,1214,-814
123000436,134,2964,-2830
123000507,100,222,-122
123000508,216,2223,-2007
123000517,359,36,323
123000518,53,101,-48
123000519,423,102,321
123000520,61,111,-50
123000521,1010,100,910
123000522,366,264,102
123000541,18,4,14
123000542,2,17,-15
123000565,6,0,6
123000566,2674,241,2433
123000567,293,75,218
123000573,79,993,-914
123000574,1928,201,1727
123000575,3878,661,3217
123000576,1589,1083,506
123000577,210,1593,-1383
123000578,932,460,472
123000579,1414,13409,-11995
123000580,201,212,-11
123000582,1492,51,1441
123000583,52,635,-583
123000584,398,332,66
123000585,0,53,-53
123000586,724,0,724
123000596,115,125,-10
123000597,108,271,-163
123000602,246,26,220
123000603,2956,610,2346
123000604,1411,547,864
123000605,1954,203,1751
123000606,2,1215,-1213
123000609,51,639,-588
123000610,230,155,75
123000613,86,154,-68
123000614,757,82,675
123000615,108,136,-28
123000616,2699,72,2627
123000617,223,393,-170
123000618,52,775,-723
123000619,679,57,622
123000620,32,434,-402
123000622,1083,32,1051
123000624,497,119,378
123000630,3716,818,2898
123000631,615,700,-85
123000632,1298,1078,220
123000633,1,365,-364
123000634,111,1160,-1049
123000635,182,405,-223
123000636,77,747,-670
123000637,689,96,593
123000638,1372,77,1295
123000639,1804,13906,-12102
123000640,6,509,-503
123900001,1809,229,1580
123900002,59,2600,-2541
123900003,226,671,-445
123900005,601,459,142
123900006,1282,231,1051
124000001,3323,323,3000
124000002,62,1645,-1583
124000003,2399,279,2120
124000004,129,572,-443
124000005,2160,2310,-150
124000006,240,636,-396
124000007,2066,327,1739
124000008,5,833,-828
124000009,1508,929,579
124000010,697,746,-49
124000011,1742,1687,55
124000012,391,453,-62
124000017,598,188,410
124000018,235,129,106
124000019,584,278,306
124000020,37,149,-112
124000021,271,173,98
124000022,94,241,-147
124000023,2595,2177,418
124000024,1966,376,1590
124000025,2233,2284,-51
124000026,1399,1193,206
124000027,4674,4953,-279
124000028,1666,4320,-2654
124000030,2011,1782,229
124000031,1971,14223,-12252
124000032,1961,936,1025
124000033,5,591,-586
124000034,1141,825,316
124000035,45,433,-388
124000036,53,349,-296
124000037,521,1280,-759
124000038,12,168,-156
124000039,566,483,83
124000040,255,1226,-971
124000041,1281,354,927
124000042,192,576,-384
124000043,275,237,38
124000044,111,437,-326
124000045,3153,573,2580
124000046,358,1371,-1013
124000047,5424,1029,4395
124000048,1659,916,743
124000049,3747,713,3034
124000050,1555,1182,373
124000051,2468,640,1828
124000052,1282,880,402
124000053,493,4501,-4008
124000054,829,420,409
124000055,1722,11410,-9688
124000056,2275,917,1358
124000057,3003,586,2417
124000058,1412,1309,103
124000059,2504,2056,448
124000060,711,680,31
124000061,2006,9761,-7755
124000062,2246,1346,900
124000063,1477,1193,284
124000064,1988,1315,673
124000065,12,1539,-1527
124000066,812,3791,-2979
124000067,262,532,-270
124000068,37,69,-32
124000069,382,65,317
124000070,258,107,151
124000071,220,323,-103
124000072,608,1099,-491
124000073,2093,259,1834
124000074,505,723,-218
124000075,846,91,755
124000076,23,137,-114
124000077,293,1064,-771
124000078,1816,1290,526
124000079,364,1676,-1312
124000080,1641,388,1253
124000081,415,659,-244
124000082,129,253,-124
124000083,59,82,-23
124000084,101,1664,-1563
124000085,58,69,-11
124000086,19,503,-484
124000087,87,395,-308
124000088,164,692,-528
124000089,1262,419,843
124000090,369,398,-29
124000091,1271,287,984
124000092,393,988,-595
124000093,319,287,32
124000094,247,951,-704
124000095,355,144,211
124000096,407,271,136
124000097,281,249,32
124000098,184,132,52
124000099,504,122,382
124000100,112,141,-29
124000101,272,322,-50
124000102,132,63,69
124000103,510,392,118
124000104,203,64,139
124000105,333,301,32
124000106,177,58,119
124000107,41,456,-415
124000108,58,14,44
124000109,294,187,107
124000110,115,94,21
124000111,549,128,421
124000112,1461,675,786
124000113,325,189,136
124000114,696,526,170
124000115,435,943,-508
124000116,191,311,-120
124000117,39,116,-77
124000118,79,142,-63
124000119,1487,1583,-96
124000120,1292,1194,98
124000121,1597,1075,522
124000122,628,1955,-1327
124000123,1351,593,758
124000124,621,864,-243
124000125,740,492,248
124000126,425,572,-147
124000127,1773,559,1214
124000128,893,930,-37
124000129,2273,1859,414
124000130,605,592,13
124000131,1010,1204,-194
124000132,746,938,-192
124000133,2272,1588,684
124000134,1318,939,379
124000135,2940,3442,-502
124000136,1113,1147,-34
124000137,1359,2482,-1123
124000138,1078,1347,-269
124000139,672,176,496
124000140,20,783,-763
124000141,60,43,17
124000142,12,464,-452
124000143,135,49,86
124000144,28,94,-66
124000145,176,412,-236
124000146,73,444,-371
124000148,24,118,-94
124000149,1867,338,1529
124000150,367,1013,-646
124000151,2013,745,1268
124000152,1221,1342,-121
124000153,1696,1345,351
124000154,839,1020,-181
124000155,1843,1213,630
124000156,1077,1361,-284
124000169,341,1607,-1266
124000170,1481,1153,328
124000171,602,856,-254
124000172,461,882,-421
124000173,1564,454,1110
124000174,839,701,138
124000175,37,100,-63
124000176,92,60,32
124000177,6,52,-46
124000178,53,98,-45
124000190,148,115,33
124000191,100,389,-289
124000192,2102,1724,378
124000193,340,6728,-6388
124000194,405,635,-230
124000195,588,796,-208
124000196,743,1090,-347
124000197,100,36,64
124000198,128,123,5
124000201,97,706,-609
124000202,1215,136,1079
124000203,1352,243,1109
124000204,3410,1102,2308
124000205,240,446,-206
124000206,2250,410,1840
124000207,1,26,-25
124000209,275,307,-32
124000210,2237,382,1855
124000211,1861,9,1852
124000212,2,173,-171
124000213,1242,120,1122
124000214,1132,441,691
124000215,1001,21,980
124000216,3,240,-237
124000329,635,865,-230
124000338,517,697,-180
124000339,3943,62,3881
124000341,3784,108,3676
124000344,109,17,92
124000357,1660,5124,-3464
124000358,747,2919,-2172
124000359,1718,1183,535
124000360,1845,889,956
124000361,3103,1789,1314
124000362,2580,4751,-2171
124000363,700,326,374
124000364,795,668,127
124000365,1121,1382,-261
124000366,3024,938,2086
124000367,72,504,-432
124000368,553,1839,-1286
124000369,138,233,-95
124000370,53,1149,-1096
124000402,45,58,-13
124000403,380,63,317
124000404,55,125,-70
124000405,1093,933,160
124000406,690,504,186
124000407,9,37,-28
124000411,7,415,-408
124000412,1000,6,994
124000413,274,510,-236
124000414,230,171,59
124000415,157,76,81
124000416,298,247,51
124000417,756,188,568
124000418,710,54,656
124000419,218,72,146
124000420,392,36,356
124000421,125,64,61
124000422,41,27,14
124000423,152,65,87
124000424,6,26,-20
124000425,84,55,29
124000426,11,112,-101
124000427,125,8,117
124000428,6,622,-616
124000429,272,25,247
124000430,1513,806,707
124000431,759,702,57
124000432,636,1356,-720
124000439,17,0,17
124000443,3,25,-22
124000445,149,4166,-4017
124000446,1299,438,861
124900001,1742,471,1271
124900002,335,367,-32
124900003,2192,431,1761
124900004,1847,291,1556
124900005,371,78,293
124900006,1616,335,1281
124900008,693,728,-35
124900009,157,764,-607
124900010,472,161,311
124900011,1689,423,1266
124900012,504,102,402
124900013,1084,263,821
124900014,606,268,338
124900015,309,547,-238
124900016,159,421,-262
124900017,517,5067,-4550
124900018,356,6,350
124900020,273,82,191
124900021,722,334,388
124900022,90,0,90
124900024,992,6,986
124900026,76,134,-58
124900027,226,595,-369
124900028,503,168,335
124900029,25,1127,-1102
124900030,7,109,-102
124900031,105,297,-192
124900032,494,280,214
124900033,230,289,-59
124900034,46,366,-320
124900035,303,248,55
124900036,13,200,-187
124900037,233,208,25
124900038,209,209,0
124900039,4,148,-144
124900040,257,135,122
124900041,639,767,-128
124900042,68,4,64
124900043,907,533,374
124900044,167,10,157
124900045,404,1532,-1128
124900046,783,311,472
124900047,78,338,-260
124900048,423,91,332
124900050,337,158,179
124900052,159,389,-230
124900053,360,768,-408
124900054,1001,719,282
124900055,1,117,-116
124900057,5,70,-65
124900060,79,308,-229
124900061,201,3,198
124900062,262,5,257
124900066,0,9,-9
124900067,21,85,-64
124900068,209,1327,-1118
124900070,76,56,20
124900072,465,50,415
124900074,690,367,323
124900075,1440,197,1243
124900076,25,4397,-4372
124900077,30,144,-114
124900078,307,19,288
124900079,287,471,-184
124900080,879,262,617
124900081,2081,236,1845
124900082,623,475,148
124900083,659,528,131
124900084,1485,107,1378
124900085,642,584,58
124900086,60,1464,-1404
124900087,361,119,242
124900088,136,130,6
124900089,740,27,713
124900090,1304,313,991
124900091,573,279,294
124900092,540,317,223
124900093,966,359,607
124900094,1751,429,1322
124900095,350,992,-642
124900096,431,187,244
124900097,1084,113,971
124900098,323,394,-71
124900099,197,992,-795
124900100,928,30,898
124900101,129,279,-150
124900102,811,27,784
124900103,382,158,224
124900104,108,241,-133
124900105,159,214,-55
124900106,661,89,572
124900107,376,73,303
124900108,323,219,104
124900109,186,370,-184
124900110,883,324,559
124900111,3,140,-137
124900112,204,344,-140
124900113,64,341,-277
124900114,75,347,-272
124900115,63,173,-110
124900116,628,773,-145
124900117,251,326,-75
124900118,152,1909,-1757
124900119,748,351,397
124900120,35,308,-273
124900121,128,841,-713
124900122,323,271,52
124900123,186,124,62
124900124,62,317,-255
129000186,196,231,-35
204000001,220,29,191
204000002,7,40,-33
204000003,13,17,-4
204000004,6,16,-10
204000005,826,418,408
204000006,1533,1345,188
204000011,23,44,-21
204000012,141,152,-11
204000013,0,9,-9
204000019,1846,513,1333
204000020,1756,1320,436
204000021,3321,1819,1502
204000022,2224,916,1308
204000023,1013,612,401
204000031,122,16,106
204000032,634,61,573
204000034,98,195,-97
204000035,1,6,-5
204000036,7,94,-87
204000037,1,30,-29
204000038,0,10,-10
204000039,11,12,-1
204000040,20,40,-20
204000041,21,39,-18
204000042,91,16,75
204000043,89,15,74
204000044,116,12,104
204000045,145,31,114
204000046,13,5,8
204000057,25,8,17
204000062,34,21,13
204000068,24,933,-909
204000069,206,1013,-807
204000070,119,418,-299
204000080,187,279,-92
204000085,1472,1170,302
204000086,2884,1427,1457
204000087,75,6,69
204000088,16,90,-74
204000090,108,433,-325
204000093,1222,89,1133
204000096,3004,969,2035
204000097,936,6,930
204000099,1447,3678,-2231
204000100,2738,1849,889
204000105,1943,688,1255
204000110,574,2118,-1544
204000111,1004,1148,-144
204000112,1155,1939,-784
204000113,490,1397,-907
204000114,1706,1735,-29
204000115,2203,1061,1142
204000116,940,2565,-1625
204000119,4103,2391,1712
204000132,1169,845,324
204000133,1293,146,1147
204000134,361,103,258
204000135,1031,202,829
204000136,638,547,91
204000138,452,1356,-904
204000140,392,149,243
204000141,269,93,176
204000144,4,57,-53
204000145,1008,77,931
204000146,46,323,-277
204000147,34,1125,-1091
204000148,566,104,462
204000154,2,21,-19
204000155,3,13,-10
204000177,88,327,-239
204000179,60,22,38
204000180,0,52,-52
204000222,5,9,-4
204000235,210,39,171
204000236,104,301,-197
204000238,33,56,-23
204000240,553,98,455
204000263,807,1128,-321
204000268,842,413,429
204000308,287,39,248
204000317,57,213,-156
204000322,51,189,-138
204000323,35,11,24
204000328,398,51,347
204000329,129,148,-19
204000330,345,15,330
204000331,120,173,-53
204010341,9,164,-155
205000001,899,1414,-515
205000013,168,230,-62
205000014,206,100,106
205000015,299,82,217
205000016,95,250,-155
205000017,168,79,89
205000022,426,604,-178
205000025,2089,795,1294
205000029,813,49,764
205000045,419,377,42
205000046,393,512,-119
205000047,243,797,-554
205000048,859,473,386
205000049,444,483,-39
205000050,1734,316,1418
205000059,0,824,-824
205000060,3,1382,-1379
205000061,18,2090,-2072
205000062,4,2059,-2055
205000063,78,2211,-2133
205000064,185,597,-412
205000065,758,663,95
205000066,418,366,52
205000067,207,510,-303
205000069,103,27,76
205000082,256,430,-174
205000110,124,180,-56
205000111,231,113,118
205000112,209,184,25
205000113,167,378,-211
205000121,362,171,191
205000123,242,225,17
205000126,1163,91,1072
205000127,1137,113,1024
205000128,799,58,741
205000129,1566,71,1495
205000130,74,28,46
205000131,22,27,-5
205000132,67,14,53
205000133,73,4,69
205000134,475,1,474
205000137,485,138,347
205000138,645,479,166
205000139,82,261,-179
205000144,117,172,-55
205000145,580,757,-177
205000151,366,66,300
205000152,221,255,-34
205000153,328,228,100
205000154,148,308,-160
205000155,489,96,393
205000207,8,134,-126
205000233,28,1,27
205000234,0,2,-2
205000243,0,5,-5
205000244,0,6,-6
205000245,7,280,-273
205000249,0,52,-52
205000250,4,1,3
205000264,61,98,-37
206000027,18,32,-14
206000028,27,52,-25
206000043,9,81,-72
206000053,16,16,0
206000054,4,52,-48
206000055,0,47,-47
206000075,38,29,9
206000076,40,5,35
206000077,70,22,48
206000078,14,37,-23
206000079,24,10,14
206000082,290,164,126
206000100,37,1018,-981
206000103,6,36,-30
206000104,8,33,-25
206000105,26,30,-4
206000106,5,15,-10
206000108,864,108,756
206000125,177,0,177
206000157,34,620,-586
206000170,0,261,-261
206000171,53,239,-186
206000172,45,208,-163
206000173,11,112,-101
206000174,40,39,1
206000175,12,89,-77
206000176,29,173,-144
206000177,0,103,-103
206000178,1,518,-517
206000179,6,786,-780
206000180,17,118,-101
206000181,11,44,-33
206000182,10,65,-55
206000183,20,133,-113
206000184,2,83,-81
206000185,55,47,8
206000186,216,278,-62
206000223,15,625,-610
206000226,54,30,24
206000227,25,31,-6
206000237,68,176,-108
206000238,82,281,-199
206000239,308,1846,-1538
206000240,0,73,-73
206000241,0,77,-77
206000242,36,248,-212
206000243,49,63,-14
206000244,109,123,-14
206000245,2465,158,2307
206000246,752,29,723
206000247,900,23,877
206000248,1196,172,1024
206000252,154,122,32
206000258,12,54,-42
206000315,125,17,108
206000317,747,253,494
206000318,1101,113,988
206000319,3406,157,3249
206000320,789,54,735
206000321,886,14,872
206000322,1350,159,1191
206000323,467,14,453
206000324,557,155,402
206000325,365,78,287
206000326,365,137,228
206000327,69,53,16
206000328,569,49,520
206000329,708,53,655
206000330,141,124,17
206000331,670,83,587
206000332,121,32,89
206000333,2442,17,2425
206000334,1169,0,1169
206000335,0,37,-37
206000361,5,157,-152
206000392,4,30,-26
206000405,334,2,332
206000441,129,42,87
206000498,65,1,64
206000515,68,92,-24
206000530,499,97,402
206000531,182,475,-293
206000532,1368,816,552
206000535,167,5016,-4849
206000536,23,53,-30
206000537,45,147,-102
206000613,1065,408,657
207000001,274,372,-98
207000002,259,353,-94
207000003,253,177,76
207000007,2512,316,2196
207000008,613,17,596
207000009,182,54,128
207000010,837,383,454
207000012,640,414,226
207000015,564,690,-126
207000019,573,165,408
207000021,559,699,-140
207000022,451,295,156
207000023,468,254,214
207000024,2,81,-79
207000025,64,209,-145
207000026,170,73,97
207000027,31,82,-51
207000028,106,160,-54
207000029,195,650,-455
207000033,408,335,73
207000034,605,168,437
207000039,1214,243,971
207000040,1402,64,1338
207000041,349,703,-354
207000042,730,269,461
207000043,317,285,32
207000051,217,450,-233
207000052,31,617,-586
207000053,512,388,124
207000054,87,101,-14
207000055,285,96,189
207000056,314,480,-166
207000057,208,420,-212
207000058,370,295,75
207000059,179,244,-65
207000060,100,473,-373
207000061,118,1383,-1265
207000062,1016,53,963
207000063,1069,403,666
207000064,559,226,333
207000065,513,309,204
207000066,646,278,368
207000067,96,146,-50
207000068,309,86,223
207000069,1376,389,987
207000082,39,192,-153
207000083,213,331,-118
207000084,856,524,332
207000085,503,66,437
207000086,709,9,700
207000106,172,42,130
207000107,357,42,315
207000108,227,11,216
207000109,236,11,225
207000110,122,315,-193
207000111,161,196,-35
207000112,199,2614,-2415
207000114,37,32,5
207000115,139,166,-27
207000116,46,465,-419
207000117,18,178,-160
207000118,7,291,-284
207000119,42,127,-85
207000123,736,27,709
207000124,300,52,248
207000125,113,31,82
207000126,131,22,109
207000134,301,258,43
207000135,94,339,-245
207000148,154,1062,-908
207000149,118,53,65
207000152,201,733,-532
207000153,357,747,-390
207000154,641,364,277
207000159,429,264,165
207000160,550,166,384
207000238,2,78,-76
207000242,2,60,-58
207000248,54,114,-60
207000249,222,61,161
207000250,898,189,709
207000251,267,167,100
207000252,90,51,39
207000278,301,244,57
207000279,109,121,-12
207000280,1478,74,1404
207000281,440,343,97
207000282,82,582,-500
207000283,34,175,-141
207000284,30,1946,-1916
207000285,100,79,21
207000291,25,164,-139
207000304,81,107,-26
207000306,85,317,-232
207000310,213,187,26
207000353,229,1,228
207000356,12,216,-204
207000357,6,26,-20
207000358,4,33,-29
207000415,3,116,-113
207000417,96,14,82
207000418,115,105,10
207000438,0,0,0
207000439,578,342,236
207000446,535,6,529
207000460,192,19,173
207000466,178,434,-256
207000467,760,228,532
207000468,153,143,10
207000476,8,22,-14
207000477,1342,33,1309
207000478,0,50,-50
207000523,0,10,-10
207000524,74,0,74
207000527,372,168,204
207000530,2015,2,2013
207000531,703,59,644
207000532,307,355,-48
207000534,252,57,195
207000535,22,521,-499
207000537,14,178,-164
207000540,3,72,-69
207000541,4,173,-169
207000548,13,760,-747
207000549,1001,267,734
207000561,526,344,182
207000562,54,99,-45
207000567,100,346,-246
207000568,752,92,660
207000569,2005,176,1829
207000584,91,277,-186
207000585,36,352,-316
207000616,2,276,-274
207000617,314,0,314
207900008,787,137,650
208000001,1094,1981,-887
208000002,1260,1319,-59
208000003,1356,579,777
208000004,1235,1939,-704
208000005,3,219,-216
208000019,1873,567,1306
208000020,553,254,299
208000021,585,608,-23
208000022,1898,403,1495
208000028,1437,3428,-1991
208000033,888,465,423
208000034,1323,1950,-627
208000037,837,68,769
208000040,434,302,132
208000041,1863,873,990
208000042,2545,941,1604
208000047,208,328,-120
208000064,2704,2479,225
208000066,1668,2339,-671
208000070,1170,712,458
208000071,1277,451,826
208000072,1307,817,490
208000080,584,1179,-595
208000081,543,184,359
208000082,994,272,722
208000083,339,322,17
208000084,11,109,-98
208000085,974,943,31
208000086,870,1359,-489
208000087,634,961,-327
208000089,1671,502,1169
208000090,1768,635,1133
208000093,50,210,-160
208000094,1045,394,651
208000095,1339,820,519
208000104,2492,516,1976
208000105,1512,1275,237
208000114,162,689,-527
208000115,1007,540,467
208000116,2094,2739,-645
208000117,37,231,-194
208000118,237,559,-322
208000155,1053,1881,-828
208000158,2512,4332,-1820
208000186,1221,2892,-1671
208000204,1422,2497,-1075
208000205,2584,1572,1012
208000282,974,1782,-808
209000004,1222,444,778
209000005,129,856,-727
209000006,487,670,-183
209000007,601,876,-275
209000010,371,606,-235
209000011,136,398,-262
209000012,233,651,-418
209000013,628,1072,-444
209000014,904,1336,-432
209000025,941,106,835
209000026,1703,312,1391
209000027,689,483,206
209000028,572,439,133
209000029,1373,2768,-1395
209000030,1311,2545,-1234
209000031,6425,2101,4324
209000034,353,684,-331
209000035,259,584,-325
209000036,666,362,304
209000037,732,453,279
209000038,300,305,-5
209000039,168,205,-37
209000040,421,775,-354
209000041,498,561,-63
209000042,1810,378,1432
209000043,887,694,193
209000044,639,846,-207
209000045,857,277,580
209000046,926,399,527
209000047,703,412,291
209000048,866,955,-89
209000049,157,65,92
209000050,296,107,189
209000051,433,190,243
209000052,292,261,31
209000062,181,69,112
209000063,140,28,112
209000064,74,22,52
209000065,310,113,197
209000066,223,99,124
209000067,289,76,213
209000080,24,252,-228
209000082,96,86,10
209000091,64,112,-48
209000093,87,131,-44
209000094,67,212,-145
209000110,82,255,-173
209000111,652,3482,-2830
209000112,1825,1101,724
209000113,3633,2371,1262
209000114,1521,1438,83
209000115,129,127,2
209000116,657,403,254
209000118,19,238,-219
209000119,29,97,-68
209000121,227,550,-323
209000135,50,148,-98
209000142,1248,5188,-3940
209000143,102,243,-141
209000144,137,932,-795
209000229,322,136,186
209000240,126,315,-189
209000259,45,125,-80
209000260,36,975,-939
209000261,4,366,-362
209000262,1,440,-439
209000263,4,2150,-2146
209000264,1,238,-237
209000265,907,7,900
209000266,307,0,307
209000267,2657,8,2649
209000268,715,119,596
210000037,148,193,-45
210000047,216,15,201
210000048,224,34,190
210000049,159,6,153
210000052,170,77,93
210000053,52,37,15
210000054,4,76,-72
210000070,467,17,450
210000071,359,2,357
210000072,116,0,116
210000073,2,88,-86
210000074,0,152,-152
210000075,1,273,-272
210000076,29,334,-305
210000077,14,413,-399
210000078,45,406,-361
210000079,45,130,-85
210000080,40,357,-317
210000081,474,52,422
210000082,35,1,34
210000083,93,1,92
210000084,132,0,132
210000085,2,395,-393
210000086,8,177,-169
210000099,127,282,-155
210000100,215,149,66
210000101,264,134,130
210000105,25,353,-328
210000159,0,334,-334
210000163,50,196,-146
210000164,354,310,44
210000168,511,135,376
210000187,0,66,-66
210000188,0,110,-110
210000214,26,0,26
210000219,130,58,72
210000220,259,54,205
210000232,4,10,-6
210000233,56,32,24
210000234,94,57,37
210000235,193,36,157
210000245,2,263,-261
210000246,19,5,14
210000258,24,80,-56
210000259,415,157,258
210000282,111,380,-269
210000285,2,183,-181
210000286,46,191,-145
210000290,0,17,-17
210000295,116,245,-129
210000296,145,90,55
210000320,488,83,405
210000321,315,46,269
210000338,107,128,-21
210000339,181,949,-768
210000340,239,395,-156
210000341,295,354,-59
210000342,431,230,201
210000343,277,274,3
210000344,128,377,-249
210000345,193,593,-400
210000346,118,287,-169
210000347,61,416,-355
210000348,209,301,-92
210000349,114,142,-28
210000350,288,284,4
210000351,306,188,118
210000352,56,35,21
210000353,67,90,-23
210000354,80,114,-34
210000355,78,456,-378
210000356,9,730,-721
210000357,60,801,-741
210000358,1136,657,479
210000359,140,703,-563
210000360,394,766,-372
210000361,446,320,126
210000362,485,335,150
210000363,820,336,484
210000364,488,291,197
210000365,408,177,231
210000366,458,71,387
210000367,255,53,202
210000368,288,54,234
210000369,55,258,-203
210000370,123,419,-296
210000372,60,95,-35
210000373,25,271,-246
210000374,139,354,-215
210000375,40,62,-22
210000376,54,609,-555
210000404,129,176,-47
210000439,160,33,127
210000472,73,8,65
210000482,65,189,-124
210000564,375,308,67
210000567,2,77,-75
210000568,408,5,403
211000092,146,33,113
211000094,34,2,32
211000169,248,6,242
211000172,53,159,-106
211000209,0,86,-86
211000226,36,29,7
211000270,105,9,96
211000275,25,36,-11
211000276,279,35,244
211000279,17,111,-94
211000281,189,26,163
211507980,0,157,-157
211977296,65,4,61
212000003,391,213,178
212000004,8,194,-186
212000005,35,212,-177
212000006,52,256,-204
212000008,310,285,25
212000009,87,194,-107
212000012,276,70,206
212000013,71,55,16
212000014,602,113,489
212000015,576,144,432
212000016,899,394,505
212000027,616,248,368
212000028,401,253,148
212000029,349,170,179
212000030,61,31,30
212000031,78,38,40
212000048,107,763,-656
212000049,10,315,-305
212000050,12,24,-12
212000051,521,96,425
212000052,408,155,253
212000053,308,231,77
212000054,921,71,850
212000055,588,138,450
212000056,29,34,-5
212000057,11,21,-10
212000058,204,50,154
212000070,239,175,64
212000077,267,307,-40
212000099,657,242,415
212000108,291,473,-182
212000111,466,163,303
212000120,281,282,-1
212000138,322,112,210
212000156,0,63,-63
212000158,6,47,-41
212000159,1030,193,837
212000160,1024,226,798
212000161,100,9,91
212000310,101,7,94
212000311,36,40,-4
212000374,72,3,69
213000001,21,658,-637
213000005,922,728,194
213000006,1066,550,516
213000007,125,28,97
213000009,462,280,182
213000010,484,237,247
213000011,351,210,141
213000012,484,263,221
213000014,122,67,55
213000015,501,22,479
213000016,900,4,896
213000017,198,0,198
213000018,10,34,-24
213000019,5,402,-397
213000020,204,151,53
213000021,15,58,-43
213000023,512,670,-158
213000033,577,1530,-953
213000034,573,268,305
213000035,210,426,-216
213000045,319,379,-60
213000046,120,110,10
213000047,329,998,-669
213000056,240,151,89
213000069,327,51,276
213000073,2,54,-52
213000074,112,734,-622
213000075,1170,4,1166
213000076,13,2,11
213000085,3,43,-40
213000086,37,224,-187
213000091,557,18,539
213000092,80,25,55
213000099,436,1341,-905
213000100,1128,634,494
213000101,1435,143,1292
213000102,1435,168,1267
213000103,919,491,428
213000104,86,233,-147
213000105,91,2050,-1959
213000106,58,563,-505
213000107,223,539,-316
213000108,66,551,-485
213000109,6,237,-231
213000110,13,165,-152
213000111,8,122,-114
213000112,63,130,-67
213000115,77,10,67
213000116,49,484,-435
213000117,9,532,-523
213000118,1970,532,1438
213000119,58,410,-352
213000120,149,382,-233
213000122,196,480,-284
213000123,162,577,-415
213000124,610,736,-126
213000125,222,85,137
213000126,229,225,4
213000127,70,267,-197
213000128,86,628,-542
213000129,221,3387,-3166
213000130,1925,1475,450
213000132,1824,342,1482
213000133,2352,170,2182
213000134,3947,17,3930
213000136,1095,44,1051
213000137,1239,111,1128
213000139,313,38,275
213000147,47,35,12
213000148,31,44,-13
213000149,22,50,-28
213000150,3,886,-883
213000151,5,351,-346
213000152,6,516,-510
213000153,0,260,-260
213000154,154,734,-580
213000155,108,767,-659
213000156,299,398,-99
213000157,1468,277,1191
213000158,724,715,9
213000159,1052,463,589
213000163,3046,392,2654
213000165,1127,385,742
213000171,1,51,-50
213000172,1,109,-108
213000173,7,117,-110
213000174,1,63,-62
213000175,24,24,0
213000176,252,57,195
213000177,254,7,247
213000178,505,1,504
213000179,495,0,495
213000180,519,2,517
213000184,210,571,-361
213000188,975,210,765
213000189,1357,75,1282
213000190,858,388,470
213000191,1130,193,937
213000192,675,165,510
213000193,1044,461,583
213000194,5,281,-276
213000195,45,309,-264
213000196,494,2257,-1763
213000197,824,1144,-320
213000198,47,2,45
213000200,173,561,-388
213000201,30,134,-104
213000202,14,790,-776
213000203,1939,330,1609
213000204,1267,49,1218
213000205,885,101,784
213000206,1077,119,958
213000207,77,5,72
213000208,58,1,57
213000209,232,6,226
213000210,468,25,443
213000211,10,69,-59
213000212,21,133,-112
213000213,42,133,-91
213000218,641,635,6
213000219,1900,115,1785
213000220,1839,23,1816
213000223,379,363,16
213000224,35,76,-41
213000225,113,16,97
213000226,84,14,70
213000227,2620,215,2405
213000228,1428,1286,142
213000229,140,155,-15
213000230,2311,21,2290
213000232,185,20,165
213000233,74,227,-153
213000234,20,126,-106
213000293,24,145,-121
213000294,169,137,32
213000295,30,198,-168
213000296,192,46,146
213000297,10,91,-81
213000298,6,158,-152
213000299,154,53,101
213000300,8,12,-4
213000303,1,17,-16
213000304,0,9,-9
213000305,7,62,-55
213000306,103,1193,-1090
213000307,107,720,-613
213000308,201,206,-5
213000309,334,128,206
213000310,410,246,164
213000311,231,817,-586
213000315,182,370,-188
213000316,434,173,261
213000322,213,28,185
213000323,281,207,74
213000324,219,10,209
213000325,178,104,74
213000326,131,12,119
213000327,118,20,98
213000328,90,87,3
213000329,274,8,266
213000340,161,644,-483
213000341,1780,63,1717
213000346,193,594,-401
213000347,246,1914,-1668
213000348,8,174,-166
213000349,12,11,1
213000350,332,1085,-753
213000366,113,210,-97
213000367,897,18,879
213000379,52,168,-116
213000386,44,32,12
213000406,635,68,567
213000417,2923,716,2207
213000425,603,102,501
213000426,504,37,467
213000427,121,62,59
213000428,51,304,-253
213000429,24,4,20
213000430,161,418,-257
213000431,28,2,26
213000432,1,41,-40
213000433,41,61,-20
213000434,332,188,144
213000435,256,120,136
213000436,127,141,-14
213000437,5,3,2
213000438,239,57,182
213000439,80,43,37
213000440,9,134,-125
213000441,0,2,-2
213000442,5,17,-12
213000443,1043,698,345
213000444,69,9,60
213000445,0,93,-93
213000446,1,44,-43
213000447,1,164,-163
213000448,11,288,-277
213000449,1812,22,1790
213000450,67,69,-2
213000451,761,50,711
213000452,56,22,34
213000453,53,292,-239
213000455,216,49,167
213000456,1,216,-215
213000481,2,0,2
213000482,101,1,100
213000489,222,56,166
213000491,26,512,-486
213000492,159,0,159
213000493,3,422,-419
213000494,591,95,496
213000495,0,116,-116
213000496,1113,193,920
213000497,121,210,-89
213000498,413,149,264
213000499,502,171,331
213000500,1649,89,1560
213000501,458,175,283
213000502,241,342,-101
213000503,2,77,-75
213000504,55,64,-9
213000505,5,2,3
213000506,0,8,-8
213000507,8,80,-72
213900016,0,2,-2
213900244,131,0,131
213900245,0,19,-19
218000003,99,109,-10
218000004,121,206,-85
218000005,96,105,-9
218000006,108,94,14
218000007,24,17,7
218000012,296,287,9
218000013,511,343,168
218000014,636,412,224
218000019,627,503,124
218000020,493,404,89
218000021,64,62,2
218000022,57,19,38
218000023,54,20,34
218000024,3,13,-10
218000025,19,30,-11
218000026,17,36,-19
218000027,2,6,-4
218000028,3,5,-2
218000029,2,14,-12
218000030,14,27,-13
218000031,7,17,-10
218000032,0,31,-31
218000040,1,4,-3
218000046,200,123,77
218000047,50,70,-20
218000048,75,35,40
218000049,69,34,35
218000050,186,114,72
218000051,141,237,-96
218000052,2,48,-46
218000053,2,31,-29
218000054,4,61,-57
218000055,32,35,-3
218000056,23,56,-33
218000057,4,60,-56
218000064,0,40,-40
218000065,272,37,235
218000066,31,151,-120
218000067,231,94,137
218000068,277,131,146
218000069,610,133,477
218000070,320,437,-117
218000071,399,293,106
218000072,214,406,-192
218000078,2057,509,1548
218000079,440,218,222
218000080,292,203,89
218000081,1237,179,1058
218000082,272,96,176
218000083,249,102,147
218000084,444,67,377
218000085,347,172,175
218000086,193,93,100
218000087,282,108,174
218000090,69,252,-183
218000091,2038,1035,1003
218000092,385,192,193
218000093,160,116,44
218000094,771,428,343
218000099,412,831,-419
218000100,704,341,363
218000101,602,182,420
218000102,918,527,391
218000103,228,166,62
218000104,271,70,201
218000105,31,43,-12
218000106,31,15,16
218000107,289,46,243
218000108,31,23,8
218000112,105,51,54
218000117,74,180,-106
218000134,1095,457,638
218000135,14,132,-118
218000136,317,203,114
218000137,504,225,279
218000138,99,128,-29
218000139,554,872,-318
218000140,978,601,377
218000141,121,143,-22
218000142,322,276,46
218000143,69,778,-709
218000144,25,263,-238
218000145,1001,531,470
218000146,238,328,-90
218000151,12,55,-43
218000152,79,60,19
218000153,6,22,-16
218000154,26,6,20
218000155,103,1,102
218000156,224,17,207
218000157,118,26,92
218000158,20,112,-92
218000159,7,52,-45
218000160,9,10,-1
218000161,127,5,122
218000162,84,19,65
218000163,56,12,44
218000164,189,14,175
218000165,174,44,130
218000170,3,46,-43
218000171,50,7,43
218000172,39,26,13
218000173,29,22,7
218000174,30,23,7
218000176,269,185,84
218000177,358,197,161
218000178,74,259,-185
218000179,198,68,130
218000180,138,72,66
218000181,471,36,435
218000187,0,90,-90
218000188,19,29,-10
218000189,27,96,-69
218000190,135,48,87
218000191,316,25,291
218000192,497,220,277
218000193,694,296,398
218000194,361,313,48
218000195,258,67,191
218000196,805,257,548
218000197,1217,307,910
218000198,144,74,70
218000199,112,20,92
218000200,68,109,-41
218000201,18,2,16
218000202,104,969,-865
218000207,10,33,-23
218000208,86,171,-85
218000211,50,28,22
218000212,0,12,-12
218000213,232,95,137
218000214,5,36,-31
218000215,112,58,54
218000217,13,60,-47
218000218,271,41,230
218000219,11,301,-290
218000220,94,1895,-1801
218000221,849,452,397
218000222,2,260,-258
218000223,99,904,-805
218000224,16,310,-294
218000225,238,29,209
218000226,302,98,204
218000230,0,7,-7
218000232,113,87,26
218000239,130,6,124
218000240,3,16,-13
218000241,76,2,74
218000242,2,3,-1
218000243,31,13,18
218000244,38,5,33
218000245,188,21,167
218000246,0,11,-11
218000247,5,2,3
218000248,0,161,-161
218000249,0,18,-18
218000250,14,817,-803
218000251,1,100,-99
218000252,2,121,-119
218000253,0,104,-104
218000254,4,51,-47
218000255,5,28,-23
218000256,2,30,-28
218000267,648,1221,-573
218000268,10,39,-29
218000269,3,65,-62
218000270,316,64,252
218000271,15,32,-17
218000273,67,7,60
218000274,9,4,5
218000275,108,72,36
218000276,38,32,6
218000278,6,138,-132
218000279,153,63,90
218000280,6,20,-14
218000281,18,40,-22
218000282,865,1390,-525
218000284,89,5,84
218000301,159,215,-56
218000302,76,30,46
218000303,32,77,-45
218000316,2319,1048,1271
218000317,3750,1067,2683
218000318,2138,829,1309
218000319,2426,655,1771
218000320,2098,796,1302
218000338,19,127,-108
218000345,215,233,-18
218000346,38,407,-369
218000459,48,154,-106
218000490,22,71,-49
218000501,275,190,85
218000502,271,196,75
218000503,302,24,278
218000504,245,42,203
218000505,59,148,-89
218000506,32,382,-350
218000508,1,17,-16
218000510,79,8,71
218000520,289,206,83
218000521,10,36,-26
218000522,0,523,-523
218000523,186,2,184
218000524,6,379,-373
218000525,195,55,140
218000526,24,304,-280
218000529,37,102,-65
218000530,49,20,29
218000531,48,17,31
218000532,144,15,129
218000534,431,22,409
218000537,26,196,-170
218000538,131,950,-819
218000540,156,249,-93
218000543,252,151,101
218000544,43,127,-84
218000545,174,157,17
218000546,80,86,-6
218000547,232,471,-239
218000548,238,139,99
218000549,1267,217,1050
218000550,253,179,74
218000551,174,393,-219
218000552,326,326,0
218000553,21,129,-108
218000554,41,24,17
218000555,38,46,-8
218000556,226,128,98
218000557,849,228,621
218000558,109,0,109
218000559,0,50,-50
218000560,0,35,-35
218000561,8,0,8
218000562,44,166,-122
218000563,361,57,304
218000564,7,143,-136
218000565,131,90,41
218000566,55,36,19
218000567,2,129,-127
218000568,29,4,25
218000569,2,254,-252
218000570,35,27,8
218000571,1,226,-225
218000572,279,32,247
218000573,12,146,-134
218000574,80,41,39
218000575,105,0,105
218000576,0,84,-84
218000577,136,2,134
218000578,1,333,-332
218000579,133,65,68
218000581,2,100,-98
218000582,99,8,91
218000583,13,3,10
218000584,0,38,-38
218000585,46,20,26
218000586,38,66,-28
218000587,2,3,-1
218000588,0,3,-3
218000589,0,5,-5
218000590,16,2,14
218000591,0,13,-13
218000592,13,0,13
218000593,0,0,0
218000594,0,0,0
218000595,0,0,0
218000596,0,0,0
218000597,0,0,0
218000598,0,0,0
218000599,4,11,-7
218000600,0,3,-3
218000601,0,0,0
218000602,1,1,0
218000603,0,11,-11
218000604,10,0,10
218000605,0,55,-55
218000606,111,1,110
218000607,28,94,-66
218000608,96,20,76
218000609,18,140,-122
218000610,83,9,74
218000611,69,10,59
218000612,17,117,-100
218000613,52,16,36
218000614,1,47,-46
218000615,326,39,287
218000616,13,235,-222
218000617,36,24,12
218000618,1,37,-36
218000619,137,73,64
218000620,40,98,-58
218000621,0,6,-6
218000622,1,91,-90
218000623,72,2,70
218000624,0,203,-203
218000625,2,9,-7
218000626,0,23,-23
218000628,355,359,-4
218000631,24,16,8
218000632,5,203,-198
218000633,187,9,178
218000634,19,32,-13
218000635,4,14,-10
218000636,1620,997,623
218000637,2062,778,1284
218000638,465,35,430
218000639,58,111,-53
218000640,751,56,695
218000641,118,189,-71
218000652,81,34,47
218000653,272,92,180
218000663,11,55,-44
218000675,25,111,-86
218000676,4,23,-19
218000677,72,11,61
218000680,225,211,14
218000681,656,476,180
218000691,335,176,159
218000693,714,157,557
218000703,20,25,-5
218000718,39,234,-195
218000719,117,171,-54
218000720,3,197,-194
218000721,69,41,28
218000725,13,16,-3
218001214,5,196,-191
218001258,198,1,197
218001329,172,177,-5
218001330,40,81,-41
218001351,35,25,10
218001352,29,45,-16
218001353,6,11,-5
218001354,2,54,-52
218001356,911,81,830
218001358,791,6,785
218001361,613,16,597
219000001,30,61,-31
219000002,60,95,-35
219000003,118,64,54
219000004,53,158,-105
219000017,111,469,-358
219000020,515,47,468
219000022,260,4,256
219000023,149,1,148
219000029,1,251,-250
219000034,75,48,27
219000039,43,466,-423
219000040,50,112,-62
219000041,237,109,128
219000051,0,319,-319
219000052,0,171,-171
219000053,10,158,-148
219000054,49,105,-56
219000055,565,1,564
219000056,6,0,6
219000057,119,2,117
219000062,20,277,-257
219000063,230,26,204
219000064,19,159,-140
219000110,363,654,-291
219000111,171,188,-17
219000112,461,125,336
219000113,650,90,560
219000114,377,61,316
219000116,253,63,190
219000117,312,75,237
219000118,198,93,105
219000123,337,156,181
219000124,110,68,42
219000125,56,6,50
219000126,82,285,-203
219000127,0,26,-26
219000128,51,174,-123
219000129,54,189,-135
219000130,274,827,-553
219000131,1037,1364,-327
219000133,49,151,-102
219000134,16,88,-72
219000135,19,289,-270
219000136,107,451,-344
219000138,190,27,163
219000139,166,29,137
219000140,133,1,132
219000141,79,87,-8
219000142,23,55,-32
219000143,68,60,8
219000145,18,117,-99
219000146,1,19,-18
219000147,7,53,-46
219000148,8,48,-40
219000149,29,41,-12
219000150,1,41,-40
219000151,6,23,-17
219000157,470,325,145
219000158,434,555,-121
219000161,309,11,298
219000163,1442,384,1058
219000166,285,431,-146
219000167,305,476,-171
219000168,340,138,202
219000174,742,256,486
219000175,268,9,259
219000176,391,28,363
219000177,214,5,209
219000178,161,9,152
219000179,114,15,99
219000180,105,30,75
219000182,217,6,211
219000183,235,40,195
219000184,218,11,207
219000185,10,67,-57
219000186,163,69,94
219000187,66,179,-113
219000189,101,304,-203
219000190,37,367,-330
219000191,218,2083,-1865
219000192,265,334,-69
219000193,744,278,466
219000195,2,447,-445
219000196,8,262,-254
219000198,99,343,-244
219000199,215,158,57
219000200,286,147,139
219000201,81,187,-106
219000203,44,299,-255
219000204,99,540,-441
219000205,71,321,-250
219000207,123,220,-97
219000209,45,103,-58
219000210,29,679,-650
219000213,6,344,-338
219000239,346,217,129
219000240,363,717,-354
219000241,225,334,-109
219000242,132,389,-257
219000243,233,310,-77
219000244,30,110,-80
219000245,10,86,-76
219000246,63,42,21
219000247,341,74,267
219000248,810,1094,-284
219000249,306,246,60
219000250,396,203,193
219000251,768,538,230
219000252,378,200,178
219000253,513,54,459
219000255,301,118,183
219000256,557,563,-6
219000257,299,2,297
219000262,127,444,-317
219000263,138,208,-70
219000267,8,73,-65
219000268,52,29,23
219000269,3,6,-3
219000270,53,18,35
219000271,683,9,674
219000278,1,81,-80
219000279,2,34,-32
219000283,0,190,-190
219000295,28,93,-65
219000296,175,573,-398
219000297,117,46,71
219000298,187,43,144
219000299,550,61,489
219000300,149,114,35
219000301,88,451,-363
219000302,57,171,-114
219000307,97,42,55
219000308,161,234,-73
219000311,391,121,270
219000312,958,132,826
219000313,777,72,705
219000314,275,187,88
219000315,640,32,608
219000316,1227,91,1136
219000317,358,43,315
219000320,1,152,-151
219000321,0,33,-33
219000323,5,69,-64
219000325,0,4,-4
219000326,130,49,81
219000327,32,30,2
219000328,51,28,23
219000329,270,111,159
219000330,69,60,9
219000331,114,130,-16
219000332,373,349,24
219000333,105,8,97
219000335,116,6,110
219000337,54,1,53
219000338,35,11,24
219000344,19,144,-125
219000345,126,68,58
219000346,76,33,43
219000348,258,183,75
219000349,71,139,-68
219000350,187,518,-331
219000351,2,17,-15
219000352,143,156,-13
219000353,287,57,230
219000354,409,110,299
219000355,320,118,202
219000356,469,2362,-1893
219000363,114,173,-59
219000364,243,149,94
219000365,144,68,76
219000366,201,1217,-1016
219000368,400,793,-393
219000370,764,818,-54
219000371,11,10,1
219000382,17,18,-1
219000383,353,2060,-1707
219000385,328,1052,-724
219000386,1159,2462,-1303
219000387,0,34,-34
219000390,35,20,15
219000391,7,34,-27
219000397,73,36,37
219000398,80,77,3
219000401,52,130,-78
219000402,100,73,27
219000403,81,883,-802
219000404,61,175,-114
219000407,8,37,-29
219000409,86,85,1
219000410,426,82,344
219000411,261,36,225
219000446,159,505,-346
219000447,0,53,-53
219000448,6,22,-16
219000452,128,157,-29
219000453,50,317,-267
219000454,280,833,-553
219000556,646,349,297
219000558,198,264,-66
219000590,49,315,-266
219000591,281,752,-471
219000592,119,285,-166
219000595,5,23,-18
219000635,316,123,193
219000636,142,395,-253
219000657,98,29,69
219000658,84,294,-210
219000673,0,159,-159
219000676,28,25,3
219000679,37,25,12
219000684,199,17,182
219000685,1,82,-81
219000686,2,6,-4
219000688,0,36,-36
219000689,35,137,-102
219000690,270,11,259
219000691,118,195,-77
219000692,287,37,250
219000693,15,32,-17
219000694,28,12,16
219000695,105,34,71
219000698,85,8,77
219000699,0,201,-201
219000727,9,740,-731
219000728,216,9,207
219000770,57,2,55
219000771,0,144,-144
219000788,327,434,-107
219001150,0,55,-55
219001151,5,4,1
219001166,32,92,-60
219001167,3,73,-70
219001178,105,1,104
220000001,46,320,-274
220000002,16,198,-182
220000003,374,483,-109
220000004,589,1053,-464
220000005,611,2687,-2076
220000006,225,1063,-838
220000007,999,337,662
220000008,466,581,-115
220000009,737,677,60
220000010,148,99,49
220000011,682,6124,-5442
220000012,62,902,-840
220000014,192,77,115
220000015,49,534,-485
220000017,26,572,-546
220000018,11298,5161,6137
220000019,352,1049,-697
220000020,872,367,505
220000021,1398,446,952
220000022,1576,387,1189
220000023,434,258,176
220000024,1119,990,129
220000025,881,2869,-1988
220000026,486,1507,-1021
220000027,12,440,-428
220000028,68,222,-154
220000029,57,55,2
220000030,73,185,-112
220000031,956,946,10
220000064,52,1504,-1452
221000046,5,0,5
221000047,0,0,0
221000048,0,1,-1
221000049,0,86,-86
221000050,46,3,43
221000055,103,209,-106
221000057,173,6,167
221000068,282,119,163
221000069,401,25,376
221000070,419,18,401
221000071,183,5,178
221000072,547,9,538
221000073,358,109,249
221000074,6,24,-18
221000075,12,68,-56
221000076,45,22,23
221000077,83,65,18
221000081,24,21,3
221000082,71,15,56
221000083,8,24,-16
221000084,7,11,-4
221000085,33,335,-302
221000086,30,176,-146
221000087,7,176,-169
221000088,10,221,-211
221000089,61,267,-206
221000090,80,528,-448
221000098,201,65,136
221000099,284,29,255
221000100,263,8,255
221000101,203,8,195
221000102,201,25,176
221000109,28,63,-35
221000110,10,30,-20
221000111,17,72,-55
221000112,13,89,-76
221000113,11,270,-259
221000114,11,165,-154
221000120,31,247,-216
221000121,7,84,-77
221000122,34,72,-38
221000123,11,38,-27
221000124,29,85,-56
221000155,223,67,156
221000156,111,48,63
221000175,0,36,-36
221000176,1,11,-10
221000182,55,39,16
221000241,371,304,67
221000242,211,289,-78
221000243,593,298,295
221000244,513,519,-6
221000245,163,261,-98
221000246,109,448,-339
221000247,137,244,-107
221000248,249,214,35
221000267,56,1092,-1036
221000325,14,203,-189
221000331,5,68,-63
221000338,16,98,-82
221000378,486,66,420
221000381,105,76,29
222000282,2,15,-13
222000296,2,39,-37
222000568,549,16,533
222000569,182,44,138
222000570,237,104,133
222000571,493,68,425
222000577,34,88,-54
222000578,7,150,-143
222000579,20,107,-87
222000580,53,746,-693
222000599,0,87,-87
222000600,0,134,-134
222000601,7,911,-904
222000603,3,209,-206
222000604,2,229,-227
222000605,20,172,-152
222000606,8,60,-52
222000607,19,13,6
222000608,44,23,21
222000609,143,141,2
222000616,795,86,709
222000617,15,134,-119
222000618,7,45,-38
222000620,50,51,-1
222000621,66,47,19
222000623,1121,23,1098
222000624,707,4,703
222000625,2631,6,2625
222000636,88,9,79
222000686,36,72,-36
222000687,83,78,5
222001066,1316,4,1312
222001067,179,9,170
222001068,315,72,243
222001069,167,102,65
222001082,77,13,64
222001083,214,15,199
222001084,0,28,-28
222001085,7,580,-573
222001111,252,90,162
222001112,513,288,225
222001313,8,53,-45
222001314,0,135,-135
222001464,111,125,-14
222001465,31,207,-176
222001484,440,71,369
222001485,30,83,-53
222001494,1316,451,865
222001495,204,133,71
222001496,687,328,359
222001497,184,294,-110
222001502,10,96,-86
222001503,407,195,212
222001504,32,439,-407
222001505,1174,45,1129
222001506,41,290,-249
222001507,776,39,737
222001510,1235,86,1149
222001511,103,196,-93
222001514,1511,124,1387
222001515,188,289,-101
222001518,935,24,911
222001519,306,131,175
222001527,252,218,34
222001528,45,228,-183
222001529,796,28,768
222001530,170,117,53
222001533,403,432,-29
222001534,1004,462,542
222001535,548,736,-188
222001536,222,170,52
222001537,646,103,543
222001538,62,463,-401
222001563,1559,206,1353
222001564,119,269,-150
222001568,296,299,-3
222001576,1,9,-8
222001579,0,9,-9
222001583,37,103,-66
222001584,275,56,219
222001596,833,2518,-1685
222001597,1825,1149,676
222001626,0,47,-47
222001650,24,224,-200
222001651,58,309,-251
222001914,477,32,445
222001915,86,217,-131
222001968,883,359,524
222001969,404,368,36
222001970,188,303,-115
222001971,160,21,139
222001972,17,14,3
225000001,663,178,485
225000002,1327,474,853
225000003,1559,697,862
225000004,896,1271,-375
225000005,67,324,-257
225000006,0,412,-412
225000007,2513,1499,1014
225000010,748,21,727
225000011,457,2579,-2122
225000012,473,1101,-628
225000013,220,277,-57
225000014,1221,418,803
225000015,301,306,-5
225000021,1480,259,1221
225000027,641,689,-48
225000032,1367,227,1140
225000042,223,660,-437
225000049,251,451,-200
225000050,410,72,338
225000053,24,310,-286
225000058,997,473,524
225000067,593,164,429
225000068,397,540,-143
225000069,213,614,-401
225000070,339,386,-47
225000071,159,122,37
225000075,223,2737,-2514
225000076,87,445,-358
225000078,105,156,-51
225000085,292,63,229
225000086,640,95,545
225000087,918,25,893
225000088,61,437,-376
225000089,109,569,-460
225000090,102,977,-875
225000091,136,229,-93
225000092,91,289,-198
225000093,774,535,239
225000094,60,302,-242
225000095,556,430,126
225000096,253,391,-138
225000098,1701,190,1511
225000099,787,183,604
225000100,1032,245,787
225000104,372,535,-163
225000110,36,597,-561
225000111,613,821,-208
225000112,884,1011,-127
225000113,354,2186,-1832
225000114,222,877,-655
225000115,1936,753,1183
225000116,391,271,120
225000117,1024,507,517
225000118,2339,536,1803
225000119,889,215,674
225000120,2058,359,1699
225000121,355,47,308
225000123,949,80,869
225000125,989,381,608
225000126,1352,625,727
225000127,696,4202,-3506
225000128,671,1699,-1028
225000132,1115,54,1061
225000133,685,45,640
225000134,1269,194,1075
225000135,231,29,202
225000136,1036,15,1021
225000137,735,331,404
225000138,1552,196,1356
225000143,247,448,-201
225000144,23,477,-454
225000145,123,248,-125
225000146,186,490,-304
225000147,103,207,-104
225000148,6,93,-87
225000149,189,207,-18
225000151,143,137,6
225000155,282,316,-34
225000156,374,1227,-853
225000157,1043,557,486
225000158,98,322,-224
225000171,19,241,-222
225000180,40,3,37
225000181,1,288,-287
225000182,92,45,47
225000185,7,472,-465
225000187,326,679,-353
225000191,164,4,160
225000194,0,6,-6
225000208,7,125,-118
225000209,500,32,468
225000210,22,305,-283
225000217,1,83,-82
225000218,56,4,52
225000223,1,448,-447
225000224,200,21,179
225000225,2,191,-189
225000226,37,17,20
225000227,722,712,10
225000228,6,17,-11
225000229,1,706,-705
225000230,7,3,4
225000231,0,35,-35
225000232,469,2,467
225000241,259,3,256
225000242,0,88,-88
225000249,1,0,1
225000250,213,346,-133
225000251,1129,325,804
225000254,2,209,-207
225000256,7,1195,-1188
225000257,1,142,-141
226000042,513,723,-210
226000043,189,535,-346
226000044,584,1088,-504
226000045,293,565,-272
226000046,909,431,478
226000047,891,331,560
226000048,758,275,483
226000049,1002,495,507
226000070,0,27,-27
226000071,0,144,-144
226000072,0,72,-72
226000073,0,22,-22
226000074,2,49,-47
226000084,3,35,-32
226000085,1,45,-44
226000086,4,59,-55
226000087,2,74,-72
226000088,11,84,-73
226000090,79,416,-337
226000091,16,165,-149
226000092,0,35,-35
226000093,85,0,85
226000094,20,9,11
226000095,11,13,-2
226000105,17,4,13
226000106,35,4,31
226000107,14,4,10
226000108,45,0,45
226000109,320,0,320
226000124,380,288,92
226000134,1657,812,845
226000135,3033,849,2184
226000136,1359,1113,246
226000137,6,662,-656
226000138,15,168,-153
226000139,5,154,-149
226000156,900,10,890
226000157,654,41,613
226000163,119,474,-355
226000202,6,504,-498
226000231,1408,44,1364
226000232,124,16,108
227000033,670,52,618
227000036,868,36,832
227000037,732,189,543
227000038,240,96,144
227000084,5,170,-165
227000085,0,160,-160
227000088,56,4,52
227000089,43,2,41
227000090,27,3,24
227000091,33,0,33
227000092,64,1,63
227000093,292,0,292
227000094,9,0,9
227000130,102,237,-135
227000131,58,224,-166
227000132,55,241,-186
227000133,39,85,-46
227000134,100,174,-74
227000152,0,12,-12
227000153,0,238,-238
227000154,0,117,-117
227000155,1,42,-41
227000156,0,32,-32
227000165,4,137,-133
227000196,1004,140,864
227000199,850,256,594
227000230,42,204,-162
227000232,1321,59,1262
227000242,74,533,-459
227000243,356,62,294
227000245,19,239,-220
227000246,148,226,-78
227000247,614,58,556
227000248,166,66,100
227000249,52,96,-44
227000250,468,329,139
227000251,79,630,-551
227000252,137,173,-36
227000253,354,34,320
227000262,888,42,846
227000266,2325,91,2234
227000267,21,794,-773
227000282,8,149,-141
227000284,1470,25,1445
227000286,14,93,-79
227000287,31,31,0
227000291,9,364,-355
227000296,388,265,123
227000484,280,6,274
227000485,15,709,-694
227000655,452,14,438
227000656,1051,24,1027
227000657,397,13,384
227000661,1009,25,984
229000265,43,43,0
229000296,1,149,-148
229000297,4,93,-89
229000298,24,238,-214
229000320,16,5,11
229000321,106,46,60
229000412,45,66,-21
229000414,19,79,-60
229000415,14,4,10
229000416,8,6,2
229000417,4,1,3
229000419,80,351,-271
229000440,392,262,130
229000442,47,24,23
229000443,10,22,-12
229000444,1,36,-35
229000445,163,6,157
229000446,157,20,137
229000491,7,10,-3
229000492,22,75,-53
229000493,5,146,-141
229000494,87,36,51
229000495,191,31,160
229000496,144,21,123
229000507,0,38,-38
229000508,2,23,-21
229000509,0,67,-67
229000510,7,88,-81
229000511,10,35,-25
229000512,0,22,-22
229000513,0,5,-5
229000514,0,1,-1
229000517,5,5,0
229000518,38,21,17
229000519,9,12,-3
229000520,25,32,-7
229000521,108,12,96
229000522,15,7,8
229000523,12,8,4
229000524,1,5,-4
229000527,3,0,3
229000528,1,1,0
229000529,23,2,21
229000530,109,13,96
229000531,91,4,87
229000532,24,1,23
229000533,93,1,92
229000534,42,1,41
229000564,101,1,100
229000565,80,0,80
229000566,3,3,0
229000567,0,6,-6
229000582,101,15,86
229000583,15,14,1
229000584,1,4,-3
229000585,2,68,-66
229000718,0,7,-7
229000719,0,1,-1
229000720,0,31,-31
229000721,0,5,-5
229000722,0,0,0
229000723,0,3,-3
229000724,0,19,-19
229000725,0,2,-2
229000738,6,0,6
229000739,2,2,0
229000740,2,1,1
229000741,84,0,84
229000742,33,0,33
229000743,26,0,26
229000744,5,0,5
229000745,1,0,1
229000746,33,0,33
229000847,82,1,81
229000848,35,0,35
229000849,88,1,87
229000851,86,0,86
229000854,1,24,-23
229000856,2,55,-53
229000857,0,17,-17
229000858,0,57,-57
229000919,4,120,-116
229000930,8,175,-167
229000937,171,34,137
229000966,142,61,81
229000981,29,15,14
229000985,41,18,23
229000986,3,1,2
229000987,0,0,0
229000988,7,8,-1
229000989,32,16,16
229000990,3,0,3
229000991,1,2,-1
229000992,43,9,34
229000993,333,16,317
229000998,15,58,-43
229000999,155,7,148
229001034,1,28,-27
229001035,3,5,-2
229001037,91,3,88
229001042,51,20,31
229001047,46,90,-44
229001050,81,48,33
229001168,0,91,-91
229001200,68,3,65
229001338,1,21,-20
229001394,370,1,369
229001422,243,45,198
229001423,18,119,-101
229001431,75,99,-24
229001432,33,142,-109
229001444,334,109,225
229001445,130,95,35
229001479,49,1,48
229001503,485,92,393
229001504,208,137,71
229001505,285,57,228
229001506,81,122,-41
229001509,84,24,60
229001545,196,16,180
229001546,4,79,-75
229001553,250,69,181
229001554,9,87,-78
229001630,130,7,123
229001631,6,78,-72
229001635,0,45,-45
229001636,0,1,-1
229001658,2,75,-73
229001659,122,16,106
229001660,2,36,-34
229001661,14,42,-28
229001662,49,1,48
229001663,0,63,-63
229002584,292,390,-98
229002831,161,122,39
229002841,12,55,-43
229002842,16,109,-93
229002843,97,52,45
229002844,72,92,-20
229002845,24,194,-170
229002846,21,21,0
229002847,0,32,-32
229002848,10,75,-65
229002849,13,92,-79
229002850,8,4,4
229002851,75,176,-101
229002852,210,35,175
229002853,154,247,-93
229002854,72,142,-70
229002855,24,150,-126
229002856,46,55,-9
229002857,24,274,-250
229002858,25,28,-3
229002859,54,299,-245
229002860,266,67,199
229002861,74,109,-35
229002862,44,55,-11
229002863,74,28,46
229002864,37,22,15
229002865,11,24,-13
229002866,19,22,-3
229002867,0,25,-25
229002868,17,39,-22
229002869,14,65,-51
229002870,54,13,41
235000066,489,61,428
235000067,303,129,174
235000072,60,99,-39
235000073,170,559,-389
235000074,128,92,36
235000080,9,79,-70
235000081,456,117,339
235000082,337,26,311
235000083,505,65,440
235000084,53,61,-8
235000085,212,70,142
235000089,80,412,-332
235000092,127,460,-333
235000093,4,19,-15
235000097,6,1,5
235000098,268,4,264
235000099,85,151,-66
235000116,43,25,18
235000117,1062,46,1016
235000133,56,1388,-1332
235000134,19,345,-326
235000206,21,5,16
235000207,2,4,-2
235000208,0,1,-1
235000209,3,1,2
235000210,18,1,17
235000212,19,25,-6
235000213,1,12,-11
235000220,0,5,-5
235000221,10,105,-95
235000238,16,312,-296
235000239,6,96,-90
235000242,486,1066,-580
235000245,452,241,211
235000246,9,87,-78
235000284,17,115,-98
235000295,144,131,13
235000305,470,46,424
235000306,619,26,593
235000307,80,6,74
235000308,56,1,55
235000309,170,0,170
235000310,65,0,65
235000311,185,136,49
235000322,0,35,-35
235000323,1,29,-28
235000324,2,15,-13
235000325,6,22,-16
235000326,14,47,-33
235000351,16,43,-27
235000352,27,48,-21
235000353,0,46,-46
235000354,8,24,-16
235000355,14,971,-957
235000356,243,3,240
235000357,316,13,303
235000358,55,12,43
235000359,16,9,7
235000360,192,9,183
235000361,106,7,99
235000381,557,142,415
235000382,304,162,142
235000390,16,3,13
235000391,188,44,144
235000392,279,237,42
235000393,205,967,-762
235000395,246,30,216
235000396,1083,94,989
235000400,120,237,-117
235000401,5,277,-272
235000405,365,135,230
235000406,175,118,57
235000407,154,57,97
235000409,205,197,8
235000410,206,175,31
235000411,3,49,-46
235000485,0,19,-19
235000486,5,1,4
235000549,153,611,-458
235000550,293,242,51
235000599,367,75,292
235000600,10,38,-28
235000601,18,21,-3
235000602,244,45,199
235000614,0,6,-6
235000648,1,16,-15
235000649,232,19,213
235000685,0,5,-5
235000815,3,40,-37
235000834,0,19,-19
235000855,86,48,38
235000862,81,60,21
235000891,0,86,-86
235000892,58,1,57
235000901,154,597,-443
235000907,7,19,-12
235001010,251,159,92
235001029,217,274,-57
235001030,227,165,62
235001078,112,330,-218
235001079,193,59,134
235001147,3,73,-70
235001166,15,39,-24
235001167,147,31,116
235001169,63,157,-94
235001188,0,13,-13
235001189,7,6,1
235001197,2,17,-15
235001200,177,96,81
235001207,358,77,281
235001210,13,150,-137
235001215,117,154,-37
235001239,1,94,-93
235001244,1,21,-20
235016267,1,263,-262
277101746,0,1,-1
277102712,0,2,-2
277103813,0,1,-1
277103814,0,0,0
277103898,0,2,-2
277104249,0,3,-3
277104250,0,25,-25
277104251,0,5,-5
277104252,0,2,-2
990011530,2,556,-554
990014944,2,321,-319
990015176,84,0,84
990015618,0,301,-301
990016032,2,293,-291
990032570,2,1934,-1932
990070001,89,2,87
990070103,0,4,-4
990070601,2,37,-35
990070751,3562,15,3547
990070766,0,201,-201
990071180,899,557,342
990071343,36,4,32
990071387,0,3,-3
990071823,687,94,593
990072600,1,875,-874
990072964,1,175,-174
990073285,0,3,-3
990074393,2,728,-726
990074870,2912,13,2899
990075106,1366,5,1361
990075746,1080,47,1033
990076437,5887,6,5881
990076458,1,509,-508
997000007,564,6,558
997000041,2,497,-495
997000058,109,0,109
997000062,7,0,7
997000069,0,4,-4
997000070,0,29,-29
997000100,250,0,250
997000141,4,581,-577
997000198,0,344,-344
998000475,0,0,0
998000736,0,383,-383
998000965,0,66,-66
998001031,0,97,-97
998001700,1,87,-86
998001899,0,0,0
998001900,24,0,24
998003073,1703,4,1699
998101900,0,0,0
998102850,10,241,-231
998501927,628,1397,-769
998501929,384,168,216
998501930,119,1,118
998501931,544,32,512
998501932,6,2,4
998501933,137,2,135
998501937,36,2,34
998501944,0,1,-1
998501970,450,40,410
998501971,0,437,-437
998501973,0,37,-37
998501974,0,116,-116
998501975,201,0,201
998501976,407,33,374
998501977,0,70,-70
998501978,27,0,27
998501979,0,3,-3
998501980,208,1,207
998501981,91,2,89
998501982,0,211,-211
998502006,0,0,0
998502024,0,41,-41
998502032,0,1,-1
998502062,59,41,18
998502063,0,0,0
998502173,8,0,8
998502269,0,1,-1
998601159,1,35,-34
998601292,0,72,-72
999033574,2,237,-235
999800001,73,8,65
999800002,0,3,-3
999800003,3,0,3
999800004,0,7,-7
999800005,0,53,-53
