ID,insum,outsum,diff
100000001,1052,1068,-16
100000002,5265,7511,-2246
100000003,5622,8337,-2715
100000004,414,1921,-1507
100000005,3498,6773,-3275
100000006,722,408,314
100000007,3496,1176,2320
100000008,102,779,-677
100000009,528,645,-117
100000010,123,134,-11
100000011,638,160,478
100000012,48,1075,-1027
100000013,21,304,-283
100000014,341,601,-260
100000015,1843,3058,-1215
100000016,578,2328,-1750
100000017,623,2025,-1402
100000018,1220,1575,-355
100000019,5817,4500,1317
100000020,1660,8874,-7214
100000021,7810,2834,4976
100000022,1233,5380,-4147
100000023,7639,2242,5397
100000025,504,2607,-2103
100000028,548,2305,-1757
100000029,60,776,-716
100000030,67,56,11
100000031,2797,8590,-5793
100000032,2639,5770,-3131
100000033,1560,6177,-4617
100000034,175,1660,-1485
100000035,1219,2595,-1376
100000036,1161,2296,-1135
100000037,828,655,173
100000038,3123,1861,1262
100000039,414,1016,-602
100000040,460,292,168
100000041,1999,892,1107
100000042,1351,708,643
100000043,918,621,297
100000044,249,969,-720
100000045,399,1011,-612
100000046,567,853,-286
100000047,233,557,-324
100000048,367,864,-497
100000049,2218,1189,1029
100000051,670,573,97
100000053,134,15,119
100000054,417,57,360
100000055,731,338,393
100000056,585,1000,-415
100000057,2727,843,1884
100000058,935,805,130
100000059,51,292,-241
100000060,741,429,312
100000061,2701,816,1885
100000062,1737,974,763
100000063,1216,465,751
100000064,1811,897,914
100000065,410,863,-453
100000066,233,634,-401
100000067,261,813,-552
100000068,454,1462,-1008
100000069,436,1225,-789
100000072,136,580,-444
100000073,1282,1013,269
100000075,957,247,710
100000076,1702,6836,-5134
100000077,194,670,-476
100000078,17,60,-43
100000079,24,64,-40
100000080,6,31,-25
100000081,65,233,-168
100000102,3683,7552,-3869
100000103,1777,2801,-1024
100000104,4350,3437,913
100000105,1493,2781,-1288
100000106,1267,5443,-4176
100000107,141,2016,-1875
100000108,380,1354,-974
100000109,802,1935,-1133
100000116,456,845,-389
100000117,97,264,-167
100000118,613,1472,-859
100000119,838,1189,-351
100000121,311,759,-448
100000122,621,2572,-1951
100000123,1395,3640,-2245
100000124,2606,4085,-1479
100000125,6788,2895,3893
100000126,573,1350,-777
100000127,1260,945,315
100000128,899,3758,-2859
100000129,419,1149,-730
100000130,894,340,554
100000131,1248,2626,-1378
100000132,1162,2426,-1264
100000133,1971,1323,648
100000135,875,1815,-940
100000139,235,651,-416
100000140,132,329,-197
100000142,658,843,-185
100000143,1632,478,1154
100000144,2394,680,1714
100000147,1834,5170,-3336
100000150,116,738,-622
100000151,594,2666,-2072
100000153,138,828,-690
100000154,22,991,-969
100000155,14,66,-52
100000156,287,379,-92
100000157,661,287,374
100000158,272,236,36
100000159,126,1503,-1377
100000165,703,842,-139
100000169,40,2198,-2158
100000174,258,1494,-1236
100000179,78,947,-869
100000180,842,8565,-7723
100000181,686,688,-2
100000188,100,615,-515
100000189,1134,918,216
100000190,488,2277,-1789
100000191,889,1107,-218
100000192,27,159,-132
100000193,288,228,60
100000330,924,1288,-364
100000355,226,1670,-1444
100000362,2537,1338,1199
100000363,8380,9029,-649
100000364,119,374,-255
100000365,7510,11832,-4322
100000366,2009,1616,393
100000367,6016,8795,-2779
100000368,2460,1188,1272
100000369,910,3581,-2671
100000370,246,1485,-1239
100000376,55,217,-162
100000379,1004,3542,-2538
100000380,4136,9172,-5036
100000384,6420,9462,-3042
100000385,1359,5709,-4350
100000386,3013,9978,-6965
100000387,3431,9176,-5745
100000388,2249,8443,-6194
100000389,4648,10167,-5519
100000390,3947,7023,-3076
100000391,3034,12746,-9712
100000392,1130,3933,-2803
100000393,910,7605,-6695
100000394,2995,8058,-5063
100000395,1542,6630,-5088
100000396,2070,3278,-1208
100000397,2174,8811,-6637
100000398,7145,5285,1860
100900002,31,15,16
100900003,552,355,197
100900004,35,1620,-1585
100900005,127,30,97
100900006,59,66,-7
100900007,237,6,231
100900008,36,519,-483
100900009,46,113,-67
100900010,130,42,88
100900011,274,166,108
100900012,0,52,-52
100900013,1318,7,1311
100900014,18,2,16
100900015,92,139,-47
100900016,25,67,-42
100900017,1431,110,1321
100900018,2,7,-5
100900019,75,149,-74
100900020,455,9,446
100900021,570,5,565
100900022,26,42,-16
100900023,1,56,-55
100900024,430,2,428
100900025,11,2,9
100900026,251,102,149
100900027,719,3833,-3114
100900028,146,591,-445
100900029,75,5,70
100900030,10,331,-321
100900031,1072,78,994
100900032,653,1,652
100900033,208,602,-394
100900034,1303,6,1297
100900035,255,0,255
100900036,24,0,24
100900037,204,149,55
100900038,47,141,-94
100900039,273,327,-54
100900040,1001,441,560
100900041,1583,374,1209
100900042,1074,2778,-1704
100900043,3,50,-47
100900044,1781,790,991
100900045,0,2,-2
100900046,1599,24,1575
100900047,1034,329,705
100900048,150,63,87
100900049,56,80,-24
100900050,10,12,-2
100900051,41,290,-249
100900052,375,52,323
100900053,883,43,840
100900054,12,36,-24
100900055,311,1417,-1106
100900056,54,114,-60
100900057,2985,884,2101
100900058,198,192,6
100900059,200,4,196
100900060,314,6,308
100900061,199,195,4
100900062,14,58,-44
100900063,464,1199,-735
100900064,793,28,765
100900065,90,211,-121
100900066,263,197,66
100900067,23,3,20
100900068,172,149,23
100900069,315,3,312
100900070,724,17,707
100900071,381,175,206
100900072,0,45,-45
100900073,203,354,-151
100900074,8,27,-19
100900075,2021,273,1748
100900076,2,34,-32
100900077,83,15,68
100900078,78,288,-210
100900079,3,39,-36
100900080,117,186,-69
100900081,31,179,-148
100900082,237,172,65
100900083,12,45,-33
100900085,19,673,-654
100900086,59,599,-540
100900088,301,160,141
100900089,12,20,-8
100900090,213,1158,-945
100900091,12,16,-4
100900092,138,213,-75
100900093,371,519,-148
100900094,245,151,94
100900095,23,55,-32
100900096,57,306,-249
100900097,0,3,-3
100900098,35,27,8
100900099,32,456,-424
100900100,21,721,-700
100900101,349,62,287
100900102,85,315,-230
100900103,18,52,-34
100900104,5,239,-234
100900105,34,653,-619
100900106,30,5,25
100900107,2947,1229,1718
100900108,13,75,-62
100900109,9,47,-38
100900110,6,30,-24
100900111,43,295,-252
100900112,3,30,-27
100900113,43,63,-20
100900114,24,39,-15
100900115,40,13,27
100900116,1298,565,733
100900117,306,1475,-1169
100900118,14,47,-33
100900119,7,26,-19
100900120,51,5,46
100900121,636,589,47
100900122,82,131,-49
100900123,146,140,6
100900124,2,13,-11
100900125,15,94,-79
100900126,448,173,275
100900127,0,2,-2
100900128,74,575,-501
100900129,1,429,-428
100900131,44,260,-216
100900133,98,43,55
100900134,12,1,11
100900135,7,1264,-1257
100900137,346,291,55
100900138,338,466,-128
100900139,2,34,-32
100900140,29,203,-174
100900141,5,913,-908
100900142,0,15,-15
100900143,479,821,-342
100900144,18,12,6
100900145,130,642,-512
100900146,17,112,-95
100900147,19,1459,-1440
100900148,75,175,-100
100900149,19,514,-495
100900150,5,42,-37
100900151,120,571,-451
100900152,665,8,657
100900153,6,337,-331
100900154,12,193,-181
100900155,29,6,23
100900156,49,3,46
100900157,37,1329,-1292
100900158,229,9,220
100900159,4,58,-54
100900160,37,31,6
100900161,81,5,76
100900162,13,713,-700
100900163,103,127,-24
100900164,192,53,139
100900165,31,42,-11
100900166,145,2,143
100900167,34,94,-60
100900168,27,317,-290
100900169,90,1006,-916
100900170,27,5,22
100900171,54,513,-459
100900172,0,71,-71
100900173,14,131,-117
100900174,81,26,55
100900176,2022,289,1733
100900177,450,577,-127
100900178,225,346,-121
100900179,485,439,46
100900180,1,1,0
100900181,140,111,29
100900182,182,32,150
100900184,22,186,-164
100900186,565,328,237
100900187,15,67,-52
100900188,24,41,-17
100900189,3457,315,3142
100900191,665,1588,-923
100900192,145,696,-551
100900195,183,382,-199
100900197,28,84,-56
100900198,47,84,-37
100900199,12,11,1
100900200,1201,431,770
100900201,125,1086,-961
100900202,64,0,64
100900203,4,189,-185
100900204,184,1957,-1773
100900205,248,752,-504
100900206,301,214,87
100900207,362,255,107
100900210,130,180,-50
100900211,693,167,526
100900213,364,86,278
100900214,553,165,388
100900215,51,65,-14
100900217,105,177,-72
101000001,1928,2680,-752
101000002,9325,11018,-1693
101000003,410,1308,-898
101000004,7776,7092,684
101000005,5190,6815,-1625
101000006,6501,12243,-5742
101000007,4244,6481,-2237
101000008,1820,3525,-1705
101000009,3090,784,2306
101000010,1392,648,744
101000011,1552,416,1136
101000012,370,802,-432
101000013,712,1524,-812
101000014,370,554,-184
101000015,2097,1829,268
101000016,324,1090,-766
101000017,390,670,-280
101000018,1741,5399,-3658
101000020,2662,937,1725
101000021,628,1169,-541
101000022,157,453,-296
101000023,1609,1457,152
101000025,407,752,-345
101000026,276,36,240
101000027,2079,5251,-3172
101000028,1183,463,720
101000029,119,1676,-1557
101000030,988,204,784
101000031,168,944,-776
101000032,2624,5666,-3042
101000033,1955,5942,-3987
101000034,1059,2850,-1791
101000035,676,439,237
101000036,803,2063,-1260
101000037,1174,3892,-2718
101000039,2852,4479,-1627
101000040,3124,7940,-4816
101000041,2355,8327,-5972
101000042,123,1196,-1073
101000043,3796,9863,-6067
101000045,277,1030,-753
101000046,1084,3011,-1927
101000047,1232,5920,-4688
101000048,674,476,198
101000049,882,3221,-2339
101000050,1048,2923,-1875
101000051,888,3495,-2607
101000052,1357,2498,-1141
101000053,654,1590,-936
101000054,2079,1043,1036
101000055,1155,2330,-1175
101000056,26,223,-197
101000057,821,2637,-1816
101000058,1153,2326,-1173
101000059,2853,3442,-589
101000060,1971,1660,311
101000061,503,2501,-1998
101000062,391,802,-411
101000063,265,1964,-1699
101000064,483,1086,-603
101000065,257,1054,-797
101000066,480,1494,-1014
101000067,414,1038,-624
101000068,90,525,-435
101000069,132,82,50
101000070,655,1041,-386
101000071,2991,1580,1411
101000072,782,3296,-2514
101000073,706,1642,-936
101000074,2448,4602,-2154
101000075,2033,4356,-2323
101000077,2197,2246,-49
101000078,806,1368,-562
101000079,1000,1282,-282
101000080,1001,1332,-331
101000081,1927,1805,122
101000082,2208,2275,-67
101000083,4170,2564,1606
101000084,1128,799,329
101000085,1696,1342,354
101000086,1151,1520,-369
101000087,956,1172,-216
101000088,2295,1465,830
101000089,1274,2200,-926
101000090,1986,1020,966
101000091,642,755,-113
101000092,2635,791,1844
101000093,1843,717,1126
101000094,1428,1154,274
101000095,736,706,30
101000096,826,381,445
101000097,442,1102,-660
101000098,509,888,-379
101000099,720,1799,-1079
101000100,877,1694,-817
101000101,328,740,-412
101000102,565,1258,-693
101000103,597,1158,-561
101000104,485,1266,-781
101000105,237,796,-559
101000106,418,1642,-1224
101000107,338,767,-429
101000108,666,156,510
101000109,844,160,684
101000110,51,196,-145
101000111,92,291,-199
101000113,208,1219,-1011
101000114,3050,10439,-7389
101000115,46,28,18
101000116,65,27,38
101000117,1210,215,995
101000119,58,103,-45
101000120,94,126,-32
101000121,53,64,-11
101000122,118,128,-10
101000123,43,153,-110
101000124,657,574,83
101000125,137,245,-108
101000128,224,1321,-1097
101000130,191,273,-82
101000131,1799,347,1452
101000132,1279,1471,-192
101000135,13,41,-28
101000136,129,270,-141
101000137,27,592,-565
101000141,704,4948,-4244
101000147,1390,354,1036
101000148,870,10,860
101000149,85,217,-132
101000150,173,308,-135
101000151,502,48,454
101000152,515,432,83
101000153,392,148,244
101000154,519,491,28
101000155,789,341,448
101000156,93,775,-682
101000157,93,99,-6
101000160,24,25,-1
101000163,137,656,-519
101000164,369,139,230
101000165,455,617,-162
101000166,266,282,-16
101000168,1217,654,563
101000252,3156,1259,1897
101000254,53,62,-9
101000258,71,6,65
101000261,89,167,-78
101000262,1591,5954,-4363
101000263,397,1748,-1351
101000265,90,992,-902
101000266,410,522,-112
101000269,21,40,-19
101000290,514,3917,-3403
101000293,32,60,-28
101000294,748,755,-7
101000295,294,254,40
101000301,280,654,-374
101000304,2513,3932,-1419
101000305,2915,1386,1529
101900001,22,28,-6
101900002,0,10,-10
101900003,33,184,-151
101900004,0,230,-230
101900005,1317,4822,-3505
101900006,2538,135,2403
101900007,951,195,756
101900008,69,319,-250
101900009,22,429,-407
101900010,522,856,-334
101900011,118,1329,-1211
101900012,529,130,399
101900013,489,116,373
101900017,12,138,-126
101900018,830,451,379
101900019,70,203,-133
101900020,59,25,34
101900021,4,153,-149
101900022,277,577,-300
101900023,338,115,223
101900026,135,44,91
101900027,13,95,-82
102000001,4287,8007,-3720
102000002,2956,2223,733
102000003,2801,8796,-5995
102000004,5132,3203,1929
102000005,1470,4745,-3275
102000006,880,1742,-862
102000007,2589,7076,-4487
102000008,6151,1623,4528
102000009,9356,11834,-2478
102000010,4310,3512,798
102000011,5716,5803,-87
102000012,3939,3355,584
102000018,3565,3862,-297
102000019,3935,2623,1312
102000026,480,585,-105
102000029,317,316,1
102000030,293,479,-186
102000031,152,140,12
102000032,944,554,390
102000033,625,400,225
102000034,560,636,-76
102000035,2707,836,1871
102000036,26,340,-314
102000037,419,63,356
102000038,145,795,-650
102000039,95,383,-288
102000040,222,565,-343
102000041,48,1184,-1136
102000042,233,879,-646
102000043,66,614,-548
102000044,499,1465,-966
102000045,738,1184,-446
102000046,1840,1012,828
102000047,1014,1104,-90
102000048,904,981,-77
102000049,1275,1580,-305
102000050,1367,1465,-98
102000051,337,1069,-732
102000052,1362,1688,-326
102000053,1058,1881,-823
102000054,1201,1368,-167
102000055,2067,251,1816
102000056,2058,304,1754
102000057,1806,590,1216
102000058,1399,868,531
102000059,1497,1578,-81
102000060,1082,1023,59
102000061,2585,1876,709
102000062,2630,1093,1537
102000063,1410,1427,-17
102000064,535,695,-160
102000065,71,175,-104
102000066,751,1235,-484
102000067,5265,3950,1315
102000068,15387,4584,10803
102000069,195,4513,-4318
102000070,1985,44,1941
102000071,7840,11613,-3773
102000072,3129,5316,-2187
102000073,907,1162,-255
102000074,810,1903,-1093
102000075,229,398,-169
102000076,330,259,71
102000077,1087,434,653
102000078,1565,309,1256
102000079,249,120,129
102000080,393,235,158
102000081,312,1192,-880
102000082,715,375,340
102000083,1271,286,985
102000084,827,342,485
102000085,4401,957,3444
102000086,1772,1041,731
102000087,1106,1708,-602
102000088,392,472,-80
102000089,1853,458,1395
102000090,367,1321,-954
102000091,1610,849,761
102000092,348,624,-276
102000093,916,631,285
102000094,772,626,146
102000095,1022,1156,-134
102000096,551,817,-266
102000097,1084,705,379
102000098,480,1021,-541
102000099,978,1573,-595
102000100,258,2352,-2094
102000101,496,706,-210
102000102,1024,1949,-925
102000103,3915,531,3384
102000104,976,488,488
102000105,375,596,-221
102000106,1087,493,594
102000107,2569,331,2238
102000108,741,301,440
102000109,831,391,440
102000110,2091,744,1347
102000111,33,440,-407
102000112,175,183,-8
102000113,75,47,28
102000114,942,333,609
102000115,366,466,-100
102000116,298,770,-472
102000117,109,1342,-1233
102000118,1101,2120,-1019
102000119,1336,1981,-645
102000120,362,795,-433
102000121,1311,578,733
102000122,838,1391,-553
102000123,1328,1190,138
102000124,1973,1853,120
102000125,617,818,-201
102000126,820,958,-138
102000127,1678,670,1008
102000128,1010,1282,-272
102000129,1775,543,1232
102000130,928,1138,-210
102000131,1321,1116,205
102000132,533,1640,-1107
102000133,4074,1696,2378
102000134,1445,1022,423
102000135,1946,1063,883
102000136,2668,770,1898
102000137,528,2330,-1802
102000138,280,546,-266
102000139,95,1757,-1662
102000140,167,2655,-2488
102000141,236,2766,-2530
102000142,602,544,58
102000143,453,301,152
102000144,605,251,354
102000145,607,399,208
102000146,500,535,-35
102000147,676,481,195
102000148,476,742,-266
102000149,382,187,195
102000150,968,156,812
102000151,150,113,37
102000152,316,155,161
102000153,1166,968,198
102000154,227,506,-279
102000155,65,947,-882
102000156,258,261,-3
102000157,51,1307,-1256
102000158,287,562,-275
102000159,1868,1378,490
102000161,2532,2682,-150
102000162,215,278,-63
102000163,131,531,-400
102000164,992,1010,-18
102000165,198,255,-57
102000166,78,169,-91
102000167,319,346,-27
102000168,324,237,87
102000169,159,827,-668
102000170,906,259,647
102000171,91,295,-204
102000172,36,494,-458
102000173,578,374,204
102000174,152,81,71
102000175,103,112,-9
102000176,95,13,82
102000178,264,351,-87
102000179,600,234,366
102000180,1465,321,1144
102000181,1230,290,940
102000182,899,409,490
102000183,2836,1243,1593
102000184,2780,677,2103
102000185,4184,910,3274
102000186,2649,1358,1291
102000187,1477,2186,-709
102000188,1727,1646,81
102000189,3020,765,2255
102000190,707,3078,-2371
102000191,1338,525,813
102000192,2800,2299,501
102000193,125,155,-30
102000194,87,215,-128
102000195,555,493,62
102000196,370,269,101
102000197,1112,272,840
102000198,304,511,-207
102000199,1854,248,1606
102000200,389,571,-182
102000201,1854,493,1361
102000202,14,170,-156
102000203,711,198,513
102000204,891,723,168
102000205,1936,581,1355
102000206,905,445,460
102000207,800,593,207
102000208,551,693,-142
102000209,72,124,-52
102000210,845,399,446
102000211,692,268,424
102000212,680,20,660
102000213,8,179,-171
102000214,660,18,642
102000215,2,191,-189
102000216,148,147,1
102000217,14,51,-37
102000218,398,335,63
102000219,289,136,153
102000225,271,643,-372
102000226,345,596,-251
102000227,243,1,242
102000228,0,114,-114
102000229,44,87,-43
102000230,449,314,135
102000231,415,448,-33
102000232,53,270,-217
102000233,1110,563,547
102000234,162,1373,-1211
102000236,319,139,180
102000237,520,433,87
102000238,236,423,-187
102000240,460,1120,-660
102000241,654,169,485
102000243,10,38,-28
102000245,14,122,-108
102000246,15,88,-73
102000247,282,504,-222
102000248,210,897,-687
102000249,284,106,178
102000250,100,220,-120
102000254,266,192,74
102000266,9,1175,-1166
102000271,35,0,35
102000286,579,369,210
102000297,2947,1552,1395
102000299,0,0,0
102000301,0,0,0
102000305,0,0,0
102000307,0,3,-3
102000308,1,8,-7
102900001,1484,759,725
102900002,453,46,407
102900003,125,168,-43
102900005,640,272,368
102900006,817,104,713
102900007,823,18,805
102900008,433,15,418
102900009,434,788,-354
102900010,208,1449,-1241
102900011,1091,717,374
102900012,685,126,559
102900013,71,63,8
102900015,873,638,235
102900016,205,73,132
102900017,520,247,273
102900018,79,60,19
102900019,593,651,-58
102900020,316,26,290
102900021,125,36,89
102900022,249,134,115
102900023,22,82,-60
102900024,101,54,47
102900025,161,102,59
102900026,538,2769,-2231
102900027,104,105,-1
102900028,305,1387,-1082
102900029,170,374,-204
102900030,488,470,18
102900031,401,145,256
102900032,165,86,79
102900033,197,233,-36
102900034,935,71,864
102900035,246,283,-37
102900036,575,300,275
102900037,286,286,0
102900038,673,294,379
102900039,109,835,-726
102900040,303,296,7
102900041,177,122,55
102900042,458,205,253
102900043,441,166,275
102900044,778,1355,-577
102900045,307,440,-133
102900046,267,146,121
102900047,181,665,-484
102900048,796,291,505
102900049,108,498,-390
102900050,214,320,-106
102900051,223,229,-6
102900052,54,154,-100
102900053,398,547,-149
102900054,425,2058,-1633
102900055,339,550,-211
102900056,122,381,-259
102900057,10,102,-92
102900058,693,95,598
102900059,54,55,-1
102900060,162,421,-259
102900061,309,288,21
102900062,529,555,-26
102900063,2342,403,1939
102900064,135,629,-494
102900065,926,283,643
102900066,455,18,437
102900068,70,184,-114
102900070,303,979,-676
102900072,21,72,-51
102900073,126,17,109
102900075,15,164,-149
102900076,93,235,-142
102900077,55,37,18
102900078,49,72,-23
102900079,274,6,268
102900080,708,37,671
102900081,114,260,-146
102900082,57,388,-331
102900083,197,24,173
102900084,10,121,-111
102900085,366,154,212
102900086,26,169,-143
102900087,209,305,-96
102900088,69,76,-7
102900089,220,221,-1
102900090,3,289,-286
102900091,331,3,328
102900092,807,245,562
102900093,609,209,400
102900094,1,347,-346
102900095,171,2,169
102900096,108,16,92
102900097,36,85,-49
103000001,2279,2324,-45
103000002,2666,3105,-439
103000003,3605,3125,480
103000004,837,734,103
103000005,1977,4803,-2826
103000006,1391,1869,-478
103000007,610,579,31
103000008,1351,956,395
103000009,2595,1473,1122
103000010,209,120,89
103000011,1235,1146,89
103000012,1506,2377,-871
103000013,2817,2080,737
103000014,1432,4664,-3232
103000015,1949,853,1096
103000016,634,2191,-1557
103000017,361,837,-476
103000018,1357,266,1091
103000019,506,661,-155
103000020,1648,1512,136
103000021,2237,2991,-754
103000022,919,1087,-168
103000023,939,3101,-2162
103000024,83,91,-8
103000025,140,1400,-1260
103000026,631,108,523
103000027,293,864,-571
103000028,302,324,-22
103000029,111,304,-193
103000030,1610,2226,-616
103000031,1205,3596,-2391
103000032,2662,1578,1084
103000033,3109,3188,-79
103000034,1147,1056,91
103000035,309,1634,-1325
103000036,275,420,-145
103000037,723,542,181
103000038,714,1347,-633
103000039,967,301,666
103000040,956,601,355
103000041,2658,1426,1232
103000042,2352,245,2107
103000043,1171,855,316
103000044,449,109,340
103000046,530,433,97
103000047,998,312,686
103000048,368,185,183
103000049,135,97,38
103000050,992,248,744
103000051,782,534,248
103000052,856,261,595
103000053,324,472,-148
103000054,2661,938,1723
103000055,2309,1591,718
103000056,963,994,-31
103000057,1607,235,1372
103000058,941,597,344
103000059,1161,576,585
103000060,1102,352,750
103000061,820,901,-81
103000062,1196,403,793
103000063,1400,1118,282
103000064,191,117,74
103000065,6,226,-220
103000066,360,14,346
103000069,536,198,338
103000070,1106,490,616
103000071,2262,712,1550
103000072,169,459,-290
103000073,1354,132,1222
103000074,1163,138,1025
103000075,163,638,-475
103000076,544,1116,-572
103000077,18,337,-319
103000078,1307,1793,-486
103000079,600,1106,-506
103000080,760,561,199
103000081,353,1230,-877
103000082,679,257,422
103000083,160,542,-382
103000084,147,2,145
103000085,4,206,-202
103000086,512,832,-320
103000087,260,771,-511
103000088,248,360,-112
103000089,415,1077,-662
103000090,5993,1438,4555
103000091,2012,642,1370
103000092,492,283,209
103000093,394,662,-268
103000094,357,181,176
103000095,145,340,-195
103000096,749,80,669
103000097,93,756,-663
103000098,759,167,592
103000099,172,743,-571
103000100,181,416,-235
103000101,1842,121,1721
103000102,206,311,-105
103000103,1029,149,880
103000104,146,70,76
103000105,277,50,227
103000106,13,176,-163
103000107,249,148,101
103000108,1844,1268,576
103000109,906,773,133
103000110,904,695,209
103000111,325,766,-441
103000112,337,659,-322
103000113,377,1532,-1155
103000114,1864,1401,463
103000115,1041,772,269
103000116,957,388,569
103000117,723,494,229
103000118,450,380,70
103000119,995,375,620
103000120,111,236,-125
103000121,102,358,-256
103000122,312,328,-16
103000125,75,126,-51
103000126,1080,4,1076
103000127,15,115,-100
103000128,334,6,328
103000129,30,140,-110
103000130,155,83,72
103000131,337,185,152
103000132,80,181,-101
103000133,43,221,-178
103000134,297,1420,-1123
103000135,749,206,543
103000136,574,740,-166
103000137,465,922,-457
103000138,735,839,-104
103000139,0,97,-97
103000140,184,39,145
103000141,53,162,-109
103000142,88,138,-50
103000143,100,232,-132
103000144,177,183,-6
103000145,26,1146,-1120
103000150,158,37,121
103000152,206,317,-111
103000153,309,297,12
103000156,56,163,-107
103000157,685,2,683
103000159,300,109,191
103000162,41,22,19
103000163,30,45,-15
103000164,6,7,-1
103000165,97,189,-92
103000166,436,622,-186
103000167,234,181,53
103000168,255,137,118
103000169,208,899,-691
103000170,1228,221,1007
103000171,23,126,-103
103000172,1075,128,947
103000173,1310,193,1117
103000174,486,231,255
103000175,412,152,260
103000176,1075,959,116
103000177,389,408,-19
103000178,123,282,-159
103000179,206,80,126
103000183,385,16,369
103000185,256,48,208
103000186,237,88,149
103000187,1458,157,1301
103000188,32,132,-100
103000189,945,640,305
103000191,641,647,-6
103000292,571,2586,-2015
103000293,1601,4353,-2752
103000295,91,195,-104
103000296,177,12,165
103000297,10,412,-402
103000504,21,15,6
103000505,10,86,-76
103000506,1,85,-84
103000507,256,6,250
103000508,172,108,64
103000509,260,583,-323
103900001,5,35,-30
103900002,745,119,626
103900003,1096,549,547
103900004,232,1,231
103900005,0,83,-83
103900006,3,0,3
103900007,253,8,245
103900008,44,3,41
103900009,640,302,338
103900010,405,192,213
103900011,785,80,705
103900012,10,59,-49
103900013,92,30,62
103900014,115,20,95
103900015,153,11,142
103900016,230,103,127
103900017,83,78,5
103900018,365,156,209
103900019,67,548,-481
103900020,459,598,-139
103900021,118,67,51
103900022,917,550,367
103900023,322,1,321
103900024,78,293,-215
103900025,8,31,-23
103900026,23,1,22
103900027,606,260,346
103900028,74,425,-351
103900029,1411,186,1225
103900030,598,236,362
103900031,87,7,80
103900032,130,119,11
103900033,71,51,20
103900034,71,40,31
103900035,103,45,58
103900036,75,50,25
103900037,163,114,49
103900038,101,314,-213
103900039,261,102,159
103900040,21,103,-82
103900041,98,41,57
103900042,187,86,101
103900043,407,75,332
103900044,55,855,-800
103900045,391,164,227
103900047,181,20,161
103900048,40,92,-52
103900049,126,1920,-1794
103900050,23,253,-230
103900051,4,60,-56
103900052,276,472,-196
103900053,463,193,270
103900054,302,176,126
103900055,661,257,404
103900056,80,45,35
103900057,212,67,145
103900058,556,206,350
103900059,0,58,-58
103900060,150,75,75
103900061,347,19,328
103900062,1037,302,735
103900063,5,0,5
103900064,287,5,282
103900065,406,334,72
103900066,350,121,229
103900067,413,8,405
103900068,11,0,11
103900069,162,47,115
103900070,178,190,-12
103900071,13,47,-34
103900072,55,82,-27
103900073,40,57,-17
103900074,102,27,75
103900075,461,57,404
103900076,1146,251,895
103900077,52,334,-282
103900078,467,84,383
103900079,188,217,-29
103900080,4,53,-49
103900081,17,26,-9
103900082,63,181,-118
103900083,1284,2512,-1228
103900084,85,287,-202
103900085,77,108,-31
103900086,1733,408,1325
103900087,39,88,-49
103900088,425,710,-285
103900089,46,151,-105
103900090,0,53,-53
103900091,752,147,605
103900092,892,795,97
103900093,76,302,-226
103900094,45,48,-3
103900095,304,274,30
103900096,129,89,40
103900097,46,364,-318
103900098,471,134,337
103900099,351,59,292
103900100,529,88,441
103900101,151,920,-769
103900102,2,56,-54
103900104,2,20,-18
103900105,25,91,-66
103900106,0,111,-111
103900107,302,45,257
103900108,83,159,-76
103900109,270,13,257
103900110,428,45,383
103900111,214,203,11
103900112,95,191,-96
103900113,111,340,-229
103900114,781,260,521
103900115,269,326,-57
103900116,1545,2951,-1406
103900117,87,23,64
103900119,26,158,-132
103900120,136,60,76
103900122,311,62,249
103900123,462,876,-414
103900124,62,220,-158
103900125,173,79,94
103900126,830,181,649
103900127,292,226,66
103900128,161,36,125
103900131,43,81,-38
103900133,1158,26,1132
103900134,3,7,-4
103900135,5,1,4
103900137,1,8,-7
103900138,188,56,132
103900139,252,4506,-4254
103900140,7,394,-387
103900141,253,31,222
103900142,534,99,435
103900143,213,3,210
103900144,0,30,-30
103900145,217,206,11
103900146,295,175,120
103900147,721,97,624
103900148,574,163,411
103900149,436,209,227
103900150,4708,7661,-2953
103900151,17,173,-156
103900152,1588,202,1386
103900153,6,0,6
103900154,375,3296,-2921
103900155,98,72,26
103900156,207,50,157
103900157,177,54,123
103900158,281,28,253
103900159,411,18,393
103900160,100,40,60
103900161,99,136,-37
103900162,65,75,-10
103900163,19,331,-312
103900167,14,204,-190
103900168,215,76,139
103900169,32,106,-74
103900170,3,90,-87
103900171,17,42,-25
103900172,5,5,0
103900173,26,32,-6
103900174,610,42,568
103900175,52,157,-105
103900176,7,28,-21
103900177,28,14,14
103900178,89,16,73
103900179,76,22,54
103900180,17,31,-14
103900181,15,50,-35
103900182,15,24,-9
103900184,175,248,-73
103900185,57,969,-912
103900187,11,176,-165
103900188,145,63,82
103900189,113,13,100
103900190,155,68,87
103900191,67,98,-31
103900192,46,111,-65
103900193,67,111,-44
103900194,114,117,-3
103900195,8,249,-241
103900196,67,78,-11
103900197,25,22,3
103900198,14,27,-13
103900199,189,115,74
103900200,362,50,312
103900201,141,123,18
103900202,16,57,-41
103900203,54,72,-18
103900204,0,36,-36
103900207,0,40,-40
103900208,246,1,245
103900209,10,59,-49
103900210,75,33,42
103900211,906,159,747
103900212,337,177,160
103900213,54,320,-266
103900214,282,345,-63
103900215,209,439,-230
103900216,7,142,-135
103900217,351,78,273
103900218,8,381,-373
103900219,310,105,205
103900233,184,30,154
103900235,30,202,-172
103900236,9,21,-12
103900242,1,5,-4
103900243,3,0,3
103900244,189,127,62
103900245,193,87,106
103900246,53,107,-54
103900247,19,78,-59
103900248,3,117,-114
103900249,14,101,-87
103900250,51,52,-1
103900251,4,48,-44
103900253,8,62,-54
103900254,8,52,-44
103900255,3,51,-48
103900256,18,41,-23
103900257,187,180,7
103900258,31,20,11
103900259,36,10,26
103900261,16,1,15
103900262,27,6,21
103900263,54,91,-37
103900264,33,22,11
103900265,16,1,15
103900266,3,91,-88
103900267,12,82,-70
103900268,26,17,9
103900269,169,13,156
103900270,112,58,54
103900271,91,46,45
104000001,3638,2485,1153
104000002,2430,2071,359
104000003,2907,2561,346
104000004,2622,2656,-34
104000005,2649,2453,196
104000006,3590,2683,907
104000007,4535,3966,569
104000008,194,221,-27
104000009,391,129,262
104000010,228,613,-385
104000011,330,201,129
104000012,133,202,-69
104000013,509,475,34
104000014,320,313,7
104000015,546,239,307
104000016,403,269,134
104000018,1104,243,861
104000019,720,399,321
104000020,115,310,-195
104000021,376,313,63
104000022,273,360,-87
104000023,1368,417,951
104000024,329,330,-1
104000026,64,248,-184
104000027,388,237,151
104000028,486,242,244
104000029,320,281,39
104000030,414,331,83
104000031,1815,407,1408
104000032,189,124,65
104000033,1061,531,530
104000034,418,168,250
104000035,1617,382,1235
104000036,1578,412,1166
104000037,263,108,155
104000038,662,356,306
104000039,260,150,110
104000040,118,521,-403
104000041,616,475,141
104000042,174,231,-57
104000043,277,249,28
104000044,273,349,-76
104000045,903,560,343
104000046,774,1047,-273
104000047,713,1147,-434
104000048,852,842,10
104000049,962,385,577
104000050,149,1057,-908
104000051,338,676,-338
104000052,2787,2176,611
104000053,1236,479,757
104000054,722,201,521
104000055,3412,2502,910
104000056,755,181,574
104000057,194,195,-1
104000058,1121,835,286
104000059,868,917,-49
104000060,1534,1486,48
104000061,1420,995,425
104000062,546,152,394
104000064,669,279,390
104000065,323,809,-486
104000069,594,1764,-1170
104000070,92,670,-578
104000071,193,398,-205
104000072,731,258,473
104000075,204,281,-77
104000076,513,64,449
104000082,2911,4836,-1925
104000083,665,287,378
104000084,154,442,-288
104000085,584,468,116
104000086,340,500,-160
104000087,399,2289,-1890
104000090,1465,825,640
104000092,2113,1114,999
104000094,1112,817,295
104000095,3954,1499,2455
104000096,2750,106,2644
104000097,3247,539,2708
104000098,4711,645,4066
104000100,3243,759,2484
104000101,2060,1335,725
104000106,58,836,-778
104000107,801,257,544
104000108,283,300,-17
104000109,451,202,249
104000110,769,1187,-418
104000111,2685,4297,-1612
104000112,783,492,291
104000116,2,595,-593
104000117,414,350,64
104000118,1400,157,1243
104000119,1379,321,1058
104000120,364,322,42
104000121,397,543,-146
104000122,1339,973,366
104000123,1020,640,380
104000124,489,1354,-865
104000125,2548,6162,-3614
104000126,697,784,-87
104000127,1470,1358,112
104000128,708,259,449
104000129,523,30,493
104000130,12,328,-316
104000131,325,287,38
104000132,304,340,-36
104000133,1727,853,874
104000134,1172,1994,-822
104000135,771,2048,-1277
104000136,878,3569,-2691
104000137,2502,395,2107
104000138,1500,488,1012
104000139,3070,3017,53
104000141,1006,893,113
104000142,757,338,419
104000143,875,263,612
104000144,175,199,-24
104000145,470,321,149
104000146,200,492,-292
104000147,228,338,-110
104000148,457,285,172
104000149,201,167,34
104000150,1443,917,526
104000151,371,254,117
104000152,667,458,209
104000153,944,924,20
104000154,782,361,421
104000155,658,843,-185
104000157,1548,1199,349
104000158,222,891,-669
104000159,981,1081,-100
104000160,2368,3206,-838
104000161,302,196,106
104000162,110,186,-76
104000165,826,860,-34
104000167,950,1871,-921
104000168,1034,15,1019
104000169,248,68,180
104000170,227,430,-203
104000248,405,479,-74
104000251,128,142,-14
104000272,0,0,0
104000273,0,0,0
104000274,0,0,0
104000275,0,0,0
104000279,650,556,94
104000290,87,340,-253
104000291,564,1328,-764
104000293,1766,1077,689
104000294,190,1,189
104000295,959,827,132
104000296,753,710,43
104000297,1012,2174,-1162
104000298,2240,1024,1216
104000299,1027,1234,-207
104900001,160,229,-69
104900002,200,372,-172
104900003,63,228,-165
104900004,125,103,22
104900005,740,504,236
104900006,871,118,753
104900007,464,295,169
104900009,201,140,61
104900010,115,35,80
104900011,19,63,-44
104900012,318,51,267
104900013,103,24,79
104900014,1898,411,1487
104900015,152,9,143
104900016,311,184,127
104900017,213,201,12
104900018,25,198,-173
104900019,254,7072,-6818
104900020,56,336,-280
104900021,0,32,-32
104900022,1,246,-245
104900023,1,34,-33
104900024,24,303,-279
104900025,90,132,-42
104900026,2,65,-63
104900027,929,469,460
104900028,19,113,-94
104900029,20,31,-11
104900030,683,230,453
104900031,36,273,-237
104900032,120,66,54
104900033,364,342,22
104900034,524,210,314
104900035,632,276,356
104900036,416,72,344
104900037,278,235,43
104900038,279,1607,-1328
104900039,385,617,-232
104900040,793,75,718
104900041,556,200,356
104900042,259,367,-108
104900043,37,355,-318
104900044,1252,154,1098
104900045,566,87,479
104900046,850,93,757
104900047,677,134,543
104900048,529,144,385
104900049,101,66,35
104900050,496,42,454
104900051,447,65,382
104900052,244,9,235
104900053,718,91,627
104900054,287,30,257
104900055,332,6,326
104900056,283,26,257
104900057,61,3,58
104900058,499,1113,-614
104900059,129,54,75
104900060,2,466,-464
104900061,175,322,-147
104900063,1,312,-311
104900064,2,132,-130
104900065,3,506,-503
104900066,1,61,-60
104900067,19,321,-302
104900068,94,194,-100
104900070,183,233,-50
104900071,1,502,-501
104900072,90,191,-101
104900073,152,39,113
104900074,161,125,36
104900075,97,14,83
104900076,183,166,17
104900077,490,445,45
104900078,349,242,107
104900079,135,1239,-1104
104900080,180,353,-173
104900082,12,314,-302
104900085,11,112,-101
104900087,456,7,449
104900089,571,2,569
104900090,1671,920,751
104900091,647,554,93
104900093,229,310,-81
104900097,1586,4513,-2927
104900098,405,43,362
104900099,71,1040,-969
104900100,386,197,189
104900102,66,78,-12
104900103,393,53,340
104900104,1946,2744,-798
104900106,276,137,139
104900107,119,136,-17
104900108,73,110,-37
104900109,107,158,-51
104900110,25,87,-62
104900111,546,106,440
104900112,488,269,219
104900113,1178,188,990
104900114,935,323,612
104900115,1174,234,940
104900116,803,104,699
104900118,42,46,-4
104900119,10,150,-140
104900120,26,741,-715
104900121,0,18,-18
104900122,29,57,-28
104900123,116,33,83
104900124,63,0,63
104900125,589,6,583
104900126,48,36,12
104900127,42,82,-40
104900128,159,82,77
104900129,1040,3592,-2552
105000001,3644,1632,2012
105000002,3236,2005,1231
105000003,3416,4344,-928
105000004,1040,672,368
105000005,1916,1426,490
105000006,1685,2351,-666
105000007,1876,2945,-1069
105000008,1206,5482,-4276
105000009,4255,4985,-730
105000010,2990,1083,1907
105000011,4492,4720,-228
105000012,2766,2360,406
105000013,1615,1863,-248
105000014,3599,5201,-1602
105000015,10658,16946,-6288
105000016,1192,1366,-174
105000017,1559,840,719
105000018,1011,2459,-1448
105000019,1144,1460,-316
105000020,111,641,-530
105000021,255,243,12
105000022,223,239,-16
105000023,839,226,613
105000028,51,74,-23
105000029,742,2189,-1447
105000030,3327,2483,844
105000033,1146,1752,-606
105000034,182,1770,-1588
105000037,713,244,469
105000038,1685,2162,-477
105000039,1613,1284,329
105000040,1177,2265,-1088
105000041,396,1239,-843
105000042,2535,2496,39
105000043,1019,2150,-1131
105000044,898,608,290
105000045,242,425,-183
105000046,1563,393,1170
105000047,780,455,325
105000048,964,288,676
105000049,234,450,-216
105000050,1031,492,539
105000051,266,292,-26
105000052,938,1119,-181
105000053,78,110,-32
105000054,569,1111,-542
105000055,1017,335,682
105000056,1913,1603,310
105000057,1632,617,1015
105000058,1590,926,664
105000059,1194,642,552
105000060,488,457,31
105000061,1578,686,892
105000062,706,483,223
105000063,437,317,120
105000064,2847,894,1953
105000065,448,452,-4
105000066,1154,1125,29
105000067,2089,1284,805
105000068,398,796,-398
105000069,1464,3567,-2103
105000070,472,1473,-1001
105000071,304,2016,-1712
105000072,1296,5316,-4020
105000073,1351,923,428
105000074,687,503,184
105000075,729,558,171
105000076,1033,885,148
105000077,2100,1153,947
105000078,1178,1855,-677
105000079,1014,3257,-2243
105000080,2369,2208,161
105000081,1813,1472,341
105000082,833,2600,-1767
105000083,2746,4652,-1906
105000084,688,702,-14
105000085,2680,2998,-318
105000086,877,1076,-199
105000087,1609,2110,-501
105000088,1844,2726,-882
105000089,2590,1748,842
105000090,808,685,123
105000091,999,1498,-499
105000092,665,1304,-639
105000093,397,590,-193
105000094,358,255,103
105000095,143,788,-645
105000096,1292,2068,-776
105000097,726,879,-153
105000098,1315,1102,213
105000099,740,892,-152
105000100,2333,1270,1063
105000101,2615,4911,-2296
105000102,2061,3701,-1640
105000103,1496,7070,-5574
105000104,2968,1681,1287
105000105,1238,1509,-271
105000106,1669,1121,548
105000107,2438,796,1642
105000108,2631,1237,1394
105000109,2825,1061,1764
105000110,1351,488,863
105000111,1952,467,1485
105000112,1520,672,848
105000113,719,817,-98
105000114,1722,1633,89
105000115,396,1862,-1466
105000116,1582,774,808
105000117,995,512,483
105000118,1268,430,838
105000119,587,425,162
105000120,1943,650,1293
105000121,995,576,419
105000122,680,822,-142
105000123,813,702,111
105000124,2936,682,2254
105000125,1124,1016,108
105000126,2768,1375,1393
105000127,3267,1415,1852
105000128,955,1150,-195
105000129,1573,311,1262
105000130,291,4572,-4281
105000131,496,181,315
105000132,1818,965,853
105000133,591,683,-92
105000134,1626,573,1053
105000135,418,514,-96
105000136,176,201,-25
105000137,1055,256,799
105000138,257,219,38
105000139,1067,548,519
105000140,772,463,309
105000141,488,370,118
105000142,391,440,-49
105000143,265,467,-202
105000144,321,424,-103
105000145,992,258,734
105000146,397,688,-291
105000147,822,333,489
105000148,991,825,166
105000149,3649,3403,246
105000150,1694,1026,668
105000151,780,513,267
105000152,265,428,-163
105000153,826,751,75
105000154,835,511,324
105000155,452,1140,-688
105000156,448,605,-157
105000157,721,1377,-656
105000158,2434,1012,1422
105000159,316,807,-491
105000160,4529,990,3539
105000161,852,1202,-350
105000162,953,3185,-2232
105000163,1040,913,127
105000164,197,312,-115
105000165,786,9949,-9163
105000166,4554,1870,2684
105000167,1424,3723,-2299
105000168,663,402,261
105000169,1028,134,894
105000170,520,1272,-752
105000171,1510,191,1319
105000172,254,23,231
105000173,463,34,429
105000174,194,48,146
105000175,162,83,79
105000176,896,107,789
105000177,577,383,194
105000178,402,381,21
105000179,1448,166,1282
105000180,383,117,266
105000181,295,159,136
105000182,83,34,49
105000183,2461,3502,-1041
105000184,646,1323,-677
105000185,906,1424,-518
105000186,629,787,-158
105000187,1074,361,713
105000188,191,353,-162
105000189,93,721,-628
105000190,369,361,8
105000191,448,308,140
105000192,507,88,419
105000193,99,283,-184
105000194,879,147,732
105000195,486,1001,-515
105000196,73,297,-224
105000197,295,644,-349
105000198,559,282,277
105000199,116,444,-328
105000200,157,511,-354
105000201,89,92,-3
105000203,22,123,-101
105000204,154,63,91
105000205,142,201,-59
105000207,192,119,73
105000208,213,885,-672
105000209,277,153,124
105000212,1465,521,944
105000213,103,315,-212
105000214,192,197,-5
105000215,407,179,228
105000216,199,70,129
105000217,322,158,164
105000218,2522,1132,1390
105000221,231,262,-31
105000222,351,186,165
105000223,486,247,239
105000226,160,158,2
105000227,107,103,4
105000228,159,2573,-2414
105000229,253,821,-568
105000231,697,395,302
105000233,994,863,131
105000234,643,860,-217
105000235,539,740,-201
105000237,1664,140,1524
105000243,117,125,-8
105000248,50,66,-16
105000262,610,544,66
105000269,209,199,10
105000270,730,36,694
105000271,0,168,-168
105000282,60,68,-8
105000287,284,412,-128
105000288,975,565,410
105000289,1257,2293,-1036
105000290,43,20,23
105000402,2351,4907,-2556
105000426,234,673,-439
105000438,1706,1457,249
105000446,14638,5030,9608
105000447,2768,1850,918
105000454,1009,267,742
105000455,302,147,155
105000474,105,2,103
105000477,944,766,178
105000478,3429,7126,-3697
105000479,227,192,35
105000480,6562,9838,-3276
105000481,5307,5795,-488
105000482,2813,4721,-1908
105000483,2316,4055,-1739
105000484,1640,2098,-458
105000485,1405,4160,-2755
105000486,2075,2528,-453
105000488,4358,2505,1853
105000489,1537,876,661
105000549,85,185,-100
105000550,387,1191,-804
105000551,52,75,-23
105000552,2291,1236,1055
105900001,11,2862,-2851
105900002,870,1502,-632
105900003,28,121,-93
105900004,226,107,119
105900005,14,205,-191
105900006,24,150,-126
105900007,94,40,54
105900008,137,297,-160
105900009,34,27,7
105900011,216,66,150
105900012,740,107,633
105900013,12,55,-43
105900014,11,64,-53
105900015,142,1143,-1001
105900016,921,553,368
105900017,2045,25,2020
105900018,258,147,111
105900019,134,353,-219
105900020,81,110,-29
105900021,54,1693,-1639
105900022,336,143,193
105900023,11,318,-307
105900024,22,963,-941
105900025,324,15,309
105900026,280,27,253
105900027,19165,6333,12832
105900028,282,560,-278
105900029,2629,413,2216
105900030,265,342,-77
105900031,394,207,187
105900032,149,169,-20
105900033,63,118,-55
105900034,416,187,229
105900035,404,131,273
105900036,260,227,33
105900037,145,35,110
105900038,313,231,82
105900039,215,65,150
105900040,152,84,68
105900041,298,100,198
105900042,117,175,-58
105900043,1605,34,1571
105900044,1,377,-376
105900045,6,1460,-1454
105900046,6,265,-259
105900047,23,95,-72
105900048,120,436,-316
105900050,3618,10285,-6667
105900051,132,1273,-1141
105900052,1145,204,941
105900053,2778,4609,-1831
105900054,237,567,-330
105900056,714,642,72
105900057,36,334,-298
105900058,23,11,12
105900059,0,97,-97
106000001,2373,2488,-115
106000002,837,3554,-2717
106000003,3554,4587,-1033
106000004,1404,2262,-858
106000005,4739,4836,-97
106000006,4721,1751,2970
106000007,648,540,108
106000008,491,348,143
106000009,682,405,277
106000010,539,572,-33
106000011,2119,1357,762
106000012,1292,990,302
106000013,2607,2167,440
106000014,2099,1239,860
106000015,3064,1539,1525
106000016,1628,1512,116
106000017,612,919,-307
106000018,764,567,197
106000019,522,572,-50
106000020,542,306,236
106000021,337,459,-122
106000022,450,191,259
106000023,834,355,479
106000024,754,420,334
106000025,236,246,-10
106000026,65,136,-71
106000027,2421,1828,593
106000028,939,232,707
106000029,919,710,209
106000030,255,759,-504
106000034,136,307,-171
106000035,1004,2257,-1253
106000036,200,426,-226
106000037,1387,1178,209
106000038,100,173,-73
106000039,60,195,-135
106000040,121,861,-740
106000041,693,591,102
106000043,557,312,245
106000046,337,92,245
106000047,69,682,-613
106000049,1412,231,1181
106000050,363,417,-54
106000051,1189,768,421
106000052,144,272,-128
106000053,607,135,472
106000054,368,255,113
106000055,1177,712,465
106000056,290,208,82
106000057,644,261,383
106000058,217,110,107
106000059,576,369,207
106000060,261,324,-63
106000061,222,796,-574
106000062,229,320,-91
106000063,1338,885,453
106000064,27,209,-182
106000065,599,254,345
106000066,154,198,-44
106000067,556,105,451
106000068,141,424,-283
106000069,424,78,346
106000070,488,481,7
106000071,1072,276,796
106000072,2898,1772,1126
106000073,1403,5033,-3630
106000074,842,823,19
106000075,399,1351,-952
106000076,1697,1598,99
106000077,2575,956,1619
106000078,1755,643,1112
106000079,1012,602,410
106000080,1680,426,1254
106000081,1113,823,290
106000082,2008,548,1460
106000083,571,1313,-742
106000084,983,565,418
106000085,1677,1448,229
106000086,573,714,-141
106000087,985,403,582
106000088,421,713,-292
106000089,1156,261,895
106000090,471,581,-110
106000091,225,372,-147
106000092,1201,231,970
106000093,531,142,389
106000094,134,258,-124
106000095,1575,598,977
106000096,1299,530,769
106000097,1654,611,1043
106000098,1263,761,502
106000099,243,1824,-1581
106000100,1627,281,1346
106000101,947,1007,-60
106000102,151,2352,-2201
106000103,231,881,-650
106000104,1153,388,765
106000105,613,624,-11
106000106,1133,259,874
106000107,157,151,6
106000108,521,183,338
106000109,336,164,172
106000110,477,198,279
106000111,231,183,48
106000112,412,826,-414
106000113,829,452,377
106000114,573,1066,-493
106000115,322,320,2
106000116,452,243,209
106000117,1045,491,554
106000118,1844,1576,268
106000119,1134,566,568
106000120,1609,1936,-327
106000121,457,170,287
106000122,272,132,140
106000123,1106,83,1023
106000124,140,98,42
106000125,77,140,-63
106000126,632,57,575
106000127,1534,525,1009
106000128,1040,133,907
106000129,783,386,397
106000130,1424,275,1149
106000131,146,744,-598
106000132,651,176,475
106000133,2932,1815,1117
106000134,539,3551,-3012
106000135,148,597,-449
106000136,787,1472,-685
106000137,71,791,-720
106000138,2338,102,2236
106000139,54,56,-2
106000140,62,50,12
106000141,262,34,228
106000142,217,57,160
106000143,32,57,-25
106000144,24,121,-97
106000145,570,138,432
106000146,598,171,427
106000147,406,282,124
106000148,489,578,-89
106000149,962,322,640
106000150,945,2276,-1331
106000151,3234,974,2260
106000152,1024,3038,-2014
106000153,79,2639,-2560
106000154,1410,159,1251
106000155,190,279,-89
106000156,2146,160,1986
106000157,855,1653,-798
106000158,1811,900,911
106000159,2485,2548,-63
106000160,670,4974,-4304
106000161,1075,245,830
106000162,529,1710,-1181
106000163,555,234,321
106000164,1042,266,776
106000165,419,344,75
106000166,1464,319,1145
106000167,546,652,-106
106000168,1098,213,885
106000169,557,289,268
106000170,1549,220,1329
106000171,302,1003,-701
106000172,3286,1398,1888
106000173,1174,2518,-1344
106000174,1638,370,1268
106000175,251,539,-288
106000176,2674,859,1815
106000177,1083,1890,-807
106000178,3404,1617,1787
106000179,786,1346,-560
106000180,1008,752,256
106000181,1542,1499,43
106000182,2514,675,1839
106000183,2407,480,1927
106000184,2179,707,1472
106000185,1889,1615,274
106000186,613,95,518
106000187,125,1181,-1056
106000188,0,4,-4
106000189,7,48,-41
106000190,42,3,39
106000191,712,110,602
106000192,1,19,-18
106000193,517,213,304
106000194,138,520,-382
106000195,501,349,152
106000196,107,791,-684
106000197,823,347,476
106000198,327,132,195
106000199,749,1409,-660
106000200,300,380,-80
106000201,527,5832,-5305
106000202,2524,548,1976
106000203,60,179,-119
106000204,107,15,92
106000205,16,131,-115
106000206,112,24,88
106000207,20,334,-314
106000208,1921,222,1699
106000209,2374,553,1821
106000210,284,687,-403
106000211,193,1255,-1062
106000212,1296,620,676
106000213,164,1162,-998
106000214,1183,468,715
106000215,370,387,-17
106000216,646,360,286
106000217,215,336,-121
106000218,384,285,99
106000219,159,187,-28
106000220,637,271,366
106000221,420,114,306
106000222,165,81,84
106000223,612,164,448
106000224,377,81,296
106000225,124,225,-101
106000226,101,136,-35
106000228,140,118,22
106000229,63,448,-385
106000231,1511,122,1389
106000232,86,178,-92
106000233,635,119,516
106000234,68,265,-197
106000235,415,179,236
106000236,55,157,-102
106000237,1,28,-27
106000238,4,31,-27
106000239,0,120,-120
106000240,51,5,46
106000241,28,523,-495
106000242,316,39,277
106000249,93,24,69
106000250,117,655,-538
106000251,155,14,141
106000252,27,60,-33
106000253,103,85,18
106000254,112,39,73
106000255,54,240,-186
106000256,58,37,21
106000257,156,269,-113
106000258,144,42,102
106000259,1,99,-98
106000260,29,16,13
106000261,5,56,-51
106000262,106,14,92
106000263,40,36,4
106000264,245,25,220
106000265,18,154,-136
106000266,169,20,149
106000267,5,124,-119
106000268,335,42,293
106000269,31,47,-16
106000270,66,288,-222
106000271,169,158,11
106000272,239,81,158
106000273,24,187,-163
106000274,172,38,134
106000275,264,240,24
106000276,118,41,77
106000277,142,244,-102
106000278,152,31,121
106000279,16,21,-5
106000280,148,39,109
106000281,163,44,119
106000282,117,67,50
106000283,223,58,165
106000284,229,125,104
106000285,197,83,114
106000286,157,171,-14
106000287,173,85,88
106000288,153,111,42
106000289,116,116,0
106000290,136,51,85
106000291,124,117,7
106000292,103,68,35
106000293,140,106,34
106000294,127,72,55
106000295,79,69,10
106000296,40,82,-42
106000297,38,272,-234
106000298,93,130,-37
106000299,105,110,-5
106000300,49,115,-66
106000301,55,109,-54
106000303,64,94,-30
106000304,53,16,37
106000305,128,28,100
106000306,95,38,57
106000307,171,16,155
106000308,40,111,-71
106000309,30,96,-66
106000310,381,260,121
106000311,603,222,381
106000312,195,97,98
106000313,391,156,235
106000318,44,502,-458
106000319,1714,401,1313
106000320,5,74,-69
106000321,186,183,3
106000322,378,65,313
106000324,26,80,-54
106000325,2781,1025,1756
106000326,1326,1335,-9
106000327,323,88,235
106000328,57,77,-20
106000329,152,243,-91
106000330,70,126,-56
106000428,71,168,-97
106000429,168,200,-32
106000430,388,1012,-624
106000431,2831,451,2380
106000432,1014,2251,-1237
106000433,2687,1450,1237
106000434,4172,1494,2678
106000435,998,2198,-1200
106000436,40,143,-103
106000437,515,98,417
106000438,352,381,-29
106000439,90,566,-476
106000440,201,1134,-933
106000441,2,2,0
106000442,257,25,232
106000443,351,178,173
106000450,0,77,-77
106000451,21,146,-125
106000454,10,107,-97
106000455,14,139,-125
106000456,87,38,49
106000457,43,408,-365
106000458,1527,50,1477
106000459,415,131,284
106000460,2508,31,2477
106000461,329,329,0
106000462,4,68,-64
106000463,5,6,-1
106000464,9,175,-166
106000465,1293,10,1283
106000466,14,223,-209
106000467,156,165,-9
106000468,156,162,-6
106000469,76,1,75
106000470,261,2467,-2206
106000471,13,373,-360
106000472,195,10,185
106000473,53,5,48
106000474,320,374,-54
106000475,423,148,275
106000476,118,319,-201
106000477,19,32,-13
106900001,0,26,-26
106900002,10,164,-154
106900003,174,3578,-3404
106900004,0,15,-15
106900006,0,10,-10
106900007,0,19,-19
106900008,820,69,751
106900009,561,162,399
106900010,371,233,138
106900012,1023,3435,-2412
106900013,831,273,558
106900014,83,3,80
106900015,13,1,12
106900016,560,31,529
106900017,15,0,15
106900018,8,0,8
106900019,165,2,163
106900020,4614,2842,1772
106900021,165,192,-27
106900022,1496,4,1492
106900023,23,143,-120
106900024,822,92,730
106900025,50,1136,-1086
106900026,1,209,-208
106900027,1337,4,1333
107000001,3538,7132,-3594
107000002,1683,2716,-1033
107000003,9431,8078,1353
107000004,4575,2176,2399
107000005,10130,8080,2050
107000006,3708,1828,1880
107000007,6804,10978,-4174
107000008,5923,3952,1971
107000009,12669,9804,2865
107000010,6943,4951,1992
107000011,826,828,-2
107000012,2524,1889,635
107000013,175,51,124
107000014,126,113,13
107000015,637,422,215
107000016,1203,464,739
107000017,1270,7982,-6712
107000018,14,6135,-6121
107000020,1082,6315,-5233
107000021,1539,490,1049
107000022,1168,3819,-2651
107000023,2251,209,2042
107000024,1043,1777,-734
107000025,301,371,-70
107000026,579,416,163
107000027,2119,1171,948
107000028,1727,641,1086
107000029,5220,4222,998
107000030,2748,1970,778
107000031,6543,3002,3541
107000032,475,675,-200
107000033,2678,4087,-1409
107000034,7128,1278,5850
107000035,591,260,331
107000036,1727,1717,10
107000037,175,1008,-833
107000038,318,204,114
107000039,1526,1176,350
107000040,436,296,140
107000041,1588,1196,392
107000042,696,2351,-1655
107000043,2082,1175,907
107000044,400,564,-164
107000045,86,331,-245
107000046,1252,538,714
107000047,607,782,-175
107000048,898,382,516
107000049,700,733,-33
107000050,1269,728,541
107000051,226,353,-127
107000052,1324,1585,-261
107000053,439,421,18
107000054,50,183,-133
107000055,251,137,114
107000056,534,545,-11
107000057,1691,198,1493
107000058,2321,3032,-711
107000059,2077,2441,-364
107000060,6518,6248,270
107000061,4765,2560,2205
107000062,7963,3553,4410
107000063,4815,2890,1925
107000064,7356,4166,3190
107000065,3938,3444,494
107000066,2147,4502,-2355
107000067,1792,1948,-156
107000068,1150,1469,-319
107000069,1421,851,570
107000070,1450,13,1437
107000071,5267,84,5183
107000072,21,1282,-1261
107000073,1522,814,708
107000074,138,625,-487
107000075,2816,725,2091
107000076,393,862,-469
107000077,5233,1559,3674
107000078,1249,1847,-598
107000079,4031,1347,2684
107000080,783,1920,-1137
107000081,3892,671,3221
107000082,829,615,214
107000083,2068,920,1148
107000084,303,872,-569
107000085,3557,4006,-449
107000086,3555,2719,836
107000087,4469,2892,1577
107000088,3308,3194,114
107000089,2513,2738,-225
107000090,1617,877,740
107000091,2403,1268,1135
107000092,1272,741,531
107000093,1956,1196,760
107000094,1126,795,331
107000095,1266,663,603
107000096,675,671,4
107000097,566,298,268
107000098,264,483,-219
107000099,578,485,93
107000100,294,354,-60
107000101,144,299,-155
107000102,174,286,-112
107000103,386,236,150
107000104,189,272,-83
107000105,549,156,393
107000106,157,185,-28
107000107,762,136,626
107000108,128,312,-184
107000109,1269,177,1092
107000110,68,152,-84
107000111,642,58,584
107000112,60,115,-55
107000113,999,119,880
107000114,86,328,-242
107000115,1089,459,630
107000116,137,564,-427
107000117,188,1687,-1499
107000118,65,91,-26
107000119,1748,1898,-150
107000120,941,811,130
107000121,1449,676,773
107000122,1071,652,419
107000123,729,593,136
107000124,702,392,310
107000125,1735,536,1199
107000126,1842,303,1539
107000129,481,263,218
107000130,1187,385,802
107000131,466,369,97
107000132,712,307,405
107000133,509,251,258
107000134,436,2,434
107000135,5,503,-498
107000136,736,10,726
107000137,9,979,-970
107000138,279,42,237
107000139,43,1122,-1079
107000140,2338,132,2206
107000141,139,907,-768
107000142,762,135,627
107000143,71,598,-527
107000144,807,928,-121
107000145,191,347,-156
107000146,242,460,-218
107000147,4824,823,4001
107000150,576,4951,-4375
107000151,39,65,-26
107000152,861,2884,-2023
107000153,80,271,-191
107000154,17,364,-347
107000155,1423,14,1409
107000156,1978,24,1954
107000157,121,468,-347
107000158,1448,24,1424
107000159,53,372,-319
107000160,2270,217,2053
107000161,97,439,-342
107000162,470,1098,-628
107000163,198,1,197
107000164,1337,6,1331
107000165,2287,17,2270
107000166,26,374,-348
107000167,1287,340,947
107000168,1236,659,577
107000169,599,421,178
107000170,4567,1058,3509
107000171,824,868,-44
107000172,1922,2301,-379
107000173,522,542,-20
107000174,1543,8439,-6896
107000175,4321,1032,3289
107000176,0,7,-7
107000177,7,1,6
107000178,26,5,21
107000179,489,954,-465
107000180,2566,216,2350
107000181,614,689,-75
107000182,2956,532,2424
107000183,347,554,-207
107000184,2069,502,1567
107000185,526,1049,-523
107000186,1806,441,1365
107000187,1440,1225,215
107000188,755,550,205
107000189,910,845,65
107000190,1080,637,443
107000191,1117,930,187
107000192,2181,607,1574
107000193,549,674,-125
107000194,839,542,297
107000197,1408,316,1092
107000198,483,477,6
107000199,1675,762,913
107000200,874,902,-28
107000201,662,707,-45
107000202,437,593,-156
107000203,855,2120,-1265
107000204,804,2522,-1718
107000205,1390,877,513
107000206,619,2230,-1611
107000207,628,1794,-1166
107000208,554,839,-285
107000209,937,1485,-548
107000210,154,204,-50
107000211,4,60,-56
107000212,27,242,-215
107000213,6,22,-16
107000214,19,76,-57
107000215,771,178,593
107000216,863,457,406
107000217,255,124,131
107000219,118,378,-260
107000220,266,105,161
107000222,308,456,-148
107000224,1162,119,1043
107000225,171,300,-129
107000226,993,134,859
107000227,115,115,0
107000228,528,533,-5
107000229,83,136,-53
107000230,1167,468,699
107000231,648,2430,-1782
107000232,160,27,133
107000233,301,1279,-978
107000234,2,88,-86
107000235,158,19,139
107000236,4,433,-429
107000237,46,0,46
107000238,30,7,23
107000239,4376,755,3621
107000240,73,663,-590
107000241,53,22,31
107000242,379,23,356
107000243,1,43,-42
107000244,9,82,-73
107000246,3,939,-936
107000249,2,1094,-1092
107000251,1,251,-250
107000252,5,359,-354
107000255,246,274,-28
107000257,4,454,-450
107000258,12,216,-204
107000259,10,146,-136
107000260,2599,25,2574
107000262,10,260,-250
107000263,665,6,659
107000266,21,18,3
107000267,80,79,1
107000268,110,71,39
107000269,82,8,74
107000270,298,96,202
107000271,2,0,2
107000272,166,0,166
107000273,20,664,-644
107000274,780,1804,-1024
107000275,35,5696,-5661
107000280,1786,49,1737
107000281,62,318,-256
107000282,99,383,-284
107000290,48,71,-23
107000291,18,11,7
107000292,1,760,-759
107000293,21,21,0
107000294,0,70,-70
107000295,67,2,65
107000296,0,6,-6
107000444,401,1,400
107000496,1,9,-8
107000497,1371,1142,229
107000500,673,390,283
107000501,143,167,-24
107000502,231,324,-93
107000505,256,809,-553
107000506,0,0,0
107000508,6,178,-172
107000509,239,875,-636
107000510,95,81,14
107000514,76,605,-529
107000515,11,89,-78
107000516,683,469,214
107000518,1973,3591,-1618
107000519,1497,665,832
107000520,158,76,82
107900001,158,82,76
107900002,117,16,101
107900003,897,8,889
107900004,196,3,193
107900005,2902,16,2886
107900006,280,5,275
107900007,786,90,696
107900008,73,11,62
107900009,257,11,246
107900010,88,8,80
107900012,437,131,306
107900013,283,20,263
107900014,146,21,125
107900015,2247,20,2227
107900016,432,130,302
107900017,74,2,72
107900018,125,401,-276
107900019,50,25,25
107900020,59,28,31
107900021,305,38,267
107900023,8,2,6
107900024,0,14,-14
107900025,337,167,170
107900026,129,31,98
107900027,24,110,-86
107900028,296,47,249
107900030,278,70,208
107900031,128,100,28
107900032,21,9,12
107900033,34,5,29
107900034,412,26,386
107900035,2334,86,2248
107900036,159,98,61
107900037,0,3,-3
107900038,74,445,-371
107900039,51,34,17
107900040,9,486,-477
107900041,3,3,0
107900043,77,129,-52
107900044,25,13,12
107900045,161,110,51
107900046,443,317,126
107900047,115,11,104
107900048,385,44,341
107900049,376,1563,-1187
107900050,75,169,-94
107900051,102,61,41
107900052,17,88,-71
107900053,148,97,51
107900055,805,376,429
107900056,180,147,33
107900057,19,0,19
107900058,36,460,-424
107900060,20,60,-40
107900061,5,37,-32
107900063,113,121,-8
107900064,262,408,-146
107900065,536,16,520
107900066,36,11,25
107900067,1,0,1
107900068,161,1343,-1182
107900069,18,3406,-3388
107900070,286,207,79
107900071,31,330,-299
107900072,295,114,181
107900073,179,55,124
107900074,259,465,-206
107900076,247,42,205
107900077,205,10,195
107900078,205,83,122
107900079,26,22,4
107900080,151,1211,-1060
107900081,150,52,98
107900082,6,13,-7
107900083,538,213,325
107900084,205,164,41
107900086,35,349,-314
107900087,180,168,12
107900088,161,42,119
107900089,257,1015,-758
107900090,936,3682,-2746
107900091,130,104,26
107900092,1375,208,1167
107900093,118,79,39
107900095,1512,2111,-599
107900097,46,80,-34
107900098,119,252,-133
107900100,1110,1912,-802
107900101,441,70,371
107900102,74,9,65
107900103,62,135,-73
107900104,340,8,332
107900105,5,121,-116
107900106,2,403,-401
107900107,1195,543,652
107900108,155,92,63
107900109,2667,41,2626
107900110,101,38,63
107900111,8,258,-250
107900112,105,676,-571
107900113,374,98,276
107900114,393,70,323
107900115,1,14,-13
107900116,323,60,263
107900117,351,92,259
107900118,65,84,-19
107900119,177,364,-187
107900120,72,69,3
107900121,3,128,-125
107900122,1,213,-212
107900123,27,99,-72
107900124,19,79,-60
107900125,37,290,-253
107900126,45,98,-53
107900127,448,350,98
107900128,101,65,36
107900129,136,25,111
107900130,144,21,123
107900131,106,851,-745
107900132,97,176,-79
107900133,0,35,-35
107900134,50,162,-112
107900135,9,94,-85
107900136,10,63,-53
107900137,155,136,19
107900138,167,30,137
107900139,101,49,52
107900140,99,39,60
107900141,22,47,-25
107900142,29,448,-419
107900143,25,28,-3
107900144,1,103,-102
107900145,31,76,-45
107900146,60,153,-93
107900147,52,42,10
107900148,240,82,158
107900149,420,86,334
107900150,48,272,-224
107900151,57,38,19
107900152,23,123,-100
107900153,95,441,-346
107900154,68,39,29
107900155,105,52,53
107900156,8,78,-70
107900157,40,49,-9
107900158,1527,35,1492
107900159,33,311,-278
107900160,242,108,134
107900161,63,51,12
107900162,2,101,-99
107900163,29,96,-67
107900164,21,33,-12
107900165,32,249,-217
107900166,81,68,13
107900167,18,66,-48
107900168,50,7,43
107900169,4,130,-126
107900171,7,265,-258
107900172,29,170,-141
107900173,43,43,0
107900174,268,5,263
107900175,106,73,33
107900176,58,10,48
107900177,8,242,-234
107900178,0,50,-50
107900179,38,106,-68
107900180,310,1415,-1105
107900181,374,243,131
107900182,1,336,-335
107900183,97,59,38
107900184,184,94,90
107900185,263,13,250
107900186,55,27,28
107900187,1,234,-233
107900188,363,127,236
107900189,27,95,-68
107900190,36,179,-143
107900191,95,65,30
107900193,6,80,-74
107900194,315,30,285
107900195,617,267,350
107900196,114,36,78
107900197,265,445,-180
107900199,2,493,-491
107900201,100,50,50
107900203,39,42,-3
107900204,209,202,7
107900205,219,318,-99
107900206,576,667,-91
107900207,0,310,-310
107900208,25,194,-169
107900209,208,181,27
107900210,38,30,8
107900213,396,583,-187
107900214,15,54,-39
107900215,150,502,-352
107900216,54,57,-3
107900217,95,81,14
107900218,58,2496,-2438
107900219,52,25,27
107900220,85,239,-154
107900221,129,131,-2
107900223,247,206,41
107900224,74,563,-489
107900225,24,386,-362
107900226,32,68,-36
107900227,97,232,-135
107900228,51,92,-41
107900229,2,100,-98
107900230,42,26,16
107900231,69,63,6
107900232,228,71,157
107900233,26,47,-21
107900234,154,142,12
107900235,14,147,-133
107900236,389,55,334
107900237,21,221,-200
107900238,54,29,25
107900239,281,623,-342
107900240,81,29,52
107900241,10,25,-15
107900242,45,52,-7
107900243,2,41,-39
107900244,467,3,464
107900245,1095,49,1046
107900246,464,107,357
107900248,614,226,388
107900249,1483,150,1333
107900250,3,211,-208
107900251,37,673,-636
107900252,1170,48,1122
107900253,371,19,352
107900254,69,224,-155
107900255,199,106,93
107900256,537,1733,-1196
107900257,578,173,405
107900258,202,69,133
107900259,59,3962,-3903
107900261,7,155,-148
107900262,33,35,-2
107900264,880,44,836
107900265,265,120,145
107900267,536,7,529
107900268,15,8,7
107900269,0,4,-4
107900270,2,1,1
107900271,2,51,-49
107900272,40,88,-48
107900273,119,63,56
107900274,282,1,281
107900275,60,1,59
107900276,1,43,-42
107900277,0,100,-100
107900278,537,131,406
107900279,55,100,-45
107900280,2837,1574,1263
107900281,651,7347,-6696
107900282,40,1157,-1117
107900283,800,1143,-343
107900284,910,279,631
107900285,201,24,177
107900286,79,55,24
107900287,482,190,292
107900290,1,384,-383
107900291,805,37,768
107900292,119,67,52
107900293,152,162,-10
107900295,94,27,67
107900297,7,305,-298
107900298,633,318,315
107900299,1766,3709,-1943
107900300,157,447,-290
107900301,1073,1000,73
107900302,173,41,132
107900303,340,229,111
107900304,643,125,518
107900305,579,21,558
107900306,11,74,-63
107900307,28,190,-162
107900308,235,258,-23
107900309,82,0,82
107900310,131,3,128
107900311,7,770,-763
107900312,76,0,76
107900313,3,267,-264
107900314,1,126,-125
107900315,1,88,-87
107900316,51,2,49
107900317,126,8,118
107900318,62,239,-177
107900319,16,84,-68
107900320,5,71,-66
107900321,272,3,269
107900322,1,34,-33
107900323,9,85,-76
107900324,151,3,148
107900325,174,1,173
107900326,561,107,454
107900327,0,138,-138
107900328,28,0,28
107900329,117,278,-161
107900330,11,93,-82
107900331,657,21,636
107900332,628,12,616
107900333,110,33,77
107900334,19,53,-34
107900335,22,29,-7
107900336,41,79,-38
107900337,545,1364,-819
107900338,5,75,-70
107900339,2,2,0
107900340,0,80,-80
107900341,59,2,57
107900342,176,86,90
107900343,84,6,78
107900344,24,127,-103
107900345,101,27,74
107900346,25,0,25
107900347,10,3,7
107900348,1,7,-6
107900349,25,17,8
107900350,18,175,-157
108000001,4736,4306,430
108000002,1966,1353,613
108000003,3424,4512,-1088
108000004,10647,10693,-46
108000005,9355,7084,2271
108000006,4598,4814,-216
108000007,6219,5296,923
108000008,3807,4315,-508
108000009,6042,6052,-10
108000010,2901,3425,-524
108000011,14773,13400,1373
108000012,9915,9469,446
108000014,752,1557,-805
108000015,1054,180,874
108000016,392,584,-192
108000017,1451,376,1075
108000018,2581,776,1805
108000019,1324,1173,151
108000020,1527,485,1042
108000021,339,1505,-1166
108000022,442,914,-472
108000023,2041,334,1707
108000024,413,282,131
108000025,636,192,444
108000026,986,262,724
108000027,1104,202,902
108000028,901,189,712
108000029,925,345,580
108000030,603,161,442
108000031,244,488,-244
108000032,2667,735,1932
108000033,759,519,240
108000034,2393,789,1604
108000035,758,1297,-539
108000036,383,858,-475
108000037,2899,451,2448
108000038,4486,631,3855
108000039,531,1248,-717
108000040,2866,1152,1714
108000041,554,1776,-1222
108000042,537,156,381
108000043,226,135,91
108000044,968,129,839
108000045,393,170,223
108000046,1991,574,1417
108000047,529,615,-86
108000048,153,182,-29
108000049,1306,242,1064
108000050,82,252,-170
108000051,545,301,244
108000052,175,349,-174
108000053,535,451,84
108000054,376,1113,-737
108000055,1470,1063,407
108000056,572,1391,-819
108000057,769,1829,-1060
108000058,2506,5398,-2892
108000059,2107,1278,829
108000060,280,716,-436
108000061,120,147,-27
108000062,1490,761,729
108000063,551,335,216
108000064,417,236,181
108000065,668,306,362
108000066,1703,906,797
108000067,2712,969,1743
108000068,1159,470,689
108000069,162,590,-428
108000070,2911,850,2061
108000071,579,1013,-434
108000072,2198,962,1236
108000073,929,977,-48
108000074,998,507,491
108000075,392,402,-10
108000076,1146,564,582
108000077,559,398,161
108000078,3136,1101,2035
108000079,593,800,-207
108000080,2321,499,1822
108000081,693,687,6
108000082,613,1168,-555
108000083,2365,1109,1256
108000084,444,737,-293
108000085,1547,712,835
108000086,488,402,86
108000087,242,3222,-2980
108000088,337,11,326
108000089,495,394,101
108000090,703,242,461
108000091,265,371,-106
108000092,277,50,227
108000093,332,332,0
108000094,1151,87,1064
108000095,318,223,95
108000096,601,147,454
108000097,234,247,-13
108000098,2682,1060,1622
108000099,326,114,212
108000100,102,303,-201
108000101,1749,1947,-198
108000102,1787,4501,-2714
108000106,1164,7,1157
108000107,2,911,-909
108000108,859,90,769
108000109,6,641,-635
108000110,527,322,205
108000111,241,453,-212
108000112,52,202,-150
108000113,351,140,211
108000115,411,432,-21
108000117,536,583,-47
108000118,63,377,-314
108000119,526,277,249
108000120,251,1065,-814
108000121,284,241,43
108000122,947,434,513
108000123,874,160,714
108000124,489,380,109
108000125,956,132,824
108000126,346,210,136
108000127,901,182,719
108000128,954,232,722
108000129,425,407,18
108000130,710,205,505
108000131,951,522,429
108000132,809,934,-125
108000133,1632,584,1048
108000134,598,315,283
108000135,1589,798,791
108000136,280,465,-185
108000137,805,171,634
108000138,775,540,235
108000139,865,248,617
108000140,406,26,380
108000141,56,33,23
108000142,56,53,3
108000143,58,13,45
108000144,180,18,162
108000145,85,6,79
108000146,244,31,213
108000147,29,5,24
108000148,182,19,163
108000149,31,14,17
108000150,78,12,66
108000151,13,14,-1
108000152,155,228,-73
108000153,1014,125,889
108000154,38,3,35
108000155,48,40,8
108000156,395,189,206
108000157,226,2144,-1918
108000158,140,1218,-1078
108000159,199,268,-69
108000160,1669,1367,302
108000161,1707,5937,-4230
108000165,3,452,-449
108000172,8,355,-347
108000173,694,2765,-2071
108000175,646,113,533
108000178,377,365,12
108000179,270,1361,-1091
108000181,94,27,67
108000182,129,13,116
108000183,10,16,-6
108000184,745,3970,-3225
108000185,463,239,224
108000186,363,41,322
108000187,173,160,13
108000188,1262,93,1169
108000189,428,2312,-1884
108000190,62,96,-34
108000192,406,137,269
108000193,649,45,604
108000194,18,15,3
108000195,1,607,-606
108000196,252,106,146
108000198,740,68,672
108000199,1,394,-393
108000200,828,164,664
108000202,1,489,-488
108000203,289,205,84
108000204,258,149,109
108000205,97,189,-92
108000339,1034,408,626
108000364,89,262,-173
108000365,84,292,-208
108000367,168,170,-2
108000368,10,60,-50
108000369,394,152,242
108000371,6,489,-483
108000372,1020,4,1016
108000373,214,82,132
108000376,202,42,160
108000377,842,124,718
108000378,10403,15520,-5117
108000379,76,194,-118
108000381,213,4,209
108000382,124,1,123
108000383,0,210,-210
108900001,34,362,-328
108900002,277,126,151
108900003,173,548,-375
108900004,45,573,-528
108900005,85,562,-477
108900006,968,252,716
108900007,465,164,301
108900008,234,113,121
108900009,158,111,47
108900010,518,112,406
108900011,1130,278,852
108900012,591,321,270
108900013,251,225,26
108900014,65,125,-60
108900015,2,339,-337
108900016,7,239,-232
108900017,201,520,-319
108900018,255,417,-162
108900019,34,425,-391
108900020,75,109,-34
108900021,176,137,39
108900022,172,29,143
108900023,4,62,-58
108900024,90,50,40
108900025,294,63,231
108900026,34,58,-24
108900027,0,36,-36
108900028,166,93,73
108900029,164,150,14
108900030,0,38,-38
108900031,188,133,55
108900032,3,109,-106
108900033,0,148,-148
108900034,0,53,-53
108900035,324,409,-85
108900036,134,192,-58
108900037,56,105,-49
108900038,2,162,-160
108900039,0,100,-100
108900040,9,54,-45
108900041,3443,4109,-666
108900042,7,377,-370
108900043,48,285,-237
108900044,1,150,-149
108900045,128,109,19
108900046,33,185,-152
108900047,1,307,-306
108900048,130,286,-156
108900049,1360,3114,-1754
108900050,3,82,-79
108900051,1,83,-82
108900052,37,103,-66
108900053,131,514,-383
108900054,60,135,-75
108900055,48,341,-293
108900056,8,65,-57
108900057,0,50,-50
108900058,52,113,-61
108900059,1132,77,1055
108900060,132,225,-93
108900061,73,23,50
108900062,4,141,-137
108900063,26,117,-91
108900064,537,11,526
108900065,12,105,-93
108900066,686,176,510
108900067,4,148,-144
108900068,0,35,-35
108900069,181,15,166
108900070,42,45,-3
108900071,205,109,96
108900072,1561,521,1040
108900073,5,48,-43
108900074,526,89,437
108900075,20,18,2
108900076,759,68,691
108900077,79,101,-22
108900078,82,59,23
108900079,312,161,151
108900080,18,1519,-1501
108900081,62,221,-159
108900082,281,31,250
108900083,23,427,-404
108900084,203,171,32
108900085,1178,159,1019
108900086,241,80,161
108900087,57,147,-90
108900088,1134,439,695
108900089,24,242,-218
108900090,151,96,55
108900091,123,37,86
108900092,808,384,424
108900093,137,136,1
108900094,439,106,333
108900095,35,146,-111
108900096,230,10,220
108900097,382,102,280
108900098,1177,1501,-324
108900099,663,83,580
108900100,109,116,-7
108900101,271,464,-193
108900102,47,1869,-1822
108900103,122,223,-101
108900104,95,387,-292
108900105,15,2644,-2629
108900106,686,122,564
108900108,539,46,493
108900109,51,48,3
108900110,293,166,127
108900111,823,231,592
108900112,489,24,465
108900113,52,118,-66
108900114,0,8,-8
108900115,237,125,112
108900116,143,20,123
108900117,290,16,274
108900118,1082,31,1051
108900119,630,34,596
108900120,218,308,-90
108900121,468,152,316
108900122,365,38,327
108900123,269,198,71
108900124,1231,324,907
108900125,838,6,832
108900126,255,77,178
108900127,343,27,316
108900128,292,67,225
108900129,1540,238,1302
108900130,657,5,652
108900131,666,18,648
108900132,910,60,850
108900133,431,61,370
108900134,1109,169,940
108900135,491,13,478
108900136,45,1,44
108900137,311,3,308
108900138,1493,115,1378
108900139,928,101,827
108900140,744,92,652
108900141,839,21,818
108900142,163,8,155
108900143,200,3,197
108900144,188,1,187
108900145,562,33,529
108900146,182,0,182
108900147,447,5,442
108900148,111,42,69
108900149,403,253,150
108900150,424,12,412
108900151,51,15,36
108900152,296,42,254
108900153,311,125,186
108900154,6753,448,6305
108900155,392,61,331
108900156,117,8,109
108900157,18,328,-310
108900158,733,51,682
108900159,37,104,-67
108900160,29,143,-114
108900161,74,129,-55
108900162,276,5,271
108900163,1,544,-543
108900164,94,50,44
108900165,76,66,10
108900167,851,12725,-11874
108900168,3675,2948,727
108900169,125,120,5
108900171,2698,4343,-1645
108900172,276,74,202
108900173,105,337,-232
108900174,1361,504,857
108900176,164,276,-112
108900177,4294,10963,-6669
108900178,2599,5669,-3070
108900179,536,2875,-2339
108900180,125,406,-281
108900182,49,626,-577
108900183,149,170,-21
108900184,740,284,456
108900185,91,573,-482
108900186,111,303,-192
108900187,750,54,696
108900188,1124,90,1034
108900189,557,121,436
108900190,82,1501,-1419
108900191,210,87,123
108900192,144,146,-2
108900193,48,63,-15
108900194,9,367,-358
108900195,121,74,47
108900196,37,224,-187
108900198,10,215,-205
108900199,262,251,11
108900200,780,425,355
108900201,486,877,-391
108900203,718,236,482
108900204,585,35,550
108900205,402,52,350
108900206,574,109,465
108900207,253,303,-50
108900208,20,300,-280
108900209,174,380,-206
108900210,144,208,-64
108900211,167,746,-579
108900212,183,2378,-2195
108900215,114,286,-172
108900216,280,430,-150
108900217,133,0,133
108900218,100,15,85
108900219,120,19,101
108900220,54,46,8
108900221,35,85,-50
108900222,456,22,434
108900223,13,71,-58
108900224,48,213,-165
108900225,1,243,-242
108900226,621,37,584
108900227,194,590,-396
108900230,95,148,-53
108900231,21,115,-94
108900232,0,107,-107
108900233,690,186,504
108900234,514,218,296
108900235,211,382,-171
108900236,59,305,-246
108900237,69,91,-22
108900240,214,113,101
108900241,77,85,-8
108900245,7,2355,-2348
108900249,146,55,91
108900250,368,170,198
108900257,256,172,84
108900258,13,99,-86
108900259,33,38,-5
108900260,6,22,-16
108900261,53,83,-30
108900262,64,134,-70
108900263,71,168,-97
108900264,177,302,-125
108900265,1034,797,237
108900266,252,1678,-1426
108900267,5,353,-348
108900268,6,22,-16
108900269,217,17,200
108900270,216,17,199
108900271,108,23,85
108900272,513,14,499
108900273,313,1511,-1198
108900274,100,42,58
109000001,3631,2927,704
109000002,992,2907,-1915
109000003,3945,481,3464
109000004,535,2134,-1599
109000005,2845,681,2164
109000006,896,1814,-918
109000007,2533,680,1853
109000008,816,1550,-734
109000009,4130,1511,2619
109000010,1027,2764,-1737
109000011,5295,2919,2376
109000012,2165,2507,-342
109000013,5562,5523,39
109000014,2213,2520,-307
109000015,4437,12150,-7713
109000016,5040,2469,2571
109000017,4120,1438,2682
109000018,1396,1886,-490
109000019,3465,1596,1869
109000020,1169,1622,-453
109000023,362,22,340
109000024,13,178,-165
109000025,363,784,-421
109000026,518,294,224
109000027,152,510,-358
109000028,146,64,82
109000029,146,501,-355
109000030,35,313,-278
109000031,380,183,197
109000032,192,400,-208
109000033,563,247,316
109000034,76,76,0
109000035,10,48,-38
109000036,53,410,-357
109000037,491,3583,-3092
109000038,374,456,-82
109000039,1368,1395,-27
109000040,3116,17085,-13969
109000041,1647,3085,-1438
109000042,592,1774,-1182
109000044,481,104,377
109000045,85,361,-276
109000046,691,105,586
109000047,75,437,-362
109000048,693,411,282
109000049,254,424,-170
109000050,532,321,211
109000051,215,88,127
109000052,715,403,312
109000053,514,106,408
109000054,251,317,-66
109000055,445,455,-10
109000056,491,292,199
109000057,1191,679,512
109000058,423,165,258
109000059,302,1450,-1148
109000060,176,448,-272
109000061,431,2611,-2180
109000062,226,526,-300
109000063,345,120,225
109000064,552,223,329
109000065,379,121,258
109000066,633,51,582
109000067,107,225,-118
109000068,857,6,851
109000069,712,29,683
109000070,142,1734,-1592
109000071,549,101,448
109000072,187,207,-20
109000073,77,122,-45
109000074,33,136,-103
109000075,90,306,-216
109000076,154,399,-245
109000077,305,142,163
109000078,151,187,-36
109000079,161,73,88
109000080,347,75,272
109000081,199,308,-109
109000082,1357,157,1200
109000083,357,346,11
109000088,214,285,-71
109000089,455,153,302
109000090,152,364,-212
109000091,576,254,322
109000092,344,333,11
109000093,498,313,185
109000094,1190,11,1179
109000095,182,321,-139
109000096,1292,283,1009
109000097,92,123,-31
109000098,55,142,-87
109000099,981,251,730
109000100,345,576,-231
109000101,2529,689,1840
109000102,737,599,138
109000103,847,388,459
109000104,3144,446,2698
109000105,606,896,-290
109000106,2475,737,1738
109000107,666,1185,-519
109000108,3307,792,2515
109000109,664,1014,-350
109000110,1932,664,1268
109000111,768,1826,-1058
109000112,374,117,257
109000113,339,152,187
109000114,268,365,-97
109000115,1226,31,1195
109000116,3,303,-300
109000117,363,39,324
109000118,28,263,-235
109000119,2417,100,2317
109000120,311,386,-75
109000121,907,22,885
109000122,253,283,-30
109000123,53,65,-12
109000124,1216,172,1044
109000125,1306,288,1018
109000126,705,389,316
109000127,1806,201,1605
109000128,952,624,328
109000129,3860,936,2924
109000130,373,721,-348
109000131,1305,1057,248
109000132,581,1295,-714
109000133,425,592,-167
109000134,740,946,-206
109000135,733,1581,-848
109000136,338,219,119
109000137,442,427,15
109000138,691,163,528
109000139,1030,314,716
109000140,293,167,126
109000141,958,334,624
109000142,178,614,-436
109000143,177,99,78
109000145,102,339,-237
109000146,54,85,-31
109000148,1811,3021,-1210
109000149,28,100,-72
109000150,57,488,-431
109000155,1347,980,367
109000156,1173,456,717
109000158,137,311,-174
109000159,141,526,-385
109000160,2016,228,1788
109000161,681,848,-167
109000162,3067,456,2611
109000163,1896,1131,765
109000164,1808,1761,47
109000165,1911,363,1548
109000166,1524,79,1445
109000167,196,316,-120
109000170,34,54,-20
109000171,161,50,111
109000172,21,46,-25
109000173,19,148,-129
109000174,206,38,168
109000175,65,59,6
109000176,645,187,458
109000177,39,84,-45
109000178,1173,193,980
109000179,2704,7461,-4757
109000180,3984,4547,-563
109000181,6,8,-2
109000182,103,13,90
109000183,110,8,102
109000184,58,17,41
109000185,52,15,37
109000188,630,908,-278
109000189,3319,535,2784
109000190,739,450,289
109000191,568,422,146
109000192,729,114,615
109000193,465,95,370
109000194,404,34,370
109000195,229,99,130
109000196,386,60,326
109000197,227,260,-33
109000198,467,45,422
109000199,237,279,-42
109000206,313,40,273
109000207,279,34,245
109000208,256,196,60
109000209,178,84,94
109000210,131,486,-355
109000211,1381,414,967
109000214,621,187,434
109000215,145,62,83
109000216,445,389,56
109000217,226,220,6
109000218,314,292,22
109000221,301,685,-384
109000222,1097,245,852
109000223,624,509,115
109000224,93,60,33
109000225,186,18,168
109000226,98,122,-24
109000227,2329,416,1913
109000228,9,2275,-2266
109000231,0,126,-126
109000232,873,131,742
109000236,370,419,-49
109000241,2475,1157,1318
109000242,1772,647,1125
109000293,25,76,-51
109000361,95,206,-111
109000364,114,339,-225
109000396,1,304,-303
109000397,1079,21,1058
109000399,129,349,-220
109000400,144,167,-23
109000403,23,1519,-1496
109000406,557,46,511
109000407,367,181,186
109000408,1,585,-584
109000410,1169,242,927
109000411,343,30,313
109900001,211,1,210
109900002,1317,37,1280
109900003,534,3,531
109900004,460,100,360
109900005,50,2,48
109900006,619,247,372
109900007,1825,192,1633
109900008,0,16,-16
109900009,166,246,-80
109900010,846,47,799
109900011,79,85,-6
109900012,418,204,214
109900013,469,171,298
109900014,605,73,532
109900015,359,161,198
109900016,195,16,179
109900017,242,277,-35
109900018,343,33,310
109900019,330,38,292
109900020,91,43,48
109900021,101,41,60
109900022,137,215,-78
109900023,38,7,31
109900024,32,4,28
109900025,29,30,-1
109900026,7,201,-194
109900027,49,51,-2
109900028,382,2145,-1763
109900029,8,223,-215
109900030,77,16,61
109900031,1,566,-565
109900032,7,248,-241
109900033,2,322,-320
109900034,74,3,71
109900035,31,39,-8
109900036,34,33,1
109900037,23,383,-360
109900038,146,213,-67
109900039,9,2,7
109900040,49,307,-258
109900041,68,187,-119
109900042,30,1904,-1874
109900044,146,167,-21
109900045,140,138,2
109900046,32,59,-27
109900047,199,248,-49
109900048,5,76,-71
109900049,19,24,-5
109900050,13,67,-54
109900051,0,13,-13
109900052,68,162,-94
109900053,3,96,-93
109900054,1363,252,1111
109900055,110,137,-27
109900056,40,453,-413
109900057,1,82,-81
109900058,2,51,-49
109900059,1613,142,1471
109900060,1083,75,1008
109900061,55,169,-114
109900062,0,77,-77
109900063,7,360,-353
109900064,836,220,616
109900065,143,92,51
109900066,270,403,-133
109900067,1,97,-96
109900068,125,13,112
109900069,12,19,-7
109900070,38,137,-99
109900071,15,11,4
109900072,12,88,-76
109900073,789,137,652
109900074,23,10,13
109900075,47,35,12
109900076,9,58,-49
109900077,45,26,19
109900078,114,162,-48
109900080,132,142,-10
109900081,16,248,-232
109900082,62,194,-132
109900083,26,76,-50
109900084,71,91,-20
109900085,139,254,-115
109900086,197,1058,-861
109900087,138,486,-348
109900089,1024,202,822
109900090,264,654,-390
109900091,684,78,606
109900092,366,49,317
109900093,1583,192,1391
109900094,147,87,60
109900095,55,231,-176
109900096,176,7,169
109900097,183,5,178
109900098,847,24,823
109900099,552,1,551
109900100,85,0,85
109900101,1015,17,998
109900102,717,19,698
109900103,36,61,-25
109900104,1484,161,1323
109900105,845,35,810
109900106,431,49,382
109900107,1473,58,1415
109900108,312,449,-137
109900109,51,648,-597
109900110,111,177,-66
109900111,185,362,-177
109900112,123,209,-86
109900113,1129,831,298
109900114,1023,1599,-576
109900115,241,86,155
109900117,1700,107,1593
109900118,174,251,-77
109900119,250,401,-151
109900120,72,19,53
109900121,334,417,-83
109900122,944,6,938
109900123,18,84,-66
109900124,84,214,-130
109900125,3,226,-223
109900126,557,29,528
109900128,631,36,595
109900130,3306,3906,-600
109900131,30,104,-74
109900132,35,163,-128
109900133,164,147,17
109900134,62,125,-63
109900135,269,31,238
109900136,66,99,-33
109900137,222,115,107
109900138,136,45,91
109900140,355,46,309
109900142,2253,266,1987
109900145,24,841,-817
109900146,280,53,227
109900148,35,95,-60
109900149,28,53,-25
109900150,17,78,-61
109900151,18,23,-5
109900152,0,17,-17
109900153,0,46,-46
109900154,43,1,42
109900155,82,22,60
109900157,92,177,-85
109900158,39,146,-107
109900159,262,70,192
109900160,166,50,116
109900161,380,119,261
109900162,416,182,234
109900163,360,366,-6
109900164,66,289,-223
109900165,537,6,531
109900166,1,112,-111
109900167,279,218,61
109900168,316,360,-44
109900169,250,115,135
109900170,291,2220,-1929
109900171,389,64,325
109900172,419,425,-6
109900173,1336,3632,-2296
109900174,75,157,-82
109900175,151,99,52
109900176,224,122,102
109900177,60,109,-49
109900178,7,307,-300
109900179,23,30,-7
109900180,9,15,-6
110000001,748,511,237
110000002,602,804,-202
110000003,784,743,41
110000004,508,773,-265
110000005,345,2109,-1764
110000006,256,295,-39
110000007,170,120,50
110000008,33,160,-127
110000009,51,45,6
110000010,41,106,-65
110000011,112,41,71
110000012,850,234,616
110000013,78,1079,-1001
110000014,587,412,175
110000015,271,733,-462
110000016,232,1834,-1602
110000017,4208,353,3855
110000018,2470,371,2099
110000019,7,126,-119
110000020,798,211,587
110000021,229,625,-396
110000022,1439,216,1223
110000023,11,199,-188
110000024,545,694,-149
110000025,725,7,718
110000026,3,220,-217
110000027,706,1680,-974
110000028,1211,590,621
110000029,561,689,-128
110000030,474,434,40
110000031,394,326,68
110000032,1069,281,788
110000033,218,300,-82
110000034,739,486,253
110000035,858,461,397
110000036,1457,549,908
110000037,278,562,-284
110000038,341,820,-479
110000039,1183,6580,-5397
110000040,433,271,162
110000041,401,2678,-2277
110000042,89,755,-666
110000043,954,482,472
110000044,40,1463,-1423
110000045,285,268,17
110000046,4,73,-69
110000047,12,286,-274
110000048,10,172,-162
110000049,26,25,1
110000050,7,137,-130
110000051,48,5,43
110000052,67,20,47
110000053,26,8,18
110000054,191,1835,-1644
110000055,256,160,96
110000056,77,240,-163
110000057,445,641,-196
110000058,1295,586,709
110000059,1178,532,646
110000060,1542,1017,525
110000061,646,747,-101
110000062,834,998,-164
110000063,77,241,-164
110000064,111,60,51
110000065,177,165,12
110000066,170,30,140
110000067,89,161,-72
110000068,529,88,441
110000069,674,28,646
110000071,514,35,479
110000073,62,9,53
110000075,70,103,-33
110000076,349,466,-117
110000077,317,1155,-838
110000078,129,19,110
110000080,205,429,-224
110000081,32,196,-164
110000082,43,357,-314
110000083,204,462,-258
110000084,1674,1216,458
110000085,718,1300,-582
110000086,1078,3160,-2082
110000087,15,54,-39
110000088,169,247,-78
110000089,452,50,402
110000090,89,149,-60
110000091,849,218,631
110000092,44,55,-11
110000093,85,38,47
110000094,422,177,245
110000095,227,808,-581
110000096,1203,2217,-1014
110000097,1007,1923,-916
110000098,2288,843,1445
110000099,808,1684,-876
110000100,1806,176,1630
110000101,52,63,-11
110000102,110,35,75
110000104,572,296,276
110000105,49,200,-151
110000106,779,705,74
110000107,139,289,-150
110000108,181,104,77
110000109,179,314,-135
110000110,2086,4230,-2144
110000111,3452,3526,-74
110000112,254,1334,-1080
110000113,102,3338,-3236
110000114,358,860,-502
110000115,589,336,253
110000116,137,94,43
110000117,462,194,268
110000118,963,134,829
110000119,477,228,249
110000120,535,219,316
110000121,82,412,-330
110000122,326,324,2
110000123,797,675,122
110000124,4,618,-614
110000125,1315,16,1299
110000126,321,30,291
110000127,1672,87,1585
110000128,67,725,-658
110000129,1,337,-336
110000130,281,324,-43
110000131,79,225,-146
110000132,3,469,-466
110000133,34,442,-408
110000134,23,364,-341
110000135,301,46,255
110000136,102,229,-127
110000137,1053,420,633
110000138,1348,593,755
110000139,1732,545,1187
110000140,1067,1041,26
110000143,652,297,355
110000144,2674,2909,-235
110000145,1863,2427,-564
110000146,1752,2061,-309
110000147,600,1130,-530
110000148,884,218,666
110000151,752,1913,-1161
110000152,541,642,-101
110000153,357,14,343
110000154,83,29,54
110000155,1101,3615,-2514
110000156,871,2677,-1806
110000157,1680,3351,-1671
110000160,454,345,109
110000161,282,179,103
110000166,1084,68,1016
110000167,1546,773,773
110000168,1221,683,538
110000169,1221,340,881
110000170,254,73,181
110000171,871,134,737
110000172,221,467,-246
110000173,511,640,-129
110000174,160,521,-361
110000175,1493,91,1402
110000176,67,710,-643
110000177,272,1580,-1308
110000178,459,2595,-2136
110000179,1648,287,1361
110000180,377,228,149
110000181,1105,423,682
110000182,358,124,234
110000183,7672,10229,-2557
110000184,343,3629,-3286
110000185,697,1070,-373
110000186,778,809,-31
110000191,1945,174,1771
110000192,947,19,928
110000193,1698,20,1678
110000194,6,564,-558
110000195,859,122,737
110000196,725,86,639
110000197,194,37,157
110000198,71,32,39
110000199,127,125,2
110000200,628,273,355
110000201,1345,1440,-95
110000202,1483,705,778
110000203,452,415,37
110000204,2,176,-174
110000205,328,84,244
110000206,440,535,-95
110000207,1786,518,1268
110000208,229,512,-283
110000209,90,3305,-3215
110000210,1921,466,1455
110000211,834,1937,-1103
110000212,664,1360,-696
110000213,476,76,400
110000214,603,46,557
110000215,205,162,43
110000216,114,133,-19
110000217,577,88,489
110000218,241,128,113
110000219,821,23,798
110000220,107,113,-6
110000221,736,22,714
110000222,106,245,-139
110000223,4,172,-168
110000224,5,6,-1
110000225,204,836,-632
110000226,338,64,274
110000227,883,1401,-518
110000228,329,102,227
110000229,0,93,-93
110000230,584,2028,-1444
110000231,236,232,4
110000232,161,244,-83
110000233,200,335,-135
110000234,503,2299,-1796
110000235,1179,1261,-82
110000236,1041,655,386
110000237,2678,3212,-534
110000238,1215,1508,-293
110000239,2622,1005,1617
110000240,2,28,-26
110000242,0,23,-23
110000243,244,28,216
110000244,165,1805,-1640
110000245,51,560,-509
110000246,1111,386,725
110000247,1002,3479,-2477
110000248,1322,1319,3
110000249,103,13,90
110000250,31,191,-160
110000251,603,301,302
110000252,532,95,437
110000253,2046,469,1577
110000254,785,688,97
110000255,184,611,-427
110000256,634,269,365
110000257,441,279,162
110000258,7,387,-380
110000259,341,14,327
110000260,42,97,-55
110000263,672,53,619
110000264,710,277,433
110000265,1573,2432,-859
110000266,1265,2834,-1569
110000267,34,151,-117
110000268,354,330,24
110000269,4,61,-57
110000270,138,17,121
110000271,1477,282,1195
110000272,1404,1409,-5
110000273,1620,1509,111
110000274,289,2974,-2685
110000275,1618,708,910
110000276,356,794,-438
110000277,415,271,144
110000278,559,490,69
110000279,915,741,174
110000280,922,553,369
110000281,104,328,-224
110000282,202,26,176
110000283,24,97,-73
110000284,8,15,-7
110000285,6,798,-792
110000286,9,0,9
110000287,174,3,171
110000288,1,72,-71
110000289,652,3651,-2999
110000290,533,663,-130
110000291,3564,966,2598
110000292,1223,8018,-6795
110000293,835,488,347
110000294,1863,1631,232
110000295,302,679,-377
110000296,819,326,493
110000297,2975,231,2744
110000298,144,428,-284
110000299,115,76,39
110000301,437,39,398
110000302,526,594,-68
110000303,663,12,651
110000304,258,143,115
110000305,2034,40,1994
110000306,458,743,-285
110000307,2789,9,2780
110000308,787,9,778
110000309,4,473,-469
110000310,1305,43,1262
110000311,22,509,-487
110000312,642,92,550
110000313,2113,1980,133
110000314,2,142,-140
110000315,1951,2689,-738
110000316,487,1170,-683
110000317,189,2046,-1857
110000318,4,42,-38
110000319,6,53,-47
110000320,54,54,0
110000321,15,56,-41
110000322,307,371,-64
110000323,826,225,601
110000324,2745,1520,1225
110000325,1871,4616,-2745
110000327,430,401,29
110000328,118,489,-371
110000333,1283,1203,80
110000334,528,1498,-970
110000335,871,682,189
110000336,706,1018,-312
110000337,2194,798,1396
110000338,802,260,542
110000339,584,264,320
110000340,44,129,-85
110000341,761,315,446
110000342,139,5,134
110000343,0,11,-11
110000344,119,332,-213
110000345,143,378,-235
110000346,1750,1937,-187
110000347,1849,789,1060
110000348,14,17,-3
110000349,23,9,14
110000350,155,7,148
110000351,1741,627,1114
110000352,911,1915,-1004
110000353,5431,427,5004
110000354,1244,4757,-3513
110000355,227,51,176
110000356,1096,17,1079
110000357,748,24,724
110000361,51,11,40
110000362,145,28,117
110000363,916,64,852
110000364,433,398,35
110000365,229,0,229
110000366,1,159,-158
110000367,621,159,462
110000368,3,95,-92
110000369,136,3,133
110000373,6,235,-229
110000374,157,39,118
110000375,113,1108,-995
110000376,30,352,-322
110000377,77,470,-393
110000378,22,520,-498
110000379,3948,2954,994
110000380,104,3,101
110000383,3,1147,-1144
110000384,675,467,208
110000385,0,210,-210
110000387,144,6,138
110000388,62,181,-119
110000389,1405,44,1361
110000391,1201,96,1105
110000396,319,47,272
110000397,252,40,212
110000398,1,14,-13
110000399,252,0,252
110000587,196,113,83
110000589,311,98,213
110000640,221,27,194
110000652,18,714,-696
110000653,418,275,143
110000654,13,787,-774
110000656,1,230,-229
110000674,95,27,68
110000675,35,101,-66
110000676,5,55,-50
110000679,97,1271,-1174
110000682,82,254,-172
110000683,363,524,-161
110000684,1,54,-53
110000685,14,14,0
110000686,2,102,-100
110000687,13,17,-4
110000688,95,1542,-1447
110000689,74,16,58
110000692,24,349,-325
110000693,48,636,-588
110000694,0,185,-185
110000695,139,835,-696
110000696,63,72,-9
110900001,406,18,388
110900002,410,645,-235
110900003,1385,227,1158
110900004,744,56,688
110900005,1351,5240,-3889
110900006,97,40,57
110900007,337,86,251
110900008,18,22,-4
110900009,491,305,186
110900010,9,36,-27
110900011,46,81,-35
110900012,52,33,19
110900013,1579,104,1475
110900014,295,16,279
110900015,279,854,-575
110900016,189,39,150
110900017,771,52,719
110900018,509,36,473
110900019,441,71,370
110900020,315,129,186
110900021,137,243,-106
110900022,67,129,-62
110900023,125,900,-775
110900024,18,142,-124
110900025,32,120,-88
110900027,73,173,-100
110900028,42,102,-60
110900029,18,88,-70
110900030,52,90,-38
110900031,3,158,-155
110900032,0,55,-55
110900033,41,207,-166
110900035,28,619,-591
110900036,137,13,124
110900037,132,23,109
110900038,1354,165,1189
110900039,12,362,-350
110900040,380,18,362
110900041,29,66,-37
110900042,177,58,119
110900043,2,48,-46
110900044,227,24,203
110900045,89,168,-79
110900046,27,91,-64
110900047,354,599,-245
110900049,183,156,27
110900050,26,2,24
110900051,34,160,-126
110900052,14,77,-63
110900053,200,18,182
110900054,42,71,-29
110900055,23,1,22
110900056,18,128,-110
110900057,14,46,-32
110900058,496,190,306
110900059,535,177,358
110900060,491,205,286
110900061,3,70,-67
110900062,313,84,229
110900063,96,76,20
110900064,10,1,9
110900065,71,135,-64
110900066,11,37,-26
110900067,218,756,-538
110900068,357,125,232
110900069,10,10,0
110900070,175,40,135
110900071,188,1115,-927
110900073,0,55,-55
110900074,684,145,539
110900075,627,77,550
110900077,1740,526,1214
110900078,158,19,139
110900079,846,1668,-822
110900080,193,83,110
110900081,12,11,1
110900082,225,60,165
110900083,178,70,108
110900084,154,19,135
110900085,167,175,-8
110900086,124,420,-296
110900087,489,51,438
110900088,13,1,12
110900090,107,77,30
110900091,1,36,-35
110900093,229,194,35
110900095,105,67,38
110900097,19,15,4
110900098,51,80,-29
110900099,87,439,-352
110900100,0,8,-8
110900102,88,11,77
110900105,2733,167,2566
110900108,23,26,-3
110900111,668,97,571
110900112,918,34,884
110900113,302,94,208
110900115,9,89,-80
110900116,1689,645,1044
110900118,75,4828,-4753
110900119,1331,160,1171
110900120,100,48,52
110900121,129,5,124
110900122,883,227,656
110900125,645,630,15
110900127,418,1533,-1115
110900128,120,353,-233
110900129,227,1218,-991
110900130,396,640,-244
110900131,377,36,341
110900132,616,105,511
110900133,54,128,-74
110900135,58,263,-205
110900136,575,18,557
110900137,21,4,17
110900138,533,1821,-1288
110900139,9,704,-695
110900140,14,3,11
110900141,15,545,-530
110900142,76,117,-41
110900143,261,73,188
110900144,0,179,-179
110900145,219,131,88
110900146,165,435,-270
110900147,72,1233,-1161
110900148,0,123,-123
110900149,12,44,-32
110900150,41,33,8
110900151,22,202,-180
110900152,58,59,-1
110900153,302,86,216
111000001,1455,553,902
111000002,596,379,217
111000003,2254,1167,1087
111000004,720,775,-55
111000005,1637,1834,-197
111000006,930,2153,-1223
111000007,7052,4809,2243
111000008,2472,3551,-1079
111000009,353,753,-400
111000010,1514,353,1161
111000011,215,778,-563
111000012,420,477,-57
111000013,442,971,-529
111000014,1846,542,1304
111000017,78,848,-770
111000018,135,318,-183
111000020,574,1357,-783
111000021,57,103,-46
111000023,134,96,38
111000025,4452,4860,-408
111000029,94,141,-47
111000030,46,101,-55
111000031,2506,1117,1389
111000032,836,318,518
111000033,422,198,224
111000034,99,286,-187
111000037,1225,405,820
111000038,2562,1983,579
111000039,1691,1994,-303
111000040,1790,1555,235
111000041,463,637,-174
111000042,1985,2041,-56
111000043,2778,6197,-3419
111000044,2341,1147,1194
111000045,3840,3087,753
111000046,2988,2508,480
111000047,4062,7378,-3316
111000049,438,418,20
111000050,1023,757,266
111000051,657,684,-27
111000052,664,1206,-542
111000053,365,619,-254
111000054,380,749,-369
111000055,1518,1187,331
111000056,226,226,0
111000057,201,387,-186
111000058,906,96,810
111000059,963,264,699
111000060,5828,1033,4795
111000061,1139,382,757
111000062,1572,557,1015
111000063,1849,1305,544
111000064,1378,687,691
111000065,1675,1089,586
111000066,925,487,438
111000067,1096,418,678
111000068,853,641,212
111000069,1804,1512,292
111000070,791,565,226
111000071,249,332,-83
111000072,1811,829,982
111000073,366,1823,-1457
111000074,2440,2289,151
111000075,903,786,117
111000076,837,1349,-512
111000077,1483,1264,219
111000078,2255,1058,1197
111000079,1129,739,390
111000080,724,548,176
111000081,1728,5598,-3870
111000082,1141,548,593
111000084,1129,554,575
111000085,1321,1100,221
111000086,3515,884,2631
111000087,914,424,490
111000088,10826,3911,6915
111000089,928,676,252
111000090,676,1007,-331
111000091,957,315,642
111000092,2329,652,1677
111000093,1183,1163,20
111000094,2066,1458,608
111000095,993,3190,-2197
111000096,894,9586,-8692
111000097,3216,1246,1970
111000098,474,897,-423
111000099,569,1109,-540
111000100,553,803,-250
111000101,490,775,-285
111000102,354,552,-198
111000104,980,251,729
111000107,151,754,-603
111000109,1158,350,808
111000110,2068,767,1301
111000111,4604,534,4070
111000112,3333,633,2700
111000113,1095,2504,-1409
111000114,1667,5429,-3762
111000115,3307,1219,2088
111000116,1136,885,251
111000117,288,739,-451
111000118,954,686,268
111000119,1851,661,1190
111000120,779,662,117
111000121,467,715,-248
111000122,688,780,-92
111000123,1280,1540,-260
111000124,544,1491,-947
111000125,435,584,-149
111000126,142,459,-317
111000127,1768,171,1597
111000128,4069,333,3736
111000129,4566,565,4001
111000130,3970,472,3498
111000131,3648,552,3096
111000132,3195,1824,1371
111000133,373,103,270
111000134,245,115,130
111000135,92,134,-42
111000136,533,413,120
111000138,42,4,38
111000140,4,7,-3
111000141,171,384,-213
111000142,12,252,-240
111000143,4,453,-449
111000144,61,2391,-2330
111000145,104,10,94
111000146,116,20,96
111000147,158,36,122
111000148,247,78,169
111000149,20,13,7
111000150,45,6,39
111000151,5,15,-10
111000153,595,575,20
111000154,388,244,144
111000155,217,161,56
111000156,932,511,421
111000157,205,951,-746
111000158,1246,1162,84
111000159,5609,1296,4313
111000160,646,611,35
111000161,17,705,-688
111000162,23,99,-76
111000163,1056,797,259
111000164,462,3380,-2918
111000165,725,262,463
111000166,628,165,463
111000167,149,256,-107
111000168,307,401,-94
111000169,475,358,117
111000170,365,283,82
111000171,555,533,22
111000172,272,325,-53
111000173,324,714,-390
111000174,404,142,262
111000175,92,1196,-1104
111000176,517,63,454
111000177,954,142,812
111000178,2596,237,2359
111000179,420,111,309
111000180,403,504,-101
111000181,2829,184,2645
111000182,368,138,230
111000183,315,225,90
111000184,386,208,178
111000185,611,320,291
111000186,428,183,245
111000187,263,116,147
111000188,615,268,347
111000189,414,396,18
111000190,197,196,1
111000191,193,155,38
111000192,183,199,-16
111000193,327,129,198
111000194,58,194,-136
111000195,161,214,-53
111000196,106,105,1
111000197,834,138,696
111000198,865,103,762
111000199,504,189,315
111000200,951,324,627
111000201,1095,139,956
111000202,713,141,572
111000203,533,408,125
111000204,399,2073,-1674
111000213,261,472,-211
111000214,1624,880,744
111000215,1321,889,432
111000217,2126,787,1339
111000218,1803,1025,778
111000219,277,167,110
111000220,896,797,99
111000221,291,244,47
111000224,0,192,-192
111000225,517,612,-95
111000226,130,3,127
111000227,19,2,17
111000228,10,883,-873
111000229,36,1711,-1675
111000230,250,140,110
111000231,1426,294,1132
111000232,1037,490,547
111000233,1989,533,1456
111000234,243,763,-520
111000239,115,67,48
111000240,125,401,-276
111000241,43,162,-119
111000242,459,72,387
111000243,158,295,-137
111000244,1093,84,1009
111000245,1257,187,1070
111000246,982,124,858
111000247,789,346,443
111000248,1127,335,792
111000249,688,232,456
111000250,86,47,39
111000251,132,83,49
111000253,32,32,0
111000255,61,7,54
111000257,172,21,151
111000260,48,641,-593
111000261,2140,114,2026
111000271,46,265,-219
111000273,3860,1178,2682
111000274,1867,3186,-1319
111000275,193,36,157
111000276,297,891,-594
111000277,263,233,30
111000278,638,212,426
111000291,1231,13701,-12470
111000298,661,173,488
111000299,989,264,725
111000300,84,478,-394
111000302,486,99,387
111000303,106,118,-12
111000312,41,74,-33
111000315,0,39,-39
111000320,187,319,-132
111000321,733,256,477
111000322,555,189,366
111000323,556,42,514
111000324,474,204,270
111000325,74,82,-8
111000326,312,189,123
111000327,526,351,175
111000328,410,640,-230
111000329,1,34,-33
111000330,146,1,145
111000331,40,7,33
111000332,674,1204,-530
111000334,437,745,-308
111000335,1909,224,1685
111000337,2463,194,2269
111000338,136,51,85
111000339,1301,141,1160
111000340,320,257,63
111000341,2080,965,1115
111000342,79,1051,-972
111000344,1715,681,1034
111000345,136,94,42
111000346,26,244,-218
111000347,206,12,194
111000350,293,92,201
111000351,182,274,-92
111000352,329,160,169
111000353,208,302,-94
111000354,696,212,484
111000355,377,690,-313
111000358,205,417,-212
111000360,319,162,157
111000361,226,84,142
111000546,1064,346,718
111000547,537,247,290
111000548,314,321,-7
111000549,423,235,188
111000550,42,1231,-1189
111000551,500,266,234
111000552,533,311,222
111000907,724,44,680
111000908,72,2,70
111000916,2794,171,2623
111000917,40,323,-283
111000918,363,283,80
111000920,879,13,866
111000921,11,103,-92
111000922,1002,151,851
111000924,49,269,-220
111000925,4588,2438,2150
111000926,1080,1110,-30
111000927,3269,5585,-2316
111000928,3358,1734,1624
111000929,2634,1626,1008
111000930,955,1326,-371
111000931,2551,2840,-289
111000932,2650,1237,1413
111000933,3862,3894,-32
111000934,1589,2117,-528
111000935,3177,1274,1903
111000936,1486,1389,97
111000937,1752,1867,-115
111000938,1387,875,512
111000939,1047,35,1012
111000940,894,65,829
111000941,444,263,181
111000943,1045,307,738
111000944,177,131,46
111000945,255,684,-429
111001109,669,1123,-454
111001110,241,385,-144
111001111,188,5,183
111001112,58,0,58
111001113,2,187,-185
111001114,670,342,328
111001115,29,1732,-1703
111001116,2292,6706,-4414
111001117,312,2751,-2439
111001120,149,388,-239
111001121,118,155,-37
111001122,227,159,68
111001123,520,112,408
111001124,116,54,62
111900001,54,43,11
111900002,83,205,-122
111900003,8,159,-151
111900004,27,28,-1
111900006,26,102,-76
111900007,326,14,312
111900008,553,7,546
111900009,466,42,424
111900010,160,313,-153
111900012,35,49,-14
111900013,53,25,28
111900014,2240,7906,-5666
111900015,0,17,-17
111900016,0,21,-21
111900017,0,49,-49
111900018,281,15,266
111900019,0,181,-181
111900020,6,49,-43
111900021,41,78,-37
111900022,6,22,-16
111900023,53,37,16
111900024,53,47,6
111900025,0,23,-23
111900026,1,20,-19
111900027,5,42,-37
111900028,1,112,-111
111900029,4,35,-31
111900030,22,316,-294
111900031,33,33,0
111900032,0,84,-84
111900033,3,61,-58
111900034,109,360,-251
111900035,112,135,-23
111900036,0,83,-83
111900038,145,391,-246
111900039,48,160,-112
111900040,0,121,-121
111900042,46,91,-45
111900043,1,137,-136
111900044,75,175,-100
111900046,23,52,-29
111900048,587,265,322
111900049,20,152,-132
111900050,146,41,105
111900051,1,153,-152
111900052,141,228,-87
111900053,509,3240,-2731
111900054,321,7,314
111900055,8,220,-212
111900056,197,617,-420
111900057,188,17,171
111900058,930,217,713
111900059,1558,1047,511
111900060,473,7,466
111900061,3,79,-76
111900062,46,141,-95
111900063,335,290,45
111900064,66,108,-42
111900065,250,36,214
111900066,207,207,0
111900067,3,240,-237
111900068,80,128,-48
111900069,127,36,91
111900070,400,60,340
111900071,1,106,-105
111900072,113,72,41
111900073,1798,318,1480
111900074,10,120,-110
111900075,175,39,136
111900076,486,138,348
111900077,64,11,53
111900078,576,65,511
111900079,106,86,20
111900080,159,241,-82
111900081,173,128,45
111900082,361,70,291
111900083,425,59,366
111900084,337,15,322
111900085,73,138,-65
111900086,124,22,102
111900087,153,6,147
111900088,1081,25,1056
111900089,251,5,246
111900090,97,96,1
111900091,790,15,775
111900092,326,2,324
111900093,813,17,796
111900094,274,2,272
111900095,620,53,567
111900096,465,4,461
111900097,134,1,133
111900098,521,3,518
111900099,140,0,140
111900100,295,6,289
111900101,167,43,124
111900102,1131,335,796
111900103,59,157,-98
111900104,211,126,85
111900105,273,227,46
111900106,356,25,331
111900107,19,49,-30
111900108,44,131,-87
111900109,54,323,-269
111900110,1303,266,1037
111900111,354,42,312
111900112,481,6646,-6165
111900113,258,155,103
111900114,47,40,7
111900115,4,5,-1
111900118,509,139,370
111900119,421,201,220
111900122,101,154,-53
111900123,16,27,-11
111900124,39,22,17
111900125,826,94,732
111900126,553,6,547
111900127,2,193,-191
111900128,4,187,-183
111900129,447,51,396
111900130,302,111,191
111900131,1047,6,1041
111900132,44,333,-289
111900133,25,207,-182
111900134,4,121,-117
111900135,12,90,-78
111900136,99,206,-107
111900137,47,56,-9
111900138,9,55,-46
111900139,20,39,-19
111900140,268,40,228
111900141,108,16,92
111900142,102,31,71
111900143,47,40,7
111900144,3,18,-15
111900145,0,142,-142
111900146,0,90,-90
111900147,16,269,-253
111900148,11,333,-322
111900149,8,115,-107
111900150,25,93,-68
111900151,22,47,-25
111900152,91,99,-8
111900153,430,981,-551
111900154,50,896,-846
111900155,109,207,-98
111900156,106,133,-27
111900157,440,34,406
111900158,998,156,842
111900159,673,70,603
111900160,614,6,608
111900161,576,0,576
111900162,134,364,-230
111900163,50,118,-68
111900164,143,48,95
111901113,1000,40,960
111901114,395,161,234
111901115,238,7,231
111901116,79,1,78
111901117,30,84,-54
111901118,42,686,-644
111901119,267,58,209
111901120,23,52,-29
111901121,49,72,-23
111901122,6,140,-134
111901123,578,107,471
111901124,625,16,609
111901125,1022,260,762
111901126,144,109,35
111901127,234,1596,-1362
111901128,33,79,-46
111901129,0,73,-73
111901130,16,58,-42
111901131,3,160,-157
111901132,121,38,83
111901133,110,1,109
111901134,302,4,298
111901135,91,27,64
111901136,64,91,-27
111901137,0,65,-65
111901138,60,53,7
111901139,8,30,-22
111901140,4,51,-47
111901141,6,79,-73
111901142,0,66,-66
111901143,2,110,-108
111901144,45,59,-14
111901145,94,494,-400
111901146,70,5,65
112000001,3209,937,2272
112000002,952,1930,-978
112000003,3449,1284,2165
112000004,1047,381,666
112000005,5408,5284,124
112000006,932,777,155
112000007,7177,4503,2674
112000008,4214,5486,-1272
112000009,3275,1492,1783
112000010,5613,7826,-2213
112000011,1756,1172,584
112000012,6061,8977,-2916
112000013,2022,5708,-3686
112000014,1449,5230,-3781
112000015,1746,4336,-2590
112000016,3531,6726,-3195
112000017,742,7702,-6960
112000024,2050,487,1563
112000026,2118,1893,225
112000027,924,818,106
112000028,805,954,-149
112000029,1144,1290,-146
112000030,178,36,142
112000031,2156,6862,-4706
112000032,179,23,156
112000033,1681,5719,-4038
112000034,84,34,50
112000035,80,1529,-1449
112000036,392,2258,-1866
112000037,964,2904,-1940
112000038,1536,3784,-2248
112000039,126,68,58
112000040,54,201,-147
112000041,447,411,36
112000042,848,350,498
112000050,1738,1472,266
112000051,1714,3296,-1582
112000054,1433,1433,0
112000057,1482,469,1013
112000058,406,464,-58
112000059,605,691,-86
112000061,4539,1148,3391
112000062,693,2232,-1539
112000063,268,4144,-3876
112000064,3372,3786,-414
112000065,1103,2246,-1143
112000066,4172,1953,2219
112000067,540,485,55
112000068,4276,3656,620
112000069,632,1873,-1241
112000070,2519,1039,1480
112000071,1316,1939,-623
112000072,3677,1031,2646
112000073,1505,2375,-870
112000074,1439,1214,225
112000075,1554,1660,-106
112000076,3526,2508,1018
112000077,1329,441,888
112000078,3170,1073,2097
112000079,3202,1699,1503
112000080,1617,1292,325
112000081,1318,2070,-752
112000082,1443,688,755
112000083,952,1313,-361
112000084,1630,568,1062
112000085,2073,1796,277
112000086,2295,1483,812
112000087,913,296,617
112000088,1300,390,910
112000089,562,513,49
112000090,623,445,178
112000091,800,485,315
112000092,3251,999,2252
112000093,1710,548,1162
112000094,1038,736,302
112000095,991,492,499
112000096,996,531,465
112000097,2592,918,1674
112000098,658,492,166
112000099,1015,2256,-1241
112000100,3079,716,2363
112000101,796,441,355
112000102,2513,412,2101
112000103,486,494,-8
112000105,444,517,-73
112000106,2934,423,2511
112000107,28,215,-187
112000108,474,1373,-899
112000109,85,64,21
112000110,2509,682,1827
112000111,780,7309,-6529
112000112,3255,968,2287
112000113,1435,2749,-1314
112000114,3387,1280,2107
112000115,652,376,276
112000116,805,809,-4
112000117,1429,723,706
112000118,917,644,273
112000119,480,480,0
112000120,93,240,-147
112000121,231,251,-20
112000122,505,116,389
112000123,1221,130,1091
112000124,814,99,715
112000125,414,372,42
112000126,531,188,343
112000127,2247,3868,-1621
112000128,696,1107,-411
112000129,180,78,102
112000130,426,125,301
112000131,87,153,-66
112000132,306,224,82
112000133,520,115,405
112000134,767,431,336
112000135,1582,1183,399
112000136,1076,3774,-2698
112000137,1701,10667,-8966
112000138,1088,4985,-3897
112000139,710,1074,-364
112000140,381,1101,-720
112000141,1685,620,1065
112000142,188,354,-166
112000143,1843,264,1579
112000144,308,651,-343
112000145,3785,600,3185
112000146,646,1021,-375
112000147,3503,2075,1428
112000148,1075,1858,-783
112000149,807,483,324
112000150,486,285,201
112000151,479,169,310
112000152,1145,293,852
112000153,166,181,-15
112000154,287,402,-115
112000155,186,159,27
112000157,539,1205,-666
112000158,435,261,174
112000159,1321,277,1044
112000167,658,193,465
112000169,220,628,-408
112000173,1834,378,1456
112000175,702,368,334
112000176,1187,1631,-444
112000177,1481,489,992
112000178,128,273,-145
112000179,490,127,363
112000180,561,228,333
112000181,1307,1013,294
112000182,2756,614,2142
112000183,35,7,28
112000184,726,183,543
112000185,1264,284,980
112000187,6649,3950,2699
112000195,251,17,234
112000196,221,3,218
112000197,137,278,-141
112000198,81,385,-304
112000199,642,757,-115
112000202,835,2,833
112000216,62,209,-147
112000230,210,5,205
112000231,6,150,-144
112000256,181,367,-186
112000313,40,57,-17
112000314,85,65,20
112000337,321,666,-345
112000352,194,469,-275
112000392,2660,1037,1623
112000398,2595,858,1737
112000399,1427,7017,-5590
112000400,2693,1127,1566
112000401,1731,1347,384
112000402,5880,7372,-1492
112000403,1790,7889,-6099
112000404,1995,1751,244
112000405,3826,4038,-212
112000406,2319,1053,1266
112000407,11640,9409,2231
112000408,7156,2868,4288
112000409,1563,2090,-527
112000410,482,559,-77
112000411,2658,2357,301
112000412,753,543,210
112000413,4168,10317,-6149
112000414,246,29,217
112000415,174,55,119
112000416,5152,1326,3826
112000417,350,98,252
112000421,98,51,47
112000422,467,152,315
112000424,1341,4238,-2897
112000425,485,360,125
112000426,270,283,-13
112000427,0,19,-19
112000428,391,105,286
112000429,2670,2273,397
112000430,3122,4298,-1176
112000431,191,224,-33
112000432,740,431,309
112000433,459,696,-237
112000437,112,125,-13
112900001,148,5,143
112900002,1060,363,697
112900003,105,163,-58
112900004,110,90,20
112900005,488,83,405
112900006,29,129,-100
112900007,69,118,-49
112900008,0,103,-103
112900009,789,235,554
112900010,881,374,507
112900011,53,236,-183
112900012,17,16,1
112900013,13,245,-232
112900014,4,111,-107
112900015,178,545,-367
112900016,5,126,-121
112900017,79,103,-24
112900018,0,49,-49
112900019,37,304,-267
112900020,279,812,-533
112900021,3,114,-111
112900022,26,35,-9
112900023,1,42,-41
112900024,36,134,-98
112900025,90,158,-68
112900026,2,95,-93
112900027,5,248,-243
112900028,19,69,-50
112900029,9,139,-130
112900030,46,47,-1
112900031,8,191,-183
112900032,327,191,136
112900034,0,29,-29
112900035,3,106,-103
112900036,23,178,-155
112900037,357,271,86
112900038,1001,119,882
112900039,12,175,-163
112900040,23,1453,-1430
112900041,571,1520,-949
112900042,169,192,-23
112900043,54,99,-45
112900044,275,325,-50
112900045,188,202,-14
112900046,145,104,41
112900047,12,47,-35
112900049,505,47,458
112900050,15,555,-540
112900051,227,351,-124
112900052,8,295,-287
112900053,122,247,-125
112900054,332,64,268
112900055,119,87,32
112900056,510,361,149
112900057,24,162,-138
112900058,373,499,-126
112900059,200,445,-245
112900060,107,55,52
112900061,173,151,22
112900062,115,147,-32
112900063,55,18,37
112900064,46,267,-221
112900065,19,62,-43
112900066,305,340,-35
112900067,345,79,266
112900068,62,83,-21
112900069,2032,1649,383
112900071,47,8,39
112900072,405,5166,-4761
112900073,573,318,255
112900074,208,463,-255
112900075,982,2008,-1026
112900076,60,37,23
112900078,436,752,-316
112900079,377,28,349
112900080,179,4,175
112900081,133,548,-415
112900082,759,63,696
112900083,305,180,125
112900084,463,336,127
112900085,1,5,-4
112900086,210,0,210
112900087,2169,249,1920
112900088,365,9,356
112900089,1235,49,1186
112900090,196,128,68
112900091,545,23,522
112900092,76,991,-915
112900093,1862,30,1832
112900094,42,1,41
112900095,159,2,157
112900096,982,296,686
112900097,182,215,-33
112900098,168,3,165
112900099,1447,67,1380
112900100,181,5,176
112900101,582,9,573
112900102,171,35,136
112900103,349,11,338
112900104,188,0,188
112900105,38,0,38
112900106,562,189,373
112900107,16,4,12
112900108,12,3,9
112900109,358,0,358
112900110,2227,39,2188
112900111,1156,10,1146
112900112,411,2,409
112900113,0,9,-9
112900114,449,33,416
112900115,2677,24,2653
112900116,163,22,141
112900117,68,45,23
112900118,13,163,-150
112900119,360,6,354
112900120,596,429,167
112900121,47,101,-54
112900122,4,105,-101
112900123,273,51,222
112900124,28,54,-26
112900125,28,471,-443
112900126,154,127,27
112900127,642,181,461
112900128,98,757,-659
112900129,1,505,-504
112900130,251,204,47
112900131,61,1754,-1693
112900132,124,451,-327
112900133,23,1441,-1418
112900134,1,262,-261
112900135,139,114,25
112900136,0,8,-8
112900137,3,324,-321
112900138,9,114,-105
112900139,83,568,-485
112900140,0,23,-23
112900141,1104,40,1064
112900142,78,442,-364
112900143,6,252,-246
112900144,0,117,-117
112900145,7,279,-272
112900146,7,503,-496
112900147,0,509,-509
112900148,126,2,124
112900149,349,264,85
112900151,6,50,-44
112900152,3754,515,3239
112900153,530,4357,-3827
112900154,1,46,-45
112900155,228,17,211
112900156,952,409,543
112900157,653,9,644
112900158,169,5,164
112900159,248,252,-4
112900160,53,204,-151
112900161,222,62,160
112900162,22,36,-14
112900163,48,71,-23
112900164,167,230,-63
112900165,71,61,10
112900166,26,170,-144
112900167,3,155,-152
112900168,7,8,-1
112900169,4,28,-24
112900170,114,271,-157
112900172,43,22,21
112900173,200,179,21
112900174,461,80,381
112900175,161,366,-205
112900176,34,44,-10
112900177,244,92,152
112900178,719,4151,-3432
112900179,16,369,-353
112900180,3307,2048,1259
112900181,1546,13,1533
112900182,75,316,-241
112900183,156,263,-107
112900184,522,622,-100
112900185,152,1127,-975
112900186,1042,1619,-577
112900187,115,747,-632
112900188,701,5389,-4688
112900189,35,12,23
112900190,12,37,-25
112900192,841,780,61
112900193,1383,426,957
112900194,119,20,99
112900195,1105,70,1035
112900196,372,469,-97
112900197,138,330,-192
112900199,1186,296,890
112900200,920,92,828
112900201,221,137,84
112900202,821,454,367
112900203,480,129,351
112900204,524,478,46
112900205,10,8,2
112900206,36,98,-62
112900207,27,0,27
112900208,102,504,-402
112900209,199,310,-111
112900210,2,13,-11
112900211,134,7,127
112900212,1,52,-51
112900213,80,13,67
112900214,18,18,0
112900215,33,63,-30
112900216,29,25,4
112900217,0,31,-31
112900218,63,20,43
112900219,137,1,136
112900220,1,0,1
112900221,80,180,-100
112900222,2,67,-65
112900223,1489,32,1457
112900224,765,231,534
112900225,806,236,570
112900226,268,447,-179
112900227,1493,366,1127
112900228,138,89,49
112900229,572,12,560
112900230,11677,3529,8148
112900232,521,432,89
112900233,77,102,-25
112900234,72,4,68
112900235,25,15,10
112900236,767,19,748
112900237,322,48,274
112900238,15,3,12
112900239,472,1233,-761
113000001,7083,5867,1216
113000002,5765,4284,1481
113000003,2525,1984,541
113000004,2448,2507,-59
113000005,2178,1672,506
113000006,1437,1662,-225
113000007,3218,1743,1475
113000008,2339,2203,136
113000009,1903,761,1142
113000010,1938,1346,592
113000011,1474,1197,277
113000012,2244,917,1327
113000013,926,689,237
113000014,1120,1913,-793
113000015,220,308,-88
113000016,325,938,-613
113000017,117,478,-361
113000018,401,50,351
113000019,311,228,83
113000020,345,79,266
113000021,1768,949,819
113000022,999,2718,-1719
113000025,143,402,-259
113000026,679,1003,-324
113000027,645,1767,-1122
113000028,778,3350,-2572
113000029,1467,944,523
113000030,239,442,-203
113000031,218,213,5
113000032,338,429,-91
113000033,318,473,-155
113000034,209,173,36
113000035,36,73,-37
113000036,30,78,-48
113000037,97,51,46
113000038,18,78,-60
113000039,66,277,-211
113000040,53,139,-86
113000042,855,677,178
113000051,1621,2678,-1057
113000052,2885,658,2227
113000053,961,541,420
113000054,851,822,29
113000055,2100,557,1543
113000056,2066,1209,857
113000058,503,911,-408
113000059,1187,406,781
113000060,452,566,-114
113000061,612,907,-295
113000062,615,431,184
113000063,642,76,566
113000064,140,182,-42
113000065,154,476,-322
113000066,1408,149,1259
113000067,3937,1035,2902
113000068,576,532,44
113000069,766,447,319
113000070,3870,980,2890
113000071,819,453,366
113000072,1571,405,1166
113000073,455,1622,-1167
113000074,1138,467,671
113000075,2056,787,1269
113000076,447,3752,-3305
113000077,880,1344,-464
113000078,530,2235,-1705
113000079,463,1077,-614
113000080,669,1370,-701
113000081,1019,1239,-220
113000082,1161,1280,-119
113000083,593,942,-349
113000084,1966,1347,619
113000085,1165,608,557
113000086,1144,1390,-246
113000087,1001,1488,-487
113000088,2454,1770,684
113000089,853,1921,-1068
113000090,201,900,-699
113000091,286,589,-303
113000094,1561,407,1154
113000095,295,1166,-871
113000096,182,1313,-1131
113000097,1494,691,803
113000098,177,90,87
113000099,1254,689,565
113000100,140,752,-612
113000101,270,1146,-876
113000102,760,889,-129
113000103,2811,379,2432
113000104,925,3338,-2413
113000105,1188,559,629
113000106,495,384,111
113000107,1354,1067,287
113000108,1010,1121,-111
113000109,699,1741,-1042
113000110,6009,917,5092
113000111,206,695,-489
113000112,598,399,199
113000113,1549,495,1054
113000114,362,1661,-1299
113000116,751,379,372
113000117,1515,163,1352
113000118,44,903,-859
113000119,420,550,-130
113000120,92,383,-291
113000121,454,1757,-1303
113000124,440,168,272
113000125,135,1325,-1190
113000127,1660,266,1394
113000128,2038,359,1679
113000129,550,1083,-533
113000133,3585,860,2725
113000134,6,1828,-1822
113000135,5574,6188,-614
113000137,941,3925,-2984
113000139,407,535,-128
113000140,74,185,-111
113000141,106,378,-272
113000142,267,1711,-1444
113000143,314,179,135
113000144,293,473,-180
113000145,142,131,11
113000146,233,52,181
113000147,215,97,118
113000148,405,166,239
113000149,243,270,-27
113000150,671,462,209
113000151,71,37,34
113000152,48,321,-273
113000153,1543,385,1158
113000154,625,1993,-1368
113000155,590,892,-302
113000156,226,351,-125
113000157,304,584,-280
113000158,768,257,511
113000159,1185,583,602
113000160,690,454,236
113000161,571,184,387
113000162,1332,259,1073
113000163,190,57,133
113000164,43,72,-29
113000166,419,78,341
113000167,105,66,39
113000168,186,127,59
113000169,303,44,259
113000170,139,92,47
113000171,64,107,-43
113000172,517,58,459
113000173,84,35,49
113000174,251,128,123
113000175,667,115,552
113000176,663,71,592
113000177,184,176,8
113000178,158,145,13
113000179,466,131,335
113000180,1314,1991,-677
113000181,1543,775,768
113000182,130,443,-313
113000183,219,685,-466
113000184,14,100,-86
113000189,295,1242,-947
113000190,167,293,-126
113000192,585,7663,-7078
113000193,1842,5318,-3476
113000194,974,4262,-3288
113000195,1543,4644,-3101
113000196,330,104,226
113000197,2297,3753,-1456
113000198,179,299,-120
113000199,2264,627,1637
113000201,441,807,-366
113000202,15565,3520,12045
113000203,124,770,-646
113000204,564,8068,-7504
113000205,21,10,11
113000206,7,72,-65
113000207,107,12,95
113000208,38,82,-44
113000209,14,10,4
113000210,4,31,-27
113000211,109,416,-307
113000212,79,103,-24
113000213,23,124,-101
113000214,188,372,-184
113000234,325,730,-405
113000410,66,187,-121
113000411,1993,3909,-1916
113000412,5067,1668,3399
113000413,1075,3209,-2134
113000414,3792,14068,-10276
113000415,2421,1595,826
113000416,3223,2699,524
113000417,1602,1934,-332
113000418,5214,5364,-150
113000419,1786,2870,-1084
113000420,2945,7074,-4129
113000421,5427,8775,-3348
113000422,13813,10271,3542
113000423,1453,6921,-5468
113000424,4378,13222,-8844
113000425,10,71,-61
113000428,195,67,128
113000430,14,481,-467
113000432,3258,243,3015
113000433,185,580,-395
113000434,18,126,-108
113000435,22,169,-147
113000436,21,609,-588
113000437,1818,42,1776
113000438,628,19,609
113000439,74,52,22
113000440,238,44,194
113000441,323,242,81
113000442,309,51,258
113000443,473,154,319
113000444,432,74,358
113000445,159,93,66
113000446,55,130,-75
113000448,1159,305,854
113000449,210,1319,-1109
113000450,1728,3109,-1381
113000451,4217,442,3775
113000452,142,721,-579
113000453,50,1034,-984
113000454,447,299,148
113000455,13,2336,-2323
113000456,4164,2842,1322
113000468,858,88,770
113000469,75,277,-202
113000470,590,18,572
113000471,10,423,-413
113000472,97,246,-149
113000474,1553,921,632
113000475,1657,1344,313
113000476,2817,2266,551
113000477,5856,1856,4000
113000478,3700,2870,830
113000479,160,106,54
113000480,127,936,-809
113000483,0,0,0
113000485,0,0,0
113000486,0,0,0
113000487,0,0,0
113000488,0,0,0
113000489,0,0,0
113000490,0,0,0
113000491,0,0,0
113000492,0,0,0
113000493,0,0,0
113000495,301,148,153
113000496,214,169,45
113000499,0,0,0
113000500,0,1,-1
113900001,42,2659,-2617
113900002,2,100,-98
113900003,3,295,-292
113900004,7,493,-486
113900005,9,864,-855
113900006,1,68,-67
113900007,111,59,52
113900008,46,0,46
113900009,53,0,53
113900010,96,0,96
113900011,232,0,232
113900012,128,2,126
113900013,122,8,114
113900014,1059,5,1054
113900015,0,47,-47
113900016,42,0,42
113900017,5,75,-70
113900018,271,307,-36
113900019,259,49,210
113900020,247,4,243
113900022,139,0,139
113900023,74,2,72
113900024,84,49,35
113900025,236,18,218
113900026,121,0,121
113900027,19,148,-129
113900028,53,171,-118
113900029,128,164,-36
113900030,371,3,368
113900031,115,3,112
113900032,53,1,52
113900033,64,56,8
113900035,67,1,66
113900036,34,111,-77
113900037,275,232,43
113900038,33,181,-148
113900039,303,30,273
113900040,49,74,-25
113900041,41,22,19
113900042,116,54,62
113900043,266,63,203
113900044,162,326,-164
113900045,94,1,93
113900046,324,1452,-1128
113900047,168,115,53
113900048,147,117,30
113900049,178,519,-341
113900050,437,588,-151
113900051,302,249,53
113900052,120,91,29
113900053,803,876,-73
113900054,72,2,70
113900055,108,336,-228
113900056,103,151,-48
113900057,18,24,-6
113900058,106,47,59
113900059,341,251,90
113900060,90,217,-127
113900061,555,131,424
113900062,229,26,203
113900063,145,115,30
113900064,47,64,-17
113900065,662,23,639
113900066,810,173,637
113900067,398,215,183
113900068,560,1137,-577
113900069,50,45,5
113900070,103,280,-177
113900071,138,42,96
113900072,79,73,6
113900073,548,435,113
113900074,216,365,-149
113900075,1301,2624,-1323
113900076,195,32,163
113900077,103,123,-20
113900078,52,16,36
113900079,4,50,-46
113900080,744,261,483
113900081,88,96,-8
113900082,181,213,-32
113900083,642,143,499
113900084,160,173,-13
113900085,103,149,-46
113900086,81,16,65
113900087,167,100,67
113900088,109,143,-34
113900089,542,65,477
113900090,881,533,348
113900091,16,6,10
113900092,34,53,-19
113900093,102,1402,-1300
113900094,913,278,635
113900095,184,258,-74
113900096,392,97,295
113900097,16,42,-26
113900098,1141,274,867
113900099,3,14,-11
113900100,0,3,-3
113900101,14,55,-41
113900102,79,150,-71
113900103,317,483,-166
113900104,116,502,-386
113900105,317,45,272
113900106,0,21,-21
113900107,1,20,-19
113900108,121,334,-213
113900109,315,285,30
113900110,73,29,44
113900111,295,83,212
113900112,251,42,209
113900113,2109,402,1707
113900114,0,9,-9
113900115,1,45,-44
113900116,73,236,-163
113900117,54,34,20
113900118,199,745,-546
113900119,166,357,-191
113900120,77,42,35
113900121,124,64,60
113900122,1052,3980,-2928
113900123,672,259,413
113900124,1,120,-119
113900125,1025,171,854
113900126,110,69,41
113900127,397,1017,-620
113900128,244,92,152
113900129,4,214,-210
113900130,14,699,-685
113900131,402,63,339
113900132,25,117,-92
113900133,17,43,-26
113900135,411,410,1
113900136,107,91,16
113900137,428,498,-70
113900138,53,298,-245
113900139,259,323,-64
113900140,36,513,-477
113900141,898,271,627
113900142,151,42,109
113900143,20,99,-79
113900144,68,991,-923
113900145,350,159,191
113900146,228,52,176
113900148,99,350,-251
113900149,207,120,87
113900150,341,250,91
113900151,545,198,347
113900152,57,72,-15
113900153,140,672,-532
113900154,4,137,-133
113900155,71,260,-189
113900156,264,318,-54
113900157,87,510,-423
113900158,178,1499,-1321
113900159,7,252,-245
113900160,448,306,142
113900161,141,372,-231
113900162,199,2662,-2463
113900163,368,306,62
113900164,556,47,509
113900165,690,439,251
113900166,67,101,-34
113900167,493,36,457
113900168,63,85,-22
113900169,241,364,-123
113900171,397,115,282
113900172,6,59,-53
113900173,43,260,-217
113900174,493,571,-78
113900175,396,213,183
113900176,379,241,138
113900177,300,205,95
113900178,350,185,165
113900179,47,210,-163
113900180,180,90,90
113900181,1327,301,1026
113900182,761,502,259
113900183,87,60,27
113900184,16,237,-221
113900185,127,84,43
113900186,72,24,48
113900187,41,118,-77
113900188,40,147,-107
113900189,392,304,88
113900190,209,92,117
113900191,120,150,-30
113900192,7,1049,-1042
113900193,7,89,-82
113900194,1265,480,785
113900195,258,481,-223
113900196,10,565,-555
113900197,1,69,-68
113900198,28,646,-618
113900199,65,460,-395
113900200,25,176,-151
113900201,0,54,-54
113900202,87,132,-45
113900203,0,31,-31
113900204,24,175,-151
113900205,12,36,-24
113900206,17,80,-63
113900207,3,44,-41
113900208,0,47,-47
113900209,0,53,-53
113900210,433,752,-319
113900211,312,91,221
113900212,368,216,152
113900214,317,652,-335
113900215,117,139,-22
113900216,221,602,-381
113900217,178,99,79
113900218,125,131,-6
113900219,201,1130,-929
113900220,167,236,-69
113900221,357,431,-74
113900222,202,689,-487
113900223,302,273,29
113900224,40,99,-59
113900225,500,121,379
113900226,538,153,385
113900227,503,263,240
113900228,362,895,-533
113900229,60,1469,-1409
113900230,2075,3569,-1494
113900231,141,75,66
113900232,223,22,201
113900233,126,73,53
113900234,457,588,-131
113900235,132,45,87
113900236,483,153,330
113900237,294,17,277
113900238,291,884,-593
113900239,60,212,-152
113900240,5,199,-194
113900241,49,103,-54
113900242,38,426,-388
113900243,52,223,-171
113900244,124,199,-75
113900245,580,390,190
113900246,5,50,-45
113900247,119,800,-681
113900248,2563,2165,398
113900249,926,744,182
113900250,54,466,-412
113900251,1472,73,1399
113900252,1266,32,1234
113900253,986,49,937
113900254,725,236,489
113900255,859,31,828
113900256,601,48,553
113900257,36,253,-217
113900258,35,257,-222
113900259,1048,85,963
113900260,304,2,302
113900261,63,61,2
113900262,235,302,-67
113900263,55,277,-222
113900264,5,203,-198
113900265,170,351,-181
113900266,32,127,-95
113900267,97,1072,-975
113900268,381,550,-169
113900269,109,149,-40
113900270,147,710,-563
113900271,811,503,308
113900273,14,40,-26
113900274,89,48,41
113900275,25,186,-161
113900276,3,77,-74
113900277,298,14,284
113900278,294,207,87
113900279,98,75,23
113900280,1919,601,1318
113900281,322,1463,-1141
113900282,441,506,-65
113900283,472,711,-239
113900284,1157,189,968
113900285,155,134,21
113900286,82,46,36
113900287,156,24,132
113900288,1,122,-121
113900289,364,138,226
113900290,323,514,-191
113900291,112,107,5
113900292,9,9,0
113900293,12,188,-176
113900294,652,25,627
113900295,390,530,-140
113900296,2874,457,2417
113900297,2606,57,2549
113900298,23,1145,-1122
113900299,182,37,145
113900300,5270,5079,191
113900301,777,742,35
113900302,1363,1183,180
113900303,183,999,-816
113900304,2,101,-99
113900305,287,2,285
113900306,151,0,151
113900307,19,1,18
113900308,52,136,-84
113900309,1,344,-343
113900310,1,4,-3
113900311,22,0,22
113900312,213,259,-46
113900313,23,6,17
114000001,1064,2070,-1006
114000002,592,284,308
114000003,133,185,-52
114000004,635,201,434
114000005,502,190,312
114000006,1140,1553,-413
114000007,910,1107,-197
114000008,1776,2423,-647
114000009,1497,339,1158
114000011,3880,2028,1852
114000012,4548,1292,3256
114000013,2640,974,1666
114000014,714,87,627
114000015,2743,163,2580
114000016,389,88,301
114000017,147,808,-661
114000018,100,27,73
114000026,3565,1150,2415
114000027,5932,2386,3546
114000028,2730,4256,-1526
114000038,447,108,339
114000039,111,19,92
114000040,184,330,-146
114000042,198,147,51
114000043,90,31,59
114000044,554,11,543
114000045,31,45,-14
114000046,1793,4160,-2367
114000047,23,92,-69
114000048,132,49,83
114000049,2297,2100,197
114000050,2247,2181,66
114000051,3756,2656,1100
114000052,4123,2885,1238
114000053,78,727,-649
114000054,202,578,-376
114000055,287,50,237
114000056,190,1143,-953
114000057,4037,2324,1713
114000058,94,1305,-1211
114000059,38,925,-887
114000060,882,775,107
114000061,2815,3939,-1124
114000062,492,2192,-1700
114000063,1138,1326,-188
114000064,1835,4240,-2405
114000065,822,2045,-1223
114000066,710,1043,-333
114000067,24,1117,-1093
114000068,615,957,-342
114000069,1322,660,662
114000070,2433,2391,42
114000071,1080,565,515
114000072,760,177,583
114000073,28,21,7
114000074,149,21,128
114000075,88,27,61
114000076,35,31,4
114000077,10,11,-1
114000078,390,216,174
114000079,391,16,375
114000080,78,86,-8
114000081,149,88,61
114000082,54,269,-215
114000083,97,93,4
114000084,342,100,242
114000085,95,212,-117
114000086,378,108,270
114000087,372,69,303
114000088,60,12,48
114000089,486,229,257
114000090,1145,1623,-478
114000091,1234,1002,232
114000092,776,522,254
114000093,1599,655,944
114000094,508,478,30
114000095,498,271,227
114000096,105,267,-162
114000097,167,269,-102
114000098,661,167,494
114000099,1315,94,1221
114000100,2280,366,1914
114000101,681,251,430
114000102,876,355,521
114000103,119,178,-59
114000104,25,130,-105
114000105,316,138,178
114000106,849,3039,-2190
114000107,887,153,734
114000108,688,827,-139
114000109,1080,2106,-1026
114000110,531,704,-173
114000111,2986,1402,1584
114000112,393,877,-484
114000113,1639,653,986
114000114,565,626,-61
114000115,2487,1261,1226
114000116,1502,1376,126
114000117,5686,850,4836
114000118,4278,705,3573
114000119,3496,648,2848
114000120,804,727,77
114000121,698,783,-85
114000122,530,419,111
114000123,3377,423,2954
114000124,1645,483,1162
114000125,1244,1067,177
114000126,2447,310,2137
114000127,235,115,120
114000128,1153,242,911
114000130,571,476,95
114000131,368,159,209
114000132,803,332,471
114000133,661,1289,-628
114000134,84,43,41
114000138,46,110,-64
114000139,480,591,-111
114000144,928,1065,-137
114000145,58,65,-7
114000146,140,85,55
114000147,1809,3250,-1441
114000148,987,2093,-1106
114000149,357,413,-56
114000150,280,709,-429
114000151,522,2396,-1874
114000152,106,55,51
114000153,618,2681,-2063
114000154,715,654,61
114000155,1190,3698,-2508
114000156,814,896,-82
114000157,406,1783,-1377
114000158,1177,724,453
114000159,100,486,-386
114000160,60,789,-729
114000161,1198,3582,-2384
114000162,1832,3679,-1847
114000163,20,32,-12
114000165,572,626,-54
114000166,720,586,134
114000167,2563,1617,946
114000168,382,371,11
114000169,1339,1830,-491
114000170,962,1317,-355
114000171,2414,4957,-2543
114000174,168,425,-257
114000176,248,635,-387
114000177,711,395,316
114000178,53,91,-38
114000179,1010,698,312
114000180,315,366,-51
114000181,1711,6685,-4974
114000182,1301,2702,-1401
114000183,458,712,-254
114000184,476,622,-146
114000185,1754,806,948
114000189,1960,248,1712
114000190,4748,555,4193
114000191,119,337,-218
114000192,110,634,-524
114000193,236,871,-635
114000194,1676,716,960
114000195,389,205,184
114000196,3,92,-89
114000197,2701,26,2675
114000198,638,329,309
114000199,1463,1751,-288
114000200,627,998,-371
114000201,227,600,-373
114000202,931,523,408
114000203,599,535,64
114000204,180,423,-243
114000205,255,856,-601
114000206,1056,1212,-156
114000207,585,767,-182
114000208,544,1176,-632
114000209,576,1361,-785
114000210,223,655,-432
114000211,1661,1178,483
114000212,1090,937,153
114000213,2307,567,1740
114000214,95,76,19
114000215,310,87,223
114000216,1941,372,1569
114000217,616,196,420
114000218,355,93,262
114000219,1958,222,1736
114000220,47,567,-520
114000221,1501,227,1274
114000222,195,463,-268
114000223,763,143,620
114000224,46,415,-369
114000225,436,352,84
114000226,230,228,2
114000227,1125,583,542
114000228,1244,500,744
114000229,1807,1216,591
114000230,2139,884,1255
114000231,1529,1581,-52
114000232,1287,220,1067
114000233,3019,106,2913
114000234,1543,537,1006
114000235,1636,1234,402
114000236,0,248,-248
114000237,198,646,-448
114000238,164,245,-81
114000239,172,751,-579
114000240,1009,1096,-87
114000241,314,583,-269
114000242,711,468,243
114000243,2356,1004,1352
114000244,640,244,396
114000245,513,750,-237
114000246,120,34,86
114000247,534,530,4
114000248,1846,624,1222
114000249,666,529,137
114000250,799,390,409
114000251,553,193,360
114000252,66,21,45
114000253,48,116,-68
114000254,96,46,50
114000255,562,238,324
114000256,538,2722,-2184
114000257,354,728,-374
114000258,411,217,194
114000259,208,195,13
114000260,1,43,-42
114000261,50,34,16
114000262,470,110,360
114000263,9,2,7
114000264,2153,304,1849
114000265,0,1,-1
114000267,4,1957,-1953
114000268,90,527,-437
114000270,228,4,224
114000271,310,86,224
114000283,1959,341,1618
114000285,19,93,-74
114000288,221,359,-138
114000289,2445,123,2322
114000293,353,578,-225
114000294,214,342,-128
114000395,1597,45,1552
114000396,889,1049,-160
114000402,1259,213,1046
114000403,514,220,294
114000405,389,173,216
114000423,540,199,341
114000424,731,164,567
114000425,1473,187,1286
114000426,450,1084,-634
114000427,109,66,43
114000428,71,204,-133
114000429,9,98,-89
114000432,125,44,81
114000434,23,55,-32
114000435,16,50,-34
114000436,1523,555,968
114000437,874,10814,-9940
114900001,857,323,534
114900002,496,248,248
114900003,1289,484,805
114900004,246,614,-368
114900005,815,318,497
114900006,95,112,-17
114900007,508,53,455
114900008,440,131,309
114900010,1175,1932,-757
114900011,389,161,228
114900013,372,125,247
114900015,150,773,-623
114900018,1110,32,1078
114900020,177,103,74
114900022,5,666,-661
114900024,264,109,155
114900025,800,124,676
114900026,94,186,-92
114900027,316,153,163
114900029,36,18,18
114900030,414,206,208
114900031,704,34,670
114900032,773,27,746
114900033,590,2103,-1513
114900034,23,46,-23
114900035,104,352,-248
114900036,218,250,-32
114900037,149,95,54
114900038,273,209,64
114900039,687,171,516
114900040,140,72,68
114900041,1516,129,1387
114900042,1851,243,1608
114900043,312,154,158
114900044,169,82,87
114900046,42,35,7
114900047,286,4391,-4105
114900048,43,167,-124
114900049,5,88,-83
114900050,67,100,-33
114900051,50,220,-170
114900052,52,243,-191
114900053,42,198,-156
114900054,38,40,-2
114900057,245,32,213
114900058,0,32,-32
114900059,192,92,100
114900060,305,890,-585
114900061,98,44,54
114900062,157,339,-182
114900063,91,48,43
114900064,3308,184,3124
114900065,618,849,-231
114900067,58,384,-326
114900068,42,74,-32
114900069,124,51,73
114900070,754,277,477
114900072,4,217,-213
114900073,1,63,-62
114900074,1200,203,997
114900075,490,23,467
114900076,5,229,-224
114900080,909,165,744
114900082,2293,3398,-1105
114900083,456,1025,-569
114900090,731,223,508
114900091,105,97,8
114900095,232,66,166
114900096,272,547,-275
114900097,270,8,262
114900098,7,85,-78
114900099,341,12,329
115000001,4092,1919,2173
115000002,5767,6528,-761
115000003,4117,1505,2612
115000004,7128,7729,-601
115000005,1905,2126,-221
115000006,1511,1752,-241
115000007,256,263,-7
115000008,580,703,-123
115000009,559,321,238
115000010,366,254,112
115000013,57,234,-177
115000015,24,270,-246
115000016,169,468,-299
115000019,63,539,-476
115000020,181,1330,-1149
115000021,256,365,-109
115000022,550,280,270
115000023,366,620,-254
115000024,1063,395,668
115000025,1225,967,258
115000026,286,279,7
115000027,577,394,183
115000028,423,618,-195
115000029,1115,151,964
115000030,864,1055,-191
115000031,1289,426,863
115000032,12,212,-200
115000033,167,46,121
115000034,109,1274,-1165
115000035,1302,118,1184
115000036,0,509,-509
115000037,771,27,744
115000038,105,154,-49
115000039,2995,4522,-1527
115000040,3451,2526,925
115000041,2321,5400,-3079
115000042,515,641,-126
115000043,4197,3394,803
115000044,3154,3216,-62
115000045,3036,1081,1955
115000046,3791,3159,632
115000047,3729,1679,2050
115000048,2611,1771,840
115000049,1414,2857,-1443
115000050,3995,1565,2430
115000051,1883,4435,-2552
115000052,1077,1443,-366
115000053,3150,2834,316
115000054,649,801,-152
115000055,149,842,-693
115000056,128,442,-314
115000057,550,1703,-1153
115000058,160,366,-206
115000059,297,413,-116
115000061,157,395,-238
115000062,262,475,-213
115000063,556,441,115
115000064,263,190,73
115000065,91,461,-370
115000067,255,40,215
115000069,197,305,-108
115000070,30,1310,-1280
115000071,119,27,92
115000072,18,78,-60
115000073,2078,106,1972
115000075,114,84,30
115000076,2426,2401,25
115000077,2504,1426,1078
115000078,2353,843,1510
115000079,2008,1144,864
115000080,4422,1331,3091
115000081,361,609,-248
115000082,6493,5368,1125
115000083,2880,1128,1752
115000084,4397,1193,3204
115000085,1640,702,938
115000086,1776,676,1100
115000087,576,1700,-1124
115000088,2145,716,1429
115000089,1524,1203,321
115000090,611,1171,-560
115000091,358,477,-119
115000092,1083,831,252
115000093,748,1,747
115000094,5329,9458,-4129
115000095,4217,8804,-4587
115000096,1431,1023,408
115000097,2691,1533,1158
115000098,2364,638,1726
115000099,3560,1566,1994
115000100,2017,358,1659
115000101,747,872,-125
115000102,747,285,462
115000103,349,481,-132
115000105,107,79,28
115000106,1015,528,487
115000107,298,260,38
115000108,2079,1889,190
115000109,3838,6246,-2408
115000110,1408,2658,-1250
115000111,497,1287,-790
115000112,994,1207,-213
115000113,675,1132,-457
115000114,1300,679,621
115000116,2951,2248,703
115000117,2225,2549,-324
115000118,2408,1967,441
115000119,1598,2038,-440
115000120,659,1534,-875
115000121,660,763,-103
115000122,892,2019,-1127
115000123,1094,2608,-1514
115000124,805,1483,-678
115000125,418,1385,-967
115000126,206,490,-284
115000127,433,266,167
115000128,368,1007,-639
115000129,232,622,-390
115000130,507,490,17
115000131,1061,303,758
115000132,476,418,58
115000133,831,212,619
115000134,348,531,-183
115000135,241,265,-24
115000136,296,280,16
115000137,115,287,-172
115000138,511,233,278
115000139,283,270,13
115000140,520,191,329
115000141,336,151,185
115000142,293,101,192
115000143,1251,674,577
115000144,656,60,596
115000145,368,161,207
115000146,598,482,116
115000147,414,449,-35
115000148,454,500,-46
115000149,1038,287,751
115000150,819,504,315
115000151,1936,468,1468
115000152,988,1014,-26
115000153,1886,492,1394
115000154,1377,367,1010
115000155,933,976,-43
115000156,942,1065,-123
115000157,523,1174,-651
115000158,454,535,-81
115000159,471,911,-440
115000160,677,875,-198
115000161,1354,440,914
115000162,580,1233,-653
115000163,535,763,-228
115000164,522,869,-347
115000165,303,900,-597
115000167,93,128,-35
115000168,504,691,-187
115000169,378,990,-612
115000170,74,174,-100
115000171,259,468,-209
115000172,789,829,-40
115000173,398,1262,-864
115000174,84,528,-444
115000175,174,171,3
115000176,72,116,-44
115000177,59,202,-143
115000178,32,174,-142
115000179,23,66,-43
115000180,109,242,-133
115000181,1217,194,1023
115000182,1545,313,1232
115000183,652,539,113
115000186,739,210,529
115000187,248,534,-286
115000188,503,684,-181
115000189,294,405,-111
115000190,859,617,242
115000191,315,605,-290
115000194,109,168,-59
115000195,202,410,-208
115000196,303,90,213
115000197,333,106,227
115000198,761,125,636
115000199,730,117,613
115000200,632,157,475
115000201,291,190,101
115000206,569,47,522
115000207,382,272,110
115000208,366,845,-479
115000209,726,436,290
115000210,186,135,51
115000211,366,326,40
115000212,1353,469,884
115000224,366,80,286
115000225,150,109,41
115000229,282,121,161
115000230,130,773,-643
115000231,440,912,-472
115000232,3278,384,2894
115000233,200,204,-4
115000234,50,268,-218
115000241,173,200,-27
115000242,282,92,190
115000243,141,127,14
115000244,6,153,-147
115000246,82,15,67
115000247,64,22,42
115000248,72,17,55
115000249,21,13,8
115000250,397,23,374
115000251,466,69,397
115000252,114,223,-109
115000253,11,471,-460
115000258,591,81,510
115000259,367,102,265
115000261,34,13,21
115000262,27,68,-41
115000263,13,52,-39
115000264,19,33,-14
115000267,104,82,22
115000268,46,114,-68
115000269,155,47,108
115000270,5,30,-25
115000272,74,124,-50
115000273,715,55,660
115000280,1935,276,1659
115000281,410,628,-218
115000282,1137,1301,-164
115000284,123,179,-56
115000296,625,12,613
115000297,156,189,-33
115000298,43,509,-466
115000300,296,122,174
115000302,738,126,612
115000303,1484,92,1392
115000304,1425,74,1351
115000305,131,288,-157
115000306,200,132,68
115000307,166,131,35
115000308,26,21,5
115000309,30,119,-89
115000310,2338,530,1808
115000311,2272,1294,978
115000313,124,221,-97
115000314,1005,221,784
115000315,1139,1038,101
115000316,111,185,-74
115000317,232,456,-224
115000318,1044,348,696
115000319,114,201,-87
115000320,47,499,-452
115000321,466,16,450
115000322,92,131,-39
115000449,273,248,25
115000557,6,2405,-2399
115000558,150,173,-23
115000587,859,313,546
115000588,1928,2645,-717
115000589,4281,2821,1460
115000590,878,1959,-1081
115000591,1796,1025,771
115000592,461,1969,-1508
115000593,1654,1160,494
115000594,354,2778,-2424
115000609,315,94,221
115000617,498,3011,-2513
115000624,587,46,541
115000633,407,1382,-975
115000634,4107,963,3144
115000635,737,161,576
115000638,293,404,-111
115000641,45,267,-222
115000642,316,228,88
115000643,146,372,-226
115000644,161,275,-114
115000646,820,1645,-825
115000647,282,561,-279
115000648,3632,1026,2606
115000893,1796,1554,242
115000894,156,777,-621
115000895,203,712,-509
115000896,1403,558,845
115000897,511,128,383
115000898,498,397,101
115000899,302,1904,-1602
115000900,53,489,-436
115000901,54,286,-232
115000912,651,140,511
115000913,4,22,-18
115000915,23,0,23
115000916,15,9,6
115000917,0,3,-3
115000918,59,702,-643
115000919,3,24,-21
115000920,8,50,-42
115000921,281,97,184
115000922,398,1376,-978
115000923,80,1958,-1878
115000925,196,195,1
115000927,42,106,-64
115000933,81,747,-666
115000934,173,162,11
115000935,312,54,258
115000936,33,1243,-1210
115000937,753,297,456
115000938,30,253,-223
115000939,8,114,-106
115900001,227,11,216
115900002,115,118,-3
115900003,265,66,199
115900004,1,32,-31
115900005,340,23,317
115900006,143,101,42
115900008,162,11,151
115900009,68,515,-447
115900010,630,63,567
115900011,508,501,7
115900012,430,14,416
115900013,326,118,208
115900014,147,193,-46
115900015,276,33,243
115900016,90,33,57
115900017,41,16,25
115900018,171,34,137
115900019,156,15,141
115900020,153,2,151
115900021,970,398,572
115900022,893,7,886
115900023,8,28,-20
115900025,52,215,-163
115900026,811,145,666
115900027,0,198,-198
115900028,385,80,305
115900029,8,210,-202
115900030,74,50,24
115900031,49,348,-299
115900032,333,573,-240
115900033,0,105,-105
115900034,26,153,-127
115900035,58,69,-11
115900036,37,2561,-2524
115900037,55,150,-95
115900038,83,35,48
115900039,221,105,116
115900041,165,1317,-1152
115900042,93,5,88
115900043,158,39,119
115900044,220,387,-167
115900046,689,118,571
115900047,164,330,-166
115900049,305,104,201
115900051,18,16,2
115900052,12,107,-95
115900053,394,82,312
115900054,530,18,512
115900055,35,57,-22
115900056,387,101,286
115900057,10,20,-10
115900058,7,70,-63
115900060,72,315,-243
115900061,422,2,420
115900062,77,103,-26
115900063,46,9,37
115900064,183,242,-59
115900065,141,113,28
115900066,88,64,24
115900067,25,114,-89
115900068,1208,1709,-501
115900069,65,194,-129
115900070,241,70,171
115900071,0,101,-101
115900072,28,110,-82
115900073,152,202,-50
115900074,5,116,-111
115900075,33,169,-136
115900076,23,27,-4
115900077,3,61,-58
115900078,20,77,-57
115900079,516,21,495
115900080,222,119,103
115900081,30,17,13
115900082,141,154,-13
115900084,845,60,785
115900085,60,106,-46
115900086,882,454,428
115900088,7,116,-109
115900089,866,348,518
115900090,901,4,897
115900091,28,40,-12
115900092,69,70,-1
115900093,11,28,-17
115900094,3,107,-104
115900096,38,11,27
115900097,8,140,-132
115900098,464,227,237
115900099,65,43,22
115900100,30,133,-103
115900101,401,144,257
115900102,111,93,18
115900103,486,145,341
115900104,197,79,118
115900105,503,210,293
115900106,156,6,150
115900107,178,54,124
115900108,251,18,233
115900109,38,155,-117
115900110,33,18,15
115900111,1,65,-64
115900112,52,552,-500
115900113,91,23,68
115900114,3,95,-92
115900115,127,208,-81
115900116,80,353,-273
115900117,116,11,105
115900118,4,89,-85
115900119,252,162,90
115900120,38,148,-110
115900121,301,134,167
115900124,387,1096,-709
115900125,590,71,519
115900126,1522,105,1417
115900127,1152,39,1113
115900128,5,105,-100
115900129,865,59,806
115900130,12,479,-467
115900131,515,35,480
115900132,1002,4,998
115900134,353,12,341
115900135,544,1164,-620
115900137,45,7,38
115900139,24,217,-193
115900140,634,54,580
115900141,4,73,-69
115900142,12,52,-40
115900143,418,886,-468
115900144,227,317,-90
115900146,15,28,-13
115900147,206,325,-119
115900148,77,14,63
115900149,330,12,318
115900150,202,16,186
115900151,40,114,-74
115900152,255,228,27
115900153,163,168,-5
115900154,429,451,-22
115900155,1,37,-36
115900156,874,1051,-177
115900157,406,623,-217
115900158,54,7,47
115900159,245,160,85
115900160,4,7,-3
115900161,78,300,-222
115900163,507,180,327
115900164,1014,15,999
115900165,4,168,-164
115900166,121,173,-52
115900168,254,85,169
115900171,166,429,-263
115900172,118,112,6
115900173,263,76,187
115900174,166,403,-237
115900175,255,196,59
115900178,6,171,-165
115900179,524,20,504
115900180,101,58,43
115900181,306,51,255
115900182,746,62,684
115900183,21,158,-137
115900184,424,8,416
115900187,9,298,-289
115900189,0,268,-268
115900190,189,1317,-1128
115900191,23,148,-125
115900192,41,87,-46
115900193,133,96,37
115900194,1274,79,1195
115900195,379,3636,-3257
115900198,332,238,94
115900199,404,89,315
115900200,252,141,111
115900201,312,411,-99
115900202,3,92,-89
115900203,17,25,-8
115900204,0,21,-21
115900205,30,12,18
115900206,501,64,437
115900207,92,15,77
115900208,136,49,87
115900209,8,91,-83
115900210,1,79,-78
115900211,2,120,-118
115900212,250,156,94
115900213,70,137,-67
115900214,862,141,721
115900215,31,298,-267
115900216,5,66,-61
115900217,1,28,-27
115900218,7,31,-24
115900219,189,1,188
115900220,458,9,449
115900221,201,17,184
115900222,199,70,129
115900223,11,844,-833
115900224,532,2575,-2043
115900225,38,72,-34
115900226,12,66,-54
115900227,11,79,-68
115900228,11,52,-41
115900229,2,49,-47
115900230,33,71,-38
115900231,158,5,153
115900232,93,6,87
115900233,208,1,207
115900234,88,24,64
115900235,26,75,-49
115900236,26,54,-28
115900237,44,19,25
115900238,30,14,16
115900239,33,25,8
115900240,25,28,-3
115900241,317,36,281
115900242,388,509,-121
115900243,30,6,24
115900244,14,24,-10
115900245,80,6,74
115900246,18,18,0
115900247,24,27,-3
115900248,20,4,16
115900249,43,5,38
115900250,25,30,-5
115900251,7,3,4
115900252,12,4,8
115900253,32,35,-3
115900254,14,52,-38
115900255,6,40,-34
115900256,25,53,-28
115900257,12,6,6
115900258,0,0,0
115900259,3,3,0
115900260,6,0,6
115900261,11,2,9
115900262,10,0,10
115900263,13,2,11
115900264,48,7,41
115900265,8,23,-15
115900266,5,24,-19
115900267,3,27,-24
115900268,2,10,-8
115900269,961,129,832
115900270,456,127,329
115900271,328,0,328
115900272,47,5,42
115900273,34,33,1
115900274,1,3,-2
115900275,0,7,-7
115900276,0,27,-27
115900277,1,44,-43
115900278,64,159,-95
115900279,38,330,-292
115900280,9,892,-883
115900281,231,460,-229
115900282,15,39,-24
115900283,0,1,-1
115900284,0,1,-1
116000001,8392,2348,6044
116000002,5288,17558,-12270
116000003,1448,1582,-134
116000004,3984,6902,-2918
116000005,1200,4264,-3064
116000006,3137,5024,-1887
116000007,1780,6254,-4474
116000008,5907,5550,357
116000009,909,1098,-189
116000010,3531,2683,848
116000011,730,1300,-570
116000012,2393,1553,840
116000013,4413,5074,-661
116000014,11032,26100,-15068
116000015,134,1861,-1727
116000016,6183,6763,-580
116000017,34,843,-809
116000018,539,605,-66
116000019,1402,474,928
116000020,951,2028,-1077
116000021,915,432,483
116000022,597,452,145
116000023,2358,1481,877
116000024,770,1238,-468
116000025,1577,1116,461
116000026,1705,3771,-2066
116000027,650,980,-330
116000028,495,1566,-1071
116000029,492,570,-78
116000030,734,897,-163
116000031,111,214,-103
116000032,406,159,247
116000033,814,550,264
116000034,1141,911,230
116000035,586,499,87
116000036,575,4697,-4122
116000037,229,612,-383
116000038,175,1787,-1612
116000039,307,1982,-1675
116000040,578,1648,-1070
116000041,118,1300,-1182
116000042,1092,968,124
116000043,271,554,-283
116000044,5,48,-43
116000045,2346,1726,620
116000046,1236,2132,-896
116000047,2281,3294,-1013
116000048,3306,1669,1637
116000049,2221,3604,-1383
116000050,2013,1434,579
116000051,5374,3687,1687
116000052,5069,4910,159
116000053,3354,712,2642
116000054,1530,2945,-1415
116000055,1335,1086,249
116000056,1979,1285,694
116000057,3270,1486,1784
116000058,4493,3715,778
116000059,3303,5419,-2116
116000060,3106,1424,1682
116000061,616,2063,-1447
116000062,621,428,193
116000063,780,2481,-1701
116000066,318,894,-576
116000067,300,379,-79
116000068,162,421,-259
116000069,378,245,133
116000078,631,1318,-687
116000080,2080,657,1423
116000082,22,11,11
116000083,2376,575,1801
116000084,1455,2315,-860
116000085,2315,2529,-214
116000086,806,525,281
116000087,3737,2472,1265
116000088,1157,1076,81
116000089,216,126,90
116000090,138,192,-54
116000091,260,637,-377
116000093,1164,546,618
116000094,1100,381,719
116000095,1333,794,539
116000096,1653,2204,-551
116000097,1406,732,674
116000098,67,11040,-10973
116000099,5732,364,5368
116000100,393,15,378
116000101,1711,474,1237
116000102,336,809,-473
116000103,589,418,171
116000104,262,1048,-786
116000105,2162,214,1948
116000106,514,892,-378
116000107,3455,279,3176
116000108,90,152,-62
116000111,231,30,201
116000113,293,197,96
116000114,23,144,-121
116000115,494,189,305
116000116,281,235,46
116000117,1844,1632,212
116000118,2124,987,1137
116000119,5014,1876,3138
116000120,3175,2501,674
116000121,1224,722,502
116000122,1012,879,133
116000123,1846,554,1292
116000124,595,503,92
116000125,4325,974,3351
116000126,399,716,-317
116000127,961,653,308
116000128,3004,1105,1899
116000129,2014,293,1721
116000130,1085,892,193
116000133,2187,753,1434
116000134,1761,1086,675
116000135,3860,1595,2265
116000136,839,1253,-414
116000137,1456,1398,58
116000138,2018,1158,860
116000139,2228,3977,-1749
116000140,234,245,-11
116000141,556,346,210
116000142,3676,2297,1379
116000143,2413,2036,377
116000144,2143,1801,342
116000145,3240,1132,2108
116000146,1278,104,1174
116000147,323,291,32
116000148,1083,1453,-370
116000149,1292,1068,224
116000151,635,553,82
116000153,118,380,-262
116000155,276,409,-133
116000156,852,1214,-362
116000157,94,8,86
116000158,569,282,287
116000159,10,11,-1
116000160,62,65,-3
116000161,15,82,-67
116000162,103,232,-129
116000163,87,37,50
116000164,24,44,-20
116000177,121,126,-5
116000194,127,267,-140
116000195,1688,804,884
116000196,56,5,51
116000197,29,10,19
116000198,2649,1249,1400
116000200,849,954,-105
116000201,822,606,216
116000202,15,163,-148
116000203,5,64,-59
116000204,7,45,-38
116000205,0,81,-81
116000206,3,81,-78
116000207,8,51,-43
116000233,261,488,-227
116000287,317,182,135
116000288,522,197,325
116000292,112,146,-34
116000296,8,174,-166
116000297,122,8,114
116000304,296,38,258
116000305,32,56,-24
116000346,324,107,217
116000352,211,103,108
116000354,76,33,43
116000357,26,25,1
116000358,630,146,484
116000361,60,2,58
116000372,3790,9346,-5556
116000381,182,1,181
116000388,2,19,-17
116000389,1096,503,593
116000445,1029,239,790
116000446,933,335,598
116000447,19,768,-749
116000448,656,145,511
116000563,827,1033,-206
116000565,57,283,-226
116000566,2,11,-9
116000568,57,624,-567
116000579,14,83,-69
116000584,61,9,52
116000585,61,30,31
116000586,76,129,-53
116000587,570,565,5
116000589,51,98,-47
116000590,183,95,88
116000591,365,215,150
116000592,8,54,-46
116000593,0,16,-16
116000594,1592,213,1379
116000595,1072,83,989
116000596,230,12,218
116000597,1032,323,709
116000598,19,131,-112
116000602,32,786,-754
116000605,160,157,3
116000606,89,415,-326
116000607,11,137,-126
116000609,130,1564,-1434
116000611,367,197,170
116000612,1819,2551,-732
116000613,1071,405,666
116000614,548,225,323
116000615,2,618,-616
116000616,128,64,64
116000617,188,22,166
116000618,9,55,-46
116000619,87,113,-26
116000620,327,187,140
116000621,225,142,83
116000622,160,118,42
116000624,253,126,127
116000627,108,20,88
116000628,99,150,-51
116000629,57,124,-67
116000630,1073,57,1016
116000631,487,16,471
116000632,892,51,841
116000633,103,109,-6
116000634,1001,27,974
116000635,2307,3707,-1400
116000636,350,1549,-1199
116000637,630,9,621
116000638,15,175,-160
116900001,480,181,299
116900002,465,2,463
116900003,104,22,82
116900004,63,148,-85
116900005,366,55,311
116900006,91,890,-799
116900007,167,358,-191
116900008,840,150,690
116900009,12,13,-1
116900010,3,637,-634
116900011,23,31,-8
116900012,353,430,-77
116900013,1,90,-89
116900014,369,45,324
116900015,840,43,797
116900016,428,7,421
116900017,2,566,-564
116900018,203,59,144
116900019,4,142,-138
116900020,516,2216,-1700
116900023,65,17,48
116900024,1038,52,986
116900025,1995,536,1459
116900026,116,537,-421
116900027,65,62,3
116900028,0,53,-53
116900029,2,164,-162
116900031,1,2,-1
116900032,2,152,-150
116900033,71,10,61
116900034,3,30,-27
116900035,187,146,41
116900036,6,115,-109
116900038,10,4,6
116900041,94,14,80
116900042,258,226,32
116900043,19,43,-24
116900047,16,223,-207
116900049,24,210,-186
116900050,97,313,-216
116900051,354,37,317
116900052,180,79,101
116900055,0,18,-18
116900057,36,78,-42
116900058,31,306,-275
116900059,1,82,-81
116900060,171,357,-186
116900062,2,11,-9
116900064,158,246,-88
116900065,27,95,-68
116900067,243,73,170
116900068,156,137,19
116900070,3,4,-1
116900072,54,186,-132
116900073,62,79,-17
116900074,13,46,-33
116900076,19,78,-59
116900077,5,49,-44
116900078,175,45,130
116900079,58,126,-68
116900080,14,14,0
116900081,240,715,-475
116900082,237,996,-759
116900083,8,13,-5
116900084,63,73,-10
116900085,20,115,-95
116900086,69,174,-105
116900088,375,68,307
116900090,54,20,34
116900091,564,56,508
116900092,130,441,-311
116900093,3772,1660,2112
116900094,3826,8050,-4224
116900095,332,617,-285
116900096,140,712,-572
116900097,1708,4974,-3266
116900098,844,752,92
116900099,231,1071,-840
116900100,1470,139,1331
116900101,300,670,-370
116900103,18,0,18
116900104,65,191,-126
116900105,433,290,143
116900106,3835,177,3658
116900107,1694,3914,-2220
116900110,35,1,34
116900111,1212,294,918
116900112,377,571,-194
116900113,1083,3261,-2178
116900116,46,1850,-1804
116900117,211,106,105
116900118,1931,1206,725
116900120,612,86,526
116900121,307,38,269
116900122,1417,242,1175
116900123,434,234,200
116900124,163,657,-494
116900125,834,141,693
116900126,84,787,-703
116900128,3,50,-47
116900129,0,221,-221
116900130,1118,6403,-5285
116900131,65,448,-383
116900132,83,144,-61
116900133,265,132,133
116900134,363,221,142
116900136,231,142,89
116900137,348,153,195
116900138,206,157,49
116900139,126,270,-144
116900140,179,77,102
116900141,562,212,350
116900142,3,96,-93
116900143,475,177,298
116900144,113,76,37
116900145,84,141,-57
116900147,259,2493,-2234
116900148,8,49,-41
116900149,105,277,-172
116900150,34,18,16
116900151,135,82,53
116900153,231,133,98
116900154,216,746,-530
116900155,125,125,0
116900157,1097,103,994
116900158,95,450,-355
116900159,69,773,-704
116900160,1289,1504,-215
116900161,4993,12100,-7107
116900162,30,75,-45
116900163,343,49,294
116900164,195,95,100
116900165,965,632,333
116900166,124,42,82
116900167,634,58,576
116900168,689,47,642
116900169,270,2621,-2351
116900170,899,635,264
116900171,89,136,-47
116900172,150,682,-532
116900173,403,34,369
116900174,83,164,-81
116900175,382,589,-207
116900178,85,94,-9
116900179,80,589,-509
116900180,111,16,95
116900182,1929,407,1522
116900183,256,91,165
116900185,90,75,15
116900186,134,123,11
116900187,58,131,-73
116900188,166,16,150
116900189,150,2,148
116900191,321,503,-182
116900192,488,143,345
116900194,139,2262,-2123
116900195,66,21,45
116900196,31,44,-13
116900197,190,31,159
116900198,78,441,-363
116900200,241,13,228
116900201,301,9,292
116900202,95,22,73
116900203,256,27,229
116900204,46,215,-169
116900206,46,3,43
116900207,47,40,7
116900208,6,54,-48
116900209,29,34,-5
116900210,924,409,515
116900211,284,8,276
116900212,167,12,155
116900213,398,140,258
116900214,363,202,161
116900215,84,70,14
116900216,357,210,147
116900218,11,281,-270
116900219,666,311,355
116900220,194,359,-165
116900221,244,363,-119
116900222,662,365,297
116900223,123,246,-123
116900226,147,48,99
116900227,314,47,267
116900228,474,165,309
116900230,76,142,-66
116900231,115,175,-60
116900232,42,210,-168
116900233,505,104,401
116900234,41,26,15
116900235,171,204,-33
116900238,907,222,685
116900239,29,1031,-1002
116900240,4006,4895,-889
116900241,238,61,177
116900242,415,1363,-948
116900243,4,54,-50
116900245,80,79,1
116900246,211,26,185
116900247,1400,81,1319
116900248,133,36,97
116900249,725,54,671
116900250,704,42,662
116900251,434,1447,-1013
116900252,312,540,-228
116900253,245,51,194
116900254,58,100,-42
116900255,196,170,26
116900256,721,116,605
116900257,26,166,-140
116900258,6,114,-108
116900259,566,18,548
116900260,3,33,-30
116900261,148,1,147
116900262,281,138,143
116900263,1,34,-33
116900264,2,6,-4
116900265,61,2,59
116900266,18,21,-3
116900267,36,0,36
116900268,271,230,41
116900269,584,1102,-518
116900271,610,571,39
116900272,490,342,148
116900273,48,671,-623
116900274,196,31,165
116900275,437,70,367
116900276,406,485,-79
116900277,233,33,200
116900278,6,6,0
116900279,1,29,-28
116900280,59,31,28
116900281,3811,8257,-4446
116900282,8,23,-15
116900283,8,49,-41
116900284,28,79,-51
116900285,214,351,-137
116900286,181,25,156
116900287,13,12,1
116900288,197,52,145
116900289,39,1,38
116900290,27,3,24
116900291,88,15,73
116900292,0,51,-51
116900293,125,2,123
116900294,17,170,-153
116900295,121,527,-406
116900296,57,443,-386
116900297,3,136,-133
116900298,120,378,-258
116900299,44,479,-435
116900300,4,249,-245
116900301,43,1106,-1063
116900302,11,173,-162
116900303,191,309,-118
116900304,0,270,-270
116900305,7,42,-35
116900306,399,45,354
117000001,4321,3649,672
117000002,2268,4177,-1909
117000003,7461,4595,2866
117000004,2379,5917,-3538
117000005,4333,2951,1382
117000006,1185,2216,-1031
117000007,7528,1480,6048
117000008,1057,2483,-1426
117000009,5478,2091,3387
117000010,1740,2527,-787
117000011,3404,1644,1760
117000012,2206,826,1380
117000013,2876,1038,1838
117000014,1355,2272,-917
117000015,3727,1926,1801
117000016,430,539,-109
117000017,101,1332,-1231
117000018,179,1684,-1505
117000019,57,4,53
117000020,1067,3474,-2407
117000021,1968,677,1291
117000022,206,796,-590
117000023,87,791,-704
117000024,203,1649,-1446
117000025,154,4778,-4624
117000026,1857,5216,-3359
117000027,1588,4759,-3171
117000028,1191,4076,-2885
117000030,348,478,-130
117000031,485,445,40
117000032,1579,2005,-426
117000033,1991,1071,920
117000034,468,315,153
117000035,499,654,-155
117000036,537,385,152
117000037,492,234,258
117000038,395,652,-257
117000039,494,449,45
117000040,253,688,-435
117000041,1966,117,1849
117000044,11,605,-594
117000045,1119,305,814
117000046,383,877,-494
117000047,1158,1202,-44
117000048,1799,972,827
117000049,63,472,-409
117000050,426,1176,-750
117000051,3864,80,3784
117000052,117,223,-106
117000053,1112,29,1083
117000054,2259,10,2249
117000055,1,1384,-1383
117000056,953,31,922
117000057,450,1659,-1209
117000060,539,1339,-800
117000061,3458,1802,1656
117000062,228,996,-768
117000063,2758,1167,1591
117000064,571,597,-26
117000066,791,982,-191
117000067,157,817,-660
117000074,51,223,-172
117000076,63,44,19
117000077,291,175,116
117000078,188,617,-429
117000079,561,352,209
117000080,1,541,-540
117000081,1363,214,1149
117000082,17,71,-54
117000083,174,20,154
117000084,276,4,272
117000085,541,1231,-690
117000086,960,315,645
117000087,116,582,-466
117000088,381,219,162
117000089,2941,279,2662
117000090,429,837,-408
117000091,1833,257,1576
117000092,692,823,-131
117000093,2611,707,1904
117000094,1225,1393,-168
117000095,5087,786,4301
117000096,932,1557,-625
117000097,2853,1115,1738
117000098,1873,2499,-626
117000099,6796,1328,5468
117000100,279,505,-226
117000101,184,690,-506
117000102,3115,797,2318
117000103,598,1025,-427
117000104,2659,789,1870
117000105,697,963,-266
117000106,2797,703,2094
117000107,705,1142,-437
117000108,4024,1290,2734
117000109,969,1620,-651
117000110,2719,2466,253
117000111,4967,4482,485
117000112,4996,1849,3147
117000113,208,114,94
117000114,405,141,264
117000115,119,55,64
117000116,261,233,28
117000117,2251,1669,582
117000118,514,234,280
117000119,189,1019,-830
117000120,99,2840,-2741
117000121,40,1639,-1599
117000122,1180,2081,-901
117000123,3564,118,3446
117000124,114,257,-143
117000125,138,978,-840
117000126,45,36,9
117000127,131,772,-641
117000128,107,1968,-1861
117000129,268,1604,-1336
117000130,114,0,114
117000131,1,121,-120
117000132,5507,28,5479
117000133,3652,44,3608
117000134,0,223,-223
117000135,6,378,-372
117000136,0,59,-59
117000137,328,231,97
117000138,3,1176,-1173
117000140,509,1010,-501
117000141,3421,638,2783
117000181,414,169,245
117000182,2952,1601,1351
117000195,238,837,-599
117000196,446,236,210
117000225,83,399,-316
117000226,11,421,-410
117000276,532,44,488
117000277,0,160,-160
117000310,1420,2871,-1451
117000315,311,1008,-697
117000320,61,0,61
117000906,631,30,601
117000907,9,171,-162
117000908,1,443,-442
117000909,66,85,-19
117000910,338,206,132
117000911,67,123,-56
117000915,25,208,-183
117000916,137,20,117
117000917,2585,84,2501
117000918,271,71,200
117000919,48,46,2
117000920,1,954,-953
117000921,1,399,-398
117000922,37,83,-46
117000924,917,866,51
117000926,919,665,254
117000927,288,1108,-820
117000928,0,164,-164
117000929,585,168,417
117000930,731,19,712
117000931,106,230,-124
117900002,72,1046,-974
117900003,249,381,-132
117900005,6,304,-298
117900006,0,142,-142
117900007,185,95,90
117900008,0,22,-22
117900010,646,71,575
117900011,22,810,-788
117900012,142,75,67
117900013,5,144,-139
117900014,1052,172,880
117900015,22,58,-36
117900016,1071,1334,-263
117900017,1302,447,855
117900018,486,1544,-1058
117900019,1415,192,1223
117900020,70,450,-380
117900021,77,102,-25
117900022,48,13,35
117900023,3726,135,3591
117900024,82,60,22
117900025,31,2,29
117900026,851,153,698
117900028,29,19,10
117900029,569,498,71
117900030,747,428,319
117900031,213,772,-559
117900032,1178,785,393
117900033,847,461,386
117900034,115,34,81
117900035,247,123,124
117900036,674,207,467
117900037,278,82,196
117900038,42,96,-54
117900039,1,48,-47
117900040,226,193,33
117900041,2,46,-44
117900042,3121,445,2676
117900043,5,36,-31
117900044,124,6098,-5974
117900045,289,186,103
117900048,491,118,373
117900049,427,256,171
117900050,16,929,-913
117900051,41,32,9
117900052,135,888,-753
117900053,2423,226,2197
117900054,3,20,-17
117900055,2897,458,2439
117900056,47,209,-162
117900057,915,994,-79
117900058,41,172,-131
117900059,200,134,66
117900060,4005,2207,1798
117900061,26,651,-625
117900063,756,213,543
117900065,369,1053,-684
117900066,14,167,-153
117900067,1345,154,1191
117900069,1542,249,1293
117900070,50,318,-268
117900071,254,103,151
117900073,1074,286,788
117900074,54,709,-655
117900075,115,57,58
117900076,77,121,-44
117900077,955,157,798
117900078,654,875,-221
117900080,253,47,206
117900081,277,319,-42
117900082,859,482,377
117900083,811,327,484
117900086,280,53,227
117900087,274,37,237
117900088,1296,1510,-214
117900089,3291,769,2522
117900090,845,449,396
117900091,130,61,69
117900092,187,43,144
117900093,189,29,160
117900094,83,31,52
117900095,590,652,-62
117900096,223,465,-242
117900097,403,74,329
117900098,67,12,55
117900099,253,560,-307
117900100,848,9,839
117900101,914,3164,-2250
117900102,108,27,81
117900103,88,8,80
117900104,11,318,-307
117900105,82,147,-65
117900106,238,57,181
117900107,74,2,72
117900109,1271,367,904
117900110,225,2,223
117900111,814,66,748
117900112,96,11,85
117900113,1515,3354,-1839
117900114,49,0,49
117900115,64,341,-277
117900116,902,679,223
117900117,1186,160,1026
117900118,255,1,254
117900119,335,58,277
117900120,821,56,765
117900121,195,292,-97
117900122,1247,7587,-6340
117900123,1348,384,964
117900124,451,532,-81
117900125,1851,1816,35
117900126,171,409,-238
117900127,783,214,569
117900128,572,253,319
117900129,162,0,162
117900130,937,480,457
117900131,3,102,-99
117900132,10,97,-87
117900133,37,70,-33
117900134,61,282,-221
117900135,30,114,-84
117900136,0,14,-14
117900137,74,191,-117
117900138,0,9,-9
117900139,141,82,59
117900140,4468,821,3647
117900141,143,271,-128
117900142,17,562,-545
117900144,45,1947,-1902
117900145,16,187,-171
117900146,158,399,-241
117900147,119,111,8
117900148,4075,3678,397
117900149,163,111,52
117900150,82,147,-65
117900151,57,163,-106
117900152,85,196,-111
117900153,13,214,-201
117900154,806,543,263
117900156,566,733,-167
117900157,123,480,-357
117900158,595,137,458
117900160,1162,1020,142
117900161,1261,1342,-81
117900162,1272,593,679
117900163,27,851,-824
117900165,0,5,-5
117900166,76,661,-585
117900168,77,124,-47
117900169,1,61,-60
117900170,21,17,4
117900171,1,8,-7
117900172,33,8,25
117900173,72,197,-125
117900174,16,51,-35
117900175,10,18,-8
117900176,32,28,4
117900177,38,16,22
117900178,111,43,68
117900180,252,71,181
117900181,53,698,-645
117900182,1,63,-62
117900183,121,175,-54
117900184,48,76,-28
117900185,92,51,41
117900186,89,24,65
117900187,36,17,19
117900188,241,55,186
117900189,96,40,56
117900190,33,2,31
117900191,140,0,140
117900192,424,2,422
117900193,7,64,-57
117900194,13,2,11
117900195,4,148,-144
117900196,27,27,0
117900207,109,208,-99
117900208,35,40,-5
117900209,232,119,113
117900210,203,171,32
117900211,15,86,-71
117900212,203,197,6
117900213,106,8,98
117900214,6,23,-17
117900215,39,38,1
117900216,26,109,-83
117900217,63,441,-378
117900218,86,203,-117
117900219,4,252,-248
117900220,21,571,-550
117900222,335,130,205
117900223,147,398,-251
118000001,844,2250,-1406
118000002,526,1530,-1004
118000003,2310,5372,-3062
118000004,1435,4678,-3243
118000005,3929,5081,-1152
118000006,3302,6574,-3272
118000007,5570,10721,-5151
118000008,1344,5759,-4415
118000009,1770,3951,-2181
118000010,5138,5103,35
118000011,2526,2069,457
118000012,1232,1880,-648
118000013,2769,2263,506
118000014,1997,1352,645
118000016,430,310,120
118000017,1353,572,781
118000018,549,359,190
118000019,1398,2580,-1182
118000020,803,3775,-2972
118000021,646,4110,-3464
118000022,1165,1170,-5
118000023,489,424,65
118000024,640,1636,-996
118000027,9774,10623,-849
118000029,539,1102,-563
118000032,257,3305,-3048
118000033,2636,6738,-4102
118000034,3733,4917,-1184
118000035,2475,3270,-795
118000036,999,1507,-508
118000037,880,1733,-853
118000038,888,142,746
118000039,141,107,34
118000040,2034,1691,343
118000041,4122,1757,2365
118000045,314,275,39
118000046,1029,2135,-1106
118000047,581,3729,-3148
118000048,1571,4500,-2929
118000051,1037,5750,-4713
118000052,482,2619,-2137
118000053,399,1040,-641
118000054,3407,1038,2369
118000055,2785,1929,856
118000056,175,782,-607
118000057,209,400,-191
118000058,2191,5773,-3582
118000059,1653,3479,-1826
118000060,1635,781,854
118000061,1641,1328,313
118000062,513,416,97
118000063,496,1482,-986
118000064,800,1770,-970
118000065,1895,1935,-40
118000066,1781,4787,-3006
118000067,542,647,-105
118000068,991,10368,-9377
118000069,1438,1616,-178
118000070,6247,2997,3250
118000071,4542,11340,-6798
118000072,910,3627,-2717
118000073,546,1932,-1386
118000074,765,626,139
118000075,606,379,227
118000076,2142,6875,-4733
118000077,1314,2548,-1234
118000078,2276,4125,-1849
118000079,253,754,-501
118000080,683,1307,-624
118000081,1720,2621,-901
118000082,373,1693,-1320
118000083,1571,2581,-1010
118000084,2586,3320,-734
118000086,153,749,-596
118000087,4775,3224,1551
118000088,1339,2246,-907
118000089,4556,3574,982
118000090,1273,4090,-2817
118000091,1488,5673,-4185
118000092,1106,864,242
118000093,91,878,-787
118000096,650,1007,-357
118000097,640,962,-322
118000098,260,334,-74
118000099,1309,532,777
118000101,2564,488,2076
118000102,588,741,-153
118000107,3187,823,2364
118000108,839,4838,-3999
118000110,0,32,-32
118000111,4,123,-119
118000112,1104,3,1101
118000113,12,251,-239
118000114,1136,14,1122
118000115,10,9,1
118000116,28,1,27
118000117,727,1070,-343
118000118,1276,2365,-1089
118000119,1282,2360,-1078
118000120,1440,1621,-181
118000121,14,643,-629
118000122,754,430,324
118000123,51,328,-277
118000125,1098,1733,-635
118000126,698,2592,-1894
118000127,1475,1289,186
118000128,319,2532,-2213
118000129,1764,807,957
118000130,2264,2949,-685
118000131,301,724,-423
118000132,4354,3380,974
118000133,1581,787,794
118000135,751,1257,-506
118000136,188,932,-744
118000137,606,156,450
118000138,418,419,-1
118000139,586,100,486
118000140,4512,10550,-6038
118000141,3696,2015,1681
118000142,3414,1883,1531
118000143,4548,1915,2633
118000144,1013,538,475
118000145,1787,1286,501
118000146,1912,536,1376
118000147,1589,1137,452
118000148,870,1510,-640
118000149,1302,623,679
118000150,871,277,594
118000151,1370,436,934
118000153,2644,1239,1405
118000154,1836,1523,313
118000155,3971,1557,2414
118000156,3334,4391,-1057
118000157,976,483,493
118000158,319,593,-274
118000159,48,119,-71
118000160,1160,457,703
118000161,1049,404,645
118000162,1645,1126,519
118000163,1387,1238,149
118000164,2501,1911,590
118000168,607,1480,-873
118000169,1117,911,206
118000170,3508,2928,580
118000171,528,540,-12
118000172,140,187,-47
118000173,1157,2036,-879
118000175,435,475,-40
118000176,482,665,-183
118000177,575,898,-323
118000178,61,59,2
118000179,1085,1581,-496
118000180,1038,853,185
118000181,893,292,601
118000182,341,254,87
118000183,362,302,60
118000184,1708,580,1128
118000185,1038,2620,-1582
118000186,771,1860,-1089
118000187,3209,568,2641
118000188,1086,78,1008
118000189,1209,438,771
118000190,10,8,2
118000191,20,17,3
118000192,22,163,-141
118000193,16,266,-250
118000194,2052,879,1173
118000195,243,5382,-5139
118000196,198,670,-472
118000197,100,251,-151
118000198,454,1974,-1520
118000199,372,1231,-859
118000200,121,720,-599
118000201,239,1016,-777
118000202,90,358,-268
118000203,374,1296,-922
118000204,56,626,-570
118000205,92,281,-189
118000206,306,367,-61
118000207,0,57,-57
118000208,1769,1805,-36
118000209,3327,1124,2203
118000210,181,45,136
118000211,122,77,45
118000213,438,5349,-4911
118000214,448,1049,-601
118000215,540,99,441
118000216,7178,2004,5174
118000217,49,70,-21
118000218,126,69,57
118000219,360,288,72
118000220,15,38,-23
118000221,678,670,8
118000222,67,21,46
118000223,114,57,57
118000224,169,66,103
118000225,137,1587,-1450
118000226,1361,178,1183
118000227,980,488,492
118000228,88,551,-463
118000229,59,579,-520
118000230,206,182,24
118000231,65,332,-267
118000232,1198,416,782
118000233,1760,806,954
118000234,785,242,543
118000236,412,554,-142
118000237,194,297,-103
118000238,364,295,69
118000239,358,345,13
118000240,232,103,129
118000241,284,230,54
118000242,768,268,500
118000243,384,199,185
118000244,66,56,10
118000246,1,53,-52
118000255,83,365,-282
118000256,160,227,-67
118000259,15,82,-67
118000260,340,66,274
118000261,97,29,68
118000263,169,246,-77
118000266,220,282,-62
118000267,2,418,-416
118000268,272,12,260
118000270,138,16,122
118000271,258,199,59
118000272,79,51,28
118000273,402,51,351
118000274,121,253,-132
118000276,755,309,446
118000295,19,126,-107
118000298,209,164,45
118000299,75,86,-11
118000301,0,122,-122
118000302,148,54,94
118000311,1396,97,1299
118000312,542,105,437
118000313,139,103,36
118000314,229,45,184
118000315,98,20,78
118000316,1333,471,862
118000325,127,47,80
118000326,83,47,36
118000331,38,28,10
118000332,23,20,3
118000333,24,31,-7
118000335,762,2,760
118000336,0,107,-107
118000407,481,61,420
118000457,19,122,-103
118000465,806,3615,-2809
118000480,80,83,-3
118000489,10,792,-782
118000490,7,213,-206
118000492,597,261,336
118000510,45,39,6
118000514,89,926,-837
118000515,666,1305,-639
118000517,699,185,514
118000524,146,507,-361
118000525,640,835,-195
118000530,45,186,-141
118000531,714,246,468
118000532,392,234,158
118000533,319,127,192
118000534,875,362,513
118000535,471,124,347
118000536,124,743,-619
118000537,33,119,-86
118000538,22,100,-78
118000539,52,138,-86
118000540,215,217,-2
118000541,108,89,19
118000542,157,451,-294
118000543,216,335,-119
118000546,100,35,65
118000560,1387,3310,-1923
118000562,42,138,-96
118000563,1424,958,466
118000576,285,84,201
118000577,197,148,49
118000578,83,69,14
118000579,844,2467,-1623
118000595,354,119,235
118000596,1,694,-693
118000597,155,66,89
118000598,16,1,15
118000599,139,51,88
118000600,1,49,-48
118000601,30,0,30
118000602,0,8,-8
118000603,0,7,-7
118900001,586,1448,-862
118900002,823,1354,-531
118900003,777,9,768
118900004,72,41,31
118900005,84,10,74
118900006,293,8,285
118900007,1,1,0
118900008,1539,76,1463
118900009,81,111,-30
118900010,111,17,94
118900011,215,33,182
118900012,371,282,89
118900013,984,553,431
118900015,473,88,385
118900016,12,8,4
118900017,41,353,-312
118900018,1395,34,1361
118900019,19,11,8
118900020,60,259,-199
118900021,221,635,-414
118900022,196,48,148
118900023,110,199,-89
118900024,181,213,-32
118900025,59,42,17
118900026,75,36,39
118900027,510,179,331
118900028,280,131,149
118900029,260,569,-309
118900030,1012,85,927
118900031,236,45,191
118900032,264,58,206
118900033,371,806,-435
118900034,267,20,247
118900035,177,96,81
118900036,1544,589,955
118900037,319,685,-366
118900038,677,93,584
118900039,951,147,804
118900040,363,144,219
118900041,834,271,563
118900042,189,110,79
118900045,312,201,111
118900046,585,502,83
118900047,393,455,-62
118900048,127,842,-715
118900049,91,36,55
118900050,62,12,50
118900051,59,162,-103
118900052,297,604,-307
118900053,17,99,-82
118900054,241,35,206
118900055,214,22,192
118900056,34,447,-413
118900057,1223,693,530
118900058,490,556,-66
118900059,18,111,-93
118900060,81,69,12
118900062,294,131,163
118900064,248,733,-485
118900065,60,134,-74
118900066,117,85,32
118900067,3137,6027,-2890
118900068,25,365,-340
118900069,787,236,551
118900071,4,23,-19
118900072,865,604,261
118900073,388,130,258
118900074,321,101,220
118900075,156,26,130
118900076,293,272,21
118900077,387,183,204
118900078,4,1,3
118900079,83,148,-65
118900080,97,77,20
118900081,92,85,7
118900082,2137,284,1853
118900083,39,11,28
118900084,22,29,-7
118900085,685,486,199
118900086,72,161,-89
118900087,90,713,-623
118900088,0,3,-3
118900089,21,24,-3
118900090,709,248,461
118900091,77,337,-260
118900092,537,77,460
118900093,105,23,82
118900096,51,62,-11
118900097,395,659,-264
118900099,86,213,-127
118900100,105,355,-250
118900101,332,226,106
118900102,33,119,-86
118900103,47,276,-229
118900104,336,118,218
118900105,306,101,205
118900107,150,44,106
118900108,193,118,75
118900110,1310,1301,9
118900111,1103,375,728
118900112,216,309,-93
118900113,126,285,-159
118900114,10,246,-236
118900115,145,588,-443
118900116,84,196,-112
118900117,137,138,-1
118900118,486,250,236
118900119,237,193,44
118900120,161,441,-280
118900121,55,127,-72
118900122,14,1409,-1395
118900123,231,338,-107
118900124,179,177,2
118900126,60,525,-465
118900129,448,288,160
118900130,20,257,-237
118900131,530,192,338
118900132,448,249,199
118900133,9,194,-185
118900135,362,175,187
118900136,400,310,90
118900137,23,92,-69
118900139,375,142,233
118900140,745,441,304
118900141,200,69,131
118900144,200,226,-26
118900145,31,112,-81
118900146,596,567,29
118900147,131,535,-404
118900148,123,66,57
118900150,119,782,-663
118900152,733,593,140
118900157,52,264,-212
118900158,117,21,96
118900159,0,102,-102
118900161,55,18,37
118900163,109,99,10
118900164,1,50,-49
118900165,149,68,81
118900166,15,0,15
118900167,157,72,85
118900168,20,250,-230
118900169,212,135,77
118900170,373,43,330
118900171,79,43,36
118900174,132,61,71
118900175,988,637,351
118900176,296,321,-25
118900177,153,25,128
118900178,113,132,-19
118900179,15,24,-9
118900181,167,93,74
118900182,32,113,-81
118900183,15,213,-198
118900184,370,139,231
118900185,198,75,123
118900186,95,170,-75
118900187,177,508,-331
118900188,330,320,10
118900189,60,1031,-971
118900190,95,196,-101
118900191,463,25,438
118900192,406,9,397
118900193,1161,5,1156
118900195,177,493,-316
118900196,75,203,-128
118900197,445,18,427
118900198,30,3,27
118900199,156,15,141
118900200,40,33,7
118900201,61,64,-3
118900202,11,58,-47
118900203,45,1,44
118900204,34,9,25
118900205,1,2,-1
118900206,9,7,2
119000001,2006,3806,-1800
119000002,4734,7062,-2328
119000003,4988,955,4033
119000004,3520,2422,1098
119000005,2893,3421,-528
119000006,4721,2021,2700
119000007,5371,4787,584
119000008,2461,1815,646
119000009,4032,8558,-4526
119000010,4728,4934,-206
119000011,2667,3828,-1161
119000012,1313,3878,-2565
119000013,4237,2852,1385
119000014,1706,2737,-1031
119000019,377,249,128
119000020,3590,2574,1016
119000021,8487,5176,3311
119000022,1572,6134,-4562
119000023,276,284,-8
119000024,2840,23699,-20859
119000025,4245,1316,2929
119000026,61,878,-817
119000027,196,552,-356
119000028,2210,625,1585
119000029,78,423,-345
119000030,718,952,-234
119000031,1229,661,568
119000032,3532,2539,993
119000033,2725,1209,1516
119000034,1847,799,1048
119000035,49,234,-185
119000036,3420,500,2920
119000037,2109,848,1261
119000038,305,376,-71
119000039,878,518,360
119000040,1134,1177,-43
119000041,868,1775,-907
119000048,2529,1907,622
119000049,3659,1658,2001
119000050,1568,1491,77
119000051,2880,1176,1704
119000052,3516,3080,436
119000053,2508,1315,1193
119000054,4422,1778,2644
119000055,7986,2702,5284
119000056,5091,2045,3046
119000057,2486,1271,1215
119000058,2312,1255,1057
119000059,1276,1312,-36
119000060,2377,1132,1245
119000061,1373,744,629
119000062,1490,1225,265
119000063,860,630,230
119000064,1027,1182,-155
119000065,1640,4278,-2638
119000066,2667,1457,1210
119000067,2310,1526,784
119000068,2501,1109,1392
119000069,2423,1872,551
119000070,4302,741,3561
119000071,703,662,41
119000072,6269,3845,2424
119000073,4753,12667,-7914
119000074,2112,1582,530
119000075,5194,2669,2525
119000076,250,2033,-1783
119000077,692,1160,-468
119000078,612,509,103
119000079,157,1169,-1012
119000080,967,294,673
119000081,401,1124,-723
119000082,1237,336,901
119000083,1028,535,493
119000084,390,519,-129
119000085,1023,133,890
119000086,428,832,-404
119000087,996,391,605
119000088,362,179,183
119000089,138,233,-95
119000090,194,91,103
119000091,129,318,-189
119000092,640,148,492
119000093,4267,2566,1701
119000094,5103,6578,-1475
119000095,3034,4114,-1080
119000097,1958,1123,835
119000098,1633,5635,-4002
119000099,2824,1193,1631
119000100,6100,3820,2280
119000101,4390,2194,2196
119000102,650,1919,-1269
119000103,1132,995,137
119000104,1487,997,490
119000105,1161,4024,-2863
119000106,553,679,-126
119000107,1729,740,989
119000108,772,526,246
119000109,181,1607,-1426
119000110,444,1445,-1001
119000111,29,1437,-1408
119000112,248,329,-81
119000113,1477,543,934
119000114,2311,1756,555
119000115,217,234,-17
119000116,130,192,-62
119000117,194,548,-354
119000118,7,0,7
119000123,3157,4476,-1319
119000124,1329,174,1155
119000125,6693,557,6136
119000126,1414,367,1047
119000127,1217,344,873
119000128,15,0,15
119000131,1458,235,1223
119000132,3,4,-1
119000133,1,11,-10
119000134,1456,666,790
119000135,273,377,-104
119000136,497,99,398
119000137,420,160,260
119000138,1214,94,1120
119000139,316,91,225
119000140,567,458,109
119000284,1133,2331,-1198
119000285,1910,1467,443
119000286,4350,3302,1048
119000287,1488,1629,-141
119000288,2436,997,1439
119000289,1396,2987,-1591
119000290,313,273,40
119000291,66,222,-156
119000293,195,240,-45
119000294,97,55,42
119000295,1491,230,1261
119000296,333,164,169
119000302,1731,1414,317
119000303,19,344,-325
119000314,1766,16935,-15169
119000315,28,113,-85
119000316,312,90,222
119000317,190,80,110
119900001,165,2125,-1960
119900002,354,302,52
119900003,34,440,-406
119900004,157,2989,-2832
119900005,412,78,334
119900006,197,576,-379
119900007,933,344,589
119900008,27,45,-18
119900009,632,479,153
119900010,868,1636,-768
119900011,31,425,-394
119900012,36,242,-206
119900013,2361,2297,64
119900014,663,366,297
119900015,393,72,321
119900016,90,75,15
119900017,48,53,-5
119900018,1193,1642,-449
119900019,78,17,61
119900020,138,174,-36
119900021,339,99,240
119900022,152,1570,-1418
119900023,509,3768,-3259
119900025,584,29,555
119900026,601,188,413
119900027,23,20,3
119900028,309,223,86
119900029,2,7,-5
119900030,752,388,364
119900031,141,1046,-905
119900033,1780,386,1394
119900034,1158,56,1102
119900037,229,7,222
119900038,102,720,-618
119900039,50,57,-7
119900040,214,28,186
119900041,336,21,315
119900042,101,113,-12
119900043,158,214,-56
119900044,265,1323,-1058
119900046,293,14,279
119900047,538,241,297
119900048,68,16,52
119900049,257,2,255
119900050,355,322,33
119900051,1225,23,1202
119900052,146,29,117
119900053,497,128,369
119900054,421,16,405
119900055,2031,501,1530
119900057,415,29,386
119900058,648,7,641
119900059,111,43,68
119900060,482,89,393
119900062,154,12,142
119900063,5,91,-86
119900064,996,137,859
119900065,298,10,288
119900066,6,1,5
119900067,177,25,152
119900068,1018,1,1017
119900069,198,35,163
119900070,1652,6,1646
119900071,1463,80,1383
119900073,1116,441,675
119900074,21,86,-65
119900075,1815,2018,-203
119900076,1597,242,1355
119900077,1590,379,1211
119900078,1087,681,406
119900079,923,105,818
119900080,2190,873,1317
119900081,830,12,818
119900082,2602,326,2276
119900083,438,104,334
119900084,686,549,137
119900085,52,38,14
119900087,502,1080,-578
119900088,38,27,11
119900089,113,181,-68
119900090,78,33,45
119900091,83,194,-111
119900092,48,271,-223
119900093,2373,297,2076
119900094,42,155,-113
119900095,181,94,87
119900096,31,120,-89
119900097,213,197,16
119900098,91,54,37
119900099,27,167,-140
119900100,697,3355,-2658
119900101,169,2626,-2457
119900102,81,160,-79
119900103,102,150,-48
119900104,53,126,-73
119900105,1033,7440,-6407
119900106,10,85,-75
119900107,235,1238,-1003
119900108,6279,714,5565
119900109,37,120,-83
119900110,1161,366,795
119900111,208,92,116
119900112,682,895,-213
119900113,82,188,-106
119900114,405,533,-128
119900115,701,422,279
119900116,171,501,-330
119900117,579,315,264
119900118,223,274,-51
119900119,516,143,373
119900120,575,407,168
119900121,768,395,373
119900122,124,180,-56
119900123,185,427,-242
119900124,321,374,-53
119900125,47,253,-206
119900126,4018,271,3747
119900127,875,549,326
119900128,635,312,323
119900129,541,228,313
119900130,20,140,-120
119900131,35,97,-62
119900132,5,93,-88
119900133,251,127,124
119900134,737,114,623
119900135,0,201,-201
119900136,126,263,-137
119900138,211,369,-158
119900139,21,104,-83
119900140,5,156,-151
119900141,56,1304,-1248
119900142,25,45,-20
119900143,33,435,-402
119900144,1163,248,915
119900145,130,133,-3
119900146,159,170,-11
119900147,8,243,-235
119900148,577,54,523
119900149,562,7697,-7135
119900150,136,124,12
119900151,2375,978,1397
119900152,299,155,144
119900153,377,87,290
119900154,7,112,-105
119900155,72,40,32
119900156,12,12,0
119900157,306,164,142
119900158,380,92,288
119900159,7,364,-357
119900160,70,79,-9
119900161,163,131,32
119900162,1531,992,539
119900163,60,138,-78
119900164,1,5,-4
119900165,299,93,206
119900166,145,60,85
119900167,24,79,-55
119900168,1740,432,1308
119900169,49,359,-310
119900170,126,325,-199
119900171,1083,346,737
119900172,99,49,50
119900173,7,144,-137
119900174,1,154,-153
119900175,2459,415,2044
119900177,27,108,-81
119900178,15,88,-73
119900179,285,1223,-938
119900180,1573,981,592
119900181,26,141,-115
119900182,4,139,-135
119900183,128,580,-452
119900184,808,334,474
119900185,102,356,-254
119900186,16,2043,-2027
119900187,16,209,-193
119900188,218,312,-94
119900189,204,379,-175
119900190,131,476,-345
119900191,204,617,-413
119900192,98,159,-61
119900193,770,138,632
119900194,53,83,-30
119900195,77,148,-71
119900196,370,180,190
119900197,556,264,292
119900198,239,323,-84
119900199,200,51,149
119900200,929,546,383
119900201,263,158,105
119900202,121,449,-328
119900203,215,782,-567
119900204,479,323,156
119900205,1518,299,1219
119900206,488,99,389
119900208,180,205,-25
119900209,813,2656,-1843
119900210,79,33,46
119900211,103,16,87
119900212,570,319,251
119900213,13,66,-53
119900214,113,29,84
119900215,113,30,83
119900216,34,24,10
119900217,24,27,-3
119900218,7,164,-157
119900219,18,66,-48
119900220,9,22,-13
119900221,112,98,14
119900222,47,70,-23
119900223,18,27,-9
119900224,36,18,18
119900225,341,46,295
119900226,275,2485,-2210
119900227,420,318,102
119900228,21,200,-179
119900229,179,322,-143
119900230,1113,342,771
119900231,465,121,344
119900232,260,150,110
119900233,125,16,109
119900234,11,184,-173
119900235,12,68,-56
119900236,35,148,-113
119900237,88,841,-753
119900238,4,82,-78
119900240,117,89,28
119900241,234,144,90
119900242,2027,1831,196
119900244,672,1119,-447
119900245,290,264,26
119900246,253,797,-544
119900247,35,125,-90
119900248,52,541,-489
119900249,499,166,333
119900253,1255,375,880
119900254,100,1668,-1568
119900255,194,1624,-1430
119900256,1559,376,1183
119900257,171,5,166
119900258,457,31,426
119900259,41,72,-31
119900260,414,33,381
119900261,677,217,460
119900262,2,118,-116
119900263,1915,299,1616
119900264,238,70,168
119900265,1242,215,1027
119900266,587,214,373
119900267,200,311,-111
119900268,250,111,139
119900269,3372,621,2751
119900271,52,120,-68
119900272,310,623,-313
119900275,216,37,179
119900276,144,6,138
119900277,27,6,21
119900278,397,162,235
119900279,146,483,-337
119900280,578,117,461
119900281,2,466,-464
119900282,53,199,-146
119900283,60,94,-34
119900284,90,140,-50
119900285,5,161,-156
119900286,0,26,-26
119900288,11,9,2
119900289,0,6,-6
119900290,8,0,8
119900291,1,94,-93
119900292,55,45,10
119900293,60,6,54
119900294,43,0,43
119900295,2,0,2
119900296,18,9,9
119900299,110,108,2
119900300,376,230,146
119900301,114,177,-63
119900302,92,233,-141
119900303,463,144,319
119900304,365,9,356
119900305,10,78,-68
119900306,36,3,33
119900307,85,47,38
119900308,9,16,-7
119900309,64,348,-284
119900310,359,309,50
119900311,226,45,181
119900312,310,98,212
119900313,359,215,144
119900314,384,507,-123
119900315,3256,1095,2161
119900318,28,83,-55
119900319,32,162,-130
119900320,411,360,51
119900321,287,27,260
119900322,12,63,-51
119900323,3,102,-99
119900324,1,23,-22
119900325,172,70,102
119900326,26,42,-16
120000001,10724,34993,-24269
120000002,2998,2763,235
120000003,2673,1494,1179
120000004,3110,1295,1815
120000005,2647,1558,1089
120000006,1526,1053,473
120000007,2927,5604,-2677
120000008,1097,1227,-130
120000009,1655,951,704
120000010,2687,2523,164
120000011,1295,1464,-169
120000012,2212,2185,27
120000013,4612,2945,1667
120000014,924,1496,-572
120000015,3407,1712,1695
120000016,5765,2617,3148
120000017,5837,4939,898
120000018,3915,22245,-18330
120000019,1371,2184,-813
120000020,3389,4923,-1534
120000021,2547,2834,-287
120000022,3148,4608,-1460
120000023,1948,2085,-137
120000024,1518,2828,-1310
120000025,3962,1968,1994
120000026,4574,2403,2171
120000027,3584,2946,638
120000028,1499,5027,-3528
120000029,1213,4972,-3759
120000030,267,1211,-944
120000031,2825,6493,-3668
120000032,5268,3302,1966
120000033,5391,1711,3680
120000034,3912,1284,2628
120000035,4669,2318,2351
120000036,4957,7063,-2106
120000037,797,2447,-1650
120000038,8136,4052,4084
120000039,1141,1225,-84
120000040,116,2065,-1949
120000041,702,1601,-899
120000042,2484,1343,1141
120000043,6392,999,5393
120000044,8555,1761,6794
120000045,11251,1105,10146
120000046,6967,4911,2056
120000047,572,13866,-13294
120000048,8788,5308,3480
120000049,4913,3918,995
120000050,4428,5156,-728
120000051,2982,5030,-2048
120000052,8091,1420,6671
120000053,1707,1642,65
120000054,1785,2636,-851
120000055,2040,3154,-1114
120000056,6844,4395,2449
120000057,6280,2084,4196
120000058,1589,3132,-1543
120000059,19,2307,-2288
120000061,148,686,-538
120000062,198,472,-274
120000063,958,1894,-936
120000064,461,711,-250
120000065,557,1002,-445
120000066,411,548,-137
120000067,34,387,-353
120000068,292,340,-48
120000069,908,443,465
120000070,209,437,-228
120000071,1166,66,1100
120000072,1495,476,1019
120000073,1415,99,1316
120000074,156,204,-48
120000075,1720,747,973
120000076,3794,548,3246
120000077,3618,893,2725
120000078,3563,1536,2027
120000079,460,203,257
120000080,244,325,-81
120000081,525,173,352
120000082,412,291,121
120000083,103,1070,-967
120000084,392,463,-71
120000085,301,487,-186
120000086,281,318,-37
120000087,422,282,140
120000088,999,968,31
120000089,1593,442,1151
120000090,1348,451,897
120000091,1730,854,876
120000092,1747,606,1141
120000093,1336,715,621
120000094,467,1183,-716
120000095,1263,378,885
120000096,489,428,61
120000098,1448,471,977
120000099,614,557,57
120000100,1104,763,341
120000101,1051,629,422
120000102,1310,1492,-182
120000103,2169,1354,815
120000104,3325,625,2700
120000105,4651,674,3977
120000106,4514,679,3835
120000107,8638,685,7953
120000108,3138,171,2967
120000109,1910,77,1833
120000110,65,769,-704
120000111,182,646,-464
120000112,775,1511,-736
120000113,664,1128,-464
120000114,661,1394,-733
120000115,385,1369,-984
120000116,629,1274,-645
120000117,588,1056,-468
120000118,61,64,-3
120000119,23,52,-29
120000120,230,238,-8
120000121,23,44,-21
120000122,254,1070,-816
120000123,2805,12961,-10156
120000124,696,601,95
120000125,1475,528,947
120000126,496,2042,-1546
120000127,1371,2470,-1099
120000128,2546,6579,-4033
120000129,201,270,-69
120000130,1322,639,683
120000131,774,856,-82
120000134,458,340,118
120000135,1660,732,928
120000137,393,293,100
120000138,2844,212,2632
120000139,404,234,170
120000140,1917,211,1706
120000141,507,462,45
120000142,1386,421,965
120000143,2,71,-69
120000144,244,11,233
120000145,1029,7,1022
120000146,1145,1986,-841
120000149,723,771,-48
120000150,2408,14171,-11763
120000151,658,454,204
120000152,1417,121,1296
120000153,970,536,434
120000154,1052,833,219
120000155,274,530,-256
120000156,472,3035,-2563
120000157,1279,545,734
120000158,1587,722,865
120000159,2079,2018,61
120000160,3062,2312,750
120000161,4373,2858,1515
120000162,222,398,-176
120000163,1357,684,673
120000164,1252,228,1024
120000165,1188,464,724
120000166,2040,340,1700
120000167,630,732,-102
120000168,48,2315,-2267
120000169,163,4611,-4448
120000170,48,4477,-4429
120000171,32,1522,-1490
120000172,36,863,-827
120000173,397,5178,-4781
120000174,78,113,-35
120000175,51,160,-109
120000176,74,99,-25
120000177,969,209,760
120000178,15,65,-50
120000179,56,138,-82
120000180,131,247,-116
120000181,300,4666,-4366
120000182,138,1998,-1860
120000183,8,1506,-1498
120000184,350,3205,-2855
120000186,61,2128,-2067
120000187,32,1102,-1070
120000188,53,1846,-1793
120000190,101,179,-78
120000191,124,185,-61
120000192,173,37,136
120000193,66,10,56
120000195,37,9,28
120000196,67,32,35
120000197,17,27,-10
120000198,480,27,453
120000199,604,0,604
120000200,436,4,432
120000201,78,97,-19
120000202,14,71,-57
120000203,198,119,79
120000207,1,38,-37
120000208,26,91,-65
120000209,11,45,-34
120000210,74,64,10
120000211,485,4,481
120000212,427,0,427
120000213,437,128,309
120000214,0,116,-116
120000215,3,100,-97
120000216,351,36,315
120000217,357,982,-625
120000218,70,430,-360
120000219,7,314,-307
120000220,3,812,-809
120000225,3707,4,3703
120000226,816,14,802
120000227,1413,241,1172
120000228,17426,5829,11597
120000230,775,55,720
120000231,2827,964,1863
120000233,805,10,795
120000235,472,372,100
120000236,2127,2,2125
120000237,1,617,-616
120000238,3,1803,-1800
120000241,1676,5784,-4108
120000412,296,5,291
120000413,766,110,656
120000414,427,1,426
120000415,5,29,-24
120000416,197,1,196
120000417,3,51,-48
120000418,468,19,449
120000419,16,138,-122
120000420,46,26,20
120000421,7816,4618,3198
120000422,146,3282,-3136
120000423,4,115,-111
120000424,402,89,313
120000436,143,1445,-1302
120000437,65,132,-67
120000438,1828,325,1503
120000439,315,999,-684
120000443,164,1,163
120000444,2382,366,2016
120000445,3047,1378,1669
120000446,1555,233,1322
120000447,485,2,483
120000449,313,7,306
120000450,7,92,-85
120000451,249,161,88
120000452,507,3,504
120000453,0,60,-60
120000454,55,102,-47
120000455,149,51,98
120000456,4796,6576,-1780
120000457,576,502,74
120000458,558,534,24
120000459,256,114,142
120000665,281,450,-169
120000668,165,7588,-7423
120000669,296,141,155
120000670,105,3460,-3355
120000671,3620,1069,2551
120000672,76,458,-382
120900001,107,87,20
120900002,180,1118,-938
120900003,277,24,253
120900004,22,303,-281
120900005,38,544,-506
120900006,1138,356,782
120900007,386,94,292
120900008,809,647,162
120900009,601,39,562
120900010,1053,294,759
120900011,80,380,-300
120900012,65,1913,-1848
120900013,580,177,403
120900014,22,426,-404
120900015,1297,152,1145
120900016,2461,124,2337
120900017,2323,47,2276
120900018,288,298,-10
120900019,764,737,27
120900020,688,1433,-745
120900021,957,267,690
120900022,19,296,-277
120900023,555,44,511
120900024,2163,526,1637
120900025,1239,1307,-68
120900026,177,256,-79
120900027,869,40,829
120900028,915,278,637
120900029,84,1378,-1294
120900030,3654,1064,2590
120900031,568,167,401
120900032,2103,95,2008
120900033,2041,151,1890
120900034,25,4903,-4878
120900035,131,164,-33
120900037,568,26,542
120900038,206,769,-563
120900039,196,96,100
120900040,778,8,770
120900041,45,24,21
120900042,1249,48,1201
120900043,142,61,81
120900044,12,663,-651
120900045,108,60,48
120900046,1088,7,1081
120900047,343,309,34
120900048,404,69,335
120900049,1107,0,1107
120900050,1284,3568,-2284
120900051,616,141,475
120900052,1370,13,1357
120900053,832,49,783
120900054,1113,323,790
120900055,1007,5,1002
120900056,1562,78,1484
120900057,499,50,449
120900058,1108,3,1105
120900059,291,7,284
120900060,115,33,82
120900061,370,166,204
120900062,667,3,664
120900063,1764,13,1751
120900064,1308,3,1305
120900065,1304,5,1299
120900066,1045,234,811
120900067,417,152,265
120900068,657,0,657
120900069,725,20,705
120900071,45,5,40
120900072,1917,10,1907
120900073,1625,43,1582
120900074,1655,35,1620
120900076,742,1,741
120900077,1654,488,1166
120900078,1465,443,1022
120900079,2013,60,1953
120900080,1814,479,1335
120900081,2305,307,1998
120900082,362,696,-334
120900083,131,3,128
120900084,818,849,-31
120900085,72,127,-55
120900086,95,930,-835
120900087,752,477,275
120900088,325,1140,-815
120900089,1747,5147,-3400
120900090,447,21,426
120900091,533,1190,-657
120900092,414,295,119
120900093,1171,155,1016
120900094,237,211,26
120900095,396,26,370
120900096,116,250,-134
120900097,816,508,308
120900098,96,217,-121
120900099,106,65,41
120900100,106,229,-123
120900101,191,169,22
120900102,107,87,20
120900103,174,353,-179
120900104,11,73,-62
120900105,61,252,-191
120900106,549,225,324
120900107,126,144,-18
120900108,27,270,-243
120900109,51,301,-250
120900110,27,238,-211
120900111,212,279,-67
120900112,57,267,-210
120900113,37,342,-305
120900114,69,160,-91
120900115,206,332,-126
120900116,878,193,685
120900117,14,152,-138
120900118,38,290,-252
120900119,16359,3433,12926
120900120,97,419,-322
120900121,41,374,-333
120900122,1421,222,1199
120900123,7,159,-152
120900124,2,211,-209
120900125,8,411,-403
120900126,610,688,-78
120900127,33,175,-142
120900128,495,819,-324
120900129,20,179,-159
120900130,20,237,-217
120900131,250,205,45
120900132,1928,163,1765
120900133,30,349,-319
120900134,202,216,-14
120900135,3,232,-229
120900136,89,255,-166
120900137,649,127,522
120900138,26,177,-151
120900139,2,305,-303
120900140,6,241,-235
120900141,558,204,354
120900142,3,105,-102
120900143,0,301,-301
120900144,0,48,-48
120900145,241,420,-179
120900146,0,263,-263
120900147,2,316,-314
120900148,232,111,121
120900149,0,116,-116
120900150,170,244,-74
120900151,0,184,-184
120900152,31,8,23
120900153,0,0,0
120900154,0,115,-115
120900155,336,279,57
120900156,163,154,9
120900157,0,1,-1
120900158,107,164,-57
120900159,5,34,-29
120900160,55,468,-413
120900161,225,454,-229
120900162,58,1194,-1136
120900163,437,4537,-4100
120900164,1,102,-101
120900165,1,406,-405
120900166,69,1201,-1132
120900167,256,106,150
120900169,185,177,8
120900170,341,6256,-5915
120900171,390,188,202
120900172,152,5057,-4905
120900173,1,28,-27
120900174,14,126,-112
120900175,218,119,99
120900176,26,558,-532
120900177,5,2683,-2678
120900178,1,836,-835
120900179,308,312,-4
120900180,61,295,-234
120900181,57,51,6
120900182,46,142,-96
120900183,863,83,780
120900184,289,98,191
120900185,1829,1683,146
120900186,2,145,-143
120900187,894,1051,-157
120900188,485,18,467
120900189,148,5145,-4997
120900190,271,7,264
120900191,113,18,95
120900192,5108,19457,-14349
120900194,192,198,-6
120900195,101,204,-103
120900196,652,59,593
120900197,1109,257,852
120900198,237,344,-107
120900199,533,593,-60
120900200,56,149,-93
120900201,281,109,172
120900202,3,92,-89
120900203,48,139,-91
120900204,83,221,-138
120900205,84,45,39
120900206,95,70,25
120900207,73,820,-747
121000001,733,2299,-1566
121000002,3041,2828,213
121000003,5538,2354,3184
121000004,2804,4169,-1365
121000005,2139,3018,-879
121000006,4337,3954,383
121000007,2521,8007,-5486
121000008,4808,7629,-2821
121000009,4769,10274,-5505
121000010,7894,8945,-1051
121000011,7757,13275,-5518
121000012,15053,9124,5929
121000013,7448,8243,-795
121000014,6968,5866,1102
121000015,6006,10557,-4551
121000016,4891,5089,-198
121000017,3137,2304,833
121000018,4719,2471,2248
121000019,9126,8921,205
121000020,12234,18222,-5988
121000021,2459,2064,395
121000022,3319,4312,-993
121000023,2984,1292,1692
121000024,5789,5862,-73
121000025,473,1708,-1235
121000026,531,200,331
121000027,2046,1750,296
121000028,1284,1040,244
121000029,1195,727,468
121000030,880,507,373
121000031,592,999,-407
121000032,245,205,40
121000034,466,533,-67
121000035,231,298,-67
121000036,1238,1518,-280
121000037,773,2073,-1300
121000038,478,1358,-880
121000039,236,447,-211
121000041,642,734,-92
121000042,263,489,-226
121000043,575,864,-289
121000044,1534,1596,-62
121000045,613,273,340
121000046,1205,1110,95
121000047,58,113,-55
121000049,1211,905,306
121000050,346,2787,-2441
121000051,809,426,383
121000052,756,1729,-973
121000053,409,226,183
121000054,70,663,-593
121000055,990,4286,-3296
121000056,1302,1728,-426
121000057,236,885,-649
121000058,298,302,-4
121000059,4311,1755,2556
121000060,664,1656,-992
121000061,87,543,-456
121000062,244,1038,-794
121000063,978,1539,-561
121000064,1064,1510,-446
121000065,222,1287,-1065
121000066,744,1826,-1082
121000067,471,1104,-633
121000068,579,795,-216
121000069,182,2009,-1827
121000070,1816,1897,-81
121000071,2162,2563,-401
121000072,1314,1452,-138
121000073,1293,2270,-977
121000074,98,370,-272
121000075,30,195,-165
121000076,486,463,23
121000077,217,269,-52
121000078,85,302,-217
121000080,2906,859,2047
121000081,5216,5352,-136
121000082,128,557,-429
121000083,101,191,-90
121000084,199,323,-124
121000085,565,632,-67
121000086,1388,722,666
121000087,113,325,-212
121000088,992,825,167
121000089,201,934,-733
121000090,260,655,-395
121000091,1409,1151,258
121000092,350,67,283
121000093,397,282,115
121000094,440,1335,-895
121000095,205,1614,-1409
121000096,6770,3576,3194
121000097,532,3696,-3164
121000098,835,580,255
121000099,1159,727,432
121000100,1228,159,1069
121000101,596,229,367
121000102,402,148,254
121000103,286,132,154
121000104,364,57,307
121000105,525,131,394
121000106,454,235,219
121000107,2349,3543,-1194
121000109,1456,976,480
121000110,238,856,-618
121000114,5766,3003,2763
121000115,5567,1118,4449
121000116,434,1785,-1351
121000117,392,372,20
121000118,2000,365,1635
121000119,481,343,138
121000120,726,373,353
121000121,617,2190,-1573
121000123,1244,642,602
121000126,68,575,-507
121000127,218,161,57
121000128,1426,212,1214
121000129,1247,332,915
121000130,808,588,220
121000131,1365,1234,131
121000132,922,1613,-691
121000135,444,795,-351
121000136,1082,1816,-734
121000137,1016,521,495
121000138,742,2280,-1538
121000139,355,841,-486
121000141,345,317,28
121000142,712,841,-129
121000143,182,25,157
121000144,570,1286,-716
121000145,822,1111,-289
121000146,1355,2032,-677
121000147,1395,996,399
121000148,1177,1084,93
121000149,2993,3555,-562
121000152,453,485,-32
121000153,1866,646,1220
121000154,2075,836,1239
121000155,3381,1545,1836
121000156,534,1580,-1046
121000157,1001,1921,-920
121000158,288,395,-107
121000159,301,473,-172
121000160,451,510,-59
121000161,383,473,-90
121000162,249,146,103
121000165,1717,2658,-941
121000166,24,544,-520
121000168,637,259,378
121000169,118,171,-53
121000170,394,111,283
121000171,77,276,-199
121000172,1317,1455,-138
121000173,2178,2270,-92
121000174,901,1082,-181
121000175,2522,756,1766
121000176,576,414,162
121000177,973,781,192
121000178,83,143,-60
121000179,56,104,-48
121000181,518,456,62
121000182,236,552,-316
121000183,186,283,-97
121000184,53,383,-330
121000185,53,581,-528
121000186,431,1120,-689
121000187,409,115,294
121000188,457,111,346
121000192,1060,663,397
121000193,1004,480,524
121000194,2173,2499,-326
121000195,329,1740,-1411
121000196,885,560,325
121000197,153,2591,-2438
121000198,204,443,-239
121000199,194,487,-293
121000200,910,364,546
121000201,12,317,-305
121000202,853,364,489
121000203,962,2344,-1382
121000204,4541,1045,3496
121000205,135,419,-284
121000206,137,148,-11
121000207,2862,850,2012
121000208,6,238,-232
121000209,942,84,858
121000210,1101,319,782
121000211,565,197,368
121000212,668,549,119
121000213,22556,4184,18372
121000214,1307,2962,-1655
121000215,1070,3200,-2130
121000216,714,979,-265
121000217,4487,4740,-253
121000218,551,2801,-2250
121000219,2037,1209,828
121000220,208,105,103
121000221,219,804,-585
121000222,4477,4291,186
121000223,229,1279,-1050
121000224,124,841,-717
121000225,712,5172,-4460
121000226,1243,2127,-884
121000227,32,168,-136
121000228,31,835,-804
121000229,740,741,-1
121000230,41,3152,-3111
121000231,2032,40,1992
121000232,858,472,386
121000233,741,449,292
121000234,19,111,-92
121000235,68,98,-30
121000236,3,113,-110
121000237,17,37,-20
121000238,26,133,-107
121000239,106,11,95
121000240,10,147,-137
121000241,124,14,110
121000242,53,705,-652
121000243,231,77,154
121000244,4,96,-92
121000245,36,24,12
121000246,0,168,-168
121000247,227,10,217
121000248,571,1519,-948
121000249,68,351,-283
121000250,772,462,310
121000251,35,304,-269
121000252,188,172,16
121000253,502,494,8
121000254,1169,203,966
121000255,200,355,-155
121000256,357,331,26
121000257,26,166,-140
121000258,70,190,-120
121000259,35,112,-77
121000260,43,118,-75
121000261,118,148,-30
121000262,2641,598,2043
121000263,633,529,104
121000271,1724,2356,-632
121000273,29,7,22
121000274,45,110,-65
121000275,3,25,-22
121000276,19,52,-33
121000278,77,37,40
121000279,33,64,-31
121000280,63,45,18
121000289,558,25,533
121000290,2315,2233,82
121000294,371,32,339
121000297,430,1422,-992
121000299,124,2158,-2034
121000300,2311,1273,1038
121000302,15,908,-893
121000303,684,329,355
121000304,683,143,540
121000305,355,166,189
121000306,340,380,-40
121000308,130,392,-262
121000309,320,567,-247
121000310,132,352,-220
121000311,94,503,-409
121000312,727,683,44
121000313,384,364,20
121000314,56,61,-5
121000315,28,79,-51
121000530,2589,2583,6
121000531,2271,1869,402
121000532,7339,9103,-1764
121000533,4412,5123,-711
121000918,26,52,-26
121000919,29,90,-61
121000938,119,207,-88
121000939,48,318,-270
121000956,2335,1667,668
121000957,3,36,-33
121000958,13,233,-220
121000959,1735,327,1408
121000960,1922,1318,604
121000961,408,93,315
121000962,1081,556,525
121000973,1,293,-292
121000976,9,155,-146
121000979,688,225,463
121000981,425,171,254
121000982,398,221,177
121000983,605,235,370
121000984,14,106,-92
121000985,1144,384,760
121000986,692,178,514
121000987,256,636,-380
121000988,1523,188,1335
121001302,316,191,125
121001308,2,87,-85
121001309,32,424,-392
121001313,218,47,171
121001314,1629,2253,-624
121001315,6895,4834,2061
121900001,231,399,-168
121900002,27,55,-28
121900003,492,31,461
121900004,84,813,-729
121900005,38,11,27
121900006,149,19,130
121900007,2675,2372,303
121900008,78,344,-266
121900009,1763,39,1724
121900010,292,2,290
121900011,485,277,208
121900012,10,0,10
121900013,340,95,245
121900014,3216,476,2740
121900015,169,221,-52
121900016,11,59,-48
121900017,688,1313,-625
121900018,637,7,630
121900019,765,260,505
121900020,67,3,64
121900021,1332,29,1303
121900022,405,363,42
121900023,230,530,-300
121900024,715,43,672
121900025,840,665,175
121900026,537,113,424
121900027,645,336,309
121900028,274,29,245
121900029,125,353,-228
121900030,563,654,-91
121900031,1527,8075,-6548
121900032,247,112,135
121900033,169,472,-303
121900034,416,181,235
121900035,6946,4861,2085
121900036,218,638,-420
121900037,164,1604,-1440
121900038,137,186,-49
121900039,312,62,250
121900040,84,115,-31
121900041,107,495,-388
121900042,540,289,251
121900043,2,6,-4
121900044,63,38,25
121900046,262,341,-79
121900047,308,145,163
121900048,121,93,28
121900050,36,145,-109
121900051,203,406,-203
121900052,199,56,143
121900053,623,457,166
121900054,412,2076,-1664
121900055,4,14,-10
121900058,499,509,-10
121900059,514,280,234
121900060,158,759,-601
121900061,252,182,70
121900062,192,137,55
121900063,2002,790,1212
121900064,555,961,-406
121900066,125,21,104
121900067,103,34,69
121900069,222,202,20
121900070,152,309,-157
121900071,1016,392,624
121900072,64,208,-144
121900073,271,499,-228
121900074,484,738,-254
121900075,379,1273,-894
121900076,626,1137,-511
121900077,35,27,8
121900078,238,51,187
121900079,0,0,0
121900080,1281,423,858
121900082,127,113,14
121900084,42,24,18
121900085,10,19,-9
121900086,65,61,4
121900087,107,216,-109
121900088,1615,3267,-1652
121900089,437,252,185
121900090,33,25,8
121900091,123,24,99
121900092,236,189,47
121900093,121,139,-18
121900094,27,15,12
121900095,504,191,313
121900096,1485,1102,383
121900097,1141,226,915
121900098,14,2,12
121900099,401,39,362
121900100,77,333,-256
121900101,110,224,-114
121900102,3,150,-147
121900103,572,431,141
121900104,2626,658,1968
121900105,387,236,151
121900106,8,21,-13
121900107,187,35,152
121900108,1,26,-25
121900109,330,259,71
121900110,1034,617,417
121900111,696,507,189
121900112,186,405,-219
121900113,122,572,-450
121900114,133,123,10
121900117,165,325,-160
121900118,3386,917,2469
121900119,188,57,131
121900120,98,1135,-1037
121900121,627,32,595
121900122,72,98,-26
121900123,303,517,-214
121900124,388,211,177
121900125,3695,1784,1911
121900127,8,159,-151
121900128,111,80,31
121900129,191,253,-62
121900130,137,371,-234
121900131,386,138,248
121900132,111,78,33
121900133,25,749,-724
121900134,16,696,-680
121900135,6994,645,6349
121900136,572,471,101
121900137,45,420,-375
121900138,115,295,-180
121900139,435,5557,-5122
121900140,73,218,-145
121900141,143,58,85
121900142,163,74,89
121900143,13,274,-261
121900144,154,1083,-929
121900145,264,515,-251
121900146,664,1012,-348
121900147,110,471,-361
121900148,326,469,-143
121900149,439,552,-113
121900150,54,331,-277
121900151,103,578,-475
121900152,195,109,86
121900153,28,321,-293
121900154,15,441,-426
121900155,2,328,-326
121900156,158,290,-132
121900157,2,573,-571
121900158,108,184,-76
121900159,2,251,-249
121900160,134,580,-446
121900161,317,851,-534
121900162,94,273,-179
121900163,692,207,485
121900164,356,526,-170
121900165,234,172,62
121900166,135,216,-81
121900167,88,157,-69
121900168,127,154,-27
121900169,29,362,-333
121900170,9,221,-212
121900171,1210,1125,85
121900172,799,432,367
121900173,955,556,399
121900174,118,76,42
121900175,124,604,-480
121900176,663,2413,-1750
121900177,182,124,58
121900178,79,120,-41
121900179,591,511,80
121900180,2027,7807,-5780
121900182,843,1011,-168
121900183,484,2572,-2088
121900184,43,2540,-2497
121900186,15,739,-724
121900187,21,156,-135
121900188,1278,310,968
121900189,96,90,6
121900190,323,532,-209
121900191,85,440,-355
121900192,285,3410,-3125
121900193,94,531,-437
121900194,13,491,-478
121900195,16,89,-73
121900196,988,1446,-458
121900197,484,1434,-950
121900198,5394,3270,2124
121900199,3,78,-75
121900200,65,224,-159
121900201,1006,955,51
121900202,236,1176,-940
121900203,92,2204,-2112
121900204,1557,1653,-96
121900205,29,179,-150
121900206,28,145,-117
121900207,57,94,-37
121900208,173,694,-521
121900209,99,75,24
121900210,3122,2293,829
121900211,66,159,-93
121900212,83,208,-125
121900213,536,70,466
121900214,6,672,-666
121900215,70,226,-156
121900216,64,513,-449
121900217,261,315,-54
121900218,213,1233,-1020
121900220,141,35,106
121900221,659,715,-56
121900222,391,110,281
121900223,244,211,33
121900224,157,166,-9
121900225,121,385,-264
121900226,307,41,266
121900227,544,2122,-1578
121900228,168,198,-30
121900230,92,558,-466
121900231,67,2023,-1956
121900232,174,562,-388
121900233,451,280,171
121900234,422,282,140
121900235,941,235,706
121900236,457,260,197
121900237,228,855,-627
121900238,195,501,-306
121900239,235,63,172
121900240,266,304,-38
121900241,97,51,46
121900242,12,1,11
121900243,27,0,27
121900244,39,8,31
121900245,431,83,348
121900246,10206,622,9584
121900247,628,249,379
121900248,2045,1197,848
121900250,156,653,-497
121900251,850,30,820
121900252,566,253,313
121900253,57,1333,-1276
121900254,503,742,-239
121900255,794,231,563
121900258,6426,2227,4199
121900259,215,852,-637
121900260,234,179,55
121900261,197,1087,-890
121900262,1153,1813,-660
121900263,341,232,109
121900264,1084,1211,-127
121900265,609,174,435
121900266,748,115,633
121900267,110,69,41
121900269,326,1290,-964
121900270,80,280,-200
121900271,38,222,-184
121900273,578,2421,-1843
121900274,485,381,104
121900277,387,2347,-1960
121900278,151,2429,-2278
121900279,233,279,-46
121900280,115,871,-756
121900281,186,674,-488
121900284,49,10,39
121900286,257,128,129
121900287,16,34,-18
121900288,4,21,-17
121900290,302,2106,-1804
121900291,489,1631,-1142
121900292,252,210,42
121900293,861,6424,-5563
121900294,480,11,469
121900295,236,153,83
121900296,88,426,-338
121900298,151,1593,-1442
121900299,2,14,-12
121900300,94,9,85
121900301,68,6,62
121900302,1,69,-68
121900303,248,1006,-758
121900304,5,33,-28
121900305,1,23,-22
121900306,348,1,347
121900307,225,6,219
121900308,5,126,-121
121900309,6,86,-80
121900310,18,136,-118
121900311,886,26,860
121900312,839,12,827
121900313,803,20,783
121900314,5,14,-9
121900315,81,0,81
121900316,0,5,-5
121900317,51,15,36
121900318,6,4,2
121900319,62,481,-419
121900320,29,63,-34
121900321,47,3,44
121900322,4,16,-12
121900323,42,37,5
121900324,2,35,-33
121900325,47,31,16
121900326,11,7,4
121900327,2,44,-42
121900328,0,36,-36
121900329,1,53,-52
121900330,1,83,-82
121900331,51,40,11
121900332,87,48,39
121900333,58,1,57
122000001,1685,6787,-5102
122000002,3104,1558,1546
122000003,1248,3498,-2250
122000004,1696,1765,-69
122000005,7896,3511,4385
122000006,870,2199,-1329
122000007,863,2750,-1887
122000008,1263,4596,-3333
122000009,822,753,69
122000010,3877,4410,-533
122000011,10105,3685,6420
122000012,994,7491,-6497
122000013,850,3436,-2586
122000014,8484,2684,5800
122000015,1431,1287,144
122000016,566,847,-281
122000017,1857,2060,-203
122000018,3695,2744,951
122000019,1347,3441,-2094
122000020,256,794,-538
122000021,238,599,-361
122000022,1789,2720,-931
122000023,1682,3121,-1439
122000024,596,4686,-4090
122000025,701,5914,-5213
122000026,319,2077,-1758
122000027,911,1236,-325
122000028,2681,1026,1655
122000029,399,1423,-1024
122000030,220,267,-47
122000031,99,529,-430
122000032,10844,4881,5963
122000033,550,7492,-6942
122000034,387,1500,-1113
122000035,226,928,-702
122000036,638,744,-106
122000037,1709,412,1297
122000038,341,850,-509
122000039,751,1726,-975
122000040,306,508,-202
122000041,1246,1528,-282
122000042,583,1164,-581
122000043,148,291,-143
122000044,157,243,-86
122000045,3262,1572,1690
122000046,1441,2140,-699
122000047,101,301,-200
122000048,2936,4758,-1822
122000049,9508,4581,4927
122000050,957,1588,-631
122000051,235,598,-363
122000052,465,658,-193
122000053,321,1175,-854
122000054,2103,2907,-804
122000055,1850,4971,-3121
122000056,3403,3604,-201
122000057,6019,5522,497
122000058,895,3185,-2290
122000059,905,6450,-5545
122000060,335,1818,-1483
122000061,173,1263,-1090
122000062,652,267,385
122000063,437,2254,-1817
122000064,3880,9755,-5875
122000065,2878,4321,-1443
122000066,973,2659,-1686
122000067,1431,2318,-887
122000068,3979,1534,2445
122000069,1871,1337,534
122000070,1778,1816,-38
122000071,6079,1727,4352
122000072,2293,1512,781
122000073,309,3176,-2867
122000074,3316,1992,1324
122000075,1771,1414,357
122000076,14121,3438,10683
122000077,737,3484,-2747
122000078,680,6626,-5946
122000079,281,4670,-4389
122000080,524,1087,-563
122000081,113,300,-187
122000082,376,1949,-1573
122000083,8418,1430,6988
122000084,7428,2091,5337
122000085,483,996,-513
122000086,3559,10094,-6535
122000087,270,810,-540
122000088,124,516,-392
122000089,7068,3669,3399
122000090,463,1907,-1444
122000091,106,786,-680
122000092,67,160,-93
122000093,1998,6760,-4762
122000094,8139,4487,3652
122000095,711,6678,-5967
122000096,519,4219,-3700
122000098,5154,5680,-526
122000099,693,2492,-1799
122000100,978,1419,-441
122000101,514,769,-255
122000102,3920,1385,2535
122000103,1611,2094,-483
122000104,2534,283,2251
122000105,643,1040,-397
122000106,686,3382,-2696
122000107,1704,664,1040
122000108,880,1111,-231
122000109,590,404,186
122000110,1029,1229,-200
122000111,5471,2292,3179
122000112,2488,2379,109
122000113,1095,1281,-186
122000114,1816,4467,-2651
122000115,2424,1780,644
122000116,424,737,-313
122000117,1692,548,1144
122000118,970,702,268
122000119,2969,2172,797
122000120,860,4153,-3293
122000121,664,2405,-1741
122000122,452,950,-498
122000123,1267,1745,-478
122000124,831,512,319
122000125,472,691,-219
122000126,421,631,-210
122000127,473,688,-215
122000128,277,467,-190
122000129,524,2562,-2038
122000130,3179,1529,1650
122000131,1180,1239,-59
122000132,220,576,-356
122000133,972,1287,-315
122000134,1184,748,436
122000135,604,253,351
122000136,1069,619,450
122000137,2770,1293,1477
122000139,839,5189,-4350
122000140,309,2211,-1902
122000141,6246,3613,2633
122000142,123,3386,-3263
122000143,394,538,-144
122000144,2078,1460,618
122000145,858,1643,-785
122000146,430,4398,-3968
122000147,660,1071,-411
122000148,417,2434,-2017
122000149,2093,1403,690
122000150,1678,1423,255
122000151,138,492,-354
122000152,434,462,-28
122000153,488,484,4
122000154,273,297,-24
122000155,1862,3551,-1689
122000156,11513,6126,5387
122000157,778,11288,-10510
122000158,287,1344,-1057
122000159,746,1606,-860
122000160,2397,2127,270
122000161,1253,1420,-167
122000162,1456,1943,-487
122000163,443,211,232
122000164,52,380,-328
122000165,1733,2420,-687
122000166,793,3489,-2696
122000167,352,752,-400
122000168,175,1587,-1412
122000169,509,402,107
122000170,455,544,-89
122000171,37,106,-69
122000172,2780,2127,653
122000173,1899,4094,-2195
122000174,1809,2285,-476
122000175,858,609,249
122000176,362,1926,-1564
122000177,1231,2136,-905
122000178,8197,4915,3282
122000179,4445,5833,-1388
122000180,904,1457,-553
122000181,886,2394,-1508
122000182,1973,1647,326
122000183,3609,1571,2038
122000184,4025,4797,-772
122000185,1459,5683,-4224
122000186,803,3517,-2714
122000187,2097,1757,340
122000188,477,493,-16
122000189,277,497,-220
122000190,887,3092,-2205
122000191,873,1203,-330
122000192,1854,600,1254
122000193,554,1006,-452
122000194,693,326,367
122000195,136,1053,-917
122000196,1364,470,894
122000197,627,932,-305
122000198,506,3220,-2714
122000199,317,605,-288
122000200,1084,1072,12
122000201,1575,3819,-2244
122000202,1050,3561,-2511
122000203,2784,1814,970
122000204,1396,1733,-337
122000205,796,1170,-374
122000206,5952,1508,4444
122000207,2706,2272,434
122000208,2914,2813,101
122000209,2701,979,1722
122000210,2422,3073,-651
122000211,1257,2197,-940
122000212,1032,737,295
122000213,1220,1978,-758
122000214,2456,2148,308
122000215,3011,2700,311
122000217,2024,3698,-1674
122000218,854,102,752
122000219,1494,1069,425
122000220,287,891,-604
122000221,114,384,-270
122000222,779,207,572
122000223,1031,918,113
122000225,807,568,239
122000226,1745,1856,-111
122000227,303,2036,-1733
122000228,343,326,17
122000229,47,420,-373
122000230,95,368,-273
122000231,481,908,-427
122000232,655,670,-15
122000233,1,76,-75
122000234,709,79,630
122000235,728,108,620
122000236,2158,52,2106
122000237,164,108,56
122000238,470,562,-92
122000239,1070,287,783
122000240,1571,815,756
122000241,3145,686,2459
122000242,916,301,615
122000243,105,41,64
122000244,33,442,-409
122000245,47,55,-8
122000246,83,211,-128
122000247,824,355,469
122000248,972,922,50
122000249,1725,1459,266
122000250,2386,1397,989
122000251,136,513,-377
122000252,273,149,124
122000253,136,296,-160
122000254,434,97,337
122000255,711,789,-78
122000256,302,578,-276
122000257,282,130,152
122000258,411,362,49
122000259,26,318,-292
122000260,2,57,-55
122000261,30,419,-389
122000262,0,36,-36
122000263,198,556,-358
122000264,1810,448,1362
122000265,3688,1759,1929
122000266,4961,1006,3955
122000267,145,152,-7
122000268,170,407,-237
122000269,1379,515,864
122000270,574,291,283
122000271,342,2492,-2150
122000272,536,1857,-1321
122000273,553,565,-12
122000274,369,246,123
122000275,93,170,-77
122000276,1273,555,718
122000277,1280,1845,-565
122000278,2528,346,2182
122000279,334,255,79
122000280,789,532,257
122000281,951,798,153
122000282,184,505,-321
122000283,120,260,-140
122000284,130,111,19
122000285,290,85,205
122000286,44,148,-104
122000287,2035,1762,273
122000288,663,284,379
122000291,4020,1077,2943
122000293,192,118,74
122000294,209,470,-261
122000295,1700,294,1406
122000296,31,779,-748
122000297,2450,4839,-2389
122000299,776,678,98
122000300,360,495,-135
122000301,7733,4728,3005
122000302,590,3700,-3110
122000303,2247,1153,1094
122000304,101,220,-119
122000305,1754,446,1308
122000306,137,374,-237
122000307,185,189,-4
122000309,72,30,42
122000310,40,132,-92
122000311,90,169,-79
122000312,115,341,-226
122000313,58,136,-78
122000314,145,449,-304
122000315,359,94,265
122000316,1520,451,1069
122000317,2851,351,2500
122000318,438,2000,-1562
122000319,123,482,-359
122000320,293,1070,-777
122000321,138,132,6
122000322,2170,3010,-840
122000323,719,5119,-4400
122000324,2332,3773,-1441
122000325,1038,7315,-6277
122000326,225,88,137
122000327,476,1023,-547
122000328,564,402,162
122000330,3476,2702,774
122000332,273,396,-123
122000333,10,79,-69
122000337,1303,407,896
122000338,618,363,255
122000340,176,4254,-4078
122000342,1632,821,811
122000343,837,400,437
122000344,156,11,145
122000345,33,24,9
122000346,256,243,13
122000348,1093,1147,-54
122000349,111,856,-745
122000351,239,323,-84
122000352,304,264,40
122000353,227,61,166
122000355,108,295,-187
122000356,477,3024,-2547
122000357,114,25,89
122000358,1,26,-25
122000359,0,16,-16
122000360,0,15,-15
122000362,10,48,-38
122000364,383,296,87
122000365,2,68,-66
122000366,6,8,-2
122000368,591,825,-234
122000370,40,9,31
122000371,31,0,31
122000372,20,2,18
122000381,232,419,-187
122000382,100,225,-125
122000384,1591,1653,-62
122000385,109,0,109
122000386,227,2736,-2509
122000387,585,1629,-1044
122000388,1523,1552,-29
122000389,268,2232,-1964
122000390,390,676,-286
122000391,105,1912,-1807
122000392,201,111,90
122000393,38,101,-63
122000394,882,211,671
122000395,197,101,96
122000396,472,139,333
122000397,29,35,-6
122000398,11,76,-65
122000399,216,60,156
122000400,46,1540,-1494
122000401,171,83,88
122000402,655,183,472
122000403,687,416,271
122000404,294,173,121
122000408,767,1197,-430
122000503,6,90,-84
122000524,101,614,-513
122000544,116,3177,-3061
122000616,376,4,372
122000640,95,62,33
122000641,247,196,51
122000642,1606,660,946
122000643,43,266,-223
122000644,115,32,83
122000645,53,240,-187
122000651,453,3913,-3460
122000664,242,99,143
122000665,1758,706,1052
122000666,749,1390,-641
122000673,86,199,-113
122000674,420,123,297
122000675,2664,617,2047
122000686,677,2236,-1559
122000687,2243,357,1886
122000688,377,432,-55
122000689,1418,190,1228
122000690,4283,227,4056
122000691,1238,586,652
122000692,2438,370,2068
122000693,452,898,-446
122000695,584,325,259
122000696,1002,144,858
122000698,478,275,203
122000699,233,71,162
122000701,2489,515,1974
122000702,425,1181,-756
122000703,255,83,172
122000717,83,94,-11
122000718,284,1819,-1535
122000719,119,141,-22
122000720,1004,95,909
122000724,88,25,63
122900001,48,17,31
122900002,915,9903,-8988
122900003,623,34,589
122900004,2742,162,2580
122900005,93,179,-86
122900006,344,1159,-815
122900007,126,230,-104
122900008,235,286,-51
122900009,1490,513,977
122900010,310,157,153
122900012,225,485,-260
122900014,121,169,-48
122900015,895,1239,-344
122900016,247,237,10
122900017,250,1754,-1504
122900018,233,10,223
122900019,13,75,-62
122900020,160,518,-358
122900021,23,406,-383
122900022,1867,1074,793
122900023,1156,236,920
122900024,155,174,-19
122900025,8,429,-421
122900026,23,182,-159
122900027,24,415,-391
122900028,83,110,-27
122900029,7540,3029,4511
122900030,2921,652,2269
122900031,76,545,-469
122900032,763,544,219
122900033,273,233,40
122900034,4466,5648,-1182
122900035,63,11,52
122900036,92,87,5
122900037,526,322,204
122900038,121,4600,-4479
122900039,120,721,-601
122900040,283,1434,-1151
122900041,274,473,-199
122900042,218,381,-163
122900043,474,322,152
122900044,137,402,-265
122900045,239,421,-182
122900046,172,382,-210
122900047,153,254,-101
122900048,39,274,-235
122900049,3525,246,3279
122900051,60,808,-748
122900052,184,80,104
122900053,33,27,6
122900055,457,47,410
122900057,374,96,278
122900061,601,88,513
122900062,787,883,-96
122900063,337,187,150
122900064,981,508,473
122900065,830,370,460
122900066,879,427,452
122900067,901,495,406
122900068,130,314,-184
122900069,604,1991,-1387
122900070,460,74,386
122900071,116,292,-176
122900072,14,314,-300
122900073,27,82,-55
122900074,1604,203,1401
122900075,0,102,-102
122900076,6,248,-242
122900077,0,61,-61
122900078,415,20,395
122900080,65,103,-38
122900081,248,196,52
122900082,1319,168,1151
122900083,96,142,-46
122900084,17,93,-76
122900086,24,300,-276
122900087,587,370,217
122900088,40,852,-812
122900089,38,204,-166
122900090,9,330,-321
122900091,532,4,528
122900092,0,141,-141
122900093,0,92,-92
122900094,0,170,-170
122900095,308,26,282
122900096,655,117,538
122900097,37,56,-19
122900098,46,217,-171
122900099,179,38,141
122900100,96,1243,-1147
122900101,667,470,197
122900102,102,80,22
122900103,341,4,337
122900104,473,11,462
122900105,49,41,8
122900106,5,35,-30
122900107,13,55,-42
122900108,7,91,-84
123000001,968,2492,-1524
123000002,3388,9909,-6521
123000003,6224,6097,127
123000004,3257,4709,-1452
123000005,4192,3609,583
123000006,2884,2372,512
123000007,5203,3266,1937
123000008,3384,3210,174
123000009,4673,3750,923
123000010,3500,4919,-1419
123000011,2000,2028,-28
123000012,903,4783,-3880
123000013,6008,1873,4135
123000014,823,4508,-3685
123000015,2580,1418,1162
123000016,3551,4388,-837
123000017,4582,2343,2239
123000018,142,130,12
123000019,860,62,798
123000020,597,45,552
123000021,426,397,29
123000022,537,2677,-2140
123000023,2491,3263,-772
123000024,1979,1028,951
123000025,29,122,-93
123000026,0,281,-281
123000027,55,1221,-1166
123000028,787,1455,-668
123000029,473,1842,-1369
123000030,437,134,303
123000031,493,227,266
123000032,722,92,630
123000033,381,162,219
123000034,1287,874,413
123000035,513,645,-132
123000036,303,1509,-1206
123000037,225,179,46
123000038,62,423,-361
123000039,519,1911,-1392
123000040,507,239,268
123000041,864,2026,-1162
123000042,508,1622,-1114
123000043,1884,19312,-17428
123000044,3022,3064,-42
123000045,4589,2687,1902
123000046,274,1401,-1127
123000047,975,1920,-945
123000048,126,2275,-2149
123000049,6465,12366,-5901
123000050,2850,2168,682
123000051,130,296,-166
123000052,1102,4442,-3340
123000053,2817,3591,-774
123000054,2887,2183,704
123000055,2544,6670,-4126
123000056,1383,823,560
123000057,4083,7193,-3110
123000058,864,1765,-901
123000059,326,591,-265
123000060,1608,529,1079
123000061,361,662,-301
123000063,1655,1371,284
123000064,1973,297,1676
123000065,4260,3025,1235
123000066,487,737,-250
123000067,1413,474,939
123000068,2046,2469,-423
123000069,4363,1620,2743
123000070,234,615,-381
123000071,2815,1014,1801
123000072,1771,609,1162
123000073,3398,1166,2232
123000074,1396,1059,337
123000075,619,2596,-1977
123000076,1025,381,644
123000077,2742,1637,1105
123000078,3863,1816,2047
123000079,3457,2109,1348
123000080,3533,1196,2337
123000081,228,370,-142
123000082,298,1227,-929
123000083,1845,411,1434
123000084,1145,453,692
123000085,822,113,709
123000086,1330,107,1223
123000087,722,489,233
123000088,1693,821,872
123000089,1362,1188,174
123000090,2268,1075,1193
123000091,2395,1843,552
123000092,1334,1714,-380
123000094,1110,229,881
123000095,1152,937,215
123000096,1786,518,1268
123000097,1103,430,673
123000098,1479,547,932
123000099,1039,445,594
123000100,554,970,-416
123000101,613,654,-41
123000102,557,1210,-653
123000104,682,692,-10
123000105,504,625,-121
123000106,680,508,172
123000107,299,401,-102
123000108,615,1264,-649
123000111,1547,443,1104
123000112,2136,593,1543
123000113,858,768,90
123000114,546,872,-326
123000115,423,384,39
123000116,66,79,-13
123000117,2639,1399,1240
123000118,774,499,275
123000119,294,453,-159
123000120,401,633,-232
123000121,779,1037,-258
123000122,526,404,122
123000123,673,698,-25
123000124,480,528,-48
123000125,2090,1799,291
123000126,1689,6425,-4736
123000127,578,747,-169
123000128,322,337,-15
123000129,1356,365,991
123000130,1020,144,876
123000131,2293,1143,1150
123000132,379,626,-247
123000133,100,210,-110
123000134,305,108,197
123000135,3730,1153,2577
123000136,323,454,-131
123000137,171,238,-67
123000138,170,284,-114
123000139,987,165,822
123000140,85,504,-419
123000141,819,197,622
123000142,1221,858,363
123000143,933,1531,-598
123000144,34,28,6
123000145,302,404,-102
123000146,27,166,-139
123000147,105,218,-113
123000149,390,460,-70
123000150,99,333,-234
123000151,182,711,-529
123000152,108,440,-332
123000153,198,1006,-808
123000154,1175,2219,-1044
123000155,2131,1665,466
123000156,47,112,-65
123000157,766,899,-133
123000158,650,1098,-448
123000159,3678,5284,-1606
123000160,1541,1697,-156
123000161,2149,1533,616
123000162,2012,2474,-462
123000163,1318,275,1043
123000164,2998,292,2706
123000165,535,1119,-584
123000166,35,118,-83
123000167,171,248,-77
123000168,573,148,425
123000169,1501,193,1308
123000170,90,57,33
123000171,1853,5,1848
123000172,224,558,-334
123000173,852,507,345
123000174,1070,669,401
123000175,426,1200,-774
123000176,1503,380,1123
123000177,350,1214,-864
123000178,1260,216,1044
123000179,36,365,-329
123000180,2280,439,1841
123000181,359,884,-525
123000182,407,254,153
123000183,178,665,-487
123000184,100,408,-308
123000185,1414,467,947
123000186,5,321,-316
123000187,855,16,839
123000188,358,2,356
123000189,403,180,223
123000190,107,135,-28
123000192,30,314,-284
123000193,45,720,-675
123000194,210,280,-70
123000195,498,54,444
123000196,623,36,587
123000197,101,119,-18
123000198,109,989,-880
123000199,31,746,-715
123000200,1073,13,1060
123000201,1846,32,1814
123000202,40,465,-425
123000203,1731,66,1665
123000204,88,520,-432
123000205,256,856,-600
123000206,3990,333,3657
123000207,103,472,-369
123000208,1006,353,653
123000209,2784,996,1788
123000210,328,1409,-1081
123000211,522,1914,-1392
123000212,6189,714,5475
123000213,773,84,689
123000215,72,265,-193
123000216,338,1122,-784
123000217,304,51,253
123000218,36,799,-763
123000219,769,171,598
123000220,589,136,453
123000221,224,138,86
123000222,719,327,392
123000223,1009,170,839
123000224,588,367,221
123000225,397,64,333
123000226,108,480,-372
123000227,97,271,-174
123000228,387,69,318
123000229,873,1601,-728
123000232,122,431,-309
123000233,1323,184,1139
123000234,225,422,-197
123000235,2006,362,1644
123000236,414,478,-64
123000237,711,148,563
123000238,70,363,-293
123000239,489,784,-295
123000240,69,1447,-1378
123000241,450,68,382
123000242,480,218,262
123000243,911,823,88
123000244,862,541,321
123000245,31,125,-94
123000249,2105,678,1427
123000252,1388,483,905
123000253,2198,832,1366
123000254,921,813,108
123000255,1242,990,252
123000256,27,262,-235
123000257,2438,1290,1148
123000258,1338,634,704
123000259,828,536,292
123000260,872,319,553
123000261,512,160,352
123000262,138,101,37
123000263,755,136,619
123000264,277,117,160
123000265,45,110,-65
123000266,620,616,4
123000267,963,494,469
123000268,43,51,-8
123000269,49,102,-53
123000270,59,110,-51
123000271,60,40,20
123000272,845,420,425
123000273,367,1528,-1161
123000274,1487,1318,169
123000275,259,875,-616
123000278,1958,3591,-1633
123000279,196,96,100
123000280,362,313,49
123000281,452,164,288
123000282,129,357,-228
123000283,322,72,250
123000284,60,86,-26
123000286,153,624,-471
123000287,355,465,-110
123000288,1297,1870,-573
123000289,274,2258,-1984
123000291,261,1010,-749
123000294,112,241,-129
123000295,767,1577,-810
123000296,973,652,321
123000297,1126,361,765
123000298,1342,258,1084
123000299,158,134,24
123000300,1871,1231,640
123000301,194,669,-475
123000302,166,145,21
123000303,147,417,-270
123000305,998,1050,-52
123000306,407,85,322
123000309,58,128,-70
123000310,70,85,-15
123000311,0,114,-114
123000312,614,586,28
123000313,897,593,304
123000315,174,320,-146
123000316,837,205,632
123000317,303,128,175
123000318,71,173,-102
123000329,20,30,-10
123000337,410,762,-352
123000338,160,210,-50
123000339,523,80,443
123000340,99,283,-184
123000342,15,37,-22
123000343,94,47,47
123000344,562,269,293
123000345,364,574,-210
123000346,604,26,578
123000352,1136,922,214
123000353,70,76,-6
123000354,400,53,347
123000355,1,176,-175
123000356,719,16,703
123000357,0,142,-142
123000359,30,69,-39
123000360,388,148,240
123000361,417,236,181
123000362,650,180,470
123000363,160,262,-102
123000364,824,774,50
123000365,33,509,-476
123000366,316,3783,-3467
123000367,359,704,-345
123000370,36,349,-313
123000371,725,123,602
123000372,641,64,577
123000373,10,472,-462
123000374,14,153,-139
123000375,592,63,529
123000376,1064,915,149
123000377,1019,29,990
123000378,36,282,-246
123000379,2,500,-498
123000380,21,371,-350
123000381,67,175,-108
123000382,546,219,327
123000383,185,1174,-989
123000384,731,191,540
123000385,193,588,-395
123000436,31,2262,-2231
123000507,116,170,-54
123000508,255,1936,-1681
123000517,358,25,333
123000518,52,125,-73
123000519,191,105,86
123000520,49,167,-118
123000521,800,106,694
123000522,179,269,-90
123000541,15,2,13
123000542,0,8,-8
123000565,0,0,0
123000566,1733,167,1566
123000567,115,80,35
123000573,50,461,-411
123000574,1288,91,1197
123000575,2438,780,1658
123000576,1276,903,373
123000577,89,912,-823
123000578,428,206,222
123000579,1058,10829,-9771
123000580,152,91,61
123000582,777,54,723
123000583,36,423,-387
123000584,147,372,-225
123000585,0,28,-28
123000586,212,0,212
123000596,92,69,23
123000597,106,221,-115
123000602,137,15,122
123000603,1876,394,1482
123000604,867,283,584
123000605,1203,100,1103
123000606,0,617,-617
123000609,28,410,-382
123000610,151,88,63
123000613,66,168,-102
123000614,419,50,369
123000615,104,41,63
123000616,1889,68,1821
123000617,225,123,102
123000618,73,633,-560
123000619,590,106,484
123000620,23,355,-332
123000622,774,25,749
123000624,249,29,220
123000630,2289,527,1762
123000631,361,486,-125
123000632,671,775,-104
123000633,0,251,-251
123000634,62,481,-419
123000635,79,165,-86
123000636,58,430,-372
123000637,598,35,563
123000638,782,65,717
123000639,896,8519,-7623
123000640,13,325,-312
123900001,1195,75,1120
123900002,49,1813,-1764
123900003,202,413,-211
123900005,363,290,73
123900006,578,95,483
124000001,2276,233,2043
124000002,109,1388,-1279
124000003,1835,197,1638
124000004,111,492,-381
124000005,1737,1062,675
124000006,252,565,-313
124000007,662,135,527
124000008,7,502,-495
124000009,1197,355,842
124000010,361,304,57
124000011,1341,436,905
124000012,260,253,7
124000017,292,140,152
124000018,123,79,44
124000019,235,184,51
124000020,21,144,-123
124000021,142,106,36
124000022,87,173,-86
124000023,1457,1807,-350
124000024,1513,388,1125
124000025,1593,2067,-474
124000026,1237,1059,178
124000027,4764,4958,-194
124000028,1381,3565,-2184
124000030,1727,1745,-18
124000031,1662,7091,-5429
124000032,1152,540,612
124000033,7,282,-275
124000034,842,501,341
124000035,52,393,-341
124000036,38,144,-106
124000037,594,1249,-655
124000038,23,203,-180
124000039,388,356,32
124000040,198,1415,-1217
124000041,692,195,497
124000042,184,386,-202
124000043,112,144,-32
124000044,90,167,-77
124000045,1728,337,1391
124000046,339,645,-306
124000047,2921,669,2252
124000048,1348,545,803
124000049,3080,514,2566
124000050,1274,994,280
124000051,1808,428,1380
124000052,1061,638,423
124000053,672,2743,-2071
124000054,777,298,479
124000055,1306,6167,-4861
124000056,1339,801,538
124000057,1803,595,1208
124000058,624,882,-258
124000059,1382,1807,-425
124000060,563,469,94
124000061,1749,7806,-6057
124000062,1673,1309,364
124000063,1200,1103,97
124000064,1583,985,598
124000065,19,642,-623
124000066,240,1031,-791
124000067,310,192,118
124000068,10,13,-3
124000069,197,11,186
124000070,65,43,22
124000071,265,106,159
124000072,227,358,-131
124000073,1456,201,1255
124000074,260,523,-263
124000075,762,62,700
124000076,23,46,-23
124000077,342,930,-588
124000078,1577,1287,290
124000079,169,1318,-1149
124000080,1131,168,963
124000081,257,343,-86
124000082,74,216,-142
124000083,31,74,-43
124000084,72,960,-888
124000085,56,53,3
124000086,38,243,-205
124000087,228,212,16
124000088,169,843,-674
124000089,1005,306,699
124000090,276,247,29
124000091,781,130,651
124000092,170,524,-354
124000093,160,173,-13
124000094,174,713,-539
124000095,158,107,51
124000096,278,309,-31
124000097,183,176,7
124000098,83,95,-12
124000099,399,176,223
124000100,78,223,-145
124000101,176,181,-5
124000102,90,44,46
124000103,313,148,165
124000104,142,47,95
124000105,193,135,58
124000106,151,49,102
124000107,40,309,-269
124000108,66,19,47
124000109,255,137,118
124000110,132,75,57
124000111,318,126,192
124000112,1162,448,714
124000113,165,164,1
124000114,532,290,242
124000115,334,992,-658
124000116,115,267,-152
124000117,40,119,-79
124000118,37,95,-58
124000119,1048,1148,-100
124000120,805,827,-22
124000121,1414,898,516
124000122,559,1495,-936
124000123,1277,588,689
124000124,427,777,-350
124000125,665,594,71
124000126,352,538,-186
124000127,1266,371,895
124000128,739,715,24
124000129,1961,1740,221
124000130,543,485,58
124000131,840,942,-102
124000132,585,620,-35
124000133,1521,1375,146
124000134,1091,649,442
124000135,1898,2752,-854
124000136,627,976,-349
124000137,1052,1651,-599
124000138,1363,1343,20
124000139,412,61,351
124000140,43,358,-315
124000141,67,20,47
124000142,13,301,-288
124000143,108,8,100
124000144,33,54,-21
124000145,162,52,110
124000146,33,44,-11
124000148,4,90,-86
124000149,1257,286,971
124000150,221,584,-363
124000151,1460,618,842
124000152,911,1009,-98
124000153,1277,1427,-150
124000154,563,967,-404
124000155,1514,992,522
124000156,914,1176,-262
124000169,185,741,-556
124000170,884,581,303
124000171,422,321,101
124000172,374,539,-165
124000173,814,224,590
124000174,545,719,-174
124000175,46,58,-12
124000176,84,51,33
124000177,12,30,-18
124000178,86,85,1
124000190,36,82,-46
124000191,44,316,-272
124000192,1176,737,439
124000193,213,2433,-2220
124000194,317,363,-46
124000195,477,823,-346
124000196,730,778,-48
124000197,35,68,-33
124000198,63,94,-31
124000201,170,677,-507
124000202,838,251,587
124000203,849,196,653
124000204,1747,170,1577
124000205,188,234,-46
124000206,1417,229,1188
124000207,0,24,-24
124000209,267,157,110
124000210,1102,238,864
124000211,1117,3,1114
124000212,0,149,-149
124000213,899,107,792
124000214,787,234,553
124000215,557,27,530
124000216,1,138,-137
124000329,115,504,-389
124000338,101,327,-226
124000339,2157,71,2086
124000341,2595,102,2493
124000344,85,47,38
124000357,1359,3257,-1898
124000358,791,2150,-1359
124000359,1428,1015,413
124000360,1380,636,744
124000361,2344,1309,1035
124000362,1320,1975,-655
124000363,369,230,139
124000364,438,475,-37
124000365,607,821,-214
124000366,1472,764,708
124000367,82,266,-184
124000368,542,964,-422
124000369,110,167,-57
124000370,37,519,-482
124000402,53,24,29
124000403,191,29,162
124000404,21,49,-28
124000405,1222,742,480
124000406,654,636,18
124000407,1,43,-42
124000411,15,160,-145
124000412,583,5,578
124000413,71,119,-48
124000414,179,162,17
124000415,79,38,41
124000416,237,163,74
124000417,386,144,242
124000418,472,46,426
124000419,187,62,125
124000420,231,30,201
124000421,89,44,45
124000422,30,17,13
124000423,168,76,92
124000424,5,17,-12
124000425,82,14,68
124000426,11,49,-38
124000427,60,1,59
124000428,8,208,-200
124000429,110,49,61
124000430,1272,549,723
124000431,441,510,-69
124000432,430,647,-217
124000439,3,2,1
124000443,0,8,-8
124000445,79,2043,-1964
124000446,734,209,525
124900001,1162,476,686
124900002,336,208,128
124900003,1465,382,1083
124900004,1362,219,1143
124900005,311,135,176
124900006,1258,271,987
124900008,792,610,182
124900009,182,601,-419
124900010,235,236,-1
124900011,890,451,439
124900012,534,126,408
124900013,852,181,671
124900014,548,56,492
124900015,231,612,-381
124900016,153,254,-101
124900017,446,3022,-2576
124900018,156,14,142
124900020,193,77,116
124900021,471,50,421
124900022,59,2,57
124900024,592,25,567
124900026,126,103,23
124900027,183,717,-534
124900028,437,191,246
124900029,41,709,-668
124900030,1,111,-110
124900031,42,293,-251
124900032,369,216,153
124900033,153,200,-47
124900034,3,110,-107
124900035,242,358,-116
124900036,6,91,-85
124900037,269,183,86
124900038,248,211,37
124900039,4,223,-219
124900040,166,140,26
124900041,375,509,-134
124900042,46,0,46
124900043,725,398,327
124900044,176,2,174
124900045,454,1174,-720
124900046,381,266,115
124900047,129,221,-92
124900048,415,102,313
124900050,244,153,91
124900052,111,283,-172
124900053,239,206,33
124900054,646,660,-14
124900055,1,174,-173
124900057,8,53,-45
124900060,96,133,-37
124900061,131,7,124
124900062,341,9,332
124900066,0,12,-12
124900067,14,73,-59
124900068,195,756,-561
124900070,114,39,75
124900072,245,70,175
124900074,584,137,447
124900075,569,172,397
124900076,27,2287,-2260
124900077,29,69,-40
124900078,135,26,109
124900079,322,231,91
124900080,489,264,225
124900081,1731,240,1491
124900082,356,431,-75
124900083,368,403,-35
124900084,952,197,755
124900085,543,740,-197
124900086,66,1655,-1589
124900087,201,146,55
124900088,163,91,72
124900089,706,20,686
124900090,931,352,579
124900091,447,207,240
124900092,431,164,267
124900093,620,226,394
124900094,1030,363,667
124900095,170,798,-628
124900096,399,213,186
124900097,625,79,546
124900098,242,351,-109
124900099,244,825,-581
124900100,545,76,469
124900101,52,306,-254
124900102,458,22,436
124900103,262,80,182
124900104,65,82,-17
124900105,145,98,47
124900106,594,53,541
124900107,202,53,149
124900108,240,157,83
124900109,109,98,11
124900110,528,195,333
124900111,0,162,-162
124900112,169,229,-60
124900113,67,303,-236
124900114,64,167,-103
124900115,46,33,13
124900116,418,403,15
124900117,209,303,-94
124900118,97,778,-681
124900119,547,237,310
124900120,55,206,-151
124900121,112,464,-352
124900122,223,175,48
124900123,169,138,31
124900124,62,358,-296
129000186,191,88,103
204000001,123,8,115
204000002,10,12,-2
204000003,23,2,21
204000004,1,0,1
204000005,706,357,349
204000006,1274,1072,202
204000011,15,46,-31
204000012,116,108,8
204000013,0,20,-20
204000019,1415,407,1008
204000020,936,1570,-634
204000021,4350,1621,2729
204000022,1444,645,799
204000023,730,400,330
204000031,63,5,58
204000032,439,48,391
204000034,47,90,-43
204000035,0,5,-5
204000036,3,16,-13
204000037,0,20,-20
204000038,1,16,-15
204000039,9,8,1
204000040,8,14,-6
204000041,11,28,-17
204000042,47,17,30
204000043,26,5,21
204000044,39,1,38
204000045,40,0,40
204000046,9,2,7
204000057,8,7,1
204000062,21,20,1
204000068,18,618,-600
204000069,226,442,-216
204000070,95,91,4
204000080,79,75,4
204000085,1494,1104,390
204000086,1962,1308,654
204000087,72,7,65
204000088,3,102,-99
204000090,44,213,-169
204000093,602,41,561
204000096,1756,840,916
204000097,666,8,658
204000099,1446,2212,-766
204000100,2501,1675,826
204000105,1233,823,410
204000110,473,1558,-1085
204000111,719,927,-208
204000112,503,5082,-4579
204000113,344,1819,-1475
204000114,994,1186,-192
204000115,1099,474,625
204000116,568,4280,-3712
204000119,2708,1974,734
204000132,683,380,303
204000133,775,195,580
204000134,206,238,-32
204000135,539,387,152
204000136,518,340,178
204000138,361,535,-174
204000140,234,134,100
204000141,157,67,90
204000144,10,24,-14
204000145,636,74,562
204000146,26,314,-288
204000147,12,321,-309
204000148,400,39,361
204000154,7,3,4
204000155,0,7,-7
204000177,52,42,10
204000179,104,15,89
204000180,0,27,-27
204000222,9,10,-1
204000235,45,21,24
204000236,71,265,-194
204000238,18,40,-22
204000240,281,74,207
204000263,483,934,-451
204000268,856,378,478
204000308,160,10,150
204000317,8,173,-165
204000322,20,85,-65
204000323,38,3,35
204000328,267,57,210
204000329,49,138,-89
204000330,188,11,177
204000331,53,82,-29
204010341,9,184,-175
205000001,698,991,-293
205000013,11,92,-81
205000014,46,99,-53
205000015,34,56,-22
205000016,14,80,-66
205000017,32,92,-60
205000022,278,597,-319
205000025,1031,752,279
205000029,519,32,487
205000045,140,651,-511
205000046,243,849,-606
205000047,79,1220,-1141
205000048,520,443,77
205000049,191,476,-285
205000050,1867,306,1561
205000059,0,196,-196
205000060,1,196,-195
205000061,2,443,-441
205000062,1,596,-595
205000063,29,625,-596
205000064,20,104,-84
205000065,177,541,-364
205000066,116,413,-297
205000067,69,434,-365
205000069,184,31,153
205000082,186,229,-43
205000110,85,145,-60
205000111,209,141,68
205000112,216,203,13
205000113,95,162,-67
205000121,240,80,160
205000123,46,110,-64
205000126,621,112,509
205000127,865,146,719
205000128,499,60,439
205000129,897,57,840
205000130,112,33,79
205000131,42,14,28
205000132,54,4,50
205000133,22,0,22
205000134,320,2,318
205000137,127,81,46
205000138,121,259,-138
205000139,36,89,-53
205000144,126,105,21
205000145,522,175,347
205000151,203,34,169
205000152,217,24,193
205000153,328,32,296
205000154,81,50,31
205000155,121,21,100
205000207,3,118,-115
205000233,17,0,17
205000234,0,2,-2
205000243,0,1,-1
205000244,0,2,-2
205000245,7,246,-239
205000249,1,23,-22
205000250,12,6,6
205000264,4,84,-80
206000027,15,4,11
206000028,3,4,-1
206000043,7,49,-42
206000053,3,5,-2
206000054,1,8,-7
206000055,0,20,-20
206000075,15,26,-11
206000076,34,8,26
206000077,23,3,20
206000078,25,9,16
206000079,43,15,28
206000082,333,130,203
206000100,28,498,-470
206000103,5,5,0
206000104,14,12,2
206000105,5,10,-5
206000106,3,22,-19
206000108,698,81,617
206000125,121,1,120
206000157,43,464,-421
206000170,0,128,-128
206000171,4,176,-172
206000172,23,111,-88
206000173,5,105,-100
206000174,18,33,-15
206000175,2,27,-25
206000176,20,98,-78
206000177,1,44,-43
206000178,0,172,-172
206000179,0,162,-162
206000180,4,75,-71
206000181,17,23,-6
206000182,3,48,-45
206000183,4,104,-100
206000184,4,110,-106
206000185,7,42,-35
206000186,78,249,-171
206000223,6,279,-273
206000226,40,2,38
206000227,22,3,19
206000237,56,129,-73
206000238,29,187,-158
206000239,195,1264,-1069
206000240,1,54,-53
206000241,0,55,-55
206000242,8,125,-117
206000243,9,58,-49
206000244,28,161,-133
206000245,1862,70,1792
206000246,598,12,586
206000247,647,10,637
206000248,763,36,727
206000252,76,59,17
206000258,10,49,-39
206000315,48,11,37
206000317,803,222,581
206000318,1132,118,1014
206000319,3352,95,3257
206000320,664,52,612
206000321,657,18,639
206000322,1019,25,994
206000323,325,9,316
206000324,401,17,384
206000325,308,16,292
206000326,286,28,258
206000327,53,20,33
206000328,349,14,335
206000329,585,8,577
206000330,72,4,68
206000331,471,7,464
206000332,117,1,116
206000333,1390,0,1390
206000334,586,1,585
206000335,1,11,-10
206000361,1,149,-148
206000392,0,18,-18
206000405,191,18,173
206000441,94,27,67
206000498,62,2,60
206000515,88,75,13
206000530,581,85,496
206000531,295,488,-193
206000532,1641,791,850
206000535,137,4400,-4263
206000536,19,50,-31
206000537,10,124,-114
206000613,1608,427,1181
207000001,122,534,-412
207000002,123,373,-250
207000003,139,171,-32
207000007,1789,254,1535
207000008,247,2,245
207000009,69,50,19
207000010,307,267,40
207000012,664,239,425
207000015,243,464,-221
207000019,302,121,181
207000021,535,268,267
207000022,163,155,8
207000023,342,123,219
207000024,8,25,-17
207000025,40,135,-95
207000026,94,37,57
207000027,21,59,-38
207000028,94,153,-59
207000029,148,360,-212
207000033,365,504,-139
207000034,401,168,233
207000039,720,106,614
207000040,722,43,679
207000041,200,74,126
207000042,382,76,306
207000043,329,163,166
207000051,125,172,-47
207000052,9,163,-154
207000053,390,342,48
207000054,75,60,15
207000055,197,58,139
207000056,281,160,121
207000057,151,569,-418
207000058,190,248,-58
207000059,103,187,-84
207000060,89,243,-154
207000061,183,986,-803
207000062,645,43,602
207000063,675,49,626
207000064,357,87,270
207000065,333,238,95
207000066,436,181,255
207000067,69,54,15
207000068,151,33,118
207000069,863,292,571
207000082,4,95,-91
207000083,98,130,-32
207000084,566,335,231
207000085,279,37,242
207000086,373,7,366
207000106,62,25,37
207000107,127,5,122
207000108,88,10,78
207000109,108,8,100
207000110,61,80,-19
207000111,100,103,-3
207000112,110,1357,-1247
207000114,31,21,10
207000115,49,41,8
207000116,25,429,-404
207000117,9,61,-52
207000118,8,50,-42
207000119,24,31,-7
207000123,255,16,239
207000124,161,27,134
207000125,77,34,43
207000126,66,42,24
207000134,161,84,77
207000135,30,109,-79
207000148,126,485,-359
207000149,50,26,24
207000152,121,414,-293
207000153,327,967,-640
207000154,416,242,174
207000159,143,113,30
207000160,189,213,-24
207000238,1,151,-150
207000242,5,71,-66
207000248,56,49,7
207000249,137,14,123
207000250,421,126,295
207000251,88,144,-56
207000252,51,46,5
207000278,172,116,56
207000279,24,108,-84
207000280,1320,81,1239
207000281,198,285,-87
207000282,99,328,-229
207000283,41,215,-174
207000284,42,887,-845
207000285,65,94,-29
207000291,20,82,-62
207000304,120,65,55
207000306,70,282,-212
207000310,146,84,62
207000353,123,1,122
207000356,6,90,-84
207000357,9,21,-12
207000358,2,28,-26
207000415,6,102,-96
207000417,43,8,35
207000418,68,136,-68
207000438,0,1,-1
207000439,598,574,24
207000446,176,3,173
207000460,110,9,101
207000466,213,111,102
207000467,563,93,470
207000468,53,131,-78
207000476,18,24,-6
207000477,1005,33,972
207000478,0,127,-127
207000523,0,19,-19
207000524,48,0,48
207000527,231,182,49
207000530,804,4,800
207000531,335,9,326
207000532,245,34,211
207000534,234,43,191
207000535,32,515,-483
207000537,22,65,-43
207000540,3,101,-98
207000541,5,204,-199
207000548,8,201,-193
207000549,492,21,471
207000561,249,208,41
207000562,21,92,-71
207000567,68,269,-201
207000568,395,22,373
207000569,989,189,800
207000584,95,209,-114
207000585,54,277,-223
207000616,0,49,-49
207000617,286,0,286
207900008,401,80,321
208000001,580,1544,-964
208000002,773,830,-57
208000003,929,507,422
208000004,810,922,-112
208000005,4,19,-15
208000019,1104,608,496
208000020,283,339,-56
208000021,341,271,70
208000022,1090,486,604
208000028,1218,3218,-2000
208000033,609,396,213
208000034,1173,2182,-1009
208000037,286,25,261
208000040,261,92,169
208000041,1128,521,607
208000042,1334,537,797
208000047,221,197,24
208000064,1960,1797,163
208000066,1458,2414,-956
208000070,647,354,293
208000071,867,435,432
208000072,615,796,-181
208000080,346,576,-230
208000081,506,100,406
208000082,444,112,332
208000083,211,152,59
208000084,19,22,-3
208000085,696,417,279
208000086,488,919,-431
208000087,404,762,-358
208000089,1166,328,838
208000090,1300,417,883
208000093,64,123,-59
208000094,581,321,260
208000095,907,507,400
208000104,1448,500,948
208000105,949,734,215
208000114,83,360,-277
208000115,573,325,248
208000116,1155,1214,-59
208000117,44,100,-56
208000118,166,239,-73
208000155,689,1457,-768
208000158,1659,3987,-2328
208000186,1261,3080,-1819
208000204,1023,1383,-360
208000205,1745,775,970
208000282,1320,2490,-1170
209000004,750,288,462
209000005,82,54,28
209000006,450,244,206
209000007,469,572,-103
209000010,295,205,90
209000011,150,349,-199
209000012,104,131,-27
209000013,351,172,179
209000014,412,538,-126
209000025,636,81,555
209000026,1188,110,1078
209000027,302,296,6
209000028,257,265,-8
209000029,370,1044,-674
209000030,274,1308,-1034
209000031,2299,1352,947
209000034,338,296,42
209000035,247,294,-47
209000036,407,214,193
209000037,488,255,233
209000038,274,205,69
209000039,109,139,-30
209000040,440,555,-115
209000041,161,368,-207
209000042,326,280,46
209000043,628,622,6
209000044,290,767,-477
209000045,696,323,373
209000046,620,452,168
209000047,418,264,154
209000048,566,546,20
209000049,120,45,75
209000050,167,58,109
209000051,192,125,67
209000052,151,121,30
209000062,62,25,37
209000063,47,40,7
209000064,23,26,-3
209000065,200,49,151
209000066,164,23,141
209000067,238,37,201
209000080,22,198,-176
209000082,100,73,27
209000091,13,58,-45
209000093,15,31,-16
209000094,36,110,-74
209000110,66,232,-166
209000111,805,2631,-1826
209000112,1805,685,1120
209000113,2523,989,1534
209000114,1183,840,343
209000115,62,45,17
209000116,281,200,81
209000118,15,82,-67
209000119,12,15,-3
209000121,87,367,-280
209000135,60,261,-201
209000142,611,2968,-2357
209000143,49,53,-4
209000144,84,289,-205
209000229,193,110,83
209000240,32,179,-147
209000259,28,47,-19
209000260,71,948,-877
209000261,5,383,-378
209000262,1,212,-211
209000263,0,409,-409
209000264,4,336,-332
209000265,438,36,402
209000266,110,1,109
209000267,1737,19,1718
209000268,542,115,427
210000037,174,29,145
210000047,131,19,112
210000048,246,29,217
210000049,74,11,63
210000052,127,75,52
210000053,75,45,30
210000054,17,60,-43
210000070,222,7,215
210000071,131,1,130
210000072,51,0,51
210000073,0,36,-36
210000074,0,108,-108
210000075,1,227,-226
210000076,13,222,-209
210000077,1,195,-194
210000078,38,123,-85
210000079,14,14,0
210000080,36,115,-79
210000081,200,33,167
210000082,46,4,42
210000083,62,1,61
210000084,88,1,87
210000085,1,40,-39
210000086,1,81,-80
210000099,86,159,-73
210000100,98,139,-41
210000101,110,135,-25
210000105,47,303,-256
210000159,0,283,-283
210000163,123,357,-234
210000164,190,398,-208
210000168,167,69,98
210000187,0,54,-54
210000188,2,32,-30
210000214,12,0,12
210000219,112,79,33
210000220,202,35,167
210000232,8,13,-5
210000233,98,54,44
210000234,42,100,-58
210000235,114,52,62
210000245,0,73,-73
210000246,18,1,17
210000258,28,82,-54
210000259,315,79,236
210000282,64,213,-149
210000285,2,177,-175
210000286,10,190,-180
210000290,1,12,-11
210000295,53,218,-165
210000296,69,52,17
210000320,306,29,277
210000321,183,25,158
210000338,71,93,-22
210000339,163,977,-814
210000340,175,433,-258
210000341,196,262,-66
210000342,281,165,116
210000343,167,199,-32
210000344,99,234,-135
210000345,121,312,-191
210000346,76,131,-55
210000347,69,64,5
210000348,95,65,30
210000349,44,53,-9
210000350,132,38,94
210000351,176,42,134
210000352,71,34,37
210000353,72,48,24
210000354,57,39,18
210000355,19,82,-63
210000356,28,102,-74
210000357,49,103,-54
210000358,341,268,73
210000359,61,162,-101
210000360,185,287,-102
210000361,190,167,23
210000362,241,241,0
210000363,412,317,95
210000364,211,208,3
210000365,160,118,42
210000366,168,62,106
210000367,112,32,80
210000368,158,55,103
210000369,22,34,-12
210000370,54,58,-4
210000372,21,21,0
210000373,19,41,-22
210000374,64,41,23
210000375,38,25,13
210000376,48,109,-61
210000404,38,121,-83
210000439,59,15,44
210000472,33,2,31
210000482,42,159,-117
210000564,133,266,-133
210000567,0,49,-49
210000568,221,4,217
211000092,58,27,31
211000094,70,12,58
211000169,251,27,224
211000172,11,155,-144
211000209,3,158,-155
211000226,10,51,-41
211000270,41,7,34
211000275,39,22,17
211000276,197,25,172
211000279,30,42,-12
211000281,131,31,100
211507980,0,86,-86
211977296,37,2,35
212000003,160,36,124
212000004,19,70,-51
212000005,10,66,-56
212000006,30,103,-73
212000008,237,107,130
212000009,58,66,-8
212000012,90,38,52
212000013,22,17,5
212000014,287,91,196
212000015,323,132,191
212000016,561,364,197
212000027,513,282,231
212000028,380,262,118
212000029,209,157,52
212000030,56,21,35
212000031,68,40,28
212000048,25,427,-402
212000049,24,276,-252
212000050,41,18,23
212000051,310,77,233
212000052,248,146,102
212000053,248,208,40
212000054,621,71,550
212000055,438,101,337
212000056,17,14,3
212000057,10,29,-19
212000058,130,20,110
212000070,110,121,-11
212000077,153,352,-199
212000099,394,190,204
212000108,267,188,79
212000111,315,80,235
212000120,193,85,108
212000138,154,25,129
212000156,0,53,-53
212000158,15,26,-11
212000159,651,28,623
212000160,910,123,787
212000161,87,4,83
212000310,67,13,54
212000311,12,43,-31
212000374,52,19,33
213000001,23,564,-541
213000005,702,171,531
213000006,846,290,556
213000007,72,13,59
213000009,407,270,137
213000010,378,212,166
213000011,220,140,80
213000012,141,231,-90
213000014,100,25,75
213000015,308,11,297
213000016,401,6,395
213000017,110,0,110
213000018,4,22,-18
213000019,3,67,-64
213000020,193,181,12
213000021,6,69,-63
213000023,540,320,220
213000033,357,1387,-1030
213000034,551,182,369
213000035,149,280,-131
213000045,358,309,49
213000046,195,179,16
213000047,340,976,-636
213000056,199,28,171
213000069,80,8,72
213000073,0,71,-71
213000074,249,691,-442
213000075,797,6,791
213000076,24,0,24
213000085,6,23,-17
213000086,21,141,-120
213000091,463,19,444
213000092,55,23,32
213000099,171,1501,-1330
213000100,839,298,541
213000101,815,75,740
213000102,850,126,724
213000103,1028,624,404
213000104,94,290,-196
213000105,138,1800,-1662
213000106,27,118,-91
213000107,138,250,-112
213000108,37,242,-205
213000109,6,106,-100
213000110,15,84,-69
213000111,7,83,-76
213000112,48,125,-77
213000115,82,11,71
213000116,97,521,-424
213000117,24,523,-499
213000118,1212,265,947
213000119,46,423,-377
213000120,91,189,-98
213000122,189,275,-86
213000123,222,545,-323
213000124,299,936,-637
213000125,258,69,189
213000126,55,182,-127
213000127,36,338,-302
213000128,136,1305,-1169
213000129,235,1037,-802
213000130,1581,494,1087
213000132,832,161,671
213000133,1421,119,1302
213000134,1901,23,1878
213000136,699,29,670
213000137,1002,94,908
213000139,129,22,107
213000147,60,5,55
213000148,26,11,15
213000149,39,11,28
213000150,1,332,-331
213000151,2,237,-235
213000152,3,165,-162
213000153,4,208,-204
213000154,127,318,-191
213000155,80,182,-102
213000156,145,229,-84
213000157,956,287,669
213000158,488,720,-232
213000159,967,293,674
213000163,1978,222,1756
213000165,1201,465,736
213000171,0,17,-17
213000172,2,90,-88
213000173,0,76,-76
213000174,4,63,-59
213000175,15,48,-33
213000176,143,31,112
213000177,170,5,165
213000178,366,5,361
213000179,395,2,393
213000180,338,0,338
213000184,70,501,-431
213000188,706,87,619
213000189,846,37,809
213000190,746,475,271
213000191,717,258,459
213000192,459,135,324
213000193,517,271,246
213000194,2,137,-135
213000195,33,267,-234
213000196,257,1460,-1203
213000197,764,780,-16
213000198,47,4,43
213000200,86,571,-485
213000201,22,84,-62
213000202,42,422,-380
213000203,1966,432,1534
213000204,1033,34,999
213000205,617,76,541
213000206,648,31,617
213000207,99,10,89
213000208,64,6,58
213000209,107,6,101
213000210,290,1,289
213000211,9,27,-18
213000212,25,35,-10
213000213,29,61,-32
213000218,436,374,62
213000219,1012,30,982
213000220,962,18,944
213000223,176,243,-67
213000224,20,79,-59
213000225,104,24,80
213000226,94,36,58
213000227,1510,211,1299
213000228,637,126,511
213000229,66,27,39
213000230,618,18,600
213000232,76,223,-147
213000233,12,295,-283
213000234,3,86,-83
213000293,20,75,-55
213000294,72,35,37
213000295,41,84,-43
213000296,66,18,48
213000297,11,118,-107
213000298,14,72,-58
213000299,50,17,33
213000300,12,9,3
213000303,6,31,-25
213000304,6,21,-15
213000305,5,24,-19
213000306,40,279,-239
213000307,112,192,-80
213000308,103,187,-84
213000309,178,82,96
213000310,455,333,122
213000311,125,1112,-987
213000315,103,183,-80
213000316,256,79,177
213000322,121,42,79
213000323,232,111,121
213000324,140,22,118
213000325,127,47,80
213000326,101,23,78
213000327,113,23,90
213000328,62,102,-40
213000329,180,19,161
213000340,179,274,-95
213000341,1164,87,1077
213000346,203,325,-122
213000347,299,746,-447
213000348,9,582,-573
213000349,13,29,-16
213000350,328,964,-636
213000366,105,167,-62
213000367,504,33,471
213000379,74,358,-284
213000386,32,62,-30
213000406,225,147,78
213000417,2268,588,1680
213000425,363,87,276
213000426,263,34,229
213000427,97,109,-12
213000428,81,73,8
213000429,14,13,1
213000430,160,345,-185
213000431,23,5,18
213000432,1,84,-83
213000433,37,74,-37
213000434,204,149,55
213000435,231,115,116
213000436,79,54,25
213000437,9,17,-8
213000438,284,50,234
213000439,68,13,55
213000440,13,152,-139
213000441,7,2,5
213000442,4,23,-19
213000443,507,367,140
213000444,85,24,61
213000445,0,75,-75
213000446,0,56,-56
213000447,0,54,-54
213000448,20,240,-220
213000449,1203,21,1182
213000450,18,36,-18
213000451,408,103,305
213000452,25,38,-13
213000453,45,264,-219
213000455,156,5,151
213000456,1,305,-304
213000481,0,2,-2
213000482,30,0,30
213000489,211,61,150
213000491,7,261,-254
213000492,91,0,91
213000493,3,195,-192
213000494,418,144,274
213000495,0,18,-18
213000496,848,118,730
213000497,71,180,-109
213000498,195,65,130
213000499,331,143,188
213000500,923,73,850
213000501,240,73,167
213000502,241,191,50
213000503,0,23,-23
213000504,41,29,12
213000505,7,1,6
213000506,0,9,-9
213000507,1,80,-79
213900016,0,6,-6
213900244,96,0,96
213900245,1,23,-22
218000003,50,46,4
218000004,41,39,2
218000005,38,43,-5
218000006,80,34,46
218000007,21,14,7
218000012,174,140,34
218000013,148,260,-112
218000014,396,319,77
218000019,500,582,-82
218000020,207,340,-133
218000021,37,44,-7
218000022,34,19,15
218000023,6,22,-16
218000024,1,5,-4
218000025,2,16,-14
218000026,9,21,-12
218000027,0,7,-7
218000028,2,2,0
218000029,3,4,-1
218000030,14,8,6
218000031,3,13,-10
218000032,0,19,-19
218000040,6,3,3
218000046,101,62,39
218000047,24,49,-25
218000048,69,39,30
218000049,52,41,11
218000050,241,158,83
218000051,75,135,-60
218000052,2,40,-38
218000053,2,37,-35
218000054,12,45,-33
218000055,5,28,-23
218000056,24,38,-14
218000057,3,26,-23
218000064,1,12,-11
218000065,88,128,-40
218000066,15,38,-23
218000067,111,62,49
218000068,131,93,38
218000069,379,96,283
218000070,201,162,39
218000071,204,145,59
218000072,151,361,-210
218000078,1521,349,1172
218000079,334,58,276
218000080,298,69,229
218000081,920,144,776
218000082,136,57,79
218000083,171,38,133
218000084,236,76,160
218000085,207,166,41
218000086,122,86,36
218000087,220,84,136
218000090,9,150,-141
218000091,1252,544,708
218000092,124,118,6
218000093,109,54,55
218000094,512,380,132
218000099,313,658,-345
218000100,515,346,169
218000101,452,147,305
218000102,738,164,574
218000103,144,84,60
218000104,158,24,134
218000105,48,43,5
218000106,14,18,-4
218000107,150,25,125
218000108,11,28,-17
218000112,112,63,49
218000117,31,104,-73
218000134,720,295,425
218000135,16,87,-71
218000136,221,92,129
218000137,255,140,115
218000138,80,131,-51
218000139,228,256,-28
218000140,715,312,403
218000141,136,59,77
218000142,213,152,61
218000143,84,554,-470
218000144,32,207,-175
218000145,653,302,351
218000146,222,163,59
218000151,12,21,-9
218000152,122,56,66
218000153,10,18,-8
218000154,18,5,13
218000155,70,11,59
218000156,144,8,136
218000157,83,13,70
218000158,30,36,-6
218000159,8,35,-27
218000160,9,9,0
218000161,103,8,95
218000162,75,9,66
218000163,25,8,17
218000164,128,8,120
218000165,181,39,142
218000170,3,34,-31
218000171,59,7,52
218000172,10,12,-2
218000173,21,21,0
218000174,18,24,-6
218000176,235,57,178
218000177,402,283,119
218000178,86,295,-209
218000179,136,75,61
218000180,139,28,111
218000181,299,63,236
218000187,18,58,-40
218000188,31,95,-64
218000189,62,116,-54
218000190,28,19,9
218000191,202,40,162
218000192,293,168,125
218000193,637,281,356
218000194,156,234,-78
218000195,185,40,145
218000196,446,205,241
218000197,692,186,506
218000198,29,52,-23
218000199,44,6,38
218000200,76,17,59
218000201,21,12,9
218000202,82,502,-420
218000207,4,15,-11
218000208,34,29,5
218000211,35,74,-39
218000212,0,8,-8
218000213,140,112,28
218000214,6,32,-26
218000215,54,18,36
218000217,4,63,-59
218000218,182,44,138
218000219,7,67,-60
218000220,69,816,-747
218000221,477,197,280
218000222,2,83,-81
218000223,68,559,-491
218000224,14,274,-260
218000225,220,46,174
218000226,233,125,108
218000230,0,8,-8
218000232,51,68,-17
218000239,125,20,105
218000240,10,7,3
218000241,21,0,21
218000242,8,0,8
218000243,22,13,9
218000244,15,9,6
218000245,58,3,55
218000246,1,0,1
218000247,1,0,1
218000248,0,45,-45
218000249,0,7,-7
218000250,10,40,-30
218000251,4,79,-75
218000252,1,297,-296
218000253,0,120,-120
218000254,0,40,-40
218000255,1,35,-34
218000256,5,62,-57
218000267,433,1030,-597
218000268,1,32,-31
218000269,4,16,-12
218000270,162,57,105
218000271,13,32,-19
218000273,38,1,37
218000274,6,11,-5
218000275,54,50,4
218000276,16,17,-1
218000278,3,70,-67
218000279,122,40,82
218000280,8,32,-24
218000281,19,21,-2
218000282,472,893,-421
218000284,67,9,58
218000301,99,156,-57
218000302,97,45,52
218000303,11,31,-20
218000316,1139,718,421
218000317,2071,598,1473
218000318,1480,423,1057
218000319,1658,625,1033
218000320,1438,552,886
218000338,41,112,-71
218000345,80,102,-22
218000346,37,224,-187
218000459,20,128,-108
218000490,15,69,-54
218000501,119,50,69
218000502,92,24,68
218000503,125,31,94
218000504,121,22,99
218000505,47,64,-17
218000506,28,217,-189
218000508,0,6,-6
218000510,106,10,96
218000520,123,100,23
218000521,7,24,-17
218000522,1,209,-208
218000523,173,1,172
218000524,9,780,-771
218000525,89,42,47
218000526,23,420,-397
218000529,35,63,-28
218000530,40,5,35
218000531,28,20,8
218000532,62,34,28
218000534,230,24,206
218000537,17,78,-61
218000538,80,634,-554
218000540,104,151,-47
218000543,190,72,118
218000544,30,62,-32
218000545,86,82,4
218000546,35,46,-11
218000547,184,196,-12
218000548,88,66,22
218000549,887,387,500
218000550,217,165,52
218000551,108,561,-453
218000552,284,292,-8
218000553,25,81,-56
218000554,22,66,-44
218000555,30,43,-13
218000556,175,173,2
218000557,614,143,471
218000558,97,0,97
218000559,0,50,-50
218000560,0,43,-43
218000561,4,0,4
218000562,16,161,-145
218000563,265,35,230
218000564,17,129,-112
218000565,78,98,-20
218000566,90,35,55
218000567,2,182,-180
218000568,23,7,16
218000569,3,444,-441
218000570,39,39,0
218000571,0,178,-178
218000572,138,9,129
218000573,4,345,-341
218000574,47,65,-18
218000575,140,0,140
218000576,0,102,-102
218000577,129,0,129
218000578,0,196,-196
218000579,15,37,-22
218000581,8,73,-65
218000582,70,13,57
218000583,6,0,6
218000584,1,45,-44
218000585,78,24,54
218000586,22,58,-36
218000587,3,3,0
218000588,0,4,-4
218000589,0,14,-14
218000590,6,2,4
218000591,0,2,-2
218000592,16,1,15
218000593,0,0,0
218000594,0,0,0
218000595,0,0,0
218000596,0,0,0
218000597,0,0,0
218000598,0,0,0
218000599,1,0,1
218000600,0,1,-1
218000601,0,0,0
218000602,0,4,-4
218000603,0,2,-2
218000604,15,1,14
218000605,0,23,-23
218000606,137,0,137
218000607,16,76,-60
218000608,83,27,56
218000609,13,75,-62
218000610,108,22,86
218000611,50,6,44
218000612,6,34,-28
218000613,57,1,56
218000614,1,72,-71
218000615,245,11,234
218000616,3,171,-168
218000617,5,2,3
218000618,0,28,-28
218000619,50,42,8
218000620,16,53,-37
218000621,0,5,-5
218000622,0,38,-38
218000623,55,1,54
218000624,1,89,-88
218000625,4,6,-2
218000626,0,33,-33
218000628,214,91,123
218000631,49,27,22
218000632,0,166,-166
218000633,90,1,89
218000634,4,17,-13
218000635,5,14,-9
218000636,986,553,433
218000637,1167,307,860
218000638,279,30,249
218000639,42,48,-6
218000640,578,33,545
218000641,106,107,-1
218000652,81,22,59
218000653,266,79,187
218000663,14,22,-8
218000675,22,74,-52
218000676,8,11,-3
218000677,45,2,43
218000680,212,175,37
218000681,592,151,441
218000691,248,111,137
218000693,569,74,495
218000703,10,11,-1
218000718,41,304,-263
218000719,76,400,-324
218000720,3,360,-357
218000721,66,97,-31
218000725,9,6,3
218001214,6,286,-280
218001258,126,1,125
218001329,114,86,28
218001330,77,80,-3
218001351,27,7,20
218001352,13,27,-14
218001353,5,6,-1
218001354,1,29,-28
218001356,724,30,694
218001358,413,6,407
218001361,390,9,381
219000001,13,59,-46
219000002,31,58,-27
219000003,69,51,18
219000004,58,68,-10
219000017,106,139,-33
219000020,206,53,153
219000022,141,1,140
219000023,63,0,63
219000029,3,71,-68
219000034,39,32,7
219000039,52,276,-224
219000040,54,117,-63
219000041,182,34,148
219000051,0,65,-65
219000052,0,45,-45
219000053,0,64,-64
219000054,25,114,-89
219000055,350,0,350
219000056,14,0,14
219000057,53,1,52
219000062,9,74,-65
219000063,105,7,98
219000064,1,65,-64
219000110,226,124,102
219000111,72,41,31
219000112,183,28,155
219000113,217,35,182
219000114,127,36,91
219000116,186,73,113
219000117,221,93,128
219000118,157,96,61
219000123,185,70,115
219000124,47,58,-11
219000125,16,8,8
219000126,52,183,-131
219000127,1,11,-10
219000128,23,137,-114
219000129,13,147,-134
219000130,232,602,-370
219000131,617,1254,-637
219000133,36,74,-38
219000134,16,38,-22
219000135,36,98,-62
219000136,123,186,-63
219000138,95,12,83
219000139,114,24,90
219000140,133,8,125
219000141,54,43,11
219000142,21,36,-15
219000143,19,53,-34
219000145,19,49,-30
219000146,11,8,3
219000147,12,50,-38
219000148,6,19,-13
219000149,13,45,-32
219000150,2,58,-56
219000151,8,7,1
219000157,329,87,242
219000158,167,151,16
219000161,195,13,182
219000163,1289,482,807
219000166,152,189,-37
219000167,144,126,18
219000168,187,81,106
219000174,487,154,333
219000175,162,9,153
219000176,244,12,232
219000177,154,3,151
219000178,102,1,101
219000179,48,6,42
219000180,43,46,-3
219000182,180,26,154
219000183,101,27,74
219000184,145,21,124
219000185,5,21,-16
219000186,59,15,44
219000187,17,68,-51
219000189,43,234,-191
219000190,24,256,-232
219000191,170,1934,-1764
219000192,187,179,8
219000193,110,180,-70
219000195,7,51,-44
219000196,5,110,-105
219000198,20,71,-51
219000199,43,122,-79
219000200,74,130,-56
219000201,56,194,-138
219000203,34,131,-97
219000204,39,399,-360
219000205,26,237,-211
219000207,71,156,-85
219000209,35,32,3
219000210,9,160,-151
219000213,9,175,-166
219000239,240,213,27
219000240,175,515,-340
219000241,217,158,59
219000242,76,215,-139
219000243,136,283,-147
219000244,31,67,-36
219000245,17,46,-29
219000246,30,75,-45
219000247,238,39,199
219000248,449,536,-87
219000249,182,165,17
219000250,225,92,133
219000251,655,295,360
219000252,362,192,170
219000253,411,84,327
219000255,192,165,27
219000256,403,57,346
219000257,177,0,177
219000262,79,71,8
219000263,111,79,32
219000267,6,51,-45
219000268,8,13,-5
219000269,6,2,4
219000270,20,2,18
219000271,247,3,244
219000278,0,21,-21
219000279,0,10,-10
219000283,0,51,-51
219000295,35,79,-44
219000296,90,242,-152
219000297,18,61,-43
219000298,24,32,-8
219000299,383,67,316
219000300,52,94,-42
219000301,97,266,-169
219000302,29,168,-139
219000307,44,14,30
219000308,108,46,62
219000311,279,94,185
219000312,571,168,403
219000313,634,48,586
219000314,55,197,-142
219000315,386,57,329
219000316,855,59,796
219000317,192,28,164
219000320,5,113,-108
219000321,1,46,-45
219000323,7,89,-82
219000325,4,11,-7
219000326,66,30,36
219000327,67,20,47
219000328,15,34,-19
219000329,250,95,155
219000330,26,42,-16
219000331,52,75,-23
219000332,159,91,68
219000333,39,21,18
219000335,86,0,86
219000337,46,1,45
219000338,61,1,60
219000344,21,74,-53
219000345,90,27,63
219000346,38,44,-6
219000348,179,57,122
219000349,64,92,-28
219000350,61,458,-397
219000351,1,5,-4
219000352,265,78,187
219000353,133,52,81
219000354,233,60,173
219000355,208,54,154
219000356,394,2037,-1643
219000363,122,97,25
219000364,135,71,64
219000365,99,17,82
219000366,160,671,-511
219000368,349,520,-171
219000370,627,825,-198
219000371,9,22,-13
219000382,5,49,-44
219000383,241,1775,-1534
219000385,302,730,-428
219000386,716,1777,-1061
219000387,0,43,-43
219000390,3,7,-4
219000391,5,0,5
219000397,30,29,1
219000398,64,57,7
219000401,25,95,-70
219000402,29,66,-37
219000403,70,313,-243
219000404,17,102,-85
219000407,11,66,-55
219000409,101,60,41
219000410,151,48,103
219000411,81,11,70
219000446,81,436,-355
219000447,1,21,-20
219000448,5,26,-21
219000452,66,75,-9
219000453,51,231,-180
219000454,179,356,-177
219000556,484,111,373
219000558,119,141,-22
219000590,33,220,-187
219000591,191,106,85
219000592,69,218,-149
219000595,7,14,-7
219000635,252,50,202
219000636,105,46,59
219000657,23,16,7
219000658,33,192,-159
219000673,2,128,-126
219000676,22,33,-11
219000679,24,6,18
219000684,147,12,135
219000685,0,35,-35
219000686,1,6,-5
219000688,0,31,-31
219000689,16,205,-189
219000690,143,33,110
219000691,36,165,-129
219000692,150,36,114
219000693,2,21,-19
219000694,29,0,29
219000695,45,3,42
219000698,24,0,24
219000699,0,59,-59
219000727,0,107,-107
219000728,90,0,90
219000770,90,0,90
219000771,2,78,-76
219000788,205,384,-179
219001150,1,44,-43
219001151,1,10,-9
219001166,32,57,-25
219001167,5,54,-49
219001178,40,1,39
220000001,53,162,-109
220000002,14,95,-81
220000003,255,115,140
220000004,396,267,129
220000005,630,1613,-983
220000006,152,697,-545
220000007,359,202,157
220000008,291,397,-106
220000009,277,363,-86
220000010,92,67,25
220000011,388,3734,-3346
220000012,65,393,-328
220000014,157,70,87
220000015,123,545,-422
220000017,23,363,-340
220000018,6830,3152,3678
220000019,151,575,-424
220000020,693,168,525
220000021,1067,215,852
220000022,1473,350,1123
220000023,399,191,208
220000024,1256,638,618
220000025,1156,2367,-1211
220000026,324,691,-367
220000027,27,194,-167
220000028,49,113,-64
220000029,17,66,-49
220000030,43,85,-42
220000031,822,433,389
220000064,44,1360,-1316
221000046,1,0,1
221000047,0,0,0
221000048,0,0,0
221000049,0,12,-12
221000050,14,0,14
221000055,52,45,7
221000057,137,12,125
221000068,277,108,169
221000069,380,54,326
221000070,253,21,232
221000071,121,12,109
221000072,321,11,310
221000073,210,27,183
221000074,0,9,-9
221000075,13,28,-15
221000076,6,24,-18
221000077,8,70,-62
221000081,4,4,0
221000082,89,19,70
221000083,42,10,32
221000084,24,19,5
221000085,15,43,-28
221000086,20,100,-80
221000087,4,123,-119
221000088,7,111,-104
221000089,36,219,-183
221000090,41,503,-462
221000098,172,16,156
221000099,229,7,222
221000100,108,4,104
221000101,170,13,157
221000102,150,18,132
221000109,10,104,-94
221000110,12,36,-24
221000111,19,98,-79
221000112,4,77,-73
221000113,15,76,-61
221000114,12,78,-66
221000120,39,47,-8
221000121,5,60,-55
221000122,41,85,-44
221000123,2,35,-33
221000124,15,85,-70
221000155,203,15,188
221000156,109,87,22
221000175,0,14,-14
221000176,1,2,-1
221000182,67,5,62
221000241,331,361,-30
221000242,152,342,-190
221000243,411,309,102
221000244,193,352,-159
221000245,76,66,10
221000246,42,204,-162
221000247,135,55,80
221000248,167,84,83
221000267,51,1027,-976
221000325,38,184,-146
221000331,4,35,-31
221000338,22,44,-22
221000378,425,37,388
221000381,56,68,-12
222000282,9,2,7
222000296,2,11,-9
222000568,480,21,459
222000569,248,60,188
222000570,233,49,184
222000571,620,35,585
222000577,31,70,-39
222000578,21,70,-49
222000579,31,93,-62
222000580,41,562,-521
222000599,0,79,-79
222000600,3,159,-156
222000601,5,641,-636
222000603,23,73,-50
222000604,3,89,-86
222000605,10,133,-123
222000606,5,63,-58
222000607,4,34,-30
222000608,31,50,-19
222000609,84,81,3
222000616,649,38,611
222000617,14,30,-16
222000618,2,9,-7
222000620,32,14,18
222000621,45,39,6
222000623,746,19,727
222000624,574,10,564
222000625,1535,10,1525
222000636,76,3,73
222000686,48,17,31
222000687,43,46,-3
222001066,594,6,588
222001067,87,0,87
222001068,94,24,70
222001069,161,23,138
222001082,33,16,17
222001083,71,19,52
222001084,1,30,-29
222001085,0,347,-347
222001111,168,49,119
222001112,279,47,232
222001313,16,24,-8
222001314,9,95,-86
222001464,57,46,11
222001465,18,137,-119
222001484,235,69,166
222001485,18,43,-25
222001494,1061,143,918
222001495,135,98,37
222001496,586,98,488
222001497,97,154,-57
222001502,8,52,-44
222001503,234,28,206
222001504,38,159,-121
222001505,598,16,582
222001506,53,233,-180
222001507,390,20,370
222001510,889,50,839
222001511,75,213,-138
222001514,1275,169,1106
222001515,96,325,-229
222001518,821,53,768
222001519,52,85,-33
222001527,238,135,103
222001528,21,129,-108
222001529,602,36,566
222001530,92,125,-33
222001533,118,124,-6
222001534,746,83,663
222001535,389,363,26
222001536,61,94,-33
222001537,589,56,533
222001538,55,706,-651
222001563,1421,213,1208
222001564,102,140,-38
222001568,255,245,10
222001576,0,7,-7
222001579,0,20,-20
222001583,4,51,-47
222001584,140,26,114
222001596,734,2452,-1718
222001597,1477,1239,238
222001626,0,85,-85
222001650,44,240,-196
222001651,52,534,-482
222001914,362,68,294
222001915,23,218,-195
222001968,586,281,305
222001969,257,438,-181
222001970,245,457,-212
222001971,68,13,55
222001972,9,11,-2
225000001,505,123,382
225000002,746,146,600
225000003,875,59,816
225000004,606,285,321
225000005,74,47,27
225000006,0,192,-192
225000007,1065,998,67
225000010,299,10,289
225000011,448,1416,-968
225000012,443,807,-364
225000013,202,95,107
225000014,667,116,551
225000015,102,91,11
225000021,794,118,676
225000027,192,375,-183
225000032,733,128,605
225000042,71,469,-398
225000049,38,58,-20
225000050,140,5,135
225000053,3,232,-229
225000058,697,234,463
225000067,205,120,85
225000068,122,195,-73
225000069,75,316,-241
225000070,126,197,-71
225000071,29,46,-17
225000075,42,580,-538
225000076,19,92,-73
225000078,54,41,13
225000085,182,93,89
225000086,430,97,333
225000087,190,10,180
225000088,9,208,-199
225000089,78,793,-715
225000090,30,424,-394
225000091,123,87,36
225000092,48,62,-14
225000093,320,227,93
225000094,29,109,-80
225000095,207,221,-14
225000096,164,332,-168
225000098,964,313,651
225000099,636,127,509
225000100,582,130,452
225000104,98,349,-251
225000110,15,332,-317
225000111,195,613,-418
225000112,235,802,-567
225000113,200,452,-252
225000114,130,243,-113
225000115,855,516,339
225000116,441,172,269
225000117,753,350,403
225000118,1379,333,1046
225000119,329,91,238
225000120,881,38,843
225000121,228,19,209
225000123,774,19,755
225000125,784,135,649
225000126,895,227,668
225000127,501,2115,-1614
225000128,420,1116,-696
225000132,634,39,595
225000133,319,32,287
225000134,779,161,618
225000135,134,31,103
225000136,634,18,616
225000137,373,50,323
225000138,514,123,391
225000143,67,243,-176
225000144,4,299,-295
225000145,49,14,35
225000146,80,18,62
225000147,48,73,-25
225000148,13,118,-105
225000149,60,194,-134
225000151,28,139,-111
225000155,235,278,-43
225000156,257,824,-567
225000157,370,316,54
225000158,82,143,-61
225000171,12,116,-104
225000180,40,7,33
225000181,0,44,-44
225000182,85,6,79
225000185,1,313,-312
225000187,41,240,-199
225000191,65,2,63
225000194,0,8,-8
225000208,5,49,-44
225000209,167,9,158
225000210,6,257,-251
225000217,0,15,-15
225000218,10,2,8
225000223,0,71,-71
225000224,25,2,23
225000225,0,37,-37
225000226,29,3,26
225000227,59,83,-24
225000228,7,9,-2
225000229,0,46,-46
225000230,5,2,3
225000231,0,42,-42
225000232,102,1,101
225000241,61,3,58
225000242,0,38,-38
225000249,2,0,2
225000250,66,429,-363
225000251,745,58,687
225000254,8,31,-23
225000256,11,192,-181
225000257,3,40,-37
226000042,145,281,-136
226000043,33,232,-199
226000044,123,324,-201
226000045,56,199,-143
226000046,737,96,641
226000047,489,125,364
226000048,405,122,283
226000049,425,254,171
226000070,0,22,-22
226000071,1,42,-41
226000072,0,1,-1
226000073,0,9,-9
226000074,1,26,-25
226000084,4,12,-8
226000085,0,10,-10
226000086,0,15,-15
226000087,3,23,-20
226000088,10,79,-69
226000090,102,181,-79
226000091,18,105,-87
226000092,1,66,-65
226000093,28,2,26
226000094,14,1,13
226000095,7,2,5
226000105,19,2,17
226000106,27,0,27
226000107,28,0,28
226000108,7,5,2
226000109,158,1,157
226000124,263,63,200
226000134,1245,665,580
226000135,2181,734,1447
226000136,844,541,303
226000137,5,125,-120
226000138,5,112,-107
226000139,0,52,-52
226000156,387,16,371
226000157,310,20,290
226000163,50,270,-220
226000202,15,113,-98
226000231,672,7,665
226000232,71,9,62
227000033,384,40,344
227000036,568,32,536
227000037,543,27,516
227000038,155,25,130
227000084,2,109,-107
227000085,1,47,-46
227000088,29,6,23
227000089,82,0,82
227000090,31,3,28
227000091,21,2,19
227000092,33,0,33
227000093,96,0,96
227000094,7,0,7
227000130,33,146,-113
227000131,24,95,-71
227000132,16,92,-76
227000133,8,86,-78
227000134,20,125,-105
227000152,0,12,-12
227000153,0,117,-117
227000154,0,55,-55
227000155,0,44,-44
227000156,0,15,-15
227000165,4,109,-105
227000196,687,113,574
227000199,704,185,519
227000230,9,167,-158
227000232,834,62,772
227000242,28,310,-282
227000243,360,49,311
227000245,6,168,-162
227000246,74,175,-101
227000247,539,39,500
227000248,131,67,64
227000249,31,50,-19
227000250,324,237,87
227000251,38,239,-201
227000252,44,101,-57
227000253,230,13,217
227000262,570,47,523
227000266,2078,74,2004
227000267,19,637,-618
227000282,5,94,-89
227000284,1069,25,1044
227000286,5,45,-40
227000287,16,33,-17
227000291,8,240,-232
227000296,157,311,-154
227000484,211,21,190
227000485,13,727,-714
227000655,308,10,298
227000656,750,46,704
227000657,235,6,229
227000661,389,11,378
229000265,34,67,-33
229000296,3,24,-21
229000297,3,29,-26
229000298,2,113,-111
229000320,19,8,11
229000321,22,1,21
229000412,6,26,-20
229000414,13,23,-10
229000415,8,4,4
229000416,0,11,-11
229000417,0,8,-8
229000419,80,234,-154
229000440,295,112,183
229000442,28,37,-9
229000443,6,12,-6
229000444,1,26,-25
229000445,72,4,68
229000446,102,27,75
229000491,2,10,-8
229000492,8,31,-23
229000493,1,44,-43
229000494,76,3,73
229000495,219,10,209
229000496,129,4,125
229000507,0,40,-40
229000508,1,34,-33
229000509,1,68,-67
229000510,3,23,-20
229000511,4,21,-17
229000512,0,18,-18
229000513,0,5,-5
229000514,1,0,1
229000517,5,4,1
229000518,19,5,14
229000519,1,5,-4
229000520,12,23,-11
229000521,64,15,49
229000522,16,3,13
229000523,7,3,4
229000524,2,0,2
229000527,1,2,-1
229000528,0,0,0
229000529,16,0,16
229000530,91,1,90
229000531,36,2,34
229000532,19,1,18
229000533,62,0,62
229000534,37,2,35
229000564,79,0,79
229000565,40,0,40
229000566,0,4,-4
229000567,1,29,-28
229000582,104,7,97
229000583,6,2,4
229000584,0,8,-8
229000585,1,63,-62
229000718,0,5,-5
229000719,0,1,-1
229000720,0,3,-3
229000721,0,4,-4
229000722,0,4,-4
229000723,0,3,-3
229000724,0,6,-6
229000725,0,2,-2
229000738,7,1,6
229000739,0,1,-1
229000740,1,0,1
229000741,54,0,54
229000742,8,0,8
229000743,21,0,21
229000744,4,0,4
229000745,2,0,2
229000746,11,2,9
229000847,65,1,64
229000848,29,0,29
229000849,97,0,97
229000851,55,0,55
229000854,0,7,-7
229000856,0,30,-30
229000857,0,16,-16
229000858,0,10,-10
229000919,11,22,-11
229000930,2,190,-188
229000937,75,12,63
229000966,70,76,-6
229000981,16,14,2
229000985,17,23,-6
229000986,5,4,1
229000987,0,3,-3
229000988,6,1,5
229000989,21,2,19
229000990,2,4,-2
229000991,2,3,-1
229000992,38,8,30
229000993,188,8,180
229000998,6,37,-31
229000999,111,13,98
229001034,0,15,-15
229001035,5,1,4
229001037,95,3,92
229001042,28,22,6
229001047,5,37,-32
229001050,33,35,-2
229001168,0,23,-23
229001200,22,30,-8
229001338,3,28,-25
229001394,182,6,176
229001422,180,22,158
229001423,25,75,-50
229001431,66,48,18
229001432,21,44,-23
229001444,225,37,188
229001445,51,108,-57
229001479,66,2,64
229001503,287,53,234
229001504,126,86,40
229001505,121,43,78
229001506,65,52,13
229001509,47,10,37
229001545,90,1,89
229001546,4,29,-25
229001553,139,9,130
229001554,17,64,-47
229001630,106,3,103
229001631,4,29,-25
229001635,0,25,-25
229001636,5,3,2
229001658,0,103,-103
229001659,51,3,48
229001660,2,4,-2
229001661,1,28,-27
229001662,30,1,29
229001663,0,5,-5
229002584,219,217,2
229002831,105,124,-19
229002841,6,20,-14
229002842,54,33,21
229002843,109,22,87
229002844,41,47,-6
229002845,17,111,-94
229002846,65,23,42
229002847,1,4,-3
229002848,12,14,-2
229002849,3,85,-82
229002850,19,2,17
229002851,24,257,-233
229002852,265,46,219
229002853,194,39,155
229002854,85,61,24
229002855,8,47,-39
229002856,37,13,24
229002857,17,186,-169
229002858,32,3,29
229002859,34,187,-153
229002860,252,21,231
229002861,92,33,59
229002862,41,39,2
229002863,29,45,-16
229002864,30,20,10
229002865,25,20,5
229002866,46,30,16
229002867,0,29,-29
229002868,14,27,-13
229002869,18,102,-84
229002870,70,9,61
235000066,201,26,175
235000067,77,49,28
235000072,43,57,-14
235000073,74,437,-363
235000074,75,29,46
235000080,24,58,-34
235000081,142,67,75
235000082,195,18,177
235000083,266,47,219
235000084,83,56,27
235000085,169,48,121
235000089,15,13,2
235000092,52,146,-94
235000093,9,17,-8
235000097,2,8,-6
235000098,105,2,103
235000099,3,12,-9
235000116,17,5,12
235000117,347,13,334
235000133,13,636,-623
235000134,11,181,-170
235000206,8,1,7
235000207,6,3,3
235000208,4,3,1
235000209,6,3,3
235000210,7,1,6
235000212,1,19,-18
235000213,0,9,-9
235000220,1,9,-8
235000221,33,46,-13
235000238,9,183,-174
235000239,3,41,-38
235000242,374,979,-605
235000245,287,177,110
235000246,19,64,-45
235000284,8,118,-110
235000295,103,31,72
235000305,324,31,293
235000306,491,17,474
235000307,28,3,25
235000308,19,1,18
235000309,70,0,70
235000310,55,0,55
235000311,348,22,326
235000322,1,23,-22
235000323,0,56,-56
235000324,0,51,-51
235000325,0,30,-30
235000326,3,56,-53
235000351,7,43,-36
235000352,16,40,-24
235000353,2,32,-30
235000354,24,58,-34
235000355,29,121,-92
235000356,165,6,159
235000357,54,3,51
235000358,28,12,16
235000359,13,3,10
235000360,65,20,45
235000361,80,5,75
235000381,196,50,146
235000382,200,32,168
235000390,11,5,6
235000391,170,20,150
235000392,285,254,31
235000393,182,182,0
235000395,121,45,76
235000396,670,102,568
235000400,96,120,-24
235000401,12,95,-83
235000405,183,149,34
235000406,46,101,-55
235000407,27,39,-12
235000409,125,50,75
235000410,24,117,-93
235000411,0,27,-27
235000485,0,4,-4
235000486,10,0,10
235000549,133,69,64
235000550,123,96,27
235000599,235,34,201
235000600,7,51,-44
235000601,16,22,-6
235000602,112,50,62
235000614,4,16,-12
235000648,0,15,-15
235000649,41,7,34
235000685,0,5,-5
235000815,17,89,-72
235000834,0,1,-1
235000855,51,11,40
235000862,37,39,-2
235000891,0,33,-33
235000892,18,4,14
235000901,92,107,-15
235000907,3,18,-15
235001010,134,25,109
235001029,137,145,-8
235001030,256,155,101
235001078,109,95,14
235001079,37,69,-32
235001147,3,102,-99
235001166,9,30,-21
235001167,81,23,58
235001169,23,224,-201
235001188,3,10,-7
235001189,9,2,7
235001197,10,29,-19
235001200,97,38,59
235001207,206,62,144
235001210,15,74,-59
235001215,29,106,-77
235001239,0,36,-36
235001244,0,16,-16
235016267,1,31,-30
277101746,0,1,-1
277102712,0,0,0
277103813,0,2,-2
277103814,0,0,0
277103898,0,0,0
277104249,0,1,-1
277104250,0,4,-4
277104251,0,2,-2
277104252,0,2,-2
990011530,0,223,-223
990014944,1,286,-285
990015176,91,2,89
990015618,0,166,-166
990016032,3,251,-248
990032570,17,778,-761
990070001,53,1,52
990070103,0,2,-2
990070601,0,49,-49
990070751,2195,2,2193
990070766,1,198,-197
990071180,515,272,243
990071343,34,1,33
990071387,0,4,-4
990071823,374,17,357
990072600,5,1076,-1071
990072964,3,234,-231
990073285,0,15,-15
990074393,4,452,-448
990074870,2095,16,2079
990075106,794,0,794
990075746,763,13,750
990076437,3390,7,3383
990076458,1,297,-296
997000007,396,5,391
997000041,0,295,-295
997000058,60,0,60
997000062,31,1,30
997000069,0,0,0
997000070,1,32,-31
997000100,121,2,119
997000141,2,847,-845
997000198,0,390,-390
998000475,0,1,-1
998000736,0,52,-52
998000965,0,12,-12
998001031,0,50,-50
998001700,0,36,-36
998001899,0,1,-1
998001900,6,1,5
998003073,1332,5,1327
998101900,0,0,0
998102850,8,426,-418
998501927,521,1181,-660
998501929,212,43,169
998501930,76,2,74
998501931,191,24,167
998501932,3,0,3
998501933,85,2,83
998501937,75,19,56
998501944,8,0,8
998501970,125,45,80
998501971,0,82,-82
998501973,0,39,-39
998501974,0,126,-126
998501975,96,0,96
998501976,158,55,103
998501977,0,19,-19
998501978,18,0,18
998501979,1,2,-1
998501980,76,1,75
998501981,48,0,48
998501982,0,129,-129
998502006,0,1,-1
998502024,0,12,-12
998502032,0,6,-6
998502062,76,78,-2
998502063,0,0,0
998502173,1,0,1
998502269,0,2,-2
998601159,1,39,-38
998601292,0,35,-35
999033574,1,167,-166
999800001,72,26,46
999800002,0,4,-4
999800003,1,3,-2
999800004,0,2,-2
999800005,0,3,-3
