dong,insum,outsum,diff
강남구 개포1동,0,0,0
강남구 개포2동,98,163,-65
강남구 개포4동,0,3,-3
강남구 논현1동,1150,825,325
강남구 논현2동,1,7,-6
강남구 대치1동,207,130,77
강남구 대치2동,563,494,69
강남구 대치4동,606,455,151
강남구 도곡1동,209,179,30
강남구 도곡2동,88,76,12
강남구 삼성1동,538,285,253
강남구 삼성2동,457,525,-68
강남구 세곡동,89,227,-138
강남구 수서동,158,193,-35
강남구 신사동,3,5,-2
강남구 압구정동,9,16,-7
강남구 역삼1동,3501,1822,1679
강남구 역삼2동,475,419,56
강남구 일원1동,0,0,0
강남구 일원2동,0,2,-2
강남구 일원본동,162,225,-63
강남구 청담동,458,486,-28
강동구 강일동,263,366,-103
강동구 고덕제1동,5,36,-31
강동구 고덕제2동,57,132,-75
강동구 길동,618,220,398
강동구 둔촌제1동,0,0,0
강동구 둔촌제2동,0,0,0
강동구 명일제1동,138,156,-18
강동구 명일제2동,87,58,29
강동구 상일동,9,95,-86
강동구 성내제1동,2,4,-2
강동구 성내제2동,260,226,34
강동구 성내제3동,63,62,1
강동구 암사제1동,0,0,0
강동구 암사제2동,0,0,0
강동구 암사제3동,0,0,0
강동구 천호제1동,52,92,-40
강동구 천호제2동,0,0,0
강동구 천호제3동,393,98,295
강북구 미아동,159,495,-336
강북구 번1동,498,1255,-757
강북구 번2동,0,4,-4
강북구 번3동,1,7,-6
강북구 삼각산동,1,6,-5
강북구 삼양동,3,11,-8
강북구 송중동,725,996,-271
강북구 송천동,358,177,181
강북구 수유1동,73,58,15
강북구 수유2동,0,3,-3
강북구 수유3동,772,157,615
강북구 우이동,60,48,12
강북구 월곡제1동,0,0,0
강북구 인수동,5,28,-23
강서구 가양제1동,69,198,-129
강서구 가양제2동,0,0,0
강서구 가양제3동,0,2,-2
강서구 공항동,202,252,-50
강서구 등촌제1동,124,590,-466
강서구 등촌제2동,150,218,-68
강서구 등촌제3동,116,597,-481
강서구 발산제1동,1091,384,707
강서구 방화제1동,302,419,-117
강서구 방화제2동,190,178,12
강서구 방화제3동,0,1,-1
강서구 염창동,0,3,-3
강서구 우장산동,175,214,-39
강서구 화곡본동,0,0,0
강서구 화곡제1동,428,540,-112
강서구 화곡제2동,0,1,-1
강서구 화곡제3동,119,106,13
강서구 화곡제4동,81,199,-118
강서구 화곡제6동,411,113,298
강서구 화곡제8동,160,324,-164
관악구 낙성대동,339,338,1
관악구 난곡동,3,9,-6
관악구 난향동,1,4,-3
관악구 남현동,603,534,69
관악구 대학동,0,9,-9
관악구 미성동,53,56,-3
관악구 보라매동,42,259,-217
관악구 삼성동,0,3,-3
관악구 서림동,0,0,0
관악구 서원동,153,214,-61
관악구 성현동,1,1,0
관악구 신림동,978,1428,-450
관악구 신사동,176,352,-176
관악구 신원동,0,0,0
관악구 은천동,99,282,-183
관악구 인헌동,133,111,22
관악구 조원동,392,766,-374
관악구 중앙동,379,404,-25
관악구 청룡동,173,271,-98
관악구 청림동,0,2,-2
관악구 행운동,271,490,-219
광진구 광장동,163,126,37
광진구 구의제1동,68,64,4
광진구 구의제2동,131,199,-68
광진구 구의제3동,3,2,1
광진구 군자동,418,310,108
광진구 능동,552,851,-299
광진구 자양제1동,45,37,8
광진구 자양제2동,0,1,-1
광진구 자양제3동,1,1,0
광진구 자양제4동,992,900,92
광진구 중곡제1동,246,331,-85
광진구 중곡제2동,146,627,-481
광진구 중곡제3동,111,253,-142
광진구 중곡제4동,0,0,0
광진구 화양동,1000,763,237
구로구 가리봉동,51,168,-117
구로구 개봉제1동,310,529,-219
구로구 개봉제2동,244,302,-58
구로구 개봉제3동,0,3,-3
구로구 고척제1동,188,228,-40
구로구 고척제2동,1,7,-6
구로구 구로제1동,55,101,-46
구로구 구로제2동,15,93,-78
구로구 구로제3동,104,249,-145
구로구 구로제4동,3,83,-80
구로구 구로제5동,91,249,-158
구로구 수궁동,231,671,-440
구로구 신도림동,667,552,115
구로구 오류제1동,339,489,-150
구로구 오류제2동,0,0,0
구로구 항동,0,0,0
금천구 가산동,141,71,70
금천구 독산제1동,73,268,-195
금천구 독산제2동,86,13,73
금천구 독산제3동,223,77,146
금천구 독산제4동,140,29,111
금천구 미성동,0,0,0
금천구 시흥제1동,200,190,10
금천구 시흥제2동,0,0,0
금천구 시흥제3동,0,6,-6
금천구 시흥제4동,0,0,0
금천구 시흥제5동,90,183,-93
노원구 공릉1동,764,942,-178
노원구 공릉2동,4,1,3
노원구 상계10동,12,521,-509
노원구 상계1동,17,46,-29
노원구 상계2동,661,53,608
노원구 상계3.4동,0,1,-1
노원구 상계5동,4,1,3
노원구 상계6.7동,535,636,-101
노원구 상계8동,3,12,-9
노원구 상계9동,4,9,-5
노원구 월계1동,74,37,37
노원구 월계2동,0,5,-5
노원구 월계3동,62,149,-87
노원구 중계1동,1,8,-7
노원구 중계2.3동,274,308,-34
노원구 중계4동,0,4,-4
노원구 중계본동,0,3,-3
노원구 하계1동,79,181,-102
노원구 하계2동,138,178,-40
도봉구 도봉제1동,270,261,9
도봉구 도봉제2동,67,722,-655
도봉구 방학제1동,292,587,-295
도봉구 방학제2동,3,113,-110
도봉구 방학제3동,135,82,53
도봉구 쌍문제1동,0,6,-6
도봉구 쌍문제2동,221,16,205
도봉구 쌍문제3동,84,14,70
도봉구 쌍문제4동,0,0,0
도봉구 창제1동,253,400,-147
도봉구 창제2동,37,290,-253
도봉구 창제3동,0,1,-1
도봉구 창제4동,0,1,-1
도봉구 창제5동,73,535,-462
동대문구 답십리제1동,23,92,-69
동대문구 답십리제2동,88,64,24
동대문구 면목제5동,0,0,0
동대문구 용신동,807,1283,-476
동대문구 이문제1동,95,416,-321
동대문구 이문제2동,54,87,-33
동대문구 장안제1동,133,197,-64
동대문구 장안제2동,0,0,0
동대문구 전농제1동,170,312,-142
동대문구 전농제2동,0,0,0
동대문구 제기동,143,95,48
동대문구 청량리동,442,457,-15
동대문구 회기동,88,89,-1
동대문구 휘경제1동,216,375,-159
동대문구 휘경제2동,115,545,-430
동작구 노량진제1동,268,326,-58
동작구 노량진제2동,111,198,-87
동작구 대방동,2,6,-4
동작구 사당제1동,766,376,390
동작구 사당제2동,51,51,0
동작구 사당제3동,0,0,0
동작구 사당제4동,0,0,0
동작구 사당제5동,0,0,0
동작구 상도제1동,4,13,-9
동작구 상도제2동,78,120,-42
동작구 상도제3동,75,259,-184
동작구 상도제4동,2,1,1
동작구 신대방제1동,5,12,-7
동작구 신대방제2동,129,238,-109
동작구 흑석동,1,29,-28
마포구 공덕동,120,197,-77
마포구 대흥동,120,162,-42
마포구 도화동,3,0,3
마포구 망원제1동,0,7,-7
마포구 망원제2동,0,5,-5
마포구 상암동,1,9,-8
마포구 서강동,3,1,2
마포구 서교동,3262,1656,1606
마포구 성산제1동,0,4,-4
마포구 성산제2동,6,33,-27
마포구 신수동,0,1,-1
마포구 아현동,108,247,-139
마포구 연남동,0,0,0
마포구 염리동,1,0,1
마포구 용강동,264,230,34
마포구 합정동,793,440,353
서대문구 남가좌제1동,32,78,-46
서대문구 남가좌제2동,2,1,1
서대문구 북가좌제1동,16,35,-19
서대문구 북가좌제2동,4,9,-5
서대문구 북아현동,106,186,-80
서대문구 신촌동,759,806,-47
서대문구 연희동,51,69,-18
서대문구 천연동,158,195,-37
서대문구 충현동,276,274,2
서대문구 홍은제1동,56,185,-129
서대문구 홍은제2동,0,8,-8
서대문구 홍제제1동,266,97,169
서대문구 홍제제2동,183,418,-235
서대문구 홍제제3동,0,0,0
서초구 내곡동,9,47,-38
서초구 반포1동,421,509,-88
서초구 반포2동,14,4,10
서초구 반포3동,200,6,194
서초구 반포4동,139,2,137
서초구 반포본동,5,9,-4
서초구 방배1동,9,40,-31
서초구 방배2동,13,24,-11
서초구 방배3동,343,348,-5
서초구 방배4동,1,3,-2
서초구 방배본동,1,0,1
서초구 서초1동,294,176,118
서초구 서초2동,309,359,-50
서초구 서초3동,298,327,-29
서초구 서초4동,1053,442,611
서초구 양재1동,56,201,-145
서초구 양재2동,1,13,-12
서초구 잠원동,326,727,-401
성동구 금호1가동,0,0,0
성동구 금호2.3가동,0,0,0
성동구 금호4가동,0,0,0
성동구 마장동,0,2,-2
성동구 사근동,65,45,20
성동구 성수1가제1동,0,3,-3
성동구 성수1가제2동,101,268,-167
성동구 성수2가제1동,38,33,5
성동구 성수2가제3동,212,328,-116
성동구 송정동,0,0,0
성동구 옥수동,0,0,0
성동구 왕십리도선동,0,1,-1
성동구 왕십리제2동,247,299,-52
성동구 용답동,166,299,-133
성동구 응봉동,0,0,0
성동구 행당제1동,223,178,45
성동구 행당제2동,0,6,-6
성북구 길음제1동,560,485,75
성북구 길음제2동,209,396,-187
성북구 돈암제1동,145,372,-227
성북구 돈암제2동,1,0,1
성북구 동선동,818,467,351
성북구 보문동,142,236,-94
성북구 삼선동,256,409,-153
성북구 석관동,193,467,-274
성북구 성북동,51,52,-1
성북구 안암동,0,0,0
성북구 월곡제1동,2,7,-5
성북구 월곡제2동,0,1,-1
성북구 장위제1동,2,5,-3
성북구 장위제2동,38,15,23
성북구 장위제3동,0,1,-1
성북구 정릉제1동,3,8,-5
성북구 정릉제2동,9,12,-3
성북구 정릉제3동,0,0,0
성북구 정릉제4동,0,30,-30
성북구 종암동,4,3,1
송파구 가락1동,1,101,-100
송파구 가락2동,0,2,-2
송파구 가락본동,712,485,227
송파구 거여1동,0,0,0
송파구 거여2동,0,0,0
송파구 마천1동,0,2,-2
송파구 마천2동,1,5,-4
송파구 문정1동,1,2,-1
송파구 문정2동,2222,1312,910
송파구 방이1동,0,1,-1
송파구 방이2동,6,14,-8
송파구 삼전동,2,5,-3
송파구 석촌동,232,636,-404
송파구 송파1동,204,158,46
송파구 송파2동,58,63,-5
송파구 오금동,2,9,-7
송파구 오륜동,0,1,-1
송파구 위례동,487,354,133
송파구 잠실2동,177,101,76
송파구 잠실3동,283,502,-219
송파구 잠실4동,0,0,0
송파구 잠실6동,2,7,-5
송파구 잠실7동,6,72,-66
송파구 잠실본동,253,333,-80
송파구 장지동,370,106,264
송파구 풍납1동,0,2,-2
송파구 풍납2동,2,1,1
양천구 목1동,518,264,254
양천구 목2동,389,455,-66
양천구 목3동,411,495,-84
양천구 목4동,215,252,-37
양천구 목5동,1,3,-2
양천구 신월1동,0,0,0
양천구 신월2동,71,194,-123
양천구 신월3동,0,0,0
양천구 신월4동,66,204,-138
양천구 신월5동,4,6,-2
양천구 신월6동,0,0,0
양천구 신월7동,40,196,-156
양천구 신정1동,0,1,-1
양천구 신정2동,0,0,0
양천구 신정3동,328,555,-227
양천구 신정4동,851,1180,-329
양천구 신정6동,0,0,0
양천구 신정7동,0,0,0
영등포구 당산제1동,138,165,-27
영등포구 당산제2동,474,396,78
영등포구 대림제1동,22,41,-19
영등포구 대림제2동,51,252,-201
영등포구 대림제3동,57,90,-33
영등포구 도림동,0,1,-1
영등포구 문래동,163,270,-107
영등포구 신길제1동,0,3,-3
영등포구 신길제3동,2,4,-2
영등포구 신길제4동,0,1,-1
영등포구 신길제5동,3,7,-4
영등포구 신길제6동,2,0,2
영등포구 신길제7동,2,5,-3
영등포구 양평제1동,116,111,5
영등포구 양평제2동,79,174,-95
영등포구 여의동,382,306,76
영등포구 영등포동,1227,823,404
영등포구 영등포본동,421,185,236
용산구 남영동,415,311,104
용산구 보광동,1,5,-4
용산구 서빙고동,1,0,1
용산구 용문동,0,0,0
용산구 용산2가동,1,5,-4
용산구 원효로제1동,2,2,0
용산구 원효로제2동,0,0,0
용산구 이촌제1동,5,30,-25
용산구 이촌제2동,0,0,0
용산구 이태원제1동,6,5,1
용산구 이태원제2동,0,2,-2
용산구 청파동,47,78,-31
용산구 필동,0,0,0
용산구 한강로동,578,292,286
용산구 한남동,524,1040,-516
용산구 효창동,0,0,0
용산구 후암동,0,0,0
은평구 갈현제1동,134,91,43
은평구 갈현제2동,1,8,-7
은평구 구산동,0,3,-3
은평구 녹번동,281,490,-209
은평구 대조동,464,422,42
은평구 불광제1동,620,712,-92
은평구 불광제2동,911,369,542
은평구 수색동,33,59,-26
은평구 신사제1동,0,8,-8
은평구 신사제2동,1,4,-3
은평구 역촌동,3,7,-4
은평구 응암제1동,3,2,1
은평구 응암제2동,2,1,1
은평구 응암제3동,5,5,0
은평구 증산동,100,66,34
은평구 진관동,567,560,7
종로구 가회동,0,0,0
종로구 교남동,88,74,14
종로구 무악동,38,61,-23
종로구 부암동,0,3,-3
종로구 사직동,557,643,-86
종로구 삼청동,0,0,0
종로구 숭인제1동,0,0,0
종로구 숭인제2동,986,994,-8
종로구 이화동,241,146,95
종로구 종로1.2.3.4가동,4520,3015,1505
종로구 종로5.6가동,570,700,-130
종로구 창신제1동,1074,747,327
종로구 창신제2동,593,486,107
종로구 창신제3동,0,5,-5
종로구 청운효자동,0,1,-1
종로구 충현동,100,65,35
종로구 평창동,1,2,-1
종로구 혜화동,324,143,181
중구 광희동,2791,1675,1116
중구 다산동,134,113,21
중구 동화동,0,4,-4
중구 명동,948,531,417
중구 소공동,862,502,360
중구 신당동,149,100,49
중구 신당제5동,141,138,3
중구 약수동,20,86,-66
중구 을지로동,73,69,4
중구 장충동,22,95,-73
중구 중림동,90,189,-99
중구 청구동,0,5,-5
중구 필동,216,83,133
중구 황학동,86,35,51
중구 회현동,1097,640,457
중랑구 망우본동,334,455,-121
중랑구 망우제3동,0,9,-9
중랑구 면목본동,35,237,-202
중랑구 면목제2동,184,292,-108
중랑구 면목제3.8동,30,77,-47
중랑구 면목제4동,101,359,-258
중랑구 면목제5동,141,338,-197
중랑구 면목제7동,16,82,-66
중랑구 묵제1동,326,340,-14
중랑구 묵제2동,98,71,27
중랑구 상봉제1동,198,53,145
중랑구 상봉제2동,334,890,-556
중랑구 신내1동,119,237,-118
중랑구 신내2동,3,11,-8
중랑구 중화제1동,161,251,-90
중랑구 중화제2동,251,161,90
NA,9171,22600,-13429
