ID,insum,outsum,diff
100000001,690,1204,-514
100000002,5197,1576,3621
100000003,8362,4449,3913
100000004,1599,1380,219
100000005,3137,5609,-2472
100000006,2166,229,1937
100000007,3793,1047,2746
100000008,1286,669,617
100000009,2347,1125,1222
100000010,475,134,341
100000011,1249,141,1108
100000012,177,941,-764
100000013,1833,339,1494
100000014,1943,357,1586
100000015,2297,3557,-1260
100000016,1574,1656,-82
100000017,2171,1033,1138
100000018,2868,877,1991
100000019,6985,2695,4290
100000020,3446,12124,-8678
100000021,7258,3005,4253
100000022,2737,2631,106
100000023,6353,2223,4130
100000025,2462,1204,1258
100000028,2368,1217,1151
100000029,345,340,5
100000030,330,87,243
100000031,6103,9424,-3321
100000032,4407,5028,-621
100000033,1343,3205,-1862
100000034,623,534,89
100000035,2666,1595,1071
100000036,3694,1755,1939
100000037,816,598,218
100000038,3065,1398,1667
100000039,2230,333,1897
100000040,333,229,104
100000041,1367,663,704
100000042,1841,636,1205
100000043,1411,542,869
100000044,417,921,-504
100000045,707,1558,-851
100000046,855,1530,-675
100000047,657,1233,-576
100000048,2116,911,1205
100000049,2646,3093,-447
100000051,654,1406,-752
100000053,351,10,341
100000054,646,56,590
100000055,1795,332,1463
100000056,773,627,146
100000057,2723,965,1758
100000058,1744,1909,-165
100000059,16,164,-148
100000060,441,544,-103
100000061,2725,681,2044
100000062,3145,737,2408
100000063,941,297,644
100000064,1546,443,1103
100000065,502,1336,-834
100000066,294,994,-700
100000067,639,949,-310
100000068,794,2779,-1985
100000069,449,2300,-1851
100000072,619,1724,-1105
100000073,1469,1561,-92
100000075,872,476,396
100000076,3980,3148,832
100000077,351,211,140
100000078,76,30,46
100000079,83,104,-21
100000080,44,95,-51
100000081,203,309,-106
100000102,3285,2257,1028
100000103,6242,1557,4685
100000104,7101,3056,4045
100000105,3216,1907,1309
100000106,3215,2702,513
100000107,1087,1112,-25
100000108,1050,1474,-424
100000109,3928,1703,2225
100000116,2048,1259,789
100000117,99,141,-42
100000118,2226,1321,905
100000119,757,963,-206
100000121,381,634,-253
100000122,937,1159,-222
100000123,4927,5492,-565
100000124,8426,7796,630
100000125,4573,1740,2833
100000126,1097,468,629
100000127,2242,387,1855
100000128,2529,2416,113
100000129,629,705,-76
100000130,583,737,-154
100000131,3793,4380,-587
100000132,2058,4014,-1956
100000133,8196,3310,4886
100000135,773,1535,-762
100000139,599,321,278
100000140,648,404,244
100000142,613,920,-307
100000143,1405,593,812
100000144,4831,1353,3478
100000147,1405,3182,-1777
100000150,65,536,-471
100000151,1399,1125,274
100000153,335,521,-186
100000154,168,230,-62
100000155,40,62,-22
100000156,683,365,318
100000157,170,106,64
100000158,331,80,251
100000159,435,652,-217
100000165,2026,919,1107
100000169,612,371,241
100000174,1154,385,769
100000179,133,702,-569
100000180,8841,2817,6024
100000181,813,388,425
100000188,114,516,-402
100000189,2803,540,2263
100000190,1083,954,129
100000191,924,635,289
100000192,65,167,-102
100000193,275,282,-7
100000330,1576,1206,370
100000355,369,810,-441
100000362,7451,4289,3162
100000363,4796,6392,-1596
100000364,441,235,206
100000365,6522,6832,-310
100000366,8236,3604,4632
100000367,6254,5893,361
100000368,4051,2032,2019
100000369,2100,2265,-165
100000370,593,852,-259
100000376,163,165,-2
100000379,3768,1897,1871
100000380,6982,3864,3118
100000384,7244,5667,1577
100000385,5816,5093,723
100000386,10482,5761,4721
100000387,6202,6508,-306
100000388,9411,7932,1479
100000389,9914,7531,2383
100000390,11306,7196,4110
100000391,9050,8759,291
100000392,5036,4044,992
100000393,3909,4974,-1065
100000394,10940,8852,2088
100000395,7032,4036,2996
100000396,10909,3976,6933
100000397,7389,5775,1614
100000398,14398,10179,4219
100900002,11,68,-57
100900003,487,183,304
100900004,36,1066,-1030
100900005,239,24,215
100900006,41,169,-128
100900007,637,28,609
100900008,8,432,-424
100900009,95,178,-83
100900010,207,184,23
100900011,177,305,-128
100900012,4,273,-269
100900013,1939,14,1925
100900014,7,15,-8
100900015,176,128,48
100900016,3,93,-90
100900017,1484,132,1352
100900018,0,39,-39
100900019,43,346,-303
100900020,491,18,473
100900021,525,4,521
100900022,85,131,-46
100900023,2,144,-142
100900024,1266,9,1257
100900025,28,21,7
100900026,174,184,-10
100900027,1137,3959,-2822
100900028,202,319,-117
100900029,147,39,108
100900030,0,43,-43
100900031,1084,122,962
100900032,227,0,227
100900033,506,249,257
100900034,607,3,604
100900035,925,3,922
100900036,28,1,27
100900037,134,329,-195
100900038,153,53,100
100900039,327,697,-370
100900040,534,973,-439
100900041,836,842,-6
100900042,1958,626,1332
100900043,0,36,-36
100900044,3108,824,2284
100900045,112,1,111
100900046,1648,23,1625
100900047,1675,860,815
100900048,332,96,236
100900049,160,260,-100
100900050,6,23,-17
100900051,90,105,-15
100900052,776,112,664
100900053,419,69,350
100900054,18,129,-111
100900055,560,875,-315
100900056,219,371,-152
100900057,821,1711,-890
100900058,344,94,250
100900059,142,3,139
100900060,173,31,142
100900061,529,372,157
100900062,8,85,-77
100900063,304,847,-543
100900064,847,40,807
100900065,114,106,8
100900066,112,265,-153
100900067,2,11,-9
100900068,454,157,297
100900069,1211,20,1191
100900070,480,13,467
100900071,1069,405,664
100900072,6,85,-79
100900073,222,521,-299
100900074,11,32,-21
100900075,2285,452,1833
100900076,38,45,-7
100900077,25,181,-156
100900078,111,574,-463
100900079,6,77,-71
100900080,43,239,-196
100900081,52,250,-198
100900082,122,820,-698
100900083,16,72,-56
100900085,34,141,-107
100900086,231,1644,-1413
100900088,113,801,-688
100900089,9,38,-29
100900090,224,844,-620
100900091,1,35,-34
100900092,468,380,88
100900093,221,729,-508
100900094,131,700,-569
100900095,11,52,-41
100900096,64,139,-75
100900097,0,6,-6
100900098,45,32,13
100900099,76,606,-530
100900100,31,551,-520
100900101,453,60,393
100900102,931,238,693
100900103,40,23,17
100900104,6,177,-171
100900105,44,411,-367
100900106,65,12,53
100900107,2160,1041,1119
100900108,74,51,23
100900109,27,74,-47
100900110,8,47,-39
100900111,66,210,-144
100900112,32,7,25
100900113,19,39,-20
100900114,22,38,-16
100900115,6,48,-42
100900116,944,1340,-396
100900117,409,1035,-626
100900118,104,61,43
100900119,52,83,-31
100900120,11,31,-20
100900121,386,939,-553
100900122,263,353,-90
100900123,80,424,-344
100900124,21,23,-2
100900125,80,130,-50
100900126,222,1134,-912
100900127,24,26,-2
100900128,191,219,-28
100900129,1,159,-158
100900131,160,302,-142
100900133,112,132,-20
100900134,20,10,10
100900135,1,178,-177
100900137,441,268,173
100900138,781,502,279
100900139,3,16,-13
100900140,4,651,-647
100900141,2,488,-486
100900142,10,15,-5
100900143,2038,480,1558
100900144,64,10,54
100900145,564,245,319
100900146,15,155,-140
100900147,36,516,-480
100900148,73,862,-789
100900149,47,222,-175
100900150,8,98,-90
100900151,191,734,-543
100900152,440,12,428
100900153,9,239,-230
100900154,16,72,-56
100900155,39,36,3
100900156,61,8,53
100900157,18,199,-181
100900158,1049,329,720
100900159,3,58,-55
100900160,42,12,30
100900161,133,16,117
100900162,34,488,-454
100900163,316,380,-64
100900164,34,119,-85
100900165,14,84,-70
100900166,62,26,36
100900167,20,112,-92
100900168,66,201,-135
100900169,195,1187,-992
100900170,107,26,81
100900171,25,741,-716
100900172,0,7,-7
100900173,17,533,-516
100900174,787,102,685
100900176,1642,221,1421
100900177,918,365,553
100900178,536,225,311
100900179,210,269,-59
100900180,7,3,4
100900181,160,206,-46
100900182,68,45,23
100900184,25,253,-228
100900186,1077,805,272
100900187,13,189,-176
100900188,69,15,54
100900189,1450,238,1212
100900191,1518,1472,46
100900192,397,394,3
100900195,138,167,-29
100900197,11,141,-130
100900198,30,213,-183
100900199,30,31,-1
100900200,851,559,292
100900201,239,1061,-822
100900202,82,1,81
100900203,0,123,-123
100900204,1179,862,317
100900205,291,616,-325
100900206,162,132,30
100900207,294,205,89
100900210,117,921,-804
100900211,513,247,266
100900213,142,63,79
100900214,1445,247,1198
100900215,12,117,-105
100900217,1,3,-2
101000001,5509,3309,2200
101000002,6142,6306,-164
101000003,828,2901,-2073
101000004,12155,9574,2581
101000005,5713,6250,-537
101000006,9343,9292,51
101000007,3548,4415,-867
101000008,4661,3514,1147
101000009,3698,1831,1867
101000010,1191,1518,-327
101000011,2859,884,1975
101000012,1617,1070,547
101000013,1022,1424,-402
101000014,776,909,-133
101000015,1191,1043,148
101000016,584,551,33
101000017,851,760,91
101000018,4134,3553,581
101000020,6675,1552,5123
101000021,1068,594,474
101000022,407,126,281
101000023,1850,900,950
101000025,279,534,-255
101000026,417,30,387
101000027,2324,2924,-600
101000028,1018,257,761
101000029,531,2073,-1542
101000030,2627,146,2481
101000031,1621,969,652
101000032,13100,5176,7924
101000033,3048,3972,-924
101000034,3373,2012,1361
101000035,1388,868,520
101000036,2018,1095,923
101000037,4025,2039,1986
101000039,3031,2735,296
101000040,3971,3622,349
101000041,16718,9690,7028
101000042,1061,1767,-706
101000043,11948,9530,2418
101000045,2640,1100,1540
101000046,6263,1893,4370
101000047,4063,4097,-34
101000048,1190,1031,159
101000049,1120,2517,-1397
101000050,3893,3716,177
101000051,3547,3270,277
101000052,1991,1197,794
101000053,1377,2246,-869
101000054,2771,2263,508
101000055,1915,1698,217
101000056,55,126,-71
101000057,2627,1131,1496
101000058,1725,1533,192
101000059,3251,2565,686
101000060,1976,691,1285
101000061,1185,1661,-476
101000062,969,826,143
101000063,700,1081,-381
101000064,1254,1055,199
101000065,452,470,-18
101000066,1224,818,406
101000067,1473,885,588
101000068,475,507,-32
101000069,525,113,412
101000070,1758,1296,462
101000071,2559,1082,1477
101000072,1199,3967,-2768
101000073,1415,1101,314
101000074,10168,4362,5806
101000075,8133,5230,2903
101000077,2721,1278,1443
101000078,2374,2434,-60
101000079,1397,489,908
101000080,1308,515,793
101000081,1920,1731,189
101000082,4353,3874,479
101000083,3139,2640,499
101000084,2023,1213,810
101000085,2180,1665,515
101000086,1265,1449,-184
101000087,1118,1462,-344
101000088,1494,1523,-29
101000089,1276,2177,-901
101000090,2690,1783,907
101000091,519,1215,-696
101000092,1120,1350,-230
101000093,1791,1096,695
101000094,1194,1624,-430
101000095,567,900,-333
101000096,425,758,-333
101000097,619,536,83
101000098,685,688,-3
101000099,1438,1432,6
101000100,1494,1074,420
101000101,424,524,-100
101000102,1113,568,545
101000103,1252,648,604
101000104,575,675,-100
101000105,1050,502,548
101000106,1237,1027,210
101000107,212,476,-264
101000108,1272,479,793
101000109,332,95,237
101000110,48,773,-725
101000111,210,465,-255
101000113,285,989,-704
101000114,11915,6051,5864
101000115,128,159,-31
101000116,351,238,113
101000117,1808,468,1340
101000119,98,61,37
101000120,139,46,93
101000121,100,71,29
101000122,175,101,74
101000123,125,108,17
101000124,1040,300,740
101000125,320,556,-236
101000128,929,501,428
101000130,448,406,42
101000131,897,782,115
101000132,659,1449,-790
101000135,91,42,49
101000136,709,203,506
101000137,46,435,-389
101000141,1914,3603,-1689
101000147,1067,550,517
101000148,1656,27,1629
101000149,311,345,-34
101000150,105,974,-869
101000151,342,76,266
101000152,458,531,-73
101000153,1924,560,1364
101000154,284,1574,-1290
101000155,381,216,165
101000156,44,389,-345
101000157,85,67,18
101000160,121,69,52
101000163,340,351,-11
101000164,619,443,176
101000165,362,481,-119
101000166,352,591,-239
101000168,1027,464,563
101000252,1960,1158,802
101000254,796,109,687
101000258,99,21,78
101000261,232,47,185
101000262,1633,1990,-357
101000263,441,1779,-1338
101000265,143,1128,-985
101000266,462,441,21
101000269,76,15,61
101000290,2018,4011,-1993
101000293,41,112,-71
101000294,806,562,244
101000295,147,764,-617
101000301,891,549,342
101000304,2848,2841,7
101000305,4462,2014,2448
101900001,29,126,-97
101900002,1,29,-28
101900003,73,143,-70
101900004,13,108,-95
101900005,5664,2397,3267
101900006,1007,78,929
101900007,914,280,634
101900008,114,463,-349
101900009,86,706,-620
101900010,1240,984,256
101900011,517,1827,-1310
101900012,279,531,-252
101900013,1569,219,1350
101900017,23,247,-224
101900018,1551,344,1207
101900019,361,182,179
101900020,643,324,319
101900021,1,95,-94
101900022,270,1499,-1229
101900023,320,371,-51
102000001,3920,5361,-1441
102000002,5623,1679,3944
102000003,5765,9189,-3424
102000004,12249,4258,7991
102000005,1627,2649,-1022
102000006,1557,2531,-974
102000007,2244,6120,-3876
102000008,7152,2245,4907
102000009,8447,9154,-707
102000010,10251,4632,5619
102000011,3752,3386,366
102000012,4503,4386,117
102000018,4911,4067,844
102000019,3590,2035,1555
102000026,265,701,-436
102000029,476,295,181
102000030,153,536,-383
102000031,152,232,-80
102000032,536,454,82
102000033,257,509,-252
102000034,924,450,474
102000035,1838,948,890
102000036,20,330,-310
102000037,367,133,234
102000038,277,373,-96
102000039,290,90,200
102000040,640,300,340
102000041,349,332,17
102000042,393,380,13
102000043,461,314,147
102000044,482,523,-41
102000045,1742,1262,480
102000046,1219,771,448
102000047,1186,1434,-248
102000048,444,1026,-582
102000049,1288,1000,288
102000050,1446,1742,-296
102000051,551,724,-173
102000052,1913,1318,595
102000053,1109,1202,-93
102000054,925,1468,-543
102000055,1430,951,479
102000056,1214,1744,-530
102000057,2404,885,1519
102000058,1713,2261,-548
102000059,2072,2024,48
102000060,1635,1469,166
102000061,2164,2831,-667
102000062,2055,1795,260
102000063,1719,1968,-249
102000064,807,1093,-286
102000065,53,203,-150
102000066,1801,1257,544
102000067,3626,4676,-1050
102000068,11286,3521,7765
102000069,109,2014,-1905
102000070,2370,58,2312
102000071,9407,11851,-2444
102000072,4377,5161,-784
102000073,2652,1654,998
102000074,1401,1367,34
102000075,231,498,-267
102000076,256,692,-436
102000077,972,951,21
102000078,2294,1076,1218
102000079,264,376,-112
102000080,438,456,-18
102000081,545,1115,-570
102000082,941,508,433
102000083,628,477,151
102000084,320,417,-97
102000085,2444,1489,955
102000086,1374,2528,-1154
102000087,1315,2025,-710
102000088,450,491,-41
102000089,1564,602,962
102000090,1014,1749,-735
102000091,2236,758,1478
102000092,569,1154,-585
102000093,1057,893,164
102000094,1328,1037,291
102000095,1543,1808,-265
102000096,1284,1245,39
102000097,1456,1472,-16
102000098,775,1404,-629
102000099,1261,1085,176
102000100,1140,1630,-490
102000101,1658,1047,611
102000102,536,2282,-1746
102000103,1979,590,1389
102000104,917,405,512
102000105,283,728,-445
102000106,906,947,-41
102000107,1148,853,295
102000108,1583,329,1254
102000109,856,695,161
102000110,1087,1604,-517
102000111,14,356,-342
102000112,658,130,528
102000113,31,46,-15
102000114,1051,515,536
102000115,326,407,-81
102000116,1474,676,798
102000117,729,1427,-698
102000118,2209,1375,834
102000119,2645,1310,1335
102000120,264,690,-426
102000121,1151,801,350
102000122,733,1116,-383
102000123,1757,1667,90
102000124,2103,1420,683
102000125,1458,1366,92
102000126,1957,954,1003
102000127,2039,1117,922
102000128,1133,1338,-205
102000129,1571,1175,396
102000130,868,1213,-345
102000131,2416,1218,1198
102000132,983,2087,-1104
102000133,2457,2352,105
102000134,862,990,-128
102000135,1144,1106,38
102000136,1409,665,744
102000137,1743,1119,624
102000138,625,544,81
102000139,501,588,-87
102000140,867,566,301
102000141,1285,981,304
102000142,476,576,-100
102000143,182,593,-411
102000144,437,600,-163
102000145,564,737,-173
102000146,500,421,79
102000147,657,859,-202
102000148,328,1094,-766
102000149,219,739,-520
102000150,428,210,218
102000151,117,466,-349
102000152,208,174,34
102000153,1310,729,581
102000154,518,940,-422
102000155,149,417,-268
102000156,420,215,205
102000157,174,477,-303
102000158,434,456,-22
102000159,1614,583,1031
102000161,5620,2994,2626
102000162,279,195,84
102000163,187,858,-671
102000164,1650,1672,-22
102000165,699,233,466
102000166,285,234,51
102000167,501,289,212
102000168,353,163,190
102000169,185,764,-579
102000170,813,265,548
102000171,579,276,303
102000172,541,504,37
102000173,638,466,172
102000174,143,142,1
102000175,470,133,337
102000176,91,40,51
102000178,582,652,-70
102000179,412,331,81
102000180,1448,783,665
102000181,881,696,185
102000182,912,708,204
102000183,2533,2474,59
102000184,2693,1285,1408
102000185,3053,2048,1005
102000186,1614,2599,-985
102000187,1601,2143,-542
102000188,1746,1979,-233
102000189,3193,1117,2076
102000190,941,3908,-2967
102000191,1833,666,1167
102000192,1583,1986,-403
102000193,54,238,-184
102000194,69,179,-110
102000195,524,625,-101
102000196,178,605,-427
102000197,674,635,39
102000198,285,1029,-744
102000199,1256,498,758
102000200,340,1512,-1172
102000201,1096,692,404
102000202,17,127,-110
102000203,421,376,45
102000204,454,965,-511
102000205,1216,616,600
102000206,799,1271,-472
102000207,1559,577,982
102000208,927,758,169
102000209,318,100,218
102000210,731,535,196
102000211,936,484,452
102000212,524,14,510
102000213,11,402,-391
102000214,295,13,282
102000215,13,557,-544
102000216,43,68,-25
102000217,13,176,-163
102000218,305,191,114
102000219,513,475,38
102000225,771,739,32
102000226,6691,1470,5221
102000227,176,5,171
102000228,1,129,-128
102000229,38,86,-48
102000230,363,630,-267
102000231,367,669,-302
102000232,27,190,-163
102000233,635,1116,-481
102000234,178,1752,-1574
102000236,716,100,616
102000237,693,162,531
102000238,214,396,-182
102000240,783,956,-173
102000241,500,185,315
102000243,49,100,-51
102000245,38,134,-96
102000246,21,41,-20
102000247,566,1056,-490
102000248,349,649,-300
102000249,222,213,9
102000250,130,465,-335
102000254,86,474,-388
102000266,165,450,-285
102000271,40,0,40
102000286,662,505,157
102000297,2295,1592,703
102000299,0,0,0
102000301,0,0,0
102000302,0,1,-1
102000303,0,0,0
102000304,0,0,0
102000305,0,0,0
102000306,0,0,0
102000307,0,4,-4
102000308,0,2,-2
102900001,2787,1206,1581
102900002,635,102,533
102900003,70,286,-216
102900005,493,442,51
102900006,706,232,474
102900007,881,49,832
102900008,275,98,177
102900009,671,333,338
102900010,1007,805,202
102900011,2594,476,2118
102900012,478,108,370
102900013,22,98,-76
102900015,1094,724,370
102900016,88,161,-73
102900017,175,825,-650
102900018,31,218,-187
102900019,577,801,-224
102900020,155,55,100
102900021,22,172,-150
102900022,855,186,669
102900023,43,82,-39
102900024,79,78,1
102900025,359,136,223
102900026,742,2665,-1923
102900027,129,95,34
102900028,253,1225,-972
102900029,238,237,1
102900030,1050,455,595
102900031,254,252,2
102900032,128,147,-19
102900033,215,254,-39
102900034,677,138,539
102900035,207,464,-257
102900036,362,616,-254
102900037,877,666,211
102900038,1144,784,360
102900039,40,1098,-1058
102900040,241,391,-150
102900041,125,267,-142
102900042,331,372,-41
102900043,235,393,-158
102900044,1756,2762,-1006
102900045,167,727,-560
102900046,169,320,-151
102900047,88,828,-740
102900048,1152,885,267
102900049,121,455,-334
102900050,622,483,139
102900051,241,271,-30
102900052,87,54,33
102900053,431,987,-556
102900054,1093,2361,-1268
102900055,168,246,-78
102900056,120,555,-435
102900057,13,76,-63
102900058,493,81,412
102900059,16,109,-93
102900060,134,774,-640
102900061,208,648,-440
102900062,338,1295,-957
102900063,1279,613,666
102900064,243,677,-434
102900065,1810,644,1166
102900066,382,59,323
102900068,189,116,73
102900070,432,680,-248
102900072,119,41,78
102900073,469,17,452
102900074,344,349,-5
102900075,37,75,-38
102900076,235,216,19
102900077,48,75,-27
102900078,51,121,-70
102900079,334,10,324
102900080,387,73,314
102900081,114,520,-406
102900082,21,301,-280
102900083,284,13,271
102900084,13,36,-23
102900085,619,184,435
102900086,18,82,-64
102900087,190,161,29
102900088,49,44,5
102900089,310,180,130
102900090,4,514,-510
102900091,195,12,183
102900092,408,1198,-790
102900093,407,404,3
102900094,2,108,-106
102900095,162,3,159
102900096,54,16,38
102900097,343,765,-422
103000001,2738,3077,-339
103000002,2587,3138,-551
103000003,4604,3457,1147
103000004,1208,1046,162
103000005,2117,3444,-1327
103000006,727,1722,-995
103000007,528,957,-429
103000008,1154,879,275
103000009,1308,1457,-149
103000010,180,145,35
103000011,1835,2140,-305
103000012,1486,1979,-493
103000013,6143,2691,3452
103000014,1886,3160,-1274
103000015,2111,868,1243
103000016,606,1577,-971
103000017,256,597,-341
103000018,1111,671,440
103000019,290,314,-24
103000020,2941,1783,1158
103000021,1972,1917,55
103000022,804,1285,-481
103000023,673,1891,-1218
103000024,135,245,-110
103000025,217,730,-513
103000026,1981,215,1766
103000027,850,713,137
103000028,775,541,234
103000029,427,389,38
103000030,2998,1314,1684
103000031,3046,2231,815
103000032,2752,2847,-95
103000033,4597,3716,881
103000034,2179,1680,499
103000035,527,1792,-1265
103000036,527,884,-357
103000037,744,746,-2
103000038,729,1388,-659
103000039,493,589,-96
103000040,551,1431,-880
103000041,1930,2996,-1066
103000042,1377,823,554
103000043,904,1421,-517
103000044,453,271,182
103000046,335,661,-326
103000047,819,962,-143
103000048,284,327,-43
103000049,354,277,77
103000050,747,769,-22
103000051,686,763,-77
103000052,1048,609,439
103000053,201,959,-758
103000054,3046,2079,967
103000055,2372,3084,-712
103000056,672,2177,-1505
103000057,572,375,197
103000058,817,1402,-585
103000059,596,1484,-888
103000060,919,1009,-90
103000061,592,1332,-740
103000062,1398,887,511
103000063,905,1201,-296
103000064,163,413,-250
103000065,11,549,-538
103000066,236,30,206
103000069,849,499,350
103000070,1519,1228,291
103000071,1444,761,683
103000072,203,888,-685
103000073,561,175,386
103000074,717,124,593
103000075,213,1006,-793
103000076,391,355,36
103000077,116,618,-502
103000078,1421,728,693
103000079,1352,912,440
103000080,1580,448,1132
103000081,848,1336,-488
103000082,907,260,647
103000083,203,379,-176
103000084,190,8,182
103000085,1,138,-137
103000086,1317,448,869
103000087,200,896,-696
103000088,371,396,-25
103000089,258,557,-299
103000090,2287,965,1322
103000091,690,520,170
103000092,387,428,-41
103000093,318,514,-196
103000094,272,147,125
103000095,116,469,-353
103000096,703,161,542
103000097,88,897,-809
103000098,1191,264,927
103000099,409,822,-413
103000100,165,1025,-860
103000101,986,168,818
103000102,145,980,-835
103000103,806,323,483
103000104,78,165,-87
103000105,161,151,10
103000106,9,142,-133
103000107,322,74,248
103000108,758,655,103
103000109,356,337,19
103000110,465,449,16
103000111,461,518,-57
103000112,332,265,67
103000113,842,755,87
103000114,1635,564,1071
103000115,712,530,182
103000116,694,545,149
103000117,394,614,-220
103000118,1227,1100,127
103000119,1685,846,839
103000120,119,174,-55
103000121,1340,855,485
103000122,854,835,19
103000125,28,478,-450
103000126,833,15,818
103000127,1,248,-247
103000128,201,6,195
103000129,2,184,-182
103000130,91,76,15
103000131,290,147,143
103000132,154,241,-87
103000133,39,150,-111
103000134,967,1023,-56
103000135,1185,472,713
103000136,982,571,411
103000137,756,790,-34
103000138,966,906,60
103000139,5,80,-75
103000140,141,34,107
103000141,143,165,-22
103000142,376,93,283
103000143,95,240,-145
103000144,301,67,234
103000145,111,85,26
103000150,176,58,118
103000152,252,294,-42
103000153,215,200,15
103000156,17,501,-484
103000157,543,7,536
103000159,194,100,94
103000162,132,43,89
103000163,37,79,-42
103000164,65,30,35
103000165,146,395,-249
103000166,253,364,-111
103000167,209,125,84
103000168,121,294,-173
103000169,271,746,-475
103000170,740,612,128
103000171,270,131,139
103000172,860,1238,-378
103000173,612,809,-197
103000174,173,592,-419
103000175,329,539,-210
103000176,1024,975,49
103000177,886,660,226
103000178,647,399,248
103000179,722,84,638
103000183,222,39,183
103000185,90,84,6
103000186,164,278,-114
103000187,584,701,-117
103000188,15,110,-95
103000189,1096,989,107
103000191,843,815,28
103000292,2496,2236,260
103000293,1606,2492,-886
103000295,221,143,78
103000296,657,5,652
103000297,268,98,170
103000504,176,21,155
103000505,8,26,-18
103000506,1,293,-292
103000507,271,12,259
103000508,100,106,-6
103000509,226,659,-433
103900001,2,272,-270
103900002,1831,307,1524
103900003,2172,300,1872
103900004,114,30,84
103900005,0,345,-345
103900006,9,0,9
103900007,75,28,47
103900008,17,0,17
103900009,314,749,-435
103900010,145,613,-468
103900011,310,325,-15
103900012,8,27,-19
103900013,121,124,-3
103900014,66,31,35
103900015,45,27,18
103900016,585,319,266
103900017,86,130,-44
103900018,795,268,527
103900019,212,327,-115
103900020,255,657,-402
103900021,770,89,681
103900022,1172,873,299
103900023,133,7,126
103900024,174,530,-356
103900025,19,61,-42
103900026,714,4,710
103900027,815,382,433
103900028,25,430,-405
103900029,1202,163,1039
103900030,546,101,445
103900031,34,8,26
103900032,75,52,23
103900033,111,26,85
103900034,32,212,-180
103900035,126,70,56
103900036,47,38,9
103900037,161,81,80
103900038,149,188,-39
103900039,68,516,-448
103900040,8,232,-224
103900041,82,75,7
103900042,84,473,-389
103900043,131,119,12
103900044,234,277,-43
103900045,441,227,214
103900047,79,32,47
103900048,309,50,259
103900049,452,1731,-1279
103900050,15,131,-116
103900051,0,44,-44
103900052,228,666,-438
103900053,164,910,-746
103900054,138,602,-464
103900055,483,321,162
103900056,205,67,138
103900057,30,254,-224
103900058,333,970,-637
103900059,1,36,-35
103900060,37,274,-237
103900061,145,55,90
103900062,386,151,235
103900063,53,2,51
103900064,99,7,92
103900065,1384,570,814
103900066,183,32,151
103900067,186,9,177
103900068,18,1,17
103900069,111,9,102
103900070,169,276,-107
103900071,26,180,-154
103900072,7,258,-251
103900073,64,28,36
103900074,121,116,5
103900075,162,79,83
103900076,497,775,-278
103900077,74,119,-45
103900078,511,195,316
103900079,267,344,-77
103900080,17,60,-43
103900081,129,22,107
103900082,11,182,-171
103900083,2094,1157,937
103900084,99,208,-109
103900085,113,156,-43
103900086,666,497,169
103900087,30,120,-90
103900088,585,672,-87
103900089,87,167,-80
103900090,8,216,-208
103900091,1421,352,1069
103900092,1296,641,655
103900093,190,408,-218
103900094,37,165,-128
103900095,572,266,306
103900096,70,324,-254
103900097,11,622,-611
103900098,272,169,103
103900099,99,324,-225
103900100,245,749,-504
103900101,156,1210,-1054
103900102,3,42,-39
103900104,3,40,-37
103900105,122,317,-195
103900106,0,87,-87
103900107,117,313,-196
103900108,39,566,-527
103900109,87,100,-13
103900110,282,84,198
103900111,130,838,-708
103900112,95,163,-68
103900113,158,277,-119
103900114,547,440,107
103900115,373,380,-7
103900116,7684,2933,4751
103900117,213,149,64
103900119,30,98,-68
103900120,43,130,-87
103900122,96,327,-231
103900123,1969,969,1000
103900124,39,218,-179
103900125,132,102,30
103900126,571,535,36
103900127,242,736,-494
103900128,424,230,194
103900131,31,125,-94
103900133,1316,401,915
103900134,0,10,-10
103900135,4,12,-8
103900137,2,41,-39
103900138,58,416,-358
103900139,314,1953,-1639
103900140,13,108,-95
103900141,326,94,232
103900142,171,191,-20
103900143,33,1,32
103900144,2,65,-63
103900145,247,377,-130
103900146,410,351,59
103900147,398,177,221
103900148,247,624,-377
103900149,285,938,-653
103900150,8607,4422,4185
103900151,66,205,-139
103900152,567,906,-339
103900153,11,3,8
103900154,1578,2062,-484
103900155,52,372,-320
103900156,59,260,-201
103900157,46,289,-243
103900158,99,319,-220
103900159,164,143,21
103900160,86,70,16
103900161,133,272,-139
103900162,80,341,-261
103900163,30,576,-546
103900164,286,47,239
103900167,29,181,-152
103900168,175,204,-29
103900169,40,42,-2
103900170,3,151,-148
103900171,2,83,-81
103900172,6,39,-33
103900173,12,16,-4
103900174,208,112,96
103900175,76,87,-11
103900176,16,44,-28
103900177,21,93,-72
103900178,62,123,-61
103900179,70,141,-71
103900180,15,124,-109
103900181,86,79,7
103900182,108,35,73
103900184,579,124,455
103900185,278,387,-109
103900187,38,83,-45
103900188,98,39,59
103900189,132,7,125
103900190,128,77,51
103900191,48,75,-27
103900192,44,102,-58
103900193,221,272,-51
103900194,68,368,-300
103900195,12,91,-79
103900196,81,56,25
103900197,25,87,-62
103900198,33,125,-92
103900199,183,96,87
103900200,191,257,-66
103900201,250,471,-221
103900202,62,112,-50
103900203,52,26,26
103900204,0,159,-159
103900207,3,218,-215
103900208,145,2,143
103900209,12,130,-118
103900210,58,43,15
103900211,549,575,-26
103900212,127,523,-396
103900213,155,351,-196
103900214,297,244,53
103900215,585,444,141
103900216,39,1038,-999
103900217,525,139,386
103900218,1,458,-457
103900219,205,464,-259
103900233,182,6,176
103900235,66,40,26
103900236,24,3,21
103900242,56,36,20
103900243,12,9,3
103900244,166,319,-153
103900245,122,277,-155
103900246,62,47,15
103900247,30,127,-97
103900248,25,53,-28
103900249,42,69,-27
103900250,44,36,8
103900251,5,37,-32
103900253,15,110,-95
103900254,4,30,-26
103900255,13,39,-26
103900256,11,62,-51
103900257,47,136,-89
103900258,87,3,84
103900259,106,5,101
103900261,5,8,-3
103900262,42,12,30
103900263,51,80,-29
103900264,163,61,102
103900265,157,47,110
103900266,1,118,-117
103900267,19,63,-44
103900268,5,18,-13
103900269,31,31,0
103900270,15,40,-25
104000001,2207,2450,-243
104000002,1884,3072,-1188
104000003,2814,3023,-209
104000004,3407,3398,9
104000005,1720,2826,-1106
104000006,3648,3814,-166
104000007,5026,5069,-43
104000008,274,399,-125
104000009,162,117,45
104000010,183,281,-98
104000011,595,464,131
104000012,158,560,-402
104000013,209,173,36
104000014,258,830,-572
104000015,340,211,129
104000016,660,531,129
104000018,903,217,686
104000019,570,210,360
104000020,205,816,-611
104000021,334,785,-451
104000022,167,329,-162
104000023,1326,436,890
104000024,290,534,-244
104000026,77,535,-458
104000027,270,442,-172
104000028,391,289,102
104000029,485,590,-105
104000030,304,248,56
104000031,1344,488,856
104000032,219,390,-171
104000033,666,603,63
104000034,347,397,-50
104000035,851,458,393
104000036,733,639,94
104000037,331,297,34
104000038,428,348,80
104000039,244,376,-132
104000040,411,519,-108
104000041,2016,418,1598
104000042,252,506,-254
104000043,577,451,126
104000044,416,808,-392
104000045,1206,1477,-271
104000046,1559,2314,-755
104000047,1293,1684,-391
104000048,1211,2160,-949
104000049,1003,399,604
104000050,340,857,-517
104000051,131,699,-568
104000052,2679,1845,834
104000053,2277,722,1555
104000054,1444,651,793
104000055,5111,3264,1847
104000056,1682,305,1377
104000057,170,647,-477
104000058,1075,851,224
104000059,638,1435,-797
104000060,1112,1389,-277
104000061,1524,1444,80
104000062,405,152,253
104000064,533,345,188
104000065,378,879,-501
104000069,1383,1135,248
104000070,79,680,-601
104000071,147,808,-661
104000072,699,258,441
104000075,152,418,-266
104000076,619,208,411
104000082,2600,3821,-1221
104000083,913,220,693
104000084,168,674,-506
104000085,298,446,-148
104000086,240,526,-286
104000087,717,2326,-1609
104000090,803,1892,-1089
104000092,1380,2956,-1576
104000094,1592,2115,-523
104000095,2029,1756,273
104000096,2028,322,1706
104000097,1996,1111,885
104000098,2361,1361,1000
104000100,2352,876,1476
104000101,1527,2262,-735
104000106,125,714,-589
104000107,772,635,137
104000108,382,726,-344
104000109,350,128,222
104000110,1128,1394,-266
104000111,5377,3000,2377
104000112,3164,703,2461
104000116,7,1597,-1590
104000117,140,834,-694
104000118,656,276,380
104000119,915,391,524
104000120,303,984,-681
104000121,261,904,-643
104000122,786,867,-81
104000123,945,1257,-312
104000124,1314,2998,-1684
104000125,4574,4681,-107
104000126,607,532,75
104000127,1718,3574,-1856
104000128,888,588,300
104000129,536,40,496
104000130,17,383,-366
104000131,691,572,119
104000132,663,690,-27
104000133,1493,928,565
104000134,1250,1822,-572
104000135,631,2096,-1465
104000136,1098,4530,-3432
104000137,2067,506,1561
104000138,1438,384,1054
104000139,8390,3681,4709
104000141,1535,1684,-149
104000142,690,1000,-310
104000143,557,740,-183
104000144,85,224,-139
104000145,429,216,213
104000146,364,632,-268
104000147,194,430,-236
104000148,330,180,150
104000149,152,457,-305
104000150,1236,623,613
104000151,532,719,-187
104000152,712,880,-168
104000153,686,647,39
104000154,1134,944,190
104000155,470,590,-120
104000157,1377,2261,-884
104000158,891,528,363
104000159,891,520,371
104000160,1974,2204,-230
104000161,235,277,-42
104000162,60,225,-165
104000165,1276,1480,-204
104000167,604,1228,-624
104000168,623,8,615
104000169,115,56,59
104000170,674,603,71
104000248,313,799,-486
104000251,59,397,-338
104000272,0,0,0
104000273,0,0,0
104000274,0,0,0
104000275,0,0,0
104000279,887,648,239
104000290,112,326,-214
104000291,672,1316,-644
104000293,790,800,-10
104000294,35,0,35
104000295,674,1067,-393
104000296,445,1146,-701
104000297,992,2264,-1272
104000298,3588,1224,2364
104000299,936,1803,-867
104900001,209,772,-563
104900002,64,170,-106
104900003,53,535,-482
104900004,154,481,-327
104900005,238,287,-49
104900006,350,128,222
104900007,260,390,-130
104900009,160,440,-280
104900010,77,124,-47
104900011,41,13,28
104900012,380,26,354
104900013,182,13,169
104900014,3708,492,3216
104900015,99,8,91
104900016,298,290,8
104900017,191,280,-89
104900018,21,250,-229
104900019,448,3038,-2590
104900020,112,378,-266
104900021,5,278,-273
104900022,16,180,-164
104900023,1,113,-112
104900024,28,124,-96
104900025,82,417,-335
104900026,6,164,-158
104900027,601,434,167
104900028,29,145,-116
104900029,88,129,-41
104900030,565,343,222
104900031,131,244,-113
104900032,40,177,-137
104900033,180,309,-129
104900034,431,277,154
104900035,352,321,31
104900036,193,146,47
104900037,275,283,-8
104900038,745,1031,-286
104900039,951,446,505
104900040,468,183,285
104900041,303,245,58
104900042,210,317,-107
104900043,31,155,-124
104900044,566,392,174
104900045,578,42,536
104900046,266,231,35
104900047,368,206,162
104900048,309,128,181
104900049,44,38,6
104900050,639,172,467
104900051,364,95,269
104900052,69,4,65
104900053,521,140,381
104900054,187,57,130
104900055,107,0,107
104900056,575,29,546
104900057,69,1,68
104900058,1544,655,889
104900059,217,60,157
104900060,2,634,-632
104900061,340,915,-575
104900063,1,173,-172
104900064,1,111,-110
104900065,0,219,-219
104900066,7,263,-256
104900067,12,417,-405
104900068,40,334,-294
104900070,271,435,-164
104900071,0,746,-746
104900072,82,457,-375
104900073,100,322,-222
104900074,106,364,-258
104900075,85,100,-15
104900076,144,544,-400
104900077,1314,329,985
104900078,241,840,-599
104900079,163,464,-301
104900080,135,781,-646
104900082,18,615,-597
104900085,5,313,-308
104900087,1160,21,1139
104900089,226,1,225
104900090,1740,748,992
104900091,2908,948,1960
104900093,312,816,-504
104900097,3392,2866,526
104900098,328,63,265
104900099,244,850,-606
104900100,644,382,262
104900102,107,210,-103
104900103,535,108,427
104900104,4238,3049,1189
104900106,192,175,17
104900107,281,269,12
104900108,80,324,-244
104900109,111,341,-230
104900110,16,64,-48
104900111,220,165,55
104900112,325,964,-639
104900113,772,575,197
104900114,491,635,-144
104900115,833,582,251
104900116,297,271,26
104900118,29,143,-114
104900119,8,63,-55
104900120,36,212,-176
104900121,2,123,-121
104900122,5,121,-116
104900123,73,9,64
104900124,41,0,41
104900125,557,8,549
104900126,87,90,-3
104900127,26,101,-75
104900128,78,193,-115
104900129,2748,2139,609
105000001,2600,1871,729
105000002,2439,1955,484
105000003,3765,4193,-428
105000004,761,1271,-510
105000005,1068,1209,-141
105000006,1749,1879,-130
105000007,1289,1531,-242
105000008,2107,3057,-950
105000009,2263,3462,-1199
105000010,4271,3147,1124
105000011,3681,2943,738
105000012,5692,4138,1554
105000013,1066,1180,-114
105000014,3083,3040,43
105000015,12654,16472,-3818
105000016,4470,2898,1572
105000017,2177,1229,948
105000018,1685,1704,-19
105000019,2448,1041,1407
105000020,218,469,-251
105000021,337,108,229
105000022,374,89,285
105000023,812,592,220
105000028,104,145,-41
105000029,700,1569,-869
105000030,5130,3735,1395
105000033,1500,2486,-986
105000034,218,1357,-1139
105000037,798,581,217
105000038,2971,1985,986
105000039,4585,2625,1960
105000040,1620,1263,357
105000041,1899,1945,-46
105000042,5321,1915,3406
105000043,3203,3235,-32
105000044,765,584,181
105000045,510,1405,-895
105000046,1237,469,768
105000047,624,2465,-1841
105000048,814,254,560
105000049,293,984,-691
105000050,638,475,163
105000051,167,571,-404
105000052,1205,1140,65
105000053,158,217,-59
105000054,747,1174,-427
105000055,2050,489,1561
105000056,4173,3222,951
105000057,3230,1094,2136
105000058,1613,1761,-148
105000059,797,839,-42
105000060,516,795,-279
105000061,630,850,-220
105000062,763,1100,-337
105000063,329,713,-384
105000064,1363,1268,95
105000065,409,890,-481
105000066,1360,2112,-752
105000067,1388,1243,145
105000068,624,1113,-489
105000069,2354,1715,639
105000070,956,1036,-80
105000071,277,855,-578
105000072,748,2084,-1336
105000073,869,767,102
105000074,1552,1048,504
105000075,721,1013,-292
105000076,1302,1270,32
105000077,3219,1223,1996
105000078,1739,1576,163
105000079,1813,3243,-1430
105000080,2491,1988,503
105000081,4176,1441,2735
105000082,1370,1847,-477
105000083,5203,3544,1659
105000084,1614,1178,436
105000085,3069,2051,1018
105000086,654,1281,-627
105000087,1951,2370,-419
105000088,1958,1888,70
105000089,4815,3288,1527
105000090,1560,1032,528
105000091,1900,1961,-61
105000092,1177,1205,-28
105000093,443,271,172
105000094,295,289,6
105000095,148,549,-401
105000096,1346,1197,149
105000097,1146,815,331
105000098,1016,988,28
105000099,1064,869,195
105000100,1630,1579,51
105000101,3551,2500,1051
105000102,4292,1963,2329
105000103,2942,3106,-164
105000104,5188,1197,3991
105000105,3111,2699,412
105000106,3392,2929,463
105000107,1494,1390,104
105000108,1838,2234,-396
105000109,1822,2851,-1029
105000110,700,923,-223
105000111,646,976,-330
105000112,1437,1016,421
105000113,464,1021,-557
105000114,3588,1345,2243
105000115,354,1279,-925
105000116,937,888,49
105000117,937,1355,-418
105000118,922,797,125
105000119,1128,1836,-708
105000120,1255,994,261
105000121,1082,1908,-826
105000122,604,1024,-420
105000123,2418,1898,520
105000124,2233,1221,1012
105000125,989,2644,-1655
105000126,2206,2346,-140
105000127,2782,3016,-234
105000128,1784,1694,90
105000129,1435,463,972
105000130,447,2526,-2079
105000131,965,529,436
105000132,978,668,310
105000133,595,1324,-729
105000134,758,667,91
105000135,555,829,-274
105000136,112,131,-19
105000137,301,495,-194
105000138,63,168,-105
105000139,1279,1378,-99
105000140,274,474,-200
105000141,413,893,-480
105000142,217,529,-312
105000143,374,1029,-655
105000144,335,1123,-788
105000145,735,512,223
105000146,467,1092,-625
105000147,612,394,218
105000148,1554,667,887
105000149,2845,2493,352
105000150,2433,2313,120
105000151,510,593,-83
105000152,197,626,-429
105000153,678,1149,-471
105000154,765,725,40
105000155,630,1559,-929
105000156,1156,804,352
105000157,1053,2047,-994
105000158,2158,1179,979
105000159,259,1257,-998
105000160,1934,832,1102
105000161,793,1328,-535
105000162,632,2067,-1435
105000163,1249,1159,90
105000164,226,382,-156
105000165,1577,5507,-3930
105000166,7011,1035,5976
105000167,2682,1779,903
105000168,401,892,-491
105000169,451,867,-416
105000170,269,2300,-2031
105000171,1388,358,1030
105000172,311,180,131
105000173,171,546,-375
105000174,85,284,-199
105000175,90,193,-103
105000176,427,252,175
105000177,224,262,-38
105000178,174,733,-559
105000179,514,583,-69
105000180,196,178,18
105000181,130,407,-277
105000182,122,67,55
105000183,3534,2189,1345
105000184,2146,1177,969
105000185,2292,831,1461
105000186,1606,951,655
105000187,1515,253,1262
105000188,602,214,388
105000189,519,603,-84
105000190,383,569,-186
105000191,486,533,-47
105000192,430,96,334
105000193,98,161,-63
105000194,359,204,155
105000195,594,1174,-580
105000196,73,264,-191
105000197,266,760,-494
105000198,702,493,209
105000199,355,760,-405
105000200,313,301,12
105000201,308,44,264
105000203,35,246,-211
105000204,80,148,-68
105000205,155,210,-55
105000207,965,480,485
105000208,333,740,-407
105000209,285,488,-203
105000212,1539,1835,-296
105000213,278,351,-73
105000214,239,545,-306
105000215,290,241,49
105000216,175,989,-814
105000217,244,630,-386
105000218,1499,1600,-101
105000221,164,258,-94
105000222,1192,106,1086
105000223,1061,280,781
105000226,121,357,-236
105000227,115,268,-153
105000228,397,2279,-1882
105000229,256,568,-312
105000231,287,386,-99
105000233,1042,899,143
105000234,1252,1365,-113
105000235,594,855,-261
105000237,777,95,682
105000243,32,290,-258
105000248,84,91,-7
105000262,374,1725,-1351
105000269,171,263,-92
105000270,385,78,307
105000271,1,258,-257
105000282,70,77,-7
105000287,399,139,260
105000288,1498,678,820
105000289,3286,2402,884
105000290,108,18,90
105000402,4959,4796,163
105000426,728,813,-85
105000438,4287,1669,2618
105000446,16235,7513,8722
105000447,9558,3984,5574
105000454,463,538,-75
105000455,383,340,43
105000474,31,8,23
105000477,394,768,-374
105000478,1981,4836,-2855
105000479,230,187,43
105000480,9598,6188,3410
105000481,4997,3895,1102
105000482,7367,8199,-832
105000483,1548,2035,-487
105000484,2905,3601,-696
105000485,1842,3091,-1249
105000486,5972,3252,2720
105000488,10764,6599,4165
105000489,995,1267,-272
105000549,389,165,224
105000550,626,2006,-1380
105000551,40,198,-158
105000552,3227,2128,1099
105900001,14,1462,-1448
105900002,2177,914,1263
105900003,17,151,-134
105900004,691,172,519
105900005,36,428,-392
105900006,16,111,-95
105900007,350,34,316
105900008,72,734,-662
105900009,41,28,13
105900011,721,71,650
105900012,953,155,798
105900013,8,47,-39
105900014,16,97,-81
105900015,243,442,-199
105900016,504,837,-333
105900017,2097,58,2039
105900018,190,234,-44
105900019,79,611,-532
105900020,51,61,-10
105900021,79,570,-491
105900022,538,306,232
105900023,10,197,-187
105900024,39,267,-228
105900025,268,95,173
105900026,450,32,418
105900027,7917,12631,-4714
105900028,1054,338,716
105900029,1987,499,1488
105900030,282,369,-87
105900031,452,313,139
105900032,118,201,-83
105900033,124,190,-66
105900034,524,386,138
105900035,312,267,45
105900036,82,175,-93
105900037,88,69,19
105900038,213,396,-183
105900039,98,152,-54
105900040,99,127,-28
105900041,208,326,-118
105900042,80,157,-77
105900043,1710,67,1643
105900044,11,378,-367
105900045,8,1278,-1270
105900046,3,356,-353
105900047,18,80,-62
105900048,163,818,-655
105900050,9912,3026,6886
105900051,31,1264,-1233
105900052,702,423,279
105900053,5035,3800,1235
105900054,488,316,172
105900056,953,533,420
105900057,91,190,-99
105900058,13,34,-21
105900059,0,38,-38
106000001,5592,3270,2322
106000002,3271,6551,-3280
106000003,3109,4193,-1084
106000004,2070,3185,-1115
106000005,3526,7132,-3606
106000006,6847,5351,1496
106000007,631,722,-91
106000008,557,356,201
106000009,555,435,120
106000010,616,710,-94
106000011,1009,1435,-426
106000012,952,1617,-665
106000013,2090,2812,-722
106000014,2350,2014,336
106000015,1717,1690,27
106000016,1471,2867,-1396
106000017,670,980,-310
106000018,693,577,116
106000019,432,695,-263
106000020,332,548,-216
106000021,353,539,-186
106000022,354,318,36
106000023,728,463,265
106000024,764,674,90
106000025,108,259,-151
106000026,189,273,-84
106000027,1428,1809,-381
106000028,724,662,62
106000029,910,1478,-568
106000030,965,619,346
106000034,274,746,-472
106000035,1300,2240,-940
106000036,297,617,-320
106000037,2452,1814,638
106000038,556,119,437
106000039,223,124,99
106000040,211,1126,-915
106000041,989,690,299
106000043,670,290,380
106000046,528,115,413
106000047,87,557,-470
106000049,930,465,465
106000050,380,996,-616
106000051,695,534,161
106000052,106,823,-717
106000053,372,214,158
106000054,421,635,-214
106000055,1323,1608,-285
106000056,354,604,-250
106000057,324,553,-229
106000058,191,241,-50
106000059,319,529,-210
106000060,413,671,-258
106000061,194,657,-463
106000062,218,692,-474
106000063,680,636,44
106000064,41,482,-441
106000065,384,344,40
106000066,180,484,-304
106000067,1185,172,1013
106000068,74,760,-686
106000069,285,105,180
106000070,519,1087,-568
106000071,1201,506,695
106000072,3825,1854,1971
106000073,2005,3503,-1498
106000074,614,750,-136
106000075,348,1802,-1454
106000076,2091,2757,-666
106000077,4254,1687,2567
106000078,1162,1204,-42
106000079,749,1358,-609
106000080,1417,883,534
106000081,712,1500,-788
106000082,2649,1108,1541
106000083,413,1868,-1455
106000084,1248,823,425
106000085,1777,1863,-86
106000086,699,1054,-355
106000087,998,576,422
106000088,434,897,-463
106000089,1128,431,697
106000090,298,824,-526
106000091,322,712,-390
106000092,736,325,411
106000093,328,292,36
106000094,154,317,-163
106000095,709,1070,-361
106000096,968,987,-19
106000097,1284,1225,59
106000098,1230,1543,-313
106000099,311,1204,-893
106000100,1939,312,1627
106000101,3129,406,2723
106000102,541,997,-456
106000103,807,701,106
106000104,1500,691,809
106000105,687,886,-199
106000106,818,700,118
106000107,133,401,-268
106000108,354,472,-118
106000109,153,301,-148
106000110,241,538,-297
106000111,259,497,-238
106000112,233,779,-546
106000113,864,686,178
106000114,566,873,-307
106000115,256,617,-361
106000116,267,317,-50
106000117,1387,930,457
106000118,1381,1850,-469
106000119,1895,1406,489
106000120,981,1443,-462
106000121,190,230,-40
106000122,120,362,-242
106000123,429,254,175
106000124,80,348,-268
106000125,30,413,-383
106000126,216,260,-44
106000127,904,1286,-382
106000128,693,325,368
106000129,441,1003,-562
106000130,762,598,164
106000131,147,979,-832
106000132,677,330,347
106000133,2835,1567,1268
106000134,747,3077,-2330
106000135,282,833,-551
106000136,854,1248,-394
106000137,107,1240,-1133
106000138,1415,180,1235
106000139,63,138,-75
106000140,65,69,-4
106000141,95,112,-17
106000142,71,92,-21
106000143,141,97,44
106000144,33,73,-40
106000145,208,287,-79
106000146,354,241,113
106000147,574,584,-10
106000148,869,1165,-296
106000149,586,537,49
106000150,539,2275,-1736
106000151,4484,1034,3450
106000152,1796,2513,-717
106000153,111,2062,-1951
106000154,1621,284,1337
106000155,126,306,-180
106000156,958,428,530
106000157,763,2082,-1319
106000158,2733,1184,1549
106000159,4259,2121,2138
106000160,467,3113,-2646
106000161,1956,521,1435
106000162,293,1121,-828
106000163,775,622,153
106000164,339,517,-178
106000165,250,686,-436
106000166,728,523,205
106000167,480,1365,-885
106000168,448,484,-36
106000169,346,831,-485
106000170,1539,413,1126
106000171,559,1523,-964
106000172,3480,2222,1258
106000173,1789,3711,-1922
106000174,1277,506,771
106000175,299,1186,-887
106000176,2041,1248,793
106000177,1037,3314,-2277
106000178,4186,2501,1685
106000179,1440,3623,-2183
106000180,1009,1912,-903
106000181,850,2172,-1322
106000182,1229,1042,187
106000183,1386,1026,360
106000184,2677,1141,1536
106000185,1420,1462,-42
106000186,1186,369,817
106000187,271,1500,-1229
106000188,5,0,5
106000189,15,114,-99
106000190,69,2,67
106000191,679,308,371
106000192,2,41,-39
106000193,661,301,360
106000194,255,698,-443
106000195,1873,320,1553
106000196,415,838,-423
106000197,1048,431,617
106000198,326,378,-52
106000199,2542,1050,1492
106000200,371,387,-16
106000201,528,3039,-2511
106000202,5635,933,4702
106000203,111,270,-159
106000204,75,12,63
106000205,23,213,-190
106000206,62,28,34
106000207,46,1077,-1031
106000208,1501,214,1287
106000209,1748,457,1291
106000210,438,1373,-935
106000211,489,1558,-1069
106000212,1102,448,654
106000213,1032,2272,-1240
106000214,3716,1018,2698
106000215,825,570,255
106000216,931,509,422
106000217,299,535,-236
106000218,541,540,1
106000219,203,387,-184
106000220,587,413,174
106000221,190,354,-164
106000222,78,144,-66
106000223,173,181,-8
106000224,252,286,-34
106000225,70,163,-93
106000226,145,313,-168
106000228,62,127,-65
106000229,100,886,-786
106000231,998,264,734
106000232,184,458,-274
106000233,1106,161,945
106000234,718,255,463
106000235,4540,122,4418
106000236,1945,97,1848
106000237,47,31,16
106000238,1212,19,1193
106000239,8,310,-302
106000240,90,3,87
106000241,28,969,-941
106000242,282,43,239
106000249,75,119,-44
106000250,72,775,-703
106000251,214,44,170
106000252,82,130,-48
106000253,55,81,-26
106000254,54,77,-23
106000255,23,195,-172
106000256,38,72,-34
106000257,234,409,-175
106000258,1733,18,1715
106000259,80,64,16
106000260,36,6,30
106000261,1,57,-56
106000262,209,23,186
106000263,41,81,-40
106000264,253,18,235
106000265,23,241,-218
106000266,131,61,70
106000267,11,108,-97
106000268,658,174,484
106000269,76,95,-19
106000270,171,777,-606
106000271,105,310,-205
106000272,418,86,332
106000273,15,346,-331
106000274,255,58,197
106000275,197,320,-123
106000276,241,55,186
106000277,171,280,-109
106000278,332,41,291
106000279,24,60,-36
106000280,101,139,-38
106000281,129,76,53
106000282,55,72,-17
106000283,156,84,72
106000284,105,144,-39
106000285,150,118,32
106000286,101,205,-104
106000287,186,108,78
106000288,117,192,-75
106000289,104,81,23
106000290,79,139,-60
106000291,143,167,-24
106000292,70,140,-70
106000293,193,135,58
106000294,120,166,-46
106000295,70,49,21
106000296,64,158,-94
106000297,84,287,-203
106000298,190,108,82
106000299,81,196,-115
106000300,60,123,-63
106000301,94,159,-65
106000303,38,153,-115
106000304,48,39,9
106000305,105,113,-8
106000306,31,85,-54
106000307,70,50,20
106000308,39,271,-232
106000309,31,149,-118
106000310,346,716,-370
106000311,369,231,138
106000312,96,203,-107
106000313,162,276,-114
106000318,182,691,-509
106000319,1113,209,904
106000320,3,79,-76
106000321,1019,177,842
106000322,224,256,-32
106000324,24,177,-153
106000325,1618,1216,402
106000326,1093,2406,-1313
106000327,130,166,-36
106000328,83,158,-75
106000329,650,383,267
106000330,233,82,151
106000428,78,182,-104
106000429,154,490,-336
106000430,462,1421,-959
106000431,2807,534,2273
106000432,2135,3333,-1198
106000433,2105,1534,571
106000434,3538,2246,1292
106000435,2001,3189,-1188
106000436,11,375,-364
106000437,445,41,404
106000438,454,220,234
106000439,145,571,-426
106000440,514,583,-69
106000441,0,1,-1
106000442,125,4,121
106000443,149,433,-284
106000450,7,264,-257
106000451,15,60,-45
106000454,7,951,-944
106000455,11,289,-278
106000456,160,79,81
106000457,11,1417,-1406
106000458,721,253,468
106000459,160,703,-543
106000460,1887,109,1778
106000461,120,2118,-1998
106000462,0,22,-22
106000463,3,32,-29
106000464,4,709,-705
106000465,573,4,569
106000466,4,873,-869
106000467,723,1106,-383
106000468,87,313,-226
106000469,435,8,427
106000470,373,2076,-1703
106000471,50,847,-797
106000472,215,40,175
106000473,32,17,15
106000474,395,676,-281
106000475,333,195,138
106000476,198,275,-77
106000477,24,48,-24
106900001,2,24,-22
106900002,1,596,-595
106900003,378,1511,-1133
106900004,1,69,-68
106900006,0,15,-15
106900007,0,12,-12
106900008,341,363,-22
106900009,366,529,-163
106900010,309,406,-97
106900012,2287,3683,-1396
106900013,1471,188,1283
106900014,36,4,32
106900015,26,3,23
106900016,334,14,320
106900017,6,1,5
106900018,3,0,3
106900019,36,6,30
106900020,3499,1689,1810
106900021,121,113,8
106900022,866,1,865
106900023,64,301,-237
106900024,1439,39,1400
106900025,73,863,-790
106900026,5,809,-804
106900027,1080,10,1070
107000001,5103,4544,559
107000002,5134,7068,-1934
107000003,6525,8390,-1865
107000004,6969,7685,-716
107000005,5149,7033,-1884
107000006,8701,7511,1190
107000007,6918,13186,-6268
107000008,16680,12468,4212
107000009,8054,9097,-1043
107000010,17465,14095,3370
107000011,1542,2052,-510
107000012,6432,4673,1759
107000013,82,158,-76
107000014,41,280,-239
107000015,467,934,-467
107000016,828,1193,-365
107000017,9385,2239,7146
107000018,110,1582,-1472
107000020,5855,1956,3899
107000021,3260,719,2541
107000022,2189,2132,57
107000023,4419,416,4003
107000024,933,2138,-1205
107000025,216,644,-428
107000026,505,800,-295
107000027,1444,1968,-524
107000028,1682,2225,-543
107000029,3954,4135,-181
107000030,4606,4700,-94
107000031,4119,3898,221
107000032,798,1312,-514
107000033,4418,9442,-5024
107000034,5660,2537,3123
107000035,513,336,177
107000036,547,1465,-918
107000037,92,1130,-1038
107000038,382,425,-43
107000039,752,946,-194
107000040,228,583,-355
107000041,2118,1105,1013
107000042,999,2653,-1654
107000043,3781,1588,2193
107000044,815,478,337
107000045,194,400,-206
107000046,1134,551,583
107000047,729,1106,-377
107000048,876,436,440
107000049,680,1002,-322
107000050,1182,729,453
107000051,609,569,40
107000052,1282,1298,-16
107000053,530,287,243
107000054,77,342,-265
107000055,177,149,28
107000056,500,1096,-596
107000057,1536,294,1242
107000058,2425,2782,-357
107000059,2785,4293,-1508
107000060,4758,6934,-2176
107000061,6329,5447,882
107000062,4176,3837,339
107000063,4848,7306,-2458
107000064,5320,2744,2576
107000065,7635,6359,1276
107000066,2848,3636,-788
107000067,1609,1589,20
107000068,1889,933,956
107000069,879,602,277
107000070,1433,7,1426
107000071,3344,47,3297
107000072,94,4073,-3979
107000073,794,353,441
107000074,221,1424,-1203
107000075,1736,557,1179
107000076,1034,2113,-1079
107000077,3880,1466,2414
107000078,3558,4657,-1099
107000079,3232,1166,2066
107000080,1689,4518,-2829
107000081,2007,841,1166
107000082,601,2912,-2311
107000083,1538,664,874
107000084,725,2994,-2269
107000085,3556,4624,-1068
107000086,4753,4430,323
107000087,3740,2777,963
107000088,5300,4633,667
107000089,1523,2397,-874
107000090,1373,1361,12
107000091,1380,1007,373
107000092,864,1298,-434
107000093,1250,1128,122
107000094,1256,1474,-218
107000095,1249,972,277
107000096,792,1564,-772
107000097,1071,287,784
107000098,1276,629,647
107000099,770,410,360
107000100,415,392,23
107000101,96,181,-85
107000102,410,565,-155
107000103,338,247,91
107000104,241,426,-185
107000105,446,207,239
107000106,800,369,431
107000107,644,328,316
107000108,320,848,-528
107000109,813,243,570
107000110,91,661,-570
107000111,412,73,339
107000112,64,391,-327
107000113,657,202,455
107000114,108,636,-528
107000115,615,191,424
107000116,156,1047,-891
107000117,163,689,-526
107000118,135,296,-161
107000119,1842,1853,-11
107000120,1744,595,1149
107000121,1007,935,72
107000122,1576,1236,340
107000123,530,871,-341
107000124,644,1130,-486
107000125,923,855,68
107000126,989,1158,-169
107000127,84,395,-311
107000129,779,246,533
107000130,780,410,370
107000131,572,421,151
107000132,858,569,289
107000133,1398,182,1216
107000134,466,0,466
107000135,5,434,-429
107000136,1012,17,995
107000137,15,509,-494
107000138,731,67,664
107000139,25,579,-554
107000140,3169,194,2975
107000141,279,1068,-789
107000142,821,163,658
107000143,100,987,-887
107000144,1370,761,609
107000145,258,730,-472
107000146,244,514,-270
107000147,3760,1092,2668
107000150,1089,4625,-3536
107000151,75,149,-74
107000152,628,1470,-842
107000153,275,550,-275
107000154,353,324,29
107000155,1147,58,1089
107000156,1591,54,1537
107000157,75,2261,-2186
107000158,679,28,651
107000159,47,1268,-1221
107000160,963,269,694
107000161,144,2186,-2042
107000162,312,792,-480
107000163,418,5,413
107000164,795,8,787
107000165,963,10,953
107000166,81,1753,-1672
107000167,712,342,370
107000168,965,665,300
107000169,915,1149,-234
107000170,2254,1362,892
107000171,1117,3105,-1988
107000172,1182,1630,-448
107000173,821,1396,-575
107000174,1169,6552,-5383
107000175,10089,2629,7460
107000176,2,0,2
107000177,29,5,24
107000178,19,98,-79
107000179,332,3109,-2777
107000180,1427,587,840
107000181,438,1567,-1129
107000182,1855,1396,459
107000183,135,1248,-1113
107000184,1115,1037,78
107000185,611,2158,-1547
107000186,1522,733,789
107000187,1928,1807,121
107000188,769,781,-12
107000189,576,1336,-760
107000190,851,977,-126
107000191,751,1321,-570
107000192,1804,1182,622
107000193,488,701,-213
107000194,902,931,-29
107000197,1117,492,625
107000198,417,965,-548
107000199,888,1138,-250
107000200,1003,894,109
107000201,841,317,524
107000202,574,673,-99
107000203,2363,981,1382
107000204,2372,1019,1353
107000205,2956,1503,1453
107000206,1400,1637,-237
107000207,979,1418,-439
107000208,1681,598,1083
107000209,3165,1428,1737
107000210,1119,472,647
107000211,1,39,-38
107000212,30,467,-437
107000213,10,29,-19
107000214,26,229,-203
107000215,537,543,-6
107000216,426,445,-19
107000217,647,174,473
107000219,142,189,-47
107000220,795,281,514
107000222,352,1136,-784
107000224,984,89,895
107000225,1325,804,521
107000226,628,132,496
107000227,250,430,-180
107000228,157,288,-131
107000229,186,232,-46
107000230,1354,627,727
107000231,2241,1915,326
107000232,91,89,2
107000233,2109,1089,1020
107000234,5,86,-81
107000235,108,11,97
107000236,22,1016,-994
107000237,32,1,31
107000238,159,2,157
107000239,4550,627,3923
107000240,103,1509,-1406
107000241,122,31,91
107000242,538,72,466
107000243,0,78,-78
107000244,10,61,-51
107000246,3,1362,-1359
107000249,5,1335,-1330
107000251,5,484,-479
107000252,14,1807,-1793
107000255,768,101,667
107000257,5,489,-484
107000258,2,180,-178
107000259,13,324,-311
107000260,710,19,691
107000262,23,744,-721
107000263,268,32,236
107000266,5,27,-22
107000267,110,262,-152
107000268,210,274,-64
107000269,817,66,751
107000270,2,25,-23
107000271,24,969,-945
107000272,28,207,-179
107000273,5,262,-257
107000274,4533,458,4075
107000275,171,1388,-1217
107000280,880,68,812
107000281,78,1407,-1329
107000282,63,1234,-1171
107000290,19,29,-10
107000291,76,18,58
107000292,2,104,-102
107000293,250,3,247
107000294,0,40,-40
107000295,358,4,354
107000296,1,29,-28
107000444,449,15,434
107000496,6,32,-26
107000497,1961,3615,-1654
107000500,276,388,-112
107000501,184,183,1
107000502,223,426,-203
107000505,534,1089,-555
107000506,3,66,-63
107000508,13,972,-959
107000509,295,1513,-1218
107000510,171,33,138
107000514,92,442,-350
107000515,26,339,-313
107000516,331,434,-103
107000518,1177,1438,-261
107000519,2808,1413,1395
107000520,68,39,29
107900001,63,242,-179
107900002,85,15,70
107900003,275,12,263
107900004,109,3,106
107900005,1516,6,1510
107900006,158,3,155
107900007,334,49,285
107900008,276,46,230
107900009,340,6,334
107900010,49,2,47
107900012,345,26,319
107900013,315,75,240
107900014,44,21,23
107900015,1084,14,1070
107900016,654,127,527
107900017,39,7,32
107900018,69,178,-109
107900019,43,65,-22
107900020,150,43,107
107900021,73,176,-103
107900023,2,1,1
107900024,0,10,-10
107900025,206,396,-190
107900026,94,86,8
107900027,128,105,23
107900028,90,116,-26
107900030,179,23,156
107900031,77,129,-52
107900032,44,10,34
107900033,23,6,17
107900034,453,49,404
107900035,883,111,772
107900036,64,21,43
107900037,0,21,-21
107900038,151,321,-170
107900039,28,83,-55
107900040,161,603,-442
107900041,3,0,3
107900043,31,189,-158
107900044,30,30,0
107900045,129,59,70
107900046,187,279,-92
107900047,26,28,-2
107900048,173,11,162
107900049,472,2574,-2102
107900050,186,473,-287
107900051,101,100,1
107900052,28,35,-7
107900053,53,116,-63
107900055,1016,466,550
107900056,269,76,193
107900057,0,0,0
107900058,99,769,-670
107900060,234,81,153
107900061,41,10,31
107900063,87,152,-65
107900064,403,178,225
107900065,200,35,165
107900066,39,4,35
107900067,0,0,0
107900068,275,463,-188
107900069,30,1997,-1967
107900070,147,67,80
107900071,34,1011,-977
107900072,112,260,-148
107900073,563,146,417
107900074,1195,382,813
107900076,143,63,80
107900077,88,2,86
107900078,270,95,175
107900079,22,32,-10
107900080,370,535,-165
107900081,49,149,-100
107900082,42,22,20
107900083,514,193,321
107900084,117,141,-24
107900086,303,173,130
107900087,947,204,743
107900088,41,12,29
107900089,354,1592,-1238
107900090,1355,3792,-2437
107900091,318,793,-475
107900092,2753,746,2007
107900093,222,182,40
107900095,4700,3252,1448
107900097,23,102,-79
107900098,66,194,-128
107900100,1513,1409,104
107900101,1484,359,1125
107900102,30,8,22
107900103,56,401,-345
107900104,357,19,338
107900105,1,407,-406
107900106,4,1578,-1574
107900107,2312,674,1638
107900108,409,268,141
107900109,1196,28,1168
107900110,55,250,-195
107900111,11,1143,-1132
107900112,115,419,-304
107900113,245,232,13
107900114,169,262,-93
107900115,5,66,-61
107900116,152,245,-93
107900117,471,651,-180
107900118,77,285,-208
107900119,81,480,-399
107900120,35,45,-10
107900121,3,527,-524
107900122,6,132,-126
107900123,4,38,-34
107900124,69,50,19
107900125,25,277,-252
107900126,7,74,-67
107900127,688,386,302
107900128,161,125,36
107900129,65,88,-23
107900130,104,65,39
107900131,1090,362,728
107900132,152,692,-540
107900133,1,111,-110
107900134,39,92,-53
107900135,7,224,-217
107900136,56,83,-27
107900137,374,137,237
107900138,45,148,-103
107900139,63,215,-152
107900140,133,74,59
107900141,46,47,-1
107900142,270,1277,-1007
107900143,370,44,326
107900144,1,198,-197
107900145,17,183,-166
107900146,78,171,-93
107900147,73,86,-13
107900148,216,183,33
107900149,1606,430,1176
107900150,142,1023,-881
107900151,39,168,-129
107900152,21,385,-364
107900153,165,374,-209
107900154,54,43,11
107900155,64,150,-86
107900156,17,494,-477
107900157,66,65,1
107900158,930,48,882
107900159,52,1257,-1205
107900160,138,254,-116
107900161,22,273,-251
107900162,1,266,-265
107900163,139,386,-247
107900164,9,45,-36
107900165,18,103,-85
107900166,20,256,-236
107900167,28,64,-36
107900168,31,61,-30
107900169,2,266,-264
107900171,36,2070,-2034
107900172,3,542,-539
107900173,22,192,-170
107900174,100,12,88
107900175,118,67,51
107900176,30,60,-30
107900177,8,488,-480
107900178,8,206,-198
107900179,25,252,-227
107900180,917,476,441
107900181,1023,375,648
107900182,5,1725,-1720
107900183,43,406,-363
107900184,522,349,173
107900185,100,3,97
107900186,29,67,-38
107900187,3,179,-176
107900188,954,283,671
107900189,59,207,-148
107900190,91,136,-45
107900191,85,175,-90
107900193,18,74,-56
107900194,235,18,217
107900195,3810,668,3142
107900196,115,156,-41
107900197,1253,462,791
107900199,0,1171,-1171
107900201,92,149,-57
107900203,30,101,-71
107900204,266,383,-117
107900205,285,581,-296
107900206,1154,263,891
107900207,3,687,-684
107900208,33,815,-782
107900209,509,235,274
107900210,101,142,-41
107900213,1179,984,195
107900214,37,165,-128
107900215,231,445,-214
107900216,226,100,126
107900217,101,116,-15
107900218,32,2453,-2421
107900219,52,179,-127
107900220,389,393,-4
107900221,231,281,-50
107900223,116,757,-641
107900224,147,456,-309
107900225,24,930,-906
107900226,126,185,-59
107900227,139,603,-464
107900228,15,179,-164
107900229,2,470,-468
107900230,21,166,-145
107900231,26,279,-253
107900232,106,212,-106
107900233,6,195,-189
107900234,86,313,-227
107900235,52,151,-99
107900236,102,196,-94
107900237,99,768,-669
107900238,27,139,-112
107900239,1150,638,512
107900240,37,174,-137
107900241,17,135,-118
107900242,45,346,-301
107900243,11,117,-106
107900244,440,4,436
107900245,625,57,568
107900246,1452,26,1426
107900248,558,713,-155
107900249,685,55,630
107900250,3,712,-709
107900251,91,1849,-1758
107900252,1049,42,1007
107900253,166,6,160
107900254,109,1125,-1016
107900255,485,157,328
107900256,3737,2482,1255
107900257,253,188,65
107900258,213,259,-46
107900259,145,1966,-1821
107900261,10,455,-445
107900262,108,209,-101
107900264,485,13,472
107900265,651,218,433
107900267,214,36,178
107900268,20,5,15
107900269,1,18,-17
107900270,0,0,0
107900271,0,8,-8
107900272,103,19,84
107900273,50,156,-106
107900274,72,0,72
107900275,35,0,35
107900276,2,90,-88
107900277,1,279,-278
107900278,406,526,-120
107900279,180,218,-38
107900280,2289,3544,-1255
107900281,2779,2714,65
107900282,60,485,-425
107900283,1547,691,856
107900284,812,969,-157
107900285,92,115,-23
107900286,214,138,76
107900287,198,245,-47
107900290,1,150,-149
107900291,532,18,514
107900292,294,333,-39
107900293,67,679,-612
107900295,53,64,-11
107900297,2,574,-572
107900298,984,1259,-275
107900299,4710,2735,1975
107900300,82,305,-223
107900301,2154,674,1480
107900302,139,71,68
107900303,461,451,10
107900304,298,722,-424
107900305,372,17,355
107900306,33,44,-11
107900307,62,347,-285
107900308,185,139,46
107900309,146,0,146
107900310,836,3,833
107900311,4,339,-335
107900312,112,4,108
107900313,0,175,-175
107900314,0,77,-77
107900315,3,95,-92
107900316,53,2,51
107900317,206,25,181
107900318,16,273,-257
107900319,0,293,-293
107900320,1,235,-234
107900321,144,6,138
107900322,7,185,-178
107900323,15,204,-189
107900324,199,4,195
107900325,93,0,93
107900326,410,368,42
107900327,2,95,-93
107900328,273,1,272
107900329,356,213,143
107900330,9,460,-451
107900331,205,51,154
107900332,227,46,181
107900333,49,14,35
107900334,46,244,-198
107900335,119,68,51
107900336,194,70,124
107900337,1707,1102,605
107900338,3,221,-218
107900339,5,51,-46
107900340,0,83,-83
107900341,79,3,76
107900342,101,239,-138
107900343,122,7,115
107900344,12,143,-131
107900345,137,38,99
107900346,48,3,45
107900347,31,4,27
107900348,69,7,62
107900349,26,13,13
107900350,38,365,-327
108000001,3272,4271,-999
108000002,2511,3750,-1239
108000003,4093,3643,450
108000004,16670,20686,-4016
108000005,9608,6982,2626
108000006,10578,10652,-74
108000007,5993,4882,1111
108000008,5613,8773,-3160
108000009,4437,5179,-742
108000010,4449,6317,-1868
108000011,14939,13722,1217
108000012,24227,21835,2392
108000014,1198,868,330
108000015,762,402,360
108000016,375,764,-389
108000017,1133,510,623
108000018,2831,821,2010
108000019,3664,1099,2565
108000020,1587,672,915
108000021,440,2290,-1850
108000022,609,1717,-1108
108000023,1331,410,921
108000024,290,775,-485
108000025,338,338,0
108000026,606,652,-46
108000027,837,690,147
108000028,717,349,368
108000029,847,824,23
108000030,698,378,320
108000031,255,970,-715
108000032,1616,898,718
108000033,871,1563,-692
108000034,1640,812,828
108000035,971,3145,-2174
108000036,339,1351,-1012
108000037,1594,683,911
108000038,2567,803,1764
108000039,697,2850,-2153
108000040,1793,1160,633
108000041,871,3360,-2489
108000042,308,324,-16
108000043,252,425,-173
108000044,562,223,339
108000045,264,755,-491
108000046,1614,504,1110
108000047,662,1504,-842
108000048,566,516,50
108000049,1947,464,1483
108000050,133,535,-402
108000051,307,173,134
108000052,351,896,-545
108000053,449,291,158
108000054,589,1309,-720
108000055,1293,612,681
108000056,1115,1439,-324
108000057,694,1373,-679
108000058,2151,4308,-2157
108000059,4005,2739,1266
108000060,196,471,-275
108000061,191,395,-204
108000062,844,737,107
108000063,493,632,-139
108000064,265,374,-109
108000065,654,819,-165
108000066,1887,990,897
108000067,1998,795,1203
108000068,799,446,353
108000069,237,1411,-1174
108000070,2083,1006,1077
108000071,787,2180,-1393
108000072,1867,1617,250
108000073,1850,2632,-782
108000074,709,526,183
108000075,518,1302,-784
108000076,801,751,50
108000077,724,1003,-279
108000078,2365,1894,471
108000079,1038,2158,-1120
108000080,1910,892,1018
108000081,1094,2421,-1327
108000082,1182,2354,-1172
108000083,1916,1188,728
108000084,780,1523,-743
108000085,987,554,433
108000086,1406,943,463
108000087,162,2093,-1931
108000088,201,9,192
108000089,454,720,-266
108000090,497,193,304
108000091,398,625,-227
108000092,163,122,41
108000093,232,908,-676
108000094,642,111,531
108000095,161,610,-449
108000096,360,182,178
108000097,166,735,-569
108000098,1849,2058,-209
108000099,324,102,222
108000100,69,268,-199
108000101,2428,1804,624
108000102,1935,3564,-1629
108000106,1172,4,1168
108000107,3,1071,-1068
108000108,855,62,793
108000109,12,889,-877
108000110,194,463,-269
108000111,225,876,-651
108000112,65,152,-87
108000113,533,330,203
108000115,436,433,3
108000117,959,444,515
108000118,91,252,-161
108000119,807,560,247
108000120,171,882,-711
108000121,243,762,-519
108000122,736,398,338
108000123,2806,321,2485
108000124,1197,1068,129
108000125,521,432,89
108000126,205,514,-309
108000127,545,641,-96
108000128,821,764,57
108000129,1328,1674,-346
108000130,1464,504,960
108000131,986,949,37
108000132,2591,2032,559
108000133,1050,844,206
108000134,588,791,-203
108000135,1174,908,266
108000136,810,1349,-539
108000137,417,529,-112
108000138,454,1442,-988
108000139,540,446,94
108000140,110,46,64
108000141,61,100,-39
108000142,54,118,-64
108000143,34,36,-2
108000144,53,38,15
108000145,63,24,39
108000146,81,22,59
108000147,100,52,48
108000148,94,22,72
108000149,23,26,-3
108000150,29,9,20
108000151,64,32,32
108000152,129,647,-518
108000153,428,237,191
108000154,74,24,50
108000155,48,30,18
108000156,372,146,226
108000157,262,1050,-788
108000158,113,894,-781
108000159,580,210,370
108000160,3967,1605,2362
108000161,3604,3310,294
108000165,11,230,-219
108000172,6,385,-379
108000173,2489,2421,68
108000175,249,107,142
108000178,480,418,62
108000179,239,998,-759
108000181,51,48,3
108000182,149,17,132
108000183,54,29,25
108000184,1259,2714,-1455
108000185,266,918,-652
108000186,217,121,96
108000187,203,949,-746
108000188,691,316,375
108000189,869,1677,-808
108000190,52,167,-115
108000192,253,701,-448
108000193,991,62,929
108000194,44,11,33
108000195,1,1319,-1318
108000196,1420,246,1174
108000198,468,456,12
108000199,0,191,-191
108000200,556,756,-200
108000202,0,307,-307
108000203,123,1009,-886
108000204,281,147,134
108000205,550,675,-125
108000339,2023,446,1577
108000364,182,412,-230
108000365,119,349,-230
108000367,234,487,-253
108000368,13,80,-67
108000369,1742,359,1383
108000371,3,719,-716
108000372,632,4,628
108000373,256,228,28
108000376,89,30,59
108000377,411,391,20
108000378,10885,12077,-1192
108000379,43,271,-228
108000381,51,67,-16
108000382,166,0,166
108000383,0,150,-150
108900001,133,1364,-1231
108900002,242,73,169
108900003,350,952,-602
108900004,206,479,-273
108900005,86,420,-334
108900006,831,246,585
108900007,338,304,34
108900008,119,220,-101
108900009,68,148,-80
108900010,206,221,-15
108900011,463,509,-46
108900012,397,590,-193
108900013,157,303,-146
108900014,13,137,-124
108900015,0,77,-77
108900016,0,296,-296
108900017,487,435,52
108900018,177,641,-464
108900019,66,1362,-1296
108900020,41,308,-267
108900021,99,324,-225
108900022,109,32,77
108900023,15,77,-62
108900024,56,146,-90
108900025,125,193,-68
108900026,32,131,-99
108900027,0,88,-88
108900028,76,411,-335
108900029,85,265,-180
108900030,0,113,-113
108900031,125,542,-417
108900032,23,272,-249
108900033,1,99,-98
108900034,0,321,-321
108900035,421,1701,-1280
108900036,288,440,-152
108900037,96,430,-334
108900038,1,386,-385
108900039,3,623,-620
108900040,10,147,-137
108900041,6626,3564,3062
108900042,10,480,-470
108900043,105,556,-451
108900044,2,546,-544
108900045,71,749,-678
108900046,71,992,-921
108900047,0,79,-79
108900048,163,1198,-1035
108900049,4954,2015,2939
108900050,4,312,-308
108900051,1,172,-171
108900052,35,329,-294
108900053,156,261,-105
108900054,78,266,-188
108900055,140,509,-369
108900056,0,176,-176
108900057,6,238,-232
108900058,33,549,-516
108900059,444,42,402
108900060,109,141,-32
108900061,92,58,34
108900062,6,342,-336
108900063,17,452,-435
108900064,198,92,106
108900065,25,342,-317
108900066,420,167,253
108900067,67,215,-148
108900068,1,130,-129
108900069,47,125,-78
108900070,59,141,-82
108900071,82,78,4
108900072,2819,898,1921
108900073,15,85,-70
108900074,189,544,-355
108900075,96,84,12
108900076,311,113,198
108900077,167,127,40
108900078,16,206,-190
108900079,1172,323,849
108900080,54,935,-881
108900081,42,305,-263
108900082,75,139,-64
108900083,37,264,-227
108900084,487,218,269
108900085,2788,316,2472
108900086,101,367,-266
108900087,139,295,-156
108900088,1107,540,567
108900089,30,156,-126
108900090,52,384,-332
108900091,119,120,-1
108900092,448,473,-25
108900093,80,105,-25
108900094,219,122,97
108900095,98,495,-397
108900096,407,30,377
108900097,286,323,-37
108900098,3298,946,2352
108900099,371,415,-44
108900100,77,179,-102
108900101,231,153,78
108900102,136,1115,-979
108900103,290,126,164
108900104,192,521,-329
108900105,7,1339,-1332
108900106,444,503,-59
108900108,644,83,561
108900109,260,28,232
108900110,250,700,-450
108900111,458,732,-274
108900112,294,36,258
108900113,37,64,-27
108900114,6,4,2
108900115,132,103,29
108900116,142,24,118
108900117,136,16,120
108900118,572,15,557
108900119,225,39,186
108900120,450,234,216
108900121,421,218,203
108900122,125,37,88
108900123,151,193,-42
108900124,420,295,125
108900125,358,3,355
108900126,130,47,83
108900127,146,31,115
108900128,104,68,36
108900129,778,230,548
108900130,313,3,310
108900131,487,10,477
108900132,521,110,411
108900133,242,72,170
108900134,357,362,-5
108900135,152,36,116
108900136,66,3,63
108900137,114,0,114
108900138,717,66,651
108900139,819,224,595
108900140,283,390,-107
108900141,347,17,330
108900142,176,17,159
108900143,52,0,52
108900144,128,0,128
108900145,158,23,135
108900146,69,0,69
108900147,254,0,254
108900148,101,47,54
108900149,639,506,133
108900150,283,6,277
108900151,407,30,377
108900152,295,56,239
108900153,190,497,-307
108900154,5953,755,5198
108900155,352,143,209
108900156,91,14,77
108900157,29,682,-653
108900158,811,54,757
108900159,11,333,-322
108900160,16,311,-295
108900161,31,567,-536
108900162,117,0,117
108900163,10,342,-332
108900164,47,122,-75
108900165,222,117,105
108900167,2580,6660,-4080
108900168,9757,3185,6572
108900169,70,155,-85
108900171,10778,3274,7504
108900172,222,109,113
108900173,297,482,-185
108900174,752,792,-40
108900176,152,528,-376
108900177,7674,6738,936
108900178,5234,3837,1397
108900179,711,1687,-976
108900180,138,258,-120
108900182,42,247,-205
108900183,215,298,-83
108900184,568,345,223
108900185,297,468,-171
108900186,88,475,-387
108900187,369,80,289
108900188,539,139,400
108900189,537,232,305
108900190,60,3814,-3754
108900191,353,48,305
108900192,110,287,-177
108900193,482,102,380
108900194,48,549,-501
108900195,136,466,-330
108900196,33,598,-565
108900198,3,641,-638
108900199,298,528,-230
108900200,713,441,272
108900201,607,1789,-1182
108900203,536,92,444
108900204,415,16,399
108900205,180,35,145
108900206,894,57,837
108900207,168,61,107
108900208,18,419,-401
108900209,274,690,-416
108900210,234,281,-47
108900211,173,626,-453
108900212,773,1622,-849
108900215,107,539,-432
108900216,681,172,509
108900217,197,0,197
108900218,220,136,84
108900219,130,17,113
108900220,60,33,27
108900221,57,208,-151
108900222,268,35,233
108900223,13,175,-162
108900224,32,240,-208
108900225,1,242,-241
108900226,290,11,279
108900227,106,305,-199
108900230,354,340,14
108900231,47,273,-226
108900232,7,382,-375
108900233,423,133,290
108900234,309,249,60
108900235,332,734,-402
108900236,83,467,-384
108900237,141,282,-141
108900240,254,147,107
108900241,42,52,-10
108900245,22,1663,-1641
108900249,140,55,85
108900250,207,197,10
108900257,172,740,-568
108900258,25,297,-272
108900259,228,110,118
108900260,16,157,-141
108900261,145,226,-81
108900262,249,212,37
108900263,28,238,-210
108900264,675,301,374
108900265,1395,384,1011
108900266,1188,548,640
108900267,2,119,-117
108900268,18,5,13
108900269,97,17,80
108900270,63,12,51
108900271,46,18,28
108900272,211,19,192
108900273,1203,847,356
108900274,64,61,3
108900275,8,0,8
108900276,1,6,-5
109000001,4280,1440,2840
109000002,2085,1695,390
109000003,2907,636,2271
109000004,539,2610,-2071
109000005,2570,832,1738
109000006,913,2409,-1496
109000007,1624,773,851
109000008,526,2095,-1569
109000009,4536,1709,2827
109000010,1822,4858,-3036
109000011,3276,2511,765
109000012,2260,4346,-2086
109000013,3785,3791,-6
109000014,2685,3986,-1301
109000015,4245,7662,-3417
109000016,8843,4704,4139
109000017,2446,1481,965
109000018,1014,3853,-2839
109000019,2841,1676,1165
109000020,1215,2252,-1037
109000023,372,44,328
109000024,12,216,-204
109000025,425,559,-134
109000026,895,417,478
109000027,121,375,-254
109000028,134,156,-22
109000029,129,251,-122
109000030,93,616,-523
109000031,335,334,1
109000032,166,586,-420
109000033,439,291,148
109000034,81,70,11
109000035,24,134,-110
109000036,345,467,-122
109000037,315,1322,-1007
109000038,841,493,348
109000039,1081,773,308
109000040,5871,8809,-2938
109000041,4878,1966,2912
109000042,859,1631,-772
109000044,491,112,379
109000045,130,481,-351
109000046,427,130,297
109000047,63,595,-532
109000048,1006,430,576
109000049,421,820,-399
109000050,604,450,154
109000051,393,436,-43
109000052,700,1474,-774
109000053,342,150,192
109000054,2819,874,1945
109000055,1033,461,572
109000056,814,1092,-278
109000057,664,627,37
109000058,1511,586,925
109000059,1299,1606,-307
109000060,481,344,137
109000061,1275,1378,-103
109000062,407,455,-48
109000063,327,349,-22
109000064,729,302,427
109000065,164,378,-214
109000066,519,191,328
109000067,90,437,-347
109000068,3598,23,3575
109000069,2184,66,2118
109000070,7,1324,-1317
109000071,416,103,313
109000072,132,420,-288
109000073,50,124,-74
109000074,61,281,-220
109000075,98,487,-389
109000076,144,349,-205
109000077,451,416,35
109000078,107,210,-103
109000079,153,268,-115
109000080,130,177,-47
109000081,96,707,-611
109000082,635,313,322
109000083,268,1241,-973
109000088,160,739,-579
109000089,289,74,215
109000090,220,547,-327
109000091,404,208,196
109000092,449,619,-170
109000093,266,265,1
109000094,502,4,498
109000095,116,668,-552
109000096,717,328,389
109000097,122,213,-91
109000098,80,185,-105
109000099,1109,389,720
109000100,301,799,-498
109000101,1804,1011,793
109000102,470,1205,-735
109000103,538,1017,-479
109000104,1765,793,972
109000105,593,2001,-1408
109000106,2271,1058,1213
109000107,824,3342,-2518
109000108,1802,872,930
109000109,498,2711,-2213
109000110,1655,767,888
109000111,1200,2836,-1636
109000112,998,257,741
109000113,880,290,590
109000114,498,582,-84
109000115,1706,48,1658
109000116,8,327,-319
109000117,261,114,147
109000118,7,415,-408
109000119,1550,359,1191
109000120,237,1236,-999
109000121,445,66,379
109000122,164,1151,-987
109000123,50,87,-37
109000124,668,775,-107
109000125,1410,450,960
109000126,592,1087,-495
109000127,888,352,536
109000128,598,2262,-1664
109000129,2279,964,1315
109000130,752,2824,-2072
109000131,925,688,237
109000132,981,2552,-1571
109000133,401,1310,-909
109000134,1121,1889,-768
109000135,1715,2508,-793
109000136,450,426,24
109000137,414,584,-170
109000138,601,567,34
109000139,650,579,71
109000140,620,571,49
109000141,689,636,53
109000142,145,680,-535
109000143,144,64,80
109000145,148,349,-201
109000146,56,154,-98
109000148,4528,3588,940
109000149,43,52,-9
109000150,208,297,-89
109000155,867,731,136
109000156,1452,887,565
109000158,233,413,-180
109000159,222,812,-590
109000160,1136,449,687
109000161,289,1397,-1108
109000162,2135,1211,924
109000163,1057,2378,-1321
109000164,1344,3164,-1820
109000165,1334,905,429
109000166,718,210,508
109000167,137,745,-608
109000170,66,72,-6
109000171,73,94,-21
109000172,51,80,-29
109000173,36,121,-85
109000174,106,79,27
109000175,61,125,-64
109000176,398,301,97
109000177,40,217,-177
109000178,478,146,332
109000179,7190,6586,604
109000180,6765,4600,2165
109000181,13,35,-22
109000182,27,31,-4
109000183,36,67,-31
109000184,34,34,0
109000185,42,85,-43
109000188,1268,2789,-1521
109000189,6048,1580,4468
109000190,1435,591,844
109000191,509,636,-127
109000192,385,695,-310
109000193,224,453,-229
109000194,268,343,-75
109000195,174,485,-311
109000196,377,341,36
109000197,224,544,-320
109000198,487,168,319
109000199,158,587,-429
109000206,282,44,238
109000207,147,42,105
109000208,110,115,-5
109000209,216,197,19
109000210,217,769,-552
109000211,364,499,-135
109000214,411,517,-106
109000215,168,94,74
109000216,231,295,-64
109000217,1107,203,904
109000218,1984,361,1623
109000221,519,1288,-769
109000222,1053,306,747
109000223,303,428,-125
109000224,46,200,-154
109000225,78,56,22
109000226,65,319,-254
109000227,1090,1659,-569
109000228,2,831,-829
109000231,2,437,-435
109000232,297,444,-147
109000236,298,1025,-727
109000241,2414,2749,-335
109000242,2128,1939,189
109000293,55,86,-31
109000361,125,412,-287
109000364,435,870,-435
109000396,6,723,-717
109000397,551,6,545
109000399,117,576,-459
109000400,98,383,-285
109000403,218,1015,-797
109000406,599,9,590
109000407,422,317,105
109000408,1,595,-594
109000410,1080,367,713
109000411,204,34,170
109900001,123,0,123
109900002,1056,25,1031
109900003,220,2,218
109900004,1291,232,1059
109900005,40,12,28
109900006,558,392,166
109900007,746,754,-8
109900008,0,111,-111
109900009,175,784,-609
109900010,809,27,782
109900011,102,74,28
109900012,862,319,543
109900013,441,347,94
109900014,451,125,326
109900015,637,371,266
109900016,233,63,170
109900017,222,279,-57
109900018,345,159,186
109900019,710,101,609
109900020,43,59,-16
109900021,25,15,10
109900022,128,366,-238
109900023,15,13,2
109900024,14,8,6
109900025,20,97,-77
109900026,2,245,-243
109900027,26,83,-57
109900028,2187,991,1196
109900029,2,514,-512
109900030,46,20,26
109900031,2,218,-216
109900032,18,613,-595
109900033,5,621,-616
109900034,29,1,28
109900035,45,42,3
109900036,49,121,-72
109900037,32,641,-609
109900038,87,256,-169
109900039,10,1,9
109900040,26,747,-721
109900041,113,534,-421
109900042,350,713,-363
109900044,938,402,536
109900045,329,152,177
109900046,19,119,-100
109900047,899,522,377
109900048,1,120,-119
109900049,18,73,-55
109900050,0,196,-196
109900051,4,66,-62
109900052,157,560,-403
109900053,9,451,-442
109900054,612,294,318
109900055,55,394,-339
109900056,73,468,-395
109900057,16,193,-177
109900058,0,93,-93
109900059,630,187,443
109900060,467,253,214
109900061,63,403,-340
109900062,2,254,-252
109900063,5,537,-532
109900064,543,351,192
109900065,147,228,-81
109900066,407,1150,-743
109900067,0,390,-390
109900068,53,7,46
109900069,1,55,-54
109900070,70,454,-384
109900071,1,43,-42
109900072,27,218,-191
109900073,411,739,-328
109900074,17,83,-66
109900075,82,78,4
109900076,32,282,-250
109900077,45,155,-110
109900078,166,329,-163
109900080,223,438,-215
109900081,35,284,-249
109900082,70,516,-446
109900083,23,106,-83
109900084,67,293,-226
109900085,251,970,-719
109900086,205,589,-384
109900087,406,646,-240
109900089,901,477,424
109900090,743,1396,-653
109900091,387,157,230
109900092,3247,41,3206
109900093,981,321,660
109900094,95,167,-72
109900095,751,315,436
109900096,42,7,35
109900097,115,2,113
109900098,390,56,334
109900099,197,7,190
109900100,57,0,57
109900101,394,14,380
109900102,437,50,387
109900103,40,76,-36
109900104,511,978,-467
109900105,598,30,568
109900106,605,87,518
109900107,757,143,614
109900108,154,571,-417
109900109,42,231,-189
109900110,143,540,-397
109900111,475,1106,-631
109900112,448,859,-411
109900113,751,502,249
109900114,1328,892,436
109900115,268,201,67
109900117,1102,239,863
109900118,351,715,-364
109900119,843,546,297
109900120,83,55,28
109900121,524,550,-26
109900122,529,7,522
109900123,21,234,-213
109900124,54,892,-838
109900125,3,282,-279
109900126,255,179,76
109900128,279,102,177
109900130,9123,2802,6321
109900131,78,351,-273
109900132,36,221,-185
109900133,111,413,-302
109900134,274,126,148
109900135,426,92,334
109900136,302,233,69
109900137,177,401,-224
109900138,541,572,-31
109900140,269,284,-15
109900141,304,256,48
109900142,1495,391,1104
109900145,15,593,-578
109900146,591,70,521
109900148,61,161,-100
109900149,48,111,-63
109900150,7,110,-103
109900151,24,62,-38
109900152,0,40,-40
109900153,3,68,-65
109900154,100,1,99
109900155,105,41,64
109900157,86,346,-260
109900158,51,186,-135
109900159,178,87,91
109900160,189,81,108
109900161,244,122,122
109900162,229,161,68
109900163,925,371,554
109900164,124,260,-136
109900165,1079,18,1061
109900166,44,192,-148
109900167,182,768,-586
109900168,244,898,-654
109900169,252,253,-1
109900170,358,842,-484
109900171,295,115,180
109900172,302,363,-61
109900173,4258,2646,1612
109900174,66,195,-129
109900175,287,117,170
109900176,123,313,-190
109900177,67,312,-245
109900178,47,205,-158
109900179,395,39,356
109900180,12,21,-9
110000001,1002,637,365
110000002,681,968,-287
110000003,1118,842,276
110000004,618,866,-248
110000005,564,2300,-1736
110000006,492,433,59
110000007,157,189,-32
110000008,34,84,-50
110000009,68,37,31
110000010,23,112,-89
110000011,39,96,-57
110000012,713,493,220
110000013,31,653,-622
110000014,815,469,346
110000015,366,1261,-895
110000016,315,1805,-1490
110000017,3324,340,2984
110000018,3447,544,2903
110000019,8,107,-99
110000020,521,251,270
110000021,1294,765,529
110000022,1341,342,999
110000023,8,126,-118
110000024,850,451,399
110000025,367,12,355
110000026,9,408,-399
110000027,1452,606,846
110000028,958,1242,-284
110000029,547,871,-324
110000030,261,700,-439
110000031,279,648,-369
110000032,759,822,-63
110000033,372,137,235
110000034,644,1837,-1193
110000035,1477,762,715
110000036,1340,2143,-803
110000037,322,669,-347
110000038,335,1333,-998
110000039,1006,4090,-3084
110000040,437,420,17
110000041,300,1586,-1286
110000042,157,397,-240
110000043,978,396,582
110000044,506,321,185
110000045,2434,156,2278
110000046,21,23,-2
110000047,77,21,56
110000048,29,33,-4
110000049,213,16,197
110000050,4,57,-53
110000051,43,17,26
110000052,22,33,-11
110000053,144,12,132
110000054,762,269,493
110000055,1543,61,1482
110000056,414,87,327
110000057,402,712,-310
110000058,1457,729,728
110000059,1584,633,951
110000060,1178,1528,-350
110000061,1144,917,227
110000062,843,1095,-252
110000063,41,141,-100
110000064,87,132,-45
110000065,102,188,-86
110000066,79,93,-14
110000067,150,315,-165
110000068,358,356,2
110000069,287,184,103
110000071,181,238,-57
110000073,11,48,-37
110000075,10,246,-236
110000076,315,605,-290
110000077,617,2527,-1910
110000078,28,84,-56
110000080,325,831,-506
110000081,218,326,-108
110000082,16,487,-471
110000083,368,815,-447
110000084,1368,928,440
110000085,3067,2104,963
110000086,2744,2572,172
110000087,14,74,-60
110000088,94,310,-216
110000089,398,164,234
110000090,1061,451,610
110000091,1743,476,1267
110000092,32,90,-58
110000093,58,14,44
110000094,680,407,273
110000095,260,805,-545
110000096,2889,2305,584
110000097,1139,1605,-466
110000098,2274,857,1417
110000099,922,1897,-975
110000100,805,778,27
110000101,31,531,-500
110000102,57,36,21
110000104,1359,124,1235
110000105,244,313,-69
110000106,851,406,445
110000107,372,593,-221
110000108,175,95,80
110000109,311,382,-71
110000110,3907,5675,-1768
110000111,8168,3540,4628
110000112,1800,1656,144
110000113,633,2818,-2185
110000114,203,869,-666
110000115,402,557,-155
110000116,68,83,-15
110000117,251,534,-283
110000118,475,451,24
110000119,251,493,-242
110000120,445,300,145
110000121,133,527,-394
110000122,444,767,-323
110000123,569,806,-237
110000124,8,1449,-1441
110000125,1109,12,1097
110000126,300,43,257
110000127,1245,76,1169
110000128,61,2072,-2011
110000129,8,652,-644
110000130,370,239,131
110000131,399,523,-124
110000132,5,1143,-1138
110000133,69,859,-790
110000134,44,607,-563
110000135,188,71,117
110000136,91,405,-314
110000137,637,861,-224
110000138,864,1054,-190
110000139,805,1578,-773
110000140,1074,665,409
110000143,720,640,80
110000144,6796,2329,4467
110000145,2473,1247,1226
110000146,2838,1296,1542
110000147,576,967,-391
110000148,1172,489,683
110000151,1428,1151,277
110000152,1408,415,993
110000153,142,92,50
110000154,156,53,103
110000155,2549,4713,-2164
110000156,1311,2912,-1601
110000157,2516,2581,-65
110000160,514,410,104
110000161,236,458,-222
110000166,731,242,489
110000167,984,732,252
110000168,1088,563,525
110000169,932,419,513
110000170,478,167,311
110000171,817,192,625
110000172,157,940,-783
110000173,1325,1525,-200
110000174,246,1542,-1296
110000175,735,143,592
110000176,875,458,417
110000177,217,1019,-802
110000178,665,2972,-2307
110000179,1441,472,969
110000180,206,367,-161
110000181,525,1047,-522
110000182,493,209,284
110000183,12151,8864,3287
110000184,580,3373,-2793
110000185,2229,937,1292
110000186,955,1328,-373
110000191,1088,469,619
110000192,1729,12,1717
110000193,2556,26,2530
110000194,19,1620,-1601
110000195,453,658,-205
110000196,389,555,-166
110000197,115,334,-219
110000198,457,129,328
110000199,390,177,213
110000200,3146,673,2473
110000201,2791,1222,1569
110000202,1622,565,1057
110000203,1508,965,543
110000204,6,338,-332
110000205,155,85,70
110000206,1088,1926,-838
110000207,1120,478,642
110000208,528,339,189
110000209,204,1341,-1137
110000210,1357,771,586
110000211,1931,1188,743
110000212,373,1701,-1328
110000213,201,225,-24
110000214,321,263,58
110000215,227,525,-298
110000216,95,496,-401
110000217,273,201,72
110000218,168,487,-319
110000219,343,147,196
110000220,85,434,-349
110000221,403,185,218
110000222,67,323,-256
110000223,4,231,-227
110000224,93,12,81
110000225,450,1146,-696
110000226,304,94,210
110000227,1134,1208,-74
110000228,588,356,232
110000229,0,316,-316
110000230,1388,816,572
110000231,226,376,-150
110000232,980,238,742
110000233,715,359,356
110000234,1309,1136,173
110000235,966,1501,-535
110000236,1017,852,165
110000237,3929,1831,2098
110000238,1941,2020,-79
110000239,2396,1678,718
110000240,1,115,-114
110000242,0,16,-16
110000243,110,166,-56
110000244,220,521,-301
110000245,55,462,-407
110000246,2054,1135,919
110000247,2000,6027,-4027
110000248,3158,2028,1130
110000249,118,15,103
110000250,314,336,-22
110000251,429,811,-382
110000252,846,332,514
110000253,1480,1045,435
110000254,1098,1836,-738
110000255,456,1394,-938
110000256,575,512,63
110000257,880,534,346
110000258,9,593,-584
110000259,180,30,150
110000260,36,527,-491
110000263,907,176,731
110000264,529,689,-160
110000265,1905,3086,-1181
110000266,3165,4017,-852
110000267,27,366,-339
110000268,383,657,-274
110000269,9,172,-163
110000270,94,6,88
110000271,2060,429,1631
110000272,1597,1293,304
110000273,5021,2135,2886
110000274,537,1877,-1340
110000275,3103,845,2258
110000276,1200,590,610
110000277,909,491,418
110000278,1076,995,81
110000279,1162,838,324
110000280,918,575,343
110000281,50,371,-321
110000282,465,28,437
110000283,105,183,-78
110000284,92,58,34
110000285,2,687,-685
110000286,51,1,50
110000287,102,5,97
110000288,42,137,-95
110000289,554,1939,-1385
110000290,1405,887,518
110000291,5903,1670,4233
110000292,1581,5641,-4060
110000293,1270,982,288
110000294,1275,1443,-168
110000295,302,1018,-716
110000296,615,538,77
110000297,3597,503,3094
110000298,268,767,-499
110000299,463,122,341
110000301,1385,42,1343
110000302,791,1428,-637
110000303,1407,17,1390
110000304,310,388,-78
110000305,2161,42,2119
110000306,211,1795,-1584
110000307,1971,15,1956
110000308,831,18,813
110000309,22,1153,-1131
110000310,1008,71,937
110000311,22,830,-808
110000312,491,130,361
110000313,4107,4401,-294
110000314,3,391,-388
110000315,4737,3442,1295
110000316,736,1989,-1253
110000317,1428,461,967
110000318,1,91,-90
110000319,129,39,90
110000320,133,62,71
110000321,15,57,-42
110000322,412,544,-132
110000323,753,290,463
110000324,4098,1797,2301
110000325,4009,3976,33
110000327,931,769,162
110000328,242,546,-304
110000333,1552,934,618
110000334,1408,1680,-272
110000335,1538,716,822
110000336,2081,1385,696
110000337,3678,809,2869
110000338,630,302,328
110000339,658,326,332
110000340,887,265,622
110000341,551,599,-48
110000342,800,9,791
110000343,1,44,-43
110000344,3080,210,2870
110000345,2980,225,2755
110000346,3495,2624,871
110000347,1511,1310,201
110000348,50,54,-4
110000349,19,65,-46
110000350,61,20,41
110000351,1147,1194,-47
110000352,663,2199,-1536
110000353,3618,1152,2466
110000354,1556,5126,-3570
110000355,154,182,-28
110000356,845,5,840
110000357,612,35,577
110000361,47,106,-59
110000362,73,117,-44
110000363,346,211,135
110000364,309,452,-143
110000365,356,5,351
110000366,7,145,-138
110000367,765,331,434
110000368,4,78,-74
110000369,530,4,526
110000373,8,396,-388
110000374,1119,59,1060
110000375,251,2222,-1971
110000376,72,113,-41
110000377,74,740,-666
110000378,37,497,-460
110000379,3937,2761,1176
110000380,165,19,146
110000383,3,1261,-1258
110000384,3097,1199,1898
110000385,1,293,-292
110000387,171,25,146
110000388,42,304,-262
110000389,820,6,814
110000391,1441,432,1009
110000396,188,179,9
110000397,253,331,-78
110000398,6,55,-49
110000399,185,3,182
110000587,457,96,361
110000589,234,283,-49
110000640,287,70,217
110000652,21,215,-194
110000653,421,647,-226
110000654,114,135,-21
110000656,6,807,-801
110000674,31,32,-1
110000675,52,10,42
110000676,13,60,-47
110000679,528,1343,-815
110000682,140,195,-55
110000683,705,1091,-386
110000684,16,75,-59
110000685,26,29,-3
110000686,4,62,-58
110000687,148,3,145
110000688,88,1072,-984
110000689,53,91,-38
110000692,182,272,-90
110000693,177,592,-415
110000694,0,338,-338
110000695,618,756,-138
110000696,100,130,-30
110900001,329,28,301
110900002,1153,241,912
110900003,793,876,-83
110900004,517,296,221
110900005,3911,2989,922
110900006,44,21,23
110900007,144,38,106
110900008,18,50,-32
110900009,471,112,359
110900010,10,114,-104
110900011,19,90,-71
110900012,8,126,-118
110900013,1455,243,1212
110900014,816,12,804
110900015,736,642,94
110900016,46,165,-119
110900017,440,73,367
110900018,603,104,499
110900019,245,29,216
110900020,109,430,-321
110900021,123,807,-684
110900022,157,428,-271
110900023,128,602,-474
110900024,14,565,-551
110900025,62,72,-10
110900027,38,304,-266
110900028,74,227,-153
110900029,30,472,-442
110900030,52,302,-250
110900031,1,249,-248
110900032,0,93,-93
110900033,77,315,-238
110900035,43,743,-700
110900036,131,31,100
110900037,52,34,18
110900038,1291,261,1030
110900039,16,373,-357
110900040,268,72,196
110900041,11,137,-126
110900042,135,68,67
110900043,6,182,-176
110900044,282,33,249
110900045,57,601,-544
110900046,60,331,-271
110900047,712,346,366
110900049,160,120,40
110900050,61,21,40
110900051,70,250,-180
110900052,10,196,-186
110900053,122,74,48
110900054,70,304,-234
110900055,46,7,39
110900056,66,132,-66
110900057,21,180,-159
110900058,327,374,-47
110900059,816,771,45
110900060,515,222,293
110900061,37,49,-12
110900062,151,483,-332
110900063,52,768,-716
110900064,20,1,19
110900065,365,181,184
110900066,15,200,-185
110900067,512,959,-447
110900068,216,311,-95
110900069,14,41,-27
110900070,165,73,92
110900071,392,842,-450
110900073,0,35,-35
110900074,374,113,261
110900075,386,140,246
110900077,885,1036,-151
110900078,35,100,-65
110900079,2922,1581,1341
110900080,118,130,-12
110900081,7,111,-104
110900082,157,250,-93
110900083,166,64,102
110900084,62,162,-100
110900085,61,461,-400
110900086,93,312,-219
110900087,533,144,389
110900088,42,4,38
110900090,44,40,4
110900091,1,94,-93
110900093,935,183,752
110900095,53,85,-32
110900097,10,18,-8
110900098,39,91,-52
110900099,76,569,-493
110900100,0,35,-35
110900102,95,43,52
110900105,1043,329,714
110900108,70,88,-18
110900111,573,964,-391
110900112,992,11,981
110900113,734,88,646
110900115,11,79,-68
110900116,864,2240,-1376
110900118,170,3122,-2952
110900119,5142,483,4659
110900120,25,106,-81
110900121,152,1,151
110900122,466,242,224
110900125,404,550,-146
110900127,1130,1365,-235
110900128,331,244,87
110900129,544,886,-342
110900130,1236,676,560
110900131,1051,90,961
110900132,424,127,297
110900133,753,299,454
110900135,141,485,-344
110900136,351,23,328
110900137,147,4,143
110900138,1856,499,1357
110900139,50,99,-49
110900140,103,5,98
110900141,8,151,-143
110900142,78,247,-169
110900143,203,122,81
110900144,7,904,-897
110900145,637,91,546
110900146,1019,287,732
110900147,194,434,-240
110900148,7,350,-343
110900149,1,119,-118
110900150,103,41,62
110900151,16,112,-96
110900152,27,405,-378
110900153,122,43,79
111000001,456,268,188
111000002,562,680,-118
111000003,1078,790,288
111000004,650,1429,-779
111000005,1857,1327,530
111000006,1242,1945,-703
111000007,5398,3659,1739
111000008,3032,4429,-1397
111000009,458,1438,-980
111000010,857,318,539
111000011,458,1374,-916
111000012,809,420,389
111000013,747,1319,-572
111000014,2159,759,1400
111000017,148,1104,-956
111000018,294,479,-185
111000020,1607,3079,-1472
111000021,78,174,-96
111000023,116,160,-44
111000025,6367,5573,794
111000029,175,159,16
111000030,48,167,-119
111000031,2946,2173,773
111000032,1302,583,719
111000033,395,484,-89
111000034,370,240,130
111000037,2578,1415,1163
111000038,4962,3530,1432
111000039,2450,3224,-774
111000040,2321,3267,-946
111000041,2256,2330,-74
111000042,4856,3569,1287
111000043,2105,3877,-1772
111000044,2100,1470,630
111000045,2472,3064,-592
111000046,1651,2133,-482
111000047,2886,4921,-2035
111000049,613,787,-174
111000050,1647,1821,-174
111000051,494,1298,-804
111000052,794,2147,-1353
111000053,498,1108,-610
111000054,465,1099,-634
111000055,1383,2279,-896
111000056,370,681,-311
111000057,88,807,-719
111000058,370,103,267
111000059,1982,357,1625
111000060,7053,916,6137
111000061,734,496,238
111000062,897,451,446
111000063,3422,1462,1960
111000064,672,978,-306
111000065,1112,1599,-487
111000066,546,952,-406
111000067,1347,897,450
111000068,739,1587,-848
111000069,3058,3966,-908
111000070,1727,1528,199
111000071,245,836,-591
111000072,990,533,457
111000073,346,858,-512
111000074,1791,2142,-351
111000075,1468,1024,444
111000076,707,902,-195
111000077,2123,2114,9
111000078,3549,2117,1432
111000079,1716,1191,525
111000080,666,961,-295
111000081,2365,7122,-4757
111000082,736,864,-128
111000084,1012,857,155
111000085,1326,1796,-470
111000086,3492,1490,2002
111000087,824,946,-122
111000088,7871,2926,4945
111000089,846,1423,-577
111000090,1215,1929,-714
111000091,882,777,105
111000092,1438,1223,215
111000093,1305,1414,-109
111000094,3186,1468,1718
111000095,752,2711,-1959
111000096,2986,9166,-6180
111000097,5981,1802,4179
111000098,956,1475,-519
111000099,860,2715,-1855
111000100,591,2305,-1714
111000101,499,1017,-518
111000102,327,864,-537
111000104,1226,369,857
111000107,182,965,-783
111000109,879,395,484
111000110,1852,1105,747
111000111,3497,1006,2491
111000112,2678,975,1703
111000113,963,1852,-889
111000114,2107,4170,-2063
111000115,8365,1717,6648
111000116,1110,1394,-284
111000117,523,1076,-553
111000118,2625,1433,1192
111000119,1146,1640,-494
111000120,435,941,-506
111000121,309,906,-597
111000122,665,1948,-1283
111000123,1476,4110,-2634
111000124,565,3795,-3230
111000125,367,1889,-1522
111000126,133,1172,-1039
111000127,1096,254,842
111000128,2821,528,2293
111000129,3060,907,2153
111000130,2005,1299,706
111000131,1557,1032,525
111000132,1275,1034,241
111000133,191,310,-119
111000134,181,281,-100
111000135,61,207,-146
111000136,373,400,-27
111000138,58,12,46
111000140,3,13,-10
111000141,285,497,-212
111000142,17,142,-125
111000143,1,112,-111
111000144,57,298,-241
111000145,2165,29,2136
111000146,113,17,96
111000147,258,51,207
111000148,236,130,106
111000149,4,53,-49
111000150,49,11,38
111000151,6,41,-35
111000153,746,1037,-291
111000154,811,326,485
111000155,100,263,-163
111000156,518,764,-246
111000157,231,1298,-1067
111000158,1150,981,169
111000159,3345,826,2519
111000160,423,472,-49
111000161,27,311,-284
111000162,138,333,-195
111000163,733,1304,-571
111000164,1068,5479,-4411
111000165,1486,711,775
111000166,2945,593,2352
111000167,210,681,-471
111000168,268,728,-460
111000169,383,790,-407
111000170,642,657,-15
111000171,611,1001,-390
111000172,241,512,-271
111000173,452,1091,-639
111000174,193,456,-263
111000175,46,463,-417
111000176,1179,207,972
111000177,328,401,-73
111000178,1447,515,932
111000179,222,374,-152
111000180,229,681,-452
111000181,1411,363,1048
111000182,326,283,43
111000183,1591,407,1184
111000184,569,319,250
111000185,1010,775,235
111000186,1384,428,956
111000187,184,307,-123
111000188,257,570,-313
111000189,1383,785,598
111000190,204,451,-247
111000191,183,496,-313
111000192,262,714,-452
111000193,376,393,-17
111000194,72,434,-362
111000195,282,393,-111
111000196,51,251,-200
111000197,533,253,280
111000198,1362,235,1127
111000199,167,242,-75
111000200,348,449,-101
111000201,576,443,133
111000202,236,338,-102
111000203,353,533,-180
111000204,458,1102,-644
111000213,224,595,-371
111000214,2078,1872,206
111000215,1212,1504,-292
111000217,1484,1359,125
111000218,1878,1717,161
111000219,500,271,229
111000220,2581,1364,1217
111000221,1004,179,825
111000224,0,253,-253
111000225,295,82,213
111000226,156,1,155
111000227,49,8,41
111000228,46,410,-364
111000229,65,1103,-1038
111000230,546,607,-61
111000231,971,1227,-256
111000232,1467,1264,203
111000233,938,1171,-233
111000234,141,464,-323
111000239,201,266,-65
111000240,47,240,-193
111000241,59,474,-415
111000242,222,66,156
111000243,520,905,-385
111000244,936,135,801
111000245,3354,713,2641
111000246,525,599,-74
111000247,326,1200,-874
111000248,598,772,-174
111000249,548,1042,-494
111000250,74,181,-107
111000251,79,171,-92
111000253,10,24,-14
111000255,48,20,28
111000257,23,46,-23
111000260,109,1536,-1427
111000261,1404,216,1188
111000271,65,350,-285
111000273,5211,2090,3121
111000274,1479,3548,-2069
111000275,322,126,196
111000276,359,2561,-2202
111000277,235,599,-364
111000278,774,440,334
111000291,850,6717,-5867
111000298,634,416,218
111000299,744,224,520
111000300,172,778,-606
111000302,279,191,88
111000303,81,321,-240
111000312,69,130,-61
111000315,1,98,-97
111000320,562,1056,-494
111000321,443,119,324
111000322,413,628,-215
111000323,189,29,160
111000324,524,337,187
111000325,49,81,-32
111000326,145,458,-313
111000327,1096,563,533
111000328,280,753,-473
111000329,0,49,-49
111000330,108,6,102
111000331,174,13,161
111000332,580,1570,-990
111000334,562,1864,-1302
111000335,2475,390,2085
111000337,1161,616,545
111000338,174,192,-18
111000339,673,570,103
111000340,818,891,-73
111000341,1547,868,679
111000342,424,635,-211
111000344,1434,957,477
111000345,301,67,234
111000346,31,143,-112
111000347,162,20,142
111000350,540,150,390
111000351,161,382,-221
111000352,202,208,-6
111000353,193,374,-181
111000354,1168,190,978
111000355,692,796,-104
111000358,359,1682,-1323
111000360,199,940,-741
111000361,145,468,-323
111000546,2205,974,1231
111000547,914,815,99
111000548,155,453,-298
111000549,390,607,-217
111000550,118,1268,-1150
111000551,1063,281,782
111000552,3365,206,3159
111000907,524,79,445
111000908,34,1,33
111000916,1979,463,1516
111000917,103,553,-450
111000918,235,1136,-901
111000920,884,40,844
111000921,7,325,-318
111000922,764,497,267
111000924,80,1204,-1124
111000925,3956,2832,1124
111000926,1438,2142,-704
111000927,4091,6457,-2366
111000928,5580,4314,1266
111000929,4318,1950,2368
111000930,1707,2724,-1017
111000931,2314,3366,-1052
111000932,4834,3118,1716
111000933,4379,3195,1184
111000934,2500,4372,-1872
111000935,1487,1891,-404
111000936,1096,2780,-1684
111000937,1043,2443,-1400
111000938,1906,2260,-354
111000939,616,78,538
111000940,452,221,231
111000941,948,788,160
111000943,485,545,-60
111000944,209,513,-304
111000945,122,2150,-2028
111001109,560,358,202
111001110,244,666,-422
111001111,60,5,55
111001112,165,3,162
111001113,2,206,-204
111001114,1275,90,1185
111001115,30,496,-466
111001116,7023,4933,2090
111001117,858,3790,-2932
111001120,113,388,-275
111001121,157,300,-143
111001122,273,591,-318
111001123,229,83,146
111900001,7,146,-139
111900002,17,1005,-988
111900003,2,537,-535
111900004,107,183,-76
111900006,9,32,-23
111900007,88,9,79
111900008,198,5,193
111900009,179,281,-102
111900010,485,614,-129
111900012,109,146,-37
111900013,48,148,-100
111900014,7030,3649,3381
111900015,1,100,-99
111900016,0,189,-189
111900017,0,187,-187
111900018,281,7,274
111900019,0,277,-277
111900020,5,98,-93
111900021,44,127,-83
111900022,18,95,-77
111900023,164,116,48
111900024,1,115,-114
111900025,0,55,-55
111900026,0,161,-161
111900027,6,204,-198
111900028,2,496,-494
111900029,4,116,-112
111900030,45,460,-415
111900031,21,67,-46
111900032,1,402,-401
111900033,8,124,-116
111900034,322,591,-269
111900035,307,299,8
111900036,1,307,-306
111900038,409,672,-263
111900039,82,530,-448
111900040,8,690,-682
111900042,50,196,-146
111900043,5,467,-462
111900044,421,290,131
111900046,95,241,-146
111900048,197,898,-701
111900049,40,311,-271
111900050,169,33,136
111900051,1,269,-268
111900052,534,579,-45
111900053,1803,1748,55
111900054,187,8,179
111900055,31,515,-484
111900056,433,327,106
111900057,149,83,66
111900058,442,738,-296
111900059,2375,746,1629
111900060,606,5,601
111900061,13,304,-291
111900062,66,80,-14
111900063,413,305,108
111900064,152,340,-188
111900065,80,51,29
111900066,146,187,-41
111900067,2,532,-530
111900068,75,62,13
111900069,67,56,11
111900070,135,125,10
111900071,1,323,-322
111900072,63,31,32
111900073,707,141,566
111900074,28,241,-213
111900075,110,7,103
111900076,147,72,75
111900077,53,3,50
111900078,287,20,267
111900079,43,54,-11
111900080,270,261,9
111900081,788,382,406
111900082,98,30,68
111900083,106,12,94
111900084,124,13,111
111900085,65,102,-37
111900086,45,5,40
111900087,76,2,74
111900088,445,9,436
111900089,149,5,144
111900090,74,91,-17
111900091,204,4,200
111900092,111,2,109
111900093,308,2,306
111900094,101,0,101
111900095,235,63,172
111900096,157,2,155
111900097,43,0,43
111900098,229,0,229
111900099,107,0,107
111900100,341,12,329
111900101,109,36,73
111900102,1140,712,428
111900103,77,104,-27
111900104,234,103,131
111900105,477,277,200
111900106,2025,114,1911
111900107,120,185,-65
111900108,150,217,-67
111900109,764,622,142
111900110,2439,519,1920
111900111,358,197,161
111900112,926,3463,-2537
111900113,300,173,127
111900114,263,198,65
111900115,24,56,-32
111900118,346,109,237
111900119,325,213,112
111900122,212,104,108
111900123,23,46,-23
111900124,76,118,-42
111900125,546,26,520
111900126,344,6,338
111900127,4,791,-787
111900128,2,561,-559
111900129,303,24,279
111900130,304,29,275
111900131,550,6,544
111900132,46,1395,-1349
111900133,36,526,-490
111900134,27,261,-234
111900135,17,33,-16
111900136,77,106,-29
111900137,75,112,-37
111900138,29,104,-75
111900139,22,138,-116
111900140,105,69,36
111900141,59,24,35
111900142,79,29,50
111900143,30,215,-185
111900144,24,210,-186
111900145,3,614,-611
111900146,2,292,-290
111900147,198,569,-371
111900148,38,728,-690
111900149,17,350,-333
111900150,21,182,-161
111900151,1,29,-28
111900152,98,105,-7
111900153,2100,541,1559
111900154,26,243,-217
111900155,84,104,-20
111900156,54,91,-37
111900157,126,32,94
111900158,587,40,547
111900159,267,13,254
111900160,321,3,318
111900161,218,29,189
111900162,53,180,-127
111900163,51,201,-150
111900164,129,94,35
111901113,481,255,226
111901114,1383,409,974
111901115,73,5,68
111901116,139,18,121
111901117,33,129,-96
111901118,127,1379,-1252
111901119,1152,213,939
111901120,147,360,-213
111901121,235,330,-95
111901122,13,668,-655
111901123,224,493,-269
111901124,149,2,147
111901125,351,220,131
111901126,149,71,78
111901127,894,502,392
111901128,28,141,-113
111901129,16,220,-204
111901130,17,262,-245
111901131,9,336,-327
111901132,89,12,77
111901133,73,0,73
111901134,88,7,81
111901135,19,22,-3
111901136,43,63,-20
111901137,1,41,-40
111901138,251,64,187
111901139,42,51,-9
111901140,6,147,-141
111901141,9,252,-243
111901142,5,154,-149
111901143,7,155,-148
111901144,57,44,13
111901145,118,291,-173
112000001,1955,1000,955
112000002,862,3201,-2339
112000003,1528,1364,164
112000004,905,1479,-574
112000005,3223,3941,-718
112000006,2642,2847,-205
112000007,3034,2414,620
112000008,2655,4319,-1664
112000009,4326,4799,-473
112000010,3251,3705,-454
112000011,2482,2796,-314
112000012,6695,4387,2308
112000013,7707,4647,3060
112000014,4640,1762,2878
112000015,6888,4888,2000
112000016,9499,1713,7786
112000017,5151,3340,1811
112000024,3183,1591,1592
112000026,5842,7051,-1209
112000027,963,672,291
112000028,2171,2080,91
112000029,626,888,-262
112000030,230,192,38
112000031,1950,5788,-3838
112000032,663,118,545
112000033,3776,1877,1899
112000034,399,162,237
112000035,512,409,103
112000036,1708,1303,405
112000037,4998,1056,3942
112000038,3453,1239,2214
112000039,53,94,-41
112000040,164,407,-243
112000041,677,696,-19
112000042,1651,584,1067
112000050,1440,2343,-903
112000051,1264,1457,-193
112000054,2052,2455,-403
112000057,686,516,170
112000058,628,890,-262
112000059,686,1217,-531
112000061,4019,2463,1556
112000062,2010,942,1068
112000063,1539,2076,-537
112000064,4975,6465,-1490
112000065,2702,2980,-278
112000066,4082,1750,2332
112000067,937,980,-43
112000068,3711,2659,1052
112000069,1513,2584,-1071
112000070,4527,1074,3453
112000071,1443,3480,-2037
112000072,3092,1284,1808
112000073,2487,3214,-727
112000074,2278,1527,751
112000075,1732,1545,187
112000076,4719,3735,984
112000077,876,826,50
112000078,2017,920,1097
112000079,1775,1919,-144
112000080,867,1164,-297
112000081,1848,3406,-1558
112000082,1692,1191,501
112000083,638,1652,-1014
112000084,1350,1350,0
112000085,1377,1410,-33
112000086,2345,2427,-82
112000087,388,532,-144
112000088,759,964,-205
112000089,443,411,32
112000090,421,427,-6
112000091,634,1481,-847
112000092,1942,1593,349
112000093,1886,1354,532
112000094,661,1218,-557
112000095,687,1244,-557
112000096,604,845,-241
112000097,1420,1012,408
112000098,1318,1731,-413
112000099,814,1887,-1073
112000100,2321,1146,1175
112000101,860,1562,-702
112000102,1384,720,664
112000103,444,1843,-1399
112000105,673,2262,-1589
112000106,2271,572,1699
112000107,37,475,-438
112000108,467,2124,-1657
112000109,225,131,94
112000110,2035,857,1178
112000111,1928,5137,-3209
112000112,8043,966,7077
112000113,1489,2445,-956
112000114,5884,1440,4444
112000115,488,730,-242
112000116,1181,1736,-555
112000117,1299,1038,261
112000118,1298,1242,56
112000119,614,1064,-450
112000120,70,407,-337
112000121,126,720,-594
112000122,272,205,67
112000123,600,201,399
112000124,345,129,216
112000125,170,374,-204
112000126,254,664,-410
112000127,3707,2628,1079
112000128,1595,955,640
112000129,147,147,0
112000130,184,125,59
112000131,78,448,-370
112000132,167,375,-208
112000133,402,313,89
112000134,854,495,359
112000135,4176,1010,3166
112000136,3688,1754,1934
112000137,5010,2278,2732
112000138,6113,1640,4473
112000139,1239,640,599
112000140,1695,1483,212
112000141,862,381,481
112000142,202,845,-643
112000143,1339,363,976
112000144,420,1704,-1284
112000145,2419,861,1558
112000146,755,2454,-1699
112000147,3242,2282,960
112000148,2089,2694,-605
112000149,689,962,-273
112000150,540,1246,-706
112000151,324,640,-316
112000152,427,854,-427
112000153,240,417,-177
112000154,174,472,-298
112000155,200,182,18
112000157,1036,767,269
112000158,346,797,-451
112000159,619,668,-49
112000167,454,121,333
112000169,408,524,-116
112000173,831,352,479
112000175,1039,582,457
112000176,4036,2657,1379
112000177,764,251,513
112000178,131,677,-546
112000179,345,160,185
112000180,348,591,-243
112000181,1713,2581,-868
112000182,1241,2621,-1380
112000183,45,86,-41
112000184,387,688,-301
112000185,614,870,-256
112000187,4982,3178,1804
112000195,218,30,188
112000196,286,0,286
112000197,205,226,-21
112000198,78,333,-255
112000199,2094,1808,286
112000202,547,0,547
112000216,89,359,-270
112000230,96,4,92
112000231,3,278,-275
112000256,74,347,-273
112000313,125,355,-230
112000314,106,26,80
112000337,521,794,-273
112000352,477,493,-16
112000392,1631,1754,-123
112000398,1374,1258,116
112000399,2407,2532,-125
112000400,2112,4851,-2739
112000401,3949,3649,300
112000402,3667,3414,253
112000403,2800,3540,-740
112000404,815,1017,-202
112000405,2201,4076,-1875
112000406,4375,3322,1053
112000407,7145,10995,-3850
112000408,10011,10745,-734
112000409,1882,7007,-5125
112000410,868,347,521
112000411,6497,2584,3913
112000412,2049,927,1122
112000413,11857,6108,5749
112000414,90,144,-54
112000415,210,80,130
112000416,2367,2133,234
112000417,287,75,212
112000421,50,234,-184
112000422,408,622,-214
112000424,3056,3415,-359
112000425,656,1175,-519
112000426,203,522,-319
112000427,2,14,-12
112000428,347,523,-176
112000429,2749,3409,-660
112000430,2724,3355,-631
112000431,101,248,-147
112000432,707,1815,-1108
112000433,790,1349,-559
112000437,62,187,-125
112900001,66,4,62
112900002,430,1542,-1112
112900003,79,509,-430
112900004,77,489,-412
112900005,266,444,-178
112900006,14,560,-546
112900007,51,285,-234
112900008,2,46,-44
112900009,546,154,392
112900010,416,1135,-719
112900011,261,360,-99
112900012,0,68,-68
112900013,19,297,-278
112900014,2,616,-614
112900015,578,1023,-445
112900016,4,453,-449
112900017,62,258,-196
112900018,0,371,-371
112900019,86,346,-260
112900020,503,1562,-1059
112900021,4,285,-281
112900022,15,80,-65
112900023,2,271,-269
112900024,30,284,-254
112900025,140,295,-155
112900026,8,298,-290
112900027,173,1472,-1299
112900028,28,156,-128
112900029,16,920,-904
112900030,262,314,-52
112900031,11,786,-775
112900032,326,377,-51
112900034,9,94,-85
112900035,24,576,-552
112900036,170,182,-12
112900037,229,323,-94
112900038,726,270,456
112900039,11,394,-383
112900040,13,438,-425
112900041,1312,1957,-645
112900042,92,594,-502
112900043,431,85,346
112900044,767,695,72
112900045,605,488,117
112900046,229,91,138
112900047,30,42,-12
112900049,259,145,114
112900050,65,794,-729
112900051,426,1072,-646
112900052,21,1425,-1404
112900053,1123,175,948
112900054,264,61,203
112900055,229,41,188
112900056,574,346,228
112900057,12,890,-878
112900058,438,361,77
112900059,210,211,-1
112900060,43,399,-356
112900061,101,200,-99
112900062,123,253,-130
112900063,158,23,135
112900064,290,312,-22
112900065,63,38,25
112900066,398,167,231
112900067,781,275,506
112900068,73,55,18
112900069,2469,1057,1412
112900071,35,6,29
112900072,336,3027,-2691
112900073,752,93,659
112900074,140,285,-145
112900075,2039,1023,1016
112900076,119,26,93
112900078,407,696,-289
112900079,682,26,656
112900080,77,1,76
112900081,51,319,-268
112900082,678,26,652
112900083,152,125,27
112900084,256,162,94
112900085,0,30,-30
112900086,115,2,113
112900087,883,302,581
112900088,199,21,178
112900089,989,36,953
112900090,43,19,24
112900091,210,8,202
112900092,299,281,18
112900093,2675,52,2623
112900094,600,12,588
112900095,57,0,57
112900096,565,275,290
112900097,116,492,-376
112900098,394,1,393
112900099,847,24,823
112900100,76,0,76
112900101,725,3,722
112900102,426,20,406
112900103,347,7,340
112900104,23,1,22
112900105,17,0,17
112900106,512,299,213
112900107,3,0,3
112900108,30,1,29
112900109,157,1,156
112900110,1190,18,1172
112900111,1138,17,1121
112900112,327,3,324
112900113,0,16,-16
112900114,129,162,-33
112900115,1127,5,1122
112900116,150,32,118
112900117,119,141,-22
112900118,55,126,-71
112900119,217,9,208
112900120,1119,374,745
112900121,218,278,-60
112900122,117,165,-48
112900123,203,30,173
112900124,22,175,-153
112900125,133,853,-720
112900126,298,412,-114
112900127,507,126,381
112900128,639,1091,-452
112900129,11,1254,-1243
112900130,388,134,254
112900131,84,318,-234
112900132,653,576,77
112900133,35,1416,-1381
112900134,1,474,-473
112900135,209,70,139
112900136,1,48,-47
112900137,1,692,-691
112900138,13,489,-476
112900139,323,1595,-1272
112900140,0,90,-90
112900141,1086,53,1033
112900142,120,182,-62
112900143,64,814,-750
112900144,2,321,-319
112900145,34,592,-558
112900146,20,1702,-1682
112900147,6,2613,-2607
112900148,96,0,96
112900149,347,1403,-1056
112900151,22,72,-50
112900152,4961,1348,3613
112900153,2567,2779,-212
112900154,0,195,-195
112900155,278,41,237
112900156,403,1916,-1513
112900157,270,10,260
112900158,74,47,27
112900159,275,153,122
112900160,93,431,-338
112900161,126,59,67
112900162,39,35,4
112900163,138,46,92
112900164,44,395,-351
112900165,442,47,395
112900166,49,117,-68
112900167,15,95,-80
112900168,3,4,-1
112900169,22,22,0
112900170,110,148,-38
112900172,79,13,66
112900173,336,164,172
112900174,376,48,328
112900175,194,182,12
112900176,8,42,-34
112900177,269,63,206
112900178,1262,4017,-2755
112900179,69,577,-508
112900180,3419,2331,1088
112900181,618,9,609
112900182,62,1549,-1487
112900183,241,516,-275
112900184,522,576,-54
112900185,467,926,-459
112900186,2207,1336,871
112900187,164,1035,-871
112900188,1139,508,631
112900189,18,61,-43
112900190,17,43,-26
112900192,768,944,-176
112900193,1507,519,988
112900194,70,161,-91
112900195,1259,83,1176
112900196,372,467,-95
112900197,263,529,-266
112900199,723,715,8
112900200,566,391,175
112900201,147,151,-4
112900202,353,1216,-863
112900203,292,417,-125
112900204,1283,920,363
112900205,6,5,1
112900206,35,123,-88
112900207,15,0,15
112900208,101,325,-224
112900209,628,549,79
112900210,0,51,-51
112900211,116,168,-52
112900212,0,129,-129
112900213,35,7,28
112900214,76,25,51
112900215,9,279,-270
112900216,57,130,-73
112900217,0,63,-63
112900218,81,21,60
112900219,187,23,164
112900220,20,0,20
112900221,56,139,-83
112900222,3,30,-27
112900223,1218,36,1182
112900224,347,759,-412
112900225,597,543,54
112900226,372,698,-326
112900227,546,1672,-1126
112900228,60,50,10
112900229,157,56,101
112900230,9195,6619,2576
112900232,452,288,164
112900233,187,217,-30
112900234,15,153,-138
112900235,166,31,135
112900236,289,24,265
112900237,172,317,-145
112900238,4,61,-57
112900239,1607,327,1280
113000001,6384,6236,148
113000002,4167,5141,-974
113000003,2360,2128,232
113000004,2400,3170,-770
113000005,1878,1176,702
113000006,1310,1757,-447
113000007,2259,1545,714
113000008,2133,2292,-159
113000009,1326,992,334
113000010,1796,1775,21
113000011,865,2094,-1229
113000012,2207,1129,1078
113000013,2029,946,1083
113000014,2238,2081,157
113000015,1013,468,545
113000016,585,1186,-601
113000017,151,524,-373
113000018,551,97,454
113000019,338,335,3
113000020,765,81,684
113000021,1323,643,680
113000022,865,1579,-714
113000025,170,547,-377
113000026,622,726,-104
113000027,1002,700,302
113000028,1427,756,671
113000029,1117,719,398
113000030,633,904,-271
113000031,353,398,-45
113000032,437,489,-52
113000033,463,519,-56
113000034,421,442,-21
113000035,41,70,-29
113000036,23,95,-72
113000037,78,44,34
113000038,31,94,-63
113000039,99,622,-523
113000040,64,87,-23
113000042,1124,1004,120
113000051,1027,3169,-2142
113000052,2148,1373,775
113000053,417,625,-208
113000054,395,1098,-703
113000055,1236,815,421
113000056,932,1260,-328
113000058,836,1149,-313
113000059,1364,1002,362
113000060,280,697,-417
113000061,593,1437,-844
113000062,1555,395,1160
113000063,165,210,-45
113000064,50,475,-425
113000065,222,1242,-1020
113000066,704,137,567
113000067,2092,2330,-238
113000068,446,2294,-1848
113000069,796,1843,-1047
113000070,3177,1918,1259
113000071,746,1036,-290
113000072,800,772,28
113000073,592,2182,-1590
113000074,1288,792,496
113000075,2338,1008,1330
113000076,929,2485,-1556
113000077,1717,738,979
113000078,1168,3168,-2000
113000079,1511,1080,431
113000080,1022,766,256
113000081,1762,1171,591
113000082,2474,1209,1265
113000083,804,1131,-327
113000084,2361,1821,540
113000085,1137,1230,-93
113000086,2897,1867,1030
113000087,2453,1227,1226
113000088,2971,1928,1043
113000089,1174,2141,-967
113000090,319,715,-396
113000091,678,474,204
113000094,1514,247,1267
113000095,305,928,-623
113000096,247,853,-606
113000097,1442,480,962
113000098,242,70,172
113000099,1586,475,1111
113000100,303,493,-190
113000101,346,766,-420
113000102,652,490,162
113000103,2504,909,1595
113000104,522,2538,-2016
113000105,1219,595,624
113000106,650,957,-307
113000107,952,854,98
113000108,994,1784,-790
113000109,664,2834,-2170
113000110,1920,541,1379
113000111,201,694,-493
113000112,401,371,30
113000113,2048,389,1659
113000114,360,1989,-1629
113000116,1053,417,636
113000117,1336,189,1147
113000118,156,952,-796
113000119,598,477,121
113000120,163,374,-211
113000121,1495,1357,138
113000124,483,191,292
113000125,74,825,-751
113000127,3770,504,3266
113000128,568,761,-193
113000129,760,1059,-299
113000133,3240,2754,486
113000134,13,1377,-1364
113000135,4259,5328,-1069
113000137,2629,3813,-1184
113000139,448,316,132
113000140,203,344,-141
113000141,559,338,221
113000142,966,1728,-762
113000143,353,246,107
113000144,463,850,-387
113000145,96,295,-199
113000146,171,122,49
113000147,218,185,33
113000148,170,147,23
113000149,112,179,-67
113000150,656,495,161
113000151,114,89,25
113000152,33,162,-129
113000153,1827,810,1017
113000154,1046,2088,-1042
113000155,397,794,-397
113000156,190,569,-379
113000157,364,1124,-760
113000158,863,345,518
113000159,1107,1010,97
113000160,662,1444,-782
113000161,286,627,-341
113000162,893,675,218
113000163,459,70,389
113000164,21,152,-131
113000166,194,184,10
113000167,47,196,-149
113000168,77,167,-90
113000169,164,174,-10
113000170,93,180,-87
113000171,57,127,-70
113000172,260,80,180
113000173,89,38,51
113000174,115,526,-411
113000175,465,160,305
113000176,597,224,373
113000177,196,534,-338
113000178,233,502,-269
113000179,344,314,30
113000180,976,1544,-568
113000181,1351,1195,156
113000182,222,721,-499
113000183,191,727,-536
113000184,66,144,-78
113000189,583,1161,-578
113000190,1380,776,604
113000192,1873,2372,-499
113000193,5098,1441,3657
113000194,2659,1535,1124
113000195,3531,1084,2447
113000196,289,127,162
113000197,5229,1504,3725
113000198,98,475,-377
113000199,2516,518,1998
113000201,604,355,249
113000202,5126,2387,2739
113000203,377,277,100
113000204,2060,2325,-265
113000205,19,41,-22
113000206,18,76,-58
113000207,126,42,84
113000208,62,91,-29
113000209,28,39,-11
113000210,9,34,-25
113000211,186,219,-33
113000212,99,15,84
113000213,50,188,-138
113000214,165,312,-147
113000234,210,1238,-1028
113000410,434,341,93
113000411,3907,5673,-1766
113000412,8894,3102,5792
113000413,3761,3507,254
113000414,9682,20088,-10406
113000415,3171,4286,-1115
113000416,12487,6049,6438
113000417,3822,4273,-451
113000418,6073,4064,2009
113000419,2568,2771,-203
113000420,5423,7244,-1821
113000421,4961,7588,-2627
113000422,17089,13754,3335
113000423,2745,5931,-3186
113000424,4353,10349,-5996
113000425,35,144,-109
113000428,241,206,35
113000430,15,742,-727
113000432,2583,230,2353
113000433,241,1321,-1080
113000434,29,176,-147
113000435,76,976,-900
113000436,34,1742,-1708
113000437,1064,27,1037
113000438,351,8,343
113000439,29,145,-116
113000440,120,32,88
113000441,176,278,-102
113000442,151,247,-96
113000443,183,363,-180
113000444,148,291,-143
113000445,90,140,-50
113000446,30,99,-69
113000448,161,272,-111
113000449,396,817,-421
113000450,774,2913,-2139
113000451,1445,210,1235
113000452,532,537,-5
113000453,49,302,-253
113000454,1321,33,1288
113000455,12,263,-251
113000456,5785,3512,2273
113000468,2413,365,2048
113000469,193,248,-55
113000470,563,48,515
113000471,13,483,-470
113000472,137,469,-332
113000474,602,743,-141
113000475,2084,2318,-234
113000476,1540,2240,-700
113000477,3697,2815,882
113000478,6102,7046,-944
113000479,86,281,-195
113000480,134,165,-31
113000481,0,0,0
113000482,0,0,0
113000483,0,0,0
113000484,0,0,0
113000485,2,0,2
113000486,7,1,6
113000487,2,3,-1
113000488,2,3,-1
113000489,0,4,-4
113000490,0,36,-36
113000491,65,41,24
113000492,9,1,8
113000493,0,0,0
113000495,182,149,33
113000496,55,123,-68
113000500,0,1,-1
113900001,2,316,-314
113900002,2,156,-154
113900003,3,134,-131
113900004,0,60,-60
113900005,0,93,-93
113900006,3,29,-26
113900007,152,32,120
113900008,60,0,60
113900009,315,0,315
113900010,241,0,241
113900011,118,0,118
113900012,30,2,28
113900013,567,5,562
113900014,793,11,782
113900015,0,77,-77
113900016,46,0,46
113900017,1,43,-42
113900018,530,377,153
113900019,151,127,24
113900020,167,0,167
113900022,44,2,42
113900023,34,0,34
113900024,149,63,86
113900025,406,47,359
113900026,60,0,60
113900027,7,68,-61
113900028,28,535,-507
113900029,89,286,-197
113900030,269,4,265
113900031,14,0,14
113900032,23,2,21
113900033,73,141,-68
113900035,95,1,94
113900036,40,98,-58
113900037,230,555,-325
113900038,27,155,-128
113900039,161,15,146
113900040,7,8,-1
113900041,9,3,6
113900042,77,75,2
113900043,257,218,39
113900044,361,371,-10
113900045,157,9,148
113900046,558,656,-98
113900047,42,82,-40
113900048,312,127,185
113900049,952,435,517
113900050,286,532,-246
113900051,319,578,-259
113900052,229,212,17
113900053,800,864,-64
113900054,22,4,18
113900055,116,489,-373
113900056,29,105,-76
113900057,16,97,-81
113900058,72,231,-159
113900059,254,433,-179
113900060,383,295,88
113900061,1492,406,1086
113900062,91,14,77
113900063,74,100,-26
113900064,36,198,-162
113900065,614,17,597
113900066,412,494,-82
113900067,367,353,14
113900068,497,474,23
113900069,79,48,31
113900070,212,687,-475
113900071,43,34,9
113900072,100,234,-134
113900073,306,555,-249
113900074,104,371,-267
113900075,1380,1286,94
113900076,180,17,163
113900077,89,231,-142
113900078,25,32,-7
113900079,3,101,-98
113900080,713,314,399
113900081,92,297,-205
113900082,115,382,-267
113900083,301,631,-330
113900084,268,143,125
113900085,68,360,-292
113900086,8,11,-3
113900087,125,310,-185
113900088,79,128,-49
113900089,524,68,456
113900090,726,532,194
113900091,42,31,11
113900092,129,139,-10
113900093,122,930,-808
113900094,548,685,-137
113900095,147,148,-1
113900096,281,106,175
113900097,167,170,-3
113900098,686,93,593
113900099,1,70,-69
113900100,2,7,-5
113900101,58,110,-52
113900102,204,191,13
113900103,370,421,-51
113900104,140,230,-90
113900105,126,401,-275
113900106,2,114,-112
113900107,2,50,-48
113900108,260,394,-134
113900109,400,209,191
113900110,90,14,76
113900111,149,151,-2
113900112,140,149,-9
113900113,1679,632,1047
113900114,0,110,-110
113900115,2,157,-155
113900116,149,193,-44
113900117,163,37,126
113900118,307,415,-108
113900119,334,573,-239
113900120,49,50,-1
113900121,49,134,-85
113900122,493,2036,-1543
113900123,558,239,319
113900124,5,97,-92
113900125,1235,155,1080
113900126,394,75,319
113900127,393,897,-504
113900128,106,68,38
113900129,15,152,-137
113900130,14,74,-60
113900131,274,99,175
113900132,57,63,-6
113900133,8,57,-49
113900135,341,493,-152
113900136,166,95,71
113900137,416,327,89
113900138,95,260,-165
113900139,570,170,400
113900140,480,465,15
113900141,713,455,258
113900142,138,101,37
113900143,20,42,-22
113900144,358,328,30
113900145,363,248,115
113900146,187,56,131
113900148,215,372,-157
113900149,215,102,113
113900150,913,731,182
113900151,466,353,113
113900152,89,83,6
113900153,424,721,-297
113900154,2,137,-135
113900155,288,177,111
113900156,248,675,-427
113900157,58,321,-263
113900158,689,563,126
113900159,46,311,-265
113900160,2055,793,1262
113900161,170,236,-66
113900162,888,1182,-294
113900163,316,357,-41
113900164,302,55,247
113900165,1507,559,948
113900166,369,251,118
113900167,254,60,194
113900168,166,159,7
113900169,358,548,-190
113900171,246,92,154
113900172,14,286,-272
113900173,54,663,-609
113900174,599,822,-223
113900175,481,150,331
113900176,597,920,-323
113900177,418,235,183
113900178,1344,200,1144
113900179,21,630,-609
113900180,181,119,62
113900181,697,178,519
113900182,1216,1793,-577
113900183,60,83,-23
113900184,18,785,-767
113900185,203,95,108
113900186,62,52,10
113900187,47,189,-142
113900188,73,266,-193
113900189,322,146,176
113900190,297,152,145
113900191,162,359,-197
113900192,12,641,-629
113900193,40,353,-313
113900194,2094,1355,739
113900195,278,537,-259
113900196,15,216,-201
113900197,1,182,-181
113900198,42,266,-224
113900199,336,890,-554
113900200,22,411,-389
113900201,1,200,-199
113900202,53,366,-313
113900203,0,143,-143
113900204,68,666,-598
113900205,19,223,-204
113900206,7,209,-202
113900207,12,117,-105
113900208,5,73,-68
113900209,0,94,-94
113900210,720,1166,-446
113900211,273,98,175
113900212,239,589,-350
113900214,493,532,-39
113900215,51,182,-131
113900216,145,1274,-1129
113900217,48,299,-251
113900218,230,105,125
113900219,104,401,-297
113900220,135,133,2
113900221,496,350,146
113900222,370,834,-464
113900223,113,1336,-1223
113900224,101,97,4
113900225,760,358,402
113900226,449,146,303
113900227,962,283,679
113900228,392,589,-197
113900229,90,1075,-985
113900230,6042,3945,2097
113900231,269,229,40
113900232,123,156,-33
113900233,163,79,84
113900234,374,632,-258
113900235,156,42,114
113900236,134,423,-289
113900237,211,29,182
113900238,288,669,-381
113900239,60,130,-70
113900240,16,225,-209
113900241,129,67,62
113900242,45,167,-122
113900243,160,523,-363
113900244,463,306,157
113900245,1520,361,1159
113900246,23,25,-2
113900247,206,517,-311
113900248,3544,2381,1163
113900249,1195,450,745
113900250,75,158,-83
113900251,660,266,394
113900252,620,44,576
113900253,751,87,664
113900254,1003,169,834
113900255,491,38,453
113900256,307,37,270
113900257,36,688,-652
113900258,21,525,-504
113900259,475,288,187
113900260,210,38,172
113900261,16,115,-99
113900262,169,782,-613
113900263,232,884,-652
113900264,4,586,-582
113900265,421,389,32
113900266,41,258,-217
113900267,119,579,-460
113900268,406,498,-92
113900269,88,213,-125
113900270,438,954,-516
113900271,817,1976,-1159
113900273,167,24,143
113900274,57,43,14
113900275,53,87,-34
113900276,2,243,-241
113900277,169,3,166
113900278,392,259,133
113900279,146,146,0
113900280,1962,654,1308
113900281,868,1605,-737
113900282,1141,818,323
113900283,510,683,-173
113900284,1101,188,913
113900285,206,59,147
113900286,112,182,-70
113900287,35,85,-50
113900288,10,255,-245
113900289,1476,149,1327
113900290,352,241,111
113900291,184,278,-94
113900292,18,4,14
113900293,15,394,-379
113900294,468,48,420
113900295,536,473,63
113900296,2483,534,1949
113900297,4140,91,4049
113900298,16,2022,-2006
113900299,96,213,-117
113900300,6049,4935,1114
113900301,800,268,532
113900302,3252,1075,2177
113900303,820,704,116
113900304,2,154,-152
113900305,106,2,104
113900306,40,1,39
113900307,73,0,73
113900308,133,220,-87
113900309,4,1304,-1300
113900310,2,14,-12
113900311,10,0,10
113900312,188,213,-25
113900313,19,11,8
114000001,1246,3891,-2645
114000002,281,515,-234
114000003,37,386,-349
114000004,558,558,0
114000005,339,485,-146
114000006,3320,3074,246
114000007,756,1708,-952
114000008,1623,2544,-921
114000009,810,311,499
114000011,3010,3523,-513
114000012,3379,2880,499
114000013,2206,2149,57
114000014,603,509,94
114000015,3099,617,2482
114000016,340,431,-91
114000017,110,411,-301
114000018,415,61,354
114000026,1895,1741,154
114000027,3229,2532,697
114000028,3271,3241,30
114000038,358,314,44
114000039,165,84,81
114000040,128,374,-246
114000042,152,237,-85
114000043,106,169,-63
114000044,214,67,147
114000045,70,140,-70
114000046,6427,6531,-104
114000047,32,127,-95
114000048,101,43,58
114000049,1844,2414,-570
114000050,1981,3588,-1607
114000051,3757,2893,864
114000052,6941,1998,4943
114000053,366,635,-269
114000054,242,1236,-994
114000055,857,79,778
114000056,1537,1060,477
114000057,7745,2835,4910
114000058,874,1852,-978
114000059,523,437,86
114000060,844,1369,-525
114000061,4910,3862,1048
114000062,3128,1952,1176
114000063,3662,2306,1356
114000064,8624,5150,3474
114000065,2084,3286,-1202
114000066,793,674,119
114000067,33,784,-751
114000068,527,935,-408
114000069,1244,1049,195
114000070,2642,2142,500
114000071,922,867,55
114000072,1280,465,815
114000073,19,110,-91
114000074,37,28,9
114000075,35,175,-140
114000076,29,166,-137
114000077,11,87,-76
114000078,1158,1083,75
114000079,233,78,155
114000080,126,94,32
114000081,162,140,22
114000082,45,667,-622
114000083,111,422,-311
114000084,506,113,393
114000085,128,889,-761
114000086,450,611,-161
114000087,240,249,-9
114000088,90,79,11
114000089,1374,618,756
114000090,1144,1313,-169
114000091,2024,1417,607
114000092,1220,938,282
114000093,1849,1412,437
114000094,409,574,-165
114000095,310,172,138
114000096,250,547,-297
114000097,170,971,-801
114000098,525,102,423
114000099,794,817,-23
114000100,1427,1075,352
114000101,554,1228,-674
114000102,852,519,333
114000103,289,555,-266
114000104,390,371,19
114000105,416,174,242
114000106,1108,1244,-136
114000107,572,157,415
114000108,1952,1389,563
114000109,576,1409,-833
114000110,806,2034,-1228
114000111,1854,1662,192
114000112,712,2230,-1518
114000113,1651,874,777
114000114,1721,1636,85
114000115,2358,1456,902
114000116,1364,824,540
114000117,3104,711,2393
114000118,2717,749,1968
114000119,1882,642,1240
114000120,618,1372,-754
114000121,425,975,-550
114000122,494,420,74
114000123,2041,715,1326
114000124,943,471,472
114000125,1166,1855,-689
114000126,5792,410,5382
114000127,571,242,329
114000128,1009,583,426
114000130,649,791,-142
114000131,362,277,85
114000132,760,935,-175
114000133,1193,2013,-820
114000134,89,213,-124
114000138,63,316,-253
114000139,527,290,237
114000144,991,638,353
114000145,125,311,-186
114000146,98,333,-235
114000147,1511,2018,-507
114000148,2559,2508,51
114000149,495,514,-19
114000150,743,939,-196
114000151,995,1436,-441
114000152,267,56,211
114000153,1014,2669,-1655
114000154,922,1075,-153
114000155,3820,2581,1239
114000156,1089,900,189
114000157,531,1190,-659
114000158,1930,1001,929
114000159,220,634,-414
114000160,128,451,-323
114000161,1713,3727,-2014
114000162,1289,2880,-1591
114000163,20,169,-149
114000165,732,289,443
114000166,1111,647,464
114000167,4418,2045,2373
114000168,1008,1043,-35
114000169,1983,1472,511
114000170,1690,1101,589
114000171,1242,2129,-887
114000174,344,661,-317
114000176,755,631,124
114000177,2450,1230,1220
114000178,102,65,37
114000179,1218,998,220
114000180,585,1082,-497
114000181,2221,4486,-2265
114000182,5919,3051,2868
114000183,1323,1116,207
114000184,654,1697,-1043
114000185,1876,1264,612
114000189,1055,145,910
114000190,2747,379,2368
114000191,32,89,-57
114000192,486,1905,-1419
114000193,1060,3774,-2714
114000194,1505,1796,-291
114000195,175,49,126
114000196,3,402,-399
114000197,1291,47,1244
114000198,957,484,473
114000199,2534,2030,504
114000200,683,2306,-1623
114000201,180,1013,-833
114000202,2872,818,2054
114000203,571,1015,-444
114000204,234,556,-322
114000205,480,1903,-1423
114000206,810,1657,-847
114000207,791,2521,-1730
114000208,575,3872,-3297
114000209,894,3119,-2225
114000210,370,1867,-1497
114000211,1205,3552,-2347
114000212,1020,1014,6
114000213,1760,772,988
114000214,111,255,-144
114000215,243,83,160
114000216,2968,1042,1926
114000217,277,539,-262
114000218,141,384,-243
114000219,1364,373,991
114000220,29,1185,-1156
114000221,1101,260,841
114000222,236,1553,-1317
114000223,511,168,343
114000224,149,843,-694
114000225,328,830,-502
114000226,173,286,-113
114000227,1008,679,329
114000228,985,1137,-152
114000229,1343,1776,-433
114000230,2297,1705,592
114000231,1072,1623,-551
114000232,668,185,483
114000233,2359,171,2188
114000234,1261,1374,-113
114000235,1308,2151,-843
114000236,1,545,-544
114000237,116,1112,-996
114000238,563,184,379
114000239,425,1542,-1117
114000240,1255,929,326
114000241,361,1098,-737
114000242,1151,1086,65
114000243,2498,1008,1490
114000244,2591,572,2019
114000245,475,715,-240
114000246,207,49,158
114000247,3035,979,2056
114000248,2551,690,1861
114000249,508,902,-394
114000250,572,1125,-553
114000251,445,361,84
114000252,74,110,-36
114000253,208,267,-59
114000254,65,142,-77
114000255,771,288,483
114000256,2387,2276,111
114000257,531,1600,-1069
114000258,1306,663,643
114000259,1012,348,664
114000260,0,46,-46
114000261,51,66,-15
114000262,881,210,671
114000263,21,4,17
114000264,1518,756,762
114000265,9,9,0
114000267,8,4627,-4619
114000268,20,2133,-2113
114000270,179,3,176
114000271,1111,132,979
114000283,2392,670,1722
114000285,44,330,-286
114000288,67,424,-357
114000289,1340,324,1016
114000293,190,565,-375
114000294,221,456,-235
114000395,3851,93,3758
114000396,569,640,-71
114000402,485,467,18
114000403,397,532,-135
114000405,178,717,-539
114000423,356,603,-247
114000424,732,300,432
114000425,668,564,104
114000426,303,1216,-913
114000427,66,109,-43
114000428,266,206,60
114000429,35,312,-277
114000432,117,152,-35
114000434,26,152,-126
114000435,8,336,-328
114000436,4400,1394,3006
114000437,512,2864,-2352
114900001,942,1533,-591
114900002,2694,173,2521
114900003,788,2150,-1362
114900004,509,549,-40
114900005,665,1177,-512
114900006,500,139,361
114900007,481,30,451
114900008,216,210,6
114900010,3210,2306,904
114900011,252,282,-30
114900013,295,216,79
114900015,91,705,-614
114900018,1110,26,1084
114900020,255,119,136
114900022,45,800,-755
114900024,283,341,-58
114900025,676,329,347
114900026,66,171,-105
114900027,310,346,-36
114900029,32,29,3
114900030,402,352,50
114900031,370,38,332
114900032,407,43,364
114900033,1493,764,729
114900034,65,320,-255
114900035,218,415,-197
114900036,286,901,-615
114900037,119,266,-147
114900038,204,855,-651
114900039,667,673,-6
114900040,96,231,-135
114900041,690,661,29
114900042,786,949,-163
114900043,711,362,349
114900044,350,59,291
114900046,93,186,-93
114900047,258,1961,-1703
114900048,137,343,-206
114900049,5,231,-226
114900050,58,530,-472
114900051,37,429,-392
114900052,378,303,75
114900053,503,318,185
114900054,98,250,-152
114900057,301,16,285
114900058,0,153,-153
114900059,82,82,0
114900060,1625,1116,509
114900061,117,286,-169
114900062,401,505,-104
114900063,86,327,-241
114900064,1219,655,564
114900065,382,867,-485
114900067,448,597,-149
114900068,77,185,-108
114900069,279,189,90
114900070,586,663,-77
114900072,7,437,-430
114900073,0,358,-358
114900074,686,888,-202
114900075,375,4,371
114900076,15,596,-581
114900080,2396,605,1791
114900082,4735,2099,2636
114900083,2473,1325,1148
114900090,423,432,-9
114900091,158,256,-98
114900095,425,184,241
114900096,589,919,-330
114900097,105,1,104
114900098,7,236,-229
114900099,303,9,294
115000001,7170,5607,1563
115000002,3776,4849,-1073
115000003,5982,4578,1404
115000004,4263,7754,-3491
115000005,1927,2795,-868
115000006,1160,2114,-954
115000007,98,210,-112
115000008,1023,774,249
115000009,187,284,-97
115000010,315,193,122
115000013,120,228,-108
115000015,65,380,-315
115000016,325,356,-31
115000019,72,664,-592
115000020,207,914,-707
115000021,329,674,-345
115000022,724,493,231
115000023,459,721,-262
115000024,1449,685,764
115000025,891,883,8
115000026,188,640,-452
115000027,362,387,-25
115000028,295,1207,-912
115000029,653,224,429
115000030,1091,1502,-411
115000031,1376,646,730
115000032,15,309,-294
115000033,338,47,291
115000034,148,1339,-1191
115000035,1548,67,1481
115000036,3,536,-533
115000037,806,8,798
115000038,63,199,-136
115000039,4421,3682,739
115000040,10480,4173,6307
115000041,2453,4564,-2111
115000042,2437,978,1459
115000043,4003,2503,1500
115000044,4288,5038,-750
115000045,3035,2458,577
115000046,2240,2999,-759
115000047,2221,2112,109
115000048,1657,3450,-1793
115000049,2082,4656,-2574
115000050,3610,3104,506
115000051,2057,3700,-1643
115000052,2714,2362,352
115000053,1896,2119,-223
115000054,823,1615,-792
115000055,172,600,-428
115000056,252,667,-415
115000057,884,804,80
115000058,590,242,348
115000059,270,149,121
115000061,274,169,105
115000062,255,402,-147
115000063,429,488,-59
115000064,331,174,157
115000065,41,534,-493
115000067,282,27,255
115000069,106,403,-297
115000070,43,1164,-1121
115000071,157,23,134
115000072,10,106,-96
115000073,1496,87,1409
115000075,106,100,6
115000076,5224,3922,1302
115000077,3936,3441,495
115000078,1472,1997,-525
115000079,3022,2583,439
115000080,4096,3227,869
115000081,597,1347,-750
115000082,4448,4483,-35
115000083,2530,3278,-748
115000084,2260,1408,852
115000085,906,1445,-539
115000086,1249,1268,-19
115000087,551,1891,-1340
115000088,1928,1015,913
115000089,1639,1669,-30
115000090,677,1256,-579
115000091,331,1297,-966
115000092,593,390,203
115000093,483,3,480
115000094,8662,6645,2017
115000095,6173,7261,-1088
115000096,649,2190,-1541
115000097,1008,1203,-195
115000098,1200,1124,76
115000099,2699,3786,-1087
115000100,1040,555,485
115000101,497,2212,-1715
115000102,450,361,89
115000103,373,889,-516
115000105,78,268,-190
115000106,638,345,293
115000107,259,719,-460
115000108,4210,3403,807
115000109,5672,5007,665
115000110,1964,1668,296
115000111,930,2783,-1853
115000112,882,906,-24
115000113,911,1326,-415
115000114,3352,1145,2207
115000116,6027,2992,3035
115000117,5926,4618,1308
115000118,3517,2459,1058
115000119,3195,3445,-250
115000120,908,1521,-613
115000121,2079,1479,600
115000122,6170,2710,3460
115000123,2520,3012,-492
115000124,1515,1526,-11
115000125,734,829,-95
115000126,209,361,-152
115000127,464,163,301
115000128,788,997,-209
115000129,332,443,-111
115000130,549,1215,-666
115000131,858,429,429
115000132,444,526,-82
115000133,843,404,439
115000134,1359,430,929
115000135,1166,320,846
115000136,522,362,160
115000137,212,244,-32
115000138,359,365,-6
115000139,268,279,-11
115000140,313,326,-13
115000141,242,366,-124
115000142,257,342,-85
115000143,769,738,31
115000144,536,99,437
115000145,263,465,-202
115000146,1338,450,888
115000147,940,613,327
115000148,349,1471,-1122
115000149,614,327,287
115000150,756,1304,-548
115000151,1154,1105,49
115000152,852,1625,-773
115000153,1245,1391,-146
115000154,869,643,226
115000155,727,1261,-534
115000156,1206,1044,162
115000157,950,938,12
115000158,832,448,384
115000159,975,726,249
115000160,1078,827,251
115000161,637,625,12
115000162,1006,1000,6
115000163,679,771,-92
115000164,851,662,189
115000165,520,574,-54
115000167,183,130,53
115000168,886,462,424
115000169,846,381,465
115000170,628,174,454
115000171,465,277,188
115000172,1704,852,852
115000173,467,669,-202
115000174,342,387,-45
115000175,276,151,125
115000176,218,159,59
115000177,203,212,-9
115000178,50,369,-319
115000179,82,38,44
115000180,149,842,-693
115000181,672,238,434
115000182,1137,468,669
115000183,355,1040,-685
115000186,842,330,512
115000187,235,1000,-765
115000188,490,677,-187
115000189,260,557,-297
115000190,970,516,454
115000191,401,657,-256
115000194,250,341,-91
115000195,426,354,72
115000196,575,140,435
115000197,786,326,460
115000198,403,267,136
115000199,473,280,193
115000200,662,156,506
115000201,296,532,-236
115000206,974,154,820
115000207,128,427,-299
115000208,708,902,-194
115000209,1955,558,1397
115000210,224,224,0
115000211,459,351,108
115000212,1599,406,1193
115000224,541,81,460
115000225,68,126,-58
115000229,212,214,-2
115000230,131,557,-426
115000231,366,2260,-1894
115000232,1665,430,1235
115000233,266,291,-25
115000234,30,383,-353
115000241,91,399,-308
115000242,142,498,-356
115000243,57,350,-293
115000244,9,143,-134
115000246,48,35,13
115000247,85,45,40
115000248,37,40,-3
115000249,60,48,12
115000250,336,81,255
115000251,302,272,30
115000252,154,347,-193
115000253,27,596,-569
115000258,340,401,-61
115000259,518,262,256
115000261,25,20,5
115000262,27,21,6
115000263,16,49,-33
115000264,35,39,-4
115000267,78,88,-10
115000268,41,140,-99
115000269,134,72,62
115000270,162,24,138
115000272,41,188,-147
115000273,613,37,576
115000280,2143,178,1965
115000281,513,717,-204
115000282,1903,1115,788
115000284,374,180,194
115000296,1335,17,1318
115000297,236,139,97
115000298,143,449,-306
115000300,239,237,2
115000302,857,196,661
115000303,885,220,665
115000304,822,122,700
115000305,134,1051,-917
115000306,272,472,-200
115000307,235,189,46
115000308,48,22,26
115000309,11,19,-8
115000310,1115,1424,-309
115000311,926,1573,-647
115000313,145,911,-766
115000314,500,208,292
115000315,1103,587,516
115000316,82,155,-73
115000317,213,722,-509
115000318,953,501,452
115000319,80,388,-308
115000320,21,456,-435
115000321,515,29,486
115000322,69,240,-171
115000449,380,207,173
115000557,50,1240,-1190
115000558,472,100,372
115000587,496,803,-307
115000588,2921,3443,-522
115000589,4053,2737,1316
115000590,1478,1670,-192
115000591,2395,774,1621
115000592,842,1873,-1031
115000593,1821,666,1155
115000594,1187,2438,-1251
115000609,141,268,-127
115000617,2963,4278,-1315
115000624,306,113,193
115000633,584,3152,-2568
115000634,3211,1096,2115
115000635,510,157,353
115000638,1104,1035,69
115000641,67,173,-106
115000642,502,467,35
115000643,137,810,-673
115000644,154,712,-558
115000646,1159,2042,-883
115000647,228,664,-436
115000648,2018,2712,-694
115000893,3472,1521,1951
115000894,233,1448,-1215
115000895,462,942,-480
115000896,1333,416,917
115000897,798,220,578
115000898,1266,353,913
115000899,808,1369,-561
115000900,175,534,-359
115000901,160,210,-50
115000912,402,178,224
115000913,4,33,-29
115000915,32,0,32
115000916,1,3,-2
115000917,0,6,-6
115000918,131,1003,-872
115000919,9,19,-10
115000920,40,59,-19
115000921,1199,166,1033
115000922,1144,838,306
115000923,505,958,-453
115000925,112,88,24
115000927,35,83,-48
115000933,221,215,6
115000934,175,268,-93
115000935,136,151,-15
115900001,93,65,28
115900002,77,211,-134
115900003,271,171,100
115900004,4,75,-71
115900005,150,21,129
115900006,159,371,-212
115900008,48,19,29
115900009,91,298,-207
115900010,377,200,177
115900011,762,356,406
115900012,159,90,69
115900013,547,209,338
115900014,124,212,-88
115900015,228,111,117
115900016,154,35,119
115900017,20,14,6
115900018,276,119,157
115900019,1051,16,1035
115900020,58,0,58
115900021,1846,218,1628
115900022,1428,24,1404
115900023,50,8,42
115900025,88,336,-248
115900026,1024,355,669
115900027,1,385,-384
115900028,891,113,778
115900029,26,562,-536
115900030,22,41,-19
115900031,388,385,3
115900032,596,958,-362
115900033,0,54,-54
115900034,28,635,-607
115900035,56,35,21
115900036,142,729,-587
115900037,81,547,-466
115900038,44,13,31
115900039,233,303,-70
115900041,638,648,-10
115900042,18,9,9
115900043,121,126,-5
115900044,555,358,197
115900046,281,387,-106
115900047,217,173,44
115900049,174,382,-208
115900051,2,43,-41
115900052,16,271,-255
115900053,228,347,-119
115900054,209,73,136
115900055,52,153,-101
115900056,248,449,-201
115900057,71,33,38
115900058,64,71,-7
115900060,216,259,-43
115900061,291,3,288
115900062,70,433,-363
115900063,84,15,69
115900064,185,224,-39
115900065,115,208,-93
115900066,230,191,39
115900067,10,845,-835
115900068,3891,1265,2626
115900069,153,194,-41
115900070,178,378,-200
115900071,1,583,-582
115900072,58,256,-198
115900073,82,92,-10
115900074,6,370,-364
115900075,70,298,-228
115900076,12,87,-75
115900077,7,327,-320
115900078,368,197,171
115900079,194,19,175
115900080,641,342,299
115900081,15,82,-67
115900082,240,272,-32
115900084,433,45,388
115900085,70,53,17
115900086,1952,865,1087
115900088,13,45,-32
115900089,301,978,-677
115900090,389,29,360
115900091,26,66,-40
115900092,28,253,-225
115900093,10,32,-22
115900094,6,476,-470
115900096,7,22,-15
115900097,17,542,-525
115900098,136,469,-333
115900099,605,101,504
115900100,25,723,-698
115900101,136,357,-221
115900102,203,88,115
115900103,377,203,174
115900104,101,171,-70
115900105,261,823,-562
115900106,54,46,8
115900107,284,225,59
115900108,142,149,-7
115900109,64,600,-536
115900110,1,31,-30
115900111,6,98,-92
115900112,62,1174,-1112
115900113,66,111,-45
115900114,2,189,-187
115900115,97,414,-317
115900116,118,1207,-1089
115900117,56,49,7
115900118,4,343,-339
115900119,145,266,-121
115900120,42,458,-416
115900121,116,500,-384
115900124,834,881,-47
115900125,354,82,272
115900126,739,124,615
115900127,821,94,727
115900128,10,107,-97
115900129,935,66,869
115900130,33,235,-202
115900131,1224,42,1182
115900132,765,16,749
115900134,414,16,398
115900135,491,1350,-859
115900137,31,5,26
115900139,35,61,-26
115900140,282,55,227
115900141,4,44,-40
115900142,7,23,-16
115900143,325,361,-36
115900144,84,246,-162
115900146,46,166,-120
115900147,371,282,89
115900148,95,14,81
115900149,80,30,50
115900150,86,43,43
115900151,24,104,-80
115900152,139,363,-224
115900153,159,353,-194
115900154,629,453,176
115900155,0,108,-108
115900156,785,1261,-476
115900157,190,627,-437
115900158,33,11,22
115900159,124,362,-238
115900160,20,9,11
115900161,107,279,-172
115900163,180,232,-52
115900164,619,46,573
115900165,2,194,-192
115900166,305,316,-11
115900168,135,299,-164
115900171,147,558,-411
115900172,73,205,-132
115900173,233,176,57
115900174,336,268,68
115900175,141,281,-140
115900178,7,823,-816
115900179,248,25,223
115900180,72,264,-192
115900181,192,322,-130
115900182,353,368,-15
115900183,84,37,47
115900184,2211,27,2184
115900187,8,120,-112
115900189,2,340,-338
115900190,439,1549,-1110
115900191,67,575,-508
115900192,13,156,-143
115900193,922,245,677
115900194,720,72,648
115900195,966,2442,-1476
115900198,293,485,-192
115900199,215,380,-165
115900200,386,704,-318
115900201,569,457,112
115900202,0,42,-42
115900203,7,16,-9
115900204,1,6,-5
115900205,140,16,124
115900206,218,279,-61
115900207,37,55,-18
115900208,233,279,-46
115900209,8,170,-162
115900210,39,175,-136
115900211,1,247,-246
115900212,197,535,-338
115900213,183,94,89
115900214,476,443,33
115900215,28,167,-139
115900216,25,120,-95
115900217,116,59,57
115900218,3,60,-57
115900219,63,13,50
115900220,146,54,92
115900221,54,26,28
115900222,51,45,6
115900223,13,356,-343
115900224,1732,1375,357
115900225,67,54,13
115900226,21,56,-35
115900227,15,70,-55
115900228,6,56,-50
115900229,6,62,-56
115900230,106,158,-52
115900231,146,12,134
115900232,59,6,53
115900233,159,23,136
115900234,101,29,72
115900235,64,43,21
115900236,413,47,366
115900237,160,48,112
115900238,397,39,358
115900239,50,42,8
115900240,23,89,-66
115900241,269,279,-10
115900242,266,481,-215
115900243,9,9,0
115900244,13,22,-9
115900245,57,13,44
115900246,53,12,41
115900247,37,18,19
115900248,12,5,7
115900249,3,22,-19
115900250,5,39,-34
115900251,1,9,-8
115900252,9,2,7
115900253,8,42,-34
115900254,18,32,-14
115900255,3,26,-23
115900256,13,17,-4
115900257,14,8,6
115900258,1,4,-3
115900259,4,3,1
115900260,14,5,9
115900261,7,2,5
115900262,5,0,5
115900263,5,1,4
115900264,22,5,17
115900265,3,8,-5
115900266,4,10,-6
115900267,10,14,-4
115900268,12,9,3
115900269,513,762,-249
115900270,469,551,-82
115900271,50,0,50
115900272,32,6,26
115900273,2,17,-15
115900274,2,18,-16
115900275,2,45,-43
115900276,0,39,-39
115900277,1,70,-69
115900278,22,128,-106
115900279,18,170,-152
115900280,10,390,-380
115900281,430,196,234
116000001,16057,6373,9684
116000002,5856,11479,-5623
116000003,2032,2139,-107
116000004,2641,3816,-1175
116000005,5673,4136,1537
116000006,3589,2656,933
116000007,4972,5689,-717
116000008,6438,2961,3477
116000009,2844,3451,-607
116000010,2590,2104,486
116000011,1143,2444,-1301
116000012,1645,1383,262
116000013,12569,5550,7019
116000014,15828,11570,4258
116000015,571,1755,-1184
116000016,8846,4071,4775
116000017,42,835,-793
116000018,1054,482,572
116000019,1169,354,815
116000020,774,1264,-490
116000021,592,366,226
116000022,483,442,41
116000023,1163,904,259
116000024,1029,1194,-165
116000025,908,859,49
116000026,2069,3087,-1018
116000027,1046,688,358
116000028,498,907,-409
116000029,1174,981,193
116000030,950,626,324
116000031,256,459,-203
116000032,423,255,168
116000033,362,591,-229
116000034,784,1140,-356
116000035,466,889,-423
116000036,2085,1134,951
116000037,775,652,123
116000038,626,478,148
116000039,667,458,209
116000040,1188,349,839
116000041,371,552,-181
116000042,715,299,416
116000043,128,645,-517
116000044,13,46,-33
116000045,2085,1585,500
116000046,1546,1791,-245
116000047,2227,2910,-683
116000048,2251,2121,130
116000049,1383,3083,-1700
116000050,1745,1866,-121
116000051,6542,2794,3748
116000052,6610,6113,497
116000053,2258,1073,1185
116000054,799,3337,-2538
116000055,756,1420,-664
116000056,1069,1369,-300
116000057,4371,2555,1816
116000058,4708,3692,1016
116000059,4394,6286,-1892
116000060,3061,1108,1953
116000061,407,1134,-727
116000062,1008,290,718
116000063,635,1185,-550
116000066,320,651,-331
116000067,343,669,-326
116000068,255,347,-92
116000069,295,515,-220
116000078,555,1155,-600
116000080,2398,1635,763
116000082,11,106,-95
116000083,1659,593,1066
116000084,3031,5215,-2184
116000085,2720,2293,427
116000086,2435,1661,774
116000087,2162,2084,78
116000088,914,1511,-597
116000089,251,131,120
116000090,177,223,-46
116000091,977,383,594
116000093,857,708,149
116000094,718,1080,-362
116000095,948,781,167
116000096,1126,2507,-1381
116000097,3225,1093,2132
116000098,107,10198,-10091
116000099,9176,343,8833
116000100,301,35,266
116000101,1222,1448,-226
116000102,301,1887,-1586
116000103,779,525,254
116000104,565,2015,-1450
116000105,1337,271,1066
116000106,2351,1306,1045
116000107,6697,538,6159
116000108,3022,273,2749
116000111,162,73,89
116000113,194,156,38
116000114,90,235,-145
116000115,430,195,235
116000116,396,879,-483
116000117,1607,2270,-663
116000118,1854,2006,-152
116000119,3433,2237,1196
116000120,3546,6686,-3140
116000121,998,714,284
116000122,1564,2710,-1146
116000123,1308,716,592
116000124,554,1520,-966
116000125,3447,1129,2318
116000126,580,2075,-1495
116000127,1323,1775,-452
116000128,1829,1318,511
116000129,1312,314,998
116000130,498,476,22
116000133,1270,1138,132
116000134,1993,3190,-1197
116000135,2565,1938,627
116000136,1505,2933,-1428
116000137,1150,936,214
116000138,1250,693,557
116000139,2592,2495,97
116000140,175,256,-81
116000141,375,911,-536
116000142,4527,3679,848
116000143,2008,2288,-280
116000144,1841,2983,-1142
116000145,1881,1696,185
116000146,592,327,265
116000147,269,161,108
116000148,512,679,-167
116000149,811,915,-104
116000151,923,779,144
116000153,108,490,-382
116000155,268,307,-39
116000156,727,1403,-676
116000157,79,22,57
116000158,355,484,-129
116000159,15,14,1
116000160,38,145,-107
116000161,8,158,-150
116000162,160,118,42
116000163,28,6,22
116000164,8,33,-25
116000177,3077,171,2906
116000194,97,589,-492
116000195,1809,905,904
116000196,29,17,12
116000197,11,12,-1
116000198,3145,1417,1728
116000200,930,536,394
116000201,837,915,-78
116000202,29,405,-376
116000203,1,155,-154
116000204,21,75,-54
116000205,0,248,-248
116000206,0,181,-181
116000207,11,70,-59
116000233,282,761,-479
116000287,245,711,-466
116000288,251,331,-80
116000292,64,176,-112
116000296,30,262,-232
116000297,150,25,125
116000304,375,30,345
116000305,12,169,-157
116000346,194,149,45
116000352,145,53,92
116000354,52,22,30
116000357,50,51,-1
116000358,492,62,430
116000361,110,5,105
116000372,7532,4389,3143
116000381,115,0,115
116000388,0,76,-76
116000389,1247,691,556
116000445,388,841,-453
116000446,601,1020,-419
116000447,16,636,-620
116000448,731,318,413
116000563,1581,1145,436
116000565,80,618,-538
116000568,86,361,-275
116000579,68,194,-126
116000584,24,16,8
116000585,24,33,-9
116000586,189,195,-6
116000587,671,899,-228
116000589,55,89,-34
116000590,105,182,-77
116000591,276,372,-96
116000592,28,164,-136
116000593,0,22,-22
116000594,693,747,-54
116000595,952,275,677
116000596,128,4,124
116000597,364,169,195
116000598,36,332,-296
116000602,86,482,-396
116000605,696,199,497
116000606,149,462,-313
116000607,14,96,-82
116000609,259,1033,-774
116000611,154,707,-553
116000612,769,2450,-1681
116000613,662,463,199
116000614,524,855,-331
116000615,3,318,-315
116000616,75,128,-53
116000617,92,115,-23
116000618,2,147,-145
116000619,211,121,90
116000620,84,82,2
116000621,46,162,-116
116000622,50,185,-135
116000624,701,143,558
116000627,26,36,-10
116000628,24,330,-306
116000629,12,499,-487
116000630,249,37,212
116000631,86,48,38
116000632,712,356,356
116000633,80,597,-517
116000634,591,33,558
116000635,2683,1812,871
116900001,340,244,96
116900002,335,6,329
116900003,32,136,-104
116900004,38,71,-33
116900005,278,95,183
116900006,254,324,-70
116900007,150,253,-103
116900008,463,432,31
116900009,18,18,0
116900010,10,2030,-2020
116900011,28,76,-48
116900012,737,315,422
116900013,5,269,-264
116900014,128,447,-319
116900015,361,83,278
116900016,237,5,232
116900017,6,933,-927
116900018,76,80,-4
116900019,6,525,-519
116900020,1457,1300,157
116900023,231,25,206
116900024,749,118,631
116900025,1472,1214,258
116900026,271,831,-560
116900027,36,80,-44
116900028,7,167,-160
116900029,1,70,-69
116900031,0,6,-6
116900032,6,468,-462
116900033,6,12,-6
116900034,47,85,-38
116900035,215,258,-43
116900036,8,108,-100
116900038,242,1,241
116900041,61,30,31
116900042,945,373,572
116900043,31,99,-68
116900045,335,95,240
116900047,41,164,-123
116900049,64,510,-446
116900050,137,595,-458
116900051,109,235,-126
116900052,337,81,256
116900055,5,7,-2
116900057,26,353,-327
116900058,47,469,-422
116900059,1,179,-178
116900060,232,223,9
116900062,2,27,-25
116900064,109,1041,-932
116900065,78,148,-70
116900067,105,111,-6
116900068,167,349,-182
116900070,4,9,-5
116900072,32,618,-586
116900073,15,179,-164
116900074,13,66,-53
116900076,29,62,-33
116900077,18,252,-234
116900078,401,210,191
116900079,48,376,-328
116900080,18,43,-25
116900081,565,1660,-1095
116900082,563,1165,-602
116900083,87,84,3
116900084,209,64,145
116900085,44,186,-142
116900086,102,285,-183
116900088,502,175,327
116900090,292,82,210
116900091,483,48,435
116900092,86,849,-763
116900093,1994,2153,-159
116900094,5978,3961,2017
116900095,220,169,51
116900096,137,454,-317
116900097,4323,3231,1092
116900098,885,322,563
116900099,1250,861,389
116900100,992,41,951
116900101,391,684,-293
116900103,5,1,4
116900104,154,103,51
116900105,339,167,172
116900106,2195,533,1662
116900107,5273,3072,2201
116900110,16,0,16
116900111,502,1206,-704
116900112,288,1419,-1131
116900113,2601,1836,765
116900116,132,524,-392
116900117,237,132,105
116900118,865,801,64
116900120,408,132,276
116900121,424,30,394
116900122,1280,1127,153
116900123,174,1113,-939
116900124,182,1248,-1066
116900125,387,288,99
116900126,262,686,-424
116900128,0,46,-46
116900129,4,402,-398
116900130,849,3764,-2915
116900131,131,513,-382
116900132,63,174,-111
116900133,120,200,-80
116900134,336,372,-36
116900136,666,252,414
116900137,385,224,161
116900138,317,220,97
116900139,165,420,-255
116900140,237,196,41
116900141,1026,495,531
116900142,2,70,-68
116900143,336,503,-167
116900144,34,120,-86
116900145,115,290,-175
116900147,683,454,229
116900148,28,57,-29
116900149,75,296,-221
116900150,16,19,-3
116900151,14,14,0
116900153,117,147,-30
116900154,881,858,23
116900155,149,127,22
116900157,527,442,85
116900158,262,371,-109
116900159,69,368,-299
116900160,1156,631,525
116900161,7913,6399,1514
116900162,10,180,-170
116900163,205,224,-19
116900164,213,104,109
116900165,299,264,35
116900166,23,107,-84
116900167,490,113,377
116900168,390,116,274
116900169,731,483,248
116900170,336,750,-414
116900171,79,294,-215
116900172,331,424,-93
116900173,218,66,152
116900174,123,78,45
116900175,223,220,3
116900178,47,202,-155
116900179,144,355,-211
116900180,142,34,108
116900182,477,564,-87
116900183,188,182,6
116900185,58,65,-7
116900186,122,433,-311
116900187,105,58,47
116900188,151,36,115
116900189,244,0,244
116900191,510,1065,-555
116900192,333,189,144
116900194,169,1245,-1076
116900195,35,19,16
116900196,43,136,-93
116900197,101,26,75
116900198,265,270,-5
116900200,76,50,26
116900201,147,18,129
116900202,169,74,95
116900203,189,29,160
116900204,51,105,-54
116900206,6,28,-22
116900207,31,63,-32
116900208,26,163,-137
116900209,25,155,-130
116900210,544,388,156
116900211,435,10,425
116900212,55,120,-65
116900213,251,192,59
116900214,202,257,-55
116900215,63,95,-32
116900216,612,347,265
116900218,11,362,-351
116900219,1690,559,1131
116900220,106,307,-201
116900221,107,500,-393
116900222,400,506,-106
116900223,118,449,-331
116900226,110,126,-16
116900227,198,102,96
116900228,405,338,67
116900230,92,355,-263
116900231,39,506,-467
116900232,9,576,-567
116900233,328,148,180
116900234,33,7,26
116900235,221,461,-240
116900238,2093,498,1595
116900239,49,1393,-1344
116900240,7808,4566,3242
116900241,294,267,27
116900242,437,590,-153
116900243,6,142,-136
116900245,43,31,12
116900246,173,28,145
116900247,1198,70,1128
116900248,119,64,55
116900249,339,182,157
116900250,767,80,687
116900251,768,626,142
116900252,238,1262,-1024
116900253,157,144,13
116900254,55,121,-66
116900255,141,95,46
116900256,411,119,292
116900257,60,685,-625
116900258,33,407,-374
116900259,620,34,586
116900260,2,188,-186
116900261,138,8,130
116900262,339,318,21
116900263,2,24,-22
116900264,0,2,-2
116900265,54,2,52
116900266,11,85,-74
116900267,2,4,-2
116900268,282,118,164
116900269,329,737,-408
116900271,2318,223,2095
116900272,499,396,103
116900273,181,61,120
116900274,133,142,-9
116900275,163,183,-20
116900276,779,128,651
116900277,695,37,658
116900278,15,28,-13
116900279,9,34,-25
116900280,22,74,-52
116900281,8965,4656,4309
116900282,6,169,-163
116900283,33,147,-114
116900284,23,290,-267
116900285,316,202,114
116900286,281,35,246
116900287,11,77,-66
116900288,91,176,-85
116900289,14,26,-12
116900290,4,68,-64
116900291,10,9,1
116900292,2,16,-14
116900293,37,113,-76
116900294,37,199,-162
116900295,140,43,97
116900296,92,46,46
116900297,4,53,-49
116900298,104,24,80
116900299,88,31,57
116900300,7,57,-50
116900301,49,71,-22
116900302,48,56,-8
116900303,328,127,201
116900304,0,153,-153
116900305,29,38,-9
116900306,246,75,171
117000001,2032,1834,198
117000002,2350,5968,-3618
117000003,7540,4079,3461
117000004,5093,6941,-1848
117000005,2484,2254,230
117000006,1589,4404,-2815
117000007,3801,1612,2189
117000008,1438,4813,-3375
117000009,6483,2436,4047
117000010,3456,5218,-1762
117000011,3705,2089,1616
117000012,1960,1679,281
117000013,2099,1091,1008
117000014,1586,2675,-1089
117000015,3881,1680,2201
117000016,386,126,260
117000017,453,134,319
117000018,407,704,-297
117000019,121,3,118
117000020,493,1889,-1396
117000021,2350,481,1869
117000022,500,116,384
117000023,334,192,142
117000024,421,169,252
117000025,620,894,-274
117000026,2544,1071,1473
117000027,3641,4419,-778
117000028,5377,1879,3498
117000030,747,612,135
117000031,491,293,198
117000032,1959,1324,635
117000033,1946,1542,404
117000034,511,417,94
117000035,449,349,100
117000036,474,369,105
117000037,312,214,98
117000038,282,662,-380
117000039,426,304,122
117000040,235,1385,-1150
117000041,954,180,774
117000044,22,1073,-1051
117000045,424,86,338
117000046,505,810,-305
117000047,953,674,279
117000048,2609,1504,1105
117000049,217,924,-707
117000050,231,2861,-2630
117000051,2807,185,2622
117000052,54,493,-439
117000053,563,71,492
117000054,2117,19,2098
117000055,13,4372,-4359
117000056,832,63,769
117000057,885,2906,-2021
117000060,604,2070,-1466
117000061,1921,1093,828
117000062,390,789,-399
117000063,2017,1060,957
117000064,1108,1059,49
117000066,1864,1291,573
117000067,136,575,-439
117000074,334,216,118
117000076,323,57,266
117000077,256,286,-30
117000078,120,985,-865
117000079,849,285,564
117000080,0,350,-350
117000081,1808,160,1648
117000082,17,107,-90
117000083,163,11,152
117000084,337,1,336
117000085,634,992,-358
117000086,1600,645,955
117000087,115,558,-443
117000088,341,259,82
117000089,1752,401,1351
117000090,345,1702,-1357
117000091,944,502,442
117000092,500,1727,-1227
117000093,1187,1048,139
117000094,1707,3826,-2119
117000095,3659,1329,2330
117000096,811,2993,-2182
117000097,1501,1786,-285
117000098,3109,6301,-3192
117000099,3581,1719,1862
117000100,191,542,-351
117000101,196,1579,-1383
117000102,1663,937,726
117000103,825,2366,-1541
117000104,1461,889,572
117000105,935,2176,-1241
117000106,1379,1081,298
117000107,923,2485,-1562
117000108,1957,1126,831
117000109,2043,3451,-1408
117000110,1690,1200,490
117000111,4473,5330,-857
117000112,3967,2398,1569
117000113,636,472,164
117000114,371,196,175
117000115,334,219,115
117000116,203,342,-139
117000117,2124,1362,762
117000118,304,239,65
117000119,430,176,254
117000120,238,453,-215
117000121,212,1255,-1043
117000122,458,924,-466
117000123,2029,89,1940
117000124,1021,58,963
117000125,468,104,364
117000126,110,13,97
117000127,199,332,-133
117000128,639,1053,-414
117000129,279,106,173
117000130,186,17,169
117000131,0,52,-52
117000132,6112,62,6050
117000133,1444,154,1290
117000134,0,59,-59
117000135,2,43,-41
117000136,4,58,-54
117000137,105,111,-6
117000138,9,843,-834
117000140,669,2055,-1386
117000141,1831,781,1050
117000181,875,505,370
117000182,281,802,-521
117000195,287,1540,-1253
117000196,372,120,252
117000225,121,22,99
117000226,8,130,-122
117000276,281,11,270
117000277,1,508,-507
117000310,2095,3046,-951
117000315,65,763,-698
117000320,60,0,60
117000906,342,14,328
117000907,22,477,-455
117000908,29,30,-1
117000909,54,31,23
117000910,275,192,83
117000911,135,254,-119
117000915,14,776,-762
117000916,30,22,8
117000917,1170,68,1102
117000918,101,122,-21
117000919,16,137,-121
117000920,1,1903,-1902
117000921,4,1793,-1789
117000922,60,137,-77
117000924,558,850,-292
117000926,1327,124,1203
117000927,2809,1109,1700
117000928,0,169,-169
117000929,272,450,-178
117000930,205,13,192
117000931,807,189,618
117900002,131,536,-405
117900003,1224,646,578
117900005,8,36,-28
117900006,0,32,-32
117900007,207,138,69
117900008,0,37,-37
117900010,241,164,77
117900011,70,78,-8
117900012,98,146,-48
117900013,4,313,-309
117900014,424,152,272
117900015,15,107,-92
117900016,1824,1206,618
117900017,1118,402,716
117900018,168,104,64
117900019,443,376,67
117900020,126,460,-334
117900021,40,88,-48
117900022,52,33,19
117900023,755,184,571
117900024,50,89,-39
117900025,51,37,14
117900026,520,372,148
117900028,49,6,43
117900029,364,797,-433
117900030,504,382,122
117900031,235,131,104
117900032,1772,644,1128
117900033,240,689,-449
117900034,27,26,1
117900035,969,134,835
117900036,291,498,-207
117900037,165,358,-193
117900038,30,479,-449
117900039,3,106,-103
117900040,153,649,-496
117900041,7,76,-69
117900042,5348,528,4820
117900043,44,68,-24
117900044,47,3475,-3428
117900045,281,151,130
117900048,340,407,-67
117900049,271,531,-260
117900050,9,55,-46
117900051,75,1,74
117900052,56,454,-398
117900053,1657,967,690
117900054,1,28,-27
117900055,201,162,39
117900056,520,47,473
117900057,1499,1973,-474
117900058,73,36,37
117900059,422,134,288
117900060,3050,8196,-5146
117900061,38,209,-171
117900063,347,186,161
117900065,2476,1899,577
117900066,8,102,-94
117900067,455,233,222
117900069,762,384,378
117900070,221,24,197
117900071,77,226,-149
117900073,472,368,104
117900074,217,29,188
117900075,75,142,-67
117900076,6,45,-39
117900077,495,362,133
117900078,457,1037,-580
117900080,147,75,72
117900081,727,542,185
117900082,507,543,-36
117900083,354,534,-180
117900086,119,51,68
117900087,251,284,-33
117900088,4257,2572,1685
117900089,2218,780,1438
117900090,543,626,-83
117900091,152,240,-88
117900092,84,62,22
117900093,77,306,-229
117900094,54,8,46
117900095,268,373,-105
117900096,118,327,-209
117900097,279,368,-89
117900098,34,7,27
117900099,155,271,-116
117900100,241,8,233
117900101,577,2156,-1579
117900102,51,200,-149
117900103,196,8,188
117900104,45,127,-82
117900105,156,287,-131
117900106,143,154,-11
117900107,71,1,70
117900109,701,506,195
117900110,421,14,407
117900111,839,22,817
117900112,94,53,41
117900113,4679,2014,2665
117900114,25,0,25
117900115,321,72,249
117900116,1154,1123,31
117900117,598,603,-5
117900118,129,2,127
117900119,162,300,-138
117900120,229,84,145
117900121,196,41,155
117900122,2031,4467,-2436
117900123,710,543,167
117900124,2262,1102,1160
117900125,2194,2338,-144
117900126,320,743,-423
117900127,477,609,-132
117900128,405,884,-479
117900129,153,4,149
117900130,3773,517,3256
117900131,2,186,-184
117900132,16,197,-181
117900133,15,199,-184
117900134,78,306,-228
117900135,36,288,-252
117900136,0,62,-62
117900137,117,494,-377
117900138,0,64,-64
117900139,112,188,-76
117900140,4142,330,3812
117900141,296,273,23
117900142,108,23,85
117900144,83,146,-63
117900145,47,32,15
117900146,169,184,-15
117900147,41,84,-43
117900148,3288,1987,1301
117900149,197,237,-40
117900150,83,60,23
117900151,49,124,-75
117900152,90,80,10
117900153,36,165,-129
117900154,407,769,-362
117900156,1271,1031,240
117900157,167,731,-564
117900158,296,360,-64
117900160,723,801,-78
117900161,3762,2945,817
117900162,354,534,-180
117900163,165,82,83
117900165,0,9,-9
117900166,156,537,-381
117900168,34,378,-344
117900169,1,228,-227
117900170,6,58,-52
117900171,2,52,-50
117900172,21,80,-59
117900173,190,138,52
117900174,114,126,-12
117900175,9,57,-48
117900176,24,49,-25
117900177,23,74,-51
117900178,282,56,226
117900180,329,98,231
117900181,251,615,-364
117900182,1,52,-51
117900183,66,310,-244
117900184,118,98,20
117900185,69,90,-21
117900186,65,28,37
117900187,22,8,14
117900188,448,91,357
117900189,135,104,31
117900190,51,4,47
117900191,126,4,122
117900192,431,11,420
117900193,28,170,-142
117900194,11,22,-11
117900195,205,157,48
117900196,29,74,-45
117900207,223,180,43
117900208,52,70,-18
117900209,180,343,-163
117900210,187,323,-136
117900211,40,317,-277
117900212,156,219,-63
117900213,44,46,-2
117900214,23,35,-12
117900215,5,24,-19
117900216,24,21,3
117900217,77,305,-228
117900218,107,140,-33
117900219,8,136,-128
117900220,126,49,77
117900222,118,327,-209
117900223,79,201,-122
118000001,1147,880,267
118000002,1381,2720,-1339
118000003,2540,2674,-134
118000004,3635,2921,714
118000005,7268,5719,1549
118000006,9411,11283,-1872
118000007,7906,4375,3531
118000008,6575,4912,1663
118000009,2898,4715,-1817
118000010,7009,5882,1127
118000011,1722,3610,-1888
118000012,1791,3372,-1581
118000013,4504,3303,1201
118000014,4570,4251,319
118000016,249,554,-305
118000017,589,633,-44
118000018,689,790,-101
118000019,3285,1892,1393
118000020,2896,3737,-841
118000021,984,3271,-2287
118000022,2885,982,1903
118000023,1329,341,988
118000024,3033,1526,1507
118000027,21603,13986,7617
118000029,1552,991,561
118000032,1811,3933,-2122
118000033,4031,5609,-1578
118000034,7687,3109,4578
118000035,2259,2930,-671
118000036,1574,1200,374
118000037,996,1128,-132
118000038,234,113,121
118000039,152,382,-230
118000040,2234,1666,568
118000041,2810,2072,738
118000045,660,239,421
118000046,2214,691,1523
118000047,1561,803,758
118000048,3943,2151,1792
118000051,4480,1726,2754
118000052,3384,1004,2380
118000053,894,1231,-337
118000054,3697,2763,934
118000055,2343,2741,-398
118000056,2086,627,1459
118000057,639,509,130
118000058,4552,2126,2426
118000059,2831,1189,1642
118000060,1366,756,610
118000061,3162,1979,1183
118000062,716,421,295
118000063,427,771,-344
118000064,968,1454,-486
118000065,4776,2246,2530
118000066,983,1719,-736
118000067,1180,1017,163
118000068,2112,5522,-3410
118000069,5060,1648,3412
118000070,6645,2483,4162
118000071,4159,8763,-4604
118000072,2172,1345,827
118000073,3744,869,2875
118000074,969,581,388
118000075,1760,446,1314
118000076,1565,2463,-898
118000077,1776,1629,147
118000078,2118,2336,-218
118000079,554,614,-60
118000080,1474,1171,303
118000081,1975,1258,717
118000082,348,1356,-1008
118000083,2275,2021,254
118000084,3816,2264,1552
118000086,298,884,-586
118000087,5749,3357,2392
118000088,2195,2018,177
118000089,4299,2562,1737
118000090,2563,3518,-955
118000091,1628,2587,-959
118000092,1231,611,620
118000093,140,860,-720
118000096,589,908,-319
118000097,928,700,228
118000098,354,255,99
118000099,718,1076,-358
118000101,1217,392,825
118000102,496,1723,-1227
118000107,2686,682,2004
118000108,973,2795,-1822
118000110,1,40,-39
118000111,1,450,-449
118000112,606,5,601
118000113,5,931,-926
118000114,515,9,506
118000115,21,5,16
118000116,57,0,57
118000117,1333,993,340
118000118,1031,866,165
118000119,1167,1169,-2
118000120,2135,1717,418
118000121,111,781,-670
118000122,1674,472,1202
118000123,74,325,-251
118000125,2122,1280,842
118000126,841,1889,-1048
118000127,2548,685,1863
118000128,1221,1502,-281
118000129,1311,533,778
118000130,3776,5442,-1666
118000131,997,1055,-58
118000132,2875,2187,688
118000133,884,545,339
118000135,984,529,455
118000136,154,588,-434
118000137,843,105,738
118000138,661,778,-117
118000139,395,139,256
118000140,4681,4840,-159
118000141,2501,2386,115
118000142,2039,2162,-123
118000143,2436,1436,1000
118000144,2737,1222,1515
118000145,2550,2830,-280
118000146,1596,1352,244
118000147,1210,2185,-975
118000148,826,1657,-831
118000149,962,1141,-179
118000150,509,316,193
118000151,575,571,4
118000153,1486,1600,-114
118000154,1680,1953,-273
118000155,1238,1656,-418
118000156,3052,3140,-88
118000157,668,487,181
118000158,293,529,-236
118000159,30,145,-115
118000160,590,490,100
118000161,637,1226,-589
118000162,2242,1039,1203
118000163,1033,928,105
118000164,2541,1799,742
118000168,1940,736,1204
118000169,1327,1665,-338
118000170,5684,8597,-2913
118000171,460,1095,-635
118000172,149,457,-308
118000173,1338,1563,-225
118000175,436,393,43
118000176,328,535,-207
118000177,282,697,-415
118000178,47,72,-25
118000179,1820,1346,474
118000180,1101,954,147
118000181,1080,447,633
118000182,394,333,61
118000183,229,388,-159
118000184,859,998,-139
118000185,1660,1379,281
118000186,1044,1492,-448
118000187,1497,1026,471
118000188,681,303,378
118000189,770,1114,-344
118000190,19,20,-1
118000191,46,54,-8
118000192,487,463,24
118000193,379,536,-157
118000194,2077,1311,766
118000195,1002,961,41
118000196,478,229,249
118000197,975,204,771
118000198,843,789,54
118000199,1014,503,511
118000200,164,304,-140
118000201,474,539,-65
118000202,66,92,-26
118000203,1160,705,455
118000204,243,386,-143
118000205,315,387,-72
118000206,311,212,99
118000207,0,64,-64
118000208,1585,2101,-516
118000209,2497,2370,127
118000210,92,54,38
118000211,27,58,-31
118000213,1819,1815,4
118000214,715,685,30
118000215,373,283,90
118000216,2290,4124,-1834
118000217,31,195,-164
118000218,103,197,-94
118000219,785,468,317
118000220,4,44,-40
118000221,211,399,-188
118000222,95,16,79
118000223,42,50,-8
118000224,313,157,156
118000225,163,929,-766
118000226,1417,232,1185
118000227,1163,425,738
118000228,262,253,9
118000229,238,79,159
118000230,121,284,-163
118000231,137,277,-140
118000232,866,1355,-489
118000233,1214,1010,204
118000234,512,332,180
118000236,512,451,61
118000237,143,582,-439
118000238,318,286,32
118000239,386,355,31
118000240,628,198,430
118000241,177,302,-125
118000242,446,854,-408
118000243,314,279,35
118000244,60,215,-155
118000246,2,39,-37
118000255,84,231,-147
118000256,140,259,-119
118000259,20,75,-55
118000260,302,170,132
118000261,39,94,-55
118000263,76,213,-137
118000266,210,330,-120
118000267,0,142,-142
118000268,385,8,377
118000270,126,36,90
118000271,202,401,-199
118000272,242,80,162
118000273,221,123,98
118000274,135,335,-200
118000276,450,437,13
118000295,7,155,-148
118000298,236,416,-180
118000299,85,195,-110
118000301,0,61,-61
118000302,142,137,5
118000311,445,150,295
118000312,342,258,84
118000313,103,251,-148
118000314,103,73,30
118000315,85,101,-16
118000316,730,551,179
118000325,82,103,-21
118000326,54,55,-1
118000331,43,77,-34
118000332,20,54,-34
118000333,41,144,-103
118000335,295,3,292
118000336,0,373,-373
118000407,156,153,3
118000457,8,44,-36
118000465,4622,5031,-409
118000480,33,164,-131
118000489,97,395,-298
118000490,83,416,-333
118000492,313,234,79
118000510,80,30,50
118000514,165,468,-303
118000515,822,775,47
118000517,443,266,177
118000524,564,299,265
118000525,1198,1008,190
118000530,30,153,-123
118000531,289,342,-53
118000532,271,486,-215
118000533,478,170,308
118000534,953,687,266
118000535,287,177,110
118000536,1241,1910,-669
118000537,46,163,-117
118000538,44,86,-42
118000539,21,120,-99
118000540,397,275,122
118000541,230,96,134
118000542,159,247,-88
118000543,223,290,-67
118000546,78,46,32
118000560,3944,2422,1522
118000562,23,255,-232
118000563,2425,1886,539
118000576,200,210,-10
118000577,209,180,29
118000578,201,109,92
118000579,712,1334,-622
118000595,225,108,117
118000596,0,80,-80
118000597,94,131,-37
118000598,73,1,72
118000599,48,65,-17
118000600,1,76,-75
118000601,8,0,8
118000602,1,76,-75
118000603,0,26,-26
118900001,978,1816,-838
118900002,1147,1067,80
118900003,619,24,595
118900004,98,113,-15
118900005,66,10,56
118900006,162,11,151
118900007,8,4,4
118900008,1720,85,1635
118900009,61,61,0
118900010,96,7,89
118900011,192,74,118
118900012,624,261,363
118900013,616,171,445
118900015,227,138,89
118900016,8,32,-24
118900017,308,355,-47
118900018,1004,39,965
118900019,104,38,66
118900020,234,176,58
118900021,186,414,-228
118900022,135,129,6
118900023,179,119,60
118900024,151,264,-113
118900025,47,38,9
118900026,58,76,-18
118900027,542,268,274
118900028,148,207,-59
118900029,435,413,22
118900030,355,117,238
118900031,202,142,60
118900032,172,255,-83
118900033,510,560,-50
118900034,312,36,276
118900035,151,195,-44
118900036,1244,841,403
118900037,588,256,332
118900038,461,230,231
118900039,702,281,421
118900040,246,222,24
118900041,792,258,534
118900042,235,88,147
118900045,418,197,221
118900046,1346,402,944
118900047,678,277,401
118900048,275,206,69
118900049,90,71,19
118900050,38,152,-114
118900051,90,148,-58
118900052,400,266,134
118900053,59,124,-65
118900054,175,70,105
118900055,93,121,-28
118900056,36,383,-347
118900057,802,470,332
118900058,425,383,42
118900059,27,88,-61
118900060,398,126,272
118900062,646,241,405
118900064,887,697,190
118900065,74,220,-146
118900066,173,129,44
118900067,6172,3898,2274
118900068,18,273,-255
118900069,310,322,-12
118900071,12,125,-113
118900072,384,507,-123
118900073,114,143,-29
118900074,202,215,-13
118900075,266,143,123
118900076,298,126,172
118900077,286,263,23
118900078,48,28,20
118900079,73,326,-253
118900080,10,190,-180
118900081,82,50,32
118900082,614,267,347
118900083,55,27,28
118900084,17,35,-18
118900085,826,1113,-287
118900086,49,85,-36
118900087,29,247,-218
118900088,0,8,-8
118900089,26,30,-4
118900090,488,507,-19
118900091,253,291,-38
118900092,172,141,31
118900093,141,29,112
118900096,101,45,56
118900097,224,544,-320
118900099,93,290,-197
118900100,161,269,-108
118900101,148,1168,-1020
118900102,79,145,-66
118900103,102,146,-44
118900104,84,49,35
118900105,365,208,157
118900107,400,219,181
118900108,156,181,-25
118900110,1832,1098,734
118900111,1223,713,510
118900112,65,262,-197
118900113,123,615,-492
118900114,35,99,-64
118900115,198,502,-304
118900116,143,272,-129
118900117,101,231,-130
118900118,293,445,-152
118900119,126,306,-180
118900120,124,320,-196
118900121,8,286,-278
118900122,19,1038,-1019
118900123,243,226,17
118900124,78,370,-292
118900126,38,456,-418
118900129,282,294,-12
118900130,75,246,-171
118900131,194,281,-87
118900132,473,296,177
118900133,20,128,-108
118900135,233,395,-162
118900136,197,588,-391
118900137,29,60,-31
118900139,317,578,-261
118900140,341,611,-270
118900141,167,265,-98
118900144,112,468,-356
118900145,299,178,121
118900146,387,814,-427
118900147,221,156,65
118900148,115,100,15
118900150,151,818,-667
118900152,734,1059,-325
118900157,81,224,-143
118900158,117,96,21
118900159,1,233,-232
118900161,77,14,63
118900163,175,221,-46
118900164,13,251,-238
118900165,69,392,-323
118900166,64,7,57
118900167,131,189,-58
118900168,9,219,-210
118900169,140,720,-580
118900170,197,276,-79
118900171,42,64,-22
118900174,92,68,24
118900175,348,540,-192
118900176,186,329,-143
118900177,51,75,-24
118900178,73,195,-122
118900179,11,70,-59
118900181,123,104,19
118900182,199,80,119
118900183,35,204,-169
118900184,394,238,156
118900185,103,134,-31
118900186,105,130,-25
118900187,293,354,-61
118900188,357,360,-3
118900189,43,894,-851
118900190,35,548,-513
118900191,150,60,90
118900192,201,20,181
118900193,448,10,438
118900195,348,985,-637
118900196,48,213,-165
118900197,127,37,90
118900198,37,40,-3
118900199,93,92,1
118900200,35,12,23
118900201,25,32,-7
118900202,12,90,-78
118900203,8,63,-55
118900204,30,57,-27
118900205,7,20,-13
118900206,3,43,-40
119000001,1637,1861,-224
119000002,5065,3906,1159
119000003,2899,1608,1291
119000004,5048,1655,3393
119000005,2004,2342,-338
119000006,3212,2034,1178
119000007,4462,4148,314
119000008,2286,2612,-326
119000009,5109,6209,-1100
119000010,8243,5343,2900
119000011,5774,4139,1635
119000012,4474,4779,-305
119000013,2847,1895,952
119000014,3201,4804,-1603
119000019,378,193,185
119000020,3060,1847,1213
119000021,5009,3114,1895
119000022,4167,3514,653
119000023,292,296,-4
119000024,2103,11523,-9420
119000025,9752,2014,7738
119000026,206,495,-289
119000027,393,678,-285
119000028,2753,1671,1082
119000029,160,425,-265
119000030,691,1430,-739
119000031,1074,1014,60
119000032,2743,3461,-718
119000033,2644,2061,583
119000034,1276,1518,-242
119000035,57,422,-365
119000036,1673,1242,431
119000037,1309,2605,-1296
119000038,199,1240,-1041
119000039,401,473,-72
119000040,1286,709,577
119000041,1366,1486,-120
119000048,3885,4299,-414
119000049,1809,3423,-1614
119000050,3434,2787,647
119000051,4671,1267,3404
119000052,2420,3906,-1486
119000053,2193,1478,715
119000054,3634,4212,-578
119000055,4398,4626,-228
119000056,2728,2795,-67
119000057,1839,2780,-941
119000058,2426,2490,-64
119000059,1775,2142,-367
119000060,1722,1569,153
119000061,1219,1108,111
119000062,1507,1855,-348
119000063,500,487,13
119000064,1302,1962,-660
119000065,3147,4934,-1787
119000066,3159,1462,1697
119000067,2188,3056,-868
119000068,1805,1510,295
119000069,1675,3566,-1891
119000070,2564,1434,1130
119000071,696,917,-221
119000072,7406,4429,2977
119000073,8015,8698,-683
119000074,1411,3820,-2409
119000075,2290,3171,-881
119000076,803,1260,-457
119000077,1743,782,961
119000078,685,276,409
119000079,380,917,-537
119000080,690,273,417
119000081,505,673,-168
119000082,1547,307,1240
119000083,924,496,428
119000084,502,656,-154
119000085,782,316,466
119000086,391,689,-298
119000087,1952,1293,659
119000088,328,255,73
119000089,114,224,-110
119000090,177,218,-41
119000091,159,551,-392
119000092,712,257,455
119000093,4466,3507,959
119000094,3118,6780,-3662
119000095,1845,3367,-1522
119000097,2733,2074,659
119000098,1049,2769,-1720
119000099,3028,2421,607
119000100,3948,3501,447
119000101,6429,2782,3647
119000102,1184,1376,-192
119000103,2405,761,1644
119000104,3702,2486,1216
119000105,1496,2117,-621
119000106,410,2284,-1874
119000107,848,635,213
119000108,540,1306,-766
119000109,309,611,-302
119000110,1184,614,570
119000111,143,731,-588
119000112,240,168,72
119000113,4068,491,3577
119000114,1077,1349,-272
119000115,188,221,-33
119000116,191,157,34
119000117,200,498,-298
119000118,6,1,5
119000123,5367,1228,4139
119000124,951,275,676
119000125,4049,1207,2842
119000126,583,916,-333
119000127,580,973,-393
119000128,70,3,67
119000131,1038,1098,-60
119000132,8,2,6
119000133,1,8,-7
119000134,2543,791,1752
119000135,92,247,-155
119000136,237,242,-5
119000137,213,508,-295
119000138,421,447,-26
119000139,277,429,-152
119000140,209,527,-318
119000284,1498,3500,-2002
119000285,2700,2991,-291
119000286,9563,7385,2178
119000287,2370,2976,-606
119000288,2188,2099,89
119000289,2107,4502,-2395
119000290,264,658,-394
119000291,21,407,-386
119000293,131,228,-97
119000294,69,36,33
119000295,2229,578,1651
119000296,201,207,-6
119000302,3296,2029,1267
119000303,87,176,-89
119000314,1782,11655,-9873
119000315,1,606,-605
119000316,132,182,-50
119000317,80,458,-378
119900001,378,1615,-1237
119900002,318,451,-133
119900003,84,1669,-1585
119900004,470,1451,-981
119900005,219,168,51
119900006,402,613,-211
119900007,1328,358,970
119900008,884,86,798
119900009,1206,1294,-88
119900010,3016,1784,1232
119900011,25,121,-96
119900012,35,126,-91
119900013,2260,1203,1057
119900014,879,382,497
119900015,119,51,68
119900016,61,123,-62
119900017,53,86,-33
119900018,2398,1016,1382
119900019,64,16,48
119900020,225,313,-88
119900021,192,344,-152
119900022,201,692,-491
119900023,868,1550,-682
119900025,169,55,114
119900026,1014,193,821
119900027,115,57,58
119900028,885,139,746
119900029,1,6,-5
119900030,814,830,-16
119900031,105,395,-290
119900033,2889,422,2467
119900034,415,198,217
119900037,315,71,244
119900038,86,347,-261
119900039,58,15,43
119900040,518,18,500
119900041,179,67,112
119900042,1274,232,1042
119900043,133,232,-99
119900044,275,874,-599
119900046,113,114,-1
119900047,310,84,226
119900048,216,55,161
119900049,178,9,169
119900050,211,155,56
119900051,637,17,620
119900052,60,83,-23
119900053,226,218,8
119900054,108,22,86
119900055,1420,657,763
119900057,303,129,174
119900058,274,2,272
119900059,280,83,197
119900060,233,43,190
119900062,68,55,13
119900063,37,99,-62
119900064,550,142,408
119900065,232,10,222
119900066,5,0,5
119900067,607,60,547
119900068,474,1,473
119900069,108,66,42
119900070,1034,22,1012
119900071,694,30,664
119900073,2458,1023,1435
119900074,138,80,58
119900075,7468,4247,3221
119900076,627,554,73
119900077,887,1633,-746
119900078,932,1187,-255
119900079,264,388,-124
119900080,2000,1904,96
119900081,176,52,124
119900082,1214,188,1026
119900083,491,264,227
119900084,860,464,396
119900085,118,118,0
119900086,8,101,-93
119900087,713,449,264
119900088,36,114,-78
119900089,69,766,-697
119900090,213,103,110
119900091,91,1379,-1288
119900092,414,597,-183
119900093,1365,405,960
119900094,143,289,-146
119900095,244,158,86
119900096,92,204,-112
119900097,892,288,604
119900098,89,84,5
119900099,56,384,-328
119900100,3096,3534,-438
119900101,291,1549,-1258
119900102,69,420,-351
119900103,33,592,-559
119900104,86,379,-293
119900105,1957,2813,-856
119900106,11,201,-190
119900107,488,4114,-3626
119900108,3162,863,2299
119900109,67,252,-185
119900110,698,717,-19
119900111,123,488,-365
119900112,2409,822,1587
119900113,122,493,-371
119900114,283,1844,-1561
119900115,315,1456,-1141
119900116,449,778,-329
119900117,320,1256,-936
119900118,139,1227,-1088
119900119,342,399,-57
119900120,871,932,-61
119900121,414,1634,-1220
119900122,727,554,173
119900123,457,586,-129
119900124,225,1301,-1076
119900125,83,406,-323
119900126,5987,405,5582
119900127,3362,1416,1946
119900128,925,1295,-370
119900129,324,923,-599
119900130,30,349,-319
119900131,55,365,-310
119900132,6,355,-349
119900133,86,175,-89
119900134,2759,403,2356
119900135,4,626,-622
119900136,210,483,-273
119900138,623,713,-90
119900139,234,248,-14
119900140,4,233,-229
119900141,167,1087,-920
119900142,51,109,-58
119900143,24,433,-409
119900144,2137,358,1779
119900145,103,231,-128
119900146,300,555,-255
119900147,5,247,-242
119900148,235,127,108
119900149,1981,4929,-2948
119900150,217,235,-18
119900151,2452,1017,1435
119900152,184,648,-464
119900153,186,150,36
119900154,13,340,-327
119900155,67,59,8
119900156,28,4,24
119900157,189,383,-194
119900158,181,147,34
119900159,5,2130,-2125
119900160,26,346,-320
119900161,253,345,-92
119900162,983,1216,-233
119900163,335,331,4
119900164,0,6,-6
119900165,290,317,-27
119900166,118,84,34
119900167,136,242,-106
119900168,847,760,87
119900169,220,436,-216
119900170,303,412,-109
119900171,3162,707,2455
119900172,328,69,259
119900173,11,676,-665
119900174,8,387,-379
119900175,1406,1246,160
119900177,45,253,-208
119900178,21,244,-223
119900179,109,653,-544
119900180,1170,1250,-80
119900181,96,150,-54
119900182,33,673,-640
119900183,232,928,-696
119900184,3659,808,2851
119900185,73,222,-149
119900186,147,1095,-948
119900187,32,703,-671
119900188,137,635,-498
119900189,927,615,312
119900190,72,438,-366
119900191,436,215,221
119900192,100,270,-170
119900193,377,342,35
119900194,40,136,-96
119900195,117,393,-276
119900196,2332,743,1589
119900197,232,202,30
119900198,1446,453,993
119900199,199,34,165
119900200,1189,1098,91
119900201,572,383,189
119900202,312,272,40
119900203,268,868,-600
119900204,286,449,-163
119900205,789,835,-46
119900206,214,187,27
119900208,260,342,-82
119900209,599,1420,-821
119900210,45,80,-35
119900211,130,22,108
119900212,255,528,-273
119900213,16,130,-114
119900214,47,132,-85
119900215,61,109,-48
119900216,20,128,-108
119900217,14,73,-59
119900218,228,101,127
119900219,37,151,-114
119900220,20,147,-127
119900221,54,422,-368
119900222,12,367,-355
119900223,26,122,-96
119900224,19,47,-28
119900225,1433,81,1352
119900226,742,2497,-1755
119900227,1487,523,964
119900228,1058,490,568
119900229,411,552,-141
119900230,2171,963,1208
119900231,275,373,-98
119900232,362,168,194
119900233,121,8,113
119900234,52,113,-61
119900235,47,140,-93
119900236,121,319,-198
119900237,87,793,-706
119900238,11,110,-99
119900240,208,257,-49
119900241,276,506,-230
119900242,2091,1903,188
119900244,998,2179,-1181
119900245,221,299,-78
119900246,454,843,-389
119900247,31,128,-97
119900248,105,258,-153
119900249,302,162,140
119900253,4273,620,3653
119900254,114,786,-672
119900255,169,704,-535
119900256,671,1486,-815
119900257,58,4,54
119900258,197,15,182
119900259,16,223,-207
119900260,147,5,142
119900261,1025,275,750
119900262,2,386,-384
119900263,1295,565,730
119900264,125,329,-204
119900265,961,718,243
119900266,380,433,-53
119900267,325,716,-391
119900268,719,298,421
119900269,1496,2167,-671
119900271,47,185,-138
119900272,424,143,281
119900275,169,18,151
119900276,54,5,49
119900277,10,10,0
119900278,365,167,198
119900279,214,753,-539
119900280,1049,286,763
119900281,0,229,-229
119900282,141,115,26
119900283,14,423,-409
119900284,67,346,-279
119900285,289,319,-30
119900286,30,90,-60
119900288,0,32,-32
119900289,0,52,-52
119900290,4,29,-25
119900291,2,114,-112
119900292,60,76,-16
119900293,21,104,-83
119900294,48,155,-107
119900295,16,44,-28
119900296,102,397,-295
119900297,0,26,-26
119900298,7,12,-5
119900299,396,292,104
119900300,1221,292,929
119900301,193,82,111
119900302,205,209,-4
119900303,660,801,-141
119900304,463,178,285
119900305,34,175,-141
119900306,28,4,24
119900307,92,239,-147
119900308,30,42,-12
119900309,59,223,-164
119900310,346,440,-94
119900311,80,179,-99
119900312,182,135,47
119900313,375,458,-83
119900314,196,616,-420
119900315,1622,3432,-1810
119900318,26,44,-18
119900319,29,406,-377
119900320,221,858,-637
119900321,86,5,81
119900322,7,10,-3
119900323,0,14,-14
119900324,0,7,-7
119900325,1,34,-33
120000001,7995,15650,-7655
120000002,3736,3759,-23
120000003,4802,2188,2614
120000004,3300,2957,343
120000005,5912,2963,2949
120000006,1497,1874,-377
120000007,5095,3988,1107
120000008,1228,1892,-664
120000009,4523,1261,3262
120000010,2387,3406,-1019
120000011,1975,2701,-726
120000012,1934,3825,-1891
120000013,3425,3721,-296
120000014,921,2105,-1184
120000015,3147,1980,1167
120000016,4012,2677,1335
120000017,5281,2993,2288
120000018,4812,11938,-7126
120000019,1119,1704,-585
120000020,3816,3768,48
120000021,2360,3045,-685
120000022,3634,4925,-1291
120000023,1225,2251,-1026
120000024,1823,3218,-1395
120000025,3246,2912,334
120000026,1874,2188,-314
120000027,2090,2608,-518
120000028,1286,914,372
120000029,7067,1066,6001
120000030,5959,1535,4424
120000031,3282,10456,-7174
120000032,10615,5957,4658
120000033,5804,2828,2976
120000034,2110,3010,-900
120000035,1951,2801,-850
120000036,3226,6270,-3044
120000037,810,1755,-945
120000038,9614,5063,4551
120000039,795,1221,-426
120000040,1221,406,815
120000041,3008,2217,791
120000042,4470,3440,1030
120000043,6425,2776,3649
120000044,5755,2533,3222
120000045,5868,1675,4193
120000046,3102,3773,-671
120000047,1798,6663,-4865
120000048,9848,5139,4709
120000049,3736,3656,80
120000050,4816,5317,-501
120000051,3757,5557,-1800
120000052,11762,3124,8638
120000053,1425,3496,-2071
120000054,1811,5737,-3926
120000055,2397,6609,-4212
120000056,4918,5050,-132
120000057,4595,993,3602
120000058,5429,849,4580
120000059,75,2143,-2068
120000061,208,825,-617
120000062,264,465,-201
120000063,2066,3436,-1370
120000064,350,1618,-1268
120000065,1989,2457,-468
120000066,697,725,-28
120000067,317,701,-384
120000068,260,1452,-1192
120000069,1006,2102,-1096
120000070,77,1238,-1161
120000071,431,238,193
120000072,739,645,94
120000073,858,156,702
120000074,650,156,494
120000075,1493,461,1032
120000076,4554,647,3907
120000077,3004,920,2084
120000078,4050,1437,2613
120000079,218,237,-19
120000080,105,338,-233
120000081,477,317,160
120000082,247,266,-19
120000083,85,705,-620
120000084,460,468,-8
120000085,519,374,145
120000086,423,606,-183
120000087,228,894,-666
120000088,1276,1708,-432
120000089,1287,1082,205
120000090,918,736,182
120000091,1953,1634,319
120000092,1685,952,733
120000093,484,739,-255
120000094,152,941,-789
120000095,1445,798,647
120000096,278,1231,-953
120000098,1897,1554,343
120000099,913,1070,-157
120000100,943,1309,-366
120000101,650,712,-62
120000102,726,1017,-291
120000103,1860,1099,761
120000104,1854,627,1227
120000105,2887,975,1912
120000106,2839,880,1959
120000107,3959,915,3044
120000108,1652,224,1428
120000109,1415,131,1284
120000110,124,1222,-1098
120000111,530,1476,-946
120000112,1060,4300,-3240
120000113,932,3038,-2106
120000114,1152,3899,-2747
120000115,529,3233,-2704
120000116,1060,2715,-1655
120000117,1534,2095,-561
120000118,55,29,26
120000119,23,84,-61
120000120,89,67,22
120000121,45,78,-33
120000122,327,388,-61
120000123,7495,5832,1663
120000124,560,537,23
120000125,634,886,-252
120000126,440,986,-546
120000127,3763,1197,2566
120000128,4574,4152,422
120000129,363,414,-51
120000130,1305,802,503
120000131,348,834,-486
120000134,478,1693,-1215
120000135,530,840,-310
120000137,335,2254,-1919
120000138,904,795,109
120000139,445,1109,-664
120000140,937,822,115
120000141,1837,751,1086
120000142,1822,910,912
120000143,1,169,-168
120000144,162,6,156
120000145,400,0,400
120000146,1859,1175,684
120000149,787,1820,-1033
120000150,4936,15436,-10500
120000151,509,682,-173
120000152,660,327,333
120000153,375,872,-497
120000154,510,553,-43
120000155,126,383,-257
120000156,1322,1695,-373
120000157,1479,1195,284
120000158,1290,1161,129
120000159,2234,3379,-1145
120000160,2641,1898,743
120000161,2338,3017,-679
120000162,99,324,-225
120000163,817,2239,-1422
120000164,498,784,-286
120000165,604,1560,-956
120000166,1538,1128,410
120000167,82,123,-41
120000168,35,407,-372
120000169,76,1179,-1103
120000170,59,840,-781
120000171,25,288,-263
120000172,35,126,-91
120000173,3533,836,2697
120000174,1312,44,1268
120000175,534,41,493
120000176,668,42,626
120000177,2346,159,2187
120000178,379,15,364
120000179,598,37,561
120000180,1553,117,1436
120000181,230,821,-591
120000182,104,438,-334
120000183,33,425,-392
120000184,158,1241,-1083
120000186,105,276,-171
120000187,62,122,-60
120000188,279,247,32
120000190,1727,37,1690
120000191,1865,51,1814
120000192,1724,30,1694
120000193,650,8,642
120000195,155,0,155
120000196,530,51,479
120000197,217,168,49
120000198,190,146,44
120000199,124,0,124
120000200,112,1,111
120000201,12,32,-20
120000202,2,66,-64
120000203,57,360,-303
120000207,4,115,-111
120000208,16,288,-272
120000209,4,106,-102
120000210,163,177,-14
120000211,125,2,123
120000212,146,1,145
120000213,202,432,-230
120000214,0,547,-547
120000215,4,224,-220
120000216,75,21,54
120000217,860,1356,-496
120000218,232,1039,-807
120000219,7,615,-608
120000220,19,2311,-2292
120000225,1923,7,1916
120000226,397,5,392
120000227,912,61,851
120000228,9283,3984,5299
120000230,416,22,394
120000231,1418,2897,-1479
120000233,329,2,327
120000235,294,929,-635
120000236,1544,2,1542
120000237,3,1941,-1938
120000238,1,736,-735
120000241,1503,4398,-2895
120000412,1451,32,1419
120000413,554,236,318
120000414,146,7,139
120000415,3,143,-140
120000416,551,12,539
120000417,5,116,-111
120000418,127,22,105
120000419,10,296,-286
120000420,48,43,5
120000421,14538,7829,6709
120000422,197,1319,-1122
120000423,3,62,-59
120000424,87,210,-123
120000436,151,768,-617
120000437,140,187,-47
120000438,4104,446,3658
120000439,282,582,-300
120000443,202,1,201
120000444,1817,967,850
120000445,2623,1435,1188
120000446,912,283,629
120000447,264,5,259
120000449,93,4,89
120000450,2,282,-280
120000451,206,295,-89
120000452,188,3,185
120000453,0,432,-432
120000454,64,54,10
120000455,120,80,40
120000456,3092,4556,-1464
120000457,1904,842,1062
120000458,935,1040,-105
120000459,124,97,27
120000665,2054,358,1696
120000668,186,560,-374
120000669,67,273,-206
120000670,303,624,-321
120000671,2386,578,1808
120000672,152,676,-524
120900001,105,90,15
120900002,577,636,-59
120900003,378,42,336
120900004,13,90,-77
120900005,3,1430,-1427
120900006,486,362,124
120900007,215,136,79
120900008,285,1580,-1295
120900009,681,38,643
120900010,519,110,409
120900011,424,187,237
120900012,699,1787,-1088
120900013,497,111,386
120900014,6,840,-834
120900015,2480,152,2328
120900016,925,111,814
120900017,3494,241,3253
120900018,137,700,-563
120900019,680,325,355
120900020,967,1532,-565
120900021,677,201,476
120900022,38,485,-447
120900023,468,80,388
120900024,2945,807,2138
120900025,2571,1625,946
120900026,384,344,40
120900027,1012,30,982
120900028,438,112,326
120900029,263,462,-199
120900030,1388,931,457
120900031,268,124,144
120900032,1102,203,899
120900033,1449,96,1353
120900034,31,3287,-3256
120900035,92,330,-238
120900037,294,12,282
120900038,66,272,-206
120900039,108,36,72
120900040,367,11,356
120900041,188,38,150
120900042,515,87,428
120900043,131,38,93
120900044,23,557,-534
120900045,246,213,33
120900046,1097,7,1090
120900047,204,100,104
120900048,113,27,86
120900049,429,9,420
120900050,3490,1413,2077
120900051,401,179,222
120900052,796,9,787
120900053,375,182,193
120900054,2454,919,1535
120900055,416,6,410
120900056,532,21,511
120900057,150,20,130
120900058,444,1,443
120900059,105,6,99
120900060,97,66,31
120900061,367,395,-28
120900062,232,1,231
120900063,467,9,458
120900064,513,0,513
120900065,451,26,425
120900066,305,356,-51
120900067,163,51,112
120900068,318,1,317
120900069,223,74,149
120900071,28,12,16
120900072,661,3,658
120900073,445,279,166
120900074,572,8,564
120900076,373,1,372
120900077,4725,609,4116
120900078,693,1108,-415
120900079,765,160,605
120900080,681,2517,-1836
120900081,904,1055,-151
120900082,970,864,106
120900083,88,3,85
120900084,309,425,-116
120900085,168,169,-1
120900086,166,444,-278
120900087,453,376,77
120900088,225,455,-230
120900089,4733,3210,1523
120900090,223,238,-15
120900091,662,1056,-394
120900092,1791,739,1052
120900093,3389,350,3039
120900094,659,264,395
120900095,731,47,684
120900096,64,297,-233
120900097,908,1050,-142
120900098,418,353,65
120900099,105,108,-3
120900100,240,375,-135
120900101,1020,499,521
120900102,60,143,-83
120900103,80,288,-208
120900104,46,73,-27
120900105,81,794,-713
120900106,1812,738,1074
120900107,387,250,137
120900108,15,845,-830
120900109,82,895,-813
120900110,31,1040,-1009
120900111,228,513,-285
120900112,24,1191,-1167
120900113,31,1236,-1205
120900114,93,199,-106
120900115,226,331,-105
120900116,419,719,-300
120900117,8,739,-731
120900118,19,938,-919
120900119,5488,7933,-2445
120900120,85,766,-681
120900121,327,766,-439
120900122,513,825,-312
120900123,5,593,-588
120900124,2,879,-877
120900125,17,1203,-1186
120900126,2357,1641,716
120900127,18,555,-537
120900128,1561,2008,-447
120900129,120,539,-419
120900130,31,647,-616
120900131,58,164,-106
120900132,832,417,415
120900133,314,1355,-1041
120900134,1006,632,374
120900135,9,839,-830
120900136,63,210,-147
120900137,251,182,69
120900138,35,300,-265
120900139,5,986,-981
120900140,4,187,-183
120900141,246,316,-70
120900142,27,802,-775
120900143,3,1316,-1313
120900144,0,258,-258
120900145,1324,1096,228
120900146,2,1427,-1425
120900147,0,618,-618
120900148,159,201,-42
120900149,0,401,-401
120900150,66,747,-681
120900151,1,857,-856
120900152,7,67,-60
120900153,37,154,-117
120900154,11,409,-398
120900155,209,1423,-1214
120900156,63,490,-427
120900157,87,369,-282
120900158,94,944,-850
120900159,92,356,-264
120900160,61,1137,-1076
120900161,65,706,-641
120900162,35,735,-700
120900163,51,564,-513
120900164,3,10,-7
120900165,2,27,-25
120900166,129,354,-225
120900167,563,237,326
120900169,89,568,-479
120900170,2127,3133,-1006
120900171,1647,497,1150
120900172,2486,874,1612
120900173,8,81,-73
120900174,8,166,-158
120900175,398,279,119
120900176,18,410,-392
120900177,1,1273,-1272
120900178,2,471,-469
120900179,1376,659,717
120900180,107,199,-92
120900181,320,86,234
120900182,21,424,-403
120900183,419,64,355
120900184,256,111,145
120900185,14,865,-851
120900186,2,609,-607
120900187,569,1619,-1050
120900188,169,28,141
120900189,198,1144,-946
120900190,84,10,74
120900191,14,33,-19
120900192,14459,7834,6625
120900194,40,146,-106
120900195,182,468,-286
120900196,1001,42,959
120900197,927,162,765
120900198,422,757,-335
120900199,881,2371,-1490
120900200,151,120,31
120900201,691,260,431
120900202,7,268,-261
120900203,26,152,-126
120900204,212,354,-142
120900205,60,68,-8
120900206,37,144,-107
121000001,1020,1338,-318
121000002,2822,1845,977
121000003,4122,2430,1692
121000004,4026,5057,-1031
121000005,2482,3457,-975
121000006,4952,2031,2921
121000007,3214,3371,-157
121000008,6298,4089,2209
121000009,7400,6898,502
121000010,10412,7173,3239
121000011,12213,15773,-3560
121000012,21056,13254,7802
121000013,6036,9028,-2992
121000014,7917,7009,908
121000015,4935,9041,-4106
121000016,5474,4106,1368
121000017,2800,5288,-2488
121000018,3347,2878,469
121000019,25623,15916,9707
121000020,17820,21436,-3616
121000021,6131,4176,1955
121000022,6934,3676,3258
121000023,8048,4647,3401
121000024,8063,7211,852
121000025,894,1616,-722
121000026,374,176,198
121000027,1793,1400,393
121000028,1020,697,323
121000029,1193,1036,157
121000030,832,734,98
121000031,852,858,-6
121000032,311,165,146
121000034,562,308,254
121000035,307,142,165
121000036,1191,1125,66
121000037,724,946,-222
121000038,750,947,-197
121000039,681,652,29
121000041,824,599,225
121000042,586,448,138
121000043,854,782,72
121000044,1780,1094,686
121000045,776,439,337
121000046,1002,1334,-332
121000047,303,128,175
121000049,2633,786,1847
121000050,488,1463,-975
121000051,955,399,556
121000052,721,983,-262
121000053,697,94,603
121000054,39,451,-412
121000055,1536,1250,286
121000056,1098,1406,-308
121000057,467,738,-271
121000058,547,240,307
121000059,2858,1855,1003
121000060,772,1404,-632
121000061,221,345,-124
121000062,325,518,-193
121000063,1179,852,327
121000064,959,1180,-221
121000065,442,617,-175
121000066,825,864,-39
121000067,1132,746,386
121000068,933,614,319
121000069,1362,888,474
121000070,3480,1855,1625
121000071,2893,1726,1167
121000072,4717,1084,3633
121000073,2906,1242,1664
121000074,910,203,707
121000075,122,426,-304
121000076,1833,623,1210
121000077,199,217,-18
121000078,155,209,-54
121000080,2902,975,1927
121000081,5824,4637,1187
121000082,113,335,-222
121000083,262,223,39
121000084,203,187,16
121000085,382,531,-149
121000086,248,1092,-844
121000087,75,481,-406
121000088,569,804,-235
121000089,602,444,158
121000090,554,466,88
121000091,2001,1035,966
121000092,204,97,107
121000093,183,309,-126
121000094,617,1091,-474
121000095,418,1028,-610
121000096,2524,3234,-710
121000097,1581,2655,-1074
121000098,828,1485,-657
121000099,709,1015,-306
121000100,1010,696,314
121000101,485,423,62
121000102,367,618,-251
121000103,350,416,-66
121000104,302,344,-42
121000105,654,588,66
121000106,639,544,95
121000107,2440,4259,-1819
121000109,1772,1403,369
121000110,453,863,-410
121000114,3153,2399,754
121000115,1209,1082,127
121000116,292,1240,-948
121000117,948,303,645
121000118,1729,283,1446
121000119,821,494,327
121000120,369,791,-422
121000121,801,1631,-830
121000123,2705,809,1896
121000126,194,406,-212
121000127,327,132,195
121000128,1179,851,328
121000129,1062,995,67
121000130,721,1326,-605
121000131,4101,2907,1194
121000132,2337,2464,-127
121000135,719,1191,-472
121000136,2782,1013,1769
121000137,659,393,266
121000138,1713,1245,468
121000139,1003,276,727
121000141,394,341,53
121000142,1001,1327,-326
121000143,181,36,145
121000144,1665,2557,-892
121000145,873,1832,-959
121000146,1350,1219,131
121000147,1348,933,415
121000148,1341,1784,-443
121000149,2520,1956,564
121000152,1025,780,245
121000153,3019,1079,1940
121000154,1188,962,226
121000155,1705,1414,291
121000156,515,1308,-793
121000157,1573,2765,-1192
121000158,736,821,-85
121000159,209,623,-414
121000160,370,600,-230
121000161,277,502,-225
121000162,126,340,-214
121000165,2376,2268,108
121000166,29,690,-661
121000168,622,506,116
121000169,100,255,-155
121000170,516,165,351
121000171,108,240,-132
121000172,1345,779,566
121000173,2143,1598,545
121000174,490,611,-121
121000175,1038,553,485
121000176,483,300,183
121000177,1275,922,353
121000178,164,92,72
121000179,204,92,112
121000181,536,670,-134
121000182,210,332,-122
121000183,429,186,243
121000184,489,286,203
121000185,58,233,-175
121000186,270,722,-452
121000187,293,323,-30
121000188,219,328,-109
121000192,1085,562,523
121000193,811,744,67
121000194,3565,2988,577
121000195,384,996,-612
121000196,923,315,608
121000197,305,1080,-775
121000198,330,145,185
121000199,236,518,-282
121000200,796,100,696
121000201,21,287,-266
121000202,1068,169,899
121000203,1078,3007,-1929
121000204,2850,1143,1707
121000205,254,402,-148
121000206,336,53,283
121000207,3418,543,2875
121000208,20,564,-544
121000209,492,476,16
121000210,655,582,73
121000211,381,285,96
121000212,406,885,-479
121000213,12740,3624,9116
121000214,1096,3511,-2415
121000215,1383,1276,107
121000216,571,976,-405
121000217,5213,3034,2179
121000218,638,2021,-1383
121000219,2279,562,1717
121000220,281,69,212
121000221,169,257,-88
121000222,3184,2799,385
121000223,858,420,438
121000224,392,178,214
121000225,2147,1741,406
121000226,5695,1360,4335
121000227,11,227,-216
121000228,12,777,-765
121000229,381,442,-61
121000230,62,1586,-1524
121000231,1227,76,1151
121000232,404,385,19
121000233,732,496,236
121000234,49,52,-3
121000235,117,84,33
121000236,15,90,-75
121000237,48,22,26
121000238,6,108,-102
121000239,109,12,97
121000240,29,236,-207
121000241,129,24,105
121000242,53,344,-291
121000243,636,204,432
121000244,30,106,-76
121000245,170,37,133
121000246,2,123,-121
121000247,143,8,135
121000248,2070,677,1393
121000249,167,373,-206
121000250,939,215,724
121000251,25,558,-533
121000252,136,108,28
121000253,546,549,-3
121000254,1155,362,793
121000255,1678,281,1397
121000256,1891,557,1334
121000257,276,138,138
121000258,335,102,233
121000259,124,94,30
121000260,172,165,7
121000261,233,59,174
121000262,1168,1170,-2
121000263,1499,547,952
121000271,416,1739,-1323
121000273,146,3,143
121000274,15,42,-27
121000275,3,25,-22
121000276,9,8,1
121000278,73,41,32
121000279,142,27,115
121000280,540,77,463
121000289,348,49,299
121000290,1548,1265,283
121000294,199,279,-80
121000297,1091,1481,-390
121000299,248,460,-212
121000300,1213,981,232
121000302,122,1772,-1650
121000303,623,831,-208
121000304,642,55,587
121000305,187,45,142
121000306,84,144,-60
121000308,240,536,-296
121000309,495,742,-247
121000310,186,533,-347
121000311,121,1494,-1373
121000312,448,273,175
121000313,464,788,-324
121000314,192,209,-17
121000315,98,182,-84
121000530,1739,1824,-85
121000531,4506,2089,2417
121000532,8500,9355,-855
121000533,3624,4234,-610
121000918,121,256,-135
121000919,108,45,63
121000938,296,601,-305
121000939,480,578,-98
121000956,1545,1630,-85
121000957,14,23,-9
121000958,124,83,41
121000959,801,1196,-395
121000960,4021,2981,1040
121000961,265,237,28
121000962,348,858,-510
121000973,1,192,-191
121000976,47,284,-237
121000979,634,274,360
121000981,401,322,79
121000982,325,221,104
121000983,534,724,-190
121000984,110,105,5
121000985,700,708,-8
121000986,635,308,327
121000987,350,1332,-982
121000988,829,216,613
121001302,470,178,292
121001308,7,16,-9
121001309,126,156,-30
121001313,354,276,78
121001314,2873,4264,-1391
121001315,5364,3224,2140
121900001,341,242,99
121900002,119,30,89
121900003,410,36,374
121900004,225,518,-293
121900005,29,8,21
121900006,180,34,146
121900007,2424,3268,-844
121900008,2725,972,1753
121900009,759,27,732
121900010,243,2,241
121900011,540,701,-161
121900012,11,1,10
121900013,1976,102,1874
121900014,1502,467,1035
121900015,200,341,-141
121900016,14,45,-31
121900017,2545,648,1897
121900018,347,8,339
121900019,474,395,79
121900020,34,3,31
121900021,847,24,823
121900022,392,262,130
121900023,196,397,-201
121900024,527,117,410
121900025,766,488,278
121900026,479,62,417
121900027,525,276,249
121900028,399,24,375
121900029,179,273,-94
121900030,561,731,-170
121900031,1558,7431,-5873
121900032,190,119,71
121900033,182,229,-47
121900034,397,102,295
121900035,3514,3166,348
121900036,115,372,-257
121900037,248,976,-728
121900038,52,255,-203
121900039,565,71,494
121900040,83,128,-45
121900041,124,206,-82
121900042,389,157,232
121900043,35,15,20
121900044,257,93,164
121900046,504,593,-89
121900047,244,78,166
121900048,58,210,-152
121900050,48,80,-32
121900051,191,219,-28
121900052,221,68,153
121900053,1655,491,1164
121900054,1031,1333,-302
121900055,20,47,-27
121900058,242,285,-43
121900059,631,252,379
121900060,228,430,-202
121900061,758,276,482
121900062,275,199,76
121900063,1859,487,1372
121900064,375,976,-601
121900066,84,74,10
121900067,155,98,57
121900069,254,176,78
121900070,468,148,320
121900071,478,585,-107
121900072,54,225,-171
121900073,349,307,42
121900074,1159,1339,-180
121900075,525,463,62
121900076,493,881,-388
121900077,35,73,-38
121900078,332,57,275
121900079,0,2,-2
121900080,1350,822,528
121900082,88,143,-55
121900084,32,220,-188
121900085,7,35,-28
121900086,17,73,-56
121900087,236,139,97
121900088,2834,4108,-1274
121900089,192,497,-305
121900090,343,124,219
121900091,71,221,-150
121900092,134,144,-10
121900093,93,136,-43
121900094,27,9,18
121900095,273,174,99
121900096,1728,1436,292
121900097,633,493,140
121900098,13,10,3
121900099,258,113,145
121900100,415,728,-313
121900101,187,244,-57
121900102,12,207,-195
121900103,995,341,654
121900104,2274,403,1871
121900105,276,388,-112
121900106,9,12,-3
121900107,49,60,-11
121900108,13,57,-44
121900109,264,199,65
121900110,603,1239,-636
121900111,1418,202,1216
121900112,258,216,42
121900113,85,425,-340
121900114,159,162,-3
121900117,685,96,589
121900118,3009,972,2037
121900119,470,154,316
121900120,49,1786,-1737
121900121,697,63,634
121900122,40,112,-72
121900123,568,434,134
121900124,417,205,212
121900125,2353,1569,784
121900127,10,164,-154
121900128,115,232,-117
121900129,938,211,727
121900130,127,313,-186
121900131,881,110,771
121900132,103,163,-60
121900133,97,833,-736
121900134,55,238,-183
121900135,3246,646,2600
121900136,1334,547,787
121900137,60,489,-429
121900138,242,334,-92
121900139,385,512,-127
121900140,73,379,-306
121900141,71,78,-7
121900142,252,325,-73
121900143,39,234,-195
121900144,142,382,-240
121900145,497,391,106
121900146,668,1248,-580
121900147,85,207,-122
121900148,280,418,-138
121900149,488,1077,-589
121900150,79,190,-111
121900151,109,289,-180
121900152,106,209,-103
121900153,164,886,-722
121900154,25,310,-285
121900155,5,243,-238
121900156,258,141,117
121900157,2,589,-587
121900158,94,161,-67
121900159,2,347,-345
121900160,91,428,-337
121900161,530,498,32
121900162,99,241,-142
121900163,464,1274,-810
121900164,689,287,402
121900165,546,288,258
121900166,281,258,23
121900167,106,174,-68
121900168,231,363,-132
121900169,4,295,-291
121900170,10,322,-312
121900171,1285,840,445
121900172,1151,364,787
121900173,1785,331,1454
121900174,51,143,-92
121900175,236,304,-68
121900176,1005,1826,-821
121900177,358,111,247
121900178,71,69,2
121900179,1163,300,863
121900180,6155,5332,823
121900182,811,385,426
121900183,970,1171,-201
121900184,96,1153,-1057
121900186,10,464,-454
121900187,69,305,-236
121900188,709,787,-78
121900189,52,175,-123
121900190,500,558,-58
121900191,273,248,25
121900192,408,742,-334
121900193,67,232,-165
121900194,19,297,-278
121900195,116,207,-91
121900196,1536,1493,43
121900197,793,2030,-1237
121900198,1402,1120,282
121900199,5,31,-26
121900200,108,439,-331
121900201,1471,1066,405
121900202,354,855,-501
121900203,349,1141,-792
121900204,1044,1844,-800
121900205,24,160,-136
121900206,26,36,-10
121900207,151,35,116
121900208,271,403,-132
121900209,122,70,52
121900210,1312,1276,36
121900211,18,144,-126
121900212,724,171,553
121900213,201,92,109
121900214,7,662,-655
121900215,69,168,-99
121900216,69,192,-123
121900217,334,194,140
121900218,291,498,-207
121900220,271,20,251
121900221,409,904,-495
121900222,221,228,-7
121900223,195,82,113
121900224,134,75,59
121900225,210,110,100
121900226,400,1446,-1046
121900227,702,751,-49
121900228,363,615,-252
121900230,165,548,-383
121900231,686,2781,-2095
121900232,412,576,-164
121900233,286,342,-56
121900234,373,454,-81
121900235,679,293,386
121900236,808,332,476
121900237,309,327,-18
121900238,188,365,-177
121900239,666,61,605
121900240,367,182,185
121900241,64,85,-21
121900242,11,0,11
121900243,28,1,27
121900244,135,5,130
121900245,235,122,113
121900246,2211,385,1826
121900247,967,338,629
121900248,1973,1975,-2
121900250,348,367,-19
121900251,480,101,379
121900252,861,190,671
121900253,176,874,-698
121900254,566,384,182
121900255,397,142,255
121900258,4038,2742,1296
121900259,515,730,-215
121900260,186,278,-92
121900261,228,870,-642
121900262,551,1351,-800
121900263,638,402,236
121900264,2610,2068,542
121900265,311,361,-50
121900266,635,213,422
121900267,114,61,53
121900269,369,1177,-808
121900270,29,266,-237
121900271,70,262,-192
121900273,554,1986,-1432
121900274,307,375,-68
121900277,709,1737,-1028
121900278,189,1157,-968
121900279,231,250,-19
121900280,286,466,-180
121900281,862,526,336
121900284,256,24,232
121900286,1664,236,1428
121900287,29,100,-71
121900290,277,440,-163
121900291,356,746,-390
121900292,209,147,62
121900293,1229,3180,-1951
121900294,294,8,286
121900295,168,307,-139
121900296,140,252,-112
121900298,291,707,-416
121900299,2,2,0
121900300,147,5,142
121900301,146,12,134
121900302,2,28,-26
121900303,508,527,-19
121900304,7,15,-8
121900305,3,22,-19
121900306,188,8,180
121900307,93,43,50
121900308,59,394,-335
121900309,29,373,-344
121900310,63,678,-615
121900311,448,40,408
121900312,442,21,421
121900313,439,53,386
121900314,2,85,-83
121900315,9,0,9
121900316,2,15,-13
121900317,13,1,12
121900318,4,52,-48
121900319,23,186,-163
121900320,67,97,-30
121900321,21,9,12
121900322,7,30,-23
121900323,9,23,-14
121900324,2,67,-65
121900325,12,0,12
121900326,15,34,-19
121900327,13,105,-92
121900328,0,51,-51
121900329,7,233,-226
121900330,0,26,-26
121900331,149,70,79
121900332,109,30,79
121900333,22,10,12
122000001,3447,5712,-2265
122000002,6859,2689,4170
122000003,3941,3089,852
122000004,5258,2374,2884
122000005,3495,2171,1324
122000006,2495,1027,1468
122000007,1539,2267,-728
122000008,5972,6567,-595
122000009,566,419,147
122000010,2464,3290,-826
122000011,3984,1838,2146
122000012,1560,1615,-55
122000013,1748,1123,625
122000014,1700,1538,162
122000015,1880,1291,589
122000016,751,1124,-373
122000017,1424,1327,97
122000018,1842,1446,396
122000019,997,1562,-565
122000020,264,277,-13
122000021,419,688,-269
122000022,1475,1292,183
122000023,820,2242,-1422
122000024,885,1489,-604
122000025,1508,2071,-563
122000026,1529,1242,287
122000027,792,3301,-2509
122000028,1047,565,482
122000029,611,581,30
122000030,396,188,208
122000031,463,313,150
122000032,1930,2292,-362
122000033,959,1307,-348
122000034,930,698,232
122000035,411,933,-522
122000036,782,797,-15
122000037,418,304,114
122000038,320,484,-164
122000039,861,525,336
122000040,465,358,107
122000041,635,629,6
122000042,381,690,-309
122000043,169,170,-1
122000044,185,191,-6
122000045,1316,513,803
122000046,930,827,103
122000047,367,278,89
122000048,7353,5988,1365
122000049,8061,4187,3874
122000050,1931,972,959
122000051,424,336,88
122000052,830,485,345
122000053,345,891,-546
122000054,3081,2456,625
122000055,2818,3529,-711
122000056,6603,4425,2178
122000057,5081,4299,782
122000058,3813,1529,2284
122000059,4176,2158,2018
122000060,889,791,98
122000061,762,564,198
122000062,1350,383,967
122000063,2160,927,1233
122000064,3924,3015,909
122000065,5413,3212,2201
122000066,1402,1116,286
122000067,2156,1514,642
122000068,2633,1667,966
122000069,1079,846,233
122000070,1790,2382,-592
122000071,1812,1663,149
122000072,423,461,-38
122000073,462,730,-268
122000074,3374,2004,1370
122000075,1106,1526,-420
122000076,2769,1367,1402
122000077,1543,934,609
122000078,2966,2722,244
122000079,3130,1587,1543
122000080,1017,480,537
122000081,272,526,-254
122000082,1061,1002,59
122000083,1890,2674,-784
122000084,2325,1113,1212
122000085,555,1689,-1134
122000086,2759,6000,-3241
122000087,714,277,437
122000088,643,573,70
122000089,7265,3167,4098
122000090,341,545,-204
122000091,292,90,202
122000092,204,37,167
122000093,2035,1739,296
122000094,8448,2890,5558
122000095,4949,4777,172
122000096,3562,2168,1394
122000098,5027,2500,2527
122000099,2085,803,1282
122000100,1095,762,333
122000101,463,891,-428
122000102,2451,1626,825
122000103,2610,2251,359
122000104,865,274,591
122000105,2100,358,1742
122000106,641,785,-144
122000107,1502,593,909
122000108,628,1088,-460
122000109,507,355,152
122000110,685,683,2
122000111,3255,1712,1543
122000112,1070,1682,-612
122000113,718,862,-144
122000114,3619,1629,1990
122000115,2447,1645,802
122000116,1186,728,458
122000117,4661,743,3918
122000118,916,1542,-626
122000119,4899,3999,900
122000120,3210,7295,-4085
122000121,3416,5966,-2550
122000122,1207,3313,-2106
122000123,2485,3182,-697
122000124,1436,1146,290
122000125,1208,1125,83
122000126,953,2726,-1773
122000127,1485,2855,-1370
122000128,687,1418,-731
122000129,956,1768,-812
122000130,4491,2341,2150
122000131,2012,2569,-557
122000132,789,760,29
122000133,1181,2333,-1152
122000134,1074,1278,-204
122000135,960,1468,-508
122000136,1145,1150,-5
122000137,2126,1751,375
122000139,1677,4174,-2497
122000140,1220,801,419
122000141,6057,1337,4720
122000142,660,1213,-553
122000143,646,709,-63
122000144,2147,2388,-241
122000145,2867,1207,1660
122000146,2740,1689,1051
122000147,1050,597,453
122000148,2636,2484,152
122000149,2888,2598,290
122000150,1540,1416,124
122000151,307,496,-189
122000152,513,598,-85
122000153,589,420,169
122000154,404,360,44
122000155,2756,2986,-230
122000156,3232,2651,581
122000157,1905,2323,-418
122000158,398,999,-601
122000159,1214,2740,-1526
122000160,5412,3974,1438
122000161,1548,1460,88
122000162,3582,2564,1018
122000163,385,107,278
122000164,55,97,-42
122000165,1156,750,406
122000166,1140,1104,36
122000167,308,284,24
122000168,260,671,-411
122000169,524,238,286
122000170,423,388,35
122000171,54,121,-67
122000172,1960,1694,266
122000173,1897,2922,-1025
122000174,2906,1082,1824
122000175,1218,429,789
122000176,353,897,-544
122000177,1752,1590,162
122000178,3103,2920,183
122000179,2016,2809,-793
122000180,2130,1662,468
122000181,2286,3921,-1635
122000182,2599,2181,418
122000183,2381,1189,1192
122000184,3655,2533,1122
122000185,1670,1479,191
122000186,495,927,-432
122000187,2048,1472,576
122000188,598,249,349
122000189,330,401,-71
122000190,1182,1296,-114
122000191,952,1030,-78
122000192,1401,518,883
122000193,490,943,-453
122000194,849,225,624
122000195,189,592,-403
122000196,1513,862,651
122000197,718,1118,-400
122000198,573,1026,-453
122000199,398,410,-12
122000200,1209,739,470
122000201,1593,1563,30
122000202,1527,1506,21
122000203,7093,2236,4857
122000204,2408,2884,-476
122000205,2052,2057,-5
122000206,2900,1325,1575
122000207,2472,1886,586
122000208,2848,1959,889
122000209,2439,411,2028
122000210,2632,2349,283
122000211,2070,1463,607
122000212,1087,735,352
122000213,1384,1751,-367
122000214,2901,2412,489
122000215,2340,1916,424
122000217,3869,1726,2143
122000218,808,81,727
122000219,1669,1319,350
122000220,537,948,-411
122000221,113,579,-466
122000222,791,186,605
122000223,2500,737,1763
122000225,1369,440,929
122000226,3297,2323,974
122000227,461,3091,-2630
122000228,889,689,200
122000229,279,737,-458
122000230,430,835,-405
122000231,1774,1157,617
122000232,1074,1392,-318
122000233,0,135,-135
122000234,503,218,285
122000235,1751,244,1507
122000236,1324,180,1144
122000237,285,144,141
122000238,1041,397,644
122000239,2591,251,2340
122000240,1627,976,651
122000241,1799,654,1145
122000242,1121,200,921
122000243,715,52,663
122000244,77,371,-294
122000245,76,110,-34
122000246,451,155,296
122000247,2069,317,1752
122000248,1270,2303,-1033
122000249,4331,1665,2666
122000250,3146,2241,905
122000251,396,630,-234
122000252,767,441,326
122000253,113,427,-314
122000254,391,308,83
122000255,1026,2554,-1528
122000256,659,1473,-814
122000257,290,480,-190
122000258,480,504,-24
122000259,41,611,-570
122000260,8,100,-92
122000261,31,329,-298
122000262,2,74,-72
122000263,421,153,268
122000264,1369,628,741
122000265,2958,1324,1634
122000266,4788,781,4007
122000267,509,248,261
122000268,188,783,-595
122000269,957,586,371
122000270,848,217,631
122000271,377,1500,-1123
122000272,493,1300,-807
122000273,575,574,1
122000274,332,253,79
122000275,232,280,-48
122000276,1163,872,291
122000277,2322,2147,175
122000278,3848,1700,2148
122000279,312,808,-496
122000280,1595,1154,441
122000281,1184,1234,-50
122000282,555,305,250
122000283,897,132,765
122000284,429,182,247
122000285,630,134,496
122000286,175,235,-60
122000287,1707,1985,-278
122000288,689,526,163
122000291,2549,1210,1339
122000293,559,349,210
122000294,207,294,-87
122000295,2813,271,2542
122000296,155,724,-569
122000297,4402,3498,904
122000299,573,610,-37
122000300,579,687,-108
122000301,15377,4166,11211
122000302,1200,2194,-994
122000303,5012,1834,3178
122000304,114,422,-308
122000305,1264,400,864
122000306,50,1146,-1096
122000307,472,232,240
122000309,237,89,148
122000310,31,101,-70
122000311,293,234,59
122000312,182,121,61
122000313,110,81,29
122000314,169,289,-120
122000315,377,56,321
122000316,797,373,424
122000317,1708,343,1365
122000318,366,930,-564
122000319,320,639,-319
122000320,558,2406,-1848
122000321,114,286,-172
122000322,2971,2388,583
122000323,1905,2455,-550
122000324,1234,1344,-110
122000325,1199,1900,-701
122000326,66,174,-108
122000327,717,1107,-390
122000328,1354,1096,258
122000330,2598,996,1602
122000332,417,546,-129
122000333,12,130,-118
122000337,1428,2377,-949
122000338,602,650,-48
122000340,457,507,-50
122000342,2752,1355,1397
122000343,629,1504,-875
122000344,91,26,65
122000345,307,65,242
122000346,734,723,11
122000348,1029,1108,-79
122000349,181,1127,-946
122000351,160,273,-113
122000352,586,182,404
122000353,117,122,-5
122000355,193,262,-69
122000356,1846,1498,348
122000357,157,67,90
122000358,1,88,-87
122000359,0,47,-47
122000360,0,74,-74
122000362,21,118,-97
122000364,218,509,-291
122000365,6,65,-59
122000366,55,10,45
122000368,613,855,-242
122000370,70,90,-20
122000371,33,0,33
122000372,26,6,20
122000381,108,393,-285
122000382,130,440,-310
122000384,4079,1733,2346
122000385,125,2,123
122000386,575,1707,-1132
122000387,651,779,-128
122000388,1629,1121,508
122000389,199,735,-536
122000390,454,318,136
122000391,413,218,195
122000392,562,367,195
122000393,423,284,139
122000394,804,584,220
122000395,235,301,-66
122000396,373,199,174
122000397,55,76,-21
122000398,52,53,-1
122000399,182,95,87
122000400,148,572,-424
122000401,116,121,-5
122000402,312,120,192
122000403,709,1285,-576
122000404,201,402,-201
122000408,1135,1623,-488
122000503,24,166,-142
122000524,763,188,575
122000544,181,3257,-3076
122000616,501,0,501
122000640,69,226,-157
122000641,119,431,-312
122000642,1799,1458,341
122000643,67,201,-134
122000644,234,40,194
122000645,193,197,-4
122000651,2178,926,1252
122000664,171,67,104
122000665,1686,938,748
122000666,771,1440,-669
122000673,36,348,-312
122000674,156,80,76
122000675,2041,1705,336
122000686,1855,1479,376
122000687,3312,514,2798
122000688,407,1317,-910
122000689,1096,792,304
122000690,2678,702,1976
122000691,1720,2815,-1095
122000692,2230,565,1665
122000693,779,2650,-1871
122000695,291,704,-413
122000696,468,480,-12
122000698,458,1238,-780
122000699,352,208,144
122000701,1520,517,1003
122000702,642,1600,-958
122000703,176,74,102
122000717,183,94,89
122000718,445,899,-454
122000719,111,115,-4
122000720,447,393,54
122000724,156,24,132
122900001,45,14,31
122900002,2010,5464,-3454
122900003,499,107,392
122900004,1077,72,1005
122900005,293,51,242
122900006,1922,462,1460
122900007,505,83,422
122900008,1267,88,1179
122900009,1058,615,443
122900010,357,156,201
122900012,292,647,-355
122900014,247,508,-261
122900015,2996,1331,1665
122900016,126,410,-284
122900017,504,1222,-718
122900018,198,29,169
122900019,38,245,-207
122900020,619,495,124
122900021,151,847,-696
122900022,1046,1063,-17
122900023,606,390,216
122900024,242,152,90
122900025,30,348,-318
122900026,104,603,-499
122900027,107,1316,-1209
122900028,189,308,-119
122900029,5566,3744,1822
122900030,1450,850,600
122900031,155,330,-175
122900032,158,455,-297
122900033,315,217,98
122900034,6665,6381,284
122900035,38,25,13
122900036,83,155,-72
122900037,457,184,273
122900038,151,3625,-3474
122900039,187,618,-431
122900040,356,555,-199
122900041,450,423,27
122900042,244,505,-261
122900043,417,311,106
122900044,98,439,-341
122900045,113,137,-24
122900046,335,189,146
122900047,178,233,-55
122900048,61,292,-231
122900049,2079,234,1845
122900051,97,181,-84
122900052,92,225,-133
122900053,71,70,1
122900055,555,277,278
122900057,333,91,242
122900061,652,305,347
122900062,764,1130,-366
122900063,215,528,-313
122900064,1498,618,880
122900065,634,268,366
122900066,898,539,359
122900067,2202,1256,946
122900068,375,392,-17
122900069,1366,2602,-1236
122900070,569,69,500
122900071,166,540,-374
122900072,25,759,-734
122900073,96,348,-252
122900074,820,1123,-303
122900075,2,95,-93
122900076,6,284,-278
122900077,2,215,-213
122900078,345,176,169
122900080,96,53,43
122900081,320,308,12
122900082,898,613,285
122900083,227,514,-287
122900084,30,421,-391
122900086,29,129,-100
122900087,522,933,-411
122900088,48,198,-150
122900089,101,314,-213
122900090,20,753,-733
122900091,208,3,205
122900092,1,294,-293
122900093,1,363,-362
122900094,11,325,-314
122900095,195,16,179
122900096,314,259,55
122900097,36,34,2
122900098,168,166,2
122900099,64,12,52
122900100,980,310,670
122900101,628,335,293
122900102,43,38,5
122900103,119,9,110
122900104,141,23,118
122900105,19,21,-2
122900106,29,146,-117
122900107,9,311,-302
122900108,12,306,-294
123000001,2176,633,1543
123000002,5244,5600,-356
123000003,4500,4608,-108
123000004,3596,5042,-1446
123000005,3409,3495,-86
123000006,2840,3468,-628
123000007,6820,3438,3382
123000008,5957,4371,1586
123000009,5288,3684,1604
123000010,3964,4417,-453
123000011,2707,955,1752
123000012,1152,2837,-1685
123000013,4492,1172,3320
123000014,1827,4194,-2367
123000015,6102,1374,4728
123000016,7341,5992,1349
123000017,3869,2163,1706
123000018,70,187,-117
123000019,418,491,-73
123000020,193,241,-48
123000021,93,360,-267
123000022,450,2622,-2172
123000023,3299,1988,1311
123000024,1635,811,824
123000025,295,304,-9
123000026,537,114,423
123000027,662,585,77
123000028,2532,349,2183
123000029,1932,885,1047
123000030,369,730,-361
123000031,298,424,-126
123000032,360,312,48
123000033,319,82,237
123000034,1511,1421,90
123000035,467,731,-264
123000036,478,1399,-921
123000037,632,653,-21
123000038,177,239,-62
123000039,501,1662,-1161
123000040,1155,599,556
123000041,1533,1528,5
123000042,1526,897,629
123000043,4441,10078,-5637
123000044,6319,3421,2898
123000045,12269,4052,8217
123000046,1079,2003,-924
123000047,3018,1474,1544
123000048,128,788,-660
123000049,9757,11473,-1716
123000050,1636,1743,-107
123000051,142,266,-124
123000052,1144,4039,-2895
123000053,3984,4216,-232
123000054,1927,2841,-914
123000055,2094,4796,-2702
123000056,2257,2921,-664
123000057,18666,9274,9392
123000058,1002,1188,-186
123000059,739,812,-73
123000060,1543,788,755
123000061,792,1131,-339
123000063,1093,1109,-16
123000064,1212,503,709
123000065,14746,5362,9384
123000066,1062,960,102
123000067,1284,1063,221
123000068,3946,4140,-194
123000069,9711,5573,4138
123000070,409,922,-513
123000071,1279,1361,-82
123000072,1288,1776,-488
123000073,1261,1074,187
123000074,1258,1815,-557
123000075,450,1408,-958
123000076,1497,1075,422
123000077,2186,3936,-1750
123000078,1856,2108,-252
123000079,1801,2504,-703
123000080,2715,3069,-354
123000081,201,676,-475
123000082,531,1756,-1225
123000083,1119,358,761
123000084,650,664,-14
123000085,360,104,256
123000086,589,387,202
123000087,472,545,-73
123000088,3904,1467,2437
123000089,552,1433,-881
123000090,1600,1263,337
123000091,1790,1861,-71
123000092,1048,1487,-439
123000094,652,424,228
123000095,1116,1087,29
123000096,862,644,218
123000097,606,1134,-528
123000098,913,808,105
123000099,827,1042,-215
123000100,724,1133,-409
123000101,888,779,109
123000102,945,897,48
123000104,488,534,-46
123000105,560,613,-53
123000106,525,487,38
123000107,463,571,-108
123000108,828,1454,-626
123000111,1181,462,719
123000112,1262,937,325
123000113,625,1937,-1312
123000114,807,868,-61
123000115,592,378,214
123000116,38,196,-158
123000117,4055,3146,909
123000118,538,1514,-976
123000119,529,1294,-765
123000120,1670,1301,369
123000121,565,785,-220
123000122,343,311,32
123000123,487,767,-280
123000124,497,530,-33
123000125,1386,1365,21
123000126,1656,4407,-2751
123000127,968,872,96
123000128,417,412,5
123000129,737,355,382
123000130,748,133,615
123000131,944,815,129
123000132,509,942,-433
123000133,359,642,-283
123000134,487,388,99
123000135,2983,1817,1166
123000136,306,1210,-904
123000137,141,476,-335
123000138,139,501,-362
123000139,547,149,398
123000140,242,1106,-864
123000141,978,214,764
123000142,1303,1522,-219
123000143,1764,2472,-708
123000144,225,57,168
123000145,752,154,598
123000146,47,115,-68
123000147,206,163,43
123000149,493,694,-201
123000150,214,375,-161
123000151,401,517,-116
123000152,522,638,-116
123000153,886,967,-81
123000154,2675,2709,-34
123000155,3212,1847,1365
123000156,79,260,-181
123000157,782,1321,-539
123000158,831,1028,-197
123000159,4623,3227,1396
123000160,1238,969,269
123000161,2219,1482,737
123000162,1484,2138,-654
123000163,748,169,579
123000164,1862,459,1403
123000165,584,2504,-1920
123000166,69,224,-155
123000167,202,359,-157
123000168,345,354,-9
123000169,893,183,710
123000170,91,348,-257
123000171,761,51,710
123000172,515,845,-330
123000173,839,351,488
123000174,1165,497,668
123000175,1413,1908,-495
123000176,1755,442,1313
123000177,706,1665,-959
123000178,807,190,617
123000179,63,1003,-940
123000180,1951,464,1487
123000181,432,2244,-1812
123000182,428,806,-378
123000183,212,576,-364
123000184,365,1119,-754
123000185,939,630,309
123000186,6,1039,-1033
123000187,674,10,664
123000188,235,0,235
123000189,222,273,-51
123000190,54,98,-44
123000192,33,789,-756
123000193,101,1307,-1206
123000194,656,588,68
123000195,393,39,354
123000196,454,53,401
123000197,67,212,-145
123000198,86,500,-414
123000199,46,915,-869
123000200,684,12,672
123000201,1269,44,1225
123000202,29,1781,-1752
123000203,1152,111,1041
123000204,146,1864,-1718
123000205,691,3044,-2353
123000206,2164,268,1896
123000207,123,1328,-1205
123000208,670,184,486
123000209,2215,623,1592
123000210,711,3110,-2399
123000211,795,4290,-3495
123000212,3269,741,2528
123000213,871,97,774
123000215,166,284,-118
123000216,329,1552,-1223
123000217,296,52,244
123000218,117,958,-841
123000219,1473,183,1290
123000220,1351,174,1177
123000221,910,194,716
123000222,581,790,-209
123000223,420,586,-166
123000224,608,692,-84
123000225,808,158,650
123000226,182,524,-342
123000227,122,436,-314
123000228,433,111,322
123000229,1303,2469,-1166
123000232,345,832,-487
123000233,1156,303,853
123000234,223,923,-700
123000235,1122,628,494
123000236,440,1246,-806
123000237,380,119,261
123000238,127,828,-701
123000239,672,2305,-1633
123000240,73,506,-433
123000241,710,132,578
123000242,280,275,5
123000243,907,1135,-228
123000244,1316,926,390
123000245,76,271,-195
123000249,460,926,-466
123000252,886,382,504
123000253,1265,734,531
123000254,1211,2079,-868
123000255,1554,1473,81
123000256,55,421,-366
123000257,4339,3188,1151
123000258,2028,1658,370
123000259,422,561,-139
123000260,464,639,-175
123000261,287,317,-30
123000262,111,277,-166
123000263,476,118,358
123000264,208,118,90
123000265,116,197,-81
123000266,864,1331,-467
123000267,739,455,284
123000268,66,93,-27
123000269,66,88,-22
123000270,30,67,-37
123000271,105,115,-10
123000272,917,302,615
123000273,313,777,-464
123000274,1341,757,584
123000275,469,1366,-897
123000278,6704,3608,3096
123000279,112,141,-29
123000280,1010,623,387
123000281,410,157,253
123000282,189,391,-202
123000283,100,59,41
123000284,61,122,-61
123000286,296,372,-76
123000287,598,359,239
123000288,1545,986,559
123000289,554,1657,-1103
123000291,363,1005,-642
123000294,184,285,-101
123000295,1143,1183,-40
123000296,659,486,173
123000297,603,1010,-407
123000298,632,625,7
123000299,61,210,-149
123000300,1089,1083,6
123000301,175,304,-129
123000302,107,281,-174
123000303,151,147,4
123000305,1123,1086,37
123000306,202,369,-167
123000309,41,90,-49
123000310,48,46,2
123000311,0,172,-172
123000312,717,1574,-857
123000313,726,473,253
123000315,96,511,-415
123000316,1704,160,1544
123000317,274,83,191
123000318,71,379,-308
123000329,13,19,-6
123000337,1192,369,823
123000338,1267,72,1195
123000339,284,301,-17
123000340,225,828,-603
123000342,191,17,174
123000343,85,5,80
123000344,1770,1098,672
123000345,457,1383,-926
123000346,385,52,333
123000352,2101,1152,949
123000353,29,144,-115
123000354,692,34,658
123000355,2,795,-793
123000356,619,23,596
123000357,1,303,-302
123000359,9,248,-239
123000360,182,135,47
123000361,501,559,-58
123000362,556,211,345
123000363,167,298,-131
123000364,974,597,377
123000365,36,546,-510
123000366,694,2376,-1682
123000367,369,1799,-1430
123000370,96,327,-231
123000371,1813,56,1757
123000372,734,38,696
123000373,23,463,-440
123000374,168,316,-148
123000375,844,64,780
123000376,1018,761,257
123000377,646,35,611
123000378,23,465,-442
123000379,30,298,-268
123000380,91,538,-447
123000381,196,43,153
123000382,1750,255,1495
123000383,292,1733,-1441
123000384,486,103,383
123000385,495,632,-137
123000436,45,1233,-1188
123000507,168,364,-196
123000508,285,1128,-843
123000517,384,63,321
123000518,33,353,-320
123000519,242,92,150
123000520,76,259,-183
123000521,447,110,337
123000522,184,642,-458
123000541,5,15,-10
123000542,0,20,-20
123000565,459,50,409
123000566,632,1113,-481
123000567,132,412,-280
123000573,51,1272,-1221
123000574,1131,129,1002
123000575,1457,1767,-310
123000576,1011,2385,-1374
123000577,94,907,-813
123000578,860,107,753
123000579,4083,6576,-2493
123000580,81,36,45
123000582,538,61,477
123000583,43,526,-483
123000584,213,413,-200
123000585,0,410,-410
123000586,82,0,82
123000596,127,190,-63
123000597,88,175,-87
123000602,22,17,5
123000603,696,851,-155
123000604,627,1307,-680
123000605,1204,169,1035
123000606,1,491,-490
123000609,30,448,-418
123000610,265,214,51
123000613,18,280,-262
123000614,378,70,308
123000615,86,176,-90
123000616,1015,88,927
123000617,121,842,-721
123000618,85,950,-865
123000619,677,43,634
123000620,41,690,-649
123000622,507,41,466
123000624,168,38,130
123000630,1167,584,583
123000631,282,1725,-1443
123000632,986,1132,-146
123000633,0,283,-283
123000634,109,124,-15
123000635,195,146,49
123000636,60,775,-715
123000637,298,193,105
123000638,789,71,718
123000639,1478,4709,-3231
123000640,17,1082,-1065
123900001,1838,89,1749
123900002,76,1848,-1772
123900003,542,634,-92
123900005,226,176,50
123900006,348,86,262
124000001,2446,212,2234
124000002,162,2511,-2349
124000003,1066,210,856
124000004,98,838,-740
124000005,1563,703,860
124000006,380,1849,-1469
124000007,999,183,816
124000008,50,884,-834
124000009,904,495,409
124000010,216,607,-391
124000011,2232,579,1653
124000012,535,674,-139
124000017,220,315,-95
124000018,103,127,-24
124000019,197,264,-67
124000020,54,281,-227
124000021,154,171,-17
124000022,96,328,-232
124000023,1924,1708,216
124000024,1415,645,770
124000025,1411,1981,-570
124000026,1339,1269,70
124000027,5847,5918,-71
124000028,3018,5387,-2369
124000030,3738,1768,1970
124000031,1438,3750,-2312
124000032,3893,1318,2575
124000033,340,710,-370
124000034,1726,817,909
124000035,86,241,-155
124000036,117,247,-130
124000037,1427,1436,-9
124000038,96,118,-22
124000039,2011,714,1297
124000040,952,1396,-444
124000041,878,131,747
124000042,242,524,-282
124000043,272,159,113
124000044,149,315,-166
124000045,1129,821,308
124000046,403,761,-358
124000047,1671,1550,121
124000048,1324,1908,-584
124000049,2543,1133,1410
124000050,1366,2526,-1160
124000051,1075,942,133
124000052,795,1449,-654
124000053,627,1802,-1175
124000054,1075,809,266
124000055,1581,3158,-1577
124000056,3378,2072,1306
124000057,1127,815,312
124000058,626,1891,-1265
124000059,685,1419,-734
124000060,1583,1150,433
124000061,1838,5747,-3909
124000062,5423,2240,3183
124000063,1653,2186,-533
124000064,3619,1937,1682
124000065,23,948,-925
124000066,184,55,129
124000067,321,350,-29
124000068,16,27,-11
124000069,207,27,180
124000070,165,157,8
124000071,2676,119,2557
124000072,1019,682,337
124000073,1028,227,801
124000074,327,978,-651
124000075,338,65,273
124000076,12,357,-345
124000077,2257,959,1298
124000078,4497,1933,2564
124000079,902,1585,-683
124000080,1820,338,1482
124000081,364,765,-401
124000082,78,269,-191
124000083,113,154,-41
124000084,44,386,-342
124000085,215,43,172
124000086,89,126,-37
124000087,753,126,627
124000088,417,562,-145
124000089,1051,501,550
124000090,144,423,-279
124000091,457,112,345
124000092,69,581,-512
124000093,152,228,-76
124000094,419,635,-216
124000095,78,209,-131
124000096,221,504,-283
124000097,103,286,-183
124000098,82,104,-22
124000099,297,205,92
124000100,52,109,-57
124000101,72,177,-105
124000102,145,104,41
124000103,110,140,-30
124000104,104,66,38
124000105,103,94,9
124000106,144,94,50
124000107,17,204,-187
124000108,144,40,104
124000109,142,198,-56
124000110,242,198,44
124000111,209,225,-16
124000112,806,854,-48
124000113,80,172,-92
124000114,350,592,-242
124000115,442,823,-381
124000116,116,223,-107
124000117,68,96,-28
124000118,53,126,-73
124000119,1222,734,488
124000120,664,573,91
124000121,1839,918,921
124000122,751,1709,-958
124000123,1920,846,1074
124000124,635,1379,-744
124000125,451,666,-215
124000126,341,872,-531
124000127,1002,640,362
124000128,642,1539,-897
124000129,2705,1901,804
124000130,1019,911,108
124000131,1136,775,361
124000132,1006,1003,3
124000133,946,1212,-266
124000134,1430,915,515
124000135,2277,2163,114
124000136,1332,1560,-228
124000137,1798,1075,723
124000138,2149,1843,306
124000139,2099,39,2060
124000140,168,749,-581
124000141,866,23,843
124000142,27,258,-231
124000143,87,55,32
124000144,17,75,-58
124000145,414,118,296
124000146,217,140,77
124000148,221,266,-45
124000149,2281,823,1458
124000150,616,785,-169
124000151,1024,613,411
124000152,1104,1586,-482
124000153,1251,1046,205
124000154,694,1013,-319
124000155,1725,1427,298
124000156,2016,1343,673
124000169,248,571,-323
124000170,990,630,360
124000171,398,356,42
124000172,457,822,-365
124000173,542,317,225
124000174,457,831,-374
124000175,55,198,-143
124000176,160,65,95
124000177,13,74,-61
124000178,267,90,177
124000190,73,85,-12
124000191,136,71,65
124000192,3637,596,3041
124000193,1505,1160,345
124000194,425,723,-298
124000195,314,746,-432
124000196,1225,1363,-138
124000197,78,73,5
124000198,63,73,-10
124000201,546,1369,-823
124000202,796,567,229
124000203,755,1043,-288
124000204,1047,633,414
124000205,438,694,-256
124000206,1614,548,1066
124000207,0,68,-68
124000209,351,684,-333
124000210,608,304,304
124000211,660,3,657
124000212,1,659,-658
124000213,591,483,108
124000214,372,929,-557
124000215,817,50,767
124000216,6,583,-577
124000329,216,2498,-2282
124000338,242,1271,-1029
124000339,1305,339,966
124000341,1469,312,1157
124000344,38,5,33
124000357,1064,2476,-1412
124000358,858,1719,-861
124000359,1542,1049,493
124000360,884,894,-10
124000361,2916,1021,1895
124000362,1914,2162,-248
124000363,386,531,-145
124000364,877,1360,-483
124000365,760,1359,-599
124000366,1781,997,784
124000367,194,657,-463
124000368,701,544,157
124000369,188,244,-56
124000370,91,638,-547
124000402,68,35,33
124000403,303,121,182
124000404,23,138,-115
124000405,1348,1241,107
124000406,1133,1392,-259
124000407,11,62,-51
124000411,17,565,-548
124000412,551,25,526
124000413,452,66,386
124000414,129,191,-62
124000415,114,158,-44
124000416,160,319,-159
124000417,204,166,38
124000418,191,183,8
124000419,94,160,-66
124000420,81,131,-50
124000421,70,245,-175
124000422,39,15,24
124000423,137,51,86
124000424,4,98,-94
124000425,45,89,-44
124000426,19,47,-28
124000427,52,24,28
124000428,36,68,-32
124000429,56,85,-29
124000430,870,825,45
124000431,587,834,-247
124000432,392,1065,-673
124000439,10,10,0
124000442,11,175,-164
124000443,0,10,-10
124000445,211,1037,-826
124000446,1083,68,1015
124900001,524,620,-96
124900002,225,547,-322
124900003,1113,1058,55
124900004,585,608,-23
124900005,759,271,488
124900006,791,584,207
124900008,2572,944,1628
124900009,211,432,-221
124900010,227,271,-44
124900011,671,471,200
124900012,539,194,345
124900013,858,198,660
124900014,1077,147,930
124900015,237,589,-352
124900016,133,164,-31
124900017,1002,1796,-794
124900018,86,14,72
124900020,144,148,-4
124900021,843,139,704
124900022,304,10,294
124900024,333,128,205
124900026,543,59,484
124900027,102,545,-443
124900028,833,206,627
124900029,18,709,-691
124900030,24,194,-170
124900031,53,471,-418
124900032,266,418,-152
124900033,446,510,-64
124900034,15,185,-170
124900035,212,664,-452
124900036,1,71,-70
124900037,197,556,-359
124900038,383,368,15
124900039,2,82,-80
124900040,183,125,58
124900041,287,1252,-965
124900042,266,7,259
124900043,529,1111,-582
124900044,88,3,85
124900045,1370,1328,42
124900046,1538,289,1249
124900047,147,214,-67
124900048,230,117,113
124900050,146,294,-148
124900052,146,546,-400
124900053,436,503,-67
124900054,2545,1022,1523
124900055,4,290,-286
124900057,11,64,-53
124900060,159,414,-255
124900061,187,17,170
124900062,381,46,335
124900066,0,21,-21
124900067,9,253,-244
124900068,262,844,-582
124900070,117,31,86
124900072,120,87,33
124900074,981,382,599
124900075,265,322,-57
124900076,46,1395,-1349
124900077,44,366,-322
124900078,90,18,72
124900079,726,330,396
124900080,331,737,-406
124900081,945,600,345
124900082,364,1038,-674
124900083,305,652,-347
124900084,2495,194,2301
124900085,1328,540,788
124900086,141,1535,-1394
124900087,783,175,608
124900088,956,168,788
124900089,1512,42,1470
124900090,382,373,9
124900091,377,561,-184
124900092,258,409,-151
124900093,367,401,-34
124900094,449,469,-20
124900095,101,594,-493
124900096,702,416,286
124900097,429,151,278
124900098,174,654,-480
124900099,933,817,116
124900100,447,266,181
124900101,303,553,-250
124900102,268,156,112
124900103,193,422,-229
124900104,85,242,-157
124900105,152,228,-76
124900106,478,167,311
124900107,149,45,104
124900108,212,113,99
124900109,113,226,-113
124900110,1100,523,577
124900111,6,155,-149
124900112,84,873,-789
124900113,174,354,-180
124900114,319,123,196
124900115,467,56,411
124900116,267,260,7
124900117,683,150,533
124900118,299,284,15
124900119,407,227,180
124900120,121,507,-386
124900121,159,492,-333
124900122,445,329,116
124900123,366,226,140
124900124,240,437,-197
129000186,185,75,110
204000001,57,0,57
204000002,12,2,10
204000003,54,10,44
204000004,7,1,6
204000005,579,475,104
204000006,1338,1267,71
204000011,20,59,-39
204000012,54,83,-29
204000013,0,25,-25
204000019,560,598,-38
204000020,749,607,142
204000021,2007,871,1136
204000022,672,541,131
204000023,690,985,-295
204000031,78,17,61
204000032,648,63,585
204000034,24,290,-266
204000035,4,2,2
204000036,9,31,-22
204000037,0,23,-23
204000038,0,10,-10
204000039,163,45,118
204000040,6,37,-31
204000041,5,53,-48
204000042,77,16,61
204000043,34,10,24
204000044,100,7,93
204000045,69,5,64
204000046,41,4,37
204000057,6,31,-25
204000062,4,19,-15
204000068,34,321,-287
204000069,39,331,-292
204000070,152,207,-55
204000080,100,64,36
204000085,2221,2236,-15
204000086,2701,2526,175
204000087,53,11,42
204000088,7,142,-135
204000090,47,378,-331
204000093,413,90,323
204000096,859,1161,-302
204000097,597,26,571
204000099,1143,1497,-354
204000100,1341,1949,-608
204000105,2275,1856,419
204000110,1466,1551,-85
204000111,443,821,-378
204000112,1591,766,825
204000113,618,795,-177
204000114,978,695,283
204000115,675,306,369
204000116,3012,562,2450
204000119,1920,2973,-1053
204000132,757,415,342
204000133,827,468,359
204000134,460,212,248
204000135,623,128,495
204000136,937,379,558
204000138,466,720,-254
204000140,191,199,-8
204000141,179,73,106
204000144,10,33,-23
204000145,740,59,681
204000146,27,471,-444
204000147,25,223,-198
204000148,1265,25,1240
204000154,8,6,2
204000155,3,4,-1
204000177,107,91,16
204000179,27,16,11
204000180,0,37,-37
204000222,28,22,6
204000235,22,15,7
204000236,72,314,-242
204000238,34,35,-1
204000240,434,86,348
204000263,469,1168,-699
204000268,1441,768,673
204000308,197,24,173
204000317,8,95,-87
204000322,19,59,-40
204000323,32,15,17
204000328,294,49,245
204000329,50,212,-162
204000330,246,14,232
204000331,142,151,-9
204010341,10,226,-216
205000001,1206,2131,-925
205000013,7,66,-59
205000014,18,95,-77
205000015,27,229,-202
205000016,45,156,-111
205000017,14,148,-134
205000022,313,872,-559
205000025,1320,1294,26
205000029,301,7,294
205000045,182,364,-182
205000046,148,471,-323
205000047,129,488,-359
205000048,369,1167,-798
205000049,162,826,-664
205000050,759,356,403
205000059,2,236,-234
205000060,0,68,-68
205000061,2,70,-68
205000062,2,42,-40
205000063,16,83,-67
205000064,13,106,-93
205000065,60,546,-486
205000066,83,814,-731
205000067,33,946,-913
205000069,165,14,151
205000082,167,235,-68
205000110,93,277,-184
205000111,189,223,-34
205000112,270,263,7
205000113,208,418,-210
205000121,309,81,228
205000123,30,291,-261
205000126,547,132,415
205000127,647,199,448
205000128,471,84,387
205000129,668,89,579
205000130,576,20,556
205000131,155,10,145
205000132,215,3,212
205000133,192,1,191
205000134,277,1,276
205000137,47,143,-96
205000138,279,348,-69
205000139,39,140,-101
205000144,159,79,80
205000145,718,217,501
205000151,224,40,184
205000152,296,39,257
205000153,273,18,255
205000154,164,68,96
205000155,97,19,78
205000207,12,255,-243
205000233,30,27,3
205000234,0,2,-2
205000243,1,3,-2
205000244,0,6,-6
205000245,23,247,-224
205000249,2,27,-25
205000250,8,3,5
205000264,9,110,-101
206000027,16,4,12
206000028,1,5,-4
206000043,18,59,-41
206000053,3,9,-6
206000054,3,32,-29
206000055,3,41,-38
206000075,3,12,-9
206000076,27,7,20
206000077,31,8,23
206000078,14,6,8
206000079,17,6,11
206000082,448,44,404
206000100,33,763,-730
206000103,4,23,-19
206000104,17,27,-10
206000105,4,28,-24
206000106,23,39,-16
206000108,759,34,725
206000125,53,0,53
206000157,68,774,-706
206000170,1,257,-256
206000171,1,228,-227
206000172,5,568,-563
206000173,2,229,-227
206000174,13,105,-92
206000175,4,170,-166
206000176,15,273,-258
206000177,0,227,-227
206000178,4,222,-218
206000179,7,135,-128
206000180,22,166,-144
206000181,25,238,-213
206000182,3,162,-159
206000183,17,702,-685
206000184,6,432,-426
206000185,4,224,-220
206000186,125,1261,-1136
206000223,5,270,-265
206000226,31,7,24
206000227,43,6,37
206000237,25,429,-404
206000238,41,575,-534
206000239,334,2293,-1959
206000240,1,64,-63
206000241,0,124,-124
206000242,5,371,-366
206000243,15,270,-255
206000244,82,718,-636
206000245,825,68,757
206000246,214,17,197
206000247,223,20,203
206000248,342,10,332
206000252,59,29,30
206000258,26,39,-13
206000315,27,3,24
206000317,580,90,490
206000318,402,58,344
206000319,1298,121,1177
206000320,184,33,151
206000321,200,26,174
206000322,502,23,479
206000323,146,13,133
206000324,152,13,139
206000325,181,13,168
206000326,260,15,245
206000327,379,14,365
206000328,190,8,182
206000329,352,17,335
206000330,56,9,47
206000331,187,1,186
206000332,66,6,60
206000333,594,1,593
206000334,261,0,261
206000335,0,17,-17
206000361,1,252,-251
206000392,3,34,-31
206000405,102,0,102
206000441,59,20,39
206000498,43,5,38
206000515,118,29,89
206000530,239,45,194
206000531,190,251,-61
206000532,1823,320,1503
206000535,391,1994,-1603
206000536,20,226,-206
206000537,16,151,-135
206000613,1379,219,1160
207000001,139,564,-425
207000002,100,297,-197
207000003,121,175,-54
207000007,818,307,511
207000008,104,8,96
207000009,76,47,29
207000010,495,487,8
207000012,300,301,-1
207000015,321,1445,-1124
207000019,232,105,127
207000021,744,203,541
207000022,185,132,53
207000023,232,51,181
207000024,12,10,2
207000025,45,37,8
207000026,121,46,75
207000027,45,90,-45
207000028,83,263,-180
207000029,287,453,-166
207000033,236,400,-164
207000034,364,142,222
207000039,416,133,283
207000040,275,118,157
207000041,242,62,180
207000042,356,75,281
207000043,366,187,179
207000051,154,302,-148
207000052,112,207,-95
207000053,473,557,-84
207000054,30,99,-69
207000055,190,149,41
207000056,342,357,-15
207000057,150,284,-134
207000058,223,361,-138
207000059,82,672,-590
207000060,75,234,-159
207000061,245,390,-145
207000062,259,41,218
207000063,290,142,148
207000064,590,225,365
207000065,615,253,362
207000066,209,166,43
207000067,50,86,-36
207000068,186,74,112
207000069,723,455,268
207000082,15,211,-196
207000083,97,319,-222
207000084,238,266,-28
207000085,208,17,191
207000086,158,8,150
207000106,56,36,20
207000107,117,25,92
207000108,80,11,69
207000109,72,12,60
207000110,137,99,38
207000111,87,91,-4
207000112,244,592,-348
207000114,25,52,-27
207000115,40,122,-82
207000116,26,474,-448
207000117,13,143,-130
207000118,8,144,-136
207000119,33,116,-83
207000123,157,38,119
207000124,84,29,55
207000125,91,67,24
207000126,81,84,-3
207000134,81,118,-37
207000135,21,213,-192
207000148,54,274,-220
207000149,71,73,-2
207000152,158,382,-224
207000153,1106,1388,-282
207000154,440,141,299
207000159,131,256,-125
207000160,170,572,-402
207000238,1,186,-185
207000242,4,254,-250
207000248,105,63,42
207000249,203,47,156
207000250,930,99,831
207000251,154,89,65
207000252,215,87,128
207000278,87,104,-17
207000279,30,194,-164
207000280,559,76,483
207000281,101,1030,-929
207000282,247,69,178
207000283,145,238,-93
207000284,69,187,-118
207000285,85,38,47
207000291,19,160,-141
207000304,152,52,100
207000306,99,503,-404
207000310,107,83,24
207000353,250,7,243
207000356,21,47,-26
207000357,63,10,53
207000358,64,13,51
207000415,2,274,-272
207000417,57,7,50
207000418,90,145,-55
207000438,0,1,-1
207000439,1153,682,471
207000446,168,5,163
207000460,21,8,13
207000466,226,183,43
207000467,249,109,140
207000468,45,427,-382
207000476,11,85,-74
207000477,712,131,581
207000478,10,49,-39
207000523,0,10,-10
207000524,136,8,128
207000527,124,203,-79
207000530,398,9,389
207000531,371,9,362
207000532,158,25,133
207000534,454,78,376
207000535,58,349,-291
207000537,254,126,128
207000540,11,291,-280
207000541,1,481,-480
207000548,12,363,-351
207000549,588,19,569
207000561,144,238,-94
207000562,61,337,-276
207000567,204,267,-63
207000568,217,145,72
207000569,530,1204,-674
207000584,422,306,116
207000585,112,362,-250
207000616,0,158,-158
207000617,289,2,287
207900008,194,122,72
208000001,742,974,-232
208000002,1272,546,726
208000003,1022,397,625
208000004,1754,648,1106
208000005,4,24,-20
208000019,687,1520,-833
208000020,192,678,-486
208000021,198,546,-348
208000022,1185,704,481
208000028,2011,1243,768
208000033,642,1144,-502
208000034,1318,1835,-517
208000040,253,222,31
208000041,909,712,197
208000042,1827,1025,802
208000047,132,321,-189
208000064,3679,1633,2046
208000066,2479,2492,-13
208000070,407,482,-75
208000071,314,1058,-744
208000072,350,1537,-1187
208000080,277,324,-47
208000081,253,159,94
208000082,312,300,12
208000083,194,427,-233
208000084,17,14,3
208000085,974,638,336
208000086,532,988,-456
208000087,648,876,-228
208000089,888,490,398
208000090,858,942,-84
208000093,168,145,23
208000094,1623,504,1119
208000095,882,581,301
208000104,1145,1220,-75
208000105,1279,1390,-111
208000114,131,334,-203
208000115,504,644,-140
208000116,618,1211,-593
208000117,187,198,-11
208000118,97,141,-44
208000155,860,1062,-202
208000158,1727,3568,-1841
208000186,4731,4086,645
208000204,639,1067,-428
208000205,1132,1263,-131
208000282,7417,3336,4081
209000004,789,208,581
209000005,74,53,21
209000006,481,186,295
209000007,306,321,-15
209000010,533,178,355
209000011,267,334,-67
209000012,900,241,659
209000013,838,485,353
209000014,594,1467,-873
209000025,308,30,278
209000026,709,123,586
209000027,543,1069,-526
209000028,607,935,-328
209000029,630,869,-239
209000030,507,1793,-1286
209000031,3370,2735,635
209000034,208,190,18
209000035,111,148,-37
209000036,132,93,39
209000037,192,189,3
209000038,108,162,-54
209000039,66,167,-101
209000040,350,612,-262
209000041,189,464,-275
209000042,313,423,-110
209000043,829,900,-71
209000044,257,806,-549
209000045,1372,889,483
209000046,478,1498,-1020
209000047,553,310,243
209000048,528,432,96
209000049,85,118,-33
209000050,212,183,29
209000051,315,354,-39
209000052,184,341,-157
209000062,40,124,-84
209000063,58,86,-28
209000064,59,111,-52
209000065,88,47,41
209000066,92,38,54
209000067,71,51,20
209000080,38,273,-235
209000082,72,29,43
209000091,49,140,-91
209000093,70,23,47
209000094,232,279,-47
209000110,30,86,-56
209000111,589,1756,-1167
209000112,936,1268,-332
209000113,1735,1072,663
209000114,698,570,128
209000115,86,158,-72
209000116,621,539,82
209000118,30,35,-5
209000119,41,15,26
209000121,129,670,-541
209000135,60,146,-86
209000142,703,1459,-756
209000143,65,136,-71
209000144,47,121,-74
209000229,293,390,-97
209000240,37,445,-408
209000259,91,106,-15
209000260,91,1526,-1435
209000261,9,889,-880
209000262,4,632,-628
209000263,0,209,-209
209000264,1,158,-157
209000265,1309,3,1306
209000266,557,7,550
209000267,1978,20,1958
209000268,922,90,832
210000037,84,23,61
210000047,70,27,43
210000048,81,20,61
210000049,64,9,55
210000052,53,94,-41
210000053,33,64,-31
210000054,65,90,-25
210000070,193,2,191
210000071,132,0,132
210000072,72,0,72
210000073,0,55,-55
210000074,2,147,-145
210000075,11,98,-87
210000076,37,170,-133
210000077,25,42,-17
210000078,39,37,2
210000079,34,18,16
210000080,99,51,48
210000081,266,31,235
210000082,201,0,201
210000083,104,1,103
210000084,49,1,48
210000085,2,98,-96
210000086,2,123,-121
210000099,45,223,-178
210000100,61,181,-120
210000101,97,168,-71
210000105,49,168,-119
210000159,0,135,-135
210000163,189,236,-47
210000164,309,175,134
210000168,82,31,51
210000187,0,23,-23
210000188,0,22,-22
210000214,106,0,106
210000219,32,49,-17
210000220,82,85,-3
210000232,1,26,-25
210000233,33,65,-32
210000234,46,112,-66
210000235,60,84,-24
210000245,4,48,-44
210000246,53,7,46
210000258,15,120,-105
210000259,596,66,530
210000282,172,266,-94
210000285,2,112,-110
210000286,17,172,-155
210000290,2,8,-6
210000295,32,110,-78
210000296,26,49,-23
210000320,201,113,88
210000321,166,80,86
210000338,69,60,9
210000339,427,1172,-745
210000340,169,374,-205
210000341,217,294,-77
210000342,196,210,-14
210000343,192,193,-1
210000344,187,114,73
210000345,183,229,-46
210000346,60,117,-57
210000347,132,28,104
210000348,188,20,168
210000349,82,17,65
210000350,165,73,92
210000351,145,164,-19
210000352,69,97,-28
210000353,80,145,-65
210000354,176,110,66
210000355,58,90,-32
210000356,42,58,-16
210000357,93,35,58
210000358,321,109,212
210000359,92,91,1
210000360,170,93,77
210000361,133,161,-28
210000362,262,251,11
210000363,918,266,652
210000364,150,213,-63
210000365,146,108,38
210000366,103,76,27
210000367,129,59,70
210000368,199,68,131
210000369,52,10,42
210000370,50,39,11
210000372,46,32,14
210000373,39,14,25
210000374,52,13,39
210000375,52,76,-24
210000376,99,142,-43
210000404,85,115,-30
210000439,22,47,-25
210000472,105,2,103
210000482,84,88,-4
210000564,571,361,210
210000567,0,15,-15
210000568,367,3,364
211000092,77,85,-8
211000094,16,0,16
211000169,236,23,213
211000172,11,244,-233
211000209,0,31,-31
211000226,11,20,-9
211000270,20,15,5
211000275,22,24,-2
211000276,101,52,49
211000279,62,40,22
211000281,69,39,30
211507980,1,44,-43
211977296,65,11,54
212000003,124,48,76
212000004,43,11,32
212000005,22,28,-6
212000006,48,68,-20
212000008,136,161,-25
212000009,34,145,-111
212000012,97,122,-25
212000013,20,69,-49
212000014,321,195,126
212000015,276,298,-22
212000016,527,632,-105
212000027,570,554,16
212000028,357,496,-139
212000029,253,339,-86
212000030,70,34,36
212000031,83,64,19
212000048,60,168,-108
212000049,11,106,-95
212000050,25,16,9
212000051,243,271,-28
212000052,234,356,-122
212000053,436,681,-245
212000054,240,179,61
212000055,258,269,-11
212000056,25,57,-32
212000057,11,34,-23
212000058,263,39,224
212000070,109,286,-177
212000077,168,748,-580
212000099,321,330,-9
212000108,195,149,46
212000111,214,115,99
212000120,114,70,44
212000138,121,31,90
212000156,12,164,-152
212000158,19,23,-4
212000159,406,62,344
212000160,620,337,283
212000161,56,8,48
212000310,50,12,38
212000311,21,71,-50
212000374,46,20,26
213000001,44,656,-612
213000005,617,189,428
213000006,1234,378,856
213000007,225,14,211
213000009,955,451,504
213000010,261,319,-58
213000011,337,160,177
213000012,168,449,-281
213000014,65,11,54
213000015,269,6,263
213000016,959,3,956
213000017,71,0,71
213000018,2,208,-206
213000019,3,229,-226
213000020,153,509,-356
213000021,10,145,-135
213000023,324,158,166
213000033,378,1956,-1578
213000034,876,350,526
213000035,154,288,-134
213000045,165,298,-133
213000046,247,324,-77
213000047,739,1449,-710
213000056,216,41,175
213000069,122,3,119
213000073,0,58,-58
213000074,143,557,-414
213000075,582,20,562
213000076,49,4,45
213000085,9,40,-31
213000086,17,230,-213
213000091,192,18,174
213000092,109,24,85
213000099,181,1275,-1094
213000100,1337,236,1101
213000101,326,154,172
213000102,437,433,4
213000103,1002,1174,-172
213000104,92,511,-419
213000105,5,135,-130
213000106,67,173,-106
213000107,168,698,-530
213000108,33,648,-615
213000109,6,312,-306
213000110,12,136,-124
213000111,11,67,-56
213000112,118,134,-16
213000115,71,24,47
213000116,77,579,-502
213000117,13,896,-883
213000118,390,315,75
213000119,72,810,-738
213000120,128,706,-578
213000122,175,816,-641
213000123,476,1684,-1208
213000124,140,1788,-1648
213000125,144,24,120
213000126,144,176,-32
213000127,211,243,-32
213000128,646,1185,-539
213000129,444,534,-90
213000130,545,263,282
213000132,378,105,273
213000133,526,155,371
213000134,649,28,621
213000136,583,21,562
213000137,701,81,620
213000139,550,25,525
213000147,111,4,107
213000148,32,7,25
213000149,62,7,55
213000150,1,116,-115
213000151,7,130,-123
213000152,5,109,-104
213000153,3,116,-113
213000154,54,349,-295
213000155,60,364,-304
213000156,150,651,-501
213000157,729,519,210
213000158,382,1181,-799
213000159,596,639,-43
213000163,881,133,748
213000165,876,273,603
213000171,0,108,-108
213000172,4,458,-454
213000173,3,299,-296
213000174,11,266,-255
213000175,14,191,-177
213000176,73,31,42
213000177,74,9,65
213000178,163,10,153
213000179,217,5,212
213000180,187,2,185
213000184,196,516,-320
213000188,489,109,380
213000189,405,67,338
213000190,1033,1056,-23
213000191,342,592,-250
213000192,252,511,-259
213000193,1160,364,796
213000194,2,70,-68
213000195,19,455,-436
213000196,321,1429,-1108
213000197,409,753,-344
213000198,103,1,102
213000200,149,1110,-961
213000201,116,37,79
213000202,20,666,-646
213000203,3600,833,2767
213000204,697,121,576
213000205,503,91,412
213000206,700,67,633
213000207,216,21,195
213000208,141,6,135
213000209,159,1,158
213000210,616,8,608
213000211,8,16,-8
213000212,21,34,-13
213000213,12,54,-42
213000218,261,770,-509
213000219,510,19,491
213000220,529,23,506
213000223,253,283,-30
213000224,71,46,25
213000225,126,16,110
213000226,124,16,108
213000227,1006,269,737
213000228,749,118,631
213000229,471,37,434
213000230,502,19,483
213000232,130,810,-680
213000233,16,249,-233
213000234,8,32,-24
213000293,12,83,-71
213000294,197,19,178
213000295,3,100,-97
213000296,79,36,43
213000297,12,97,-85
213000298,26,108,-82
213000299,92,55,37
213000300,29,8,21
213000303,6,19,-13
213000304,3,11,-8
213000305,2,18,-16
213000306,81,44,37
213000307,212,99,113
213000308,188,292,-104
213000309,176,82,94
213000310,610,140,470
213000311,318,738,-420
213000315,74,156,-82
213000316,133,92,41
213000322,87,157,-70
213000323,68,100,-32
213000324,80,82,-2
213000325,55,201,-146
213000326,53,59,-6
213000327,54,106,-52
213000328,46,160,-114
213000329,121,75,46
213000340,174,716,-542
213000341,595,148,447
213000347,836,389,447
213000348,20,218,-198
213000349,51,18,33
213000350,358,1236,-878
213000366,61,364,-303
213000367,230,43,187
213000379,172,124,48
213000386,13,310,-297
213000406,110,543,-433
213000417,1292,514,778
213000425,180,46,134
213000426,194,70,124
213000427,65,338,-273
213000428,66,267,-201
213000429,39,9,30
213000430,83,1037,-954
213000431,144,1,143
213000432,3,29,-26
213000433,16,210,-194
213000434,123,158,-35
213000435,152,101,51
213000436,31,70,-39
213000437,5,36,-31
213000438,164,129,35
213000439,60,23,37
213000440,16,313,-297
213000441,2,2,0
213000442,3,47,-44
213000443,607,439,168
213000444,30,70,-40
213000445,1,82,-81
213000446,4,28,-24
213000447,2,65,-63
213000448,3,162,-159
213000449,354,14,340
213000450,23,63,-40
213000451,299,183,116
213000452,44,30,14
213000453,28,385,-357
213000455,676,52,624
213000456,0,360,-360
213000481,7,6,1
213000484,49,3,46
213000489,469,121,348
213900002,1,128,-127
213900003,403,3,400
213900013,1,145,-144
213900015,0,4,-4
213900016,13,10,3
213900020,18,139,-121
213900030,3,92,-89
213900032,273,176,97
213900033,113,54,59
213900034,438,109,329
213900035,193,720,-527
213900036,123,251,-128
213900037,40,343,-303
213900038,336,173,163
213900039,0,105,-105
213900041,1,158,-157
213900042,242,271,-29
213900043,221,196,25
213900244,29,0,29
213900245,1,44,-43
218000003,30,27,3
218000004,49,33,16
218000005,310,47,263
218000006,62,32,30
218000007,18,12,6
218000012,238,192,46
218000013,113,169,-56
218000014,419,492,-73
218000019,856,608,248
218000020,265,483,-218
218000021,45,76,-31
218000022,12,42,-30
218000023,6,28,-22
218000024,4,13,-9
218000025,18,22,-4
218000026,11,36,-25
218000027,0,17,-17
218000028,14,5,9
218000029,11,4,7
218000030,17,37,-20
218000031,9,25,-16
218000032,5,27,-22
218000040,29,5,24
218000046,100,132,-32
218000047,21,228,-207
218000048,69,181,-112
218000049,161,173,-12
218000050,498,409,89
218000051,139,388,-249
218000052,2,166,-164
218000053,7,24,-17
218000054,17,61,-44
218000055,14,25,-11
218000056,28,54,-26
218000057,6,39,-33
218000064,0,35,-35
218000065,51,79,-28
218000066,17,91,-74
218000067,65,90,-25
218000068,118,103,15
218000069,374,155,219
218000070,219,312,-93
218000071,215,212,3
218000072,319,224,95
218000078,777,1096,-319
218000079,144,122,22
218000080,128,129,-1
218000081,399,307,92
218000082,50,170,-120
218000083,63,94,-31
218000084,116,206,-90
218000085,149,492,-343
218000086,107,222,-115
218000087,212,290,-78
218000090,20,194,-174
218000091,893,554,339
218000092,106,184,-78
218000093,64,129,-65
218000094,460,638,-178
218000099,374,800,-426
218000100,307,360,-53
218000101,355,187,168
218000102,390,269,121
218000103,77,188,-111
218000104,84,43,41
218000105,20,24,-4
218000106,16,20,-4
218000107,50,102,-52
218000108,3,55,-52
218000112,86,30,56
218000117,87,62,25
218000134,661,920,-259
218000135,41,136,-95
218000136,280,118,162
218000137,477,203,274
218000138,44,141,-97
218000139,190,411,-221
218000140,484,240,244
218000141,111,86,25
218000142,304,182,122
218000143,128,292,-164
218000144,94,86,8
218000145,402,446,-44
218000146,117,240,-123
218000151,16,44,-28
218000152,193,62,131
218000153,13,5,8
218000154,28,2,26
218000155,11,4,7
218000156,73,19,54
218000157,30,18,12
218000158,13,8,5
218000159,3,8,-5
218000160,3,2,1
218000161,23,3,20
218000162,32,11,21
218000163,14,2,12
218000164,33,7,26
218000165,64,36,28
218000170,8,40,-32
218000171,94,22,72
218000172,14,10,4
218000173,96,22,74
218000174,45,9,36
218000176,200,63,137
218000177,394,322,72
218000178,126,283,-157
218000179,81,84,-3
218000180,85,36,49
218000181,184,88,96
218000187,4,26,-22
218000188,26,61,-35
218000189,39,97,-58
218000190,41,32,9
218000191,148,79,69
218000192,237,331,-94
218000193,478,435,43
218000194,92,407,-315
218000195,134,83,51
218000196,359,432,-73
218000197,449,403,46
218000198,26,155,-129
218000199,51,47,4
218000200,89,45,44
218000201,15,14,1
218000202,107,221,-114
218000207,6,44,-38
218000208,58,62,-4
218000211,73,25,48
218000212,2,6,-4
218000213,133,122,11
218000214,3,31,-28
218000215,122,115,7
218000217,2,136,-134
218000218,279,123,156
218000219,64,26,38
218000220,76,363,-287
218000221,763,237,526
218000222,39,36,3
218000223,44,514,-470
218000224,12,148,-136
218000225,180,38,142
218000226,193,105,88
218000230,0,9,-9
218000232,54,68,-14
218000239,258,20,238
218000240,65,4,61
218000241,72,3,69
218000242,84,5,79
218000243,260,6,254
218000244,96,12,84
218000245,906,6,900
218000246,23,0,23
218000247,13,1,12
218000248,1,21,-20
218000249,0,1,-1
218000250,5,3,2
218000251,2,15,-13
218000252,2,30,-28
218000253,2,40,-38
218000254,2,17,-15
218000255,5,28,-23
218000256,14,70,-56
218000267,656,1174,-518
218000268,14,58,-44
218000269,7,11,-4
218000270,36,30,6
218000271,18,26,-8
218000273,21,9,12
218000274,19,2,17
218000275,28,58,-30
218000276,13,57,-44
218000278,19,49,-30
218000279,38,28,10
218000280,29,14,15
218000281,10,10,0
218000282,431,404,27
218000284,89,2,87
218000301,121,183,-62
218000302,185,69,116
218000303,42,48,-6
218000316,682,1230,-548
218000317,1050,1273,-223
218000318,564,971,-407
218000319,983,1361,-378
218000320,796,709,87
218000338,52,28,24
218000345,193,119,74
218000346,36,182,-146
218000459,76,375,-299
218000490,44,43,1
218000501,175,159,16
218000502,36,118,-82
218000503,116,20,96
218000504,118,31,87
218000505,77,176,-99
218000506,33,301,-268
218000508,28,8,20
218000510,110,12,98
218000520,128,130,-2
218000521,8,49,-41
218000522,1,199,-198
218000523,136,3,133
218000524,65,209,-144
218000525,188,21,167
218000526,53,163,-110
218000529,18,177,-159
218000530,15,2,13
218000531,26,64,-38
218000532,43,18,25
218000534,145,5,140
218000537,22,79,-57
218000538,233,287,-54
218000540,598,113,485
218000543,144,66,78
218000544,44,102,-58
218000545,40,69,-29
218000546,53,82,-29
218000547,129,143,-14
218000548,165,166,-1
218000549,489,387,102
218000550,220,430,-210
218000551,181,769,-588
218000552,580,70,510
218000553,48,94,-46
218000554,62,39,23
218000555,60,33,27
218000556,174,304,-130
218000557,236,110,126
218000558,84,1,83
218000559,0,31,-31
218000560,0,35,-35
218000561,21,1,20
218000562,43,242,-199
218000563,230,28,202
218000564,13,132,-119
218000565,264,57,207
218000566,513,47,466
218000567,7,141,-134
218000568,75,1,74
218000569,20,152,-132
218000570,131,11,120
218000571,16,131,-115
218000572,164,2,162
218000573,10,157,-147
218000574,132,59,73
218000575,92,2,90
218000576,0,93,-93
218000577,130,3,127
218000578,1,88,-87
218000579,133,26,107
218000581,10,106,-96
218000582,71,12,59
218000583,20,0,20
218000584,0,42,-42
218000585,41,5,36
218000586,7,47,-40
218000587,10,6,4
218000588,0,2,-2
218000589,2,7,-5
218000590,18,0,18
218000591,1,3,-2
218000592,86,0,86
218000593,0,1,-1
218000594,0,1,-1
218000595,0,0,0
218000596,0,0,0
218000597,0,0,0
218000598,0,0,0
218000599,0,0,0
218000600,125,1,124
218000601,0,2,-2
218000602,4,10,-6
218000603,0,8,-8
218000604,45,1,44
218000605,2,151,-149
218000606,235,4,231
218000607,10,48,-38
218000608,52,12,40
218000609,6,64,-58
218000610,59,5,54
218000611,27,5,22
218000612,1,39,-38
218000613,46,3,43
218000614,2,60,-58
218000615,220,9,211
218000616,35,192,-157
218000617,37,2,35
218000618,1,24,-23
218000619,83,60,23
218000620,6,35,-29
218000621,0,1,-1
218000622,0,32,-32
218000623,314,1,313
218000624,25,36,-11
218000625,34,0,34
218000626,2,4,-2
218000628,164,44,120
218000631,23,9,14
218000632,1,99,-98
218000633,143,1,142
218000634,8,39,-31
218000635,20,19,1
218000636,1050,1703,-653
218000637,938,663,275
218000638,207,39,168
218000639,61,236,-175
218000640,381,38,343
218000641,103,438,-335
218000652,71,130,-59
218000653,181,75,106
218000663,2,108,-106
218000675,45,57,-12
218000676,7,32,-25
218000677,10,10,0
218000680,311,386,-75
218000681,369,96,273
218000691,180,242,-62
218000693,256,95,161
218000703,7,51,-44
218000718,910,1031,-121
218000719,1304,593,711
218000720,26,185,-159
218000721,308,17,291
218000725,9,14,-5
218001214,28,110,-82
218001329,95,82,13
218001330,59,61,-2
218001351,57,11,46
218001352,11,18,-7
218001353,29,8,21
218001354,5,29,-24
219000001,62,42,20
219000002,62,109,-47
219000003,49,22,27
219000004,35,40,-5
219000017,125,15,110
219000020,222,282,-60
219000022,158,41,117
219000023,1028,15,1013
219000029,0,79,-79
219000034,32,19,13
219000039,95,110,-15
219000040,32,41,-9
219000041,107,34,73
219000051,0,50,-50
219000052,0,39,-39
219000053,0,189,-189
219000054,930,316,614
219000055,161,1,160
219000056,24,1,23
219000057,83,6,77
219000062,18,109,-91
219000063,68,6,62
219000064,2,84,-82
219000110,565,50,515
219000111,242,68,174
219000112,209,122,87
219000113,102,278,-176
219000114,309,754,-445
219000116,112,82,30
219000117,165,86,79
219000118,919,65,854
219000123,269,150,119
219000124,233,89,144
219000125,7,19,-12
219000126,137,114,23
219000127,2,1,1
219000128,20,119,-99
219000129,33,111,-78
219000130,523,463,60
219000131,739,872,-133
219000133,119,59,60
219000134,14,21,-7
219000135,36,68,-32
219000136,105,212,-107
219000138,103,22,81
219000139,53,63,-10
219000140,67,2,65
219000141,33,133,-100
219000142,19,106,-87
219000143,13,109,-96
219000145,28,62,-34
219000146,4,22,-18
219000147,1,45,-44
219000148,4,57,-53
219000149,21,101,-80
219000150,0,94,-94
219000151,4,53,-49
219000157,323,188,135
219000158,359,252,107
219000161,135,13,122
219000163,1697,606,1091
219000166,263,219,44
219000167,266,254,12
219000168,353,227,126
219000174,420,138,282
219000175,83,4,79
219000176,66,15,51
219000177,38,3,35
219000178,77,6,71
219000179,39,3,36
219000180,38,50,-12
219000182,125,26,99
219000183,95,61,34
219000184,106,9,97
219000185,5,79,-74
219000186,42,60,-18
219000187,61,135,-74
219000189,136,177,-41
219000190,165,229,-64
219000191,1150,1291,-141
219000192,189,148,41
219000193,346,163,183
219000195,3,75,-72
219000196,4,111,-107
219000198,21,203,-182
219000199,85,365,-280
219000200,46,315,-269
219000201,73,341,-268
219000203,84,163,-79
219000204,401,210,191
219000205,191,190,1
219000207,161,369,-208
219000209,26,92,-66
219000210,69,93,-24
219000213,7,199,-192
219000239,225,299,-74
219000240,271,464,-193
219000241,132,203,-71
219000242,121,172,-51
219000243,84,272,-188
219000244,42,69,-27
219000245,36,39,-3
219000246,45,26,19
219000247,165,36,129
219000248,704,387,317
219000249,161,107,54
219000250,93,152,-59
219000251,587,222,365
219000252,250,183,67
219000253,506,84,422
219000255,112,107,5
219000256,323,85,238
219000257,147,1,146
219000262,207,177,30
219000263,60,165,-105
219000267,1,102,-101
219000268,2,5,-3
219000269,7,3,4
219000270,10,0,10
219000271,99,9,90
219000278,9,6,3
219000279,17,3,14
219000283,0,15,-15
219000295,3,114,-111
219000296,78,550,-472
219000297,14,111,-97
219000298,22,133,-111
219000299,433,146,287
219000300,31,229,-198
219000301,226,389,-163
219000302,44,232,-188
219000307,74,45,29
219000308,41,169,-128
219000311,226,62,164
219000312,596,113,483
219000313,354,54,300
219000314,52,473,-421
219000315,227,81,146
219000316,544,77,467
219000317,76,20,56
219000320,1,45,-44
219000321,0,26,-26
219000323,3,90,-87
219000325,4,26,-22
219000326,46,109,-63
219000327,43,60,-17
219000328,29,56,-27
219000329,332,106,226
219000330,51,38,13
219000331,41,41,0
219000332,110,85,25
219000333,26,11,15
219000335,93,3,90
219000337,35,2,33
219000338,131,0,131
219000344,108,79,29
219000345,73,107,-34
219000346,30,133,-103
219000348,105,146,-41
219000349,48,215,-167
219000350,100,213,-113
219000351,13,6,7
219000352,494,150,344
219000353,108,41,67
219000354,234,123,111
219000355,183,80,103
219000356,1588,1391,197
219000363,308,67,241
219000364,98,50,48
219000365,110,21,89
219000366,263,406,-143
219000368,434,640,-206
219000370,1337,416,921
219000371,13,26,-13
219000382,11,19,-8
219000383,625,930,-305
219000385,712,497,215
219000386,864,1626,-762
219000387,5,16,-11
219000390,14,2,12
219000391,3,14,-11
219000397,66,96,-30
219000398,89,125,-36
219000401,12,160,-148
219000402,77,162,-85
219000403,172,343,-171
219000404,32,168,-136
219000407,7,51,-44
219000409,65,61,4
219000410,201,41,160
219000411,84,20,64
219000446,217,413,-196
219000447,0,22,-22
219000448,25,15,10
219000452,124,57,67
219000453,49,119,-70
219000454,285,284,1
219000556,240,86,154
219000558,379,260,119
219000590,67,190,-123
219000591,71,88,-17
219000592,130,352,-222
219000595,6,25,-19
219000635,254,63,191
219000636,29,104,-75
219000657,43,53,-10
219000658,53,101,-48
219000673,0,27,-27
219000676,153,17,136
219000679,71,10,61
219000684,137,3,134
219000685,1,72,-71
219000686,0,1,-1
219000688,1,89,-88
219000689,32,281,-249
219000690,174,31,143
219000691,78,250,-172
219000692,221,28,193
219000693,0,33,-33
219000694,11,0,11
219000695,48,5,43
219000698,24,1,23
219000699,0,16,-16
219000727,0,102,-102
219000728,392,6,386
219000770,46,0,46
219000771,0,35,-35
219000788,24,16,8
219001150,10,27,-17
219001151,0,3,-3
219001166,19,21,-2
219001167,4,121,-117
220000001,80,55,25
220000002,20,99,-79
220000003,878,274,604
220000004,846,573,273
220000005,1569,2019,-450
220000006,414,1026,-612
220000007,408,669,-261
220000008,381,1046,-665
220000009,421,477,-56
220000010,350,166,184
220000011,642,3688,-3046
220000012,155,457,-302
220000014,113,53,60
220000015,65,137,-72
220000017,41,340,-299
220000018,5489,2614,2875
220000019,134,280,-146
220000020,604,355,249
220000021,675,247,428
220000022,717,505,212
220000023,421,210,211
220000024,1846,388,1458
220000025,1022,897,125
220000026,302,290,12
220000027,44,129,-85
220000028,38,49,-11
220000029,68,159,-91
220000030,179,80,99
220000031,413,318,95
220000064,9,1137,-1128
221000046,9,0,9
221000047,0,3,-3
221000048,0,3,-3
221000049,0,9,-9
221000050,95,2,93
221000055,42,60,-18
221000057,46,29,17
221000068,328,112,216
221000069,267,42,225
221000070,190,24,166
221000071,70,11,59
221000072,190,5,185
221000073,291,43,248
221000074,0,21,-21
221000075,10,25,-15
221000076,16,44,-28
221000077,33,130,-97
221000081,32,14,18
221000082,46,9,37
221000083,27,10,17
221000084,13,7,6
221000085,81,72,9
221000086,18,123,-105
221000087,7,177,-170
221000088,18,180,-162
221000089,34,293,-259
221000090,166,529,-363
221000098,85,7,78
221000099,196,10,186
221000100,55,8,47
221000101,133,16,117
221000102,83,18,65
221000109,9,108,-99
221000110,12,139,-127
221000111,33,163,-130
221000112,8,157,-149
221000113,12,187,-175
221000114,18,161,-143
221000120,31,32,-1
221000121,2,26,-24
221000122,67,34,33
221000123,8,16,-8
221000124,54,260,-206
221000155,92,20,72
221000156,48,23,25
221000175,0,1,-1
221000176,1,2,-1
221000182,53,25,28
221000241,471,315,156
221000242,219,463,-244
221000243,444,177,267
221000244,256,481,-225
221000245,193,111,82
221000246,63,229,-166
221000247,48,131,-83
221000248,60,113,-53
221000267,49,711,-662
221000325,92,50,42
221000331,16,95,-79
221000338,10,21,-11
221000378,160,20,140
221000381,57,64,-7
222000282,12,3,9
222000296,3,31,-28
222000568,284,16,268
222000569,151,39,112
222000570,110,22,88
222000571,258,37,221
222000577,12,213,-201
222000578,35,195,-160
222000579,15,185,-170
222000580,148,1134,-986
222000599,2,187,-185
222000600,2,465,-463
222000601,6,1162,-1156
222000603,30,41,-11
222000604,3,44,-41
222000605,16,23,-7
222000606,4,18,-14
222000607,1,13,-12
222000608,32,21,11
222000609,63,312,-249
222000616,368,55,313
222000617,25,22,3
222000618,5,9,-4
222000620,51,8,43
222000621,124,9,115
222000623,541,6,535
222000624,319,5,314
222000625,611,57,554
222000636,41,0,41
222000686,34,35,-1
222000687,48,34,14
222001066,392,2,390
222001067,16,8,8
222001068,51,46,5
222001069,35,78,-43
222001082,9,67,-58
222001083,22,66,-44
222001084,0,24,-24
222001085,0,246,-246
222001111,40,204,-164
222001112,77,60,17
222001313,38,6,32
222001314,6,194,-188
222001464,70,43,27
222001465,24,135,-111
222001484,100,87,13
222001485,33,64,-31
222001494,424,156,268
222001495,153,380,-227
222001496,357,74,283
222001497,155,511,-356
222001502,28,126,-98
222001503,186,74,112
222001504,31,365,-334
222001505,476,40,436
222001506,39,405,-366
222001507,374,27,347
222001510,341,47,294
222001511,69,460,-391
222001514,586,292,294
222001515,313,756,-443
222001518,242,89,153
222001519,55,347,-292
222001527,186,112,74
222001528,72,226,-154
222001529,289,87,202
222001530,68,271,-203
222001533,311,430,-119
222001534,393,130,263
222001535,250,266,-16
222001536,192,372,-180
222001537,238,65,173
222001538,114,636,-522
222001563,583,76,507
222001564,84,687,-603
222001568,483,142,341
222001576,1,1,0
222001579,4,7,-3
222001583,15,199,-184
222001584,96,6,90
222001596,1168,1311,-143
222001597,2543,303,2240
222001626,1,259,-258
222001650,233,132,101
222001651,121,175,-54
222001914,237,160,77
222001915,58,307,-249
222900004,445,283,162
222900009,547,923,-376
222900019,181,253,-72
222900024,24,21,3
222900025,3,36,-33
225000001,549,237,312
225000002,1135,177,958
225000003,767,93,674
225000004,327,252,75
225000005,217,67,150
225000006,0,223,-223
225000007,1868,1359,509
225000010,320,7,313
225000011,471,939,-468
225000012,219,523,-304
225000013,98,123,-25
225000014,879,92,787
225000015,76,168,-92
225000021,771,227,544
225000027,234,643,-409
225000032,651,164,487
225000042,81,689,-608
225000049,86,67,19
225000050,61,10,51
225000053,10,413,-403
225000058,604,157,447
225000067,405,151,254
225000068,124,339,-215
225000069,130,410,-280
225000070,73,399,-326
225000071,30,204,-174
225000075,31,977,-946
225000076,80,158,-78
225000078,88,63,25
225000085,124,114,10
225000086,264,72,192
225000087,208,30,178
225000088,12,260,-248
225000089,328,988,-660
225000090,73,462,-389
225000091,149,175,-26
225000092,169,55,114
225000093,452,247,205
225000094,19,254,-235
225000095,310,426,-116
225000096,304,471,-167
225000098,622,311,311
225000099,338,211,127
225000100,306,218,88
225000104,112,477,-365
225000110,21,445,-424
225000111,315,1272,-957
225000112,344,1337,-993
225000113,187,566,-379
225000114,76,290,-214
225000115,1631,708,923
225000116,1041,225,816
225000117,779,249,530
225000118,911,276,635
225000119,225,88,137
225000120,1156,36,1120
225000121,253,25,228
225000123,585,31,554
225000125,365,206,159
225000126,706,170,536
225000127,621,1276,-655
225000128,409,748,-339
225000132,280,55,225
225000133,346,53,293
225000134,609,201,408
225000135,71,25,46
225000136,243,18,225
225000137,277,50,227
225000138,312,74,238
225000143,88,458,-370
225000144,4,526,-522
225000145,188,79,109
225000146,72,121,-49
225000147,44,290,-246
225000148,27,237,-210
225000149,121,635,-514
225000151,35,319,-284
225000155,309,483,-174
225000156,175,868,-693
225000157,196,405,-209
225000158,98,329,-231
225000171,5,162,-157
225000180,40,5,35
225000181,2,75,-73
225000182,49,28,21
225000185,3,353,-350
225000187,118,354,-236
225000191,119,2,117
225000194,0,7,-7
225000208,0,53,-53
225000209,94,27,67
225000210,11,336,-325
225000217,2,14,-12
225000218,45,2,43
225000223,0,39,-39
225000224,48,1,47
225000225,1,25,-24
225000226,49,1,48
225000227,34,91,-57
225000228,14,42,-28
225000229,1,81,-80
225000230,228,1,227
225000231,1,72,-71
225000232,205,2,203
225000241,66,1,65
225000242,0,52,-52
225000249,16,0,16
225000250,57,949,-892
225000251,334,42,292
225000254,2,2,0
225000256,3,90,-87
225000257,2,88,-86
226000042,311,521,-210
226000043,68,278,-210
226000044,127,595,-468
226000045,84,471,-387
226000046,329,117,212
226000047,360,91,269
226000048,312,83,229
226000049,233,161,72
226000070,0,48,-48
226000071,0,51,-51
226000072,0,25,-25
226000073,0,10,-10
226000074,0,12,-12
226000084,0,62,-62
226000085,12,6,6
226000086,4,14,-10
226000087,7,19,-12
226000088,60,66,-6
226000090,248,82,166
226000091,39,29,10
226000092,26,17,9
226000093,29,1,28
226000094,10,2,8
226000095,17,5,12
226000105,10,5,5
226000106,3,0,3
226000107,3,0,3
226000108,25,0,25
226000109,77,0,77
226000124,116,60,56
226000134,632,503,129
226000135,1438,540,898
226000136,1935,403,1532
226000137,20,354,-334
226000138,13,196,-183
226000139,2,12,-10
226000156,118,6,112
226000157,362,10,352
226000163,88,106,-18
226000202,11,430,-419
226000231,281,6,275
226000232,75,3,72
227000033,306,56,250
227000036,258,24,234
227000037,276,21,255
227000038,208,32,176
227000084,1,100,-99
227000085,2,50,-48
227000088,40,4,36
227000089,117,0,117
227000090,50,2,48
227000091,9,0,9
227000092,30,2,28
227000093,103,1,102
227000094,29,1,28
227000130,33,64,-31
227000131,92,235,-143
227000132,18,221,-203
227000133,17,267,-250
227000134,15,376,-361
227000152,0,13,-13
227000153,0,64,-64
227000154,0,19,-19
227000155,2,18,-16
227000156,1,20,-19
227000165,10,45,-35
227000196,372,338,34
227000199,300,593,-293
227000230,27,497,-470
227000232,572,24,548
227000242,62,586,-524
227000243,478,54,424
227000245,12,368,-356
227000246,125,570,-445
227000247,359,77,282
227000248,112,34,78
227000249,32,182,-150
227000250,426,112,314
227000251,140,192,-52
227000252,49,331,-282
227000253,103,25,78
227000262,314,62,252
227000266,1320,28,1292
227000267,45,1665,-1620
227000282,8,210,-202
227000284,492,33,459
227000286,4,90,-86
227000291,13,643,-630
227000296,339,249,90
227000484,251,23,228
227000485,22,924,-902
227000655,167,19,148
227000656,698,22,676
227000657,130,14,116
227000704,351,19,332
229000265,3,10,-7
229000266,2,2,0
229000267,10,3,7
229000268,50,0,50
229000269,207,0,207
229000274,5,42,-37
229000275,5,33,-28
229000276,0,33,-33
229000277,0,4,-4
229000278,0,12,-12
229000295,18,50,-32
229000296,128,13,115
229000297,17,29,-12
229000298,5,168,-163
229000320,28,16,12
229000321,47,17,30
229000412,31,98,-67
229000414,17,61,-44
229000415,47,9,38
229000416,1,10,-9
229000417,4,29,-25
229000419,241,352,-111
229000440,496,83,413
229000442,36,16,20
229000443,2,11,-9
229000444,12,40,-28
229000445,87,15,72
229000446,71,22,49
229000491,6,22,-16
229000492,5,107,-102
229000493,8,98,-90
229000494,66,4,62
229000495,128,2,126
229000496,66,2,64
229000507,1,65,-64
229000508,0,43,-43
229000509,0,66,-66
229000510,1,37,-36
229000511,2,52,-50
229000512,0,32,-32
229000513,0,4,-4
229000514,0,0,0
229000517,4,4,0
229000518,23,22,1
229000519,0,15,-15
229000520,22,34,-12
229000521,46,22,24
229000522,7,5,2
229000523,24,20,4
229000524,8,5,3
229000527,3,0,3
229000528,0,0,0
229000529,10,0,10
229000530,45,5,40
229000531,45,2,43
229000532,53,0,53
229000533,67,1,66
229000534,64,0,64
229000564,64,0,64
229000565,20,0,20
229000566,0,17,-17
229000567,0,43,-43
229000582,81,4,77
229000583,7,3,4
229000584,0,41,-41
229000585,1,75,-74
229000718,0,2,-2
229000719,0,0,0
229000720,0,11,-11
229000721,0,8,-8
229000722,0,11,-11
229000723,0,8,-8
229000724,0,1,-1
229000725,0,2,-2
229000738,0,0,0
229000739,4,0,4
229000740,6,0,6
229000741,13,0,13
229000742,8,0,8
229000743,16,1,15
229000744,3,0,3
229000745,3,0,3
229000746,23,0,23
229000847,54,0,54
229000848,18,0,18
229000849,60,0,60
229000851,30,0,30
229000854,0,33,-33
229000856,0,108,-108
229000857,0,38,-38
229000858,0,73,-73
229000919,43,86,-43
229000930,4,425,-421
229000937,77,17,60
229000966,67,22,45
229000981,17,48,-31
229000985,16,37,-21
229000986,4,5,-1
229000987,0,3,-3
229000988,0,19,-19
229000989,22,24,-2
229000990,9,5,4
229000991,1,2,-1
229000992,24,18,6
229000993,194,52,142
229000998,10,88,-78
229000999,60,29,31
229001034,3,30,-27
229001035,9,0,9
229001036,3,85,-82
229001037,44,5,39
229001038,0,7,-7
229001039,8,1,7
229001040,0,80,-80
229001041,91,0,91
229001042,12,29,-17
229001047,9,57,-48
229001050,25,40,-15
229001168,0,19,-19
229001200,11,4,7
229001338,6,90,-84
229001394,190,3,187
229001422,101,39,62
229001423,22,185,-163
229001431,50,50,0
229001432,99,85,14
229001444,248,65,183
229001445,44,176,-132
229001479,21,8,13
229001503,135,95,40
229001504,109,215,-106
229001505,109,62,47
229001506,155,209,-54
229001509,87,50,37
229001510,7,50,-43
229001545,72,5,67
229001546,49,139,-90
229001553,116,29,87
229001554,100,132,-32
229001630,90,54,36
229001631,16,29,-13
229001635,1,10,-9
229001636,10,1,9
229001658,0,139,-139
229001659,67,0,67
229001660,10,9,1
229001661,11,24,-13
229001662,21,0,21
229001663,0,57,-57
229002584,271,241,30
229002831,315,145,170
229002841,6,23,-17
229002842,18,26,-8
229002843,102,32,70
229002844,71,90,-19
229002845,17,95,-78
229002846,17,19,-2
229002847,0,6,-6
229002848,3,27,-24
229002849,2,66,-64
229002850,19,0,19
229002851,21,96,-75
229002852,200,42,158
229002853,141,28,113
229002854,27,74,-47
229002855,4,22,-18
229002856,67,23,44
229002857,7,67,-60
229002858,13,12,1
229002859,26,23,3
229002860,208,17,191
229002861,294,27,267
229002862,49,31,18
229002863,53,17,36
229002864,15,63,-48
229002865,15,23,-8
229002866,13,19,-6
229002867,9,41,-32
229002868,12,17,-5
229002869,18,147,-129
229002870,42,15,27
235000066,551,93,458
235000067,150,131,19
235000072,16,74,-58
235000073,99,526,-427
235000074,47,105,-58
235000080,45,96,-51
235000081,152,167,-15
235000082,121,138,-17
235000083,135,127,8
235000084,56,73,-17
235000085,117,107,10
235000089,127,35,92
235000092,46,226,-180
235000093,11,3,8
235000097,5,8,-3
235000098,60,27,33
235000099,80,29,51
235000116,84,29,55
235000117,994,15,979
235000133,8,469,-461
235000134,10,140,-130
235000206,13,1,12
235000207,5,1,4
235000208,7,0,7
235000209,7,3,4
235000210,11,6,5
235000212,5,19,-14
235000213,1,7,-6
235000220,1,5,-4
235000221,67,14,53
235000238,29,56,-27
235000239,4,18,-14
235000242,387,463,-76
235000245,726,206,520
235000246,13,64,-51
235000284,8,112,-104
235000295,157,24,133
235000305,269,18,251
235000306,154,12,142
235000307,164,0,164
235000308,45,1,44
235000309,65,1,64
235000310,69,1,68
235000311,182,13,169
235000322,0,35,-35
235000323,0,47,-47
235000324,0,19,-19
235000325,1,10,-9
235000326,13,282,-269
235000351,2,66,-64
235000352,16,61,-45
235000353,9,36,-27
235000354,9,47,-38
235000355,14,53,-39
235000356,1566,11,1555
235000357,382,25,357
235000358,164,9,155
235000359,8,8,0
235000360,96,24,72
235000361,65,16,49
235000381,59,283,-224
235000382,116,85,31
235000390,12,2,10
235000391,92,26,66
235000392,181,270,-89
235000393,113,144,-31
235000395,107,53,54
235000396,326,143,183
235000400,169,47,122
235000401,31,179,-148
235000405,90,413,-323
235000406,71,346,-275
235000407,264,97,167
235000409,360,173,187
235000410,42,241,-199
235000411,5,76,-71
235000485,0,11,-11
235000486,10,0,10
235000549,263,180,83
235000550,135,219,-84
235000599,128,44,84
235000600,15,11,4
235000601,7,37,-30
235000602,118,85,33
235000614,0,3,-3
235000648,0,29,-29
235000649,43,3,40
235000685,1,4,-3
235000815,11,42,-31
235000834,0,7,-7
235000855,128,101,27
235000862,34,162,-128
235000891,0,9,-9
235000892,20,1,19
235000901,373,109,264
235000907,8,30,-22
235001010,112,128,-16
235001029,638,490,148
235001030,309,300,9
235001078,77,113,-36
235001079,96,112,-16
235001147,58,97,-39
235001166,30,107,-77
235001167,25,66,-41
235001169,19,324,-305
235001188,2,9,-7
235001189,0,5,-5
235001197,16,16,0
235001200,43,40,3
235001207,120,14,106
235001208,21,8,13
235001209,13,28,-15
235001210,39,143,-104
235001215,20,61,-41
235001239,5,79,-74
235001244,0,8,-8
235016267,0,50,-50
241900007,83,1,82
277101746,0,1,-1
277102712,1,0,1
277103813,0,0,0
277103898,0,2,-2
277104249,0,2,-2
277104250,0,5,-5
277104251,0,9,-9
277104252,0,1,-1
990011530,0,195,-195
990014944,9,814,-805
990015176,45,1,44
990015618,0,286,-286
990016032,2,565,-563
990032570,6,356,-350
990070001,86,7,79
990070103,0,4,-4
990070601,1,77,-76
990070751,892,2,890
990070766,3,557,-554
990071180,548,262,286
990071343,23,3,20
990071387,0,34,-34
990071823,739,32,707
990072600,2,838,-836
990072964,1,547,-546
990073285,0,3,-3
990074393,0,1079,-1079
990074870,1357,8,1349
990075106,1750,39,1711
990075746,473,5,468
990076437,1223,5,1218
990076458,2,1064,-1062
997000007,737,11,726
997000041,1,242,-241
997000058,55,0,55
997000062,68,0,68
997000069,0,4,-4
997000070,0,37,-37
997000100,29,0,29
997000141,16,2746,-2730
997000198,6,1583,-1577
998000475,5,43,-38
998000736,1,221,-220
998000965,0,25,-25
998001031,1,74,-73
998001700,0,46,-46
998001899,0,3,-3
998001900,7,3,4
998003073,2991,91,2900
998101900,0,0,0
998102850,4,225,-221
998501927,1233,599,634
998501929,70,4,66
998501930,103,41,62
998501931,153,32,121
998501932,26,10,16
998501933,51,4,47
998501937,66,42,24
998501944,8,1,7
998501950,0,0,0
998501970,165,4,161
998501971,0,119,-119
998501973,1,93,-92
998501974,0,314,-314
998501975,275,39,236
998501976,134,0,134
998501977,0,33,-33
998501978,98,1,97
998501979,0,13,-13
998501980,158,8,150
998501981,30,1,29
998501982,0,103,-103
998501983,0,0,0
998502006,0,0,0
998502024,0,3,-3
998502032,0,1,-1
998502062,20,0,20
998502063,0,0,0
998502173,46,1,45
998502269,0,1,-1
998601159,0,297,-297
998601292,0,26,-26
999033574,2,361,-359
999800001,53,3,50
999800002,0,5,-5
999800003,2,1,1
999800004,0,7,-7
999800005,0,8,-8
