ID,insum,outsum,diff
100000001,681,1259,-578
100000002,5662,1991,3671
100000003,9333,4710,4623
100000004,1700,1485,215
100000005,3278,5878,-2600
100000006,1236,175,1061
100000007,3482,1185,2297
100000008,463,723,-260
100000009,1201,1208,-7
100000010,426,226,200
100000011,1138,151,987
100000012,118,924,-806
100000013,1352,325,1027
100000014,895,392,503
100000015,2165,3350,-1185
100000016,1368,1876,-508
100000017,1231,1083,148
100000018,2539,823,1716
100000019,6443,2630,3813
100000020,3099,9972,-6873
100000021,7032,3021,4011
100000022,2833,2698,135
100000023,7053,2091,4962
100000025,2631,1443,1188
100000028,2868,1337,1531
100000029,358,366,-8
100000030,341,108,233
100000031,6965,10006,-3041
100000032,4082,5337,-1255
100000033,1275,3415,-2140
100000034,727,671,56
100000035,2868,1708,1160
100000036,3604,1805,1799
100000037,965,643,322
100000038,2934,1443,1491
100000039,1681,382,1299
100000040,334,230,104
100000041,1700,739,961
100000042,2779,719,2060
100000043,1785,565,1220
100000044,486,897,-411
100000045,801,1824,-1023
100000046,1072,1409,-337
100000047,570,969,-399
100000048,1830,878,952
100000049,2747,2906,-159
100000051,845,1497,-652
100000053,218,16,202
100000054,626,63,563
100000055,1877,375,1502
100000056,736,676,60
100000057,2989,1055,1934
100000058,1756,1894,-138
100000059,30,189,-159
100000060,486,578,-92
100000061,2816,704,2112
100000062,2848,871,1977
100000063,948,384,564
100000064,1868,518,1350
100000065,539,1360,-821
100000066,290,1015,-725
100000067,630,1220,-590
100000068,711,2790,-2079
100000069,476,2267,-1791
100000072,538,1496,-958
100000073,1640,1728,-88
100000075,985,424,561
100000076,3871,3398,473
100000077,392,286,106
100000078,68,39,29
100000079,104,100,4
100000080,37,59,-22
100000081,282,261,21
100000102,3739,2404,1335
100000103,6411,1748,4663
100000104,7719,3552,4167
100000105,3864,2065,1799
100000106,3511,3092,419
100000107,1261,1211,50
100000108,1199,1374,-175
100000109,4522,1729,2793
100000116,2063,1399,664
100000117,149,118,31
100000118,2248,1324,924
100000119,732,953,-221
100000121,441,619,-178
100000122,1009,1301,-292
100000123,5216,6219,-1003
100000124,9299,9980,-681
100000125,5564,1773,3791
100000126,1194,512,682
100000127,2261,628,1633
100000128,2609,2481,128
100000129,661,714,-53
100000130,555,739,-184
100000131,4018,4804,-786
100000132,2277,4173,-1896
100000133,9325,3821,5504
100000135,677,1406,-729
100000139,671,346,325
100000140,696,397,299
100000142,631,763,-132
100000143,2464,983,1481
100000144,4924,1186,3738
100000147,1327,3441,-2114
100000150,55,559,-504
100000151,1677,1247,430
100000153,381,614,-233
100000154,139,247,-108
100000155,61,73,-12
100000156,585,415,170
100000157,148,106,42
100000158,311,76,235
100000159,525,737,-212
100000165,2076,1048,1028
100000169,634,590,44
100000174,1391,602,789
100000179,115,790,-675
100000180,8423,2702,5721
100000181,704,347,357
100000188,115,366,-251
100000189,2627,529,2098
100000190,1128,875,253
100000191,938,704,234
100000192,79,213,-134
100000193,276,213,63
100000330,1737,1343,394
100000355,348,792,-444
100000362,8077,4771,3306
100000363,5031,6680,-1649
100000364,431,252,179
100000365,7412,7368,44
100000366,8913,3871,5042
100000367,6666,6393,273
100000368,4147,2374,1773
100000369,2277,2576,-299
100000370,607,890,-283
100000376,205,192,13
100000379,4746,2093,2653
100000380,8521,4825,3696
100000384,8651,7406,1245
100000385,7077,6335,742
100000386,11431,6745,4686
100000387,7152,7593,-441
100000388,10462,8693,1769
100000389,10751,8644,2107
100000390,12360,7442,4918
100000391,9551,10096,-545
100000392,5596,4391,1205
100000393,4131,5686,-1555
100000394,12116,10359,1757
100000395,7846,4122,3724
100000396,11204,4190,7014
100000397,7708,6239,1469
100000398,15843,10483,5360
100900002,12,93,-81
100900003,457,191,266
100900004,41,1031,-990
100900005,200,32,168
100900006,28,189,-161
100900007,721,23,698
100900008,3,416,-413
100900009,119,172,-53
100900010,207,162,45
100900011,186,309,-123
100900012,1,236,-235
100900013,1727,12,1715
100900014,3,12,-9
100900015,156,126,30
100900016,14,71,-57
100900017,1739,118,1621
100900018,0,38,-38
100900019,62,335,-273
100900020,448,12,436
100900021,539,0,539
100900022,40,90,-50
100900023,2,120,-118
100900024,1279,6,1273
100900025,33,40,-7
100900026,144,186,-42
100900027,1112,4421,-3309
100900028,201,294,-93
100900029,92,26,66
100900030,3,43,-40
100900031,1008,99,909
100900032,274,2,272
100900033,462,264,198
100900034,708,0,708
100900035,995,3,992
100900036,38,4,34
100900037,141,323,-182
100900038,163,53,110
100900039,338,730,-392
100900040,523,1045,-522
100900041,755,842,-87
100900042,1839,601,1238
100900043,0,48,-48
100900044,3039,741,2298
100900045,116,1,115
100900046,1711,21,1690
100900047,1241,498,743
100900048,259,67,192
100900049,158,241,-83
100900050,8,24,-16
100900051,59,104,-45
100900052,756,74,682
100900053,476,60,416
100900054,22,121,-99
100900055,422,793,-371
100900056,250,370,-120
100900057,874,1703,-829
100900058,385,92,293
100900059,278,8,270
100900060,184,19,165
100900061,545,342,203
100900062,10,61,-51
100900063,292,724,-432
100900064,940,37,903
100900065,156,112,44
100900066,110,245,-135
100900067,4,23,-19
100900068,434,134,300
100900069,1118,21,1097
100900070,511,12,499
100900071,1095,424,671
100900072,1,72,-71
100900073,199,656,-457
100900074,13,22,-9
100900075,2415,552,1863
100900076,36,55,-19
100900077,38,161,-123
100900078,176,567,-391
100900079,3,47,-44
100900080,46,294,-248
100900081,68,277,-209
100900082,151,701,-550
100900083,11,53,-42
100900085,26,135,-109
100900086,268,1615,-1347
100900088,144,756,-612
100900089,6,42,-36
100900090,225,809,-584
100900091,3,47,-44
100900092,551,457,94
100900093,323,676,-353
100900094,146,695,-549
100900095,4,30,-26
100900096,62,161,-99
100900097,1,5,-4
100900098,28,15,13
100900099,64,759,-695
100900100,28,577,-549
100900101,596,92,504
100900102,527,165,362
100900103,32,34,-2
100900104,14,209,-195
100900105,39,537,-498
100900106,62,11,51
100900107,2534,1064,1470
100900108,43,37,6
100900109,19,54,-35
100900110,7,46,-39
100900111,59,181,-122
100900112,14,11,3
100900113,15,29,-14
100900114,16,29,-13
100900115,2,47,-45
100900116,1137,1407,-270
100900117,453,1132,-679
100900118,82,121,-39
100900119,31,55,-24
100900120,14,22,-8
100900121,422,1026,-604
100900122,290,325,-35
100900123,83,408,-325
100900124,5,14,-9
100900125,25,130,-105
100900126,298,825,-527
100900127,4,5,-1
100900128,139,180,-41
100900129,1,180,-179
100900131,115,390,-275
100900133,108,99,9
100900134,7,4,3
100900135,0,258,-258
100900137,419,248,171
100900138,777,631,146
100900139,8,19,-11
100900140,10,724,-714
100900141,5,551,-546
100900142,3,19,-16
100900143,1823,572,1251
100900144,38,15,23
100900145,402,231,171
100900146,25,88,-63
100900147,25,535,-510
100900148,48,879,-831
100900149,27,243,-216
100900150,3,62,-59
100900151,199,779,-580
100900152,337,16,321
100900153,13,298,-285
100900154,46,75,-29
100900155,14,25,-11
100900156,56,11,45
100900157,5,205,-200
100900159,17,40,-23
100900160,26,15,11
100900161,188,8,180
100900162,43,542,-499
100900163,328,343,-15
100900164,44,116,-72
100900165,15,75,-60
100900166,60,28,32
100900167,14,110,-96
100900168,69,238,-169
100900169,195,1176,-981
100900170,102,13,89
100900171,33,834,-801
100900172,0,16,-16
100900173,8,608,-600
100900174,995,79,916
100900176,1864,249,1615
100900177,927,365,562
100900178,504,219,285
100900179,290,339,-49
100900180,4,8,-4
100900181,128,157,-29
100900182,83,44,39
100900184,27,237,-210
100900186,945,753,192
100900187,14,159,-145
100900188,41,12,29
100900189,1452,309,1143
100900191,1637,1561,76
100900192,399,463,-64
100900195,185,207,-22
100900197,22,142,-120
100900198,35,276,-241
100900199,14,50,-36
100900200,947,616,331
100900201,214,1217,-1003
100900202,57,0,57
100900203,2,72,-70
100900204,1173,873,300
100900205,308,677,-369
100900206,177,163,14
100900207,268,178,90
100900210,85,874,-789
100900211,666,265,401
100900213,141,86,55
100900214,1181,339,842
100900215,39,100,-61
100900217,230,124,106
101000001,5713,3677,2036
101000002,6759,7476,-717
101000003,852,2806,-1954
101000004,11931,10049,1882
101000005,5765,6345,-580
101000006,9750,9633,117
101000007,3702,4893,-1191
101000008,4742,3811,931
101000009,3550,1961,1589
101000010,1192,1542,-350
101000011,2767,936,1831
101000012,1988,1156,832
101000013,863,1507,-644
101000014,781,908,-127
101000015,1198,1093,105
101000016,598,602,-4
101000017,816,638,178
101000018,4474,3876,598
101000020,6102,1661,4441
101000021,1065,513,552
101000022,459,148,311
101000023,2225,902,1323
101000025,310,544,-234
101000026,414,27,387
101000027,2460,2762,-302
101000028,1219,350,869
101000029,302,1942,-1640
101000030,2709,180,2529
101000031,1397,1014,383
101000032,13639,5315,8324
101000033,3416,4378,-962
101000034,3480,2129,1351
101000035,1236,819,417
101000036,1996,959,1037
101000037,4153,1874,2279
101000039,3801,3367,434
101000040,4594,4671,-77
101000041,18078,11065,7013
101000042,1152,2159,-1007
101000043,13343,10931,2412
101000045,2754,1284,1470
101000046,6230,1696,4534
101000047,3994,3918,76
101000048,1312,1278,34
101000049,1186,2495,-1309
101000050,4274,4027,247
101000051,3641,3537,104
101000052,2016,1279,737
101000053,1587,2442,-855
101000054,2902,1985,917
101000055,1909,1766,143
101000056,91,168,-77
101000057,2875,1327,1548
101000058,2159,1645,514
101000059,3501,2780,721
101000060,2091,693,1398
101000061,1201,1882,-681
101000062,1029,801,228
101000063,845,1233,-388
101000064,1427,1146,281
101000065,461,551,-90
101000066,1345,855,490
101000067,1610,1045,565
101000068,538,585,-47
101000069,599,128,471
101000070,1870,1279,591
101000071,2520,1145,1375
101000072,1166,3994,-2828
101000073,1303,1072,231
101000074,9327,4582,4745
101000075,8365,5265,3100
101000077,2217,1403,814
101000078,1923,2510,-587
101000079,1271,483,788
101000080,1319,521,798
101000081,2105,1849,256
101000082,4709,4104,605
101000083,3278,2795,483
101000084,1804,1238,566
101000085,2155,1533,622
101000086,1358,1485,-127
101000087,1153,1435,-282
101000088,1664,1536,128
101000089,1230,2239,-1009
101000090,2968,1710,1258
101000091,473,1204,-731
101000092,980,1437,-457
101000093,2079,1170,909
101000094,1098,1514,-416
101000095,539,902,-363
101000096,414,829,-415
101000097,778,573,205
101000098,843,843,0
101000099,1678,1605,73
101000100,1367,1080,287
101000101,411,526,-115
101000102,1220,584,636
101000103,1402,704,698
101000104,604,750,-146
101000105,1349,461,888
101000106,1245,705,540
101000107,240,485,-245
101000108,1224,441,783
101000109,351,100,251
101000110,81,776,-695
101000111,186,303,-117
101000113,260,1134,-874
101000114,11988,6615,5373
101000115,207,145,62
101000116,337,215,122
101000117,2238,371,1867
101000119,139,116,23
101000120,130,38,92
101000121,99,61,38
101000122,165,153,12
101000123,114,146,-32
101000124,932,223,709
101000125,359,591,-232
101000128,982,463,519
101000130,415,470,-55
101000131,978,861,117
101000132,758,1460,-702
101000135,124,27,97
101000136,723,200,523
101000137,50,453,-403
101000141,2178,4305,-2127
101000147,1169,623,546
101000148,1925,50,1875
101000149,128,195,-67
101000150,121,970,-849
101000151,332,80,252
101000152,423,497,-74
101000153,1071,542,529
101000154,394,1496,-1102
101000155,402,228,174
101000156,38,399,-361
101000157,85,30,55
101000160,160,37,123
101000163,407,363,44
101000164,634,457,177
101000165,384,459,-75
101000166,379,567,-188
101000168,1127,486,641
101000252,2145,1082,1063
101000254,788,131,657
101000258,69,15,54
101000261,191,52,139
101000262,1852,2144,-292
101000263,505,1636,-1131
101000265,163,991,-828
101000266,507,489,18
101000269,98,9,89
101000290,2015,4619,-2604
101000293,49,95,-46
101000294,968,649,319
101000295,163,786,-623
101000301,1101,689,412
101000304,2948,3049,-101
101000305,4645,2175,2470
101000328,70,355,-285
101900001,29,98,-69
101900002,0,16,-16
101900003,59,131,-72
101900004,8,74,-66
101900005,5308,2391,2917
101900006,1218,93,1125
101900007,944,235,709
101900008,102,496,-394
101900009,64,713,-649
101900010,1261,1003,258
101900011,479,1992,-1513
101900012,338,562,-224
101900013,1596,222,1374
101900017,28,229,-201
101900018,2002,458,1544
101900019,423,167,256
101900020,178,188,-10
101900021,1,90,-89
101900022,238,1615,-1377
101900023,293,337,-44
101900026,162,64,98
101900027,47,201,-154
102000001,4231,5746,-1515
102000002,4759,1639,3120
102000003,5887,10540,-4653
102000004,12818,4594,8224
102000005,1636,3001,-1365
102000006,1755,2720,-965
102000007,2132,6451,-4319
102000008,6851,2237,4614
102000009,8385,9595,-1210
102000010,8969,4835,4134
102000011,3917,3726,191
102000012,4537,4449,88
102000018,4555,3557,998
102000019,3686,2173,1513
102000026,331,921,-590
102000029,431,268,163
102000030,192,474,-282
102000031,126,241,-115
102000032,509,451,58
102000033,303,546,-243
102000034,874,597,277
102000035,1516,902,614
102000036,18,340,-322
102000037,308,102,206
102000038,251,410,-159
102000039,301,70,231
102000040,786,386,400
102000041,405,467,-62
102000042,411,401,10
102000043,517,397,120
102000044,564,530,34
102000045,1203,1240,-37
102000046,1268,790,478
102000047,1157,1538,-381
102000048,592,1049,-457
102000049,1250,926,324
102000050,1456,1708,-252
102000051,569,718,-149
102000052,2211,1171,1040
102000053,1120,1266,-146
102000054,844,1361,-517
102000055,1522,981,541
102000056,1053,1761,-708
102000057,2034,904,1130
102000058,1562,2338,-776
102000059,2800,2154,646
102000060,1914,1411,503
102000061,2206,3027,-821
102000062,2196,1597,599
102000063,1577,1976,-399
102000064,699,967,-268
102000065,48,182,-134
102000066,1501,1397,104
102000067,3654,4385,-731
102000068,11943,3709,8234
102000069,82,1947,-1865
102000070,2405,67,2338
102000071,9520,12283,-2763
102000072,4483,5310,-827
102000073,2294,1312,982
102000074,1234,1350,-116
102000075,137,378,-241
102000076,297,815,-518
102000077,718,1172,-454
102000078,1440,1178,262
102000079,285,353,-68
102000080,321,315,6
102000081,527,1042,-515
102000082,938,520,418
102000083,737,402,335
102000084,296,411,-115
102000085,2485,1409,1076
102000086,1354,2325,-971
102000087,1468,2264,-796
102000088,429,528,-99
102000089,1551,617,934
102000090,779,1679,-900
102000091,2035,755,1280
102000092,549,1248,-699
102000093,730,847,-117
102000094,1520,1022,498
102000095,1474,1809,-335
102000096,1328,1360,-32
102000097,1514,1509,5
102000098,742,1366,-624
102000099,1491,1149,342
102000100,1247,1670,-423
102000101,1921,1128,793
102000102,639,2513,-1874
102000103,2170,675,1495
102000104,974,440,534
102000105,292,780,-488
102000106,999,891,108
102000107,1335,868,467
102000108,1004,269,735
102000109,795,830,-35
102000110,1338,1746,-408
102000111,18,392,-374
102000112,236,139,97
102000113,23,55,-32
102000114,1010,451,559
102000115,218,427,-209
102000116,738,445,293
102000117,511,608,-97
102000118,2086,1494,592
102000119,2598,903,1695
102000120,291,657,-366
102000121,1291,806,485
102000122,849,1307,-458
102000123,1801,1742,59
102000124,2255,1539,716
102000125,1305,1366,-61
102000126,1591,1000,591
102000127,1872,1028,844
102000128,998,1427,-429
102000129,1813,1060,753
102000130,860,1222,-362
102000131,2098,1406,692
102000132,832,2131,-1299
102000133,2566,2317,249
102000134,826,979,-153
102000135,1180,1197,-17
102000136,1256,629,627
102000137,1571,1028,543
102000138,581,628,-47
102000139,450,641,-191
102000140,683,473,210
102000141,1253,961,292
102000142,559,487,72
102000143,187,524,-337
102000144,362,560,-198
102000145,586,749,-163
102000146,555,504,51
102000147,617,756,-139
102000148,276,854,-578
102000149,250,659,-409
102000150,435,196,239
102000151,144,408,-264
102000152,227,194,33
102000153,1427,656,771
102000154,550,966,-416
102000155,174,458,-284
102000156,415,168,247
102000157,192,472,-280
102000158,794,818,-24
102000159,1662,620,1042
102000161,5608,2975,2633
102000162,299,195,104
102000163,152,859,-707
102000164,1901,1562,339
102000165,590,173,417
102000166,173,225,-52
102000167,419,355,64
102000168,372,192,180
102000169,176,695,-519
102000170,808,241,567
102000171,577,235,342
102000172,421,523,-102
102000173,670,398,272
102000174,98,105,-7
102000175,378,141,237
102000176,85,52,33
102000178,470,583,-113
102000179,487,326,161
102000180,1266,627,639
102000181,895,779,116
102000182,855,752,103
102000183,2568,2497,71
102000184,2894,1218,1676
102000185,3318,2038,1280
102000186,1579,2515,-936
102000187,1280,2121,-841
102000188,1472,1953,-481
102000189,3241,1253,1988
102000190,952,3982,-3030
102000191,1866,789,1077
102000192,1394,2073,-679
102000193,74,188,-114
102000194,81,176,-95
102000195,510,611,-101
102000196,227,590,-363
102000197,823,636,187
102000198,417,1128,-711
102000199,1468,459,1009
102000200,533,1538,-1005
102000201,1167,738,429
102000202,7,174,-167
102000203,498,369,129
102000204,482,1056,-574
102000205,1261,625,636
102000206,845,1053,-208
102000207,1364,641,723
102000208,722,637,85
102000209,162,92,70
102000210,657,663,-6
102000211,798,454,344
102000212,434,18,416
102000213,12,451,-439
102000214,290,14,276
102000215,9,574,-565
102000216,59,76,-17
102000217,13,226,-213
102000218,325,165,160
102000219,559,459,100
102000225,824,820,4
102000226,5903,1662,4241
102000227,212,2,210
102000228,1,157,-156
102000229,25,75,-50
102000230,331,587,-256
102000231,424,758,-334
102000232,46,233,-187
102000233,654,1087,-433
102000234,127,1604,-1477
102000236,789,112,677
102000237,694,224,470
102000238,245,381,-136
102000240,882,969,-87
102000241,430,123,307
102000243,52,92,-40
102000245,22,178,-156
102000246,21,42,-21
102000247,1268,1459,-191
102000248,898,1139,-241
102000249,191,187,4
102000250,75,474,-399
102000254,106,503,-397
102000266,136,444,-308
102000271,24,1,23
102000286,683,586,97
102000297,2595,1519,1076
102000299,0,0,0
102000301,0,0,0
102000303,0,0,0
102000305,0,0,0
102000307,0,6,-6
102900001,1767,1151,616
102900002,508,70,438
102900003,91,262,-171
102900005,485,468,17
102900006,559,254,305
102900007,651,32,619
102900008,259,103,156
102900009,726,378,348
102900010,822,675,147
102900011,2804,516,2288
102900012,506,72,434
102900013,36,134,-98
102900015,1148,662,486
102900016,80,172,-92
102900017,211,840,-629
102900018,30,194,-164
102900019,531,733,-202
102900020,192,32,160
102900021,24,182,-158
102900022,786,239,547
102900023,59,69,-10
102900024,55,76,-21
102900025,361,193,168
102900026,786,2463,-1677
102900027,90,93,-3
102900028,237,1019,-782
102900029,230,260,-30
102900030,744,330,414
102900031,241,193,48
102900032,130,157,-27
102900033,168,261,-93
102900034,717,156,561
102900035,181,486,-305
102900036,410,703,-293
102900037,732,737,-5
102900038,839,784,55
102900039,45,736,-691
102900040,194,426,-232
102900041,109,241,-132
102900042,263,386,-123
102900043,275,441,-166
102900044,1063,2766,-1703
102900045,186,846,-660
102900046,178,323,-145
102900047,135,884,-749
102900048,959,910,49
102900049,143,525,-382
102900050,354,438,-84
102900051,301,314,-13
102900052,96,68,28
102900053,558,988,-430
102900054,1117,1719,-602
102900055,146,214,-68
102900056,121,597,-476
102900057,13,73,-60
102900058,423,114,309
102900059,21,107,-86
102900060,185,694,-509
102900061,210,618,-408
102900062,354,1294,-940
102900063,1448,549,899
102900064,241,575,-334
102900065,1864,713,1151
102900066,486,74,412
102900068,155,115,40
102900070,429,689,-260
102900072,60,59,1
102900073,369,17,352
102900075,53,70,-17
102900076,266,245,21
102900077,67,66,1
102900078,45,156,-111
102900079,204,17,187
102900080,415,54,361
102900081,99,434,-335
102900082,17,272,-255
102900083,360,20,340
102900084,19,34,-15
102900085,563,191,372
102900086,37,85,-48
102900087,146,128,18
102900088,35,40,-5
102900089,415,180,235
102900090,2,559,-557
102900091,276,15,261
102900092,437,1392,-955
102900093,364,374,-10
102900094,4,95,-91
102900095,119,2,117
102900096,169,30,139
102900097,7,193,-186
103000001,3033,3272,-239
103000002,2836,3349,-513
103000003,5007,3972,1035
103000004,1191,1009,182
103000005,2281,4026,-1745
103000006,755,1899,-1144
103000007,501,977,-476
103000008,1364,978,386
103000009,1611,1578,33
103000010,183,147,36
103000011,2013,1948,65
103000012,1636,1979,-343
103000013,6556,2759,3797
103000014,1834,3672,-1838
103000015,2300,944,1356
103000016,667,1927,-1260
103000017,266,585,-319
103000018,1074,640,434
103000019,363,412,-49
103000020,3556,2092,1464
103000021,2458,2269,189
103000022,888,1495,-607
103000023,715,2131,-1416
103000024,136,262,-126
103000025,193,799,-606
103000026,2038,225,1813
103000027,712,749,-37
103000028,701,539,162
103000029,505,386,119
103000030,2772,1337,1435
103000031,2526,2295,231
103000032,2896,2554,342
103000033,4157,3639,518
103000034,1889,1737,152
103000035,529,1817,-1288
103000036,538,819,-281
103000037,781,721,60
103000038,645,1325,-680
103000039,474,599,-125
103000040,611,1325,-714
103000041,2117,3045,-928
103000042,1630,811,819
103000043,944,1466,-522
103000044,293,215,78
103000046,417,639,-222
103000047,883,886,-3
103000048,245,302,-57
103000049,240,197,43
103000050,840,809,31
103000051,606,788,-182
103000052,1102,620,482
103000053,217,967,-750
103000054,3263,1966,1297
103000055,2533,2992,-459
103000056,742,2031,-1289
103000057,553,340,213
103000058,827,1221,-394
103000059,637,1281,-644
103000060,1119,1086,33
103000061,615,1367,-752
103000062,1287,796,491
103000063,872,1208,-336
103000064,211,364,-153
103000065,8,540,-532
103000066,276,14,262
103000069,654,555,99
103000070,1511,1120,391
103000071,1322,629,693
103000072,147,1021,-874
103000073,689,158,531
103000074,922,139,783
103000075,193,1067,-874
103000076,408,496,-88
103000077,56,524,-468
103000078,1436,727,709
103000079,1393,834,559
103000080,1702,546,1156
103000081,708,1302,-594
103000082,827,230,597
103000083,200,507,-307
103000084,218,14,204
103000085,3,171,-168
103000086,1023,505,518
103000087,187,783,-596
103000088,376,400,-24
103000089,311,606,-295
103000090,2143,932,1211
103000091,778,528,250
103000092,312,399,-87
103000093,405,507,-102
103000094,274,118,156
103000095,96,476,-380
103000096,719,174,545
103000097,132,881,-749
103000098,1302,265,1037
103000099,440,883,-443
103000100,152,1017,-865
103000101,1051,170,881
103000102,135,904,-769
103000103,987,256,731
103000104,103,152,-49
103000105,184,139,45
103000106,17,171,-154
103000107,325,100,225
103000108,823,690,133
103000109,396,373,23
103000110,613,490,123
103000111,662,579,83
103000112,485,288,197
103000113,1010,797,213
103000114,1863,594,1269
103000115,684,565,119
103000116,650,499,151
103000117,413,558,-145
103000118,1286,1043,243
103000119,1905,848,1057
103000120,122,203,-81
103000121,718,749,-31
103000122,685,567,118
103000125,29,468,-439
103000126,761,17,744
103000127,5,258,-253
103000128,290,9,281
103000129,1,178,-177
103000130,87,62,25
103000131,254,139,115
103000132,128,247,-119
103000133,19,178,-159
103000134,996,1239,-243
103000135,1051,398,653
103000136,1009,614,395
103000137,744,698,46
103000138,1064,966,98
103000139,8,81,-73
103000140,131,52,79
103000141,98,149,-51
103000142,305,106,199
103000143,74,277,-203
103000144,331,96,235
103000145,113,137,-24
103000150,171,73,98
103000152,289,286,3
103000153,265,194,71
103000156,11,509,-498
103000157,560,3,557
103000159,238,92,146
103000162,143,25,118
103000163,25,50,-25
103000164,47,14,33
103000165,116,444,-328
103000166,239,375,-136
103000167,244,133,111
103000168,92,261,-169
103000169,276,645,-369
103000170,967,571,396
103000171,148,128,20
103000172,688,532,156
103000173,675,862,-187
103000174,195,545,-350
103000175,306,523,-217
103000176,1123,985,138
103000177,880,671,209
103000178,411,409,2
103000179,422,80,342
103000183,194,38,156
103000185,128,77,51
103000186,207,286,-79
103000187,625,533,92
103000188,13,103,-90
103000189,981,1039,-58
103000191,837,954,-117
103000292,2734,2381,353
103000293,1564,2741,-1177
103000295,192,157,35
103000296,637,14,623
103000297,315,105,210
103000504,113,20,93
103000505,18,30,-12
103000506,4,379,-375
103000507,343,10,333
103000508,73,120,-47
103000509,254,745,-491
103900001,17,371,-354
103900002,1880,274,1606
103900003,2353,258,2095
103900004,127,1,126
103900005,2,412,-410
103900006,2,2,0
103900007,77,2,75
103900008,14,2,12
103900009,352,715,-363
103900010,188,488,-300
103900011,321,325,-4
103900012,16,25,-9
103900013,88,116,-28
103900014,85,23,62
103900015,69,24,45
103900016,412,273,139
103900017,106,159,-53
103900018,955,329,626
103900019,117,453,-336
103900020,265,667,-402
103900021,897,102,795
103900022,1766,975,791
103900023,167,2,165
103900024,179,552,-373
103900025,18,80,-62
103900026,515,0,515
103900027,866,433,433
103900028,20,424,-404
103900029,1382,241,1141
103900030,469,104,365
103900031,51,7,44
103900032,89,98,-9
103900033,174,23,151
103900034,43,272,-229
103900035,89,91,-2
103900036,46,47,-1
103900037,114,82,32
103900038,129,275,-146
103900039,120,545,-425
103900040,3,178,-175
103900041,66,53,13
103900042,74,457,-383
103900043,205,114,91
103900044,208,298,-90
103900045,467,242,225
103900047,95,30,65
103900048,198,25,173
103900049,383,1533,-1150
103900050,22,158,-136
103900051,1,49,-48
103900052,277,664,-387
103900053,310,1062,-752
103900054,133,646,-513
103900055,605,288,317
103900056,130,91,39
103900057,39,275,-236
103900058,374,919,-545
103900059,1,16,-15
103900060,60,265,-205
103900061,146,76,70
103900062,414,157,257
103900063,58,2,56
103900064,125,8,117
103900065,1245,566,679
103900066,200,41,159
103900067,202,15,187
103900068,21,1,20
103900069,121,16,105
103900070,234,393,-159
103900071,22,182,-160
103900072,15,317,-302
103900073,37,34,3
103900074,114,119,-5
103900075,345,144,201
103900076,490,783,-293
103900077,78,112,-34
103900078,523,209,314
103900079,211,329,-118
103900080,11,69,-58
103900081,138,31,107
103900082,14,143,-129
103900083,2073,1303,770
103900084,114,232,-118
103900085,105,214,-109
103900086,851,564,287
103900088,614,623,-9
103900089,98,213,-115
103900090,4,209,-205
103900091,1440,376,1064
103900092,1213,585,628
103900093,133,436,-303
103900094,12,195,-183
103900095,559,319,240
103900096,38,334,-296
103900097,18,625,-607
103900098,279,176,103
103900099,92,294,-202
103900100,247,518,-271
103900101,93,1288,-1195
103900102,0,50,-50
103900104,2,43,-41
103900105,122,376,-254
103900106,0,33,-33
103900107,159,319,-160
103900108,49,519,-470
103900109,143,122,21
103900110,314,76,238
103900111,152,810,-658
103900112,89,147,-58
103900113,145,286,-141
103900114,490,441,49
103900115,372,345,27
103900116,8686,3369,5317
103900117,211,132,79
103900119,38,83,-45
103900120,119,180,-61
103900122,128,416,-288
103900123,2062,1013,1049
103900124,68,660,-592
103900125,126,119,7
103900126,567,546,21
103900127,213,556,-343
103900128,216,229,-13
103900131,72,183,-111
103900133,1304,313,991
103900134,2,4,-2
103900135,8,12,-4
103900137,0,58,-58
103900138,135,412,-277
103900139,233,2047,-1814
103900140,16,179,-163
103900141,407,97,310
103900142,166,186,-20
103900143,47,0,47
103900144,1,60,-59
103900145,199,378,-179
103900146,420,342,78
103900147,459,175,284
103900148,260,464,-204
103900149,392,992,-600
103900150,8513,4727,3786
103900151,60,229,-169
103900152,636,760,-124
103900153,5,2,3
103900154,1622,2423,-801
103900155,59,344,-285
103900156,35,278,-243
103900157,55,350,-295
103900158,122,262,-140
103900159,209,142,67
103900160,92,52,40
103900161,134,262,-128
103900162,77,307,-230
103900163,25,540,-515
103900167,41,134,-93
103900168,154,198,-44
103900169,59,41,18
103900170,2,148,-146
103900171,0,102,-102
103900172,8,39,-31
103900173,12,20,-8
103900174,198,91,107
103900175,95,90,5
103900176,12,73,-61
103900177,20,113,-93
103900178,78,102,-24
103900179,50,158,-108
103900180,31,177,-146
103900181,73,76,-3
103900182,79,26,53
103900184,662,109,553
103900185,315,468,-153
103900187,47,86,-39
103900188,67,27,40
103900189,145,14,131
103900190,122,92,30
103900191,29,90,-61
103900192,54,127,-73
103900193,208,255,-47
103900194,99,369,-270
103900195,17,83,-66
103900196,97,66,31
103900197,38,69,-31
103900198,32,91,-59
103900199,172,100,72
103900200,166,263,-97
103900201,190,349,-159
103900202,40,94,-54
103900203,49,34,15
103900204,0,152,-152
103900207,1,155,-154
103900208,102,1,101
103900209,16,145,-129
103900210,63,50,13
103900211,659,620,39
103900212,95,527,-432
103900213,112,414,-302
103900214,370,221,149
103900215,607,399,208
103900216,17,527,-510
103900217,442,114,328
103900218,1,357,-356
103900219,169,350,-181
103900233,82,3,79
103900235,49,28,21
103900236,23,3,20
103900242,11,38,-27
103900243,12,9,3
103900244,110,355,-245
103900245,137,317,-180
103900246,89,38,51
103900247,71,160,-89
103900248,11,58,-47
103900249,82,63,19
103900250,65,31,34
103900251,2,31,-29
103900253,53,88,-35
103900254,6,25,-19
103900255,10,34,-24
103900256,19,53,-34
103900257,175,181,-6
103900258,80,4,76
103900259,73,12,61
103900261,16,7,9
103900262,24,7,17
103900263,53,75,-22
103900264,96,79,17
103900265,60,30,30
103900266,23,125,-102
103900267,24,93,-69
103900268,11,112,-101
103900269,197,45,152
103900270,79,192,-113
103900271,16,159,-143
103900272,62,158,-96
103900273,52,136,-84
103900274,101,29,72
103900275,72,21,51
103900276,13,117,-104
103900277,16,227,-211
103900278,11,77,-66
103900279,3,32,-29
104000001,2655,2729,-74
104000002,2145,3522,-1377
104000003,2974,3115,-141
104000004,3590,3427,163
104000005,1758,2763,-1005
104000006,3401,3680,-279
104000007,5402,5343,59
104000008,318,434,-116
104000009,187,140,47
104000010,184,311,-127
104000011,678,512,166
104000012,150,563,-413
104000013,224,257,-33
104000014,249,984,-735
104000015,358,192,166
104000016,748,644,104
104000018,911,223,688
104000019,627,231,396
104000020,220,811,-591
104000021,363,802,-439
104000022,185,395,-210
104000023,1252,465,787
104000024,265,492,-227
104000026,66,588,-522
104000027,385,472,-87
104000028,401,327,74
104000029,561,677,-116
104000030,335,265,70
104000031,1655,482,1173
104000032,315,434,-119
104000033,668,652,16
104000034,403,430,-27
104000035,970,597,373
104000036,866,719,147
104000037,344,330,14
104000038,470,389,81
104000039,244,383,-139
104000040,503,572,-69
104000041,1758,435,1323
104000042,317,498,-181
104000043,559,536,23
104000044,366,795,-429
104000045,1350,1566,-216
104000046,1576,2368,-792
104000047,1123,1729,-606
104000048,1249,2185,-936
104000049,935,422,513
104000050,373,852,-479
104000051,166,721,-555
104000052,2498,2040,458
104000053,1951,741,1210
104000054,1075,638,437
104000055,5070,3570,1500
104000056,1860,303,1557
104000057,150,661,-511
104000058,1118,868,250
104000059,764,1523,-759
104000060,1284,1403,-119
104000061,1939,1516,423
104000062,475,168,307
104000064,518,358,160
104000065,464,894,-430
104000069,1632,1352,280
104000070,118,771,-653
104000071,169,797,-628
104000072,845,290,555
104000075,123,416,-293
104000076,766,197,569
104000082,2972,4106,-1134
104000083,1070,268,802
104000084,141,667,-526
104000085,351,414,-63
104000086,270,531,-261
104000087,668,2623,-1955
104000090,990,1850,-860
104000092,1430,2952,-1522
104000094,1211,2177,-966
104000095,2575,1738,837
104000096,2004,404,1600
104000097,1993,1267,726
104000098,2451,1545,906
104000100,2269,1034,1235
104000101,1603,2494,-891
104000106,129,884,-755
104000107,863,655,208
104000108,413,629,-216
104000109,410,149,261
104000110,1071,1430,-359
104000111,5696,3151,2545
104000112,3511,714,2797
104000116,2,1396,-1394
104000117,176,922,-746
104000118,708,305,403
104000119,796,364,432
104000120,371,1086,-715
104000121,203,873,-670
104000122,757,892,-135
104000123,990,1349,-359
104000124,1254,2873,-1619
104000125,5015,4947,68
104000126,494,568,-74
104000127,1830,3562,-1732
104000128,930,630,300
104000129,481,39,442
104000130,7,301,-294
104000131,933,545,388
104000132,618,729,-111
104000133,1791,1153,638
104000134,1276,1842,-566
104000135,545,2239,-1694
104000136,1131,4931,-3800
104000137,1876,488,1388
104000138,1405,388,1017
104000139,9359,3849,5510
104000141,1476,1677,-201
104000142,756,1071,-315
104000143,693,783,-90
104000144,77,246,-169
104000145,447,257,190
104000146,413,753,-340
104000147,179,489,-310
104000148,412,160,252
104000149,213,461,-248
104000150,1432,615,817
104000151,592,710,-118
104000152,803,945,-142
104000153,797,707,90
104000154,1252,990,262
104000155,645,602,43
104000157,1390,2104,-714
104000158,838,609,229
104000159,1073,606,467
104000160,1943,2193,-250
104000161,216,310,-94
104000162,94,199,-105
104000165,1430,1575,-145
104000167,767,1275,-508
104000168,738,10,728
104000169,82,57,25
104000170,750,746,4
104000248,324,937,-613
104000251,132,348,-216
104000272,0,0,0
104000273,0,0,0
104000274,0,0,0
104000275,0,0,0
104000279,813,596,217
104000290,159,333,-174
104000291,717,1378,-661
104000293,858,890,-32
104000294,34,0,34
104000295,710,1195,-485
104000296,500,1081,-581
104000297,1022,2548,-1526
104000298,3058,1113,1945
104000299,862,1901,-1039
104900001,199,665,-466
104900002,58,245,-187
104900003,64,481,-417
104900004,147,426,-279
104900005,356,301,55
104900006,392,143,249
104900007,338,375,-37
104900009,168,532,-364
104900010,87,93,-6
104900011,135,25,110
104900012,380,52,328
104900013,181,27,154
104900014,4067,452,3615
104900015,137,12,125
104900016,381,370,11
104900017,262,250,12
104900018,13,238,-225
104900019,451,3053,-2602
104900020,87,405,-318
104900021,1,243,-242
104900022,26,157,-131
104900023,2,108,-106
104900024,28,113,-85
104900025,98,419,-321
104900026,2,92,-90
104900027,642,413,229
104900028,24,121,-97
104900029,57,98,-41
104900030,637,353,284
104900031,115,247,-132
104900032,50,204,-154
104900033,129,285,-156
104900034,492,288,204
104900035,393,278,115
104900036,239,180,59
104900037,226,327,-101
104900038,797,1211,-414
104900039,865,429,436
104900040,482,169,313
104900041,272,201,71
104900042,250,316,-66
104900043,11,125,-114
104900044,658,312,346
104900045,541,69,472
104900046,284,241,43
104900047,439,201,238
104900048,312,131,181
104900049,34,39,-5
104900050,631,197,434
104900051,396,78,318
104900052,60,4,56
104900053,564,167,397
104900054,222,82,140
104900055,128,2,126
104900056,431,20,411
104900057,58,1,57
104900058,1632,522,1110
104900059,149,50,99
104900060,6,610,-604
104900061,297,822,-525
104900063,1,175,-174
104900064,2,119,-117
104900065,1,281,-280
104900066,5,317,-312
104900067,8,413,-405
104900068,39,341,-302
104900070,302,464,-162
104900071,2,734,-732
104900072,107,421,-314
104900073,103,287,-184
104900074,101,365,-264
104900075,70,87,-17
104900076,139,489,-350
104900077,1547,365,1182
104900078,212,821,-609
104900079,175,664,-489
104900080,143,656,-513
104900082,30,605,-575
104900085,6,299,-293
104900087,893,16,877
104900089,279,2,277
104900090,1320,812,508
104900091,1889,935,954
104900093,333,799,-466
104900097,3378,2891,487
104900098,205,76,129
104900099,251,986,-735
104900100,715,397,318
104900102,77,254,-177
104900103,642,75,567
104900104,4288,2954,1334
104900106,148,222,-74
104900107,212,280,-68
104900108,69,370,-301
104900109,104,454,-350
104900110,6,83,-77
104900111,163,207,-44
104900112,379,1081,-702
104900113,761,495,266
104900114,507,727,-220
104900115,898,552,346
104900116,329,325,4
104900118,28,129,-101
104900119,11,69,-58
104900120,54,219,-165
104900121,1,114,-113
104900122,7,83,-76
104900123,65,16,49
104900124,48,0,48
104900125,598,6,592
104900126,104,99,5
104900127,71,112,-41
104900128,84,166,-82
104900129,2823,2247,576
105000001,2836,1965,871
105000002,2705,2161,544
105000003,4104,4486,-382
105000004,926,1393,-467
105000005,1085,1274,-189
105000006,1902,2001,-99
105000007,1398,1633,-235
105000008,2329,3292,-963
105000009,2680,4002,-1322
105000010,4507,3443,1064
105000011,3921,3332,589
105000012,6335,4545,1790
105000013,1304,1361,-57
105000014,2724,3078,-354
105000015,13172,17166,-3994
105000016,4946,3148,1798
105000017,2407,1266,1141
105000018,1729,2020,-291
105000019,2400,1126,1274
105000020,195,542,-347
105000021,368,134,234
105000022,442,116,326
105000023,789,493,296
105000028,125,171,-46
105000029,778,1578,-800
105000030,5643,4138,1505
105000033,1706,2862,-1156
105000034,188,1208,-1020
105000037,946,602,344
105000038,3078,2079,999
105000039,4342,2604,1738
105000040,1432,1398,34
105000041,1612,2085,-473
105000042,5479,1914,3565
105000043,3237,3214,23
105000044,707,606,101
105000045,512,1443,-931
105000046,1309,402,907
105000047,647,2287,-1640
105000048,943,331,612
105000049,313,978,-665
105000050,693,524,169
105000051,238,643,-405
105000052,803,1147,-344
105000053,170,233,-63
105000054,571,1271,-700
105000055,1391,418,973
105000056,2653,3149,-496
105000057,2597,1131,1466
105000058,1787,1790,-3
105000059,921,860,61
105000060,606,844,-238
105000061,767,785,-18
105000062,763,1164,-401
105000063,321,756,-435
105000064,1442,1267,175
105000065,423,769,-346
105000066,1378,2074,-696
105000067,1528,1246,282
105000068,625,1273,-648
105000069,2860,2061,799
105000070,932,945,-13
105000071,327,1016,-689
105000072,1129,2534,-1405
105000073,1023,767,256
105000074,1610,1128,482
105000075,817,1126,-309
105000076,1549,1376,173
105000077,3523,1367,2156
105000078,1914,1776,138
105000079,2027,3397,-1370
105000080,2453,1730,723
105000081,4261,1437,2824
105000082,1627,1636,-9
105000083,5496,3010,2486
105000084,1320,1280,40
105000085,2606,2136,470
105000086,666,1390,-724
105000087,2253,2478,-225
105000088,1948,2135,-187
105000089,4727,3342,1385
105000090,1501,1175,326
105000091,2139,2020,119
105000092,1222,1316,-94
105000093,518,320,198
105000094,360,308,52
105000095,148,525,-377
105000096,1432,1187,245
105000097,1256,815,441
105000098,1211,977,234
105000099,1324,911,413
105000100,1678,1399,279
105000101,3019,2716,303
105000102,4284,1932,2352
105000103,3051,3100,-49
105000104,3884,1399,2485
105000105,2249,3090,-841
105000106,2184,2621,-437
105000107,1589,1287,302
105000108,1803,2050,-247
105000109,1791,2398,-607
105000110,886,928,-42
105000111,864,1201,-337
105000112,1419,927,492
105000113,480,1015,-535
105000114,3755,1463,2292
105000115,358,1574,-1216
105000116,1016,731,285
105000117,1113,1486,-373
105000118,788,662,126
105000119,812,1430,-618
105000120,1235,827,408
105000121,997,1609,-612
105000122,574,994,-420
105000123,1943,2065,-122
105000124,2346,1277,1069
105000125,1050,2745,-1695
105000126,2496,2439,57
105000127,3003,3192,-189
105000128,1623,1595,28
105000129,1492,495,997
105000130,541,2879,-2338
105000131,1194,638,556
105000132,962,762,200
105000133,734,1396,-662
105000134,930,789,141
105000135,709,984,-275
105000136,222,492,-270
105000137,589,324,265
105000138,236,536,-300
105000139,1323,1463,-140
105000140,437,805,-368
105000141,351,882,-531
105000142,266,701,-435
105000143,386,1151,-765
105000144,369,1302,-933
105000145,841,560,281
105000146,550,1322,-772
105000147,691,485,206
105000148,1470,756,714
105000149,3062,2748,314
105000150,2842,2195,647
105000151,629,551,78
105000152,264,739,-475
105000153,736,993,-257
105000154,856,790,66
105000155,550,1437,-887
105000156,1260,901,359
105000157,1111,2211,-1100
105000158,2505,1096,1409
105000159,316,1378,-1062
105000160,2420,861,1559
105000161,823,1573,-750
105000162,691,2404,-1713
105000163,1407,1204,203
105000164,258,405,-147
105000165,1687,6389,-4702
105000166,7988,1346,6642
105000167,2928,1923,1005
105000168,383,985,-602
105000169,590,800,-210
105000170,295,2085,-1790
105000171,1375,412,963
105000172,325,115,210
105000173,211,234,-23
105000174,83,126,-43
105000175,106,217,-111
105000176,606,191,415
105000177,374,312,62
105000178,174,666,-492
105000179,576,472,104
105000180,225,200,25
105000181,100,446,-346
105000182,132,88,44
105000183,3655,2282,1373
105000184,2048,1295,753
105000185,2337,1020,1317
105000186,1291,1112,179
105000187,1339,253,1086
105000188,563,231,332
105000189,424,652,-228
105000190,367,587,-220
105000191,476,451,25
105000192,416,87,329
105000193,121,197,-76
105000194,369,174,195
105000195,507,1127,-620
105000196,54,246,-192
105000197,353,795,-442
105000198,779,503,276
105000199,399,721,-322
105000200,304,328,-24
105000201,243,39,204
105000203,19,218,-199
105000204,113,135,-22
105000205,140,263,-123
105000207,934,381,553
105000208,423,671,-248
105000209,277,514,-237
105000212,1612,1869,-257
105000213,314,333,-19
105000214,239,520,-281
105000215,289,281,8
105000216,187,734,-547
105000217,248,586,-338
105000218,1536,1544,-8
105000221,199,318,-119
105000222,677,92,585
105000223,702,262,440
105000226,114,343,-229
105000227,116,251,-135
105000228,434,2179,-1745
105000229,236,551,-315
105000231,354,379,-25
105000233,1144,959,185
105000234,984,1663,-679
105000235,637,859,-222
105000237,860,87,773
105000243,44,350,-306
105000248,106,111,-5
105000262,394,1882,-1488
105000269,161,266,-105
105000270,485,87,398
105000271,0,296,-296
105000282,115,70,45
105000287,464,166,298
105000288,1020,644,376
105000289,3853,2610,1243
105000290,86,13,73
105000402,5250,4992,258
105000426,729,885,-156
105000438,4879,1756,3123
105000446,17784,7777,10007
105000447,10894,4153,6741
105000454,528,1027,-499
105000455,423,327,96
105000474,57,7,50
105000477,434,742,-308
105000478,2075,5024,-2949
105000479,276,177,99
105000480,10308,6502,3806
105000481,5587,4017,1570
105000482,8351,8413,-62
105000483,1797,2161,-364
105000484,2980,3884,-904
105000485,2081,3175,-1094
105000486,5645,3330,2315
105000488,12402,7214,5188
105000489,1080,1237,-157
105000549,237,171,66
105000550,706,2117,-1411
105000551,58,199,-141
105000552,3918,2617,1301
105000555,847,1015,-168
105900001,24,1694,-1670
105900002,2218,1046,1172
105900003,13,196,-183
105900004,531,173,358
105900005,22,442,-420
105900006,21,168,-147
105900007,259,39,220
105900008,76,739,-663
105900009,26,27,-1
105900011,657,60,597
105900012,943,397,546
105900013,6,47,-41
105900014,13,102,-89
105900015,286,357,-71
105900016,616,876,-260
105900017,2060,78,1982
105900018,229,270,-41
105900019,92,1477,-1385
105900020,44,72,-28
105900021,72,471,-399
105900022,554,240,314
105900023,15,180,-165
105900024,62,289,-227
105900025,180,64,116
105900026,275,32,243
105900027,9940,13162,-3222
105900028,686,323,363
105900029,2175,488,1687
105900030,291,342,-51
105900031,494,286,208
105900032,71,217,-146
105900033,188,162,26
105900034,497,275,222
105900035,315,206,109
105900036,94,201,-107
105900037,140,84,56
105900038,140,406,-266
105900039,95,185,-90
105900040,73,125,-52
105900041,226,273,-47
105900042,76,186,-110
105900043,1731,138,1593
105900044,7,386,-379
105900045,6,1076,-1070
105900046,3,328,-325
105900047,9,63,-54
105900048,127,778,-651
105900050,10645,4273,6372
105900051,38,1434,-1396
105900052,825,554,271
105900053,4863,3790,1073
105900054,496,316,180
105900056,1289,607,682
105900057,142,181,-39
105900058,6,24,-18
105900059,0,34,-34
106000001,6505,3421,3084
106000002,3572,7493,-3921
106000003,3631,4796,-1165
106000004,2492,3547,-1055
106000005,3946,7188,-3242
106000006,7756,5786,1970
106000007,713,824,-111
106000008,548,416,132
106000009,645,523,122
106000010,885,844,41
106000011,1071,1371,-300
106000012,1038,2013,-975
106000013,2045,2618,-573
106000014,2455,2225,230
106000015,1929,1719,210
106000016,1553,3030,-1477
106000017,732,968,-236
106000018,731,662,69
106000019,553,650,-97
106000020,386,470,-84
106000021,371,631,-260
106000022,409,305,104
106000023,732,464,268
106000024,643,778,-135
106000025,166,305,-139
106000026,207,380,-173
106000027,1593,1795,-202
106000028,765,791,-26
106000029,998,1598,-600
106000030,979,603,376
106000034,306,837,-531
106000035,1295,2218,-923
106000036,345,604,-259
106000037,2601,1975,626
106000038,624,161,463
106000039,230,133,97
106000040,246,1072,-826
106000041,970,668,302
106000043,747,253,494
106000046,486,90,396
106000047,80,551,-471
106000049,1055,286,769
106000050,417,1146,-729
106000051,827,624,203
106000052,110,902,-792
106000053,481,167,314
106000054,427,722,-295
106000055,1386,1467,-81
106000056,421,598,-177
106000057,329,429,-100
106000058,145,289,-144
106000059,318,509,-191
106000060,477,698,-221
106000061,243,701,-458
106000062,188,742,-554
106000063,792,744,48
106000064,81,582,-501
106000065,445,456,-11
106000066,145,550,-405
106000067,748,134,614
106000068,84,879,-795
106000069,290,100,190
106000070,621,1165,-544
106000071,1281,424,857
106000072,4179,2038,2141
106000073,2128,3732,-1604
106000074,646,868,-222
106000075,417,2001,-1584
106000076,2198,2844,-646
106000077,4587,1859,2728
106000078,1250,1367,-117
106000079,910,1392,-482
106000080,1581,877,704
106000081,769,1535,-766
106000082,2847,1147,1700
106000083,443,1985,-1542
106000084,1370,839,531
106000085,1811,1954,-143
106000086,788,1241,-453
106000087,1124,709,415
106000088,501,1047,-546
106000089,1116,563,553
106000090,342,888,-546
106000091,360,757,-397
106000092,803,311,492
106000093,411,181,230
106000094,144,391,-247
106000095,838,1195,-357
106000096,1047,999,48
106000097,1325,1193,132
106000098,1006,1377,-371
106000099,281,1178,-897
106000100,1762,347,1415
106000101,2299,399,1900
106000102,422,883,-461
106000103,555,725,-170
106000104,1330,635,695
106000105,637,926,-289
106000106,713,750,-37
106000107,223,479,-256
106000108,273,424,-151
106000109,158,407,-249
106000110,246,492,-246
106000111,188,603,-415
106000112,251,675,-424
106000113,921,728,193
106000114,604,819,-215
106000115,275,678,-403
106000116,381,282,99
106000117,1391,998,393
106000118,1535,1829,-294
106000119,2188,1448,740
106000120,1004,1501,-497
106000121,233,192,41
106000122,161,369,-208
106000123,511,278,233
106000124,94,357,-263
106000125,36,398,-362
106000126,278,225,53
106000127,1015,1286,-271
106000128,851,378,473
106000129,594,951,-357
106000130,841,509,332
106000131,187,1202,-1015
106000132,744,272,472
106000133,2955,1598,1357
106000134,869,2772,-1903
106000135,305,892,-587
106000136,845,1198,-353
106000137,115,1183,-1068
106000138,1239,137,1102
106000139,51,175,-124
106000140,74,85,-11
106000141,114,73,41
106000142,85,99,-14
106000143,105,124,-19
106000144,55,71,-16
106000145,284,419,-135
106000146,411,229,182
106000147,630,600,30
106000148,987,1103,-116
106000149,691,471,220
106000150,653,2565,-1912
106000151,4652,990,3662
106000152,1611,2464,-853
106000153,116,1937,-1821
106000154,1575,264,1311
106000155,112,315,-203
106000156,802,359,443
106000157,760,2368,-1608
106000158,3061,1369,1692
106000159,4420,2242,2178
106000160,496,3351,-2855
106000161,1999,646,1353
106000162,276,1102,-826
106000163,634,608,26
106000164,411,476,-65
106000165,260,747,-487
106000166,864,435,429
106000167,498,1480,-982
106000168,491,402,89
106000169,304,906,-602
106000170,1226,353,873
106000171,365,1574,-1209
106000172,3662,1885,1777
106000173,1748,3708,-1960
106000174,1367,489,878
106000175,399,1234,-835
106000176,2089,1062,1027
106000177,1047,3179,-2132
106000178,4367,2301,2066
106000179,1599,3189,-1590
106000180,1061,1883,-822
106000181,1012,2360,-1348
106000182,1357,1146,211
106000183,1604,1031,573
106000184,2621,1053,1568
106000185,1498,1574,-76
106000186,1196,340,856
106000187,336,1584,-1248
106000188,2,11,-9
106000189,21,89,-68
106000190,27,1,26
106000191,760,341,419
106000192,0,40,-40
106000193,496,310,186
106000194,190,466,-276
106000195,984,249,735
106000196,276,684,-408
106000197,763,394,369
106000198,192,382,-190
106000199,1931,997,934
106000200,352,323,29
106000201,628,3368,-2740
106000202,6055,980,5075
106000203,112,269,-157
106000204,132,11,121
106000205,23,220,-197
106000206,97,42,55
106000207,75,1019,-944
106000208,1568,195,1373
106000209,1764,459,1305
106000210,494,1469,-975
106000211,515,1633,-1118
106000212,1009,459,550
106000213,1123,2376,-1253
106000214,3945,1078,2867
106000215,477,620,-143
106000216,642,520,122
106000217,325,534,-209
106000218,553,557,-4
106000219,155,393,-238
106000220,525,328,197
106000221,245,391,-146
106000222,75,159,-84
106000223,252,179,73
106000224,252,340,-88
106000225,90,126,-36
106000226,148,411,-263
106000228,63,120,-57
106000229,121,863,-742
106000231,970,190,780
106000232,143,542,-399
106000233,911,130,781
106000234,495,239,256
106000235,1599,143,1456
106000236,869,102,767
106000237,11,17,-6
106000238,598,18,580
106000239,7,267,-260
106000240,149,3,146
106000241,27,859,-832
106000242,299,43,256
106000249,58,121,-63
106000250,88,761,-673
106000251,156,49,107
106000252,27,101,-74
106000253,65,91,-26
106000254,96,48,48
106000255,20,212,-192
106000256,97,97,0
106000257,232,339,-107
106000258,731,34,697
106000259,46,59,-13
106000260,46,3,43
106000261,5,51,-46
106000262,144,18,126
106000263,35,110,-75
106000264,197,31,166
106000265,8,178,-170
106000266,137,39,98
106000267,4,127,-123
106000268,688,91,597
106000269,87,84,3
106000270,223,721,-498
106000271,112,298,-186
106000272,399,71,328
106000273,13,317,-304
106000274,230,48,182
106000275,172,353,-181
106000276,234,83,151
106000277,210,311,-101
106000278,328,40,288
106000279,12,53,-41
106000280,90,143,-53
106000281,125,82,43
106000282,80,92,-12
106000283,182,78,104
106000284,81,156,-75
106000285,156,150,6
106000286,105,200,-95
106000287,187,140,47
106000288,171,230,-59
106000289,127,81,46
106000290,88,128,-40
106000291,146,130,16
106000292,135,176,-41
106000293,156,132,24
106000294,137,165,-28
106000295,65,77,-12
106000296,70,148,-78
106000297,107,300,-193
106000298,195,81,114
106000299,105,167,-62
106000300,63,186,-123
106000301,74,158,-84
106000303,47,116,-69
106000304,33,68,-35
106000305,77,69,8
106000306,36,93,-57
106000307,95,34,61
106000308,30,219,-189
106000309,27,112,-85
106000310,354,661,-307
106000311,401,219,182
106000312,117,234,-117
106000313,215,308,-93
106000318,183,688,-505
106000319,1113,245,868
106000320,6,93,-87
106000321,672,155,517
106000322,185,247,-62
106000324,17,184,-167
106000325,1979,1293,686
106000326,1235,2340,-1105
106000327,152,182,-30
106000328,93,143,-50
106000329,346,362,-16
106000330,221,96,125
106000428,89,216,-127
106000429,203,574,-371
106000430,485,1690,-1205
106000431,2536,528,2008
106000432,2480,3907,-1427
106000433,2602,1591,1011
106000434,3864,2151,1713
106000435,2312,3549,-1237
106000436,22,367,-345
106000437,394,37,357
106000438,525,265,260
106000439,94,609,-515
106000440,419,547,-128
106000441,2,0,2
106000442,163,11,152
106000443,167,358,-191
106000450,9,248,-239
106000451,37,61,-24
106000454,5,498,-493
106000455,11,326,-315
106000456,195,102,93
106000457,15,1404,-1389
106000458,813,229,584
106000459,217,666,-449
106000460,1848,65,1783
106000461,139,2128,-1989
106000462,3,35,-32
106000463,4,42,-38
106000464,3,769,-766
106000465,730,5,725
106000466,5,878,-873
106000467,662,959,-297
106000468,104,249,-145
106000469,377,5,372
106000470,358,2375,-2017
106000471,41,797,-756
106000472,244,35,209
106000473,27,25,2
106000474,349,665,-316
106000475,314,197,117
106000476,181,260,-79
106000477,36,86,-50
106000480,0,348,-348
106900001,0,21,-21
106900002,2,582,-580
106900003,310,1189,-879
106900004,0,57,-57
106900006,0,13,-13
106900007,0,14,-14
106900008,351,420,-69
106900009,355,469,-114
106900010,392,437,-45
106900012,2441,3164,-723
106900013,1127,191,936
106900014,23,2,21
106900015,29,0,29
106900016,451,10,441
106900017,2,1,1
106900018,4,1,3
106900019,41,2,39
106900020,3188,1806,1382
106900021,88,104,-16
106900022,747,6,741
106900023,40,289,-249
106900024,1013,38,975
106900025,94,867,-773
106900026,3,787,-784
106900027,1626,10,1616
107000001,5681,4671,1010
107000002,5001,7597,-2596
107000003,7134,8362,-1228
107000004,7388,7869,-481
107000005,5259,7150,-1891
107000006,6955,7366,-411
107000007,7475,13875,-6400
107000008,18165,12679,5486
107000009,8618,9475,-857
107000010,16217,15324,893
107000011,1603,1923,-320
107000012,6167,4870,1297
107000013,92,147,-55
107000014,50,235,-185
107000015,546,866,-320
107000016,786,1114,-328
107000017,9762,2151,7611
107000018,89,1541,-1452
107000020,6008,1751,4257
107000021,2724,754,1970
107000022,2417,2121,296
107000023,3496,448,3048
107000024,915,2112,-1197
107000025,246,727,-481
107000026,334,771,-437
107000027,1651,1903,-252
107000028,1690,2119,-429
107000029,4220,4030,190
107000030,4359,4895,-536
107000031,4690,3820,870
107000032,777,1402,-625
107000033,4770,9322,-4552
107000034,5652,2767,2885
107000035,490,382,108
107000036,549,1651,-1102
107000037,104,1118,-1014
107000038,338,422,-84
107000039,1078,1081,-3
107000040,201,613,-412
107000041,2347,1158,1189
107000042,1123,2804,-1681
107000043,4007,1568,2439
107000044,959,522,437
107000045,172,414,-242
107000046,1164,610,554
107000047,637,1102,-465
107000048,877,422,455
107000049,761,1131,-370
107000050,1357,795,562
107000051,650,662,-12
107000052,1377,1454,-77
107000053,454,308,146
107000054,95,384,-289
107000055,225,135,90
107000056,495,1122,-627
107000057,1615,365,1250
107000058,2856,3113,-257
107000059,3276,4755,-1479
107000060,4999,7358,-2359
107000061,7165,5622,1543
107000062,4741,3918,823
107000063,5213,7748,-2535
107000064,5854,3133,2721
107000065,7340,6840,500
107000066,2816,3777,-961
107000067,1668,1542,126
107000068,2353,1036,1317
107000069,1013,819,194
107000070,1206,14,1192
107000071,3790,78,3712
107000072,130,4080,-3950
107000073,882,421,461
107000074,211,1359,-1148
107000075,1990,632,1358
107000076,1052,2145,-1093
107000077,4608,1678,2930
107000078,3652,4779,-1127
107000079,3492,1296,2196
107000080,1814,4695,-2881
107000081,2299,875,1424
107000082,785,2841,-2056
107000083,1664,541,1123
107000084,666,2842,-2176
107000085,3667,4382,-715
107000086,4770,4663,107
107000087,3423,2901,522
107000088,4557,5030,-473
107000089,1702,2372,-670
107000090,1429,1474,-45
107000091,1513,1301,212
107000092,1022,1519,-497
107000093,1441,1279,162
107000094,1443,1674,-231
107000095,1078,1014,64
107000096,858,1336,-478
107000097,1188,499,689
107000098,1462,944,518
107000099,840,430,410
107000100,455,484,-29
107000101,128,279,-151
107000102,338,531,-193
107000103,450,256,194
107000104,247,431,-184
107000105,595,230,365
107000106,438,364,74
107000107,739,304,435
107000108,360,933,-573
107000109,767,229,538
107000110,86,582,-496
107000111,569,89,480
107000112,52,406,-354
107000113,744,234,510
107000114,164,764,-600
107000115,634,235,399
107000116,127,1109,-982
107000117,144,892,-748
107000118,148,290,-142
107000119,2053,2085,-32
107000120,2054,620,1434
107000121,1056,1060,-4
107000122,1602,1380,222
107000123,510,1072,-562
107000124,610,1349,-739
107000125,1082,965,117
107000126,1211,1316,-105
107000129,667,1048,-381
107000130,848,308,540
107000131,605,807,-202
107000132,760,484,276
107000133,1637,118,1519
107000134,424,7,417
107000135,15,385,-370
107000136,1077,9,1068
107000137,21,552,-531
107000138,626,49,577
107000139,38,667,-629
107000140,2791,176,2615
107000141,220,1144,-924
107000142,952,158,794
107000143,104,958,-854
107000144,931,788,143
107000145,262,703,-441
107000146,280,649,-369
107000147,3716,1086,2630
107000150,1124,4557,-3433
107000151,71,165,-94
107000152,716,1542,-826
107000153,270,600,-330
107000154,380,303,77
107000155,1100,38,1062
107000156,1621,40,1581
107000157,84,2371,-2287
107000158,845,27,818
107000159,43,1400,-1357
107000160,1088,257,831
107000161,125,2067,-1942
107000162,298,848,-550
107000163,400,63,337
107000164,936,5,931
107000165,1121,9,1112
107000166,68,1770,-1702
107000167,679,331,348
107000168,1136,773,363
107000169,1214,1288,-74
107000170,2574,1279,1295
107000171,897,3054,-2157
107000172,1363,1765,-402
107000173,880,1562,-682
107000174,1345,7107,-5762
107000175,10507,2789,7718
107000176,4,2,2
107000177,22,6,16
107000178,19,90,-71
107000179,435,3154,-2719
107000180,1617,639,978
107000181,508,1706,-1198
107000182,1978,1350,628
107000183,213,1227,-1014
107000184,1257,999,258
107000185,595,2056,-1461
107000186,1402,633,769
107000187,1853,1881,-28
107000188,808,785,23
107000189,611,1477,-866
107000190,946,1052,-106
107000191,805,1305,-500
107000192,2239,1161,1078
107000193,497,751,-254
107000194,1101,974,127
107000197,1211,402,809
107000198,435,1134,-699
107000199,888,1162,-274
107000200,909,948,-39
107000201,821,398,423
107000202,551,725,-174
107000203,2523,932,1591
107000204,2285,953,1332
107000205,3104,1593,1511
107000206,1442,1716,-274
107000207,1080,1543,-463
107000208,1658,656,1002
107000209,3135,1549,1586
107000210,1197,541,656
107000211,7,44,-37
107000212,40,511,-471
107000213,4,27,-23
107000214,19,228,-209
107000215,601,510,91
107000216,601,489,112
107000217,398,206,192
107000219,113,187,-74
107000220,642,343,299
107000222,369,1164,-795
107000224,750,89,661
107000225,698,783,-85
107000226,681,119,562
107000227,188,450,-262
107000228,129,310,-181
107000229,238,206,32
107000230,1495,741,754
107000231,2308,2012,296
107000232,101,129,-28
107000233,2054,1247,807
107000234,3,51,-48
107000235,95,9,86
107000236,19,984,-965
107000237,29,4,25
107000238,108,1,107
107000239,4713,737,3976
107000240,120,1442,-1322
107000241,117,30,87
107000242,527,62,465
107000243,2,72,-70
107000244,7,85,-78
107000246,2,1380,-1378
107000249,9,1427,-1418
107000251,1,405,-404
107000252,6,1603,-1597
107000255,732,125,607
107000257,0,573,-573
107000258,1,182,-181
107000259,18,277,-259
107000260,674,16,658
107000262,12,670,-658
107000263,292,35,257
107000266,6,23,-17
107000267,110,198,-88
107000268,226,220,6
107000269,750,83,667
107000270,3,39,-36
107000271,28,1019,-991
107000272,23,241,-218
107000273,11,254,-243
107000274,4586,500,4086
107000275,89,1386,-1297
107000280,900,52,848
107000281,57,1387,-1330
107000282,56,1207,-1151
107000290,18,45,-27
107000291,43,32,11
107000292,2,95,-93
107000293,286,6,280
107000294,0,45,-45
107000295,298,8,290
107000296,0,32,-32
107000444,440,14,426
107000496,7,31,-24
107000497,1964,3513,-1549
107000500,443,471,-28
107000501,147,189,-42
107000502,273,466,-193
107000505,571,1076,-505
107000506,2,97,-95
107000508,8,958,-950
107000509,310,1578,-1268
107000510,140,23,117
107000514,165,370,-205
107000515,27,335,-308
107000516,387,397,-10
107000518,1355,1571,-216
107000519,2994,1383,1611
107000520,92,37,55
107000521,730,605,125
107000522,1224,888,336
107900001,46,289,-243
107900002,103,14,89
107900003,217,22,195
107900004,87,5,82
107900005,1542,5,1537
107900006,200,3,197
107900007,462,48,414
107900008,212,46,166
107900009,269,10,259
107900010,48,0,48
107900012,394,32,362
107900013,370,68,302
107900014,45,25,20
107900015,1171,9,1162
107900016,702,157,545
107900017,25,4,21
107900018,68,176,-108
107900019,27,65,-38
107900020,156,18,138
107900021,94,225,-131
107900023,1,3,-2
107900024,0,11,-11
107900025,287,422,-135
107900026,70,122,-52
107900027,160,96,64
107900028,106,120,-14
107900030,202,28,174
107900031,105,156,-51
107900032,22,16,6
107900033,25,11,14
107900034,437,25,412
107900035,1058,60,998
107900036,73,16,57
107900037,1,14,-13
107900038,180,329,-149
107900039,46,72,-26
107900040,250,720,-470
107900041,2,2,0
107900043,31,169,-138
107900044,40,23,17
107900045,181,64,117
107900046,219,248,-29
107900047,17,51,-34
107900048,198,14,184
107900049,447,2411,-1964
107900050,196,493,-297
107900051,83,105,-22
107900052,33,17,16
107900053,50,125,-75
107900055,1025,411,614
107900056,279,71,208
107900057,2,0,2
107900058,54,747,-693
107900060,172,54,118
107900061,23,13,10
107900063,102,165,-63
107900064,442,176,266
107900065,259,17,242
107900066,25,17,8
107900067,0,0,0
107900068,304,479,-175
107900069,43,2102,-2059
107900070,173,62,111
107900071,35,1001,-966
107900072,126,276,-150
107900073,342,177,165
107900074,1192,357,835
107900076,153,97,56
107900077,82,3,79
107900078,273,75,198
107900079,9,23,-14
107900080,384,541,-157
107900081,49,203,-154
107900082,34,24,10
107900083,535,211,324
107900084,115,201,-86
107900086,190,225,-35
107900087,1027,179,848
107900088,35,12,23
107900089,403,1621,-1218
107900090,1200,3794,-2594
107900091,333,701,-368
107900092,2669,673,1996
107900093,130,172,-42
107900095,4683,3331,1352
107900097,50,97,-47
107900098,71,254,-183
107900100,1467,1600,-133
107900101,1479,317,1162
107900102,36,8,28
107900103,89,283,-194
107900104,313,12,301
107900105,3,603,-600
107900106,4,1521,-1517
107900107,2056,688,1368
107900108,454,220,234
107900109,1446,35,1411
107900110,61,142,-81
107900111,6,1168,-1162
107900112,128,500,-372
107900113,263,207,56
107900114,200,201,-1
107900115,3,49,-46
107900116,201,259,-58
107900117,452,632,-180
107900118,106,287,-181
107900119,98,423,-325
107900120,34,35,-1
107900121,27,350,-323
107900122,3,139,-136
107900123,4,49,-45
107900124,58,55,3
107900125,50,257,-207
107900126,9,83,-74
107900127,817,381,436
107900128,174,106,68
107900129,80,69,11
107900130,112,50,62
107900131,1030,326,704
107900132,171,593,-422
107900133,3,102,-99
107900134,54,67,-13
107900135,8,258,-250
107900136,43,47,-4
107900137,328,152,176
107900138,82,92,-10
107900139,57,154,-97
107900140,124,79,45
107900141,65,47,18
107900142,194,1293,-1099
107900143,195,43,152
107900144,9,225,-216
107900145,8,183,-175
107900146,83,181,-98
107900147,73,66,7
107900148,224,198,26
107900149,1568,336,1232
107900150,150,954,-804
107900151,47,185,-138
107900152,14,305,-291
107900153,201,459,-258
107900154,67,34,33
107900155,104,113,-9
107900156,4,448,-444
107900157,54,85,-31
107900158,1022,39,983
107900159,53,1304,-1251
107900160,150,201,-51
107900161,30,223,-193
107900162,7,155,-148
107900163,317,479,-162
107900164,4,55,-51
107900165,15,137,-122
107900166,30,312,-282
107900167,39,49,-10
107900168,41,59,-18
107900169,3,267,-264
107900171,32,2219,-2187
107900172,1,403,-402
107900173,14,214,-200
107900174,159,13,146
107900175,85,37,48
107900176,30,57,-27
107900177,13,368,-355
107900178,0,215,-215
107900179,16,203,-187
107900180,970,606,364
107900181,775,484,291
107900182,9,1759,-1750
107900183,49,429,-380
107900184,306,321,-15
107900185,117,9,108
107900186,55,62,-7
107900187,1,192,-191
107900188,900,219,681
107900189,40,164,-124
107900190,105,126,-21
107900191,72,155,-83
107900193,3,42,-39
107900194,273,19,254
107900195,3910,644,3266
107900196,175,120,55
107900197,1336,461,875
107900199,6,1261,-1255
107900201,101,149,-48
107900203,46,120,-74
107900204,298,290,8
107900205,271,585,-314
107900206,1200,239,961
107900207,9,759,-750
107900208,15,824,-809
107900209,479,185,294
107900210,103,159,-56
107900213,1002,789,213
107900214,49,190,-141
107900215,184,462,-278
107900216,215,89,126
107900217,47,111,-64
107900218,29,2275,-2246
107900219,38,183,-145
107900220,370,380,-10
107900221,261,283,-22
107900223,130,763,-633
107900224,149,618,-469
107900225,24,903,-879
107900226,104,155,-51
107900227,162,636,-474
107900228,22,185,-163
107900229,0,353,-353
107900230,27,183,-156
107900231,19,268,-249
107900232,73,204,-131
107900233,4,242,-238
107900234,100,199,-99
107900235,52,176,-124
107900236,137,123,14
107900237,115,708,-593
107900238,27,140,-113
107900239,1252,582,670
107900240,39,198,-159
107900241,11,142,-131
107900242,50,373,-323
107900243,16,114,-98
107900244,434,13,421
107900245,780,75,705
107900246,1089,19,1070
107900248,600,644,-44
107900249,852,57,795
107900250,6,768,-762
107900251,166,2025,-1859
107900252,1322,39,1283
107900253,157,7,150
107900254,83,940,-857
107900255,469,150,319
107900256,3168,2225,943
107900257,307,157,150
107900258,161,293,-132
107900259,127,2358,-2231
107900261,3,505,-502
107900262,74,152,-78
107900264,194,5,189
107900265,572,235,337
107900267,245,34,211
107900268,16,4,12
107900269,0,2,-2
107900270,0,1,-1
107900271,1,7,-6
107900272,93,19,74
107900273,63,170,-107
107900274,87,2,85
107900275,26,0,26
107900276,3,119,-116
107900277,1,223,-222
107900278,378,491,-113
107900279,192,182,10
107900280,2464,3307,-843
107900281,2843,3145,-302
107900282,71,622,-551
107900283,1544,783,761
107900284,961,886,75
107900285,127,133,-6
107900286,234,120,114
107900287,226,276,-50
107900290,0,161,-161
107900291,589,16,573
107900292,233,344,-111
107900293,100,647,-547
107900295,41,72,-31
107900297,3,478,-475
107900298,1008,1134,-126
107900299,4335,3048,1287
107900300,68,375,-307
107900301,1267,729,538
107900302,144,72,72
107900303,363,425,-62
107900304,281,770,-489
107900305,384,15,369
107900306,24,38,-14
107900307,55,289,-234
107900308,208,113,95
107900309,397,1,396
107900310,559,4,555
107900311,8,231,-223
107900312,143,2,141
107900313,2,164,-162
107900314,0,81,-81
107900315,0,96,-96
107900316,63,4,59
107900317,190,14,176
107900318,10,236,-226
107900319,4,350,-346
107900320,4,230,-226
107900321,161,6,155
107900322,3,197,-194
107900323,6,235,-229
107900324,256,3,253
107900325,109,0,109
107900326,452,400,52
107900327,5,96,-91
107900328,248,4,244
107900329,243,150,93
107900330,13,579,-566
107900331,212,51,161
107900332,299,51,248
107900333,62,30,32
107900334,32,229,-197
107900335,140,72,68
107900336,138,98,40
107900337,1718,1127,591
107900338,4,195,-191
107900339,2,39,-37
107900340,0,87,-87
107900341,105,1,104
107900342,243,212,31
107900343,125,6,119
107900344,5,85,-80
107900345,147,35,112
107900346,37,0,37
107900347,25,3,22
107900348,5,3,2
107900349,38,6,32
107900350,26,383,-357
107900351,3,65,-62
108000001,3840,4798,-958
108000002,2688,3886,-1198
108000003,4632,3916,716
108000004,18291,21917,-3626
108000005,10346,7268,3078
108000006,11431,11341,90
108000007,6225,5086,1139
108000008,5966,9147,-3181
108000009,4330,5706,-1376
108000010,4060,6477,-2417
108000011,16107,15331,776
108000012,25273,23429,1844
108000014,1413,927,486
108000015,831,390,441
108000016,349,756,-407
108000017,1386,603,783
108000018,2521,781,1740
108000019,3336,1041,2295
108000020,1717,797,920
108000021,512,2244,-1732
108000022,602,1769,-1167
108000023,1532,306,1226
108000024,330,766,-436
108000025,387,357,30
108000026,707,645,62
108000027,962,668,294
108000028,736,401,335
108000029,756,769,-13
108000030,752,377,375
108000031,313,795,-482
108000032,1697,963,734
108000033,999,1593,-594
108000034,1951,746,1205
108000035,1164,3300,-2136
108000036,424,1377,-953
108000037,1890,663,1227
108000038,2979,785,2194
108000039,738,2983,-2245
108000040,2103,1183,920
108000041,885,3531,-2646
108000042,372,330,42
108000043,262,449,-187
108000044,542,242,300
108000045,316,849,-533
108000046,1705,523,1182
108000047,576,1435,-859
108000048,280,540,-260
108000049,1627,353,1274
108000050,143,576,-433
108000051,315,182,133
108000052,316,888,-572
108000053,510,278,232
108000054,690,1418,-728
108000055,1391,689,702
108000056,1163,1530,-367
108000057,790,1574,-784
108000058,2444,4771,-2327
108000059,4420,2984,1436
108000060,196,496,-300
108000061,156,392,-236
108000062,943,720,223
108000063,602,693,-91
108000064,230,410,-180
108000065,667,818,-151
108000066,1964,1007,957
108000067,2127,819,1308
108000068,815,548,267
108000069,272,1273,-1001
108000070,2292,1068,1224
108000071,937,2187,-1250
108000072,2107,1565,542
108000073,1865,2657,-792
108000074,722,549,173
108000075,506,1332,-826
108000076,986,797,189
108000077,885,1069,-184
108000078,2605,1836,769
108000079,1169,2461,-1292
108000080,1521,835,686
108000081,793,2442,-1649
108000082,1290,2483,-1193
108000083,2338,1194,1144
108000084,677,1637,-960
108000085,1015,659,356
108000086,1162,1134,28
108000087,175,2483,-2308
108000088,239,18,221
108000089,492,631,-139
108000090,617,214,403
108000091,366,731,-365
108000092,167,144,23
108000093,233,941,-708
108000094,798,160,638
108000095,177,603,-426
108000096,354,205,149
108000097,174,652,-478
108000098,2026,2020,6
108000099,317,112,205
108000100,70,272,-202
108000101,1853,1975,-122
108000102,2079,4093,-2014
108000106,1250,2,1248
108000107,4,1074,-1070
108000108,857,80,777
108000109,11,903,-892
108000110,270,477,-207
108000111,233,982,-749
108000112,60,151,-91
108000113,668,306,362
108000115,519,442,77
108000117,1032,463,569
108000118,103,310,-207
108000119,871,513,358
108000120,167,955,-788
108000121,302,712,-410
108000122,821,416,405
108000123,1527,313,1214
108000124,956,902,54
108000125,657,460,197
108000126,299,602,-303
108000127,587,540,47
108000128,827,739,88
108000129,732,1621,-889
108000130,960,412,548
108000131,1109,689,420
108000132,2498,1970,528
108000133,986,725,261
108000134,611,812,-201
108000135,1278,837,441
108000136,736,1364,-628
108000137,471,581,-110
108000138,553,1351,-798
108000139,524,449,75
108000140,99,48,51
108000141,54,127,-73
108000142,70,138,-68
108000143,35,35,0
108000144,63,24,39
108000145,51,20,31
108000146,58,8,50
108000147,46,42,4
108000148,64,6,58
108000149,23,26,-3
108000150,43,13,30
108000151,46,23,23
108000152,130,645,-515
108000153,598,209,389
108000154,60,15,45
108000155,54,30,24
108000156,407,160,247
108000157,292,1190,-898
108000158,130,1101,-971
108000159,703,272,431
108000160,4822,1569,3253
108000161,4028,3662,366
108000165,9,232,-223
108000172,11,411,-400
108000173,2790,2907,-117
108000175,288,141,147
108000178,516,458,58
108000179,237,976,-739
108000181,85,52,33
108000182,162,23,139
108000183,41,27,14
108000184,1392,2826,-1434
108000185,382,811,-429
108000186,223,89,134
108000187,193,848,-655
108000188,825,330,495
108000189,969,1822,-853
108000190,38,168,-130
108000192,280,710,-430
108000193,1050,73,977
108000194,55,9,46
108000195,5,1423,-1418
108000196,555,188,367
108000198,607,496,111
108000199,0,196,-196
108000200,649,724,-75
108000202,3,371,-368
108000203,161,1055,-894
108000204,212,103,109
108000205,480,702,-222
108000339,2178,507,1671
108000364,187,444,-257
108000365,110,387,-277
108000367,245,428,-183
108000368,9,90,-81
108000369,1695,361,1334
108000371,0,776,-776
108000372,698,4,694
108000373,283,222,61
108000376,102,30,72
108000377,461,403,58
108000378,11258,12990,-1732
108000379,40,333,-293
108000381,78,37,41
108000382,158,1,157
108000383,1,194,-193
108900001,131,1452,-1321
108900002,252,85,167
108900003,417,987,-570
108900004,180,497,-317
108900005,96,453,-357
108900006,949,212,737
108900007,302,317,-15
108900008,127,209,-82
108900009,92,145,-53
108900010,258,273,-15
108900011,625,622,3
108900012,350,602,-252
108900013,172,348,-176
108900014,15,160,-145
108900015,1,26,-25
108900016,0,280,-280
108900017,464,504,-40
108900018,158,634,-476
108900019,38,1106,-1068
108900020,42,305,-263
108900021,110,322,-212
108900022,136,24,112
108900023,9,46,-37
108900024,53,169,-116
108900025,127,186,-59
108900026,30,125,-95
108900027,1,131,-130
108900028,104,463,-359
108900029,72,354,-282
108900030,0,137,-137
108900031,114,562,-448
108900032,22,310,-288
108900033,1,87,-86
108900034,1,297,-296
108900035,473,1911,-1438
108900036,243,412,-169
108900037,96,482,-386
108900038,0,453,-453
108900039,0,563,-563
108900040,11,146,-135
108900041,7300,3800,3500
108900042,4,491,-487
108900043,63,569,-506
108900044,2,637,-635
108900045,77,707,-630
108900046,66,1150,-1084
108900047,0,118,-118
108900048,174,1153,-979
108900049,5200,1886,3314
108900050,2,278,-276
108900051,3,297,-294
108900052,28,308,-280
108900053,115,215,-100
108900054,123,335,-212
108900055,95,473,-378
108900056,2,242,-240
108900057,1,181,-180
108900058,42,471,-429
108900059,561,39,522
108900060,88,193,-105
108900061,124,49,75
108900062,13,323,-310
108900063,20,375,-355
108900064,254,108,146
108900065,24,312,-288
108900066,366,185,181
108900067,31,237,-206
108900068,15,197,-182
108900069,67,123,-56
108900070,69,139,-70
108900071,105,92,13
108900072,2817,841,1976
108900073,65,458,-393
108900074,235,615,-380
108900075,102,90,12
108900076,353,97,256
108900077,179,646,-467
108900078,21,194,-173
108900079,1276,346,930
108900080,30,979,-949
108900081,86,332,-246
108900082,69,138,-69
108900083,41,313,-272
108900084,550,172,378
108900085,2932,307,2625
108900086,106,341,-235
108900087,166,298,-132
108900088,1417,535,882
108900089,49,187,-138
108900090,55,354,-299
108900091,190,166,24
108900092,595,466,129
108900093,130,127,3
108900094,228,117,111
108900095,96,477,-381
108900096,499,31,468
108900097,260,336,-76
108900098,3241,818,2423
108900099,415,399,16
108900100,95,198,-103
108900101,232,182,50
108900102,173,1170,-997
108900103,158,142,16
108900104,178,554,-376
108900105,5,1429,-1424
108900106,496,632,-136
108900108,564,94,470
108900109,561,80,481
108900110,239,608,-369
108900111,533,818,-285
108900112,344,29,315
108900113,46,87,-41
108900114,69,11,58
108900115,111,112,-1
108900116,174,32,142
108900117,195,23,172
108900118,639,41,598
108900119,250,42,208
108900120,299,224,75
108900121,387,190,197
108900122,150,34,116
108900123,129,169,-40
108900124,598,327,271
108900125,439,8,431
108900126,165,24,141
108900127,189,37,152
108900128,107,59,48
108900129,840,244,596
108900130,346,2,344
108900131,586,5,581
108900132,633,80,553
108900133,266,85,181
108900134,355,386,-31
108900135,157,14,143
108900136,49,1,48
108900137,158,1,157
108900138,810,71,739
108900139,612,101,511
108900140,335,362,-27
108900141,387,15,372
108900142,113,15,98
108900143,55,0,55
108900144,95,0,95
108900145,150,11,139
108900146,91,0,91
108900147,212,1,211
108900148,113,55,58
108900149,645,543,102
108900150,281,9,272
108900151,302,5,297
108900152,188,19,169
108900153,207,514,-307
108900154,6085,644,5441
108900155,372,161,211
108900156,84,11,73
108900157,30,677,-647
108900158,547,41,506
108900159,12,424,-412
108900160,51,395,-344
108900161,25,553,-528
108900162,104,0,104
108900163,10,288,-278
108900164,64,111,-47
108900165,244,108,136
108900167,2508,7329,-4821
108900168,10943,3330,7613
108900169,66,147,-81
108900171,10475,3466,7009
108900172,222,67,155
108900173,268,484,-216
108900174,919,891,28
108900176,146,728,-582
108900177,8336,7200,1136
108900178,5570,4046,1524
108900179,664,1895,-1231
108900180,125,356,-231
108900182,57,350,-293
108900183,257,289,-32
108900184,656,342,314
108900185,290,535,-245
108900186,80,515,-435
108900187,416,68,348
108900188,582,89,493
108900189,631,227,404
108900190,82,4032,-3950
108900191,304,69,235
108900192,129,317,-188
108900193,284,77,207
108900194,22,356,-334
108900195,129,460,-331
108900196,32,496,-464
108900198,4,597,-593
108900199,353,575,-222
108900200,738,444,294
108900201,668,1924,-1256
108900203,692,101,591
108900204,464,10,454
108900205,227,47,180
108900206,737,63,674
108900207,190,90,100
108900208,17,522,-505
108900209,347,874,-527
108900210,206,292,-86
108900211,198,533,-335
108900212,833,1676,-843
108900215,144,632,-488
108900216,533,186,347
108900217,141,2,139
108900218,224,111,113
108900219,125,21,104
108900220,82,25,57
108900221,45,175,-130
108900222,289,15,274
108900223,9,137,-128
108900224,38,234,-196
108900225,0,207,-207
108900226,271,12,259
108900227,185,375,-190
108900230,399,340,59
108900231,55,274,-219
108900232,3,382,-379
108900233,522,128,394
108900234,373,215,158
108900235,298,795,-497
108900236,60,452,-392
108900237,107,277,-170
108900240,169,147,22
108900241,41,57,-16
108900245,15,1649,-1634
108900249,148,38,110
108900250,318,250,68
108900257,218,608,-390
108900258,17,250,-233
108900259,185,110,75
108900260,9,141,-132
108900261,95,155,-60
108900262,241,190,51
108900263,53,238,-185
108900264,734,354,380
108900265,1211,398,813
108900266,1285,632,653
108900267,6,111,-105
108900268,24,13,11
108900269,82,26,56
108900270,80,7,73
108900271,56,16,40
108900272,238,18,220
108900273,1282,917,365
108900274,42,82,-40
109000001,4060,1766,2294
109000002,2216,2063,153
109000003,3248,692,2556
109000004,696,2936,-2240
109000005,2925,858,2067
109000006,1073,2652,-1579
109000007,1936,804,1132
109000008,746,2301,-1555
109000009,4683,1853,2830
109000010,1979,5289,-3310
109000011,3937,2706,1231
109000012,2306,4617,-2311
109000013,4337,4148,189
109000014,2734,4395,-1661
109000015,4546,9068,-4522
109000016,9572,5184,4388
109000017,2626,1628,998
109000018,1186,4103,-2917
109000019,3184,1795,1389
109000020,1400,2472,-1072
109000023,366,40,326
109000024,12,237,-225
109000025,469,554,-85
109000026,907,475,432
109000027,131,390,-259
109000028,124,163,-39
109000029,131,238,-107
109000030,103,722,-619
109000031,237,269,-32
109000032,150,609,-459
109000033,550,222,328
109000034,75,41,34
109000035,25,109,-84
109000036,212,560,-348
109000037,267,1530,-1263
109000038,954,559,395
109000039,1155,972,183
109000040,5853,9885,-4032
109000041,5127,2334,2793
109000042,878,1907,-1029
109000044,505,101,404
109000045,136,503,-367
109000046,442,94,348
109000047,123,628,-505
109000048,1297,351,946
109000049,484,901,-417
109000050,558,430,128
109000051,402,412,-10
109000052,785,1631,-846
109000053,335,133,202
109000054,937,894,43
109000055,554,526,28
109000056,568,923,-355
109000057,883,586,297
109000058,1359,432,927
109000059,1330,1541,-211
109000060,527,379,148
109000061,1513,1650,-137
109000062,349,450,-101
109000063,285,327,-42
109000064,550,304,246
109000065,213,411,-198
109000066,632,198,434
109000067,122,486,-364
109000068,2353,50,2303
109000069,1468,51,1417
109000070,5,1497,-1492
109000071,492,109,383
109000072,127,443,-316
109000073,91,149,-58
109000074,74,259,-185
109000075,93,449,-356
109000076,197,365,-168
109000077,495,325,170
109000078,115,268,-153
109000079,162,275,-113
109000080,148,197,-49
109000081,107,669,-562
109000082,752,307,445
109000083,338,1111,-773
109000088,172,701,-529
109000089,363,79,284
109000090,232,598,-366
109000091,413,260,153
109000092,450,707,-257
109000093,291,273,18
109000094,645,2,643
109000095,162,625,-463
109000096,830,389,441
109000097,119,257,-138
109000098,67,177,-110
109000099,1191,454,737
109000100,311,766,-455
109000101,1924,1102,822
109000102,499,1057,-558
109000103,509,950,-441
109000104,2145,910,1235
109000105,624,1940,-1316
109000106,2514,1037,1477
109000107,829,2976,-2147
109000108,2015,833,1182
109000109,516,2624,-2108
109000110,1566,818,748
109000111,1241,3075,-1834
109000112,801,288,513
109000113,789,291,498
109000114,407,618,-211
109000115,1567,34,1533
109000116,5,347,-342
109000117,251,70,181
109000118,12,463,-451
109000119,1804,345,1459
109000120,258,1311,-1053
109000121,600,70,530
109000122,177,1188,-1011
109000123,39,105,-66
109000124,785,622,163
109000125,1316,450,866
109000126,564,1292,-728
109000127,1024,308,716
109000128,605,2316,-1711
109000129,2752,1062,1690
109000130,858,2885,-2027
109000131,1053,743,310
109000132,987,2621,-1634
109000133,467,1498,-1031
109000134,1157,2001,-844
109000135,1618,2047,-429
109000136,474,489,-15
109000137,507,505,2
109000138,704,551,153
109000139,627,570,57
109000140,458,577,-119
109000141,712,578,134
109000142,174,639,-465
109000143,126,94,32
109000145,179,350,-171
109000146,75,194,-119
109000148,4952,3338,1614
109000149,30,65,-35
109000150,105,325,-220
109000155,1021,830,191
109000156,1446,916,530
109000158,249,408,-159
109000159,257,795,-538
109000160,1232,367,865
109000161,401,1454,-1053
109000162,2248,1109,1139
109000163,1273,2419,-1146
109000164,1440,3221,-1781
109000165,1426,855,571
109000166,837,213,624
109000167,148,848,-700
109000170,47,65,-18
109000171,72,65,7
109000172,50,83,-33
109000173,32,112,-80
109000174,138,80,58
109000175,59,115,-56
109000176,347,317,30
109000177,24,149,-125
109000178,1689,594,1095
109000179,7815,6685,1130
109000180,7126,4594,2532
109000181,20,28,-8
109000182,47,43,4
109000183,63,77,-14
109000184,55,30,25
109000185,42,84,-42
109000188,1158,2945,-1787
109000189,5546,1328,4218
109000190,1326,713,613
109000191,461,655,-194
109000192,418,507,-89
109000193,219,458,-239
109000194,313,256,57
109000195,207,552,-345
109000196,434,227,207
109000197,207,557,-350
109000198,499,128,371
109000199,164,649,-485
109000206,280,61,219
109000207,148,57,91
109000208,140,113,27
109000209,234,172,62
109000210,206,748,-542
109000211,808,765,43
109000214,449,529,-80
109000215,197,135,62
109000216,272,333,-61
109000217,527,231,296
109000218,1428,324,1104
109000221,638,1483,-845
109000222,1208,318,890
109000223,380,432,-52
109000224,49,237,-188
109000225,101,72,29
109000226,62,333,-271
109000227,1444,1424,20
109000228,1,668,-667
109000231,5,418,-413
109000232,366,467,-101
109000236,337,1011,-674
109000241,2689,2778,-89
109000242,2303,1981,322
109000293,53,115,-62
109000361,141,420,-279
109000364,341,826,-485
109000396,7,762,-755
109000397,622,14,608
109000399,168,639,-471
109000400,105,390,-285
109000403,138,1014,-876
109000406,506,8,498
109000407,404,333,71
109000408,1,721,-720
109000410,1289,383,906
109000411,275,47,228
109900001,131,0,131
109900002,1018,20,998
109900003,246,1,245
109900004,1193,211,982
109900005,34,4,30
109900006,534,412,122
109900007,854,873,-19
109900008,0,69,-69
109900009,172,825,-653
109900010,647,16,631
109900011,103,54,49
109900012,677,336,341
109900013,524,245,279
109900014,411,93,318
109900015,710,296,414
109900016,206,49,157
109900017,246,281,-35
109900018,318,144,174
109900019,499,86,413
109900020,54,81,-27
109900021,49,21,28
109900022,167,354,-187
109900023,19,6,13
109900024,41,7,34
109900025,26,82,-56
109900026,4,217,-213
109900027,45,52,-7
109900028,2147,1249,898
109900029,12,521,-509
109900030,42,19,23
109900031,0,104,-104
109900032,20,491,-471
109900033,1,624,-623
109900034,29,4,25
109900035,26,29,-3
109900036,55,119,-64
109900037,28,729,-701
109900038,66,303,-237
109900039,14,0,14
109900040,41,743,-702
109900041,88,493,-405
109900042,165,751,-586
109900044,561,311,250
109900045,169,54,115
109900046,46,77,-31
109900047,464,503,-39
109900048,16,145,-129
109900049,24,49,-25
109900050,2,235,-233
109900051,2,70,-68
109900052,196,528,-332
109900053,3,451,-448
109900054,726,292,434
109900055,73,430,-357
109900056,53,324,-271
109900057,13,220,-207
109900058,2,114,-112
109900059,800,148,652
109900060,474,274,200
109900061,65,431,-366
109900062,2,262,-260
109900063,12,525,-513
109900064,646,313,333
109900065,159,178,-19
109900066,454,1206,-752
109900067,2,348,-346
109900068,52,2,50
109900069,4,69,-65
109900070,71,472,-401
109900071,5,52,-47
109900072,72,184,-112
109900073,466,790,-324
109900074,8,68,-60
109900075,97,62,35
109900076,28,301,-273
109900077,44,91,-47
109900078,158,316,-158
109900080,191,445,-254
109900081,32,240,-208
109900082,61,531,-470
109900083,24,86,-62
109900084,75,217,-142
109900085,301,926,-625
109900086,143,575,-432
109900087,470,773,-303
109900089,946,325,621
109900090,714,1295,-581
109900091,417,116,301
109900092,2634,19,2615
109900093,1101,227,874
109900094,85,126,-41
109900095,298,300,-2
109900096,56,4,52
109900097,137,5,132
109900098,496,61,435
109900099,186,2,184
109900100,54,0,54
109900101,536,14,522
109900102,506,27,479
109900103,27,77,-50
109900104,641,1062,-421
109900105,571,31,540
109900106,657,103,554
109900107,770,192,578
109900108,192,575,-383
109900109,46,208,-162
109900110,132,565,-433
109900111,481,1165,-684
109900112,450,811,-361
109900113,875,658,217
109900114,1526,966,560
109900115,263,156,107
109900117,1310,144,1166
109900118,313,739,-426
109900119,872,455,417
109900120,102,34,68
109900121,612,577,35
109900122,502,8,494
109900123,29,198,-169
109900124,72,817,-745
109900125,0,219,-219
109900126,301,184,117
109900128,280,45,235
109900130,10146,3112,7034
109900131,64,264,-200
109900132,45,214,-169
109900133,104,417,-313
109900134,116,121,-5
109900135,420,118,302
109900136,141,225,-84
109900137,138,422,-284
109900140,292,311,-19
109900142,1730,432,1298
109900145,6,547,-541
109900146,533,68,465
109900148,49,108,-59
109900149,40,81,-41
109900150,3,115,-112
109900151,2,66,-64
109900152,1,30,-29
109900153,0,65,-65
109900154,129,0,129
109900155,50,21,29
109900157,92,339,-247
109900158,87,188,-101
109900159,194,48,146
109900160,187,80,107
109900161,283,119,164
109900162,242,190,52
109900163,914,447,467
109900164,99,286,-187
109900165,770,23,747
109900166,19,213,-194
109900167,266,806,-540
109900168,223,838,-615
109900169,291,226,65
109900170,528,909,-381
109900171,298,138,160
109900172,261,378,-117
109900173,4289,2886,1403
109900174,83,222,-139
109900175,247,119,128
109900176,169,279,-110
109900177,70,340,-270
109900178,15,197,-182
109900179,265,28,237
109900180,7,13,-6
110000001,1154,681,473
110000002,707,961,-254
110000003,1086,936,150
110000004,630,873,-243
110000005,614,2210,-1596
110000006,465,445,20
110000007,142,166,-24
110000008,32,78,-46
110000009,98,44,54
110000010,40,124,-84
110000011,59,146,-87
110000012,846,543,303
110000013,46,789,-743
110000014,854,542,312
110000015,333,1222,-889
110000016,364,1989,-1625
110000017,3477,344,3133
110000018,3433,605,2828
110000019,24,132,-108
110000020,510,244,266
110000021,1146,707,439
110000022,1548,328,1220
110000023,8,202,-194
110000024,956,525,431
110000025,389,6,383
110000026,8,377,-369
110000027,1489,611,878
110000028,1040,1051,-11
110000029,683,943,-260
110000030,317,654,-337
110000031,340,657,-317
110000032,901,705,196
110000033,412,146,266
110000034,690,1556,-866
110000035,1482,849,633
110000036,1562,1637,-75
110000037,373,723,-350
110000038,325,1321,-996
110000039,1054,4642,-3588
110000040,466,472,-6
110000041,338,1922,-1584
110000042,173,474,-301
110000043,1215,426,789
110000044,343,294,49
110000045,2123,168,1955
110000046,19,28,-9
110000047,51,29,22
110000048,8,29,-21
110000049,67,9,58
110000050,10,89,-79
110000051,39,19,20
110000052,28,33,-5
110000053,446,29,417
110000054,717,328,389
110000055,1262,59,1203
110000056,381,105,276
110000057,439,811,-372
110000058,1566,782,784
110000059,1470,747,723
110000060,1029,1538,-509
110000061,1232,1058,174
110000062,819,1154,-335
110000063,35,155,-120
110000064,85,134,-49
110000065,115,142,-27
110000066,110,77,33
110000067,165,329,-164
110000068,493,360,133
110000069,288,170,118
110000071,194,231,-37
110000073,9,30,-21
110000075,13,282,-269
110000076,437,669,-232
110000077,625,2307,-1682
110000078,48,87,-39
110000080,379,932,-553
110000081,120,353,-233
110000082,67,547,-480
110000083,401,858,-457
110000084,1493,1106,387
110000085,3273,2305,968
110000086,2715,2886,-171
110000087,19,83,-64
110000088,76,319,-243
110000089,401,157,244
110000090,571,374,197
110000091,1717,465,1252
110000092,42,114,-72
110000093,73,20,53
110000094,771,423,348
110000095,270,904,-634
110000096,3105,2616,489
110000097,1281,1585,-304
110000098,2449,923,1526
110000099,1032,2218,-1186
110000100,1092,763,329
110000101,42,490,-448
110000102,79,30,49
110000104,862,194,668
110000105,185,339,-154
110000106,839,557,282
110000107,449,602,-153
110000108,201,93,108
110000109,364,428,-64
110000110,4548,6019,-1471
110000111,9396,3812,5584
110000112,2082,1823,259
110000113,744,3545,-2801
110000114,235,1086,-851
110000115,515,585,-70
110000116,68,67,1
110000117,217,488,-271
110000118,460,292,168
110000119,267,474,-207
110000120,497,279,218
110000121,133,564,-431
110000122,547,846,-299
110000123,669,1025,-356
110000124,2,1449,-1447
110000125,1104,10,1094
110000126,370,48,322
110000127,1494,78,1416
110000128,60,2021,-1961
110000129,4,766,-762
110000130,377,237,140
110000131,227,439,-212
110000132,6,1030,-1024
110000133,59,725,-666
110000134,43,512,-469
110000135,235,61,174
110000136,127,443,-316
110000137,691,817,-126
110000138,974,1042,-68
110000139,846,1681,-835
110000140,1269,805,464
110000143,837,564,273
110000144,7396,2173,5223
110000145,2597,1319,1278
110000146,2843,1282,1561
110000147,625,998,-373
110000148,837,363,474
110000151,1452,1125,327
110000152,1296,498,798
110000153,179,95,84
110000154,116,52,64
110000155,2800,5373,-2573
110000156,1437,3199,-1762
110000157,2508,2687,-179
110000160,597,469,128
110000161,286,559,-273
110000166,797,153,644
110000167,1076,886,190
110000168,1235,720,515
110000169,1014,550,464
110000170,193,145,48
110000171,937,231,706
110000172,163,1086,-923
110000173,1438,1566,-128
110000174,277,1414,-1137
110000175,837,118,719
110000176,444,408,36
110000177,261,1148,-887
110000178,608,2302,-1694
110000179,1654,470,1184
110000180,208,319,-111
110000181,575,871,-296
110000182,459,211,248
110000183,13249,9294,3955
110000184,668,3377,-2709
110000185,2440,1022,1418
110000186,1056,1487,-431
110000191,1083,490,593
110000192,1043,13,1030
110000193,1765,16,1749
110000194,28,1662,-1634
110000195,531,553,-22
110000196,481,512,-31
110000197,129,300,-171
110000198,295,121,174
110000199,232,203,29
110000200,2270,633,1637
110000201,1795,1297,498
110000202,1722,707,1015
110000203,1155,1097,58
110000204,6,347,-341
110000205,180,94,86
110000206,984,1880,-896
110000207,1192,481,711
110000208,453,266,187
110000209,215,1340,-1125
110000210,1422,861,561
110000211,1728,1233,495
110000212,474,1576,-1102
110000213,208,177,31
110000214,409,225,184
110000215,273,519,-246
110000216,127,549,-422
110000217,373,242,131
110000218,201,538,-337
110000219,417,119,298
110000220,111,429,-318
110000221,398,137,261
110000222,77,333,-256
110000223,10,176,-166
110000224,102,16,86
110000225,395,934,-539
110000226,266,88,178
110000227,1001,1071,-70
110000228,542,350,192
110000229,1,363,-362
110000230,1348,930,418
110000231,355,345,10
110000232,761,304,457
110000233,676,363,313
110000234,1724,1021,703
110000235,1243,1485,-242
110000236,838,1016,-178
110000237,4084,1811,2273
110000238,1730,1905,-175
110000239,2643,1534,1109
110000240,2,125,-123
110000242,0,34,-34
110000243,128,173,-45
110000244,243,520,-277
110000245,53,477,-424
110000246,1756,972,784
110000247,1802,6541,-4739
110000248,2985,2112,873
110000249,120,14,106
110000250,266,340,-74
110000251,485,784,-299
110000252,494,325,169
110000253,2045,1021,1024
110000254,944,1964,-1020
110000255,424,1519,-1095
110000256,753,513,240
110000257,915,617,298
110000258,8,637,-629
110000259,187,33,154
110000260,37,427,-390
110000263,1008,201,807
110000264,459,669,-210
110000265,1694,2899,-1205
110000266,3242,4170,-928
110000267,37,410,-373
110000268,383,689,-306
110000269,8,176,-168
110000270,73,9,64
110000271,2081,360,1721
110000272,1605,1308,297
110000273,5568,2145,3423
110000274,556,1954,-1398
110000275,3130,780,2350
110000276,817,542,275
110000277,688,508,180
110000278,710,1116,-406
110000279,1215,977,238
110000280,749,566,183
110000281,57,403,-346
110000282,447,49,398
110000283,102,180,-78
110000284,116,85,31
110000285,12,743,-731
110000286,53,0,53
110000287,148,6,142
110000288,54,151,-97
110000289,706,2315,-1609
110000290,1472,842,630
110000291,6329,1769,4560
110000292,1820,5652,-3832
110000293,1027,962,65
110000294,1180,1496,-316
110000295,179,1135,-956
110000296,586,485,101
110000297,3494,464,3030
110000298,326,877,-551
110000299,468,140,328
110000301,609,32,577
110000302,567,1513,-946
110000303,747,14,733
110000304,343,466,-123
110000305,1762,24,1738
110000306,255,1801,-1546
110000307,2078,4,2074
110000308,784,26,758
110000309,14,1133,-1119
110000310,976,126,850
110000311,22,881,-859
110000312,594,141,453
110000313,3887,4870,-983
110000314,1,427,-426
110000315,4609,3514,1095
110000316,731,1795,-1064
110000317,993,518,475
110000318,7,115,-108
110000319,80,35,45
110000320,111,62,49
110000321,32,81,-49
110000322,495,547,-52
110000323,857,255,602
110000324,4987,2034,2953
110000325,3892,4149,-257
110000327,934,635,299
110000328,214,603,-389
110000333,1581,1044,537
110000334,1396,1915,-519
110000335,1439,855,584
110000336,1509,1464,45
110000337,2851,872,1979
110000338,760,284,476
110000339,605,352,253
110000340,454,260,194
110000341,723,659,64
110000342,838,6,832
110000343,2,40,-38
110000344,1365,228,1137
110000345,1530,181,1349
110000346,3640,2351,1289
110000347,1469,1203,266
110000348,21,31,-10
110000349,14,51,-37
110000350,55,12,43
110000351,1221,1123,98
110000352,749,2109,-1360
110000353,3517,990,2527
110000354,1546,4949,-3403
110000355,162,187,-25
110000356,942,21,921
110000357,614,38,576
110000361,75,128,-53
110000362,104,137,-33
110000363,419,173,246
110000364,298,504,-206
110000365,319,2,317
110000366,2,145,-143
110000367,619,274,345
110000368,9,80,-71
110000369,312,3,309
110000373,12,370,-358
110000374,552,31,521
110000375,143,1763,-1620
110000376,61,143,-82
110000377,91,707,-616
110000378,48,546,-498
110000379,3998,2753,1245
110000380,149,17,132
110000383,4,1210,-1206
110000384,2976,1127,1849
110000385,2,238,-236
110000387,135,12,123
110000388,47,361,-314
110000389,747,6,741
110000391,1044,531,513
110000396,226,172,54
110000397,205,263,-58
110000398,9,43,-34
110000399,246,4,242
110000587,367,90,277
110000589,234,222,12
110000640,246,83,163
110000652,68,255,-187
110000653,451,595,-144
110000654,57,91,-34
110000656,5,917,-912
110000674,43,18,25
110000675,51,23,28
110000676,36,34,2
110000679,532,1420,-888
110000682,177,243,-66
110000683,633,865,-232
110000684,9,96,-87
110000685,20,21,-1
110000686,2,60,-58
110000687,98,4,94
110000688,96,1043,-947
110000689,28,63,-35
110000692,255,275,-20
110000693,235,464,-229
110000694,1,265,-264
110000695,572,882,-310
110000696,109,137,-28
110900001,362,22,340
110900002,854,275,579
110900003,952,963,-11
110900004,554,282,272
110900005,3970,2824,1146
110900006,82,25,57
110900007,167,44,123
110900008,17,59,-42
110900009,490,148,342
110900010,16,107,-91
110900011,26,121,-95
110900012,11,128,-117
110900013,1441,268,1173
110900014,444,19,425
110900015,765,736,29
110900016,45,185,-140
110900017,484,77,407
110900018,673,112,561
110900019,224,26,198
110900020,97,415,-318
110900021,122,869,-747
110900022,131,452,-321
110900023,109,631,-522
110900024,42,586,-544
110900025,44,109,-65
110900027,44,287,-243
110900028,66,214,-148
110900029,28,461,-433
110900030,65,343,-278
110900031,2,177,-175
110900032,0,102,-102
110900033,102,319,-217
110900035,27,666,-639
110900036,109,41,68
110900037,81,53,28
110900038,1380,325,1055
110900039,15,331,-316
110900040,287,45,242
110900041,20,157,-137
110900042,135,88,47
110900043,5,160,-155
110900044,328,27,301
110900045,55,641,-586
110900046,77,407,-330
110900047,718,328,390
110900049,151,95,56
110900050,37,12,25
110900051,60,294,-234
110900052,5,207,-202
110900053,125,60,65
110900054,58,274,-216
110900055,33,6,27
110900056,115,152,-37
110900057,14,225,-211
110900058,341,302,39
110900059,756,777,-21
110900060,591,172,419
110900061,31,66,-35
110900062,209,400,-191
110900063,52,386,-334
110900064,13,0,13
110900065,515,205,310
110900066,7,135,-128
110900067,474,958,-484
110900068,243,307,-64
110900069,6,41,-35
110900070,88,34,54
110900071,421,791,-370
110900073,0,40,-40
110900074,402,113,289
110900075,512,140,372
110900077,1018,953,65
110900078,30,81,-51
110900079,2984,1643,1341
110900080,152,116,36
110900081,16,84,-68
110900082,147,156,-9
110900083,174,63,111
110900084,52,123,-71
110900085,65,367,-302
110900086,93,359,-266
110900087,570,98,472
110900088,25,5,20
110900090,26,54,-28
110900091,2,66,-64
110900093,685,167,518
110900095,57,81,-24
110900097,19,27,-8
110900098,33,126,-93
110900099,66,498,-432
110900100,0,57,-57
110900102,169,39,130
110900105,910,337,573
110900108,39,101,-62
110900111,566,517,49
110900112,1087,11,1076
110900113,709,87,622
110900115,18,80,-62
110900116,1020,2510,-1490
110900118,163,3168,-3005
110900119,5290,483,4807
110900120,15,110,-95
110900121,165,0,165
110900122,515,194,321
110900125,408,541,-133
110900127,1044,1494,-450
110900128,343,299,44
110900129,585,930,-345
110900130,1606,709,897
110900131,662,75,587
110900132,401,107,294
110900133,354,324,30
110900135,136,534,-398
110900136,378,30,348
110900137,133,4,129
110900138,1591,412,1179
110900139,81,74,7
110900140,129,7,122
110900141,3,114,-111
110900142,101,229,-128
110900143,198,96,102
110900144,4,945,-941
110900145,394,69,325
110900146,988,244,744
110900147,234,501,-267
110900148,1,428,-427
110900149,2,132,-130
110900150,122,16,106
110900151,17,125,-108
110900152,39,403,-364
110900153,183,69,114
111000001,656,604,52
111000002,918,833,85
111000003,1284,898,386
111000004,641,1460,-819
111000005,1691,1520,171
111000006,1252,2028,-776
111000007,5918,3954,1964
111000008,3331,4949,-1618
111000009,559,1429,-870
111000010,997,382,615
111000011,542,1391,-849
111000012,1005,541,464
111000013,585,1396,-811
111000014,1888,737,1151
111000017,133,1164,-1031
111000018,317,529,-212
111000020,1696,3252,-1556
111000021,89,160,-71
111000023,130,139,-9
111000025,6981,5781,1200
111000029,167,165,2
111000030,44,173,-129
111000031,2977,1906,1071
111000032,1117,592,525
111000033,399,423,-24
111000034,450,296,154
111000037,2742,1656,1086
111000038,5280,3855,1425
111000039,2692,3149,-457
111000040,2658,3636,-978
111000041,2603,2516,87
111000042,5379,3719,1660
111000043,2387,4032,-1645
111000044,2171,1430,741
111000045,3215,3107,108
111000046,2187,2135,52
111000047,2920,5232,-2312
111000049,735,656,79
111000050,1980,2032,-52
111000051,651,1474,-823
111000052,853,2345,-1492
111000053,483,1255,-772
111000054,424,1222,-798
111000055,1486,2476,-990
111000056,296,789,-493
111000057,79,837,-758
111000058,459,92,367
111000059,991,376,615
111000060,5321,1035,4286
111000061,652,491,161
111000062,989,428,561
111000063,2995,1220,1775
111000064,741,901,-160
111000065,1324,1462,-138
111000066,577,642,-65
111000067,903,956,-53
111000068,860,1480,-620
111000069,2847,3445,-598
111000070,1970,1549,421
111000071,350,1111,-761
111000072,1191,622,569
111000073,393,1019,-626
111000074,1888,2197,-309
111000075,1354,907,447
111000076,659,924,-265
111000077,2347,2336,11
111000078,3748,2162,1586
111000079,1703,1085,618
111000080,741,1019,-278
111000081,2367,7156,-4789
111000082,825,953,-128
111000084,1122,845,277
111000085,1335,2209,-874
111000086,3719,1587,2132
111000087,877,964,-87
111000088,7516,2976,4540
111000089,947,1200,-253
111000090,1236,1851,-615
111000091,977,783,194
111000092,1488,1275,213
111000093,1066,1433,-367
111000094,3058,1417,1641
111000095,761,2912,-2151
111000096,2954,9373,-6419
111000097,7040,2236,4804
111000098,1128,1782,-654
111000099,766,2535,-1769
111000100,586,2311,-1725
111000101,546,1094,-548
111000102,342,850,-508
111000104,1141,306,835
111000107,221,948,-727
111000109,920,387,533
111000110,1794,988,806
111000111,3509,747,2762
111000112,2677,728,1949
111000113,1173,1925,-752
111000114,2746,4556,-1810
111000115,8615,1843,6772
111000116,1125,1628,-503
111000117,567,1257,-690
111000118,2400,1230,1170
111000119,1162,1632,-470
111000120,451,905,-454
111000121,335,948,-613
111000122,811,1697,-886
111000123,1357,3938,-2581
111000124,578,3882,-3304
111000125,396,2159,-1763
111000126,142,1310,-1168
111000127,1148,241,907
111000128,2657,452,2205
111000129,3454,762,2692
111000130,2314,1105,1209
111000131,1855,965,890
111000132,1521,1009,512
111000133,195,284,-89
111000134,197,218,-21
111000135,78,246,-168
111000136,453,443,10
111000138,38,15,23
111000140,2,15,-13
111000141,301,432,-131
111000142,25,143,-118
111000143,1,85,-84
111000144,29,193,-164
111000145,1684,12,1672
111000146,162,15,147
111000147,393,25,368
111000148,221,152,69
111000149,15,63,-48
111000150,89,10,79
111000151,3,44,-41
111000153,850,1004,-154
111000154,960,331,629
111000155,112,238,-126
111000156,566,825,-259
111000157,308,1400,-1092
111000158,1296,1083,213
111000159,3690,958,2732
111000160,437,454,-17
111000161,16,366,-350
111000162,79,263,-184
111000163,817,1370,-553
111000164,882,5651,-4769
111000165,1581,844,737
111000166,3011,530,2481
111000167,250,680,-430
111000168,285,676,-391
111000169,417,899,-482
111000170,645,631,14
111000171,866,1095,-229
111000172,250,649,-399
111000173,584,1278,-694
111000174,255,528,-273
111000175,58,408,-350
111000176,941,187,754
111000177,376,382,-6
111000178,1804,517,1287
111000179,264,311,-47
111000180,351,697,-346
111000181,1329,322,1007
111000182,321,316,5
111000183,1288,468,820
111000184,579,348,231
111000185,990,621,369
111000186,1092,382,710
111000187,210,295,-85
111000188,277,653,-376
111000189,1514,887,627
111000190,215,563,-348
111000191,217,546,-329
111000192,275,734,-459
111000193,357,448,-91
111000194,70,420,-350
111000195,293,433,-140
111000196,90,275,-185
111000197,699,224,475
111000198,1273,209,1064
111000199,267,201,66
111000200,487,510,-23
111000201,765,431,334
111000202,334,394,-60
111000203,338,550,-212
111000204,533,1517,-984
111000213,250,653,-403
111000214,2169,2041,128
111000215,1400,1830,-430
111000217,1650,1378,272
111000218,1806,1553,253
111000219,601,259,342
111000220,2689,1244,1445
111000221,1039,165,874
111000224,85,390,-305
111000225,405,368,37
111000226,201,1,200
111000227,40,9,31
111000228,26,424,-398
111000229,69,1019,-950
111000230,452,582,-130
111000231,1096,1376,-280
111000232,956,1308,-352
111000233,1105,1251,-146
111000234,135,424,-289
111000239,161,253,-92
111000240,49,265,-216
111000241,46,455,-409
111000242,191,97,94
111000243,314,836,-522
111000244,690,163,527
111000245,2201,752,1449
111000246,554,620,-66
111000247,387,1187,-800
111000248,783,731,52
111000249,551,953,-402
111000250,52,108,-56
111000251,85,157,-72
111000253,12,30,-18
111000255,56,28,28
111000257,43,51,-8
111000260,66,1480,-1414
111000261,1490,150,1340
111000271,66,363,-297
111000273,6056,2159,3897
111000274,1492,3429,-1937
111000275,314,100,214
111000276,433,2845,-2412
111000277,261,607,-346
111000278,854,430,424
111000291,1002,7387,-6385
111000298,694,358,336
111000299,823,234,589
111000300,131,828,-697
111000302,359,155,204
111000303,112,397,-285
111000312,78,127,-49
111000315,20,226,-206
111000320,536,1132,-596
111000321,427,142,285
111000322,445,692,-247
111000323,246,23,223
111000324,472,365,107
111000325,56,98,-42
111000326,197,462,-265
111000327,722,674,48
111000328,318,735,-417
111000329,2,34,-32
111000330,86,18,68
111000331,36,2,34
111000332,687,1823,-1136
111000334,541,2083,-1542
111000335,1457,351,1106
111000337,1306,632,674
111000338,209,187,22
111000339,660,612,48
111000340,368,890,-522
111000341,1420,913,507
111000342,346,622,-276
111000344,1428,934,494
111000345,273,69,204
111000346,12,130,-118
111000347,191,27,164
111000350,303,148,155
111000351,164,410,-246
111000352,238,169,69
111000353,212,338,-126
111000354,802,182,620
111000355,605,717,-112
111000358,215,1829,-1614
111000360,180,1063,-883
111000361,139,442,-303
111000546,1801,940,861
111000547,640,752,-112
111000548,176,513,-337
111000549,403,567,-164
111000550,131,1233,-1102
111000551,1072,242,830
111000552,2493,170,2323
111000907,610,33,577
111000908,25,0,25
111000916,2322,486,1836
111000917,86,610,-524
111000918,320,1427,-1107
111000920,678,14,664
111000921,2,432,-430
111000922,758,518,240
111000924,68,1216,-1148
111000925,3602,2858,744
111000926,1539,2470,-931
111000927,4288,5995,-1707
111000928,6266,5075,1191
111000929,3019,1724,1295
111000930,1649,3154,-1505
111000931,2360,3558,-1198
111000932,5513,3174,2339
111000933,4733,3222,1511
111000934,2800,4786,-1986
111000935,1731,1798,-67
111000936,1360,2920,-1560
111000937,1043,2228,-1185
111000938,2108,2408,-300
111000939,691,50,641
111000940,569,224,345
111000941,670,745,-75
111000943,511,493,18
111000944,212,564,-352
111000945,150,2240,-2090
111001109,603,443,160
111001110,199,655,-456
111001111,93,5,88
111001112,236,4,232
111001113,4,249,-245
111001114,1422,132,1290
111001115,111,599,-488
111001116,7095,4897,2198
111001117,943,3094,-2151
111001120,135,453,-318
111001121,259,401,-142
111001122,276,734,-458
111001123,371,206,165
111001124,157,317,-160
111001125,4,131,-127
111900001,18,128,-110
111900002,40,1054,-1014
111900003,5,466,-461
111900004,76,201,-125
111900006,14,41,-27
111900007,94,4,90
111900008,201,7,194
111900009,266,345,-79
111900010,397,710,-313
111900012,78,186,-108
111900013,24,126,-102
111900014,7643,4330,3313
111900015,1,101,-100
111900016,1,211,-210
111900017,1,235,-234
111900018,207,11,196
111900019,11,218,-207
111900020,7,77,-70
111900021,49,164,-115
111900022,23,115,-92
111900023,167,117,50
111900024,1,113,-112
111900025,0,53,-53
111900026,0,154,-154
111900027,11,255,-244
111900028,2,439,-437
111900029,8,110,-102
111900030,47,505,-458
111900031,44,74,-30
111900032,3,416,-413
111900033,7,154,-147
111900034,385,709,-324
111900035,204,266,-62
111900036,3,402,-399
111900038,423,791,-368
111900039,109,526,-417
111900040,4,753,-749
111900042,75,152,-77
111900043,3,499,-496
111900044,459,296,163
111900046,100,236,-136
111900048,204,903,-699
111900049,44,288,-244
111900050,161,32,129
111900051,8,310,-302
111900052,597,636,-39
111900053,1936,1626,310
111900054,274,4,270
111900055,17,515,-498
111900056,393,358,35
111900057,158,74,84
111900058,474,822,-348
111900059,2514,673,1841
111900060,484,4,480
111900061,16,323,-307
111900062,26,89,-63
111900063,287,270,17
111900064,148,337,-189
111900065,71,35,36
111900066,135,189,-54
111900067,2,513,-511
111900068,70,78,-8
111900069,76,51,25
111900070,204,191,13
111900071,3,263,-260
111900072,65,28,37
111900073,879,181,698
111900074,20,242,-222
111900075,91,10,81
111900076,165,42,123
111900077,56,1,55
111900078,322,20,302
111900079,54,35,19
111900080,323,275,48
111900082,142,46,96
111900083,168,10,158
111900084,133,25,108
111900085,47,146,-99
111900086,52,8,44
111900087,74,1,73
111900088,529,12,517
111900089,145,8,137
111900090,61,63,-2
111900091,220,5,215
111900092,127,1,126
111900093,375,4,371
111900094,119,0,119
111900095,212,37,175
111900096,182,2,180
111900097,78,1,77
111900098,270,3,267
111900099,74,0,74
111900100,301,7,294
111900101,127,36,91
111900102,929,703,226
111900103,120,78,42
111900104,268,115,153
111900105,465,295,170
111900106,1458,80,1378
111900110,2369,545,1824
111900111,368,213,155
111900112,990,3204,-2214
111900113,341,177,164
111900118,395,122,273
111900119,363,221,142
111900122,174,79,95
111900123,27,42,-15
111900124,37,131,-94
111900125,573,37,536
111900126,341,2,339
111900127,3,783,-780
111900128,8,690,-682
111900129,383,8,375
111900130,303,40,263
111900131,573,2,571
111900132,41,1490,-1449
111900133,18,433,-415
111900134,12,319,-307
111900135,13,49,-36
111900136,104,178,-74
111900137,74,88,-14
111900138,39,124,-85
111900139,20,151,-131
111900140,102,41,61
111900141,84,15,69
111900142,109,45,64
111900143,40,228,-188
111900144,1,123,-122
111900145,1,621,-620
111900146,1,298,-297
111900147,206,547,-341
111900148,42,900,-858
111900149,11,402,-391
111900150,15,248,-233
111900151,4,34,-30
111900152,131,111,20
111900153,2205,518,1687
111900154,11,310,-299
111900155,83,94,-11
111900156,32,115,-83
111900157,111,27,84
111900158,588,81,507
111900159,368,21,347
111900160,324,2,322
111900161,236,2,234
111900162,73,180,-107
111900163,41,298,-257
111900164,121,88,33
111901113,560,393,167
111901114,557,498,59
111901115,96,2,94
111901116,119,8,111
111901117,19,84,-65
111901118,96,516,-420
111901119,1140,175,965
111901121,251,324,-73
111901122,7,616,-609
111901123,215,432,-217
111901124,181,4,177
111901125,553,242,311
111901127,1004,739,265
111901128,24,122,-98
111901129,15,173,-158
111901130,18,273,-255
111901131,10,350,-340
111901132,112,14,98
111901133,74,1,73
111901134,70,8,62
111901135,31,15,16
111901136,53,58,-5
111901137,0,34,-34
111901138,221,50,171
111901139,39,46,-7
111901140,16,125,-109
111901141,11,206,-195
111901142,2,147,-145
111901143,4,116,-112
111901144,55,60,-5
111901145,247,415,-168
111901146,600,39,561
112000001,2269,1175,1094
112000002,917,3449,-2532
112000003,1694,1390,304
112000004,913,1634,-721
112000005,3848,4263,-415
112000006,3173,3083,90
112000007,3236,2481,755
112000008,3159,4649,-1490
112000009,4880,5372,-492
112000010,3443,4146,-703
112000011,2577,3023,-446
112000012,7261,4735,2526
112000013,8336,4546,3790
112000014,4986,1920,3066
112000015,7037,5066,1971
112000016,9757,1866,7891
112000017,5258,3431,1827
112000024,3400,1579,1821
112000026,6140,7372,-1232
112000027,1122,781,341
112000028,2428,2251,177
112000029,573,894,-321
112000030,294,231,63
112000031,2333,6691,-4358
112000032,751,130,621
112000033,3485,2036,1449
112000034,381,108,273
112000035,446,549,-103
112000036,1728,1357,371
112000037,3746,1148,2598
112000038,3038,1362,1676
112000039,91,122,-31
112000040,147,397,-250
112000041,680,668,12
112000042,1644,604,1040
112000050,1379,2263,-884
112000051,1359,1495,-136
112000054,2177,2545,-368
112000057,798,532,266
112000058,739,1030,-291
112000059,671,1133,-462
112000061,4478,2923,1555
112000062,1867,844,1023
112000063,1377,1791,-414
112000064,5473,7337,-1864
112000065,2838,3297,-459
112000066,4735,1877,2858
112000067,1029,925,104
112000068,4346,3043,1303
112000069,1752,2683,-931
112000070,5244,1216,4028
112000071,1497,3635,-2138
112000072,3432,1376,2056
112000073,2547,3076,-529
112000074,2168,1617,551
112000075,1803,1612,191
112000076,4980,3833,1147
112000077,1233,827,406
112000078,2234,1069,1165
112000079,1818,1999,-181
112000080,927,1233,-306
112000081,2132,3069,-937
112000082,1844,1163,681
112000083,795,1756,-961
112000084,1520,1242,278
112000085,1507,1424,83
112000086,2490,1946,544
112000087,524,572,-48
112000088,828,844,-16
112000089,519,461,58
112000090,381,375,6
112000091,779,1700,-921
112000092,2149,1650,499
112000093,2234,1426,808
112000094,693,1215,-522
112000095,820,1436,-616
112000096,633,1003,-370
112000097,1766,942,824
112000098,1436,1893,-457
112000099,837,1994,-1157
112000100,2263,1262,1001
112000101,784,1564,-780
112000102,1524,727,797
112000103,388,1694,-1306
112000105,656,2350,-1694
112000106,2229,553,1676
112000107,42,435,-393
112000108,403,2184,-1781
112000109,120,152,-32
112000110,2794,983,1811
112000111,2281,4849,-2568
112000112,8593,989,7604
112000113,1483,2413,-930
112000114,5589,1528,4061
112000115,531,660,-129
112000116,1056,1620,-564
112000117,1400,1135,265
112000118,1492,1351,141
112000119,693,1227,-534
112000120,87,520,-433
112000121,151,744,-593
112000122,314,240,74
112000123,695,280,415
112000124,431,125,306
112000125,188,321,-133
112000126,274,678,-404
112000127,4117,2871,1246
112000128,2005,983,1022
112000129,185,159,26
112000130,209,95,114
112000131,84,468,-384
112000132,192,433,-241
112000133,541,377,164
112000134,741,526,215
112000135,3013,1004,2009
112000136,2823,1665,1158
112000137,4079,2287,1792
112000138,5013,1803,3210
112000139,1284,740,544
112000140,1708,1635,73
112000141,1134,471,663
112000142,253,967,-714
112000143,1460,341,1119
112000144,424,1769,-1345
112000145,3089,912,2177
112000146,833,3001,-2168
112000147,3406,2701,705
112000148,2414,3260,-846
112000149,662,870,-208
112000150,506,1085,-579
112000151,326,652,-326
112000152,467,799,-332
112000153,208,393,-185
112000154,131,512,-381
112000155,174,160,14
112000157,1065,692,373
112000158,373,803,-430
112000159,768,565,203
112000167,462,99,363
112000169,523,544,-21
112000173,981,378,603
112000175,978,555,423
112000176,4579,2953,1626
112000177,971,284,687
112000178,133,641,-508
112000179,386,190,196
112000180,307,543,-236
112000181,1987,2855,-868
112000182,1471,2670,-1199
112000183,49,79,-30
112000184,432,688,-256
112000185,659,908,-249
112000187,4960,3064,1896
112000195,220,37,183
112000196,392,4,388
112000197,267,185,82
112000198,40,320,-280
112000199,2014,1736,278
112000202,535,2,533
112000216,86,392,-306
112000230,114,8,106
112000231,6,317,-311
112000256,55,343,-288
112000313,101,225,-124
112000314,65,30,35
112000337,614,809,-195
112000352,530,521,9
112000392,1591,1548,43
112000398,1475,1163,312
112000399,2688,2817,-129
112000400,2256,4993,-2737
112000401,3785,3926,-141
112000402,3659,3653,6
112000403,3091,3650,-559
112000404,1010,990,20
112000405,2335,3999,-1664
112000406,4715,3735,980
112000407,8129,10819,-2690
112000408,10365,10454,-89
112000409,2126,7129,-5003
112000410,735,334,401
112000411,6352,2700,3652
112000412,2046,880,1166
112000413,12018,6467,5551
112000414,135,150,-15
112000415,238,89,149
112000416,3000,2047,953
112000417,317,83,234
112000421,84,237,-153
112000422,463,602,-139
112000424,3292,3607,-315
112000425,597,1263,-666
112000426,182,525,-343
112000427,3,17,-14
112000428,337,458,-121
112000429,2911,3657,-746
112000430,2894,3784,-890
112000431,80,206,-126
112000432,754,1750,-996
112000433,982,1464,-482
112000437,62,248,-186
112900001,67,4,63
112900002,443,1509,-1066
112900003,89,483,-394
112900004,65,387,-322
112900005,290,357,-67
112900006,7,548,-541
112900007,84,276,-192
112900008,1,24,-23
112900009,578,178,400
112900010,439,1289,-850
112900011,268,317,-49
112900012,10,56,-46
112900013,28,289,-261
112900014,1,595,-594
112900015,610,1152,-542
112900016,8,439,-431
112900017,64,307,-243
112900018,1,429,-428
112900019,80,329,-249
112900020,489,1594,-1105
112900021,1,308,-307
112900022,16,149,-133
112900023,0,283,-283
112900024,29,281,-252
112900025,108,385,-277
112900026,7,372,-365
112900027,16,1404,-1388
112900028,23,145,-122
112900029,19,756,-737
112900030,242,303,-61
112900031,11,781,-770
112900032,342,444,-102
112900034,2,78,-76
112900035,14,667,-653
112900036,185,214,-29
112900037,232,237,-5
112900038,877,292,585
112900039,19,416,-397
112900040,8,537,-529
112900041,1365,1674,-309
112900042,73,554,-481
112900043,87,112,-25
112900044,861,739,122
112900045,534,503,31
112900046,296,117,179
112900047,22,36,-14
112900049,261,160,101
112900050,82,813,-731
112900051,438,1005,-567
112900052,98,1439,-1341
112900053,680,164,516
112900054,273,70,203
112900055,203,47,156
112900056,627,278,349
112900057,15,873,-858
112900058,378,397,-19
112900059,167,201,-34
112900060,22,370,-348
112900061,144,163,-19
112900062,140,221,-81
112900063,162,15,147
112900064,250,296,-46
112900065,47,36,11
112900066,318,197,121
112900067,785,275,510
112900068,60,45,15
112900069,2596,1148,1448
112900071,33,7,26
112900072,311,3170,-2859
112900073,644,122,522
112900074,122,338,-216
112900075,2047,1105,942
112900076,115,23,92
112900078,388,598,-210
112900079,436,68,368
112900080,54,5,49
112900081,57,305,-248
112900082,593,35,558
112900083,144,96,48
112900084,246,157,89
112900086,97,1,96
112900087,1064,284,780
112900088,187,19,168
112900089,954,43,911
112900090,62,13,49
112900091,295,9,286
112900092,285,332,-47
112900093,2388,35,2353
112900095,60,2,58
112900096,620,347,273
112900097,122,496,-374
112900098,194,3,191
112900099,1065,16,1049
112900100,104,2,102
112900101,576,7,569
112900102,427,17,410
112900103,286,4,282
112900104,613,11,602
112900105,21,0,21
112900106,597,240,357
112900107,4,0,4
112900108,13,1,12
112900109,121,1,120
112900110,1483,20,1463
112900111,850,4,846
112900112,425,4,421
112900113,0,7,-7
112900114,178,149,29
112900115,1237,2,1235
112900116,126,30,96
112900117,127,124,3
112900118,42,166,-124
112900119,226,3,223
112900120,1115,409,706
112900121,218,309,-91
112900122,63,222,-159
112900123,240,23,217
112900124,23,176,-153
112900125,139,633,-494
112900126,293,405,-112
112900127,498,141,357
112900128,508,1007,-499
112900129,4,1366,-1362
112900130,392,134,258
112900131,57,318,-261
112900132,342,606,-264
112900133,47,1569,-1522
112900134,1,475,-474
112900135,184,71,113
112900137,5,715,-710
112900138,11,450,-439
112900139,355,1623,-1268
112900141,970,42,928
112900142,109,170,-61
112900143,56,701,-645
112900144,2,462,-460
112900145,35,715,-680
112900146,6,1564,-1558
112900147,1,2494,-2493
112900148,95,0,95
112900149,412,1211,-799
112900151,16,75,-59
112900152,5141,1347,3794
112900153,2772,2713,59
112900154,3,143,-140
112900155,263,30,233
112900156,433,1830,-1397
112900157,350,110,240
112900158,63,53,10
112900159,264,156,108
112900160,112,396,-284
112900161,137,56,81
112900162,42,36,6
112900163,121,52,69
112900164,31,318,-287
112900165,423,73,350
112900166,43,121,-78
112900167,16,81,-65
112900168,3,4,-1
112900169,22,14,8
112900170,82,118,-36
112900172,75,11,64
112900173,310,192,118
112900174,360,47,313
112900175,270,213,57
112900176,8,45,-37
112900177,258,89,169
112900178,1065,3916,-2851
112900179,49,631,-582
112900180,3163,2560,603
112900181,623,7,616
112900182,86,1528,-1442
112900183,239,444,-205
112900184,578,623,-45
112900185,493,824,-331
112900186,2550,1495,1055
112900187,114,794,-680
112900188,976,414,562
112900189,11,47,-36
112900190,22,75,-53
112900192,930,926,4
112900193,1799,584,1215
112900194,108,161,-53
112900195,1333,72,1261
112900196,312,462,-150
112900197,399,527,-128
112900199,647,738,-91
112900200,710,395,315
112900201,169,196,-27
112900202,400,1219,-819
112900203,236,398,-162
112900204,1313,806,507
112900205,7,13,-6
112900206,28,63,-35
112900207,28,0,28
112900208,113,372,-259
112900209,706,559,147
112900210,4,55,-51
112900211,146,176,-30
112900212,1,138,-137
112900213,36,11,25
112900214,63,16,47
112900215,14,264,-250
112900216,57,142,-85
112900217,1,75,-74
112900218,99,35,64
112900219,223,17,206
112900220,18,0,18
112900221,54,146,-92
112900222,1,36,-35
112900223,1294,27,1267
112900224,407,733,-326
112900225,601,623,-22
112900226,324,580,-256
112900227,558,1757,-1199
112900228,82,45,37
112900229,228,81,147
112900230,10056,7189,2867
112900232,384,331,53
112900233,203,235,-32
112900234,20,154,-134
112900235,125,40,85
112900236,288,27,261
112900237,450,334,116
112900238,5,73,-68
112900239,1723,467,1256
113000001,6933,6759,174
113000002,4321,5204,-883
113000003,2342,2334,8
113000004,2398,3390,-992
113000005,2058,1272,786
113000006,1390,1990,-600
113000007,2482,1544,938
113000008,2489,2428,61
113000009,1354,1089,265
113000010,1709,1884,-175
113000011,962,2192,-1230
113000012,2191,1224,967
113000013,1900,976,924
113000014,2132,1767,365
113000015,863,349,514
113000016,500,926,-426
113000017,164,532,-368
113000018,729,55,674
113000019,373,354,19
113000020,605,57,548
113000021,1563,749,814
113000022,783,1587,-804
113000025,124,503,-379
113000026,624,673,-49
113000027,1141,759,382
113000028,1707,729,978
113000029,1047,824,223
113000030,563,953,-390
113000031,389,462,-73
113000032,353,411,-58
113000033,398,504,-106
113000034,544,519,25
113000035,41,40,1
113000036,37,68,-31
113000037,89,48,41
113000038,20,67,-47
113000039,116,701,-585
113000040,96,91,5
113000042,1122,966,156
113000051,1120,3484,-2364
113000052,2586,1447,1139
113000053,435,678,-243
113000054,409,1276,-867
113000055,1533,905,628
113000056,1159,1385,-226
113000058,966,1158,-192
113000059,1398,1079,319
113000060,305,702,-397
113000061,628,1396,-768
113000062,1427,445,982
113000063,165,195,-30
113000064,76,496,-420
113000065,245,1211,-966
113000066,901,151,750
113000067,2588,2100,488
113000068,499,2354,-1855
113000069,791,1790,-999
113000070,3538,1720,1818
113000071,700,990,-290
113000072,1000,745,255
113000073,688,2200,-1512
113000074,1370,663,707
113000075,2718,1046,1672
113000076,967,2651,-1684
113000077,1993,737,1256
113000078,1157,3489,-2332
113000079,1670,1264,406
113000080,1160,961,199
113000081,1464,1175,289
113000082,2300,1220,1080
113000083,840,1218,-378
113000084,2202,1792,410
113000085,1112,1138,-26
113000086,2028,1903,125
113000087,1620,1320,300
113000088,3131,1926,1205
113000089,1057,2241,-1184
113000090,353,864,-511
113000091,960,509,451
113000094,1675,256,1419
113000095,362,1061,-699
113000096,260,940,-680
113000097,1791,515,1276
113000098,191,34,157
113000099,1596,494,1102
113000100,192,522,-330
113000101,454,767,-313
113000102,884,560,324
113000103,2691,878,1813
113000104,547,2617,-2070
113000105,1077,547,530
113000106,469,736,-267
113000107,1005,1005,0
113000108,1089,1872,-783
113000109,642,2877,-2235
113000110,1986,617,1369
113000111,213,795,-582
113000112,515,496,19
113000113,2006,475,1531
113000114,442,1961,-1519
113000116,1187,425,762
113000117,1213,193,1020
113000118,207,1101,-894
113000119,847,541,306
113000120,240,415,-175
113000121,1446,1420,26
113000124,319,164,155
113000125,120,973,-853
113000127,3653,651,3002
113000128,688,894,-206
113000129,835,1185,-350
113000133,3526,2715,811
113000134,12,1753,-1741
113000135,5188,5973,-785
113000137,2706,4147,-1441
113000139,573,329,244
113000140,255,399,-144
113000141,611,291,320
113000142,1208,1863,-655
113000143,391,341,50
113000144,516,1020,-504
113000145,57,194,-137
113000146,150,140,10
113000147,228,193,35
113000148,152,120,32
113000149,57,137,-80
113000150,847,438,409
113000151,111,89,22
113000152,24,128,-104
113000153,1996,862,1134
113000154,1062,2224,-1162
113000155,540,888,-348
113000156,205,608,-403
113000157,477,1343,-866
113000158,865,402,463
113000159,1365,1018,347
113000160,968,1625,-657
113000161,353,704,-351
113000162,1030,791,239
113000163,201,67,134
113000164,36,154,-118
113000166,221,143,78
113000167,35,173,-138
113000168,125,175,-50
113000169,245,98,147
113000170,85,161,-76
113000171,48,125,-77
113000172,292,83,209
113000173,104,22,82
113000174,169,603,-434
113000175,540,193,347
113000176,694,216,478
113000177,203,566,-363
113000178,235,509,-274
113000179,454,272,182
113000180,1132,1607,-475
113000181,1374,1258,116
113000182,272,619,-347
113000183,233,760,-527
113000184,39,161,-122
113000189,679,1259,-580
113000190,1724,794,930
113000192,2229,2613,-384
113000193,5539,1511,4028
113000194,2451,1735,716
113000195,3512,1069,2443
113000196,393,137,256
113000197,3685,1461,2224
113000198,116,518,-402
113000199,2687,490,2197
113000201,635,356,279
113000202,5455,2379,3076
113000203,290,277,13
113000204,2340,2722,-382
113000205,17,27,-10
113000206,11,48,-37
113000207,125,34,91
113000208,45,76,-31
113000209,19,48,-29
113000210,6,39,-33
113000211,213,273,-60
113000212,152,37,115
113000213,37,167,-130
113000214,159,308,-149
113000234,242,1264,-1022
113000410,470,305,165
113000411,4392,6189,-1797
113000412,9124,3289,5835
113000413,4334,4324,10
113000414,10435,22027,-11592
113000415,3566,4703,-1137
113000416,12847,6483,6364
113000417,4016,4844,-828
113000418,6339,4240,2099
113000419,2603,2679,-76
113000420,5713,7821,-2108
113000421,5213,8584,-3371
113000422,18891,14845,4046
113000423,3218,7005,-3787
113000424,4794,11199,-6405
113000425,20,112,-92
113000428,70,20,50
113000430,14,100,-86
113000432,2569,266,2303
113000433,216,1178,-962
113000434,35,243,-208
113000435,96,1081,-985
113000436,66,1777,-1711
113000437,1386,49,1337
113000438,324,22,302
113000439,41,184,-143
113000440,179,41,138
113000441,263,318,-55
113000442,250,297,-47
113000443,282,337,-55
113000444,264,357,-93
113000445,131,182,-51
113000446,54,151,-97
113000448,264,226,38
113000449,381,1442,-1061
113000450,777,3971,-3194
113000451,1807,273,1534
113000452,556,792,-236
113000453,125,440,-315
113000454,1712,93,1619
113000455,55,337,-282
113000456,5857,3824,2033
113000468,2346,467,1879
113000469,262,244,18
113000470,634,68,566
113000471,18,520,-502
113000472,132,541,-409
113000474,664,752,-88
113000475,2187,2232,-45
113000476,1604,2491,-887
113000477,3672,2886,786
113000478,5562,7295,-1733
113000479,154,306,-152
113000480,147,180,-33
113000484,0,0,0
113000485,0,0,0
113000486,1,0,1
113000487,0,0,0
113000488,2,0,2
113000489,0,2,-2
113000490,0,0,0
113000491,0,10,-10
113000492,1,0,1
113000493,0,0,0
113000495,240,282,-42
113000496,174,137,37
113000499,0,0,0
113900001,5,292,-287
113900002,0,227,-227
113900003,1,169,-168
113900004,2,72,-70
113900005,3,102,-99
113900006,8,36,-28
113900007,221,25,196
113900008,116,1,115
113900009,336,3,333
113900010,322,1,321
113900011,141,1,140
113900012,46,2,44
113900013,761,10,751
113900014,671,4,667
113900015,1,87,-86
113900016,57,1,56
113900017,2,48,-46
113900018,626,330,296
113900019,186,119,67
113900020,149,1,148
113900022,8,0,8
113900023,42,0,42
113900024,130,95,35
113900025,489,38,451
113900026,58,1,57
113900027,5,64,-59
113900028,33,613,-580
113900029,80,248,-168
113900030,275,6,269
113900031,23,3,20
113900032,30,0,30
113900033,122,113,9
113900035,95,1,94
113900036,19,138,-119
113900037,202,596,-394
113900038,90,162,-72
113900039,202,22,180
113900040,9,20,-11
113900041,8,1,7
113900042,97,74,23
113900043,219,206,13
113900044,362,352,10
113900045,165,6,159
113900046,415,741,-326
113900047,23,86,-63
113900048,295,116,179
113900049,885,509,376
113900050,306,493,-187
113900051,296,554,-258
113900052,226,247,-21
113900053,875,810,65
113900054,20,1,19
113900055,148,559,-411
113900056,49,161,-112
113900057,20,188,-168
113900058,104,214,-110
113900059,333,444,-111
113900060,145,359,-214
113900061,1363,391,972
113900062,99,32,67
113900063,70,108,-38
113900064,34,227,-193
113900065,554,36,518
113900066,386,548,-162
113900067,265,410,-145
113900068,626,658,-32
113900069,105,52,53
113900070,250,797,-547
113900071,55,51,4
113900072,111,265,-154
113900073,346,547,-201
113900074,134,403,-269
113900075,1655,1466,189
113900076,194,15,179
113900077,128,291,-163
113900078,37,54,-17
113900079,1,61,-60
113900080,722,292,430
113900081,78,298,-220
113900082,159,393,-234
113900083,361,631,-270
113900084,358,181,177
113900085,79,373,-294
113900086,13,12,1
113900087,119,185,-66
113900088,82,142,-60
113900089,563,68,495
113900090,947,493,454
113900091,29,26,3
113900092,75,122,-47
113900093,121,980,-859
113900094,466,568,-102
113900095,174,175,-1
113900096,342,72,270
113900097,176,154,22
113900098,808,97,711
113900099,1,69,-68
113900100,0,3,-3
113900101,24,108,-84
113900102,184,206,-22
113900103,352,390,-38
113900104,145,298,-153
113900105,151,360,-209
113900106,3,113,-110
113900107,1,48,-47
113900108,362,400,-38
113900109,440,222,218
113900110,71,31,40
113900111,203,179,24
113900112,202,136,66
113900113,1760,751,1009
113900114,2,162,-160
113900115,3,140,-137
113900116,143,247,-104
113900117,185,32,153
113900118,345,418,-73
113900119,365,672,-307
113900120,53,49,4
113900121,93,148,-55
113900122,568,2297,-1729
113900123,591,309,282
113900124,2,88,-86
113900125,1289,154,1135
113900126,193,90,103
113900127,414,799,-385
113900128,149,103,46
113900129,21,215,-194
113900130,11,52,-41
113900131,306,128,178
113900132,70,96,-26
113900133,25,77,-52
113900135,316,534,-218
113900136,139,105,34
113900137,504,372,132
113900138,103,274,-171
113900139,557,221,336
113900140,492,520,-28
113900141,717,469,248
113900142,166,99,67
113900143,11,57,-46
113900144,438,333,105
113900145,517,268,249
113900146,194,70,124
113900148,211,477,-266
113900149,249,131,118
113900150,1077,949,128
113900151,575,302,273
113900152,63,54,9
113900153,568,983,-415
113900154,3,152,-149
113900155,344,270,74
113900156,286,611,-325
113900157,68,338,-270
113900158,721,677,44
113900159,27,320,-293
113900160,1246,859,387
113900161,89,287,-198
113900162,1018,1166,-148
113900163,404,422,-18
113900164,378,80,298
113900165,1282,652,630
113900166,318,246,72
113900167,386,61,325
113900168,173,186,-13
113900169,366,486,-120
113900171,320,104,216
113900172,6,267,-261
113900173,88,642,-554
113900174,637,854,-217
113900175,570,183,387
113900176,569,805,-236
113900177,430,292,138
113900178,918,239,679
113900179,27,593,-566
113900180,219,130,89
113900181,795,215,580
113900182,1283,1642,-359
113900183,68,108,-40
113900184,19,652,-633
113900185,265,106,159
113900186,37,71,-34
113900187,48,189,-141
113900188,43,241,-198
113900189,407,161,246
113900190,333,148,185
113900191,149,380,-231
113900192,17,841,-824
113900193,25,325,-300
113900194,1890,1467,423
113900195,283,559,-276
113900196,31,198,-167
113900197,1,270,-269
113900198,46,266,-220
113900199,279,968,-689
113900200,23,386,-363
113900201,2,244,-242
113900202,31,399,-368
113900203,0,182,-182
113900204,60,671,-611
113900205,33,229,-196
113900206,11,200,-189
113900207,2,61,-59
113900208,0,86,-86
113900209,0,104,-104
113900210,728,1138,-410
113900211,289,84,205
113900212,227,627,-400
113900214,690,514,176
113900215,54,187,-133
113900216,146,1246,-1100
113900217,107,330,-223
113900218,235,85,150
113900219,110,419,-309
113900220,223,153,70
113900221,610,319,291
113900222,383,857,-474
113900223,215,1388,-1173
113900224,117,83,34
113900225,644,390,254
113900226,438,164,274
113900227,591,278,313
113900228,388,616,-228
113900229,86,1012,-926
113900230,6431,4409,2022
113900231,225,258,-33
113900232,160,145,15
113900233,148,93,55
113900234,398,591,-193
113900235,130,37,93
113900236,166,480,-314
113900237,233,17,216
113900238,315,743,-428
113900239,69,112,-43
113900240,6,181,-175
113900241,171,75,96
113900242,46,188,-142
113900243,150,619,-469
113900244,546,365,181
113900245,1628,397,1231
113900246,38,21,17
113900247,219,657,-438
113900248,3763,2657,1106
113900249,1302,442,860
113900250,78,172,-94
113900251,750,273,477
113900252,702,30,672
113900253,962,77,885
113900254,1155,251,904
113900255,537,34,503
113900256,430,38,392
113900257,56,677,-621
113900258,23,543,-520
113900259,680,265,415
113900260,279,11,268
113900261,37,134,-97
113900262,255,782,-527
113900263,266,891,-625
113900264,13,646,-633
113900265,343,475,-132
113900266,46,260,-214
113900267,162,669,-507
113900268,451,584,-133
113900269,107,224,-117
113900270,454,1031,-577
113900271,880,1739,-859
113900273,108,28,80
113900274,70,77,-7
113900275,51,148,-97
113900276,0,241,-241
113900277,161,8,153
113900278,420,238,182
113900279,133,124,9
113900280,1925,775,1150
113900281,899,1724,-825
113900282,1061,697,364
113900283,535,714,-179
113900284,1321,207,1114
113900285,237,28,209
113900286,15,131,-116
113900287,55,94,-39
113900288,3,174,-171
113900289,1481,162,1319
113900290,467,336,131
113900291,208,308,-100
113900292,18,10,8
113900293,6,410,-404
113900294,594,43,551
113900295,635,508,127
113900296,2631,536,2095
113900297,3623,46,3577
113900298,17,2044,-2027
113900299,77,260,-183
113900300,6771,4972,1799
113900301,1029,302,727
113900302,3454,1284,2170
113900303,808,619,189
113900304,3,162,-159
113900305,125,1,124
113900306,52,1,51
113900307,72,0,72
113900308,140,196,-56
113900309,4,950,-946
113900310,2,24,-22
113900311,18,9,9
113900312,236,284,-48
113900313,21,12,9
114000001,1278,3906,-2628
114000002,337,425,-88
114000003,69,398,-329
114000004,585,523,62
114000005,343,350,-7
114000006,3802,3284,518
114000007,997,2008,-1011
114000008,2025,2701,-676
114000009,990,372,618
114000011,3239,3472,-233
114000012,3178,2635,543
114000013,2025,2363,-338
114000014,668,469,199
114000015,3560,589,2971
114000016,286,493,-207
114000017,98,466,-368
114000018,348,59,289
114000026,2132,1809,323
114000027,3976,2601,1375
114000028,3511,3182,329
114000038,441,226,215
114000039,184,83,101
114000040,117,352,-235
114000042,177,181,-4
114000043,119,171,-52
114000044,222,83,139
114000045,66,137,-71
114000046,5164,6515,-1351
114000047,18,100,-82
114000048,93,59,34
114000049,2288,2367,-79
114000050,2205,3333,-1128
114000051,4283,2748,1535
114000052,6599,1966,4633
114000053,269,656,-387
114000054,283,1315,-1032
114000055,678,109,569
114000056,1854,1182,672
114000057,8075,2945,5130
114000058,982,2124,-1142
114000059,536,565,-29
114000060,974,1353,-379
114000061,4778,3867,911
114000062,3737,2183,1554
114000063,3889,2431,1458
114000064,9304,5388,3916
114000065,2193,3471,-1278
114000066,685,758,-73
114000067,33,933,-900
114000068,621,1065,-444
114000069,1252,821,431
114000070,3072,2390,682
114000071,1066,789,277
114000072,932,394,538
114000073,17,97,-80
114000074,30,12,18
114000075,54,217,-163
114000076,15,143,-128
114000077,23,53,-30
114000078,782,1042,-260
114000079,230,53,177
114000080,104,116,-12
114000081,93,80,13
114000082,49,665,-616
114000083,65,398,-333
114000084,399,131,268
114000085,123,975,-852
114000086,411,747,-336
114000087,220,302,-82
114000088,62,65,-3
114000089,1467,658,809
114000090,1110,1089,21
114000091,2009,1229,780
114000092,1327,882,445
114000093,1734,1217,517
114000094,482,505,-23
114000095,502,246,256
114000096,289,674,-385
114000097,230,1042,-812
114000098,655,138,517
114000099,704,887,-183
114000100,1726,1134,592
114000101,552,1198,-646
114000102,800,502,298
114000103,215,590,-375
114000104,118,423,-305
114000105,244,118,126
114000106,1187,1334,-147
114000107,519,205,314
114000108,2136,1481,655
114000109,615,1601,-986
114000110,903,2149,-1246
114000111,2174,1267,907
114000112,800,2559,-1759
114000113,1686,775,911
114000114,1852,1897,-45
114000115,2397,1374,1023
114000116,1414,2041,-627
114000117,3452,737,2715
114000118,2945,780,2165
114000119,2178,658,1520
114000120,681,1226,-545
114000121,485,948,-463
114000122,520,395,125
114000123,2243,644,1599
114000124,1046,419,627
114000125,1101,1843,-742
114000126,3777,327,3450
114000127,514,243,271
114000128,1069,602,467
114000130,767,743,24
114000131,409,195,214
114000132,914,899,15
114000133,1383,2106,-723
114000134,83,250,-167
114000138,101,319,-218
114000139,576,246,330
114000144,1109,680,429
114000145,119,284,-165
114000146,135,376,-241
114000147,1710,2193,-483
114000148,2880,2615,265
114000149,519,445,74
114000150,827,797,30
114000151,1051,1417,-366
114000152,244,52,192
114000153,1042,2770,-1728
114000154,1000,988,12
114000155,2516,2842,-326
114000156,1032,878,154
114000157,414,1213,-799
114000158,2426,1190,1236
114000159,226,643,-417
114000160,142,459,-317
114000161,1768,3688,-1920
114000162,1303,2922,-1619
114000163,29,214,-185
114000165,715,317,398
114000166,1012,473,539
114000167,4269,1940,2329
114000168,1085,966,119
114000169,2295,1444,851
114000170,1698,1432,266
114000171,1187,4294,-3107
114000174,290,755,-465
114000176,828,618,210
114000177,2636,1352,1284
114000178,109,70,39
114000179,1371,1117,254
114000180,569,1046,-477
114000181,2276,4541,-2265
114000182,4873,3243,1630
114000183,1469,1440,29
114000184,5721,1769,3952
114000185,1822,1293,529
114000189,1055,129,926
114000190,3168,461,2707
114000191,26,106,-80
114000192,406,1936,-1530
114000193,1170,3921,-2751
114000194,1653,1507,146
114000195,273,53,220
114000196,4,372,-368
114000197,1525,77,1448
114000198,1396,499,897
114000199,2657,2113,544
114000200,870,2478,-1608
114000201,208,1081,-873
114000202,2079,833,1246
114000203,694,945,-251
114000204,330,524,-194
114000205,415,1979,-1564
114000206,778,1689,-911
114000207,910,2547,-1637
114000208,544,3947,-3403
114000209,857,3221,-2364
114000210,403,2005,-1602
114000211,1319,2651,-1332
114000212,1095,990,105
114000213,1904,839,1065
114000214,161,321,-160
114000215,300,118,182
114000216,2442,658,1784
114000217,318,473,-155
114000218,159,381,-222
114000219,1566,426,1140
114000220,36,1237,-1201
114000221,1103,259,844
114000222,248,1382,-1134
114000223,634,168,466
114000224,155,879,-724
114000225,348,868,-520
114000226,236,281,-45
114000227,1104,682,422
114000228,1010,1051,-41
114000229,1520,1678,-158
114000230,2253,1671,582
114000231,1257,1608,-351
114000232,684,176,508
114000233,2208,153,2055
114000234,1460,1274,186
114000235,1414,1954,-540
114000236,0,555,-555
114000237,148,1319,-1171
114000238,314,163,151
114000239,217,1597,-1380
114000240,1054,1068,-14
114000241,364,1388,-1024
114000242,1244,1178,66
114000243,2124,1016,1108
114000244,1531,622,909
114000245,495,927,-432
114000246,194,43,151
114000247,1630,1014,616
114000248,2462,724,1738
114000249,592,751,-159
114000250,615,1068,-453
114000251,444,359,85
114000252,134,91,43
114000253,125,180,-55
114000254,65,109,-44
114000255,838,255,583
114000256,2588,2738,-150
114000257,623,1979,-1356
114000258,730,621,109
114000259,439,330,109
114000260,0,45,-45
114000261,61,58,3
114000262,402,274,128
114000263,14,3,11
114000264,1639,742,897
114000265,0,3,-3
114000267,3,2875,-2872
114000268,4,2101,-2097
114000270,77,0,77
114000271,782,109,673
114000283,1728,626,1102
114000285,37,315,-278
114000288,81,385,-304
114000289,1502,190,1312
114000293,263,682,-419
114000294,178,424,-246
114000395,2515,65,2450
114000396,651,637,14
114000402,577,410,167
114000403,328,549,-221
114000405,136,703,-567
114000423,350,607,-257
114000424,590,288,302
114000425,717,541,176
114000426,391,1210,-819
114000427,66,107,-41
114000428,367,206,161
114000429,20,319,-299
114000432,142,136,6
114000434,40,139,-99
114000435,9,418,-409
114900001,1109,1515,-406
114900002,1655,166,1489
114900003,832,2103,-1271
114900004,324,620,-296
114900005,703,1161,-458
114900006,242,93,149
114900007,428,21,407
114900008,264,182,82
114900010,3061,2587,474
114900011,280,204,76
114900013,306,177,129
114900015,99,641,-542
114900018,1010,25,985
114900020,305,104,201
114900022,67,865,-798
114900024,461,299,162
114900025,778,308,470
114900026,87,192,-105
114900027,383,289,94
114900029,59,29,30
114900030,498,317,181
114900031,486,47,439
114900032,518,42,476
114900033,1537,856,681
114900034,66,300,-234
114900035,221,363,-142
114900036,297,1046,-749
114900037,262,386,-124
114900038,211,941,-730
114900039,730,821,-91
114900040,102,253,-151
114900041,908,731,177
114900042,960,1013,-53
114900043,827,403,424
114900044,247,54,193
114900046,65,192,-127
114900047,256,2407,-2151
114900048,173,378,-205
114900049,13,273,-260
114900050,54,649,-595
114900051,48,576,-528
114900052,246,299,-53
114900053,319,352,-33
114900054,73,237,-164
114900057,340,10,330
114900058,0,111,-111
114900059,92,55,37
114900060,1889,1079,810
114900061,146,270,-124
114900062,356,453,-97
114900063,82,317,-235
114900064,1433,760,673
114900065,399,930,-531
114900067,220,573,-353
114900068,69,212,-143
114900069,321,227,94
114900070,777,575,202
114900072,11,505,-494
114900073,3,326,-323
114900074,722,933,-211
114900075,327,19,308
114900076,13,552,-539
114900080,2659,621,2038
114900082,4472,2342,2130
114900083,2265,1553,712
114900090,494,359,135
114900091,176,300,-124
114900095,556,206,350
114900096,582,1066,-484
114900097,123,1,122
114900098,4,292,-288
114900099,463,16,447
115000001,8463,5889,2574
115000002,4234,5130,-896
115000003,6486,4811,1675
115000004,4774,7756,-2982
115000005,2156,3093,-937
115000006,1065,2167,-1102
115000007,91,197,-106
115000008,848,801,47
115000009,201,316,-115
115000010,411,216,195
115000013,103,267,-164
115000015,75,410,-335
115000016,307,293,14
115000019,80,632,-552
115000020,162,955,-793
115000021,372,503,-131
115000022,661,520,141
115000023,531,780,-249
115000024,1572,713,859
115000025,997,927,70
115000026,231,674,-443
115000027,328,428,-100
115000028,303,1287,-984
115000029,686,176,510
115000030,1197,1446,-249
115000031,1561,602,959
115000032,13,355,-342
115000033,181,59,122
115000034,171,1461,-1290
115000035,1599,80,1519
115000036,2,490,-488
115000037,791,15,776
115000038,63,217,-154
115000039,4524,4255,269
115000040,9738,4096,5642
115000041,2032,4022,-1990
115000042,1817,997,820
115000043,4620,2678,1942
115000044,4800,5365,-565
115000045,3430,2689,741
115000046,2606,3269,-663
115000047,2434,2182,252
115000048,1806,3605,-1799
115000049,2109,4875,-2766
115000050,3794,2818,976
115000051,2209,3968,-1759
115000052,3931,2649,1282
115000053,2133,2400,-267
115000054,918,1757,-839
115000055,224,791,-567
115000056,341,686,-345
115000057,1072,1026,46
115000058,874,353,521
115000059,238,328,-90
115000061,338,172,166
115000062,317,317,0
115000063,452,428,24
115000064,284,210,74
115000065,56,571,-515
115000067,287,25,262
115000069,85,398,-313
115000070,47,1079,-1032
115000071,166,21,145
115000072,12,104,-92
115000073,1405,64,1341
115000075,125,98,27
115000076,4945,4006,939
115000077,3276,3458,-182
115000078,1651,2044,-393
115000079,2315,2529,-214
115000080,3694,3376,318
115000081,582,1488,-906
115000082,4818,4521,297
115000083,2815,3607,-792
115000084,2602,1466,1136
115000085,989,1492,-503
115000086,1237,1205,32
115000087,589,2305,-1716
115000088,2034,918,1116
115000089,1792,1579,213
115000090,694,1194,-500
115000091,296,1371,-1075
115000092,582,451,131
115000093,485,6,479
115000094,9385,6883,2502
115000095,6917,7227,-310
115000096,795,2376,-1581
115000097,1054,1269,-215
115000098,1271,1133,138
115000099,3146,4048,-902
115000100,1249,553,696
115000101,827,2197,-1370
115000102,561,278,283
115000103,382,965,-583
115000105,57,246,-189
115000106,711,438,273
115000107,250,759,-509
115000108,4513,3469,1044
115000109,6190,5306,884
115000110,1897,1803,94
115000111,914,2506,-1592
115000112,844,864,-20
115000113,910,1150,-240
115000114,2963,1090,1873
115000116,5867,2890,2977
115000117,5912,4682,1230
115000118,2881,2436,445
115000119,2755,3507,-752
115000120,847,1777,-930
115000121,2030,1279,751
115000122,5866,2723,3143
115000123,2570,2993,-423
115000124,1295,1334,-39
115000125,686,879,-193
115000126,198,360,-162
115000127,533,189,344
115000128,753,942,-189
115000129,367,545,-178
115000130,602,1135,-533
115000131,1166,408,758
115000132,396,562,-166
115000133,845,435,410
115000134,1139,411,728
115000135,1047,314,733
115000136,506,281,225
115000137,220,268,-48
115000138,353,411,-58
115000139,272,310,-38
115000140,305,350,-45
115000141,230,386,-156
115000142,239,376,-137
115000143,822,733,89
115000144,514,98,416
115000145,324,487,-163
115000146,967,432,535
115000147,805,672,133
115000148,345,1536,-1191
115000149,793,397,396
115000150,760,1398,-638
115000151,1418,907,511
115000152,918,1716,-798
115000153,1407,1157,250
115000154,966,582,384
115000155,745,1440,-695
115000156,1353,999,354
115000157,951,1181,-230
115000158,993,549,444
115000159,986,801,185
115000160,933,827,106
115000161,575,686,-111
115000162,941,942,-1
115000163,691,747,-56
115000164,900,729,171
115000165,450,588,-138
115000167,209,108,101
115000168,778,387,391
115000169,795,460,335
115000170,221,147,74
115000171,377,264,113
115000172,1656,897,759
115000173,421,740,-319
115000174,314,420,-106
115000175,311,125,186
115000176,146,131,15
115000177,179,175,4
115000178,54,357,-303
115000179,94,50,44
115000180,179,893,-714
115000181,710,209,501
115000182,1052,477,575
115000183,433,1108,-675
115000186,892,390,502
115000187,299,1064,-765
115000188,454,596,-142
115000189,289,541,-252
115000190,951,489,462
115000191,316,691,-375
115000194,257,326,-69
115000195,517,439,78
115000196,267,136,131
115000197,401,378,23
115000198,397,290,107
115000199,477,304,173
115000200,501,132,369
115000201,269,505,-236
115000206,807,136,671
115000207,184,449,-265
115000208,645,903,-258
115000209,1145,524,621
115000210,199,205,-6
115000211,444,304,140
115000212,1743,375,1368
115000224,646,54,592
115000225,61,106,-45
115000229,293,187,106
115000230,118,575,-457
115000231,369,2345,-1976
115000232,1895,424,1471
115000233,216,254,-38
115000234,44,384,-340
115000241,94,319,-225
115000242,123,449,-326
115000243,60,376,-316
115000244,12,140,-128
115000246,47,54,-7
115000247,68,30,38
115000248,47,40,7
115000249,57,42,15
115000250,290,49,241
115000251,295,257,38
115000252,108,319,-211
115000253,23,567,-544
115000258,375,343,32
115000259,487,250,237
115000261,18,36,-18
115000262,26,27,-1
115000263,11,59,-48
115000264,35,60,-25
115000267,85,93,-8
115000268,50,175,-125
115000269,159,61,98
115000270,9,29,-20
115000272,121,224,-103
115000273,536,42,494
115000280,2065,233,1832
115000281,484,834,-350
115000282,1847,1090,757
115000284,432,211,221
115000296,1497,15,1482
115000297,237,128,109
115000298,90,541,-451
115000300,256,292,-36
115000302,886,257,629
115000303,936,232,704
115000304,956,111,845
115000305,137,1168,-1031
115000306,306,564,-258
115000307,167,268,-101
115000308,60,20,40
115000309,19,47,-28
115000310,1243,1348,-105
115000311,989,1609,-620
115000313,171,933,-762
115000314,516,228,288
115000315,1317,593,724
115000316,110,158,-48
115000317,267,653,-386
115000318,1044,469,575
115000319,103,417,-314
115000320,15,432,-417
115000321,477,10,467
115000322,59,256,-197
115000449,358,242,116
115000557,5,1517,-1512
115000558,614,129,485
115000587,699,706,-7
115000588,3247,4094,-847
115000589,4672,3099,1573
115000590,1511,1985,-474
115000591,2464,991,1473
115000592,914,2368,-1454
115000593,1888,861,1027
115000594,1289,2947,-1658
115000609,180,237,-57
115000617,3275,4613,-1338
115000624,337,118,219
115000633,566,2707,-2141
115000634,3152,1096,2056
115000635,631,169,462
115000638,1196,1118,78
115000641,56,248,-192
115000642,436,530,-94
115000643,149,705,-556
115000644,161,619,-458
115000646,1216,1848,-632
115000647,231,751,-520
115000648,2269,2700,-431
115000893,4060,1734,2326
115000894,221,1454,-1233
115000895,582,1070,-488
115000896,1624,459,1165
115000897,715,169,546
115000898,875,355,520
115000899,697,1465,-768
115000900,143,475,-332
115000901,127,200,-73
115000912,547,130,417
115000913,1,19,-18
115000915,17,0,17
115000916,5,0,5
115000917,0,7,-7
115000918,85,428,-343
115000919,12,16,-4
115000920,58,53,5
115000921,909,139,770
115000922,1374,924,450
115000923,708,1101,-393
115000925,146,134,12
115000927,62,94,-32
115000933,327,247,80
115000934,183,266,-83
115000935,137,151,-14
115000936,74,890,-816
115000937,1194,253,941
115000938,106,269,-163
115000939,105,219,-114
115900001,109,75,34
115900002,138,200,-62
115900003,240,186,54
115900004,0,88,-88
115900005,235,16,219
115900006,211,375,-164
115900008,70,25,45
115900009,110,379,-269
115900010,446,238,208
115900011,733,403,330
115900012,205,131,74
115900013,620,243,377
115900014,146,251,-105
115900015,200,117,83
115900016,135,50,85
115900017,29,6,23
115900018,278,114,164
115900019,481,32,449
115900020,74,1,73
115900021,1749,181,1568
115900022,2143,15,2128
115900023,27,9,18
115900025,104,456,-352
115900026,1139,409,730
115900027,1,360,-359
115900028,902,96,806
115900029,25,566,-541
115900030,46,48,-2
115900031,425,374,51
115900032,708,1084,-376
115900033,2,76,-74
115900034,51,601,-550
115900035,50,35,15
115900036,169,870,-701
115900037,90,547,-457
115900038,37,15,22
115900039,236,371,-135
115900041,674,715,-41
115900042,34,10,24
115900043,180,153,27
115900044,502,426,76
115900046,289,370,-81
115900047,236,170,66
115900049,200,366,-166
115900051,0,62,-62
115900052,41,321,-280
115900053,269,327,-58
115900054,280,88,192
115900055,23,169,-146
115900056,261,451,-190
115900057,30,33,-3
115900058,46,96,-50
115900060,260,235,25
115900061,225,2,223
115900062,78,405,-327
115900063,77,21,56
115900064,192,282,-90
115900065,171,190,-19
115900066,237,210,27
115900067,10,937,-927
115900068,4350,1275,3075
115900069,146,191,-45
115900070,285,301,-16
115900071,2,652,-650
115900072,48,219,-171
115900073,131,90,41
115900074,5,404,-399
115900075,79,321,-242
115900076,8,101,-93
115900077,5,361,-356
115900078,213,188,25
115900079,248,18,230
115900080,625,430,195
115900081,14,90,-76
115900082,243,271,-28
115900084,397,28,369
115900085,57,84,-27
115900086,2121,860,1261
115900088,9,42,-33
115900089,361,940,-579
115900090,343,31,312
115900091,23,55,-32
115900092,35,234,-199
115900093,13,48,-35
115900094,5,468,-463
115900096,1,12,-11
115900097,11,569,-558
115900098,188,471,-283
115900099,282,87,195
115900100,15,809,-794
115900101,176,385,-209
115900102,107,96,11
115900103,360,234,126
115900104,72,188,-116
115900105,321,818,-497
115900106,55,38,17
115900107,81,208,-127
115900108,164,119,45
115900109,89,561,-472
115900110,3,35,-32
115900111,6,130,-124
115900112,72,1173,-1101
115900113,65,93,-28
115900114,3,228,-225
115900115,114,345,-231
115900116,133,1239,-1106
115900117,69,40,29
115900118,6,474,-468
115900119,194,215,-21
115900120,47,569,-522
115900121,239,451,-212
115900124,543,979,-436
115900125,366,102,264
115900126,819,150,669
115900127,873,73,800
115900128,22,86,-64
115900129,992,66,926
115900130,20,275,-255
115900131,798,27,771
115900132,684,17,667
115900134,466,12,454
115900135,622,1417,-795
115900137,62,5,57
115900139,67,65,2
115900140,317,50,267
115900141,4,31,-27
115900142,5,19,-14
115900143,420,393,27
115900144,121,308,-187
115900146,19,168,-149
115900147,374,339,35
115900148,62,4,58
115900149,101,36,65
115900150,98,76,22
115900151,33,113,-80
115900152,146,465,-319
115900153,164,332,-168
115900154,702,447,255
115900155,0,82,-82
115900156,789,1303,-514
115900157,225,751,-526
115900158,29,15,14
115900159,168,388,-220
115900160,35,17,18
115900161,216,284,-68
115900163,249,185,64
115900164,705,84,621
115900165,6,185,-179
115900166,310,285,25
115900168,137,279,-142
115900171,138,554,-416
115900172,72,204,-132
115900173,219,226,-7
115900174,377,281,96
115900175,166,308,-142
115900178,15,845,-830
115900179,300,18,282
115900180,76,291,-215
115900181,197,314,-117
115900182,462,389,73
115900183,144,36,108
115900184,2428,21,2407
115900187,11,149,-138
115900189,3,302,-299
115900190,606,1670,-1064
115900191,71,601,-530
115900192,14,177,-163
115900193,668,220,448
115900194,926,85,841
115900195,931,2529,-1598
115900198,275,507,-232
115900199,268,393,-125
115900200,329,588,-259
115900201,590,534,56
115900202,0,57,-57
115900203,5,13,-8
115900204,0,9,-9
115900205,170,21,149
115900206,254,291,-37
115900207,38,32,6
115900208,258,254,4
115900209,10,219,-209
115900210,9,168,-159
115900211,5,313,-308
115900212,220,433,-213
115900213,174,106,68
115900214,501,339,162
115900215,39,157,-118
115900216,27,123,-96
115900217,54,59,-5
115900218,10,75,-65
115900219,95,8,87
115900220,197,38,159
115900221,81,13,68
115900222,93,33,60
115900223,10,427,-417
115900224,1870,1498,372
115900225,69,55,14
115900226,35,71,-36
115900227,28,63,-35
115900228,8,37,-29
115900229,6,76,-70
115900230,94,209,-115
115900231,173,6,167
115900232,75,8,67
115900233,123,33,90
115900234,77,38,39
115900235,82,55,27
115900236,251,41,210
115900237,88,42,46
115900238,170,23,147
115900239,45,44,1
115900240,9,60,-51
115900241,272,214,58
115900242,331,447,-116
115900243,9,14,-5
115900244,13,18,-5
115900245,72,25,47
115900246,47,7,40
115900247,49,9,40
115900248,24,7,17
115900249,7,20,-13
115900250,8,31,-23
115900251,4,33,-29
115900252,10,2,8
115900253,17,19,-2
115900254,5,41,-36
115900255,4,29,-25
115900256,22,27,-5
115900257,2,5,-3
115900258,1,2,-1
115900259,7,4,3
115900260,14,3,11
115900261,8,5,3
115900262,6,2,4
115900263,9,0,9
115900264,7,10,-3
115900265,2,13,-11
115900266,2,13,-11
115900267,9,10,-1
115900268,7,8,-1
115900269,570,678,-108
115900270,489,569,-80
115900271,123,1,122
115900272,38,4,34
115900273,18,21,-3
115900274,4,23,-19
115900275,5,36,-31
115900276,0,65,-65
115900277,0,93,-93
115900278,58,162,-104
115900279,36,190,-154
115900280,30,539,-509
115900281,567,305,262
115900282,22,9,13
115900283,8,25,-17
115900284,12,6,6
116000001,17643,7122,10521
116000002,6323,13692,-7369
116000003,2237,2616,-379
116000004,3229,4694,-1465
116000005,4502,4441,61
116000006,3847,2696,1151
116000007,5120,5759,-639
116000008,7691,2820,4871
116000009,2657,3728,-1071
116000010,3127,2067,1060
116000011,1218,2805,-1587
116000012,1887,1590,297
116000013,13862,6023,7839
116000014,17952,14299,3653
116000015,597,1725,-1128
116000016,9166,4785,4381
116000017,45,896,-851
116000018,1028,483,545
116000019,1115,415,700
116000020,674,1243,-569
116000021,604,394,210
116000022,497,496,1
116000023,1370,1106,264
116000024,921,1180,-259
116000025,1265,969,296
116000026,2520,3485,-965
116000027,1230,723,507
116000028,518,990,-472
116000029,1140,929,211
116000030,968,637,331
116000031,223,433,-210
116000032,514,285,229
116000033,433,693,-260
116000034,920,1143,-223
116000035,485,922,-437
116000036,2411,1177,1234
116000037,859,800,59
116000038,621,497,124
116000039,729,419,310
116000040,1383,362,1021
116000041,303,620,-317
116000042,713,329,384
116000043,106,767,-661
116000044,29,90,-61
116000045,2289,1635,654
116000046,1584,1783,-199
116000047,2345,2946,-601
116000048,2490,2264,226
116000049,1597,3326,-1729
116000050,1873,1858,15
116000051,7518,2922,4596
116000052,7063,6162,901
116000053,2300,1406,894
116000054,941,3372,-2431
116000055,782,1663,-881
116000056,1230,1629,-399
116000057,4116,2651,1465
116000058,4146,3479,667
116000059,3514,5660,-2146
116000060,3077,1225,1852
116000061,825,1307,-482
116000062,881,303,578
116000063,750,1411,-661
116000066,310,719,-409
116000067,409,738,-329
116000068,268,365,-97
116000069,305,519,-214
116000078,624,1480,-856
116000080,2703,1629,1074
116000082,8,133,-125
116000083,2006,540,1466
116000084,3224,5341,-2117
116000085,3123,2220,903
116000086,2547,1702,845
116000087,2366,1962,404
116000088,1041,1633,-592
116000089,218,132,86
116000090,178,203,-25
116000091,770,405,365
116000093,892,636,256
116000094,837,984,-147
116000095,1090,786,304
116000096,988,2111,-1123
116000097,2258,1017,1241
116000098,322,9067,-8745
116000099,9562,365,9197
116000100,253,51,202
116000101,1444,1367,77
116000102,353,1802,-1449
116000103,849,384,465
116000104,352,2092,-1740
116000105,1376,220,1156
116000106,1451,1363,88
116000107,4366,536,3830
116000108,1464,221,1243
116000111,181,77,104
116000113,187,164,23
116000114,72,237,-165
116000115,467,185,282
116000116,420,910,-490
116000117,1813,2821,-1008
116000118,1788,1983,-195
116000119,3676,2611,1065
116000120,3956,6586,-2630
116000121,1139,719,420
116000122,1726,2764,-1038
116000123,1239,709,530
116000124,559,1521,-962
116000125,3958,1135,2823
116000126,498,2342,-1844
116000127,1562,1872,-310
116000128,1977,1317,660
116000129,2186,308,1878
116000130,589,580,9
116000133,1210,1247,-37
116000134,2557,3513,-956
116000135,2928,2073,855
116000136,1635,3213,-1578
116000137,1399,981,418
116000138,1215,748,467
116000139,2551,2528,23
116000140,282,250,32
116000141,469,938,-469
116000142,4246,3884,362
116000143,2391,2226,165
116000144,1922,2987,-1065
116000145,1977,1732,245
116000146,680,360,320
116000147,346,149,197
116000148,639,696,-57
116000149,793,883,-90
116000151,1022,868,154
116000153,129,571,-442
116000155,309,365,-56
116000156,805,1523,-718
116000157,72,16,56
116000158,432,496,-64
116000159,25,18,7
116000160,27,116,-89
116000161,7,152,-145
116000162,121,116,5
116000163,38,12,26
116000164,5,34,-29
116000177,1457,130,1327
116000194,136,695,-559
116000195,2027,954,1073
116000196,28,11,17
116000197,24,19,5
116000198,3243,1452,1791
116000200,912,607,305
116000201,824,882,-58
116000202,30,412,-382
116000203,4,146,-142
116000204,12,103,-91
116000205,2,261,-259
116000206,1,129,-128
116000207,10,83,-73
116000233,313,838,-525
116000287,224,650,-426
116000288,316,338,-22
116000292,80,184,-104
116000296,19,349,-330
116000297,124,15,109
116000304,314,100,214
116000305,29,118,-89
116000346,179,140,39
116000352,117,76,41
116000354,77,33,44
116000357,79,62,17
116000358,486,58,428
116000361,119,3,116
116000372,8592,4711,3881
116000381,121,0,121
116000388,2,72,-70
116000389,1264,706,558
116000445,387,851,-464
116000446,677,1028,-351
116000447,18,690,-672
116000448,855,302,553
116000563,1199,1088,111
116000565,59,608,-549
116000568,76,428,-352
116000579,40,150,-110
116000584,25,16,9
116000585,34,21,13
116000586,153,133,20
116000587,677,807,-130
116000589,42,63,-21
116000590,113,93,20
116000591,296,353,-57
116000592,6,136,-130
116000593,2,41,-39
116000594,669,679,-10
116000595,1034,255,779
116000596,161,12,149
116000597,505,172,333
116000598,21,329,-308
116000602,84,535,-451
116000605,544,221,323
116000606,120,358,-238
116000607,5,101,-96
116000609,284,1173,-889
116000611,122,795,-673
116000612,956,2551,-1595
116000613,657,504,153
116000614,501,839,-338
116000615,4,338,-334
116000616,63,155,-92
116000617,102,92,10
116000618,1,158,-157
116000619,132,97,35
116000620,93,88,5
116000621,58,144,-86
116000622,59,194,-135
116000624,368,152,216
116000627,56,77,-21
116000628,58,694,-636
116000629,41,645,-604
116000630,560,77,483
116000631,304,105,199
116000632,626,534,92
116000633,90,555,-465
116000634,540,85,455
116000635,3885,2390,1495
116000636,1218,1338,-120
116000637,585,22,563
116000638,29,554,-525
116900001,298,227,71
116900002,391,3,388
116900003,24,107,-83
116900004,48,71,-23
116900005,326,86,240
116900006,210,221,-11
116900007,181,238,-57
116900008,598,476,122
116900009,32,14,18
116900010,9,1930,-1921
116900011,26,59,-33
116900012,355,296,59
116900013,12,247,-235
116900014,129,473,-344
116900015,418,81,337
116900016,219,2,217
116900017,8,966,-958
116900018,85,63,22
116900019,13,407,-394
116900020,1736,1343,393
116900023,141,21,120
116900024,820,87,733
116900025,1531,1234,297
116900026,255,870,-615
116900027,64,62,2
116900028,9,172,-163
116900029,1,101,-100
116900031,2,11,-9
116900032,9,512,-503
116900033,30,13,17
116900034,27,94,-67
116900035,223,277,-54
116900036,7,130,-123
116900038,182,2,180
116900041,74,46,28
116900042,987,412,575
116900043,37,91,-54
116900047,51,147,-96
116900049,62,515,-453
116900050,159,636,-477
116900051,151,299,-148
116900052,251,101,150
116900055,2,15,-13
116900057,29,377,-348
116900058,44,585,-541
116900059,2,214,-212
116900060,214,250,-36
116900062,2,17,-15
116900064,152,1011,-859
116900065,61,207,-146
116900067,156,185,-29
116900068,156,306,-150
116900070,1,8,-7
116900072,21,517,-496
116900073,24,206,-182
116900074,12,56,-44
116900076,19,31,-12
116900077,9,211,-202
116900078,298,187,111
116900079,27,432,-405
116900080,34,44,-10
116900081,559,1738,-1179
116900082,649,1281,-632
116900083,85,59,26
116900084,203,58,145
116900085,63,204,-141
116900086,85,275,-190
116900088,672,194,478
116900090,263,91,172
116900091,536,84,452
116900092,121,926,-805
116900093,2187,2220,-33
116900094,6329,4640,1689
116900095,246,122,124
116900096,134,494,-360
116900097,4654,3708,946
116900098,1011,406,605
116900099,1174,900,274
116900100,1260,53,1207
116900101,426,805,-379
116900103,3,2,1
116900104,141,88,53
116900105,469,169,300
116900106,2450,735,1715
116900107,5451,3195,2256
116900110,16,2,14
116900111,530,1245,-715
116900112,317,1511,-1194
116900113,3113,2197,916
116900116,154,573,-419
116900117,311,167,144
116900118,937,851,86
116900120,455,129,326
116900121,409,32,377
116900122,1089,1019,70
116900123,222,890,-668
116900124,312,1302,-990
116900125,460,284,176
116900126,238,790,-552
116900128,0,73,-73
116900129,5,507,-502
116900130,980,4233,-3253
116900131,158,413,-255
116900132,78,154,-76
116900133,137,202,-65
116900134,304,380,-76
116900136,402,283,119
116900137,445,226,219
116900138,302,238,64
116900139,188,471,-283
116900140,241,205,36
116900141,1014,602,412
116900142,3,76,-73
116900143,319,508,-189
116900144,36,118,-82
116900145,123,323,-200
116900147,651,521,130
116900148,8,58,-50
116900149,65,256,-191
116900150,26,20,6
116900151,60,14,46
116900153,132,106,26
116900154,842,796,46
116900155,152,107,45
116900157,630,440,190
116900158,519,389,130
116900159,89,325,-236
116900160,1395,649,746
116900161,8569,6740,1829
116900162,10,188,-178
116900163,208,249,-41
116900164,310,110,200
116900165,326,255,71
116900166,32,116,-84
116900167,512,86,426
116900168,565,152,413
116900169,654,434,220
116900170,323,664,-341
116900171,61,283,-222
116900172,365,391,-26
116900173,263,57,206
116900174,105,63,42
116900175,245,167,78
116900178,47,193,-146
116900179,169,387,-218
116900180,127,43,84
116900182,454,401,53
116900183,252,166,86
116900185,23,71,-48
116900186,93,371,-278
116900187,143,73,70
116900188,167,53,114
116900189,130,3,127
116900191,486,850,-364
116900192,334,227,107
116900194,183,1516,-1333
116900195,54,18,36
116900196,42,118,-76
116900197,114,17,97
116900198,359,304,55
116900200,64,43,21
116900201,140,11,129
116900202,167,47,120
116900203,220,16,204
116900204,50,118,-68
116900206,13,34,-21
116900207,25,52,-27
116900208,20,198,-178
116900209,38,131,-93
116900210,671,348,323
116900211,417,16,401
116900212,78,134,-56
116900213,249,270,-21
116900214,220,240,-20
116900215,94,113,-19
116900216,395,360,35
116900218,17,382,-365
116900219,1763,605,1158
116900220,118,287,-169
116900221,93,471,-378
116900222,426,464,-38
116900223,109,444,-335
116900226,90,96,-6
116900227,238,124,114
116900228,416,306,110
116900230,100,307,-207
116900231,44,544,-500
116900232,9,646,-637
116900233,362,192,170
116900234,40,12,28
116900235,221,423,-202
116900238,1956,532,1424
116900239,9,1628,-1619
116900240,8232,4679,3553
116900241,93,420,-327
116900242,358,644,-286
116900243,1,48,-47
116900245,46,36,10
116900246,127,13,114
116900247,971,48,923
116900248,101,56,45
116900249,418,176,242
116900250,611,84,527
116900251,697,689,8
116900252,250,1279,-1029
116900253,180,144,36
116900254,63,168,-105
116900255,111,89,22
116900256,464,102,362
116900257,29,726,-697
116900258,11,396,-385
116900259,304,21,283
116900260,4,172,-168
116900261,77,3,74
116900262,253,216,37
116900263,0,21,-21
116900264,1,1,0
116900265,46,1,45
116900266,15,63,-48
116900267,6,2,4
116900268,228,73,155
116900269,346,693,-347
116900271,2445,280,2165
116900272,473,503,-30
116900273,211,64,147
116900274,134,140,-6
116900275,254,208,46
116900276,1113,164,949
116900277,924,30,894
116900278,5,17,-12
116900279,3,43,-40
116900280,22,59,-37
116900281,9275,5212,4063
116900282,4,185,-181
116900283,27,180,-153
116900284,21,347,-326
116900285,471,268,203
116900286,325,35,290
116900287,9,102,-93
116900288,98,168,-70
116900289,4,35,-31
116900290,3,86,-83
116900291,25,16,9
116900292,0,13,-13
116900293,44,115,-71
116900294,46,198,-152
116900295,271,63,208
116900296,144,66,78
116900297,10,91,-81
116900298,138,73,65
116900299,137,53,84
116900300,14,85,-71
116900301,75,130,-55
116900302,89,70,19
116900303,420,162,258
116900304,1,160,-159
116900305,17,85,-68
116900306,205,177,28
117000001,2312,2259,53
117000002,2709,6154,-3445
117000003,8711,4566,4145
117000004,5861,7045,-1184
117000005,2744,2231,513
117000006,1759,4949,-3190
117000007,4870,1704,3166
117000008,1452,5734,-4282
117000009,6765,2673,4092
117000010,4086,5915,-1829
117000011,2995,2390,605
117000012,1920,2008,-88
117000013,2531,1259,1272
117000014,1897,3329,-1432
117000015,3774,1733,2041
117000016,398,92,306
117000017,553,156,397
117000018,302,788,-486
117000019,144,0,144
117000020,540,1676,-1136
117000021,2464,497,1967
117000022,503,102,401
117000023,420,235,185
117000024,507,191,316
117000025,704,897,-193
117000026,3121,1221,1900
117000027,3937,4454,-517
117000028,5889,2154,3735
117000030,853,610,243
117000031,502,340,162
117000032,2500,1486,1014
117000033,1914,1165,749
117000034,493,429,64
117000035,437,371,66
117000036,611,411,200
117000037,369,314,55
117000038,285,768,-483
117000039,533,319,214
117000040,279,1510,-1231
117000041,1095,247,848
117000044,23,1035,-1012
117000045,497,99,398
117000046,627,993,-366
117000047,1042,775,267
117000048,2763,1587,1176
117000049,179,716,-537
117000050,269,2933,-2664
117000051,2916,141,2775
117000052,51,486,-435
117000053,569,68,501
117000054,2316,21,2295
117000055,21,4200,-4179
117000056,846,29,817
117000057,868,3215,-2347
117000060,654,2108,-1454
117000061,2181,1256,925
117000062,363,918,-555
117000063,2446,1086,1360
117000064,1129,1095,34
117000066,1605,1136,469
117000067,167,648,-481
117000074,264,278,-14
117000076,190,65,125
117000077,247,191,56
117000078,141,924,-783
117000079,548,277,271
117000080,0,401,-401
117000081,1314,184,1130
117000082,14,83,-69
117000083,158,10,148
117000084,375,2,373
117000085,364,954,-590
117000086,1321,620,701
117000087,108,647,-539
117000088,387,303,84
117000089,1835,408,1427
117000090,381,1768,-1387
117000091,1063,383,680
117000092,544,1890,-1346
117000093,1381,967,414
117000094,1764,4027,-2263
117000095,4219,1278,2941
117000096,904,3302,-2398
117000097,1822,1802,20
117000098,3375,6792,-3417
117000099,3998,1808,2190
117000100,180,415,-235
117000101,271,1699,-1428
117000102,1821,952,869
117000103,877,2605,-1728
117000104,1728,989,739
117000105,1141,2392,-1251
117000106,1508,1200,308
117000107,845,2702,-1857
117000108,1900,1191,709
117000109,2225,3533,-1308
117000110,1860,1307,553
117000111,4904,6049,-1145
117000112,4502,2576,1926
117000113,414,417,-3
117000114,352,219,133
117000115,201,204,-3
117000116,205,294,-89
117000117,2512,1288,1224
117000118,330,226,104
117000119,913,188,725
117000120,315,563,-248
117000121,217,1442,-1225
117000122,468,1061,-593
117000123,2130,67,2063
117000124,1257,82,1175
117000125,546,103,443
117000126,115,33,82
117000127,189,409,-220
117000128,606,947,-341
117000129,515,755,-240
117000130,204,1,203
117000131,0,152,-152
117000132,5749,48,5701
117000133,1693,162,1531
117000134,2,55,-53
117000135,1,56,-55
117000136,8,58,-50
117000137,195,178,17
117000138,3,795,-792
117000140,637,2177,-1540
117000141,2030,787,1243
117000181,1014,593,421
117000182,448,864,-416
117000195,303,1563,-1260
117000196,405,130,275
117000225,167,24,143
117000226,15,174,-159
117000276,318,22,296
117000277,1,555,-554
117000310,2398,3540,-1142
117000315,54,1169,-1115
117000320,117,0,117
117000906,428,18,410
117000907,24,474,-450
117000908,62,25,37
117000909,56,46,10
117000910,302,213,89
117000911,120,268,-148
117000915,7,789,-782
117000916,31,8,23
117000917,1091,59,1032
117000918,86,87,-1
117000919,12,173,-161
117000920,5,1884,-1879
117000921,5,1849,-1844
117000922,67,140,-73
117000924,453,1058,-605
117000926,1257,111,1146
117000927,2910,1133,1777
117000928,0,218,-218
117000929,272,542,-270
117000930,214,14,200
117000931,829,205,624
117900002,163,506,-343
117900003,1143,643,500
117900005,6,31,-25
117900006,0,46,-46
117900007,234,134,100
117900008,0,57,-57
117900010,310,123,187
117900011,55,95,-40
117900012,94,155,-61
117900013,6,369,-363
117900014,765,209,556
117900015,26,158,-132
117900016,1729,1080,649
117900017,1486,414,1072
117900018,209,120,89
117900019,503,478,25
117900020,120,470,-350
117900021,39,95,-56
117900022,36,45,-9
117900023,869,392,477
117900024,72,109,-37
117900025,46,27,19
117900026,582,387,195
117900028,70,7,63
117900029,312,897,-585
117900030,442,424,18
117900031,400,130,270
117900032,1828,708,1120
117900033,239,844,-605
117900034,77,72,5
117900035,945,135,810
117900036,399,573,-174
117900037,161,279,-118
117900038,33,476,-443
117900039,7,70,-63
117900040,126,725,-599
117900041,6,68,-62
117900042,5539,565,4974
117900043,38,76,-38
117900044,16,4461,-4445
117900045,219,159,60
117900048,317,381,-64
117900049,232,658,-426
117900050,6,54,-48
117900051,75,4,71
117900052,86,537,-451
117900053,1798,974,824
117900054,0,29,-29
117900055,241,297,-56
117900056,601,78,523
117900057,1353,2089,-736
117900058,125,39,86
117900059,465,135,330
117900060,2629,8094,-5465
117900061,30,277,-247
117900063,538,273,265
117900065,1865,1766,99
117900066,15,77,-62
117900067,483,248,235
117900069,766,366,400
117900070,241,23,218
117900071,136,184,-48
117900073,571,397,174
117900074,299,45,254
117900075,96,144,-48
117900076,27,77,-50
117900077,416,284,132
117900078,435,974,-539
117900080,154,79,75
117900081,803,544,259
117900082,497,420,77
117900083,461,549,-88
117900086,116,33,83
117900087,260,165,95
117900088,4409,2735,1674
117900089,2490,888,1602
117900090,711,737,-26
117900091,190,254,-64
117900092,80,53,27
117900093,112,169,-57
117900094,56,20,36
117900095,469,453,16
117900096,112,289,-177
117900097,315,280,35
117900098,53,15,38
117900099,203,297,-94
117900100,224,8,216
117900101,612,2235,-1623
117900102,73,143,-70
117900103,169,2,167
117900104,37,147,-110
117900105,148,263,-115
117900106,146,96,50
117900107,63,0,63
117900109,803,546,257
117900110,393,6,387
117900111,599,26,573
117900112,84,38,46
117900113,5142,2433,2709
117900114,26,0,26
117900115,374,67,307
117900116,1185,1259,-74
117900117,673,517,156
117900118,65,0,65
117900119,148,259,-111
117900120,234,91,143
117900121,158,36,122
117900122,2004,4774,-2770
117900123,900,600,300
117900124,1803,1013,790
117900125,2351,2246,105
117900126,372,799,-427
117900127,523,674,-151
117900128,455,925,-470
117900129,176,8,168
117900130,2401,590,1811
117900131,3,199,-196
117900132,22,164,-142
117900133,10,190,-180
117900134,91,298,-207
117900135,37,262,-225
117900136,0,51,-51
117900137,81,424,-343
117900138,1,43,-42
117900139,175,200,-25
117900140,4556,262,4294
117900141,248,271,-23
117900142,238,33,205
117900144,113,165,-52
117900145,58,33,25
117900146,254,169,85
117900147,88,110,-22
117900148,3569,1917,1652
117900149,181,310,-129
117900150,49,66,-17
117900151,32,109,-77
117900152,93,91,2
117900153,41,147,-106
117900154,535,724,-189
117900156,1164,1151,13
117900157,99,648,-549
117900158,380,256,124
117900160,839,765,74
117900161,3900,3154,746
117900162,539,562,-23
117900163,226,97,129
117900165,0,15,-15
117900166,206,426,-220
117900168,109,260,-151
117900169,1,210,-209
117900170,2,44,-42
117900171,1,22,-21
117900172,14,70,-56
117900173,208,97,111
117900174,66,113,-47
117900175,9,73,-64
117900176,11,56,-45
117900177,15,61,-46
117900178,253,64,189
117900180,355,133,222
117900181,230,592,-362
117900182,16,58,-42
117900183,90,288,-198
117900184,57,74,-17
117900185,53,107,-54
117900186,57,27,30
117900187,15,14,1
117900188,348,87,261
117900189,155,55,100
117900190,49,6,43
117900191,97,2,95
117900192,337,1,336
117900193,5,150,-145
117900194,14,15,-1
117900195,125,96,29
117900196,9,41,-32
117900207,255,163,92
117900208,32,39,-7
117900209,196,301,-105
117900210,164,326,-162
117900211,41,289,-248
117900212,148,265,-117
117900213,51,26,25
117900214,6,45,-39
117900215,22,55,-33
117900216,41,27,14
117900217,203,379,-176
117900218,185,228,-43
117900219,10,119,-109
117900220,200,81,119
117900222,272,445,-173
117900223,195,387,-192
118000001,1313,998,315
118000002,1557,2948,-1391
118000003,3110,3460,-350
118000004,4042,3181,861
118000005,8071,7109,962
118000006,10715,13338,-2623
118000007,8275,4370,3905
118000008,7325,4972,2353
118000009,3103,5235,-2132
118000010,8441,6121,2320
118000011,1771,3401,-1630
118000012,1691,3245,-1554
118000013,4826,3479,1347
118000014,3088,3978,-890
118000016,270,522,-252
118000017,457,520,-63
118000018,764,658,106
118000019,3485,1769,1716
118000020,3111,4092,-981
118000021,1020,3749,-2729
118000022,2862,1077,1785
118000023,1561,403,1158
118000024,3603,1422,2181
118000027,25360,15701,9659
118000029,1678,950,728
118000032,2194,4842,-2648
118000033,4403,6590,-2187
118000034,8535,3513,5022
118000035,2435,3380,-945
118000036,1674,1372,302
118000037,1024,1267,-243
118000038,201,112,89
118000039,123,342,-219
118000040,2131,1742,389
118000041,2873,2063,810
118000045,646,254,392
118000046,1872,626,1246
118000047,1216,651,565
118000048,4003,1909,2094
118000051,4759,1341,3418
118000052,3551,950,2601
118000053,693,822,-129
118000054,2863,2240,623
118000055,1845,2155,-310
118000056,867,671,196
118000057,388,472,-84
118000058,4781,2225,2556
118000059,3383,1319,2064
118000060,1408,841,567
118000061,2191,2015,176
118000062,863,454,409
118000063,486,712,-226
118000064,1044,1717,-673
118000065,5390,2539,2851
118000066,1256,2101,-845
118000067,1438,1166,272
118000068,2338,5768,-3430
118000069,4954,1662,3292
118000070,7370,2308,5062
118000071,4785,9506,-4721
118000072,2422,1502,920
118000073,4010,888,3122
118000074,939,475,464
118000075,1235,400,835
118000076,1742,2753,-1011
118000077,1816,1739,77
118000078,2333,2472,-139
118000079,498,611,-113
118000080,1669,1346,323
118000081,2234,1425,809
118000082,383,1607,-1224
118000083,2399,2263,136
118000084,4240,2332,1908
118000086,477,927,-450
118000087,6473,3466,3007
118000088,2217,2079,138
118000089,4452,2635,1817
118000090,2150,3866,-1716
118000091,1700,3043,-1343
118000092,1505,658,847
118000093,116,930,-814
118000096,606,818,-212
118000097,1036,801,235
118000098,360,273,87
118000099,692,1072,-380
118000101,1325,426,899
118000102,474,1610,-1136
118000107,2840,780,2060
118000108,1060,2711,-1651
118000110,2,34,-32
118000111,3,570,-567
118000112,595,4,591
118000113,11,1065,-1054
118000114,605,15,590
118000115,24,15,9
118000116,54,0,54
118000117,1540,1134,406
118000118,1161,954,207
118000119,1379,1426,-47
118000120,2210,1732,478
118000121,133,765,-632
118000122,1932,527,1405
118000123,84,354,-270
118000125,2451,1314,1137
118000126,1030,2016,-986
118000127,2324,891,1433
118000128,1070,1693,-623
118000129,1255,463,792
118000130,3665,5255,-1590
118000131,855,1001,-146
118000132,3120,2310,810
118000133,1450,500,950
118000135,868,478,390
118000136,145,610,-465
118000137,846,113,733
118000138,655,830,-175
118000139,442,149,293
118000140,4317,5514,-1197
118000141,2825,2554,271
118000142,2150,2176,-26
118000143,3062,1675,1387
118000144,2005,1291,714
118000145,2841,3147,-306
118000146,1563,1392,171
118000147,1376,2261,-885
118000148,817,1804,-987
118000149,990,1227,-237
118000150,652,372,280
118000151,694,619,75
118000153,1660,1654,6
118000154,1600,2125,-525
118000155,1557,1672,-115
118000156,3297,3273,24
118000157,867,560,307
118000158,193,638,-445
118000159,35,112,-77
118000160,720,598,122
118000161,604,1080,-476
118000162,2162,1077,1085
118000163,1222,1032,190
118000164,2639,1856,783
118000168,1921,982,939
118000169,1527,1754,-227
118000170,5699,8220,-2521
118000171,409,975,-566
118000172,178,433,-255
118000173,1244,1681,-437
118000175,386,381,5
118000176,341,518,-177
118000177,313,691,-378
118000178,50,51,-1
118000179,1846,1515,331
118000180,1092,923,169
118000181,1127,432,695
118000182,421,337,84
118000183,274,361,-87
118000184,1056,1011,45
118000185,1633,1429,204
118000186,983,1300,-317
118000187,1421,995,426
118000188,812,300,512
118000189,887,1085,-198
118000190,19,8,11
118000191,35,51,-16
118000192,188,194,-6
118000193,173,498,-325
118000194,1883,1255,628
118000195,846,1136,-290
118000196,470,212,258
118000197,844,202,642
118000198,1078,932,146
118000199,1225,550,675
118000200,210,356,-146
118000201,561,577,-16
118000202,71,101,-30
118000203,1506,698,808
118000204,210,416,-206
118000205,270,464,-194
118000206,243,277,-34
118000207,0,78,-78
118000208,1582,2189,-607
118000209,2725,2354,371
118000210,73,72,1
118000211,33,59,-26
118000213,1683,1467,216
118000214,735,754,-19
118000215,306,333,-27
118000216,2516,4037,-1521
118000217,50,185,-135
118000218,99,180,-81
118000219,766,477,289
118000220,0,61,-61
118000221,246,431,-185
118000222,86,10,76
118000223,44,59,-15
118000224,273,153,120
118000225,165,989,-824
118000226,1396,229,1167
118000227,1218,504,714
118000228,264,313,-49
118000229,202,61,141
118000230,204,346,-142
118000231,175,303,-128
118000232,867,1290,-423
118000233,1378,1045,333
118000234,537,344,193
118000236,549,529,20
118000237,126,623,-497
118000238,360,279,81
118000239,433,343,90
118000240,677,225,452
118000241,236,300,-64
118000242,465,966,-501
118000243,370,328,42
118000244,74,220,-146
118000246,0,32,-32
118000255,78,309,-231
118000256,143,283,-140
118000259,6,87,-81
118000260,329,218,111
118000261,56,107,-51
118000263,109,298,-189
118000266,364,411,-47
118000267,0,159,-159
118000268,507,6,501
118000270,149,52,97
118000271,181,359,-178
118000272,284,65,219
118000273,188,134,54
118000274,150,425,-275
118000276,498,446,52
118000295,13,162,-149
118000298,296,499,-203
118000299,73,213,-140
118000301,1,76,-75
118000302,123,106,17
118000311,495,151,344
118000312,365,290,75
118000313,132,281,-149
118000314,86,86,0
118000315,70,119,-49
118000316,811,694,117
118000325,99,87,12
118000326,25,53,-28
118000331,40,78,-38
118000332,19,64,-45
118000333,27,90,-63
118000335,379,3,376
118000336,0,392,-392
118000407,189,126,63
118000457,17,70,-53
118000465,5643,5801,-158
118000480,63,195,-132
118000489,55,374,-319
118000490,52,392,-340
118000492,316,255,61
118000510,81,35,46
118000514,229,416,-187
118000515,889,864,25
118000517,433,268,165
118000524,696,312,384
118000525,1091,1087,4
118000530,52,195,-143
118000531,305,364,-59
118000532,306,488,-182
118000533,413,189,224
118000534,815,666,149
118000535,273,204,69
118000536,1487,2501,-1014
118000537,50,254,-204
118000538,44,98,-54
118000539,25,136,-111
118000540,416,245,171
118000541,305,106,199
118000542,193,272,-79
118000543,302,314,-12
118000546,68,40,28
118000553,0,1,-1
118000557,0,0,0
118000560,4432,2826,1606
118000562,54,314,-260
118000563,2365,1843,522
118000576,226,180,46
118000577,189,151,38
118000578,170,111,59
118000579,731,1301,-570
118000583,1,2,-1
118000595,215,115,100
118000596,0,77,-77
118000597,118,129,-11
118000598,10,0,10
118000599,55,54,1
118000600,3,14,-11
118000601,9,0,9
118000602,1,12,-11
118000603,0,35,-35
118900001,1029,1490,-461
118900002,1212,1064,148
118900003,586,30,556
118900004,45,74,-29
118900005,97,18,79
118900006,279,14,265
118900007,8,4,4
118900008,1732,69,1663
118900009,74,64,10
118900010,115,8,107
118900011,261,83,178
118900012,593,287,306
118900013,735,192,543
118900015,276,131,145
118900016,12,36,-24
118900017,313,431,-118
118900018,1183,33,1150
118900019,78,35,43
118900020,296,172,124
118900021,190,421,-231
118900022,174,142,32
118900023,210,119,91
118900024,161,234,-73
118900025,31,46,-15
118900026,91,89,2
118900027,462,348,114
118900028,175,196,-21
118900029,319,473,-154
118900030,430,109,321
118900031,176,148,28
118900032,238,231,7
118900033,704,563,141
118900034,306,32,274
118900035,161,233,-72
118900036,1332,894,438
118900037,558,361,197
118900038,426,278,148
118900039,707,267,440
118900040,235,251,-16
118900041,753,202,551
118900042,235,118,117
118900045,458,215,243
118900046,1184,409,775
118900047,768,305,463
118900048,348,262,86
118900049,76,67,9
118900050,30,121,-91
118900051,91,136,-45
118900052,378,260,118
118900053,72,109,-37
118900054,188,95,93
118900055,96,140,-44
118900056,33,432,-399
118900057,917,554,363
118900058,506,428,78
118900059,22,107,-85
118900060,267,158,109
118900062,420,257,163
118900064,1047,643,404
118900065,70,215,-145
118900066,103,137,-34
118900067,6892,4558,2334
118900068,12,285,-273
118900069,425,369,56
118900071,8,124,-116
118900072,452,527,-75
118900073,152,124,28
118900074,192,336,-144
118900075,54,130,-76
118900076,326,139,187
118900077,299,250,49
118900078,44,18,26
118900079,82,344,-262
118900080,27,198,-171
118900081,99,38,61
118900082,741,224,517
118900083,63,10,53
118900084,28,37,-9
118900085,818,1240,-422
118900086,27,106,-79
118900087,12,284,-272
118900088,2,23,-21
118900089,25,17,8
118900090,543,442,101
118900091,239,284,-45
118900092,141,146,-5
118900093,216,43,173
118900096,75,30,45
118900097,275,621,-346
118900099,109,313,-204
118900100,166,326,-160
118900101,116,972,-856
118900102,64,132,-68
118900103,68,135,-67
118900104,322,254,68
118900105,281,164,117
118900107,264,156,108
118900108,114,196,-82
118900110,2029,1084,945
118900111,781,759,22
118900112,130,273,-143
118900113,189,716,-527
118900114,16,100,-84
118900115,166,665,-499
118900116,140,249,-109
118900117,113,221,-108
118900118,281,460,-179
118900119,126,368,-242
118900120,103,339,-236
118900121,24,298,-274
118900122,20,986,-966
118900123,219,263,-44
118900124,79,304,-225
118900126,29,447,-418
118900129,294,279,15
118900130,93,258,-165
118900131,215,285,-70
118900132,404,286,118
118900133,19,128,-109
118900135,246,316,-70
118900136,186,648,-462
118900137,17,33,-16
118900139,352,568,-216
118900140,423,760,-337
118900141,126,243,-117
118900144,151,546,-395
118900145,111,185,-74
118900146,385,820,-435
118900147,277,240,37
118900148,115,100,15
118900150,201,793,-592
118900152,777,1146,-369
118900157,99,195,-96
118900158,116,104,12
118900159,0,244,-244
118900161,114,8,106
118900163,231,177,54
118900164,7,165,-158
118900165,64,363,-299
118900166,73,3,70
118900167,86,178,-92
118900168,12,216,-204
118900169,176,610,-434
118900170,431,225,206
118900171,19,66,-47
118900174,88,101,-13
118900175,425,567,-142
118900176,193,349,-156
118900177,61,81,-20
118900178,99,200,-101
118900179,9,48,-39
118900181,171,118,53
118900182,178,88,90
118900183,30,167,-137
118900184,454,211,243
118900185,122,164,-42
118900186,108,121,-13
118900187,277,360,-83
118900188,400,350,50
118900189,46,877,-831
118900190,13,479,-466
118900191,160,70,90
118900192,219,23,196
118900193,589,10,579
118900195,421,1074,-653
118900196,50,220,-170
118900197,149,59,90
118900198,28,41,-13
118900199,109,61,48
118900200,21,20,1
118900201,55,27,28
118900202,12,98,-86
118900203,22,56,-34
118900204,27,42,-15
118900205,6,12,-6
118900206,3,27,-24
119000001,1736,2050,-314
119000002,6078,4025,2053
119000003,3093,1673,1420
119000004,4100,1861,2239
119000005,2178,2529,-351
119000006,2981,2103,878
119000007,4619,4626,-7
119000008,2556,2735,-179
119000009,5187,6373,-1186
119000010,9673,6180,3493
119000011,6035,3866,2169
119000012,4712,4603,109
119000013,2911,1862,1049
119000014,3025,4390,-1365
119000019,418,230,188
119000020,2549,1876,673
119000021,5613,3264,2349
119000022,4557,3556,1001
119000023,350,389,-39
119000024,2406,13023,-10617
119000025,10425,1939,8486
119000026,245,474,-229
119000027,369,706,-337
119000028,2665,1532,1133
119000029,130,354,-224
119000030,812,1510,-698
119000031,1194,1059,135
119000032,2915,3589,-674
119000033,2832,2119,713
119000034,1364,1408,-44
119000035,43,463,-420
119000036,2047,1225,822
119000037,1369,2441,-1072
119000038,177,1188,-1011
119000039,348,399,-51
119000040,1105,751,354
119000041,1038,1434,-396
119000048,4149,4274,-125
119000049,2117,3400,-1283
119000050,3005,2647,358
119000051,4222,1194,3028
119000052,2626,3998,-1372
119000053,2533,1556,977
119000054,3908,4531,-623
119000055,4965,4678,287
119000056,2879,2740,139
119000057,1909,2943,-1034
119000058,2362,2480,-118
119000059,1752,2345,-593
119000060,2003,1584,419
119000061,1311,1117,194
119000062,1784,1803,-19
119000063,642,523,119
119000064,1563,2146,-583
119000065,2843,4741,-1898
119000066,3687,1536,2151
119000067,2472,3064,-592
119000068,2069,1540,529
119000069,1780,3495,-1715
119000070,3095,1401,1694
119000071,674,929,-255
119000072,8048,4617,3431
119000073,8518,9003,-485
119000074,1693,3788,-2095
119000075,2817,3188,-371
119000076,871,1324,-453
119000077,1710,683,1027
119000078,616,293,323
119000079,261,797,-536
119000080,608,267,341
119000081,595,569,26
119000082,1377,281,1096
119000083,795,558,237
119000084,435,612,-177
119000085,703,324,379
119000086,400,586,-186
119000087,2100,1252,848
119000088,368,306,62
119000089,96,291,-195
119000090,236,219,17
119000091,136,570,-434
119000092,591,275,316
119000093,5041,3821,1220
119000094,3552,7193,-3641
119000095,2096,3748,-1652
119000097,3102,2178,924
119000098,1177,3472,-2295
119000099,3157,2664,493
119000100,4433,3669,764
119000101,6977,2641,4336
119000102,1321,1354,-33
119000103,2568,700,1868
119000104,3781,2309,1472
119000105,1472,2351,-879
119000106,469,2252,-1783
119000107,1089,614,475
119000108,658,1379,-721
119000109,344,628,-284
119000110,1318,667,651
119000111,160,831,-671
119000112,382,154,228
119000113,4219,498,3721
119000114,1102,1498,-396
119000115,173,132,41
119000116,179,133,46
119000117,198,542,-344
119000118,3,1,2
119000123,5832,1383,4449
119000124,1070,281,789
119000125,3994,1261,2733
119000126,1267,1045,222
119000127,655,920,-265
119000128,81,3,78
119000131,1147,1217,-70
119000132,3,1,2
119000133,2,3,-1
119000134,2749,859,1890
119000135,141,273,-132
119000136,281,281,0
119000137,225,520,-295
119000138,460,483,-23
119000139,308,364,-56
119000140,252,586,-334
119000284,1805,4178,-2373
119000285,2883,3005,-122
119000286,10345,7862,2483
119000287,2031,3191,-1160
119000288,2535,2172,363
119000289,2551,4780,-2229
119000290,237,668,-431
119000291,5,436,-431
119000293,106,223,-117
119000294,55,52,3
119000295,2306,613,1693
119000296,254,207,47
119000302,3826,2064,1762
119000303,61,235,-174
119000304,0,0,0
119000310,0,0,0
119000314,1894,11219,-9325
119000315,6,682,-676
119000316,162,217,-55
119000317,113,489,-376
119900001,381,1584,-1203
119900002,307,485,-178
119900003,95,1584,-1489
119900004,436,1399,-963
119900005,222,186,36
119900006,285,534,-249
119900007,1559,293,1266
119900008,671,73,598
119900009,1050,1070,-20
119900010,3023,1698,1325
119900011,24,113,-89
119900012,29,187,-158
119900013,2435,1260,1175
119900014,902,360,542
119900015,149,50,99
119900016,64,150,-86
119900017,42,82,-40
119900018,2691,1118,1573
119900019,47,16,31
119900020,261,281,-20
119900021,208,263,-55
119900022,164,814,-650
119900023,813,1540,-727
119900025,192,43,149
119900026,1098,174,924
119900027,72,53,19
119900028,504,145,359
119900029,0,7,-7
119900030,806,855,-49
119900031,134,445,-311
119900033,2924,423,2501
119900034,503,212,291
119900037,172,70,102
119900038,81,385,-304
119900039,80,17,63
119900040,284,34,250
119900041,176,52,124
119900042,558,213,345
119900043,97,231,-134
119900044,281,1056,-775
119900046,159,128,31
119900047,346,81,265
119900048,122,58,64
119900049,233,21,212
119900050,215,169,46
119900051,588,16,572
119900052,57,68,-11
119900053,294,223,71
119900054,154,18,136
119900055,1660,621,1039
119900057,302,127,175
119900058,283,7,276
119900059,278,91,187
119900060,410,53,357
119900062,61,38,23
119900063,20,102,-82
119900065,351,12,339
119900066,3,3,0
119900067,324,43,281
119900068,502,4,498
119900069,120,108,12
119900070,1108,65,1043
119900071,870,26,844
119900073,2460,904,1556
119900074,85,42,43
119900075,7197,3578,3619
119900076,797,578,219
119900077,1049,1660,-611
119900078,843,1306,-463
119900079,301,436,-135
119900080,2308,2200,108
119900081,504,120,384
119900082,1447,242,1205
119900083,553,217,336
119900084,1138,511,627
119900085,177,114,63
119900087,944,478,466
119900088,42,95,-53
119900089,55,680,-625
119900090,175,103,72
119900091,81,1379,-1298
119900092,245,537,-292
119900093,1533,443,1090
119900094,93,251,-158
119900095,318,183,135
119900096,116,190,-74
119900097,794,245,549
119900098,54,77,-23
119900099,38,379,-341
119900100,3285,3613,-328
119900101,432,1501,-1069
119900102,80,518,-438
119900103,48,678,-630
119900104,81,339,-258
119900105,1956,2580,-624
119900106,15,278,-263
119900107,518,4206,-3688
119900108,3161,965,2196
119900109,64,324,-260
119900110,811,844,-33
119900111,108,474,-366
119900112,2628,816,1812
119900113,157,456,-299
119900114,270,1705,-1435
119900115,343,1610,-1267
119900116,412,757,-345
119900117,378,1166,-788
119900118,115,1323,-1208
119900119,311,391,-80
119900120,831,955,-124
119900121,427,1619,-1192
119900122,698,510,188
119900123,387,515,-128
119900124,229,1280,-1051
119900125,64,419,-355
119900126,6088,392,5696
119900127,3394,1514,1880
119900128,760,1342,-582
119900129,374,831,-457
119900130,48,386,-338
119900131,64,353,-289
119900132,11,388,-377
119900133,73,173,-100
119900134,2437,376,2061
119900135,1,628,-627
119900136,252,520,-268
119900138,487,857,-370
119900139,295,174,121
119900140,9,151,-142
119900141,189,940,-751
119900142,18,58,-40
119900143,32,333,-301
119900144,2561,347,2214
119900145,132,302,-170
119900146,285,399,-114
119900147,5,240,-235
119900148,234,113,121
119900149,2043,5541,-3498
119900150,206,288,-82
119900151,2326,1014,1312
119900152,170,563,-393
119900153,223,139,84
119900154,67,418,-351
119900155,70,78,-8
119900156,21,8,13
119900157,183,389,-206
119900158,191,151,40
119900159,14,2059,-2045
119900160,39,278,-239
119900161,245,328,-83
119900162,1170,1316,-146
119900163,283,258,25
119900164,1,1,0
119900165,216,333,-117
119900166,104,48,56
119900167,147,199,-52
119900168,1054,791,263
119900169,240,449,-209
119900170,249,365,-116
119900171,2189,683,1506
119900172,214,32,182
119900173,12,626,-614
119900174,17,362,-345
119900175,1501,1088,413
119900177,46,285,-239
119900178,19,207,-188
119900179,99,638,-539
119900180,1326,1255,71
119900181,92,151,-59
119900182,25,616,-591
119900183,222,989,-767
119900184,3831,853,2978
119900185,53,254,-201
119900186,146,1279,-1133
119900187,30,731,-701
119900188,144,636,-492
119900189,917,640,277
119900190,89,435,-346
119900191,569,277,292
119900192,97,222,-125
119900193,453,333,120
119900194,40,94,-54
119900195,120,332,-212
119900196,2178,706,1472
119900197,295,203,92
119900198,581,376,205
119900199,202,26,176
119900200,1144,988,156
119900201,568,305,263
119900202,243,277,-34
119900203,293,804,-511
119900204,285,470,-185
119900205,811,815,-4
119900206,224,277,-53
119900208,241,299,-58
119900209,691,1611,-920
119900210,38,82,-44
119900211,117,19,98
119900212,250,446,-196
119900213,9,96,-87
119900214,35,137,-102
119900215,52,102,-50
119900216,13,126,-113
119900217,13,81,-68
119900218,98,122,-24
119900219,36,234,-198
119900220,12,145,-133
119900221,43,442,-399
119900222,20,369,-349
119900223,37,113,-76
119900224,23,51,-28
119900225,1469,96,1373
119900226,884,2467,-1583
119900227,1506,536,970
119900228,985,516,469
119900229,443,602,-159
119900230,2306,1065,1241
119900231,268,313,-45
119900232,295,169,126
119900233,122,10,112
119900234,42,119,-77
119900235,33,121,-88
119900236,76,302,-226
119900237,75,818,-743
119900238,8,107,-99
119900240,190,244,-54
119900241,247,435,-188
119900242,2356,2415,-59
119900244,1056,2212,-1156
119900245,247,289,-42
119900246,382,817,-435
119900247,48,146,-98
119900248,91,224,-133
119900249,342,172,170
119900253,4273,554,3719
119900254,99,754,-655
119900255,202,720,-518
119900256,864,1519,-655
119900257,90,3,87
119900258,139,6,133
119900259,17,232,-215
119900260,192,14,178
119900261,540,258,282
119900262,1,389,-388
119900263,1400,611,789
119900264,165,335,-170
119900265,868,675,193
119900266,419,456,-37
119900267,302,786,-484
119900268,454,329,125
119900269,1538,2252,-714
119900271,33,169,-136
119900272,505,169,336
119900275,149,45,104
119900276,47,3,44
119900277,8,8,0
119900278,475,179,296
119900279,264,652,-388
119900280,1057,308,749
119900281,0,279,-279
119900282,89,118,-29
119900283,13,336,-323
119900284,59,417,-358
119900285,75,141,-66
119900286,4,65,-61
119900288,6,55,-49
119900289,2,55,-53
119900290,5,37,-32
119900291,0,98,-98
119900292,67,53,14
119900293,33,11,22
119900294,91,1,90
119900295,0,0,0
119900296,0,0,0
119900299,173,334,-161
119900300,687,282,405
119900301,167,87,80
119900302,278,169,109
119900303,527,572,-45
119900304,402,116,286
119900305,29,182,-153
119900306,33,5,28
119900307,75,185,-110
119900308,5,34,-29
119900309,66,166,-100
119900310,359,455,-96
119900311,74,204,-130
119900312,167,162,5
119900313,399,516,-117
119900314,245,557,-312
119900315,2027,3444,-1417
119900318,17,42,-25
119900319,0,381,-381
119900320,290,876,-586
119900321,95,8,87
119900322,41,135,-94
119900323,3,258,-255
119900324,13,61,-48
119900325,235,458,-223
119900326,164,174,-10
120000001,8961,17809,-8848
120000002,3317,3982,-665
120000003,4658,2213,2445
120000004,3573,3001,572
120000005,6185,2799,3386
120000006,1610,1943,-333
120000007,4942,4197,745
120000008,1425,2011,-586
120000009,4828,1211,3617
120000010,2316,3575,-1259
120000011,1582,2827,-1245
120000012,2028,4319,-2291
120000013,3644,3944,-300
120000014,885,2020,-1135
120000015,3458,2050,1408
120000016,4354,2943,1411
120000017,4884,3173,1711
120000018,5185,13467,-8282
120000019,1207,1930,-723
120000020,3986,4193,-207
120000021,2257,3219,-962
120000022,3770,4863,-1093
120000023,1198,2286,-1088
120000024,1861,3333,-1472
120000025,3450,2767,683
120000026,2178,2395,-217
120000027,2329,2902,-573
120000028,951,832,119
120000029,5657,934,4723
120000030,3779,1449,2330
120000031,3007,10800,-7793
120000032,11745,5626,6119
120000033,6290,2950,3340
120000034,2378,2814,-436
120000035,2118,2995,-877
120000036,3449,7052,-3603
120000037,887,1936,-1049
120000038,9677,5176,4501
120000039,680,1254,-574
120000040,799,366,433
120000041,1800,2135,-335
120000042,3118,3444,-326
120000043,6673,2631,4042
120000044,6471,2630,3841
120000045,6679,1751,4928
120000046,3233,3466,-233
120000047,1877,7533,-5656
120000048,10214,5349,4865
120000049,4359,3716,643
120000050,5058,5594,-536
120000051,3871,6191,-2320
120000052,12641,3290,9351
120000053,1392,3637,-2245
120000054,1741,6294,-4553
120000055,2249,6871,-4622
120000056,4977,5258,-281
120000057,4356,840,3516
120000058,3144,575,2569
120000059,55,2223,-2168
120000061,255,862,-607
120000062,244,443,-199
120000063,2371,3363,-992
120000064,300,1791,-1491
120000065,1698,2326,-628
120000066,599,720,-121
120000067,215,719,-504
120000068,245,1331,-1086
120000069,1023,1935,-912
120000070,101,1297,-1196
120000071,632,277,355
120000072,850,670,180
120000073,941,145,796
120000074,266,148,118
120000075,1615,485,1130
120000076,4609,571,4038
120000077,2886,938,1948
120000078,4453,1637,2816
120000079,295,264,31
120000080,243,344,-101
120000081,433,318,115
120000082,235,312,-77
120000083,90,796,-706
120000084,421,536,-115
120000085,403,533,-130
120000086,441,746,-305
120000087,226,955,-729
120000088,1199,1944,-745
120000089,1432,1017,415
120000090,881,798,83
120000091,1660,1637,23
120000092,1586,887,699
120000093,583,754,-171
120000094,183,989,-806
120000095,1469,737,732
120000096,349,1152,-803
120000098,1544,1321,223
120000099,839,1207,-368
120000100,938,1451,-513
120000101,680,721,-41
120000102,663,1139,-476
120000103,1846,1169,677
120000104,2128,721,1407
120000105,3378,989,2389
120000106,2875,917,1958
120000107,4702,947,3755
120000108,1605,211,1394
120000109,1343,93,1250
120000110,109,1393,-1284
120000111,325,1791,-1466
120000112,1166,4724,-3558
120000113,1019,3370,-2351
120000114,1350,4156,-2806
120000115,478,3494,-3016
120000116,1188,2995,-1807
120000117,1742,2037,-295
120000118,59,27,32
120000119,41,102,-61
120000120,116,94,22
120000121,33,65,-32
120000122,348,467,-119
120000123,7781,6574,1207
120000124,513,508,5
120000125,672,1085,-413
120000126,460,1093,-633
120000127,3896,1190,2706
120000128,4840,4423,417
120000129,181,403,-222
120000130,1324,851,473
120000131,400,883,-483
120000134,600,1750,-1150
120000135,667,767,-100
120000137,421,2202,-1781
120000138,1096,835,261
120000139,526,1138,-612
120000140,1022,878,144
120000141,956,663,293
120000142,1073,889,184
120000143,4,152,-148
120000144,96,1,95
120000145,452,5,447
120000146,2027,1179,848
120000149,907,1640,-733
120000150,5044,14595,-9551
120000151,545,794,-249
120000152,741,333,408
120000153,359,947,-588
120000154,635,670,-35
120000155,133,444,-311
120000156,1411,1505,-94
120000157,1582,1170,412
120000158,1389,1304,85
120000159,2649,3567,-918
120000160,3057,2085,972
120000161,2665,3244,-579
120000162,165,340,-175
120000163,794,2208,-1414
120000164,593,807,-214
120000165,729,1626,-897
120000166,1807,1021,786
120000167,69,132,-63
120000168,9,373,-364
120000169,71,1091,-1020
120000170,79,672,-593
120000171,21,238,-217
120000172,35,111,-76
120000173,3521,897,2624
120000174,956,36,920
120000175,569,30,539
120000176,540,37,503
120000177,2404,164,2240
120000178,384,19,365
120000179,745,42,703
120000180,1423,101,1322
120000181,249,877,-628
120000182,100,482,-382
120000183,16,427,-411
120000184,174,1248,-1074
120000186,117,294,-177
120000187,54,163,-109
120000188,281,256,25
120000190,1868,32,1836
120000191,2161,44,2117
120000192,1665,28,1637
120000193,620,18,602
120000195,121,6,115
120000196,538,63,475
120000197,172,225,-53
120000198,204,134,70
120000199,126,1,125
120000200,149,1,148
120000201,18,36,-18
120000202,1,75,-74
120000203,32,348,-316
120000207,3,103,-100
120000208,10,364,-354
120000209,10,101,-91
120000210,151,112,39
120000211,114,4,110
120000212,176,0,176
120000213,141,472,-331
120000214,2,481,-479
120000215,5,252,-247
120000216,74,24,50
120000217,931,1460,-529
120000218,214,984,-770
120000219,7,653,-646
120000220,60,2203,-2143
120000225,1948,1,1947
120000226,456,2,454
120000227,1024,62,962
120000228,9280,4294,4986
120000230,431,44,387
120000231,1616,3246,-1630
120000233,395,19,376
120000235,348,976,-628
120000236,1591,5,1586
120000237,1,1922,-1921
120000238,8,833,-825
120000241,1582,4856,-3274
120000412,1560,70,1490
120000413,475,294,181
120000414,143,1,142
120000415,1,173,-172
120000416,283,6,277
120000417,8,100,-92
120000418,154,21,133
120000419,5,399,-394
120000420,59,50,9
120000421,15738,7861,7877
120000422,197,1418,-1221
120000423,1,48,-47
120000424,81,244,-163
120000436,167,880,-713
120000437,183,241,-58
120000438,4997,531,4466
120000439,228,666,-438
120000443,290,4,286
120000444,2029,987,1042
120000445,2362,1437,925
120000446,1042,294,748
120000447,329,14,315
120000449,121,11,110
120000450,6,260,-254
120000451,222,341,-119
120000452,162,5,157
120000453,1,429,-428
120000454,106,67,39
120000455,132,72,60
120000456,3176,4915,-1739
120000457,1498,849,649
120000458,863,1043,-180
120000459,109,93,16
120000665,1874,294,1580
120000668,132,544,-412
120000669,52,240,-188
120000670,277,503,-226
120000671,2026,760,1266
120000672,156,900,-744
120900001,56,104,-48
120900002,535,640,-105
120900003,501,52,449
120900004,20,81,-61
120900005,19,1623,-1604
120900006,493,285,208
120900007,256,195,61
120900008,278,1526,-1248
120900009,942,78,864
120900010,566,96,470
120900011,515,217,298
120900012,760,1410,-650
120900013,489,149,340
120900014,5,951,-946
120900015,1963,124,1839
120900016,976,84,892
120900017,3243,201,3042
120900018,182,716,-534
120900019,856,289,567
120900020,1109,1557,-448
120900021,743,247,496
120900022,45,484,-439
120900023,489,58,431
120900024,2747,792,1955
120900025,2595,1429,1166
120900026,407,302,105
120900027,1186,50,1136
120900028,422,116,306
120900029,252,555,-303
120900030,1399,1048,351
120900031,289,122,167
120900032,1235,177,1058
120900033,1450,71,1379
120900034,91,3130,-3039
120900035,53,172,-119
120900037,486,11,475
120900038,94,303,-209
120900039,143,53,90
120900040,452,6,446
120900041,193,44,149
120900042,653,99,554
120900043,164,39,125
120900044,77,596,-519
120900045,248,162,86
120900046,617,4,613
120900047,304,100,204
120900048,153,32,121
120900049,466,14,452
120900050,3698,1854,1844
120900051,413,187,226
120900052,837,1,836
120900053,307,180,127
120900054,2352,938,1414
120900055,386,3,383
120900056,582,31,551
120900057,140,26,114
120900058,599,4,595
120900059,101,3,98
120900060,84,80,4
120900061,312,485,-173
120900062,264,1,263
120900063,600,7,593
120900064,661,4,657
120900065,517,1,516
120900066,359,426,-67
120900067,215,83,132
120900068,311,5,306
120900069,222,83,139
120900071,10,2,8
120900072,720,3,717
120900073,589,338,251
120900074,798,12,786
120900076,345,0,345
120900077,4777,600,4177
120900078,807,1207,-400
120900079,779,160,619
120900080,875,2576,-1701
120900081,1212,1166,46
120900082,962,835,127
120900083,64,1,63
120900084,368,501,-133
120900085,111,195,-84
120900086,207,408,-201
120900087,471,355,116
120900088,245,442,-197
120900089,5320,3298,2022
120900090,220,230,-10
120900091,779,1137,-358
120900092,1983,804,1179
120900093,3422,319,3103
120900094,754,330,424
120900095,732,43,689
120900096,92,271,-179
120900097,1023,1057,-34
120900098,521,327,194
120900099,97,134,-37
120900100,205,397,-192
120900101,1129,494,635
120900102,55,145,-90
120900103,91,332,-241
120900104,31,79,-48
120900105,73,900,-827
120900106,1964,831,1133
120900107,397,245,152
120900108,8,1010,-1002
120900109,61,948,-887
120900110,18,1055,-1037
120900111,254,568,-314
120900112,18,1298,-1280
120900113,34,1276,-1242
120900114,83,208,-125
120900115,231,319,-88
120900116,481,694,-213
120900117,2,702,-700
120900118,15,1071,-1056
120900119,5339,8498,-3159
120900120,93,842,-749
120900121,374,781,-407
120900122,593,827,-234
120900123,4,590,-586
120900124,1,953,-952
120900125,26,1236,-1210
120900126,2335,1888,447
120900127,16,650,-634
120900128,1843,2214,-371
120900129,67,490,-423
120900130,3,613,-610
120900131,86,154,-68
120900132,867,431,436
120900133,305,1391,-1086
120900134,1054,629,425
120900135,11,898,-887
120900136,49,83,-34
120900137,274,173,101
120900138,31,327,-296
120900139,3,1012,-1009
120900140,4,113,-109
120900141,274,236,38
120900142,39,904,-865
120900143,6,1343,-1337
120900144,5,254,-249
120900145,1028,1272,-244
120900146,4,1660,-1656
120900147,2,711,-709
120900148,146,217,-71
120900149,0,457,-457
120900150,84,834,-750
120900151,3,855,-852
120900152,2,53,-51
120900153,30,162,-132
120900154,0,426,-426
120900155,259,1565,-1306
120900156,55,409,-354
120900157,76,386,-310
120900158,82,961,-879
120900159,234,542,-308
120900160,52,1126,-1074
120900161,71,714,-643
120900162,32,752,-720
120900163,48,617,-569
120900164,0,4,-4
120900165,14,17,-3
120900166,216,440,-224
120900167,680,253,427
120900169,108,695,-587
120900170,2406,3476,-1070
120900171,1603,450,1153
120900172,2645,812,1833
120900173,0,63,-63
120900174,16,182,-166
120900175,354,290,64
120900176,35,448,-413
120900177,3,1330,-1327
120900178,2,598,-596
120900179,1423,773,650
120900180,143,170,-27
120900181,209,65,144
120900182,24,491,-467
120900183,322,144,178
120900184,210,119,91
120900185,15,779,-764
120900186,1,724,-723
120900187,736,1367,-631
120900188,188,25,163
120900189,227,1429,-1202
120900190,95,23,72
120900191,9,28,-19
120900192,15161,8208,6953
120900194,48,124,-76
120900195,204,460,-256
120900196,1154,58,1096
120900197,929,156,773
120900198,444,860,-416
120900199,577,510,67
120900200,114,154,-40
120900201,762,280,482
120900202,6,298,-292
120900203,61,114,-53
120900204,256,430,-174
120900205,66,90,-24
120900206,43,85,-42
120900207,90,2028,-1938
121000001,1030,1455,-425
121000002,3065,2084,981
121000003,4183,2530,1653
121000004,3923,6121,-2198
121000005,2541,3810,-1269
121000006,4942,2110,2832
121000007,3469,3741,-272
121000008,7372,4339,3033
121000009,7391,7510,-119
121000010,11056,7875,3181
121000011,13382,17657,-4275
121000012,23657,14862,8795
121000013,6383,10158,-3775
121000014,8511,7932,579
121000015,6164,9039,-2875
121000016,5641,4645,996
121000017,3269,5576,-2307
121000018,3499,2594,905
121000019,27227,16548,10679
121000020,19579,22138,-2559
121000021,5691,4423,1268
121000022,5260,3953,1307
121000023,6959,4659,2300
121000024,7329,6742,587
121000025,791,2066,-1275
121000026,420,171,249
121000027,2027,1456,571
121000028,1069,757,312
121000029,1649,898,751
121000030,914,648,266
121000031,930,886,44
121000032,342,166,176
121000034,723,217,506
121000035,268,168,100
121000036,1335,1314,21
121000037,770,774,-4
121000038,818,1145,-327
121000039,664,662,2
121000041,958,636,322
121000042,589,499,90
121000043,898,731,167
121000044,1979,1087,892
121000045,767,407,360
121000046,1030,1322,-292
121000047,556,119,437
121000049,2940,761,2179
121000050,487,1441,-954
121000051,1096,424,672
121000052,714,878,-164
121000053,540,138,402
121000054,54,495,-441
121000055,1476,1344,132
121000056,1006,1246,-240
121000057,438,784,-346
121000058,445,281,164
121000059,2800,1670,1130
121000060,713,1386,-673
121000061,213,300,-87
121000062,201,490,-289
121000063,1064,846,218
121000064,929,1237,-308
121000065,532,683,-151
121000066,944,811,133
121000067,1175,640,535
121000068,975,597,378
121000069,1103,886,217
121000070,3075,1826,1249
121000071,2255,1820,435
121000072,2805,1016,1789
121000073,2168,1273,895
121000074,305,186,119
121000075,109,386,-277
121000076,1858,555,1303
121000077,190,199,-9
121000078,175,190,-15
121000080,3068,878,2190
121000081,5452,4448,1004
121000082,127,294,-167
121000083,288,183,105
121000084,215,173,42
121000085,339,677,-338
121000086,289,1180,-891
121000087,100,542,-442
121000088,670,783,-113
121000089,636,568,68
121000090,550,430,120
121000091,1924,1159,765
121000092,246,139,107
121000093,202,316,-114
121000094,595,917,-322
121000095,459,1053,-594
121000096,2848,3274,-426
121000097,1618,2444,-826
121000098,863,1588,-725
121000099,993,1213,-220
121000100,1367,764,603
121000101,590,426,164
121000102,473,510,-37
121000103,278,417,-139
121000104,321,258,63
121000105,636,431,205
121000106,589,553,36
121000107,2886,4192,-1306
121000109,1855,1411,444
121000110,490,971,-481
121000114,3299,2657,642
121000115,1167,961,206
121000116,378,1306,-928
121000117,1022,366,656
121000118,1671,312,1359
121000119,546,622,-76
121000120,363,726,-363
121000121,792,1680,-888
121000123,2752,741,2011
121000126,202,424,-222
121000127,304,124,180
121000128,1470,739,731
121000129,1351,892,459
121000130,748,1404,-656
121000131,3945,2852,1093
121000132,2529,2517,12
121000135,819,1270,-451
121000136,2562,1089,1473
121000137,706,440,266
121000138,1960,1022,938
121000139,1101,303,798
121000141,411,242,169
121000142,1194,1525,-331
121000143,185,45,140
121000144,1611,2340,-729
121000145,958,1719,-761
121000146,1784,1192,592
121000147,1492,903,589
121000148,1317,1731,-414
121000149,2880,2053,827
121000152,805,823,-18
121000153,2743,1034,1709
121000154,1153,1003,150
121000155,1732,1439,293
121000156,546,1350,-804
121000157,1553,2822,-1269
121000158,656,772,-116
121000159,218,633,-415
121000160,410,626,-216
121000161,260,447,-187
121000162,114,322,-208
121000165,2254,2267,-13
121000166,28,1076,-1048
121000168,658,435,223
121000169,146,206,-60
121000170,543,184,359
121000171,139,251,-112
121000172,1039,695,344
121000173,2135,1535,600
121000174,543,592,-49
121000175,1134,537,597
121000176,547,298,249
121000177,1381,928,453
121000178,135,95,40
121000179,181,98,83
121000181,684,673,11
121000182,200,307,-107
121000183,185,116,69
121000184,405,183,222
121000185,36,210,-174
121000186,283,710,-427
121000187,311,364,-53
121000188,252,378,-126
121000192,1213,544,669
121000193,896,741,155
121000194,3524,3102,422
121000195,338,1094,-756
121000196,1013,343,670
121000197,358,975,-617
121000198,260,162,98
121000199,254,505,-251
121000200,805,108,697
121000201,10,279,-269
121000202,1131,213,918
121000203,1310,3042,-1732
121000204,3415,1060,2355
121000205,349,372,-23
121000206,351,59,292
121000207,3790,563,3227
121000208,9,477,-468
121000209,540,406,134
121000210,826,644,182
121000211,467,258,209
121000212,517,997,-480
121000213,12346,3844,8502
121000214,980,3437,-2457
121000215,1486,1195,291
121000216,601,943,-342
121000217,6287,3384,2903
121000218,604,1908,-1304
121000219,2436,551,1885
121000220,310,68,242
121000221,217,319,-102
121000222,3437,2800,637
121000223,1033,509,524
121000224,542,231,311
121000225,2580,1776,804
121000226,7013,1469,5544
121000227,11,196,-185
121000228,25,761,-736
121000229,412,433,-21
121000230,75,1947,-1872
121000231,1344,59,1285
121000232,438,373,65
121000233,803,496,307
121000234,28,44,-16
121000235,84,75,9
121000236,13,58,-45
121000237,28,19,9
121000238,14,107,-93
121000239,46,3,43
121000240,13,299,-286
121000241,195,26,169
121000242,47,259,-212
121000243,464,183,281
121000244,10,111,-101
121000245,91,38,53
121000246,1,128,-127
121000247,146,2,144
121000248,1734,629,1105
121000249,199,358,-159
121000250,1202,214,988
121000251,15,641,-626
121000252,109,81,28
121000253,663,586,77
121000254,985,375,610
121000255,492,266,226
121000256,912,278,634
121000257,133,112,21
121000258,216,76,140
121000259,130,68,62
121000260,187,161,26
121000261,208,67,141
121000262,1278,1559,-281
121000263,916,661,255
121000271,403,1965,-1562
121000273,160,8,152
121000274,23,58,-35
121000275,7,31,-24
121000276,5,25,-20
121000278,83,44,39
121000279,134,18,116
121000280,176,62,114
121000289,270,25,245
121000290,1421,1184,237
121000294,236,248,-12
121000297,1189,1718,-529
121000299,360,366,-6
121000300,1018,925,93
121000302,106,1602,-1496
121000303,612,540,72
121000304,596,72,524
121000305,177,52,125
121000306,156,155,1
121000308,251,481,-230
121000309,542,701,-159
121000310,108,417,-309
121000311,106,1185,-1079
121000312,438,276,162
121000313,462,781,-319
121000314,143,184,-41
121000315,86,138,-52
121000530,1845,1789,56
121000531,3218,2190,1028
121000532,8838,9569,-731
121000533,4154,4543,-389
121000918,135,271,-136
121000919,75,96,-21
121000938,180,201,-21
121000939,301,259,42
121000956,1755,1861,-106
121000957,11,16,-5
121000958,150,64,86
121000959,1082,1225,-143
121000960,4211,2888,1323
121000961,346,203,143
121000962,391,819,-428
121000973,0,143,-143
121000976,57,266,-209
121000979,685,303,382
121000981,424,378,46
121000982,511,255,256
121000983,658,658,0
121000984,50,127,-77
121000985,857,861,-4
121000986,458,345,113
121000987,279,1443,-1164
121000988,1019,192,827
121001302,423,167,256
121001308,21,25,-4
121001309,136,129,7
121001311,0,0,0
121001313,369,352,17
121001314,3479,4474,-995
121001315,5674,3741,1933
121001318,0,0,0
121900001,252,244,8
121900002,54,26,28
121900003,471,29,442
121900004,203,608,-405
121900005,30,9,21
121900006,152,30,122
121900007,2687,3268,-581
121900008,2327,717,1610
121900009,812,32,780
121900010,320,5,315
121900011,553,651,-98
121900012,27,1,26
121900013,2219,91,2128
121900014,1690,596,1094
121900015,275,298,-23
121900016,7,61,-54
121900017,1328,699,629
121900018,441,16,425
121900019,631,381,250
121900020,28,5,23
121900021,1007,27,980
121900022,356,303,53
121900023,223,486,-263
121900024,555,108,447
121900025,922,569,353
121900026,481,64,417
121900027,647,215,432
121900028,435,28,407
121900029,212,293,-81
121900030,597,685,-88
121900031,1543,8571,-7028
121900032,173,141,32
121900033,210,263,-53
121900034,585,125,460
121900035,3511,3166,345
121900036,89,403,-314
121900037,340,966,-626
121900038,56,230,-174
121900039,594,82,512
121900040,184,148,36
121900041,145,270,-125
121900042,460,208,252
121900043,12,13,-1
121900044,322,87,235
121900046,548,471,77
121900047,255,77,178
121900048,78,212,-134
121900050,64,60,4
121900051,241,240,1
121900052,264,57,207
121900053,1225,537,688
121900054,710,1305,-595
121900055,7,21,-14
121900058,271,235,36
121900059,567,310,257
121900060,214,480,-266
121900061,892,250,642
121900062,288,182,106
121900063,2179,592,1587
121900064,373,875,-502
121900066,106,46,60
121900067,79,90,-11
121900069,287,215,72
121900070,466,161,305
121900071,424,425,-1
121900072,75,266,-191
121900073,293,289,4
121900074,1220,1466,-246
121900075,704,526,178
121900076,501,801,-300
121900077,21,52,-31
121900078,230,52,178
121900079,1,0,1
121900080,1410,641,769
121900082,86,167,-81
121900084,33,285,-252
121900085,2,30,-28
121900086,25,60,-35
121900087,298,122,176
121900088,2983,4252,-1269
121900089,239,588,-349
121900090,136,155,-19
121900091,66,237,-171
121900092,108,111,-3
121900093,114,88,26
121900094,13,9,4
121900095,356,180,176
121900096,1796,1494,302
121900097,765,356,409
121900098,9,14,-5
121900099,272,96,176
121900100,442,684,-242
121900101,220,210,10
121900102,16,198,-182
121900103,1002,388,614
121900104,1976,540,1436
121900105,392,314,78
121900106,9,11,-2
121900107,65,68,-3
121900108,13,74,-61
121900109,364,171,193
121900110,659,1184,-525
121900111,1469,206,1263
121900112,205,209,-4
121900113,86,536,-450
121900114,115,145,-30
121900117,507,86,421
121900118,2862,767,2095
121900119,267,193,74
121900120,60,2134,-2074
121900121,799,90,709
121900122,42,101,-59
121900123,504,514,-10
121900124,217,191,26
121900125,2111,1529,582
121900127,9,151,-142
121900128,111,191,-80
121900129,1039,223,816
121900130,226,332,-106
121900131,421,117,304
121900132,87,173,-86
121900133,120,875,-755
121900134,26,221,-195
121900135,3286,607,2679
121900136,885,455,430
121900137,52,485,-433
121900138,192,292,-100
121900139,380,633,-253
121900140,102,424,-322
121900141,67,77,-10
121900142,266,363,-97
121900143,43,242,-199
121900144,202,325,-123
121900145,445,435,10
121900146,849,1163,-314
121900147,113,200,-87
121900148,336,423,-87
121900149,499,973,-474
121900150,85,191,-106
121900151,122,321,-199
121900152,121,217,-96
121900153,144,949,-805
121900154,40,348,-308
121900155,4,221,-217
121900156,224,200,24
121900157,2,538,-536
121900158,113,154,-41
121900159,2,343,-341
121900160,93,428,-335
121900161,635,629,6
121900162,119,281,-162
121900163,443,1019,-576
121900164,652,288,364
121900165,418,261,157
121900166,310,284,26
121900167,145,159,-14
121900168,237,314,-77
121900169,9,300,-291
121900170,11,314,-303
121900171,1148,773,375
121900172,779,369,410
121900173,1251,284,967
121900174,40,102,-62
121900175,238,318,-80
121900176,902,1932,-1030
121900177,335,96,239
121900178,70,105,-35
121900179,659,296,363
121900180,5804,5570,234
121900182,1041,428,613
121900183,998,1226,-228
121900184,89,987,-898
121900186,15,483,-468
121900187,49,208,-159
121900188,700,708,-8
121900189,74,180,-106
121900190,504,728,-224
121900191,289,301,-12
121900192,494,859,-365
121900193,83,232,-149
121900194,7,315,-308
121900195,151,145,6
121900196,1323,1353,-30
121900197,519,2126,-1607
121900198,1491,1245,246
121900199,2,25,-23
121900200,103,390,-287
121900201,1717,1078,639
121900202,165,734,-569
121900203,343,1219,-876
121900204,1182,1613,-431
121900205,19,148,-129
121900206,22,17,5
121900207,175,73,102
121900208,337,398,-61
121900209,88,58,30
121900210,1727,1478,249
121900211,33,132,-99
121900212,356,180,176
121900213,248,121,127
121900214,8,690,-682
121900215,65,119,-54
121900216,82,236,-154
121900217,296,200,96
121900218,303,591,-288
121900220,233,13,220
121900221,405,936,-531
121900222,281,236,45
121900223,259,62,197
121900224,155,62,93
121900225,219,98,121
121900226,366,1177,-811
121900227,437,775,-338
121900228,341,555,-214
121900230,147,483,-336
121900231,599,2407,-1808
121900232,427,494,-67
121900233,321,331,-10
121900234,422,429,-7
121900235,800,303,497
121900236,515,236,279
121900237,194,383,-189
121900238,203,385,-182
121900239,500,69,431
121900240,361,208,153
121900241,64,114,-50
121900242,11,3,8
121900243,10,1,9
121900244,71,4,67
121900245,242,104,138
121900246,2590,514,2076
121900247,913,412,501
121900248,2325,2016,309
121900250,385,396,-11
121900251,538,62,476
121900252,815,230,585
121900253,214,921,-707
121900254,771,364,407
121900255,440,163,277
121900258,4261,3041,1220
121900259,580,759,-179
121900260,165,281,-116
121900261,282,840,-558
121900262,555,1316,-761
121900263,447,403,44
121900264,2569,2110,459
121900265,341,337,4
121900266,629,238,391
121900267,106,39,67
121900269,328,1006,-678
121900270,42,275,-233
121900271,69,279,-210
121900273,547,2435,-1888
121900274,421,404,17
121900277,901,1647,-746
121900278,158,1226,-1068
121900279,206,261,-55
121900280,322,432,-110
121900281,622,417,205
121900284,171,20,151
121900286,274,231,43
121900287,15,40,-25
121900288,6,2,4
121900290,266,427,-161
121900291,475,810,-335
121900292,193,155,38
121900293,1412,3754,-2342
121900294,362,8,354
121900295,177,312,-135
121900296,165,253,-88
121900298,348,857,-509
121900299,0,4,-4
121900300,208,3,205
121900301,63,3,60
121900302,0,40,-40
121900303,493,508,-15
121900304,1,28,-27
121900305,7,15,-8
121900306,200,3,197
121900307,160,41,119
121900308,56,369,-313
121900309,35,369,-334
121900310,71,690,-619
121900311,521,28,493
121900312,441,14,427
121900313,495,33,462
121900314,13,87,-74
121900315,16,0,16
121900316,0,19,-19
121900317,8,6,2
121900318,3,28,-25
121900319,43,158,-115
121900320,56,138,-82
121900321,32,12,20
121900322,13,34,-21
121900323,32,25,7
121900324,15,88,-73
121900325,20,2,18
121900326,2,28,-26
121900327,25,89,-64
121900328,2,49,-47
121900329,9,302,-293
121900330,0,15,-15
121900331,34,25,9
121900332,167,50,117
121900333,35,1,34
121900334,1,1,0
122000001,3386,5886,-2500
122000002,6313,2360,3953
122000003,3237,3376,-139
122000004,4877,2175,2702
122000005,3649,2187,1462
122000006,2386,1073,1313
122000007,1774,2406,-632
122000008,5845,6586,-741
122000009,586,480,106
122000010,2589,3622,-1033
122000011,4250,1970,2280
122000012,1653,1812,-159
122000013,2040,1350,690
122000014,1906,1712,194
122000015,1762,1328,434
122000016,691,1087,-396
122000017,1387,1323,64
122000018,1744,1392,352
122000019,929,1620,-691
122000020,309,300,9
122000021,446,678,-232
122000022,1798,1508,290
122000023,851,2494,-1643
122000024,919,1570,-651
122000025,1563,2056,-493
122000026,1581,1292,289
122000027,728,3327,-2599
122000028,1012,640,372
122000029,657,610,47
122000030,470,185,285
122000031,332,340,-8
122000032,2188,2596,-408
122000033,1030,1507,-477
122000034,1152,776,376
122000035,461,1016,-555
122000036,762,679,83
122000037,436,319,117
122000038,285,432,-147
122000039,844,582,262
122000040,368,458,-90
122000041,743,781,-38
122000042,444,583,-139
122000043,163,138,25
122000044,192,232,-40
122000045,1822,562,1260
122000046,1027,956,71
122000047,371,263,108
122000048,5256,6251,-995
122000049,8320,3993,4327
122000050,2057,1009,1048
122000051,422,358,64
122000052,726,520,206
122000053,234,945,-711
122000054,3367,2606,761
122000055,3141,3757,-616
122000056,6554,4682,1872
122000057,4942,4610,332
122000058,3883,1495,2388
122000059,3941,2308,1633
122000060,1055,860,195
122000061,866,657,209
122000062,1511,440,1071
122000063,1925,922,1003
122000064,4224,3547,677
122000065,5672,3326,2346
122000066,1456,1280,176
122000067,2262,1499,763
122000068,1936,1586,350
122000069,987,951,36
122000070,1161,2722,-1561
122000071,1788,1711,77
122000072,476,519,-43
122000073,515,864,-349
122000074,3685,2230,1455
122000075,1018,1779,-761
122000076,3085,1541,1544
122000077,1737,956,781
122000078,3085,2947,138
122000079,2266,1653,613
122000080,1198,495,703
122000081,293,351,-58
122000082,1150,1098,52
122000083,2171,2708,-537
122000084,2466,1246,1220
122000085,489,1901,-1412
122000086,2823,7207,-4384
122000087,681,270,411
122000088,562,804,-242
122000089,8119,3410,4709
122000090,338,631,-293
122000091,347,107,240
122000092,226,41,185
122000093,2219,1928,291
122000094,9940,3821,6119
122000095,5893,5865,28
122000096,4581,2499,2082
122000098,5232,2881,2351
122000099,2794,823,1971
122000100,1284,787,497
122000101,429,962,-533
122000102,2695,1570,1125
122000103,3089,2206,883
122000104,696,252,444
122000105,1565,414,1151
122000106,694,870,-176
122000107,1486,682,804
122000108,711,1140,-429
122000109,484,475,9
122000110,730,678,52
122000111,3452,1619,1833
122000112,1163,1881,-718
122000113,821,874,-53
122000114,4207,1639,2568
122000115,2321,1811,510
122000116,902,850,52
122000117,2795,667,2128
122000118,723,1288,-565
122000119,5011,3890,1121
122000120,3184,6839,-3655
122000121,3344,4911,-1567
122000122,1108,2809,-1701
122000123,2586,3069,-483
122000124,1456,1062,394
122000125,1020,1070,-50
122000126,996,2096,-1100
122000127,1519,2285,-766
122000128,821,1187,-366
122000129,730,2020,-1290
122000130,4302,2063,2239
122000131,2119,2241,-122
122000132,859,882,-23
122000133,1355,2402,-1047
122000134,1195,1268,-73
122000135,1035,1255,-220
122000136,1211,1098,113
122000137,2418,1502,916
122000139,1624,4594,-2970
122000140,1231,838,393
122000141,6406,1389,5017
122000142,625,1179,-554
122000143,666,792,-126
122000144,2318,2234,84
122000145,2334,1250,1084
122000146,1460,1689,-229
122000147,982,641,341
122000148,2981,2915,66
122000149,2984,2305,679
122000150,1637,1352,285
122000151,352,475,-123
122000152,506,673,-167
122000153,565,466,99
122000154,361,277,84
122000155,2185,3196,-1011
122000156,3018,2810,208
122000157,1953,2442,-489
122000158,505,1000,-495
122000159,1261,2732,-1471
122000160,5286,3687,1599
122000161,1532,1406,126
122000162,3352,2417,935
122000163,366,136,230
122000164,40,122,-82
122000165,1085,836,249
122000166,1241,1304,-63
122000167,317,298,19
122000168,229,652,-423
122000169,645,228,417
122000170,468,370,98
122000171,49,89,-40
122000172,2132,1770,362
122000173,1919,2957,-1038
122000174,3266,1182,2084
122000175,1448,451,997
122000176,364,879,-515
122000177,1959,1711,248
122000178,3448,3032,416
122000179,2165,2781,-616
122000180,2268,1832,436
122000181,2291,3954,-1663
122000182,2678,2220,458
122000183,2652,1383,1269
122000184,3534,2545,989
122000185,1709,1787,-78
122000186,557,917,-360
122000187,2164,1410,754
122000188,529,275,254
122000189,305,435,-130
122000190,1311,1404,-93
122000191,1064,930,134
122000192,1433,473,960
122000193,495,855,-360
122000194,981,258,723
122000195,234,692,-458
122000196,1714,811,903
122000197,706,1021,-315
122000198,601,1170,-569
122000199,414,433,-19
122000200,1390,919,471
122000201,1815,1638,177
122000202,1644,1576,68
122000203,4889,2003,2886
122000204,2464,2803,-339
122000205,2149,1951,198
122000206,2923,1137,1786
122000207,2597,1855,742
122000208,3062,1995,1067
122000209,2616,447,2169
122000210,3174,2339,835
122000211,2082,1449,633
122000212,1065,737,328
122000213,1454,1828,-374
122000214,2808,2086,722
122000215,2279,1995,284
122000217,2977,1770,1207
122000218,847,79,768
122000219,1761,1205,556
122000220,520,994,-474
122000221,135,551,-416
122000222,726,181,545
122000223,2148,784,1364
122000225,1196,446,750
122000226,3470,2352,1118
122000227,473,3216,-2743
122000228,763,554,209
122000229,129,680,-551
122000230,283,741,-458
122000231,798,1088,-290
122000232,1020,1470,-450
122000233,4,158,-154
122000234,488,211,277
122000235,1387,217,1170
122000236,1594,208,1386
122000237,246,116,130
122000238,863,453,410
122000239,1488,287,1201
122000240,1583,935,648
122000241,2516,761,1755
122000242,1234,205,1029
122000243,552,113,439
122000244,155,685,-530
122000245,125,378,-253
122000246,493,343,150
122000247,1250,1088,162
122000248,1807,2307,-500
122000249,2256,1386,870
122000250,3082,1804,1278
122000251,382,663,-281
122000252,657,247,410
122000253,110,414,-304
122000254,417,190,227
122000255,1200,2617,-1417
122000256,625,1477,-852
122000257,241,458,-217
122000258,463,456,7
122000259,20,656,-636
122000260,13,97,-84
122000261,9,283,-274
122000262,1,77,-76
122000263,412,151,261
122000264,1583,569,1014
122000265,3242,1169,2073
122000266,5853,860,4993
122000267,271,166,105
122000268,219,591,-372
122000269,1313,448,865
122000270,1124,227,897
122000271,463,1436,-973
122000272,484,1292,-808
122000273,643,656,-13
122000274,317,275,42
122000275,177,313,-136
122000276,1194,819,375
122000277,2211,2188,23
122000278,3406,1453,1953
122000279,289,765,-476
122000280,1643,1055,588
122000281,1219,1201,18
122000282,562,325,237
122000283,852,133,719
122000284,488,182,306
122000285,797,118,679
122000286,179,219,-40
122000287,1796,1784,12
122000288,913,390,523
122000291,2590,1097,1493
122000293,495,546,-51
122000294,181,341,-160
122000295,2197,281,1916
122000296,109,869,-760
122000297,3892,3955,-63
122000299,513,574,-61
122000300,666,738,-72
122000301,15245,4543,10702
122000302,1255,2347,-1092
122000303,4990,1926,3064
122000304,145,353,-208
122000305,1412,469,943
122000306,42,1010,-968
122000307,344,202,142
122000309,155,86,69
122000310,68,102,-34
122000311,372,176,196
122000312,228,120,108
122000313,184,90,94
122000314,145,269,-124
122000315,323,56,267
122000316,892,294,598
122000317,1797,322,1475
122000318,413,1126,-713
122000319,394,607,-213
122000320,618,2268,-1650
122000321,118,330,-212
122000322,2997,2827,170
122000323,1785,2941,-1156
122000324,1411,1484,-73
122000325,1168,2026,-858
122000326,104,159,-55
122000327,711,1108,-397
122000328,1291,1061,230
122000330,2969,1182,1787
122000332,380,494,-114
122000333,12,138,-126
122000337,1516,2042,-526
122000338,606,653,-47
122000340,446,525,-79
122000342,2954,1342,1612
122000343,662,1799,-1137
122000344,140,30,110
122000345,161,55,106
122000346,584,760,-176
122000348,1006,1113,-107
122000349,168,1243,-1075
122000351,148,300,-152
122000352,581,173,408
122000353,125,110,15
122000355,220,245,-25
122000356,1915,1329,586
122000357,212,56,156
122000358,2,72,-70
122000359,0,54,-54
122000360,2,112,-110
122000362,12,128,-116
122000364,256,441,-185
122000365,8,58,-50
122000366,32,15,17
122000368,626,929,-303
122000370,62,87,-25
122000371,46,0,46
122000372,12,2,10
122000381,159,440,-281
122000382,134,342,-208
122000384,3834,1685,2149
122000385,137,0,137
122000386,622,1834,-1212
122000387,673,691,-18
122000388,1948,833,1115
122000389,244,742,-498
122000390,504,357,147
122000391,545,219,326
122000392,426,327,99
122000393,404,254,150
122000394,806,510,296
122000395,254,280,-26
122000396,387,173,214
122000397,64,76,-12
122000398,48,94,-46
122000399,186,100,86
122000400,155,688,-533
122000401,154,138,16
122000402,413,161,252
122000403,702,1194,-492
122000404,284,415,-131
122000408,1018,1430,-412
122000503,25,128,-103
122000524,412,167,245
122000544,126,3894,-3768
122000616,425,7,418
122000640,108,196,-88
122000641,134,481,-347
122000642,1896,1469,427
122000643,64,206,-142
122000644,330,47,283
122000645,143,240,-97
122000651,2478,1150,1328
122000664,205,79,126
122000665,1752,776,976
122000666,844,1413,-569
122000673,91,415,-324
122000674,282,96,186
122000675,2197,1456,741
122000686,1230,1619,-389
122000687,3068,553,2515
122000688,435,1095,-660
122000689,1365,748,617
122000690,2894,756,2138
122000691,1167,2616,-1449
122000692,2259,663,1596
122000693,813,2732,-1919
122000695,348,660,-312
122000696,540,473,67
122000698,393,1164,-771
122000699,322,212,110
122000701,1722,477,1245
122000702,619,1857,-1238
122000703,179,94,85
122000717,223,83,140
122000718,470,1169,-699
122000719,78,147,-69
122000720,647,441,206
122000724,255,24,231
122900001,42,10,32
122900002,1924,6087,-4163
122900003,597,90,507
122900004,1080,78,1002
122900005,238,85,153
122900006,1908,462,1446
122900007,247,112,135
122900008,1242,104,1138
122900009,1173,665,508
122900010,396,243,153
122900012,265,514,-249
122900014,265,449,-184
122900015,3403,1647,1756
122900016,182,395,-213
122900017,650,1279,-629
122900018,263,26,237
122900019,17,291,-274
122900020,549,570,-21
122900021,100,934,-834
122900022,1077,1269,-192
122900023,722,422,300
122900024,236,221,15
122900025,29,380,-351
122900026,110,582,-472
122900027,112,1034,-922
122900028,174,267,-93
122900029,5867,3702,2165
122900030,1383,783,600
122900031,159,400,-241
122900032,162,613,-451
122900033,374,219,155
122900034,6010,6666,-656
122900035,48,21,27
122900036,92,178,-86
122900037,510,210,300
122900038,185,4201,-4016
122900039,183,646,-463
122900040,473,598,-125
122900041,505,354,151
122900042,264,466,-202
122900043,595,332,263
122900044,149,445,-296
122900045,116,166,-50
122900046,388,202,186
122900047,268,248,20
122900048,79,422,-343
122900049,2075,264,1811
122900051,123,203,-80
122900052,66,251,-185
122900053,65,64,1
122900055,636,215,421
122900057,348,108,240
122900061,759,343,416
122900062,859,1203,-344
122900063,211,495,-284
122900064,1726,636,1090
122900065,677,363,314
122900066,1062,562,500
122900067,1868,1323,545
122900068,372,438,-66
122900069,819,2666,-1847
122900070,503,93,410
122900071,193,675,-482
122900072,27,851,-824
122900073,73,335,-262
122900074,1033,1053,-20
122900075,3,106,-103
122900076,13,308,-295
122900077,7,237,-230
122900078,328,203,125
122900080,59,60,-1
122900081,448,250,198
122900082,1127,469,658
122900083,253,379,-126
122900084,13,355,-342
122900086,28,155,-127
122900087,781,800,-19
122900088,48,221,-173
122900089,131,245,-114
122900090,16,694,-678
122900091,272,2,270
122900092,0,247,-247
122900093,1,359,-358
122900094,9,273,-264
122900095,216,15,201
122900096,434,310,124
122900097,74,27,47
122900098,154,158,-4
122900099,55,17,38
122900100,833,304,529
122900101,786,393,393
122900102,25,35,-10
122900103,183,11,172
122900104,200,17,183
122900105,21,25,-4
122900106,10,142,-132
122900107,6,313,-307
122900108,6,295,-289
123000001,2176,555,1621
123000002,5856,6181,-325
123000003,4941,5235,-294
123000004,3902,5357,-1455
123000005,3660,3729,-69
123000006,3255,3732,-477
123000007,6778,3592,3186
123000008,5630,4847,783
123000009,6186,4115,2071
123000010,4481,4915,-434
123000011,3011,1127,1884
123000012,1293,3102,-1809
123000013,4996,1359,3637
123000014,1472,4766,-3294
123000015,6380,1588,4792
123000016,7470,5792,1678
123000017,3980,2579,1401
123000018,76,243,-167
123000019,425,457,-32
123000020,198,207,-9
123000021,144,474,-330
123000022,522,3628,-3106
123000023,2439,2036,403
123000024,1991,868,1123
123000025,297,313,-16
123000026,264,101,163
123000027,1022,637,385
123000028,2760,510,2250
123000029,2892,907,1985
123000030,361,623,-262
123000031,291,425,-134
123000032,409,280,129
123000033,372,90,282
123000034,1631,1459,172
123000035,549,667,-118
123000036,380,1302,-922
123000037,520,499,21
123000038,111,272,-161
123000039,461,1776,-1315
123000040,1351,498,853
123000041,1681,1723,-42
123000042,1362,825,537
123000043,4481,11036,-6555
123000044,6819,3559,3260
123000045,13920,4439,9481
123000046,1183,1949,-766
123000047,3265,1664,1601
123000048,95,669,-574
123000049,9911,11960,-2049
123000050,1835,1945,-110
123000051,176,324,-148
123000052,1275,4334,-3059
123000053,3627,4453,-826
123000054,2006,2253,-247
123000055,1911,2719,-808
123000056,2083,2801,-718
123000057,20931,10189,10742
123000058,981,1370,-389
123000059,774,736,38
123000060,1273,670,603
123000061,498,1009,-511
123000063,1131,1199,-68
123000064,1317,456,861
123000065,9803,3936,5867
123000066,1130,915,215
123000067,1458,1014,444
123000068,4095,4225,-130
123000069,9639,4716,4923
123000070,368,977,-609
123000071,1411,1482,-71
123000072,1416,1628,-212
123000073,1533,1049,484
123000074,1356,1808,-452
123000075,439,1415,-976
123000076,1228,1129,99
123000077,2488,3896,-1408
123000078,1903,2225,-322
123000079,1801,2598,-797
123000080,3133,2846,287
123000081,195,618,-423
123000082,525,1542,-1017
123000083,1192,324,868
123000084,872,940,-68
123000085,434,149,285
123000086,702,363,339
123000087,522,580,-58
123000088,2921,1371,1550
123000089,613,1568,-955
123000090,1648,1205,443
123000091,1899,1961,-62
123000092,1309,1591,-282
123000094,797,422,375
123000095,956,956,0
123000096,903,589,314
123000097,697,1178,-481
123000098,955,819,136
123000099,883,1102,-219
123000100,856,1084,-228
123000101,991,867,124
123000102,943,932,11
123000104,527,573,-46
123000105,760,657,103
123000106,558,543,15
123000107,434,666,-232
123000108,866,1652,-786
123000111,1162,405,757
123000112,1364,889,475
123000113,656,2126,-1470
123000114,787,928,-141
123000115,425,388,37
123000116,46,190,-144
123000117,2889,3065,-176
123000118,659,1515,-856
123000119,389,1331,-942
123000120,1132,1263,-131
123000121,549,848,-299
123000122,381,307,74
123000123,568,766,-198
123000124,627,587,40
123000125,1358,1513,-155
123000126,1754,5365,-3611
123000127,1087,935,152
123000128,425,472,-47
123000129,951,307,644
123000130,817,145,672
123000131,1060,867,193
123000132,525,899,-374
123000133,448,636,-188
123000134,525,325,200
123000135,3077,1658,1419
123000136,325,1156,-831
123000137,140,467,-327
123000138,115,687,-572
123000139,581,178,403
123000140,247,1187,-940
123000141,1132,255,877
123000142,1331,1518,-187
123000143,1927,2722,-795
123000144,112,42,70
123000145,553,207,346
123000146,48,170,-122
123000147,167,167,0
123000149,452,581,-129
123000150,249,380,-131
123000151,426,601,-175
123000152,273,573,-300
123000153,407,934,-527
123000154,2703,3044,-341
123000155,3346,1904,1442
123000156,40,250,-210
123000157,819,1413,-594
123000158,952,1061,-109
123000159,4364,3380,984
123000160,1537,1084,453
123000161,2401,1634,767
123000162,1666,2541,-875
123000163,702,172,530
123000164,1820,510,1310
123000165,648,2497,-1849
123000166,48,240,-192
123000167,180,477,-297
123000168,437,373,64
123000169,1049,234,815
123000170,117,407,-290
123000171,886,47,839
123000172,453,858,-405
123000173,855,376,479
123000174,1262,552,710
123000175,1307,1992,-685
123000176,1657,343,1314
123000177,656,1530,-874
123000178,942,231,711
123000179,61,881,-820
123000180,2360,483,1877
123000181,503,2235,-1732
123000182,380,685,-305
123000183,241,595,-354
123000184,253,803,-550
123000185,1014,590,424
123000186,7,1072,-1065
123000187,776,15,761
123000188,270,6,264
123000189,226,236,-10
123000190,81,90,-9
123000192,35,706,-671
123000193,93,1280,-1187
123000194,643,548,95
123000195,406,40,366
123000196,363,42,321
123000197,68,208,-140
123000198,137,376,-239
123000199,49,836,-787
123000200,767,11,756
123000201,1244,35,1209
123000202,35,1718,-1683
123000203,1289,106,1183
123000204,149,1821,-1672
123000205,705,2897,-2192
123000206,2474,282,2192
123000207,120,1337,-1217
123000208,887,225,662
123000209,2450,729,1721
123000210,803,3198,-2395
123000211,843,3986,-3143
123000212,3884,671,3213
123000213,896,105,791
123000215,289,309,-20
123000216,264,1407,-1143
123000217,306,62,244
123000218,137,893,-756
123000219,1500,220,1280
123000220,886,193,693
123000221,462,175,287
123000222,622,674,-52
123000223,459,614,-155
123000224,584,758,-174
123000225,570,156,414
123000226,137,528,-391
123000227,163,419,-256
123000228,382,105,277
123000229,1386,2414,-1028
123000232,245,783,-538
123000233,990,319,671
123000234,211,942,-731
123000235,1378,517,861
123000236,402,1260,-858
123000237,410,144,266
123000238,141,721,-580
123000239,675,2547,-1872
123000240,84,632,-548
123000241,765,165,600
123000242,249,253,-4
123000243,1058,1225,-167
123000244,1401,1076,325
123000245,76,231,-155
123000249,448,854,-406
123000252,1005,418,587
123000253,1406,807,599
123000254,1051,1815,-764
123000255,1600,1317,283
123000256,57,355,-298
123000257,4098,2998,1100
123000258,1708,1498,210
123000259,501,618,-117
123000260,518,655,-137
123000261,333,262,71
123000262,124,264,-140
123000263,508,145,363
123000264,252,152,100
123000265,101,256,-155
123000266,863,1188,-325
123000267,889,427,462
123000268,79,117,-38
123000269,70,97,-27
123000270,26,90,-64
123000271,129,101,28
123000272,938,314,624
123000273,360,885,-525
123000274,1577,838,739
123000275,415,1262,-847
123000278,5593,3828,1765
123000279,166,147,19
123000280,646,566,80
123000281,418,146,272
123000282,203,429,-226
123000283,125,86,39
123000284,86,132,-46
123000286,362,423,-61
123000287,812,388,424
123000288,1577,1081,496
123000289,613,1571,-958
123000291,341,1024,-683
123000294,187,308,-121
123000295,1255,1283,-28
123000296,761,542,219
123000297,778,996,-218
123000298,822,761,61
123000299,61,276,-215
123000300,1297,1136,161
123000301,217,359,-142
123000302,100,271,-171
123000303,159,185,-26
123000305,1209,1210,-1
123000306,267,303,-36
123000309,68,84,-16
123000310,58,49,9
123000311,1,137,-136
123000312,764,1380,-616
123000313,729,622,107
123000315,108,492,-384
123000316,1891,145,1746
123000317,307,108,199
123000318,64,339,-275
123000329,12,10,2
123000337,928,330,598
123000338,1313,67,1246
123000339,284,287,-3
123000340,235,710,-475
123000342,80,86,-6
123000343,78,7,71
123000344,1726,743,983
123000345,463,1040,-577
123000346,443,90,353
123000352,2110,1103,1007
123000353,41,199,-158
123000354,727,9,718
123000355,0,685,-685
123000356,586,17,569
123000357,5,241,-236
123000359,10,223,-213
123000360,262,187,75
123000361,499,478,21
123000362,523,184,339
123000363,153,298,-145
123000364,860,618,242
123000365,20,527,-507
123000366,519,2329,-1810
123000367,414,1737,-1323
123000370,95,341,-246
123000371,1476,57,1419
123000372,655,39,616
123000373,16,489,-473
123000374,128,351,-223
123000375,602,72,530
123000376,1043,807,236
123000377,596,48,548
123000378,14,428,-414
123000379,13,344,-331
123000380,69,539,-470
123000381,222,75,147
123000382,1922,184,1738
123000383,317,1782,-1465
123000384,629,131,498
123000385,525,717,-192
123000436,85,1513,-1428
123000507,162,386,-224
123000508,186,1456,-1270
123000517,375,47,328
123000518,48,362,-314
123000519,204,73,131
123000520,65,274,-209
123000521,404,149,255
123000522,226,531,-305
123000541,8,2,6
123000542,0,33,-33
123000565,1012,76,936
123000566,295,1002,-707
123000567,144,310,-166
123000573,68,1170,-1102
123000574,1239,150,1089
123000575,1912,1724,188
123000576,1221,2429,-1208
123000577,124,912,-788
123000578,908,133,775
123000579,4647,7033,-2386
123000580,151,67,84
123000582,565,63,502
123000583,49,514,-465
123000584,239,396,-157
123000585,0,266,-266
123000586,104,0,104
123000596,75,182,-107
123000597,108,152,-44
123000602,44,8,36
123000603,899,953,-54
123000604,790,1260,-470
123000605,1342,212,1130
123000606,3,579,-576
123000609,41,443,-402
123000610,310,185,125
123000613,37,267,-230
123000614,331,94,237
123000615,43,142,-99
123000616,1015,105,910
123000617,148,722,-574
123000618,132,948,-816
123000619,858,65,793
123000620,19,710,-691
123000622,539,38,501
123000624,222,55,167
123000630,1244,762,482
123000631,372,2101,-1729
123000632,1113,1330,-217
123000633,1,297,-296
123000634,90,163,-73
123000635,206,143,63
123000636,102,884,-782
123000637,297,197,100
123000638,1060,111,949
123000639,1590,5432,-3842
123000640,25,1076,-1051
123000648,465,114,351
123000649,25,705,-680
123900001,2155,106,2049
123900002,76,1886,-1810
123900003,468,635,-167
123900005,295,197,98
123900006,438,59,379
124000001,2594,272,2322
124000002,126,2457,-2331
124000003,1210,262,948
124000004,130,766,-636
124000005,1519,892,627
124000006,378,1659,-1281
124000007,784,201,583
124000008,23,739,-716
124000009,941,479,462
124000010,215,573,-358
124000011,1692,546,1146
124000012,494,794,-300
124000017,177,271,-94
124000018,89,125,-36
124000019,197,216,-19
124000020,85,247,-162
124000021,153,122,31
124000022,81,304,-223
124000023,1875,1800,75
124000024,1322,702,620
124000025,1608,2236,-628
124000026,1487,1455,32
124000027,6376,6500,-124
124000028,3472,5626,-2154
124000030,4549,1936,2613
124000031,1441,4397,-2956
124000032,3946,1330,2616
124000033,871,802,69
124000034,1818,1114,704
124000035,452,323,129
124000036,161,729,-568
124000037,1228,1324,-96
124000038,77,215,-138
124000039,1699,729,970
124000040,978,1439,-461
124000041,862,112,750
124000042,320,600,-280
124000043,253,160,93
124000044,157,311,-154
124000045,1195,918,277
124000046,452,940,-488
124000047,1940,1419,521
124000048,1330,1975,-645
124000049,2283,1071,1212
124000050,1213,2609,-1396
124000051,1241,821,420
124000052,911,1538,-627
124000053,670,2046,-1376
124000054,1192,832,360
124000055,1586,3452,-1866
124000056,3646,2124,1522
124000057,1233,794,439
124000058,635,1834,-1199
124000059,819,1485,-666
124000060,1746,1052,694
124000061,2121,6099,-3978
124000062,9049,2747,6302
124000063,1913,2367,-454
124000064,3586,2078,1508
124000065,137,545,-408
124000066,372,109,263
124000067,314,293,21
124000068,154,230,-76
124000069,1244,366,878
124000070,409,780,-371
124000071,1344,164,1180
124000072,692,641,51
124000073,1213,239,974
124000074,368,1053,-685
124000075,424,60,364
124000076,15,326,-311
124000077,2445,1162,1283
124000078,4168,1619,2549
124000079,889,1650,-761
124000080,1461,337,1124
124000081,422,704,-282
124000082,37,225,-188
124000083,59,144,-85
124000084,76,597,-521
124000085,143,67,76
124000086,105,119,-14
124000087,630,126,504
124000088,411,661,-250
124000089,1352,610,742
124000090,198,561,-363
124000091,747,213,534
124000092,179,956,-777
124000093,135,165,-30
124000094,265,730,-465
124000095,113,168,-55
124000096,249,474,-225
124000097,163,223,-60
124000098,75,107,-32
124000099,343,253,90
124000100,90,178,-88
124000101,114,179,-65
124000102,132,81,51
124000103,141,200,-59
124000104,166,80,86
124000105,101,125,-24
124000106,171,84,87
124000107,22,184,-162
124000108,77,30,47
124000109,142,146,-4
124000110,300,174,126
124000111,255,197,58
124000112,881,910,-29
124000113,132,134,-2
124000114,367,619,-252
124000115,560,922,-362
124000116,139,248,-109
124000117,76,122,-46
124000118,48,84,-36
124000119,1372,809,563
124000120,718,641,77
124000121,1861,882,979
124000122,703,1802,-1099
124000123,1583,694,889
124000124,592,1486,-894
124000125,529,711,-182
124000126,353,831,-478
124000127,961,698,263
124000128,748,1366,-618
124000129,2706,2016,690
124000130,1040,895,145
124000131,1133,790,343
124000132,1147,1077,70
124000133,1080,1150,-70
124000134,1134,986,148
124000135,2140,2253,-113
124000136,1299,1499,-200
124000137,1905,998,907
124000138,2094,1857,237
124000139,1462,36,1426
124000140,93,760,-667
124000141,312,22,290
124000142,18,238,-220
124000143,142,44,98
124000144,37,65,-28
124000145,317,87,230
124000146,133,132,1
124000148,121,204,-83
124000149,1929,772,1157
124000150,635,815,-180
124000151,1364,738,626
124000152,1153,1870,-717
124000153,1090,1149,-59
124000154,541,1156,-615
124000155,1813,1518,295
124000156,2353,1522,831
124000169,279,597,-318
124000170,915,636,279
124000171,447,390,57
124000172,547,790,-243
124000173,520,318,202
124000174,462,860,-398
124000175,26,181,-155
124000176,111,30,81
124000177,16,57,-41
124000178,220,74,146
124000190,209,84,125
124000191,328,143,185
124000192,3417,602,2815
124000193,986,1208,-222
124000194,541,670,-129
124000195,368,790,-422
124000196,1383,1420,-37
124000197,61,68,-7
124000198,28,64,-36
124000201,566,1264,-698
124000202,901,572,329
124000203,751,942,-191
124000204,1295,705,590
124000205,226,664,-438
124000206,1162,611,551
124000207,0,58,-58
124000209,391,756,-365
124000210,573,322,251
124000211,749,3,746
124000212,1,678,-677
124000213,625,418,207
124000214,416,940,-524
124000215,1503,35,1468
124000216,8,584,-576
124000329,257,2488,-2231
124000338,185,1277,-1092
124000339,1355,331,1024
124000341,1883,251,1632
124000344,45,5,40
124000357,1166,2859,-1693
124000358,857,1953,-1096
124000359,1385,966,419
124000360,957,729,228
124000361,2947,1032,1915
124000362,1845,2564,-719
124000363,301,386,-85
124000364,803,1103,-300
124000365,751,1512,-761
124000366,2176,1106,1070
124000367,169,691,-522
124000368,933,615,318
124000369,230,201,29
124000370,97,916,-819
124000402,73,23,50
124000403,278,64,214
124000404,27,204,-177
124000405,1410,1174,236
124000406,1210,1266,-56
124000407,2,44,-42
124000411,6,641,-635
124000412,619,17,602
124000413,466,46,420
124000414,107,146,-39
124000415,80,205,-125
124000416,186,325,-139
124000417,207,150,57
124000418,194,181,13
124000419,131,208,-77
124000420,99,131,-32
124000421,66,283,-217
124000422,28,28,0
124000423,169,56,113
124000424,1,150,-149
124000425,73,67,6
124000426,8,65,-57
124000427,69,18,51
124000428,21,92,-71
124000429,72,127,-55
124000430,859,796,63
124000431,536,772,-236
124000432,312,1038,-726
124000439,6,11,-5
124000443,1,13,-12
124000445,420,1688,-1268
124000446,2221,137,2084
124900001,616,603,13
124900002,238,518,-280
124900003,1291,1082,209
124900004,739,605,134
124900005,583,273,310
124900006,829,563,266
124900008,2295,954,1341
124900009,216,484,-268
124900010,294,208,86
124900011,728,437,291
124900012,665,163,502
124900013,840,229,611
124900014,847,83,764
124900015,232,477,-245
124900016,97,158,-61
124900017,811,2049,-1238
124900018,73,17,56
124900020,129,135,-6
124900021,568,122,446
124900022,550,9,541
124900024,337,102,235
124900026,533,45,488
124900027,140,569,-429
124900028,699,171,528
124900029,8,756,-748
124900030,5,177,-172
124900031,73,475,-402
124900032,292,381,-89
124900033,317,495,-178
124900034,11,137,-126
124900035,238,696,-458
124900036,0,66,-66
124900037,219,498,-279
124900038,521,559,-38
124900039,2,46,-44
124900040,196,106,90
124900041,396,1585,-1189
124900042,185,4,181
124900043,640,1411,-771
124900044,119,4,115
124900045,1465,1684,-219
124900046,1606,450,1156
124900047,214,362,-148
124900048,255,161,94
124900050,203,308,-105
124900052,120,623,-503
124900053,325,510,-185
124900054,2894,727,2167
124900055,2,290,-288
124900057,7,95,-88
124900060,184,327,-143
124900061,186,11,175
124900062,278,61,217
124900066,0,35,-35
124900067,4,278,-274
124900068,325,721,-396
124900070,198,33,165
124900072,170,59,111
124900075,318,394,-76
124900076,33,1550,-1517
124900077,42,244,-202
124900078,158,22,136
124900079,897,269,628
124900080,393,924,-531
124900081,1104,563,541
124900082,535,1310,-775
124900083,337,829,-492
124900085,1604,587,1017
124900086,166,1837,-1671
124900087,984,191,793
124900088,1070,187,883
124900089,1627,58,1569
124900090,364,389,-25
124900091,413,606,-193
124900092,298,395,-97
124900093,373,306,67
124900094,462,448,14
124900095,133,602,-469
124900096,754,426,328
124900097,411,139,272
124900098,188,702,-514
124900099,942,806,136
124900100,446,212,234
124900101,192,519,-327
124900102,239,95,144
124900103,241,319,-78
124900104,74,253,-179
124900105,131,227,-96
124900106,526,129,397
124900107,126,28,98
124900108,203,119,84
124900111,11,71,-60
124900112,100,856,-756
124900113,168,389,-221
124900114,306,156,150
124900115,356,41,315
124900116,298,275,23
124900117,879,209,670
124900118,315,398,-83
124900119,570,307,263
124900120,119,499,-380
124900121,203,600,-397
124900122,517,409,108
124900123,436,228,208
124900124,224,560,-336
204000001,176,10,166
204000002,24,15,9
204000003,52,7,45
204000004,13,0,13
204000005,759,569,190
204000006,1616,1564,52
204000011,8,62,-54
204000012,88,148,-60
204000019,709,641,68
204000020,894,811,83
204000021,2307,1015,1292
204000022,741,616,125
204000023,715,1157,-442
204000031,131,35,96
204000032,757,68,689
204000034,32,282,-250
204000035,1,13,-12
204000036,10,35,-25
204000037,2,21,-19
204000038,4,15,-11
204000039,17,38,-21
204000040,11,26,-15
204000041,12,50,-38
204000042,94,26,68
204000043,39,3,36
204000044,64,4,60
204000045,74,9,65
204000046,30,3,27
204000057,7,30,-23
204000062,51,74,-23
204000068,31,352,-321
204000069,99,470,-371
204000070,176,201,-25
204000080,115,83,32
204000085,2555,2395,160
204000086,3463,2780,683
204000087,49,19,30
204000088,3,133,-130
204000090,54,448,-394
204000093,444,79,365
204000096,1013,1337,-324
204000097,585,13,572
204000099,1327,1825,-498
204000100,1617,2305,-688
204000105,2614,2028,586
204000110,1596,1683,-87
204000111,564,961,-397
204000112,1447,798,649
204000113,632,843,-211
204000114,1228,885,343
204000115,709,438,271
204000116,2573,628,1945
204000119,2278,3369,-1091
204000132,932,583,349
204000133,1099,551,548
204000134,706,262,444
204000135,937,162,775
204000136,703,309,394
204000138,442,1235,-793
204000140,212,191,21
204000141,243,104,139
204000144,9,41,-32
204000145,804,55,749
204000146,37,480,-443
204000147,37,338,-301
204000148,1098,38,1060
204000154,6,7,-1
204000155,6,5,1
204000177,80,86,-6
204000179,39,16,23
204000180,0,32,-32
204000222,17,11,6
204000235,26,25,1
204000236,87,407,-320
204000238,36,40,-4
204000240,476,130,346
204000263,703,1497,-794
204000268,1514,1016,498
204000308,261,32,229
204000317,17,77,-60
204000322,30,71,-41
204000323,23,16,7
204000328,268,66,202
204000329,80,259,-179
204000330,236,22,214
204000331,43,157,-114
204010341,24,254,-230
205000001,1441,2370,-929
205000013,6,77,-71
205000014,50,141,-91
205000015,36,289,-253
205000016,40,214,-174
205000017,25,138,-113
205000022,403,1053,-650
205000025,1600,1546,54
205000029,328,14,314
205000045,189,373,-184
205000046,190,695,-505
205000047,159,646,-487
205000048,497,1486,-989
205000049,186,1188,-1002
205000050,1104,391,713
205000059,1,331,-330
205000060,0,96,-96
205000061,2,110,-108
205000062,3,108,-105
205000063,18,78,-60
205000064,20,154,-134
205000065,59,564,-505
205000066,107,1023,-916
205000067,33,1089,-1056
205000069,232,19,213
205000082,183,258,-75
205000110,123,363,-240
205000111,265,375,-110
205000112,242,291,-49
205000113,272,414,-142
205000121,302,120,182
205000123,54,289,-235
205000126,584,162,422
205000127,856,251,605
205000128,666,82,584
205000129,820,119,701
205000130,583,42,541
205000131,222,18,204
205000132,431,7,424
205000133,226,1,225
205000134,298,1,297
205000137,103,211,-108
205000138,231,438,-207
205000139,53,156,-103
205000144,193,83,110
205000145,703,217,486
205000151,212,77,135
205000152,310,46,264
205000153,353,49,304
205000154,159,87,72
205000155,148,28,120
205000207,12,246,-234
205000233,123,81,42
205000234,0,1,-1
205000243,0,0,0
205000244,0,9,-9
205000245,32,286,-254
205000249,0,35,-35
205000250,11,1,10
205000264,22,101,-79
206000027,26,4,22
206000028,3,0,3
206000043,18,84,-66
206000053,3,19,-16
206000054,2,27,-25
206000055,6,57,-51
206000075,7,18,-11
206000076,34,15,19
206000077,18,2,16
206000078,23,5,18
206000079,15,9,6
206000082,498,48,450
206000100,34,792,-758
206000103,7,19,-12
206000104,16,28,-12
206000105,4,24,-20
206000106,8,46,-38
206000108,818,67,751
206000125,97,0,97
206000157,76,929,-853
206000170,0,266,-266
206000171,4,243,-239
206000172,6,617,-611
206000173,4,319,-315
206000174,13,101,-88
206000175,4,190,-186
206000176,20,291,-271
206000177,1,195,-194
206000178,3,207,-204
206000179,22,119,-97
206000180,12,186,-174
206000181,23,212,-189
206000182,13,229,-216
206000183,11,868,-857
206000184,5,430,-425
206000185,14,233,-219
206000186,127,1509,-1382
206000223,3,285,-282
206000226,42,8,34
206000227,41,5,36
206000237,38,399,-361
206000238,25,659,-634
206000239,328,2368,-2040
206000240,1,72,-71
206000241,0,104,-104
206000242,11,356,-345
206000243,9,290,-281
206000244,76,806,-730
206000245,1033,73,960
206000246,246,16,230
206000247,276,9,267
206000248,477,15,462
206000252,76,46,30
206000258,39,39,0
206000315,39,13,26
206000317,708,124,584
206000318,556,99,457
206000319,1744,134,1610
206000320,285,51,234
206000321,267,19,248
206000322,612,18,594
206000323,137,18,119
206000324,197,11,186
206000325,244,19,225
206000326,275,15,260
206000327,390,9,381
206000328,233,6,227
206000329,359,6,353
206000330,74,8,66
206000331,205,4,201
206000332,55,9,46
206000333,777,2,775
206000334,308,1,307
206000335,0,20,-20
206000361,21,289,-268
206000392,5,40,-35
206000405,170,2,168
206000441,65,27,38
206000498,41,4,37
206000515,106,40,66
206000530,345,60,285
206000531,210,246,-36
206000532,2294,366,1928
206000535,381,2121,-1740
206000536,24,238,-214
206000537,33,198,-165
206000613,1645,243,1402
207000001,188,698,-510
207000002,138,322,-184
207000003,172,211,-39
207000007,1072,339,733
207000008,123,20,103
207000009,94,54,40
207000010,642,570,72
207000012,415,380,35
207000015,385,1726,-1341
207000019,389,153,236
207000021,827,188,639
207000022,194,119,75
207000023,257,61,196
207000024,7,7,0
207000025,40,52,-12
207000026,142,56,86
207000027,64,91,-27
207000028,75,246,-171
207000029,315,517,-202
207000033,276,430,-154
207000034,390,104,286
207000039,497,221,276
207000040,339,127,212
207000041,239,45,194
207000042,410,101,309
207000043,457,292,165
207000051,183,340,-157
207000052,132,223,-91
207000053,526,743,-217
207000054,67,136,-69
207000055,217,179,38
207000056,411,452,-41
207000057,185,328,-143
207000058,216,435,-219
207000059,142,770,-628
207000060,116,292,-176
207000061,297,565,-268
207000062,356,73,283
207000063,396,190,206
207000064,524,204,320
207000065,494,329,165
207000066,246,230,16
207000067,58,132,-74
207000068,197,73,124
207000069,942,493,449
207000082,21,326,-305
207000083,148,375,-227
207000084,307,288,19
207000085,220,16,204
207000086,203,1,202
207000106,62,53,9
207000107,142,31,111
207000108,86,24,62
207000109,97,25,72
207000110,169,121,48
207000111,112,108,4
207000112,239,760,-521
207000114,39,58,-19
207000115,46,111,-65
207000116,25,501,-476
207000117,7,151,-144
207000118,9,147,-138
207000119,43,129,-86
207000123,286,29,257
207000124,101,65,36
207000125,107,74,33
207000126,72,99,-27
207000134,108,186,-78
207000135,23,260,-237
207000148,89,365,-276
207000149,119,95,24
207000152,159,477,-318
207000153,1453,1578,-125
207000154,660,246,414
207000159,133,285,-152
207000160,205,596,-391
207000238,0,262,-262
207000242,4,282,-278
207000248,124,62,62
207000249,187,80,107
207000250,1117,110,1007
207000251,138,112,26
207000252,195,99,96
207000278,135,120,15
207000279,37,182,-145
207000280,532,65,467
207000281,115,1281,-1166
207000282,235,118,117
207000283,123,261,-138
207000284,72,277,-205
207000285,92,53,39
207000291,26,159,-133
207000304,158,55,103
207000306,97,456,-359
207000310,91,122,-31
207000353,368,3,365
207000356,27,41,-14
207000357,37,9,28
207000358,38,20,18
207000415,7,312,-305
207000417,52,5,47
207000418,169,209,-40
207000438,0,4,-4
207000439,1327,796,531
207000446,210,6,204
207000460,26,8,18
207000466,273,199,74
207000467,336,146,190
207000468,43,484,-441
207000476,10,85,-75
207000477,784,121,663
207000478,18,71,-53
207000523,0,6,-6
207000524,75,2,73
207000527,141,239,-98
207000530,511,15,496
207000531,417,9,408
207000532,211,48,163
207000534,616,74,542
207000535,57,462,-405
207000537,288,181,107
207000540,22,332,-310
207000541,1,551,-550
207000548,19,518,-499
207000549,584,25,559
207000561,185,280,-95
207000562,49,358,-309
207000567,196,306,-110
207000568,231,123,108
207000569,516,1178,-662
207000584,590,329,261
207000585,101,573,-472
207000587,8,9,-1
207000616,1,214,-213
207000617,236,7,229
207900008,288,129,159
208000001,867,1268,-401
208000002,1505,654,851
208000003,1248,495,753
208000004,1976,830,1146
208000005,8,17,-9
208000019,870,1646,-776
208000020,202,735,-533
208000021,303,545,-242
208000022,1390,748,642
208000028,2063,1315,748
208000033,700,1316,-616
208000034,1556,2164,-608
208000037,425,32,393
208000040,289,248,41
208000041,1159,931,228
208000042,1644,1029,615
208000047,169,352,-183
208000064,3965,1886,2079
208000066,2989,2826,163
208000070,414,568,-154
208000071,445,1188,-743
208000072,412,1879,-1467
208000080,318,393,-75
208000081,378,225,153
208000082,340,404,-64
208000083,236,560,-324
208000084,25,21,4
208000085,1230,867,363
208000086,584,1341,-757
208000087,935,1069,-134
208000089,1194,604,590
208000090,1153,1051,102
208000093,169,123,46
208000094,1894,605,1289
208000095,1064,562,502
208000104,1248,1588,-340
208000105,1366,1549,-183
208000114,127,398,-271
208000115,683,664,19
208000116,715,1442,-727
208000117,197,166,31
208000118,126,193,-67
208000155,1122,1331,-209
208000158,1997,4314,-2317
208000186,5370,4803,567
208000204,798,1247,-449
208000205,1426,1427,-1
208000282,8516,3809,4707
209000004,931,286,645
209000005,68,31,37
209000006,523,165,358
209000007,372,337,35
209000010,617,194,423
209000011,271,316,-45
209000012,581,246,335
209000013,411,547,-136
209000014,701,1569,-868
209000025,343,68,275
209000026,895,137,758
209000027,612,1287,-675
209000028,595,1137,-542
209000029,707,947,-240
209000030,643,1954,-1311
209000031,4147,3225,922
209000034,250,243,7
209000035,165,187,-22
209000036,200,154,46
209000037,287,271,16
209000038,172,241,-69
209000039,75,191,-116
209000040,355,750,-395
209000041,220,575,-355
209000042,264,551,-287
209000043,962,1242,-280
209000044,289,1068,-779
209000045,2017,994,1023
209000046,604,1351,-747
209000047,636,380,256
209000048,712,454,258
209000049,122,207,-85
209000050,281,254,27
209000051,491,642,-151
209000052,208,528,-320
209000062,51,151,-100
209000063,68,133,-65
209000064,50,147,-97
209000065,63,51,12
209000066,66,37,29
209000067,95,57,38
209000080,33,372,-339
209000082,110,22,88
209000091,37,140,-103
209000093,81,30,51
209000094,269,282,-13
209000110,36,132,-96
209000111,565,2015,-1450
209000112,1144,1476,-332
209000113,2025,1225,800
209000114,920,626,294
209000115,99,221,-122
209000116,1119,693,426
209000118,36,63,-27
209000119,34,14,20
209000121,165,655,-490
209000135,81,227,-146
209000142,854,1791,-937
209000143,110,116,-6
209000144,130,146,-16
209000229,336,384,-48
209000240,49,396,-347
209000259,81,166,-85
209000260,83,1473,-1390
209000261,4,742,-738
209000262,3,625,-622
209000263,0,226,-226
209000264,1,176,-175
209000265,1161,3,1158
209000266,437,3,434
209000267,1224,16,1208
209000268,1082,89,993
210000037,111,26,85
210000047,105,24,81
210000048,109,36,73
210000049,74,15,59
210000052,70,89,-19
210000053,43,56,-13
210000054,61,88,-27
210000070,261,7,254
210000071,133,0,133
210000072,70,0,70
210000073,1,34,-33
210000074,2,129,-127
210000075,7,101,-94
210000076,30,174,-144
210000077,13,35,-22
210000078,36,38,-2
210000079,40,18,22
210000080,132,59,73
210000081,302,43,259
210000082,163,3,160
210000083,166,1,165
210000084,56,0,56
210000085,0,102,-102
210000086,8,149,-141
210000099,47,263,-216
210000100,54,202,-148
210000101,98,224,-126
210000105,77,219,-142
210000159,1,193,-192
210000163,173,205,-32
210000164,353,221,132
210000168,107,37,70
210000187,0,22,-22
210000188,0,27,-27
210000214,83,0,83
210000219,30,64,-34
210000220,122,83,39
210000232,3,37,-34
210000233,50,68,-18
210000234,33,142,-109
210000235,52,111,-59
210000245,0,48,-48
210000246,34,2,32
210000258,21,123,-102
210000259,533,90,443
210000282,143,222,-79
210000285,1,132,-131
210000286,20,204,-184
210000290,3,28,-25
210000295,75,155,-80
210000296,44,54,-10
210000320,203,133,70
210000321,142,84,58
210000338,110,96,14
210000339,427,1168,-741
210000340,137,439,-302
210000341,234,257,-23
210000342,243,204,39
210000343,222,230,-8
210000344,198,104,94
210000345,177,199,-22
210000346,62,115,-53
210000347,121,40,81
210000348,147,15,132
210000349,81,23,58
210000350,151,79,72
210000351,176,136,40
210000352,68,85,-17
210000353,38,123,-85
210000354,139,132,7
210000355,71,120,-49
210000356,52,65,-13
210000357,110,28,82
210000358,373,145,228
210000359,128,121,7
210000360,225,177,48
210000361,225,203,22
210000362,361,276,85
210000363,1022,279,743
210000364,178,216,-38
210000365,146,102,44
210000366,168,81,87
210000367,142,65,77
210000368,282,83,199
210000369,31,19,12
210000370,56,47,9
210000372,41,44,-3
210000373,57,15,42
210000374,65,9,56
210000375,48,102,-54
210000376,124,204,-80
210000404,94,118,-24
210000439,32,70,-38
210000472,91,6,85
210000482,90,94,-4
210000564,650,423,227
210000567,7,33,-26
210000568,395,6,389
211000092,113,95,18
211000094,15,25,-10
211000169,487,29,458
211000172,31,288,-257
211000209,1,14,-13
211000226,21,49,-28
211000270,24,38,-14
211000275,41,19,22
211000276,130,58,72
211000279,54,35,19
211000281,61,56,5
211507980,5,57,-52
211977296,39,6,33
212000003,154,44,110
212000004,54,27,27
212000005,19,44,-25
212000006,56,56,0
212000008,182,215,-33
212000009,45,184,-139
212000012,92,102,-10
212000013,32,80,-48
212000014,318,208,110
212000015,304,327,-23
212000016,555,747,-192
212000027,658,744,-86
212000028,394,617,-223
212000029,268,403,-135
212000030,56,32,24
212000031,76,82,-6
212000048,41,179,-138
212000049,21,121,-100
212000050,21,5,16
212000051,226,303,-77
212000052,194,400,-206
212000053,442,840,-398
212000054,275,174,101
212000055,326,357,-31
212000056,28,71,-43
212000057,14,40,-26
212000058,421,32,389
212000070,125,337,-212
212000077,180,952,-772
212000099,265,369,-104
212000108,220,213,7
212000111,230,135,95
212000120,119,89,30
212000138,140,33,107
212000156,19,229,-210
212000158,8,16,-8
212000159,471,70,401
212000160,685,332,353
212000161,96,12,84
212000310,44,25,19
212000311,15,88,-73
212000374,38,11,27
213000001,56,623,-567
213000005,583,185,398
213000006,1367,453,914
213000007,229,18,211
213000009,1096,645,451
213000010,261,442,-181
213000011,393,182,211
213000012,154,381,-227
213000014,103,15,88
213000015,311,6,305
213000016,846,7,839
213000017,80,0,80
213000018,3,233,-230
213000019,1,247,-246
213000020,154,499,-345
213000021,12,168,-156
213000023,357,225,132
213000033,431,2096,-1665
213000034,995,489,506
213000035,175,398,-223
213000045,226,344,-118
213000046,309,231,78
213000047,931,1559,-628
213000056,281,43,238
213000069,178,5,173
213000073,0,32,-32
213000074,115,490,-375
213000075,583,12,571
213000076,85,1,84
213000085,1,48,-47
213000086,23,191,-168
213000091,184,26,158
213000092,115,23,92
213000099,248,1366,-1118
213000100,1651,344,1307
213000101,451,212,239
213000102,533,467,66
213000103,1188,1136,52
213000104,78,545,-467
213000105,13,147,-134
213000106,159,191,-32
213000107,204,841,-637
213000108,43,673,-630
213000109,12,378,-366
213000110,17,137,-120
213000111,11,74,-63
213000112,266,137,129
213000115,54,14,40
213000116,105,613,-508
213000117,15,987,-972
213000118,500,380,120
213000119,63,879,-816
213000120,200,798,-598
213000122,237,930,-693
213000123,620,1615,-995
213000124,172,1833,-1661
213000125,181,27,154
213000126,116,170,-54
213000127,151,261,-110
213000128,786,1315,-529
213000129,505,737,-232
213000130,745,394,351
213000132,419,138,281
213000133,568,151,417
213000134,880,17,863
213000136,745,30,715
213000137,808,108,700
213000139,859,42,817
213000147,102,8,94
213000148,44,15,29
213000149,50,18,32
213000150,0,136,-136
213000151,3,112,-109
213000152,14,100,-86
213000153,1,83,-82
213000154,33,383,-350
213000155,101,396,-295
213000156,118,839,-721
213000157,821,556,265
213000158,424,1242,-818
213000159,756,818,-62
213000163,1046,131,915
213000165,979,359,620
213000171,3,160,-157
213000172,2,528,-526
213000173,3,369,-366
213000174,2,266,-264
213000175,13,133,-120
213000176,69,26,43
213000177,73,5,68
213000178,137,4,133
213000179,187,2,185
213000180,200,0,200
213000184,224,696,-472
213000188,488,93,395
213000189,402,65,337
213000190,1133,1153,-20
213000191,378,608,-230
213000192,368,597,-229
213000193,1247,399,848
213000194,3,102,-99
213000195,18,612,-594
213000196,345,1575,-1230
213000197,474,971,-497
213000198,108,5,103
213000200,171,1267,-1096
213000201,92,48,44
213000202,10,734,-724
213000203,4305,872,3433
213000204,808,121,687
213000205,574,115,459
213000206,977,80,897
213000207,194,9,185
213000208,171,1,170
213000209,214,0,214
213000210,646,3,643
213000211,16,9,7
213000212,45,28,17
213000213,26,53,-27
213000218,312,836,-524
213000219,595,27,568
213000220,571,19,552
213000223,268,299,-31
213000224,68,77,-9
213000225,113,7,106
213000226,101,19,82
213000227,1279,309,970
213000228,750,98,652
213000229,538,65,473
213000230,520,22,498
213000232,154,923,-769
213000233,12,206,-194
213000234,5,37,-32
213000293,4,79,-75
213000294,231,33,198
213000295,18,81,-63
213000296,93,23,70
213000297,14,139,-125
213000298,54,133,-79
213000299,104,67,37
213000300,15,11,4
213000303,8,37,-29
213000304,1,10,-9
213000305,6,13,-7
213000306,93,23,70
213000307,257,103,154
213000308,213,324,-111
213000309,215,95,120
213000310,640,169,471
213000311,372,998,-626
213000315,96,187,-91
213000316,170,98,72
213000322,147,159,-12
213000323,117,96,21
213000324,62,56,6
213000325,41,131,-90
213000326,44,24,20
213000327,29,66,-37
213000328,14,154,-140
213000329,107,49,58
213000340,209,813,-604
213000341,758,160,598
213000346,262,291,-29
213000347,1035,564,471
213000348,14,224,-210
213000349,23,15,8
213000350,381,1515,-1134
213000366,95,408,-313
213000367,262,47,215
213000379,137,132,5
213000386,32,326,-294
213000406,112,620,-508
213000417,1559,585,974
213000425,164,69,95
213000426,156,108,48
213000427,62,323,-261
213000428,79,303,-224
213000429,44,5,39
213000430,101,1074,-973
213000431,163,1,162
213000432,1,42,-41
213000433,44,225,-181
213000434,74,225,-151
213000435,91,130,-39
213000436,31,67,-36
213000437,0,25,-25
213000438,151,85,66
213000439,70,13,57
213000440,13,400,-387
213000441,5,1,4
213000442,2,32,-30
213000443,575,494,81
213000444,63,50,13
213000445,1,85,-84
213000446,0,24,-24
213000447,5,36,-31
213000448,18,166,-148
213000449,419,10,409
213000450,21,85,-64
213000451,332,173,159
213000452,72,27,45
213000453,52,379,-327
213000455,600,7,593
213000456,0,269,-269
213000481,61,4,57
213000482,48,1,47
213000489,480,122,358
213000491,0,153,-153
213000492,456,4,452
213000493,0,162,-162
213000494,230,164,66
213000495,0,153,-153
213000496,527,222,305
213000497,86,369,-283
213000498,177,245,-68
213000499,243,733,-490
213000500,557,138,419
213000501,112,30,82
213000502,274,174,100
213000503,2,86,-84
213000504,8,145,-137
213000505,11,4,7
213000506,0,10,-10
213000507,3,184,-181
213900016,0,18,-18
213900244,31,1,30
213900245,0,47,-47
218000003,36,22,14
218000004,52,38,14
218000005,345,40,305
218000006,74,26,48
218000007,10,22,-12
218000012,269,235,34
218000013,133,175,-42
218000014,526,473,53
218000019,1026,859,167
218000020,299,562,-263
218000021,34,68,-34
218000022,17,35,-18
218000023,13,45,-32
218000024,2,22,-20
218000025,9,28,-19
218000026,18,23,-5
218000027,4,6,-2
218000028,4,4,0
218000029,7,5,2
218000030,29,24,5
218000031,9,43,-34
218000032,7,33,-26
218000040,4,2,2
218000046,98,123,-25
218000047,22,183,-161
218000048,87,189,-102
218000049,158,174,-16
218000050,393,319,74
218000051,78,306,-228
218000052,1,135,-134
218000053,3,22,-19
218000054,27,74,-47
218000055,8,27,-19
218000056,17,32,-15
218000057,3,29,-26
218000064,5,22,-17
218000065,65,110,-45
218000066,23,74,-51
218000067,97,129,-32
218000068,264,157,107
218000069,398,175,223
218000070,261,369,-108
218000071,217,237,-20
218000072,446,282,164
218000078,901,1314,-413
218000079,111,130,-19
218000080,146,99,47
218000081,467,357,110
218000082,77,143,-66
218000083,49,69,-20
218000084,158,185,-27
218000085,170,509,-339
218000086,120,228,-108
218000087,198,254,-56
218000090,16,174,-158
218000091,1234,729,505
218000092,96,219,-123
218000093,86,88,-2
218000094,595,968,-373
218000099,410,859,-449
218000100,288,460,-172
218000101,431,169,262
218000102,424,281,143
218000103,156,233,-77
218000104,113,57,56
218000105,36,23,13
218000106,15,19,-4
218000107,59,118,-59
218000108,5,56,-51
218000112,78,47,31
218000117,77,75,2
218000134,642,925,-283
218000135,61,155,-94
218000136,290,124,166
218000137,312,179,133
218000138,42,118,-76
218000139,281,425,-144
218000140,718,366,352
218000141,116,106,10
218000142,357,211,146
218000143,138,346,-208
218000144,66,96,-30
218000145,415,448,-33
218000146,107,234,-127
218000151,7,32,-25
218000152,171,83,88
218000153,21,5,16
218000154,17,0,17
218000155,23,0,23
218000156,88,15,73
218000157,29,25,4
218000158,14,6,8
218000159,1,5,-4
218000160,7,5,2
218000161,26,3,23
218000162,39,7,32
218000163,14,2,12
218000164,43,6,37
218000165,53,37,16
218000170,15,40,-25
218000171,63,8,55
218000172,25,13,12
218000173,112,21,91
218000174,55,14,41
218000176,245,55,190
218000177,446,253,193
218000178,110,271,-161
218000179,119,104,15
218000180,101,33,68
218000181,210,53,157
218000187,8,30,-22
218000188,37,56,-19
218000189,28,77,-49
218000190,27,28,-1
218000191,165,102,63
218000192,239,374,-135
218000193,457,486,-29
218000194,107,493,-386
218000195,127,115,12
218000196,395,337,58
218000197,476,407,69
218000198,28,154,-126
218000199,70,31,39
218000200,90,38,52
218000201,15,8,7
218000202,106,337,-231
218000207,3,40,-37
218000208,46,53,-7
218000211,76,9,67
218000212,3,8,-5
218000213,128,62,66
218000214,7,39,-32
218000215,84,78,6
218000217,2,121,-119
218000218,283,94,189
218000219,32,18,14
218000220,95,462,-367
218000221,853,228,625
218000222,70,43,27
218000223,47,351,-304
218000224,7,179,-172
218000225,192,53,139
218000226,191,85,106
218000230,0,6,-6
218000232,113,81,32
218000239,254,6,248
218000240,30,5,25
218000241,45,1,44
218000242,82,1,81
218000243,54,3,51
218000244,34,0,34
218000245,97,1,96
218000246,0,0,0
218000247,1,0,1
218000248,0,16,-16
218000249,0,3,-3
218000250,2,8,-6
218000251,4,28,-24
218000252,2,27,-25
218000253,0,16,-16
218000254,6,15,-9
218000255,0,28,-28
218000256,4,86,-82
218000267,755,1553,-798
218000268,18,69,-51
218000269,3,5,-2
218000270,76,80,-4
218000271,19,79,-60
218000273,21,11,10
218000274,8,13,-5
218000275,39,72,-33
218000276,23,81,-58
218000278,20,38,-18
218000279,98,108,-10
218000280,35,55,-20
218000281,14,17,-3
218000282,644,525,119
218000284,112,8,104
218000301,136,172,-36
218000302,141,75,66
218000303,44,58,-14
218000316,839,1466,-627
218000317,1368,1421,-53
218000318,735,1095,-360
218000319,1159,1452,-293
218000320,816,800,16
218000338,74,37,37
218000345,189,115,74
218000346,58,270,-212
218000459,47,308,-261
218000490,60,43,17
218000501,134,145,-11
218000502,44,122,-78
218000503,93,41,52
218000504,174,39,135
218000505,61,190,-129
218000506,40,368,-328
218000508,15,6,9
218000510,175,16,159
218000520,130,121,9
218000521,20,79,-59
218000522,2,187,-185
218000523,158,2,156
218000524,47,240,-193
218000525,200,15,185
218000526,67,148,-81
218000529,110,205,-95
218000530,10,3,7
218000531,16,57,-41
218000532,68,37,31
218000534,168,21,147
218000537,28,76,-48
218000538,333,346,-13
218000540,681,133,548
218000543,170,68,102
218000544,49,126,-77
218000545,91,97,-6
218000546,51,127,-76
218000547,152,193,-41
218000548,179,148,31
218000549,623,578,45
218000550,347,471,-124
218000551,237,1158,-921
218000552,686,62,624
218000553,62,125,-63
218000554,54,50,4
218000555,53,52,1
218000556,216,346,-130
218000557,296,206,90
218000558,123,3,120
218000559,0,42,-42
218000560,0,24,-24
218000561,46,0,46
218000562,28,226,-198
218000563,245,32,213
218000564,18,169,-151
218000565,254,38,216
218000566,449,44,405
218000567,1,79,-78
218000568,10,1,9
218000569,12,106,-94
218000570,132,5,127
218000571,23,197,-174
218000572,176,1,175
218000573,13,150,-137
218000574,108,48,60
218000575,109,0,109
218000576,1,98,-97
218000577,127,8,119
218000578,1,110,-109
218000579,131,35,96
218000581,13,102,-89
218000582,85,6,79
218000583,10,0,10
218000584,0,24,-24
218000585,35,6,29
218000586,9,58,-49
218000587,8,1,7
218000588,1,4,-3
218000589,0,3,-3
218000590,7,2,5
218000591,6,2,4
218000592,59,0,59
218000593,59,1,58
218000594,1,0,1
218000597,0,0,0
218000598,0,0,0
218000599,2,0,2
218000600,68,0,68
218000601,0,1,-1
218000602,0,23,-23
218000603,0,12,-12
218000604,37,0,37
218000605,0,153,-153
218000606,328,2,326
218000607,22,50,-28
218000608,59,20,39
218000609,7,58,-51
218000610,70,5,65
218000611,51,5,46
218000612,1,38,-37
218000613,34,1,33
218000614,1,68,-67
218000615,219,2,217
218000616,9,218,-209
218000617,23,3,20
218000618,1,20,-19
218000619,100,46,54
218000620,15,20,-5
218000621,0,9,-9
218000622,0,67,-67
218000623,206,1,205
218000624,15,61,-46
218000625,24,0,24
218000626,1,6,-5
218000628,184,58,126
218000631,49,16,33
218000632,0,105,-105
218000633,173,1,172
218000634,9,39,-30
218000635,15,9,6
218000636,1220,1751,-531
218000637,1191,730,461
218000638,186,52,134
218000639,27,237,-210
218000640,337,34,303
218000641,118,484,-366
218000652,59,115,-56
218000653,216,75,141
218000663,6,185,-179
218000675,84,83,1
218000676,2,41,-39
218000677,23,1,22
218000680,404,542,-138
218000681,501,179,322
218000691,286,320,-34
218000693,335,232,103
218000703,8,45,-37
218000718,1116,1327,-211
218000719,2029,790,1239
218000720,21,98,-77
218000721,177,19,158
218000725,9,9,0
218001147,1,169,-168
218001214,28,48,-20
218001258,227,9,218
218001329,191,185,6
218001330,155,115,40
218001351,32,18,14
218001352,22,20,2
218001353,22,20,2
218001354,5,21,-16
218001355,14,381,-367
218001356,477,24,453
218001357,24,233,-209
218001358,423,18,405
218001361,230,14,216
218001362,0,206,-206
219000001,62,58,4
219000002,49,78,-29
219000003,62,35,27
219000004,45,83,-38
219000017,127,13,114
219000020,219,243,-24
219000022,172,39,133
219000023,776,7,769
219000029,0,117,-117
219000034,59,27,32
219000039,81,94,-13
219000040,89,47,42
219000041,108,23,85
219000051,0,56,-56
219000052,2,22,-20
219000053,6,203,-197
219000054,45,158,-113
219000055,194,5,189
219000056,32,1,31
219000057,134,8,126
219000062,24,106,-82
219000063,110,5,105
219000064,3,142,-139
219000110,659,66,593
219000111,192,54,138
219000112,254,87,167
219000113,163,186,-23
219000114,300,526,-226
219000116,113,75,38
219000117,228,112,116
219000118,739,66,673
219000123,271,121,150
219000124,189,52,137
219000125,22,12,10
219000126,132,119,13
219000127,1,10,-9
219000128,17,119,-102
219000129,39,127,-88
219000130,587,524,63
219000131,786,1028,-242
219000133,85,49,36
219000134,12,21,-9
219000135,61,64,-3
219000136,130,223,-93
219000138,117,10,107
219000139,43,50,-7
219000140,66,9,57
219000141,24,160,-136
219000142,26,104,-78
219000143,30,107,-77
219000145,46,65,-19
219000146,4,32,-28
219000147,2,44,-42
219000148,4,44,-40
219000149,11,103,-92
219000150,1,80,-79
219000151,0,63,-63
219000157,284,180,104
219000158,269,335,-66
219000161,150,11,139
219000163,1794,686,1108
219000166,233,219,14
219000167,221,264,-43
219000168,385,206,179
219000174,443,180,263
219000175,99,5,94
219000176,134,17,117
219000177,75,9,66
219000178,67,5,62
219000179,18,6,12
219000180,37,49,-12
219000182,151,26,125
219000183,102,50,52
219000184,109,11,98
219000185,2,77,-75
219000186,50,47,3
219000187,49,106,-57
219000189,156,210,-54
219000190,177,244,-67
219000191,1252,1478,-226
219000192,236,194,42
219000193,351,186,165
219000195,2,75,-73
219000196,9,154,-145
219000198,22,155,-133
219000199,80,320,-240
219000200,80,339,-259
219000201,80,358,-278
219000203,73,137,-64
219000204,347,248,99
219000205,164,175,-11
219000207,169,319,-150
219000209,33,92,-59
219000210,36,111,-75
219000213,17,231,-214
219000239,296,343,-47
219000240,305,526,-221
219000241,146,241,-95
219000242,80,222,-142
219000243,152,329,-177
219000244,30,88,-58
219000245,21,58,-37
219000246,52,28,24
219000247,193,37,156
219000248,879,380,499
219000249,162,124,38
219000250,107,169,-62
219000251,735,313,422
219000252,284,223,61
219000253,602,117,485
219000255,203,136,67
219000256,428,89,339
219000257,147,0,147
219000262,375,172,203
219000263,70,198,-128
219000267,3,164,-161
219000268,0,7,-7
219000269,11,2,9
219000270,6,1,5
219000271,138,4,134
219000278,14,10,4
219000279,27,5,22
219000283,0,16,-16
219000295,9,136,-127
219000296,84,663,-579
219000297,14,163,-149
219000298,13,195,-182
219000299,494,121,373
219000300,12,283,-271
219000301,278,522,-244
219000302,57,298,-241
219000307,100,49,51
219000308,35,100,-65
219000311,252,50,202
219000312,751,137,614
219000313,466,56,410
219000314,82,559,-477
219000315,302,79,223
219000316,705,88,617
219000317,126,19,107
219000320,1,78,-77
219000321,1,20,-19
219000323,14,78,-64
219000325,1,22,-21
219000326,68,88,-20
219000327,86,39,47
219000328,44,77,-33
219000329,360,179,181
219000330,68,36,32
219000331,51,50,1
219000332,160,141,19
219000333,40,8,32
219000335,85,3,82
219000337,19,1,18
219000338,115,3,112
219000344,77,95,-18
219000345,53,97,-44
219000346,28,135,-107
219000348,165,139,26
219000349,34,237,-203
219000350,132,221,-89
219000351,6,13,-7
219000352,458,115,343
219000353,125,56,69
219000354,237,164,73
219000355,224,105,119
219000356,1779,1658,121
219000363,356,80,276
219000364,120,57,63
219000365,151,14,137
219000366,308,473,-165
219000368,462,693,-231
219000370,1328,523,805
219000371,8,24,-16
219000382,14,20,-6
219000383,813,1094,-281
219000385,752,580,172
219000386,984,1741,-757
219000387,5,11,-6
219000390,7,0,7
219000391,0,0,0
219000397,74,108,-34
219000398,123,85,38
219000401,14,186,-172
219000402,56,197,-141
219000403,233,393,-160
219000404,53,146,-93
219000407,6,50,-44
219000409,47,82,-35
219000410,181,52,129
219000411,95,36,59
219000446,237,445,-208
219000447,0,27,-27
219000448,36,11,25
219000452,152,100,52
219000453,81,161,-80
219000454,316,381,-65
219000556,304,113,191
219000558,352,256,96
219000590,41,207,-166
219000591,115,120,-5
219000592,117,432,-315
219000595,8,17,-9
219000635,258,69,189
219000636,29,129,-100
219000657,40,44,-4
219000658,42,85,-43
219000673,0,42,-42
219000676,139,15,124
219000679,71,11,60
219000684,111,3,108
219000685,0,99,-99
219000686,4,3,1
219000688,0,132,-132
219000689,31,270,-239
219000690,177,29,148
219000691,76,265,-189
219000692,184,46,138
219000693,0,28,-28
219000694,8,2,6
219000695,46,3,43
219000698,21,1,20
219000699,0,24,-24
219000727,2,136,-134
219000728,384,6,378
219000770,76,1,75
219000771,1,46,-45
219000788,612,216,396
219001150,2,36,-34
219001151,0,3,-3
219001166,57,35,22
219001167,3,151,-148
219001178,94,4,90
220000001,89,93,-4
220000002,14,168,-154
220000003,983,309,674
220000004,1231,697,534
220000005,1995,2487,-492
220000006,522,1184,-662
220000007,524,807,-283
220000008,464,1191,-727
220000009,446,546,-100
220000010,409,184,225
220000011,729,4173,-3444
220000012,108,577,-469
220000014,193,61,132
220000015,101,180,-79
220000017,47,392,-345
220000018,6123,3097,3026
220000019,182,370,-188
220000020,754,424,330
220000021,929,301,628
220000022,967,654,313
220000023,407,236,171
220000024,2380,449,1931
220000025,1266,1131,135
220000026,405,337,68
220000027,61,127,-66
220000028,82,59,23
220000029,139,303,-164
220000030,224,109,115
220000031,578,393,185
220000064,31,1162,-1131
221000046,9,0,9
221000047,0,7,-7
221000048,0,2,-2
221000049,0,10,-10
221000050,48,1,47
221000055,49,44,5
221000057,101,13,88
221000068,352,189,163
221000069,354,75,279
221000070,212,47,165
221000071,92,20,72
221000072,234,17,217
221000073,299,40,259
221000074,0,13,-13
221000075,11,28,-17
221000076,8,67,-59
221000077,30,130,-100
221000081,23,13,10
221000082,64,12,52
221000083,21,9,12
221000084,5,6,-1
221000085,101,76,25
221000086,19,106,-87
221000087,1,142,-141
221000088,14,184,-170
221000089,40,345,-305
221000090,133,590,-457
221000098,122,25,97
221000099,176,15,161
221000100,87,11,76
221000101,210,25,185
221000102,129,22,107
221000109,19,123,-104
221000110,7,132,-125
221000111,23,192,-169
221000112,8,168,-160
221000113,15,169,-154
221000114,6,141,-135
221000120,37,37,0
221000121,7,28,-21
221000122,71,33,38
221000123,14,23,-9
221000124,61,344,-283
221000155,94,13,81
221000156,82,22,60
221000175,52,7,45
221000176,2,1,1
221000182,50,12,38
221000241,823,359,464
221000242,235,539,-304
221000243,696,211,485
221000244,298,562,-264
221000245,145,114,31
221000246,55,285,-230
221000247,109,134,-25
221000248,99,202,-103
221000267,65,776,-711
221000325,153,37,116
221000331,5,128,-123
221000338,22,38,-16
221000378,180,33,147
221000381,32,96,-64
222000282,19,2,17
222000296,4,39,-35
222000568,296,30,266
222000569,199,34,165
222000570,189,20,169
222000571,248,39,209
222000577,20,229,-209
222000578,32,252,-220
222000579,42,195,-153
222000580,123,1179,-1056
222000599,0,222,-222
222000600,0,567,-567
222000601,8,1500,-1492
222000603,42,54,-12
222000604,8,47,-39
222000605,18,42,-24
222000606,7,19,-12
222000607,11,7,4
222000608,23,12,11
222000609,113,360,-247
222000616,427,48,379
222000617,2,36,-34
222000618,12,16,-4
222000620,38,9,29
222000621,113,9,104
222000623,686,4,682
222000624,378,5,373
222000625,701,39,662
222000636,51,1,50
222000686,38,20,18
222000687,56,47,9
222001066,408,2,406
222001067,19,2,17
222001068,44,42,2
222001069,36,66,-30
222001082,29,64,-35
222001083,27,92,-65
222001084,0,68,-68
222001085,2,219,-217
222001111,47,203,-156
222001112,115,53,62
222001313,27,7,20
222001314,12,168,-156
222001464,70,68,2
222001465,35,87,-52
222001484,150,97,53
222001485,31,75,-44
222001494,512,183,329
222001495,174,310,-136
222001496,397,130,267
222001497,224,609,-385
222001502,17,141,-124
222001503,268,79,189
222001504,38,405,-367
222001505,374,20,354
222001506,60,470,-410
222001507,395,31,364
222001510,417,59,358
222001511,82,470,-388
222001514,754,328,426
222001515,343,735,-392
222001518,333,106,227
222001519,58,336,-278
222001527,292,103,189
222001528,92,248,-156
222001529,318,76,242
222001530,67,260,-193
222001533,236,361,-125
222001534,457,119,338
222001535,320,300,20
222001536,180,349,-169
222001537,415,59,356
222001538,82,648,-566
222001563,729,111,618
222001564,78,755,-677
222001568,444,148,296
222001576,7,1,6
222001579,0,8,-8
222001583,21,207,-186
222001584,124,10,114
222001596,1115,1459,-344
222001597,2671,360,2311
222001626,1,281,-280
222001650,133,122,11
222001651,156,161,-5
222001914,288,103,185
222001915,144,355,-211
222001968,575,318,257
222001969,673,969,-296
222001970,224,275,-51
222001971,27,29,-2
222001972,2,35,-33
225000001,659,240,419
225000002,1056,190,866
225000003,1037,123,914
225000004,401,270,131
225000005,162,62,100
225000006,1,248,-247
225000007,2326,1661,665
225000010,392,12,380
225000011,448,1095,-647
225000012,187,568,-381
225000013,102,118,-16
225000014,1149,89,1060
225000015,98,191,-93
225000021,895,272,623
225000027,254,716,-462
225000032,737,225,512
225000042,84,785,-701
225000049,76,70,6
225000050,98,9,89
225000053,15,369,-354
225000058,769,212,557
225000067,419,181,238
225000068,149,393,-244
225000069,183,543,-360
225000070,94,491,-397
225000071,43,222,-179
225000075,28,1200,-1172
225000076,75,156,-81
225000078,88,64,24
225000085,85,174,-89
225000086,298,75,223
225000087,261,33,228
225000088,7,281,-274
225000089,390,1187,-797
225000090,83,584,-501
225000091,236,244,-8
225000092,138,92,46
225000093,437,375,62
225000094,31,348,-317
225000095,370,498,-128
225000096,415,623,-208
225000098,780,441,339
225000099,439,216,223
225000100,399,207,192
225000104,148,492,-344
225000110,15,534,-519
225000111,402,1316,-914
225000112,413,1271,-858
225000113,225,635,-410
225000114,63,338,-275
225000115,2096,783,1313
225000116,1142,278,864
225000117,785,359,426
225000118,1011,383,628
225000119,250,103,147
225000120,1113,54,1059
225000121,402,20,382
225000123,629,45,584
225000125,449,286,163
225000126,909,233,676
225000127,866,1489,-623
225000128,535,992,-457
225000132,307,45,262
225000133,319,35,284
225000134,603,170,433
225000135,77,13,64
225000136,285,23,262
225000137,301,58,243
225000138,433,89,344
225000143,113,430,-317
225000144,5,511,-506
225000145,104,78,26
225000146,78,153,-75
225000147,57,422,-365
225000148,10,266,-256
225000149,108,631,-523
225000151,27,268,-241
225000155,425,618,-193
225000156,276,1082,-806
225000157,273,438,-165
225000158,77,358,-281
225000171,1,210,-209
225000180,23,2,21
225000181,0,65,-65
225000182,115,30,85
225000185,8,500,-492
225000187,144,403,-259
225000191,137,3,134
225000194,0,8,-8
225000208,2,77,-75
225000209,106,38,68
225000210,17,277,-260
225000217,2,17,-15
225000218,46,2,44
225000223,0,40,-40
225000224,250,4,246
225000225,0,25,-25
225000226,42,1,41
225000227,65,117,-52
225000228,14,33,-19
225000229,0,79,-79
225000230,238,0,238
225000231,0,111,-111
225000232,300,2,298
225000241,106,5,101
225000242,2,55,-53
225000249,8,2,6
225000250,57,1066,-1009
225000251,392,57,335
225000254,3,1,2
225000256,11,120,-109
225000257,0,98,-98
226000042,411,559,-148
226000043,89,356,-267
226000044,116,727,-611
226000045,101,501,-400
226000046,372,97,275
226000047,433,120,313
226000048,448,134,314
226000049,327,186,141
226000070,0,59,-59
226000071,0,73,-73
226000072,0,15,-15
226000073,1,6,-5
226000074,0,14,-14
226000084,1,75,-74
226000085,1,8,-7
226000086,2,16,-14
226000087,20,16,4
226000088,61,49,12
226000090,290,99,191
226000091,19,51,-32
226000092,40,21,19
226000093,55,0,55
226000094,35,1,34
226000095,37,20,17
226000105,17,0,17
226000106,25,1,24
226000107,9,0,9
226000108,26,0,26
226000109,105,3,102
226000124,146,73,73
226000134,901,576,325
226000135,1766,655,1111
226000136,2087,497,1590
226000137,13,405,-392
226000138,7,255,-248
226000139,0,34,-34
226000156,134,6,128
226000157,328,5,323
226000163,100,135,-35
226000202,23,424,-401
226000231,380,24,356
226000232,42,1,41
227000033,348,90,258
227000036,400,32,368
227000037,372,36,336
227000038,246,34,212
227000084,2,89,-87
227000085,0,62,-62
227000088,53,3,50
227000089,126,2,124
227000090,61,0,61
227000091,17,0,17
227000092,56,3,53
227000093,147,2,145
227000094,24,2,22
227000130,31,62,-31
227000131,53,302,-249
227000132,19,332,-313
227000133,27,265,-238
227000134,18,454,-436
227000152,0,6,-6
227000153,0,73,-73
227000154,1,36,-35
227000155,1,30,-29
227000156,0,17,-17
227000165,10,30,-20
227000196,446,307,139
227000199,339,655,-316
227000230,41,508,-467
227000232,671,28,643
227000242,54,680,-626
227000243,452,74,378
227000245,13,414,-401
227000246,121,612,-491
227000247,448,98,350
227000248,306,40,266
227000249,34,254,-220
227000250,678,181,497
227000251,182,256,-74
227000252,41,429,-388
227000253,149,18,131
227000262,420,56,364
227000266,1465,33,1432
227000267,56,1785,-1729
227000282,8,267,-259
227000284,671,29,642
227000286,5,110,-105
227000287,20,162,-142
227000291,13,623,-610
227000296,402,256,146
227000484,350,22,328
227000485,38,1018,-980
227000655,167,26,141
227000656,875,48,827
227000657,194,20,174
227000661,362,20,342
227000680,223,56,167
229000265,20,56,-36
229000296,29,28,1
229000297,4,40,-36
229000298,3,96,-93
229000320,35,12,23
229000321,59,9,50
229000412,23,73,-50
229000414,5,40,-35
229000415,34,0,34
229000416,1,5,-4
229000417,2,39,-37
229000419,209,322,-113
229000440,454,75,379
229000442,22,9,13
229000443,6,4,2
229000444,7,15,-8
229000445,67,26,41
229000446,74,11,63
229000491,3,16,-13
229000492,7,111,-104
229000493,8,135,-127
229000494,48,1,47
229000495,118,1,117
229000496,54,7,47
229000507,0,80,-80
229000508,0,45,-45
229000509,4,51,-47
229000510,1,41,-40
229000511,2,60,-58
229000512,0,37,-37
229000513,0,9,-9
229000514,1,9,-8
229000517,6,12,-6
229000518,13,29,-16
229000519,0,11,-11
229000520,18,31,-13
229000521,52,16,36
229000522,9,6,3
229000523,9,6,3
229000524,3,3,0
229000527,1,2,-1
229000528,1,0,1
229000529,9,1,8
229000530,73,5,68
229000531,40,2,38
229000532,39,0,39
229000533,97,3,94
229000534,45,1,44
229000564,48,0,48
229000565,23,0,23
229000566,1,15,-14
229000567,1,46,-45
229000582,74,3,71
229000583,3,2,1
229000584,0,30,-30
229000585,1,78,-77
229000718,0,2,-2
229000719,0,0,0
229000720,0,11,-11
229000721,0,8,-8
229000722,0,14,-14
229000723,0,9,-9
229000724,0,2,-2
229000725,0,0,0
229000738,0,2,-2
229000739,8,1,7
229000740,2,0,2
229000741,11,0,11
229000742,7,0,7
229000743,9,0,9
229000744,5,0,5
229000745,2,0,2
229000746,41,0,41
229000847,35,1,34
229000848,30,0,30
229000849,101,1,100
229000851,31,0,31
229000854,0,22,-22
229000856,2,112,-110
229000857,0,37,-37
229000858,0,51,-51
229000919,31,120,-89
229000930,2,367,-365
229000937,104,29,75
229000966,43,15,28
229000981,30,43,-13
229000985,6,30,-24
229000986,3,8,-5
229000987,0,0,0
229000988,2,22,-20
229000989,10,34,-24
229000990,38,2,36
229000991,3,2,1
229000992,20,15,5
229000993,194,40,154
229000998,7,56,-49
229000999,73,26,47
229001034,0,26,-26
229001035,8,2,6
229001037,65,15,50
229001042,4,29,-25
229001047,11,48,-37
229001050,56,59,-3
229001168,0,14,-14
229001200,17,1,16
229001338,6,57,-51
229001394,189,0,189
229001422,119,48,71
229001423,44,220,-176
229001431,73,57,16
229001432,70,106,-36
229001444,231,44,187
229001445,32,187,-155
229001479,8,4,4
229001503,144,114,30
229001504,138,218,-80
229001505,85,37,48
229001506,126,192,-66
229001509,59,28,31
229001545,70,3,67
229001546,36,147,-111
229001553,140,34,106
229001554,108,151,-43
229001559,5,27,-22
229001560,21,43,-22
229001630,87,19,68
229001631,17,46,-29
229001635,0,8,-8
229001636,7,0,7
229001658,1,156,-155
229001659,106,3,103
229001660,16,7,9
229001661,16,26,-10
229001662,18,0,18
229001663,0,40,-40
229002584,233,177,56
229002831,182,178,4
229002841,7,20,-13
229002842,26,36,-10
229002843,95,14,81
229002844,49,79,-30
229002845,8,86,-78
229002846,24,29,-5
229002847,3,10,-7
229002848,10,22,-12
229002849,17,54,-37
229002850,37,2,35
229002851,40,106,-66
229002852,181,43,138
229002853,128,32,96
229002854,40,53,-13
229002855,5,17,-12
229002856,48,22,26
229002857,10,57,-47
229002858,30,20,10
229002859,34,15,19
229002860,204,12,192
229002861,213,47,166
229002862,119,32,87
229002863,24,33,-9
229002864,31,37,-6
229002865,16,23,-7
229002866,10,18,-8
229002867,6,38,-32
229002868,14,26,-12
229002869,32,167,-135
229002870,70,9,61
235000066,542,71,471
235000067,176,142,34
235000072,24,78,-54
235000073,119,466,-347
235000074,52,77,-25
235000080,36,105,-69
235000081,104,179,-75
235000082,168,95,73
235000083,177,125,52
235000084,71,94,-23
235000085,136,110,26
235000089,83,38,45
235000092,36,183,-147
235000093,7,6,1
235000097,0,8,-8
235000098,74,11,63
235000099,44,25,19
235000116,80,16,64
235000117,808,10,798
235000133,11,460,-449
235000134,11,166,-155
235000206,10,2,8
235000207,5,7,-2
235000208,3,3,0
235000209,8,0,8
235000210,17,1,16
235000212,4,25,-21
235000213,0,6,-6
235000220,0,4,-4
235000221,87,47,40
235000238,12,80,-68
235000239,1,24,-23
235000242,325,551,-226
235000245,684,213,471
235000246,14,94,-80
235000284,35,132,-97
235000295,193,9,184
235000305,317,11,306
235000306,185,11,174
235000307,49,4,45
235000308,59,0,59
235000309,72,0,72
235000310,77,0,77
235000311,169,26,143
235000322,0,45,-45
235000323,0,62,-62
235000324,0,21,-21
235000325,1,18,-17
235000326,15,294,-279
235000351,3,66,-63
235000352,27,62,-35
235000353,3,40,-37
235000354,5,37,-32
235000355,15,59,-44
235000356,244,14,230
235000357,20,18,2
235000358,98,7,91
235000359,13,4,9
235000360,60,18,42
235000361,73,26,47
235000381,58,298,-240
235000382,118,72,46
235000390,5,6,-1
235000391,134,26,108
235000392,204,257,-53
235000393,175,173,2
235000395,108,75,33
235000396,393,110,283
235000400,86,47,39
235000401,33,224,-191
235000405,126,372,-246
235000406,49,390,-341
235000407,184,136,48
235000409,329,176,153
235000410,41,327,-286
235000411,1,82,-81
235000485,0,6,-6
235000486,7,0,7
235000549,120,139,-19
235000550,99,221,-122
235000599,166,104,62
235000600,6,9,-3
235000601,28,39,-11
235000602,185,118,67
235000614,2,4,-2
235000648,1,17,-16
235000649,53,13,40
235000685,3,11,-8
235000815,14,21,-7
235000834,0,10,-10
235000855,64,75,-11
235000862,26,190,-164
235000891,0,7,-7
235000892,71,51,20
235000901,192,98,94
235000907,11,11,0
235001010,81,105,-24
235001029,674,520,154
235001030,418,316,102
235001078,95,130,-35
235001079,85,151,-66
235001147,5,68,-63
235001166,37,119,-82
235001167,36,58,-22
235001169,16,315,-299
235001188,2,9,-7
235001189,1,1,0
235001197,11,13,-2
235001200,48,65,-17
235001207,206,25,181
235001210,38,152,-114
235001215,40,139,-99
235001239,2,63,-61
235001244,3,4,-1
235016267,0,90,-90
277101746,0,1,-1
277102712,0,0,0
277103813,0,0,0
277103814,0,0,0
277103898,0,2,-2
277104249,0,3,-3
277104250,0,6,-6
277104251,0,9,-9
277104252,0,2,-2
990011530,0,259,-259
990014944,1,750,-749
990015176,72,1,71
990015618,3,293,-290
990016032,1,526,-525
990032570,8,67,-59
990070001,80,2,78
990070103,0,2,-2
990070601,2,69,-67
990070751,1072,3,1069
990070766,0,585,-585
990071180,681,348,333
990071343,16,0,16
990071387,0,33,-33
990071823,522,1,521
990072600,0,906,-906
990072964,0,566,-566
990073285,0,2,-2
990074393,3,1117,-1114
990074870,1415,75,1340
990075106,1607,10,1597
990075746,580,7,573
990076437,1307,9,1298
990076458,3,1046,-1043
997000007,660,9,651
997000041,0,260,-260
997000058,50,0,50
997000062,65,1,64
997000069,0,4,-4
997000070,0,35,-35
997000100,45,1,44
997000141,20,3707,-3687
997000198,111,1895,-1784
998000475,2,47,-45
998000736,1,224,-223
998000965,0,9,-9
998001031,0,75,-75
998001700,0,36,-36
998001899,0,1,-1
998001900,8,3,5
998003073,2728,13,2715
998101900,0,0,0
998102850,0,210,-210
998501927,1235,553,682
998501929,99,3,96
998501930,76,0,76
998501931,126,3,123
998501932,13,0,13
998501933,70,2,68
998501937,1,4,-3
998501944,5,0,5
998501950,0,0,0
998501970,159,6,153
998501971,0,114,-114
998501973,0,82,-82
998501974,1,295,-294
998501975,259,3,256
998501976,201,1,200
998501977,0,29,-29
998501978,68,0,68
998501979,1,24,-23
998501980,218,21,197
998501981,48,14,34
998501982,0,101,-101
998501983,0,0,0
998502006,0,0,0
998502024,0,9,-9
998502032,0,2,-2
998502062,11,1,10
998502063,0,0,0
998502173,18,0,18
998502269,0,4,-4
998502546,2,182,-180
998601159,2,217,-215
998601292,1,35,-34
999033574,0,650,-650
999800001,41,7,34
999800002,0,0,0
999800003,6,1,5
999800004,0,5,-5
999800005,0,8,-8
