ID,insum,outsum,diff
100000001,706,1106,-400
100000002,3647,2909,738
100000003,7291,5856,1435
100000004,1376,1432,-56
100000005,2594,5666,-3072
100000006,642,194,448
100000007,1980,835,1145
100000008,202,685,-483
100000009,633,282,351
100000010,95,74,21
100000011,1280,170,1110
100000012,129,1045,-916
100000013,91,271,-180
100000014,547,305,242
100000015,2101,2557,-456
100000016,1026,1563,-537
100000017,661,1110,-449
100000018,1861,792,1069
100000019,4919,2538,2381
100000020,2857,7582,-4725
100000021,6218,2966,3252
100000022,1920,2929,-1009
100000023,6232,2245,3987
100000025,1773,1672,101
100000028,2054,1418,636
100000029,342,411,-69
100000030,301,77,224
100000031,4918,7573,-2655
100000032,2641,4230,-1589
100000033,1008,2765,-1757
100000034,463,685,-222
100000035,1966,1935,31
100000036,2425,1634,791
100000037,840,523,317
100000038,2382,1172,1210
100000039,893,702,191
100000040,250,177,73
100000041,1726,631,1095
100000042,1365,516,849
100000043,1317,549,768
100000044,494,988,-494
100000045,562,1356,-794
100000046,1239,992,247
100000047,390,649,-259
100000048,824,651,173
100000049,1727,1891,-164
100000051,499,966,-467
100000053,298,6,292
100000054,570,55,515
100000055,1529,323,1206
100000056,669,629,40
100000057,2337,805,1532
100000058,1201,1173,28
100000059,12,142,-130
100000060,437,376,61
100000061,2648,670,1978
100000062,2155,726,1429
100000063,1048,318,730
100000064,1585,407,1178
100000065,515,874,-359
100000066,200,610,-410
100000067,480,791,-311
100000068,560,1903,-1343
100000069,311,1470,-1159
100000072,317,995,-678
100000073,1260,1212,48
100000075,844,293,551
100000076,2511,3229,-718
100000077,271,250,21
100000078,49,36,13
100000079,77,63,14
100000080,42,77,-35
100000081,207,239,-32
100000102,2802,2479,323
100000103,3371,2040,1331
100000104,5211,3343,1868
100000105,2943,1905,1038
100000106,3071,2698,373
100000107,961,1356,-395
100000108,903,1514,-611
100000109,2598,1603,995
100000116,1599,1215,384
100000117,134,100,34
100000118,1707,1701,6
100000119,706,991,-285
100000121,503,506,-3
100000122,876,1150,-274
100000123,3692,4718,-1026
100000124,5262,7329,-2067
100000125,4076,2130,1946
100000126,792,503,289
100000127,1953,372,1581
100000128,1766,3286,-1520
100000129,659,524,135
100000130,527,645,-118
100000131,2699,3234,-535
100000132,1530,3951,-2421
100000133,5244,2597,2647
100000135,705,1427,-722
100000139,587,404,183
100000140,497,407,90
100000142,602,667,-65
100000143,827,430,397
100000144,3945,1032,2913
100000147,1320,3246,-1926
100000150,48,405,-357
100000151,1505,1344,161
100000153,296,526,-230
100000154,65,281,-216
100000155,25,70,-45
100000156,600,556,44
100000157,209,212,-3
100000158,384,132,252
100000159,279,784,-505
100000165,1726,986,740
100000169,411,705,-294
100000174,781,731,50
100000179,117,630,-513
100000180,4852,6040,-1188
100000181,871,375,496
100000188,84,380,-296
100000189,1462,541,921
100000190,1054,1290,-236
100000191,962,783,179
100000192,61,171,-110
100000193,391,251,140
100000330,1468,1012,456
100000355,293,953,-660
100000362,4611,3388,1223
100000363,4777,4773,4
100000364,304,333,-29
100000365,6578,8077,-1499
100000366,6929,3621,3308
100000367,6562,7409,-847
100000368,3039,1811,1228
100000369,1649,2399,-750
100000370,344,916,-572
100000376,146,230,-84
100000379,2453,2029,424
100000380,4896,4830,66
100000384,6022,5903,119
100000385,4557,5241,-684
100000386,8351,5597,2754
100000387,5742,6789,-1047
100000388,7693,7781,-88
100000389,8792,7463,1329
100000390,9482,7659,1823
100000391,7669,9668,-1999
100000392,4432,4672,-240
100000393,3686,5917,-2231
100000394,9305,10067,-762
100000395,7022,4978,2044
100000396,9543,4936,4607
100000397,6840,8090,-1250
100000398,12502,9392,3110
100900002,6,40,-34
100900003,526,216,310
100900004,48,1324,-1276
100900005,168,19,149
100900006,24,129,-105
100900007,682,26,656
100900008,8,437,-429
100900009,110,170,-60
100900010,91,88,3
100900011,126,183,-57
100900012,1,218,-217
100900013,1310,14,1296
100900014,0,26,-26
100900015,119,98,21
100900016,10,46,-36
100900017,897,89,808
100900018,0,15,-15
100900019,47,193,-146
100900020,417,9,408
100900021,440,0,440
100900022,41,43,-2
100900023,0,36,-36
100900024,981,22,959
100900025,34,12,22
100900026,153,118,35
100900027,796,3059,-2263
100900028,155,214,-59
100900029,89,15,74
100900030,1,105,-104
100900031,672,56,616
100900032,235,1,234
100900033,325,274,51
100900034,539,3,536
100900035,581,1,580
100900036,23,0,23
100900037,132,214,-82
100900038,108,51,57
100900039,289,635,-346
100900040,487,720,-233
100900041,994,669,325
100900042,1792,1832,-40
100900043,0,23,-23
100900044,2211,622,1589
100900045,34,1,33
100900046,1559,19,1540
100900047,1209,351,858
100900048,243,70,173
100900049,175,158,17
100900050,4,8,-4
100900051,115,157,-42
100900052,605,100,505
100900053,441,41,400
100900054,26,91,-65
100900055,447,794,-347
100900056,180,232,-52
100900057,1663,1273,390
100900058,327,98,229
100900059,143,5,138
100900060,251,6,245
100900061,379,277,102
100900062,11,63,-52
100900063,276,770,-494
100900064,850,30,820
100900065,127,97,30
100900066,158,192,-34
100900067,10,10,0
100900068,79,113,-34
100900069,530,11,519
100900070,410,5,405
100900071,849,306,543
100900072,2,52,-50
100900073,212,469,-257
100900074,5,18,-13
100900075,2015,433,1582
100900076,29,35,-6
100900077,43,91,-48
100900078,114,352,-238
100900079,15,43,-28
100900080,39,246,-207
100900081,53,145,-92
100900082,138,442,-304
100900083,25,50,-25
100900085,85,475,-390
100900086,176,944,-768
100900088,142,541,-399
100900089,10,31,-21
100900090,185,517,-332
100900091,5,35,-30
100900092,317,264,53
100900093,224,528,-304
100900094,123,443,-320
100900095,3,39,-36
100900096,127,141,-14
100900097,0,6,-6
100900098,52,27,25
100900099,57,570,-513
100900100,32,802,-770
100900101,330,66,264
100900102,130,203,-73
100900103,16,27,-11
100900104,10,187,-177
100900105,48,713,-665
100900106,54,11,43
100900107,2081,894,1187
100900108,10,87,-77
100900109,37,60,-23
100900110,0,40,-40
100900111,69,195,-126
100900112,14,29,-15
100900113,17,31,-14
100900114,17,32,-15
100900115,8,45,-37
100900116,1040,774,266
100900117,367,1019,-652
100900118,30,81,-51
100900119,22,19,3
100900120,7,8,-1
100900121,463,617,-154
100900122,253,190,63
100900123,117,193,-76
100900124,22,19,3
100900125,35,99,-64
100900126,216,260,-44
100900127,6,5,1
100900128,206,239,-33
100900129,2,270,-268
100900131,116,247,-131
100900133,66,43,23
100900134,5,6,-1
100900135,3,251,-248
100900137,353,248,105
100900138,579,544,35
100900139,15,6,9
100900140,6,524,-518
100900141,5,646,-641
100900142,5,20,-15
100900143,1052,529,523
100900144,24,9,15
100900145,276,217,59
100900146,13,138,-125
100900147,31,935,-904
100900148,40,552,-512
100900149,37,345,-308
100900150,9,76,-67
100900151,195,582,-387
100900152,668,10,658
100900153,4,226,-222
100900154,15,136,-121
100900155,41,44,-3
100900156,90,2,88
100900157,14,283,-269
100900158,1081,231,850
100900159,4,62,-58
100900160,36,14,22
100900161,123,7,116
100900162,21,638,-617
100900163,223,211,12
100900164,75,62,13
100900165,14,45,-31
100900166,50,5,45
100900167,35,90,-55
100900168,80,206,-126
100900169,149,1087,-938
100900170,106,11,95
100900171,34,537,-503
100900172,0,22,-22
100900173,7,423,-416
100900174,486,69,417
100900176,2014,262,1752
100900177,708,407,301
100900178,302,189,113
100900179,347,489,-142
100900180,1,3,-2
100900181,101,125,-24
100900182,147,29,118
100900184,13,260,-247
100900186,773,556,217
100900187,20,101,-81
100900188,61,15,46
100900189,2168,261,1907
100900191,1224,1178,46
100900192,334,431,-97
100900195,142,172,-30
100900197,75,56,19
100900198,51,239,-188
100900199,10,10,0
100900200,798,499,299
100900201,136,899,-763
100900202,80,2,78
100900203,0,263,-263
100900204,899,1725,-826
100900205,228,603,-375
100900206,155,110,45
100900207,361,179,182
100900210,107,474,-367
100900211,706,165,541
100900213,227,48,179
100900214,822,115,707
100900215,24,57,-33
100900217,15,11,4
101000001,4839,2662,2177
101000002,6385,7059,-674
101000003,546,1876,-1330
101000004,7873,7449,424
101000005,4630,5419,-789
101000006,6342,7308,-966
101000007,3057,4450,-1393
101000008,3384,2789,595
101000009,2086,1427,659
101000010,1031,1367,-336
101000011,1574,693,881
101000012,1519,930,589
101000013,720,1261,-541
101000014,669,849,-180
101000015,1421,1049,372
101000016,445,544,-99
101000017,778,568,210
101000018,3138,2745,393
101000020,2891,1302,1589
101000021,1018,489,529
101000022,284,132,152
101000023,1655,829,826
101000025,310,493,-183
101000026,380,44,336
101000027,2266,3016,-750
101000028,980,280,700
101000029,396,2321,-1925
101000030,2715,204,2511
101000031,1801,1411,390
101000032,11688,6278,5410
101000033,3148,4654,-1506
101000034,2841,2062,779
101000035,1417,699,718
101000036,2129,1339,790
101000037,3449,2322,1127
101000039,2828,3200,-372
101000040,3552,4117,-565
101000041,12743,10695,2048
101000042,797,1858,-1061
101000043,9364,10430,-1066
101000045,2336,1232,1104
101000046,5737,2525,3212
101000047,3560,5694,-2134
101000048,979,856,123
101000049,1028,2805,-1777
101000050,3232,3421,-189
101000051,2701,3599,-898
101000052,1921,1346,575
101000053,1362,1703,-341
101000054,2677,1638,1039
101000055,1712,1656,56
101000056,53,124,-71
101000057,2508,1337,1171
101000058,1436,1693,-257
101000059,2517,2391,126
101000060,2062,707,1355
101000061,1056,1564,-508
101000062,922,827,95
101000063,640,1051,-411
101000064,1057,1116,-59
101000065,519,572,-53
101000066,1186,1007,179
101000067,1546,1280,266
101000068,319,539,-220
101000069,390,133,257
101000070,1381,1480,-99
101000071,2336,1071,1265
101000072,969,4214,-3245
101000073,1131,1370,-239
101000074,8315,5320,2995
101000075,6387,7187,-800
101000077,1962,1455,507
101000078,1337,2164,-827
101000079,914,476,438
101000080,748,607,141
101000081,2063,1751,312
101000082,3464,3300,164
101000083,2986,2266,720
101000084,1445,924,521
101000085,1804,1375,429
101000086,1206,1184,22
101000087,1034,1024,10
101000088,1629,1267,362
101000089,1406,1715,-309
101000090,2024,1309,715
101000091,461,887,-426
101000092,1137,1053,84
101000093,1342,890,452
101000094,1240,974,266
101000095,557,561,-4
101000096,431,572,-141
101000097,517,521,-4
101000098,568,631,-63
101000099,1333,1395,-62
101000100,1317,1153,164
101000101,471,472,-1
101000102,900,598,302
101000103,1107,610,497
101000104,527,683,-156
101000105,704,623,81
101000106,989,1193,-204
101000107,347,338,9
101000108,937,342,595
101000109,363,74,289
101000110,67,542,-475
101000111,171,254,-83
101000113,302,850,-548
101000114,11973,9601,2372
101000115,188,161,27
101000116,204,165,39
101000117,1801,425,1376
101000119,72,88,-16
101000120,141,57,84
101000121,88,71,17
101000122,206,153,53
101000123,88,196,-108
101000124,800,364,436
101000125,270,523,-253
101000128,754,640,114
101000130,327,381,-54
101000131,985,565,420
101000132,701,1040,-339
101000135,76,63,13
101000136,650,263,387
101000137,41,390,-349
101000141,1475,3716,-2241
101000147,751,413,338
101000148,1367,48,1319
101000149,313,390,-77
101000150,102,789,-687
101000151,244,50,194
101000152,411,374,37
101000153,545,309,236
101000154,275,1049,-774
101000155,374,184,190
101000156,20,340,-320
101000157,42,26,16
101000160,90,53,37
101000163,313,365,-52
101000164,398,367,31
101000165,322,473,-151
101000166,342,470,-128
101000168,1029,541,488
101000252,2122,959,1163
101000254,612,156,456
101000258,44,4,40
101000261,173,52,121
101000262,1404,2604,-1200
101000263,503,1775,-1272
101000265,144,1048,-904
101000266,548,537,11
101000269,33,22,11
101000290,1378,3300,-1922
101000293,67,99,-32
101000294,917,535,382
101000295,164,493,-329
101000301,781,662,119
101000304,2144,2770,-626
101000305,2945,1590,1355
101900001,15,71,-56
101900002,0,16,-16
101900003,54,111,-57
101900004,11,73,-62
101900005,3494,2569,925
101900006,1250,94,1156
101900007,1046,413,633
101900008,125,406,-281
101900009,98,545,-447
101900010,841,586,255
101900011,344,1421,-1077
101900012,345,294,51
101900013,972,203,769
101900017,21,170,-149
101900018,1106,248,858
101900019,234,134,100
101900020,386,163,223
101900021,0,28,-28
101900022,131,1004,-873
101900023,136,210,-74
102000001,2874,5305,-2431
102000002,3057,1146,1911
102000003,3922,8979,-5057
102000004,7589,3695,3894
102000005,1494,2292,-798
102000006,1373,2033,-660
102000007,1944,5416,-3472
102000008,5054,1798,3256
102000009,7589,8951,-1362
102000010,5831,3884,1947
102000011,3706,3047,659
102000012,3590,3563,27
102000018,3093,2965,128
102000019,2762,1730,1032
102000026,279,692,-413
102000029,435,272,163
102000030,130,429,-299
102000031,80,151,-71
102000032,562,356,206
102000033,273,412,-139
102000034,743,466,277
102000035,1765,810,955
102000036,12,285,-273
102000037,196,58,138
102000038,258,411,-153
102000039,199,90,109
102000040,479,363,116
102000041,271,381,-110
102000042,333,392,-59
102000043,423,305,118
102000044,313,435,-122
102000045,829,931,-102
102000046,1282,614,668
102000047,988,1073,-85
102000048,416,769,-353
102000049,1162,884,278
102000050,1357,1382,-25
102000051,543,682,-139
102000052,1360,947,413
102000053,1060,1013,47
102000054,755,1089,-334
102000055,1450,586,864
102000056,1067,1178,-111
102000057,1845,717,1128
102000058,1586,1623,-37
102000059,1686,1589,97
102000060,1488,1154,334
102000061,1835,2022,-187
102000062,2015,1263,752
102000063,1298,1523,-225
102000064,618,824,-206
102000065,70,166,-96
102000066,992,958,34
102000067,2353,3416,-1063
102000068,9511,2864,6647
102000069,97,2030,-1933
102000070,1821,60,1761
102000071,7386,10156,-2770
102000072,3433,4287,-854
102000073,2218,1573,645
102000074,1213,1820,-607
102000075,234,435,-201
102000076,245,558,-313
102000077,739,744,-5
102000078,827,709,118
102000079,246,310,-64
102000080,320,316,4
102000081,510,876,-366
102000082,788,527,261
102000083,592,392,200
102000084,304,313,-9
102000085,2578,1097,1481
102000086,1403,1765,-362
102000087,1033,1739,-706
102000088,418,357,61
102000089,1412,496,916
102000090,895,1496,-601
102000091,1816,811,1005
102000092,403,907,-504
102000093,681,732,-51
102000094,1253,849,404
102000095,1318,1564,-246
102000096,1057,969,88
102000097,1199,1130,69
102000098,663,1033,-370
102000099,1192,945,247
102000100,916,1473,-557
102000101,1404,1001,403
102000102,352,1528,-1176
102000103,1926,593,1333
102000104,715,367,348
102000105,292,535,-243
102000106,918,643,275
102000107,1429,508,921
102000108,680,202,478
102000109,523,601,-78
102000110,1098,1212,-114
102000111,22,251,-229
102000112,220,125,95
102000113,30,32,-2
102000114,747,405,342
102000115,268,325,-57
102000116,793,727,66
102000117,324,1318,-994
102000118,1642,1257,385
102000119,1701,1285,416
102000120,246,641,-395
102000121,1169,735,434
102000122,844,1126,-282
102000123,1469,1480,-11
102000124,1686,1230,456
102000125,1174,1071,103
102000126,1137,931,206
102000127,1455,815,640
102000128,848,1098,-250
102000129,1597,922,675
102000130,743,1122,-379
102000131,2399,1007,1392
102000132,873,1545,-672
102000133,2123,1837,286
102000134,822,922,-100
102000135,1116,994,122
102000136,1501,627,874
102000137,1351,1459,-108
102000138,524,644,-120
102000139,274,734,-460
102000140,598,951,-353
102000141,1162,1509,-347
102000142,497,412,85
102000143,154,532,-378
102000144,361,474,-113
102000145,489,567,-78
102000146,535,456,79
102000147,638,533,105
102000148,258,482,-224
102000149,193,409,-216
102000150,487,126,361
102000151,109,307,-198
102000152,237,146,91
102000153,1165,565,600
102000154,343,620,-277
102000155,137,371,-234
102000156,360,222,138
102000157,130,466,-336
102000158,333,327,6
102000159,1115,556,559
102000161,3968,2594,1374
102000162,239,212,27
102000163,125,693,-568
102000164,1419,1447,-28
102000165,394,188,206
102000166,115,215,-100
102000167,292,233,59
102000168,338,172,166
102000169,162,586,-424
102000170,646,350,296
102000171,329,452,-123
102000172,327,535,-208
102000173,516,354,162
102000174,111,96,15
102000175,182,132,50
102000176,136,56,80
102000178,283,376,-93
102000179,391,240,151
102000180,1003,460,543
102000181,804,547,257
102000182,727,591,136
102000183,1755,1638,117
102000184,1873,825,1048
102000185,2893,1335,1558
102000186,1315,1815,-500
102000187,1141,1478,-337
102000188,1393,1458,-65
102000189,2643,904,1739
102000190,965,2949,-1984
102000191,1397,614,783
102000192,1305,1579,-274
102000193,57,150,-93
102000194,80,120,-40
102000195,469,483,-14
102000196,235,426,-191
102000197,704,488,216
102000198,189,905,-716
102000199,1058,424,634
102000200,314,1155,-841
102000201,1262,471,791
102000202,8,100,-92
102000203,361,230,131
102000204,526,663,-137
102000205,1142,437,705
102000206,684,604,80
102000207,734,480,254
102000208,433,482,-49
102000209,65,69,-4
102000210,442,352,90
102000211,562,330,232
102000212,359,25,334
102000213,7,291,-284
102000214,260,7,253
102000215,17,391,-374
102000216,72,67,5
102000217,5,150,-145
102000218,280,179,101
102000219,325,275,50
102000225,612,709,-97
102000226,4420,1581,2839
102000227,179,1,178
102000228,0,96,-96
102000229,58,76,-18
102000230,316,398,-82
102000231,309,446,-137
102000232,31,127,-96
102000233,500,794,-294
102000234,194,1347,-1153
102000236,414,77,337
102000237,428,178,250
102000238,184,314,-130
102000240,690,684,6
102000241,350,206,144
102000243,33,85,-52
102000245,49,97,-48
102000246,16,45,-29
102000247,322,590,-268
102000248,287,619,-332
102000249,200,177,23
102000250,93,378,-285
102000254,114,277,-163
102000266,75,544,-469
102000271,26,0,26
102000286,467,456,11
102000297,2015,1009,1006
102000299,0,0,0
102000301,0,0,0
102000302,0,0,0
102000303,0,0,0
102000304,0,0,0
102000305,0,0,0
102000306,0,0,0
102000307,0,7,-7
102000308,1,1,0
102900001,1248,874,374
102900002,453,74,379
102900003,73,231,-158
102900005,386,296,90
102900006,566,216,350
102900007,626,46,580
102900008,211,72,139
102900009,672,424,248
102900010,656,1000,-344
102900011,1820,429,1391
102900012,456,84,372
102900013,50,67,-17
102900015,920,710,210
102900016,79,132,-53
102900017,214,532,-318
102900018,59,113,-54
102900019,493,481,12
102900020,216,49,167
102900021,33,98,-65
102900022,595,188,407
102900023,29,40,-11
102900024,43,46,-3
102900025,216,127,89
102900026,522,1936,-1414
102900027,79,67,12
102900028,214,832,-618
102900029,233,213,20
102900030,394,268,126
102900031,208,156,52
102900032,111,148,-37
102900033,129,176,-47
102900034,570,115,455
102900035,149,362,-213
102900036,397,543,-146
102900037,356,567,-211
102900038,477,484,-7
102900039,58,640,-582
102900040,172,280,-108
102900041,100,173,-73
102900042,246,264,-18
102900043,174,240,-66
102900044,596,1772,-1176
102900045,164,507,-343
102900046,169,232,-63
102900047,145,611,-466
102900048,705,567,138
102900049,178,390,-212
102900050,240,295,-55
102900051,244,191,53
102900052,76,55,21
102900053,392,638,-246
102900054,806,1142,-336
102900055,157,222,-65
102900056,149,408,-259
102900057,7,64,-57
102900058,346,105,241
102900059,29,72,-43
102900060,139,494,-355
102900061,214,416,-202
102900062,316,893,-577
102900063,1320,359,961
102900064,185,489,-304
102900065,1340,510,830
102900066,379,51,328
102900068,128,109,19
102900070,318,713,-395
102900072,15,70,-55
102900073,127,5,122
102900074,235,273,-38
102900075,27,68,-41
102900076,207,131,76
102900077,82,42,40
102900078,40,72,-32
102900079,197,14,183
102900080,403,51,352
102900081,103,415,-312
102900082,11,265,-254
102900083,198,26,172
102900084,12,43,-31
102900085,432,149,283
102900086,18,85,-67
102900087,136,196,-60
102900088,47,56,-9
102900089,250,142,108
102900090,3,367,-364
102900091,200,5,195
102900092,495,800,-305
102900093,422,328,94
102900094,2,210,-208
102900095,178,2,176
102900096,54,24,30
102900097,4,114,-110
103000001,2618,2546,72
103000002,2231,2547,-316
103000003,3780,3149,631
103000004,868,773,95
103000005,1925,2855,-930
103000006,727,1423,-696
103000007,471,797,-326
103000008,1027,792,235
103000009,1178,1071,107
103000010,137,109,28
103000011,1598,1469,129
103000012,1693,1507,186
103000013,4255,2174,2081
103000014,1730,2760,-1030
103000015,1689,691,998
103000016,503,1363,-860
103000017,258,345,-87
103000018,847,365,482
103000019,340,372,-32
103000020,2363,1493,870
103000021,1891,1708,183
103000022,850,1104,-254
103000023,693,1741,-1048
103000024,79,133,-54
103000025,130,709,-579
103000026,1108,147,961
103000027,342,676,-334
103000028,470,417,53
103000029,288,303,-15
103000030,1700,1255,445
103000031,1599,2119,-520
103000032,2523,1807,716
103000033,3004,3007,-3
103000034,1663,1287,376
103000035,536,1468,-932
103000036,484,653,-169
103000037,731,619,112
103000038,647,1192,-545
103000039,496,365,131
103000040,453,902,-449
103000041,1562,2089,-527
103000042,1260,459,801
103000043,609,895,-286
103000044,314,212,102
103000046,448,462,-14
103000047,723,740,-17
103000048,173,219,-46
103000049,112,203,-91
103000050,805,558,247
103000051,629,565,64
103000052,796,381,415
103000053,213,642,-429
103000054,2845,1316,1529
103000055,1921,2281,-360
103000056,862,1411,-549
103000057,753,250,503
103000058,731,775,-44
103000059,508,898,-390
103000060,840,652,188
103000061,432,923,-491
103000062,1253,562,691
103000063,858,990,-132
103000064,130,205,-75
103000065,8,391,-383
103000066,218,8,210
103000069,372,326,46
103000070,982,849,133
103000071,1208,553,655
103000072,146,723,-577
103000073,617,136,481
103000074,728,120,608
103000075,195,647,-452
103000076,407,389,18
103000077,52,381,-329
103000078,1014,630,384
103000079,788,679,109
103000080,1219,396,823
103000081,560,1221,-661
103000082,569,236,333
103000083,155,257,-102
103000084,141,19,122
103000085,4,127,-123
103000086,632,435,197
103000087,195,651,-456
103000088,292,346,-54
103000089,338,465,-127
103000090,2101,817,1284
103000091,629,459,170
103000092,235,285,-50
103000093,315,415,-100
103000094,181,109,72
103000095,61,356,-295
103000096,723,107,616
103000097,92,881,-789
103000098,877,210,667
103000099,383,755,-372
103000100,146,691,-545
103000101,897,117,780
103000102,126,546,-420
103000103,705,156,549
103000104,53,114,-61
103000105,139,84,55
103000106,12,139,-127
103000107,216,73,143
103000108,799,622,177
103000109,433,445,-12
103000110,486,521,-35
103000111,566,492,74
103000112,375,200,175
103000113,792,627,165
103000114,1401,470,931
103000115,654,454,200
103000116,705,392,313
103000117,498,558,-60
103000118,663,734,-71
103000119,1083,623,460
103000120,38,168,-130
103000121,405,850,-445
103000122,490,695,-205
103000125,40,241,-201
103000126,755,7,748
103000127,3,155,-152
103000128,185,3,182
103000129,9,135,-126
103000130,86,43,43
103000131,217,118,99
103000132,99,184,-85
103000133,29,136,-107
103000134,632,934,-302
103000135,679,432,247
103000136,716,449,267
103000137,573,677,-104
103000138,933,901,32
103000139,28,84,-56
103000140,156,37,119
103000141,108,156,-48
103000142,204,79,125
103000143,77,209,-132
103000144,252,53,199
103000145,90,191,-101
103000150,127,41,86
103000152,174,262,-88
103000153,262,156,106
103000156,13,309,-296
103000157,487,3,484
103000159,163,60,103
103000162,109,33,76
103000163,21,60,-39
103000164,26,15,11
103000165,98,248,-150
103000166,250,243,7
103000167,211,121,90
103000168,115,162,-47
103000169,260,475,-215
103000170,868,455,413
103000171,81,114,-33
103000172,787,801,-14
103000173,646,407,239
103000174,209,360,-151
103000175,375,300,75
103000176,1028,642,386
103000177,534,378,156
103000178,271,266,5
103000179,178,64,114
103000183,134,21,113
103000185,73,51,22
103000186,126,141,-15
103000187,678,369,309
103000188,18,120,-102
103000189,790,741,49
103000191,669,731,-62
103000292,1587,1894,-307
103000293,1195,2503,-1308
103000295,99,94,5
103000296,408,2,406
103000297,122,154,-32
103000504,61,22,39
103000505,4,38,-34
103000506,8,183,-175
103000507,244,5,239
103000508,79,64,15
103000509,217,567,-350
103900001,2,179,-177
103900002,1152,179,973
103900003,1482,204,1278
103900004,170,0,170
103900005,5,213,-208
103900006,9,1,8
103900007,53,0,53
103900008,32,3,29
103900009,342,556,-214
103900010,166,469,-303
103900011,338,182,156
103900012,20,10,10
103900013,106,75,31
103900014,71,29,42
103900015,57,25,32
103900016,304,266,38
103900017,40,96,-56
103900018,580,204,376
103900019,89,330,-241
103900020,237,598,-361
103900021,536,97,439
103900022,1083,603,480
103900023,171,3,168
103900024,127,484,-357
103900025,9,33,-24
103900026,194,1,193
103900027,784,252,532
103900028,22,296,-274
103900029,1059,143,916
103900030,283,131,152
103900031,37,11,26
103900032,101,65,36
103900033,126,15,111
103900034,24,151,-127
103900035,75,57,18
103900036,53,34,19
103900037,87,97,-10
103900038,132,202,-70
103900039,83,265,-182
103900040,3,166,-163
103900041,81,72,9
103900042,52,294,-242
103900043,144,90,54
103900044,105,223,-118
103900045,361,215,146
103900047,93,39,54
103900048,46,36,10
103900049,191,1603,-1412
103900050,22,170,-148
103900051,1,31,-30
103900052,239,340,-101
103900053,187,542,-355
103900054,94,347,-253
103900055,462,211,251
103900056,49,60,-11
103900057,51,135,-84
103900058,313,591,-278
103900059,0,45,-45
103900060,39,143,-104
103900061,205,41,164
103900062,335,98,237
103900063,2,0,2
103900064,135,11,124
103900065,795,430,365
103900066,161,38,123
103900067,195,11,184
103900068,75,0,75
103900069,109,20,89
103900070,171,190,-19
103900071,14,142,-128
103900072,19,134,-115
103900073,26,28,-2
103900074,85,76,9
103900075,184,77,107
103900076,563,502,61
103900077,64,105,-41
103900078,570,136,434
103900079,209,229,-20
103900080,12,53,-41
103900081,55,20,35
103900082,17,179,-162
103900083,1267,1108,159
103900084,72,204,-132
103900085,105,174,-69
103900086,760,526,234
103900087,24,94,-70
103900088,367,622,-255
103900089,56,151,-95
103900090,2,123,-121
103900091,1178,270,908
103900092,691,565,126
103900093,94,307,-213
103900094,14,103,-89
103900095,341,251,90
103900096,47,146,-99
103900097,7,458,-451
103900098,270,152,118
103900099,109,98,11
103900100,243,331,-88
103900101,138,936,-798
103900102,14,47,-33
103900104,4,29,-25
103900105,86,229,-143
103900106,0,144,-144
103900107,155,160,-5
103900108,55,301,-246
103900109,149,80,69
103900110,263,65,198
103900111,117,562,-445
103900112,124,211,-87
103900113,132,216,-84
103900114,432,250,182
103900115,360,263,97
103900116,5071,2862,2209
103900117,131,74,57
103900119,61,128,-67
103900120,52,87,-35
103900122,116,271,-155
103900123,1293,735,558
103900124,64,112,-48
103900125,109,53,56
103900126,511,380,131
103900127,235,529,-294
103900128,264,285,-21
103900131,21,74,-53
103900133,1051,118,933
103900134,1,1,0
103900135,9,13,-4
103900137,0,42,-42
103900138,108,260,-152
103900139,200,2175,-1975
103900140,14,130,-116
103900141,326,61,265
103900142,245,191,54
103900143,66,2,64
103900144,1,67,-66
103900145,226,276,-50
103900146,307,247,60
103900147,299,144,155
103900148,252,324,-72
103900149,357,694,-337
103900150,6575,4179,2396
103900151,46,160,-114
103900152,572,450,122
103900153,9,2,7
103900154,1039,1674,-635
103900155,67,220,-153
103900156,66,160,-94
103900157,55,196,-141
103900158,122,157,-35
103900159,163,79,84
103900160,73,38,35
103900161,115,160,-45
103900162,58,252,-194
103900163,20,411,-391
103900164,256,44,212
103900167,30,105,-75
103900168,130,141,-11
103900169,55,42,13
103900170,11,88,-77
103900171,1,47,-46
103900172,7,28,-21
103900173,3,21,-18
103900174,260,86,174
103900175,74,81,-7
103900176,11,39,-28
103900177,8,65,-57
103900178,76,73,3
103900179,51,142,-91
103900180,6,91,-85
103900181,58,68,-10
103900182,42,22,20
103900184,474,126,348
103900185,135,382,-247
103900187,21,89,-68
103900188,39,41,-2
103900189,115,8,107
103900190,85,46,39
103900191,18,48,-30
103900192,27,91,-64
103900193,171,216,-45
103900194,72,253,-181
103900195,8,88,-80
103900196,167,64,103
103900197,19,41,-22
103900198,18,63,-45
103900199,145,61,84
103900200,210,119,91
103900201,169,216,-47
103900202,59,66,-7
103900203,43,29,14
103900204,0,73,-73
103900207,1,98,-97
103900208,138,0,138
103900209,13,109,-96
103900210,38,40,-2
103900211,553,305,248
103900212,144,417,-273
103900213,78,237,-159
103900214,365,220,145
103900215,387,290,97
103900216,32,687,-655
103900217,468,46,422
103900218,1,340,-339
103900219,192,297,-105
103900233,133,5,128
103900235,37,26,11
103900236,20,5,15
103900242,6,10,-4
103900243,10,5,5
103900244,137,234,-97
103900245,115,184,-69
103900246,47,41,6
103900247,15,67,-52
103900248,22,109,-87
103900249,39,77,-38
103900250,31,30,1
103900251,8,45,-37
103900253,10,112,-102
103900254,7,27,-20
103900255,5,22,-17
103900256,17,23,-6
103900257,50,124,-74
103900258,46,6,40
103900259,103,14,89
103900261,5,2,3
103900262,31,8,23
103900263,29,50,-21
103900264,80,40,40
103900265,149,19,130
103900266,3,101,-98
103900267,10,66,-56
103900268,1,6,-5
103900269,28,32,-4
103900270,20,15,5
104000001,2277,1939,338
104000002,1683,2431,-748
104000003,2420,2000,420
104000004,2634,2649,-15
104000005,1556,1821,-265
104000006,3163,2490,673
104000007,4246,4202,44
104000008,219,252,-33
104000009,218,126,92
104000010,197,305,-108
104000011,408,262,146
104000012,169,284,-115
104000013,241,220,21
104000014,234,510,-276
104000015,398,134,264
104000016,571,343,228
104000018,913,143,770
104000019,718,225,493
104000020,154,492,-338
104000021,236,474,-238
104000022,121,234,-113
104000023,709,320,389
104000024,232,369,-137
104000026,49,293,-244
104000027,246,245,1
104000028,376,253,123
104000029,367,345,22
104000030,255,244,11
104000031,1374,367,1007
104000032,249,235,14
104000033,779,539,240
104000034,360,275,85
104000035,938,331,607
104000036,755,534,221
104000037,341,227,114
104000038,481,300,181
104000039,252,219,33
104000040,267,341,-74
104000041,612,313,299
104000042,210,308,-98
104000043,237,281,-44
104000044,258,502,-244
104000045,961,960,1
104000046,1082,1405,-323
104000047,1048,1140,-92
104000048,1075,1511,-436
104000049,587,322,265
104000050,259,722,-463
104000051,134,577,-443
104000052,1426,1531,-105
104000053,732,490,242
104000054,589,390,199
104000055,3870,2660,1210
104000056,1234,221,1013
104000057,129,494,-365
104000058,875,630,245
104000059,533,925,-392
104000060,1145,1182,-37
104000061,1251,1135,116
104000062,378,118,260
104000064,524,323,201
104000065,259,724,-465
104000069,1074,1149,-75
104000070,83,530,-447
104000071,145,436,-291
104000072,613,218,395
104000075,159,336,-177
104000076,501,165,336
104000082,2376,3275,-899
104000083,871,210,661
104000084,108,593,-485
104000085,328,400,-72
104000086,303,455,-152
104000087,405,2278,-1873
104000090,799,965,-166
104000092,1375,1890,-515
104000094,905,1439,-534
104000095,1657,1223,434
104000096,1710,236,1474
104000097,1860,744,1116
104000098,2366,948,1418
104000100,1809,570,1239
104000101,1191,1588,-397
104000106,77,588,-511
104000107,680,410,270
104000108,278,532,-254
104000109,318,93,225
104000110,800,1082,-282
104000111,3967,2739,1228
104000112,2344,570,1774
104000116,4,998,-994
104000117,176,511,-335
104000118,733,234,499
104000119,649,231,418
104000120,305,701,-396
104000121,215,715,-500
104000122,659,729,-70
104000123,742,900,-158
104000124,953,2064,-1111
104000125,3341,4484,-1143
104000126,541,434,107
104000127,1302,2537,-1235
104000128,672,471,201
104000129,482,26,456
104000130,20,282,-262
104000131,499,402,97
104000132,408,509,-101
104000133,1452,939,513
104000134,1176,1802,-626
104000135,496,2184,-1688
104000136,920,4462,-3542
104000137,1753,587,1166
104000138,1145,380,765
104000139,6050,3219,2831
104000141,1064,1420,-356
104000142,698,694,4
104000143,634,510,124
104000144,110,210,-100
104000145,390,219,171
104000146,267,604,-337
104000147,145,262,-117
104000148,414,207,207
104000149,191,221,-30
104000150,1209,565,644
104000151,401,395,6
104000152,653,621,32
104000153,717,575,142
104000154,942,534,408
104000155,540,527,13
104000157,1090,1358,-268
104000158,583,790,-207
104000159,1030,734,296
104000160,1900,1922,-22
104000161,192,192,0
104000162,67,136,-69
104000165,1000,1053,-53
104000167,685,948,-263
104000168,538,10,528
104000169,147,37,110
104000170,472,651,-179
104000248,306,614,-308
104000251,58,232,-174
104000272,0,0,0
104000273,0,0,0
104000274,0,0,0
104000275,0,0,0
104000279,767,449,318
104000290,114,273,-159
104000291,512,1134,-622
104000293,796,687,109
104000294,58,0,58
104000295,588,801,-213
104000296,359,653,-294
104000297,873,1877,-1004
104000298,1877,941,936
104000299,737,1388,-651
104900001,196,328,-132
104900002,68,205,-137
104900003,60,296,-236
104900004,100,235,-135
104900005,260,276,-16
104900006,397,120,277
104900007,325,244,81
104900009,143,299,-156
104900010,121,86,35
104900011,40,23,17
104900012,320,31,289
104900013,190,13,177
104900014,2528,376,2152
104900015,84,11,73
104900016,255,241,14
104900017,230,206,24
104900018,11,166,-155
104900019,329,3033,-2704
104900020,48,293,-245
104900021,1,144,-143
104900022,14,108,-94
104900023,0,93,-93
104900024,18,84,-66
104900025,44,274,-230
104900026,7,82,-75
104900027,622,288,334
104900028,27,68,-41
104900029,45,83,-38
104900030,530,221,309
104900031,86,212,-126
104900032,44,126,-82
104900033,222,301,-79
104900034,353,198,155
104900035,379,252,127
104900036,217,82,135
104900037,118,227,-109
104900038,551,840,-289
104900039,705,528,177
104900040,519,101,418
104900041,280,181,99
104900042,136,323,-187
104900043,23,210,-187
104900044,633,264,369
104900045,397,62,335
104900046,213,153,60
104900047,347,143,204
104900048,326,68,258
104900049,64,57,7
104900050,269,148,121
104900051,255,59,196
104900052,90,8,82
104900053,494,126,368
104900054,201,52,149
104900055,154,1,153
104900056,176,15,161
104900057,60,1,59
104900058,1135,828,307
104900059,284,86,198
104900060,1,443,-442
104900061,231,459,-228
104900063,3,133,-130
104900064,0,88,-88
104900065,0,185,-185
104900066,1,141,-140
104900067,6,296,-290
104900068,25,184,-159
104900070,180,255,-75
104900071,0,468,-468
104900072,55,237,-182
104900073,130,202,-72
104900074,79,199,-120
104900075,96,50,46
104900076,84,229,-145
104900077,1053,322,731
104900078,220,441,-221
104900079,160,486,-326
104900080,130,459,-329
104900082,24,335,-311
104900085,3,143,-140
104900087,403,9,394
104900089,241,1,240
104900090,1036,753,283
104900091,530,736,-206
104900093,274,472,-198
104900097,2497,2445,52
104900098,123,43,80
104900099,110,570,-460
104900100,495,271,224
104900102,21,175,-154
104900103,496,74,422
104900104,3031,2257,774
104900106,86,113,-27
104900107,184,229,-45
104900108,77,229,-152
104900109,117,286,-169
104900110,12,62,-50
104900111,228,144,84
104900112,304,642,-338
104900113,793,346,447
104900114,416,522,-106
104900115,750,414,336
104900116,248,171,77
104900118,25,82,-57
104900119,9,59,-50
104900120,40,259,-219
104900121,0,89,-89
104900122,4,77,-73
104900123,86,14,72
104900124,81,3,78
104900125,487,9,478
104900126,70,66,4
104900127,42,74,-32
104900128,119,206,-87
104900129,1791,2027,-236
105000001,2762,1529,1233
105000002,2358,1680,678
105000003,3332,3758,-426
105000004,629,900,-271
105000005,913,1183,-270
105000006,1562,1647,-85
105000007,1328,1575,-247
105000008,1888,3376,-1488
105000009,2325,3262,-937
105000010,2602,1987,615
105000011,3879,2847,1032
105000012,3693,2876,817
105000013,1125,990,135
105000014,2081,2760,-679
105000015,11006,15937,-4931
105000016,3046,2645,401
105000017,1731,1057,674
105000018,1379,1589,-210
105000019,1276,875,401
105000020,175,449,-274
105000021,230,121,109
105000022,286,104,182
105000023,650,422,228
105000028,95,109,-14
105000029,669,1480,-811
105000030,3991,2667,1324
105000033,1013,1926,-913
105000034,163,1023,-860
105000037,721,318,403
105000038,2442,1927,515
105000039,3016,1995,1021
105000040,1056,1310,-254
105000041,654,1549,-895
105000042,5228,2177,3051
105000043,1981,3034,-1053
105000044,794,598,196
105000045,430,786,-356
105000046,1246,420,826
105000047,503,1085,-582
105000048,554,203,351
105000049,221,430,-209
105000050,669,337,332
105000051,154,408,-254
105000052,572,841,-269
105000053,102,158,-56
105000054,348,834,-486
105000055,725,394,331
105000056,1305,1854,-549
105000057,1118,827,291
105000058,1331,1211,120
105000059,756,590,166
105000060,487,616,-129
105000061,708,510,198
105000062,628,806,-178
105000063,363,463,-100
105000064,1564,760,804
105000065,314,553,-239
105000066,1265,1396,-131
105000067,1591,767,824
105000068,443,903,-460
105000069,1788,1834,-46
105000070,588,1028,-440
105000071,282,860,-578
105000072,789,2111,-1322
105000073,935,759,176
105000074,1242,763,479
105000075,520,901,-381
105000076,1210,1088,122
105000077,2810,1258,1552
105000078,1456,1396,60
105000079,1435,3198,-1763
105000080,2334,1714,620
105000081,3580,1422,2158
105000082,1196,2037,-841
105000083,4918,4272,646
105000084,544,768,-224
105000085,1734,2281,-547
105000086,584,819,-235
105000087,1496,1812,-316
105000088,1443,1636,-193
105000089,3318,2244,1074
105000090,1027,879,148
105000091,1265,1567,-302
105000092,751,898,-147
105000093,346,272,74
105000094,343,254,89
105000095,125,449,-324
105000096,1178,1127,51
105000097,990,806,184
105000098,986,766,220
105000099,860,762,98
105000100,1474,1064,410
105000101,1837,2165,-328
105000102,2667,1530,1137
105000103,1777,2914,-1137
105000104,2036,1060,976
105000105,1113,1917,-804
105000106,1647,1925,-278
105000107,1644,1158,486
105000108,2097,1752,345
105000109,1829,1789,40
105000110,868,609,259
105000111,782,603,179
105000112,1432,734,698
105000113,484,713,-229
105000114,2718,1115,1603
105000115,333,1067,-734
105000116,766,542,224
105000117,863,813,50
105000118,756,602,154
105000119,785,1044,-259
105000120,1153,633,520
105000121,902,1057,-155
105000122,389,646,-257
105000123,938,1194,-256
105000124,1974,707,1267
105000125,851,1689,-838
105000126,2130,1639,491
105000127,2346,1868,478
105000128,645,895,-250
105000129,1006,319,687
105000130,411,2943,-2532
105000131,757,359,398
105000132,949,695,254
105000133,461,1021,-560
105000134,743,574,169
105000135,415,574,-159
105000136,77,104,-27
105000137,404,336,68
105000138,83,105,-22
105000139,1123,890,233
105000140,273,387,-114
105000141,309,565,-256
105000142,231,425,-194
105000143,332,657,-325
105000144,246,815,-569
105000145,760,384,376
105000146,422,865,-443
105000147,663,339,324
105000148,1344,667,677
105000149,2656,2219,437
105000150,2091,1519,572
105000151,416,414,2
105000152,166,480,-314
105000153,522,646,-124
105000154,698,564,134
105000155,369,958,-589
105000156,961,737,224
105000157,881,1797,-916
105000158,1953,689,1264
105000159,266,1001,-735
105000160,1872,572,1300
105000161,641,979,-338
105000162,632,1556,-924
105000163,1034,775,259
105000164,256,248,8
105000165,875,5137,-4262
105000166,5161,952,4209
105000167,1843,1669,174
105000168,381,568,-187
105000169,610,264,346
105000170,263,1265,-1002
105000171,993,263,730
105000172,169,41,128
105000173,168,23,145
105000174,89,39,50
105000175,116,152,-36
105000176,501,121,380
105000177,316,178,138
105000178,148,544,-396
105000179,589,188,401
105000180,199,156,43
105000181,132,314,-182
105000182,79,60,19
105000183,2237,1851,386
105000184,1291,1396,-105
105000185,1741,1204,537
105000186,569,785,-216
105000187,1062,297,765
105000188,420,186,234
105000189,196,524,-328
105000190,323,387,-64
105000191,457,360,97
105000192,412,65,347
105000193,107,199,-92
105000194,359,130,229
105000195,310,852,-542
105000196,82,252,-170
105000197,289,591,-302
105000198,619,373,246
105000199,338,635,-297
105000200,179,337,-158
105000201,127,47,80
105000203,19,193,-174
105000204,93,90,3
105000205,105,189,-84
105000207,668,252,416
105000208,301,864,-563
105000209,204,394,-190
105000212,1224,1222,2
105000213,190,215,-25
105000214,172,255,-83
105000215,352,155,197
105000216,154,301,-147
105000217,132,272,-140
105000218,1354,1033,321
105000221,189,182,7
105000222,534,100,434
105000223,326,172,154
105000226,96,258,-162
105000227,123,163,-40
105000228,280,2253,-1973
105000229,138,538,-400
105000231,372,322,50
105000233,909,705,204
105000234,449,1280,-831
105000235,405,514,-109
105000237,775,81,694
105000243,32,174,-142
105000248,68,103,-35
105000262,335,1229,-894
105000269,157,169,-12
105000270,364,55,309
105000271,1,217,-216
105000282,52,50,2
105000287,394,125,269
105000288,493,416,77
105000289,2846,2112,734
105000290,29,7,22
105000402,3720,4863,-1143
105000426,565,740,-175
105000438,3763,1694,2069
105000446,12302,6436,5866
105000447,7389,3309,4080
105000454,534,330,204
105000455,295,168,127
105000474,66,1,65
105000477,445,600,-155
105000478,1962,4765,-2803
105000479,152,103,49
105000480,9409,7017,2392
105000481,5257,3773,1484
105000482,5462,8014,-2552
105000483,1765,2121,-356
105000484,2392,3137,-745
105000485,1883,3483,-1600
105000486,3623,2551,1072
105000488,9221,5587,3634
105000489,931,838,93
105000549,121,114,7
105000550,593,1668,-1075
105000551,47,127,-80
105000552,2325,1601,724
105900001,8,1942,-1934
105900002,1528,632,896
105900003,19,116,-97
105900004,314,150,164
105900005,7,186,-179
105900006,29,135,-106
105900007,196,44,152
105900008,89,492,-403
105900009,30,19,11
105900011,446,89,357
105900012,744,181,563
105900013,3,29,-26
105900014,18,87,-69
105900015,195,406,-211
105900016,509,671,-162
105900017,1242,34,1208
105900018,217,172,45
105900019,66,497,-431
105900020,48,58,-10
105900021,47,756,-709
105900022,319,171,148
105900023,7,230,-223
105900024,12,283,-271
105900025,361,40,321
105900026,257,22,235
105900027,11915,9390,2525
105900028,884,341,543
105900029,1643,401,1242
105900030,211,298,-87
105900031,403,162,241
105900032,104,133,-29
105900033,113,125,-12
105900034,229,232,-3
105900035,204,179,25
105900036,124,146,-22
105900037,80,64,16
105900038,214,204,10
105900039,157,104,53
105900040,67,109,-42
105900041,155,199,-44
105900042,59,153,-94
105900043,1359,104,1255
105900044,7,247,-240
105900045,10,769,-759
105900046,8,264,-256
105900047,14,69,-55
105900048,77,463,-386
105900050,8032,6207,1825
105900051,96,1155,-1059
105900052,669,336,333
105900053,2756,2987,-231
105900054,359,214,145
105900056,921,411,510
105900057,101,193,-92
105900058,24,19,5
105900059,0,46,-46
106000001,4721,2514,2207
106000002,2476,5635,-3159
106000003,3004,3514,-510
106000004,1582,2728,-1146
106000005,3408,5603,-2195
106000006,5440,3834,1606
106000007,547,609,-62
106000008,486,354,132
106000009,569,427,142
106000010,674,568,106
106000011,1157,1043,114
106000012,886,1268,-382
106000013,1854,2140,-286
106000014,1900,1512,388
106000015,1787,1388,399
106000016,1250,1867,-617
106000017,523,678,-155
106000018,595,452,143
106000019,458,377,81
106000020,370,290,80
106000021,305,442,-137
106000022,361,183,178
106000023,603,319,284
106000024,588,450,138
106000025,97,210,-113
106000026,101,155,-54
106000027,1384,1260,124
106000028,612,438,174
106000029,697,1013,-316
106000030,610,610,0
106000034,238,552,-314
106000035,882,1865,-983
106000036,325,521,-196
106000037,1922,1397,525
106000038,442,144,298
106000039,171,123,48
106000040,157,1028,-871
106000041,645,648,-3
106000043,525,281,244
106000046,340,75,265
106000047,55,479,-424
106000049,893,205,688
106000050,291,680,-389
106000051,733,518,215
106000052,153,555,-402
106000053,429,150,279
106000054,392,450,-58
106000055,1102,902,200
106000056,297,349,-52
106000057,376,219,157
106000058,145,191,-46
106000059,335,264,71
106000060,363,466,-103
106000061,216,519,-303
106000062,181,539,-358
106000063,736,539,197
106000064,40,365,-325
106000065,346,352,-6
106000066,106,296,-190
106000067,352,90,262
106000068,57,591,-534
106000069,275,80,195
106000070,429,765,-336
106000071,1094,385,709
106000072,2671,1621,1050
106000073,1486,2654,-1168
106000074,574,594,-20
106000075,313,1337,-1024
106000076,1879,2151,-272
106000077,3464,1301,2163
106000078,1138,865,273
106000079,678,997,-319
106000080,1275,616,659
106000081,722,1063,-341
106000082,2297,918,1379
106000083,399,1400,-1001
106000084,1294,682,612
106000085,1410,1529,-119
106000086,652,891,-239
106000087,1046,576,470
106000088,414,764,-350
106000089,1076,334,742
106000090,276,619,-343
106000091,260,465,-205
106000092,705,263,442
106000093,310,146,164
106000094,78,227,-149
106000095,869,732,137
106000096,815,570,245
106000097,1292,751,541
106000098,726,875,-149
106000099,254,871,-617
106000100,1687,240,1447
106000101,2347,476,1871
106000102,332,820,-488
106000103,313,557,-244
106000104,939,474,465
106000105,506,618,-112
106000106,568,429,139
106000107,176,247,-71
106000108,216,286,-70
106000109,178,196,-18
106000110,282,277,5
106000111,211,311,-100
106000112,181,484,-303
106000113,699,491,208
106000114,447,559,-112
106000115,247,361,-114
106000116,207,214,-7
106000117,1105,647,458
106000118,1257,1305,-48
106000119,1469,1018,451
106000120,929,1113,-184
106000121,172,147,25
106000122,78,171,-93
106000123,525,126,399
106000124,65,170,-105
106000125,21,228,-207
106000126,309,96,213
106000127,807,742,65
106000128,691,177,514
106000129,497,482,15
106000130,752,293,459
106000131,145,606,-461
106000132,624,145,479
106000133,1822,1033,789
106000134,519,2585,-2066
106000135,219,556,-337
106000136,584,967,-383
106000137,93,701,-608
106000138,1091,98,993
106000139,79,132,-53
106000140,40,37,3
106000141,104,61,43
106000142,128,67,61
106000143,33,47,-14
106000144,30,63,-33
106000145,252,260,-8
106000146,344,180,164
106000147,422,395,27
106000148,516,736,-220
106000149,576,316,260
106000150,449,1694,-1245
106000151,3261,713,2548
106000152,1361,1767,-406
106000153,82,1555,-1473
106000154,1431,215,1216
106000155,112,227,-115
106000156,929,303,626
106000157,701,1511,-810
106000158,2138,917,1221
106000159,2795,1891,904
106000160,443,2645,-2202
106000161,1410,370,1040
106000162,301,831,-530
106000163,398,335,63
106000164,395,292,103
106000165,223,379,-156
106000166,681,332,349
106000167,434,866,-432
106000168,459,240,219
106000169,260,512,-252
106000170,811,261,550
106000171,216,1121,-905
106000172,2879,1261,1618
106000173,1244,2517,-1273
106000174,1155,375,780
106000175,335,871,-536
106000176,1590,865,725
106000177,729,2272,-1543
106000178,3333,1619,1714
106000179,1161,2190,-1029
106000180,822,1219,-397
106000181,807,1883,-1076
106000182,1348,764,584
106000183,1298,539,759
106000184,2063,659,1404
106000185,1156,1436,-280
106000186,905,162,743
106000187,216,956,-740
106000188,2,8,-6
106000189,56,77,-21
106000190,27,1,26
106000191,632,186,446
106000192,1,28,-27
106000193,411,209,202
106000194,206,481,-275
106000195,858,344,514
106000196,321,765,-444
106000197,683,405,278
106000198,175,223,-48
106000199,707,757,-50
106000200,244,241,3
106000201,427,2620,-2193
106000202,3662,606,3056
106000203,57,143,-86
106000204,68,3,65
106000205,4,106,-102
106000206,99,27,72
106000207,43,969,-926
106000208,1427,141,1286
106000209,1631,374,1257
106000210,783,914,-131
106000211,342,984,-642
106000212,922,462,460
106000213,725,2147,-1422
106000214,2664,883,1781
106000215,277,512,-235
106000216,274,333,-59
106000217,345,365,-20
106000218,504,407,97
106000219,163,225,-62
106000220,469,241,228
106000221,151,234,-83
106000222,61,101,-40
106000223,250,104,146
106000224,191,220,-29
106000225,94,119,-25
106000226,128,209,-81
106000228,62,90,-28
106000229,52,697,-645
106000231,960,137,823
106000232,48,362,-314
106000233,651,97,554
106000234,80,246,-166
106000235,416,116,300
106000236,107,60,47
106000237,2,17,-15
106000238,8,13,-5
106000239,10,96,-86
106000240,92,3,89
106000241,22,520,-498
106000242,267,41,226
106000249,56,79,-23
106000250,76,522,-446
106000251,84,21,63
106000252,15,98,-83
106000253,45,86,-41
106000254,48,47,1
106000255,24,185,-161
106000256,51,54,-3
106000257,148,255,-107
106000258,159,20,139
106000259,3,70,-67
106000260,33,1,32
106000261,2,41,-39
106000262,98,15,83
106000263,7,59,-52
106000264,236,5,231
106000265,12,184,-172
106000266,169,23,146
106000267,4,106,-102
106000268,534,49,485
106000269,64,58,6
106000270,99,504,-405
106000271,87,215,-128
106000272,198,62,136
106000273,8,252,-244
106000274,132,46,86
106000275,134,304,-170
106000276,205,37,168
106000277,93,314,-221
106000278,194,37,157
106000279,17,32,-15
106000280,100,57,43
106000281,74,59,15
106000282,64,82,-18
106000283,140,52,88
106000284,56,104,-48
106000285,101,91,10
106000286,91,102,-11
106000287,129,55,74
106000288,71,122,-51
106000289,117,43,74
106000290,40,85,-45
106000291,135,86,49
106000292,76,80,-4
106000293,152,75,77
106000294,119,117,2
106000295,88,52,36
106000296,60,99,-39
106000297,84,226,-142
106000298,82,71,11
106000299,81,144,-63
106000300,83,127,-44
106000301,59,121,-62
106000303,21,54,-33
106000304,27,38,-11
106000305,58,56,2
106000306,32,43,-11
106000307,102,26,76
106000308,30,93,-63
106000309,41,74,-33
106000310,296,424,-128
106000311,345,198,147
106000312,102,134,-32
106000313,208,203,5
106000318,187,483,-296
106000319,935,263,672
106000320,1,89,-88
106000321,424,161,263
106000322,138,161,-23
106000324,18,130,-112
106000325,1674,951,723
106000326,982,1646,-664
106000327,171,108,63
106000328,91,105,-14
106000329,212,289,-77
106000330,68,104,-36
106000428,89,147,-58
106000429,121,413,-292
106000430,366,1030,-664
106000431,2029,364,1665
106000432,1615,2549,-934
106000433,2325,1301,1024
106000434,3083,1554,1529
106000435,1408,2359,-951
106000436,14,196,-182
106000437,322,53,269
106000438,410,188,222
106000439,92,455,-363
106000440,294,500,-206
106000441,1,1,0
106000442,133,7,126
106000443,150,271,-121
106000450,2,154,-152
106000451,24,65,-41
106000454,2,96,-94
106000455,12,182,-170
106000456,92,36,56
106000457,15,756,-741
106000458,809,90,719
106000459,124,335,-211
106000460,1770,35,1735
106000461,72,995,-923
106000462,3,17,-14
106000463,0,16,-16
106000464,4,434,-430
106000465,716,4,712
106000466,6,433,-427
106000467,300,447,-147
106000468,68,128,-60
106000469,159,0,159
106000470,350,1636,-1286
106000471,35,495,-460
106000472,168,24,144
106000473,49,13,36
106000474,226,413,-187
106000475,242,170,72
106000476,131,238,-107
106000477,26,36,-10
106900001,0,14,-14
106900002,3,347,-344
106900003,205,1283,-1078
106900004,1,24,-23
106900006,0,7,-7
106900007,0,2,-2
106900008,356,155,201
106900009,349,258,91
106900010,305,229,76
106900012,1416,2596,-1180
106900013,895,145,750
106900014,25,7,18
106900015,23,2,21
106900016,289,18,271
106900017,16,3,13
106900018,9,0,9
106900019,62,3,59
106900020,2480,1494,986
106900021,135,66,69
106900022,782,1,781
106900023,109,293,-184
106900024,932,57,875
106900025,43,644,-601
106900026,2,395,-393
106900027,791,6,785
107000001,4590,4731,-141
107000002,3457,5102,-1645
107000003,6312,7073,-761
107000004,4781,4819,-38
107000005,4689,5538,-849
107000006,3804,4147,-343
107000007,6629,11007,-4378
107000008,11895,8345,3550
107000009,8315,8468,-153
107000010,9939,9613,326
107000011,1121,1441,-320
107000012,3777,2917,860
107000013,76,94,-18
107000014,41,205,-164
107000015,534,759,-225
107000016,939,771,168
107000017,5665,3565,2100
107000018,104,2934,-2830
107000020,3892,3782,110
107000021,1819,550,1269
107000022,1501,2417,-916
107000023,2028,271,1757
107000024,814,1504,-690
107000025,268,414,-146
107000026,340,470,-130
107000027,1576,1160,416
107000028,1724,1333,391
107000029,3611,3186,425
107000030,3333,3077,256
107000031,4285,2971,1314
107000032,586,913,-327
107000033,2969,5666,-2697
107000034,4907,1743,3164
107000035,356,253,103
107000036,793,1207,-414
107000037,86,853,-767
107000038,251,330,-79
107000039,882,872,10
107000040,199,352,-153
107000041,1957,996,961
107000042,969,2102,-1133
107000043,2974,1272,1702
107000044,642,465,177
107000045,118,288,-170
107000046,899,435,464
107000047,507,914,-407
107000048,752,293,459
107000049,660,817,-157
107000050,1246,584,662
107000051,379,335,44
107000052,1309,986,323
107000053,421,189,232
107000054,81,290,-209
107000055,149,64,85
107000056,387,763,-376
107000057,1286,229,1057
107000058,2279,2840,-561
107000059,2128,3283,-1155
107000060,4851,5633,-782
107000061,5268,3612,1656
107000062,4841,3215,1626
107000063,4083,4842,-759
107000064,4949,2732,2217
107000065,4146,4442,-296
107000066,2363,3365,-1002
107000067,1359,1476,-117
107000068,1736,907,829
107000069,963,597,366
107000070,1467,35,1432
107000071,3438,59,3379
107000072,75,2473,-2398
107000073,928,354,574
107000074,155,891,-736
107000075,1870,626,1244
107000076,734,1404,-670
107000077,4180,1484,2696
107000078,2544,3097,-553
107000079,2989,1157,1832
107000080,1268,3103,-1835
107000081,2006,672,1334
107000082,682,1862,-1180
107000083,1541,476,1065
107000084,384,1846,-1462
107000085,3211,3354,-143
107000086,3812,3519,293
107000087,3127,2136,991
107000088,3688,3774,-86
107000089,1687,1778,-91
107000090,1209,1093,116
107000091,1547,969,578
107000092,907,958,-51
107000093,1352,877,475
107000094,1065,1189,-124
107000095,810,601,209
107000096,653,773,-120
107000097,492,271,221
107000098,436,379,57
107000099,477,320,157
107000100,303,342,-39
107000101,109,125,-16
107000102,257,356,-99
107000103,286,173,113
107000104,180,272,-92
107000105,382,147,235
107000106,131,177,-46
107000107,608,198,410
107000108,173,526,-353
107000109,659,145,514
107000110,80,456,-376
107000111,365,72,293
107000112,57,256,-199
107000113,636,133,503
107000114,138,464,-326
107000115,600,137,463
107000116,157,728,-571
107000117,182,517,-335
107000118,177,153,24
107000119,1474,1546,-72
107000120,1039,480,559
107000121,1044,693,351
107000122,1103,906,197
107000123,546,612,-66
107000124,530,794,-264
107000125,1014,623,391
107000126,985,638,347
107000127,77,365,-288
107000129,209,183,26
107000130,404,261,143
107000131,480,370,110
107000132,624,349,275
107000133,899,159,740
107000134,409,3,406
107000135,4,372,-368
107000136,1107,16,1091
107000137,20,441,-421
107000138,493,42,451
107000139,35,535,-500
107000140,1682,144,1538
107000141,155,803,-648
107000142,485,151,334
107000143,67,616,-549
107000144,551,569,-18
107000145,153,517,-364
107000146,267,453,-186
107000147,3343,895,2448
107000150,714,4162,-3448
107000151,68,201,-133
107000152,475,1570,-1095
107000153,155,443,-288
107000154,268,304,-36
107000155,1043,36,1007
107000156,1401,46,1355
107000157,127,1369,-1242
107000158,608,39,569
107000159,41,793,-752
107000160,1184,225,959
107000161,88,1193,-1105
107000162,348,556,-208
107000163,385,6,379
107000164,868,9,859
107000165,983,41,942
107000166,52,1078,-1026
107000167,646,322,324
107000168,1034,569,465
107000169,697,900,-203
107000170,2517,1124,1393
107000171,891,2032,-1141
107000172,1249,1497,-248
107000173,793,1108,-315
107000174,1226,6226,-5000
107000175,7468,1809,5659
107000176,1,3,-2
107000177,15,4,11
107000178,20,39,-19
107000179,322,1823,-1501
107000180,1456,363,1093
107000181,444,993,-549
107000182,1945,995,950
107000183,121,844,-723
107000184,1186,712,474
107000185,617,1496,-879
107000186,1505,544,961
107000187,1409,1365,44
107000188,708,729,-21
107000189,616,1103,-487
107000190,673,699,-26
107000191,828,1029,-201
107000192,1801,785,1016
107000193,459,568,-109
107000194,894,658,236
107000197,1205,348,857
107000198,348,685,-337
107000199,980,667,313
107000200,669,777,-108
107000201,468,389,79
107000202,400,515,-115
107000203,1172,1292,-120
107000204,1410,1633,-223
107000205,2383,1162,1221
107000206,1219,1859,-640
107000207,844,1131,-287
107000208,1282,656,626
107000209,2348,1460,888
107000210,848,452,396
107000211,10,48,-38
107000212,27,318,-291
107000213,8,29,-21
107000214,32,166,-134
107000215,548,357,191
107000216,509,517,-8
107000217,136,132,4
107000219,118,228,-110
107000220,274,210,64
107000222,281,706,-425
107000224,883,99,784
107000225,336,549,-213
107000226,729,111,618
107000227,109,314,-205
107000228,243,290,-47
107000229,115,189,-74
107000230,1184,533,651
107000231,1951,2087,-136
107000232,123,41,82
107000233,1517,1158,359
107000234,4,52,-48
107000235,111,5,106
107000236,16,699,-683
107000237,54,1,53
107000238,32,0,32
107000239,4010,590,3420
107000240,67,909,-842
107000241,142,15,127
107000242,437,47,390
107000243,0,34,-34
107000244,6,71,-65
107000246,3,1084,-1081
107000249,5,991,-986
107000251,1,331,-330
107000252,4,923,-919
107000255,379,100,279
107000257,3,372,-369
107000258,0,88,-88
107000259,4,180,-176
107000260,685,4,681
107000262,18,491,-473
107000263,368,7,361
107000266,14,5,9
107000267,179,132,47
107000268,151,154,-3
107000269,697,131,566
107000270,3,34,-31
107000271,31,561,-530
107000272,23,132,-109
107000273,10,340,-330
107000274,4229,759,3470
107000275,312,3191,-2879
107000280,894,53,841
107000281,47,787,-740
107000282,120,814,-694
107000290,16,30,-14
107000291,16,15,1
107000292,3,205,-202
107000293,109,4,105
107000294,1,27,-26
107000295,29,3,26
107000296,0,29,-29
107000444,415,18,397
107000496,6,22,-16
107000497,1477,2013,-536
107000500,375,384,-9
107000501,220,201,19
107000502,201,343,-142
107000505,424,847,-423
107000506,4,139,-135
107000508,7,563,-556
107000509,276,991,-715
107000510,20,44,-24
107000514,42,454,-412
107000515,15,198,-183
107000516,304,264,40
107000518,1059,1458,-399
107000519,1827,928,899
107000520,99,39,60
107900001,52,123,-71
107900002,72,10,62
107900003,477,36,441
107900004,121,6,115
107900005,1594,6,1588
107900006,209,3,206
107900007,341,68,273
107900008,172,26,146
107900009,205,9,196
107900010,41,3,38
107900012,316,53,263
107900013,201,33,168
107900014,26,9,17
107900015,1036,12,1024
107900016,552,120,432
107900017,39,6,33
107900018,95,162,-67
107900019,44,47,-3
107900020,89,26,63
107900021,72,113,-41
107900023,3,5,-2
107900024,0,24,-24
107900025,246,274,-28
107900026,93,65,28
107900027,37,77,-40
107900028,131,82,49
107900030,167,25,142
107900031,61,89,-28
107900032,27,6,21
107900033,18,9,9
107900034,410,23,387
107900035,865,58,807
107900036,97,26,71
107900037,1,35,-34
107900038,117,239,-122
107900039,52,40,12
107900040,40,513,-473
107900041,5,6,-1
107900043,42,90,-48
107900044,19,10,9
107900045,135,61,74
107900046,145,232,-87
107900047,46,52,-6
107900048,209,9,200
107900049,396,1972,-1576
107900050,184,354,-170
107900051,87,82,5
107900052,12,44,-32
107900053,43,100,-57
107900055,958,312,646
107900056,195,47,148
107900057,1,0,1
107900058,50,635,-585
107900060,60,40,20
107900061,23,19,4
107900063,99,107,-8
107900064,274,152,122
107900065,200,20,180
107900066,46,2,44
107900067,1,0,1
107900068,167,694,-527
107900069,46,1790,-1744
107900070,130,54,76
107900071,25,614,-589
107900072,134,170,-36
107900073,144,77,67
107900074,706,303,403
107900076,135,66,69
107900077,95,1,94
107900078,250,49,201
107900079,3,18,-15
107900080,257,699,-442
107900081,54,81,-27
107900082,16,20,-4
107900083,335,186,149
107900084,121,139,-18
107900086,55,176,-121
107900087,655,226,429
107900088,50,9,41
107900089,291,1008,-717
107900090,1328,3019,-1691
107900091,197,399,-202
107900092,2151,565,1586
107900093,110,95,15
107900095,3223,2047,1176
107900097,30,70,-40
107900098,48,216,-168
107900100,1075,1316,-241
107900101,963,202,761
107900102,41,18,23
107900103,59,204,-145
107900104,254,18,236
107900105,1,368,-367
107900106,2,1017,-1015
107900107,2416,531,1885
107900108,269,139,130
107900109,1284,16,1268
107900110,72,83,-11
107900111,5,751,-746
107900112,80,289,-209
107900113,259,111,148
107900114,195,147,48
107900115,4,46,-42
107900116,163,161,2
107900117,357,352,5
107900118,103,141,-38
107900119,69,315,-246
107900120,38,38,0
107900121,3,173,-170
107900122,2,89,-87
107900123,1,25,-24
107900124,21,54,-33
107900125,61,164,-103
107900126,7,53,-46
107900127,712,325,387
107900128,113,109,4
107900129,89,24,65
107900130,77,39,38
107900131,851,351,500
107900132,124,412,-288
107900133,2,107,-105
107900134,46,97,-51
107900135,34,159,-125
107900136,50,66,-16
107900137,118,123,-5
107900138,70,36,34
107900139,44,55,-11
107900140,105,43,62
107900141,43,38,5
107900142,77,858,-781
107900143,76,36,40
107900144,0,133,-133
107900145,13,107,-94
107900146,71,136,-65
107900147,56,31,25
107900148,220,162,58
107900149,950,267,683
107900150,63,605,-542
107900151,57,119,-62
107900152,21,194,-173
107900153,133,316,-183
107900154,48,20,28
107900155,82,56,26
107900156,27,288,-261
107900157,68,59,9
107900158,940,30,910
107900159,28,849,-821
107900160,125,197,-72
107900161,38,158,-120
107900162,3,181,-178
107900163,42,302,-260
107900164,13,53,-40
107900165,39,123,-84
107900166,9,183,-174
107900167,19,58,-39
107900168,36,52,-16
107900169,0,147,-147
107900171,10,1250,-1240
107900172,3,387,-384
107900173,24,121,-97
107900174,142,8,134
107900175,27,42,-15
107900176,30,40,-10
107900177,0,443,-443
107900178,0,164,-164
107900179,22,137,-115
107900180,591,653,-62
107900181,396,227,169
107900182,2,1078,-1076
107900183,45,190,-145
107900184,109,294,-185
107900185,141,9,132
107900186,31,47,-16
107900187,1,151,-150
107900188,605,156,449
107900189,25,117,-92
107900190,79,147,-68
107900191,92,91,1
107900193,7,66,-59
107900194,246,15,231
107900195,2283,450,1833
107900196,104,132,-28
107900197,941,519,422
107900199,5,831,-826
107900201,91,91,0
107900203,39,78,-39
107900204,196,263,-67
107900205,208,348,-140
107900206,912,404,508
107900207,2,424,-422
107900208,13,576,-563
107900209,357,136,221
107900210,86,104,-18
107900213,968,734,234
107900214,29,126,-97
107900215,140,319,-179
107900216,179,76,103
107900217,69,145,-76
107900218,26,2490,-2464
107900219,27,106,-79
107900220,251,265,-14
107900221,201,190,11
107900223,78,658,-580
107900224,110,355,-245
107900225,11,781,-770
107900226,88,112,-24
107900227,112,365,-253
107900228,24,121,-97
107900229,2,233,-231
107900230,11,123,-112
107900231,25,268,-243
107900232,72,133,-61
107900233,7,203,-196
107900234,65,68,-3
107900235,39,134,-95
107900236,125,57,68
107900237,63,472,-409
107900238,41,118,-77
107900239,681,554,127
107900240,59,131,-72
107900241,19,73,-54
107900242,28,153,-125
107900243,2,80,-78
107900244,394,7,387
107900245,617,43,574
107900246,261,24,237
107900248,335,362,-27
107900249,723,32,691
107900250,0,473,-473
107900251,64,1153,-1089
107900252,1029,24,1005
107900253,219,7,212
107900254,63,415,-352
107900255,368,120,248
107900256,2145,2752,-607
107900257,252,110,142
107900258,129,215,-86
107900259,86,2192,-2106
107900261,33,619,-586
107900262,277,124,153
107900264,395,9,386
107900265,127,189,-62
107900267,305,22,283
107900268,31,6,25
107900269,0,8,-8
107900270,0,2,-2
107900271,5,22,-17
107900272,110,27,83
107900273,39,80,-41
107900274,83,0,83
107900275,34,1,33
107900276,1,99,-98
107900277,2,176,-174
107900278,333,470,-137
107900279,102,209,-107
107900280,2192,2215,-23
107900281,1532,2699,-1167
107900282,36,575,-539
107900283,1145,719,426
107900284,580,532,48
107900285,99,80,19
107900286,161,87,74
107900287,237,223,14
107900290,0,156,-156
107900291,441,25,416
107900292,115,172,-57
107900293,67,380,-313
107900295,54,55,-1
107900297,5,282,-277
107900298,759,770,-11
107900299,2647,2402,245
107900300,69,324,-255
107900301,497,717,-220
107900302,132,53,79
107900303,168,275,-107
107900304,330,486,-156
107900305,367,9,358
107900306,10,24,-14
107900307,44,216,-172
107900308,139,156,-17
107900309,82,0,82
107900310,728,12,716
107900311,16,533,-517
107900312,86,1,85
107900313,0,191,-191
107900314,2,62,-60
107900315,1,58,-57
107900316,50,4,46
107900317,155,33,122
107900318,43,214,-171
107900319,11,161,-150
107900320,0,135,-135
107900321,141,8,133
107900322,5,98,-93
107900323,4,154,-150
107900324,213,7,206
107900325,150,0,150
107900326,380,200,180
107900327,0,119,-119
107900328,111,0,111
107900329,154,167,-13
107900330,10,337,-327
107900331,229,42,187
107900332,260,35,225
107900333,64,25,39
107900334,10,173,-163
107900335,183,55,128
107900336,51,85,-34
107900337,987,943,44
107900338,2,183,-181
107900339,8,27,-19
107900340,2,69,-67
107900341,62,7,55
107900342,138,125,13
107900343,69,5,64
107900344,5,73,-68
107900345,114,26,88
107900346,35,4,31
107900347,34,3,31
107900348,10,3,7
107900349,17,18,-1
107900350,28,265,-237
108000001,3021,3968,-947
108000002,2053,2521,-468
108000003,3853,3612,241
108000004,11968,14605,-2637
108000005,8941,6800,2141
108000006,8418,7635,783
108000007,5516,4139,1377
108000008,4283,5971,-1688
108000009,3826,4795,-969
108000010,2849,4174,-1325
108000011,13235,13039,196
108000012,16682,15107,1575
108000014,1058,791,267
108000015,737,303,434
108000016,262,638,-376
108000017,1171,414,757
108000018,2179,759,1420
108000019,3111,1094,2017
108000020,1466,592,874
108000021,380,1852,-1472
108000022,531,1195,-664
108000023,1382,245,1137
108000024,365,543,-178
108000025,304,282,22
108000026,688,425,263
108000027,705,390,315
108000028,545,274,271
108000029,510,485,25
108000030,731,285,446
108000031,327,594,-267
108000032,1614,692,922
108000033,766,1030,-264
108000034,1777,563,1214
108000035,746,1993,-1247
108000036,372,865,-493
108000037,1802,565,1237
108000038,2661,765,1896
108000039,564,1793,-1229
108000040,1942,1191,751
108000041,683,2246,-1563
108000042,331,249,82
108000043,288,311,-23
108000044,656,192,464
108000045,330,480,-150
108000046,1621,377,1244
108000047,628,940,-312
108000048,212,295,-83
108000049,958,284,674
108000050,118,381,-263
108000051,370,152,218
108000052,225,556,-331
108000053,525,264,261
108000054,535,959,-424
108000055,1214,637,577
108000056,910,1200,-290
108000057,754,1215,-461
108000058,2084,3890,-1806
108000059,3169,1870,1299
108000060,273,402,-129
108000061,160,263,-103
108000062,847,672,175
108000063,623,499,124
108000064,225,235,-10
108000065,514,509,5
108000066,1538,804,734
108000067,1680,648,1032
108000068,766,404,362
108000069,238,903,-665
108000070,1994,816,1178
108000071,715,1385,-670
108000072,1739,1242,497
108000073,1292,1645,-353
108000074,844,404,440
108000075,394,792,-398
108000076,870,594,276
108000077,655,686,-31
108000078,2540,1419,1121
108000079,766,1566,-800
108000080,1334,554,780
108000081,532,1596,-1064
108000082,995,1825,-830
108000083,2041,1015,1026
108000084,420,1068,-648
108000085,778,463,315
108000086,873,696,177
108000087,189,2039,-1850
108000088,145,16,129
108000089,345,352,-7
108000090,429,220,209
108000091,334,389,-55
108000092,149,80,69
108000093,217,483,-266
108000094,585,81,504
108000095,149,284,-135
108000096,291,181,110
108000097,179,330,-151
108000098,1920,1388,532
108000099,288,87,201
108000100,49,167,-118
108000101,1285,1398,-113
108000102,1849,3364,-1515
108000106,1067,1,1066
108000107,2,1033,-1031
108000108,1101,73,1028
108000109,13,871,-858
108000110,203,303,-100
108000111,196,549,-353
108000112,54,151,-97
108000113,401,254,147
108000115,347,296,51
108000117,736,466,270
108000118,94,246,-152
108000119,624,313,311
108000120,151,749,-598
108000121,175,440,-265
108000122,687,342,345
108000123,949,244,705
108000124,415,488,-73
108000125,416,291,125
108000126,143,368,-225
108000127,569,323,246
108000128,590,438,152
108000129,321,901,-580
108000130,516,237,279
108000131,885,531,354
108000132,1925,1419,506
108000133,901,532,369
108000134,454,498,-44
108000135,1127,457,670
108000136,409,869,-460
108000137,512,309,203
108000138,404,812,-408
108000139,584,317,267
108000140,104,25,79
108000141,60,93,-33
108000142,59,75,-16
108000143,29,34,-5
108000144,63,21,42
108000145,59,9,50
108000146,94,27,67
108000147,69,35,34
108000148,105,57,48
108000149,31,16,15
108000150,29,15,14
108000151,29,17,12
108000152,120,494,-374
108000153,443,102,341
108000154,57,15,42
108000155,17,24,-7
108000156,316,125,191
108000157,524,1066,-542
108000158,93,899,-806
108000159,457,283,174
108000160,2590,1089,1501
108000161,2595,3008,-413
108000165,6,215,-209
108000172,5,311,-306
108000173,1741,2148,-407
108000175,318,125,193
108000178,362,319,43
108000179,178,922,-744
108000181,79,40,39
108000182,113,21,92
108000183,60,26,34
108000184,927,2281,-1354
108000185,318,481,-163
108000186,176,47,129
108000187,136,566,-430
108000188,632,229,403
108000189,701,1583,-882
108000190,46,114,-68
108000192,240,591,-351
108000193,984,45,939
108000194,47,5,42
108000195,1,895,-894
108000196,391,216,175
108000198,449,272,177
108000199,0,200,-200
108000200,468,494,-26
108000202,2,262,-260
108000203,111,612,-501
108000204,167,53,114
108000205,263,438,-175
108000339,1396,393,1003
108000364,119,267,-148
108000365,88,295,-207
108000367,183,365,-182
108000368,13,56,-43
108000369,924,216,708
108000371,5,562,-557
108000372,743,6,737
108000373,302,141,161
108000376,82,64,18
108000377,518,249,269
108000378,9658,11059,-1401
108000379,40,192,-152
108000381,69,12,57
108000382,132,1,131
108000383,0,145,-145
108900001,101,998,-897
108900002,233,84,149
108900003,334,621,-287
108900004,562,486,76
108900005,73,464,-391
108900006,750,280,470
108900007,351,246,105
108900008,144,189,-45
108900009,70,148,-78
108900010,290,173,117
108900011,567,341,226
108900012,373,415,-42
108900013,169,259,-90
108900014,13,130,-117
108900015,0,98,-98
108900016,3,275,-272
108900017,308,446,-138
108900018,185,408,-223
108900019,62,801,-739
108900020,39,192,-153
108900021,122,259,-137
108900022,169,29,140
108900023,32,60,-28
108900024,22,110,-88
108900025,107,148,-41
108900026,47,100,-53
108900027,1,83,-82
108900028,90,279,-189
108900029,88,206,-118
108900030,0,68,-68
108900031,136,321,-185
108900032,21,229,-208
108900033,1,113,-112
108900034,2,153,-151
108900035,379,1134,-755
108900036,239,283,-44
108900037,62,310,-248
108900038,4,273,-269
108900039,1,441,-440
108900040,9,96,-87
108900041,5161,3397,1764
108900042,8,398,-390
108900043,121,532,-411
108900044,1,323,-322
108900045,96,422,-326
108900046,49,625,-576
108900047,0,60,-60
108900048,139,795,-656
108900049,2760,1219,1541
108900050,1,200,-199
108900051,0,152,-152
108900052,44,194,-150
108900053,66,175,-109
108900054,77,209,-132
108900055,54,391,-337
108900056,0,122,-122
108900057,0,158,-158
108900058,42,313,-271
108900059,445,48,397
108900060,110,135,-25
108900061,114,62,52
108900062,1,224,-223
108900063,15,284,-269
108900064,243,66,177
108900065,14,194,-180
108900066,372,132,240
108900067,33,177,-144
108900068,0,71,-71
108900069,95,97,-2
108900070,56,83,-27
108900071,107,73,34
108900072,2043,933,1110
108900073,13,86,-73
108900074,199,349,-150
108900075,53,42,11
108900076,359,106,253
108900077,74,103,-29
108900078,36,150,-114
108900079,847,193,654
108900080,44,930,-886
108900081,72,239,-167
108900082,86,93,-7
108900083,40,276,-236
108900084,408,184,224
108900085,2046,197,1849
108900086,124,246,-122
108900087,89,188,-99
108900088,995,490,505
108900089,42,159,-117
108900090,50,276,-226
108900091,102,84,18
108900092,469,344,125
108900093,138,97,41
108900094,258,97,161
108900095,76,341,-265
108900096,318,18,300
108900097,252,190,62
108900098,2061,924,1137
108900099,377,237,140
108900100,70,120,-50
108900101,221,208,13
108900102,113,1052,-939
108900103,74,127,-53
108900104,136,416,-280
108900105,7,1136,-1129
108900106,467,294,173
108900108,488,63,425
108900109,32,38,-6
108900110,254,407,-153
108900111,506,475,31
108900112,246,34,212
108900113,43,76,-33
108900114,0,2,-2
108900115,82,91,-9
108900116,129,30,99
108900117,162,19,143
108900118,534,25,509
108900119,360,31,329
108900120,147,215,-68
108900121,360,133,227
108900122,155,32,123
108900123,159,155,4
108900124,434,153,281
108900125,378,3,375
108900126,116,51,65
108900127,199,25,174
108900128,125,39,86
108900129,752,148,604
108900130,388,1,387
108900131,409,7,402
108900132,537,77,460
108900133,204,88,116
108900134,442,250,192
108900135,170,10,160
108900136,161,3,158
108900137,197,3,194
108900138,659,65,594
108900139,644,240,404
108900140,333,252,81
108900141,410,15,395
108900142,155,6,149
108900143,51,1,50
108900144,122,2,120
108900145,171,15,156
108900146,82,0,82
108900147,192,1,191
108900148,79,34,45
108900149,734,279,455
108900150,257,8,249
108900151,310,29,281
108900152,242,70,172
108900153,215,344,-129
108900154,5226,534,4692
108900155,254,115,139
108900156,86,6,80
108900157,48,416,-368
108900158,348,37,311
108900159,10,225,-215
108900160,13,239,-226
108900161,9,394,-385
108900162,131,0,131
108900163,4,233,-229
108900164,43,76,-33
108900165,151,127,24
108900167,1594,6554,-4960
108900168,6361,2724,3637
108900169,74,128,-54
108900171,6569,3154,3415
108900172,203,33,170
108900173,228,394,-166
108900174,860,658,202
108900176,111,423,-312
108900177,5291,6108,-817
108900178,3719,3482,237
108900179,567,1788,-1221
108900180,110,227,-117
108900182,64,273,-209
108900183,203,241,-38
108900184,502,261,241
108900185,156,407,-251
108900186,100,428,-328
108900187,447,68,379
108900188,606,123,483
108900189,489,193,296
108900190,53,2357,-2304
108900191,229,45,184
108900192,127,235,-108
108900193,336,79,257
108900194,41,500,-459
108900195,179,262,-83
108900196,27,348,-321
108900198,5,320,-315
108900199,311,346,-35
108900200,692,450,242
108900201,516,1326,-810
108900203,550,110,440
108900204,417,29,388
108900205,195,24,171
108900206,467,54,413
108900207,182,77,105
108900208,23,366,-343
108900209,244,530,-286
108900210,190,216,-26
108900211,197,597,-400
108900212,618,1494,-876
108900215,114,347,-233
108900216,654,197,457
108900217,136,4,132
108900218,203,19,184
108900219,128,10,118
108900220,95,33,62
108900221,51,125,-74
108900222,326,60,266
108900223,9,116,-107
108900224,51,253,-202
108900225,1,216,-215
108900226,268,33,235
108900227,129,378,-249
108900230,218,224,-6
108900231,22,215,-193
108900232,5,257,-252
108900233,449,143,306
108900234,415,194,221
108900235,209,557,-348
108900236,63,375,-312
108900237,100,211,-111
108900240,195,118,77
108900241,52,51,1
108900245,18,1657,-1639
108900249,157,65,92
108900250,300,157,143
108900257,275,493,-218
108900258,10,207,-197
108900259,333,86,247
108900260,13,94,-81
108900261,115,131,-16
108900262,142,136,6
108900263,32,168,-136
108900264,488,281,207
108900265,1281,469,812
108900266,740,622,118
108900267,3,91,-88
108900268,33,10,23
108900269,124,7,117
108900270,74,17,57
108900271,76,15,61
108900272,216,13,203
108900273,747,1047,-300
108900274,63,46,17
108900275,2,2,0
108900276,0,9,-9
109000001,3208,1467,1741
109000002,1542,1663,-121
109000003,2563,418,2145
109000004,495,2059,-1564
109000005,2460,612,1848
109000006,624,1930,-1306
109000007,1597,630,967
109000008,511,1619,-1108
109000009,3644,1319,2325
109000010,1422,3315,-1893
109000011,3363,2376,987
109000012,1834,2954,-1120
109000013,3810,3252,558
109000014,1899,3144,-1245
109000015,3862,7530,-3668
109000016,5979,3290,2689
109000017,2687,1277,1410
109000018,948,2848,-1900
109000019,2598,1272,1326
109000020,967,1731,-764
109000023,301,34,267
109000024,9,211,-202
109000025,382,479,-97
109000026,710,368,342
109000027,92,312,-220
109000028,121,97,24
109000029,139,220,-81
109000030,82,561,-479
109000031,233,183,50
109000032,128,503,-375
109000033,358,250,108
109000034,55,59,-4
109000035,16,100,-84
109000036,106,320,-214
109000037,288,1324,-1036
109000038,597,409,188
109000039,997,853,144
109000040,4305,8699,-4394
109000041,2967,1812,1155
109000042,545,1320,-775
109000044,438,84,354
109000045,92,379,-287
109000046,414,78,336
109000047,57,453,-396
109000048,874,318,556
109000049,310,619,-309
109000050,447,257,190
109000051,326,270,56
109000052,483,1003,-520
109000053,243,81,162
109000054,295,491,-196
109000055,223,373,-150
109000056,381,508,-127
109000057,716,563,153
109000058,1053,424,629
109000059,846,1385,-539
109000060,405,374,31
109000061,826,1244,-418
109000062,177,353,-176
109000063,210,169,41
109000064,325,181,144
109000065,145,207,-62
109000066,378,107,271
109000067,143,276,-133
109000068,3166,24,3142
109000069,1024,42,982
109000070,9,1245,-1236
109000071,413,84,329
109000072,108,319,-211
109000073,66,98,-32
109000074,40,161,-121
109000075,82,374,-292
109000076,115,206,-91
109000077,318,223,95
109000078,84,180,-96
109000079,123,142,-19
109000080,151,96,55
109000081,116,401,-285
109000082,658,216,442
109000083,282,565,-283
109000088,112,490,-378
109000089,317,76,241
109000090,145,420,-275
109000091,369,233,136
109000092,379,503,-124
109000093,284,264,20
109000094,607,2,605
109000095,85,344,-259
109000096,737,248,489
109000097,106,144,-38
109000098,47,150,-103
109000099,1242,313,929
109000100,322,533,-211
109000101,1945,709,1236
109000102,405,790,-385
109000103,498,590,-92
109000104,1873,552,1321
109000105,469,1198,-729
109000106,2389,892,1497
109000107,582,1831,-1249
109000108,1752,623,1129
109000109,487,1610,-1123
109000110,1451,581,870
109000111,903,1876,-973
109000112,436,148,288
109000113,283,246,37
109000114,183,314,-131
109000115,1303,45,1258
109000116,6,272,-266
109000117,265,94,171
109000118,14,321,-307
109000119,1605,265,1340
109000120,246,758,-512
109000121,496,36,460
109000122,142,704,-562
109000123,14,52,-38
109000124,715,469,246
109000125,812,438,374
109000126,355,679,-324
109000127,1023,198,825
109000128,518,1329,-811
109000129,2466,892,1574
109000130,615,1629,-1014
109000131,953,601,352
109000132,833,1740,-907
109000133,355,871,-516
109000134,795,1267,-472
109000135,1431,2073,-642
109000136,292,303,-11
109000137,267,313,-46
109000138,545,334,211
109000139,637,442,195
109000140,209,355,-146
109000141,577,515,62
109000142,150,644,-494
109000143,125,76,49
109000145,123,244,-121
109000146,36,114,-78
109000148,3476,1928,1548
109000149,27,49,-22
109000150,76,335,-259
109000155,869,607,262
109000156,1000,626,374
109000158,226,287,-61
109000159,214,612,-398
109000160,1090,258,832
109000161,339,1093,-754
109000162,2058,684,1374
109000163,1193,1755,-562
109000164,1231,2215,-984
109000165,1302,548,754
109000166,794,126,668
109000167,161,574,-413
109000170,57,61,-4
109000171,66,40,26
109000172,37,87,-50
109000173,23,51,-28
109000174,139,51,88
109000175,54,83,-29
109000176,294,235,59
109000177,39,127,-88
109000178,461,101,360
109000179,4421,4954,-533
109000180,5044,3970,1074
109000181,28,36,-8
109000182,27,34,-7
109000183,37,36,1
109000184,45,25,20
109000185,21,56,-35
109000188,434,1670,-1236
109000189,2173,892,1281
109000190,578,494,84
109000191,346,458,-112
109000192,437,193,244
109000193,161,258,-97
109000194,277,104,173
109000195,167,287,-120
109000196,430,125,305
109000197,240,350,-110
109000198,430,74,356
109000199,161,412,-251
109000206,214,29,185
109000207,117,29,88
109000208,119,85,34
109000209,235,123,112
109000210,185,519,-334
109000211,408,287,121
109000214,404,346,58
109000215,121,71,50
109000216,210,317,-107
109000217,233,124,109
109000218,363,255,108
109000221,466,954,-488
109000222,1022,297,725
109000223,390,366,24
109000224,46,125,-79
109000225,103,32,71
109000226,66,188,-122
109000227,1106,962,144
109000228,1,1361,-1360
109000231,4,269,-265
109000232,342,262,80
109000236,314,628,-314
109000241,2192,1819,373
109000242,1982,1397,585
109000293,24,89,-65
109000361,82,331,-249
109000364,488,586,-98
109000396,6,506,-500
109000397,631,10,621
109000399,131,368,-237
109000400,67,211,-144
109000403,177,1069,-892
109000406,347,12,335
109000407,260,171,89
109000408,1,424,-423
109000410,1169,301,868
109000411,188,25,163
109900001,96,0,96
109900002,892,27,865
109900003,217,2,215
109900004,1016,144,872
109900005,37,9,28
109900006,526,218,308
109900007,817,529,288
109900008,1,31,-30
109900009,160,533,-373
109900010,667,38,629
109900011,100,49,51
109900012,353,222,131
109900013,370,180,190
109900014,420,95,325
109900015,483,204,279
109900016,138,32,106
109900017,148,242,-94
109900018,285,70,215
109900019,434,42,392
109900020,42,34,8
109900021,35,20,15
109900022,125,208,-83
109900023,22,6,16
109900024,28,19,9
109900025,16,76,-60
109900026,3,176,-173
109900027,61,86,-25
109900028,1283,857,426
109900029,5,260,-255
109900030,48,18,30
109900031,16,223,-207
109900032,14,320,-306
109900033,7,473,-466
109900034,35,6,29
109900035,18,28,-10
109900036,17,62,-45
109900037,38,412,-374
109900038,120,215,-95
109900039,10,0,10
109900040,29,453,-424
109900041,58,304,-246
109900042,57,1182,-1125
109900044,129,240,-111
109900045,264,103,161
109900046,27,80,-53
109900047,330,355,-25
109900048,5,61,-56
109900049,27,35,-8
109900050,1,123,-122
109900051,0,42,-42
109900052,92,273,-181
109900053,3,229,-226
109900054,724,226,498
109900055,74,245,-171
109900056,16,210,-194
109900057,7,123,-116
109900058,2,86,-84
109900059,715,146,569
109900060,407,110,297
109900061,97,269,-172
109900062,0,179,-179
109900063,13,494,-481
109900064,480,227,253
109900065,82,140,-58
109900066,340,741,-401
109900067,1,230,-229
109900068,83,4,79
109900069,4,42,-38
109900070,52,268,-216
109900071,5,56,-51
109900072,33,150,-117
109900073,484,460,24
109900074,7,49,-42
109900075,20,48,-28
109900076,25,161,-136
109900077,40,50,-10
109900078,99,199,-100
109900080,121,322,-201
109900081,31,264,-233
109900082,38,301,-263
109900083,19,94,-75
109900084,55,153,-98
109900085,226,667,-441
109900086,117,432,-315
109900087,315,505,-190
109900089,820,225,595
109900090,541,1029,-488
109900091,420,81,339
109900092,1361,58,1303
109900093,1019,150,869
109900094,106,116,-10
109900095,126,212,-86
109900096,32,6,26
109900097,94,2,92
109900098,456,57,399
109900099,169,2,167
109900100,55,0,55
109900101,413,19,394
109900102,449,20,429
109900103,22,63,-41
109900104,585,629,-44
109900105,509,33,476
109900106,604,78,526
109900107,865,109,756
109900108,147,380,-233
109900109,27,160,-133
109900110,75,388,-313
109900111,348,856,-508
109900112,296,524,-228
109900113,829,605,224
109900114,1271,1227,44
109900115,191,88,103
109900117,1026,171,855
109900118,288,394,-106
109900119,643,466,177
109900120,89,26,63
109900121,481,486,-5
109900122,384,10,374
109900123,26,173,-147
109900124,38,375,-337
109900125,1,165,-164
109900126,252,89,163
109900128,286,52,234
109900130,6532,2332,4200
109900131,50,125,-75
109900132,31,110,-79
109900133,76,247,-171
109900134,91,92,-1
109900135,359,74,285
109900136,72,169,-97
109900137,205,259,-54
109900138,357,278,79
109900140,178,174,4
109900141,273,143,130
109900142,1245,302,943
109900145,7,497,-490
109900146,508,59,449
109900148,37,78,-41
109900149,52,63,-11
109900150,8,103,-95
109900151,18,57,-39
109900152,1,37,-36
109900153,0,72,-72
109900154,151,1,150
109900155,91,38,53
109900157,66,222,-156
109900158,60,128,-68
109900159,139,52,87
109900160,168,49,119
109900161,241,124,117
109900162,219,137,82
109900163,683,315,368
109900164,90,214,-124
109900165,254,8,246
109900166,0,137,-137
109900167,195,471,-276
109900168,222,567,-345
109900169,246,174,72
109900170,277,888,-611
109900171,186,126,60
109900172,213,240,-27
109900173,2728,2414,314
109900174,66,157,-91
109900175,73,79,-6
109900176,148,151,-3
109900177,49,227,-178
109900178,13,234,-221
109900179,34,26,8
109900180,11,27,-16
110000001,948,516,432
110000002,654,820,-166
110000003,946,616,330
110000004,550,852,-302
110000005,420,2013,-1593
110000006,306,315,-9
110000007,162,127,35
110000008,18,68,-50
110000009,27,33,-6
110000010,44,43,1
110000011,44,72,-28
110000012,670,332,338
110000013,49,513,-464
110000014,501,402,99
110000015,318,666,-348
110000016,250,1537,-1287
110000017,3363,238,3125
110000018,2810,423,2387
110000019,4,92,-88
110000020,641,194,447
110000021,651,502,149
110000022,1146,236,910
110000023,15,175,-160
110000024,678,440,238
110000025,415,12,403
110000026,9,381,-372
110000027,1346,1197,149
110000028,901,729,172
110000029,570,604,-34
110000030,267,394,-127
110000031,271,478,-207
110000032,739,409,330
110000033,336,170,166
110000034,507,757,-250
110000035,928,623,305
110000036,977,702,275
110000037,221,616,-395
110000038,278,619,-341
110000039,677,3340,-2663
110000040,351,339,12
110000041,296,1432,-1136
110000042,121,658,-537
110000043,1056,269,787
110000044,332,1442,-1110
110000045,1827,189,1638
110000046,8,26,-18
110000047,40,91,-51
110000048,15,52,-37
110000049,83,30,53
110000050,10,61,-51
110000051,33,35,-2
110000052,14,40,-26
110000053,104,22,82
110000054,149,380,-231
110000055,557,85,472
110000056,349,109,240
110000057,365,549,-184
110000058,1154,558,596
110000059,977,488,489
110000060,797,1064,-267
110000061,958,746,212
110000062,746,851,-105
110000063,51,113,-62
110000064,74,67,7
110000065,109,68,41
110000066,82,34,48
110000067,90,180,-90
110000068,292,229,63
110000069,327,87,240
110000071,194,107,87
110000073,6,19,-13
110000075,13,74,-61
110000076,284,439,-155
110000077,409,1548,-1139
110000078,34,61,-27
110000080,233,712,-479
110000081,37,251,-214
110000082,25,400,-375
110000083,204,666,-462
110000084,1266,946,320
110000085,1702,1741,-39
110000086,1418,2416,-998
110000087,17,61,-44
110000088,105,218,-113
110000089,297,118,179
110000090,356,231,125
110000091,1117,314,803
110000092,18,49,-31
110000093,100,10,90
110000094,534,290,244
110000095,271,641,-370
110000096,1999,2093,-94
110000097,1173,1367,-194
110000098,2126,570,1556
110000099,836,1561,-725
110000100,915,443,472
110000101,28,374,-346
110000102,65,26,39
110000104,370,111,259
110000105,46,289,-243
110000106,676,464,212
110000107,288,442,-154
110000108,123,81,42
110000109,343,327,16
110000110,3122,5333,-2211
110000111,6006,3270,2736
110000112,1322,1429,-107
110000113,374,2241,-1867
110000114,199,597,-398
110000115,378,381,-3
110000116,70,57,13
110000117,203,334,-131
110000118,495,161,334
110000119,268,267,1
110000120,418,202,216
110000121,75,367,-292
110000122,389,584,-195
110000123,602,766,-164
110000124,8,809,-801
110000125,995,18,977
110000126,345,24,321
110000127,1331,71,1260
110000128,51,1274,-1223
110000129,4,450,-446
110000130,238,220,18
110000131,69,329,-260
110000132,0,543,-543
110000133,32,509,-477
110000134,33,357,-324
110000135,159,39,120
110000136,94,276,-182
110000137,456,654,-198
110000138,877,649,228
110000139,906,1155,-249
110000140,977,691,286
110000143,593,469,124
110000144,5725,2240,3485
110000145,2110,1375,735
110000146,3071,1013,2058
110000147,598,745,-147
110000148,693,291,402
110000151,949,1245,-296
110000152,833,362,471
110000153,108,40,68
110000154,52,37,15
110000155,1987,4473,-2486
110000156,1060,2673,-1613
110000157,2609,2533,76
110000160,480,278,202
110000161,165,253,-88
110000166,602,117,485
110000167,941,522,419
110000168,1126,496,630
110000169,956,388,568
110000170,135,72,63
110000171,701,170,531
110000172,165,767,-602
110000173,1010,1186,-176
110000174,155,863,-708
110000175,759,77,682
110000176,328,342,-14
110000177,222,850,-628
110000178,475,1460,-985
110000179,1171,377,794
110000180,211,268,-57
110000181,517,376,141
110000182,363,171,192
110000183,8577,7431,1146
110000184,356,2434,-2078
110000185,1779,1014,765
110000186,854,764,90
110000191,902,316,586
110000192,711,18,693
110000193,1083,10,1073
110000194,15,969,-954
110000195,458,246,212
110000196,473,286,187
110000197,112,159,-47
110000198,124,82,42
110000199,86,125,-39
110000200,1135,489,646
110000201,1028,1051,-23
110000202,1324,631,693
110000203,726,640,86
110000204,8,234,-226
110000205,123,47,76
110000206,579,1205,-626
110000207,1133,413,720
110000208,316,236,80
110000209,145,1290,-1145
110000210,1193,468,725
110000211,968,889,79
110000212,444,1047,-603
110000213,199,94,105
110000214,286,98,188
110000215,146,355,-209
110000216,102,277,-175
110000217,317,177,140
110000218,161,297,-136
110000219,299,109,190
110000220,64,269,-205
110000221,306,73,233
110000222,74,238,-164
110000223,2,204,-202
110000224,63,6,57
110000225,340,679,-339
110000226,249,62,187
110000227,1047,827,220
110000228,302,206,96
110000229,1,256,-255
110000230,739,682,57
110000231,155,230,-75
110000232,238,271,-33
110000233,267,337,-70
110000234,1029,1609,-580
110000235,1104,1302,-198
110000236,831,639,192
110000237,2649,1485,1164
110000238,1186,1568,-382
110000239,2085,1361,724
110000240,0,87,-87
110000242,0,14,-14
110000243,117,140,-23
110000244,163,547,-384
110000245,41,358,-317
110000246,851,489,362
110000247,1101,4668,-3567
110000248,2227,1603,624
110000249,80,11,69
110000250,35,182,-147
110000251,345,448,-103
110000252,287,205,82
110000253,1309,621,688
110000254,649,1281,-632
110000255,294,1058,-764
110000256,463,273,190
110000257,796,395,401
110000258,7,436,-429
110000259,108,34,74
110000260,29,194,-165
110000263,604,123,481
110000264,337,449,-112
110000265,1124,2081,-957
110000266,2498,3343,-845
110000267,26,192,-166
110000268,368,560,-192
110000269,3,83,-80
110000270,88,8,80
110000271,1291,279,1012
110000272,1107,1180,-73
110000273,4050,2023,2027
110000274,205,1523,-1318
110000275,1777,562,1215
110000276,358,347,11
110000277,300,310,-10
110000278,518,676,-158
110000279,797,707,90
110000280,442,452,-10
110000281,50,419,-369
110000282,369,16,353
110000283,79,159,-80
110000284,61,48,13
110000285,6,737,-731
110000286,28,0,28
110000287,75,2,73
110000288,2,108,-106
110000289,493,1950,-1457
110000290,858,593,265
110000291,4727,1418,3309
110000292,1386,4231,-2845
110000293,662,682,-20
110000294,1018,1192,-174
110000295,266,812,-546
110000296,573,387,186
110000297,2293,358,1935
110000298,200,454,-254
110000299,306,137,169
110000301,441,52,389
110000302,248,733,-485
110000303,508,15,493
110000304,83,218,-135
110000305,1313,36,1277
110000306,173,1117,-944
110000307,1686,16,1670
110000308,684,20,664
110000309,2,675,-673
110000310,618,41,577
110000311,19,609,-590
110000312,403,114,289
110000313,2523,2837,-314
110000314,0,223,-223
110000315,3580,3189,391
110000316,584,1404,-820
110000317,512,684,-172
110000318,4,89,-85
110000319,8,24,-16
110000320,59,60,-1
110000321,7,47,-40
110000322,302,359,-57
110000323,548,231,317
110000324,3246,1770,1476
110000325,2927,3173,-246
110000327,617,334,283
110000328,206,462,-256
110000333,1092,702,390
110000334,1085,1426,-341
110000335,1215,577,638
110000336,793,1073,-280
110000337,1457,646,811
110000338,596,296,300
110000339,343,239,104
110000340,55,194,-139
110000341,500,494,6
110000342,623,7,616
110000343,0,26,-26
110000344,522,180,342
110000345,523,199,324
110000346,2713,2189,524
110000347,1123,684,439
110000348,12,21,-9
110000349,9,13,-4
110000350,74,8,66
110000351,1058,800,258
110000352,684,1543,-859
110000353,2827,722,2105
110000354,1061,3027,-1966
110000355,139,87,52
110000356,1202,7,1195
110000357,474,22,452
110000361,61,41,20
110000362,81,111,-30
110000363,386,138,248
110000364,277,373,-96
110000365,195,6,189
110000366,1,111,-110
110000367,506,241,265
110000368,8,49,-41
110000369,113,5,108
110000373,1,255,-254
110000374,140,7,133
110000375,112,879,-767
110000376,27,116,-89
110000377,71,513,-442
110000378,22,400,-378
110000379,2752,1795,957
110000380,80,11,69
110000383,5,1385,-1380
110000384,2090,1445,645
110000385,1,208,-207
110000387,79,12,67
110000388,48,233,-185
110000389,765,7,758
110000391,739,368,371
110000396,214,150,64
110000397,128,150,-22
110000398,3,36,-33
110000399,120,1,119
110000587,146,68,78
110000589,245,136,109
110000640,173,37,136
110000652,15,239,-224
110000653,339,472,-133
110000654,131,261,-130
110000656,1,569,-568
110000674,44,56,-12
110000675,12,97,-85
110000676,6,37,-31
110000679,328,1376,-1048
110000682,130,210,-80
110000683,408,493,-85
110000684,10,31,-21
110000685,5,16,-11
110000686,4,30,-26
110000687,37,7,30
110000688,71,977,-906
110000689,32,27,5
110000692,52,179,-127
110000693,126,325,-199
110000694,0,148,-148
110000695,226,679,-453
110000696,69,84,-15
110900001,353,35,318
110900002,411,199,212
110900003,830,560,270
110900004,579,208,371
110900005,2386,2329,57
110900006,57,23,34
110900007,139,22,117
110900008,14,39,-25
110900009,456,155,301
110900010,8,71,-63
110900011,23,71,-48
110900012,18,86,-68
110900013,994,150,844
110900014,303,19,284
110900015,520,719,-199
110900016,66,130,-64
110900017,481,51,430
110900018,570,74,496
110900019,210,39,171
110900020,126,257,-131
110900021,100,517,-417
110900022,147,277,-130
110900023,157,514,-357
110900024,19,397,-378
110900025,7,60,-53
110900027,60,282,-222
110900028,54,154,-100
110900029,30,333,-303
110900030,54,264,-210
110900031,1,160,-159
110900032,0,66,-66
110900033,38,246,-208
110900035,35,505,-470
110900036,126,30,96
110900037,77,26,51
110900038,1121,216,905
110900039,7,252,-245
110900040,254,63,191
110900041,17,106,-89
110900042,142,39,103
110900043,0,104,-104
110900044,212,19,193
110900045,49,350,-301
110900046,41,244,-203
110900047,549,285,264
110900049,151,99,52
110900050,20,3,17
110900051,41,201,-160
110900052,5,131,-126
110900053,165,27,138
110900054,79,235,-156
110900055,35,7,28
110900056,67,106,-39
110900057,11,152,-141
110900058,258,264,-6
110900059,614,577,37
110900060,568,183,385
110900061,19,59,-40
110900062,141,220,-79
110900063,48,222,-174
110900064,24,0,24
110900065,290,118,172
110900066,6,115,-109
110900067,381,584,-203
110900068,211,222,-11
110900069,7,22,-15
110900070,124,57,67
110900071,228,656,-428
110900073,1,33,-32
110900074,337,79,258
110900075,413,67,346
110900077,959,545,414
110900078,59,53,6
110900079,2013,1626,387
110900080,104,74,30
110900081,6,41,-35
110900082,126,84,42
110900083,134,54,80
110900084,47,76,-29
110900085,84,266,-182
110900086,121,376,-255
110900087,393,103,290
110900088,11,2,9
110900090,51,64,-13
110900091,0,47,-47
110900093,291,131,160
110900095,54,59,-5
110900097,8,17,-9
110900098,34,70,-36
110900099,96,397,-301
110900100,0,17,-17
110900102,52,13,39
110900105,1313,242,1071
110900108,16,58,-42
110900111,533,267,266
110900112,863,11,852
110900113,441,56,385
110900115,8,78,-70
110900116,675,1507,-832
110900118,137,3038,-2901
110900119,3944,358,3586
110900120,22,51,-29
110900121,232,2,230
110900122,513,192,321
110900125,500,432,68
110900127,699,1555,-856
110900128,255,292,-37
110900129,476,1068,-592
110900130,975,654,321
110900131,423,74,349
110900132,403,88,315
110900133,272,189,83
110900135,131,321,-190
110900136,334,13,321
110900137,79,4,75
110900138,1299,957,342
110900139,32,173,-141
110900140,78,5,73
110900141,4,217,-213
110900142,62,179,-117
110900143,160,97,63
110900144,0,604,-604
110900145,144,62,82
110900146,443,185,258
110900147,106,542,-436
110900148,4,272,-268
110900149,9,76,-67
110900150,133,23,110
110900151,14,147,-133
110900152,37,227,-190
110900153,144,56,88
111000001,370,215,155
111000002,395,422,-27
111000003,894,605,289
111000004,413,861,-448
111000005,1321,1180,141
111000006,895,1567,-672
111000007,4650,2684,1966
111000008,2015,3280,-1265
111000009,381,740,-359
111000010,812,250,562
111000011,381,1199,-818
111000012,582,499,83
111000013,431,1046,-615
111000014,1257,439,818
111000017,145,1046,-901
111000018,298,417,-119
111000020,843,2443,-1600
111000021,107,105,2
111000023,113,92,21
111000025,4283,4168,115
111000029,79,136,-57
111000030,27,120,-93
111000031,2301,1228,1073
111000032,626,295,331
111000033,309,301,8
111000034,234,249,-15
111000037,1481,828,653
111000038,3639,2444,1195
111000039,2018,2254,-236
111000040,1840,2352,-512
111000041,1736,1680,56
111000042,3235,2334,901
111000043,2061,3323,-1262
111000044,2005,1212,793
111000045,2392,2413,-21
111000046,1636,1653,-17
111000047,2569,3748,-1179
111000049,628,514,114
111000050,1256,1191,65
111000051,532,962,-430
111000052,596,1586,-990
111000053,393,796,-403
111000054,437,764,-327
111000055,1000,1466,-466
111000056,143,403,-260
111000057,83,491,-408
111000058,385,77,308
111000059,495,295,200
111000060,3865,970,2895
111000061,664,376,288
111000062,788,364,424
111000063,1728,1086,642
111000064,717,614,103
111000065,1254,951,303
111000066,525,404,121
111000067,528,656,-128
111000068,626,972,-346
111000069,1697,1952,-255
111000070,1058,878,180
111000071,116,434,-318
111000072,1017,380,637
111000073,365,798,-433
111000074,1544,1679,-135
111000075,1041,640,401
111000076,590,631,-41
111000077,1780,1671,109
111000078,2851,1359,1492
111000079,1375,737,638
111000080,584,644,-60
111000081,1714,4928,-3214
111000082,732,628,104
111000084,981,531,450
111000085,1011,1215,-204
111000086,2764,1047,1717
111000087,679,619,60
111000088,5315,2238,3077
111000089,774,819,-45
111000090,892,1424,-532
111000091,896,493,403
111000092,1317,874,443
111000093,794,1071,-277
111000094,1828,984,844
111000095,618,2103,-1485
111000096,1721,7363,-5642
111000097,4083,1420,2663
111000098,746,1178,-432
111000099,693,1669,-976
111000100,413,1349,-936
111000101,506,890,-384
111000102,310,735,-425
111000104,622,232,390
111000107,150,743,-593
111000109,940,259,681
111000110,1486,705,781
111000111,2264,533,1731
111000112,1873,579,1294
111000113,779,1320,-541
111000114,1696,3201,-1505
111000115,5167,1203,3964
111000116,979,757,222
111000117,466,819,-353
111000118,1283,828,455
111000119,1049,983,66
111000120,567,604,-37
111000121,322,672,-350
111000122,577,1002,-425
111000123,1065,2611,-1546
111000124,444,2417,-1973
111000125,239,1274,-1035
111000126,84,769,-685
111000127,988,166,822
111000128,2014,361,1653
111000129,2625,525,2100
111000130,2303,609,1694
111000131,1750,534,1216
111000132,1502,845,657
111000133,220,152,68
111000134,157,118,39
111000135,73,187,-114
111000136,317,266,51
111000138,14,2,12
111000140,2,6,-4
111000141,257,364,-107
111000142,23,115,-92
111000143,5,154,-149
111000144,24,455,-431
111000145,1431,21,1410
111000146,55,6,49
111000147,352,37,315
111000148,144,91,53
111000149,3,23,-20
111000150,20,3,17
111000151,3,20,-17
111000153,743,869,-126
111000154,781,233,548
111000155,99,193,-94
111000156,490,653,-163
111000157,265,1209,-944
111000158,1044,862,182
111000159,2854,809,2045
111000160,487,360,127
111000161,6,304,-298
111000162,132,172,-40
111000163,846,902,-56
111000164,728,3823,-3095
111000165,1005,576,429
111000166,2181,436,1745
111000167,214,438,-224
111000168,253,551,-298
111000169,330,656,-326
111000170,536,448,88
111000171,499,656,-157
111000172,173,368,-195
111000173,385,776,-391
111000174,223,350,-127
111000175,43,327,-284
111000176,455,122,333
111000177,415,206,209
111000178,1220,287,933
111000179,225,146,79
111000180,262,438,-176
111000181,1211,251,960
111000182,212,190,22
111000183,278,384,-106
111000184,377,202,175
111000185,404,413,-9
111000186,283,198,85
111000187,168,148,20
111000188,316,388,-72
111000189,1049,634,415
111000190,166,309,-143
111000191,182,331,-149
111000192,190,450,-260
111000193,320,293,27
111000194,42,322,-280
111000195,130,312,-182
111000196,67,150,-83
111000197,378,145,233
111000198,490,108,382
111000199,203,134,69
111000200,385,295,90
111000201,707,239,468
111000202,306,157,149
111000203,312,248,64
111000204,389,840,-451
111000213,248,440,-192
111000214,1543,1282,261
111000215,987,1099,-112
111000217,1506,931,575
111000218,1132,1135,-3
111000219,435,205,230
111000220,1557,956,601
111000221,716,122,594
111000224,0,217,-217
111000225,216,45,171
111000226,89,0,89
111000227,36,2,34
111000228,36,386,-350
111000229,56,877,-821
111000230,245,322,-77
111000231,989,711,278
111000232,528,842,-314
111000233,940,649,291
111000234,147,442,-295
111000239,126,157,-31
111000240,48,168,-120
111000241,73,312,-239
111000242,206,41,165
111000243,80,528,-448
111000244,478,85,393
111000245,1125,370,755
111000246,551,324,227
111000247,400,684,-284
111000248,649,458,191
111000249,492,598,-106
111000250,40,124,-84
111000251,68,136,-68
111000253,20,18,2
111000255,45,6,39
111000257,54,19,35
111000260,68,1053,-985
111000261,1302,111,1191
111000271,54,263,-209
111000273,3459,1241,2218
111000274,1237,2550,-1313
111000275,139,48,91
111000276,255,1643,-1388
111000277,200,443,-243
111000278,617,237,380
111000291,751,5947,-5196
111000298,536,252,284
111000299,663,133,530
111000300,134,476,-342
111000302,306,53,253
111000303,61,222,-161
111000312,44,80,-36
111000315,0,48,-48
111000320,323,672,-349
111000321,429,135,294
111000322,353,470,-117
111000323,210,27,183
111000324,393,247,146
111000325,60,65,-5
111000326,209,276,-67
111000327,370,360,10
111000328,292,507,-215
111000329,0,28,-28
111000330,57,10,47
111000331,6,4,2
111000332,588,1299,-711
111000334,375,1139,-764
111000335,780,301,479
111000337,1253,390,863
111000338,112,108,4
111000339,692,313,379
111000340,119,540,-421
111000341,1140,621,519
111000342,261,775,-514
111000344,1031,728,303
111000345,313,68,245
111000346,19,133,-114
111000347,133,25,108
111000350,222,151,71
111000351,120,329,-209
111000352,197,109,88
111000353,147,272,-125
111000354,496,148,348
111000355,301,661,-360
111000358,142,1061,-919
111000360,219,606,-387
111000361,132,287,-155
111000546,892,637,255
111000547,382,521,-139
111000548,130,412,-282
111000549,342,319,23
111000550,88,1080,-992
111000551,768,185,583
111000552,1697,198,1499
111000907,327,22,305
111000908,33,0,33
111000916,1561,331,1230
111000917,38,468,-430
111000918,198,669,-471
111000920,409,7,402
111000921,7,152,-145
111000922,566,310,256
111000924,55,682,-627
111000925,2157,1798,359
111000926,978,1302,-324
111000927,3012,4425,-1413
111000928,4299,2929,1370
111000929,1186,1223,-37
111000930,713,1954,-1241
111000931,2224,2705,-481
111000932,4317,2444,1873
111000933,3766,2576,1190
111000934,1839,3664,-1825
111000935,1595,885,710
111000936,1110,2076,-966
111000937,1125,1325,-200
111000938,1372,1436,-64
111000939,537,53,484
111000940,518,189,329
111000941,390,468,-78
111000943,402,231,171
111000944,175,300,-125
111000945,86,1248,-1162
111001109,457,385,72
111001110,162,451,-289
111001111,77,1,76
111001112,115,0,115
111001113,1,139,-138
111001114,839,85,754
111001115,12,540,-528
111001116,4772,3898,874
111001117,652,2481,-1829
111001120,94,260,-166
111001121,169,244,-75
111001122,187,308,-121
111001123,220,61,159
111900001,9,123,-114
111900002,30,698,-668
111900003,8,330,-322
111900004,81,131,-50
111900006,13,32,-19
111900007,118,10,108
111900008,236,5,231
111900009,246,211,35
111900010,327,501,-174
111900012,71,93,-22
111900013,27,107,-80
111900014,4544,4050,494
111900015,0,78,-78
111900016,1,133,-132
111900017,1,171,-170
111900018,289,20,269
111900019,3,176,-173
111900020,3,49,-46
111900021,45,84,-39
111900022,16,57,-41
111900023,148,82,66
111900024,0,101,-101
111900025,0,38,-38
111900026,0,61,-61
111900027,3,129,-126
111900028,4,312,-308
111900029,8,95,-87
111900030,28,466,-438
111900031,40,76,-36
111900032,2,254,-252
111900033,6,108,-102
111900034,244,543,-299
111900035,79,196,-117
111900036,3,208,-205
111900038,274,564,-290
111900039,63,454,-391
111900040,6,431,-425
111900042,63,162,-99
111900043,6,264,-258
111900044,388,214,174
111900046,37,135,-98
111900048,314,542,-228
111900049,39,238,-199
111900050,190,62,128
111900051,2,176,-174
111900052,273,446,-173
111900053,1112,1741,-629
111900054,208,9,199
111900055,20,322,-302
111900056,192,328,-136
111900057,170,59,111
111900058,403,529,-126
111900059,1625,656,969
111900060,430,0,430
111900061,9,190,-181
111900062,40,97,-57
111900063,441,225,216
111900064,123,204,-81
111900065,92,43,49
111900066,146,129,17
111900067,2,389,-387
111900068,67,70,-3
111900069,79,25,54
111900070,162,129,33
111900071,0,195,-195
111900072,86,26,60
111900073,952,165,787
111900074,16,206,-190
111900075,123,9,114
111900076,208,66,142
111900077,95,4,91
111900078,319,20,299
111900079,38,50,-12
111900080,238,295,-57
111900081,611,193,418
111900082,136,28,108
111900083,135,11,124
111900084,142,15,127
111900085,34,145,-111
111900086,50,7,43
111900087,60,0,60
111900088,508,14,494
111900089,116,6,110
111900090,68,37,31
111900091,290,3,287
111900092,46,3,43
111900093,397,4,393
111900094,155,1,154
111900095,265,31,234
111900096,181,0,181
111900097,68,0,68
111900098,239,3,236
111900099,117,0,117
111900100,138,5,133
111900101,140,43,97
111900102,471,511,-40
111900103,95,88,7
111900104,228,87,141
111900105,427,231,196
111900106,1565,99,1466
111900107,143,120,23
111900108,154,220,-66
111900109,486,488,-2
111900110,1802,463,1339
111900111,285,158,127
111900112,626,2848,-2222
111900113,270,80,190
111900114,216,144,72
111900115,14,32,-18
111900118,316,107,209
111900119,369,201,168
111900122,181,113,68
111900123,27,33,-6
111900124,34,65,-31
111900125,601,60,541
111900126,280,5,275
111900127,4,507,-503
111900128,4,449,-445
111900129,306,10,296
111900130,288,58,230
111900131,533,5,528
111900132,20,953,-933
111900133,15,333,-318
111900134,18,173,-155
111900135,15,55,-40
111900136,75,150,-75
111900137,53,52,1
111900138,17,63,-46
111900139,63,84,-21
111900140,99,37,62
111900141,58,7,51
111900142,138,27,111
111900143,15,182,-167
111900144,6,104,-98
111900145,1,390,-389
111900146,1,206,-205
111900147,159,420,-261
111900148,30,488,-458
111900149,6,229,-223
111900150,9,147,-138
111900151,4,33,-29
111900152,74,104,-30
111900153,1234,662,572
111900154,16,275,-259
111900155,71,69,2
111900156,78,63,15
111900157,134,20,114
111900158,569,55,514
111900159,285,23,262
111900160,291,2,289
111900161,186,9,177
111900162,77,153,-76
111900163,62,207,-145
111900164,103,71,32
111901113,518,143,375
111901114,240,233,7
111901115,69,2,67
111901116,38,3,35
111901117,16,27,-11
111901118,58,197,-139
111901119,686,59,627
111901120,98,124,-26
111901121,127,153,-26
111901122,5,390,-385
111901123,243,259,-16
111901124,176,5,171
111901125,379,179,200
111901126,148,88,60
111901127,557,519,38
111901128,7,88,-81
111901129,4,133,-129
111901130,9,163,-154
111901131,4,296,-292
111901132,67,23,44
111901133,51,3,48
111901134,78,9,69
111901135,25,14,11
111901136,43,77,-34
111901137,3,46,-43
111901138,218,48,170
111901139,44,22,22
111901140,8,101,-93
111901141,9,151,-142
111901142,4,77,-73
111901143,6,118,-112
111901144,62,49,13
111901145,96,277,-181
112000001,1888,718,1170
112000002,658,2059,-1401
112000003,1522,1093,429
112000004,695,960,-265
112000005,3570,3446,124
112000006,2106,1820,286
112000007,3283,2273,1010
112000008,2710,3678,-968
112000009,3168,2874,294
112000010,3173,3888,-715
112000011,1713,1686,27
112000012,5171,5354,-183
112000013,4352,3643,709
112000014,2728,2957,-229
112000015,3568,4136,-568
112000016,5780,1861,3919
112000017,2419,3818,-1399
112000024,2492,1084,1408
112000026,3468,4092,-624
112000027,993,691,302
112000028,1327,1650,-323
112000029,597,804,-207
112000030,156,113,43
112000031,1452,5405,-3953
112000032,442,92,350
112000033,1970,2330,-360
112000034,312,93,219
112000035,122,637,-515
112000036,847,1510,-663
112000037,1275,1038,237
112000038,1380,1315,65
112000039,69,82,-13
112000040,104,278,-174
112000041,458,472,-14
112000042,1191,503,688
112000050,1407,1628,-221
112000051,1241,1511,-270
112000054,1759,1976,-217
112000057,788,540,248
112000058,481,876,-395
112000059,613,999,-386
112000061,3164,1979,1185
112000062,1568,999,569
112000063,1012,1556,-544
112000064,4236,5098,-862
112000065,1784,2429,-645
112000066,4038,1547,2491
112000067,853,715,138
112000068,3517,2494,1023
112000069,820,1863,-1043
112000070,2292,820,1472
112000071,1125,2995,-1870
112000072,2630,996,1634
112000073,1955,2909,-954
112000074,1951,1393,558
112000075,1481,1449,32
112000076,3933,2796,1137
112000077,947,581,366
112000078,1875,753,1122
112000079,1637,1462,175
112000080,740,828,-88
112000081,1479,2347,-868
112000082,1628,871,757
112000083,551,1236,-685
112000084,1246,827,419
112000085,1135,866,269
112000086,1773,1181,592
112000087,551,394,157
112000088,972,514,458
112000089,548,397,151
112000090,302,333,-31
112000091,646,908,-262
112000092,1995,1152,843
112000093,1566,850,716
112000094,716,866,-150
112000095,719,863,-144
112000096,676,533,143
112000097,1447,821,626
112000098,1049,1130,-81
112000099,810,1866,-1056
112000100,1982,820,1162
112000101,534,934,-400
112000102,1350,546,804
112000103,376,1018,-642
112000105,502,1375,-873
112000106,1618,395,1223
112000107,24,256,-232
112000108,268,1563,-1295
112000109,73,85,-12
112000110,1873,506,1367
112000111,1348,5241,-3893
112000112,6857,896,5961
112000113,967,1968,-1001
112000114,3699,1164,2535
112000115,500,516,-16
112000116,803,1153,-350
112000117,1082,884,198
112000118,1157,864,293
112000119,521,643,-122
112000120,95,359,-264
112000121,124,417,-293
112000122,359,169,190
112000123,731,158,573
112000124,405,73,332
112000125,264,295,-31
112000126,259,397,-138
112000127,2768,2689,79
112000128,1080,943,137
112000129,134,103,31
112000130,201,85,116
112000131,50,257,-207
112000132,162,271,-109
112000133,342,207,135
112000134,508,409,99
112000135,1740,808,932
112000136,1372,1445,-73
112000137,3291,2392,899
112000138,3303,1474,1829
112000139,1062,624,438
112000140,1291,1243,48
112000141,891,333,558
112000142,150,663,-513
112000143,1162,209,953
112000144,327,1145,-818
112000145,2644,689,1955
112000146,578,1690,-1112
112000147,2480,1824,656
112000148,1566,2077,-511
112000149,832,662,170
112000150,280,622,-342
112000151,299,347,-48
112000152,497,394,103
112000153,179,257,-78
112000154,139,257,-118
112000155,163,131,32
112000157,1114,641,473
112000158,369,432,-63
112000159,525,340,185
112000167,523,86,437
112000169,349,442,-93
112000173,856,250,606
112000175,478,374,104
112000176,3075,2188,887
112000177,780,215,565
112000178,148,409,-261
112000179,285,93,192
112000180,309,376,-67
112000181,1515,1743,-228
112000182,1369,1514,-145
112000183,45,48,-3
112000184,393,364,29
112000185,580,518,62
112000187,4357,3014,1343
112000195,147,20,127
112000196,300,2,298
112000197,260,230,30
112000198,61,283,-222
112000199,1098,917,181
112000202,477,2,475
112000216,107,217,-110
112000230,101,5,96
112000231,6,268,-262
112000256,48,300,-252
112000313,85,165,-80
112000314,114,42,72
112000337,842,664,178
112000352,526,458,68
112000392,1396,1234,162
112000398,1544,976,568
112000399,1826,2450,-624
112000400,1780,2803,-1023
112000401,2840,2314,526
112000402,3509,3645,-136
112000403,2043,3227,-1184
112000404,1046,949,97
112000405,1991,2924,-933
112000406,3375,2221,1154
112000407,7855,8695,-840
112000408,8018,6143,1875
112000409,1579,4164,-2585
112000410,547,378,169
112000411,4152,2130,2022
112000412,1441,762,679
112000413,7521,6334,1187
112000414,92,88,4
112000415,135,74,61
112000416,2637,1470,1167
112000417,295,72,223
112000421,68,155,-87
112000422,337,326,11
112000424,2133,2826,-693
112000425,588,664,-76
112000426,151,331,-180
112000427,0,26,-26
112000428,210,342,-132
112000429,2405,2553,-148
112000430,2595,2916,-321
112000431,88,126,-38
112000432,719,1227,-508
112000433,501,1053,-552
112000437,44,164,-120
112900001,63,0,63
112900002,456,838,-382
112900003,75,368,-293
112900004,66,306,-240
112900005,255,188,67
112900006,18,332,-314
112900007,55,225,-170
112900008,0,35,-35
112900009,452,149,303
112900010,330,879,-549
112900011,188,256,-68
112900012,1,53,-52
112900013,16,282,-266
112900014,1,309,-308
112900015,461,674,-213
112900016,4,260,-256
112900017,40,240,-200
112900018,0,245,-245
112900019,47,177,-130
112900020,443,1108,-665
112900021,4,230,-226
112900022,17,88,-71
112900023,5,168,-163
112900024,23,280,-257
112900025,132,267,-135
112900026,7,211,-204
112900027,96,965,-869
112900028,18,144,-126
112900029,18,481,-463
112900030,123,165,-42
112900031,4,419,-415
112900032,453,239,214
112900034,2,53,-51
112900035,5,382,-377
112900036,87,157,-70
112900037,162,220,-58
112900038,878,220,658
112900039,18,214,-196
112900040,7,1294,-1287
112900041,879,1247,-368
112900042,116,295,-179
112900043,52,60,-8
112900044,472,530,-58
112900045,350,292,58
112900046,247,92,155
112900047,12,42,-30
112900049,320,95,225
112900050,37,525,-488
112900051,349,551,-202
112900052,28,705,-677
112900053,597,231,366
112900054,380,80,300
112900055,174,58,116
112900056,422,225,197
112900057,27,480,-453
112900058,431,311,120
112900059,208,202,6
112900060,26,163,-137
112900061,91,101,-10
112900062,80,134,-54
112900063,163,26,137
112900064,217,221,-4
112900065,65,43,22
112900066,381,184,197
112900067,440,226,214
112900068,98,57,41
112900069,2406,890,1516
112900071,45,6,39
112900072,314,2235,-1921
112900073,470,104,366
112900074,99,319,-220
112900075,1592,1029,563
112900076,94,41,53
112900078,332,456,-124
112900079,291,44,247
112900080,98,7,91
112900081,68,235,-167
112900082,546,33,513
112900083,155,165,-10
112900084,213,121,92
112900085,3,13,-10
112900086,90,1,89
112900087,746,203,543
112900088,234,44,190
112900089,1174,31,1143
112900090,56,41,15
112900091,243,9,234
112900092,343,321,22
112900093,1584,32,1552
112900094,120,4,116
112900095,52,2,50
112900096,576,202,374
112900097,139,316,-177
112900098,486,1,485
112900099,864,28,836
112900100,125,3,122
112900101,332,2,330
112900102,345,9,336
112900103,204,10,194
112900104,29,0,29
112900105,33,1,32
112900106,427,154,273
112900107,21,1,20
112900108,53,2,51
112900109,161,2,159
112900110,1218,51,1167
112900111,828,13,815
112900112,364,4,360
112900113,0,13,-13
112900114,139,48,91
112900115,1178,7,1171
112900116,181,40,141
112900117,81,88,-7
112900118,32,117,-85
112900119,147,3,144
112900120,1035,312,723
112900121,85,230,-145
112900122,26,131,-105
112900123,183,26,157
112900124,27,148,-121
112900125,83,656,-573
112900126,194,205,-11
112900127,451,76,375
112900128,276,746,-470
112900129,4,916,-912
112900130,275,105,170
112900131,29,319,-290
112900132,177,588,-411
112900133,41,1504,-1463
112900134,0,301,-301
112900135,98,39,59
112900136,0,24,-24
112900137,2,511,-509
112900138,15,252,-237
112900139,217,1131,-914
112900140,0,67,-67
112900141,918,71,847
112900142,78,175,-97
112900143,38,510,-472
112900144,1,226,-225
112900145,21,431,-410
112900146,4,981,-977
112900147,12,1316,-1304
112900148,76,3,73
112900149,235,586,-351
112900151,16,62,-46
112900152,4278,939,3339
112900153,1986,2598,-612
112900154,0,118,-118
112900155,216,61,155
112900156,401,1316,-915
112900157,288,12,276
112900158,89,17,72
112900159,264,125,139
112900160,88,275,-187
112900161,84,38,46
112900162,70,24,46
112900163,91,51,40
112900164,48,226,-178
112900165,185,38,147
112900166,31,82,-51
112900167,1,76,-75
112900168,3,12,-9
112900169,17,12,5
112900170,160,132,28
112900172,76,14,62
112900173,173,110,63
112900174,279,37,242
112900175,132,113,19
112900176,13,61,-48
112900177,214,43,171
112900178,939,2687,-1748
112900179,43,494,-451
112900180,2168,1982,186
112900181,663,6,657
112900182,48,939,-891
112900183,205,378,-173
112900184,531,528,3
112900185,396,957,-561
112900186,1412,1340,72
112900187,109,649,-540
112900188,624,1015,-391
112900189,19,35,-16
112900190,27,34,-7
112900192,778,779,-1
112900193,1658,392,1266
112900194,57,98,-41
112900195,1095,62,1033
112900196,229,324,-95
112900197,252,449,-197
112900199,653,455,198
112900200,589,222,367
112900201,157,85,72
112900202,449,765,-316
112900203,296,240,56
112900204,1023,678,345
112900205,10,15,-5
112900206,20,112,-92
112900207,20,1,19
112900208,100,318,-218
112900209,478,367,111
112900210,0,20,-20
112900211,152,87,65
112900212,1,103,-102
112900213,54,29,25
112900214,24,12,12
112900215,20,184,-164
112900216,39,84,-45
112900217,0,69,-69
112900218,158,69,89
112900219,206,26,180
112900220,5,0,5
112900221,72,83,-11
112900222,0,33,-33
112900223,1225,31,1194
112900224,414,514,-100
112900225,390,368,22
112900226,345,479,-134
112900227,767,970,-203
112900228,64,50,14
112900229,267,58,209
112900230,8042,5096,2946
112900232,449,359,90
112900233,90,172,-82
112900234,30,102,-72
112900235,147,35,112
112900236,320,10,310
112900237,165,168,-3
112900238,9,25,-16
112900239,413,423,-10
113000001,6492,4789,1703
113000002,4301,4160,141
113000003,2063,1559,504
113000004,1882,2390,-508
113000005,2081,1067,1014
113000006,1257,1455,-198
113000007,2410,1272,1138
113000008,1904,1820,84
113000009,1300,814,486
113000010,1086,1453,-367
113000011,853,1835,-982
113000012,2238,715,1523
113000013,1404,765,639
113000014,1659,1830,-171
113000015,785,382,403
113000016,435,1184,-749
113000017,107,387,-280
113000018,440,99,341
113000019,356,339,17
113000020,481,57,424
113000021,1258,586,672
113000022,677,1140,-463
113000025,190,471,-281
113000026,377,596,-219
113000027,548,771,-223
113000028,1047,752,295
113000029,1014,673,341
113000030,415,865,-450
113000031,291,364,-73
113000032,348,304,44
113000033,364,494,-130
113000034,416,392,24
113000035,73,58,15
113000036,27,84,-57
113000037,103,45,58
113000038,34,106,-72
113000039,92,390,-298
113000040,60,96,-36
113000042,866,746,120
113000051,1036,2449,-1413
113000052,2068,926,1142
113000053,496,412,84
113000054,440,725,-285
113000055,1248,641,607
113000056,1039,872,167
113000058,753,969,-216
113000059,1275,672,603
113000060,241,512,-271
113000061,494,803,-309
113000062,997,325,672
113000063,210,127,83
113000064,50,288,-238
113000065,164,726,-562
113000066,789,108,681
113000067,2359,1124,1235
113000068,345,1160,-815
113000069,608,1086,-478
113000070,2721,1026,1695
113000071,556,666,-110
113000072,904,503,401
113000073,406,1403,-997
113000074,996,421,575
113000075,2106,661,1445
113000076,678,2122,-1444
113000077,1449,822,627
113000078,924,2751,-1827
113000079,1032,985,47
113000080,796,907,-111
113000081,1085,1089,-4
113000082,1507,1057,450
113000083,659,930,-271
113000084,1832,1395,437
113000085,975,724,251
113000086,1323,1195,128
113000087,1061,921,140
113000088,2512,1547,965
113000089,1057,1585,-528
113000090,347,606,-259
113000091,640,414,226
113000094,1183,189,994
113000095,251,921,-670
113000096,162,850,-688
113000097,1170,400,770
113000098,161,68,93
113000099,1080,448,632
113000100,148,456,-308
113000101,458,650,-192
113000102,680,482,198
113000103,1850,451,1399
113000104,554,2204,-1650
113000105,984,592,392
113000106,431,604,-173
113000107,900,718,182
113000108,655,1198,-543
113000109,690,1890,-1200
113000110,2052,560,1492
113000111,113,656,-543
113000112,285,319,-34
113000113,1771,392,1379
113000114,342,1674,-1332
113000116,818,382,436
113000117,1174,129,1045
113000118,108,729,-621
113000119,331,409,-78
113000120,53,263,-210
113000121,841,1367,-526
113000124,258,123,135
113000125,101,816,-715
113000127,2301,394,1907
113000128,563,601,-38
113000129,698,833,-135
113000133,2464,1995,469
113000134,13,1082,-1069
113000135,4553,4620,-67
113000137,2186,3893,-1707
113000139,472,307,165
113000140,181,270,-89
113000141,429,328,101
113000142,755,1630,-875
113000143,378,252,126
113000144,351,747,-396
113000145,87,195,-108
113000146,146,92,54
113000147,188,144,44
113000148,232,152,80
113000149,148,152,-4
113000150,670,339,331
113000151,85,64,21
113000152,38,143,-105
113000153,1582,693,889
113000154,1129,1784,-655
113000155,444,639,-195
113000156,197,389,-192
113000157,378,938,-560
113000158,864,278,586
113000159,1205,626,579
113000160,672,1130,-458
113000161,280,450,-170
113000162,1017,406,611
113000163,113,49,64
113000164,41,92,-51
113000166,159,89,70
113000167,55,116,-61
113000168,122,131,-9
113000169,281,52,229
113000170,124,73,51
113000171,45,109,-64
113000172,307,92,215
113000173,76,52,24
113000174,124,392,-268
113000175,463,115,348
113000176,593,150,443
113000177,188,397,-209
113000178,249,332,-83
113000179,399,192,207
113000180,736,1116,-380
113000181,1044,884,160
113000182,164,505,-341
113000183,145,657,-512
113000184,23,174,-151
113000189,556,1095,-539
113000190,1055,712,343
113000192,1211,2719,-1508
113000193,3921,1622,2299
113000194,1548,1197,351
113000195,2553,1200,1353
113000196,187,104,83
113000197,1441,1254,187
113000198,86,323,-237
113000199,2099,550,1549
113000201,237,302,-65
113000202,3719,1425,2294
113000203,226,107,119
113000204,1271,2625,-1354
113000205,12,27,-15
113000206,13,45,-32
113000207,150,30,120
113000208,67,50,17
113000209,19,33,-14
113000210,17,23,-6
113000211,139,212,-73
113000212,92,20,72
113000213,43,152,-109
113000214,183,229,-46
113000234,214,908,-694
113000410,263,306,-43
113000411,2918,5151,-2233
113000412,6832,2608,4224
113000413,2769,3159,-390
113000414,6637,16196,-9559
113000415,2512,3247,-735
113000416,9262,4772,4490
113000417,2892,3553,-661
113000418,5219,4140,1079
113000419,2257,2649,-392
113000420,5164,7204,-2040
113000421,4638,7290,-2652
113000422,13380,12232,1148
113000423,2566,5890,-3324
113000424,3567,9499,-5932
113000425,22,92,-70
113000428,118,107,11
113000430,7,342,-335
113000432,2175,195,1980
113000433,124,694,-570
113000434,13,136,-123
113000435,25,538,-513
113000436,17,1101,-1084
113000437,1157,14,1143
113000438,324,3,321
113000439,10,87,-77
113000440,88,21,67
113000441,179,205,-26
113000442,132,143,-11
113000443,222,207,15
113000444,160,157,3
113000445,108,104,4
113000446,10,68,-58
113000448,204,190,14
113000449,197,649,-452
113000450,626,1713,-1087
113000451,1116,182,934
113000452,344,308,36
113000453,43,374,-331
113000454,612,31,581
113000455,5,350,-345
113000456,4265,3284,981
113000468,1687,222,1465
113000469,197,186,11
113000470,402,26,376
113000471,16,408,-392
113000472,120,347,-227
113000474,668,606,62
113000475,1581,1877,-296
113000476,1540,1990,-450
113000477,3524,2136,1388
113000478,3957,5713,-1756
113000479,69,178,-109
113000480,99,259,-160
113000481,0,0,0
113000482,0,0,0
113000483,0,0,0
113000484,0,0,0
113000485,0,0,0
113000486,9,1,8
113000487,1,0,1
113000488,0,0,0
113000489,2,1,1
113000490,0,7,-7
113000491,28,16,12
113000492,2,9,-7
113000493,0,0,0
113000495,127,118,9
113000496,73,84,-11
113000500,0,1,-1
113900001,2,226,-224
113900002,1,89,-88
113900003,1,73,-72
113900004,0,40,-40
113900005,1,85,-84
113900006,0,16,-16
113900007,64,28,36
113900008,27,0,27
113900009,177,0,177
113900010,73,0,73
113900011,38,0,38
113900012,25,0,25
113900013,233,4,229
113900014,615,3,612
113900015,0,88,-88
113900016,59,0,59
113900017,2,66,-64
113900018,475,274,201
113900019,123,44,79
113900020,157,2,155
113900022,55,0,55
113900023,23,0,23
113900024,20,64,-44
113900025,338,47,291
113900026,113,1,112
113900027,5,120,-115
113900028,21,369,-348
113900029,44,176,-132
113900030,211,5,206
113900031,19,3,16
113900032,30,0,30
113900033,78,82,-4
113900035,71,5,66
113900036,22,82,-60
113900037,153,407,-254
113900038,39,144,-105
113900039,203,16,187
113900040,6,13,-7
113900041,10,2,8
113900042,70,67,3
113900043,180,130,50
113900044,275,354,-79
113900045,100,3,97
113900046,326,649,-323
113900047,47,122,-75
113900048,209,144,65
113900049,572,328,244
113900050,243,363,-120
113900051,250,384,-134
113900052,192,131,61
113900053,747,614,133
113900054,52,3,49
113900055,95,428,-333
113900056,69,243,-174
113900057,25,78,-53
113900058,64,133,-69
113900059,222,422,-200
113900060,176,358,-182
113900061,930,301,629
113900062,99,23,76
113900063,128,140,-12
113900064,21,132,-111
113900065,515,23,492
113900066,377,315,62
113900067,157,282,-125
113900068,536,397,139
113900069,83,40,43
113900070,228,599,-371
113900071,81,88,-7
113900072,61,169,-108
113900073,214,360,-146
113900074,227,435,-208
113900075,1302,1200,102
113900076,263,20,243
113900077,75,220,-145
113900078,42,64,-22
113900079,1,47,-46
113900080,660,205,455
113900081,63,223,-160
113900082,160,237,-77
113900083,374,435,-61
113900084,297,130,167
113900085,51,284,-233
113900086,18,20,-2
113900087,109,208,-99
113900088,73,94,-21
113900089,426,39,387
113900090,750,409,341
113900091,20,26,-6
113900092,31,99,-68
113900093,95,748,-653
113900094,518,482,36
113900095,164,98,66
113900096,343,119,224
113900097,63,128,-65
113900098,702,71,631
113900099,1,54,-53
113900100,0,5,-5
113900101,15,95,-80
113900102,135,157,-22
113900103,333,346,-13
113900104,127,238,-111
113900105,129,220,-91
113900106,0,51,-51
113900107,2,48,-46
113900108,269,255,14
113900109,446,208,238
113900110,84,25,59
113900111,191,84,107
113900112,141,80,61
113900113,1135,462,673
113900114,1,72,-71
113900115,0,67,-67
113900116,160,140,20
113900117,110,24,86
113900118,246,461,-215
113900119,171,544,-373
113900120,36,64,-28
113900121,70,98,-28
113900122,536,2084,-1548
113900123,539,200,339
113900124,2,74,-72
113900125,923,128,795
113900126,134,49,85
113900127,368,821,-453
113900128,125,51,74
113900129,17,167,-150
113900130,12,132,-120
113900131,318,90,228
113900132,54,57,-3
113900133,18,54,-36
113900135,288,360,-72
113900136,151,88,63
113900137,385,303,82
113900138,95,231,-136
113900139,336,187,149
113900140,342,448,-106
113900141,637,299,338
113900142,150,67,83
113900143,14,54,-40
113900144,280,422,-142
113900145,424,191,233
113900146,161,78,83
113900148,169,337,-168
113900149,181,76,105
113900150,703,514,189
113900151,455,209,246
113900152,62,49,13
113900153,344,634,-290
113900154,4,161,-157
113900155,221,239,-18
113900156,223,460,-237
113900157,81,296,-215
113900158,448,670,-222
113900159,18,312,-294
113900160,596,535,61
113900161,74,200,-126
113900162,647,1166,-519
113900163,303,264,39
113900164,326,44,282
113900165,936,500,436
113900166,303,230,73
113900167,268,40,228
113900168,124,79,45
113900169,223,424,-201
113900171,178,86,92
113900172,6,141,-135
113900173,59,486,-427
113900174,489,570,-81
113900175,385,138,247
113900176,452,571,-119
113900177,383,216,167
113900178,352,122,230
113900179,21,350,-329
113900180,139,103,36
113900181,680,148,532
113900182,774,968,-194
113900183,60,91,-31
113900184,9,487,-478
113900185,167,80,87
113900186,78,50,28
113900187,35,146,-111
113900188,64,207,-143
113900189,310,153,157
113900190,276,137,139
113900191,114,271,-157
113900192,21,632,-611
113900193,32,160,-128
113900194,1592,922,670
113900195,243,398,-155
113900196,70,248,-178
113900197,0,185,-185
113900198,26,189,-163
113900199,167,682,-515
113900200,31,261,-230
113900201,1,160,-159
113900202,52,288,-236
113900203,0,111,-111
113900204,60,564,-504
113900205,20,183,-163
113900206,7,143,-136
113900207,4,111,-107
113900208,0,70,-70
113900209,2,88,-86
113900210,596,895,-299
113900211,255,59,196
113900212,190,395,-205
113900214,432,456,-24
113900215,120,132,-12
113900216,132,914,-782
113900217,78,189,-111
113900218,196,80,116
113900219,123,432,-309
113900220,173,128,45
113900221,478,242,236
113900222,299,602,-303
113900223,184,809,-625
113900224,74,86,-12
113900225,688,245,443
113900226,431,156,275
113900227,488,262,226
113900228,407,604,-197
113900229,69,987,-918
113900230,4349,4278,71
113900231,164,160,4
113900232,109,100,9
113900233,101,52,49
113900234,418,420,-2
113900235,153,29,124
113900236,179,269,-90
113900237,320,12,308
113900238,297,523,-226
113900239,52,97,-45
113900240,15,199,-184
113900241,164,71,93
113900242,64,155,-91
113900243,135,393,-258
113900244,368,257,111
113900245,1257,334,923
113900246,17,22,-5
113900247,151,521,-370
113900248,2626,1964,662
113900249,887,446,441
113900250,90,191,-101
113900251,691,118,573
113900252,584,25,559
113900253,739,74,665
113900254,911,170,741
113900255,504,20,484
113900256,386,29,357
113900257,37,431,-394
113900258,14,393,-379
113900259,565,168,397
113900260,178,5,173
113900261,36,93,-57
113900262,152,516,-364
113900263,174,666,-492
113900264,9,431,-422
113900265,201,331,-130
113900266,41,178,-137
113900267,130,536,-406
113900268,385,507,-122
113900269,70,171,-101
113900270,304,785,-481
113900271,708,1125,-417
113900273,64,15,49
113900274,73,45,28
113900275,53,80,-27
113900276,1,182,-181
113900277,139,9,130
113900278,347,208,139
113900279,100,90,10
113900280,1533,623,910
113900281,694,1541,-847
113900282,918,706,212
113900283,440,563,-123
113900284,897,347,550
113900285,199,117,82
113900286,138,114,24
113900287,61,125,-64
113900288,5,195,-190
113900289,1031,109,922
113900290,299,274,25
113900291,103,201,-98
113900292,14,4,10
113900293,2,219,-217
113900294,398,30,368
113900295,527,486,41
113900296,2140,398,1742
113900297,2433,58,2375
113900298,18,1643,-1625
113900299,77,139,-62
113900300,4888,3570,1318
113900301,1022,429,593
113900302,2088,1113,975
113900303,566,524,42
113900304,0,94,-94
113900305,99,0,99
113900306,50,0,50
113900307,40,0,40
113900308,103,119,-16
113900309,2,769,-767
113900310,1,13,-12
113900311,13,0,13
113900312,219,245,-26
113900313,22,7,15
114000001,1105,2509,-1404
114000002,333,372,-39
114000003,43,283,-240
114000004,344,434,-90
114000005,238,224,14
114000006,2353,2186,167
114000007,724,1284,-560
114000008,1343,1962,-619
114000009,700,220,480
114000011,2850,2404,446
114000012,2466,1760,706
114000013,1767,1394,373
114000014,457,251,206
114000015,1950,355,1595
114000016,256,267,-11
114000017,164,316,-152
114000018,272,61,211
114000026,1970,1251,719
114000027,3376,1980,1396
114000028,2481,2816,-335
114000038,271,134,137
114000039,86,45,41
114000040,136,213,-77
114000042,197,163,34
114000043,58,97,-39
114000044,268,57,211
114000045,45,61,-16
114000046,2966,5315,-2349
114000047,7,110,-103
114000048,77,46,31
114000049,1431,1490,-59
114000050,1666,2114,-448
114000051,2929,2121,808
114000052,3934,2167,1767
114000053,124,731,-607
114000054,208,978,-770
114000055,231,37,194
114000056,1137,929,208
114000057,5102,2396,2706
114000058,612,1512,-900
114000059,353,352,1
114000060,593,871,-278
114000061,3094,3157,-63
114000062,2527,1698,829
114000063,2550,1699,851
114000064,6257,3980,2277
114000065,1613,2542,-929
114000066,502,622,-120
114000067,56,868,-812
114000068,522,810,-288
114000069,1056,600,456
114000070,2479,1817,662
114000071,731,590,141
114000072,621,251,370
114000073,10,54,-44
114000074,40,15,25
114000075,48,116,-68
114000076,28,98,-70
114000077,9,47,-38
114000078,570,734,-164
114000079,155,12,143
114000080,96,93,3
114000081,69,95,-26
114000082,49,349,-300
114000083,50,294,-244
114000084,385,84,301
114000085,71,545,-474
114000086,234,339,-105
114000087,156,160,-4
114000088,48,69,-21
114000089,940,403,537
114000090,956,905,51
114000091,1761,717,1044
114000092,1071,531,540
114000093,1455,605,850
114000094,335,326,9
114000095,292,179,113
114000096,122,425,-303
114000097,114,555,-441
114000098,534,90,444
114000099,670,494,176
114000100,1501,630,871
114000101,483,708,-225
114000102,599,301,298
114000103,149,350,-201
114000104,103,188,-85
114000105,235,96,139
114000106,827,1147,-320
114000107,388,136,252
114000108,1241,956,285
114000109,528,1040,-512
114000110,600,1307,-707
114000111,1827,833,994
114000112,536,1675,-1139
114000113,1193,584,609
114000114,1236,1215,21
114000115,2081,1174,907
114000116,907,679,228
114000117,3330,427,2903
114000118,2674,455,2219
114000119,1678,464,1214
114000120,535,774,-239
114000121,467,767,-300
114000122,419,249,170
114000123,2163,320,1843
114000124,821,238,583
114000125,769,1260,-491
114000126,1505,238,1267
114000127,336,149,187
114000128,839,305,534
114000130,466,520,-54
114000131,317,82,235
114000132,665,532,133
114000133,1130,1374,-244
114000134,80,143,-63
114000138,52,263,-211
114000139,494,305,189
114000144,943,515,428
114000145,88,215,-127
114000146,135,269,-134
114000147,1583,2030,-447
114000148,1932,1756,176
114000149,359,287,72
114000150,608,653,-45
114000151,879,1412,-533
114000152,116,29,87
114000153,803,2402,-1599
114000154,832,719,113
114000155,1201,2132,-931
114000156,891,608,283
114000157,293,948,-655
114000158,1440,806,634
114000159,190,378,-188
114000160,150,428,-278
114000161,1441,3333,-1892
114000162,1182,3015,-1833
114000163,15,131,-116
114000165,761,345,416
114000166,937,475,462
114000167,2886,1479,1407
114000168,690,673,17
114000169,1542,1530,12
114000170,1039,1095,-56
114000171,1392,2014,-622
114000174,304,468,-164
114000176,535,494,41
114000177,1755,845,910
114000178,51,51,0
114000179,1232,683,549
114000180,510,653,-143
114000181,1800,3876,-2076
114000182,3322,2523,799
114000183,737,682,55
114000184,527,1034,-507
114000185,1180,857,323
114000189,970,179,791
114000190,2744,382,2362
114000191,46,94,-48
114000192,224,1298,-1074
114000193,669,2349,-1680
114000194,1245,810,435
114000195,179,31,148
114000196,6,199,-193
114000197,1322,19,1303
114000198,795,313,482
114000199,1928,1659,269
114000200,603,1746,-1143
114000201,186,879,-693
114000202,1006,599,407
114000203,443,564,-121
114000204,209,388,-179
114000205,241,1375,-1134
114000206,622,1232,-610
114000207,554,1686,-1132
114000208,537,2357,-1820
114000209,656,2089,-1433
114000210,252,1081,-829
114000211,1037,1426,-389
114000212,815,808,7
114000213,1338,546,792
114000214,74,211,-137
114000215,217,86,131
114000216,1168,293,875
114000217,353,201,152
114000218,175,220,-45
114000219,1246,240,1006
114000220,26,771,-745
114000221,918,141,777
114000222,168,858,-690
114000223,491,143,348
114000224,97,519,-422
114000225,253,547,-294
114000226,216,220,-4
114000227,795,477,318
114000228,895,743,152
114000229,1211,1148,63
114000230,1647,1118,529
114000231,945,1258,-313
114000232,699,112,587
114000233,2149,137,2012
114000234,1072,932,140
114000235,1179,1163,16
114000236,0,398,-398
114000237,136,790,-654
114000238,109,196,-87
114000239,185,1044,-859
114000240,763,821,-58
114000241,227,802,-575
114000242,941,796,145
114000243,1528,854,674
114000244,544,396,148
114000245,331,645,-314
114000246,122,45,77
114000247,706,616,90
114000248,1344,503,841
114000249,506,424,82
114000250,484,753,-269
114000251,493,240,253
114000252,74,79,-5
114000253,124,200,-76
114000254,53,73,-20
114000255,535,198,337
114000256,1609,2299,-690
114000257,426,1224,-798
114000258,225,406,-181
114000259,81,196,-115
114000260,0,30,-30
114000261,43,47,-4
114000262,313,144,169
114000263,9,1,8
114000264,1180,607,573
114000265,0,0,0
114000267,3,1372,-1369
114000268,13,1222,-1209
114000270,195,4,191
114000271,387,91,296
114000283,1149,464,685
114000285,27,170,-143
114000288,95,274,-179
114000289,1343,107,1236
114000293,224,437,-213
114000294,211,349,-138
114000395,1156,46,1110
114000396,578,519,59
114000402,527,255,272
114000403,305,387,-82
114000405,175,452,-277
114000423,364,375,-11
114000424,501,199,302
114000425,710,412,298
114000426,389,763,-374
114000427,93,79,14
114000428,167,245,-78
114000429,19,213,-194
114000432,112,111,1
114000434,23,67,-44
114000435,2,145,-143
114000436,2558,833,1725
114000437,428,2919,-2491
114900001,736,845,-109
114900002,518,143,375
114900003,683,1214,-531
114900004,216,445,-229
114900005,599,669,-70
114900006,66,100,-34
114900007,439,23,416
114900008,158,73,85
114900010,1681,1802,-121
114900011,245,166,79
114900013,256,151,105
114900015,81,468,-387
114900018,820,15,805
114900020,221,85,136
114900022,53,651,-598
114900024,306,169,137
114900025,582,217,365
114900026,85,159,-74
114900027,231,240,-9
114900029,21,16,5
114900030,302,228,74
114900031,387,25,362
114900032,468,32,436
114900033,954,856,98
114900034,68,212,-144
114900035,155,244,-89
114900036,218,605,-387
114900037,135,129,6
114900038,174,636,-462
114900039,534,573,-39
114900040,75,129,-54
114900041,751,397,354
114900042,917,648,269
114900043,580,269,311
114900044,164,44,120
114900046,49,104,-55
114900047,262,2038,-1776
114900048,113,242,-129
114900049,5,172,-167
114900050,53,355,-302
114900051,20,385,-365
114900052,98,238,-140
114900053,115,248,-133
114900054,49,127,-78
114900057,271,14,257
114900058,0,65,-65
114900059,135,56,79
114900060,1086,894,192
114900061,102,126,-24
114900062,215,346,-131
114900063,85,211,-126
114900064,1594,491,1103
114900065,476,628,-152
114900067,54,394,-340
114900068,83,137,-54
114900069,222,123,99
114900070,529,440,89
114900072,14,247,-233
114900073,3,142,-139
114900074,680,584,96
114900075,384,10,374
114900076,20,321,-301
114900080,1782,378,1404
114900082,3286,2342,944
114900083,1056,1221,-165
114900090,379,170,209
114900091,162,189,-27
114900095,276,109,167
114900096,492,683,-191
114900097,147,4,143
114900098,7,210,-203
114900099,256,16,240
115000001,5505,3642,1863
115000002,3905,4075,-170
115000003,4674,3192,1482
115000004,4310,5797,-1487
115000005,1451,2106,-655
115000006,902,1540,-638
115000007,113,170,-57
115000008,393,566,-173
115000009,212,241,-29
115000010,259,214,45
115000013,114,182,-68
115000015,61,275,-214
115000016,257,339,-82
115000019,49,440,-391
115000020,125,761,-636
115000021,238,429,-191
115000022,575,406,169
115000023,421,687,-266
115000024,1178,504,674
115000025,900,749,151
115000026,171,418,-247
115000027,291,302,-11
115000028,277,771,-494
115000029,612,123,489
115000030,1072,1224,-152
115000031,1373,482,891
115000032,14,262,-248
115000033,180,46,134
115000034,80,1287,-1207
115000035,1290,68,1222
115000036,0,489,-489
115000037,667,7,660
115000038,52,205,-153
115000039,3410,3777,-367
115000040,5699,3039,2660
115000041,1063,3539,-2476
115000042,770,670,100
115000043,3850,2284,1566
115000044,3256,3497,-241
115000045,2779,1473,1306
115000046,2502,2337,165
115000047,2306,1394,912
115000048,1568,2084,-516
115000049,1529,2968,-1439
115000050,3234,1741,1493
115000051,1899,2812,-913
115000052,1971,1751,220
115000053,1891,1752,139
115000054,645,1168,-523
115000055,213,636,-423
115000056,234,559,-325
115000057,592,1054,-462
115000058,465,318,147
115000059,223,140,83
115000061,207,164,43
115000062,235,311,-76
115000063,355,320,35
115000064,254,152,102
115000065,58,461,-403
115000067,209,13,196
115000069,90,343,-253
115000070,28,940,-912
115000071,124,20,104
115000072,12,71,-59
115000073,1336,80,1256
115000075,89,67,22
115000076,2839,2811,28
115000077,1999,2152,-153
115000078,1448,1249,199
115000079,1270,1572,-302
115000080,2390,1980,410
115000081,485,960,-475
115000082,4053,3533,520
115000083,2041,2052,-11
115000084,2524,1014,1510
115000085,873,890,-17
115000086,1379,757,622
115000087,533,1487,-954
115000088,1978,755,1223
115000089,1337,1242,95
115000090,599,802,-203
115000091,246,906,-660
115000092,615,327,288
115000093,551,3,548
115000094,6086,5442,644
115000095,4568,5741,-1173
115000096,868,1345,-477
115000097,1128,808,320
115000098,1129,748,381
115000099,2703,2422,281
115000100,1053,373,680
115000101,420,1302,-882
115000102,510,229,281
115000103,304,675,-371
115000105,55,152,-97
115000106,616,324,292
115000107,279,335,-56
115000108,3000,2154,846
115000109,4176,4753,-577
115000110,1668,1634,34
115000111,840,1818,-978
115000112,1137,807,330
115000113,1005,969,36
115000114,1748,884,864
115000116,4163,2585,1578
115000117,3740,3296,444
115000118,2077,1954,123
115000119,1787,2645,-858
115000120,643,1461,-818
115000121,1496,1216,280
115000122,4349,1745,2604
115000123,1964,2931,-967
115000124,869,1244,-375
115000125,557,689,-132
115000126,191,338,-147
115000127,431,171,260
115000128,543,821,-278
115000129,276,295,-19
115000130,503,813,-310
115000131,725,263,462
115000132,356,388,-32
115000133,466,256,210
115000134,320,296,24
115000135,241,229,12
115000136,268,251,17
115000137,186,164,22
115000138,404,278,126
115000139,235,211,24
115000140,408,223,185
115000141,158,208,-50
115000142,217,249,-32
115000143,789,640,149
115000144,487,70,417
115000145,290,332,-42
115000146,496,344,152
115000147,421,429,-8
115000148,316,987,-671
115000149,547,219,328
115000150,725,780,-55
115000151,1156,511,645
115000152,836,1074,-238
115000153,1076,600,476
115000154,945,303,642
115000155,627,888,-261
115000156,1170,805,365
115000157,758,821,-63
115000158,679,493,186
115000159,752,763,-11
115000160,733,710,23
115000161,504,520,-16
115000162,673,804,-131
115000163,590,734,-144
115000164,611,594,17
115000165,395,687,-292
115000167,121,80,41
115000168,625,409,216
115000169,548,381,167
115000170,106,185,-79
115000171,327,257,70
115000172,1309,654,655
115000173,412,563,-151
115000174,251,355,-104
115000175,192,238,-46
115000176,152,210,-58
115000177,193,264,-71
115000178,11,253,-242
115000179,18,75,-57
115000180,100,479,-379
115000181,743,147,596
115000182,877,328,549
115000183,407,718,-311
115000186,724,307,417
115000187,260,773,-513
115000188,447,528,-81
115000189,228,474,-246
115000190,765,403,362
115000191,221,561,-340
115000194,146,242,-96
115000195,344,388,-44
115000196,176,93,83
115000197,223,243,-20
115000198,354,220,134
115000199,390,134,256
115000200,419,127,292
115000201,132,375,-243
115000206,383,70,313
115000207,197,324,-127
115000208,432,612,-180
115000209,700,306,394
115000210,176,144,32
115000211,282,242,40
115000212,1420,402,1018
115000224,474,44,430
115000225,58,107,-49
115000229,208,172,36
115000230,117,474,-357
115000231,297,1394,-1097
115000232,1580,274,1306
115000233,163,220,-57
115000234,31,280,-249
115000241,112,234,-122
115000242,109,252,-143
115000243,36,150,-114
115000244,6,98,-92
115000246,38,31,7
115000247,27,49,-22
115000248,53,24,29
115000249,42,18,24
115000250,247,40,207
115000251,288,142,146
115000252,97,217,-120
115000253,16,481,-465
115000258,350,155,195
115000259,342,179,163
115000261,31,21,10
115000262,16,38,-22
115000263,15,38,-23
115000264,14,37,-23
115000267,78,73,5
115000268,50,124,-74
115000269,128,55,73
115000270,10,27,-17
115000272,69,139,-70
115000273,428,42,386
115000280,2892,267,2625
115000281,830,771,59
115000282,1547,980,567
115000284,311,207,104
115000296,1144,11,1133
115000297,197,180,17
115000298,103,483,-380
115000300,219,141,78
115000302,540,180,360
115000303,773,181,592
115000304,877,88,789
115000305,157,628,-471
115000306,248,312,-64
115000307,134,177,-43
115000308,48,21,27
115000309,17,37,-20
115000310,1054,720,334
115000311,975,1149,-174
115000313,104,550,-446
115000314,553,138,415
115000315,845,384,461
115000316,78,139,-61
115000317,190,481,-291
115000318,765,284,481
115000319,71,305,-234
115000320,15,377,-362
115000321,362,7,355
115000322,54,215,-161
115000449,295,188,107
115000557,28,1155,-1127
115000558,379,130,249
115000587,485,371,114
115000588,2070,2609,-539
115000589,3155,2237,918
115000590,1038,1525,-487
115000591,1650,828,822
115000592,732,1642,-910
115000593,1525,615,910
115000594,905,2193,-1288
115000609,142,120,22
115000617,2222,3906,-1684
115000624,347,78,269
115000633,532,1975,-1443
115000634,2714,910,1804
115000635,493,173,320
115000638,851,670,181
115000641,50,143,-93
115000642,362,242,120
115000643,110,510,-400
115000644,166,437,-271
115000646,958,1767,-809
115000647,221,544,-323
115000648,1878,1781,97
115000893,2820,1418,1402
115000894,163,951,-788
115000895,280,647,-367
115000896,988,355,633
115000897,580,143,437
115000898,1057,233,824
115000899,540,1076,-536
115000900,126,337,-211
115000901,48,122,-74
115000912,396,111,285
115000913,3,23,-20
115000915,9,1,8
115000916,12,0,12
115000917,0,16,-16
115000918,121,815,-694
115000919,13,17,-4
115000920,21,54,-33
115000921,838,153,685
115000922,691,741,-50
115000923,307,835,-528
115000925,91,77,14
115000927,39,63,-24
115000933,160,179,-19
115000934,158,180,-22
115000935,175,75,100
115900001,100,36,64
115900002,93,145,-52
115900003,205,115,90
115900004,1,51,-50
115900005,213,11,202
115900006,155,293,-138
115900008,54,10,44
115900009,98,287,-189
115900010,360,209,151
115900011,577,217,360
115900012,216,61,155
115900013,464,171,293
115900014,205,177,28
115900015,160,59,101
115900016,83,33,50
115900017,27,10,17
115900018,198,66,132
115900019,877,28,849
115900020,84,2,82
115900021,1161,183,978
115900022,877,20,857
115900023,44,9,35
115900025,56,266,-210
115900026,844,229,615
115900027,2,289,-287
115900028,661,62,599
115900029,14,323,-309
115900030,38,44,-6
115900031,344,378,-34
115900032,578,669,-91
115900033,1,60,-59
115900034,73,374,-301
115900035,46,30,16
115900036,44,775,-731
115900037,82,330,-248
115900038,43,24,19
115900039,165,195,-30
115900041,361,551,-190
115900042,29,9,20
115900043,114,92,22
115900044,232,259,-27
115900046,339,180,159
115900047,208,180,28
115900049,147,230,-83
115900051,0,29,-29
115900052,22,252,-230
115900053,253,178,75
115900054,265,31,234
115900055,31,152,-121
115900056,210,256,-46
115900057,40,9,31
115900058,35,74,-39
115900060,79,159,-80
115900061,201,3,198
115900062,40,184,-144
115900063,93,13,80
115900064,204,219,-15
115900065,131,147,-16
115900066,152,142,10
115900067,11,487,-476
115900068,2624,784,1840
115900069,31,171,-140
115900070,173,164,9
115900071,1,456,-455
115900072,41,159,-118
115900073,75,88,-13
115900074,6,257,-251
115900075,48,246,-198
115900076,3,58,-55
115900077,4,227,-223
115900078,37,157,-120
115900079,211,9,202
115900080,403,203,200
115900081,18,53,-35
115900082,131,156,-25
115900084,550,16,534
115900085,40,81,-41
115900086,1475,520,955
115900088,14,94,-80
115900089,351,591,-240
115900090,375,12,363
115900091,7,23,-16
115900092,13,126,-113
115900093,11,19,-8
115900094,4,225,-221
115900096,3,6,-3
115900097,18,368,-350
115900098,170,277,-107
115900099,56,63,-7
115900100,13,414,-401
115900101,142,235,-93
115900102,95,62,33
115900103,391,166,225
115900104,47,84,-37
115900105,301,649,-348
115900106,98,34,64
115900107,68,76,-8
115900108,114,41,73
115900109,55,395,-340
115900110,8,16,-8
115900111,3,93,-90
115900112,43,829,-786
115900113,68,27,41
115900114,8,114,-106
115900115,82,201,-119
115900116,85,827,-742
115900117,66,17,49
115900118,4,237,-233
115900119,125,132,-7
115900120,38,306,-268
115900121,193,199,-6
115900124,265,584,-319
115900125,378,65,313
115900126,744,114,630
115900127,646,67,579
115900128,10,137,-127
115900129,777,66,711
115900130,21,207,-186
115900131,249,22,227
115900132,539,8,531
115900134,300,16,284
115900135,466,1261,-795
115900137,67,8,59
115900139,40,73,-33
115900140,254,33,221
115900141,9,62,-53
115900142,19,31,-12
115900143,239,371,-132
115900144,89,251,-162
115900146,9,67,-58
115900147,224,246,-22
115900148,74,10,64
115900149,107,24,83
115900150,61,23,38
115900151,11,122,-111
115900152,125,322,-197
115900153,161,206,-45
115900154,558,410,148
115900155,0,48,-48
115900156,775,874,-99
115900157,178,408,-230
115900158,24,7,17
115900159,160,192,-32
115900160,5,8,-3
115900161,75,190,-115
115900163,260,135,125
115900164,579,60,519
115900165,3,154,-151
115900166,203,188,15
115900168,113,159,-46
115900171,121,456,-335
115900172,73,143,-70
115900173,194,135,59
115900174,276,248,28
115900175,149,231,-82
115900178,8,444,-436
115900179,339,12,327
115900180,48,136,-88
115900181,175,164,11
115900182,431,197,234
115900183,66,63,3
115900184,1458,28,1430
115900187,16,117,-101
115900189,1,306,-305
115900190,590,1564,-974
115900191,32,318,-286
115900192,14,106,-92
115900193,243,110,133
115900194,736,71,665
115900195,605,2067,-1462
115900198,206,296,-90
115900199,202,236,-34
115900200,244,336,-92
115900201,520,271,249
115900202,17,53,-36
115900203,13,20,-7
115900204,1,8,-7
115900205,67,32,35
115900206,234,140,94
115900207,37,25,12
115900208,140,162,-22
115900209,7,137,-130
115900210,9,139,-130
115900211,1,200,-199
115900212,174,235,-61
115900213,89,86,3
115900214,445,258,187
115900215,36,128,-92
115900216,8,134,-126
115900217,3,55,-52
115900218,28,39,-11
115900219,87,8,79
115900220,164,9,155
115900221,102,16,86
115900222,67,24,43
115900223,8,382,-374
115900224,908,974,-66
115900225,61,67,-6
115900226,25,47,-22
115900227,13,52,-39
115900228,8,52,-44
115900229,17,70,-53
115900230,63,117,-54
115900231,95,6,89
115900232,32,2,30
115900233,78,15,63
115900234,43,38,5
115900235,19,42,-23
115900236,26,41,-15
115900237,31,38,-7
115900238,8,18,-10
115900239,15,51,-36
115900240,10,53,-43
115900241,163,116,47
115900242,279,310,-31
115900243,5,14,-9
115900244,11,12,-1
115900245,84,10,74
115900246,19,13,6
115900247,26,18,8
115900248,19,13,6
115900249,7,29,-22
115900250,15,30,-15
115900251,1,18,-17
115900252,2,8,-6
115900253,10,17,-7
115900254,17,29,-12
115900255,11,17,-6
115900256,15,19,-4
115900257,10,4,6
115900258,0,2,-2
115900259,5,4,1
115900260,13,4,9
115900261,7,7,0
115900262,1,1,0
115900263,8,1,7
115900264,27,8,19
115900265,6,7,-1
115900266,2,19,-17
115900267,8,10,-2
115900268,8,10,-2
115900269,466,385,81
115900270,429,367,62
115900271,83,2,81
115900272,28,7,21
115900273,6,20,-14
115900274,1,30,-29
115900275,0,45,-45
115900276,0,36,-36
115900277,1,41,-40
115900278,33,110,-77
115900279,19,195,-176
115900280,14,439,-425
115900281,229,180,49
116000001,11011,4521,6490
116000002,5538,11353,-5815
116000003,1670,1665,5
116000004,2501,3771,-1270
116000005,2455,2958,-503
116000006,2629,2640,-11
116000007,3212,3808,-596
116000008,4595,2509,2086
116000009,1613,2092,-479
116000010,2476,1688,788
116000011,885,1883,-998
116000012,1584,1059,525
116000013,7949,3967,3982
116000014,10752,11132,-380
116000015,317,1496,-1179
116000016,6173,3695,2478
116000017,40,849,-809
116000018,884,401,483
116000019,894,346,548
116000020,781,1023,-242
116000021,446,311,135
116000022,444,371,73
116000023,1164,802,362
116000024,781,874,-93
116000025,837,835,2
116000026,1719,2758,-1039
116000027,857,690,167
116000028,426,991,-565
116000029,744,730,14
116000030,881,479,402
116000031,255,356,-101
116000032,389,206,183
116000033,365,422,-57
116000034,719,700,19
116000035,348,806,-458
116000036,1858,1329,529
116000037,643,648,-5
116000038,548,568,-20
116000039,673,492,181
116000040,886,314,572
116000041,236,531,-295
116000042,604,329,275
116000043,96,733,-637
116000044,8,66,-58
116000045,1904,1235,669
116000046,1245,1877,-632
116000047,1670,2141,-471
116000048,2029,1795,234
116000049,1388,3258,-1870
116000050,1512,1364,148
116000051,6187,2806,3381
116000052,5968,5403,565
116000053,2093,841,1252
116000054,837,2850,-2013
116000055,671,988,-317
116000056,910,1148,-238
116000057,3380,1736,1644
116000058,3882,3072,810
116000059,3850,5221,-1371
116000060,2274,1009,1265
116000061,365,848,-483
116000062,566,269,297
116000063,579,1054,-475
116000066,282,604,-322
116000067,211,433,-222
116000068,266,328,-62
116000069,326,426,-100
116000078,613,1064,-451
116000080,1862,849,1013
116000082,9,43,-34
116000083,1537,398,1139
116000084,2088,3791,-1703
116000085,2267,2121,146
116000086,1768,905,863
116000087,1886,1529,357
116000088,772,1062,-290
116000089,160,120,40
116000090,91,147,-56
116000091,668,280,388
116000093,1257,506,751
116000094,759,626,133
116000095,882,671,211
116000096,757,1397,-640
116000097,941,714,227
116000098,56,5976,-5920
116000099,6321,244,6077
116000100,267,16,251
116000101,899,830,69
116000102,251,1325,-1074
116000103,472,275,197
116000104,241,1362,-1121
116000105,1088,178,910
116000106,434,878,-444
116000107,2215,377,1838
116000108,102,172,-70
116000111,152,39,113
116000113,177,102,75
116000114,63,156,-93
116000115,426,118,308
116000116,272,575,-303
116000117,1624,1886,-262
116000118,1551,1224,327
116000119,3463,1988,1475
116000120,3075,3873,-798
116000121,929,554,375
116000122,1153,1653,-500
116000123,1308,433,875
116000124,425,1050,-625
116000125,3142,865,2277
116000126,315,1358,-1043
116000127,1011,1137,-126
116000128,1838,883,955
116000129,1386,235,1151
116000130,602,540,62
116000133,1112,768,344
116000134,1766,2178,-412
116000135,2845,1576,1269
116000136,1103,2002,-899
116000137,1146,811,335
116000138,1153,763,390
116000139,1733,2290,-557
116000140,153,183,-30
116000141,368,655,-287
116000142,3061,2479,582
116000143,1678,1667,11
116000144,1333,1808,-475
116000145,1820,1101,719
116000146,557,225,332
116000147,177,127,50
116000148,591,553,38
116000149,856,770,86
116000151,457,586,-129
116000153,123,338,-215
116000155,208,253,-45
116000156,1113,1200,-87
116000157,76,21,55
116000158,452,378,74
116000159,12,12,0
116000160,12,56,-44
116000161,1,108,-107
116000162,155,126,29
116000163,23,12,11
116000164,15,27,-12
116000177,76,134,-58
116000194,89,441,-352
116000195,1351,561,790
116000196,23,17,6
116000197,7,15,-8
116000198,2417,1184,1233
116000200,760,548,212
116000201,716,690,26
116000202,9,242,-233
116000203,0,90,-90
116000204,13,53,-40
116000205,0,144,-144
116000206,9,94,-85
116000207,8,55,-47
116000233,188,574,-386
116000287,191,417,-226
116000288,308,170,138
116000292,68,148,-80
116000296,8,255,-247
116000297,89,19,70
116000304,182,22,160
116000305,14,74,-60
116000346,242,131,111
116000352,89,44,45
116000354,35,23,12
116000357,15,52,-37
116000358,411,43,368
116000361,90,3,87
116000372,4902,4093,809
116000381,93,0,93
116000388,3,48,-45
116000389,1009,625,384
116000445,491,495,-4
116000446,669,561,108
116000447,15,566,-551
116000448,525,178,347
116000563,1103,1011,92
116000565,48,382,-334
116000568,58,373,-315
116000579,23,122,-99
116000584,20,9,11
116000585,34,26,8
116000586,100,144,-44
116000587,572,779,-207
116000589,51,60,-9
116000590,100,54,46
116000591,287,229,58
116000592,16,129,-113
116000593,1,25,-24
116000594,649,421,228
116000595,703,152,551
116000596,90,7,83
116000597,421,76,345
116000598,21,195,-174
116000602,70,415,-345
116000605,275,163,112
116000606,87,220,-133
116000607,1,63,-62
116000609,190,817,-627
116000611,184,481,-297
116000612,685,1758,-1073
116000613,740,299,441
116000614,398,583,-185
116000615,2,389,-387
116000616,73,84,-11
116000617,95,37,58
116000618,1,72,-71
116000619,58,83,-25
116000620,142,104,38
116000621,58,165,-107
116000622,87,150,-63
116000624,147,107,40
116000627,31,23,8
116000628,42,174,-132
116000629,27,235,-208
116000630,345,28,317
116000631,118,22,96
116000632,491,174,317
116000633,33,424,-391
116000634,463,22,441
116000635,1970,1947,23
116900001,272,175,97
116900002,251,7,244
116900003,32,62,-30
116900004,48,55,-7
116900005,259,89,170
116900006,317,359,-42
116900007,106,232,-126
116900008,483,268,215
116900009,22,10,12
116900010,1,1121,-1120
116900011,36,56,-20
116900012,248,278,-30
116900013,2,179,-177
116900014,122,203,-81
116900015,438,71,367
116900016,204,2,202
116900017,4,565,-561
116900018,63,50,13
116900019,4,303,-299
116900020,907,1006,-99
116900023,50,24,26
116900024,583,47,536
116900025,1148,956,192
116900026,141,591,-450
116900027,28,60,-32
116900028,5,103,-98
116900029,0,48,-48
116900031,4,8,-4
116900032,3,357,-354
116900033,20,10,10
116900034,20,62,-42
116900035,186,202,-16
116900036,6,111,-105
116900038,75,1,74
116900041,59,15,44
116900042,571,236,335
116900043,32,65,-33
116900045,245,86,159
116900047,50,150,-100
116900049,27,312,-285
116900050,149,468,-319
116900051,150,222,-72
116900052,223,68,155
116900055,1,14,-13
116900057,19,279,-260
116900058,87,362,-275
116900059,2,194,-192
116900060,210,166,44
116900062,3,9,-6
116900064,95,629,-534
116900065,25,102,-77
116900067,136,69,67
116900068,124,229,-105
116900070,2,2,0
116900072,34,316,-282
116900073,16,120,-104
116900074,7,50,-43
116900076,12,31,-19
116900077,6,92,-86
116900078,226,115,111
116900079,72,188,-116
116900080,13,29,-16
116900081,384,1053,-669
116900082,404,1043,-639
116900083,44,60,-16
116900084,128,75,53
116900085,52,163,-111
116900086,67,195,-128
116900088,365,146,219
116900090,124,45,79
116900091,346,37,309
116900092,101,627,-526
116900093,1741,2153,-412
116900094,4176,3569,607
116900095,215,115,100
116900096,180,406,-226
116900097,2631,2829,-198
116900098,905,424,481
116900099,826,777,49
116900100,832,61,771
116900101,363,515,-152
116900103,6,1,5
116900104,65,84,-19
116900105,307,166,141
116900106,1875,342,1533
116900107,3521,2682,839
116900110,15,1,14
116900111,498,597,-99
116900112,273,927,-654
116900113,1903,1070,833
116900116,129,604,-475
116900117,104,113,-9
116900118,682,900,-218
116900120,401,113,288
116900121,191,34,157
116900122,915,749,166
116900123,191,715,-524
116900124,252,828,-576
116900125,361,287,74
116900126,185,555,-370
116900128,2,42,-40
116900129,1,310,-309
116900130,604,3764,-3160
116900131,110,365,-255
116900132,55,112,-57
116900133,171,145,26
116900134,197,285,-88
116900136,272,269,3
116900137,268,213,55
116900138,230,175,55
116900139,150,420,-270
116900140,210,162,48
116900141,843,496,347
116900142,6,60,-54
116900143,357,371,-14
116900144,37,106,-69
116900145,121,251,-130
116900147,599,500,99
116900148,12,45,-33
116900149,74,313,-239
116900150,10,19,-9
116900151,38,16,22
116900153,122,88,34
116900154,592,611,-19
116900155,75,94,-19
116900157,654,209,445
116900158,146,305,-159
116900159,58,333,-275
116900160,902,991,-89
116900161,5774,6507,-733
116900162,9,94,-85
116900163,192,148,44
116900164,148,82,66
116900165,245,343,-98
116900166,33,55,-22
116900167,405,80,325
116900168,305,69,236
116900169,646,558,88
116900170,307,597,-290
116900171,37,198,-161
116900172,206,346,-140
116900173,236,47,189
116900174,70,55,15
116900175,242,179,63
116900178,49,128,-79
116900179,124,311,-187
116900180,117,25,92
116900182,480,252,228
116900183,139,90,49
116900185,30,51,-21
116900186,63,233,-170
116900187,87,59,28
116900188,172,36,136
116900189,112,3,109
116900191,514,682,-168
116900192,321,150,171
116900194,197,1297,-1100
116900195,51,29,22
116900196,10,74,-64
116900197,137,15,122
116900198,188,260,-72
116900200,57,34,23
116900201,134,10,124
116900202,130,53,77
116900203,183,22,161
116900204,36,107,-71
116900206,5,10,-5
116900207,30,27,3
116900208,6,129,-123
116900209,26,98,-72
116900210,614,321,293
116900211,317,9,308
116900212,73,75,-2
116900213,247,135,112
116900214,239,152,87
116900215,88,78,10
116900216,250,221,29
116900218,14,220,-206
116900219,1298,380,918
116900220,126,286,-160
116900221,104,368,-264
116900222,419,369,50
116900223,122,364,-242
116900226,135,91,44
116900227,148,93,55
116900228,273,216,57
116900230,78,253,-175
116900231,24,337,-313
116900232,10,358,-348
116900233,303,84,219
116900234,35,13,22
116900235,168,310,-142
116900238,1454,353,1101
116900239,14,1313,-1299
116900240,5338,3336,2002
116900241,129,212,-83
116900242,288,619,-331
116900243,19,76,-57
116900245,46,29,17
116900246,100,18,82
116900247,742,34,708
116900248,67,41,26
116900249,408,138,270
116900250,568,48,520
116900251,462,637,-175
116900252,124,707,-583
116900253,151,71,80
116900254,25,73,-48
116900255,81,74,7
116900256,473,149,324
116900257,38,462,-424
116900258,5,229,-224
116900259,283,6,277
116900260,8,131,-123
116900261,69,3,66
116900262,238,149,89
116900263,0,13,-13
116900264,3,5,-2
116900265,35,3,32
116900266,13,77,-64
116900267,4,3,1
116900268,276,299,-23
116900269,319,536,-217
116900271,1771,269,1502
116900272,377,277,100
116900273,191,60,131
116900274,99,62,37
116900275,142,86,56
116900276,560,152,408
116900277,600,54,546
116900278,13,10,3
116900279,5,15,-10
116900280,42,29,13
116900281,5586,4279,1307
116900282,8,115,-107
116900283,21,107,-86
116900284,15,190,-175
116900285,279,190,89
116900286,213,23,190
116900287,7,27,-20
116900288,92,113,-21
116900289,9,8,1
116900290,7,34,-27
116900291,35,7,28
116900292,0,15,-15
116900293,59,37,22
116900294,37,141,-104
116900295,102,41,61
116900296,31,54,-23
116900297,2,67,-65
116900298,71,59,12
116900299,23,39,-16
116900300,28,65,-37
116900301,61,80,-19
116900302,19,47,-28
116900303,293,66,227
116900304,1,159,-158
116900305,19,42,-23
116900306,139,70,69
117000001,2087,1642,445
117000002,1821,3900,-2079
117000003,6464,3599,2865
117000004,3671,4997,-1326
117000005,2226,1848,378
117000006,1149,2888,-1739
117000007,3750,1154,2596
117000008,987,3292,-2305
117000009,5316,2032,3284
117000010,2625,3747,-1122
117000011,2042,1619,423
117000012,1118,1209,-91
117000013,1770,870,900
117000014,1089,1918,-829
117000015,2764,1427,1337
117000016,352,100,252
117000017,186,130,56
117000018,162,659,-497
117000019,100,3,97
117000020,508,1567,-1059
117000021,1593,364,1229
117000022,353,123,230
117000023,192,164,28
117000024,287,208,79
117000025,452,1038,-586
117000026,1969,1220,749
117000027,2541,5620,-3079
117000028,3932,2157,1775
117000030,526,582,-56
117000031,312,273,39
117000032,1427,1248,179
117000033,1449,1211,238
117000034,342,318,24
117000035,364,253,111
117000036,403,308,95
117000037,290,181,109
117000038,235,552,-317
117000039,399,212,187
117000040,215,911,-696
117000041,1033,163,870
117000044,16,694,-678
117000045,411,87,324
117000046,384,686,-302
117000047,721,721,0
117000048,1795,967,828
117000049,129,744,-615
117000050,115,1600,-1485
117000051,2325,135,2190
117000052,68,313,-245
117000053,598,47,551
117000054,1895,12,1883
117000055,14,2747,-2733
117000056,819,27,792
117000057,543,2145,-1602
117000060,553,1390,-837
117000061,1681,1003,678
117000062,340,759,-419
117000063,1901,1014,887
117000064,817,741,76
117000066,1202,962,240
117000067,144,668,-524
117000074,175,166,9
117000076,94,40,54
117000077,129,189,-60
117000078,171,748,-577
117000079,394,231,163
117000080,1,339,-338
117000081,1164,149,1015
117000082,18,75,-57
117000083,129,16,113
117000084,225,1,224
117000085,297,757,-460
117000086,801,484,317
117000087,106,407,-301
117000088,240,193,47
117000089,1526,264,1262
117000090,309,1009,-700
117000091,887,284,603
117000092,427,1178,-751
117000093,1148,807,341
117000094,1331,2622,-1291
117000095,3649,943,2706
117000096,661,2116,-1455
117000097,1431,1109,322
117000098,2551,4152,-1601
117000099,3705,1262,2443
117000100,212,387,-175
117000101,260,1134,-874
117000102,1751,639,1112
117000103,712,1491,-779
117000104,1390,621,769
117000105,858,1406,-548
117000106,1298,798,500
117000107,507,1671,-1164
117000108,1687,849,838
117000109,1436,2359,-923
117000110,1592,1078,514
117000111,3658,4033,-375
117000112,3410,1739,1671
117000113,159,286,-127
117000114,287,146,141
117000115,77,130,-53
117000116,148,273,-125
117000117,1778,1244,534
117000118,269,132,137
117000119,248,188,60
117000120,211,568,-357
117000121,139,1243,-1104
117000122,234,535,-301
117000123,1713,46,1667
117000124,733,84,649
117000125,315,132,183
117000126,33,24,9
117000127,168,348,-180
117000128,377,868,-491
117000129,240,108,132
117000130,94,17,77
117000131,0,57,-57
117000132,2939,71,2868
117000133,1713,107,1606
117000134,0,64,-64
117000135,3,44,-41
117000136,1,18,-17
117000137,140,161,-21
117000138,5,762,-757
117000140,477,1375,-898
117000141,1913,505,1408
117000181,654,279,375
117000182,384,582,-198
117000195,180,1067,-887
117000196,289,128,161
117000225,93,19,74
117000226,4,95,-91
117000276,299,20,279
117000277,0,327,-327
117000310,1599,1933,-334
117000315,62,566,-504
117000320,54,0,54
117000906,334,23,311
117000907,25,284,-259
117000908,37,29,8
117000909,23,40,-17
117000910,247,183,64
117000911,126,192,-66
117000915,8,471,-463
117000916,44,7,37
117000917,1261,32,1229
117000918,83,76,7
117000919,26,69,-43
117000920,4,1317,-1313
117000921,6,1132,-1126
117000922,36,91,-55
117000924,560,595,-35
117000926,955,107,848
117000927,1885,1377,508
117000928,0,141,-141
117000929,236,249,-13
117000930,178,14,164
117000931,459,188,271
117900002,102,423,-321
117900003,901,537,364
117900005,5,36,-31
117900006,0,70,-70
117900007,134,119,15
117900008,0,35,-35
117900010,248,85,163
117900011,35,117,-82
117900012,79,107,-28
117900013,0,158,-158
117900014,394,114,280
117900015,6,74,-68
117900016,1361,1036,325
117900017,454,246,208
117900018,189,108,81
117900019,446,206,240
117900020,93,506,-413
117900021,37,74,-37
117900022,31,14,17
117900023,754,116,638
117900024,91,71,20
117900025,37,8,29
117900026,438,305,133
117900028,39,5,34
117900029,248,585,-337
117900030,552,255,297
117900031,137,77,60
117900032,1095,627,468
117900033,269,519,-250
117900034,45,17,28
117900035,231,95,136
117900036,274,376,-102
117900037,215,111,104
117900038,35,308,-273
117900039,4,72,-68
117900040,136,439,-303
117900041,13,65,-52
117900042,4196,412,3784
117900043,26,73,-47
117900044,178,2866,-2688
117900045,206,174,32
117900048,330,267,63
117900049,216,401,-185
117900050,11,62,-51
117900051,29,3,26
117900052,57,402,-345
117900053,1629,646,983
117900054,1,40,-39
117900055,217,110,107
117900056,343,36,307
117900057,1083,1265,-182
117900058,59,22,37
117900059,282,97,185
117900060,2571,4801,-2230
117900061,16,161,-145
117900063,438,210,228
117900065,716,1272,-556
117900066,10,101,-91
117900067,457,195,262
117900069,639,276,363
117900070,186,39,147
117900071,89,152,-63
117900073,521,319,202
117900074,89,41,48
117900075,78,81,-3
117900076,13,52,-39
117900077,592,141,451
117900078,395,857,-462
117900080,129,45,84
117900081,566,445,121
117900082,414,357,57
117900083,441,393,48
117900086,144,42,102
117900087,233,57,176
117900088,3188,2204,984
117900089,2456,777,1679
117900090,447,435,12
117900091,292,241,51
117900092,78,35,43
117900093,103,58,45
117900094,49,19,30
117900095,270,264,6
117900096,127,284,-157
117900097,355,117,238
117900098,69,17,52
117900099,126,175,-49
117900100,249,7,242
117900101,448,1903,-1455
117900102,87,49,38
117900103,81,2,79
117900104,9,149,-140
117900105,153,265,-112
117900106,133,31,102
117900107,65,1,64
117900109,640,429,211
117900110,113,1,112
117900111,322,30,292
117900112,92,15,77
117900113,3006,1838,1168
117900114,36,0,36
117900115,292,101,191
117900116,1052,888,164
117900117,592,364,228
117900118,83,1,82
117900119,173,194,-21
117900120,182,40,142
117900121,225,73,152
117900122,1538,4063,-2525
117900123,628,390,238
117900124,989,738,251
117900125,2040,2031,9
117900126,284,568,-284
117900127,538,483,55
117900128,380,721,-341
117900129,39,0,39
117900130,1032,521,511
117900131,6,129,-123
117900132,34,123,-89
117900133,7,100,-93
117900134,108,333,-225
117900135,29,182,-153
117900136,0,33,-33
117900137,67,398,-331
117900138,0,31,-31
117900139,142,129,13
117900140,2996,252,2744
117900141,167,180,-13
117900142,77,77,0
117900144,61,174,-113
117900145,37,35,2
117900146,190,181,9
117900147,99,54,45
117900148,2976,1580,1396
117900149,100,168,-68
117900150,58,49,9
117900151,34,66,-32
117900152,80,86,-6
117900153,27,112,-85
117900154,432,579,-147
117900156,1096,849,247
117900157,193,567,-374
117900158,314,143,171
117900160,777,761,16
117900161,2511,2224,287
117900162,430,449,-19
117900163,72,133,-61
117900165,0,17,-17
117900166,147,595,-448
117900168,6,165,-159
117900169,0,109,-109
117900170,11,23,-12
117900171,1,20,-19
117900172,29,33,-4
117900173,141,103,38
117900174,36,57,-21
117900175,15,27,-12
117900176,22,33,-11
117900177,28,52,-24
117900178,102,45,57
117900180,237,29,208
117900181,116,351,-235
117900182,1,38,-37
117900183,89,226,-137
117900184,24,62,-38
117900185,56,57,-1
117900186,65,29,36
117900187,19,12,7
117900188,186,30,156
117900189,93,44,49
117900190,42,3,39
117900191,105,2,103
117900192,236,3,233
117900193,16,65,-49
117900194,13,12,1
117900195,21,48,-27
117900196,13,35,-22
117900207,173,163,10
117900208,37,33,4
117900209,187,163,24
117900210,170,266,-96
117900211,19,209,-190
117900212,124,156,-32
117900213,24,22,2
117900214,8,27,-19
117900215,8,16,-8
117900216,17,17,0
117900217,69,405,-336
117900218,79,85,-6
117900219,12,180,-168
117900220,67,90,-23
117900222,108,171,-63
117900223,66,244,-178
118000001,808,953,-145
118000002,906,1944,-1038
118000003,2317,3006,-689
118000004,2492,2297,195
118000005,5290,5914,-624
118000006,5978,10069,-4091
118000007,5910,4211,1699
118000008,4883,4524,359
118000009,1865,3837,-1972
118000010,7051,4330,2721
118000011,1538,2326,-788
118000012,1266,2147,-881
118000013,2506,2441,65
118000014,1927,2171,-244
118000016,224,390,-166
118000017,577,604,-27
118000018,421,523,-102
118000019,2213,1627,586
118000020,1571,4429,-2858
118000021,670,3689,-3019
118000022,1862,995,867
118000023,963,258,705
118000024,1715,1721,-6
118000027,15289,14777,512
118000029,1196,878,318
118000032,1252,4347,-3095
118000033,3065,7000,-3935
118000034,5554,3036,2518
118000035,1986,3637,-1651
118000036,1016,1455,-439
118000037,763,928,-165
118000038,225,90,135
118000039,91,234,-143
118000040,1828,1505,323
118000041,2398,1370,1028
118000045,548,226,322
118000046,1563,785,778
118000047,844,979,-135
118000048,2960,2230,730
118000051,3896,2725,1171
118000052,2562,1432,1130
118000053,532,964,-432
118000054,1915,1854,61
118000055,1870,2237,-367
118000056,324,453,-129
118000057,336,477,-141
118000058,3404,2454,950
118000059,2153,1453,700
118000060,1174,670,504
118000061,1497,1514,-17
118000062,744,351,393
118000063,413,816,-403
118000064,875,1282,-407
118000065,3927,1737,2190
118000066,908,1540,-632
118000067,1037,972,65
118000068,1767,4477,-2710
118000069,2880,1369,1511
118000070,5700,2183,3517
118000071,3619,6535,-2916
118000072,1733,1428,305
118000073,2059,795,1264
118000074,528,500,28
118000075,759,314,445
118000076,1606,2422,-816
118000077,1287,1432,-145
118000078,1824,2523,-699
118000079,324,520,-196
118000080,987,941,46
118000081,1762,1297,465
118000082,331,1282,-951
118000083,2003,1934,69
118000084,3553,1637,1916
118000086,255,533,-278
118000087,4640,2732,1908
118000088,1875,1640,235
118000089,3801,2085,1716
118000090,1653,2903,-1250
118000091,1206,2188,-982
118000092,1037,520,517
118000093,91,766,-675
118000096,488,613,-125
118000097,859,612,247
118000098,302,231,71
118000099,672,725,-53
118000101,1295,392,903
118000102,389,1109,-720
118000107,1792,576,1216
118000108,808,2169,-1361
118000110,1,39,-38
118000111,5,262,-257
118000112,528,4,524
118000113,5,523,-518
118000114,443,5,438
118000115,40,18,22
118000116,73,0,73
118000117,972,691,281
118000118,857,972,-115
118000119,887,1107,-220
118000120,1560,1289,271
118000121,80,665,-585
118000122,1412,418,994
118000123,52,264,-212
118000125,1749,921,828
118000126,681,1418,-737
118000127,1901,639,1262
118000128,642,1128,-486
118000129,1046,475,571
118000130,2157,3142,-985
118000131,537,776,-239
118000132,2522,1829,693
118000133,832,453,379
118000135,667,370,297
118000136,151,463,-312
118000137,668,113,555
118000138,311,548,-237
118000139,379,106,273
118000140,2543,4700,-2157
118000141,2239,1835,404
118000142,1888,1552,336
118000143,2265,1190,1075
118000144,1159,850,309
118000145,1412,1737,-325
118000146,1142,816,326
118000147,843,1385,-542
118000148,479,1038,-559
118000149,1009,954,55
118000150,536,243,293
118000151,504,432,72
118000153,1553,1239,314
118000154,1443,1601,-158
118000155,1392,1317,75
118000156,2027,2376,-349
118000157,693,382,311
118000158,260,443,-183
118000159,16,108,-92
118000160,540,445,95
118000161,508,706,-198
118000162,1937,877,1060
118000163,940,843,97
118000164,2094,1413,681
118000168,1145,647,498
118000169,1017,1163,-146
118000170,3763,5165,-1402
118000171,417,729,-312
118000172,90,275,-185
118000173,869,1265,-396
118000175,340,347,-7
118000176,294,439,-145
118000177,281,548,-267
118000178,38,48,-10
118000179,1299,1445,-146
118000180,903,725,178
118000181,717,304,413
118000182,325,228,97
118000183,239,297,-58
118000184,927,699,228
118000185,1564,1267,297
118000186,981,1305,-324
118000187,1387,649,738
118000188,559,165,394
118000189,690,729,-39
118000190,20,12,8
118000191,29,27,2
118000192,341,440,-99
118000193,260,433,-173
118000194,1282,969,313
118000195,1016,1236,-220
118000196,399,250,149
118000197,220,198,22
118000198,459,660,-201
118000199,355,346,9
118000200,96,264,-168
118000201,420,519,-99
118000202,63,49,14
118000203,814,657,157
118000204,139,390,-251
118000205,201,361,-160
118000206,321,181,140
118000207,1,68,-67
118000208,1353,1460,-107
118000209,2057,1626,431
118000210,70,31,39
118000211,22,47,-25
118000213,1733,2215,-482
118000214,665,570,95
118000215,383,142,241
118000216,2327,2673,-346
118000217,44,137,-93
118000218,103,98,5
118000219,478,279,199
118000220,9,42,-33
118000221,214,297,-83
118000222,60,22,38
118000223,46,55,-9
118000224,210,113,97
118000225,146,615,-469
118000226,975,192,783
118000227,883,419,464
118000228,174,331,-157
118000229,297,86,211
118000230,138,178,-40
118000231,80,205,-125
118000232,807,835,-28
118000233,1198,851,347
118000234,480,259,221
118000236,458,301,157
118000237,102,417,-315
118000238,279,204,75
118000239,310,285,25
118000240,393,216,177
118000241,153,205,-52
118000242,388,578,-190
118000243,395,188,207
118000244,70,105,-35
118000246,2,27,-25
118000255,58,192,-134
118000256,129,217,-88
118000259,16,56,-40
118000260,145,80,65
118000261,43,53,-10
118000263,88,180,-92
118000266,127,260,-133
118000267,1,126,-125
118000268,297,8,289
118000270,79,38,41
118000271,161,301,-140
118000272,114,33,81
118000273,144,83,61
118000274,93,297,-204
118000276,620,403,217
118000295,17,159,-142
118000298,221,295,-74
118000299,26,153,-127
118000301,0,46,-46
118000302,107,70,37
118000311,502,109,393
118000312,326,196,130
118000313,80,155,-75
118000314,80,50,30
118000315,52,59,-7
118000316,700,498,202
118000325,67,67,0
118000326,56,38,18
118000331,56,29,27
118000332,13,41,-28
118000333,34,87,-53
118000335,353,0,353
118000336,1,205,-204
118000407,200,56,144
118000457,9,24,-15
118000465,3561,4309,-748
118000480,27,82,-55
118000489,55,377,-322
118000490,39,279,-240
118000492,289,203,86
118000510,88,23,65
118000514,173,290,-117
118000515,839,600,239
118000517,349,191,158
118000524,380,257,123
118000525,881,797,84
118000530,28,105,-77
118000531,307,277,30
118000532,221,278,-57
118000533,337,113,224
118000534,553,427,126
118000535,276,168,108
118000536,926,1899,-973
118000537,32,207,-175
118000538,36,88,-52
118000539,21,107,-86
118000540,338,167,171
118000541,202,83,119
118000542,110,206,-96
118000543,247,227,20
118000546,57,23,34
118000560,2751,2435,316
118000562,42,181,-139
118000563,1409,1153,256
118000576,156,168,-12
118000577,162,118,44
118000578,127,92,35
118000579,559,1259,-700
118000595,194,76,118
118000596,0,90,-90
118000597,111,87,24
118000598,16,0,16
118000599,45,28,17
118000600,1,34,-33
118000601,24,0,24
118000602,0,27,-27
118000603,0,17,-17
118900001,732,1461,-729
118900002,878,891,-13
118900003,382,15,367
118900004,89,76,13
118900005,74,3,71
118900006,125,10,115
118900007,11,4,7
118900008,1639,74,1565
118900009,80,44,36
118900010,78,5,73
118900011,182,39,143
118900012,464,182,282
118900013,508,139,369
118900015,257,74,183
118900016,15,12,3
118900017,217,282,-65
118900018,1075,27,1048
118900019,75,35,40
118900020,200,123,77
118900021,229,348,-119
118900022,168,106,62
118900023,198,70,128
118900024,112,192,-80
118900025,76,23,53
118900026,50,79,-29
118900027,440,177,263
118900028,172,174,-2
118900029,401,567,-166
118900030,376,78,298
118900031,193,95,98
118900032,229,143,86
118900033,396,461,-65
118900034,180,21,159
118900035,169,175,-6
118900036,1255,747,508
118900037,438,258,180
118900038,453,174,279
118900039,528,130,398
118900040,191,182,9
118900041,586,186,400
118900042,218,124,94
118900045,241,164,77
118900046,926,518,408
118900047,582,286,296
118900048,182,219,-37
118900049,47,52,-5
118900050,53,143,-90
118900051,73,112,-39
118900052,360,285,75
118900053,35,93,-58
118900054,143,49,94
118900055,110,88,22
118900056,29,419,-390
118900057,774,528,246
118900058,383,366,17
118900059,22,92,-70
118900060,96,116,-20
118900062,543,274,269
118900064,666,589,77
118900065,56,144,-88
118900066,97,86,11
118900067,4749,3399,1350
118900068,6,208,-202
118900069,406,227,179
118900071,7,88,-81
118900072,429,409,20
118900073,139,90,49
118900074,136,169,-33
118900075,64,79,-15
118900076,212,107,105
118900077,332,188,144
118900078,48,17,31
118900079,46,249,-203
118900080,30,105,-75
118900081,94,49,45
118900082,851,169,682
118900083,71,16,55
118900084,12,20,-8
118900085,552,793,-241
118900086,41,107,-66
118900087,56,235,-179
118900088,0,8,-8
118900089,26,16,10
118900090,509,339,170
118900091,199,232,-33
118900092,184,112,72
118900093,143,33,110
118900096,42,37,5
118900097,303,442,-139
118900099,121,216,-95
118900100,158,238,-80
118900101,125,380,-255
118900102,62,94,-32
118900103,65,90,-25
118900104,69,33,36
118900105,288,188,100
118900107,142,79,63
118900108,124,124,0
118900110,1346,825,521
118900111,485,518,-33
118900112,89,176,-87
118900113,103,420,-317
118900114,19,101,-82
118900115,143,550,-407
118900116,146,209,-63
118900117,112,181,-69
118900118,294,332,-38
118900119,168,202,-34
118900120,122,261,-139
118900121,15,190,-175
118900122,17,946,-929
118900123,136,274,-138
118900124,102,204,-102
118900126,15,418,-403
118900129,209,215,-6
118900130,55,217,-162
118900131,213,243,-30
118900132,436,195,241
118900133,26,113,-87
118900135,181,209,-28
118900136,193,507,-314
118900137,16,44,-28
118900139,216,300,-84
118900140,442,566,-124
118900141,78,157,-79
118900144,154,379,-225
118900145,38,129,-91
118900146,384,640,-256
118900147,261,135,126
118900148,107,68,39
118900150,154,588,-434
118900152,612,725,-113
118900157,93,154,-61
118900158,93,66,27
118900159,0,150,-150
118900161,69,5,64
118900163,119,97,22
118900164,3,85,-82
118900165,88,208,-120
118900166,73,8,65
118900167,100,112,-12
118900168,27,214,-187
118900169,133,322,-189
118900170,170,120,50
118900171,33,37,-4
118900174,56,77,-21
118900175,437,481,-44
118900176,169,269,-100
118900177,53,39,14
118900178,44,172,-128
118900179,13,35,-22
118900181,79,121,-42
118900182,109,53,56
118900183,86,148,-62
118900184,329,114,215
118900185,87,115,-28
118900186,127,89,38
118900187,284,303,-19
118900188,327,280,47
118900189,55,775,-720
118900190,13,281,-268
118900191,192,50,142
118900192,247,17,230
118900193,514,10,504
118900195,303,635,-332
118900196,39,139,-100
118900197,127,36,91
118900198,31,29,2
118900199,138,28,110
118900200,20,23,-3
118900201,26,38,-12
118900202,13,72,-59
118900203,18,30,-12
118900204,22,33,-11
118900205,1,20,-19
118900206,2,37,-35
119000001,1468,1975,-507
119000002,4881,3663,1218
119000003,2913,1156,1757
119000004,2303,1423,880
119000005,1852,2049,-197
119000006,2696,1584,1112
119000007,3527,3123,404
119000008,2091,1797,294
119000009,3758,4737,-979
119000010,6218,4193,2025
119000011,4659,3102,1557
119000012,3554,3860,-306
119000013,2958,1844,1114
119000014,2007,3156,-1149
119000019,345,222,123
119000020,2271,1518,753
119000021,4653,2438,2215
119000022,2874,2830,44
119000023,260,268,-8
119000024,2095,11313,-9218
119000025,6917,1542,5375
119000026,156,517,-361
119000027,300,451,-151
119000028,1974,1084,890
119000029,144,382,-238
119000030,645,1061,-416
119000031,859,640,219
119000032,3170,2714,456
119000033,2349,1418,931
119000034,1152,1007,145
119000035,36,337,-301
119000036,1769,799,970
119000037,1324,1642,-318
119000038,180,701,-521
119000039,353,351,2
119000040,1144,679,465
119000041,1090,1331,-241
119000048,3197,2783,414
119000049,1702,2235,-533
119000050,1797,1966,-169
119000051,2139,1035,1104
119000052,2094,2790,-696
119000053,2115,1289,826
119000054,3618,3083,535
119000055,4635,3277,1358
119000056,3015,2161,854
119000057,1843,1763,80
119000058,2148,1768,380
119000059,1392,1750,-358
119000060,1701,1302,399
119000061,1150,810,340
119000062,1406,1399,7
119000063,591,460,131
119000064,1058,1262,-204
119000065,2250,4188,-1938
119000066,2807,1276,1531
119000067,1834,2206,-372
119000068,1790,1048,742
119000069,1558,2536,-978
119000070,2605,911,1694
119000071,579,751,-172
119000072,5315,3788,1527
119000073,6007,7201,-1194
119000074,1253,2360,-1107
119000075,2395,2299,96
119000076,550,1500,-950
119000077,968,793,175
119000078,471,302,169
119000079,192,884,-692
119000080,419,253,166
119000081,434,652,-218
119000082,1251,260,991
119000083,642,361,281
119000084,368,534,-166
119000085,826,226,600
119000086,336,435,-99
119000087,1627,898,729
119000088,374,227,147
119000089,93,187,-94
119000090,150,180,-30
119000091,138,419,-281
119000092,587,226,361
119000093,3632,2709,923
119000094,3003,5274,-2271
119000095,1890,3060,-1170
119000097,2143,1448,695
119000098,918,2726,-1808
119000099,2514,1728,786
119000100,4052,3212,840
119000101,5799,2555,3244
119000102,1002,1318,-316
119000103,1834,765,1069
119000104,2418,1515,903
119000105,1314,2009,-695
119000106,387,1418,-1031
119000107,886,555,331
119000108,387,913,-526
119000109,259,1041,-782
119000110,927,1126,-199
119000111,76,803,-727
119000112,228,235,-7
119000113,3351,464,2887
119000114,1224,1035,189
119000115,151,175,-24
119000116,127,102,25
119000117,167,414,-247
119000118,2,4,-2
119000123,4603,2351,2252
119000124,730,228,502
119000125,3813,803,3010
119000126,640,600,40
119000127,535,582,-47
119000128,56,2,54
119000131,983,621,362
119000132,22,2,20
119000133,1,15,-14
119000134,1936,539,1397
119000135,159,256,-97
119000136,290,223,67
119000137,244,330,-86
119000138,565,293,272
119000139,351,282,69
119000140,280,376,-96
119000284,1339,2554,-1215
119000285,2330,2098,232
119000286,7156,5352,1804
119000287,1205,2199,-994
119000288,1981,1353,628
119000289,1651,2839,-1188
119000290,243,452,-209
119000291,10,305,-295
119000293,110,179,-69
119000294,37,38,-1
119000295,1524,431,1093
119000296,229,153,76
119000302,2473,1445,1028
119000303,69,164,-95
119000314,1695,10091,-8396
119000315,1,327,-326
119000316,104,115,-11
119000317,79,340,-261
119900001,259,1162,-903
119900002,171,303,-132
119900003,44,986,-942
119900004,344,1188,-844
119900005,202,98,104
119900006,204,421,-217
119900007,1230,263,967
119900008,65,40,25
119900009,820,690,130
119900010,2385,2065,320
119900011,24,116,-92
119900012,18,97,-79
119900013,2384,1515,869
119900014,791,401,390
119900015,134,36,98
119900016,47,82,-35
119900017,31,49,-18
119900018,2044,910,1134
119900019,32,11,21
119900020,224,215,9
119900021,206,100,106
119900022,134,760,-626
119900023,589,1425,-836
119900025,179,38,141
119900026,715,185,530
119900027,25,37,-12
119900028,220,152,68
119900029,5,12,-7
119900030,559,531,28
119900031,67,364,-297
119900033,2821,446,2375
119900034,373,130,243
119900037,170,37,133
119900038,83,261,-178
119900039,56,16,40
119900040,163,15,148
119900041,125,63,62
119900042,130,188,-58
119900043,79,187,-108
119900044,221,1021,-800
119900046,141,81,60
119900047,323,87,236
119900048,24,31,-7
119900049,164,15,149
119900050,216,148,68
119900051,594,11,583
119900052,82,62,20
119900053,169,173,-4
119900054,143,10,133
119900055,1514,457,1057
119900057,196,106,90
119900058,259,8,251
119900059,201,54,147
119900060,312,27,285
119900062,80,31,49
119900063,22,60,-38
119900064,603,123,480
119900065,320,8,312
119900066,1,2,-1
119900067,129,41,88
119900068,525,3,522
119900069,135,24,111
119900070,916,16,900
119900071,795,29,766
119900073,1829,638,1191
119900074,92,59,33
119900075,5163,2723,2440
119900076,498,268,230
119900077,871,1082,-211
119900078,607,858,-251
119900079,352,233,119
119900080,1669,1273,396
119900081,156,25,131
119900082,1746,458,1288
119900083,566,157,409
119900084,840,375,465
119900085,80,56,24
119900086,13,92,-79
119900087,772,447,325
119900088,54,65,-11
119900089,88,603,-515
119900090,152,90,62
119900091,94,812,-718
119900092,401,451,-50
119900093,1363,309,1054
119900094,81,209,-128
119900095,221,141,80
119900096,48,174,-126
119900097,613,254,359
119900098,32,39,-7
119900099,45,245,-200
119900100,1910,2970,-1060
119900101,212,1659,-1447
119900102,44,235,-191
119900103,89,380,-291
119900104,59,257,-198
119900105,1511,5991,-4480
119900106,18,166,-148
119900107,295,2617,-2322
119900108,5141,820,4321
119900109,27,174,-147
119900110,841,633,208
119900111,172,342,-170
119900112,1578,607,971
119900113,111,339,-228
119900114,297,1183,-886
119900115,410,974,-564
119900116,142,371,-229
119900117,395,723,-328
119900118,100,735,-635
119900119,262,197,65
119900120,950,687,263
119900121,408,954,-546
119900122,559,420,139
119900123,208,331,-123
119900124,267,833,-566
119900125,51,271,-220
119900126,5134,382,4752
119900127,2296,1094,1202
119900128,407,723,-316
119900129,210,544,-334
119900130,29,244,-215
119900131,53,313,-260
119900132,6,248,-242
119900133,58,97,-39
119900134,1790,262,1528
119900135,1,363,-362
119900136,267,340,-73
119900138,447,553,-106
119900139,27,118,-91
119900140,3,149,-146
119900141,124,714,-590
119900142,35,48,-13
119900143,19,284,-265
119900144,1473,246,1227
119900145,103,222,-119
119900146,194,260,-66
119900147,2,148,-146
119900148,272,85,187
119900149,1166,4891,-3725
119900150,152,178,-26
119900151,2195,873,1322
119900152,177,369,-192
119900153,162,93,69
119900154,43,250,-207
119900155,34,45,-11
119900156,12,7,5
119900157,154,294,-140
119900158,229,87,142
119900159,16,1375,-1359
119900160,45,158,-113
119900161,166,237,-71
119900162,1094,1075,19
119900163,135,186,-51
119900164,1,0,1
119900165,194,177,17
119900166,110,68,42
119900167,98,163,-65
119900168,973,520,453
119900169,260,352,-92
119900170,287,278,9
119900171,1683,506,1177
119900172,163,40,123
119900173,5,412,-407
119900174,10,267,-257
119900175,1372,776,596
119900177,28,237,-209
119900178,12,155,-143
119900179,129,544,-415
119900180,1086,954,132
119900181,104,138,-34
119900182,11,440,-429
119900183,187,662,-475
119900184,2407,612,1795
119900185,58,206,-148
119900186,123,1090,-967
119900187,42,516,-474
119900188,97,349,-252
119900189,607,568,39
119900190,95,322,-227
119900191,424,307,117
119900192,71,181,-110
119900193,378,212,166
119900194,39,88,-49
119900195,509,356,153
119900196,1608,562,1046
119900197,263,189,74
119900198,233,317,-84
119900199,204,49,155
119900200,836,621,215
119900201,365,260,105
119900202,77,318,-241
119900203,241,559,-318
119900204,398,363,35
119900205,721,497,224
119900206,235,181,54
119900208,162,183,-21
119900209,503,1308,-805
119900210,54,29,25
119900211,88,7,81
119900212,252,370,-118
119900213,6,71,-65
119900214,37,63,-26
119900215,63,50,13
119900216,15,47,-32
119900217,5,60,-55
119900218,40,84,-44
119900219,8,129,-121
119900220,11,80,-69
119900221,33,294,-261
119900222,12,244,-232
119900223,21,73,-52
119900224,15,26,-11
119900225,931,85,846
119900226,628,2136,-1508
119900227,1210,431,779
119900228,64,319,-255
119900229,317,480,-163
119900230,1512,704,808
119900231,299,189,110
119900232,342,139,203
119900233,145,11,134
119900234,38,117,-79
119900235,21,71,-50
119900236,31,233,-202
119900237,72,703,-631
119900238,3,80,-77
119900240,88,147,-59
119900241,173,281,-108
119900242,1729,1755,-26
119900244,809,1855,-1046
119900245,249,258,-9
119900246,347,683,-336
119900247,46,144,-98
119900248,80,274,-194
119900249,325,110,215
119900253,2880,506,2374
119900254,102,712,-610
119900255,169,782,-613
119900256,650,1066,-416
119900257,63,3,60
119900258,183,10,173
119900259,9,138,-129
119900260,163,12,151
119900261,263,205,58
119900262,2,203,-201
119900263,1126,427,699
119900264,99,179,-80
119900265,834,383,451
119900266,440,314,126
119900267,326,497,-171
119900268,152,175,-23
119900269,1347,1380,-33
119900271,60,125,-65
119900272,464,278,186
119900275,165,8,157
119900276,53,1,52
119900277,18,13,5
119900278,331,112,219
119900279,116,280,-164
119900280,742,223,519
119900281,0,218,-218
119900282,68,96,-28
119900283,15,208,-193
119900284,49,274,-225
119900285,147,206,-59
119900286,8,28,-20
119900288,11,18,-7
119900289,1,47,-46
119900290,2,30,-28
119900291,0,106,-106
119900292,39,53,-14
119900293,27,87,-60
119900294,26,108,-82
119900295,16,43,-27
119900296,96,229,-133
119900297,0,18,-18
119900298,4,31,-27
119900299,54,191,-137
119900300,178,222,-44
119900301,110,117,-7
119900302,168,97,71
119900303,300,212,88
119900304,154,61,93
119900305,13,106,-93
119900306,25,9,16
119900307,99,112,-13
119900308,9,43,-34
119900309,51,110,-59
119900310,306,294,12
119900311,75,131,-56
119900312,129,130,-1
119900313,275,348,-73
119900314,215,393,-178
119900315,1403,2147,-744
119900318,20,37,-17
119900319,33,314,-281
119900320,279,551,-272
119900321,93,10,83
119900322,3,5,-2
119900323,1,6,-5
119900324,0,7,-7
119900325,1,25,-24
120000001,6457,14953,-8496
120000002,2671,2952,-281
120000003,3747,1711,2036
120000004,2800,1979,821
120000005,4041,2101,1940
120000006,1185,1236,-51
120000007,3550,3056,494
120000008,1170,1351,-181
120000009,2849,1157,1692
120000010,2062,2735,-673
120000011,1010,1696,-686
120000012,1637,2605,-968
120000013,3374,3017,357
120000014,773,1598,-825
120000015,2724,1621,1103
120000016,4005,2310,1695
120000017,3027,2398,629
120000018,3889,11877,-7988
120000019,1164,1347,-183
120000020,3265,3207,58
120000021,2101,2350,-249
120000022,3278,3959,-681
120000023,1105,1546,-441
120000024,1527,2478,-951
120000025,2506,2000,506
120000026,2132,1778,354
120000027,2407,2194,213
120000028,887,1371,-484
120000029,4437,1564,2873
120000030,239,1091,-852
120000031,2665,6962,-4297
120000032,8292,4209,4083
120000033,4935,1970,2965
120000034,1938,1932,6
120000035,2239,2034,205
120000036,3172,5187,-2015
120000037,748,1632,-884
120000038,6716,4443,2273
120000039,692,996,-304
120000040,77,478,-401
120000041,1806,1932,-126
120000042,1965,2419,-454
120000043,5508,1688,3820
120000044,5511,1463,4048
120000045,5791,1120,4671
120000046,3159,2832,327
120000047,1298,5846,-4548
120000048,7624,4630,2994
120000049,3533,3038,495
120000050,4251,4122,129
120000051,3366,5065,-1699
120000052,8711,2356,6355
120000053,1287,2260,-973
120000054,1516,3756,-2240
120000055,1760,4380,-2620
120000056,4806,4063,743
120000057,3224,1200,2024
120000058,4337,1387,2950
120000059,30,1818,-1788
120000061,128,456,-328
120000062,283,368,-85
120000063,1482,2604,-1122
120000064,236,1214,-978
120000065,604,1477,-873
120000066,1017,648,369
120000067,132,702,-570
120000068,204,890,-686
120000069,508,1338,-830
120000070,61,659,-598
120000071,513,154,359
120000072,744,436,308
120000073,937,190,747
120000074,312,233,79
120000075,1294,410,884
120000076,2063,498,1565
120000077,1964,665,1299
120000078,3674,1265,2409
120000079,243,119,124
120000080,151,179,-28
120000081,290,150,140
120000082,200,258,-58
120000083,105,676,-571
120000084,434,411,23
120000085,330,305,25
120000086,212,470,-258
120000087,161,556,-395
120000088,886,1202,-316
120000089,1177,710,467
120000090,838,623,215
120000091,970,1063,-93
120000092,1423,667,756
120000093,507,506,1
120000094,214,826,-612
120000095,1048,524,524
120000096,291,773,-482
120000098,1110,827,283
120000099,575,826,-251
120000100,1001,870,131
120000101,620,508,112
120000102,589,861,-272
120000103,1523,850,673
120000104,2114,600,1514
120000105,3261,694,2567
120000106,2404,620,1784
120000107,3920,606,3314
120000108,1326,126,1200
120000109,1216,85,1131
120000110,86,976,-890
120000111,110,1167,-1057
120000112,781,2484,-1703
120000113,598,1827,-1229
120000114,974,2401,-1427
120000115,362,2083,-1721
120000116,705,1886,-1181
120000117,981,1579,-598
120000118,55,29,26
120000119,29,74,-45
120000120,102,58,44
120000121,30,69,-39
120000122,295,385,-90
120000123,4663,5615,-952
120000124,467,432,35
120000125,524,665,-141
120000126,405,1071,-666
120000127,2934,1122,1812
120000128,3749,4803,-1054
120000129,336,289,47
120000130,885,538,347
120000131,331,678,-347
120000134,378,1164,-786
120000135,644,541,103
120000137,282,1442,-1160
120000138,1145,595,550
120000139,305,735,-430
120000140,924,610,314
120000141,517,496,21
120000142,885,743,142
120000143,0,147,-147
120000144,151,4,147
120000145,406,4,402
120000146,1045,1038,7
120000149,810,1273,-463
120000150,3699,11761,-8062
120000151,483,445,38
120000152,612,231,381
120000153,399,649,-250
120000154,543,454,89
120000155,131,235,-104
120000156,897,1213,-316
120000157,1018,760,258
120000158,927,838,89
120000159,2098,2594,-496
120000160,2679,1587,1092
120000161,2233,2248,-15
120000162,68,267,-199
120000163,718,1215,-497
120000164,603,406,197
120000165,570,810,-240
120000166,1322,670,652
120000167,172,224,-52
120000168,15,808,-793
120000169,57,2031,-1974
120000170,60,1305,-1245
120000171,28,411,-383
120000172,27,180,-153
120000173,2798,1363,1435
120000174,423,27,396
120000175,313,30,283
120000176,523,58,465
120000177,1645,183,1462
120000178,165,26,139
120000179,353,53,300
120000180,1163,108,1055
120000181,212,1640,-1428
120000182,102,718,-616
120000183,34,671,-637
120000184,206,1562,-1356
120000186,65,454,-389
120000187,48,261,-213
120000188,167,498,-331
120000190,905,50,855
120000191,1077,101,976
120000192,1209,37,1172
120000193,569,19,550
120000195,160,6,154
120000196,353,52,301
120000197,148,141,7
120000198,195,84,111
120000199,104,1,103
120000200,137,0,137
120000201,12,22,-10
120000202,2,42,-40
120000203,44,161,-117
120000207,5,60,-55
120000208,13,200,-187
120000209,3,65,-62
120000210,81,98,-17
120000211,168,6,162
120000212,218,1,217
120000213,132,257,-125
120000214,3,257,-254
120000215,4,113,-109
120000216,96,30,66
120000217,733,1254,-521
120000218,185,815,-630
120000219,5,398,-393
120000220,8,1552,-1544
120000225,1807,2,1805
120000226,322,4,318
120000227,925,34,891
120000228,11463,3751,7712
120000230,424,22,402
120000231,1340,2099,-759
120000233,468,11,457
120000235,269,600,-331
120000236,1202,2,1200
120000237,3,1190,-1187
120000238,0,958,-958
120000241,1345,3672,-2327
120000412,954,15,939
120000413,270,277,-7
120000414,166,7,159
120000415,3,111,-108
120000416,134,7,127
120000417,36,106,-70
120000418,223,22,201
120000419,26,286,-260
120000420,62,31,31
120000421,10749,6248,4501
120000422,135,1362,-1227
120000423,6,49,-43
120000424,67,133,-66
120000436,195,633,-438
120000437,155,147,8
120000438,2615,330,2285
120000439,268,553,-285
120000443,228,3,225
120000444,1495,571,924
120000445,1659,1072,587
120000446,707,257,450
120000447,269,4,265
120000449,126,6,120
120000450,4,247,-243
120000451,198,252,-54
120000452,208,1,207
120000453,2,386,-384
120000454,75,54,21
120000455,86,45,41
120000456,2548,3960,-1412
120000457,1292,535,757
120000458,860,714,146
120000459,117,56,61
120000665,1164,297,867
120000668,134,1214,-1080
120000669,88,218,-130
120000670,289,981,-692
120000671,1442,488,954
120000672,96,511,-415
120900001,71,97,-26
120900002,600,786,-186
120900003,337,42,295
120900004,17,85,-68
120900005,9,1173,-1164
120900006,401,222,179
120900007,184,88,96
120900008,326,1292,-966
120900009,391,26,365
120900010,493,113,380
120900011,521,188,333
120900012,432,1329,-897
120900013,450,120,330
120900014,4,542,-538
120900015,823,114,709
120900016,853,47,806
120900017,2579,159,2420
120900018,161,425,-264
120900019,694,322,372
120900020,781,1506,-725
120900021,788,251,537
120900022,39,322,-283
120900023,256,46,210
120900024,2179,542,1637
120900025,1651,1206,445
120900026,471,232,239
120900027,1024,19,1005
120900028,432,117,315
120900029,173,504,-331
120900030,1307,731,576
120900031,266,122,144
120900032,1054,116,938
120900033,1170,84,1086
120900034,35,2396,-2361
120900035,82,241,-159
120900037,268,10,258
120900038,41,291,-250
120900039,90,50,40
120900040,373,1,372
120900041,142,25,117
120900042,535,41,494
120900043,76,47,29
120900044,18,394,-376
120900045,203,147,56
120900046,565,7,558
120900047,167,102,65
120900048,147,40,107
120900049,491,3,488
120900050,2221,1612,609
120900051,385,138,247
120900052,657,4,653
120900053,376,58,318
120900054,1838,717,1121
120900055,423,4,419
120900056,500,20,480
120900057,162,13,149
120900058,577,0,577
120900059,119,4,115
120900060,92,45,47
120900061,290,293,-3
120900062,231,0,231
120900063,517,8,509
120900064,630,2,628
120900065,443,3,440
120900066,432,219,213
120900067,180,53,127
120900068,265,1,264
120900069,289,46,243
120900071,30,0,30
120900072,760,11,749
120900073,556,137,419
120900074,742,17,725
120900076,341,1,340
120900077,3219,472,2747
120900078,777,753,24
120900079,795,102,693
120900080,760,1499,-739
120900081,1069,474,595
120900082,487,402,85
120900083,116,1,115
120900084,340,451,-111
120900085,81,140,-59
120900086,144,352,-208
120900087,479,321,158
120900088,197,386,-189
120900089,2869,2960,-91
120900090,288,132,156
120900091,698,846,-148
120900092,1183,539,644
120900093,2241,212,2029
120900094,527,184,343
120900095,650,31,619
120900096,44,275,-231
120900097,863,772,91
120900098,314,196,118
120900099,152,67,85
120900100,119,256,-137
120900101,644,302,342
120900102,53,98,-45
120900103,61,193,-132
120900104,33,57,-24
120900105,31,496,-465
120900106,1224,535,689
120900107,238,184,54
120900108,7,537,-530
120900109,59,597,-538
120900110,13,684,-671
120900111,205,311,-106
120900112,14,789,-775
120900113,19,713,-694
120900114,64,165,-101
120900115,212,235,-23
120900116,449,405,44
120900117,5,461,-456
120900118,19,675,-656
120900119,6322,5583,739
120900120,96,499,-403
120900121,552,526,26
120900122,518,505,13
120900123,1,353,-352
120900124,15,463,-448
120900125,2,721,-719
120900126,1713,983,730
120900127,11,477,-466
120900128,1125,1434,-309
120900129,62,305,-243
120900130,2,377,-375
120900131,80,152,-72
120900132,1077,307,770
120900133,292,875,-583
120900134,744,474,270
120900135,13,591,-578
120900136,62,167,-105
120900137,255,125,130
120900138,27,216,-189
120900139,4,701,-697
120900140,3,213,-210
120900141,211,206,5
120900142,13,497,-484
120900143,5,783,-778
120900144,0,172,-172
120900145,190,712,-522
120900146,6,965,-959
120900147,18,391,-373
120900148,144,116,28
120900149,0,292,-292
120900150,42,491,-449
120900151,2,647,-645
120900152,8,41,-33
120900153,72,143,-71
120900154,0,232,-232
120900155,156,918,-762
120900156,63,369,-306
120900157,103,270,-167
120900158,82,540,-458
120900159,93,387,-294
120900160,29,592,-563
120900161,93,610,-517
120900162,69,770,-701
120900163,95,1082,-987
120900164,0,23,-23
120900165,7,69,-62
120900166,174,659,-485
120900167,462,181,281
120900169,87,317,-230
120900170,1087,2791,-1704
120900171,1185,298,887
120900172,1412,1713,-301
120900173,1,92,-91
120900174,20,180,-160
120900175,332,170,162
120900176,25,309,-284
120900177,2,1257,-1255
120900178,1,609,-608
120900179,876,518,358
120900180,100,202,-102
120900181,309,65,244
120900182,41,312,-271
120900183,578,76,502
120900184,481,123,358
120900185,26,625,-599
120900186,0,335,-335
120900187,597,985,-388
120900188,203,13,190
120900189,110,1289,-1179
120900190,67,4,63
120900191,19,21,-2
120900192,9490,7579,1911
120900194,33,71,-38
120900195,178,370,-192
120900196,833,28,805
120900197,650,151,499
120900198,247,585,-338
120900199,555,1851,-1296
120900200,90,124,-34
120900201,434,221,213
120900202,1,162,-161
120900203,35,122,-87
120900204,186,288,-102
120900205,72,60,12
120900206,30,49,-19
121000001,805,1226,-421
121000002,2302,1298,1004
121000003,2952,2264,688
121000004,3122,3595,-473
121000005,1997,2928,-931
121000006,3989,2067,1922
121000007,2529,3175,-646
121000008,5679,3724,1955
121000009,5635,6312,-677
121000010,9151,6385,2766
121000011,10427,13931,-3504
121000012,17824,11547,6277
121000013,5123,7433,-2310
121000014,6563,6135,428
121000015,4578,7433,-2855
121000016,4601,3663,938
121000017,2393,4186,-1793
121000018,3086,2021,1065
121000019,19137,13354,5783
121000020,15733,18777,-3044
121000021,3215,3242,-27
121000022,2920,3306,-386
121000023,4092,3166,926
121000024,5095,5012,83
121000025,823,1557,-734
121000026,388,173,215
121000027,1834,1442,392
121000028,1015,687,328
121000029,1188,862,326
121000030,706,502,204
121000031,908,744,164
121000032,306,118,188
121000034,474,245,229
121000035,183,174,9
121000036,1037,855,182
121000037,648,621,27
121000038,516,1052,-536
121000039,310,551,-241
121000041,652,632,20
121000042,355,399,-44
121000043,782,644,138
121000044,1568,1014,554
121000045,522,366,156
121000046,825,1091,-266
121000047,64,115,-51
121000049,1639,636,1003
121000050,334,1288,-954
121000051,655,341,314
121000052,417,709,-292
121000053,531,125,406
121000054,82,422,-340
121000055,1201,1352,-151
121000056,894,1260,-366
121000057,474,549,-75
121000058,542,234,308
121000059,3000,1597,1403
121000060,739,1060,-321
121000061,132,468,-336
121000062,250,515,-265
121000063,800,793,7
121000064,925,975,-50
121000065,495,630,-135
121000066,846,713,133
121000067,755,799,-44
121000068,711,487,224
121000069,842,1065,-223
121000070,2020,1482,538
121000071,1517,1387,130
121000072,1658,931,727
121000073,1192,1112,80
121000074,192,185,7
121000075,84,505,-421
121000076,1263,617,646
121000077,165,243,-78
121000078,116,223,-107
121000080,2349,721,1628
121000081,5119,3261,1858
121000082,98,351,-253
121000083,236,189,47
121000084,208,161,47
121000085,358,450,-92
121000086,248,852,-604
121000087,63,388,-325
121000088,590,594,-4
121000089,458,456,2
121000090,518,492,26
121000091,1649,1066,583
121000092,193,101,92
121000093,216,240,-24
121000094,699,953,-254
121000095,411,742,-331
121000096,2498,2888,-390
121000097,1281,2573,-1292
121000098,654,1119,-465
121000099,576,821,-245
121000100,860,433,427
121000101,393,376,17
121000102,295,354,-59
121000103,257,282,-25
121000104,344,220,124
121000105,497,268,229
121000106,378,494,-116
121000107,2270,3419,-1149
121000109,1389,1165,224
121000110,403,725,-322
121000114,3156,2141,1015
121000115,1071,779,292
121000116,260,959,-699
121000117,813,228,585
121000118,1586,240,1346
121000119,318,510,-192
121000120,354,462,-108
121000121,720,1566,-846
121000123,1751,852,899
121000126,136,380,-244
121000127,145,104,41
121000128,981,459,522
121000129,866,719,147
121000130,693,976,-283
121000131,3029,2392,637
121000132,2025,2229,-204
121000135,642,1158,-516
121000136,1587,1380,207
121000137,657,383,274
121000138,1115,1788,-673
121000139,659,650,9
121000141,254,165,89
121000142,710,945,-235
121000143,194,40,154
121000144,1403,2269,-866
121000145,675,1093,-418
121000146,1475,1095,380
121000147,1069,551,518
121000148,1019,1125,-106
121000149,2216,1358,858
121000152,502,520,-18
121000153,1904,638,1266
121000154,1009,625,384
121000155,1788,1170,618
121000156,443,1059,-616
121000157,1249,1774,-525
121000158,459,573,-114
121000159,262,444,-182
121000160,323,410,-87
121000161,220,361,-141
121000162,130,240,-110
121000165,1998,2041,-43
121000166,25,447,-422
121000168,413,292,121
121000169,83,200,-117
121000170,343,110,233
121000171,108,204,-96
121000172,811,571,240
121000173,1496,1270,226
121000174,348,467,-119
121000175,1089,472,617
121000176,400,293,107
121000177,1063,829,234
121000178,122,61,61
121000179,102,79,23
121000181,486,432,54
121000182,224,306,-82
121000183,102,169,-67
121000184,102,247,-145
121000185,58,212,-154
121000186,274,754,-480
121000187,218,215,3
121000188,278,197,81
121000192,1106,466,640
121000193,704,618,86
121000194,2469,2373,96
121000195,289,918,-629
121000196,629,267,362
121000197,246,855,-609
121000198,219,193,26
121000199,172,378,-206
121000200,714,105,609
121000201,6,240,-234
121000202,821,124,697
121000203,930,2130,-1200
121000204,2738,920,1818
121000205,240,375,-135
121000206,260,71,189
121000207,2211,433,1778
121000208,8,315,-307
121000209,428,299,129
121000210,605,402,203
121000211,323,143,180
121000212,483,650,-167
121000213,10699,3201,7498
121000214,954,2415,-1461
121000215,1204,1172,32
121000216,586,680,-94
121000217,4338,2456,1882
121000218,443,1782,-1339
121000219,1541,468,1073
121000220,191,95,96
121000221,147,253,-106
121000222,2488,2633,-145
121000223,498,404,94
121000224,261,223,38
121000225,972,1723,-751
121000226,2368,1175,1193
121000227,13,161,-148
121000228,13,545,-532
121000229,291,309,-18
121000230,45,1422,-1377
121000231,898,39,859
121000232,409,299,110
121000233,544,409,135
121000234,25,45,-20
121000235,100,85,15
121000236,9,65,-56
121000237,53,31,22
121000238,19,65,-46
121000239,80,9,71
121000240,17,172,-155
121000241,72,17,55
121000242,93,357,-264
121000243,691,269,422
121000244,24,96,-72
121000245,82,47,35
121000246,7,98,-91
121000247,106,11,95
121000248,2461,595,1866
121000249,142,306,-164
121000250,648,231,417
121000251,21,320,-299
121000252,114,75,39
121000253,295,345,-50
121000254,557,189,368
121000255,205,265,-60
121000256,428,168,260
121000257,64,98,-34
121000258,231,83,148
121000259,68,72,-4
121000260,58,91,-33
121000261,107,66,41
121000262,946,772,174
121000263,526,410,116
121000271,337,1576,-1239
121000273,29,8,21
121000274,7,29,-22
121000275,7,10,-3
121000276,2,20,-18
121000278,41,25,16
121000279,30,31,-1
121000280,48,49,-1
121000289,227,21,206
121000290,1171,1004,167
121000294,163,193,-30
121000297,841,1081,-240
121000299,186,527,-341
121000300,1065,671,394
121000302,95,1395,-1300
121000303,474,498,-24
121000304,536,61,475
121000305,204,60,144
121000306,130,188,-58
121000308,203,369,-166
121000309,348,601,-253
121000310,135,372,-237
121000311,109,844,-735
121000312,447,289,158
121000313,389,533,-144
121000314,139,169,-30
121000315,46,146,-100
121000530,1617,1370,247
121000531,1539,1520,19
121000532,6920,8343,-1423
121000533,3653,3745,-92
121000918,41,150,-109
121000919,50,68,-18
121000938,169,408,-239
121000939,229,388,-159
121000956,1424,1329,95
121000957,8,17,-9
121000958,39,78,-39
121000959,824,798,26
121000960,1517,1954,-437
121000961,275,321,-46
121000962,314,492,-178
121000973,1,164,-163
121000976,18,290,-272
121000979,671,234,437
121000981,455,453,2
121000982,310,183,127
121000983,435,405,30
121000984,68,68,0
121000985,796,531,265
121000986,367,209,158
121000987,260,859,-599
121000988,825,111,714
121001302,303,119,184
121001308,5,15,-10
121001309,119,96,23
121001313,181,185,-4
121001314,1994,2766,-772
121001315,4937,2758,2179
121900001,121,178,-57
121900002,36,30,6
121900003,398,10,388
121900004,162,460,-298
121900005,30,8,22
121900006,117,24,93
121900007,2191,2268,-77
121900008,1849,1003,846
121900009,754,21,733
121900010,259,6,253
121900011,420,424,-4
121900012,26,1,25
121900013,1362,147,1215
121900014,1543,403,1140
121900015,225,258,-33
121900016,14,36,-22
121900017,424,527,-103
121900018,385,8,377
121900019,603,297,306
121900020,21,11,10
121900021,1001,25,976
121900022,480,271,209
121900023,228,405,-177
121900024,372,112,260
121900025,748,492,256
121900026,466,69,397
121900027,499,264,235
121900028,298,20,278
121900029,115,233,-118
121900030,553,548,5
121900031,1075,6336,-5261
121900032,184,84,100
121900033,227,264,-37
121900034,298,96,202
121900035,3616,2312,1304
121900036,90,340,-250
121900037,191,1190,-999
121900038,79,197,-118
121900039,466,84,382
121900040,134,153,-19
121900041,151,245,-94
121900042,399,177,222
121900043,21,4,17
121900044,192,56,136
121900046,342,504,-162
121900047,239,79,160
121900048,81,144,-63
121900050,34,62,-28
121900051,219,221,-2
121900052,205,49,156
121900053,572,330,242
121900054,518,1194,-676
121900055,2,36,-34
121900058,259,218,41
121900059,600,194,406
121900060,202,425,-223
121900061,255,272,-17
121900062,190,137,53
121900063,1747,423,1324
121900064,296,745,-449
121900066,85,42,43
121900067,64,75,-11
121900069,217,168,49
121900070,325,256,69
121900071,334,286,48
121900072,76,198,-122
121900073,312,253,59
121900074,1018,1186,-168
121900075,487,579,-92
121900076,472,739,-267
121900077,15,47,-32
121900078,82,54,28
121900079,0,0,0
121900080,1082,480,602
121900082,72,139,-67
121900084,28,161,-133
121900085,2,14,-12
121900086,14,77,-63
121900087,204,144,60
121900088,2498,3660,-1162
121900089,228,400,-172
121900090,31,113,-82
121900091,86,107,-21
121900092,139,98,41
121900093,101,80,21
121900094,19,8,11
121900095,321,207,114
121900096,1445,1167,278
121900097,586,232,354
121900098,10,9,1
121900099,271,87,184
121900100,354,622,-268
121900101,196,159,37
121900102,11,226,-215
121900103,524,311,213
121900104,1570,336,1234
121900105,341,183,158
121900106,14,12,2
121900107,54,60,-6
121900108,0,31,-31
121900109,344,171,173
121900110,516,838,-322
121900111,836,324,512
121900112,249,277,-28
121900113,95,406,-311
121900114,117,97,20
121900117,406,154,252
121900118,1943,689,1254
121900119,152,86,66
121900120,60,1355,-1295
121900121,561,47,514
121900122,44,64,-20
121900123,343,437,-94
121900124,125,178,-53
121900125,2398,1264,1134
121900127,17,117,-100
121900128,87,118,-31
121900129,715,211,504
121900130,134,243,-109
121900131,236,116,120
121900132,81,90,-9
121900133,93,1185,-1092
121900134,48,278,-230
121900135,3619,490,3129
121900136,420,305,115
121900137,65,383,-318
121900138,113,339,-226
121900139,427,632,-205
121900140,92,258,-166
121900141,58,59,-1
121900142,245,178,67
121900143,35,170,-135
121900144,134,368,-234
121900145,294,353,-59
121900146,645,873,-228
121900147,74,216,-142
121900148,235,423,-188
121900149,384,573,-189
121900150,94,171,-77
121900151,97,229,-132
121900152,107,135,-28
121900153,154,904,-750
121900154,29,223,-194
121900155,3,291,-288
121900156,310,175,135
121900157,6,387,-381
121900158,70,154,-84
121900159,1,193,-192
121900160,87,259,-172
121900161,384,467,-83
121900162,105,203,-98
121900163,221,475,-254
121900164,374,259,115
121900165,338,216,122
121900166,172,208,-36
121900167,160,139,21
121900168,179,285,-106
121900169,4,202,-198
121900170,8,215,-207
121900171,852,725,127
121900172,616,270,346
121900173,963,320,643
121900174,59,90,-31
121900175,198,200,-2
121900176,603,1389,-786
121900177,245,104,141
121900178,29,32,-3
121900179,464,273,191
121900180,4063,4793,-730
121900182,759,372,387
121900183,738,1619,-881
121900184,87,736,-649
121900186,9,370,-361
121900187,46,209,-163
121900188,564,393,171
121900189,31,140,-109
121900190,309,456,-147
121900191,158,216,-58
121900192,373,790,-417
121900193,43,161,-118
121900194,7,284,-277
121900195,92,96,-4
121900196,992,1283,-291
121900197,272,1506,-1234
121900198,1356,1051,305
121900199,7,35,-28
121900200,56,301,-245
121900201,1192,958,234
121900202,161,716,-555
121900203,307,1125,-818
121900204,1017,1116,-99
121900205,22,61,-39
121900206,24,70,-46
121900207,174,41,133
121900208,200,371,-171
121900209,144,33,111
121900210,1352,1182,170
121900211,16,86,-70
121900212,249,154,95
121900213,204,77,127
121900214,10,491,-481
121900215,61,166,-105
121900216,43,340,-297
121900217,299,208,91
121900218,193,390,-197
121900220,199,14,185
121900221,368,699,-331
121900222,172,217,-45
121900223,262,66,196
121900224,143,61,82
121900225,161,156,5
121900226,361,870,-509
121900227,334,587,-253
121900228,220,328,-108
121900230,146,421,-275
121900231,502,2544,-2042
121900232,380,509,-129
121900233,264,268,-4
121900234,378,323,55
121900235,576,200,376
121900236,368,177,191
121900237,204,329,-125
121900238,194,327,-133
121900239,340,62,278
121900240,325,156,169
121900241,74,78,-4
121900242,9,2,7
121900243,42,2,40
121900244,52,3,49
121900245,214,120,94
121900246,2306,283,2023
121900247,353,299,54
121900248,1712,1372,340
121900250,242,266,-24
121900251,531,55,476
121900252,751,167,584
121900253,126,799,-673
121900254,490,371,119
121900255,417,119,298
121900258,4023,2192,1831
121900259,366,642,-276
121900260,159,228,-69
121900261,165,580,-415
121900262,468,929,-461
121900263,292,231,61
121900264,1824,1435,389
121900265,287,264,23
121900266,479,186,293
121900267,81,28,53
121900269,353,708,-355
121900270,43,216,-173
121900271,27,235,-208
121900273,559,1854,-1295
121900274,292,292,0
121900277,766,1298,-532
121900278,109,1025,-916
121900279,133,249,-116
121900280,237,534,-297
121900281,515,619,-104
121900284,138,13,125
121900286,246,100,146
121900287,18,13,5
121900290,257,476,-219
121900291,419,773,-354
121900292,160,151,9
121900293,1001,2785,-1784
121900294,265,5,260
121900295,141,174,-33
121900296,101,381,-280
121900298,327,802,-475
121900299,2,13,-11
121900300,110,9,101
121900301,93,7,86
121900302,13,50,-37
121900303,348,599,-251
121900304,3,10,-7
121900305,17,7,10
121900306,128,3,125
121900307,75,22,53
121900308,58,328,-270
121900309,11,269,-258
121900310,38,350,-312
121900311,413,19,394
121900312,471,10,461
121900313,377,36,341
121900314,4,52,-48
121900315,14,0,14
121900316,1,28,-27
121900317,8,6,2
121900318,4,27,-23
121900319,24,108,-84
121900320,75,53,22
121900321,20,3,17
121900322,2,11,-9
121900323,23,22,1
121900324,4,57,-53
121900325,12,2,10
121900326,11,37,-26
121900327,6,38,-32
121900328,0,13,-13
121900329,0,141,-141
121900330,0,58,-58
121900331,142,126,16
121900332,104,40,64
121900333,14,0,14
122000001,2493,5566,-3073
122000002,4371,1892,2479
122000003,2369,2984,-615
122000004,3352,1728,1624
122000005,2782,2117,665
122000006,2025,1096,929
122000007,1037,2063,-1026
122000008,4060,5376,-1316
122000009,451,492,-41
122000010,2368,3077,-709
122000011,3904,1926,1978
122000012,1389,1824,-435
122000013,1511,1010,501
122000014,1563,1275,288
122000015,1544,1252,292
122000016,630,1022,-392
122000017,1323,1157,166
122000018,1523,1367,156
122000019,869,1157,-288
122000020,267,278,-11
122000021,334,524,-190
122000022,1299,1168,131
122000023,769,1835,-1066
122000024,931,1497,-566
122000025,1224,2175,-951
122000026,1312,1410,-98
122000027,607,2184,-1577
122000028,951,564,387
122000029,606,541,65
122000030,290,166,124
122000031,210,338,-128
122000032,1773,1872,-99
122000033,780,1463,-683
122000034,827,798,29
122000035,401,860,-459
122000036,574,683,-109
122000037,458,257,201
122000038,348,377,-29
122000039,611,374,237
122000040,342,316,26
122000041,625,607,18
122000042,343,462,-119
122000043,165,129,36
122000044,171,165,6
122000045,1292,508,784
122000046,804,805,-1
122000047,343,246,97
122000048,3822,4667,-845
122000049,6803,3851,2952
122000050,1585,889,696
122000051,431,360,71
122000052,683,483,200
122000053,163,974,-811
122000054,2760,2142,618
122000055,2341,3491,-1150
122000056,5586,3749,1837
122000057,3866,4392,-526
122000058,2695,1663,1032
122000059,3671,2192,1479
122000060,889,771,118
122000061,615,591,24
122000062,918,417,501
122000063,1513,874,639
122000064,3155,3027,128
122000065,4036,2547,1489
122000066,1223,1072,151
122000067,1533,1278,255
122000068,1485,1175,310
122000069,765,764,1
122000070,957,1641,-684
122000071,1741,1281,460
122000072,436,502,-66
122000073,446,747,-301
122000074,2975,1660,1315
122000075,1064,1274,-210
122000076,2719,1395,1324
122000077,1282,911,371
122000078,2237,2900,-663
122000079,1302,1530,-228
122000080,796,483,313
122000081,187,276,-89
122000082,730,936,-206
122000083,1954,1806,148
122000084,1534,940,594
122000085,284,1175,-891
122000086,2536,5729,-3193
122000087,549,306,243
122000088,417,677,-260
122000089,5447,2569,2878
122000090,278,522,-244
122000091,213,86,127
122000092,190,40,150
122000093,1878,2153,-275
122000094,6205,3233,2972
122000095,3214,4803,-1589
122000096,2876,2336,540
122000098,4231,3023,1208
122000099,1726,763,963
122000100,1082,615,467
122000101,477,714,-237
122000102,2228,1426,802
122000103,2095,1905,190
122000104,370,189,181
122000105,537,302,235
122000106,618,725,-107
122000107,1049,560,489
122000108,529,829,-300
122000109,556,314,242
122000110,582,604,-22
122000111,2935,1465,1470
122000112,1019,1386,-367
122000113,748,729,19
122000114,3013,1696,1317
122000115,1940,1348,592
122000116,636,643,-7
122000117,1532,455,1077
122000118,671,891,-220
122000119,3612,2696,916
122000120,2120,4299,-2179
122000121,2076,3085,-1009
122000122,864,1922,-1058
122000123,1969,1887,82
122000124,1319,741,578
122000125,734,798,-64
122000126,745,1240,-495
122000127,1177,1255,-78
122000128,499,880,-381
122000129,565,1392,-827
122000130,3311,1340,1971
122000131,1618,1161,457
122000132,601,693,-92
122000133,1025,1619,-594
122000134,1042,865,177
122000135,832,778,54
122000136,884,628,256
122000137,2025,996,1029
122000139,1347,3684,-2337
122000140,924,806,118
122000141,4708,1388,3320
122000142,470,988,-518
122000143,594,529,65
122000144,1486,1466,20
122000145,1485,976,509
122000146,920,1647,-727
122000147,665,472,193
122000148,1859,2623,-764
122000149,2476,1860,616
122000150,1255,1127,128
122000151,204,399,-195
122000152,426,484,-58
122000153,432,376,56
122000154,312,295,17
122000155,1690,2523,-833
122000156,2731,2807,-76
122000157,1436,2538,-1102
122000158,369,777,-408
122000159,938,1902,-964
122000160,3932,2400,1532
122000161,1246,1102,144
122000162,2511,2055,456
122000163,306,114,192
122000164,45,110,-65
122000165,948,674,274
122000166,1003,1057,-54
122000167,348,275,73
122000168,279,589,-310
122000169,452,145,307
122000170,441,256,185
122000171,61,133,-72
122000172,1990,1466,524
122000173,1729,2721,-992
122000174,2287,1055,1232
122000175,1144,303,841
122000176,391,819,-428
122000177,1470,1613,-143
122000178,2952,2353,599
122000179,1793,2522,-729
122000180,1769,1545,224
122000181,1833,3395,-1562
122000182,2245,1962,283
122000183,2370,1119,1251
122000184,3478,2545,933
122000185,1583,1871,-288
122000186,490,781,-291
122000187,1906,945,961
122000188,525,219,306
122000189,322,315,7
122000190,1100,1166,-66
122000191,1041,853,188
122000192,1058,382,676
122000193,564,838,-274
122000194,502,197,305
122000195,189,595,-406
122000196,1298,727,571
122000197,568,896,-328
122000198,501,1015,-514
122000199,365,343,22
122000200,992,674,318
122000201,1349,1773,-424
122000202,1443,1639,-196
122000203,2876,1564,1312
122000204,1682,2160,-478
122000205,1493,1624,-131
122000206,2297,943,1354
122000207,1897,1549,348
122000208,2398,1552,846
122000209,2059,413,1646
122000210,1984,1895,89
122000211,1586,1519,67
122000212,822,606,216
122000213,1253,1295,-42
122000214,2449,1803,646
122000215,2290,1856,434
122000217,2109,1631,478
122000218,829,102,727
122000219,1294,1094,200
122000220,486,821,-335
122000221,82,439,-357
122000222,692,179,513
122000223,1302,584,718
122000225,849,348,501
122000226,1877,1980,-103
122000227,323,2321,-1998
122000228,390,440,-50
122000229,49,545,-496
122000230,212,608,-396
122000231,397,858,-461
122000232,702,1130,-428
122000233,0,109,-109
122000234,369,95,274
122000235,604,172,432
122000236,1226,120,1106
122000237,133,107,26
122000238,633,349,284
122000239,707,176,531
122000240,1315,771,544
122000241,1544,510,1034
122000242,1006,158,848
122000243,27,36,-9
122000244,14,305,-291
122000245,22,87,-65
122000246,34,80,-46
122000247,583,255,328
122000248,932,1602,-670
122000249,849,831,18
122000250,2219,1009,1210
122000251,266,472,-206
122000252,540,171,369
122000253,108,310,-202
122000254,316,102,214
122000255,779,1603,-824
122000256,410,957,-547
122000257,192,378,-186
122000258,352,275,77
122000259,19,464,-445
122000260,6,74,-68
122000261,21,181,-160
122000262,0,47,-47
122000263,560,159,401
122000264,1729,345,1384
122000265,2407,826,1581
122000266,4734,727,4007
122000267,373,154,219
122000268,209,338,-129
122000269,872,346,526
122000270,682,158,524
122000271,306,977,-671
122000272,380,962,-582
122000273,456,319,137
122000274,238,174,64
122000275,265,222,43
122000276,705,545,160
122000277,1213,1717,-504
122000278,1834,741,1093
122000279,302,491,-189
122000280,992,716,276
122000281,972,852,120
122000282,236,637,-401
122000283,337,206,131
122000284,278,79,199
122000285,398,121,277
122000286,66,166,-100
122000287,1225,1513,-288
122000288,450,303,147
122000291,2040,756,1284
122000293,278,266,12
122000294,155,249,-94
122000295,1404,223,1181
122000296,33,530,-497
122000297,2484,3095,-611
122000299,660,427,233
122000300,558,561,-3
122000301,9488,3254,6234
122000302,575,1428,-853
122000303,2904,1296,1608
122000304,58,228,-170
122000305,1153,308,845
122000306,56,563,-507
122000307,146,124,22
122000309,75,42,33
122000310,15,101,-86
122000311,239,133,106
122000312,141,151,-10
122000313,110,98,12
122000314,145,267,-122
122000315,305,62,243
122000316,842,273,569
122000317,1770,324,1446
122000318,386,858,-472
122000319,212,345,-133
122000320,334,1262,-928
122000321,92,150,-58
122000322,2421,2177,244
122000323,1696,2517,-821
122000324,1278,1179,99
122000325,1245,1839,-594
122000326,81,91,-10
122000327,412,669,-257
122000328,852,739,113
122000330,2377,1066,1311
122000332,201,348,-147
122000333,10,129,-119
122000337,1165,1513,-348
122000338,484,473,11
122000340,405,585,-180
122000342,1723,1036,687
122000343,463,1055,-592
122000344,60,13,47
122000345,49,41,8
122000346,406,556,-150
122000348,850,787,63
122000349,156,852,-696
122000351,119,188,-69
122000352,337,156,181
122000353,106,63,43
122000355,148,349,-201
122000356,1359,1361,-2
122000357,103,25,78
122000358,4,51,-47
122000359,1,34,-33
122000360,0,49,-49
122000362,11,78,-67
122000364,228,444,-216
122000365,6,46,-40
122000366,21,11,10
122000368,525,840,-315
122000370,52,53,-1
122000371,33,0,33
122000372,9,5,4
122000381,113,367,-254
122000382,72,214,-142
122000384,3367,1268,2099
122000385,79,0,79
122000386,408,1415,-1007
122000387,563,687,-124
122000388,1405,705,700
122000389,213,718,-505
122000390,397,260,137
122000391,391,429,-38
122000392,194,238,-44
122000393,53,167,-114
122000394,708,279,429
122000395,120,134,-14
122000396,292,132,160
122000397,32,65,-33
122000398,41,41,0
122000399,133,73,60
122000400,148,621,-473
122000401,112,75,37
122000402,319,151,168
122000403,581,650,-69
122000404,227,251,-24
122000408,1000,1315,-315
122000503,23,142,-119
122000524,178,181,-3
122000544,106,2191,-2085
122000616,341,6,335
122000640,104,112,-8
122000641,95,266,-171
122000642,1215,913,302
122000643,98,152,-54
122000644,134,47,87
122000645,122,198,-76
122000651,1612,951,661
122000664,104,43,61
122000665,1362,620,742
122000666,763,1125,-362
122000673,22,210,-188
122000674,163,82,81
122000675,1633,743,890
122000686,401,1081,-680
122000687,1299,328,971
122000688,480,530,-50
122000689,869,439,430
122000690,2025,533,1492
122000691,1049,1518,-469
122000692,1648,471,1177
122000693,406,1882,-1476
122000695,302,359,-57
122000696,441,294,147
122000698,423,520,-97
122000699,255,136,119
122000701,1514,370,1144
122000702,496,1099,-603
122000703,201,92,109
122000717,63,56,7
122000718,159,730,-571
122000719,101,90,11
122000720,423,227,196
122000724,81,19,62
122900001,53,8,45
122900002,1187,5156,-3969
122900003,370,39,331
122900004,1596,86,1510
122900005,134,95,39
122900006,709,822,-113
122900007,146,111,35
122900008,572,186,386
122900009,924,546,378
122900010,346,175,171
122900012,292,588,-296
122900014,184,290,-106
122900015,2138,1294,844
122900016,155,286,-131
122900017,364,1077,-713
122900018,235,30,205
122900019,12,149,-137
122900020,214,518,-304
122900021,44,436,-392
122900022,949,917,32
122900023,535,274,261
122900024,154,138,16
122900025,31,396,-365
122900026,73,300,-227
122900027,88,562,-474
122900028,111,226,-115
122900029,4474,3233,1241
122900030,1061,775,286
122900031,76,264,-188
122900032,133,428,-295
122900033,204,152,52
122900034,4533,5154,-621
122900035,20,26,-6
122900036,84,134,-50
122900037,424,137,287
122900038,119,2809,-2690
122900039,105,563,-458
122900040,284,541,-257
122900041,329,446,-117
122900042,208,375,-167
122900043,344,225,119
122900044,165,424,-259
122900045,125,128,-3
122900046,217,285,-68
122900047,117,215,-98
122900048,100,217,-117
122900049,1414,200,1214
122900051,91,169,-78
122900052,92,153,-61
122900053,25,37,-12
122900055,373,104,269
122900057,223,80,143
122900061,495,206,289
122900062,616,585,31
122900063,178,263,-85
122900064,852,481,371
122900065,646,294,352
122900066,779,438,341
122900067,1341,760,581
122900068,131,354,-223
122900069,303,1361,-1058
122900070,403,48,355
122900071,127,340,-213
122900072,13,377,-364
122900073,52,218,-166
122900074,819,605,214
122900075,3,59,-56
122900076,6,165,-159
122900077,0,135,-135
122900078,237,77,160
122900080,60,21,39
122900081,219,269,-50
122900082,951,392,559
122900083,214,198,16
122900084,8,296,-288
122900086,19,101,-82
122900087,316,468,-152
122900088,54,228,-174
122900089,96,360,-264
122900090,11,416,-405
122900091,223,0,223
122900092,0,156,-156
122900093,0,179,-179
122900094,2,146,-144
122900095,163,15,148
122900096,303,207,96
122900097,41,39,2
122900098,77,143,-66
122900099,79,18,61
122900100,271,357,-86
122900101,564,254,310
122900102,24,37,-13
122900103,146,15,131
122900104,207,17,190
122900105,18,10,8
122900106,5,86,-81
122900107,12,188,-176
122900108,2,147,-145
123000001,1419,487,932
123000002,3962,5630,-1668
123000003,3992,3986,6
123000004,3096,4038,-942
123000005,2776,2713,63
123000006,2321,2620,-299
123000007,4077,2703,1374
123000008,2752,3097,-345
123000009,4658,2994,1664
123000010,3380,3198,182
123000011,2349,910,1439
123000012,823,2184,-1361
123000013,3455,949,2506
123000014,858,3647,-2789
123000015,4085,1358,2727
123000016,4525,5041,-516
123000017,3435,1770,1665
123000018,58,108,-50
123000019,363,114,249
123000020,218,64,154
123000021,131,221,-90
123000022,395,1707,-1312
123000023,1556,1612,-56
123000024,1583,630,953
123000025,101,113,-12
123000026,25,106,-81
123000027,209,712,-503
123000028,1614,726,888
123000029,913,1559,-646
123000030,317,332,-15
123000031,271,309,-38
123000032,430,147,283
123000033,238,61,177
123000034,1112,900,212
123000035,423,407,16
123000036,286,888,-602
123000037,297,402,-105
123000038,175,212,-37
123000039,439,1645,-1206
123000040,772,341,431
123000041,1091,1159,-68
123000042,795,663,132
123000043,3328,10221,-6893
123000044,5069,3002,2067
123000045,8435,3565,4870
123000046,955,1807,-852
123000047,2251,1016,1235
123000048,160,995,-835
123000049,7609,10799,-3190
123000050,1564,1664,-100
123000051,107,190,-83
123000052,898,3524,-2626
123000053,2601,3386,-785
123000054,1472,1983,-511
123000055,1697,2882,-1185
123000056,1115,1830,-715
123000057,12732,8436,4296
123000058,706,1137,-431
123000059,481,671,-190
123000060,928,369,559
123000061,240,725,-485
123000063,906,1024,-118
123000064,1171,349,822
123000065,4916,3085,1831
123000066,688,593,95
123000067,801,643,158
123000068,2843,2955,-112
123000069,6758,3403,3355
123000070,269,692,-423
123000071,1235,1014,221
123000072,1228,911,317
123000073,1344,818,526
123000074,1186,1156,30
123000075,426,1196,-770
123000076,828,769,59
123000077,1896,2412,-516
123000078,1721,1505,216
123000079,1551,1791,-240
123000080,2388,1710,678
123000081,204,438,-234
123000082,437,1023,-586
123000083,1133,330,803
123000084,683,529,154
123000085,384,82,302
123000086,554,151,403
123000087,392,310,82
123000088,1287,765,522
123000089,544,1069,-525
123000090,1185,858,327
123000091,1547,1385,162
123000092,1042,1144,-102
123000094,605,230,375
123000095,654,655,-1
123000096,732,389,343
123000097,517,660,-143
123000098,841,549,292
123000099,732,711,21
123000100,567,785,-218
123000101,651,788,-137
123000102,536,734,-198
123000104,476,454,22
123000105,682,512,170
123000106,499,438,61
123000107,412,507,-95
123000108,777,1053,-276
123000111,886,336,550
123000112,1449,564,885
123000113,547,1312,-765
123000114,423,594,-171
123000115,349,263,86
123000116,45,101,-56
123000117,1635,1934,-299
123000118,431,922,-491
123000119,249,864,-615
123000120,325,860,-535
123000121,585,513,72
123000122,420,288,132
123000123,416,529,-113
123000124,449,448,1
123000125,1302,1187,115
123000126,1476,4881,-3405
123000127,775,708,67
123000128,409,320,89
123000129,751,267,484
123000130,783,115,668
123000131,1013,612,401
123000132,469,648,-179
123000133,208,403,-195
123000134,405,150,255
123000135,2483,1196,1287
123000136,254,756,-502
123000137,142,345,-203
123000138,117,457,-340
123000139,654,141,513
123000140,162,921,-759
123000141,951,179,772
123000142,989,956,33
123000143,1108,1827,-719
123000144,44,25,19
123000145,227,262,-35
123000146,85,87,-2
123000147,99,115,-16
123000149,419,448,-29
123000150,159,271,-112
123000151,315,506,-191
123000152,162,487,-325
123000153,202,760,-558
123000154,1862,2148,-286
123000155,2553,1498,1055
123000156,51,137,-86
123000157,577,1076,-499
123000158,757,822,-65
123000159,3365,2567,798
123000160,1068,796,272
123000161,1877,1334,543
123000162,1035,1548,-513
123000163,663,174,489
123000164,1789,376,1413
123000165,494,1392,-898
123000166,48,174,-126
123000167,142,284,-142
123000168,311,268,43
123000169,892,139,753
123000170,88,159,-71
123000171,773,25,748
123000172,246,539,-293
123000173,665,332,333
123000174,1218,431,787
123000175,714,1261,-547
123000176,1164,398,766
123000177,351,1112,-761
123000178,803,173,630
123000179,55,615,-560
123000180,1640,320,1320
123000181,286,1177,-891
123000182,219,379,-160
123000183,162,475,-313
123000184,155,618,-463
123000185,783,363,420
123000186,0,539,-539
123000187,613,2,611
123000188,198,4,194
123000189,205,148,57
123000190,50,91,-41
123000192,31,374,-343
123000193,81,817,-736
123000194,456,303,153
123000195,407,48,359
123000196,391,38,353
123000197,63,124,-61
123000198,55,517,-462
123000199,13,629,-616
123000200,587,10,577
123000201,1172,22,1150
123000202,21,901,-880
123000203,1095,66,1029
123000204,98,900,-802
123000205,642,1477,-835
123000206,2349,277,2072
123000207,104,692,-588
123000208,639,255,384
123000209,2277,632,1645
123000210,450,1682,-1232
123000211,549,2349,-1800
123000212,3176,596,2580
123000213,793,113,680
123000215,96,310,-214
123000216,265,1329,-1064
123000217,245,45,200
123000218,82,811,-729
123000219,916,73,843
123000220,519,128,391
123000221,186,111,75
123000222,443,486,-43
123000223,457,331,126
123000224,468,456,12
123000225,367,72,295
123000226,80,374,-294
123000227,59,331,-272
123000228,308,68,240
123000229,967,1489,-522
123000232,111,578,-467
123000233,884,211,673
123000234,191,639,-448
123000235,1101,321,780
123000236,361,758,-397
123000237,329,87,242
123000238,114,508,-394
123000239,486,1365,-879
123000240,61,457,-396
123000241,452,112,340
123000242,260,192,68
123000243,676,861,-185
123000244,984,694,290
123000245,71,167,-96
123000249,650,562,88
123000252,951,271,680
123000253,1215,575,640
123000254,722,1030,-308
123000255,1316,1119,197
123000256,34,327,-293
123000257,2735,1971,764
123000258,958,741,217
123000259,489,443,46
123000260,585,520,65
123000261,315,165,150
123000262,96,188,-92
123000263,450,92,358
123000264,193,91,102
123000265,72,167,-95
123000266,572,794,-222
123000267,719,439,280
123000268,45,69,-24
123000269,79,79,0
123000270,32,54,-22
123000271,63,78,-15
123000272,819,252,567
123000273,261,653,-392
123000274,1196,585,611
123000275,382,861,-479
123000278,2609,2487,122
123000279,97,115,-18
123000280,352,359,-7
123000281,296,132,164
123000282,141,297,-156
123000283,131,56,75
123000284,61,84,-23
123000286,284,408,-124
123000287,572,317,255
123000288,1626,989,637
123000289,467,1089,-622
123000291,301,880,-579
123000294,132,296,-164
123000295,947,884,63
123000296,575,413,162
123000297,630,521,109
123000298,587,452,135
123000299,69,162,-93
123000300,987,826,161
123000301,153,257,-104
123000302,127,175,-48
123000303,103,175,-72
123000305,948,921,27
123000306,191,143,48
123000309,48,64,-16
123000310,35,52,-17
123000311,0,77,-77
123000312,518,761,-243
123000313,581,315,266
123000315,123,337,-214
123000316,1154,82,1072
123000317,194,71,123
123000318,65,186,-121
123000329,19,17,2
123000337,1233,446,787
123000338,463,39,424
123000339,296,113,183
123000340,121,334,-213
123000342,15,23,-8
123000343,65,5,60
123000344,1105,433,672
123000345,320,626,-306
123000346,342,33,309
123000352,1388,839,549
123000353,30,118,-88
123000354,277,17,260
123000355,0,280,-280
123000356,456,18,438
123000357,2,139,-137
123000359,3,163,-160
123000360,255,91,164
123000361,296,330,-34
123000362,485,95,390
123000363,85,201,-116
123000364,512,490,22
123000365,15,392,-377
123000366,464,2069,-1605
123000367,349,1022,-673
123000370,29,321,-292
123000371,645,46,599
123000372,380,18,362
123000373,7,374,-367
123000374,18,217,-199
123000375,435,42,393
123000376,915,620,295
123000377,502,25,477
123000378,17,299,-282
123000379,13,266,-253
123000380,70,514,-444
123000381,192,106,86
123000382,1318,130,1188
123000383,230,1360,-1130
123000384,520,138,382
123000385,139,472,-333
123000436,48,1112,-1064
123000507,139,242,-103
123000508,186,1007,-821
123000517,370,41,329
123000518,57,242,-185
123000519,247,81,166
123000520,60,238,-178
123000521,415,98,317
123000522,198,340,-142
123000541,13,5,8
123000542,0,13,-13
123000565,415,25,390
123000566,509,498,11
123000567,113,193,-80
123000573,56,744,-688
123000574,840,93,747
123000575,1404,1163,241
123000576,916,1279,-363
123000577,64,635,-571
123000578,519,77,442
123000579,2508,6003,-3495
123000580,99,41,58
123000582,447,39,408
123000583,12,364,-352
123000584,186,303,-117
123000585,1,91,-90
123000586,90,1,89
123000596,61,94,-33
123000597,90,167,-77
123000602,44,19,25
123000603,755,555,200
123000604,451,678,-227
123000605,776,135,641
123000606,2,321,-319
123000609,14,352,-338
123000610,185,145,40
123000613,20,190,-170
123000614,260,74,186
123000615,50,112,-62
123000616,802,82,720
123000617,144,375,-231
123000618,84,686,-602
123000619,567,60,507
123000620,39,438,-399
123000622,414,24,390
123000624,171,36,135
123000630,980,425,555
123000631,262,915,-653
123000632,792,792,0
123000633,0,160,-160
123000634,62,127,-65
123000635,112,120,-8
123000636,30,563,-533
123000637,205,92,113
123000638,398,53,345
123000639,1161,4204,-3043
123000640,22,606,-584
123900001,1224,58,1166
123900002,38,1336,-1298
123900003,287,408,-121
123900005,259,163,96
123900006,224,36,188
124000001,2098,157,1941
124000002,95,1676,-1581
124000003,943,163,780
124000004,108,509,-401
124000005,1030,494,536
124000006,210,976,-766
124000007,442,120,322
124000008,10,469,-459
124000009,549,227,322
124000010,168,381,-213
124000011,913,367,546
124000012,260,518,-258
124000017,150,93,57
124000018,132,84,48
124000019,139,107,32
124000020,58,180,-122
124000021,133,78,55
124000022,85,232,-147
124000023,1372,1643,-271
124000024,942,487,455
124000025,1202,1795,-593
124000026,1010,912,98
124000027,4953,5477,-524
124000028,2221,4240,-2019
124000030,2827,1485,1342
124000031,1127,2909,-1782
124000032,2461,881,1580
124000033,166,208,-42
124000034,1014,591,423
124000035,39,262,-223
124000036,72,164,-92
124000037,698,1173,-475
124000038,61,119,-58
124000039,1123,555,568
124000040,547,1346,-799
124000041,371,77,294
124000042,86,441,-355
124000043,121,85,36
124000044,39,236,-197
124000045,874,587,287
124000046,393,604,-211
124000047,1716,835,881
124000048,974,1420,-446
124000049,1783,695,1088
124000050,844,1789,-945
124000051,1077,567,510
124000052,674,999,-325
124000053,624,1502,-878
124000054,889,624,265
124000055,1478,2721,-1243
124000056,2358,1384,974
124000057,941,612,329
124000058,471,1075,-604
124000059,628,1182,-554
124000060,1123,642,481
124000061,1304,5203,-3899
124000062,3909,1840,2069
124000063,1188,1570,-382
124000064,2083,1372,711
124000065,15,367,-352
124000066,51,39,12
124000067,221,195,26
124000068,23,13,10
124000069,110,8,102
124000070,41,93,-52
124000071,351,100,251
124000072,219,440,-221
124000073,971,153,818
124000074,267,659,-392
124000075,372,26,346
124000076,2,185,-183
124000077,1506,1078,428
124000078,2697,1185,1512
124000079,375,1655,-1280
124000080,511,203,308
124000081,245,577,-332
124000082,102,169,-67
124000083,126,119,7
124000084,90,281,-191
124000085,130,46,84
124000086,103,127,-24
124000087,213,81,132
124000088,284,542,-258
124000089,909,340,569
124000090,109,296,-187
124000091,405,91,314
124000092,98,355,-257
124000093,140,77,63
124000094,220,524,-304
124000095,93,73,20
124000096,130,275,-145
124000097,101,111,-10
124000098,50,89,-39
124000099,260,116,144
124000100,69,85,-16
124000101,89,106,-17
124000102,86,65,21
124000103,111,97,14
124000104,124,28,96
124000105,106,86,20
124000106,158,51,107
124000107,20,164,-144
124000108,53,27,26
124000109,151,93,58
124000110,196,100,96
124000111,207,161,46
124000112,748,681,67
124000113,100,120,-20
124000114,270,456,-186
124000115,406,690,-284
124000116,127,138,-11
124000117,73,86,-13
124000118,44,114,-70
124000119,916,643,273
124000120,573,563,10
124000121,1250,691,559
124000122,556,1151,-595
124000123,1084,445,639
124000124,404,1133,-729
124000125,446,567,-121
124000126,338,550,-212
124000127,1038,353,685
124000128,577,998,-421
124000129,2262,1629,633
124000130,771,718,53
124000131,1062,702,360
124000132,921,900,21
124000133,807,866,-59
124000134,1055,714,341
124000135,1844,1908,-64
124000136,1016,1040,-24
124000137,1431,981,450
124000138,2112,1349,763
124000139,605,27,578
124000140,32,403,-371
124000141,88,10,78
124000142,7,141,-134
124000143,41,13,28
124000144,8,45,-37
124000145,145,50,95
124000146,45,83,-38
124000148,34,108,-74
124000149,1125,421,704
124000150,418,681,-263
124000151,888,297,591
124000152,716,1102,-386
124000153,1036,781,255
124000154,641,746,-105
124000155,1489,967,522
124000156,1553,1013,540
124000169,251,481,-230
124000170,613,449,164
124000171,373,268,105
124000172,442,625,-183
124000173,512,262,250
124000174,367,612,-245
124000175,8,136,-128
124000176,46,16,30
124000177,12,42,-30
124000178,30,68,-38
124000190,46,50,-4
124000191,77,99,-22
124000192,1560,380,1180
124000193,368,953,-585
124000194,386,464,-78
124000195,261,549,-288
124000196,961,969,-8
124000197,67,52,15
124000198,43,48,-5
124000201,342,901,-559
124000202,608,459,149
124000203,400,498,-98
124000204,830,327,503
124000205,104,405,-301
124000206,666,323,343
124000207,0,62,-62
124000209,223,371,-148
124000210,552,219,333
124000211,761,4,757
124000212,1,398,-397
124000213,378,288,90
124000214,447,512,-65
124000215,305,42,263
124000216,4,370,-366
124000329,195,1405,-1210
124000338,332,683,-351
124000339,1053,126,927
124000341,1305,137,1168
124000344,124,90,34
124000357,1025,1935,-910
124000358,890,1194,-304
124000359,1476,694,782
124000360,972,480,492
124000361,1677,749,928
124000362,1225,1602,-377
124000363,326,387,-61
124000364,546,1078,-532
124000365,617,1123,-506
124000366,1395,935,460
124000367,102,467,-365
124000368,401,342,59
124000369,183,117,66
124000370,88,451,-363
124000402,26,15,11
124000403,151,14,137
124000404,11,86,-75
124000405,1205,842,363
124000406,843,924,-81
124000407,2,28,-26
124000411,15,355,-340
124000412,513,14,499
124000413,155,36,119
124000414,53,100,-47
124000415,58,84,-26
124000416,147,188,-41
124000417,168,118,50
124000418,197,82,115
124000419,77,126,-49
124000420,97,47,50
124000421,65,143,-78
124000422,41,12,29
124000423,170,37,133
124000424,7,89,-82
124000425,62,14,48
124000426,9,37,-28
124000427,33,5,28
124000428,10,65,-55
124000429,95,51,44
124000430,698,515,183
124000431,274,590,-316
124000432,283,667,-384
124000439,6,9,-3
124000442,13,100,-87
124000443,0,8,-8
124000445,114,498,-384
124000446,775,109,666
124900001,467,333,134
124900002,154,340,-186
124900003,1102,595,507
124900004,673,331,342
124900005,284,160,124
124900006,702,323,379
124900008,1210,590,620
124900009,186,395,-209
124900010,243,180,63
124900011,733,197,536
124900012,533,89,444
124900013,544,146,398
124900014,390,82,308
124900015,209,401,-192
124900016,95,125,-30
124900017,668,1545,-877
124900018,79,8,71
124900020,121,70,51
124900021,360,28,332
124900022,66,3,63
124900024,316,8,308
124900026,173,46,127
124900027,119,442,-323
124900028,436,156,280
124900029,14,516,-502
124900030,8,126,-118
124900031,76,302,-226
124900032,291,282,9
124900033,102,383,-281
124900034,18,122,-104
124900035,162,469,-307
124900036,5,78,-73
124900037,253,328,-75
124900038,342,297,45
124900039,5,134,-129
124900040,207,120,87
124900041,240,1018,-778
124900042,206,16,190
124900043,438,797,-359
124900044,81,5,76
124900045,811,1106,-295
124900046,1116,243,873
124900047,134,203,-69
124900048,242,130,112
124900050,183,203,-20
124900052,71,490,-419
124900053,128,353,-225
124900054,1502,477,1025
124900055,5,216,-211
124900057,30,52,-22
124900060,85,208,-123
124900061,114,13,101
124900062,258,18,240
124900066,1,9,-8
124900067,12,120,-108
124900068,221,708,-487
124900070,91,30,61
124900072,142,39,103
124900074,554,194,360
124900075,246,202,44
124900076,30,1042,-1012
124900077,57,119,-62
124900078,88,20,68
124900079,452,238,214
124900080,317,516,-199
124900081,872,286,586
124900082,312,631,-319
124900083,279,490,-211
124900084,1671,165,1506
124900085,1004,566,438
124900086,104,1372,-1268
124900087,818,165,653
124900088,740,156,584
124900089,1164,56,1108
124900090,358,265,93
124900091,384,346,38
124900092,248,252,-4
124900093,327,198,129
124900094,354,298,56
124900095,124,523,-399
124900096,607,315,292
124900097,401,66,335
124900098,176,337,-161
124900099,709,470,239
124900100,396,52,344
124900101,87,569,-482
124900102,276,39,237
124900103,169,207,-38
124900104,69,143,-74
124900105,89,121,-32
124900106,414,49,365
124900107,137,23,114
124900108,149,79,70
124900109,97,109,-12
124900110,329,347,-18
124900111,1,172,-171
124900112,55,589,-534
124900113,153,293,-140
124900114,202,180,22
124900115,83,53,30
124900116,223,143,80
124900117,351,182,169
124900118,179,263,-84
124900119,345,128,217
124900120,47,352,-305
124900121,129,370,-241
124900122,278,254,24
124900123,391,116,275
124900124,167,295,-128
129000186,157,41,116
204000001,27,4,23
204000002,27,6,21
204000003,27,1,26
204000004,10,1,9
204000005,585,370,215
204000006,1221,932,289
204000011,10,38,-28
204000012,65,83,-18
204000013,2,20,-18
204000019,607,484,123
204000020,710,538,172
204000021,1767,848,919
204000022,487,428,59
204000023,478,630,-152
204000031,60,8,52
204000032,394,31,363
204000034,20,212,-192
204000035,0,4,-4
204000036,8,20,-12
204000037,0,14,-14
204000038,0,11,-11
204000039,1,33,-32
204000040,0,15,-15
204000041,6,14,-8
204000042,77,11,66
204000043,39,17,22
204000044,33,4,29
204000045,54,1,53
204000046,14,11,3
204000057,2,36,-34
204000062,3,20,-17
204000068,27,221,-194
204000069,29,233,-204
204000070,92,57,35
204000080,47,53,-6
204000085,1818,1536,282
204000086,1905,1597,308
204000087,30,12,18
204000088,6,72,-66
204000090,26,337,-311
204000093,414,44,370
204000096,830,921,-91
204000097,481,7,474
204000099,1126,1244,-118
204000100,1490,1753,-263
204000105,2066,1197,869
204000110,653,1142,-489
204000111,487,633,-146
204000112,1369,1122,247
204000113,646,867,-221
204000114,1296,798,498
204000115,576,352,224
204000116,2656,774,1882
204000119,1881,2631,-750
204000132,668,277,391
204000133,725,205,520
204000134,313,96,217
204000135,602,88,514
204000136,712,216,496
204000138,414,550,-136
204000140,195,115,80
204000141,184,61,123
204000144,9,26,-17
204000145,535,48,487
204000146,34,376,-342
204000147,19,141,-122
204000148,215,22,193
204000154,6,1,5
204000155,2,1,1
204000177,97,37,60
204000179,22,6,16
204000180,1,30,-29
204000222,5,21,-16
204000235,19,15,4
204000236,99,231,-132
204000238,19,36,-17
204000240,390,83,307
204000263,450,782,-332
204000268,1059,650,409
204000308,228,13,215
204000317,11,63,-52
204000322,6,57,-51
204000323,30,9,21
204000328,260,46,214
204000329,49,190,-141
204000330,207,7,200
204000331,19,91,-72
204010341,5,158,-153
205000001,831,1715,-884
205000013,4,61,-57
205000014,15,77,-62
205000015,27,192,-165
205000016,13,154,-141
205000017,18,115,-97
205000022,215,670,-455
205000025,1015,959,56
205000029,193,11,182
205000045,130,503,-373
205000046,119,458,-339
205000047,84,430,-346
205000048,249,760,-511
205000049,170,662,-492
205000050,544,264,280
205000059,1,181,-180
205000060,0,72,-72
205000061,6,73,-67
205000062,2,55,-53
205000063,22,123,-101
205000064,14,75,-61
205000065,50,458,-408
205000066,80,557,-477
205000067,26,660,-634
205000069,150,24,126
205000082,203,152,51
205000110,73,229,-156
205000111,218,205,13
205000112,170,220,-50
205000113,169,317,-148
205000121,314,53,261
205000123,38,219,-181
205000126,411,68,343
205000127,629,102,527
205000128,372,46,326
205000129,531,42,489
205000130,144,16,128
205000131,66,3,63
205000132,152,2,150
205000133,78,0,78
205000134,204,0,204
205000137,85,127,-42
205000138,143,329,-186
205000139,32,97,-65
205000144,88,99,-11
205000145,423,170,253
205000151,179,29,150
205000152,261,24,237
205000153,228,17,211
205000154,117,39,78
205000155,115,10,105
205000207,14,153,-139
205000233,62,27,35
205000234,0,0,0
205000243,0,0,0
205000244,0,4,-4
205000245,17,205,-188
205000249,0,27,-27
205000250,2,2,0
205000264,7,94,-87
206000027,12,5,7
206000028,7,3,4
206000043,11,57,-46
206000053,1,6,-5
206000054,1,21,-20
206000055,1,20,-19
206000075,8,17,-9
206000076,19,15,4
206000077,19,6,13
206000078,17,7,10
206000079,14,0,14
206000082,418,52,366
206000100,47,540,-493
206000103,2,17,-15
206000104,7,13,-6
206000105,6,19,-13
206000106,10,24,-14
206000108,647,57,590
206000125,53,1,52
206000157,53,592,-539
206000170,1,148,-147
206000171,5,167,-162
206000172,5,344,-339
206000173,2,229,-227
206000174,12,71,-59
206000175,6,111,-105
206000176,16,188,-172
206000177,1,147,-146
206000178,5,168,-163
206000179,5,115,-110
206000180,14,130,-116
206000181,3,111,-108
206000182,18,107,-89
206000183,15,562,-547
206000184,4,341,-337
206000185,11,164,-153
206000186,113,788,-675
206000223,4,238,-234
206000226,24,7,17
206000227,22,4,18
206000237,41,269,-228
206000238,36,409,-373
206000239,204,1768,-1564
206000240,1,72,-71
206000241,0,89,-89
206000242,6,213,-207
206000243,9,159,-150
206000244,53,503,-450
206000245,760,60,700
206000246,245,16,229
206000247,235,4,231
206000248,338,11,327
206000252,65,36,29
206000258,24,38,-14
206000315,44,4,40
206000317,539,95,444
206000318,518,50,468
206000319,1523,80,1443
206000320,208,51,157
206000321,263,15,248
206000322,493,14,479
206000323,145,3,142
206000324,162,4,158
206000325,225,23,202
206000326,215,12,203
206000327,195,9,186
206000328,157,8,149
206000329,275,5,270
206000330,58,9,49
206000331,151,2,149
206000332,46,2,44
206000333,538,2,536
206000334,231,1,230
206000335,0,18,-18
206000361,2,188,-186
206000392,1,33,-32
206000405,166,2,164
206000441,35,16,19
206000498,48,2,46
206000515,85,26,59
206000530,331,48,283
206000531,213,197,16
206000532,1680,289,1391
206000535,276,1569,-1293
206000536,11,188,-177
206000537,11,139,-128
206000613,1591,225,1366
207000001,134,528,-394
207000002,149,286,-137
207000003,123,167,-44
207000007,862,199,663
207000008,90,2,88
207000009,68,56,12
207000010,321,339,-18
207000012,350,158,192
207000015,195,1166,-971
207000019,201,63,138
207000021,556,177,379
207000022,156,112,44
207000023,198,35,163
207000024,10,13,-3
207000025,29,50,-21
207000026,90,54,36
207000027,21,62,-41
207000028,72,169,-97
207000029,168,360,-192
207000033,193,402,-209
207000034,237,105,132
207000039,364,115,249
207000040,351,74,277
207000041,115,45,70
207000042,275,54,221
207000043,227,169,58
207000051,112,247,-135
207000052,26,114,-88
207000053,417,454,-37
207000054,37,81,-44
207000055,146,100,46
207000056,344,216,128
207000057,119,218,-99
207000058,106,245,-139
207000059,86,322,-236
207000060,74,180,-106
207000061,208,453,-245
207000062,268,28,240
207000063,238,84,154
207000064,414,119,295
207000065,332,210,122
207000066,169,118,51
207000067,53,94,-41
207000068,98,56,42
207000069,687,312,375
207000082,4,191,-187
207000083,79,244,-165
207000084,263,249,14
207000085,190,15,175
207000086,247,11,236
207000106,39,42,-3
207000107,85,12,73
207000108,73,12,61
207000109,55,8,47
207000110,57,71,-14
207000111,78,79,-1
207000112,153,555,-402
207000114,12,28,-16
207000115,27,75,-48
207000116,25,365,-340
207000117,8,91,-83
207000118,4,69,-65
207000119,27,62,-35
207000123,173,25,148
207000124,78,25,53
207000125,52,33,19
207000126,68,43,25
207000134,63,98,-35
207000135,30,178,-148
207000148,61,273,-212
207000149,59,35,24
207000152,129,339,-210
207000153,870,1225,-355
207000154,348,137,211
207000159,86,141,-55
207000160,145,384,-239
207000238,0,166,-166
207000242,6,149,-143
207000248,22,38,-16
207000249,135,45,90
207000250,618,91,527
207000251,131,82,49
207000252,60,66,-6
207000278,74,73,1
207000279,23,120,-97
207000280,538,74,464
207000281,126,736,-610
207000282,156,97,59
207000283,137,220,-83
207000284,87,162,-75
207000285,115,60,55
207000291,20,112,-92
207000304,93,50,43
207000306,68,353,-285
207000310,89,53,36
207000353,230,5,225
207000356,15,56,-41
207000357,17,11,6
207000358,14,19,-5
207000415,1,129,-128
207000417,33,4,29
207000418,66,118,-52
207000438,0,0,0
207000439,918,737,181
207000446,155,4,151
207000460,23,9,14
207000466,205,124,81
207000467,242,90,152
207000468,33,248,-215
207000476,5,47,-42
207000477,667,71,596
207000478,2,64,-62
207000523,0,9,-9
207000524,43,1,42
207000527,117,149,-32
207000530,432,7,425
207000531,298,13,285
207000532,109,34,75
207000534,400,51,349
207000535,25,317,-292
207000537,15,98,-83
207000540,10,143,-133
207000541,4,276,-272
207000548,11,209,-198
207000549,332,14,318
207000561,148,188,-40
207000562,34,185,-151
207000567,178,166,12
207000568,199,57,142
207000569,386,648,-262
207000584,285,260,25
207000585,81,391,-310
207000616,1,116,-115
207000617,125,0,125
207900008,229,84,145
208000001,559,826,-267
208000002,581,417,164
208000003,1141,409,732
208000004,1274,579,695
208000005,11,18,-7
208000019,588,888,-300
208000020,155,473,-318
208000021,304,321,-17
208000022,1065,458,607
208000028,1544,1075,469
208000033,629,512,117
208000034,1214,1138,76
208000040,263,178,85
208000041,1044,491,553
208000042,1511,614,897
208000047,137,184,-47
208000064,2393,1383,1010
208000066,1663,2426,-763
208000070,328,311,17
208000071,372,666,-294
208000072,304,1055,-751
208000080,331,298,33
208000081,321,91,230
208000082,279,203,76
208000083,98,325,-227
208000084,30,17,13
208000085,893,600,293
208000086,452,861,-409
208000087,331,607,-276
208000089,953,342,611
208000090,882,551,331
208000093,119,123,-4
208000094,436,332,104
208000095,681,433,248
208000104,941,795,146
208000105,614,869,-255
208000114,122,353,-231
208000115,410,339,71
208000116,535,1154,-619
208000117,82,147,-65
208000118,87,105,-18
208000155,606,1001,-395
208000158,1295,3737,-2442
208000186,3550,4184,-634
208000204,596,899,-303
208000205,1052,845,207
208000282,5093,3260,1833
209000004,299,151,148
209000005,40,22,18
209000006,403,156,247
209000007,233,323,-90
209000010,405,116,289
209000011,206,281,-75
209000012,183,122,61
209000013,249,274,-25
209000014,443,875,-432
209000025,289,40,249
209000026,655,89,566
209000027,297,644,-347
209000028,382,599,-217
209000029,485,605,-120
209000030,392,1177,-785
209000031,1994,1877,117
209000034,167,203,-36
209000035,119,173,-54
209000036,216,91,125
209000037,278,166,112
209000038,89,117,-28
209000039,72,110,-38
209000040,263,466,-203
209000041,168,381,-213
209000042,210,362,-152
209000043,673,745,-72
209000044,196,725,-529
209000045,1200,474,726
209000046,452,509,-57
209000047,389,168,221
209000048,477,371,106
209000049,78,83,-5
209000050,159,103,56
209000051,189,190,-1
209000052,84,194,-110
209000062,31,69,-38
209000063,37,70,-33
209000064,39,70,-31
209000065,69,28,41
209000066,79,24,55
209000067,99,33,66
209000080,22,209,-187
209000082,94,36,58
209000091,17,88,-71
209000093,54,27,27
209000094,139,162,-23
209000110,50,147,-97
209000111,582,1336,-754
209000112,936,372,564
209000113,1536,372,1164
209000114,708,432,276
209000115,70,106,-36
209000116,337,362,-25
209000118,15,61,-46
209000119,19,14,5
209000121,106,418,-312
209000135,95,199,-104
209000142,594,1491,-897
209000143,58,61,-3
209000144,54,144,-90
209000229,259,152,107
209000240,30,240,-210
209000259,60,84,-24
209000260,63,929,-866
209000261,5,858,-853
209000262,1,420,-419
209000263,1,159,-158
209000264,1,181,-180
209000265,688,5,683
209000266,174,1,173
209000267,1578,13,1565
209000268,820,70,750
210000037,61,25,36
210000047,76,23,53
210000048,126,26,100
210000049,59,19,40
210000052,65,66,-1
210000053,30,52,-22
210000054,36,65,-29
210000070,207,6,201
210000071,82,0,82
210000072,25,1,24
210000073,0,20,-20
210000074,0,87,-87
210000075,2,108,-106
210000076,12,148,-136
210000077,7,47,-40
210000078,35,38,-3
210000079,36,20,16
210000080,75,48,27
210000081,213,23,190
210000082,152,4,148
210000083,81,5,76
210000084,58,0,58
210000085,1,49,-48
210000086,4,118,-114
210000099,39,199,-160
210000100,73,172,-99
210000101,86,140,-54
210000105,44,189,-145
210000159,1,174,-173
210000163,141,204,-63
210000164,232,230,2
210000168,134,36,98
210000187,0,25,-25
210000188,1,14,-13
210000214,35,1,34
210000219,45,53,-8
210000220,70,38,32
210000232,5,27,-22
210000233,29,68,-39
210000234,28,94,-66
210000235,67,67,0
210000245,1,57,-56
210000246,38,2,36
210000258,10,105,-95
210000259,297,77,220
210000282,83,204,-121
210000285,0,102,-102
210000286,17,189,-172
210000290,4,3,1
210000295,42,110,-68
210000296,42,46,-4
210000320,200,74,126
210000321,123,68,55
210000338,67,64,3
210000339,326,1073,-747
210000340,130,333,-203
210000341,212,251,-39
210000342,166,182,-16
210000343,181,157,24
210000344,149,94,55
210000345,134,221,-87
210000346,51,124,-73
210000347,75,44,31
210000348,116,24,92
210000349,49,34,15
210000350,153,67,86
210000351,182,132,50
210000352,86,66,20
210000353,77,104,-27
210000354,96,113,-17
210000355,59,73,-14
210000356,49,45,4
210000357,37,38,-1
210000358,234,127,107
210000359,94,80,14
210000360,147,108,39
210000361,162,110,52
210000362,275,222,53
210000363,656,237,419
210000364,111,200,-89
210000365,118,52,66
210000366,157,40,117
210000367,105,33,72
210000368,142,43,99
210000369,13,12,1
210000370,41,28,13
210000372,14,17,-3
210000373,25,19,6
210000374,41,29,12
210000375,45,111,-66
210000376,60,89,-29
210000404,69,89,-20
210000439,31,43,-12
210000472,106,4,102
210000482,58,82,-24
210000564,363,342,21
210000567,0,22,-22
210000568,284,8,276
211000092,62,44,18
211000094,28,2,26
211000169,177,26,151
211000172,11,146,-135
211000209,1,28,-27
211000226,6,4,2
211000270,16,5,11
211000275,10,16,-6
211000276,79,34,45
211000279,25,41,-16
211000281,65,44,21
211507980,1,41,-40
211977296,49,7,42
212000003,125,40,85
212000004,31,19,12
212000005,15,23,-8
212000006,22,47,-25
212000008,144,112,32
212000009,37,88,-51
212000012,77,110,-33
212000013,34,64,-30
212000014,211,121,90
212000015,279,269,10
212000016,538,521,17
212000027,543,471,72
212000028,352,434,-82
212000029,193,252,-59
212000030,65,19,46
212000031,82,61,21
212000048,45,152,-107
212000049,19,115,-96
212000050,16,10,6
212000051,202,234,-32
212000052,175,289,-114
212000053,440,486,-46
212000054,291,101,190
212000055,282,211,71
212000056,27,42,-15
212000057,6,27,-21
212000058,221,43,178
212000070,116,205,-89
212000077,139,487,-348
212000099,297,254,43
212000108,166,125,41
212000111,207,104,103
212000120,113,48,65
212000138,136,17,119
212000156,20,77,-57
212000158,9,12,-3
212000159,439,42,397
212000160,605,288,317
212000161,63,8,55
212000310,50,20,30
212000311,27,74,-47
212000374,47,17,30
213000001,31,411,-380
213000005,418,129,289
213000006,1121,277,844
213000007,132,14,118
213000009,824,375,449
213000010,225,305,-80
213000011,247,111,136
213000012,183,311,-128
213000014,85,2,83
213000015,287,6,281
213000016,407,1,406
213000017,81,0,81
213000018,4,150,-146
213000019,0,144,-144
213000020,128,367,-239
213000021,4,136,-132
213000023,344,193,151
213000033,343,1619,-1276
213000034,865,271,594
213000035,124,194,-70
213000045,183,235,-52
213000046,271,188,83
213000047,648,1340,-692
213000056,95,40,55
213000069,82,4,78
213000073,4,57,-53
213000074,69,338,-269
213000075,565,18,547
213000076,39,3,36
213000085,9,35,-26
213000086,13,152,-139
213000091,213,29,184
213000092,124,13,111
213000099,153,1174,-1021
213000100,1080,238,842
213000101,400,128,272
213000102,492,244,248
213000103,905,863,42
213000104,40,453,-413
213000105,5,179,-174
213000106,34,104,-70
213000107,147,467,-320
213000108,33,434,-401
213000109,15,203,-188
213000110,28,97,-69
213000111,19,73,-54
213000112,134,121,13
213000115,59,14,45
213000116,38,300,-262
213000117,7,540,-533
213000118,406,211,195
213000119,43,569,-526
213000120,99,497,-398
213000122,126,638,-512
213000123,436,1270,-834
213000124,142,1432,-1290
213000125,147,18,129
213000126,123,160,-37
213000127,142,243,-101
213000128,451,1173,-722
213000129,392,623,-231
213000130,666,277,389
213000132,456,104,352
213000133,532,116,416
213000134,781,29,752
213000136,478,26,452
213000137,630,77,553
213000139,204,12,192
213000147,80,4,76
213000148,25,2,23
213000149,39,1,38
213000150,1,122,-121
213000151,9,97,-88
213000152,2,84,-82
213000153,3,133,-130
213000154,33,386,-353
213000155,45,226,-181
213000156,122,383,-261
213000157,653,381,272
213000158,359,862,-503
213000159,689,500,189
213000163,972,105,867
213000165,990,330,660
213000171,0,89,-89
213000172,1,254,-253
213000173,3,195,-192
213000174,6,163,-157
213000175,10,92,-82
213000176,104,36,68
213000177,90,4,86
213000178,191,8,183
213000179,220,2,218
213000180,197,0,197
213000184,129,428,-299
213000188,543,121,422
213000189,466,57,409
213000190,966,848,118
213000191,332,381,-49
213000192,298,354,-56
213000193,824,334,490
213000194,1,88,-87
213000195,26,331,-305
213000196,259,1147,-888
213000197,477,543,-66
213000198,66,1,65
213000200,111,848,-737
213000201,49,46,3
213000202,14,492,-478
213000203,3152,601,2551
213000204,653,71,582
213000205,398,79,319
213000206,435,55,380
213000207,141,28,113
213000208,86,5,81
213000209,176,4,172
213000210,455,2,453
213000211,6,27,-21
213000212,12,41,-29
213000213,14,61,-47
213000218,216,482,-266
213000219,582,23,559
213000220,515,15,500
213000223,158,172,-14
213000224,83,54,29
213000225,125,16,109
213000226,102,11,91
213000227,872,167,705
213000228,442,83,359
213000229,241,25,216
213000230,389,18,371
213000232,70,903,-833
213000233,13,453,-440
213000234,1,40,-39
213000293,8,61,-53
213000294,125,19,106
213000295,12,76,-64
213000296,58,24,34
213000297,7,75,-68
213000298,27,69,-42
213000299,80,35,45
213000300,20,1,19
213000303,9,26,-17
213000304,3,18,-15
213000305,7,18,-11
213000306,45,67,-22
213000307,137,71,66
213000308,132,217,-85
213000309,186,57,129
213000310,508,200,308
213000311,259,774,-515
213000315,85,107,-22
213000316,181,52,129
213000322,90,108,-18
213000323,137,98,39
213000324,97,64,33
213000325,49,99,-50
213000326,52,42,10
213000327,79,59,20
213000328,61,134,-73
213000329,129,32,97
213000340,138,551,-413
213000341,436,98,338
213000347,737,458,279
213000348,31,108,-77
213000349,45,12,33
213000350,300,861,-561
213000366,62,311,-249
213000367,241,17,224
213000379,130,40,90
213000386,15,282,-267
213000406,97,386,-289
213000417,1059,438,621
213000425,220,36,184
213000426,199,52,147
213000427,62,271,-209
213000428,63,162,-99
213000429,22,4,18
213000430,168,637,-469
213000431,78,3,75
213000432,6,156,-150
213000433,23,152,-129
213000434,80,127,-47
213000435,168,92,76
213000436,54,70,-16
213000437,1,19,-18
213000438,162,90,72
213000439,56,18,38
213000440,13,288,-275
213000441,2,3,-1
213000442,0,53,-53
213000443,444,396,48
213000444,54,53,1
213000445,2,97,-95
213000446,1,182,-181
213000447,6,72,-66
213000448,8,134,-126
213000449,359,6,353
213000450,21,49,-28
213000451,266,128,138
213000452,24,30,-6
213000453,31,232,-201
213000455,708,37,671
213000456,12,325,-313
213000481,8,9,-1
213000484,28,2,26
213000489,288,57,231
213900002,0,101,-101
213900003,198,4,194
213900013,0,131,-131
213900015,0,5,-5
213900016,15,13,2
213900020,28,110,-82
213900030,0,85,-85
213900032,245,207,38
213900033,134,44,90
213900034,559,72,487
213900035,219,417,-198
213900036,170,187,-17
213900037,49,315,-266
213900038,452,122,330
213900039,0,111,-111
213900041,3,139,-136
213900042,233,294,-61
213900043,215,148,67
213900244,24,0,24
213900245,0,34,-34
218000003,19,19,0
218000004,29,22,7
218000005,29,26,3
218000006,44,31,13
218000007,17,13,4
218000012,180,111,69
218000013,106,111,-5
218000014,382,371,11
218000019,834,573,261
218000020,257,406,-149
218000021,37,36,1
218000022,11,18,-7
218000023,9,30,-21
218000024,3,6,-3
218000025,5,26,-21
218000026,8,25,-17
218000027,0,16,-16
218000028,1,3,-2
218000029,1,2,-1
218000030,15,25,-10
218000031,4,18,-14
218000032,2,17,-15
218000040,10,3,7
218000046,44,101,-57
218000047,9,136,-127
218000048,38,113,-75
218000049,110,127,-17
218000050,366,327,39
218000051,70,274,-204
218000052,4,98,-94
218000053,9,13,-4
218000054,13,51,-38
218000055,11,35,-24
218000056,16,33,-17
218000057,5,26,-21
218000064,3,12,-9
218000065,118,29,89
218000066,18,38,-20
218000067,40,56,-16
218000068,104,102,2
218000069,214,124,90
218000070,251,190,61
218000071,187,155,32
218000072,331,165,166
218000078,856,706,150
218000079,118,80,38
218000080,124,58,66
218000081,494,225,269
218000082,55,119,-64
218000083,70,45,25
218000084,158,148,10
218000085,173,335,-162
218000086,55,183,-128
218000087,243,159,84
218000090,11,107,-96
218000091,815,365,450
218000092,105,110,-5
218000093,84,49,35
218000094,421,440,-19
218000099,345,737,-392
218000100,288,280,8
218000101,264,149,115
218000102,381,224,157
218000103,101,154,-53
218000104,88,28,60
218000105,29,17,12
218000106,12,7,5
218000107,73,55,18
218000108,15,50,-35
218000112,66,34,32
218000117,81,40,41
218000134,537,531,6
218000135,44,94,-50
218000136,307,98,209
218000137,237,122,115
218000138,48,91,-43
218000139,167,268,-101
218000140,439,174,265
218000141,102,58,44
218000142,235,98,137
218000143,144,261,-117
218000144,54,73,-19
218000145,325,325,0
218000146,90,207,-117
218000151,3,21,-18
218000152,164,75,89
218000153,13,4,9
218000154,19,1,18
218000155,16,0,16
218000156,67,12,55
218000157,22,13,9
218000158,5,8,-3
218000159,2,3,-1
218000160,4,7,-3
218000161,24,9,15
218000162,32,8,24
218000163,13,1,12
218000164,47,6,41
218000165,68,16,52
218000170,7,35,-28
218000171,55,13,42
218000172,12,15,-3
218000173,124,35,89
218000174,29,8,21
218000176,280,53,227
218000177,401,243,158
218000178,95,213,-118
218000179,82,60,22
218000180,84,26,58
218000181,155,27,128
218000187,4,17,-13
218000188,21,44,-23
218000189,27,68,-41
218000190,15,20,-5
218000191,149,57,92
218000192,183,245,-62
218000193,385,302,83
218000194,86,293,-207
218000195,121,58,63
218000196,347,299,48
218000197,435,338,97
218000198,25,113,-88
218000199,58,37,21
218000200,127,24,103
218000201,24,26,-2
218000202,57,221,-164
218000207,0,24,-24
218000208,48,25,23
218000211,41,20,21
218000212,2,8,-6
218000213,111,147,-36
218000214,3,40,-37
218000215,46,74,-28
218000217,8,80,-72
218000218,240,88,152
218000219,33,33,0
218000220,105,379,-274
218000221,588,180,408
218000222,18,38,-20
218000223,65,426,-361
218000224,11,154,-143
218000225,147,24,123
218000226,146,68,78
218000230,0,7,-7
218000232,24,38,-14
218000239,152,5,147
218000240,20,0,20
218000241,53,2,51
218000242,104,3,101
218000243,126,3,123
218000244,42,1,41
218000245,21,4,17
218000246,0,0,0
218000247,2,0,2
218000248,2,15,-13
218000249,0,3,-3
218000250,0,6,-6
218000251,4,16,-12
218000252,4,56,-52
218000253,8,30,-22
218000254,0,19,-19
218000255,0,27,-27
218000256,11,47,-36
218000267,438,765,-327
218000268,9,38,-29
218000269,6,11,-5
218000270,31,14,17
218000271,15,42,-27
218000273,14,4,10
218000274,13,4,9
218000275,30,42,-12
218000276,11,47,-36
218000278,9,25,-16
218000279,44,37,7
218000280,9,16,-7
218000281,37,11,26
218000282,429,365,64
218000284,81,4,77
218000301,74,118,-44
218000302,146,43,103
218000303,54,35,19
218000316,639,754,-115
218000317,953,825,128
218000318,629,561,68
218000319,1106,922,184
218000320,744,483,261
218000338,79,22,57
218000345,94,63,31
218000346,46,141,-95
218000459,34,231,-197
218000490,28,40,-12
218000501,106,32,74
218000502,37,81,-44
218000503,119,18,101
218000504,160,25,135
218000505,50,146,-96
218000506,35,237,-202
218000508,0,4,-4
218000510,170,8,162
218000520,89,91,-2
218000521,3,31,-28
218000522,0,99,-99
218000523,123,2,121
218000524,82,119,-37
218000525,154,13,141
218000526,40,122,-82
218000529,19,98,-79
218000530,23,4,19
218000531,6,14,-8
218000532,16,19,-3
218000534,98,6,92
218000537,22,59,-37
218000538,126,244,-118
218000540,435,116,319
218000543,133,41,92
218000544,24,83,-59
218000545,69,88,-19
218000546,36,88,-52
218000547,77,162,-85
218000548,120,118,2
218000549,464,527,-63
218000550,178,265,-87
218000551,133,846,-713
218000552,430,57,373
218000553,26,89,-63
218000554,26,47,-21
218000555,21,24,-3
218000556,119,199,-80
218000557,191,82,109
218000558,75,0,75
218000559,0,55,-55
218000560,0,14,-14
218000561,13,0,13
218000562,29,182,-153
218000563,205,16,189
218000564,11,109,-98
218000565,228,18,210
218000566,617,26,591
218000567,0,93,-93
218000568,58,0,58
218000569,8,100,-92
218000570,196,12,184
218000571,4,81,-77
218000572,158,3,155
218000573,18,161,-143
218000574,257,28,229
218000575,119,0,119
218000576,0,48,-48
218000577,94,1,93
218000578,0,82,-82
218000579,66,30,36
218000581,1,64,-63
218000582,43,2,41
218000583,12,0,12
218000584,0,32,-32
218000585,34,11,23
218000586,11,48,-37
218000587,8,0,8
218000588,4,3,1
218000589,2,3,-1
218000590,11,1,10
218000591,6,2,4
218000592,23,1,22
218000593,0,0,0
218000594,0,0,0
218000595,0,0,0
218000596,0,1,-1
218000597,0,0,0
218000598,0,2,-2
218000599,0,0,0
218000600,0,0,0
218000601,0,0,0
218000602,0,9,-9
218000603,0,5,-5
218000604,71,54,17
218000605,0,32,-32
218000606,98,1,97
218000607,7,33,-26
218000608,69,19,50
218000609,6,43,-37
218000610,68,5,63
218000611,33,1,32
218000612,1,21,-20
218000613,39,1,38
218000614,0,39,-39
218000615,198,0,198
218000616,8,104,-96
218000617,16,1,15
218000618,0,10,-10
218000619,64,12,52
218000620,17,30,-13
218000621,0,1,-1
218000622,0,13,-13
218000623,135,3,132
218000624,5,12,-7
218000625,2,7,-5
218000626,1,11,-10
218000628,132,40,92
218000631,35,5,30
218000632,3,100,-97
218000633,135,2,133
218000634,11,11,0
218000635,24,12,12
218000636,741,1124,-383
218000637,846,416,430
218000638,203,24,179
218000639,27,177,-150
218000640,347,40,307
218000641,67,296,-229
218000652,67,83,-16
218000653,201,82,119
218000663,9,79,-70
218000675,56,35,21
218000676,0,15,-15
218000677,6,6,0
218000680,131,311,-180
218000681,272,79,193
218000691,121,166,-45
218000693,210,68,142
218000703,4,27,-23
218000718,419,1031,-612
218000719,788,656,132
218000720,25,204,-179
218000721,268,25,243
218000725,8,5,3
218001214,16,82,-66
218001329,72,73,-1
218001330,57,54,3
218001351,22,10,12
218001352,4,15,-11
218001353,11,5,6
218001354,9,16,-7
219000001,59,38,21
219000002,34,70,-36
219000003,87,26,61
219000004,44,47,-3
219000017,79,36,43
219000020,98,34,64
219000022,102,7,95
219000023,99,2,97
219000029,0,55,-55
219000034,62,18,44
219000039,77,140,-63
219000040,44,80,-36
219000041,128,28,100
219000051,0,32,-32
219000052,0,23,-23
219000053,2,101,-99
219000054,421,305,116
219000055,187,0,187
219000056,13,1,12
219000057,77,3,74
219000062,7,74,-67
219000063,75,2,73
219000064,2,50,-48
219000110,442,61,381
219000111,101,41,60
219000112,166,47,119
219000113,131,41,90
219000114,212,56,156
219000116,112,64,48
219000117,183,56,127
219000118,154,62,92
219000123,174,72,102
219000124,89,55,34
219000125,9,10,-1
219000126,66,111,-45
219000127,0,6,-6
219000128,10,101,-91
219000129,20,91,-71
219000130,344,451,-107
219000131,534,979,-445
219000133,74,50,24
219000134,12,28,-16
219000135,36,95,-59
219000136,77,225,-148
219000138,99,32,67
219000139,30,33,-3
219000140,49,1,48
219000141,21,85,-64
219000142,12,61,-49
219000143,14,98,-84
219000145,27,49,-22
219000146,0,21,-21
219000147,3,41,-38
219000148,4,24,-20
219000149,8,89,-81
219000150,5,62,-57
219000151,4,28,-24
219000157,145,106,39
219000158,180,200,-20
219000161,107,14,93
219000163,1254,471,783
219000166,92,179,-87
219000167,109,143,-34
219000168,210,93,117
219000174,428,151,277
219000175,78,17,61
219000176,84,9,75
219000177,57,6,51
219000178,53,0,53
219000179,21,6,15
219000180,32,39,-7
219000182,124,28,96
219000183,126,37,89
219000184,109,10,99
219000185,2,47,-45
219000186,40,42,-2
219000187,53,67,-14
219000189,71,145,-74
219000190,81,197,-116
219000191,760,1412,-652
219000192,179,120,59
219000193,166,156,10
219000195,1,55,-54
219000196,6,94,-88
219000198,20,90,-70
219000199,50,205,-155
219000200,36,135,-99
219000201,57,169,-112
219000203,24,146,-122
219000204,67,265,-198
219000205,44,144,-100
219000207,120,251,-131
219000209,26,53,-27
219000210,37,71,-34
219000213,6,116,-110
219000239,153,260,-107
219000240,221,376,-155
219000241,163,144,19
219000242,69,123,-54
219000243,87,210,-123
219000244,20,68,-48
219000245,26,34,-8
219000246,46,12,34
219000247,123,26,97
219000248,465,393,72
219000249,111,79,32
219000250,137,94,43
219000251,501,226,275
219000252,157,182,-25
219000253,402,84,318
219000255,94,126,-32
219000256,188,83,105
219000257,86,0,86
219000262,87,116,-29
219000263,53,122,-69
219000267,1,72,-71
219000268,1,2,-1
219000269,4,0,4
219000270,8,0,8
219000271,105,3,102
219000278,3,2,1
219000279,31,2,29
219000283,0,17,-17
219000295,27,72,-45
219000296,50,320,-270
219000297,21,134,-113
219000298,11,107,-96
219000299,399,60,339
219000300,31,181,-150
219000301,211,313,-102
219000302,61,217,-156
219000307,22,35,-13
219000308,55,31,24
219000311,238,50,188
219000312,643,115,528
219000313,370,43,327
219000314,50,372,-322
219000315,314,41,273
219000316,521,71,450
219000317,110,21,89
219000320,0,48,-48
219000321,0,21,-21
219000323,3,66,-63
219000325,4,9,-5
219000326,54,73,-19
219000327,63,50,13
219000328,25,66,-41
219000329,324,115,209
219000330,60,31,29
219000331,53,58,-5
219000332,124,88,36
219000333,27,2,25
219000335,84,3,81
219000337,17,1,16
219000338,54,2,52
219000344,16,58,-42
219000345,57,74,-17
219000346,32,96,-64
219000348,133,80,53
219000349,33,136,-103
219000350,94,298,-204
219000351,5,7,-2
219000352,408,100,308
219000353,85,49,36
219000354,189,68,121
219000355,123,44,79
219000356,1020,1475,-455
219000363,227,56,171
219000364,77,35,42
219000365,117,17,100
219000366,249,282,-33
219000368,297,537,-240
219000370,1006,483,523
219000371,8,22,-14
219000382,24,43,-19
219000383,529,1057,-528
219000385,458,450,8
219000386,677,1612,-935
219000387,3,10,-7
219000390,2,1,1
219000391,3,0,3
219000397,61,50,11
219000398,71,44,27
219000401,6,81,-75
219000402,69,80,-11
219000403,159,308,-149
219000404,20,143,-123
219000407,1,34,-33
219000409,59,58,1
219000410,96,38,58
219000411,57,13,44
219000446,127,411,-284
219000447,2,17,-15
219000448,19,1,18
219000452,87,56,31
219000453,35,203,-168
219000454,157,299,-142
219000556,189,71,118
219000558,125,144,-19
219000590,24,157,-133
219000591,74,90,-16
219000592,102,284,-182
219000595,3,23,-20
219000635,212,36,176
219000636,18,83,-65
219000657,62,22,40
219000658,60,147,-87
219000673,1,50,-49
219000676,127,24,103
219000679,17,7,10
219000684,75,2,73
219000685,0,41,-41
219000686,1,3,-2
219000688,0,61,-61
219000689,26,200,-174
219000690,147,16,131
219000691,44,169,-125
219000692,207,39,168
219000693,0,21,-21
219000694,7,0,7
219000695,13,2,11
219000698,35,1,34
219000699,0,18,-18
219000727,4,64,-60
219000728,113,1,112
219000770,45,1,44
219000771,0,20,-20
219000788,24,20,4
219001150,4,35,-31
219001151,0,4,-4
219001166,14,29,-15
219001167,3,74,-71
220000001,24,79,-55
220000002,10,72,-62
220000003,298,208,90
220000004,538,430,108
220000005,1335,1565,-230
220000006,158,684,-526
220000007,308,379,-71
220000008,267,616,-349
220000009,222,321,-99
220000010,197,98,99
220000011,438,2592,-2154
220000012,126,245,-119
220000014,102,71,31
220000015,53,198,-145
220000017,57,247,-190
220000018,4347,1763,2584
220000019,83,253,-170
220000020,344,188,156
220000021,612,161,451
220000022,763,378,385
220000023,326,149,177
220000024,1828,305,1523
220000025,1363,1030,333
220000026,207,335,-128
220000027,31,135,-104
220000028,30,38,-8
220000029,35,122,-87
220000030,116,66,50
220000031,410,256,154
220000064,32,1024,-992
221000046,15,16,-1
221000047,0,2,-2
221000048,0,5,-5
221000049,0,4,-4
221000050,17,0,17
221000055,32,53,-21
221000057,45,3,42
221000068,315,129,186
221000069,394,75,319
221000070,230,30,200
221000071,123,10,113
221000072,222,11,211
221000073,166,35,131
221000074,0,10,-10
221000075,11,14,-3
221000076,4,21,-17
221000077,19,111,-92
221000081,12,5,7
221000082,45,13,32
221000083,22,3,19
221000084,6,3,3
221000085,13,62,-49
221000086,11,75,-64
221000087,4,147,-143
221000088,11,130,-119
221000089,33,210,-177
221000090,113,452,-339
221000098,98,6,92
221000099,142,15,127
221000100,64,11,53
221000101,203,17,186
221000102,140,8,132
221000109,11,101,-90
221000110,7,64,-57
221000111,24,141,-117
221000112,3,87,-84
221000113,13,122,-109
221000114,5,109,-104
221000120,31,30,1
221000121,9,27,-18
221000122,47,29,18
221000123,5,10,-5
221000124,24,150,-126
221000155,78,8,70
221000156,19,16,3
221000175,2,5,-3
221000176,1,6,-5
221000182,31,9,22
221000241,501,295,206
221000242,146,373,-227
221000243,383,197,186
221000244,245,375,-130
221000245,79,92,-13
221000246,37,181,-144
221000247,68,91,-23
221000248,112,67,45
221000267,49,471,-422
221000325,73,76,-3
221000331,6,49,-43
221000338,9,23,-14
221000378,143,23,120
221000381,54,32,22
222000282,13,1,12
222000296,3,17,-14
222000568,366,33,333
222000569,131,42,89
222000570,139,38,101
222000571,312,36,276
222000577,19,107,-88
222000578,34,150,-116
222000579,28,99,-71
222000580,64,706,-642
222000599,0,109,-109
222000600,1,224,-223
222000601,15,735,-720
222000603,26,40,-14
222000604,7,55,-48
222000605,14,24,-10
222000606,3,13,-10
222000607,1,6,-5
222000608,13,13,0
222000609,39,163,-124
222000616,270,36,234
222000617,10,29,-19
222000618,11,7,4
222000620,27,10,17
222000621,50,17,33
222000623,477,8,469
222000624,333,6,327
222000625,535,15,520
222000636,59,1,58
222000686,37,13,24
222000687,39,18,21
222001066,373,1,372
222001067,32,3,29
222001068,54,24,30
222001069,44,44,0
222001082,8,34,-26
222001083,28,45,-17
222001084,0,25,-25
222001085,8,172,-164
222001111,48,130,-82
222001112,122,48,74
222001313,54,12,42
222001314,9,113,-104
222001464,40,46,-6
222001465,15,65,-50
222001484,97,56,41
222001485,17,51,-34
222001494,450,125,325
222001495,135,196,-61
222001496,294,89,205
222001497,87,363,-276
222001502,13,108,-95
222001503,109,31,78
222001504,19,316,-297
222001505,377,20,357
222001506,55,352,-297
222001507,258,41,217
222001510,386,28,358
222001511,69,288,-219
222001514,610,183,427
222001515,270,500,-230
222001518,220,70,150
222001519,63,228,-165
222001527,200,96,104
222001528,64,148,-84
222001529,264,37,227
222001530,62,255,-193
222001533,152,291,-139
222001534,295,52,243
222001535,210,243,-33
222001536,75,196,-121
222001537,373,49,324
222001538,74,446,-372
222001563,599,75,524
222001564,90,450,-360
222001568,415,132,283
222001576,4,5,-1
222001579,0,8,-8
222001583,11,118,-107
222001584,117,11,106
222001596,766,1057,-291
222001597,2058,366,1692
222001626,1,125,-124
222001650,97,103,-6
222001651,133,120,13
222001914,215,79,136
222001915,94,239,-145
222900004,434,224,210
222900009,422,532,-110
222900019,160,160,0
222900024,28,17,11
222900025,5,18,-13
225000001,386,124,262
225000002,437,152,285
225000003,475,65,410
225000004,275,139,136
225000005,43,54,-11
225000006,0,139,-139
225000007,1236,961,275
225000010,271,13,258
225000011,353,742,-389
225000012,234,473,-239
225000013,76,79,-3
225000014,645,102,543
225000015,99,132,-33
225000021,614,120,494
225000027,165,314,-149
225000032,604,107,497
225000042,58,533,-475
225000049,27,51,-24
225000050,59,7,52
225000053,3,273,-270
225000058,560,158,402
225000067,157,107,50
225000068,79,245,-166
225000069,126,372,-246
225000070,72,325,-253
225000071,21,145,-124
225000075,16,483,-467
225000076,52,111,-59
225000078,93,44,49
225000085,56,102,-46
225000086,241,106,135
225000087,112,10,102
225000088,18,150,-132
225000089,161,864,-703
225000090,56,361,-305
225000091,172,136,36
225000092,39,60,-21
225000093,138,186,-48
225000094,11,203,-192
225000095,239,309,-70
225000096,214,381,-167
225000098,630,247,383
225000099,318,155,163
225000100,267,108,159
225000104,120,328,-208
225000110,7,338,-331
225000111,204,849,-645
225000112,268,885,-617
225000113,136,470,-334
225000114,62,175,-113
225000115,1134,541,593
225000116,766,175,591
225000117,733,221,512
225000118,837,212,625
225000119,195,80,115
225000120,602,39,563
225000121,201,20,181
225000123,444,10,434
225000125,329,164,165
225000126,570,127,443
225000127,526,904,-378
225000128,361,564,-203
225000132,307,21,286
225000133,205,25,180
225000134,600,121,479
225000135,46,15,31
225000136,265,16,249
225000137,218,56,162
225000138,330,52,278
225000143,53,134,-81
225000144,2,258,-256
225000145,48,31,17
225000146,34,65,-31
225000147,18,190,-172
225000148,4,164,-160
225000149,31,404,-373
225000151,31,172,-141
225000155,260,331,-71
225000156,123,618,-495
225000157,165,276,-111
225000158,55,230,-175
225000171,1,131,-130
225000180,19,2,17
225000181,0,67,-67
225000182,65,6,59
225000185,11,297,-286
225000187,35,326,-291
225000191,121,5,116
225000194,0,2,-2
225000208,2,26,-24
225000209,52,17,35
225000210,6,194,-188
225000217,0,10,-10
225000218,15,1,14
225000223,2,27,-25
225000224,35,0,35
225000225,1,19,-18
225000226,17,1,16
225000227,17,59,-42
225000228,8,3,5
225000229,1,58,-57
225000230,6,0,6
225000231,0,33,-33
225000232,121,0,121
225000241,63,0,63
225000242,0,30,-30
225000249,7,0,7
225000250,33,566,-533
225000251,318,28,290
225000254,6,9,-3
225000256,1,22,-21
225000257,4,40,-36
226000042,225,353,-128
226000043,51,251,-200
226000044,90,386,-296
226000045,57,328,-271
226000046,333,59,274
226000047,304,65,239
226000048,236,63,173
226000049,244,117,127
226000070,0,25,-25
226000071,0,44,-44
226000072,0,9,-9
226000073,0,6,-6
226000074,0,13,-13
226000084,2,33,-31
226000085,1,10,-9
226000086,0,14,-14
226000087,0,14,-14
226000088,30,52,-22
226000090,203,85,118
226000091,27,48,-21
226000092,7,18,-11
226000093,30,5,25
226000094,14,3,11
226000095,13,9,4
226000105,15,2,13
226000106,6,0,6
226000107,5,1,4
226000108,28,0,28
226000109,63,0,63
226000124,105,73,32
226000134,555,396,159
226000135,1254,412,842
226000136,426,311,115
226000137,11,250,-239
226000138,4,138,-134
226000139,1,16,-15
226000156,104,8,96
226000157,157,5,152
226000163,66,133,-67
226000202,13,217,-204
226000231,298,12,286
226000232,52,2,50
227000033,221,44,177
227000036,254,34,220
227000037,194,27,167
227000038,176,46,130
227000084,0,49,-49
227000085,1,36,-35
227000088,36,3,33
227000089,110,2,108
227000090,33,2,31
227000091,11,2,9
227000092,41,0,41
227000093,162,2,160
227000094,5,1,4
227000130,25,62,-37
227000131,14,174,-160
227000132,6,136,-130
227000133,11,165,-154
227000134,22,235,-213
227000152,0,3,-3
227000153,0,53,-53
227000154,0,29,-29
227000155,2,17,-15
227000156,0,9,-9
227000165,10,44,-34
227000196,364,214,150
227000199,312,401,-89
227000230,19,286,-267
227000232,371,24,347
227000242,51,454,-403
227000243,313,71,242
227000245,8,207,-199
227000246,88,283,-195
227000247,301,71,230
227000248,107,20,87
227000249,13,117,-104
227000250,229,90,139
227000251,68,119,-51
227000252,24,185,-161
227000253,95,11,84
227000262,267,39,228
227000266,984,18,966
227000267,35,1121,-1086
227000282,7,116,-109
227000284,312,11,301
227000286,2,62,-60
227000291,14,457,-443
227000296,167,195,-28
227000484,217,15,202
227000485,33,635,-602
227000655,174,7,167
227000656,480,30,450
227000657,48,5,43
227000704,179,10,169
229000265,11,11,0
229000266,3,0,3
229000267,8,0,8
229000268,10,0,10
229000269,24,1,23
229000274,0,25,-25
229000275,0,18,-18
229000276,0,19,-19
229000277,0,5,-5
229000278,1,7,-6
229000295,13,25,-12
229000296,30,5,25
229000297,7,28,-21
229000298,3,145,-142
229000320,18,2,16
229000321,27,7,20
229000412,23,52,-29
229000414,5,42,-37
229000415,31,2,29
229000416,1,6,-5
229000417,3,26,-23
229000419,114,288,-174
229000440,402,94,308
229000442,18,17,1
229000443,2,1,1
229000444,1,25,-24
229000445,54,3,51
229000446,96,24,72
229000491,1,17,-16
229000492,4,62,-58
229000493,5,68,-63
229000494,26,3,23
229000495,95,2,93
229000496,60,1,59
229000507,0,64,-64
229000508,0,27,-27
229000509,2,41,-39
229000510,1,22,-21
229000511,0,33,-33
229000512,2,28,-26
229000513,0,5,-5
229000514,0,3,-3
229000517,3,10,-7
229000518,5,10,-5
229000519,0,4,-4
229000520,8,25,-17
229000521,37,17,20
229000522,11,3,8
229000523,40,3,37
229000524,6,2,4
229000527,1,0,1
229000528,0,0,0
229000529,4,0,4
229000530,55,1,54
229000531,30,0,30
229000532,23,1,22
229000533,55,1,54
229000534,47,1,46
229000564,37,0,37
229000565,15,1,14
229000566,0,3,-3
229000567,0,23,-23
229000582,105,1,104
229000583,7,4,3
229000584,0,15,-15
229000585,2,62,-60
229000718,0,2,-2
229000719,0,3,-3
229000720,0,6,-6
229000721,0,5,-5
229000722,0,7,-7
229000723,0,6,-6
229000724,0,2,-2
229000725,0,10,-10
229000738,1,0,1
229000739,0,0,0
229000740,2,0,2
229000741,16,0,16
229000742,4,0,4
229000743,3,0,3
229000744,4,0,4
229000745,2,0,2
229000746,15,0,15
229000847,53,1,52
229000848,25,1,24
229000849,92,1,91
229000851,63,0,63
229000854,0,13,-13
229000856,0,50,-50
229000857,0,29,-29
229000858,0,35,-35
229000919,20,74,-54
229000930,5,181,-176
229000937,52,15,37
229000966,61,36,25
229000981,8,21,-13
229000985,8,37,-29
229000986,3,8,-5
229000987,0,3,-3
229000988,5,4,1
229000989,2,9,-7
229000990,2,2,0
229000991,7,3,4
229000992,10,10,0
229000993,130,32,98
229000998,25,43,-18
229000999,64,14,50
229001034,0,19,-19
229001035,2,3,-1
229001036,2,50,-48
229001037,56,2,54
229001038,0,0,0
229001039,4,0,4
229001040,0,50,-50
229001041,44,2,42
229001042,30,22,8
229001047,3,37,-34
229001050,39,6,33
229001168,0,13,-13
229001200,21,3,18
229001338,6,23,-17
229001394,160,7,153
229001422,110,20,90
229001423,27,130,-103
229001431,69,37,32
229001432,40,73,-33
229001444,235,35,200
229001445,51,167,-116
229001479,10,2,8
229001503,251,76,175
229001504,162,134,28
229001505,148,33,115
229001506,44,81,-37
229001509,36,3,33
229001510,3,29,-26
229001545,47,10,37
229001546,9,78,-69
229001553,64,26,38
229001554,27,75,-48
229001630,55,13,42
229001631,30,20,10
229001635,0,10,-10
229001636,7,0,7
229001658,1,118,-117
229001659,40,3,37
229001660,17,3,14
229001661,8,14,-6
229001662,21,0,21
229001663,0,17,-17
229002584,187,216,-29
229002831,160,139,21
229002841,12,20,-8
229002842,24,19,5
229002843,72,19,53
229002844,42,26,16
229002845,13,65,-52
229002846,25,15,10
229002847,3,11,-8
229002848,13,8,5
229002849,1,74,-73
229002850,7,1,6
229002851,36,137,-101
229002852,189,15,174
229002853,171,31,140
229002854,35,38,-3
229002855,5,31,-26
229002856,29,17,12
229002857,8,93,-85
229002858,7,7,0
229002859,26,54,-28
229002860,215,11,204
229002861,46,34,12
229002862,42,41,1
229002863,17,16,1
229002864,19,17,2
229002865,13,12,1
229002866,22,22,0
229002867,4,28,-24
229002868,10,22,-12
229002869,30,125,-95
229002870,64,12,52
235000066,452,73,379
235000067,139,154,-15
235000072,38,74,-36
235000073,77,361,-284
235000074,34,53,-19
235000080,14,89,-75
235000081,109,127,-18
235000082,117,44,73
235000083,217,73,144
235000084,29,46,-17
235000085,115,77,38
235000089,28,19,9
235000092,33,139,-106
235000093,11,9,2
235000097,5,4,1
235000098,72,11,61
235000099,30,17,13
235000116,80,33,47
235000117,658,20,638
235000133,14,417,-403
235000134,9,144,-135
235000206,10,2,8
235000207,1,2,-1
235000208,3,3,0
235000209,11,3,8
235000210,6,1,5
235000212,5,16,-11
235000213,1,9,-8
235000220,2,3,-1
235000221,63,19,44
235000238,10,54,-44
235000239,2,18,-16
235000242,283,531,-248
235000245,612,157,455
235000246,9,68,-59
235000284,43,109,-66
235000295,178,15,163
235000305,228,14,214
235000306,198,0,198
235000307,11,2,9
235000308,23,0,23
235000309,38,1,37
235000310,33,0,33
235000311,127,23,104
235000322,1,37,-36
235000323,0,40,-40
235000324,0,36,-36
235000325,0,7,-7
235000326,4,156,-152
235000351,4,53,-49
235000352,36,31,5
235000353,6,16,-10
235000354,7,28,-21
235000355,8,40,-32
235000356,103,14,89
235000357,18,9,9
235000358,207,11,196
235000359,11,7,4
235000360,45,22,23
235000361,39,23,16
235000381,87,123,-36
235000382,213,35,178
235000390,12,8,4
235000391,101,21,80
235000392,151,250,-99
235000393,95,145,-50
235000395,104,47,57
235000396,389,65,324
235000400,104,33,71
235000401,18,120,-102
235000405,75,261,-186
235000406,45,293,-248
235000407,138,79,59
235000409,173,133,40
235000410,59,213,-154
235000411,2,63,-61
235000485,0,15,-15
235000486,8,0,8
235000549,108,103,5
235000550,127,174,-47
235000599,122,51,71
235000600,5,13,-8
235000601,27,25,2
235000602,82,64,18
235000614,2,10,-8
235000648,0,21,-21
235000649,32,10,22
235000685,1,8,-7
235000815,11,29,-18
235000834,0,7,-7
235000855,72,56,16
235000862,45,138,-93
235000891,0,6,-6
235000892,25,1,24
235000901,113,98,15
235000907,4,9,-5
235001010,77,72,5
235001029,531,345,186
235001030,305,328,-23
235001078,85,107,-22
235001079,49,96,-47
235001147,9,35,-26
235001166,11,89,-78
235001167,50,30,20
235001169,23,238,-215
235001188,2,7,-5
235001189,2,0,2
235001197,7,12,-5
235001200,43,44,-1
235001207,59,9,50
235001208,10,5,5
235001209,20,24,-4
235001210,14,101,-87
235001215,25,54,-29
235001239,6,42,-36
235001244,0,5,-5
235016267,0,49,-49
241900007,51,0,51
277101746,0,0,0
277102712,0,0,0
277103813,0,0,0
277103898,0,2,-2
277104249,0,2,-2
277104250,0,2,-2
277104251,0,8,-8
277104252,0,1,-1
990011530,0,155,-155
990014944,3,386,-383
990015176,30,11,19
990015618,1,91,-90
990016032,1,281,-280
990032570,3,252,-249
990070001,54,1,53
990070103,0,6,-6
990070601,0,35,-35
990070751,876,4,872
990070766,0,472,-472
990071180,448,183,265
990071343,26,2,24
990071387,0,15,-15
990071823,621,21,600
990072600,2,956,-954
990072964,0,365,-365
990073285,0,3,-3
990074393,4,729,-725
990074870,1526,8,1518
990075106,1725,12,1713
990075746,545,11,534
990076437,1189,6,1183
990076458,4,581,-577
997000007,729,17,712
997000041,1,218,-217
997000058,55,1,54
997000062,36,0,36
997000069,0,4,-4
997000070,0,15,-15
997000100,25,0,25
997000141,11,2794,-2783
997000198,3,1425,-1422
998000475,1,45,-44
998000736,1,132,-131
998000965,0,15,-15
998001031,0,86,-86
998001700,0,2,-2
998001899,0,1,-1
998001900,4,3,1
998003073,1525,56,1469
998101900,0,0,0
998102850,5,249,-244
998501927,1336,670,666
998501929,114,27,87
998501930,45,0,45
998501931,151,5,146
998501932,6,0,6
998501933,47,1,46
998501937,33,4,29
998501944,3,1,2
998501950,0,0,0
998501970,35,2,33
998501971,0,94,-94
998501973,0,56,-56
998501974,0,213,-213
998501975,121,10,111
998501976,94,2,92
998501977,0,20,-20
998501978,20,0,20
998501979,0,9,-9
998501980,47,2,45
998501981,21,0,21
998501982,0,122,-122
998501983,0,0,0
998502006,0,0,0
998502024,0,9,-9
998502032,0,9,-9
998502062,11,0,11
998502063,0,0,0
998502173,17,0,17
998502269,1,4,-3
998601159,5,152,-147
998601292,0,17,-17
999033574,1,210,-209
999800001,41,10,31
999800002,0,1,-1
999800003,2,0,2
999800004,0,4,-4
999800005,0,8,-8
