ID,insum,outsum,diff
100000001,628,464,164
100000002,1279,583,696
100000003,9245,1786,7459
100000004,2108,564,1544
100000005,2118,1905,213
100000006,124,96,28
100000007,485,304,181
100000008,108,538,-430
100000009,232,131,101
100000010,5,28,-23
100000011,303,49,254
100000012,70,785,-715
100000013,12,208,-196
100000014,254,416,-162
100000015,499,587,-88
100000016,857,1330,-473
100000017,422,1177,-755
100000018,1350,498,852
100000019,5376,1561,3815
100000020,1614,2501,-887
100000021,8050,1627,6423
100000022,1221,604,617
100000023,6883,744,6139
100000025,2862,340,2522
100000028,1512,736,776
100000029,243,125,118
100000030,646,33,613
100000031,5056,3592,1464
100000032,2709,2885,-176
100000033,500,1731,-1231
100000034,791,215,576
100000035,1512,726,786
100000036,2447,863,1584
100000037,274,333,-59
100000038,660,756,-96
100000039,504,179,325
100000040,93,106,-13
100000041,701,298,403
100000042,664,296,368
100000043,294,206,88
100000044,300,720,-420
100000045,412,1506,-1094
100000046,456,1490,-1034
100000047,359,1004,-645
100000048,659,788,-129
100000049,1520,2775,-1255
100000051,312,1153,-841
100000053,14,2,12
100000054,49,10,39
100000055,311,332,-21
100000056,133,437,-304
100000057,1209,601,608
100000058,654,1539,-885
100000059,3,118,-115
100000060,183,293,-110
100000061,1033,458,575
100000062,995,418,577
100000063,253,224,29
100000064,472,402,70
100000065,406,1583,-1177
100000066,149,1024,-875
100000067,410,864,-454
100000068,400,1605,-1205
100000069,188,1799,-1611
100000072,406,1531,-1125
100000073,1087,1405,-318
100000075,338,351,-13
100000076,1975,1450,525
100000077,712,43,669
100000078,159,23,136
100000079,42,23,19
100000080,14,7,7
100000081,23,24,-1
100000102,1417,856,561
100000103,2982,714,2268
100000104,4357,1026,3331
100000105,3778,498,3280
100000106,2120,817,1303
100000107,412,223,189
100000108,854,1300,-446
100000109,3032,1132,1900
100000116,1043,378,665
100000117,14,21,-7
100000118,1150,658,492
100000119,330,583,-253
100000121,109,590,-481
100000122,619,770,-151
100000123,4566,4243,323
100000124,10362,4615,5747
100000125,4191,564,3627
100000126,687,208,479
100000127,1834,383,1451
100000128,825,937,-112
100000129,600,456,144
100000130,399,602,-203
100000131,5355,2697,2658
100000132,2925,1381,1544
100000133,13063,3173,9890
100000135,244,480,-236
100000139,147,277,-130
100000140,180,292,-112
100000142,216,583,-367
100000143,1598,1119,479
100000144,3840,1111,2729
100000147,729,1464,-735
100000150,19,503,-484
100000151,394,254,140
100000153,328,197,131
100000154,79,46,33
100000155,8,23,-15
100000156,75,67,8
100000157,103,121,-18
100000158,51,62,-11
100000159,242,377,-135
100000165,872,768,104
100000169,454,206,248
100000174,1647,266,1381
100000179,69,593,-524
100000180,1918,1127,791
100000181,93,385,-292
100000188,46,471,-425
100000189,639,232,407
100000190,298,217,81
100000191,381,392,-11
100000192,94,53,41
100000193,109,84,25
100000330,2414,312,2102
100000355,272,489,-217
100000362,4839,3557,1282
100000363,1489,2346,-857
100000364,369,132,237
100000365,2560,3704,-1144
100000366,3914,2678,1236
100000367,1753,2435,-682
100000368,1810,1833,-23
100000369,666,1047,-381
100000370,168,279,-111
100000376,52,99,-47
100000379,1962,999,963
100000380,2571,1153,1418
100000384,5477,1748,3729
100000385,5098,2596,2502
100000386,8547,1931,6616
100000387,6965,2334,4631
100000388,15462,2561,12901
100000389,12988,2467,10521
100000390,14234,2168,12066
100000391,8661,2574,6087
100000392,2977,1021,1956
100000393,1113,842,271
100000394,5473,2305,3168
100000395,2647,637,2010
100000396,3574,1487,2087
100000397,2017,854,1163
100000398,11432,8030,3402
100900002,0,52,-52
100900003,62,76,-14
100900004,28,1314,-1286
100900005,42,3,39
100900006,4,215,-211
100900007,135,5,130
100900008,6,648,-642
100900009,18,28,-10
100900010,26,137,-111
100900011,18,384,-366
100900012,0,304,-304
100900013,657,13,644
100900014,1,10,-9
100900015,116,66,50
100900016,1,38,-37
100900017,501,26,475
100900018,0,10,-10
100900019,7,62,-55
100900020,113,2,111
100900021,655,1,654
100900022,3,16,-13
100900023,0,24,-24
100900024,348,1,347
100900025,7,9,-2
100900026,28,165,-137
100900027,663,1890,-1227
100900028,47,93,-46
100900029,94,19,75
100900030,1,7,-6
100900031,162,23,139
100900032,47,0,47
100900033,197,64,133
100900034,151,1,150
100900035,275,0,275
100900036,6,3,3
100900037,17,304,-287
100900038,18,10,8
100900039,389,796,-407
100900040,93,1175,-1082
100900041,147,1131,-984
100900042,174,126,48
100900043,0,1,-1
100900044,2672,276,2396
100900045,30,1,29
100900046,668,1,667
100900047,859,56,803
100900048,24,14,10
100900049,22,220,-198
100900050,0,24,-24
100900051,29,68,-39
100900052,50,8,42
100900053,86,21,65
100900054,2,143,-141
100900055,138,156,-18
100900056,20,78,-58
100900057,403,217,186
100900058,84,13,71
100900059,16,1,15
100900060,33,13,20
100900061,216,218,-2
100900062,1,82,-81
100900063,101,312,-211
100900064,471,5,466
100900065,29,31,-2
100900066,28,23,5
100900067,2,4,-2
100900068,85,144,-59
100900069,107,0,107
100900070,62,7,55
100900071,678,156,522
100900072,1,62,-61
100900073,45,641,-596
100900074,0,4,-4
100900075,2961,176,2785
100900076,20,29,-9
100900077,4,95,-91
100900078,72,135,-63
100900079,0,26,-26
100900080,3,142,-139
100900081,4,41,-37
100900082,20,924,-904
100900083,1,60,-59
100900085,2,84,-82
100900086,71,459,-388
100900088,23,828,-805
100900089,0,24,-24
100900090,106,375,-269
100900091,0,14,-14
100900092,104,66,38
100900093,57,321,-264
100900094,41,889,-848
100900095,3,26,-23
100900096,13,139,-126
100900097,0,6,-6
100900098,1,50,-49
100900099,7,555,-548
100900100,7,180,-173
100900101,199,16,183
100900102,144,21,123
100900103,1,18,-17
100900104,11,156,-145
100900105,8,65,-57
100900106,49,1,48
100900107,1673,321,1352
100900108,2,4,-2
100900109,1,55,-54
100900110,0,14,-14
100900111,77,123,-46
100900112,1,6,-5
100900113,2,20,-18
100900114,3,18,-15
100900115,0,15,-15
100900116,694,307,387
100900117,178,425,-247
100900118,0,27,-27
100900119,2,19,-17
100900120,2,13,-11
100900121,248,227,21
100900122,87,209,-122
100900123,20,68,-48
100900124,0,1,-1
100900125,9,72,-63
100900126,29,172,-143
100900127,0,6,-6
100900128,92,120,-28
100900129,1,87,-86
100900131,47,78,-31
100900133,15,41,-26
100900134,1,3,-2
100900135,0,100,-100
100900137,293,202,91
100900138,307,160,147
100900139,0,9,-9
100900140,5,951,-946
100900141,1,260,-259
100900142,2,7,-5
100900143,1196,217,979
100900144,17,1,16
100900145,41,95,-54
100900146,8,8,0
100900147,2,316,-314
100900148,19,1227,-1208
100900149,8,21,-13
100900150,0,5,-5
100900151,64,470,-406
100900152,110,6,104
100900153,0,149,-149
100900154,7,14,-7
100900155,0,14,-14
100900156,17,5,12
100900157,0,97,-97
100900158,280,70,210
100900159,0,9,-9
100900160,2,13,-11
100900161,145,0,145
100900162,3,159,-156
100900163,126,216,-90
100900164,8,27,-19
100900165,21,42,-21
100900166,36,0,36
100900167,11,85,-74
100900168,19,90,-71
100900169,182,1493,-1311
100900170,8,1,7
100900171,8,946,-938
100900172,0,2,-2
100900173,4,711,-707
100900174,82,15,67
100900176,1035,40,995
100900177,1133,125,1008
100900178,104,139,-35
100900179,81,30,51
100900180,1,1,0
100900181,44,20,24
100900182,6,13,-7
100900184,1,125,-124
100900186,1106,436,670
100900187,4,136,-132
100900188,41,15,26
100900189,751,112,639
100900191,1143,621,522
100900192,150,90,60
100900195,48,171,-123
100900197,0,55,-55
100900198,14,161,-147
100900199,7,1,6
100900200,546,309,237
100900201,42,823,-781
100900202,0,1,-1
100900203,0,56,-56
100900204,537,143,394
100900205,76,281,-205
100900206,21,30,-9
100900207,134,51,83
100900210,48,802,-754
100900211,212,63,149
100900213,15,18,-3
100900214,1144,52,1092
100900215,4,38,-34
100900217,64,26,38
101000001,4172,2291,1881
101000002,3245,2123,1122
101000003,848,1630,-782
101000004,10900,5583,5317
101000005,5548,4181,1367
101000006,8791,5856,2935
101000007,2390,2628,-238
101000008,2894,2404,490
101000009,1482,2378,-896
101000010,706,1654,-948
101000011,2416,808,1608
101000012,1831,387,1444
101000013,473,787,-314
101000014,422,536,-114
101000015,699,839,-140
101000016,256,349,-93
101000017,366,413,-47
101000018,3205,2498,707
101000020,4579,1000,3579
101000021,841,186,655
101000022,495,89,406
101000023,1627,861,766
101000025,82,285,-203
101000026,370,33,337
101000027,1079,1306,-227
101000028,577,145,432
101000029,33,765,-732
101000030,465,61,404
101000031,306,476,-170
101000032,4223,2092,2131
101000033,2396,1581,815
101000034,2304,936,1368
101000035,1148,319,829
101000036,1022,226,796
101000037,3773,830,2943
101000039,3626,655,2971
101000040,4429,1686,2743
101000041,11124,2097,9027
101000042,671,351,320
101000043,10215,1777,8438
101000045,1058,255,803
101000046,1776,817,959
101000047,982,1098,-116
101000048,681,758,-77
101000049,925,705,220
101000050,3297,1640,1657
101000051,5648,880,4768
101000052,1424,456,968
101000053,876,1709,-833
101000054,1722,1767,-45
101000055,1653,680,973
101000056,71,31,40
101000057,3457,472,2985
101000058,2053,471,1582
101000059,3790,1258,2532
101000060,2076,164,1912
101000061,1548,544,1004
101000062,1752,279,1473
101000063,380,246,134
101000064,1003,320,683
101000065,108,224,-116
101000066,225,160,65
101000067,520,279,241
101000068,240,113,127
101000069,259,97,162
101000070,1723,760,963
101000071,1839,618,1221
101000072,1200,2472,-1272
101000073,901,301,600
101000074,5043,2017,3026
101000075,8207,2731,5476
101000077,1319,727,592
101000078,1082,1677,-595
101000079,408,858,-450
101000080,592,612,-20
101000081,812,712,100
101000082,2976,2379,597
101000083,1385,1115,270
101000084,1107,1374,-267
101000085,1404,992,412
101000086,1171,1032,139
101000087,964,1348,-384
101000088,677,865,-188
101000089,715,1243,-528
101000090,2647,1603,1044
101000091,206,1593,-1387
101000092,834,1163,-329
101000093,1409,672,737
101000094,484,1184,-700
101000095,204,818,-614
101000096,280,617,-337
101000097,248,271,-23
101000098,506,588,-82
101000099,1413,1086,327
101000100,918,512,406
101000101,292,395,-103
101000102,806,268,538
101000103,827,563,264
101000104,210,293,-83
101000105,1142,138,1004
101000106,616,294,322
101000107,78,219,-141
101000108,1738,439,1299
101000109,70,66,4
101000110,35,937,-902
101000111,192,161,31
101000113,94,653,-559
101000114,1941,1006,935
101000115,78,89,-11
101000116,291,134,157
101000117,154,306,-152
101000119,248,30,218
101000120,219,13,206
101000121,53,7,46
101000122,81,26,55
101000123,40,33,7
101000124,304,275,29
101000125,88,364,-276
101000128,685,317,368
101000130,403,275,128
101000131,375,785,-410
101000132,245,1836,-1591
101000135,83,11,72
101000136,261,63,198
101000137,36,227,-191
101000141,2621,1052,1569
101000147,895,627,268
101000148,2669,29,2640
101000149,87,30,57
101000150,38,1397,-1359
101000151,45,100,-55
101000152,259,375,-116
101000153,737,480,257
101000154,82,2012,-1930
101000155,82,136,-54
101000156,19,170,-151
101000157,62,32,30
101000160,27,75,-48
101000163,104,47,57
101000164,481,326,155
101000165,231,286,-55
101000166,216,544,-328
101000168,558,245,313
101000252,654,558,96
101000254,368,13,355
101000258,40,8,32
101000261,135,110,25
101000262,506,817,-311
101000263,188,1361,-1173
101000265,51,520,-469
101000266,337,229,108
101000269,127,9,118
101000290,1548,1890,-342
101000293,12,143,-131
101000294,482,517,-35
101000295,134,495,-361
101000301,799,155,644
101000304,1651,2477,-826
101000305,2382,1662,720
101900001,23,77,-54
101900002,0,22,-22
101900003,47,84,-37
101900004,4,29,-25
101900005,5896,734,5162
101900006,742,11,731
101900007,413,29,384
101900008,117,155,-38
101900009,26,188,-162
101900010,968,325,643
101900011,287,452,-165
101900012,118,165,-47
101900013,1217,73,1144
101900017,9,74,-65
101900018,2198,112,2086
101900019,70,50,20
101900020,37,95,-58
101900021,1,12,-11
101900022,51,1661,-1610
101900023,40,329,-289
101900026,46,33,13
101900027,1,72,-71
102000001,1789,3681,-1892
102000002,2618,1254,1364
102000003,3649,3577,72
102000004,9870,2197,7673
102000005,1267,2008,-741
102000006,1748,1102,646
102000007,1472,4063,-2591
102000008,7760,1735,6025
102000009,5799,6713,-914
102000010,7573,3111,4462
102000011,2046,2196,-150
102000012,3500,3564,-64
102000018,3836,2234,1602
102000019,2757,979,1778
102000026,255,363,-108
102000029,600,187,413
102000030,83,209,-126
102000031,15,253,-238
102000032,227,367,-140
102000033,106,460,-354
102000034,495,419,76
102000035,1169,617,552
102000036,7,156,-149
102000037,155,76,79
102000038,43,111,-68
102000039,54,49,5
102000040,320,74,246
102000041,118,163,-45
102000042,95,41,54
102000043,142,178,-36
102000044,287,474,-187
102000045,626,998,-372
102000046,704,451,253
102000047,658,1101,-443
102000048,128,731,-603
102000049,515,503,12
102000050,788,1028,-240
102000051,197,476,-279
102000052,840,918,-78
102000053,374,679,-305
102000054,194,585,-391
102000055,566,1075,-509
102000056,472,1438,-966
102000057,1206,521,685
102000058,1209,1953,-744
102000059,785,1292,-507
102000060,837,969,-132
102000061,969,3061,-2092
102000062,651,1606,-955
102000063,1104,1514,-410
102000064,500,641,-141
102000065,35,117,-82
102000066,836,1005,-169
102000067,2344,2539,-195
102000068,7844,2479,5365
102000069,31,1446,-1415
102000070,2555,51,2504
102000071,6084,9377,-3293
102000072,3088,4632,-1544
102000073,895,1113,-218
102000074,723,923,-200
102000075,174,265,-91
102000076,200,509,-309
102000077,242,1536,-1294
102000078,516,1124,-608
102000079,90,374,-284
102000080,215,245,-30
102000081,350,929,-579
102000082,784,282,502
102000083,150,645,-495
102000084,69,583,-514
102000085,1575,1369,206
102000086,1085,1887,-802
102000087,488,2205,-1717
102000088,169,349,-180
102000089,702,573,129
102000090,359,1232,-873
102000091,1261,557,704
102000092,780,1038,-258
102000093,637,546,91
102000094,1138,359,779
102000095,882,1142,-260
102000096,1783,650,1133
102000097,1875,1460,415
102000098,551,1267,-716
102000099,909,475,434
102000100,950,690,260
102000101,1183,280,903
102000102,342,1254,-912
102000103,1426,324,1102
102000104,1168,388,780
102000105,149,995,-846
102000106,380,1107,-727
102000107,448,632,-184
102000108,450,310,140
102000109,188,617,-429
102000110,254,1671,-1417
102000111,5,322,-317
102000112,201,69,132
102000113,14,31,-17
102000114,905,262,643
102000115,183,136,47
102000116,199,172,27
102000117,192,466,-274
102000118,1582,802,780
102000119,2628,394,2234
102000120,100,459,-359
102000121,573,502,71
102000122,272,723,-451
102000123,1399,1046,353
102000124,821,818,3
102000125,892,796,96
102000126,525,682,-157
102000127,760,763,-3
102000128,393,1105,-712
102000129,565,1039,-474
102000130,313,639,-326
102000131,1964,645,1319
102000132,828,436,392
102000133,1101,3048,-1947
102000134,294,783,-489
102000135,1277,494,783
102000136,1052,341,711
102000137,1103,760,343
102000138,249,496,-247
102000139,82,545,-463
102000140,327,280,47
102000141,359,746,-387
102000142,161,413,-252
102000143,22,486,-464
102000144,50,565,-515
102000145,144,402,-258
102000146,214,354,-140
102000147,301,292,9
102000148,146,315,-169
102000149,124,861,-737
102000150,109,222,-113
102000151,104,406,-302
102000152,72,116,-44
102000153,702,213,489
102000154,341,540,-199
102000155,74,238,-164
102000156,265,52,213
102000157,63,143,-80
102000158,367,236,131
102000159,1703,135,1568
102000161,4805,1105,3700
102000162,171,88,83
102000163,143,333,-190
102000164,1286,628,658
102000165,187,99,88
102000166,11,69,-58
102000167,97,192,-95
102000168,165,167,-2
102000169,86,330,-244
102000170,771,76,695
102000171,130,70,60
102000172,39,151,-112
102000173,181,187,-6
102000174,17,40,-23
102000175,102,238,-136
102000176,34,68,-34
102000178,169,660,-491
102000179,182,200,-18
102000180,390,708,-318
102000181,190,862,-672
102000182,293,776,-483
102000183,798,1945,-1147
102000184,789,1007,-218
102000185,1198,1689,-491
102000186,611,2109,-1498
102000187,371,2308,-1937
102000188,408,1677,-1269
102000189,3484,1118,2366
102000190,673,2361,-1688
102000191,1339,625,714
102000192,662,1084,-422
102000193,14,211,-197
102000194,50,127,-77
102000195,266,671,-405
102000196,83,531,-448
102000197,169,584,-415
102000198,62,1104,-1042
102000199,206,438,-232
102000200,135,1249,-1114
102000201,237,593,-356
102000202,2,142,-140
102000203,124,389,-265
102000204,217,1244,-1027
102000205,403,1032,-629
102000206,389,878,-489
102000207,989,532,457
102000208,418,697,-279
102000209,54,72,-18
102000210,165,712,-547
102000211,190,528,-338
102000212,89,25,64
102000213,1,435,-434
102000214,103,21,82
102000215,6,728,-722
102000216,11,25,-14
102000217,12,253,-241
102000218,108,43,65
102000219,381,360,21
102000225,784,707,77
102000226,6439,302,6137
102000227,55,0,55
102000228,0,112,-112
102000229,11,23,-12
102000230,215,645,-430
102000231,227,458,-231
102000232,6,130,-124
102000233,333,636,-303
102000234,74,1713,-1639
102000236,396,74,322
102000237,418,169,249
102000238,135,253,-118
102000240,683,539,144
102000241,301,80,221
102000243,4,69,-65
102000245,21,103,-82
102000246,31,42,-11
102000247,563,872,-309
102000248,253,358,-105
102000249,68,177,-109
102000250,18,538,-520
102000254,23,661,-638
102000266,86,173,-87
102000271,18,0,18
102000286,463,415,48
102000297,1246,876,370
102000299,0,0,0
102000301,0,0,0
102000305,0,0,0
102000307,0,4,-4
102000308,0,3,-3
102900001,866,894,-28
102900002,275,41,234
102900003,12,348,-336
102900005,140,259,-119
102900006,273,260,13
102900007,342,26,316
102900008,196,72,124
102900009,301,87,214
102900010,897,441,456
102900011,2103,216,1887
102900012,383,68,315
102900013,11,61,-50
102900015,709,183,526
102900016,19,124,-105
102900017,54,745,-691
102900018,7,120,-113
102900019,164,392,-228
102900020,44,57,-13
102900021,8,129,-121
102900022,201,60,141
102900023,15,54,-39
102900024,13,56,-43
102900025,289,106,183
102900026,582,926,-344
102900027,44,69,-25
102900028,96,303,-207
102900029,84,101,-17
102900030,260,129,131
102900031,51,162,-111
102900032,10,143,-133
102900033,22,134,-112
102900034,106,160,-54
102900035,47,553,-506
102900036,99,810,-711
102900037,257,835,-578
102900038,395,663,-268
102900039,30,343,-313
102900040,87,225,-138
102900041,34,196,-162
102900042,124,318,-194
102900043,103,220,-117
102900044,415,1975,-1560
102900045,57,524,-467
102900046,86,370,-284
102900047,44,891,-847
102900048,353,733,-380
102900049,37,384,-347
102900050,259,337,-78
102900051,123,169,-46
102900052,21,20,1
102900053,193,768,-575
102900054,922,652,270
102900055,30,66,-36
102900056,137,491,-354
102900057,2,21,-19
102900058,253,61,192
102900059,7,24,-17
102900060,64,449,-385
102900061,52,499,-447
102900062,45,1714,-1669
102900063,393,421,-28
102900064,203,323,-120
102900065,1630,827,803
102900066,296,50,246
102900068,75,67,8
102900070,233,838,-605
102900072,15,20,-5
102900073,134,8,126
102900075,8,5,3
102900076,155,35,120
102900077,18,23,-5
102900078,37,64,-27
102900079,173,16,157
102900080,196,17,179
102900081,91,234,-143
102900082,9,276,-267
102900083,277,5,272
102900084,0,14,-14
102900085,82,42,40
102900086,1,7,-6
102900087,39,122,-83
102900088,15,42,-27
102900089,226,107,119
102900090,2,633,-631
102900091,68,3,65
102900092,84,1239,-1155
102900093,161,201,-40
102900094,0,41,-41
102900095,42,1,41
102900096,22,11,11
102900097,2,127,-125
103000001,1726,2535,-809
103000002,1513,1758,-245
103000003,2703,2241,462
103000004,1021,645,376
103000005,1670,2031,-361
103000006,558,1276,-718
103000007,361,870,-509
103000008,729,1139,-410
103000009,550,748,-198
103000010,128,136,-8
103000011,1722,987,735
103000012,867,1032,-165
103000013,7438,1741,5697
103000014,1175,1139,36
103000015,2579,863,1716
103000016,509,661,-152
103000017,106,338,-232
103000018,996,390,606
103000019,123,163,-40
103000020,1414,1340,74
103000021,894,1006,-112
103000022,691,1135,-444
103000023,318,888,-570
103000024,124,182,-58
103000025,71,251,-180
103000026,2222,137,2085
103000027,324,279,45
103000028,1035,308,727
103000029,544,225,319
103000030,2741,645,2096
103000031,1808,947,861
103000032,2172,1658,514
103000033,2710,2350,360
103000034,2039,803,1236
103000035,472,773,-301
103000036,438,442,-4
103000037,764,460,304
103000038,642,787,-145
103000039,102,517,-415
103000040,220,1437,-1217
103000041,1486,3461,-1975
103000042,469,784,-315
103000043,258,1532,-1274
103000044,95,314,-219
103000046,150,264,-114
103000047,362,811,-449
103000048,97,132,-35
103000049,81,191,-110
103000050,329,631,-302
103000051,226,498,-272
103000052,761,472,289
103000053,109,352,-243
103000054,1282,990,292
103000055,1183,1621,-438
103000056,442,2372,-1930
103000057,434,360,74
103000058,206,983,-777
103000059,278,824,-546
103000060,627,899,-272
103000061,321,807,-486
103000062,670,884,-214
103000063,482,788,-306
103000064,82,320,-238
103000065,3,316,-313
103000066,49,11,38
103000069,116,448,-332
103000070,475,1520,-1045
103000071,485,351,134
103000072,66,1137,-1071
103000073,172,116,56
103000074,218,92,126
103000075,118,1077,-959
103000076,113,117,-4
103000077,21,462,-441
103000078,1020,186,834
103000079,1662,464,1198
103000080,861,144,717
103000081,508,621,-113
103000082,264,123,141
103000083,61,441,-380
103000084,103,6,97
103000085,4,105,-101
103000086,511,244,267
103000087,89,393,-304
103000088,193,369,-176
103000089,146,235,-89
103000090,988,838,150
103000091,382,400,-18
103000092,136,296,-160
103000093,252,571,-319
103000094,68,96,-28
103000095,8,413,-405
103000096,470,67,403
103000097,38,686,-648
103000098,766,103,663
103000099,259,635,-376
103000100,39,938,-899
103000101,311,184,127
103000102,70,693,-623
103000103,301,235,66
103000104,23,171,-148
103000105,46,128,-82
103000106,10,107,-97
103000107,301,66,235
103000108,412,558,-146
103000109,249,258,-9
103000110,286,297,-11
103000111,412,375,37
103000112,219,193,26
103000113,354,657,-303
103000114,564,358,206
103000115,263,414,-151
103000116,243,480,-237
103000117,114,441,-327
103000118,1145,1183,-38
103000119,2136,738,1398
103000120,75,102,-27
103000121,246,617,-371
103000122,236,255,-19
103000125,8,688,-680
103000126,294,13,281
103000127,1,458,-457
103000128,62,4,58
103000129,1,286,-285
103000130,25,24,1
103000131,325,127,198
103000132,80,115,-35
103000133,10,320,-310
103000134,563,365,198
103000135,954,200,754
103000136,702,290,412
103000137,443,511,-68
103000138,786,520,266
103000139,0,36,-36
103000140,99,19,80
103000141,28,98,-70
103000142,126,72,54
103000143,21,243,-222
103000144,96,89,7
103000145,44,57,-13
103000150,79,57,22
103000152,158,234,-76
103000153,65,166,-101
103000156,5,840,-835
103000157,169,3,166
103000159,106,100,6
103000162,62,8,54
103000163,10,22,-12
103000164,14,9,5
103000165,116,564,-448
103000166,76,163,-87
103000167,89,131,-42
103000168,31,188,-157
103000169,147,366,-219
103000170,525,602,-77
103000171,31,50,-19
103000172,146,302,-156
103000173,165,997,-832
103000174,140,322,-182
103000175,109,635,-526
103000176,686,218,468
103000177,934,394,540
103000178,412,218,194
103000179,57,29,28
103000183,52,60,-8
103000185,50,90,-40
103000186,56,199,-143
103000187,166,864,-698
103000188,4,93,-89
103000189,549,1072,-523
103000191,593,831,-238
103000292,3132,778,2354
103000293,2119,789,1330
103000295,63,63,0
103000296,257,6,251
103000297,162,16,146
103000504,130,22,108
103000505,15,6,9
103000506,0,256,-256
103000507,72,14,58
103000508,40,26,14
103000509,126,547,-421
103900001,3,534,-531
103900002,1916,181,1735
103900003,1794,113,1681
103900004,5,0,5
103900005,1,315,-314
103900006,0,0,0
103900007,13,14,-1
103900008,1,3,-2
103900009,105,239,-134
103900010,56,216,-160
103900011,71,244,-173
103900012,20,10,10
103900013,18,90,-72
103900014,29,41,-12
103900015,20,37,-17
103900016,146,306,-160
103900017,20,119,-99
103900018,886,167,719
103900019,28,154,-126
103900020,92,194,-102
103900021,1070,40,1030
103900022,609,662,-53
103900023,46,0,46
103900024,82,708,-626
103900025,7,36,-29
103900026,5,0,5
103900027,192,193,-1
103900028,13,239,-226
103900029,604,99,505
103900030,72,19,53
103900031,6,2,4
103900032,35,32,3
103900033,34,3,31
103900034,24,252,-228
103900035,38,73,-35
103900036,34,12,22
103900037,27,15,12
103900038,83,66,17
103900039,13,576,-563
103900040,1,227,-226
103900041,7,23,-16
103900042,6,505,-499
103900043,57,151,-94
103900044,221,78,143
103900045,84,169,-85
103900047,26,42,-16
103900048,55,16,39
103900049,222,1201,-979
103900050,1,78,-77
103900051,0,35,-35
103900052,56,754,-698
103900053,80,1335,-1255
103900054,36,790,-754
103900055,154,197,-43
103900056,11,70,-59
103900057,7,300,-293
103900058,49,771,-722
103900059,0,3,-3
103900060,11,234,-223
103900061,21,50,-29
103900062,40,35,5
103900063,1,0,1
103900064,26,0,26
103900065,842,266,576
103900066,30,4,26
103900067,36,1,35
103900068,0,0,0
103900069,13,3,10
103900070,73,243,-170
103900071,32,178,-146
103900072,3,417,-414
103900073,13,5,8
103900074,15,130,-115
103900075,146,125,21
103900076,169,855,-686
103900077,75,19,56
103900078,42,136,-94
103900079,88,257,-169
103900080,5,26,-21
103900081,49,2,47
103900082,2,87,-85
103900083,1968,202,1766
103900084,14,134,-120
103900085,70,68,2
103900086,220,373,-153
103900087,26,145,-119
103900088,469,153,316
103900089,68,189,-121
103900090,0,219,-219
103900091,877,236,641
103900092,153,438,-285
103900093,75,470,-395
103900094,5,215,-210
103900095,156,139,17
103900096,7,389,-382
103900097,5,542,-537
103900098,102,49,53
103900099,8,287,-279
103900100,71,404,-333
103900101,50,869,-819
103900102,1,46,-45
103900104,8,19,-11
103900105,92,192,-100
103900106,0,20,-20
103900107,42,200,-158
103900108,19,542,-523
103900109,39,82,-43
103900110,123,51,72
103900111,27,866,-839
103900112,14,60,-46
103900113,123,167,-44
103900114,384,288,96
103900115,168,44,124
103900116,6699,728,5971
103900117,228,133,95
103900119,25,54,-29
103900120,19,102,-83
103900122,14,439,-425
103900123,1574,499,1075
103900124,19,737,-718
103900125,59,84,-25
103900126,151,491,-340
103900127,84,891,-807
103900128,18,256,-238
103900131,20,141,-121
103900133,679,12,667
103900134,0,1,-1
103900135,0,8,-8
103900137,0,41,-41
103900138,16,465,-449
103900139,118,815,-697
103900140,3,18,-15
103900141,200,79,121
103900142,38,218,-180
103900143,9,5,4
103900144,0,81,-81
103900145,148,333,-185
103900146,226,354,-128
103900147,114,105,9
103900148,60,246,-186
103900149,34,805,-771
103900150,7902,1393,6509
103900151,22,164,-142
103900152,99,841,-742
103900153,4,0,4
103900154,1533,606,927
103900155,12,198,-186
103900156,9,141,-132
103900157,10,264,-254
103900158,17,232,-215
103900159,22,98,-76
103900160,15,21,-6
103900161,43,140,-97
103900162,49,289,-240
103900163,2,289,-287
103900167,8,63,-55
103900168,34,142,-108
103900169,10,36,-26
103900170,1,107,-106
103900171,5,74,-69
103900172,11,34,-23
103900173,5,9,-4
103900174,36,69,-33
103900175,49,17,32
103900176,7,14,-7
103900177,7,44,-37
103900178,7,73,-66
103900179,18,195,-177
103900180,5,127,-122
103900181,35,29,6
103900182,26,4,22
103900184,559,25,534
103900185,192,69,123
103900187,87,21,66
103900188,22,5,17
103900189,68,9,59
103900190,19,65,-46
103900191,9,59,-50
103900192,17,67,-50
103900193,128,119,9
103900194,37,373,-336
103900195,1,28,-27
103900196,13,16,-3
103900197,15,28,-13
103900198,11,84,-73
103900199,66,70,-4
103900200,62,160,-98
103900201,23,200,-177
103900202,9,44,-35
103900203,8,18,-10
103900204,1,127,-126
103900207,1,222,-221
103900208,22,1,21
103900209,2,112,-110
103900210,11,31,-20
103900211,221,727,-506
103900212,49,513,-464
103900213,62,197,-135
103900214,160,93,67
103900215,695,270,425
103900216,5,569,-564
103900217,190,26,164
103900218,1,177,-176
103900219,24,287,-263
103900233,46,1,45
103900235,13,12,1
103900236,16,1,15
103900242,5,4,1
103900243,2,6,-4
103900244,36,356,-320
103900245,27,275,-248
103900246,15,36,-21
103900247,18,97,-79
103900248,1,10,-9
103900249,3,8,-5
103900250,18,18,0
103900251,1,27,-26
103900253,31,26,5
103900254,2,11,-9
103900255,12,5,7
103900256,3,10,-7
103900257,44,54,-10
103900258,9,2,7
103900259,61,1,60
103900261,0,1,-1
103900262,8,0,8
103900263,24,16,8
103900264,73,8,65
103900265,27,11,16
103900266,2,33,-31
103900267,2,57,-55
103900268,4,111,-107
103900269,66,24,42
103900270,12,136,-124
103900271,27,254,-227
104000001,1558,2340,-782
104000002,1551,2510,-959
104000003,2137,2347,-210
104000004,3742,2480,1262
104000005,787,1775,-988
104000006,2315,2812,-497
104000007,3465,3503,-38
104000008,241,561,-320
104000009,63,94,-31
104000010,80,146,-66
104000011,810,606,204
104000012,144,526,-382
104000013,58,140,-82
104000014,206,722,-516
104000015,143,167,-24
104000016,315,398,-83
104000018,392,128,264
104000019,311,99,212
104000020,141,1031,-890
104000021,237,876,-639
104000022,98,365,-267
104000023,424,296,128
104000024,148,419,-271
104000026,49,351,-302
104000027,167,487,-320
104000028,215,244,-29
104000029,359,650,-291
104000030,148,224,-76
104000031,425,241,184
104000032,140,361,-221
104000033,259,346,-87
104000034,224,509,-285
104000035,369,468,-99
104000036,273,648,-375
104000037,185,362,-177
104000038,175,241,-66
104000039,127,517,-390
104000040,440,562,-122
104000041,498,347,151
104000042,171,520,-349
104000043,295,491,-196
104000044,224,1050,-826
104000045,544,1377,-833
104000046,1423,1820,-397
104000047,599,1546,-947
104000048,1111,2468,-1357
104000049,276,311,-35
104000050,220,598,-378
104000051,50,771,-721
104000052,752,1476,-724
104000053,503,686,-183
104000054,483,731,-248
104000055,4002,3266,736
104000056,2104,204,1900
104000057,75,547,-472
104000058,382,745,-363
104000059,257,1150,-893
104000060,426,1066,-640
104000061,986,1503,-517
104000062,157,175,-18
104000064,687,309,378
104000065,113,323,-210
104000069,1337,481,856
104000070,40,375,-335
104000071,137,410,-273
104000072,816,264,552
104000075,37,210,-173
104000076,344,141,203
104000082,1748,2172,-424
104000083,685,225,460
104000084,74,401,-327
104000085,183,257,-74
104000086,145,362,-217
104000087,549,847,-298
104000090,401,1674,-1273
104000092,370,3135,-2765
104000094,541,2404,-1863
104000095,1066,1359,-293
104000096,683,469,214
104000097,838,1117,-279
104000098,790,1522,-732
104000100,747,736,11
104000101,738,2618,-1880
104000106,80,451,-371
104000107,410,623,-213
104000108,340,677,-337
104000109,240,43,197
104000110,858,877,-19
104000111,6446,1262,5184
104000112,2499,480,2019
104000116,4,1695,-1691
104000117,68,1190,-1122
104000118,255,272,-17
104000119,362,226,136
104000120,181,1308,-1127
104000121,128,758,-630
104000122,436,760,-324
104000123,892,1582,-690
104000124,1844,2734,-890
104000125,5835,2307,3528
104000126,220,600,-380
104000127,1719,4464,-2745
104000128,746,534,212
104000129,502,34,468
104000130,11,202,-191
104000131,1075,788,287
104000132,574,1053,-479
104000133,926,836,90
104000134,785,1177,-392
104000135,387,739,-352
104000136,957,1717,-760
104000137,2035,199,1836
104000138,1623,320,1303
104000139,11232,3260,7972
104000141,1753,2290,-537
104000142,492,1294,-802
104000143,348,1002,-654
104000144,45,152,-107
104000145,294,140,154
104000146,517,651,-134
104000147,98,428,-330
104000148,131,116,15
104000149,170,497,-327
104000150,495,422,73
104000151,320,812,-492
104000152,329,1129,-800
104000153,140,395,-255
104000154,1208,906,302
104000155,223,371,-148
104000157,1269,2202,-933
104000158,218,237,-19
104000159,336,305,31
104000160,1443,1254,189
104000161,189,164,25
104000162,30,135,-105
104000165,1219,1010,209
104000167,301,384,-83
104000168,354,2,352
104000169,24,62,-38
104000170,1110,192,918
104000248,106,937,-831
104000251,46,511,-465
104000272,0,0,0
104000273,0,0,0
104000274,0,0,0
104000275,0,0,0
104000279,712,459,253
104000290,69,437,-368
104000291,561,959,-398
104000293,493,736,-243
104000294,4,0,4
104000295,352,760,-408
104000296,247,854,-607
104000297,859,1516,-657
104000298,2077,1046,1031
104000299,516,1314,-798
104900001,70,476,-406
104900002,12,65,-53
104900003,24,493,-469
104900004,38,430,-392
104900005,117,142,-25
104900006,81,37,44
104900007,146,230,-84
104900009,47,585,-538
104900010,16,4,12
104900011,2,6,-4
104900012,51,1,50
104900013,43,1,42
104900014,4768,354,4414
104900015,41,1,40
104900016,59,338,-279
104900017,16,180,-164
104900018,8,351,-343
104900019,345,820,-475
104900020,25,441,-416
104900021,2,313,-311
104900022,5,95,-90
104900023,0,124,-124
104900024,10,98,-88
104900025,36,436,-400
104900026,0,93,-93
104900027,121,189,-68
104900028,52,93,-41
104900029,28,46,-18
104900030,266,163,103
104900031,148,160,-12
104900032,40,220,-180
104900033,59,110,-51
104900034,214,106,108
104900035,75,68,7
104900036,52,62,-10
104900037,38,299,-261
104900038,637,377,260
104900039,678,47,631
104900040,53,87,-34
104900041,90,98,-8
104900042,90,424,-334
104900043,7,18,-11
104900044,150,197,-47
104900045,128,29,99
104900046,36,116,-80
104900047,93,138,-45
104900048,92,106,-14
104900049,4,5,-1
104900050,55,108,-53
104900051,37,30,7
104900052,11,0,11
104900053,205,35,170
104900054,93,26,67
104900055,14,0,14
104900056,114,8,106
104900057,13,0,13
104900058,819,82,737
104900059,5,25,-20
104900060,2,335,-333
104900061,233,748,-515
104900063,0,141,-141
104900064,0,108,-108
104900065,0,117,-117
104900066,4,229,-225
104900067,1,274,-273
104900068,6,273,-267
104900070,46,335,-289
104900071,6,835,-829
104900072,18,229,-211
104900073,11,310,-299
104900074,38,261,-223
104900075,31,87,-56
104900076,65,535,-470
104900077,1245,61,1184
104900078,71,1051,-980
104900079,143,128,15
104900080,30,754,-724
104900082,12,292,-280
104900085,5,341,-336
104900087,351,2,349
104900089,17,0,17
104900090,266,336,-70
104900091,481,984,-503
104900093,164,590,-426
104900097,3189,980,2209
104900098,21,28,-7
104900099,196,364,-168
104900100,968,207,761
104900102,12,310,-298
104900103,494,69,425
104900104,3797,974,2823
104900106,25,188,-163
104900107,25,411,-386
104900108,12,313,-301
104900109,37,194,-157
104900110,11,55,-44
104900111,75,81,-6
104900112,102,1102,-1000
104900113,311,376,-65
104900114,129,902,-773
104900115,262,603,-341
104900116,83,335,-252
104900118,11,83,-72
104900119,0,36,-36
104900120,87,22,65
104900121,1,107,-106
104900122,0,59,-59
104900123,4,0,4
104900124,5,0,5
104900125,379,4,375
104900126,135,61,74
104900127,21,22,-1
104900128,62,89,-27
104900129,2934,684,2250
105000001,1468,1790,-322
105000002,1384,1748,-364
105000003,1988,3977,-1989
105000004,502,1208,-706
105000005,457,1093,-636
105000006,695,1243,-548
105000007,524,1062,-538
105000008,523,1220,-697
105000009,858,2285,-1427
105000010,3080,2874,206
105000011,1459,1643,-184
105000012,3889,3609,280
105000013,463,784,-321
105000014,1061,1875,-814
105000015,6455,5362,1093
105000016,3245,2036,1209
105000017,1315,1198,117
105000018,1078,877,201
105000019,1335,1019,316
105000020,112,339,-227
105000021,317,137,180
105000022,89,25,64
105000023,320,220,100
105000028,29,153,-124
105000029,278,762,-484
105000030,4048,4000,48
105000033,983,2440,-1457
105000034,99,497,-398
105000037,531,564,-33
105000038,1807,1068,739
105000039,4202,2556,1646
105000040,729,527,202
105000041,743,1757,-1014
105000042,3089,994,2095
105000043,2740,3180,-440
105000044,216,280,-64
105000045,226,1159,-933
105000046,411,344,67
105000047,305,1962,-1657
105000048,250,166,84
105000049,245,1046,-801
105000050,278,314,-36
105000051,180,718,-538
105000052,295,978,-683
105000053,92,211,-119
105000054,138,1066,-928
105000055,255,464,-209
105000056,937,2815,-1878
105000057,1080,1268,-188
105000058,1891,1576,315
105000059,378,417,-39
105000060,357,727,-370
105000061,246,415,-169
105000062,906,1199,-293
105000063,226,845,-619
105000064,518,675,-157
105000065,306,1244,-938
105000066,672,2362,-1690
105000067,513,578,-65
105000068,442,1037,-595
105000069,2472,576,1896
105000070,830,769,61
105000071,178,311,-133
105000072,573,666,-93
105000073,563,476,87
105000074,866,1099,-233
105000075,446,909,-463
105000076,1116,1180,-64
105000077,1664,889,775
105000078,1430,1028,402
105000079,1523,1569,-46
105000080,1402,997,405
105000081,708,651,57
105000082,449,394,55
105000083,844,781,63
105000084,369,1166,-797
105000085,945,942,3
105000086,365,876,-511
105000087,2219,1824,395
105000088,1737,1255,482
105000089,3923,2972,951
105000090,1281,1243,38
105000091,2050,2288,-238
105000092,548,1475,-927
105000093,343,260,83
105000094,242,218,24
105000095,58,459,-401
105000096,839,557,282
105000097,939,555,384
105000098,412,483,-71
105000099,512,901,-389
105000100,995,1319,-324
105000101,1581,2470,-889
105000102,2075,1731,344
105000103,1578,2560,-982
105000104,1211,1037,174
105000105,1015,1831,-816
105000106,841,1408,-567
105000107,566,918,-352
105000108,851,1769,-918
105000109,872,1728,-856
105000110,430,884,-454
105000111,290,618,-328
105000112,618,923,-305
105000113,198,422,-224
105000114,3769,893,2876
105000115,247,621,-374
105000116,372,472,-100
105000117,583,1726,-1143
105000118,174,432,-258
105000119,321,1422,-1101
105000120,362,668,-306
105000121,498,1204,-706
105000122,180,459,-279
105000123,1135,1656,-521
105000124,1174,1089,85
105000125,540,1943,-1403
105000126,1338,2020,-682
105000127,1469,1974,-505
105000128,604,1308,-704
105000129,516,312,204
105000130,49,814,-765
105000131,351,456,-105
105000132,508,400,108
105000133,258,1330,-1072
105000134,310,665,-355
105000135,299,810,-511
105000136,54,422,-368
105000137,167,316,-149
105000138,229,401,-172
105000139,772,1187,-415
105000140,125,570,-445
105000141,141,757,-616
105000142,75,547,-472
105000143,209,686,-477
105000144,158,689,-531
105000145,481,600,-119
105000146,473,760,-287
105000147,443,346,97
105000148,1055,481,574
105000149,1428,1211,217
105000150,2255,1510,745
105000151,251,269,-18
105000152,76,595,-519
105000153,382,373,9
105000154,668,840,-172
105000155,196,516,-320
105000156,875,813,62
105000157,1106,1649,-543
105000158,1342,735,607
105000159,303,1150,-847
105000160,918,527,391
105000161,718,1881,-1163
105000162,247,1051,-804
105000163,1075,1199,-124
105000164,179,327,-148
105000165,1558,2424,-866
105000166,7356,247,7109
105000167,3150,979,2171
105000168,108,978,-870
105000169,177,704,-527
105000170,62,1266,-1204
105000171,1012,374,638
105000172,31,78,-47
105000173,29,52,-23
105000174,32,22,10
105000175,60,151,-91
105000176,52,60,-8
105000177,66,122,-56
105000178,79,728,-649
105000179,94,156,-62
105000180,47,129,-82
105000181,42,518,-476
105000182,11,90,-79
105000183,3029,1429,1600
105000184,1491,938,553
105000185,1548,598,950
105000186,462,1135,-673
105000187,722,287,435
105000188,415,128,287
105000189,203,682,-479
105000190,142,422,-280
105000191,212,480,-268
105000192,84,78,6
105000193,54,161,-107
105000194,85,81,4
105000195,207,1501,-1294
105000196,9,61,-52
105000197,133,864,-731
105000198,332,271,61
105000199,102,147,-45
105000200,78,240,-162
105000201,47,10,37
105000203,1,329,-328
105000204,31,101,-70
105000205,86,283,-197
105000207,890,291,599
105000208,223,332,-109
105000209,185,460,-275
105000212,653,1644,-991
105000213,219,181,38
105000214,49,240,-191
105000215,131,273,-142
105000216,56,528,-472
105000217,122,425,-303
105000218,419,1182,-763
105000221,203,324,-121
105000222,44,45,-1
105000223,66,200,-134
105000226,23,468,-445
105000227,18,235,-217
105000228,112,615,-503
105000229,38,186,-148
105000231,103,194,-91
105000233,449,595,-146
105000234,495,1254,-759
105000235,124,467,-343
105000237,371,50,321
105000243,17,245,-228
105000248,44,35,9
105000262,150,2029,-1879
105000269,51,123,-72
105000270,171,144,27
105000271,0,271,-271
105000282,45,41,4
105000287,314,127,187
105000288,298,393,-95
105000289,612,736,-124
105000290,8,5,3
105000402,4950,1540,3410
105000426,307,554,-247
105000438,478,552,-74
105000446,12796,4908,7888
105000447,7770,2805,4965
105000454,124,1040,-916
105000455,305,273,32
105000474,11,1,10
105000477,135,422,-287
105000478,868,1478,-610
105000479,78,127,-49
105000480,1154,1541,-387
105000481,1500,1786,-286
105000482,3930,2901,1029
105000483,761,990,-229
105000484,2365,2848,-483
105000485,763,1276,-513
105000486,3284,2579,705
105000488,2601,2699,-98
105000489,411,737,-326
105000549,33,128,-95
105000550,353,1174,-821
105000551,19,112,-93
105000552,3461,2164,1297
105900001,7,749,-742
105900002,1802,395,1407
105900003,10,80,-70
105900004,509,100,409
105900005,3,205,-202
105900006,7,31,-24
105900007,60,10,50
105900008,33,739,-706
105900009,4,13,-9
105900011,158,65,93
105900012,354,192,162
105900013,1,19,-18
105900014,3,80,-77
105900015,185,314,-129
105900016,147,802,-655
105900017,479,54,425
105900018,185,225,-40
105900019,45,636,-591
105900020,19,39,-20
105900021,23,525,-502
105900022,130,349,-219
105900023,4,241,-237
105900024,7,335,-328
105900025,23,47,-24
105900026,156,28,128
105900027,5620,4103,1517
105900028,30,146,-116
105900029,1993,343,1650
105900030,145,356,-211
105900031,334,213,121
105900032,40,152,-112
105900033,27,151,-124
105900034,102,228,-126
105900035,143,169,-26
105900036,15,112,-97
105900037,39,75,-36
105900038,89,217,-128
105900039,19,138,-119
105900040,34,117,-83
105900041,121,387,-266
105900042,34,94,-60
105900043,1753,127,1626
105900044,1,123,-122
105900045,8,576,-568
105900046,3,146,-143
105900047,3,38,-35
105900048,60,480,-420
105900050,2732,860,1872
105900051,5,1285,-1280
105900052,247,117,130
105900053,3943,1022,2921
105900054,269,287,-18
105900056,1082,207,875
105900057,19,297,-278
105900058,6,25,-19
105900059,0,17,-17
106000001,2591,850,1741
106000002,2261,3092,-831
106000003,2430,1827,603
106000004,2148,2127,21
106000005,1704,4080,-2376
106000006,4987,4168,819
106000007,370,474,-104
106000008,343,302,41
106000009,347,325,22
106000010,361,484,-123
106000011,337,934,-597
106000012,567,1716,-1149
106000013,1137,1819,-682
106000014,1867,1830,37
106000015,780,1032,-252
106000016,1007,2355,-1348
106000017,476,574,-98
106000018,427,694,-267
106000019,129,410,-281
106000020,109,487,-378
106000021,165,479,-314
106000022,263,338,-75
106000023,342,351,-9
106000024,391,910,-519
106000025,95,211,-116
106000026,132,373,-241
106000027,494,1031,-537
106000028,416,909,-493
106000029,710,1897,-1187
106000030,898,216,682
106000034,140,552,-412
106000035,560,756,-196
106000036,392,254,138
106000037,1161,1430,-269
106000038,349,36,313
106000039,128,30,98
106000040,124,767,-643
106000041,649,214,435
106000043,392,75,317
106000046,252,36,216
106000047,37,362,-325
106000049,349,125,224
106000050,194,940,-746
106000051,269,312,-43
106000052,76,725,-649
106000053,111,84,27
106000054,246,494,-248
106000055,397,667,-270
106000056,227,555,-328
106000057,110,139,-29
106000058,127,224,-97
106000059,132,248,-116
106000060,514,671,-157
106000061,127,320,-193
106000062,156,616,-460
106000063,321,328,-7
106000064,27,456,-429
106000065,127,144,-17
106000066,73,403,-330
106000067,167,70,97
106000068,67,715,-648
106000069,73,64,9
106000070,297,892,-595
106000071,419,254,165
106000072,4407,1213,3194
106000073,1430,1469,-39
106000074,219,513,-294
106000075,185,853,-668
106000076,942,1373,-431
106000077,2210,1043,1167
106000078,431,766,-335
106000079,333,1002,-669
106000080,576,890,-314
106000081,369,877,-508
106000082,1727,972,755
106000083,283,939,-656
106000084,420,552,-132
106000085,1361,936,425
106000086,413,575,-162
106000087,383,509,-126
106000088,261,756,-495
106000089,431,433,-2
106000090,153,625,-472
106000091,194,658,-464
106000092,330,226,104
106000093,209,73,136
106000094,87,371,-284
106000095,301,1252,-951
106000096,428,803,-375
106000097,568,1553,-985
106000098,341,1166,-825
106000099,123,1072,-949
106000100,771,325,446
106000101,1978,277,1701
106000102,319,617,-298
106000103,225,702,-477
106000104,670,419,251
106000105,292,1142,-850
106000106,318,539,-221
106000107,41,525,-484
106000108,87,336,-249
106000109,78,389,-311
106000110,84,253,-169
106000111,88,723,-635
106000112,85,367,-282
106000113,1109,706,403
106000114,376,360,16
106000115,135,556,-421
106000116,119,244,-125
106000117,734,870,-136
106000118,715,871,-156
106000119,2540,1220,1320
106000120,586,574,12
106000121,74,207,-133
106000122,39,357,-318
106000123,108,328,-220
106000124,27,422,-395
106000125,16,386,-370
106000126,74,226,-152
106000127,257,955,-698
106000128,250,331,-81
106000129,233,794,-561
106000130,351,397,-46
106000131,57,532,-475
106000132,820,185,635
106000133,4097,797,3300
106000134,744,1983,-1239
106000135,116,893,-777
106000136,407,415,-8
106000137,63,1619,-1556
106000138,526,78,448
106000139,22,103,-81
106000140,38,113,-75
106000141,23,169,-146
106000142,29,84,-55
106000143,4,144,-140
106000144,15,38,-23
106000145,77,492,-415
106000146,122,197,-75
106000147,265,463,-198
106000148,705,785,-80
106000149,321,342,-21
106000150,351,1591,-1240
106000151,4486,793,3693
106000152,1553,992,561
106000153,47,1398,-1351
106000154,1428,200,1228
106000155,20,156,-136
106000156,351,311,40
106000157,394,2026,-1632
106000158,3260,674,2586
106000159,5026,1314,3712
106000160,129,1199,-1070
106000161,1211,515,696
106000162,147,541,-394
106000163,177,670,-493
106000164,152,380,-228
106000165,88,896,-808
106000166,263,367,-104
106000167,116,1595,-1479
106000168,79,272,-193
106000169,97,939,-842
106000170,196,276,-80
106000171,52,985,-933
106000172,1848,857,991
106000173,557,2639,-2082
106000174,598,259,339
106000175,306,1114,-808
106000176,787,529,258
106000177,457,2157,-1700
106000178,2567,1269,1298
106000179,921,1876,-955
106000180,761,1944,-1183
106000181,262,2025,-1763
106000182,330,743,-413
106000183,403,1142,-739
106000184,822,1070,-248
106000185,498,870,-372
106000186,838,215,623
106000187,184,749,-565
106000188,0,11,-11
106000189,1,62,-61
106000190,6,2,4
106000191,584,179,405
106000192,0,28,-28
106000193,256,139,117
106000194,154,506,-352
106000195,741,107,634
106000196,132,314,-182
106000197,143,365,-222
106000198,139,307,-168
106000199,995,707,288
106000200,441,147,294
106000201,495,887,-392
106000202,7731,486,7245
106000203,244,155,89
106000204,19,5,14
106000205,10,147,-137
106000206,24,11,13
106000207,47,1028,-981
106000208,396,43,353
106000209,605,170,435
106000210,194,1417,-1223
106000211,287,1550,-1263
106000212,260,105,155
106000213,705,1092,-387
106000214,2232,389,1843
106000215,173,456,-283
106000216,275,334,-59
106000217,153,417,-264
106000218,273,312,-39
106000219,62,307,-245
106000220,281,297,-16
106000221,38,348,-310
106000222,17,243,-226
106000223,47,148,-101
106000224,91,388,-297
106000225,22,63,-41
106000226,88,342,-254
106000228,13,131,-118
106000229,63,853,-790
106000231,259,85,174
106000232,42,440,-398
106000233,292,70,222
106000234,37,258,-221
106000235,397,53,344
106000236,112,43,69
106000237,0,6,-6
106000238,12,2,10
106000239,3,60,-57
106000240,33,0,33
106000241,10,646,-636
106000242,81,11,70
106000249,28,52,-24
106000250,31,385,-354
106000251,54,23,31
106000252,29,141,-112
106000253,26,51,-25
106000254,19,74,-55
106000255,17,85,-68
106000256,55,106,-51
106000257,114,350,-236
106000258,149,7,142
106000259,0,25,-25
106000260,4,7,-3
106000261,0,66,-66
106000262,33,5,28
106000263,0,83,-83
106000264,76,1,75
106000265,6,177,-171
106000266,74,11,63
106000267,4,114,-110
106000268,253,12,241
106000269,55,43,12
106000270,149,387,-238
106000271,70,154,-84
106000272,65,60,5
106000273,16,151,-135
106000274,127,50,77
106000275,87,189,-102
106000276,109,54,55
106000277,84,126,-42
106000278,117,46,71
106000279,8,63,-55
106000280,20,159,-139
106000281,44,69,-25
106000282,60,50,10
106000283,57,113,-56
106000284,47,97,-50
106000285,49,171,-122
106000286,44,126,-82
106000287,37,106,-69
106000288,54,127,-73
106000289,46,107,-61
106000290,45,119,-74
106000291,41,87,-46
106000292,44,181,-137
106000293,71,86,-15
106000294,76,106,-30
106000295,18,42,-24
106000296,64,109,-45
106000297,53,151,-98
106000298,124,69,55
106000299,58,124,-66
106000300,32,89,-57
106000301,47,89,-42
106000303,12,59,-47
106000304,51,44,7
106000305,19,45,-26
106000306,47,82,-35
106000307,12,30,-18
106000308,31,222,-191
106000309,25,103,-78
106000310,136,558,-422
106000311,113,121,-8
106000312,39,188,-149
106000313,38,223,-185
106000318,136,155,-19
106000319,265,25,240
106000320,3,49,-46
106000321,326,46,280
106000322,39,231,-192
106000324,3,184,-181
106000325,623,819,-196
106000326,690,1996,-1306
106000327,62,251,-189
106000328,4,111,-107
106000329,25,269,-244
106000330,44,45,-1
106000428,34,191,-157
106000429,84,474,-390
106000430,213,1498,-1285
106000431,511,275,236
106000432,1086,2436,-1350
106000433,707,596,111
106000434,1597,574,1023
106000435,2006,2371,-365
106000436,16,349,-333
106000437,127,14,113
106000438,373,81,292
106000439,91,497,-406
106000440,222,558,-336
106000441,3,2,1
106000442,33,3,30
106000443,39,701,-662
106000450,3,213,-210
106000451,26,9,17
106000454,1,49,-48
106000455,7,130,-123
106000456,69,24,45
106000457,6,1323,-1317
106000458,133,127,6
106000459,23,557,-534
106000460,260,22,238
106000461,19,2409,-2390
106000462,0,6,-6
106000463,2,21,-19
106000464,3,720,-717
106000465,121,2,119
106000466,2,822,-820
106000467,462,547,-85
106000468,34,243,-209
106000469,184,2,182
106000470,206,1142,-936
106000471,14,702,-688
106000472,55,5,50
106000473,10,28,-18
106000474,182,804,-622
106000475,132,137,-5
106000476,157,115,42
106000477,8,82,-74
106900001,0,16,-16
106900002,0,609,-609
106900003,201,703,-502
106900004,0,47,-47
106900006,1,27,-26
106900007,0,11,-11
106900008,59,293,-234
106900009,71,365,-294
106900010,82,333,-251
106900012,1739,1244,495
106900013,422,20,402
106900014,9,1,8
106900015,11,0,11
106900016,55,1,54
106900017,2,0,2
106900018,0,0,0
106900019,11,0,11
106900020,2539,387,2152
106900021,9,22,-13
106900022,104,0,104
106900023,5,282,-277
106900024,339,12,327
106900025,49,549,-500
106900026,6,894,-888
106900027,127,5,122
107000001,1659,1407,252
107000002,2723,4318,-1595
107000003,3600,4700,-1100
107000004,5901,7140,-1239
107000005,1417,2965,-1548
107000006,3356,8006,-4650
107000007,4709,4568,141
107000008,23033,13160,9873
107000009,4193,4129,64
107000010,11872,14351,-2479
107000011,1025,1580,-555
107000012,4305,4247,58
107000013,66,212,-146
107000014,11,382,-371
107000015,256,979,-723
107000016,260,1449,-1189
107000017,5428,1073,4355
107000018,10,369,-359
107000020,3927,467,3460
107000021,1467,1303,164
107000022,1511,2254,-743
107000023,2180,413,1767
107000024,634,3076,-2442
107000025,137,428,-291
107000026,125,964,-839
107000027,898,842,56
107000028,1230,1940,-710
107000029,1153,1494,-341
107000030,3345,3802,-457
107000031,1731,1676,55
107000032,236,897,-661
107000033,5400,6663,-1263
107000034,6863,2494,4369
107000035,425,210,215
107000036,354,883,-529
107000037,42,670,-628
107000038,264,344,-80
107000039,371,485,-114
107000040,117,435,-318
107000041,1156,576,580
107000042,628,1766,-1138
107000043,2886,826,2060
107000044,505,512,-7
107000045,105,340,-235
107000046,363,351,12
107000047,321,946,-625
107000048,411,327,84
107000049,342,738,-396
107000050,535,456,79
107000051,460,270,190
107000052,850,609,241
107000053,266,134,132
107000054,73,255,-182
107000055,86,63,23
107000056,397,766,-369
107000057,1469,251,1218
107000058,1336,1486,-150
107000059,1766,2728,-962
107000060,2665,4663,-1998
107000061,4898,4222,676
107000062,1567,2751,-1184
107000063,2777,6341,-3564
107000064,2001,1873,128
107000065,3216,6621,-3405
107000066,1649,2179,-530
107000067,660,979,-319
107000068,1374,556,818
107000069,344,378,-34
107000070,167,1,166
107000071,726,13,713
107000072,29,4208,-4179
107000073,181,101,80
107000074,124,1128,-1004
107000075,622,131,491
107000076,740,2241,-1501
107000077,1374,280,1094
107000078,1389,4014,-2625
107000079,1129,352,777
107000080,926,3813,-2887
107000081,569,401,168
107000082,394,3314,-2920
107000083,611,193,418
107000084,449,3276,-2827
107000085,2739,3071,-332
107000086,3704,2843,861
107000087,1805,2077,-272
107000088,2394,3115,-721
107000089,973,1713,-740
107000090,927,1123,-196
107000091,577,1030,-453
107000092,443,1238,-795
107000093,568,785,-217
107000094,582,1594,-1012
107000095,400,549,-149
107000096,482,1119,-637
107000097,235,225,10
107000098,225,713,-488
107000099,349,230,119
107000100,255,369,-114
107000101,24,103,-79
107000102,332,377,-45
107000103,220,154,66
107000104,208,379,-171
107000105,160,93,67
107000106,111,376,-265
107000107,270,161,109
107000108,78,1138,-1060
107000109,301,122,179
107000110,51,622,-571
107000111,69,18,51
107000112,22,356,-334
107000113,213,103,110
107000114,37,713,-676
107000115,126,61,65
107000116,62,1121,-1059
107000117,58,173,-115
107000118,77,253,-176
107000119,1655,739,916
107000120,2316,411,1905
107000121,206,567,-361
107000122,554,908,-354
107000123,139,851,-712
107000124,250,930,-680
107000125,311,915,-604
107000126,371,1326,-955
107000129,161,599,-438
107000130,177,342,-165
107000131,296,684,-388
107000132,299,290,9
107000133,647,189,458
107000134,93,5,88
107000135,1,199,-198
107000136,254,4,250
107000137,13,377,-364
107000138,237,19,218
107000139,10,325,-315
107000140,580,39,541
107000141,107,827,-720
107000142,198,21,177
107000143,58,1028,-970
107000144,296,133,163
107000145,101,620,-519
107000146,138,185,-47
107000147,2686,741,1945
107000150,1060,1850,-790
107000151,32,30,2
107000152,518,321,197
107000153,375,255,120
107000154,98,27,71
107000155,805,26,779
107000156,837,28,809
107000157,34,3494,-3460
107000158,236,27,209
107000159,26,1730,-1704
107000160,307,82,225
107000161,72,2338,-2266
107000162,101,303,-202
107000163,17,3,14
107000164,94,1,93
107000165,184,0,184
107000166,43,1568,-1525
107000167,216,273,-57
107000168,392,222,170
107000169,872,1322,-450
107000170,644,422,222
107000171,559,3600,-3041
107000172,532,630,-98
107000173,871,1470,-599
107000174,1074,2112,-1038
107000175,13476,1826,11650
107000176,0,0,0
107000177,0,0,0
107000178,2,39,-37
107000179,152,3535,-3383
107000180,504,371,133
107000181,154,1484,-1330
107000182,496,789,-293
107000183,56,1260,-1204
107000184,299,812,-513
107000185,117,1636,-1519
107000186,337,363,-26
107000187,1076,1180,-104
107000188,367,352,15
107000189,312,832,-520
107000190,264,705,-441
107000191,329,993,-664
107000192,874,1035,-161
107000193,300,339,-39
107000194,677,833,-156
107000197,310,223,87
107000198,126,901,-775
107000199,665,830,-165
107000200,1065,567,498
107000201,346,298,48
107000202,226,609,-383
107000203,765,661,104
107000204,763,692,71
107000205,3139,1643,1496
107000206,848,977,-129
107000207,644,895,-251
107000208,1499,276,1223
107000209,2185,439,1746
107000210,1636,206,1430
107000211,4,16,-12
107000212,6,181,-175
107000213,12,30,-18
107000214,14,107,-93
107000215,203,626,-423
107000216,101,564,-463
107000217,122,174,-52
107000219,63,140,-77
107000220,94,413,-319
107000222,311,717,-406
107000224,248,31,217
107000225,155,1053,-898
107000226,117,63,54
107000227,57,743,-686
107000228,107,169,-62
107000229,223,122,101
107000230,919,504,415
107000231,882,351,531
107000232,40,68,-28
107000233,390,253,137
107000234,4,12,-8
107000235,29,3,26
107000236,13,697,-684
107000237,10,0,10
107000238,6,3,3
107000239,7217,372,6845
107000240,43,1488,-1445
107000241,112,15,97
107000242,684,86,598
107000243,0,64,-64
107000244,3,88,-85
107000246,7,1306,-1299
107000249,1,1007,-1006
107000251,0,416,-416
107000252,3,1811,-1808
107000255,759,73,686
107000257,1,826,-825
107000258,1,129,-128
107000259,1,309,-308
107000260,126,5,121
107000262,13,1100,-1087
107000263,61,3,58
107000266,2,4,-2
107000267,47,227,-180
107000268,141,204,-63
107000269,143,35,108
107000270,1,11,-10
107000271,6,1314,-1308
107000272,5,326,-321
107000273,1,295,-294
107000274,1625,490,1135
107000275,50,952,-902
107000280,217,17,200
107000281,33,1502,-1469
107000282,15,1922,-1907
107000290,1,63,-62
107000291,14,23,-9
107000292,8,32,-24
107000293,117,8,109
107000294,1,51,-50
107000295,51,4,47
107000296,0,6,-6
107000444,121,6,115
107000496,1,24,-23
107000497,1152,4057,-2905
107000500,203,412,-209
107000501,89,210,-121
107000502,92,454,-362
107000505,501,775,-274
107000506,0,6,-6
107000508,3,886,-883
107000509,201,606,-405
107000510,20,11,9
107000514,50,280,-230
107000515,11,408,-397
107000516,97,151,-54
107000518,336,257,79
107000519,3894,1426,2468
107000520,32,10,22
107900001,16,297,-281
107900002,16,0,16
107900003,33,3,30
107900004,16,1,15
107900005,235,1,234
107900006,16,1,15
107900007,69,7,62
107900008,27,41,-14
107900009,84,1,83
107900010,7,1,6
107900012,166,6,160
107900013,168,57,111
107900014,9,3,6
107900015,188,2,186
107900016,491,125,366
107900017,6,4,2
107900018,19,16,3
107900019,4,87,-83
107900020,119,20,99
107900021,17,165,-148
107900023,1,0,1
107900024,0,45,-45
107900025,185,429,-244
107900026,8,134,-126
107900027,19,152,-133
107900028,14,121,-107
107900030,86,10,76
107900031,24,254,-230
107900032,0,0,0
107900033,3,3,0
107900034,122,4,118
107900035,294,7,287
107900036,9,1,8
107900037,3,45,-42
107900038,122,61,61
107900039,2,69,-67
107900040,114,37,77
107900041,0,0,0
107900043,25,112,-87
107900044,19,6,13
107900045,27,11,16
107900046,57,22,35
107900047,2,121,-119
107900048,55,3,52
107900049,278,1059,-781
107900050,103,316,-213
107900051,40,76,-36
107900052,8,3,5
107900053,7,79,-72
107900055,236,123,113
107900056,48,11,37
107900057,0,0,0
107900058,27,822,-795
107900060,8,44,-36
107900061,14,6,8
107900063,68,157,-89
107900064,183,25,158
107900065,61,13,48
107900066,5,7,-2
107900067,0,0,0
107900068,88,211,-123
107900069,26,326,-300
107900070,20,14,6
107900071,12,1183,-1171
107900072,17,247,-230
107900073,68,170,-102
107900074,901,89,812
107900076,35,74,-39
107900077,20,1,19
107900078,164,9,155
107900079,4,12,-8
107900080,85,180,-95
107900081,8,84,-76
107900082,23,7,16
107900083,137,93,44
107900084,37,79,-42
107900086,17,51,-34
107900087,240,22,218
107900088,5,7,-2
107900089,330,1118,-788
107900090,421,438,-17
107900091,124,500,-376
107900092,2301,571,1730
107900093,42,69,-27
107900095,3139,937,2202
107900097,17,35,-18
107900098,42,120,-78
107900100,881,376,505
107900101,1034,85,949
107900102,9,6,3
107900103,27,217,-190
107900104,104,2,102
107900105,2,657,-655
107900106,1,1659,-1658
107900107,1855,100,1755
107900108,298,51,247
107900109,238,3,235
107900110,4,95,-91
107900111,12,1842,-1830
107900112,70,201,-131
107900113,46,158,-112
107900114,32,218,-186
107900115,1,37,-36
107900116,31,233,-202
107900117,215,449,-234
107900118,48,116,-68
107900119,29,173,-144
107900120,15,5,10
107900121,2,241,-239
107900122,7,79,-72
107900123,3,28,-25
107900124,12,89,-77
107900125,25,213,-188
107900126,0,29,-29
107900127,743,81,662
107900128,77,36,41
107900129,6,47,-41
107900130,15,39,-24
107900131,145,24,121
107900132,64,457,-393
107900133,1,78,-77
107900134,11,11,0
107900135,1,200,-199
107900136,66,29,37
107900137,158,64,94
107900138,29,25,4
107900139,3,36,-33
107900140,84,64,20
107900141,58,7,51
107900142,110,1125,-1015
107900143,75,41,34
107900144,1,164,-163
107900145,20,153,-133
107900146,41,114,-73
107900147,9,18,-9
107900148,113,190,-77
107900149,2183,86,2097
107900150,70,800,-730
107900151,6,109,-103
107900152,5,401,-396
107900153,91,162,-71
107900154,7,6,1
107900155,7,38,-31
107900156,4,428,-424
107900157,35,74,-39
107900158,147,10,137
107900159,54,1176,-1122
107900160,29,203,-174
107900161,4,236,-232
107900162,0,281,-281
107900163,132,48,84
107900164,1,18,-17
107900165,7,26,-19
107900166,13,294,-281
107900167,49,7,42
107900168,15,68,-53
107900169,2,263,-261
107900171,7,1839,-1832
107900172,0,398,-398
107900173,4,196,-192
107900174,23,7,16
107900175,4,4,0
107900176,5,52,-47
107900177,3,333,-330
107900178,0,351,-351
107900179,2,159,-157
107900180,1275,100,1175
107900181,335,486,-151
107900182,7,1864,-1857
107900183,10,443,-433
107900184,103,327,-224
107900185,20,1,19
107900186,6,48,-42
107900187,0,147,-147
107900188,955,64,891
107900189,8,161,-153
107900190,181,24,157
107900191,18,156,-138
107900193,2,15,-13
107900194,38,3,35
107900195,4897,463,4434
107900196,48,112,-64
107900197,406,62,344
107900199,3,1383,-1380
107900201,48,126,-78
107900203,5,61,-56
107900204,286,254,32
107900205,153,456,-303
107900206,254,144,110
107900207,1,744,-743
107900208,4,1066,-1062
107900209,402,151,251
107900210,42,96,-54
107900213,226,358,-132
107900214,7,214,-207
107900215,150,279,-129
107900216,33,34,-1
107900217,26,43,-17
107900218,20,2053,-2033
107900219,8,172,-164
107900220,152,58,94
107900221,148,242,-94
107900223,60,692,-632
107900224,101,254,-153
107900225,4,876,-872
107900226,18,98,-80
107900227,84,598,-514
107900228,4,137,-133
107900229,3,339,-336
107900230,2,177,-175
107900231,8,213,-205
107900232,20,284,-264
107900233,11,148,-137
107900234,21,168,-147
107900235,36,126,-90
107900236,27,122,-95
107900237,112,526,-414
107900238,9,90,-81
107900239,1259,358,901
107900240,4,248,-244
107900241,6,108,-102
107900242,6,486,-480
107900243,0,44,-44
107900244,130,2,128
107900245,107,35,72
107900246,26,0,26
107900248,144,723,-579
107900249,151,13,138
107900250,5,686,-681
107900251,21,1453,-1432
107900252,210,29,181
107900253,21,1,20
107900254,33,402,-369
107900255,656,97,559
107900256,1460,792,668
107900257,101,94,7
107900258,40,247,-207
107900259,93,423,-330
107900261,2,547,-545
107900262,30,113,-83
107900264,39,0,39
107900265,80,281,-201
107900267,38,8,30
107900268,89,13,76
107900269,0,9,-9
107900270,0,0,0
107900271,3,1,2
107900272,130,4,126
107900273,61,103,-42
107900274,16,0,16
107900275,7,0,7
107900276,3,48,-45
107900277,2,235,-233
107900278,64,365,-301
107900279,125,67,58
107900280,2280,954,1326
107900281,3744,662,3082
107900282,30,142,-112
107900283,1634,323,1311
107900284,74,907,-833
107900285,23,158,-135
107900286,117,52,65
107900287,46,94,-48
107900290,0,38,-38
107900291,137,7,130
107900292,116,269,-153
107900293,26,492,-466
107900295,7,163,-156
107900297,2,302,-300
107900298,669,992,-323
107900299,4000,1010,2990
107900300,22,144,-122
107900301,662,157,505
107900302,55,16,39
107900303,35,312,-277
107900304,63,539,-476
107900305,106,4,102
107900306,9,1,8
107900307,23,320,-297
107900308,220,16,204
107900309,5,0,5
107900310,2,0,2
107900311,67,70,-3
107900312,0,0,0
107900313,1,85,-84
107900314,0,56,-56
107900315,0,57,-57
107900316,5,0,5
107900317,13,0,13
107900318,6,120,-114
107900319,1,292,-291
107900320,3,200,-197
107900321,23,3,20
107900322,0,227,-227
107900323,0,146,-146
107900324,75,1,74
107900325,30,0,30
107900326,48,439,-391
107900327,0,3,-3
107900328,1,1,0
107900329,3,0,3
107900330,8,533,-525
107900331,48,22,26
107900332,41,29,12
107900333,14,15,-1
107900334,10,230,-220
107900335,26,39,-13
107900336,9,23,-14
107900337,1321,347,974
107900338,0,157,-157
107900339,0,35,-35
107900340,0,35,-35
107900341,14,0,14
107900342,61,109,-48
107900343,16,1,15
107900344,2,177,-175
107900345,38,24,14
107900346,4,0,4
107900347,17,4,13
107900348,5,0,5
107900349,8,1,7
107900350,43,346,-303
108000001,2078,1963,115
108000002,2422,3484,-1062
108000003,2246,1335,911
108000004,16459,16012,447
108000005,3152,2168,984
108000006,4860,6435,-1575
108000007,3639,2617,1022
108000008,4495,6300,-1805
108000009,1621,2209,-588
108000010,2113,5600,-3487
108000011,7536,5707,1829
108000012,16880,16430,450
108000014,305,389,-84
108000015,247,274,-27
108000016,106,562,-456
108000017,340,335,5
108000018,653,407,246
108000019,1095,499,596
108000020,544,300,244
108000021,293,1704,-1411
108000022,480,1415,-935
108000023,632,124,508
108000024,98,743,-645
108000025,68,178,-110
108000026,167,672,-505
108000027,154,519,-365
108000028,104,303,-199
108000029,158,785,-627
108000030,237,197,40
108000031,102,756,-654
108000032,509,357,152
108000033,336,1372,-1036
108000034,676,315,361
108000035,696,2705,-2009
108000036,222,1551,-1329
108000037,755,254,501
108000038,987,280,707
108000039,300,2629,-2329
108000040,689,318,371
108000041,589,2876,-2287
108000042,43,286,-243
108000043,100,301,-201
108000044,122,221,-99
108000045,124,909,-785
108000046,617,186,431
108000047,231,1280,-1049
108000048,82,559,-477
108000049,238,116,122
108000050,81,521,-440
108000051,101,38,63
108000052,274,769,-495
108000053,116,81,35
108000054,412,927,-515
108000055,491,250,241
108000056,776,1023,-247
108000057,395,500,-105
108000058,1346,1348,-2
108000059,2989,1764,1225
108000060,47,306,-259
108000061,143,325,-182
108000062,282,334,-52
108000063,264,677,-413
108000064,65,272,-207
108000065,255,661,-406
108000066,1006,549,457
108000067,792,357,435
108000068,389,300,89
108000069,125,1207,-1082
108000070,655,449,206
108000071,338,1974,-1636
108000072,710,588,122
108000073,1187,2029,-842
108000074,142,215,-73
108000075,175,809,-634
108000076,355,282,73
108000077,474,943,-469
108000078,1075,823,252
108000079,1064,2128,-1064
108000080,459,459,0
108000081,399,3458,-3059
108000082,940,1657,-717
108000083,1218,498,720
108000084,210,1219,-1009
108000085,187,188,-1
108000086,773,864,-91
108000087,137,905,-768
108000088,40,1,39
108000089,147,259,-112
108000090,122,104,18
108000091,71,621,-550
108000092,67,63,4
108000093,61,925,-864
108000094,235,92,143
108000095,64,671,-607
108000096,117,140,-23
108000097,59,628,-569
108000098,427,1498,-1071
108000099,108,83,25
108000100,25,206,-181
108000101,942,760,182
108000102,787,1369,-582
108000106,411,1,410
108000107,3,694,-691
108000108,202,24,178
108000109,7,844,-837
108000110,55,294,-239
108000111,86,647,-561
108000112,37,96,-59
108000113,507,358,149
108000115,376,331,45
108000117,684,218,466
108000118,102,108,-6
108000119,637,432,205
108000120,80,380,-300
108000121,113,628,-515
108000122,210,213,-3
108000123,341,353,-12
108000124,198,599,-401
108000125,74,431,-357
108000126,39,763,-724
108000127,113,429,-316
108000128,158,1003,-845
108000129,152,1757,-1605
108000130,152,410,-258
108000131,405,139,266
108000132,1284,1286,-2
108000133,389,292,97
108000134,652,979,-327
108000135,339,235,104
108000136,825,1482,-657
108000137,114,445,-331
108000138,174,1202,-1028
108000139,56,430,-374
108000140,21,23,-2
108000141,7,186,-179
108000142,16,95,-79
108000143,22,21,1
108000144,11,15,-4
108000145,18,19,-1
108000146,27,5,22
108000147,54,49,5
108000148,33,4,29
108000149,10,38,-28
108000150,18,1,17
108000151,8,5,3
108000152,60,745,-685
108000153,82,89,-7
108000154,34,12,22
108000155,1,13,-12
108000156,321,77,244
108000157,84,281,-197
108000158,37,287,-250
108000159,575,89,486
108000160,5101,540,4561
108000161,5389,993,4396
108000165,5,80,-75
108000172,1,109,-108
108000173,2783,887,1896
108000175,72,85,-13
108000178,364,412,-48
108000179,192,501,-309
108000181,33,30,3
108000182,119,11,108
108000183,21,19,2
108000184,1125,878,247
108000185,32,820,-788
108000186,77,58,19
108000187,41,966,-925
108000188,170,245,-75
108000189,374,515,-141
108000190,13,122,-109
108000192,39,661,-622
108000193,575,41,534
108000194,8,3,5
108000195,4,1152,-1148
108000196,148,75,73
108000198,218,470,-252
108000199,0,80,-80
108000200,112,830,-718
108000202,1,169,-168
108000203,18,1176,-1158
108000204,39,15,24
108000205,575,617,-42
108000339,1745,252,1493
108000364,197,146,51
108000365,26,401,-375
108000367,100,371,-271
108000368,5,46,-41
108000369,1729,107,1622
108000371,0,623,-623
108000372,154,0,154
108000373,64,162,-98
108000376,49,7,42
108000377,139,382,-243
108000378,7967,5186,2781
108000379,31,120,-89
108000381,11,11,0
108000382,34,0,34
108000383,0,87,-87
108900001,156,1302,-1146
108900002,247,39,208
108900003,349,987,-638
108900004,11,100,-89
108900005,17,70,-53
108900006,318,114,204
108900007,57,162,-105
108900008,23,146,-123
108900009,12,101,-89
108900010,51,148,-97
108900011,125,299,-174
108900012,126,506,-380
108900013,20,218,-198
108900014,2,69,-67
108900015,0,22,-22
108900016,1,141,-140
108900017,87,142,-55
108900018,56,534,-478
108900019,38,1405,-1367
108900020,12,338,-326
108900021,51,314,-263
108900022,19,3,16
108900023,1,23,-22
108900024,5,157,-152
108900025,14,111,-97
108900026,10,86,-76
108900027,1,169,-168
108900028,32,603,-571
108900029,20,373,-353
108900030,0,185,-185
108900031,14,727,-713
108900032,6,309,-303
108900033,0,87,-87
108900034,2,277,-275
108900035,207,2062,-1855
108900036,136,430,-294
108900037,20,524,-504
108900038,1,513,-512
108900039,1,704,-703
108900040,3,109,-106
108900041,5715,1499,4216
108900042,4,248,-244
108900043,34,478,-444
108900044,5,907,-902
108900045,22,766,-744
108900046,56,1218,-1162
108900047,1,71,-70
108900048,34,1048,-1014
108900049,5793,732,5061
108900050,4,346,-342
108900051,0,230,-230
108900052,2,301,-299
108900053,83,90,-7
108900054,15,243,-228
108900055,48,506,-458
108900056,1,201,-200
108900057,0,193,-193
108900058,10,610,-600
108900059,148,7,141
108900060,27,59,-32
108900061,28,12,16
108900062,3,410,-407
108900063,3,576,-573
108900064,36,56,-20
108900065,7,329,-322
108900066,98,118,-20
108900067,19,338,-319
108900068,1,160,-159
108900069,13,160,-147
108900070,27,170,-143
108900071,20,53,-33
108900072,2711,160,2551
108900073,1,100,-99
108900074,29,549,-520
108900075,37,74,-37
108900076,75,73,2
108900077,65,151,-86
108900078,4,219,-215
108900079,763,256,507
108900080,2,224,-222
108900081,30,259,-229
108900082,18,140,-122
108900083,9,114,-105
108900084,338,114,224
108900085,1959,106,1853
108900086,16,380,-364
108900087,96,180,-84
108900088,355,185,170
108900089,7,45,-38
108900090,4,494,-490
108900091,168,129,39
108900092,156,185,-29
108900093,34,28,6
108900094,117,61,56
108900095,67,818,-751
108900096,471,34,437
108900097,132,211,-79
108900098,3653,226,3427
108900099,205,380,-175
108900100,33,107,-74
108900101,46,34,12
108900102,154,262,-108
108900103,5,38,-33
108900104,161,251,-90
108900105,3,294,-291
108900106,127,601,-474
108900108,102,11,91
108900109,4,21,-17
108900110,44,521,-477
108900111,112,765,-653
108900112,57,7,50
108900113,14,16,-2
108900114,0,2,-2
108900115,32,52,-20
108900116,22,5,17
108900117,28,18,10
108900118,127,5,122
108900119,50,27,23
108900120,26,153,-127
108900121,106,17,89
108900122,22,32,-10
108900123,28,24,4
108900124,195,72,123
108900125,86,3,83
108900126,39,1,38
108900127,46,12,34
108900128,15,6,9
108900129,291,38,253
108900130,68,0,68
108900131,133,2,131
108900132,108,43,65
108900133,84,29,55
108900134,70,219,-149
108900135,61,2,59
108900136,0,0,0
108900137,25,0,25
108900138,172,7,165
108900139,317,47,270
108900140,37,244,-207
108900141,54,4,50
108900142,23,1,22
108900143,5,0,5
108900144,11,0,11
108900145,28,1,27
108900146,5,1,4
108900147,31,0,31
108900148,54,24,30
108900149,347,342,5
108900150,118,2,116
108900151,13,0,13
108900152,16,4,12
108900153,21,564,-543
108900154,1990,259,1731
108900155,90,101,-11
108900156,20,5,15
108900157,7,688,-681
108900158,99,28,71
108900159,12,426,-414
108900160,7,221,-214
108900161,11,645,-634
108900162,12,0,12
108900163,2,93,-91
108900164,11,59,-48
108900165,164,55,109
108900167,1709,1262,447
108900168,10941,1417,9524
108900169,15,90,-75
108900171,9355,1018,8337
108900172,69,16,53
108900173,218,277,-59
108900174,217,337,-120
108900176,65,690,-625
108900177,10382,1771,8611
108900178,5757,981,4776
108900179,277,549,-272
108900180,49,92,-43
108900182,21,115,-94
108900183,137,170,-33
108900184,149,131,18
108900185,31,255,-224
108900186,38,299,-261
108900187,78,37,41
108900188,98,37,61
108900189,109,127,-18
108900190,15,3323,-3308
108900191,121,12,109
108900192,36,260,-224
108900193,114,18,96
108900194,16,350,-334
108900195,47,392,-345
108900196,12,569,-557
108900198,1,627,-626
108900199,79,278,-199
108900200,138,313,-175
108900201,187,1034,-847
108900203,137,10,127
108900204,135,2,133
108900205,155,5,150
108900206,99,12,87
108900207,50,19,31
108900208,19,383,-364
108900209,186,698,-512
108900210,113,183,-70
108900211,136,134,2
108900212,557,471,86
108900215,100,668,-568
108900216,226,82,144
108900217,22,0,22
108900218,47,2,45
108900219,18,1,17
108900220,8,8,0
108900221,27,32,-5
108900222,61,12,49
108900223,9,24,-15
108900224,31,64,-33
108900225,0,161,-161
108900226,88,8,80
108900227,36,78,-42
108900230,383,324,59
108900231,58,241,-183
108900232,2,480,-478
108900233,148,15,133
108900234,124,42,82
108900235,159,647,-488
108900236,19,423,-404
108900237,24,260,-236
108900240,33,66,-33
108900241,13,10,3
108900245,1,374,-373
108900249,47,5,42
108900250,98,130,-32
108900257,56,683,-627
108900258,9,293,-284
108900259,17,41,-24
108900260,7,104,-97
108900261,135,123,12
108900262,355,107,248
108900263,25,396,-371
108900264,263,191,72
108900265,1580,164,1416
108900266,1197,162,1035
108900267,0,28,-28
108900268,9,0,9
108900269,15,5,10
108900270,16,7,9
108900271,8,1,7
108900272,35,0,35
108900273,944,277,667
108900274,9,34,-25
109000001,2380,656,1724
109000002,3357,1322,2035
109000003,1223,410,813
109000004,386,2839,-2453
109000005,916,651,265
109000006,478,2267,-1789
109000007,611,460,151
109000008,289,2008,-1719
109000009,2252,655,1597
109000010,1157,3916,-2759
109000011,1283,1189,94
109000012,1280,4185,-2905
109000013,1972,1321,651
109000014,1439,3994,-2555
109000015,2125,2612,-487
109000016,9868,4471,5397
109000017,1194,805,389
109000018,542,3555,-3013
109000019,1173,704,469
109000020,1028,2285,-1257
109000023,175,11,164
109000024,0,160,-160
109000025,296,213,83
109000026,588,275,313
109000027,53,204,-151
109000028,63,101,-38
109000029,141,70,71
109000030,62,491,-429
109000031,61,76,-15
109000032,40,490,-450
109000033,178,57,121
109000034,53,18,35
109000035,8,11,-3
109000036,97,373,-276
109000037,150,417,-267
109000038,539,290,249
109000039,430,248,182
109000040,5363,2152,3211
109000041,5419,778,4641
109000042,925,934,-9
109000044,152,76,76
109000045,62,557,-495
109000046,125,76,49
109000047,27,465,-438
109000048,485,82,403
109000049,127,537,-410
109000050,225,172,53
109000051,254,346,-92
109000052,332,1940,-1608
109000053,85,169,-84
109000054,177,837,-660
109000055,55,169,-114
109000056,135,756,-621
109000057,157,172,-15
109000058,963,276,687
109000059,528,1167,-639
109000060,391,112,279
109000061,1865,433,1432
109000062,125,181,-56
109000063,158,265,-107
109000064,94,146,-52
109000065,59,445,-386
109000066,154,175,-21
109000067,37,524,-487
109000068,137,4,133
109000069,632,11,621
109000070,5,787,-782
109000071,166,84,82
109000072,72,386,-314
109000073,12,62,-50
109000074,28,252,-224
109000075,74,434,-360
109000076,43,101,-58
109000077,285,311,-26
109000078,19,166,-147
109000079,71,284,-213
109000080,45,131,-86
109000081,16,603,-587
109000082,163,331,-168
109000083,136,1001,-865
109000088,61,413,-352
109000089,75,24,51
109000090,164,523,-359
109000091,153,50,103
109000092,387,749,-362
109000093,139,66,73
109000094,95,3,92
109000095,63,727,-664
109000096,218,126,92
109000097,53,110,-57
109000098,19,37,-18
109000099,375,290,85
109000100,118,586,-468
109000101,545,828,-283
109000102,211,1077,-866
109000103,187,727,-540
109000104,580,538,42
109000105,258,1887,-1629
109000106,960,510,450
109000107,361,2265,-1904
109000108,635,396,239
109000109,282,2078,-1796
109000110,823,340,483
109000111,815,2550,-1735
109000112,265,206,59
109000113,123,221,-98
109000114,90,657,-567
109000115,818,27,791
109000116,3,254,-251
109000117,53,79,-26
109000118,8,378,-370
109000119,313,310,3
109000120,72,1434,-1362
109000121,101,60,41
109000122,49,1327,-1278
109000123,15,71,-56
109000124,210,429,-219
109000125,462,345,117
109000126,246,1257,-1011
109000127,312,171,141
109000128,254,2845,-2591
109000129,901,270,631
109000130,520,3022,-2502
109000131,392,172,220
109000132,481,1718,-1237
109000133,273,926,-653
109000134,439,1548,-1109
109000135,687,1167,-480
109000136,246,469,-223
109000137,113,303,-190
109000138,203,556,-353
109000139,144,421,-277
109000140,77,547,-470
109000141,161,470,-309
109000142,78,541,-463
109000143,38,34,4
109000145,52,74,-22
109000146,52,127,-75
109000148,4814,1038,3776
109000149,30,18,12
109000150,56,190,-134
109000155,225,430,-205
109000156,819,1072,-253
109000158,55,222,-167
109000159,51,658,-607
109000160,307,326,-19
109000161,208,1724,-1516
109000162,882,1114,-232
109000163,524,1824,-1300
109000164,572,2433,-1861
109000165,512,701,-189
109000166,316,120,196
109000167,56,880,-824
109000170,40,58,-18
109000171,28,52,-24
109000172,55,40,15
109000173,8,35,-27
109000174,15,54,-39
109000175,19,107,-88
109000176,108,353,-245
109000177,9,141,-132
109000178,231,349,-118
109000179,8386,2064,6322
109000180,6074,3423,2651
109000181,0,42,-42
109000182,18,68,-50
109000183,15,74,-59
109000184,11,16,-5
109000185,8,134,-126
109000188,988,3080,-2092
109000189,2532,1056,1476
109000190,377,517,-140
109000191,166,769,-603
109000192,90,347,-257
109000193,66,446,-380
109000194,38,191,-153
109000195,36,490,-454
109000196,137,90,47
109000197,72,549,-477
109000198,68,66,2
109000199,60,547,-487
109000206,81,35,46
109000207,37,41,-4
109000208,57,40,17
109000209,94,75,19
109000210,146,496,-350
109000211,140,476,-336
109000214,153,642,-489
109000215,42,55,-13
109000216,60,87,-27
109000217,123,90,33
109000218,175,110,65
109000221,173,1149,-976
109000222,344,52,292
109000223,157,197,-40
109000224,29,384,-355
109000225,26,44,-18
109000226,22,257,-235
109000227,505,1660,-1155
109000228,0,298,-298
109000231,4,551,-547
109000232,89,492,-403
109000236,112,822,-710
109000241,650,1807,-1157
109000242,560,1247,-687
109000293,5,13,-8
109000361,53,235,-182
109000364,296,683,-387
109000396,4,1028,-1024
109000397,120,6,114
109000399,65,548,-483
109000400,26,352,-326
109000403,59,184,-125
109000406,93,4,89
109000407,175,331,-156
109000408,2,715,-713
109000410,410,159,251
109000411,36,45,-9
109900001,45,0,45
109900002,265,4,261
109900003,39,1,38
109900004,589,218,371
109900005,8,5,3
109900006,126,234,-108
109900007,189,1080,-891
109900008,0,38,-38
109900009,59,1485,-1426
109900010,160,9,151
109900011,29,17,12
109900012,164,150,14
109900013,144,103,41
109900014,61,37,24
109900015,201,51,150
109900016,51,43,8
109900017,32,30,2
109900018,129,123,6
109900019,53,78,-25
109900020,11,5,6
109900021,3,4,-1
109900022,37,357,-320
109900023,3,2,1
109900024,1,1,0
109900025,9,64,-55
109900026,2,174,-172
109900027,5,6,-1
109900028,2755,305,2450
109900029,4,553,-549
109900030,6,1,5
109900031,2,93,-91
109900032,5,309,-304
109900033,2,564,-562
109900034,4,1,3
109900035,9,9,0
109900036,16,98,-82
109900037,10,525,-515
109900038,16,231,-215
109900039,5,0,5
109900040,11,849,-838
109900041,34,505,-471
109900042,30,585,-555
109900044,99,365,-266
109900045,16,10,6
109900046,17,50,-33
109900047,302,337,-35
109900048,2,76,-74
109900049,4,26,-22
109900050,1,311,-310
109900051,0,74,-74
109900052,23,333,-310
109900053,5,543,-538
109900054,251,98,153
109900055,22,263,-241
109900056,17,82,-65
109900057,4,281,-277
109900058,0,137,-137
109900059,191,38,153
109900060,165,168,-3
109900061,73,286,-213
109900062,0,273,-273
109900063,2,309,-307
109900064,89,165,-76
109900065,112,152,-40
109900066,201,1078,-877
109900067,2,426,-424
109900068,13,1,12
109900069,0,39,-39
109900070,53,378,-325
109900071,1,40,-39
109900072,7,167,-160
109900073,69,789,-720
109900074,4,70,-66
109900075,4,14,-10
109900076,15,321,-306
109900077,20,70,-50
109900078,82,219,-137
109900080,108,338,-230
109900081,2,86,-84
109900082,27,507,-480
109900083,5,42,-37
109900084,15,136,-121
109900085,120,1360,-1240
109900086,53,147,-94
109900087,98,270,-172
109900089,144,69,75
109900090,314,1005,-691
109900091,51,43,8
109900092,452,9,443
109900093,207,110,97
109900094,35,86,-51
109900095,195,225,-30
109900096,18,0,18
109900097,30,0,30
109900098,102,11,91
109900099,25,0,25
109900100,20,1,19
109900101,80,4,76
109900102,240,16,224
109900103,1,20,-19
109900104,117,1347,-1230
109900105,154,15,139
109900106,163,53,110
109900107,202,67,135
109900108,43,1479,-1436
109900109,13,325,-312
109900110,26,573,-547
109900111,152,1140,-988
109900112,270,1013,-743
109900113,242,218,24
109900114,717,156,561
109900115,31,52,-21
109900117,318,105,213
109900118,166,371,-205
109900119,485,318,167
109900120,14,2,12
109900121,163,73,90
109900122,111,2,109
109900123,4,129,-125
109900124,22,861,-839
109900125,4,242,-238
109900126,34,173,-139
109900128,39,62,-23
109900130,12317,897,11420
109900131,43,125,-82
109900132,37,231,-194
109900133,26,493,-467
109900134,42,40,2
109900135,385,52,333
109900136,31,196,-165
109900137,19,486,-467
109900138,31,82,-51
109900140,81,369,-288
109900142,287,231,56
109900145,0,63,-63
109900146,313,30,283
109900148,20,62,-42
109900149,32,40,-8
109900150,4,65,-61
109900151,3,55,-52
109900152,0,28,-28
109900153,0,32,-32
109900154,3,0,3
109900155,3,3,0
109900157,33,230,-197
109900158,40,117,-77
109900159,68,9,59
109900160,26,33,-7
109900161,102,52,50
109900162,76,36,40
109900163,695,248,447
109900164,23,251,-228
109900165,203,7,196
109900166,1,258,-257
109900167,87,752,-665
109900168,94,817,-723
109900169,63,126,-63
109900170,210,294,-84
109900171,33,85,-52
109900172,51,138,-87
109900173,4984,725,4259
109900174,17,152,-135
109900175,9,93,-84
109900176,52,255,-203
109900177,16,328,-312
109900178,2,93,-91
109900179,0,43,-43
109900180,3,2,1
110000001,533,524,9
110000002,345,488,-143
110000003,863,583,280
110000004,437,542,-105
110000005,760,1077,-317
110000006,627,378,249
110000007,106,188,-82
110000008,10,48,-38
110000009,17,47,-30
110000010,19,98,-79
110000011,22,96,-74
110000012,557,431,126
110000013,17,312,-295
110000014,574,343,231
110000015,403,562,-159
110000016,218,769,-551
110000017,5089,283,4806
110000018,3643,524,3119
110000019,15,299,-284
110000020,525,272,253
110000021,587,490,97
110000022,760,177,583
110000023,6,232,-226
110000024,562,446,116
110000025,67,1,66
110000026,12,806,-794
110000027,352,327,25
110000028,565,892,-327
110000029,236,874,-638
110000030,173,357,-184
110000031,103,629,-526
110000032,373,512,-139
110000033,79,134,-55
110000034,208,1415,-1207
110000035,272,1281,-1009
110000036,366,1391,-1025
110000037,77,1142,-1065
110000038,142,1024,-882
110000039,420,1453,-1033
110000040,272,581,-309
110000041,69,507,-438
110000042,57,460,-403
110000043,274,74,200
110000044,74,95,-21
110000045,444,54,390
110000046,3,5,-2
110000047,3,8,-5
110000048,5,7,-2
110000049,7,2,5
110000050,4,7,-3
110000051,8,2,6
110000052,14,46,-32
110000053,22,2,20
110000054,241,415,-174
110000055,382,15,367
110000056,66,70,-4
110000057,225,768,-543
110000058,431,726,-295
110000059,486,575,-89
110000060,331,911,-580
110000061,940,985,-45
110000062,645,792,-147
110000063,15,76,-61
110000064,57,131,-74
110000065,50,113,-63
110000066,19,65,-46
110000067,57,320,-263
110000068,59,577,-518
110000069,84,193,-109
110000071,32,258,-226
110000073,2,51,-49
110000075,7,166,-159
110000076,284,198,86
110000077,391,577,-186
110000078,5,88,-83
110000080,147,685,-538
110000081,9,356,-347
110000082,10,235,-225
110000083,161,696,-535
110000084,486,409,77
110000085,3805,1490,2315
110000086,1854,614,1240
110000087,5,58,-53
110000088,51,229,-178
110000089,164,157,7
110000090,52,269,-217
110000091,1740,343,1397
110000092,15,96,-81
110000093,32,4,28
110000094,368,319,49
110000095,90,420,-330
110000096,3861,1855,2006
110000097,699,678,21
110000098,1180,368,812
110000099,844,1632,-788
110000100,150,1077,-927
110000101,18,762,-744
110000102,18,30,-12
110000104,93,33,60
110000105,49,287,-238
110000106,185,113,72
110000107,300,503,-203
110000108,118,28,90
110000109,279,297,-18
110000110,5689,2783,2906
110000111,9777,1527,8250
110000112,1424,318,1106
110000113,1102,643,459
110000114,74,249,-175
110000115,137,301,-164
110000116,14,32,-18
110000117,120,672,-552
110000118,216,374,-158
110000119,121,485,-364
110000120,201,197,4
110000121,75,340,-265
110000122,230,613,-383
110000123,173,389,-216
110000124,3,1169,-1166
110000125,491,4,487
110000126,118,8,110
110000127,320,31,289
110000128,18,2087,-2069
110000129,5,645,-640
110000130,57,80,-23
110000131,78,367,-289
110000132,3,932,-929
110000133,33,276,-243
110000134,18,273,-255
110000135,128,40,88
110000136,12,371,-359
110000137,281,746,-465
110000138,317,1048,-731
110000139,485,1812,-1327
110000140,522,214,308
110000143,769,344,425
110000144,4528,846,3682
110000145,1389,780,609
110000146,3101,1107,1994
110000147,162,596,-434
110000148,209,375,-166
110000151,1125,734,391
110000152,1039,224,815
110000153,26,87,-61
110000154,39,11,28
110000155,2076,1545,531
110000156,749,1031,-282
110000157,2026,1360,666
110000160,301,453,-152
110000161,166,600,-434
110000166,146,124,22
110000167,457,420,37
110000168,555,177,378
110000169,180,258,-78
110000170,67,131,-64
110000171,420,320,100
110000172,110,1008,-898
110000173,937,1473,-536
110000174,57,1541,-1484
110000175,318,161,157
110000176,82,267,-185
110000177,108,857,-749
110000178,584,759,-175
110000179,1322,315,1007
110000180,61,309,-248
110000181,157,458,-301
110000182,395,273,122
110000183,13012,4081,8931
110000184,661,1627,-966
110000185,1479,663,816
110000186,640,541,99
110000191,199,421,-222
110000192,201,8,193
110000193,158,1,157
110000194,6,1392,-1386
110000195,89,544,-455
110000196,118,581,-463
110000197,20,274,-254
110000198,58,84,-26
110000199,40,98,-58
110000200,1590,758,832
110000201,757,380,377
110000202,629,314,315
110000203,573,833,-260
110000204,2,317,-315
110000205,20,88,-68
110000206,530,1831,-1301
110000207,282,268,14
110000208,204,89,115
110000209,90,761,-671
110000210,313,647,-334
110000211,971,637,334
110000212,215,866,-651
110000213,31,73,-42
110000214,67,147,-80
110000215,37,733,-696
110000216,23,802,-779
110000217,90,263,-173
110000218,67,616,-549
110000219,96,106,-10
110000220,7,540,-533
110000221,114,137,-23
110000222,9,385,-376
110000223,4,64,-60
110000224,67,13,54
110000225,109,521,-412
110000226,106,21,85
110000227,447,359,88
110000228,201,317,-116
110000229,3,266,-263
110000230,658,504,154
110000231,123,194,-71
110000232,54,195,-141
110000233,87,291,-204
110000234,681,506,175
110000235,828,1042,-214
110000236,205,1014,-809
110000237,1772,943,829
110000238,716,1305,-589
110000239,723,1320,-597
110000240,0,113,-113
110000242,0,12,-12
110000243,36,228,-192
110000244,125,318,-193
110000245,25,371,-346
110000246,416,740,-324
110000247,3793,3850,-57
110000248,4498,1323,3175
110000249,82,8,74
110000250,15,240,-225
110000251,96,514,-418
110000252,237,344,-107
110000253,963,374,589
110000254,1271,1615,-344
110000255,236,1226,-990
110000256,336,186,150
110000257,859,410,449
110000258,7,605,-598
110000259,54,26,28
110000260,12,577,-565
110000263,1062,69,993
110000264,165,785,-620
110000265,996,1702,-706
110000266,1852,2551,-699
110000267,10,229,-219
110000268,216,556,-340
110000269,3,96,-93
110000270,11,2,9
110000271,2362,332,2030
110000272,555,853,-298
110000273,2334,1081,1253
110000274,262,1242,-980
110000275,3322,475,2847
110000276,103,306,-203
110000277,159,370,-211
110000278,240,880,-640
110000279,646,660,-14
110000280,146,442,-296
110000281,9,206,-197
110000282,176,47,129
110000283,8,113,-105
110000284,24,20,4
110000285,5,190,-185
110000286,10,0,10
110000287,67,1,66
110000288,14,98,-84
110000289,354,1072,-718
110000290,1441,637,804
110000291,6171,1285,4886
110000292,1113,6039,-4926
110000293,302,1065,-763
110000294,366,1234,-868
110000295,125,916,-791
110000296,181,325,-144
110000297,4049,297,3752
110000298,609,458,151
110000299,1551,20,1531
110000301,380,5,375
110000302,153,1462,-1309
110000303,217,2,215
110000304,125,314,-189
110000305,348,9,339
110000306,104,2505,-2401
110000307,475,3,472
110000308,257,48,209
110000309,11,1722,-1711
110000310,435,89,346
110000311,18,1230,-1212
110000312,1272,41,1231
110000313,7112,1609,5503
110000314,1,328,-327
110000315,3042,1483,1559
110000316,519,1066,-547
110000317,499,368,131
110000318,4,100,-96
110000319,12,41,-29
110000320,47,70,-23
110000321,11,77,-66
110000322,85,645,-560
110000323,348,336,12
110000324,5613,1151,4462
110000325,2129,2739,-610
110000327,575,211,364
110000328,134,596,-462
110000333,776,623,153
110000334,619,1445,-826
110000335,1180,707,473
110000336,351,1383,-1032
110000337,681,566,115
110000338,71,285,-214
110000339,78,251,-173
110000340,108,177,-69
110000341,204,687,-483
110000342,364,1,363
110000343,0,9,-9
110000344,40,179,-139
110000345,113,135,-22
110000346,2453,1593,860
110000347,981,925,56
110000348,2,25,-23
110000349,5,57,-52
110000350,26,1,25
110000351,352,919,-567
110000352,255,1688,-1433
110000353,3011,1002,2009
110000354,742,2298,-1556
110000355,27,137,-110
110000356,334,1,333
110000357,219,19,200
110000361,12,90,-78
110000362,35,217,-182
110000363,96,129,-33
110000364,70,414,-344
110000365,144,1,143
110000366,0,94,-94
110000367,160,295,-135
110000368,0,66,-66
110000369,31,1,30
110000373,5,302,-297
110000374,68,1,67
110000375,127,841,-714
110000376,36,116,-80
110000377,26,210,-184
110000378,22,266,-244
110000379,3942,1065,2877
110000380,27,18,9
110000383,1,505,-504
110000384,1978,245,1733
110000385,2,242,-240
110000387,24,13,11
110000388,27,274,-247
110000389,304,135,169
110000391,255,487,-232
110000396,24,132,-108
110000397,35,246,-211
110000398,1,44,-43
110000399,122,1,121
110000587,25,50,-25
110000589,101,230,-129
110000640,111,205,-94
110000652,7,186,-179
110000653,60,450,-390
110000654,0,14,-14
110000656,3,720,-717
110000674,7,14,-7
110000675,30,11,19
110000676,3,32,-29
110000679,684,241,443
110000682,101,96,5
110000683,454,814,-360
110000684,2,78,-76
110000685,9,7,2
110000686,0,18,-18
110000687,6,1,5
110000688,28,284,-256
110000689,21,165,-144
110000692,57,287,-230
110000693,91,392,-301
110000694,0,98,-98
110000695,154,885,-731
110000696,137,163,-26
110900001,63,15,48
110900002,78,255,-177
110900003,126,1299,-1173
110900004,62,345,-283
110900005,5076,978,4098
110900006,27,6,21
110900007,40,5,35
110900008,9,35,-26
110900009,160,14,146
110900010,1,85,-84
110900011,2,87,-85
110900012,0,127,-127
110900013,418,158,260
110900014,110,8,102
110900015,785,155,630
110900016,3,175,-172
110900017,84,53,31
110900018,229,30,199
110900019,54,19,35
110900020,25,688,-663
110900021,63,799,-736
110900022,70,563,-493
110900023,41,535,-494
110900024,20,628,-608
110900025,4,55,-51
110900027,20,292,-272
110900028,21,218,-197
110900029,80,522,-442
110900030,18,423,-405
110900031,0,271,-271
110900032,0,144,-144
110900033,17,307,-290
110900035,25,447,-422
110900036,32,33,-1
110900037,12,21,-9
110900038,1315,169,1146
110900039,17,246,-229
110900040,116,24,92
110900041,1,196,-195
110900042,35,41,-6
110900043,5,187,-182
110900044,193,11,182
110900045,23,889,-866
110900046,126,344,-218
110900047,812,73,739
110900049,51,19,32
110900050,5,0,5
110900051,33,199,-166
110900052,2,251,-249
110900053,23,51,-28
110900054,15,413,-398
110900055,7,1,6
110900056,65,125,-60
110900057,1,238,-237
110900058,68,346,-278
110900059,460,958,-498
110900060,197,60,137
110900061,27,34,-7
110900062,24,455,-431
110900063,16,71,-55
110900064,4,0,4
110900065,381,105,276
110900066,0,63,-63
110900067,687,375,312
110900068,201,278,-77
110900069,1,19,-18
110900070,73,74,-1
110900071,213,326,-113
110900073,0,12,-12
110900074,182,50,132
110900075,123,76,47
110900077,160,365,-205
110900078,8,175,-167
110900079,1976,432,1544
110900080,21,62,-41
110900081,1,132,-131
110900082,28,210,-182
110900083,51,40,11
110900084,11,272,-261
110900085,27,303,-276
110900086,67,108,-41
110900087,108,68,40
110900088,3,0,3
110900090,13,14,-1
110900091,0,76,-76
110900093,301,50,251
110900095,30,52,-22
110900097,0,30,-30
110900098,8,113,-105
110900099,49,602,-553
110900100,0,30,-30
110900102,5,12,-7
110900105,843,402,441
110900108,1,98,-97
110900111,316,63,253
110900112,233,8,225
110900113,499,12,487
110900115,4,83,-79
110900116,174,2744,-2570
110900118,128,716,-588
110900119,6403,228,6175
110900120,1,139,-138
110900121,104,1,103
110900122,134,120,14
110900125,98,231,-133
110900127,542,424,118
110900128,120,119,1
110900129,254,143,111
110900130,1103,196,907
110900131,38,45,-7
110900132,123,35,88
110900133,35,378,-343
110900135,138,514,-376
110900136,86,9,77
110900137,402,5,397
110900138,369,477,-108
110900139,3,40,-37
110900140,48,11,37
110900141,3,42,-39
110900142,29,221,-192
110900143,79,59,20
110900144,3,741,-738
110900145,58,7,51
110900146,684,40,644
110900147,167,179,-12
110900148,0,311,-311
110900149,1,78,-77
110900150,13,8,5
110900151,0,65,-65
110900152,11,338,-327
110900153,42,18,24
111000001,195,297,-102
111000002,320,682,-362
111000003,302,328,-26
111000004,416,1211,-795
111000005,515,396,119
111000006,653,1246,-593
111000007,3849,1016,2833
111000008,3294,3686,-392
111000009,246,904,-658
111000010,369,263,106
111000011,417,852,-435
111000012,585,282,303
111000013,282,1148,-866
111000014,841,494,347
111000017,144,451,-307
111000018,130,424,-294
111000020,2739,2006,733
111000021,67,124,-57
111000023,111,163,-52
111000025,7167,1826,5341
111000029,48,102,-54
111000030,54,51,3
111000031,2266,577,1689
111000032,500,272,228
111000033,210,96,114
111000034,250,180,70
111000037,3017,1266,1751
111000038,2565,2409,156
111000039,1247,2269,-1022
111000040,1242,2471,-1229
111000041,1380,1319,61
111000042,6581,2670,3911
111000043,1352,1180,172
111000044,668,353,315
111000045,840,1224,-384
111000046,726,912,-186
111000047,984,1669,-685
111000049,199,535,-336
111000050,1665,1706,-41
111000051,361,1155,-794
111000052,557,1440,-883
111000053,368,1003,-635
111000054,284,919,-635
111000055,1036,2216,-1180
111000056,90,803,-713
111000057,58,1005,-947
111000058,58,103,-45
111000059,240,242,-2
111000060,1877,464,1413
111000061,705,283,422
111000062,491,169,322
111000063,2104,678,1426
111000064,254,508,-254
111000065,478,702,-224
111000066,158,278,-120
111000067,323,704,-381
111000068,156,698,-542
111000069,1728,2463,-735
111000070,2530,1307,1223
111000071,141,778,-637
111000072,297,176,121
111000073,75,312,-237
111000074,1146,1098,48
111000075,313,688,-375
111000076,193,807,-614
111000077,777,1064,-287
111000078,1424,1064,360
111000079,1218,795,423
111000080,321,774,-453
111000081,2339,5221,-2882
111000082,427,748,-321
111000084,452,550,-98
111000085,752,1906,-1154
111000086,3541,1362,2179
111000087,641,1002,-361
111000088,6510,1633,4877
111000089,387,955,-568
111000090,1052,1412,-360
111000091,433,857,-424
111000092,624,1374,-750
111000093,518,799,-281
111000094,1671,786,885
111000095,889,1407,-518
111000096,3228,4989,-1761
111000097,6178,1080,5098
111000098,279,1611,-1332
111000099,248,2843,-2595
111000100,172,2714,-2542
111000101,346,970,-624
111000102,75,1066,-991
111000104,122,197,-75
111000107,56,858,-802
111000109,89,230,-141
111000110,430,434,-4
111000111,607,361,246
111000112,687,271,416
111000113,392,296,96
111000114,758,673,85
111000115,8148,667,7481
111000116,922,648,274
111000117,538,695,-157
111000118,2034,1024,1010
111000119,676,1772,-1096
111000120,258,519,-261
111000121,140,476,-336
111000122,316,1178,-862
111000123,501,3682,-3181
111000124,293,4301,-4008
111000125,123,2252,-2129
111000126,34,1111,-1077
111000127,333,116,217
111000128,452,191,261
111000129,985,281,704
111000130,574,722,-148
111000131,499,650,-151
111000132,399,304,95
111000133,47,165,-118
111000134,70,135,-65
111000135,26,125,-99
111000136,143,267,-124
111000138,6,6,0
111000140,0,6,-6
111000141,122,277,-155
111000142,4,130,-126
111000143,1,84,-83
111000144,3,120,-117
111000145,132,2,130
111000146,14,2,12
111000147,58,6,52
111000148,111,120,-9
111000149,1,28,-27
111000150,9,11,-2
111000151,2,18,-16
111000153,517,513,4
111000154,643,210,433
111000155,64,211,-147
111000156,372,147,225
111000157,81,291,-210
111000158,586,396,190
111000159,2607,586,2021
111000160,156,418,-262
111000161,7,254,-247
111000162,5,180,-175
111000163,221,855,-634
111000164,906,2309,-1403
111000165,1299,426,873
111000166,1001,322,679
111000167,151,535,-384
111000168,179,449,-270
111000169,210,419,-209
111000170,430,362,68
111000171,382,999,-617
111000172,57,665,-608
111000173,125,1237,-1112
111000174,78,602,-524
111000175,15,321,-306
111000176,201,177,24
111000177,85,254,-169
111000178,370,441,-71
111000179,31,232,-201
111000180,102,302,-200
111000181,333,276,57
111000182,74,154,-80
111000183,244,258,-14
111000184,201,236,-35
111000185,238,591,-353
111000186,196,335,-139
111000187,43,303,-260
111000188,91,489,-398
111000189,1461,707,754
111000190,118,629,-511
111000191,93,574,-481
111000192,123,729,-606
111000193,361,420,-59
111000194,13,529,-516
111000195,51,569,-518
111000196,18,399,-381
111000197,100,236,-136
111000198,161,149,12
111000199,55,198,-143
111000200,94,329,-235
111000201,193,226,-33
111000202,60,204,-144
111000203,109,197,-88
111000204,183,256,-73
111000213,73,436,-363
111000214,971,1583,-612
111000215,531,1232,-701
111000217,538,792,-254
111000218,706,921,-215
111000219,252,171,81
111000220,3156,1109,2047
111000221,512,210,302
111000224,3,316,-313
111000225,165,146,19
111000226,145,1,144
111000227,34,6,28
111000228,13,123,-110
111000229,25,211,-186
111000230,161,616,-455
111000231,222,1539,-1317
111000232,147,1008,-861
111000233,157,964,-807
111000234,20,142,-122
111000239,149,235,-86
111000240,17,55,-38
111000241,21,490,-469
111000242,36,43,-7
111000243,42,952,-910
111000244,81,86,-5
111000245,322,700,-378
111000246,91,727,-636
111000247,55,1377,-1322
111000248,177,390,-213
111000249,358,1083,-725
111000250,36,196,-160
111000251,32,158,-126
111000253,0,0,0
111000255,0,0,0
111000257,0,0,0
111000260,34,1334,-1300
111000261,355,76,279
111000271,38,331,-293
111000273,6304,1272,5032
111000274,976,2159,-1183
111000275,60,100,-40
111000276,220,2825,-2605
111000277,127,597,-470
111000278,430,343,87
111000291,332,2175,-1843
111000298,204,249,-45
111000299,429,61,368
111000300,62,599,-537
111000302,95,74,21
111000303,54,323,-269
111000312,43,57,-14
111000315,1,259,-258
111000320,314,746,-432
111000321,181,28,153
111000322,92,601,-509
111000323,55,15,40
111000324,261,290,-29
111000325,14,70,-56
111000326,60,417,-357
111000327,385,622,-237
111000328,112,415,-303
111000329,2,17,-15
111000330,21,12,9
111000331,2,3,-1
111000332,251,1100,-849
111000334,304,1839,-1535
111000335,181,82,99
111000337,179,475,-296
111000338,10,135,-125
111000339,116,827,-711
111000340,44,1006,-962
111000341,329,118,211
111000342,25,192,-167
111000344,432,614,-182
111000345,73,19,54
111000346,6,111,-105
111000347,14,1,13
111000350,147,160,-13
111000351,56,213,-157
111000352,91,114,-23
111000353,94,295,-201
111000354,224,190,34
111000355,98,777,-679
111000358,64,2042,-1978
111000360,61,1306,-1245
111000361,91,487,-396
111000546,147,806,-659
111000547,120,734,-614
111000548,59,170,-111
111000549,104,458,-354
111000550,49,235,-186
111000551,580,102,478
111000552,154,54,100
111000907,146,64,82
111000908,6,0,6
111000916,336,213,123
111000917,32,368,-336
111000918,65,1299,-1234
111000920,107,9,98
111000921,3,381,-378
111000922,107,388,-281
111000924,22,1326,-1304
111000925,965,1254,-289
111000926,736,2879,-2143
111000927,2786,2683,103
111000928,6636,3645,2991
111000929,716,796,-80
111000930,574,2608,-2034
111000931,921,1323,-402
111000932,2971,2395,576
111000933,2303,1405,898
111000934,2306,2808,-502
111000935,519,928,-409
111000936,534,2310,-1776
111000937,459,918,-459
111000938,1586,2692,-1106
111000939,141,24,117
111000940,178,225,-47
111000941,111,661,-550
111000943,89,257,-168
111000944,36,588,-552
111000945,30,2736,-2706
111001109,157,96,61
111001110,89,801,-712
111001111,12,0,12
111001112,59,1,58
111001113,30,62,-32
111001114,688,64,624
111001115,34,316,-282
111001116,5656,932,4724
111001117,538,360,178
111001120,71,359,-288
111001121,78,369,-291
111001122,134,890,-756
111001123,45,108,-63
111001124,36,442,-406
111900001,3,147,-144
111900002,5,840,-835
111900003,3,524,-521
111900004,6,247,-241
111900006,4,9,-5
111900007,21,1,20
111900008,25,0,25
111900009,35,130,-95
111900010,111,525,-414
111900012,79,88,-9
111900013,1,56,-55
111900014,8721,1331,7390
111900015,0,77,-77
111900016,2,198,-196
111900017,0,158,-158
111900018,32,1,31
111900019,1,70,-69
111900020,1,35,-34
111900021,8,78,-70
111900022,7,54,-47
111900023,138,43,95
111900024,0,110,-110
111900025,1,38,-37
111900026,0,122,-122
111900027,3,229,-226
111900028,2,551,-549
111900029,0,99,-99
111900030,80,473,-393
111900031,25,74,-49
111900032,2,496,-494
111900033,3,155,-152
111900034,133,575,-442
111900035,23,266,-243
111900036,4,435,-431
111900038,265,530,-265
111900039,68,465,-397
111900040,6,883,-877
111900042,38,66,-28
111900043,2,475,-473
111900044,186,226,-40
111900046,55,273,-218
111900048,31,965,-934
111900049,28,381,-353
111900050,31,7,24
111900051,41,318,-277
111900052,377,749,-372
111900053,1598,217,1381
111900054,58,5,53
111900055,46,846,-800
111900056,122,69,53
111900057,22,42,-20
111900058,94,899,-805
111900059,2291,161,2130
111900060,145,0,145
111900061,52,386,-334
111900062,14,14,0
111900063,74,256,-182
111900064,125,230,-105
111900065,26,10,16
111900066,27,80,-53
111900067,2,328,-326
111900068,6,13,-7
111900069,28,6,22
111900070,57,105,-48
111900071,1,376,-375
111900072,6,4,2
111900073,184,41,143
111900074,11,254,-243
111900075,10,1,9
111900076,28,14,14
111900077,4,0,4
111900078,51,6,45
111900079,8,2,6
111900080,144,41,103
111900081,372,38,334
111900082,15,3,12
111900083,12,0,12
111900084,14,0,14
111900085,22,26,-4
111900086,16,0,16
111900087,14,2,12
111900088,97,0,97
111900089,26,4,22
111900090,56,13,43
111900091,22,0,22
111900092,11,1,10
111900093,113,5,108
111900094,27,0,27
111900095,110,5,105
111900096,21,0,21
111900097,7,0,7
111900098,59,0,59
111900099,6,0,6
111900100,71,0,71
111900101,37,6,31
111900102,218,1006,-788
111900103,66,13,53
111900104,49,55,-6
111900105,145,112,33
111900106,1912,57,1855
111900107,18,56,-38
111900108,44,23,21
111900109,142,56,86
111900110,3885,150,3735
111900111,38,286,-248
111900112,952,828,124
111900113,265,59,206
111900114,99,60,39
111900115,6,21,-15
111900118,51,12,39
111900119,92,33,59
111900122,49,14,35
111900123,11,4,7
111900124,17,111,-94
111900125,79,1,78
111900126,41,2,39
111900127,3,704,-701
111900128,3,742,-739
111900129,67,2,65
111900130,102,7,95
111900131,89,0,89
111900132,31,1542,-1511
111900133,1,371,-370
111900134,27,335,-308
111900135,0,5,-5
111900136,34,47,-13
111900137,47,39,8
111900138,4,77,-73
111900139,22,149,-127
111900140,10,31,-21
111900141,17,15,2
111900142,29,2,27
111900143,2,271,-269
111900144,2,146,-144
111900145,3,743,-740
111900146,1,423,-422
111900147,157,571,-414
111900148,55,1059,-1004
111900149,16,548,-532
111900150,6,211,-205
111900151,2,23,-21
111900152,89,33,56
111900153,1489,94,1395
111900154,5,73,-68
111900155,32,15,17
111900156,7,18,-11
111900157,19,4,15
111900158,84,17,67
111900159,58,21,37
111900160,86,3,83
111900161,43,8,35
111900162,97,65,32
111900163,26,150,-124
111900164,23,25,-2
111901113,95,320,-225
111901114,32,434,-402
111901115,10,0,10
111901116,7,1,6
111901117,8,3,5
111901118,86,31,55
111901119,1613,83,1530
111901120,40,100,-60
111901121,116,347,-231
111901122,1,619,-618
111901123,24,518,-494
111901124,55,4,51
111901125,65,135,-70
111901126,29,6,23
111901127,1051,159,892
111901128,9,112,-103
111901129,3,107,-104
111901130,11,304,-293
111901131,0,234,-234
111901132,41,3,38
111901133,9,0,9
111901134,23,2,21
111901135,1,2,-1
111901136,3,6,-3
111901137,1,13,-12
111901138,32,23,9
111901139,18,48,-30
111901140,8,140,-132
111901141,8,285,-277
111901142,2,145,-143
111901143,1,87,-86
111901144,20,25,-5
111901145,155,117,38
111901146,144,4,140
112000001,1058,601,457
112000002,650,2778,-2128
112000003,374,655,-281
112000004,485,2001,-1516
112000005,1026,1225,-199
112000006,1098,2180,-1082
112000007,1056,985,71
112000008,1547,2529,-982
112000009,3828,4062,-234
112000010,1669,2116,-447
112000011,2063,2867,-804
112000012,8852,1395,7457
112000013,8644,3962,4682
112000014,3056,466,2590
112000015,3605,2309,1296
112000016,4705,988,3717
112000017,1825,1319,506
112000024,1674,693,981
112000026,5293,6246,-953
112000027,466,403,63
112000028,1623,2005,-382
112000029,195,403,-208
112000030,221,176,45
112000031,1770,1711,59
112000032,873,70,803
112000033,3007,650,2357
112000034,388,53,335
112000035,105,373,-268
112000036,725,565,160
112000037,1185,1361,-176
112000038,809,1026,-217
112000039,9,104,-95
112000040,148,416,-268
112000041,327,631,-304
112000042,797,334,463
112000050,322,1625,-1303
112000051,515,647,-132
112000054,1592,2737,-1145
112000057,749,321,428
112000058,373,513,-140
112000059,1099,391,708
112000061,8041,1661,6380
112000062,4359,600,3759
112000063,2702,651,2051
112000064,5538,6288,-750
112000065,2401,3030,-629
112000066,2083,794,1289
112000067,502,824,-322
112000068,1097,788,309
112000069,559,3462,-2903
112000070,1115,450,665
112000071,697,4018,-3321
112000072,672,868,-196
112000073,943,1943,-1000
112000074,521,705,-184
112000075,642,790,-148
112000076,3267,3009,258
112000077,288,896,-608
112000078,890,950,-60
112000079,1300,1797,-497
112000080,364,1129,-765
112000081,865,2127,-1262
112000082,708,616,92
112000083,355,1928,-1573
112000084,694,720,-26
112000085,680,1547,-867
112000086,942,1724,-782
112000087,179,662,-483
112000088,198,831,-633
112000089,188,436,-248
112000090,208,470,-262
112000091,492,1471,-979
112000092,659,709,-50
112000093,1057,1343,-286
112000094,199,766,-567
112000095,315,778,-463
112000096,131,649,-518
112000097,326,525,-199
112000098,688,1966,-1278
112000099,396,548,-152
112000100,656,851,-195
112000101,253,1190,-937
112000102,475,503,-28
112000103,132,1708,-1576
112000105,289,2493,-2204
112000106,472,361,111
112000107,4,189,-185
112000108,119,1900,-1781
112000109,21,51,-30
112000110,1015,377,638
112000111,1540,6537,-4997
112000112,4623,389,4234
112000113,1156,2994,-1838
112000114,2871,819,2052
112000115,94,640,-546
112000116,440,1049,-609
112000117,322,607,-285
112000118,513,960,-447
112000119,286,1185,-899
112000120,53,433,-380
112000121,36,917,-881
112000122,121,131,-10
112000123,155,126,29
112000124,73,86,-13
112000125,47,154,-107
112000126,59,938,-879
112000127,3075,1007,2068
112000128,1701,652,1049
112000129,51,117,-66
112000130,21,37,-16
112000131,27,366,-339
112000132,41,316,-275
112000133,141,245,-104
112000134,421,452,-31
112000135,1243,545,698
112000136,1376,1511,-135
112000137,2406,1181,1225
112000138,3879,1452,2427
112000139,524,170,354
112000140,756,1198,-442
112000141,247,206,41
112000142,123,1149,-1026
112000143,355,254,101
112000144,185,1903,-1718
112000145,1001,701,300
112000146,453,2531,-2078
112000147,1258,1568,-310
112000148,1318,2375,-1057
112000149,104,804,-700
112000150,49,882,-833
112000151,209,672,-463
112000152,164,428,-264
112000153,183,312,-129
112000154,33,184,-151
112000155,102,54,48
112000157,429,399,30
112000158,123,880,-757
112000159,156,372,-216
112000167,106,23,83
112000169,297,330,-33
112000173,345,251,94
112000175,199,426,-227
112000176,6548,1933,4615
112000177,152,77,75
112000178,48,801,-753
112000179,74,180,-106
112000180,178,207,-29
112000181,682,2020,-1338
112000182,331,2643,-2312
112000183,16,68,-52
112000184,164,695,-531
112000185,139,704,-565
112000187,1948,2172,-224
112000195,52,9,43
112000196,105,1,104
112000197,41,81,-40
112000198,27,634,-607
112000199,863,1244,-381
112000202,64,2,62
112000216,33,131,-98
112000230,30,4,26
112000231,2,610,-608
112000256,32,145,-113
112000313,170,369,-199
112000314,13,9,4
112000337,138,668,-530
112000352,121,112,9
112000392,2683,1178,1505
112000398,530,698,-168
112000399,1498,1211,287
112000400,1660,4816,-3156
112000401,2606,3249,-643
112000402,1053,1579,-526
112000403,1636,1386,250
112000404,206,422,-216
112000405,1076,2112,-1036
112000406,3160,3429,-269
112000407,2553,5207,-2654
112000408,8289,7516,773
112000409,1496,5666,-4170
112000410,214,82,132
112000411,5133,568,4565
112000412,802,272,530
112000413,10612,1335,9277
112000414,19,119,-100
112000415,86,52,34
112000416,1046,1215,-169
112000417,127,69,58
112000421,14,157,-143
112000422,213,608,-395
112000424,2327,1258,1069
112000425,259,1158,-899
112000426,59,251,-192
112000427,0,18,-18
112000428,50,475,-425
112000429,1581,3087,-1506
112000430,1352,3505,-2153
112000431,39,90,-51
112000432,413,2548,-2135
112000433,807,612,195
112000437,15,406,-391
112900001,15,2,13
112900002,86,1593,-1507
112900003,9,276,-267
112900004,11,417,-406
112900005,42,269,-227
112900006,9,469,-460
112900007,6,202,-196
112900008,1,9,-8
112900009,264,65,199
112900010,46,867,-821
112900011,339,252,87
112900012,0,62,-62
112900013,1,139,-138
112900014,1,409,-408
112900015,275,1152,-877
112900016,1,317,-316
112900017,15,198,-183
112900018,4,522,-518
112900019,55,164,-109
112900020,553,2010,-1457
112900021,2,230,-228
112900022,9,49,-40
112900023,1,412,-411
112900024,28,227,-199
112900025,54,142,-88
112900026,5,312,-307
112900027,4,1498,-1494
112900028,10,104,-94
112900029,3,693,-690
112900030,354,157,197
112900031,4,666,-662
112900032,58,310,-252
112900034,0,67,-67
112900035,4,619,-615
112900036,34,202,-168
112900037,127,65,62
112900038,115,133,-18
112900039,31,352,-321
112900040,7,391,-384
112900041,1606,622,984
112900042,28,449,-421
112900043,10,42,-32
112900044,391,385,6
112900045,623,267,356
112900046,223,71,152
112900047,15,11,4
112900049,21,82,-61
112900050,60,627,-567
112900051,324,887,-563
112900052,12,1286,-1274
112900053,327,119,208
112900054,273,10,263
112900055,163,11,152
112900056,168,101,67
112900057,4,902,-898
112900058,185,78,107
112900059,53,110,-57
112900060,3,302,-299
112900061,27,170,-143
112900062,30,193,-163
112900063,39,2,37
112900064,151,104,47
112900065,9,4,5
112900066,84,45,39
112900067,723,108,615
112900068,24,9,15
112900069,3247,301,2946
112900071,4,0,4
112900072,245,346,-101
112900073,163,24,139
112900074,43,46,-3
112900075,2730,299,2431
112900076,37,9,28
112900078,91,158,-67
112900079,129,8,121
112900080,8,2,6
112900081,8,39,-31
112900082,129,7,122
112900083,8,19,-11
112900084,49,31,18
112900085,0,1,-1
112900086,6,0,6
112900087,161,28,133
112900088,13,2,11
112900089,272,10,262
112900090,32,5,27
112900091,32,3,29
112900092,84,47,37
112900093,716,7,709
112900094,0,0,0
112900095,6,3,3
112900096,136,52,84
112900097,34,433,-399
112900098,51,0,51
112900099,159,3,156
112900100,12,1,11
112900101,41,1,40
112900102,85,5,80
112900103,74,0,74
112900104,13,2,11
112900105,4,0,4
112900106,228,79,149
112900107,0,0,0
112900108,3,0,3
112900109,12,0,12
112900110,197,10,187
112900111,227,0,227
112900112,54,1,53
112900113,0,17,-17
112900114,24,36,-12
112900115,257,0,257
112900116,18,53,-35
112900117,121,114,7
112900118,12,76,-64
112900119,34,1,33
112900120,607,174,433
112900121,210,161,49
112900122,3,180,-177
112900123,135,2,133
112900124,4,155,-151
112900125,56,320,-264
112900126,88,250,-162
112900127,115,19,96
112900128,504,713,-209
112900129,7,1227,-1220
112900130,67,42,25
112900131,29,201,-172
112900132,79,454,-375
112900133,16,1470,-1454
112900134,2,312,-310
112900135,55,8,47
112900136,1,23,-22
112900137,4,1046,-1042
112900138,6,579,-573
112900139,170,1058,-888
112900140,0,66,-66
112900141,245,28,217
112900142,60,23,37
112900143,38,663,-625
112900144,1,361,-360
112900145,30,519,-489
112900146,10,1722,-1712
112900147,7,2890,-2883
112900148,5,0,5
112900149,168,622,-454
112900151,39,40,-1
112900152,6352,1178,5174
112900153,1260,643,617
112900154,3,122,-119
112900155,16,2,14
112900156,46,2517,-2471
112900157,39,1,38
112900158,17,6,11
112900159,118,24,94
112900160,9,269,-260
112900161,23,21,2
112900162,26,3,23
112900163,75,16,59
112900164,9,88,-79
112900165,126,20,106
112900166,2,13,-11
112900167,10,17,-7
112900168,0,3,-3
112900169,0,2,-2
112900170,22,63,-41
112900172,73,4,69
112900173,241,137,104
112900174,121,12,109
112900175,123,43,80
112900176,17,9,8
112900177,109,12,97
112900178,401,748,-347
112900179,46,651,-605
112900180,674,4379,-3705
112900181,144,3,141
112900182,25,1839,-1814
112900183,94,203,-109
112900184,392,281,111
112900185,209,395,-186
112900186,1820,513,1307
112900187,48,228,-180
112900188,1007,338,669
112900189,9,26,-17
112900190,0,49,-49
112900192,243,128,115
112900193,765,204,561
112900194,9,103,-94
112900195,192,5,187
112900196,233,821,-588
112900197,131,551,-420
112900199,144,604,-460
112900200,165,245,-80
112900201,42,93,-51
112900202,83,1267,-1184
112900203,31,295,-264
112900204,529,221,308
112900205,0,10,-10
112900206,1,34,-33
112900207,0,0,0
112900208,45,34,11
112900209,217,412,-195
112900210,0,28,-28
112900211,48,44,4
112900212,0,65,-65
112900213,0,3,-3
112900214,10,3,7
112900215,2,220,-218
112900216,22,60,-38
112900217,0,97,-97
112900218,15,15,0
112900219,12,0,12
112900220,0,0,0
112900221,2,99,-97
112900222,0,15,-15
112900223,279,0,279
112900224,113,855,-742
112900225,128,599,-471
112900226,275,209,66
112900227,97,1777,-1680
112900228,11,19,-8
112900229,40,58,-18
112900230,9893,2168,7725
112900232,114,89,25
112900233,22,214,-192
112900234,4,166,-162
112900235,29,8,21
112900236,43,7,36
112900237,28,360,-332
112900238,3,57,-54
112900239,522,207,315
113000001,4236,4437,-201
113000002,3374,3619,-245
113000003,1851,1627,224
113000004,1962,2005,-43
113000005,1052,1006,46
113000006,631,1164,-533
113000007,1047,1275,-228
113000008,1113,1903,-790
113000009,530,936,-406
113000010,685,1995,-1310
113000011,549,2122,-1573
113000012,770,573,197
113000013,1213,379,834
113000014,2285,1628,657
113000015,777,265,512
113000016,359,299,60
113000017,94,268,-174
113000018,163,36,127
113000019,103,304,-201
113000020,75,28,47
113000021,425,597,-172
113000022,292,1462,-1170
113000025,74,330,-256
113000026,123,362,-239
113000027,464,346,118
113000028,991,381,610
113000029,854,435,419
113000030,543,684,-141
113000031,369,239,130
113000032,262,159,103
113000033,454,298,156
113000034,560,340,220
113000035,14,44,-30
113000036,34,71,-37
113000037,65,25,40
113000038,9,59,-50
113000039,146,525,-379
113000040,38,132,-94
113000042,700,744,-44
113000051,491,1670,-1179
113000052,2246,1333,913
113000053,200,793,-593
113000054,108,749,-641
113000055,545,1049,-504
113000056,408,1932,-1524
113000058,603,960,-357
113000059,1279,949,330
113000060,43,605,-562
113000061,626,1053,-427
113000062,1510,160,1350
113000063,61,292,-231
113000064,12,594,-582
113000065,119,1347,-1228
113000066,253,65,188
113000067,846,1072,-226
113000068,386,2653,-2267
113000069,327,1711,-1384
113000070,728,644,84
113000071,232,962,-730
113000072,249,417,-168
113000073,524,1671,-1147
113000074,837,191,646
113000075,1740,358,1382
113000076,1152,1606,-454
113000077,2107,411,1696
113000078,1365,1569,-204
113000079,1204,647,557
113000080,1075,500,575
113000081,1399,870,529
113000082,1630,901,729
113000083,686,790,-104
113000084,1771,1145,626
113000085,1201,587,614
113000086,991,966,25
113000087,1198,890,308
113000088,1904,1165,739
113000089,883,1755,-872
113000090,250,284,-34
113000091,924,275,649
113000094,513,176,337
113000095,193,1249,-1056
113000096,193,1080,-887
113000097,386,281,105
113000098,91,28,63
113000099,931,216,715
113000100,133,550,-417
113000101,379,560,-181
113000102,440,155,285
113000103,2223,724,1499
113000104,248,1878,-1630
113000105,288,357,-69
113000106,328,774,-446
113000107,463,736,-273
113000108,669,1719,-1050
113000109,453,2374,-1921
113000110,1550,429,1121
113000111,72,405,-333
113000112,328,334,-6
113000113,2895,253,2642
113000114,536,996,-460
113000116,802,291,511
113000117,793,201,592
113000118,121,457,-336
113000119,112,496,-384
113000120,33,198,-165
113000121,605,925,-320
113000124,96,164,-68
113000125,18,444,-426
113000127,3624,566,3058
113000128,449,558,-109
113000129,675,977,-302
113000133,4551,882,3669
113000134,4,496,-492
113000135,2271,1909,362
113000137,3210,1303,1907
113000139,520,132,388
113000140,217,301,-84
113000141,529,81,448
113000142,965,993,-28
113000143,497,168,329
113000144,406,669,-263
113000145,35,171,-136
113000146,116,89,27
113000147,122,165,-43
113000148,34,250,-216
113000149,79,132,-53
113000150,445,355,90
113000151,156,66,90
113000152,36,148,-112
113000153,1816,543,1273
113000154,688,819,-131
113000155,197,269,-72
113000156,156,461,-305
113000157,225,820,-595
113000158,467,165,302
113000159,636,386,250
113000160,511,1309,-798
113000161,176,860,-684
113000162,386,271,115
113000163,69,24,45
113000164,11,111,-100
113000166,32,57,-25
113000167,27,254,-227
113000168,30,271,-241
113000169,80,43,37
113000170,86,61,25
113000171,56,110,-54
113000172,132,82,50
113000173,44,5,39
113000174,76,640,-564
113000175,217,98,119
113000176,168,117,51
113000177,83,443,-360
113000178,172,446,-274
113000179,136,77,59
113000180,384,1475,-1091
113000181,576,1212,-636
113000182,188,195,-7
113000183,194,540,-346
113000184,10,123,-113
113000189,942,589,353
113000190,2117,385,1732
113000192,2249,1201,1048
113000193,4166,673,3493
113000194,1554,1162,392
113000195,1888,414,1474
113000196,67,76,-9
113000197,1110,833,277
113000198,23,379,-356
113000199,961,454,507
113000201,181,201,-20
113000202,3276,1189,2087
113000203,373,93,280
113000204,1356,1316,40
113000205,3,29,-26
113000206,5,39,-34
113000207,38,32,6
113000208,23,57,-34
113000209,27,23,4
113000210,9,27,-18
113000211,303,132,171
113000212,271,12,259
113000213,19,57,-38
113000214,62,142,-80
113000234,91,1491,-1400
113000410,133,73,60
113000411,2992,4288,-1296
113000412,12577,1695,10882
113000413,5334,1983,3351
113000414,14651,9932,4719
113000415,3320,2306,1014
113000416,12460,3276,9184
113000417,4475,2780,1695
113000418,4172,2766,1406
113000419,2299,1813,486
113000420,5013,3178,1835
113000421,4670,4234,436
113000422,22303,5943,16360
113000423,3542,2846,696
113000424,5258,5649,-391
113000425,7,70,-63
113000428,829,53,776
113000430,152,47,105
113000432,658,59,599
113000433,163,1077,-914
113000434,19,463,-444
113000435,8,1250,-1242
113000436,45,1643,-1598
113000437,214,11,203
113000438,86,6,80
113000439,7,194,-187
113000440,29,31,-2
113000441,84,202,-118
113000442,112,453,-341
113000443,38,336,-298
113000444,40,456,-416
113000445,38,154,-116
113000446,16,131,-115
113000448,141,142,-1
113000449,354,592,-238
113000450,686,1267,-581
113000451,1159,145,1014
113000452,422,204,218
113000453,73,214,-141
113000454,455,25,430
113000455,13,152,-139
113000456,3927,2014,1913
113000468,2826,331,2495
113000469,334,114,220
113000470,564,99,465
113000471,10,297,-287
113000472,54,294,-240
113000474,193,776,-583
113000475,1212,1954,-742
113000476,865,2308,-1443
113000477,1630,2623,-993
113000478,3036,6520,-3484
113000479,60,320,-260
113000480,104,60,44
113000483,0,0,0
113000485,0,0,0
113000486,0,0,0
113000487,0,0,0
113000488,0,0,0
113000489,0,0,0
113000490,0,0,0
113000491,0,0,0
113000492,0,0,0
113000493,0,0,0
113000495,179,241,-62
113000496,40,91,-51
113000499,0,0,0
113000500,0,8,-8
113900001,1,51,-50
113900002,1,138,-137
113900003,0,61,-61
113900004,0,9,-9
113900005,0,27,-27
113900006,1,16,-15
113900007,16,15,1
113900008,16,1,15
113900009,148,0,148
113900010,53,0,53
113900011,0,2,-2
113900012,2,2,0
113900013,293,2,291
113900014,880,5,875
113900015,0,45,-45
113900016,11,0,11
113900017,2,53,-51
113900018,459,48,411
113900019,42,56,-14
113900020,40,2,38
113900022,5,0,5
113900023,2,0,2
113900024,24,93,-69
113900025,512,25,487
113900026,32,0,32
113900027,1,69,-68
113900028,8,490,-482
113900029,14,389,-375
113900030,72,1,71
113900031,2,0,2
113900032,3,0,3
113900033,46,78,-32
113900035,12,1,11
113900036,12,85,-73
113900037,30,639,-609
113900038,31,36,-5
113900039,69,4,65
113900040,0,1,-1
113900041,0,0,0
113900042,16,20,-4
113900043,179,109,70
113900044,158,26,132
113900045,63,2,61
113900046,309,728,-419
113900047,16,108,-92
113900048,408,18,390
113900049,1015,110,905
113900050,95,304,-209
113900051,126,446,-320
113900052,204,113,91
113900053,424,122,302
113900054,2,5,-3
113900055,60,587,-527
113900056,20,139,-119
113900057,14,170,-156
113900058,30,228,-198
113900059,84,378,-294
113900060,126,367,-241
113900061,1092,96,996
113900062,50,7,43
113900063,59,141,-82
113900064,33,194,-161
113900065,622,11,611
113900066,134,571,-437
113900067,25,516,-491
113900068,216,346,-130
113900069,129,10,119
113900070,257,532,-275
113900071,22,78,-56
113900072,32,207,-175
113900073,81,468,-387
113900074,7,471,-464
113900075,637,947,-310
113900076,105,11,94
113900077,21,341,-320
113900078,19,53,-34
113900079,1,67,-66
113900080,262,121,141
113900081,20,248,-228
113900082,92,189,-97
113900083,102,916,-814
113900084,115,82,33
113900085,21,332,-311
113900086,7,14,-7
113900087,24,224,-200
113900088,14,41,-27
113900089,234,43,191
113900090,257,242,15
113900091,21,32,-11
113900092,22,78,-56
113900093,44,347,-303
113900094,95,663,-568
113900095,71,69,2
113900096,34,27,7
113900097,0,154,-154
113900098,262,36,226
113900099,2,72,-70
113900100,0,2,-2
113900101,9,39,-30
113900102,52,51,1
113900103,191,278,-87
113900104,59,98,-39
113900105,19,383,-364
113900106,0,104,-104
113900107,2,28,-26
113900108,175,152,23
113900109,256,97,159
113900110,17,13,4
113900111,49,119,-70
113900112,31,120,-89
113900113,400,395,5
113900114,1,141,-140
113900115,0,136,-136
113900116,56,101,-45
113900117,41,8,33
113900118,83,156,-73
113900119,354,240,114
113900120,21,39,-18
113900121,24,85,-61
113900122,162,1130,-968
113900123,185,130,55
113900124,1,70,-69
113900125,1357,158,1199
113900126,94,37,57
113900127,216,313,-97
113900128,59,41,18
113900129,3,70,-67
113900130,2,11,-9
113900131,32,47,-15
113900132,27,57,-30
113900133,26,24,2
113900135,145,472,-327
113900136,68,62,6
113900137,180,128,52
113900138,49,106,-57
113900139,730,64,666
113900140,503,150,353
113900141,108,512,-404
113900142,38,77,-39
113900143,7,13,-6
113900144,515,86,429
113900145,139,192,-53
113900146,28,55,-27
113900148,127,143,-16
113900149,109,34,75
113900150,1278,475,803
113900151,99,194,-95
113900152,14,79,-65
113900153,485,334,151
113900154,2,80,-78
113900155,202,51,151
113900156,180,793,-613
113900157,25,206,-181
113900158,664,129,535
113900159,25,211,-186
113900160,311,939,-628
113900161,14,134,-120
113900162,830,498,332
113900163,394,198,196
113900164,100,30,70
113900165,640,590,50
113900166,288,78,210
113900167,196,19,177
113900168,115,149,-34
113900169,111,458,-347
113900171,36,32,4
113900172,8,334,-326
113900173,54,746,-692
113900174,305,820,-515
113900175,151,55,96
113900176,150,805,-655
113900177,219,193,26
113900178,273,98,175
113900179,8,839,-831
113900180,115,124,-9
113900181,360,88,272
113900182,425,1083,-658
113900183,38,78,-40
113900184,15,525,-510
113900185,130,81,49
113900186,31,64,-33
113900187,25,187,-162
113900188,25,159,-134
113900189,142,58,84
113900190,285,94,191
113900191,95,242,-147
113900192,4,238,-234
113900193,32,274,-242
113900194,1886,1118,768
113900195,229,484,-255
113900196,0,135,-135
113900197,3,302,-299
113900198,12,177,-165
113900199,187,747,-560
113900200,11,295,-284
113900201,2,306,-304
113900202,32,238,-206
113900203,5,313,-308
113900204,22,710,-688
113900205,14,103,-89
113900206,7,139,-132
113900207,0,65,-65
113900208,1,53,-52
113900209,0,134,-134
113900210,481,338,143
113900211,99,15,84
113900212,72,735,-663
113900214,482,297,185
113900215,47,175,-128
113900216,19,1725,-1706
113900217,28,352,-324
113900218,75,23,52
113900219,95,521,-426
113900220,76,63,13
113900221,249,139,110
113900222,278,319,-41
113900223,50,1406,-1356
113900224,155,77,78
113900225,813,186,627
113900226,245,112,133
113900227,299,130,169
113900228,439,288,151
113900229,22,560,-538
113900230,4963,1130,3833
113900231,112,175,-63
113900232,31,144,-113
113900233,14,55,-41
113900234,82,262,-180
113900235,45,40,5
113900236,35,377,-342
113900237,39,6,33
113900238,129,250,-121
113900239,31,32,-1
113900240,2,65,-63
113900241,86,53,33
113900242,56,148,-92
113900243,88,448,-360
113900244,510,152,358
113900245,1506,222,1284
113900246,14,29,-15
113900247,136,112,24
113900248,4441,759,3682
113900249,1173,140,1033
113900250,36,89,-53
113900251,224,181,43
113900252,235,13,222
113900253,337,22,315
113900254,128,44,84
113900255,181,11,170
113900256,176,26,150
113900257,31,928,-897
113900258,6,638,-632
113900259,239,235,4
113900260,69,20,49
113900261,22,181,-159
113900262,80,923,-843
113900263,24,487,-463
113900264,5,794,-789
113900265,110,274,-164
113900266,26,300,-274
113900267,111,475,-364
113900268,170,303,-133
113900269,48,134,-86
113900270,224,378,-154
113900271,524,1777,-1253
113900273,13,4,9
113900274,16,6,10
113900275,11,59,-48
113900276,2,297,-295
113900277,34,5,29
113900278,371,181,190
113900279,157,86,71
113900280,1062,450,612
113900281,274,946,-672
113900282,732,306,426
113900283,327,423,-96
113900284,720,99,621
113900285,71,31,40
113900286,29,179,-150
113900287,3,66,-63
113900288,1,77,-76
113900289,1905,67,1838
113900290,624,49,575
113900291,172,236,-64
113900292,8,17,-9
113900293,1,256,-255
113900294,190,11,179
113900295,730,188,542
113900296,2779,248,2531
113900297,451,33,418
113900298,1,1610,-1609
113900299,16,186,-170
113900300,6722,2025,4697
113900301,726,174,552
113900302,2770,596,2174
113900303,797,146,651
113900304,1,234,-233
113900305,23,0,23
113900306,3,0,3
113900307,49,0,49
113900308,93,76,17
113900309,4,1013,-1009
113900310,0,26,-26
113900311,2,0,2
113900312,65,93,-28
113900313,16,9,7
114000001,1144,3671,-2527
114000002,77,500,-423
114000003,59,390,-331
114000004,308,631,-323
114000005,154,463,-309
114000006,6786,2482,4304
114000007,742,1774,-1032
114000008,2207,1023,1184
114000009,188,189,-1
114000011,1787,3407,-1620
114000012,977,3062,-2085
114000013,778,2350,-1572
114000014,474,578,-104
114000015,744,692,52
114000016,198,535,-337
114000017,111,240,-129
114000018,504,88,416
114000026,495,2160,-1665
114000027,1005,2309,-1304
114000028,1359,1851,-492
114000038,84,230,-146
114000039,58,166,-108
114000040,58,239,-181
114000042,60,268,-208
114000043,19,268,-249
114000044,61,78,-17
114000045,24,105,-81
114000046,3692,5290,-1598
114000047,15,106,-91
114000048,35,61,-26
114000049,1921,1177,744
114000050,2529,1085,1444
114000051,5972,1345,4627
114000052,3428,1107,2321
114000053,26,379,-353
114000054,55,1829,-1774
114000055,189,27,162
114000056,1182,656,526
114000057,9572,2359,7213
114000058,391,434,-43
114000059,193,186,7
114000060,343,1324,-981
114000061,3557,1173,2384
114000062,1576,593,983
114000063,4488,1991,2497
114000064,8513,2309,6204
114000065,2069,2193,-124
114000066,214,608,-394
114000067,15,269,-254
114000068,557,370,187
114000069,937,435,502
114000070,2464,1188,1276
114000071,348,870,-522
114000072,89,456,-367
114000073,10,173,-163
114000074,11,13,-2
114000075,15,272,-257
114000076,13,236,-223
114000077,6,69,-63
114000078,110,1899,-1789
114000079,40,39,1
114000080,89,152,-63
114000081,50,90,-40
114000082,100,812,-712
114000083,20,368,-348
114000084,67,87,-20
114000085,82,1060,-978
114000086,96,886,-790
114000087,24,423,-399
114000088,27,75,-48
114000089,1791,600,1191
114000090,654,422,232
114000091,1964,403,1561
114000092,1091,272,819
114000093,815,722,93
114000094,283,439,-156
114000095,46,54,-8
114000096,71,722,-651
114000097,92,1350,-1258
114000098,150,35,115
114000099,128,1164,-1036
114000100,399,974,-575
114000101,228,1747,-1519
114000102,108,261,-153
114000103,88,626,-538
114000104,7,442,-435
114000105,22,65,-43
114000106,852,311,541
114000107,65,108,-43
114000108,2227,1481,746
114000109,189,282,-93
114000110,590,2152,-1562
114000111,475,334,141
114000112,159,1774,-1615
114000113,354,318,36
114000114,1049,1755,-706
114000115,606,388,218
114000116,291,320,-29
114000117,740,293,447
114000118,739,259,480
114000119,478,200,278
114000120,501,1068,-567
114000121,306,562,-256
114000122,292,234,58
114000123,423,188,235
114000124,212,207,5
114000125,606,2012,-1406
114000126,519,155,364
114000127,87,186,-99
114000128,446,548,-102
114000130,256,301,-45
114000131,82,35,47
114000132,744,1224,-480
114000133,1707,1772,-65
114000134,40,284,-244
114000138,101,240,-139
114000139,1082,83,999
114000144,493,239,254
114000145,82,218,-136
114000146,65,442,-377
114000147,637,522,115
114000148,1957,953,1004
114000149,350,116,234
114000150,1244,782,462
114000151,770,751,19
114000152,235,18,217
114000153,1292,1244,48
114000154,932,842,90
114000155,1906,1316,590
114000156,915,380,535
114000157,325,617,-292
114000158,2653,826,1827
114000159,256,449,-193
114000160,251,254,-3
114000161,1608,857,751
114000162,1205,616,589
114000163,7,214,-207
114000165,161,96,65
114000166,710,134,576
114000167,5874,1272,4602
114000168,908,787,121
114000169,2174,456,1718
114000170,861,284,577
114000171,447,572,-125
114000174,270,518,-248
114000176,735,406,329
114000177,1962,908,1054
114000178,20,82,-62
114000179,1160,476,684
114000180,286,632,-346
114000181,1528,1684,-156
114000182,7458,1925,5533
114000183,928,844,84
114000184,484,2142,-1658
114000185,749,742,7
114000189,183,22,161
114000190,841,112,729
114000191,11,30,-19
114000192,380,1786,-1406
114000193,937,3659,-2722
114000194,875,1331,-456
114000195,41,4,37
114000196,2,416,-414
114000197,387,59,328
114000198,1155,422,733
114000199,1548,832,716
114000200,544,3046,-2502
114000201,128,1354,-1226
114000202,767,842,-75
114000203,276,953,-677
114000204,97,447,-350
114000205,270,2265,-1995
114000206,270,1493,-1223
114000207,617,2760,-2143
114000208,516,3694,-3178
114000209,645,3744,-3099
114000210,280,2027,-1747
114000211,673,1639,-966
114000212,553,692,-139
114000213,856,626,230
114000214,41,285,-244
114000215,67,54,13
114000216,363,163,200
114000217,87,344,-257
114000218,75,374,-299
114000219,408,323,85
114000220,11,1636,-1625
114000221,200,89,111
114000222,191,1460,-1269
114000223,197,50,147
114000224,85,720,-635
114000225,75,524,-449
114000226,48,219,-171
114000227,492,433,59
114000228,376,1092,-716
114000229,378,1338,-960
114000230,845,1723,-878
114000231,390,1155,-765
114000232,264,132,132
114000233,784,144,640
114000234,629,1158,-529
114000235,511,1674,-1163
114000236,2,529,-527
114000237,69,1373,-1304
114000238,19,149,-130
114000239,137,1689,-1552
114000240,437,634,-197
114000241,265,1178,-913
114000242,883,994,-111
114000243,626,676,-50
114000244,315,333,-18
114000245,260,658,-398
114000246,117,36,81
114000247,395,783,-388
114000248,450,397,53
114000249,332,464,-132
114000250,212,573,-361
114000251,76,374,-298
114000252,41,134,-93
114000253,44,347,-303
114000254,11,130,-119
114000255,463,134,329
114000256,1511,421,1090
114000257,510,2599,-2089
114000258,78,606,-528
114000259,52,308,-256
114000260,0,22,-22
114000261,21,13,8
114000262,33,238,-205
114000263,1,1,0
114000264,209,853,-644
114000265,0,17,-17
114000267,1,991,-990
114000268,7,2378,-2371
114000270,74,0,74
114000271,195,128,67
114000283,420,419,1
114000285,61,399,-338
114000288,44,479,-435
114000289,903,95,808
114000293,62,332,-270
114000294,124,474,-350
114000395,533,46,487
114000396,136,217,-81
114000402,131,400,-269
114000403,166,708,-542
114000405,46,783,-737
114000423,46,657,-611
114000424,198,288,-90
114000425,113,756,-643
114000426,188,378,-190
114000427,29,194,-165
114000428,269,47,222
114000429,7,271,-264
114000432,24,171,-147
114000434,11,184,-173
114000435,2,205,-203
114000436,5987,1726,4261
114000437,355,573,-218
114900001,181,1777,-1596
114900002,284,63,221
114900003,177,2753,-2576
114900004,66,132,-66
114900005,196,1111,-915
114900006,10,17,-7
114900007,48,4,44
114900008,76,19,57
114900010,2989,1944,1045
114900011,38,62,-24
114900013,45,55,-10
114900015,19,107,-88
114900018,577,45,532
114900020,40,37,3
114900022,12,515,-503
114900024,64,158,-94
114900025,210,305,-95
114900026,15,53,-38
114900027,261,257,4
114900029,7,12,-5
114900030,96,261,-165
114900031,66,24,42
114900032,97,27,70
114900033,1297,249,1048
114900034,29,343,-314
114900035,129,253,-124
114900036,205,1473,-1268
114900037,69,266,-197
114900038,120,1464,-1344
114900039,553,933,-380
114900040,44,246,-202
114900041,209,916,-707
114900042,363,1139,-776
114900043,624,381,243
114900044,26,17,9
114900046,59,185,-126
114900047,144,1048,-904
114900048,19,213,-194
114900049,9,283,-274
114900050,12,779,-767
114900051,20,641,-621
114900052,77,207,-130
114900053,69,228,-159
114900054,58,163,-105
114900057,114,0,114
114900058,0,120,-120
114900059,34,17,17
114900060,2036,230,1806
114900061,51,257,-206
114900062,369,297,72
114900063,76,300,-224
114900064,397,947,-550
114900065,128,753,-625
114900067,15,434,-419
114900068,59,175,-116
114900069,376,198,178
114900070,172,909,-737
114900072,15,276,-261
114900073,0,267,-267
114900074,111,1262,-1151
114900075,69,2,67
114900076,4,460,-456
114900080,3611,464,3147
114900082,4364,1495,2869
114900083,480,793,-313
114900090,136,109,27
114900091,113,210,-97
114900095,453,105,348
114900096,751,624,127
114900097,17,0,17
114900098,4,226,-222
114900099,31,1,30
115000001,9545,7787,1758
115000002,2272,2700,-428
115000003,3564,5642,-2078
115000004,1612,3805,-2193
115000005,962,3178,-2216
115000006,333,1183,-850
115000007,32,141,-109
115000008,341,382,-41
115000009,97,332,-235
115000010,187,143,44
115000013,77,93,-16
115000015,61,86,-25
115000016,199,206,-7
115000019,10,409,-399
115000020,160,172,-12
115000021,239,371,-132
115000022,383,381,2
115000023,196,343,-147
115000024,981,624,357
115000025,564,363,201
115000026,146,395,-249
115000027,101,204,-103
115000028,93,615,-522
115000029,169,147,22
115000030,184,789,-605
115000031,461,252,209
115000032,6,241,-235
115000033,94,17,77
115000034,92,815,-723
115000035,646,17,629
115000036,2,437,-435
115000037,123,1,122
115000038,28,220,-192
115000039,2545,1660,885
115000040,6915,2556,4359
115000041,868,1838,-970
115000042,665,634,31
115000043,2487,2159,328
115000044,3180,4624,-1444
115000045,1477,2875,-1398
115000046,1017,2163,-1146
115000047,878,1812,-934
115000048,1090,3350,-2260
115000049,1299,3027,-1728
115000050,1819,1591,228
115000051,2029,1047,982
115000052,3240,1938,1302
115000053,1031,857,174
115000054,958,1601,-643
115000055,27,372,-345
115000056,98,211,-113
115000057,277,500,-223
115000058,220,103,117
115000059,142,237,-95
115000061,111,100,11
115000062,54,329,-275
115000063,95,390,-295
115000064,131,194,-63
115000065,15,167,-152
115000067,142,15,127
115000069,39,353,-314
115000070,34,744,-710
115000071,90,4,86
115000072,38,73,-35
115000073,1095,26,1069
115000075,34,40,-6
115000076,3045,4010,-965
115000077,1021,4614,-3593
115000078,342,2246,-1904
115000079,829,2687,-1858
115000080,1114,3462,-2348
115000081,308,1045,-737
115000082,2207,2580,-373
115000083,1241,4124,-2883
115000084,658,1041,-383
115000085,315,1344,-1029
115000086,382,1082,-700
115000087,496,1655,-1159
115000088,1352,607,745
115000089,1564,1650,-86
115000090,924,515,409
115000091,226,1444,-1218
115000092,226,253,-27
115000093,309,1,308
115000094,8319,4115,4204
115000095,6594,3914,2680
115000096,429,2681,-2252
115000097,287,777,-490
115000098,411,930,-519
115000099,974,3775,-2801
115000100,398,539,-141
115000101,337,1772,-1435
115000102,224,162,62
115000103,382,1004,-622
115000105,60,273,-213
115000106,155,227,-72
115000107,118,715,-597
115000108,4127,3168,959
115000109,5453,1901,3552
115000110,1092,567,525
115000111,746,1482,-736
115000112,576,389,187
115000113,957,854,103
115000114,1683,875,808
115000116,3101,1046,2055
115000117,3935,1442,2493
115000118,2312,1214,1098
115000119,2639,1481,1158
115000120,904,541,363
115000121,1853,686,1167
115000122,4090,703,3387
115000123,2085,915,1170
115000124,414,400,14
115000125,293,610,-317
115000126,127,258,-131
115000127,234,154,80
115000128,1103,613,490
115000129,167,105,62
115000130,172,1523,-1351
115000131,236,298,-62
115000132,59,630,-571
115000133,121,367,-246
115000134,73,213,-140
115000135,69,265,-196
115000136,73,220,-147
115000137,54,211,-157
115000138,102,207,-105
115000139,99,354,-255
115000140,72,176,-104
115000141,115,454,-339
115000142,45,363,-318
115000143,154,467,-313
115000144,255,118,137
115000145,83,581,-498
115000146,125,230,-105
115000147,274,609,-335
115000148,273,2004,-1731
115000149,231,171,60
115000150,497,1908,-1411
115000151,317,411,-94
115000152,366,2248,-1882
115000153,281,383,-102
115000154,293,345,-52
115000155,391,1547,-1156
115000156,523,487,36
115000157,812,988,-176
115000158,650,318,332
115000159,586,367,219
115000160,534,534,0
115000161,427,616,-189
115000162,623,366,257
115000163,576,513,63
115000164,442,485,-43
115000165,218,268,-50
115000167,33,64,-31
115000168,508,340,168
115000169,518,465,53
115000170,43,131,-88
115000171,178,152,26
115000172,2022,677,1345
115000173,214,243,-29
115000174,31,150,-119
115000175,45,105,-60
115000176,194,27,167
115000177,135,72,63
115000178,15,371,-356
115000179,12,22,-10
115000180,59,753,-694
115000181,233,134,99
115000182,290,422,-132
115000183,78,1151,-1073
115000186,503,288,215
115000187,86,754,-668
115000188,480,330,150
115000189,248,439,-191
115000190,587,278,309
115000191,376,397,-21
115000194,151,104,47
115000195,322,168,154
115000196,77,163,-86
115000197,129,504,-375
115000198,106,274,-168
115000199,80,417,-337
115000200,180,97,83
115000201,35,539,-504
115000206,85,48,37
115000207,25,397,-372
115000208,587,708,-121
115000209,272,156,116
115000210,82,98,-16
115000211,168,194,-26
115000212,1162,352,810
115000224,91,59,32
115000225,56,54,2
115000229,234,143,91
115000230,39,446,-407
115000231,261,2600,-2339
115000232,536,360,176
115000233,33,267,-234
115000234,12,195,-183
115000241,47,312,-265
115000242,54,339,-285
115000243,22,264,-242
115000244,3,114,-111
115000246,11,9,2
115000247,20,6,14
115000248,13,13,0
115000249,13,5,8
115000250,67,60,7
115000251,66,185,-119
115000252,29,146,-117
115000253,7,158,-151
115000258,87,229,-142
115000259,282,165,117
115000261,6,63,-57
115000262,4,13,-9
115000263,5,21,-16
115000264,2,15,-13
115000267,28,74,-46
115000268,28,70,-42
115000269,66,67,-1
115000270,2,33,-31
115000272,48,104,-56
115000273,167,16,151
115000280,2576,65,2511
115000281,805,91,714
115000282,1610,321,1289
115000284,303,46,257
115000296,333,5,328
115000297,155,30,125
115000298,148,80,68
115000300,45,248,-203
115000302,117,207,-90
115000303,151,158,-7
115000304,223,98,125
115000305,64,1308,-1244
115000306,68,826,-758
115000307,19,306,-287
115000308,55,12,43
115000309,12,5,7
115000310,456,1614,-1158
115000311,274,1569,-1295
115000313,74,931,-857
115000314,93,48,45
115000315,1242,194,1048
115000316,17,52,-35
115000317,119,625,-506
115000318,371,189,182
115000319,26,290,-264
115000320,15,136,-121
115000321,159,14,145
115000322,29,242,-213
115000449,454,127,327
115000557,0,225,-225
115000558,117,59,58
115000587,184,275,-91
115000588,1901,4411,-2510
115000589,2101,2298,-197
115000590,645,1564,-919
115000591,1249,591,658
115000592,803,1359,-556
115000593,1190,382,808
115000594,796,1161,-365
115000609,122,76,46
115000617,1895,853,1042
115000624,74,121,-47
115000633,296,1856,-1560
115000634,2170,667,1503
115000635,177,115,62
115000638,1460,740,720
115000641,85,98,-13
115000642,398,212,186
115000643,110,585,-475
115000644,105,565,-460
115000646,660,791,-131
115000647,149,469,-320
115000648,496,1741,-1245
115000893,3233,650,2583
115000894,80,1231,-1151
115000895,168,945,-777
115000896,574,233,341
115000897,457,72,385
115000898,844,207,637
115000899,1085,843,242
115000900,70,327,-257
115000901,55,75,-20
115000912,167,63,104
115000913,3,47,-44
115000915,14,0,14
115000916,0,0,0
115000917,0,1,-1
115000918,84,112,-28
115000919,19,8,11
115000920,10,14,-4
115000921,1678,60,1618
115000922,702,301,401
115000923,348,639,-291
115000925,34,65,-31
115000927,4,24,-20
115000933,242,89,153
115000934,39,349,-310
115000935,19,162,-143
115000936,28,134,-106
115000937,878,105,773
115000938,60,53,7
115000939,68,30,38
115900001,21,102,-81
115900002,146,188,-42
115900003,73,109,-36
115900004,3,43,-40
115900005,36,4,32
115900006,39,416,-377
115900008,8,23,-15
115900009,42,321,-279
115900010,104,232,-128
115900011,120,291,-171
115900012,29,126,-97
115900013,392,129,263
115900014,80,140,-60
115900015,14,162,-148
115900016,39,18,21
115900017,1,1,0
115900018,169,74,95
115900019,561,14,547
115900020,18,0,18
115900021,1946,58,1888
115900022,2355,7,2348
115900023,5,0,5
115900025,65,110,-45
115900026,987,379,608
115900027,2,614,-612
115900028,567,53,514
115900029,5,706,-701
115900030,14,11,3
115900031,270,106,164
115900032,254,612,-358
115900033,1,57,-56
115900034,11,670,-659
115900035,31,93,-62
115900036,277,168,109
115900037,14,616,-602
115900038,6,15,-9
115900039,55,338,-283
115900041,254,158,96
115900042,5,7,-2
115900043,14,190,-176
115900044,175,163,12
115900046,106,278,-172
115900047,37,31,6
115900049,55,257,-202
115900051,5,116,-111
115900052,16,364,-348
115900053,33,359,-326
115900054,35,48,-13
115900055,22,191,-169
115900056,86,512,-426
115900057,7,1,6
115900058,27,93,-66
115900060,23,131,-108
115900061,39,0,39
115900062,10,454,-444
115900063,25,12,13
115900064,128,223,-95
115900065,27,150,-123
115900066,151,205,-54
115900067,3,923,-920
115900068,4469,99,4370
115900069,104,203,-99
115900070,72,329,-257
115900071,2,819,-817
115900072,79,262,-183
115900073,10,19,-9
115900074,8,434,-426
115900075,19,460,-441
115900076,4,116,-112
115900077,15,400,-385
115900078,70,167,-97
115900079,41,7,34
115900080,409,160,249
115900081,8,100,-92
115900082,204,151,53
115900084,73,22,51
115900085,52,16,36
115900086,1734,416,1318
115900088,11,11,0
115900089,70,963,-893
115900090,72,11,61
115900091,0,18,-18
115900092,3,281,-278
115900093,3,67,-64
115900094,3,555,-552
115900096,0,23,-23
115900097,14,695,-681
115900098,49,530,-481
115900099,47,131,-84
115900100,4,710,-706
115900101,53,440,-387
115900102,3,131,-128
115900103,66,290,-224
115900104,15,230,-215
115900105,47,943,-896
115900106,17,18,-1
115900107,6,254,-248
115900108,21,35,-14
115900109,50,555,-505
115900110,0,16,-16
115900111,1,98,-97
115900112,18,1063,-1045
115900113,29,30,-1
115900114,2,195,-193
115900115,9,171,-162
115900116,56,1169,-1113
115900117,27,13,14
115900118,7,498,-491
115900119,41,109,-68
115900120,16,565,-549
115900121,63,272,-209
115900124,134,224,-90
115900125,108,23,85
115900126,248,39,209
115900127,274,15,259
115900128,3,81,-78
115900129,372,25,347
115900130,41,174,-133
115900131,123,5,118
115900132,76,2,74
115900134,73,3,70
115900135,619,414,205
115900137,2,6,-4
115900139,49,19,30
115900140,54,10,44
115900141,1,27,-26
115900142,5,5,0
115900143,47,214,-167
115900144,22,140,-118
115900146,5,158,-153
115900147,98,154,-56
115900148,0,18,-18
115900149,14,26,-12
115900150,16,112,-96
115900151,6,59,-53
115900152,24,416,-392
115900153,24,246,-222
115900154,545,224,321
115900155,0,93,-93
115900156,329,825,-496
115900157,70,486,-416
115900158,28,7,21
115900159,18,329,-311
115900160,15,5,10
115900161,10,203,-193
115900163,84,105,-21
115900164,124,42,82
115900165,1,80,-79
115900166,152,234,-82
115900168,11,163,-152
115900171,52,354,-302
115900172,32,148,-116
115900173,56,139,-83
115900174,178,186,-8
115900175,45,131,-86
115900178,4,925,-921
115900179,40,14,26
115900180,31,378,-347
115900181,55,358,-303
115900182,113,363,-250
115900183,75,2,73
115900184,766,10,756
115900187,2,107,-105
115900189,0,51,-51
115900190,796,363,433
115900191,59,653,-594
115900192,3,54,-51
115900193,168,17,151
115900194,180,25,155
115900195,439,532,-93
115900198,207,231,-24
115900199,99,306,-207
115900200,525,394,131
115900201,142,213,-71
115900202,1,17,-16
115900203,0,1,-1
115900204,0,0,0
115900205,24,2,22
115900206,28,101,-73
115900207,1,27,-26
115900208,44,429,-385
115900209,2,156,-154
115900210,3,172,-169
115900211,1,254,-253
115900212,72,340,-268
115900213,11,16,-5
115900214,104,297,-193
115900215,8,16,-8
115900216,10,70,-60
115900217,1,67,-66
115900218,4,89,-85
115900219,17,6,11
115900220,25,11,14
115900221,13,16,-3
115900222,13,3,10
115900223,3,37,-34
115900224,1827,183,1644
115900225,70,17,53
115900226,8,45,-37
115900227,6,39,-33
115900228,0,49,-49
115900229,6,56,-50
115900230,64,72,-8
115900231,74,1,73
115900232,18,2,16
115900233,30,15,15
115900234,25,15,10
115900235,6,45,-39
115900236,13,13,0
115900237,2,39,-37
115900238,2,20,-18
115900239,25,43,-18
115900240,1,70,-69
115900241,21,89,-68
115900242,116,93,23
115900243,1,11,-10
115900244,1,14,-13
115900245,7,24,-17
115900246,51,1,50
115900247,10,2,8
115900248,11,3,8
115900249,1,10,-9
115900250,5,19,-14
115900251,1,17,-16
115900252,0,2,-2
115900253,5,16,-11
115900254,3,32,-29
115900255,3,5,-2
115900256,14,7,7
115900257,0,5,-5
115900258,0,2,-2
115900259,16,1,15
115900260,16,2,14
115900261,12,0,12
115900262,3,3,0
115900263,5,6,-1
115900264,11,8,3
115900265,0,8,-8
115900266,1,6,-5
115900267,4,3,1
115900268,4,9,-5
115900269,82,443,-361
115900270,99,964,-865
115900271,13,0,13
115900272,4,0,4
115900273,1,8,-7
115900274,0,9,-9
115900275,0,41,-41
115900276,2,119,-117
115900277,1,161,-160
115900278,6,73,-67
115900279,8,76,-68
115900280,24,105,-81
115900281,404,44,360
115900282,6,4,2
115900283,0,0,0
115900284,0,0,0
116000001,20632,5108,15524
116000002,3334,3709,-375
116000003,1588,2016,-428
116000004,1011,1420,-409
116000005,2438,2858,-420
116000006,2120,850,1270
116000007,5327,3962,1365
116000008,3949,1203,2746
116000009,1570,2842,-1272
116000010,835,685,150
116000011,651,1737,-1086
116000012,369,435,-66
116000013,17591,4724,12867
116000014,21929,4142,17787
116000015,537,517,20
116000016,9134,1420,7714
116000017,30,288,-258
116000018,733,363,370
116000019,431,253,178
116000020,433,1366,-933
116000021,163,237,-74
116000022,212,520,-308
116000023,413,389,24
116000024,634,1526,-892
116000025,284,354,-70
116000026,1228,2595,-1367
116000027,485,474,11
116000028,338,441,-103
116000029,1184,677,507
116000030,241,243,-2
116000031,158,259,-101
116000032,98,363,-265
116000033,129,420,-291
116000034,410,818,-408
116000035,144,657,-513
116000036,1799,358,1441
116000037,482,240,242
116000038,414,192,222
116000039,564,279,285
116000040,833,224,609
116000041,300,623,-323
116000042,281,192,89
116000043,37,471,-434
116000044,1,37,-36
116000045,950,728,222
116000046,876,704,172
116000047,1521,1562,-41
116000048,1511,1191,320
116000049,496,1367,-871
116000050,951,1616,-665
116000051,1519,1333,186
116000052,2035,3372,-1337
116000053,863,974,-111
116000054,391,2513,-2122
116000055,252,1921,-1669
116000056,361,773,-412
116000057,2663,2593,70
116000058,2874,1927,947
116000059,1907,2456,-549
116000060,3062,739,2323
116000061,536,862,-326
116000062,411,253,158
116000063,371,1197,-826
116000066,102,183,-81
116000067,176,576,-400
116000068,112,119,-7
116000069,178,572,-394
116000078,120,775,-655
116000080,861,1183,-322
116000082,12,196,-184
116000083,698,349,349
116000084,2186,3728,-1542
116000085,1323,674,649
116000086,1912,1411,501
116000087,742,678,64
116000088,759,1521,-762
116000089,110,74,36
116000090,150,120,30
116000091,196,46,150
116000093,1178,526,652
116000094,302,791,-489
116000095,368,546,-178
116000096,446,1270,-824
116000097,234,770,-536
116000098,226,3456,-3230
116000099,8792,340,8452
116000100,47,11,36
116000101,272,1864,-1592
116000102,122,1416,-1294
116000103,311,216,95
116000104,66,1706,-1640
116000105,494,242,252
116000106,129,1252,-1123
116000107,817,490,327
116000108,3,184,-181
116000111,31,13,18
116000113,91,35,56
116000114,23,156,-133
116000115,121,54,67
116000116,149,740,-591
116000117,693,1338,-645
116000118,687,1684,-997
116000119,1274,1116,158
116000120,1725,5218,-3493
116000121,411,341,70
116000122,1266,2876,-1610
116000123,298,345,-47
116000124,242,1469,-1227
116000125,997,408,589
116000126,289,1634,-1345
116000127,809,1815,-1006
116000128,772,544,228
116000129,304,200,104
116000130,106,171,-65
116000133,273,844,-571
116000134,953,3382,-2429
116000135,718,1281,-563
116000136,816,2514,-1698
116000137,334,580,-246
116000138,1628,541,1087
116000139,1345,2143,-798
116000140,36,238,-202
116000141,258,1146,-888
116000142,3841,3782,59
116000143,1630,1317,313
116000144,865,3302,-2437
116000145,1097,1534,-437
116000146,172,405,-233
116000147,141,87,54
116000148,169,387,-218
116000149,190,507,-317
116000151,349,966,-617
116000153,39,316,-277
116000155,114,212,-98
116000156,1468,1112,356
116000157,28,20,8
116000158,90,482,-392
116000159,11,6,5
116000160,17,130,-113
116000161,15,135,-120
116000162,71,48,23
116000163,7,3,4
116000164,0,6,-6
116000177,27,82,-55
116000194,31,484,-453
116000195,900,570,330
116000196,2,6,-4
116000197,0,8,-8
116000198,1362,790,572
116000200,724,156,568
116000201,412,748,-336
116000202,1,293,-292
116000203,1,96,-95
116000204,10,30,-20
116000205,0,186,-186
116000206,0,105,-105
116000207,3,59,-56
116000233,57,940,-883
116000287,71,640,-569
116000288,30,259,-229
116000292,16,279,-263
116000296,6,350,-344
116000297,41,9,32
116000304,20,51,-31
116000305,1,131,-130
116000346,62,280,-218
116000352,29,47,-18
116000354,19,18,1
116000357,1,2,-1
116000358,88,31,57
116000361,131,7,124
116000372,9755,1467,8288
116000381,26,4,22
116000388,0,65,-65
116000389,377,478,-101
116000445,88,914,-826
116000446,129,1147,-1018
116000447,7,429,-422
116000448,492,192,300
116000563,698,387,311
116000565,68,526,-458
116000566,1,49,-48
116000568,25,111,-86
116000579,21,119,-98
116000584,2,7,-5
116000585,3,4,-1
116000586,256,95,161
116000587,97,447,-350
116000589,9,109,-100
116000590,32,53,-21
116000591,38,297,-259
116000592,9,186,-177
116000593,0,37,-37
116000594,145,674,-529
116000595,269,224,45
116000596,13,21,-8
116000597,81,69,12
116000598,16,349,-333
116000602,128,105,23
116000605,131,127,4
116000606,9,103,-94
116000607,0,71,-71
116000609,147,424,-277
116000611,33,565,-532
116000612,373,1608,-1235
116000613,170,301,-131
116000614,397,990,-593
116000615,1,81,-80
116000616,8,161,-153
116000617,44,179,-135
116000618,0,212,-212
116000619,9,45,-36
116000620,18,21,-3
116000621,29,62,-33
116000622,15,80,-65
116000624,24,72,-48
116000627,2,42,-40
116000628,19,730,-711
116000629,8,600,-592
116000630,59,113,-54
116000631,25,71,-46
116000632,101,588,-487
116000633,5,933,-928
116000634,76,66,10
116000635,1626,849,777
116000636,518,666,-148
116000637,36,7,29
116000638,7,690,-683
116900001,89,116,-27
116900002,266,5,261
116900003,7,115,-108
116900004,13,24,-11
116900005,65,49,16
116900006,219,149,70
116900007,51,189,-138
116900008,116,551,-435
116900009,4,3,1
116900010,1,2009,-2008
116900011,14,31,-17
116900012,135,205,-70
116900013,7,223,-216
116900014,21,466,-445
116900015,102,76,26
116900016,49,2,47
116900017,2,847,-845
116900018,19,20,-1
116900019,4,478,-474
116900020,2041,201,1840
116900023,58,9,49
116900024,111,75,36
116900025,269,1225,-956
116900026,142,700,-558
116900027,6,63,-57
116900028,2,131,-129
116900029,19,6,13
116900031,0,16,-16
116900032,8,429,-421
116900033,2,3,-1
116900034,8,74,-66
116900035,67,182,-115
116900036,0,93,-93
116900038,12,0,12
116900041,10,6,4
116900042,1001,167,834
116900043,5,52,-47
116900047,74,43,31
116900049,36,227,-191
116900050,47,368,-321
116900051,28,333,-305
116900052,165,62,103
116900055,0,4,-4
116900057,12,309,-297
116900058,17,407,-390
116900059,2,171,-169
116900060,75,256,-181
116900062,0,8,-8
116900064,27,1130,-1103
116900065,5,85,-80
116900067,41,167,-126
116900068,95,636,-541
116900070,0,1,-1
116900072,7,549,-542
116900073,11,215,-204
116900074,2,39,-37
116900076,7,14,-7
116900077,5,244,-239
116900078,217,193,24
116900079,11,429,-418
116900080,7,24,-17
116900081,206,1546,-1340
116900082,179,1247,-1068
116900083,40,90,-50
116900084,125,43,82
116900085,12,173,-161
116900086,16,227,-211
116900088,417,49,368
116900090,183,47,136
116900091,78,146,-68
116900092,42,837,-795
116900093,1933,1338,595
116900094,7465,1448,6017
116900095,146,181,-35
116900096,77,77,0
116900097,3333,1005,2328
116900098,1004,122,882
116900099,430,236,194
116900100,278,4,274
116900101,231,786,-555
116900103,0,1,-1
116900104,36,39,-3
116900105,86,23,63
116900106,392,525,-133
116900107,4638,837,3801
116900110,3,2,1
116900111,80,1461,-1381
116900112,110,892,-782
116900113,3082,593,2489
116900116,70,175,-105
116900117,9,70,-61
116900118,1109,377,732
116900120,66,106,-40
116900121,28,63,-35
116900122,178,1004,-826
116900123,59,890,-831
116900124,102,961,-859
116900125,95,279,-184
116900126,291,385,-94
116900128,0,43,-43
116900129,3,550,-547
116900130,1368,1891,-523
116900131,46,148,-102
116900132,11,59,-48
116900133,38,105,-67
116900134,129,177,-48
116900136,166,148,18
116900137,182,175,7
116900138,81,208,-127
116900139,84,390,-306
116900140,99,213,-114
116900141,287,302,-15
116900142,0,15,-15
116900143,93,566,-473
116900144,7,30,-23
116900145,45,406,-361
116900147,424,292,132
116900148,1,18,-17
116900149,7,96,-89
116900150,8,4,4
116900151,51,25,26
116900153,25,59,-34
116900154,374,110,264
116900155,21,27,-6
116900157,93,371,-278
116900158,56,100,-44
116900159,28,179,-151
116900160,349,190,159
116900161,10196,2526,7670
116900162,2,178,-176
116900163,36,186,-150
116900164,6,33,-27
116900165,67,64,3
116900166,6,103,-97
116900167,145,67,78
116900168,62,134,-72
116900169,461,115,346
116900170,102,176,-74
116900171,15,305,-290
116900172,224,48,176
116900173,43,51,-8
116900174,6,14,-8
116900175,99,72,27
116900178,5,263,-258
116900179,59,46,13
116900180,35,42,-7
116900182,179,250,-71
116900183,77,79,-2
116900185,0,26,-26
116900186,60,481,-421
116900187,14,10,4
116900188,48,20,28
116900189,16,1,15
116900191,197,372,-175
116900192,126,183,-57
116900194,8,333,-325
116900195,24,7,17
116900196,14,150,-136
116900197,17,2,15
116900198,359,109,250
116900200,12,39,-27
116900201,22,6,16
116900202,125,61,64
116900203,62,1,61
116900204,24,35,-11
116900206,4,42,-38
116900207,5,12,-7
116900208,8,174,-166
116900209,13,139,-126
116900210,171,151,20
116900211,217,11,206
116900212,9,109,-100
116900213,79,230,-151
116900214,32,138,-106
116900215,38,95,-57
116900216,140,436,-296
116900218,3,412,-409
116900219,693,374,319
116900220,105,222,-117
116900221,26,245,-219
116900222,273,326,-53
116900223,67,197,-130
116900226,8,93,-85
116900227,59,57,2
116900228,135,280,-145
116900230,31,451,-420
116900231,10,535,-525
116900232,6,485,-479
116900233,71,83,-12
116900234,5,2,3
116900235,74,332,-258
116900238,1407,305,1102
116900239,14,583,-569
116900240,6094,1509,4585
116900241,22,175,-153
116900242,459,108,351
116900243,2,126,-124
116900245,11,14,-3
116900246,13,7,6
116900247,160,9,151
116900248,33,20,13
116900249,83,126,-43
116900250,92,45,47
116900251,434,117,317
116900252,29,1053,-1024
116900253,31,80,-49
116900254,3,100,-97
116900255,78,16,62
116900256,86,63,23
116900257,6,768,-762
116900258,5,467,-462
116900259,40,2,38
116900260,0,171,-171
116900261,3,1,2
116900262,45,109,-64
116900263,0,3,-3
116900264,0,0,0
116900265,1,0,1
116900266,1,59,-58
116900267,1,0,1
116900268,4,11,-7
116900269,251,595,-344
116900271,3493,78,3415
116900272,399,616,-217
116900273,165,17,148
116900274,31,94,-63
116900275,23,143,-120
116900276,1108,31,1077
116900277,705,21,684
116900278,3,17,-14
116900279,0,12,-12
116900280,4,32,-28
116900281,8247,1294,6953
116900282,2,148,-146
116900283,13,140,-127
116900284,23,231,-208
116900285,405,103,302
116900286,210,8,202
116900287,6,117,-111
116900288,16,129,-113
116900289,2,46,-44
116900290,0,50,-50
116900291,2,7,-5
116900292,0,5,-5
116900293,5,107,-102
116900294,19,98,-79
116900295,142,49,93
116900296,24,13,11
116900297,2,40,-38
116900298,78,35,43
116900299,23,61,-38
116900300,110,227,-117
116900301,67,77,-10
116900302,17,24,-7
116900303,403,33,370
116900304,0,79,-79
116900305,7,11,-4
116900306,12,100,-88
117000001,775,977,-202
117000002,1106,4212,-3106
117000003,4257,2358,1899
117000004,3878,4620,-742
117000005,744,1165,-421
117000006,698,4325,-3627
117000007,1676,1084,592
117000008,1051,4239,-3188
117000009,3530,1026,2504
117000010,2483,4456,-1973
117000011,811,1649,-838
117000012,800,1936,-1136
117000013,529,1088,-559
117000014,489,2515,-2026
117000015,2362,981,1381
117000016,217,44,173
117000017,256,123,133
117000018,102,242,-140
117000019,75,4,71
117000020,715,731,-16
117000021,3310,278,3032
117000022,396,52,344
117000023,396,83,313
117000024,402,60,342
117000025,551,673,-122
117000026,1811,529,1282
117000027,1604,1013,591
117000028,1054,383,671
117000030,422,450,-28
117000031,249,154,95
117000032,1629,1411,218
117000033,953,686,267
117000034,188,324,-136
117000035,153,149,4
117000036,210,264,-54
117000037,102,199,-97
117000038,168,309,-141
117000039,184,320,-136
117000040,145,1574,-1429
117000041,538,146,392
117000044,25,1346,-1321
117000045,199,46,153
117000046,367,756,-389
117000047,259,522,-263
117000048,1873,1466,407
117000049,131,385,-254
117000050,74,3088,-3014
117000051,1097,163,934
117000052,9,735,-726
117000053,118,76,42
117000054,832,3,829
117000055,16,4164,-4148
117000056,302,9,293
117000057,644,2054,-1410
117000060,335,2474,-2139
117000061,607,556,51
117000062,185,526,-341
117000063,679,583,96
117000064,866,650,216
117000066,1314,609,705
117000067,137,317,-180
117000074,203,105,98
117000076,103,28,75
117000077,141,37,104
117000078,54,561,-507
117000079,156,140,16
117000080,1,414,-413
117000081,390,92,298
117000082,3,48,-45
117000083,47,8,39
117000084,232,5,227
117000085,103,402,-299
117000086,973,754,219
117000087,62,386,-324
117000088,277,166,111
117000089,869,335,534
117000090,168,1802,-1634
117000091,341,370,-29
117000092,220,2305,-2085
117000093,475,599,-124
117000094,452,2905,-2453
117000095,1009,744,265
117000096,363,3235,-2872
117000097,546,1010,-464
117000098,2709,6921,-4212
117000099,1163,701,462
117000100,91,121,-30
117000101,230,1784,-1554
117000102,728,476,252
117000103,675,2050,-1375
117000104,710,428,282
117000105,523,2450,-1927
117000106,475,597,-122
117000107,325,3053,-2728
117000108,554,651,-97
117000109,1803,3492,-1689
117000110,717,452,265
117000111,2290,4091,-1801
117000112,1604,1873,-269
117000113,68,476,-408
117000114,38,81,-43
117000115,30,235,-205
117000116,30,198,-168
117000117,1182,279,903
117000118,120,132,-12
117000119,131,30,101
117000120,128,32,96
117000121,38,182,-144
117000122,449,532,-83
117000123,1354,21,1333
117000124,224,25,199
117000125,259,55,204
117000126,47,37,10
117000127,116,299,-183
117000128,381,391,-10
117000129,366,220,146
117000130,57,1,56
117000131,0,123,-123
117000132,961,39,922
117000133,509,236,273
117000134,1,64,-63
117000135,2,29,-27
117000136,1,52,-51
117000137,34,66,-32
117000138,2,467,-465
117000140,297,2314,-2017
117000141,619,469,150
117000181,1228,316,912
117000182,186,148,38
117000195,147,1637,-1490
117000196,77,39,38
117000225,89,2,87
117000226,9,88,-79
117000276,68,12,56
117000277,2,628,-626
117000310,1983,2380,-397
117000315,35,315,-280
117000320,18,0,18
117000906,78,10,68
117000907,5,599,-594
117000908,31,2,29
117000909,42,24,18
117000910,168,122,46
117000911,126,337,-211
117000915,9,714,-705
117000916,5,1,4
117000917,408,17,391
117000918,53,31,22
117000919,15,181,-166
117000920,5,1944,-1939
117000921,8,2722,-2714
117000922,30,77,-47
117000924,161,506,-345
117000926,1500,53,1447
117000927,668,197,471
117000928,0,271,-271
117000929,161,635,-474
117000930,44,17,27
117000931,345,30,315
117900002,99,316,-217
117900003,996,227,769
117900005,24,3,21
117900006,0,31,-31
117900007,89,203,-114
117900008,1,56,-55
117900010,47,163,-116
117900011,30,15,15
117900012,21,229,-208
117900013,0,418,-418
117900014,148,330,-182
117900015,18,306,-288
117900016,1325,299,1026
117900017,141,578,-437
117900018,150,22,128
117900019,110,614,-504
117900020,48,109,-61
117900021,15,137,-122
117900022,16,29,-13
117900023,781,56,725
117900024,41,265,-224
117900025,38,31,7
117900026,173,496,-323
117900028,17,1,16
117900029,86,1047,-961
117900030,97,113,-16
117900031,50,52,-2
117900032,466,194,272
117900033,72,1105,-1033
117900034,31,37,-6
117900035,52,52,0
117900036,147,850,-703
117900037,23,122,-99
117900038,10,445,-435
117900039,5,102,-97
117900040,117,717,-600
117900041,2,60,-58
117900042,5042,394,4648
117900043,9,52,-43
117900044,7,1174,-1167
117900045,47,57,-10
117900048,74,419,-345
117900049,54,652,-598
117900050,5,40,-35
117900051,7,7,0
117900052,30,173,-143
117900053,475,697,-222
117900054,1,9,-8
117900055,81,96,-15
117900056,193,18,175
117900057,650,1363,-713
117900058,36,2,34
117900059,441,64,377
117900060,505,6459,-5954
117900061,8,78,-70
117900063,70,177,-107
117900065,726,1122,-396
117900066,4,38,-34
117900067,136,346,-210
117900069,197,443,-246
117900070,118,6,112
117900071,46,126,-80
117900073,127,386,-259
117900074,106,5,101
117900075,28,120,-92
117900076,4,54,-50
117900077,160,88,72
117900078,157,296,-139
117900080,40,55,-15
117900081,635,438,197
117900082,157,131,26
117900083,112,783,-671
117900086,16,57,-41
117900087,36,66,-30
117900088,2734,1594,1140
117900089,928,266,662
117900090,121,922,-801
117900091,138,151,-13
117900092,11,68,-57
117900093,19,101,-82
117900094,6,2,4
117900095,82,662,-580
117900096,34,293,-259
117900097,130,71,59
117900098,5,2,3
117900099,56,533,-477
117900100,30,0,30
117900101,358,757,-399
117900102,11,52,-41
117900103,11,0,11
117900104,4,147,-143
117900105,100,174,-74
117900106,25,62,-37
117900107,3,3,0
117900109,167,295,-128
117900110,11,0,11
117900111,141,12,129
117900112,14,23,-9
117900113,4065,1350,2715
117900114,4,0,4
117900115,74,18,56
117900116,982,716,266
117900117,254,357,-103
117900118,34,0,34
117900119,43,379,-336
117900120,154,103,51
117900121,14,22,-8
117900122,913,931,-18
117900123,400,895,-495
117900124,513,546,-33
117900125,919,624,295
117900126,345,583,-238
117900127,211,737,-526
117900128,103,1044,-941
117900129,19,0,19
117900130,677,322,355
117900131,0,115,-115
117900132,8,148,-140
117900133,1,227,-226
117900134,54,253,-199
117900135,12,312,-300
117900136,0,88,-88
117900137,18,411,-393
117900138,0,72,-72
117900139,54,117,-63
117900140,5087,119,4968
117900141,93,256,-163
117900142,8,11,-3
117900144,38,68,-30
117900145,42,1,41
117900146,80,54,26
117900147,12,43,-31
117900148,2653,941,1712
117900149,9,211,-202
117900150,20,200,-180
117900151,17,160,-143
117900152,60,99,-39
117900153,12,88,-76
117900154,119,624,-505
117900156,604,511,93
117900157,42,348,-306
117900158,61,54,7
117900160,258,194,64
117900161,2498,2239,259
117900162,90,286,-196
117900163,49,11,38
117900165,0,4,-4
117900166,121,116,5
117900168,63,180,-117
117900169,0,135,-135
117900170,0,31,-31
117900171,2,23,-21
117900172,6,38,-32
117900173,139,34,105
117900174,40,45,-5
117900175,2,22,-20
117900176,9,58,-49
117900177,1,48,-47
117900178,81,33,48
117900180,251,16,235
117900181,123,98,25
117900182,1,15,-14
117900183,10,141,-131
117900184,1,50,-49
117900185,1,22,-21
117900186,17,26,-9
117900187,12,7,5
117900188,198,6,192
117900189,56,7,49
117900190,8,0,8
117900191,28,0,28
117900192,54,1,53
117900193,6,46,-40
117900194,4,2,2
117900195,9,26,-17
117900196,4,28,-24
117900207,78,70,8
117900208,35,61,-26
117900209,75,146,-71
117900210,161,116,45
117900211,6,270,-264
117900212,83,136,-53
117900213,2,5,-3
117900214,2,35,-33
117900215,6,34,-28
117900216,21,5,16
117900217,79,27,52
117900218,187,144,43
117900219,8,34,-26
117900220,21,50,-29
117900222,93,271,-178
117900223,82,104,-22
118000001,463,282,181
118000002,1114,1919,-805
118000003,976,721,255
118000004,2475,2126,349
118000005,5132,1220,3912
118000006,8558,6122,2436
118000007,6564,1587,4977
118000008,5315,2816,2499
118000009,2197,4084,-1887
118000010,5756,4821,935
118000011,680,3808,-3128
118000012,934,3644,-2710
118000013,3489,3476,13
118000014,2193,3811,-1618
118000016,239,694,-455
118000017,141,394,-253
118000018,230,865,-635
118000019,1533,1199,334
118000020,1214,1103,111
118000021,671,1469,-798
118000022,2066,531,1535
118000023,1080,223,857
118000024,1640,606,1034
118000027,17535,4256,13279
118000029,1356,431,925
118000032,1351,1106,245
118000033,2427,1783,644
118000034,4638,1752,2886
118000035,1469,1322,147
118000036,761,902,-141
118000037,449,927,-478
118000038,101,108,-7
118000039,60,445,-385
118000040,1163,2492,-1329
118000041,1286,1621,-335
118000045,711,110,601
118000046,1622,515,1107
118000047,1569,310,1259
118000048,3235,1117,2118
118000051,2439,724,1715
118000052,1887,479,1408
118000053,722,412,310
118000054,4292,1327,2965
118000055,3964,1237,2727
118000056,430,288,142
118000057,510,273,237
118000058,2927,884,2043
118000059,1575,575,1000
118000060,604,870,-266
118000061,605,1201,-596
118000062,363,209,154
118000063,237,390,-153
118000064,799,1069,-270
118000065,5064,1272,3792
118000066,706,832,-126
118000067,1447,978,469
118000068,1573,2509,-936
118000069,3181,1356,1825
118000070,8646,1468,7178
118000071,3938,3742,196
118000072,1906,742,1164
118000073,2771,451,2320
118000074,275,298,-23
118000075,959,346,613
118000076,1001,915,86
118000077,1235,1076,159
118000078,1406,1799,-393
118000079,324,469,-145
118000080,915,760,155
118000081,1079,1136,-57
118000082,276,583,-307
118000083,2766,905,1861
118000084,2706,1579,1127
118000086,158,699,-541
118000087,6813,2371,4442
118000088,2101,2066,35
118000089,3954,2867,1087
118000090,2396,1822,574
118000091,1929,1426,503
118000092,1373,349,1024
118000093,151,566,-415
118000096,408,415,-7
118000097,439,421,18
118000098,139,188,-49
118000099,197,1176,-979
118000101,466,406,60
118000102,201,1965,-1764
118000107,3824,448,3376
118000108,393,518,-125
118000110,2,22,-20
118000111,2,820,-818
118000112,107,1,106
118000113,7,1232,-1225
118000114,68,1,67
118000115,6,0,6
118000116,42,0,42
118000117,1012,937,75
118000118,568,688,-120
118000119,673,1358,-685
118000120,1189,1580,-391
118000121,38,409,-371
118000122,626,106,520
118000123,42,284,-242
118000125,1637,1460,177
118000126,423,1896,-1473
118000127,1190,594,596
118000128,592,1216,-624
118000129,752,287,465
118000130,3478,5496,-2018
118000131,605,1197,-592
118000132,1995,1421,574
118000133,306,474,-168
118000135,319,301,18
118000136,111,593,-482
118000137,400,84,316
118000138,174,1122,-948
118000139,109,148,-39
118000140,2009,2358,-349
118000141,1245,2138,-893
118000142,958,2492,-1534
118000143,768,889,-121
118000144,1527,988,539
118000145,1212,3947,-2735
118000146,723,2180,-1457
118000147,589,2167,-1578
118000148,258,1394,-1136
118000149,455,1155,-700
118000150,164,218,-54
118000151,128,470,-342
118000153,445,1187,-742
118000154,393,1417,-1024
118000155,454,1301,-847
118000156,2283,2063,220
118000157,359,317,42
118000158,86,543,-457
118000159,23,57,-34
118000160,213,518,-305
118000161,200,1159,-959
118000162,978,730,248
118000163,307,688,-381
118000164,2009,1442,567
118000168,1993,198,1795
118000169,1118,2249,-1131
118000170,3997,8908,-4911
118000171,188,693,-505
118000172,61,318,-257
118000173,656,1163,-507
118000175,175,280,-105
118000176,185,340,-155
118000177,138,488,-350
118000178,45,43,2
118000179,2082,656,1426
118000180,740,868,-128
118000181,694,394,300
118000182,191,338,-147
118000183,133,224,-91
118000184,338,1521,-1183
118000185,1149,714,435
118000186,549,820,-271
118000187,558,1314,-756
118000188,243,312,-69
118000189,230,891,-661
118000190,2,8,-6
118000191,10,31,-21
118000192,144,138,6
118000193,86,223,-137
118000194,1751,982,769
118000195,799,451,348
118000196,283,83,200
118000197,165,65,100
118000198,690,254,436
118000199,502,277,225
118000200,58,177,-119
118000201,373,348,25
118000202,24,35,-11
118000203,1269,276,993
118000204,134,148,-14
118000205,274,335,-61
118000206,134,211,-77
118000207,2,104,-102
118000208,852,1651,-799
118000209,1046,2058,-1012
118000210,15,31,-16
118000211,7,23,-16
118000213,724,672,52
118000214,576,210,366
118000215,147,263,-116
118000216,926,3085,-2159
118000217,29,167,-138
118000218,25,128,-103
118000219,382,398,-16
118000220,0,16,-16
118000221,41,204,-163
118000222,88,23,65
118000223,7,34,-27
118000224,237,167,70
118000225,44,974,-930
118000226,283,106,177
118000227,1172,358,814
118000228,189,102,87
118000229,130,21,109
118000230,43,281,-238
118000231,20,156,-136
118000232,375,1138,-763
118000233,513,1023,-510
118000234,122,316,-194
118000236,226,525,-299
118000237,50,809,-759
118000238,51,363,-312
118000239,223,287,-64
118000240,636,64,572
118000241,76,326,-250
118000242,267,787,-520
118000243,77,191,-114
118000244,18,242,-224
118000246,0,12,-12
118000255,19,198,-179
118000256,37,212,-175
118000259,4,73,-69
118000260,114,101,13
118000261,19,163,-144
118000263,54,216,-162
118000266,82,487,-405
118000267,0,171,-171
118000268,93,1,92
118000270,24,28,-4
118000271,80,303,-223
118000272,26,32,-6
118000273,40,109,-69
118000274,85,430,-345
118000276,138,284,-146
118000295,0,50,-50
118000298,97,583,-486
118000299,37,262,-225
118000301,1,64,-63
118000302,58,137,-79
118000311,71,134,-63
118000312,95,269,-174
118000313,25,204,-179
118000314,21,95,-74
118000315,27,67,-40
118000316,283,516,-233
118000325,12,104,-92
118000326,9,49,-40
118000331,26,54,-28
118000332,1,61,-60
118000333,14,72,-58
118000335,54,0,54
118000336,2,526,-524
118000407,35,82,-47
118000457,5,43,-38
118000465,3359,1948,1411
118000480,9,204,-195
118000489,57,138,-81
118000490,94,566,-472
118000492,163,248,-85
118000510,80,19,61
118000514,123,360,-237
118000515,336,221,115
118000517,406,214,192
118000524,623,141,482
118000525,850,1044,-194
118000530,6,123,-117
118000531,100,242,-142
118000532,98,395,-297
118000533,197,203,-6
118000534,354,436,-82
118000535,91,112,-21
118000536,627,283,344
118000537,17,68,-51
118000538,25,93,-68
118000539,24,117,-93
118000540,193,339,-146
118000541,180,132,48
118000542,64,174,-110
118000543,119,246,-127
118000546,34,44,-10
118000560,3727,550,3177
118000562,15,374,-359
118000563,1998,1576,422
118000576,70,266,-196
118000577,136,139,-3
118000578,139,106,33
118000579,796,983,-187
118000595,96,80,16
118000596,0,54,-54
118000597,70,186,-116
118000598,0,0,0
118000599,9,26,-17
118000600,4,41,-37
118000601,2,1,1
118000602,0,33,-33
118000603,1,38,-37
118900001,1445,553,892
118900002,1154,522,632
118900003,46,3,43
118900004,31,74,-43
118900005,44,1,43
118900006,13,1,12
118900007,4,1,3
118900008,934,46,888
118900009,15,3,12
118900010,11,3,8
118900011,100,20,80
118900012,181,239,-58
118900013,677,19,658
118900015,104,48,56
118900016,13,29,-16
118900017,62,71,-9
118900018,1300,8,1292
118900019,36,11,25
118900020,92,82,10
118900021,66,321,-255
118900022,74,89,-15
118900023,37,114,-77
118900024,27,194,-167
118900025,17,15,2
118900026,21,101,-80
118900027,348,210,138
118900028,46,140,-94
118900029,62,411,-349
118900030,33,63,-30
118900031,52,175,-123
118900032,19,135,-116
118900033,255,829,-574
118900034,16,10,6
118900035,85,280,-195
118900036,415,584,-169
118900037,176,296,-120
118900038,152,445,-293
118900039,146,371,-225
118900040,79,153,-74
118900041,113,189,-76
118900042,64,76,-12
118900045,146,103,43
118900046,731,110,621
118900047,719,149,570
118900048,36,101,-65
118900049,63,25,38
118900050,1,168,-167
118900051,28,56,-28
118900052,100,232,-132
118900053,22,64,-42
118900054,40,63,-23
118900055,12,116,-104
118900056,14,79,-65
118900057,112,242,-130
118900058,206,482,-276
118900059,6,59,-53
118900060,13,79,-66
118900062,39,198,-159
118900064,584,263,321
118900065,16,93,-77
118900066,18,115,-97
118900067,8494,2470,6024
118900068,0,82,-82
118900069,134,223,-89
118900071,9,36,-27
118900072,192,307,-115
118900073,39,83,-44
118900074,42,106,-64
118900075,15,47,-32
118900076,121,38,83
118900077,110,158,-48
118900078,7,5,2
118900079,35,161,-126
118900080,9,58,-49
118900081,28,23,5
118900082,190,145,45
118900083,12,36,-24
118900084,3,19,-16
118900085,310,786,-476
118900086,12,34,-22
118900087,18,91,-73
118900088,0,25,-25
118900089,18,17,1
118900090,326,481,-155
118900091,149,82,67
118900092,50,103,-53
118900093,59,5,54
118900096,9,9,0
118900097,134,875,-741
118900099,32,263,-231
118900100,72,157,-85
118900101,23,827,-804
118900102,6,57,-51
118900103,26,38,-12
118900104,39,199,-160
118900105,125,113,12
118900107,199,103,96
118900108,57,87,-30
118900110,1703,226,1477
118900111,154,672,-518
118900112,12,93,-81
118900113,38,740,-702
118900114,8,98,-90
118900115,69,311,-242
118900116,39,192,-153
118900117,22,233,-211
118900118,112,574,-462
118900119,39,274,-235
118900120,42,296,-254
118900121,2,288,-286
118900122,3,357,-354
118900123,59,235,-176
118900124,47,208,-161
118900126,18,150,-132
118900129,111,120,-9
118900130,24,53,-29
118900131,55,277,-222
118900132,154,144,10
118900133,6,54,-48
118900135,97,205,-108
118900136,208,956,-748
118900137,0,14,-14
118900139,87,659,-572
118900140,296,1081,-785
118900141,31,380,-349
118900144,56,824,-768
118900145,33,184,-151
118900146,171,834,-663
118900147,49,83,-34
118900148,22,59,-37
118900150,91,215,-124
118900152,202,988,-786
118900157,67,112,-45
118900158,7,65,-58
118900159,0,218,-218
118900161,48,2,46
118900163,173,59,114
118900164,0,81,-81
118900165,13,505,-492
118900166,39,3,36
118900167,27,260,-233
118900168,5,72,-67
118900169,49,655,-606
118900170,35,110,-75
118900171,6,29,-23
118900174,36,80,-44
118900175,64,306,-242
118900176,26,173,-147
118900177,11,52,-41
118900178,12,95,-83
118900179,1,38,-37
118900181,49,132,-83
118900182,86,25,61
118900183,7,41,-34
118900184,198,62,136
118900185,24,133,-109
118900186,49,92,-43
118900187,78,256,-178
118900188,140,286,-146
118900189,4,356,-352
118900190,8,670,-662
118900191,62,44,18
118900192,69,21,48
118900193,70,9,61
118900195,267,1050,-783
118900196,14,210,-196
118900197,33,89,-56
118900198,5,56,-51
118900199,6,60,-54
118900200,3,5,-2
118900201,5,7,-2
118900202,9,73,-64
118900203,3,44,-41
118900204,6,40,-34
118900205,5,29,-24
118900206,3,47,-44
119000001,659,796,-137
119000002,3711,2381,1330
119000003,1248,1660,-412
119000004,1454,1219,235
119000005,1050,1348,-298
119000006,1023,1366,-343
119000007,2403,2731,-328
119000008,1402,2776,-1374
119000009,5460,2310,3150
119000010,13272,4097,9175
119000011,7997,1807,6190
119000012,8278,3190,5088
119000013,2813,1153,1660
119000014,2723,3984,-1261
119000019,182,201,-19
119000020,874,1388,-514
119000021,1989,1906,83
119000022,4160,1361,2799
119000023,283,197,86
119000024,3106,4815,-1709
119000025,15674,1503,14171
119000026,498,247,251
119000027,1203,435,768
119000028,2248,1415,833
119000029,180,283,-103
119000030,388,1490,-1102
119000031,535,945,-410
119000032,2906,2520,386
119000033,1652,1986,-334
119000034,752,1256,-504
119000035,18,502,-484
119000036,649,1477,-828
119000037,660,3168,-2508
119000038,81,1364,-1283
119000039,113,370,-257
119000040,1291,513,778
119000041,966,894,72
119000048,4360,4852,-492
119000049,1125,4632,-3507
119000050,1357,2743,-1386
119000051,1395,926,469
119000052,2352,3117,-765
119000053,1601,1183,418
119000054,2101,4569,-2468
119000055,1643,4013,-2370
119000056,1376,2273,-897
119000057,1343,2999,-1656
119000058,1306,2673,-1367
119000059,796,1881,-1085
119000060,875,818,57
119000061,797,1136,-339
119000062,922,1565,-643
119000063,170,233,-63
119000064,1140,1981,-841
119000065,1689,4261,-2572
119000066,1389,987,402
119000067,1740,3447,-1707
119000068,931,1190,-259
119000069,969,3256,-2287
119000070,1140,1298,-158
119000071,604,1253,-649
119000072,7169,4716,2453
119000073,5999,5653,346
119000074,502,4694,-4192
119000075,568,2911,-2343
119000076,641,1251,-610
119000077,747,673,74
119000078,246,360,-114
119000079,56,910,-854
119000080,79,372,-293
119000081,344,607,-263
119000082,511,362,149
119000083,204,386,-182
119000084,173,735,-562
119000085,695,363,332
119000086,228,540,-312
119000087,1363,1062,301
119000088,199,293,-94
119000089,45,167,-122
119000090,143,166,-23
119000091,161,330,-169
119000092,807,216,591
119000093,4120,4268,-148
119000094,1502,4789,-3287
119000095,880,3698,-2818
119000097,4941,1784,3157
119000098,533,1274,-741
119000099,1878,1955,-77
119000100,1714,1900,-186
119000101,3222,3300,-78
119000102,805,540,265
119000103,1581,626,955
119000104,3478,1758,1720
119000105,503,728,-225
119000106,139,2567,-2428
119000107,296,501,-205
119000108,151,1643,-1492
119000109,84,485,-401
119000110,570,812,-242
119000111,48,534,-486
119000112,255,252,3
119000113,3822,313,3509
119000114,725,596,129
119000115,138,97,41
119000116,98,77,21
119000117,138,300,-162
119000118,3,7,-4
119000123,2077,526,1551
119000124,201,247,-46
119000125,979,1375,-396
119000126,142,1299,-1157
119000127,175,1274,-1099
119000128,71,9,62
119000131,433,1482,-1049
119000132,1,2,-1
119000133,1,5,-4
119000134,4073,518,3555
119000135,51,273,-222
119000136,50,427,-377
119000137,70,739,-669
119000138,130,634,-504
119000139,91,392,-301
119000140,84,253,-169
119000284,1614,2774,-1160
119000285,2959,2537,422
119000286,6726,5568,1158
119000287,1612,2945,-1333
119000288,1214,2517,-1303
119000289,2439,5367,-2928
119000290,199,647,-448
119000291,2,490,-488
119000293,50,226,-176
119000294,29,33,-4
119000295,2291,836,1455
119000296,114,175,-61
119000302,5444,1594,3850
119000303,8,121,-113
119000314,1404,4161,-2757
119000315,3,970,-967
119000316,31,183,-152
119000317,27,680,-653
119900001,103,561,-458
119900002,28,286,-258
119900003,34,1495,-1461
119900004,375,222,153
119900005,69,176,-107
119900006,84,324,-240
119900007,449,45,404
119900008,110,43,67
119900009,284,623,-339
119900010,1441,1600,-159
119900011,18,34,-16
119900012,9,33,-24
119900013,1384,736,648
119900014,810,303,507
119900015,63,21,42
119900016,18,102,-84
119900017,10,35,-25
119900018,1103,119,984
119900019,17,7,10
119900020,40,239,-199
119900021,66,98,-32
119900022,79,216,-137
119900023,824,276,548
119900025,35,33,2
119900026,1122,53,1069
119900027,9,30,-21
119900028,88,45,43
119900029,2,15,-13
119900030,509,410,99
119900031,27,129,-102
119900033,3315,124,3191
119900034,71,199,-128
119900037,22,28,-6
119900038,45,136,-91
119900039,30,1,29
119900040,36,6,30
119900041,54,68,-14
119900042,94,110,-16
119900043,8,210,-202
119900044,86,251,-165
119900046,41,123,-82
119900047,84,49,35
119900048,10,30,-20
119900049,15,14,1
119900050,42,49,-7
119900051,119,10,109
119900052,7,116,-109
119900053,85,226,-141
119900054,19,2,17
119900055,467,223,244
119900057,49,80,-31
119900058,54,1,53
119900059,126,35,91
119900060,71,11,60
119900062,11,32,-21
119900063,24,35,-11
119900064,152,27,125
119900065,75,3,72
119900066,0,1,-1
119900067,34,33,1
119900068,117,1,116
119900069,32,31,1
119900070,126,3,123
119900071,169,4,165
119900073,2209,530,1679
119900074,22,16,6
119900075,6473,1548,4925
119900076,177,607,-430
119900077,180,1844,-1664
119900078,168,967,-799
119900079,45,411,-366
119900080,465,1516,-1051
119900081,53,68,-15
119900082,239,51,188
119900083,302,89,213
119900084,360,136,224
119900085,185,65,120
119900087,181,154,27
119900088,53,83,-30
119900089,6,698,-692
119900090,222,76,146
119900091,27,1469,-1442
119900092,9,491,-482
119900093,662,90,572
119900094,22,282,-260
119900095,160,65,95
119900096,54,92,-38
119900097,372,221,151
119900098,18,46,-28
119900099,28,392,-364
119900100,3206,1466,1740
119900101,195,942,-747
119900102,52,422,-370
119900103,17,709,-692
119900104,35,391,-356
119900105,683,2349,-1666
119900106,13,321,-308
119900107,309,4420,-4111
119900108,2330,772,1558
119900109,9,310,-301
119900110,352,919,-567
119900111,36,449,-413
119900112,3417,571,2846
119900113,73,727,-654
119900114,111,2314,-2203
119900115,57,1658,-1601
119900116,165,206,-41
119900117,108,1426,-1318
119900118,21,1588,-1567
119900119,60,409,-349
119900120,666,874,-208
119900121,103,2008,-1905
119900122,236,476,-240
119900123,206,298,-92
119900124,49,1414,-1365
119900125,48,574,-526
119900126,7547,284,7263
119900127,3067,978,2089
119900128,208,1460,-1252
119900129,51,1281,-1230
119900130,42,339,-297
119900131,17,462,-445
119900132,1,455,-454
119900133,11,37,-26
119900134,2668,303,2365
119900135,5,590,-585
119900136,180,737,-557
119900138,422,815,-393
119900139,22,112,-90
119900140,1,197,-196
119900141,108,313,-205
119900142,11,12,-1
119900143,18,293,-275
119900144,2972,290,2682
119900145,63,339,-276
119900146,173,117,56
119900147,3,115,-112
119900148,46,50,-4
119900149,2288,2387,-99
119900150,142,208,-66
119900151,1658,867,791
119900152,45,603,-558
119900153,46,58,-12
119900154,1,437,-436
119900155,12,31,-19
119900156,5,3,2
119900157,35,408,-373
119900158,67,84,-17
119900159,12,2091,-2079
119900160,10,398,-388
119900161,110,354,-244
119900162,484,463,21
119900163,148,78,70
119900164,0,1,-1
119900165,33,363,-330
119900166,35,40,-5
119900167,57,159,-102
119900168,231,403,-172
119900169,162,134,28
119900170,135,141,-6
119900171,602,717,-115
119900172,116,14,102
119900173,3,736,-733
119900174,5,478,-473
119900175,380,768,-388
119900177,12,308,-296
119900178,7,263,-256
119900179,30,192,-162
119900180,540,659,-119
119900181,23,32,-9
119900182,4,732,-728
119900183,103,1272,-1169
119900184,3486,493,2993
119900185,11,54,-43
119900186,51,230,-179
119900187,6,826,-820
119900188,19,314,-295
119900189,377,172,205
119900190,63,139,-76
119900191,223,100,123
119900192,7,279,-272
119900193,69,227,-158
119900194,0,29,-29
119900195,14,305,-291
119900196,2643,475,2168
119900197,71,114,-43
119900198,67,536,-469
119900199,182,8,174
119900200,196,738,-542
119900201,476,277,199
119900202,263,73,190
119900203,87,186,-99
119900204,128,384,-256
119900205,151,803,-652
119900206,24,145,-121
119900208,95,174,-79
119900209,204,378,-174
119900210,13,41,-28
119900211,64,9,55
119900212,48,319,-271
119900213,2,64,-62
119900214,6,128,-122
119900215,14,140,-126
119900216,5,136,-131
119900217,5,86,-81
119900218,15,91,-76
119900219,9,181,-172
119900220,7,182,-175
119900221,10,626,-616
119900222,11,447,-436
119900223,26,167,-141
119900224,20,46,-26
119900225,1783,53,1730
119900226,1403,980,423
119900227,1917,398,1519
119900228,185,454,-269
119900229,244,464,-220
119900230,1570,769,801
119900231,36,210,-174
119900232,141,39,102
119900233,20,0,20
119900234,12,30,-18
119900235,10,18,-8
119900236,15,280,-265
119900237,56,680,-624
119900238,0,98,-98
119900240,29,186,-157
119900241,88,355,-267
119900242,2179,662,1517
119900244,787,1716,-929
119900245,36,169,-133
119900246,167,189,-22
119900247,9,45,-36
119900248,28,37,-9
119900249,107,40,67
119900253,5287,344,4943
119900254,19,136,-117
119900255,73,826,-753
119900256,166,2106,-1940
119900257,16,0,16
119900258,17,1,16
119900259,1,346,-345
119900260,15,0,15
119900261,108,271,-163
119900262,0,367,-367
119900263,902,390,512
119900264,16,445,-429
119900265,155,701,-546
119900266,93,397,-304
119900267,47,515,-468
119900268,90,411,-321
119900269,188,2701,-2513
119900271,19,71,-52
119900272,59,39,20
119900275,46,1,45
119900276,8,1,7
119900277,1,2,-1
119900278,229,36,193
119900279,90,171,-81
119900280,1130,181,949
119900281,1,62,-61
119900282,44,14,30
119900283,15,472,-457
119900284,28,291,-263
119900285,5,38,-33
119900286,10,16,-6
119900288,5,34,-29
119900289,1,53,-52
119900290,1,44,-43
119900291,1,39,-38
119900292,7,2,5
119900293,5,1,4
119900294,5,1,4
119900295,1,0,1
119900296,3,0,3
119900299,19,342,-323
119900300,134,316,-182
119900301,100,19,81
119900302,42,49,-7
119900303,151,389,-238
119900304,38,15,23
119900305,33,131,-98
119900306,9,0,9
119900307,15,207,-192
119900308,2,16,-14
119900309,9,26,-17
119900310,205,295,-90
119900311,24,212,-188
119900312,21,129,-108
119900313,101,473,-372
119900314,37,233,-196
119900315,425,3794,-3369
119900318,2,14,-12
119900319,4,443,-439
119900320,138,997,-859
119900321,13,0,13
119900322,54,71,-17
119900323,3,104,-101
119900324,0,57,-57
119900325,9,526,-517
119900326,192,74,118
120000001,7897,6164,1733
120000002,2108,3962,-1854
120000003,3977,2646,1331
120000004,3167,2952,215
120000005,6115,2658,3457
120000006,1431,1586,-155
120000007,3478,2477,1001
120000008,1131,1541,-410
120000009,6232,1149,5083
120000010,1204,4090,-2886
120000011,872,2679,-1807
120000012,1385,3943,-2558
120000013,1549,3322,-1773
120000014,377,1843,-1466
120000015,1950,1860,90
120000016,2419,2067,352
120000017,1501,1401,100
120000018,5898,5720,178
120000019,688,930,-242
120000020,2552,2009,543
120000021,2233,1651,582
120000022,3323,3126,197
120000023,669,1800,-1131
120000024,1449,2538,-1089
120000025,1513,2664,-1151
120000026,796,2296,-1500
120000027,1023,1713,-690
120000028,700,418,282
120000029,5337,570,4767
120000030,508,667,-159
120000031,2153,6619,-4466
120000032,13210,3929,9281
120000033,2026,2019,7
120000034,813,2929,-2116
120000035,1048,3009,-1961
120000036,2273,3838,-1565
120000037,415,770,-355
120000038,14115,3838,10277
120000039,492,1210,-718
120000040,94,120,-26
120000041,464,2789,-2325
120000042,1600,7018,-5418
120000043,3920,3803,117
120000044,2216,1342,874
120000045,2257,1123,1134
120000046,1139,1682,-543
120000047,2226,2561,-335
120000048,9780,3109,6671
120000049,1915,2864,-949
120000050,2101,5151,-3050
120000051,4260,4174,86
120000052,17993,2820,15173
120000053,706,5225,-4519
120000054,1596,8139,-6543
120000055,822,5238,-4416
120000056,3454,6504,-3050
120000057,1669,1284,385
120000058,282,232,50
120000059,121,1301,-1180
120000061,69,921,-852
120000062,199,350,-151
120000063,2203,4295,-2092
120000064,276,2300,-2024
120000065,494,2320,-1826
120000066,97,612,-515
120000067,46,780,-734
120000068,124,1519,-1395
120000069,428,2255,-1827
120000070,21,1304,-1283
120000071,105,236,-131
120000072,170,544,-374
120000073,132,130,2
120000074,64,108,-44
120000075,180,240,-60
120000076,605,316,289
120000077,757,379,378
120000078,3344,513,2831
120000079,81,118,-37
120000080,47,149,-102
120000081,195,103,92
120000082,135,95,40
120000083,43,134,-91
120000084,376,856,-480
120000085,394,773,-379
120000086,230,922,-692
120000087,140,1743,-1603
120000088,591,1378,-787
120000089,626,471,155
120000090,291,453,-162
120000091,373,929,-556
120000092,694,567,127
120000093,165,505,-340
120000094,77,367,-290
120000095,600,1011,-411
120000096,211,1735,-1524
120000098,518,1506,-988
120000099,146,950,-804
120000100,504,1178,-674
120000101,311,639,-328
120000102,235,365,-130
120000103,641,316,325
120000104,719,179,540
120000105,822,245,577
120000106,949,259,690
120000107,1058,389,669
120000108,288,96,192
120000109,413,53,360
120000110,49,1109,-1060
120000111,92,1845,-1753
120000112,567,5926,-5359
120000113,515,4010,-3495
120000114,327,2835,-2508
120000115,261,2665,-2404
120000116,511,2409,-1898
120000117,1419,1904,-485
120000118,13,19,-6
120000119,41,32,9
120000120,30,23,7
120000121,17,34,-17
120000122,164,184,-20
120000123,8033,1843,6190
120000124,245,610,-365
120000125,208,781,-573
120000126,244,539,-295
120000127,1026,462,564
120000128,2137,1716,421
120000129,261,238,23
120000130,483,721,-238
120000131,153,500,-347
120000134,342,1888,-1546
120000135,83,391,-308
120000137,92,3124,-3032
120000138,179,745,-566
120000139,89,1543,-1454
120000140,185,1026,-841
120000141,77,705,-628
120000142,146,848,-702
120000143,2,204,-202
120000144,24,2,22
120000145,81,4,77
120000146,1779,573,1206
120000149,406,1112,-706
120000150,6973,8223,-1250
120000151,381,409,-28
120000152,217,418,-201
120000153,108,1081,-973
120000154,354,433,-79
120000155,82,147,-65
120000156,1962,348,1614
120000157,815,772,43
120000158,448,1189,-741
120000159,2167,2854,-687
120000160,2018,1222,796
120000161,821,2965,-2144
120000162,29,252,-223
120000163,200,1772,-1572
120000164,167,752,-585
120000165,175,1198,-1023
120000166,368,766,-398
120000167,10,23,-13
120000168,12,109,-97
120000169,106,206,-100
120000170,167,92,75
120000171,30,44,-14
120000172,17,14,3
120000173,2360,110,2250
120000174,395,5,390
120000175,409,5,404
120000176,135,85,50
120000177,1990,517,1473
120000178,146,5,141
120000179,486,20,466
120000180,930,44,886
120000181,295,116,179
120000182,82,52,30
120000183,4,212,-208
120000184,166,2825,-2659
120000186,49,42,7
120000187,60,30,30
120000188,181,45,136
120000190,1100,7,1093
120000191,1726,14,1712
120000192,2409,9,2400
120000193,1116,5,1111
120000195,160,1,159
120000196,562,63,499
120000197,139,145,-6
120000198,82,264,-182
120000199,21,1,20
120000200,29,0,29
120000201,5,11,-6
120000202,4,74,-70
120000203,21,557,-536
120000207,2,186,-184
120000208,12,522,-510
120000209,6,130,-124
120000210,285,118,167
120000211,27,0,27
120000212,20,0,20
120000213,70,623,-553
120000214,3,691,-688
120000215,2,228,-226
120000216,22,7,15
120000217,1037,1939,-902
120000218,283,2007,-1724
120000219,12,1216,-1204
120000220,25,4118,-4093
120000225,410,1,409
120000226,160,6,154
120000227,617,21,596
120000228,11309,1753,9556
120000230,75,8,67
120000231,338,3349,-3011
120000233,84,17,67
120000235,97,812,-715
120000236,379,2,377
120000237,4,3279,-3275
120000238,0,145,-145
120000241,1041,2445,-1404
120000412,2198,25,2173
120000413,85,604,-519
120000414,18,7,11
120000415,1,253,-252
120000416,15,10,5
120000417,1,124,-123
120000418,30,5,25
120000419,13,704,-691
120000420,50,32,18
120000421,18996,6919,12077
120000422,329,331,-2
120000423,1,71,-70
120000424,25,314,-289
120000436,87,246,-159
120000437,202,197,5
120000438,6003,382,5621
120000439,112,240,-128
120000443,46,1,45
120000444,385,574,-189
120000445,1319,1114,205
120000446,1067,343,724
120000447,60,9,51
120000449,30,9,21
120000450,3,570,-567
120000451,51,233,-182
120000452,115,2,113
120000453,1,583,-582
120000454,64,21,43
120000455,32,64,-32
120000456,4423,2343,2080
120000457,1816,1132,684
120000458,444,865,-421
120000459,183,91,92
120000665,1537,151,1386
120000668,56,134,-78
120000669,28,583,-555
120000670,313,464,-151
120000671,399,193,206
120000672,98,549,-451
120900001,35,24,11
120900002,96,217,-121
120900003,80,31,49
120900004,4,29,-25
120900005,4,1378,-1374
120900006,65,210,-145
120900007,50,206,-156
120900008,80,1333,-1253
120900009,303,94,209
120900010,125,41,84
120900011,343,71,272
120900012,1446,449,997
120900013,120,15,105
120900014,3,1031,-1028
120900015,385,103,282
120900016,187,57,130
120900017,4174,135,4039
120900018,43,686,-643
120900019,234,72,162
120900020,446,337,109
120900021,199,21,178
120900022,11,502,-491
120900023,59,44,15
120900024,1480,416,1064
120900025,2564,761,1803
120900026,36,249,-213
120900027,649,113,536
120900028,89,26,63
120900029,56,172,-116
120900030,431,419,12
120900031,83,14,69
120900032,281,170,111
120900033,273,16,257
120900034,23,1599,-1576
120900035,32,257,-225
120900037,30,5,25
120900038,19,73,-54
120900039,19,22,-3
120900040,59,0,59
120900041,98,21,77
120900042,71,74,-3
120900043,17,7,10
120900044,5,549,-544
120900045,117,237,-120
120900046,109,14,95
120900047,40,11,29
120900048,37,17,20
120900049,75,1,74
120900050,5174,602,4572
120900051,89,101,-12
120900052,110,1,109
120900053,69,117,-48
120900054,1245,900,345
120900055,68,2,66
120900056,152,3,149
120900057,40,15,25
120900058,104,0,104
120900059,10,2,8
120900060,19,52,-33
120900061,167,333,-166
120900062,31,2,29
120900063,116,2,114
120900064,96,0,96
120900065,68,1,67
120900066,150,434,-284
120900067,69,9,60
120900068,60,0,60
120900069,56,132,-76
120900071,9,4,5
120900072,206,1,205
120900073,118,348,-230
120900074,176,1,175
120900076,57,0,57
120900077,4978,263,4715
120900078,239,771,-532
120900079,141,140,1
120900080,165,3468,-3303
120900081,168,2418,-2250
120900082,605,348,257
120900083,12,3,9
120900084,97,147,-50
120900085,116,57,59
120900086,182,139,43
120900087,142,49,93
120900088,125,133,-8
120900089,5947,812,5135
120900090,36,173,-137
120900091,259,211,48
120900092,537,911,-374
120900093,5770,301,5469
120900094,523,249,274
120900095,141,14,127
120900096,29,113,-84
120900097,669,1771,-1102
120900098,222,227,-5
120900099,45,92,-47
120900100,69,512,-443
120900101,262,424,-162
120900102,19,135,-116
120900103,34,155,-121
120900104,16,54,-38
120900105,22,1214,-1192
120900106,1383,685,698
120900107,459,247,212
120900108,2,1387,-1385
120900109,18,1009,-991
120900110,3,821,-818
120900111,117,452,-335
120900112,10,1944,-1934
120900113,10,1287,-1277
120900114,15,342,-327
120900115,143,100,43
120900116,57,853,-796
120900117,2,693,-691
120900118,5,1283,-1278
120900119,6989,4033,2956
120900120,39,982,-943
120900121,76,462,-386
120900122,71,922,-851
120900123,3,749,-746
120900124,3,904,-901
120900125,7,1378,-1371
120900126,1107,836,271
120900127,11,710,-699
120900128,799,1021,-222
120900129,51,660,-609
120900130,3,639,-636
120900131,16,48,-32
120900132,188,556,-368
120900133,167,1569,-1402
120900134,244,650,-406
120900135,8,852,-844
120900136,36,26,10
120900137,46,127,-81
120900138,11,335,-324
120900139,5,1264,-1259
120900140,1,54,-53
120900141,50,114,-64
120900142,11,1259,-1248
120900143,6,1505,-1499
120900144,0,336,-336
120900145,192,1139,-947
120900146,5,1557,-1552
120900147,0,279,-279
120900148,36,113,-77
120900149,3,578,-575
120900150,18,686,-668
120900151,2,1008,-1006
120900152,0,102,-102
120900153,4,96,-92
120900154,1,413,-412
120900155,64,1595,-1531
120900156,17,642,-625
120900157,12,417,-405
120900158,12,726,-714
120900159,40,1393,-1353
120900160,22,505,-483
120900161,12,2433,-2421
120900162,20,1936,-1916
120900163,16,149,-133
120900164,0,1,-1
120900165,0,1,-1
120900166,16,125,-109
120900167,92,88,4
120900169,39,773,-734
120900170,3635,991,2644
120900171,1459,385,1074
120900172,1989,102,1887
120900173,0,97,-97
120900174,3,125,-122
120900175,440,225,215
120900176,3,149,-146
120900177,1,250,-249
120900178,1,173,-172
120900179,566,376,190
120900180,59,58,1
120900181,32,59,-27
120900182,25,455,-430
120900183,678,72,606
120900184,219,72,147
120900185,4,504,-500
120900186,1,671,-670
120900187,157,545,-388
120900188,32,0,32
120900189,121,221,-100
120900190,3,9,-6
120900191,0,24,-24
120900192,18069,1616,16453
120900194,42,118,-76
120900195,95,351,-256
120900196,465,72,393
120900197,266,34,232
120900198,190,778,-588
120900199,151,119,32
120900200,110,60,50
120900201,857,183,674
120900202,2,267,-265
120900203,9,42,-33
120900204,315,465,-150
120900205,83,121,-38
120900206,22,13,9
120900207,92,1595,-1503
121000001,1096,1310,-214
121000002,1733,904,829
121000003,4787,2185,2602
121000004,2772,2179,593
121000005,2316,2742,-426
121000006,2752,1231,1521
121000007,3298,3189,109
121000008,4393,2958,1435
121000009,12241,5496,6745
121000010,14059,3748,10311
121000011,16179,9662,6517
121000012,23466,6524,16942
121000013,6217,6235,-18
121000014,8001,5974,2027
121000015,4586,5663,-1077
121000016,5100,3600,1500
121000017,1718,4401,-2683
121000018,2001,2208,-207
121000019,22414,8615,13799
121000020,14103,7300,6803
121000021,3437,4234,-797
121000022,1731,1541,190
121000023,6404,4456,1948
121000024,3406,3226,180
121000025,1156,797,359
121000026,329,134,195
121000027,1998,1188,810
121000028,841,597,244
121000029,702,929,-227
121000030,289,389,-100
121000031,446,885,-439
121000032,210,108,102
121000034,193,125,68
121000035,79,87,-8
121000036,599,851,-252
121000037,369,739,-370
121000038,606,682,-76
121000039,307,518,-211
121000041,386,713,-327
121000042,231,292,-61
121000043,1178,790,388
121000044,2409,656,1753
121000045,367,442,-75
121000046,255,800,-545
121000047,22,178,-156
121000049,2060,1120,940
121000050,314,1096,-782
121000051,382,636,-254
121000052,237,631,-394
121000053,311,62,249
121000054,35,205,-170
121000055,2481,1027,1454
121000056,939,1069,-130
121000057,163,489,-326
121000058,482,108,374
121000059,1984,871,1113
121000060,562,1090,-528
121000061,50,121,-71
121000062,132,263,-131
121000063,561,433,128
121000064,376,573,-197
121000065,390,396,-6
121000066,542,575,-33
121000067,833,282,551
121000068,523,339,184
121000069,772,212,560
121000070,1861,1812,49
121000071,758,760,-2
121000072,1884,1285,599
121000073,857,791,66
121000074,149,113,36
121000075,117,23,94
121000076,1416,336,1080
121000077,129,75,54
121000078,123,147,-24
121000080,3201,825,2376
121000081,2954,1618,1336
121000082,161,343,-182
121000083,298,116,182
121000084,211,111,100
121000085,625,579,46
121000086,192,1022,-830
121000087,110,259,-149
121000088,355,710,-355
121000089,584,300,284
121000090,387,362,25
121000091,2381,604,1777
121000092,127,85,42
121000093,144,258,-114
121000094,487,496,-9
121000095,319,672,-353
121000096,2744,2181,563
121000097,1963,1466,497
121000098,283,1535,-1252
121000099,318,1088,-770
121000100,338,962,-624
121000101,120,354,-234
121000102,67,672,-605
121000103,60,345,-285
121000104,65,287,-222
121000105,237,481,-244
121000106,119,380,-261
121000107,2346,4411,-2065
121000109,1725,935,790
121000110,325,322,3
121000114,2357,2418,-61
121000115,875,809,66
121000116,505,767,-262
121000117,1192,237,955
121000118,1179,363,816
121000119,179,478,-299
121000120,206,611,-405
121000121,467,1125,-658
121000123,1950,725,1225
121000126,135,333,-198
121000127,135,87,48
121000128,347,863,-516
121000129,280,641,-361
121000130,320,1414,-1094
121000131,2305,1069,1236
121000132,1058,1178,-120
121000135,685,437,248
121000136,1233,735,498
121000137,544,151,393
121000138,876,416,460
121000139,571,75,496
121000141,143,108,35
121000142,1191,637,554
121000143,212,14,198
121000144,1120,936,184
121000145,300,1459,-1159
121000146,666,810,-144
121000147,510,556,-46
121000148,680,1346,-666
121000149,1345,1097,248
121000152,414,827,-413
121000153,1980,646,1334
121000154,627,549,78
121000155,947,968,-21
121000156,424,798,-374
121000157,1882,2164,-282
121000158,437,692,-255
121000159,123,747,-624
121000160,312,946,-634
121000161,77,390,-313
121000162,14,460,-446
121000165,2225,1472,753
121000166,46,369,-323
121000168,172,258,-86
121000169,31,215,-184
121000170,154,84,70
121000171,24,204,-180
121000172,334,455,-121
121000173,1351,679,672
121000174,143,419,-276
121000175,394,514,-120
121000176,324,253,71
121000177,794,685,109
121000178,74,65,9
121000179,87,107,-20
121000181,393,351,42
121000182,50,157,-107
121000183,36,51,-15
121000184,48,71,-23
121000185,8,175,-167
121000186,171,314,-143
121000187,111,503,-392
121000188,34,438,-404
121000192,499,388,111
121000193,423,480,-57
121000194,2632,2407,225
121000195,386,1059,-673
121000196,597,206,391
121000197,197,910,-713
121000198,154,61,93
121000199,68,609,-541
121000200,154,90,64
121000201,3,272,-269
121000202,192,77,115
121000203,351,3023,-2672
121000204,749,630,119
121000205,120,393,-273
121000206,155,67,88
121000207,672,489,183
121000208,6,550,-544
121000209,91,620,-529
121000210,133,713,-580
121000211,61,111,-50
121000212,172,893,-721
121000213,9892,2449,7443
121000214,791,1115,-324
121000215,1492,785,707
121000216,452,469,-17
121000217,3492,1869,1623
121000218,529,2031,-1502
121000219,974,323,651
121000220,306,86,220
121000221,143,221,-78
121000222,2480,2743,-263
121000223,442,282,160
121000224,371,86,285
121000225,1041,771,270
121000226,1341,450,891
121000227,3,215,-212
121000228,11,1127,-1116
121000229,60,651,-591
121000230,102,2190,-2088
121000231,154,7,147
121000232,413,139,274
121000233,310,241,69
121000234,6,35,-29
121000235,13,14,-1
121000236,2,43,-41
121000237,10,0,10
121000238,1,90,-89
121000239,7,4,3
121000240,1,189,-188
121000241,34,7,27
121000242,15,178,-163
121000243,68,34,34
121000244,2,85,-83
121000245,2,17,-15
121000246,2,91,-89
121000247,13,7,6
121000248,308,464,-156
121000249,49,232,-183
121000250,113,93,20
121000251,34,685,-651
121000252,33,24,9
121000253,118,778,-660
121000254,210,275,-65
121000255,147,135,12
121000256,200,149,51
121000257,25,83,-58
121000258,36,55,-19
121000259,10,41,-31
121000260,54,162,-108
121000261,15,65,-50
121000262,1745,638,1107
121000263,327,473,-146
121000271,196,1760,-1564
121000273,36,20,16
121000274,2,27,-25
121000275,2,27,-25
121000276,0,13,-13
121000278,15,69,-54
121000279,31,30,1
121000280,17,32,-15
121000289,86,23,63
121000290,1127,857,270
121000294,31,288,-257
121000297,813,638,175
121000299,116,187,-71
121000300,857,665,192
121000302,363,647,-284
121000303,1088,437,651
121000304,313,53,260
121000305,113,50,63
121000306,27,129,-102
121000308,135,405,-270
121000309,388,757,-369
121000310,56,561,-505
121000311,77,921,-844
121000312,400,181,219
121000313,615,556,59
121000314,206,110,96
121000315,71,71,0
121000530,627,1466,-839
121000531,1161,1560,-399
121000532,4842,4035,807
121000533,2345,2406,-61
121000918,14,250,-236
121000919,5,55,-50
121000938,1517,273,1244
121000939,2456,237,2219
121000956,351,1561,-1210
121000957,2,10,-8
121000958,42,57,-15
121000959,193,1573,-1380
121000960,627,2862,-2235
121000961,177,16,161
121000962,278,607,-329
121000973,4,230,-226
121000976,16,209,-193
121000979,203,50,153
121000981,238,36,202
121000982,140,255,-115
121000983,150,554,-404
121000984,34,33,1
121000985,200,778,-578
121000986,61,640,-579
121000987,114,1825,-1711
121000988,269,134,135
121001302,345,99,246
121001308,6,19,-13
121001309,65,69,-4
121001313,61,453,-392
121001314,5123,4712,411
121001315,4565,1453,3112
121900001,82,214,-132
121900002,18,26,-8
121900003,222,6,216
121900004,41,437,-396
121900005,6,5,1
121900006,31,8,23
121900007,1979,2064,-85
121900008,967,45,922
121900009,358,18,340
121900010,160,6,154
121900011,380,616,-236
121900012,0,0,0
121900013,493,15,478
121900014,1058,293,765
121900015,93,196,-103
121900016,2,49,-47
121900017,191,525,-334
121900018,176,4,172
121900019,121,323,-202
121900020,38,1,37
121900021,436,5,431
121900022,244,135,109
121900023,44,309,-265
121900024,373,49,324
121900025,303,213,90
121900026,177,32,145
121900027,228,82,146
121900028,120,11,109
121900029,72,124,-52
121900030,368,328,40
121900031,727,1978,-1251
121900032,81,57,24
121900033,107,85,22
121900034,100,77,23
121900035,2408,1149,1259
121900036,58,360,-302
121900037,158,644,-486
121900038,22,137,-115
121900039,217,24,193
121900040,25,64,-39
121900041,27,99,-72
121900042,145,78,67
121900043,0,1,-1
121900044,317,24,293
121900046,265,176,89
121900047,73,22,51
121900048,12,126,-114
121900050,7,29,-22
121900051,56,129,-73
121900052,71,29,42
121900053,215,135,80
121900054,517,701,-184
121900055,1,16,-15
121900058,50,260,-210
121900059,148,71,77
121900060,30,253,-223
121900061,156,109,47
121900062,87,36,51
121900063,283,199,84
121900064,104,888,-784
121900066,23,24,-1
121900067,0,1,-1
121900069,209,171,38
121900070,171,58,113
121900071,55,262,-207
121900072,28,159,-131
121900073,148,167,-19
121900074,625,268,357
121900075,330,147,183
121900076,315,665,-350
121900077,1,30,-29
121900078,42,54,-12
121900079,0,0,0
121900080,460,428,32
121900082,26,78,-52
121900084,0,283,-283
121900085,0,10,-10
121900086,13,57,-44
121900087,233,55,178
121900088,3031,1558,1473
121900089,38,480,-442
121900090,6,125,-119
121900091,10,125,-115
121900092,67,119,-52
121900093,38,69,-31
121900094,12,4,8
121900095,127,85,42
121900096,1740,461,1279
121900097,116,143,-27
121900098,3,4,-1
121900099,90,115,-25
121900100,53,192,-139
121900101,74,123,-49
121900102,5,115,-110
121900103,462,168,294
121900104,660,155,505
121900105,22,50,-28
121900106,3,0,3
121900107,7,52,-45
121900108,0,0,0
121900109,205,86,119
121900110,132,1379,-1247
121900111,704,89,615
121900112,132,110,22
121900113,33,168,-135
121900114,1,2,-1
121900117,91,23,68
121900118,2422,236,2186
121900119,40,115,-75
121900120,13,1259,-1246
121900121,478,70,408
121900122,7,26,-19
121900123,295,292,3
121900124,79,161,-82
121900125,918,898,20
121900127,6,72,-66
121900128,28,167,-139
121900129,1376,72,1304
121900130,72,228,-156
121900131,83,89,-6
121900132,15,146,-131
121900133,41,50,-9
121900134,8,101,-93
121900135,2792,313,2479
121900136,92,608,-516
121900137,19,224,-205
121900138,70,218,-148
121900139,303,364,-61
121900140,14,171,-157
121900141,20,11,9
121900142,21,100,-79
121900143,2,142,-140
121900144,253,327,-74
121900145,70,133,-63
121900146,398,732,-334
121900147,43,211,-168
121900148,114,232,-118
121900149,189,680,-491
121900150,46,185,-139
121900151,60,174,-114
121900152,34,149,-115
121900153,82,535,-453
121900154,6,127,-121
121900155,0,54,-54
121900156,161,157,4
121900157,2,367,-365
121900158,56,84,-28
121900159,3,207,-204
121900160,22,257,-235
121900161,385,233,152
121900162,105,108,-3
121900163,53,914,-861
121900164,215,165,50
121900165,76,216,-140
121900166,65,231,-166
121900167,53,76,-23
121900168,127,99,28
121900169,2,356,-354
121900170,2,151,-149
121900171,390,365,25
121900172,187,276,-89
121900173,599,124,475
121900174,17,87,-70
121900175,27,112,-85
121900176,344,1879,-1535
121900177,114,52,62
121900178,9,91,-82
121900179,211,97,114
121900180,6560,2138,4422
121900182,182,237,-55
121900183,402,304,98
121900184,29,677,-648
121900186,10,339,-329
121900187,7,99,-92
121900188,588,245,343
121900189,27,193,-166
121900190,155,393,-238
121900191,56,62,-6
121900192,579,446,133
121900193,8,236,-228
121900194,9,151,-142
121900195,110,134,-24
121900196,575,771,-196
121900197,410,1970,-1560
121900198,908,819,89
121900199,0,30,-30
121900200,67,203,-136
121900201,1022,580,442
121900202,97,286,-189
121900203,220,585,-365
121900204,1039,654,385
121900205,1,128,-127
121900206,3,6,-3
121900207,158,19,139
121900208,58,223,-165
121900209,51,17,34
121900210,616,789,-173
121900211,14,119,-105
121900212,86,112,-26
121900213,27,119,-92
121900214,2,361,-359
121900215,33,62,-29
121900216,12,46,-34
121900217,331,95,236
121900218,147,419,-272
121900220,136,5,131
121900221,191,502,-311
121900222,27,200,-173
121900223,50,53,-3
121900224,21,42,-21
121900225,53,55,-2
121900226,134,853,-719
121900227,71,320,-249
121900228,199,220,-21
121900230,37,52,-15
121900231,398,174,224
121900232,254,300,-46
121900233,216,250,-34
121900234,175,395,-220
121900235,170,279,-109
121900236,191,131,60
121900237,128,260,-132
121900238,116,174,-58
121900239,105,65,40
121900240,181,175,6
121900241,12,69,-57
121900242,0,0,0
121900243,1,0,1
121900244,1,1,0
121900245,106,137,-31
121900246,1058,431,627
121900247,182,346,-164
121900248,1136,504,632
121900250,158,178,-20
121900251,246,13,233
121900252,716,105,611
121900253,89,758,-669
121900254,428,211,217
121900255,96,64,32
121900258,1742,1098,644
121900259,338,294,44
121900260,32,208,-176
121900261,88,344,-256
121900262,261,581,-320
121900263,87,343,-256
121900264,2639,1045,1594
121900265,152,430,-278
121900266,115,235,-120
121900267,22,17,5
121900269,109,220,-111
121900270,4,111,-107
121900271,13,188,-175
121900273,252,783,-531
121900274,66,215,-149
121900277,193,1517,-1324
121900278,62,843,-781
121900279,83,290,-207
121900280,79,223,-144
121900281,556,41,515
121900284,69,5,64
121900286,31,256,-225
121900287,8,15,-7
121900288,3,0,3
121900290,171,160,11
121900291,301,405,-104
121900292,101,56,45
121900293,811,3104,-2293
121900294,203,1,202
121900295,28,278,-250
121900296,45,12,33
121900298,187,264,-77
121900299,0,0,0
121900300,3,0,3
121900301,46,0,46
121900302,0,32,-32
121900303,156,447,-291
121900304,2,1,1
121900305,0,6,-6
121900306,24,1,23
121900307,7,9,-2
121900308,12,464,-452
121900309,18,279,-261
121900310,9,580,-571
121900311,93,14,79
121900312,54,7,47
121900313,122,7,115
121900314,2,100,-98
121900315,0,0,0
121900316,0,9,-9
121900317,1,2,-1
121900318,0,11,-11
121900319,9,10,-1
121900320,50,106,-56
121900321,6,0,6
121900322,0,27,-27
121900323,5,4,1
121900324,3,36,-33
121900325,3,0,3
121900326,1,31,-30
121900327,1,38,-37
121900328,0,16,-16
121900329,1,176,-175
121900330,0,21,-21
121900331,90,7,83
121900332,46,18,28
121900333,10,3,7
122000001,2554,2936,-382
122000002,5975,1393,4582
122000003,2458,1472,986
122000004,3438,1034,2404
122000005,2539,765,1774
122000006,2023,318,1705
122000007,1154,700,454
122000008,6339,2877,3462
122000009,789,189,600
122000010,2349,2437,-88
122000011,3626,771,2855
122000012,1068,781,287
122000013,1546,940,606
122000014,1191,1438,-247
122000015,1053,808,245
122000016,312,804,-492
122000017,1052,1034,18
122000018,1124,1168,-44
122000019,548,1632,-1084
122000020,160,189,-29
122000021,709,336,373
122000022,1136,1477,-341
122000023,470,2816,-2346
122000024,933,754,179
122000025,1377,924,453
122000026,1903,655,1248
122000027,539,3586,-3047
122000028,657,281,376
122000029,390,198,192
122000030,357,87,270
122000031,118,157,-39
122000032,992,2007,-1015
122000033,720,573,147
122000034,518,504,14
122000035,413,591,-178
122000036,388,566,-178
122000037,311,301,10
122000038,211,345,-134
122000039,498,458,40
122000040,373,247,126
122000041,327,502,-175
122000042,167,393,-226
122000043,119,113,6
122000044,92,135,-43
122000045,1078,502,576
122000046,436,823,-387
122000047,230,164,66
122000048,3467,2935,532
122000049,4879,2518,2361
122000050,1142,459,683
122000051,279,188,91
122000052,457,160,297
122000053,91,322,-231
122000054,1807,1882,-75
122000055,1816,1888,-72
122000056,4132,2659,1473
122000057,3362,2059,1303
122000058,3624,976,2648
122000059,2656,1072,1584
122000060,1064,438,626
122000061,695,147,548
122000062,1288,269,1019
122000063,671,346,325
122000064,2903,2625,278
122000065,5273,2991,2282
122000066,1243,1094,149
122000067,1242,1233,9
122000068,677,1176,-499
122000069,516,864,-348
122000070,500,2553,-2053
122000071,899,1618,-719
122000072,263,256,7
122000073,282,324,-42
122000074,1217,1421,-204
122000075,476,1043,-567
122000076,1218,1111,107
122000077,1135,516,619
122000078,2569,1412,1157
122000079,1028,631,397
122000080,550,302,248
122000081,185,183,2
122000082,1272,665,607
122000083,970,3360,-2390
122000084,727,702,25
122000085,209,2318,-2109
122000086,2055,2954,-899
122000087,381,117,264
122000088,360,176,184
122000089,5934,3590,2344
122000090,237,405,-168
122000091,217,69,148
122000092,100,18,82
122000093,1009,921,88
122000094,7464,1488,5976
122000095,3407,1021,2386
122000096,2566,905,1661
122000098,2764,1261,1503
122000099,1622,748,874
122000100,1520,651,869
122000101,195,1329,-1134
122000102,1435,1173,262
122000103,1035,1353,-318
122000104,185,166,19
122000105,197,278,-81
122000106,509,414,95
122000107,613,474,139
122000108,334,967,-633
122000109,185,246,-61
122000110,227,535,-308
122000111,2909,1354,1555
122000112,563,1565,-1002
122000113,349,872,-523
122000114,2385,1216,1169
122000115,1776,866,910
122000116,548,825,-277
122000117,1013,413,600
122000118,448,741,-293
122000119,3404,1638,1766
122000120,6756,2744,4012
122000121,8909,2334,6575
122000122,1279,1634,-355
122000123,5927,1302,4625
122000124,1966,580,1386
122000125,506,692,-186
122000126,1008,780,228
122000127,3705,1093,2612
122000128,1135,1498,-363
122000129,283,362,-79
122000130,3690,383,3307
122000131,5231,421,4810
122000132,1503,527,976
122000133,1392,2415,-1023
122000134,420,430,-10
122000135,734,1425,-691
122000136,361,141,220
122000137,850,621,229
122000139,1327,3422,-2095
122000140,1070,446,624
122000141,6394,908,5486
122000142,484,612,-128
122000143,1142,206,936
122000144,3951,820,3131
122000145,1831,1029,802
122000146,936,848,88
122000147,950,434,516
122000148,2310,1347,963
122000149,2974,1409,1565
122000150,1927,1173,754
122000151,570,377,193
122000152,696,387,309
122000153,778,286,492
122000154,610,197,413
122000155,2529,2195,334
122000156,2547,2176,371
122000157,1753,1344,409
122000158,324,582,-258
122000159,2434,1690,744
122000160,12835,706,12129
122000161,2194,796,1398
122000162,2590,1925,665
122000163,367,74,293
122000164,52,89,-37
122000165,754,684,70
122000166,743,751,-8
122000167,190,232,-42
122000168,190,434,-244
122000169,311,162,149
122000170,207,288,-81
122000171,38,86,-48
122000172,1536,1416,120
122000173,1513,1985,-472
122000174,1193,692,501
122000175,1121,396,725
122000176,227,575,-348
122000177,1442,1217,225
122000178,2770,1754,1016
122000179,2199,2156,43
122000180,1717,795,922
122000181,2779,1926,853
122000182,3754,790,2964
122000183,1897,921,976
122000184,4899,1946,2953
122000185,1779,1219,560
122000186,565,727,-162
122000187,1171,2014,-843
122000188,749,170,579
122000189,352,361,-9
122000190,879,1485,-606
122000191,983,394,589
122000192,839,345,494
122000193,306,705,-399
122000194,479,180,299
122000195,89,387,-298
122000196,726,586,140
122000197,477,694,-217
122000198,401,1029,-628
122000199,324,339,-15
122000200,1076,454,622
122000201,1465,1792,-327
122000202,818,1154,-336
122000203,3410,1452,1958
122000204,1893,1863,30
122000205,1584,1098,486
122000206,2447,1060,1387
122000207,1269,1712,-443
122000208,1424,1905,-481
122000209,1805,257,1548
122000210,1008,2190,-1182
122000211,793,1461,-668
122000212,444,619,-175
122000213,846,1337,-491
122000214,1636,2154,-518
122000215,1546,1396,150
122000217,2087,1559,528
122000218,421,40,381
122000219,1420,1324,96
122000220,268,963,-695
122000221,82,407,-325
122000222,571,77,494
122000223,741,607,134
122000225,571,468,103
122000226,1028,2243,-1215
122000227,263,1669,-1406
122000228,453,611,-158
122000229,22,420,-398
122000230,64,1291,-1227
122000231,224,867,-643
122000232,581,1194,-613
122000233,0,190,-190
122000234,42,228,-186
122000235,280,272,8
122000236,298,260,38
122000237,42,66,-24
122000238,82,131,-49
122000239,335,118,217
122000240,740,346,394
122000241,464,360,104
122000242,376,58,318
122000243,35,31,4
122000244,15,478,-463
122000245,37,247,-210
122000246,18,83,-65
122000247,729,836,-107
122000248,1501,3562,-2061
122000249,236,535,-299
122000250,1368,431,937
122000251,284,353,-69
122000252,618,86,532
122000253,15,394,-379
122000254,131,82,49
122000255,564,2785,-2221
122000256,391,1896,-1505
122000257,116,592,-476
122000258,70,235,-165
122000259,35,832,-797
122000260,4,175,-171
122000261,2,182,-180
122000262,1,93,-92
122000263,66,151,-85
122000264,278,609,-331
122000265,1364,815,549
122000266,2921,468,2453
122000267,58,170,-112
122000268,74,625,-551
122000269,383,335,48
122000270,368,124,244
122000271,251,1181,-930
122000272,252,1309,-1057
122000273,194,555,-361
122000274,49,203,-154
122000275,15,145,-130
122000276,182,693,-511
122000277,581,1313,-732
122000278,427,1231,-804
122000279,106,1197,-1091
122000280,673,1195,-522
122000281,482,1065,-583
122000282,86,276,-190
122000283,265,72,193
122000284,102,138,-36
122000285,257,137,120
122000286,123,268,-145
122000287,588,1187,-599
122000288,187,255,-68
122000291,491,371,120
122000293,400,705,-305
122000294,82,142,-60
122000295,983,187,796
122000296,44,584,-540
122000297,3486,1701,1785
122000299,254,454,-200
122000300,335,446,-111
122000301,16618,2219,14399
122000302,1216,501,715
122000303,4731,1261,3470
122000304,24,165,-141
122000305,699,357,342
122000306,28,1017,-989
122000307,88,140,-52
122000309,36,82,-46
122000310,9,18,-9
122000311,39,35,4
122000312,40,33,7
122000313,8,31,-23
122000314,59,175,-116
122000315,90,12,78
122000316,144,196,-52
122000317,511,155,356
122000318,173,310,-137
122000319,265,577,-312
122000320,284,2499,-2215
122000321,74,371,-297
122000322,2804,1585,1219
122000323,1765,1021,744
122000324,1340,1052,288
122000325,764,857,-93
122000326,9,203,-194
122000327,150,386,-236
122000328,2797,1384,1413
122000330,2084,679,1405
122000332,197,304,-107
122000333,16,202,-186
122000337,425,3988,-3563
122000338,159,781,-622
122000340,274,234,40
122000342,3028,1533,1495
122000343,398,2428,-2030
122000344,20,21,-1
122000345,17,81,-64
122000346,333,814,-481
122000348,363,792,-429
122000349,256,1232,-976
122000351,86,204,-118
122000352,465,66,399
122000353,47,153,-106
122000355,123,148,-25
122000356,1403,887,516
122000357,18,19,-1
122000358,0,124,-124
122000359,0,73,-73
122000360,0,112,-112
122000362,13,179,-166
122000364,68,527,-459
122000365,1,21,-20
122000366,1,8,-7
122000368,359,891,-532
122000370,10,138,-128
122000371,3,0,3
122000372,2,0,2
122000381,22,364,-342
122000382,60,392,-332
122000384,3706,1903,1803
122000385,18,0,18
122000386,260,688,-428
122000387,288,602,-314
122000388,1832,339,1493
122000389,180,862,-682
122000390,323,247,76
122000391,170,60,110
122000392,196,395,-199
122000393,11,204,-193
122000394,180,373,-193
122000395,155,239,-84
122000396,182,102,80
122000397,51,178,-127
122000398,13,54,-41
122000399,44,104,-60
122000400,146,336,-190
122000401,89,149,-60
122000402,72,53,19
122000403,240,1593,-1353
122000404,72,298,-226
122000408,886,1263,-377
122000503,8,63,-55
122000524,204,95,109
122000544,14,1062,-1048
122000616,798,2,796
122000640,29,302,-273
122000641,39,620,-581
122000642,794,1445,-651
122000643,7,107,-100
122000644,165,42,123
122000645,104,142,-38
122000651,1425,531,894
122000664,134,53,81
122000665,1008,613,395
122000666,488,1566,-1078
122000673,20,459,-439
122000674,67,58,9
122000675,862,1378,-516
122000686,194,1652,-1458
122000687,293,466,-173
122000688,191,1021,-830
122000689,236,718,-482
122000690,314,825,-511
122000691,274,3130,-2856
122000692,844,474,370
122000693,487,2616,-2129
122000695,118,709,-591
122000696,158,438,-280
122000698,77,1376,-1299
122000699,93,126,-33
122000701,636,350,286
122000702,416,2412,-1996
122000703,113,15,98
122000717,268,59,209
122000718,535,249,286
122000719,10,41,-31
122000720,87,266,-179
122000724,117,24,93
122900001,9,0,9
122900002,1088,1193,-105
122900003,155,18,137
122900004,450,13,437
122900005,56,55,1
122900006,511,253,258
122900007,110,11,99
122900008,450,63,387
122900009,859,286,573
122900010,144,80,64
122900012,352,340,12
122900014,144,339,-195
122900015,2279,265,2014
122900016,38,351,-313
122900017,557,821,-264
122900018,177,13,164
122900019,8,175,-167
122900020,336,444,-108
122900021,45,505,-460
122900022,276,1014,-738
122900023,167,369,-202
122900024,107,81,26
122900025,8,165,-157
122900026,203,406,-203
122900027,32,687,-655
122900028,79,191,-112
122900029,4207,1240,2967
122900030,1564,416,1148
122900031,118,152,-34
122900032,141,234,-93
122900033,126,158,-32
122900034,3787,2757,1030
122900035,15,5,10
122900036,9,82,-73
122900037,287,161,126
122900038,130,1431,-1301
122900039,135,383,-248
122900040,120,430,-310
122900041,157,178,-21
122900042,133,302,-169
122900043,186,201,-15
122900044,68,333,-265
122900045,50,103,-53
122900046,114,71,43
122900047,87,101,-14
122900048,20,152,-132
122900049,1674,88,1586
122900051,62,104,-42
122900052,20,111,-91
122900053,7,12,-5
122900055,215,94,121
122900057,201,12,189
122900061,421,80,341
122900062,284,405,-121
122900063,86,522,-436
122900064,771,796,-25
122900065,217,122,95
122900066,249,238,11
122900067,1995,974,1021
122900068,257,434,-177
122900069,209,789,-580
122900070,62,45,17
122900071,97,616,-519
122900072,17,689,-672
122900073,61,308,-247
122900074,140,946,-806
122900075,2,73,-71
122900076,3,193,-190
122900077,1,271,-270
122900078,38,196,-158
122900080,54,13,41
122900081,123,113,10
122900082,325,208,117
122900083,143,104,39
122900084,2,202,-200
122900086,15,30,-15
122900087,101,729,-628
122900088,38,65,-27
122900089,7,99,-92
122900090,13,714,-701
122900091,44,0,44
122900092,1,359,-358
122900093,3,497,-494
122900094,7,340,-333
122900095,63,1,62
122900096,41,376,-335
122900097,20,4,16
122900098,114,145,-31
122900099,1,3,-2
122900100,169,125,44
122900101,910,199,711
122900102,12,10,2
122900103,19,9,10
122900104,39,4,35
122900105,1,1,0
122900106,4,100,-96
122900107,5,238,-233
122900108,4,219,-215
123000001,2118,422,1696
123000002,6874,2171,4703
123000003,3906,2159,1747
123000004,4253,4851,-598
123000005,2207,2037,170
123000006,3575,3384,191
123000007,2288,2372,-84
123000008,2543,4669,-2126
123000009,4018,2916,1102
123000010,4354,4263,91
123000011,3192,970,2222
123000012,1109,2813,-1704
123000013,3126,1056,2070
123000014,1445,4393,-2948
123000015,4097,764,3333
123000016,7839,2665,5174
123000017,2977,1470,1507
123000018,42,86,-44
123000019,65,436,-371
123000020,54,149,-95
123000021,33,114,-81
123000022,391,554,-163
123000023,1017,1302,-285
123000024,756,522,234
123000025,4,47,-43
123000026,0,63,-63
123000027,136,335,-199
123000028,249,229,20
123000029,457,353,104
123000030,64,991,-927
123000031,64,499,-435
123000032,107,376,-269
123000033,132,71,61
123000034,469,426,43
123000035,149,266,-117
123000036,158,523,-365
123000037,143,465,-322
123000038,95,209,-114
123000039,716,858,-142
123000040,1223,525,698
123000041,748,445,303
123000042,621,674,-53
123000043,3784,3812,-28
123000044,6445,2263,4182
123000045,13331,1451,11880
123000046,989,923,66
123000047,3179,1043,2136
123000048,67,284,-217
123000049,7670,3494,4176
123000050,652,1164,-512
123000051,109,150,-41
123000052,565,1864,-1299
123000053,2634,2124,510
123000054,1251,1012,239
123000055,1486,1018,468
123000056,1289,2250,-961
123000057,20099,4641,15458
123000058,422,629,-207
123000059,313,489,-176
123000060,646,524,122
123000061,146,751,-605
123000063,814,531,283
123000064,878,210,668
123000065,9762,3913,5849
123000066,1312,946,366
123000067,248,639,-391
123000068,3378,4373,-995
123000069,11175,5519,5656
123000070,372,822,-450
123000071,417,1336,-919
123000072,820,2048,-1228
123000073,519,990,-471
123000074,922,2669,-1747
123000075,355,661,-306
123000076,430,1809,-1379
123000077,1996,4300,-2304
123000078,708,1832,-1124
123000079,684,2012,-1328
123000080,1485,3271,-1786
123000081,193,684,-491
123000082,476,1284,-808
123000083,666,114,552
123000084,221,778,-557
123000085,53,151,-98
123000086,105,562,-457
123000087,127,646,-519
123000088,990,1621,-631
123000089,408,1308,-900
123000090,1048,1519,-471
123000091,1624,1185,439
123000092,1603,1414,189
123000094,330,354,-24
123000095,281,596,-315
123000096,203,597,-394
123000097,248,1562,-1314
123000098,384,682,-298
123000099,421,1163,-742
123000100,443,570,-127
123000101,534,401,133
123000102,607,656,-49
123000104,347,261,86
123000105,632,527,105
123000106,439,240,199
123000107,428,522,-94
123000108,1226,1402,-176
123000111,419,286,133
123000112,473,703,-230
123000113,571,2287,-1716
123000114,375,349,26
123000115,160,341,-181
123000116,30,254,-224
123000117,1553,2896,-1343
123000118,445,1317,-872
123000119,207,1368,-1161
123000120,382,1175,-793
123000121,370,574,-204
123000122,334,328,6
123000123,342,474,-132
123000124,537,529,8
123000125,920,577,343
123000126,2175,1505,670
123000127,2012,852,1160
123000128,244,451,-207
123000129,276,175,101
123000130,250,58,192
123000131,390,397,-7
123000132,512,598,-86
123000133,654,495,159
123000134,908,213,695
123000135,1097,1446,-349
123000136,173,1629,-1456
123000137,77,574,-497
123000138,46,670,-624
123000139,390,127,263
123000140,190,947,-757
123000141,966,72,894
123000142,937,1222,-285
123000143,1018,3139,-2121
123000144,35,12,23
123000145,192,117,75
123000146,70,79,-9
123000147,46,99,-53
123000149,457,360,97
123000150,278,252,26
123000151,324,480,-156
123000152,63,345,-282
123000153,175,475,-300
123000154,3305,1542,1763
123000155,3365,1010,2355
123000156,79,93,-14
123000157,713,1089,-376
123000158,804,470,334
123000159,2998,1595,1403
123000160,636,362,274
123000161,1271,574,697
123000162,560,1092,-532
123000163,183,51,132
123000164,511,157,354
123000165,266,2553,-2287
123000166,22,227,-205
123000167,103,344,-241
123000168,183,463,-280
123000169,235,98,137
123000170,10,542,-532
123000171,92,71,21
123000172,277,862,-585
123000173,808,106,702
123000174,715,160,555
123000175,1342,1952,-610
123000176,904,67,837
123000177,485,1324,-839
123000178,387,46,341
123000179,23,1015,-992
123000180,881,250,631
123000181,376,1907,-1531
123000182,88,656,-568
123000183,138,135,3
123000184,68,1157,-1089
123000185,160,363,-203
123000186,2,835,-833
123000187,213,4,209
123000188,70,0,70
123000189,131,335,-204
123000190,12,75,-63
123000192,26,590,-564
123000193,47,701,-654
123000194,444,324,120
123000195,234,7,227
123000196,106,9,97
123000197,23,100,-77
123000198,6,260,-254
123000199,6,619,-613
123000200,188,4,184
123000201,361,16,345
123000202,30,1721,-1691
123000203,379,21,358
123000204,60,1616,-1556
123000205,309,2672,-2363
123000206,760,99,661
123000207,77,1197,-1120
123000208,140,48,92
123000209,785,195,590
123000210,365,1786,-1421
123000211,689,4013,-3324
123000212,1010,237,773
123000213,219,42,177
123000215,109,95,14
123000216,285,629,-344
123000217,132,31,101
123000218,109,299,-190
123000219,932,23,909
123000220,372,54,318
123000221,121,170,-49
123000222,187,896,-709
123000223,71,732,-661
123000224,421,806,-385
123000225,174,98,76
123000226,50,499,-449
123000227,52,519,-467
123000228,145,75,70
123000229,1208,2343,-1135
123000232,121,770,-649
123000233,394,81,313
123000234,137,917,-780
123000235,147,334,-187
123000236,163,1318,-1155
123000237,167,51,116
123000238,44,946,-902
123000239,461,2792,-2331
123000240,32,227,-195
123000241,981,100,881
123000242,81,308,-227
123000243,344,1060,-716
123000244,727,559,168
123000245,55,168,-113
123000249,406,536,-130
123000252,521,121,400
123000253,294,342,-48
123000254,448,1387,-939
123000255,570,686,-116
123000256,41,341,-300
123000257,3796,2757,1039
123000258,1267,1766,-499
123000259,150,414,-264
123000260,218,824,-606
123000261,52,338,-286
123000262,55,340,-285
123000263,166,122,44
123000264,132,47,85
123000265,70,192,-122
123000266,447,763,-316
123000267,222,227,-5
123000268,13,78,-65
123000269,19,40,-21
123000270,24,27,-3
123000271,53,90,-37
123000272,806,152,654
123000273,133,347,-214
123000274,776,362,414
123000275,253,1377,-1124
123000278,3853,2720,1133
123000279,24,115,-91
123000280,216,507,-291
123000281,169,81,88
123000282,85,314,-229
123000283,72,21,51
123000284,50,161,-111
123000286,392,221,171
123000287,643,223,420
123000288,562,306,256
123000289,457,506,-49
123000291,395,995,-600
123000294,151,239,-88
123000295,646,826,-180
123000296,152,444,-292
123000297,184,1322,-1138
123000298,168,1100,-932
123000299,22,410,-388
123000300,599,671,-72
123000301,53,213,-160
123000302,44,146,-102
123000303,35,137,-102
123000305,951,849,102
123000306,31,322,-291
123000309,35,92,-57
123000310,71,39,32
123000311,1,173,-172
123000312,730,1317,-587
123000313,124,233,-109
123000315,53,408,-355
123000316,1749,43,1706
123000317,184,41,143
123000318,35,386,-351
123000329,6,18,-12
123000337,67,305,-238
123000338,325,59,266
123000339,46,470,-424
123000340,172,527,-355
123000342,4,5,-1
123000343,21,0,21
123000344,916,467,449
123000345,458,877,-419
123000346,178,70,108
123000352,2770,909,1861
123000353,20,158,-138
123000354,81,0,81
123000355,1,437,-436
123000356,81,7,74
123000357,2,356,-354
123000359,2,294,-292
123000360,83,7,76
123000361,570,260,310
123000362,111,119,-8
123000363,68,315,-247
123000364,384,275,109
123000365,27,228,-201
123000366,254,1020,-766
123000367,259,1535,-1276
123000370,21,377,-356
123000371,202,11,191
123000372,141,7,134
123000373,4,492,-488
123000374,1,203,-202
123000375,178,11,167
123000376,532,512,20
123000377,151,5,146
123000378,9,649,-640
123000379,2,221,-219
123000380,84,192,-108
123000381,79,31,48
123000382,913,33,880
123000383,207,687,-480
123000384,358,116,242
123000385,410,581,-171
123000436,41,905,-864
123000507,219,373,-154
123000508,309,388,-79
123000517,270,19,251
123000518,32,215,-183
123000519,114,66,48
123000520,61,252,-191
123000521,245,97,148
123000522,164,575,-411
123000541,1,0,1
123000542,0,49,-49
123000565,4,0,4
123000566,169,1081,-912
123000567,66,324,-258
123000573,36,1509,-1473
123000574,340,81,259
123000575,956,1573,-617
123000576,472,2143,-1671
123000577,71,415,-344
123000578,704,119,585
123000579,6288,2222,4066
123000580,53,14,39
123000582,128,31,97
123000583,17,671,-654
123000584,134,269,-135
123000585,0,133,-133
123000586,18,1,17
123000596,102,157,-55
123000597,53,60,-7
123000602,11,0,11
123000603,189,995,-806
123000604,286,1578,-1292
123000605,637,123,514
123000606,1,245,-244
123000609,14,560,-546
123000610,89,98,-9
123000613,24,106,-82
123000614,148,74,74
123000615,32,162,-130
123000616,308,59,249
123000617,26,972,-946
123000618,40,843,-803
123000619,562,26,536
123000620,13,673,-660
123000622,242,14,228
123000624,126,38,88
123000630,356,476,-120
123000631,173,2599,-2426
123000632,1278,1403,-125
123000633,0,180,-180
123000634,59,28,31
123000635,308,157,151
123000636,30,978,-948
123000637,118,219,-101
123000638,232,158,74
123000639,911,2115,-1204
123000640,30,1303,-1273
123900001,1557,125,1432
123900002,18,873,-855
123900003,380,821,-441
123900005,103,110,-7
123900006,66,21,45
124000001,1152,91,1061
124000002,97,1935,-1838
124000003,266,108,158
124000004,39,979,-940
124000005,428,139,289
124000006,209,2047,-1838
124000007,583,70,513
124000008,22,409,-387
124000009,161,290,-129
124000010,89,606,-517
124000011,326,292,34
124000012,178,1153,-975
124000017,27,157,-130
124000018,94,194,-100
124000019,54,124,-70
124000020,29,356,-327
124000021,38,73,-35
124000022,102,368,-266
124000023,1038,1225,-187
124000024,953,692,261
124000025,883,1188,-305
124000026,1136,1169,-33
124000027,5361,2872,2489
124000028,3316,3570,-254
124000030,3920,1181,2739
124000031,526,623,-97
124000032,5180,1299,3881
124000033,3,42,-39
124000034,2221,627,1594
124000035,16,54,-38
124000036,81,141,-60
124000037,502,214,288
124000038,73,18,55
124000039,1486,172,1314
124000040,719,422,297
124000041,331,86,245
124000042,138,349,-211
124000043,266,104,162
124000044,106,352,-246
124000045,463,669,-206
124000046,154,923,-769
124000047,513,1013,-500
124000048,314,2485,-2171
124000049,625,826,-201
124000050,354,3014,-2660
124000051,335,600,-265
124000052,275,1757,-1482
124000053,398,795,-397
124000054,585,854,-269
124000055,796,1047,-251
124000056,4779,1495,3284
124000057,441,372,69
124000058,343,1597,-1254
124000059,271,447,-176
124000060,929,1002,-73
124000061,1014,2103,-1089
124000062,6047,1754,4293
124000063,1289,1741,-452
124000064,2824,2295,529
124000065,12,129,-117
124000066,399,150,249
124000067,37,284,-247
124000068,0,25,-25
124000069,45,20,25
124000070,9,162,-153
124000071,191,52,139
124000072,173,729,-556
124000073,533,67,466
124000074,187,1285,-1098
124000075,73,19,54
124000076,20,373,-353
124000077,2120,460,1660
124000078,3540,232,3308
124000079,1060,1003,57
124000080,314,99,215
124000081,154,1081,-927
124000082,14,155,-141
124000083,36,208,-172
124000084,55,174,-119
124000085,38,72,-34
124000086,132,102,30
124000087,81,42,39
124000088,257,299,-42
124000089,262,353,-91
124000090,96,496,-400
124000091,273,169,104
124000092,51,888,-837
124000093,100,59,41
124000094,155,363,-208
124000095,41,56,-15
124000096,80,350,-270
124000097,59,62,-3
124000098,52,153,-101
124000099,130,136,-6
124000100,32,136,-104
124000101,16,110,-94
124000102,70,90,-20
124000103,27,116,-89
124000104,37,130,-93
124000105,21,82,-61
124000106,64,137,-73
124000107,9,102,-93
124000108,47,37,10
124000109,96,39,57
124000110,84,135,-51
124000111,122,173,-51
124000112,464,827,-363
124000113,46,38,8
124000114,180,679,-499
124000115,375,900,-525
124000116,87,55,32
124000117,73,62,11
124000118,30,31,-1
124000119,929,582,347
124000120,508,578,-70
124000121,1500,540,960
124000122,623,1090,-467
124000123,798,314,484
124000124,600,1116,-516
124000125,468,345,123
124000126,454,663,-209
124000127,689,458,231
124000128,719,1242,-523
124000129,1680,1373,307
124000130,887,651,236
124000131,950,597,353
124000132,864,776,88
124000133,637,864,-227
124000134,660,975,-315
124000135,1390,1411,-21
124000136,1226,1154,72
124000137,1619,561,1058
124000138,2423,1055,1368
124000139,210,12,198
124000140,25,500,-475
124000141,46,6,40
124000142,14,118,-104
124000143,13,19,-6
124000144,10,40,-30
124000145,26,17,9
124000146,20,170,-150
124000148,41,19,22
124000149,730,212,518
124000150,373,546,-173
124000151,510,183,327
124000152,736,1176,-440
124000153,556,415,141
124000154,598,973,-375
124000155,984,587,397
124000156,1270,1092,178
124000169,147,308,-161
124000170,700,411,289
124000171,174,240,-66
124000172,290,705,-415
124000173,174,336,-162
124000174,166,902,-736
124000175,10,201,-191
124000176,53,8,45
124000177,25,59,-34
124000178,45,3,42
124000190,258,33,225
124000191,334,45,289
124000192,1422,286,1136
124000193,348,1338,-990
124000194,322,701,-379
124000195,168,496,-328
124000196,715,1455,-740
124000197,61,63,-2
124000198,12,31,-19
124000201,176,1210,-1034
124000202,350,89,261
124000203,89,1309,-1220
124000204,239,593,-354
124000205,25,775,-750
124000206,117,438,-321
124000207,0,79,-79
124000209,176,759,-583
124000210,113,198,-85
124000211,147,2,145
124000212,3,792,-789
124000213,125,414,-289
124000214,99,849,-750
124000215,50,4,46
124000216,0,745,-745
124000329,64,3093,-3029
124000338,40,1540,-1500
124000339,210,66,144
124000341,283,63,220
124000344,16,13,3
124000357,757,1083,-326
124000358,803,839,-36
124000359,577,400,177
124000360,293,299,-6
124000361,838,596,242
124000362,1649,2292,-643
124000363,227,502,-275
124000364,461,1085,-624
124000365,727,1345,-618
124000366,2048,1022,1026
124000367,117,703,-586
124000368,150,101,49
124000369,80,73,7
124000370,89,759,-670
124000402,8,11,-3
124000403,34,13,21
124000404,4,139,-135
124000405,1106,635,471
124000406,988,1008,-20
124000407,4,34,-30
124000411,8,657,-649
124000412,90,6,84
124000413,133,35,98
124000414,32,136,-104
124000415,46,289,-243
124000416,93,491,-398
124000417,138,119,19
124000418,42,194,-152
124000419,43,249,-206
124000420,19,62,-43
124000421,12,440,-428
124000422,35,18,17
124000423,140,46,94
124000424,3,135,-132
124000425,12,10,2
124000426,2,52,-50
124000427,17,17,0
124000428,3,38,-35
124000429,19,88,-69
124000430,461,825,-364
124000431,471,810,-339
124000432,114,900,-786
124000439,3,7,-4
124000443,0,5,-5
124000445,222,262,-40
124000446,2502,71,2431
124900001,164,248,-84
124900002,100,592,-492
124900003,311,598,-287
124900004,145,358,-213
124900005,214,270,-56
124900006,222,398,-176
124900008,1123,521,602
124900009,116,82,34
124900010,119,19,100
124900011,158,114,44
124900012,179,46,133
124900013,261,100,161
124900014,88,82,6
124900015,81,110,-29
124900016,16,33,-17
124900017,444,139,305
124900018,4,2,2
124900020,35,35,0
124900021,90,25,65
124900022,25,1,24
124900024,115,11,104
124900026,24,6,18
124900027,52,133,-81
124900028,711,125,586
124900029,7,287,-280
124900030,1,157,-156
124900031,15,443,-428
124900032,217,196,21
124900033,75,477,-402
124900034,8,105,-97
124900035,100,436,-336
124900036,2,34,-32
124900037,110,364,-254
124900038,312,403,-91
124900039,0,32,-32
124900040,34,96,-62
124900041,149,1379,-1230
124900042,24,5,19
124900043,285,1276,-991
124900044,20,1,19
124900045,700,694,6
124900046,1617,228,1389
124900047,99,191,-92
124900048,95,159,-64
124900050,110,281,-171
124900052,61,474,-413
124900053,21,470,-449
124900054,3231,275,2956
124900055,0,95,-95
124900057,3,78,-75
124900060,64,228,-164
124900061,25,1,24
124900062,19,18,1
124900066,0,10,-10
124900067,3,160,-157
124900068,220,177,43
124900070,56,19,37
124900072,22,16,6
124900074,126,315,-189
124900075,61,257,-196
124900076,20,313,-293
124900077,19,133,-114
124900078,79,5,74
124900079,668,29,639
124900080,93,796,-703
124900081,294,218,76
124900082,169,1030,-861
124900083,114,580,-466
124900084,2935,108,2827
124900085,1573,211,1362
124900086,59,384,-325
124900087,442,68,374
124900088,660,87,573
124900089,1378,19,1359
124900090,111,187,-76
124900091,140,729,-589
124900092,119,527,-408
124900093,111,159,-48
124900094,150,211,-61
124900095,35,349,-314
124900096,556,103,453
124900097,165,36,129
124900098,103,477,-374
124900099,603,339,264
124900100,181,46,135
124900101,25,703,-678
124900102,78,16,62
124900103,52,299,-247
124900104,15,237,-222
124900105,18,160,-142
124900106,183,26,157
124900107,43,6,37
124900108,140,15,125
124900109,13,105,-92
124900110,98,455,-357
124900111,0,46,-46
124900112,45,939,-894
124900113,207,96,111
124900114,313,34,279
124900115,69,39,30
124900116,65,112,-47
124900117,574,94,480
124900118,95,79,16
124900119,194,58,136
124900120,24,483,-459
124900121,120,104,16
124900122,590,230,360
124900123,628,46,582
124900124,187,161,26
129000186,43,28,15
204000001,8,19,-11
204000002,2,24,-22
204000003,3,6,-3
204000004,1,4,-3
204000005,359,195,164
204000006,587,550,37
204000011,8,60,-52
204000012,11,115,-104
204000013,0,4,-4
204000019,339,506,-167
204000020,451,642,-191
204000021,1953,740,1213
204000022,365,493,-128
204000023,279,1382,-1103
204000031,68,29,39
204000032,496,58,438
204000034,13,465,-452
204000035,3,2,1
204000036,9,23,-14
204000037,2,9,-7
204000038,0,23,-23
204000039,2,66,-64
204000040,9,56,-47
204000041,9,55,-46
204000042,14,14,0
204000043,9,24,-15
204000044,18,0,18
204000045,18,7,11
204000046,2,3,-1
204000057,1,85,-84
204000062,14,137,-123
204000068,27,118,-91
204000069,12,161,-149
204000070,48,177,-129
204000080,16,75,-59
204000085,828,1826,-998
204000086,2853,2052,801
204000087,28,44,-16
204000088,13,116,-103
204000090,18,573,-555
204000093,164,32,132
204000096,342,511,-169
204000097,155,6,149
204000099,587,1005,-418
204000100,434,778,-344
204000105,1883,1459,424
204000110,844,1481,-637
204000111,327,939,-612
204000112,666,985,-319
204000113,465,875,-410
204000114,694,433,261
204000115,245,295,-50
204000116,1118,431,687
204000119,1141,1142,-1
204000132,227,219,8
204000133,386,253,133
204000134,318,155,163
204000135,263,128,135
204000136,133,219,-86
204000138,159,357,-198
204000140,110,96,14
204000141,54,32,22
204000144,10,19,-9
204000145,736,24,712
204000146,37,437,-400
204000147,38,110,-72
204000148,510,16,494
204000154,1,4,-3
204000155,1,8,-7
204000177,35,52,-17
204000179,5,2,3
204000180,0,31,-31
204000222,3,14,-11
204000235,8,14,-6
204000236,88,357,-269
204000238,21,16,5
204000240,445,50,395
204000263,377,1372,-995
204000268,752,348,404
204000308,175,14,161
204000317,8,65,-57
204000322,7,35,-28
204000323,16,9,7
204000328,216,40,176
204000329,54,63,-9
204000330,161,15,146
204000331,29,192,-163
204010341,12,320,-308
205000001,1106,1527,-421
205000013,12,118,-106
205000014,20,161,-141
205000015,24,311,-287
205000016,32,252,-220
205000017,32,157,-125
205000022,269,573,-304
205000025,1877,907,970
205000029,136,8,128
205000045,39,196,-157
205000046,54,571,-517
205000047,78,542,-464
205000048,80,1047,-967
205000049,97,695,-598
205000050,1147,276,871
205000059,0,311,-311
205000060,1,39,-38
205000061,1,25,-24
205000062,1,48,-47
205000063,4,65,-61
205000064,28,155,-127
205000065,43,897,-854
205000066,67,985,-918
205000067,64,1283,-1219
205000069,184,35,149
205000082,118,127,-9
205000110,67,196,-129
205000111,161,243,-82
205000112,57,110,-53
205000113,224,291,-67
205000121,126,26,100
205000123,77,216,-139
205000126,228,51,177
205000127,299,105,194
205000128,255,34,221
205000129,198,43,155
205000130,83,7,76
205000131,84,0,84
205000132,271,0,271
205000133,27,0,27
205000134,80,0,80
205000137,137,170,-33
205000138,370,365,5
205000139,23,102,-79
205000144,46,33,13
205000145,318,68,250
205000151,96,24,72
205000152,119,24,95
205000153,86,22,64
205000154,29,32,-3
205000155,61,17,44
205000207,45,168,-123
205000233,6,0,6
205000234,0,0,0
205000243,0,2,-2
205000244,0,4,-4
205000245,15,438,-423
205000249,0,54,-54
205000250,1,0,1
205000264,4,120,-116
206000027,8,0,8
206000028,12,2,10
206000043,20,214,-194
206000053,14,20,-6
206000054,14,27,-13
206000055,5,64,-59
206000075,5,5,0
206000076,24,12,12
206000077,18,6,12
206000078,7,8,-1
206000079,26,7,19
206000082,443,32,411
206000100,98,867,-769
206000103,13,33,-20
206000104,43,32,11
206000105,6,18,-12
206000106,21,40,-19
206000108,667,39,628
206000125,37,1,36
206000157,213,1047,-834
206000170,3,333,-330
206000171,7,283,-276
206000172,7,1302,-1295
206000173,2,415,-413
206000174,9,253,-244
206000175,4,347,-343
206000176,15,599,-584
206000177,4,392,-388
206000178,2,246,-244
206000179,7,170,-163
206000180,41,367,-326
206000181,8,518,-510
206000182,32,436,-404
206000183,58,1724,-1666
206000184,3,643,-640
206000185,9,513,-504
206000186,231,2209,-1978
206000223,5,358,-353
206000226,65,0,65
206000227,56,0,56
206000237,39,562,-523
206000238,58,924,-866
206000239,759,2868,-2109
206000240,1,55,-54
206000241,0,248,-248
206000242,6,727,-721
206000243,9,622,-613
206000244,83,1410,-1327
206000245,364,44,320
206000246,47,7,40
206000247,67,7,60
206000248,116,11,105
206000252,80,15,65
206000258,35,43,-8
206000315,19,12,7
206000317,236,83,153
206000318,102,59,43
206000319,466,81,385
206000320,46,43,3
206000321,32,12,20
206000322,131,9,122
206000323,61,7,54
206000324,52,11,41
206000325,127,19,108
206000326,86,8,78
206000327,88,6,82
206000328,52,6,46
206000329,71,7,64
206000330,19,14,5
206000331,47,4,43
206000332,8,5,3
206000333,201,1,200
206000334,96,1,95
206000335,0,20,-20
206000361,10,298,-288
206000392,3,68,-65
206000405,85,0,85
206000441,15,9,6
206000498,18,5,13
206000515,176,25,151
206000530,49,32,17
206000531,148,71,77
206000532,1381,92,1289
206000535,391,2474,-2083
206000536,15,286,-271
206000537,13,247,-234
206000613,1101,110,991
207000001,106,400,-294
207000002,55,327,-272
207000003,97,239,-142
207000007,408,330,78
207000008,40,11,29
207000009,48,41,7
207000010,432,691,-259
207000012,201,279,-78
207000015,297,1962,-1665
207000019,120,56,64
207000021,522,122,400
207000022,37,72,-35
207000023,66,52,14
207000024,1,13,-12
207000025,4,51,-47
207000026,93,79,14
207000027,17,93,-76
207000028,29,294,-265
207000029,241,390,-149
207000033,183,248,-65
207000034,127,38,89
207000039,221,185,36
207000040,101,258,-157
207000041,114,98,16
207000042,180,77,103
207000043,153,215,-62
207000051,63,414,-351
207000052,48,252,-204
207000053,445,884,-439
207000054,40,175,-135
207000055,68,241,-173
207000056,204,454,-250
207000057,128,344,-216
207000058,58,546,-488
207000059,35,953,-918
207000060,33,254,-221
207000061,71,124,-53
207000062,101,71,30
207000063,82,160,-78
207000064,337,199,138
207000065,216,229,-13
207000066,70,171,-101
207000067,28,118,-90
207000068,96,59,37
207000069,567,393,174
207000082,42,472,-430
207000083,61,482,-421
207000084,124,202,-78
207000085,91,11,80
207000086,70,5,65
207000106,17,63,-46
207000107,56,37,19
207000108,19,21,-2
207000109,36,16,20
207000110,36,18,18
207000111,61,31,30
207000112,97,164,-67
207000114,22,25,-3
207000115,17,79,-62
207000116,15,223,-208
207000117,8,120,-112
207000118,2,90,-88
207000119,12,121,-109
207000123,233,16,217
207000124,25,22,3
207000125,30,24,6
207000126,52,23,29
207000134,17,306,-289
207000135,26,346,-320
207000148,35,126,-91
207000149,79,52,27
207000152,165,419,-254
207000153,1319,1029,290
207000154,252,129,123
207000159,35,352,-317
207000160,57,750,-693
207000238,0,56,-56
207000242,1,219,-218
207000248,29,21,8
207000249,132,45,87
207000250,653,45,608
207000251,107,64,43
207000252,39,82,-43
207000278,22,112,-90
207000279,8,257,-249
207000280,133,88,45
207000281,67,1465,-1398
207000282,77,18,59
207000283,156,188,-32
207000284,45,48,-3
207000285,122,21,101
207000291,10,136,-126
207000304,68,61,7
207000306,34,457,-423
207000310,27,92,-65
207000353,80,0,80
207000356,2,22,-20
207000357,3,15,-12
207000358,24,13,11
207000415,3,202,-199
207000417,14,0,14
207000418,115,161,-46
207000438,0,5,-5
207000439,1348,336,1012
207000446,53,1,52
207000460,5,7,-2
207000466,165,201,-36
207000467,94,137,-43
207000468,16,649,-633
207000476,3,116,-113
207000477,137,207,-70
207000478,2,9,-7
207000523,0,16,-16
207000524,19,1,18
207000527,79,169,-90
207000530,88,1,87
207000531,72,8,64
207000532,52,9,43
207000534,882,36,846
207000535,51,186,-135
207000537,24,140,-116
207000540,13,192,-179
207000541,0,380,-380
207000548,6,376,-370
207000549,67,6,61
207000561,65,53,12
207000562,25,225,-200
207000567,169,304,-135
207000568,47,129,-82
207000569,109,1391,-1282
207000584,519,135,384
207000585,44,115,-71
207000616,2,294,-292
207000617,40,0,40
207900008,52,317,-265
208000001,325,401,-76
208000002,302,318,-16
208000003,460,377,83
208000004,653,470,183
208000005,2,17,-15
208000019,328,805,-477
208000020,75,430,-355
208000021,53,565,-512
208000022,461,645,-184
208000028,1301,972,329
208000033,315,620,-305
208000034,728,1266,-538
208000037,199,29,170
208000040,36,184,-148
208000041,515,439,76
208000042,507,544,-37
208000047,94,385,-291
208000064,2493,972,1521
208000066,1198,536,662
208000070,129,490,-361
208000071,146,778,-632
208000072,175,1066,-891
208000080,77,231,-154
208000081,89,126,-37
208000082,158,350,-192
208000083,71,324,-253
208000084,1,22,-21
208000085,582,533,49
208000086,293,861,-568
208000087,204,683,-479
208000089,424,637,-213
208000090,388,1071,-683
208000093,27,108,-81
208000094,259,528,-269
208000095,428,353,75
208000104,557,820,-263
208000105,483,959,-476
208000114,31,93,-62
208000115,320,315,5
208000116,106,809,-703
208000117,9,105,-96
208000118,48,81,-33
208000155,405,788,-383
208000158,1532,2022,-490
208000186,3040,1144,1896
208000204,319,721,-402
208000205,520,1231,-711
208000282,3194,955,2239
209000004,58,158,-100
209000005,11,26,-15
209000006,264,89,175
209000007,228,148,80
209000010,354,114,240
209000011,79,147,-68
209000012,252,271,-19
209000013,123,675,-552
209000014,643,1879,-1236
209000025,90,18,72
209000026,344,112,232
209000027,308,1273,-965
209000028,337,1520,-1183
209000029,420,1250,-830
209000030,263,2054,-1791
209000031,4402,3105,1297
209000034,97,129,-32
209000035,66,110,-44
209000036,60,80,-20
209000037,111,180,-69
209000038,42,137,-95
209000039,42,130,-88
209000040,280,564,-284
209000041,153,370,-217
209000042,218,371,-153
209000043,737,447,290
209000044,180,435,-255
209000045,617,287,330
209000046,175,338,-163
209000047,107,161,-54
209000048,203,167,36
209000049,103,144,-41
209000050,133,211,-78
209000051,201,351,-150
209000052,79,341,-262
209000062,9,190,-181
209000063,13,122,-109
209000064,18,143,-125
209000065,29,36,-7
209000066,27,34,-7
209000067,27,69,-42
209000080,13,129,-116
209000082,56,35,21
209000091,23,106,-83
209000093,118,41,77
209000094,177,103,74
209000110,38,56,-18
209000111,392,646,-254
209000112,340,315,25
209000113,676,264,412
209000114,193,198,-5
209000115,62,162,-100
209000116,761,665,96
209000118,6,36,-30
209000119,14,7,7
209000121,108,795,-687
209000135,56,76,-20
209000142,694,550,144
209000143,51,92,-41
209000144,20,65,-45
209000229,88,133,-45
209000240,23,440,-417
209000259,78,142,-64
209000260,36,1161,-1125
209000261,5,667,-662
209000262,2,591,-589
209000263,1,161,-160
209000264,2,37,-35
209000265,135,3,132
209000266,33,3,30
209000267,126,5,121
209000268,267,15,252
210000037,73,17,56
210000047,18,36,-18
210000048,22,44,-22
210000049,40,32,8
210000052,15,141,-126
210000053,21,78,-57
210000054,62,61,1
210000070,56,1,55
210000071,19,0,19
210000072,5,0,5
210000073,0,22,-22
210000074,0,116,-116
210000075,0,60,-60
210000076,4,145,-141
210000077,11,31,-20
210000078,29,21,8
210000079,4,4,0
210000080,56,39,17
210000081,66,2,64
210000082,28,2,26
210000083,74,1,73
210000084,17,0,17
210000085,1,104,-103
210000086,2,157,-155
210000099,28,236,-208
210000100,36,219,-183
210000101,97,187,-90
210000105,45,125,-80
210000159,0,133,-133
210000163,159,154,5
210000164,350,76,274
210000168,129,24,105
210000187,0,3,-3
210000188,0,25,-25
210000214,3,0,3
210000219,20,43,-23
210000220,53,103,-50
210000232,5,17,-12
210000233,11,41,-30
210000234,19,131,-112
210000235,52,133,-81
210000245,1,26,-25
210000246,22,2,20
210000258,9,185,-176
210000259,89,10,79
210000282,41,169,-128
210000285,2,84,-82
210000286,8,168,-160
210000290,2,5,-3
210000295,28,79,-51
210000296,17,52,-35
210000320,123,145,-22
210000321,37,83,-46
210000338,61,99,-38
210000339,683,563,120
210000340,108,170,-62
210000341,105,172,-67
210000342,102,136,-34
210000343,103,187,-84
210000344,90,85,5
210000345,134,75,59
210000346,30,54,-24
210000347,57,9,48
210000348,58,9,49
210000349,38,19,19
210000350,38,56,-18
210000351,64,104,-40
210000352,64,92,-28
210000353,30,127,-97
210000354,40,126,-86
210000355,32,87,-55
210000356,36,45,-9
210000357,21,17,4
210000358,245,91,154
210000359,48,32,16
210000360,112,96,16
210000361,63,111,-48
210000362,156,132,24
210000363,742,64,678
210000364,119,67,52
210000365,59,39,20
210000366,71,26,45
210000367,42,18,24
210000368,79,20,59
210000369,15,33,-18
210000370,30,48,-18
210000372,6,32,-26
210000373,9,7,2
210000374,36,8,28
210000375,19,63,-44
210000376,42,142,-100
210000404,118,106,12
210000439,11,65,-54
210000472,79,4,75
210000482,92,56,36
210000564,788,106,682
210000567,0,13,-13
210000568,548,2,546
211000092,44,74,-30
211000094,19,8,11
211000169,143,10,133
211000172,11,189,-178
211000209,0,36,-36
211000226,14,25,-11
211000270,11,16,-5
211000275,7,30,-23
211000276,83,46,37
211000279,3,67,-64
211000281,14,63,-49
211507980,0,24,-24
211977296,4,3,1
212000003,44,74,-30
212000004,18,8,10
212000005,7,13,-6
212000006,15,78,-63
212000008,79,253,-174
212000009,7,133,-126
212000012,14,73,-59
212000013,14,51,-37
212000014,147,165,-18
212000015,113,240,-127
212000016,287,555,-268
212000027,248,348,-100
212000028,151,297,-146
212000029,103,205,-102
212000030,20,30,-10
212000031,29,75,-46
212000048,10,89,-79
212000049,17,57,-40
212000050,6,11,-5
212000051,87,222,-135
212000052,92,489,-397
212000053,279,724,-445
212000054,75,113,-38
212000055,84,205,-121
212000056,9,41,-32
212000057,1,31,-30
212000058,278,36,242
212000070,58,455,-397
212000077,74,878,-804
212000099,163,170,-7
212000108,98,157,-59
212000111,104,161,-57
212000120,59,126,-67
212000138,40,18,22
212000156,0,146,-146
212000158,4,4,0
212000159,140,41,99
212000160,227,189,38
212000161,13,17,-4
212000310,22,29,-7
212000311,10,57,-47
212000374,3,15,-12
213000001,17,731,-714
213000005,441,60,381
213000006,1084,68,1016
213000007,41,1,40
213000009,356,158,198
213000010,100,128,-28
213000011,136,78,58
213000012,102,387,-285
213000014,26,4,22
213000015,93,4,89
213000016,120,2,118
213000017,13,0,13
213000018,1,299,-298
213000019,1,166,-165
213000020,53,353,-300
213000021,3,107,-104
213000023,225,152,73
213000033,174,590,-416
213000034,226,232,-6
213000035,71,70,1
213000045,77,261,-184
213000046,75,148,-73
213000047,323,606,-283
213000056,23,6,17
213000069,13,0,13
213000073,0,16,-16
213000074,126,624,-498
213000075,296,4,292
213000076,12,1,11
213000085,0,58,-58
213000086,21,202,-181
213000091,20,4,16
213000092,17,19,-2
213000099,125,742,-617
213000100,992,153,839
213000101,66,177,-111
213000102,135,499,-364
213000103,478,708,-230
213000104,29,506,-477
213000105,1,31,-30
213000106,6,213,-207
213000107,62,843,-781
213000108,14,517,-503
213000109,3,248,-245
213000110,4,47,-43
213000111,1,25,-24
213000112,149,130,19
213000115,13,2,11
213000116,60,771,-711
213000117,6,927,-921
213000118,202,337,-135
213000119,35,786,-751
213000120,59,834,-775
213000122,153,946,-793
213000123,696,1509,-813
213000124,65,1758,-1693
213000125,180,13,167
213000126,104,75,29
213000127,280,135,145
213000128,886,435,451
213000129,513,131,382
213000130,220,76,144
213000132,97,33,64
213000133,127,54,73
213000134,294,22,272
213000136,168,14,154
213000137,363,36,327
213000139,150,9,141
213000147,18,2,16
213000148,2,1,1
213000149,9,0,9
213000150,0,66,-66
213000151,1,63,-62
213000152,1,75,-74
213000153,0,38,-38
213000154,17,269,-252
213000155,21,410,-389
213000156,39,559,-520
213000157,493,683,-190
213000158,207,812,-605
213000159,336,498,-162
213000163,249,118,131
213000165,614,105,509
213000171,2,197,-195
213000172,0,362,-362
213000173,1,373,-372
213000174,1,336,-335
213000175,9,173,-164
213000176,7,23,-16
213000177,4,1,3
213000178,19,1,18
213000179,97,0,97
213000180,25,0,25
213000184,74,450,-376
213000188,320,65,255
213000189,147,30,117
213000190,784,699,85
213000191,110,543,-433
213000192,65,602,-537
213000193,1317,164,1153
213000194,1,21,-20
213000195,26,461,-435
213000196,92,742,-650
213000197,188,123,65
213000198,27,0,27
213000200,63,1001,-938
213000201,161,53,108
213000202,9,678,-669
213000203,2229,225,2004
213000204,319,11,308
213000205,129,12,117
213000206,82,20,62
213000207,22,8,14
213000208,7,0,7
213000209,22,0,22
213000210,72,2,70
213000211,0,7,-7
213000212,3,17,-14
213000213,0,30,-30
213000218,103,963,-860
213000219,483,12,471
213000220,285,8,277
213000223,176,85,91
213000224,10,17,-7
213000225,9,1,8
213000226,17,5,12
213000227,395,112,283
213000228,95,40,55
213000229,459,24,435
213000230,140,10,130
213000232,44,196,-152
213000233,1,39,-38
213000234,3,36,-33
213000293,6,47,-41
213000294,41,9,32
213000295,6,83,-77
213000296,77,16,61
213000297,2,61,-59
213000298,12,73,-61
213000299,36,25,11
213000300,2,4,-2
213000303,0,30,-30
213000304,0,5,-5
213000305,2,15,-13
213000306,32,23,9
213000307,106,72,34
213000308,67,319,-252
213000309,68,74,-6
213000310,190,94,96
213000311,314,556,-242
213000315,55,139,-84
213000316,56,62,-6
213000322,71,191,-120
213000323,23,75,-52
213000324,17,82,-65
213000325,6,108,-102
213000326,14,48,-34
213000327,7,88,-81
213000328,3,68,-65
213000329,11,43,-32
213000340,62,924,-862
213000341,158,63,95
213000346,227,51,176
213000347,896,108,788
213000348,12,141,-129
213000349,20,6,14
213000350,151,1517,-1366
213000366,14,304,-290
213000367,88,32,56
213000379,95,177,-82
213000386,5,163,-158
213000406,90,372,-282
213000417,621,321,300
213000425,40,53,-13
213000426,82,73,9
213000427,16,410,-394
213000428,11,293,-282
213000429,11,2,9
213000430,40,1241,-1201
213000431,56,0,56
213000432,2,9,-7
213000433,5,109,-104
213000434,27,136,-109
213000435,57,87,-30
213000436,8,84,-76
213000437,0,36,-36
213000438,51,89,-38
213000439,15,8,7
213000440,4,153,-149
213000441,0,1,-1
213000442,0,37,-37
213000443,274,248,26
213000444,13,98,-85
213000445,0,138,-138
213000446,0,8,-8
213000447,1,30,-29
213000448,4,42,-38
213000449,50,1,49
213000450,13,56,-43
213000451,66,73,-7
213000452,5,7,-2
213000453,29,262,-233
213000455,196,10,186
213000456,1,151,-150
213000481,4,1,3
213000482,99,2,97
213000489,464,15,449
213000491,0,53,-53
213000492,54,3,51
213000493,0,22,-22
213000494,70,139,-69
213000495,1,215,-214
213000496,162,184,-22
213000497,24,487,-463
213000498,44,329,-285
213000499,88,854,-766
213000500,147,107,40
213000501,25,26,-1
213000502,130,43,87
213000503,2,86,-84
213000504,3,229,-226
213000505,2,3,-1
213000506,0,8,-8
213000507,1,244,-243
213900016,0,20,-20
213900244,3,0,3
213900245,0,31,-31
218000003,19,22,-3
218000004,15,26,-11
218000005,10,28,-18
218000006,40,26,14
218000007,4,13,-9
218000012,216,119,97
218000013,53,149,-96
218000014,583,402,181
218000019,846,428,418
218000020,332,374,-42
218000021,24,117,-93
218000022,5,80,-75
218000023,6,69,-63
218000024,3,19,-16
218000025,15,46,-31
218000026,14,81,-67
218000027,0,27,-27
218000028,5,5,0
218000029,0,6,-6
218000030,23,36,-13
218000031,2,70,-68
218000032,3,49,-46
218000040,0,4,-4
218000046,29,175,-146
218000047,11,224,-213
218000048,26,271,-245
218000049,105,197,-92
218000050,337,334,3
218000051,62,331,-269
218000052,2,72,-70
218000053,0,4,-4
218000054,19,28,-9
218000055,4,9,-5
218000056,1,21,-20
218000057,0,22,-22
218000064,0,7,-7
218000065,23,79,-56
218000066,6,72,-66
218000067,12,66,-54
218000068,57,112,-55
218000069,83,202,-119
218000070,115,365,-250
218000071,129,294,-165
218000072,316,275,41
218000078,474,1394,-920
218000079,44,74,-30
218000080,55,71,-16
218000081,181,306,-125
218000082,11,142,-131
218000083,10,63,-53
218000084,52,232,-180
218000085,72,568,-496
218000086,26,216,-190
218000087,158,305,-147
218000090,13,69,-56
218000091,565,412,153
218000092,30,146,-116
218000093,45,122,-77
218000094,408,898,-490
218000099,350,397,-47
218000100,122,396,-274
218000101,164,216,-52
218000102,132,432,-300
218000103,30,235,-205
218000104,19,50,-31
218000105,26,12,14
218000106,17,9,8
218000107,26,114,-88
218000108,4,70,-66
218000112,65,13,52
218000117,27,50,-23
218000134,418,844,-426
218000135,11,98,-87
218000136,89,35,54
218000137,62,140,-78
218000138,28,112,-84
218000139,51,393,-342
218000140,99,224,-125
218000141,17,47,-30
218000142,77,195,-118
218000143,13,229,-216
218000144,5,50,-45
218000145,156,588,-432
218000146,26,114,-88
218000151,7,19,-12
218000152,33,69,-36
218000153,0,4,-4
218000154,2,2,0
218000155,6,9,-3
218000156,35,18,17
218000157,10,8,2
218000158,1,1,0
218000159,2,5,-3
218000160,3,11,-8
218000161,19,11,8
218000162,8,12,-4
218000163,5,2,3
218000164,14,20,-6
218000165,11,40,-29
218000170,4,34,-30
218000171,51,2,49
218000172,6,1,5
218000173,63,18,45
218000174,3,12,-9
218000176,64,13,51
218000177,213,67,146
218000178,49,70,-21
218000179,31,36,-5
218000180,52,6,46
218000181,71,31,40
218000187,2,13,-11
218000188,26,38,-12
218000189,12,58,-46
218000190,2,21,-19
218000191,32,100,-68
218000192,83,512,-429
218000193,263,645,-382
218000194,21,465,-444
218000195,89,101,-12
218000196,197,250,-53
218000197,122,403,-281
218000198,2,119,-117
218000199,18,39,-21
218000200,41,29,12
218000201,6,14,-8
218000202,118,139,-21
218000207,0,47,-47
218000208,34,46,-12
218000211,13,14,-1
218000212,3,12,-9
218000213,94,44,50
218000214,1,25,-24
218000215,63,115,-52
218000217,3,84,-81
218000218,265,72,193
218000219,14,12,2
218000220,66,289,-223
218000221,361,181,180
218000222,59,11,48
218000223,22,116,-94
218000224,1,79,-78
218000225,165,22,143
218000226,57,69,-12
218000230,0,1,-1
218000232,50,46,4
218000239,24,3,21
218000240,1,2,-1
218000241,5,0,5
218000242,6,1,5
218000243,2,0,2
218000244,4,2,2
218000245,4,1,3
218000246,0,0,0
218000247,0,0,0
218000248,0,36,-36
218000249,0,5,-5
218000250,0,8,-8
218000251,0,12,-12
218000252,0,23,-23
218000253,0,14,-14
218000254,0,17,-17
218000255,0,10,-10
218000256,0,52,-52
218000267,947,1344,-397
218000268,5,91,-86
218000269,2,14,-12
218000270,31,112,-81
218000271,11,100,-89
218000273,11,8,3
218000274,9,12,-3
218000275,21,43,-22
218000276,1,51,-50
218000278,6,19,-13
218000279,15,106,-91
218000280,4,31,-27
218000281,9,11,-2
218000282,329,143,186
218000284,110,13,97
218000301,26,134,-108
218000302,82,36,46
218000303,7,61,-54
218000316,739,1189,-450
218000317,528,1251,-723
218000318,198,1169,-971
218000319,586,1704,-1118
218000320,465,694,-229
218000338,22,15,7
218000345,99,55,44
218000346,28,129,-101
218000459,82,318,-236
218000490,12,65,-53
218000501,25,22,3
218000502,17,131,-114
218000503,46,8,38
218000504,82,6,76
218000505,28,193,-165
218000506,25,124,-99
218000508,1,3,-2
218000510,140,9,131
218000520,76,94,-18
218000521,8,73,-65
218000522,1,133,-132
218000523,20,0,20
218000524,40,87,-47
218000525,63,14,49
218000526,66,87,-21
218000529,19,299,-280
218000530,2,6,-4
218000531,1,27,-26
218000532,12,28,-16
218000534,54,10,44
218000537,11,52,-41
218000538,124,199,-75
218000540,391,99,292
218000543,104,67,37
218000544,61,154,-93
218000545,24,89,-65
218000546,23,171,-148
218000547,63,136,-73
218000548,127,217,-90
218000549,315,83,232
218000550,276,657,-381
218000551,376,224,152
218000552,755,36,719
218000553,8,60,-52
218000554,17,24,-7
218000555,14,44,-30
218000556,67,489,-422
218000557,169,127,42
218000558,39,0,39
218000559,0,11,-11
218000560,0,8,-8
218000561,6,0,6
218000562,16,203,-187
218000563,53,34,19
218000564,7,119,-112
218000565,185,23,162
218000566,243,20,223
218000567,14,58,-44
218000568,3,0,3
218000569,4,42,-38
218000570,91,5,86
218000571,0,67,-67
218000572,15,0,15
218000573,36,34,2
218000574,203,85,118
218000575,24,0,24
218000576,0,76,-76
218000577,10,1,9
218000578,2,114,-112
218000579,66,2,64
218000581,2,93,-91
218000582,9,6,3
218000583,8,0,8
218000584,0,10,-10
218000585,4,6,-2
218000586,3,52,-49
218000587,0,5,-5
218000588,0,2,-2
218000589,0,0,0
218000590,0,0,0
218000591,0,0,0
218000592,0,1,-1
218000593,0,0,0
218000594,0,1,-1
218000595,0,0,0
218000596,0,0,0
218000597,0,0,0
218000598,0,0,0
218000599,0,0,0
218000600,0,1,-1
218000601,0,0,0
218000602,0,1,-1
218000603,0,4,-4
218000604,9,2,7
218000605,1,18,-17
218000606,19,0,19
218000607,13,22,-9
218000608,13,4,9
218000609,1,39,-38
218000610,6,2,4
218000611,12,1,11
218000612,0,44,-44
218000613,5,2,3
218000614,1,51,-50
218000615,12,0,12
218000616,2,159,-157
218000617,6,1,5
218000618,0,25,-25
218000619,13,13,0
218000620,4,27,-23
218000621,0,0,0
218000622,0,7,-7
218000623,3,0,3
218000624,0,7,-7
218000625,11,0,11
218000626,0,5,-5
218000628,31,35,-4
218000631,5,16,-11
218000632,0,47,-47
218000633,12,0,12
218000634,0,6,-6
218000635,9,6,3
218000636,475,1602,-1127
218000637,522,757,-235
218000638,41,44,-3
218000639,17,275,-258
218000640,87,29,58
218000641,36,421,-385
218000652,94,149,-55
218000653,112,48,64
218000663,1,82,-81
218000675,18,41,-23
218000676,0,33,-33
218000677,10,11,-1
218000680,104,624,-520
218000681,271,83,188
218000691,75,502,-427
218000693,58,89,-31
218000703,13,84,-71
218000718,1296,273,1023
218000719,1500,42,1458
218000720,8,37,-29
218000721,6,11,-5
218000725,4,18,-14
218001214,14,24,-10
218001258,5,3,2
218001329,98,78,20
218001330,169,76,93
218001351,9,5,4
218001352,18,8,10
218001353,3,7,-4
218001354,4,11,-7
218001356,137,1,136
218001358,49,2,47
218001361,52,55,-3
219000001,17,59,-42
219000002,28,102,-74
219000003,40,11,29
219000004,37,65,-28
219000017,47,19,28
219000020,52,12,40
219000022,76,5,71
219000023,74,1,73
219000029,0,106,-106
219000034,14,9,5
219000039,19,54,-35
219000040,27,14,13
219000041,127,45,82
219000051,1,112,-111
219000052,1,28,-27
219000053,1,292,-291
219000054,42,220,-178
219000055,53,1,52
219000056,7,0,7
219000057,21,1,20
219000062,7,273,-266
219000063,17,8,9
219000064,2,55,-53
219000110,179,25,154
219000111,82,30,52
219000112,122,74,48
219000113,77,33,44
219000114,564,34,530
219000116,55,36,19
219000117,100,74,26
219000118,39,67,-28
219000123,219,85,134
219000124,44,43,1
219000125,8,30,-22
219000126,55,129,-74
219000127,0,5,-5
219000128,30,66,-36
219000129,28,113,-85
219000130,1114,603,511
219000131,800,687,113
219000133,46,27,19
219000134,2,11,-9
219000135,40,49,-9
219000136,64,124,-60
219000138,41,12,29
219000139,14,49,-35
219000140,9,1,8
219000141,8,160,-152
219000142,21,101,-80
219000143,18,133,-115
219000145,20,42,-22
219000146,9,73,-64
219000147,1,83,-82
219000148,5,94,-89
219000149,31,344,-313
219000150,3,194,-191
219000151,7,110,-103
219000157,134,189,-55
219000158,72,231,-159
219000161,88,14,74
219000163,1578,385,1193
219000166,40,208,-168
219000167,68,250,-182
219000168,632,74,558
219000174,199,76,123
219000175,48,5,43
219000176,36,3,33
219000177,7,4,3
219000178,10,1,9
219000179,4,10,-6
219000180,46,16,30
219000182,43,7,36
219000183,11,58,-47
219000184,25,6,19
219000185,1,154,-153
219000186,11,80,-69
219000187,11,218,-207
219000189,143,126,17
219000190,120,153,-33
219000191,1722,626,1096
219000192,92,82,10
219000193,537,144,393
219000195,4,91,-87
219000196,6,134,-128
219000198,26,138,-112
219000199,131,254,-123
219000200,26,246,-220
219000201,74,256,-182
219000203,19,112,-93
219000204,74,166,-92
219000205,38,276,-238
219000207,295,237,58
219000209,10,85,-75
219000210,37,142,-105
219000213,10,295,-285
219000239,134,269,-135
219000240,202,365,-163
219000241,63,260,-197
219000242,85,256,-171
219000243,61,370,-309
219000244,5,108,-103
219000245,11,41,-30
219000246,9,12,-3
219000247,32,30,2
219000248,318,165,153
219000249,132,40,92
219000250,45,59,-14
219000251,436,95,341
219000252,89,58,31
219000253,63,18,45
219000255,38,51,-13
219000256,61,55,6
219000257,46,0,46
219000262,103,280,-177
219000263,29,247,-218
219000267,3,124,-121
219000268,3,10,-7
219000269,1,0,1
219000270,7,0,7
219000271,35,2,33
219000278,0,8,-8
219000279,0,7,-7
219000283,0,8,-8
219000295,12,123,-111
219000296,44,756,-712
219000297,15,223,-208
219000298,18,296,-278
219000299,304,40,264
219000300,21,424,-403
219000301,126,392,-266
219000302,17,249,-232
219000307,43,65,-22
219000308,46,21,25
219000311,75,36,39
219000312,184,19,165
219000313,100,16,84
219000314,126,676,-550
219000315,73,25,48
219000316,172,12,160
219000317,28,16,12
219000320,1,61,-60
219000321,0,25,-25
219000323,7,137,-130
219000325,1,60,-59
219000326,88,122,-34
219000327,60,45,15
219000328,20,65,-45
219000329,265,87,178
219000330,46,35,11
219000331,29,57,-28
219000332,40,54,-14
219000333,3,8,-5
219000335,68,3,65
219000337,10,0,10
219000338,27,2,25
219000344,32,129,-97
219000345,91,160,-69
219000346,33,240,-207
219000348,42,184,-142
219000349,17,232,-215
219000350,38,57,-19
219000351,3,7,-4
219000352,198,39,159
219000353,58,42,16
219000354,112,112,0
219000355,117,43,74
219000356,1759,253,1506
219000363,279,10,269
219000364,66,11,55
219000365,71,8,63
219000366,212,82,130
219000368,344,311,33
219000370,1021,125,896
219000371,3,10,-7
219000382,2,22,-20
219000383,819,533,286
219000385,558,396,162
219000386,1167,1143,24
219000387,0,6,-6
219000390,1,0,1
219000391,2,1,1
219000397,99,170,-71
219000398,81,28,53
219000401,8,84,-76
219000402,16,89,-73
219000403,56,112,-56
219000404,17,62,-45
219000407,1,35,-34
219000409,13,12,1
219000410,21,21,0
219000411,12,8,4
219000446,219,438,-219
219000447,4,22,-18
219000448,19,3,16
219000452,89,39,50
219000453,34,74,-40
219000454,227,161,66
219000556,70,46,24
219000558,70,372,-302
219000590,10,188,-178
219000591,28,42,-14
219000592,102,394,-292
219000595,3,41,-38
219000635,29,21,8
219000636,25,117,-92
219000657,23,24,-1
219000658,10,33,-23
219000673,0,16,-16
219000676,8,3,5
219000679,5,11,-6
219000684,26,2,24
219000685,0,112,-112
219000686,16,1,15
219000688,1,84,-83
219000689,48,171,-123
219000690,148,25,123
219000691,71,62,9
219000692,64,17,47
219000693,1,50,-49
219000694,1,0,1
219000695,3,3,0
219000698,5,0,5
219000699,0,20,-20
219000727,1,204,-203
219000728,51,3,48
219000770,4,1,3
219000771,0,32,-32
219000788,222,179,43
219001150,0,10,-10
219001151,0,1,-1
219001166,5,3,2
219001167,1,53,-52
219001178,15,1,14
220000001,3,25,-22
220000002,12,190,-178
220000003,363,327,36
220000004,689,781,-92
220000005,1828,1593,235
220000006,148,844,-696
220000007,188,1040,-852
220000008,156,1343,-1187
220000009,160,630,-470
220000010,54,129,-75
220000011,700,1508,-808
220000012,48,121,-73
220000014,32,88,-56
220000015,18,202,-184
220000017,23,373,-350
220000018,5210,832,4378
220000019,40,253,-213
220000020,86,331,-245
220000021,378,166,212
220000022,321,511,-190
220000023,124,124,0
220000024,1611,253,1358
220000025,1085,330,755
220000026,177,122,55
220000027,8,92,-84
220000028,18,40,-22
220000029,40,142,-102
220000030,63,82,-19
220000031,145,277,-132
220000064,19,1171,-1152
221000046,3,0,3
221000047,0,2,-2
221000048,0,0,0
221000049,0,21,-21
221000050,5,0,5
221000055,32,39,-7
221000057,58,7,51
221000068,241,61,180
221000069,176,36,140
221000070,120,25,95
221000071,60,12,48
221000072,87,15,72
221000073,149,50,99
221000074,0,25,-25
221000075,27,12,15
221000076,12,48,-36
221000077,28,82,-54
221000081,21,4,17
221000082,46,7,39
221000083,28,2,26
221000084,3,6,-3
221000085,10,57,-47
221000086,13,194,-181
221000087,1,218,-217
221000088,22,194,-172
221000089,32,224,-192
221000090,94,481,-387
221000098,95,9,86
221000099,102,12,90
221000100,38,10,28
221000101,241,12,229
221000102,140,11,129
221000109,5,96,-91
221000110,8,133,-125
221000111,13,181,-168
221000112,4,117,-113
221000113,22,172,-150
221000114,26,208,-182
221000120,8,36,-28
221000121,2,12,-10
221000122,14,16,-2
221000123,7,27,-20
221000124,22,414,-392
221000155,51,1,50
221000156,11,13,-2
221000175,0,1,-1
221000176,0,0,0
221000182,41,5,36
221000241,406,173,233
221000242,276,268,8
221000243,271,78,193
221000244,215,312,-97
221000245,34,112,-78
221000246,25,164,-139
221000247,15,138,-123
221000248,43,164,-121
221000267,40,722,-682
221000325,69,48,21
221000331,1,105,-104
221000338,1,20,-19
221000378,89,17,72
221000381,54,108,-54
222000282,0,1,-1
222000296,1,16,-15
222000568,170,4,166
222000569,93,12,81
222000570,58,1,57
222000571,94,6,88
222000577,19,266,-247
222000578,8,251,-243
222000579,19,147,-128
222000580,103,856,-753
222000599,3,161,-158
222000600,4,312,-308
222000601,11,943,-932
222000603,4,12,-8
222000604,3,16,-13
222000605,4,7,-3
222000606,1,11,-10
222000607,1,3,-2
222000608,0,16,-16
222000609,37,355,-318
222000616,44,38,6
222000617,6,6,0
222000618,3,3,0
222000620,12,1,11
222000621,15,3,12
222000623,431,2,429
222000624,115,2,113
222000625,202,51,151
222000636,28,0,28
222000686,5,4,1
222000687,23,23,0
222001066,145,3,142
222001067,3,3,0
222001068,17,34,-17
222001069,28,42,-14
222001082,10,64,-54
222001083,7,92,-85
222001084,1,24,-23
222001085,0,252,-252
222001111,12,270,-258
222001112,50,19,31
222001313,10,2,8
222001314,2,77,-75
222001464,12,44,-32
222001465,11,116,-105
222001484,30,54,-24
222001485,10,90,-80
222001494,112,105,7
222001495,127,443,-316
222001496,68,50,18
222001497,77,736,-659
222001502,25,144,-119
222001503,9,7,2
222001504,19,290,-271
222001505,14,4,10
222001506,26,253,-227
222001507,45,7,38
222001510,50,8,42
222001511,24,477,-453
222001514,266,32,234
222001515,182,665,-483
222001518,38,6,32
222001519,33,580,-547
222001527,45,18,27
222001528,96,213,-117
222001529,29,5,24
222001530,33,242,-209
222001533,157,533,-376
222001534,15,3,12
222001535,55,82,-27
222001536,80,446,-366
222001537,185,9,176
222001538,76,561,-485
222001563,81,35,46
222001564,36,946,-910
222001568,97,90,7
222001576,0,0,0
222001579,0,6,-6
222001583,12,323,-311
222001584,33,8,25
222001596,579,1792,-1213
222001597,887,164,723
222001626,1,253,-252
222001650,23,46,-23
222001651,35,106,-71
222001914,51,13,38
222001915,63,207,-144
222001968,345,102,243
222001969,311,922,-611
222001970,40,176,-136
222001971,2,17,-15
222001972,0,37,-37
225000001,373,65,308
225000002,198,69,129
225000003,202,56,146
225000004,151,143,8
225000005,11,35,-24
225000006,0,117,-117
225000007,2861,922,1939
225000010,43,5,38
225000011,345,471,-126
225000012,112,221,-109
225000013,32,101,-69
225000014,361,31,330
225000015,77,205,-128
225000021,342,93,249
225000027,214,411,-197
225000032,397,56,341
225000042,49,593,-544
225000049,26,61,-35
225000050,25,4,21
225000053,3,166,-163
225000058,206,88,118
225000067,105,207,-102
225000068,104,479,-375
225000069,216,460,-244
225000070,45,460,-415
225000071,15,276,-261
225000075,19,771,-752
225000076,104,98,6
225000078,36,10,26
225000085,12,70,-58
225000086,39,33,6
225000087,84,19,65
225000088,10,136,-126
225000089,337,380,-43
225000090,11,285,-274
225000091,35,209,-174
225000092,15,77,-62
225000093,107,405,-298
225000094,14,449,-435
225000095,196,547,-351
225000096,70,389,-319
225000098,216,92,124
225000099,112,68,44
225000100,85,81,4
225000104,30,402,-372
225000110,7,398,-391
225000111,125,1083,-958
225000112,151,902,-751
225000113,72,587,-515
225000114,50,256,-206
225000115,2514,446,2068
225000116,909,49,860
225000117,403,172,231
225000118,380,113,267
225000119,90,28,62
225000120,286,37,249
225000121,122,10,112
225000123,617,17,600
225000125,107,201,-94
225000126,652,166,486
225000127,814,372,442
225000128,198,294,-96
225000132,120,25,95
225000133,156,21,135
225000134,417,52,365
225000135,17,7,10
225000136,55,8,47
225000137,55,27,28
225000138,173,17,156
225000143,78,149,-71
225000144,4,291,-287
225000145,26,28,-2
225000146,15,95,-80
225000147,9,437,-428
225000148,3,250,-247
225000149,60,430,-370
225000151,16,275,-259
225000155,121,274,-153
225000156,108,501,-393
225000157,77,342,-265
225000158,40,373,-333
225000171,3,155,-152
225000180,10,2,8
225000181,1,36,-35
225000182,27,10,17
225000185,8,186,-178
225000187,49,456,-407
225000191,8,0,8
225000194,0,3,-3
225000208,2,55,-53
225000209,16,19,-3
225000210,12,210,-198
225000217,0,28,-28
225000218,0,1,-1
225000223,2,29,-27
225000224,33,0,33
225000225,0,3,-3
225000226,18,0,18
225000227,28,50,-22
225000228,15,0,15
225000229,0,71,-71
225000230,24,0,24
225000231,0,77,-77
225000232,73,0,73
225000241,14,0,14
225000242,0,33,-33
225000249,2,0,2
225000250,19,930,-911
225000251,142,7,135
225000254,1,0,1
225000256,0,3,-3
225000257,1,2,-1
226000042,353,376,-23
226000043,48,200,-152
226000044,119,617,-498
226000045,61,434,-373
226000046,119,21,98
226000047,164,32,132
226000048,213,26,187
226000049,125,46,79
226000070,0,56,-56
226000071,1,66,-65
226000072,0,3,-3
226000073,0,8,-8
226000074,0,9,-9
226000084,1,62,-61
226000085,1,1,0
226000086,2,2,0
226000087,0,7,-7
226000088,84,9,75
226000090,100,8,92
226000091,23,1,22
226000092,0,1,-1
226000093,9,3,6
226000094,4,0,4
226000095,5,2,3
226000105,0,2,-2
226000106,4,0,4
226000107,1,0,1
226000108,7,1,6
226000109,31,1,30
226000124,76,47,29
226000134,263,286,-23
226000135,684,420,264
226000136,164,240,-76
226000137,11,445,-434
226000138,4,288,-284
226000139,2,27,-25
226000156,26,3,23
226000157,60,10,50
226000163,31,28,3
226000202,4,493,-489
226000231,57,3,54
226000232,31,4,27
227000033,192,35,157
227000036,165,19,146
227000037,68,14,54
227000038,74,13,61
227000084,0,24,-24
227000085,0,32,-32
227000088,15,1,14
227000089,81,1,80
227000090,38,0,38
227000091,6,0,6
227000092,14,0,14
227000093,21,0,21
227000094,3,0,3
227000130,18,83,-65
227000131,15,290,-275
227000132,26,314,-288
227000133,9,313,-304
227000134,17,478,-461
227000152,0,1,-1
227000153,0,46,-46
227000154,0,33,-33
227000155,0,17,-17
227000156,1,17,-16
227000165,1,37,-36
227000196,81,419,-338
227000199,86,654,-568
227000230,16,531,-515
227000232,106,14,92
227000242,57,533,-476
227000243,368,42,326
227000245,13,431,-418
227000246,80,559,-479
227000247,137,76,61
227000248,45,20,25
227000249,13,284,-271
227000250,182,135,47
227000251,145,270,-125
227000252,19,458,-439
227000253,41,23,18
227000262,171,25,146
227000266,297,9,288
227000267,17,2408,-2391
227000282,10,236,-226
227000284,131,3,128
227000286,2,126,-124
227000287,9,249,-240
227000291,25,652,-627
227000296,598,279,319
227000484,316,20,296
227000485,23,549,-526
227000655,29,10,19
227000656,476,21,455
227000657,21,9,12
227000661,86,21,65
229000265,2,43,-41
229000296,1,9,-8
229000297,1,38,-37
229000298,7,80,-73
229000320,3,3,0
229000321,4,5,-1
229000412,6,60,-54
229000414,3,60,-57
229000415,2,3,-1
229000416,0,2,-2
229000417,3,5,-2
229000419,59,219,-160
229000440,148,36,112
229000442,2,1,1
229000443,0,1,-1
229000444,0,32,-32
229000445,8,9,-1
229000446,12,8,4
229000491,2,32,-30
229000492,8,185,-177
229000493,13,133,-120
229000494,11,6,5
229000495,60,12,48
229000496,11,9,2
229000507,0,31,-31
229000508,0,28,-28
229000509,0,45,-45
229000510,4,36,-32
229000511,4,103,-99
229000512,0,36,-36
229000513,0,7,-7
229000514,0,5,-5
229000517,1,12,-11
229000518,0,28,-28
229000519,0,16,-16
229000520,2,48,-46
229000521,8,29,-21
229000522,2,12,-10
229000523,4,21,-17
229000524,1,13,-12
229000527,2,1,1
229000528,0,1,-1
229000529,4,0,4
229000530,64,7,57
229000531,18,5,13
229000532,18,2,16
229000533,74,2,72
229000534,52,4,48
229000564,32,1,31
229000565,12,0,12
229000566,0,38,-38
229000567,3,87,-84
229000582,159,3,156
229000583,3,4,-1
229000584,5,47,-42
229000585,3,71,-68
229000718,0,1,-1
229000719,0,0,0
229000720,0,11,-11
229000721,0,22,-22
229000722,0,46,-46
229000723,0,15,-15
229000724,0,0,0
229000725,0,5,-5
229000738,0,0,0
229000739,0,0,0
229000740,1,0,1
229000741,4,0,4
229000742,3,0,3
229000743,15,0,15
229000744,0,0,0
229000745,0,0,0
229000746,17,0,17
229000847,9,1,8
229000848,6,0,6
229000849,34,0,34
229000851,5,0,5
229000854,0,65,-65
229000856,2,171,-169
229000857,0,57,-57
229000858,0,142,-142
229000919,4,97,-93
229000930,11,190,-179
229000937,46,14,32
229000966,22,26,-4
229000981,13,48,-35
229000985,1,21,-20
229000986,0,5,-5
229000987,0,0,0
229000988,0,4,-4
229000989,1,1,0
229000990,0,2,-2
229000991,0,4,-4
229000992,2,5,-3
229000993,113,8,105
229000998,13,32,-19
229000999,57,11,46
229001034,3,10,-7
229001035,2,0,2
229001037,10,4,6
229001042,5,11,-6
229001047,0,33,-33
229001050,36,34,2
229001168,0,7,-7
229001200,3,3,0
229001338,0,24,-24
229001394,283,1,282
229001422,83,35,48
229001423,33,180,-147
229001431,39,44,-5
229001432,59,61,-2
229001444,59,32,27
229001445,15,169,-154
229001479,3,14,-11
229001503,99,83,16
229001504,61,158,-97
229001505,48,49,-1
229001506,32,169,-137
229001509,21,19,2
229001545,45,6,39
229001546,5,108,-103
229001553,16,10,6
229001554,9,115,-106
229001630,40,6,34
229001631,7,27,-20
229001635,0,4,-4
229001636,1,0,1
229001658,1,75,-74
229001659,125,4,121
229001660,1,4,-3
229001661,0,7,-7
229001662,5,1,4
229001663,0,19,-19
229002584,56,87,-31
229002831,98,80,18
229002841,10,28,-18
229002842,22,16,6
229002843,8,15,-7
229002844,14,65,-51
229002845,7,93,-86
229002846,1,12,-11
229002847,4,8,-4
229002848,1,10,-9
229002849,1,43,-42
229002850,1,1,0
229002851,11,68,-57
229002852,21,20,1
229002853,32,10,22
229002854,56,61,-5
229002855,4,61,-57
229002856,5,4,1
229002857,1,35,-34
229002858,1,2,-1
229002859,6,11,-5
229002860,16,4,12
229002861,18,14,4
229002862,0,34,-34
229002863,4,41,-37
229002864,5,34,-29
229002865,3,3,0
229002866,0,15,-15
229002867,0,13,-13
229002868,3,4,-1
229002869,4,85,-81
229002870,7,1,6
235000066,288,83,205
235000067,69,101,-32
235000072,29,48,-19
235000073,90,228,-138
235000074,15,94,-79
235000080,8,70,-62
235000081,84,288,-204
235000082,24,40,-16
235000083,62,106,-44
235000084,4,46,-42
235000085,47,66,-19
235000089,9,56,-47
235000092,9,124,-115
235000093,3,2,1
235000097,2,3,-1
235000098,33,22,11
235000099,13,20,-7
235000116,22,30,-8
235000117,720,9,711
235000133,10,217,-207
235000134,10,81,-71
235000206,13,3,10
235000207,3,1,2
235000208,0,0,0
235000209,0,0,0
235000210,4,0,4
235000212,1,23,-22
235000213,0,3,-3
235000220,1,5,-4
235000221,8,10,-2
235000238,4,18,-14
235000239,1,4,-3
235000242,149,237,-88
235000245,1216,237,979
235000246,3,64,-61
235000284,4,62,-58
235000295,18,2,16
235000305,26,3,23
235000306,23,4,19
235000307,6,2,4
235000308,3,0,3
235000309,8,0,8
235000310,6,0,6
235000311,23,5,18
235000322,0,33,-33
235000323,0,36,-36
235000324,0,12,-12
235000325,0,22,-22
235000326,6,375,-369
235000351,3,42,-39
235000352,11,67,-56
235000353,1,33,-32
235000354,0,43,-43
235000355,2,68,-66
235000356,10,2,8
235000357,2,7,-5
235000358,1,1,0
235000359,0,3,-3
235000360,9,7,2
235000361,7,2,5
235000381,30,375,-345
235000382,69,47,22
235000390,10,7,3
235000391,67,21,46
235000392,48,112,-64
235000393,63,65,-2
235000395,53,30,23
235000396,180,41,139
235000400,42,19,23
235000401,17,248,-231
235000405,45,459,-414
235000406,24,430,-406
235000407,58,138,-80
235000409,273,151,122
235000410,24,204,-180
235000411,0,103,-103
235000485,0,12,-12
235000486,2,1,1
235000549,12,64,-52
235000550,36,188,-152
235000599,49,98,-49
235000600,13,6,7
235000601,11,19,-8
235000602,42,119,-77
235000614,0,1,-1
235000648,0,28,-28
235000649,14,0,14
235000685,1,5,-4
235000815,0,12,-12
235000834,0,5,-5
235000855,17,44,-27
235000862,13,255,-242
235000891,0,6,-6
235000892,6,2,4
235000901,65,124,-59
235000907,3,5,-2
235001010,19,71,-52
235001029,839,368,471
235001030,460,122,338
235001078,77,56,21
235001079,57,154,-97
235001147,26,30,-4
235001166,13,57,-44
235001167,3,108,-105
235001169,10,198,-188
235001188,0,5,-5
235001189,1,0,1
235001197,1,7,-6
235001200,28,30,-2
235001207,70,20,50
235001210,11,160,-149
235001215,21,138,-117
235001239,0,24,-24
235001244,0,2,-2
235016267,0,19,-19
277101746,0,4,-4
277102712,0,0,0
277103813,0,0,0
277103814,0,0,0
277103898,0,1,-1
277104249,0,4,-4
277104250,0,4,-4
277104251,0,7,-7
277104252,0,3,-3
990011530,2,268,-266
990014944,2,622,-620
990015176,1,2,-1
990015618,0,80,-80
990016032,0,380,-380
990032570,0,118,-118
990070001,11,0,11
990070103,0,4,-4
990070601,0,71,-71
990070751,124,2,122
990070766,3,1128,-1125
990071180,187,155,32
990071343,16,0,16
990071387,0,5,-5
990071823,152,21,131
990072600,3,532,-529
990072964,2,715,-713
990073285,0,2,-2
990074393,4,1169,-1165
990074870,226,4,222
990075106,139,1,138
990075746,73,2,71
990076437,190,6,184
990076458,1,1480,-1479
997000007,46,5,41
997000041,1,247,-246
997000058,14,2,12
997000062,4,0,4
997000069,0,1,-1
997000070,0,56,-56
997000100,3,0,3
997000141,4,455,-451
997000198,0,131,-131
998000475,0,22,-22
998000736,1,323,-322
998000965,0,4,-4
998001031,0,48,-48
998001700,1,23,-22
998001899,0,0,0
998001900,6,1,5
998003073,928,5,923
998101900,0,0,0
998102850,1,129,-128
998501927,201,262,-61
998501929,103,10,93
998501930,42,0,42
998501931,45,6,39
998501932,4,0,4
998501933,19,1,18
998501937,0,2,-2
998501944,93,76,17
998501970,47,50,-3
998501971,0,80,-80
998501973,3,63,-60
998501974,5,239,-234
998501975,52,0,52
998501976,83,79,4
998501977,2,13,-11
998501978,30,2,28
998501979,0,11,-11
998501980,113,1,112
998501981,17,1,16
998501982,1,95,-94
998502006,0,0,0
998502024,0,1,-1
998502032,0,2,-2
998502062,51,10,41
998502063,0,0,0
998502173,8,0,8
998502269,0,4,-4
998601159,0,476,-476
998601292,0,14,-14
999033574,3,863,-860
999800001,13,8,5
999800002,0,1,-1
999800003,2,3,-1
999800004,0,8,-8
999800005,0,13,-13
