ID,insum,outsum,diff
100000001,639,643,-4
100000002,2746,632,2114
100000003,8003,2500,5503
100000004,1909,761,1148
100000005,1786,2730,-944
100000006,239,82,157
100000007,1267,439,828
100000008,137,588,-451
100000009,198,138,60
100000010,44,47,-3
100000011,464,76,388
100000012,56,817,-761
100000013,27,198,-171
100000014,270,283,-13
100000015,1190,1107,83
100000016,978,1429,-451
100000017,700,1071,-371
100000018,1364,500,864
100000019,5645,1708,3937
100000020,1996,3816,-1820
100000021,7501,2181,5320
100000022,1837,830,1007
100000023,6829,1009,5820
100000025,3277,494,2783
100000028,1927,748,1179
100000029,280,172,108
100000030,613,64,549
100000031,6502,5483,1019
100000032,2699,3287,-588
100000033,718,1762,-1044
100000034,1047,358,689
100000035,1877,696,1181
100000036,3218,949,2269
100000037,484,442,42
100000038,1094,968,126
100000039,748,186,562
100000040,129,132,-3
100000041,818,386,432
100000042,603,341,262
100000043,647,294,353
100000044,416,834,-418
100000045,439,1499,-1060
100000046,785,1341,-556
100000047,413,921,-508
100000048,958,614,344
100000049,1908,2919,-1011
100000051,357,1169,-812
100000053,26,2,24
100000054,139,28,111
100000055,419,280,139
100000056,187,544,-357
100000057,1696,786,910
100000058,1114,1491,-377
100000059,5,153,-148
100000060,200,366,-166
100000061,1481,466,1015
100000062,1297,553,744
100000063,305,265,40
100000064,842,426,416
100000065,458,1354,-896
100000066,140,1097,-957
100000067,381,995,-614
100000068,505,1881,-1376
100000069,263,1857,-1594
100000072,424,1234,-810
100000073,1141,1328,-187
100000075,473,319,154
100000076,2252,1481,771
100000077,709,134,575
100000078,127,40,87
100000079,50,50,0
100000080,22,9,13
100000081,83,24,59
100000102,2704,1315,1389
100000103,3514,805,2709
100000104,6148,1222,4926
100000105,4134,656,3478
100000106,2774,1462,1312
100000107,905,348,557
100000108,1025,1060,-35
100000109,3912,1113,2799
100000116,1670,594,1076
100000117,49,29,20
100000118,1158,934,224
100000119,490,683,-193
100000121,230,675,-445
100000122,1052,755,297
100000123,3800,3894,-94
100000124,7926,5504,2422
100000125,3417,704,2713
100000126,629,220,409
100000127,1794,339,1455
100000128,1291,1199,92
100000129,517,371,146
100000130,399,674,-275
100000131,4302,3161,1141
100000132,1851,1945,-94
100000133,9876,2908,6968
100000135,399,892,-493
100000139,206,277,-71
100000140,244,266,-22
100000142,363,528,-165
100000143,1900,1023,877
100000144,4706,1003,3703
100000147,831,1864,-1033
100000150,19,507,-488
100000151,775,488,287
100000153,273,246,27
100000154,131,78,53
100000155,13,27,-14
100000156,103,58,45
100000157,29,307,-278
100000158,48,138,-90
100000159,371,409,-38
100000165,1083,688,395
100000169,871,346,525
100000174,2199,395,1804
100000179,68,619,-551
100000180,4522,1447,3075
100000181,82,358,-276
100000188,96,382,-286
100000189,934,309,625
100000190,419,355,64
100000191,422,394,28
100000192,79,130,-51
100000193,112,124,-12
100000330,2253,561,1692
100000355,134,565,-431
100000362,5171,3753,1418
100000363,2060,3272,-1212
100000364,377,103,274
100000365,3453,6329,-2876
100000366,4071,2397,1674
100000367,2677,3673,-996
100000368,2113,1925,188
100000369,1100,1208,-108
100000370,197,273,-76
100000376,139,80,59
100000379,2644,962,1682
100000380,3608,1550,2058
100000384,6063,2619,3444
100000385,6625,3365,3260
100000386,10144,3087,7057
100000387,7841,3703,4138
100000388,11630,3668,7962
100000389,10970,4017,6953
100000390,11495,2934,8561
100000391,7381,4012,3369
100000392,3515,1230,2285
100000393,1490,1372,118
100000394,7152,3400,3752
100000395,4323,1220,3103
100000396,5117,1814,3303
100000397,3176,1780,1396
100000398,11239,7386,3853
100900002,1,76,-75
100900003,224,106,118
100900004,47,985,-938
100900005,120,8,112
100900006,12,276,-264
100900007,522,6,516
100900008,4,526,-522
100900009,19,41,-22
100900010,125,191,-66
100900011,49,326,-277
100900012,1,332,-331
100900013,1444,7,1437
100900014,0,8,-8
100900015,115,94,21
100900016,3,41,-38
100900017,723,58,665
100900018,0,22,-22
100900019,38,171,-133
100900020,247,2,245
100900021,390,1,389
100900022,10,26,-16
100900023,0,63,-63
100900024,963,3,960
100900025,17,15,2
100900026,47,148,-101
100900027,569,2185,-1616
100900028,80,153,-73
100900029,105,11,94
100900030,6,8,-2
100900031,262,74,188
100900032,97,1,96
100900033,318,101,217
100900034,317,2,315
100900035,836,1,835
100900036,36,2,34
100900037,30,322,-292
100900038,38,16,22
100900039,509,800,-291
100900040,163,1152,-989
100900041,237,1061,-824
100900042,491,186,305
100900043,0,10,-10
100900044,2931,365,2566
100900045,42,1,41
100900046,1077,6,1071
100900047,940,126,814
100900048,77,16,61
100900049,98,239,-141
100900050,9,21,-12
100900051,37,34,3
100900052,115,27,88
100900053,188,24,164
100900054,1,125,-124
100900055,213,325,-112
100900056,94,331,-237
100900057,453,615,-162
100900058,208,26,182
100900059,47,3,44
100900060,104,5,99
100900061,305,236,69
100900062,1,85,-84
100900063,133,339,-206
100900064,620,10,610
100900065,54,58,-4
100900066,26,47,-21
100900067,4,10,-6
100900068,112,178,-66
100900069,429,8,421
100900070,144,2,142
100900071,683,263,420
100900072,1,49,-48
100900073,126,641,-515
100900074,3,11,-8
100900075,2893,334,2559
100900076,73,53,20
100900077,12,177,-165
100900078,64,217,-153
100900079,9,23,-14
100900080,16,217,-201
100900081,18,92,-74
100900082,40,898,-858
100900083,5,52,-47
100900085,2,62,-60
100900086,112,863,-751
100900088,61,804,-743
100900089,10,26,-16
100900090,83,391,-308
100900091,2,20,-18
100900092,172,175,-3
100900093,136,565,-429
100900094,60,707,-647
100900095,5,24,-19
100900096,22,76,-54
100900097,0,8,-8
100900098,4,10,-6
100900099,33,620,-587
100900100,5,280,-275
100900101,348,27,321
100900102,72,51,21
100900103,0,23,-23
100900104,17,172,-155
100900105,5,75,-70
100900106,39,5,34
100900107,1750,463,1287
100900108,10,9,1
100900109,5,40,-35
100900110,1,20,-19
100900111,57,135,-78
100900112,1,11,-10
100900113,1,13,-12
100900114,4,29,-25
100900115,1,33,-32
100900116,675,484,191
100900117,209,693,-484
100900118,32,47,-15
100900119,6,16,-10
100900120,0,45,-45
100900121,206,393,-187
100900122,145,162,-17
100900123,64,92,-28
100900124,0,0,0
100900125,12,91,-79
100900126,65,167,-102
100900127,0,11,-11
100900128,72,123,-51
100900129,0,86,-86
100900131,69,133,-64
100900133,29,43,-14
100900134,2,1,1
100900135,1,117,-116
100900137,236,160,76
100900138,352,392,-40
100900139,0,7,-7
100900140,1,925,-924
100900141,1,290,-289
100900142,1,11,-10
100900143,1037,307,730
100900144,12,6,6
100900145,28,141,-113
100900146,14,13,1
100900147,5,242,-237
100900148,26,1088,-1062
100900149,14,101,-87
100900150,3,7,-4
100900151,73,569,-496
100900152,139,10,129
100900153,5,151,-146
100900154,1,23,-22
100900155,2,12,-10
100900156,33,1,32
100900157,7,99,-92
100900159,3,14,-11
100900160,7,15,-8
100900161,169,1,168
100900162,18,141,-123
100900163,113,179,-66
100900164,23,17,6
100900165,7,33,-26
100900166,36,1,35
100900167,5,95,-90
100900168,30,90,-60
100900169,213,1229,-1016
100900170,39,13,26
100900171,10,817,-807
100900172,0,6,-6
100900173,5,726,-721
100900174,342,70,272
100900176,1317,76,1241
100900177,910,252,658
100900178,325,143,182
100900179,98,30,68
100900180,1,8,-7
100900181,112,28,84
100900182,24,15,9
100900184,8,161,-153
100900186,962,527,435
100900187,17,167,-150
100900188,32,12,20
100900189,762,160,602
100900191,1331,827,504
100900192,325,188,137
100900195,77,151,-74
100900197,156,234,-78
100900198,35,250,-215
100900199,14,10,4
100900200,687,394,293
100900201,63,1001,-938
100900202,7,0,7
100900203,0,72,-72
100900204,1091,329,762
100900205,92,459,-367
100900206,55,65,-10
100900207,105,65,40
100900210,107,945,-838
100900211,334,71,263
100900213,34,21,13
100900214,1065,104,961
100900215,18,32,-14
100900217,83,39,44
101000001,5249,2602,2647
101000002,4664,3718,946
101000003,951,2147,-1196
101000004,10800,7698,3102
101000005,5648,5029,619
101000006,9476,6985,2491
101000007,2696,2961,-265
101000008,3781,2922,859
101000009,1560,2303,-743
101000010,801,1660,-859
101000011,2418,781,1637
101000012,2218,722,1496
101000013,541,932,-391
101000014,633,724,-91
101000015,766,817,-51
101000016,623,427,196
101000017,600,537,63
101000018,4221,2763,1458
101000020,4201,1367,2834
101000021,1250,287,963
101000022,681,98,583
101000023,2004,797,1207
101000025,152,384,-232
101000026,412,22,390
101000027,1575,1439,136
101000028,777,166,611
101000029,54,692,-638
101000030,988,68,920
101000031,915,520,395
101000032,7075,2081,4994
101000033,2777,1538,1239
101000034,2962,1154,1808
101000035,1314,461,853
101000036,1620,308,1312
101000037,5434,1024,4410
101000039,4178,1232,2946
101000040,5245,2807,2438
101000041,19847,3511,16336
101000042,1122,651,471
101000043,13405,3280,10125
101000045,2264,363,1901
101000046,2534,662,1872
101000047,1542,1210,332
101000048,1129,971,158
101000049,1106,933,173
101000050,3663,2899,764
101000051,4110,1580,2530
101000052,1808,585,1223
101000053,1101,1777,-676
101000054,1934,1897,37
101000055,1744,971,773
101000056,60,50,10
101000057,3665,535,3130
101000058,2516,717,1799
101000059,4161,1703,2458
101000060,2260,314,1946
101000061,1301,885,416
101000062,1138,372,766
101000063,500,486,14
101000064,1212,354,858
101000065,212,270,-58
101000066,309,205,104
101000067,635,477,158
101000068,333,196,137
101000069,269,79,190
101000070,1838,1136,702
101000071,2044,769,1275
101000072,1090,3871,-2781
101000073,691,551,140
101000074,5230,3464,1766
101000075,7252,4226,3026
101000077,1280,1561,-281
101000078,1129,1825,-696
101000079,397,667,-270
101000080,605,532,73
101000081,1197,1194,3
101000082,3513,2843,670
101000083,1777,1643,134
101000084,1448,1326,122
101000085,1812,1085,727
101000086,1213,1204,9
101000087,930,1320,-390
101000088,901,923,-22
101000089,896,1473,-577
101000090,2570,1563,1007
101000091,305,1995,-1690
101000092,822,1194,-372
101000093,1514,862,652
101000094,550,1277,-727
101000095,242,836,-594
101000096,253,704,-451
101000097,1397,364,1033
101000098,1103,544,559
101000099,1336,1234,102
101000100,1244,682,562
101000101,408,432,-24
101000102,969,318,651
101000103,911,448,463
101000104,358,406,-48
101000105,1022,227,795
101000106,839,494,345
101000107,185,356,-171
101000108,1628,458,1170
101000109,161,77,84
101000110,28,753,-725
101000111,123,196,-73
101000113,128,777,-649
101000114,4062,1253,2809
101000115,127,150,-23
101000116,190,241,-51
101000117,593,296,297
101000119,207,41,166
101000120,262,18,244
101000121,54,27,27
101000122,128,43,85
101000123,32,76,-44
101000124,181,378,-197
101000125,147,381,-234
101000128,1166,424,742
101000130,293,304,-11
101000131,481,816,-335
101000132,494,1985,-1491
101000135,74,21,53
101000136,273,173,100
101000137,27,240,-213
101000141,2618,1663,955
101000147,870,633,237
101000148,2888,37,2851
101000149,68,76,-8
101000150,24,1270,-1246
101000151,161,71,90
101000152,329,283,46
101000153,630,489,141
101000154,131,2138,-2007
101000155,149,177,-28
101000156,53,264,-211
101000157,51,36,15
101000160,52,42,10
101000163,167,63,104
101000164,558,469,89
101000165,207,462,-255
101000166,367,486,-119
101000168,766,377,389
101000252,1172,782,390
101000254,668,33,635
101000258,42,22,20
101000261,77,251,-174
101000262,765,869,-104
101000263,281,1235,-954
101000265,42,500,-458
101000266,384,319,65
101000269,184,7,177
101000290,2201,2686,-485
101000293,25,101,-76
101000294,542,616,-74
101000295,161,543,-382
101000301,1001,207,794
101000304,1870,2357,-487
101000305,2647,1631,1016
101000328,7,53,-46
101900001,8,78,-70
101900002,0,13,-13
101900003,83,95,-12
101900004,6,27,-21
101900005,6311,1128,5183
101900006,804,30,774
101900007,463,70,393
101900008,107,228,-121
101900009,55,426,-371
101900010,1188,497,691
101900011,320,1251,-931
101900012,105,374,-269
101900013,1491,122,1369
101900017,22,80,-58
101900018,2416,234,2182
101900019,202,70,132
101900020,31,132,-101
101900021,0,63,-63
101900022,88,1861,-1773
101900023,92,288,-196
101900026,70,40,30
101900027,3,89,-86
102000001,2011,3949,-1938
102000002,2866,1359,1507
102000003,4162,5379,-1217
102000004,11364,2837,8527
102000005,1377,2052,-675
102000006,1798,1632,166
102000007,1424,4423,-2999
102000008,7057,1920,5137
102000009,5699,7019,-1320
102000010,7095,4075,3020
102000011,2425,2152,273
102000012,3579,3701,-122
102000018,3807,2631,1176
102000019,3097,1347,1750
102000026,255,668,-413
102000029,389,225,164
102000030,100,343,-243
102000031,38,242,-204
102000032,213,400,-187
102000033,165,518,-353
102000034,746,472,274
102000035,1318,677,641
102000036,3,237,-234
102000037,150,93,57
102000038,191,88,103
102000039,167,58,109
102000040,569,91,478
102000041,150,200,-50
102000042,277,84,193
102000043,413,226,187
102000044,358,463,-105
102000045,601,1321,-720
102000046,796,433,363
102000047,719,1380,-661
102000048,219,752,-533
102000049,877,519,358
102000050,910,1032,-122
102000051,377,533,-156
102000052,1154,915,239
102000053,668,796,-128
102000054,315,787,-472
102000055,652,1207,-555
102000056,511,1903,-1392
102000057,1228,681,547
102000058,1043,2351,-1308
102000059,1291,1807,-516
102000060,1042,1096,-54
102000061,1026,2799,-1773
102000062,880,1410,-530
102000063,1238,1612,-374
102000064,410,595,-185
102000065,32,117,-85
102000066,775,1148,-373
102000067,2249,2908,-659
102000068,10841,2771,8070
102000069,69,1989,-1920
102000070,2062,68,1994
102000071,6812,9925,-3113
102000072,3156,5227,-2071
102000073,845,1211,-366
102000074,631,929,-298
102000075,140,323,-183
102000076,153,533,-380
102000077,291,1488,-1197
102000078,667,1095,-428
102000079,85,365,-280
102000080,150,253,-103
102000081,308,1008,-700
102000082,758,426,332
102000083,291,740,-449
102000084,120,451,-331
102000085,1721,1629,92
102000086,1036,1692,-656
102000087,884,2457,-1573
102000088,254,271,-17
102000089,979,520,459
102000090,405,1253,-848
102000091,1379,529,850
102000092,570,859,-289
102000093,382,603,-221
102000094,1343,601,742
102000095,1140,1496,-356
102000096,1368,931,437
102000097,1327,1500,-173
102000098,524,1379,-855
102000099,981,656,325
102000100,991,987,4
102000101,1336,437,899
102000102,376,1989,-1613
102000103,1459,346,1113
102000104,1098,407,691
102000105,222,927,-705
102000106,617,1027,-410
102000107,738,645,93
102000108,442,275,167
102000109,276,674,-398
102000110,421,1820,-1399
102000111,8,359,-351
102000112,155,92,63
102000113,20,33,-13
102000114,1097,373,724
102000115,167,191,-24
102000116,458,251,207
102000117,207,477,-270
102000118,1667,1022,645
102000119,2811,530,2281
102000120,127,537,-410
102000121,1066,618,448
102000122,471,849,-378
102000123,1482,1178,304
102000124,1139,947,192
102000125,845,927,-82
102000126,629,733,-104
102000127,902,816,86
102000128,540,1258,-718
102000129,993,1046,-53
102000130,427,793,-366
102000131,2178,870,1308
102000132,810,960,-150
102000133,1155,2410,-1255
102000134,452,847,-395
102000135,1073,785,288
102000136,1192,497,695
102000137,1394,876,518
102000138,331,544,-213
102000139,153,450,-297
102000140,437,308,129
102000141,579,620,-41
102000142,216,424,-208
102000143,79,607,-528
102000144,102,604,-502
102000145,275,502,-227
102000146,272,376,-104
102000147,374,386,-12
102000148,168,235,-67
102000149,127,725,-598
102000150,143,231,-88
102000151,108,398,-290
102000152,69,167,-98
102000153,881,285,596
102000154,453,652,-199
102000155,87,277,-190
102000156,408,67,341
102000157,95,154,-59
102000158,571,345,226
102000159,1795,307,1488
102000161,5664,1744,3920
102000162,203,124,79
102000163,93,511,-418
102000164,1585,833,752
102000165,229,144,85
102000166,43,88,-45
102000167,165,165,0
102000168,307,98,209
102000169,86,463,-377
102000170,690,115,575
102000171,116,84,32
102000172,74,214,-140
102000173,281,215,66
102000174,34,73,-39
102000175,98,136,-38
102000176,24,47,-23
102000178,196,631,-435
102000179,215,213,2
102000180,584,670,-86
102000181,382,746,-364
102000182,373,836,-463
102000183,1095,2159,-1064
102000184,1155,993,162
102000185,1719,1894,-175
102000186,658,2257,-1599
102000187,583,2162,-1579
102000188,695,1795,-1100
102000189,3524,1208,2316
102000190,757,2695,-1938
102000191,1403,680,723
102000192,647,1085,-438
102000193,37,219,-182
102000194,71,157,-86
102000195,274,710,-436
102000196,128,723,-595
102000197,340,639,-299
102000198,154,1197,-1043
102000199,461,488,-27
102000200,216,1630,-1414
102000201,423,546,-123
102000202,11,189,-178
102000203,213,352,-139
102000204,294,1080,-786
102000205,557,694,-137
102000206,473,812,-339
102000207,729,514,215
102000208,277,625,-348
102000209,74,59,15
102000210,173,627,-454
102000211,309,544,-235
102000212,146,9,137
102000213,0,446,-446
102000214,144,9,135
102000215,9,816,-807
102000216,19,32,-13
102000217,12,261,-249
102000218,143,116,27
102000219,400,483,-83
102000225,711,714,-3
102000226,7864,918,6946
102000227,165,2,163
102000228,0,110,-110
102000229,15,35,-20
102000230,297,725,-428
102000231,304,530,-226
102000232,7,170,-163
102000233,398,818,-420
102000234,93,1435,-1342
102000236,471,92,379
102000237,583,201,382
102000238,164,420,-256
102000240,591,574,17
102000241,258,116,142
102000243,11,61,-50
102000245,20,105,-85
102000246,9,27,-18
102000247,840,979,-139
102000248,528,455,73
102000249,86,182,-96
102000250,40,508,-468
102000254,43,516,-473
102000266,77,202,-125
102000271,8,0,8
102000286,478,374,104
102000297,1811,1101,710
102000299,0,0,0
102000301,0,0,0
102000305,0,0,0
102000307,0,2,-2
102000308,0,0,0
102900001,1232,1026,206
102900002,237,27,210
102900003,30,326,-296
102900005,187,401,-214
102900006,382,260,122
102900007,280,33,247
102900008,255,125,130
102900009,541,213,328
102900010,620,483,137
102900011,2183,381,1802
102900012,277,62,215
102900013,29,122,-93
102900015,824,255,569
102900016,35,168,-133
102900017,53,878,-825
102900018,18,206,-188
102900019,391,606,-215
102900020,73,50,23
102900021,14,159,-145
102900022,385,59,326
102900023,21,44,-23
102900024,27,29,-2
102900025,361,120,241
102900026,724,1343,-619
102900027,32,47,-15
102900028,73,470,-397
102900029,135,157,-22
102900030,295,217,78
102900031,101,180,-79
102900032,29,149,-120
102900033,93,216,-123
102900034,283,145,138
102900035,67,473,-406
102900036,159,672,-513
102900037,167,789,-622
102900038,344,752,-408
102900039,66,410,-344
102900040,107,230,-123
102900041,90,245,-155
102900042,180,449,-269
102900043,82,324,-242
102900044,614,2245,-1631
102900045,97,608,-511
102900046,84,372,-288
102900047,48,779,-731
102900048,568,814,-246
102900049,55,326,-271
102900050,280,428,-148
102900051,172,214,-42
102900052,33,10,23
102900053,409,710,-301
102900054,983,930,53
102900055,81,79,2
102900056,139,570,-431
102900057,2,39,-37
102900058,270,60,210
102900059,7,73,-66
102900060,76,516,-440
102900061,119,508,-389
102900062,143,1532,-1389
102900063,535,404,131
102900064,172,351,-179
102900065,1833,677,1156
102900066,289,48,241
102900068,76,88,-12
102900070,220,798,-578
102900072,15,32,-17
102900073,142,8,134
102900075,22,36,-14
102900076,350,62,288
102900077,33,33,0
102900078,63,82,-19
102900079,168,12,156
102900080,282,29,253
102900081,68,295,-227
102900082,10,240,-230
102900083,426,22,404
102900084,3,25,-22
102900085,148,81,67
102900086,13,39,-26
102900087,63,96,-33
102900088,13,33,-20
102900089,273,129,144
102900090,2,525,-523
102900091,98,2,96
102900092,217,1183,-966
102900093,197,196,1
102900094,0,52,-52
102900095,89,4,85
102900096,45,5,40
102900097,2,154,-152
103000001,2203,2329,-126
103000002,1838,2095,-257
103000003,3314,2637,677
103000004,975,724,251
103000005,2259,2414,-155
103000006,695,1471,-776
103000007,420,984,-564
103000008,843,1210,-367
103000009,745,960,-215
103000010,120,132,-12
103000011,1841,1169,672
103000012,1106,1285,-179
103000013,7252,2099,5153
103000014,1398,1965,-567
103000015,2613,947,1666
103000016,538,1035,-497
103000017,124,375,-251
103000018,1172,493,679
103000019,194,208,-14
103000020,1892,1441,451
103000021,1558,1609,-51
103000022,965,1259,-294
103000023,445,1247,-802
103000024,143,175,-32
103000025,49,396,-347
103000026,2232,142,2090
103000027,305,479,-174
103000028,949,496,453
103000029,460,267,193
103000030,2346,676,1670
103000031,1889,1409,480
103000032,2291,2036,255
103000033,2739,2446,293
103000034,1810,1122,688
103000035,511,1019,-508
103000036,486,517,-31
103000037,764,577,187
103000038,479,852,-373
103000039,218,536,-318
103000040,236,1346,-1110
103000041,1599,3387,-1788
103000042,716,847,-131
103000043,343,1515,-1172
103000044,106,354,-248
103000046,280,438,-158
103000047,490,802,-312
103000048,111,149,-38
103000049,94,245,-151
103000050,621,833,-212
103000051,287,673,-386
103000052,872,550,322
103000053,144,562,-418
103000054,1987,1296,691
103000055,1402,1808,-406
103000056,501,2925,-2424
103000057,365,358,7
103000058,335,1078,-743
103000059,265,790,-525
103000060,690,969,-279
103000061,317,916,-599
103000062,998,1014,-16
103000063,643,651,-8
103000064,114,305,-191
103000065,5,421,-416
103000066,115,6,109
103000069,224,345,-121
103000070,650,1497,-847
103000071,647,413,234
103000072,98,1080,-982
103000073,402,160,242
103000074,595,112,483
103000075,160,1067,-907
103000076,201,218,-17
103000077,34,466,-432
103000078,1317,481,836
103000079,1723,460,1263
103000080,1393,313,1080
103000081,579,789,-210
103000082,310,185,125
103000083,77,358,-281
103000084,136,7,129
103000085,5,89,-84
103000086,721,320,401
103000087,122,478,-356
103000088,365,374,-9
103000089,166,346,-180
103000090,1578,1048,530
103000091,600,437,163
103000092,270,297,-27
103000093,301,617,-316
103000094,138,144,-6
103000095,50,467,-417
103000096,813,106,707
103000097,69,813,-744
103000098,978,158,820
103000099,349,729,-380
103000100,85,1128,-1043
103000101,589,169,420
103000102,108,827,-719
103000103,488,259,229
103000104,64,227,-163
103000105,89,115,-26
103000106,5,113,-108
103000107,270,113,157
103000108,551,541,10
103000109,345,298,47
103000110,358,455,-97
103000111,590,358,232
103000112,333,242,91
103000113,615,586,29
103000114,890,397,493
103000115,435,573,-138
103000116,393,629,-236
103000117,238,498,-260
103000118,1377,1152,225
103000119,2373,817,1556
103000120,70,117,-47
103000121,233,597,-364
103000122,277,267,10
103000125,15,663,-648
103000126,412,11,401
103000127,2,325,-323
103000128,111,3,108
103000129,2,225,-223
103000130,46,45,1
103000131,288,86,202
103000132,93,161,-68
103000133,8,250,-242
103000134,784,574,210
103000135,828,220,608
103000136,848,355,493
103000137,604,582,22
103000138,859,698,161
103000139,0,59,-59
103000140,134,23,111
103000141,36,103,-67
103000142,128,72,56
103000143,36,197,-161
103000144,188,85,103
103000145,28,56,-28
103000150,74,78,-4
103000152,243,234,9
103000153,126,148,-22
103000156,3,659,-656
103000157,269,5,264
103000159,127,123,4
103000162,44,7,37
103000163,7,16,-9
103000164,7,4,3
103000165,151,509,-358
103000166,130,160,-30
103000167,128,116,12
103000168,60,191,-131
103000169,167,383,-216
103000170,412,543,-131
103000171,59,85,-26
103000172,276,373,-97
103000173,235,1114,-879
103000174,134,408,-274
103000175,173,605,-432
103000176,819,331,488
103000177,893,469,424
103000178,460,358,102
103000179,77,41,36
103000183,61,39,22
103000185,59,111,-52
103000186,52,192,-140
103000187,219,926,-707
103000188,20,91,-71
103000189,699,1180,-481
103000191,717,905,-188
103000292,3072,1181,1891
103000293,1662,1240,422
103000295,116,87,29
103000296,388,2,386
103000297,175,45,130
103000504,309,39,270
103000505,9,11,-2
103000506,0,197,-197
103000507,84,1,83
103000508,66,28,38
103000509,188,609,-421
103900001,6,548,-542
103900002,2289,219,2070
103900003,2181,161,2020
103900004,34,0,34
103900005,3,297,-294
103900006,0,0,0
103900007,23,1,22
103900008,1,1,0
103900009,174,327,-153
103900010,122,386,-264
103900011,125,288,-163
103900012,6,18,-12
103900013,40,76,-36
103900014,21,22,-1
103900015,18,24,-6
103900016,261,316,-55
103900017,19,66,-47
103900018,832,248,584
103900019,54,192,-138
103900020,156,312,-156
103900021,983,58,925
103900022,1010,723,287
103900023,88,2,86
103900024,110,869,-759
103900025,2,64,-62
103900026,21,0,21
103900027,451,363,88
103900028,8,214,-206
103900029,840,136,704
103900030,154,30,124
103900031,8,3,5
103900032,54,59,-5
103900033,94,7,87
103900034,21,310,-289
103900035,65,65,0
103900036,41,40,1
103900037,23,46,-23
103900038,82,145,-63
103900039,40,528,-488
103900040,10,301,-291
103900041,25,41,-16
103900042,24,558,-534
103900043,88,113,-25
103900044,231,161,70
103900045,139,220,-81
103900047,45,35,10
103900048,57,25,32
103900049,290,1535,-1245
103900050,4,97,-93
103900051,3,27,-24
103900052,154,678,-524
103900053,117,1382,-1265
103900054,85,715,-630
103900055,285,308,-23
103900056,35,72,-37
103900057,10,327,-317
103900058,117,983,-866
103900059,0,1,-1
103900060,21,312,-291
103900061,54,61,-7
103900062,159,70,89
103900063,1,0,1
103900064,41,1,40
103900065,798,393,405
103900066,85,9,76
103900067,90,8,82
103900068,1,0,1
103900069,51,5,46
103900070,111,308,-197
103900071,23,181,-158
103900072,5,402,-397
103900073,27,18,9
103900074,49,118,-69
103900075,144,86,58
103900076,244,823,-579
103900077,83,60,23
103900078,82,148,-66
103900079,127,283,-156
103900080,14,46,-32
103900081,111,7,104
103900082,1,127,-126
103900083,2404,464,1940
103900084,43,157,-114
103900085,73,115,-42
103900086,352,337,15
103900087,10,60,-50
103900088,446,203,243
103900089,58,230,-172
103900090,1,262,-261
103900091,940,270,670
103900092,380,496,-116
103900093,106,471,-365
103900094,6,207,-201
103900095,187,177,10
103900096,17,349,-332
103900097,6,664,-658
103900098,145,101,44
103900099,32,357,-325
103900100,135,440,-305
103900101,53,1195,-1142
103900102,0,37,-37
103900104,1,33,-32
103900105,113,248,-135
103900106,0,16,-16
103900107,148,266,-118
103900108,46,542,-496
103900109,58,128,-70
103900110,185,43,142
103900111,23,1004,-981
103900112,7,70,-63
103900113,149,221,-72
103900114,559,385,174
103900115,240,87,153
103900116,8612,1820,6792
103900117,241,131,110
103900119,22,44,-22
103900120,28,127,-99
103900122,32,431,-399
103900123,1581,523,1058
103900124,56,645,-589
103900125,71,90,-19
103900126,305,617,-312
103900127,94,875,-781
103900128,64,228,-164
103900131,26,156,-130
103900133,760,16,744
103900134,0,1,-1
103900135,24,3,21
103900137,0,48,-48
103900138,45,448,-403
103900139,195,987,-792
103900140,2,51,-49
103900141,276,89,187
103900142,56,261,-205
103900143,20,4,16
103900144,3,118,-115
103900145,221,406,-185
103900146,265,391,-126
103900147,290,144,146
103900148,122,276,-154
103900149,93,977,-884
103900150,9084,2308,6776
103900151,41,177,-136
103900152,203,847,-644
103900153,6,3,3
103900154,1422,982,440
103900155,24,221,-197
103900156,23,198,-175
103900157,23,301,-278
103900158,22,278,-256
103900159,56,80,-24
103900160,24,23,1
103900161,61,222,-161
103900162,66,254,-188
103900163,8,542,-534
103900167,12,77,-65
103900168,96,181,-85
103900169,48,44,4
103900170,1,115,-114
103900171,2,105,-103
103900172,9,42,-33
103900173,2,8,-6
103900174,72,81,-9
103900175,56,33,23
103900176,36,25,11
103900177,8,55,-47
103900178,31,104,-73
103900179,23,234,-211
103900180,7,131,-124
103900181,65,25,40
103900182,38,21,17
103900184,654,43,611
103900185,266,156,110
103900187,113,69,44
103900188,27,11,16
103900189,110,17,93
103900190,67,52,15
103900191,17,87,-70
103900192,35,88,-53
103900193,222,222,0
103900194,42,429,-387
103900195,2,41,-39
103900196,40,25,15
103900197,5,39,-34
103900198,31,63,-32
103900199,106,112,-6
103900200,170,212,-42
103900201,80,265,-185
103900202,7,62,-55
103900203,27,25,2
103900204,1,198,-197
103900207,2,265,-263
103900208,30,3,27
103900209,2,137,-135
103900210,27,32,-5
103900211,377,776,-399
103900212,46,548,-502
103900213,190,237,-47
103900214,220,90,130
103900215,685,261,424
103900216,13,549,-536
103900217,357,53,304
103900218,0,303,-303
103900219,85,361,-276
103900233,62,3,59
103900235,24,13,11
103900236,14,3,11
103900242,3,1,2
103900243,8,0,8
103900244,71,501,-430
103900245,53,338,-285
103900246,54,37,17
103900247,30,160,-130
103900248,2,27,-25
103900249,23,31,-8
103900250,37,31,6
103900251,4,34,-30
103900253,14,47,-33
103900254,10,13,-3
103900255,21,12,9
103900256,22,20,2
103900257,59,100,-41
103900258,26,1,25
103900259,69,4,65
103900261,5,4,1
103900262,19,4,15
103900263,56,34,22
103900264,65,14,51
103900265,41,5,36
103900266,0,52,-52
103900267,8,70,-62
103900268,4,118,-114
103900269,90,38,52
103900270,16,167,-151
103900271,14,285,-271
103900272,52,86,-34
103900273,10,94,-84
103900274,38,22,16
103900275,28,18,10
103900276,6,236,-230
103900277,8,268,-260
103900278,0,7,-7
103900279,0,0,0
104000001,1870,2412,-542
104000002,1440,2807,-1367
104000003,2252,2433,-181
104000004,3220,2593,627
104000005,983,1953,-970
104000006,2464,3324,-860
104000007,4085,3975,110
104000008,240,623,-383
104000009,155,108,47
104000010,162,205,-43
104000011,823,571,252
104000012,163,550,-387
104000013,122,122,0
104000014,219,891,-672
104000015,203,214,-11
104000016,620,469,151
104000018,525,154,371
104000019,413,132,281
104000020,202,1052,-850
104000021,292,889,-597
104000022,149,328,-179
104000023,395,404,-9
104000024,223,571,-348
104000026,60,503,-443
104000027,217,486,-269
104000028,339,306,33
104000029,521,694,-173
104000030,273,314,-41
104000031,648,318,330
104000032,250,444,-194
104000033,515,414,101
104000034,257,555,-298
104000035,584,486,98
104000036,474,862,-388
104000037,201,413,-212
104000038,271,377,-106
104000039,219,515,-296
104000040,621,552,69
104000041,426,337,89
104000042,177,528,-351
104000043,231,487,-256
104000044,230,930,-700
104000045,898,1398,-500
104000046,1480,1757,-277
104000047,673,1721,-1048
104000048,1212,2623,-1411
104000049,305,299,6
104000050,189,680,-491
104000051,72,780,-708
104000052,924,1448,-524
104000053,666,795,-129
104000054,557,766,-209
104000055,4033,3550,483
104000056,1678,237,1441
104000057,118,597,-479
104000058,588,731,-143
104000059,491,1362,-871
104000060,739,1132,-393
104000061,952,1560,-608
104000062,179,145,34
104000064,443,279,164
104000065,125,437,-312
104000069,1770,621,1149
104000070,37,341,-304
104000071,118,447,-329
104000072,552,265,287
104000075,39,289,-250
104000076,366,76,290
104000082,1942,2656,-714
104000083,621,242,379
104000084,99,594,-495
104000085,209,211,-2
104000086,150,510,-360
104000087,597,1176,-579
104000090,651,1924,-1273
104000092,679,3256,-2577
104000094,809,2614,-1805
104000095,1401,1440,-39
104000096,836,512,324
104000097,1271,1476,-205
104000098,1213,1581,-368
104000100,1050,774,276
104000101,891,2636,-1745
104000106,95,659,-564
104000107,645,579,66
104000108,444,764,-320
104000109,188,48,140
104000110,826,1070,-244
104000111,7036,1936,5100
104000112,3419,642,2777
104000116,0,1576,-1576
104000117,90,1159,-1069
104000118,360,315,45
104000119,431,307,124
104000120,211,1278,-1067
104000121,182,645,-463
104000122,569,766,-197
104000123,1032,1348,-316
104000124,1820,3207,-1387
104000125,6000,3192,2808
104000126,288,551,-263
104000127,1638,3756,-2118
104000128,784,515,269
104000129,431,31,400
104000130,10,232,-222
104000131,1066,750,316
104000132,681,1018,-337
104000133,1027,923,104
104000134,925,1448,-523
104000135,361,1206,-845
104000136,949,2663,-1714
104000137,1957,345,1612
104000138,1491,390,1101
104000139,10900,3217,7683
104000141,1448,2080,-632
104000142,562,1217,-655
104000143,481,887,-406
104000144,49,187,-138
104000145,306,210,96
104000146,449,633,-184
104000147,115,437,-322
104000148,242,158,84
104000149,205,518,-313
104000150,810,529,281
104000151,364,864,-500
104000152,423,950,-527
104000153,368,455,-87
104000154,1193,939,254
104000155,364,504,-140
104000157,1130,2205,-1075
104000158,380,312,68
104000159,580,348,232
104000160,1600,1476,124
104000161,225,220,5
104000162,44,148,-104
104000165,1491,1233,258
104000167,392,605,-213
104000168,547,11,536
104000169,61,85,-24
104000170,889,338,551
104000248,224,1082,-858
104000251,47,416,-369
104000272,0,0,0
104000273,0,0,0
104000274,0,0,0
104000275,0,0,0
104000279,753,601,152
104000290,60,382,-322
104000291,551,1199,-648
104000293,560,823,-263
104000294,7,0,7
104000295,486,980,-494
104000296,295,867,-572
104000297,934,1791,-857
104000298,2166,1047,1119
104000299,684,1380,-696
104900001,102,476,-374
104900002,39,104,-65
104900003,36,399,-363
104900004,77,408,-331
104900005,151,192,-41
104900006,107,89,18
104900007,167,321,-154
104900009,103,608,-505
104900010,40,33,7
104900011,1,3,-2
104900012,128,11,117
104900013,102,4,98
104900014,4774,468,4306
104900015,78,6,72
104900016,143,378,-235
104900017,56,247,-191
104900018,4,280,-276
104900019,329,1453,-1124
104900020,65,304,-239
104900021,0,477,-477
104900022,17,165,-148
104900023,0,155,-155
104900024,16,111,-95
104900025,46,476,-430
104900026,0,134,-134
104900027,249,266,-17
104900028,42,111,-69
104900029,38,82,-44
104900030,396,191,205
104900031,175,233,-58
104900032,26,234,-208
104900033,120,185,-65
104900034,268,143,125
104900035,152,117,35
104900036,90,64,26
104900037,95,426,-331
104900038,779,397,382
104900039,1090,167,923
104900040,131,86,45
104900041,197,145,52
104900042,134,476,-342
104900043,4,57,-53
104900044,331,210,121
104900045,252,44,208
104900046,91,125,-34
104900047,205,136,69
104900048,151,93,58
104900049,13,14,-1
104900050,76,98,-22
104900051,165,26,139
104900052,43,1,42
104900053,270,83,187
104900054,182,34,148
104900055,51,0,51
104900056,90,6,84
104900057,10,2,8
104900058,655,173,482
104900059,21,46,-25
104900060,3,422,-419
104900061,314,826,-512
104900063,0,156,-156
104900064,1,142,-141
104900065,1,133,-132
104900066,2,250,-248
104900067,3,351,-348
104900068,18,300,-282
104900070,114,346,-232
104900071,0,907,-907
104900072,38,281,-243
104900073,38,449,-411
104900074,60,266,-206
104900075,38,115,-77
104900076,81,497,-416
104900077,1528,94,1434
104900078,117,924,-807
104900079,124,200,-76
104900080,54,652,-598
104900082,1,383,-382
104900085,20,313,-293
104900087,367,8,359
104900089,62,1,61
104900090,414,552,-138
104900091,485,1113,-628
104900093,262,741,-479
104900097,3719,1516,2203
104900098,60,33,27
104900099,254,525,-271
104900100,872,223,649
104900102,20,378,-358
104900103,514,121,393
104900104,4858,1465,3393
104900106,48,164,-116
104900107,32,384,-352
104900108,41,351,-310
104900109,84,175,-91
104900110,8,61,-53
104900111,109,175,-66
104900112,134,1399,-1265
104900113,496,543,-47
104900114,200,889,-689
104900115,370,548,-178
104900116,116,354,-238
104900118,12,70,-58
104900119,1,36,-35
104900120,146,47,99
104900121,1,168,-167
104900122,2,139,-137
104900123,26,4,22
104900124,14,2,12
104900125,482,7,475
104900126,92,56,36
104900127,13,27,-14
104900128,84,167,-83
104900129,3516,1043,2473
105000001,2146,1811,335
105000002,1981,1845,136
105000003,2456,4345,-1889
105000004,437,1151,-714
105000005,581,1216,-635
105000006,951,1489,-538
105000007,879,1280,-401
105000008,926,1774,-848
105000009,1151,2869,-1718
105000010,3284,3052,232
105000011,2027,2105,-78
105000012,4536,3692,844
105000013,645,1045,-400
105000014,1307,2288,-981
105000015,10571,6735,3836
105000016,4773,2150,2623
105000017,1708,1188,520
105000018,1307,1088,219
105000019,1592,991,601
105000020,157,334,-177
105000021,345,130,215
105000022,157,48,109
105000023,502,207,295
105000028,87,161,-74
105000029,330,1044,-714
105000030,4370,4039,331
105000033,1050,2406,-1356
105000034,154,568,-414
105000037,688,755,-67
105000038,1961,1483,478
105000039,3427,2455,972
105000040,777,844,-67
105000041,805,1638,-833
105000042,3359,1280,2079
105000043,2500,2952,-452
105000044,370,368,2
105000045,345,1121,-776
105000046,603,428,175
105000047,432,1844,-1412
105000048,401,228,173
105000049,275,795,-520
105000050,405,414,-9
105000051,205,536,-331
105000052,637,956,-319
105000053,110,237,-127
105000054,192,1105,-913
105000055,326,461,-135
105000056,830,3258,-2428
105000057,1122,1127,-5
105000058,1399,1745,-346
105000059,454,507,-53
105000060,463,889,-426
105000061,367,515,-148
105000062,776,1418,-642
105000063,311,820,-509
105000064,734,774,-40
105000065,351,1272,-921
105000066,902,2652,-1750
105000067,743,638,105
105000068,535,1118,-583
105000069,3393,784,2609
105000070,908,892,16
105000071,234,397,-163
105000072,783,1198,-415
105000073,691,483,208
105000074,864,1093,-229
105000075,543,887,-344
105000076,1100,1118,-18
105000077,2008,812,1196
105000078,1549,1275,274
105000079,1894,1905,-11
105000080,2094,1077,1017
105000081,1222,803,419
105000082,535,588,-53
105000083,1356,850,506
105000084,613,1346,-733
105000085,1277,1122,155
105000086,542,1031,-489
105000087,2933,2080,853
105000088,1561,1575,-14
105000089,3596,2405,1191
105000090,1045,990,55
105000091,1858,2339,-481
105000092,539,1241,-702
105000093,377,209,168
105000094,203,256,-53
105000095,93,407,-314
105000096,880,707,173
105000097,950,688,262
105000098,719,599,120
105000099,871,1082,-211
105000100,997,1271,-274
105000101,1648,2607,-959
105000102,2430,1772,658
105000103,1835,2701,-866
105000104,1652,1267,385
105000105,1014,2251,-1237
105000106,1042,1784,-742
105000107,790,1138,-348
105000108,1004,2032,-1028
105000109,945,1926,-981
105000110,586,931,-345
105000111,459,743,-284
105000112,999,1055,-56
105000113,316,713,-397
105000114,3902,1039,2863
105000115,311,798,-487
105000116,404,490,-86
105000117,752,1728,-976
105000118,259,349,-90
105000119,455,1494,-1039
105000120,540,597,-57
105000121,633,1374,-741
105000122,257,458,-201
105000123,1020,1848,-828
105000124,1158,1052,106
105000125,549,2296,-1747
105000126,1682,2594,-912
105000127,1978,2415,-437
105000128,396,1796,-1400
105000129,772,341,431
105000130,97,1073,-976
105000131,706,445,261
105000132,572,436,136
105000133,341,1331,-990
105000134,391,555,-164
105000135,411,816,-405
105000136,99,421,-322
105000137,196,256,-60
105000138,234,488,-254
105000139,1074,1233,-159
105000140,143,577,-434
105000141,236,768,-532
105000142,62,606,-544
105000143,216,887,-671
105000144,317,854,-537
105000145,431,621,-190
105000146,438,792,-354
105000147,339,441,-102
105000148,1007,773,234
105000149,1580,1944,-364
105000150,2326,1649,677
105000151,335,392,-57
105000152,164,747,-583
105000153,479,518,-39
105000154,688,1109,-421
105000155,318,721,-403
105000156,950,1086,-136
105000157,963,2566,-1603
105000158,1666,915,751
105000159,262,1683,-1421
105000160,1461,609,852
105000161,697,2380,-1683
105000162,534,1387,-853
105000163,1564,1464,100
105000164,247,388,-141
105000165,1814,3786,-1972
105000166,9594,451,9143
105000167,3467,1245,2222
105000168,243,1064,-821
105000169,258,518,-260
105000170,113,1422,-1309
105000171,1053,405,648
105000172,36,73,-37
105000173,63,53,10
105000174,36,44,-8
105000175,57,127,-70
105000176,139,78,61
105000177,141,107,34
105000178,98,848,-750
105000179,198,136,62
105000180,89,120,-31
105000181,67,611,-544
105000182,25,45,-20
105000183,3221,1465,1756
105000184,1548,982,566
105000185,1670,777,893
105000186,383,1103,-720
105000187,709,304,405
105000188,212,131,81
105000189,139,618,-479
105000190,160,402,-242
105000191,333,472,-139
105000192,171,82,89
105000193,56,188,-132
105000194,172,89,83
105000195,291,1329,-1038
105000196,42,97,-55
105000197,248,828,-580
105000198,682,342,340
105000199,186,246,-60
105000200,112,274,-162
105000201,85,26,59
105000203,11,350,-339
105000204,52,92,-40
105000205,103,305,-202
105000207,864,282,582
105000208,280,374,-94
105000209,192,404,-212
105000212,968,1752,-784
105000213,231,176,55
105000214,100,306,-206
105000215,202,284,-82
105000216,45,451,-406
105000217,127,390,-263
105000218,707,1018,-311
105000221,166,320,-154
105000222,84,43,41
105000223,140,148,-8
105000226,19,543,-524
105000227,31,321,-290
105000228,312,827,-515
105000229,93,263,-170
105000231,163,256,-93
105000233,591,659,-68
105000234,524,1542,-1018
105000235,216,567,-351
105000237,604,64,540
105000243,14,271,-257
105000248,51,89,-38
105000262,210,2473,-2263
105000269,94,181,-87
105000270,312,152,160
105000271,2,313,-311
105000282,119,36,83
105000287,324,170,154
105000288,526,451,75
105000289,1067,966,101
105000290,5,5,0
105000402,5760,2133,3627
105000426,429,523,-94
105000438,843,645,198
105000446,17183,5370,11813
105000447,10734,3002,7732
105000454,171,1181,-1010
105000455,231,255,-24
105000474,7,1,6
105000477,222,412,-190
105000478,1314,2110,-796
105000479,93,154,-61
105000480,1876,2051,-175
105000481,2335,2001,334
105000482,5038,2796,2242
105000483,991,1206,-215
105000484,2221,2527,-306
105000485,1058,1403,-345
105000486,3423,2424,999
105000488,3388,2823,565
105000489,532,944,-412
105000549,17,173,-156
105000550,416,1515,-1099
105000551,23,163,-140
105000552,3795,2073,1722
105000555,149,366,-217
105900001,15,1060,-1045
105900002,1965,463,1502
105900003,8,78,-70
105900004,407,132,275
105900005,8,275,-267
105900006,6,60,-54
105900007,107,14,93
105900008,48,911,-863
105900009,13,20,-7
105900011,213,67,146
105900012,824,181,643
105900013,6,21,-15
105900014,2,65,-63
105900015,245,403,-158
105900016,189,773,-584
105900017,711,59,652
105900018,284,276,8
105900019,126,490,-364
105900020,29,55,-26
105900021,36,378,-342
105900022,165,442,-277
105900023,0,136,-136
105900024,8,239,-231
105900025,47,49,-2
105900026,213,48,165
105900027,5521,6525,-1004
105900028,104,173,-69
105900029,2340,416,1924
105900030,198,303,-105
105900031,590,173,417
105900032,53,199,-146
105900033,58,136,-78
105900034,157,276,-119
105900035,150,278,-128
105900036,31,118,-87
105900037,47,74,-27
105900038,109,312,-203
105900039,45,150,-105
105900040,56,96,-40
105900041,142,529,-387
105900042,32,127,-95
105900043,1933,98,1835
105900044,1,171,-170
105900045,4,696,-692
105900046,13,203,-190
105900047,10,17,-7
105900048,90,533,-443
105900050,4827,1218,3609
105900051,11,1496,-1485
105900052,309,159,150
105900053,4394,1398,2996
105900054,301,324,-23
105900056,1050,329,721
105900057,34,202,-168
105900058,6,45,-39
105900059,0,57,-57
106000001,4368,1647,2721
106000002,3210,4866,-1656
106000003,3064,2753,311
106000004,2394,2807,-413
106000005,2338,5267,-2929
106000006,5909,5318,591
106000007,416,526,-110
106000008,459,380,79
106000009,366,326,40
106000010,568,731,-163
106000011,614,911,-297
106000012,712,1935,-1223
106000013,1366,1827,-461
106000014,1972,2308,-336
106000015,1245,1059,186
106000016,1172,2841,-1669
106000017,695,733,-38
106000018,480,641,-161
106000019,255,473,-218
106000020,220,520,-300
106000021,231,507,-276
106000022,221,374,-153
106000023,587,421,166
106000024,607,978,-371
106000025,75,249,-174
106000026,133,419,-286
106000027,829,1428,-599
106000028,472,859,-387
106000029,822,1648,-826
106000030,879,323,556
106000034,169,663,-494
106000035,787,976,-189
106000036,473,410,63
106000037,1697,1656,41
106000038,529,60,469
106000039,209,45,164
106000040,211,827,-616
106000041,724,305,419
106000043,474,83,391
106000046,319,49,270
106000047,38,438,-400
106000049,505,144,361
106000050,232,1087,-855
106000051,441,435,6
106000052,57,803,-746
106000053,164,103,61
106000054,309,478,-169
106000055,623,1039,-416
106000056,288,561,-273
106000057,203,192,11
106000058,151,242,-91
106000059,201,249,-48
106000060,632,715,-83
106000061,176,433,-257
106000062,134,720,-586
106000063,481,474,7
106000064,39,532,-493
106000065,230,246,-16
106000066,84,465,-381
106000067,204,138,66
106000068,46,773,-727
106000069,127,116,11
106000070,294,957,-663
106000071,670,409,261
106000072,4795,1526,3269
106000073,2099,2203,-104
106000074,337,743,-406
106000075,264,1126,-862
106000076,1370,1805,-435
106000077,3167,1444,1723
106000078,613,1083,-470
106000079,539,1082,-543
106000080,961,971,-10
106000081,491,1113,-622
106000082,2614,1127,1487
106000083,366,1295,-929
106000084,906,710,196
106000085,1536,1189,347
106000086,649,783,-134
106000087,781,691,90
106000088,346,779,-433
106000089,796,605,191
106000090,239,660,-421
106000091,259,774,-515
106000092,629,285,344
106000093,205,83,122
106000094,127,501,-374
106000095,433,1532,-1099
106000096,652,845,-193
106000097,672,1762,-1090
106000098,539,1085,-546
106000099,159,1066,-907
106000100,1075,342,733
106000101,2152,334,1818
106000102,279,704,-425
106000103,196,721,-525
106000104,903,442,461
106000105,396,1017,-621
106000106,474,467,7
106000107,64,592,-528
106000108,156,368,-212
106000109,108,393,-285
106000110,136,401,-265
106000111,125,748,-623
106000112,152,426,-274
106000113,1156,765,391
106000114,357,431,-74
106000115,127,609,-482
106000116,169,276,-107
106000117,948,940,8
106000118,925,1058,-133
106000119,2735,1334,1401
106000120,727,848,-121
106000121,168,280,-112
106000122,69,434,-365
106000123,204,336,-132
106000124,34,417,-383
106000125,28,437,-409
106000126,103,221,-118
106000127,528,1166,-638
106000128,397,364,33
106000129,313,900,-587
106000130,484,435,49
106000131,156,789,-633
106000132,915,142,773
106000133,4470,1156,3314
106000134,935,2070,-1135
106000135,220,1035,-815
106000136,598,634,-36
106000137,61,1745,-1684
106000138,667,64,603
106000139,39,149,-110
106000140,20,96,-76
106000141,54,156,-102
106000142,49,101,-52
106000143,18,142,-124
106000144,21,102,-81
106000145,130,428,-298
106000146,226,246,-20
106000147,361,770,-409
106000148,573,890,-317
106000149,446,496,-50
106000150,330,1822,-1492
106000151,5396,835,4561
106000152,1696,1329,367
106000153,87,1530,-1443
106000154,1651,279,1372
106000155,49,241,-192
106000156,490,365,125
106000157,503,2076,-1573
106000158,3365,732,2633
106000159,5518,1483,4035
106000160,244,1681,-1437
106000161,1486,613,873
106000162,141,631,-490
106000163,259,760,-501
106000164,225,411,-186
106000165,167,871,-704
106000166,343,359,-16
106000167,240,1747,-1507
106000168,239,289,-50
106000169,164,940,-776
106000170,341,318,23
106000171,108,1055,-947
106000172,1982,1053,929
106000173,688,3311,-2623
106000174,876,312,564
106000175,320,1370,-1050
106000176,959,748,211
106000177,778,2765,-1987
106000178,2460,1831,629
106000179,1155,2532,-1377
106000180,805,2272,-1467
106000181,403,2479,-2076
106000182,502,858,-356
106000183,682,1365,-683
106000184,770,1334,-564
106000185,583,1138,-555
106000186,832,195,637
106000187,311,851,-540
106000188,0,3,-3
106000189,3,58,-55
106000190,8,2,6
106000191,466,190,276
106000192,0,39,-39
106000193,403,203,200
106000194,142,370,-228
106000195,682,141,541
106000196,215,569,-354
106000197,298,421,-123
106000198,128,412,-284
106000199,940,648,292
106000200,497,154,343
106000201,531,1558,-1027
106000202,8540,665,7875
106000203,263,217,46
106000204,41,16,25
106000205,11,173,-162
106000206,85,20,65
106000207,32,935,-903
106000208,673,67,606
106000209,857,302,555
106000210,233,1567,-1334
106000211,354,1820,-1466
106000212,506,192,314
106000213,827,1605,-778
106000214,2775,451,2324
106000215,191,562,-371
106000216,243,337,-94
106000217,240,485,-245
106000218,397,353,44
106000219,133,321,-188
106000220,441,320,121
106000221,57,367,-310
106000222,45,181,-136
106000223,75,147,-72
106000224,143,418,-275
106000225,51,84,-33
106000226,106,388,-282
106000228,33,125,-92
106000229,98,966,-868
106000231,484,162,322
106000232,78,478,-400
106000233,424,183,241
106000234,85,277,-192
106000235,360,97,263
106000236,224,74,150
106000237,1,15,-14
106000238,15,8,7
106000239,5,137,-132
106000240,12,5,7
106000241,14,865,-851
106000242,178,17,161
106000249,32,124,-92
106000250,45,424,-379
106000251,45,15,30
106000252,40,120,-80
106000253,32,42,-10
106000254,41,86,-45
106000255,19,71,-52
106000256,64,108,-44
106000257,100,325,-225
106000258,164,12,152
106000259,3,40,-37
106000260,7,5,2
106000261,1,101,-100
106000262,26,26,0
106000263,7,111,-104
106000264,124,7,117
106000265,7,135,-128
106000266,103,10,93
106000267,10,106,-96
106000268,455,32,423
106000269,114,85,29
106000270,141,427,-286
106000271,43,218,-175
106000272,89,92,-3
106000273,9,220,-211
106000274,138,57,81
106000275,148,170,-22
106000276,145,69,76
106000277,110,104,6
106000278,167,45,122
106000279,3,71,-68
106000280,45,178,-133
106000281,92,113,-21
106000282,63,54,9
106000283,91,127,-36
106000284,38,147,-109
106000285,113,183,-70
106000286,62,153,-91
106000287,66,102,-36
106000288,71,164,-93
106000289,64,150,-86
106000290,45,113,-68
106000291,58,116,-58
106000292,61,145,-84
106000293,76,152,-76
106000294,119,113,6
106000295,43,65,-22
106000296,56,130,-74
106000297,87,287,-200
106000298,156,66,90
106000299,50,193,-143
106000300,51,135,-84
106000301,81,110,-29
106000303,11,73,-62
106000304,43,38,5
106000305,29,81,-52
106000306,32,97,-65
106000307,77,25,52
106000308,21,253,-232
106000309,29,89,-60
106000310,150,644,-494
106000311,224,123,101
106000312,56,248,-192
106000313,99,266,-167
106000318,205,282,-77
106000319,518,80,438
106000320,0,50,-50
106000321,442,83,359
106000322,90,246,-156
106000324,2,260,-258
106000325,1019,903,116
106000326,936,2385,-1449
106000327,49,189,-140
106000328,5,100,-95
106000329,35,373,-338
106000330,55,47,8
106000428,19,165,-146
106000429,88,685,-597
106000430,323,1688,-1365
106000431,1188,292,896
106000432,1678,3150,-1472
106000433,1408,746,662
106000434,2456,902,1554
106000435,2256,2817,-561
106000436,26,354,-328
106000437,161,32,129
106000438,374,156,218
106000439,34,613,-579
106000440,324,528,-204
106000441,2,1,1
106000442,142,5,137
106000443,90,639,-549
106000450,4,284,-280
106000451,38,28,10
106000454,2,156,-154
106000455,16,154,-138
106000456,104,14,90
106000457,17,1431,-1414
106000458,271,203,68
106000459,45,580,-535
106000460,473,28,445
106000461,42,2511,-2469
106000462,0,24,-24
106000463,3,37,-34
106000464,2,766,-764
106000465,235,0,235
106000466,4,922,-918
106000467,487,656,-169
106000468,64,236,-172
106000469,279,1,278
106000470,246,1440,-1194
106000471,43,892,-849
106000472,54,7,47
106000473,18,27,-9
106000474,242,848,-606
106000475,148,130,18
106000476,188,142,46
106000477,8,50,-42
106000480,0,39,-39
106900001,0,9,-9
106900002,4,782,-778
106900003,291,1119,-828
106900004,1,53,-52
106900006,0,21,-21
106900007,1,10,-9
106900008,139,396,-257
106900009,169,534,-365
106900010,155,431,-276
106900012,2629,2004,625
106900013,644,65,579
106900014,25,2,23
106900015,11,0,11
106900016,182,2,180
106900017,7,0,7
106900018,0,0,0
106900019,57,3,54
106900020,3720,881,2839
106900021,16,66,-50
106900022,248,0,248
106900023,17,316,-299
106900024,475,23,452
106900025,76,921,-845
106900026,9,1061,-1052
106900027,292,0,292
107000001,3695,1886,1809
107000002,6183,4055,2128
107000003,3713,4901,-1188
107000004,5076,6745,-1669
107000005,1908,3989,-2081
107000006,3500,7381,-3881
107000007,4891,8024,-3133
107000008,18610,12660,5950
107000009,4647,5022,-375
107000010,11115,13365,-2250
107000011,1673,1315,358
107000012,5220,4702,518
107000013,41,157,-116
107000014,26,308,-282
107000015,325,980,-655
107000016,405,1384,-979
107000017,6931,1153,5778
107000018,66,609,-543
107000020,4371,666,3705
107000021,1347,948,399
107000022,1315,1925,-610
107000023,1818,364,1454
107000024,584,2510,-1926
107000025,141,396,-255
107000026,134,925,-791
107000027,838,1056,-218
107000028,1291,2101,-810
107000029,1844,2026,-182
107000030,3603,3982,-379
107000031,2502,2148,354
107000032,265,1141,-876
107000033,4186,6471,-2285
107000034,6102,2537,3565
107000035,276,201,75
107000036,416,1105,-689
107000037,64,654,-590
107000038,200,269,-69
107000039,749,663,86
107000040,126,376,-250
107000041,1458,687,771
107000042,894,1968,-1074
107000043,3735,1056,2679
107000044,789,423,366
107000045,146,282,-136
107000046,554,402,152
107000047,372,907,-535
107000048,484,338,146
107000049,579,831,-252
107000050,691,492,199
107000051,621,404,217
107000052,1050,821,229
107000053,263,141,122
107000054,74,370,-296
107000055,120,126,-6
107000056,454,985,-531
107000057,1820,223,1597
107000058,2148,2144,4
107000059,2366,3671,-1305
107000060,3216,5407,-2191
107000061,5853,4843,1010
107000062,2304,2876,-572
107000063,3918,7503,-3585
107000064,2730,2111,619
107000065,3427,6554,-3127
107000066,1605,2102,-497
107000067,794,1127,-333
107000068,1554,690,864
107000069,502,446,56
107000070,379,12,367
107000071,1502,21,1481
107000072,57,4740,-4683
107000073,253,139,114
107000074,145,1096,-951
107000075,889,342,547
107000076,936,2109,-1173
107000077,2184,673,1511
107000078,2058,4125,-2067
107000079,1486,595,891
107000080,1352,3940,-2588
107000081,840,513,327
107000082,542,3278,-2736
107000083,784,312,472
107000084,495,2938,-2443
107000085,2711,3150,-439
107000086,3848,3211,637
107000087,2227,1988,239
107000088,2684,3636,-952
107000089,1345,1879,-534
107000090,905,1126,-221
107000091,838,1044,-206
107000092,647,1294,-647
107000093,850,921,-71
107000094,777,1622,-845
107000095,445,635,-190
107000096,578,1302,-724
107000097,443,284,159
107000098,413,916,-503
107000099,561,271,290
107000100,304,460,-156
107000101,72,204,-132
107000102,381,443,-62
107000103,251,180,71
107000104,256,479,-223
107000105,286,136,150
107000106,121,418,-297
107000107,374,212,162
107000108,97,1010,-913
107000109,282,150,132
107000110,57,761,-704
107000111,109,42,67
107000112,32,472,-440
107000113,399,118,281
107000114,82,951,-869
107000115,338,83,255
107000116,113,1257,-1144
107000117,110,305,-195
107000118,227,336,-109
107000119,2162,1095,1067
107000120,3206,411,2795
107000121,477,712,-235
107000122,917,1105,-188
107000123,275,992,-717
107000124,395,1010,-615
107000125,526,1100,-574
107000126,672,1317,-645
107000129,117,1168,-1051
107000130,244,213,31
107000131,435,791,-356
107000132,361,325,36
107000133,750,123,627
107000134,249,1,248
107000135,15,252,-237
107000136,718,9,709
107000137,17,415,-398
107000138,357,24,333
107000139,17,408,-391
107000140,766,72,694
107000141,97,894,-797
107000142,216,39,177
107000143,73,1078,-1005
107000144,229,334,-105
107000145,134,660,-526
107000146,151,208,-57
107000147,3000,773,2227
107000150,955,2416,-1461
107000151,27,52,-25
107000152,537,498,39
107000153,437,635,-198
107000154,191,104,87
107000155,545,36,509
107000156,897,44,853
107000157,68,2995,-2927
107000158,312,18,294
107000159,37,1780,-1743
107000160,539,115,424
107000161,108,2573,-2465
107000162,144,324,-180
107000163,28,5,23
107000164,165,2,163
107000165,467,6,461
107000166,58,1842,-1784
107000167,321,338,-17
107000168,579,296,283
107000169,1153,1216,-63
107000170,1029,505,524
107000171,601,3448,-2847
107000172,527,754,-227
107000173,903,1493,-590
107000174,842,3333,-2491
107000175,12274,1881,10393
107000176,4,4,0
107000177,1,2,-1
107000178,3,55,-52
107000179,238,3844,-3606
107000180,770,420,350
107000181,343,1670,-1327
107000182,1035,1056,-21
107000183,118,1280,-1162
107000184,525,883,-358
107000185,446,1695,-1249
107000186,787,371,416
107000187,989,1448,-459
107000188,440,597,-157
107000189,402,1023,-621
107000190,406,1021,-615
107000191,425,1072,-647
107000192,1033,1163,-130
107000193,309,432,-123
107000194,845,904,-59
107000197,598,235,363
107000198,243,957,-714
107000199,682,763,-81
107000200,1064,621,443
107000201,287,256,31
107000202,208,506,-298
107000203,871,553,318
107000204,1115,624,491
107000205,3161,1352,1809
107000206,1034,1197,-163
107000207,912,1330,-418
107000208,1780,410,1370
107000209,2698,752,1946
107000210,1585,401,1184
107000211,3,12,-9
107000212,15,379,-364
107000213,9,21,-12
107000214,9,183,-174
107000215,312,537,-225
107000216,174,544,-370
107000217,120,172,-52
107000219,51,101,-50
107000220,125,370,-245
107000222,249,978,-729
107000224,401,92,309
107000225,211,876,-665
107000226,246,89,157
107000227,91,597,-506
107000228,88,139,-51
107000229,246,191,55
107000230,1022,537,485
107000231,2723,570,2153
107000232,105,94,11
107000233,2116,603,1513
107000234,2,11,-9
107000235,85,6,79
107000236,20,708,-688
107000237,4,1,3
107000238,29,4,25
107000239,6436,541,5895
107000240,85,1507,-1422
107000241,131,31,100
107000242,765,55,710
107000243,1,67,-66
107000244,11,73,-62
107000246,6,1414,-1408
107000249,3,1369,-1366
107000251,2,342,-340
107000252,8,1804,-1796
107000255,847,139,708
107000257,1,696,-695
107000258,0,253,-253
107000259,1,282,-281
107000260,184,2,182
107000262,10,958,-948
107000263,111,4,107
107000266,6,9,-3
107000267,64,203,-139
107000268,130,213,-83
107000269,240,20,220
107000270,4,28,-24
107000271,4,1364,-1360
107000272,8,347,-339
107000273,1,322,-321
107000274,2759,336,2423
107000275,183,1162,-979
107000280,388,26,362
107000281,33,1534,-1501
107000282,66,1697,-1631
107000290,9,39,-30
107000291,20,11,9
107000292,0,49,-49
107000293,140,5,135
107000294,0,32,-32
107000295,44,7,37
107000296,0,17,-17
107000444,173,4,169
107000496,3,20,-17
107000497,1398,3751,-2353
107000500,268,451,-183
107000501,51,224,-173
107000502,179,433,-254
107000505,829,879,-50
107000506,0,54,-54
107000508,7,963,-956
107000509,190,625,-435
107000510,23,13,10
107000514,16,250,-234
107000515,21,393,-372
107000516,206,189,17
107000518,754,501,253
107000519,4705,1298,3407
107000520,49,9,40
107000521,269,632,-363
107000522,429,941,-512
107900001,17,309,-292
107900002,15,2,13
107900003,93,5,88
107900004,60,2,58
107900005,518,3,515
107900006,86,0,86
107900007,113,17,96
107900008,45,46,-1
107900009,138,4,134
107900010,12,0,12
107900012,277,17,260
107900013,270,85,185
107900014,18,5,13
107900015,419,2,417
107900016,634,142,492
107900017,10,6,4
107900018,40,47,-7
107900019,11,98,-87
107900020,96,8,88
107900021,16,185,-169
107900023,1,3,-2
107900024,0,33,-33
107900025,211,468,-257
107900026,24,132,-108
107900027,35,116,-81
107900028,17,115,-98
107900030,154,19,135
107900031,62,246,-184
107900032,5,5,0
107900033,18,4,14
107900034,257,19,238
107900035,461,18,443
107900036,14,10,4
107900037,0,61,-61
107900038,158,125,33
107900039,6,82,-76
107900040,52,121,-69
107900041,1,1,0
107900043,51,201,-150
107900044,2,5,-3
107900045,70,13,57
107900046,81,86,-5
107900047,14,125,-111
107900048,90,8,82
107900049,362,2220,-1858
107900050,85,405,-320
107900051,65,124,-59
107900052,11,58,-47
107900053,15,84,-69
107900055,673,307,366
107900056,132,25,107
107900057,0,0,0
107900058,23,952,-929
107900060,11,54,-43
107900061,27,2,25
107900063,73,127,-54
107900064,333,46,287
107900065,99,13,86
107900066,5,8,-3
107900067,0,0,0
107900068,126,257,-131
107900069,19,816,-797
107900070,49,25,24
107900071,27,1245,-1218
107900072,45,266,-221
107900073,47,111,-64
107900074,1185,138,1047
107900076,116,109,7
107900077,18,2,16
107900078,225,26,199
107900079,4,21,-17
107900080,125,260,-135
107900081,6,90,-84
107900082,31,22,9
107900083,238,130,108
107900084,52,172,-120
107900086,52,104,-52
107900087,400,69,331
107900088,5,9,-4
107900089,366,1306,-940
107900090,492,1143,-651
107900091,194,612,-418
107900092,2297,560,1737
107900093,58,75,-17
107900095,3041,1220,1821
107900097,24,96,-72
107900098,53,240,-187
107900100,1328,839,489
107900101,1275,158,1117
107900102,1,2,-1
107900103,41,212,-171
107900104,155,6,149
107900105,0,610,-610
107900106,2,1654,-1652
107900107,1763,249,1514
107900108,359,90,269
107900109,535,9,526
107900110,12,154,-142
107900111,5,1467,-1462
107900112,77,316,-239
107900113,84,123,-39
107900114,71,264,-193
107900115,1,46,-45
107900116,61,293,-232
107900117,227,587,-360
107900118,55,233,-178
107900119,43,235,-192
107900120,20,5,15
107900121,2,146,-144
107900122,0,60,-60
107900123,1,27,-26
107900124,11,71,-60
107900125,21,195,-174
107900126,1,25,-24
107900127,645,127,518
107900128,130,78,52
107900129,26,60,-34
107900130,40,26,14
107900131,612,52,560
107900132,135,589,-454
107900133,3,107,-104
107900134,28,25,3
107900135,2,197,-195
107900136,70,31,39
107900137,97,95,2
107900138,37,40,-3
107900139,16,43,-27
107900140,157,62,95
107900141,31,38,-7
107900142,66,1192,-1126
107900143,70,48,22
107900144,1,205,-204
107900145,10,131,-121
107900146,52,157,-105
107900147,51,25,26
107900148,148,211,-63
107900149,2177,250,1927
107900150,89,971,-882
107900151,6,128,-122
107900152,16,388,-372
107900153,152,225,-73
107900154,14,12,2
107900155,33,29,4
107900156,4,577,-573
107900157,29,82,-53
107900158,380,18,362
107900159,34,1332,-1298
107900160,39,209,-170
107900161,10,280,-270
107900162,0,182,-182
107900163,83,37,46
107900164,16,28,-12
107900165,1,70,-69
107900166,7,391,-384
107900167,16,44,-28
107900168,17,66,-49
107900169,0,202,-202
107900171,6,2428,-2422
107900172,3,412,-409
107900173,16,254,-238
107900174,35,8,27
107900175,17,41,-24
107900176,8,42,-34
107900177,4,256,-252
107900178,1,283,-282
107900179,13,153,-140
107900180,1194,274,920
107900181,336,549,-213
107900182,7,1846,-1839
107900183,20,468,-448
107900184,39,288,-249
107900185,27,2,25
107900186,10,35,-25
107900187,0,148,-148
107900188,838,92,746
107900189,11,152,-141
107900190,129,33,96
107900191,40,166,-126
107900193,5,29,-24
107900194,143,4,139
107900195,4777,554,4223
107900196,48,96,-48
107900197,1068,145,923
107900199,4,1219,-1215
107900201,43,129,-86
107900203,34,77,-43
107900204,274,234,40
107900205,178,500,-322
107900206,494,189,305
107900207,7,881,-874
107900208,9,1005,-996
107900209,438,126,312
107900210,62,163,-101
107900213,758,522,236
107900214,5,212,-207
107900215,239,392,-153
107900216,81,41,40
107900217,31,69,-38
107900218,7,2049,-2042
107900219,27,185,-158
107900220,204,127,77
107900221,195,242,-47
107900223,101,710,-609
107900224,177,392,-215
107900225,3,1147,-1144
107900226,58,110,-52
107900227,91,548,-457
107900228,7,128,-121
107900229,7,425,-418
107900230,7,181,-174
107900231,13,271,-258
107900232,31,258,-227
107900233,9,189,-180
107900234,36,210,-174
107900235,40,116,-76
107900236,42,115,-73
107900237,115,560,-445
107900238,20,127,-107
107900239,1435,442,993
107900240,10,230,-220
107900241,4,129,-125
107900242,6,388,-382
107900243,1,55,-54
107900244,133,2,131
107900245,178,44,134
107900246,79,5,74
107900248,204,697,-493
107900249,294,14,280
107900250,0,711,-711
107900251,56,1503,-1447
107900252,586,21,565
107900253,89,11,78
107900254,60,651,-591
107900255,462,49,413
107900256,3098,856,2242
107900257,108,96,12
107900258,67,291,-224
107900259,101,857,-756
107900261,2,588,-586
107900262,19,164,-145
107900264,109,4,105
107900265,61,237,-176
107900267,99,33,66
107900268,54,17,37
107900269,1,9,-8
107900270,0,2,-2
107900271,8,6,2
107900272,196,9,187
107900273,15,92,-77
107900274,33,3,30
107900275,12,0,12
107900276,2,117,-115
107900277,1,282,-281
107900278,161,374,-213
107900279,188,105,83
107900280,2300,1608,692
107900281,3674,1104,2570
107900282,60,199,-139
107900283,1501,336,1165
107900284,155,973,-818
107900285,47,152,-105
107900286,117,104,13
107900287,78,161,-83
107900290,1,52,-51
107900291,304,10,294
107900292,99,403,-304
107900293,43,700,-657
107900295,49,136,-87
107900297,9,344,-335
107900298,789,1192,-403
107900299,4492,1872,2620
107900300,32,253,-221
107900301,442,277,165
107900302,82,27,55
107900303,53,371,-318
107900304,155,726,-571
107900305,132,11,121
107900306,21,8,13
107900307,35,295,-260
107900308,245,70,175
107900309,14,0,14
107900310,0,0,0
107900311,385,119,266
107900312,2,0,2
107900313,0,83,-83
107900314,3,58,-55
107900315,0,60,-60
107900316,29,4,25
107900317,43,10,33
107900318,4,194,-190
107900319,6,312,-306
107900320,0,210,-210
107900321,100,6,94
107900322,5,228,-223
107900323,12,209,-197
107900324,141,4,137
107900325,33,1,32
107900326,144,600,-456
107900327,31,0,31
107900328,0,0,0
107900329,0,0,0
107900330,5,861,-856
107900331,103,26,77
107900332,115,25,90
107900333,35,19,16
107900334,8,355,-347
107900335,63,69,-6
107900336,16,26,-10
107900337,1674,469,1205
107900338,1,123,-122
107900339,0,18,-18
107900340,2,59,-57
107900341,22,1,21
107900342,70,181,-111
107900343,42,2,40
107900344,3,74,-71
107900345,49,17,32
107900346,21,2,19
107900347,30,1,29
107900348,5,0,5
107900349,12,2,10
107900350,33,332,-299
108000001,2190,3103,-913
108000002,2558,3737,-1179
108000003,3049,1775,1274
108000004,18243,18891,-648
108000005,5264,2949,2315
108000006,6869,7555,-686
108000007,3913,3179,734
108000008,5261,6863,-1602
108000009,2342,2846,-504
108000010,2763,5789,-3026
108000011,10722,8199,2523
108000012,22880,18576,4304
108000014,659,527,132
108000015,422,311,111
108000016,147,695,-548
108000017,581,344,237
108000018,1127,484,643
108000019,1668,610,1058
108000020,1040,413,627
108000021,468,1924,-1456
108000022,511,1813,-1302
108000023,838,221,617
108000024,110,936,-826
108000025,148,251,-103
108000026,285,708,-423
108000027,334,560,-226
108000028,230,344,-114
108000029,224,637,-413
108000030,363,211,152
108000031,165,648,-483
108000032,823,515,308
108000033,588,1504,-916
108000034,1089,358,731
108000035,1021,3276,-2255
108000036,298,1782,-1484
108000037,1309,350,959
108000038,1526,396,1130
108000039,484,3288,-2804
108000040,1062,653,409
108000041,776,3595,-2819
108000042,109,276,-167
108000043,143,392,-249
108000044,237,166,71
108000045,206,935,-729
108000046,832,303,529
108000047,368,1549,-1181
108000048,128,574,-446
108000049,420,235,185
108000050,105,612,-507
108000051,177,87,90
108000052,354,890,-536
108000053,212,85,127
108000054,522,990,-468
108000055,737,320,417
108000056,838,1068,-230
108000057,474,725,-251
108000058,1859,2571,-712
108000059,4360,2224,2136
108000060,122,325,-203
108000061,163,349,-186
108000062,485,352,133
108000063,357,802,-445
108000064,100,236,-136
108000065,386,897,-511
108000066,1666,717,949
108000067,1340,486,854
108000068,570,302,268
108000069,171,1258,-1087
108000070,1148,611,537
108000071,525,2395,-1870
108000072,1193,897,296
108000073,1606,2576,-970
108000074,272,314,-42
108000075,311,1052,-741
108000076,595,402,193
108000077,660,963,-303
108000078,1538,1314,224
108000079,1065,2292,-1227
108000080,605,563,42
108000081,543,3125,-2582
108000082,1137,2241,-1104
108000083,1363,733,630
108000084,447,1655,-1208
108000085,312,310,2
108000086,1059,1161,-102
108000087,133,1283,-1150
108000088,134,7,127
108000089,268,370,-102
108000090,184,109,75
108000091,89,707,-618
108000092,74,113,-39
108000093,101,1151,-1050
108000094,408,137,271
108000095,132,714,-582
108000096,210,187,23
108000097,106,753,-647
108000098,719,1569,-850
108000099,135,93,42
108000100,22,198,-176
108000101,718,1015,-297
108000102,1182,2060,-878
108000106,940,5,935
108000107,1,821,-820
108000108,500,50,450
108000109,6,1019,-1013
108000110,127,276,-149
108000111,144,870,-726
108000112,17,121,-104
108000113,502,422,80
108000115,568,437,131
108000117,939,328,611
108000118,143,102,41
108000119,765,519,246
108000120,85,633,-548
108000121,150,702,-552
108000122,333,327,6
108000123,383,333,50
108000124,197,707,-510
108000125,165,421,-256
108000126,84,752,-668
108000127,269,459,-190
108000128,346,1017,-671
108000129,173,1769,-1596
108000130,248,348,-100
108000131,621,253,368
108000132,1905,1701,204
108000133,566,498,68
108000134,645,843,-198
108000135,721,293,428
108000136,891,1356,-465
108000137,195,457,-262
108000138,224,1294,-1070
108000139,126,396,-270
108000140,31,26,5
108000141,15,222,-207
108000142,31,156,-125
108000143,20,50,-30
108000144,8,9,-1
108000145,18,43,-25
108000146,36,9,27
108000147,14,74,-60
108000148,14,3,11
108000149,9,35,-26
108000150,13,4,9
108000151,38,5,33
108000152,107,789,-682
108000153,231,127,104
108000154,39,24,15
108000155,17,12,5
108000156,447,129,318
108000157,124,450,-326
108000158,77,590,-513
108000159,665,154,511
108000160,6092,718,5374
108000161,5614,1331,4283
108000165,4,108,-104
108000172,1,211,-210
108000173,3467,1386,2081
108000175,97,82,15
108000178,438,485,-47
108000179,205,584,-379
108000181,43,41,2
108000182,147,20,127
108000183,19,20,-1
108000184,1422,1567,-145
108000185,117,978,-861
108000186,65,70,-5
108000187,75,1082,-1007
108000188,202,292,-90
108000189,739,688,51
108000190,37,128,-91
108000192,88,851,-763
108000193,887,41,846
108000194,26,4,22
108000195,2,1377,-1375
108000196,184,166,18
108000198,374,434,-60
108000199,2,124,-122
108000200,134,942,-808
108000202,3,184,-181
108000203,89,1350,-1261
108000204,75,42,33
108000205,499,745,-246
108000339,1963,336,1627
108000364,231,180,51
108000365,35,427,-392
108000367,159,420,-261
108000368,13,71,-58
108000369,2070,131,1939
108000371,2,713,-711
108000372,293,2,291
108000373,113,221,-108
108000376,84,44,40
108000377,260,415,-155
108000378,8781,8145,636
108000379,43,194,-151
108000381,52,6,46
108000382,62,2,60
108000383,0,128,-128
108900001,226,1494,-1268
108900002,183,42,141
108900003,435,1316,-881
108900004,121,150,-29
108900005,29,136,-107
108900006,377,157,220
108900007,99,187,-88
108900008,46,128,-82
108900009,22,121,-99
108900010,95,164,-69
108900011,215,360,-145
108900012,186,559,-373
108900013,103,311,-208
108900014,19,82,-63
108900015,0,22,-22
108900016,0,288,-288
108900017,133,189,-56
108900018,77,791,-714
108900019,16,1656,-1640
108900020,31,358,-327
108900021,62,344,-282
108900022,76,32,44
108900023,1,33,-32
108900024,21,218,-197
108900025,45,147,-102
108900026,6,100,-94
108900027,1,161,-160
108900028,29,558,-529
108900029,55,237,-182
108900030,1,146,-145
108900031,49,756,-707
108900032,7,369,-362
108900033,1,98,-97
108900034,0,343,-343
108900035,214,2191,-1977
108900036,220,451,-231
108900037,45,625,-580
108900038,1,555,-554
108900039,2,754,-752
108900040,2,155,-153
108900041,6458,2214,4244
108900042,4,314,-310
108900043,54,580,-526
108900044,5,890,-885
108900045,20,894,-874
108900046,40,1403,-1363
108900047,0,108,-108
108900048,81,1298,-1217
108900049,6819,743,6076
108900050,0,385,-385
108900051,3,303,-300
108900052,27,382,-355
108900053,120,120,0
108900054,38,291,-253
108900055,120,595,-475
108900056,1,222,-221
108900057,1,242,-241
108900058,15,574,-559
108900059,188,13,175
108900060,73,120,-47
108900061,53,27,26
108900062,5,462,-457
108900063,24,512,-488
108900064,53,63,-10
108900065,3,447,-444
108900066,166,117,49
108900067,26,297,-271
108900068,11,356,-345
108900069,32,154,-122
108900070,30,220,-190
108900071,55,69,-14
108900072,2932,293,2639
108900073,28,555,-527
108900074,60,652,-592
108900075,63,82,-19
108900076,189,100,89
108900077,140,659,-519
108900078,9,251,-242
108900079,1029,285,744
108900080,22,420,-398
108900081,69,294,-225
108900082,21,115,-94
108900083,13,175,-162
108900084,330,140,190
108900085,2907,173,2734
108900086,33,453,-420
108900087,148,296,-148
108900088,746,299,447
108900089,10,111,-101
108900090,14,644,-630
108900091,173,179,-6
108900092,259,255,4
108900093,62,75,-13
108900094,193,73,120
108900095,41,902,-861
108900096,519,44,475
108900097,210,246,-36
108900098,3894,443,3451
108900099,278,412,-134
108900100,125,184,-59
108900101,153,79,74
108900102,189,614,-425
108900103,49,75,-26
108900104,245,415,-170
108900105,6,609,-603
108900106,167,833,-666
108900108,164,72,92
108900109,140,39,101
108900110,114,736,-622
108900111,211,1036,-825
108900112,98,21,77
108900113,32,20,12
108900114,28,13,15
108900115,52,62,-10
108900116,25,3,22
108900117,75,19,56
108900118,344,2,342
108900119,113,37,76
108900120,156,123,33
108900121,223,42,181
108900122,54,19,35
108900123,62,56,6
108900124,291,106,185
108900125,220,3,217
108900126,62,9,53
108900127,98,33,65
108900128,66,23,43
108900129,406,85,321
108900130,150,0,150
108900131,218,3,215
108900132,317,51,266
108900133,122,42,80
108900134,132,317,-185
108900135,67,7,60
108900136,3,0,3
108900137,60,0,60
108900138,257,21,236
108900139,173,68,105
108900140,90,259,-169
108900141,123,8,115
108900142,63,1,62
108900143,16,0,16
108900144,37,0,37
108900145,61,6,55
108900146,39,0,39
108900147,75,0,75
108900148,50,29,21
108900149,505,480,25
108900150,159,2,157
108900151,41,1,40
108900152,43,7,36
108900153,45,690,-645
108900154,3272,396,2876
108900155,147,104,43
108900156,40,7,33
108900157,15,863,-848
108900158,160,24,136
108900159,7,531,-524
108900160,10,235,-225
108900161,8,592,-584
108900162,43,1,42
108900163,8,206,-198
108900164,25,93,-68
108900165,202,98,104
108900167,2259,2742,-483
108900168,11824,2273,9551
108900169,34,189,-155
108900171,11287,1874,9413
108900172,186,29,157
108900173,245,442,-197
108900174,346,516,-170
108900176,148,878,-730
108900177,10458,3289,7169
108900178,6440,2071,4369
108900179,395,873,-478
108900180,70,151,-81
108900182,19,174,-155
108900183,221,278,-57
108900184,407,272,135
108900185,43,388,-345
108900186,79,415,-336
108900187,166,75,91
108900188,333,40,293
108900189,205,177,28
108900190,52,4521,-4469
108900191,147,23,124
108900192,60,326,-266
108900193,361,61,300
108900194,11,449,-438
108900195,56,479,-423
108900196,34,835,-801
108900198,6,873,-867
108900199,160,329,-169
108900200,226,332,-106
108900201,294,1246,-952
108900203,282,37,245
108900204,272,7,265
108900205,127,13,114
108900206,226,29,197
108900207,145,36,109
108900208,27,439,-412
108900209,290,758,-468
108900210,169,271,-102
108900211,84,312,-228
108900212,901,760,141
108900215,119,739,-620
108900216,383,136,247
108900217,35,0,35
108900218,161,7,154
108900219,52,2,50
108900220,50,14,36
108900221,47,98,-51
108900222,100,10,90
108900223,20,39,-19
108900224,44,128,-84
108900225,3,220,-217
108900226,122,8,114
108900227,82,118,-36
108900230,458,378,80
108900231,76,305,-229
108900232,2,555,-553
108900233,295,64,231
108900234,177,92,85
108900235,233,821,-588
108900236,62,468,-406
108900237,42,354,-312
108900240,78,99,-21
108900241,23,21,2
108900245,6,674,-668
108900249,76,16,60
108900250,158,134,24
108900257,88,764,-676
108900258,18,333,-315
108900259,48,130,-82
108900260,4,146,-142
108900261,147,183,-36
108900262,324,146,178
108900263,44,308,-264
108900264,448,283,165
108900265,1580,236,1344
108900266,1506,281,1225
108900267,1,58,-57
108900268,1,4,-3
108900269,25,10,15
108900270,32,4,28
108900271,13,2,11
108900272,96,4,92
108900273,1136,388,748
108900274,10,60,-50
109000001,3522,1004,2518
109000002,3191,1504,1687
109000003,1910,623,1287
109000004,500,3039,-2539
109000005,1432,915,517
109000006,676,2604,-1928
109000007,948,789,159
109000008,366,2239,-1873
109000009,2861,1174,1687
109000010,1388,4823,-3435
109000011,1998,1451,547
109000012,1503,4583,-3080
109000013,2690,1897,793
109000014,1777,4776,-2999
109000015,2839,4101,-1262
109000016,11985,5044,6941
109000017,1514,1104,410
109000018,789,4079,-3290
109000019,1988,1138,850
109000020,1278,2610,-1332
109000023,208,16,192
109000024,6,153,-147
109000025,373,289,84
109000026,736,329,407
109000027,87,251,-164
109000028,85,114,-29
109000029,110,122,-12
109000030,82,780,-698
109000031,135,119,16
109000032,94,681,-587
109000033,229,109,120
109000034,65,42,23
109000035,26,33,-7
109000036,93,443,-350
109000037,137,687,-550
109000038,655,366,289
109000039,712,488,224
109000040,6758,3884,2874
109000041,6418,1231,5187
109000042,1111,1203,-92
109000044,218,70,148
109000045,78,510,-432
109000046,251,89,162
109000047,97,568,-471
109000048,686,167,519
109000049,225,588,-363
109000050,303,292,11
109000051,334,347,-13
109000052,382,2373,-1991
109000053,115,84,31
109000054,377,981,-604
109000055,135,233,-98
109000056,253,787,-534
109000057,428,244,184
109000058,657,266,391
109000059,472,850,-378
109000060,495,185,310
109000061,1673,563,1110
109000062,132,203,-71
109000063,166,254,-88
109000064,115,206,-91
109000065,91,377,-286
109000066,216,118,98
109000067,29,524,-495
109000068,434,5,429
109000069,755,25,730
109000070,4,906,-902
109000071,227,79,148
109000072,85,403,-318
109000073,28,62,-34
109000074,30,288,-258
109000075,71,472,-401
109000076,59,138,-79
109000077,371,314,57
109000078,67,114,-47
109000079,145,320,-175
109000080,78,137,-59
109000081,75,768,-693
109000082,283,375,-92
109000083,136,1087,-951
109000088,164,606,-442
109000089,209,19,190
109000090,115,574,-459
109000091,168,110,58
109000092,356,764,-408
109000093,139,148,-9
109000094,189,2,187
109000095,102,920,-818
109000096,412,182,230
109000097,64,163,-99
109000098,27,78,-51
109000099,473,432,41
109000100,142,706,-564
109000101,785,1187,-402
109000102,245,1023,-778
109000103,245,628,-383
109000104,802,773,29
109000105,361,1902,-1541
109000106,1105,620,485
109000107,438,2499,-2061
109000108,1073,490,583
109000109,349,2403,-2054
109000110,1041,404,637
109000111,1025,2823,-1798
109000112,306,189,117
109000113,183,201,-18
109000114,165,428,-263
109000115,869,43,826
109000116,3,198,-195
109000117,74,112,-38
109000118,7,411,-404
109000119,656,420,236
109000120,122,1647,-1525
109000121,176,64,112
109000122,81,1611,-1530
109000123,8,115,-107
109000124,308,358,-50
109000125,467,360,107
109000126,270,1249,-979
109000127,430,147,283
109000128,358,3074,-2716
109000129,1161,524,637
109000130,566,3637,-3071
109000131,591,280,311
109000132,650,2270,-1620
109000133,282,1169,-887
109000134,660,1925,-1265
109000135,1048,1504,-456
109000136,217,538,-321
109000137,157,310,-153
109000138,347,656,-309
109000139,310,484,-174
109000140,78,587,-509
109000141,242,485,-243
109000142,87,744,-657
109000143,69,65,4
109000145,67,227,-160
109000146,52,83,-31
109000148,5030,1104,3926
109000149,43,55,-12
109000150,69,248,-179
109000155,358,558,-200
109000156,1278,1168,110
109000158,111,260,-149
109000159,102,877,-775
109000160,479,314,165
109000161,207,1748,-1541
109000162,1294,1196,98
109000163,811,2146,-1335
109000164,807,3126,-2319
109000165,833,635,198
109000166,411,160,251
109000167,99,1311,-1212
109000170,73,50,23
109000171,59,48,11
109000172,36,62,-26
109000173,10,67,-57
109000174,27,102,-75
109000175,39,119,-80
109000176,153,301,-148
109000177,19,177,-158
109000178,471,574,-103
109000179,9328,2899,6429
109000180,5918,3000,2918
109000181,6,43,-37
109000182,18,42,-24
109000183,8,68,-60
109000184,28,27,1
109000185,12,101,-89
109000188,464,3524,-3060
109000189,1687,1029,658
109000190,402,611,-209
109000191,180,721,-541
109000192,144,285,-141
109000193,100,495,-395
109000194,77,147,-70
109000195,77,564,-487
109000196,203,110,93
109000197,129,653,-524
109000198,158,76,82
109000199,82,620,-538
109000206,149,17,132
109000207,77,35,42
109000208,83,49,34
109000209,203,79,124
109000210,139,643,-504
109000211,290,418,-128
109000214,193,683,-490
109000215,81,65,16
109000216,160,129,31
109000217,171,71,100
109000218,289,160,129
109000221,301,1462,-1161
109000222,523,110,413
109000223,172,256,-84
109000224,42,326,-284
109000225,47,56,-9
109000226,39,359,-320
109000227,803,1919,-1116
109000228,1,329,-328
109000231,5,619,-614
109000232,226,557,-331
109000236,229,908,-679
109000241,1254,2288,-1034
109000242,1072,1497,-425
109000293,21,41,-20
109000361,80,270,-190
109000364,234,875,-641
109000396,6,1142,-1136
109000397,279,10,269
109000399,83,679,-596
109000400,32,381,-349
109000403,51,332,-281
109000406,155,6,149
109000407,163,287,-124
109000408,2,903,-901
109000410,685,153,532
109000411,97,34,63
109900001,79,0,79
109900002,433,14,419
109900003,89,0,89
109900004,533,288,245
109900005,15,6,9
109900006,256,340,-84
109900007,366,1057,-691
109900008,0,28,-28
109900009,90,1160,-1070
109900010,279,21,258
109900011,53,41,12
109900012,163,168,-5
109900013,232,120,112
109900014,166,44,122
109900015,347,133,214
109900016,99,75,24
109900017,89,107,-18
109900018,124,183,-59
109900019,87,85,2
109900020,21,11,10
109900021,11,2,9
109900022,52,420,-368
109900023,6,1,5
109900024,4,0,4
109900025,6,109,-103
109900026,0,219,-219
109900027,26,11,15
109900028,3114,460,2654
109900029,6,781,-775
109900030,16,2,14
109900031,0,83,-83
109900032,7,320,-313
109900033,2,688,-686
109900034,8,0,8
109900035,4,10,-6
109900036,17,113,-96
109900037,13,666,-653
109900038,74,345,-271
109900039,5,0,5
109900040,9,802,-793
109900041,43,646,-603
109900042,23,581,-558
109900044,104,390,-286
109900045,30,53,-23
109900046,14,48,-34
109900047,356,363,-7
109900048,6,93,-87
109900049,3,14,-11
109900050,1,312,-311
109900051,0,46,-46
109900052,56,358,-302
109900053,6,654,-648
109900054,280,140,140
109900055,43,327,-284
109900056,14,132,-118
109900057,2,254,-252
109900058,0,130,-130
109900059,322,104,218
109900060,338,227,111
109900061,102,344,-242
109900062,1,385,-384
109900063,5,365,-360
109900064,249,357,-108
109900065,115,129,-14
109900066,245,1298,-1053
109900067,0,659,-659
109900068,32,2,30
109900069,0,42,-42
109900070,37,355,-318
109900071,2,40,-38
109900072,27,158,-131
109900073,191,1120,-929
109900074,7,60,-53
109900075,21,18,3
109900076,14,349,-335
109900077,18,43,-25
109900078,148,481,-333
109900080,114,455,-341
109900081,11,115,-104
109900082,40,579,-539
109900083,5,46,-41
109900084,23,155,-132
109900085,138,1419,-1281
109900086,82,208,-126
109900087,301,395,-94
109900089,352,90,262
109900090,503,1588,-1085
109900091,123,80,43
109900092,1150,6,1144
109900093,420,89,331
109900094,28,99,-71
109900095,125,345,-220
109900096,10,1,9
109900097,71,0,71
109900098,199,28,171
109900099,114,1,113
109900100,21,0,21
109900101,249,8,241
109900102,261,29,232
109900103,11,54,-43
109900104,239,1521,-1282
109900105,251,28,223
109900106,358,81,277
109900107,392,97,295
109900108,86,914,-828
109900109,8,299,-291
109900110,46,665,-619
109900111,326,1623,-1297
109900112,447,1338,-891
109900113,451,358,93
109900114,800,490,310
109900115,91,114,-23
109900117,513,124,389
109900118,331,568,-237
109900119,505,267,238
109900120,62,16,46
109900121,370,214,156
109900122,200,4,196
109900123,13,177,-164
109900124,44,1093,-1049
109900125,4,277,-273
109900126,145,207,-62
109900128,122,55,67
109900130,14903,1562,13341
109900131,82,177,-95
109900132,45,263,-218
109900133,24,542,-518
109900134,38,76,-38
109900135,493,68,425
109900136,29,123,-94
109900137,57,507,-450
109900140,96,412,-316
109900142,682,334,348
109900145,1,148,-147
109900146,285,34,251
109900148,24,69,-45
109900149,46,51,-5
109900150,17,85,-68
109900151,4,43,-39
109900152,1,13,-12
109900153,0,62,-62
109900154,5,0,5
109900155,44,6,38
109900157,55,461,-406
109900158,53,161,-108
109900159,114,27,87
109900160,61,55,6
109900161,151,67,84
109900162,153,87,66
109900163,950,449,501
109900164,50,270,-220
109900165,180,6,174
109900166,0,212,-212
109900167,116,830,-714
109900168,134,734,-600
109900169,88,156,-68
109900170,236,443,-207
109900171,91,74,17
109900172,108,148,-40
109900173,5481,1299,4182
109900174,27,242,-215
109900175,20,69,-49
109900176,67,222,-155
109900177,22,388,-366
109900178,5,134,-129
109900179,14,37,-23
109900180,7,5,2
110000001,602,639,-37
110000002,471,521,-50
110000003,1025,752,273
110000004,447,515,-68
110000005,655,1494,-839
110000006,724,357,367
110000007,122,158,-36
110000008,12,41,-29
110000009,9,50,-41
110000010,19,50,-31
110000011,12,115,-103
110000012,829,516,313
110000013,22,378,-356
110000014,664,417,247
110000015,272,467,-195
110000016,305,1115,-810
110000017,4416,271,4145
110000018,4334,517,3817
110000019,9,216,-207
110000020,560,276,284
110000021,759,487,272
110000022,965,237,728
110000023,9,181,-172
110000024,633,465,168
110000025,137,3,134
110000026,6,795,-789
110000027,654,378,276
110000028,674,745,-71
110000029,487,1168,-681
110000030,174,350,-176
110000031,186,727,-541
110000032,519,428,91
110000033,174,107,67
110000034,200,873,-673
110000035,533,1319,-786
110000036,686,954,-268
110000037,136,998,-862
110000038,164,643,-479
110000039,599,2011,-1412
110000040,282,650,-368
110000041,198,825,-627
110000042,73,459,-386
110000043,518,158,360
110000044,227,160,67
110000045,1657,89,1568
110000046,2,10,-8
110000047,11,10,1
110000048,4,12,-8
110000049,24,4,20
110000050,9,13,-4
110000051,15,13,2
110000052,23,20,3
110000053,87,2,85
110000054,152,346,-194
110000055,399,23,376
110000056,218,43,175
110000057,246,978,-732
110000058,634,702,-68
110000059,705,620,85
110000060,450,840,-390
110000061,1044,953,91
110000062,754,774,-20
110000063,23,93,-70
110000064,43,136,-93
110000065,32,83,-51
110000066,63,44,19
110000067,62,382,-320
110000068,129,692,-563
110000069,145,139,6
110000071,43,171,-128
110000073,2,38,-36
110000075,10,125,-115
110000076,292,341,-49
110000077,590,1087,-497
110000078,4,95,-91
110000080,217,758,-541
110000081,17,279,-262
110000082,17,256,-239
110000083,217,608,-391
110000084,608,479,129
110000085,3221,1535,1686
110000086,1350,1108,242
110000087,4,60,-56
110000088,28,223,-195
110000089,161,189,-28
110000090,106,375,-269
110000091,2178,343,1835
110000092,32,101,-69
110000093,22,4,18
110000094,534,256,278
110000095,93,560,-467
110000096,4394,1673,2721
110000097,800,841,-41
110000098,1512,542,970
110000099,888,1489,-601
110000100,314,1116,-802
110000101,12,632,-620
110000102,30,40,-10
110000104,129,92,37
110000105,32,334,-302
110000106,506,254,252
110000107,373,450,-77
110000108,140,47,93
110000109,343,307,36
110000110,5519,3257,2262
110000111,9914,2010,7904
110000112,1743,568,1175
110000113,853,1051,-198
110000114,126,379,-253
110000115,216,324,-108
110000116,26,40,-14
110000117,91,739,-648
110000118,324,316,8
110000119,179,502,-323
110000120,203,181,22
110000121,88,377,-289
110000122,253,653,-400
110000123,325,372,-47
110000124,3,836,-833
110000125,663,5,658
110000126,232,28,204
110000127,622,31,591
110000128,28,1872,-1844
110000129,8,662,-654
110000130,108,147,-39
110000131,120,427,-307
110000132,4,962,-958
110000133,42,317,-275
110000134,33,389,-356
110000135,160,38,122
110000136,29,401,-372
110000137,301,802,-501
110000138,429,1094,-665
110000139,587,1826,-1239
110000140,683,447,236
110000143,770,468,302
110000144,4828,1104,3724
110000145,1247,735,512
110000146,2286,875,1411
110000147,231,768,-537
110000148,291,437,-146
110000151,824,469,355
110000152,582,278,304
110000153,47,63,-16
110000154,47,10,37
110000155,2713,2499,214
110000156,671,1361,-690
110000157,1454,1704,-250
110000160,346,488,-142
110000161,114,537,-423
110000166,206,206,0
110000167,454,454,0
110000168,651,291,360
110000169,540,280,260
110000170,99,87,12
110000171,531,224,307
110000172,163,954,-791
110000173,1286,1413,-127
110000174,103,1654,-1551
110000175,296,94,202
110000176,89,257,-168
110000177,157,717,-560
110000178,537,844,-307
110000179,1752,415,1337
110000180,102,430,-328
110000181,241,496,-255
110000182,497,325,172
110000183,14205,5273,8932
110000184,869,1900,-1031
110000185,1990,718,1272
110000186,693,678,15
110000191,413,618,-205
110000192,257,3,254
110000193,338,3,335
110000194,15,1742,-1727
110000195,228,528,-300
110000196,253,678,-425
110000197,39,297,-258
110000198,78,103,-25
110000199,44,84,-40
110000200,1434,634,800
110000201,583,577,6
110000202,1150,445,705
110000203,638,1021,-383
110000204,6,524,-518
110000205,110,82,28
110000206,724,2287,-1563
110000207,423,364,59
110000208,247,116,131
110000209,102,1065,-963
110000210,435,645,-210
110000211,754,778,-24
110000212,408,897,-489
110000213,67,54,13
110000214,90,119,-29
110000215,78,816,-738
110000216,52,842,-790
110000217,175,270,-95
110000218,102,640,-538
110000219,163,74,89
110000220,21,599,-578
110000221,189,104,85
110000222,18,431,-413
110000223,1,103,-102
110000224,86,14,72
110000225,186,611,-425
110000226,142,63,79
110000227,597,424,173
110000228,404,353,51
110000229,0,317,-317
110000230,619,591,28
110000231,128,197,-69
110000232,137,247,-110
110000233,133,331,-198
110000234,843,532,311
110000235,1117,1043,74
110000236,293,991,-698
110000237,1945,1169,776
110000238,875,1513,-638
110000239,1088,1574,-486
110000240,0,118,-118
110000242,0,9,-9
110000243,55,217,-162
110000244,136,414,-278
110000245,24,493,-469
110000246,464,757,-293
110000247,1764,4740,-2976
110000248,2876,1623,1253
110000249,62,11,51
110000250,13,278,-265
110000251,117,567,-450
110000252,191,322,-131
110000253,945,468,477
110000254,693,1699,-1006
110000255,265,1542,-1277
110000256,436,224,212
110000257,505,477,28
110000258,8,679,-671
110000259,47,16,31
110000260,13,575,-562
110000263,688,111,577
110000264,186,734,-548
110000265,896,1443,-547
110000266,2290,2312,-22
110000267,15,258,-243
110000268,309,753,-444
110000269,1,113,-112
110000270,18,0,18
110000271,2281,270,2011
110000272,784,948,-164
110000273,3039,1658,1381
110000274,229,969,-740
110000275,3728,562,3166
110000276,139,263,-124
110000277,176,538,-362
110000278,210,968,-758
110000279,498,703,-205
110000280,209,485,-276
110000281,13,218,-205
110000282,280,55,225
110000283,91,109,-18
110000284,52,44,8
110000285,1,249,-248
110000286,37,0,37
110000287,36,3,33
110000288,2,96,-94
110000289,462,1307,-845
110000290,1395,629,766
110000291,7556,1534,6022
110000292,1124,3485,-2361
110000293,357,1350,-993
110000294,555,778,-223
110000295,77,1039,-962
110000296,186,376,-190
110000297,2707,303,2404
110000298,375,570,-195
110000299,611,29,582
110000301,243,14,229
110000302,220,1630,-1410
110000303,252,9,243
110000304,76,317,-241
110000305,560,16,544
110000306,125,2527,-2402
110000307,834,5,829
110000308,317,10,307
110000309,11,1738,-1727
110000310,441,71,370
110000311,29,1117,-1088
110000312,448,68,380
110000313,3257,2361,896
110000314,1,283,-282
110000315,3391,2102,1289
110000316,673,1318,-645
110000317,634,475,159
110000318,0,112,-112
110000319,10,19,-9
110000320,23,73,-50
110000321,10,60,-50
110000322,156,715,-559
110000323,255,357,-102
110000324,6178,1379,4799
110000325,2420,2094,326
110000327,425,261,164
110000328,192,766,-574
110000333,674,497,177
110000334,737,1736,-999
110000335,1086,749,337
110000336,453,1634,-1181
110000337,901,802,99
110000338,195,277,-82
110000339,128,294,-166
110000340,32,215,-183
110000341,224,654,-430
110000342,496,8,488
110000343,0,13,-13
110000344,85,186,-101
110000345,120,85,35
110000346,2521,1374,1147
110000347,960,810,150
110000348,0,3,-3
110000349,1,1,0
110000350,40,4,36
110000351,542,985,-443
110000352,381,1646,-1265
110000353,3574,811,2763
110000354,672,2318,-1646
110000355,87,77,10
110000356,757,10,747
110000357,237,14,223
110000361,13,103,-90
110000362,25,218,-193
110000363,183,151,32
110000364,114,423,-309
110000365,170,1,169
110000366,0,121,-121
110000367,274,300,-26
110000368,3,84,-81
110000369,36,3,33
110000373,4,406,-402
110000374,33,5,28
110000375,216,910,-694
110000376,37,79,-42
110000377,49,512,-463
110000378,54,332,-278
110000379,4485,1390,3095
110000380,62,10,52
110000383,0,918,-918
110000384,1796,679,1117
110000385,1,255,-254
110000387,35,8,27
110000388,29,278,-249
110000389,353,2,351
110000391,202,483,-281
110000396,69,142,-73
110000397,74,283,-209
110000398,3,53,-50
110000399,188,0,188
110000587,47,40,7
110000589,159,175,-16
110000640,109,120,-11
110000652,13,150,-137
110000653,123,569,-446
110000654,1,30,-29
110000656,2,776,-774
110000674,8,9,-1
110000675,49,14,35
110000676,9,58,-49
110000679,565,515,50
110000682,113,115,-2
110000683,365,583,-218
110000684,2,83,-81
110000685,5,15,-10
110000686,3,17,-14
110000687,16,2,14
110000688,46,603,-557
110000689,2,7,-5
110000692,83,337,-254
110000693,199,324,-125
110000694,0,118,-118
110000695,178,872,-694
110000696,123,181,-58
110900001,135,10,125
110900002,133,212,-79
110900003,265,1318,-1053
110900004,217,312,-95
110900005,4112,1108,3004
110900006,34,3,31
110900007,53,11,42
110900008,18,33,-15
110900009,267,31,236
110900010,4,79,-75
110900011,12,110,-98
110900012,9,178,-169
110900013,524,147,377
110900014,118,7,111
110900015,1137,443,694
110900016,24,211,-187
110900017,220,66,154
110900018,336,48,288
110900019,71,15,56
110900020,60,585,-525
110900021,63,793,-730
110900022,63,509,-446
110900023,122,753,-631
110900024,37,714,-677
110900025,8,55,-47
110900027,24,363,-339
110900028,16,292,-276
110900029,39,655,-616
110900030,9,518,-509
110900031,3,209,-206
110900032,2,138,-136
110900033,18,349,-331
110900035,26,371,-345
110900036,53,34,19
110900037,33,35,-2
110900038,1758,230,1528
110900039,10,271,-261
110900040,178,56,122
110900041,13,212,-199
110900042,46,62,-16
110900043,5,174,-169
110900044,308,18,290
110900045,37,733,-696
110900046,177,370,-193
110900047,780,122,658
110900049,69,54,15
110900050,5,3,2
110900051,37,235,-198
110900052,2,237,-235
110900053,49,56,-7
110900054,11,457,-446
110900055,18,1,17
110900056,79,128,-49
110900057,2,270,-268
110900058,90,353,-263
110900059,542,1009,-467
110900060,316,84,232
110900061,30,51,-21
110900062,74,393,-319
110900063,42,119,-77
110900064,16,0,16
110900065,460,114,346
110900066,5,95,-90
110900067,653,569,84
110900068,604,289,315
110900069,1,25,-24
110900071,313,339,-26
110900073,0,11,-11
110900074,178,74,104
110900075,209,96,113
110900077,373,477,-104
110900078,18,138,-120
110900079,2188,617,1571
110900080,46,69,-23
110900081,6,141,-135
110900082,61,319,-258
110900083,74,31,43
110900084,24,231,-207
110900085,61,531,-470
110900086,64,184,-120
110900087,149,78,71
110900088,13,0,13
110900090,31,24,7
110900091,2,99,-97
110900093,338,65,273
110900095,29,80,-51
110900097,5,20,-15
110900098,30,169,-139
110900099,76,737,-661
110900100,1,37,-36
110900102,33,29,4
110900105,905,517,388
110900108,8,161,-153
110900111,337,122,215
110900112,510,11,499
110900113,495,40,455
110900115,4,117,-113
110900116,401,3211,-2810
110900118,140,1405,-1265
110900119,7313,281,7032
110900120,9,153,-144
110900121,40,1,39
110900122,183,141,42
110900125,177,270,-93
110900127,488,622,-134
110900128,206,178,28
110900129,473,375,98
110900130,1591,311,1280
110900131,138,70,68
110900132,180,38,142
110900133,62,476,-414
110900135,112,723,-611
110900136,194,14,180
110900137,72,3,69
110900138,1112,376,736
110900139,21,50,-29
110900140,59,3,56
110900141,1,69,-68
110900142,60,209,-149
110900143,97,80,17
110900144,5,862,-857
110900145,104,21,83
110900146,544,60,484
110900147,252,295,-43
110900148,2,453,-451
110900149,1,90,-89
110900150,26,12,14
110900151,2,106,-104
110900152,17,484,-467
110900153,74,37,37
111000001,251,337,-86
111000002,453,692,-239
111000003,543,525,18
111000004,421,1061,-640
111000005,858,738,120
111000006,964,1401,-437
111000007,4559,1797,2762
111000008,3853,3887,-34
111000009,306,930,-624
111000010,450,231,219
111000011,425,1005,-580
111000012,572,317,255
111000013,284,1425,-1141
111000014,865,470,395
111000017,133,726,-593
111000018,218,430,-212
111000020,2642,2418,224
111000021,71,138,-67
111000023,84,163,-79
111000025,8393,2448,5945
111000029,51,170,-119
111000030,28,166,-138
111000031,2213,762,1451
111000032,478,193,285
111000033,299,132,167
111000034,357,191,166
111000037,3620,1441,2179
111000038,3459,2874,585
111000039,1554,2822,-1268
111000040,1389,2966,-1577
111000041,1797,2031,-234
111000042,7547,3395,4152
111000043,1850,1592,258
111000044,1172,697,475
111000045,1290,1728,-438
111000046,939,1217,-278
111000047,1471,2196,-725
111000049,382,557,-175
111000050,1957,1828,129
111000051,495,1240,-745
111000052,531,1536,-1005
111000053,368,1278,-910
111000054,240,1218,-978
111000055,1224,2407,-1183
111000056,106,831,-725
111000057,71,1094,-1023
111000058,162,122,40
111000059,192,270,-78
111000060,2165,602,1563
111000061,269,425,-156
111000062,490,285,205
111000063,1558,697,861
111000064,426,548,-122
111000065,781,737,44
111000066,256,243,13
111000067,365,738,-373
111000068,313,845,-532
111000069,1849,2411,-562
111000070,2507,1306,1201
111000071,270,1006,-736
111000072,608,320,288
111000073,156,521,-365
111000074,1320,1313,7
111000075,587,779,-192
111000076,346,927,-581
111000077,1011,1286,-275
111000078,1890,1260,630
111000079,1331,754,577
111000080,368,631,-263
111000081,2369,4697,-2328
111000082,474,784,-310
111000084,621,519,102
111000085,826,1875,-1049
111000086,3784,1492,2292
111000087,847,1020,-173
111000088,7275,1817,5458
111000089,535,970,-435
111000090,1087,1688,-601
111000091,614,868,-254
111000092,824,1234,-410
111000093,420,762,-342
111000094,1381,752,629
111000095,975,1798,-823
111000096,3048,6285,-3237
111000097,7706,1133,6573
111000098,538,1646,-1108
111000099,382,3118,-2736
111000100,277,2975,-2698
111000101,429,1120,-691
111000102,111,1018,-907
111000104,244,266,-22
111000107,46,915,-869
111000109,222,238,-16
111000110,895,586,309
111000111,1118,466,652
111000112,886,290,596
111000113,536,654,-118
111000114,1600,1391,209
111000115,8798,1007,7791
111000116,780,802,-22
111000117,375,901,-526
111000118,1455,1044,411
111000119,708,1816,-1108
111000120,365,580,-215
111000121,177,606,-429
111000122,414,1086,-672
111000123,747,3965,-3218
111000124,426,4692,-4266
111000125,194,2504,-2310
111000126,76,1113,-1037
111000127,475,178,297
111000128,813,331,482
111000129,1563,457,1106
111000130,1034,705,329
111000131,790,478,312
111000132,562,390,172
111000133,82,195,-113
111000134,82,134,-52
111000135,41,123,-82
111000136,214,312,-98
111000138,5,5,0
111000140,0,4,-4
111000141,162,406,-244
111000142,39,127,-88
111000143,2,83,-81
111000144,5,103,-98
111000145,305,3,302
111000146,22,10,12
111000147,270,35,235
111000148,136,117,19
111000149,4,35,-31
111000150,8,5,3
111000151,0,33,-33
111000153,588,720,-132
111000154,754,218,536
111000155,100,137,-37
111000156,396,386,10
111000157,133,528,-395
111000158,920,466,454
111000159,3039,657,2382
111000160,175,469,-294
111000161,4,264,-260
111000162,4,165,-161
111000163,331,907,-576
111000164,781,2803,-2022
111000165,1329,506,823
111000166,1850,384,1466
111000167,186,521,-335
111000168,171,516,-345
111000169,243,682,-439
111000170,473,504,-31
111000171,366,1174,-808
111000172,98,786,-688
111000173,223,1671,-1448
111000174,107,820,-713
111000175,38,296,-258
111000176,224,190,34
111000177,109,280,-171
111000178,613,385,228
111000179,89,257,-168
111000180,146,291,-145
111000181,464,314,150
111000182,119,234,-115
111000183,244,342,-98
111000184,297,238,59
111000185,346,552,-206
111000186,239,327,-88
111000187,75,333,-258
111000188,123,503,-380
111000189,1980,541,1439
111000190,168,670,-502
111000191,122,586,-464
111000192,214,776,-562
111000193,473,535,-62
111000194,34,479,-445
111000195,83,570,-487
111000196,22,404,-382
111000197,193,193,0
111000198,265,112,153
111000199,84,170,-86
111000200,132,331,-199
111000201,309,279,30
111000202,178,198,-20
111000203,218,171,47
111000204,321,478,-157
111000213,107,398,-291
111000214,1267,1849,-582
111000215,786,1539,-753
111000217,869,1093,-224
111000218,740,951,-211
111000219,281,211,70
111000220,3384,835,2549
111000221,628,216,412
111000224,53,314,-261
111000225,204,127,77
111000226,92,6,86
111000227,66,3,63
111000228,6,216,-210
111000229,27,443,-416
111000230,180,618,-438
111000231,526,1678,-1152
111000232,269,1006,-737
111000233,340,806,-466
111000234,64,231,-167
111000239,120,295,-175
111000240,13,100,-87
111000241,41,546,-505
111000242,55,58,-3
111000243,88,1033,-945
111000244,178,77,101
111000245,458,707,-249
111000246,213,679,-466
111000247,124,1312,-1188
111000248,288,399,-111
111000249,441,954,-513
111000250,19,186,-167
111000251,16,201,-185
111000253,11,14,-3
111000255,19,6,13
111000257,28,19,9
111000260,70,1516,-1446
111000261,515,88,427
111000271,58,335,-277
111000273,8019,1609,6410
111000274,1050,2406,-1356
111000275,101,75,26
111000276,283,3133,-2850
111000277,99,503,-404
111000278,563,216,347
111000291,469,2837,-2368
111000298,341,306,35
111000299,429,144,285
111000300,105,757,-652
111000302,237,60,177
111000303,98,429,-331
111000312,72,62,10
111000315,8,327,-319
111000320,345,819,-474
111000321,199,72,127
111000322,118,659,-541
111000323,58,26,32
111000324,342,350,-8
111000325,30,91,-61
111000326,87,480,-393
111000327,336,714,-378
111000328,173,428,-255
111000329,3,14,-11
111000330,13,8,5
111000331,33,9,24
111000332,337,1229,-892
111000334,416,1903,-1487
111000335,320,156,164
111000337,410,473,-63
111000338,26,126,-100
111000339,163,864,-701
111000340,78,1081,-1003
111000341,687,289,398
111000342,56,311,-255
111000344,710,747,-37
111000345,194,20,174
111000346,18,98,-80
111000347,39,1,38
111000350,133,179,-46
111000351,83,276,-193
111000352,110,163,-53
111000353,120,320,-200
111000354,542,160,382
111000355,655,775,-120
111000358,69,2188,-2119
111000360,87,1311,-1224
111000361,82,655,-573
111000546,320,757,-437
111000547,261,982,-721
111000548,54,179,-125
111000549,169,631,-462
111000550,72,400,-328
111000551,782,175,607
111000552,309,55,254
111000907,310,127,183
111000908,15,0,15
111000916,541,234,307
111000917,19,429,-410
111000918,124,1457,-1333
111000920,197,2,195
111000921,2,414,-412
111000922,200,352,-152
111000924,50,1517,-1467
111000925,1227,1475,-248
111000926,904,3039,-2135
111000927,2791,3101,-310
111000928,6547,4306,2241
111000929,776,827,-51
111000930,579,2551,-1972
111000931,1376,1591,-215
111000932,4280,2438,1842
111000933,3262,1758,1504
111000934,2443,3156,-713
111000935,680,984,-304
111000936,782,2372,-1590
111000937,536,1047,-511
111000938,1677,2644,-967
111000939,170,66,104
111000940,219,239,-20
111000941,154,906,-752
111000943,160,339,-179
111000944,75,745,-670
111000945,63,2905,-2842
111001109,259,174,85
111001110,164,712,-548
111001111,27,4,23
111001112,62,20,42
111001113,7,107,-100
111001114,1396,95,1301
111001115,116,334,-218
111001116,6631,1557,5074
111001117,754,889,-135
111001120,64,494,-430
111001121,141,352,-211
111001122,158,760,-602
111001123,62,101,-39
111001124,36,399,-363
111001125,0,12,-12
111900001,1,146,-145
111900002,7,1006,-999
111900003,5,561,-556
111900004,31,219,-188
111900006,5,27,-22
111900007,57,2,55
111900008,74,2,72
111900009,69,265,-196
111900010,272,611,-339
111900012,94,141,-47
111900013,14,145,-131
111900014,9184,2053,7131
111900015,1,80,-79
111900016,0,229,-229
111900017,0,232,-232
111900018,43,5,38
111900019,0,118,-118
111900020,3,71,-68
111900021,21,114,-93
111900022,16,65,-49
111900023,161,107,54
111900024,6,97,-91
111900025,0,50,-50
111900026,0,107,-107
111900027,7,174,-167
111900028,2,497,-495
111900029,0,106,-106
111900030,73,535,-462
111900031,2,27,-25
111900032,5,542,-537
111900033,14,140,-126
111900034,215,858,-643
111900035,28,257,-229
111900036,2,426,-424
111900038,351,824,-473
111900039,33,519,-486
111900040,4,880,-876
111900042,45,131,-86
111900043,6,613,-607
111900044,292,327,-35
111900046,41,305,-264
111900048,77,1010,-933
111900049,51,396,-345
111900050,37,11,26
111900051,1,426,-425
111900052,349,733,-384
111900053,1814,468,1346
111900054,79,3,76
111900055,24,920,-896
111900056,242,125,117
111900057,52,33,19
111900058,199,964,-765
111900059,3002,259,2743
111900060,190,3,187
111900061,16,415,-399
111900062,9,18,-9
111900063,102,300,-198
111900064,143,388,-245
111900065,19,4,15
111900066,92,103,-11
111900067,1,448,-447
111900068,19,29,-10
111900069,37,8,29
111900070,49,150,-101
111900071,2,383,-381
111900072,17,11,6
111900073,294,84,210
111900074,11,224,-213
111900075,23,0,23
111900076,59,21,38
111900077,21,0,21
111900078,135,12,123
111900079,32,13,19
111900080,200,119,81
111900082,77,14,63
111900083,32,2,30
111900084,14,2,12
111900085,20,62,-42
111900086,30,1,29
111900087,20,1,19
111900088,206,7,199
111900089,33,1,32
111900090,58,21,37
111900091,125,3,122
111900092,32,1,31
111900093,159,8,151
111900094,25,0,25
111900095,117,30,87
111900096,93,1,92
111900097,19,0,19
111900098,65,1,64
111900099,13,0,13
111900100,74,2,72
111900101,51,17,34
111900102,202,1053,-851
111900103,59,37,22
111900104,144,74,70
111900105,200,127,73
111900106,1881,73,1808
111900110,3968,241,3727
111900111,94,364,-270
111900112,1133,1036,97
111900113,338,66,272
111900118,184,48,136
111900119,156,39,117
111900122,67,17,50
111900123,19,12,7
111900124,40,166,-126
111900125,206,16,190
111900126,128,0,128
111900127,2,917,-915
111900128,2,774,-772
111900129,97,5,92
111900130,164,14,150
111900131,175,1,174
111900132,31,1643,-1612
111900133,4,554,-550
111900134,21,460,-439
111900135,4,19,-15
111900136,64,137,-73
111900137,52,66,-14
111900138,13,118,-105
111900139,19,224,-205
111900140,28,16,12
111900141,17,12,5
111900142,27,21,6
111900143,8,323,-315
111900144,0,136,-136
111900145,6,861,-855
111900146,5,457,-452
111900147,200,740,-540
111900148,30,1179,-1149
111900149,4,489,-485
111900150,10,242,-232
111900151,7,30,-23
111900152,109,45,64
111900153,1546,203,1343
111900154,12,126,-114
111900155,53,29,24
111900156,36,23,13
111900157,25,11,14
111900158,185,29,156
111900159,103,6,97
111900160,128,2,126
111900161,62,0,62
111900162,75,116,-41
111900163,43,356,-313
111900164,95,23,72
111901113,138,347,-209
111901114,125,577,-452
111901115,27,2,25
111901116,33,1,32
111901117,15,14,1
111901118,131,101,30
111901119,1951,144,1807
111901121,190,534,-344
111901122,4,786,-782
111901123,71,547,-476
111901124,82,0,82
111901125,169,196,-27
111901127,1272,268,1004
111901128,7,123,-116
111901129,3,219,-216
111901130,14,375,-361
111901131,6,471,-465
111901132,52,7,45
111901133,34,0,34
111901134,41,4,37
111901135,16,2,14
111901136,18,10,8
111901137,0,13,-13
111901138,86,33,53
111901139,35,66,-31
111901140,5,211,-206
111901141,17,297,-280
111901142,7,215,-208
111901143,2,133,-131
111901144,31,34,-3
111901145,161,160,1
111901146,408,11,397
112000001,1077,773,304
112000002,741,2849,-2108
112000003,551,893,-342
112000004,534,1937,-1403
112000005,1732,1865,-133
112000006,1436,2355,-919
112000007,1265,1231,34
112000008,1730,2992,-1262
112000009,4030,4037,-7
112000010,1774,2254,-480
112000011,1833,2652,-819
112000012,6408,1939,4469
112000013,6993,3670,3323
112000014,2903,807,2096
112000015,3364,2747,617
112000016,5874,972,4902
112000017,2617,1575,1042
112000024,2056,717,1339
112000026,4832,5849,-1017
112000027,739,364,375
112000028,1743,1943,-200
112000029,297,524,-227
112000030,211,166,45
112000031,1729,3096,-1367
112000032,609,57,552
112000033,2295,927,1368
112000034,211,46,165
112000035,98,325,-227
112000036,910,735,175
112000037,1653,943,710
112000038,1307,1051,256
112000039,28,86,-58
112000040,168,307,-139
112000041,493,572,-79
112000042,1089,327,762
112000050,694,1438,-744
112000051,598,687,-89
112000054,1757,2914,-1157
112000057,575,415,160
112000058,347,613,-266
112000059,827,566,261
112000061,5556,1949,3607
112000062,2946,656,2290
112000063,2114,854,1260
112000064,5042,6288,-1246
112000065,2570,3016,-446
112000066,3176,1022,2154
112000067,745,709,36
112000068,1870,1300,570
112000069,793,2664,-1871
112000070,1503,598,905
112000071,681,3728,-3047
112000072,994,932,62
112000073,1338,1996,-658
112000074,862,875,-13
112000075,933,1035,-102
112000076,3297,3265,32
112000077,305,773,-468
112000078,936,870,66
112000079,1009,1419,-410
112000080,480,1218,-738
112000081,1199,2133,-934
112000082,1056,769,287
112000083,526,1641,-1115
112000084,925,714,211
112000085,777,1428,-651
112000086,1138,1658,-520
112000087,217,588,-371
112000088,269,869,-600
112000089,224,405,-181
112000090,185,554,-369
112000091,615,1409,-794
112000092,1121,849,272
112000093,1371,1188,183
112000094,319,773,-454
112000095,405,910,-505
112000096,280,737,-457
112000097,585,523,62
112000098,814,1952,-1138
112000099,501,725,-224
112000100,926,1002,-76
112000101,376,1310,-934
112000102,570,510,60
112000103,233,1682,-1449
112000105,343,2333,-1990
112000106,645,381,264
112000107,9,215,-206
112000108,120,1938,-1818
112000109,50,54,-4
112000110,1199,477,722
112000111,1815,5414,-3599
112000112,6195,641,5554
112000113,1115,2645,-1530
112000114,3200,1040,2160
112000115,210,700,-490
112000116,435,1217,-782
112000117,533,821,-288
112000118,801,1134,-333
112000119,364,1180,-816
112000120,52,442,-390
112000121,76,906,-830
112000122,161,143,18
112000123,305,124,181
112000124,168,100,68
112000125,58,158,-100
112000126,141,901,-760
112000127,3120,1300,1820
112000128,1540,629,911
112000129,79,133,-54
112000130,89,67,22
112000131,14,545,-531
112000132,64,378,-314
112000133,212,455,-243
112000134,433,482,-49
112000135,1133,663,470
112000136,1366,1396,-30
112000137,2148,1599,549
112000138,3548,1482,2066
112000139,763,254,509
112000140,922,1121,-199
112000141,360,186,174
112000142,152,1105,-953
112000143,519,236,283
112000144,257,2287,-2030
112000145,1383,734,649
112000146,630,2823,-2193
112000147,1444,1563,-119
112000148,1582,2607,-1025
112000149,178,867,-689
112000150,105,807,-702
112000151,244,740,-496
112000152,205,489,-284
112000153,245,350,-105
112000154,118,239,-121
112000155,94,79,15
112000157,705,509,196
112000158,150,949,-799
112000159,285,336,-51
112000167,185,28,157
112000169,308,364,-56
112000173,336,256,80
112000175,283,464,-181
112000176,5824,1962,3862
112000177,325,118,207
112000178,39,653,-614
112000179,112,165,-53
112000180,205,348,-143
112000181,1071,2383,-1312
112000182,535,2750,-2215
112000183,37,79,-42
112000184,203,702,-499
112000185,240,731,-491
112000187,2831,2462,369
112000195,77,10,67
112000196,170,0,170
112000197,162,143,19
112000198,34,442,-408
112000199,1093,1012,81
112000202,172,4,168
112000216,55,205,-150
112000230,34,8,26
112000231,1,485,-484
112000256,36,159,-123
112000313,166,185,-19
112000314,8,10,-2
112000337,190,622,-432
112000352,298,187,111
112000392,1984,1399,585
112000398,733,872,-139
112000399,2858,1629,1229
112000400,1759,4620,-2861
112000401,2897,3330,-433
112000402,1397,1893,-496
112000403,2176,1722,454
112000404,287,631,-344
112000405,1115,2257,-1142
112000406,3555,3770,-215
112000407,3884,5664,-1780
112000408,8943,8345,598
112000409,1765,5634,-3869
112000410,288,92,196
112000411,6378,1180,5198
112000412,1208,352,856
112000413,11518,2675,8843
112000414,78,98,-20
112000415,72,60,12
112000416,1285,1310,-25
112000417,143,69,74
112000421,31,177,-146
112000422,256,703,-447
112000424,3078,1694,1384
112000425,379,1238,-859
112000426,84,258,-174
112000427,0,10,-10
112000428,85,622,-537
112000429,2039,3067,-1028
112000430,1720,3044,-1324
112000431,24,107,-83
112000432,589,2511,-1922
112000433,706,808,-102
112000437,30,356,-326
112900001,52,2,50
112900002,155,1629,-1474
112900003,28,341,-313
112900004,25,597,-572
112900005,118,283,-165
112900006,3,569,-566
112900007,20,240,-220
112900008,8,17,-9
112900009,345,86,259
112900010,162,906,-744
112900011,330,323,7
112900012,1,33,-32
112900013,4,175,-171
112900014,4,377,-373
112900015,396,1254,-858
112900016,6,478,-472
112900017,36,311,-275
112900018,1,451,-450
112900019,70,158,-88
112900020,461,1927,-1466
112900021,5,400,-395
112900022,14,99,-85
112900023,3,336,-333
112900024,22,285,-263
112900025,75,318,-243
112900026,4,350,-346
112900027,7,1558,-1551
112900028,15,172,-157
112900029,13,858,-845
112900030,271,212,59
112900031,4,683,-679
112900032,102,277,-175
112900034,1,66,-65
112900035,2,638,-636
112900036,48,183,-135
112900037,190,139,51
112900038,337,184,153
112900039,20,437,-417
112900040,5,458,-453
112900041,1560,877,683
112900042,48,654,-606
112900043,28,61,-33
112900044,658,455,203
112900045,618,290,328
112900046,452,107,345
112900047,29,18,11
112900049,67,93,-26
112900050,80,666,-586
112900051,350,935,-585
112900052,10,1407,-1397
112900053,341,119,222
112900054,259,29,230
112900055,162,9,153
112900056,236,127,109
112900057,6,1013,-1007
112900058,303,133,170
112900059,74,132,-58
112900060,14,316,-302
112900061,66,190,-124
112900062,51,175,-124
112900063,87,4,83
112900064,222,225,-3
112900065,26,13,13
112900066,178,54,124
112900067,621,148,473
112900068,49,29,20
112900069,3252,555,2697
112900071,18,1,17
112900072,267,1037,-770
112900073,254,52,202
112900074,67,99,-32
112900075,2484,565,1919
112900076,110,6,104
112900078,164,241,-77
112900079,134,13,121
112900080,18,0,18
112900081,51,144,-93
112900082,217,13,204
112900083,45,47,-2
112900084,87,52,35
112900086,31,0,31
112900087,448,105,343
112900088,43,6,37
112900089,445,10,435
112900090,16,13,3
112900091,76,2,74
112900092,132,127,5
112900093,1140,4,1136
112900095,28,1,27
112900096,212,106,106
112900097,46,487,-441
112900098,144,7,137
112900099,338,8,330
112900100,20,2,18
112900101,123,1,122
112900102,206,4,202
112900103,111,2,109
112900104,58,3,55
112900105,2,0,2
112900106,313,122,191
112900107,15,0,15
112900108,51,0,51
112900109,42,1,41
112900110,407,3,404
112900111,310,3,307
112900112,132,2,130
112900113,0,23,-23
112900114,32,60,-28
112900115,392,1,391
112900116,34,63,-29
112900117,115,128,-13
112900118,46,88,-42
112900119,77,2,75
112900120,774,269,505
112900121,289,252,37
112900122,9,182,-173
112900123,157,9,148
112900124,4,182,-178
112900125,81,455,-374
112900126,143,278,-135
112900127,199,46,153
112900128,480,958,-478
112900129,6,1102,-1096
112900130,176,84,92
112900131,40,242,-202
112900132,70,477,-407
112900133,22,1509,-1487
112900134,1,342,-341
112900135,65,24,41
112900137,1,863,-862
112900138,0,528,-528
112900139,247,1307,-1060
112900141,416,23,393
112900142,109,85,24
112900143,44,718,-674
112900144,0,452,-452
112900145,36,543,-507
112900146,8,1784,-1776
112900147,15,3083,-3068
112900148,37,3,34
112900149,149,626,-477
112900151,27,51,-24
112900152,5745,1097,4648
112900153,1936,1106,830
112900154,0,127,-127
112900155,104,9,95
112900156,144,2247,-2103
112900157,121,181,-60
112900158,24,32,-8
112900159,190,38,152
112900160,35,355,-320
112900161,56,30,26
112900162,27,18,9
112900163,132,34,98
112900164,33,98,-65
112900165,114,30,84
112900166,6,36,-30
112900167,4,24,-20
112900168,12,1,11
112900169,10,2,8
112900170,36,121,-85
112900172,67,5,62
112900173,303,98,205
112900174,207,30,177
112900175,212,106,106
112900176,3,21,-18
112900177,170,17,153
112900178,600,1347,-747
112900179,30,630,-600
112900180,1195,2658,-1463
112900181,245,0,245
112900182,21,1871,-1850
112900183,162,255,-93
112900184,421,355,66
112900185,383,454,-71
112900186,2022,610,1412
112900187,93,337,-244
112900188,742,402,340
112900189,14,27,-13
112900190,2,49,-47
112900192,400,301,99
112900193,1007,278,729
112900194,20,101,-81
112900195,543,27,516
112900196,195,577,-382
112900197,154,528,-374
112900199,312,690,-378
112900200,314,350,-36
112900201,49,105,-56
112900202,168,1345,-1177
112900203,94,346,-252
112900204,893,367,526
112900205,0,4,-4
112900206,1,39,-38
112900207,2,0,2
112900208,59,124,-65
112900209,460,495,-35
112900210,0,17,-17
112900211,60,108,-48
112900212,0,92,-92
112900213,2,5,-3
112900214,21,5,16
112900215,0,306,-306
112900216,37,64,-27
112900217,2,66,-64
112900218,16,25,-9
112900219,33,0,33
112900220,5,0,5
112900221,7,139,-132
112900222,0,29,-29
112900223,539,7,532
112900224,140,975,-835
112900225,249,732,-483
112900226,324,347,-23
112900227,216,1743,-1527
112900228,37,25,12
112900229,97,84,13
112900230,9442,3422,6020
112900232,194,129,65
112900233,31,227,-196
112900234,8,125,-117
112900235,47,20,27
112900236,120,11,109
112900237,54,376,-322
112900238,5,45,-40
112900239,617,227,390
113000001,4524,5227,-703
113000002,3682,4129,-447
113000003,1989,2008,-19
113000004,1972,2493,-521
113000005,1180,1268,-88
113000006,944,1343,-399
113000007,1400,1517,-117
113000008,1375,2113,-738
113000009,768,986,-218
113000010,910,1853,-943
113000011,764,1960,-1196
113000012,1018,720,298
113000013,978,494,484
113000014,1988,1766,222
113000015,760,296,464
113000016,322,425,-103
113000017,73,305,-232
113000018,204,54,150
113000019,64,259,-195
113000020,69,17,52
113000021,899,645,254
113000022,454,1420,-966
113000025,34,337,-303
113000026,229,523,-294
113000027,855,393,462
113000028,1497,472,1025
113000029,812,589,223
113000030,563,649,-86
113000031,357,355,2
113000032,301,260,41
113000033,392,398,-6
113000034,435,361,74
113000035,27,35,-8
113000036,23,59,-36
113000037,54,21,33
113000038,16,53,-37
113000039,83,559,-476
113000040,53,76,-23
113000042,814,658,156
113000051,754,1988,-1234
113000052,2385,1236,1149
113000053,295,696,-401
113000054,213,879,-666
113000055,636,1236,-600
113000056,554,1508,-954
113000058,698,1108,-410
113000059,1186,727,459
113000060,131,691,-560
113000061,786,890,-104
113000062,1231,196,1035
113000063,97,258,-161
113000064,24,520,-496
113000065,191,1543,-1352
113000066,336,91,245
113000067,1169,1441,-272
113000068,419,2504,-2085
113000069,457,1722,-1265
113000070,1036,892,144
113000071,296,910,-614
113000072,395,587,-192
113000073,566,1935,-1369
113000074,1027,358,669
113000075,2154,593,1561
113000076,1356,2009,-653
113000077,1741,436,1305
113000078,1210,1919,-709
113000079,1056,802,254
113000080,881,562,319
113000081,903,840,63
113000082,1438,882,556
113000083,704,793,-89
113000084,1561,1245,316
113000085,819,574,245
113000086,1016,1176,-160
113000087,1053,800,253
113000088,2259,1228,1031
113000089,883,1426,-543
113000090,251,341,-90
113000091,835,348,487
113000094,696,182,514
113000095,237,1331,-1094
113000096,136,1065,-929
113000097,714,348,366
113000098,94,25,69
113000099,828,286,542
113000100,135,387,-252
113000101,408,627,-219
113000102,485,210,275
113000103,2623,708,1915
113000104,273,2210,-1937
113000105,479,455,24
113000106,356,610,-254
113000107,532,916,-384
113000108,735,1680,-945
113000109,471,3095,-2624
113000110,1575,517,1058
113000111,119,567,-448
113000112,306,336,-30
113000113,2187,296,1891
113000114,384,1212,-828
113000116,912,241,671
113000117,855,133,722
113000118,189,482,-293
113000119,191,484,-293
113000120,49,231,-182
113000121,794,1138,-344
113000124,179,168,11
113000125,34,491,-457
113000127,3951,629,3322
113000128,488,529,-41
113000129,636,1524,-888
113000133,4603,1216,3387
113000134,6,821,-815
113000135,2937,2702,235
113000137,2588,1823,765
113000139,485,198,287
113000140,210,391,-181
113000141,566,110,456
113000142,1069,1204,-135
113000143,297,202,95
113000144,389,695,-306
113000145,46,130,-84
113000146,86,65,21
113000147,94,171,-77
113000148,56,146,-90
113000149,61,127,-66
113000150,442,461,-19
113000151,63,54,9
113000152,39,155,-116
113000153,2008,642,1366
113000154,707,1408,-701
113000155,285,468,-183
113000156,161,443,-282
113000157,315,844,-529
113000158,560,252,308
113000159,849,574,275
113000160,636,1460,-824
113000161,284,812,-528
113000162,635,447,188
113000163,68,49,19
113000164,29,97,-68
113000166,55,62,-7
113000167,32,225,-193
113000168,76,226,-150
113000169,102,55,47
113000170,80,86,-6
113000171,47,123,-76
113000172,202,88,114
113000173,63,17,46
113000174,144,617,-473
113000175,287,109,178
113000176,399,120,279
113000177,149,466,-317
113000178,228,499,-271
113000179,237,110,127
113000180,685,1610,-925
113000181,757,1279,-522
113000182,242,310,-68
113000183,168,625,-457
113000184,9,66,-57
113000189,456,645,-189
113000190,1589,543,1046
113000192,2785,1473,1312
113000193,5590,852,4738
113000194,2214,1226,988
113000195,2350,528,1822
113000196,102,99,3
113000197,1690,916,774
113000198,27,324,-297
113000199,1464,412,1052
113000201,399,277,122
113000202,3967,2486,1481
113000203,492,207,285
113000204,1963,1354,609
113000205,12,11,1
113000206,6,47,-41
113000207,51,18,33
113000208,36,61,-25
113000209,14,17,-3
113000210,6,30,-24
113000211,281,183,98
113000212,290,28,262
113000213,29,100,-71
113000214,103,219,-116
113000234,177,1518,-1341
113000410,154,176,-22
113000411,3171,4499,-1328
113000412,10572,2214,8358
113000413,4129,2815,1314
113000414,11158,12785,-1627
113000415,2788,3000,-212
113000416,11881,3896,7985
113000417,3962,3249,713
113000418,4119,2485,1634
113000419,1992,1910,82
113000420,4393,4020,373
113000421,3800,4927,-1127
113000422,17750,8410,9340
113000423,2682,3837,-1155
113000424,4330,6815,-2485
113000425,15,89,-74
113000428,438,47,391
113000430,84,97,-13
113000432,1211,139,1072
113000433,114,1242,-1128
113000434,16,400,-384
113000435,19,1106,-1087
113000436,65,1604,-1539
113000437,318,11,307
113000438,114,18,96
113000439,8,208,-200
113000440,86,32,54
113000441,145,229,-84
113000442,159,375,-216
113000443,59,354,-295
113000444,75,438,-363
113000445,70,202,-132
113000446,18,111,-93
113000448,189,91,98
113000449,360,975,-615
113000450,873,2999,-2126
113000451,1711,163,1548
113000452,590,458,132
113000453,186,287,-101
113000454,1336,59,1277
113000455,43,184,-141
113000456,4175,2113,2062
113000468,3057,346,2711
113000469,441,167,274
113000470,611,93,518
113000471,19,433,-414
113000472,82,316,-234
113000474,315,736,-421
113000475,1454,1966,-512
113000476,736,1885,-1149
113000477,1880,2172,-292
113000478,3870,6827,-2957
113000479,65,289,-224
113000480,87,99,-12
113000484,0,0,0
113000485,28,0,28
113000486,0,0,0
113000487,0,0,0
113000488,0,0,0
113000489,0,0,0
113000490,0,0,0
113000491,2,16,-14
113000492,0,2,-2
113000493,0,9,-9
113000495,175,230,-55
113000496,101,97,4
113000497,0,0,0
113000499,0,0,0
113000500,0,1,-1
113900001,2,136,-134
113900002,1,271,-270
113900003,0,191,-191
113900004,0,61,-61
113900005,0,54,-54
113900006,0,38,-38
113900007,56,16,40
113900008,133,1,132
113900009,301,2,299
113900010,226,0,226
113900011,34,3,31
113900012,12,2,10
113900013,960,9,951
113900014,423,0,423
113900015,1,52,-51
113900016,14,0,14
113900017,2,60,-58
113900018,519,90,429
113900019,67,51,16
113900020,74,1,73
113900022,8,1,7
113900023,15,0,15
113900024,39,110,-71
113900025,390,19,371
113900026,41,0,41
113900027,2,94,-92
113900028,14,489,-475
113900029,79,335,-256
113900030,114,0,114
113900031,0,0,0
113900032,9,0,9
113900033,91,113,-22
113900035,72,1,71
113900036,12,139,-127
113900037,39,696,-657
113900038,80,94,-14
113900039,116,6,110
113900040,1,10,-9
113900041,4,1,3
113900042,54,51,3
113900043,148,122,26
113900044,163,61,102
113900045,39,2,37
113900046,188,820,-632
113900047,13,188,-175
113900048,334,54,280
113900049,892,205,687
113900050,159,452,-293
113900051,178,507,-329
113900052,165,144,21
113900053,541,219,322
113900054,10,2,8
113900055,93,691,-598
113900056,93,200,-107
113900057,11,140,-129
113900058,33,307,-274
113900059,126,409,-283
113900060,131,334,-203
113900061,1148,111,1037
113900062,60,11,49
113900063,56,179,-123
113900064,27,175,-148
113900065,394,25,369
113900066,200,549,-349
113900067,72,422,-350
113900068,346,371,-25
113900069,152,20,132
113900070,171,569,-398
113900071,51,91,-40
113900072,64,234,-170
113900073,87,418,-331
113900074,31,504,-473
113900075,925,782,143
113900076,130,5,125
113900077,22,304,-282
113900078,49,76,-27
113900079,13,55,-42
113900080,314,179,135
113900081,35,279,-244
113900082,82,224,-142
113900083,154,854,-700
113900084,217,101,116
113900085,53,435,-382
113900086,22,19,3
113900087,55,202,-147
113900088,31,60,-29
113900089,340,42,298
113900090,370,325,45
113900091,13,27,-14
113900092,40,95,-55
113900093,72,471,-399
113900094,309,581,-272
113900095,93,108,-15
113900096,141,61,80
113900097,17,138,-121
113900098,366,58,308
113900099,0,80,-80
113900100,0,4,-4
113900101,18,68,-50
113900102,100,84,16
113900103,201,267,-66
113900104,95,125,-30
113900105,53,450,-397
113900106,2,122,-120
113900107,0,17,-17
113900108,235,168,67
113900109,328,120,208
113900110,28,23,5
113900111,70,126,-56
113900112,83,103,-20
113900113,667,402,265
113900114,2,170,-168
113900115,0,169,-169
113900116,111,135,-24
113900117,82,17,65
113900118,164,297,-133
113900119,306,363,-57
113900120,58,32,26
113900121,58,91,-33
113900122,303,1153,-850
113900123,344,146,198
113900124,3,71,-68
113900125,1551,197,1354
113900126,145,42,103
113900127,248,387,-139
113900128,85,51,34
113900129,8,126,-118
113900130,0,12,-12
113900131,174,100,74
113900132,16,48,-32
113900133,17,28,-11
113900135,171,526,-355
113900136,102,90,12
113900137,320,197,123
113900138,52,176,-124
113900139,598,80,518
113900140,457,226,231
113900141,230,550,-320
113900142,93,99,-6
113900143,3,20,-17
113900144,458,173,285
113900145,244,235,9
113900146,58,74,-16
113900148,179,230,-51
113900149,140,65,75
113900150,1169,722,447
113900151,205,222,-17
113900152,27,63,-36
113900153,464,512,-48
113900154,0,82,-82
113900155,201,98,103
113900156,206,757,-551
113900157,31,259,-228
113900158,609,216,393
113900159,8,315,-307
113900160,475,912,-437
113900161,76,232,-156
113900162,871,581,290
113900163,274,277,-3
113900164,239,68,171
113900165,542,581,-39
113900166,297,162,135
113900167,214,48,166
113900168,124,131,-7
113900169,188,450,-262
113900171,69,44,25
113900172,3,234,-231
113900173,60,774,-714
113900174,356,738,-382
113900175,294,91,203
113900176,242,775,-533
113900177,194,259,-65
113900178,314,119,195
113900179,22,715,-693
113900180,155,167,-12
113900181,414,90,324
113900182,537,1154,-617
113900183,50,57,-7
113900184,11,770,-759
113900185,140,94,46
113900186,22,51,-29
113900187,27,136,-109
113900188,88,174,-86
113900189,263,65,198
113900190,283,114,169
113900191,111,251,-140
113900192,6,324,-318
113900193,29,354,-325
113900194,2430,1043,1387
113900195,346,530,-184
113900196,3,172,-169
113900197,1,304,-303
113900198,25,187,-162
113900199,270,777,-507
113900200,17,358,-341
113900201,0,373,-373
113900202,38,353,-315
113900203,0,227,-227
113900204,37,687,-650
113900205,7,192,-185
113900206,9,201,-192
113900207,1,57,-56
113900208,0,53,-53
113900209,1,91,-90
113900210,574,601,-27
113900211,128,39,89
113900212,97,731,-634
113900214,548,402,146
113900215,39,176,-137
113900216,72,1393,-1321
113900217,39,390,-351
113900218,96,32,64
113900219,118,570,-452
113900220,95,53,42
113900221,283,156,127
113900222,424,435,-11
113900223,75,1233,-1158
113900224,140,69,71
113900225,868,254,614
113900226,282,151,131
113900227,282,172,110
113900228,436,365,71
113900229,32,567,-535
113900230,5666,1762,3904
113900231,135,273,-138
113900232,75,134,-59
113900233,24,59,-35
113900234,209,481,-272
113900235,64,32,32
113900236,53,426,-373
113900237,92,8,84
113900238,214,362,-148
113900239,46,57,-11
113900240,9,113,-104
113900241,76,77,-1
113900242,56,176,-120
113900243,130,382,-252
113900244,478,188,290
113900245,1360,235,1125
113900246,32,13,19
113900247,162,232,-70
113900248,4355,1117,3238
113900249,1463,286,1177
113900250,39,95,-56
113900251,384,262,122
113900252,343,10,333
113900253,496,38,458
113900254,529,92,437
113900255,218,16,202
113900256,218,29,189
113900257,38,859,-821
113900258,20,639,-619
113900259,268,289,-21
113900260,106,40,66
113900261,17,136,-119
113900262,122,902,-780
113900263,132,582,-450
113900264,6,728,-722
113900265,118,378,-260
113900266,25,260,-235
113900267,101,541,-440
113900268,237,370,-133
113900269,52,126,-74
113900270,321,308,13
113900271,541,1494,-953
113900273,8,1,7
113900274,22,12,10
113900275,26,47,-21
113900276,3,326,-323
113900277,56,0,56
113900278,332,138,194
113900279,71,74,-3
113900280,1235,546,689
113900281,316,1023,-707
113900282,1049,481,568
113900283,261,375,-114
113900284,492,164,328
113900285,92,54,38
113900286,7,144,-137
113900287,21,53,-32
113900288,0,84,-84
113900289,1677,94,1583
113900290,514,123,391
113900291,119,171,-52
113900292,16,10,6
113900293,7,327,-320
113900294,267,11,256
113900295,438,298,140
113900296,2693,350,2343
113900297,825,45,780
113900298,9,1815,-1806
113900299,43,274,-231
113900300,7399,2537,4862
113900301,1060,350,710
113900302,2867,662,2205
113900303,650,234,416
113900304,2,167,-165
113900305,51,0,51
113900306,12,1,11
113900307,67,0,67
113900308,119,117,2
113900309,4,917,-913
113900310,0,19,-19
113900311,3,0,3
113900312,84,102,-18
113900313,40,17,23
114000001,1123,4130,-3007
114000002,148,566,-418
114000003,46,359,-313
114000004,221,423,-202
114000005,148,253,-105
114000006,3374,2384,990
114000007,612,1632,-1020
114000008,1428,1139,289
114000009,323,263,60
114000011,2258,3931,-1673
114000012,1486,3464,-1978
114000013,1186,2503,-1317
114000014,321,509,-188
114000015,843,599,244
114000016,227,550,-323
114000017,63,210,-147
114000018,561,96,465
114000026,857,1895,-1038
114000027,1567,2401,-834
114000028,1702,2205,-503
114000038,113,142,-29
114000039,58,122,-64
114000040,56,205,-149
114000042,73,191,-118
114000043,60,236,-176
114000044,87,89,-2
114000045,41,94,-53
114000046,2568,5258,-2690
114000047,16,92,-76
114000048,47,77,-30
114000049,1637,1218,419
114000050,1502,1180,322
114000051,3275,1567,1708
114000052,2994,1284,1710
114000053,47,561,-514
114000054,106,1908,-1802
114000055,198,52,146
114000056,1496,611,885
114000057,10039,2628,7411
114000058,698,749,-51
114000059,377,199,178
114000060,499,761,-262
114000061,4077,1521,2556
114000062,3446,918,2528
114000063,3446,1720,1726
114000064,10072,2730,7342
114000065,1896,2538,-642
114000066,292,751,-459
114000067,43,400,-357
114000068,448,473,-25
114000069,780,597,183
114000070,2539,1382,1157
114000071,428,874,-446
114000072,148,518,-370
114000073,19,161,-142
114000074,12,25,-13
114000075,51,229,-178
114000076,7,281,-274
114000077,10,77,-67
114000078,137,1696,-1559
114000079,104,35,69
114000080,88,112,-24
114000081,34,141,-107
114000082,67,765,-698
114000083,48,400,-352
114000084,146,66,80
114000085,126,1072,-946
114000086,146,753,-607
114000087,43,395,-352
114000088,22,57,-35
114000089,1964,543,1421
114000090,551,608,-57
114000091,1512,436,1076
114000092,979,286,693
114000093,828,652,176
114000094,294,326,-32
114000095,102,85,17
114000096,75,748,-673
114000097,147,1252,-1105
114000098,254,56,198
114000099,237,1286,-1049
114000100,643,939,-296
114000101,310,1578,-1268
114000102,205,311,-106
114000103,124,680,-556
114000104,8,407,-399
114000105,39,54,-15
114000106,1085,440,645
114000107,104,160,-56
114000108,2972,1511,1461
114000109,293,543,-250
114000110,468,2136,-1668
114000111,699,604,95
114000112,358,2067,-1709
114000113,652,485,167
114000114,1135,1807,-672
114000115,1322,760,562
114000116,393,915,-522
114000117,1399,373,1026
114000118,1450,425,1025
114000119,955,284,671
114000120,495,1321,-826
114000121,338,678,-340
114000122,321,268,53
114000123,822,280,542
114000124,453,351,102
114000125,872,2508,-1636
114000126,780,222,558
114000127,108,203,-95
114000128,685,618,67
114000130,282,459,-177
114000131,94,51,43
114000132,630,828,-198
114000133,1104,1505,-401
114000134,53,267,-214
114000138,23,238,-215
114000139,332,132,200
114000144,545,300,245
114000145,96,221,-125
114000146,86,374,-288
114000147,870,1006,-136
114000148,2180,1251,929
114000149,304,188,116
114000150,825,445,380
114000151,830,843,-13
114000152,133,23,110
114000153,910,1243,-333
114000154,638,526,112
114000155,1125,1513,-388
114000156,661,461,200
114000157,219,816,-597
114000158,2670,775,1895
114000159,187,404,-217
114000160,161,202,-41
114000161,1473,1429,44
114000162,777,1039,-262
114000163,10,220,-210
114000165,176,154,22
114000166,617,257,360
114000167,4659,1264,3395
114000168,834,811,23
114000169,1809,762,1047
114000170,985,687,298
114000171,653,1535,-882
114000174,159,551,-392
114000176,579,356,223
114000177,2872,981,1891
114000178,64,100,-36
114000179,1271,683,588
114000180,501,608,-107
114000181,1424,2182,-758
114000182,6340,2571,3769
114000183,1006,1219,-213
114000184,7301,1766,5535
114000185,945,933,12
114000189,510,59,451
114000190,1265,186,1079
114000191,31,53,-22
114000192,399,1993,-1594
114000193,1358,4394,-3036
114000194,1096,1719,-623
114000195,64,20,44
114000196,4,451,-447
114000197,629,21,608
114000198,1424,447,977
114000199,2109,1162,947
114000200,598,3245,-2647
114000201,174,1362,-1188
114000202,971,1125,-154
114000203,353,1216,-863
114000204,98,556,-458
114000205,187,2138,-1951
114000206,399,1380,-981
114000207,656,2875,-2219
114000208,447,4324,-3877
114000209,726,4088,-3362
114000210,415,2142,-1727
114000211,868,1767,-899
114000212,604,822,-218
114000213,975,696,279
114000214,87,248,-161
114000215,170,91,79
114000216,733,432,301
114000217,145,313,-168
114000218,94,383,-289
114000219,646,416,230
114000220,9,1896,-1887
114000221,436,206,230
114000222,257,1575,-1318
114000223,359,123,236
114000224,140,905,-765
114000225,160,660,-500
114000226,69,303,-234
114000227,501,503,-2
114000228,637,1031,-394
114000229,669,1529,-860
114000230,1226,1762,-536
114000231,694,1417,-723
114000232,410,150,260
114000233,1461,142,1319
114000234,823,1256,-433
114000235,637,2121,-1484
114000236,0,603,-603
114000237,63,1260,-1197
114000238,35,184,-149
114000239,155,1850,-1695
114000240,488,660,-172
114000241,216,1324,-1108
114000242,1007,1128,-121
114000243,1086,911,175
114000244,663,445,218
114000245,241,545,-304
114000246,126,37,89
114000247,560,705,-145
114000248,725,618,107
114000249,430,528,-98
114000250,410,706,-296
114000251,233,439,-206
114000252,75,151,-76
114000253,30,259,-229
114000254,27,130,-103
114000255,576,153,423
114000256,2907,867,2040
114000257,489,2309,-1820
114000258,198,649,-451
114000259,44,342,-298
114000260,0,32,-32
114000261,42,25,17
114000262,52,207,-155
114000263,9,1,8
114000264,512,873,-361
114000265,0,1,-1
114000267,3,1455,-1452
114000268,9,2853,-2844
114000270,88,5,83
114000271,510,125,385
114000283,492,552,-60
114000285,67,409,-342
114000288,60,466,-406
114000289,828,94,734
114000293,68,371,-303
114000294,145,350,-205
114000395,1432,75,1357
114000396,255,358,-103
114000402,252,403,-151
114000403,165,651,-486
114000405,97,759,-662
114000423,146,649,-503
114000424,180,323,-143
114000425,286,730,-444
114000426,272,630,-358
114000427,19,110,-91
114000428,319,109,210
114000429,9,239,-230
114000432,38,141,-103
114000434,16,116,-100
114000435,3,184,-181
114900001,322,1794,-1472
114900002,391,96,295
114900003,268,2703,-2435
114900004,136,217,-81
114900005,238,1119,-881
114900006,30,39,-9
114900007,111,14,97
114900008,54,55,-1
114900010,2922,1628,1294
114900011,72,101,-29
114900013,86,89,-3
114900015,43,248,-205
114900018,684,44,640
114900020,113,58,55
114900022,5,833,-828
114900024,130,156,-26
114900025,229,281,-52
114900026,29,93,-64
114900027,134,264,-130
114900029,30,16,14
114900030,180,242,-62
114900031,117,22,95
114900032,149,28,121
114900033,1425,242,1183
114900034,46,268,-222
114900035,157,285,-128
114900036,238,1342,-1104
114900037,55,310,-255
114900038,139,1155,-1016
114900039,376,1044,-668
114900040,61,277,-216
114900041,292,782,-490
114900042,466,1091,-625
114900043,991,382,609
114900044,68,27,41
114900046,55,181,-126
114900047,203,1170,-967
114900048,79,294,-215
114900049,8,259,-251
114900050,13,775,-762
114900051,36,711,-675
114900052,84,269,-185
114900053,83,253,-170
114900054,48,162,-114
114900057,163,8,155
114900058,0,75,-75
114900059,43,20,23
114900060,1548,480,1068
114900061,108,243,-135
114900062,300,328,-28
114900063,55,343,-288
114900064,715,972,-257
114900065,206,686,-480
114900067,34,446,-412
114900068,60,184,-124
114900069,287,156,131
114900070,250,807,-557
114900072,6,350,-344
114900073,1,217,-216
114900074,203,1205,-1002
114900075,139,3,136
114900076,11,368,-357
114900080,3813,449,3364
114900082,4276,1518,2758
114900083,912,885,27
114900090,148,134,14
114900091,114,192,-78
114900095,541,164,377
114900096,508,627,-119
114900097,56,0,56
114900098,5,277,-272
114900099,104,3,101
115000001,10253,6961,3292
115000002,2818,3056,-238
115000003,4129,5252,-1123
115000004,2167,4453,-2286
115000005,1103,3295,-2192
115000006,486,1508,-1022
115000007,40,146,-106
115000008,363,502,-139
115000009,151,364,-213
115000010,233,132,101
115000013,84,137,-53
115000015,82,176,-94
115000016,219,277,-58
115000019,15,398,-383
115000020,157,494,-337
115000021,340,482,-142
115000022,457,382,75
115000023,328,395,-67
115000024,1238,625,613
115000025,665,448,217
115000026,144,451,-307
115000027,179,256,-77
115000028,185,773,-588
115000029,331,190,141
115000030,403,1055,-652
115000031,873,299,574
115000032,4,258,-254
115000033,137,16,121
115000034,138,1122,-984
115000035,830,63,767
115000036,0,460,-460
115000037,312,3,309
115000038,29,174,-145
115000039,3216,2038,1178
115000040,7738,3616,4122
115000041,1001,2534,-1533
115000042,971,808,163
115000043,2763,3028,-265
115000044,3102,5183,-2081
115000045,1996,2818,-822
115000046,1372,2943,-1571
115000047,1285,2060,-775
115000048,1302,3207,-1905
115000049,1490,3054,-1564
115000050,2809,1945,864
115000051,2262,1852,410
115000052,3841,2170,1671
115000053,1379,1400,-21
115000054,875,1593,-718
115000055,166,365,-199
115000056,164,409,-245
115000057,293,511,-218
115000058,131,143,-12
115000059,253,143,110
115000061,186,110,76
115000062,208,324,-116
115000063,236,399,-163
115000064,194,188,6
115000065,45,273,-228
115000067,220,33,187
115000069,41,339,-298
115000070,37,729,-692
115000071,105,10,95
115000072,19,70,-51
115000073,1196,56,1140
115000075,42,78,-36
115000076,3789,4246,-457
115000077,1170,4460,-3290
115000078,546,2203,-1657
115000079,1005,2684,-1679
115000080,1515,3080,-1565
115000081,432,1011,-579
115000082,2667,3235,-568
115000083,1496,4141,-2645
115000084,1061,1172,-111
115000085,494,1173,-679
115000086,568,1203,-635
115000087,569,1643,-1074
115000088,1545,640,905
115000089,1597,1693,-96
115000090,794,725,69
115000091,292,1618,-1326
115000092,241,352,-111
115000093,357,2,355
115000094,9727,4942,4785
115000095,8005,4269,3736
115000096,468,2668,-2200
115000097,499,842,-343
115000098,629,930,-301
115000099,1652,4356,-2704
115000100,624,600,24
115000101,271,1675,-1404
115000102,335,210,125
115000103,295,1018,-723
115000105,41,226,-185
115000106,277,304,-27
115000107,139,647,-508
115000108,4437,3226,1211
115000109,6398,2855,3543
115000110,1253,819,434
115000111,682,1541,-859
115000112,510,525,-15
115000113,652,849,-197
115000114,1884,825,1059
115000116,3537,1391,2146
115000117,4115,2077,2038
115000118,1823,1456,367
115000119,1702,1751,-49
115000120,582,762,-180
115000121,1723,840,883
115000122,4618,1331,3287
115000123,2450,1323,1127
115000124,699,696,3
115000125,430,529,-99
115000126,135,325,-190
115000127,271,147,124
115000128,1383,806,577
115000129,220,164,56
115000130,273,1493,-1220
115000131,429,265,164
115000132,156,712,-556
115000133,349,455,-106
115000134,252,281,-29
115000135,172,324,-152
115000136,121,199,-78
115000137,76,237,-161
115000138,140,273,-133
115000139,156,288,-132
115000140,148,255,-107
115000141,109,403,-294
115000142,93,442,-349
115000143,322,525,-203
115000144,279,96,183
115000145,157,542,-385
115000146,252,243,9
115000147,456,638,-182
115000148,266,1956,-1690
115000149,369,209,160
115000150,723,1685,-962
115000151,561,552,9
115000152,568,2210,-1642
115000153,500,505,-5
115000154,400,366,34
115000155,584,1473,-889
115000156,980,667,313
115000157,931,1106,-175
115000158,745,374,371
115000159,675,503,172
115000160,723,711,12
115000161,512,751,-239
115000162,651,512,139
115000163,651,604,47
115000164,605,485,120
115000165,328,336,-8
115000167,90,58,32
115000168,509,264,245
115000169,668,350,318
115000170,102,143,-41
115000171,195,146,49
115000172,2181,657,1524
115000173,268,267,1
115000174,64,247,-183
115000175,88,75,13
115000176,148,138,10
115000177,224,133,91
115000178,9,261,-252
115000179,26,50,-24
115000180,43,861,-818
115000181,321,160,161
115000182,425,457,-32
115000183,249,1185,-936
115000186,517,303,214
115000187,125,758,-633
115000188,375,431,-56
115000189,221,440,-219
115000190,862,448,414
115000191,274,394,-120
115000194,221,122,99
115000195,268,220,48
115000196,78,117,-39
115000197,125,542,-417
115000198,197,280,-83
115000199,120,414,-294
115000200,241,110,131
115000201,88,417,-329
115000206,184,131,53
115000207,54,444,-390
115000208,695,926,-231
115000209,506,172,334
115000210,107,120,-13
115000211,207,264,-57
115000212,1617,388,1229
115000224,174,64,110
115000225,59,51,8
115000229,303,173,130
115000230,137,550,-413
115000231,299,3356,-3057
115000232,859,428,431
115000233,105,268,-163
115000234,15,312,-297
115000241,56,373,-317
115000242,82,343,-261
115000243,16,341,-325
115000244,4,116,-112
115000246,48,15,33
115000247,17,25,-8
115000248,9,8,1
115000249,64,16,48
115000250,152,53,99
115000251,123,194,-71
115000252,51,182,-131
115000253,14,228,-214
115000258,182,262,-80
115000259,319,163,156
115000261,21,25,-4
115000262,8,26,-18
115000263,13,39,-26
115000264,8,38,-30
115000267,40,59,-19
115000268,26,120,-94
115000269,104,86,18
115000270,4,23,-19
115000272,74,182,-108
115000273,454,21,433
115000280,3058,114,2944
115000281,922,220,702
115000282,2124,554,1570
115000284,265,98,167
115000296,632,13,619
115000297,179,126,53
115000298,70,231,-161
115000300,64,238,-174
115000302,158,346,-188
115000303,409,263,146
115000304,384,101,283
115000305,83,1659,-1576
115000306,128,768,-640
115000307,66,360,-294
115000308,63,8,55
115000309,13,14,-1
115000310,663,1433,-770
115000311,460,1567,-1107
115000313,105,984,-879
115000314,198,85,113
115000315,1319,378,941
115000316,37,85,-48
115000317,149,740,-591
115000318,589,278,311
115000319,58,330,-272
115000320,14,234,-220
115000321,474,9,465
115000322,60,282,-222
115000449,429,155,274
115000557,1,654,-653
115000558,274,62,212
115000587,301,405,-104
115000588,2282,4649,-2367
115000589,2646,2940,-294
115000590,915,2118,-1203
115000591,1162,813,349
115000592,587,1841,-1254
115000593,1378,714,664
115000594,930,1713,-783
115000609,61,112,-51
115000617,2803,1744,1059
115000624,136,110,26
115000633,406,1724,-1318
115000634,2535,958,1577
115000635,220,119,101
115000638,1344,712,632
115000641,92,146,-54
115000642,452,270,182
115000643,79,479,-400
115000644,99,413,-314
115000646,641,1110,-469
115000647,192,562,-370
115000648,910,1903,-993
115000893,3885,1115,2770
115000894,89,1142,-1053
115000895,300,923,-623
115000896,870,312,558
115000897,488,95,393
115000898,756,258,498
115000899,1076,1134,-58
115000900,88,383,-295
115000901,79,89,-10
115000912,202,89,113
115000913,1,61,-60
115000915,26,0,26
115000916,16,4,12
115000917,0,7,-7
115000918,69,183,-114
115000919,10,12,-2
115000920,20,40,-20
115000921,1724,90,1634
115000922,1030,602,428
115000923,361,789,-428
115000925,40,100,-60
115000927,15,29,-14
115000933,300,119,181
115000934,85,277,-192
115000935,98,105,-7
115000936,64,202,-138
115000937,968,131,837
115000938,84,125,-41
115000939,94,153,-59
115900001,28,99,-71
115900002,81,214,-133
115900003,88,139,-51
115900004,0,54,-54
115900005,110,6,104
115900006,97,575,-478
115900008,24,18,6
115900009,59,362,-303
115900010,126,265,-139
115900011,374,369,5
115900012,66,133,-67
115900013,445,206,239
115900014,104,225,-121
115900015,48,167,-119
115900016,93,37,56
115900017,3,2,1
115900018,225,109,116
115900019,518,31,487
115900020,28,0,28
115900021,1987,112,1875
115900022,2958,6,2952
115900023,5,0,5
115900025,92,223,-131
115900026,949,420,529
115900027,0,546,-546
115900028,629,62,567
115900029,7,570,-563
115900030,55,21,34
115900031,275,195,80
115900032,331,1030,-699
115900033,1,31,-30
115900034,23,617,-594
115900035,30,151,-121
115900036,269,335,-66
115900037,24,578,-554
115900038,10,10,0
115900039,103,437,-334
115900041,373,289,84
115900042,7,1,6
115900043,49,203,-154
115900044,287,313,-26
115900046,145,373,-228
115900047,63,62,1
115900049,141,261,-120
115900051,1,28,-27
115900052,7,269,-262
115900053,127,372,-245
115900054,67,30,37
115900055,10,135,-125
115900056,114,607,-493
115900057,15,4,11
115900058,26,79,-53
115900060,147,202,-55
115900061,102,0,102
115900062,20,396,-376
115900063,35,15,20
115900064,128,258,-130
115900065,45,212,-167
115900066,181,219,-38
115900067,9,1099,-1090
115900068,4236,268,3968
115900069,63,199,-136
115900070,74,291,-217
115900071,2,838,-836
115900072,57,289,-232
115900073,26,52,-26
115900074,4,391,-387
115900075,10,404,-394
115900076,8,115,-107
115900077,8,405,-397
115900078,32,162,-130
115900079,103,11,92
115900080,662,297,365
115900081,8,107,-99
115900082,196,154,42
115900084,160,56,104
115900085,69,59,10
115900086,1908,622,1286
115900088,49,37,12
115900089,151,1009,-858
115900090,131,37,94
115900091,4,15,-11
115900092,22,284,-262
115900093,0,41,-41
115900094,5,546,-541
115900096,1,35,-34
115900097,6,628,-622
115900098,130,663,-533
115900099,31,131,-100
115900100,8,719,-711
115900101,151,664,-513
115900102,25,95,-70
115900103,249,346,-97
115900104,30,262,-232
115900105,61,928,-867
115900106,33,26,7
115900107,19,254,-235
115900108,41,19,22
115900109,45,495,-450
115900110,0,18,-18
115900111,0,100,-100
115900112,28,1147,-1119
115900113,37,25,12
115900114,2,225,-223
115900115,30,154,-124
115900116,79,1390,-1311
115900117,43,28,15
115900118,4,470,-466
115900119,83,114,-31
115900120,19,516,-497
115900121,103,321,-218
115900124,218,335,-117
115900125,154,41,113
115900126,405,55,350
115900127,427,53,374
115900128,3,78,-75
115900129,475,46,429
115900130,25,167,-142
115900131,221,20,201
115900132,216,5,211
115900134,164,15,149
115900135,573,597,-24
115900137,7,4,3
115900139,78,91,-13
115900140,126,17,109
115900141,5,58,-53
115900142,11,13,-2
115900143,161,330,-169
115900144,44,208,-164
115900146,9,201,-192
115900147,172,316,-144
115900148,2,2,0
115900149,37,26,11
115900150,24,88,-64
115900151,20,58,-38
115900152,57,589,-532
115900153,61,265,-204
115900154,794,315,479
115900155,0,100,-100
115900156,479,853,-374
115900157,63,465,-402
115900158,27,6,21
115900159,44,325,-281
115900160,4,4,0
115900161,79,244,-165
115900163,107,145,-38
115900164,175,70,105
115900165,0,115,-115
115900166,198,331,-133
115900168,26,195,-169
115900171,84,532,-448
115900172,24,147,-123
115900173,161,166,-5
115900174,355,209,146
115900175,74,157,-83
115900178,3,872,-869
115900179,118,25,93
115900180,60,422,-362
115900181,108,334,-226
115900182,252,442,-190
115900183,108,42,66
115900184,1851,15,1836
115900187,6,94,-88
115900189,1,109,-108
115900190,598,795,-197
115900191,75,486,-411
115900192,9,68,-59
115900193,93,83,10
115900194,301,35,266
115900195,508,966,-458
115900198,185,265,-80
115900199,134,314,-180
115900200,300,396,-96
115900201,363,241,122
115900202,1,3,-2
115900203,1,10,-9
115900204,0,1,-1
115900205,28,15,13
115900206,86,171,-85
115900207,10,22,-12
115900208,56,467,-411
115900209,2,182,-180
115900210,6,180,-174
115900211,4,254,-250
115900212,54,319,-265
115900213,30,44,-14
115900214,172,301,-129
115900215,34,45,-11
115900216,7,95,-88
115900217,6,93,-87
115900218,2,53,-51
115900219,39,3,36
115900220,53,10,43
115900221,27,14,13
115900222,28,6,22
115900223,12,97,-85
115900224,1731,350,1381
115900225,47,29,18
115900226,36,52,-16
115900227,9,43,-34
115900228,10,43,-33
115900229,4,58,-54
115900230,71,109,-38
115900231,77,0,77
115900232,24,1,23
115900233,49,5,44
115900234,34,20,14
115900235,1,14,-13
115900236,23,14,9
115900237,12,21,-9
115900238,8,15,-7
115900239,12,21,-9
115900240,3,73,-70
115900241,107,96,11
115900242,164,166,-2
115900243,8,5,3
115900244,7,21,-14
115900245,20,17,3
115900246,15,3,12
115900247,9,3,6
115900248,9,3,6
115900249,4,4,0
115900250,1,3,-2
115900251,0,10,-10
115900252,0,2,-2
115900253,6,9,-3
115900254,9,20,-11
115900255,4,10,-6
115900256,17,11,6
115900257,0,1,-1
115900258,0,3,-3
115900259,6,3,3
115900260,13,3,10
115900261,10,2,8
115900262,0,1,-1
115900263,4,4,0
115900264,5,7,-2
115900265,1,7,-6
115900266,1,6,-5
115900267,7,9,-2
115900268,5,11,-6
115900269,246,458,-212
115900270,233,994,-761
115900271,40,0,40
115900272,5,1,4
115900273,3,9,-6
115900274,0,17,-17
115900275,0,40,-40
115900276,1,112,-111
115900277,2,183,-181
115900278,13,117,-104
115900279,8,169,-161
115900280,2,229,-227
115900281,603,156,447
115900282,18,4,14
115900283,3,8,-5
115900284,14,5,9
116000001,21063,5715,15348
116000002,4198,5899,-1701
116000003,1636,2306,-670
116000004,1647,1895,-248
116000005,2582,3725,-1143
116000006,1774,1164,610
116000007,3988,5079,-1091
116000008,3900,1556,2344
116000009,1781,3288,-1507
116000010,1411,1094,317
116000011,899,2134,-1235
116000012,678,602,76
116000013,18819,4807,14012
116000014,22014,6969,15045
116000015,618,851,-233
116000016,9738,2233,7505
116000017,28,476,-448
116000018,893,527,366
116000019,614,257,357
116000020,368,1360,-992
116000021,304,261,43
116000022,297,611,-314
116000023,742,579,163
116000024,600,1749,-1149
116000025,623,575,48
116000026,1507,2688,-1181
116000027,639,522,117
116000028,452,564,-112
116000029,968,533,435
116000030,483,417,66
116000031,164,240,-76
116000032,325,275,50
116000033,256,572,-316
116000034,572,951,-379
116000035,322,590,-268
116000036,2031,585,1446
116000037,664,487,177
116000038,571,255,316
116000039,773,283,490
116000040,985,496,489
116000041,433,559,-126
116000042,376,396,-20
116000043,105,478,-373
116000044,12,139,-127
116000045,1486,990,496
116000046,1112,760,352
116000047,2133,1710,423
116000048,1951,1567,384
116000049,932,1788,-856
116000050,1229,1337,-108
116000051,2980,1715,1265
116000052,3587,3428,159
116000053,1497,1177,320
116000054,590,2004,-1414
116000055,346,1339,-993
116000056,465,1042,-577
116000057,2562,2177,385
116000058,3045,2057,988
116000059,2748,4221,-1473
116000060,3337,948,2389
116000061,373,754,-381
116000062,631,293,338
116000063,487,1062,-575
116000066,167,466,-299
116000067,324,709,-385
116000068,161,246,-85
116000069,279,470,-191
116000078,292,951,-659
116000080,1240,1045,195
116000082,23,171,-148
116000083,1050,332,718
116000084,2618,4744,-2126
116000085,1705,1147,558
116000086,2526,1463,1063
116000087,966,1125,-159
116000088,969,1824,-855
116000089,181,146,35
116000090,161,152,9
116000091,255,86,169
116000093,565,1255,-690
116000094,382,843,-461
116000095,476,1049,-573
116000096,517,1226,-709
116000097,435,995,-560
116000098,390,4268,-3878
116000099,11592,437,11155
116000100,88,14,74
116000101,437,2085,-1648
116000102,193,1710,-1517
116000103,438,257,181
116000104,188,2065,-1877
116000105,609,189,420
116000106,324,1442,-1118
116000107,1346,574,772
116000108,136,187,-51
116000111,66,8,58
116000113,76,66,10
116000114,40,162,-122
116000115,220,87,133
116000116,263,687,-424
116000117,986,2258,-1272
116000118,993,1770,-777
116000119,1787,1648,139
116000120,2759,5544,-2785
116000121,540,432,108
116000122,1470,3157,-1687
116000123,434,505,-71
116000124,341,1452,-1111
116000125,1590,554,1036
116000126,259,1867,-1608
116000127,1147,2012,-865
116000128,1084,780,304
116000129,691,193,498
116000130,227,250,-23
116000133,357,1083,-726
116000134,1329,3659,-2330
116000135,1174,1297,-123
116000136,961,3104,-2143
116000137,548,551,-3
116000138,1448,485,963
116000139,1571,2383,-812
116000140,63,274,-211
116000141,364,1218,-854
116000142,4460,4801,-341
116000143,1841,1396,445
116000144,1194,3526,-2332
116000145,1450,1595,-145
116000146,248,515,-267
116000147,232,132,100
116000148,286,464,-178
116000149,384,553,-169
116000151,545,1213,-668
116000153,54,454,-400
116000155,294,243,51
116000156,804,2049,-1245
116000157,33,21,12
116000158,341,361,-20
116000159,14,15,-1
116000160,10,179,-169
116000161,8,147,-139
116000162,68,47,21
116000163,7,4,3
116000164,12,13,-1
116000177,177,86,91
116000194,53,509,-456
116000195,1574,663,911
116000196,4,3,1
116000197,0,1,-1
116000198,2654,1055,1599
116000200,804,228,576
116000201,619,687,-68
116000202,8,440,-432
116000203,0,82,-82
116000204,24,57,-33
116000205,0,184,-184
116000206,2,87,-85
116000207,0,32,-32
116000233,141,1037,-896
116000287,111,696,-585
116000288,102,302,-200
116000292,38,106,-68
116000296,8,417,-409
116000297,51,6,45
116000304,54,54,0
116000305,17,118,-101
116000346,152,254,-102
116000352,144,121,23
116000354,67,56,11
116000357,12,43,-31
116000358,121,42,79
116000361,113,2,111
116000372,10050,2513,7537
116000381,73,1,72
116000388,0,50,-50
116000389,586,589,-3
116000445,261,1053,-792
116000446,243,1432,-1189
116000447,15,556,-541
116000448,680,282,398
116000563,1012,638,374
116000565,109,535,-426
116000568,53,192,-139
116000579,25,150,-125
116000584,10,13,-3
116000585,7,17,-10
116000586,247,105,142
116000587,329,593,-264
116000589,19,81,-62
116000590,72,81,-9
116000591,76,361,-285
116000592,9,175,-166
116000593,0,73,-73
116000594,278,705,-427
116000595,539,203,336
116000596,48,6,42
116000597,183,57,126
116000598,11,272,-261
116000602,108,388,-280
116000605,264,215,49
116000606,44,155,-111
116000607,7,36,-29
116000609,213,707,-494
116000611,74,655,-581
116000612,558,1772,-1214
116000613,229,335,-106
116000614,408,1052,-644
116000615,0,132,-132
116000616,12,147,-135
116000617,56,119,-63
116000618,2,241,-239
116000619,15,49,-34
116000620,59,43,16
116000621,21,106,-85
116000622,21,154,-133
116000624,87,77,10
116000627,29,77,-48
116000628,28,1597,-1569
116000629,47,948,-901
116000630,182,179,3
116000631,58,126,-68
116000632,208,780,-572
116000633,21,957,-936
116000634,167,43,124
116000635,2599,1283,1316
116000636,1429,947,482
116000637,159,14,145
116000638,10,786,-776
116900001,179,121,58
116900002,363,7,356
116900003,23,95,-72
116900004,25,64,-39
116900005,139,78,61
116900006,147,159,-12
116900007,103,211,-108
116900008,260,656,-396
116900009,18,1,17
116900010,2,2226,-2224
116900011,20,44,-24
116900012,176,258,-82
116900013,12,187,-175
116900014,52,544,-492
116900015,140,76,64
116900016,109,1,108
116900017,3,907,-904
116900018,41,50,-9
116900019,1,591,-590
116900020,2507,443,2064
116900023,45,9,36
116900024,329,91,238
116900025,399,1569,-1170
116900026,189,957,-768
116900027,8,50,-42
116900028,4,200,-196
116900029,1,14,-13
116900031,0,15,-15
116900032,2,464,-462
116900033,3,4,-1
116900034,5,95,-90
116900035,67,245,-178
116900036,2,123,-121
116900038,7,1,6
116900041,67,10,57
116900042,1172,257,915
116900043,5,78,-73
116900047,128,44,84
116900049,46,368,-322
116900050,70,549,-479
116900051,33,377,-344
116900052,111,101,10
116900055,1,5,-4
116900057,23,374,-351
116900058,23,508,-485
116900059,0,235,-235
116900060,177,289,-112
116900062,1,12,-11
116900064,39,1280,-1241
116900065,14,137,-123
116900067,84,213,-129
116900068,102,433,-331
116900070,0,3,-3
116900072,17,689,-672
116900073,9,266,-257
116900074,3,57,-54
116900076,8,27,-19
116900077,5,290,-285
116900078,217,242,-25
116900079,23,482,-459
116900080,4,25,-21
116900081,351,1855,-1504
116900082,226,919,-693
116900083,28,66,-38
116900084,257,52,205
116900085,37,193,-156
116900086,46,309,-263
116900088,491,71,420
116900090,143,63,80
116900091,142,107,35
116900092,77,976,-899
116900093,2033,1924,109
116900094,7450,2517,4933
116900095,314,260,54
116900096,90,145,-55
116900097,4753,1810,2943
116900098,998,224,774
116900099,659,406,253
116900100,445,21,424
116900101,277,788,-511
116900103,9,2,7
116900104,32,83,-51
116900105,199,43,156
116900106,819,535,284
116900107,5419,1237,4182
116900110,6,1,5
116900111,188,1618,-1430
116900112,180,1457,-1277
116900113,4364,1039,3325
116900116,141,269,-128
116900117,28,129,-101
116900118,1123,694,429
116900120,116,142,-26
116900121,30,55,-25
116900122,313,1274,-961
116900123,111,1230,-1119
116900124,130,1024,-894
116900125,176,342,-166
116900126,299,600,-301
116900128,1,74,-73
116900129,2,439,-437
116900130,1218,1814,-596
116900131,78,196,-118
116900132,20,72,-52
116900133,66,133,-67
116900134,136,234,-98
116900136,130,191,-61
116900137,294,244,50
116900138,156,253,-97
116900139,74,443,-369
116900140,126,195,-69
116900141,475,353,122
116900142,2,25,-23
116900143,191,592,-401
116900144,16,35,-19
116900145,69,435,-366
116900147,660,323,337
116900148,2,22,-20
116900149,19,128,-109
116900150,5,5,0
116900151,97,30,67
116900153,74,71,3
116900154,820,204,616
116900155,70,50,20
116900157,185,399,-214
116900158,62,92,-30
116900159,22,197,-175
116900160,712,217,495
116900161,10911,3773,7138
116900162,7,185,-178
116900163,66,200,-134
116900164,64,55,9
116900165,138,90,48
116900166,13,146,-133
116900167,228,70,158
116900168,162,113,49
116900169,729,218,511
116900170,202,213,-11
116900171,35,290,-255
116900172,223,83,140
116900173,49,49,0
116900174,14,13,1
116900175,146,118,28
116900178,15,258,-243
116900179,47,132,-85
116900180,46,27,19
116900182,328,141,187
116900183,86,101,-15
116900185,15,11,4
116900186,87,476,-389
116900187,18,20,-2
116900188,90,8,82
116900189,38,0,38
116900191,266,445,-179
116900192,165,311,-146
116900194,103,641,-538
116900195,23,10,13
116900196,14,132,-118
116900197,55,8,47
116900198,314,143,171
116900200,34,41,-7
116900201,51,9,42
116900202,138,68,70
116900203,124,1,123
116900204,41,75,-34
116900206,5,35,-30
116900207,30,17,13
116900208,15,231,-216
116900209,17,197,-180
116900210,311,204,107
116900211,191,8,183
116900212,19,100,-81
116900213,192,281,-89
116900214,80,165,-85
116900215,33,100,-67
116900216,154,487,-333
116900218,7,330,-323
116900219,940,333,607
116900220,62,192,-130
116900221,51,258,-207
116900222,367,264,103
116900223,56,202,-146
116900226,45,91,-46
116900227,123,97,26
116900228,184,285,-101
116900230,43,526,-483
116900231,18,632,-614
116900232,5,696,-691
116900233,120,108,12
116900234,8,4,4
116900235,106,443,-337
116900238,1534,401,1133
116900239,21,783,-762
116900240,8071,2951,5120
116900241,27,347,-320
116900242,486,262,224
116900243,4,145,-141
116900245,22,11,11
116900246,23,2,21
116900247,326,34,292
116900248,54,30,24
116900249,177,149,28
116900250,160,51,109
116900251,451,236,215
116900252,56,1379,-1323
116900253,64,106,-42
116900254,6,121,-115
116900255,68,37,31
116900256,228,93,135
116900257,5,901,-896
116900258,1,490,-489
116900259,49,3,46
116900260,4,191,-187
116900261,10,1,9
116900262,150,165,-15
116900263,0,8,-8
116900264,4,4,0
116900265,5,0,5
116900266,9,105,-96
116900267,0,2,-2
116900268,15,6,9
116900269,208,504,-296
116900271,2868,92,2776
116900272,575,687,-112
116900273,259,55,204
116900274,49,75,-26
116900275,86,158,-72
116900276,1832,61,1771
116900277,843,13,830
116900278,1,18,-17
116900279,2,27,-25
116900280,7,35,-28
116900281,9675,2319,7356
116900282,7,210,-203
116900283,20,170,-150
116900284,31,281,-250
116900285,497,279,218
116900286,319,10,309
116900287,2,119,-117
116900288,18,149,-131
116900289,3,53,-50
116900290,3,51,-48
116900291,9,16,-7
116900292,0,8,-8
116900293,14,118,-104
116900294,38,148,-110
116900295,184,148,36
116900296,42,81,-39
116900297,3,69,-66
116900298,129,48,81
116900299,47,72,-25
116900300,10,343,-333
116900301,83,76,7
116900302,59,56,3
116900303,620,35,585
116900304,1,100,-99
116900305,11,45,-34
116900306,57,176,-119
117000001,1290,1156,134
117000002,1502,4575,-3073
117000003,6610,2531,4079
117000004,4914,6332,-1418
117000005,1410,1502,-92
117000006,1096,4840,-3744
117000007,2237,1223,1014
117000008,1379,5687,-4308
117000009,4048,1508,2540
117000010,2880,5332,-2452
117000011,1474,1877,-403
117000012,1249,2248,-999
117000013,1083,1419,-336
117000014,867,3080,-2213
117000015,3210,1323,1887
117000016,694,82,612
117000017,537,210,327
117000018,187,366,-179
117000019,173,3,170
117000020,985,1237,-252
117000021,3975,524,3451
117000022,792,64,728
117000023,842,118,724
117000024,703,102,601
117000025,1092,820,272
117000026,3376,749,2627
117000027,4155,1670,2485
117000028,4772,888,3884
117000030,865,624,241
117000031,503,211,292
117000032,2027,1593,434
117000033,1192,812,380
117000034,311,395,-84
117000035,247,233,14
117000036,435,378,57
117000037,198,197,1
117000038,287,626,-339
117000039,384,344,40
117000040,147,1713,-1566
117000041,466,182,284
117000044,35,1647,-1612
117000045,300,42,258
117000046,525,969,-444
117000047,575,450,125
117000048,2490,1950,540
117000049,134,386,-252
117000050,126,3609,-3483
117000051,1508,130,1378
117000052,7,911,-904
117000053,149,80,69
117000054,1237,7,1230
117000055,25,4644,-4619
117000056,549,20,529
117000057,743,2951,-2208
117000060,479,2155,-1676
117000061,1219,766,453
117000062,212,680,-468
117000063,1242,634,608
117000064,1053,1025,28
117000066,1412,842,570
117000067,140,380,-240
117000074,198,164,34
117000076,84,52,32
117000077,124,122,2
117000078,139,669,-530
117000079,301,177,124
117000080,1,342,-341
117000081,681,144,537
117000082,13,71,-58
117000083,133,28,105
117000084,437,2,435
117000085,228,631,-403
117000086,1245,801,444
117000087,115,705,-590
117000088,231,209,22
117000089,1216,411,805
117000090,257,2008,-1751
117000091,481,305,176
117000092,339,2120,-1781
117000093,826,729,97
117000094,850,3321,-2471
117000095,1963,836,1127
117000096,601,3277,-2676
117000097,958,1216,-258
117000098,3107,7352,-4245
117000099,2155,963,1192
117000100,154,202,-48
117000101,259,1736,-1477
117000102,1295,599,696
117000103,800,2413,-1613
117000104,1057,595,462
117000105,904,2400,-1496
117000106,831,863,-32
117000107,619,2787,-2168
117000108,1182,940,242
117000109,1897,3570,-1673
117000110,1157,803,354
117000111,3346,5152,-1806
117000112,2490,2275,215
117000113,137,417,-280
117000114,99,158,-59
117000115,53,194,-141
117000116,75,285,-210
117000117,1433,554,879
117000118,263,114,149
117000119,837,61,776
117000120,366,179,187
117000121,237,626,-389
117000122,756,879,-123
117000123,2174,22,2152
117000124,975,32,943
117000125,434,42,392
117000126,69,25,44
117000127,251,382,-131
117000128,487,743,-256
117000129,721,248,473
117000130,157,0,157
117000131,1,224,-223
117000132,1285,22,1263
117000133,687,107,580
117000134,1,61,-60
117000135,2,29,-27
117000136,0,54,-54
117000137,45,54,-9
117000138,1,668,-667
117000140,552,2033,-1481
117000141,1383,626,757
117000181,1375,557,818
117000182,242,210,32
117000195,182,1781,-1599
117000196,118,75,43
117000225,183,5,178
117000226,8,107,-99
117000276,176,12,164
117000277,3,915,-912
117000310,2667,3288,-621
117000315,50,921,-871
117000320,68,0,68
117000906,140,9,131
117000907,16,587,-571
117000908,139,8,131
117000909,73,29,44
117000910,168,131,37
117000911,112,201,-89
117000915,7,747,-740
117000916,24,3,21
117000917,562,22,540
117000918,33,63,-30
117000919,14,135,-121
117000920,6,2194,-2188
117000921,9,2993,-2984
117000922,40,155,-115
117000924,298,652,-354
117000926,1490,88,1402
117000927,2496,454,2042
117000928,2,364,-362
117000929,108,781,-673
117000930,114,19,95
117000931,809,96,713
117900002,134,398,-264
117900003,1036,454,582
117900005,7,7,0
117900006,0,22,-22
117900007,95,288,-193
117900008,1,31,-30
117900010,352,159,193
117900011,37,14,23
117900012,65,262,-197
117900013,1,505,-504
117900014,331,263,68
117900015,18,302,-284
117900016,1571,532,1039
117900017,427,639,-212
117900018,322,46,276
117900019,214,791,-577
117900020,55,260,-205
117900021,26,153,-127
117900022,22,13,9
117900023,880,309,571
117900024,78,195,-117
117900025,33,17,16
117900026,203,691,-488
117900028,82,7,75
117900029,211,1462,-1251
117900030,255,157,98
117900031,305,98,207
117900032,580,421,159
117900033,129,1185,-1056
117900034,34,68,-34
117900035,124,69,55
117900036,156,824,-668
117900037,82,167,-85
117900038,19,546,-527
117900039,6,121,-115
117900040,82,792,-710
117900041,9,88,-79
117900042,5678,479,5199
117900043,35,64,-29
117900044,52,2834,-2782
117900045,120,104,16
117900048,113,416,-303
117900049,101,1009,-908
117900050,10,32,-22
117900051,44,5,39
117900052,51,250,-199
117900053,761,781,-20
117900054,0,14,-14
117900055,179,166,13
117900056,655,47,608
117900057,890,1476,-586
117900058,140,12,128
117900059,345,91,254
117900060,810,7096,-6286
117900061,19,236,-217
117900063,243,263,-20
117900065,777,1403,-626
117900066,16,55,-39
117900067,264,351,-87
117900069,478,624,-146
117900070,324,15,309
117900071,69,130,-61
117900073,280,581,-301
117900074,184,6,178
117900075,47,81,-34
117900076,29,66,-37
117900077,191,201,-10
117900078,208,469,-261
117900080,143,54,89
117900081,610,542,68
117900082,295,282,13
117900083,194,898,-704
117900086,46,59,-13
117900087,44,41,3
117900088,2938,2235,703
117900089,1130,384,746
117900090,253,1164,-911
117900091,160,162,-2
117900092,48,39,9
117900093,27,55,-28
117900094,18,20,-2
117900095,200,846,-646
117900096,35,257,-222
117900097,242,105,137
117900098,11,10,1
117900099,127,570,-443
117900100,112,2,110
117900101,515,949,-434
117900102,34,70,-36
117900103,16,0,16
117900104,21,154,-133
117900105,121,227,-106
117900106,55,62,-7
117900107,18,0,18
117900109,309,349,-40
117900110,17,0,17
117900111,199,6,193
117900112,39,18,21
117900113,5044,1661,3383
117900114,11,1,10
117900115,326,43,283
117900116,1001,1032,-31
117900117,254,457,-203
117900118,16,0,16
117900119,93,445,-352
117900120,92,168,-76
117900121,44,45,-1
117900122,1348,1586,-238
117900123,668,993,-325
117900124,597,723,-126
117900125,1287,857,430
117900126,284,795,-511
117900127,410,881,-471
117900128,246,1278,-1032
117900129,23,0,23
117900130,831,418,413
117900131,1,114,-113
117900132,14,151,-137
117900133,5,187,-182
117900134,60,360,-300
117900135,14,344,-330
117900136,0,74,-74
117900137,30,520,-490
117900138,2,79,-77
117900139,27,195,-168
117900140,6327,220,6107
117900141,240,342,-102
117900142,136,8,128
117900144,124,139,-15
117900145,93,4,89
117900146,223,128,95
117900147,32,92,-60
117900148,3563,1012,2551
117900149,28,212,-184
117900150,22,86,-64
117900151,24,175,-151
117900152,181,114,67
117900153,16,132,-116
117900154,262,816,-554
117900156,864,941,-77
117900157,53,512,-459
117900158,124,90,34
117900160,356,348,8
117900161,3021,3003,18
117900162,198,414,-216
117900163,75,14,61
117900165,1,9,-8
117900166,110,225,-115
117900168,41,170,-129
117900169,2,110,-108
117900170,3,34,-31
117900171,3,14,-11
117900172,10,45,-35
117900173,149,61,88
117900174,25,67,-42
117900175,5,44,-39
117900176,9,72,-63
117900177,13,81,-68
117900178,88,55,33
117900180,325,30,295
117900181,190,235,-45
117900182,1,35,-34
117900183,33,168,-135
117900184,5,40,-35
117900185,16,38,-22
117900186,38,37,1
117900187,11,20,-9
117900188,210,40,170
117900189,58,14,44
117900190,16,4,12
117900191,71,1,70
117900192,175,2,173
117900193,14,54,-40
117900194,4,6,-2
117900195,33,43,-10
117900196,6,39,-33
117900207,110,111,-1
117900208,22,46,-24
117900209,182,171,11
117900210,176,194,-18
117900211,7,233,-226
117900212,81,164,-83
117900213,11,16,-5
117900214,3,94,-91
117900215,29,56,-27
117900216,52,19,33
117900217,164,51,113
117900218,303,211,92
117900219,3,31,-28
117900220,141,70,71
117900222,143,316,-173
117900223,102,179,-77
118000001,805,538,267
118000002,1450,2088,-638
118000003,1930,1393,537
118000004,2986,2134,852
118000005,7402,2558,4844
118000006,10494,7860,2634
118000007,7293,2524,4769
118000008,5720,3090,2630
118000009,2250,3055,-805
118000010,3888,4361,-473
118000011,905,3495,-2590
118000012,1139,3352,-2213
118000013,3726,3414,312
118000014,2009,3488,-1479
118000016,211,494,-283
118000017,203,297,-94
118000018,271,591,-320
118000019,2167,1172,995
118000020,1572,1487,85
118000021,690,1875,-1185
118000022,1953,564,1389
118000023,1016,232,784
118000024,2147,688,1459
118000027,23405,6842,16563
118000029,1554,544,1010
118000032,1974,1963,11
118000033,2793,2501,292
118000034,5818,2020,3798
118000035,1493,1653,-160
118000036,1171,908,263
118000037,646,1012,-366
118000038,104,115,-11
118000039,73,492,-419
118000040,1377,2550,-1173
118000041,1982,1709,273
118000045,728,117,611
118000046,2339,605,1734
118000047,2008,470,1538
118000048,3937,1199,2738
118000051,2536,1590,946
118000052,1753,1007,746
118000053,508,590,-82
118000054,1965,1484,481
118000055,1513,1749,-236
118000056,213,346,-133
118000057,482,373,109
118000058,4315,1431,2884
118000059,2590,992,1598
118000060,704,925,-221
118000061,657,1615,-958
118000062,690,282,408
118000063,401,545,-144
118000064,1078,1308,-230
118000065,5887,1824,4063
118000066,958,1138,-180
118000067,1179,677,502
118000068,1982,3573,-1591
118000069,3732,1282,2450
118000070,8802,1543,7259
118000071,4424,5131,-707
118000072,2197,1072,1125
118000073,2799,476,2323
118000074,399,419,-20
118000075,788,292,496
118000076,1307,1237,70
118000077,1420,1211,209
118000078,1767,1570,197
118000079,339,384,-45
118000080,1187,919,268
118000081,1476,1157,319
118000082,308,814,-506
118000083,2552,1241,1311
118000084,2757,1607,1150
118000086,200,576,-376
118000087,7480,2687,4793
118000088,2046,1706,340
118000089,4410,2664,1746
118000090,2568,2551,17
118000091,1999,1765,234
118000092,1389,372,1017
118000093,129,697,-568
118000096,483,518,-35
118000097,605,605,0
118000098,201,252,-51
118000099,291,1083,-792
118000101,707,410,297
118000102,326,1634,-1308
118000107,4471,544,3927
118000108,589,1203,-614
118000110,1,36,-35
118000111,5,775,-770
118000112,168,0,168
118000113,11,1428,-1417
118000114,159,4,155
118000115,17,7,10
118000116,49,1,48
118000117,1224,1019,205
118000118,724,694,30
118000119,846,1168,-322
118000120,1646,1861,-215
118000121,81,591,-510
118000122,1132,250,882
118000123,51,308,-257
118000125,1808,1409,399
118000126,548,1533,-985
118000127,1738,666,1072
118000128,698,1368,-670
118000129,609,237,372
118000130,2922,4482,-1560
118000131,415,1045,-630
118000132,1816,1437,379
118000133,480,467,13
118000135,427,322,105
118000136,115,578,-463
118000137,600,98,502
118000138,266,1164,-898
118000139,166,87,79
118000140,2263,3274,-1011
118000141,1601,2184,-583
118000142,1091,2204,-1113
118000143,1321,1001,320
118000144,1447,1090,357
118000145,1267,2923,-1656
118000146,873,1411,-538
118000147,596,1883,-1287
118000148,354,1440,-1086
118000149,610,1427,-817
118000150,294,299,-5
118000151,232,571,-339
118000153,737,1177,-440
118000154,765,1634,-869
118000155,734,1269,-535
118000156,2702,2252,450
118000157,417,344,73
118000158,97,475,-378
118000159,32,74,-42
118000160,311,415,-104
118000161,306,1040,-734
118000162,934,904,30
118000163,431,706,-275
118000164,2154,1428,726
118000168,1794,259,1535
118000169,940,2006,-1066
118000170,4206,7803,-3597
118000171,231,675,-444
118000172,107,321,-214
118000173,800,1251,-451
118000175,211,286,-75
118000176,177,367,-190
118000177,178,494,-316
118000178,89,42,47
118000179,1595,795,800
118000180,732,781,-49
118000181,808,298,510
118000182,289,246,43
118000183,223,251,-28
118000184,495,1047,-552
118000185,1237,701,536
118000186,732,790,-58
118000187,726,929,-203
118000188,415,296,119
118000189,306,1125,-819
118000190,10,9,1
118000191,15,48,-33
118000192,59,93,-34
118000193,92,267,-175
118000194,1906,1039,867
118000195,1086,514,572
118000196,496,126,370
118000197,191,78,113
118000198,524,436,88
118000199,630,319,311
118000200,131,289,-158
118000201,637,357,280
118000202,39,81,-42
118000203,1560,299,1261
118000204,213,212,1
118000205,360,281,79
118000206,169,150,19
118000207,2,156,-154
118000208,893,1671,-778
118000209,1392,2101,-709
118000210,34,40,-6
118000211,22,27,-5
118000213,1010,1350,-340
118000214,646,359,287
118000215,239,299,-60
118000216,1650,4394,-2744
118000217,17,131,-114
118000218,32,125,-93
118000219,550,347,203
118000220,0,12,-12
118000221,102,278,-176
118000222,96,43,53
118000223,24,23,1
118000224,213,97,116
118000225,130,1121,-991
118000226,659,128,531
118000227,1000,280,720
118000228,196,184,12
118000229,316,32,284
118000230,96,418,-322
118000231,61,271,-210
118000232,503,1188,-685
118000233,695,981,-286
118000234,175,362,-187
118000236,302,565,-263
118000237,52,802,-750
118000238,111,374,-263
118000239,207,316,-109
118000240,834,102,732
118000241,117,220,-103
118000242,245,845,-600
118000243,99,242,-143
118000244,22,211,-189
118000246,0,4,-4
118000255,38,224,-186
118000256,73,235,-162
118000259,7,64,-57
118000260,83,109,-26
118000261,24,107,-83
118000263,66,217,-151
118000266,120,505,-385
118000267,1,112,-111
118000268,284,3,281
118000270,40,50,-10
118000271,130,357,-227
118000272,52,40,12
118000273,129,73,56
118000274,116,479,-363
118000276,320,415,-95
118000295,1,87,-86
118000298,195,491,-296
118000299,67,221,-154
118000301,0,88,-88
118000302,57,98,-41
118000311,153,198,-45
118000312,195,212,-17
118000313,64,277,-213
118000314,43,88,-45
118000315,34,120,-86
118000316,477,570,-93
118000325,30,131,-101
118000326,17,37,-20
118000331,31,70,-39
118000332,12,122,-110
118000333,23,126,-103
118000335,120,1,119
118000336,0,534,-534
118000407,114,72,42
118000457,8,27,-19
118000465,4947,2918,2029
118000480,30,130,-100
118000489,21,127,-106
118000490,54,470,-416
118000492,166,216,-50
118000510,78,17,61
118000514,197,424,-227
118000515,616,383,233
118000517,345,187,158
118000524,1369,315,1054
118000525,821,990,-169
118000530,6,153,-147
118000531,70,301,-231
118000532,115,308,-193
118000533,299,183,116
118000534,478,400,78
118000535,133,80,53
118000536,1335,803,532
118000537,21,123,-102
118000538,15,142,-127
118000539,15,67,-52
118000540,358,382,-24
118000541,134,135,-1
118000542,80,186,-106
118000543,258,280,-22
118000546,26,42,-16
118000553,0,1,-1
118000560,4460,1023,3437
118000562,13,512,-499
118000563,1943,1412,531
118000576,145,201,-56
118000577,112,142,-30
118000578,125,107,18
118000579,733,1170,-437
118000583,0,0,0
118000595,113,67,46
118000596,0,71,-71
118000597,72,128,-56
118000598,3,0,3
118000599,26,40,-14
118000600,2,62,-60
118000601,5,0,5
118000602,0,54,-54
118000603,1,33,-32
118900001,1526,746,780
118900002,1321,604,717
118900003,149,32,117
118900004,11,54,-43
118900005,45,6,39
118900006,88,4,84
118900007,3,2,1
118900008,1286,56,1230
118900009,23,19,4
118900010,41,4,37
118900011,83,33,50
118900012,369,299,70
118900013,781,58,723
118900015,104,55,49
118900016,6,14,-8
118900017,194,220,-26
118900018,1440,20,1420
118900019,60,13,47
118900020,169,115,54
118900021,138,357,-219
118900022,98,104,-6
118900023,67,106,-39
118900024,39,220,-181
118900025,34,22,12
118900026,65,109,-44
118900027,463,278,185
118900028,80,199,-119
118900029,144,633,-489
118900030,171,75,96
118900031,68,162,-94
118900032,100,268,-168
118900033,301,1001,-700
118900034,38,20,18
118900035,99,347,-248
118900036,632,725,-93
118900037,236,364,-128
118900038,163,370,-207
118900039,284,261,23
118900040,164,171,-7
118900041,237,257,-20
118900042,158,193,-35
118900045,151,171,-20
118900046,907,175,732
118900047,830,207,623
118900048,121,170,-49
118900049,63,41,22
118900050,5,188,-183
118900051,50,62,-12
118900052,122,317,-195
118900053,44,84,-40
118900054,70,85,-15
118900055,25,158,-133
118900056,24,191,-167
118900057,344,345,-1
118900058,265,659,-394
118900059,27,107,-80
118900060,47,134,-87
118900062,84,292,-208
118900064,742,404,338
118900065,28,176,-148
118900066,45,142,-97
118900067,7332,2217,5115
118900068,9,173,-164
118900069,275,273,2
118900071,3,55,-52
118900072,290,459,-169
118900073,35,127,-92
118900074,58,217,-159
118900075,25,104,-79
118900076,226,89,137
118900077,174,177,-3
118900078,37,3,34
118900079,43,255,-212
118900080,17,100,-83
118900081,40,28,12
118900082,492,185,307
118900083,22,35,-13
118900084,14,26,-12
118900085,539,1072,-533
118900086,8,97,-89
118900087,16,176,-160
118900088,0,21,-21
118900089,20,8,12
118900090,359,479,-120
118900091,268,148,120
118900092,54,117,-63
118900093,114,8,106
118900096,60,15,45
118900097,193,982,-789
118900099,79,368,-289
118900100,162,273,-111
118900101,45,810,-765
118900102,23,68,-45
118900103,43,89,-46
118900104,72,169,-97
118900105,137,95,42
118900107,144,79,65
118900108,34,118,-84
118900110,2040,572,1468
118900111,291,863,-572
118900112,49,98,-49
118900113,49,840,-791
118900114,11,125,-114
118900115,86,514,-428
118900116,86,160,-74
118900117,67,179,-112
118900118,165,437,-272
118900119,81,303,-222
118900120,70,316,-246
118900121,6,403,-397
118900122,4,461,-457
118900123,114,231,-117
118900124,77,172,-95
118900126,21,231,-210
118900129,155,175,-20
118900130,49,124,-75
118900131,93,327,-234
118900132,401,222,179
118900133,22,62,-40
118900135,64,234,-170
118900136,201,1006,-805
118900137,1,22,-21
118900139,80,751,-671
118900140,368,1041,-673
118900141,56,384,-328
118900144,97,762,-665
118900145,21,247,-226
118900146,211,964,-753
118900147,169,97,72
118900148,51,63,-12
118900150,141,365,-224
118900152,508,1101,-593
118900157,154,162,-8
118900158,73,121,-48
118900159,3,322,-319
118900161,108,7,101
118900163,329,67,262
118900164,7,130,-123
118900165,34,363,-329
118900166,94,3,91
118900167,40,197,-157
118900168,2,54,-52
118900169,100,570,-470
118900170,52,177,-125
118900171,10,17,-7
118900174,53,65,-12
118900175,215,420,-205
118900176,103,189,-86
118900177,10,67,-57
118900178,31,102,-71
118900179,1,48,-47
118900181,71,110,-39
118900182,81,28,53
118900183,9,61,-52
118900184,187,55,132
118900185,70,122,-52
118900186,64,88,-24
118900187,153,327,-174
118900188,169,382,-213
118900189,23,563,-540
118900190,7,801,-794
118900191,99,47,52
118900192,92,35,57
118900193,195,17,178
118900195,425,1254,-829
118900196,23,246,-223
118900197,80,170,-90
118900198,10,71,-61
118900199,30,55,-25
118900200,17,7,10
118900201,8,8,0
118900202,9,80,-71
118900203,5,42,-37
118900204,5,53,-48
118900205,10,41,-31
118900206,4,60,-56
119000001,1002,1309,-307
119000002,2633,3895,-1262
119000003,1384,1802,-418
119000004,1714,1534,180
119000005,1519,1735,-216
119000006,1604,1594,10
119000007,2583,3088,-505
119000008,1478,2554,-1076
119000009,3698,2700,998
119000010,9800,4277,5523
119000011,6457,2165,4292
119000012,5649,3595,2054
119000013,2131,1249,882
119000014,2391,4171,-1780
119000019,206,213,-7
119000020,1150,1370,-220
119000021,2628,2103,525
119000022,4579,1790,2789
119000023,213,230,-17
119000024,2396,6704,-4308
119000025,13982,1445,12537
119000026,297,321,-24
119000027,596,427,169
119000028,2408,1402,1006
119000029,113,270,-157
119000030,493,1414,-921
119000031,734,951,-217
119000032,2668,2880,-212
119000033,1727,2011,-284
119000034,950,1249,-299
119000035,40,481,-441
119000036,842,1365,-523
119000037,941,2954,-2013
119000038,100,1606,-1506
119000039,138,376,-238
119000040,1056,456,600
119000041,1019,1078,-59
119000048,3999,4778,-779
119000049,1163,4473,-3310
119000050,1628,2774,-1146
119000051,1761,1090,671
119000052,2369,3258,-889
119000053,1572,1301,271
119000054,2504,4943,-2439
119000055,2432,4450,-2018
119000056,1622,2377,-755
119000057,1300,3265,-1965
119000058,1699,2774,-1075
119000059,969,1970,-1001
119000060,1096,952,144
119000061,823,1035,-212
119000062,1131,1497,-366
119000063,259,271,-12
119000064,1380,2284,-904
119000065,1983,4057,-2074
119000066,2053,1061,992
119000067,1837,3376,-1539
119000068,1061,1178,-117
119000069,1280,3427,-2147
119000070,1583,1410,173
119000071,634,1148,-514
119000072,8031,4820,3211
119000073,7019,6084,935
119000074,729,4683,-3954
119000075,884,2833,-1949
119000076,744,1160,-416
119000077,948,666,282
119000078,343,358,-15
119000079,105,927,-822
119000080,142,297,-155
119000081,289,531,-242
119000082,852,304,548
119000083,330,418,-88
119000084,283,706,-423
119000085,762,403,359
119000086,255,434,-179
119000087,1980,1327,653
119000088,257,258,-1
119000089,74,206,-132
119000090,132,161,-29
119000091,127,419,-292
119000092,855,243,612
119000093,4643,4434,209
119000094,1989,6321,-4332
119000095,1228,3588,-2360
119000097,2764,2026,738
119000098,647,1574,-927
119000099,2200,2162,38
119000100,2321,2419,-98
119000101,3902,3176,726
119000102,727,996,-269
119000103,1688,623,1065
119000104,3785,1829,1956
119000105,774,1111,-337
119000106,238,2668,-2430
119000107,373,584,-211
119000108,218,1766,-1548
119000109,173,486,-313
119000110,767,695,72
119000111,75,658,-583
119000112,251,153,98
119000113,3883,333,3550
119000114,792,743,49
119000115,182,208,-26
119000116,73,115,-42
119000117,110,392,-282
119000118,1,1,0
119000123,3856,799,3057
119000124,348,262,86
119000125,1933,1512,421
119000126,451,1315,-864
119000127,270,1163,-893
119000128,56,5,51
119000131,612,1397,-785
119000132,3,2,1
119000133,1,8,-7
119000134,3195,517,2678
119000135,72,279,-207
119000136,112,410,-298
119000137,171,818,-647
119000138,198,743,-545
119000139,180,394,-214
119000140,99,337,-238
119000284,1673,3303,-1630
119000285,2774,2519,255
119000286,8114,5850,2264
119000287,1293,2551,-1258
119000288,1595,2040,-445
119000289,2641,5025,-2384
119000290,194,656,-462
119000291,7,466,-459
119000293,81,171,-90
119000294,37,26,11
119000295,2750,700,2050
119000296,110,141,-31
119000299,0,0,0
119000302,4806,1588,3218
119000303,26,187,-161
119000314,1546,6543,-4997
119000315,0,880,-880
119000316,51,180,-129
119000317,52,689,-637
119900001,168,921,-753
119900002,60,309,-249
119900003,65,1559,-1494
119900004,412,517,-105
119900005,111,210,-99
119900006,168,377,-209
119900007,641,130,511
119900008,69,40,29
119900009,403,675,-272
119900010,2218,1505,713
119900011,52,52,0
119900012,9,44,-35
119900013,1737,793,944
119900014,753,258,495
119900015,121,24,97
119900016,19,111,-92
119900017,23,56,-33
119900018,1821,303,1518
119900019,40,12,28
119900020,73,180,-107
119900021,73,68,5
119900022,157,348,-191
119900023,872,657,215
119900025,96,26,70
119900026,1139,108,1031
119900027,3,22,-19
119900028,147,49,98
119900029,1,3,-2
119900030,439,490,-51
119900031,25,206,-181
119900033,2605,154,2451
119900034,183,214,-31
119900037,67,45,22
119900038,37,226,-189
119900039,49,8,41
119900040,29,10,19
119900041,56,67,-11
119900042,55,201,-146
119900043,28,259,-231
119900044,184,399,-215
119900046,73,111,-38
119900047,148,68,80
119900048,8,57,-49
119900049,53,9,44
119900050,63,64,-1
119900051,210,6,204
119900052,38,85,-47
119900053,46,269,-223
119900054,62,5,57
119900055,705,351,354
119900057,95,149,-54
119900058,144,2,142
119900059,119,43,76
119900060,170,8,162
119900062,57,24,33
119900063,26,82,-56
119900065,165,9,156
119900066,1,1,0
119900067,24,31,-7
119900068,231,1,230
119900069,49,41,8
119900070,400,5,395
119900071,287,12,275
119900073,2225,448,1777
119900074,17,18,-1
119900075,7747,2154,5593
119900076,256,708,-452
119900077,378,1934,-1556
119900078,317,1117,-800
119900079,74,443,-369
119900080,895,1769,-874
119900081,169,72,97
119900082,638,520,118
119900083,351,117,234
119900084,840,218,622
119900085,151,76,75
119900087,394,268,126
119900088,55,81,-26
119900089,21,737,-716
119900090,195,76,119
119900091,48,1594,-1546
119900092,21,551,-530
119900093,828,109,719
119900094,22,302,-280
119900095,187,111,76
119900096,35,104,-69
119900097,513,207,306
119900098,51,67,-16
119900099,39,345,-306
119900100,3403,2412,991
119900101,233,1311,-1078
119900102,24,404,-380
119900103,14,796,-782
119900104,40,351,-311
119900105,1288,2014,-726
119900106,9,275,-266
119900107,453,4588,-4135
119900108,2835,802,2033
119900109,17,337,-320
119900110,451,847,-396
119900111,59,528,-469
119900112,3532,612,2920
119900113,77,683,-606
119900114,186,2282,-2096
119900115,135,1879,-1744
119900116,207,321,-114
119900117,138,1302,-1164
119900118,32,1611,-1579
119900119,102,338,-236
119900120,708,983,-275
119900121,163,1962,-1799
119900122,249,491,-242
119900123,206,355,-149
119900124,117,1473,-1356
119900125,73,605,-532
119900126,6747,324,6423
119900127,3939,1245,2694
119900128,264,1146,-882
119900129,99,1241,-1142
119900130,62,378,-316
119900131,26,515,-489
119900132,2,576,-574
119900133,26,65,-39
119900134,3009,310,2699
119900135,1,752,-751
119900136,201,722,-521
119900138,516,728,-212
119900139,25,108,-83
119900140,7,241,-234
119900141,181,515,-334
119900142,13,28,-15
119900143,11,297,-286
119900144,2820,331,2489
119900145,79,313,-234
119900146,227,183,44
119900147,3,145,-142
119900148,60,44,16
119900149,2247,2932,-685
119900150,205,293,-88
119900151,1876,895,981
119900152,78,565,-487
119900153,91,63,28
119900154,7,511,-504
119900155,15,52,-37
119900156,4,5,-1
119900157,87,417,-330
119900158,83,50,33
119900159,11,2375,-2364
119900160,21,424,-403
119900161,171,432,-261
119900162,592,798,-206
119900163,201,137,64
119900164,0,0,0
119900165,105,413,-308
119900166,42,31,11
119900167,108,168,-60
119900168,353,478,-125
119900169,229,390,-161
119900170,145,137,8
119900171,676,680,-4
119900172,106,32,74
119900173,6,760,-754
119900174,24,434,-410
119900175,702,762,-60
119900177,9,312,-303
119900178,13,319,-306
119900179,88,259,-171
119900180,864,910,-46
119900181,30,36,-6
119900182,4,820,-816
119900183,109,1135,-1026
119900184,4512,736,3776
119900185,28,89,-61
119900186,53,388,-335
119900187,10,865,-855
119900188,39,359,-320
119900189,488,219,269
119900190,49,116,-67
119900191,294,131,163
119900192,29,235,-206
119900193,172,274,-102
119900194,8,60,-52
119900195,32,319,-287
119900196,2805,639,2166
119900197,87,108,-21
119900198,87,598,-511
119900199,140,21,119
119900200,325,698,-373
119900201,558,235,323
119900202,200,109,91
119900203,130,292,-162
119900204,165,386,-221
119900205,295,852,-557
119900206,44,170,-126
119900208,140,112,28
119900209,251,744,-493
119900210,21,63,-42
119900211,108,30,78
119900212,69,274,-205
119900213,5,67,-62
119900214,26,146,-120
119900215,31,137,-106
119900216,4,95,-91
119900217,8,124,-116
119900218,20,100,-80
119900219,7,202,-195
119900220,7,207,-200
119900221,20,614,-594
119900222,8,423,-415
119900223,20,168,-148
119900224,15,42,-27
119900225,1625,50,1575
119900226,1181,1458,-277
119900227,1706,443,1263
119900228,77,402,-325
119900229,270,555,-285
119900230,1708,796,912
119900231,137,229,-92
119900232,191,40,151
119900233,71,49,22
119900234,9,79,-70
119900235,8,35,-27
119900236,30,299,-269
119900237,47,797,-750
119900238,2,115,-113
119900240,46,145,-99
119900241,161,284,-123
119900242,2327,1434,893
119900244,908,1867,-959
119900245,59,175,-116
119900246,236,351,-115
119900247,20,65,-45
119900248,43,80,-37
119900249,171,217,-46
119900253,5680,396,5284
119900254,66,246,-180
119900255,52,637,-585
119900256,221,2037,-1816
119900257,19,0,19
119900258,49,35,14
119900259,5,261,-256
119900260,77,6,71
119900261,147,249,-102
119900262,2,430,-428
119900263,985,493,492
119900264,44,374,-330
119900265,226,593,-367
119900266,143,453,-310
119900267,102,449,-347
119900268,153,317,-164
119900269,452,2316,-1864
119900271,24,117,-93
119900272,146,56,90
119900275,66,5,61
119900276,20,2,18
119900277,1,3,-2
119900278,348,63,285
119900279,155,264,-109
119900280,1172,264,908
119900281,0,120,-120
119900282,39,47,-8
119900283,3,509,-506
119900284,51,309,-258
119900285,25,83,-58
119900286,14,39,-25
119900288,3,34,-31
119900289,0,42,-42
119900290,1,36,-35
119900291,1,42,-41
119900292,17,11,6
119900293,16,1,15
119900294,12,0,12
119900295,0,0,0
119900296,0,0,0
119900299,24,391,-367
119900300,168,342,-174
119900301,183,47,136
119900302,99,102,-3
119900303,226,351,-125
119900304,75,45,30
119900305,23,134,-111
119900306,16,1,15
119900307,31,257,-226
119900308,8,14,-6
119900309,13,43,-30
119900310,229,401,-172
119900311,26,245,-219
119900312,41,119,-78
119900313,216,447,-231
119900314,92,276,-184
119900315,659,3743,-3084
119900318,11,21,-10
119900319,4,500,-496
119900320,214,1053,-839
119900321,23,0,23
119900322,34,64,-30
119900323,6,124,-118
119900324,1,54,-53
119900325,37,543,-506
119900326,181,52,129
120000001,9618,10154,-536
120000002,2299,4004,-1705
120000003,4312,2232,2080
120000004,2916,2905,11
120000005,5787,2606,3181
120000006,1239,1598,-359
120000007,3693,2567,1126
120000008,1044,1561,-517
120000009,5754,1234,4520
120000010,1572,3872,-2300
120000011,1193,2583,-1390
120000012,1763,3950,-2187
120000013,2226,3446,-1220
120000014,560,1954,-1394
120000015,2340,1740,600
120000016,3407,2821,586
120000017,2081,2038,43
120000018,5965,8475,-2510
120000019,806,1212,-406
120000020,3391,2794,597
120000021,2192,2046,146
120000022,3262,3594,-332
120000023,920,1958,-1038
120000024,1656,2824,-1168
120000025,1966,2569,-603
120000026,791,2130,-1339
120000027,1391,1939,-548
120000028,803,480,323
120000029,5972,678,5294
120000030,558,864,-306
120000031,2142,9573,-7431
120000032,12774,4067,8707
120000033,2998,2244,754
120000034,1249,2826,-1577
120000035,1643,3234,-1591
120000036,2536,4885,-2349
120000037,604,1119,-515
120000038,13630,4127,9503
120000039,519,1367,-848
120000040,140,227,-87
120000041,634,2472,-1838
120000042,1583,5986,-4403
120000043,4367,4003,364
120000044,3204,1580,1624
120000045,3166,1222,1944
120000046,1677,2051,-374
120000047,2512,3332,-820
120000048,10200,3777,6423
120000049,3753,3447,306
120000050,3741,5578,-1837
120000051,4271,5198,-927
120000052,18183,3102,15081
120000053,849,5292,-4443
120000054,1450,8675,-7225
120000055,1344,6045,-4701
120000056,3121,6414,-3293
120000057,1446,1010,436
120000058,421,281,140
120000059,57,1278,-1221
120000061,83,1120,-1037
120000062,169,404,-235
120000063,2233,4038,-1805
120000064,220,2249,-2029
120000065,753,2789,-2036
120000066,135,803,-668
120000067,32,888,-856
120000068,180,1718,-1538
120000069,650,2366,-1716
120000070,24,1477,-1453
120000071,153,246,-93
120000072,248,616,-368
120000073,363,112,251
120000074,71,109,-38
120000075,395,271,124
120000076,1749,431,1318
120000077,1236,541,695
120000078,2813,731,2082
120000079,116,109,7
120000080,91,145,-54
120000081,190,108,82
120000082,117,113,4
120000083,60,237,-177
120000084,524,772,-248
120000085,289,618,-329
120000086,221,1017,-796
120000087,172,1728,-1556
120000088,731,1830,-1099
120000089,825,746,79
120000090,449,563,-114
120000091,589,1154,-565
120000092,967,588,379
120000093,257,594,-337
120000094,188,509,-321
120000095,822,928,-106
120000096,191,1525,-1334
120000098,745,1503,-758
120000099,263,999,-736
120000100,601,1183,-582
120000101,374,665,-291
120000102,346,591,-245
120000103,890,589,301
120000104,1234,323,911
120000105,1720,343,1377
120000106,1394,417,977
120000107,1913,512,1401
120000108,636,106,530
120000109,614,88,526
120000110,88,1302,-1214
120000111,127,1779,-1652
120000112,713,5965,-5252
120000113,551,4221,-3670
120000114,753,3977,-3224
120000115,387,3183,-2796
120000116,652,2747,-2095
120000117,1661,1913,-252
120000118,32,57,-25
120000119,31,63,-32
120000120,72,80,-8
120000121,32,70,-38
120000122,351,385,-34
120000123,8560,4043,4517
120000124,307,717,-410
120000125,263,852,-589
120000126,228,823,-595
120000127,2716,703,2013
120000128,5654,2205,3449
120000129,285,320,-35
120000130,666,862,-196
120000131,240,585,-345
120000134,388,2089,-1701
120000135,156,371,-215
120000137,139,3174,-3035
120000138,337,669,-332
120000139,145,1518,-1373
120000140,304,908,-604
120000141,154,773,-619
120000142,206,838,-632
120000143,1,170,-169
120000144,42,2,40
120000145,157,2,155
120000146,2640,1199,1441
120000149,548,1201,-653
120000150,6393,10306,-3913
120000151,436,666,-230
120000152,302,321,-19
120000153,163,1085,-922
120000154,477,374,103
120000155,98,278,-180
120000156,2070,569,1501
120000157,868,818,50
120000158,677,1211,-534
120000159,1892,2839,-947
120000160,2225,1527,698
120000161,1161,3278,-2117
120000162,51,299,-248
120000163,304,2281,-1977
120000164,265,811,-546
120000165,284,1555,-1271
120000166,617,1003,-386
120000167,37,74,-37
120000168,16,201,-185
120000169,140,474,-334
120000170,205,267,-62
120000171,33,92,-59
120000172,35,25,10
120000173,3694,266,3428
120000174,728,24,704
120000175,708,13,695
120000176,400,95,305
120000177,2747,424,2323
120000178,285,11,274
120000179,744,67,677
120000180,1150,177,973
120000181,277,305,-28
120000182,119,154,-35
120000183,22,276,-254
120000184,182,1992,-1810
120000186,49,80,-31
120000187,163,59,104
120000188,282,72,210
120000190,1954,24,1930
120000191,2773,33,2740
120000192,3038,23,3015
120000193,1179,20,1159
120000195,332,9,323
120000196,673,70,603
120000197,128,215,-87
120000198,108,218,-110
120000199,39,0,39
120000200,34,0,34
120000201,13,10,3
120000202,0,76,-76
120000203,12,544,-532
120000207,3,156,-153
120000208,8,456,-448
120000209,2,140,-138
120000210,214,153,61
120000211,38,3,35
120000212,49,1,48
120000213,67,611,-544
120000214,3,711,-708
120000215,6,307,-301
120000216,43,2,41
120000217,1093,1913,-820
120000218,285,1754,-1469
120000219,13,1160,-1147
120000220,17,4114,-4097
120000225,575,1,574
120000226,139,0,139
120000227,647,27,620
120000228,10293,2524,7769
120000230,139,16,123
120000231,573,3394,-2821
120000233,148,49,99
120000235,102,1015,-913
120000236,542,2,540
120000237,5,3311,-3306
120000238,1,223,-222
120000241,1212,3677,-2465
120000412,2364,23,2341
120000413,149,631,-482
120000414,45,6,39
120000415,3,270,-267
120000416,33,17,16
120000417,3,174,-171
120000418,107,19,88
120000419,15,783,-768
120000420,61,54,7
120000421,18704,7293,11411
120000422,313,437,-124
120000423,2,47,-45
120000424,45,246,-201
120000436,111,371,-260
120000437,213,220,-7
120000438,6092,508,5584
120000439,188,332,-144
120000443,96,1,95
120000444,719,906,-187
120000445,1531,1383,148
120000446,1317,409,908
120000447,166,0,166
120000449,40,32,8
120000450,6,587,-581
120000451,139,366,-227
120000452,73,1,72
120000453,2,766,-764
120000454,84,31,53
120000455,55,88,-33
120000456,3779,3020,759
120000457,1831,1090,741
120000458,612,947,-335
120000459,43,102,-59
120000665,1777,193,1584
120000668,96,336,-240
120000669,95,581,-486
120000670,334,469,-135
120000671,741,265,476
120000672,90,685,-595
120900001,55,28,27
120900002,541,308,233
120900003,137,30,107
120900004,15,46,-31
120900005,53,1986,-1933
120900006,172,277,-105
120900007,65,209,-144
120900008,156,1708,-1552
120900009,463,82,381
120900010,272,65,207
120900011,562,144,418
120900012,1540,869,671
120900013,248,42,206
120900014,3,1218,-1215
120900015,441,110,331
120900016,365,48,317
120900017,4160,118,4042
120900018,55,627,-572
120900019,357,120,237
120900020,804,703,101
120900021,430,87,343
120900022,24,564,-540
120900023,89,63,26
120900024,1811,547,1264
120900025,2589,1023,1566
120900026,93,287,-194
120900027,801,94,707
120900028,198,35,163
120900029,113,240,-127
120900030,713,596,117
120900031,137,39,98
120900032,433,206,227
120900033,661,46,615
120900034,25,1908,-1883
120900035,54,166,-112
120900037,101,6,95
120900038,49,158,-109
120900039,42,30,12
120900040,111,2,109
120900041,133,32,101
120900042,135,90,45
120900043,30,26,4
120900044,12,607,-595
120900045,133,188,-55
120900046,226,11,215
120900047,94,46,48
120900048,35,22,13
120900049,180,0,180
120900050,5283,1172,4111
120900051,194,159,35
120900052,281,4,277
120900053,123,101,22
120900054,1624,1161,463
120900055,166,6,160
120900056,267,8,259
120900057,92,38,54
120900058,246,0,246
120900059,53,3,50
120900060,33,47,-14
120900061,253,458,-205
120900062,88,0,88
120900063,253,1,252
120900064,172,0,172
120900065,168,0,168
120900066,135,375,-240
120900067,147,31,116
120900068,114,0,114
120900069,98,118,-20
120900071,15,10,5
120900072,298,3,295
120900073,190,372,-182
120900074,418,9,409
120900076,129,0,129
120900077,5014,345,4669
120900078,329,896,-567
120900079,324,107,217
120900080,293,3607,-3314
120900081,400,1721,-1321
120900082,711,370,341
120900083,36,1,35
120900084,178,260,-82
120900085,180,124,56
120900086,228,180,48
120900087,269,115,154
120900088,138,217,-79
120900089,6362,1424,4938
120900090,97,274,-177
120900091,426,326,100
120900092,1120,966,154
120900093,5415,345,5070
120900094,586,355,231
120900095,421,41,380
120900096,28,184,-156
120900097,760,1456,-696
120900098,274,224,50
120900099,46,86,-40
120900100,73,498,-425
120900101,630,481,149
120900102,24,174,-150
120900103,27,171,-144
120900104,19,67,-48
120900105,42,1236,-1194
120900106,1661,830,831
120900107,416,250,166
120900108,5,1369,-1364
120900109,43,1116,-1073
120900110,11,1129,-1118
120900111,186,512,-326
120900112,11,2045,-2034
120900113,18,1375,-1357
120900114,35,304,-269
120900115,142,194,-52
120900116,150,970,-820
120900117,3,848,-845
120900118,12,1468,-1456
120900119,5113,5399,-286
120900120,39,1061,-1022
120900121,94,595,-501
120900122,192,1080,-888
120900123,4,906,-902
120900124,1,1164,-1163
120900125,9,1630,-1621
120900126,1583,994,589
120900127,11,799,-788
120900128,992,1276,-284
120900129,67,573,-506
120900130,28,683,-655
120900131,30,121,-91
120900132,408,649,-241
120900133,209,1746,-1537
120900134,440,665,-225
120900135,13,979,-966
120900136,22,46,-24
120900137,124,126,-2
120900138,9,316,-307
120900139,6,1372,-1366
120900140,1,86,-85
120900141,88,126,-38
120900142,36,1421,-1385
120900143,5,1499,-1494
120900144,1,375,-374
120900145,130,1275,-1145
120900146,9,1769,-1760
120900147,0,512,-512
120900148,88,164,-76
120900149,1,665,-664
120900150,18,954,-936
120900151,4,1191,-1187
120900152,5,93,-88
120900153,20,102,-82
120900154,3,564,-561
120900155,124,1721,-1597
120900156,27,674,-647
120900157,18,413,-395
120900158,35,773,-738
120900159,57,874,-817
120900160,34,559,-525
120900161,23,1427,-1404
120900162,25,1322,-1297
120900163,21,217,-196
120900164,1,2,-1
120900165,7,4,3
120900166,33,181,-148
120900167,351,76,275
120900169,41,753,-712
120900170,3491,1636,1855
120900171,1551,544,1007
120900172,2040,240,1800
120900173,1,72,-71
120900174,3,186,-183
120900175,354,308,46
120900176,7,249,-242
120900177,3,530,-527
120900178,0,279,-279
120900179,946,563,383
120900180,167,133,34
120900181,37,77,-40
120900182,13,654,-641
120900183,655,77,578
120900184,299,108,191
120900185,10,538,-528
120900186,1,760,-759
120900187,282,854,-572
120900188,69,16,53
120900189,175,451,-276
120900190,20,30,-10
120900191,7,50,-43
120900192,18185,3066,15119
120900194,19,117,-98
120900195,211,383,-172
120900196,662,61,601
120900197,438,47,391
120900198,200,881,-681
120900199,247,229,18
120900200,198,147,51
120900201,771,166,605
120900202,0,290,-290
120900203,21,70,-49
120900204,260,472,-212
120900205,65,137,-72
120900206,12,25,-13
120900207,72,1763,-1691
121000001,1070,1288,-218
121000002,2304,1292,1012
121000003,5286,2258,3028
121000004,2859,3728,-869
121000005,2495,3067,-572
121000006,3324,1274,2050
121000007,3367,3344,23
121000008,5752,3191,2561
121000009,7750,6408,1342
121000010,10022,4632,5390
121000011,12553,13405,-852
121000012,18172,9006,9166
121000013,5673,7956,-2283
121000014,7590,6484,1106
121000015,4977,6334,-1357
121000016,4897,3666,1231
121000017,1823,3892,-2069
121000018,2187,2251,-64
121000019,25428,8865,16563
121000020,16931,9423,7508
121000021,3179,3639,-460
121000022,1624,1814,-190
121000023,4955,3667,1288
121000024,2973,3260,-287
121000025,758,1008,-250
121000026,271,138,133
121000027,1558,1013,545
121000028,812,497,315
121000029,905,909,-4
121000030,528,617,-89
121000031,586,646,-60
121000032,260,100,160
121000034,209,196,13
121000035,147,100,47
121000036,1159,892,267
121000037,643,647,-4
121000038,574,619,-45
121000039,355,347,8
121000041,438,543,-105
121000042,209,374,-165
121000043,864,625,239
121000044,1791,805,986
121000045,371,410,-39
121000046,400,1005,-605
121000047,27,130,-103
121000049,1877,674,1203
121000050,312,1194,-882
121000051,582,460,122
121000052,246,633,-387
121000053,455,98,357
121000054,61,226,-165
121000055,1516,1132,384
121000056,999,1208,-209
121000057,133,344,-211
121000058,427,125,302
121000059,2002,954,1048
121000060,495,714,-219
121000061,148,188,-40
121000062,129,251,-122
121000063,657,487,170
121000064,496,715,-219
121000065,455,364,91
121000066,598,626,-28
121000067,1062,416,646
121000068,600,357,243
121000069,601,347,254
121000070,1740,1502,238
121000071,924,963,-39
121000072,1359,1017,342
121000073,993,902,91
121000074,64,138,-74
121000075,69,54,15
121000076,1489,345,1144
121000077,112,90,22
121000078,127,179,-52
121000080,3358,732,2626
121000081,3097,2101,996
121000082,154,268,-114
121000083,213,103,110
121000084,197,140,57
121000085,399,432,-33
121000086,185,1120,-935
121000087,44,311,-267
121000088,413,808,-395
121000089,604,350,254
121000090,382,391,-9
121000091,1821,862,959
121000092,153,122,31
121000093,146,300,-154
121000094,532,656,-124
121000095,340,610,-270
121000096,2354,2899,-545
121000097,1560,1959,-399
121000098,350,1639,-1289
121000099,320,1167,-847
121000100,574,706,-132
121000101,167,328,-161
121000102,96,598,-502
121000103,106,406,-300
121000104,126,248,-122
121000105,261,369,-108
121000106,165,508,-343
121000107,2384,4233,-1849
121000109,1641,1205,436
121000110,446,509,-63
121000114,2616,2657,-41
121000115,814,858,-44
121000116,534,916,-382
121000117,1033,253,780
121000118,1143,292,851
121000119,224,279,-55
121000120,208,645,-437
121000121,395,1029,-634
121000123,1521,782,739
121000126,114,358,-244
121000127,162,102,60
121000128,540,732,-192
121000129,407,556,-149
121000130,326,1296,-970
121000131,2200,1339,861
121000132,1565,1519,46
121000135,573,614,-41
121000136,1388,608,780
121000137,585,162,423
121000138,1093,762,331
121000139,762,159,603
121000141,243,145,98
121000142,832,575,257
121000143,232,20,212
121000144,1714,964,750
121000145,404,1536,-1132
121000146,1029,888,141
121000147,482,547,-65
121000148,751,1259,-508
121000149,1852,1307,545
121000152,447,653,-206
121000153,1782,651,1131
121000154,798,633,165
121000155,1300,1117,183
121000156,389,1104,-715
121000157,1865,2329,-464
121000158,433,725,-292
121000159,138,676,-538
121000160,244,916,-672
121000161,92,424,-332
121000162,21,404,-383
121000165,2172,1707,465
121000166,36,482,-446
121000168,289,341,-52
121000169,39,242,-203
121000170,173,75,98
121000171,46,223,-177
121000172,444,581,-137
121000173,1359,796,563
121000174,197,443,-246
121000175,576,653,-77
121000176,299,307,-8
121000177,772,707,65
121000178,109,84,25
121000179,110,82,28
121000181,451,501,-50
121000182,76,145,-69
121000183,54,64,-10
121000184,42,83,-41
121000185,15,133,-118
121000186,113,325,-212
121000187,136,319,-183
121000188,65,313,-248
121000192,503,406,97
121000193,527,472,55
121000194,3049,2293,756
121000195,383,1016,-633
121000196,732,222,510
121000197,284,971,-687
121000198,249,73,176
121000199,107,694,-587
121000200,300,116,184
121000201,9,269,-260
121000202,697,128,569
121000203,683,3112,-2429
121000204,1742,676,1066
121000205,202,346,-144
121000206,172,36,136
121000207,1131,541,590
121000208,8,566,-558
121000209,171,547,-376
121000210,242,823,-581
121000211,139,149,-10
121000212,246,1084,-838
121000213,11224,2705,8519
121000214,916,1834,-918
121000215,1364,938,426
121000216,409,473,-64
121000217,4768,2283,2485
121000218,578,1932,-1354
121000219,1400,386,1014
121000220,419,69,350
121000221,189,260,-71
121000222,3246,2630,616
121000223,784,366,418
121000224,276,125,151
121000225,1571,1016,555
121000226,3011,632,2379
121000227,4,282,-278
121000228,19,981,-962
121000229,90,566,-476
121000230,93,2151,-2058
121000231,497,32,465
121000232,343,198,145
121000233,432,323,109
121000234,6,41,-35
121000235,38,56,-18
121000236,3,74,-71
121000237,52,18,34
121000238,8,124,-116
121000239,16,9,7
121000240,5,223,-218
121000241,124,13,111
121000242,56,195,-139
121000243,448,57,391
121000244,0,100,-100
121000245,13,16,-3
121000246,0,85,-85
121000247,22,8,14
121000248,480,816,-336
121000249,141,259,-118
121000250,233,87,146
121000251,14,726,-712
121000252,44,29,15
121000253,271,647,-376
121000254,522,292,230
121000255,144,239,-95
121000256,229,233,-4
121000257,70,103,-33
121000258,78,92,-14
121000259,37,53,-16
121000260,49,129,-80
121000261,34,50,-16
121000262,1195,702,493
121000263,355,574,-219
121000271,233,1929,-1696
121000273,77,13,64
121000274,5,45,-40
121000275,4,24,-20
121000276,0,20,-20
121000278,67,74,-7
121000279,42,22,20
121000280,39,49,-10
121000289,363,15,348
121000290,1429,726,703
121000294,100,317,-217
121000297,1128,811,317
121000299,17,309,-292
121000300,803,660,143
121000302,98,921,-823
121000303,469,408,61
121000304,396,44,352
121000305,114,41,73
121000306,69,110,-41
121000308,178,378,-200
121000309,416,669,-253
121000310,66,429,-363
121000311,63,875,-812
121000312,363,224,139
121000313,577,538,39
121000314,127,107,20
121000315,63,94,-31
121000530,751,1770,-1019
121000531,1024,1655,-631
121000532,5950,5179,771
121000533,2715,2717,-2
121000918,24,292,-268
121000919,10,41,-31
121000938,439,186,253
121000939,446,205,241
121000956,518,1708,-1190
121000957,4,9,-5
121000958,153,36,117
121000959,335,1298,-963
121000960,1436,2840,-1404
121000961,111,68,43
121000962,410,870,-460
121000963,0,0,0
121000973,2,526,-524
121000976,22,163,-141
121000979,317,75,242
121000981,275,111,164
121000982,155,287,-132
121000983,466,506,-40
121000984,32,47,-15
121000985,333,1010,-677
121000986,159,512,-353
121000987,169,1753,-1584
121000988,374,118,256
121001302,320,163,157
121001308,0,10,-10
121001309,70,83,-13
121001313,109,502,-393
121001314,4338,4731,-393
121001315,4322,1684,2638
121900001,63,194,-131
121900002,32,33,-1
121900003,371,9,362
121900004,94,417,-323
121900005,14,3,11
121900006,72,18,54
121900007,2521,2131,390
121900008,1227,104,1123
121900009,589,13,576
121900010,272,4,268
121900011,347,529,-182
121900012,4,0,4
121900013,1249,82,1167
121900014,1030,444,586
121900015,145,226,-81
121900016,2,42,-40
121900017,378,542,-164
121900018,348,7,341
121900019,216,248,-32
121900020,23,1,22
121900021,740,39,701
121900022,163,147,16
121900023,135,518,-383
121900024,511,83,428
121900025,491,361,130
121900026,299,65,234
121900027,252,177,75
121900028,323,16,307
121900029,223,260,-37
121900030,623,442,181
121900031,1256,4138,-2882
121900032,82,85,-3
121900033,192,114,78
121900034,220,77,143
121900035,2687,1610,1077
121900036,28,348,-320
121900037,155,653,-498
121900038,35,176,-141
121900039,278,33,245
121900040,31,119,-88
121900041,107,187,-80
121900042,265,105,160
121900043,2,11,-9
121900044,373,36,337
121900046,289,177,112
121900047,139,80,59
121900048,25,200,-175
121900050,17,42,-25
121900051,99,174,-75
121900052,91,41,50
121900053,262,191,71
121900054,482,909,-427
121900055,1,26,-25
121900058,123,344,-221
121900059,244,104,140
121900060,100,354,-254
121900061,157,167,-10
121900062,86,71,15
121900063,792,408,384
121900064,148,861,-713
121900066,25,28,-3
121900067,12,41,-29
121900069,215,120,95
121900070,221,107,114
121900071,91,273,-182
121900072,15,223,-208
121900073,260,221,39
121900074,862,502,360
121900075,553,278,275
121900076,279,668,-389
121900077,7,60,-53
121900078,38,65,-27
121900079,0,0,0
121900080,591,562,29
121900082,39,140,-101
121900084,5,273,-268
121900085,1,15,-14
121900086,19,73,-54
121900087,176,122,54
121900088,2763,2372,391
121900089,101,405,-304
121900090,12,151,-139
121900091,12,166,-154
121900092,77,154,-77
121900093,43,58,-15
121900094,40,4,36
121900095,152,109,43
121900096,1518,619,899
121900097,307,136,171
121900098,2,5,-3
121900099,195,107,88
121900100,234,234,0
121900101,131,149,-18
121900102,18,134,-116
121900103,488,217,271
121900104,888,235,653
121900105,106,76,30
121900106,6,1,5
121900107,13,42,-29
121900108,2,11,-9
121900109,298,122,176
121900110,212,1410,-1198
121900111,1119,103,1016
121900112,80,114,-34
121900113,63,230,-167
121900114,17,53,-36
121900117,297,23,274
121900118,2444,393,2051
121900119,91,125,-34
121900120,25,1423,-1398
121900121,575,73,502
121900122,17,43,-26
121900123,207,427,-220
121900124,132,188,-56
121900125,938,1111,-173
121900127,23,92,-69
121900128,48,172,-124
121900129,1122,96,1026
121900130,105,285,-180
121900131,227,99,128
121900132,57,160,-103
121900133,100,345,-245
121900134,17,137,-120
121900135,2759,284,2475
121900136,163,583,-420
121900137,45,293,-248
121900138,94,230,-136
121900139,308,408,-100
121900140,32,171,-139
121900141,26,22,4
121900142,76,160,-84
121900143,4,161,-157
121900144,176,330,-154
121900145,156,239,-83
121900146,603,755,-152
121900147,48,194,-146
121900148,141,316,-175
121900149,390,802,-412
121900150,56,139,-83
121900151,64,230,-166
121900152,81,161,-80
121900153,106,571,-465
121900154,10,143,-133
121900155,0,114,-114
121900156,190,100,90
121900157,1,476,-475
121900158,45,82,-37
121900159,2,275,-273
121900160,10,227,-217
121900161,512,355,157
121900162,171,125,46
121900163,94,896,-802
121900164,378,232,146
121900165,152,258,-106
121900166,92,201,-109
121900167,145,86,59
121900168,222,141,81
121900169,2,325,-323
121900170,4,232,-228
121900171,434,664,-230
121900172,349,384,-35
121900173,1090,198,892
121900174,24,58,-34
121900175,120,147,-27
121900176,403,1994,-1591
121900177,146,77,69
121900178,17,86,-69
121900179,226,159,67
121900180,6316,2723,3593
121900182,583,315,268
121900183,464,514,-50
121900184,39,592,-553
121900186,16,400,-384
121900187,33,127,-94
121900188,582,425,157
121900189,28,97,-69
121900190,128,522,-394
121900191,56,169,-113
121900192,423,547,-124
121900193,36,245,-209
121900194,8,169,-161
121900195,103,109,-6
121900196,783,873,-90
121900197,362,2318,-1956
121900198,1060,1153,-93
121900199,4,35,-31
121900200,107,232,-125
121900201,1201,569,632
121900202,126,336,-210
121900203,276,812,-536
121900204,1418,886,532
121900205,22,115,-93
121900206,8,9,-1
121900207,166,31,135
121900208,169,372,-203
121900209,37,26,11
121900210,1169,1164,5
121900211,18,90,-72
121900212,128,135,-7
121900213,116,84,32
121900214,2,441,-439
121900215,50,70,-20
121900216,34,85,-51
121900217,217,102,115
121900218,276,475,-199
121900220,225,14,211
121900221,237,682,-445
121900222,99,209,-110
121900223,184,65,119
121900224,66,66,0
121900225,102,66,36
121900226,263,726,-463
121900227,94,352,-258
121900228,140,292,-152
121900230,121,94,27
121900231,434,442,-8
121900232,272,359,-87
121900233,309,288,21
121900234,185,411,-226
121900235,296,388,-92
121900236,197,176,21
121900237,120,269,-149
121900238,174,224,-50
121900239,101,51,50
121900240,152,181,-29
121900241,41,73,-32
121900242,1,1,0
121900243,1,0,1
121900244,0,0,0
121900245,188,189,-1
121900246,1452,425,1027
121900247,263,301,-38
121900248,1605,781,824
121900250,247,346,-99
121900251,333,39,294
121900252,645,132,513
121900253,103,756,-653
121900254,513,298,215
121900255,170,88,82
121900258,2746,1773,973
121900259,329,468,-139
121900260,63,252,-189
121900261,153,493,-340
121900262,417,851,-434
121900263,110,313,-203
121900264,2364,1287,1077
121900265,166,293,-127
121900266,199,217,-18
121900267,40,18,22
121900269,140,285,-145
121900270,10,163,-153
121900271,41,192,-151
121900273,409,1289,-880
121900274,220,241,-21
121900277,315,1785,-1470
121900278,94,869,-775
121900279,217,295,-78
121900280,213,305,-92
121900281,493,99,394
121900284,158,8,150
121900286,109,311,-202
121900287,10,23,-13
121900288,1,4,-3
121900290,203,273,-70
121900291,449,582,-133
121900292,204,84,120
121900293,924,3448,-2524
121900294,272,1,271
121900295,47,256,-209
121900296,92,66,26
121900298,463,433,30
121900299,0,0,0
121900300,14,1,13
121900301,26,2,24
121900302,0,53,-53
121900303,295,508,-213
121900304,0,9,-9
121900305,2,6,-4
121900306,68,0,68
121900307,16,17,-1
121900308,19,445,-426
121900309,6,313,-307
121900310,82,551,-469
121900311,175,19,156
121900312,89,4,85
121900313,210,14,196
121900314,1,75,-74
121900315,3,0,3
121900316,0,11,-11
121900317,0,1,-1
121900318,6,16,-10
121900319,9,57,-48
121900320,51,91,-40
121900321,1,4,-3
121900322,0,26,-26
121900323,13,10,3
121900324,2,49,-47
121900325,6,0,6
121900326,0,27,-27
121900327,1,48,-47
121900328,0,22,-22
121900329,3,305,-302
121900330,0,30,-30
121900331,374,23,351
121900332,34,20,14
121900333,9,0,9
122000001,2552,3617,-1065
122000002,5518,1770,3748
122000003,2530,1633,897
122000004,3935,1290,2645
122000005,3331,1161,2170
122000006,2364,591,1773
122000007,1514,1254,260
122000008,6713,4295,2418
122000009,519,252,267
122000010,2113,2371,-258
122000011,3337,1125,2212
122000012,1193,1064,129
122000013,2183,1237,946
122000014,1480,2068,-588
122000015,1512,896,616
122000016,475,810,-335
122000017,1095,1150,-55
122000018,1406,1237,169
122000019,819,1563,-744
122000020,227,210,17
122000021,608,501,107
122000022,1323,1554,-231
122000023,585,2742,-2157
122000024,945,951,-6
122000025,1672,1176,496
122000026,1872,758,1114
122000027,708,4771,-4063
122000028,798,453,345
122000029,421,281,140
122000030,479,87,392
122000031,157,265,-108
122000032,1546,3245,-1699
122000033,1062,870,192
122000034,641,557,84
122000035,331,730,-399
122000036,449,672,-223
122000037,372,255,117
122000038,288,382,-94
122000039,599,535,64
122000040,453,354,99
122000041,440,563,-123
122000042,317,450,-133
122000043,126,112,14
122000044,153,128,25
122000045,1435,592,843
122000046,819,1005,-186
122000047,262,193,69
122000048,3279,4246,-967
122000049,5849,2548,3301
122000050,1575,554,1021
122000051,406,606,-200
122000052,540,281,259
122000053,145,533,-388
122000054,2303,2010,293
122000055,2296,2565,-269
122000056,8042,3492,4550
122000057,5018,2595,2423
122000058,4602,1097,3505
122000059,4001,1340,2661
122000060,1075,537,538
122000061,532,279,253
122000062,1420,382,1038
122000063,1629,413,1216
122000064,3659,3273,386
122000065,5497,3161,2336
122000066,1186,1099,87
122000067,1644,1488,156
122000068,1017,1344,-327
122000069,579,780,-201
122000070,569,3428,-2859
122000071,949,1928,-979
122000072,423,294,129
122000073,562,442,120
122000074,1953,1301,652
122000075,469,1352,-883
122000076,1711,1150,561
122000077,1543,591,952
122000078,3510,1628,1882
122000079,1947,717,1230
122000080,1183,366,817
122000081,264,334,-70
122000082,1067,654,413
122000083,1313,3870,-2557
122000084,911,834,77
122000085,217,2053,-1836
122000086,2297,4652,-2355
122000087,588,160,428
122000088,459,328,131
122000089,7292,3047,4245
122000090,286,392,-106
122000091,265,66,199
122000092,176,25,151
122000093,1588,810,778
122000094,9184,1631,7553
122000095,4375,2260,2115
122000096,3976,1578,2398
122000098,4766,1331,3435
122000099,3070,607,2463
122000100,1482,663,819
122000101,208,912,-704
122000102,1776,1158,618
122000103,1601,1504,97
122000104,283,216,67
122000105,263,266,-3
122000106,421,546,-125
122000107,1064,479,585
122000108,415,914,-499
122000109,317,386,-69
122000110,377,612,-235
122000111,2656,1067,1589
122000112,635,1342,-707
122000113,427,739,-312
122000114,3496,1383,2113
122000115,1785,1397,388
122000116,497,491,6
122000117,1020,368,652
122000118,362,580,-218
122000119,3477,1487,1990
122000120,2813,2376,437
122000121,3644,2475,1169
122000122,950,1134,-184
122000123,2559,1387,1172
122000124,1326,436,890
122000125,540,606,-66
122000126,870,697,173
122000127,1813,843,970
122000128,726,936,-210
122000129,287,604,-317
122000130,2398,593,1805
122000131,1754,673,1081
122000132,868,412,456
122000133,1142,2153,-1011
122000134,477,509,-32
122000135,643,879,-236
122000136,526,263,263
122000137,871,764,107
122000139,1658,2597,-939
122000140,1169,465,704
122000141,5531,899,4632
122000142,635,666,-31
122000143,484,287,197
122000144,1852,869,983
122000145,1918,622,1296
122000146,896,898,-2
122000147,954,353,601
122000148,3782,1166,2616
122000149,2423,1203,1220
122000150,1240,847,393
122000151,259,283,-24
122000152,473,293,180
122000153,519,300,219
122000154,321,184,137
122000155,1465,2000,-535
122000156,2406,1762,644
122000157,2342,1207,1135
122000158,400,498,-98
122000159,1101,1613,-512
122000160,5108,1029,4079
122000161,1184,635,549
122000162,2678,1320,1358
122000163,338,88,250
122000164,40,85,-45
122000165,772,640,132
122000166,950,1128,-178
122000167,312,288,24
122000168,200,582,-382
122000169,549,176,373
122000170,245,310,-65
122000171,50,88,-38
122000172,1649,1685,-36
122000173,1691,2444,-753
122000174,1992,862,1130
122000175,1293,316,977
122000176,338,767,-429
122000177,1589,1269,320
122000178,3626,2262,1364
122000179,2241,2895,-654
122000180,1926,886,1040
122000181,1768,2891,-1123
122000182,2569,1264,1305
122000183,1848,1065,783
122000184,3211,1791,1420
122000185,1400,1266,134
122000186,739,843,-104
122000187,1577,1202,375
122000188,503,217,286
122000189,283,378,-95
122000190,973,1012,-39
122000191,1011,536,475
122000192,837,453,384
122000193,381,746,-365
122000194,646,190,456
122000195,176,565,-389
122000196,863,634,229
122000197,491,708,-217
122000198,567,1133,-566
122000199,349,361,-12
122000200,1421,535,886
122000201,1336,1571,-235
122000202,1079,1201,-122
122000203,2667,1644,1023
122000204,1437,2023,-586
122000205,1785,1157,628
122000206,2185,872,1313
122000207,1234,1423,-189
122000208,1987,1710,277
122000209,2343,392,1951
122000210,1546,2286,-740
122000211,1131,1360,-229
122000212,711,457,254
122000213,945,1112,-167
122000214,1840,1653,187
122000215,2115,1493,622
122000217,2120,1486,634
122000218,595,43,552
122000219,1583,1032,551
122000220,316,879,-563
122000221,122,439,-317
122000222,586,97,489
122000223,1110,491,619
122000225,665,280,385
122000226,1458,1982,-524
122000227,390,1965,-1575
122000228,403,460,-57
122000229,20,466,-446
122000230,77,878,-801
122000231,248,907,-659
122000232,525,1305,-780
122000233,1,175,-174
122000234,121,207,-86
122000235,357,242,115
122000236,515,205,310
122000237,81,79,2
122000238,113,207,-94
122000239,423,85,338
122000240,731,398,333
122000241,628,428,200
122000242,431,103,328
122000243,101,81,20
122000244,41,525,-484
122000245,64,312,-248
122000246,134,165,-31
122000247,488,965,-477
122000248,1631,2299,-668
122000249,433,515,-82
122000250,1389,675,714
122000251,266,461,-195
122000252,604,149,455
122000253,41,273,-232
122000254,121,96,25
122000255,724,2159,-1435
122000256,343,1585,-1242
122000257,143,464,-321
122000258,102,233,-131
122000259,14,778,-764
122000260,6,162,-156
122000261,3,263,-260
122000262,0,88,-88
122000263,102,104,-2
122000264,650,520,130
122000265,2089,786,1303
122000266,4487,501,3986
122000267,67,144,-77
122000268,98,441,-343
122000269,682,296,386
122000270,857,133,724
122000271,281,1330,-1049
122000272,271,1353,-1082
122000273,252,558,-306
122000274,79,227,-148
122000275,20,161,-141
122000276,449,754,-305
122000277,654,1622,-968
122000278,586,1194,-608
122000279,174,634,-460
122000280,839,948,-109
122000281,690,870,-180
122000282,142,124,18
122000283,386,65,321
122000284,98,106,-8
122000285,488,119,369
122000286,128,240,-112
122000287,769,1376,-607
122000288,299,299,0
122000291,849,499,350
122000293,465,374,91
122000294,86,198,-112
122000295,1276,209,1067
122000296,66,592,-526
122000297,3851,2083,1768
122000299,345,519,-174
122000300,584,560,24
122000301,17547,3004,14543
122000302,1352,808,544
122000303,5248,1300,3948
122000304,46,172,-126
122000305,753,367,386
122000306,18,841,-823
122000307,150,114,36
122000309,59,73,-14
122000310,21,20,1
122000311,106,76,30
122000312,109,46,63
122000313,56,44,12
122000314,88,210,-122
122000315,172,15,157
122000316,372,222,150
122000317,722,168,554
122000318,225,484,-259
122000319,304,718,-414
122000320,395,2968,-2573
122000321,129,443,-314
122000322,3209,2663,546
122000323,1714,1654,60
122000324,1634,1515,119
122000325,1000,1022,-22
122000326,24,132,-108
122000327,259,421,-162
122000328,1258,958,300
122000330,2367,719,1648
122000332,177,364,-187
122000333,6,175,-169
122000337,737,2228,-1491
122000338,477,595,-118
122000340,453,284,169
122000342,3363,1261,2102
122000343,457,1998,-1541
122000344,35,33,2
122000345,31,66,-35
122000346,272,722,-450
122000348,681,983,-302
122000349,112,780,-668
122000351,130,266,-136
122000352,255,74,181
122000353,62,136,-74
122000355,112,175,-63
122000356,1891,884,1007
122000357,26,21,5
122000358,0,103,-103
122000359,0,36,-36
122000360,0,89,-89
122000362,17,149,-132
122000364,110,491,-381
122000365,2,31,-29
122000366,4,8,-4
122000368,416,987,-571
122000370,11,88,-77
122000371,23,0,23
122000372,4,1,3
122000381,46,394,-348
122000382,51,237,-186
122000384,4797,2171,2626
122000385,19,2,17
122000386,543,845,-302
122000387,468,701,-233
122000388,1314,392,922
122000389,197,875,-678
122000390,418,263,155
122000391,313,142,171
122000392,185,313,-128
122000393,16,204,-188
122000394,395,378,17
122000395,97,210,-113
122000396,219,130,89
122000397,53,86,-33
122000398,16,83,-67
122000399,71,103,-32
122000400,161,252,-91
122000401,99,123,-24
122000402,181,112,69
122000403,487,1466,-979
122000404,129,389,-260
122000408,834,1082,-248
122000503,9,84,-75
122000524,264,124,140
122000544,52,2156,-2104
122000616,661,7,654
122000640,33,256,-223
122000641,36,569,-533
122000642,953,1597,-644
122000643,15,124,-109
122000644,184,20,164
122000645,94,219,-125
122000651,2111,791,1320
122000664,117,41,76
122000665,1003,653,350
122000666,549,1193,-644
122000673,18,426,-408
122000674,61,52,9
122000675,1142,1355,-213
122000686,270,1806,-1536
122000687,653,423,230
122000688,115,1076,-961
122000689,411,744,-333
122000690,609,848,-239
122000691,335,3529,-3194
122000692,1086,499,587
122000693,664,2656,-1992
122000695,156,660,-504
122000696,191,433,-242
122000698,140,1251,-1111
122000699,158,154,4
122000701,934,402,532
122000702,545,2641,-2096
122000703,120,55,65
122000717,309,77,232
122000718,586,455,131
122000719,45,57,-12
122000720,216,367,-151
122000724,141,33,108
122900001,27,1,26
122900002,1321,2283,-962
122900003,236,31,205
122900004,837,22,815
122900005,35,61,-26
122900006,852,370,482
122900007,216,25,191
122900008,809,82,727
122900009,833,368,465
122900010,162,150,12
122900012,278,387,-109
122900014,134,348,-214
122900015,2979,458,2521
122900016,103,401,-298
122900017,418,909,-491
122900018,227,13,214
122900019,8,184,-176
122900020,350,427,-77
122900021,61,725,-664
122900022,300,1210,-910
122900023,240,423,-183
122900024,122,112,10
122900025,13,187,-174
122900026,191,362,-171
122900027,59,865,-806
122900028,104,192,-88
122900029,5390,2345,3045
122900030,1546,553,993
122900031,76,140,-64
122900032,115,226,-111
122900033,139,224,-85
122900034,4541,4463,78
122900035,23,15,8
122900036,21,151,-130
122900037,320,141,179
122900038,180,1880,-1700
122900039,137,436,-299
122900040,267,507,-240
122900041,256,245,11
122900042,119,353,-234
122900043,339,254,85
122900044,109,302,-193
122900045,62,111,-49
122900046,154,124,30
122900047,297,168,129
122900048,41,211,-170
122900049,1889,143,1746
122900051,87,102,-15
122900052,41,131,-90
122900053,19,24,-5
122900055,305,103,202
122900057,253,24,229
122900061,398,205,193
122900062,305,500,-195
122900063,130,502,-372
122900064,1184,732,452
122900065,367,189,178
122900066,411,263,148
122900067,1968,932,1036
122900068,180,479,-299
122900069,237,1514,-1277
122900070,176,49,127
122900071,126,603,-477
122900072,21,752,-731
122900073,48,376,-328
122900074,189,1003,-814
122900075,0,79,-79
122900076,20,206,-186
122900077,3,253,-250
122900078,41,180,-139
122900080,74,18,56
122900081,209,186,23
122900082,604,287,317
122900083,227,131,96
122900084,5,307,-302
122900086,4,31,-27
122900087,111,739,-628
122900088,33,61,-28
122900089,11,200,-189
122900090,7,725,-718
122900091,93,0,93
122900092,1,305,-304
122900093,2,510,-508
122900094,9,301,-292
122900095,82,3,79
122900096,139,317,-178
122900097,40,9,31
122900098,102,150,-48
122900099,11,7,4
122900100,599,271,328
122900101,791,250,541
122900102,8,8,0
122900103,36,3,33
122900104,97,6,91
122900105,2,6,-4
122900106,4,125,-121
122900107,5,278,-273
122900108,7,255,-248
123000001,2324,351,1973
123000002,7281,2659,4622
123000003,3852,2491,1361
123000004,3602,5171,-1569
123000005,2592,2506,86
123000006,2993,3539,-546
123000007,2935,2608,327
123000008,2688,4614,-1926
123000009,4504,3194,1310
123000010,3869,4785,-916
123000011,3160,826,2334
123000012,1085,2684,-1599
123000013,3166,928,2238
123000014,1409,4562,-3153
123000015,5206,900,4306
123000016,8270,3184,5086
123000017,3781,1482,2299
123000018,71,125,-54
123000019,144,419,-275
123000020,120,169,-49
123000021,78,237,-159
123000022,493,1575,-1082
123000023,1247,1232,15
123000024,940,494,446
123000025,23,108,-85
123000026,3,34,-31
123000027,504,646,-142
123000028,1097,255,842
123000029,1236,583,653
123000030,173,948,-775
123000031,85,611,-526
123000032,164,394,-230
123000033,178,85,93
123000034,681,547,134
123000035,156,269,-113
123000036,228,687,-459
123000037,208,342,-134
123000038,73,220,-147
123000039,511,851,-340
123000040,1340,373,967
123000041,1128,644,484
123000042,929,537,392
123000043,4655,4599,56
123000044,7476,2260,5216
123000045,12995,2173,10822
123000046,934,779,155
123000047,2644,1425,1219
123000048,67,368,-301
123000049,9531,4406,5125
123000050,778,1089,-311
123000051,101,155,-54
123000052,546,2469,-1923
123000053,2132,3322,-1190
123000054,1066,1203,-137
123000055,936,1126,-190
123000056,1365,2092,-727
123000057,22385,5700,16685
123000058,635,681,-46
123000059,489,549,-60
123000060,593,356,237
123000061,173,922,-749
123000063,715,631,84
123000064,757,227,530
123000065,8190,3744,4446
123000066,1146,965,181
123000067,427,624,-197
123000068,3221,4139,-918
123000069,9816,4246,5570
123000070,352,1040,-688
123000071,536,1316,-780
123000072,812,1838,-1026
123000073,711,891,-180
123000074,751,2435,-1684
123000075,296,920,-624
123000076,448,1378,-930
123000077,2291,4340,-2049
123000078,955,1807,-852
123000079,947,2257,-1310
123000080,2137,3152,-1015
123000081,174,935,-761
123000082,486,1552,-1066
123000083,914,166,748
123000084,434,848,-414
123000085,105,180,-75
123000086,276,617,-341
123000087,110,672,-562
123000088,779,1715,-936
123000089,376,1494,-1118
123000090,1094,1385,-291
123000091,1708,1597,111
123000092,1337,1249,88
123000094,333,312,21
123000095,297,659,-362
123000096,323,483,-160
123000097,329,1467,-1138
123000098,495,534,-39
123000099,488,1118,-630
123000100,466,563,-97
123000101,603,495,108
123000102,639,627,12
123000104,436,359,77
123000105,684,621,63
123000106,556,317,239
123000107,428,628,-200
123000108,949,1572,-623
123000111,448,270,178
123000112,601,615,-14
123000113,563,2315,-1752
123000114,372,416,-44
123000115,209,287,-78
123000116,22,170,-148
123000117,1419,2840,-1421
123000118,389,1206,-817
123000119,263,1265,-1002
123000120,374,1142,-768
123000121,334,699,-365
123000122,532,299,233
123000123,354,605,-251
123000124,612,660,-48
123000125,1182,808,374
123000126,1827,2389,-562
123000127,1443,863,580
123000128,289,400,-111
123000129,402,219,183
123000130,400,91,309
123000131,637,534,103
123000132,338,716,-378
123000133,456,427,29
123000134,648,179,469
123000135,1336,1368,-32
123000136,230,1686,-1456
123000137,105,585,-480
123000138,68,585,-517
123000139,305,122,183
123000140,184,929,-745
123000141,865,126,739
123000142,1034,1300,-266
123000143,1137,2929,-1792
123000144,51,54,-3
123000145,268,199,69
123000146,63,153,-90
123000147,71,161,-90
123000149,313,360,-47
123000150,210,211,-1
123000151,286,411,-125
123000152,78,457,-379
123000153,175,438,-263
123000154,2016,1514,502
123000155,3146,1162,1984
123000156,56,92,-36
123000157,662,991,-329
123000158,912,558,354
123000159,3422,1872,1550
123000160,660,463,197
123000161,1275,877,398
123000162,384,1285,-901
123000163,219,37,182
123000164,840,254,586
123000165,302,2307,-2005
123000166,26,194,-168
123000167,74,379,-305
123000168,220,391,-171
123000169,453,112,341
123000170,48,405,-357
123000171,243,60,183
123000172,216,856,-640
123000173,464,207,257
123000174,719,258,461
123000175,1095,1598,-503
123000176,760,136,624
123000177,401,1295,-894
123000178,497,158,339
123000179,33,919,-886
123000180,1131,332,799
123000181,363,1821,-1458
123000182,173,655,-482
123000183,151,286,-135
123000184,76,949,-873
123000185,313,503,-190
123000186,7,782,-775
123000187,319,2,317
123000188,107,1,106
123000189,153,229,-76
123000190,31,65,-34
123000192,18,407,-389
123000193,34,652,-618
123000194,614,330,284
123000195,184,15,169
123000196,174,10,164
123000197,35,95,-60
123000198,18,227,-209
123000199,2,551,-549
123000200,354,5,349
123000201,596,17,579
123000202,38,1609,-1571
123000203,628,45,583
123000204,67,1352,-1285
123000205,463,2550,-2087
123000206,1352,142,1210
123000207,66,1184,-1118
123000208,277,79,198
123000209,1292,346,946
123000210,407,1861,-1454
123000211,511,3230,-2719
123000212,1703,366,1337
123000213,339,52,287
123000215,183,116,67
123000216,231,831,-600
123000217,141,23,118
123000218,138,448,-310
123000219,1326,37,1289
123000220,459,75,384
123000221,186,193,-7
123000222,323,876,-553
123000223,177,777,-600
123000224,322,779,-457
123000225,426,131,295
123000226,105,421,-316
123000227,58,467,-409
123000228,236,73,163
123000229,1319,2469,-1150
123000232,124,638,-514
123000233,459,205,254
123000234,139,903,-764
123000235,336,434,-98
123000236,191,1155,-964
123000237,149,73,76
123000238,51,926,-875
123000239,458,2601,-2143
123000240,27,351,-324
123000241,955,151,804
123000242,113,257,-144
123000243,398,1267,-869
123000244,762,653,109
123000245,103,182,-79
123000249,408,789,-381
123000252,615,196,419
123000253,593,396,197
123000254,559,1375,-816
123000255,725,750,-25
123000256,32,316,-284
123000257,4156,2897,1259
123000258,948,1507,-559
123000259,172,514,-342
123000260,347,841,-494
123000261,126,378,-252
123000262,67,358,-291
123000263,242,128,114
123000264,194,40,154
123000265,45,227,-182
123000266,442,831,-389
123000267,270,327,-57
123000268,21,82,-61
123000269,25,40,-15
123000270,34,35,-1
123000271,55,93,-38
123000272,883,185,698
123000273,206,478,-272
123000274,1209,472,737
123000275,292,1256,-964
123000278,3778,2778,1000
123000279,119,94,25
123000280,234,397,-163
123000281,164,80,84
123000282,72,273,-201
123000283,106,41,65
123000284,37,143,-106
123000286,296,228,68
123000287,518,246,272
123000288,793,522,271
123000289,442,668,-226
123000291,401,949,-548
123000294,183,226,-43
123000295,752,1082,-330
123000296,229,557,-328
123000297,227,1148,-921
123000298,273,1032,-759
123000299,26,345,-319
123000300,547,754,-207
123000301,76,174,-98
123000302,93,369,-276
123000303,79,131,-52
123000305,939,906,33
123000306,51,325,-274
123000309,34,74,-40
123000310,70,41,29
123000311,0,141,-141
123000312,796,1239,-443
123000313,218,345,-127
123000315,88,493,-405
123000316,2183,41,2142
123000317,238,64,174
123000318,37,339,-302
123000329,10,9,1
123000337,140,275,-135
123000338,714,98,616
123000339,86,340,-254
123000340,146,578,-432
123000342,6,14,-8
123000343,57,0,57
123000344,1323,504,819
123000345,343,700,-357
123000346,235,84,151
123000352,2577,853,1724
123000353,16,169,-153
123000354,154,2,152
123000355,1,560,-559
123000356,194,9,185
123000357,3,429,-426
123000359,6,347,-341
123000360,132,24,108
123000361,808,349,459
123000362,206,206,0
123000363,70,272,-202
123000364,421,304,117
123000365,16,302,-286
123000366,247,1382,-1135
123000367,245,1385,-1140
123000370,28,458,-430
123000371,407,20,387
123000372,232,12,220
123000373,8,545,-537
123000374,13,267,-254
123000375,181,42,139
123000376,566,553,13
123000377,275,44,231
123000378,16,589,-573
123000379,1,263,-262
123000380,86,277,-191
123000381,157,58,99
123000382,1483,79,1404
123000383,348,855,-507
123000384,438,118,320
123000385,520,791,-271
123000436,67,1015,-948
123000507,116,379,-263
123000508,133,438,-305
123000517,296,37,259
123000518,34,316,-282
123000519,122,96,26
123000520,75,275,-200
123000521,276,129,147
123000522,187,701,-514
123000541,0,0,0
123000542,0,39,-39
123000565,261,45,216
123000566,81,1137,-1056
123000567,140,317,-177
123000573,43,1239,-1196
123000574,310,85,225
123000575,981,1881,-900
123000576,635,2631,-1996
123000577,107,701,-594
123000578,845,99,746
123000579,7556,3276,4280
123000580,96,8,88
123000582,211,55,156
123000583,17,774,-757
123000584,115,196,-81
123000585,1,153,-152
123000586,71,0,71
123000596,97,160,-63
123000597,53,98,-45
123000602,17,3,14
123000603,265,992,-727
123000604,413,1485,-1072
123000605,781,118,663
123000606,2,260,-258
123000609,28,366,-338
123000610,207,101,106
123000613,33,164,-131
123000614,122,87,35
123000615,25,171,-146
123000616,315,87,228
123000617,102,745,-643
123000618,126,930,-804
123000619,578,21,557
123000620,14,824,-810
123000622,210,10,200
123000624,76,53,23
123000630,495,442,53
123000631,248,2652,-2404
123000632,1179,1533,-354
123000633,0,221,-221
123000634,78,61,17
123000635,293,109,184
123000636,13,772,-759
123000637,93,208,-115
123000638,371,146,225
123000639,1410,2327,-917
123000640,38,1309,-1271
123000648,104,51,53
123000649,26,644,-618
123900001,1904,67,1837
123900002,10,1048,-1038
123900003,351,897,-546
123900005,143,117,26
123900006,136,32,104
124000001,1481,146,1335
124000002,105,2206,-2101
124000003,421,149,272
124000004,65,807,-742
124000005,687,196,491
124000006,218,1796,-1578
124000007,558,88,470
124000008,13,562,-549
124000009,194,297,-103
124000010,125,631,-506
124000011,738,365,373
124000012,307,1097,-790
124000017,85,99,-14
124000018,80,114,-34
124000019,92,108,-16
124000020,77,251,-174
124000021,113,85,28
124000022,94,313,-219
124000023,1141,1160,-19
124000024,1042,773,269
124000025,1172,1149,23
124000026,1306,1172,134
124000027,5623,3372,2251
124000028,3621,4080,-459
124000030,4098,1293,2805
124000031,638,1128,-490
124000032,5009,1093,3916
124000033,239,282,-43
124000034,2880,903,1977
124000035,110,106,4
124000036,101,536,-435
124000037,466,494,-28
124000038,59,116,-57
124000039,1081,306,775
124000040,713,768,-55
124000041,188,43,145
124000042,105,461,-356
124000043,66,63,3
124000044,49,355,-306
124000045,420,539,-119
124000046,229,947,-718
124000047,902,988,-86
124000048,662,2664,-2002
124000049,909,666,243
124000050,601,3118,-2517
124000051,378,439,-61
124000052,520,1734,-1214
124000053,347,871,-524
124000054,888,790,98
124000055,1163,1353,-190
124000056,4569,1592,2977
124000057,604,462,142
124000058,329,1849,-1520
124000059,428,523,-95
124000060,1244,1168,76
124000061,1382,2710,-1328
124000062,7567,1917,5650
124000063,1438,1687,-249
124000064,2969,2115,854
124000065,97,212,-115
124000066,313,47,266
124000067,60,284,-224
124000068,36,98,-62
124000069,290,313,-23
124000070,189,703,-514
124000071,106,84,22
124000072,176,660,-484
124000073,621,85,536
124000074,228,1123,-895
124000075,145,43,102
124000076,8,344,-336
124000077,1840,847,993
124000078,2258,590,1668
124000079,650,1239,-589
124000080,298,121,177
124000081,218,960,-742
124000082,16,89,-73
124000083,21,192,-171
124000084,77,254,-177
124000085,85,61,24
124000086,52,107,-55
124000087,78,56,22
124000088,196,1135,-939
124000089,455,421,34
124000090,105,514,-409
124000091,419,175,244
124000092,72,852,-780
124000093,94,90,4
124000094,169,463,-294
124000095,63,74,-11
124000096,94,423,-329
124000097,54,75,-21
124000098,55,125,-70
124000099,126,93,33
124000100,25,203,-178
124000101,32,95,-63
124000102,100,103,-3
124000103,36,72,-36
124000104,104,105,-1
124000105,30,64,-34
124000106,150,117,33
124000107,12,86,-74
124000108,86,50,36
124000109,71,86,-15
124000110,177,143,34
124000111,152,162,-10
124000112,503,873,-370
124000113,42,60,-18
124000114,210,755,-545
124000115,341,1049,-708
124000116,80,99,-19
124000117,42,93,-51
124000118,23,38,-15
124000119,902,872,30
124000120,496,661,-165
124000121,1495,458,1037
124000122,681,1250,-569
124000123,719,374,345
124000124,524,1052,-528
124000125,354,340,14
124000126,346,527,-181
124000127,672,466,206
124000128,663,1094,-431
124000129,1878,1315,563
124000130,805,652,153
124000131,807,507,300
124000132,856,760,96
124000133,640,794,-154
124000134,779,744,35
124000135,1594,1786,-192
124000136,965,1108,-143
124000137,1076,923,153
124000138,1383,1183,200
124000139,460,17,443
124000140,31,461,-430
124000141,99,10,89
124000142,19,168,-149
124000143,10,12,-2
124000144,11,76,-65
124000145,54,18,36
124000146,31,146,-115
124000148,14,44,-30
124000149,783,311,472
124000150,306,642,-336
124000151,581,277,304
124000152,715,1333,-618
124000153,767,441,326
124000154,603,920,-317
124000155,1057,578,479
124000156,1565,1125,440
124000169,163,309,-146
124000170,792,466,326
124000171,154,266,-112
124000172,405,742,-337
124000173,264,344,-80
124000174,302,989,-687
124000175,11,167,-156
124000176,24,13,11
124000177,11,44,-33
124000178,24,19,5
124000190,188,55,133
124000191,492,58,434
124000192,2748,343,2405
124000193,579,1392,-813
124000194,336,600,-264
124000195,203,557,-354
124000196,859,1383,-524
124000197,34,81,-47
124000198,14,23,-9
124000201,339,1333,-994
124000202,535,202,333
124000203,138,1227,-1089
124000204,330,644,-314
124000205,37,812,-775
124000206,265,602,-337
124000207,0,61,-61
124000209,256,869,-613
124000210,143,238,-95
124000211,181,1,180
124000212,1,800,-799
124000213,171,483,-312
124000214,170,1121,-951
124000215,105,8,97
124000216,3,664,-661
124000329,122,3092,-2970
124000338,75,1912,-1837
124000339,309,114,195
124000341,436,74,362
124000344,20,12,8
124000357,784,1474,-690
124000358,639,992,-353
124000359,629,415,214
124000360,320,310,10
124000361,1206,721,485
124000362,2041,2697,-656
124000363,288,547,-259
124000364,463,1130,-667
124000365,616,1354,-738
124000366,2142,1014,1128
124000367,115,689,-574
124000368,274,155,119
124000369,119,82,37
124000370,105,886,-781
124000402,36,2,34
124000403,38,5,33
124000404,8,150,-142
124000405,1041,772,269
124000406,1178,877,301
124000407,4,25,-21
124000411,5,517,-512
124000412,267,20,247
124000413,252,39,213
124000414,48,121,-73
124000415,39,227,-188
124000416,120,456,-336
124000417,102,137,-35
124000418,102,105,-3
124000419,63,178,-115
124000420,32,72,-40
124000421,26,400,-374
124000422,18,25,-7
124000423,90,71,19
124000424,1,142,-141
124000425,15,12,3
124000426,4,67,-63
124000427,15,11,4
124000428,22,38,-16
124000429,23,71,-48
124000430,457,888,-431
124000431,249,867,-618
124000432,129,978,-849
124000439,3,11,-8
124000443,0,7,-7
124000445,217,654,-437
124000446,2894,87,2807
124900001,336,294,42
124900002,101,609,-508
124900003,523,637,-114
124900004,315,457,-142
124900005,239,283,-44
124900006,461,430,31
124900008,1183,442,741
124900009,109,162,-53
124900010,108,52,56
124900011,243,105,138
124900012,287,68,219
124900013,298,95,203
124900014,132,97,35
124900015,101,176,-75
124900016,33,59,-26
124900017,564,400,164
124900018,14,4,10
124900020,39,60,-21
124900021,144,38,106
124900022,22,5,17
124900024,164,7,157
124900026,65,13,52
124900027,39,226,-187
124900028,742,140,602
124900029,11,363,-352
124900030,8,177,-169
124900031,38,494,-456
124900032,271,196,75
124900033,64,550,-486
124900034,6,143,-137
124900035,193,484,-291
124900036,0,68,-68
124900037,200,427,-227
124900038,370,500,-130
124900039,0,23,-23
124900040,50,101,-51
124900041,210,1561,-1351
124900042,18,2,16
124900043,349,1446,-1097
124900044,52,3,49
124900045,692,990,-298
124900046,1983,312,1671
124900047,148,303,-155
124900048,144,174,-30
124900050,146,346,-200
124900052,87,469,-382
124900053,66,451,-385
124900054,4144,338,3806
124900055,0,147,-147
124900057,6,109,-103
124900060,50,300,-250
124900061,23,7,16
124900062,50,24,26
124900066,0,40,-40
124900067,8,189,-181
124900068,189,273,-84
124900070,89,14,75
124900072,28,13,15
124900075,124,246,-122
124900076,29,474,-445
124900077,31,142,-111
124900078,38,19,19
124900079,818,53,765
124900080,232,973,-741
124900081,586,242,344
124900082,367,1307,-940
124900083,168,628,-460
124900084,2378,74,2304
124900085,1331,211,1120
124900086,72,728,-656
124900087,689,99,590
124900088,690,118,572
124900089,1691,24,1667
124900090,210,214,-4
124900091,198,777,-579
124900092,171,570,-399
124900093,170,226,-56
124900094,205,230,-25
124900095,104,380,-276
124900096,491,149,342
124900097,182,55,127
124900098,112,531,-419
124900099,637,397,240
124900100,314,65,249
124900101,8,491,-483
124900102,137,28,109
124900103,108,387,-279
124900104,37,208,-171
124900105,71,177,-106
124900106,294,38,256
124900107,54,14,40
124900108,130,35,95
124900111,0,80,-80
124900112,66,1015,-949
124900113,97,178,-81
124900114,214,74,140
124900115,64,45,19
124900116,86,154,-68
124900117,783,153,630
124900118,148,149,-1
124900119,269,99,170
124900120,28,474,-446
124900121,105,155,-50
124900122,657,266,391
124900123,450,60,390
124900124,143,235,-92
204000001,44,31,13
204000002,18,25,-7
204000003,27,7,20
204000004,3,1,2
204000005,400,374,26
204000006,792,1083,-291
204000011,12,71,-59
204000012,69,107,-38
204000019,388,536,-148
204000020,503,785,-282
204000021,2229,880,1349
204000022,466,542,-76
204000023,461,1118,-657
204000031,75,39,36
204000032,555,42,513
204000034,7,382,-375
204000035,8,6,2
204000036,8,42,-34
204000037,0,20,-20
204000038,1,25,-24
204000039,4,72,-68
204000040,1,36,-35
204000041,9,65,-56
204000042,25,16,9
204000043,21,2,19
204000044,23,8,15
204000045,45,11,34
204000046,35,17,18
204000057,7,45,-38
204000062,10,161,-151
204000068,24,139,-115
204000069,17,229,-212
204000070,29,136,-107
204000080,12,46,-34
204000085,1359,1689,-330
204000086,3173,2152,1021
204000087,34,10,24
204000088,6,97,-91
204000090,15,471,-456
204000093,145,52,93
204000096,666,647,19
204000097,249,32,217
204000099,847,1248,-401
204000100,798,1102,-304
204000105,2030,1891,139
204000110,955,1331,-376
204000111,302,862,-560
204000112,1032,988,44
204000113,371,1071,-700
204000114,696,679,17
204000115,370,383,-13
204000116,1405,529,876
204000119,1680,1846,-166
204000132,396,272,124
204000133,464,264,200
204000134,352,107,245
204000135,408,119,289
204000136,200,207,-7
204000138,138,381,-243
204000140,112,88,24
204000141,79,59,20
204000144,7,31,-24
204000145,430,45,385
204000146,28,568,-540
204000147,17,181,-164
204000148,274,33,241
204000154,4,3,1
204000155,7,11,-4
204000177,99,72,27
204000179,15,7,8
204000180,0,32,-32
204000222,11,62,-51
204000235,5,21,-16
204000236,107,420,-313
204000238,22,60,-38
204000240,264,81,183
204000263,539,1365,-826
204000268,938,454,484
204000308,233,28,205
204000317,7,90,-83
204000322,3,37,-34
204000323,22,13,9
204000328,248,79,169
204000329,72,147,-75
204000330,163,28,135
204000331,26,187,-161
204010341,8,345,-337
205000001,1151,1527,-376
205000013,12,91,-79
205000014,19,121,-102
205000015,37,253,-216
205000016,12,199,-187
205000017,28,111,-83
205000022,311,631,-320
205000025,1508,1000,508
205000029,176,1,175
205000045,104,235,-131
205000046,63,595,-532
205000047,123,621,-498
205000048,180,1120,-940
205000049,151,758,-607
205000050,1142,300,842
205000059,2,318,-316
205000060,2,71,-69
205000061,5,99,-94
205000062,11,86,-75
205000063,20,88,-68
205000064,25,155,-130
205000065,84,811,-727
205000066,110,895,-785
205000067,45,1126,-1081
205000069,156,20,136
205000082,140,273,-133
205000110,66,214,-148
205000111,152,236,-84
205000112,99,123,-24
205000113,225,287,-62
205000121,164,49,115
205000123,55,196,-141
205000126,318,110,208
205000127,600,155,445
205000128,475,69,406
205000129,445,80,365
205000130,268,43,225
205000131,511,8,503
205000132,358,1,357
205000133,219,1,218
205000134,152,1,151
205000137,118,151,-33
205000138,282,380,-98
205000139,17,114,-97
205000144,91,56,35
205000145,353,153,200
205000151,141,36,105
205000152,121,44,77
205000153,118,28,90
205000154,78,60,18
205000155,55,10,45
205000207,11,191,-180
205000233,11,0,11
205000234,0,0,0
205000243,0,0,0
205000244,0,3,-3
205000245,13,367,-354
205000249,0,48,-48
205000250,6,0,6
205000264,2,78,-76
206000027,7,5,2
206000028,6,1,5
206000043,17,191,-174
206000053,0,21,-21
206000054,4,29,-25
206000055,1,33,-32
206000075,5,3,2
206000076,19,12,7
206000077,14,12,2
206000078,6,5,1
206000079,10,3,7
206000082,516,22,494
206000100,85,757,-672
206000103,2,27,-25
206000104,14,31,-17
206000105,5,34,-29
206000106,11,37,-26
206000108,651,26,625
206000125,48,0,48
206000157,93,838,-745
206000170,3,378,-375
206000171,2,303,-301
206000172,12,1600,-1588
206000173,2,505,-503
206000174,9,228,-219
206000175,1,346,-345
206000176,17,532,-515
206000177,0,332,-332
206000178,1,264,-263
206000179,9,179,-170
206000180,13,337,-324
206000181,13,474,-461
206000182,16,503,-487
206000183,21,1422,-1401
206000184,8,658,-650
206000185,8,600,-592
206000186,136,2481,-2345
206000223,9,445,-436
206000226,19,9,10
206000227,32,2,30
206000237,37,571,-534
206000238,42,946,-904
206000239,756,3213,-2457
206000240,1,53,-52
206000241,1,172,-171
206000242,7,830,-823
206000243,20,645,-625
206000244,49,1597,-1548
206000245,390,47,343
206000246,36,4,32
206000247,83,6,77
206000248,177,6,171
206000252,57,21,36
206000258,21,40,-19
206000315,21,3,18
206000317,227,95,132
206000318,149,39,110
206000319,447,73,374
206000320,38,38,0
206000321,39,9,30
206000322,177,4,173
206000323,97,9,88
206000324,60,8,52
206000325,124,4,120
206000326,115,9,106
206000327,164,5,159
206000328,54,4,50
206000329,70,4,66
206000330,38,16,22
206000331,103,9,94
206000332,15,8,7
206000333,190,2,188
206000334,148,2,146
206000335,0,30,-30
206000361,6,275,-269
206000392,2,55,-53
206000405,115,0,115
206000441,17,20,-3
206000498,52,10,42
206000515,110,22,88
206000530,54,29,25
206000531,90,56,34
206000532,3161,66,3095
206000535,497,2628,-2131
206000536,21,336,-315
206000537,10,211,-201
206000613,1229,149,1080
207000001,155,473,-318
207000002,86,349,-263
207000003,96,232,-136
207000007,506,218,288
207000008,44,12,32
207000009,39,39,0
207000010,432,781,-349
207000012,264,193,71
207000015,383,2157,-1774
207000019,159,72,87
207000021,579,152,427
207000022,104,101,3
207000023,160,27,133
207000024,3,13,-10
207000025,15,43,-28
207000026,102,42,60
207000027,23,95,-72
207000028,67,285,-218
207000029,309,621,-312
207000033,187,246,-59
207000034,195,79,116
207000039,224,113,111
207000040,133,119,14
207000041,75,57,18
207000042,181,79,102
207000043,188,214,-26
207000051,101,521,-420
207000052,21,307,-286
207000053,424,779,-355
207000054,31,162,-131
207000055,66,227,-161
207000056,250,500,-250
207000057,125,375,-250
207000058,87,588,-501
207000059,58,998,-940
207000060,25,361,-336
207000061,83,182,-99
207000062,142,35,107
207000063,135,161,-26
207000064,350,205,145
207000065,272,247,25
207000066,101,188,-87
207000067,32,152,-120
207000068,85,88,-3
207000069,600,411,189
207000082,66,451,-385
207000083,82,504,-422
207000084,107,228,-121
207000085,122,23,99
207000086,105,6,99
207000106,27,34,-7
207000107,44,21,23
207000108,36,8,28
207000109,21,16,5
207000110,42,51,-9
207000111,63,91,-28
207000112,172,282,-110
207000114,23,31,-8
207000115,16,79,-63
207000116,9,356,-347
207000117,9,105,-96
207000118,0,115,-115
207000119,14,137,-123
207000123,182,36,146
207000124,97,21,76
207000125,27,31,-4
207000126,73,44,29
207000134,23,313,-290
207000135,26,425,-399
207000148,26,142,-116
207000149,60,37,23
207000152,154,418,-264
207000153,1369,1130,239
207000154,608,138,470
207000159,59,444,-385
207000160,141,1034,-893
207000238,0,90,-90
207000242,5,194,-189
207000248,19,37,-18
207000249,126,67,59
207000250,944,87,857
207000251,60,80,-20
207000252,45,76,-31
207000278,37,90,-53
207000279,15,370,-355
207000280,148,102,46
207000281,75,1749,-1674
207000282,128,35,93
207000283,165,289,-124
207000284,46,52,-6
207000285,166,34,132
207000291,11,176,-165
207000304,80,48,32
207000306,62,477,-415
207000310,44,82,-38
207000353,188,3,185
207000356,9,19,-10
207000357,12,9,3
207000358,33,8,25
207000415,3,212,-209
207000417,18,1,17
207000418,125,181,-56
207000438,0,0,0
207000439,1207,316,891
207000446,145,7,138
207000460,5,5,0
207000466,175,237,-62
207000467,102,96,6
207000468,26,918,-892
207000476,8,129,-121
207000477,306,138,168
207000478,0,14,-14
207000523,0,10,-10
207000524,21,0,21
207000527,97,145,-48
207000530,242,12,230
207000531,207,7,200
207000532,101,24,77
207000534,660,73,587
207000535,53,223,-170
207000537,42,106,-64
207000540,4,228,-224
207000541,0,380,-380
207000548,9,408,-399
207000549,238,22,216
207000561,73,152,-79
207000562,39,209,-170
207000567,172,336,-164
207000568,57,164,-107
207000569,208,1591,-1383
207000584,417,188,229
207000585,81,262,-181
207000616,1,341,-340
207000617,106,1,105
207900008,111,330,-219
208000001,418,645,-227
208000002,358,495,-137
208000003,694,622,72
208000004,1065,717,348
208000005,10,26,-16
208000019,452,828,-376
208000020,153,459,-306
208000021,171,635,-464
208000022,563,931,-368
208000028,1383,990,393
208000033,393,836,-443
208000034,1027,1891,-864
208000037,390,48,342
208000040,51,174,-123
208000041,782,405,377
208000042,646,491,155
208000047,85,444,-359
208000064,2761,1308,1453
208000066,1404,929,475
208000070,233,463,-230
208000071,308,905,-597
208000072,299,1383,-1084
208000080,156,347,-191
208000081,186,218,-32
208000082,243,439,-196
208000083,121,465,-344
208000084,15,25,-10
208000085,1004,650,354
208000086,425,951,-526
208000087,342,880,-538
208000089,620,815,-195
208000090,646,1242,-596
208000093,58,113,-55
208000094,286,600,-314
208000095,462,329,133
208000104,824,1031,-207
208000105,580,1021,-441
208000114,51,155,-104
208000115,504,399,105
208000116,256,935,-679
208000117,87,139,-52
208000118,70,100,-30
208000155,542,1060,-518
208000158,1763,2913,-1150
208000186,3282,2187,1095
208000204,388,1084,-696
208000205,853,1445,-592
208000282,4317,1693,2624
209000004,142,208,-66
209000005,17,29,-12
209000006,498,96,402
209000007,259,243,16
209000010,661,179,482
209000011,160,221,-61
209000012,136,226,-90
209000013,172,716,-544
209000014,758,1845,-1087
209000025,187,32,155
209000026,458,124,334
209000027,358,1352,-994
209000028,331,1339,-1008
209000029,727,1121,-394
209000030,632,2136,-1504
209000031,4617,3374,1243
209000034,83,162,-79
209000035,119,155,-36
209000036,121,116,5
209000037,165,174,-9
209000038,74,173,-99
209000039,55,142,-87
209000040,248,498,-250
209000041,194,465,-271
209000042,228,374,-146
209000043,796,610,186
209000044,199,587,-388
209000045,869,513,356
209000046,333,543,-210
209000047,212,233,-21
209000048,331,275,56
209000049,113,193,-80
209000050,214,274,-60
209000051,310,492,-182
209000052,146,509,-363
209000062,38,237,-199
209000063,36,165,-129
209000064,23,225,-202
209000065,27,42,-15
209000066,24,31,-7
209000067,45,45,0
209000080,26,170,-144
209000082,43,52,-9
209000091,38,125,-87
209000093,112,60,52
209000094,236,194,42
209000110,27,52,-25
209000111,351,950,-599
209000112,626,412,214
209000113,1217,411,806
209000114,228,310,-82
209000115,94,268,-174
209000116,1063,773,290
209000118,7,50,-43
209000119,29,11,18
209000121,126,796,-670
209000135,60,65,-5
209000142,691,901,-210
209000143,98,90,8
209000144,47,88,-41
209000229,215,172,43
209000240,35,520,-485
209000259,118,163,-45
209000260,121,1183,-1062
209000261,13,730,-717
209000262,3,684,-681
209000263,0,191,-191
209000264,0,219,-219
209000265,311,0,311
209000266,53,1,52
209000267,417,4,413
209000268,502,30,472
210000037,48,33,15
210000047,47,48,-1
210000048,46,35,11
210000049,83,31,52
210000052,27,174,-147
210000053,15,91,-76
210000054,38,101,-63
210000070,76,0,76
210000071,40,0,40
210000072,16,0,16
210000073,0,29,-29
210000074,0,99,-99
210000075,0,34,-34
210000076,8,111,-103
210000077,36,30,6
210000078,28,35,-7
210000079,70,19,51
210000080,133,53,80
210000081,105,5,100
210000082,65,3,62
210000083,66,0,66
210000084,43,1,42
210000085,0,67,-67
210000086,8,114,-106
210000099,41,259,-218
210000100,37,256,-219
210000101,68,243,-175
210000105,26,223,-197
210000159,0,178,-178
210000163,237,234,3
210000164,352,156,196
210000168,171,24,147
210000187,0,8,-8
210000188,0,17,-17
210000214,154,0,154
210000219,34,41,-7
210000220,40,104,-64
210000232,4,28,-24
210000233,18,52,-34
210000234,50,169,-119
210000235,40,154,-114
210000245,0,29,-29
210000246,71,0,71
210000258,2,89,-87
210000259,211,33,178
210000282,51,188,-137
210000285,1,143,-142
210000286,8,182,-174
210000290,5,7,-2
210000295,35,203,-168
210000296,45,107,-62
210000320,129,198,-69
210000321,86,121,-35
210000338,81,136,-55
210000339,550,872,-322
210000340,98,239,-141
210000341,127,240,-113
210000342,124,206,-82
210000343,143,225,-82
210000344,234,101,133
210000345,208,188,20
210000346,96,135,-39
210000347,212,53,159
210000348,133,27,106
210000349,176,23,153
210000350,80,64,16
210000351,81,165,-84
210000352,50,94,-44
210000353,44,119,-75
210000354,105,125,-20
210000355,30,108,-78
210000356,60,79,-19
210000357,73,72,1
210000358,325,115,210
210000359,125,62,63
210000360,165,99,66
210000361,181,148,33
210000362,184,184,0
210000363,946,135,811
210000364,107,142,-35
210000365,62,47,15
210000366,96,46,50
210000367,48,23,25
210000368,117,30,87
210000369,13,32,-19
210000370,61,62,-1
210000372,29,26,3
210000373,122,9,113
210000374,53,6,47
210000375,14,116,-102
210000376,52,175,-123
210000404,108,143,-35
210000439,43,79,-36
210000472,93,1,92
210000482,66,62,4
210000564,613,155,458
210000567,0,14,-14
210000568,691,6,685
211000092,42,90,-48
211000094,7,17,-10
211000169,200,12,188
211000172,9,224,-215
211000209,0,17,-17
211000226,19,19,0
211000270,10,17,-7
211000275,23,25,-2
211000276,72,41,31
211000279,7,54,-47
211000281,42,77,-35
211507980,2,24,-22
211977296,7,6,1
212000003,125,48,77
212000004,98,19,79
212000005,28,13,15
212000006,43,108,-65
212000008,124,261,-137
212000009,9,187,-178
212000012,42,101,-59
212000013,15,56,-41
212000014,187,176,11
212000015,233,266,-33
212000016,404,566,-162
212000027,359,487,-128
212000028,216,386,-170
212000029,123,291,-168
212000030,16,31,-15
212000031,42,63,-21
212000048,22,114,-92
212000049,4,61,-57
212000050,13,11,2
212000051,198,281,-83
212000052,147,448,-301
212000053,335,661,-326
212000054,154,137,17
212000055,170,274,-104
212000056,11,41,-30
212000057,5,36,-31
212000058,321,47,274
212000070,91,379,-288
212000077,99,811,-712
212000099,228,252,-24
212000108,210,233,-23
212000111,134,161,-27
212000120,126,139,-13
212000138,99,28,71
212000156,6,146,-140
212000158,26,20,6
212000159,205,52,153
212000160,374,205,169
212000161,41,12,29
212000310,22,17,5
212000311,8,97,-89
212000374,20,5,15
213000001,19,837,-818
213000005,281,106,175
213000006,1075,176,899
213000007,60,11,49
213000009,528,305,223
213000010,143,201,-58
213000011,185,93,92
213000012,118,442,-324
213000014,40,16,24
213000015,148,2,146
213000016,253,0,253
213000017,28,1,27
213000018,7,268,-261
213000019,2,211,-209
213000020,92,391,-299
213000021,4,128,-124
213000023,258,207,51
213000033,232,913,-681
213000034,576,376,200
213000035,99,215,-116
213000045,122,263,-141
213000046,176,239,-63
213000047,556,844,-288
213000056,84,14,70
213000069,39,1,38
213000073,0,21,-21
213000074,224,690,-466
213000075,482,12,470
213000076,11,1,10
213000085,5,50,-45
213000086,11,287,-276
213000091,109,12,97
213000092,82,8,74
213000099,192,950,-758
213000100,1154,182,972
213000101,138,205,-67
213000102,210,575,-365
213000103,662,1019,-357
213000104,50,608,-558
213000105,3,70,-67
213000106,20,225,-205
213000107,97,907,-810
213000108,10,596,-586
213000109,1,365,-364
213000110,12,96,-84
213000111,12,71,-59
213000112,185,151,34
213000115,32,3,29
213000116,123,995,-872
213000117,5,1324,-1319
213000118,265,305,-40
213000119,58,1185,-1127
213000120,121,1039,-918
213000122,278,1097,-819
213000123,857,2129,-1272
213000124,94,2147,-2053
213000125,154,14,140
213000126,115,103,12
213000127,215,196,19
213000128,962,818,144
213000129,542,352,190
213000130,329,169,160
213000132,217,74,143
213000133,297,86,211
213000134,576,23,553
213000136,375,16,359
213000137,403,55,348
213000139,283,19,264
213000147,20,1,19
213000148,43,6,37
213000149,17,3,14
213000150,1,74,-73
213000151,0,88,-88
213000152,2,72,-70
213000153,1,52,-51
213000154,21,243,-222
213000155,26,472,-446
213000156,68,783,-715
213000157,731,650,81
213000158,260,879,-619
213000159,410,666,-256
213000163,393,89,304
213000165,743,151,592
213000171,3,181,-178
213000172,3,464,-461
213000173,6,396,-390
213000174,2,310,-308
213000175,4,191,-187
213000176,30,11,19
213000177,37,1,36
213000178,45,5,40
213000179,129,0,129
213000180,71,0,71
213000184,91,613,-522
213000188,280,85,195
213000189,203,33,170
213000190,695,1010,-315
213000191,164,697,-533
213000192,201,794,-593
213000193,1789,236,1553
213000194,3,26,-23
213000195,17,524,-507
213000196,207,1062,-855
213000197,286,392,-106
213000198,15,3,12
213000200,100,1358,-1258
213000201,124,66,58
213000202,23,1049,-1026
213000203,3409,451,2958
213000204,455,39,416
213000205,210,49,161
213000206,303,50,253
213000207,49,17,32
213000208,139,3,136
213000209,87,2,85
213000210,306,0,306
213000211,7,8,-1
213000212,11,29,-18
213000213,4,31,-27
213000218,195,1198,-1003
213000219,399,19,380
213000220,344,12,332
213000223,173,134,39
213000224,38,28,10
213000225,53,4,49
213000226,30,11,19
213000227,510,180,330
213000228,176,59,117
213000229,441,20,421
213000230,196,36,160
213000232,107,476,-369
213000233,5,28,-23
213000234,12,33,-21
213000293,4,61,-57
213000294,146,7,139
213000295,8,76,-68
213000296,64,20,44
213000297,2,99,-97
213000298,16,120,-104
213000299,70,45,25
213000300,7,3,4
213000303,2,31,-29
213000304,0,2,-2
213000305,4,14,-10
213000306,52,39,13
213000307,252,66,186
213000308,105,337,-232
213000309,215,54,161
213000310,250,104,146
213000311,388,805,-417
213000315,78,198,-120
213000316,72,54,18
213000322,97,198,-101
213000323,31,140,-109
213000324,33,85,-52
213000325,10,153,-143
213000326,15,27,-12
213000327,14,64,-50
213000328,11,116,-105
213000329,36,46,-10
213000340,126,1209,-1083
213000341,208,86,122
213000346,236,145,91
213000347,1022,198,824
213000348,10,241,-231
213000349,86,13,73
213000350,242,2023,-1781
213000366,35,387,-352
213000367,125,27,98
213000379,96,275,-179
213000386,13,248,-235
213000406,93,485,-392
213000417,1031,377,654
213000425,78,71,7
213000426,42,99,-57
213000427,25,491,-466
213000428,28,329,-301
213000429,15,1,14
213000430,92,1341,-1249
213000431,32,1,31
213000432,3,10,-7
213000433,6,180,-174
213000434,76,138,-62
213000435,81,92,-11
213000436,20,109,-89
213000437,0,35,-35
213000438,73,93,-20
213000439,56,9,47
213000440,13,225,-212
213000441,1,1,0
213000442,1,37,-36
213000443,393,427,-34
213000444,33,96,-63
213000445,0,113,-113
213000446,1,8,-7
213000447,5,26,-21
213000448,4,91,-87
213000449,132,12,120
213000450,9,51,-42
213000451,187,79,108
213000452,9,18,-9
213000453,39,476,-437
213000455,302,11,291
213000456,0,210,-210
213000481,21,2,19
213000482,38,4,34
213000489,624,43,581
213000491,1,78,-77
213000492,231,1,230
213000493,0,69,-69
213000494,163,185,-22
213000495,0,155,-155
213000496,277,311,-34
213000497,36,432,-396
213000498,92,337,-245
213000499,99,939,-840
213000500,282,114,168
213000501,84,35,49
213000502,201,76,125
213000503,1,77,-76
213000504,10,234,-224
213000505,7,2,5
213000506,0,7,-7
213000507,3,185,-182
213900016,0,12,-12
213900244,11,2,9
213900245,0,42,-42
218000003,20,21,-1
218000004,21,37,-16
218000005,25,43,-18
218000006,73,24,49
218000007,15,9,6
218000012,307,138,169
218000013,78,120,-42
218000014,537,366,171
218000019,805,521,284
218000020,276,376,-100
218000021,32,137,-105
218000022,9,78,-69
218000023,0,87,-87
218000024,5,47,-42
218000025,5,49,-44
218000026,10,86,-76
218000027,2,44,-42
218000028,2,10,-8
218000029,4,7,-3
218000030,22,48,-26
218000031,3,73,-70
218000032,0,42,-42
218000040,9,1,8
218000046,30,258,-228
218000047,7,272,-265
218000048,90,234,-144
218000049,257,231,26
218000050,492,354,138
218000051,66,353,-287
218000052,2,133,-131
218000053,10,14,-4
218000054,31,26,5
218000055,10,12,-2
218000056,13,31,-18
218000057,3,39,-36
218000064,1,4,-3
218000065,36,57,-21
218000066,4,51,-47
218000067,30,100,-70
218000068,84,107,-23
218000069,104,217,-113
218000070,84,325,-241
218000071,119,233,-114
218000072,280,252,28
218000078,598,1743,-1145
218000079,52,73,-21
218000080,56,53,3
218000081,227,266,-39
218000082,18,128,-110
218000083,28,67,-39
218000084,71,253,-182
218000085,84,598,-514
218000086,50,248,-198
218000087,174,328,-154
218000090,1,64,-63
218000091,794,503,291
218000092,36,178,-142
218000093,65,109,-44
218000094,509,893,-384
218000099,325,500,-175
218000100,189,285,-96
218000101,146,178,-32
218000102,183,386,-203
218000103,86,287,-201
218000104,41,56,-15
218000105,18,7,11
218000106,12,8,4
218000107,39,109,-70
218000108,2,64,-62
218000112,48,6,42
218000117,33,15,18
218000134,491,1055,-564
218000135,32,124,-92
218000136,213,76,137
218000137,125,159,-34
218000138,9,104,-95
218000139,82,357,-275
218000140,166,254,-88
218000141,15,81,-66
218000142,144,278,-134
218000143,56,329,-273
218000144,30,113,-83
218000145,286,429,-143
218000146,64,194,-130
218000151,8,16,-8
218000152,51,46,5
218000153,1,4,-3
218000154,8,1,7
218000155,13,1,12
218000156,44,23,21
218000157,16,13,3
218000158,6,4,2
218000159,2,5,-3
218000160,0,4,-4
218000161,14,4,10
218000162,8,6,2
218000163,2,7,-5
218000164,20,19,1
218000165,33,29,4
218000170,1,37,-36
218000171,21,10,11
218000172,18,31,-13
218000173,62,18,44
218000174,6,7,-1
218000176,61,20,41
218000177,266,123,143
218000178,58,104,-46
218000179,38,40,-2
218000180,38,19,19
218000181,112,39,73
218000187,0,19,-19
218000188,31,59,-28
218000189,11,78,-67
218000190,10,26,-16
218000191,38,97,-59
218000192,106,615,-509
218000193,285,816,-531
218000194,72,836,-764
218000195,113,89,24
218000196,230,300,-70
218000197,149,414,-265
218000198,2,119,-117
218000199,24,19,5
218000200,84,26,58
218000201,2,8,-6
218000202,163,143,20
218000207,5,149,-144
218000208,34,118,-84
218000211,72,13,59
218000212,2,6,-4
218000213,94,75,19
218000214,3,23,-20
218000215,48,111,-63
218000217,10,158,-148
218000218,259,64,195
218000219,32,16,16
218000220,99,308,-209
218000221,666,154,512
218000222,23,18,5
218000223,27,91,-64
218000224,4,73,-69
218000225,120,21,99
218000226,41,54,-13
218000230,0,6,-6
218000232,40,90,-50
218000239,60,6,54
218000240,40,3,37
218000241,6,0,6
218000242,94,1,93
218000243,17,2,15
218000244,2,1,1
218000245,22,2,20
218000246,0,1,-1
218000247,0,0,0
218000248,1,35,-34
218000249,1,4,-3
218000250,7,58,-51
218000251,1,13,-12
218000252,4,13,-9
218000253,21,12,9
218000254,0,12,-12
218000255,0,6,-6
218000256,5,36,-31
218000267,1008,1336,-328
218000268,3,73,-70
218000269,5,18,-13
218000270,41,85,-44
218000271,29,87,-58
218000273,12,9,3
218000274,5,10,-5
218000275,4,37,-33
218000276,6,82,-76
218000278,11,30,-19
218000279,27,80,-53
218000280,9,38,-29
218000281,26,9,17
218000282,446,215,231
218000284,97,9,88
218000301,65,145,-80
218000302,66,58,8
218000303,92,90,2
218000316,659,1254,-595
218000317,639,1332,-693
218000318,321,1042,-721
218000319,681,2226,-1545
218000320,563,964,-401
218000338,21,23,-2
218000345,106,53,53
218000346,43,155,-112
218000459,84,432,-348
218000490,32,85,-53
218000501,39,20,19
218000502,71,97,-26
218000503,39,12,27
218000504,113,7,106
218000505,45,167,-122
218000506,12,163,-151
218000508,4,2,2
218000510,156,6,150
218000520,119,121,-2
218000521,2,95,-93
218000522,1,140,-139
218000523,59,0,59
218000524,48,127,-79
218000525,91,17,74
218000526,41,74,-33
218000529,60,278,-218
218000530,5,5,0
218000531,2,26,-24
218000532,9,36,-27
218000534,53,28,25
218000537,16,30,-14
218000538,187,247,-60
218000540,527,95,432
218000543,99,44,55
218000544,35,153,-118
218000545,21,43,-22
218000546,42,126,-84
218000547,70,110,-40
218000548,151,264,-113
218000549,277,165,112
218000550,199,644,-445
218000551,204,464,-260
218000552,596,42,554
218000553,34,65,-31
218000554,12,30,-18
218000555,14,68,-54
218000556,71,502,-431
218000557,153,175,-22
218000558,44,3,41
218000559,0,26,-26
218000560,0,12,-12
218000561,1,0,1
218000562,19,171,-152
218000563,115,41,74
218000564,18,128,-110
218000565,114,16,98
218000566,571,48,523
218000567,7,62,-55
218000568,7,5,2
218000569,7,123,-116
218000570,234,16,218
218000571,1,113,-112
218000572,88,5,83
218000573,21,78,-57
218000574,106,57,49
218000575,117,0,117
218000576,1,97,-96
218000577,22,0,22
218000578,1,76,-75
218000579,67,6,61
218000581,3,93,-90
218000582,19,7,12
218000583,5,0,5
218000584,0,41,-41
218000585,29,8,21
218000586,2,41,-39
218000587,0,1,-1
218000588,0,3,-3
218000589,0,3,-3
218000590,1,0,1
218000591,3,3,0
218000592,4,0,4
218000593,0,0,0
218000594,2,0,2
218000595,0,0,0
218000596,0,0,0
218000597,0,0,0
218000598,0,0,0
218000599,0,0,0
218000600,0,0,0
218000601,0,0,0
218000602,0,2,-2
218000603,0,3,-3
218000604,5,0,5
218000605,0,29,-29
218000606,24,0,24
218000607,9,31,-22
218000608,33,13,20
218000609,5,52,-47
218000610,42,1,41
218000611,19,8,11
218000612,5,16,-11
218000613,37,1,36
218000614,4,48,-44
218000615,87,1,86
218000616,2,149,-147
218000617,1,2,-1
218000618,0,19,-19
218000619,17,30,-13
218000620,6,157,-151
218000621,0,1,-1
218000622,1,36,-35
218000623,17,0,17
218000624,0,30,-30
218000625,9,0,9
218000626,2,2,0
218000628,82,27,55
218000631,13,24,-11
218000632,0,125,-125
218000633,20,1,19
218000634,43,15,28
218000635,61,9,52
218000636,612,2035,-1423
218000637,1146,749,397
218000638,95,55,40
218000639,14,317,-303
218000640,104,16,88
218000641,41,465,-424
218000652,129,148,-19
218000653,127,58,69
218000663,2,111,-109
218000675,29,62,-33
218000676,1,64,-63
218000677,2,20,-18
218000680,220,650,-430
218000681,238,127,111
218000691,89,508,-419
218000693,67,84,-17
218000703,9,114,-105
218000718,1061,515,546
218000719,1535,171,1364
218000720,13,48,-35
218000721,39,3,36
218000725,5,11,-6
218001147,1,139,-138
218001214,34,25,9
218001258,48,3,45
218001329,95,119,-24
218001330,123,117,6
218001351,8,16,-8
218001352,10,29,-19
218001353,13,8,5
218001354,0,29,-29
218001355,11,359,-348
218001356,138,6,132
218001357,5,207,-202
218001358,100,0,100
218001361,82,41,41
218001362,0,178,-178
219000001,24,76,-52
219000002,23,67,-44
219000003,21,31,-10
219000004,43,39,4
219000017,98,33,65
219000020,70,29,41
219000022,58,5,53
219000023,48,0,48
219000029,0,112,-112
219000034,18,15,3
219000039,35,50,-15
219000040,36,19,17
219000041,67,33,34
219000051,0,106,-106
219000052,0,30,-30
219000053,2,333,-331
219000054,26,204,-178
219000055,92,2,90
219000056,8,0,8
219000057,27,0,27
219000062,3,376,-373
219000063,39,5,34
219000064,9,40,-31
219000110,267,32,235
219000111,115,17,98
219000112,153,43,110
219000113,73,41,32
219000114,256,43,213
219000116,78,19,59
219000117,172,70,102
219000118,88,49,39
219000123,246,91,155
219000124,60,47,13
219000125,8,12,-4
219000126,44,121,-77
219000127,0,6,-6
219000128,14,161,-147
219000129,23,178,-155
219000130,945,1013,-68
219000131,850,905,-55
219000133,33,26,7
219000134,3,8,-5
219000135,27,46,-19
219000136,121,133,-12
219000138,52,30,22
219000139,17,64,-47
219000140,27,1,26
219000141,17,115,-98
219000142,22,90,-68
219000143,20,83,-63
219000145,12,57,-45
219000146,8,96,-88
219000147,4,86,-82
219000148,3,95,-92
219000149,28,332,-304
219000150,4,185,-181
219000151,4,156,-152
219000157,91,118,-27
219000158,132,310,-178
219000161,126,5,121
219000163,1794,349,1445
219000166,62,246,-184
219000167,103,314,-211
219000168,325,71,254
219000174,251,82,169
219000175,58,3,55
219000176,48,8,40
219000177,16,8,8
219000178,19,1,18
219000179,12,7,5
219000180,66,23,43
219000182,67,9,58
219000183,23,59,-36
219000184,33,1,32
219000185,0,98,-98
219000186,11,57,-46
219000187,9,182,-173
219000189,174,224,-50
219000190,103,355,-252
219000191,1635,1101,534
219000192,132,133,-1
219000193,623,241,382
219000195,1,75,-74
219000196,4,137,-133
219000198,26,144,-118
219000199,128,190,-62
219000200,21,224,-203
219000201,70,309,-239
219000203,18,158,-140
219000204,96,233,-137
219000205,36,265,-229
219000207,146,303,-157
219000209,17,96,-79
219000210,56,120,-64
219000213,14,503,-489
219000239,149,281,-132
219000240,180,407,-227
219000241,86,296,-210
219000242,36,259,-223
219000243,66,394,-328
219000244,16,104,-88
219000245,105,48,57
219000246,25,9,16
219000247,59,19,40
219000248,390,220,170
219000249,93,61,32
219000250,95,91,4
219000251,382,120,262
219000252,171,114,57
219000253,206,22,184
219000255,50,84,-34
219000256,99,84,15
219000257,44,0,44
219000262,47,330,-283
219000263,36,298,-262
219000267,4,215,-211
219000268,2,10,-8
219000269,6,0,6
219000270,7,1,6
219000271,47,1,46
219000278,0,16,-16
219000279,0,9,-9
219000283,0,20,-20
219000295,5,142,-137
219000296,112,666,-554
219000297,19,135,-116
219000298,14,227,-213
219000299,303,33,270
219000300,22,348,-326
219000301,160,359,-199
219000302,21,209,-188
219000307,19,52,-33
219000308,18,21,-3
219000311,110,39,71
219000312,352,27,325
219000313,148,28,120
219000314,124,650,-526
219000315,158,30,128
219000316,273,37,236
219000317,58,16,42
219000320,0,61,-61
219000321,0,38,-38
219000323,4,107,-103
219000325,2,41,-39
219000326,52,128,-76
219000327,25,32,-7
219000328,26,46,-20
219000329,249,98,151
219000330,74,20,54
219000331,27,34,-7
219000332,53,93,-40
219000333,6,6,0
219000335,59,1,58
219000337,3,0,3
219000338,36,0,36
219000344,31,97,-66
219000345,81,136,-55
219000346,17,201,-184
219000348,72,216,-144
219000349,40,419,-379
219000350,55,79,-24
219000351,5,3,2
219000352,329,48,281
219000353,63,46,17
219000354,118,137,-19
219000355,55,36,19
219000356,1999,451,1548
219000363,362,27,335
219000364,79,19,60
219000365,81,19,62
219000366,218,156,62
219000368,393,336,57
219000370,1106,215,891
219000371,9,15,-6
219000382,1,15,-14
219000383,919,907,12
219000385,690,563,127
219000386,1108,1650,-542
219000387,0,7,-7
219000390,6,1,5
219000391,0,0,0
219000397,94,108,-14
219000398,66,31,35
219000401,6,119,-113
219000402,27,74,-47
219000403,77,173,-96
219000404,10,111,-101
219000407,1,29,-28
219000409,49,33,16
219000410,38,37,1
219000411,39,8,31
219000446,255,646,-391
219000447,1,21,-20
219000448,9,7,2
219000452,117,51,66
219000453,67,142,-75
219000454,349,180,169
219000556,117,60,57
219000558,200,408,-208
219000590,19,314,-295
219000591,22,58,-36
219000592,84,425,-341
219000595,7,37,-30
219000635,47,21,26
219000636,16,74,-58
219000657,17,11,6
219000658,20,56,-36
219000673,0,14,-14
219000676,33,7,26
219000679,10,7,3
219000684,74,2,72
219000685,1,107,-106
219000686,3,0,3
219000688,0,75,-75
219000689,58,179,-121
219000690,173,17,156
219000691,87,154,-67
219000692,169,37,132
219000693,1,29,-28
219000694,8,0,8
219000695,12,5,7
219000698,24,0,24
219000699,0,19,-19
219000727,11,229,-218
219000728,44,3,41
219000770,30,1,29
219000771,0,88,-88
219000788,276,220,56
219001150,2,19,-17
219001151,0,4,-4
219001166,27,9,18
219001167,1,68,-67
219001178,74,23,51
220000001,47,33,14
220000002,23,232,-209
220000003,446,339,107
220000004,718,724,-6
220000005,1599,1916,-317
220000006,159,955,-796
220000007,315,819,-504
220000008,391,1266,-875
220000009,180,642,-462
220000010,189,169,20
220000011,788,2522,-1734
220000012,153,244,-91
220000014,96,47,49
220000015,40,189,-149
220000017,50,493,-443
220000018,6347,1556,4791
220000019,71,266,-195
220000020,237,295,-58
220000021,492,190,302
220000022,335,595,-260
220000023,142,157,-15
220000024,1635,249,1386
220000025,656,452,204
220000026,148,161,-13
220000027,12,116,-104
220000028,12,24,-12
220000029,61,166,-105
220000030,210,128,82
220000031,187,267,-80
220000064,22,1202,-1180
221000046,4,0,4
221000047,0,0,0
221000048,0,2,-2
221000049,0,9,-9
221000050,14,0,14
221000055,43,31,12
221000057,31,7,24
221000068,327,83,244
221000069,247,36,211
221000070,127,12,115
221000071,61,4,57
221000072,139,6,133
221000073,156,37,119
221000074,0,13,-13
221000075,15,4,11
221000076,2,28,-26
221000077,32,70,-38
221000081,39,7,32
221000082,35,13,22
221000083,51,3,48
221000084,3,7,-4
221000085,7,52,-45
221000086,8,142,-134
221000087,1,199,-198
221000088,17,197,-180
221000089,37,303,-266
221000090,88,468,-380
221000098,59,10,49
221000099,82,12,70
221000100,42,5,37
221000101,141,9,132
221000102,75,13,62
221000109,7,104,-97
221000110,8,112,-104
221000111,14,163,-149
221000112,6,129,-123
221000113,18,155,-137
221000114,8,134,-126
221000120,25,39,-14
221000121,9,23,-14
221000122,11,20,-9
221000123,11,24,-13
221000124,19,325,-306
221000155,52,9,43
221000156,21,18,3
221000175,1,12,-11
221000176,0,4,-4
221000182,34,13,21
221000241,548,178,370
221000242,151,389,-238
221000243,329,105,224
221000244,155,448,-293
221000245,37,99,-62
221000246,31,265,-234
221000247,50,108,-58
221000248,65,183,-118
221000267,53,974,-921
221000325,72,69,3
221000331,2,121,-119
221000338,14,16,-2
221000378,104,22,82
221000381,52,120,-68
222000282,3,2,1
222000296,0,28,-28
222000568,230,15,215
222000569,112,34,78
222000570,96,7,89
222000571,144,16,128
222000577,3,341,-338
222000578,16,275,-259
222000579,24,208,-184
222000580,120,1114,-994
222000599,0,165,-165
222000600,2,369,-367
222000601,12,1096,-1084
222000603,13,18,-5
222000604,18,41,-23
222000605,23,13,10
222000606,0,8,-8
222000607,3,3,0
222000608,16,11,5
222000609,45,514,-469
222000616,80,54,26
222000617,10,13,-3
222000618,2,1,1
222000620,51,9,42
222000621,84,13,71
222000623,398,9,389
222000624,187,5,182
222000625,275,49,226
222000636,46,4,42
222000686,10,23,-13
222000687,10,43,-33
222001066,240,2,238
222001067,13,15,-2
222001068,26,48,-22
222001069,20,48,-28
222001082,14,62,-48
222001083,4,88,-84
222001084,0,38,-38
222001085,0,135,-135
222001111,19,335,-316
222001112,15,50,-35
222001313,33,2,31
222001314,10,89,-79
222001464,101,38,63
222001465,43,137,-94
222001484,45,72,-27
222001485,16,108,-92
222001494,169,133,36
222001495,103,587,-484
222001496,120,48,72
222001497,51,882,-831
222001502,12,148,-136
222001503,48,47,1
222001504,29,335,-306
222001505,246,15,231
222001506,39,284,-245
222001507,168,16,152
222001510,188,28,160
222001511,40,566,-526
222001514,515,135,380
222001515,265,782,-517
222001518,97,49,48
222001519,56,516,-460
222001527,172,61,111
222001528,72,233,-161
222001529,123,38,85
222001530,46,347,-301
222001533,122,506,-384
222001534,144,42,102
222001535,58,106,-48
222001536,118,531,-413
222001537,228,23,205
222001538,49,730,-681
222001563,237,61,176
222001564,35,968,-933
222001568,190,124,66
222001576,0,1,-1
222001579,1,7,-6
222001583,21,290,-269
222001584,60,11,49
222001596,811,1946,-1135
222001597,1827,270,1557
222001626,1,210,-209
222001650,35,67,-32
222001651,86,201,-115
222001914,131,73,58
222001915,76,277,-201
222001968,396,166,230
222001969,457,1175,-718
222001970,102,320,-218
222001971,3,33,-30
222001972,1,30,-29
225000001,315,118,197
225000002,243,93,150
225000003,234,54,180
225000004,217,169,48
225000005,23,49,-26
225000006,0,135,-135
225000007,3721,1320,2401
225000010,79,7,72
225000011,585,681,-96
225000012,137,456,-319
225000013,66,147,-81
225000014,672,56,616
225000015,69,229,-160
225000021,530,127,403
225000027,233,529,-296
225000032,519,123,396
225000042,44,760,-716
225000049,38,58,-20
225000050,34,10,24
225000053,7,230,-223
225000058,515,140,375
225000067,163,277,-114
225000068,88,670,-582
225000069,210,673,-463
225000070,42,593,-551
225000071,23,361,-338
225000075,17,724,-707
225000076,72,144,-72
225000078,67,26,41
225000085,22,87,-65
225000086,139,50,89
225000087,95,16,79
225000088,8,170,-162
225000089,356,629,-273
225000090,23,369,-346
225000091,78,243,-165
225000092,50,69,-19
225000093,122,475,-353
225000094,10,576,-566
225000095,284,744,-460
225000096,216,522,-306
225000098,434,128,306
225000099,200,83,117
225000100,112,115,-3
225000104,46,451,-405
225000110,8,478,-470
225000111,131,1237,-1106
225000112,254,1004,-750
225000113,142,581,-439
225000114,40,297,-257
225000115,2534,616,1918
225000116,878,90,788
225000117,722,326,396
225000118,640,294,346
225000119,96,66,30
225000120,392,47,345
225000121,222,22,200
225000123,672,14,658
225000125,247,356,-109
225000126,1040,156,884
225000127,967,546,421
225000128,364,377,-13
225000132,224,38,186
225000133,194,41,153
225000134,474,86,388
225000135,29,5,24
225000136,140,10,130
225000137,83,44,39
225000138,211,31,180
225000143,77,196,-119
225000144,4,312,-308
225000145,26,25,1
225000146,37,103,-66
225000147,7,428,-421
225000148,9,285,-276
225000149,106,495,-389
225000151,36,314,-278
225000155,250,402,-152
225000156,165,776,-611
225000157,217,420,-203
225000158,80,370,-290
225000171,4,166,-162
225000180,23,3,20
225000181,0,48,-48
225000182,58,10,48
225000185,7,292,-285
225000187,46,410,-364
225000191,66,4,62
225000194,0,13,-13
225000208,3,61,-58
225000209,43,17,26
225000210,5,215,-210
225000217,1,8,-7
225000218,10,0,10
225000223,0,40,-40
225000224,332,1,331
225000225,0,12,-12
225000226,44,10,34
225000227,27,60,-33
225000228,13,7,6
225000229,1,68,-67
225000230,25,0,25
225000231,1,84,-83
225000232,66,0,66
225000241,42,1,41
225000242,0,34,-34
225000249,4,0,4
225000250,37,1031,-994
225000251,300,27,273
225000254,1,0,1
225000256,2,7,-5
225000257,1,4,-3
226000042,363,438,-75
226000043,72,264,-192
226000044,162,720,-558
226000045,68,485,-417
226000046,312,40,272
226000047,282,48,234
226000048,254,30,224
226000049,185,73,112
226000070,0,59,-59
226000071,1,84,-83
226000072,0,14,-14
226000073,0,22,-22
226000074,1,5,-4
226000084,0,67,-67
226000085,0,3,-3
226000086,7,9,-2
226000087,0,11,-11
226000088,79,9,70
226000090,116,15,101
226000091,14,8,6
226000092,0,8,-8
226000093,36,0,36
226000094,16,0,16
226000095,7,1,6
226000105,8,1,7
226000106,10,0,10
226000107,4,0,4
226000108,18,0,18
226000109,43,0,43
226000124,109,65,44
226000134,266,400,-134
226000135,710,496,214
226000136,213,341,-128
226000137,8,469,-461
226000138,21,265,-244
226000139,5,8,-3
226000156,58,3,55
226000157,51,7,44
226000163,35,32,3
226000202,4,493,-489
226000231,113,6,107
226000232,18,2,16
227000033,187,33,154
227000036,116,15,101
227000037,73,18,55
227000038,62,17,45
227000084,2,44,-42
227000085,0,38,-38
227000088,21,3,18
227000089,77,1,76
227000090,24,0,24
227000091,4,0,4
227000092,11,0,11
227000093,26,0,26
227000094,20,20,0
227000130,16,75,-59
227000131,9,291,-282
227000132,4,279,-275
227000133,5,299,-294
227000134,13,463,-450
227000152,0,4,-4
227000153,0,26,-26
227000154,2,20,-18
227000155,0,10,-10
227000156,0,22,-22
227000165,3,24,-21
227000196,139,454,-315
227000199,75,803,-728
227000230,39,638,-599
227000232,152,18,134
227000242,62,585,-523
227000243,245,24,221
227000245,19,419,-400
227000246,94,581,-487
227000247,125,40,85
227000248,36,18,18
227000249,17,228,-211
227000250,191,62,129
227000251,153,228,-75
227000252,19,499,-480
227000253,31,10,21
227000262,160,21,139
227000266,438,18,420
227000267,28,2572,-2544
227000282,5,362,-357
227000284,165,26,139
227000286,3,128,-125
227000287,6,238,-232
227000291,14,848,-834
227000296,294,317,-23
227000484,229,18,211
227000485,27,891,-864
227000655,29,23,6
227000656,534,14,520
227000657,21,17,4
227000661,153,10,143
227000680,72,31,41
229000265,29,46,-17
229000296,30,15,15
229000297,2,77,-75
229000298,3,218,-215
229000320,5,10,-5
229000321,33,12,21
229000412,21,77,-56
229000414,8,57,-49
229000415,12,0,12
229000416,0,6,-6
229000417,1,17,-16
229000419,97,248,-151
229000440,202,51,151
229000442,20,8,12
229000443,0,5,-5
229000444,0,45,-45
229000445,28,4,24
229000446,40,9,31
229000491,3,50,-47
229000492,17,239,-222
229000493,3,221,-218
229000494,21,9,12
229000495,80,4,76
229000496,36,4,32
229000507,0,57,-57
229000508,1,37,-36
229000509,0,71,-71
229000510,0,37,-37
229000511,2,99,-97
229000512,0,69,-69
229000513,0,8,-8
229000514,0,3,-3
229000517,2,10,-8
229000518,9,37,-28
229000519,1,22,-21
229000520,7,75,-68
229000521,14,20,-6
229000522,2,11,-9
229000523,7,17,-10
229000524,0,5,-5
229000527,0,0,0
229000528,1,0,1
229000529,4,0,4
229000530,50,1,49
229000531,38,0,38
229000532,20,2,18
229000533,57,1,56
229000534,60,0,60
229000564,37,0,37
229000565,2,0,2
229000566,0,28,-28
229000567,1,67,-66
229000582,108,0,108
229000583,9,1,8
229000584,0,48,-48
229000585,5,85,-80
229000718,0,0,0
229000719,0,3,-3
229000720,0,13,-13
229000721,0,14,-14
229000722,0,45,-45
229000723,0,19,-19
229000724,0,2,-2
229000725,0,3,-3
229000738,2,0,2
229000739,0,0,0
229000740,0,0,0
229000741,6,0,6
229000742,6,0,6
229000743,6,0,6
229000744,0,0,0
229000745,0,0,0
229000746,33,0,33
229000847,13,0,13
229000848,6,0,6
229000849,78,2,76
229000851,8,0,8
229000854,0,70,-70
229000856,1,152,-151
229000857,0,42,-42
229000858,0,108,-108
229000919,20,68,-48
229000930,4,212,-208
229000937,59,21,38
229000966,49,41,8
229000981,8,49,-41
229000985,2,57,-55
229000986,1,7,-6
229000987,0,2,-2
229000988,0,3,-3
229000989,0,4,-4
229000990,1,0,1
229000991,1,2,-1
229000992,7,7,0
229000993,134,22,112
229000998,13,90,-77
229000999,39,10,29
229001034,1,13,-12
229001035,6,3,3
229001037,63,13,50
229001042,13,23,-10
229001047,3,75,-72
229001050,23,64,-41
229001168,0,7,-7
229001200,10,1,9
229001338,36,26,10
229001394,220,3,217
229001422,94,20,74
229001423,22,132,-110
229001431,17,42,-25
229001432,45,61,-16
229001444,163,52,111
229001445,28,192,-164
229001479,7,2,5
229001503,99,86,13
229001504,68,181,-113
229001505,36,32,4
229001506,23,139,-116
229001509,65,42,23
229001545,48,11,37
229001546,8,62,-54
229001553,22,15,7
229001554,21,87,-66
229001559,1,4,-3
229001560,0,11,-11
229001630,47,17,30
229001631,10,66,-56
229001635,0,4,-4
229001636,0,0,0
229001658,2,92,-90
229001659,86,0,86
229001660,1,0,1
229001661,0,22,-22
229001662,12,0,12
229001663,0,47,-47
229002584,201,132,69
229002831,185,131,54
229002841,4,26,-22
229002842,15,30,-15
229002843,32,21,11
229002844,22,120,-98
229002845,16,70,-54
229002846,19,57,-38
229002847,1,15,-14
229002848,0,16,-16
229002849,1,64,-63
229002850,3,0,3
229002851,12,81,-69
229002852,74,36,38
229002853,47,18,29
229002854,27,35,-8
229002855,0,44,-44
229002856,13,10,3
229002857,0,78,-78
229002858,9,9,0
229002859,30,57,-27
229002860,17,35,-18
229002861,22,18,4
229002862,11,105,-94
229002863,8,36,-28
229002864,31,49,-18
229002865,9,12,-3
229002866,44,16,28
229002867,0,32,-32
229002868,11,88,-77
229002869,5,163,-158
229002870,21,7,14
235000066,334,54,280
235000067,97,77,20
235000072,30,62,-32
235000073,47,245,-198
235000074,11,101,-90
235000080,6,81,-75
235000081,25,204,-179
235000082,31,70,-39
235000083,62,112,-50
235000084,8,58,-50
235000085,42,45,-3
235000089,9,24,-15
235000092,4,95,-91
235000093,1,3,-2
235000097,0,4,-4
235000098,14,7,7
235000099,22,14,8
235000116,37,16,21
235000117,728,8,720
235000133,16,171,-155
235000134,4,78,-74
235000206,4,0,4
235000207,0,2,-2
235000208,2,2,0
235000209,12,0,12
235000210,5,0,5
235000212,0,13,-13
235000213,1,11,-10
235000220,0,4,-4
235000221,24,8,16
235000238,4,16,-12
235000239,2,0,2
235000242,203,186,17
235000245,836,210,626
235000246,19,73,-54
235000284,7,84,-77
235000295,101,9,92
235000305,66,7,59
235000306,32,2,30
235000307,7,0,7
235000308,7,0,7
235000309,22,0,22
235000310,24,0,24
235000311,29,4,25
235000322,0,34,-34
235000323,0,70,-70
235000324,4,27,-23
235000325,0,25,-25
235000326,9,388,-379
235000351,12,71,-59
235000352,20,162,-142
235000353,1,49,-48
235000354,3,142,-139
235000355,3,123,-120
235000356,35,7,28
235000357,27,16,11
235000358,12,9,3
235000359,2,1,1
235000360,40,15,25
235000361,32,4,28
235000381,27,278,-251
235000382,50,60,-10
235000390,15,3,12
235000391,62,14,48
235000392,53,125,-72
235000393,57,61,-4
235000395,44,14,30
235000396,108,43,65
235000400,83,28,55
235000401,63,186,-123
235000405,48,338,-290
235000406,28,294,-266
235000407,54,139,-85
235000409,177,154,23
235000410,26,229,-203
235000411,1,101,-100
235000485,0,7,-7
235000486,1,0,1
235000549,27,72,-45
235000550,56,193,-137
235000599,63,119,-56
235000600,5,5,0
235000601,26,36,-10
235000602,41,171,-130
235000614,1,8,-7
235000648,0,20,-20
235000649,18,2,16
235000685,1,5,-4
235000815,2,29,-27
235000834,0,14,-14
235000855,34,35,-1
235000862,14,163,-149
235000891,0,12,-12
235000892,67,58,9
235000901,86,116,-30
235000907,5,15,-10
235001010,36,82,-46
235001029,574,382,192
235001030,311,140,171
235001078,41,50,-9
235001079,42,124,-82
235001147,12,40,-28
235001166,5,59,-54
235001167,9,71,-62
235001169,34,352,-318
235001188,1,7,-6
235001189,1,0,1
235001197,1,43,-42
235001200,24,27,-3
235001207,95,15,80
235001210,17,123,-106
235001215,46,141,-95
235001239,0,30,-30
235001244,0,6,-6
235016267,0,43,-43
277101746,0,2,-2
277102712,0,0,0
277103813,0,0,0
277103898,0,3,-3
277104249,0,1,-1
277104250,0,17,-17
277104251,0,14,-14
277104252,0,4,-4
990011530,0,280,-280
990014944,3,538,-535
990015176,22,15,7
990015618,1,71,-70
990016032,1,469,-468
990032570,23,124,-101
990070001,38,2,36
990070103,0,4,-4
990070601,0,74,-74
990070751,222,0,222
990070766,1,1013,-1012
990071180,348,230,118
990071343,25,0,25
990071387,0,13,-13
990071823,217,2,215
990072600,2,739,-737
990072964,2,667,-665
990073285,0,0,0
990074393,5,1330,-1325
990074870,409,0,409
990075106,374,3,371
990075746,208,1,207
990076437,417,1,416
990076458,5,1622,-1617
997000007,117,1,116
997000041,0,132,-132
997000058,30,0,30
997000062,21,1,20
997000069,0,1,-1
997000070,0,55,-55
997000100,10,0,10
997000141,10,1854,-1844
997000198,2,808,-806
998000475,2,7,-5
998000736,0,439,-439
998000965,0,3,-3
998001031,0,45,-45
998001700,0,28,-28
998001899,0,3,-3
998001900,15,7,8
998003073,1310,2,1308
998101900,0,0,0
998102850,2,123,-121
998501927,396,338,58
998501929,93,2,91
998501930,93,0,93
998501931,65,7,58
998501932,5,1,4
998501933,40,1,39
998501937,10,0,10
998501944,9,1,8
998501950,0,0,0
998501970,194,162,32
998501971,0,82,-82
998501973,0,87,-87
998501974,0,268,-268
998501975,113,3,110
998501976,33,0,33
998501977,0,64,-64
998501978,40,19,21
998501979,0,9,-9
998501980,94,1,93
998501981,31,29,2
998501982,0,98,-98
998502006,0,0,0
998502024,0,6,-6
998502032,0,4,-4
998502062,14,1,13
998502063,0,0,0
998502173,10,0,10
998502269,0,2,-2
998601159,1,304,-303
998601292,0,11,-11
999033574,1,1050,-1049
999800001,32,3,29
999800002,0,4,-4
999800003,9,3,6
999800004,0,9,-9
999800005,0,5,-5
