ID,insum,outsum,diff
100000001,910,1144,-234
100000002,3497,2812,685
100000003,6897,5970,927
100000004,981,1504,-523
100000005,3134,5959,-2825
100000006,714,225,489
100000007,2286,784,1502
100000008,158,795,-637
100000009,546,256,290
100000010,249,58,191
100000011,930,108,822
100000012,78,892,-814
100000013,338,230,108
100000014,273,392,-119
100000015,1890,2642,-752
100000016,903,1588,-685
100000017,556,1016,-460
100000018,1432,830,602
100000019,4680,2573,2107
100000020,2304,7874,-5570
100000021,6132,2967,3165
100000022,1657,3377,-1720
100000023,5320,2208,3112
100000025,947,1794,-847
100000028,1433,1387,46
100000029,235,576,-341
100000030,162,78,84
100000031,3822,7781,-3959
100000032,2428,4564,-2136
100000033,1137,3060,-1923
100000034,281,905,-624
100000035,1730,2148,-418
100000036,2075,1773,302
100000037,762,422,340
100000038,2611,1237,1374
100000039,791,876,-85
100000040,284,231,53
100000041,1664,639,1025
100000042,1344,606,738
100000043,972,512,460
100000044,410,965,-555
100000045,445,1394,-949
100000046,682,1062,-380
100000047,447,693,-246
100000048,811,641,170
100000049,1708,1584,124
100000051,535,849,-314
100000053,232,13,219
100000054,449,54,395
100000055,1036,329,707
100000056,631,606,25
100000057,2278,878,1400
100000058,1168,1219,-51
100000059,18,179,-161
100000060,471,376,95
100000061,2929,712,2217
100000062,2801,726,2075
100000063,1149,322,827
100000064,1809,317,1492
100000065,469,796,-327
100000066,233,652,-419
100000067,446,706,-260
100000068,574,1494,-920
100000069,339,1157,-818
100000072,243,851,-608
100000073,1141,1053,88
100000075,819,267,552
100000076,2050,3528,-1478
100000077,151,276,-125
100000078,33,53,-20
100000079,64,58,6
100000080,22,46,-24
100000081,172,240,-68
100000102,3170,3479,-309
100000103,2628,2170,458
100000104,4304,3889,415
100000105,2234,2458,-224
100000106,2545,3359,-814
100000107,610,1713,-1103
100000108,720,1019,-299
100000109,1810,1456,354
100000116,1075,1260,-185
100000117,102,156,-54
100000118,1168,1786,-618
100000119,719,1040,-321
100000121,554,415,139
100000122,987,1301,-314
100000123,2408,4383,-1975
100000124,4350,7541,-3191
100000125,4549,2120,2429
100000126,737,615,122
100000127,1372,547,825
100000128,1538,2771,-1233
100000129,485,648,-163
100000130,653,501,152
100000131,2811,3305,-494
100000132,1485,3707,-2222
100000133,4532,2408,2124
100000135,730,1411,-681
100000139,346,454,-108
100000140,438,430,8
100000142,617,593,24
100000143,1869,619,1250
100000144,3686,854,2832
100000147,1238,3864,-2626
100000150,64,418,-354
100000151,1196,1699,-503
100000153,276,512,-236
100000154,47,472,-425
100000155,23,56,-33
100000156,375,577,-202
100000157,387,190,197
100000158,323,164,159
100000159,299,635,-336
100000165,1236,940,296
100000169,243,1280,-1037
100000174,565,1105,-540
100000179,96,644,-548
100000180,4028,8155,-4127
100000181,647,291,356
100000188,93,511,-418
100000189,1468,640,828
100000190,688,1248,-560
100000191,810,776,34
100000192,60,101,-41
100000193,408,222,186
100000330,1053,1186,-133
100000355,238,1075,-837
100000362,4006,2367,1639
100000363,5674,5067,607
100000364,154,301,-147
100000365,6753,9596,-2843
100000366,4353,3012,1341
100000367,5838,8620,-2782
100000368,2842,1310,1532
100000369,1394,2939,-1545
100000370,327,1229,-902
100000376,97,176,-79
100000379,2257,2093,164
100000380,5124,5705,-581
100000384,6214,7240,-1026
100000385,3356,5365,-2009
100000386,6137,6383,-246
100000387,4364,6901,-2537
100000388,5341,8056,-2715
100000389,6806,8018,-1212
100000390,7758,8130,-372
100000391,5981,10144,-4163
100000392,2874,5243,-2369
100000393,2551,6048,-3497
100000394,6423,11003,-4580
100000395,5393,5874,-481
100000396,6169,4461,1708
100000397,4639,8487,-3848
100000398,11376,8428,2948
100900002,14,21,-7
100900003,424,255,169
100900004,24,1297,-1273
100900005,152,24,128
100900006,37,95,-58
100900007,352,8,344
100900008,1,353,-352
100900009,115,197,-82
100900010,126,85,41
100900011,190,198,-8
100900012,2,145,-143
100900013,1195,11,1184
100900014,7,5,2
100900015,81,73,8
100900016,1,20,-19
100900017,1530,123,1407
100900018,0,28,-28
100900019,19,166,-147
100900020,379,8,371
100900021,557,3,554
100900022,24,43,-19
100900023,0,28,-28
100900024,638,4,634
100900025,25,13,12
100900026,150,86,64
100900027,752,3793,-3041
100900028,131,256,-125
100900029,40,3,37
100900030,0,121,-121
100900031,1080,83,997
100900032,315,3,312
100900033,286,319,-33
100900034,807,0,807
100900035,362,2,360
100900036,19,2,17
100900037,126,136,-10
100900038,133,65,68
100900039,266,397,-131
100900040,516,547,-31
100900041,1041,474,567
100900042,1522,1444,78
100900043,0,26,-26
100900044,1634,671,963
100900045,9,3,6
100900046,1640,18,1622
100900047,982,252,730
100900048,206,56,150
100900049,81,125,-44
100900050,4,13,-9
100900051,46,152,-106
100900052,598,60,538
100900053,689,46,643
100900054,9,50,-41
100900055,343,973,-630
100900056,140,169,-29
100900057,1434,1203,231
100900058,759,71,688
100900059,173,10,163
100900060,237,1,236
100900061,409,204,205
100900062,15,26,-11
100900063,356,921,-565
100900064,835,32,803
100900065,101,147,-46
100900066,163,193,-30
100900067,18,17,1
100900068,262,95,167
100900069,575,20,555
100900070,517,10,507
100900071,588,211,377
100900072,1,34,-33
100900073,222,299,-77
100900074,7,4,3
100900075,1814,392,1422
100900076,21,34,-13
100900077,46,44,2
100900078,136,459,-323
100900079,11,19,-8
100900080,51,239,-188
100900081,71,186,-115
100900082,172,395,-223
100900083,11,20,-9
100900085,31,297,-266
100900086,184,1060,-876
100900088,160,470,-310
100900089,1,15,-14
100900090,150,745,-595
100900091,1,22,-21
100900092,284,261,23
100900093,364,452,-88
100900094,142,343,-201
100900095,4,29,-25
100900096,82,151,-69
100900097,0,3,-3
100900098,4,8,-4
100900099,28,532,-504
100900100,24,749,-725
100900101,272,44,228
100900102,85,151,-66
100900103,14,12,2
100900104,3,166,-163
100900105,45,647,-602
100900106,57,9,48
100900107,2096,886,1210
100900108,16,63,-47
100900109,19,17,2
100900110,4,30,-26
100900111,37,219,-182
100900112,3,17,-14
100900113,14,23,-9
100900114,17,14,3
100900115,13,22,-9
100900116,1210,1080,130
100900117,356,1218,-862
100900118,137,122,15
100900119,15,10,5
100900120,12,14,-2
100900121,498,801,-303
100900122,157,194,-37
100900123,153,151,2
100900124,7,18,-11
100900125,13,85,-72
100900126,237,264,-27
100900127,7,8,-1
100900128,124,200,-76
100900129,1,277,-276
100900131,171,272,-101
100900133,129,72,57
100900134,1,5,-4
100900135,2,265,-263
100900137,411,187,224
100900138,538,523,15
100900139,8,11,-3
100900140,4,426,-422
100900141,5,836,-831
100900142,2,33,-31
100900143,831,587,244
100900144,8,12,-4
100900145,155,209,-54
100900146,10,77,-67
100900147,11,749,-738
100900148,35,455,-420
100900149,27,298,-271
100900150,14,41,-27
100900151,161,528,-367
100900152,774,12,762
100900153,3,282,-279
100900154,22,148,-126
100900155,11,3,8
100900156,95,6,89
100900157,27,338,-311
100900159,16,39,-23
100900160,49,7,42
100900161,102,6,96
100900162,27,486,-459
100900163,164,188,-24
100900164,71,41,30
100900165,50,12,38
100900166,141,3,138
100900167,24,48,-24
100900168,78,178,-100
100900169,133,1023,-890
100900170,55,3,52
100900171,14,488,-474
100900172,0,43,-43
100900173,8,293,-285
100900174,506,69,437
100900176,1468,280,1188
100900177,681,366,315
100900178,363,141,222
100900179,414,425,-11
100900180,14,0,14
100900181,113,84,29
100900182,157,39,118
100900184,18,230,-212
100900186,707,476,231
100900187,9,82,-73
100900188,28,15,13
100900189,1940,297,1643
100900191,1019,1482,-463
100900192,231,466,-235
100900195,143,236,-93
100900197,19,68,-49
100900198,37,203,-166
100900199,19,26,-7
100900200,907,445,462
100900201,139,766,-627
100900202,62,0,62
100900203,1,132,-131
100900204,529,1725,-1196
100900205,218,711,-493
100900206,218,124,94
100900207,356,199,157
100900210,95,519,-424
100900211,844,252,592
100900213,254,85,169
100900214,622,215,407
100900215,33,49,-16
100900217,154,130,24
101000001,3352,2694,658
101000002,8172,8634,-462
101000003,619,1760,-1141
101000004,8509,7603,906
101000005,5193,5834,-641
101000006,7696,8552,-856
101000007,4298,5192,-894
101000008,2457,2503,-46
101000009,2988,978,2010
101000010,976,796,180
101000011,1536,590,946
101000012,917,862,55
101000013,874,1415,-541
101000014,440,590,-150
101000015,1507,865,642
101000016,415,619,-204
101000017,597,455,142
101000018,2194,2742,-548
101000020,2918,1204,1714
101000021,700,371,329
101000022,237,159,78
101000023,1385,771,614
101000025,402,600,-198
101000026,254,30,224
101000027,2270,3452,-1182
101000028,1048,291,757
101000029,267,2281,-2014
101000030,1762,173,1589
101000031,902,1516,-614
101000032,6740,5899,841
101000033,2655,4510,-1855
101000034,1713,2294,-581
101000035,889,579,310
101000036,1357,1215,142
101000037,1763,1961,-198
101000039,2736,3712,-976
101000040,2767,5560,-2793
101000041,7964,11228,-3264
101000042,447,1773,-1326
101000043,6593,11349,-4756
101000045,1552,1379,173
101000046,3015,2523,492
101000047,2330,5914,-3584
101000048,868,822,46
101000049,804,2662,-1858
101000050,2244,3488,-1244
101000051,1701,3830,-2129
101000052,1562,1403,159
101000053,1091,1527,-436
101000054,2154,1291,863
101000055,1432,1512,-80
101000056,46,101,-55
101000057,1677,1610,67
101000058,1210,1663,-453
101000059,2064,2943,-879
101000060,1876,782,1094
101000061,818,1800,-982
101000062,623,946,-323
101000063,554,1156,-602
101000064,919,1162,-243
101000065,407,586,-179
101000066,1086,1090,-4
101000067,1067,1280,-213
101000068,263,581,-318
101000069,243,97,146
101000070,1189,1249,-60
101000071,2177,1117,1060
101000072,952,3747,-2795
101000073,1083,1441,-358
101000074,5252,5126,126
101000075,3912,6401,-2489
101000077,1778,1546,232
101000078,970,1862,-892
101000079,1735,492,1243
101000080,1615,751,864
101000081,1868,1841,27
101000082,2952,2900,52
101000083,3298,2465,833
101000084,1428,830,598
101000085,1617,1329,288
101000086,995,1205,-210
101000087,848,969,-121
101000088,1422,1336,86
101000089,1133,1633,-500
101000090,2130,1158,972
101000091,539,707,-168
101000092,1273,857,416
101000093,1758,728,1030
101000094,1259,1031,228
101000095,667,515,152
101000096,461,427,34
101000097,520,564,-44
101000098,491,739,-248
101000099,969,1441,-472
101000100,1090,1241,-151
101000101,345,514,-169
101000102,890,642,248
101000103,751,616,135
101000104,415,829,-414
101000105,418,564,-146
101000106,665,1326,-661
101000107,370,429,-59
101000108,633,249,384
101000109,457,88,369
101000110,41,363,-322
101000111,125,261,-136
101000113,280,893,-613
101000114,8177,10879,-2702
101000115,119,128,-9
101000116,170,103,67
101000117,1367,320,1047
101000119,84,82,2
101000120,137,60,77
101000121,47,80,-33
101000122,109,145,-36
101000123,50,147,-97
101000124,1531,389,1142
101000125,188,445,-257
101000128,415,873,-458
101000130,247,359,-112
101000131,1060,535,525
101000132,855,919,-64
101000135,48,32,16
101000136,399,198,201
101000137,25,356,-331
101000141,1124,4441,-3317
101000147,1047,426,621
101000148,815,33,782
101000149,131,272,-141
101000150,93,453,-360
101000151,322,54,268
101000152,297,258,39
101000153,661,230,431
101000154,329,856,-527
101000155,425,198,227
101000156,18,390,-372
101000157,65,53,12
101000160,43,30,13
101000163,259,385,-126
101000164,342,329,13
101000165,346,385,-39
101000166,325,346,-21
101000168,1021,464,557
101000252,2511,1049,1462
101000254,229,188,41
101000258,88,9,79
101000261,169,50,119
101000262,1592,3189,-1597
101000263,497,1762,-1265
101000265,131,925,-794
101000266,433,435,-2
101000269,23,21,2
101000290,1119,3370,-2251
101000293,67,60,7
101000294,842,534,308
101000295,182,478,-296
101000301,686,622,64
101000304,2484,2700,-216
101000305,3194,1321,1873
101000328,39,402,-363
101900001,21,46,-25
101900002,0,6,-6
101900003,43,96,-53
101900004,5,76,-71
101900005,2868,3093,-225
101900006,1510,99,1411
101900007,1037,274,763
101900008,86,334,-248
101900009,42,499,-457
101900010,847,884,-37
101900011,236,1230,-994
101900012,465,256,209
101900013,746,218,528
101900017,9,149,-140
101900018,1341,424,917
101900019,191,144,47
101900020,55,52,3
101900021,0,54,-54
101900022,170,994,-824
101900023,192,181,11
101900026,172,58,114
101900027,25,106,-81
102000001,2894,5624,-2730
102000002,2395,1154,1241
102000003,3338,8762,-5424
102000004,5696,3406,2290
102000005,1378,2926,-1548
102000006,1195,1988,-793
102000007,2068,5582,-3514
102000008,5055,1794,3261
102000009,8162,9400,-1238
102000010,5663,3636,2027
102000011,4015,3666,349
102000012,3591,3182,409
102000018,2767,2924,-157
102000019,2771,1787,984
102000026,230,621,-391
102000029,259,219,40
102000030,142,398,-256
102000031,81,128,-47
102000032,679,291,388
102000033,289,352,-63
102000034,606,438,168
102000035,1856,767,1089
102000036,7,312,-305
102000037,165,86,79
102000038,182,344,-162
102000039,176,70,106
102000040,405,352,53
102000041,255,408,-153
102000042,234,577,-343
102000043,228,252,-24
102000044,364,506,-142
102000045,654,755,-101
102000046,1358,663,695
102000047,901,869,32
102000048,544,898,-354
102000049,1143,812,331
102000050,1058,1117,-59
102000051,448,627,-179
102000052,1357,792,565
102000053,1116,927,189
102000054,892,1361,-469
102000055,1611,519,1092
102000056,1311,886,425
102000057,1677,588,1089
102000058,1332,1184,148
102000059,1695,1630,65
102000060,1306,1065,241
102000061,2034,1809,225
102000062,2186,1270,916
102000063,1116,1565,-449
102000064,637,709,-72
102000065,61,177,-116
102000066,948,876,72
102000067,2249,3103,-854
102000068,11180,2991,8189
102000069,122,2637,-2515
102000070,1544,61,1483
102000071,7024,8696,-1672
102000072,3018,3729,-711
102000073,1879,1212,667
102000074,896,1425,-529
102000075,169,328,-159
102000076,243,389,-146
102000077,833,641,192
102000078,1165,607,558
102000079,207,206,1
102000080,276,250,26
102000081,356,1042,-686
102000082,755,501,254
102000083,701,254,447
102000084,473,223,250
102000085,2869,907,1962
102000086,1365,1177,188
102000087,986,1607,-621
102000088,472,300,172
102000089,1555,411,1144
102000090,557,1196,-639
102000091,1566,683,883
102000092,379,696,-317
102000093,576,749,-173
102000094,1103,807,296
102000095,1128,1404,-276
102000096,824,957,-133
102000097,919,1064,-145
102000098,613,918,-305
102000099,913,1141,-228
102000100,595,1560,-965
102000101,814,984,-170
102000102,308,1586,-1278
102000103,1616,443,1173
102000104,628,305,323
102000105,271,531,-260
102000106,874,477,397
102000107,1839,486,1353
102000108,619,190,429
102000109,677,533,144
102000110,1412,917,495
102000111,20,257,-237
102000112,184,119,65
102000113,13,31,-18
102000114,685,327,358
102000115,261,339,-78
102000116,411,402,9
102000117,194,441,-247
102000118,1124,1362,-238
102000119,1322,874,448
102000120,227,535,-308
102000121,1206,701,505
102000122,890,1081,-191
102000123,1409,1316,93
102000124,1586,1185,401
102000125,1107,1213,-106
102000126,1019,781,238
102000127,1491,794,697
102000128,985,881,104
102000129,1821,770,1051
102000130,1044,777,267
102000131,2404,817,1587
102000132,1039,1245,-206
102000133,2782,1619,1163
102000134,1006,796,210
102000135,1187,1011,176
102000136,1446,672,774
102000137,989,1526,-537
102000138,369,624,-255
102000139,139,983,-844
102000140,334,1102,-768
102000141,488,1978,-1490
102000142,486,363,123
102000143,207,281,-74
102000144,346,309,37
102000145,404,445,-41
102000146,496,315,181
102000147,551,459,92
102000148,240,785,-545
102000149,251,321,-70
102000150,555,136,419
102000151,152,206,-54
102000152,238,146,92
102000153,1036,603,433
102000154,271,511,-240
102000155,103,332,-229
102000156,349,171,178
102000157,110,399,-289
102000158,586,606,-20
102000159,749,668,81
102000161,2910,2523,387
102000162,215,147,68
102000163,100,659,-559
102000164,911,1384,-473
102000165,243,137,106
102000166,71,236,-165
102000167,346,241,105
102000168,409,165,244
102000169,203,561,-358
102000170,513,229,284
102000171,465,311,154
102000172,512,492,20
102000173,468,328,140
102000174,101,95,6
102000175,192,104,88
102000176,99,49,50
102000178,343,377,-34
102000179,517,225,292
102000180,1300,427,873
102000181,935,509,426
102000182,716,509,207
102000183,2132,1512,620
102000184,2209,740,1469
102000185,3215,1161,2054
102000186,1500,1431,69
102000187,1092,1234,-142
102000188,1346,1462,-116
102000189,2151,812,1339
102000190,681,3027,-2346
102000191,1537,469,1068
102000192,1414,1579,-165
102000193,87,134,-47
102000194,46,104,-58
102000195,498,427,71
102000196,211,313,-102
102000197,899,303,596
102000198,297,580,-283
102000199,1280,262,1018
102000200,336,841,-505
102000201,1220,451,769
102000202,8,91,-83
102000203,541,207,334
102000204,616,527,89
102000205,1383,357,1026
102000206,847,457,390
102000207,989,463,526
102000208,599,401,198
102000209,151,48,103
102000210,570,350,220
102000211,650,222,428
102000212,463,7,456
102000213,7,214,-207
102000214,365,3,362
102000215,20,235,-215
102000216,77,78,-1
102000217,4,82,-78
102000218,327,186,141
102000219,311,203,108
102000225,580,631,-51
102000226,2884,1197,1687
102000227,149,2,147
102000228,1,91,-90
102000229,44,75,-31
102000230,349,344,5
102000231,387,394,-7
102000232,32,160,-128
102000233,499,624,-125
102000234,144,1211,-1067
102000236,370,107,263
102000237,499,136,363
102000238,155,277,-122
102000240,553,759,-206
102000241,408,151,257
102000243,28,62,-34
102000245,10,182,-172
102000246,15,59,-44
102000247,571,660,-89
102000248,517,1032,-515
102000249,168,126,42
102000250,107,292,-185
102000254,160,203,-43
102000266,33,630,-597
102000271,21,0,21
102000286,448,394,54
102000297,2419,1053,1366
102000299,0,0,0
102000301,0,0,0
102000303,0,0,0
102000305,0,0,0
102000307,0,1,-1
102900001,1588,640,948
102900002,434,54,380
102900003,67,147,-80
102900005,545,230,315
102900006,645,117,528
102900007,569,41,528
102900008,246,51,195
102900009,604,343,261
102900010,405,1077,-672
102900011,1666,503,1163
102900012,421,92,329
102900013,31,54,-23
102900015,747,520,227
102900016,81,115,-34
102900017,221,403,-182
102900018,53,104,-51
102900019,434,497,-63
102900020,168,24,144
102900021,43,99,-56
102900022,487,200,287
102900023,44,41,3
102900024,35,33,2
102900025,206,124,82
102900026,409,2477,-2068
102900027,97,61,36
102900028,192,897,-705
102900029,183,199,-16
102900030,476,341,135
102900031,293,118,175
102900032,139,88,51
102900033,148,183,-35
102900034,708,71,637
102900035,146,241,-95
102900036,312,323,-11
102900037,522,323,199
102900038,775,432,343
102900039,17,609,-592
102900040,223,317,-94
102900041,134,177,-43
102900042,274,267,7
102900043,238,189,49
102900044,764,1659,-895
102900045,198,518,-320
102900046,169,204,-35
102900047,153,599,-446
102900048,657,416,241
102900049,142,356,-214
102900050,236,302,-66
102900051,190,250,-60
102900052,80,97,-17
102900053,393,637,-244
102900054,592,1532,-940
102900055,148,220,-72
102900056,162,391,-229
102900057,6,56,-50
102900058,416,101,315
102900059,26,83,-57
102900060,144,471,-327
102900061,193,344,-151
102900062,374,672,-298
102900063,1391,378,1013
102900064,124,383,-259
102900065,954,493,461
102900066,449,15,434
102900068,118,68,50
102900070,251,771,-520
102900072,15,64,-49
102900073,158,7,151
102900075,25,65,-40
102900076,149,210,-61
102900077,42,34,8
102900078,26,68,-42
102900079,245,13,232
102900080,480,50,430
102900081,91,295,-204
102900082,13,207,-194
102900083,132,20,112
102900084,11,36,-25
102900085,370,155,215
102900086,28,86,-58
102900087,148,86,62
102900088,56,29,27
102900089,265,130,135
102900090,1,273,-272
102900091,197,5,192
102900092,452,621,-169
102900093,366,274,92
102900094,1,143,-142
102900095,122,1,121
102900096,93,20,73
102900097,5,97,-92
103000001,2579,2281,298
103000002,2085,2536,-451
103000003,3387,3199,188
103000004,857,737,120
103000005,1858,3271,-1413
103000006,888,1506,-618
103000007,453,653,-200
103000008,1077,604,473
103000009,1649,1183,466
103000010,142,92,50
103000011,1663,1296,367
103000012,1732,1402,330
103000013,3583,1805,1778
103000014,1622,3126,-1504
103000015,1545,651,894
103000016,598,1577,-979
103000017,220,493,-273
103000018,811,365,446
103000019,400,385,15
103000020,2076,1437,639
103000021,1866,2171,-305
103000022,757,945,-188
103000023,737,1938,-1201
103000024,109,118,-9
103000025,132,772,-640
103000026,925,124,801
103000027,318,750,-432
103000028,317,386,-69
103000029,213,361,-148
103000030,1537,1412,125
103000031,1223,2271,-1048
103000032,2473,1619,854
103000033,3204,2855,349
103000034,1349,1207,142
103000035,426,1308,-882
103000036,386,508,-122
103000037,571,658,-87
103000038,548,965,-417
103000039,538,290,248
103000040,487,683,-196
103000041,1728,1594,134
103000042,1536,428,1108
103000043,642,713,-71
103000044,343,158,185
103000046,462,526,-64
103000047,651,465,186
103000048,268,170,98
103000049,155,112,43
103000050,843,386,457
103000051,689,451,238
103000052,850,358,492
103000053,241,630,-389
103000054,2642,1279,1363
103000055,2053,1861,192
103000056,926,1230,-304
103000057,828,208,620
103000058,731,773,-42
103000059,557,773,-216
103000060,861,569,292
103000061,431,862,-431
103000062,1276,441,835
103000063,853,890,-37
103000064,196,153,43
103000065,3,331,-328
103000066,247,14,233
103000069,446,280,166
103000070,1222,663,559
103000071,1400,532,868
103000072,159,579,-420
103000073,795,131,664
103000074,956,113,843
103000075,146,524,-378
103000076,328,518,-190
103000077,33,279,-246
103000078,941,823,118
103000079,486,671,-185
103000080,873,428,445
103000081,454,1164,-710
103000082,577,239,338
103000083,119,272,-153
103000084,122,20,102
103000085,0,101,-101
103000086,553,411,142
103000087,182,628,-446
103000088,227,239,-12
103000089,257,514,-257
103000090,2658,933,1725
103000091,694,459,235
103000092,260,274,-14
103000093,318,417,-99
103000094,280,94,186
103000095,85,329,-244
103000096,628,69,559
103000097,83,702,-619
103000098,788,182,606
103000099,297,609,-312
103000100,149,587,-438
103000101,1176,97,1079
103000102,120,443,-323
103000103,805,139,666
103000104,79,107,-28
103000105,174,79,95
103000106,20,172,-152
103000107,227,48,179
103000108,997,665,332
103000109,362,403,-41
103000110,520,551,-31
103000111,511,419,92
103000112,293,226,67
103000113,492,586,-94
103000114,1281,390,891
103000115,798,503,295
103000116,645,376,269
103000117,529,413,116
103000118,504,529,-25
103000119,996,408,588
103000120,43,104,-61
103000121,146,412,-266
103000122,383,422,-39
103000125,31,222,-191
103000126,840,4,836
103000127,1,152,-151
103000128,240,6,234
103000129,6,101,-95
103000130,88,34,54
103000131,237,104,133
103000132,83,246,-163
103000133,36,173,-137
103000134,383,1077,-694
103000135,606,261,345
103000136,566,515,51
103000137,518,652,-134
103000138,740,704,36
103000139,2,66,-64
103000140,187,29,158
103000141,78,144,-66
103000142,190,79,111
103000143,73,209,-136
103000144,216,63,153
103000145,62,234,-172
103000150,131,40,91
103000152,170,194,-24
103000153,197,146,51
103000156,25,255,-230
103000157,534,4,530
103000159,184,70,114
103000162,78,23,55
103000163,26,42,-16
103000164,10,11,-1
103000165,92,231,-139
103000166,271,303,-32
103000167,187,115,72
103000168,130,151,-21
103000169,236,531,-295
103000170,1042,376,666
103000171,47,106,-59
103000172,585,240,345
103000173,797,406,391
103000174,236,278,-42
103000175,417,203,214
103000176,862,697,165
103000177,497,351,146
103000178,218,308,-90
103000179,345,50,295
103000183,184,16,168
103000185,130,49,81
103000186,177,127,50
103000187,822,309,513
103000188,18,100,-82
103000189,872,689,183
103000191,685,637,48
103000292,995,1946,-951
103000293,986,2963,-1977
103000295,81,109,-28
103000296,494,5,489
103000297,92,179,-87
103000504,60,14,46
103000505,5,55,-50
103000506,1,199,-198
103000507,204,5,199
103000508,90,93,-3
103000509,246,553,-307
103900001,5,125,-120
103900002,1010,153,857
103900003,1274,134,1140
103900004,153,1,152
103900005,3,122,-119
103900006,5,2,3
103900007,96,2,94
103900008,13,2,11
103900009,357,463,-106
103900010,162,343,-181
103900011,516,134,382
103900012,41,39,2
103900013,115,47,68
103900014,73,14,59
103900015,66,12,54
103900016,264,175,89
103900017,39,55,-16
103900018,670,233,437
103900019,140,391,-251
103900020,233,571,-338
103900021,382,54,328
103900022,1567,714,853
103900023,224,1,223
103900024,86,386,-300
103900025,17,44,-27
103900026,139,0,139
103900027,866,210,656
103900028,36,393,-357
103900029,1192,214,978
103900030,275,128,147
103900031,68,5,63
103900032,113,97,16
103900033,104,14,90
103900034,62,102,-40
103900035,107,34,73
103900036,30,43,-13
103900037,84,83,1
103900038,147,244,-97
103900039,128,234,-106
103900040,15,143,-128
103900041,70,45,25
103900042,80,238,-158
103900043,240,65,175
103900044,123,316,-193
103900045,554,182,372
103900047,125,20,105
103900048,85,34,51
103900049,235,941,-706
103900050,16,137,-121
103900051,1,39,-38
103900052,268,427,-159
103900053,322,427,-105
103900054,157,295,-138
103900055,559,222,337
103900056,58,56,2
103900057,48,133,-85
103900058,357,477,-120
103900059,0,31,-31
103900060,58,118,-60
103900061,210,37,173
103900062,442,145,297
103900063,15,0,15
103900064,175,3,172
103900065,823,412,411
103900066,241,56,185
103900067,229,14,215
103900068,9,1,8
103900069,80,13,67
103900070,177,179,-2
103900071,27,97,-70
103900072,22,157,-135
103900073,32,38,-6
103900074,77,67,10
103900075,324,74,250
103900076,702,432,270
103900077,37,106,-69
103900078,389,104,285
103900079,117,214,-97
103900080,7,25,-18
103900081,44,21,23
103900082,19,148,-129
103900083,1053,1369,-316
103900084,95,156,-61
103900085,76,167,-91
103900086,965,298,667
103900088,404,558,-154
103900089,58,153,-95
103900090,0,105,-105
103900091,1097,241,856
103900092,873,463,410
103900093,87,291,-204
103900094,20,92,-72
103900095,274,259,15
103900096,32,157,-125
103900097,14,416,-402
103900098,325,105,220
103900099,112,129,-17
103900100,332,314,18
103900101,95,988,-893
103900102,0,35,-35
103900104,7,23,-16
103900105,123,209,-86
103900106,0,73,-73
103900107,172,149,23
103900108,55,254,-199
103900109,149,100,49
103900110,296,64,232
103900111,129,460,-331
103900112,61,103,-42
103900113,156,287,-131
103900114,415,225,190
103900115,288,254,34
103900116,4130,3689,441
103900117,117,54,63
103900119,38,80,-42
103900120,85,121,-36
103900122,163,159,4
103900123,1141,743,398
103900124,93,352,-259
103900125,184,72,112
103900126,670,311,359
103900127,211,314,-103
103900128,155,134,21
103900131,59,113,-54
103900133,1218,122,1096
103900134,4,9,-5
103900135,14,1,13
103900137,0,27,-27
103900138,145,176,-31
103900139,270,2701,-2431
103900140,8,211,-203
103900141,272,66,206
103900142,372,73,299
103900143,108,3,105
103900144,0,43,-43
103900145,230,230,0
103900146,450,186,264
103900147,495,114,381
103900148,345,311,34
103900149,411,499,-88
103900150,4636,4754,-118
103900151,63,161,-98
103900152,833,326,507
103900153,14,2,12
103900154,660,2244,-1584
103900155,60,199,-139
103900156,65,151,-86
103900157,66,171,-105
103900158,136,109,27
103900159,198,45,153
103900160,60,45,15
103900161,112,188,-76
103900162,77,179,-102
103900163,14,440,-426
103900167,19,124,-105
103900168,131,97,34
103900169,69,48,21
103900170,6,87,-81
103900171,1,51,-50
103900172,0,19,-19
103900173,15,14,1
103900174,221,48,173
103900175,67,89,-22
103900176,14,32,-18
103900177,21,65,-44
103900178,66,57,9
103900179,40,81,-41
103900180,23,63,-40
103900181,67,53,14
103900182,35,8,27
103900184,404,104,300
103900185,104,447,-343
103900187,27,97,-70
103900188,56,40,16
103900189,146,10,136
103900190,116,43,73
103900191,39,52,-13
103900192,106,77,29
103900193,111,146,-35
103900194,81,171,-90
103900195,2,73,-71
103900196,31,40,-9
103900197,20,24,-4
103900198,7,36,-29
103900199,170,44,126
103900200,171,68,103
103900201,167,159,8
103900202,7,58,-51
103900203,36,21,15
103900204,2,67,-65
103900207,2,82,-80
103900208,118,0,118
103900209,11,95,-84
103900210,44,23,21
103900211,668,370,298
103900212,149,254,-105
103900213,53,258,-205
103900214,246,169,77
103900215,280,399,-119
103900216,10,356,-346
103900217,439,62,377
103900218,3,232,-229
103900219,143,213,-70
103900233,46,2,44
103900235,14,24,-10
103900236,12,10,2
103900242,12,1,11
103900243,3,10,-7
103900244,115,181,-66
103900245,122,155,-33
103900246,36,29,7
103900247,41,104,-63
103900248,1,41,-40
103900249,18,69,-51
103900250,21,49,-28
103900251,0,33,-33
103900253,10,98,-88
103900254,4,16,-12
103900255,8,12,-4
103900256,27,33,-6
103900257,91,132,-41
103900258,16,4,12
103900259,81,3,78
103900261,9,3,6
103900262,15,2,13
103900263,28,35,-7
103900264,38,42,-4
103900265,20,5,15
103900266,2,86,-84
103900267,10,53,-43
103900268,16,55,-39
103900269,151,38,113
103900270,58,114,-56
103900271,34,76,-42
103900272,47,58,-11
103900273,39,31,8
103900274,165,17,148
103900275,96,6,90
103900276,9,62,-53
103900277,18,78,-60
103900278,3,41,-38
103900279,4,43,-39
104000001,2637,2221,416
104000002,1786,1996,-210
104000003,2410,2007,403
104000004,2585,2391,194
104000005,1990,1796,194
104000006,3032,2481,551
104000007,4296,4053,243
104000008,215,197,18
104000009,252,120,132
104000010,177,248,-71
104000011,345,218,127
104000012,142,254,-112
104000013,223,204,19
104000014,247,419,-172
104000015,382,156,226
104000016,596,296,300
104000018,933,156,777
104000019,716,229,487
104000020,160,344,-184
104000021,260,334,-74
104000022,153,277,-124
104000023,990,347,643
104000024,245,259,-14
104000026,35,295,-260
104000027,340,150,190
104000028,510,230,280
104000029,421,261,160
104000030,384,280,104
104000031,1586,325,1261
104000032,230,219,11
104000033,790,472,318
104000034,474,215,259
104000035,1069,361,708
104000036,916,507,409
104000037,305,175,130
104000038,631,316,315
104000039,253,165,88
104000040,238,365,-127
104000041,879,296,583
104000042,313,320,-7
104000043,308,334,-26
104000044,303,454,-151
104000045,883,800,83
104000046,970,1303,-333
104000047,730,1023,-293
104000048,1029,1070,-41
104000049,675,355,320
104000050,210,789,-579
104000051,124,532,-408
104000052,1654,1562,92
104000053,1232,404,828
104000054,769,283,486
104000055,3330,2216,1114
104000056,870,215,655
104000057,127,311,-184
104000058,1061,720,341
104000059,584,899,-315
104000060,1288,1197,91
104000061,1304,838,466
104000062,444,92,352
104000064,460,354,106
104000065,235,647,-412
104000069,825,1298,-473
104000070,62,575,-513
104000071,113,379,-266
104000072,615,218,397
104000075,121,310,-189
104000076,540,120,420
104000082,2397,3370,-973
104000083,874,216,658
104000084,119,498,-379
104000085,309,409,-100
104000086,217,388,-171
104000087,456,2248,-1792
104000090,983,1035,-52
104000092,1575,1425,150
104000094,1010,1168,-158
104000095,2059,1320,739
104000096,1802,155,1647
104000097,2002,675,1327
104000098,2806,742,2064
104000100,1961,562,1399
104000101,1220,1491,-271
104000106,54,601,-547
104000107,591,329,262
104000108,253,434,-181
104000109,374,114,260
104000110,844,1114,-270
104000111,3100,2789,311
104000112,1567,547,1020
104000116,3,762,-759
104000117,218,547,-329
104000118,753,170,583
104000119,770,278,492
104000120,313,556,-243
104000121,216,598,-382
104000122,670,630,40
104000123,657,768,-111
104000124,682,1554,-872
104000125,2906,4948,-2042
104000126,471,396,75
104000127,1274,1681,-407
104000128,658,383,275
104000129,365,23,342
104000130,11,237,-226
104000131,385,371,14
104000132,347,356,-9
104000133,1530,797,733
104000134,1075,1609,-534
104000135,493,2086,-1593
104000136,849,4622,-3773
104000137,1650,478,1172
104000138,988,409,579
104000139,4368,2868,1500
104000141,894,1007,-113
104000142,608,541,67
104000143,641,397,244
104000144,136,246,-110
104000145,394,187,207
104000146,239,468,-229
104000147,149,283,-134
104000148,457,161,296
104000149,181,231,-50
104000150,1069,591,478
104000151,384,323,61
104000152,660,501,159
104000153,819,605,214
104000154,825,431,394
104000155,573,508,65
104000157,1220,1242,-22
104000158,401,672,-271
104000159,1023,561,462
104000160,1957,2003,-46
104000161,153,203,-50
104000162,87,135,-48
104000165,817,989,-172
104000167,802,1270,-468
104000168,663,9,654
104000169,158,42,116
104000170,360,718,-358
104000248,368,494,-126
104000251,94,203,-109
104000272,0,0,0
104000273,0,0,0
104000274,0,0,0
104000275,0,0,0
104000279,665,454,211
104000290,98,244,-146
104000291,491,1032,-541
104000293,916,638,278
104000294,57,0,57
104000295,541,765,-224
104000296,437,682,-245
104000297,760,2004,-1244
104000298,2070,836,1234
104000299,775,1279,-504
104900001,134,310,-176
104900002,81,220,-139
104900003,60,310,-250
104900004,76,283,-207
104900005,355,326,29
104900006,512,76,436
104900007,353,180,173
104900009,167,224,-57
104900010,88,34,54
104900011,51,21,30
104900012,277,45,232
104900013,133,12,121
104900014,1975,328,1647
104900015,53,8,45
104900016,233,160,73
104900017,217,142,75
104900018,13,191,-178
104900019,288,3709,-3421
104900020,40,231,-191
104900021,0,126,-126
104900022,12,107,-95
104900023,1,40,-39
104900024,17,66,-49
104900025,64,160,-96
104900026,2,61,-59
104900027,688,287,401
104900028,38,98,-60
104900029,36,46,-10
104900030,536,246,290
104900031,106,152,-46
104900032,66,105,-39
104900033,174,279,-105
104900034,403,215,188
104900035,414,215,199
104900036,299,87,212
104900037,140,284,-144
104900038,364,1044,-680
104900039,404,370,34
104900040,709,108,601
104900041,295,180,115
104900042,196,217,-21
104900043,11,170,-159
104900044,778,223,555
104900045,468,54,414
104900046,290,117,173
104900047,428,136,292
104900048,450,72,378
104900049,42,34,8
104900050,410,120,290
104900051,379,66,313
104900052,132,1,131
104900053,497,123,374
104900054,230,30,200
104900055,120,0,120
104900056,217,16,201
104900057,61,1,60
104900058,893,674,219
104900059,164,54,110
104900060,1,367,-366
104900061,169,528,-359
104900063,0,136,-136
104900064,0,58,-58
104900065,3,226,-223
104900066,2,134,-132
104900067,5,309,-304
104900068,33,155,-122
104900070,171,255,-84
104900071,0,518,-518
104900072,62,223,-161
104900073,101,199,-98
104900074,75,161,-86
104900075,78,34,44
104900076,118,242,-124
104900077,895,353,542
104900078,186,416,-230
104900079,144,626,-482
104900080,128,434,-306
104900082,13,349,-336
104900085,0,148,-148
104900087,446,9,437
104900089,290,1,289
104900090,1208,772,436
104900091,1111,556,555
104900093,177,452,-275
104900097,2201,2399,-198
104900098,154,39,115
104900099,78,669,-591
104900100,372,221,151
104900102,30,139,-109
104900103,439,57,382
104900104,2448,2277,171
104900106,124,96,28
104900107,129,169,-40
104900108,60,207,-147
104900109,184,236,-52
104900110,5,67,-62
104900111,243,170,73
104900112,327,468,-141
104900113,879,353,526
104900114,433,412,21
104900115,835,343,492
104900116,328,146,182
104900118,27,45,-18
104900119,7,54,-47
104900120,13,206,-193
104900121,0,45,-45
104900122,5,33,-28
104900123,108,20,88
104900124,55,0,55
104900125,588,4,584
104900126,62,47,15
104900127,43,68,-25
104900128,143,195,-52
104900129,1428,2449,-1021
105000001,2928,1263,1665
105000002,2397,1524,873
105000003,3145,4333,-1188
105000004,757,776,-19
105000005,1089,1094,-5
105000006,1471,1675,-204
105000007,1366,1799,-433
105000008,1505,3985,-2480
105000009,3186,3618,-432
105000010,3043,1718,1325
105000011,4335,3273,1062
105000012,4032,2533,1499
105000013,1237,1347,-110
105000014,2907,3225,-318
105000015,10604,18363,-7759
105000016,2354,2284,70
105000017,1412,880,532
105000018,1195,1740,-545
105000019,1157,911,246
105000020,173,538,-365
105000021,305,104,201
105000022,259,138,121
105000023,517,347,170
105000028,68,110,-42
105000029,914,1535,-621
105000030,4674,2383,2291
105000033,1138,1646,-508
105000034,172,1072,-900
105000037,621,224,397
105000038,2046,1909,137
105000039,2558,1619,939
105000040,1363,1323,40
105000041,938,1372,-434
105000042,4093,2325,1768
105000043,1820,3058,-1238
105000044,795,643,152
105000045,405,661,-256
105000046,1560,352,1208
105000047,631,1133,-502
105000048,744,232,512
105000049,246,476,-230
105000050,929,395,534
105000051,178,454,-276
105000052,659,904,-245
105000053,124,159,-35
105000054,436,813,-377
105000055,813,333,480
105000056,1584,2033,-449
105000057,1315,679,636
105000058,1399,1032,367
105000059,915,659,256
105000060,526,533,-7
105000061,846,485,361
105000062,598,625,-27
105000063,305,388,-83
105000064,1910,736,1174
105000065,375,506,-131
105000066,1054,1175,-121
105000067,1665,800,865
105000068,381,752,-371
105000069,1527,2279,-752
105000070,522,933,-411
105000071,274,1087,-813
105000072,1133,2870,-1737
105000073,958,607,351
105000074,889,665,224
105000075,542,801,-259
105000076,1099,912,187
105000077,2284,1144,1140
105000078,1057,1435,-378
105000079,1136,3229,-2093
105000080,1936,1530,406
105000081,3011,1465,1546
105000082,1166,2124,-958
105000083,4148,3955,193
105000084,663,772,-109
105000085,2058,2419,-361
105000086,600,911,-311
105000087,1422,1884,-462
105000088,1548,1649,-101
105000089,3333,2230,1103
105000090,1109,830,279
105000091,1225,1442,-217
105000092,723,841,-118
105000093,463,300,163
105000094,344,329,15
105000095,160,479,-319
105000096,1371,1108,263
105000097,980,746,234
105000098,1094,693,401
105000099,710,671,39
105000100,1663,1299,364
105000101,2376,2214,162
105000102,2899,1760,1139
105000103,1970,2889,-919
105000104,3530,1160,2370
105000105,1638,1731,-93
105000106,1871,1390,481
105000107,1786,804,982
105000108,2050,1168,882
105000109,1984,1386,598
105000110,1002,503,499
105000111,1069,671,398
105000112,1344,627,717
105000113,596,755,-159
105000114,2260,1188,1072
105000115,425,1415,-990
105000116,1096,595,501
105000117,1001,764,237
105000118,764,393,371
105000119,668,642,26
105000120,1282,517,765
105000121,801,717,84
105000122,535,660,-125
105000123,1177,1035,142
105000124,2267,868,1399
105000125,914,1598,-684
105000126,2557,1383,1174
105000127,2751,1741,1010
105000128,949,953,-4
105000129,1098,345,753
105000130,364,3515,-3151
105000131,654,330,324
105000132,1148,859,289
105000133,564,869,-305
105000134,1099,592,507
105000135,471,514,-43
105000136,148,258,-110
105000137,633,223,410
105000138,206,296,-90
105000139,1130,823,307
105000140,567,555,12
105000141,421,468,-47
105000142,339,489,-150
105000143,274,577,-303
105000144,334,743,-409
105000145,884,343,541
105000146,420,757,-337
105000147,841,346,495
105000148,1295,668,627
105000149,3084,2534,550
105000150,1994,1371,623
105000151,559,387,172
105000152,248,499,-251
105000153,686,762,-76
105000154,663,468,195
105000155,438,907,-469
105000156,810,644,166
105000157,927,1547,-620
105000158,2208,769,1439
105000159,254,911,-657
105000160,2334,696,1638
105000161,674,838,-164
105000162,594,1958,-1364
105000163,1086,781,305
105000164,257,235,22
105000165,777,6198,-5421
105000166,4980,1278,3702
105000167,1578,2183,-605
105000168,496,591,-95
105000169,695,353,342
105000170,320,1385,-1065
105000171,1189,252,937
105000172,231,31,200
105000173,334,88,246
105000174,109,69,40
105000175,101,122,-21
105000176,616,95,521
105000177,381,217,164
105000178,238,502,-264
105000179,915,188,727
105000180,247,104,143
105000181,189,304,-115
105000182,84,43,41
105000183,2105,2130,-25
105000184,1148,1247,-99
105000185,1652,1068,584
105000186,526,855,-329
105000187,1069,261,808
105000188,365,193,172
105000189,153,582,-429
105000190,308,400,-92
105000191,497,319,178
105000192,402,58,344
105000193,86,153,-67
105000194,462,92,370
105000195,406,603,-197
105000196,68,262,-194
105000197,338,493,-155
105000198,517,299,218
105000199,190,615,-425
105000200,180,317,-137
105000201,145,27,118
105000203,13,153,-140
105000204,89,84,5
105000205,112,174,-62
105000207,527,157,370
105000208,278,932,-654
105000209,217,302,-85
105000212,1380,1011,369
105000213,167,165,2
105000214,216,213,3
105000215,379,187,192
105000216,190,341,-151
105000217,195,302,-107
105000218,1702,1008,694
105000221,174,179,-5
105000222,469,149,320
105000223,327,208,119
105000226,117,229,-112
105000227,93,202,-109
105000228,181,2241,-2060
105000229,219,600,-381
105000231,424,408,16
105000233,928,794,134
105000234,668,1076,-408
105000235,414,551,-137
105000237,930,78,852
105000243,40,96,-56
105000248,82,87,-5
105000262,397,958,-561
105000269,242,193,49
105000270,489,43,446
105000271,0,143,-143
105000282,85,42,43
105000287,430,97,333
105000288,863,431,432
105000289,2231,2194,37
105000290,44,10,34
105000402,2874,4756,-1882
105000426,443,690,-247
105000438,3411,1587,1824
105000446,10179,5642,4537
105000447,5227,2529,2698
105000454,690,568,122
105000455,210,175,35
105000474,58,2,56
105000477,614,620,-6
105000478,2300,5950,-3650
105000479,125,145,-20
105000480,8447,7555,892
105000481,4866,4120,746
105000482,4402,6790,-2388
105000483,1987,2506,-519
105000484,2243,2872,-629
105000485,1899,3936,-2037
105000486,2972,2295,677
105000488,8096,4424,3672
105000489,1123,768,355
105000549,94,160,-66
105000550,440,1475,-1035
105000551,35,91,-56
105000552,2295,1364,931
105000555,596,956,-360
105900001,17,2232,-2215
105900002,1363,946,417
105900003,18,100,-82
105900004,310,131,179
105900005,13,257,-244
105900006,16,147,-131
105900007,109,54,55
105900008,79,369,-290
105900009,36,28,8
105900011,322,63,259
105900012,758,125,633
105900013,3,30,-27
105900014,15,94,-79
105900015,245,445,-200
105900016,614,607,7
105900017,1853,59,1794
105900018,213,126,87
105900019,79,466,-387
105900020,46,42,4
105900021,30,744,-714
105900022,289,192,97
105900023,5,159,-154
105900024,15,346,-331
105900025,247,38,209
105900026,216,16,200
105900027,12709,8297,4412
105900028,496,451,45
105900029,1628,402,1226
105900030,226,267,-41
105900031,407,177,230
105900032,73,111,-38
105900033,97,124,-27
105900034,298,257,41
105900035,213,181,32
105900036,114,156,-42
105900037,102,54,48
105900038,149,258,-109
105900039,121,117,4
105900040,60,117,-57
105900041,193,271,-78
105900042,88,156,-68
105900043,1408,143,1265
105900044,7,291,-284
105900045,4,943,-939
105900046,9,255,-246
105900047,31,66,-35
105900048,112,461,-349
105900050,6185,5614,571
105900051,58,1286,-1228
105900052,762,293,469
105900053,2688,3554,-866
105900054,399,260,139
105900056,878,505,373
105900057,43,167,-124
105900058,17,11,6
105900059,0,40,-40
106000001,4253,3302,951
106000002,1866,5620,-3754
106000003,3479,4193,-714
106000004,1721,2780,-1059
106000005,4131,5702,-1571
106000006,5408,3005,2403
106000007,684,607,77
106000008,475,346,129
106000009,644,376,268
106000010,664,566,98
106000011,1355,1120,235
106000012,921,1095,-174
106000013,2126,1826,300
106000014,2028,1372,656
106000015,2162,1213,949
106000016,1353,1679,-326
106000017,652,698,-46
106000018,621,406,215
106000019,480,478,2
106000020,490,265,225
106000021,363,410,-47
106000022,380,188,192
106000023,723,255,468
106000024,604,349,255
106000025,176,228,-52
106000026,80,183,-103
106000027,1794,1407,387
106000028,673,333,340
106000029,739,839,-100
106000030,381,564,-183
106000034,221,544,-323
106000035,957,2068,-1111
106000036,208,504,-296
106000037,1740,1209,531
106000038,290,126,164
106000039,140,136,4
106000040,156,888,-732
106000041,689,700,-11
106000043,600,235,365
106000046,398,124,274
106000047,48,415,-367
106000049,1241,324,917
106000050,306,536,-230
106000051,911,503,408
106000052,113,508,-395
106000053,597,121,476
106000054,376,404,-28
106000055,1254,891,363
106000056,289,294,-5
106000057,456,294,162
106000058,146,137,9
106000059,438,329,109
106000060,340,406,-66
106000061,283,560,-277
106000062,122,468,-346
106000063,876,646,230
106000064,28,336,-308
106000065,461,372,89
106000066,106,308,-202
106000067,514,105,409
106000068,71,581,-510
106000069,358,54,304
106000070,469,686,-217
106000071,1384,339,1045
106000072,2526,1586,940
106000073,1464,3567,-2103
106000074,699,710,-11
106000075,301,1435,-1134
106000076,1831,2147,-316
106000077,3022,1286,1736
106000078,1299,827,472
106000079,813,856,-43
106000080,1459,597,862
106000081,800,1122,-322
106000082,2601,860,1741
106000083,519,1442,-923
106000084,1315,616,699
106000085,1467,1543,-76
106000086,646,784,-138
106000087,1020,536,484
106000088,439,732,-293
106000089,1175,376,799
106000090,366,559,-193
106000091,297,472,-175
106000092,825,272,553
106000093,289,143,146
106000094,92,223,-131
106000095,969,642,327
106000096,1008,591,417
106000097,1299,731,568
106000098,796,858,-62
106000099,264,859,-595
106000100,1745,223,1522
106000101,1610,391,1219
106000102,234,892,-658
106000103,317,533,-216
106000104,947,358,589
106000105,592,593,-1
106000106,673,386,287
106000107,212,235,-23
106000108,314,208,106
106000109,199,184,15
106000110,306,228,78
106000111,231,325,-94
106000112,231,587,-356
106000113,581,548,33
106000114,439,680,-241
106000115,220,343,-123
106000116,320,151,169
106000117,988,563,425
106000118,1392,1555,-163
106000119,1150,904,246
106000120,1031,1334,-303
106000121,242,130,112
106000122,121,123,-2
106000123,603,125,478
106000124,68,138,-70
106000125,20,170,-150
106000126,365,77,288
106000127,1022,588,434
106000128,1013,186,827
106000129,510,452,58
106000130,823,293,530
106000131,92,603,-511
106000132,560,172,388
106000133,1733,1103,630
106000134,553,2290,-1737
106000135,160,436,-276
106000136,711,1091,-380
106000137,74,575,-501
106000138,1244,113,1131
106000139,62,100,-38
106000140,39,40,-1
106000141,165,38,127
106000142,131,68,63
106000143,66,61,5
106000144,34,85,-51
106000145,306,211,95
106000146,497,172,325
106000147,354,375,-21
106000148,490,797,-307
106000149,751,349,402
106000150,574,1944,-1370
106000151,3332,784,2548
106000152,1232,2046,-814
106000153,110,1777,-1667
106000154,1147,185,962
106000155,153,248,-95
106000156,1076,236,840
106000157,690,1442,-752
106000158,2153,936,1217
106000159,2413,2143,270
106000160,540,3133,-2593
106000161,1384,299,1085
106000162,420,1196,-776
106000163,494,286,208
106000164,562,286,276
106000165,304,355,-51
106000166,985,287,698
106000167,408,690,-282
106000168,677,240,437
106000169,262,478,-216
106000170,1013,191,822
106000171,184,1072,-888
106000172,3062,1324,1738
106000173,1181,2355,-1174
106000174,1374,321,1053
106000175,336,805,-469
106000176,2170,809,1361
106000177,932,1899,-967
106000178,3692,1539,2153
106000179,986,1940,-954
106000180,876,936,-60
106000181,1087,1496,-409
106000182,1786,731,1055
106000183,1868,532,1336
106000184,1996,637,1359
106000185,1367,1259,108
106000186,868,161,707
106000187,214,1217,-1003
106000188,1,1,0
106000189,18,31,-13
106000190,24,2,22
106000191,737,189,548
106000192,1,22,-21
106000193,410,238,172
106000194,141,409,-268
106000195,775,196,579
106000196,261,723,-462
106000197,645,267,378
106000198,188,219,-31
106000199,849,936,-87
106000200,224,277,-53
106000201,479,3505,-3026
106000202,2970,670,2300
106000203,45,136,-91
106000204,96,3,93
106000205,6,108,-102
106000206,108,16,92
106000207,26,566,-540
106000208,1733,141,1592
106000209,1843,417,1426
106000210,383,898,-515
106000211,371,965,-594
106000212,1174,436,738
106000213,556,2089,-1533
106000214,2303,894,1409
106000215,287,519,-232
106000216,405,255,150
106000217,271,310,-39
106000218,389,356,33
106000219,165,213,-48
106000220,496,233,263
106000221,267,192,75
106000222,71,92,-21
106000223,325,114,211
106000224,245,143,102
106000225,98,117,-19
106000226,118,201,-83
106000228,81,93,-12
106000229,99,528,-429
106000231,1079,113,966
106000232,117,305,-188
106000233,670,92,578
106000234,133,246,-113
106000235,1246,135,1111
106000236,458,103,355
106000237,9,7,2
106000238,119,24,95
106000239,9,109,-100
106000240,115,6,109
106000241,20,537,-517
106000242,299,34,265
106000249,129,73,56
106000250,109,757,-648
106000251,155,30,125
106000252,23,66,-43
106000253,57,69,-12
106000254,67,33,34
106000255,27,137,-110
106000256,53,39,14
106000257,169,244,-75
106000258,302,12,290
106000259,12,62,-50
106000260,33,6,27
106000261,7,34,-27
106000262,118,12,106
106000263,4,44,-40
106000264,247,8,239
106000265,11,100,-89
106000266,239,30,209
106000267,5,69,-64
106000268,415,50,365
106000269,37,26,11
106000270,146,405,-259
106000271,108,221,-113
106000272,225,92,133
106000273,16,258,-242
106000274,142,48,94
106000275,170,278,-108
106000276,156,24,132
106000277,147,283,-136
106000278,171,25,146
106000279,28,27,1
106000280,101,47,54
106000281,71,36,35
106000282,75,67,8
106000283,135,49,86
106000284,109,100,9
106000285,127,68,59
106000286,152,129,23
106000287,129,62,67
106000288,84,131,-47
106000289,106,68,38
106000290,66,81,-15
106000291,121,92,29
106000292,84,69,15
106000293,201,96,105
106000294,128,80,48
106000295,64,53,11
106000296,38,78,-40
106000297,60,228,-168
106000298,136,73,63
106000299,87,117,-30
106000300,57,85,-28
106000301,45,99,-54
106000303,43,77,-34
106000304,36,27,9
106000305,51,64,-13
106000306,35,78,-43
106000307,97,14,83
106000308,26,98,-72
106000309,20,62,-42
106000310,310,418,-108
106000311,430,204,226
106000312,128,164,-36
106000313,197,202,-5
106000318,69,569,-500
106000319,1079,254,825
106000320,3,66,-63
106000321,338,172,166
106000322,185,116,69
106000324,13,108,-95
106000325,2035,935,1100
106000326,949,1418,-469
106000327,240,63,177
106000328,44,140,-96
106000329,249,223,26
106000330,60,100,-40
106000428,120,145,-25
106000429,175,365,-190
106000430,398,1000,-602
106000431,3043,413,2630
106000432,1568,2268,-700
106000433,3066,1483,1583
106000434,3671,2054,1617
106000435,1303,2291,-988
106000436,26,178,-152
106000437,289,66,223
106000438,384,180,204
106000439,64,436,-372
106000440,335,513,-178
106000441,0,3,-3
106000442,176,8,168
106000443,214,260,-46
106000450,3,116,-113
106000451,27,61,-34
106000454,2,266,-264
106000455,5,133,-128
106000456,117,25,92
106000457,21,638,-617
106000458,971,121,850
106000459,211,265,-54
106000460,1820,26,1794
106000461,134,873,-739
106000462,0,34,-34
106000463,1,17,-16
106000464,4,278,-274
106000465,795,8,787
106000466,4,404,-400
106000467,280,482,-202
106000468,110,159,-49
106000469,167,2,165
106000470,342,1908,-1566
106000471,16,410,-394
106000472,169,11,158
106000473,80,18,62
106000474,280,398,-118
106000475,308,203,105
106000476,150,271,-121
106000477,20,69,-49
106000480,0,323,-323
106900001,0,12,-12
106900002,0,302,-302
106900003,210,1657,-1447
106900004,0,19,-19
106900006,0,6,-6
106900007,0,13,-13
106900008,469,157,312
106900009,450,257,193
106900010,261,250,11
106900012,1331,2551,-1220
106900013,739,208,531
106900014,26,7,19
106900015,17,4,13
106900016,370,14,356
106900017,8,1,7
106900018,3,0,3
106900019,74,1,73
106900020,2918,1869,1049
106900021,128,84,44
106900022,987,4,983
106900023,56,163,-107
106900024,759,52,707
106900025,43,727,-684
106900026,0,353,-353
106900027,934,6,928
107000001,4355,5412,-1057
107000002,2692,4481,-1789
107000003,7680,7534,146
107000004,4587,3872,715
107000005,6135,6331,-196
107000006,4100,3190,910
107000007,7235,12056,-4821
107000008,9771,7034,2737
107000009,9974,8897,1077
107000010,9467,7853,1614
107000011,1063,1202,-139
107000012,4117,2580,1537
107000013,125,73,52
107000014,68,134,-66
107000015,487,601,-114
107000016,933,645,288
107000017,3689,4402,-713
107000018,57,3545,-3488
107000020,2577,3634,-1057
107000021,1631,496,1135
107000022,1280,2262,-982
107000023,2042,239,1803
107000024,907,1508,-601
107000025,292,410,-118
107000026,433,478,-45
107000027,1566,1092,474
107000028,1616,1045,571
107000029,4251,3403,848
107000030,3188,2586,602
107000031,5487,3217,2270
107000032,478,906,-428
107000033,2890,4809,-1919
107000034,5384,1640,3744
107000035,438,277,161
107000036,728,1358,-630
107000037,93,826,-733
107000038,242,309,-67
107000039,884,919,-35
107000040,233,314,-81
107000041,1522,809,713
107000042,776,2395,-1619
107000043,2562,1227,1335
107000044,595,498,97
107000045,98,348,-250
107000046,1017,531,486
107000047,622,942,-320
107000048,769,390,379
107000049,734,790,-56
107000050,1178,589,589
107000051,303,406,-103
107000052,1173,1339,-166
107000053,378,264,114
107000054,49,284,-235
107000055,251,101,150
107000056,469,808,-339
107000057,1377,210,1167
107000058,2602,2766,-164
107000059,2063,3193,-1130
107000060,5513,5839,-326
107000061,5471,3509,1962
107000062,5966,3177,2789
107000063,4847,4275,572
107000064,5575,2986,2589
107000065,4764,4257,507
107000066,2352,3833,-1481
107000067,1543,1430,113
107000068,1692,938,754
107000069,1147,736,411
107000070,1218,57,1161
107000071,4129,59,4070
107000072,38,2240,-2202
107000073,1088,498,590
107000074,153,780,-627
107000075,2249,548,1701
107000076,719,1236,-517
107000077,4847,1404,3443
107000078,2534,2735,-201
107000079,3372,1223,2149
107000080,1150,2622,-1472
107000081,2609,658,1951
107000082,611,1508,-897
107000083,1902,536,1366
107000084,376,1430,-1054
107000085,3341,3539,-198
107000086,3595,3314,281
107000087,3288,2119,1169
107000088,3330,3656,-326
107000089,1701,1848,-147
107000090,1347,1026,321
107000091,1912,942,970
107000092,927,906,21
107000093,1379,1037,342
107000094,1152,925,227
107000095,1008,718,290
107000096,686,733,-47
107000097,883,373,510
107000098,503,469,34
107000099,553,355,198
107000100,258,319,-61
107000101,84,192,-108
107000102,226,328,-102
107000103,334,214,120
107000104,224,280,-56
107000105,504,170,334
107000106,138,291,-153
107000107,823,159,664
107000108,117,435,-318
107000109,807,120,687
107000110,63,311,-248
107000111,507,61,446
107000112,42,206,-164
107000113,832,126,706
107000114,100,412,-312
107000115,768,182,586
107000116,134,566,-432
107000117,173,1010,-837
107000118,120,160,-40
107000119,1547,1824,-277
107000120,1045,644,401
107000121,1187,685,502
107000122,1373,927,446
107000123,608,570,38
107000124,631,769,-138
107000125,1294,659,635
107000126,1266,638,628
107000129,374,519,-145
107000130,896,257,639
107000131,487,420,67
107000132,712,382,330
107000133,604,143,461
107000134,354,6,348
107000135,5,414,-409
107000136,1116,16,1100
107000137,13,625,-612
107000138,286,40,246
107000139,17,601,-584
107000140,1980,136,1844
107000141,172,737,-565
107000142,619,134,485
107000143,77,576,-499
107000144,647,543,104
107000145,174,410,-236
107000146,263,414,-151
107000147,3215,858,2357
107000150,697,4092,-3395
107000151,39,110,-71
107000152,480,1855,-1375
107000153,131,352,-221
107000154,165,256,-91
107000155,1435,46,1389
107000156,1703,55,1648
107000157,186,1210,-1024
107000158,939,39,900
107000159,49,715,-666
107000160,1469,233,1236
107000161,100,992,-892
107000162,360,785,-425
107000163,238,48,190
107000164,1021,7,1014
107000165,1456,9,1447
107000166,37,748,-711
107000167,827,193,634
107000168,1266,663,603
107000169,763,712,51
107000170,3176,1055,2121
107000171,771,1738,-967
107000172,1382,1816,-434
107000173,674,822,-148
107000174,1393,7068,-5675
107000175,6184,1401,4783
107000176,0,0,0
107000177,5,2,3
107000178,34,33,1
107000179,335,1648,-1313
107000180,1861,270,1591
107000181,460,862,-402
107000182,2299,898,1401
107000183,177,669,-492
107000184,1340,695,645
107000185,561,1238,-677
107000186,1633,424,1209
107000187,1593,1253,340
107000188,876,696,180
107000189,674,1020,-346
107000190,809,674,135
107000191,897,928,-31
107000192,2010,647,1363
107000193,575,630,-55
107000194,889,648,241
107000197,1170,339,831
107000198,379,663,-284
107000199,909,729,180
107000200,701,758,-57
107000201,602,366,236
107000202,416,503,-87
107000203,1134,1159,-25
107000204,1238,1185,53
107000205,2226,1289,937
107000206,1140,1881,-741
107000207,688,1339,-651
107000208,1066,646,420
107000209,1759,1509,250
107000210,598,329,269
107000211,7,64,-57
107000212,24,342,-318
107000213,4,32,-28
107000214,20,138,-118
107000215,666,304,362
107000216,666,448,218
107000217,225,137,88
107000219,133,239,-106
107000220,212,167,45
107000222,293,645,-352
107000224,881,85,796
107000225,215,325,-110
107000226,785,116,669
107000227,132,202,-70
107000228,232,386,-154
107000229,143,159,-16
107000230,1126,575,551
107000231,1299,1995,-696
107000232,115,47,68
107000233,1098,1056,42
107000234,5,56,-51
107000235,98,28,70
107000236,12,564,-552
107000237,36,0,36
107000238,26,4,22
107000239,3099,586,2513
107000240,79,781,-702
107000241,100,32,68
107000242,352,36,316
107000243,1,46,-45
107000244,12,79,-67
107000246,3,971,-968
107000249,5,1067,-1062
107000251,2,204,-202
107000252,3,714,-711
107000255,397,164,233
107000257,3,274,-271
107000258,0,81,-81
107000259,1,168,-167
107000260,872,17,855
107000262,17,300,-283
107000263,338,15,323
107000266,16,13,3
107000267,85,118,-33
107000268,113,110,3
107000269,1006,78,928
107000270,14,27,-13
107000271,20,431,-411
107000272,39,88,-49
107000273,26,249,-223
107000274,3454,821,2633
107000275,23,2455,-2432
107000280,1116,26,1090
107000281,51,620,-569
107000282,162,667,-505
107000290,28,40,-12
107000291,33,5,28
107000292,0,273,-273
107000293,133,5,128
107000294,0,37,-37
107000295,45,5,40
107000296,0,14,-14
107000444,371,9,362
107000496,5,8,-3
107000497,1362,1897,-535
107000500,390,336,54
107000501,145,108,37
107000502,218,269,-51
107000505,334,818,-484
107000506,1,70,-69
107000508,1,410,-409
107000509,231,940,-709
107000510,33,38,-5
107000514,134,439,-305
107000515,20,131,-111
107000516,521,344,177
107000518,1313,1941,-628
107000519,1347,743,604
107000520,91,50,41
107000521,699,342,357
107000522,1138,477,661
107900001,131,109,22
107900002,64,19,45
107900003,741,22,719
107900004,95,4,91
107900005,1742,6,1736
107900006,314,2,312
107900007,467,37,430
107900008,113,16,97
107900009,241,11,230
107900010,84,20,64
107900012,343,56,287
107900013,206,39,167
107900014,69,15,54
107900015,1302,8,1294
107900016,435,112,323
107900017,39,5,34
107900018,74,228,-154
107900019,22,30,-8
107900020,70,17,53
107900021,135,115,20
107900023,0,2,-2
107900024,1,23,-22
107900025,293,302,-9
107900026,99,47,52
107900027,41,64,-23
107900028,125,64,61
107900030,204,24,180
107900031,60,69,-9
107900032,40,13,27
107900033,43,10,33
107900034,472,35,437
107900035,1228,66,1162
107900036,68,30,38
107900037,0,28,-28
107900038,90,272,-182
107900039,58,55,3
107900040,50,542,-492
107900041,0,6,-6
107900043,117,114,3
107900044,17,6,11
107900045,158,66,92
107900046,209,196,13
107900047,73,45,28
107900048,238,13,225
107900049,274,1838,-1564
107900050,93,296,-203
107900051,143,54,89
107900052,57,59,-2
107900053,102,84,18
107900055,796,328,468
107900056,170,74,96
107900057,6,0,6
107900058,30,432,-402
107900060,42,113,-71
107900061,11,8,3
107900063,116,148,-32
107900064,345,230,115
107900065,312,10,302
107900066,25,7,18
107900067,0,0,0
107900068,136,525,-389
107900069,28,2499,-2471
107900070,169,84,85
107900071,24,509,-485
107900072,163,126,37
107900073,154,86,68
107900074,574,442,132
107900076,146,55,91
107900077,122,1,121
107900078,263,58,205
107900079,18,32,-14
107900080,265,645,-380
107900081,62,94,-32
107900082,19,14,5
107900083,518,148,370
107900084,135,176,-41
107900086,41,233,-192
107900087,485,159,326
107900088,46,6,40
107900089,307,1220,-913
107900090,1146,3472,-2326
107900091,164,351,-187
107900092,1811,398,1413
107900093,82,84,-2
107900095,2874,2407,467
107900097,26,95,-69
107900098,82,203,-121
107900100,838,1817,-979
107900101,787,144,643
107900102,48,6,42
107900103,55,194,-139
107900104,281,15,266
107900105,8,316,-308
107900106,25,728,-703
107900107,1587,538,1049
107900108,212,162,50
107900109,1916,31,1885
107900110,106,68,38
107900111,7,591,-584
107900112,90,418,-328
107900113,256,80,176
107900114,209,120,89
107900115,0,29,-29
107900116,253,133,120
107900117,313,310,3
107900118,61,121,-60
107900119,105,337,-232
107900120,40,27,13
107900121,9,169,-160
107900122,1,148,-147
107900123,2,55,-53
107900124,12,77,-65
107900125,42,226,-184
107900126,11,83,-72
107900127,567,412,155
107900128,79,92,-13
107900129,93,36,57
107900130,105,21,84
107900131,511,364,147
107900132,109,284,-175
107900133,0,84,-84
107900134,34,91,-57
107900135,14,151,-137
107900136,32,43,-11
107900137,121,136,-15
107900138,72,36,36
107900139,88,72,16
107900140,127,53,74
107900141,41,34,7
107900142,84,595,-511
107900143,124,23,101
107900144,9,151,-142
107900145,14,98,-84
107900146,49,164,-115
107900147,60,53,7
107900148,173,113,60
107900149,877,200,677
107900150,59,528,-469
107900151,32,73,-41
107900152,6,126,-120
107900153,157,381,-224
107900154,63,21,42
107900155,150,72,78
107900156,3,237,-234
107900157,42,48,-6
107900158,1235,42,1193
107900159,42,622,-580
107900160,163,116,47
107900161,43,91,-48
107900162,0,101,-101
107900163,99,367,-268
107900164,12,40,-28
107900165,38,172,-134
107900166,34,154,-120
107900167,42,47,-5
107900168,70,38,32
107900169,0,243,-243
107900171,10,951,-941
107900172,1,283,-282
107900173,20,119,-99
107900174,177,5,172
107900175,48,43,5
107900176,41,43,-2
107900177,1,285,-284
107900178,1,106,-105
107900179,25,117,-92
107900180,567,1065,-498
107900181,393,331,62
107900182,4,787,-783
107900183,87,198,-111
107900184,131,233,-102
107900185,142,4,138
107900186,56,54,2
107900187,1,123,-122
107900188,517,167,350
107900189,24,113,-89
107900190,51,158,-107
107900191,82,95,-13
107900193,6,65,-59
107900194,275,17,258
107900195,1633,372,1261
107900196,114,81,33
107900197,671,399,272
107900199,1,681,-680
107900201,92,80,12
107900203,22,71,-49
107900204,228,260,-32
107900205,276,417,-141
107900206,925,278,647
107900207,1,440,-439
107900208,9,345,-336
107900209,313,121,192
107900210,74,110,-36
107900213,656,531,125
107900214,31,91,-60
107900215,127,462,-335
107900216,176,91,85
107900217,65,81,-16
107900218,14,2029,-2015
107900219,27,70,-43
107900220,226,294,-68
107900221,151,180,-29
107900223,157,371,-214
107900224,171,545,-374
107900225,5,550,-545
107900226,93,88,5
107900227,99,329,-230
107900228,30,78,-48
107900229,2,174,-172
107900230,22,79,-57
107900231,14,189,-175
107900232,105,106,-1
107900233,2,118,-116
107900234,163,76,87
107900235,45,118,-73
107900236,165,47,118
107900237,31,337,-306
107900238,27,101,-74
107900239,616,664,-48
107900240,37,80,-43
107900241,10,54,-44
107900242,52,144,-92
107900243,1,52,-51
107900244,368,26,342
107900245,866,27,839
107900246,418,27,391
107900248,256,305,-49
107900249,975,58,917
107900250,1,382,-381
107900251,73,1038,-965
107900252,1141,24,1117
107900253,231,7,224
107900254,63,414,-351
107900255,240,93,147
107900256,1869,2155,-286
107900257,300,163,137
107900258,136,198,-62
107900259,103,2594,-2491
107900261,0,272,-272
107900262,62,84,-22
107900264,439,7,432
107900265,194,128,66
107900267,338,14,324
107900268,27,6,21
107900269,1,15,-14
107900270,2,0,2
107900271,4,39,-35
107900272,71,42,29
107900273,61,128,-67
107900274,136,0,136
107900275,21,1,20
107900276,1,103,-102
107900277,2,165,-163
107900278,365,280,85
107900279,72,183,-111
107900280,2138,2147,-9
107900281,1068,3757,-2689
107900282,44,610,-566
107900283,825,765,60
107900284,698,510,188
107900285,202,47,155
107900286,122,94,28
107900287,356,226,130
107900290,1,195,-194
107900291,576,23,553
107900292,157,153,4
107900293,105,342,-237
107900295,58,33,25
107900297,3,297,-294
107900298,687,702,-15
107900299,2318,3127,-809
107900300,119,310,-191
107900301,879,826,53
107900302,207,46,161
107900303,262,253,9
107900304,427,321,106
107900305,351,13,338
107900306,15,24,-9
107900307,63,233,-170
107900308,215,173,42
107900309,71,2,69
107900310,769,16,753
107900311,10,677,-667
107900312,87,0,87
107900313,2,177,-175
107900314,3,46,-43
107900315,5,56,-51
107900316,110,6,104
107900317,119,12,107
107900318,14,126,-112
107900319,4,146,-142
107900320,4,92,-88
107900321,180,6,174
107900322,1,71,-70
107900323,10,115,-105
107900324,144,4,140
107900325,110,0,110
107900326,411,188,223
107900327,2,81,-79
107900328,83,1,82
107900329,116,92,24
107900330,13,274,-261
107900331,348,22,326
107900332,374,19,355
107900333,88,18,70
107900334,13,95,-82
107900335,98,46,52
107900336,40,60,-20
107900337,750,1151,-401
107900338,2,120,-118
107900339,2,20,-18
107900340,0,30,-30
107900341,66,2,64
107900342,163,106,57
107900343,68,6,62
107900344,14,42,-28
107900345,155,45,110
107900346,33,1,32
107900347,20,1,19
107900348,6,0,6
107900349,28,20,8
107900350,15,217,-202
107900351,1,39,-38
108000001,3522,4116,-594
108000002,1866,2218,-352
108000003,3984,3923,61
108000004,11149,12724,-1575
108000005,9221,6910,2311
108000006,6960,6788,172
108000007,6067,4207,1860
108000008,4050,5237,-1187
108000009,4537,5083,-546
108000010,2739,3638,-899
108000011,14205,14188,17
108000012,14066,14052,14
108000014,879,1128,-249
108000015,848,270,578
108000016,335,719,-384
108000017,1300,420,880
108000018,2146,827,1319
108000019,2233,1029,1204
108000020,1425,551,874
108000021,384,1624,-1240
108000022,459,1235,-776
108000023,1504,288,1216
108000024,311,381,-70
108000025,405,312,93
108000026,833,403,430
108000027,907,432,475
108000028,716,276,440
108000029,532,430,102
108000030,781,215,566
108000031,244,550,-306
108000032,2037,775,1262
108000033,892,912,-20
108000034,1941,527,1414
108000035,794,1746,-952
108000036,431,960,-529
108000037,2054,467,1587
108000038,3264,579,2685
108000039,527,1705,-1178
108000040,2461,1041,1420
108000041,736,2004,-1268
108000042,391,190,201
108000043,235,285,-50
108000044,727,191,536
108000045,324,379,-55
108000046,1807,319,1488
108000047,474,768,-294
108000048,219,330,-111
108000049,1338,310,1028
108000050,145,417,-272
108000051,351,200,151
108000052,229,525,-296
108000053,495,341,154
108000054,510,1107,-597
108000055,1339,712,627
108000056,866,1165,-299
108000057,738,1489,-751
108000058,2596,4296,-1700
108000059,2929,2011,918
108000060,245,476,-231
108000061,160,204,-44
108000062,1119,675,444
108000063,547,431,116
108000064,299,298,1
108000065,639,375,264
108000066,1798,802,996
108000067,2369,885,1484
108000068,974,389,585
108000069,247,820,-573
108000070,2496,771,1725
108000071,732,1224,-492
108000072,2130,1235,895
108000073,1302,1382,-80
108000074,724,412,312
108000075,366,630,-264
108000076,1158,599,559
108000077,677,532,145
108000078,3333,1367,1966
108000079,897,1083,-186
108000080,1714,581,1133
108000081,540,1230,-690
108000082,989,1506,-517
108000083,2544,1023,1521
108000084,406,922,-516
108000085,1022,554,468
108000086,687,589,98
108000087,176,2664,-2488
108000088,284,15,269
108000089,392,378,14
108000090,561,160,401
108000091,234,444,-210
108000092,176,78,98
108000093,238,396,-158
108000094,678,125,553
108000095,219,287,-68
108000096,421,236,185
108000097,204,344,-140
108000098,2325,1280,1045
108000099,343,101,242
108000100,86,258,-172
108000101,1815,1585,230
108000102,1801,3751,-1950
108000106,1357,3,1354
108000107,2,966,-964
108000108,792,74,718
108000109,7,807,-800
108000110,267,376,-109
108000111,161,490,-329
108000112,45,147,-102
108000113,366,191,175
108000115,386,304,82
108000117,774,493,281
108000118,79,251,-172
108000119,625,348,277
108000120,189,800,-611
108000121,220,355,-135
108000122,722,326,396
108000123,1173,227,946
108000124,392,475,-83
108000125,562,248,314
108000126,201,339,-138
108000127,556,308,248
108000128,777,336,441
108000129,413,667,-254
108000130,684,264,420
108000131,1104,501,603
108000132,1640,981,659
108000133,1254,428,826
108000134,553,411,142
108000135,1361,573,788
108000136,317,676,-359
108000137,628,300,328
108000138,537,766,-229
108000139,624,288,336
108000140,137,22,115
108000141,22,37,-15
108000142,64,55,9
108000143,24,17,7
108000144,48,14,34
108000145,46,9,37
108000146,107,11,96
108000147,38,10,28
108000148,71,15,56
108000149,16,17,-1
108000150,35,6,29
108000151,16,17,-1
108000152,139,409,-270
108000153,686,175,511
108000154,49,4,45
108000155,42,15,27
108000156,426,127,299
108000157,225,1430,-1205
108000158,79,964,-885
108000159,428,227,201
108000160,2375,1244,1131
108000161,2317,3738,-1421
108000165,4,268,-264
108000172,2,270,-268
108000173,1392,2459,-1067
108000175,358,186,172
108000178,401,292,109
108000179,188,1129,-941
108000181,88,27,61
108000182,91,17,74
108000183,25,9,16
108000184,800,2812,-2012
108000185,273,357,-84
108000186,234,39,195
108000187,147,418,-271
108000188,722,203,519
108000189,595,1435,-840
108000190,79,93,-14
108000192,178,470,-292
108000193,838,54,784
108000194,46,15,31
108000195,3,809,-806
108000196,348,149,199
108000198,520,214,306
108000199,1,285,-284
108000200,613,422,191
108000202,1,352,-351
108000203,188,522,-334
108000204,184,80,104
108000205,165,359,-194
108000339,1120,363,757
108000364,142,275,-133
108000365,90,280,-190
108000367,122,248,-126
108000368,13,37,-24
108000369,651,259,392
108000371,2,623,-621
108000372,732,7,725
108000373,246,131,115
108000376,146,40,106
108000377,612,218,394
108000378,10454,12132,-1678
108000379,24,225,-201
108000381,96,15,81
108000382,130,2,128
108000383,0,212,-212
108900001,84,705,-621
108900002,255,83,172
108900003,301,607,-306
108900004,102,542,-440
108900005,99,514,-415
108900006,831,185,646
108900007,441,266,175
108900008,220,171,49
108900009,127,131,-4
108900010,369,215,154
108900011,913,390,523
108900012,492,493,-1
108900013,241,311,-70
108900014,25,90,-65
108900015,0,107,-107
108900016,1,229,-228
108900017,265,410,-145
108900018,173,450,-277
108900019,51,496,-445
108900020,89,163,-74
108900021,183,224,-41
108900022,270,10,260
108900023,32,49,-17
108900024,34,86,-52
108900025,173,117,56
108900026,31,116,-85
108900027,0,65,-65
108900028,112,230,-118
108900029,79,227,-148
108900030,0,95,-95
108900031,184,271,-87
108900032,6,194,-188
108900033,0,67,-67
108900034,1,137,-136
108900035,313,981,-668
108900036,183,241,-58
108900037,63,285,-222
108900038,0,244,-244
108900039,0,277,-277
108900040,10,62,-52
108900041,4739,3719,1020
108900042,18,448,-430
108900043,89,490,-401
108900044,3,362,-359
108900045,90,309,-219
108900046,33,487,-454
108900047,0,118,-118
108900048,87,636,-549
108900049,2137,1826,311
108900050,2,177,-175
108900051,0,112,-112
108900052,40,166,-126
108900053,69,240,-171
108900054,115,193,-78
108900055,73,383,-310
108900056,0,99,-99
108900057,2,106,-104
108900058,29,279,-250
108900059,665,64,601
108900060,105,125,-20
108900061,98,28,70
108900062,7,206,-199
108900063,40,189,-149
108900064,296,46,250
108900065,34,153,-119
108900066,594,125,469
108900067,13,148,-135
108900068,4,107,-103
108900069,98,69,29
108900070,21,62,-41
108900071,186,72,114
108900072,2018,618,1400
108900073,26,275,-249
108900074,339,255,84
108900075,51,48,3
108900076,476,88,388
108900077,112,323,-211
108900078,54,115,-61
108900079,558,172,386
108900080,22,1057,-1035
108900081,62,207,-145
108900082,100,66,34
108900083,21,333,-312
108900084,344,154,190
108900085,1755,172,1583
108900086,145,178,-33
108900087,68,185,-117
108900088,1074,418,656
108900089,52,171,-119
108900090,91,234,-143
108900091,148,74,74
108900092,594,266,328
108900093,142,105,37
108900094,295,115,180
108900095,53,266,-213
108900096,304,18,286
108900097,311,204,107
108900098,1685,936,749
108900099,489,229,260
108900100,104,131,-27
108900101,222,306,-84
108900102,135,1299,-1164
108900103,138,109,29
108900104,160,336,-176
108900105,6,1521,-1515
108900106,520,280,240
108900108,371,81,290
108900109,553,49,504
108900110,298,291,7
108900111,533,460,73
108900112,325,26,299
108900113,48,77,-29
108900114,75,19,56
108900115,122,78,44
108900116,119,23,96
108900117,214,14,200
108900118,752,26,726
108900119,315,17,298
108900120,350,204,146
108900121,290,132,158
108900122,165,29,136
108900123,188,195,-7
108900124,554,218,336
108900125,639,4,635
108900126,153,42,111
108900127,220,28,192
108900128,153,54,99
108900129,1077,153,924
108900130,437,5,432
108900131,543,20,523
108900132,556,66,490
108900133,316,80,236
108900134,491,249,242
108900135,232,19,213
108900136,90,3,87
108900137,215,6,209
108900138,1033,95,938
108900139,694,90,604
108900140,427,199,228
108900141,512,55,457
108900142,142,14,128
108900143,114,2,112
108900144,151,0,151
108900145,255,15,240
108900146,98,1,97
108900147,298,0,298
108900148,78,23,55
108900149,472,218,254
108900150,253,11,242
108900151,227,29,198
108900152,376,19,357
108900153,242,266,-24
108900154,5980,506,5474
108900155,336,106,230
108900156,93,14,79
108900157,26,385,-359
108900158,509,33,476
108900159,3,180,-177
108900160,16,162,-146
108900161,12,229,-217
108900162,173,4,169
108900163,10,305,-295
108900164,51,77,-26
108900165,155,79,76
108900167,1208,9436,-8228
108900168,6277,3027,3250
108900169,88,127,-39
108900171,5384,3576,1808
108900172,265,45,220
108900173,157,327,-170
108900174,1058,659,399
108900176,166,426,-260
108900177,4762,7584,-2822
108900178,3173,4025,-852
108900179,585,2350,-1765
108900180,226,317,-91
108900182,73,526,-453
108900183,462,223,239
108900184,621,276,345
108900185,120,432,-312
108900186,85,358,-273
108900187,564,64,500
108900188,870,49,821
108900189,435,147,288
108900190,40,2035,-1995
108900191,167,62,105
108900192,125,226,-101
108900193,204,46,158
108900194,10,288,-278
108900195,128,214,-86
108900196,41,290,-249
108900198,3,346,-343
108900199,280,331,-51
108900200,686,390,296
108900201,568,1353,-785
108900203,549,155,394
108900204,440,16,424
108900205,199,20,179
108900206,734,105,629
108900207,249,150,99
108900208,28,331,-303
108900209,186,531,-345
108900210,386,212,174
108900211,214,698,-484
108900212,497,1809,-1312
108900215,81,349,-268
108900216,481,405,76
108900217,155,0,155
108900218,286,28,258
108900219,66,13,53
108900220,80,29,51
108900221,32,295,-263
108900222,411,22,389
108900223,33,211,-178
108900224,36,235,-199
108900225,1,171,-170
108900226,379,20,359
108900227,138,445,-307
108900230,197,244,-47
108900231,40,212,-172
108900232,2,165,-163
108900233,538,117,421
108900234,370,174,196
108900235,241,509,-268
108900236,49,369,-320
108900237,76,176,-100
108900240,157,122,35
108900241,28,54,-26
108900245,16,1806,-1790
108900249,169,25,144
108900250,311,144,167
108900257,348,351,-3
108900258,18,159,-141
108900259,76,40,36
108900260,13,64,-51
108900261,74,107,-33
108900262,142,117,25
108900263,58,111,-53
108900264,404,282,122
108900265,1117,590,527
108900266,538,812,-274
108900267,5,163,-158
108900268,17,19,-2
108900269,115,32,83
108900270,122,18,104
108900271,63,21,42
108900272,247,24,223
108900273,607,1172,-565
108900274,79,63,16
109000001,2538,2345,193
109000002,1076,1963,-887
109000003,3194,445,2749
109000004,604,1858,-1254
109000005,2496,579,1917
109000006,673,1754,-1081
109000007,1925,630,1295
109000008,624,1549,-925
109000009,4683,1398,3285
109000010,1332,3307,-1975
109000011,4052,2082,1970
109000012,1984,2560,-576
109000013,4696,3897,799
109000014,2084,2433,-349
109000015,3936,9485,-5549
109000016,5395,2983,2412
109000017,3140,1277,1863
109000018,1050,2282,-1232
109000019,2987,1596,1391
109000020,1143,1578,-435
109000023,356,31,325
109000024,9,179,-170
109000025,344,551,-207
109000026,526,323,203
109000027,104,366,-262
109000028,100,76,24
109000029,151,229,-78
109000030,73,499,-426
109000031,312,168,144
109000032,171,444,-273
109000033,345,194,151
109000034,73,49,24
109000035,25,58,-33
109000036,92,287,-195
109000037,286,2077,-1791
109000038,497,389,108
109000039,1173,1014,159
109000040,4383,12612,-8229
109000041,2226,2001,225
109000042,573,1565,-992
109000044,477,79,398
109000045,125,306,-181
109000046,470,94,376
109000047,77,446,-369
109000048,1040,307,733
109000049,292,644,-352
109000050,462,335,127
109000051,316,240,76
109000052,695,819,-124
109000053,332,138,194
109000054,837,463,374
109000055,578,398,180
109000056,455,433,22
109000057,961,521,440
109000058,802,286,516
109000059,623,1561,-938
109000060,392,297,95
109000061,712,1566,-854
109000062,287,413,-126
109000063,289,210,79
109000064,379,186,193
109000065,213,231,-18
109000066,527,77,450
109000067,98,234,-136
109000068,1639,14,1625
109000069,863,31,832
109000070,14,1769,-1755
109000071,402,104,298
109000072,117,304,-187
109000073,82,123,-41
109000074,30,211,-181
109000075,58,310,-252
109000076,163,311,-148
109000077,463,221,242
109000078,126,197,-71
109000079,154,127,27
109000080,230,106,124
109000081,172,380,-208
109000082,837,188,649
109000083,268,572,-304
109000088,170,409,-239
109000089,390,81,309
109000090,166,370,-204
109000091,430,238,192
109000092,338,478,-140
109000093,262,237,25
109000094,736,4,732
109000095,116,339,-223
109000096,805,253,552
109000097,104,196,-92
109000098,40,151,-111
109000099,963,390,573
109000100,311,689,-378
109000101,2155,747,1408
109000102,478,785,-307
109000103,581,576,5
109000104,2382,524,1858
109000105,564,1211,-647
109000106,2337,891,1446
109000107,687,1781,-1094
109000108,2120,735,1385
109000109,556,1409,-853
109000110,1449,673,776
109000111,937,1857,-920
109000112,407,165,242
109000113,460,183,277
109000114,248,384,-136
109000115,1155,39,1116
109000116,4,311,-307
109000117,329,56,273
109000118,6,297,-291
109000119,1802,230,1572
109000120,235,679,-444
109000121,710,48,662
109000122,166,626,-460
109000123,29,42,-13
109000124,837,380,457
109000125,1164,293,871
109000126,481,676,-195
109000127,1234,202,1032
109000128,563,1025,-462
109000129,3347,813,2534
109000130,687,1282,-595
109000131,1092,648,444
109000132,814,1441,-627
109000133,360,863,-503
109000134,944,1210,-266
109000135,1234,1644,-410
109000136,300,311,-11
109000137,352,403,-51
109000138,605,303,302
109000139,588,428,160
109000140,226,282,-56
109000141,671,466,205
109000142,180,479,-299
109000143,150,71,79
109000145,159,230,-71
109000146,39,120,-81
109000148,3017,2849,168
109000149,21,64,-43
109000150,55,306,-251
109000155,1100,817,283
109000156,898,639,259
109000158,191,304,-113
109000159,211,514,-303
109000160,1286,258,1028
109000161,402,950,-548
109000162,2440,725,1715
109000163,1323,1585,-262
109000164,1489,2241,-752
109000165,1474,497,977
109000166,857,136,721
109000167,148,456,-308
109000170,44,39,5
109000171,67,55,12
109000172,54,79,-25
109000173,30,92,-62
109000174,131,50,81
109000175,53,92,-39
109000176,350,264,86
109000177,40,134,-94
109000178,2166,630,1536
109000179,4078,6426,-2348
109000180,4778,4322,456
109000181,13,21,-8
109000182,69,40,29
109000183,38,18,20
109000184,55,19,36
109000185,32,37,-5
109000188,760,1616,-856
109000189,4004,960,3044
109000190,1259,457,802
109000191,535,434,101
109000192,519,256,263
109000193,214,229,-15
109000194,329,130,199
109000195,188,275,-87
109000196,376,144,232
109000197,262,291,-29
109000198,554,95,459
109000199,155,395,-240
109000206,242,46,196
109000207,127,41,86
109000208,104,86,18
109000209,195,129,66
109000210,152,484,-332
109000211,857,570,287
109000214,439,264,175
109000215,163,67,96
109000216,339,339,0
109000217,248,197,51
109000218,417,265,152
109000221,504,855,-351
109000222,1096,237,859
109000223,384,463,-79
109000224,37,98,-61
109000225,82,28,54
109000226,64,164,-100
109000227,1504,1046,458
109000228,4,1249,-1245
109000231,14,291,-277
109000232,496,268,228
109000236,347,700,-353
109000241,2305,1830,475
109000242,2038,1158,880
109000293,28,105,-77
109000361,107,176,-69
109000364,229,542,-313
109000396,5,372,-367
109000397,711,11,700
109000399,133,366,-233
109000400,116,332,-216
109000403,80,1044,-964
109000406,396,7,389
109000407,331,211,120
109000408,2,401,-399
109000410,1201,254,947
109000411,205,30,175
109900001,176,2,174
109900002,1012,32,980
109900003,307,2,305
109900004,742,134,608
109900005,48,1,47
109900006,600,168,432
109900007,1082,337,745
109900008,0,47,-47
109900009,180,485,-305
109900010,678,32,646
109900011,106,73,33
109900012,406,182,224
109900013,463,203,260
109900014,354,54,300
109900015,488,222,266
109900016,219,38,181
109900017,231,249,-18
109900018,352,45,307
109900019,472,43,429
109900020,44,46,-2
109900021,31,23,8
109900022,164,213,-49
109900023,25,3,22
109900024,44,4,40
109900025,8,35,-27
109900026,2,160,-158
109900027,50,35,15
109900028,848,1386,-538
109900029,5,266,-261
109900030,41,5,36
109900031,0,131,-131
109900032,27,339,-312
109900033,6,488,-482
109900034,76,5,71
109900035,30,36,-6
109900036,29,39,-10
109900037,41,396,-355
109900038,90,281,-191
109900039,10,0,10
109900040,30,404,-374
109900041,98,323,-225
109900042,100,1232,-1132
109900044,126,181,-55
109900045,122,53,69
109900046,41,78,-37
109900047,350,319,31
109900048,16,99,-83
109900049,12,39,-27
109900050,1,108,-107
109900051,1,24,-23
109900052,80,308,-228
109900053,0,181,-181
109900054,968,227,741
109900055,96,258,-162
109900056,22,292,-270
109900057,3,107,-104
109900058,0,55,-55
109900059,1071,130,941
109900060,563,154,409
109900061,73,322,-249
109900062,0,101,-101
109900063,14,509,-495
109900064,597,218,379
109900065,76,128,-52
109900066,371,714,-343
109900067,1,168,-167
109900068,83,2,81
109900069,5,39,-34
109900070,53,268,-215
109900071,16,43,-27
109900072,18,132,-114
109900073,560,449,111
109900074,8,33,-25
109900075,41,32,9
109900076,16,131,-115
109900077,38,59,-21
109900078,104,236,-132
109900080,170,268,-98
109900081,32,241,-209
109900082,40,285,-245
109900083,18,79,-61
109900084,73,132,-59
109900085,180,458,-278
109900086,162,601,-439
109900087,249,596,-347
109900089,885,245,640
109900090,525,1005,-480
109900091,448,93,355
109900092,1514,50,1464
109900093,1385,230,1155
109900094,75,95,-20
109900095,118,183,-65
109900096,59,3,56
109900097,178,5,173
109900098,628,53,575
109900099,269,1,268
109900100,89,1,88
109900101,763,19,744
109900102,567,24,543
109900103,26,42,-16
109900104,674,464,210
109900105,668,27,641
109900106,572,89,483
109900107,1161,113,1048
109900108,190,335,-145
109900109,43,155,-112
109900110,87,319,-232
109900111,404,790,-386
109900112,355,462,-107
109900113,1145,691,454
109900114,1263,950,313
109900115,195,74,121
109900117,1433,149,1284
109900118,226,445,-219
109900119,661,326,335
109900120,133,33,100
109900121,424,491,-67
109900122,644,2,642
109900123,31,173,-142
109900124,47,381,-334
109900125,0,180,-180
109900126,425,85,340
109900128,412,32,380
109900130,5497,3522,1975
109900131,48,153,-105
109900132,28,161,-133
109900133,98,251,-153
109900134,72,89,-17
109900135,294,50,244
109900136,54,128,-74
109900137,177,296,-119
109900140,310,181,129
109900142,1744,281,1463
109900145,3,566,-563
109900146,351,34,317
109900148,31,91,-60
109900149,32,57,-25
109900150,10,71,-61
109900151,7,52,-45
109900152,0,38,-38
109900153,1,50,-49
109900154,74,0,74
109900155,83,30,53
109900157,91,185,-94
109900158,61,145,-84
109900159,124,67,57
109900160,171,103,68
109900161,268,98,170
109900162,228,142,86
109900163,706,375,331
109900164,91,258,-167
109900165,541,10,531
109900166,3,121,-118
109900167,169,428,-259
109900168,246,575,-329
109900169,294,160,134
109900170,266,1178,-912
109900171,280,113,167
109900172,353,318,35
109900173,2184,2738,-554
109900174,54,99,-45
109900175,81,91,-10
109900176,180,166,14
109900177,65,207,-142
109900178,12,224,-212
109900179,170,27,143
109900180,9,18,-9
110000001,916,496,420
110000002,702,805,-103
110000003,868,777,91
110000004,559,725,-166
110000005,471,1938,-1467
110000006,241,359,-118
110000007,122,107,15
110000008,23,94,-71
110000009,41,22,19
110000010,39,57,-18
110000011,55,70,-15
110000012,551,278,273
110000013,45,634,-589
110000014,588,378,210
110000015,230,648,-418
110000016,275,1848,-1573
110000017,2919,291,2628
110000018,2666,357,2309
110000019,16,83,-67
110000020,440,232,208
110000021,462,453,9
110000022,1430,243,1187
110000023,3,184,-181
110000024,654,420,234
110000025,586,9,577
110000026,13,228,-215
110000027,870,789,81
110000028,1059,668,391
110000029,585,532,53
110000030,302,432,-130
110000031,270,314,-44
110000032,892,334,558
110000033,362,187,175
110000034,612,673,-61
110000035,1168,480,688
110000036,1346,739,607
110000037,272,423,-151
110000038,335,728,-393
110000039,839,4293,-3454
110000040,335,313,22
110000041,326,2004,-1678
110000042,148,571,-423
110000043,1035,364,671
110000044,211,969,-758
110000045,1314,157,1157
110000046,8,65,-57
110000047,33,109,-76
110000048,9,38,-29
110000049,40,13,27
110000050,9,86,-77
110000051,46,22,24
110000052,23,44,-21
110000053,259,53,206
110000054,513,633,-120
110000055,991,128,863
110000056,167,116,51
110000057,427,540,-113
110000058,1340,460,880
110000059,1137,487,650
110000060,1077,1140,-63
110000061,999,731,268
110000062,670,905,-235
110000063,58,176,-118
110000064,82,61,21
110000065,109,92,17
110000066,90,37,53
110000067,99,144,-45
110000068,359,115,244
110000069,478,95,383
110000071,263,83,180
110000073,20,25,-5
110000075,20,111,-91
110000076,400,525,-125
110000077,427,1432,-1005
110000078,52,47,5
110000080,279,634,-355
110000081,107,275,-168
110000082,49,449,-400
110000083,210,585,-375
110000084,1535,998,537
110000085,1587,1673,-86
110000086,1247,2847,-1600
110000087,24,62,-38
110000088,125,251,-126
110000089,391,80,311
110000090,323,245,78
110000091,845,266,579
110000092,33,63,-30
110000093,59,22,37
110000094,541,262,279
110000095,212,735,-523
110000096,1776,2199,-423
110000097,1281,1706,-425
110000098,2342,812,1530
110000099,888,1782,-894
110000100,1456,484,972
110000101,29,343,-314
110000102,104,30,74
110000104,723,175,548
110000105,136,253,-117
110000106,697,572,125
110000107,291,325,-34
110000108,135,106,29
110000109,430,292,138
110000110,2409,5929,-3520
110000111,5652,3646,2006
110000112,1074,1702,-628
110000113,314,2885,-2571
110000114,335,814,-479
110000115,549,456,93
110000116,59,60,-1
110000117,313,261,52
110000118,592,168,424
110000119,362,253,109
110000120,445,186,259
110000121,81,419,-338
110000122,416,503,-87
110000123,726,834,-108
110000124,1,849,-848
110000125,1100,6,1094
110000126,261,23,238
110000127,1238,76,1162
110000128,42,1327,-1285
110000129,3,509,-506
110000130,356,262,94
110000131,138,230,-92
110000132,2,581,-579
110000133,42,471,-429
110000134,26,375,-349
110000135,208,20,188
110000136,68,281,-213
110000137,684,544,140
110000138,915,602,313
110000139,1119,847,272
110000140,1021,703,318
110000143,606,390,216
110000144,4823,1922,2901
110000145,1983,1163,820
110000146,2262,853,1409
110000147,683,775,-92
110000148,823,279,544
110000151,1004,1125,-121
110000152,759,488,271
110000153,250,17,233
110000154,56,20,36
110000155,1680,4529,-2849
110000156,1181,2443,-1262
110000157,2016,2121,-105
110000160,632,256,376
110000161,260,292,-32
110000166,770,147,623
110000167,1158,605,553
110000168,1429,627,802
110000169,1110,377,733
110000170,291,68,223
110000171,735,167,568
110000172,192,751,-559
110000173,1041,1021,20
110000174,201,712,-511
110000175,847,67,780
110000176,256,398,-142
110000177,225,1096,-871
110000178,442,1799,-1357
110000179,1086,370,716
110000180,235,234,1
110000181,630,421,209
110000182,310,161,149
110000183,7595,8802,-1207
110000184,306,3064,-2758
110000185,1303,1056,247
110000186,820,832,-12
110000191,1527,295,1232
110000192,1048,11,1037
110000193,1619,10,1609
110000194,14,792,-778
110000195,556,313,243
110000196,517,253,264
110000197,112,143,-31
110000198,170,51,119
110000199,97,136,-39
110000200,1541,389,1152
110000201,1423,1149,274
110000202,1592,631,961
110000203,697,631,66
110000204,6,200,-194
110000205,229,102,127
110000206,548,927,-379
110000207,1452,411,1041
110000208,336,266,70
110000209,124,987,-863
110000210,1666,446,1220
110000211,1145,979,166
110000212,448,1200,-752
110000213,304,61,243
110000214,474,89,385
110000215,208,281,-73
110000216,125,255,-130
110000217,388,124,264
110000218,186,280,-94
110000219,409,105,304
110000220,91,218,-127
110000221,462,72,390
110000222,56,171,-115
110000223,8,163,-155
110000224,32,14,18
110000225,268,778,-510
110000226,283,59,224
110000227,843,1054,-211
110000228,363,148,215
110000229,2,210,-208
110000230,796,719,77
110000231,165,245,-80
110000232,274,271,3
110000233,239,213,26
110000234,880,1449,-569
110000235,1088,1235,-147
110000236,879,655,224
110000237,2803,1640,1163
110000238,1363,1461,-98
110000239,2257,1088,1169
110000240,0,75,-75
110000242,2,15,-13
110000243,175,129,46
110000244,145,577,-432
110000245,40,436,-396
110000246,1270,521,749
110000247,1353,4143,-2790
110000248,2239,1394,845
110000249,88,12,76
110000250,57,164,-107
110000251,466,466,0
110000252,367,185,182
110000253,1664,686,978
110000254,665,1063,-398
110000255,333,1009,-676
110000256,670,410,260
110000257,664,506,158
110000258,5,507,-502
110000259,182,18,164
110000260,51,199,-148
110000263,651,103,548
110000264,373,345,28
110000265,1458,2104,-646
110000266,1994,3241,-1247
110000267,27,233,-206
110000268,313,439,-126
110000269,9,87,-78
110000270,79,5,74
110000271,1258,276,982
110000272,1304,1067,237
110000273,3502,1912,1590
110000274,346,1939,-1593
110000275,2305,861,1444
110000276,382,461,-79
110000277,440,405,35
110000278,502,792,-290
110000279,1045,969,76
110000280,695,535,160
110000281,56,489,-433
110000282,263,30,233
110000283,61,120,-59
110000284,32,53,-21
110000285,3,833,-830
110000286,33,0,33
110000287,153,4,149
110000288,29,116,-87
110000289,515,2303,-1788
110000290,858,618,240
110000291,4294,1243,3051
110000292,1581,5803,-4222
110000293,816,590,226
110000294,1350,1383,-33
110000295,151,714,-563
110000296,550,379,171
110000297,2889,282,2607
110000298,224,468,-244
110000299,236,88,148
110000301,511,30,481
110000302,645,729,-84
110000303,622,5,617
110000304,282,228,54
110000305,1838,29,1809
110000306,203,1067,-864
110000307,2154,11,2143
110000308,775,4,771
110000309,6,765,-759
110000310,992,67,925
110000311,18,540,-522
110000312,531,105,426
110000313,2860,2707,153
110000314,0,206,-206
110000315,2970,3204,-234
110000316,519,1385,-866
110000317,416,957,-541
110000318,5,65,-60
110000319,9,16,-7
110000320,46,43,3
110000321,48,30,18
110000322,324,352,-28
110000323,609,219,390
110000324,3309,1927,1382
110000325,2592,3908,-1316
110000327,494,321,173
110000328,195,583,-388
110000333,1435,922,513
110000334,1105,1485,-380
110000335,1461,723,738
110000336,1024,967,57
110000337,2002,770,1232
110000338,635,218,417
110000339,410,295,115
110000340,67,224,-157
110000341,584,565,19
110000342,564,5,559
110000343,0,23,-23
110000344,460,198,262
110000345,447,254,193
110000346,2310,2067,243
110000347,1395,832,563
110000348,6,14,-8
110000349,4,31,-27
110000350,79,12,67
110000351,1277,753,524
110000352,715,1686,-971
110000353,3095,690,2405
110000354,1094,3632,-2538
110000355,142,100,42
110000356,889,10,879
110000357,644,24,620
110000361,71,27,44
110000362,76,48,28
110000363,554,113,441
110000364,358,315,43
110000365,144,2,142
110000366,1,105,-104
110000367,422,143,279
110000368,8,50,-42
110000369,92,1,91
110000373,11,234,-223
110000374,253,32,221
110000375,117,1249,-1132
110000376,36,85,-49
110000377,88,613,-525
110000378,29,448,-419
110000379,2554,2200,354
110000380,88,28,60
110000383,1,1112,-1111
110000384,1471,965,506
110000385,1,186,-185
110000387,137,16,121
110000388,32,227,-195
110000389,789,6,783
110000391,957,293,664
110000396,236,122,114
110000397,213,124,89
110000398,7,33,-26
110000399,149,1,148
110000587,217,101,116
110000589,232,136,96
110000640,231,43,188
110000652,24,363,-339
110000653,402,401,1
110000654,36,301,-265
110000656,2,399,-397
110000674,34,48,-14
110000675,40,54,-14
110000676,35,37,-2
110000679,283,1575,-1292
110000682,214,284,-70
110000683,316,515,-199
110000684,19,54,-35
110000685,5,8,-3
110000686,2,52,-50
110000687,47,1,46
110000688,88,1243,-1155
110000689,14,28,-14
110000692,62,172,-110
110000693,79,279,-200
110000694,0,140,-140
110000695,219,802,-583
110000696,63,89,-26
110900001,332,34,298
110900002,477,288,189
110900003,1155,448,707
110900004,539,166,373
110900005,2041,3244,-1203
110900006,40,14,26
110900007,167,53,114
110900008,12,32,-20
110900009,611,180,431
110900010,22,67,-45
110900011,35,49,-14
110900012,10,82,-72
110900013,1381,147,1234
110900014,541,22,519
110900015,526,836,-310
110900016,72,132,-60
110900017,580,38,542
110900018,559,98,461
110900019,292,34,258
110900020,166,182,-16
110900021,95,420,-325
110900022,136,246,-110
110900023,152,538,-386
110900024,26,297,-271
110900025,8,46,-38
110900027,56,242,-186
110900028,47,108,-61
110900029,18,253,-235
110900030,47,190,-143
110900031,10,171,-161
110900032,1,78,-77
110900033,32,190,-158
110900035,23,634,-611
110900036,138,28,110
110900037,116,25,91
110900038,854,206,648
110900039,19,313,-294
110900040,291,47,244
110900041,48,71,-23
110900042,155,53,102
110900043,2,59,-57
110900044,257,11,246
110900045,69,304,-235
110900046,27,194,-167
110900047,498,420,78
110900049,143,104,39
110900050,37,1,36
110900051,52,195,-143
110900052,6,158,-152
110900053,140,39,101
110900054,68,164,-96
110900055,39,6,33
110900056,122,134,-12
110900057,9,73,-64
110900058,386,216,170
110900059,629,443,186
110900060,600,162,438
110900061,15,73,-58
110900062,203,190,13
110900063,45,173,-128
110900064,26,0,26
110900065,292,135,157
110900066,17,88,-71
110900067,314,821,-507
110900068,219,198,21
110900069,5,17,-12
110900070,63,31,32
110900071,287,824,-537
110900073,4,12,-8
110900074,588,79,509
110900075,546,115,431
110900077,1236,625,611
110900078,51,44,7
110900079,1572,1642,-70
110900080,171,108,63
110900081,2,21,-19
110900082,182,126,56
110900083,199,46,153
110900084,61,39,22
110900085,79,217,-138
110900086,97,386,-289
110900087,541,72,469
110900088,19,0,19
110900090,45,57,-12
110900091,0,44,-44
110900093,428,128,300
110900095,80,59,21
110900097,7,16,-9
110900098,54,64,-10
110900099,94,359,-265
110900100,1,11,-10
110900102,54,31,23
110900105,1368,216,1152
110900108,22,35,-13
110900111,458,208,250
110900112,1068,10,1058
110900113,444,56,388
110900115,20,47,-27
110900116,969,1297,-328
110900118,103,4001,-3898
110900119,2845,245,2600
110900120,46,53,-7
110900121,211,2,209
110900122,607,204,403
110900125,507,486,21
110900127,659,1412,-753
110900128,207,267,-60
110900129,390,1089,-699
110900130,956,743,213
110900131,384,53,331
110900132,505,98,407
110900133,257,172,85
110900135,90,284,-194
110900136,522,20,502
110900137,36,3,33
110900138,1012,776,236
110900139,11,212,-201
110900140,47,5,42
110900141,17,252,-235
110900142,90,139,-49
110900143,221,142,79
110900144,3,455,-452
110900145,242,62,180
110900146,384,316,68
110900147,118,462,-344
110900148,10,251,-241
110900149,3,61,-58
110900150,148,21,127
110900151,30,97,-67
110900152,53,173,-120
110900153,201,52,149
111000001,679,416,263
111000002,621,496,125
111000003,1492,738,754
111000004,439,843,-404
111000005,1487,1212,275
111000006,996,1631,-635
111000007,5116,3543,1573
111000008,1895,3201,-1306
111000009,424,860,-436
111000010,963,283,680
111000011,413,1270,-857
111000012,618,490,128
111000013,495,1186,-691
111000014,1621,472,1149
111000017,82,1071,-989
111000018,220,361,-141
111000020,762,2043,-1281
111000021,80,104,-24
111000023,122,98,24
111000025,4043,4635,-592
111000029,128,76,52
111000030,33,117,-84
111000031,2423,1304,1119
111000032,672,381,291
111000033,365,316,49
111000034,81,387,-306
111000037,1250,671,579
111000038,3328,2035,1293
111000039,2107,1741,366
111000040,2014,1878,136
111000041,1567,1461,106
111000042,2648,2225,423
111000043,2109,4481,-2372
111000044,2108,1306,802
111000045,3100,2438,662
111000046,2357,1769,588
111000047,3229,4764,-1535
111000049,540,437,103
111000050,1219,1083,136
111000051,471,770,-299
111000052,738,1376,-638
111000053,361,732,-371
111000054,496,607,-111
111000055,1057,1510,-453
111000056,253,363,-110
111000057,163,421,-258
111000058,617,75,542
111000059,1309,269,1040
111000060,5783,883,4900
111000061,700,305,395
111000062,1070,351,719
111000063,2477,995,1482
111000064,791,593,198
111000065,1305,1039,266
111000066,662,442,220
111000067,694,564,130
111000068,825,842,-17
111000069,1917,1865,52
111000070,1083,866,217
111000071,271,554,-283
111000072,1641,684,957
111000073,319,1086,-767
111000074,1728,1827,-99
111000075,1148,603,545
111000076,585,573,12
111000077,1876,1658,218
111000078,2911,1344,1567
111000079,1261,848,413
111000080,677,722,-45
111000081,1529,4935,-3406
111000082,783,598,185
111000084,1031,568,463
111000085,881,1173,-292
111000086,2637,943,1694
111000087,775,500,275
111000088,4929,2847,2082
111000089,778,881,-103
111000090,923,1324,-401
111000091,877,437,440
111000092,1589,837,752
111000093,1027,1062,-35
111000094,2507,1126,1381
111000095,755,2471,-1716
111000096,1631,8761,-7130
111000097,4227,1579,2648
111000098,836,1077,-241
111000099,534,1407,-873
111000100,463,1191,-728
111000101,490,782,-292
111000102,306,516,-210
111000104,937,199,738
111000107,247,855,-608
111000109,1341,295,1046
111000110,1588,746,842
111000111,3067,598,2469
111000112,2234,673,1561
111000113,1145,1947,-802
111000114,2271,4418,-2147
111000115,5030,1243,3787
111000116,1099,926,173
111000117,449,848,-399
111000118,1674,827,847
111000119,1332,913,419
111000120,585,682,-97
111000121,339,736,-397
111000122,603,953,-350
111000123,1241,2133,-892
111000124,573,2088,-1515
111000125,299,1243,-944
111000126,120,748,-628
111000127,1254,192,1062
111000128,2762,383,2379
111000129,3461,539,2922
111000130,2769,831,1938
111000131,2312,670,1642
111000132,2093,1067,1026
111000133,213,136,77
111000134,165,120,45
111000135,73,206,-133
111000136,444,287,157
111000138,19,8,11
111000140,3,5,-2
111000141,190,326,-136
111000142,16,208,-192
111000143,8,217,-209
111000144,10,775,-765
111000145,361,13,348
111000146,117,10,107
111000147,210,29,181
111000148,161,85,76
111000149,1,32,-31
111000150,21,7,14
111000151,2,27,-25
111000153,645,793,-148
111000154,643,226,417
111000155,148,201,-53
111000156,593,703,-110
111000157,203,1074,-871
111000158,947,813,134
111000159,3437,809,2628
111000160,557,332,225
111000161,23,394,-371
111000162,70,124,-54
111000163,793,781,12
111000164,552,3256,-2704
111000165,796,407,389
111000166,1280,311,969
111000167,178,305,-127
111000168,227,415,-188
111000169,309,592,-283
111000170,406,421,-15
111000171,710,566,144
111000172,172,320,-148
111000173,434,667,-233
111000174,261,245,16
111000175,79,302,-223
111000176,495,114,381
111000177,531,168,363
111000178,1740,208,1532
111000179,314,104,210
111000180,291,432,-141
111000181,1695,205,1490
111000182,295,144,151
111000183,571,333,238
111000184,439,226,213
111000185,505,319,186
111000186,644,157,487
111000187,180,110,70
111000188,369,358,11
111000189,838,492,346
111000190,185,251,-66
111000191,167,251,-84
111000192,196,361,-165
111000193,305,220,85
111000194,66,215,-149
111000195,143,240,-97
111000196,81,146,-65
111000197,611,140,471
111000198,743,102,641
111000199,288,158,130
111000200,564,386,178
111000201,799,274,525
111000202,402,248,154
111000203,414,371,43
111000204,498,1558,-1060
111000213,240,433,-193
111000214,1501,1207,294
111000215,1190,1120,70
111000217,1882,916,966
111000218,1530,1029,501
111000219,410,174,236
111000220,1210,651,559
111000221,582,105,477
111000224,32,209,-177
111000225,433,366,67
111000226,156,1,155
111000227,27,2,25
111000228,36,440,-404
111000229,45,1137,-1092
111000230,280,288,-8
111000231,1255,587,668
111000232,832,841,-9
111000233,1259,619,640
111000234,187,476,-289
111000239,98,132,-34
111000240,84,260,-176
111000241,53,244,-191
111000242,266,83,183
111000243,214,510,-296
111000244,737,114,623
111000245,1278,330,948
111000246,651,274,377
111000247,539,588,-49
111000248,774,414,360
111000249,459,530,-71
111000250,45,43,2
111000251,46,78,-32
111000253,34,33,1
111000255,84,13,71
111000257,51,29,22
111000260,123,929,-806
111000261,1638,120,1518
111000271,44,223,-179
111000273,2907,1092,1815
111000274,1441,2673,-1232
111000275,234,36,198
111000276,319,1262,-943
111000277,147,372,-225
111000278,675,217,458
111000291,917,8270,-7353
111000298,663,177,486
111000299,784,157,627
111000300,114,613,-499
111000302,353,74,279
111000303,101,181,-80
111000312,52,68,-16
111000315,8,78,-70
111000320,260,601,-341
111000321,483,170,313
111000322,368,324,44
111000323,319,24,295
111000324,405,208,197
111000325,65,80,-15
111000326,216,275,-59
111000327,476,286,190
111000328,317,512,-195
111000329,0,26,-26
111000330,67,9,58
111000331,23,4,19
111000332,685,1200,-515
111000334,369,1081,-712
111000335,1353,232,1121
111000337,1640,289,1351
111000338,79,108,-29
111000339,875,246,629
111000340,187,453,-266
111000341,1412,751,661
111000342,226,889,-663
111000344,1401,648,753
111000345,157,70,87
111000346,22,200,-178
111000347,184,12,172
111000350,208,118,90
111000351,120,299,-179
111000352,185,118,67
111000353,212,268,-56
111000354,657,116,541
111000355,241,613,-372
111000358,175,816,-641
111000360,268,453,-185
111000361,157,212,-55
111000546,986,566,420
111000547,482,386,96
111000548,165,314,-149
111000549,340,192,148
111000550,75,987,-912
111000551,775,137,638
111000552,1312,182,1130
111000907,558,11,547
111000908,38,2,36
111000916,2268,231,2037
111000917,39,358,-319
111000918,248,595,-347
111000920,710,11,699
111000921,11,176,-165
111000922,707,241,466
111000924,70,572,-502
111000925,3941,2020,1921
111000926,1304,1418,-114
111000927,3396,4803,-1407
111000928,4132,2748,1384
111000929,2234,1254,980
111000930,918,1694,-776
111000931,2326,2818,-492
111000932,3729,1780,1949
111000933,3935,2838,1097
111000934,1732,2822,-1090
111000935,1976,1002,974
111000936,1230,1836,-606
111000937,1393,1474,-81
111000938,1487,1319,168
111000939,786,35,751
111000940,687,105,582
111000941,443,413,30
111000943,674,223,451
111000944,166,271,-105
111000945,155,1034,-879
111001109,651,602,49
111001110,199,393,-194
111001111,110,7,103
111001112,103,6,97
111001113,2,139,-137
111001114,810,230,580
111001115,56,691,-635
111001116,3713,4432,-719
111001117,658,2774,-2116
111001120,169,204,-35
111001121,211,133,78
111001122,212,352,-140
111001123,334,69,265
111001124,160,131,29
111001125,7,146,-139
111900001,9,79,-70
111900002,40,458,-418
111900003,3,245,-242
111900004,37,84,-47
111900006,15,67,-52
111900007,229,5,224
111900008,377,4,373
111900009,260,144,116
111900010,290,331,-41
111900012,128,89,39
111900013,10,36,-26
111900014,3523,5109,-1586
111900015,0,51,-51
111900016,0,62,-62
111900017,1,73,-72
111900018,231,3,228
111900019,4,104,-100
111900020,6,44,-38
111900021,25,68,-43
111900022,3,34,-31
111900023,89,62,27
111900024,26,51,-25
111900025,1,41,-40
111900026,0,55,-55
111900027,4,100,-96
111900028,1,222,-221
111900029,5,67,-62
111900030,27,318,-291
111900031,46,30,16
111900032,0,218,-218
111900033,5,50,-45
111900034,174,458,-284
111900035,211,230,-19
111900036,4,189,-185
111900038,221,522,-301
111900039,44,306,-262
111900040,3,340,-337
111900042,32,90,-58
111900043,0,184,-184
111900044,302,195,107
111900046,38,122,-84
111900048,204,319,-115
111900049,39,175,-136
111900050,172,31,141
111900051,1,141,-140
111900052,316,378,-62
111900053,707,1810,-1103
111900054,247,1,246
111900055,18,203,-185
111900056,135,294,-159
111900057,187,45,142
111900058,534,385,149
111900059,1451,818,633
111900060,474,3,471
111900061,3,104,-101
111900062,25,69,-44
111900063,250,276,-26
111900064,99,154,-55
111900065,68,22,46
111900066,136,153,-17
111900067,2,307,-305
111900068,50,47,3
111900069,79,18,61
111900070,195,83,112
111900071,1,158,-157
111900072,45,46,-1
111900073,1345,196,1149
111900074,12,201,-189
111900075,124,20,104
111900076,257,69,188
111900077,43,4,39
111900078,384,37,347
111900079,81,32,49
111900080,255,261,-6
111900082,148,33,115
111900083,227,18,209
111900084,138,8,130
111900085,74,166,-92
111900086,45,3,42
111900087,76,1,75
111900088,719,11,708
111900089,137,10,127
111900090,44,48,-4
111900091,242,1,241
111900092,157,0,157
111900093,573,10,563
111900094,137,0,137
111900095,311,32,279
111900096,154,0,154
111900097,102,0,102
111900098,353,11,342
111900099,123,0,123
111900100,310,13,297
111900101,149,10,139
111900102,841,356,485
111900103,95,128,-33
111900104,253,106,147
111900105,344,234,110
111900106,801,46,755
111900110,1365,419,946
111900111,199,98,101
111900112,532,4137,-3605
111900113,193,104,89
111900118,453,79,374
111900119,390,174,216
111900122,100,53,47
111900123,17,39,-22
111900124,26,63,-37
111900125,617,64,553
111900126,356,3,353
111900127,2,430,-428
111900128,1,397,-396
111900129,358,9,349
111900130,264,76,188
111900131,567,3,564
111900132,16,773,-757
111900133,10,225,-215
111900134,15,162,-147
111900135,18,28,-10
111900136,94,155,-61
111900137,46,36,10
111900138,10,35,-25
111900139,13,75,-62
111900140,171,28,143
111900141,87,16,71
111900142,92,32,60
111900143,55,204,-149
111900144,0,40,-40
111900145,0,314,-314
111900146,1,183,-182
111900147,123,289,-166
111900148,26,458,-432
111900149,6,179,-173
111900150,16,99,-83
111900151,2,19,-17
111900152,103,114,-11
111900153,1148,845,303
111900154,25,408,-383
111900155,70,156,-86
111900156,111,78,33
111900157,153,23,130
111900158,808,83,725
111900159,487,41,446
111900160,450,4,446
111900161,279,1,278
111900162,110,224,-114
111900163,40,211,-171
111900164,117,47,70
111901113,649,163,486
111901114,434,258,176
111901115,129,2,127
111901116,56,3,53
111901117,32,38,-6
111901118,56,406,-350
111901119,548,59,489
111901121,111,152,-41
111901122,2,298,-296
111901123,284,232,52
111901124,271,3,268
111901125,654,212,442
111901127,488,869,-381
111901128,10,48,-38
111901129,15,131,-116
111901130,6,121,-115
111901131,1,150,-149
111901132,84,27,57
111901133,66,2,64
111901134,133,5,128
111901135,29,9,20
111901136,83,61,22
111901137,4,24,-20
111901138,217,44,173
111901139,43,25,18
111901140,20,78,-58
111901141,5,155,-150
111901142,3,108,-105
111901143,2,84,-82
111901144,45,52,-7
111901145,169,295,-126
111901146,271,13,258
112000001,2271,810,1461
112000002,718,1909,-1191
112000003,2283,1239,1044
112000004,753,683,70
112000005,4612,4240,372
112000006,1901,1383,518
112000007,4725,2718,2007
112000008,3000,4188,-1188
112000009,3150,2761,389
112000010,3577,4339,-762
112000011,1544,1526,18
112000012,5314,6306,-992
112000013,3588,4006,-418
112000014,2606,3038,-432
112000015,3044,4434,-1390
112000016,5301,2880,2421
112000017,2070,5177,-3107
112000024,2222,829,1393
112000026,2867,3224,-357
112000027,959,679,280
112000028,997,1354,-357
112000029,880,913,-33
112000030,152,65,87
112000031,1594,6438,-4844
112000032,367,53,314
112000033,1895,2836,-941
112000034,227,59,168
112000035,100,745,-645
112000036,620,1631,-1011
112000037,1440,1613,-173
112000038,1894,2060,-166
112000039,114,78,36
112000040,42,223,-181
112000041,386,450,-64
112000042,1109,480,629
112000050,1466,1632,-166
112000051,1375,1713,-338
112000054,1434,1343,91
112000057,1027,478,549
112000058,478,793,-315
112000059,589,799,-210
112000061,3147,1863,1284
112000062,1364,1210,154
112000063,718,2037,-1319
112000064,3176,4778,-1602
112000065,1715,2231,-516
112000066,4540,1877,2663
112000067,831,705,126
112000068,4089,3146,943
112000069,759,1728,-969
112000070,2879,1290,1589
112000071,1153,2251,-1098
112000072,3257,893,2364
112000073,1906,2398,-492
112000074,1698,1408,290
112000075,1784,1327,457
112000076,3647,2387,1260
112000077,858,480,378
112000078,2171,802,1369
112000079,1840,1561,279
112000080,972,949,23
112000081,1378,2293,-915
112000082,1675,765,910
112000083,710,993,-283
112000084,1628,737,891
112000085,1442,916,526
112000086,2362,1072,1290
112000087,663,410,253
112000088,961,363,598
112000089,596,407,189
112000090,318,244,74
112000091,637,810,-173
112000092,2496,1090,1406
112000093,1584,792,792
112000094,801,847,-46
112000095,785,787,-2
112000096,775,629,146
112000097,1733,773,960
112000098,983,812,171
112000099,1040,1986,-946
112000100,2476,748,1728
112000101,692,673,19
112000102,1844,528,1316
112000103,460,739,-279
112000105,576,1057,-481
112000106,2231,432,1799
112000107,13,230,-217
112000108,270,1384,-1114
112000109,95,72,23
112000110,2601,729,1872
112000111,1216,4992,-3776
112000112,4805,817,3988
112000113,938,1581,-643
112000114,3212,1129,2083
112000115,456,513,-57
112000116,830,981,-151
112000117,1125,851,274
112000118,1045,770,275
112000119,450,608,-158
112000120,94,277,-183
112000121,191,401,-210
112000122,385,157,228
112000123,1059,196,863
112000124,462,111,351
112000125,342,290,52
112000126,395,344,51
112000127,2889,2908,-19
112000128,1149,1127,22
112000129,120,95,25
112000130,238,115,123
112000131,54,220,-166
112000132,196,219,-23
112000133,498,181,317
112000134,550,309,241
112000135,1839,727,1112
112000136,1324,1297,27
112000137,2188,2249,-61
112000138,1938,1455,483
112000139,949,761,188
112000140,758,1115,-357
112000141,1140,385,755
112000142,146,501,-355
112000143,1426,229,1197
112000144,320,821,-501
112000145,3373,589,2784
112000146,602,1473,-871
112000147,3086,1972,1114
112000148,1528,1899,-371
112000149,598,553,45
112000150,308,508,-200
112000151,335,297,38
112000152,526,473,53
112000153,160,242,-82
112000154,141,281,-140
112000155,142,117,25
112000157,865,709,156
112000158,359,345,14
112000159,728,346,382
112000167,604,146,458
112000169,304,449,-145
112000173,1134,252,882
112000175,516,370,146
112000176,2179,2284,-105
112000177,1050,268,782
112000178,111,353,-242
112000179,322,95,227
112000180,376,319,57
112000181,1401,1483,-82
112000182,1701,1099,602
112000183,30,40,-10
112000184,504,343,161
112000185,762,372,390
112000187,4961,2997,1964
112000195,215,19,196
112000196,350,8,342
112000197,304,266,38
112000198,45,340,-295
112000199,1418,810,608
112000202,600,2,598
112000216,73,284,-211
112000230,154,13,141
112000231,6,233,-227
112000256,87,243,-156
112000313,70,133,-63
112000314,73,41,32
112000337,314,679,-365
112000352,227,508,-281
112000392,1326,1233,93
112000398,1864,876,988
112000399,1747,2872,-1125
112000400,1664,2154,-490
112000401,2386,1782,604
112000402,4254,3876,378
112000403,2023,3465,-1442
112000404,1336,903,433
112000405,2615,3212,-597
112000406,2826,1675,1151
112000407,9220,9349,-129
112000408,7504,4956,2548
112000409,1486,3248,-1762
112000410,636,354,282
112000411,3786,2396,1390
112000412,1345,653,692
112000413,6689,7909,-1220
112000414,119,72,47
112000415,139,63,76
112000416,3230,1355,1875
112000417,424,91,333
112000421,72,72,0
112000422,347,322,25
112000424,1888,3130,-1242
112000425,475,516,-41
112000426,233,354,-121
112000427,3,11,-8
112000428,423,258,165
112000429,2343,2015,328
112000430,2792,2835,-43
112000431,128,155,-27
112000432,632,904,-272
112000433,471,1100,-629
112000437,55,143,-88
112900001,101,2,99
112900002,587,663,-76
112900003,96,312,-216
112900004,52,220,-168
112900005,334,200,134
112900006,15,308,-293
112900007,75,163,-88
112900008,0,41,-41
112900009,569,176,393
112900010,528,811,-283
112900011,124,225,-101
112900012,1,55,-54
112900013,7,307,-300
112900014,10,332,-322
112900015,399,620,-221
112900016,9,244,-235
112900017,33,190,-157
112900018,2,171,-169
112900019,31,177,-146
112900020,502,921,-419
112900021,4,160,-156
112900022,30,71,-41
112900023,2,102,-100
112900024,13,192,-179
112900025,101,268,-167
112900026,3,146,-143
112900027,12,743,-731
112900028,23,110,-87
112900029,25,474,-449
112900030,68,127,-59
112900031,4,301,-297
112900032,227,239,-12
112900034,1,38,-37
112900035,3,294,-291
112900036,44,154,-110
112900037,183,232,-49
112900038,888,147,741
112900039,13,320,-307
112900040,15,862,-847
112900041,725,1280,-555
112900042,173,269,-96
112900043,87,68,19
112900044,528,485,43
112900045,239,267,-28
112900046,171,68,103
112900047,12,44,-32
112900049,368,80,288
112900050,45,590,-545
112900051,360,561,-201
112900052,143,703,-560
112900053,448,167,281
112900054,276,77,199
112900055,133,57,76
112900056,474,232,242
112900057,27,385,-358
112900058,348,404,-56
112900059,98,174,-76
112900060,28,130,-102
112900061,92,91,1
112900062,86,114,-28
112900063,97,29,68
112900064,171,273,-102
112900065,53,33,20
112900066,365,281,84
112900067,355,146,209
112900068,70,64,6
112900069,1876,1006,870
112900071,50,10,40
112900072,288,3009,-2721
112900073,645,161,484
112900074,128,290,-162
112900075,1200,1166,34
112900076,81,63,18
112900078,407,572,-165
112900079,279,36,243
112900080,105,8,97
112900081,79,250,-171
112900082,750,30,720
112900083,151,130,21
112900084,349,165,184
112900086,186,0,186
112900087,1154,225,929
112900088,221,26,195
112900089,1237,33,1204
112900090,84,38,46
112900091,416,10,406
112900092,153,435,-282
112900093,1933,29,1904
112900095,98,1,97
112900096,769,231,538
112900097,80,302,-222
112900098,531,4,527
112900099,1565,25,1540
112900100,97,1,96
112900101,517,11,506
112900102,213,23,190
112900103,229,6,223
112900104,166,8,158
112900105,30,0,30
112900106,582,168,414
112900107,9,2,7
112900108,13,1,12
112900109,159,1,158
112900110,1623,9,1614
112900111,825,4,821
112900112,450,1,449
112900113,0,10,-10
112900114,238,43,195
112900115,1750,6,1744
112900116,138,31,107
112900117,98,55,43
112900118,32,81,-49
112900119,230,7,223
112900120,849,281,568
112900121,69,165,-96
112900122,7,101,-94
112900123,109,24,85
112900124,20,90,-70
112900125,120,856,-736
112900126,191,171,20
112900127,437,135,302
112900128,238,655,-417
112900129,4,685,-681
112900130,334,112,222
112900131,48,381,-333
112900132,144,472,-328
112900133,22,1219,-1197
112900134,3,199,-196
112900135,91,50,41
112900137,0,383,-383
112900138,5,189,-184
112900139,200,935,-735
112900141,1031,67,964
112900142,72,222,-150
112900143,39,405,-366
112900144,2,191,-189
112900145,28,377,-349
112900146,3,865,-862
112900147,1,1136,-1135
112900148,58,0,58
112900149,304,927,-623
112900151,20,51,-31
112900152,3759,662,3097
112900153,1598,2942,-1344
112900154,3,111,-108
112900155,269,42,227
112900156,586,857,-271
112900157,325,46,279
112900158,111,32,79
112900159,336,171,165
112900160,86,296,-210
112900161,141,66,75
112900162,26,30,-4
112900163,71,58,13
112900164,46,223,-177
112900165,395,42,353
112900166,24,82,-58
112900167,9,93,-84
112900168,2,4,-2
112900169,22,20,2
112900170,373,142,231
112900172,53,23,30
112900173,329,141,188
112900174,317,58,259
112900175,172,206,-34
112900176,7,138,-131
112900177,285,72,213
112900178,1006,3091,-2085
112900179,34,404,-370
112900180,2769,1712,1057
112900181,804,9,795
112900182,65,695,-630
112900183,196,472,-276
112900184,438,502,-64
112900185,283,914,-631
112900186,1469,1458,11
112900187,108,739,-631
112900188,608,1955,-1347
112900189,10,15,-5
112900190,11,70,-59
112900192,920,985,-65
112900193,1773,519,1254
112900194,66,76,-10
112900195,1222,67,1155
112900196,210,296,-86
112900197,279,416,-137
112900199,881,382,499
112900200,794,200,594
112900201,230,79,151
112900202,489,655,-166
112900203,364,220,144
112900204,955,661,294
112900205,10,13,-3
112900206,53,72,-19
112900207,53,0,53
112900208,101,386,-285
112900209,439,377,62
112900210,5,21,-16
112900211,103,85,18
112900212,0,107,-107
112900213,67,8,59
112900214,19,13,6
112900215,18,125,-107
112900216,29,48,-19
112900217,0,53,-53
112900218,129,17,112
112900219,117,4,113
112900220,15,0,15
112900221,64,59,5
112900222,3,40,-37
112900223,1404,28,1376
112900224,558,475,83
112900225,680,394,286
112900226,331,454,-123
112900227,827,732,95
112900228,89,43,46
112900229,272,49,223
112900230,7787,5134,2653
112900232,350,414,-64
112900233,71,138,-67
112900234,24,74,-50
112900235,75,23,52
112900236,385,19,366
112900237,247,179,68
112900238,7,40,-33
112900239,668,671,-3
113000001,6345,4634,1711
113000002,4561,3660,901
113000003,1912,1533,379
113000004,1728,2202,-474
113000005,2029,908,1121
113000006,1289,1323,-34
113000007,2239,974,1265
113000008,1910,1474,436
113000009,1445,709,736
113000010,1385,1198,187
113000011,941,1371,-430
113000012,2102,795,1307
113000013,1181,797,384
113000014,1355,1380,-25
113000015,491,246,245
113000016,469,1057,-588
113000017,94,323,-229
113000018,448,50,398
113000019,265,377,-112
113000020,431,151,280
113000021,1183,512,671
113000022,814,1245,-431
113000025,165,351,-186
113000026,516,617,-101
113000027,671,776,-105
113000028,885,844,41
113000029,1034,648,386
113000030,336,638,-302
113000031,198,348,-150
113000032,274,319,-45
113000033,291,486,-195
113000034,372,348,24
113000035,39,57,-18
113000036,24,62,-38
113000037,58,38,20
113000038,10,41,-31
113000039,65,480,-415
113000040,73,95,-22
113000042,799,609,190
113000051,1133,2578,-1445
113000052,2147,838,1309
113000053,551,392,159
113000054,508,798,-290
113000055,1467,528,939
113000056,1330,919,411
113000058,746,884,-138
113000059,1277,546,731
113000060,343,513,-170
113000061,555,858,-303
113000062,672,326,346
113000063,257,79,178
113000064,66,239,-173
113000065,194,664,-470
113000066,1027,97,930
113000067,2908,982,1926
113000068,385,948,-563
113000069,568,925,-357
113000070,3137,931,2206
113000071,501,576,-75
113000072,1183,480,703
113000073,429,1361,-932
113000074,1150,383,767
113000075,1894,710,1184
113000076,663,2200,-1537
113000077,1210,775,435
113000078,795,2638,-1843
113000079,816,1087,-271
113000080,804,976,-172
113000081,993,1070,-77
113000082,1525,1094,431
113000083,669,891,-222
113000084,1740,1324,416
113000085,979,757,222
113000086,1377,1153,224
113000087,1123,1004,119
113000088,2380,1400,980
113000089,981,1657,-676
113000090,219,735,-516
113000091,509,478,31
113000094,1562,223,1339
113000095,244,693,-449
113000096,139,669,-530
113000097,1315,471,844
113000098,163,38,125
113000099,1628,486,1142
113000100,131,355,-224
113000101,290,568,-278
113000102,750,613,137
113000103,1855,388,1467
113000104,574,2215,-1641
113000105,1079,466,613
113000106,319,376,-57
113000107,1132,753,379
113000108,861,1032,-171
113000109,683,1727,-1044
113000110,2421,493,1928
113000111,189,729,-540
113000112,430,368,62
113000113,1387,332,1055
113000114,369,1805,-1436
113000116,848,324,524
113000117,1198,231,967
113000118,90,648,-558
113000119,636,537,99
113000120,86,307,-221
113000121,830,1476,-646
113000124,295,115,180
113000125,99,969,-870
113000127,2132,327,1805
113000128,648,550,98
113000129,599,761,-162
113000133,1970,1840,130
113000134,6,1348,-1342
113000135,4442,5568,-1126
113000137,1805,3989,-2184
113000139,451,424,27
113000140,97,284,-187
113000141,349,285,64
113000142,645,1560,-915
113000143,315,239,76
113000144,289,759,-470
113000145,91,99,-8
113000146,149,58,91
113000147,273,105,168
113000148,221,58,163
113000149,125,113,12
113000150,633,264,369
113000151,57,39,18
113000152,56,83,-27
113000153,1345,599,746
113000154,871,1745,-874
113000155,480,875,-395
113000156,149,410,-261
113000157,302,841,-539
113000158,771,292,479
113000159,1213,802,411
113000160,742,986,-244
113000161,303,373,-70
113000162,1076,428,648
113000163,129,49,80
113000164,21,71,-50
113000166,223,112,111
113000167,71,85,-14
113000168,77,92,-15
113000169,234,68,166
113000170,160,94,66
113000171,62,113,-51
113000172,290,76,214
113000173,87,32,55
113000174,124,344,-220
113000175,492,116,376
113000176,587,156,431
113000177,224,421,-197
113000178,193,288,-95
113000179,397,231,166
113000180,828,1216,-388
113000181,1406,821,585
113000182,171,387,-216
113000183,170,586,-416
113000184,11,102,-91
113000189,487,1045,-558
113000190,803,634,169
113000192,796,3089,-2293
113000193,2943,2111,832
113000194,1229,1259,-30
113000195,1963,1478,485
113000196,258,78,180
113000197,1757,1528,229
113000198,108,316,-208
113000199,2140,585,1555
113000201,300,327,-27
113000202,4527,1342,3185
113000203,180,162,18
113000204,914,2898,-1984
113000205,18,30,-12
113000206,13,33,-20
113000207,70,15,55
113000208,42,35,7
113000209,7,41,-34
113000210,6,17,-11
113000211,140,209,-69
113000212,55,32,23
113000213,34,181,-147
113000214,170,286,-116
113000234,219,646,-427
113000410,215,245,-30
113000411,2799,4988,-2189
113000412,5094,2401,2693
113000413,1968,3281,-1313
113000414,5071,16084,-11013
113000415,2401,2938,-537
113000416,7115,4360,2755
113000417,2772,3081,-309
113000418,4995,3762,1233
113000419,2390,2260,130
113000420,4837,7016,-2179
113000421,4573,8137,-3564
113000422,11845,12868,-1023
113000423,2111,6456,-4345
113000424,3267,10672,-7405
113000425,11,87,-76
113000428,72,19,53
113000430,1,88,-87
113000432,2236,180,2056
113000433,136,633,-497
113000434,43,138,-95
113000435,30,453,-423
113000436,57,758,-701
113000437,1253,30,1223
113000438,369,9,360
113000439,31,91,-60
113000440,181,38,143
113000441,272,185,87
113000442,202,128,74
113000443,337,180,157
113000444,213,132,81
113000445,123,108,15
113000446,49,80,-31
113000448,248,200,48
113000449,204,951,-747
113000450,697,2448,-1751
113000451,1316,288,1028
113000452,292,540,-248
113000453,86,387,-301
113000454,484,132,352
113000455,13,428,-415
113000456,3799,2877,922
113000468,1348,205,1143
113000469,86,245,-159
113000470,443,23,420
113000471,17,431,-414
113000472,123,295,-172
113000474,800,608,192
113000475,1695,1543,152
113000476,1789,1883,-94
113000477,4173,1947,2226
113000478,4209,4157,52
113000479,114,159,-45
113000480,171,298,-127
113000484,0,0,0
113000485,0,0,0
113000486,13,0,13
113000487,0,2,-2
113000488,0,0,0
113000489,0,1,-1
113000490,0,3,-3
113000491,1,10,-9
113000492,1,0,1
113000493,0,0,0
113000495,181,152,29
113000496,151,121,30
113000499,0,0,0
113900001,2,192,-190
113900002,1,54,-53
113900003,0,54,-54
113900004,4,54,-50
113900005,1,102,-101
113900006,7,14,-7
113900007,84,38,46
113900008,42,0,42
113900009,111,0,111
113900010,92,2,90
113900011,66,3,63
113900012,45,0,45
113900013,224,2,222
113900014,653,3,650
113900015,0,62,-62
113900016,40,0,40
113900017,9,57,-48
113900018,382,344,38
113900019,216,60,156
113900020,175,1,174
113900022,42,0,42
113900023,37,0,37
113900024,55,45,10
113900025,359,42,317
113900026,63,1,62
113900027,6,47,-41
113900028,27,329,-302
113900029,72,123,-51
113900030,300,0,300
113900031,26,1,25
113900032,38,0,38
113900033,79,80,-1
113900035,47,0,47
113900036,29,71,-42
113900037,166,358,-192
113900038,84,179,-95
113900039,239,25,214
113900040,37,16,21
113900041,6,6,0
113900042,75,37,38
113900043,141,97,44
113900044,187,320,-133
113900045,83,5,78
113900046,484,486,-2
113900047,61,117,-56
113900048,199,148,51
113900049,498,373,125
113900050,253,308,-55
113900051,294,278,16
113900052,137,150,-13
113900053,662,595,67
113900054,22,3,19
113900055,107,341,-234
113900056,76,216,-140
113900057,16,72,-56
113900058,123,123,0
113900059,405,266,139
113900060,130,270,-140
113900061,802,262,540
113900062,121,9,112
113900063,128,90,38
113900064,48,130,-82
113900065,574,24,550
113900066,540,238,302
113900067,313,407,-94
113900068,644,624,20
113900069,99,54,45
113900070,174,399,-225
113900071,83,83,0
113900072,89,124,-35
113900073,347,329,18
113900074,442,1158,-716
113900075,1308,1543,-235
113900076,236,11,225
113900077,56,165,-109
113900078,53,89,-36
113900079,0,33,-33
113900080,666,157,509
113900081,74,160,-86
113900082,145,263,-118
113900083,512,227,285
113900084,260,157,103
113900085,62,235,-173
113900086,68,19,49
113900087,115,77,38
113900088,79,79,0
113900089,452,55,397
113900090,736,378,358
113900091,31,15,16
113900092,34,78,-44
113900093,61,1022,-961
113900094,686,320,366
113900095,189,130,59
113900096,333,64,269
113900097,43,111,-68
113900098,840,120,720
113900099,3,57,-54
113900100,0,0,0
113900101,17,84,-67
113900102,125,172,-47
113900103,349,328,21
113900104,200,199,1
113900105,146,149,-3
113900106,2,36,-34
113900107,1,26,-25
113900108,201,254,-53
113900109,357,229,128
113900110,80,22,58
113900111,155,87,68
113900112,182,64,118
113900113,1530,441,1089
113900114,0,45,-45
113900115,0,60,-60
113900116,94,248,-154
113900117,81,27,54
113900118,209,596,-387
113900119,232,548,-316
113900120,58,53,5
113900121,83,86,-3
113900122,593,2498,-1905
113900123,604,193,411
113900124,0,80,-80
113900125,791,156,635
113900126,148,50,98
113900127,381,841,-460
113900128,164,102,62
113900129,11,162,-151
113900130,4,184,-180
113900131,323,56,267
113900132,61,76,-15
113900133,14,68,-54
113900135,353,302,51
113900136,118,83,35
113900137,336,310,26
113900138,47,228,-181
113900139,315,209,106
113900140,192,509,-317
113900141,666,228,438
113900142,183,73,110
113900143,14,56,-42
113900144,196,434,-238
113900145,571,157,414
113900146,196,50,146
113900148,155,388,-233
113900149,177,83,94
113900150,462,566,-104
113900151,538,192,346
113900152,48,66,-18
113900153,259,748,-489
113900154,0,107,-107
113900155,212,201,11
113900156,237,340,-103
113900157,51,309,-258
113900158,406,732,-326
113900159,18,207,-189
113900160,528,515,13
113900161,97,234,-137
113900162,476,1331,-855
113900163,297,295,2
113900164,364,44,320
113900165,904,377,527
113900166,158,199,-41
113900167,508,53,455
113900168,104,83,21
113900169,231,393,-162
113900171,277,93,184
113900172,12,147,-135
113900173,37,361,-324
113900174,495,625,-130
113900175,425,191,234
113900176,492,444,48
113900177,350,163,187
113900178,481,150,331
113900179,30,354,-324
113900180,157,88,69
113900181,1138,124,1014
113900182,791,837,-46
113900183,62,60,2
113900184,10,345,-335
113900185,210,88,122
113900186,61,38,23
113900187,40,107,-67
113900188,48,178,-130
113900189,269,156,113
113900190,236,134,102
113900191,101,221,-120
113900192,7,923,-916
113900193,17,161,-144
113900194,1402,898,504
113900195,264,312,-48
113900196,15,213,-198
113900197,0,125,-125
113900198,34,249,-215
113900199,135,686,-551
113900200,19,246,-227
113900201,0,125,-125
113900202,36,306,-270
113900203,0,85,-85
113900204,29,445,-416
113900205,2,177,-175
113900206,1,104,-103
113900207,0,57,-57
113900208,0,63,-63
113900209,0,72,-72
113900210,707,845,-138
113900211,224,96,128
113900212,244,356,-112
113900214,411,492,-81
113900215,82,118,-36
113900216,186,492,-306
113900217,109,165,-56
113900218,175,80,95
113900219,130,307,-177
113900220,154,128,26
113900221,424,350,74
113900222,242,604,-362
113900223,228,594,-366
113900224,69,53,16
113900225,950,221,729
113900226,412,139,273
113900227,684,255,429
113900228,321,624,-303
113900229,77,1052,-975
113900230,3885,4207,-322
113900231,204,136,68
113900232,85,86,-1
113900233,164,58,106
113900234,424,457,-33
113900235,124,43,81
113900236,217,195,22
113900237,274,14,260
113900238,242,675,-433
113900239,54,135,-81
113900240,3,257,-254
113900241,145,62,83
113900242,32,159,-127
113900243,78,413,-335
113900244,326,228,98
113900245,1096,287,809
113900246,26,27,-1
113900247,165,539,-374
113900248,2234,2503,-269
113900249,720,429,291
113900250,102,218,-116
113900251,861,130,731
113900252,697,23,674
113900253,781,77,704
113900254,836,176,660
113900255,615,21,594
113900256,474,22,452
113900257,18,339,-321
113900258,28,418,-390
113900259,697,114,583
113900260,233,4,229
113900261,74,81,-7
113900262,162,413,-251
113900263,102,569,-467
113900264,2,318,-316
113900265,155,317,-162
113900266,30,185,-155
113900267,109,536,-427
113900268,447,409,38
113900269,90,130,-40
113900270,265,736,-471
113900271,702,900,-198
113900273,36,21,15
113900274,71,50,21
113900275,16,129,-113
113900276,2,114,-112
113900277,173,4,169
113900278,255,157,98
113900279,53,61,-8
113900280,1754,517,1237
113900281,622,1496,-874
113900282,810,789,21
113900283,491,484,7
113900284,1013,233,780
113900285,181,29,152
113900286,22,85,-63
113900287,91,47,44
113900288,1,105,-104
113900289,641,131,510
113900290,189,324,-135
113900291,90,138,-48
113900292,24,9,15
113900293,0,182,-182
113900294,623,25,598
113900295,534,425,109
113900296,1884,430,1454
113900297,2378,59,2319
113900298,20,1763,-1743
113900299,121,88,33
113900300,4132,4799,-667
113900301,886,493,393
113900302,1981,1072,909
113900303,328,670,-342
113900304,0,121,-121
113900305,171,1,170
113900306,86,7,79
113900307,35,0,35
113900308,108,107,1
113900309,3,449,-446
113900310,1,7,-6
113900311,8,0,8
113900312,229,221,8
113900313,4,6,-2
114000001,1088,1954,-866
114000002,386,327,59
114000003,51,341,-290
114000004,483,428,55
114000005,385,205,180
114000006,2397,1864,533
114000007,873,1412,-539
114000008,1477,2189,-712
114000009,1063,292,771
114000011,3138,2232,906
114000012,3489,1693,1796
114000013,2080,1408,672
114000014,511,241,270
114000015,2621,370,2251
114000016,303,221,82
114000017,124,447,-323
114000018,222,41,181
114000026,2550,1095,1455
114000027,4011,2150,1861
114000028,2656,2871,-215
114000038,417,148,269
114000039,90,43,47
114000040,183,257,-74
114000042,251,153,98
114000043,61,63,-2
114000044,365,42,323
114000045,37,59,-22
114000046,3742,4435,-693
114000047,9,70,-61
114000048,98,25,73
114000049,2013,1413,600
114000050,2069,1940,129
114000051,3500,2130,1370
114000052,4682,2002,2680
114000053,158,824,-666
114000054,237,837,-600
114000055,315,41,274
114000056,913,1228,-315
114000057,4515,1943,2572
114000058,436,2057,-1621
114000059,227,422,-195
114000060,563,953,-390
114000061,2712,3816,-1104
114000062,1864,2539,-675
114000063,1920,1365,555
114000064,4506,4290,216
114000065,1376,2128,-752
114000066,566,618,-52
114000067,32,1006,-974
114000068,593,737,-144
114000069,1201,586,615
114000070,2553,1928,625
114000071,979,482,497
114000072,650,203,447
114000073,12,40,-28
114000074,71,39,32
114000075,49,77,-28
114000076,36,88,-52
114000077,10,18,-8
114000078,371,479,-108
114000079,264,25,239
114000080,78,89,-11
114000081,90,82,8
114000082,32,343,-311
114000083,89,213,-124
114000084,455,117,338
114000085,104,499,-395
114000086,267,371,-104
114000087,229,126,103
114000088,42,40,2
114000089,565,360,205
114000090,979,1028,-49
114000091,1416,875,541
114000092,1288,478,810
114000093,2001,730,1271
114000094,567,378,189
114000095,379,210,169
114000096,116,314,-198
114000097,156,398,-242
114000098,806,113,693
114000099,780,356,424
114000100,2165,571,1594
114000101,483,539,-56
114000102,772,337,435
114000103,144,285,-141
114000104,37,177,-140
114000105,201,103,98
114000106,805,1526,-721
114000107,517,139,378
114000108,1040,844,196
114000109,753,1299,-546
114000110,795,1096,-301
114000111,2597,974,1623
114000112,535,1406,-871
114000113,1437,604,833
114000114,1272,1155,117
114000115,2386,1200,1186
114000116,1299,2250,-951
114000117,4004,549,3455
114000118,3505,553,2952
114000119,2375,498,1877
114000120,682,631,51
114000121,514,712,-198
114000122,462,336,126
114000123,2569,390,2179
114000124,1187,340,847
114000125,833,1060,-227
114000126,2385,350,2035
114000127,433,193,240
114000128,904,314,590
114000130,622,521,101
114000131,379,101,278
114000132,822,413,409
114000133,930,1226,-296
114000134,81,115,-34
114000138,36,176,-140
114000139,489,286,203
114000144,1256,575,681
114000145,112,116,-4
114000146,129,230,-101
114000147,1759,2208,-449
114000148,1719,2006,-287
114000149,402,353,49
114000150,445,631,-186
114000151,757,1809,-1052
114000152,129,44,85
114000153,629,2290,-1661
114000154,565,583,-18
114000155,1521,2592,-1071
114000156,712,689,23
114000157,261,1010,-749
114000158,1099,742,357
114000159,124,387,-263
114000160,108,316,-208
114000161,1304,3709,-2405
114000162,1284,3268,-1984
114000163,25,91,-66
114000165,563,348,215
114000166,644,450,194
114000167,2816,1487,1329
114000168,671,584,87
114000169,1589,1567,22
114000170,1574,1295,279
114000171,1346,5752,-4406
114000174,189,424,-235
114000176,304,457,-153
114000177,1440,767,673
114000178,64,58,6
114000179,1204,804,400
114000180,338,634,-296
114000181,1994,4402,-2408
114000182,2001,2242,-241
114000183,1017,868,149
114000184,2632,833,1799
114000185,1316,925,391
114000189,1574,128,1446
114000190,3873,455,3418
114000191,87,120,-33
114000192,164,1040,-876
114000193,524,1880,-1356
114000194,1585,737,848
114000195,188,78,110
114000196,4,130,-126
114000197,1544,15,1529
114000198,806,328,478
114000199,1841,1898,-57
114000200,623,1233,-610
114000201,159,596,-437
114000202,1127,518,609
114000203,507,522,-15
114000204,181,356,-175
114000205,226,1115,-889
114000206,642,1152,-510
114000207,575,1247,-672
114000208,463,1840,-1377
114000209,580,1746,-1166
114000210,276,950,-674
114000211,1161,1345,-184
114000212,1036,824,212
114000213,1648,522,1126
114000214,94,174,-80
114000215,269,83,186
114000216,1817,543,1274
114000217,370,213,157
114000218,195,181,14
114000219,1536,175,1361
114000220,36,679,-643
114000221,982,186,796
114000222,113,807,-694
114000223,620,161,459
114000224,90,468,-378
114000225,266,476,-210
114000226,265,212,53
114000227,867,450,417
114000228,1126,555,571
114000229,1532,1063,469
114000230,1765,908,857
114000231,1104,1238,-134
114000232,1005,177,828
114000233,2680,141,2539
114000234,1107,705,402
114000235,1154,1053,101
114000236,2,291,-289
114000237,137,695,-558
114000238,124,187,-63
114000239,188,895,-707
114000240,965,756,209
114000241,293,771,-478
114000242,705,726,-21
114000243,1913,814,1099
114000244,559,285,274
114000245,493,786,-293
114000246,100,49,51
114000247,740,504,236
114000248,1510,563,947
114000249,591,458,133
114000250,674,537,137
114000251,500,232,268
114000252,71,47,24
114000253,65,82,-17
114000254,70,58,12
114000255,564,274,290
114000256,1192,2800,-1608
114000257,394,1014,-620
114000258,394,316,78
114000259,149,243,-94
114000260,0,28,-28
114000261,53,35,18
114000262,325,161,164
114000263,14,5,9
114000264,1593,392,1201
114000265,0,0,0
114000267,2,1833,-1831
114000268,2,1014,-1012
114000270,187,6,181
114000271,371,50,321
114000283,1549,390,1159
114000285,26,143,-117
114000288,114,257,-143
114000289,1746,141,1605
114000293,275,517,-242
114000294,174,331,-157
114000395,1647,41,1606
114000396,865,609,256
114000402,631,229,402
114000403,296,253,43
114000405,171,300,-129
114000423,365,260,105
114000424,584,159,425
114000425,1108,294,814
114000426,369,906,-537
114000427,67,79,-12
114000428,177,197,-20
114000429,11,154,-143
114000432,119,85,34
114000434,24,71,-47
114000435,19,159,-140
114900001,840,633,207
114900002,879,181,698
114900003,924,913,11
114900004,228,486,-258
114900005,657,623,34
114900006,112,99,13
114900007,368,29,339
114900008,225,97,128
114900010,1576,2056,-480
114900011,281,151,130
114900013,268,159,109
114900015,98,627,-529
114900018,981,37,944
114900020,266,87,179
114900022,6,546,-540
114900024,374,191,183
114900025,684,214,470
114900026,82,148,-66
114900027,307,136,171
114900029,47,21,26
114900030,445,175,270
114900031,495,34,461
114900032,561,28,533
114900033,770,1216,-446
114900034,72,174,-102
114900035,162,273,-111
114900036,177,544,-367
114900037,144,113,31
114900038,222,525,-303
114900039,592,378,214
114900040,92,104,-12
114900041,977,384,593
114900042,1121,583,538
114900043,524,218,306
114900044,174,48,126
114900046,48,103,-55
114900047,247,2711,-2464
114900048,133,208,-75
114900049,6,133,-127
114900050,86,314,-228
114900051,32,364,-332
114900052,135,246,-111
114900053,140,234,-94
114900054,54,104,-50
114900057,204,19,185
114900058,0,68,-68
114900059,119,45,74
114900060,864,944,-80
114900061,158,141,17
114900062,198,304,-106
114900063,103,162,-59
114900064,1920,384,1536
114900065,485,731,-246
114900067,61,353,-292
114900068,54,107,-53
114900069,197,111,86
114900070,677,282,395
114900072,5,309,-304
114900073,2,170,-168
114900074,838,460,378
114900075,451,13,438
114900076,7,407,-400
114900080,1388,330,1058
114900082,2998,2534,464
114900083,1015,1048,-33
114900090,490,204,286
114900091,135,175,-40
114900095,321,114,207
114900096,341,650,-309
114900097,226,0,226
114900098,3,138,-135
114900099,279,9,270
115000001,4834,2936,1898
115000002,4712,5374,-662
115000003,4154,2277,1877
115000004,5539,6900,-1361
115000005,1759,1836,-77
115000006,1286,1679,-393
115000007,166,203,-37
115000008,624,627,-3
115000009,201,222,-21
115000010,289,194,95
115000013,104,257,-153
115000015,70,309,-239
115000016,194,419,-225
115000019,46,450,-404
115000020,121,845,-724
115000021,247,415,-168
115000022,532,375,157
115000023,376,783,-407
115000024,1016,414,602
115000025,975,688,287
115000026,207,386,-179
115000027,288,346,-58
115000028,319,670,-351
115000029,801,124,677
115000030,1055,999,56
115000031,1590,394,1196
115000032,4,254,-250
115000033,152,39,113
115000034,94,1107,-1013
115000035,1206,104,1102
115000036,0,335,-335
115000037,688,36,652
115000038,74,159,-85
115000039,3332,4019,-687
115000040,4877,2834,2043
115000041,1566,3643,-2077
115000042,1125,614,511
115000043,4569,2356,2213
115000044,3774,3050,724
115000045,2602,1247,1355
115000046,3087,2408,679
115000047,2996,1402,1594
115000048,1932,1854,78
115000049,1754,2741,-987
115000050,3425,1834,1591
115000051,1670,3655,-1985
115000052,1840,1628,212
115000053,2136,2133,3
115000054,623,1134,-511
115000055,232,1178,-946
115000056,227,565,-338
115000057,656,1434,-778
115000058,293,449,-156
115000059,218,161,57
115000061,163,178,-15
115000062,234,252,-18
115000063,608,251,357
115000064,252,99,153
115000065,97,597,-500
115000067,225,34,191
115000069,98,269,-171
115000070,28,761,-733
115000071,103,26,77
115000072,7,81,-74
115000073,1361,69,1292
115000075,94,69,25
115000076,2889,2442,447
115000077,2331,1777,554
115000078,1545,1096,449
115000079,1636,1433,203
115000080,3216,1618,1598
115000081,406,704,-298
115000082,4958,3818,1140
115000083,2194,1560,634
115000084,3132,1122,2010
115000085,1080,795,285
115000086,1368,680,688
115000087,427,1441,-1014
115000088,1855,696,1159
115000089,1424,1289,135
115000090,588,1046,-458
115000091,272,740,-468
115000092,743,445,298
115000093,525,6,519
115000094,5718,6377,-659
115000095,4323,6852,-2529
115000096,800,1120,-320
115000097,1314,1144,170
115000098,1472,727,745
115000099,2902,1967,935
115000100,1363,377,986
115000101,479,1210,-731
115000102,581,226,355
115000103,350,557,-207
115000105,83,133,-50
115000106,726,356,370
115000107,205,378,-173
115000108,2847,2125,722
115000109,3978,5199,-1221
115000110,1499,1818,-319
115000111,646,1438,-792
115000112,899,754,145
115000113,795,712,83
115000114,1893,576,1317
115000116,4131,2361,1770
115000117,3698,3509,189
115000118,2967,1755,1212
115000119,2471,2346,125
115000120,602,1605,-1003
115000121,1033,775,258
115000122,2710,2278,432
115000123,1400,2890,-1490
115000124,869,1190,-321
115000125,426,661,-235
115000126,203,368,-165
115000127,404,152,252
115000128,489,789,-300
115000129,277,434,-157
115000130,485,648,-163
115000131,960,287,673
115000132,778,369,409
115000133,897,197,700
115000134,744,284,460
115000135,347,156,191
115000136,336,288,48
115000137,173,167,6
115000138,453,297,156
115000139,294,230,64
115000140,418,238,180
115000141,253,174,79
115000142,245,171,74
115000143,1059,558,501
115000144,419,71,348
115000145,282,235,47
115000146,551,336,215
115000147,381,390,-9
115000148,335,688,-353
115000149,797,281,516
115000150,696,616,80
115000151,1563,664,899
115000152,698,685,13
115000153,1602,601,1001
115000154,1143,350,793
115000155,768,809,-41
115000156,1298,768,530
115000157,649,712,-63
115000158,577,429,148
115000159,617,667,-50
115000160,631,678,-47
115000161,582,466,116
115000162,673,931,-258
115000163,515,618,-103
115000164,655,542,113
115000165,366,453,-87
115000167,118,66,52
115000168,488,318,170
115000169,498,355,143
115000170,138,143,-5
115000171,283,243,40
115000172,1092,685,407
115000173,406,744,-338
115000174,181,421,-240
115000175,214,150,64
115000176,225,125,100
115000177,277,213,64
115000178,19,230,-211
115000179,37,35,2
115000180,148,510,-362
115000181,890,127,763
115000182,1069,279,790
115000183,486,707,-221
115000186,792,262,530
115000187,281,663,-382
115000188,365,436,-71
115000189,225,460,-235
115000190,634,419,215
115000191,150,598,-448
115000194,160,187,-27
115000195,362,317,45
115000196,230,92,138
115000197,254,195,59
115000198,563,168,395
115000199,446,130,316
115000200,423,116,307
115000201,172,344,-172
115000206,443,97,346
115000207,272,267,5
115000208,316,577,-261
115000209,750,414,336
115000210,195,147,48
115000211,287,220,67
115000212,1253,401,852
115000224,407,49,358
115000225,48,96,-48
115000229,166,120,46
115000230,96,329,-233
115000231,276,1117,-841
115000232,2013,294,1719
115000233,191,204,-13
115000234,30,221,-191
115000241,109,190,-81
115000242,124,226,-102
115000243,53,185,-132
115000244,16,73,-57
115000246,49,32,17
115000247,49,29,20
115000248,42,27,15
115000249,37,19,18
115000250,279,36,243
115000251,287,86,201
115000252,103,210,-107
115000253,17,373,-356
115000258,332,127,205
115000259,361,130,231
115000261,25,19,6
115000262,24,37,-13
115000263,28,30,-2
115000264,30,47,-17
115000267,70,50,20
115000268,49,115,-66
115000269,114,63,51
115000270,4,18,-14
115000272,64,102,-38
115000273,533,35,498
115000280,1700,541,1159
115000281,385,1499,-1114
115000282,956,1091,-135
115000284,268,161,107
115000296,1121,9,1112
115000297,124,308,-184
115000298,62,624,-562
115000300,227,217,10
115000302,754,118,636
115000303,1050,126,924
115000304,1194,57,1137
115000305,159,652,-493
115000306,260,303,-43
115000307,182,234,-52
115000308,23,24,-1
115000309,26,79,-53
115000310,1188,704,484
115000311,1324,1030,294
115000313,107,456,-349
115000314,607,164,443
115000315,721,588,133
115000316,71,121,-50
115000317,243,439,-196
115000318,1004,312,692
115000319,82,256,-174
115000320,22,297,-275
115000321,292,9,283
115000322,40,168,-128
115000449,220,210,10
115000557,4,1802,-1798
115000558,318,118,200
115000587,820,378,442
115000588,2168,2322,-154
115000589,4294,2234,2060
115000590,1461,1494,-33
115000591,2173,699,1474
115000592,672,2065,-1393
115000593,1873,639,1234
115000594,683,2732,-2049
115000609,208,208,0
115000617,1253,4014,-2761
115000624,346,52,294
115000633,562,1862,-1300
115000634,2684,758,1926
115000635,540,97,443
115000638,631,655,-24
115000641,55,161,-106
115000642,341,260,81
115000643,131,468,-337
115000644,138,383,-245
115000646,1003,1478,-475
115000647,189,522,-333
115000648,2400,1472,928
115000893,2293,1355,938
115000894,158,889,-731
115000895,371,744,-373
115000896,1050,351,699
115000897,471,182,289
115000898,487,286,201
115000899,379,1200,-821
115000900,62,309,-247
115000901,62,120,-58
115000912,470,97,373
115000913,1,17,-16
115000915,17,0,17
115000916,8,1,7
115000917,0,8,-8
115000918,54,479,-425
115000919,7,36,-29
115000920,16,60,-44
115000921,454,107,347
115000922,617,805,-188
115000923,232,1008,-776
115000925,123,108,15
115000927,53,103,-50
115000933,202,183,19
115000934,150,141,9
115000935,151,77,74
115000936,74,972,-898
115000937,665,204,461
115000938,82,255,-173
115000939,40,164,-124
115900001,159,33,126
115900002,122,113,9
115900003,223,75,148
115900004,0,31,-31
115900005,225,16,209
115900006,162,215,-53
115900008,134,7,127
115900009,111,188,-77
115900010,519,102,417
115900011,623,448,175
115900012,252,42,210
115900013,429,123,306
115900014,154,175,-21
115900015,168,46,122
115900016,93,23,70
115900017,19,6,13
115900018,184,64,120
115900019,113,12,101
115900020,142,3,139
115900021,1239,244,995
115900022,1172,6,1166
115900023,47,5,42
115900025,60,411,-351
115900026,892,198,694
115900027,3,235,-232
115900028,522,60,462
115900029,21,301,-280
115900030,39,32,7
115900031,216,371,-155
115900032,565,594,-29
115900033,2,53,-51
115900034,30,251,-221
115900035,62,20,42
115900036,69,979,-910
115900037,43,232,-189
115900038,69,12,57
115900039,257,176,81
115900041,369,778,-409
115900042,54,14,40
115900043,107,69,38
115900044,261,425,-164
115900046,398,252,146
115900047,192,222,-30
115900049,192,211,-19
115900051,7,57,-50
115900052,6,158,-152
115900053,326,209,117
115900054,303,38,265
115900055,24,114,-90
115900056,282,235,47
115900057,41,10,31
115900058,45,49,-4
115900060,186,139,47
115900061,292,3,289
115900062,47,197,-150
115900063,94,10,84
115900064,178,270,-92
115900065,166,130,36
115900066,132,103,29
115900067,25,407,-382
115900068,2375,1212,1163
115900069,66,200,-134
115900070,212,129,83
115900071,0,274,-274
115900072,58,158,-100
115900073,90,120,-30
115900074,5,227,-222
115900075,37,214,-177
115900076,7,47,-40
115900077,13,160,-147
115900078,154,169,-15
115900079,237,20,217
115900080,236,199,37
115900081,22,46,-24
115900082,187,159,28
115900084,607,27,580
115900085,54,80,-26
115900086,1507,551,956
115900088,47,72,-25
115900089,446,529,-83
115900090,517,11,506
115900091,8,59,-51
115900092,23,113,-90
115900093,8,23,-15
115900094,2,149,-147
115900096,9,10,-1
115900097,8,245,-237
115900098,257,269,-12
115900099,176,102,74
115900100,14,388,-374
115900101,220,225,-5
115900102,135,71,64
115900103,368,132,236
115900104,95,91,4
115900105,375,474,-99
115900106,110,19,91
115900107,135,91,44
115900108,193,35,158
115900109,49,373,-324
115900110,2,12,-10
115900111,3,82,-79
115900112,48,753,-705
115900113,81,23,58
115900114,5,137,-132
115900115,110,227,-117
115900116,107,750,-643
115900117,118,14,104
115900118,4,259,-255
115900119,145,163,-18
115900120,38,283,-245
115900121,279,208,71
115900124,530,623,-93
115900125,448,56,392
115900126,883,91,792
115900127,742,67,675
115900128,9,68,-59
115900129,719,70,649
115900130,26,201,-175
115900131,325,16,309
115900132,665,6,659
115900134,390,10,380
115900135,331,1417,-1086
115900137,24,6,18
115900139,32,71,-39
115900140,332,45,287
115900141,10,35,-25
115900142,12,30,-18
115900143,337,624,-287
115900144,133,219,-86
115900146,24,64,-40
115900147,238,255,-17
115900148,51,3,48
115900149,161,16,145
115900150,112,37,75
115900151,20,114,-94
115900152,185,243,-58
115900153,163,194,-31
115900154,414,289,125
115900155,0,44,-44
115900156,713,1023,-310
115900157,238,513,-275
115900158,16,10,6
115900159,194,186,8
115900160,6,15,-9
115900161,163,314,-151
115900163,262,148,114
115900164,682,25,657
115900165,8,159,-151
115900166,257,138,119
115900168,161,192,-31
115900171,159,376,-217
115900172,62,139,-77
115900173,216,107,109
115900174,298,179,119
115900175,198,165,33
115900178,3,395,-392
115900179,364,13,351
115900180,26,113,-87
115900181,243,175,68
115900182,478,199,279
115900183,53,86,-33
115900184,1057,12,1045
115900187,3,118,-115
115900189,1,271,-270
115900190,247,1548,-1301
115900191,20,304,-284
115900192,10,180,-170
115900193,461,90,371
115900194,800,49,751
115900195,586,2360,-1774
115900198,246,284,-38
115900199,250,212,38
115900200,259,305,-46
115900201,411,369,42
115900202,4,107,-103
115900203,9,24,-15
115900204,0,7,-7
115900205,74,10,64
115900206,334,163,171
115900207,46,23,23
115900208,189,130,59
115900209,9,124,-115
115900210,4,124,-120
115900211,4,218,-214
115900212,289,206,83
115900213,105,152,-47
115900214,670,174,496
115900215,37,229,-192
115900216,10,105,-95
115900217,10,52,-42
115900218,4,39,-35
115900219,111,5,106
115900220,219,7,212
115900221,128,9,119
115900222,121,33,88
115900223,10,521,-511
115900224,919,1562,-643
115900225,43,45,-2
115900226,15,59,-44
115900227,21,61,-40
115900228,8,58,-50
115900229,11,40,-29
115900230,45,86,-41
115900231,118,2,116
115900232,67,5,62
115900233,88,16,72
115900234,51,43,8
115900235,54,43,11
115900236,102,36,66
115900237,52,20,32
115900238,81,15,66
115900239,14,23,-9
115900240,16,56,-40
115900241,352,116,236
115900242,250,418,-168
115900243,10,7,3
115900244,20,8,12
115900245,76,5,71
115900246,16,4,12
115900247,31,13,18
115900248,8,5,3
115900249,3,6,-3
115900250,14,17,-3
115900251,1,17,-16
115900252,4,4,0
115900253,15,18,-3
115900254,9,30,-21
115900255,3,11,-8
115900256,15,24,-9
115900257,4,7,-3
115900258,0,2,-2
115900259,9,5,4
115900260,14,1,13
115900261,11,0,11
115900262,7,1,6
115900263,9,1,8
115900264,10,8,2
115900265,1,9,-8
115900266,3,20,-17
115900267,8,15,-7
115900268,5,10,-5
115900269,638,366,272
115900270,463,262,201
115900271,159,0,159
115900272,50,3,47
115900273,17,30,-13
115900274,0,6,-6
115900275,0,7,-7
115900276,0,30,-30
115900277,0,41,-41
115900278,41,78,-37
115900279,32,188,-156
115900280,23,561,-538
115900281,253,264,-11
115900282,8,12,-4
115900283,18,24,-6
115900284,26,11,15
116000001,9134,3900,5234
116000002,5142,14865,-9723
116000003,1885,1572,313
116000004,3681,5035,-1354
116000005,1797,2987,-1190
116000006,2765,3050,-285
116000007,3095,3830,-735
116000008,5478,2852,2626
116000009,1457,1864,-407
116000010,2874,1990,884
116000011,834,1696,-862
116000012,2034,1268,766
116000013,6612,3779,2833
116000014,8521,14597,-6076
116000015,228,1727,-1499
116000016,5405,4785,620
116000017,58,890,-832
116000018,725,304,421
116000019,1015,336,679
116000020,668,827,-159
116000021,685,293,392
116000022,444,363,81
116000023,1331,880,451
116000024,659,752,-93
116000025,1080,942,138
116000026,1815,2565,-750
116000027,846,660,186
116000028,499,1083,-584
116000029,674,745,-71
116000030,865,556,309
116000031,196,296,-100
116000032,393,192,201
116000033,407,487,-80
116000034,740,837,-97
116000035,341,784,-443
116000036,1308,1403,-95
116000037,518,577,-59
116000038,345,551,-206
116000039,469,415,54
116000040,697,405,292
116000041,125,439,-314
116000042,646,358,288
116000043,99,741,-642
116000044,8,55,-47
116000045,1949,1618,331
116000046,1113,1763,-650
116000047,1691,2376,-685
116000048,2028,1856,172
116000049,1582,3103,-1521
116000050,1788,1430,358
116000051,6911,2630,4281
116000052,6367,4997,1370
116000053,2531,864,1667
116000054,870,2414,-1544
116000055,911,858,53
116000056,1221,1153,68
116000057,2862,1407,1455
116000058,3243,2844,399
116000059,2995,4596,-1601
116000060,1888,1015,873
116000061,696,1293,-597
116000062,751,244,507
116000063,759,1356,-597
116000066,357,795,-438
116000067,185,454,-269
116000068,223,282,-59
116000069,296,279,17
116000078,688,1234,-546
116000080,1978,851,1127
116000082,4,39,-35
116000083,2108,480,1628
116000084,2113,3033,-920
116000085,2657,2230,427
116000086,1413,806,607
116000087,2530,1890,640
116000088,849,1020,-171
116000089,202,98,104
116000090,82,191,-109
116000091,334,330,4
116000093,1402,633,769
116000094,843,538,305
116000095,1083,674,409
116000096,1029,1949,-920
116000097,1391,614,777
116000098,84,9199,-9115
116000099,5535,305,5230
116000100,321,31,290
116000101,1124,649,475
116000102,285,954,-669
116000103,582,374,208
116000104,303,1024,-721
116000105,1419,149,1270
116000106,989,864,125
116000107,4537,287,4250
116000108,1159,217,942
116000111,177,51,126
116000113,194,114,80
116000114,37,196,-159
116000115,433,126,307
116000116,306,435,-129
116000117,1896,1947,-51
116000118,1795,1127,668
116000119,4143,2054,2089
116000120,3057,2977,80
116000121,1184,559,625
116000122,1384,1203,181
116000123,1612,515,1097
116000124,440,809,-369
116000125,3845,966,2879
116000126,320,1212,-892
116000127,1031,959,72
116000128,2352,993,1359
116000129,2447,345,2102
116000130,730,640,90
116000133,1510,846,664
116000134,1870,1548,322
116000135,3499,1469,2030
116000136,959,1729,-770
116000137,1451,904,547
116000138,998,653,345
116000139,1909,2464,-555
116000140,203,188,15
116000141,359,559,-200
116000142,2895,2287,608
116000143,2084,1814,270
116000144,1645,1889,-244
116000145,2090,1074,1016
116000146,817,158,659
116000147,209,129,80
116000148,620,547,73
116000149,743,802,-59
116000151,594,501,93
116000153,96,366,-270
116000155,194,253,-59
116000156,1067,1018,49
116000157,105,15,90
116000158,404,366,38
116000159,12,31,-19
116000160,18,50,-32
116000161,3,65,-62
116000162,60,134,-74
116000163,38,7,31
116000164,10,21,-11
116000177,825,111,714
116000194,138,389,-251
116000195,1303,654,649
116000196,20,4,16
116000197,11,16,-5
116000198,2518,1145,1373
116000200,760,732,28
116000201,634,702,-68
116000202,11,264,-253
116000203,0,84,-84
116000204,27,39,-12
116000205,0,114,-114
116000206,2,128,-126
116000207,10,54,-44
116000233,242,401,-159
116000287,224,310,-86
116000288,379,183,196
116000292,115,101,14
116000296,17,181,-164
116000297,154,14,140
116000304,175,33,142
116000305,56,82,-26
116000346,194,59,135
116000352,141,25,116
116000354,36,31,5
116000357,33,65,-32
116000358,448,78,370
116000361,54,3,51
116000372,3841,5622,-1781
116000381,126,1,125
116000388,0,46,-46
116000389,1006,593,413
116000445,621,390,231
116000446,809,466,343
116000447,24,555,-531
116000448,531,160,371
116000563,910,1052,-142
116000565,29,311,-282
116000568,71,372,-301
116000579,11,134,-123
116000584,27,7,20
116000585,37,19,18
116000586,70,71,-1
116000587,643,719,-76
116000589,35,44,-9
116000590,95,98,-3
116000591,296,164,132
116000592,19,69,-50
116000593,0,31,-31
116000594,852,290,562
116000595,716,135,581
116000596,110,1,109
116000597,507,138,369
116000598,23,152,-129
116000602,66,466,-400
116000605,260,129,131
116000606,90,335,-245
116000607,10,91,-81
116000609,174,1111,-937
116000611,189,313,-124
116000612,967,1971,-1004
116000613,787,354,433
116000614,374,360,14
116000615,0,435,-435
116000616,47,62,-15
116000617,131,36,95
116000618,5,49,-44
116000619,95,73,22
116000620,168,129,39
116000621,102,106,-4
116000622,97,141,-44
116000624,294,93,201
116000627,96,20,76
116000628,88,229,-141
116000629,44,221,-177
116000630,609,31,578
116000631,257,40,217
116000632,734,164,570
116000633,59,243,-184
116000634,727,37,690
116000635,2364,2549,-185
116000636,602,1321,-719
116000637,450,7,443
116000638,35,329,-294
116900001,215,247,-32
116900002,307,4,303
116900003,73,32,41
116900004,31,69,-38
116900005,367,48,319
116900006,122,393,-271
116900007,119,163,-44
116900008,491,284,207
116900009,26,7,19
116900010,2,904,-902
116900011,17,31,-14
116900012,222,200,22
116900013,8,149,-141
116900014,132,108,24
116900015,571,55,516
116900016,362,3,359
116900017,2,430,-428
116900018,108,48,60
116900019,7,235,-228
116900020,753,1477,-724
116900023,146,19,127
116900024,747,34,713
116900025,1319,659,660
116900026,114,492,-378
116900027,50,60,-10
116900028,10,123,-113
116900029,0,74,-74
116900031,1,8,-7
116900032,8,279,-271
116900033,28,7,21
116900034,14,62,-48
116900035,160,132,28
116900036,6,118,-112
116900038,28,2,26
116900041,61,23,38
116900042,410,277,133
116900043,40,39,1
116900047,32,250,-218
116900049,36,273,-237
116900050,162,405,-243
116900051,254,143,111
116900052,222,66,156
116900055,0,16,-16
116900057,20,165,-145
116900058,31,290,-259
116900059,0,142,-142
116900060,142,163,-21
116900062,2,30,-28
116900064,81,444,-363
116900065,32,104,-72
116900067,104,75,29
116900068,135,178,-43
116900070,4,3,1
116900072,34,268,-234
116900073,21,83,-62
116900074,6,49,-43
116900076,25,61,-36
116900077,6,96,-90
116900078,162,66,96
116900079,31,215,-184
116900080,15,19,-4
116900081,423,921,-498
116900082,433,866,-433
116900083,39,38,1
116900084,105,65,40
116900085,54,132,-78
116900086,61,169,-108
116900088,452,94,358
116900090,79,50,29
116900091,491,34,457
116900092,90,628,-538
116900093,1697,1703,-6
116900094,3344,4718,-1374
116900095,247,95,152
116900096,161,375,-214
116900097,2430,4011,-1581
116900098,789,361,428
116900099,561,905,-344
116900100,1289,75,1214
116900101,279,409,-130
116900103,7,0,7
116900104,81,79,2
116900105,362,212,150
116900106,2686,171,2515
116900107,2734,3354,-620
116900110,42,2,40
116900111,590,532,58
116900112,288,749,-461
116900113,1747,2049,-302
116900116,98,620,-522
116900117,223,116,107
116900118,674,920,-246
116900120,506,74,432
116900121,118,20,98
116900122,1158,574,584
116900123,286,618,-332
116900124,254,928,-674
116900125,491,165,326
116900126,127,675,-548
116900128,0,34,-34
116900129,2,369,-367
116900130,459,4682,-4223
116900131,109,360,-251
116900132,82,143,-61
116900133,196,155,41
116900134,298,362,-64
116900136,217,214,3
116900137,291,162,129
116900138,407,171,236
116900139,219,373,-154
116900140,215,189,26
116900141,916,403,513
116900142,4,60,-56
116900143,317,279,38
116900144,41,72,-31
116900145,72,168,-96
116900147,361,515,-154
116900148,4,38,-34
116900149,67,256,-189
116900150,14,13,1
116900151,51,13,38
116900153,165,91,74
116900154,404,643,-239
116900155,85,78,7
116900157,746,179,567
116900158,129,340,-211
116900159,54,285,-231
116900160,1079,786,293
116900161,4859,8572,-3713
116900162,16,92,-76
116900163,216,116,100
116900164,123,61,62
116900165,285,276,9
116900166,45,34,11
116900167,525,47,478
116900168,459,67,392
116900169,381,616,-235
116900170,438,595,-157
116900171,52,156,-104
116900172,158,389,-231
116900173,290,40,250
116900174,105,63,42
116900175,206,233,-27
116900178,54,84,-30
116900179,118,365,-247
116900180,118,21,97
116900182,557,244,313
116900183,191,97,94
116900185,37,65,-28
116900186,107,180,-73
116900187,65,55,10
116900188,193,33,160
116900189,81,1,80
116900191,466,693,-227
116900192,408,138,270
116900194,192,1698,-1506
116900195,60,36,24
116900196,10,70,-60
116900197,118,19,99
116900198,171,343,-172
116900200,82,19,63
116900201,192,7,185
116900202,68,39,29
116900203,244,15,229
116900204,36,131,-95
116900206,15,17,-2
116900207,25,31,-6
116900208,5,86,-81
116900209,44,89,-45
116900210,565,352,213
116900211,199,5,194
116900212,119,28,91
116900213,238,141,97
116900214,211,190,21
116900215,108,64,44
116900216,383,224,159
116900218,3,228,-225
116900219,1293,346,947
116900220,154,268,-114
116900221,113,348,-235
116900222,502,399,103
116900223,132,302,-170
116900226,115,54,61
116900227,257,64,193
116900228,380,165,215
116900230,67,170,-103
116900231,35,221,-186
116900232,12,368,-356
116900233,310,88,222
116900234,40,9,31
116900235,151,199,-48
116900238,1276,346,930
116900239,117,1589,-1472
116900240,4771,3528,1243
116900241,90,144,-54
116900242,235,710,-475
116900243,2,21,-19
116900245,51,32,19
116900246,160,33,127
116900247,793,26,767
116900248,121,45,76
116900249,449,108,341
116900250,487,41,446
116900251,480,770,-290
116900252,171,865,-694
116900253,128,66,62
116900254,29,86,-57
116900255,142,101,41
116900256,495,127,368
116900257,22,287,-265
116900258,2,126,-124
116900259,270,19,251
116900260,1,77,-76
116900261,77,3,74
116900262,328,115,213
116900263,0,6,-6
116900264,6,4,2
116900265,58,1,57
116900266,26,21,5
116900267,11,0,11
116900268,183,283,-100
116900269,313,515,-202
116900271,1179,324,855
116900272,299,226,73
116900273,124,83,41
116900274,137,60,77
116900275,197,95,102
116900276,685,185,500
116900277,520,39,481
116900278,3,12,-9
116900279,3,23,-20
116900280,31,32,-1
116900281,4561,5722,-1161
116900282,7,72,-65
116900283,15,96,-81
116900284,15,183,-168
116900285,252,270,-18
116900286,178,31,147
116900287,12,27,-15
116900288,102,105,-3
116900289,24,11,13
116900290,7,25,-18
116900291,25,9,16
116900292,0,31,-31
116900293,77,30,47
116900294,54,148,-94
116900295,139,83,56
116900296,58,76,-18
116900297,8,119,-111
116900298,93,77,16
116900299,15,52,-37
116900300,2,74,-72
116900301,35,122,-87
116900302,36,56,-20
116900303,135,51,84
116900304,1,156,-155
116900305,10,50,-40
116900306,199,50,149
117000001,2456,1978,478
117000002,1894,3742,-1848
117000003,7330,3807,3523
117000004,4179,4904,-725
117000005,2680,2078,602
117000006,1196,2674,-1478
117000007,4974,1282,3692
117000008,1026,3026,-2000
117000009,5966,2040,3926
117000010,2680,3823,-1143
117000011,2948,1722,1226
117000012,1602,1261,341
117000013,2123,844,1279
117000014,1437,2339,-902
117000015,2565,1549,1016
117000016,217,141,76
117000017,202,93,109
117000018,132,822,-690
117000019,87,0,87
117000020,534,1804,-1270
117000021,1174,421,753
117000022,323,169,154
117000023,157,172,-15
117000024,239,371,-132
117000025,435,1240,-805
117000026,1797,1809,-12
117000027,1695,5725,-4030
117000028,2239,2666,-427
117000030,398,397,1
117000031,442,345,97
117000032,1661,1241,420
117000033,1342,701,641
117000034,390,312,78
117000035,378,421,-43
117000036,425,292,133
117000037,344,222,122
117000038,166,604,-438
117000039,542,268,274
117000040,259,844,-585
117000041,1432,190,1242
117000044,12,668,-656
117000045,629,160,469
117000046,401,758,-357
117000047,1022,785,237
117000048,1795,944,851
117000049,109,626,-517
117000050,168,1439,-1271
117000051,2941,117,2824
117000052,65,269,-204
117000053,757,29,728
117000054,2219,16,2203
117000055,9,2351,-2342
117000056,741,37,704
117000057,625,2169,-1544
117000060,466,1109,-643
117000061,2190,1016,1174
117000062,299,637,-338
117000063,2136,976,1160
117000064,733,596,137
117000066,880,863,17
117000067,124,713,-589
117000074,127,230,-103
117000076,96,48,48
117000077,169,192,-23
117000078,119,664,-545
117000079,554,233,321
117000080,1,271,-270
117000081,1197,99,1098
117000082,17,87,-70
117000083,168,8,160
117000084,189,3,186
117000085,383,958,-575
117000086,863,453,410
117000087,110,559,-449
117000088,313,179,134
117000089,1942,250,1692
117000090,324,1206,-882
117000091,1075,274,801
117000092,415,1068,-653
117000093,1576,706,870
117000094,1348,2168,-820
117000095,4382,886,3496
117000096,843,1853,-1010
117000097,2074,1080,994
117000098,2337,3188,-851
117000099,4678,1327,3351
117000100,246,346,-100
117000101,212,954,-742
117000102,2462,680,1782
117000103,794,1350,-556
117000104,2067,661,1406
117000105,765,1260,-495
117000106,1530,759,771
117000107,617,1503,-886
117000108,2364,1032,1332
117000109,1297,2137,-840
117000110,2065,1307,758
117000111,3995,3992,3
117000112,4270,1694,2576
117000113,153,231,-78
117000114,321,126,195
117000115,98,107,-9
117000116,221,238,-17
117000117,1756,1327,429
117000118,291,120,171
117000119,209,245,-36
117000120,144,591,-447
117000121,63,1251,-1188
117000122,331,778,-447
117000123,1567,39,1528
117000124,369,133,236
117000125,200,126,74
117000126,60,12,48
117000127,123,356,-233
117000128,323,885,-562
117000129,292,843,-551
117000130,166,12,154
117000131,0,82,-82
117000132,4170,35,4135
117000133,2377,62,2315
117000134,1,94,-93
117000135,3,75,-72
117000136,1,18,-17
117000137,148,137,11
117000138,2,585,-583
117000140,463,1237,-774
117000141,2152,528,1624
117000181,486,245,241
117000182,572,992,-420
117000195,194,907,-713
117000196,453,186,267
117000225,117,47,70
117000226,11,140,-129
117000276,473,27,446
117000277,1,277,-276
117000310,1550,2420,-870
117000315,67,685,-618
117000320,78,0,78
117000906,557,25,532
117000907,21,257,-236
117000908,10,88,-78
117000909,36,38,-2
117000910,247,216,31
117000911,96,166,-70
117000915,5,399,-394
117000916,59,4,55
117000917,1675,49,1626
117000918,66,92,-26
117000919,11,52,-41
117000920,5,1211,-1206
117000921,0,996,-996
117000922,23,62,-39
117000924,460,898,-438
117000926,619,102,517
117000927,1075,1350,-275
117000928,0,102,-102
117000929,335,300,35
117000930,236,7,229
117000931,237,191,46
117900002,98,416,-318
117900003,652,422,230
117900005,22,48,-26
117900006,0,116,-116
117900007,161,83,78
117900008,0,24,-24
117900010,318,80,238
117900011,30,176,-146
117900012,59,62,-3
117900013,1,169,-168
117900014,554,99,455
117900015,49,149,-100
117900016,1136,977,159
117900017,593,220,373
117900018,147,146,1
117900019,671,193,478
117900020,72,480,-408
117900021,31,47,-16
117900022,70,18,52
117900023,840,133,707
117900024,49,52,-3
117900025,62,5,57
117900026,546,168,378
117900028,48,6,42
117900029,313,403,-90
117900030,504,239,265
117900031,175,136,39
117900032,1309,755,554
117900033,332,377,-45
117900034,69,39,30
117900035,393,119,274
117900036,269,262,7
117900037,215,119,96
117900038,33,211,-178
117900039,12,34,-22
117900040,195,303,-108
117900041,5,35,-30
117900042,3459,304,3155
117900043,21,43,-22
117900044,25,3564,-3539
117900045,219,136,83
117900048,423,212,211
117900049,209,331,-122
117900050,6,152,-146
117900051,26,4,22
117900052,107,493,-386
117900053,2204,525,1679
117900054,1,23,-22
117900055,393,239,154
117900056,193,118,75
117900057,1217,1112,105
117900058,33,29,4
117900059,260,88,172
117900060,3154,4204,-1050
117900061,22,252,-230
117900063,431,205,226
117900065,692,1167,-475
117900066,7,88,-81
117900067,568,111,457
117900069,908,208,700
117900070,176,51,125
117900071,124,173,-49
117900073,688,262,426
117900074,97,94,3
117900075,80,88,-8
117900076,46,49,-3
117900077,719,176,543
117900078,487,929,-442
117900080,120,46,74
117900081,524,408,116
117900082,518,443,75
117900083,470,321,149
117900086,134,23,111
117900087,129,65,64
117900088,2858,1901,957
117900089,2747,871,1876
117900090,489,366,123
117900091,118,142,-24
117900092,76,29,47
117900093,118,63,55
117900094,65,48,17
117900095,393,317,76
117900096,75,237,-162
117900097,416,153,263
117900098,46,15,31
117900099,181,181,0
117900100,390,4,386
117900101,558,2265,-1707
117900102,105,66,39
117900103,61,2,59
117900104,27,146,-119
117900105,134,205,-71
117900106,142,38,104
117900107,39,0,39
117900109,849,541,308
117900110,193,0,193
117900111,713,41,672
117900112,83,31,52
117900113,2137,2204,-67
117900114,32,0,32
117900115,149,95,54
117900116,882,787,95
117900117,748,289,459
117900118,134,1,133
117900119,309,120,189
117900120,230,53,177
117900121,294,106,188
117900122,1236,5149,-3913
117900123,793,399,394
117900124,857,693,164
117900125,2086,2166,-80
117900126,199,539,-340
117900127,435,306,129
117900128,392,532,-140
117900129,176,9,167
117900130,1138,411,727
117900131,4,126,-122
117900132,20,79,-59
117900133,19,90,-71
117900134,107,381,-274
117900135,22,189,-167
117900136,0,27,-27
117900137,44,234,-190
117900138,0,25,-25
117900139,192,125,67
117900140,2588,222,2366
117900141,115,204,-89
117900142,50,76,-26
117900144,66,242,-176
117900145,48,44,4
117900146,164,157,7
117900147,99,86,13
117900148,2662,2157,505
117900149,144,156,-12
117900150,54,24,30
117900151,49,70,-21
117900152,89,77,12
117900153,12,95,-83
117900154,411,468,-57
117900156,885,749,136
117900157,89,538,-449
117900158,513,190,323
117900160,876,889,-13
117900161,2475,1848,627
117900162,525,372,153
117900163,61,168,-107
117900165,1,9,-8
117900166,134,528,-394
117900168,68,237,-169
117900169,2,129,-127
117900170,1,24,-23
117900171,3,22,-19
117900172,11,33,-22
117900173,195,98,97
117900174,55,61,-6
117900175,9,21,-12
117900176,9,15,-6
117900177,29,26,3
117900178,120,34,86
117900180,220,93,127
117900181,43,567,-524
117900182,5,63,-58
117900183,85,212,-127
117900184,41,58,-17
117900185,53,39,14
117900186,76,14,62
117900187,39,6,33
117900188,259,47,212
117900189,82,28,54
117900190,24,7,17
117900191,93,2,91
117900192,241,1,240
117900193,36,61,-25
117900194,6,5,1
117900195,48,80,-32
117900196,37,41,-4
117900207,222,139,83
117900208,43,30,13
117900209,183,207,-24
117900210,170,263,-93
117900211,11,207,-196
117900212,142,136,6
117900213,28,11,17
117900214,12,31,-19
117900215,27,45,-18
117900216,45,36,9
117900217,105,349,-244
117900218,79,110,-31
117900219,3,147,-144
117900220,86,147,-61
117900222,191,231,-40
117900223,127,319,-192
118000001,941,1143,-202
118000002,793,1714,-921
118000003,2060,3736,-1676
118000004,1654,1835,-181
118000005,4337,6759,-2422
118000006,4282,10731,-6449
118000007,4565,4634,-69
118000008,3134,4004,-870
118000009,1799,3393,-1594
118000010,6465,3820,2645
118000011,1935,1859,76
118000012,1266,2035,-769
118000013,2443,2251,192
118000014,2055,1935,120
118000016,224,287,-63
118000017,476,474,2
118000018,401,352,49
118000019,1728,1432,296
118000020,1034,3976,-2942
118000021,640,3684,-3044
118000022,1456,972,484
118000023,760,295,465
118000024,1225,1721,-496
118000027,11634,14996,-3362
118000029,857,901,-44
118000032,831,4536,-3705
118000033,2706,7287,-4581
118000034,4323,2534,1789
118000035,1916,3517,-1601
118000036,903,1381,-478
118000037,770,966,-196
118000038,306,111,195
118000039,99,243,-144
118000040,1946,1346,600
118000041,3022,1281,1741
118000045,393,239,154
118000046,1282,831,451
118000047,689,881,-192
118000048,2132,1925,207
118000051,4076,2637,1439
118000052,3152,1737,1415
118000053,339,793,-454
118000054,1531,1369,162
118000055,1464,1463,1
118000056,363,603,-240
118000057,301,405,-104
118000058,2933,2414,519
118000059,1994,1366,628
118000060,1399,532,867
118000061,1506,1367,139
118000062,748,415,333
118000063,629,760,-131
118000064,945,1146,-201
118000065,3066,1891,1175
118000066,919,1696,-777
118000067,706,814,-108
118000068,1253,4936,-3683
118000069,2100,1063,1037
118000070,4352,1868,2484
118000071,3323,7774,-4451
118000072,1133,1555,-422
118000073,1061,784,277
118000074,586,342,244
118000075,686,323,363
118000076,1338,3163,-1825
118000077,1159,1244,-85
118000078,1773,2427,-654
118000079,319,486,-167
118000080,802,803,-1
118000081,1882,1326,556
118000082,299,1172,-873
118000083,1754,1639,115
118000084,2732,1926,806
118000086,247,627,-380
118000087,3889,2601,1288
118000088,1788,1704,84
118000089,3844,2564,1280
118000090,1351,3161,-1810
118000091,1151,3217,-2066
118000092,986,520,466
118000093,61,716,-655
118000096,525,576,-51
118000097,891,660,231
118000098,304,170,134
118000099,730,633,97
118000101,1463,343,1120
118000102,396,880,-484
118000107,1554,461,1093
118000108,819,2818,-1999
118000110,0,29,-29
118000111,1,249,-248
118000112,706,12,694
118000113,2,462,-460
118000114,642,12,630
118000115,12,5,7
118000116,30,1,29
118000117,820,710,110
118000118,1064,1075,-11
118000119,982,1321,-339
118000120,1600,1135,465
118000121,72,620,-548
118000122,1321,415,906
118000123,53,228,-175
118000125,1460,826,634
118000126,789,1764,-975
118000127,1739,795,944
118000128,565,1109,-544
118000129,1072,405,667
118000130,1936,2616,-680
118000131,378,503,-125
118000132,3227,2476,751
118000133,1171,424,747
118000135,627,448,179
118000136,123,472,-349
118000137,688,110,578
118000138,464,553,-89
118000139,539,99,440
118000140,2986,5685,-2699
118000141,2612,1763,849
118000142,2211,1418,793
118000143,2878,1235,1643
118000144,1183,663,520
118000145,1936,1366,570
118000146,1430,627,803
118000147,1005,1113,-108
118000148,513,1184,-671
118000149,1199,849,350
118000150,722,278,444
118000151,696,496,200
118000153,1590,1288,302
118000154,1629,1306,323
118000155,1703,1436,267
118000156,1830,2560,-730
118000157,858,461,397
118000158,261,479,-218
118000159,38,133,-95
118000160,610,391,219
118000161,561,569,-8
118000162,1974,750,1224
118000163,1178,900,278
118000164,2025,1403,622
118000168,920,975,-55
118000169,932,885,47
118000170,3462,4131,-669
118000171,372,625,-253
118000172,76,258,-182
118000173,1051,1136,-85
118000175,359,435,-76
118000176,326,497,-171
118000177,283,670,-387
118000178,79,42,37
118000179,1119,1688,-569
118000180,934,755,179
118000181,745,307,438
118000182,321,294,27
118000183,202,255,-53
118000184,1200,632,568
118000185,1216,1496,-280
118000186,847,1174,-327
118000187,1682,563,1119
118000188,924,129,795
118000189,864,552,312
118000190,9,12,-3
118000191,30,22,8
118000192,63,125,-62
118000193,46,280,-234
118000194,1272,940,332
118000195,453,1483,-1030
118000196,209,276,-67
118000197,83,186,-103
118000198,433,916,-483
118000199,415,402,13
118000200,137,301,-164
118000201,417,515,-98
118000202,75,86,-11
118000203,440,746,-306
118000204,116,447,-331
118000205,172,302,-130
118000206,239,196,43
118000207,1,56,-55
118000208,1720,1615,105
118000209,2187,1164,1023
118000210,77,47,30
118000211,23,34,-11
118000213,1582,2554,-972
118000214,490,670,-180
118000215,381,97,284
118000216,2752,2060,692
118000217,37,98,-61
118000218,113,81,32
118000219,435,297,138
118000220,9,51,-42
118000221,324,393,-69
118000222,97,3,94
118000223,43,73,-30
118000224,156,96,60
118000225,122,661,-539
118000226,972,208,764
118000227,789,431,358
118000228,133,275,-142
118000229,113,62,51
118000230,142,199,-57
118000231,136,261,-125
118000232,907,619,288
118000233,1347,801,546
118000234,665,205,460
118000236,471,290,181
118000237,84,293,-209
118000238,311,146,165
118000239,293,290,3
118000240,303,171,132
118000241,229,174,55
118000242,569,408,161
118000243,352,203,149
118000244,104,94,10
118000246,0,32,-32
118000255,68,241,-173
118000256,144,181,-37
118000259,4,76,-72
118000260,212,66,146
118000261,45,39,6
118000263,165,156,9
118000266,208,206,2
118000267,0,141,-141
118000268,256,4,252
118000270,126,24,102
118000271,166,170,-4
118000272,110,28,82
118000273,219,86,133
118000274,123,235,-112
118000276,557,383,174
118000295,13,126,-113
118000298,167,252,-85
118000299,50,105,-55
118000301,0,60,-60
118000302,136,50,86
118000311,796,72,724
118000312,343,184,159
118000313,82,106,-24
118000314,86,50,36
118000315,71,48,23
118000316,832,445,387
118000325,74,36,38
118000326,32,32,0
118000331,33,25,8
118000332,29,33,-4
118000333,37,49,-12
118000335,421,0,421
118000336,0,182,-182
118000407,213,53,160
118000457,10,27,-17
118000465,2196,4241,-2045
118000480,44,64,-20
118000489,25,404,-379
118000490,9,163,-154
118000492,402,199,203
118000510,41,24,17
118000514,123,270,-147
118000515,857,754,103
118000517,331,193,138
118000524,235,526,-291
118000525,665,734,-69
118000530,23,158,-135
118000531,414,269,145
118000532,280,249,31
118000533,322,102,220
118000534,593,346,247
118000535,389,170,219
118000536,482,2007,-1525
118000537,17,239,-222
118000538,34,91,-57
118000539,29,125,-96
118000540,394,200,194
118000541,242,99,143
118000542,144,273,-129
118000543,249,218,31
118000546,54,29,25
118000553,3,6,-3
118000557,0,0,0
118000560,1889,2830,-941
118000562,59,136,-77
118000563,1357,1139,218
118000576,181,79,102
118000577,125,113,12
118000578,151,61,90
118000579,504,1354,-850
118000583,0,0,0
118000595,297,71,226
118000596,0,87,-87
118000597,116,76,40
118000598,4,1,3
118000599,63,53,10
118000600,2,13,-11
118000601,12,0,12
118000602,1,10,-9
118000603,1,17,-16
118900001,602,1313,-711
118900002,811,1024,-213
118900003,593,24,569
118900004,49,48,1
118900005,79,8,71
118900006,193,6,187
118900007,17,0,17
118900008,1611,64,1547
118900009,89,61,28
118900010,61,3,58
118900011,198,48,150
118900012,483,229,254
118900013,592,250,342
118900015,315,78,237
118900016,15,11,4
118900017,190,301,-111
118900018,1031,45,986
118900019,33,31,2
118900020,275,186,89
118900021,196,373,-177
118900022,177,106,71
118900023,202,93,109
118900024,154,144,10
118900025,36,31,5
118900026,103,94,9
118900027,403,213,190
118900028,212,128,84
118900029,341,484,-143
118900030,457,49,408
118900031,207,71,136
118900032,275,180,95
118900033,409,435,-26
118900034,193,24,169
118900035,158,128,30
118900036,1798,778,1020
118900037,422,286,136
118900038,466,159,307
118900039,726,170,556
118900040,198,191,7
118900041,642,141,501
118900042,262,92,170
118900045,378,155,223
118900046,808,457,351
118900047,451,291,160
118900048,159,232,-73
118900049,59,50,9
118900050,59,58,1
118900051,85,105,-20
118900052,263,230,33
118900053,45,90,-45
118900054,159,42,117
118900055,124,69,55
118900056,32,420,-388
118900057,906,498,408
118900058,521,392,129
118900059,13,75,-62
118900060,175,107,68
118900062,437,226,211
118900064,461,548,-87
118900065,75,152,-77
118900066,94,128,-34
118900067,4172,4741,-569
118900068,22,248,-226
118900069,586,218,368
118900071,9,63,-54
118900072,487,357,130
118900073,227,135,92
118900074,171,98,73
118900075,69,49,20
118900076,243,114,129
118900077,494,212,282
118900078,29,6,23
118900079,55,170,-115
118900080,55,118,-63
118900081,63,44,19
118900082,1103,166,937
118900083,45,7,38
118900084,25,11,14
118900085,719,676,43
118900086,28,129,-101
118900087,43,382,-339
118900088,4,13,-9
118900089,27,17,10
118900090,510,311,199
118900091,233,241,-8
118900092,227,78,149
118900093,118,33,85
118900096,49,14,35
118900097,314,389,-75
118900099,227,180,47
118900100,161,192,-31
118900101,151,408,-257
118900102,53,93,-40
118900103,99,157,-58
118900104,316,138,178
118900105,229,106,123
118900107,138,73,65
118900108,118,90,28
118900110,1361,896,465
118900111,584,454,130
118900112,133,173,-40
118900113,109,405,-296
118900114,33,84,-51
118900115,135,391,-256
118900116,153,232,-79
118900117,113,215,-102
118900118,370,305,65
118900119,159,229,-70
118900120,129,318,-189
118900121,8,116,-108
118900122,18,1177,-1159
118900123,169,276,-107
118900124,104,198,-94
118900126,26,362,-336
118900129,304,207,97
118900130,56,239,-183
118900131,232,251,-19
118900132,424,175,249
118900133,20,105,-85
118900135,267,207,60
118900136,264,412,-148
118900137,9,33,-24
118900139,228,300,-72
118900140,460,480,-20
118900141,72,147,-75
118900144,235,306,-71
118900145,65,133,-68
118900146,383,566,-183
118900147,227,130,97
118900148,91,43,48
118900150,167,523,-356
118900152,661,632,29
118900157,87,195,-108
118900158,160,58,102
118900159,3,130,-127
118900161,62,16,46
118900163,102,76,26
118900164,3,97,-94
118900165,66,154,-88
118900166,78,1,77
118900167,96,107,-11
118900168,23,159,-136
118900169,145,253,-108
118900170,263,86,177
118900171,44,73,-29
118900174,47,57,-10
118900175,539,526,13
118900176,177,255,-78
118900177,111,65,46
118900178,81,176,-95
118900179,1,32,-31
118900181,168,114,54
118900182,146,45,101
118900183,20,156,-136
118900184,368,157,211
118900185,161,86,75
118900186,94,122,-28
118900187,260,282,-22
118900188,318,253,65
118900189,32,902,-870
118900190,27,263,-236
118900191,248,40,208
118900192,270,16,254
118900193,718,9,709
118900195,334,581,-247
118900196,40,131,-91
118900197,206,47,159
118900198,46,23,23
118900199,132,45,87
118900200,28,14,14
118900201,60,60,0
118900202,15,51,-36
118900203,28,18,10
118900204,29,35,-6
118900205,5,9,-4
118900206,5,7,-2
119000001,1499,1776,-277
119000002,4944,3142,1802
119000003,3332,976,2356
119000004,2979,1415,1564
119000005,2113,2171,-58
119000006,3420,1534,1886
119000007,3975,3799,176
119000008,1978,1963,15
119000009,3849,6203,-2354
119000010,5844,4767,1077
119000011,3767,3660,107
119000012,2552,3998,-1446
119000013,3215,1880,1335
119000014,1652,2554,-902
119000019,342,189,153
119000020,2646,1497,1149
119000021,5563,2895,2668
119000022,2444,3910,-1466
119000023,289,278,11
119000024,2299,15119,-12820
119000025,5430,1556,3874
119000026,156,596,-440
119000027,258,489,-231
119000028,1765,836,929
119000029,140,367,-227
119000030,585,945,-360
119000031,971,625,346
119000032,2965,2497,468
119000033,2525,1353,1172
119000034,1277,983,294
119000035,38,245,-207
119000036,2275,744,1531
119000037,1481,1331,150
119000038,182,635,-453
119000039,382,283,99
119000040,763,676,87
119000041,809,1306,-497
119000048,2735,2175,560
119000049,2101,1560,541
119000050,1761,1585,176
119000051,2457,969,1488
119000052,1736,2704,-968
119000053,2010,1159,851
119000054,3795,2302,1493
119000055,6008,2830,3178
119000056,3482,1942,1540
119000057,1616,1560,56
119000058,2092,1510,582
119000059,1467,1576,-109
119000060,1925,1166,759
119000061,1222,827,395
119000062,1407,1386,21
119000063,816,434,382
119000064,1021,1373,-352
119000065,1968,3716,-1748
119000066,2859,1198,1661
119000067,1850,1678,172
119000068,2050,974,1076
119000069,1762,2071,-309
119000070,3282,819,2463
119000071,626,678,-52
119000072,5255,3356,1899
119000073,5694,8241,-2547
119000074,1713,1711,2
119000075,3201,2212,989
119000076,437,1496,-1059
119000077,970,690,280
119000078,510,310,200
119000079,248,919,-671
119000080,483,216,267
119000081,371,766,-395
119000082,1162,304,858
119000083,745,416,329
119000084,409,585,-176
119000085,983,220,763
119000086,396,475,-79
119000087,1459,738,721
119000088,449,235,214
119000089,88,224,-136
119000090,190,161,29
119000091,86,385,-299
119000092,574,203,371
119000093,3456,2229,1227
119000094,3979,5105,-1126
119000095,2320,2470,-150
119000097,1896,1318,578
119000098,1171,3672,-2501
119000099,2516,1898,618
119000100,5038,3334,1704
119000101,5330,2313,3017
119000102,971,1323,-352
119000103,1405,669,736
119000104,2185,1245,940
119000105,1283,2455,-1172
119000106,371,1054,-683
119000107,1333,487,846
119000108,429,719,-290
119000109,202,1144,-942
119000110,571,1047,-476
119000111,56,990,-934
119000112,187,197,-10
119000113,2476,468,2008
119000114,1196,1328,-132
119000115,150,171,-21
119000116,107,78,29
119000117,261,425,-164
119000118,5,3,2
119000123,4036,1893,2143
119000124,869,177,692
119000125,4477,579,3898
119000126,1592,654,938
119000127,754,449,305
119000128,43,2,41
119000131,1145,508,637
119000132,1,1,0
119000133,0,12,-12
119000134,1757,557,1200
119000135,172,229,-57
119000136,261,137,124
119000137,382,193,189
119000138,608,254,354
119000139,336,179,157
119000140,380,361,19
119000284,1177,2710,-1533
119000285,1953,1859,94
119000286,6296,4967,1329
119000287,1541,1826,-285
119000288,2024,1031,993
119000289,1456,2268,-812
119000290,253,358,-105
119000291,13,222,-209
119000293,211,176,35
119000294,50,32,18
119000295,1175,318,857
119000296,352,146,206
119000302,1671,1203,468
119000303,67,134,-67
119000304,0,0,0
119000310,0,0,0
119000314,1751,12854,-11103
119000315,3,286,-283
119000316,221,116,105
119000317,153,203,-50
119900001,289,1297,-1008
119900002,212,248,-36
119900003,30,752,-722
119900004,314,1483,-1169
119900005,266,94,172
119900006,300,415,-115
119900007,1380,314,1066
119900008,204,53,151
119900009,743,633,110
119900010,1595,1729,-134
119900011,27,132,-105
119900012,12,128,-116
119900013,2398,1562,836
119900014,708,422,286
119900015,167,47,120
119900016,63,66,-3
119900017,60,23,37
119900018,1706,1117,589
119900019,55,8,47
119900020,204,192,12
119900021,242,148,94
119900022,122,957,-835
119900023,495,1661,-1166
119900025,251,11,240
119900026,674,163,511
119900027,71,23,48
119900028,271,170,101
119900029,2,10,-8
119900030,795,430,365
119900031,70,544,-474
119900033,2215,355,1860
119900034,521,98,423
119900037,165,37,128
119900038,51,374,-323
119900039,73,12,61
119900040,105,13,92
119900041,172,25,147
119900042,334,154,180
119900043,123,122,1
119900044,318,1038,-720
119900046,191,52,139
119900047,422,129,293
119900048,34,25,9
119900049,170,10,160
119900050,148,170,-22
119900051,573,9,564
119900052,99,27,72
119900053,289,146,143
119900054,193,16,177
119900055,1666,450,1216
119900057,280,62,218
119900058,408,7,401
119900059,140,51,89
119900060,384,31,353
119900062,119,35,84
119900063,25,61,-36
119900065,335,10,325
119900066,3,6,-3
119900067,158,34,124
119900068,668,6,662
119900069,167,32,135
119900070,1205,45,1160
119900071,983,42,941
119900073,1637,625,1012
119900074,55,42,13
119900075,3731,2848,883
119900076,767,242,525
119900077,1101,659,442
119900078,739,768,-29
119900079,406,189,217
119900080,2045,1113,932
119900081,389,51,338
119900082,1794,200,1594
119900083,497,160,337
119900084,828,397,431
119900085,57,62,-5
119900087,757,560,197
119900088,54,52,2
119900089,75,417,-342
119900090,112,70,42
119900091,36,698,-662
119900092,114,434,-320
119900093,1418,254,1164
119900094,48,208,-160
119900095,212,83,129
119900096,45,173,-128
119900097,478,162,316
119900098,58,63,-5
119900099,29,228,-199
119900100,1696,2899,-1203
119900101,171,2010,-1839
119900102,37,236,-199
119900103,49,302,-253
119900104,66,227,-161
119900105,1415,5801,-4386
119900106,11,135,-124
119900107,292,2009,-1717
119900108,5193,695,4498
119900109,14,148,-134
119900110,1066,513,553
119900111,158,199,-41
119900112,1175,542,633
119900113,43,219,-176
119900114,327,1021,-694
119900115,451,628,-177
119900116,206,460,-254
119900117,401,657,-256
119900118,131,616,-485
119900119,322,191,131
119900120,928,563,365
119900121,405,693,-288
119900122,354,281,73
119900123,290,260,30
119900124,228,635,-407
119900125,44,282,-238
119900126,4241,415,3826
119900127,1715,908,807
119900128,494,493,1
119900129,236,396,-160
119900130,54,262,-208
119900131,32,206,-174
119900132,4,140,-136
119900133,71,108,-37
119900134,1197,210,987
119900135,3,297,-294
119900136,178,309,-131
119900138,296,538,-242
119900139,103,136,-33
119900140,8,149,-141
119900141,95,845,-750
119900142,30,28,2
119900143,15,220,-205
119900144,1621,299,1322
119900145,107,124,-17
119900146,273,208,65
119900147,1,192,-191
119900148,355,70,285
119900149,1012,6097,-5085
119900150,155,130,25
119900151,2171,1011,1160
119900152,156,228,-72
119900153,293,68,225
119900154,71,231,-160
119900155,69,32,37
119900156,20,7,13
119900157,180,206,-26
119900158,324,83,241
119900159,2,993,-991
119900160,22,167,-145
119900161,207,185,22
119900162,1389,1303,86
119900163,114,183,-69
119900164,3,3,0
119900165,174,147,27
119900166,158,59,99
119900167,67,74,-7
119900168,1338,563,775
119900169,102,329,-227
119900170,210,313,-103
119900171,1146,400,746
119900172,153,23,130
119900173,8,317,-309
119900174,2,208,-206
119900175,1867,608,1259
119900177,18,181,-163
119900178,16,104,-88
119900179,134,704,-570
119900180,1307,1043,264
119900181,88,161,-73
119900182,3,261,-258
119900183,173,566,-393
119900184,1653,419,1234
119900185,61,247,-186
119900186,53,1202,-1149
119900187,9,332,-323
119900188,186,393,-207
119900189,439,504,-65
119900190,95,353,-258
119900191,255,227,28
119900192,85,142,-57
119900193,579,183,396
119900194,44,76,-32
119900195,66,185,-119
119900196,1049,387,662
119900197,279,195,84
119900198,413,238,175
119900199,166,27,139
119900200,854,658,196
119900201,411,218,193
119900202,124,342,-218
119900203,267,785,-518
119900204,345,254,91
119900205,1005,451,554
119900206,250,122,128
119900208,285,194,91
119900209,642,1605,-963
119900210,46,24,22
119900211,65,8,57
119900212,298,253,45
119900213,12,76,-64
119900214,41,58,-17
119900215,41,75,-34
119900216,21,51,-30
119900217,12,68,-56
119900218,54,56,-2
119900219,4,72,-68
119900220,3,85,-82
119900221,16,179,-163
119900222,13,159,-146
119900223,29,67,-38
119900224,8,20,-12
119900225,738,57,681
119900226,657,2402,-1745
119900227,1008,362,646
119900228,260,291,-31
119900229,312,848,-536
119900230,1278,562,716
119900231,366,202,164
119900232,261,132,129
119900233,85,0,85
119900234,56,106,-50
119900235,24,68,-44
119900236,25,156,-131
119900237,57,436,-379
119900238,19,77,-58
119900240,105,129,-24
119900241,141,268,-127
119900242,1449,2021,-572
119900244,731,1449,-718
119900245,128,174,-46
119900246,389,702,-313
119900247,35,148,-113
119900248,107,337,-230
119900249,332,147,185
119900253,2117,357,1760
119900254,120,908,-788
119900255,136,805,-669
119900256,941,805,136
119900257,117,6,111
119900258,237,14,223
119900259,16,119,-103
119900260,222,13,209
119900261,574,155,419
119900262,1,161,-160
119900263,1319,334,985
119900264,159,138,21
119900265,1036,364,672
119900266,497,248,249
119900267,279,418,-139
119900268,257,148,109
119900269,1796,1223,573
119900271,99,109,-10
119900272,410,254,156
119900275,236,153,83
119900276,56,2,54
119900277,3,8,-5
119900278,442,143,299
119900279,222,437,-215
119900280,600,131,469
119900281,1,277,-276
119900282,60,127,-67
119900283,36,197,-161
119900284,75,230,-155
119900285,23,107,-84
119900286,9,23,-14
119900288,7,15,-8
119900289,0,17,-17
119900290,9,9,0
119900291,1,90,-89
119900292,52,47,5
119900293,32,10,22
119900294,34,0,34
119900295,0,0,0
119900296,4,0,4
119900299,99,118,-19
119900300,362,192,170
119900301,99,263,-164
119900302,172,153,19
119900303,419,158,261
119900304,279,50,229
119900305,5,98,-93
119900306,30,7,23
119900307,110,81,29
119900308,9,29,-20
119900309,85,190,-105
119900310,275,225,50
119900311,166,109,57
119900312,114,78,36
119900313,260,317,-57
119900314,265,467,-202
119900315,2442,1765,677
119900318,41,57,-16
119900319,0,229,-229
119900320,434,581,-147
119900321,99,5,94
119900322,12,61,-49
119900323,4,101,-97
119900324,0,39,-39
119900325,246,187,59
119900326,50,88,-38
120000001,6374,18820,-12446
120000002,2717,2345,372
120000003,3047,1587,1460
120000004,2571,1682,889
120000005,3571,2014,1557
120000006,1403,1178,225
120000007,3407,3397,10
120000008,1002,1342,-340
120000009,2059,1044,1015
120000010,2050,2268,-218
120000011,1156,1515,-359
120000012,1866,2373,-507
120000013,3405,2916,489
120000014,782,1461,-679
120000015,2953,1488,1465
120000016,4312,2297,2015
120000017,4035,3035,1000
120000018,3522,15694,-12172
120000019,1134,1765,-631
120000020,3263,3781,-518
120000021,2042,2449,-407
120000022,2989,4281,-1292
120000023,1183,1829,-646
120000024,1579,2693,-1114
120000025,3118,1803,1315
120000026,2680,1825,855
120000027,2548,2454,94
120000028,886,1461,-575
120000029,3245,1726,1519
120000030,1019,1379,-360
120000031,2466,7484,-5018
120000032,7750,3601,4149
120000033,5385,1558,3827
120000034,2643,1519,1124
120000035,2589,1764,825
120000036,3529,5278,-1749
120000037,667,1855,-1188
120000038,5543,4144,1399
120000039,838,891,-53
120000040,198,694,-496
120000041,1353,1581,-228
120000042,2674,2161,513
120000043,6041,1509,4532
120000044,6408,1683,4725
120000045,7215,1095,6120
120000046,4297,3287,1010
120000047,969,7191,-6222
120000048,6759,4330,2429
120000049,3814,2861,953
120000050,4173,3875,298
120000051,2904,4783,-1879
120000052,7401,2520,4881
120000053,1569,1712,-143
120000054,1491,3200,-1709
120000055,1847,4012,-2165
120000056,5876,4016,1860
120000057,5069,975,4094
120000058,2719,1188,1531
120000059,7,1877,-1870
120000061,99,560,-461
120000062,212,369,-157
120000063,1423,2304,-881
120000064,249,889,-640
120000065,682,1225,-543
120000066,426,487,-61
120000067,64,448,-384
120000068,258,682,-424
120000069,666,857,-191
120000070,128,607,-479
120000071,822,105,717
120000072,951,423,528
120000073,1172,101,1071
120000074,228,89,139
120000075,1302,296,1006
120000076,3081,430,2651
120000077,2596,653,1943
120000078,4131,1398,2733
120000079,322,149,173
120000080,220,216,4
120000081,453,154,299
120000082,308,206,102
120000083,79,742,-663
120000084,366,362,4
120000085,367,363,4
120000086,324,454,-130
120000087,270,456,-186
120000088,894,1111,-217
120000089,1314,664,650
120000090,730,541,189
120000091,1079,1013,66
120000092,1410,575,835
120000093,645,426,219
120000094,214,742,-528
120000095,1164,404,760
120000096,336,617,-281
120000098,1107,813,294
120000099,530,688,-158
120000100,962,752,210
120000101,801,505,296
120000102,861,1065,-204
120000103,1813,1097,716
120000104,2443,593,1850
120000105,3903,769,3134
120000106,3198,777,2421
120000107,5781,658,5123
120000108,2119,214,1905
120000109,1419,98,1321
120000110,68,836,-768
120000111,106,892,-786
120000112,815,2066,-1251
120000113,590,1525,-935
120000114,905,1839,-934
120000115,270,1680,-1410
120000116,640,1662,-1022
120000117,1003,1294,-291
120000118,60,42,18
120000119,20,55,-35
120000120,119,113,6
120000121,29,60,-31
120000122,271,473,-202
120000123,3517,7776,-4259
120000124,598,386,212
120000125,672,657,15
120000126,443,1079,-636
120000127,2173,1221,952
120000128,3009,4622,-1613
120000129,205,247,-42
120000130,928,529,399
120000131,496,704,-208
120000134,415,826,-411
120000135,785,615,170
120000137,280,981,-701
120000138,1424,468,956
120000139,441,545,-104
120000140,1223,479,744
120000141,611,319,292
120000142,917,566,351
120000143,2,72,-70
120000144,179,4,175
120000145,514,4,510
120000146,950,930,20
120000149,775,1029,-254
120000150,3050,13442,-10392
120000151,545,405,140
120000152,767,163,604
120000153,384,533,-149
120000154,470,522,-52
120000155,164,296,-132
120000156,699,1598,-899
120000157,1345,749,596
120000158,1194,819,375
120000159,2280,2292,-12
120000160,3029,1795,1234
120000161,2975,2301,674
120000162,90,318,-228
120000163,920,1012,-92
120000164,732,286,446
120000165,722,660,62
120000166,1940,529,1411
120000167,219,325,-106
120000168,27,851,-824
120000169,55,2353,-2298
120000170,57,1895,-1838
120000171,25,628,-603
120000172,21,303,-282
120000173,1506,1913,-407
120000174,336,79,257
120000175,199,39,160
120000176,277,68,209
120000177,1656,165,1491
120000178,174,25,149
120000179,253,59,194
120000180,851,125,726
120000181,236,2239,-2003
120000182,79,864,-785
120000183,19,649,-630
120000184,192,1973,-1781
120000186,23,689,-666
120000187,31,328,-297
120000188,87,878,-791
120000190,609,79,530
120000191,777,116,661
120000192,819,42,777
120000193,338,14,324
120000195,84,10,74
120000196,469,24,445
120000197,148,107,41
120000198,286,87,199
120000199,161,0,161
120000200,134,1,133
120000201,15,25,-10
120000202,8,58,-50
120000203,73,187,-114
120000207,3,39,-36
120000208,9,220,-211
120000209,6,57,-51
120000210,52,83,-31
120000211,246,1,245
120000212,307,1,306
120000213,270,248,22
120000214,2,214,-212
120000215,5,117,-112
120000216,138,26,112
120000217,498,1192,-694
120000218,111,547,-436
120000219,11,369,-358
120000220,6,976,-970
120000225,2234,5,2229
120000226,583,7,576
120000227,1231,99,1132
120000228,11963,4395,7568
120000230,587,42,545
120000231,1931,1951,-20
120000233,529,2,527
120000235,393,592,-199
120000236,1563,5,1558
120000237,0,1143,-1143
120000238,4,1140,-1136
120000241,1369,4214,-2845
120000412,665,14,651
120000413,321,223,98
120000414,165,4,161
120000415,2,103,-101
120000416,238,6,232
120000417,17,91,-74
120000418,248,27,221
120000419,13,191,-178
120000420,64,19,45
120000421,8934,5625,3309
120000422,122,2002,-1880
120000423,2,95,-93
120000424,158,145,13
120000436,106,856,-750
120000437,104,122,-18
120000438,1933,257,1676
120000439,230,663,-433
120000443,318,2,316
120000444,1896,450,1446
120000445,2049,1087,962
120000446,644,190,454
120000447,325,0,325
120000449,152,9,143
120000450,8,133,-125
120000451,173,292,-119
120000452,385,1,384
120000453,0,281,-281
120000454,72,62,10
120000455,80,56,24
120000456,2506,4532,-2026
120000457,939,379,560
120000458,592,591,1
120000459,141,65,76
120000665,1231,346,885
120000668,151,1437,-1286
120000669,157,216,-59
120000670,205,876,-671
120000671,1535,571,964
120000672,131,570,-439
120900001,114,103,11
120900002,439,701,-262
120900003,298,33,265
120900004,46,113,-67
120900005,66,768,-702
120900006,553,248,305
120900007,263,88,175
120900008,415,979,-564
120900009,895,65,830
120900010,672,162,510
120900011,207,257,-50
120900012,231,1757,-1526
120900013,489,141,348
120900014,2,408,-406
120900015,1179,76,1103
120900016,1150,61,1089
120900017,2112,138,1974
120900018,136,362,-226
120900019,860,446,414
120900020,812,1662,-850
120900021,1068,240,828
120900022,23,263,-240
120900023,483,39,444
120900024,2172,614,1558
120900025,1485,1120,365
120900026,179,220,-41
120900027,1303,46,1257
120900028,576,120,456
120900029,115,646,-531
120900030,1780,944,836
120900031,337,130,207
120900032,1523,95,1428
120900033,1627,103,1524
120900034,81,2935,-2854
120900035,44,101,-57
120900037,393,9,384
120900038,85,368,-283
120900039,171,70,101
120900040,511,5,506
120900041,116,23,93
120900042,730,54,676
120900043,198,81,117
120900044,48,423,-375
120900045,172,111,61
120900046,702,9,693
120900047,222,145,77
120900048,186,33,153
120900049,675,5,670
120900050,1654,1916,-262
120900051,407,140,267
120900052,866,10,856
120900053,483,55,428
120900054,1590,600,990
120900055,532,3,529
120900056,706,19,687
120900057,214,11,203
120900058,705,4,701
120900059,117,1,116
120900060,129,36,93
120900061,272,220,52
120900062,338,5,333
120900063,830,11,819
120900064,911,4,907
120900065,709,3,706
120900066,418,280,138
120900067,219,70,149
120900068,428,0,428
120900069,300,30,270
120900071,51,12,39
120900072,1012,6,1006
120900073,787,105,682
120900074,1012,12,1000
120900076,526,0,526
120900077,2529,347,2182
120900078,1009,646,363
120900079,988,81,907
120900080,1151,1184,-33
120900081,1154,587,567
120900082,593,494,99
120900083,126,4,122
120900084,499,469,30
120900085,60,109,-49
120900086,97,416,-319
120900087,702,459,243
120900088,249,639,-390
120900089,2523,3792,-1269
120900090,355,111,244
120900091,800,1133,-333
120900092,1027,365,662
120900093,1603,138,1465
120900094,403,191,212
120900095,485,20,465
120900096,81,249,-168
120900097,716,563,153
120900098,238,162,76
120900099,107,70,37
120900100,73,188,-115
120900101,479,230,249
120900102,71,114,-43
120900103,67,221,-154
120900104,27,44,-17
120900105,66,395,-329
120900106,1037,453,584
120900107,258,129,129
120900108,1,404,-403
120900109,52,432,-380
120900110,16,759,-743
120900111,261,328,-67
120900112,16,635,-619
120900113,21,606,-585
120900114,45,117,-72
120900115,182,306,-124
120900116,609,314,295
120900117,3,326,-323
120900118,19,608,-589
120900119,8710,5375,3335
120900120,54,409,-355
120900121,251,451,-200
120900122,823,380,443
120900123,2,298,-296
120900124,3,383,-380
120900125,1,456,-455
120900126,1433,903,530
120900127,16,317,-301
120900128,1039,1266,-227
120900129,47,220,-173
120900130,17,312,-295
120900131,154,75,79
120900132,1302,219,1083
120900133,155,750,-595
120900134,631,344,287
120900135,4,397,-393
120900136,60,87,-27
120900137,398,124,274
120900138,30,170,-140
120900139,4,483,-479
120900140,6,114,-108
120900141,231,238,-7
120900142,7,377,-370
120900143,1,565,-564
120900144,0,150,-150
120900145,241,670,-429
120900146,2,765,-763
120900147,13,498,-485
120900148,214,180,34
120900149,0,252,-252
120900150,67,396,-329
120900151,1,448,-447
120900152,30,24,6
120900153,46,169,-123
120900154,6,134,-128
120900155,209,780,-571
120900156,73,301,-228
120900157,121,391,-270
120900158,66,568,-502
120900159,355,734,-379
120900160,33,590,-557
120900161,132,526,-394
120900162,148,972,-824
120900163,178,1637,-1459
120900164,3,60,-57
120900165,8,133,-125
120900166,199,600,-401
120900167,426,142,284
120900169,116,215,-99
120900170,831,3735,-2904
120900171,909,199,710
120900172,984,2060,-1076
120900173,11,39,-28
120900174,14,95,-81
120900175,318,154,164
120900176,24,476,-452
120900177,2,1734,-1732
120900178,1,739,-738
120900179,718,433,285
120900180,85,189,-104
120900181,98,41,57
120900182,44,475,-431
120900183,803,120,683
120900184,454,86,368
120900185,30,655,-625
120900186,1,304,-303
120900187,808,1099,-291
120900188,328,14,314
120900189,85,1916,-1831
120900190,117,7,110
120900191,19,14,5
120900192,7312,10447,-3135
120900194,75,118,-43
120900195,128,354,-226
120900196,1137,62,1075
120900197,1128,178,950
120900198,334,491,-157
120900199,503,483,20
120900200,100,119,-19
120900201,485,181,304
120900202,4,176,-172
120900203,62,77,-15
120900204,157,191,-34
120900205,79,46,33
120900206,48,56,-8
120900207,70,1094,-1024
121000001,803,961,-158
121000002,2481,1493,988
121000003,3350,1702,1648
121000004,2650,3964,-1314
121000005,1763,2598,-835
121000006,3590,1961,1629
121000007,2335,3017,-682
121000008,5280,4054,1226
121000009,4714,5784,-1070
121000010,8145,6623,1522
121000011,8315,13041,-4726
121000012,16220,11750,4470
121000013,4811,7194,-2383
121000014,6052,5322,730
121000015,3985,6854,-2869
121000016,3961,3285,676
121000017,2463,4022,-1559
121000018,3201,2029,1172
121000019,15477,13079,2398
121000020,14299,21126,-6827
121000021,3136,2712,424
121000022,3667,3786,-119
121000023,3826,2671,1155
121000024,5724,4959,765
121000025,582,1446,-864
121000026,466,162,304
121000027,1524,1303,221
121000028,1104,572,532
121000029,1143,683,460
121000030,714,443,271
121000031,728,671,57
121000032,243,161,82
121000034,401,221,180
121000035,144,125,19
121000036,946,829,117
121000037,578,620,-42
121000038,482,1107,-625
121000039,233,443,-210
121000041,544,459,85
121000042,394,427,-33
121000043,619,598,21
121000044,1472,1008,464
121000045,551,304,247
121000046,802,1040,-238
121000047,55,115,-60
121000049,1116,557,559
121000050,338,1258,-920
121000051,586,268,318
121000052,392,656,-264
121000053,344,138,206
121000054,43,348,-305
121000055,1046,1077,-31
121000056,843,1084,-241
121000057,275,547,-272
121000058,421,203,218
121000059,2382,1221,1161
121000060,612,1222,-610
121000061,106,430,-324
121000062,144,413,-269
121000063,1155,849,306
121000064,907,881,26
121000065,348,434,-86
121000066,670,606,64
121000067,464,591,-127
121000068,676,412,264
121000069,399,829,-430
121000070,2310,1170,1140
121000071,2068,1520,548
121000072,1926,814,1112
121000073,1413,1006,407
121000074,150,157,-7
121000075,46,273,-227
121000076,584,390,194
121000077,152,178,-26
121000078,94,131,-37
121000080,1967,574,1393
121000081,3679,3644,35
121000082,118,241,-123
121000083,190,110,80
121000084,212,202,10
121000085,235,432,-197
121000086,419,660,-241
121000087,91,276,-185
121000088,578,585,-7
121000089,307,484,-177
121000090,371,425,-54
121000091,1404,1056,348
121000092,206,81,125
121000093,242,202,40
121000094,577,849,-272
121000095,403,711,-308
121000096,2663,2569,94
121000097,897,2444,-1547
121000098,716,1002,-286
121000099,828,754,74
121000100,1200,370,830
121000101,536,309,227
121000102,409,304,105
121000103,233,291,-58
121000104,312,145,167
121000105,608,251,357
121000106,522,401,121
121000107,2061,2904,-843
121000109,1132,1105,27
121000110,314,685,-371
121000114,2936,2108,828
121000115,1174,664,510
121000116,271,949,-678
121000117,539,260,279
121000118,1900,237,1663
121000119,349,525,-176
121000120,326,491,-165
121000121,690,1322,-632
121000123,1637,862,775
121000126,92,313,-221
121000127,195,117,78
121000128,1298,378,920
121000129,1478,603,875
121000130,848,823,25
121000131,2049,2332,-283
121000132,1557,2677,-1120
121000135,497,1214,-717
121000136,1446,1331,115
121000137,513,460,53
121000138,1116,1459,-343
121000139,593,549,44
121000141,293,185,108
121000142,653,811,-158
121000143,154,54,100
121000144,888,2151,-1263
121000145,549,889,-340
121000146,1622,1083,539
121000147,1232,530,702
121000148,912,1018,-106
121000149,2481,1431,1050
121000152,473,462,11
121000153,1964,662,1302
121000154,1239,609,630
121000155,1713,957,756
121000156,513,1056,-543
121000157,928,1908,-980
121000158,382,415,-33
121000159,205,382,-177
121000160,303,293,10
121000161,245,301,-56
121000162,152,164,-12
121000165,1477,2345,-868
121000166,19,483,-464
121000168,562,274,288
121000169,72,128,-56
121000170,396,127,269
121000171,65,174,-109
121000172,874,585,289
121000173,1585,1327,258
121000174,482,489,-7
121000175,1130,435,695
121000176,412,265,147
121000177,939,611,328
121000178,150,64,86
121000179,130,61,69
121000181,588,379,209
121000182,178,235,-57
121000183,114,128,-14
121000184,76,331,-255
121000185,70,243,-173
121000186,250,612,-362
121000187,191,141,50
121000188,244,146,98
121000192,1109,488,621
121000193,674,499,175
121000194,2025,2064,-39
121000195,211,798,-587
121000196,670,234,436
121000197,189,661,-472
121000198,214,149,65
121000199,156,291,-135
121000200,660,103,557
121000201,14,172,-158
121000202,1064,133,931
121000203,1032,1715,-683
121000204,3608,671,2937
121000205,112,261,-149
121000206,176,100,76
121000207,2412,488,1924
121000208,6,328,-322
121000209,529,204,325
121000210,843,303,540
121000211,488,125,363
121000212,658,545,113
121000213,10190,2996,7194
121000214,755,1991,-1236
121000215,989,1077,-88
121000216,472,539,-67
121000217,3974,3139,835
121000218,405,1389,-984
121000219,1432,485,947
121000220,158,93,65
121000221,142,319,-177
121000222,2448,2554,-106
121000223,350,408,-58
121000224,216,314,-98
121000225,970,2617,-1647
121000226,2354,1252,1102
121000227,8,181,-173
121000228,37,479,-442
121000229,437,371,66
121000230,67,1205,-1138
121000231,1322,52,1270
121000232,331,334,-3
121000233,675,327,348
121000234,16,23,-7
121000235,92,60,32
121000236,12,44,-32
121000237,55,13,42
121000238,8,91,-83
121000239,60,8,52
121000240,8,225,-217
121000241,107,27,80
121000242,67,352,-285
121000243,331,75,256
121000244,14,92,-78
121000245,55,21,34
121000246,4,115,-111
121000247,113,8,105
121000248,700,852,-152
121000249,103,331,-228
121000250,720,259,461
121000251,31,358,-327
121000252,102,83,19
121000253,376,397,-21
121000254,865,212,653
121000255,220,297,-77
121000256,360,226,134
121000257,42,103,-61
121000258,82,94,-12
121000259,64,74,-10
121000260,78,81,-3
121000261,90,57,33
121000262,892,713,179
121000263,445,409,36
121000271,321,1303,-982
121000273,42,12,30
121000274,21,79,-58
121000275,2,30,-28
121000276,7,39,-32
121000278,88,32,56
121000279,21,25,-4
121000280,29,80,-51
121000289,250,21,229
121000290,987,924,63
121000294,236,111,125
121000297,669,1151,-482
121000299,82,596,-514
121000300,749,631,118
121000302,53,1085,-1032
121000303,541,297,244
121000304,525,65,460
121000305,216,50,166
121000306,127,135,-8
121000308,196,334,-138
121000309,352,525,-173
121000310,142,263,-121
121000311,92,699,-607
121000312,445,366,79
121000313,342,524,-182
121000314,90,144,-54
121000315,46,96,-50
121000530,1913,1200,713
121000531,1847,1448,399
121000532,6982,8636,-1654
121000533,3551,3840,-289
121000918,39,124,-85
121000919,41,94,-53
121000938,77,121,-44
121000939,44,228,-184
121000956,1614,1128,486
121000957,4,20,-16
121000958,42,64,-22
121000959,1066,643,423
121000960,1622,1623,-1
121000961,303,86,217
121000962,494,483,11
121000973,0,193,-193
121000976,38,248,-210
121000979,627,186,441
121000981,319,154,165
121000982,492,173,319
121000983,522,326,196
121000984,23,62,-39
121000985,890,469,421
121000986,547,177,370
121000987,246,665,-419
121000988,1042,129,913
121001302,293,130,163
121001308,1,30,-29
121001309,56,173,-117
121001311,0,0,0
121001313,259,197,62
121001314,1757,2590,-833
121001315,5799,3421,2378
121001318,0,0,0
121900001,107,150,-43
121900002,41,46,-5
121900003,416,26,390
121900004,98,476,-378
121900005,28,8,20
121900006,143,15,128
121900007,2065,2056,9
121900008,720,427,293
121900009,635,22,613
121900010,270,4,266
121900011,454,341,113
121900012,13,0,13
121900013,908,105,803
121900014,1540,354,1186
121900015,253,176,77
121900016,12,48,-36
121900017,915,484,431
121900018,407,12,395
121900019,569,284,285
121900020,28,2,26
121900021,939,17,922
121900022,274,235,39
121900023,165,331,-166
121900024,348,77,271
121900025,848,473,375
121900026,360,39,321
121900027,604,267,337
121900028,252,21,231
121900029,128,260,-132
121900030,509,609,-100
121900031,1024,7305,-6281
121900032,124,58,66
121900033,248,293,-45
121900034,253,91,162
121900035,3115,2684,431
121900036,113,330,-217
121900037,221,1157,-936
121900038,47,114,-67
121900039,378,67,311
121900040,118,125,-7
121900041,257,244,13
121900042,489,173,316
121900043,3,4,-1
121900044,144,83,61
121900046,386,358,28
121900047,234,89,145
121900048,86,119,-33
121900050,69,77,-8
121900051,179,243,-64
121900052,210,44,166
121900053,682,338,344
121900054,471,977,-506
121900055,8,21,-13
121900058,324,152,172
121900059,471,204,267
121900060,167,387,-220
121900061,197,178,19
121900062,150,183,-33
121900063,1959,476,1483
121900064,319,559,-240
121900066,96,36,60
121900067,58,46,12
121900069,218,134,84
121900070,233,186,47
121900071,452,259,193
121900072,35,119,-84
121900073,338,293,45
121900074,731,1300,-569
121900075,508,602,-94
121900076,480,680,-200
121900077,19,6,13
121900078,136,57,79
121900079,0,0,0
121900080,932,404,528
121900082,75,74,1
121900084,34,108,-74
121900085,1,17,-16
121900086,28,104,-76
121900087,220,163,57
121900088,1991,3505,-1514
121900089,285,249,36
121900090,35,76,-41
121900091,92,68,24
121900092,101,145,-44
121900093,95,61,34
121900094,19,4,15
121900095,362,197,165
121900096,1477,916,561
121900097,841,262,579
121900098,20,10,10
121900099,297,72,225
121900100,198,608,-410
121900101,209,137,72
121900102,11,156,-145
121900103,510,288,222
121900104,1774,266,1508
121900105,447,300,147
121900106,2,12,-10
121900107,56,36,20
121900108,0,20,-20
121900109,287,129,158
121900110,580,519,61
121900111,814,307,507
121900112,177,159,18
121900113,70,552,-482
121900114,70,88,-18
121900117,212,191,21
121900118,1680,675,1005
121900119,292,101,191
121900120,55,1269,-1214
121900121,459,42,417
121900122,35,71,-36
121900123,261,444,-183
121900124,291,181,110
121900125,1556,1306,250
121900127,37,110,-73
121900128,83,85,-2
121900129,532,244,288
121900130,143,245,-102
121900131,321,108,213
121900132,58,65,-7
121900133,79,1243,-1164
121900134,28,180,-152
121900135,3433,481,2952
121900136,574,375,199
121900137,30,381,-351
121900138,148,170,-22
121900139,298,644,-346
121900140,70,180,-110
121900141,105,28,77
121900142,173,161,12
121900143,35,204,-169
121900144,140,302,-162
121900145,273,442,-169
121900146,655,644,11
121900147,54,206,-152
121900148,190,286,-96
121900149,399,502,-103
121900150,62,129,-67
121900151,96,266,-170
121900152,96,105,-9
121900153,82,932,-850
121900154,24,222,-198
121900155,3,165,-162
121900156,202,190,12
121900157,2,365,-363
121900158,72,133,-61
121900159,1,256,-255
121900160,61,319,-258
121900161,272,408,-136
121900162,91,209,-118
121900163,450,518,-68
121900164,389,196,193
121900165,210,139,71
121900166,180,174,6
121900167,161,131,30
121900168,172,228,-56
121900169,4,157,-153
121900170,9,172,-163
121900171,881,661,220
121900172,618,207,411
121900173,834,249,585
121900174,52,75,-23
121900175,360,444,-84
121900176,491,1223,-732
121900177,234,78,156
121900178,44,38,6
121900179,576,244,332
121900180,2742,5644,-2902
121900182,984,378,606
121900183,631,1490,-859
121900184,69,675,-606
121900186,14,396,-382
121900187,25,143,-118
121900188,802,427,375
121900189,29,122,-93
121900190,205,402,-197
121900191,137,278,-141
121900192,344,891,-547
121900193,52,132,-80
121900194,10,393,-383
121900195,93,87,6
121900196,753,931,-178
121900197,491,1161,-670
121900198,1345,1182,163
121900199,5,44,-39
121900200,91,246,-155
121900201,1040,968,72
121900202,108,673,-565
121900203,215,1059,-844
121900204,811,1549,-738
121900205,9,84,-75
121900206,19,40,-21
121900207,127,59,68
121900208,241,401,-160
121900209,90,49,41
121900210,1544,1302,242
121900211,25,100,-75
121900212,158,139,19
121900213,278,92,186
121900214,15,575,-560
121900215,70,116,-46
121900216,39,351,-312
121900217,316,221,95
121900218,206,475,-269
121900220,166,14,152
121900221,333,695,-362
121900222,167,169,-2
121900223,198,46,152
121900224,132,43,89
121900225,124,143,-19
121900226,413,324,89
121900227,282,607,-325
121900228,166,274,-108
121900230,92,319,-227
121900231,230,1400,-1170
121900232,235,408,-173
121900233,204,161,43
121900234,447,253,194
121900235,686,172,514
121900236,416,201,215
121900237,157,306,-149
121900238,171,282,-111
121900239,218,40,178
121900240,305,157,148
121900241,84,71,13
121900242,5,1,4
121900243,15,0,15
121900244,21,4,17
121900245,237,74,163
121900246,3045,354,2691
121900247,312,224,88
121900248,1396,1567,-171
121900250,288,360,-72
121900251,534,68,466
121900252,647,188,459
121900253,120,744,-624
121900254,543,259,284
121900255,474,123,351
121900258,4156,2116,2040
121900259,450,650,-200
121900260,171,123,48
121900261,177,602,-425
121900262,358,1144,-786
121900263,325,286,39
121900264,1628,1349,279
121900265,360,250,110
121900266,615,135,480
121900267,93,56,37
121900269,286,958,-672
121900270,42,192,-150
121900271,68,158,-90
121900273,505,1910,-1405
121900274,397,180,217
121900277,445,1222,-777
121900278,164,924,-760
121900279,146,228,-82
121900280,138,479,-341
121900281,286,447,-161
121900284,112,15,97
121900286,160,168,-8
121900287,12,22,-10
121900288,3,0,3
121900290,222,419,-197
121900291,401,906,-505
121900292,176,144,32
121900293,1017,2749,-1732
121900294,332,4,328
121900295,166,195,-29
121900296,84,280,-196
121900298,325,898,-573
121900299,2,22,-20
121900300,90,7,83
121900301,82,9,73
121900302,13,42,-29
121900303,350,507,-157
121900304,0,12,-12
121900305,2,9,-7
121900306,263,1,262
121900307,150,17,133
121900308,27,274,-247
121900309,10,210,-200
121900310,38,378,-340
121900311,505,21,484
121900312,318,17,301
121900313,419,47,372
121900314,8,59,-51
121900315,22,0,22
121900316,0,8,-8
121900317,22,5,17
121900318,2,22,-20
121900319,37,73,-36
121900320,36,68,-32
121900321,8,3,5
121900322,5,15,-10
121900323,23,38,-15
121900324,3,43,-40
121900325,13,6,7
121900326,2,31,-29
121900327,3,42,-39
121900328,0,22,-22
121900329,2,90,-88
121900330,0,24,-24
121900331,43,77,-34
121900332,111,34,77
121900333,32,0,32
121900334,3,12,-9
122000001,1829,5225,-3396
122000002,3467,1404,2063
122000003,1991,2850,-859
122000004,3139,1642,1497
122000005,2669,2211,458
122000006,1561,1095,466
122000007,959,1660,-701
122000008,2444,4130,-1686
122000009,405,424,-19
122000010,2054,2780,-726
122000011,3140,1734,1406
122000012,1064,1735,-671
122000013,1097,1193,-96
122000014,1876,1143,733
122000015,1316,1192,124
122000016,677,909,-232
122000017,1309,1181,128
122000018,1582,1487,95
122000019,797,1121,-324
122000020,257,357,-100
122000021,254,531,-277
122000022,1190,1040,150
122000023,776,1625,-849
122000024,585,1429,-844
122000025,884,2085,-1201
122000026,662,1426,-764
122000027,661,1727,-1066
122000028,952,515,437
122000029,631,512,119
122000030,257,185,72
122000031,190,329,-139
122000032,1911,2024,-113
122000033,626,1440,-814
122000034,544,637,-93
122000035,292,681,-389
122000036,576,496,80
122000037,389,245,144
122000038,268,289,-21
122000039,535,510,25
122000040,268,343,-75
122000041,572,587,-15
122000042,306,412,-106
122000043,158,90,68
122000044,182,152,30
122000045,1288,557,731
122000046,849,718,131
122000047,279,251,28
122000048,3871,4780,-909
122000049,6050,3666,2384
122000050,1227,798,429
122000051,242,394,-152
122000052,511,536,-25
122000053,222,977,-755
122000054,2354,1979,375
122000055,2137,3517,-1380
122000056,4312,3564,748
122000057,3031,3738,-707
122000058,1685,1695,-10
122000059,1944,2422,-478
122000060,586,963,-377
122000061,485,693,-208
122000062,697,324,373
122000063,1049,870,179
122000064,3352,3676,-324
122000065,3109,2488,621
122000066,1215,1200,15
122000067,1637,1148,489
122000068,1766,1087,679
122000069,797,668,129
122000070,1022,1373,-351
122000071,1845,1169,676
122000072,464,505,-41
122000073,320,853,-533
122000074,3078,1641,1437
122000075,807,1187,-380
122000076,3461,1405,2056
122000077,902,1331,-429
122000078,1586,3045,-1459
122000079,991,1512,-521
122000080,780,383,397
122000081,223,273,-50
122000082,537,1095,-558
122000083,2410,1391,1019
122000084,2146,1006,1140
122000085,348,992,-644
122000086,2350,6831,-4481
122000087,450,397,53
122000088,538,834,-296
122000089,4762,2633,2129
122000090,240,634,-394
122000091,170,129,41
122000092,104,30,74
122000093,1556,2592,-1036
122000094,5243,4212,1031
122000095,2278,5579,-3301
122000096,1904,2189,-285
122000098,3164,3424,-260
122000099,1457,819,638
122000100,769,639,130
122000101,453,636,-183
122000102,2116,1118,998
122000103,1939,1554,385
122000104,441,196,245
122000105,624,306,318
122000106,413,786,-373
122000107,1127,436,691
122000108,544,870,-326
122000109,477,321,156
122000110,605,602,3
122000111,3044,1419,1625
122000112,1229,1495,-266
122000113,669,692,-23
122000114,2638,1581,1057
122000115,1945,1214,731
122000116,755,675,80
122000117,1843,510,1333
122000118,712,838,-126
122000119,3085,2540,545
122000120,1873,4064,-2191
122000121,1749,2999,-1250
122000122,656,1523,-867
122000123,2088,1815,273
122000124,1109,658,451
122000125,725,792,-67
122000126,744,1008,-264
122000127,1052,1143,-91
122000128,471,673,-202
122000129,562,1984,-1422
122000130,3311,1365,1946
122000131,1653,1111,542
122000132,412,477,-65
122000133,1079,1334,-255
122000134,1142,789,353
122000135,774,731,43
122000136,983,713,270
122000137,2489,1072,1417
122000139,1163,4719,-3556
122000140,698,688,10
122000141,3725,1243,2482
122000142,310,1064,-754
122000143,459,514,-55
122000144,1647,1086,561
122000145,1137,926,211
122000146,807,1195,-388
122000147,595,488,107
122000148,1394,2661,-1267
122000149,2128,1661,467
122000150,1405,1111,294
122000151,189,424,-235
122000152,412,417,-5
122000153,393,352,41
122000154,259,287,-28
122000155,1494,2743,-1249
122000156,2495,2722,-227
122000157,1110,2782,-1672
122000158,338,568,-230
122000159,746,1627,-881
122000160,3551,2414,1137
122000161,1273,1204,69
122000162,2160,1909,251
122000163,291,104,187
122000164,45,125,-80
122000165,770,649,121
122000166,913,1132,-219
122000167,382,303,79
122000168,182,629,-447
122000169,266,176,90
122000170,394,208,186
122000171,53,96,-43
122000172,1986,1441,545
122000173,1394,2495,-1101
122000174,2316,972,1344
122000175,941,298,643
122000176,313,844,-531
122000177,1621,1474,147
122000178,2902,2625,277
122000179,1535,2261,-726
122000180,1578,1366,212
122000181,1524,3124,-1600
122000182,1653,1985,-332
122000183,2348,1265,1083
122000184,2666,2594,72
122000185,1324,2027,-703
122000186,410,773,-363
122000187,2044,915,1129
122000188,536,264,272
122000189,275,342,-67
122000190,936,1248,-312
122000191,882,837,45
122000192,1118,420,698
122000193,430,846,-416
122000194,563,193,370
122000195,161,463,-302
122000196,1337,654,683
122000197,509,784,-275
122000198,507,978,-471
122000199,282,315,-33
122000200,900,649,251
122000201,1363,1592,-229
122000202,1311,1472,-161
122000203,2779,1566,1213
122000204,1311,1883,-572
122000205,1272,1405,-133
122000206,2552,1115,1437
122000207,2414,1466,948
122000208,2210,1488,722
122000209,2123,441,1682
122000210,2049,1597,452
122000211,1476,1314,162
122000212,934,597,337
122000213,1159,1513,-354
122000214,2515,2135,380
122000215,2165,1745,420
122000217,1865,1326,539
122000218,724,76,648
122000219,1131,960,171
122000220,395,714,-319
122000221,49,303,-254
122000222,543,147,396
122000223,1589,611,978
122000225,1113,371,742
122000226,1797,1668,129
122000227,237,2272,-2035
122000228,366,360,6
122000229,70,572,-502
122000230,296,430,-134
122000231,387,654,-267
122000232,680,870,-190
122000233,1,102,-101
122000234,451,61,390
122000235,470,124,346
122000236,1587,106,1481
122000237,127,96,31
122000238,524,418,106
122000239,717,198,519
122000240,1465,680,785
122000241,2269,541,1728
122000242,906,166,740
122000243,353,51,302
122000244,114,382,-268
122000245,92,142,-50
122000246,456,197,259
122000247,545,510,35
122000248,1142,1358,-216
122000249,1361,940,421
122000250,2612,1386,1226
122000251,290,444,-154
122000252,585,126,459
122000253,52,279,-227
122000254,315,90,225
122000255,792,1294,-502
122000256,313,853,-540
122000257,247,263,-16
122000258,422,295,127
122000259,28,355,-327
122000260,9,58,-49
122000261,18,237,-219
122000262,1,41,-40
122000263,589,256,333
122000264,1897,351,1546
122000265,2624,895,1729
122000266,4601,773,3828
122000267,176,136,40
122000268,139,376,-237
122000269,980,284,696
122000270,628,170,458
122000271,264,920,-656
122000272,343,761,-418
122000273,408,343,65
122000274,218,154,64
122000275,68,176,-108
122000276,1094,652,442
122000277,1580,1908,-328
122000278,2302,771,1531
122000279,306,416,-110
122000280,1184,707,477
122000281,1240,810,430
122000282,269,445,-176
122000283,284,198,86
122000284,368,83,285
122000285,401,73,328
122000286,77,147,-70
122000287,1488,1415,73
122000288,526,294,232
122000291,2414,727,1687
122000293,274,221,53
122000294,199,241,-42
122000295,1553,192,1361
122000296,41,548,-507
122000297,2395,3863,-1468
122000299,724,417,307
122000300,595,759,-164
122000301,8693,3716,4977
122000302,767,2015,-1248
122000303,2937,1324,1613
122000304,118,220,-102
122000305,1376,275,1101
122000306,41,461,-420
122000307,152,105,47
122000309,125,50,75
122000310,31,138,-107
122000311,244,154,90
122000312,149,237,-88
122000313,199,90,109
122000314,167,220,-53
122000315,318,51,267
122000316,1141,229,912
122000317,1719,326,1393
122000318,310,1139,-829
122000319,225,321,-96
122000320,281,1129,-848
122000321,125,202,-77
122000322,2104,2413,-309
122000323,1171,2360,-1189
122000324,1063,1281,-218
122000325,933,2152,-1219
122000326,139,110,29
122000327,437,744,-307
122000328,789,587,202
122000330,1897,963,934
122000332,208,387,-179
122000333,16,77,-61
122000337,1325,971,354
122000338,696,375,321
122000340,269,551,-282
122000342,1520,917,603
122000343,521,982,-461
122000344,180,27,153
122000345,27,19,8
122000346,401,371,30
122000348,1205,626,579
122000349,166,665,-499
122000351,219,197,22
122000352,356,134,222
122000353,145,59,86
122000355,168,359,-191
122000356,1078,1134,-56
122000357,108,36,72
122000358,0,45,-45
122000359,0,28,-28
122000360,0,29,-29
122000362,8,64,-56
122000364,232,308,-76
122000365,4,38,-34
122000366,23,13,10
122000368,475,637,-162
122000370,30,46,-16
122000371,27,1,26
122000372,14,1,13
122000381,150,338,-188
122000382,111,223,-112
122000384,2202,1191,1011
122000385,70,0,70
122000386,340,1702,-1362
122000387,572,663,-91
122000388,1758,774,984
122000389,151,724,-573
122000390,372,257,115
122000391,331,313,18
122000392,238,214,24
122000393,68,151,-83
122000394,561,214,347
122000395,159,100,59
122000396,364,88,276
122000397,29,50,-21
122000398,22,69,-47
122000399,148,62,86
122000400,99,728,-629
122000401,147,68,79
122000402,411,119,292
122000403,580,641,-61
122000404,170,170,0
122000408,767,1079,-312
122000503,9,129,-120
122000524,209,180,29
122000544,102,2503,-2401
122000616,277,1,276
122000640,100,96,4
122000641,118,235,-117
122000642,1175,858,317
122000643,65,233,-168
122000644,208,93,115
122000645,104,172,-68
122000651,1159,1065,94
122000664,156,46,110
122000665,1338,629,709
122000666,676,1163,-487
122000673,59,153,-94
122000674,245,73,172
122000675,2070,665,1405
122000686,508,959,-451
122000687,1843,362,1481
122000688,319,551,-232
122000689,1175,345,830
122000690,2733,370,2363
122000691,887,1289,-402
122000692,2056,371,1685
122000693,460,1843,-1383
122000695,435,396,39
122000696,527,207,320
122000698,516,495,21
122000699,254,111,143
122000701,1773,322,1451
122000702,510,962,-452
122000703,205,66,139
122000717,117,74,43
122000718,453,1158,-705
122000719,147,83,64
122000720,613,177,436
122000724,133,24,109
122900001,41,13,28
122900002,1376,6360,-4984
122900003,521,33,488
122900004,1869,92,1777
122900005,174,87,87
122900006,681,787,-106
122900007,152,97,55
122900008,579,275,304
122900009,674,546,128
122900010,261,102,159
122900012,215,404,-189
122900014,159,268,-109
122900015,1713,1899,-186
122900016,137,305,-168
122900017,389,851,-462
122900018,228,26,202
122900019,8,137,-129
122900020,209,395,-186
122900021,69,420,-351
122900022,1259,775,484
122900023,669,195,474
122900024,122,109,13
122900025,11,417,-406
122900026,66,261,-195
122900027,47,566,-519
122900028,110,200,-90
122900029,4128,2964,1164
122900030,1008,584,424
122900031,55,405,-350
122900032,125,537,-412
122900033,326,169,157
122900034,4319,5231,-912
122900035,70,53,17
122900036,71,70,1
122900037,442,153,289
122900038,101,3509,-3408
122900039,97,537,-440
122900040,258,462,-204
122900041,378,271,107
122900042,197,304,-107
122900043,425,314,111
122900044,115,352,-237
122900045,157,129,28
122900046,229,312,-83
122900047,126,191,-65
122900048,60,276,-216
122900049,1241,193,1048
122900051,81,148,-67
122900052,103,147,-44
122900053,23,39,-16
122900055,479,105,374
122900057,330,55,275
122900061,626,272,354
122900062,698,812,-114
122900063,165,264,-99
122900064,809,390,419
122900065,691,248,443
122900066,775,407,368
122900067,1236,654,582
122900068,141,395,-254
122900069,661,1644,-983
122900070,329,49,280
122900071,137,302,-165
122900072,12,408,-396
122900073,29,156,-127
122900074,1026,492,534
122900075,1,58,-57
122900076,5,170,-165
122900077,16,123,-107
122900078,240,43,197
122900080,39,50,-11
122900081,236,138,98
122900082,1020,268,752
122900083,160,146,14
122900084,13,209,-196
122900086,11,148,-137
122900087,300,428,-128
122900088,45,270,-225
122900089,57,255,-198
122900090,18,314,-296
122900091,329,0,329
122900092,0,128,-128
122900093,1,176,-175
122900094,8,147,-139
122900095,234,24,210
122900096,426,148,278
122900097,65,40,25
122900098,77,125,-48
122900099,125,19,106
122900100,212,422,-210
122900101,579,336,243
122900102,26,54,-28
122900103,212,12,200
122900104,243,14,229
122900105,37,10,27
122900106,7,55,-48
122900107,5,142,-137
122900108,4,105,-101
123000001,1105,535,570
123000002,3142,6293,-3151
123000003,3949,4569,-620
123000004,3075,3991,-916
123000005,2995,2905,90
123000006,2376,2144,232
123000007,5371,2783,2588
123000008,3348,2952,396
123000009,4698,3076,1622
123000010,3230,3319,-89
123000011,2022,828,1194
123000012,858,1987,-1129
123000013,4150,981,3169
123000014,1062,3590,-2528
123000015,2998,1527,1471
123000016,4206,4932,-726
123000017,3522,1810,1712
123000018,96,100,-4
123000019,535,168,367
123000020,310,60,250
123000021,212,221,-9
123000022,428,1943,-1515
123000023,1959,1969,-10
123000024,1832,668,1164
123000025,192,146,46
123000026,32,79,-47
123000027,136,808,-672
123000028,1442,912,530
123000029,802,1638,-836
123000030,312,251,61
123000031,360,220,140
123000032,540,144,396
123000033,335,92,243
123000034,1237,857,380
123000035,424,423,1
123000036,336,896,-560
123000037,304,254,50
123000038,93,224,-131
123000039,485,1906,-1421
123000040,740,316,424
123000041,1183,1349,-166
123000042,743,722,21
123000043,2639,12682,-10043
123000044,4002,2846,1156
123000045,5573,3497,2076
123000046,628,1859,-1231
123000047,1499,1227,272
123000048,99,1241,-1142
123000049,6123,12559,-6436
123000050,1807,1696,111
123000051,91,231,-140
123000052,953,3632,-2679
123000053,2975,3166,-191
123000054,1750,1769,-19
123000055,1522,2971,-1449
123000056,1267,1748,-481
123000057,8130,8498,-368
123000058,691,1258,-567
123000059,427,601,-174
123000060,1197,493,704
123000061,336,680,-344
123000063,1010,963,47
123000064,1251,333,918
123000065,4718,2687,2031
123000066,718,649,69
123000067,1023,574,449
123000068,2717,2597,120
123000069,6485,2818,3667
123000070,267,617,-350
123000071,1472,874,598
123000072,1167,766,401
123000073,1681,817,864
123000074,1372,902,470
123000075,428,1371,-943
123000076,974,568,406
123000077,1942,2049,-107
123000078,1919,1370,549
123000079,2066,1723,343
123000080,2677,1531,1146
123000081,142,328,-186
123000082,353,998,-645
123000083,1255,288,967
123000084,893,459,434
123000085,401,72,329
123000086,838,139,699
123000087,561,331,230
123000088,2086,700,1386
123000089,744,991,-247
123000090,1277,867,410
123000091,1526,1376,150
123000092,951,1189,-238
123000094,650,269,381
123000095,806,645,161
123000096,991,333,658
123000097,665,627,38
123000098,1030,488,542
123000099,679,595,84
123000100,537,797,-260
123000101,611,595,16
123000102,555,781,-226
123000104,426,496,-70
123000105,630,464,166
123000106,467,500,-33
123000107,369,398,-29
123000108,493,1180,-687
123000111,1130,328,802
123000112,1613,452,1161
123000113,627,985,-358
123000114,383,681,-298
123000115,318,315,3
123000116,62,150,-88
123000117,1907,1566,341
123000118,525,686,-161
123000119,264,719,-455
123000120,527,661,-134
123000121,498,502,-4
123000122,308,262,46
123000123,506,535,-29
123000124,400,409,-9
123000125,1367,1501,-134
123000126,1345,5098,-3753
123000127,659,537,122
123000128,334,239,95
123000129,1027,265,762
123000130,897,126,771
123000131,1205,870,335
123000132,321,554,-233
123000133,243,320,-77
123000134,334,181,153
123000135,3089,1101,1988
123000136,199,578,-379
123000137,135,257,-122
123000138,93,341,-248
123000139,694,93,601
123000140,147,524,-377
123000141,999,153,846
123000142,1043,931,112
123000143,1042,1514,-472
123000144,49,34,15
123000145,156,133,23
123000146,30,64,-34
123000147,79,97,-18
123000149,336,407,-71
123000150,216,225,-9
123000151,263,494,-231
123000152,106,378,-272
123000153,279,820,-541
123000154,1699,2278,-579
123000155,2230,1305,925
123000156,38,111,-73
123000157,704,860,-156
123000158,574,875,-301
123000159,3529,3112,417
123000160,1136,937,199
123000161,2277,1302,975
123000162,1381,1832,-451
123000163,548,126,422
123000164,1875,359,1516
123000165,405,1249,-844
123000166,33,113,-80
123000167,220,271,-51
123000168,315,207,108
123000169,996,159,837
123000170,133,102,31
123000171,985,21,964
123000172,227,419,-192
123000173,805,315,490
123000174,1326,496,830
123000175,537,947,-410
123000176,1471,298,1173
123000177,357,1023,-666
123000178,869,192,677
123000179,53,438,-385
123000180,2036,353,1683
123000181,375,1089,-714
123000182,418,323,95
123000183,178,559,-381
123000184,96,331,-235
123000185,1046,364,682
123000186,4,499,-495
123000187,676,5,671
123000188,215,3,212
123000189,184,159,25
123000190,59,98,-39
123000192,23,400,-377
123000193,82,752,-670
123000194,435,282,153
123000195,359,42,317
123000196,334,32,302
123000197,68,107,-39
123000198,46,546,-500
123000199,28,606,-578
123000200,731,8,723
123000201,1237,32,1205
123000202,22,808,-786
123000203,1297,64,1233
123000204,72,898,-826
123000205,487,1409,-922
123000206,2655,320,2335
123000207,92,679,-587
123000208,628,241,387
123000209,2422,648,1774
123000210,432,1558,-1126
123000211,572,1890,-1318
123000212,3643,526,3117
123000213,725,91,634
123000215,141,347,-206
123000216,175,1012,-837
123000217,206,41,165
123000218,48,837,-789
123000219,893,77,816
123000220,557,136,421
123000221,177,86,91
123000222,509,348,161
123000223,527,225,302
123000224,470,372,98
123000225,433,78,355
123000226,94,391,-297
123000227,67,280,-213
123000228,357,59,298
123000229,954,1302,-348
123000232,118,524,-406
123000233,839,139,700
123000234,188,543,-355
123000235,1549,354,1195
123000236,320,614,-294
123000237,334,103,231
123000238,79,392,-313
123000239,439,1121,-682
123000240,71,604,-533
123000241,395,87,308
123000242,242,196,46
123000243,762,778,-16
123000244,924,714,210
123000245,64,169,-105
123000249,757,683,74
123000252,1120,383,737
123000253,1683,551,1132
123000254,918,986,-68
123000255,1420,987,433
123000256,28,264,-236
123000257,2573,1578,995
123000258,1099,680,419
123000259,465,464,1
123000260,621,374,247
123000261,373,161,212
123000262,105,139,-34
123000263,612,98,514
123000264,205,117,88
123000265,41,121,-80
123000266,622,699,-77
123000267,1023,389,634
123000268,31,79,-48
123000269,44,84,-40
123000270,30,45,-15
123000271,49,68,-19
123000272,783,278,505
123000273,298,787,-489
123000274,1258,567,691
123000275,311,864,-553
123000278,2548,2544,4
123000279,177,100,77
123000280,404,333,71
123000281,372,110,262
123000282,167,259,-92
123000283,191,53,138
123000284,70,79,-9
123000286,202,393,-191
123000287,374,327,47
123000288,1282,1255,27
123000289,430,1456,-1026
123000291,269,899,-630
123000294,211,232,-21
123000295,927,1069,-142
123000296,704,467,237
123000297,861,508,353
123000298,907,398,509
123000299,78,136,-58
123000300,1323,1019,304
123000301,220,277,-57
123000302,113,169,-56
123000303,160,238,-78
123000305,783,857,-74
123000306,168,128,40
123000309,79,53,26
123000310,43,38,5
123000311,0,83,-83
123000312,591,612,-21
123000313,710,404,306
123000315,253,279,-26
123000316,999,99,900
123000317,194,67,127
123000318,40,206,-166
123000329,18,20,-2
123000337,885,415,470
123000338,420,116,304
123000339,370,90,280
123000340,143,299,-156
123000342,24,51,-27
123000343,58,17,41
123000344,1021,382,639
123000345,338,604,-266
123000346,405,69,336
123000352,1281,811,470
123000353,42,93,-51
123000354,273,5,268
123000355,0,232,-232
123000356,435,11,424
123000357,1,114,-113
123000359,7,126,-119
123000360,184,84,100
123000361,185,349,-164
123000362,579,86,493
123000363,157,196,-39
123000364,671,553,118
123000365,41,426,-385
123000366,379,2184,-1805
123000367,292,871,-579
123000370,28,348,-320
123000371,949,68,881
123000372,426,80,346
123000373,20,317,-297
123000374,9,173,-164
123000375,444,51,393
123000376,992,748,244
123000377,554,12,542
123000378,14,270,-256
123000379,19,168,-149
123000380,56,474,-418
123000381,123,140,-17
123000382,1113,146,967
123000383,141,1519,-1378
123000384,520,152,368
123000385,200,623,-423
123000436,34,1551,-1517
123000507,102,187,-85
123000508,149,1346,-1197
123000517,256,42,214
123000518,42,259,-217
123000519,190,62,128
123000520,63,201,-138
123000521,411,97,314
123000522,182,316,-134
123000541,9,0,9
123000542,0,7,-7
123000565,875,79,796
123000566,317,443,-126
123000567,92,161,-69
123000573,55,668,-613
123000574,996,83,913
123000575,1940,943,997
123000576,1139,1202,-63
123000577,82,680,-598
123000578,503,122,381
123000579,1595,7370,-5775
123000580,125,54,71
123000582,546,32,514
123000583,23,325,-302
123000584,242,268,-26
123000585,2,105,-103
123000586,129,0,129
123000596,78,92,-14
123000597,92,137,-45
123000602,75,7,68
123000603,1060,649,411
123000604,556,607,-51
123000605,759,98,661
123000606,1,406,-405
123000609,14,319,-305
123000610,237,119,118
123000613,28,175,-147
123000614,254,50,204
123000615,35,78,-43
123000616,1078,77,1001
123000617,117,290,-173
123000618,69,770,-701
123000619,737,57,680
123000620,27,447,-420
123000622,558,15,543
123000624,177,41,136
123000630,1451,516,935
123000631,315,813,-498
123000632,646,628,18
123000633,1,140,-139
123000634,91,239,-148
123000635,94,102,-8
123000636,63,546,-483
123000637,338,78,260
123000638,532,27,505
123000639,1038,5756,-4718
123000640,15,490,-475
123000648,442,73,369
123000649,38,348,-310
123900001,1143,33,1110
123900002,29,1358,-1329
123900003,238,368,-130
123900005,300,153,147
123900006,405,75,330
124000001,2166,188,1978
124000002,91,1269,-1178
124000003,1003,125,878
124000004,76,415,-339
124000005,1358,675,683
124000006,253,810,-557
124000007,486,110,376
124000008,6,428,-422
124000009,767,290,477
124000010,211,343,-132
124000011,1234,338,896
124000012,330,386,-56
124000017,205,171,34
124000018,119,88,31
124000019,180,140,40
124000020,43,163,-120
124000021,129,134,-5
124000022,93,208,-115
124000023,1488,1614,-126
124000024,1056,369,687
124000025,1249,2023,-774
124000026,809,900,-91
124000027,5086,5455,-369
124000028,1726,3886,-2160
124000030,2394,1302,1092
124000031,1452,4764,-3312
124000032,1967,776,1191
124000033,661,447,214
124000034,803,647,156
124000035,345,287,58
124000036,148,447,-299
124000037,807,1204,-397
124000038,51,154,-103
124000039,1053,482,571
124000040,549,1127,-578
124000041,549,99,450
124000042,161,378,-217
124000043,148,152,-4
124000044,85,192,-107
124000045,1141,578,563
124000046,278,638,-360
124000047,2263,864,1399
124000048,1013,1097,-84
124000049,2128,725,1403
124000050,961,1237,-276
124000051,1206,583,623
124000052,578,713,-135
124000053,636,1874,-1238
124000054,859,438,421
124000055,1435,3423,-1988
124000056,1953,1147,806
124000057,1231,618,613
124000058,401,970,-569
124000059,800,1435,-635
124000060,1091,614,477
124000061,1468,6492,-5024
124000062,4669,1828,2841
124000063,1002,1454,-452
124000064,1942,1160,782
124000065,93,531,-438
124000066,197,78,119
124000067,207,152,55
124000068,89,152,-63
124000069,871,225,646
124000070,364,488,-124
124000071,721,101,620
124000072,339,440,-101
124000073,1304,204,1100
124000074,257,674,-417
124000075,381,35,346
124000076,36,146,-110
124000077,1276,983,293
124000078,2829,1536,1293
124000079,430,1296,-866
124000080,936,202,734
124000081,315,446,-131
124000082,74,185,-111
124000083,40,69,-29
124000084,51,598,-547
124000085,85,47,38
124000086,45,124,-79
124000087,186,114,72
124000088,299,539,-240
124000089,1042,357,685
124000090,136,333,-197
124000091,590,128,462
124000092,139,596,-457
124000093,209,101,108
124000094,343,504,-161
124000095,114,110,4
124000096,165,194,-29
124000097,160,166,-6
124000098,60,70,-10
124000099,325,168,157
124000100,86,131,-45
124000101,102,88,14
124000102,124,37,87
124000103,115,110,5
124000104,84,47,37
124000105,120,69,51
124000106,101,45,56
124000107,20,190,-170
124000108,39,17,22
124000109,139,109,30
124000110,166,93,73
124000111,243,132,111
124000112,788,507,281
124000113,99,107,-8
124000114,332,324,8
124000115,323,517,-194
124000116,116,194,-78
124000117,44,81,-37
124000118,43,79,-36
124000119,1020,560,460
124000120,687,561,126
124000121,1442,790,652
124000122,567,1196,-629
124000123,981,444,537
124000124,529,943,-414
124000125,477,582,-105
124000126,380,608,-228
124000127,968,373,595
124000128,611,700,-89
124000129,2435,1414,1021
124000130,804,507,297
124000131,840,654,186
124000132,863,599,264
124000133,994,935,59
124000134,996,568,428
124000135,1778,1767,11
124000136,890,916,-26
124000137,1372,858,514
124000138,1620,1204,416
124000139,506,27,479
124000140,24,462,-438
124000141,173,15,158
124000142,37,146,-109
124000143,71,15,56
124000144,12,33,-21
124000145,168,36,132
124000146,65,69,-4
124000148,64,98,-34
124000149,1501,399,1102
124000150,347,634,-287
124000151,1157,505,652
124000152,776,1245,-469
124000153,1564,928,636
124000154,1065,709,356
124000155,1737,987,750
124000156,1640,1066,574
124000169,248,570,-322
124000170,488,451,37
124000171,435,275,160
124000172,343,487,-144
124000173,660,198,462
124000174,441,506,-65
124000175,20,112,-92
124000176,95,29,66
124000177,11,30,-19
124000178,52,86,-34
124000190,106,89,17
124000191,163,195,-32
124000192,1787,413,1374
124000193,368,939,-571
124000194,425,343,82
124000195,432,691,-259
124000196,836,766,70
124000197,37,20,17
124000198,45,34,11
124000201,319,694,-375
124000202,727,305,422
124000203,568,404,164
124000204,1301,264,1037
124000205,133,302,-169
124000206,908,296,612
124000207,0,47,-47
124000209,227,278,-51
124000210,641,215,426
124000211,801,9,792
124000212,2,272,-270
124000213,575,212,363
124000214,524,488,36
124000215,531,32,499
124000216,2,257,-255
124000329,207,1183,-976
124000338,108,578,-470
124000339,1519,127,1392
124000341,1911,89,1822
124000344,27,2,25
124000357,1363,2654,-1291
124000358,1004,1605,-601
124000359,1283,629,654
124000360,1139,456,683
124000361,2214,1070,1144
124000362,1004,1376,-372
124000363,281,294,-13
124000364,516,633,-117
124000365,588,829,-241
124000366,1233,742,491
124000367,98,440,-342
124000368,527,623,-96
124000369,173,123,50
124000370,94,523,-429
124000402,30,10,20
124000403,182,17,165
124000404,7,105,-98
124000405,1143,972,171
124000406,762,791,-29
124000407,2,29,-27
124000411,8,264,-256
124000412,554,14,540
124000413,118,48,70
124000414,87,111,-24
124000415,63,76,-13
124000416,111,162,-51
124000417,192,105,87
124000418,255,99,156
124000419,90,75,15
124000420,123,57,66
124000421,44,109,-65
124000422,28,23,5
124000423,157,25,132
124000424,1,58,-57
124000425,64,22,42
124000426,14,19,-5
124000427,64,5,59
124000428,5,74,-69
124000429,76,58,18
124000430,871,465,406
124000431,328,452,-124
124000432,331,812,-481
124000439,8,8,0
124000443,1,14,-13
124000445,241,1577,-1336
124000446,989,178,811
124900001,713,491,222
124900002,185,276,-91
124900003,1461,681,780
124900004,953,387,566
124900005,240,140,100
124900006,948,336,612
124900008,1379,608,771
124900009,245,504,-259
124900010,332,170,162
124900011,801,313,488
124900012,480,138,342
124900013,669,111,558
124900014,305,56,249
124900015,126,399,-273
124900016,66,112,-46
124900017,576,2168,-1592
124900018,82,10,72
124900020,90,91,-1
124900021,392,54,338
124900022,63,10,53
124900024,362,31,331
124900026,85,18,67
124900027,195,627,-432
124900028,456,103,353
124900029,28,591,-563
124900030,2,93,-91
124900031,52,331,-279
124900032,168,267,-99
124900033,149,309,-160
124900034,5,134,-129
124900035,258,406,-148
124900036,0,56,-56
124900037,237,246,-9
124900038,301,273,28
124900039,0,50,-50
124900040,144,118,26
124900041,310,789,-479
124900042,78,0,78
124900043,517,810,-293
124900044,100,1,99
124900045,748,1143,-395
124900046,885,313,572
124900047,179,190,-11
124900048,199,76,123
124900050,147,182,-35
124900052,121,347,-226
124900053,170,360,-190
124900054,1235,427,808
124900055,1,184,-183
124900057,11,49,-38
124900060,98,155,-57
124900061,133,7,126
124900062,241,33,208
124900066,0,22,-22
124900067,4,135,-131
124900068,323,697,-374
124900070,102,30,72
124900072,170,35,135
124900075,301,234,67
124900076,34,1408,-1374
124900077,36,117,-81
124900078,107,20,87
124900079,462,208,254
124900080,305,505,-200
124900081,1345,384,961
124900082,439,656,-217
124900083,330,405,-75
124900085,848,668,180
124900086,74,1948,-1874
124900087,599,170,429
124900088,487,126,361
124900089,1059,27,1032
124900090,506,274,232
124900091,349,305,44
124900092,284,168,116
124900093,520,212,308
124900094,581,279,302
124900095,137,497,-360
124900096,568,265,303
124900097,400,113,287
124900098,118,281,-163
124900099,503,462,41
124900100,440,69,371
124900101,95,619,-524
124900102,314,29,285
124900103,180,151,29
124900104,67,132,-65
124900105,93,73,20
124900106,485,68,417
124900107,138,29,109
124900108,168,96,72
124900111,1,118,-117
124900112,70,467,-397
124900113,150,333,-183
124900114,195,166,29
124900115,107,34,73
124900116,320,278,42
124900117,346,177,169
124900118,273,503,-230
124900119,480,227,253
124900120,51,318,-267
124900121,127,573,-446
124900122,254,233,21
124900123,259,111,148
124900124,171,325,-154
204000001,163,11,152
204000002,12,3,9
204000003,28,4,24
204000004,7,1,6
204000005,653,509,144
204000006,1334,1272,62
204000011,8,35,-27
204000012,74,93,-19
204000019,820,405,415
204000020,922,629,293
204000021,1879,957,922
204000022,753,525,228
204000023,594,646,-52
204000031,59,21,38
204000032,427,18,409
204000034,20,146,-126
204000035,0,2,-2
204000036,10,18,-8
204000037,1,10,-9
204000038,0,7,-7
204000039,13,17,-4
204000040,8,12,-4
204000041,10,19,-9
204000042,55,34,21
204000043,47,6,41
204000044,40,3,37
204000045,70,5,65
204000046,16,3,13
204000057,8,13,-5
204000062,54,47,7
204000068,29,251,-222
204000069,90,392,-302
204000070,95,134,-39
204000080,65,55,10
204000085,1904,1244,660
204000086,2131,1453,678
204000087,68,7,61
204000088,4,89,-85
204000090,26,247,-221
204000093,579,68,511
204000096,1067,990,77
204000097,682,15,667
204000099,1170,1502,-332
204000100,1585,1765,-180
204000105,1791,1174,617
204000110,713,1406,-693
204000111,454,708,-254
204000112,891,1409,-518
204000113,780,1096,-316
204000114,1395,863,532
204000115,724,377,347
204000116,1612,943,669
204000119,2051,2660,-609
204000132,947,484,463
204000133,1074,182,892
204000134,458,107,351
204000135,835,143,692
204000136,748,227,521
204000138,428,899,-471
204000140,305,149,156
204000141,195,63,132
204000144,4,24,-20
204000145,683,47,636
204000146,42,289,-247
204000147,21,175,-154
204000148,574,29,545
204000154,4,5,-1
204000155,5,3,2
204000177,64,36,28
204000179,24,6,18
204000180,0,24,-24
204000222,2,23,-21
204000235,42,12,30
204000236,77,178,-101
204000238,30,35,-5
204000240,465,81,384
204000263,531,808,-277
204000268,965,627,338
204000308,141,11,130
204000317,15,86,-71
204000322,7,45,-38
204000323,9,4,5
204000328,239,36,203
204000329,52,121,-69
204000330,223,16,207
204000331,31,121,-90
204010341,27,157,-130
205000001,840,1367,-527
205000013,9,73,-64
205000014,30,83,-53
205000015,62,140,-78
205000016,36,137,-101
205000017,15,88,-73
205000022,201,761,-560
205000025,1133,988,145
205000029,304,25,279
205000045,165,561,-396
205000046,196,527,-331
205000047,89,532,-443
205000048,345,732,-387
205000049,195,634,-439
205000050,811,251,560
205000059,3,176,-173
205000060,0,99,-99
205000061,3,157,-154
205000062,2,147,-145
205000063,27,156,-129
205000064,38,92,-54
205000065,85,508,-423
205000066,159,483,-324
205000067,41,646,-605
205000069,198,22,176
205000082,160,165,-5
205000110,73,176,-103
205000111,192,155,37
205000112,210,220,-10
205000113,179,363,-184
205000121,282,51,231
205000123,51,236,-185
205000126,510,79,431
205000127,851,122,729
205000128,395,76,319
205000129,706,77,629
205000130,159,20,139
205000131,92,8,84
205000132,143,2,141
205000133,94,0,94
205000134,262,0,262
205000137,85,170,-85
205000138,160,309,-149
205000139,37,136,-99
205000144,114,87,27
205000145,563,135,428
205000151,167,24,143
205000152,283,21,262
205000153,248,26,222
205000154,146,48,98
205000155,138,12,126
205000207,10,173,-163
205000233,24,0,24
205000234,0,0,0
205000243,0,1,-1
205000244,0,5,-5
205000245,10,136,-126
205000249,1,16,-15
205000250,6,3,3
205000264,5,80,-75
206000027,5,1,4
206000028,6,3,3
206000043,9,42,-33
206000053,0,7,-7
206000054,2,19,-17
206000055,0,16,-16
206000075,7,35,-28
206000076,25,14,11
206000077,29,4,25
206000078,31,4,27
206000079,20,4,16
206000082,472,79,393
206000100,23,376,-353
206000103,1,10,-9
206000104,20,21,-1
206000105,12,4,8
206000106,7,28,-21
206000108,630,58,572
206000125,65,1,64
206000157,48,413,-365
206000170,0,105,-105
206000171,1,165,-164
206000172,8,243,-235
206000173,4,129,-125
206000174,8,34,-26
206000175,1,55,-54
206000176,14,134,-120
206000177,0,89,-89
206000178,1,144,-143
206000179,7,71,-64
206000180,14,77,-63
206000181,19,99,-80
206000182,7,77,-70
206000183,15,319,-304
206000184,10,180,-170
206000185,5,100,-95
206000186,72,471,-399
206000223,6,153,-147
206000226,25,1,24
206000227,24,1,23
206000237,34,184,-150
206000238,28,356,-328
206000239,194,1324,-1130
206000240,0,44,-44
206000241,1,56,-55
206000242,1,107,-106
206000243,4,127,-123
206000244,39,283,-244
206000245,1194,70,1124
206000246,357,8,349
206000247,450,8,442
206000248,641,19,622
206000252,75,35,40
206000258,32,45,-13
206000315,37,8,29
206000317,831,114,717
206000318,845,74,771
206000319,2457,96,2361
206000320,408,38,370
206000321,352,19,333
206000322,776,18,758
206000323,243,11,232
206000324,251,10,241
206000325,258,19,239
206000326,262,32,230
206000327,152,14,138
206000328,295,4,291
206000329,417,6,411
206000330,66,5,61
206000331,273,4,269
206000332,61,1,60
206000333,1017,3,1014
206000334,432,3,429
206000335,0,21,-21
206000361,2,150,-148
206000392,3,15,-12
206000405,190,3,187
206000441,38,18,20
206000498,47,6,41
206000515,72,75,-3
206000530,412,85,327
206000531,305,299,6
206000532,1927,425,1502
206000535,158,1492,-1334
206000536,22,131,-109
206000537,16,123,-107
206000613,2017,242,1775
207000001,140,557,-417
207000002,108,296,-188
207000003,148,141,7
207000007,1386,276,1110
207000008,152,6,146
207000009,59,39,20
207000010,421,297,124
207000012,560,272,288
207000015,196,862,-666
207000019,276,79,197
207000021,619,149,470
207000022,231,141,90
207000023,246,42,204
207000024,4,13,-9
207000025,27,72,-45
207000026,76,42,34
207000027,30,74,-44
207000028,59,138,-79
207000029,188,298,-110
207000033,203,485,-282
207000034,368,109,259
207000039,635,116,519
207000040,599,76,523
207000041,284,42,242
207000042,336,63,273
207000043,248,196,52
207000051,146,195,-49
207000052,208,123,85
207000053,442,422,20
207000054,56,110,-54
207000055,183,143,40
207000056,354,255,99
207000057,139,284,-145
207000058,173,247,-74
207000059,106,337,-231
207000060,54,145,-91
207000061,190,795,-605
207000062,446,42,404
207000063,497,91,406
207000064,437,92,345
207000065,407,219,188
207000066,258,142,116
207000067,57,91,-34
207000068,152,57,95
207000069,851,295,556
207000082,3,137,-134
207000083,88,200,-112
207000084,384,243,141
207000085,253,18,235
207000086,318,11,307
207000106,52,36,16
207000107,92,19,73
207000108,115,13,102
207000109,75,23,52
207000110,87,70,17
207000111,87,95,-8
207000112,133,819,-686
207000114,15,24,-9
207000115,27,48,-21
207000116,29,409,-380
207000117,4,102,-98
207000118,4,85,-81
207000119,37,58,-21
207000123,264,20,244
207000124,91,37,54
207000125,90,40,50
207000126,110,51,59
207000134,105,124,-19
207000135,26,166,-140
207000148,108,398,-290
207000149,74,48,26
207000152,140,322,-182
207000153,730,1234,-504
207000154,362,157,205
207000159,142,120,22
207000160,160,288,-128
207000238,0,197,-197
207000242,10,139,-129
207000248,55,22,33
207000249,95,38,57
207000250,601,62,539
207000251,105,59,46
207000252,80,51,29
207000278,147,69,78
207000279,22,95,-73
207000280,874,90,784
207000281,126,485,-359
207000282,162,167,-5
207000283,46,140,-94
207000284,46,411,-365
207000285,58,90,-32
207000291,11,120,-109
207000304,110,62,48
207000306,81,315,-234
207000310,107,99,8
207000353,284,4,280
207000356,8,52,-44
207000357,14,18,-4
207000358,16,41,-25
207000415,7,152,-145
207000417,50,3,47
207000418,117,129,-12
207000438,0,2,-2
207000439,691,883,-192
207000446,192,9,183
207000460,60,6,54
207000466,148,133,15
207000467,364,77,287
207000468,63,196,-133
207000476,11,63,-52
207000477,819,89,730
207000478,2,73,-71
207000523,0,14,-14
207000524,68,15,53
207000527,140,182,-42
207000530,654,5,649
207000531,419,11,408
207000532,173,45,128
207000534,404,51,353
207000535,41,372,-331
207000537,13,83,-70
207000540,8,173,-165
207000541,5,265,-260
207000548,17,230,-213
207000549,481,14,467
207000561,221,239,-18
207000562,33,161,-128
207000567,159,236,-77
207000568,260,61,199
207000569,679,549,130
207000584,329,209,120
207000585,96,406,-310
207000587,5,8,-3
207000616,0,86,-86
207000617,172,0,172
207900008,366,86,280
208000001,736,1120,-384
208000002,1009,550,459
208000003,1293,411,882
208000004,1236,735,501
208000005,2,16,-14
208000019,734,879,-145
208000020,276,462,-186
208000021,287,302,-15
208000022,1052,402,650
208000028,1266,1471,-205
208000033,639,570,69
208000034,1220,1278,-58
208000037,277,15,262
208000040,273,152,121
208000041,866,640,226
208000042,1117,644,473
208000047,118,201,-83
208000064,2462,1457,1005
208000066,1701,2658,-957
208000070,500,337,163
208000071,598,631,-33
208000072,575,1085,-510
208000080,368,369,-1
208000081,401,155,246
208000082,424,210,214
208000083,178,314,-136
208000084,19,13,6
208000085,845,569,276
208000086,519,1001,-482
208000087,607,724,-117
208000089,1246,340,906
208000090,1129,439,690
208000093,218,220,-2
208000094,513,348,165
208000095,912,474,438
208000104,1101,937,164
208000105,904,941,-37
208000114,104,398,-294
208000115,506,373,133
208000116,651,1122,-471
208000117,155,204,-49
208000118,155,196,-41
208000155,762,937,-175
208000158,1385,3872,-2487
208000186,3089,4288,-1199
208000204,742,987,-245
208000205,1359,842,517
208000282,4505,3205,1300
209000004,596,181,415
209000005,78,47,31
209000006,510,195,315
209000007,289,262,27
209000010,361,99,262
209000011,199,222,-23
209000012,356,121,235
209000013,264,213,51
209000014,418,767,-349
209000025,475,59,416
209000026,870,126,744
209000027,365,573,-208
209000028,503,518,-15
209000029,394,625,-231
209000030,365,990,-625
209000031,2061,1444,617
209000034,227,284,-57
209000035,141,214,-73
209000036,234,138,96
209000037,436,202,234
209000038,213,171,42
209000039,87,151,-64
209000040,362,472,-110
209000041,200,382,-182
209000042,260,394,-134
209000043,737,837,-100
209000044,271,912,-641
209000045,1263,438,825
209000046,615,479,136
209000047,539,256,283
209000048,748,353,395
209000049,130,72,58
209000050,252,109,143
209000051,254,231,23
209000052,118,176,-58
209000062,45,77,-32
209000063,57,45,12
209000064,49,70,-21
209000065,101,26,75
209000066,112,19,93
209000067,98,39,59
209000080,19,150,-131
209000082,75,32,43
209000091,27,74,-47
209000093,66,29,37
209000094,134,194,-60
209000110,52,113,-61
209000111,554,1796,-1242
209000112,1304,519,785
209000113,2183,567,1616
209000114,1005,464,541
209000115,99,84,15
209000116,457,286,171
209000118,16,37,-21
209000119,10,12,-2
209000121,134,420,-286
209000135,70,197,-127
209000142,832,2254,-1422
209000143,58,56,2
209000144,46,106,-60
209000229,341,179,162
209000240,38,223,-185
209000259,68,69,-1
209000260,58,907,-849
209000261,4,475,-471
209000262,5,339,-334
209000263,0,178,-178
209000264,0,318,-318
209000265,397,1,396
209000266,214,3,211
209000267,1151,8,1143
209000268,695,69,626
210000037,85,48,37
210000047,105,31,74
210000048,115,19,96
210000049,54,3,51
210000052,97,86,11
210000053,41,55,-14
210000054,43,74,-31
210000070,151,3,148
210000071,104,1,103
210000072,63,0,63
210000073,0,16,-16
210000074,0,92,-92
210000075,1,81,-80
210000076,15,118,-103
210000077,9,54,-45
210000078,26,71,-45
210000079,27,9,18
210000080,69,107,-38
210000081,153,25,128
210000082,71,0,71
210000083,108,4,104
210000084,72,0,72
210000085,1,67,-66
210000086,8,106,-98
210000099,43,205,-162
210000100,31,146,-115
210000101,68,130,-62
210000105,37,210,-173
210000159,2,180,-178
210000163,165,250,-85
210000164,306,199,107
210000168,139,25,114
210000187,0,16,-16
210000188,0,22,-22
210000214,20,0,20
210000219,42,61,-19
210000220,121,60,61
210000232,7,16,-9
210000233,27,59,-32
210000234,38,110,-72
210000235,65,78,-13
210000245,1,54,-53
210000246,71,31,40
210000258,17,108,-91
210000259,454,68,386
210000282,142,178,-36
210000285,1,121,-120
210000286,30,176,-146
210000290,4,10,-6
210000295,51,119,-68
210000296,55,42,13
210000320,226,43,183
210000321,158,29,129
210000338,88,64,24
210000339,263,1220,-957
210000340,93,426,-333
210000341,259,264,-5
210000342,245,195,50
210000343,226,166,60
210000344,153,122,31
210000345,181,247,-66
210000346,105,144,-39
210000347,56,38,18
210000348,120,29,91
210000349,47,28,19
210000350,153,67,86
210000351,226,93,133
210000352,82,65,17
210000353,36,59,-23
210000354,76,41,35
210000355,52,65,-13
210000356,16,78,-62
210000357,36,71,-35
210000358,238,132,106
210000359,81,98,-17
210000360,171,133,38
210000361,194,130,64
210000362,299,161,138
210000363,576,238,338
210000364,115,178,-63
210000365,128,63,65
210000366,160,46,114
210000367,117,25,92
210000368,195,33,162
210000369,52,25,27
210000370,57,30,27
210000372,21,24,-3
210000373,31,18,13
210000374,60,28,32
210000375,35,42,-7
210000376,66,91,-25
210000404,67,109,-42
210000439,27,23,4
210000472,71,2,69
210000482,41,127,-86
210000564,254,336,-82
210000567,3,49,-46
210000568,267,3,264
211000092,46,65,-19
211000094,25,10,15
211000169,224,16,208
211000172,13,163,-150
211000209,0,10,-10
211000226,13,32,-19
211000270,19,21,-2
211000275,22,11,11
211000276,131,25,106
211000279,21,24,-3
211000281,92,40,52
211507980,1,45,-44
211977296,28,2,26
212000003,171,48,123
212000004,17,28,-11
212000005,9,41,-32
212000006,35,54,-19
212000008,218,100,118
212000009,52,73,-21
212000012,89,81,8
212000013,28,42,-14
212000014,308,142,166
212000015,328,195,133
212000016,568,411,157
212000027,594,340,254
212000028,378,277,101
212000029,250,163,87
212000030,47,25,22
212000031,82,36,46
212000048,28,193,-165
212000049,15,155,-140
212000050,26,9,17
212000051,241,157,84
212000052,189,232,-43
212000053,360,393,-33
212000054,377,76,301
212000055,311,166,145
212000056,41,37,4
212000057,13,20,-7
212000058,173,34,139
212000070,107,165,-58
212000077,129,437,-308
212000099,287,234,53
212000108,245,175,70
212000111,310,102,208
212000120,147,39,108
212000138,205,23,182
212000156,11,87,-76
212000158,7,24,-17
212000159,589,53,536
212000160,935,217,718
212000161,94,12,82
212000310,51,15,36
212000311,22,41,-19
212000374,49,19,30
213000001,36,377,-341
213000005,579,158,421
213000006,1123,372,751
213000007,110,10,100
213000009,617,490,127
213000010,272,340,-68
213000011,228,104,124
213000012,124,245,-121
213000014,74,12,62
213000015,285,7,278
213000016,385,1,384
213000017,108,1,107
213000018,1,102,-101
213000019,1,147,-146
213000020,105,305,-200
213000021,4,100,-96
213000023,430,223,207
213000033,408,1724,-1316
213000034,758,243,515
213000035,159,209,-50
213000045,185,248,-63
213000046,177,135,42
213000047,549,1366,-817
213000056,149,39,110
213000069,63,6,57
213000073,0,48,-48
213000074,78,385,-307
213000075,678,5,673
213000076,35,3,32
213000085,14,62,-48
213000086,25,123,-98
213000091,294,23,271
213000092,129,7,122
213000099,209,1171,-962
213000100,1275,310,965
213000101,627,159,468
213000102,691,237,454
213000103,1263,805,458
213000104,68,395,-327
213000105,6,189,-183
213000106,31,109,-78
213000107,147,379,-232
213000108,53,387,-334
213000109,10,175,-165
213000110,27,66,-39
213000111,7,80,-73
213000112,130,163,-33
213000115,107,7,100
213000116,63,363,-300
213000117,4,506,-502
213000118,599,219,380
213000119,60,516,-456
213000120,92,376,-284
213000122,116,372,-256
213000123,339,844,-505
213000124,140,1405,-1265
213000125,183,37,146
213000126,77,158,-81
213000127,106,256,-150
213000128,385,1058,-673
213000129,410,958,-548
213000130,875,428,447
213000132,668,144,524
213000133,852,118,734
213000134,1186,30,1156
213000136,621,13,608
213000137,841,62,779
213000139,238,13,225
213000147,55,9,46
213000148,35,18,17
213000149,49,7,42
213000150,0,137,-137
213000151,5,154,-149
213000152,0,91,-91
213000153,5,93,-88
213000154,57,505,-448
213000155,74,242,-168
213000156,158,385,-227
213000157,906,371,535
213000158,430,970,-540
213000159,730,479,251
213000163,1311,137,1174
213000165,1087,349,738
213000171,1,55,-54
213000172,2,141,-139
213000173,3,171,-168
213000174,2,87,-85
213000175,13,39,-26
213000176,61,40,21
213000177,160,3,157
213000178,234,8,226
213000179,339,4,335
213000180,283,0,283
213000184,139,437,-298
213000188,510,137,373
213000189,550,61,489
213000190,978,702,276
213000191,493,361,132
213000192,313,251,62
213000193,613,275,338
213000194,2,96,-94
213000195,43,387,-344
213000196,308,1267,-959
213000197,579,453,126
213000198,43,1,42
213000200,135,703,-568
213000201,41,43,-2
213000202,24,426,-402
213000203,3198,659,2539
213000204,810,50,760
213000205,404,53,351
213000206,494,24,470
213000207,97,5,92
213000208,87,5,82
213000209,163,10,153
213000210,277,2,275
213000211,7,24,-17
213000212,13,41,-28
213000213,20,41,-21
213000218,278,393,-115
213000219,698,21,677
213000220,595,11,584
213000223,195,268,-73
213000224,58,61,-3
213000225,169,20,149
213000226,101,15,86
213000227,1144,189,955
213000228,600,73,527
213000229,181,28,153
213000230,411,39,372
213000232,63,951,-888
213000233,4,986,-982
213000234,6,62,-56
213000293,21,65,-44
213000294,141,42,99
213000295,8,102,-94
213000296,56,14,42
213000297,12,83,-71
213000298,25,93,-68
213000299,62,29,33
213000300,9,6,3
213000303,5,38,-33
213000304,0,17,-17
213000305,1,12,-11
213000306,45,47,-2
213000307,124,53,71
213000308,135,134,1
213000309,223,65,158
213000310,514,189,325
213000311,278,790,-512
213000315,104,70,34
213000316,218,70,148
213000322,114,101,13
213000323,173,65,108
213000324,80,27,53
213000325,58,65,-7
213000326,48,21,27
213000327,57,33,24
213000328,47,139,-92
213000329,146,21,125
213000340,155,385,-230
213000341,837,118,719
213000346,244,240,4
213000347,704,503,201
213000348,9,174,-165
213000349,17,10,7
213000350,282,790,-508
213000366,85,262,-177
213000367,271,21,250
213000379,48,76,-28
213000386,17,319,-302
213000406,83,488,-405
213000417,1653,510,1143
213000425,303,35,268
213000426,164,50,114
213000427,62,155,-93
213000428,97,141,-44
213000429,12,4,8
213000430,126,556,-430
213000431,52,2,50
213000432,1,45,-44
213000433,17,126,-109
213000434,117,104,13
213000435,155,100,55
213000436,55,62,-7
213000437,1,8,-7
213000438,220,60,160
213000439,43,7,36
213000440,9,279,-270
213000441,8,0,8
213000442,1,36,-35
213000443,523,317,206
213000444,81,24,57
213000445,1,81,-80
213000446,1,35,-34
213000447,4,27,-23
213000448,10,159,-149
213000449,753,12,741
213000450,27,36,-9
213000451,327,85,242
213000452,22,24,-2
213000453,49,238,-189
213000455,252,3,249
213000456,0,363,-363
213000481,8,6,2
213000482,40,0,40
213000489,382,52,330
213000491,0,161,-161
213000492,143,2,141
213000493,0,127,-127
213000494,337,143,194
213000495,0,59,-59
213000496,548,173,375
213000497,52,231,-179
213000498,147,132,15
213000499,231,380,-149
213000500,624,79,545
213000501,190,40,150
213000502,141,117,24
213000503,5,67,-62
213000504,11,87,-76
213000505,19,0,19
213000506,0,9,-9
213000507,3,111,-108
213900016,0,17,-17
213900244,72,0,72
213900245,0,26,-26
218000003,22,37,-15
218000004,27,32,-5
218000005,35,43,-8
218000006,76,47,29
218000007,17,12,5
218000012,169,144,25
218000013,120,157,-37
218000014,465,354,111
218000019,649,533,116
218000020,329,396,-67
218000021,36,36,0
218000022,17,15,2
218000023,5,19,-14
218000024,2,9,-7
218000025,15,17,-2
218000026,5,23,-18
218000027,0,10,-10
218000028,1,4,-3
218000029,4,2,2
218000030,16,15,1
218000031,5,29,-24
218000032,4,19,-15
218000040,8,1,7
218000046,39,65,-26
218000047,19,109,-90
218000048,61,58,3
218000049,94,66,28
218000050,340,205,135
218000051,83,244,-161
218000052,2,83,-81
218000053,2,12,-10
218000054,15,115,-100
218000055,5,34,-29
218000056,20,34,-14
218000057,1,23,-22
218000064,4,5,-1
218000065,87,26,61
218000066,16,44,-28
218000067,75,88,-13
218000068,259,86,173
218000069,339,109,230
218000070,245,175,70
218000071,240,176,64
218000072,282,196,86
218000078,1053,606,447
218000079,140,71,69
218000080,239,51,188
218000081,561,173,388
218000082,63,87,-24
218000083,91,28,63
218000084,189,78,111
218000085,174,242,-68
218000086,91,122,-31
218000087,181,148,33
218000090,8,98,-90
218000091,1220,441,779
218000092,87,109,-22
218000093,122,57,65
218000094,435,489,-54
218000099,318,667,-349
218000100,304,262,42
218000101,346,135,211
218000102,473,173,300
218000103,138,180,-42
218000104,112,35,77
218000105,45,19,26
218000106,15,3,12
218000107,77,41,36
218000108,5,19,-14
218000112,55,24,31
218000117,52,58,-6
218000134,522,383,139
218000135,25,61,-36
218000136,224,117,107
218000137,165,103,62
218000138,77,82,-5
218000139,221,293,-72
218000140,633,235,398
218000141,64,66,-2
218000142,320,169,151
218000143,102,388,-286
218000144,46,107,-61
218000145,481,270,211
218000146,138,171,-33
218000151,4,21,-17
218000152,124,28,96
218000153,4,7,-3
218000154,9,1,8
218000155,31,4,27
218000156,76,8,68
218000157,32,14,18
218000158,21,10,11
218000159,6,5,1
218000160,5,1,4
218000161,40,4,36
218000162,27,5,22
218000163,4,3,1
218000164,40,9,31
218000165,62,14,48
218000170,4,31,-27
218000171,44,18,26
218000172,9,10,-1
218000173,22,21,1
218000174,17,5,12
218000176,194,38,156
218000177,254,172,82
218000178,84,181,-97
218000179,103,59,44
218000180,69,28,41
218000181,161,57,104
218000187,17,27,-10
218000188,23,50,-27
218000189,21,47,-26
218000190,12,18,-6
218000191,178,33,145
218000192,260,167,93
218000193,412,240,172
218000194,109,192,-83
218000195,169,62,107
218000196,446,225,221
218000197,557,267,290
218000198,27,76,-49
218000199,50,33,17
218000200,69,37,32
218000201,29,9,20
218000202,88,343,-255
218000207,2,17,-15
218000208,33,26,7
218000211,45,24,21
218000212,5,10,-5
218000213,108,89,19
218000214,3,40,-37
218000215,20,49,-29
218000217,5,74,-69
218000218,127,39,88
218000219,6,20,-14
218000220,53,450,-397
218000221,604,153,451
218000222,5,37,-32
218000223,41,338,-297
218000224,7,193,-186
218000225,163,24,139
218000226,171,57,114
218000230,0,3,-3
218000232,52,33,19
218000239,130,10,120
218000240,10,8,2
218000241,13,0,13
218000242,26,2,24
218000243,17,3,14
218000244,35,0,35
218000245,24,2,22
218000246,0,0,0
218000247,0,0,0
218000248,1,21,-20
218000249,0,4,-4
218000250,0,26,-26
218000251,0,18,-18
218000252,8,31,-23
218000253,5,64,-59
218000254,0,31,-31
218000255,1,40,-39
218000256,7,70,-63
218000267,337,881,-544
218000268,4,22,-18
218000269,4,14,-10
218000270,109,40,69
218000271,10,29,-19
218000273,28,3,25
218000274,14,4,10
218000275,17,36,-19
218000276,11,17,-6
218000278,11,15,-4
218000279,128,54,74
218000280,4,26,-22
218000281,21,21,0
218000282,545,675,-130
218000284,65,2,63
218000301,102,129,-27
218000302,118,64,54
218000303,33,21,12
218000316,845,923,-78
218000317,1573,806,767
218000318,966,628,338
218000319,1292,693,599
218000320,879,447,432
218000338,36,53,-17
218000345,106,62,44
218000346,36,155,-119
218000459,32,193,-161
218000490,23,59,-36
218000501,124,32,92
218000502,53,73,-20
218000503,124,23,101
218000504,153,25,128
218000505,41,111,-70
218000506,31,238,-207
218000508,2,14,-12
218000510,206,12,194
218000520,93,88,5
218000521,21,33,-12
218000522,0,157,-157
218000523,120,1,119
218000524,21,362,-341
218000525,112,10,102
218000526,21,196,-175
218000529,32,107,-75
218000530,15,2,13
218000531,11,17,-6
218000532,31,10,21
218000534,197,12,185
218000537,15,61,-46
218000538,176,399,-223
218000540,321,131,190
218000543,147,41,106
218000544,32,58,-26
218000545,105,76,29
218000546,60,53,7
218000547,142,192,-50
218000548,135,72,63
218000549,547,684,-137
218000550,182,217,-35
218000551,72,1018,-946
218000552,316,76,240
218000553,50,96,-46
218000554,30,34,-4
218000555,32,81,-49
218000556,186,187,-1
218000557,356,118,238
218000558,54,1,53
218000559,0,35,-35
218000560,0,41,-41
218000561,25,0,25
218000562,48,141,-93
218000563,204,20,184
218000564,8,132,-124
218000565,107,49,58
218000566,216,60,156
218000567,2,68,-66
218000568,22,4,18
218000569,8,262,-254
218000570,108,12,96
218000571,0,108,-108
218000572,132,6,126
218000573,9,236,-227
218000574,60,35,25
218000575,90,1,89
218000576,0,92,-92
218000577,94,2,92
218000578,0,70,-70
218000579,104,31,73
218000581,2,48,-46
218000582,37,4,33
218000583,3,0,3
218000584,1,12,-11
218000585,29,1,28
218000586,12,43,-31
218000587,2,1,1
218000588,3,13,-10
218000589,1,17,-16
218000590,0,0,0
218000591,8,4,4
218000592,2,0,2
218000593,2,0,2
218000594,0,0,0
218000597,0,0,0
218000598,0,0,0
218000599,3,1,2
218000600,0,0,0
218000601,0,0,0
218000602,0,2,-2
218000603,0,1,-1
218000604,10,0,10
218000605,0,38,-38
218000606,68,1,67
218000607,17,39,-22
218000608,78,15,63
218000609,15,41,-26
218000610,79,3,76
218000611,30,3,27
218000612,5,10,-5
218000613,41,0,41
218000614,0,31,-31
218000615,149,2,147
218000616,12,161,-149
218000617,38,0,38
218000618,1,19,-18
218000619,35,19,16
218000620,19,33,-14
218000621,0,1,-1
218000622,0,20,-20
218000623,88,0,88
218000624,1,12,-11
218000625,6,0,6
218000626,0,5,-5
218000628,216,63,153
218000631,25,13,12
218000632,1,105,-104
218000633,184,0,184
218000634,6,14,-8
218000635,9,2,7
218000636,821,752,69
218000637,1200,397,803
218000638,235,23,212
218000639,21,107,-86
218000640,343,8,335
218000641,76,160,-84
218000652,36,49,-13
218000653,158,37,121
218000663,8,94,-86
218000675,55,73,-18
218000676,5,12,-7
218000677,19,1,18
218000680,203,215,-12
218000681,430,127,303
218000691,225,103,122
218000693,410,137,273
218000703,17,27,-10
218000718,197,1328,-1131
218000719,649,828,-179
218000720,12,225,-213
218000721,80,17,63
218000725,16,2,14
218001147,2,48,-46
218001214,17,127,-110
218001258,117,2,115
218001329,118,111,7
218001330,66,59,7
218001351,63,14,49
218001352,17,18,-1
218001353,9,3,6
218001354,3,14,-11
218001355,9,150,-141
218001356,569,22,547
218001357,13,75,-62
218001358,418,7,411
218001361,339,0,339
218001362,2,74,-72
219000001,57,54,3
219000002,48,57,-9
219000003,88,51,37
219000004,72,56,16
219000017,88,48,40
219000020,174,43,131
219000022,161,5,156
219000023,137,2,135
219000029,0,68,-68
219000034,53,27,26
219000039,95,140,-45
219000040,64,58,6
219000041,174,36,138
219000051,0,76,-76
219000052,0,27,-27
219000053,1,69,-68
219000054,29,76,-47
219000055,277,2,275
219000056,9,1,8
219000057,105,0,105
219000062,8,77,-69
219000063,142,7,135
219000064,0,58,-58
219000110,402,79,323
219000111,178,65,113
219000112,212,77,135
219000113,179,79,100
219000114,187,87,100
219000116,85,53,32
219000117,182,59,123
219000118,169,44,125
219000123,187,87,100
219000124,93,68,25
219000125,15,15,0
219000126,80,121,-41
219000127,1,2,-1
219000128,10,105,-95
219000129,31,109,-78
219000130,276,415,-139
219000131,576,911,-335
219000133,38,43,-5
219000134,20,19,1
219000135,25,53,-28
219000136,102,204,-102
219000138,91,26,65
219000139,52,37,15
219000140,91,1,90
219000141,34,68,-34
219000142,20,58,-38
219000143,4,74,-70
219000145,25,39,-14
219000146,16,21,-5
219000147,5,24,-19
219000148,3,14,-11
219000149,10,46,-36
219000150,4,51,-47
219000151,1,23,-22
219000157,273,122,151
219000158,177,209,-32
219000161,123,22,101
219000163,1307,537,770
219000166,170,190,-20
219000167,161,169,-8
219000168,326,102,224
219000174,487,176,311
219000175,133,2,131
219000176,138,3,135
219000177,72,0,72
219000178,79,1,78
219000179,18,14,4
219000180,49,46,3
219000182,149,14,135
219000183,72,28,44
219000184,97,28,69
219000185,4,50,-46
219000186,60,31,29
219000187,35,63,-28
219000189,67,168,-101
219000190,91,194,-103
219000191,451,1300,-849
219000192,195,119,76
219000193,200,145,55
219000195,0,46,-46
219000196,6,86,-80
219000198,25,62,-37
219000199,40,156,-116
219000200,49,149,-100
219000201,63,174,-111
219000203,33,145,-112
219000204,123,297,-174
219000205,74,207,-133
219000207,141,193,-52
219000209,26,50,-24
219000210,57,100,-43
219000213,9,121,-112
219000239,210,209,1
219000240,255,306,-51
219000241,167,112,55
219000242,62,131,-69
219000243,91,194,-103
219000244,17,75,-58
219000245,17,26,-9
219000246,33,28,5
219000247,250,45,205
219000248,643,498,145
219000249,168,105,63
219000250,146,138,8
219000251,766,233,533
219000252,251,156,95
219000253,493,114,379
219000255,184,134,50
219000256,334,79,255
219000257,111,1,110
219000262,140,106,34
219000263,63,93,-30
219000267,3,70,-67
219000268,5,5,0
219000269,4,2,2
219000270,9,0,9
219000271,166,17,149
219000278,0,4,-4
219000279,1,1,0
219000283,0,11,-11
219000295,21,74,-53
219000296,63,288,-225
219000297,10,80,-70
219000298,23,91,-68
219000299,454,60,394
219000300,33,129,-96
219000301,185,300,-115
219000302,23,208,-185
219000307,44,32,12
219000308,53,83,-30
219000311,220,65,155
219000312,703,144,559
219000313,482,69,413
219000314,57,302,-245
219000315,357,30,327
219000316,647,60,587
219000317,121,14,107
219000320,1,39,-38
219000321,0,32,-32
219000323,7,64,-57
219000325,6,8,-2
219000326,74,76,-2
219000327,58,30,28
219000328,23,54,-31
219000329,301,131,170
219000330,75,36,39
219000331,83,35,48
219000332,165,89,76
219000333,28,5,23
219000335,86,4,82
219000337,36,0,36
219000338,52,2,50
219000344,26,82,-56
219000345,41,72,-31
219000346,39,74,-35
219000348,141,45,96
219000349,32,96,-64
219000350,91,292,-201
219000351,8,11,-3
219000352,485,88,397
219000353,139,45,94
219000354,256,105,151
219000355,185,58,127
219000356,829,1479,-650
219000363,209,69,140
219000364,114,49,65
219000365,113,16,97
219000366,179,415,-236
219000368,347,674,-327
219000370,893,668,225
219000371,20,35,-15
219000382,17,28,-11
219000383,385,1200,-815
219000385,405,442,-37
219000386,731,1758,-1027
219000387,2,16,-14
219000390,2,1,1
219000391,2,2,0
219000397,93,34,59
219000398,71,71,0
219000401,11,90,-79
219000402,31,81,-50
219000403,145,308,-163
219000404,21,126,-105
219000407,8,32,-24
219000409,70,39,31
219000410,111,41,70
219000411,96,20,76
219000446,103,354,-251
219000447,6,18,-12
219000448,16,9,7
219000452,142,60,82
219000453,65,213,-148
219000454,209,348,-139
219000556,297,74,223
219000558,130,118,12
219000590,25,103,-78
219000591,162,97,65
219000592,105,222,-117
219000595,6,21,-15
219000635,226,48,178
219000636,29,54,-25
219000657,79,42,37
219000658,69,145,-76
219000673,0,57,-57
219000676,34,7,27
219000679,34,24,10
219000684,96,3,93
219000685,0,34,-34
219000686,1,3,-2
219000688,0,50,-50
219000689,30,172,-142
219000690,118,10,108
219000691,62,152,-90
219000692,156,30,126
219000693,4,22,-18
219000694,9,0,9
219000695,34,7,27
219000698,15,0,15
219000699,0,20,-20
219000727,3,88,-85
219000728,180,2,178
219000770,47,2,45
219000771,0,39,-39
219000788,332,196,136
219001150,0,35,-35
219001151,2,7,-5
219001166,44,31,13
219001167,4,68,-64
219001178,67,0,67
220000001,49,77,-28
220000002,14,85,-71
220000003,453,224,229
220000004,455,329,126
220000005,1007,1365,-358
220000006,180,617,-437
220000007,386,320,66
220000008,328,558,-230
220000009,285,360,-75
220000010,157,117,40
220000011,422,3074,-2652
220000012,88,324,-236
220000014,104,44,60
220000015,40,274,-234
220000017,99,239,-140
220000018,4062,2235,1827
220000019,106,395,-289
220000020,458,186,272
220000021,779,156,623
220000022,1188,428,760
220000023,378,203,175
220000024,1934,429,1505
220000025,941,1248,-307
220000026,427,458,-31
220000027,33,118,-85
220000028,62,55,7
220000029,50,79,-29
220000030,40,80,-40
220000031,617,339,278
220000064,15,837,-822
221000046,13,0,13
221000047,0,3,-3
221000048,0,2,-2
221000049,0,6,-6
221000050,42,0,42
221000055,41,37,4
221000057,101,14,87
221000068,373,154,219
221000069,398,69,329
221000070,283,29,254
221000071,135,9,126
221000072,286,13,273
221000073,181,39,142
221000074,0,25,-25
221000075,12,21,-9
221000076,6,22,-16
221000077,14,67,-53
221000081,26,10,16
221000082,89,2,87
221000083,19,5,14
221000084,7,4,3
221000085,24,60,-36
221000086,19,100,-81
221000087,4,96,-92
221000088,17,109,-92
221000089,33,231,-198
221000090,100,461,-361
221000098,112,11,101
221000099,379,12,367
221000100,110,4,106
221000101,197,30,167
221000102,169,27,142
221000109,9,85,-76
221000110,6,80,-74
221000111,23,120,-97
221000112,6,120,-114
221000113,18,133,-115
221000114,8,105,-97
221000120,24,38,-14
221000121,6,52,-46
221000122,55,64,-9
221000123,6,16,-10
221000124,31,176,-145
221000155,155,7,148
221000156,66,19,47
221000175,7,15,-8
221000176,0,3,-3
221000182,48,6,42
221000241,611,348,263
221000242,137,360,-223
221000243,496,227,269
221000244,263,439,-176
221000245,131,94,37
221000246,50,206,-156
221000247,143,115,28
221000248,146,101,45
221000267,65,666,-601
221000325,76,67,9
221000331,9,63,-54
221000338,15,29,-14
221000378,272,28,244
221000381,56,72,-16
222000282,2,3,-1
222000296,2,10,-8
222000568,388,37,351
222000569,250,59,191
222000570,177,25,152
222000571,431,29,402
222000577,16,96,-80
222000578,22,102,-80
222000579,23,136,-113
222000580,59,765,-706
222000599,0,117,-117
222000600,0,236,-236
222000601,5,772,-767
222000603,11,35,-24
222000604,0,92,-92
222000605,33,32,1
222000606,5,14,-9
222000607,4,11,-7
222000608,24,12,12
222000609,72,106,-34
222000616,450,29,421
222000617,3,42,-39
222000618,4,9,-5
222000620,23,14,9
222000621,52,11,41
222000623,709,3,706
222000624,405,6,399
222000625,687,20,667
222000636,45,4,41
222000686,15,17,-2
222000687,34,31,3
222001066,464,3,461
222001067,56,3,53
222001068,104,27,77
222001069,49,34,15
222001082,20,31,-11
222001083,14,33,-19
222001084,1,93,-92
222001085,6,120,-114
222001111,75,103,-28
222001112,169,37,132
222001313,24,8,16
222001314,11,111,-100
222001464,68,45,23
222001465,26,54,-28
222001484,165,54,111
222001485,30,46,-16
222001494,719,178,541
222001495,113,150,-37
222001496,447,120,327
222001497,104,259,-155
222001502,17,64,-47
222001503,154,51,103
222001504,47,265,-218
222001505,448,6,442
222001506,43,290,-247
222001507,304,19,285
222001510,686,40,646
222001511,34,243,-209
222001514,870,201,669
222001515,187,427,-240
222001518,360,59,301
222001519,67,135,-68
222001527,270,72,198
222001528,64,122,-58
222001529,385,65,320
222001530,58,148,-90
222001533,116,218,-102
222001534,422,68,354
222001535,288,256,32
222001536,168,137,31
222001537,415,50,365
222001538,72,331,-259
222001563,1062,93,969
222001564,59,321,-262
222001568,272,222,50
222001576,2,8,-6
222001579,2,30,-28
222001583,14,84,-70
222001584,127,10,117
222001596,818,1381,-563
222001597,2141,483,1658
222001626,0,131,-131
222001650,85,172,-87
222001651,121,564,-443
222001914,207,75,132
222001915,86,150,-64
222001968,576,295,281
222001969,458,503,-45
222001970,147,204,-57
222001971,29,11,18
222001972,2,16,-14
225000001,513,166,347
225000002,717,149,568
225000003,842,95,747
225000004,506,232,274
225000005,95,71,24
225000006,0,123,-123
225000007,1128,1159,-31
225000010,379,15,364
225000011,371,1071,-700
225000012,230,601,-371
225000013,94,100,-6
225000014,849,100,749
225000015,88,102,-14
225000021,848,183,665
225000027,223,463,-240
225000032,687,118,569
225000042,44,526,-482
225000049,50,59,-9
225000050,108,24,84
225000053,8,313,-305
225000058,599,178,421
225000067,268,121,147
225000068,141,191,-50
225000069,123,352,-229
225000070,99,297,-198
225000071,32,94,-62
225000075,18,633,-615
225000076,61,115,-54
225000078,57,39,18
225000085,99,115,-16
225000086,383,76,307
225000087,178,17,161
225000088,4,170,-166
225000089,209,1010,-801
225000090,82,483,-401
225000091,184,137,47
225000092,97,48,49
225000093,264,164,100
225000094,14,155,-141
225000095,264,239,25
225000096,226,309,-83
225000098,979,264,715
225000099,440,124,316
225000100,461,147,314
225000104,102,353,-251
225000110,5,345,-340
225000111,203,710,-507
225000112,271,846,-575
225000113,217,478,-261
225000114,55,233,-178
225000115,1033,570,463
225000116,881,221,660
225000117,708,258,450
225000118,1083,266,817
225000119,259,87,172
225000120,776,54,722
225000121,249,31,218
225000123,501,31,470
225000125,440,132,308
225000126,556,138,418
225000127,606,1567,-961
225000128,524,944,-420
225000132,275,26,249
225000133,235,24,211
225000134,710,168,542
225000135,75,24,51
225000136,308,20,288
225000137,273,44,229
225000138,450,114,336
225000143,49,193,-144
225000144,1,276,-275
225000145,70,44,26
225000146,38,69,-31
225000147,30,157,-127
225000148,2,126,-124
225000149,76,374,-298
225000151,21,144,-123
225000155,303,281,22
225000156,163,758,-595
225000157,207,263,-56
225000158,85,205,-120
225000171,2,148,-146
225000180,26,12,14
225000181,1,55,-54
225000182,88,11,77
225000185,13,370,-357
225000187,60,316,-256
225000191,64,1,63
225000194,0,10,-10
225000208,1,44,-43
225000209,87,15,72
225000210,3,198,-195
225000217,1,12,-11
225000218,20,4,16
225000223,1,45,-44
225000224,39,1,38
225000225,1,11,-10
225000226,36,4,32
225000227,42,72,-30
225000228,10,20,-10
225000229,0,63,-63
225000230,94,0,94
225000231,1,49,-48
225000232,190,0,190
225000241,82,0,82
225000242,0,37,-37
225000249,6,0,6
225000250,44,476,-432
225000251,309,39,270
225000254,5,1,4
225000256,1,26,-25
225000257,2,23,-21
226000042,233,335,-102
226000043,59,250,-191
226000044,107,366,-259
226000045,66,217,-151
226000046,537,98,439
226000047,436,124,312
226000048,476,104,372
226000049,297,156,141
226000070,0,24,-24
226000071,0,47,-47
226000072,1,10,-9
226000073,0,10,-10
226000074,0,18,-18
226000084,2,36,-34
226000085,2,9,-7
226000086,3,9,-6
226000087,2,23,-21
226000088,21,45,-24
226000090,233,146,87
226000091,21,96,-75
226000092,3,23,-20
226000093,25,6,19
226000094,8,3,5
226000095,7,3,4
226000105,10,1,9
226000106,8,0,8
226000107,13,0,13
226000108,12,0,12
226000109,130,0,130
226000124,128,88,40
226000134,1043,495,548
226000135,1905,580,1325
226000136,1065,455,610
226000137,11,259,-248
226000138,17,118,-101
226000139,1,33,-32
226000156,203,4,199
226000157,345,27,318
226000163,117,164,-47
226000202,14,200,-186
226000231,478,9,469
226000232,33,3,30
227000033,478,54,424
227000036,504,40,464
227000037,503,34,469
227000038,190,24,166
227000084,1,69,-68
227000085,0,51,-51
227000088,64,6,58
227000089,70,1,69
227000090,38,1,37
227000091,34,7,27
227000092,48,1,47
227000093,174,1,173
227000094,13,1,12
227000130,29,68,-39
227000131,15,143,-128
227000132,12,161,-149
227000133,12,122,-110
227000134,15,219,-204
227000152,0,2,-2
227000153,0,44,-44
227000154,0,36,-36
227000155,2,17,-15
227000156,0,11,-11
227000165,3,37,-34
227000196,422,178,244
227000199,410,316,94
227000230,5,278,-273
227000232,602,26,576
227000242,70,347,-277
227000243,631,82,549
227000245,13,255,-242
227000246,103,279,-176
227000247,546,102,444
227000248,204,41,163
227000249,16,126,-110
227000250,371,214,157
227000251,89,166,-77
227000252,32,182,-150
227000253,212,24,188
227000262,590,58,532
227000266,1614,17,1597
227000267,35,1095,-1060
227000282,2,115,-113
227000284,658,19,639
227000286,5,50,-45
227000287,13,48,-35
227000291,15,382,-367
227000296,239,241,-2
227000484,223,24,199
227000485,33,667,-634
227000655,234,10,224
227000656,622,51,571
227000657,128,6,122
227000661,352,8,344
227000680,135,54,81
229000265,11,28,-17
229000296,1,22,-21
229000297,6,22,-16
229000298,1,146,-145
229000320,20,4,16
229000321,18,1,17
229000412,20,54,-34
229000414,11,57,-46
229000415,16,2,14
229000416,1,4,-3
229000417,1,8,-7
229000419,117,323,-206
229000440,397,51,346
229000442,17,5,12
229000443,4,1,3
229000444,1,24,-23
229000445,45,6,39
229000446,64,8,56
229000491,2,14,-12
229000492,11,51,-40
229000493,11,64,-53
229000494,40,4,36
229000495,136,7,129
229000496,85,4,81
229000507,0,66,-66
229000508,1,27,-26
229000509,0,51,-51
229000510,6,25,-19
229000511,3,41,-38
229000512,0,28,-28
229000513,0,7,-7
229000514,0,4,-4
229000517,0,8,-8
229000518,18,9,9
229000519,0,3,-3
229000520,11,9,2
229000521,52,7,45
229000522,8,9,-1
229000523,10,7,3
229000524,7,4,3
229000527,6,0,6
229000528,0,0,0
229000529,13,0,13
229000530,82,3,79
229000531,40,2,38
229000532,20,0,20
229000533,63,0,63
229000534,46,1,45
229000564,71,1,70
229000565,24,0,24
229000566,0,6,-6
229000567,0,23,-23
229000582,65,3,62
229000583,7,2,5
229000584,0,24,-24
229000585,1,55,-54
229000718,0,1,-1
229000719,0,1,-1
229000720,0,5,-5
229000721,0,4,-4
229000722,0,7,-7
229000723,0,1,-1
229000724,0,0,0
229000725,0,2,-2
229000738,2,0,2
229000739,1,0,1
229000740,2,0,2
229000741,24,0,24
229000742,8,0,8
229000743,17,0,17
229000744,1,0,1
229000745,0,0,0
229000746,26,0,26
229000847,60,0,60
229000848,15,0,15
229000849,109,1,108
229000851,57,0,57
229000854,0,5,-5
229000856,1,43,-42
229000857,1,19,-18
229000858,0,18,-18
229000919,4,89,-85
229000930,3,273,-270
229000937,94,7,87
229000966,57,28,29
229000981,35,22,13
229000985,23,68,-45
229000986,5,3,2
229000987,0,2,-2
229000988,1,4,-3
229000989,7,9,-2
229000990,3,1,2
229000991,1,0,1
229000992,11,1,10
229000993,121,11,110
229000998,8,53,-45
229000999,53,4,49
229001034,0,11,-11
229001035,7,1,6
229001037,30,4,26
229001042,13,10,3
229001047,7,48,-41
229001050,24,47,-23
229001168,0,15,-15
229001200,18,0,18
229001338,0,15,-15
229001394,217,5,212
229001422,160,28,132
229001423,28,96,-68
229001431,68,58,10
229001432,43,69,-26
229001444,212,50,162
229001445,25,122,-97
229001479,25,4,21
229001503,237,82,155
229001504,129,99,30
229001505,146,28,118
229001506,78,76,2
229001509,43,7,36
229001545,102,6,96
229001546,10,79,-69
229001553,91,14,77
229001554,36,63,-27
229001559,5,12,-7
229001560,5,20,-15
229001630,51,2,49
229001631,5,34,-29
229001635,1,16,-15
229001636,5,0,5
229001658,3,116,-113
229001659,65,4,61
229001660,55,7,48
229001661,18,25,-7
229001662,11,1,10
229001663,0,17,-17
229002584,158,101,57
229002831,146,119,27
229002841,23,20,3
229002842,21,17,4
229002843,59,8,51
229002844,48,38,10
229002845,20,49,-29
229002846,19,20,-1
229002847,4,10,-6
229002848,7,16,-9
229002849,4,55,-51
229002850,13,0,13
229002851,40,106,-66
229002852,192,45,147
229002853,118,18,100
229002854,40,35,5
229002855,9,23,-14
229002856,40,13,27
229002857,19,127,-108
229002858,12,10,2
229002859,21,69,-48
229002860,196,21,175
229002861,90,19,71
229002862,46,36,10
229002863,29,16,13
229002864,47,31,16
229002865,15,11,4
229002866,21,23,-2
229002867,1,19,-18
229002868,3,9,-6
229002869,34,91,-57
229002870,106,9,97
235000066,382,49,333
235000067,100,57,43
235000072,23,75,-52
235000073,113,362,-249
235000074,69,50,19
235000080,25,72,-47
235000081,112,111,1
235000082,162,38,124
235000083,282,66,216
235000084,38,30,8
235000085,220,60,160
235000089,47,17,30
235000092,117,163,-46
235000093,19,10,9
235000097,5,8,-3
235000098,79,7,72
235000099,79,23,56
235000116,43,14,29
235000117,479,37,442
235000133,14,665,-651
235000134,20,217,-197
235000206,26,12,14
235000207,6,5,1
235000208,2,5,-3
235000209,6,2,4
235000210,8,1,7
235000212,7,16,-9
235000213,2,6,-4
235000220,1,6,-5
235000221,38,17,21
235000238,20,118,-98
235000239,1,18,-17
235000242,316,952,-636
235000245,586,189,397
235000246,9,66,-57
235000284,22,171,-149
235000295,91,27,64
235000305,242,23,219
235000306,293,8,285
235000307,26,1,25
235000308,20,1,19
235000309,53,0,53
235000310,43,0,43
235000311,74,29,45
235000322,0,46,-46
235000323,1,69,-68
235000324,2,14,-12
235000325,2,21,-19
235000326,4,116,-112
235000351,4,75,-71
235000352,11,51,-40
235000353,5,28,-23
235000354,21,32,-11
235000355,8,93,-85
235000356,66,2,64
235000357,30,4,26
235000358,67,8,59
235000359,17,7,10
235000360,50,32,18
235000361,45,7,38
235000381,90,79,11
235000382,254,23,231
235000390,12,5,7
235000391,217,16,201
235000392,248,321,-73
235000393,167,171,-4
235000395,183,40,143
235000396,572,107,465
235000400,109,69,40
235000401,13,120,-107
235000405,87,186,-99
235000406,40,237,-197
235000407,96,80,16
235000409,158,101,57
235000410,52,221,-169
235000411,0,49,-49
235000485,0,6,-6
235000486,10,0,10
235000549,180,107,73
235000550,98,133,-35
235000599,235,55,180
235000600,15,19,-4
235000601,11,21,-10
235000602,144,60,84
235000614,1,6,-5
235000648,0,27,-27
235000649,57,10,47
235000685,0,1,-1
235000815,28,56,-28
235000834,0,6,-6
235000855,81,43,38
235000862,8,89,-81
235000891,0,16,-16
235000892,57,57,0
235000901,191,82,109
235000907,10,15,-5
235001010,95,61,34
235001029,503,369,134
235001030,572,274,298
235001078,107,107,0
235001079,71,91,-20
235001147,7,55,-48
235001166,11,61,-50
235001167,81,36,45
235001169,28,296,-268
235001188,0,6,-6
235001189,5,1,4
235001197,12,14,-2
235001200,65,44,21
235001207,195,66,129
235001210,12,70,-58
235001215,26,95,-69
235001239,13,36,-23
235001244,1,10,-9
235016267,0,74,-74
277101746,0,0,0
277102712,0,0,0
277103813,0,0,0
277103814,0,0,0
277103898,0,5,-5
277104249,0,0,0
277104250,0,7,-7
277104251,0,3,-3
277104252,0,3,-3
990011530,0,178,-178
990014944,2,375,-373
990015176,82,0,82
990015618,0,125,-125
990016032,1,306,-305
990032570,2,27,-25
990070001,49,2,47
990070103,0,4,-4
990070601,0,45,-45
990070751,1241,5,1236
990070766,2,247,-245
990071180,536,146,390
990071343,7,2,5
990071387,0,13,-13
990071823,487,4,483
990072600,5,1281,-1276
990072964,0,353,-353
990073285,0,1,-1
990074393,0,632,-632
990074870,1593,45,1548
990075106,1288,6,1282
990075746,535,5,530
990076437,1778,6,1772
990076458,0,449,-449
997000007,505,6,499
997000041,0,276,-276
997000058,87,2,85
997000062,41,1,40
997000069,1,7,-6
997000070,0,17,-17
997000100,63,0,63
997000141,10,1887,-1877
997000198,63,868,-805
998000475,9,51,-42
998000736,0,116,-116
998000965,0,12,-12
998001031,1,64,-63
998001700,0,1,-1
998001899,0,0,0
998001900,7,3,4
998003073,1271,11,1260
998101900,0,0,0
998102850,2,266,-264
998501927,908,976,-68
998501929,134,2,132
998501930,43,0,43
998501931,217,67,150
998501932,4,0,4
998501933,64,1,63
998501937,29,1,28
998501944,9,0,9
998501950,0,0,0
998501970,82,6,76
998501971,1,95,-94
998501973,0,39,-39
998501974,0,169,-169
998501975,82,2,80
998501976,197,9,188
998501977,0,36,-36
998501978,14,0,14
998501979,0,12,-12
998501980,110,13,97
998501981,52,1,51
998501982,0,125,-125
998501983,0,0,0
998502006,0,1,-1
998502024,0,5,-5
998502032,0,2,-2
998502062,10,0,10
998502063,0,0,0
998502173,15,0,15
998502269,0,3,-3
998502546,1,164,-163
998601159,1,96,-95
998601292,0,24,-24
999033574,0,271,-271
999800001,19,2,17
999800002,0,8,-8
999800003,2,0,2
999800004,0,4,-4
999800005,0,7,-7
