ID,insum,outsum,diff
100000001,990,821,169
100000002,7986,14486,-6500
100000003,7109,12527,-5418
100000004,484,1603,-1119
100000005,4873,7918,-3045
100000006,1067,1306,-239
100000007,4142,1111,3031
100000008,140,2513,-2373
100000009,518,1023,-505
100000010,60,2171,-2111
100000011,950,399,551
100000012,60,647,-587
100000013,13,749,-736
100000014,499,1495,-996
100000015,1965,3262,-1297
100000016,505,4016,-3511
100000017,513,4966,-4453
100000018,1484,1235,249
100000019,5355,5881,-526
100000020,2505,11044,-8539
100000021,12589,3002,9587
100000022,1381,9969,-8588
100000023,10850,5097,5753
100000025,711,3922,-3211
100000028,625,5395,-4770
100000029,98,2014,-1916
100000030,65,80,-15
100000031,3411,14319,-10908
100000032,4295,10705,-6410
100000033,1947,8104,-6157
100000034,342,2949,-2607
100000035,1069,3287,-2218
100000036,1260,3192,-1932
100000037,1218,1057,161
100000038,4885,2160,2725
100000039,288,1808,-1520
100000040,1002,376,626
100000041,2880,1022,1858
100000042,2412,948,1464
100000043,1085,347,738
100000044,471,597,-126
100000045,609,1387,-778
100000046,827,1314,-487
100000047,284,1069,-785
100000048,332,1457,-1125
100000049,2858,2837,21
100000051,1128,756,372
100000053,165,10,155
100000054,473,38,435
100000055,1009,330,679
100000056,593,1164,-571
100000057,3226,1265,1961
100000058,1603,851,752
100000059,55,729,-674
100000060,1260,968,292
100000061,3485,1521,1964
100000062,2407,1431,976
100000063,1707,632,1075
100000064,2823,973,1850
100000065,461,1085,-624
100000066,290,805,-515
100000067,335,835,-500
100000068,565,3336,-2771
100000069,508,1902,-1394
100000072,193,660,-467
100000073,1973,1429,544
100000075,1814,324,1490
100000076,2553,9833,-7280
100000077,308,1179,-871
100000078,15,72,-57
100000079,45,76,-31
100000080,16,62,-46
100000081,43,288,-245
100000102,4936,14884,-9948
100000103,3256,3485,-229
100000104,10142,4114,6028
100000105,1601,5662,-4061
100000106,1408,8326,-6918
100000107,113,2596,-2483
100000108,449,3201,-2752
100000109,836,4146,-3310
100000116,362,1198,-836
100000117,93,316,-223
100000118,826,2212,-1386
100000119,1380,1794,-414
100000121,406,1261,-855
100000122,862,7975,-7113
100000123,2284,4695,-2411
100000124,3843,4382,-539
100000125,15982,3886,12096
100000126,925,3116,-2191
100000127,1922,3086,-1164
100000128,580,6712,-6132
100000129,478,1771,-1293
100000130,1279,411,868
100000131,1708,2946,-1238
100000132,1980,2848,-868
100000133,2565,1945,620
100000135,1257,1797,-540
100000139,155,767,-612
100000140,165,327,-162
100000142,780,1082,-302
100000143,1409,511,898
100000144,4293,744,3549
100000147,2788,7454,-4666
100000150,160,1216,-1056
100000151,689,4155,-3466
100000153,107,1029,-922
100000154,40,2396,-2356
100000155,21,113,-92
100000156,220,302,-82
100000157,769,381,388
100000158,345,322,23
100000159,127,3177,-3050
100000165,1333,1356,-23
100000169,32,4155,-4123
100000174,339,2585,-2246
100000179,83,2644,-2561
100000180,1137,11516,-10379
100000181,667,888,-221
100000188,140,1074,-934
100000189,1298,1149,149
100000190,774,3034,-2260
100000191,1511,1163,348
100000192,66,197,-131
100000193,369,253,116
100000330,1418,1767,-349
100000355,413,1831,-1418
100000362,3106,1337,1769
100000363,10007,13349,-3342
100000364,143,413,-270
100000365,9530,15263,-5733
100000366,2440,1911,529
100000367,9413,12384,-2971
100000368,2438,1983,455
100000369,954,4439,-3485
100000370,412,1708,-1296
100000376,23,411,-388
100000379,1064,8741,-7677
100000380,4497,18594,-14097
100000384,8606,14705,-6099
100000385,2441,10466,-8025
100000386,2440,15021,-12581
100000387,7314,16761,-9447
100000388,2598,6988,-4390
100000389,7863,11559,-3696
100000390,4467,5872,-1405
100000391,4300,11546,-7246
100000392,1043,4632,-3589
100000393,1126,7506,-6380
100000394,2702,9700,-6998
100000395,1289,9140,-7851
100000396,1359,3197,-1838
100000397,2298,11716,-9418
100000398,8842,6234,2608
100900002,31,77,-46
100900003,1035,382,653
100900004,27,3288,-3261
100900005,286,17,269
100900006,122,55,67
100900007,317,2,315
100900008,11,744,-733
100900009,70,101,-31
100900010,109,21,88
100900011,406,126,280
100900012,1,46,-45
100900013,1861,40,1821
100900014,3,0,3
100900015,64,113,-49
100900016,1,27,-26
100900017,2291,419,1872
100900018,1,14,-13
100900019,88,156,-68
100900020,620,7,613
100900021,729,5,724
100900022,11,64,-53
100900023,1,84,-83
100900024,666,4,662
100900025,33,8,25
100900026,303,112,191
100900027,802,5345,-4543
100900028,70,750,-680
100900029,33,2,31
100900030,2,612,-610
100900031,1692,179,1513
100900032,1039,2,1037
100900033,156,1265,-1109
100900034,2565,0,2565
100900035,389,6,383
100900036,38,0,38
100900037,273,93,180
100900038,15,178,-163
100900039,394,204,190
100900040,1004,480,524
100900041,2448,292,2156
100900042,560,3975,-3415
100900043,0,118,-118
100900044,1964,1368,596
100900045,19,5,14
100900046,2176,18,2158
100900047,1315,203,1112
100900048,318,100,218
100900049,162,195,-33
100900050,17,36,-19
100900051,63,376,-313
100900052,550,46,504
100900053,1084,54,1030
100900054,16,31,-15
100900055,1080,2357,-1277
100900056,54,168,-114
100900057,4557,1004,3553
100900058,179,131,48
100900059,204,7,197
100900060,267,10,257
100900061,181,258,-77
100900062,0,7,-7
100900063,459,1560,-1101
100900064,1059,32,1027
100900065,88,247,-159
100900066,254,81,173
100900067,63,10,53
100900068,142,427,-285
100900069,213,37,176
100900070,1031,56,975
100900071,414,185,229
100900072,0,35,-35
100900073,525,650,-125
100900074,2,6,-4
100900075,3224,568,2656
100900076,19,45,-26
100900077,92,11,81
100900078,564,440,124
100900079,8,8,0
100900080,158,363,-205
100900081,92,306,-214
100900082,494,82,412
100900083,25,70,-45
100900085,2,764,-762
100900086,103,561,-458
100900088,482,144,338
100900089,13,30,-17
100900090,234,2922,-2688
100900091,12,10,2
100900092,135,226,-91
100900093,465,1000,-535
100900094,422,136,286
100900095,3,50,-47
100900096,40,590,-550
100900097,0,2,-2
100900098,24,23,1
100900099,7,874,-867
100900100,17,447,-430
100900101,451,59,392
100900102,10,271,-261
100900103,21,29,-8
100900104,2,419,-417
100900105,23,1055,-1032
100900106,20,10,10
100900107,6130,1597,4533
100900108,9,65,-56
100900109,22,49,-27
100900110,12,43,-31
100900111,17,441,-424
100900112,7,100,-93
100900113,20,17,3
100900114,4,66,-62
100900115,33,87,-54
100900116,2551,642,1909
100900117,416,1781,-1365
100900118,12,145,-133
100900119,22,26,-4
100900120,21,25,-4
100900121,1465,666,799
100900122,68,67,1
100900123,390,51,339
100900124,1,1,0
100900125,6,53,-47
100900126,1168,411,757
100900127,8,2,6
100900128,244,1572,-1328
100900129,0,455,-455
100900131,37,208,-171
100900133,117,32,85
100900134,10,9,1
100900135,5,1332,-1327
100900137,544,536,8
100900138,577,869,-292
100900139,0,24,-24
100900140,21,232,-211
100900141,6,1138,-1132
100900142,2,9,-7
100900143,519,1929,-1410
100900144,7,9,-2
100900145,88,1911,-1823
100900146,6,83,-77
100900147,30,3957,-3927
100900148,425,220,205
100900149,9,1166,-1157
100900150,15,98,-83
100900151,223,937,-714
100900152,1339,50,1289
100900153,10,433,-423
100900154,2,305,-303
100900155,10,9,1
100900156,196,13,183
100900157,37,542,-505
100900158,1797,90,1707
100900159,14,102,-88
100900160,54,4,50
100900161,157,3,154
100900162,17,347,-330
100900163,463,115,348
100900164,240,93,147
100900165,36,44,-8
100900166,326,3,323
100900167,20,75,-55
100900168,79,133,-54
100900169,97,1750,-1653
100900170,30,53,-23
100900171,17,702,-685
100900172,0,134,-134
100900173,24,297,-273
100900174,74,81,-7
100900176,2551,981,1570
100900177,719,567,152
100900178,551,266,285
100900179,385,547,-162
100900180,0,3,-3
100900181,237,102,135
100900182,220,20,200
100900184,45,205,-160
100900186,1042,555,487
100900187,106,128,-22
100900188,120,20,100
100900189,4539,233,4306
100900191,914,1625,-711
100900192,177,609,-432
100900195,187,1380,-1193
100900197,57,151,-94
100900198,51,46,5
100900199,13,5,8
100900200,1465,531,934
100900201,358,1393,-1035
100900202,108,2,106
100900203,3,255,-252
100900204,177,5148,-4971
100900205,391,777,-386
100900206,330,363,-33
100900207,578,238,340
100900210,204,134,70
100900211,1304,216,1088
100900213,522,92,430
100900214,533,115,418
100900215,224,54,170
101000001,2336,2942,-606
101000002,11413,14501,-3088
101000003,808,1529,-721
101000004,12481,9432,3049
101000005,7693,9324,-1631
101000006,16149,16744,-595
101000007,7472,9391,-1919
101000008,2608,3820,-1212
101000009,4937,1459,3478
101000010,2115,1381,734
101000011,2648,546,2102
101000012,664,1453,-789
101000013,868,2332,-1464
101000014,625,692,-67
101000015,3304,3025,279
101000016,389,1858,-1469
101000017,509,960,-451
101000018,2349,16328,-13979
101000020,2508,2818,-310
101000021,726,1829,-1103
101000022,100,721,-621
101000023,2034,1700,334
101000025,601,1213,-612
101000026,320,45,275
101000027,3061,7101,-4040
101000028,691,132,559
101000029,57,2301,-2244
101000030,1715,239,1476
101000031,128,1150,-1022
101000032,3060,6974,-3914
101000033,2399,11084,-8685
101000034,1115,5177,-4062
101000035,722,948,-226
101000036,569,4461,-3892
101000037,1515,6443,-4928
101000039,3047,8209,-5162
101000040,4901,12165,-7264
101000041,3212,11011,-7799
101000042,109,1806,-1697
101000043,4695,14018,-9323
101000045,384,1023,-639
101000046,1775,3534,-1759
101000047,1426,7391,-5965
101000048,685,852,-167
101000049,828,4657,-3829
101000050,1017,4102,-3085
101000051,829,3715,-2886
101000052,1816,3612,-1796
101000053,536,2431,-1895
101000054,4214,1620,2594
101000055,1884,3151,-1267
101000056,19,280,-261
101000057,706,4959,-4253
101000058,1492,4623,-3131
101000059,3284,4693,-1409
101000060,2834,2725,109
101000061,610,3988,-3378
101000062,298,969,-671
101000063,295,3182,-2887
101000064,359,1568,-1209
101000065,225,2154,-1929
101000066,380,2609,-2229
101000067,294,1261,-967
101000068,186,636,-450
101000069,279,147,132
101000070,455,1161,-706
101000071,6627,3136,3491
101000072,1177,4469,-3292
101000073,679,1500,-821
101000074,3047,5377,-2330
101000075,2889,4737,-1848
101000077,2635,3510,-875
101000078,1092,1817,-725
101000079,1266,1677,-411
101000080,899,1928,-1029
101000081,2983,2297,686
101000082,3003,2845,158
101000083,5579,3759,1820
101000084,1602,727,875
101000085,2499,2354,145
101000086,1270,2041,-771
101000087,1614,1927,-313
101000088,3280,2182,1098
101000089,1693,2963,-1270
101000090,2940,1136,1804
101000091,1170,700,470
101000092,3568,887,2681
101000093,2790,720,2070
101000094,1921,1336,585
101000095,1361,917,444
101000096,1206,395,811
101000097,655,2038,-1383
101000098,755,1769,-1014
101000099,1025,2704,-1679
101000100,1183,3103,-1920
101000101,241,2706,-2465
101000102,798,3085,-2287
101000103,651,2570,-1919
101000104,407,1402,-995
101000105,212,1302,-1090
101000106,388,4040,-3652
101000107,417,1294,-877
101000108,974,208,766
101000109,1585,270,1315
101000110,68,300,-232
101000111,86,554,-468
101000113,220,1947,-1727
101000114,2987,10563,-7576
101000115,68,25,43
101000116,30,119,-89
101000117,2295,434,1861
101000119,13,149,-136
101000120,96,149,-53
101000121,27,64,-37
101000122,136,133,3
101000123,51,175,-124
101000124,653,720,-67
101000125,184,178,6
101000128,265,2746,-2481
101000130,231,330,-99
101000131,2642,494,2148
101000132,1716,1258,458
101000135,14,31,-17
101000136,81,245,-164
101000137,12,954,-942
101000141,851,8192,-7341
101000147,1184,431,753
101000148,1375,41,1334
101000149,36,148,-112
101000150,239,355,-116
101000151,717,84,633
101000152,707,759,-52
101000153,606,352,254
101000154,771,1007,-236
101000155,1186,434,752
101000156,17,1334,-1317
101000157,98,445,-347
101000160,28,25,3
101000163,137,966,-829
101000164,544,133,411
101000165,439,1081,-642
101000166,313,371,-58
101000168,1335,787,548
101000252,4260,1522,2738
101000254,19,58,-39
101000258,79,6,73
101000261,75,177,-102
101000262,4044,10016,-5972
101000263,644,2312,-1668
101000265,132,1191,-1059
101000266,883,731,152
101000269,30,97,-67
101000290,503,5903,-5400
101000293,23,108,-85
101000294,1163,1143,20
101000295,561,247,314
101000301,156,1497,-1341
101000304,4622,7862,-3240
101000305,4253,3302,951
101900001,35,43,-8
101900002,0,8,-8
101900003,40,450,-410
101900004,0,345,-345
101900005,2021,8211,-6190
101900006,3836,346,3490
101900007,1108,593,515
101900008,106,832,-726
101900009,50,828,-778
101900010,712,1341,-629
101900011,104,2533,-2429
101900012,1230,251,979
101900013,1093,123,970
101900017,42,158,-116
101900018,2095,696,1399
101900019,198,279,-81
101900020,365,221,144
101900021,7,122,-115
101900022,467,2231,-1764
101900023,384,474,-90
102000001,7043,14422,-7379
102000002,4390,10338,-5948
102000003,3645,9909,-6264
102000004,13225,7544,5681
102000005,2858,6332,-3474
102000006,1363,2419,-1056
102000007,4847,9019,-4172
102000008,12394,2992,9402
102000009,15573,15721,-148
102000010,7167,4771,2396
102000011,9562,9928,-366
102000012,6346,5349,997
102000018,6052,6585,-533
102000019,6629,3742,2887
102000026,1271,809,462
102000029,416,764,-348
102000030,298,710,-412
102000031,166,279,-113
102000032,1154,822,332
102000033,959,555,404
102000034,957,857,100
102000035,3876,1032,2844
102000036,56,486,-430
102000037,364,67,297
102000038,147,797,-650
102000039,59,274,-215
102000040,254,557,-303
102000041,45,1094,-1049
102000042,160,740,-580
102000043,151,1051,-900
102000044,808,2106,-1298
102000045,1435,2227,-792
102000046,3278,1927,1351
102000047,1782,1394,388
102000048,1668,1087,581
102000049,1768,2803,-1035
102000050,2878,2203,675
102000051,432,1591,-1159
102000052,2014,2480,-466
102000053,2057,2836,-779
102000054,1721,1547,174
102000055,2716,298,2418
102000056,3728,442,3286
102000057,3502,730,2772
102000058,1691,1048,643
102000059,1702,2312,-610
102000060,1517,1361,156
102000061,3862,2661,1201
102000062,4063,1796,2267
102000063,2371,2523,-152
102000064,922,1008,-86
102000065,80,269,-189
102000066,1335,1534,-199
102000067,11806,6961,4845
102000068,17087,6497,10590
102000069,169,4203,-4034
102000070,2682,62,2620
102000071,10543,17814,-7271
102000072,4643,6644,-2001
102000073,1481,1178,303
102000074,1336,2862,-1526
102000075,374,552,-178
102000076,828,215,613
102000077,1638,672,966
102000078,2746,479,2267
102000079,414,219,195
102000080,804,423,381
102000081,554,1425,-871
102000082,991,626,365
102000083,1978,577,1401
102000084,1114,410,704
102000085,6712,1262,5450
102000086,2689,1180,1509
102000087,1431,2066,-635
102000088,519,629,-110
102000089,2524,518,2006
102000090,542,2102,-1560
102000091,1912,1119,793
102000092,457,1069,-612
102000093,1557,765,792
102000094,693,442,251
102000095,1154,1660,-506
102000096,584,570,14
102000097,2063,606,1457
102000098,470,661,-191
102000099,1221,980,241
102000100,294,1250,-956
102000101,547,572,-25
102000102,617,2175,-1558
102000103,5137,644,4493
102000104,1234,721,513
102000105,427,654,-227
102000106,1711,701,1010
102000107,4183,332,3851
102000108,1213,691,522
102000109,2311,1027,1284
102000110,2988,1177,1811
102000111,30,1394,-1364
102000112,225,241,-16
102000113,29,111,-82
102000114,2612,646,1966
102000115,557,666,-109
102000116,439,1098,-659
102000117,121,2050,-1929
102000118,1301,2722,-1421
102000119,1191,2253,-1062
102000120,460,1075,-615
102000121,1820,762,1058
102000122,1049,1348,-299
102000123,1890,1359,531
102000124,2478,2315,163
102000125,861,1746,-885
102000126,753,1753,-1000
102000127,1971,1178,793
102000128,1105,1190,-85
102000129,2951,887,2064
102000130,940,1377,-437
102000131,2299,1336,963
102000132,586,1597,-1011
102000133,6218,3353,2865
102000134,1655,1658,-3
102000135,1937,1291,646
102000136,2997,1165,1832
102000137,874,2029,-1155
102000138,531,804,-273
102000139,181,2225,-2044
102000140,248,2232,-1984
102000141,420,3495,-3075
102000142,715,644,71
102000143,644,379,265
102000144,750,306,444
102000145,594,444,150
102000146,910,705,205
102000147,1040,682,358
102000148,582,1314,-732
102000149,958,183,775
102000150,1213,140,1073
102000151,206,205,1
102000152,636,248,388
102000153,1426,1206,220
102000154,267,520,-253
102000155,53,1022,-969
102000156,344,296,48
102000157,110,2439,-2329
102000158,70,475,-405
102000159,4018,2175,1843
102000161,6180,3906,2274
102000162,247,617,-370
102000163,212,672,-460
102000164,1215,1353,-138
102000165,338,963,-625
102000166,109,640,-531
102000167,359,461,-102
102000168,424,465,-41
102000169,341,1084,-743
102000170,1936,327,1609
102000171,176,537,-361
102000172,25,893,-868
102000173,834,642,192
102000174,281,324,-43
102000175,107,117,-10
102000176,59,80,-21
102000178,367,1290,-923
102000179,797,612,185
102000180,1825,315,1510
102000181,2071,488,1583
102000182,1079,525,554
102000183,3956,1544,2412
102000184,3486,1107,2379
102000185,5630,1251,4379
102000186,3520,1376,2144
102000187,1860,5454,-3594
102000188,2842,4608,-1766
102000189,6692,1865,4827
102000190,843,3995,-3152
102000191,1489,440,1049
102000192,3399,2351,1048
102000193,300,244,56
102000194,92,667,-575
102000195,969,800,169
102000196,863,573,290
102000197,2209,250,1959
102000198,472,538,-66
102000199,2477,201,2276
102000200,696,781,-85
102000201,2838,640,2198
102000202,9,419,-410
102000203,1153,234,919
102000204,1903,1021,882
102000205,2830,1058,1772
102000206,1427,731,696
102000207,1673,1200,473
102000208,1042,1386,-344
102000209,120,409,-289
102000210,1109,614,495
102000211,1141,461,680
102000212,1071,15,1056
102000213,3,319,-316
102000214,1226,20,1206
102000215,6,305,-299
102000216,279,252,27
102000217,49,94,-45
102000218,393,421,-28
102000219,304,99,205
102000225,255,758,-503
102000226,317,511,-194
102000227,176,3,173
102000228,0,276,-276
102000229,135,215,-80
102000230,743,447,296
102000231,648,550,98
102000232,254,425,-171
102000233,2448,930,1518
102000234,189,1788,-1599
102000236,461,114,347
102000237,1627,1018,609
102000238,482,646,-164
102000240,493,1199,-706
102000241,751,189,562
102000243,9,80,-71
102000245,16,138,-122
102000246,7,154,-147
102000247,391,612,-221
102000248,271,1737,-1466
102000249,304,208,96
102000250,141,304,-163
102000254,564,301,263
102000266,10,1746,-1736
102000271,84,3,81
102000286,906,536,370
102000297,5597,2310,3287
102000299,0,0,0
102000301,0,0,0
102000303,0,0,0
102000305,0,0,0
102000307,0,8,-8
102000308,0,9,-9
102900001,1820,1090,730
102900002,513,91,422
102900003,228,210,18
102900005,1234,352,882
102900006,1005,113,892
102900007,1667,12,1655
102900008,509,36,473
102900009,407,622,-215
102900010,325,1812,-1487
102900011,1203,1393,-190
102900012,785,316,469
102900013,163,9,154
102900015,1436,995,441
102900016,202,14,188
102900017,796,159,637
102900018,141,36,105
102900019,943,1177,-234
102900020,543,47,496
102900021,75,31,44
102900022,111,57,54
102900023,51,244,-193
102900024,138,97,41
102900025,93,94,-1
102900026,979,3758,-2779
102900027,151,133,18
102900028,354,2104,-1750
102900029,410,852,-442
102900030,606,724,-118
102900031,627,239,388
102900032,256,70,186
102900033,225,249,-24
102900034,1558,42,1516
102900035,447,421,26
102900036,902,327,575
102900037,663,369,294
102900038,775,339,436
102900039,22,1503,-1481
102900040,738,519,219
102900041,333,155,178
102900042,871,149,722
102900043,664,170,494
102900044,1002,2361,-1359
102900045,543,596,-53
102900046,536,208,328
102900047,266,1411,-1145
102900048,1364,391,973
102900049,85,298,-213
102900050,364,750,-386
102900051,369,705,-336
102900052,73,86,-13
102900053,656,959,-303
102900054,332,3216,-2884
102900055,273,825,-552
102900056,204,552,-348
102900057,12,271,-259
102900058,653,143,510
102900059,64,50,14
102900060,179,620,-441
102900061,643,908,-265
102900062,770,789,-19
102900063,3529,735,2794
102900064,160,949,-789
102900065,1389,291,1098
102900066,694,27,667
102900068,130,486,-356
102900070,481,1411,-930
102900072,35,106,-71
102900073,97,4,93
102900074,231,217,14
102900075,18,112,-94
102900076,91,237,-146
102900077,76,28,48
102900078,37,56,-19
102900079,584,7,577
102900080,892,56,836
102900081,152,221,-69
102900082,64,263,-199
102900083,103,31,72
102900084,7,71,-64
102900085,337,158,179
102900086,23,160,-137
102900087,343,209,134
102900088,98,64,34
102900089,449,420,29
102900090,0,362,-362
102900091,679,2,677
102900092,1296,159,1137
102900093,572,317,255
102900094,6,290,-284
102900095,89,1,88
102900096,136,16,120
102900097,20,42,-22
103000001,3307,4995,-1688
103000002,3626,6090,-2464
103000003,4915,5260,-345
103000004,1157,697,460
103000005,2547,8140,-5593
103000006,1822,2399,-577
103000007,938,704,234
103000008,2046,2236,-190
103000009,4595,3373,1222
103000010,257,147,110
103000011,2186,1054,1132
103000012,2058,3264,-1206
103000013,5800,4017,1783
103000014,1988,7714,-5726
103000015,5044,1795,3249
103000016,916,4113,-3197
103000017,487,1568,-1081
103000018,1494,304,1190
103000019,609,998,-389
103000020,2268,3160,-892
103000021,3212,6626,-3414
103000022,1355,2464,-1109
103000023,1515,5895,-4380
103000024,184,95,89
103000025,143,2217,-2074
103000026,606,481,125
103000027,155,905,-750
103000028,311,436,-125
103000029,88,357,-269
103000030,3358,3280,78
103000031,1112,5205,-4093
103000032,3558,2285,1273
103000033,4498,4399,99
103000034,2411,1424,987
103000035,324,2278,-1954
103000036,269,359,-90
103000037,1298,667,631
103000038,1037,1577,-540
103000039,1497,492,1005
103000040,1114,695,419
103000041,5181,2053,3128
103000042,4578,820,3758
103000043,1759,806,953
103000044,789,210,579
103000046,582,875,-293
103000047,1183,461,722
103000048,645,491,154
103000049,125,214,-89
103000050,1501,400,1101
103000051,1021,757,264
103000052,1462,325,1137
103000053,408,444,-36
103000054,3585,719,2866
103000055,3782,1753,2029
103000056,2139,1120,1019
103000057,2524,217,2307
103000058,1996,485,1511
103000059,1706,957,749
103000060,1696,398,1298
103000061,1387,1090,297
103000062,1313,261,1052
103000063,2045,1342,703
103000064,197,120,77
103000065,23,327,-304
103000066,562,34,528
103000069,602,623,-21
103000070,1316,527,789
103000071,3394,1810,1584
103000072,247,831,-584
103000073,2393,264,2129
103000074,2438,376,2062
103000075,212,766,-554
103000076,737,1973,-1236
103000077,26,488,-462
103000078,2156,3458,-1302
103000079,997,1713,-716
103000080,767,777,-10
103000081,531,1299,-768
103000082,863,443,420
103000083,217,1033,-816
103000084,187,17,170
103000085,0,132,-132
103000086,641,992,-351
103000087,473,1021,-548
103000088,445,715,-270
103000089,729,1548,-819
103000090,7854,1663,6191
103000091,2197,831,1366
103000092,657,454,203
103000093,549,806,-257
103000094,703,249,454
103000095,361,679,-318
103000096,1162,92,1070
103000097,212,1231,-1019
103000098,1092,222,870
103000099,162,1405,-1243
103000100,236,628,-392
103000101,2953,162,2791
103000102,181,405,-224
103000103,1508,184,1324
103000104,194,126,68
103000105,450,144,306
103000106,49,214,-165
103000107,454,238,216
103000108,2631,2176,455
103000109,1201,1494,-293
103000110,1185,1228,-43
103000111,556,1600,-1044
103000112,469,1180,-711
103000113,252,3528,-3276
103000114,3125,3428,-303
103000115,1682,1525,157
103000116,1340,599,741
103000117,562,735,-173
103000118,788,563,225
103000119,2349,747,1602
103000120,126,1029,-903
103000121,134,529,-395
103000122,697,1231,-534
103000125,45,120,-75
103000126,1744,4,1740
103000127,4,147,-143
103000128,341,5,336
103000129,13,113,-100
103000130,234,107,127
103000131,214,159,55
103000132,71,230,-159
103000133,24,105,-81
103000134,543,2522,-1979
103000135,1217,227,990
103000136,754,1111,-357
103000137,729,1179,-450
103000138,683,1300,-617
103000139,1,194,-193
103000140,377,45,332
103000141,65,401,-336
103000142,213,204,9
103000143,107,290,-183
103000144,512,297,215
103000145,17,331,-314
103000150,215,73,142
103000152,388,917,-529
103000153,408,796,-388
103000156,12,171,-159
103000157,684,4,680
103000159,777,94,683
103000162,36,37,-1
103000163,17,89,-72
103000164,2,3,-1
103000165,158,198,-40
103000166,621,1676,-1055
103000167,561,591,-30
103000168,427,767,-340
103000169,228,1511,-1283
103000170,2367,354,2013
103000171,42,233,-191
103000172,2459,424,2035
103000173,2386,248,2138
103000174,901,371,530
103000175,732,157,575
103000176,1152,1870,-718
103000177,366,881,-515
103000178,166,380,-214
103000179,240,202,38
103000183,830,13,817
103000185,492,70,422
103000186,494,158,336
103000187,2891,143,2748
103000188,68,177,-109
103000189,1285,1222,63
103000191,979,723,256
103000292,883,3499,-2616
103000293,1217,8502,-7285
103000295,151,291,-140
103000296,109,2,107
103000297,3,172,-169
103000504,46,15,31
103000505,2,36,-34
103000506,1,144,-143
103000507,416,1,415
103000508,135,102,33
103000509,590,611,-21
103900001,34,37,-3
103900002,1214,107,1107
103900003,1488,569,919
103900004,343,1,342
103900005,2,127,-125
103900006,4,4,0
103900007,274,5,269
103900008,47,3,44
103900009,726,300,426
103900010,514,151,363
103900011,1159,92,1067
103900012,11,86,-75
103900013,163,19,144
103900014,133,46,87
103900015,174,7,167
103900016,240,241,-1
103900017,173,170,3
103900018,388,101,287
103900019,59,505,-446
103900020,975,507,468
103900021,163,109,54
103900022,711,469,242
103900023,405,2,403
103900024,142,485,-343
103900025,7,19,-12
103900026,15,0,15
103900027,669,356,313
103900028,179,638,-459
103900029,2045,184,1861
103900030,536,314,222
103900031,139,1,138
103900032,146,175,-29
103900033,125,109,16
103900034,64,39,25
103900035,212,46,166
103900036,109,150,-41
103900037,467,254,213
103900038,125,277,-152
103900039,548,155,393
103900040,28,130,-102
103900041,193,113,80
103900042,366,101,265
103900043,399,44,355
103900044,110,1359,-1249
103900045,872,378,494
103900047,258,28,230
103900048,66,306,-240
103900049,200,2118,-1918
103900050,103,507,-404
103900051,2,108,-106
103900052,329,709,-380
103900053,481,170,311
103900054,540,181,359
103900055,1027,294,733
103900056,59,126,-67
103900057,623,69,554
103900058,1013,391,622
103900059,2,254,-252
103900060,207,110,97
103900061,475,25,450
103900062,2052,631,1421
103900063,8,0,8
103900064,377,6,371
103900065,298,341,-43
103900066,487,157,330
103900067,677,20,657
103900068,1,0,1
103900069,210,17,193
103900070,830,169,661
103900071,14,53,-39
103900072,150,153,-3
103900073,70,92,-22
103900074,259,271,-12
103900075,256,75,181
103900076,1525,297,1228
103900077,38,292,-254
103900078,815,1126,-311
103900079,137,311,-174
103900080,2,42,-40
103900081,24,53,-29
103900082,99,123,-24
103900083,3330,4464,-1134
103900084,54,1439,-1385
103900085,159,136,23
103900086,3358,466,2892
103900087,57,189,-132
103900088,404,714,-310
103900089,55,259,-204
103900090,11,195,-184
103900091,1479,159,1320
103900092,1107,2377,-1270
103900093,316,795,-479
103900094,24,35,-11
103900095,258,884,-626
103900096,503,55,448
103900097,70,411,-341
103900098,735,181,554
103900099,922,90,832
103900100,599,136,463
103900101,1738,1419,319
103900102,5,141,-136
103900104,1,30,-29
103900105,20,110,-90
103900106,6,1973,-1967
103900107,363,24,339
103900108,101,113,-12
103900109,426,6,420
103900110,955,88,867
103900111,433,165,268
103900112,32,235,-203
103900113,257,300,-43
103900114,2185,359,1826
103900115,124,345,-221
103900116,2193,3725,-1532
103900117,94,43,51
103900119,19,337,-318
103900120,68,78,-10
103900122,814,102,712
103900123,609,1710,-1101
103900124,71,18,53
103900125,212,90,122
103900126,1076,164,912
103900127,252,240,12
103900128,326,81,245
103900131,45,89,-44
103900133,1398,53,1345
103900134,2,23,-21
103900135,1,8,-7
103900137,1,5,-4
103900138,539,40,499
103900139,246,7175,-6929
103900140,6,717,-711
103900141,311,52,259
103900142,561,89,472
103900143,492,0,492
103900144,0,2,-2
103900145,257,266,-9
103900146,869,168,701
103900147,1140,154,986
103900148,863,104,759
103900149,762,246,516
103900150,7132,11608,-4476
103900151,21,291,-270
103900152,2818,514,2304
103900153,26,10,16
103900154,366,4691,-4325
103900155,59,196,-137
103900156,130,66,64
103900157,591,99,492
103900158,791,57,734
103900159,924,73,851
103900160,82,53,29
103900161,135,173,-38
103900162,141,46,95
103900163,38,1078,-1040
103900164,510,36,474
103900167,17,249,-232
103900168,161,127,34
103900169,34,111,-77
103900170,3,65,-62
103900171,3,39,-36
103900172,3,10,-7
103900173,72,59,13
103900174,1039,48,991
103900175,55,282,-227
103900176,28,55,-27
103900177,69,28,41
103900178,122,10,112
103900179,162,36,126
103900180,18,66,-48
103900181,14,210,-196
103900182,56,70,-14
103900184,432,194,238
103900185,135,1854,-1719
103900187,18,410,-392
103900188,304,179,125
103900189,203,14,189
103900190,358,74,284
103900191,84,105,-21
103900192,23,83,-60
103900193,37,53,-16
103900194,129,115,14
103900195,5,265,-260
103900196,165,294,-129
103900197,7,30,-23
103900198,15,44,-29
103900199,263,155,108
103900200,674,77,597
103900201,218,96,122
103900202,16,96,-80
103900203,112,75,37
103900204,1,44,-43
103900207,0,17,-17
103900208,314,2,312
103900209,15,100,-85
103900210,103,79,24
103900211,1520,122,1398
103900212,488,131,357
103900213,19,592,-573
103900214,401,1003,-602
103900215,255,854,-599
103900216,49,377,-328
103900217,786,318,468
103900218,2,753,-751
103900219,979,261,718
103900233,963,106,857
103900235,93,649,-556
103900236,48,8,40
103900242,7,9,-2
103900243,0,12,-12
103900244,347,215,132
103900245,371,79,292
103900246,60,89,-29
103900247,19,52,-33
103900248,19,202,-183
103900249,51,188,-137
103900250,248,157,91
103900251,6,188,-182
103900253,18,230,-212
103900254,2,137,-135
103900255,6,131,-125
103900256,64,100,-36
103900257,166,461,-295
103900258,54,28,26
103900259,8,118,-110
103900261,88,1,87
103900262,47,6,41
103900263,81,167,-86
103900264,53,4,49
103900265,27,9,18
103900266,9,693,-684
103900267,4,67,-63
104000001,6871,4213,2658
104000002,3352,3634,-282
104000003,4708,3384,1324
104000004,4626,3474,1152
104000005,4917,3561,1356
104000006,6073,3303,2770
104000007,7352,6051,1301
104000008,430,548,-118
104000009,373,350,23
104000010,204,1220,-1016
104000011,489,246,243
104000012,218,255,-37
104000013,578,934,-356
104000014,340,423,-83
104000015,808,338,470
104000016,585,381,204
104000018,1252,483,769
104000019,956,806,150
104000020,136,299,-163
104000021,685,397,288
104000022,551,601,-50
104000023,2095,861,1234
104000024,521,532,-11
104000026,99,258,-159
104000027,632,366,266
104000028,812,758,54
104000029,613,473,140
104000030,642,760,-118
104000031,2379,426,1953
104000032,413,244,169
104000033,1370,846,524
104000034,482,207,275
104000035,2124,500,1624
104000036,2439,510,1929
104000037,388,174,214
104000038,724,647,77
104000039,310,173,137
104000040,191,1043,-852
104000041,991,901,90
104000042,371,310,61
104000043,481,325,156
104000044,715,777,-62
104000045,1326,705,621
104000046,1147,1180,-33
104000047,1242,950,292
104000048,1714,929,785
104000049,1722,853,869
104000050,207,1681,-1474
104000051,457,1822,-1365
104000052,3962,4931,-969
104000053,2321,634,1687
104000054,1395,343,1052
104000055,4644,3783,861
104000056,981,248,733
104000057,405,254,151
104000058,2222,1532,690
104000059,1666,1694,-28
104000060,2422,3622,-1200
104000061,1923,1400,523
104000062,380,234,146
104000064,1369,422,947
104000065,235,1136,-901
104000069,645,3279,-2634
104000070,127,1008,-881
104000071,392,334,58
104000072,1048,216,832
104000075,190,454,-264
104000076,907,82,825
104000082,3247,7594,-4347
104000083,922,443,479
104000084,190,477,-287
104000085,1039,569,470
104000086,464,605,-141
104000087,479,3521,-3042
104000090,2215,1040,1175
104000092,3210,1339,1871
104000094,1502,1013,489
104000095,6210,2402,3808
104000096,4995,132,4863
104000097,5680,684,4996
104000098,7665,809,6856
104000100,5038,1341,3697
104000101,3787,2613,1174
104000106,30,892,-862
104000107,1129,245,884
104000108,410,431,-21
104000109,739,395,344
104000110,1340,2278,-938
104000111,3514,8585,-5071
104000112,877,629,248
104000116,7,1002,-995
104000117,624,466,158
104000118,3442,216,3226
104000119,1900,412,1488
104000120,477,593,-116
104000121,632,681,-49
104000122,1505,681,824
104000123,1506,840,666
104000124,450,1766,-1316
104000125,3645,9387,-5742
104000126,951,725,226
104000127,2143,1954,189
104000128,1021,207,814
104000129,804,39,765
104000130,5,666,-661
104000131,503,591,-88
104000132,788,799,-11
104000133,2507,1163,1344
104000134,1991,2712,-721
104000135,1243,2146,-903
104000136,1193,4448,-3255
104000137,3858,549,3309
104000138,3026,804,2222
104000139,3596,3860,-264
104000141,1162,834,328
104000142,1671,494,1177
104000143,1548,479,1069
104000144,403,425,-22
104000145,464,345,119
104000146,252,836,-584
104000147,261,533,-272
104000148,588,453,135
104000149,368,105,263
104000150,1812,917,895
104000151,561,247,314
104000152,1245,490,755
104000153,1594,1000,594
104000154,776,303,473
104000155,784,1384,-600
104000157,3097,1272,1825
104000158,206,1732,-1526
104000159,1306,1344,-38
104000160,2577,4155,-1578
104000161,332,270,62
104000162,278,190,88
104000165,1505,1002,503
104000167,1148,2733,-1585
104000168,2096,29,2067
104000169,422,122,300
104000170,366,432,-66
104000248,801,954,-153
104000251,164,232,-68
104000272,0,0,0
104000273,0,0,0
104000274,0,0,0
104000275,0,0,0
104000279,1044,815,229
104000290,176,889,-713
104000291,835,3036,-2201
104000293,3253,2020,1233
104000294,246,2,244
104000295,1588,1849,-261
104000296,980,969,11
104000297,1759,4209,-2450
104000298,2644,1397,1247
104000299,2169,1433,736
104900001,152,340,-188
104900002,121,521,-400
104900003,124,240,-116
104900004,127,138,-11
104900005,1016,437,579
104900006,1529,124,1405
104900007,1191,229,962
104900009,323,299,24
104900010,203,35,168
104900011,52,743,-691
104900012,1093,277,816
104900013,221,13,208
104900014,2326,469,1857
104900015,191,8,183
104900016,392,265,127
104900017,336,304,32
104900018,2,259,-257
104900019,311,10646,-10335
104900020,75,518,-443
104900021,0,39,-39
104900022,36,711,-675
104900023,0,43,-43
104900024,53,506,-453
104900025,279,262,17
104900026,2,46,-44
104900027,1073,605,468
104900028,18,247,-229
104900029,22,28,-6
104900030,1040,238,802
104900031,68,480,-412
104900032,141,75,66
104900033,436,273,163
104900034,716,244,472
104900035,706,396,310
104900036,588,73,515
104900037,375,188,187
104900038,186,3422,-3236
104900039,383,575,-192
104900040,1021,100,921
104900041,783,236,547
104900042,396,347,49
104900043,42,660,-618
104900044,1708,198,1510
104900045,542,92,450
104900046,1304,109,1195
104900047,847,130,717
104900048,863,91,772
104900049,172,73,99
104900050,943,145,798
104900051,629,81,548
104900052,305,12,293
104900053,1020,126,894
104900054,496,47,449
104900055,623,3,620
104900056,676,24,652
104900057,125,1,124
104900058,695,800,-105
104900059,284,63,221
104900060,0,499,-499
104900061,206,239,-33
104900063,3,490,-487
104900064,1,149,-148
104900065,3,752,-749
104900066,3,98,-95
104900067,6,706,-700
104900068,235,316,-81
104900070,127,234,-107
104900071,2,645,-643
104900072,163,249,-86
104900073,191,146,45
104900074,130,92,38
104900075,167,55,112
104900076,356,147,209
104900077,666,200,466
104900078,405,187,218
104900079,333,2745,-2412
104900080,331,344,-13
104900082,4,382,-378
104900085,13,247,-234
104900087,624,9,615
104900089,738,2,736
104900090,2701,2018,683
104900091,955,699,256
104900093,319,461,-142
104900097,2148,7486,-5338
104900098,587,48,539
104900099,91,1789,-1698
104900100,894,209,685
104900102,169,102,67
104900103,369,81,288
104900104,2321,2797,-476
104900106,773,365,408
104900107,157,300,-143
104900108,61,318,-257
104900109,209,288,-79
104900110,76,69,7
104900111,804,147,657
104900112,1169,363,806
104900113,1740,310,1430
104900114,1487,552,935
104900115,2048,251,1797
104900116,1326,500,826
104900118,60,174,-114
104900119,3,337,-334
104900120,13,1925,-1912
104900121,0,16,-16
104900122,6,28,-22
104900123,208,31,177
104900124,160,0,160
104900125,757,5,752
104900126,102,73,29
104900127,82,47,35
104900128,288,143,145
104900129,1405,6596,-5191
105000001,6465,2195,4270
105000002,4837,3939,898
105000003,5039,8640,-3601
105000004,2482,1692,790
105000005,3196,3026,170
105000006,2193,4853,-2660
105000007,2988,5685,-2697
105000008,1635,7937,-6302
105000009,5589,7761,-2172
105000010,4525,1704,2821
105000011,5518,8092,-2574
105000012,3530,2860,670
105000013,2413,3091,-678
105000014,6929,7092,-163
105000015,14645,27470,-12825
105000016,1304,1564,-260
105000017,2206,1579,627
105000018,857,3723,-2866
105000019,1891,2206,-315
105000020,110,1258,-1148
105000021,565,433,132
105000022,226,331,-105
105000023,1998,345,1653
105000028,30,106,-76
105000029,1083,2826,-1743
105000030,6233,3451,2782
105000033,2108,1804,304
105000034,260,2797,-2537
105000037,1264,359,905
105000038,2004,4030,-2026
105000039,2412,1821,591
105000040,1628,4000,-2372
105000041,547,1788,-1241
105000042,3538,3279,259
105000043,1380,4248,-2868
105000044,1739,1021,718
105000045,533,466,67
105000046,3624,624,3000
105000047,1084,624,460
105000048,2359,523,1836
105000049,653,670,-17
105000050,2024,1058,966
105000051,324,511,-187
105000052,1323,2710,-1387
105000053,353,299,54
105000054,904,3451,-2547
105000055,1490,562,928
105000056,3659,3575,84
105000057,3372,1518,1854
105000058,2956,1827,1129
105000059,2338,1529,809
105000060,929,647,282
105000061,3170,1396,1774
105000062,1261,846,415
105000063,700,726,-26
105000064,5536,1526,4010
105000065,800,914,-114
105000066,1793,2165,-372
105000067,3484,2589,895
105000068,593,1684,-1091
105000069,2634,5736,-3102
105000070,1036,2456,-1420
105000071,295,4336,-4041
105000072,2019,11560,-9541
105000073,2676,1951,725
105000074,852,905,-53
105000075,1200,1081,119
105000076,2096,2308,-212
105000077,4981,1550,3431
105000078,1536,2495,-959
105000079,1656,3997,-2341
105000080,3489,4967,-1478
105000081,1828,2066,-238
105000082,1175,2929,-1754
105000083,3349,5454,-2105
105000084,1378,1478,-100
105000085,4275,4252,23
105000086,1729,2022,-293
105000087,5010,5173,-163
105000088,3654,5890,-2236
105000089,3993,2885,1108
105000090,1031,1038,-7
105000091,1504,1514,-10
105000092,1019,1412,-393
105000093,631,890,-259
105000094,643,421,222
105000095,378,1698,-1320
105000096,2565,4874,-2309
105000097,757,1163,-406
105000098,2678,3958,-1280
105000099,1094,2777,-1683
105000100,4171,2078,2093
105000101,5184,3217,1967
105000102,3524,3405,119
105000103,2426,5034,-2608
105000104,5056,2656,2400
105000105,2476,2503,-27
105000106,3703,1831,1872
105000107,3811,1771,2040
105000108,3921,2156,1765
105000109,5610,1601,4009
105000110,2088,815,1273
105000111,2678,619,2059
105000112,2320,891,1429
105000113,819,1811,-992
105000114,2593,2556,37
105000115,659,4518,-3859
105000116,2611,1514,1097
105000117,1273,721,552
105000118,2569,1160,1409
105000119,1470,1085,385
105000120,3595,1290,2305
105000121,2178,806,1372
105000122,869,1190,-321
105000123,1114,973,141
105000124,4918,1491,3427
105000125,2377,1874,503
105000126,4560,2800,1760
105000127,6255,2824,3431
105000128,1715,2757,-1042
105000129,3185,863,2322
105000130,347,6434,-6087
105000131,574,249,325
105000132,2873,1751,1122
105000133,883,1004,-121
105000134,3031,813,2218
105000135,434,627,-193
105000136,77,62,15
105000137,1041,287,754
105000138,150,85,65
105000139,1428,588,840
105000140,606,530,76
105000141,916,397,519
105000142,573,556,17
105000143,323,688,-365
105000144,633,806,-173
105000145,1635,479,1156
105000146,887,884,3
105000147,1275,798,477
105000148,1230,1619,-389
105000149,5965,3615,2350
105000150,2161,1180,981
105000151,1598,844,754
105000152,347,1030,-683
105000153,1889,1032,857
105000154,1121,1087,34
105000155,675,763,-88
105000156,801,1423,-622
105000157,1347,2141,-794
105000158,4932,1267,3665
105000159,606,991,-385
105000160,5961,1395,4566
105000161,1465,1211,254
105000162,1262,5612,-4350
105000163,1940,1727,213
105000164,169,769,-600
105000165,1931,20506,-18575
105000166,8809,3154,5655
105000167,2467,6988,-4521
105000168,854,869,-15
105000169,2019,212,1807
105000170,892,2217,-1325
105000171,3105,543,2562
105000172,775,96,679
105000173,837,62,775
105000174,191,54,137
105000175,231,128,103
105000176,1423,257,1166
105000177,899,538,361
105000178,692,442,250
105000179,2422,206,2216
105000180,639,165,474
105000181,491,237,254
105000182,126,143,-17
105000183,4684,5690,-1006
105000184,506,2514,-2008
105000185,1080,2140,-1060
105000186,837,1451,-614
105000187,1610,955,655
105000188,223,758,-535
105000189,199,1143,-944
105000190,437,544,-107
105000191,1000,699,301
105000192,931,103,828
105000193,136,352,-216
105000194,1282,107,1175
105000195,804,1156,-352
105000196,117,442,-325
105000197,493,686,-193
105000198,538,273,265
105000199,138,855,-717
105000200,217,837,-620
105000201,172,186,-14
105000203,75,193,-118
105000204,118,89,29
105000205,131,226,-95
105000207,326,126,200
105000208,338,1609,-1271
105000209,344,176,168
105000212,2240,814,1426
105000213,152,353,-201
105000214,201,474,-273
105000215,650,302,348
105000216,539,118,421
105000217,590,145,445
105000218,4713,1887,2826
105000221,363,528,-165
105000222,767,797,-30
105000223,1002,1082,-80
105000226,333,268,65
105000227,147,273,-126
105000228,125,3068,-2943
105000229,364,1526,-1162
105000231,978,520,458
105000233,1944,1984,-40
105000234,829,1188,-359
105000235,888,1476,-588
105000237,3164,225,2939
105000243,132,71,61
105000248,88,205,-117
105000262,1175,529,646
105000269,372,248,124
105000270,1434,39,1395
105000271,0,349,-349
105000282,73,120,-47
105000287,422,487,-65
105000288,1687,910,777
105000289,840,2677,-1837
105000290,64,61,3
105000402,2656,9073,-6417
105000426,536,881,-345
105000438,1430,1907,-477
105000446,13408,5329,8079
105000447,2980,1953,1027
105000454,1919,204,1715
105000455,296,185,111
105000474,345,0,345
105000477,2147,1073,1074
105000478,4826,10494,-5668
105000479,283,345,-62
105000480,7469,12820,-5351
105000481,9129,9993,-864
105000482,3566,4147,-581
105000483,4274,7316,-3042
105000484,2768,3122,-354
105000485,1681,6687,-5006
105000486,2620,3655,-1035
105000488,3904,2601,1303
105000489,3589,1843,1746
105000549,178,1153,-975
105000550,571,1130,-559
105000551,64,150,-86
105000552,3731,1781,1950
105900001,30,5478,-5448
105900002,1015,2677,-1662
105900003,13,295,-282
105900004,395,119,276
105900005,820,592,228
105900006,45,658,-613
105900007,102,438,-336
105900008,281,200,81
105900009,88,81,7
105900011,240,157,83
105900012,809,152,657
105900013,9,67,-58
105900014,10,133,-123
105900015,157,891,-734
105900016,1834,608,1226
105900017,3931,40,3891
105900018,322,303,19
105900019,256,578,-322
105900020,75,124,-49
105900021,74,3096,-3022
105900022,522,648,-126
105900023,20,560,-540
105900024,8,989,-981
105900025,560,12,548
105900026,513,43,470
105900027,32305,6824,25481
105900028,417,1916,-1499
105900029,3538,432,3106
105900030,507,587,-80
105900031,1002,247,755
105900032,263,129,134
105900033,153,279,-126
105900034,1109,696,413
105900035,1009,394,615
105900036,279,255,24
105900037,499,78,421
105900038,350,338,12
105900039,437,165,272
105900040,323,138,185
105900041,269,571,-302
105900042,323,453,-130
105900043,2775,79,2696
105900044,3,1002,-999
105900045,6,3226,-3220
105900046,10,373,-363
105900047,88,108,-20
105900048,297,581,-284
105900050,1978,16831,-14853
105900051,90,1597,-1507
105900052,2626,274,2352
105900053,5237,8526,-3289
105900054,381,751,-370
105900056,1605,1174,431
105900057,36,291,-255
105900058,33,50,-17
105900059,0,367,-367
106000001,3012,4122,-1110
106000002,1276,4157,-2881
106000003,6482,8481,-1999
106000004,2026,2821,-795
106000005,7762,7214,548
106000006,7421,2177,5244
106000007,813,482,331
106000008,568,562,6
106000009,805,490,315
106000010,413,622,-209
106000011,2896,1586,1310
106000012,1684,1424,260
106000013,4069,2397,1672
106000014,2851,1955,896
106000015,4662,1863,2799
106000016,3021,2381,640
106000017,1248,1377,-129
106000018,1092,984,108
106000019,930,783,147
106000020,683,636,47
106000021,619,972,-353
106000022,706,430,276
106000023,1531,997,534
106000024,1131,718,413
106000025,275,375,-100
106000026,190,191,-1
106000027,3012,2764,248
106000028,1470,345,1125
106000029,1333,1060,273
106000030,411,890,-479
106000034,252,598,-346
106000035,1522,2952,-1430
106000036,181,577,-396
106000037,2222,1996,226
106000038,128,365,-237
106000039,151,314,-163
106000040,155,1188,-1033
106000041,1156,704,452
106000043,566,419,147
106000046,862,145,717
106000047,34,736,-702
106000049,2354,292,2062
106000050,470,1185,-715
106000051,1841,1151,690
106000052,468,423,45
106000053,1149,303,846
106000054,720,414,306
106000055,1923,1359,564
106000056,790,409,381
106000057,1154,551,603
106000058,522,185,337
106000059,873,615,258
106000060,849,345,504
106000061,437,1632,-1195
106000062,337,462,-125
106000063,1604,1545,59
106000064,25,677,-652
106000065,895,364,531
106000066,186,1256,-1070
106000067,1206,173,1033
106000068,182,889,-707
106000069,1019,147,872
106000070,657,725,-68
106000071,1347,431,916
106000072,5015,2211,2804
106000073,2610,10859,-8249
106000074,1432,1327,105
106000075,757,2026,-1269
106000076,2292,2553,-261
106000077,3150,1273,1877
106000078,2829,936,1893
106000079,1544,1281,263
106000080,2446,906,1540
106000081,1772,1192,580
106000082,2830,888,1942
106000083,585,1549,-964
106000084,1485,764,721
106000085,2221,1798,423
106000086,1000,960,40
106000087,1503,623,880
106000088,782,930,-148
106000089,2466,497,1969
106000090,747,913,-166
106000091,291,652,-361
106000092,2419,535,1884
106000093,1238,217,1021
106000094,97,408,-311
106000095,2285,1378,907
106000096,2800,891,1909
106000097,2661,1422,1239
106000098,2505,1276,1229
106000099,449,2165,-1716
106000100,3015,424,2591
106000101,1970,1522,448
106000102,212,3070,-2858
106000103,456,1866,-1410
106000104,1855,698,1157
106000105,735,1181,-446
106000106,1706,576,1130
106000107,210,378,-168
106000108,755,193,562
106000109,356,199,157
106000110,860,243,617
106000111,247,286,-39
106000112,662,1490,-828
106000113,1376,688,688
106000114,980,2100,-1120
106000115,707,534,173
106000116,611,393,218
106000117,1896,680,1216
106000118,2835,2113,722
106000119,1800,716,1084
106000120,2225,3165,-940
106000121,984,456,528
106000122,643,121,522
106000123,1997,158,1839
106000124,367,157,210
106000125,122,185,-63
106000126,910,150,760
106000127,3842,923,2919
106000128,2505,432,2073
106000129,1809,659,1150
106000130,2690,787,1903
106000131,310,1530,-1220
106000132,1850,466,1384
106000133,4918,3987,931
106000134,1271,7895,-6624
106000135,225,1243,-1018
106000136,1832,3426,-1594
106000137,123,1797,-1674
106000138,5832,217,5615
106000139,248,100,148
106000140,49,101,-52
106000141,302,68,234
106000142,247,131,116
106000143,43,45,-2
106000144,65,210,-145
106000145,1233,171,1062
106000146,844,277,567
106000147,995,656,339
106000148,919,920,-1
106000149,1379,563,816
106000150,1826,4039,-2213
106000151,6067,920,5147
106000152,1907,5378,-3471
106000153,239,3942,-3703
106000154,2504,319,2185
106000155,371,523,-152
106000156,3904,437,3467
106000157,1423,3098,-1675
106000158,3227,1040,2187
106000159,4701,4868,-167
106000160,1905,9088,-7183
106000161,1822,557,1265
106000162,788,2835,-2047
106000163,806,405,401
106000164,1546,454,1092
106000165,459,844,-385
106000166,2600,536,2064
106000167,906,1762,-856
106000168,2108,559,1549
106000169,679,821,-142
106000170,2724,1323,1401
106000171,399,1929,-1530
106000172,4424,2823,1601
106000173,1250,4498,-3248
106000174,2639,605,2034
106000175,330,694,-364
106000176,5173,1464,3709
106000177,1938,2969,-1031
106000178,5266,2112,3154
106000179,1126,1988,-862
106000180,1395,722,673
106000181,3413,1822,1591
106000182,4304,792,3512
106000183,4567,457,4110
106000184,3088,1025,2063
106000185,3940,3089,851
106000186,714,79,635
106000187,264,2837,-2573
106000188,0,1,-1
106000189,15,117,-102
106000190,65,2,63
106000191,1001,179,822
106000192,3,28,-25
106000193,609,332,277
106000194,239,708,-469
106000195,412,373,39
106000196,154,909,-755
106000197,1647,458,1189
106000198,466,418,48
106000199,1175,2820,-1645
106000200,803,578,225
106000201,685,13518,-12833
106000202,4663,964,3699
106000203,81,244,-163
106000204,114,4,110
106000205,28,152,-124
106000206,165,22,143
106000207,22,332,-310
106000208,6319,687,5632
106000209,4376,1449,2927
106000210,656,842,-186
106000211,221,1471,-1250
106000212,2430,817,1613
106000213,371,1461,-1090
106000214,2091,707,1384
106000215,603,555,48
106000216,1269,634,635
106000217,259,608,-349
106000218,467,426,41
106000219,304,265,39
106000220,939,485,454
106000221,914,157,757
106000222,160,133,27
106000223,1035,236,799
106000224,739,106,633
106000225,296,321,-25
106000226,150,306,-156
106000228,104,115,-11
106000229,394,664,-270
106000231,2605,138,2467
106000232,153,495,-342
106000233,1072,1414,-342
106000234,144,871,-727
106000235,594,1085,-491
106000236,161,796,-635
106000237,1,30,-29
106000238,6,79,-73
106000239,0,246,-246
106000240,76,14,62
106000241,21,951,-930
106000242,1096,48,1048
106000249,262,80,182
106000250,268,1655,-1387
106000251,334,27,307
106000252,38,132,-94
106000253,99,99,0
106000254,428,34,394
106000255,99,346,-247
106000256,234,24,210
106000257,190,258,-68
106000258,166,328,-162
106000259,4,219,-215
106000260,120,50,70
106000261,35,121,-86
106000262,173,37,136
106000263,65,109,-44
106000264,454,56,398
106000265,29,215,-186
106000266,301,52,249
106000267,34,158,-124
106000268,455,63,392
106000269,59,37,22
106000270,130,307,-177
106000271,170,179,-9
106000272,236,115,121
106000273,43,380,-337
106000274,255,44,211
106000275,517,342,175
106000276,286,17,269
106000277,223,339,-116
106000278,191,24,167
106000279,43,13,30
106000280,231,50,181
106000281,113,29,84
106000282,243,92,151
106000283,243,73,170
106000284,334,122,212
106000285,246,129,117
106000286,278,118,160
106000287,169,120,49
106000288,243,149,94
106000289,213,128,85
106000290,177,113,64
106000291,222,142,80
106000292,266,169,97
106000293,217,87,130
106000294,152,61,91
106000295,76,116,-40
106000296,97,63,34
106000297,72,281,-209
106000298,95,173,-78
106000299,102,94,8
106000300,48,142,-94
106000301,56,208,-152
106000303,57,58,-1
106000304,107,12,95
106000305,200,37,163
106000306,70,55,15
106000307,285,22,263
106000308,32,110,-78
106000309,43,69,-26
106000310,609,429,180
106000311,1004,225,779
106000312,257,239,18
106000313,694,168,526
106000318,91,643,-552
106000319,5158,605,4553
106000320,7,189,-182
106000321,265,516,-251
106000322,695,99,596
106000324,172,172,0
106000325,3818,1310,2508
106000326,1468,1640,-172
106000327,521,180,341
106000328,39,735,-696
106000329,113,968,-855
106000330,79,484,-405
106000428,107,352,-245
106000429,210,332,-122
106000430,457,2528,-2071
106000431,4006,561,3445
106000432,1172,3346,-2174
106000433,3792,1766,2026
106000434,6816,1868,4948
106000435,1739,2667,-928
106000436,8,252,-244
106000437,1008,93,915
106000438,352,888,-536
106000439,159,1453,-1294
106000440,340,1431,-1091
106000441,3,2,1
106000442,657,7,650
106000443,587,167,420
106000450,1,112,-111
106000451,59,231,-172
106000454,13,178,-165
106000455,9,171,-162
106000456,252,58,194
106000457,71,972,-901
106000458,2415,177,2238
106000459,986,94,892
106000460,3983,92,3891
106000461,705,361,344
106000462,2,88,-86
106000463,2,13,-11
106000464,3,192,-189
106000465,1459,13,1446
106000466,29,283,-254
106000467,214,378,-164
106000468,426,237,189
106000469,258,4,254
106000470,272,5163,-4891
106000471,6,495,-489
106000472,393,18,375
106000473,84,8,76
106000474,544,700,-156
106000475,774,286,488
106000476,243,355,-112
106000477,14,25,-11
106900001,0,18,-18
106900002,17,207,-190
106900003,106,4986,-4880
106900004,0,15,-15
106900006,0,19,-19
106900007,1,24,-23
106900008,1873,95,1778
106900009,1346,217,1129
106900010,960,495,465
106900012,2182,7201,-5019
106900013,1535,375,1160
106900014,218,6,212
106900015,34,6,28
106900016,912,26,886
106900017,86,0,86
106900018,25,0,25
106900019,378,4,374
106900020,5947,6022,-75
106900021,289,142,147
106900022,3141,3,3138
106900023,117,141,-24
106900024,1438,122,1316
106900025,37,1261,-1224
106900026,4,172,-168
106900027,2104,2,2102
107000001,5533,7356,-1823
107000002,2141,2527,-386
107000003,18013,13675,4338
107000004,6507,2518,3989
107000005,17674,12977,4697
107000006,5915,3492,2423
107000007,11787,14994,-3207
107000008,8615,5273,3342
107000009,18431,13285,5146
107000010,9235,6059,3176
107000011,1345,1919,-574
107000012,4088,3551,537
107000013,247,68,179
107000014,204,152,52
107000015,821,551,270
107000016,2011,488,1523
107000017,1216,8940,-7724
107000018,28,7004,-6976
107000020,1431,7788,-6357
107000021,1655,808,847
107000022,1533,7096,-5563
107000023,3017,372,2645
107000024,1124,6683,-5559
107000025,744,404,340
107000026,600,1112,-512
107000027,3535,1138,2397
107000028,3386,773,2613
107000029,8824,4859,3965
107000030,5183,2321,2862
107000031,11281,4796,6485
107000032,442,918,-476
107000033,3974,6826,-2852
107000034,8662,1913,6749
107000035,1006,427,579
107000036,2459,2941,-482
107000037,235,1299,-1064
107000038,581,311,270
107000039,2291,1990,301
107000040,964,273,691
107000041,1875,1331,544
107000042,1294,4240,-2946
107000043,2638,1259,1379
107000044,528,973,-445
107000045,115,651,-536
107000046,1209,880,329
107000047,897,1774,-877
107000048,1057,874,183
107000049,749,1380,-631
107000050,1262,965,297
107000051,438,521,-83
107000052,2048,3300,-1252
107000053,736,947,-211
107000054,67,242,-175
107000055,192,287,-95
107000056,839,650,189
107000057,2315,158,2157
107000058,3279,5796,-2517
107000059,3521,4022,-501
107000060,11833,10070,1763
107000061,7540,3857,3683
107000062,12997,6905,6092
107000063,6250,4002,2248
107000064,10804,9783,1021
107000065,5193,7443,-2250
107000066,2844,6758,-3914
107000067,2758,2384,374
107000068,1191,2005,-814
107000069,2049,1641,408
107000070,2739,127,2612
107000071,9019,107,8912
107000072,17,1453,-1436
107000073,2749,1538,1211
107000074,81,754,-673
107000075,4794,510,4284
107000076,608,1027,-419
107000077,6375,1278,5097
107000078,967,1853,-886
107000079,6735,2406,4329
107000080,702,2262,-1560
107000081,6067,1308,4759
107000082,1333,988,345
107000083,3080,1638,1442
107000084,488,987,-499
107000085,5688,5178,510
107000086,4962,3057,1905
107000087,6875,5211,1664
107000088,5326,5529,-203
107000089,3969,5696,-1727
107000090,2842,1446,1396
107000091,3352,2188,1164
107000092,1716,1205,511
107000093,2510,2206,304
107000094,1926,1292,634
107000095,3108,1636,1472
107000096,1243,759,484
107000097,1420,1583,-163
107000098,384,999,-615
107000099,1004,1127,-123
107000100,467,1053,-586
107000101,251,607,-356
107000102,495,714,-219
107000103,851,568,283
107000104,260,541,-281
107000105,1173,492,681
107000106,373,412,-39
107000107,1918,429,1489
107000108,339,731,-392
107000109,2547,566,1981
107000110,144,386,-242
107000111,1411,121,1290
107000112,89,249,-160
107000113,2193,298,1895
107000114,90,463,-373
107000115,1667,1406,261
107000116,169,1111,-942
107000117,294,5452,-5158
107000118,201,217,-16
107000119,2802,2197,605
107000120,1344,1763,-419
107000121,1838,1123,715
107000122,1609,1102,507
107000123,1267,918,349
107000124,1274,522,752
107000125,2812,826,1986
107000126,3580,287,3293
107000127,65,942,-877
107000129,346,302,44
107000130,522,644,-122
107000131,681,593,88
107000132,1275,804,471
107000133,657,356,301
107000134,428,3,425
107000135,1,569,-568
107000136,976,15,961
107000137,6,786,-780
107000138,305,53,252
107000139,32,1335,-1303
107000140,3499,101,3398
107000141,193,1583,-1390
107000142,1139,139,1000
107000143,96,2820,-2724
107000144,1260,1247,13
107000145,414,1099,-685
107000146,339,724,-385
107000147,6139,979,5160
107000150,943,9078,-8135
107000151,19,63,-44
107000152,1526,4851,-3325
107000153,75,344,-269
107000154,24,444,-420
107000155,1947,71,1876
107000156,2379,28,2351
107000157,82,929,-847
107000158,1898,35,1863
107000159,30,576,-546
107000160,4057,358,3699
107000161,247,455,-208
107000162,712,1580,-868
107000163,626,8,618
107000164,2454,14,2440
107000165,3360,31,3329
107000166,252,311,-59
107000167,2063,515,1548
107000168,2080,955,1125
107000169,598,512,86
107000170,7821,1491,6330
107000171,1277,1209,68
107000172,3211,3504,-293
107000173,758,578,180
107000174,2836,12926,-10090
107000175,5910,939,4971
107000176,0,0,0
107000177,17,0,17
107000178,113,22,91
107000179,870,1382,-512
107000180,4179,326,3853
107000181,913,773,140
107000182,4715,1063,3652
107000183,576,1039,-463
107000184,3381,1303,2078
107000185,738,1960,-1222
107000186,2207,827,1380
107000187,2534,2201,333
107000188,1408,520,888
107000189,1790,1281,509
107000190,1777,856,921
107000191,1548,1603,-55
107000192,3470,929,2541
107000193,912,1272,-360
107000194,950,823,127
107000197,1761,635,1126
107000198,609,1028,-419
107000199,2185,1429,756
107000200,2327,1408,919
107000201,1091,761,330
107000202,647,799,-152
107000203,747,2618,-1871
107000204,759,3046,-2287
107000205,1421,1367,54
107000206,697,2033,-1336
107000207,923,1949,-1026
107000208,1489,1012,477
107000209,911,1417,-506
107000210,177,292,-115
107000211,5,72,-67
107000212,23,196,-173
107000213,9,57,-48
107000214,16,151,-135
107000215,1189,342,847
107000216,1091,1353,-262
107000217,507,566,-59
107000219,147,451,-304
107000220,253,354,-101
107000222,702,426,276
107000224,2012,922,1090
107000225,319,495,-176
107000226,1490,853,637
107000227,216,204,12
107000228,1242,1022,220
107000229,150,253,-103
107000230,2290,976,1314
107000231,740,2161,-1421
107000232,160,52,108
107000233,262,950,-688
107000234,2,199,-197
107000235,276,73,203
107000236,23,878,-855
107000237,134,0,134
107000238,99,1,98
107000239,5012,1101,3911
107000240,1080,985,95
107000241,63,9,54
107000242,327,21,306
107000243,0,98,-98
107000244,19,216,-197
107000246,2,790,-788
107000249,2,713,-711
107000251,7,447,-440
107000252,20,1664,-1644
107000255,426,467,-41
107000257,7,1773,-1766
107000258,8,327,-319
107000259,33,213,-180
107000260,4516,35,4481
107000262,354,258,96
107000263,1090,29,1061
107000266,42,43,-1
107000267,42,165,-123
107000268,559,82,477
107000269,135,18,117
107000270,260,110,150
107000271,0,0,0
107000272,118,0,118
107000273,10,684,-674
107000274,975,2104,-1129
107000275,22,5332,-5310
107000280,2779,42,2737
107000281,70,578,-508
107000282,70,587,-517
107000290,46,219,-173
107000291,65,12,53
107000292,3,1527,-1524
107000293,17,32,-15
107000294,1,338,-337
107000295,107,14,93
107000296,0,17,-17
107000444,454,7,447
107000496,44,8,36
107000497,1932,1745,187
107000500,1043,753,290
107000501,260,316,-56
107000502,468,1155,-687
107000505,586,1208,-622
107000506,0,24,-24
107000508,85,423,-338
107000509,263,1264,-1001
107000510,78,171,-93
107000514,106,945,-839
107000515,29,52,-23
107000516,1065,929,136
107000518,4099,6068,-1969
107000519,2248,821,1427
107000520,249,300,-51
107900001,341,90,251
107900002,216,19,197
107900003,1668,17,1651
107900004,620,7,613
107900005,5520,87,5433
107900006,478,7,471
107900007,727,111,616
107900008,99,11,88
107900009,244,16,228
107900010,138,12,126
107900012,810,139,671
107900013,578,21,557
107900014,308,41,267
107900015,3702,39,3663
107900016,805,122,683
107900017,130,3,127
107900018,112,575,-463
107900019,46,28,18
107900020,62,65,-3
107900021,384,44,340
107900023,12,3,9
107900024,0,20,-20
107900025,432,171,261
107900026,82,23,59
107900027,27,164,-137
107900028,777,37,740
107900030,522,59,463
107900031,250,96,154
107900032,59,37,22
107900033,41,24,17
107900034,564,30,534
107900035,3660,210,3450
107900036,119,35,84
107900037,0,15,-15
107900038,129,742,-613
107900039,45,8,37
107900040,3,325,-322
107900041,6,3,3
107900043,349,116,233
107900044,30,36,-6
107900045,235,88,147
107900046,639,603,36
107900047,100,56,44
107900048,764,74,690
107900049,779,2230,-1451
107900050,55,430,-375
107900051,107,54,53
107900052,39,141,-102
107900053,182,90,92
107900055,1227,603,624
107900056,192,277,-85
107900057,17,0,17
107900058,59,795,-736
107900060,18,412,-394
107900061,7,41,-34
107900063,181,338,-157
107900064,263,1194,-931
107900065,1020,32,988
107900066,60,7,53
107900067,1,0,1
107900068,184,1526,-1342
107900069,72,6767,-6695
107900070,278,290,-12
107900071,53,385,-332
107900072,497,61,436
107900073,241,218,23
107900074,142,713,-571
107900076,389,158,231
107900077,262,14,248
107900078,248,174,74
107900079,66,58,8
107900080,90,1382,-1292
107900081,177,71,106
107900082,3,5,-2
107900083,691,213,478
107900084,372,402,-30
107900086,51,639,-588
107900087,564,88,476
107900088,168,13,155
107900089,372,1374,-1002
107900090,2443,4864,-2421
107900091,213,197,16
107900092,2261,263,1998
107900093,89,165,-76
107900095,2096,1827,269
107900097,87,116,-29
107900098,172,1650,-1478
107900100,512,2735,-2223
107900101,833,145,688
107900102,209,12,197
107900103,165,193,-28
107900104,646,4,642
107900105,86,148,-62
107900106,5,390,-385
107900107,1876,503,1373
107900108,299,95,204
107900109,4310,93,4217
107900110,234,120,114
107900111,12,357,-345
107900112,103,1204,-1101
107900113,400,49,351
107900114,506,99,407
107900115,0,10,-10
107900116,517,74,443
107900117,514,281,233
107900118,114,225,-111
107900119,250,453,-203
107900120,154,48,106
107900121,4,234,-230
107900122,1,415,-414
107900123,51,208,-157
107900124,12,100,-88
107900125,3,303,-300
107900126,113,740,-627
107900127,870,375,495
107900128,147,139,8
107900129,264,23,241
107900130,267,26,241
107900131,152,312,-160
107900132,163,271,-108
107900133,2,36,-34
107900134,56,120,-64
107900135,6,35,-29
107900136,34,37,-3
107900137,157,152,5
107900138,227,23,204
107900139,190,65,125
107900140,163,84,79
107900141,40,32,8
107900142,186,523,-337
107900143,12,4,8
107900144,0,44,-44
107900145,15,58,-43
107900146,56,196,-140
107900147,42,26,16
107900148,268,246,22
107900149,852,57,795
107900150,184,462,-278
107900151,129,50,79
107900152,29,127,-98
107900153,370,453,-83
107900154,39,79,-40
107900155,157,216,-59
107900156,19,68,-49
107900157,40,107,-67
107900158,2740,90,2650
107900159,122,425,-303
107900160,268,94,174
107900161,397,95,302
107900162,4,74,-70
107900163,94,126,-32
107900164,76,184,-108
107900165,7,479,-472
107900166,112,87,25
107900167,28,88,-60
107900168,210,133,77
107900169,7,5463,-5456
107900171,300,634,-334
107900172,5,343,-338
107900173,81,43,38
107900174,358,4,354
107900175,52,287,-235
107900176,175,26,149
107900177,2,330,-328
107900178,1,330,-329
107900179,129,196,-67
107900180,357,1998,-1641
107900181,441,581,-140
107900182,612,627,-15
107900183,170,41,129
107900184,385,648,-263
107900185,412,23,389
107900186,70,42,28
107900187,2,401,-399
107900188,1109,117,992
107900189,162,152,10
107900190,23,197,-174
107900191,130,258,-128
107900193,12,166,-154
107900194,351,54,297
107900195,2381,268,2113
107900196,231,44,187
107900197,292,460,-168
107900199,0,562,-562
107900201,303,211,92
107900203,90,61,29
107900204,356,505,-149
107900205,392,354,38
107900206,346,991,-645
107900207,2,407,-405
107900208,13,315,-302
107900209,640,139,501
107900210,58,52,6
107900213,979,756,223
107900214,29,679,-650
107900215,378,679,-301
107900216,15,40,-25
107900217,127,96,31
107900218,38,4822,-4784
107900219,291,40,251
107900220,139,306,-167
107900221,365,452,-87
107900223,354,145,209
107900224,370,831,-461
107900225,25,1057,-1032
107900226,16,68,-52
107900227,387,538,-151
107900228,90,211,-121
107900229,0,157,-157
107900230,70,30,40
107900231,73,69,4
107900232,623,72,551
107900233,10,50,-40
107900234,572,166,406
107900235,243,357,-114
107900236,929,90,839
107900237,12,545,-533
107900238,141,33,108
107900239,830,1399,-569
107900240,175,60,115
107900241,11,19,-8
107900242,114,464,-350
107900243,1,40,-39
107900244,652,5,647
107900245,1875,160,1715
107900246,527,81,446
107900248,1417,288,1129
107900249,2369,309,2060
107900250,0,317,-317
107900251,139,786,-647
107900252,1726,71,1655
107900253,469,61,408
107900254,149,384,-235
107900255,307,125,182
107900256,777,3599,-2822
107900257,846,229,617
107900258,238,97,141
107900259,30,7623,-7593
107900261,9,216,-207
107900262,223,91,132
107900264,1000,38,962
107900265,202,429,-227
107900267,998,47,951
107900268,57,5,52
107900269,0,7,-7
107900270,2,1,1
107900271,9,80,-71
107900272,64,41,23
107900273,171,45,126
107900274,204,0,204
107900275,122,1,121
107900276,1,22,-21
107900277,0,42,-42
107900278,1297,151,1146
107900279,23,73,-50
107900280,4052,1695,2357
107900281,1359,14818,-13459
107900282,21,1813,-1792
107900283,1215,2122,-907
107900284,1626,1703,-77
107900285,382,40,342
107900286,55,34,21
107900287,812,147,665
107900290,2,1434,-1432
107900291,1267,46,1221
107900292,354,133,221
107900293,194,361,-167
107900295,209,54,155
107900297,1,673,-672
107900298,1003,1038,-35
107900299,4036,5137,-1101
107900300,184,1628,-1444
107900301,1835,1427,408
107900302,212,70,142
107900303,783,729,54
107900304,1195,95,1100
107900305,697,33,664
107900306,0,103,-103
107900307,30,392,-362
107900308,274,323,-49
107900309,97,0,97
107900310,68,0,68
107900311,12,638,-626
107900312,100,0,100
107900313,6,272,-266
107900314,2,236,-234
107900315,3,75,-72
107900316,38,3,35
107900317,162,10,152
107900318,3,294,-291
107900319,12,52,-40
107900320,1,98,-97
107900321,488,35,453
107900322,2,41,-39
107900323,3,90,-87
107900324,321,13,308
107900325,508,10,498
107900326,1409,92,1317
107900327,2,267,-265
107900328,28,0,28
107900329,50,545,-495
107900330,17,92,-75
107900331,1114,101,1013
107900332,937,30,907
107900333,210,113,97
107900334,29,72,-43
107900335,64,159,-95
107900336,61,313,-252
107900337,735,1916,-1181
107900338,4,225,-221
107900339,2,11,-9
107900340,1,141,-140
107900341,166,0,166
107900342,205,144,61
107900343,31,4,27
107900344,3,98,-95
107900345,120,28,92
107900346,33,1,32
107900347,99,6,93
107900348,2,17,-15
107900349,139,6,133
107900350,93,421,-328
108000001,7720,6757,963
108000002,2237,1941,296
108000003,5065,5783,-718
108000004,13641,12995,646
108000005,12930,10334,2596
108000006,5069,7244,-2175
108000007,10611,10143,468
108000008,5138,5764,-626
108000009,10848,10327,521
108000010,3831,6329,-2498
108000011,22915,17850,5065
108000012,13007,11997,1010
108000014,1155,2297,-1142
108000015,2020,315,1705
108000016,499,809,-310
108000017,2627,662,1965
108000018,3420,1880,1540
108000019,1639,2110,-471
108000020,2172,767,1405
108000021,391,2132,-1741
108000022,750,1158,-408
108000023,3547,580,2967
108000024,783,437,346
108000025,1110,246,864
108000026,1475,1000,475
108000027,1995,340,1655
108000028,1386,454,932
108000029,1324,572,752
108000030,968,372,596
108000031,265,1019,-754
108000032,4893,1202,3691
108000033,1314,847,467
108000034,3926,948,2978
108000035,949,1918,-969
108000036,1077,949,128
108000037,5164,563,4601
108000038,7410,654,6756
108000039,1100,1513,-413
108000040,4399,1856,2543
108000041,608,2129,-1521
108000042,1734,213,1521
108000043,495,411,84
108000044,4864,168,4696
108000045,589,431,158
108000046,4191,673,3518
108000047,810,827,-17
108000048,170,439,-269
108000049,1733,348,1385
108000050,151,401,-250
108000051,854,584,270
108000052,310,397,-87
108000053,856,572,284
108000054,445,1456,-1011
108000055,1832,1170,662
108000056,806,1715,-909
108000057,1290,2364,-1074
108000058,3444,8986,-5542
108000059,2998,1593,1405
108000060,434,864,-430
108000061,156,323,-167
108000062,2487,1141,1346
108000063,853,739,114
108000064,738,356,382
108000065,1212,744,468
108000066,3919,2124,1795
108000067,5249,1620,3629
108000068,1811,1115,696
108000069,228,915,-687
108000070,4537,1467,3070
108000071,961,1661,-700
108000072,2640,1484,1156
108000073,1288,1409,-121
108000074,1286,1085,201
108000075,620,527,93
108000076,1838,899,939
108000077,921,597,324
108000078,5106,1442,3664
108000079,1073,935,138
108000080,3934,913,3021
108000081,1654,873,781
108000082,1044,1520,-476
108000083,4028,1338,2690
108000084,936,1534,-598
108000085,2775,1435,1340
108000086,653,709,-56
108000087,229,4674,-4445
108000088,678,32,646
108000089,714,737,-23
108000090,1418,408,1010
108000091,262,706,-444
108000092,673,306,367
108000093,576,618,-42
108000094,2570,323,2247
108000095,399,588,-189
108000096,1349,402,947
108000097,281,576,-295
108000098,5811,2147,3664
108000099,610,291,319
108000100,142,473,-331
108000101,2407,2459,-52
108000102,2373,5020,-2647
108000106,1600,2,1598
108000107,5,1479,-1474
108000108,1274,143,1131
108000109,10,645,-635
108000110,940,527,413
108000111,554,1369,-815
108000112,76,319,-243
108000113,507,327,180
108000115,512,409,103
108000117,823,623,200
108000118,41,823,-782
108000119,921,537,384
108000120,447,1782,-1335
108000121,631,896,-265
108000122,1972,669,1303
108000123,1582,611,971
108000124,730,1740,-1010
108000125,1489,297,1192
108000126,415,558,-143
108000127,1832,537,1295
108000128,1748,314,1434
108000129,721,1636,-915
108000130,1216,729,487
108000131,1131,266,865
108000132,919,830,89
108000133,2475,557,1918
108000134,1034,385,649
108000135,2062,1420,642
108000136,959,772,187
108000137,944,233,711
108000138,1333,770,563
108000139,1400,433,967
108000140,1274,25,1249
108000141,151,28,123
108000142,157,136,21
108000143,110,30,80
108000144,278,9,269
108000145,211,4,207
108000146,318,13,305
108000147,40,19,21
108000148,313,40,273
108000149,75,6,69
108000150,169,23,146
108000151,10,36,-26
108000152,484,297,187
108000153,1939,273,1666
108000154,117,8,109
108000155,65,102,-37
108000156,757,287,470
108000157,566,4607,-4041
108000158,132,2020,-1888
108000159,323,408,-85
108000160,2497,2475,22
108000161,2720,9434,-6714
108000165,10,888,-878
108000172,1,641,-640
108000173,981,3929,-2948
108000175,1037,238,799
108000178,530,350,180
108000179,164,1591,-1427
108000181,175,39,136
108000182,134,12,122
108000183,13,24,-11
108000184,892,6521,-5629
108000185,927,304,623
108000186,615,184,431
108000187,459,389,70
108000188,2162,189,1973
108000189,625,3406,-2781
108000190,68,109,-41
108000192,653,184,469
108000193,749,29,720
108000194,34,13,21
108000195,2,1269,-1267
108000196,603,827,-224
108000198,1290,120,1170
108000199,2,514,-512
108000200,1545,444,1101
108000202,5,687,-682
108000203,610,702,-92
108000204,334,128,206
108000205,348,410,-62
108000339,1534,773,761
108000364,120,470,-350
108000365,109,815,-706
108000367,421,332,89
108000368,47,90,-43
108000369,667,168,499
108000371,1,600,-599
108000372,1378,5,1373
108000373,385,254,131
108000376,250,26,224
108000377,1623,78,1545
108000378,14977,24159,-9182
108000379,30,442,-412
108000381,344,16,328
108000382,75,3,72
108000383,2,337,-335
108900001,48,402,-354
108900002,532,82,450
108900003,252,695,-443
108900004,71,1044,-973
108900005,124,693,-569
108900006,1861,650,1211
108900007,705,307,398
108900008,369,218,151
108900009,376,430,-54
108900010,801,290,511
108900011,1787,353,1434
108900012,1026,390,636
108900013,299,657,-358
108900014,137,248,-111
108900015,1,362,-361
108900016,3,281,-278
108900017,217,1207,-990
108900018,355,571,-216
108900019,100,410,-310
108900020,78,175,-97
108900021,295,165,130
108900022,120,217,-97
108900023,815,63,752
108900024,143,28,115
108900025,777,79,698
108900026,34,38,-4
108900028,379,100,279
108900029,198,204,-6
108900031,910,142,768
108900032,16,192,-176
108900034,0,62,-62
108900035,885,423,462
108900036,346,368,-22
108900037,66,204,-138
108900039,0,72,-72
108900040,20,33,-13
108900041,7247,5119,2128
108900042,22,519,-497
108900043,61,980,-919
108900045,187,152,35
108900046,17,43,-26
108900047,0,189,-189
108900048,282,260,22
108900049,1663,5659,-3996
108900050,1,56,-55
108900051,0,91,-91
108900052,80,48,32
108900053,275,1264,-989
108900054,95,119,-24
108900055,57,553,-496
108900056,2,52,-50
108900057,1,105,-104
108900058,102,95,7
108900059,2735,132,2603
108900060,145,279,-134
108900061,144,28,116
108900062,3,286,-283
108900063,25,78,-53
108900064,1096,12,1084
108900065,69,106,-37
108900066,1007,196,811
108900067,14,242,-228
108900068,0,35,-35
108900069,372,17,355
108900070,80,60,20
108900071,376,69,307
108900072,1917,314,1603
108900073,10,21,-11
108900074,1422,107,1315
108900075,16,20,-4
108900076,1097,61,1036
108900077,48,135,-87
108900078,136,65,71
108900079,407,376,31
108900080,20,2196,-2176
108900081,127,433,-306
108900082,240,33,207
108900083,14,602,-588
108900084,360,186,174
108900085,2187,280,1907
108900086,517,48,469
108900087,139,269,-130
108900088,1205,799,406
108900089,29,220,-191
108900090,299,57,242
108900091,219,111,108
108900092,814,594,220
108900093,172,150,22
108900094,660,286,374
108900095,54,560,-506
108900096,325,14,311
108900097,563,162,401
108900098,1889,2626,-737
108900099,1108,171,937
108900100,198,144,54
108900101,539,975,-436
108900102,16,2630,-2614
108900103,230,544,-314
108900104,85,531,-446
108900105,16,4951,-4935
108900106,1214,163,1051
108900108,529,53,476
108900109,129,152,-23
108900110,457,257,200
108900111,1305,307,998
108900112,715,47,668
108900113,60,113,-53
108900114,1,18,-17
108900115,280,283,-3
108900116,236,26,210
108900117,529,42,487
108900119,1071,49,1022
108900120,350,550,-200
108900121,495,155,340
108900122,641,59,582
108900123,700,194,506
108900124,2377,277,2100
108900126,392,140,252
108900127,678,87,591
108900128,520,122,398
108900129,2771,246,2525
108900131,1077,25,1052
108900132,1448,152,1296
108900133,770,76,694
108900134,1792,304,1488
108900135,761,44,717
108900137,730,6,724
108900138,2699,183,2516
108900139,1673,171,1502
108900140,1604,83,1521
108900141,1622,57,1565
108900142,173,14,159
108900143,0,0,0
108900144,440,4,436
108900145,963,97,866
108900146,385,8,377
108900147,821,2,819
108900148,152,37,115
108900149,988,1469,-481
108900150,628,10,618
108900151,58,30,28
108900152,208,384,-176
108900153,851,149,702
108900154,11348,482,10866
108900155,855,107,748
108900156,319,51,268
108900157,178,418,-240
108900158,1325,188,1137
108900159,202,155,47
108900160,21,225,-204
108900161,135,579,-444
108900162,551,14,537
108900163,2,652,-650
108900164,206,119,87
108900165,146,68,78
108900167,1643,22749,-21106
108900168,5732,3382,2350
108900169,119,205,-86
108900171,5258,6461,-1203
108900172,345,165,180
108900173,139,578,-439
108900174,2140,780,1360
108900176,374,382,-8
108900177,8386,19357,-10971
108900178,3763,10629,-6866
108900179,446,3708,-3262
108900180,100,476,-376
108900182,150,791,-641
108900183,255,463,-208
108900184,759,529,230
108900185,163,995,-832
108900186,165,585,-420
108900187,1396,78,1318
108900188,1953,158,1795
108900189,736,681,55
108900190,122,4012,-3890
108900191,215,289,-74
108900192,186,314,-128
108900193,85,59,26
108900194,18,672,-654
108900195,190,211,-21
108900196,324,373,-49
108900198,9,334,-325
108900199,424,515,-91
108900200,1652,964,688
108900201,471,1234,-763
108900203,798,202,596
108900204,796,28,768
108900205,536,36,500
108900206,1185,158,1027
108900207,600,534,66
108900208,48,569,-521
108900209,228,741,-513
108900210,108,187,-79
108900211,430,1080,-650
108900212,127,3912,-3785
108900215,124,450,-326
108900216,364,674,-310
108900217,149,0,149
108900218,99,38,61
108900219,64,4,60
108900220,160,34,126
108900221,48,97,-49
108900222,633,22,611
108900223,8,95,-87
108900224,100,175,-75
108900225,2,247,-245
108900226,1613,72,1541
108900227,460,620,-160
108900230,97,270,-173
108900231,32,143,-111
108900232,3,256,-253
108900233,951,205,746
108900234,459,234,225
108900235,410,422,-12
108900236,49,548,-499
108900237,58,59,-1
108900240,363,186,177
108900241,182,84,98
108900245,6,4909,-4903
108900249,234,31,203
108900250,792,137,655
108900257,707,476,231
108900258,10,122,-112
108900259,70,51,19
108900260,18,34,-16
108900261,27,25,2
108900262,100,310,-210
108900263,82,303,-221
108900264,199,349,-150
108900265,4204,1399,2805
108900266,198,3659,-3461
108900267,2,738,-736
108900268,51,60,-9
108900269,483,55,428
108900270,444,59,385
108900271,150,424,-274
108900272,987,147,840
108900273,465,4264,-3799
108900274,140,18,122
108900275,83,33,50
108900276,5,120,-115
109000001,7603,5470,2133
109000002,938,5034,-4096
109000003,6683,911,5772
109000004,897,2679,-1782
109000005,4179,999,3180
109000006,1500,2333,-833
109000007,4695,1397,3298
109000008,1076,1911,-835
109000009,6950,2335,4615
109000010,1243,3689,-2446
109000011,9130,4349,4781
109000012,2419,3797,-1378
109000013,10178,10004,174
109000014,2791,2974,-183
109000015,6397,25627,-19230
109000016,6564,3174,3390
109000017,6841,2466,4375
109000018,2362,2556,-194
109000019,5492,2170,3322
109000020,1759,3130,-1371
109000023,505,25,480
109000024,3,372,-369
109000025,352,1465,-1113
109000026,985,440,545
109000027,187,602,-415
109000028,211,80,131
109000029,146,821,-675
109000030,21,501,-480
109000031,602,196,406
109000032,171,629,-458
109000033,1038,421,617
109000034,80,66,14
109000035,32,86,-54
109000036,89,580,-491
109000037,596,6196,-5600
109000038,421,457,-36
109000039,1653,1517,136
109000040,5463,28199,-22736
109000041,2207,5810,-3603
109000042,922,3510,-2588
109000044,799,187,612
109000045,213,444,-231
109000046,964,201,763
109000047,119,459,-340
109000048,630,667,-37
109000049,353,877,-524
109000050,462,588,-126
109000051,413,303,110
109000052,1096,627,469
109000053,1165,134,1031
109000054,277,562,-285
109000055,611,465,146
109000056,792,513,279
109000057,2064,1047,1017
109000058,462,177,285
109000059,293,1807,-1514
109000060,192,762,-570
109000061,559,3529,-2970
109000062,374,605,-231
109000063,464,260,204
109000064,1029,257,772
109000065,509,544,-35
109000066,1068,95,973
109000067,165,698,-533
109000068,1146,47,1099
109000069,1034,53,981
109000070,208,1681,-1473
109000071,730,161,569
109000072,170,375,-205
109000073,149,202,-53
109000074,32,315,-283
109000075,171,417,-246
109000076,125,454,-329
109000077,538,245,293
109000078,128,193,-65
109000079,275,122,153
109000080,490,88,402
109000081,304,472,-168
109000082,2130,202,1928
109000083,675,717,-42
109000088,313,307,6
109000089,631,206,425
109000090,151,340,-189
109000091,1046,295,751
109000092,375,407,-32
109000093,544,283,261
109000094,1929,7,1922
109000095,451,421,30
109000096,2399,379,2020
109000097,90,147,-57
109000098,164,216,-52
109000099,1449,244,1205
109000100,854,562,292
109000101,3985,676,3309
109000102,1433,612,821
109000103,1513,889,624
109000104,5367,491,4876
109000105,1172,854,318
109000106,3955,848,3107
109000107,1285,1833,-548
109000108,4845,991,3854
109000109,1077,1497,-420
109000110,2864,803,2061
109000111,1556,1954,-398
109000112,719,210,509
109000113,431,806,-375
109000114,227,1043,-816
109000115,1588,15,1573
109000116,18,522,-504
109000117,564,36,528
109000118,15,289,-274
109000119,3991,197,3794
109000120,923,915,8
109000121,1422,58,1364
109000122,466,387,79
109000123,48,42,6
109000124,2267,473,1794
109000125,2153,458,1695
109000126,1531,641,890
109000127,3389,195,3194
109000128,1194,827,367
109000129,7009,830,6179
109000130,678,897,-219
109000131,1295,1176,119
109000132,705,1748,-1043
109000133,371,662,-291
109000134,841,2491,-1650
109000135,824,3429,-2605
109000136,556,506,50
109000137,669,636,33
109000138,957,261,696
109000139,1469,779,690
109000140,466,309,157
109000141,1315,589,726
109000142,327,668,-341
109000143,259,247,12
109000145,86,299,-213
109000146,27,87,-60
109000148,3187,4298,-1111
109000149,25,88,-63
109000150,54,377,-323
109000155,1720,1211,509
109000156,1548,357,1191
109000158,100,305,-205
109000159,177,850,-673
109000160,3264,296,2968
109000161,1200,1782,-582
109000162,4651,777,3874
109000163,2675,1753,922
109000164,3435,2384,1051
109000165,3742,739,3003
109000166,3123,201,2922
109000167,278,698,-420
109000170,43,51,-8
109000171,273,53,220
109000172,32,106,-74
109000173,35,314,-279
109000174,409,61,348
109000175,88,160,-72
109000176,1334,374,960
109000177,69,226,-157
109000178,1248,42,1206
109000179,4201,10686,-6485
109000180,5559,5322,237
109000181,19,15,4
109000182,150,18,132
109000183,110,46,64
109000184,97,10,87
109000185,52,26,26
109000188,498,2238,-1740
109000189,6572,2453,4119
109000190,1520,710,810
109000191,571,638,-67
109000192,1457,237,1220
109000193,1275,121,1154
109000194,841,67,774
109000195,607,139,468
109000196,616,77,539
109000197,820,310,510
109000198,636,68,568
109000199,374,474,-100
109000206,412,43,369
109000207,532,48,484
109000208,278,287,-9
109000209,244,171,73
109000210,365,551,-186
109000211,867,593,274
109000214,980,173,807
109000215,211,59,152
109000216,631,705,-74
109000217,196,1410,-1214
109000218,481,707,-226
109000221,210,817,-607
109000222,1256,259,997
109000223,1171,708,463
109000224,118,46,72
109000225,341,31,310
109000226,82,324,-242
109000227,4244,526,3718
109000228,2,1340,-1338
109000231,1,109,-108
109000232,1812,91,1721
109000236,570,646,-76
109000241,3107,1373,1734
109000242,2055,757,1298
109000293,127,660,-533
109000361,79,222,-143
109000364,174,1537,-1363
109000396,6,368,-362
109000397,1518,49,1469
109000399,229,430,-201
109000400,230,374,-144
109000403,56,3149,-3093
109000406,1169,95,1074
109000407,390,182,208
109000408,2,993,-991
109000410,1164,311,853
109000411,437,21,416
109900001,292,0,292
109900002,2150,19,2131
109900003,1063,4,1059
109900004,399,142,257
109900005,56,5,51
109900006,1113,134,979
109900007,2954,125,2829
109900008,1,43,-42
109900009,384,293,91
109900010,1539,119,1420
109900011,64,84,-20
109900012,777,1996,-1219
109900013,707,557,150
109900014,925,113,812
109900015,241,115,126
109900016,189,11,178
109900017,722,563,159
109900018,347,18,329
109900019,547,174,373
109900020,148,64,84
109900021,101,32,69
109900022,94,481,-387
109900023,60,27,33
109900024,19,14,5
109900025,5,52,-47
109900026,10,158,-148
109900027,119,59,60
109900028,546,4061,-3515
109900029,4,137,-133
109900030,50,30,20
109900031,1,981,-980
109900032,23,208,-185
109900033,4,740,-736
109900034,34,2,32
109900035,122,271,-149
109900036,61,44,17
109900037,21,380,-359
109900038,165,451,-286
109900039,7,1,6
109900040,61,392,-331
109900041,111,436,-325
109900042,57,4909,-4852
109900044,143,366,-223
109900045,184,75,109
109900046,91,174,-83
109900047,422,382,40
109900048,0,205,-205
109900049,14,104,-90
109900050,0,41,-41
109900051,0,6,-6
109900052,78,280,-202
109900053,1,55,-54
109900054,1845,160,1685
109900055,181,249,-68
109900056,66,532,-466
109900057,0,85,-85
109900058,1,38,-37
109900059,2497,76,2421
109900060,2306,115,2191
109900061,143,161,-18
109900062,0,102,-102
109900063,12,654,-642
109900064,1549,146,1403
109900065,106,116,-10
109900066,687,699,-12
109900067,0,170,-170
109900068,115,7,108
109900069,195,54,141
109900070,83,139,-56
109900071,91,43,48
109900072,65,83,-18
109900073,1311,173,1138
109900074,63,11,52
109900075,63,51,12
109900076,35,49,-14
109900077,102,36,66
109900078,190,216,-26
109900080,343,154,189
109900081,5,265,-260
109900082,150,177,-27
109900083,84,58,26
109900084,52,274,-222
109900085,134,273,-139
109900086,213,2084,-1871
109900087,86,486,-400
109900089,1868,255,1613
109900090,328,749,-421
109900091,1025,182,843
109900092,458,234,224
109900093,2466,207,2259
109900094,152,102,50
109900095,108,237,-129
109900096,331,17,314
109900097,313,4,309
109900098,1278,69,1209
109900099,797,3,794
109900100,114,0,114
109900101,2040,15,2025
109900102,1163,24,1139
109900103,61,100,-39
109900104,2465,120,2345
109900105,1273,59,1214
109900106,885,36,849
109900107,2261,67,2194
109900108,570,450,120
109900109,95,758,-663
109900110,90,225,-135
109900111,97,367,-270
109900112,200,215,-15
109900113,1385,688,697
109900114,927,2369,-1442
109900115,268,189,79
109900117,2583,123,2460
109900118,256,261,-5
109900119,181,602,-421
109900120,190,41,149
109900121,458,359,99
109900122,1431,9,1422
109900123,21,57,-36
109900124,149,198,-49
109900125,2,253,-251
109900126,921,18,903
109900128,647,105,542
109900130,3942,7473,-3531
109900131,80,129,-49
109900132,62,89,-27
109900133,181,280,-99
109900134,55,628,-573
109900135,426,49,377
109900136,97,317,-220
109900137,396,370,26
109900138,1049,216,833
109900140,397,194,203
109900141,1475,254,1221
109900142,4048,236,3812
109900145,9,1173,-1164
109900146,191,57,134
109900148,65,88,-23
109900149,77,79,-2
109900150,138,139,-1
109900151,35,42,-7
109900152,0,48,-48
109900153,2,510,-508
109900154,65,0,65
109900155,158,30,128
109900157,91,120,-29
109900158,105,187,-82
109900159,321,82,239
109900160,501,64,437
109900161,861,92,769
109900162,867,241,626
109900163,441,266,175
109900164,84,362,-278
109900165,523,11,512
109900166,4,118,-114
109900167,277,338,-61
109900168,289,663,-374
109900169,354,178,176
109900170,416,3715,-3299
109900171,726,132,594
109900172,628,641,-13
109900173,2161,4884,-2723
109900174,108,177,-69
109900175,196,233,-37
109900176,433,376,57
109900177,72,97,-25
109900178,12,1286,-1274
109900179,16,304,-288
109900180,24,30,-6
110000001,1042,645,397
110000002,729,974,-245
110000003,802,1344,-542
110000004,516,954,-438
110000005,458,3173,-2715
110000006,387,384,3
110000007,324,179,145
110000008,22,539,-517
110000009,40,51,-11
110000010,88,222,-134
110000011,110,61,49
110000012,1383,314,1069
110000013,116,1598,-1482
110000014,872,554,318
110000015,364,1309,-945
110000016,581,2976,-2395
110000017,5039,474,4565
110000018,3736,442,3294
110000019,20,214,-194
110000020,1767,411,1356
110000021,227,935,-708
110000022,2742,188,2554
110000023,14,263,-249
110000024,686,1022,-336
110000025,2397,5,2392
110000026,6,302,-296
110000027,788,3352,-2564
110000028,1841,682,1159
110000029,836,717,119
110000030,726,760,-34
110000031,388,346,42
110000032,2205,284,1921
110000033,315,651,-336
110000034,1159,881,278
110000035,1007,627,380
110000036,3314,1156,2158
110000037,468,695,-227
110000038,443,1375,-932
110000039,1906,13351,-11445
110000040,503,441,62
110000041,523,4125,-3602
110000042,166,1197,-1031
110000043,1407,667,740
110000044,111,2090,-1979
110000045,363,563,-200
110000046,2,147,-145
110000047,41,509,-468
110000048,10,320,-310
110000049,9,52,-43
110000050,18,285,-267
110000051,30,19,11
110000052,80,31,49
110000053,25,11,14
110000054,197,2840,-2643
110000055,352,535,-183
110000056,150,367,-217
110000057,430,853,-423
110000058,1688,856,832
110000059,1199,906,293
110000060,2327,1555,772
110000061,709,997,-288
110000062,800,1278,-478
110000063,119,517,-398
110000064,103,63,40
110000065,317,330,-13
110000066,159,37,122
110000067,86,168,-82
110000068,671,151,520
110000069,1480,35,1445
110000071,1332,44,1288
110000073,42,9,33
110000075,36,282,-246
110000076,854,938,-84
110000077,624,2719,-2095
110000078,242,16,226
110000080,276,414,-138
110000081,57,376,-319
110000082,19,543,-524
110000083,354,409,-55
110000084,2531,1966,565
110000085,1095,1497,-402
110000086,1133,4455,-3322
110000087,47,94,-47
110000088,246,277,-31
110000089,833,75,758
110000090,111,374,-263
110000091,1097,227,870
110000092,53,27,26
110000093,100,33,67
110000094,944,279,665
110000095,319,1094,-775
110000096,1615,3594,-1979
110000097,1336,3087,-1751
110000098,3647,1173,2474
110000099,1504,2158,-654
110000100,3290,268,3022
110000101,181,144,37
110000102,207,46,161
110000104,723,592,131
110000105,39,520,-481
110000106,917,738,179
110000107,176,559,-383
110000108,215,308,-93
110000109,301,455,-154
110000110,2875,5522,-2647
110000111,5240,4896,344
110000112,159,1690,-1531
110000113,113,4889,-4776
110000114,878,1417,-539
110000115,1030,465,565
110000116,216,108,108
110000117,899,352,547
110000118,1474,179,1295
110000119,980,293,687
110000120,862,244,618
110000121,138,675,-537
110000122,326,287,39
110000123,1008,522,486
110000124,2,561,-559
110000125,1635,17,1618
110000126,403,32,371
110000127,2314,215,2099
110000128,31,823,-792
110000129,2,413,-411
110000130,465,805,-340
110000131,83,396,-313
110000132,1,445,-444
110000133,61,586,-525
110000134,21,525,-504
110000135,421,74,347
110000136,149,409,-260
110000137,1489,758,731
110000138,1821,779,1042
110000139,3237,573,2664
110000140,1528,1204,324
110000143,753,496,257
110000144,2451,2782,-331
110000145,2469,2326,143
110000146,2037,1913,124
110000147,700,2633,-1933
110000148,1570,494,1076
110000151,612,2857,-2245
110000152,605,936,-331
110000153,590,34,556
110000154,135,37,98
110000155,1325,3056,-1731
110000156,1209,2231,-1022
110000157,1306,3294,-1988
110000160,625,399,226
110000161,529,361,168
110000166,1725,162,1563
110000167,3417,984,2433
110000168,1579,1092,487
110000169,1631,562,1069
110000170,481,129,352
110000171,1785,148,1637
110000172,713,657,56
110000173,781,815,-34
110000174,217,646,-429
110000175,2381,146,2235
110000176,97,1330,-1233
110000177,552,3152,-2600
110000178,682,4991,-4309
110000179,2585,433,2152
110000180,953,540,413
110000181,2293,553,1740
110000182,872,180,692
110000183,11471,15600,-4129
110000184,732,6719,-5987
110000185,835,1609,-774
110000186,812,1371,-559
110000191,3014,283,2731
110000192,1219,24,1195
110000193,2610,55,2555
110000194,3,693,-690
110000195,1137,129,1008
110000196,1651,86,1565
110000197,239,51,188
110000198,122,133,-11
110000199,162,922,-760
110000200,938,1237,-299
110000201,1934,4057,-2123
110000202,1898,746,1152
110000203,486,634,-148
110000204,0,271,-271
110000205,715,50,665
110000206,509,991,-482
110000207,3117,443,2674
110000208,369,509,-140
110000209,73,1283,-1210
110000210,3131,879,2252
110000211,1617,1250,367
110000212,1037,2368,-1331
110000213,714,45,669
110000214,992,83,909
110000215,399,206,193
110000216,236,111,125
110000217,1325,217,1108
110000218,395,156,239
110000219,1075,54,1021
110000220,128,77,51
110000221,1414,15,1399
110000222,96,148,-52
110000223,21,143,-122
110000224,3,3,0
110000225,341,1188,-847
110000226,760,138,622
110000227,1125,2245,-1120
110000228,877,189,688
110000229,1,163,-162
110000230,1008,1190,-182
110000231,593,744,-151
110000232,294,705,-411
110000233,292,2371,-2079
110000234,876,4454,-3578
110000235,3566,1756,1810
110000236,1412,613,799
110000237,4788,2939,1849
110000238,1625,2031,-406
110000239,3685,1808,1877
110000240,2,20,-18
110000242,0,14,-14
110000243,512,65,447
110000244,283,709,-426
110000245,83,425,-342
110000246,1946,608,1338
110000247,1512,4081,-2569
110000248,1735,1183,552
110000249,278,13,265
110000250,28,187,-159
110000251,896,265,631
110000252,1194,518,676
110000253,3099,520,2579
110000254,1241,723,518
110000255,300,644,-344
110000256,647,269,378
110000257,633,278,355
110000258,8,841,-833
110000259,596,39,557
110000260,127,163,-36
110000263,1072,23,1049
110000264,1364,569,795
110000265,2396,3038,-642
110000266,1603,3197,-1594
110000267,66,105,-39
110000268,536,366,170
110000269,3,196,-193
110000270,315,10,305
110000271,2799,364,2435
110000272,2018,1870,148
110000273,1658,1426,232
110000274,492,6382,-5890
110000275,2613,1313,1300
110000276,415,1564,-1149
110000277,599,591,8
110000278,874,917,-43
110000279,1296,872,424
110000280,1536,882,654
110000281,140,323,-183
110000282,238,38,200
110000283,26,104,-78
110000284,4,17,-13
110000285,6,563,-557
110000286,18,2,16
110000287,305,4,301
110000288,3,157,-154
110000289,773,5216,-4443
110000290,624,1289,-665
110000291,4782,1216,3566
110000292,1539,14170,-12631
110000293,964,551,413
110000294,2783,2831,-48
110000295,260,884,-624
110000296,1459,615,844
110000297,4609,377,4232
110000298,114,509,-395
110000299,259,93,166
110000301,1064,40,1024
110000302,715,2616,-1901
110000303,1179,36,1143
110000304,277,196,81
110000305,3075,42,3033
110000306,673,953,-280
110000307,5021,21,5000
110000308,1255,35,1220
110000309,5,923,-918
110000310,1667,23,1644
110000311,12,665,-653
110000312,812,94,718
110000313,3006,1900,1106
110000314,0,136,-136
110000315,2252,2138,114
110000316,707,1248,-541
110000317,203,3943,-3740
110000318,2,33,-31
110000319,7,21,-14
110000320,23,93,-70
110000321,23,46,-23
110000322,526,430,96
110000323,1216,399,817
110000324,3121,1747,1374
110000325,2818,8722,-5904
110000327,690,395,295
110000328,234,651,-417
110000333,2464,2470,-6
110000334,597,1859,-1262
110000335,1236,814,422
110000336,810,1788,-978
110000337,3363,1110,2253
110000338,918,459,459
110000339,899,385,514
110000340,42,453,-411
110000341,1332,514,818
110000342,187,2,185
110000343,0,21,-21
110000344,100,3428,-3328
110000345,455,3861,-3406
110000346,2127,3188,-1061
110000347,2890,1268,1622
110000348,44,13,31
110000349,17,47,-30
110000350,235,5,230
110000351,3079,913,2166
110000352,1105,3228,-2123
110000353,5208,571,4637
110000354,1926,8964,-7038
110000355,410,82,328
110000356,2298,42,2256
110000357,1534,15,1519
110000361,110,57,53
110000362,278,33,245
110000363,1827,140,1687
110000364,993,1063,-70
110000365,272,1,271
110000366,1,185,-184
110000367,1354,551,803
110000368,13,133,-120
110000369,180,22,158
110000373,4,1086,-1082
110000374,171,49,122
110000375,136,1587,-1451
110000376,61,86,-25
110000377,80,635,-555
110000378,14,846,-832
110000379,3239,4885,-1646
110000380,207,11,196
110000383,1,960,-959
110000384,1469,475,994
110000385,0,290,-290
110000387,403,12,391
110000388,145,183,-38
110000389,2095,22,2073
110000391,2457,371,2086
110000396,561,176,385
110000397,308,98,210
110000398,17,62,-45
110000399,494,0,494
110000587,226,821,-595
110000589,422,215,207
110000640,330,35,295
110000652,23,985,-962
110000653,576,379,197
110000654,8,449,-441
110000656,0,356,-356
110000674,81,55,26
110000675,56,92,-36
110000676,1,63,-62
110000679,81,1253,-1172
110000682,225,373,-148
110000683,373,455,-82
110000684,1,95,-94
110000685,11,23,-12
110000686,3,230,-227
110000687,19,4,15
110000688,65,2370,-2305
110000689,132,47,85
110000692,28,370,-342
110000693,28,1081,-1053
110000694,1,178,-177
110000695,167,1073,-906
110000696,110,119,-9
110900001,780,42,738
110900002,495,1584,-1089
110900003,2739,225,2514
110900004,1158,32,1126
110900005,2064,10148,-8084
110900006,122,112,10
110900007,520,197,323
110900008,5,61,-56
110900009,600,777,-177
110900010,14,45,-31
110900011,63,133,-70
110900012,17,31,-14
110900013,2374,266,2108
110900014,474,35,439
110900015,424,1246,-822
110900016,124,72,52
110900017,1204,101,1103
110900018,619,48,571
110900019,919,20,899
110900020,371,220,151
110900021,193,1100,-907
110900022,121,167,-46
110900023,129,1103,-974
110900024,86,241,-155
110900025,35,172,-137
110900027,73,174,-101
110900028,122,82,40
110900029,20,92,-72
110900030,85,119,-34
110900031,5,147,-142
110900032,0,57,-57
110900033,48,227,-179
110900035,33,1020,-987
110900036,278,6,272
110900037,454,18,436
110900038,761,249,512
110900039,6,383,-377
110900040,526,17,509
110900041,52,38,14
110900042,274,110,164
110900043,2,51,-49
110900044,726,43,683
110900045,148,339,-191
110900046,12,111,-99
110900047,432,1223,-791
110900049,275,180,95
110900050,71,4,67
110900051,15,101,-86
110900052,1,209,-208
110900053,445,11,434
110900054,94,280,-186
110900055,36,1,35
110900056,38,132,-94
110900057,7,128,-121
110900058,1008,264,744
110900059,1368,187,1181
110900060,645,200,445
110900061,2,44,-42
110900062,495,86,409
110900063,159,114,45
110900064,16,0,16
110900065,87,138,-51
110900066,23,64,-41
110900067,358,1360,-1002
110900068,487,286,201
110900069,16,22,-6
110900070,517,103,414
110900071,191,1963,-1772
110900073,0,16,-16
110900074,1083,119,964
110900075,1031,100,931
110900077,2985,519,2466
110900078,418,14,404
110900079,825,1668,-843
110900080,288,122,166
110900081,32,8,24
110900082,459,97,362
110900083,277,70,207
110900084,231,68,163
110900085,471,263,208
110900086,156,500,-344
110900087,1017,362,655
110900088,20,1,19
110900090,131,211,-80
110900091,1,33,-32
110900093,362,201,161
110900095,172,24,148
110900097,82,17,65
110900098,66,92,-26
110900099,58,464,-406
110900100,0,15,-15
110900102,138,30,108
110900105,4215,156,4059
110900108,105,42,63
110900111,2553,167,2386
110900112,1289,35,1254
110900113,351,143,208
110900115,11,130,-119
110900116,2680,840,1840
110900118,108,7512,-7404
110900119,1678,193,1485
110900120,312,25,287
110900121,216,2,214
110900122,1055,325,730
110900125,615,1440,-825
110900127,269,2063,-1794
110900128,80,356,-276
110900129,228,1519,-1291
110900130,327,517,-190
110900131,784,329,455
110900132,1082,106,976
110900133,227,268,-41
110900135,81,215,-134
110900136,601,29,572
110900137,14,1,13
110900138,456,2176,-1720
110900139,4,879,-875
110900140,15,2,13
110900141,43,708,-665
110900142,98,226,-128
110900143,586,52,534
110900144,0,256,-256
110900145,358,275,83
110900146,162,979,-817
110900147,86,903,-817
110900148,2,341,-339
110900149,4,169,-165
110900150,61,16,45
110900151,16,69,-53
110900152,131,48,83
110900153,323,83,240
111000001,1243,1347,-104
111000002,504,649,-145
111000003,3800,2220,1580
111000004,1717,1805,-88
111000005,2089,3094,-1005
111000006,1470,3981,-2511
111000007,8246,9252,-1006
111000008,5944,6648,-704
111000009,675,1805,-1130
111000010,2889,584,2305
111000011,150,969,-819
111000012,353,491,-138
111000013,766,1883,-1117
111000014,3544,1025,2519
111000017,57,992,-935
111000018,332,491,-159
111000020,988,1328,-340
111000021,96,163,-67
111000023,265,234,31
111000025,5110,6711,-1601
111000029,261,206,55
111000030,39,92,-53
111000031,2581,1018,1563
111000032,877,552,325
111000033,518,144,374
111000034,64,227,-163
111000037,1873,551,1322
111000038,2641,2670,-29
111000039,2654,2794,-140
111000040,2445,1621,824
111000041,849,753,96
111000042,3637,3432,205
111000043,3739,11067,-7328
111000044,3833,1192,2641
111000045,6354,3286,3068
111000046,4757,2515,2242
111000047,4510,11305,-6795
111000049,822,542,280
111000050,2018,817,1201
111000051,1193,956,237
111000052,909,1847,-938
111000053,305,800,-495
111000054,572,891,-319
111000055,1561,1996,-435
111000056,318,1021,-703
111000057,286,246,40
111000058,1585,140,1445
111000059,1401,624,777
111000060,11011,1792,9219
111000061,1559,624,935
111000062,2268,1132,1136
111000063,2117,1835,282
111000064,2150,830,1320
111000065,2690,1307,1383
111000066,1642,529,1113
111000067,2749,540,2209
111000068,1881,841,1040
111000069,1807,2205,-398
111000070,910,461,449
111000071,284,249,35
111000072,2576,1055,1521
111000073,335,2619,-2284
111000074,3257,2391,866
111000075,1164,1022,142
111000076,1421,1650,-229
111000077,1585,1176,409
111000078,2321,846,1475
111000079,1594,1096,498
111000080,1641,864,777
111000081,2582,10780,-8198
111000082,1707,974,733
111000084,1891,1101,790
111000085,1914,1681,233
111000086,3989,1310,2679
111000087,1448,787,661
111000088,10995,7533,3462
111000089,1371,695,676
111000090,834,1153,-319
111000091,1355,376,979
111000092,4081,908,3173
111000093,2082,1830,252
111000094,3732,2004,1728
111000095,2077,5542,-3465
111000096,1377,15347,-13970
111000097,4129,1203,2926
111000098,577,1268,-691
111000099,816,2243,-1427
111000100,973,2286,-1313
111000101,684,1125,-441
111000102,512,875,-363
111000104,2053,1016,1037
111000107,181,1140,-959
111000109,1890,466,1424
111000110,3499,1175,2324
111000111,8428,660,7768
111000112,4966,536,4430
111000113,1006,4005,-2999
111000114,1810,10431,-8621
111000115,4106,1701,2405
111000116,1439,1255,184
111000117,387,1297,-910
111000118,1357,1235,122
111000119,3373,1023,2350
111000120,1273,1082,191
111000121,537,1516,-979
111000122,668,921,-253
111000123,2360,2065,295
111000124,626,2830,-2204
111000125,486,1731,-1245
111000126,159,1088,-929
111000127,2776,355,2421
111000128,6621,862,5759
111000129,7143,881,6262
111000130,6212,799,5413
111000131,6796,704,6092
111000132,3692,3300,392
111000133,456,157,299
111000134,643,76,567
111000135,89,263,-174
111000136,858,459,399
111000138,102,9,93
111000140,11,4,7
111000141,374,970,-596
111000142,4,125,-121
111000143,7,372,-365
111000144,28,1322,-1294
111000145,145,40,105
111000146,176,24,152
111000147,174,50,124
111000148,563,160,403
111000149,17,38,-21
111000150,84,5,79
111000151,25,104,-79
111000153,773,395,378
111000154,565,257,308
111000155,234,196,38
111000156,1495,550,945
111000157,389,791,-402
111000158,1476,1015,461
111000159,4939,1759,3180
111000160,856,347,509
111000161,21,660,-639
111000162,6,111,-105
111000163,1939,1185,754
111000164,581,5212,-4631
111000165,826,302,524
111000166,483,166,317
111000167,185,305,-120
111000168,325,458,-133
111000169,659,331,328
111000170,482,326,156
111000171,634,639,-5
111000172,384,610,-226
111000173,461,1080,-619
111000174,587,275,312
111000175,83,1307,-1224
111000176,1307,99,1208
111000177,1847,251,1596
111000178,3813,255,3558
111000179,575,130,445
111000180,429,441,-12
111000181,4543,203,4340
111000182,500,167,333
111000183,360,558,-198
111000184,511,244,267
111000185,885,755,130
111000186,407,618,-211
111000187,398,208,190
111000188,1029,578,451
111000189,501,330,171
111000190,638,185,453
111000191,393,195,198
111000192,199,211,-12
111000193,471,193,278
111000194,97,550,-453
111000195,200,1969,-1769
111000196,110,101,9
111000197,1528,228,1300
111000198,1374,148,1226
111000199,742,449,293
111000200,1411,780,631
111000201,1855,146,1709
111000202,1172,111,1061
111000203,759,409,350
111000204,666,2742,-2076
111000213,446,604,-158
111000214,2268,1253,1015
111000215,1595,1098,497
111000217,3352,859,2493
111000218,3228,1233,1995
111000219,486,245,241
111000220,1353,868,485
111000221,477,277,200
111000224,1,194,-193
111000225,1101,166,935
111000226,241,6,235
111000227,28,17,11
111000228,9,1239,-1230
111000229,41,2657,-2616
111000230,343,155,188
111000231,2983,614,2369
111000232,1857,1250,607
111000233,4009,880,3129
111000234,396,1757,-1361
111000239,165,46,119
111000240,142,852,-710
111000241,158,154,4
111000242,756,152,604
111000243,366,523,-157
111000244,1884,754,1130
111000245,1624,771,853
111000246,1325,197,1128
111000247,1245,479,766
111000248,1379,385,994
111000249,986,336,650
111000250,123,31,92
111000251,182,59,123
111000253,86,43,43
111000255,141,7,134
111000257,178,16,162
111000260,79,817,-738
111000261,3495,188,3307
111000271,43,583,-540
111000273,6039,1645,4394
111000274,2833,5429,-2596
111000275,444,48,396
111000276,563,1073,-510
111000277,612,353,259
111000278,767,303,464
111000291,3745,27679,-23934
111000298,1004,333,671
111000299,1644,277,1367
111000300,88,632,-544
111000302,823,116,707
111000303,269,182,87
111000312,100,95,5
111000315,0,71,-71
111000320,264,361,-97
111000321,927,319,608
111000322,1156,202,954
111000323,660,113,547
111000324,492,184,308
111000325,68,77,-9
111000326,396,189,207
111000327,677,410,267
111000328,670,1787,-1117
111000329,2,57,-55
111000330,265,21,244
111000331,14,6,8
111000332,823,1319,-496
111000334,364,1290,-926
111000335,2787,524,2263
111000337,3967,464,3503
111000338,297,163,134
111000339,2015,277,1738
111000340,310,1617,-1307
111000341,3529,2246,1283
111000342,167,1109,-942
111000344,2308,583,1725
111000345,357,125,232
111000346,34,156,-122
111000347,434,7,427
111000350,391,170,221
111000351,198,518,-320
111000352,539,226,313
111000353,255,249,6
111000354,1253,593,660
111000355,876,990,-114
111000358,235,799,-564
111000360,413,226,187
111000361,382,138,244
111000546,2432,1685,747
111000547,815,1705,-890
111000548,483,349,134
111000549,506,359,147
111000550,64,2008,-1944
111000551,620,132,488
111000552,823,235,588
111000907,834,7,827
111000908,398,5,393
111000916,5330,555,4775
111000917,164,357,-193
111000918,482,612,-130
111000920,1396,26,1370
111000921,32,80,-48
111000922,2054,225,1829
111000924,71,590,-519
111000925,7849,3433,4416
111000926,1640,1497,143
111000927,3415,8463,-5048
111000928,4709,1877,2832
111000929,3549,1745,1804
111000930,2001,1897,104
111000931,4016,2417,1599
111000932,3559,1704,1855
111000933,5342,6018,-676
111000934,2106,1959,147
111000935,5514,2100,3414
111000936,2274,1488,786
111000937,2393,2657,-264
111000938,2134,1023,1111
111000939,1920,86,1834
111000940,2213,73,2140
111000941,709,1711,-1002
111000943,1146,266,880
111000944,309,303,6
111000945,415,1670,-1255
111001109,961,2025,-1064
111001110,287,442,-155
111001111,331,41,290
111001112,51,2,49
111001113,0,1149,-1149
111001114,1246,184,1062
111001115,25,2312,-2287
111001116,4789,12273,-7484
111001117,689,5078,-4389
111001120,242,463,-221
111001121,962,81,881
111001122,592,134,458
111001123,476,130,346
111900001,94,39,55
111900002,287,173,114
111900003,4,126,-122
111900004,6,17,-11
111900006,28,184,-156
111900007,856,18,838
111900008,1044,11,1033
111900009,969,23,946
111900010,50,456,-406
111900012,64,64,0
111900013,94,38,56
111900014,2312,14321,-12009
111900015,0,132,-132
111900016,1,39,-38
111900017,0,50,-50
111900018,266,19,247
111900019,2,211,-209
111900020,2,35,-33
111900021,53,98,-45
111900022,21,39,-18
111900023,91,52,39
111900024,0,323,-323
111900025,0,177,-177
111900026,0,19,-19
111900027,8,259,-251
111900028,220,79,141
111900029,40,24,16
111900030,104,564,-460
111900031,106,104,2
111900032,2,56,-54
111900033,154,86,68
111900034,69,288,-219
111900035,157,513,-356
111900036,0,57,-57
111900038,184,300,-116
111900039,60,349,-289
111900040,0,115,-115
111900042,70,189,-119
111900043,1,81,-80
111900044,148,231,-83
111900046,8,145,-137
111900048,1269,253,1016
111900049,23,197,-174
111900050,389,47,342
111900051,1,71,-70
111900052,122,201,-79
111900053,570,5424,-4854
111900054,590,6,584
111900055,15,139,-124
111900056,180,757,-577
111900057,448,41,407
111900058,1850,322,1528
111900059,1636,2018,-382
111900060,740,10,730
111900061,3,65,-62
111900062,224,177,47
111900063,567,148,419
111900064,33,71,-38
111900065,562,55,507
111900066,360,234,126
111900067,197,311,-114
111900068,67,189,-122
111900069,187,29,158
111900070,551,129,422
111900071,0,141,-141
111900072,88,237,-149
111900073,3102,938,2164
111900074,4,269,-265
111900075,133,32,101
111900076,778,318,460
111900077,105,1,104
111900078,1124,185,939
111900079,114,116,-2
111900080,133,191,-58
111900081,552,314,238
111900082,428,153,275
111900083,659,110,549
111900084,299,6,293
111900085,127,144,-17
111900086,165,32,133
111900087,224,4,220
111900088,2084,82,2002
111900089,289,8,281
111900090,158,342,-184
111900091,1965,52,1913
111900092,281,0,281
111900093,1666,58,1608
111900094,438,1,437
111900095,999,125,874
111900096,762,6,756
111900097,235,0,235
111900098,1352,35,1317
111900099,211,0,211
111900100,265,22,243
111900101,302,11,291
111900102,2001,1065,936
111900103,155,240,-85
111900104,254,114,140
111900105,275,476,-201
111900106,396,22,374
111900107,38,194,-156
111900108,194,560,-366
111900109,230,1284,-1054
111900110,2512,596,1916
111900111,591,33,558
111900112,448,11502,-11054
111900113,482,43,439
111900114,283,99,184
111900115,23,15,8
111900118,709,123,586
111900119,453,194,259
111900122,80,109,-29
111900123,9,92,-83
111900124,49,22,27
111900125,1416,223,1193
111900126,1260,12,1248
111900127,2,358,-356
111900128,70,275,-205
111900129,722,56,666
111900130,441,182,259
111900131,1561,6,1555
111900132,72,430,-358
111900133,6,327,-321
111900134,6,157,-151
111900135,12,79,-67
111900136,55,142,-87
111900137,28,21,7
111900138,41,51,-10
111900139,74,25,49
111900140,298,74,224
111900141,235,13,222
111900142,208,37,171
111900143,127,106,21
111900144,0,30,-30
111900145,0,134,-134
111900146,0,52,-52
111900147,41,422,-381
111900148,18,527,-509
111900149,20,208,-188
111900150,89,89,0
111900151,2,73,-71
111900152,144,106,38
111900153,586,1251,-665
111900154,70,1615,-1545
111900155,163,371,-208
111900156,137,120,17
111900157,394,45,349
111900158,1735,126,1609
111900159,1272,156,1116
111900160,933,3,930
111900161,884,3,881
111900162,270,732,-462
111900163,42,145,-103
111900164,120,80,40
111901113,1733,62,1671
111901114,982,612,370
111901115,990,9,981
111901116,259,15,244
111901117,60,233,-173
111901118,35,1687,-1652
111901119,348,110,238
111901120,16,163,-147
111901121,25,63,-38
111901122,4,106,-102
111901123,1147,135,1012
111901124,850,29,821
111901125,2145,201,1944
111901126,472,293,179
111901127,874,3231,-2357
111901128,13,128,-115
111901129,4,308,-304
111901130,40,117,-77
111901131,0,226,-226
111901132,191,78,113
111901133,290,2,288
111901134,402,24,378
111901135,69,22,47
111901136,154,52,102
111901137,4,71,-67
111901138,33,24,9
111901139,5,17,-12
111901140,5,36,-31
111901141,22,106,-84
111901142,4,29,-25
111901143,4,192,-188
111901144,76,90,-14
111901145,44,459,-415
112000001,4846,1410,3436
112000002,1908,3095,-1187
112000003,7539,2051,5488
112000004,2065,608,1457
112000005,7201,8276,-1075
112000006,1318,708,610
112000007,9589,5845,3744
112000008,7648,7571,77
112000009,4941,1856,3085
112000010,9489,9859,-370
112000011,2700,1710,990
112000012,7337,9310,-1973
112000013,2137,5600,-3463
112000014,1354,6717,-5363
112000015,1406,5354,-3948
112000016,4664,8529,-3865
112000017,793,8981,-8188
112000024,1409,383,1026
112000026,2540,1824,716
112000027,1447,1201,246
112000028,1048,1480,-432
112000029,1141,1315,-174
112000030,343,43,300
112000031,2520,6782,-4262
112000032,176,16,160
112000033,2337,6858,-4521
112000034,111,60,51
112000035,71,1772,-1701
112000036,300,2766,-2466
112000037,1198,1545,-347
112000038,1443,2458,-1015
112000039,209,101,108
112000040,42,168,-126
112000041,447,588,-141
112000042,1602,340,1262
112000050,2183,1973,210
112000051,2412,7076,-4664
112000054,2595,2300,295
112000057,1207,359,848
112000058,357,440,-83
112000059,1216,743,473
112000061,5593,924,4669
112000062,731,2593,-1862
112000063,410,5121,-4711
112000064,4930,4122,808
112000065,1414,2173,-759
112000066,4726,2083,2643
112000067,707,1125,-418
112000068,5242,4316,926
112000069,889,4990,-4101
112000070,2404,2401,3
112000071,1905,2770,-865
112000072,4956,1626,3330
112000073,1838,4546,-2708
112000074,1383,2960,-1577
112000075,1801,2573,-772
112000076,4605,3562,1043
112000077,2184,755,1429
112000078,4258,1109,3149
112000079,4497,2452,2045
112000080,1685,1299,386
112000081,1597,2135,-538
112000082,2248,844,1404
112000083,1440,1338,102
112000084,1990,675,1315
112000085,2847,1213,1634
112000086,3634,1220,2414
112000087,1605,325,1280
112000088,1891,289,1602
112000089,855,579,276
112000090,685,527,158
112000091,999,431,568
112000092,4698,1301,3397
112000093,2476,530,1946
112000094,1239,930,309
112000095,1501,513,988
112000096,1401,757,644
112000097,4878,1019,3859
112000098,514,633,-119
112000099,1369,3439,-2070
112000100,4447,1048,3399
112000101,968,406,562
112000102,3436,557,2879
112000103,803,403,400
112000105,677,621,56
112000106,5087,547,4540
112000107,142,238,-96
112000108,1329,1562,-233
112000109,135,105,30
112000110,3910,942,2968
112000111,1019,8035,-7016
112000112,4120,1223,2897
112000113,1756,2492,-736
112000114,4585,1313,3272
112000115,677,597,80
112000116,1176,1469,-293
112000117,2191,935,1256
112000118,922,955,-33
112000119,705,638,67
112000120,62,295,-233
112000121,718,273,445
112000122,1216,151,1065
112000123,1825,173,1652
112000124,1220,244,976
112000125,674,741,-67
112000126,1284,236,1048
112000127,4394,4109,285
112000128,1040,929,111
112000129,309,81,228
112000130,833,211,622
112000131,66,196,-130
112000132,366,282,84
112000133,731,163,568
112000134,1165,444,721
112000135,3139,1823,1316
112000136,1546,4161,-2615
112000137,3249,9524,-6275
112000138,2265,3486,-1221
112000139,720,1994,-1274
112000140,342,1076,-734
112000141,2152,831,1321
112000142,174,420,-246
112000143,3073,312,2761
112000144,566,636,-70
112000145,5546,537,5009
112000146,1444,1050,394
112000147,3908,1925,1983
112000148,1508,1833,-325
112000149,1194,1417,-223
112000150,859,1076,-217
112000151,1072,224,848
112000152,2126,333,1793
112000153,470,237,233
112000154,298,917,-619
112000155,329,281,48
112000157,685,2016,-1331
112000158,558,310,248
112000159,2775,497,2278
112000167,769,401,368
112000169,253,2420,-2167
112000173,2842,286,2556
112000175,917,526,391
112000176,1447,1659,-212
112000177,1835,615,1220
112000178,148,294,-146
112000179,754,118,636
112000180,709,368,341
112000181,1678,1031,647
112000182,4279,679,3600
112000183,13,17,-4
112000184,846,465,381
112000185,2913,205,2708
112000187,9642,6133,3509
112000195,519,16,503
112000196,267,4,263
112000197,186,243,-57
112000198,58,451,-393
112000199,732,619,113
112000202,1757,2,1755
112000216,82,197,-115
112000230,349,5,344
112000231,4,114,-110
112000256,146,830,-684
112000313,68,77,-9
112000314,157,161,-4
112000337,431,2019,-1588
112000352,228,1115,-887
112000392,3977,838,3139
112000398,4270,1253,3017
112000399,1978,14724,-12746
112000400,2481,1273,1208
112000401,1668,1239,429
112000402,7161,8619,-1458
112000403,3080,14232,-11152
112000404,3522,2443,1079
112000405,6393,5422,971
112000406,3729,1321,2408
112000407,18770,12094,6676
112000408,7358,2877,4481
112000409,2104,1790,314
112000410,514,487,27
112000411,3774,2825,949
112000412,695,403,292
112000413,5850,11260,-5410
112000414,390,38,352
112000415,144,55,89
112000416,7989,1661,6328
112000417,639,191,448
112000421,134,69,65
112000422,497,282,215
112000424,1926,6713,-4787
112000425,709,487,222
112000426,643,707,-64
112000427,1,16,-15
112000428,939,164,775
112000429,4052,3512,540
112000430,4531,7913,-3382
112000431,229,554,-325
112000432,924,728,196
112000433,552,624,-72
112000437,101,122,-21
112900001,84,2,82
112900002,2097,245,1852
112900003,125,77,48
112900004,154,136,18
112900005,690,155,535
112900006,40,97,-57
112900007,77,49,28
112900008,2,280,-278
112900009,678,431,247
112900010,1319,279,1040
112900011,58,444,-386
112900012,14,8,6
112900013,4,1376,-1372
112900014,3,139,-136
112900015,247,382,-135
112900016,10,597,-587
112900017,383,282,101
112900018,2,105,-103
112900019,65,268,-203
112900020,723,719,4
112900021,1,141,-140
112900022,148,67,81
112900023,1,68,-67
112900024,25,52,-27
112900025,719,180,539
112900026,6,27,-21
112900027,6,331,-325
112900028,302,83,219
112900029,8,57,-49
112900030,62,31,31
112900031,20,1922,-1902
112900032,408,322,86
112900034,1,28,-27
112900035,2,264,-262
112900036,30,293,-263
112900037,562,351,211
112900038,1731,181,1550
112900039,7,246,-239
112900040,12,3151,-3139
112900041,1244,1446,-202
112900042,234,230,4
112900043,28,63,-35
112900044,268,319,-51
112900045,1349,272,1077
112900046,176,60,116
112900047,17,89,-72
112900049,916,89,827
112900050,33,609,-576
112900051,264,340,-76
112900052,4,398,-394
112900053,181,416,-235
112900054,617,134,483
112900055,93,87,6
112900056,667,367,300
112900057,60,299,-239
112900058,479,814,-335
112900059,340,1587,-1247
112900060,79,65,14
112900061,232,372,-140
112900062,100,129,-29
112900063,42,24,18
112900064,155,105,50
112900065,19,54,-35
112900066,359,728,-369
112900067,522,75,447
112900068,57,158,-101
112900069,4878,2435,2443
112900071,71,23,48
112900072,622,11070,-10448
112900073,387,449,-62
112900074,251,695,-444
112900075,2141,3350,-1209
112900076,87,44,43
112900078,377,1032,-655
112900079,484,123,361
112900080,498,9,489
112900081,99,793,-694
112900082,909,61,848
112900083,453,358,95
112900084,678,496,182
112900085,0,21,-21
112900086,383,3,380
112900087,3400,301,3099
112900088,719,22,697
112900089,1606,141,1465
112900090,196,182,14
112900091,729,42,687
112900092,101,2767,-2666
112900093,1934,44,1890
112900094,325,23,302
112900095,181,0,181
112900096,1595,629,966
112900097,138,360,-222
112900098,380,4,376
112900099,2251,201,2050
112900100,249,2,247
112900101,1138,16,1122
112900102,104,133,-29
112900103,511,14,497
112900104,87,4,83
112900105,54,1,53
112900106,1119,205,914
112900107,5,1,4
112900108,19,2,17
112900109,451,6,445
112900110,3339,60,3279
112900111,1772,14,1758
112900112,608,3,605
112900113,0,21,-21
112900114,872,29,843
112900115,4587,15,4572
112900116,367,27,340
112900117,88,40,48
112900118,6,75,-69
112900119,849,29,820
112900120,649,408,241
112900121,54,115,-61
112900122,20,75,-55
112900123,1206,123,1083
112900124,8,64,-56
112900125,36,407,-371
112900126,180,97,83
112900127,980,143,837
112900128,77,564,-487
112900129,1,679,-678
112900130,550,535,15
112900131,15,651,-636
112900132,710,806,-96
112900133,14,1801,-1787
112900134,2,614,-612
112900135,299,328,-29
112900136,0,45,-45
112900137,0,457,-457
112900138,25,73,-48
112900139,51,623,-572
112900140,0,93,-93
112900141,1643,33,1610
112900142,95,820,-725
112900143,8,268,-260
112900144,2,299,-297
112900145,1,255,-254
112900146,9,915,-906
112900147,1,449,-448
112900148,68,1,67
112900149,348,328,20
112900151,12,60,-48
112900152,4525,466,4059
112900153,360,11337,-10977
112900154,0,51,-51
112900155,321,43,278
112900156,2018,518,1500
112900157,1030,13,1017
112900158,203,0,203
112900159,240,759,-519
112900160,60,314,-254
112900161,402,133,269
112900162,50,58,-8
112900163,44,75,-31
112900164,68,274,-206
112900165,55,65,-10
112900166,88,263,-175
112900167,5,1055,-1050
112900168,5,7,-2
112900169,5,46,-41
112900170,213,108,105
112900172,108,21,87
112900173,146,195,-49
112900174,1103,99,1004
112900175,217,482,-265
112900176,14,66,-52
112900177,346,109,237
112900178,896,5901,-5005
112900179,55,467,-412
112900180,3940,1635,2305
112900181,2574,17,2557
112900182,123,343,-220
112900183,150,355,-205
112900184,648,551,97
112900185,150,940,-790
112900186,1241,1320,-79
112900187,92,645,-553
112900188,927,5893,-4966
112900189,30,51,-21
112900190,45,259,-214
112900192,894,796,98
112900193,1223,512,711
112900194,152,7,145
112900195,1122,67,1055
112900196,869,462,407
112900197,172,576,-404
112900199,1813,153,1660
112900200,1266,58,1208
112900201,241,279,-38
112900202,1284,466,818
112900203,848,60,788
112900204,871,521,350
112900205,17,0,17
112900206,25,64,-39
112900207,96,1,95
112900208,74,1677,-1603
112900209,144,317,-173
112900210,0,2,-2
112900211,211,11,200
112900212,1,18,-17
112900213,62,6,56
112900214,11,22,-11
112900215,18,55,-37
112900216,50,25,25
112900217,9,66,-57
112900218,214,18,196
112900219,301,1,300
112900220,2,0,2
112900221,70,187,-117
112900222,1,236,-235
112900223,1814,37,1777
112900224,1517,216,1301
112900225,1281,207,1074
112900226,357,386,-29
112900227,2325,356,1969
112900228,239,56,183
112900229,984,18,966
112900230,15159,3915,11244
112900232,957,569,388
112900233,171,154,17
112900234,67,5,62
112900235,4,9,-5
112900236,1434,26,1408
112900237,956,114,842
112900238,33,2,31
112900239,153,773,-620
113000001,10316,7367,2949
113000002,10950,5469,5481
113000003,4782,3215,1567
113000004,5514,2794,2720
113000005,4688,2954,1734
113000006,2875,2207,668
113000007,5604,2813,2791
113000008,4110,2866,1244
113000009,3140,1490,1650
113000010,3368,1708,1660
113000011,2907,1733,1174
113000012,2792,1155,1637
113000013,1027,915,112
113000014,2045,3931,-1886
113000015,216,419,-203
113000016,462,1440,-978
113000017,145,975,-830
113000018,897,82,815
113000019,443,387,56
113000020,381,99,282
113000021,3128,1461,1667
113000022,1708,6982,-5274
113000025,235,861,-626
113000026,1216,1660,-444
113000027,1088,2657,-1569
113000028,716,5499,-4783
113000029,1628,1398,230
113000030,268,907,-639
113000031,414,336,78
113000032,424,442,-18
113000033,412,555,-143
113000034,401,226,175
113000035,40,58,-18
113000036,30,159,-129
113000037,52,59,-7
113000038,32,84,-52
113000039,54,416,-362
113000040,52,128,-76
113000042,1574,1191,383
113000051,4590,5039,-449
113000052,4996,775,4221
113000053,1392,679,713
113000054,1567,1643,-76
113000055,4422,639,3783
113000056,4046,1600,2446
113000058,1045,1552,-507
113000059,1486,422,1064
113000060,997,1029,-32
113000061,972,1421,-449
113000062,760,755,5
113000063,937,107,830
113000064,306,247,59
113000065,386,618,-232
113000066,2041,245,1796
113000067,6006,1015,4991
113000068,912,485,427
113000069,1246,671,575
113000070,4797,996,3801
113000071,1521,615,906
113000072,2187,996,1191
113000073,848,1950,-1102
113000074,1732,648,1084
113000075,3364,1059,2305
113000076,643,5320,-4677
113000077,982,1420,-438
113000078,589,2290,-1701
113000079,569,1641,-1072
113000080,755,1905,-1150
113000081,1502,2000,-498
113000082,1500,1843,-343
113000083,968,1494,-526
113000084,3240,1875,1365
113000085,1742,1081,661
113000086,1435,3727,-2292
113000087,1885,2743,-858
113000088,4854,2898,1956
113000089,1164,3024,-1860
113000090,195,1328,-1133
113000091,285,722,-437
113000094,2875,590,2285
113000095,419,1474,-1055
113000096,120,1795,-1675
113000097,2299,958,1341
113000098,183,85,98
113000099,2024,772,1252
113000100,292,847,-555
113000101,286,1351,-1065
113000102,1155,1069,86
113000103,8201,757,7444
113000104,1520,5832,-4312
113000105,2458,1188,1270
113000106,1069,543,526
113000107,2368,1885,483
113000108,1835,1349,486
113000109,729,1855,-1126
113000110,14223,1379,12844
113000111,413,662,-249
113000112,1393,558,835
113000113,5181,611,4570
113000114,324,1581,-1257
113000116,1240,552,688
113000117,2340,316,2024
113000118,56,1515,-1459
113000119,570,773,-203
113000120,132,616,-484
113000121,601,2487,-1886
113000124,645,338,307
113000125,62,2712,-2650
113000127,2206,299,1907
113000128,3795,426,3369
113000129,618,1420,-802
113000133,5338,809,4529
113000134,12,2803,-2791
113000135,7974,7129,845
113000137,1293,3981,-2688
113000139,423,245,178
113000140,143,106,37
113000141,150,161,-11
113000142,333,731,-398
113000143,451,183,268
113000144,310,412,-102
113000145,203,177,26
113000146,157,70,87
113000147,392,90,302
113000148,615,191,424
113000149,378,323,55
113000150,665,577,88
113000151,107,32,75
113000152,69,541,-472
113000153,1919,401,1518
113000154,722,3742,-3020
113000155,907,1312,-405
113000156,370,473,-103
113000157,496,486,10
113000158,962,303,659
113000159,2047,381,1666
113000160,1037,444,593
113000161,578,238,340
113000162,1898,208,1690
113000163,290,27,263
113000164,31,63,-32
113000166,606,121,485
113000167,176,105,71
113000168,373,93,280
113000169,431,89,342
113000170,163,102,61
113000171,69,138,-69
113000172,620,118,502
113000173,123,60,63
113000174,478,165,313
113000175,1184,109,1075
113000176,1179,65,1114
113000177,528,141,387
113000178,331,356,-25
113000179,628,122,506
113000180,1467,2972,-1505
113000181,2141,1197,944
113000182,199,1333,-1134
113000183,487,1049,-562
113000184,50,167,-117
113000189,384,1123,-739
113000190,236,260,-24
113000192,532,8663,-8131
113000193,2233,5085,-2852
113000194,1444,7486,-6042
113000195,2148,8516,-6368
113000196,622,173,449
113000197,2687,7249,-4562
113000198,251,803,-552
113000199,4023,767,3256
113000201,1190,1155,35
113000202,26956,4365,22591
113000203,144,1072,-928
113000204,561,10040,-9479
113000205,57,21,36
113000206,15,83,-68
113000207,164,53,111
113000208,102,191,-89
113000209,44,52,-8
113000210,10,58,-48
113000211,87,331,-244
113000212,28,76,-48
113000213,44,213,-169
113000214,353,533,-180
113000234,494,794,-300
113000410,92,418,-326
113000411,1921,3089,-1168
113000412,11409,1896,9513
113000413,1688,4009,-2321
113000414,6429,17853,-11424
113000415,3423,1896,1527
113000416,3104,2755,349
113000417,1436,1879,-443
113000418,7901,6268,1633
113000419,3028,2844,184
113000420,4466,7845,-3379
113000421,8559,9867,-1308
113000422,14694,14039,655
113000423,1705,7148,-5443
113000424,3850,17829,-13979
113000425,14,135,-121
113000428,112,161,-49
113000430,22,694,-672
113000432,5731,443,5288
113000433,167,1555,-1388
113000434,15,137,-122
113000435,45,142,-97
113000436,11,1276,-1265
113000437,4157,74,4083
113000438,1062,24,1038
113000439,109,48,61
113000440,340,44,296
113000441,288,193,95
113000442,425,46,379
113000443,518,207,311
113000444,755,60,695
113000445,129,129,0
113000446,117,184,-67
113000448,1449,734,715
113000449,312,1543,-1231
113000450,3440,5693,-2253
113000451,6155,857,5298
113000452,158,968,-810
113000453,40,1602,-1562
113000454,364,144,220
113000455,15,3501,-3486
113000456,2539,3291,-752
113000468,1120,159,961
113000469,86,424,-338
113000470,1136,19,1117
113000471,37,810,-773
113000472,122,402,-280
113000474,2814,1252,1562
113000475,2378,1442,936
113000476,6054,3770,2284
113000477,9669,3470,6199
113000478,4494,4176,318
113000479,247,236,11
113000480,133,808,-675
113000482,0,0,0
113000485,0,0,0
113000486,0,0,0
113000487,0,0,0
113000488,0,0,0
113000489,0,0,0
113000490,0,0,0
113000491,0,0,0
113000492,0,0,0
113000493,0,0,0
113000495,464,46,418
113000496,201,118,83
113000497,0,0,0
113000499,0,0,0
113000500,0,2,-2
113900001,60,5627,-5567
113900002,53,332,-279
113900003,10,508,-498
113900004,10,744,-734
113900005,11,1285,-1274
113900006,17,109,-92
113900007,85,212,-127
113900008,37,1,36
113900009,156,0,156
113900010,124,3,121
113900011,421,4,417
113900012,246,5,241
113900013,196,21,175
113900014,1749,11,1738
113900015,0,30,-30
113900016,57,0,57
113900017,16,34,-18
113900018,152,276,-124
113900019,491,33,458
113900020,368,13,355
113900022,163,2,161
113900023,71,0,71
113900024,114,27,87
113900025,888,116,772
113900026,186,0,186
113900027,19,102,-83
113900028,84,282,-198
113900029,228,125,103
113900030,916,11,905
113900031,81,2,79
113900032,103,0,103
113900033,79,45,34
113900035,125,2,123
113900036,158,143,15
113900037,536,460,76
113900038,10,220,-210
113900039,623,42,581
113900040,16,43,-27
113900041,19,1,18
113900042,216,46,170
113900043,356,53,303
113900044,86,475,-389
113900045,302,3,299
113900046,333,1634,-1301
113900047,388,107,281
113900048,379,282,97
113900049,181,809,-628
113900050,651,615,36
113900051,503,194,309
113900052,251,122,129
113900053,798,1667,-869
113900054,92,0,92
113900055,173,716,-543
113900056,245,86,159
113900057,17,29,-12
113900058,322,44,278
113900059,584,224,360
113900060,80,717,-637
113900061,1214,162,1052
113900062,282,54,228
113900063,363,76,287
113900064,35,52,-17
113900065,1361,19,1342
113900066,1883,334,1549
113900067,616,1140,-524
113900068,466,1702,-1236
113900069,47,60,-13
113900070,233,293,-60
113900071,320,20,300
113900072,240,56,184
113900073,1218,419,799
113900074,543,2144,-1601
113900075,1315,5193,-3878
113900076,157,61,96
113900077,128,156,-28
113900078,131,17,114
113900079,1,48,-47
113900080,1052,387,665
113900081,125,91,34
113900082,549,426,123
113900083,1070,120,950
113900084,301,175,126
113900085,88,216,-128
113900086,234,51,183
113900087,209,253,-44
113900088,282,211,71
113900089,724,68,656
113900090,1018,548,470
113900091,7,16,-9
113900092,50,213,-163
113900093,97,3370,-3273
113900094,1681,397,1284
113900095,182,287,-105
113900096,690,157,533
113900097,57,241,-184
113900098,1060,532,528
113900099,1,41,-40
113900100,0,1,-1
113900101,9,343,-334
113900102,195,305,-110
113900103,304,710,-406
113900104,223,478,-255
113900105,566,29,537
113900106,2,27,-25
113900107,2,5,-3
113900108,135,635,-500
113900109,397,516,-119
113900110,118,53,65
113900111,486,71,415
113900112,604,52,552
113900113,2349,555,1794
113900114,1,14,-13
113900115,0,9,-9
113900116,40,448,-408
113900117,61,52,9
113900118,195,1692,-1497
113900119,116,294,-178
113900120,187,76,111
113900121,328,115,213
113900122,616,6574,-5958
113900123,1425,272,1153
113900124,2,122,-120
113900125,1739,208,1531
113900126,85,78,7
113900127,604,1284,-680
113900128,592,116,476
113900129,1,250,-249
113900130,7,457,-450
113900131,464,55,409
113900132,38,168,-130
113900133,41,51,-10
113900135,527,753,-226
113900136,81,41,40
113900137,558,425,133
113900138,27,569,-542
113900139,451,596,-145
113900140,38,315,-277
113900141,1481,339,1142
113900142,179,57,122
113900143,17,126,-109
113900144,117,483,-366
113900145,629,245,384
113900146,446,254,192
113900148,81,436,-355
113900149,261,265,-4
113900150,359,203,156
113900151,937,216,721
113900152,66,225,-159
113900153,65,409,-344
113900154,0,132,-132
113900155,73,287,-214
113900156,376,411,-35
113900157,96,828,-732
113900158,138,703,-565
113900159,21,189,-168
113900160,791,655,136
113900161,253,507,-254
113900162,259,1009,-750
113900163,554,210,344
113900164,949,31,918
113900165,940,683,257
113900166,64,99,-35
113900167,672,46,626
113900168,101,63,38
113900169,403,481,-78
113900171,422,81,341
113900172,22,130,-108
113900173,17,303,-286
113900174,814,593,221
113900175,489,168,321
113900176,542,442,100
113900177,334,179,155
113900178,378,392,-14
113900179,42,161,-119
113900180,226,133,93
113900181,1960,331,1629
113900182,1000,768,232
113900183,152,48,104
113900184,43,500,-457
113900185,119,43,76
113900186,236,30,206
113900187,42,78,-36
113900188,27,127,-100
113900189,486,312,174
113900190,239,98,141
113900191,54,123,-69
113900192,6,1587,-1581
113900193,15,228,-213
113900194,1861,482,1379
113900195,467,304,163
113900196,6,621,-615
113900197,99,105,-6
113900198,43,936,-893
113900199,90,366,-276
113900200,12,215,-203
113900201,0,51,-51
113900202,53,49,4
113900203,1,21,-20
113900204,4,371,-367
113900205,4,64,-60
113900206,4,73,-69
113900207,0,58,-58
113900208,0,18,-18
113900209,0,15,-15
113900210,1864,1398,466
113900211,271,58,213
113900212,663,295,368
113900214,380,441,-61
113900215,96,261,-165
113900216,405,296,109
113900217,292,67,225
113900218,122,122,0
113900219,245,1079,-834
113900220,238,404,-166
113900221,404,910,-506
113900222,326,1438,-1112
113900223,506,304,202
113900224,68,82,-14
113900225,2347,233,2114
113900226,699,224,475
113900227,426,734,-308
113900228,331,1084,-753
113900229,111,2412,-2301
113900230,2953,5565,-2612
113900231,303,118,185
113900232,404,33,371
113900233,266,136,130
113900234,707,723,-16
113900235,224,23,201
113900236,649,107,542
113900237,440,168,272
113900238,206,964,-758
113900239,113,217,-104
113900240,3,336,-333
113900241,67,136,-69
113900242,44,463,-419
113900243,45,164,-119
113900244,179,207,-28
113900245,594,470,124
113900246,25,22,3
113900247,107,955,-848
113900248,3186,3862,-676
113900249,778,1017,-239
113900250,77,1637,-1560
113900251,2505,113,2392
113900252,2164,55,2109
113900253,1167,76,1091
113900254,868,286,582
113900255,2058,8,2050
113900256,947,49,898
113900257,49,401,-352
113900258,72,213,-141
113900259,1625,105,1520
113900260,569,30,539
113900261,64,85,-21
113900262,281,246,35
113900263,23,381,-358
113900264,2,257,-255
113900265,245,754,-509
113900266,86,177,-91
113900267,101,1234,-1133
113900268,365,637,-272
113900269,311,248,63
113900270,410,787,-377
113900271,1178,379,799
113900273,20,27,-7
113900274,77,76,1
113900275,21,228,-207
113900276,2,106,-104
113900277,669,10,659
113900278,188,201,-13
113900279,61,46,15
113900280,1643,807,836
113900281,170,1508,-1338
113900282,276,412,-136
113900283,694,1197,-503
113900284,2218,190,2028
113900285,178,27,151
113900286,275,116,159
113900287,277,31,246
113900288,6,292,-286
113900289,405,253,152
113900290,527,1210,-683
113900291,151,95,56
113900292,6,19,-13
113900293,7,404,-397
113900294,1401,15,1386
113900295,710,555,155
113900296,3587,487,3100
113900297,3976,68,3908
113900298,59,2777,-2718
113900299,244,17,227
113900300,6978,7224,-246
113900301,740,1720,-980
113900302,1727,1644,83
113900303,205,2545,-2340
113900304,0,182,-182
113900305,387,8,379
113900306,199,0,199
113900307,26,0,26
113900308,66,98,-32
113900309,1,567,-566
113900310,0,13,-13
113900311,62,1,61
113900312,197,322,-125
113900313,31,0,31
114000001,1710,1985,-275
114000002,855,405,450
114000003,308,245,63
114000004,1113,546,567
114000005,999,358,641
114000006,1784,1790,-6
114000007,1349,1265,84
114000008,2874,2606,268
114000009,2396,567,1829
114000011,5619,2411,3208
114000012,8338,2201,6137
114000013,4230,1672,2558
114000014,1300,106,1194
114000015,4614,240,4374
114000016,930,88,842
114000017,286,1670,-1384
114000018,157,62,95
114000026,5815,1933,3882
114000027,7393,4716,2677
114000028,2863,7017,-4154
114000038,593,290,303
114000039,111,34,77
114000040,342,755,-413
114000042,431,316,115
114000043,117,52,65
114000044,843,58,785
114000045,46,77,-31
114000046,2487,5625,-3138
114000047,11,212,-201
114000048,254,51,203
114000049,3770,2129,1641
114000050,3745,2075,1670
114000051,5734,2924,2810
114000052,6186,4188,1998
114000053,73,949,-876
114000054,299,1149,-850
114000055,648,89,559
114000056,186,1558,-1372
114000057,5326,2330,2996
114000058,65,1966,-1901
114000059,49,2485,-2436
114000060,938,1399,-461
114000061,3862,5347,-1485
114000062,512,1880,-1368
114000063,1360,1625,-265
114000064,2010,7127,-5117
114000065,1440,2377,-937
114000066,1330,1424,-94
114000067,60,2295,-2235
114000068,560,1352,-792
114000069,2058,666,1392
114000070,4709,2237,2472
114000071,2030,978,1052
114000072,1362,319,1043
114000073,45,41,4
114000074,224,10,214
114000075,104,77,27
114000076,65,83,-18
114000077,7,18,-11
114000078,804,643,161
114000079,559,84,475
114000080,259,104,155
114000081,145,157,-12
114000082,76,503,-427
114000083,164,69,95
114000084,473,229,244
114000085,140,240,-100
114000086,437,233,204
114000087,650,82,568
114000088,82,42,40
114000089,604,284,320
114000090,1536,2059,-523
114000091,1382,1421,-39
114000092,811,545,266
114000093,2156,630,1526
114000094,1013,705,308
114000095,507,337,170
114000096,93,447,-354
114000097,158,257,-99
114000098,1157,273,884
114000099,2033,120,1913
114000100,3320,508,2812
114000101,874,329,545
114000102,1396,341,1055
114000103,173,161,12
114000104,59,199,-140
114000105,639,216,423
114000106,1166,5190,-4024
114000107,1210,293,917
114000108,1152,874,278
114000109,1492,4660,-3168
114000110,865,1140,-275
114000111,4831,2244,2587
114000112,668,1116,-448
114000113,2176,531,1645
114000114,498,1171,-673
114000115,3473,921,2552
114000116,1671,3247,-1576
114000117,8746,1298,7448
114000118,8152,754,7398
114000119,6106,744,5362
114000120,1194,996,198
114000121,1079,906,173
114000122,792,512,280
114000123,5087,595,4492
114000124,2804,895,1909
114000125,1796,1905,-109
114000126,4461,459,4002
114000127,446,182,264
114000128,1748,290,1458
114000130,1165,722,443
114000131,669,119,550
114000132,1215,341,874
114000133,793,1425,-632
114000134,123,48,75
114000138,90,130,-40
114000139,711,797,-86
114000144,1063,1166,-103
114000145,106,27,79
114000146,193,41,152
114000147,1963,4140,-2177
114000148,1101,3229,-2128
114000149,591,751,-160
114000150,324,715,-391
114000151,821,3494,-2673
114000152,89,76,13
114000153,692,3738,-3046
114000154,583,983,-400
114000155,1312,6306,-4994
114000156,1167,1429,-262
114000157,601,3355,-2754
114000158,1181,857,324
114000159,110,435,-325
114000160,102,929,-827
114000161,1538,2921,-1383
114000162,2182,3631,-1449
114000163,21,45,-24
114000165,685,649,36
114000166,637,1055,-418
114000167,3095,1665,1430
114000168,941,330,611
114000169,1661,2027,-366
114000170,1277,1132,145
114000171,1816,8148,-6332
114000174,533,389,144
114000176,389,701,-312
114000177,892,668,224
114000178,185,63,122
114000179,1388,1220,168
114000180,326,430,-104
114000181,1906,14175,-12269
114000182,2003,3662,-1659
114000183,1780,760,1020
114000184,720,964,-244
114000185,2818,1402,1416
114000189,3296,250,3046
114000190,7351,639,6712
114000191,219,961,-742
114000192,221,989,-768
114000193,252,1773,-1521
114000194,3076,1050,2026
114000195,408,528,-120
114000196,1,120,-119
114000197,4987,21,4966
114000198,1117,560,557
114000199,1778,1898,-120
114000200,1530,1524,6
114000201,476,1123,-647
114000202,1596,1040,556
114000203,1017,1096,-79
114000204,262,725,-463
114000205,650,2339,-1689
114000206,1576,3489,-1913
114000207,837,2709,-1872
114000208,962,1508,-546
114000209,717,1914,-1197
114000210,498,965,-467
114000211,2364,2086,278
114000212,1429,1781,-352
114000213,3293,646,2647
114000214,231,170,61
114000215,284,128,156
114000216,3879,638,3241
114000217,666,289,377
114000218,862,185,677
114000219,3546,270,3276
114000220,51,1035,-984
114000221,2715,319,2396
114000222,356,939,-583
114000223,1415,214,1201
114000224,168,634,-466
114000225,713,307,406
114000226,548,298,250
114000227,1254,889,365
114000228,1608,879,729
114000229,2526,1671,855
114000230,2973,1303,1670
114000231,1889,2242,-353
114000232,2342,248,2094
114000233,4905,99,4806
114000234,2595,1108,1487
114000235,2817,1880,937
114000236,0,566,-566
114000237,286,912,-626
114000238,264,630,-366
114000239,249,1387,-1138
114000240,1607,2715,-1108
114000241,487,3408,-2921
114000242,1168,1185,-17
114000243,4299,1475,2824
114000244,1067,555,512
114000245,899,1432,-533
114000246,296,65,231
114000247,1008,1103,-95
114000248,3128,843,2285
114000249,1012,786,226
114000250,1235,324,911
114000251,603,249,354
114000252,64,26,38
114000253,79,144,-65
114000254,148,103,45
114000255,913,412,501
114000256,548,2638,-2090
114000257,1005,1387,-382
114000258,1115,952,163
114000259,478,2500,-2022
114000260,0,42,-42
114000261,76,47,29
114000262,787,172,615
114000263,40,0,40
114000264,3374,621,2753
114000265,0,11,-11
114000267,8,5411,-5403
114000268,25,1001,-976
114000270,676,21,655
114000271,633,194,439
114000283,3215,498,2717
114000285,44,123,-79
114000288,213,686,-473
114000289,4000,218,3782
114000293,631,931,-300
114000294,573,624,-51
114000395,3226,29,3197
114000396,1081,971,110
114000402,2476,217,2259
114000403,876,230,646
114000405,388,381,7
114000423,1049,261,788
114000424,1023,750,273
114000425,2401,261,2140
114000426,594,1430,-836
114000427,111,69,42
114000428,45,168,-123
114000429,28,118,-90
114000432,335,90,245
114000434,57,47,10
114000435,17,66,-49
114000436,2990,611,2379
114000437,2189,24799,-22610
114900001,1519,378,1141
114900002,588,159,429
114900003,1827,520,1307
114900004,445,898,-453
114900005,1066,282,784
114900006,106,166,-60
114900007,490,43,447
114900008,892,256,636
114900010,1222,3015,-1793
114900011,720,209,511
114900013,702,203,499
114900015,154,1576,-1422
114900018,1854,56,1798
114900020,196,124,72
114900022,0,785,-785
114900024,271,286,-15
114900025,1171,126,1045
114900026,145,178,-33
114900027,287,163,124
114900029,37,9,28
114900030,618,327,291
114900031,1258,30,1228
114900032,1035,26,1009
114900033,1037,4123,-3086
114900034,31,52,-21
114900035,135,633,-498
114900036,459,300,159
114900037,223,129,94
114900038,568,372,196
114900039,1435,198,1237
114900040,264,23,241
114900041,2755,185,2570
114900042,3480,198,3282
114900043,323,145,178
114900044,271,124,147
114900046,70,77,-7
114900047,243,8112,-7869
114900048,33,153,-120
114900049,17,94,-77
114900050,97,229,-132
114900051,17,204,-187
114900052,61,304,-243
114900053,94,277,-183
114900054,66,65,1
114900057,293,45,248
114900058,0,58,-58
114900059,327,169,158
114900060,333,751,-418
114900061,149,54,95
114900062,194,624,-430
114900063,181,57,124
114900064,4456,217,4239
114900065,572,1262,-690
114900067,64,832,-768
114900068,68,65,3
114900069,270,32,238
114900070,999,262,737
114900072,2,261,-259
114900073,1,57,-56
114900074,2192,312,1880
114900075,389,26,363
114900076,0,215,-215
114900080,1051,174,877
114900082,2607,4758,-2151
114900083,462,1127,-665
114900090,1318,219,1099
114900091,118,175,-57
114900095,459,70,389
114900096,244,505,-261
114900097,298,5,293
114900098,8,502,-494
114900099,545,38,507
115000001,7020,3891,3129
115000002,9099,10366,-1267
115000003,6141,3473,2668
115000004,9497,11406,-1909
115000005,3199,4710,-1511
115000006,2890,4683,-1793
115000007,513,602,-89
115000008,945,1140,-195
115000009,1116,938,178
115000010,485,488,-3
115000013,65,316,-251
115000015,69,502,-433
115000016,371,507,-136
115000019,57,1159,-1102
115000020,677,2295,-1618
115000021,348,509,-161
115000022,766,295,471
115000023,506,820,-314
115000024,939,256,683
115000025,1439,977,462
115000026,321,258,63
115000027,804,317,487
115000028,443,554,-111
115000029,1708,251,1457
115000030,964,981,-17
115000031,1167,503,664
115000032,12,378,-366
115000033,361,33,328
115000034,187,1900,-1713
115000035,1417,146,1271
115000036,1,756,-755
115000037,918,49,869
115000038,113,253,-140
115000039,3885,8152,-4267
115000040,6281,3977,2304
115000041,3368,8383,-5015
115000042,780,1138,-358
115000043,5130,4730,400
115000044,4446,4769,-323
115000045,5176,1681,3495
115000046,5214,4937,277
115000047,5410,2871,2539
115000048,5636,3626,2010
115000049,3251,5554,-2303
115000050,5523,1938,3585
115000051,2776,9303,-6527
115000052,1433,1359,74
115000053,5356,4494,862
115000054,854,1734,-880
115000055,256,1628,-1372
115000056,184,453,-269
115000057,686,2422,-1736
115000058,90,686,-596
115000059,163,529,-366
115000061,194,611,-417
115000062,671,1132,-461
115000063,824,657,167
115000064,561,225,336
115000065,106,725,-619
115000067,616,68,548
115000069,241,466,-225
115000070,64,2192,-2128
115000071,198,48,150
115000072,36,58,-22
115000073,3833,130,3703
115000075,154,120,34
115000076,3546,2772,774
115000077,3900,1676,2224
115000078,3925,1298,2627
115000079,3573,1624,1949
115000080,7857,1895,5962
115000081,345,676,-331
115000082,11960,8316,3644
115000083,4629,1143,3486
115000084,5584,1333,4251
115000085,2916,1287,1629
115000086,2576,1416,1160
115000087,1039,3060,-2021
115000088,2650,1240,1410
115000089,2958,1709,1249
115000090,911,1532,-621
115000091,464,559,-95
115000092,1455,2036,-581
115000093,1598,2,1596
115000094,6914,15548,-8634
115000095,5593,14982,-9389
115000096,2302,1094,1208
115000097,3683,2944,739
115000098,3811,798,3013
115000099,5302,1856,3446
115000100,3535,587,2948
115000101,1431,1324,107
115000102,1024,302,722
115000103,666,675,-9
115000105,280,83,197
115000106,2016,1050,966
115000107,355,354,1
115000108,3248,2342,906
115000109,5363,8943,-3580
115000110,2147,4114,-1967
115000111,529,1158,-629
115000112,1179,1390,-211
115000113,630,1121,-491
115000114,1248,896,352
115000116,4039,2749,1290
115000117,2891,3913,-1022
115000118,3479,2388,1091
115000119,2615,3179,-564
115000120,993,1622,-629
115000121,901,1045,-144
115000122,894,3092,-2198
115000123,2944,2988,-44
115000124,1548,2178,-630
115000125,705,3380,-2675
115000126,262,1171,-909
115000127,758,419,339
115000128,619,1862,-1243
115000129,398,1332,-934
115000130,889,677,212
115000131,1445,434,1011
115000132,889,867,22
115000133,1634,286,1348
115000134,611,1455,-844
115000135,262,360,-98
115000136,497,705,-208
115000137,89,632,-543
115000138,698,337,361
115000139,500,351,149
115000140,939,414,525
115000141,345,147,198
115000142,502,104,398
115000143,1779,1604,175
115000144,777,123,654
115000145,488,367,121
115000146,952,1651,-699
115000147,554,1107,-553
115000148,811,934,-123
115000149,1538,527,1011
115000150,1102,831,271
115000151,2862,480,2382
115000152,2034,2020,14
115000153,3271,668,2603
115000154,2024,271,1753
115000155,1612,2083,-471
115000156,1302,1538,-236
115000157,846,3190,-2344
115000158,994,878,116
115000159,602,2219,-1617
115000160,1081,1363,-282
115000161,1527,674,853
115000162,716,1624,-908
115000163,870,891,-21
115000164,900,1434,-534
115000165,494,1223,-729
115000167,170,384,-214
115000168,805,1625,-820
115000169,408,2089,-1681
115000170,108,284,-176
115000171,367,903,-536
115000172,1391,1343,48
115000173,495,2823,-2328
115000174,132,1281,-1149
115000175,289,320,-31
115000176,70,320,-250
115000177,61,475,-414
115000178,16,258,-242
115000179,49,176,-127
115000180,269,379,-110
115000181,2016,291,1725
115000182,3107,487,2620
115000183,983,1034,-51
115000186,1377,287,1090
115000187,332,591,-259
115000188,931,876,55
115000189,573,604,-31
115000190,1534,1881,-347
115000191,578,1225,-647
115000194,134,184,-50
115000195,236,722,-486
115000196,633,182,451
115000197,559,161,398
115000198,1389,287,1102
115000199,1304,188,1116
115000200,1001,390,611
115000201,578,229,349
115000206,957,66,891
115000207,976,727,249
115000208,878,2214,-1336
115000209,1677,1113,564
115000210,308,696,-388
115000211,759,450,309
115000212,1960,705,1255
115000224,305,106,199
115000225,215,63,152
115000229,319,100,219
115000230,238,745,-507
115000231,446,1212,-766
115000232,5262,695,4567
115000233,202,438,-236
115000234,76,431,-355
115000241,328,495,-167
115000242,468,101,367
115000243,355,160,195
115000244,10,468,-458
115000246,66,39,27
115000247,17,89,-72
115000248,106,21,85
115000249,31,16,15
115000250,562,21,541
115000251,806,196,610
115000252,259,516,-257
115000253,25,1113,-1088
115000258,1103,80,1023
115000259,833,194,639
115000261,71,45,26
115000262,64,39,25
115000263,65,83,-18
115000264,44,63,-19
115000267,149,96,53
115000268,66,164,-98
115000269,210,60,150
115000270,52,34,18
115000272,203,122,81
115000273,1358,54,1304
115000280,1826,488,1338
115000281,382,980,-598
115000282,1043,2395,-1352
115000284,191,476,-285
115000296,511,7,504
115000297,163,680,-517
115000298,129,1173,-1044
115000300,366,252,114
115000302,1303,255,1048
115000303,2474,98,2376
115000304,2205,105,2100
115000305,194,419,-225
115000306,528,273,255
115000307,416,333,83
115000308,27,24,3
115000309,14,95,-81
115000310,4597,802,3795
115000311,2709,1669,1040
115000313,417,317,100
115000314,1176,399,777
115000315,1422,1708,-286
115000316,202,306,-104
115000317,453,859,-406
115000318,2178,877,1301
115000319,271,195,76
115000320,138,622,-484
115000321,1268,23,1245
115000322,105,203,-98
115000449,358,311,47
115000557,36,4438,-4402
115000558,224,354,-130
115000587,1754,432,1322
115000588,3140,4958,-1818
115000589,7813,6283,1530
115000590,1248,2938,-1690
115000591,2496,2107,389
115000592,641,2974,-2333
115000593,2573,2091,482
115000594,342,3956,-3614
115000609,580,195,385
115000617,599,3905,-3306
115000624,1046,51,995
115000633,712,2223,-1511
115000634,6521,1380,5141
115000635,1416,234,1182
115000638,487,434,53
115000641,99,575,-476
115000642,505,402,103
115000643,156,387,-231
115000644,225,341,-116
115000646,1051,2139,-1088
115000647,343,876,-533
115000648,6630,1377,5253
115000893,3367,1847,1520
115000894,254,1292,-1038
115000895,409,1256,-847
115000896,2516,941,1575
115000897,687,232,455
115000898,1060,818,242
115000899,331,2009,-1678
115000900,160,926,-766
115000901,100,324,-224
115000912,791,179,612
115000913,5,14,-9
115000915,13,0,13
115000916,3,0,3
115000917,0,8,-8
115000918,172,3034,-2862
115000919,10,182,-172
115000920,16,163,-147
115000921,725,225,500
115000922,545,1691,-1146
115000923,82,2889,-2807
115000925,169,291,-122
115000927,73,166,-93
115000933,26,656,-630
115000934,249,321,-72
115000935,380,53,327
115900001,534,26,508
115900002,107,129,-22
115900003,445,182,263
115900004,4,48,-44
115900005,626,17,609
115900006,181,221,-40
115900008,283,1,282
115900009,58,637,-579
115900010,1144,208,936
115900011,1009,361,648
115900012,523,7,516
115900013,606,220,386
115900014,240,169,71
115900015,530,132,398
115900016,234,72,162
115900017,78,24,54
115900018,328,25,303
115900019,567,31,536
115900020,144,0,144
115900021,883,677,206
115900022,1079,21,1058
115900023,4,53,-49
115900025,42,336,-294
115900026,1028,127,901
115900027,0,253,-253
115900028,363,63,300
115900029,60,278,-218
115900030,47,40,7
115900031,62,453,-391
115900032,591,1129,-538
115900033,0,68,-68
115900034,52,153,-101
115900035,125,48,77
115900036,95,6176,-6081
115900037,105,124,-19
115900038,93,18,75
115900039,350,154,196
115900041,155,2033,-1878
115900042,103,5,98
115900043,229,89,140
115900044,260,1158,-898
115900046,1501,209,1292
115900047,150,335,-185
115900049,627,238,389
115900051,4,27,-23
115900052,72,54,18
115900053,1204,103,1101
115900054,731,26,705
115900055,46,65,-19
115900056,486,180,306
115900057,21,28,-7
115900058,11,44,-33
115900060,173,320,-147
115900061,790,8,782
115900062,98,107,-9
115900063,68,16,52
115900064,515,420,95
115900065,455,174,281
115900066,75,169,-94
115900067,77,88,-11
115900068,1164,3052,-1888
115900069,74,340,-266
115900070,494,56,438
115900071,0,181,-181
115900072,54,171,-117
115900073,339,180,159
115900074,4,66,-62
115900075,79,195,-116
115900076,3,17,-14
115900077,3,42,-39
115900078,32,596,-564
115900079,904,21,883
115900080,229,115,114
115900081,166,8,158
115900082,224,1783,-1559
115900084,1152,14,1138
115900085,59,195,-136
115900086,1410,811,599
115900088,0,131,-131
115900089,1015,396,619
115900090,1449,23,1426
115900091,19,135,-116
115900092,60,56,4
115900093,22,41,-19
115900094,10,56,-46
115900096,4,0,4
115900097,47,49,-2
115900098,705,283,422
115900099,142,472,-330
115900100,48,258,-210
115900101,739,162,577
115900102,203,177,26
115900103,652,105,547
115900104,214,129,85
115900105,520,231,289
115900106,280,7,273
115900107,124,77,47
115900108,406,16,390
115900109,11,391,-380
115900110,81,0,81
115900111,1,54,-53
115900112,141,488,-347
115900113,148,98,50
115900114,63,112,-49
115900115,149,125,24
115900116,234,601,-367
115900117,224,46,178
115900118,5,101,-96
115900119,301,111,190
115900120,103,235,-132
115900121,604,222,382
115900124,392,1673,-1281
115900125,1175,298,877
115900126,2189,78,2111
115900127,2196,115,2081
115900128,9,366,-357
115900129,1141,44,1097
115900130,19,1452,-1433
115900131,875,63,812
115900132,1543,8,1535
115900134,789,9,780
115900135,1552,1153,399
115900137,21,3,18
115900139,16,138,-122
115900140,927,68,859
115900141,1,63,-62
115900142,3,74,-71
115900143,618,577,41
115900144,618,306,312
115900146,17,43,-26
115900147,320,701,-381
115900148,33,35,-2
115900149,584,16,568
115900150,259,45,214
115900151,178,88,90
115900152,577,164,413
115900153,314,110,204
115900154,621,649,-28
115900155,0,15,-15
115900156,1388,1434,-46
115900157,642,924,-282
115900158,54,7,47
115900159,599,361,238
115900160,18,26,-8
115900161,59,271,-212
115900163,716,229,487
115900164,2062,22,2040
115900165,1,496,-495
115900166,139,147,-8
115900168,603,167,436
115900171,225,431,-206
115900172,113,185,-72
115900173,420,164,256
115900174,224,497,-273
115900175,372,271,101
115900178,10,202,-192
115900179,981,26,955
115900180,246,62,184
115900181,732,56,676
115900182,1479,95,1384
115900183,12,220,-208
115900184,836,36,800
115900187,20,552,-532
115900189,0,297,-297
115900190,496,2122,-1626
115900191,40,308,-268
115900192,49,235,-186
115900193,267,338,-71
115900194,2554,128,2426
115900195,882,7095,-6213
115900198,960,352,608
115900199,781,73,708
115900200,587,159,428
115900201,349,617,-268
115900202,1,334,-333
115900203,4,8,-4
115900204,7,31,-24
115900205,12,7,5
115900206,864,180,684
115900207,161,6,155
115900208,221,107,114
115900209,8,130,-122
115900210,0,431,-431
115900211,2,228,-226
115900212,504,197,307
115900213,143,343,-200
115900214,1182,101,1081
115900215,32,396,-364
115900216,2,80,-78
115900217,0,14,-14
115900218,1,22,-21
115900219,355,2,353
115900220,523,11,512
115900221,243,14,229
115900222,139,75,64
115900223,8,1263,-1255
115900224,794,3339,-2545
115900225,203,84,119
115900226,42,142,-100
115900227,13,44,-31
115900228,3,99,-96
115900229,49,117,-68
115900230,107,75,32
115900231,319,6,313
115900232,240,1,239
115900233,325,5,320
115900234,155,124,31
115900235,73,138,-65
115900236,56,669,-613
115900237,93,61,32
115900238,31,46,-15
115900239,25,115,-90
115900240,43,65,-22
115900241,540,35,505
115900242,847,1083,-236
115900243,13,8,5
115900244,14,33,-19
115900245,77,0,77
115900246,11,20,-9
115900247,3,10,-7
115900248,7,3,4
115900249,16,6,10
115900250,82,2,80
115900251,31,0,31
115900252,23,0,23
115900253,54,16,38
115900254,40,77,-37
115900255,2,42,-40
115900256,80,129,-49
115900257,2,78,-76
115900258,0,2,-2
115900259,1,2,-1
115900260,18,6,12
115900261,22,3,19
115900262,13,1,12
115900263,33,5,28
115900264,61,2,59
115900265,9,7,2
115900266,6,7,-1
115900267,0,18,-18
115900268,9,36,-27
115900269,2087,299,1788
115900270,868,126,742
115900271,193,0,193
115900272,34,19,15
115900273,22,36,-14
115900274,4,2,2
115900275,7,1,6
115900276,0,7,-7
115900277,0,44,-44
115900278,77,89,-12
115900279,109,414,-305
115900280,23,1783,-1760
115900281,81,386,-305
116000001,13202,3366,9836
116000002,9402,27284,-17882
116000003,1928,2570,-642
116000004,6437,10337,-3900
116000005,1563,8305,-6742
116000006,5093,10801,-5708
116000007,2558,6740,-4182
116000008,10054,6360,3694
116000009,1225,1338,-113
116000010,6078,3071,3007
116000011,937,1426,-489
116000012,4172,2118,2054
116000013,7169,9265,-2096
116000014,18845,43312,-24467
116000015,448,3855,-3407
116000016,8507,12224,-3717
116000017,120,1118,-998
116000018,931,772,159
116000019,3336,485,2851
116000020,993,2341,-1348
116000021,2106,466,1640
116000022,1143,724,419
116000023,3783,2502,1281
116000024,1236,1547,-311
116000025,2110,1869,241
116000026,1940,7395,-5455
116000027,739,1599,-860
116000028,812,1867,-1055
116000029,596,686,-90
116000030,907,1056,-149
116000031,52,260,-208
116000032,604,131,473
116000033,1394,860,534
116000034,1127,1336,-209
116000035,977,513,464
116000036,544,5125,-4581
116000037,229,806,-577
116000038,117,2241,-2124
116000039,548,2313,-1765
116000040,724,2701,-1977
116000041,119,1778,-1659
116000042,1437,1787,-350
116000043,321,602,-281
116000044,0,28,-28
116000045,2226,2414,-188
116000046,1326,2955,-1629
116000047,3968,5933,-1965
116000048,5806,1772,4034
116000049,3411,3565,-154
116000050,2712,2160,552
116000051,5063,3966,1097
116000052,5362,5085,277
116000053,4706,1377,3329
116000054,2088,3747,-1659
116000055,2000,1646,354
116000056,3127,1456,1671
116000057,4995,1729,3266
116000058,9670,5576,4094
116000059,4387,8377,-3990
116000060,5470,2534,2936
116000061,228,2262,-2034
116000062,1116,734,382
116000063,1082,3802,-2720
116000066,740,1204,-464
116000067,559,655,-96
116000068,269,582,-313
116000069,682,469,213
116000078,1058,1202,-144
116000080,3084,716,2368
116000082,15,18,-3
116000083,3630,520,3110
116000084,1729,2330,-601
116000085,2810,3502,-692
116000086,1182,741,441
116000087,4939,2707,2232
116000088,2809,1490,1319
116000089,288,188,100
116000090,390,283,107
116000091,308,1098,-790
116000093,1526,404,1122
116000094,3180,745,2435
116000095,1482,828,654
116000096,4388,6147,-1759
116000097,1905,889,1016
116000098,92,25030,-24938
116000099,11821,519,11302
116000100,608,68,540
116000101,2810,1038,1772
116000102,458,830,-372
116000103,1476,661,815
116000104,423,1642,-1219
116000105,3423,248,3175
116000106,753,5276,-4523
116000107,5781,1328,4453
116000108,132,1198,-1066
116000111,318,44,274
116000113,205,88,117
116000114,20,152,-132
116000115,494,216,278
116000116,482,186,296
116000117,2527,2152,375
116000118,3261,1410,1851
116000119,6642,2379,4263
116000120,4275,2868,1407
116000121,2077,642,1435
116000122,1291,1041,250
116000123,2381,934,1447
116000124,931,565,366
116000125,6687,1108,5579
116000126,565,569,-4
116000127,1517,681,836
116000128,4137,1242,2895
116000129,2893,175,2718
116000130,1858,1176,682
116000133,3881,1331,2550
116000134,2230,1364,866
116000135,5678,1909,3769
116000136,1335,1973,-638
116000137,1943,1822,121
116000138,2820,1172,1648
116000139,3943,9905,-5962
116000140,364,641,-277
116000141,1009,608,401
116000142,4985,2605,2380
116000143,3738,2523,1215
116000144,3907,2670,1237
116000145,4979,1388,3591
116000146,1908,235,1673
116000147,726,901,-175
116000148,2192,2910,-718
116000149,1322,1621,-299
116000151,1077,1563,-486
116000153,260,547,-287
116000155,414,981,-567
116000156,2145,805,1340
116000157,132,15,117
116000158,861,212,649
116000159,13,17,-4
116000160,204,134,70
116000161,11,151,-140
116000162,205,516,-311
116000163,172,84,88
116000164,70,143,-73
116000177,186,1070,-884
116000194,161,510,-349
116000195,3041,1043,1998
116000196,252,16,236
116000197,147,93,54
116000198,3870,2204,1666
116000200,1898,1645,253
116000201,1051,909,142
116000202,12,401,-389
116000203,1,25,-24
116000204,15,30,-15
116000205,0,105,-105
116000206,0,361,-361
116000207,34,106,-72
116000233,348,963,-615
116000287,678,180,498
116000288,671,413,258
116000292,266,325,-59
116000296,10,169,-159
116000297,149,21,128
116000304,639,10,629
116000305,32,225,-193
116000346,486,327,159
116000352,445,300,145
116000354,149,145,4
116000357,62,37,25
116000358,1139,261,878
116000361,87,13,74
116000372,5289,16130,-10841
116000381,305,9,296
116000388,7,71,-64
116000389,1817,530,1287
116000445,2057,357,1700
116000446,1192,351,841
116000447,46,1080,-1034
116000448,1025,122,903
116000563,1339,1464,-125
116000565,40,284,-244
116000568,93,1083,-990
116000579,22,124,-102
116000584,145,13,132
116000585,124,82,42
116000586,93,227,-134
116000587,446,463,-17
116000589,118,95,23
116000590,331,221,110
116000591,490,334,156
116000592,7,42,-35
116000593,0,42,-42
116000594,3216,169,3047
116000595,1641,86,1555
116000596,575,10,565
116000597,1520,622,898
116000598,76,94,-18
116000602,62,1677,-1615
116000605,304,236,68
116000606,136,1481,-1345
116000607,1,221,-220
116000609,159,2951,-2792
116000611,569,239,330
116000612,3089,2928,161
116000613,1292,390,902
116000614,1071,344,727
116000615,2,972,-970
116000616,172,161,11
116000617,387,26,361
116000618,5,74,-69
116000619,46,176,-130
116000620,668,219,449
116000621,224,193,31
116000622,232,139,93
116000624,243,321,-78
116000627,63,55,8
116000628,59,117,-58
116000629,43,212,-169
116000630,1801,63,1738
116000631,878,5,873
116000632,1958,47,1911
116000633,39,336,-297
116000634,1589,6,1583
116000635,2552,3954,-1402
116900001,612,146,466
116900002,454,0,454
116900003,133,5,128
116900004,114,179,-65
116900005,495,61,434
116900006,199,1159,-960
116900007,236,688,-452
116900008,1985,177,1808
116900009,41,39,2
116900010,2,861,-859
116900011,45,270,-225
116900012,495,833,-338
116900013,3,177,-174
116900014,426,135,291
116900015,1438,112,1326
116900016,358,6,352
116900017,8,442,-434
116900018,199,174,25
116900019,7,223,-216
116900020,759,4133,-3374
116900023,118,12,106
116900024,2054,58,1996
116900025,3239,1128,2111
116900026,273,683,-410
116900027,130,90,40
116900028,19,45,-26
116900029,2,302,-300
116900031,6,6,0
116900032,17,104,-87
116900033,76,31,45
116900034,104,27,77
116900035,327,385,-58
116900036,25,189,-164
116900038,27,3,24
116900041,483,58,425
116900042,318,203,115
116900043,25,86,-61
116900045,450,116,334
116900047,53,522,-469
116900049,66,516,-450
116900050,90,261,-171
116900051,973,21,952
116900052,469,113,356
116900055,0,133,-133
116900057,26,218,-192
116900058,22,408,-386
116900059,0,45,-45
116900060,908,661,247
116900062,3,31,-28
116900064,133,240,-107
116900065,8,209,-201
116900067,255,84,171
116900068,256,140,116
116900070,3,9,-6
116900072,32,160,-128
116900073,20,131,-111
116900074,11,71,-60
116900076,48,170,-122
116900077,4,45,-41
116900078,150,38,112
116900079,104,137,-33
116900080,10,48,-38
116900081,339,1057,-718
116900082,196,1467,-1271
116900083,52,10,42
116900084,52,57,-5
116900085,24,123,-99
116900086,92,411,-319
116900088,605,41,564
116900090,25,20,5
116900091,1278,44,1234
116900092,137,429,-292
116900093,5149,1994,3155
116900094,6051,12625,-6574
116900095,573,728,-155
116900096,236,814,-578
116900097,1853,8671,-6818
116900098,1553,480,1073
116900099,405,1516,-1111
116900100,2329,202,2127
116900101,277,1116,-839
116900103,44,0,44
116900104,31,619,-588
116900105,953,396,557
116900106,6716,174,6542
116900107,2023,6355,-4332
116900110,21,0,21
116900111,1698,461,1237
116900112,479,506,-27
116900113,2222,5303,-3081
116900116,40,1693,-1653
116900117,516,1008,-492
116900118,2178,1201,977
116900120,1045,85,960
116900121,474,117,357
116900122,2453,494,1959
116900123,1532,349,1183
116900124,253,438,-185
116900125,1552,149,1403
116900126,244,1371,-1127
116900128,1,68,-67
116900129,1,345,-344
116900130,2333,10791,-8458
116900131,176,516,-340
116900132,223,175,48
116900133,444,218,226
116900134,532,497,35
116900136,495,489,6
116900137,442,239,203
116900138,196,128,68
116900139,91,253,-162
116900140,321,79,242
116900141,625,131,494
116900142,8,86,-78
116900143,682,199,483
116900144,119,35,84
116900145,138,650,-512
116900147,228,3256,-3028
116900148,5,25,-20
116900149,47,556,-509
116900150,30,12,18
116900151,218,49,169
116900153,374,254,120
116900154,325,1358,-1033
116900155,149,311,-162
116900157,2059,110,1949
116900158,163,589,-426
116900159,202,765,-563
116900160,1708,1330,378
116900161,7418,21251,-13833
116900162,42,110,-68
116900163,771,100,671
116900164,290,117,173
116900165,1605,623,982
116900166,180,70,110
116900167,1108,27,1081
116900168,1385,80,1305
116900169,430,3586,-3156
116900170,1302,606,696
116900171,140,200,-60
116900172,258,1061,-803
116900173,710,13,697
116900174,94,255,-161
116900175,566,1004,-438
116900178,151,125,26
116900179,60,792,-732
116900180,164,18,146
116900182,1939,558,1381
116900183,411,206,205
116900185,71,67,4
116900186,294,93,201
116900187,149,217,-68
116900188,331,45,286
116900189,33,4,29
116900191,252,458,-206
116900192,894,226,668
116900194,288,3365,-3077
116900195,61,18,43
116900196,73,44,29
116900197,267,58,209
116900198,57,998,-941
116900200,151,5,146
116900201,536,17,519
116900202,162,64,98
116900203,340,15,325
116900204,81,576,-495
116900206,29,4,25
116900207,45,68,-23
116900208,7,85,-78
116900209,71,46,25
116900210,1371,736,635
116900211,427,34,393
116900212,201,15,186
116900213,628,229,399
116900214,668,424,244
116900215,124,84,40
116900216,658,357,301
116900218,3,360,-357
116900219,446,199,247
116900220,273,458,-185
116900221,454,484,-30
116900222,608,404,204
116900223,111,263,-152
116900226,451,49,402
116900227,497,37,460
116900228,797,350,447
116900230,152,111,41
116900231,119,263,-144
116900232,35,454,-419
116900233,721,130,591
116900234,48,18,30
116900235,368,274,94
116900238,828,273,555
116900239,3,997,-994
116900240,5949,8237,-2288
116900241,373,37,336
116900242,661,2334,-1673
116900243,7,140,-133
116900245,135,118,17
116900246,167,48,119
116900247,1979,76,1903
116900248,126,31,95
116900249,1296,127,1169
116900250,1003,118,885
116900251,552,2688,-2136
116900252,555,2407,-1852
116900253,263,103,160
116900254,151,300,-149
116900255,260,287,-27
116900256,1794,253,1541
116900257,281,1175,-894
116900258,29,25,4
116900259,722,53,669
116900260,1,28,-27
116900261,166,4,162
116900262,413,536,-123
116900263,2,19,-17
116900264,3,6,-3
116900265,290,1,289
116900266,41,16,25
116900267,21,2,19
116900268,59,385,-326
116900269,706,2798,-2092
116900271,954,1173,-219
116900272,1142,719,423
116900273,74,1134,-1060
116900274,451,96,355
116900275,919,87,832
116900276,579,1110,-531
116900277,235,101,134
116900278,3,1,2
116900279,20,35,-15
116900280,184,34,150
116900281,4976,14063,-9087
116900282,0,25,-25
116900283,6,20,-14
116900284,29,115,-86
116900285,224,988,-764
116900286,176,26,150
116900287,5,41,-36
116900288,296,29,267
116900289,39,4,35
116900290,11,5,6
116900291,63,9,54
116900292,0,40,-40
116900293,201,7,194
116900294,32,173,-141
116900295,331,915,-584
116900296,40,505,-465
116900297,0,106,-106
116900298,82,232,-150
116900299,17,414,-397
116900300,3,186,-183
116900301,60,1018,-958
116900302,13,273,-260
116900303,260,294,-34
116900304,1,274,-273
116900305,54,65,-11
116900306,498,30,468
117000001,5538,7746,-2208
117000002,2903,8232,-5329
117000003,11288,8273,3015
117000004,3255,11741,-8486
117000005,6622,5585,1037
117000006,1536,3639,-2103
117000007,13550,2584,10966
117000008,1783,4279,-2496
117000009,7750,2809,4941
117000010,1770,3423,-1653
117000011,6151,3250,2901
117000012,3655,2093,1562
117000013,5077,2846,2231
117000014,2759,3689,-930
117000015,8774,3965,4809
117000016,512,1099,-587
117000017,102,4018,-3916
117000018,229,2035,-1806
117000019,199,4,195
117000020,1659,4710,-3051
117000021,5373,804,4569
117000022,321,1190,-869
117000023,164,1006,-842
117000024,248,2471,-2223
117000025,230,9765,-9535
117000026,2515,7356,-4841
117000027,2434,6087,-3653
117000028,1728,5353,-3625
117000030,363,915,-552
117000031,515,716,-201
117000032,2181,2772,-591
117000033,4235,5421,-1186
117000034,490,422,68
117000035,523,856,-333
117000036,971,650,321
117000037,551,402,149
117000038,552,1085,-533
117000039,425,528,-103
117000040,184,907,-723
117000041,2344,140,2204
117000044,24,982,-958
117000045,2660,760,1900
117000046,761,2212,-1451
117000047,1324,1981,-657
117000048,2380,2024,356
117000049,119,1714,-1595
117000050,1127,2607,-1480
117000051,5949,110,5839
117000052,192,228,-36
117000053,2027,104,1923
117000054,3876,11,3865
117000055,2,1785,-1783
117000056,1350,41,1309
117000057,1211,2350,-1139
117000060,830,2321,-1491
117000061,4911,3727,1184
117000062,305,2265,-1960
117000063,3330,1747,1583
117000064,1007,1110,-103
117000066,956,1688,-732
117000067,128,1032,-904
117000074,32,407,-375
117000076,84,137,-53
117000077,445,329,116
117000078,420,1397,-977
117000079,957,508,449
117000080,2,991,-989
117000081,1829,308,1521
117000082,55,165,-110
117000083,276,15,261
117000084,536,1,535
117000085,990,1824,-834
117000086,1848,705,1143
117000087,263,915,-652
117000088,652,301,351
117000089,5624,390,5234
117000090,745,1075,-330
117000091,3025,427,2598
117000092,866,1167,-301
117000093,4676,820,3856
117000094,1614,1701,-87
117000095,6589,1189,5400
117000096,1497,1735,-238
117000097,5231,2025,3206
117000098,2788,3038,-250
117000099,10061,2175,7886
117000100,436,609,-173
117000101,266,903,-637
117000102,5043,1112,3931
117000103,967,1533,-566
117000104,3705,1212,2493
117000105,674,1549,-875
117000106,5056,1254,3802
117000107,1139,1835,-696
117000108,4899,2119,2780
117000109,1925,3105,-1180
117000110,3169,3868,-699
117000111,7976,8794,-818
117000112,7859,2427,5432
117000113,238,160,78
117000114,569,1121,-552
117000115,136,73,63
117000116,381,1321,-940
117000117,3345,2222,1123
117000118,865,845,20
117000119,292,1590,-1298
117000120,91,3574,-3483
117000121,51,2406,-2355
117000122,2911,3424,-513
117000123,7412,126,7286
117000124,171,686,-515
117000125,82,2839,-2757
117000126,32,176,-144
117000127,196,1708,-1512
117000128,161,3763,-3602
117000129,296,822,-526
117000130,43,13,30
117000131,1,214,-213
117000132,11617,27,11590
117000133,6892,41,6851
117000134,0,424,-424
117000135,2,493,-491
117000136,1,205,-204
117000137,403,219,184
117000138,8,2115,-2107
117000140,760,1249,-489
117000141,4322,1158,3164
117000181,1366,245,1121
117000182,5150,2648,2502
117000195,357,780,-423
117000196,589,276,313
117000225,35,550,-515
117000226,9,559,-550
117000276,833,42,791
117000277,1,118,-117
117000310,2345,5412,-3067
117000315,513,1598,-1085
117000320,131,0,131
117000906,1299,53,1246
117000907,11,289,-278
117000908,5,439,-434
117000909,128,189,-61
117000910,451,188,263
117000911,51,167,-116
117000915,5,218,-213
117000916,244,38,206
117000917,3515,176,3339
117000918,486,133,353
117000919,7,76,-69
117000920,2,2499,-2497
117000921,1,398,-397
117000922,75,176,-101
117000924,2743,873,1870
117000926,1995,1210,785
117000927,394,1017,-623
117000928,0,215,-215
117000929,1136,257,879
117000930,1726,47,1679
117000931,169,251,-82
117900002,87,1816,-1729
117900003,134,293,-159
117900005,4,348,-344
117900006,4,168,-164
117900007,408,125,283
117900008,0,12,-12
117900010,1034,204,830
117900011,20,2554,-2534
117900012,150,101,49
117900013,2,366,-364
117900014,1163,250,913
117900015,51,158,-107
117900016,1927,2490,-563
117900017,2202,615,1587
117900018,832,1579,-747
117900019,2220,409,1811
117900020,94,619,-525
117900021,66,444,-378
117900022,48,15,33
117900023,6202,208,5994
117900024,226,212,14
117900025,22,2,20
117900026,1424,382,1042
117900028,184,28,156
117900029,1023,1117,-94
117900030,874,929,-55
117900031,621,1755,-1134
117900032,1815,924,891
117900033,1456,819,637
117900034,110,50,60
117900035,523,1707,-1184
117900036,1040,461,579
117900037,426,126,300
117900038,332,176,156
117900039,0,107,-107
117900040,454,138,316
117900041,0,38,-38
117900042,4841,1502,3339
117900043,4,36,-32
117900044,53,10481,-10428
117900045,843,210,633
117900048,746,308,438
117900049,993,974,19
117900050,17,1563,-1546
117900051,44,60,-16
117900052,150,1258,-1108
117900053,3396,279,3117
117900054,15,17,-2
117900055,4564,710,3854
117900056,192,294,-102
117900057,2146,1445,701
117900058,72,221,-149
117900059,189,429,-240
117900060,5929,3526,2403
117900061,34,775,-741
117900063,1576,419,1157
117900065,437,1903,-1466
117900066,3,319,-316
117900067,2154,350,1804
117900069,2847,206,2641
117900070,52,753,-701
117900071,472,211,261
117900073,2174,658,1516
117900074,42,1446,-1404
117900075,413,199,214
117900076,94,365,-271
117900077,1657,170,1487
117900078,776,1040,-264
117900080,420,110,310
117900081,407,518,-111
117900082,1682,477,1205
117900083,1559,1192,367
117900086,600,318,282
117900087,372,87,285
117900088,992,1555,-563
117900089,4819,796,4023
117900090,1558,1307,251
117900091,310,103,207
117900092,253,142,111
117900093,241,69,172
117900094,130,75,55
117900095,1400,1525,-125
117900096,500,1489,-989
117900097,324,91,233
117900098,201,40,161
117900099,686,1840,-1154
117900100,1532,5,1527
117900101,1880,4990,-3110
117900102,270,89,181
117900103,277,16,261
117900104,11,675,-664
117900105,176,295,-119
117900106,321,58,263
117900107,201,0,201
117900109,2181,759,1422
117900110,518,4,514
117900111,2148,246,1902
117900112,181,42,139
117900113,1767,5174,-3407
117900114,69,0,69
117900115,66,766,-700
117900116,1469,819,650
117900117,2027,316,1711
117900118,618,0,618
117900119,533,50,483
117900120,1903,65,1838
117900121,278,206,72
117900122,1539,12938,-11399
117900123,2471,875,1596
117900124,440,2466,-2026
117900125,2991,1858,1133
117900126,305,451,-146
117900127,1602,710,892
117900128,935,290,645
117900129,310,2,308
117900130,1677,1801,-124
117900131,9,340,-331
117900132,71,140,-69
117900133,77,55,22
117900134,255,252,3
117900135,172,93,79
117900136,0,29,-29
117900137,441,473,-32
117900138,0,6,-6
117900139,114,90,24
117900140,12662,2040,10622
117900141,106,805,-699
117900142,39,1162,-1123
117900144,115,2497,-2382
117900145,21,603,-582
117900146,69,742,-673
117900147,173,326,-153
117900148,6924,7649,-725
117900149,156,771,-615
117900150,207,202,5
117900151,116,609,-493
117900152,132,293,-161
117900153,56,290,-234
117900154,1474,1749,-275
117900156,648,670,-22
117900157,111,808,-697
117900158,654,160,494
117900160,1754,1211,543
117900161,1549,1085,464
117900162,1686,784,902
117900163,30,1702,-1672
117900165,0,5,-5
117900166,27,712,-685
117900168,83,245,-162
117900169,3,86,-83
117900170,2,94,-92
117900171,16,18,-2
117900172,65,8,57
117900173,110,86,24
117900174,75,63,12
117900175,5,38,-33
117900176,50,23,27
117900177,95,74,21
117900178,245,147,98
117900180,365,58,307
117900181,64,1081,-1017
117900182,4,133,-129
117900183,241,358,-117
117900184,105,143,-38
117900185,104,45,59
117900186,113,13,100
117900187,56,7,49
117900188,583,101,482
117900189,347,79,268
117900190,31,1,30
117900191,315,3,312
117900192,431,3,428
117900193,18,99,-81
117900194,53,21,32
117900195,36,515,-479
117900196,90,62,28
117900207,190,252,-62
117900208,149,97,52
117900209,473,117,356
117900210,195,116,79
117900211,1,98,-97
117900212,235,287,-52
117900213,41,13,28
117900214,27,7,20
117900215,61,24,37
117900216,7,127,-120
117900217,104,383,-279
117900218,39,120,-81
117900219,11,390,-379
117900220,8,1021,-1013
118000001,1494,5382,-3888
118000002,1008,2438,-1430
118000003,3597,9925,-6328
118000004,1787,13089,-11302
118000005,7692,4866,2826
118000006,9810,7500,2310
118000007,9266,22899,-13633
118000008,1558,14839,-13281
118000009,2570,7208,-4638
118000010,6088,7021,-933
118000011,5378,2478,2900
118000012,2149,3952,-1803
118000013,5878,6259,-381
118000014,3196,3410,-214
118000016,657,321,336
118000017,1698,684,1014
118000018,829,289,540
118000019,1795,3644,-1849
118000020,639,3697,-3058
118000021,1119,5252,-4133
118000022,1741,1124,617
118000023,860,590,270
118000024,809,1422,-613
118000025,11,75,-64
118000027,21840,11813,10027
118000029,1112,1119,-7
118000032,347,3500,-3153
118000033,2740,8235,-5495
118000034,4908,6903,-1995
118000035,3379,3882,-503
118000036,1482,2178,-696
118000037,1578,5360,-3782
118000038,1451,221,1230
118000039,209,127,82
118000040,3588,3467,121
118000041,7657,2982,4675
118000045,243,478,-235
118000046,1806,3216,-1410
118000047,1073,7002,-5929
118000048,2299,11863,-9564
118000051,2180,10600,-8420
118000052,1169,3655,-2486
118000053,834,4057,-3223
118000054,7441,2277,5164
118000055,6710,3231,3479
118000056,191,1780,-1589
118000057,289,1147,-858
118000058,2895,11024,-8129
118000059,2366,5819,-3453
118000060,2809,1518,1291
118000061,2697,3031,-334
118000062,739,373,366
118000063,910,1593,-683
118000064,1156,2535,-1379
118000065,2898,3385,-487
118000066,3052,7660,-4608
118000067,718,1261,-543
118000068,2019,20371,-18352
118000069,2109,2994,-885
118000070,14514,4488,10026
118000071,10110,19980,-9870
118000072,1138,7088,-5950
118000073,656,3469,-2813
118000074,985,852,133
118000075,960,573,387
118000076,3700,16364,-12664
118000077,1816,3943,-2127
118000078,3435,6128,-2693
118000079,324,1059,-735
118000080,583,2800,-2217
118000081,2645,3576,-931
118000082,779,2223,-1444
118000083,2363,3757,-1394
118000084,2817,5550,-2733
118000086,259,1495,-1236
118000087,11162,5431,5731
118000088,2012,3768,-1756
118000089,7496,6729,767
118000090,2100,7500,-5400
118000091,2923,9525,-6602
118000092,1666,1266,400
118000093,269,1294,-1025
118000096,1393,1476,-83
118000097,1154,1548,-394
118000098,323,696,-373
118000099,2020,684,1336
118000101,3835,667,3168
118000102,822,962,-140
118000107,5499,1126,4373
118000108,1885,10278,-8393
118000110,1,40,-39
118000111,3,229,-226
118000112,2751,9,2742
118000113,19,739,-720
118000114,2280,27,2253
118000115,33,13,20
118000116,69,1,68
118000117,1149,2623,-1474
118000118,2384,4028,-1644
118000119,2224,4093,-1869
118000120,2118,2094,24
118000121,12,902,-890
118000122,1062,599,463
118000123,96,466,-370
118000125,1550,4993,-3443
118000126,1356,5946,-4590
118000127,1970,2967,-997
118000128,593,7055,-6462
118000129,3448,2492,956
118000130,4436,6411,-1975
118000131,888,2399,-1511
118000132,5606,5167,439
118000133,2823,2027,796
118000135,1498,2923,-1425
118000136,210,2942,-2732
118000137,831,476,355
118000138,1010,686,324
118000139,1275,285,990
118000140,9241,19254,-10013
118000141,6207,3045,3162
118000142,6194,3328,2866
118000143,6357,2630,3727
118000144,1468,815,653
118000145,2511,2001,510
118000146,2890,859,2031
118000147,2534,1394,1140
118000148,1892,2644,-752
118000149,1772,670,1102
118000150,1558,356,1202
118000151,1740,607,1133
118000153,4025,1663,2362
118000154,2673,2132,541
118000155,5560,1794,3766
118000156,4778,7864,-3086
118000157,1312,681,631
118000158,496,967,-471
118000159,135,178,-43
118000160,1957,559,1398
118000161,1443,431,1012
118000162,2291,1486,805
118000163,2333,1966,367
118000164,4012,2917,1095
118000168,903,3251,-2348
118000169,1893,1167,726
118000170,5846,4275,1571
118000171,817,1233,-416
118000172,151,425,-274
118000173,1687,2693,-1006
118000175,354,409,-55
118000176,846,604,242
118000177,790,1018,-228
118000178,100,65,35
118000179,1359,1348,11
118000180,1227,926,301
118000181,876,293,583
118000182,531,375,156
118000183,387,471,-84
118000184,2685,732,1953
118000185,828,3705,-2877
118000186,628,2564,-1936
118000187,5415,615,4800
118000188,2203,125,2078
118000189,2722,725,1997
118000190,15,30,-15
118000191,23,75,-52
118000192,21,570,-549
118000193,33,433,-400
118000194,5337,1617,3720
118000195,383,12712,-12329
118000196,142,2772,-2630
118000197,112,534,-422
118000198,689,3399,-2710
118000199,566,3615,-3049
118000200,254,1773,-1519
118000201,147,1947,-1800
118000202,82,1279,-1197
118000203,447,2545,-2098
118000204,122,1114,-992
118000205,105,624,-519
118000206,571,755,-184
118000207,0,109,-109
118000208,3032,3043,-11
118000209,5341,1154,4187
118000210,414,77,337
118000211,230,127,103
118000213,1209,12698,-11489
118000214,666,1845,-1179
118000215,1068,238,830
118000216,18026,3858,14168
118000217,19,142,-123
118000218,319,63,256
118000219,460,555,-95
118000220,106,138,-32
118000221,1700,1618,82
118000222,112,14,98
118000223,243,78,165
118000224,263,159,104
118000225,448,2899,-2451
118000226,2809,446,2363
118000227,2051,953,1098
118000228,76,927,-851
118000229,112,2284,-2172
118000230,212,653,-441
118000231,142,1120,-978
118000232,2125,394,1731
118000233,2668,975,1693
118000234,1151,172,979
118000236,511,1034,-523
118000237,375,519,-144
118000238,554,219,335
118000239,569,957,-388
118000240,176,149,27
118000241,827,359,468
118000242,1219,393,826
118000243,578,235,343
118000244,252,70,182
118000246,0,65,-65
118000255,51,653,-602
118000256,211,345,-134
118000259,59,176,-117
118000260,577,138,439
118000261,213,47,166
118000263,249,454,-205
118000266,584,363,221
118000267,1,764,-763
118000268,502,20,482
118000270,629,8,621
118000271,389,226,163
118000272,185,49,136
118000273,651,35,616
118000274,153,663,-510
118000276,990,429,561
118000295,74,259,-185
118000298,343,160,183
118000299,88,111,-23
118000301,2,204,-202
118000302,309,53,256
118000311,2699,100,2599
118000312,922,127,795
118000313,294,74,220
118000314,388,22,366
118000315,261,25,236
118000316,2160,670,1490
118000325,243,102,141
118000326,141,38,103
118000331,107,39,68
118000332,28,51,-23
118000333,79,66,13
118000335,1593,1,1592
118000336,1,292,-291
118000407,657,76,581
118000457,27,137,-110
118000465,1179,5127,-3948
118000480,126,91,35
118000489,14,1361,-1347
118000490,8,656,-648
118000492,1151,203,948
118000510,143,52,91
118000514,183,1181,-998
118000515,876,2595,-1719
118000517,1023,322,701
118000524,251,1229,-978
118000525,888,992,-104
118000530,53,402,-349
118000531,988,327,661
118000532,528,383,145
118000533,440,165,275
118000534,1741,637,1104
118000535,686,147,539
118000536,100,929,-829
118000537,44,279,-235
118000538,28,275,-247
118000539,58,294,-236
118000540,307,613,-306
118000541,148,170,-22
118000542,238,911,-673
118000543,592,937,-345
118000546,107,102,5
118000560,2150,5114,-2964
118000562,248,188,60
118000563,2463,1558,905
118000576,278,40,238
118000577,255,209,46
118000578,91,56,35
118000579,705,5219,-4514
118000595,283,78,205
118000596,9,1073,-1064
118000597,210,61,149
118000598,46,3,43
118000599,542,83,459
118000600,1,12,-11
118000601,120,0,120
118000602,0,17,-17
118000603,0,13,-13
118900001,1247,2240,-993
118900002,1678,1656,22
118900003,1494,5,1489
118900004,519,110,409
118900005,184,23,161
118900006,440,7,433
118900007,1,0,1
118900008,2421,127,2294
118900009,237,240,-3
118900010,272,59,213
118900011,319,23,296
118900012,527,594,-67
118900013,2988,1113,1875
118900015,638,53,585
118900016,13,4,9
118900017,16,414,-398
118900018,2342,66,2276
118900019,21,6,15
118900020,53,433,-380
118900021,180,1866,-1686
118900022,206,31,175
118900023,124,343,-219
118900024,151,237,-86
118900025,39,236,-197
118900026,102,33,69
118900027,1017,429,588
118900028,463,201,262
118900029,480,871,-391
118900030,1316,497,819
118900031,204,80,124
118900032,455,102,353
118900033,631,1567,-936
118900034,457,63,394
118900035,230,123,107
118900036,2452,616,1836
118900037,485,1497,-1012
118900038,1208,100,1108
118900039,1647,377,1270
118900040,421,171,250
118900041,1750,501,1249
118900042,127,75,52
118900045,481,348,133
118900046,575,527,48
118900047,578,646,-68
118900048,235,1291,-1056
118900049,209,73,136
118900050,158,26,132
118900051,83,340,-257
118900052,507,1307,-800
118900053,28,146,-118
118900054,378,58,320
118900055,415,15,400
118900056,30,832,-802
118900057,1562,931,631
118900058,925,1095,-170
118900059,76,201,-125
118900060,215,89,126
118900062,608,203,405
118900064,478,1313,-835
118900065,93,379,-286
118900066,274,161,113
118900067,6299,8404,-2105
118900068,13,824,-811
118900069,1106,460,646
118900071,2,8,-6
118900072,1672,1514,158
118900073,426,241,185
118900074,589,143,446
118900075,424,24,400
118900076,442,274,168
118900077,1154,222,932
118900078,3,1,2
118900079,43,316,-273
118900080,223,74,149
118900081,68,54,14
118900082,4226,379,3847
118900083,49,5,44
118900084,24,30,-6
118900085,589,671,-82
118900086,17,158,-141
118900087,240,1790,-1550
118900088,0,6,-6
118900089,15,34,-19
118900090,707,329,378
118900091,333,524,-191
118900092,958,79,879
118900093,340,28,312
118900096,87,36,51
118900097,797,775,22
118900099,84,169,-85
118900100,152,463,-311
118900101,601,287,314
118900102,40,203,-163
118900103,31,277,-246
118900104,842,179,663
118900105,311,186,125
118900107,158,84,74
118900108,208,397,-189
118900109,24,71,-47
118900110,2135,2293,-158
118900111,1871,745,1126
118900112,500,739,-239
118900113,136,574,-438
118900114,6,285,-279
118900115,410,663,-253
118900116,109,307,-198
118900117,189,159,30
118900118,546,286,260
118900119,343,291,52
118900120,107,417,-310
118900121,85,301,-216
118900122,9,1971,-1962
118900123,187,510,-323
118900124,263,449,-186
118900126,104,528,-424
118900129,474,344,130
118900130,15,263,-248
118900131,775,463,312
118900132,659,354,305
118900133,24,394,-370
118900135,569,359,210
118900136,559,329,230
118900137,32,228,-196
118900139,829,349,480
118900140,1259,561,698
118900141,254,112,142
118900144,634,272,362
118900145,54,309,-255
118900146,849,557,292
118900147,197,1612,-1415
118900148,150,71,79
118900150,149,1067,-918
118900152,1054,528,526
118900157,102,570,-468
118900158,446,50,396
118900159,0,327,-327
118900161,87,54,33
118900163,71,100,-29
118900164,2,85,-83
118900165,215,66,149
118900166,8,2,6
118900167,146,51,95
118900168,71,224,-153
118900169,432,182,250
118900170,825,91,734
118900171,220,84,136
118900174,176,62,114
118900175,1111,533,578
118900176,349,348,1
118900177,269,9,260
118900178,170,74,96
118900179,6,25,-19
118900181,367,130,237
118900182,43,108,-65
118900183,91,461,-370
118900184,282,74,208
118900185,239,63,176
118900186,75,406,-331
118900187,191,1281,-1090
118900188,594,415,179
118900189,66,1097,-1031
118900190,293,341,-48
118900191,1113,115,998
118900192,1137,48,1089
118900193,2124,18,2106
118900195,218,1012,-794
118900196,80,182,-102
118900197,727,144,583
118900198,96,4,92
118900199,249,23,226
118900200,51,46,5
118900201,82,106,-24
118900202,3,142,-139
118900203,102,16,86
118900204,76,10,66
118900205,13,2,11
118900206,4,5,-1
119000001,3021,4000,-979
119000002,5796,7204,-1408
119000003,7246,1798,5448
119000004,5523,4451,1072
119000005,4291,6269,-1978
119000006,8003,3476,4527
119000007,8687,8667,20
119000008,3900,3291,609
119000009,4537,13609,-9072
119000010,6850,7818,-968
119000011,3667,4402,-735
119000012,2135,7037,-4902
119000013,5970,3277,2693
119000014,3418,4199,-781
119000019,539,355,184
119000020,5413,2787,2626
119000021,10278,6146,4132
119000022,2701,9973,-7272
119000023,350,695,-345
119000024,4617,47970,-43353
119000025,7543,2430,5113
119000026,83,1085,-1002
119000027,264,913,-649
119000028,3695,1043,2652
119000029,80,348,-268
119000030,941,1184,-243
119000031,2660,1158,1502
119000032,6596,2898,3698
119000033,3877,1379,2498
119000034,3251,1589,1662
119000035,73,299,-226
119000036,5959,518,5441
119000037,3908,1286,2622
119000038,733,509,224
119000039,1694,1014,680
119000040,1579,2343,-764
119000041,1939,4150,-2211
119000048,3868,2149,1719
119000049,6731,3962,2769
119000050,2047,5687,-3640
119000051,4858,3364,1494
119000052,8331,4496,3835
119000053,4034,1981,2053
119000054,6418,1827,4591
119000055,12476,2348,10128
119000056,8813,2394,6419
119000057,3674,1246,2428
119000058,3225,1501,1724
119000059,1901,1795,106
119000060,4401,1163,3238
119000061,2284,800,1484
119000062,1579,1371,208
119000063,1780,1082,698
119000064,1629,2085,-456
119000065,1885,7494,-5609
119000066,3898,1865,2033
119000067,3696,2063,1633
119000068,3842,1388,2454
119000069,4318,2696,1622
119000070,6819,904,5915
119000071,2163,1025,1138
119000072,8333,7035,1298
119000073,7395,24383,-16988
119000074,3524,2132,1392
119000075,8571,4278,4293
119000076,305,3198,-2893
119000077,1315,1641,-326
119000078,712,1820,-1108
119000079,242,1442,-1200
119000080,1886,478,1408
119000081,832,1930,-1098
119000082,1850,466,1384
119000083,1180,789,391
119000084,618,744,-126
119000085,1609,227,1382
119000086,447,1623,-1176
119000087,1241,347,894
119000088,415,162,253
119000089,157,264,-107
119000090,243,68,175
119000091,152,307,-155
119000092,711,233,478
119000093,8472,4641,3831
119000094,9240,10171,-931
119000095,5346,12608,-7262
119000097,2672,1505,1167
119000098,2223,13506,-11283
119000099,3598,1277,2321
119000100,10304,5557,4747
119000101,6008,3985,2023
119000102,509,2481,-1972
119000103,1173,1093,80
119000104,2258,1429,829
119000105,2005,6351,-4346
119000106,885,962,-77
119000107,2691,1073,1618
119000108,1451,1124,327
119000109,307,2226,-1919
119000110,529,2092,-1563
119000111,76,1982,-1906
119000112,290,401,-111
119000113,1564,759,805
119000114,3312,2606,706
119000115,153,397,-244
119000116,260,185,75
119000117,598,716,-118
119000118,28,0,28
119000123,2491,6383,-3892
119000124,2859,388,2471
119000125,11191,1045,10146
119000126,2727,620,2107
119000127,2076,588,1488
119000128,32,2,30
119000131,2595,270,2325
119000132,0,1,-1
119000133,6,19,-13
119000134,2022,1221,801
119000135,382,635,-253
119000136,763,140,623
119000137,487,125,362
119000138,1885,82,1803
119000139,454,112,342
119000140,825,578,247
119000284,1677,2540,-863
119000285,2526,1585,941
119000286,5657,4537,1120
119000287,2261,2080,181
119000288,4518,1301,3217
119000289,2291,4350,-2059
119000290,357,476,-119
119000291,405,526,-121
119000293,263,294,-31
119000294,96,56,40
119000295,3646,474,3172
119000296,501,158,343
119000302,3505,1792,1713
119000303,32,746,-714
119000314,3843,23996,-20153
119000315,0,270,-270
119000316,545,122,423
119000317,197,101,96
119900001,181,3399,-3218
119900002,558,590,-32
119900003,10,376,-366
119900004,235,5776,-5541
119900005,676,138,538
119900006,149,806,-657
119900007,896,495,401
119900008,27,149,-122
119900009,986,528,458
119900010,1109,2862,-1753
119900011,41,666,-625
119900012,15,241,-226
119900013,2565,2954,-389
119900014,782,470,312
119900015,715,125,590
119900016,212,127,85
119900017,151,83,68
119900018,1633,3366,-1733
119900019,213,24,189
119900020,154,321,-167
119900021,418,73,345
119900022,170,1894,-1724
119900023,999,6802,-5803
119900025,1039,35,1004
119900026,1148,237,911
119900027,13,13,0
119900028,548,570,-22
119900029,12,6,6
119900030,1157,869,288
119900031,124,2255,-2131
119900033,2286,396,1890
119900034,1999,67,1932
119900037,282,20,262
119900038,37,991,-954
119900039,140,19,121
119900040,250,89,161
119900041,765,18,747
119900042,118,678,-560
119900043,298,197,101
119900044,320,1227,-907
119900046,711,41,670
119900047,1065,486,579
119900048,154,7,147
119900049,361,10,351
119900050,458,506,-48
119900051,2033,33,2000
119900052,416,29,387
119900053,675,228,447
119900054,1094,40,1054
119900055,2269,564,1705
119900057,1009,31,978
119900058,987,7,980
119900059,151,53,98
119900060,572,140,432
119900061,31,1,30
119900062,402,6,396
119900063,23,190,-167
119900064,1790,226,1564
119900065,439,4,435
119900066,2,1,1
119900067,364,72,292
119900068,1638,3,1635
119900069,232,16,216
119900070,2018,142,1876
119900071,1803,86,1717
119900072,30,7,23
119900073,2445,238,2207
119900074,34,80,-46
119900075,2237,1966,271
119900076,2417,256,2161
119900077,2032,494,1538
119900078,1390,757,633
119900079,1563,124,1439
119900080,3903,1025,2878
119900081,1399,79,1320
119900082,4836,514,4322
119900083,969,26,943
119900084,808,1217,-409
119900085,162,72,90
119900086,439,122,317
119900087,354,2246,-1892
119900088,35,51,-16
119900089,95,200,-105
119900090,139,24,115
119900091,161,203,-42
119900092,92,2748,-2656
119900093,5225,421,4804
119900094,25,753,-728
119900095,215,128,87
119900096,78,173,-95
119900097,478,288,190
119900098,77,33,44
119900099,31,202,-171
119900100,984,3427,-2443
119900101,521,2723,-2202
119900102,91,104,-13
119900103,93,114,-21
119900104,107,151,-44
119900105,1874,9319,-7445
119900106,26,119,-93
119900107,545,1520,-975
119900108,8400,720,7680
119900109,26,116,-90
119900110,1461,580,881
119900111,429,85,344
119900112,952,1898,-946
119900113,42,240,-198
119900114,510,714,-204
119900115,1221,369,852
119900116,206,1028,-822
119900117,895,360,535
119900118,306,221,85
119900119,653,221,432
119900120,903,394,509
119900121,1387,700,687
119900122,66,220,-154
119900123,296,534,-238
119900124,959,488,471
119900125,81,186,-105
119900126,5924,293,5631
119900127,790,408,382
119900128,1130,1419,-289
119900129,764,218,546
119900130,15,240,-225
119900131,171,123,48
119900132,0,54,-54
119900133,282,114,168
119900134,748,112,636
119900135,1,201,-200
119900136,128,252,-124
119900138,317,357,-40
119900139,33,360,-327
119900140,2,193,-191
119900141,52,2238,-2186
119900142,16,66,-50
119900143,45,578,-533
119900144,1203,304,899
119900145,117,418,-301
119900146,366,266,100
119900147,5,389,-384
119900148,717,72,645
119900149,613,15432,-14819
119900150,176,161,15
119900151,5694,2444,3250
119900152,526,153,373
119900153,443,51,392
119900154,63,300,-237
119900155,65,33,32
119900156,33,12,21
119900157,531,252,279
119900158,416,163,253
119900159,2,361,-359
119900160,55,194,-139
119900161,261,193,68
119900162,2437,1190,1247
119900163,116,305,-189
119900164,0,2,-2
119900165,413,97,316
119900166,228,35,193
119900167,8,137,-129
119900168,3944,436,3508
119900169,48,831,-783
119900170,296,339,-43
119900171,1881,755,1126
119900172,77,26,51
119900173,97,167,-70
119900174,20,248,-228
119900175,4564,470,4094
119900177,78,149,-71
119900178,5,176,-171
119900179,649,2210,-1561
119900180,2716,1289,1427
119900181,56,189,-133
119900182,0,111,-111
119900183,224,787,-563
119900184,909,653,256
119900185,147,657,-510
119900186,30,4100,-4070
119900187,6,250,-244
119900188,312,415,-103
119900189,288,721,-433
119900190,257,707,-450
119900191,184,618,-434
119900192,84,170,-86
119900193,1593,197,1396
119900194,46,83,-37
119900195,25,239,-214
119900196,435,124,311
119900197,889,500,389
119900198,284,381,-97
119900199,364,40,324
119900200,1678,1072,606
119900201,339,232,107
119900202,78,555,-477
119900203,339,1597,-1258
119900204,740,519,221
119900205,2716,478,2238
119900206,649,469,180
119900208,156,185,-29
119900209,1042,5562,-4520
119900210,216,19,197
119900211,107,9,98
119900212,887,347,540
119900213,12,104,-92
119900214,263,84,179
119900215,155,73,82
119900216,20,32,-12
119900217,10,20,-10
119900218,19,182,-163
119900219,81,73,8
119900220,25,8,17
119900221,136,63,73
119900222,49,83,-34
119900223,31,50,-19
119900224,51,8,43
119900225,336,27,309
119900226,324,4102,-3778
119900227,416,225,191
119900228,34,779,-745
119900229,148,302,-154
119900230,1665,313,1352
119900231,768,96,672
119900232,318,158,160
119900233,186,9,177
119900234,20,399,-379
119900235,24,107,-83
119900236,39,378,-339
119900237,127,892,-765
119900238,0,459,-459
119900240,148,314,-166
119900241,458,150,308
119900242,3014,2141,873
119900244,1234,1360,-126
119900245,571,488,83
119900246,238,861,-623
119900247,22,122,-100
119900248,68,1235,-1167
119900249,820,290,530
119900253,1954,406,1548
119900254,194,3376,-3182
119900255,364,1219,-855
119900256,1598,357,1241
119900257,226,10,216
119900258,449,26,423
119900259,12,50,-38
119900260,390,28,362
119900261,1146,735,411
119900262,1,215,-214
119900263,3017,324,2693
119900264,501,53,448
119900265,1705,399,1306
119900266,1496,268,1228
119900267,248,354,-106
119900268,745,94,651
119900269,4141,701,3440
119900271,157,174,-17
119900272,177,413,-236
119900275,300,38,262
119900276,246,11,235
119900277,40,61,-21
119900278,946,114,832
119900279,210,662,-452
119900280,862,72,790
119900281,3,782,-779
119900282,36,156,-120
119900283,103,73,30
119900284,87,140,-53
119900285,1,126,-125
119900286,0,15,-15
119900288,6,10,-4
119900289,1,24,-23
119900290,7,0,7
119900291,0,134,-134
119900292,64,97,-33
119900293,50,41,9
119900294,27,70,-43
119900295,8,5,3
119900296,167,37,130
119900297,2,38,-36
119900298,11,19,-8
119900299,208,950,-742
119900300,522,577,-55
119900301,133,440,-307
119900302,88,560,-472
119900303,566,595,-29
119900304,418,20,398
119900305,13,184,-171
119900306,45,5,40
119900307,61,226,-165
119900308,17,39,-22
119900309,104,762,-658
119900310,544,418,126
119900311,381,71,310
119900312,477,57,420
119900313,519,448,71
119900314,589,743,-154
119900315,4861,1201,3660
119900318,22,226,-204
119900319,0,102,-102
119900320,696,427,269
119900321,514,29,485
120000001,17192,62560,-45368
120000002,4471,4934,-463
120000003,3875,1796,2079
120000004,4942,1680,3262
120000005,4050,2066,1984
120000006,2810,1583,1227
120000007,4471,9214,-4743
120000008,2049,1473,576
120000009,2270,1373,897
120000010,4641,5118,-477
120000011,2585,2383,202
120000012,3459,2696,763
120000013,8374,4855,3519
120000014,1950,3775,-1825
120000015,5666,4180,1486
120000016,8428,4081,4347
120000017,8525,8239,286
120000018,6099,35871,-29772
120000019,2430,2811,-381
120000020,3820,6649,-2829
120000021,3204,3302,-98
120000022,3629,5078,-1449
120000023,2926,2891,35
120000024,1762,3886,-2124
120000025,4994,3163,1831
120000026,6620,3165,3455
120000027,4852,2935,1917
120000028,1600,5208,-3608
120000029,2602,4429,-1827
120000030,304,1971,-1667
120000031,3603,10041,-6438
120000032,7449,4026,3423
120000033,7233,1698,5535
120000034,7789,1692,6097
120000035,7333,2317,5016
120000036,6634,9640,-3006
120000037,983,3370,-2387
120000038,9942,5627,4315
120000039,1565,2582,-1017
120000040,133,3809,-3676
120000041,814,2917,-2103
120000042,4646,4017,629
120000043,10044,1365,8679
120000044,12655,1891,10764
120000045,15512,1027,14485
120000046,8051,8030,21
120000047,1176,23863,-22687
120000048,18567,7357,11210
120000049,8575,8723,-148
120000050,6811,10523,-3712
120000051,4116,7786,-3670
120000052,10664,1480,9184
120000053,2400,1813,587
120000054,2437,2874,-437
120000055,3007,4517,-1510
120000056,8582,5960,2622
120000057,7164,4352,2812
120000058,2059,2440,-381
120000059,29,2874,-2845
120000061,340,2381,-2041
120000062,336,526,-190
120000063,976,2753,-1777
120000064,667,790,-123
120000065,669,1558,-889
120000066,286,786,-500
120000067,35,208,-173
120000068,586,328,258
120000069,1808,407,1401
120000070,396,496,-100
120000071,1877,182,1695
120000072,3178,936,2242
120000073,2728,117,2611
120000074,209,502,-293
120000075,2737,1323,1414
120000076,6005,678,5327
120000077,5784,1053,4731
120000078,4557,1710,2847
120000079,279,204,75
120000080,141,379,-238
120000081,418,207,211
120000082,402,394,8
120000083,76,1111,-1035
120000084,444,532,-88
120000085,544,845,-301
120000086,275,393,-118
120000087,353,464,-111
120000088,1479,1308,171
120000089,1752,831,921
120000090,1695,922,773
120000091,2665,1062,1603
120000092,2033,435,1598
120000093,1498,644,854
120000094,735,2241,-1506
120000095,1457,199,1258
120000096,932,435,497
120000098,1974,701,1273
120000099,1109,845,264
120000100,1549,809,740
120000101,1768,474,1294
120000102,1609,2007,-398
120000103,3137,1746,1391
120000104,4777,718,4059
120000105,6397,594,5803
120000106,7999,618,7381
120000107,13872,751,13121
120000108,4807,328,4479
120000109,2877,153,2724
120000110,125,951,-826
120000111,278,1285,-1007
120000112,1119,1711,-592
120000113,1000,1323,-323
120000114,716,1248,-532
120000115,666,1317,-651
120000116,667,1846,-1179
120000117,631,1036,-405
120000118,56,125,-69
120000119,30,51,-21
120000120,307,480,-173
120000121,17,57,-40
120000122,534,2199,-1665
120000123,2795,20352,-17557
120000124,1068,1134,-66
120000125,2559,1038,1521
120000126,763,5707,-4944
120000127,1235,2890,-1655
120000128,4155,10871,-6716
120000129,620,291,329
120000130,2170,803,1367
120000131,1083,988,95
120000134,1296,830,466
120000135,2772,1122,1650
120000137,815,345,470
120000138,4697,450,4247
120000139,917,421,496
120000140,3982,189,3793
120000141,704,1652,-948
120000142,2183,2504,-321
120000143,2,84,-82
120000144,304,33,271
120000145,2136,8,2128
120000146,1841,2967,-1126
120000149,945,875,70
120000150,3736,21189,-17453
120000151,1046,708,338
120000152,2708,231,2477
120000153,1789,764,1025
120000154,1391,1452,-61
120000155,573,977,-404
120000156,928,6212,-5284
120000157,2484,786,1698
120000158,2094,957,1137
120000159,3422,1795,1627
120000160,3928,2555,1373
120000161,7452,4184,3268
120000162,346,586,-240
120000163,1812,886,926
120000164,1653,276,1377
120000165,2049,639,1410
120000166,3355,697,2658
120000167,415,453,-38
120000168,13,1320,-1307
120000169,36,3425,-3389
120000170,20,2868,-2848
120000171,9,932,-923
120000172,7,640,-633
120000173,192,2075,-1883
120000174,44,84,-40
120000175,59,98,-39
120000176,41,69,-28
120000177,892,110,782
120000178,6,45,-39
120000179,35,72,-37
120000180,33,73,-40
120000181,183,2798,-2615
120000182,44,1698,-1654
120000183,5,784,-779
120000184,318,2341,-2023
120000186,34,2070,-2036
120000187,29,1541,-1512
120000188,60,1047,-987
120000190,82,92,-10
120000191,60,237,-177
120000192,105,27,78
120000193,61,12,49
120000195,23,0,23
120000196,72,11,61
120000197,16,13,3
120000198,803,28,775
120000199,933,1,932
120000200,751,5,746
120000201,132,192,-60
120000202,3,59,-56
120000203,536,233,303
120000207,3,47,-44
120000208,18,49,-31
120000209,14,21,-7
120000210,270,110,160
120000211,1055,12,1043
120000212,916,7,909
120000213,724,356,368
120000214,1,54,-53
120000215,13,87,-74
120000216,840,49,791
120000217,357,1504,-1147
120000218,25,515,-490
120000219,9,310,-301
120000220,2,835,-833
120000225,5837,23,5814
120000226,1441,16,1425
120000227,1876,211,1665
120000228,18189,7594,10595
120000230,1108,45,1063
120000231,4157,969,3188
120000233,1489,20,1469
120000235,747,603,144
120000236,4341,5,4336
120000237,2,1723,-1721
120000238,1,741,-740
120000241,2353,9269,-6916
120000412,269,3,266
120000413,1824,310,1514
120000414,771,10,761
120000415,2,72,-70
120000416,402,15,387
120000417,26,337,-311
120000418,1181,26,1155
120000419,114,64,50
120000420,121,27,94
120000421,13083,6236,6847
120000422,194,6916,-6722
120000423,13,297,-284
120000424,740,99,641
120000436,115,2792,-2677
120000437,124,218,-94
120000438,2274,438,1836
120000439,705,1618,-913
120000443,382,2,380
120000444,3918,777,3141
120000445,4764,3135,1629
120000446,4184,340,3844
120000447,1129,1,1128
120000449,969,7,962
120000450,23,105,-82
120000451,407,370,37
120000452,685,2,683
120000453,0,53,-53
120000454,84,180,-96
120000455,421,125,296
120000456,3812,11378,-7566
120000457,779,473,306
120000458,769,788,-19
120000459,451,166,285
120000665,217,686,-469
120000668,179,7542,-7363
120000669,1075,189,886
120000670,85,1878,-1793
120000671,8592,1788,6804
120000672,111,767,-656
120900001,171,74,97
120900002,176,1394,-1218
120900003,387,25,362
120900004,20,307,-287
120900005,413,325,88
120900006,1577,330,1247
120900007,795,110,685
120900008,1083,738,345
120900009,459,30,429
120900010,1549,273,1276
120900011,86,949,-863
120900012,57,2651,-2594
120900013,883,496,387
120900014,0,466,-466
120900015,2234,651,1583
120900016,4608,326,4282
120900017,3242,61,3181
120900018,620,275,345
120900019,804,827,-23
120900020,572,1143,-571
120900021,864,333,531
120900022,8,345,-337
120900023,866,185,681
120900024,2615,632,1983
120900025,1827,1350,477
120900026,403,167,236
120900027,840,42,798
120900028,1447,401,1046
120900029,28,1717,-1689
120900030,5002,1037,3965
120900031,653,134,519
120900032,3094,97,2997
120900033,3433,696,2737
120900034,17,7685,-7668
120900035,753,178,575
120900037,984,73,911
120900038,345,835,-490
120900039,241,97,144
120900040,863,21,842
120900041,35,34,1
120900042,1266,47,1219
120900043,289,274,15
120900044,13,1090,-1077
120900045,495,89,406
120900046,1782,15,1767
120900047,274,329,-55
120900048,480,71,409
120900049,1425,24,1401
120900050,1353,6786,-5433
120900051,1165,166,999
120900052,2909,37,2872
120900053,1407,42,1365
120900054,2114,424,1690
120900055,1621,9,1612
120900056,1432,67,1365
120900057,927,61,866
120900058,2016,14,2002
120900059,537,6,531
120900060,200,12,188
120900061,474,285,189
120900062,1113,12,1101
120900063,2672,42,2630
120900064,1940,13,1927
120900065,1907,20,1887
120900066,2116,336,1780
120900067,600,245,355
120900068,1444,2,1442
120900069,1443,50,1393
120900071,105,1,104
120900072,2714,26,2688
120900073,2964,89,2875
120900074,2716,63,2653
120900076,1691,3,1688
120900077,2081,829,1252
120900078,2040,394,1646
120900079,3273,118,3155
120900080,3216,272,2944
120900081,4805,454,4351
120900082,469,1029,-560
120900083,389,4,385
120900084,1278,1079,199
120900085,60,124,-64
120900086,47,1640,-1593
120900087,1107,404,703
120900088,487,1744,-1257
120900089,2419,8635,-6216
120900090,930,34,896
120900091,373,1479,-1106
120900092,215,351,-136
120900093,1635,140,1495
120900094,321,202,119
120900095,830,55,775
120900096,226,179,47
120900097,1135,791,344
120900098,125,104,21
120900099,119,92,27
120900100,127,231,-104
120900101,84,123,-39
120900102,276,209,67
120900103,254,441,-187
120900104,24,72,-48
120900105,80,859,-779
120900106,396,287,109
120900107,96,134,-38
120900108,79,346,-267
120900109,87,459,-372
120900110,58,290,-232
120900111,288,178,110
120900112,177,274,-97
120900113,57,506,-449
120900114,49,269,-220
120900115,234,376,-142
120900116,1908,150,1758
120900117,16,131,-115
120900118,102,193,-91
120900119,17625,3644,13981
120900120,186,1249,-1063
120900121,111,375,-264
120900122,2187,205,1982
120900123,98,120,-22
120900124,14,137,-123
120900125,8,524,-516
120900126,309,688,-379
120900127,98,266,-168
120900128,390,747,-357
120900129,27,109,-82
120900130,73,351,-278
120900131,183,552,-369
120900132,3235,258,2977
120900133,110,803,-693
120900134,192,123,69
120900135,15,185,-170
120900136,113,518,-405
120900137,1190,189,1001
120900138,5,153,-148
120900139,7,155,-148
120900140,11,397,-386
120900141,904,315,589
120900142,26,176,-150
120900143,2,187,-185
120900144,0,42,-42
120900145,275,2454,-2179
120900146,2,197,-195
120900147,1,38,-37
120900148,563,207,356
120900149,0,102,-102
120900150,283,191,92
120900151,0,120,-120
120900152,2,8,-6
120900153,0,0,0
120900154,0,186,-186
120900155,562,266,296
120900156,981,286,695
120900157,0,4,-4
120900158,203,267,-64
120900159,3,86,-83
120900160,152,604,-452
120900161,99,632,-533
120900162,30,863,-833
120900163,148,2109,-1961
120900164,0,59,-59
120900165,2,115,-113
120900166,92,1597,-1505
120900167,258,124,134
120900169,453,352,101
120900170,260,10062,-9802
120900171,748,104,644
120900172,64,3741,-3677
120900173,0,67,-67
120900174,4,171,-167
120900175,410,176,234
120900176,41,1002,-961
120900177,5,5175,-5170
120900178,4,2017,-2013
120900179,113,336,-223
120900180,89,679,-590
120900181,96,90,6
120900182,107,597,-490
120900183,1288,209,1079
120900184,434,176,258
120900185,1304,2617,-1313
120900186,0,150,-150
120900187,1991,886,1105
120900188,713,20,693
120900189,125,7452,-7327
120900190,659,4,655
120900191,506,10,496
120900192,7565,33287,-25722
120900194,241,459,-218
120900195,155,412,-257
120900196,564,203,361
120900197,1652,213,1439
120900198,188,511,-323
120900199,706,1480,-774
120900200,22,149,-127
120900201,248,89,159
120900202,0,180,-180
120900203,65,115,-50
120900204,157,238,-81
120900205,215,26,189
120900206,181,64,117
121000001,1147,5171,-4024
121000002,4338,4474,-136
121000003,12502,3936,8566
121000004,3528,6157,-2629
121000005,4193,5248,-1055
121000006,4750,5520,-770
121000007,4451,11079,-6628
121000008,6088,9641,-3553
121000009,8023,16014,-7991
121000010,10474,11367,-893
121000011,10817,14012,-3195
121000012,18722,7906,10816
121000013,11049,9381,1668
121000014,8194,6501,1693
121000015,8954,12218,-3264
121000016,6320,6731,-411
121000017,5017,2751,2266
121000018,6475,3433,3042
121000019,12369,11015,1354
121000020,14270,23957,-9687
121000021,3315,3755,-440
121000022,4583,7133,-2550
121000023,4437,1564,2873
121000024,8129,8784,-655
121000025,978,3170,-2192
121000026,638,334,304
121000027,3064,2237,827
121000028,1502,1611,-109
121000029,1749,1237,512
121000030,1518,1268,250
121000031,724,1812,-1088
121000032,400,290,110
121000034,708,2389,-1681
121000035,523,874,-351
121000036,2293,2376,-83
121000037,1177,2904,-1727
121000038,626,1734,-1108
121000039,333,815,-482
121000041,769,867,-98
121000042,313,838,-525
121000043,1060,1099,-39
121000044,2223,1668,555
121000045,962,488,474
121000046,1737,2152,-415
121000047,105,134,-29
121000049,1885,1188,697
121000050,453,3710,-3257
121000051,1080,712,368
121000052,778,2325,-1547
121000053,1102,623,479
121000054,108,1191,-1083
121000055,1787,6533,-4746
121000056,1710,2663,-953
121000057,288,1077,-789
121000058,313,168,145
121000059,5974,2503,3471
121000060,880,1758,-878
121000061,85,899,-814
121000062,190,2469,-2279
121000063,1346,2021,-675
121000064,884,962,-78
121000065,221,1320,-1099
121000066,797,1276,-479
121000067,692,2674,-1982
121000068,622,1014,-392
121000069,215,2785,-2570
121000070,2206,3647,-1441
121000071,3610,3966,-356
121000072,1426,3361,-1935
121000073,1620,2950,-1330
121000074,109,508,-399
121000075,16,411,-395
121000076,490,1360,-870
121000077,302,417,-115
121000078,246,568,-322
121000080,5155,1337,3818
121000081,9666,8253,1413
121000082,128,583,-455
121000083,96,376,-280
121000084,308,487,-179
121000085,486,768,-282
121000086,2198,782,1416
121000087,163,420,-257
121000088,1492,652,840
121000089,366,1208,-842
121000090,359,845,-486
121000091,1764,1389,375
121000092,417,124,293
121000093,485,522,-37
121000094,448,2121,-1673
121000095,245,1488,-1243
121000096,12125,3489,8636
121000097,1031,4265,-3234
121000098,1231,963,268
121000099,1570,778,792
121000100,1876,280,1596
121000101,852,279,573
121000102,800,164,636
121000103,491,199,292
121000104,632,116,516
121000105,935,324,611
121000106,691,377,314
121000107,2707,4838,-2131
121000109,2251,1366,885
121000110,309,1196,-887
121000114,7000,4570,2430
121000115,7280,1075,6205
121000116,602,1681,-1079
121000117,500,565,-65
121000118,2710,541,2169
121000119,683,429,254
121000120,1068,777,291
121000121,724,4531,-3807
121000123,1361,635,726
121000126,91,716,-625
121000127,188,257,-69
121000128,2730,301,2429
121000129,2180,337,1843
121000130,871,861,10
121000131,2284,1336,948
121000132,769,1185,-416
121000135,481,874,-393
121000136,1463,3085,-1622
121000137,2272,706,1566
121000138,789,2894,-2105
121000139,252,978,-726
121000141,534,724,-190
121000142,833,858,-25
121000143,203,37,166
121000144,919,1305,-386
121000145,1431,1209,222
121000146,2494,2585,-91
121000147,3130,1290,1840
121000148,1681,1268,413
121000149,4707,4097,610
121000152,705,751,-46
121000153,2629,939,1690
121000154,2758,1246,1512
121000155,6259,2301,3958
121000156,785,2389,-1604
121000157,1577,2397,-820
121000158,363,492,-129
121000159,489,808,-319
121000160,448,999,-551
121000161,532,515,17
121000162,291,137,154
121000165,2267,2880,-613
121000166,103,848,-745
121000168,697,373,324
121000169,276,289,-13
121000170,649,139,510
121000171,170,446,-276
121000172,2058,2733,-675
121000173,2794,2807,-13
121000174,1611,1425,186
121000175,3497,1556,1941
121000176,1417,502,915
121000177,1397,1660,-263
121000178,135,170,-35
121000179,70,133,-63
121000181,501,529,-28
121000182,615,881,-266
121000183,146,410,-264
121000184,69,578,-509
121000185,72,880,-808
121000186,730,2065,-1335
121000187,599,135,464
121000188,670,194,476
121000192,1923,750,1173
121000193,1572,677,895
121000194,3785,3863,-78
121000195,458,2793,-2335
121000196,1132,1027,105
121000197,240,3754,-3514
121000198,240,761,-521
121000199,252,1502,-1250
121000200,1348,600,748
121000201,33,877,-844
121000202,970,481,489
121000203,1848,3335,-1487
121000204,6356,1203,5153
121000205,201,469,-268
121000206,166,283,-117
121000207,4236,889,3347
121000208,4,557,-553
121000209,1734,140,1594
121000210,1450,748,702
121000211,1218,241,977
121000212,669,1294,-625
121000213,34562,6153,28409
121000214,2848,4373,-1525
121000215,1156,4916,-3760
121000216,1076,1347,-271
121000217,7193,6914,279
121000218,786,5656,-4870
121000219,3323,1949,1374
121000220,480,274,206
121000221,397,1356,-959
121000222,9028,7173,1855
121000223,214,1602,-1388
121000224,126,1201,-1075
121000225,812,7707,-6895
121000226,1537,4043,-2506
121000227,25,196,-171
121000228,68,1443,-1375
121000229,1153,1127,26
121000230,147,6362,-6215
121000231,3518,42,3476
121000232,1213,573,640
121000233,1329,581,748
121000234,33,100,-67
121000235,113,77,36
121000236,4,67,-63
121000237,41,39,2
121000238,26,157,-131
121000239,104,6,98
121000240,20,218,-198
121000241,183,30,153
121000242,41,500,-459
121000243,237,71,166
121000244,5,102,-97
121000245,32,31,1
121000246,1,168,-167
121000247,182,5,177
121000248,568,1246,-678
121000249,199,762,-563
121000250,1106,940,166
121000251,24,424,-400
121000252,241,305,-64
121000253,923,1001,-78
121000254,1457,567,890
121000255,272,1441,-1169
121000256,774,2084,-1310
121000257,85,360,-275
121000258,78,660,-582
121000259,37,386,-349
121000260,67,640,-573
121000261,84,511,-427
121000262,5177,664,4513
121000263,808,730,78
121000271,2109,2873,-764
121000273,66,79,-13
121000274,55,434,-379
121000275,2,44,-42
121000276,25,139,-114
121000278,155,73,82
121000279,103,437,-334
121000280,134,146,-12
121000289,974,36,938
121000290,3566,3367,199
121000294,595,51,544
121000297,680,2417,-1737
121000299,293,9094,-8801
121000300,4440,1688,2752
121000302,33,1188,-1155
121000303,1222,479,743
121000304,884,198,686
121000305,484,239,245
121000306,470,700,-230
121000308,160,567,-407
121000309,362,780,-418
121000310,194,548,-354
121000311,137,566,-429
121000312,1268,902,366
121000313,643,633,10
121000314,46,108,-62
121000315,47,111,-64
121000530,4812,4086,726
121000531,4604,2822,1782
121000532,9656,9255,401
121000533,6591,6143,448
121000918,23,79,-56
121000919,37,132,-95
121000938,173,132,41
121000939,45,406,-361
121000956,2849,4171,-1322
121000957,6,143,-137
121000958,10,694,-684
121000959,3198,516,2682
121000960,3715,2106,1609
121000961,778,91,687
121000962,666,577,89
121000973,0,596,-596
121000976,25,157,-132
121000979,914,375,539
121000981,852,110,742
121000982,716,390,326
121000983,1211,223,988
121000984,9,268,-259
121000985,2270,935,1335
121000986,1527,232,1295
121000987,874,1263,-389
121000988,2512,246,2266
121001302,585,407,178
121001308,0,219,-219
121001309,25,492,-467
121001313,583,83,500
121001314,3671,2524,1147
121001315,8653,6384,2269
121900001,281,596,-315
121900002,43,307,-264
121900003,572,25,547
121900004,84,2323,-2239
121900005,35,24,11
121900006,422,37,385
121900007,4261,3408,853
121900008,30,355,-325
121900009,2062,31,2031
121900010,452,2,450
121900011,516,200,316
121900012,3,2,1
121900013,235,183,52
121900014,7117,770,6347
121900015,176,413,-237
121900016,19,77,-58
121900017,1039,1695,-656
121900018,1191,22,1169
121900019,1573,334,1239
121900020,100,5,95
121900021,3068,121,2947
121900022,391,396,-5
121900023,605,841,-236
121900024,1095,94,1001
121900025,1256,1021,235
121900026,917,218,699
121900027,761,507,254
121900028,428,33,395
121900029,362,872,-510
121900030,886,1153,-267
121900031,3186,11828,-8642
121900032,256,192,64
121900033,296,442,-146
121900034,464,844,-380
121900035,14239,6645,7594
121900036,302,766,-464
121900037,169,2265,-2096
121900038,97,202,-105
121900039,349,64,285
121900040,97,237,-140
121900041,68,392,-324
121900042,821,436,385
121900043,0,11,-11
121900044,135,67,68
121900046,272,485,-213
121900047,342,141,201
121900048,188,140,48
121900050,33,110,-77
121900051,245,713,-468
121900052,360,122,238
121900053,983,936,47
121900054,493,3148,-2655
121900055,20,41,-21
121900058,851,891,-40
121900059,576,290,286
121900060,291,1851,-1560
121900061,285,266,19
121900062,306,126,180
121900063,3261,1949,1312
121900064,757,1444,-687
121900066,211,48,163
121900067,145,102,43
121900069,222,479,-257
121900070,165,385,-220
121900071,1395,653,742
121900072,53,295,-242
121900073,225,439,-214
121900074,935,1028,-93
121900075,518,1638,-1120
121900076,1001,3677,-2676
121900077,68,54,14
121900078,364,67,297
121900079,1,0,1
121900080,1940,604,1336
121900082,103,339,-236
121900084,64,92,-28
121900085,12,7,5
121900086,67,60,7
121900087,104,129,-25
121900088,2410,3844,-1434
121900089,960,405,555
121900090,31,55,-24
121900091,174,45,129
121900092,455,142,313
121900093,166,152,14
121900094,23,49,-26
121900095,666,203,463
121900096,2084,1566,518
121900097,1754,200,1554
121900098,29,9,20
121900099,626,48,578
121900100,89,215,-126
121900101,132,271,-139
121900102,4,120,-116
121900103,837,670,167
121900104,4061,1199,2862
121900105,577,332,245
121900106,12,13,-1
121900107,351,50,301
121900108,2,148,-146
121900109,400,288,112
121900110,1822,1154,668
121900111,1178,801,377
121900112,287,493,-206
121900113,174,1180,-1006
121900114,98,158,-60
121900115,377,452,-75
121900117,380,714,-334
121900118,4858,1528,3330
121900119,246,75,171
121900120,413,1940,-1527
121900121,863,26,837
121900122,140,84,56
121900123,604,535,69
121900124,423,418,5
121900125,7434,2692,4742
121900127,12,219,-207
121900128,163,148,15
121900129,323,219,104
121900130,166,832,-666
121900131,483,239,244
121900132,142,143,-1
121900133,30,907,-877
121900134,36,980,-944
121900135,9411,780,8631
121900136,400,915,-515
121900137,116,677,-561
121900138,94,836,-742
121900139,571,6366,-5795
121900140,91,103,-12
121900141,97,148,-51
121900142,264,67,197
121900143,47,237,-190
121900144,280,1267,-987
121900145,385,439,-54
121900146,687,988,-301
121900147,83,763,-680
121900148,445,893,-448
121900149,631,453,178
121900150,79,419,-340
121900151,46,649,-603
121900152,428,108,320
121900153,67,253,-186
121900154,32,797,-765
121900155,9,1219,-1210
121900156,483,403,80
121900157,4,494,-490
121900158,231,230,1
121900159,1,222,-221
121900160,48,247,-199
121900161,403,785,-382
121900162,184,435,-251
121900163,1175,240,935
121900164,322,456,-134
121900165,341,536,-195
121900166,237,298,-61
121900167,125,87,38
121900168,228,143,85
121900169,27,580,-553
121900170,29,169,-140
121900171,2140,1263,877
121900172,1478,744,734
121900173,1601,744,857
121900174,146,61,85
121900175,199,2140,-1941
121900176,1131,3804,-2673
121900177,295,199,96
121900178,80,127,-47
121900179,646,635,11
121900180,2670,10728,-8058
121900182,1299,1811,-512
121900183,362,3163,-2801
121900184,46,1976,-1930
121900186,19,1235,-1216
121900187,28,311,-283
121900188,3177,340,2837
121900189,297,229,68
121900190,311,919,-608
121900191,65,756,-691
121900192,391,4476,-4085
121900193,103,758,-655
121900194,16,610,-594
121900195,32,113,-81
121900196,2377,1787,590
121900197,433,1905,-1472
121900198,6560,5355,1205
121900199,1,105,-104
121900200,61,450,-389
121900201,2068,1394,674
121900202,395,2084,-1689
121900203,166,2332,-2166
121900204,3491,2597,894
121900205,41,222,-181
121900206,16,501,-485
121900207,113,149,-36
121900208,215,1403,-1188
121900209,199,123,76
121900210,4243,2153,2090
121900211,67,171,-104
121900212,19,259,-240
121900213,936,39,897
121900214,5,1194,-1189
121900215,121,551,-430
121900216,33,968,-935
121900217,678,598,80
121900218,213,1064,-851
121900220,161,48,113
121900221,1161,929,232
121900222,749,93,656
121900223,362,400,-38
121900224,292,270,22
121900225,247,1215,-968
121900226,644,40,604
121900227,563,5880,-5317
121900228,512,183,329
121900229,648,1564,-916
121900230,149,843,-694
121900231,120,2757,-2637
121900232,289,1251,-962
121900233,1226,443,783
121900234,833,1198,-365
121900235,1477,240,1237
121900236,670,410,260
121900237,423,1863,-1440
121900238,313,869,-556
121900239,253,93,160
121900240,280,547,-267
121900241,115,75,40
121900242,44,0,44
121900243,14,0,14
121900244,48,1,47
121900245,935,75,860
121900246,13397,801,12596
121900247,819,401,418
121900248,3763,1421,2342
121900250,220,369,-149
121900251,1367,52,1315
121900252,785,239,546
121900253,57,1780,-1723
121900254,436,596,-160
121900255,1219,338,881
121900258,9100,3282,5818
121900259,181,983,-802
121900260,397,247,150
121900261,155,1849,-1694
121900262,1268,2890,-1622
121900263,621,380,241
121900264,1934,1356,578
121900265,944,295,649
121900266,1335,258,1077
121900267,446,58,388
121900269,667,1865,-1198
121900270,83,381,-298
121900271,261,425,-164
121900273,911,3960,-3049
121900274,1016,474,542
121900276,47,28,19
121900277,477,4195,-3718
121900278,304,5016,-4712
121900279,339,351,-12
121900280,169,583,-414
121900281,181,752,-571
121900284,97,6,91
121900286,342,899,-557
121900287,12,108,-96
121900290,298,2469,-2171
121900291,630,3254,-2624
121900292,395,185,210
121900293,1188,14005,-12817
121900294,925,16,909
121900295,477,232,245
121900296,137,496,-359
121900298,298,2406,-2108
121900299,2,29,-27
121900300,79,6,73
121900301,72,1,71
121900302,25,131,-106
121900303,352,2391,-2039
121900304,73,44,29
121900305,79,44,35
121900306,777,8,769
121900307,342,14,328
121900308,50,307,-257
121900309,38,197,-159
121900310,14,179,-165
121900311,1198,67,1131
121900312,999,121,878
121900313,871,43,828
121900314,10,42,-32
121900315,133,1,132
121900316,0,7,-7
121900317,47,60,-13
121900318,1,5,-4
121900319,119,550,-431
121900320,134,40,94
121900321,36,2,34
121900322,28,3,25
121900323,109,88,21
121900324,4,113,-109
121900325,80,1,79
121900326,4,7,-3
121900327,2,55,-53
121900328,1,101,-100
121900329,4,43,-39
121900330,1,111,-110
121900331,25,108,-83
121900332,69,71,-2
121900333,51,3,48
122000001,2583,6045,-3462
122000002,3624,1335,2289
122000003,1382,3245,-1863
122000004,1697,1515,182
122000005,11301,3078,8223
122000006,810,2044,-1234
122000007,830,2375,-1545
122000008,1803,4305,-2502
122000009,676,743,-67
122000010,4036,4199,-163
122000011,8744,3086,5658
122000012,1209,5669,-4460
122000013,818,3378,-2560
122000014,10349,3243,7106
122000015,1843,1334,509
122000016,600,984,-384
122000017,2536,2252,284
122000018,5571,3846,1725
122000019,1426,3971,-2545
122000020,299,1146,-847
122000021,198,512,-314
122000022,1977,2883,-906
122000023,2127,4532,-2405
122000024,667,4933,-4266
122000025,823,5657,-4834
122000026,291,1591,-1300
122000027,1340,1415,-75
122000028,4139,1424,2715
122000029,426,3073,-2647
122000030,210,645,-435
122000031,268,1097,-829
122000032,9721,4792,4929
122000033,611,6482,-5871
122000034,391,2116,-1725
122000035,282,748,-466
122000036,804,1725,-921
122000037,2109,493,1616
122000038,456,1184,-728
122000039,833,1520,-687
122000040,323,771,-448
122000041,3339,1711,1628
122000042,529,1601,-1072
122000043,120,339,-219
122000044,146,256,-110
122000045,3093,1626,1467
122000046,1649,2758,-1109
122000047,139,520,-381
122000048,3329,7448,-4119
122000049,13038,7405,5633
122000050,828,1295,-467
122000051,322,861,-539
122000052,843,862,-19
122000053,503,2138,-1635
122000054,3253,4446,-1193
122000055,2468,5175,-2707
122000056,5425,3412,2013
122000057,6954,4878,2076
122000058,1007,2530,-1523
122000059,1067,4424,-3357
122000060,349,1603,-1254
122000061,210,1052,-842
122000062,976,384,592
122000063,409,2072,-1663
122000064,4295,10197,-5902
122000065,3324,7236,-3912
122000066,1116,5207,-4091
122000067,2187,3781,-1594
122000068,10249,2776,7473
122000069,3071,2482,589
122000070,4252,3149,1103
122000071,7473,2299,5174
122000072,2848,1231,1617
122000073,238,2712,-2474
122000074,4475,3478,997
122000075,2286,1914,372
122000076,12940,3294,9646
122000077,802,3531,-2729
122000078,701,4218,-3517
122000079,235,5325,-5090
122000080,560,941,-381
122000081,123,585,-462
122000082,370,2271,-1901
122000083,21955,1919,20036
122000084,7240,3492,3748
122000085,641,2062,-1421
122000086,6040,17038,-10998
122000087,537,524,13
122000088,108,592,-484
122000089,10254,6081,4173
122000090,1715,4461,-2746
122000091,219,2811,-2592
122000092,32,150,-118
122000093,3016,11101,-8085
122000094,13569,5872,7697
122000095,1201,11915,-10714
122000096,668,7098,-6430
122000098,9941,7057,2884
122000099,682,4579,-3897
122000100,1229,1302,-73
122000101,522,1282,-760
122000102,8217,2216,6001
122000103,2201,4679,-2478
122000104,2925,324,2601
122000105,324,960,-636
122000106,883,3022,-2139
122000107,2208,1004,1204
122000108,1312,1360,-48
122000109,576,384,192
122000110,1341,997,344
122000111,5613,2837,2776
122000112,3257,3365,-108
122000113,1073,1492,-419
122000114,2171,8308,-6137
122000115,3608,2206,1402
122000116,504,1224,-720
122000117,2657,879,1778
122000118,1389,839,550
122000119,3056,1604,1452
122000120,1350,3229,-1879
122000121,884,2027,-1143
122000122,457,1062,-605
122000123,1764,2472,-708
122000124,1070,763,307
122000125,477,776,-299
122000126,474,678,-204
122000127,499,653,-154
122000128,277,468,-191
122000129,733,4013,-3280
122000130,5875,1231,4644
122000131,2679,1390,1289
122000132,420,365,55
122000133,1692,1142,550
122000134,2245,1074,1171
122000135,877,336,541
122000136,1531,695,836
122000137,5289,1859,3430
122000139,1586,7540,-5954
122000140,208,3727,-3519
122000141,10665,5416,5249
122000142,171,6612,-6441
122000143,403,449,-46
122000144,3395,2575,820
122000145,1632,4045,-2413
122000146,886,8262,-7376
122000147,895,2157,-1262
122000148,452,2955,-2503
122000149,3277,1498,1779
122000150,3081,2125,956
122000151,224,650,-426
122000152,706,763,-57
122000153,820,852,-32
122000154,466,286,180
122000155,1870,6619,-4749
122000156,20434,8250,12184
122000157,1019,21100,-20081
122000158,511,2516,-2005
122000159,1560,1748,-188
122000160,3713,2161,1552
122000161,1933,1488,445
122000162,1699,1664,35
122000163,1188,328,860
122000164,92,536,-444
122000165,2000,2953,-953
122000166,1123,4726,-3603
122000167,446,1399,-953
122000168,450,2541,-2091
122000169,940,497,443
122000170,473,734,-261
122000171,53,114,-61
122000172,4132,2759,1373
122000173,3326,6160,-2834
122000174,1765,3897,-2132
122000175,940,616,324
122000176,500,3129,-2629
122000177,1133,3136,-2003
122000178,9544,7183,2361
122000179,6249,6453,-204
122000180,946,1707,-761
122000181,935,2539,-1604
122000182,2354,2134,220
122000183,4951,1716,3235
122000184,5417,4974,443
122000185,1454,6078,-4624
122000186,1080,4098,-3018
122000187,3238,3397,-159
122000188,690,661,29
122000189,459,533,-74
122000190,994,3375,-2381
122000191,1334,1455,-121
122000192,2293,930,1363
122000193,913,1765,-852
122000194,859,625,234
122000195,271,2940,-2669
122000196,2242,639,1603
122000197,691,1268,-577
122000198,713,5609,-4896
122000199,558,824,-266
122000200,1541,1663,-122
122000201,1491,5879,-4388
122000202,1320,4211,-2891
122000203,3008,2112,896
122000204,1782,1818,-36
122000205,1467,977,490
122000206,11878,1934,9944
122000207,3333,4633,-1300
122000208,3925,5691,-1766
122000209,4494,1610,2884
122000210,2855,6701,-3846
122000211,1955,3981,-2026
122000212,1591,994,597
122000213,1758,3525,-1767
122000214,3400,3436,-36
122000215,5053,3532,1521
122000217,2489,5456,-2967
122000218,1711,167,1544
122000219,3205,1805,1400
122000220,460,1309,-849
122000221,510,699,-189
122000222,1019,239,780
122000223,1023,1211,-188
122000225,888,1220,-332
122000226,1987,2067,-80
122000227,307,2696,-2389
122000228,534,399,135
122000229,24,905,-881
122000230,125,1321,-1196
122000231,537,1151,-614
122000232,867,1011,-144
122000233,0,108,-108
122000234,1292,146,1146
122000235,1030,219,811
122000236,2989,59,2930
122000237,217,593,-376
122000238,836,1656,-820
122000239,1339,1085,254
122000240,2548,1143,1405
122000241,4369,1050,3319
122000242,1114,305,809
122000243,18,37,-19
122000244,8,553,-545
122000245,9,39,-30
122000246,38,211,-173
122000247,1122,572,550
122000248,2107,1158,949
122000249,2497,1761,736
122000250,3790,1614,2176
122000251,138,317,-179
122000252,349,152,197
122000253,147,292,-145
122000254,689,105,584
122000255,692,780,-88
122000256,592,1036,-444
122000257,620,185,435
122000258,542,1002,-460
122000259,107,681,-574
122000260,16,43,-27
122000261,26,553,-527
122000262,0,51,-51
122000263,410,549,-139
122000264,3361,969,2392
122000265,6312,2633,3679
122000266,7260,1365,5895
122000267,207,397,-190
122000268,405,518,-113
122000269,1748,853,895
122000270,1236,562,674
122000271,374,6578,-6204
122000272,747,1925,-1178
122000273,1238,842,396
122000274,798,593,205
122000275,115,534,-419
122000276,2406,961,1445
122000277,1925,3191,-1266
122000278,4067,387,3680
122000279,599,594,5
122000280,1016,1533,-517
122000281,1080,709,371
122000282,131,667,-536
122000283,382,294,88
122000284,128,147,-19
122000285,535,106,429
122000286,124,168,-44
122000287,3206,1992,1214
122000288,838,387,451
122000291,6199,1650,4549
122000293,330,139,191
122000294,278,760,-482
122000295,2132,347,1785
122000296,46,2091,-2045
122000297,3635,6357,-2722
122000299,1277,644,633
122000300,641,707,-66
122000301,14008,5811,8197
122000302,819,7729,-6910
122000303,3830,1653,2177
122000304,27,468,-441
122000305,4093,875,3218
122000306,228,435,-207
122000307,290,359,-69
122000309,141,85,56
122000310,33,99,-66
122000311,23,212,-189
122000312,354,337,17
122000313,53,216,-163
122000314,297,829,-532
122000315,590,56,534
122000316,2979,658,2321
122000317,5715,498,5217
122000318,450,3416,-2966
122000319,190,664,-474
122000320,570,1887,-1317
122000321,180,243,-63
122000322,2781,4369,-1588
122000323,787,4549,-3762
122000324,2784,4643,-1859
122000325,1267,6526,-5259
122000326,277,193,84
122000327,516,2357,-1841
122000328,700,1775,-1075
122000330,5581,4698,883
122000332,466,973,-507
122000333,42,85,-43
122000337,2894,691,2203
122000338,1116,409,707
122000340,271,7653,-7382
122000342,3398,1708,1690
122000343,1011,743,268
122000344,258,17,241
122000345,89,46,43
122000346,417,269,148
122000348,1325,1303,22
122000349,125,1058,-933
122000351,509,575,-66
122000352,339,318,21
122000353,396,118,278
122000355,249,510,-261
122000356,488,4203,-3715
122000357,89,46,43
122000358,9,3,6
122000359,0,11,-11
122000360,1,13,-12
122000362,41,34,7
122000364,658,220,438
122000365,1,95,-94
122000366,18,34,-16
122000368,807,1389,-582
122000370,50,26,24
122000371,89,0,89
122000372,25,14,11
122000381,406,655,-249
122000382,76,303,-227
122000384,1805,1976,-171
122000385,223,1,222
122000386,298,4486,-4188
122000387,636,3770,-3134
122000388,2435,3372,-937
122000389,427,2881,-2454
122000390,407,1527,-1120
122000391,118,3573,-3455
122000392,237,378,-141
122000393,83,227,-144
122000394,1771,412,1359
122000395,299,311,-12
122000396,777,143,634
122000397,40,143,-103
122000398,26,327,-301
122000399,243,109,134
122000400,36,2853,-2817
122000401,313,112,201
122000402,1022,394,628
122000403,1089,811,278
122000404,632,410,222
122000408,900,1276,-376
122000503,8,145,-137
122000524,138,1041,-903
122000544,149,6390,-6241
122000616,405,1,404
122000640,230,100,130
122000641,386,274,112
122000642,2851,844,2007
122000643,39,457,-418
122000644,386,140,246
122000645,35,291,-256
122000651,656,4968,-4312
122000664,301,218,83
122000665,3380,1279,2101
122000666,788,1356,-568
122000673,118,247,-129
122000674,1261,528,733
122000675,4410,1141,3269
122000686,1523,3725,-2202
122000687,3854,464,3390
122000688,566,977,-411
122000689,2779,841,1938
122000690,7378,3281,4097
122000691,2061,2264,-203
122000692,2486,417,2069
122000693,587,1336,-749
122000695,834,459,375
122000696,1553,298,1255
122000698,970,343,627
122000699,1126,350,776
122000701,5125,447,4678
122000702,985,2047,-1062
122000703,611,259,352
122000717,214,147,67
122000718,472,5507,-5035
122000719,50,258,-208
122000720,1676,208,1468
122000724,38,15,23
122900001,50,52,-2
122900002,1359,15865,-14506
122900003,1337,52,1285
122900004,3324,343,2981
122900005,39,231,-192
122900006,508,1511,-1003
122900007,90,662,-572
122900008,283,227,56
122900009,1561,742,819
122900010,637,323,314
122900012,320,629,-309
122900014,156,130,26
122900015,1796,1642,154
122900016,338,286,52
122900017,440,4022,-3582
122900018,479,12,467
122900019,34,116,-82
122900020,376,702,-326
122900021,60,790,-730
122900022,2846,1516,1330
122900023,1962,278,1684
122900024,143,221,-78
122900025,5,557,-552
122900026,29,259,-230
122900027,87,1221,-1134
122900028,113,143,-30
122900029,14780,4056,10724
122900030,8233,1032,7201
122900031,51,658,-607
122900032,2204,906,1298
122900033,374,289,85
122900034,10003,8762,1241
122900035,115,32,83
122900036,64,77,-13
122900037,910,632,278
122900038,135,5808,-5673
122900039,58,829,-771
122900040,434,2858,-2424
122900041,240,823,-583
122900042,408,447,-39
122900043,810,671,139
122900044,249,672,-423
122900045,245,674,-429
122900046,209,681,-472
122900047,147,363,-216
122900048,21,637,-616
122900049,7661,298,7363
122900051,181,2304,-2123
122900052,219,82,137
122900053,17,23,-6
122900055,1079,172,907
122900057,550,59,491
122900061,1163,145,1018
122900062,1124,1647,-523
122900063,460,198,262
122900064,1382,602,780
122900065,1010,310,700
122900066,1076,517,559
122900067,1147,614,533
122900068,206,345,-139
122900069,718,3907,-3189
122900070,880,179,701
122900071,168,377,-209
122900072,4,337,-333
122900073,22,163,-141
122900074,2291,143,2148
122900075,1,258,-257
122900076,11,585,-574
122900077,1,72,-71
122900078,471,20,451
122900080,23,90,-67
122900081,309,487,-178
122900082,3358,140,3218
122900083,695,109,586
122900084,6,199,-193
122900086,33,267,-234
122900087,902,709,193
122900088,39,1349,-1310
122900089,164,749,-585
122900090,23,310,-287
122900091,887,5,882
122900092,0,235,-235
122900093,0,117,-117
122900094,3,228,-225
122900095,456,60,396
122900096,929,376,553
122900097,54,115,-61
122900098,34,226,-192
122900099,273,104,169
122900100,129,1465,-1336
122900101,639,513,126
122900102,95,137,-42
122900103,417,6,411
122900104,727,14,713
122900105,45,29,16
122900106,4,55,-51
122900107,3,108,-105
122900108,2,158,-156
123000001,1207,2128,-921
123000002,4532,10694,-6162
123000003,10107,8444,1663
123000004,5922,5583,339
123000005,7739,4088,3651
123000006,5034,3044,1990
123000007,7677,4477,3200
123000008,5004,4912,92
123000009,7038,5978,1060
123000010,4460,8293,-3833
123000011,2630,3238,-608
123000012,1340,9948,-8608
123000013,10737,2782,7955
123000014,1429,6129,-4700
123000015,5378,1767,3611
123000016,4873,5506,-633
123000017,6829,3176,3653
123000018,161,169,-8
123000019,1583,76,1507
123000020,1123,59,1064
123000021,578,747,-169
123000022,947,3995,-3048
123000023,4231,6539,-2308
123000024,3269,1982,1287
123000025,21,448,-427
123000026,12,410,-398
123000027,59,1570,-1511
123000028,492,2067,-1575
123000029,343,2156,-1813
123000030,492,393,99
123000031,825,249,576
123000032,1516,251,1265
123000033,777,378,399
123000034,2346,1275,1071
123000035,1276,1099,177
123000036,351,2558,-2207
123000037,400,262,138
123000038,312,568,-256
123000039,906,2613,-1707
123000040,655,375,280
123000041,939,2996,-2057
123000042,630,2145,-1515
123000043,3306,28717,-25411
123000044,4268,4414,-146
123000045,7727,3445,4282
123000046,379,2373,-1994
123000047,691,1870,-1179
123000048,296,2942,-2646
123000049,9218,19801,-10583
123000050,5761,3571,2190
123000051,116,498,-382
123000052,1724,5812,-4088
123000053,5318,4369,949
123000054,6574,4581,1993
123000055,4053,12440,-8387
123000056,2420,790,1630
123000057,6691,11162,-4471
123000058,1220,3063,-1843
123000059,339,717,-378
123000060,2485,641,1844
123000061,563,791,-228
123000063,3161,2053,1108
123000064,3209,435,2774
123000065,7226,6681,545
123000066,828,1053,-225
123000067,2399,1273,1126
123000068,2801,3474,-673
123000069,5374,2024,3350
123000070,394,999,-605
123000071,5148,1309,3839
123000072,2741,1177,1564
123000073,4771,1402,3369
123000074,2765,2069,696
123000075,874,3961,-3087
123000076,2127,815,1312
123000077,4687,2221,2466
123000078,7535,1988,5547
123000079,7391,3292,4099
123000080,6358,2135,4223
123000081,619,812,-193
123000082,641,1425,-784
123000083,2893,328,2565
123000084,1812,570,1242
123000085,1276,149,1127
123000086,2179,353,1826
123000087,873,447,426
123000088,2968,970,1998
123000089,2260,2387,-127
123000090,3658,1663,1995
123000091,4770,2661,2109
123000092,1962,3127,-1165
123000094,2131,344,1787
123000095,2820,1845,975
123000096,3100,794,2306
123000097,2282,570,1712
123000098,2250,950,1300
123000099,1828,480,1348
123000100,487,1597,-1110
123000101,882,710,172
123000102,1081,2436,-1355
123000104,804,733,71
123000105,737,382,355
123000106,1301,712,589
123000107,792,555,237
123000108,1364,1711,-347
123000111,2562,774,1788
123000112,3275,700,2575
123000113,1279,1294,-15
123000114,856,1350,-494
123000115,708,776,-68
123000116,90,187,-97
123000117,5734,2671,3063
123000118,1192,749,443
123000119,576,756,-180
123000120,406,1298,-892
123000121,1155,1551,-396
123000122,723,758,-35
123000123,1267,1112,155
123000124,794,713,81
123000125,2833,1815,1018
123000126,2051,10049,-7998
123000127,735,785,-50
123000128,673,549,124
123000129,2343,359,1984
123000130,2331,111,2220
123000131,3730,1538,2192
123000132,738,1315,-577
123000133,263,540,-277
123000134,476,130,346
123000135,6209,1701,4508
123000136,341,751,-410
123000137,436,360,76
123000138,327,458,-131
123000139,1468,521,947
123000140,83,670,-587
123000141,1600,266,1334
123000142,1986,1336,650
123000143,1242,3034,-1792
123000144,18,107,-89
123000145,336,704,-368
123000146,24,242,-218
123000147,144,415,-271
123000149,616,620,-4
123000150,230,385,-155
123000151,229,1349,-1120
123000152,48,1366,-1318
123000153,135,1405,-1270
123000154,1708,3428,-1720
123000155,3403,2877,526
123000156,55,141,-86
123000157,1559,1536,23
123000158,1034,1667,-633
123000159,5641,11484,-5843
123000160,2205,3158,-953
123000161,3009,2417,592
123000162,3965,3679,286
123000163,1894,717,1177
123000164,5137,681,4456
123000165,344,1720,-1376
123000166,63,150,-87
123000167,173,367,-194
123000168,611,284,327
123000169,2214,341,1873
123000170,211,131,80
123000171,3298,10,3288
123000172,204,844,-640
123000173,1316,1370,-54
123000174,1753,902,851
123000175,663,1561,-898
123000176,2243,1198,1045
123000177,764,1402,-638
123000178,2354,525,1829
123000179,68,1187,-1119
123000180,3477,618,2859
123000181,469,1291,-822
123000182,511,1119,-608
123000183,369,789,-420
123000184,95,938,-843
123000185,2422,1238,1184
123000186,13,359,-346
123000187,1454,30,1424
123000188,1159,4,1155
123000189,534,169,365
123000190,144,115,29
123000192,8,466,-458
123000193,26,671,-645
123000194,482,289,193
123000195,877,43,834
123000196,1591,75,1516
123000197,220,226,-6
123000198,192,562,-370
123000199,37,627,-590
123000200,1590,33,1557
123000201,3479,35,3444
123000202,36,617,-581
123000203,3205,115,3090
123000204,95,602,-507
123000205,238,926,-688
123000206,6627,514,6113
123000207,137,976,-839
123000208,1651,206,1445
123000209,3720,1061,2659
123000210,174,1967,-1793
123000211,644,2174,-1530
123000212,9677,891,8786
123000213,1511,60,1451
123000215,160,354,-194
123000216,530,2599,-2069
123000217,455,91,364
123000218,87,1362,-1275
123000219,1781,151,1630
123000220,1267,273,994
123000221,424,628,-204
123000222,1056,653,403
123000223,1530,474,1056
123000224,1258,518,740
123000225,615,148,467
123000226,245,2044,-1799
123000227,102,471,-369
123000228,729,119,610
123000229,1138,1966,-828
123000232,302,706,-404
123000233,1753,190,1563
123000234,271,892,-621
123000235,3319,478,2841
123000236,737,640,97
123000237,1028,270,758
123000238,107,555,-448
123000239,682,1289,-607
123000240,99,2252,-2153
123000241,1086,241,845
123000242,562,561,1
123000243,1335,1382,-47
123000244,1322,733,589
123000245,155,208,-53
123000249,1852,1277,575
123000252,1828,854,974
123000253,3434,1127,2307
123000254,1086,1085,1
123000255,2301,1577,724
123000256,60,301,-241
123000257,3825,1634,2191
123000258,1637,830,807
123000259,1068,650,418
123000260,1447,431,1016
123000261,911,246,665
123000262,119,155,-36
123000263,1059,111,948
123000264,322,204,118
123000265,53,250,-197
123000266,944,737,207
123000267,1517,644,873
123000268,111,65,46
123000269,73,270,-197
123000270,68,179,-111
123000271,59,110,-51
123000272,1245,471,774
123000273,541,2383,-1842
123000274,2171,1879,292
123000275,383,1156,-773
123000278,2813,8399,-5586
123000279,378,168,210
123000280,754,482,272
123000281,780,357,423
123000282,224,630,-406
123000283,359,123,236
123000284,111,84,27
123000286,163,1051,-888
123000287,591,962,-371
123000288,1374,3007,-1633
123000289,370,3763,-3393
123000291,176,1910,-1734
123000294,131,206,-75
123000295,1093,2243,-1150
123000296,1417,973,444
123000297,1376,545,831
123000298,2360,518,1842
123000299,221,214,7
123000300,2976,1688,1288
123000301,261,963,-702
123000302,327,142,185
123000303,125,743,-618
123000305,2072,1682,390
123000306,522,80,442
123000309,104,162,-58
123000310,126,139,-13
123000311,0,322,-322
123000312,658,663,-5
123000313,906,892,14
123000315,286,443,-157
123000316,1325,435,890
123000317,506,186,320
123000318,109,459,-350
123000329,6,40,-34
123000337,543,660,-117
123000338,187,393,-206
123000339,978,39,939
123000340,113,509,-396
123000342,4,188,-184
123000343,445,33,412
123000344,772,299,473
123000345,697,557,140
123000346,1266,179,1087
123000352,3815,1584,2231
123000353,198,203,-5
123000354,1160,13,1147
123000355,3,505,-502
123000356,1504,34,1470
123000357,23,173,-150
123000359,13,74,-61
123000360,1161,711,450
123000361,1368,591,777
123000362,1108,329,779
123000363,444,368,76
123000364,866,1031,-165
123000365,51,631,-580
123000366,654,7193,-6539
123000367,516,917,-401
123000370,79,3211,-3132
123000371,1014,820,194
123000372,881,173,708
123000373,38,726,-688
123000374,15,220,-205
123000375,1040,107,933
123000376,1743,1761,-18
123000377,1950,48,1902
123000378,43,630,-587
123000379,19,1194,-1175
123000380,18,597,-579
123000381,93,286,-193
123000382,1130,307,823
123000383,288,1704,-1416
123000384,1449,383,1066
123000385,369,1337,-968
123000436,183,3068,-2885
123000507,104,237,-133
123000508,193,2341,-2148
123000517,386,25,361
123000518,32,102,-70
123000519,433,132,301
123000520,69,130,-61
123000521,1038,112,926
123000522,390,312,78
123000541,39,9,30
123000542,0,12,-12
123000565,1560,110,1450
123000566,1254,117,1137
123000567,315,97,218
123000573,75,865,-790
123000574,2072,138,1934
123000575,4142,726,3416
123000576,1764,1155,609
123000577,214,1871,-1657
123000578,948,387,561
123000579,1608,15450,-13842
123000580,260,219,41
123000582,1758,69,1689
123000583,37,634,-597
123000584,496,506,-10
123000585,1,37,-36
123000586,812,34,778
123000596,89,126,-37
123000597,122,306,-184
123000602,253,38,215
123000603,2914,514,2400
123000604,1790,525,1265
123000605,2229,399,1830
123000606,1,1035,-1034
123000609,60,563,-503
123000610,297,161,136
123000613,128,156,-28
123000614,915,105,810
123000615,128,150,-22
123000616,2932,78,2854
123000617,243,402,-159
123000618,59,887,-828
123000619,785,52,733
123000620,29,444,-415
123000622,1011,32,979
123000624,422,104,318
123000630,3787,1071,2716
123000631,557,733,-176
123000632,1288,1245,43
123000633,0,527,-527
123000634,126,1153,-1027
123000635,97,365,-268
123000636,91,672,-581
123000637,617,94,523
123000638,1581,43,1538
123000639,1823,14493,-12670
123000640,6,593,-587
123900001,1799,264,1535
123900002,44,3088,-3044
123900003,205,728,-523
123900005,603,535,68
123900006,1188,276,912
124000001,3732,359,3373
124000002,96,1913,-1817
124000003,2700,317,2383
124000004,126,573,-447
124000005,2429,3430,-1001
124000006,234,657,-423
124000007,2228,336,1892
124000008,4,1129,-1125
124000009,1517,963,554
124000010,737,842,-105
124000011,1854,1885,-31
124000012,636,456,180
124000017,672,199,473
124000018,171,87,84
124000019,721,242,479
124000020,40,138,-98
124000021,278,168,110
124000022,89,299,-210
124000023,2964,2619,345
124000024,1932,440,1492
124000025,2579,2377,202
124000026,1537,1266,271
124000027,5482,5847,-365
124000028,1850,4664,-2814
124000030,1868,1793,75
124000031,2304,18021,-15717
124000032,2346,926,1420
124000033,449,862,-413
124000034,1389,911,478
124000035,33,338,-305
124000036,77,364,-287
124000037,388,1229,-841
124000038,24,223,-199
124000039,585,532,53
124000040,296,1360,-1064
124000041,1460,417,1043
124000042,311,662,-351
124000043,269,184,85
124000044,60,595,-535
124000045,3532,596,2936
124000046,360,1232,-872
124000047,6175,982,5193
124000048,1507,921,586
124000049,4322,695,3627
124000050,1806,1244,562
124000051,2659,691,1968
124000052,1312,799,513
124000053,597,4767,-4170
124000054,1009,467,542
124000055,1703,12821,-11118
124000056,2294,1004,1290
124000057,3205,603,2602
124000058,1497,1384,113
124000059,2781,2128,653
124000060,711,757,-46
124000061,2006,10965,-8959
124000062,2588,1550,1038
124000063,1580,1315,265
124000064,2197,1464,733
124000065,11,1816,-1805
124000066,185,49,136
124000067,402,357,45
124000068,46,62,-16
124000069,495,26,469
124000070,213,61,152
124000071,278,294,-16
124000072,688,1146,-458
124000073,2193,252,1941
124000074,570,775,-205
124000075,1156,102,1054
124000076,33,94,-61
124000077,393,1163,-770
124000078,2049,1398,651
124000079,425,1642,-1217
124000080,1745,389,1356
124000081,429,657,-228
124000082,143,374,-231
124000083,76,111,-35
124000084,49,1249,-1200
124000085,96,101,-5
124000086,34,572,-538
124000087,72,466,-394
124000088,147,795,-648
124000089,1212,381,831
124000090,230,326,-96
124000091,1219,166,1053
124000092,243,482,-239
124000093,300,307,-7
124000094,256,959,-703
124000095,411,168,243
124000096,335,261,74
124000097,370,272,98
124000098,153,122,31
124000099,447,108,339
124000100,91,61,30
124000101,331,444,-113
124000102,192,72,120
124000103,496,337,159
124000104,171,89,82
124000105,402,224,178
124000106,176,69,107
124000107,64,482,-418
124000108,109,19,90
124000109,337,175,162
124000110,127,64,63
124000111,457,140,317
124000112,1640,764,876
124000113,427,190,237
124000114,671,593,78
124000115,354,1085,-731
124000116,177,393,-216
124000117,36,95,-59
124000118,69,191,-122
124000119,1610,1769,-159
124000120,1369,1279,90
124000121,1285,1298,-13
124000122,567,1958,-1391
124000123,1460,548,912
124000124,570,849,-279
124000125,735,518,217
124000126,490,555,-65
124000127,2102,578,1524
124000128,969,1008,-39
124000129,2607,1884,723
124000130,591,749,-158
124000131,1143,1165,-22
124000132,591,1309,-718
124000133,2461,1626,835
124000134,1414,948,466
124000135,3496,3702,-206
124000136,1042,1329,-287
124000137,1373,2440,-1067
124000138,1203,1351,-148
124000139,725,223,502
124000140,12,855,-843
124000141,46,53,-7
124000142,3,456,-453
124000143,131,60,71
124000144,14,74,-60
124000145,191,488,-297
124000146,61,461,-400
124000148,26,92,-66
124000149,2220,338,1882
124000150,414,968,-554
124000151,2280,723,1557
124000152,1193,1269,-76
124000153,1722,1571,151
124000154,770,967,-197
124000155,1828,1295,533
124000156,946,1366,-420
124000169,326,1605,-1279
124000170,1889,1148,741
124000171,656,825,-169
124000172,498,1068,-570
124000173,1678,446,1232
124000174,907,863,44
124000175,24,151,-127
124000176,146,49,97
124000177,11,86,-75
124000178,92,101,-9
124000190,84,75,9
124000191,26,176,-150
124000192,2494,1903,591
124000193,389,7193,-6804
124000194,333,602,-269
124000195,771,659,112
124000196,932,1186,-254
124000197,74,47,27
124000198,174,179,-5
124000201,107,890,-783
124000202,1157,192,965
124000203,1855,241,1614
124000204,3533,1233,2300
124000205,206,374,-168
124000206,2609,462,2147
124000207,0,26,-26
124000209,296,352,-56
124000210,2670,393,2277
124000211,2196,6,2190
124000212,1,178,-177
124000213,1743,120,1623
124000214,1503,461,1042
124000215,1248,25,1223
124000216,6,242,-236
124000329,659,887,-228
124000338,536,813,-277
124000339,4566,62,4504
124000341,4890,123,4767
124000344,51,9,42
124000357,1830,6038,-4208
124000358,853,2851,-1998
124000359,2719,1429,1290
124000360,2462,1052,1410
124000361,3079,1897,1182
124000362,2853,5506,-2653
124000363,882,418,464
124000364,1113,1226,-113
124000365,1049,1311,-262
124000366,3060,894,2166
124000367,82,526,-444
124000368,487,2568,-2081
124000369,79,212,-133
124000370,42,997,-955
124000402,74,60,14
124000403,408,55,353
124000404,61,146,-85
124000405,1302,1051,251
124000406,713,626,87
124000407,6,37,-31
124000411,13,488,-475
124000412,1052,9,1043
124000413,235,562,-327
124000414,295,165,130
124000415,157,61,96
124000416,265,230,35
124000417,796,145,651
124000418,704,57,647
124000419,204,68,136
124000420,391,49,342
124000421,113,59,54
124000422,24,32,-8
124000423,190,68,122
124000424,14,36,-22
124000425,67,50,17
124000426,17,120,-103
124000427,99,3,96
124000428,6,584,-578
124000429,270,41,229
124000430,1979,696,1283
124000431,842,877,-35
124000432,616,1461,-845
124000439,11,0,11
124000442,38,32,6
124000443,2,27,-25
124000445,76,2745,-2669
124000446,531,310,221
124900001,1777,510,1267
124900002,526,371,155
124900003,2552,490,2062
124900004,2046,338,1708
124900005,443,90,353
124900006,1809,339,1470
124900008,596,735,-139
124900009,151,871,-720
124900010,529,187,342
124900011,1976,495,1481
124900012,629,92,537
124900013,1061,303,758
124900014,708,388,320
124900015,322,791,-469
124900016,197,403,-206
124900017,935,8372,-7437
124900018,376,24,352
124900020,256,96,160
124900021,803,316,487
124900022,110,10,100
124900024,1107,11,1096
124900026,111,86,25
124900027,232,592,-360
124900028,538,146,392
124900029,29,1068,-1039
124900030,10,123,-113
124900031,121,356,-235
124900032,576,331,245
124900033,219,247,-28
124900034,43,454,-411
124900035,301,258,43
124900036,2,194,-192
124900037,221,265,-44
124900038,167,215,-48
124900039,1,98,-97
124900040,280,122,158
124900041,676,804,-128
124900042,63,0,63
124900043,1005,489,516
124900044,243,5,238
124900045,441,1582,-1141
124900046,836,213,623
124900047,57,384,-327
124900048,470,80,390
124900050,345,209,136
124900052,179,425,-246
124900053,432,690,-258
124900054,1121,851,270
124900055,1,150,-149
124900057,11,67,-56
124900060,61,320,-259
124900061,299,2,297
124900062,385,8,377
124900066,0,7,-7
124900067,3,67,-64
124900068,181,1632,-1451
124900070,103,43,60
124900072,525,51,474
124900074,875,411,464
124900075,1433,182,1251
124900076,70,5069,-4999
124900077,34,191,-157
124900078,254,19,235
124900079,308,569,-261
124900080,865,279,586
124900081,2434,266,2168
124900082,663,485,178
124900083,763,584,179
124900084,1592,104,1488
124900085,591,582,9
124900086,67,1537,-1470
124900087,357,96,261
124900088,135,139,-4
124900089,734,32,702
124900090,1447,351,1096
124900091,692,355,337
124900092,578,358,220
124900093,1450,373,1077
124900094,2091,392,1699
124900095,374,1194,-820
124900096,464,183,281
124900097,1334,107,1227
124900098,327,472,-145
124900099,261,1161,-900
124900100,987,35,952
124900101,161,343,-182
124900102,877,21,856
124900103,337,197,140
124900104,115,268,-153
124900105,185,139,46
124900106,647,103,544
124900107,515,87,428
124900108,343,198,145
124900109,257,390,-133
124900110,1025,288,737
124900111,6,261,-255
124900112,224,365,-141
124900113,85,341,-256
124900114,65,232,-167
124900115,85,236,-151
124900116,515,678,-163
124900117,185,345,-160
124900118,89,1471,-1382
124900119,638,312,326
124900120,26,277,-251
124900121,91,649,-558
124900122,199,228,-29
124900123,145,130,15
124900124,62,252,-190
129000186,295,267,28
204000001,45,6,39
204000002,13,9,4
204000003,52,16,36
204000004,4,9,-5
204000005,838,414,424
204000006,1800,1479,321
204000011,15,52,-37
204000012,121,170,-49
204000013,3,35,-32
204000019,1799,614,1185
204000020,2277,1654,623
204000021,4231,1897,2334
204000022,2278,878,1400
204000023,1125,587,538
204000031,38,15,23
204000032,721,88,633
204000034,90,198,-108
204000035,2,7,-5
204000036,9,70,-61
204000037,1,43,-42
204000038,0,6,-6
204000039,6,19,-13
204000040,26,49,-23
204000041,27,53,-26
204000042,114,27,87
204000043,92,16,76
204000044,106,12,94
204000045,127,8,119
204000046,23,3,20
204000057,39,12,27
204000062,24,20,4
204000068,26,989,-963
204000069,35,983,-948
204000070,127,448,-321
204000080,275,349,-74
204000085,1769,1216,553
204000086,3033,1537,1496
204000087,99,22,77
204000088,29,120,-91
204000090,111,444,-333
204000093,1260,108,1152
204000096,3292,904,2388
204000097,1157,14,1143
204000099,1521,4292,-2771
204000100,2970,1891,1079
204000105,2370,786,1584
204000110,584,2131,-1547
204000111,1100,1117,-17
204000112,1385,2932,-1547
204000113,524,1621,-1097
204000114,1663,1896,-233
204000115,2384,1124,1260
204000116,1118,3199,-2081
204000119,4620,2396,2224
204000132,1274,875,399
204000133,1394,145,1249
204000134,437,109,328
204000135,1101,195,906
204000136,763,625,138
204000138,446,1655,-1209
204000140,508,159,349
204000141,243,67,176
204000144,14,52,-38
204000145,1129,83,1046
204000146,45,345,-300
204000147,41,1458,-1417
204000148,547,132,415
204000154,16,27,-11
204000155,7,11,-4
204000177,100,276,-176
204000179,108,36,72
204000180,0,56,-56
204000222,9,11,-2
204000235,152,67,85
204000236,72,276,-204
204000238,30,59,-29
204000240,611,129,482
204000263,477,1126,-649
204000268,915,577,338
204000308,239,84,155
204000317,47,219,-172
204000322,40,235,-195
204000323,29,5,24
204000328,477,57,420
204000329,82,150,-68
204000330,374,20,354
204000331,114,197,-83
204010341,16,216,-200
205000001,959,1586,-627
205000013,151,168,-17
205000014,217,109,108
205000015,322,71,251
205000016,117,227,-110
205000017,124,77,47
205000022,480,622,-142
205000025,2804,880,1924
205000029,929,67,862
205000045,518,473,45
205000046,446,513,-67
205000047,250,992,-742
205000048,1078,457,621
205000049,385,622,-237
205000050,2088,354,1734
205000059,4,1013,-1009
205000060,6,1601,-1595
205000061,25,2319,-2294
205000062,13,2522,-2509
205000063,121,2681,-2560
205000064,215,690,-475
205000065,1022,956,66
205000066,452,395,57
205000067,254,609,-355
205000069,162,22,140
205000082,297,414,-117
205000110,118,201,-83
205000111,319,115,204
205000112,242,217,25
205000113,125,355,-230
205000121,373,141,232
205000123,234,178,56
205000126,1195,106,1089
205000127,1078,118,960
205000128,868,80,788
205000129,1703,78,1625
205000130,71,31,40
205000131,20,37,-17
205000132,70,31,39
205000133,50,6,44
205000134,536,0,536
205000137,478,97,381
205000138,525,547,-22
205000139,70,226,-156
205000144,120,164,-44
205000145,495,914,-419
205000151,435,104,331
205000152,246,193,53
205000153,336,195,141
205000154,210,330,-120
205000155,619,78,541
205000207,2,189,-187
205000233,25,1,24
205000234,0,2,-2
205000243,0,16,-16
205000244,0,7,-7
205000245,16,276,-260
205000249,0,52,-52
205000250,6,1,5
205000264,56,143,-87
206000027,22,20,2
206000028,31,27,4
206000043,10,83,-73
206000053,3,20,-17
206000054,0,50,-50
206000055,0,32,-32
206000075,42,44,-2
206000076,46,24,22
206000077,50,23,27
206000078,30,20,10
206000079,49,6,43
206000082,404,202,202
206000100,25,1121,-1096
206000103,8,44,-36
206000104,6,29,-23
206000105,18,63,-45
206000106,1,20,-19
206000108,921,194,727
206000125,208,0,208
206000157,46,606,-560
206000170,0,233,-233
206000171,42,255,-213
206000172,23,246,-223
206000173,8,125,-117
206000174,66,36,30
206000175,18,80,-62
206000176,56,166,-110
206000177,1,74,-73
206000178,0,613,-613
206000179,10,863,-853
206000180,40,161,-121
206000181,2,49,-47
206000182,17,74,-57
206000183,36,162,-126
206000184,2,100,-98
206000185,39,33,6
206000186,169,336,-167
206000223,20,597,-577
206000226,50,28,22
206000227,36,38,-2
206000237,49,147,-98
206000238,126,296,-170
206000239,314,2029,-1715
206000240,0,63,-63
206000241,2,98,-96
206000242,47,245,-198
206000243,23,54,-31
206000244,97,130,-33
206000245,3073,193,2880
206000246,820,41,779
206000247,1155,29,1126
206000248,1230,168,1062
206000252,147,85,62
206000258,12,93,-81
206000315,128,32,96
206000317,923,309,614
206000318,1281,134,1147
206000319,4040,196,3844
206000320,968,72,896
206000321,967,35,932
206000322,1515,152,1363
206000323,545,27,518
206000324,656,105,551
206000325,417,69,348
206000326,480,134,346
206000327,50,46,4
206000328,623,38,585
206000329,873,34,839
206000330,191,211,-20
206000331,656,125,531
206000332,200,31,169
206000333,2889,15,2874
206000334,1432,8,1424
206000335,0,20,-20
206000361,10,156,-146
206000392,4,20,-16
206000405,347,1,346
206000441,137,59,78
206000498,68,7,61
206000515,88,115,-27
206000530,607,115,492
206000531,203,546,-343
206000532,1694,787,907
206000535,186,4941,-4755
206000536,25,75,-50
206000537,29,164,-135
206000613,1277,400,877
207000001,233,432,-199
207000002,249,381,-132
207000003,269,216,53
207000007,2807,334,2473
207000008,709,13,696
207000009,187,29,158
207000010,906,358,548
207000012,822,346,476
207000015,628,743,-115
207000019,610,171,439
207000021,661,819,-158
207000022,421,351,70
207000023,601,222,379
207000024,3,70,-67
207000025,30,241,-211
207000026,137,73,64
207000027,36,123,-87
207000028,121,177,-56
207000029,246,747,-501
207000033,484,408,76
207000034,632,190,442
207000039,1419,184,1235
207000040,1403,99,1304
207000041,334,689,-355
207000042,789,232,557
207000043,486,279,207
207000051,245,548,-303
207000052,17,617,-600
207000053,584,412,172
207000054,103,74,29
207000055,338,88,250
207000056,422,515,-93
207000057,215,448,-233
207000058,392,307,85
207000059,155,234,-79
207000060,83,471,-388
207000061,191,1737,-1546
207000062,1165,65,1100
207000063,1210,473,737
207000064,755,290,465
207000065,697,363,334
207000066,832,361,471
207000067,115,164,-49
207000068,330,92,238
207000069,1540,438,1102
207000082,32,240,-208
207000083,271,301,-30
207000084,1030,566,464
207000085,557,76,481
207000086,768,10,758
207000106,155,42,113
207000107,435,45,390
207000108,239,9,230
207000109,216,11,205
207000110,147,345,-198
207000111,152,244,-92
207000112,156,3017,-2861
207000114,53,23,30
207000115,117,179,-62
207000116,47,530,-483
207000117,7,208,-201
207000118,12,321,-309
207000119,36,125,-89
207000123,747,25,722
207000124,295,53,242
207000125,106,28,78
207000126,101,22,79
207000134,351,199,152
207000135,103,390,-287
207000148,184,1190,-1006
207000149,123,50,73
207000152,244,728,-484
207000153,346,838,-492
207000154,645,373,272
207000159,484,241,243
207000160,593,254,339
207000238,1,79,-78
207000242,1,44,-43
207000248,97,134,-37
207000249,292,103,189
207000250,1145,228,917
207000251,354,210,144
207000252,125,64,61
207000278,281,298,-17
207000279,101,136,-35
207000280,1740,74,1666
207000281,427,376,51
207000282,89,637,-548
207000283,44,185,-141
207000284,48,2377,-2329
207000285,108,82,26
207000291,36,145,-109
207000304,110,89,21
207000306,134,373,-239
207000310,278,188,90
207000353,234,13,221
207000356,14,245,-231
207000357,3,45,-42
207000358,2,28,-26
207000415,3,104,-101
207000417,182,10,172
207000418,25,122,-97
207000438,0,0,0
207000439,639,543,96
207000446,546,7,539
207000460,242,35,207
207000466,189,547,-358
207000467,689,191,498
207000468,139,179,-40
207000476,10,24,-14
207000477,1408,57,1351
207000478,0,7,-7
207000523,0,11,-11
207000524,97,93,4
207000527,430,165,265
207000530,2488,13,2475
207000531,830,67,763
207000532,402,542,-140
207000534,323,35,288
207000535,26,591,-565
207000537,12,266,-254
207000540,2,103,-101
207000541,6,154,-148
207000548,6,1160,-1154
207000549,1133,242,891
207000561,589,294,295
207000562,60,108,-48
207000567,110,338,-228
207000568,844,127,717
207000569,2217,182,2035
207000584,67,284,-217
207000585,46,341,-295
207000616,1,268,-267
207000617,363,1,362
207900008,911,73,838
208000001,1109,2382,-1273
208000002,1409,1600,-191
208000003,1592,646,946
208000004,1439,2024,-585
208000005,2,232,-230
208000019,2107,669,1438
208000020,588,311,277
208000021,617,686,-69
208000022,2255,546,1709
208000028,1687,3740,-2053
208000033,1046,486,560
208000034,1547,2194,-647
208000040,489,372,117
208000041,2065,839,1226
208000042,2921,921,2000
208000047,252,319,-67
208000064,3341,2909,432
208000066,1988,2859,-871
208000070,1296,704,592
208000071,1502,537,965
208000072,1279,902,377
208000080,595,1245,-650
208000081,738,206,532
208000082,1076,263,813
208000083,372,343,29
208000084,9,160,-151
208000085,1259,975,284
208000086,1002,1492,-490
208000087,654,1039,-385
208000089,2116,539,1577
208000090,2074,588,1486
208000093,43,226,-183
208000094,1155,498,657
208000095,1797,1023,774
208000104,3007,703,2304
208000105,1733,1349,384
208000114,219,732,-513
208000115,1142,648,494
208000116,2556,3158,-602
208000117,56,327,-271
208000118,306,499,-193
208000155,1236,2082,-846
208000158,2812,5165,-2353
208000186,1325,3095,-1770
208000204,1594,2964,-1370
208000205,2631,1804,827
208000282,1178,1963,-785
209000004,1609,405,1204
209000005,124,719,-595
209000006,609,862,-253
209000007,741,942,-201
209000010,364,736,-372
209000011,140,395,-255
209000012,329,752,-423
209000013,691,895,-204
209000014,998,1299,-301
209000025,1028,116,912
209000026,1962,294,1668
209000027,744,520,224
209000028,549,411,138
209000029,1273,2724,-1451
209000030,1278,2803,-1525
209000031,6665,2272,4393
209000034,379,759,-380
209000035,340,670,-330
209000036,698,443,255
209000037,813,540,273
209000038,481,332,149
209000039,192,167,25
209000040,445,808,-363
209000041,590,707,-117
209000042,1889,446,1443
209000043,1042,757,285
209000044,798,1010,-212
209000045,997,313,684
209000046,960,469,491
209000047,795,480,315
209000048,887,997,-110
209000049,169,47,122
209000050,256,97,159
209000051,345,135,210
209000052,280,171,109
209000062,203,70,133
209000063,129,41,88
209000064,94,21,73
209000065,356,107,249
209000066,233,68,165
209000067,321,27,294
209000080,36,304,-268
209000082,75,75,0
209000091,53,110,-57
209000093,62,188,-126
209000094,74,229,-155
209000110,97,277,-180
209000111,723,3833,-3110
209000112,2168,1281,887
209000113,4072,2457,1615
209000114,1663,1480,183
209000115,123,113,10
209000116,427,343,84
209000118,18,272,-254
209000119,25,96,-71
209000121,237,612,-375
209000135,71,150,-79
209000142,1583,6293,-4710
209000143,129,275,-146
209000144,132,1027,-895
209000229,314,160,154
209000240,147,399,-252
209000259,58,69,-11
209000260,40,1032,-992
209000261,1,635,-634
209000262,3,588,-585
209000263,10,2507,-2497
209000264,0,265,-265
209000265,948,2,946
209000266,328,2,326
209000267,3542,14,3528
209000268,726,193,533
210000037,162,165,-3
210000047,219,25,194
210000048,160,29,131
210000049,172,13,159
210000052,206,83,123
210000053,66,57,9
210000054,20,74,-54
210000070,432,14,418
210000071,421,3,418
210000072,92,0,92
210000073,0,114,-114
210000074,0,196,-196
210000075,0,252,-252
210000076,18,444,-426
210000077,14,404,-390
210000078,27,402,-375
210000079,62,95,-33
210000080,44,491,-447
210000081,476,51,425
210000082,24,12,12
210000083,143,6,137
210000084,167,1,166
210000085,0,439,-439
210000086,3,156,-153
210000099,161,366,-205
210000100,258,218,40
210000101,221,239,-18
210000105,25,468,-443
210000159,1,365,-364
210000163,75,225,-150
210000164,487,379,108
210000168,488,165,323
210000187,0,76,-76
210000188,1,131,-130
210000214,12,0,12
210000219,135,53,82
210000220,316,41,275
210000232,2,9,-7
210000233,58,22,36
210000234,82,54,28
210000235,159,68,91
210000245,1,260,-259
210000246,21,0,21
210000258,49,105,-56
210000259,508,187,321
210000282,117,340,-223
210000285,3,158,-155
210000286,40,202,-162
210000290,0,7,-7
210000295,109,260,-151
210000296,151,107,44
210000320,465,54,411
210000321,351,20,331
210000338,103,142,-39
210000339,235,1338,-1103
210000340,309,595,-286
210000341,394,394,0
210000342,581,290,291
210000343,410,313,97
210000344,152,462,-310
210000345,324,718,-394
210000346,131,379,-248
210000347,95,675,-580
210000348,364,399,-35
210000349,156,217,-61
210000350,384,491,-107
210000351,381,232,149
210000352,73,56,17
210000353,51,67,-16
210000354,109,100,9
210000355,85,589,-504
210000356,12,857,-845
210000357,85,987,-902
210000358,1212,697,515
210000359,215,1072,-857
210000360,462,839,-377
210000361,555,405,150
210000362,631,474,157
210000363,1152,492,660
210000364,629,374,255
210000365,430,188,242
210000366,661,77,584
210000367,338,62,276
210000368,420,55,365
210000369,66,236,-170
210000370,129,359,-230
210000372,90,97,-7
210000373,49,356,-307
210000374,114,378,-264
210000375,31,68,-37
210000376,68,670,-602
210000404,105,269,-164
210000439,172,30,142
210000472,71,9,62
210000482,81,199,-118
210000564,418,324,94
210000567,0,28,-28
210000568,424,16,408
211000092,152,24,128
211000094,41,4,37
211000169,346,28,318
211000172,38,100,-62
211000209,3,63,-60
211000226,0,13,-13
211000270,42,12,30
211000275,89,34,55
211000276,380,54,326
211000279,43,93,-50
211000281,245,27,218
211507980,0,198,-198
211977296,79,1,78
212000003,515,206,309
212000004,9,214,-205
212000005,43,261,-218
212000006,83,316,-233
212000008,450,377,73
212000009,132,253,-121
212000012,330,114,216
212000013,74,56,18
212000014,729,140,589
212000015,711,189,522
212000016,1206,463,743
212000027,749,413,336
212000028,513,340,173
212000029,444,222,222
212000030,94,32,62
212000031,115,45,70
212000048,110,921,-811
212000049,17,390,-373
212000050,16,20,-4
212000051,691,127,564
212000052,605,135,470
212000053,414,275,139
212000054,1021,88,933
212000055,732,143,589
212000056,33,86,-53
212000057,25,31,-6
212000058,224,48,176
212000070,385,181,204
212000077,426,335,91
212000099,732,323,409
212000108,457,570,-113
212000111,542,133,409
212000120,313,387,-74
212000138,404,171,233
212000156,1,40,-39
212000158,4,53,-49
212000159,1203,139,1064
212000160,1230,244,986
212000161,112,14,98
212000310,117,17,100
212000311,38,69,-31
212000374,78,15,63
213000001,24,726,-702
213000005,986,667,319
213000006,1158,555,603
213000007,212,50,162
213000009,530,243,287
213000010,558,194,364
213000011,370,181,189
213000012,533,341,192
213000014,102,58,44
213000015,664,25,639
213000016,922,9,913
213000017,193,3,190
213000018,0,25,-25
213000019,1,449,-448
213000020,183,155,28
213000021,2,59,-57
213000023,442,730,-288
213000033,616,1745,-1129
213000034,649,339,310
213000035,248,432,-184
213000045,294,450,-156
213000046,159,136,23
213000047,476,1182,-706
213000056,339,132,207
213000069,402,47,355
213000073,2,77,-75
213000074,105,832,-727
213000075,1365,7,1358
213000076,13,7,6
213000085,1,50,-49
213000086,19,241,-222
213000091,567,10,557
213000092,64,16,48
213000099,476,1718,-1242
213000100,1139,763,376
213000101,1469,153,1316
213000102,1328,168,1160
213000103,926,496,430
213000104,94,291,-197
213000105,140,2273,-2133
213000106,63,463,-400
213000107,170,638,-468
213000108,67,559,-492
213000109,6,268,-262
213000110,11,252,-241
213000111,14,186,-172
213000112,61,123,-62
213000115,72,5,67
213000116,85,560,-475
213000117,10,517,-507
213000118,1946,639,1307
213000119,71,487,-416
213000120,177,398,-221
213000122,258,426,-168
213000123,217,596,-379
213000124,595,753,-158
213000125,260,64,196
213000126,290,330,-40
213000127,84,317,-233
213000128,110,816,-706
213000129,289,3710,-3421
213000130,1644,1708,-64
213000132,1891,443,1448
213000133,2180,178,2002
213000134,4149,14,4135
213000136,1110,42,1068
213000137,1193,104,1089
213000139,396,176,220
213000147,60,50,10
213000148,25,27,-2
213000149,39,90,-51
213000150,4,1207,-1203
213000151,4,406,-402
213000152,6,636,-630
213000153,4,350,-346
213000154,183,866,-683
213000155,134,800,-666
213000156,334,456,-122
213000157,1810,322,1488
213000158,883,832,51
213000159,1215,491,724
213000163,2983,354,2629
213000165,1099,528,571
213000171,0,53,-53
213000172,0,181,-181
213000173,2,112,-110
213000174,9,81,-72
213000175,26,73,-47
213000176,420,70,350
213000177,425,14,411
213000178,633,9,624
213000179,615,3,612
213000180,470,1,469
213000184,175,760,-585
213000188,1130,183,947
213000189,1456,92,1364
213000190,973,414,559
213000191,979,213,766
213000192,575,172,403
213000193,1208,461,747
213000194,0,311,-311
213000195,56,311,-255
213000196,662,2690,-2028
213000197,997,1385,-388
213000198,52,4,48
213000200,192,640,-448
213000201,14,156,-142
213000202,14,801,-787
213000203,2146,352,1794
213000204,1442,78,1364
213000205,1059,96,963
213000206,1254,163,1091
213000207,91,14,77
213000208,48,6,42
213000209,254,18,236
213000210,580,26,554
213000211,13,103,-90
213000212,24,193,-169
213000213,62,147,-85
213000218,779,812,-33
213000219,2035,159,1876
213000220,2246,16,2230
213000223,362,371,-9
213000224,30,96,-66
213000225,94,21,73
213000226,86,20,66
213000227,2813,207,2606
213000228,1400,993,407
213000229,136,185,-49
213000230,2077,38,2039
213000232,223,13,210
213000233,86,226,-140
213000234,4,116,-112
213000293,46,128,-82
213000294,140,105,35
213000295,23,168,-145
213000296,162,36,126
213000297,6,145,-139
213000298,19,176,-157
213000299,117,37,80
213000300,3,7,-4
213000303,2,25,-23
213000304,0,13,-13
213000305,0,63,-63
213000306,129,1164,-1035
213000307,145,681,-536
213000308,237,246,-9
213000309,453,110,343
213000310,394,225,169
213000311,254,1028,-774
213000315,174,410,-236
213000316,559,209,350
213000322,245,30,215
213000323,295,147,148
213000324,361,17,344
213000325,215,51,164
213000326,291,22,269
213000327,180,45,135
213000328,129,109,20
213000329,350,27,323
213000340,167,668,-501
213000341,1922,92,1830
213000347,351,2225,-1874
213000348,2,204,-202
213000349,16,12,4
213000350,367,1318,-951
213000366,140,298,-158
213000367,935,16,919
213000379,41,197,-156
213000386,53,32,21
213000406,702,76,626
213000417,3763,773,2990
213000425,742,104,638
213000426,460,56,404
213000427,135,66,69
213000428,56,302,-246
213000429,31,4,27
213000430,247,516,-269
213000431,20,1,19
213000432,3,56,-53
213000433,30,48,-18
213000434,366,140,226
213000435,241,98,143
213000436,131,88,43
213000437,9,13,-4
213000438,245,80,165
213000439,90,39,51
213000440,24,204,-180
213000441,0,0,0
213000442,29,35,-6
213000443,1126,789,337
213000444,75,15,60
213000445,0,84,-84
213000446,1,45,-44
213000447,3,136,-133
213000448,19,300,-281
213000449,1836,13,1823
213000450,42,41,1
213000451,764,57,707
213000452,64,39,25
213000453,60,321,-261
213000455,192,65,127
213000456,1,277,-276
213000481,4,7,-3
213000484,105,1,104
213000489,292,63,229
213900002,14,623,-609
213900003,178,2,176
213900013,8,107,-99
213900015,0,2,-2
213900016,15,3,12
213900020,89,64,25
213900030,0,75,-75
213900032,185,317,-132
213900033,481,145,336
213900034,1681,99,1582
213900035,528,186,342
213900036,398,126,272
213900037,129,208,-79
213900038,1190,220,970
213900039,0,94,-94
213900041,30,621,-591
213900042,262,555,-293
213900043,464,113,351
213900244,65,0,65
213900245,0,13,-13
218000003,130,85,45
218000004,161,203,-42
218000005,111,147,-36
218000006,127,113,14
218000007,43,19,24
218000012,442,350,92
218000013,563,387,176
218000014,681,396,285
218000019,598,559,39
218000020,488,425,63
218000021,89,50,39
218000022,61,26,35
218000023,50,17,33
218000024,8,11,-3
218000025,16,24,-8
218000026,18,24,-6
218000027,0,5,-5
218000028,3,9,-6
218000029,1,18,-17
218000030,23,21,2
218000031,17,15,2
218000032,1,37,-36
218000040,4,8,-4
218000046,260,128,132
218000047,40,65,-25
218000048,85,43,42
218000049,86,59,27
218000050,303,138,165
218000051,118,305,-187
218000052,2,63,-61
218000053,7,23,-16
218000054,4,51,-47
218000055,17,42,-25
218000056,28,66,-38
218000057,6,53,-47
218000064,0,18,-18
218000065,262,30,232
218000066,26,147,-121
218000067,221,105,116
218000068,269,129,140
218000069,700,120,580
218000070,288,448,-160
218000071,353,341,12
218000072,242,436,-194
218000078,2363,518,1845
218000079,542,268,274
218000080,384,228,156
218000081,1395,228,1167
218000082,421,94,327
218000083,266,81,185
218000084,553,63,490
218000085,357,186,171
218000086,190,148,42
218000087,358,107,251
218000090,66,284,-218
218000091,1998,984,1014
218000092,404,168,236
218000093,195,132,63
218000094,793,554,239
218000099,500,966,-466
218000100,743,428,315
218000101,695,217,478
218000102,965,550,415
218000103,257,136,121
218000104,355,60,295
218000105,29,36,-7
218000106,22,13,9
218000107,277,49,228
218000108,27,32,-5
218000112,147,75,72
218000117,88,207,-119
218000134,1154,499,655
218000135,18,131,-113
218000136,400,219,181
218000137,607,290,317
218000138,107,144,-37
218000139,593,755,-162
218000140,1211,762,449
218000141,149,114,35
218000142,338,246,92
218000143,85,887,-802
218000144,47,331,-284
218000145,1298,622,676
218000146,303,376,-73
218000151,14,62,-48
218000152,150,72,78
218000153,16,15,1
218000154,28,8,20
218000155,110,4,106
218000156,258,24,234
218000157,109,24,85
218000158,47,88,-41
218000159,7,39,-32
218000160,17,8,9
218000161,128,1,127
218000162,153,3,150
218000163,64,12,52
218000164,238,19,219
218000165,195,34,161
218000170,3,78,-75
218000171,73,17,56
218000172,24,27,-3
218000173,35,20,15
218000174,37,30,7
218000176,411,251,160
218000177,518,312,206
218000178,125,289,-164
218000179,279,97,182
218000180,245,86,159
218000181,691,59,632
218000187,15,113,-98
218000188,28,34,-6
218000189,37,104,-67
218000190,150,47,103
218000191,388,42,346
218000192,583,166,417
218000193,767,337,430
218000194,403,317,86
218000195,317,81,236
218000196,848,344,504
218000197,1411,329,1082
218000198,289,123,166
218000199,108,22,86
218000200,112,120,-8
218000201,32,9,23
218000202,118,1016,-898
218000207,20,22,-2
218000208,72,182,-110
218000211,72,38,34
218000212,2,13,-11
218000213,222,132,90
218000214,6,27,-21
218000215,165,61,104
218000217,2,62,-60
218000218,310,48,262
218000219,6,402,-396
218000220,72,2215,-2143
218000221,889,595,294
218000222,3,382,-379
218000223,168,1487,-1319
218000224,16,522,-506
218000225,345,33,312
218000226,411,109,302
218000230,0,12,-12
218000232,88,55,33
218000239,165,22,143
218000240,9,13,-4
218000241,97,4,93
218000242,17,5,12
218000243,18,21,-3
218000244,37,16,21
218000245,183,27,156
218000246,1,10,-9
218000247,3,0,3
218000248,2,123,-121
218000249,1,16,-15
218000250,18,857,-839
218000251,6,76,-70
218000252,3,139,-136
218000253,0,105,-105
218000254,0,35,-35
218000255,0,20,-20
218000256,10,66,-56
218000267,684,1222,-538
218000268,6,53,-47
218000269,1,52,-51
218000270,156,81,75
218000271,12,24,-12
218000273,140,10,130
218000274,13,3,10
218000275,149,75,74
218000276,47,29,18
218000278,7,142,-135
218000279,23,73,-50
218000280,1,36,-35
218000281,24,36,-12
218000282,1038,1503,-465
218000284,169,3,166
218000301,203,243,-40
218000302,138,39,99
218000303,34,109,-75
218000316,2537,1284,1253
218000317,3722,1084,2638
218000318,2509,883,1626
218000319,2842,638,2204
218000320,2294,812,1482
218000338,30,189,-159
218000345,258,240,18
218000346,96,379,-283
218000459,76,195,-119
218000490,25,137,-112
218000501,300,153,147
218000502,337,173,164
218000503,253,43,210
218000504,304,61,243
218000505,50,123,-73
218000506,51,320,-269
218000508,10,35,-25
218000510,125,7,118
218000520,337,186,151
218000521,3,31,-28
218000522,3,703,-700
218000523,195,1,194
218000524,3,527,-524
218000525,273,45,228
218000526,52,366,-314
218000529,48,82,-34
218000530,60,6,54
218000531,39,29,10
218000532,108,23,85
218000534,386,5,381
218000537,30,230,-200
218000538,105,999,-894
218000540,167,276,-109
218000543,279,146,133
218000544,64,58,6
218000545,226,170,56
218000546,48,65,-17
218000547,272,473,-201
218000548,272,132,140
218000549,1330,236,1094
218000550,301,201,100
218000551,163,507,-344
218000552,421,351,70
218000553,18,106,-88
218000554,21,64,-43
218000555,52,56,-4
218000556,315,173,142
218000557,910,180,730
218000558,154,2,152
218000559,0,82,-82
218000560,0,46,-46
218000561,6,0,6
218000562,51,227,-176
218000563,386,69,317
218000564,20,204,-184
218000565,169,100,69
218000566,48,54,-6
218000567,2,113,-111
218000568,38,2,36
218000569,2,298,-296
218000570,25,19,6
218000571,1,250,-249
218000572,174,56,118
218000573,16,173,-157
218000574,106,17,89
218000575,183,1,182
218000576,0,118,-118
218000577,201,3,198
218000578,0,366,-366
218000579,129,81,48
218000581,3,137,-134
218000582,118,8,110
218000583,16,1,15
218000584,0,54,-54
218000585,38,17,21
218000586,31,55,-24
218000587,2,4,-2
218000588,4,27,-23
218000589,0,11,-11
218000590,2,3,-1
218000591,1,4,-3
218000592,20,3,17
218000593,0,8,-8
218000594,1,0,1
218000595,0,0,0
218000596,0,0,0
218000597,0,0,0
218000598,0,1,-1
218000599,11,9,2
218000600,0,2,-2
218000601,0,1,-1
218000602,0,0,0
218000603,0,20,-20
218000604,48,24,24
218000605,0,77,-77
218000606,132,0,132
218000607,20,133,-113
218000608,69,21,48
218000609,2,137,-135
218000610,67,0,67
218000611,45,0,45
218000612,2,99,-97
218000613,64,1,63
218000614,1,73,-72
218000615,455,58,397
218000616,6,223,-217
218000617,39,15,24
218000618,0,14,-14
218000619,142,51,91
218000620,44,183,-139
218000621,0,0,0
218000622,0,114,-114
218000623,99,19,80
218000624,0,268,-268
218000625,0,13,-13
218000626,0,30,-30
218000628,377,340,37
218000631,35,13,22
218000632,4,249,-245
218000633,186,7,179
218000634,8,32,-24
218000635,12,18,-6
218000636,1882,1005,877
218000637,2380,997,1383
218000638,643,51,592
218000639,44,120,-76
218000640,990,172,818
218000641,175,246,-71
218000652,123,65,58
218000653,449,77,372
218000663,33,43,-10
218000675,33,69,-36
218000676,14,18,-4
218000677,78,2,76
218000680,288,209,79
218000681,731,478,253
218000691,379,239,140
218000693,777,146,631
218000703,24,22,2
218000718,45,274,-229
218000719,120,188,-68
218000720,6,249,-243
218000721,24,19,5
218000725,22,30,-8
218001214,18,194,-176
218001329,123,164,-41
218001330,53,91,-38
218001351,7,5,2
218001352,7,38,-31
218001353,7,8,-1
218001354,8,28,-20
219000001,23,61,-38
219000002,76,84,-8
219000003,114,62,52
219000004,52,124,-72
219000017,95,387,-292
219000020,469,57,412
219000022,292,3,289
219000023,106,4,102
219000029,2,287,-285
219000034,94,58,36
219000039,43,361,-318
219000040,57,82,-25
219000041,250,122,128
219000051,1,256,-255
219000052,0,217,-217
219000053,6,167,-161
219000054,604,662,-58
219000055,631,0,631
219000056,2,1,1
219000057,137,0,137
219000062,20,325,-305
219000063,230,18,212
219000064,13,137,-124
219000110,370,759,-389
219000111,199,226,-27
219000112,528,102,426
219000113,785,70,715
219000114,463,71,392
219000116,236,83,153
219000117,307,109,198
219000118,283,116,167
219000123,414,162,252
219000124,134,81,53
219000125,51,4,47
219000126,96,265,-169
219000127,1,47,-46
219000128,79,171,-92
219000129,78,169,-91
219000130,245,904,-659
219000131,1110,1614,-504
219000133,56,117,-61
219000134,19,90,-71
219000135,24,365,-341
219000136,134,443,-309
219000138,184,30,154
219000139,229,38,191
219000140,211,2,209
219000141,84,75,9
219000142,41,67,-26
219000143,55,72,-17
219000145,24,69,-45
219000146,8,36,-28
219000147,0,42,-42
219000148,5,40,-35
219000149,30,75,-45
219000150,2,60,-58
219000151,9,32,-23
219000157,484,424,60
219000158,433,533,-100
219000161,359,20,339
219000163,1571,423,1148
219000166,301,472,-171
219000167,388,395,-7
219000168,462,155,307
219000174,899,295,604
219000175,402,6,396
219000176,415,28,387
219000177,283,7,276
219000178,212,9,203
219000179,135,8,127
219000180,194,35,159
219000182,337,14,323
219000183,211,47,164
219000184,218,16,202
219000185,3,58,-55
219000186,160,78,82
219000187,45,253,-208
219000189,123,345,-222
219000190,86,410,-324
219000191,212,2331,-2119
219000192,232,443,-211
219000193,914,322,592
219000195,1,537,-536
219000196,8,195,-187
219000198,137,419,-282
219000199,275,200,75
219000200,297,138,159
219000201,65,221,-156
219000203,46,297,-251
219000204,87,666,-579
219000205,91,345,-254
219000207,138,286,-148
219000209,49,61,-12
219000210,30,778,-748
219000213,10,376,-366
219000239,434,268,166
219000240,324,844,-520
219000241,240,316,-76
219000242,166,312,-146
219000243,174,347,-173
219000244,23,68,-45
219000245,24,54,-30
219000246,58,71,-13
219000247,397,63,334
219000248,818,1266,-448
219000249,424,292,132
219000250,369,234,135
219000251,823,498,325
219000252,495,250,245
219000253,657,60,597
219000255,369,180,189
219000256,564,654,-90
219000257,294,1,293
219000262,158,506,-348
219000263,118,214,-96
219000267,6,82,-76
219000268,24,73,-49
219000269,21,6,15
219000270,58,9,49
219000271,739,15,724
219000278,11,73,-62
219000279,1,111,-110
219000283,0,221,-221
219000295,24,118,-94
219000296,179,627,-448
219000297,158,54,104
219000298,186,45,141
219000299,698,54,644
219000300,182,149,33
219000301,76,445,-369
219000302,49,142,-93
219000307,130,34,96
219000308,149,294,-145
219000311,446,90,356
219000312,932,151,781
219000313,968,87,881
219000314,242,189,53
219000315,693,34,659
219000316,1392,87,1305
219000317,424,45,379
219000320,1,269,-268
219000321,1,61,-60
219000323,1,64,-63
219000325,3,11,-8
219000326,94,52,42
219000327,53,14,39
219000328,44,23,21
219000329,309,138,171
219000330,27,68,-41
219000331,100,107,-7
219000332,487,353,134
219000333,153,4,149
219000335,143,9,134
219000337,96,1,95
219000338,28,4,24
219000344,31,203,-172
219000345,121,74,47
219000346,114,42,72
219000348,244,223,21
219000349,58,163,-105
219000350,122,561,-439
219000351,0,34,-34
219000352,158,125,33
219000353,303,67,236
219000354,413,77,336
219000355,339,118,221
219000356,487,2755,-2268
219000363,160,183,-23
219000364,284,93,191
219000365,117,91,26
219000366,248,1398,-1150
219000368,474,906,-432
219000370,891,968,-77
219000371,5,10,-5
219000382,29,43,-14
219000383,350,2137,-1787
219000385,337,1194,-857
219000386,1237,2713,-1476
219000387,0,26,-26
219000390,53,5,48
219000391,10,9,1
219000397,87,52,35
219000398,67,108,-41
219000401,50,228,-178
219000402,64,174,-110
219000403,126,1010,-884
219000404,55,204,-149
219000407,6,34,-28
219000409,142,94,48
219000410,564,93,471
219000411,306,58,248
219000446,128,516,-388
219000447,1,40,-39
219000448,16,5,11
219000452,140,184,-44
219000453,60,368,-308
219000454,436,1000,-564
219000556,723,426,297
219000558,237,332,-95
219000590,40,390,-350
219000591,308,1062,-754
219000592,141,316,-175
219000595,4,23,-19
219000635,306,162,144
219000636,136,369,-233
219000657,87,19,68
219000658,78,336,-258
219000673,1,77,-76
219000676,12,8,4
219000679,22,87,-65
219000684,230,6,224
219000685,0,112,-112
219000686,7,28,-21
219000688,0,35,-35
219000689,45,180,-135
219000690,302,13,289
219000691,98,131,-33
219000692,310,23,287
219000693,1,22,-21
219000694,37,6,31
219000695,144,29,115
219000698,70,4,66
219000699,0,161,-161
219000727,14,906,-892
219000728,190,9,181
219000770,55,3,52
219000771,1,142,-141
219001150,12,59,-47
219001151,1,20,-19
219001166,21,45,-24
219001167,1,72,-71
220000001,85,317,-232
220000002,24,191,-167
220000003,534,378,156
220000004,646,1144,-498
220000005,735,2934,-2199
220000006,232,1195,-963
220000007,974,405,569
220000008,486,758,-272
220000009,976,699,277
220000010,137,129,8
220000011,703,6450,-5747
220000012,77,1027,-950
220000014,237,89,148
220000015,58,602,-544
220000017,32,678,-646
220000018,13006,6697,6309
220000019,337,1242,-905
220000020,919,383,536
220000021,1630,564,1066
220000022,1866,507,1359
220000023,540,312,228
220000024,1292,1185,107
220000025,1020,3505,-2485
220000026,584,1668,-1084
220000027,20,449,-429
220000028,49,226,-177
220000029,57,101,-44
220000030,61,171,-110
220000031,1077,1078,-1
220000064,54,1845,-1791
221000046,4,1,3
221000047,0,0,0
221000048,0,0,0
221000049,0,59,-59
221000050,49,4,45
221000055,107,214,-107
221000057,166,6,160
221000068,270,88,182
221000069,457,36,421
221000070,395,19,376
221000071,215,4,211
221000072,697,11,686
221000073,407,95,312
221000074,1,25,-24
221000075,13,33,-20
221000076,60,17,43
221000077,46,64,-18
221000081,26,16,10
221000082,85,14,71
221000083,17,19,-2
221000084,8,19,-11
221000085,37,296,-259
221000086,30,195,-165
221000087,9,244,-235
221000088,14,241,-227
221000089,46,270,-224
221000090,90,563,-473
221000098,237,51,186
221000099,353,19,334
221000100,274,5,269
221000101,203,5,198
221000102,194,23,171
221000109,25,78,-53
221000110,9,39,-30
221000111,13,86,-73
221000112,8,101,-93
221000113,13,248,-235
221000114,16,182,-166
221000120,25,260,-235
221000121,15,85,-70
221000122,64,80,-16
221000123,0,20,-20
221000124,20,80,-60
221000155,315,32,283
221000156,33,89,-56
221000175,0,11,-11
221000176,0,3,-3
221000182,45,20,25
221000241,402,383,19
221000242,212,315,-103
221000243,473,349,124
221000244,447,602,-155
221000245,137,223,-86
221000246,84,451,-367
221000247,123,193,-70
221000248,233,194,39
221000267,36,1163,-1127
221000325,8,187,-179
221000331,4,84,-80
221000338,19,84,-65
221000378,576,79,497
221000381,123,71,52
222000282,5,21,-16
222000296,1,17,-16
222000568,714,15,699
222000569,256,71,185
222000570,273,129,144
222000571,710,71,639
222000577,22,58,-36
222000578,3,145,-142
222000579,13,99,-86
222000580,42,756,-714
222000599,0,90,-90
222000600,1,126,-125
222000601,1,1023,-1022
222000603,3,248,-245
222000604,2,299,-297
222000605,36,101,-65
222000606,2,15,-13
222000607,20,15,5
222000608,45,40,5
222000609,186,146,40
222000616,883,116,767
222000617,31,120,-89
222000618,6,69,-63
222000620,22,58,-36
222000621,29,56,-27
222000623,1171,19,1152
222000624,891,18,873
222000625,2997,12,2985
222000636,100,23,77
222000686,50,66,-16
222000687,87,51,36
222001066,1392,5,1387
222001067,155,3,152
222001068,372,32,340
222001069,169,73,96
222001082,85,11,74
222001083,188,8,180
222001084,5,33,-28
222001085,1,536,-535
222001111,219,66,153
222001112,436,398,38
222001313,16,56,-40
222001314,2,168,-166
222001464,120,165,-45
222001465,28,157,-129
222001484,442,108,334
222001485,56,126,-70
222001494,1497,511,986
222001495,239,155,84
222001496,825,463,362
222001497,206,347,-141
222001502,18,65,-47
222001503,457,204,253
222001504,53,399,-346
222001505,1344,41,1303
222001506,59,262,-203
222001507,850,23,827
222001510,1518,76,1442
222001511,142,170,-28
222001514,1725,158,1567
222001515,179,286,-107
222001518,989,67,922
222001519,253,142,111
222001527,224,227,-3
222001528,24,254,-230
222001529,821,42,779
222001530,151,134,17
222001533,306,475,-169
222001534,1232,382,850
222001535,622,792,-170
222001536,212,181,31
222001537,777,106,671
222001538,53,365,-312
222001563,1977,270,1707
222001564,127,326,-199
222001568,382,245,137
222001576,0,7,-7
222001579,0,22,-22
222001583,21,103,-82
222001584,339,35,304
222001596,789,2582,-1793
222001597,2613,1314,1299
222001626,0,50,-50
222001650,37,258,-221
222001651,77,377,-300
222001914,682,77,605
222001915,86,182,-96
222900004,988,347,641
222900009,461,448,13
222900019,147,446,-299
222900024,154,16,138
222900025,17,9,8
225000001,849,165,684
225000002,1471,542,929
225000003,1845,737,1108
225000004,1113,1311,-198
225000005,90,427,-337
225000006,0,395,-395
225000007,3151,1606,1545
225000010,828,30,798
225000011,521,3127,-2606
225000012,528,1261,-733
225000013,250,294,-44
225000014,1410,450,960
225000015,299,314,-15
225000021,1511,240,1271
225000027,561,724,-163
225000032,1375,190,1185
225000042,224,785,-561
225000049,245,559,-314
225000050,448,92,356
225000053,20,443,-423
225000058,1146,550,596
225000067,665,216,449
225000068,403,890,-487
225000069,203,705,-502
225000070,360,388,-28
225000071,161,151,10
225000075,163,4109,-3946
225000076,84,392,-308
225000078,134,230,-96
225000085,249,58,191
225000086,582,94,488
225000087,1022,30,992
225000088,82,491,-409
225000089,180,741,-561
225000090,111,1297,-1186
225000091,191,289,-98
225000092,105,359,-254
225000093,902,584,318
225000094,61,350,-289
225000095,641,414,227
225000096,238,451,-213
225000098,1961,207,1754
225000099,868,205,663
225000100,1147,245,902
225000104,383,639,-256
225000110,36,621,-585
225000111,667,771,-104
225000112,1132,1205,-73
225000113,373,2384,-2011
225000114,314,901,-587
225000115,2222,912,1310
225000116,416,312,104
225000117,1140,671,469
225000118,2528,632,1896
225000119,1052,226,826
225000120,2124,374,1750
225000121,274,60,214
225000123,1368,90,1278
225000125,1196,365,831
225000126,1465,682,783
225000127,765,5302,-4537
225000128,717,1838,-1121
225000132,1146,51,1095
225000133,785,38,747
225000134,1392,224,1168
225000135,302,14,288
225000136,1204,12,1192
225000137,847,330,517
225000138,1818,257,1561
225000143,312,422,-110
225000144,35,422,-387
225000145,137,272,-135
225000146,243,585,-342
225000147,81,240,-159
225000148,10,101,-91
225000149,186,230,-44
225000151,201,129,72
225000155,361,416,-55
225000156,475,1497,-1022
225000157,1090,580,510
225000158,113,365,-252
225000171,38,286,-248
225000180,43,2,41
225000181,0,327,-327
225000182,110,47,63
225000185,19,667,-648
225000187,400,612,-212
225000191,173,5,168
225000194,0,9,-9
225000208,1,130,-129
225000209,528,43,485
225000210,21,362,-341
225000217,0,83,-83
225000218,76,4,72
225000223,0,460,-460
225000224,294,17,277
225000225,1,189,-188
225000226,46,13,33
225000227,727,695,32
225000228,22,42,-20
225000229,2,727,-725
225000230,16,5,11
225000231,0,52,-52
225000232,490,2,488
225000241,288,3,285
225000242,0,61,-61
225000249,10,0,10
225000250,191,425,-234
225000251,1159,359,800
225000254,7,323,-316
225000256,4,1405,-1401
225000257,1,144,-143
226000042,392,836,-444
226000043,202,586,-384
226000044,470,1236,-766
226000045,257,586,-329
226000046,1127,361,766
226000047,1026,330,696
226000048,846,249,597
226000049,1023,584,439
226000070,0,19,-19
226000071,0,103,-103
226000072,1,54,-53
226000073,0,14,-14
226000074,0,50,-50
226000084,2,38,-36
226000085,1,75,-74
226000086,0,65,-65
226000087,0,60,-60
226000088,20,100,-80
226000090,64,349,-285
226000091,53,200,-147
226000092,0,29,-29
226000093,56,1,55
226000094,21,18,3
226000095,13,36,-23
226000105,18,1,17
226000106,57,4,53
226000107,22,6,16
226000108,23,0,23
226000109,363,26,337
226000124,359,255,104
226000134,1947,915,1032
226000135,3580,925,2655
226000136,1594,1135,459
226000137,26,578,-552
226000138,17,155,-138
226000139,1,178,-177
226000156,825,6,819
226000157,803,23,780
226000163,115,480,-365
226000202,11,477,-466
226000231,1384,62,1322
226000232,129,23,106
227000033,804,37,767
227000036,1133,36,1097
227000037,841,161,680
227000038,262,121,141
227000084,5,243,-238
227000085,3,175,-172
227000088,79,5,74
227000089,48,1,47
227000090,51,2,49
227000091,68,1,67
227000092,59,1,58
227000093,312,0,312
227000094,11,0,11
227000130,146,247,-101
227000131,66,187,-121
227000132,72,234,-162
227000133,48,86,-38
227000134,111,153,-42
227000152,0,28,-28
227000153,0,347,-347
227000154,1,121,-120
227000155,2,46,-44
227000156,3,57,-54
227000165,2,131,-129
227000196,1282,121,1161
227000199,1057,310,747
227000230,37,181,-144
227000232,1575,57,1518
227000242,92,499,-407
227000243,496,56,440
227000245,27,261,-234
227000246,140,230,-90
227000247,889,41,848
227000248,244,95,149
227000249,40,82,-42
227000250,546,396,150
227000251,73,630,-557
227000252,99,170,-71
227000253,453,34,419
227000262,1033,57,976
227000266,3366,91,3275
227000267,21,828,-807
227000282,21,140,-119
227000284,1569,27,1542
227000286,16,85,-69
227000291,7,402,-395
227000296,449,271,178
227000484,283,8,275
227000485,6,900,-894
227000655,552,5,547
227000656,1101,15,1086
227000657,347,16,331
227000704,849,31,818
229000265,18,35,-17
229000266,3,20,-17
229000267,12,0,12
229000268,62,4,58
229000269,48,3,45
229000274,1,407,-406
229000275,0,130,-130
229000276,0,157,-157
229000277,2,12,-10
229000278,2,21,-19
229000295,205,71,134
229000296,2,127,-125
229000297,85,26,59
229000298,38,153,-115
229000320,23,16,7
229000321,55,417,-362
229000412,49,76,-27
229000414,14,76,-62
229000415,17,3,14
229000416,2,1,1
229000417,0,16,-16
229000419,189,508,-319
229000440,455,234,221
229000442,68,26,42
229000443,0,21,-21
229000444,0,87,-87
229000445,219,7,212
229000446,272,33,239
229000491,3,15,-12
229000492,22,63,-41
229000493,10,174,-164
229000494,79,26,53
229000495,203,39,164
229000496,153,15,138
229000507,0,44,-44
229000508,2,29,-27
229000509,0,107,-107
229000510,12,82,-70
229000511,18,34,-16
229000512,1,39,-38
229000513,0,7,-7
229000514,0,6,-6
229000517,3,6,-3
229000518,43,16,27
229000519,3,3,0
229000520,31,31,0
229000521,108,19,89
229000522,15,2,13
229000523,11,0,11
229000524,5,4,1
229000527,6,0,6
229000528,0,0,0
229000529,35,1,34
229000530,115,0,115
229000531,85,2,83
229000532,14,2,12
229000533,132,2,130
229000534,53,1,52
229000564,112,1,111
229000565,76,0,76
229000566,1,9,-8
229000567,0,22,-22
229000582,90,13,77
229000583,11,19,-8
229000584,3,11,-8
229000585,3,118,-115
229000718,0,4,-4
229000719,0,4,-4
229000720,0,34,-34
229000721,0,3,-3
229000722,0,2,-2
229000723,0,7,-7
229000724,0,16,-16
229000725,0,5,-5
229000738,8,0,8
229000739,0,7,-7
229000740,2,1,1
229000741,79,2,77
229000742,29,0,29
229000743,40,0,40
229000744,5,0,5
229000745,0,0,0
229000746,18,0,18
229000847,123,1,122
229000848,25,0,25
229000849,135,0,135
229000851,79,0,79
229000854,0,20,-20
229000856,7,71,-64
229000857,0,13,-13
229000858,1,76,-75
229000919,9,116,-107
229000930,8,164,-156
229000937,169,45,124
229000966,139,71,68
229000981,25,22,3
229000985,46,10,36
229000986,1,3,-2
229000987,0,12,-12
229000988,3,31,-28
229000989,12,34,-22
229000990,1,3,-2
229000991,1,2,-1
229000992,30,9,21
229000993,329,22,307
229000998,72,62,10
229000999,69,11,58
229001034,1,23,-22
229001035,5,30,-25
229001036,50,125,-75
229001037,103,5,98
229001038,1,42,-41
229001039,5,7,-2
229001040,0,107,-107
229001041,504,1,503
229001042,69,13,56
229001047,63,71,-8
229001050,76,35,41
229001168,0,40,-40
229001200,113,4,109
229001338,1,36,-35
229001394,429,1,428
229001422,300,44,256
229001423,21,140,-119
229001431,119,107,12
229001432,42,186,-144
229001444,398,115,283
229001445,187,121,66
229001479,47,1,46
229001503,445,73,372
229001504,201,164,37
229001505,300,77,223
229001506,141,186,-45
229001509,125,14,111
229001510,90,77,13
229001545,211,8,203
229001546,9,117,-108
229001553,245,77,168
229001554,23,110,-87
229001630,177,39,138
229001631,93,56,37
229001635,0,81,-81
229001636,0,0,0
229001658,0,93,-93
229001659,160,7,153
229001660,4,55,-51
229001661,19,68,-49
229001662,62,0,62
229001663,0,165,-165
229002584,424,573,-149
229002831,217,151,66
229002841,23,50,-27
229002842,28,84,-56
229002843,81,51,30
229002844,59,149,-90
229002845,8,159,-151
229002846,11,25,-14
229002847,4,28,-24
229002848,7,112,-105
229002849,17,64,-47
229002850,16,2,14
229002851,89,183,-94
229002852,186,75,111
229002853,209,50,159
229002854,124,128,-4
229002855,30,151,-121
229002856,36,27,9
229002857,26,195,-169
229002858,33,29,4
229002859,92,145,-53
229002860,163,87,76
229002861,127,187,-60
229002862,35,44,-9
229002863,31,34,-3
229002864,41,54,-13
229002865,4,42,-38
229002866,43,49,-6
229002867,0,52,-52
229002868,18,12,6
229002869,26,63,-37
229002870,62,25,37
235000066,481,75,406
235000067,485,189,296
235000072,45,117,-72
235000073,178,712,-534
235000074,163,75,88
235000080,20,94,-74
235000081,455,156,299
235000082,402,43,359
235000083,678,70,608
235000084,69,82,-13
235000085,280,143,137
235000089,108,386,-278
235000092,121,585,-464
235000093,28,10,18
235000097,24,8,16
235000098,292,14,278
235000099,145,140,5
235000116,48,36,12
235000117,1430,63,1367
235000133,60,1695,-1635
235000134,16,397,-381
235000206,18,6,12
235000207,4,6,-2
235000208,5,3,2
235000209,5,5,0
235000210,10,0,10
235000212,9,19,-10
235000213,1,21,-20
235000220,0,4,-4
235000221,7,101,-94
235000238,14,242,-228
235000239,2,105,-103
235000242,627,1258,-631
235000245,384,265,119
235000246,17,88,-71
235000284,15,83,-68
235000295,157,250,-93
235000305,632,96,536
235000306,877,35,842
235000307,44,3,41
235000308,71,0,71
235000309,214,0,214
235000310,148,0,148
235000311,142,153,-11
235000322,0,22,-22
235000323,4,26,-22
235000324,1,42,-41
235000325,0,20,-20
235000326,17,66,-49
235000351,15,56,-41
235000352,51,54,-3
235000353,18,61,-43
235000354,19,22,-3
235000355,10,826,-816
235000356,268,8,260
235000357,245,10,235
235000358,55,6,49
235000359,27,3,24
235000360,200,18,182
235000361,113,8,105
235000381,599,192,407
235000382,454,121,333
235000390,17,8,9
235000391,253,50,203
235000392,351,322,29
235000393,296,965,-669
235000395,202,64,138
235000396,978,94,884
235000400,483,244,239
235000401,9,222,-213
235000405,457,117,340
235000406,199,159,40
235000407,147,72,75
235000409,243,212,31
235000410,233,201,32
235000411,4,41,-37
235000485,0,29,-29
235000486,13,1,12
235000549,170,863,-693
235000550,359,219,140
235000599,355,50,305
235000600,6,31,-25
235000601,26,36,-10
235000602,147,82,65
235000614,0,12,-12
235000648,1,10,-9
235000649,292,14,278
235000685,0,4,-4
235000815,12,51,-39
235000834,0,25,-25
235000855,75,54,21
235000862,127,83,44
235000891,0,81,-81
235000892,46,6,40
235000901,238,733,-495
235000907,13,12,1
235001010,235,299,-64
235001029,212,265,-53
235001030,253,177,76
235001078,116,303,-187
235001079,164,57,107
235001147,6,100,-94
235001166,30,67,-37
235001167,203,75,128
235001169,59,224,-165
235001188,0,12,-12
235001189,3,3,0
235001197,0,12,-12
235001200,148,115,33
235001208,25,50,-25
235001209,120,98,22
235001210,36,221,-185
235001239,4,107,-103
235001244,1,24,-23
235016267,0,291,-291
241900007,116,2,114
277101746,0,2,-2
277102712,4,0,4
277103813,0,0,0
277103814,0,0,0
277103898,0,2,-2
277104249,0,2,-2
277104250,0,23,-23
277104251,0,11,-11
277104252,0,5,-5
990011530,2,628,-626
990014944,15,308,-293
990015176,141,0,141
990015618,0,198,-198
990016032,2,316,-314
990032570,1,1838,-1837
990070001,79,3,76
990070103,0,4,-4
990070601,0,51,-51
990070751,4315,12,4303
990070766,0,124,-124
990071180,1059,625,434
990071343,27,0,27
990071387,0,6,-6
990071823,835,4,831
990072600,18,889,-871
990072964,0,170,-170
990073285,0,2,-2
990074393,0,754,-754
990074870,3720,215,3505
990075106,1734,128,1606
990075746,1357,33,1324
990076437,7033,6,7027
990076458,0,570,-570
997000007,674,14,660
997000041,1,517,-516
997000058,110,0,110
997000062,93,55,38
997000069,0,5,-5
997000070,0,11,-11
997000100,298,1,297
997000141,2,688,-686
997000198,1,355,-354
998000475,1,7,-6
998000736,0,351,-351
998000965,0,56,-56
998001031,0,113,-113
998001700,0,86,-86
998001899,0,2,-2
998001900,9,1,8
998003073,1809,0,1809
998101900,0,0,0
998102850,2,177,-175
998501927,691,1844,-1153
998501929,265,12,253
998501930,136,11,125
998501931,473,46,427
998501932,9,1,8
998501933,278,148,130
998501937,50,3,47
998501944,9,0,9
998501950,0,0,0
998501970,411,19,392
998501971,1,458,-457
998501973,0,31,-31
998501974,3,138,-135
998501975,242,0,242
998501976,331,3,328
998501977,5,77,-72
998501978,23,0,23
998501979,0,2,-2
998501980,140,2,138
998501981,67,1,66
998501982,0,195,-195
998502006,0,1,-1
998502024,0,31,-31
998502032,0,0,0
998502062,12,1,11
998502063,0,0,0
998502173,16,0,16
998502269,0,2,-2
998601159,3,30,-27
998601292,1,79,-78
999033574,0,197,-197
999800001,79,15,64
999800002,0,20,-20
999800003,3,1,2
999800004,0,3,-3
999800005,0,54,-54
