ID,insum,outsum,diff
100000001,967,928,39
100000002,4316,4797,-481
100000003,4975,6729,-1754
100000004,530,1681,-1151
100000005,2824,6044,-3220
100000006,971,298,673
100000007,2609,910,1699
100000008,288,622,-334
100000009,718,385,333
100000010,83,133,-50
100000011,627,138,489
100000012,54,1265,-1211
100000013,183,318,-135
100000014,494,447,47
100000015,1602,2430,-828
100000016,563,1659,-1096
100000017,754,1116,-362
100000018,1016,900,116
100000019,3845,2829,1016
100000020,1442,7365,-5923
100000021,6710,2767,3943
100000022,1076,3525,-2449
100000023,5679,2000,3679
100000025,586,1837,-1251
100000028,1020,1808,-788
100000029,172,562,-390
100000030,111,60,51
100000031,2810,7110,-4300
100000032,1699,4516,-2817
100000033,1228,3470,-2242
100000034,161,1102,-941
100000035,1090,2273,-1183
100000036,1178,1848,-670
100000037,703,551,152
100000038,2823,1486,1337
100000039,450,1252,-802
100000040,302,226,76
100000041,1879,687,1192
100000042,1249,503,746
100000043,868,584,284
100000044,263,1110,-847
100000045,385,1201,-816
100000046,518,1050,-532
100000047,244,882,-638
100000048,470,802,-332
100000049,1883,1335,548
100000051,517,638,-121
100000053,102,6,96
100000054,397,30,367
100000055,714,437,277
100000056,520,875,-355
100000057,2608,786,1822
100000058,955,961,-6
100000059,21,252,-231
100000060,505,373,132
100000061,2849,875,1974
100000062,2446,776,1670
100000063,1265,304,961
100000064,1942,422,1520
100000065,373,712,-339
100000066,185,601,-416
100000067,316,657,-341
100000068,409,1414,-1005
100000069,338,1068,-730
100000072,182,687,-505
100000073,1071,788,283
100000075,777,222,555
100000076,1765,4732,-2967
100000077,103,390,-287
100000078,36,36,0
100000079,69,62,7
100000080,23,51,-28
100000081,97,280,-183
100000102,3563,5351,-1788
100000103,2218,2150,68
100000104,3508,3333,175
100000105,1570,2121,-551
100000106,1366,3125,-1759
100000107,218,1531,-1313
100000108,395,1059,-664
100000109,978,1797,-819
100000116,763,1056,-293
100000117,78,197,-119
100000118,762,1590,-828
100000119,578,1208,-630
100000121,349,504,-155
100000122,599,1874,-1275
100000123,1502,3529,-2027
100000124,3599,5129,-1530
100000125,4516,2585,1931
100000126,562,709,-147
100000127,1055,624,431
100000128,1362,3109,-1747
100000129,333,870,-537
100000130,677,363,314
100000131,1319,2563,-1244
100000132,1072,2828,-1756
100000133,2865,1659,1206
100000135,645,1626,-981
100000139,207,685,-478
100000140,169,414,-245
100000142,683,557,126
100000143,1878,553,1325
100000144,2528,620,1908
100000147,1570,4293,-2723
100000150,70,619,-549
100000151,792,2298,-1506
100000153,147,566,-419
100000154,46,525,-479
100000155,14,55,-41
100000156,376,431,-55
100000157,375,291,84
100000158,262,221,41
100000159,164,952,-788
100000165,799,841,-42
100000169,79,1533,-1454
100000174,299,1384,-1085
100000179,96,655,-559
100000180,1863,10246,-8383
100000181,433,708,-275
100000188,82,796,-714
100000189,1081,920,161
100000190,522,1736,-1214
100000191,818,1032,-214
100000192,30,107,-77
100000193,262,232,30
100000330,720,1043,-323
100000355,239,1361,-1122
100000362,2710,1522,1188
100000363,6708,6383,325
100000364,88,226,-138
100000365,6480,11056,-4576
100000366,2405,1891,514
100000367,5147,7870,-2723
100000368,2889,1096,1793
100000369,778,2948,-2170
100000370,217,1128,-911
100000376,72,259,-187
100000379,1588,2268,-680
100000380,4592,6500,-1908
100000384,5966,7282,-1316
100000385,1725,4570,-2845
100000386,3644,6402,-2758
100000387,2962,6249,-3287
100000388,2694,6991,-4297
100000389,3947,7398,-3451
100000390,4878,6710,-1832
100000391,3230,10255,-7025
100000392,1462,4592,-3130
100000393,1521,6308,-4787
100000394,4020,9418,-5398
100000395,2754,7109,-4355
100000396,3587,3961,-374
100000397,2805,9414,-6609
100000398,7797,6273,1524
100900002,18,10,8
100900003,463,310,153
100900004,12,1275,-1263
100900005,142,25,117
100900006,61,49,12
100900007,218,16,202
100900008,3,370,-367
100900009,85,206,-121
100900010,115,27,88
100900011,247,179,68
100900012,0,48,-48
100900013,1167,16,1151
100900014,3,4,-1
100900015,57,74,-17
100900016,5,24,-19
100900017,1247,106,1141
100900018,0,13,-13
100900019,48,127,-79
100900020,408,13,395
100900021,486,6,480
100900022,18,31,-13
100900023,0,47,-47
100900024,309,15,294
100900025,15,19,-4
100900026,159,96,63
100900027,546,2969,-2423
100900028,150,398,-248
100900029,37,3,34
100900030,2,208,-206
100900031,999,49,950
100900032,543,0,543
100900033,207,350,-143
100900034,928,3,925
100900035,276,2,274
100900036,8,0,8
100900037,165,174,-9
100900038,97,63,34
100900039,269,254,15
100900040,581,383,198
100900041,1205,326,879
100900042,1637,2378,-741
100900043,0,30,-30
100900044,1473,364,1109
100900045,3,0,3
100900046,1331,30,1301
100900047,1086,280,806
100900048,104,48,56
100900049,114,98,16
100900050,6,5,1
100900051,24,162,-138
100900052,395,61,334
100900053,689,31,658
100900054,15,41,-26
100900055,210,1136,-926
100900056,34,100,-66
100900057,2359,1243,1116
100900058,212,216,-4
100900059,136,7,129
100900060,305,8,297
100900061,270,205,65
100900062,8,27,-19
100900063,336,919,-583
100900064,751,40,711
100900065,77,139,-62
100900066,223,303,-80
100900067,32,8,24
100900068,340,302,38
100900069,331,6,325
100900070,606,39,567
100900071,419,201,218
100900072,1,35,-34
100900073,169,476,-307
100900074,11,7,4
100900075,1781,333,1448
100900076,11,27,-16
100900077,59,31,28
100900078,133,271,-138
100900079,11,17,-6
100900080,110,197,-87
100900081,27,137,-110
100900082,188,268,-80
100900083,13,14,-1
100900085,23,675,-652
100900086,133,702,-569
100900088,220,215,5
100900089,3,10,-7
100900090,143,879,-736
100900091,11,14,-3
100900092,110,182,-72
100900093,402,366,36
100900094,306,176,130
100900095,3,14,-11
100900096,50,164,-114
100900097,1,3,-2
100900098,27,30,-3
100900099,14,333,-319
100900100,8,697,-689
100900101,333,35,298
100900102,46,190,-144
100900103,8,12,-4
100900104,5,114,-109
100900105,25,842,-817
100900106,22,4,18
100900107,1957,903,1054
100900108,9,85,-76
100900109,20,13,7
100900110,3,34,-31
100900111,17,171,-154
100900112,8,34,-26
100900113,21,46,-25
100900114,20,12,8
100900115,18,16,2
100900116,1312,618,694
100900117,336,1385,-1049
100900118,168,190,-22
100900119,9,20,-11
100900120,56,3,53
100900121,527,488,39
100900122,81,147,-66
100900123,91,120,-29
100900124,8,19,-11
100900125,8,60,-52
100900126,209,145,64
100900127,3,9,-6
100900128,139,248,-109
100900129,0,329,-329
100900131,58,253,-195
100900133,82,44,38
100900134,2,1,1
100900135,1,441,-440
100900137,344,236,108
100900138,348,615,-267
100900139,6,11,-5
100900140,15,245,-230
100900141,3,767,-764
100900142,1,26,-25
100900143,574,550,24
100900144,6,6,0
100900145,114,389,-275
100900146,16,76,-60
100900147,9,597,-588
100900148,39,275,-236
100900149,14,132,-118
100900150,2,50,-48
100900151,95,583,-488
100900152,784,12,772
100900153,4,227,-223
100900154,75,250,-175
100900155,26,9,17
100900156,36,7,29
100900157,13,1200,-1187
100900159,40,193,-153
100900160,48,2,46
100900161,100,23,77
100900162,10,879,-869
100900163,118,132,-14
100900164,55,35,20
100900165,27,49,-22
100900166,318,6,312
100900167,11,51,-40
100900168,35,313,-278
100900169,92,901,-809
100900170,30,3,27
100900171,26,389,-363
100900172,0,23,-23
100900173,2,156,-154
100900174,98,20,78
100900176,1757,181,1576
100900177,477,321,156
100900178,275,262,13
100900179,317,601,-284
100900180,3,10,-7
100900181,241,80,161
100900182,178,44,134
100900184,27,140,-113
100900186,653,336,317
100900187,14,75,-61
100900188,43,18,25
100900189,3332,294,3038
100900191,552,1596,-1044
100900192,143,494,-351
100900195,124,259,-135
100900197,19,42,-23
100900198,43,107,-64
100900199,6,21,-15
100900200,987,316,671
100900201,127,1153,-1026
100900202,35,0,35
100900203,2,270,-268
100900204,313,2042,-1729
100900205,139,682,-543
100900206,310,160,150
100900207,284,188,96
100900210,107,233,-126
100900211,684,195,489
100900213,251,65,186
100900214,644,182,462
100900215,47,60,-13
100900217,86,153,-67
101000001,2229,2451,-222
101000002,8671,8742,-71
101000003,380,1138,-758
101000004,6216,6429,-213
101000005,4401,5301,-900
101000006,5710,8237,-2527
101000007,3463,4548,-1085
101000008,1878,2324,-446
101000009,2723,759,1964
101000010,1007,581,426
101000011,1102,411,691
101000012,583,803,-220
101000013,714,1303,-589
101000014,333,440,-107
101000015,1745,983,762
101000016,264,521,-257
101000017,437,523,-86
101000018,1594,2766,-1172
101000020,1959,836,1123
101000021,556,352,204
101000022,162,249,-87
101000023,1082,718,364
101000025,335,526,-191
101000026,250,25,225
101000027,2095,3766,-1671
101000028,988,342,646
101000029,151,1619,-1468
101000030,1075,250,825
101000031,413,1135,-722
101000032,3159,4987,-1828
101000033,2271,3926,-1655
101000034,994,2089,-1095
101000035,526,326,200
101000036,1144,1300,-156
101000037,1181,2228,-1047
101000039,2626,3345,-719
101000040,2472,5118,-2646
101000041,2843,8969,-6126
101000042,207,1483,-1276
101000043,3753,9267,-5514
101000045,509,1049,-540
101000046,1372,2633,-1261
101000047,1353,5730,-4377
101000048,708,489,219
101000049,622,2347,-1725
101000050,1465,2557,-1092
101000051,1037,3244,-2207
101000052,1377,1549,-172
101000053,890,1233,-343
101000054,1912,977,935
101000055,1115,1678,-563
101000056,38,148,-110
101000057,929,1768,-839
101000058,914,1618,-704
101000059,1821,2731,-910
101000060,1982,1019,963
101000061,714,1864,-1150
101000062,405,825,-420
101000063,353,1474,-1121
101000064,617,1180,-563
101000065,299,819,-520
101000066,553,1324,-771
101000067,669,1070,-401
101000068,148,593,-445
101000069,191,46,145
101000070,625,1054,-429
101000071,2548,1068,1480
101000072,614,3381,-2767
101000073,859,1364,-505
101000074,2982,5302,-2320
101000075,2336,5506,-3170
101000077,2038,1758,280
101000078,1078,1398,-320
101000079,1325,1206,119
101000080,1126,1147,-21
101000081,1828,1641,187
101000082,2274,2369,-95
101000083,3383,2474,909
101000084,1049,659,390
101000085,1438,1099,339
101000086,986,1262,-276
101000087,764,813,-49
101000088,1530,1262,268
101000089,1155,1651,-496
101000090,1872,999,873
101000091,532,512,20
101000092,1596,692,904
101000093,1476,756,720
101000094,1132,963,169
101000095,645,544,101
101000096,472,430,42
101000097,479,724,-245
101000098,393,937,-544
101000099,657,1368,-711
101000100,725,1161,-436
101000101,184,439,-255
101000102,693,821,-128
101000103,602,691,-89
101000104,358,840,-482
101000105,193,580,-387
101000106,391,1313,-922
101000107,327,553,-226
101000108,441,141,300
101000109,608,100,508
101000110,29,216,-187
101000111,73,174,-101
101000113,216,779,-563
101000114,4330,10900,-6570
101000115,65,77,-12
101000116,67,43,24
101000117,1555,253,1302
101000119,47,71,-24
101000120,107,94,13
101000121,59,102,-43
101000122,104,119,-15
101000123,58,167,-109
101000124,1019,527,492
101000125,140,237,-97
101000128,278,1021,-743
101000130,193,280,-87
101000131,1391,426,965
101000132,1107,1005,102
101000135,24,33,-9
101000136,231,217,14
101000137,35,412,-377
101000141,853,3864,-3011
101000147,1004,338,666
101000148,681,24,657
101000149,135,361,-226
101000150,99,229,-130
101000151,396,45,351
101000152,303,361,-58
101000153,365,199,166
101000154,462,564,-102
101000155,502,244,258
101000156,18,455,-437
101000157,74,51,23
101000160,29,9,20
101000163,155,548,-393
101000164,285,201,84
101000165,458,399,59
101000166,263,259,4
101000168,975,531,444
101000252,2727,1088,1639
101000254,72,110,-38
101000258,107,16,91
101000261,122,105,17
101000262,1248,4447,-3199
101000263,264,1486,-1222
101000265,106,781,-675
101000266,359,391,-32
101000269,28,8,20
101000290,636,2987,-2351
101000293,39,39,0
101000294,732,575,157
101000295,222,302,-80
101000301,412,551,-139
101000304,2140,2885,-745
101000305,2857,1093,1764
101000328,53,386,-333
101900001,20,34,-14
101900002,0,15,-15
101900003,40,108,-68
101900004,5,115,-110
101900005,1739,3581,-1842
101900006,1657,77,1580
101900007,687,206,481
101900008,48,243,-195
101900009,41,314,-273
101900010,644,801,-157
101900011,132,978,-846
101900012,391,120,271
101900013,440,163,277
101900017,12,166,-154
101900018,751,403,348
101900019,85,131,-46
101900020,66,44,22
101900021,4,68,-64
101900022,202,580,-378
101900023,235,96,139
101900026,159,60,99
101900027,12,93,-81
102000001,3069,5766,-2697
102000002,2526,1035,1491
102000003,2525,7822,-5297
102000004,4169,2653,1516
102000005,1054,3110,-2056
102000006,714,1527,-813
102000007,1786,5195,-3409
102000008,4419,1534,2885
102000009,7561,9786,-2225
102000010,4249,3269,980
102000011,4356,3470,886
102000012,3222,2951,271
102000018,2497,2920,-423
102000019,3323,1960,1363
102000026,264,442,-178
102000029,227,216,11
102000030,157,404,-247
102000031,73,123,-50
102000032,690,390,300
102000033,393,406,-13
102000034,518,659,-141
102000035,2156,732,1424
102000036,28,288,-260
102000037,174,36,138
102000038,137,423,-286
102000039,101,145,-44
102000040,247,414,-167
102000041,81,610,-529
102000042,132,419,-287
102000043,105,409,-304
102000044,310,669,-359
102000045,620,728,-108
102000046,1373,554,819
102000047,679,841,-162
102000048,498,875,-377
102000049,1067,1064,3
102000050,968,1075,-107
102000051,395,862,-467
102000052,1119,926,193
102000053,950,1302,-352
102000054,842,1230,-388
102000055,1545,391,1154
102000056,1235,365,870
102000057,1583,527,1056
102000058,1135,870,265
102000059,1544,1153,391
102000060,969,793,176
102000061,2046,1486,560
102000062,2155,986,1169
102000063,978,1233,-255
102000064,533,574,-41
102000065,47,133,-86
102000066,755,861,-106
102000067,2681,2729,-48
102000068,11497,3193,8304
102000069,186,3495,-3309
102000070,1588,43,1545
102000071,6831,8833,-2002
102000072,2881,3987,-1106
102000073,691,926,-235
102000074,556,1351,-795
102000075,133,267,-134
102000076,211,246,-35
102000077,801,514,287
102000078,1212,264,948
102000079,122,144,-22
102000080,229,165,64
102000081,320,745,-425
102000082,626,391,235
102000083,773,240,533
102000084,546,192,354
102000085,4513,840,3673
102000086,1478,767,711
102000087,1164,1515,-351
102000088,423,317,106
102000089,1412,389,1023
102000090,489,1319,-830
102000091,1308,617,691
102000092,257,644,-387
102000093,529,548,-19
102000094,685,655,30
102000095,869,1265,-396
102000096,579,751,-172
102000097,877,707,170
102000098,445,823,-378
102000099,967,1143,-176
102000100,237,1283,-1046
102000101,471,673,-202
102000102,347,1163,-816
102000103,2050,377,1673
102000104,730,322,408
102000105,347,506,-159
102000106,882,467,415
102000107,1841,345,1496
102000108,713,173,540
102000109,736,383,353
102000110,1554,481,1073
102000111,17,250,-233
102000112,153,139,14
102000113,15,28,-13
102000114,624,324,300
102000115,285,387,-102
102000116,370,619,-249
102000117,117,857,-740
102000118,880,1600,-720
102000119,1246,1253,-7
102000120,323,419,-96
102000121,1129,567,562
102000122,844,971,-127
102000123,1205,1237,-32
102000124,1701,1352,349
102000125,689,1042,-353
102000126,712,789,-77
102000127,1412,751,661
102000128,946,894,52
102000129,1740,620,1120
102000130,854,1060,-206
102000131,2860,1127,1733
102000132,1321,1697,-376
102000133,3234,1660,1574
102000134,1105,730,375
102000135,1561,1085,476
102000136,2557,677,1880
102000137,566,1579,-1013
102000138,191,559,-368
102000139,67,1534,-1467
102000140,159,2093,-1934
102000141,266,4779,-4513
102000142,343,386,-43
102000143,302,235,67
102000144,360,242,118
102000145,422,364,58
102000146,387,471,-84
102000147,589,395,194
102000148,230,480,-250
102000149,303,200,103
102000150,719,93,626
102000151,119,151,-32
102000152,207,120,87
102000153,1038,664,374
102000154,209,390,-181
102000155,67,369,-302
102000156,297,215,82
102000157,65,634,-569
102000158,441,623,-182
102000159,953,862,91
102000161,2172,2162,10
102000162,139,175,-36
102000163,89,523,-434
102000164,663,1089,-426
102000165,334,189,145
102000166,56,200,-144
102000167,196,325,-129
102000168,340,255,85
102000169,136,604,-468
102000170,462,329,133
102000171,137,756,-619
102000172,111,830,-719
102000173,494,387,107
102000174,89,71,18
102000175,84,64,20
102000176,90,13,77
102000178,240,281,-41
102000179,520,222,298
102000180,1214,309,905
102000181,1030,361,669
102000182,654,353,301
102000183,2318,1192,1126
102000184,2286,481,1805
102000185,3260,905,2355
102000186,1761,1075,686
102000187,1208,1105,103
102000188,1385,1238,147
102000189,1991,540,1451
102000190,588,2538,-1950
102000191,944,469,475
102000192,1465,1840,-375
102000193,80,54,26
102000194,57,122,-65
102000195,529,339,190
102000196,273,242,31
102000197,1056,292,764
102000198,230,486,-256
102000199,1588,270,1318
102000200,347,549,-202
102000201,1622,420,1202
102000202,7,67,-60
102000203,587,153,434
102000204,701,399,302
102000205,1679,323,1356
102000206,773,314,459
102000207,891,473,418
102000208,518,343,175
102000209,96,65,31
102000210,602,272,330
102000211,623,170,453
102000212,449,14,435
102000213,5,190,-185
102000214,499,15,484
102000215,5,209,-204
102000216,60,95,-35
102000217,10,99,-89
102000218,308,264,44
102000219,202,159,43
102000225,445,524,-79
102000226,723,1007,-284
102000227,167,3,164
102000228,0,60,-60
102000229,77,62,15
102000230,339,264,75
102000231,380,383,-3
102000232,43,131,-88
102000233,493,524,-31
102000234,108,1075,-967
102000236,301,117,184
102000237,500,144,356
102000238,189,325,-136
102000240,476,764,-288
102000241,917,136,781
102000243,23,40,-17
102000245,13,137,-124
102000246,4,26,-22
102000247,375,575,-200
102000248,312,826,-514
102000249,136,79,57
102000250,73,218,-145
102000254,179,132,47
102000266,21,1300,-1279
102000271,46,0,46
102000286,496,357,139
102000297,2184,1137,1047
102000299,0,0,0
102000301,0,0,0
102000303,0,0,0
102000305,0,0,0
102000307,0,8,-8
102900001,1470,682,788
102900002,396,48,348
102900003,96,142,-46
102900005,441,224,217
102900006,679,76,603
102900007,647,16,631
102900008,301,41,260
102900009,550,490,60
102900010,199,914,-715
102900011,1210,564,646
102900012,442,103,339
102900013,61,41,20
102900015,571,521,50
102900016,118,46,72
102900017,357,254,103
102900018,71,55,16
102900019,470,628,-158
102900020,137,26,111
102900021,64,58,6
102900022,215,159,56
102900023,33,110,-77
102900024,40,59,-19
102900025,159,105,54
102900026,396,2163,-1767
102900027,88,59,29
102900028,260,1062,-802
102900029,131,302,-171
102900030,527,351,176
102900031,306,131,175
102900032,134,93,41
102900033,145,143,2
102900034,673,64,609
102900035,179,165,14
102900036,353,298,55
102900037,456,241,215
102900038,525,202,323
102900039,31,539,-508
102900040,242,202,40
102900041,155,120,35
102900042,287,155,132
102900043,289,159,130
102900044,635,1327,-692
102900045,294,341,-47
102900046,173,171,2
102900047,128,456,-328
102900048,519,324,195
102900049,79,336,-257
102900050,228,302,-74
102900051,164,199,-35
102900052,59,112,-53
102900053,289,591,-302
102900054,366,1537,-1171
102900055,244,340,-96
102900056,97,426,-329
102900057,7,89,-82
102900058,392,84,308
102900059,44,73,-29
102900060,164,420,-256
102900061,230,287,-57
102900062,403,410,-7
102900063,1683,350,1333
102900064,93,393,-300
102900065,893,307,586
102900066,339,15,324
102900068,94,145,-51
102900070,267,1185,-918
102900072,13,43,-30
102900073,83,5,78
102900075,15,90,-75
102900076,75,205,-130
102900077,51,35,16
102900078,34,66,-32
102900079,262,10,252
102900080,595,44,551
102900081,78,298,-220
102900082,15,208,-193
102900083,140,27,113
102900084,7,62,-55
102900085,296,116,180
102900086,30,107,-77
102900087,180,150,30
102900088,69,28,41
102900089,241,106,135
102900090,1,131,-130
102900091,231,3,228
102900092,460,213,247
102900093,259,189,70
102900094,2,159,-157
102900095,138,1,137
102900096,63,7,56
102900097,273,197,76
103000001,2134,2050,84
103000002,2301,2545,-244
103000003,3169,2468,701
103000004,720,583,137
103000005,1997,3492,-1495
103000006,990,1659,-669
103000007,582,635,-53
103000008,1098,596,502
103000009,1948,1230,718
103000010,156,83,73
103000011,1293,1008,285
103000012,1340,1759,-419
103000013,2650,1740,910
103000014,1377,2874,-1497
103000015,1526,657,869
103000016,517,1574,-1057
103000017,288,518,-230
103000018,734,274,460
103000019,419,446,-27
103000020,1685,1225,460
103000021,1792,2376,-584
103000022,668,923,-255
103000023,755,2075,-1320
103000024,82,109,-27
103000025,100,849,-749
103000026,618,133,485
103000027,304,728,-424
103000028,305,346,-41
103000029,159,264,-105
103000030,1503,1745,-242
103000031,1171,2460,-1289
103000032,2080,1263,817
103000033,3005,2584,421
103000034,1065,928,137
103000035,400,1400,-1000
103000036,228,393,-165
103000037,504,472,32
103000038,639,1070,-431
103000039,572,285,287
103000040,710,534,176
103000041,2076,1365,711
103000042,1583,344,1239
103000043,856,669,187
103000044,280,111,169
103000046,515,496,19
103000047,756,322,434
103000048,299,128,171
103000049,180,89,91
103000050,847,247,600
103000051,884,445,439
103000052,740,210,530
103000053,222,426,-204
103000054,2496,1248,1248
103000055,1908,1754,154
103000056,945,975,-30
103000057,1111,133,978
103000058,741,625,116
103000059,677,559,118
103000060,785,401,384
103000061,615,754,-139
103000062,1137,355,782
103000063,910,829,81
103000064,148,136,12
103000065,8,253,-245
103000066,231,20,211
103000069,502,215,287
103000070,945,542,403
103000071,1552,514,1038
103000072,166,467,-301
103000073,903,130,773
103000074,951,118,833
103000075,144,625,-481
103000076,424,665,-241
103000077,24,260,-236
103000078,939,1087,-148
103000079,474,724,-250
103000080,637,551,86
103000081,348,1137,-789
103000082,469,195,274
103000083,137,322,-185
103000084,125,14,111
103000085,2,100,-98
103000086,429,535,-106
103000087,161,593,-432
103000088,208,259,-51
103000089,293,697,-404
103000090,3677,1147,2530
103000091,1060,479,581
103000092,221,267,-46
103000093,343,481,-138
103000094,259,130,129
103000095,130,337,-207
103000096,566,55,511
103000097,54,590,-536
103000098,607,151,456
103000099,141,557,-416
103000100,199,401,-202
103000101,1172,124,1048
103000102,131,375,-244
103000103,895,143,752
103000104,130,81,49
103000105,280,110,170
103000106,12,179,-167
103000107,274,78,196
103000108,1000,587,413
103000109,574,493,81
103000110,626,472,154
103000111,424,477,-53
103000112,324,283,41
103000113,389,600,-211
103000114,1421,658,763
103000115,803,537,266
103000116,909,389,520
103000117,506,418,88
103000118,409,437,-28
103000119,743,437,306
103000120,89,179,-90
103000121,182,244,-62
103000122,322,385,-63
103000125,38,102,-64
103000126,908,2,906
103000127,17,137,-120
103000128,229,4,225
103000129,9,86,-77
103000130,98,35,63
103000131,242,98,144
103000132,98,179,-81
103000133,20,127,-107
103000134,322,1038,-716
103000135,612,205,407
103000136,527,543,-16
103000137,413,554,-141
103000138,571,789,-218
103000139,1,72,-71
103000140,124,33,91
103000141,52,163,-111
103000142,123,113,10
103000143,75,178,-103
103000144,193,61,132
103000145,22,310,-288
103000150,120,30,90
103000152,217,199,18
103000153,213,171,42
103000156,44,202,-158
103000157,576,3,573
103000159,149,55,94
103000162,45,17,28
103000163,9,24,-15
103000164,3,4,-1
103000165,61,196,-135
103000166,305,400,-95
103000167,258,96,162
103000168,154,119,35
103000169,196,541,-345
103000170,1331,237,1094
103000171,39,101,-62
103000172,923,183,740
103000173,1021,258,763
103000174,304,219,85
103000175,370,142,228
103000176,761,708,53
103000177,391,423,-32
103000178,169,331,-162
103000179,201,34,167
103000183,307,10,297
103000185,212,65,147
103000186,166,97,69
103000187,974,178,796
103000188,26,105,-79
103000189,783,532,251
103000191,533,637,-104
103000292,599,1963,-1364
103000293,793,3109,-2316
103000295,97,112,-15
103000296,156,5,151
103000297,26,294,-268
103000504,92,15,77
103000505,5,52,-47
103000506,5,125,-120
103000507,280,3,277
103000508,91,104,-13
103000509,281,480,-199
103900001,65,85,-20
103900002,771,79,692
103900003,1065,212,853
103900004,202,2,200
103900005,14,94,-80
103900006,8,2,6
103900007,151,5,146
103900008,12,7,5
103900009,481,428,53
103900010,229,249,-20
103900011,573,114,459
103900012,15,28,-13
103900013,87,32,55
103900014,111,19,92
103900015,100,6,94
103900016,261,83,178
103900017,65,65,0
103900018,405,132,273
103900019,78,512,-434
103900020,272,536,-264
103900021,169,46,123
103900022,1006,569,437
103900023,263,1,262
103900024,67,296,-229
103900025,19,36,-17
103900026,79,0,79
103900027,607,212,395
103900028,36,313,-277
103900029,1417,193,1224
103900030,451,177,274
103900031,57,1,56
103900032,174,78,96
103900033,77,24,53
103900034,66,53,13
103900035,76,42,34
103900036,50,78,-28
103900037,100,104,-4
103900038,106,290,-184
103900039,177,122,55
103900040,9,112,-103
103900041,107,52,55
103900042,152,141,11
103900043,308,49,259
103900044,84,557,-473
103900045,413,156,257
103900047,168,11,157
103900048,27,66,-39
103900049,122,1011,-889
103900050,15,175,-160
103900051,3,55,-52
103900052,259,272,-13
103900053,434,267,167
103900054,149,176,-27
103900055,444,187,257
103900056,120,45,75
103900057,69,81,-12
103900058,427,260,167
103900059,0,33,-33
103900060,80,119,-39
103900061,272,33,239
103900062,666,213,453
103900063,4,0,4
103900064,220,8,212
103900065,433,295,138
103900066,275,99,176
103900067,279,16,263
103900068,5,1,4
103900069,82,14,68
103900070,129,186,-57
103900071,11,77,-66
103900072,32,107,-75
103900073,51,64,-13
103900074,135,55,80
103900075,298,58,240
103900076,836,253,583
103900077,45,213,-168
103900078,407,69,338
103900079,149,174,-25
103900080,6,23,-17
103900081,12,23,-11
103900082,27,128,-101
103900083,972,1572,-600
103900084,95,201,-106
103900085,90,150,-60
103900086,1207,347,860
103900088,406,580,-174
103900089,92,163,-71
103900090,15,46,-31
103900091,779,166,613
103900092,642,431,211
103900093,57,237,-180
103900094,14,55,-41
103900095,260,228,32
103900096,60,121,-61
103900097,8,400,-392
103900098,346,129,217
103900099,205,73,132
103900100,400,179,221
103900101,121,864,-743
103900102,0,30,-30
103900104,1,44,-43
103900105,48,119,-71
103900106,1,115,-114
103900107,184,86,98
103900108,64,153,-89
103900109,229,40,189
103900110,329,60,269
103900111,254,282,-28
103900112,86,155,-69
103900113,140,366,-226
103900114,333,258,75
103900115,267,193,74
103900116,1986,2887,-901
103900117,132,33,99
103900119,39,120,-81
103900120,97,92,5
103900122,199,119,80
103900123,646,652,-6
103900124,71,201,-130
103900125,141,62,79
103900126,719,213,506
103900127,190,234,-44
103900128,214,76,138
103900131,37,83,-46
103900133,1070,57,1013
103900134,2,6,-4
103900135,25,4,21
103900137,1,18,-17
103900138,110,49,61
103900139,199,3395,-3196
103900140,7,274,-267
103900141,202,62,140
103900142,340,58,282
103900143,216,0,216
103900144,1,14,-13
103900145,136,282,-146
103900146,315,215,100
103900147,493,146,347
103900148,379,201,178
103900149,479,254,225
103900150,3619,5842,-2223
103900151,36,161,-125
103900152,1166,268,898
103900153,13,5,8
103900154,441,2309,-1868
103900155,49,117,-68
103900156,156,60,96
103900157,96,85,11
103900158,187,47,140
103900159,221,33,188
103900160,54,53,1
103900161,86,150,-64
103900162,84,72,12
103900163,4,385,-381
103900167,33,119,-86
103900168,189,62,127
103900169,38,109,-71
103900170,0,92,-92
103900171,1,39,-38
103900172,2,9,-7
103900173,23,16,7
103900174,302,50,252
103900175,38,90,-52
103900176,13,36,-23
103900177,37,48,-11
103900178,98,29,69
103900179,137,45,92
103900180,5,35,-30
103900181,36,35,1
103900182,40,13,27
103900184,243,174,69
103900185,83,577,-494
103900187,18,110,-92
103900188,59,57,2
103900189,130,10,120
103900190,112,72,40
103900191,34,38,-4
103900192,51,99,-48
103900193,83,124,-41
103900194,97,125,-28
103900195,6,122,-116
103900196,40,30,10
103900197,19,37,-18
103900198,14,46,-32
103900199,103,104,-1
103900200,198,98,100
103900201,90,130,-40
103900202,13,56,-43
103900203,47,51,-4
103900204,1,55,-54
103900207,0,45,-45
103900208,171,3,168
103900209,9,139,-130
103900210,83,26,57
103900211,774,311,463
103900212,221,162,59
103900213,38,217,-179
103900214,194,206,-12
103900215,179,289,-110
103900216,8,174,-166
103900217,287,55,232
103900218,0,301,-301
103900219,192,122,70
103900233,55,5,50
103900235,19,45,-26
103900236,8,8,0
103900242,6,9,-3
103900243,0,1,-1
103900244,156,137,19
103900245,138,118,20
103900246,56,47,9
103900247,27,67,-40
103900248,1,48,-47
103900249,4,65,-61
103900250,20,46,-26
103900251,0,28,-28
103900253,21,52,-31
103900254,2,29,-27
103900255,4,11,-7
103900256,17,14,3
103900257,87,103,-16
103900258,12,13,-1
103900259,41,6,35
103900261,13,1,12
103900262,29,2,27
103900263,37,26,11
103900264,32,19,13
103900265,18,10,8
103900266,2,80,-78
103900267,4,43,-39
103900268,19,34,-15
103900269,176,16,160
103900270,76,34,42
103900271,60,60,0
103900272,68,28,40
103900273,40,15,25
103900274,192,6,186
103900275,97,6,91
103900276,8,28,-20
103900277,13,23,-10
103900278,0,18,-18
103900279,2,31,-29
104000001,2818,2081,737
104000002,1779,1954,-175
104000003,2447,1986,461
104000004,2443,2235,208
104000005,2115,2028,87
104000006,3088,2314,774
104000007,3908,3490,418
104000008,197,172,25
104000009,233,124,109
104000010,187,344,-157
104000011,270,155,115
104000012,140,227,-87
104000013,308,244,64
104000014,238,446,-208
104000015,396,148,248
104000016,445,296,149
104000018,1024,189,835
104000019,675,279,396
104000020,122,326,-204
104000021,205,354,-149
104000022,178,225,-47
104000023,1209,413,796
104000024,248,315,-67
104000026,62,299,-237
104000027,286,163,123
104000028,460,193,267
104000029,362,245,117
104000030,470,190,280
104000031,1518,352,1166
104000032,257,251,6
104000033,737,515,222
104000034,397,193,204
104000035,1266,406,860
104000036,1150,432,718
104000037,327,113,214
104000038,614,376,238
104000039,236,138,98
104000040,140,387,-247
104000041,890,371,519
104000042,183,205,-22
104000043,233,258,-25
104000044,252,465,-213
104000045,900,692,208
104000046,757,944,-187
104000047,612,1002,-390
104000048,925,783,142
104000049,662,391,271
104000050,158,1017,-859
104000051,153,516,-363
104000052,2032,2088,-56
104000053,1025,446,579
104000054,669,325,344
104000055,3033,2257,776
104000056,828,232,596
104000057,186,226,-40
104000058,864,686,178
104000059,663,991,-328
104000060,1320,1753,-433
104000061,1113,993,120
104000062,387,107,280
104000064,540,252,288
104000065,229,682,-453
104000069,605,1399,-794
104000070,64,568,-504
104000071,135,251,-116
104000072,557,130,427
104000075,119,262,-143
104000076,606,101,505
104000082,2222,3776,-1554
104000083,658,215,443
104000084,159,430,-271
104000085,345,297,48
104000086,255,448,-193
104000087,372,2059,-1687
104000090,982,740,242
104000092,1697,1083,614
104000094,907,933,-26
104000095,2137,1238,899
104000096,2058,78,1980
104000097,2198,532,1666
104000098,2997,595,2402
104000100,2211,688,1523
104000101,1494,1245,249
104000106,44,573,-529
104000107,610,299,311
104000108,220,282,-62
104000109,386,155,231
104000110,650,1105,-455
104000111,2293,3083,-790
104000112,1058,510,548
104000116,0,608,-608
104000117,243,306,-63
104000118,1143,129,1014
104000119,991,330,661
104000120,351,388,-37
104000121,308,581,-273
104000122,995,742,253
104000123,746,651,95
104000124,421,1234,-813
104000125,2130,5003,-2873
104000126,510,508,2
104000127,1194,1348,-154
104000128,597,217,380
104000129,432,12,420
104000130,8,281,-273
104000131,341,289,52
104000132,315,262,53
104000133,1499,748,751
104000134,926,1660,-734
104000135,508,1775,-1267
104000136,734,3558,-2824
104000137,1631,363,1268
104000138,969,494,475
104000139,3181,2317,864
104000141,793,939,-146
104000142,587,359,228
104000143,700,242,458
104000144,118,190,-72
104000145,369,243,126
104000146,220,419,-199
104000147,160,290,-130
104000148,494,242,252
104000149,215,177,38
104000150,1172,694,478
104000151,366,290,76
104000152,670,491,179
104000153,845,765,80
104000154,676,379,297
104000155,528,765,-237
104000157,999,1228,-229
104000158,268,894,-626
104000159,942,685,257
104000160,1817,2146,-329
104000161,206,191,15
104000162,100,173,-73
104000165,687,768,-81
104000167,848,1415,-567
104000168,819,9,810
104000169,210,46,164
104000170,228,461,-233
104000248,388,434,-46
104000251,57,135,-78
104000272,0,0,0
104000273,0,0,0
104000274,0,0,0
104000275,0,0,0
104000279,641,449,192
104000290,99,240,-141
104000291,470,1104,-634
104000293,1102,724,378
104000294,119,0,119
104000295,771,677,94
104000296,623,549,74
104000297,597,1806,-1209
104000298,2036,803,1233
104000299,947,1119,-172
104900001,156,239,-83
104900002,90,229,-139
104900003,113,251,-138
104900004,144,165,-21
104900005,505,317,188
104900006,484,115,369
104900007,376,223,153
104900009,186,178,8
104900010,91,71,20
104900011,5,25,-20
104900012,344,54,290
104900013,133,22,111
104900014,1752,381,1371
104900015,112,13,99
104900016,307,168,139
104900017,216,150,66
104900018,4,127,-123
104900019,188,4413,-4225
104900020,46,247,-201
104900021,2,56,-54
104900022,10,104,-94
104900023,2,19,-17
104900024,28,85,-57
104900025,81,184,-103
104900026,2,29,-27
104900027,753,461,292
104900028,18,82,-64
104900029,18,57,-39
104900030,634,235,399
104900031,50,272,-222
104900032,29,82,-53
104900033,234,270,-36
104900034,505,232,273
104900035,562,253,309
104900036,340,84,256
104900037,173,120,53
104900038,205,1156,-951
104900039,323,550,-227
104900040,600,110,490
104900041,424,174,250
104900042,267,182,85
104900043,15,319,-304
104900044,1115,232,883
104900045,438,67,371
104900046,399,116,283
104900047,537,107,430
104900048,470,89,381
104900049,82,52,30
104900050,521,78,443
104900051,352,50,302
104900052,138,6,132
104900053,515,107,408
104900054,308,32,276
104900055,207,1,206
104900056,287,24,263
104900057,31,0,31
104900058,636,933,-297
104900059,123,62,61
104900060,0,529,-529
104900061,199,324,-125
104900063,1,123,-122
104900064,1,70,-69
104900065,0,218,-218
104900066,1,69,-68
104900067,9,318,-309
104900068,38,238,-200
104900070,172,210,-38
104900071,4,337,-333
104900072,93,267,-174
104900073,145,105,40
104900074,94,188,-94
104900075,98,24,74
104900076,144,168,-24
104900077,489,344,145
104900078,248,223,25
104900079,127,618,-491
104900080,185,398,-213
104900082,14,361,-347
104900085,2,169,-167
104900087,531,9,522
104900089,420,3,417
104900090,1433,1232,201
104900091,900,649,251
104900093,198,307,-109
104900097,1617,2834,-1217
104900098,317,50,267
104900099,91,745,-654
104900100,339,198,141
104900102,56,191,-135
104900103,379,58,321
104900104,2222,2467,-245
104900106,169,90,79
104900107,93,116,-23
104900108,91,142,-51
104900109,112,181,-69
104900110,10,43,-33
104900111,361,107,254
104900112,355,342,13
104900113,997,231,766
104900114,517,343,174
104900115,931,227,704
104900116,539,117,422
104900118,46,28,18
104900119,6,53,-47
104900120,14,432,-418
104900121,0,44,-44
104900122,2,20,-18
104900123,104,39,65
104900124,79,0,79
104900125,585,12,573
104900126,60,35,25
104900127,18,75,-57
104900128,118,100,18
104900129,1071,2814,-1743
105000001,3048,1497,1551
105000002,2716,1670,1046
105000003,3076,3453,-377
105000004,687,712,-25
105000005,1367,1170,197
105000006,1535,1892,-357
105000007,1676,2146,-470
105000008,1178,4543,-3365
105000009,3515,3785,-270
105000010,3027,1232,1795
105000011,4397,3900,497
105000012,3037,2131,906
105000013,1256,1800,-544
105000014,3051,4143,-1092
105000015,9570,16104,-6534
105000016,1264,1432,-168
105000017,1408,758,650
105000018,976,1797,-821
105000019,1097,995,102
105000020,121,496,-375
105000021,171,177,-6
105000022,205,164,41
105000023,501,210,291
105000028,42,80,-38
105000029,657,1870,-1213
105000030,3437,2186,1251
105000033,913,1349,-436
105000034,125,1574,-1449
105000037,598,300,298
105000038,1655,1935,-280
105000039,2059,1144,915
105000040,1240,1559,-319
105000041,621,1331,-710
105000042,2793,2369,424
105000043,1112,2728,-1616
105000044,776,722,54
105000045,296,419,-123
105000046,1622,483,1139
105000047,501,632,-131
105000048,614,217,397
105000049,277,438,-161
105000050,760,323,437
105000051,193,344,-151
105000052,765,753,12
105000053,76,144,-68
105000054,665,743,-78
105000055,1207,306,901
105000056,2070,1469,601
105000057,1681,480,1201
105000058,1280,892,388
105000059,948,543,405
105000060,483,383,100
105000061,934,509,425
105000062,519,555,-36
105000063,335,249,86
105000064,2310,705,1605
105000065,436,403,33
105000066,999,937,62
105000067,1799,861,938
105000068,324,719,-395
105000069,1195,2610,-1415
105000070,356,1167,-811
105000071,260,1367,-1107
105000072,988,3234,-2246
105000073,1036,755,281
105000074,764,496,268
105000075,490,593,-103
105000076,967,704,263
105000077,1950,1101,849
105000078,1106,1333,-227
105000079,970,2955,-1985
105000080,1851,1548,303
105000081,1810,1399,411
105000082,835,2091,-1256
105000083,2740,3449,-709
105000084,612,686,-74
105000085,2186,2456,-270
105000086,796,931,-135
105000087,1414,1856,-442
105000088,1360,1919,-559
105000089,2675,1958,717
105000090,941,792,149
105000091,1073,1268,-195
105000092,740,858,-118
105000093,314,408,-94
105000094,354,273,81
105000095,109,499,-390
105000096,1159,1630,-471
105000097,683,748,-65
105000098,1070,669,401
105000099,753,742,11
105000100,1810,1324,486
105000101,2508,2201,307
105000102,2021,2167,-146
105000103,1364,3290,-1926
105000104,2866,1380,1486
105000105,1216,1638,-422
105000106,1589,1158,431
105000107,1808,805,1003
105000108,2201,1094,1107
105000109,2092,1114,978
105000110,933,500,433
105000111,1196,555,641
105000112,1315,494,821
105000113,549,767,-218
105000114,1829,1555,274
105000115,364,1484,-1120
105000116,1202,588,614
105000117,892,535,357
105000118,808,442,366
105000119,583,481,102
105000120,1512,561,951
105000121,821,628,193
105000122,460,681,-221
105000123,1119,721,398
105000124,2492,705,1787
105000125,933,1048,-115
105000126,2630,1217,1413
105000127,2803,1410,1393
105000128,687,911,-224
105000129,1073,201,872
105000130,256,3598,-3342
105000131,521,252,269
105000132,1230,823,407
105000133,568,747,-179
105000134,1237,604,633
105000135,320,355,-35
105000136,176,196,-20
105000137,867,223,644
105000138,181,241,-60
105000139,970,667,303
105000140,690,464,226
105000141,335,383,-48
105000142,334,471,-137
105000143,193,444,-251
105000144,322,497,-175
105000145,966,289,677
105000146,434,668,-234
105000147,802,291,511
105000148,1091,545,546
105000149,3340,2316,1024
105000150,1582,942,640
105000151,631,378,253
105000152,197,391,-194
105000153,708,704,4
105000154,633,412,221
105000155,387,989,-602
105000156,597,488,109
105000157,735,1241,-506
105000158,2140,874,1266
105000159,283,927,-644
105000160,2776,652,2124
105000161,683,958,-275
105000162,765,2194,-1429
105000163,968,695,273
105000164,170,272,-102
105000165,682,7212,-6530
105000166,3908,1559,2349
105000167,1342,2700,-1358
105000168,496,438,58
105000169,812,175,637
105000170,336,1327,-991
105000171,1143,190,953
105000172,184,18,166
105000173,351,92,259
105000174,106,75,31
105000175,142,94,48
105000176,641,114,527
105000177,464,217,247
105000178,375,243,132
105000179,1237,191,1046
105000180,368,66,302
105000181,215,179,36
105000182,73,35,38
105000183,1850,2627,-777
105000184,1074,1371,-297
105000185,1179,1483,-304
105000186,500,810,-310
105000187,979,316,663
105000188,287,181,106
105000189,90,542,-452
105000190,287,344,-57
105000191,465,281,184
105000192,434,55,379
105000193,87,145,-58
105000194,534,128,406
105000195,442,697,-255
105000196,56,226,-170
105000197,313,513,-200
105000198,375,267,108
105000199,108,491,-383
105000200,158,455,-297
105000201,102,82,20
105000203,11,101,-90
105000204,128,64,64
105000205,108,188,-80
105000207,243,121,122
105000208,230,950,-720
105000209,206,186,20
105000212,1315,644,671
105000213,153,222,-69
105000214,254,270,-16
105000215,403,132,271
105000216,206,155,51
105000217,164,203,-39
105000218,1990,1065,925
105000221,202,140,62
105000222,539,101,438
105000223,516,111,405
105000226,133,146,-13
105000227,111,108,3
105000228,141,2149,-2008
105000229,130,637,-507
105000231,579,437,142
105000233,1011,898,113
105000234,629,913,-284
105000235,546,555,-9
105000237,1101,91,1010
105000243,21,142,-121
105000248,59,112,-53
105000262,508,667,-159
105000269,183,225,-42
105000270,691,44,647
105000271,0,128,-128
105000282,45,33,12
105000287,311,154,157
105000288,1109,424,685
105000289,1316,2054,-738
105000290,35,12,23
105000402,2447,4281,-1834
105000426,279,834,-555
105000438,1980,1349,631
105000446,8243,4587,3656
105000447,2930,1848,1082
105000454,833,288,545
105000455,164,114,50
105000474,87,1,86
105000477,869,699,170
105000478,2362,5800,-3438
105000479,120,123,-3
105000480,6336,8558,-2222
105000481,4724,4332,392
105000482,3171,4801,-1630
105000483,1828,2976,-1148
105000484,1572,2103,-531
105000485,1338,3662,-2324
105000486,2236,2335,-99
105000488,5206,2933,2273
105000489,1181,696,485
105000549,131,149,-18
105000550,462,1161,-699
105000551,31,101,-70
105000552,1941,961,980
105000555,421,892,-471
105900001,15,2618,-2603
105900002,896,1052,-156
105900003,18,83,-65
105900004,240,119,121
105900005,18,199,-181
105900006,23,120,-97
105900007,88,31,57
105900008,104,322,-218
105900009,20,17,3
105900011,209,164,45
105900012,544,189,355
105900013,6,37,-31
105900014,5,103,-98
105900015,146,599,-453
105900016,653,528,125
105900017,2044,37,2007
105900018,254,150,104
105900019,62,362,-300
105900020,63,61,2
105900021,33,2185,-2152
105900022,265,193,72
105900023,21,346,-325
105900024,23,527,-504
105900025,318,28,290
105900026,229,18,211
105900027,18140,7645,10495
105900028,490,375,115
105900029,2079,377,1702
105900030,236,284,-48
105900031,417,201,216
105900032,93,148,-55
105900033,51,123,-72
105900034,367,210,157
105900035,184,218,-34
105900036,156,109,47
105900037,101,45,56
105900038,229,207,22
105900039,169,130,39
105900040,103,105,-2
105900041,187,215,-28
105900042,71,144,-73
105900043,1254,102,1152
105900044,6,271,-265
105900045,5,861,-856
105900046,5,226,-221
105900047,10,48,-38
105900048,114,445,-331
105900050,5632,10521,-4889
105900051,90,1301,-1211
105900052,757,276,481
105900053,2384,4159,-1775
105900054,230,360,-130
105900056,949,451,498
105900057,23,195,-172
105900058,33,19,14
105900059,0,52,-52
106000001,2909,2609,300
106000002,1081,4359,-3278
106000003,3198,3849,-651
106000004,1485,2068,-583
106000005,4451,4735,-284
106000006,4499,2054,2445
106000007,621,458,163
106000008,481,275,206
106000009,637,283,354
106000010,522,531,-9
106000011,1677,1074,603
106000012,1025,804,221
106000013,2201,1966,235
106000014,1675,1110,565
106000015,2191,1402,789
106000016,1283,1407,-124
106000017,583,793,-210
106000018,545,438,107
106000019,485,535,-50
106000020,354,300,54
106000021,324,457,-133
106000022,359,156,203
106000023,793,286,507
106000024,558,375,183
106000025,156,163,-7
106000026,60,164,-104
106000027,1803,1345,458
106000028,798,248,550
106000029,696,626,70
106000030,313,570,-257
106000034,178,404,-226
106000035,952,2298,-1346
106000036,155,445,-290
106000037,1356,1037,319
106000038,111,129,-18
106000039,68,113,-45
106000040,115,988,-873
106000041,676,597,79
106000043,496,262,234
106000046,297,100,197
106000047,55,501,-446
106000049,1323,264,1059
106000050,251,399,-148
106000051,856,601,255
106000052,137,362,-225
106000053,576,146,430
106000054,302,289,13
106000055,1223,724,499
106000056,304,226,78
106000057,614,270,344
106000058,148,133,15
106000059,460,336,124
106000060,289,303,-14
106000061,257,560,-303
106000062,143,352,-209
106000063,986,657,329
106000064,39,225,-186
106000065,426,278,148
106000066,114,209,-95
106000067,548,91,457
106000068,103,506,-403
106000069,373,91,282
106000070,382,559,-177
106000071,1151,400,751
106000072,2216,1432,784
106000073,1351,3630,-2279
106000074,776,739,37
106000075,368,1249,-881
106000076,1687,1615,72
106000077,2919,1031,1888
106000078,1321,763,558
106000079,871,684,187
106000080,1376,504,872
106000081,822,937,-115
106000082,2093,660,1433
106000083,445,1406,-961
106000084,1069,588,481
106000085,1223,1420,-197
106000086,641,826,-185
106000087,1133,450,683
106000088,412,743,-331
106000089,1194,284,910
106000090,339,538,-199
106000091,293,367,-74
106000092,762,255,507
106000093,361,189,172
106000094,125,246,-121
106000095,1179,628,551
106000096,1167,530,637
106000097,1484,551,933
106000098,978,736,242
106000099,246,1078,-832
106000100,1566,244,1322
106000101,1359,440,919
106000102,148,1047,-899
106000103,296,500,-204
106000104,915,319,596
106000105,503,416,87
106000106,923,232,691
106000107,183,189,-6
106000108,392,185,207
106000109,227,162,65
106000110,399,127,272
106000111,190,195,-5
106000112,356,720,-364
106000113,679,387,292
106000114,490,772,-282
106000115,227,318,-91
106000116,368,245,123
106000117,1057,489,568
106000118,1540,1384,156
106000119,964,641,323
106000120,1078,1432,-354
106000121,291,157,134
106000122,173,103,70
106000123,721,83,638
106000124,137,84,53
106000125,29,144,-115
106000126,445,51,394
106000127,1170,520,650
106000128,1075,137,938
106000129,632,417,215
106000130,1124,311,813
106000131,188,700,-512
106000132,590,170,420
106000133,1909,1451,458
106000134,503,2541,-2038
106000135,173,526,-353
106000136,715,1083,-368
106000137,88,553,-465
106000138,1692,110,1582
106000139,57,50,7
106000140,30,40,-10
106000141,147,41,106
106000142,108,57,51
106000143,32,33,-1
106000144,28,78,-50
106000145,399,121,278
106000146,526,121,405
106000147,350,296,54
106000148,318,478,-160
106000149,732,302,430
106000150,714,1943,-1229
106000151,2664,703,1961
106000152,796,2205,-1409
106000153,75,1697,-1622
106000154,1028,139,889
106000155,179,308,-129
106000156,1406,268,1138
106000157,784,1462,-678
106000158,1955,935,1020
106000159,2101,1993,108
106000160,571,3606,-3035
106000161,1189,247,942
106000162,418,1205,-787
106000163,538,258,280
106000164,631,277,354
106000165,251,385,-134
106000166,1186,329,857
106000167,502,608,-106
106000168,891,268,623
106000169,276,366,-90
106000170,1212,256,956
106000171,310,1119,-809
106000172,3144,1504,1640
106000173,1315,2242,-927
106000174,1253,317,936
106000175,263,462,-199
106000176,2109,927,1182
106000177,937,1733,-796
106000178,3541,1488,2053
106000179,699,1414,-715
106000180,767,777,-10
106000181,1333,1389,-56
106000182,1872,617,1255
106000183,2034,435,1599
106000184,2403,602,1801
106000185,1422,1477,-55
106000186,671,125,546
106000187,136,1032,-896
106000188,0,2,-2
106000189,14,37,-23
106000190,30,0,30
106000191,691,155,536
106000192,0,3,-3
106000193,465,214,251
106000194,115,391,-276
106000195,698,219,479
106000196,171,580,-409
106000197,848,259,589
106000198,234,174,60
106000199,999,1030,-31
106000200,242,271,-29
106000201,399,4183,-3784
106000202,2294,524,1770
106000203,17,121,-104
106000204,121,4,117
106000205,9,117,-108
106000206,109,28,81
106000207,39,371,-332
106000208,1814,202,1612
106000209,2072,551,1521
106000210,222,631,-409
106000211,197,914,-717
106000212,833,586,247
106000213,318,1762,-1444
106000214,1512,683,829
106000215,337,431,-94
106000216,504,315,189
106000217,221,282,-61
106000218,427,356,71
106000219,188,199,-11
106000220,476,264,212
106000221,368,112,256
106000222,114,101,13
106000223,393,117,276
106000224,353,82,271
106000225,101,131,-30
106000226,113,141,-28
106000228,67,84,-17
106000229,123,586,-463
106000231,1169,149,1020
106000232,87,260,-173
106000233,724,67,657
106000234,53,287,-234
106000235,1029,300,729
106000236,339,358,-19
106000237,3,20,-17
106000238,179,40,139
106000239,4,153,-149
106000240,18,4,14
106000241,15,489,-474
106000242,295,39,256
106000249,89,47,42
106000250,114,544,-430
106000251,161,43,118
106000252,11,68,-57
106000253,94,82,12
106000254,85,30,55
106000255,25,138,-113
106000256,53,26,27
106000257,163,233,-70
106000258,468,53,415
106000259,36,273,-237
106000260,29,7,22
106000261,5,65,-60
106000262,105,14,91
106000263,13,48,-35
106000264,187,13,174
106000265,18,137,-119
106000266,140,22,118
106000267,43,88,-45
106000268,355,66,289
106000269,81,30,51
106000270,132,320,-188
106000271,103,128,-25
106000272,263,80,183
106000273,8,196,-188
106000274,157,40,117
106000275,160,232,-72
106000276,106,36,70
106000277,144,317,-173
106000278,138,24,114
106000279,24,26,-2
106000280,103,37,66
106000281,68,39,29
106000282,74,51,23
106000283,140,43,97
106000284,133,130,3
106000285,105,73,32
106000286,92,99,-7
106000287,128,66,62
106000288,85,98,-13
106000289,108,80,28
106000290,66,68,-2
106000291,96,85,11
106000292,92,78,14
106000293,145,93,52
106000294,126,93,33
106000295,63,48,15
106000296,37,101,-64
106000297,62,245,-183
106000298,89,99,-10
106000299,66,114,-48
106000300,51,89,-38
106000301,77,105,-28
106000303,56,92,-36
106000304,21,31,-10
106000305,57,44,13
106000306,63,41,22
106000307,94,23,71
106000308,35,87,-52
106000309,36,81,-45
106000310,336,273,63
106000311,390,188,202
106000312,149,104,45
106000313,374,175,199
106000318,50,551,-501
106000319,1450,375,1075
106000320,2,112,-110
106000321,323,290,33
106000322,235,54,181
106000324,28,137,-109
106000325,2120,968,1152
106000326,1013,1153,-140
106000327,244,67,177
106000328,45,121,-76
106000329,198,212,-14
106000330,93,88,5
106000428,85,172,-87
106000429,168,307,-139
106000430,308,894,-586
106000431,2683,395,2288
106000432,1251,2168,-917
106000433,2746,1488,1258
106000434,3530,1773,1757
106000435,1077,2415,-1338
106000436,13,118,-105
106000437,429,90,339
106000438,442,310,132
106000439,73,435,-362
106000440,266,580,-314
106000441,11,0,11
106000442,265,9,256
106000443,232,140,92
106000450,4,55,-51
106000451,36,80,-44
106000454,2,197,-195
106000455,15,110,-95
106000456,113,34,79
106000457,31,405,-374
106000458,1374,60,1314
106000459,265,138,127
106000460,2011,35,1976
106000461,201,455,-254
106000462,1,45,-44
106000463,1,6,-5
106000464,9,153,-144
106000465,1063,8,1055
106000466,18,164,-146
106000467,126,267,-141
106000468,113,138,-25
106000469,101,0,101
106000470,213,2039,-1826
106000471,14,312,-298
106000472,168,16,152
106000473,52,19,33
106000474,300,308,-8
106000475,414,123,291
106000476,141,302,-161
106000477,19,40,-21
106000480,1,457,-456
106900001,0,18,-18
106900002,1,169,-168
106900003,120,1838,-1718
106900004,0,16,-16
106900006,0,7,-7
106900007,0,14,-14
106900008,468,95,373
106900009,386,199,187
106900010,271,192,79
106900012,1053,2891,-1838
106900013,703,232,471
106900014,36,9,27
106900015,21,1,20
106900016,495,13,482
106900017,11,4,7
106900018,6,0,6
106900019,115,2,113
106900020,2940,1914,1026
106900021,273,107,166
106900022,1113,4,1109
106900023,47,100,-53
106900024,643,75,568
106900025,46,806,-760
106900026,1,194,-193
106900027,1174,6,1168
107000001,3488,5371,-1883
107000002,1895,3096,-1201
107000003,7946,6983,963
107000004,3857,2416,1441
107000005,8021,6921,1100
107000006,3852,2071,1781
107000007,6164,10509,-4345
107000008,5995,4693,1302
107000009,9953,9039,914
107000010,6770,5663,1107
107000011,666,903,-237
107000012,2604,1920,684
107000013,121,42,79
107000014,77,74,3
107000015,582,397,185
107000016,976,483,493
107000017,2043,6684,-4641
107000018,39,4611,-4572
107000020,1424,6233,-4809
107000021,1580,449,1131
107000022,877,2831,-1954
107000023,2255,201,2054
107000024,1082,1581,-499
107000025,223,346,-123
107000026,551,446,105
107000027,1629,997,632
107000028,1722,700,1022
107000029,4253,3670,583
107000030,2587,1869,718
107000031,5693,3108,2585
107000032,392,730,-338
107000033,2559,3714,-1155
107000034,6095,1304,4791
107000035,402,227,175
107000036,929,1357,-428
107000037,130,802,-672
107000038,207,182,25
107000039,1113,906,207
107000040,322,278,44
107000041,1586,893,693
107000042,570,2124,-1554
107000043,2034,1139,895
107000044,315,618,-303
107000045,104,255,-151
107000046,857,493,364
107000047,563,731,-168
107000048,819,326,493
107000049,550,663,-113
107000050,1181,588,593
107000051,218,231,-13
107000052,1134,1275,-141
107000053,420,278,142
107000054,58,174,-116
107000055,307,126,181
107000056,451,540,-89
107000057,1289,218,1071
107000058,2079,2585,-506
107000059,2026,2706,-680
107000060,5743,5693,50
107000061,4824,2774,2050
107000062,6592,3189,3403
107000063,4263,3146,1117
107000064,6151,3431,2720
107000065,3862,3460,402
107000066,1967,4259,-2292
107000067,1467,1909,-442
107000068,1242,1203,39
107000069,1334,756,578
107000070,1333,22,1311
107000071,5262,76,5186
107000072,27,1661,-1634
107000073,1112,614,498
107000074,158,713,-555
107000075,2437,830,1607
107000076,465,923,-458
107000077,4673,1555,3118
107000078,1621,1958,-337
107000079,3563,1417,2146
107000080,863,2199,-1336
107000081,3192,796,2396
107000082,798,889,-91
107000083,1635,657,978
107000084,312,995,-683
107000085,3305,3120,185
107000086,3007,2458,549
107000087,3555,2262,1293
107000088,3236,2677,559
107000089,2066,1968,98
107000090,1325,757,568
107000091,2055,1011,1044
107000092,1078,726,352
107000093,1651,994,657
107000094,895,777,118
107000095,1216,773,443
107000096,653,641,12
107000097,1007,413,594
107000098,556,412,144
107000099,380,377,3
107000100,239,292,-53
107000101,108,173,-65
107000102,233,310,-77
107000103,227,196,31
107000104,146,204,-58
107000105,447,119,328
107000106,222,237,-15
107000107,648,170,478
107000108,194,360,-166
107000109,837,128,709
107000110,63,226,-163
107000111,490,58,432
107000112,40,176,-136
107000113,855,124,731
107000114,92,321,-229
107000115,910,223,687
107000116,124,407,-283
107000117,165,1123,-958
107000118,77,80,-3
107000119,1640,1724,-84
107000120,801,746,55
107000121,1120,668,452
107000122,1202,596,606
107000123,625,499,126
107000124,649,500,149
107000125,1551,549,1002
107000126,1371,370,1001
107000129,272,366,-94
107000130,817,346,471
107000131,462,438,24
107000132,648,285,363
107000133,372,150,222
107000134,335,7,328
107000135,5,544,-539
107000136,673,7,666
107000137,15,741,-726
107000138,192,53,139
107000139,24,846,-822
107000140,2021,137,1884
107000141,164,808,-644
107000142,632,113,519
107000143,74,637,-563
107000144,847,573,274
107000145,186,386,-200
107000146,198,363,-165
107000147,3917,787,3130
107000150,491,3338,-2847
107000151,11,79,-68
107000152,712,2316,-1604
107000153,128,302,-174
107000154,44,346,-302
107000155,1179,16,1163
107000156,1628,16,1612
107000157,112,731,-619
107000158,981,21,960
107000159,51,446,-395
107000160,1974,251,1723
107000161,101,644,-543
107000162,374,794,-420
107000163,182,1,181
107000164,1130,2,1128
107000165,1622,14,1608
107000166,23,551,-528
107000167,959,221,738
107000168,1315,679,636
107000169,649,535,114
107000170,3984,909,3075
107000171,788,1031,-243
107000172,1519,1982,-463
107000173,477,534,-57
107000174,1393,7264,-5871
107000175,4330,1033,3297
107000176,0,0,0
107000177,5,0,5
107000178,38,18,20
107000179,401,1129,-728
107000180,2125,273,1852
107000181,574,538,36
107000182,2604,730,1874
107000183,236,521,-285
107000184,1607,514,1093
107000185,486,958,-472
107000186,1583,557,1026
107000187,1498,1614,-116
107000188,761,568,193
107000189,740,910,-170
107000190,873,769,104
107000191,953,849,104
107000192,2187,543,1644
107000193,528,660,-132
107000194,663,505,158
107000197,1031,364,667
107000198,391,515,-124
107000199,1626,649,977
107000200,596,654,-58
107000201,617,572,45
107000202,373,463,-90
107000203,1110,1952,-842
107000204,927,2004,-1077
107000205,1735,1005,730
107000206,692,2142,-1450
107000207,588,1873,-1285
107000208,801,801,0
107000209,1120,1682,-562
107000210,322,241,81
107000211,7,59,-52
107000212,37,273,-236
107000213,3,29,-26
107000214,20,103,-83
107000215,675,282,393
107000216,610,396,214
107000217,370,143,227
107000219,103,322,-219
107000220,336,147,189
107000222,252,420,-168
107000224,1215,165,1050
107000225,326,281,45
107000226,1029,138,891
107000227,112,170,-58
107000228,507,647,-140
107000229,95,133,-38
107000230,1042,432,610
107000231,672,2007,-1335
107000232,122,35,87
107000233,415,1094,-679
107000234,7,98,-91
107000235,136,21,115
107000236,5,470,-465
107000237,57,0,57
107000238,52,1,51
107000239,3027,670,2357
107000240,72,543,-471
107000241,67,9,58
107000242,205,38,167
107000243,1,53,-52
107000244,5,85,-80
107000246,6,970,-964
107000249,3,996,-993
107000251,1,318,-317
107000252,1,573,-572
107000255,259,233,26
107000257,2,491,-489
107000258,2,163,-161
107000259,15,148,-133
107000260,2338,42,2296
107000262,8,235,-227
107000263,491,5,486
107000266,5,14,-9
107000267,35,64,-29
107000268,158,58,100
107000269,105,0,105
107000270,195,50,145
107000271,0,0,0
107000272,133,0,133
107000273,14,253,-239
107000274,1569,756,813
107000275,90,3326,-3236
107000280,1449,59,1390
107000281,54,339,-285
107000282,81,474,-393
107000290,35,57,-22
107000291,21,13,8
107000292,3,610,-607
107000293,53,14,39
107000294,1,76,-75
107000295,75,6,69
107000296,0,14,-14
107000444,302,5,297
107000496,5,7,-2
107000497,1271,1260,11
107000500,481,281,200
107000501,151,160,-9
107000502,194,243,-49
107000505,255,651,-396
107000506,0,3,-3
107000508,4,267,-263
107000509,190,699,-509
107000510,74,48,26
107000514,59,472,-413
107000515,20,80,-60
107000516,565,438,127
107000518,1569,2359,-790
107000519,1327,678,649
107000520,130,66,64
107000521,808,255,553
107000522,1245,509,736
107900001,163,89,74
107900002,98,11,87
107900003,792,22,770
107900004,169,1,168
107900005,2144,8,2136
107900006,282,10,272
107900007,511,48,463
107900008,57,7,50
107900009,197,13,184
107900010,77,11,66
107900012,285,76,209
107900013,202,15,187
107900014,66,15,51
107900015,1728,10,1718
107900016,460,112,348
107900017,44,4,40
107900018,100,317,-217
107900019,38,18,20
107900020,99,29,70
107900021,186,78,108
107900023,2,3,-1
107900024,0,24,-24
107900025,306,243,63
107900026,101,21,80
107900027,37,91,-54
107900028,248,66,182
107900030,201,58,143
107900031,72,78,-6
107900032,14,5,9
107900033,53,15,38
107900034,415,22,393
107900035,1674,66,1608
107900036,77,38,39
107900037,0,14,-14
107900038,93,365,-272
107900039,48,26,22
107900040,42,407,-365
107900041,4,2,2
107900043,72,100,-28
107900044,10,12,-2
107900045,155,106,49
107900046,257,260,-3
107900047,83,16,67
107900048,269,21,248
107900049,247,1311,-1064
107900050,67,189,-122
107900051,90,40,50
107900052,21,62,-41
107900053,91,58,33
107900055,676,276,400
107900056,136,85,51
107900057,15,2,13
107900058,43,516,-473
107900060,20,95,-75
107900061,5,33,-28
107900063,104,150,-46
107900064,227,251,-24
107900065,425,13,412
107900066,26,6,20
107900067,1,0,1
107900068,127,1160,-1033
107900069,28,2915,-2887
107900070,196,120,76
107900071,29,442,-413
107900072,209,141,68
107900073,219,42,177
107900074,416,427,-11
107900076,203,39,164
107900077,151,9,142
107900078,166,58,108
107900079,26,33,-7
107900080,265,1050,-785
107900081,85,63,22
107900082,6,8,-2
107900083,472,175,297
107900084,166,150,16
107900086,81,250,-169
107900087,214,200,14
107900088,98,37,61
107900089,217,1039,-822
107900090,1092,3368,-2276
107900091,139,156,-17
107900092,1196,256,940
107900093,56,56,0
107900095,1785,2260,-475
107900097,35,62,-27
107900098,77,200,-123
107900100,716,1861,-1145
107900101,509,83,426
107900102,30,8,22
107900103,52,160,-108
107900104,270,6,264
107900105,57,214,-157
107900106,16,374,-358
107900107,1360,517,843
107900108,175,90,85
107900109,2317,81,2236
107900110,112,41,71
107900111,6,290,-284
107900112,102,506,-404
107900113,302,41,261
107900114,333,75,258
107900115,1,25,-24
107900116,226,66,160
107900117,253,178,75
107900118,27,64,-37
107900119,124,297,-173
107900120,52,31,21
107900121,0,145,-145
107900122,4,158,-154
107900123,12,108,-96
107900124,15,80,-65
107900125,14,205,-191
107900126,26,70,-44
107900127,485,376,109
107900128,98,87,11
107900129,115,22,93
107900130,132,12,120
107900131,203,598,-395
107900132,100,161,-61
107900133,0,54,-54
107900134,49,139,-90
107900135,11,91,-80
107900136,25,41,-16
107900137,130,133,-3
107900138,101,26,75
107900139,75,54,21
107900140,94,41,53
107900141,23,40,-17
107900142,38,370,-332
107900143,72,9,63
107900144,1,113,-112
107900145,15,58,-43
107900146,65,153,-88
107900147,45,36,9
107900148,206,80,126
107900149,542,134,408
107900150,29,263,-234
107900151,57,53,4
107900152,9,109,-100
107900153,104,446,-342
107900154,74,22,52
107900155,141,71,70
107900156,6,138,-132
107900157,28,52,-24
107900158,1313,23,1290
107900159,17,346,-329
107900160,204,138,66
107900161,50,68,-18
107900162,1,93,-92
107900163,28,202,-174
107900164,25,35,-10
107900165,55,211,-156
107900166,34,75,-41
107900167,12,65,-53
107900168,99,24,75
107900169,0,101,-101
107900171,5,373,-368
107900172,4,155,-151
107900173,39,64,-25
107900174,217,6,211
107900175,30,48,-18
107900176,59,20,39
107900177,1,238,-237
107900178,0,75,-75
107900179,26,68,-42
107900180,377,1088,-711
107900181,296,261,35
107900182,0,350,-350
107900183,89,100,-11
107900184,182,127,55
107900185,244,12,232
107900186,51,62,-11
107900187,0,131,-131
107900188,306,109,197
107900189,44,62,-18
107900190,36,215,-179
107900191,69,78,-9
107900193,4,49,-45
107900194,249,25,224
107900195,969,255,714
107900196,122,31,91
107900197,290,389,-99
107900199,0,387,-387
107900201,94,53,41
107900203,39,45,-6
107900204,189,190,-1
107900205,240,350,-110
107900206,972,540,432
107900207,2,279,-277
107900208,10,228,-218
107900209,161,108,53
107900210,59,53,6
107900213,370,425,-55
107900214,18,55,-37
107900215,168,430,-262
107900216,100,51,49
107900217,40,71,-31
107900218,44,2370,-2326
107900219,81,42,39
107900220,91,230,-139
107900221,157,180,-23
107900223,134,219,-85
107900224,98,535,-437
107900225,22,459,-437
107900226,46,72,-26
107900227,138,263,-125
107900228,29,79,-50
107900229,2,85,-83
107900230,34,17,17
107900231,38,83,-45
107900232,146,93,53
107900233,5,78,-73
107900234,156,190,-34
107900235,8,161,-153
107900236,258,69,189
107900237,22,291,-269
107900238,31,42,-11
107900239,374,701,-327
107900240,60,69,-9
107900241,11,38,-27
107900242,34,88,-54
107900243,0,44,-44
107900244,416,5,411
107900245,930,47,883
107900246,446,25,421
107900248,443,136,307
107900249,1325,105,1220
107900250,6,239,-233
107900251,60,612,-552
107900252,1196,47,1149
107900253,308,13,295
107900254,44,270,-226
107900255,135,99,36
107900256,836,1926,-1090
107900257,372,164,208
107900258,130,121,9
107900259,50,3383,-3333
107900261,5,180,-175
107900262,50,35,15
107900264,674,15,659
107900265,277,125,152
107900267,491,15,476
107900268,22,9,13
107900269,0,9,-9
107900270,2,1,1
107900271,2,35,-33
107900272,53,64,-11
107900273,103,60,43
107900274,163,0,163
107900275,32,0,32
107900276,0,42,-42
107900277,0,97,-97
107900278,503,218,285
107900279,64,100,-36
107900280,2525,1966,559
107900281,486,4583,-4097
107900282,26,892,-866
107900283,804,863,-59
107900284,759,333,426
107900285,193,45,148
107900286,59,47,12
107900287,399,217,182
107900290,0,318,-318
107900291,641,45,596
107900292,115,80,35
107900293,102,172,-70
107900295,46,42,4
107900297,1,281,-280
107900298,643,442,201
107900299,2142,2969,-827
107900300,105,378,-273
107900301,646,967,-321
107900302,140,61,79
107900303,325,189,136
107900304,559,141,418
107900305,420,13,407
107900306,9,86,-77
107900307,49,259,-210
107900308,202,201,1
107900309,78,0,78
107900310,150,6,144
107900311,10,694,-684
107900312,71,2,69
107900313,0,133,-133
107900314,1,51,-50
107900315,2,166,-164
107900316,41,0,41
107900317,101,3,98
107900318,7,193,-186
107900319,4,59,-55
107900320,22,86,-64
107900321,251,8,243
107900322,10,72,-62
107900323,24,100,-76
107900324,146,0,146
107900325,175,2,173
107900326,530,112,418
107900327,3,124,-121
107900328,64,1,63
107900329,74,143,-69
107900330,10,160,-150
107900331,569,22,547
107900332,548,15,533
107900333,122,25,97
107900334,13,58,-45
107900335,60,20,40
107900336,61,76,-15
107900337,585,1228,-643
107900338,5,114,-109
107900339,3,10,-7
107900340,1,72,-71
107900341,67,0,67
107900342,182,86,96
107900343,53,1,52
107900344,16,36,-20
107900345,128,44,84
107900346,35,4,31
107900347,11,2,9
107900348,1,4,-3
107900349,26,13,13
107900350,10,231,-221
107900351,1,25,-24
108000001,3773,3936,-163
108000002,1666,1742,-76
108000003,3306,3829,-523
108000004,10031,10640,-609
108000005,7926,6440,1486
108000006,4997,5235,-238
108000007,5486,4105,1381
108000008,3697,4174,-477
108000009,4856,4958,-102
108000010,2647,3105,-458
108000011,13183,12250,933
108000012,10541,10676,-135
108000014,658,1233,-575
108000015,955,203,752
108000016,387,588,-201
108000017,1267,310,957
108000018,2459,706,1753
108000019,1459,1146,313
108000020,1400,529,871
108000021,334,1478,-1144
108000022,423,983,-560
108000023,1667,306,1361
108000024,344,377,-33
108000025,406,170,236
108000026,937,311,626
108000027,938,311,627
108000028,853,202,651
108000029,727,351,376
108000030,592,165,427
108000031,222,425,-203
108000032,2384,708,1676
108000033,864,776,88
108000034,2084,597,1487
108000035,756,1548,-792
108000036,409,746,-337
108000037,2175,463,1712
108000038,3494,646,2848
108000039,419,1297,-878
108000040,2497,1141,1356
108000041,701,1721,-1020
108000042,489,195,294
108000043,261,192,69
108000044,929,120,809
108000045,371,286,85
108000046,2010,358,1652
108000047,465,693,-228
108000048,157,289,-132
108000049,1176,262,914
108000050,83,347,-264
108000051,526,237,289
108000052,161,417,-256
108000053,524,353,171
108000054,406,931,-525
108000055,1325,864,461
108000056,719,1453,-734
108000057,616,1695,-1079
108000058,2196,4290,-2094
108000059,1978,1416,562
108000060,304,603,-299
108000061,136,211,-75
108000062,1269,658,611
108000063,640,404,236
108000064,367,242,125
108000065,639,366,273
108000066,1617,870,747
108000067,2509,876,1633
108000068,939,456,483
108000069,250,600,-350
108000070,2710,793,1917
108000071,580,1071,-491
108000072,2208,997,1211
108000073,1128,1117,11
108000074,794,496,298
108000075,300,544,-244
108000076,916,617,299
108000077,565,465,100
108000078,3074,1176,1898
108000079,667,859,-192
108000080,1942,556,1386
108000081,663,837,-174
108000082,740,1234,-494
108000083,2263,1050,1213
108000084,440,778,-338
108000085,1127,567,560
108000086,605,473,132
108000087,194,2633,-2439
108000088,294,18,276
108000089,401,432,-31
108000090,546,194,352
108000091,358,380,-22
108000092,203,93,110
108000093,299,315,-16
108000094,884,92,792
108000095,237,217,20
108000096,504,193,311
108000097,192,243,-51
108000098,2464,1096,1368
108000099,358,64,294
108000100,115,264,-149
108000101,1651,1649,2
108000102,1714,4074,-2360
108000106,835,1,834
108000107,3,671,-668
108000108,812,64,748
108000109,3,526,-523
108000110,408,306,102
108000111,175,499,-324
108000112,96,154,-58
108000113,333,158,175
108000115,353,359,-6
108000117,655,501,154
108000118,44,429,-385
108000119,457,229,228
108000120,176,950,-774
108000121,185,266,-81
108000122,807,341,466
108000123,1054,184,870
108000124,486,491,-5
108000125,702,222,480
108000126,208,333,-125
108000127,769,300,469
108000128,877,271,606
108000129,580,631,-51
108000130,805,348,457
108000131,963,557,406
108000132,1139,856,283
108000133,1272,596,676
108000134,564,337,227
108000135,1436,773,663
108000136,357,557,-200
108000137,712,212,500
108000138,604,455,149
108000139,654,209,445
108000140,237,22,215
108000141,50,32,18
108000142,79,39,40
108000143,51,14,37
108000144,90,7,83
108000145,65,7,58
108000146,173,17,156
108000147,38,11,27
108000148,152,10,142
108000149,33,5,28
108000150,68,6,62
108000151,6,9,-3
108000152,124,198,-74
108000153,976,151,825
108000154,58,6,52
108000155,61,37,24
108000156,265,142,123
108000157,180,1696,-1516
108000158,68,1028,-960
108000159,259,197,62
108000160,1518,1221,297
108000161,1512,4231,-2719
108000165,8,360,-352
108000172,5,264,-259
108000173,794,2367,-1573
108000175,497,109,388
108000178,398,405,-7
108000179,153,1146,-993
108000181,100,30,70
108000182,118,12,106
108000183,15,13,2
108000184,636,3078,-2442
108000185,343,291,52
108000186,278,67,211
108000187,239,247,-8
108000188,1142,165,977
108000189,371,1754,-1383
108000190,45,103,-58
108000192,251,275,-24
108000193,483,39,444
108000194,34,7,27
108000195,1,587,-586
108000196,459,199,260
108000198,587,107,480
108000199,0,326,-326
108000200,712,186,526
108000202,1,473,-472
108000203,238,294,-56
108000204,278,138,140
108000205,229,249,-20
108000339,940,415,525
108000364,70,256,-186
108000365,56,286,-230
108000367,193,200,-7
108000368,23,78,-55
108000369,536,251,285
108000371,6,471,-465
108000372,807,1,806
108000373,250,105,145
108000376,107,66,41
108000377,730,169,561
108000378,9111,11821,-2710
108000379,46,154,-108
108000381,139,9,130
108000382,68,0,68
108000383,1,283,-282
108900001,97,444,-347
108900002,225,80,145
108900003,206,459,-253
108900004,132,598,-466
108900005,75,597,-522
108900006,917,178,739
108900007,481,226,255
108900008,227,123,104
108900009,137,129,8
108900010,470,156,314
108900011,934,315,619
108900012,571,401,170
108900013,212,216,-4
108900014,30,105,-75
108900015,3,226,-223
108900016,1,161,-160
108900017,340,512,-172
108900018,240,274,-34
108900019,67,266,-199
108900020,67,126,-59
108900021,162,137,25
108900022,149,18,131
108900023,5,76,-71
108900024,43,44,-1
108900025,270,59,211
108900026,22,63,-41
108900027,0,55,-55
108900028,157,99,58
108900029,89,199,-110
108900030,0,41,-41
108900031,205,183,22
108900032,5,125,-120
108900033,0,182,-182
108900034,0,113,-113
108900035,346,581,-235
108900036,171,220,-49
108900037,39,164,-125
108900038,0,199,-199
108900039,0,164,-164
108900040,21,47,-26
108900041,3633,3822,-189
108900042,3,413,-410
108900043,41,295,-254
108900044,2,224,-222
108900045,155,222,-67
108900046,36,308,-272
108900047,1,193,-192
108900048,95,466,-371
108900049,1148,2017,-869
108900050,2,105,-103
108900051,0,95,-95
108900052,38,123,-85
108900053,33,293,-260
108900054,52,166,-114
108900055,54,424,-370
108900056,1,66,-65
108900057,0,87,-87
108900058,36,198,-162
108900059,781,80,701
108900060,85,242,-157
108900061,62,37,25
108900062,7,155,-148
108900063,13,95,-82
108900064,468,20,448
108900065,30,123,-93
108900066,573,177,396
108900067,14,139,-125
108900068,15,47,-32
108900069,110,31,79
108900070,70,65,5
108900071,140,66,74
108900072,1495,518,977
108900073,33,117,-84
108900074,322,86,236
108900075,16,25,-9
108900076,610,71,539
108900077,101,232,-131
108900078,52,54,-2
108900079,447,147,300
108900080,23,1200,-1177
108900081,39,213,-174
108900082,190,68,122
108900083,9,370,-361
108900084,302,179,123
108900085,1066,142,924
108900086,226,95,131
108900087,76,208,-132
108900088,1026,525,501
108900089,28,252,-224
108900090,87,112,-25
108900091,95,72,23
108900092,662,303,359
108900093,201,170,31
108900094,380,113,267
108900095,16,197,-181
108900096,215,12,203
108900097,379,129,250
108900098,1416,1086,330
108900099,557,91,466
108900100,92,87,5
108900101,262,381,-119
108900102,73,1631,-1558
108900103,173,175,-2
108900104,114,333,-219
108900105,9,1802,-1793
108900106,770,175,595
108900108,414,46,368
108900109,697,59,638
108900110,298,140,158
108900111,680,258,422
108900112,510,22,488
108900113,30,114,-84
108900114,96,13,83
108900115,139,108,31
108900116,106,16,90
108900117,253,38,215
108900118,864,35,829
108900119,447,40,407
108900120,382,244,138
108900121,335,199,136
108900122,197,27,170
108900123,207,170,37
108900124,731,314,417
108900125,769,9,760
108900126,234,71,163
108900127,260,42,218
108900128,193,52,141
108900129,1154,236,918
108900130,663,9,654
108900131,753,9,744
108900132,556,47,509
108900133,392,51,341
108900134,672,199,473
108900135,337,12,325
108900136,39,1,38
108900137,298,2,296
108900138,1105,55,1050
108900139,810,53,757
108900140,601,121,480
108900141,546,15,531
108900142,138,8,130
108900143,187,2,185
108900144,181,2,179
108900145,377,28,349
108900146,148,0,148
108900147,448,4,444
108900148,64,17,47
108900149,385,203,182
108900150,340,5,335
108900151,80,20,60
108900152,217,43,174
108900153,273,120,153
108900154,5219,430,4789
108900155,339,82,257
108900156,104,11,93
108900157,17,346,-329
108900158,679,37,642
108900159,3,94,-91
108900160,25,215,-190
108900161,19,221,-202
108900162,217,3,214
108900163,16,395,-379
108900164,77,74,3
108900165,118,59,59
108900167,986,10489,-9503
108900168,4458,3003,1455
108900169,83,115,-32
108900171,3067,3735,-668
108900172,208,54,154
108900173,142,314,-172
108900174,1255,531,724
108900176,101,278,-177
108900177,4057,8042,-3985
108900178,2751,4392,-1641
108900179,417,2351,-1934
108900180,196,541,-345
108900182,35,501,-466
108900183,303,203,100
108900184,685,252,433
108900185,152,307,-155
108900186,121,275,-154
108900187,664,50,614
108900188,945,45,900
108900189,513,142,371
108900190,343,1463,-1120
108900191,272,51,221
108900192,108,147,-39
108900193,65,37,28
108900194,4,193,-189
108900195,116,100,16
108900196,50,178,-128
108900198,0,211,-211
108900199,226,298,-72
108900200,792,426,366
108900201,507,1025,-518
108900203,563,209,354
108900204,513,22,491
108900205,213,72,141
108900206,541,90,451
108900207,289,224,65
108900208,9,271,-262
108900209,149,423,-274
108900210,248,227,21
108900211,197,709,-512
108900212,324,1939,-1615
108900215,88,237,-149
108900216,287,345,-58
108900217,93,0,93
108900218,137,15,122
108900219,60,9,51
108900220,94,47,47
108900221,27,84,-57
108900222,463,13,450
108900223,7,86,-79
108900224,32,139,-107
108900225,2,190,-188
108900226,485,43,442
108900227,154,695,-541
108900230,163,185,-22
108900231,22,179,-157
108900232,1,145,-144
108900233,580,150,430
108900234,428,198,230
108900235,198,449,-251
108900236,30,214,-184
108900237,46,144,-98
108900240,145,100,45
108900241,42,80,-38
108900245,15,1710,-1695
108900249,127,33,94
108900250,273,182,91
108900257,299,223,76
108900258,8,138,-130
108900259,43,36,7
108900260,3,56,-53
108900261,46,72,-26
108900262,100,109,-9
108900263,57,139,-82
108900264,197,237,-40
108900265,1113,723,390
108900266,316,1248,-932
108900267,8,254,-246
108900268,13,32,-19
108900269,97,18,79
108900270,119,7,112
108900271,85,6,79
108900272,444,26,418
108900273,371,1105,-734
108900274,80,32,48
109000001,2877,2531,346
109000002,1090,2195,-1105
109000003,3291,453,2838
109000004,506,1643,-1137
109000005,2593,643,1950
109000006,859,1536,-677
109000007,2130,754,1376
109000008,657,1381,-724
109000009,3686,1448,2238
109000010,985,3281,-2296
109000011,4492,2395,2097
109000012,1957,2723,-766
109000013,4784,4321,463
109000014,2232,2145,87
109000015,3777,10283,-6506
109000016,4922,2185,2737
109000017,3270,1399,1871
109000018,1329,1949,-620
109000019,3051,1443,1608
109000020,1045,1618,-573
109000023,295,16,279
109000024,4,180,-176
109000025,333,575,-242
109000026,534,348,186
109000027,116,425,-309
109000028,122,84,38
109000029,96,281,-185
109000030,53,337,-284
109000031,281,184,97
109000032,148,424,-276
109000033,401,205,196
109000034,50,75,-25
109000035,17,75,-58
109000036,157,348,-191
109000037,338,2564,-2226
109000038,413,327,86
109000039,1294,1243,51
109000040,3374,14723,-11349
109000041,1768,2423,-655
109000042,404,1509,-1105
109000044,476,89,387
109000045,114,302,-188
109000046,538,93,445
109000047,71,417,-346
109000048,727,305,422
109000049,204,526,-322
109000050,504,351,153
109000051,282,223,59
109000052,599,453,146
109000053,439,152,287
109000054,393,366,27
109000055,426,602,-176
109000056,307,386,-79
109000057,1179,526,653
109000058,507,201,306
109000059,319,1317,-998
109000060,225,312,-87
109000061,546,1857,-1311
109000062,246,504,-258
109000063,312,170,142
109000064,506,213,293
109000065,290,112,178
109000066,695,70,625
109000067,83,225,-142
109000068,821,6,815
109000069,735,23,712
109000070,36,1884,-1848
109000071,452,79,373
109000072,81,247,-166
109000073,130,53,77
109000074,20,165,-145
109000075,90,269,-179
109000076,123,360,-237
109000077,295,227,68
109000078,135,169,-34
109000079,120,112,8
109000080,326,86,240
109000081,176,318,-142
109000082,1011,136,875
109000083,353,430,-77
109000088,192,366,-174
109000089,409,117,292
109000090,128,278,-150
109000091,563,272,291
109000092,343,355,-12
109000093,454,271,183
109000094,997,8,989
109000095,134,273,-139
109000096,895,246,649
109000097,111,117,-6
109000098,54,142,-88
109000099,941,214,727
109000100,283,533,-250
109000101,2256,536,1720
109000102,544,567,-23
109000103,687,505,182
109000104,2602,473,2129
109000105,494,873,-379
109000106,2490,799,1691
109000107,607,1289,-682
109000108,2697,593,2104
109000109,535,1015,-480
109000110,1512,548,964
109000111,773,1474,-701
109000112,502,158,344
109000113,459,187,272
109000114,206,355,-149
109000115,1073,24,1049
109000116,1,307,-306
109000117,297,24,273
109000118,12,263,-251
109000119,2250,96,2154
109000120,348,517,-169
109000121,879,24,855
109000122,161,373,-212
109000123,37,42,-5
109000124,940,243,697
109000125,1201,273,928
109000126,509,376,133
109000127,1415,195,1220
109000128,635,671,-36
109000129,3558,983,2575
109000130,530,692,-162
109000131,1244,857,387
109000132,611,1372,-761
109000133,408,581,-173
109000134,693,1016,-323
109000135,703,1428,-725
109000136,291,252,39
109000137,344,392,-48
109000138,517,218,299
109000139,630,280,350
109000140,280,193,87
109000141,827,362,465
109000142,162,495,-333
109000143,143,107,36
109000145,157,254,-97
109000146,45,98,-53
109000148,1820,2799,-979
109000149,23,113,-90
109000150,45,322,-277
109000155,1170,804,366
109000156,930,460,470
109000158,121,269,-148
109000159,136,420,-284
109000160,1499,224,1275
109000161,508,740,-232
109000162,2424,618,1806
109000163,1503,1153,350
109000164,1675,1746,-71
109000165,1707,440,1267
109000166,939,108,831
109000167,135,327,-192
109000170,67,34,33
109000171,130,51,79
109000172,29,65,-36
109000173,50,136,-86
109000174,212,29,183
109000175,36,70,-34
109000176,386,169,217
109000177,29,77,-48
109000178,1066,308,758
109000179,2936,6808,-3872
109000180,3797,4129,-332
109000181,39,7,32
109000182,56,18,38
109000183,78,14,64
109000184,68,20,48
109000185,34,18,16
109000188,693,1038,-345
109000189,4108,662,3446
109000190,1094,535,559
109000191,459,389,70
109000192,629,226,403
109000193,256,113,143
109000194,439,88,351
109000195,198,140,58
109000196,317,148,169
109000197,217,214,3
109000198,477,82,395
109000199,152,315,-163
109000206,221,27,194
109000207,154,45,109
109000208,127,119,8
109000209,181,110,71
109000210,123,423,-300
109000211,1089,455,634
109000214,441,199,242
109000215,154,63,91
109000216,385,362,23
109000217,400,278,122
109000218,661,301,360
109000221,341,676,-335
109000222,1030,258,772
109000223,459,425,34
109000224,30,51,-21
109000225,142,22,120
109000226,67,125,-58
109000227,1726,669,1057
109000228,1,2052,-2051
109000231,82,142,-60
109000232,663,186,477
109000236,385,489,-104
109000241,2223,1491,732
109000242,1737,795,942
109000293,35,108,-73
109000361,83,177,-94
109000364,181,447,-266
109000396,1,284,-283
109000397,867,42,825
109000399,163,303,-140
109000400,184,190,-6
109000403,43,1281,-1238
109000406,405,6,399
109000407,376,188,188
109000408,0,347,-347
109000410,1040,162,878
109000411,316,11,305
109900001,165,1,164
109900002,1229,35,1194
109900003,441,2,439
109900004,427,82,345
109900005,35,0,35
109900006,619,195,424
109900007,1396,238,1158
109900008,0,21,-21
109900009,146,276,-130
109900010,797,51,746
109900011,68,76,-8
109900012,523,238,285
109900013,498,199,299
109900014,491,60,431
109900015,326,224,102
109900016,196,15,181
109900017,262,299,-37
109900018,328,37,291
109900019,451,50,401
109900020,53,37,16
109900021,36,8,28
109900022,154,250,-96
109900023,23,3,20
109900024,21,1,20
109900025,14,50,-36
109900026,3,182,-179
109900027,48,23,25
109900028,543,1779,-1236
109900029,7,195,-188
109900030,51,5,46
109900031,0,188,-188
109900032,10,240,-230
109900033,3,363,-360
109900034,54,1,53
109900035,44,27,17
109900036,35,28,7
109900037,31,323,-292
109900038,151,220,-69
109900039,6,0,6
109900040,38,291,-253
109900041,80,217,-137
109900042,60,2160,-2100
109900044,288,161,127
109900045,61,42,19
109900046,59,43,16
109900047,319,214,105
109900048,5,89,-84
109900049,23,68,-45
109900050,2,65,-63
109900051,0,9,-9
109900052,71,201,-130
109900053,1,125,-124
109900054,1098,216,882
109900055,94,166,-72
109900056,26,356,-330
109900057,6,50,-44
109900058,1,63,-62
109900059,1406,108,1298
109900060,778,98,680
109900061,85,176,-91
109900062,2,120,-118
109900063,5,422,-417
109900064,684,215,469
109900065,81,94,-13
109900066,413,457,-44
109900067,0,109,-109
109900068,132,22,110
109900069,2,24,-22
109900070,42,157,-115
109900071,2,12,-10
109900072,19,97,-78
109900073,720,225,495
109900074,23,17,6
109900075,67,25,42
109900076,13,86,-73
109900077,17,25,-8
109900078,82,125,-43
109900080,117,160,-43
109900081,20,234,-214
109900082,74,211,-137
109900083,23,84,-61
109900084,52,92,-40
109900085,165,349,-184
109900086,151,779,-628
109900087,154,453,-299
109900089,827,243,584
109900090,411,792,-381
109900091,504,83,421
109900092,776,63,713
109900093,1360,216,1144
109900094,117,115,2
109900095,240,166,74
109900096,57,15,42
109900097,138,0,138
109900098,813,40,773
109900099,327,1,326
109900100,145,1,144
109900101,1093,22,1071
109900102,614,40,574
109900103,59,48,11
109900104,1089,290,799
109900105,702,42,660
109900106,444,56,388
109900107,1030,68,962
109900108,294,338,-44
109900109,67,304,-237
109900110,103,188,-85
109900111,249,520,-271
109900112,176,299,-123
109900113,1111,719,392
109900114,1282,1740,-458
109900115,230,110,120
109900117,1559,112,1447
109900118,174,330,-156
109900119,427,320,107
109900120,99,26,73
109900121,300,548,-248
109900122,691,5,686
109900123,20,93,-73
109900124,73,285,-212
109900125,1,182,-181
109900126,466,51,415
109900128,567,25,542
109900130,3548,3527,21
109900131,21,123,-102
109900132,30,96,-66
109900133,102,178,-76
109900134,119,131,-12
109900135,133,39,94
109900136,107,125,-18
109900137,194,183,11
109900140,202,97,105
109900142,1975,361,1614
109900145,4,642,-638
109900146,348,52,296
109900148,33,153,-120
109900149,13,46,-33
109900150,10,89,-79
109900151,3,21,-18
109900152,0,23,-23
109900153,0,29,-29
109900154,30,1,29
109900155,98,11,87
109900157,78,158,-80
109900158,61,96,-35
109900159,162,63,99
109900160,153,70,83
109900161,247,135,112
109900162,270,150,120
109900163,454,292,162
109900164,110,232,-122
109900165,558,10,548
109900166,0,149,-149
109900167,181,326,-145
109900168,261,427,-166
109900169,318,132,186
109900170,315,1276,-961
109900171,327,84,243
109900172,326,364,-38
109900173,1380,3103,-1723
109900174,75,103,-28
109900175,129,92,37
109900176,138,107,31
109900177,43,127,-84
109900178,2,242,-240
109900179,61,19,42
109900180,16,11,5
110000001,767,371,396
110000002,562,740,-178
110000003,817,658,159
110000004,526,710,-184
110000005,393,1882,-1489
110000006,233,296,-63
110000007,138,120,18
110000008,35,91,-56
110000009,33,25,8
110000010,28,81,-53
110000011,67,89,-22
110000012,568,229,339
110000013,55,793,-738
110000014,445,311,134
110000015,266,631,-365
110000016,215,1842,-1627
110000017,2900,264,2636
110000018,2179,239,1940
110000019,9,67,-58
110000020,552,192,360
110000021,369,530,-161
110000022,1199,171,1028
110000023,9,90,-81
110000024,577,491,86
110000025,637,9,628
110000026,10,183,-173
110000027,1001,1314,-313
110000028,1145,652,493
110000029,516,550,-34
110000030,380,405,-25
110000031,292,306,-14
110000032,846,357,489
110000033,297,230,67
110000034,619,690,-71
110000035,827,466,361
110000036,1346,845,501
110000037,234,428,-194
110000038,340,797,-457
110000039,954,4530,-3576
110000040,293,209,84
110000041,376,2108,-1732
110000042,93,734,-641
110000043,982,344,638
110000044,58,1587,-1529
110000045,505,256,249
110000046,2,20,-18
110000047,9,200,-191
110000048,4,27,-23
110000049,16,16,0
110000050,2,104,-102
110000051,12,19,-7
110000052,40,27,13
110000053,67,25,42
110000054,145,526,-381
110000055,309,112,197
110000056,67,110,-43
110000057,373,458,-85
110000058,1249,436,813
110000059,1182,422,760
110000060,1254,1135,119
110000061,815,579,236
110000062,677,751,-74
110000063,56,253,-197
110000064,80,29,51
110000065,197,125,72
110000066,97,29,68
110000067,88,120,-32
110000068,304,60,244
110000069,598,60,538
110000071,353,55,298
110000073,27,10,17
110000075,25,102,-77
110000076,303,476,-173
110000077,322,1286,-964
110000078,76,15,61
110000080,257,498,-241
110000081,47,266,-219
110000082,41,389,-348
110000083,303,397,-94
110000084,1453,1178,275
110000085,1005,1289,-284
110000086,1404,2826,-1422
110000087,16,58,-42
110000088,162,234,-72
110000089,404,89,315
110000090,263,272,-9
110000091,793,237,556
110000092,38,64,-26
110000093,47,17,30
110000094,522,155,367
110000095,195,698,-503
110000096,1402,2019,-617
110000097,1093,1690,-597
110000098,2040,701,1339
110000099,801,1369,-568
110000100,1547,299,1248
110000101,72,126,-54
110000102,98,48,50
110000104,745,235,510
110000105,103,407,-304
110000106,704,629,75
110000107,205,333,-128
110000108,136,137,-1
110000109,235,253,-18
110000110,1818,4574,-2756
110000111,3308,3588,-280
110000112,513,1686,-1173
110000113,109,3068,-2959
110000114,301,942,-641
110000115,480,487,-7
110000116,67,53,14
110000117,306,195,111
110000118,609,147,462
110000119,439,297,142
110000120,464,176,288
110000121,83,419,-336
110000122,282,434,-152
110000123,701,785,-84
110000124,2,622,-620
110000125,1008,4,1004
110000126,325,45,280
110000127,1395,100,1295
110000128,63,922,-859
110000129,2,369,-367
110000130,279,260,19
110000131,168,274,-106
110000132,1,478,-477
110000133,23,467,-444
110000134,17,366,-349
110000135,201,42,159
110000136,68,303,-235
110000137,639,403,236
110000138,1127,494,633
110000139,1154,608,546
110000140,840,767,73
110000143,577,389,188
110000144,3475,2419,1056
110000145,1928,2124,-196
110000146,2383,1448,935
110000147,536,808,-272
110000148,807,210,597
110000151,824,1296,-472
110000152,717,543,174
110000153,263,21,242
110000154,66,41,25
110000155,1172,3925,-2753
110000156,1074,2547,-1473
110000157,2365,3018,-653
110000160,461,398,63
110000161,219,151,68
110000166,833,88,745
110000167,1103,712,391
110000168,1214,619,595
110000169,1031,407,624
110000170,198,53,145
110000171,785,139,646
110000172,230,460,-230
110000173,779,736,43
110000174,204,550,-346
110000175,1077,74,1003
110000176,257,623,-366
110000177,272,1122,-850
110000178,345,2301,-1956
110000179,1072,344,728
110000180,299,214,85
110000181,747,391,356
110000182,332,135,197
110000183,6116,8766,-2650
110000184,438,2887,-2449
110000185,831,893,-62
110000186,705,794,-89
110000191,1621,149,1472
110000192,1015,14,1001
110000193,1830,26,1804
110000194,10,496,-486
110000195,622,194,428
110000196,575,147,428
110000197,127,79,48
110000198,123,41,82
110000199,89,147,-58
110000200,1274,405,869
110000201,1623,1470,153
110000202,1422,573,849
110000203,549,425,124
110000204,4,134,-130
110000205,185,34,151
110000206,502,694,-192
110000207,1540,355,1185
110000208,246,325,-79
110000209,105,1596,-1491
110000210,1792,461,1331
110000211,1005,1211,-206
110000212,497,1136,-639
110000213,420,51,369
110000214,371,71,300
110000215,190,177,13
110000216,125,144,-19
110000217,488,80,408
110000218,195,145,50
110000219,521,42,479
110000220,85,134,-49
110000221,536,29,507
110000222,71,115,-44
110000223,3,89,-86
110000224,18,7,11
110000225,241,804,-563
110000226,313,92,221
110000227,600,1107,-507
110000228,275,101,174
110000229,0,141,-141
110000230,710,880,-170
110000231,192,290,-98
110000232,259,188,71
110000233,249,234,15
110000234,628,1748,-1120
110000235,1098,1233,-135
110000236,746,503,243
110000237,2271,1914,357
110000238,1359,1179,180
110000239,2255,1000,1255
110000240,3,59,-56
110000242,0,37,-37
110000243,182,65,117
110000244,158,690,-532
110000245,29,399,-370
110000246,1239,428,811
110000247,1006,2946,-1940
110000248,1570,1052,518
110000249,109,9,100
110000250,98,103,-5
110000251,558,297,261
110000252,435,148,287
110000253,2026,524,1502
110000254,683,689,-6
110000255,178,593,-415
110000256,551,321,230
110000257,473,312,161
110000258,22,321,-299
110000259,238,13,225
110000260,29,144,-115
110000263,643,66,577
110000264,493,270,223
110000265,1265,1739,-474
110000266,1614,2697,-1083
110000267,36,162,-126
110000268,379,388,-9
110000269,11,58,-47
110000270,105,8,97
110000271,1160,212,948
110000272,1348,1319,29
110000273,2226,1646,580
110000274,305,2327,-2022
110000275,1485,741,744
110000276,540,540,0
110000277,402,309,93
110000278,542,539,3
110000279,1005,625,380
110000280,725,451,274
110000281,69,301,-232
110000282,168,15,153
110000283,16,103,-87
110000284,29,27,2
110000285,4,677,-673
110000286,5,0,5
110000287,143,17,126
110000288,19,96,-77
110000289,584,2815,-2231
110000290,606,649,-43
110000291,2890,925,1965
110000292,1130,6472,-5342
110000293,876,392,484
110000294,1486,1377,109
110000295,161,533,-372
110000296,623,315,308
110000297,2911,277,2634
110000298,178,326,-148
110000299,113,136,-23
110000301,477,33,444
110000302,630,733,-103
110000303,653,19,634
110000304,266,186,80
110000305,1716,32,1684
110000306,262,711,-449
110000307,2220,11,2209
110000308,618,3,615
110000309,9,525,-516
110000310,918,40,878
110000311,17,600,-583
110000312,490,118,372
110000313,2389,2194,195
110000314,0,136,-136
110000315,2309,2512,-203
110000316,493,1320,-827
110000317,331,1462,-1131
110000318,7,34,-27
110000319,24,17,7
110000320,73,142,-69
110000321,37,47,-10
110000322,425,281,144
110000323,823,206,617
110000324,2761,1698,1063
110000325,2255,4499,-2244
110000327,459,426,33
110000328,150,610,-460
110000333,1487,982,505
110000334,1049,1328,-279
110000335,1041,686,355
110000336,918,814,104
110000337,2379,799,1580
110000338,663,262,401
110000339,442,222,220
110000340,228,167,61
110000341,635,378,257
110000342,188,10,178
110000343,1,26,-25
110000344,875,252,623
110000345,763,371,392
110000346,1863,1818,45
110000347,1487,756,731
110000348,5,16,-11
110000349,4,22,-18
110000350,73,12,61
110000351,1681,607,1074
110000352,875,1567,-692
110000353,3281,551,2730
110000354,1146,3737,-2591
110000355,156,62,94
110000356,1233,44,1189
110000357,656,14,642
110000361,65,25,40
110000362,124,32,92
110000363,797,88,709
110000364,345,327,18
110000365,127,0,127
110000366,0,133,-133
110000367,475,150,325
110000368,11,50,-39
110000369,156,5,151
110000373,4,235,-231
110000374,333,29,304
110000375,99,941,-842
110000376,48,122,-74
110000377,78,406,-328
110000378,17,495,-478
110000379,2443,2245,198
110000380,98,8,90
110000383,2,844,-842
110000384,820,532,288
110000385,1,134,-133
110000387,118,4,114
110000388,63,160,-97
110000389,1015,17,998
110000391,1325,169,1156
110000396,331,65,266
110000397,197,84,113
110000398,12,26,-14
110000399,195,2,193
110000587,253,125,128
110000589,277,121,156
110000640,257,36,221
110000652,11,407,-396
110000653,447,294,153
110000654,22,922,-900
110000656,0,232,-232
110000674,25,23,2
110000675,19,90,-71
110000676,15,49,-34
110000679,116,1213,-1097
110000682,141,234,-93
110000683,254,434,-180
110000684,4,44,-40
110000685,8,11,-3
110000686,3,54,-51
110000687,48,10,38
110000688,46,1547,-1501
110000689,37,45,-8
110000692,25,197,-172
110000693,62,408,-346
110000694,1,226,-225
110000695,358,901,-543
110000696,40,28,12
110900001,287,18,269
110900002,390,314,76
110900003,1181,271,910
110900004,696,75,621
110900005,1412,3677,-2265
110900006,58,34,24
110900007,198,48,150
110900008,14,20,-6
110900009,485,272,213
110900010,25,26,-1
110900011,28,78,-50
110900012,39,38,1
110900013,1309,179,1130
110900014,359,26,333
110900015,360,971,-611
110900016,91,76,15
110900017,690,47,643
110900018,522,72,450
110900019,323,29,294
110900020,163,128,35
110900021,133,262,-129
110900022,82,155,-73
110900023,104,524,-420
110900024,35,180,-145
110900025,14,62,-48
110900027,99,188,-89
110900028,48,108,-60
110900029,21,123,-102
110900030,68,142,-74
110900031,2,84,-82
110900032,0,52,-52
110900033,46,177,-131
110900035,11,413,-402
110900036,124,19,105
110900037,88,21,67
110900038,658,181,477
110900039,12,218,-206
110900040,283,20,263
110900041,32,102,-70
110900042,186,67,119
110900043,2,49,-47
110900044,256,21,235
110900045,68,223,-155
110900046,20,89,-69
110900047,404,481,-77
110900049,122,190,-68
110900050,77,4,73
110900051,33,128,-95
110900052,7,167,-160
110900053,160,24,136
110900054,44,129,-85
110900055,28,8,20
110900056,64,114,-50
110900057,14,135,-121
110900058,383,197,186
110900059,486,252,234
110900060,557,164,393
110900061,11,80,-69
110900062,214,158,56
110900063,41,213,-172
110900064,23,0,23
110900065,165,145,20
110900066,13,90,-77
110900067,283,741,-458
110900068,138,132,6
110900069,8,14,-6
110900070,59,36,23
110900071,214,913,-699
110900073,1,15,-14
110900074,697,123,574
110900075,615,90,525
110900077,1308,557,751
110900078,57,33,24
110900079,1271,1558,-287
110900080,220,84,136
110900081,7,26,-19
110900082,179,67,112
110900083,139,61,78
110900084,107,36,71
110900085,115,184,-69
110900086,80,472,-392
110900087,499,169,330
110900088,10,4,6
110900090,86,63,23
110900091,3,37,-34
110900093,336,133,203
110900095,100,41,59
110900097,16,16,0
110900098,52,48,4
110900099,67,337,-270
110900100,0,21,-21
110900102,110,14,96
110900105,1920,166,1754
110900108,23,34,-11
110900111,568,232,336
110900112,1080,21,1059
110900113,322,64,258
110900115,9,47,-38
110900116,1253,862,391
110900118,59,4231,-4172
110900119,1584,186,1398
110900120,47,57,-10
110900121,219,4,215
110900122,587,225,362
110900125,444,508,-64
110900127,608,1688,-1080
110900128,261,333,-72
110900129,241,1153,-912
110900130,597,726,-129
110900131,542,119,423
110900132,577,114,463
110900133,187,82,105
110900135,70,211,-141
110900136,498,19,479
110900137,31,4,27
110900138,631,1307,-676
110900139,12,371,-359
110900140,28,0,28
110900141,5,297,-292
110900142,84,109,-25
110900143,234,115,119
110900144,0,268,-268
110900145,277,99,178
110900146,330,317,13
110900147,88,569,-481
110900148,5,209,-204
110900149,6,34,-28
110900150,44,47,-3
110900151,3,157,-154
110900152,52,110,-58
110900153,227,88,139
111000001,752,391,361
111000002,639,373,266
111000003,1852,884,968
111000004,467,642,-175
111000005,1261,1549,-288
111000006,799,1758,-959
111000007,5107,3860,1247
111000008,1716,3033,-1317
111000009,349,720,-371
111000010,1154,342,812
111000011,220,938,-718
111000012,485,443,42
111000013,529,1029,-500
111000014,1881,566,1315
111000017,107,946,-839
111000018,186,363,-177
111000020,886,1438,-552
111000021,74,85,-11
111000023,86,84,2
111000025,4737,4736,1
111000029,92,145,-53
111000030,60,100,-40
111000031,2021,1119,902
111000032,784,323,461
111000033,275,204,71
111000034,59,288,-229
111000037,1027,557,470
111000038,2813,1988,825
111000039,1541,1638,-97
111000040,1670,1623,47
111000041,681,856,-175
111000042,1931,1865,66
111000043,2005,4638,-2633
111000044,1890,1255,635
111000045,3321,2803,518
111000046,2104,1924,180
111000047,3456,6064,-2608
111000049,405,434,-29
111000050,1089,847,242
111000051,634,709,-75
111000052,627,1191,-564
111000053,330,629,-299
111000054,381,546,-165
111000055,928,1317,-389
111000056,171,520,-349
111000057,113,326,-213
111000058,719,55,664
111000059,902,313,589
111000060,5059,874,4185
111000061,792,322,470
111000062,1119,469,650
111000063,2149,1242,907
111000064,1095,657,438
111000065,1849,1056,793
111000066,761,482,279
111000067,849,403,446
111000068,702,739,-37
111000069,1695,1624,71
111000070,721,590,131
111000071,228,512,-284
111000072,1736,703,1033
111000073,361,1250,-889
111000074,1798,1794,4
111000075,908,661,247
111000076,680,678,2
111000077,1507,1626,-119
111000078,2373,1062,1311
111000079,1090,618,472
111000080,678,581,97
111000081,1423,4451,-3028
111000082,817,517,300
111000084,963,488,475
111000085,993,1034,-41
111000086,3060,907,2153
111000087,803,454,349
111000088,5407,3062,2345
111000089,785,672,113
111000090,654,1188,-534
111000091,773,328,445
111000092,1979,776,1203
111000093,970,1115,-145
111000094,2151,1000,1151
111000095,734,2601,-1867
111000096,973,8313,-7340
111000097,3574,1331,2243
111000098,623,825,-202
111000099,537,1087,-550
111000100,482,818,-336
111000101,452,584,-132
111000102,349,414,-65
111000104,1022,263,759
111000107,138,869,-731
111000109,1001,353,648
111000110,2084,763,1321
111000111,3503,473,3030
111000112,2604,604,2000
111000113,948,2171,-1223
111000114,1687,4556,-2869
111000115,3822,1074,2748
111000116,1134,833,301
111000117,372,884,-512
111000118,1221,591,630
111000119,1429,705,724
111000120,642,621,21
111000121,349,757,-408
111000122,620,900,-280
111000123,1364,1684,-320
111000124,479,1592,-1113
111000125,303,738,-435
111000126,101,455,-354
111000127,1441,151,1290
111000128,2926,366,2560
111000129,4029,618,3411
111000130,3164,595,2569
111000131,2717,518,2199
111000132,2496,1243,1253
111000133,215,109,106
111000134,211,119,92
111000135,108,167,-59
111000136,457,258,199
111000138,36,10,26
111000140,1,2,-1
111000141,188,328,-140
111000142,20,368,-348
111000143,5,527,-522
111000144,46,2053,-2007
111000145,184,13,171
111000146,165,14,151
111000147,124,28,96
111000148,138,101,37
111000149,5,23,-18
111000150,28,7,21
111000151,1,26,-25
111000153,509,646,-137
111000154,412,221,191
111000155,125,194,-69
111000156,815,571,244
111000157,177,810,-633
111000158,932,757,175
111000159,4354,965,3389
111000160,662,445,217
111000161,19,619,-600
111000162,26,111,-85
111000163,858,656,202
111000164,604,2641,-2037
111000165,605,296,309
111000166,616,228,388
111000167,166,292,-126
111000168,184,368,-184
111000169,396,445,-49
111000170,286,298,-12
111000171,490,466,24
111000172,208,246,-38
111000173,446,467,-21
111000174,326,126,200
111000175,60,456,-396
111000176,538,48,490
111000177,613,121,492
111000178,2111,231,1880
111000179,375,138,237
111000180,427,457,-30
111000181,2053,207,1846
111000182,263,172,91
111000183,472,294,178
111000184,432,226,206
111000185,398,282,116
111000186,436,186,250
111000187,203,158,45
111000188,356,313,43
111000189,605,405,200
111000190,220,271,-51
111000191,200,214,-14
111000192,180,296,-116
111000193,314,160,154
111000194,92,159,-67
111000195,214,192,22
111000196,71,101,-30
111000197,639,121,518
111000198,585,62,523
111000199,395,126,269
111000200,698,265,433
111000201,1092,199,893
111000202,512,217,295
111000203,571,357,214
111000204,365,1777,-1412
111000213,189,406,-217
111000214,1434,1068,366
111000215,1154,922,232
111000217,2080,855,1225
111000218,1607,1048,559
111000219,337,127,210
111000220,919,640,279
111000221,461,195,266
111000224,15,215,-200
111000225,375,291,84
111000226,100,2,98
111000227,24,6,18
111000228,20,636,-616
111000229,39,1330,-1291
111000230,249,211,38
111000231,1293,368,925
111000232,1150,568,582
111000233,1599,546,1053
111000234,227,633,-406
111000239,75,107,-32
111000240,59,283,-224
111000241,41,230,-189
111000242,337,81,256
111000243,282,310,-28
111000244,834,89,745
111000245,1510,306,1204
111000246,732,165,567
111000247,678,423,255
111000248,908,352,556
111000249,574,294,280
111000250,48,49,-1
111000251,43,100,-57
111000253,13,11,2
111000255,81,12,69
111000257,91,20,71
111000260,108,795,-687
111000261,2049,105,1944
111000271,46,230,-184
111000273,2748,1035,1713
111000274,1606,2643,-1037
111000275,204,35,169
111000276,274,950,-676
111000277,198,250,-52
111000278,755,200,555
111000291,1052,9734,-8682
111000298,711,205,506
111000299,848,197,651
111000300,86,404,-318
111000302,450,68,382
111000303,113,133,-20
111000312,45,95,-50
111000315,1,43,-42
111000320,179,337,-158
111000321,612,180,432
111000322,380,244,136
111000323,422,34,388
111000324,388,189,199
111000325,93,65,28
111000326,267,177,90
111000327,490,356,134
111000328,412,471,-59
111000329,0,11,-11
111000330,61,5,56
111000331,23,10,13
111000332,565,1240,-675
111000334,312,841,-529
111000335,1520,279,1241
111000337,2127,166,1961
111000338,71,78,-7
111000339,1100,246,854
111000340,207,567,-360
111000341,1686,892,794
111000342,85,1183,-1098
111000344,1450,644,806
111000345,121,112,9
111000346,19,203,-184
111000347,238,9,229
111000350,261,88,173
111000351,120,332,-212
111000352,214,122,92
111000353,239,188,51
111000354,522,164,358
111000355,325,428,-103
111000358,210,564,-354
111000360,331,286,45
111000361,269,109,160
111000546,1093,374,719
111000547,548,291,257
111000548,251,367,-116
111000549,454,168,286
111000550,67,1183,-1116
111000551,620,147,473
111000552,676,182,494
111000907,608,22,586
111000908,36,0,36
111000916,2428,196,2232
111000917,66,349,-283
111000918,247,359,-112
111000920,833,13,820
111000921,14,113,-99
111000922,907,165,742
111000924,42,328,-286
111000925,3973,2364,1609
111000926,1080,1158,-78
111000927,2902,5216,-2314
111000928,3364,1941,1423
111000929,2800,1473,1327
111000930,1061,1463,-402
111000931,2472,2785,-313
111000932,2714,1360,1354
111000933,3465,2983,482
111000934,1515,1982,-467
111000935,2345,1094,1251
111000936,1337,1362,-25
111000937,1596,1613,-17
111000938,1109,834,275
111000939,916,35,881
111000940,689,76,613
111000941,430,230,200
111000943,884,307,577
111000944,235,162,73
111000945,110,945,-835
111001109,671,727,-56
111001110,150,378,-228
111001111,150,4,146
111001112,62,1,61
111001113,0,189,-189
111001114,462,259,203
111001115,30,1117,-1087
111001116,2663,5554,-2891
111001117,372,3114,-2742
111001120,122,186,-64
111001121,141,182,-41
111001122,250,210,40
111001123,446,60,386
111001124,137,66,71
111001125,1,212,-211
111900001,43,51,-8
111900002,59,275,-216
111900003,7,196,-189
111900004,35,49,-14
111900006,25,117,-92
111900007,244,8,236
111900008,474,5,469
111900009,405,49,356
111900010,178,271,-93
111900012,48,72,-24
111900013,73,24,49
111900014,2437,6432,-3995
111900015,0,24,-24
111900016,0,36,-36
111900017,1,34,-33
111900018,203,19,184
111900019,5,126,-121
111900020,2,39,-37
111900021,38,90,-52
111900022,29,42,-13
111900023,40,42,-2
111900024,72,56,16
111900025,0,13,-13
111900026,0,31,-31
111900027,3,58,-55
111900028,4,105,-101
111900029,6,42,-36
111900030,21,192,-171
111900031,59,28,31
111900032,0,90,-90
111900033,8,32,-24
111900034,119,367,-248
111900035,147,185,-38
111900036,0,90,-90
111900038,140,418,-278
111900039,47,189,-142
111900040,1,166,-165
111900042,4,136,-132
111900043,0,159,-159
111900044,112,207,-95
111900046,24,76,-52
111900048,371,236,135
111900049,23,180,-157
111900050,142,25,117
111900051,0,94,-94
111900052,176,298,-122
111900053,383,2341,-1958
111900054,211,3,208
111900055,15,172,-157
111900056,172,399,-227
111900057,244,15,229
111900058,729,294,435
111900059,1494,971,523
111900060,417,2,415
111900061,7,118,-111
111900062,65,109,-44
111900063,330,318,12
111900064,37,136,-99
111900065,112,35,77
111900066,180,189,-9
111900067,2,241,-239
111900068,89,97,-8
111900069,95,49,46
111900070,374,86,288
111900071,0,125,-125
111900072,63,34,29
111900073,1355,239,1116
111900074,9,164,-155
111900075,137,11,126
111900076,330,106,224
111900077,44,15,29
111900078,496,42,454
111900079,63,59,4
111900080,207,348,-141
111900082,370,59,311
111900083,347,27,320
111900084,216,8,208
111900085,63,159,-96
111900086,64,5,59
111900087,91,1,90
111900088,843,16,827
111900089,205,6,199
111900090,69,81,-12
111900091,551,6,545
111900092,155,3,152
111900093,758,15,743
111900094,184,1,183
111900095,466,60,406
111900096,394,35,359
111900097,86,0,86
111900098,456,5,451
111900099,145,0,145
111900100,250,13,237
111900101,155,58,97
111900102,946,271,675
111900103,79,138,-59
111900104,136,97,39
111900105,284,263,21
111900106,497,38,459
111900110,1165,371,794
111900111,320,42,278
111900112,395,4625,-4230
111900113,204,141,63
111900118,571,124,447
111900119,485,233,252
111900122,124,168,-44
111900123,35,43,-8
111900124,33,37,-4
111900125,709,99,610
111900126,480,6,474
111900127,1,231,-230
111900128,5,218,-213
111900129,414,10,404
111900130,298,91,207
111900131,809,6,803
111900132,25,421,-396
111900133,8,189,-181
111900134,16,138,-122
111900135,12,54,-42
111900136,82,176,-94
111900137,50,45,5
111900138,24,62,-38
111900139,14,56,-42
111900140,177,56,121
111900141,127,16,111
111900142,171,48,123
111900143,198,130,68
111900144,1,23,-22
111900145,1,190,-189
111900146,3,80,-77
111900147,47,308,-261
111900148,22,375,-353
111900149,7,139,-132
111900150,31,92,-61
111900151,3,32,-29
111900152,98,84,14
111900153,696,944,-248
111900154,27,586,-559
111900155,80,187,-107
111900156,95,113,-18
111900157,217,31,186
111900158,757,204,553
111900159,483,65,418
111900160,568,4,564
111900161,417,4,413
111900162,100,228,-128
111900163,12,178,-166
111900164,172,76,96
111901113,898,55,843
111901114,638,215,423
111901115,159,2,157
111901116,56,4,52
111901117,53,75,-22
111901118,24,527,-503
111901119,327,95,232
111901121,72,70,2
111901122,1,179,-178
111901123,359,134,225
111901124,420,6,414
111901125,780,232,548
111901127,396,1309,-913
111901128,17,75,-58
111901129,2,94,-92
111901130,5,72,-67
111901131,4,114,-110
111901132,83,26,57
111901133,102,1,101
111901134,239,7,232
111901135,33,42,-9
111901136,46,109,-63
111901137,2,52,-50
111901138,105,75,30
111901139,32,17,15
111901140,3,67,-64
111901141,4,70,-66
111901142,5,61,-56
111901143,0,66,-66
111901144,48,50,-2
111901145,105,428,-323
111901146,130,15,115
112000001,2542,756,1786
112000002,645,1712,-1067
112000003,2670,1190,1480
112000004,852,392,460
112000005,4456,4403,53
112000006,1378,896,482
112000007,5483,3586,1897
112000008,3314,4577,-1263
112000009,2410,1587,823
112000010,3992,5537,-1545
112000011,1342,1229,113
112000012,4659,7244,-2585
112000013,2278,3576,-1298
112000014,1867,4404,-2537
112000015,2638,3858,-1220
112000016,3676,4129,-453
112000017,1317,5768,-4451
112000024,1899,551,1348
112000026,2009,2187,-178
112000027,740,712,28
112000028,942,881,61
112000029,829,1083,-254
112000030,219,61,158
112000031,1634,5902,-4268
112000032,244,51,193
112000033,1606,3615,-2009
112000034,191,71,120
112000035,96,836,-740
112000036,483,1622,-1139
112000037,1445,2072,-627
112000038,1793,2383,-590
112000039,164,78,86
112000040,40,215,-175
112000041,338,303,35
112000042,873,391,482
112000050,1292,1247,45
112000051,1356,2267,-911
112000054,1303,1150,153
112000057,992,443,549
112000058,381,655,-274
112000059,546,588,-42
112000061,2488,1092,1396
112000062,607,1195,-588
112000063,243,2150,-1907
112000064,2806,3503,-697
112000065,1199,1870,-671
112000066,3708,1795,1913
112000067,564,562,2
112000068,3492,3068,424
112000069,454,1480,-1026
112000070,2512,915,1597
112000071,1271,1883,-612
112000072,3280,858,2422
112000073,1585,1958,-373
112000074,1500,1242,258
112000075,1512,1489,23
112000076,3600,2562,1038
112000077,1152,346,806
112000078,2467,691,1776
112000079,2205,1423,782
112000080,1031,676,355
112000081,1134,2267,-1133
112000082,1347,707,640
112000083,721,994,-273
112000084,1421,681,740
112000085,1646,964,682
112000086,1944,1063,881
112000087,735,342,393
112000088,1001,301,700
112000089,548,433,115
112000090,247,236,11
112000091,581,561,20
112000092,2811,1121,1690
112000093,1780,666,1114
112000094,957,877,80
112000095,757,625,132
112000096,798,695,103
112000097,2032,851,1181
112000098,639,429,210
112000099,940,2192,-1252
112000100,2896,678,2218
112000101,622,494,128
112000102,2180,465,1715
112000103,439,547,-108
112000105,545,618,-73
112000106,2550,401,2149
112000107,16,224,-208
112000108,301,1504,-1203
112000109,52,55,-3
112000110,2567,612,1955
112000111,653,8670,-8017
112000112,3440,1346,2094
112000113,833,1235,-402
112000114,3002,1113,1889
112000115,605,352,253
112000116,746,772,-26
112000117,1300,644,656
112000118,1035,621,414
112000119,422,509,-87
112000120,74,266,-192
112000121,174,235,-61
112000122,486,123,363
112000123,1164,138,1026
112000124,660,64,596
112000125,379,298,81
112000126,489,242,247
112000127,1923,3497,-1574
112000128,569,950,-381
112000129,124,110,14
112000130,306,94,212
112000131,48,146,-98
112000132,242,174,68
112000133,505,127,378
112000134,494,254,240
112000135,2050,909,1141
112000136,1224,1482,-258
112000137,1927,3392,-1465
112000138,1543,1692,-149
112000139,799,917,-118
112000140,423,996,-573
112000141,1319,555,764
112000142,179,377,-198
112000143,1650,327,1323
112000144,330,686,-356
112000145,3640,660,2980
112000146,612,1254,-642
112000147,2992,1923,1069
112000148,1232,1779,-547
112000149,620,516,104
112000150,298,380,-82
112000151,376,186,190
112000152,663,403,260
112000153,179,174,5
112000154,188,309,-121
112000155,157,124,33
112000157,500,717,-217
112000158,421,280,141
112000159,976,318,658
112000167,473,203,270
112000169,286,392,-106
112000173,1387,307,1080
112000175,496,302,194
112000176,1134,1638,-504
112000177,1318,366,952
112000178,130,217,-87
112000179,352,84,268
112000180,342,325,17
112000181,1308,1018,290
112000182,2075,694,1381
112000183,40,14,26
112000184,619,240,379
112000185,899,341,558
112000187,4900,2806,2094
112000195,204,27,177
112000196,309,1,308
112000197,189,349,-160
112000198,64,374,-310
112000199,788,832,-44
112000202,571,1,570
112000216,80,216,-136
112000230,141,6,135
112000231,5,118,-113
112000256,55,347,-292
112000313,37,72,-35
112000314,58,61,-3
112000337,250,524,-274
112000352,190,436,-246
112000392,1418,849,569
112000398,2161,857,1304
112000399,1299,3786,-2487
112000400,1741,1347,394
112000401,1929,1332,597
112000402,4746,5206,-460
112000403,1649,4690,-3041
112000404,1624,1296,328
112000405,3052,3601,-549
112000406,2172,1069,1103
112000407,10541,9472,1069
112000408,5746,3427,2319
112000409,1482,2150,-668
112000410,584,425,159
112000411,3470,2165,1305
112000412,979,587,392
112000413,4385,9152,-4767
112000414,108,38,70
112000415,126,39,87
112000416,3730,1341,2389
112000417,398,73,325
112000421,69,65,4
112000422,418,177,241
112000424,1343,3832,-2489
112000425,385,377,8
112000426,233,310,-77
112000427,0,5,-5
112000428,429,148,281
112000429,2132,1793,339
112000430,2587,2909,-322
112000431,152,162,-10
112000432,620,459,161
112000433,268,681,-413
112000437,71,121,-50
112900001,62,2,60
112900002,940,466,474
112900003,133,163,-30
112900004,111,157,-46
112900005,387,122,265
112900006,30,134,-104
112900007,98,123,-25
112900008,0,93,-93
112900009,543,183,360
112900010,844,425,419
112900011,73,108,-35
112900012,0,32,-32
112900013,3,318,-315
112900014,3,188,-185
112900015,201,505,-304
112900016,2,131,-129
112900017,67,116,-49
112900018,1,96,-95
112900019,33,193,-160
112900020,327,779,-452
112900021,4,90,-86
112900022,23,36,-13
112900023,4,55,-51
112900024,19,148,-129
112900025,131,145,-14
112900026,4,73,-69
112900027,10,412,-402
112900028,15,113,-98
112900029,20,173,-153
112900030,77,69,8
112900031,8,284,-276
112900032,197,225,-28
112900034,1,20,-19
112900035,3,228,-225
112900036,43,118,-75
112900037,164,241,-77
112900038,986,142,844
112900039,14,142,-128
112900040,10,741,-731
112900041,572,1342,-770
112900042,217,207,10
112900043,74,75,-1
112900044,415,301,114
112900045,171,161,10
112900046,106,80,26
112900047,17,37,-20
112900049,374,74,300
112900050,18,495,-477
112900051,262,390,-128
112900052,63,418,-355
112900053,191,180,11
112900054,205,74,131
112900055,154,45,109
112900056,478,355,123
112900057,22,283,-261
112900058,370,406,-36
112900059,145,267,-122
112900060,64,104,-40
112900061,154,134,20
112900062,85,117,-32
112900063,58,13,45
112900064,77,152,-75
112900065,24,61,-37
112900066,301,313,-12
112900067,330,109,221
112900068,56,60,-4
112900069,1627,1267,360
112900071,56,5,51
112900072,650,3546,-2896
112900073,522,175,347
112900074,120,366,-246
112900075,989,1328,-339
112900076,37,47,-10
112900078,400,524,-124
112900079,403,45,358
112900080,104,4,100
112900081,88,314,-226
112900082,678,60,618
112900083,224,138,86
112900084,336,209,127
112900086,166,0,166
112900087,1400,228,1172
112900088,273,11,262
112900089,1005,80,925
112900090,136,68,68
112900091,477,10,467
112900092,95,648,-553
112900093,1672,47,1625
112900095,107,2,105
112900096,709,253,456
112900097,95,203,-108
112900098,143,4,139
112900099,1196,62,1134
112900100,120,4,116
112900101,572,10,562
112900102,167,38,129
112900103,367,6,361
112900104,151,12,139
112900105,22,0,22
112900106,493,137,356
112900107,10,1,9
112900108,7,0,7
112900109,225,3,222
112900110,2163,37,2126
112900111,971,15,956
112900112,472,2,470
112900113,1,6,-5
112900114,364,30,334
112900115,2433,10,2423
112900116,225,27,198
112900117,69,35,34
112900118,15,61,-46
112900119,188,2,186
112900120,629,267,362
112900121,41,98,-57
112900122,20,74,-54
112900123,198,25,173
112900124,22,70,-48
112900125,37,526,-489
112900126,106,159,-53
112900127,567,235,332
112900128,118,595,-477
112900129,1,413,-412
112900130,269,181,88
112900131,29,442,-413
112900132,146,699,-553
112900133,22,1577,-1555
112900134,0,180,-180
112900135,127,85,42
112900137,0,256,-256
112900138,4,118,-114
112900139,117,583,-466
112900141,1140,37,1103
112900142,63,262,-199
112900143,9,233,-224
112900144,1,162,-161
112900145,29,355,-326
112900146,2,450,-448
112900147,0,639,-639
112900148,92,2,90
112900149,274,439,-165
112900151,5,32,-27
112900152,3835,616,3219
112900153,911,3644,-2733
112900154,0,43,-43
112900155,200,30,170
112900156,712,644,68
112900157,514,52,462
112900158,126,12,114
112900159,250,233,17
112900160,45,179,-134
112900161,149,71,78
112900162,26,27,-1
112900163,42,47,-5
112900164,23,194,-171
112900165,185,38,147
112900166,28,76,-48
112900167,5,223,-218
112900168,4,4,0
112900169,9,23,-14
112900170,142,237,-95
112900172,30,15,15
112900173,150,104,46
112900174,440,61,379
112900175,131,352,-221
112900176,44,54,-10
112900177,243,87,156
112900178,805,3102,-2297
112900179,28,456,-428
112900180,2582,1543,1039
112900181,945,7,938
112900182,70,523,-453
112900183,106,373,-267
112900184,349,651,-302
112900185,142,827,-685
112900186,1008,1681,-673
112900187,102,764,-662
112900188,580,2865,-2285
112900189,11,17,-6
112900190,3,15,-12
112900192,912,926,-14
112900193,1357,531,826
112900194,84,33,51
112900195,1165,63,1102
112900196,211,245,-34
112900197,163,288,-125
112900199,879,310,569
112900200,986,120,866
112900201,309,86,223
112900202,752,471,281
112900203,486,117,369
112900204,637,627,10
112900205,11,15,-4
112900206,43,93,-50
112900207,33,1,32
112900208,89,398,-309
112900209,230,308,-78
112900210,1,25,-24
112900211,125,20,105
112900212,2,43,-41
112900213,72,8,64
112900214,16,29,-13
112900215,22,100,-78
112900216,21,48,-27
112900217,0,28,-28
112900218,89,24,65
112900219,154,3,151
112900220,10,2,8
112900221,85,146,-61
112900222,1,77,-76
112900223,1349,34,1315
112900224,582,276,306
112900225,703,269,434
112900226,173,402,-229
112900227,1209,460,749
112900228,121,35,86
112900229,510,8,502
112900230,7441,3999,3442
112900232,447,407,40
112900233,79,99,-20
112900234,21,24,-3
112900235,39,18,21
112900236,518,5,513
112900237,312,98,214
112900238,16,10,6
112900239,762,945,-183
113000001,6737,4413,2324
113000002,4589,3425,1164
113000003,1871,1538,333
113000004,1470,1980,-510
113000005,1862,1197,665
113000006,1103,1152,-49
113000007,2415,1207,1208
113000008,1788,1501,287
113000009,1466,638,828
113000010,1360,1068,292
113000011,762,1009,-247
113000012,2118,842,1276
113000013,1025,780,245
113000014,860,1205,-345
113000015,292,194,98
113000016,347,967,-620
113000017,86,307,-221
113000018,388,33,355
113000019,281,323,-42
113000020,451,113,338
113000021,1390,561,829
113000022,899,1275,-376
113000025,164,261,-97
113000026,586,548,38
113000027,484,911,-427
113000028,704,1330,-626
113000029,1070,823,247
113000030,184,426,-242
113000031,150,239,-89
113000032,238,316,-78
113000033,243,440,-197
113000034,169,187,-18
113000035,29,40,-11
113000036,27,59,-32
113000037,43,25,18
113000038,14,46,-32
113000039,42,345,-303
113000040,72,99,-27
113000042,775,489,286
113000051,992,2197,-1205
113000052,2215,785,1430
113000053,605,471,134
113000054,475,695,-220
113000055,1737,417,1320
113000056,1579,852,727
113000058,567,834,-267
113000059,866,355,511
113000060,324,515,-191
113000061,649,875,-226
113000062,454,378,76
113000063,456,80,376
113000064,90,147,-57
113000065,215,450,-235
113000066,1213,139,1074
113000067,3207,1064,2143
113000068,470,666,-196
113000069,577,587,-10
113000070,3529,939,2590
113000071,578,512,66
113000072,1348,497,851
113000073,412,1395,-983
113000074,1055,456,599
113000075,1865,947,918
113000076,484,2661,-2177
113000077,894,1106,-212
113000078,478,1953,-1475
113000079,444,1208,-764
113000080,582,1473,-891
113000081,816,1250,-434
113000082,1067,1515,-448
113000083,504,855,-351
113000084,1825,1357,468
113000085,852,569,283
113000086,1010,998,12
113000087,1039,1115,-76
113000088,2301,1296,1005
113000089,948,1545,-597
113000090,226,761,-535
113000091,300,372,-72
113000094,1378,339,1039
113000095,254,714,-460
113000096,109,1054,-945
113000097,1133,476,657
113000098,132,59,73
113000099,1250,504,746
113000100,86,469,-383
113000101,222,787,-565
113000102,729,619,110
113000103,1715,283,1432
113000104,694,2386,-1692
113000105,960,509,451
113000106,362,306,56
113000107,1152,893,259
113000108,724,726,-2
113000109,551,1245,-694
113000110,3226,712,2514
113000111,225,630,-405
113000112,412,315,97
113000113,1190,318,872
113000114,324,1386,-1062
113000116,842,326,516
113000117,2357,137,2220
113000118,33,580,-547
113000119,367,644,-277
113000120,88,352,-264
113000121,553,2902,-2349
113000124,281,111,170
113000125,75,1040,-965
113000127,1684,211,1473
113000128,952,341,611
113000129,583,814,-231
113000133,2186,1057,1129
113000134,4,1361,-1357
113000135,5092,5898,-806
113000137,1036,3476,-2440
113000139,275,449,-174
113000140,58,180,-122
113000141,150,291,-141
113000142,331,1144,-813
113000143,290,166,124
113000144,324,486,-162
113000145,161,139,22
113000146,123,54,69
113000147,206,79,127
113000148,357,130,227
113000149,204,129,75
113000150,634,407,227
113000151,49,31,18
113000152,51,121,-70
113000153,853,389,464
113000154,591,1569,-978
113000155,408,742,-334
113000156,136,283,-147
113000157,205,546,-341
113000158,634,282,352
113000159,1134,610,524
113000160,468,590,-122
113000161,380,243,137
113000162,1144,302,842
113000163,160,55,105
113000164,21,60,-39
113000166,228,84,144
113000167,65,60,5
113000168,93,85,8
113000169,296,72,224
113000170,96,98,-2
113000171,32,82,-50
113000172,293,58,235
113000173,82,26,56
113000174,153,164,-11
113000175,507,90,417
113000176,572,102,470
113000177,188,209,-21
113000178,143,155,-12
113000179,383,122,261
113000180,907,1174,-267
113000181,1329,786,543
113000182,134,394,-260
113000183,139,592,-453
113000184,38,102,-64
113000189,316,1000,-684
113000190,266,351,-85
113000192,546,4812,-4266
113000193,1968,3179,-1211
113000194,817,1572,-755
113000195,1608,2006,-398
113000196,358,46,312
113000197,1944,1857,87
113000198,98,225,-127
113000199,1710,637,1073
113000201,241,379,-138
113000202,6498,1264,5234
113000203,99,181,-82
113000204,528,3965,-3437
113000205,12,12,0
113000206,11,37,-26
113000207,66,15,51
113000208,31,40,-9
113000209,14,19,-5
113000210,12,24,-12
113000211,83,250,-167
113000212,58,38,20
113000213,22,109,-87
113000214,170,358,-188
113000234,167,767,-600
113000410,85,226,-141
113000411,1915,3932,-2017
113000412,3719,1650,2069
113000413,1054,3103,-2049
113000414,3159,13205,-10046
113000415,1836,1761,75
113000416,3539,2683,856
113000417,1530,1904,-374
113000418,3793,3871,-78
113000419,1620,2410,-790
113000420,2869,5935,-3066
113000421,4803,7819,-3016
113000422,9753,10611,-858
113000423,1622,6009,-4387
113000424,2331,10018,-7687
113000425,7,71,-64
113000428,25,14,11
113000430,5,80,-75
113000432,2731,220,2511
113000433,148,405,-257
113000434,23,78,-55
113000435,40,212,-172
113000436,19,486,-467
113000437,1648,29,1619
113000438,432,11,421
113000439,18,71,-53
113000440,243,42,201
113000441,364,213,151
113000442,209,68,141
113000443,492,125,367
113000444,409,73,336
113000445,180,98,82
113000446,43,117,-74
113000448,380,280,100
113000449,162,863,-701
113000450,700,2255,-1555
113000451,2006,231,1775
113000452,114,500,-386
113000453,37,599,-562
113000454,303,161,142
113000455,17,831,-814
113000456,2786,2438,348
113000468,897,109,788
113000469,83,305,-222
113000470,369,27,342
113000471,24,316,-292
113000472,126,260,-134
113000474,1070,719,351
113000475,1351,1283,68
113000476,1866,2145,-279
113000477,4416,1914,2502
113000478,3226,3220,6
113000479,113,105,8
113000480,91,430,-339
113000484,0,0,0
113000485,0,0,0
113000486,0,0,0
113000487,0,0,0
113000488,0,1,-1
113000489,0,0,0
113000490,0,0,0
113000491,2,11,-9
113000492,0,0,0
113000493,0,0,0
113000495,223,107,116
113000496,201,116,85
113000499,0,0,0
113900001,4,523,-519
113900002,0,36,-36
113900003,0,52,-52
113900004,1,95,-94
113900005,1,157,-156
113900006,4,16,-12
113900007,54,29,25
113900008,33,1,32
113900009,47,0,47
113900010,29,3,26
113900011,95,0,95
113900012,50,1,49
113900013,75,5,70
113900014,816,4,812
113900015,0,86,-86
113900016,70,0,70
113900017,2,44,-42
113900018,265,377,-112
113900019,269,50,219
113900020,312,7,305
113900022,51,0,51
113900023,52,1,51
113900024,112,23,89
113900025,193,24,169
113900026,70,0,70
113900027,15,76,-61
113900028,54,233,-179
113900029,100,90,10
113900030,365,12,353
113900031,48,9,39
113900032,42,1,41
113900033,106,59,47
113900035,64,0,64
113900036,44,55,-11
113900037,266,417,-151
113900038,48,153,-105
113900039,234,31,203
113900040,31,59,-28
113900041,18,7,11
113900042,53,34,19
113900043,167,86,81
113900044,187,409,-222
113900045,72,2,70
113900046,294,1127,-833
113900047,57,63,-6
113900048,71,139,-68
113900049,221,369,-148
113900050,359,342,17
113900051,326,229,97
113900052,109,81,28
113900053,757,881,-124
113900054,42,2,40
113900055,140,352,-212
113900056,60,135,-75
113900057,19,87,-68
113900058,108,72,36
113900059,235,223,12
113900060,101,211,-110
113900061,426,237,189
113900062,179,24,155
113900063,164,89,75
113900064,56,84,-28
113900065,540,32,508
113900066,566,185,381
113900067,277,158,119
113900068,544,711,-167
113900069,49,41,8
113900070,143,249,-106
113900071,117,64,53
113900072,79,79,0
113900073,394,332,62
113900074,213,237,-24
113900075,1193,1941,-748
113900076,215,18,197
113900077,64,167,-103
113900078,44,57,-13
113900079,0,19,-19
113900080,709,197,512
113900081,74,116,-42
113900082,152,220,-68
113900083,617,183,434
113900084,224,113,111
113900085,37,281,-244
113900086,91,16,75
113900087,117,134,-17
113900088,88,123,-35
113900089,385,50,335
113900090,736,365,371
113900091,16,10,6
113900092,29,58,-29
113900093,56,1066,-1010
113900094,611,254,357
113900095,156,194,-38
113900096,356,82,274
113900097,18,59,-41
113900098,956,190,766
113900099,3,24,-21
113900100,3,2,1
113900101,25,62,-37
113900102,94,182,-88
113900103,309,408,-99
113900104,132,351,-219
113900105,192,85,107
113900106,0,42,-42
113900107,4,10,-6
113900108,155,286,-131
113900109,301,242,59
113900110,95,23,72
113900111,233,50,183
113900112,222,42,180
113900113,1500,427,1073
113900114,1,32,-31
113900115,2,41,-39
113900116,62,222,-160
113900117,69,17,52
113900118,201,449,-248
113900119,133,503,-370
113900120,121,60,61
113900121,109,72,37
113900122,590,2883,-2293
113900123,613,179,434
113900124,2,94,-92
113900125,745,119,626
113900126,148,32,116
113900127,466,823,-357
113900128,166,68,98
113900129,12,219,-207
113900130,5,312,-307
113900131,265,55,210
113900132,37,115,-78
113900133,9,22,-13
113900135,399,330,69
113900136,139,61,78
113900137,373,378,-5
113900138,28,278,-250
113900139,144,211,-67
113900140,66,394,-328
113900141,756,226,530
113900142,139,49,90
113900143,22,54,-32
113900144,89,532,-443
113900145,401,152,249
113900146,230,62,168
113900148,101,413,-312
113900149,152,92,60
113900150,276,336,-60
113900151,475,146,329
113900152,71,65,6
113900153,112,604,-492
113900154,4,143,-139
113900155,124,207,-83
113900156,183,309,-126
113900157,82,344,-262
113900158,197,867,-670
113900159,29,253,-224
113900160,717,380,337
113900161,109,347,-238
113900162,237,1242,-1005
113900163,219,304,-85
113900164,512,35,477
113900165,703,497,206
113900166,59,168,-109
113900167,397,44,353
113900168,45,45,0
113900169,199,285,-86
113900171,353,50,303
113900172,5,71,-66
113900173,35,267,-232
113900174,501,437,64
113900175,343,116,227
113900176,456,315,141
113900177,324,131,193
113900178,414,207,207
113900179,50,210,-160
113900180,223,113,110
113900181,1002,248,754
113900182,785,708,77
113900183,68,63,5
113900184,7,311,-304
113900185,155,75,80
113900186,53,18,35
113900187,32,89,-57
113900188,46,133,-87
113900189,362,149,213
113900190,159,92,67
113900191,110,160,-50
113900192,8,869,-861
113900193,22,93,-71
113900194,1106,573,533
113900195,227,366,-139
113900196,2,214,-212
113900197,0,97,-97
113900198,18,342,-324
113900199,153,441,-288
113900200,28,112,-84
113900201,1,73,-72
113900202,42,143,-101
113900203,0,34,-34
113900204,33,299,-266
113900205,2,66,-64
113900206,5,95,-90
113900207,0,30,-30
113900208,0,28,-28
113900209,0,46,-46
113900210,508,864,-356
113900211,202,61,141
113900212,233,366,-133
113900214,308,553,-245
113900215,97,109,-12
113900216,190,332,-142
113900217,132,177,-45
113900218,157,88,69
113900219,163,650,-487
113900220,151,173,-22
113900221,301,319,-18
113900222,126,521,-395
113900223,180,292,-112
113900224,32,72,-40
113900225,455,119,336
113900226,457,181,276
113900227,505,206,299
113900228,317,724,-407
113900229,53,993,-940
113900230,2195,3606,-1411
113900231,141,134,7
113900232,144,58,86
113900233,136,78,58
113900234,408,461,-53
113900235,131,49,82
113900236,343,159,184
113900237,219,19,200
113900238,279,747,-468
113900239,37,150,-113
113900240,6,270,-264
113900241,110,87,23
113900242,43,212,-169
113900243,51,293,-242
113900244,122,184,-62
113900245,640,325,315
113900246,18,35,-17
113900247,97,564,-467
113900248,2035,2030,5
113900249,648,464,184
113900250,33,239,-206
113900251,1129,105,1024
113900252,789,28,761
113900253,756,65,691
113900254,660,180,480
113900255,656,28,628
113900256,427,38,389
113900257,25,261,-236
113900258,14,284,-270
113900259,873,106,767
113900260,267,10,257
113900261,44,49,-5
113900262,168,341,-173
113900263,86,450,-364
113900264,5,222,-217
113900265,157,309,-152
113900266,48,132,-84
113900267,87,847,-760
113900268,387,527,-140
113900269,81,149,-68
113900270,169,574,-405
113900271,718,610,108
113900273,18,8,10
113900274,88,35,53
113900275,22,59,-37
113900276,4,81,-77
113900277,193,6,187
113900278,257,167,90
113900279,37,55,-18
113900280,1664,606,1058
113900281,422,1551,-1129
113900282,304,603,-299
113900283,433,468,-35
113900284,1097,224,873
113900285,168,53,115
113900286,13,54,-41
113900287,90,43,47
113900288,2,88,-86
113900289,338,134,204
113900290,146,273,-127
113900291,97,128,-31
113900292,21,12,9
113900293,4,207,-203
113900294,649,26,623
113900295,407,508,-101
113900296,2185,379,1806
113900297,3002,44,2958
113900298,12,1416,-1404
113900299,152,49,103
113900300,4196,4666,-470
113900301,618,597,21
113900302,1623,1025,598
113900303,204,667,-463
113900304,3,82,-79
113900305,232,4,228
113900306,115,0,115
113900307,16,0,16
113900308,57,118,-61
113900309,0,314,-314
113900310,0,11,-11
113900311,15,1,14
113900312,128,205,-77
113900313,18,7,11
114000001,889,1717,-828
114000002,353,268,85
114000003,97,238,-141
114000004,426,251,175
114000005,423,201,222
114000006,1553,1253,300
114000007,800,1053,-253
114000008,1571,2091,-520
114000009,1415,297,1118
114000011,2895,1851,1044
114000012,3570,1326,2244
114000013,2293,1008,1285
114000014,492,200,292
114000015,2619,273,2346
114000016,304,131,173
114000017,141,588,-447
114000018,131,12,119
114000026,3034,822,2212
114000027,5084,1972,3112
114000028,2366,3084,-718
114000038,376,146,230
114000039,120,41,79
114000040,199,260,-61
114000042,149,118,31
114000043,96,34,62
114000044,494,23,471
114000045,53,58,-5
114000046,3014,3480,-466
114000047,6,52,-46
114000048,120,60,60
114000049,1968,1480,488
114000050,1997,1656,341
114000051,3209,2133,1076
114000052,4657,2404,2253
114000053,101,647,-546
114000054,211,571,-360
114000055,271,54,217
114000056,236,1119,-883
114000057,3775,2049,1726
114000058,120,1525,-1405
114000059,70,586,-516
114000060,559,815,-256
114000061,2079,3216,-1137
114000062,616,1776,-1160
114000063,1128,1063,65
114000064,2106,3767,-1661
114000065,1093,1774,-681
114000066,588,586,2
114000067,16,970,-954
114000068,527,742,-215
114000069,1126,621,505
114000070,2116,1757,359
114000071,959,476,483
114000072,808,179,629
114000073,20,11,9
114000074,86,11,75
114000075,120,37,83
114000076,32,29,3
114000077,6,16,-10
114000078,490,290,200
114000079,313,19,294
114000080,70,76,-6
114000081,97,82,15
114000082,57,217,-160
114000083,80,151,-71
114000084,431,77,354
114000085,90,324,-234
114000086,365,165,200
114000087,268,69,199
114000088,63,13,50
114000089,380,252,128
114000090,1019,1083,-64
114000091,1262,811,451
114000092,732,502,230
114000093,1673,830,843
114000094,430,310,120
114000095,338,191,147
114000096,95,201,-106
114000097,142,255,-113
114000098,750,147,603
114000099,994,150,844
114000100,2130,391,1739
114000101,549,360,189
114000102,861,284,577
114000103,152,201,-49
114000104,91,156,-65
114000105,188,115,73
114000106,735,2025,-1290
114000107,640,107,533
114000108,784,763,21
114000109,660,1641,-981
114000110,574,851,-277
114000111,2415,1224,1191
114000112,411,1130,-719
114000113,1425,678,747
114000114,706,731,-25
114000115,2310,1112,1198
114000116,1073,2934,-1861
114000117,4811,734,4077
114000118,3639,603,3036
114000119,2803,564,2239
114000120,684,641,43
114000121,596,760,-164
114000122,559,377,182
114000123,3024,463,2561
114000124,1242,381,861
114000125,962,846,116
114000126,3237,257,2980
114000127,261,140,121
114000128,935,214,721
114000130,435,458,-23
114000131,387,207,180
114000132,693,440,253
114000133,694,1163,-469
114000134,78,41,37
114000138,49,118,-69
114000139,390,435,-45
114000144,722,742,-20
114000145,68,80,-12
114000146,82,123,-41
114000147,1516,2826,-1310
114000148,1206,1942,-736
114000149,314,389,-75
114000150,305,480,-175
114000151,527,1813,-1286
114000152,112,58,54
114000153,578,2058,-1480
114000154,705,456,249
114000155,1361,2629,-1268
114000156,775,647,128
114000157,294,1261,-967
114000158,906,680,226
114000159,108,397,-289
114000160,73,479,-406
114000161,1074,2984,-1910
114000162,1270,2705,-1435
114000163,34,50,-16
114000165,696,403,293
114000166,565,511,54
114000167,2023,1256,767
114000168,458,384,74
114000169,1149,1706,-557
114000170,1245,1629,-384
114000171,1469,7062,-5593
114000174,148,367,-219
114000176,334,523,-189
114000177,878,574,304
114000178,56,50,6
114000179,841,712,129
114000180,258,445,-187
114000181,1815,4937,-3122
114000182,1181,2366,-1185
114000183,709,800,-91
114000184,1879,603,1276
114000185,1189,737,452
114000189,1610,205,1405
114000190,3873,567,3306
114000191,105,210,-105
114000192,120,852,-732
114000193,395,1180,-785
114000194,1602,694,908
114000195,213,87,126
114000196,1,83,-82
114000197,2277,29,2248
114000198,717,322,395
114000199,1519,1912,-393
114000200,558,855,-297
114000201,213,472,-259
114000202,1207,442,765
114000203,569,489,80
114000204,203,332,-129
114000205,230,975,-745
114000206,648,1088,-440
114000207,447,971,-524
114000208,497,1281,-784
114000209,382,1154,-772
114000210,188,679,-491
114000211,1390,1506,-116
114000212,1035,815,220
114000213,1758,570,1188
114000214,121,81,40
114000215,227,65,162
114000216,1964,341,1623
114000217,493,179,314
114000218,218,131,87
114000219,1607,165,1442
114000220,22,472,-450
114000221,1047,173,874
114000222,115,479,-364
114000223,676,156,520
114000224,58,349,-291
114000225,288,398,-110
114000226,301,213,88
114000227,931,471,460
114000228,983,499,484
114000229,1470,908,562
114000230,1803,735,1068
114000231,1117,1178,-61
114000232,1100,166,934
114000233,2927,119,2808
114000234,1204,543,661
114000235,1215,1022,193
114000236,0,246,-246
114000237,119,533,-414
114000238,239,253,-14
114000239,183,757,-574
114000240,1055,1038,17
114000241,277,639,-362
114000242,661,572,89
114000243,2210,900,1310
114000244,1300,305,995
114000245,458,784,-326
114000246,120,44,76
114000247,1339,480,859
114000248,1561,572,989
114000249,657,437,220
114000250,707,391,316
114000251,462,207,255
114000252,73,21,52
114000253,65,120,-55
114000254,74,39,35
114000255,506,167,339
114000256,469,2017,-1548
114000257,319,730,-411
114000258,424,218,206
114000259,175,210,-35
114000260,0,15,-15
114000261,49,32,17
114000262,440,148,292
114000263,7,0,7
114000264,1672,297,1375
114000265,0,2,-2
114000267,3,1673,-1670
114000268,16,576,-560
114000270,302,5,297
114000271,299,42,257
114000283,1715,329,1386
114000285,18,122,-104
114000288,162,195,-33
114000289,1941,142,1799
114000293,312,552,-240
114000294,197,268,-71
114000395,1524,21,1503
114000396,734,705,29
114000402,876,225,651
114000403,403,213,190
114000405,256,191,65
114000423,479,185,294
114000424,635,197,438
114000425,1222,216,1006
114000426,264,851,-587
114000427,71,69,2
114000428,133,221,-88
114000429,9,110,-101
114000432,122,36,86
114000434,24,51,-27
114000435,16,152,-136
114900001,692,405,287
114900002,874,236,638
114900003,965,631,334
114900004,262,494,-232
114900005,617,413,204
114900006,131,109,22
114900007,401,46,355
114900008,327,101,226
114900010,1046,2103,-1057
114900011,329,154,175
114900013,347,148,199
114900015,125,733,-608
114900018,1205,21,1184
114900020,253,73,180
114900022,35,514,-479
114900024,348,96,252
114900025,717,160,557
114900026,85,156,-71
114900027,327,212,115
114900029,40,15,25
114900030,395,199,196
114900031,551,26,525
114900032,589,25,564
114900033,582,1502,-920
114900034,39,76,-37
114900035,164,259,-95
114900036,223,287,-64
114900037,127,100,27
114900038,215,212,3
114900039,623,227,396
114900040,115,61,54
114900041,1203,216,987
114900042,1413,331,1082
114900043,353,178,175
114900044,202,40,162
114900046,83,89,-6
114900047,212,3166,-2954
114900048,69,166,-97
114900049,9,78,-69
114900050,68,138,-70
114900051,42,194,-152
114900052,145,226,-81
114900053,163,196,-33
114900054,47,70,-23
114900057,232,25,207
114900058,0,41,-41
114900059,157,103,54
114900060,376,777,-401
114900061,149,84,65
114900062,152,247,-95
114900063,86,93,-7
114900064,2518,232,2286
114900065,531,783,-252
114900067,51,343,-292
114900068,38,81,-43
114900069,154,77,77
114900070,757,199,558
114900072,5,245,-240
114900073,2,117,-115
114900074,1076,268,808
114900075,422,12,410
114900076,18,259,-241
114900080,1091,241,850
114900082,2345,2714,-369
114900083,647,1083,-436
114900090,523,190,333
114900091,108,148,-40
114900095,230,78,152
114900096,283,479,-196
114900097,213,2,211
114900098,2,113,-111
114900099,251,11,240
115000001,3747,1938,1809
115000002,4793,5734,-941
115000003,3933,1563,2370
115000004,5803,7011,-1208
115000005,1435,1645,-210
115000006,1282,1520,-238
115000007,150,198,-48
115000008,377,589,-212
115000009,208,239,-31
115000010,214,205,9
115000013,48,185,-137
115000015,50,302,-252
115000016,138,329,-191
115000019,26,561,-535
115000020,135,1073,-938
115000021,224,366,-142
115000022,474,292,182
115000023,291,655,-364
115000024,918,392,526
115000025,1047,1018,29
115000026,258,273,-15
115000027,380,478,-98
115000028,240,580,-340
115000029,895,95,800
115000030,775,892,-117
115000031,1383,368,1015
115000032,11,168,-157
115000033,216,34,182
115000034,54,1025,-971
115000035,1125,105,1020
115000036,0,306,-306
115000037,758,24,734
115000038,49,193,-144
115000039,2452,3855,-1403
115000040,3613,2322,1291
115000041,1732,4365,-2633
115000042,820,661,159
115000043,4415,2877,1538
115000044,3556,2820,736
115000045,2402,999,1403
115000046,3144,2663,481
115000047,2874,1292,1582
115000048,1820,1381,439
115000049,1321,2464,-1143
115000050,3294,1583,1711
115000051,1602,3993,-2391
115000052,1264,1368,-104
115000053,2377,2431,-54
115000054,549,827,-278
115000055,216,937,-721
115000056,255,589,-334
115000057,681,1371,-690
115000058,391,418,-27
115000059,323,184,139
115000061,82,183,-101
115000062,260,324,-64
115000063,500,399,101
115000064,222,94,128
115000065,87,662,-575
115000067,177,15,162
115000069,146,255,-109
115000070,18,793,-775
115000071,85,21,64
115000072,6,65,-59
115000073,1508,83,1425
115000075,120,51,69
115000076,2357,1862,495
115000077,2493,1315,1178
115000078,1815,857,958
115000079,1475,1243,232
115000080,3080,1404,1676
115000081,376,744,-368
115000082,4947,4109,838
115000083,2167,1207,960
115000084,3312,1062,2250
115000085,1156,659,497
115000086,1423,678,745
115000087,394,1319,-925
115000088,1834,702,1132
115000089,1278,995,283
115000090,393,841,-448
115000091,249,524,-275
115000092,764,593,171
115000093,712,4,708
115000094,4752,6636,-1884
115000095,3866,7300,-3434
115000096,900,910,-10
115000097,1854,1270,584
115000098,1686,630,1056
115000099,3190,1757,1433
115000100,1611,314,1297
115000101,614,960,-346
115000102,686,292,394
115000103,290,459,-169
115000105,47,111,-64
115000106,893,421,472
115000107,222,339,-117
115000108,2139,1931,208
115000109,3631,5778,-2147
115000110,1193,2288,-1095
115000111,517,1067,-550
115000112,868,1011,-143
115000113,711,802,-91
115000114,1471,694,777
115000116,3150,2344,806
115000117,2494,2587,-93
115000118,2718,1877,841
115000119,1841,2319,-478
115000120,559,1474,-915
115000121,802,839,-37
115000122,1211,2159,-948
115000123,787,2438,-1651
115000124,814,1080,-266
115000125,449,664,-215
115000126,134,362,-228
115000127,339,144,195
115000128,344,782,-438
115000129,229,474,-245
115000130,555,434,121
115000131,916,279,637
115000132,543,306,237
115000133,812,211,601
115000134,599,308,291
115000135,457,180,277
115000136,312,242,70
115000137,210,256,-46
115000138,494,227,267
115000139,316,182,134
115000140,528,200,328
115000141,263,132,131
115000142,242,128,114
115000143,1241,568,673
115000144,556,55,501
115000145,253,187,66
115000146,612,371,241
115000147,321,307,14
115000148,348,472,-124
115000149,813,256,557
115000150,648,470,178
115000151,1443,487,956
115000152,702,490,212
115000153,1553,524,1029
115000154,1111,261,850
115000155,623,658,-35
115000156,940,803,137
115000157,449,611,-162
115000158,457,336,121
115000159,562,509,53
115000160,525,643,-118
115000161,601,409,192
115000162,502,1003,-501
115000163,502,683,-181
115000164,561,621,-60
115000165,302,600,-298
115000167,104,104,0
115000168,508,296,212
115000169,408,546,-138
115000170,98,156,-58
115000171,205,264,-59
115000172,755,726,29
115000173,303,922,-619
115000174,219,436,-217
115000175,255,203,52
115000176,117,215,-98
115000177,122,367,-245
115000178,17,172,-155
115000179,19,58,-39
115000180,149,336,-187
115000181,876,145,731
115000182,1238,288,950
115000183,539,437,102
115000186,711,206,505
115000187,234,544,-310
115000188,502,507,-5
115000189,204,355,-151
115000190,745,400,345
115000191,138,505,-367
115000194,119,168,-49
115000195,188,362,-174
115000196,370,121,249
115000197,324,195,129
115000198,592,166,426
115000199,557,123,434
115000200,572,111,461
115000201,223,252,-29
115000206,575,53,522
115000207,347,278,69
115000208,389,578,-189
115000209,933,396,537
115000210,193,151,42
115000211,254,251,3
115000212,960,450,510
115000224,368,85,283
115000225,87,109,-22
115000229,134,134,0
115000230,94,646,-552
115000231,329,798,-469
115000232,2344,266,2078
115000233,220,145,75
115000234,41,259,-218
115000241,118,135,-17
115000242,193,173,20
115000243,94,120,-26
115000244,18,100,-82
115000246,53,28,25
115000247,38,30,8
115000248,36,15,21
115000249,21,13,8
115000250,256,28,228
115000251,319,57,262
115000252,125,209,-84
115000253,21,431,-410
115000258,352,58,294
115000259,294,101,193
115000261,32,19,13
115000262,18,29,-11
115000263,19,38,-19
115000264,20,21,-1
115000267,91,103,-12
115000268,40,110,-70
115000269,121,71,50
115000270,4,22,-18
115000272,50,95,-45
115000273,607,43,564
115000280,1675,236,1439
115000281,297,805,-508
115000282,798,1393,-595
115000284,129,205,-76
115000296,1214,15,1199
115000297,98,172,-74
115000298,50,448,-398
115000300,276,112,164
115000302,739,74,665
115000303,1071,81,990
115000304,1147,83,1064
115000305,125,327,-202
115000306,287,162,125
115000307,125,169,-44
115000308,18,21,-3
115000309,25,104,-79
115000310,1537,429,1108
115000311,1613,1164,449
115000313,129,285,-156
115000314,727,162,565
115000315,642,857,-215
115000316,57,157,-100
115000317,194,392,-198
115000318,857,376,481
115000319,46,211,-165
115000320,19,261,-242
115000321,275,16,259
115000322,45,163,-118
115000449,191,140,51
115000557,5,2006,-2001
115000558,357,111,246
115000587,727,280,447
115000588,2008,2250,-242
115000589,3980,2230,1750
115000590,1076,1772,-696
115000591,1973,939,1034
115000592,465,1640,-1175
115000593,1483,858,625
115000594,412,2457,-2045
115000609,239,125,114
115000617,652,3076,-2424
115000624,444,72,372
115000633,440,1549,-1109
115000634,3271,788,2483
115000635,706,126,580
115000638,345,357,-12
115000641,41,185,-144
115000642,323,297,26
115000643,131,343,-212
115000644,161,290,-129
115000646,854,1698,-844
115000647,219,484,-265
115000648,2834,1243,1591
115000893,1852,1194,658
115000894,174,742,-568
115000895,244,766,-522
115000896,1118,507,611
115000897,477,129,348
115000898,393,313,80
115000899,263,1431,-1168
115000900,56,266,-210
115000901,56,147,-91
115000912,500,120,380
115000913,8,12,-4
115000915,7,0,7
115000916,2,0,2
115000917,0,2,-2
115000918,79,589,-510
115000919,3,34,-31
115000920,8,61,-53
115000921,225,87,138
115000922,405,845,-440
115000923,122,1195,-1073
115000925,136,123,13
115000927,68,93,-25
115000933,78,299,-221
115000934,173,135,38
115000935,201,61,140
115000936,63,1049,-986
115000937,503,170,333
115000938,56,229,-173
115000939,33,125,-92
115900001,218,15,203
115900002,94,84,10
115900003,221,38,183
115900004,1,18,-17
115900005,355,17,338
115900006,163,152,11
115900008,101,26,75
115900009,64,144,-80
115900010,558,62,496
115900011,464,227,237
115900012,306,36,270
115900013,330,167,163
115900014,133,146,-13
115900015,171,31,140
115900016,148,40,108
115900017,9,24,-15
115900018,156,50,106
115900019,162,7,155
115900020,199,2,197
115900021,857,223,634
115900022,701,7,694
115900023,10,10,0
115900025,48,238,-190
115900026,745,123,622
115900027,1,149,-148
115900028,381,72,309
115900029,21,268,-247
115900030,58,38,20
115900031,131,379,-248
115900032,511,592,-81
115900033,2,182,-180
115900034,34,159,-125
115900035,39,51,-12
115900036,39,1541,-1502
115900037,40,172,-132
115900038,86,39,47
115900039,202,141,61
115900041,209,830,-621
115900042,77,12,65
115900043,160,56,104
115900044,211,309,-98
115900046,486,170,316
115900047,155,220,-65
115900049,281,178,103
115900051,3,16,-13
115900052,11,131,-120
115900053,379,121,258
115900054,427,17,410
115900055,19,78,-59
115900056,265,148,117
115900057,307,20,287
115900058,41,57,-16
115900060,92,148,-56
115900061,327,2,325
115900062,75,127,-52
115900063,80,4,76
115900064,155,225,-70
115900065,183,69,114
115900066,97,60,37
115900067,15,234,-219
115900068,1483,1386,97
115900069,112,200,-88
115900070,238,30,208
115900071,0,157,-157
115900072,18,112,-94
115900073,142,179,-37
115900074,7,146,-139
115900075,53,156,-103
115900076,5,38,-33
115900077,3,88,-85
115900078,70,88,-18
115900079,452,16,436
115900080,199,131,68
115900081,38,34,4
115900082,111,164,-53
115900084,629,24,605
115900085,42,48,-6
115900086,929,523,406
115900088,12,77,-65
115900089,513,361,152
115900090,718,12,706
115900091,4,25,-21
115900092,52,79,-27
115900093,12,24,-12
115900094,3,104,-101
115900096,12,10,2
115900097,8,136,-128
115900098,322,187,135
115900099,115,59,56
115900100,23,226,-203
115900101,223,134,89
115900102,132,68,64
115900103,391,101,290
115900104,154,61,93
115900105,423,244,179
115900106,140,9,131
115900107,121,52,69
115900108,233,38,195
115900109,49,183,-134
115900110,4,6,-2
115900111,3,72,-69
115900112,58,503,-445
115900113,56,17,39
115900114,2,100,-98
115900115,143,146,-3
115900116,94,505,-411
115900117,100,20,80
115900118,13,136,-123
115900119,159,120,39
115900120,43,163,-120
115900121,314,118,196
115900124,384,979,-595
115900125,546,62,484
115900126,1167,101,1066
115900127,967,71,896
115900128,4,199,-195
115900129,874,47,827
115900130,22,253,-231
115900131,507,25,482
115900132,1016,6,1010
115900134,444,15,429
115900135,311,1136,-825
115900137,31,18,13
115900139,18,63,-45
115900140,467,41,426
115900141,4,29,-25
115900142,2,25,-23
115900143,303,538,-235
115900144,146,214,-68
115900146,14,46,-32
115900147,206,300,-94
115900148,104,6,98
115900149,169,14,155
115900150,123,15,108
115900151,33,82,-49
115900152,167,253,-86
115900153,134,179,-45
115900154,355,371,-16
115900155,0,12,-12
115900156,715,1109,-394
115900157,305,606,-301
115900158,23,7,16
115900159,254,154,100
115900160,1,24,-23
115900161,126,191,-65
115900163,267,160,107
115900164,791,17,774
115900165,7,118,-111
115900166,162,96,66
115900168,172,88,84
115900171,101,344,-243
115900172,58,100,-42
115900173,332,90,242
115900174,143,219,-76
115900175,195,179,16
115900178,4,228,-224
115900179,332,8,324
115900180,68,61,7
115900181,276,90,186
115900182,617,96,521
115900183,27,78,-51
115900184,503,13,490
115900187,5,141,-136
115900189,1,196,-195
115900190,286,1094,-808
115900191,23,177,-154
115900192,14,135,-121
115900193,246,142,104
115900194,946,58,888
115900195,389,3036,-2647
115900198,241,340,-99
115900199,348,147,201
115900200,263,213,50
115900201,336,327,9
115900202,0,72,-72
115900203,4,19,-15
115900204,1,13,-12
115900205,53,30,23
115900206,268,115,153
115900207,66,2,64
115900208,158,78,80
115900209,9,91,-82
115900210,7,130,-123
115900211,1,92,-91
115900212,265,144,121
115900213,162,125,37
115900214,762,100,662
115900215,36,279,-243
115900216,1,74,-73
115900217,13,32,-19
115900218,0,18,-18
115900219,200,3,197
115900220,351,4,347
115900221,184,16,168
115900222,139,79,60
115900223,11,605,-594
115900224,556,1762,-1206
115900225,42,68,-26
115900226,34,55,-21
115900227,31,32,-1
115900228,8,30,-22
115900229,2,28,-26
115900230,28,112,-84
115900231,138,8,130
115900232,88,6,82
115900233,103,14,89
115900234,72,26,46
115900235,52,55,-3
115900236,56,50,6
115900237,30,8,22
115900238,66,23,43
115900239,22,37,-15
115900240,10,31,-21
115900241,313,75,238
115900242,242,417,-175
115900243,7,9,-2
115900244,14,10,4
115900245,92,6,86
115900246,40,18,22
115900247,14,12,2
115900248,6,2,4
115900249,12,9,3
115900250,22,11,11
115900251,3,25,-22
115900252,5,3,2
115900253,12,32,-20
115900254,10,35,-25
115900255,1,24,-23
115900256,9,26,-17
115900257,3,5,-2
115900258,0,4,-4
115900259,9,1,8
115900260,9,1,8
115900261,6,1,5
115900262,4,1,3
115900263,22,4,18
115900264,13,4,9
115900265,3,6,-3
115900266,1,17,-16
115900267,3,18,-15
115900268,5,6,-1
115900269,790,217,573
115900270,513,159,354
115900271,209,0,209
115900272,73,10,63
115900273,21,30,-9
115900274,1,2,-1
115900275,0,5,-5
115900276,0,14,-14
115900277,0,23,-23
115900278,58,79,-21
115900279,13,225,-212
115900280,30,658,-628
115900281,160,400,-240
115900282,8,29,-21
115900283,13,17,-4
115900284,27,11,16
116000001,6597,2736,3861
116000002,4655,15631,-10976
116000003,1185,1207,-22
116000004,3491,5806,-2315
116000005,1451,3266,-1815
116000006,2714,3521,-807
116000007,2352,4136,-1784
116000008,5258,3803,1455
116000009,1247,1414,-167
116000010,3028,2266,762
116000011,683,1262,-579
116000012,2234,1383,851
116000013,4644,3500,1144
116000014,7720,18157,-10437
116000015,111,1718,-1607
116000016,4660,4974,-314
116000017,35,1015,-980
116000018,535,430,105
116000019,1054,449,605
116000020,777,1263,-486
116000021,785,382,403
116000022,398,344,54
116000023,1491,1059,432
116000024,594,797,-203
116000025,1088,991,97
116000026,1523,2974,-1451
116000027,764,843,-79
116000028,503,1272,-769
116000029,440,686,-246
116000030,687,637,50
116000031,137,263,-126
116000032,404,179,225
116000033,560,430,130
116000034,925,806,119
116000035,484,603,-119
116000036,739,1869,-1130
116000037,305,462,-157
116000038,230,575,-345
116000039,286,872,-586
116000040,494,638,-144
116000041,101,706,-605
116000042,810,452,358
116000043,125,523,-398
116000044,13,38,-25
116000045,2045,1613,432
116000046,1138,1547,-409
116000047,1779,2506,-727
116000048,2362,1680,682
116000049,1759,3606,-1847
116000050,1702,1455,247
116000051,5889,3485,2404
116000052,5456,4972,484
116000053,2538,765,1773
116000054,1150,2615,-1465
116000055,1096,945,151
116000056,1447,1356,91
116000057,2704,1240,1464
116000058,3442,3140,302
116000059,2605,4543,-1938
116000060,1780,954,826
116000061,576,1210,-634
116000062,496,231,265
116000063,619,1651,-1032
116000066,283,823,-540
116000067,202,399,-197
116000068,151,278,-127
116000069,249,250,-1
116000078,458,1240,-782
116000080,1879,730,1149
116000082,4,31,-27
116000083,2210,597,1613
116000084,1641,2191,-550
116000085,2350,2393,-43
116000086,909,601,308
116000087,3219,2256,963
116000088,858,984,-126
116000089,245,95,150
116000090,133,147,-14
116000091,297,391,-94
116000093,865,974,-109
116000094,847,487,360
116000095,1153,804,349
116000096,1166,1740,-574
116000097,1320,629,691
116000098,70,8009,-7939
116000099,5263,311,4952
116000100,336,16,320
116000101,1220,422,798
116000102,274,767,-493
116000103,611,369,242
116000104,269,905,-636
116000105,1400,192,1208
116000106,770,896,-126
116000107,3603,299,3304
116000108,80,221,-141
116000111,237,34,203
116000113,237,188,49
116000114,54,87,-33
116000115,579,197,382
116000116,222,252,-30
116000117,1884,1741,143
116000118,1968,980,988
116000119,4599,1860,2739
116000120,3156,2710,446
116000121,1265,688,577
116000122,1060,931,129
116000123,1738,580,1158
116000124,411,555,-144
116000125,3893,871,3022
116000126,383,804,-421
116000127,932,746,186
116000128,2589,1101,1488
116000129,1812,268,1544
116000130,864,737,127
116000133,1713,787,926
116000134,1563,1190,373
116000135,3520,1569,1951
116000136,872,1339,-467
116000137,1451,853,598
116000138,1118,696,422
116000139,1649,2767,-1118
116000140,173,202,-29
116000141,369,348,21
116000142,2828,2024,804
116000143,2130,1815,315
116000144,1750,1498,252
116000145,2245,1047,1198
116000146,920,73,847
116000147,273,151,122
116000148,816,787,29
116000149,877,945,-68
116000151,560,361,199
116000153,114,299,-185
116000155,156,292,-136
116000156,638,1038,-400
116000157,93,16,77
116000158,395,320,75
116000159,20,11,9
116000160,16,31,-15
116000161,3,55,-52
116000162,67,222,-155
116000163,58,17,41
116000164,9,35,-26
116000177,96,147,-51
116000194,115,405,-290
116000195,1414,549,865
116000196,25,5,20
116000197,17,6,11
116000198,2336,1241,1095
116000200,661,865,-204
116000201,675,600,75
116000202,15,212,-197
116000203,2,58,-56
116000204,12,42,-30
116000205,0,146,-146
116000206,0,141,-141
116000207,7,59,-52
116000233,216,366,-150
116000287,266,244,22
116000288,510,204,306
116000292,64,85,-21
116000296,10,166,-156
116000297,143,9,134
116000304,219,27,192
116000305,56,28,28
116000346,211,77,134
116000352,183,52,131
116000354,33,22,11
116000357,19,28,-9
116000358,548,82,466
116000361,43,1,42
116000372,2949,6348,-3399
116000381,134,2,132
116000388,5,44,-39
116000389,952,572,380
116000445,803,323,480
116000446,829,266,563
116000447,20,596,-576
116000448,650,118,532
116000563,817,1005,-188
116000565,43,219,-176
116000568,85,448,-363
116000579,17,90,-73
116000584,34,7,27
116000585,50,25,25
116000586,47,70,-23
116000587,405,494,-89
116000589,56,40,16
116000590,85,63,22
116000591,373,146,227
116000592,7,73,-66
116000593,0,8,-8
116000594,1003,278,725
116000595,865,87,778
116000596,189,7,182
116000597,677,219,458
116000598,29,124,-95
116000602,39,512,-473
116000605,192,128,64
116000606,122,362,-240
116000607,1,84,-83
116000609,127,1148,-1021
116000611,211,274,-63
116000612,1240,2224,-984
116000613,914,319,595
116000614,424,322,102
116000615,2,384,-382
116000616,107,58,49
116000617,136,14,122
116000618,5,30,-25
116000619,68,94,-26
116000620,202,104,98
116000621,104,89,15
116000622,91,122,-31
116000624,360,114,246
116000627,163,14,149
116000628,106,179,-73
116000629,51,242,-191
116000630,734,35,699
116000631,303,63,240
116000632,903,96,807
116000633,69,147,-78
116000634,756,32,724
116000635,2027,2747,-720
116000636,392,1254,-862
116000637,655,10,645
116000638,21,207,-186
116900001,234,224,10
116900002,359,2,357
116900003,92,22,70
116900004,68,111,-43
116900005,340,47,293
116900006,55,294,-239
116900007,131,217,-86
116900008,708,122,586
116900009,21,14,7
116900010,2,735,-733
116900011,15,22,-7
116900012,266,274,-8
116900013,7,65,-58
116900014,223,62,161
116900015,730,47,683
116900016,293,5,288
116900017,6,403,-397
116900018,128,51,77
116900019,5,185,-180
116900020,575,2031,-1456
116900023,103,17,86
116900024,885,43,842
116900025,1567,529,1038
116900026,85,464,-379
116900027,53,53,0
116900028,2,67,-65
116900029,1,136,-135
116900031,4,2,2
116900032,3,224,-221
116900033,40,14,26
116900034,3,57,-54
116900035,191,125,66
116900036,4,81,-77
116900038,61,5,56
116900041,102,12,90
116900042,340,156,184
116900043,28,68,-40
116900047,39,213,-174
116900049,23,238,-215
116900050,77,323,-246
116900051,278,73,205
116900052,209,89,120
116900055,0,13,-13
116900057,16,126,-110
116900058,17,283,-266
116900059,1,46,-45
116900060,155,126,29
116900062,0,31,-31
116900064,107,248,-141
116900065,28,76,-48
116900067,144,57,87
116900068,143,182,-39
116900070,5,7,-2
116900072,48,189,-141
116900073,22,60,-38
116900074,7,46,-39
116900076,29,54,-25
116900077,10,57,-47
116900078,152,78,74
116900079,53,116,-63
116900080,13,36,-23
116900081,366,845,-479
116900082,331,910,-579
116900083,9,24,-15
116900084,70,64,6
116900085,21,109,-88
116900086,47,152,-105
116900088,448,101,347
116900090,53,23,30
116900091,468,33,435
116900092,101,548,-447
116900093,2444,1631,813
116900094,2871,5219,-2348
116900095,217,152,65
116900096,83,565,-482
116900097,1711,4076,-2365
116900098,689,437,252
116900099,429,1134,-705
116900100,1344,72,1272
116900101,183,463,-280
116900103,6,1,5
116900104,61,116,-55
116900105,327,260,67
116900106,3283,137,3146
116900107,1808,3188,-1380
116900110,58,3,55
116900111,871,361,510
116900112,396,514,-118
116900113,1043,2260,-1217
116900116,60,640,-580
116900117,259,130,129
116900118,895,989,-94
116900120,648,69,579
116900121,283,20,263
116900122,1400,374,1026
116900123,386,324,62
116900124,186,762,-576
116900125,702,99,603
116900126,77,597,-520
116900128,12,46,-34
116900129,2,242,-240
116900130,508,4836,-4328
116900131,85,298,-213
116900132,76,152,-76
116900133,178,92,86
116900134,365,165,200
116900136,197,202,-5
116900137,286,131,155
116900138,237,149,88
116900139,140,334,-194
116900140,190,115,75
116900141,609,363,246
116900142,4,131,-127
116900143,399,220,179
116900144,41,96,-55
116900145,60,176,-116
116900147,306,1362,-1056
116900148,5,57,-52
116900149,72,291,-219
116900150,16,14,2
116900151,79,30,49
116900153,196,112,84
116900154,202,606,-404
116900155,78,121,-43
116900157,889,181,708
116900158,107,316,-209
116900159,61,353,-292
116900160,1011,1351,-340
116900161,4817,9180,-4363
116900162,17,76,-59
116900163,296,77,219
116900164,102,72,30
116900165,551,598,-47
116900166,83,39,44
116900167,577,36,541
116900168,497,60,437
116900169,276,984,-708
116900170,630,646,-16
116900171,39,162,-123
116900172,179,547,-368
116900173,314,28,286
116900174,65,72,-7
116900175,245,340,-95
116900178,46,88,-42
116900179,81,545,-464
116900180,91,30,61
116900182,706,300,406
116900183,257,110,147
116900185,61,79,-18
116900186,76,140,-64
116900187,61,97,-36
116900188,195,24,171
116900189,73,0,73
116900191,354,630,-276
116900192,377,115,262
116900194,182,2034,-1852
116900195,61,29,32
116900196,14,41,-27
116900197,166,31,135
116900198,105,340,-235
116900200,130,11,119
116900201,235,12,223
116900202,82,30,52
116900203,184,7,177
116900204,66,150,-84
116900206,43,5,38
116900207,28,24,4
116900208,5,80,-75
116900209,15,49,-34
116900210,633,366,267
116900211,306,5,301
116900212,119,35,84
116900213,271,108,163
116900214,325,208,117
116900215,98,81,17
116900216,332,154,178
116900218,3,205,-202
116900219,867,292,575
116900220,169,351,-182
116900221,166,303,-137
116900222,501,370,131
116900223,131,303,-172
116900226,97,26,71
116900227,279,52,227
116900228,428,138,290
116900230,52,121,-69
116900231,63,231,-168
116900232,26,232,-206
116900233,446,130,316
116900234,28,27,1
116900235,188,189,-1
116900238,1142,237,905
116900239,12,1516,-1504
116900240,3784,3600,184
116900241,154,93,61
116900242,309,895,-586
116900243,5,14,-9
116900245,87,55,32
116900246,173,16,157
116900247,1178,41,1137
116900248,121,48,73
116900249,703,124,579
116900250,525,54,471
116900251,374,807,-433
116900252,205,546,-341
116900253,193,54,139
116900254,47,69,-22
116900255,108,142,-34
116900256,621,147,474
116900257,47,228,-181
116900258,7,131,-124
116900259,458,12,446
116900260,4,64,-60
116900261,107,4,103
116900262,216,170,46
116900263,2,33,-31
116900264,1,8,-7
116900265,83,0,83
116900266,39,21,18
116900267,12,2,10
116900268,222,193,29
116900269,374,784,-410
116900271,642,413,229
116900272,294,247,47
116900273,54,224,-170
116900274,162,36,126
116900275,267,76,191
116900276,558,303,255
116900277,307,45,262
116900278,0,6,-6
116900279,0,24,-24
116900280,50,21,29
116900281,3771,6563,-2792
116900282,1,50,-49
116900283,9,46,-37
116900284,16,146,-130
116900285,167,262,-95
116900286,128,22,106
116900287,8,13,-5
116900288,123,72,51
116900289,21,7,14
116900290,9,8,1
116900291,47,8,39
116900292,0,25,-25
116900293,128,21,107
116900294,22,134,-112
116900295,130,182,-52
116900296,38,133,-95
116900297,7,104,-97
116900298,77,176,-99
116900299,14,186,-172
116900300,1,243,-242
116900301,29,476,-447
116900302,22,126,-104
116900303,74,99,-25
116900304,0,191,-191
116900305,10,29,-19
116900306,283,36,247
117000001,3203,2429,774
117000002,1883,3391,-1508
117000003,6923,3917,3006
117000004,2420,4206,-1786
117000005,3084,2278,806
117000006,1105,2238,-1133
117000007,6130,1447,4683
117000008,979,2333,-1354
117000009,5337,2022,3315
117000010,1694,2606,-912
117000011,3465,1658,1807
117000012,1588,1030,558
117000013,2482,924,1558
117000014,1381,2183,-802
117000015,2975,1510,1465
117000016,198,259,-61
117000017,88,214,-126
117000018,95,931,-836
117000019,35,0,35
117000020,386,2197,-1811
117000021,937,383,554
117000022,188,284,-96
117000023,60,292,-232
117000024,156,418,-262
117000025,276,1594,-1318
117000026,1366,2026,-660
117000027,1028,3949,-2921
117000028,810,2397,-1587
117000030,294,437,-143
117000031,406,316,90
117000032,1234,1278,-44
117000033,1471,791,680
117000034,331,223,108
117000035,572,420,152
117000036,469,346,123
117000037,420,184,236
117000038,178,471,-293
117000039,458,260,198
117000040,261,520,-259
117000041,1441,153,1288
117000044,8,506,-498
117000045,635,157,478
117000046,369,861,-492
117000047,1018,842,176
117000048,1541,686,855
117000049,80,491,-411
117000050,206,1070,-864
117000051,3353,76,3277
117000052,62,199,-137
117000053,756,35,721
117000054,2094,14,2080
117000055,7,1606,-1599
117000056,768,44,724
117000057,492,1915,-1423
117000060,497,1174,-677
117000061,2978,1374,1604
117000062,244,668,-424
117000063,2410,1257,1153
117000064,350,517,-167
117000066,465,640,-175
117000067,87,671,-584
117000074,97,206,-109
117000076,91,70,21
117000077,152,164,-12
117000078,143,645,-502
117000079,629,259,370
117000080,0,359,-359
117000081,1091,165,926
117000082,14,56,-42
117000083,153,15,138
117000084,185,7,178
117000085,477,934,-457
117000086,904,309,595
117000087,83,469,-386
117000088,399,136,263
117000089,2322,220,2102
117000090,347,770,-423
117000091,1187,318,869
117000092,486,931,-445
117000093,2027,776,1251
117000094,1198,1555,-357
117000095,4386,848,3538
117000096,818,1504,-686
117000097,2236,1089,1147
117000098,1826,2666,-840
117000099,5625,1307,4318
117000100,269,439,-170
117000101,130,682,-552
117000102,2917,801,2116
117000103,612,1102,-490
117000104,2488,769,1719
117000105,604,1078,-474
117000106,2178,630,1548
117000107,605,1281,-676
117000108,3104,1053,2051
117000109,1034,1726,-692
117000110,2205,1739,466
117000111,3844,4035,-191
117000112,4491,1683,2808
117000113,234,142,92
117000114,372,210,162
117000115,96,79,17
117000116,178,188,-10
117000117,1352,1229,123
117000118,294,198,96
117000119,153,400,-247
117000120,94,957,-863
117000121,19,1057,-1038
117000122,408,946,-538
117000123,1722,33,1689
117000124,97,139,-42
117000125,104,544,-440
117000126,46,22,24
117000127,138,381,-243
117000128,156,987,-831
117000129,259,1003,-744
117000130,122,8,114
117000131,0,66,-66
117000132,3983,21,3962
117000133,2944,38,2906
117000134,1,116,-115
117000135,2,111,-109
117000136,3,37,-34
117000137,220,258,-38
117000138,1,645,-644
117000140,458,1112,-654
117000141,2515,561,1954
117000181,290,159,131
117000182,1157,1160,-3
117000195,174,656,-482
117000196,425,237,188
117000225,67,166,-99
117000226,4,177,-173
117000276,497,46,451
117000277,0,163,-163
117000310,1357,2258,-901
117000315,158,601,-443
117000320,72,1,71
117000906,645,17,628
117000907,11,146,-135
117000908,3,117,-114
117000909,45,57,-12
117000910,293,179,114
117000911,66,144,-78
117000915,5,258,-253
117000916,56,11,45
117000917,1655,56,1599
117000918,62,60,2
117000919,20,34,-14
117000920,1,758,-757
117000921,0,587,-587
117000922,18,44,-26
117000924,602,761,-159
117000926,467,183,284
117000927,329,912,-583
117000928,0,76,-76
117000929,325,191,134
117000930,392,7,385
117000931,55,131,-76
117900002,75,494,-419
117900003,315,406,-91
117900005,16,118,-102
117900006,1,136,-135
117900007,159,64,95
117900008,0,24,-24
117900010,404,92,312
117900011,33,370,-337
117900012,58,77,-19
117900013,2,167,-165
117900014,572,163,409
117900015,24,123,-99
117900016,933,1149,-216
117900017,716,301,415
117900018,221,373,-152
117900019,750,167,583
117900020,80,455,-375
117900021,41,52,-11
117900022,45,15,30
117900023,1351,70,1281
117900024,76,58,18
117900025,47,8,39
117900026,569,110,459
117900028,33,11,22
117900029,317,326,-9
117900030,555,342,213
117900031,117,287,-170
117900032,1242,759,483
117900033,360,337,23
117900034,46,23,23
117900035,277,135,142
117900036,297,268,29
117900037,246,134,112
117900038,39,123,-84
117900039,1,21,-20
117900040,149,224,-75
117900041,1,38,-37
117900042,2824,341,2483
117900043,8,33,-25
117900044,32,3819,-3787
117900045,241,178,63
117900048,562,180,382
117900049,302,312,-10
117900050,9,281,-272
117900051,17,4,13
117900052,95,505,-410
117900053,2272,293,1979
117900054,2,26,-24
117900055,844,148,696
117900056,34,65,-31
117900057,755,982,-227
117900058,30,54,-24
117900059,157,117,40
117900060,3531,2692,839
117900061,25,324,-299
117900063,441,183,258
117900065,575,853,-278
117900066,20,123,-103
117900067,811,150,661
117900069,926,183,743
117900070,72,145,-73
117900071,125,102,23
117900073,822,175,647
117900074,71,311,-240
117900075,88,43,45
117900076,37,52,-15
117900077,564,214,350
117900078,486,883,-397
117900080,162,41,121
117900081,312,373,-61
117900082,693,413,280
117900083,553,237,316
117900086,129,35,94
117900087,165,44,121
117900088,1857,1448,409
117900089,2921,852,2069
117900090,663,279,384
117900091,87,71,16
117900092,131,14,117
117900093,167,47,120
117900094,57,37,20
117900095,492,340,152
117900096,100,192,-92
117900097,381,125,256
117900098,55,24,31
117900099,227,227,0
117900100,479,9,470
117900101,587,2516,-1929
117900102,118,60,58
117900103,71,8,63
117900104,16,391,-375
117900105,108,167,-59
117900106,169,67,102
117900107,76,2,74
117900109,1102,392,710
117900110,188,5,183
117900111,575,57,518
117900112,76,19,57
117900113,1310,2130,-820
117900114,28,3,25
117900115,50,144,-94
117900116,818,734,84
117900117,851,210,641
117900118,184,2,182
117900119,349,42,307
117900120,418,28,390
117900121,234,179,55
117900122,998,5949,-4951
117900123,756,315,441
117900124,579,459,120
117900125,1674,1830,-156
117900126,169,418,-249
117900127,589,179,410
117900128,459,303,156
117900129,134,5,129
117900130,1379,542,837
117900131,1,69,-68
117900132,46,82,-36
117900133,27,54,-27
117900134,74,246,-172
117900135,27,107,-80
117900136,0,25,-25
117900137,27,137,-110
117900138,0,17,-17
117900139,126,79,47
117900140,3086,371,2715
117900141,188,142,46
117900142,48,147,-99
117900144,31,721,-690
117900145,15,99,-84
117900146,154,233,-79
117900147,127,70,57
117900148,2472,2159,313
117900149,140,133,7
117900150,41,51,-10
117900151,38,51,-13
117900152,63,104,-41
117900153,5,116,-111
117900154,587,512,75
117900156,612,571,41
117900157,64,507,-443
117900158,447,242,205
117900160,997,976,21
117900161,1419,1395,24
117900162,739,439,300
117900163,25,356,-331
117900165,0,9,-9
117900166,78,545,-467
117900168,122,186,-64
117900169,2,99,-97
117900170,0,24,-24
117900171,1,29,-28
117900172,34,7,27
117900173,95,111,-16
117900174,29,46,-17
117900175,13,10,3
117900176,11,18,-7
117900177,20,19,1
117900178,94,62,32
117900180,281,20,261
117900181,49,565,-516
117900182,1,61,-60
117900183,122,180,-58
117900184,36,111,-75
117900185,79,52,27
117900186,70,15,55
117900187,39,7,32
117900188,240,55,185
117900189,105,43,62
117900190,21,4,17
117900191,131,1,130
117900192,298,1,297
117900193,21,66,-45
117900194,18,5,13
117900195,45,124,-79
117900196,34,35,-1
117900207,120,204,-84
117900208,32,8,24
117900209,192,106,86
117900210,120,214,-94
117900211,10,147,-137
117900212,158,145,13
117900213,47,7,40
117900214,22,30,-8
117900215,43,49,-6
117900216,23,31,-8
117900217,31,313,-282
117900218,74,100,-26
117900219,4,160,-156
117900220,62,262,-200
117900222,224,172,52
117900223,121,304,-183
118000001,742,1338,-596
118000002,538,1566,-1028
118000003,1964,3970,-2006
118000004,1693,2454,-761
118000005,2748,5669,-2921
118000006,2445,7715,-5270
118000007,4189,5263,-1074
118000008,1704,3396,-1692
118000009,1485,2929,-1444
118000010,5921,4396,1525
118000011,1981,2017,-36
118000012,1005,1634,-629
118000013,2276,1857,419
118000014,1743,1378,365
118000016,249,266,-17
118000017,702,413,289
118000018,403,357,46
118000019,1525,1885,-360
118000020,685,3526,-2841
118000021,532,3530,-2998
118000022,1173,1014,159
118000023,553,257,296
118000024,726,1808,-1082
118000027,8018,12541,-4523
118000029,512,877,-365
118000032,316,3677,-3361
118000033,2532,6912,-4380
118000034,3400,3045,355
118000035,2249,3252,-1003
118000036,775,1237,-462
118000037,697,1040,-343
118000038,280,108,172
118000039,78,140,-62
118000040,1663,1216,447
118000041,2856,1369,1487
118000045,259,365,-106
118000046,960,1118,-158
118000047,569,1505,-936
118000048,1349,2239,-890
118000051,2183,4952,-2769
118000052,1350,2588,-1238
118000053,247,692,-445
118000054,2234,906,1328
118000055,2062,1544,518
118000056,302,606,-304
118000057,186,334,-148
118000058,2207,3912,-1705
118000059,1739,2659,-920
118000060,1459,495,964
118000061,1684,1082,602
118000062,606,394,212
118000063,451,1041,-590
118000064,733,1406,-673
118000065,1921,1472,449
118000066,1240,2724,-1484
118000067,381,620,-239
118000068,968,6143,-5175
118000069,1610,967,643
118000070,3884,1723,2161
118000071,2763,7376,-4613
118000072,789,1576,-787
118000073,690,901,-211
118000074,620,304,316
118000075,700,198,502
118000076,1311,3847,-2536
118000077,1024,1176,-152
118000078,1867,2833,-966
118000079,238,551,-313
118000080,580,812,-232
118000081,1748,1730,18
118000082,279,1189,-910
118000083,1230,1933,-703
118000084,2491,2301,190
118000086,221,676,-455
118000087,3157,2301,856
118000088,1364,1610,-246
118000089,3750,2691,1059
118000090,1000,3022,-2022
118000091,855,3563,-2708
118000092,823,504,319
118000093,104,682,-578
118000096,474,629,-155
118000097,757,733,24
118000098,259,164,95
118000099,1045,604,441
118000101,1703,392,1311
118000102,553,805,-252
118000107,1241,471,770
118000108,620,3609,-2989
118000110,2,75,-73
118000111,3,185,-182
118000112,828,4,824
118000113,1,241,-240
118000114,610,7,603
118000115,6,20,-14
118000116,15,0,15
118000117,594,662,-68
118000118,982,1337,-355
118000119,1014,1421,-407
118000120,1334,908,426
118000121,47,691,-644
118000122,770,358,412
118000123,92,263,-171
118000125,1062,823,239
118000126,567,1958,-1391
118000127,1369,797,572
118000128,378,1214,-836
118000129,1121,581,540
118000130,1541,2218,-677
118000131,273,433,-160
118000132,3393,2520,873
118000133,1434,491,943
118000135,624,767,-143
118000136,187,401,-214
118000137,559,136,423
118000138,536,332,204
118000139,562,86,476
118000140,3004,6952,-3948
118000141,2850,1734,1116
118000142,2387,1592,795
118000143,3315,1510,1805
118000144,1244,505,739
118000145,1934,1114,820
118000146,1698,502,1196
118000147,1236,1071,165
118000148,640,1126,-486
118000149,1292,1033,259
118000150,684,267,417
118000151,871,342,529
118000153,1922,1029,893
118000154,1541,1565,-24
118000155,2269,1199,1070
118000156,2353,2895,-542
118000157,751,341,410
118000158,261,504,-243
118000159,24,121,-97
118000160,848,449,399
118000161,865,486,379
118000162,1723,997,726
118000163,1210,822,388
118000164,2016,1533,483
118000168,709,1143,-434
118000169,883,994,-111
118000170,2881,2810,71
118000171,416,371,45
118000172,82,199,-117
118000173,1131,1526,-395
118000175,309,514,-205
118000176,420,694,-274
118000177,319,767,-448
118000178,44,59,-15
118000179,912,1708,-796
118000180,856,835,21
118000181,712,277,435
118000182,316,320,-4
118000183,282,368,-86
118000184,1295,627,668
118000185,970,1724,-754
118000186,893,1528,-635
118000187,2132,441,1691
118000188,784,104,680
118000189,869,412,457
118000190,3,4,-1
118000191,16,14,2
118000192,13,72,-59
118000193,20,187,-167
118000194,1158,730,428
118000195,244,1723,-1479
118000196,156,260,-104
118000197,50,165,-115
118000198,345,1002,-657
118000199,283,488,-205
118000200,110,288,-178
118000201,306,570,-264
118000202,60,82,-22
118000203,316,836,-520
118000204,70,446,-376
118000205,124,281,-157
118000206,261,226,35
118000207,0,45,-45
118000208,1405,1437,-32
118000209,2383,1055,1328
118000210,210,39,171
118000211,41,23,18
118000213,816,4134,-3318
118000214,337,652,-315
118000215,329,101,228
118000216,3691,1426,2265
118000217,41,54,-13
118000218,127,66,61
118000219,394,207,187
118000220,9,42,-33
118000221,487,426,61
118000222,83,15,68
118000223,82,45,37
118000224,156,57,99
118000225,114,535,-421
118000226,1180,212,968
118000227,624,428,196
118000228,61,369,-308
118000229,56,136,-80
118000230,161,174,-13
118000231,66,211,-145
118000232,998,514,484
118000233,1397,702,695
118000234,582,194,388
118000236,352,270,82
118000237,104,234,-130
118000238,323,122,201
118000239,337,268,69
118000240,186,132,54
118000241,269,176,93
118000242,550,314,236
118000243,388,171,217
118000244,74,60,14
118000246,2,39,-37
118000255,52,294,-242
118000256,155,248,-93
118000259,14,70,-56
118000260,244,144,100
118000261,65,40,25
118000263,81,146,-65
118000266,151,203,-52
118000267,0,200,-200
118000268,257,5,252
118000270,96,26,70
118000271,163,152,11
118000272,192,37,155
118000273,317,60,257
118000274,123,230,-107
118000276,676,354,322
118000295,17,158,-141
118000298,189,186,3
118000299,77,85,-8
118000301,0,96,-96
118000302,139,51,88
118000311,941,67,874
118000312,457,165,292
118000313,90,81,9
118000314,144,27,117
118000315,84,37,47
118000316,892,448,444
118000325,59,20,39
118000326,74,46,28
118000331,51,19,32
118000332,11,20,-9
118000333,27,21,6
118000335,544,0,544
118000336,1,111,-110
118000407,386,54,332
118000457,6,50,-44
118000465,1046,4116,-3070
118000480,47,47,0
118000489,5,506,-501
118000490,11,137,-126
118000492,400,180,220
118000510,47,31,16
118000514,75,331,-256
118000515,754,1007,-253
118000517,360,170,190
118000524,186,358,-172
118000525,605,761,-156
118000530,55,96,-41
118000531,455,275,180
118000532,329,249,80
118000533,242,108,134
118000534,755,370,385
118000535,413,147,266
118000536,129,1492,-1363
118000537,19,188,-169
118000538,26,120,-94
118000539,9,148,-139
118000540,322,212,110
118000541,200,55,145
118000542,167,226,-59
118000543,258,269,-11
118000546,51,34,17
118000553,0,0,0
118000557,0,0,0
118000560,1276,3034,-1758
118000562,48,78,-30
118000563,1339,962,377
118000576,187,105,82
118000577,179,122,57
118000578,111,53,58
118000579,566,1463,-897
118000583,0,0,0
118000595,227,95,132
118000596,0,234,-234
118000597,131,101,30
118000598,10,1,9
118000599,106,38,68
118000600,1,7,-6
118000601,5,0,5
118000602,0,2,-2
118000603,1,9,-8
118900001,346,1198,-852
118900002,793,1040,-247
118900003,698,19,679
118900004,77,50,27
118900005,90,7,83
118900006,187,11,176
118900007,18,2,16
118900008,1138,66,1072
118900009,113,88,25
118900010,81,18,63
118900011,193,25,168
118900012,474,186,288
118900013,761,318,443
118900015,402,79,323
118900016,12,12,0
118900017,83,303,-220
118900018,1139,73,1066
118900019,23,16,7
118900020,124,238,-114
118900021,174,290,-116
118900022,179,67,112
118900023,134,73,61
118900024,124,183,-59
118900025,44,21,23
118900026,91,44,47
118900027,428,142,286
118900028,213,129,84
118900029,329,554,-225
118900030,594,46,548
118900031,229,53,176
118900032,298,109,189
118900033,368,641,-273
118900034,261,30,231
118900035,168,102,66
118900036,1553,683,870
118900037,282,466,-184
118900038,528,93,435
118900039,757,142,615
118900040,315,174,141
118900041,823,160,663
118900042,228,94,134
118900045,407,156,251
118900046,618,422,196
118900047,499,256,243
118900048,78,322,-244
118900049,81,49,32
118900050,66,19,47
118900051,68,106,-38
118900052,286,315,-29
118900053,38,86,-48
118900054,183,39,144
118900055,210,38,172
118900056,43,360,-317
118900057,1027,543,484
118900058,417,506,-89
118900059,10,71,-61
118900060,70,121,-51
118900062,396,148,248
118900064,197,726,-529
118900065,110,119,-9
118900066,138,82,56
118900067,2485,5247,-2762
118900068,8,218,-210
118900069,746,214,532
118900071,4,33,-29
118900072,562,345,217
118900073,209,151,58
118900074,177,77,100
118900075,58,30,28
118900076,231,183,48
118900077,372,295,77
118900078,9,5,4
118900079,50,87,-37
118900080,79,93,-14
118900081,64,53,11
118900082,1519,200,1319
118900083,48,7,41
118900084,6,6,0
118900085,832,468,364
118900086,27,161,-134
118900087,54,362,-308
118900088,3,5,-2
118900089,23,26,-3
118900090,753,247,506
118900091,215,299,-84
118900092,358,52,306
118900093,79,27,52
118900096,58,19,39
118900097,359,442,-83
118900099,142,269,-127
118900100,91,146,-55
118900101,226,361,-135
118900102,32,70,-38
118900103,56,193,-137
118900104,335,153,182
118900105,189,90,99
118900107,132,80,52
118900108,152,109,43
118900110,1156,1112,44
118900111,753,322,431
118900112,105,190,-85
118900113,106,237,-131
118900114,12,65,-53
118900115,124,571,-447
118900116,144,215,-71
118900117,137,167,-30
118900118,301,250,51
118900119,127,192,-65
118900120,114,362,-248
118900121,26,94,-68
118900122,11,1281,-1270
118900123,182,221,-39
118900124,134,117,17
118900126,29,399,-370
118900129,245,271,-26
118900130,66,212,-146
118900131,304,177,127
118900132,280,264,16
118900133,20,110,-90
118900135,252,201,51
118900136,273,413,-140
118900137,15,52,-37
118900139,306,144,162
118900140,527,496,31
118900141,71,65,6
118900144,181,247,-66
118900145,45,99,-54
118900146,517,740,-223
118900147,122,226,-104
118900148,113,62,51
118900150,143,524,-381
118900152,619,508,111
118900157,67,175,-108
118900158,169,40,129
118900159,6,111,-105
118900161,57,7,50
118900163,79,69,10
118900164,5,82,-77
118900165,95,89,6
118900166,37,2,35
118900167,104,65,39
118900168,22,234,-212
118900169,208,112,96
118900170,317,47,270
118900171,54,36,18
118900174,83,45,38
118900175,708,430,278
118900176,227,298,-71
118900177,139,30,109
118900178,70,168,-98
118900179,20,28,-8
118900181,151,88,63
118900182,109,97,12
118900183,36,119,-83
118900184,304,118,186
118900185,96,66,30
118900186,116,125,-9
118900187,273,278,-5
118900188,271,261,10
118900189,69,1058,-989
118900190,31,210,-179
118900191,272,58,214
118900192,378,8,370
118900193,837,8,829
118900195,209,475,-266
118900196,42,131,-89
118900197,272,32,240
118900198,38,10,28
118900199,183,40,143
118900200,29,51,-22
118900201,51,77,-26
118900202,8,25,-17
118900203,30,12,18
118900204,37,9,28
118900205,1,5,-4
118900206,7,5,2
119000001,1648,2980,-1332
119000002,4651,6223,-1572
119000003,3965,862,3103
119000004,2899,1585,1314
119000005,2267,2450,-183
119000006,3656,1798,1858
119000007,4343,3861,482
119000008,2161,1518,643
119000009,3496,6864,-3368
119000010,4860,4593,267
119000011,2646,2860,-214
119000012,1512,3473,-1961
119000013,3228,2105,1123
119000014,1473,2357,-884
119000019,265,178,87
119000020,2755,1629,1126
119000021,6394,3633,2761
119000022,1685,4283,-2598
119000023,318,355,-37
119000024,2004,15898,-13894
119000025,3669,988,2681
119000026,76,725,-649
119000027,210,368,-158
119000028,1617,512,1105
119000029,89,362,-273
119000030,534,809,-275
119000031,985,578,407
119000032,4496,2449,2047
119000033,2458,1036,1422
119000034,1184,795,389
119000035,67,224,-157
119000036,2602,622,1980
119000037,1637,967,670
119000038,221,451,-230
119000039,650,334,316
119000040,656,647,9
119000041,691,1270,-579
119000048,2384,1810,574
119000049,2362,1515,847
119000050,1524,1337,187
119000051,2362,1116,1246
119000052,2001,2407,-406
119000053,1831,1090,741
119000054,3669,1879,1790
119000055,6379,2476,3903
119000056,3609,2011,1598
119000057,1671,1245,426
119000058,1890,1153,737
119000059,1390,1165,225
119000060,1982,1111,871
119000061,1571,541,1030
119000062,1229,1208,21
119000063,774,490,284
119000064,957,1549,-592
119000065,1816,4313,-2497
119000066,2623,1417,1206
119000067,2273,1565,708
119000068,1996,867,1129
119000069,1861,1991,-130
119000070,3517,737,2780
119000071,503,718,-215
119000072,4530,4191,339
119000073,4552,9306,-4754
119000074,1583,1418,165
119000075,4349,2168,2181
119000076,278,2317,-2039
119000077,717,1153,-436
119000078,495,286,209
119000079,183,1225,-1042
119000080,726,208,518
119000081,402,960,-558
119000082,1087,263,824
119000083,877,450,427
119000084,349,519,-170
119000085,958,154,804
119000086,339,430,-91
119000087,1035,459,576
119000088,394,167,227
119000089,71,231,-160
119000090,134,76,58
119000091,94,368,-274
119000092,474,140,334
119000093,3251,2218,1033
119000094,4096,4637,-541
119000095,2441,2719,-278
119000097,1731,1061,670
119000098,1403,3853,-2450
119000099,2408,1226,1182
119000100,5281,3561,1720
119000101,4542,2276,2266
119000102,720,1588,-868
119000103,1322,919,403
119000104,1532,1007,525
119000105,1135,3140,-2005
119000106,387,769,-382
119000107,1480,554,926
119000108,476,514,-38
119000109,201,1908,-1707
119000110,495,2099,-1604
119000111,47,1050,-1003
119000112,216,506,-290
119000113,1668,562,1106
119000114,1685,1330,355
119000115,162,150,12
119000116,107,123,-16
119000117,214,409,-195
119000118,1,0,1
119000123,3725,2939,786
119000124,1034,138,896
119000125,5536,536,5000
119000126,2030,548,1482
119000127,945,304,641
119000128,22,2,20
119000131,1229,342,887
119000132,2,1,1
119000133,1,4,-3
119000134,1325,444,881
119000135,226,350,-124
119000136,433,98,335
119000137,455,213,242
119000138,823,122,701
119000139,395,93,302
119000140,409,451,-42
119000284,1159,2081,-922
119000285,1863,1588,275
119000286,4672,3682,990
119000287,1382,1459,-77
119000288,2168,786,1382
119000289,1333,1914,-581
119000290,202,270,-68
119000291,17,176,-159
119000293,123,232,-109
119000294,72,62,10
119000295,1130,271,859
119000296,278,205,73
119000302,1379,1142,237
119000303,30,196,-166
119000304,0,0,0
119000310,0,0,0
119000314,1448,12347,-10899
119000315,1,190,-189
119000316,244,91,153
119000317,235,130,105
119900001,252,1615,-1363
119900002,204,177,27
119900003,34,508,-474
119900004,196,2097,-1901
119900005,309,58,251
119900006,271,476,-205
119900007,953,342,611
119900008,175,105,70
119900009,570,483,87
119900010,1044,2213,-1169
119900011,21,243,-222
119900012,16,163,-147
119900013,2362,2162,200
119900014,515,399,116
119900015,253,36,217
119900016,46,74,-28
119900017,63,52,11
119900018,1468,1510,-42
119900019,67,11,56
119900020,176,188,-12
119900021,249,82,167
119900022,83,1362,-1279
119900023,400,2377,-1977
119900025,433,18,415
119900026,570,180,390
119900027,12,18,-6
119900028,294,228,66
119900029,11,9,2
119900030,701,364,337
119900031,106,737,-631
119900033,2419,460,1959
119900034,754,69,685
119900037,261,14,247
119900038,53,519,-466
119900039,94,13,81
119900040,79,13,66
119900041,296,18,278
119900042,420,127,293
119900043,156,148,8
119900044,238,1319,-1081
119900046,336,46,290
119900047,578,189,389
119900048,67,9,58
119900049,196,5,191
119900050,174,223,-49
119900051,911,16,895
119900052,127,39,88
119900053,489,97,392
119900054,294,10,284
119900055,1708,586,1122
119900057,423,34,389
119900058,471,15,456
119900059,80,46,34
119900060,404,45,359
119900062,148,27,121
119900063,13,83,-70
119900065,316,12,304
119900066,1,0,1
119900067,175,21,154
119900068,919,4,915
119900069,169,61,108
119900070,1441,8,1433
119900071,1352,39,1313
119900073,1236,499,737
119900074,48,68,-20
119900075,2213,2610,-397
119900076,1021,253,768
119900077,1403,390,1013
119900078,816,639,177
119900079,523,120,403
119900080,2423,1172,1251
119900081,552,80,472
119900082,2424,271,2153
119900083,320,140,180
119900084,671,403,268
119900085,44,46,-2
119900087,691,502,189
119900088,35,39,-4
119900089,72,212,-140
119900090,82,49,33
119900091,83,430,-347
119900092,69,361,-292
119900093,1617,264,1353
119900094,32,160,-128
119900095,185,104,81
119900096,25,104,-79
119900097,313,182,131
119900098,69,52,17
119900099,41,146,-105
119900100,1145,2909,-1764
119900101,139,1960,-1821
119900102,91,173,-82
119900103,53,165,-112
119900104,62,160,-98
119900105,1037,8646,-7609
119900106,18,76,-58
119900107,241,1351,-1110
119900108,6056,643,5413
119900109,27,120,-93
119900110,1021,387,634
119900111,222,118,104
119900112,754,645,109
119900113,61,166,-105
119900114,426,663,-237
119900115,498,522,-24
119900116,186,483,-297
119900117,466,430,36
119900118,156,369,-213
119900119,292,167,125
119900120,667,593,74
119900121,553,391,162
119900122,170,176,-6
119900123,266,440,-174
119900124,304,407,-103
119900125,45,174,-129
119900126,4208,259,3949
119900127,1195,692,503
119900128,668,377,291
119900129,389,238,151
119900130,56,192,-136
119900131,59,131,-72
119900132,2,110,-108
119900133,130,120,10
119900134,811,131,680
119900135,4,202,-198
119900136,131,220,-89
119900138,239,373,-134
119900139,58,247,-189
119900140,6,124,-118
119900141,58,1006,-948
119900142,22,45,-23
119900143,44,414,-370
119900144,1046,230,816
119900145,108,87,21
119900146,215,204,11
119900147,2,170,-168
119900148,408,65,343
119900149,569,6015,-5446
119900150,147,118,29
119900151,2111,919,1192
119900152,192,182,10
119900153,320,45,275
119900154,57,95,-38
119900155,96,65,31
119900156,14,10,4
119900157,249,121,128
119900158,387,54,333
119900159,0,572,-572
119900160,37,80,-43
119900161,128,97,31
119900162,1434,1390,44
119900163,125,153,-28
119900164,3,1,2
119900165,202,106,96
119900166,114,42,72
119900167,34,63,-29
119900168,1633,588,1045
119900169,51,326,-275
119900170,173,266,-93
119900171,1221,415,806
119900172,108,34,74
119900173,16,194,-178
119900174,1,109,-108
119900175,2094,514,1580
119900177,21,135,-114
119900178,11,83,-72
119900179,172,909,-737
119900180,1268,1022,246
119900181,36,140,-104
119900182,12,151,-139
119900183,126,598,-472
119900184,906,376,530
119900185,104,353,-249
119900186,25,1652,-1627
119900187,15,242,-227
119900188,186,267,-81
119900189,331,396,-65
119900190,100,419,-319
119900191,229,357,-128
119900192,126,166,-40
119900193,724,143,581
119900194,58,94,-36
119900195,61,160,-99
119900196,442,204,238
119900197,299,208,91
119900198,366,239,127
119900199,170,38,132
119900200,814,790,24
119900201,312,169,143
119900202,113,356,-243
119900203,245,745,-500
119900204,464,217,247
119900205,1224,252,972
119900206,431,171,260
119900208,218,237,-19
119900209,762,2137,-1375
119900210,44,16,28
119900211,89,5,84
119900212,369,244,125
119900213,8,91,-83
119900214,68,39,29
119900215,43,36,7
119900216,20,34,-14
119900217,5,35,-30
119900218,20,80,-60
119900219,18,49,-31
119900220,20,55,-35
119900221,51,105,-54
119900222,13,74,-61
119900223,17,26,-9
119900224,14,18,-4
119900225,475,34,441
119900226,292,2253,-1961
119900227,472,261,211
119900228,199,353,-154
119900229,269,383,-114
119900230,1227,388,839
119900231,417,104,313
119900232,251,153,98
119900233,102,8,94
119900234,21,135,-114
119900235,40,86,-46
119900236,54,147,-93
119900237,72,667,-595
119900238,2,35,-33
119900240,118,74,44
119900241,199,154,45
119900242,1626,1683,-57
119900244,625,1237,-612
119900245,157,213,-56
119900246,271,569,-298
119900247,28,145,-117
119900248,85,405,-320
119900249,301,186,115
119900253,1168,381,787
119900254,104,1207,-1103
119900255,193,1030,-837
119900256,1216,505,711
119900257,183,12,171
119900258,458,59,399
119900259,18,82,-64
119900260,307,15,292
119900261,541,221,320
119900262,24,140,-116
119900263,1280,345,935
119900264,202,75,127
119900265,992,358,634
119900266,609,148,461
119900267,238,331,-93
119900268,320,65,255
119900269,2072,746,1326
119900271,59,121,-62
119900272,472,469,3
119900275,247,103,144
119900276,85,3,82
119900277,5,15,-10
119900278,280,184,96
119900279,107,333,-226
119900280,461,122,339
119900281,0,480,-480
119900282,64,176,-112
119900283,21,144,-123
119900284,72,171,-99
119900285,12,103,-91
119900286,0,13,-13
119900288,5,12,-7
119900289,2,17,-15
119900290,14,8,6
119900291,2,77,-75
119900292,73,65,8
119900293,32,10,22
119900294,31,0,31
119900295,0,0,0
119900296,0,0,0
119900299,102,80,22
119900300,390,245,145
119900301,76,181,-105
119900302,139,174,-35
119900303,456,259,197
119900304,253,29,224
119900305,8,81,-73
119900306,25,0,25
119900307,114,50,64
119900308,9,26,-17
119900309,57,195,-138
119900310,340,288,52
119900311,153,47,106
119900312,139,92,47
119900313,386,307,79
119900314,304,508,-204
119900315,3154,1217,1937
119900318,16,82,-66
119900319,8,136,-128
119900320,314,466,-152
119900321,127,8,119
119900322,14,109,-95
119900323,4,92,-88
119900324,0,27,-27
119900325,383,148,235
119900326,38,62,-24
120000001,7845,23540,-15695
120000002,2802,2297,505
120000003,2478,1412,1066
120000004,2438,1279,1159
120000005,2488,1642,846
120000006,1248,989,259
120000007,2910,3920,-1010
120000008,983,1215,-232
120000009,1734,943,791
120000010,2119,2263,-144
120000011,987,1493,-506
120000012,1857,1908,-51
120000013,3512,2576,936
120000014,738,1473,-735
120000015,2840,1491,1349
120000016,4583,2316,2267
120000017,4156,3520,636
120000018,3236,16080,-12844
120000019,1122,1691,-569
120000020,2732,4009,-1277
120000021,1857,2614,-757
120000022,2700,3930,-1230
120000023,1508,1941,-433
120000024,1167,2808,-1641
120000025,2882,1906,976
120000026,3288,1724,1564
120000027,2804,2268,536
120000028,949,3310,-2361
120000029,1226,2542,-1316
120000030,1042,883,159
120000031,2182,5372,-3190
120000032,5574,3505,2069
120000033,5017,1626,3391
120000034,3330,1259,2071
120000035,3237,1952,1285
120000036,4043,6107,-2064
120000037,576,1742,-1166
120000038,4321,3930,391
120000039,837,910,-73
120000040,229,929,-700
120000041,800,1064,-264
120000042,2197,1419,778
120000043,5219,1077,4142
120000044,6990,1717,5273
120000045,8325,1043,7282
120000046,5204,3339,1865
120000047,564,8108,-7544
120000048,6673,4345,2328
120000049,3955,3328,627
120000050,3920,3591,329
120000051,2483,3952,-1469
120000052,6440,1537,4903
120000053,1537,1467,70
120000054,1740,2636,-896
120000055,1692,3186,-1494
120000056,4868,3445,1423
120000057,4498,1383,3115
120000058,1561,2383,-822
120000059,18,2012,-1994
120000061,138,421,-283
120000062,176,355,-179
120000063,874,1625,-751
120000064,302,744,-442
120000065,757,995,-238
120000066,211,495,-284
120000067,27,335,-308
120000068,230,419,-189
120000069,593,416,177
120000070,141,422,-281
120000071,952,74,878
120000072,1306,407,899
120000073,1307,112,1195
120000074,116,159,-43
120000075,1334,395,939
120000076,3695,524,3171
120000077,2694,752,1942
120000078,3415,1507,1908
120000079,440,217,223
120000080,211,226,-15
120000081,440,172,268
120000082,290,225,65
120000083,91,815,-724
120000084,368,353,15
120000085,314,413,-99
120000086,337,340,-3
120000087,316,309,7
120000088,960,1011,-51
120000089,1452,602,850
120000090,891,496,395
120000091,1602,881,721
120000092,1575,604,971
120000093,800,570,230
120000094,236,885,-649
120000095,1058,370,688
120000096,351,483,-132
120000098,1251,572,679
120000099,601,616,-15
120000100,898,676,222
120000101,773,439,334
120000102,794,1197,-403
120000103,1904,1196,708
120000104,2622,608,2014
120000105,3975,707,3268
120000106,3405,747,2658
120000107,6354,715,5639
120000108,2186,179,2007
120000109,1575,113,1462
120000110,81,804,-723
120000111,172,851,-679
120000112,893,1737,-844
120000113,569,1276,-707
120000114,781,1502,-721
120000115,347,1395,-1048
120000116,745,1415,-670
120000117,724,1167,-443
120000118,47,37,10
120000119,37,66,-29
120000120,129,134,-5
120000121,24,61,-37
120000122,295,685,-390
120000123,2745,9565,-6820
120000124,501,390,111
120000125,886,550,336
120000126,390,1254,-864
120000127,1524,1672,-148
120000128,2093,4872,-2779
120000129,178,269,-91
120000130,1085,590,495
120000131,599,674,-75
120000134,468,483,-15
120000135,1215,703,512
120000137,404,541,-137
120000138,1995,268,1727
120000139,470,310,160
120000140,1663,305,1358
120000141,631,267,364
120000142,1342,371,971
120000143,1,73,-72
120000144,174,8,166
120000145,675,1,674
120000146,857,1026,-169
120000149,702,712,-10
120000150,2298,11897,-9599
120000151,559,393,166
120000152,904,142,762
120000153,453,462,-9
120000154,678,615,63
120000155,154,321,-167
120000156,518,1853,-1335
120000157,1475,649,826
120000158,1314,697,617
120000159,2189,1999,190
120000160,2720,2038,682
120000161,3081,2204,877
120000162,76,290,-214
120000163,1208,663,545
120000164,946,264,682
120000165,972,452,520
120000166,1838,367,1471
120000167,383,353,30
120000168,12,1226,-1214
120000169,113,2872,-2759
120000170,32,2633,-2601
120000171,16,897,-881
120000172,26,614,-588
120000173,691,3634,-2943
120000174,143,64,79
120000175,105,91,14
120000176,90,79,11
120000177,867,153,714
120000178,57,30,27
120000179,116,76,40
120000180,373,97,276
120000181,145,2372,-2227
120000182,59,1137,-1078
120000183,18,735,-717
120000184,217,1944,-1727
120000186,41,1712,-1671
120000187,22,592,-570
120000188,53,1098,-1045
120000190,206,65,141
120000191,315,129,186
120000192,319,44,275
120000193,91,5,86
120000195,22,4,18
120000196,159,15,144
120000197,21,25,-4
120000198,348,53,295
120000199,185,1,184
120000200,209,3,206
120000201,13,47,-34
120000202,3,53,-50
120000203,143,166,-23
120000207,5,64,-59
120000208,16,90,-74
120000209,0,23,-23
120000210,49,34,15
120000211,322,4,318
120000212,363,0,363
120000213,305,160,145
120000214,0,130,-130
120000215,2,111,-109
120000216,192,29,163
120000217,318,807,-489
120000218,97,504,-407
120000219,3,330,-327
120000220,3,826,-823
120000225,2913,3,2910
120000226,670,11,659
120000227,1102,134,968
120000228,12945,4808,8137
120000230,799,27,772
120000231,2216,1228,988
120000233,467,7,460
120000235,485,422,63
120000236,1411,2,1409
120000237,1,684,-683
120000238,3,1328,-1325
120000241,1389,4329,-2940
120000412,420,25,395
120000413,422,130,292
120000414,302,4,298
120000415,0,28,-28
120000416,132,4,128
120000417,8,188,-180
120000418,379,10,369
120000419,15,90,-75
120000420,48,16,32
120000421,6826,4715,2111
120000422,98,2040,-1942
120000423,6,77,-71
120000424,186,126,60
120000436,104,1012,-908
120000437,95,123,-28
120000438,1635,247,1388
120000439,384,782,-398
120000443,177,0,177
120000444,2036,358,1678
120000445,2281,1187,1094
120000446,1028,183,845
120000447,317,1,316
120000449,266,1,265
120000450,10,96,-86
120000451,148,225,-77
120000452,370,4,366
120000453,1,102,-101
120000454,58,72,-14
120000455,72,40,32
120000456,2776,4806,-2030
120000457,504,346,158
120000458,413,504,-91
120000459,149,113,36
120000665,488,383,105
120000668,116,2509,-2393
120000669,206,165,41
120000670,107,1661,-1554
120000671,2582,896,1686
120000672,89,560,-471
120900001,94,107,-13
120900002,232,900,-668
120900003,220,32,188
120900004,47,249,-202
120900005,287,593,-306
120900006,621,274,347
120900007,264,82,182
120900008,658,778,-120
120900009,554,35,519
120900010,755,230,525
120900011,123,309,-186
120900012,110,1503,-1393
120900013,522,171,351
120900014,4,302,-298
120900015,1478,148,1330
120900016,1535,64,1471
120900017,1947,211,1736
120900018,273,305,-32
120900019,800,593,207
120900020,733,1600,-867
120900021,1223,322,901
120900022,21,218,-197
120900023,517,59,458
120900024,1937,496,1441
120900025,1239,1124,115
120900026,164,160,4
120900027,913,14,899
120900028,661,248,413
120900029,87,873,-786
120900030,2167,1024,1143
120900031,409,145,264
120900032,1886,105,1781
120900033,1713,157,1556
120900034,83,2935,-2852
120900035,60,120,-60
120900037,371,18,353
120900038,116,524,-408
120900039,135,77,58
120900040,638,10,628
120900041,67,53,14
120900042,1125,54,1071
120900043,99,81,18
120900044,50,448,-398
120900045,161,78,83
120900046,1080,22,1058
120900047,220,232,-12
120900048,253,70,183
120900049,949,5,944
120900050,1249,2534,-1285
120900051,572,73,499
120900052,1171,5,1166
120900053,541,51,490
120900054,1159,420,739
120900055,758,9,749
120900056,888,65,823
120900057,270,31,239
120900058,1032,4,1028
120900059,171,0,171
120900060,106,41,65
120900061,243,166,77
120900062,436,2,434
120900063,1154,16,1138
120900064,1141,0,1141
120900065,983,2,981
120900066,642,128,514
120900067,208,90,118
120900068,617,2,615
120900069,478,15,463
120900071,54,1,53
120900072,1381,9,1372
120900073,1019,64,955
120900074,1421,39,1382
120900076,589,2,587
120900077,1594,299,1295
120900078,1357,384,973
120900079,1421,100,1321
120900080,1390,709,681
120900081,1458,285,1173
120900082,404,511,-107
120900083,142,3,139
120900084,689,764,-75
120900085,70,131,-61
120900086,102,616,-514
120900087,655,460,195
120900088,262,1041,-779
120900089,1910,4416,-2506
120900090,363,13,350
120900091,632,1203,-571
120900092,549,237,312
120900093,1223,131,1092
120900094,317,183,134
120900095,410,17,393
120900096,105,242,-137
120900097,787,422,365
120900098,173,185,-12
120900099,80,70,10
120900100,82,185,-103
120900101,310,156,154
120900102,77,79,-2
120900103,139,300,-161
120900104,16,84,-68
120900105,29,346,-317
120900106,637,278,359
120900107,138,138,0
120900108,23,226,-203
120900109,42,329,-287
120900110,10,302,-292
120900111,188,260,-72
120900112,37,383,-346
120900113,12,414,-402
120900114,39,106,-67
120900115,170,279,-109
120900116,722,208,514
120900117,13,194,-181
120900118,21,364,-343
120900119,11446,3303,8143
120900120,83,353,-270
120900121,45,294,-249
120900122,1067,206,861
120900123,7,158,-151
120900124,3,245,-242
120900125,13,377,-364
120900126,938,612,326
120900127,26,206,-180
120900128,677,1023,-346
120900129,37,228,-191
120900130,36,309,-273
120900131,163,125,38
120900132,1529,137,1392
120900133,69,440,-371
120900134,317,236,81
120900135,8,299,-291
120900136,65,156,-91
120900137,394,90,304
120900138,24,142,-118
120900139,3,363,-360
120900140,5,187,-182
120900141,250,256,-6
120900142,6,194,-188
120900143,1,413,-412
120900144,0,66,-66
120900145,369,581,-212
120900146,0,394,-394
120900147,6,390,-384
120900148,143,139,4
120900149,1,127,-126
120900150,66,256,-190
120900151,0,258,-258
120900152,0,16,-16
120900153,2,1,1
120900154,0,85,-85
120900155,290,480,-190
120900156,96,240,-144
120900157,2,12,-10
120900158,95,322,-227
120900159,12,34,-22
120900160,45,461,-416
120900161,80,370,-290
120900162,75,761,-686
120900163,313,2136,-1823
120900164,0,131,-131
120900165,10,775,-765
120900166,102,932,-830
120900167,274,94,180
120900169,134,213,-79
120900170,408,4593,-4185
120900171,510,201,309
120900172,275,3024,-2749
120900173,0,24,-24
120900174,8,126,-118
120900175,174,155,19
120900176,25,425,-400
120900177,6,1659,-1653
120900178,0,783,-783
120900179,479,391,88
120900180,52,268,-216
120900181,160,47,113
120900182,59,180,-121
120900183,671,127,544
120900184,276,63,213
120900185,1109,1818,-709
120900186,0,195,-195
120900187,778,1099,-321
120900188,277,4,273
120900189,97,2717,-2620
120900190,219,5,214
120900191,39,16,23
120900192,5099,12785,-7686
120900194,70,132,-62
120900195,96,259,-163
120900196,699,41,658
120900197,1136,315,821
120900198,241,358,-117
120900199,511,626,-115
120900200,57,166,-109
120900201,285,172,113
120900202,1,80,-79
120900203,36,107,-71
120900204,95,228,-133
120900205,73,18,55
120900206,50,48,2
120900207,80,737,-657
121000001,611,1156,-545
121000002,2499,1886,613
121000003,2899,1582,1317
121000004,2441,3691,-1250
121000005,1554,2509,-955
121000006,3018,2756,262
121000007,2044,4338,-2294
121000008,4685,5080,-395
121000009,3390,6119,-2729
121000010,6753,6623,130
121000011,5885,10768,-4883
121000012,12559,9155,3404
121000013,4845,6343,-1498
121000014,5657,5111,546
121000015,4358,7695,-3337
121000016,3849,3745,104
121000017,2531,2688,-157
121000018,3291,1808,1483
121000019,9391,9624,-233
121000020,10239,18697,-8458
121000021,2561,2179,382
121000022,3411,4043,-632
121000023,3253,1594,1659
121000024,4956,5523,-567
121000025,396,1571,-1175
121000026,320,153,167
121000027,1224,1227,-3
121000028,944,539,405
121000029,992,742,250
121000030,775,682,93
121000031,570,723,-153
121000032,183,232,-49
121000034,340,333,7
121000035,121,197,-76
121000036,936,858,78
121000037,525,916,-391
121000038,387,971,-584
121000039,221,374,-153
121000041,660,631,29
121000042,360,405,-45
121000043,518,721,-203
121000044,1255,1149,106
121000045,530,273,257
121000046,962,1146,-184
121000047,34,126,-92
121000049,951,655,296
121000050,248,1723,-1475
121000051,724,289,435
121000052,462,1015,-553
121000053,467,136,331
121000054,55,493,-438
121000055,863,1781,-918
121000056,872,1070,-198
121000057,385,614,-229
121000058,279,274,5
121000059,3100,1394,1706
121000060,517,1175,-658
121000061,84,533,-449
121000062,165,425,-260
121000063,919,1069,-150
121000064,953,1022,-69
121000065,247,596,-349
121000066,635,873,-238
121000067,390,683,-293
121000068,533,425,108
121000069,197,1145,-948
121000070,1597,1334,263
121000071,1763,1684,79
121000072,1353,850,503
121000073,1246,1344,-98
121000074,111,196,-85
121000075,40,325,-285
121000076,378,361,17
121000077,158,191,-33
121000078,74,183,-109
121000080,1882,614,1268
121000081,3846,4006,-160
121000082,105,288,-183
121000083,152,116,36
121000084,248,207,41
121000085,225,500,-275
121000086,666,673,-7
121000087,87,290,-203
121000088,596,463,133
121000089,283,526,-243
121000090,292,400,-108
121000091,1099,780,319
121000092,229,65,164
121000093,232,226,6
121000094,497,912,-415
121000095,338,996,-658
121000096,3915,2406,1509
121000097,531,2481,-1950
121000098,695,612,83
121000099,914,576,338
121000100,1235,233,1002
121000101,428,175,253
121000102,494,161,333
121000103,232,116,116
121000104,340,95,245
121000105,641,168,473
121000106,471,265,206
121000107,1968,2336,-368
121000109,1038,839,199
121000110,201,662,-461
121000114,3543,2235,1308
121000115,1915,847,1068
121000116,327,982,-655
121000117,375,341,34
121000118,2160,228,1932
121000119,346,396,-50
121000120,405,388,17
121000121,656,1341,-685
121000123,1280,669,611
121000126,90,418,-328
121000127,135,149,-14
121000128,1242,298,944
121000129,1199,508,691
121000130,893,626,267
121000131,1227,1539,-312
121000132,922,1240,-318
121000135,352,743,-391
121000136,1001,1654,-653
121000137,490,488,2
121000138,862,1973,-1111
121000139,424,935,-511
121000141,241,259,-18
121000142,646,828,-182
121000143,168,34,134
121000144,504,1491,-987
121000145,663,853,-190
121000146,1513,1329,184
121000147,1328,607,721
121000148,1025,972,53
121000149,2522,1805,717
121000152,564,412,152
121000153,1627,529,1098
121000154,1346,619,727
121000155,2082,1107,975
121000156,420,1161,-741
121000157,832,1609,-777
121000158,389,385,4
121000159,281,377,-96
121000160,404,333,71
121000161,335,317,18
121000162,205,140,65
121000165,1136,2285,-1149
121000166,30,535,-505
121000168,600,308,292
121000169,74,192,-118
121000170,440,70,370
121000171,53,217,-164
121000172,1034,744,290
121000173,1516,1732,-216
121000174,568,679,-111
121000175,1527,483,1044
121000176,411,337,74
121000177,947,544,403
121000178,63,49,14
121000179,21,68,-47
121000181,585,470,115
121000182,148,438,-290
121000183,137,108,29
121000184,52,181,-129
121000185,34,335,-301
121000186,326,717,-391
121000187,267,146,121
121000188,326,101,225
121000192,1035,589,446
121000193,742,455,287
121000194,1850,1846,4
121000195,230,929,-699
121000196,682,273,409
121000197,223,1047,-824
121000198,190,219,-29
121000199,125,289,-164
121000200,802,190,612
121000201,15,192,-177
121000202,862,206,656
121000203,1071,1863,-792
121000204,3740,885,2855
121000205,96,351,-255
121000206,124,90,34
121000207,2520,1127,1393
121000208,9,402,-393
121000209,764,124,640
121000210,886,253,633
121000211,581,295,286
121000212,821,414,407
121000213,13709,3002,10707
121000214,846,2105,-1259
121000215,904,1530,-626
121000216,592,647,-55
121000217,3420,3033,387
121000218,311,1402,-1091
121000219,1530,606,924
121000220,147,64,83
121000221,132,423,-291
121000222,2723,2329,394
121000223,205,918,-713
121000224,125,446,-321
121000225,570,2371,-1801
121000226,1314,1361,-47
121000227,15,152,-137
121000228,24,487,-463
121000229,344,612,-268
121000230,67,1621,-1554
121000231,1494,34,1460
121000232,487,378,109
121000233,517,380,137
121000234,8,47,-39
121000235,41,58,-17
121000236,15,35,-20
121000237,21,21,0
121000238,9,61,-52
121000239,66,7,59
121000240,7,151,-144
121000241,127,9,118
121000242,112,395,-283
121000243,220,51,169
121000244,19,89,-70
121000245,42,27,15
121000246,3,184,-181
121000247,174,12,162
121000248,532,1674,-1142
121000249,68,290,-222
121000250,602,269,333
121000251,19,244,-225
121000252,149,97,52
121000253,468,311,157
121000254,960,129,831
121000255,115,195,-80
121000256,364,203,161
121000257,25,96,-71
121000258,69,73,-4
121000259,39,70,-31
121000260,31,80,-49
121000261,64,82,-18
121000262,1030,504,526
121000263,556,440,116
121000271,817,1643,-826
121000273,30,14,16
121000274,21,60,-39
121000275,20,5,15
121000276,15,33,-18
121000278,66,45,21
121000279,49,30,19
121000280,43,61,-18
121000289,333,23,310
121000290,1107,1257,-150
121000294,287,85,202
121000297,530,1126,-596
121000299,83,757,-674
121000300,1061,578,483
121000302,25,770,-745
121000303,497,252,245
121000304,534,127,407
121000305,229,78,151
121000306,167,199,-32
121000308,128,243,-115
121000309,306,453,-147
121000310,121,281,-160
121000311,87,613,-526
121000312,412,426,-14
121000313,262,328,-66
121000314,44,98,-54
121000315,68,107,-39
121000530,2019,1463,556
121000531,2321,1613,708
121000532,6178,9223,-3045
121000533,3794,4666,-872
121000918,57,95,-38
121000919,19,94,-75
121000938,45,322,-277
121000939,25,249,-224
121000956,1923,1440,483
121000957,9,18,-9
121000958,14,68,-54
121000959,1151,471,680
121000960,1621,1980,-359
121000961,351,66,285
121000962,1043,410,633
121000973,1,229,-228
121000976,9,204,-195
121000979,552,170,382
121000981,368,129,239
121000982,367,174,193
121000983,559,319,240
121000984,21,49,-28
121000985,1107,263,844
121000986,601,95,506
121000987,209,519,-310
121000988,1331,123,1208
121001302,221,114,107
121001308,6,38,-32
121001309,19,621,-602
121001311,0,0,0
121001313,272,171,101
121001314,1501,1968,-467
121001315,6897,4317,2580
121001318,0,0,0
121900001,157,191,-34
121900002,23,36,-13
121900003,511,19,492
121900004,73,441,-368
121900005,23,17,6
121900006,152,40,112
121900007,2462,1925,537
121900008,180,445,-265
121900009,912,20,892
121900010,298,9,289
121900011,305,288,17
121900012,19,0,19
121900013,391,94,297
121900014,1837,427,1410
121900015,228,148,80
121900016,1,21,-20
121900017,973,700,273
121900018,517,18,499
121900019,691,229,462
121900020,23,5,18
121900021,1035,18,1017
121900022,372,316,56
121900023,160,425,-265
121900024,375,70,305
121900025,743,567,176
121900026,272,54,218
121900027,508,275,233
121900028,231,13,218
121900029,157,409,-252
121900030,404,688,-284
121900031,1072,7455,-6383
121900032,120,35,85
121900033,149,384,-235
121900034,312,185,127
121900035,3697,3088,609
121900036,103,590,-487
121900037,177,1026,-849
121900038,29,90,-61
121900039,320,72,248
121900040,128,82,46
121900041,143,402,-259
121900042,429,279,150
121900043,1,2,-1
121900044,97,55,42
121900046,208,365,-157
121900047,228,118,110
121900048,107,72,35
121900050,35,46,-11
121900051,184,165,19
121900052,189,23,166
121900053,543,417,126
121900054,367,1142,-775
121900055,33,7,26
121900058,397,181,216
121900059,412,220,192
121900060,117,419,-302
121900061,175,179,-4
121900062,125,160,-35
121900063,1834,537,1297
121900064,396,533,-137
121900066,103,23,80
121900067,86,31,55
121900069,192,118,74
121900070,136,242,-106
121900071,568,307,261
121900072,103,111,-8
121900073,239,361,-122
121900074,375,944,-569
121900075,415,777,-362
121900076,560,580,-20
121900077,23,13,10
121900078,151,39,112
121900079,0,1,-1
121900080,1028,481,547
121900082,104,98,6
121900084,34,36,-2
121900085,2,3,-1
121900086,53,72,-19
121900087,117,195,-78
121900088,1386,2748,-1362
121900089,276,218,58
121900090,78,54,24
121900091,102,62,40
121900092,150,104,46
121900093,101,99,2
121900094,21,11,10
121900095,439,183,256
121900096,1157,645,512
121900097,957,241,716
121900098,8,0,8
121900099,328,33,295
121900100,76,451,-375
121900101,124,133,-9
121900102,2,113,-111
121900103,417,267,150
121900104,2021,516,1505
121900105,418,296,122
121900106,1,13,-12
121900107,86,38,48
121900108,2,18,-16
121900109,310,126,184
121900110,813,389,424
121900111,636,305,331
121900112,158,202,-44
121900113,67,557,-490
121900114,106,76,30
121900117,143,222,-79
121900118,2015,714,1301
121900119,223,55,168
121900120,113,1176,-1063
121900121,366,45,321
121900122,36,65,-29
121900123,241,392,-151
121900124,330,195,135
121900125,2054,1115,939
121900127,7,128,-121
121900128,81,82,-1
121900129,187,151,36
121900130,138,285,-147
121900131,404,111,293
121900132,66,57,9
121900133,29,1276,-1247
121900134,34,310,-276
121900135,3967,523,3444
121900136,651,310,341
121900137,56,310,-254
121900138,133,144,-11
121900139,276,2379,-2103
121900140,84,98,-14
121900141,109,30,79
121900142,161,120,41
121900143,18,184,-166
121900144,151,442,-291
121900145,285,373,-88
121900146,563,687,-124
121900147,45,228,-183
121900148,212,414,-202
121900149,350,448,-98
121900150,52,187,-135
121900151,89,361,-272
121900152,141,117,24
121900153,47,549,-502
121900154,7,416,-409
121900155,4,173,-169
121900156,161,269,-108
121900157,4,263,-259
121900158,111,143,-32
121900159,1,241,-240
121900160,84,269,-185
121900161,369,517,-148
121900162,105,196,-91
121900163,522,376,146
121900164,352,250,102
121900165,288,135,153
121900166,200,212,-12
121900167,110,201,-91
121900168,127,227,-100
121900169,7,261,-254
121900170,15,178,-163
121900171,985,691,294
121900172,676,277,399
121900173,847,332,515
121900174,57,64,-7
121900175,113,470,-357
121900176,600,1558,-958
121900177,160,67,93
121900178,66,48,18
121900179,537,339,198
121900180,2010,5890,-3880
121900182,639,850,-211
121900183,539,2279,-1740
121900184,70,1069,-999
121900186,6,419,-413
121900187,8,154,-146
121900188,792,352,440
121900189,35,97,-62
121900190,265,446,-181
121900191,125,223,-98
121900192,218,1835,-1617
121900193,57,221,-164
121900194,12,423,-411
121900195,42,73,-31
121900196,883,869,14
121900197,410,972,-562
121900198,2282,1734,548
121900199,1,43,-42
121900200,44,220,-176
121900201,696,910,-214
121900202,131,893,-762
121900203,114,1152,-1038
121900204,799,1370,-571
121900205,16,124,-108
121900206,13,82,-69
121900207,72,50,22
121900208,150,581,-431
121900209,71,74,-3
121900210,1964,1451,513
121900211,68,106,-38
121900212,157,175,-18
121900213,456,38,418
121900214,9,521,-512
121900215,48,139,-91
121900216,26,387,-361
121900217,198,239,-41
121900218,144,694,-550
121900220,136,24,112
121900221,548,528,20
121900222,275,123,152
121900223,159,53,106
121900224,92,34,58
121900225,89,209,-120
121900226,311,75,236
121900227,470,825,-355
121900228,191,200,-9
121900230,65,398,-333
121900231,148,1654,-1506
121900232,238,487,-249
121900233,194,172,22
121900234,392,162,230
121900235,698,183,515
121900236,339,242,97
121900237,204,523,-319
121900238,153,290,-137
121900239,249,59,190
121900240,357,166,191
121900241,105,46,59
121900242,13,1,12
121900243,31,0,31
121900244,19,6,13
121900245,210,89,121
121900246,4361,393,3968
121900247,507,351,156
121900248,1141,1136,5
121900250,210,499,-289
121900251,453,45,408
121900252,545,174,371
121900253,88,838,-750
121900254,524,398,126
121900255,617,90,527
121900258,4285,1999,2286
121900259,282,720,-438
121900260,191,107,84
121900261,189,691,-502
121900262,436,1146,-710
121900263,406,271,135
121900264,1046,1207,-161
121900265,486,195,291
121900266,699,125,574
121900267,81,74,7
121900269,210,1062,-852
121900270,48,239,-191
121900271,83,226,-143
121900273,472,1984,-1512
121900274,400,297,103
121900277,385,1581,-1196
121900278,113,1220,-1107
121900279,196,253,-57
121900280,76,722,-646
121900281,171,566,-395
121900284,57,10,47
121900286,175,75,100
121900287,11,38,-27
121900288,3,0,3
121900290,271,911,-640
121900291,377,1044,-667
121900292,125,177,-52
121900293,905,3579,-2674
121900294,309,11,298
121900295,192,141,51
121900296,95,402,-307
121900298,219,1062,-843
121900299,0,7,-7
121900300,109,5,104
121900301,111,2,109
121900302,9,69,-60
121900303,363,625,-262
121900304,3,27,-24
121900305,4,26,-22
121900306,356,4,352
121900307,192,10,182
121900308,19,157,-138
121900309,14,109,-95
121900310,18,274,-256
121900311,817,25,792
121900312,505,13,492
121900313,590,74,516
121900314,3,30,-27
121900315,27,0,27
121900316,1,6,-5
121900317,29,9,20
121900318,2,6,-4
121900319,31,207,-176
121900320,35,28,7
121900321,17,1,16
121900322,1,6,-5
121900323,17,26,-9
121900324,3,23,-20
121900325,15,7,8
121900326,10,15,-5
121900327,0,50,-50
121900328,0,19,-19
121900329,2,80,-78
121900330,3,182,-179
121900331,72,112,-40
121900332,66,39,27
121900333,54,1,53
121900334,4,5,-1
122000001,1365,5160,-3795
122000002,2556,1108,1448
122000003,1624,3123,-1499
122000004,2271,1558,713
122000005,3763,2430,1333
122000006,1045,1535,-490
122000007,668,1747,-1079
122000008,1290,3288,-1998
122000009,595,541,54
122000010,2407,3085,-678
122000011,5079,2404,2675
122000012,742,3387,-2645
122000013,711,1642,-931
122000014,3238,1528,1710
122000015,1044,968,76
122000016,475,702,-227
122000017,1194,1342,-148
122000018,1731,1756,-25
122000019,851,1653,-802
122000020,264,508,-244
122000021,157,496,-339
122000022,1042,1351,-309
122000023,816,1835,-1019
122000024,513,2448,-1935
122000025,589,2964,-2375
122000026,419,1489,-1070
122000027,542,1147,-605
122000028,1074,621,453
122000029,365,668,-303
122000030,152,205,-53
122000031,177,419,-242
122000032,3861,2425,1436
122000033,501,3364,-2863
122000034,460,951,-491
122000035,240,608,-368
122000036,471,519,-48
122000037,588,268,320
122000038,226,397,-171
122000039,520,609,-89
122000040,214,341,-127
122000041,588,725,-137
122000042,354,443,-89
122000043,98,158,-60
122000044,145,142,3
122000045,1860,955,905
122000046,752,1070,-318
122000047,140,246,-106
122000048,3006,4254,-1248
122000049,6216,3493,2723
122000050,850,899,-49
122000051,163,466,-303
122000052,419,503,-84
122000053,235,1172,-937
122000054,2057,2072,-15
122000055,1980,3983,-2003
122000056,2997,3198,-201
122000057,3366,3986,-620
122000058,908,2047,-1139
122000059,1014,3025,-2011
122000060,304,966,-662
122000061,268,933,-665
122000062,527,244,283
122000063,604,1281,-677
122000064,2810,6335,-3525
122000065,2560,2901,-341
122000066,808,1321,-513
122000067,1301,1445,-144
122000068,2049,1111,938
122000069,959,758,201
122000070,1067,1357,-290
122000071,2912,1229,1683
122000072,758,867,-109
122000073,305,1386,-1081
122000074,2941,1521,1420
122000075,951,1115,-164
122000076,6340,2096,4244
122000077,674,2144,-1470
122000078,859,4026,-3167
122000079,539,2760,-2221
122000080,580,542,38
122000081,126,265,-139
122000082,371,1313,-942
122000083,3656,1018,2638
122000084,3706,1214,2492
122000085,362,664,-302
122000086,2291,7058,-4767
122000087,209,492,-283
122000088,108,612,-504
122000089,4392,2631,1761
122000090,152,790,-638
122000091,104,271,-167
122000092,52,50,2
122000093,1540,3455,-1915
122000094,4761,4056,705
122000095,1129,5367,-4238
122000096,558,2093,-1535
122000098,2257,3858,-1601
122000099,715,1201,-486
122000100,709,773,-64
122000101,393,535,-142
122000102,2292,1115,1177
122000103,1733,1703,30
122000104,944,193,751
122000105,614,442,172
122000106,498,1381,-883
122000107,1286,402,884
122000108,549,891,-342
122000109,533,324,209
122000110,655,726,-71
122000111,3338,1397,1941
122000112,1398,1700,-302
122000113,793,726,67
122000114,1808,2338,-530
122000115,1525,1202,323
122000116,459,547,-88
122000117,1746,478,1268
122000118,812,784,28
122000119,2365,2113,252
122000120,1050,3548,-2498
122000121,831,2294,-1463
122000122,458,1188,-730
122000123,1251,1649,-398
122000124,786,514,272
122000125,655,796,-141
122000126,558,862,-304
122000127,631,977,-346
122000128,294,516,-222
122000129,482,2034,-1552
122000130,2774,1583,1191
122000131,1235,1120,115
122000132,275,474,-199
122000133,971,930,41
122000134,1124,764,360
122000135,659,499,160
122000136,1137,821,316
122000137,2467,1080,1387
122000139,765,4197,-3432
122000140,461,977,-516
122000141,2870,1752,1118
122000142,141,1376,-1235
122000143,427,491,-64
122000144,1499,1102,397
122000145,962,1518,-556
122000146,874,2247,-1373
122000147,483,653,-170
122000148,651,2288,-1637
122000149,1734,1411,323
122000150,1262,1102,160
122000151,182,334,-152
122000152,324,447,-123
122000153,397,376,21
122000154,212,211,1
122000155,1578,2849,-1271
122000156,4189,3792,397
122000157,812,4499,-3687
122000158,294,770,-476
122000159,634,1111,-477
122000160,2182,2206,-24
122000161,1045,1078,-33
122000162,1228,1746,-518
122000163,280,152,128
122000164,48,214,-166
122000165,796,1005,-209
122000166,802,1644,-842
122000167,304,379,-75
122000168,169,870,-701
122000169,297,173,124
122000170,306,285,21
122000171,39,85,-46
122000172,1822,1476,346
122000173,1243,2620,-1377
122000174,1619,1176,443
122000175,790,411,379
122000176,276,1173,-897
122000177,1104,1489,-385
122000178,3985,2884,1101
122000179,2243,3129,-886
122000180,982,1091,-109
122000181,916,2255,-1339
122000182,1379,1689,-310
122000183,2494,1180,1314
122000184,2508,3172,-664
122000185,1025,3341,-2316
122000186,449,1655,-1206
122000187,1919,1102,817
122000188,344,355,-11
122000189,197,457,-260
122000190,732,1699,-967
122000191,926,891,35
122000192,1238,428,810
122000193,462,702,-240
122000194,468,247,221
122000195,122,677,-555
122000196,1397,448,949
122000197,445,623,-178
122000198,408,1861,-1453
122000199,278,384,-106
122000200,859,604,255
122000201,1163,2238,-1075
122000202,971,2184,-1213
122000203,2647,1450,1197
122000204,1185,1433,-248
122000205,605,975,-370
122000206,3144,1050,2094
122000207,2166,1606,560
122000208,2152,1549,603
122000209,1690,474,1216
122000210,2019,1697,322
122000211,1375,1418,-43
122000212,841,598,243
122000213,1092,1597,-505
122000214,1879,1917,-38
122000215,2337,1846,491
122000217,1642,1974,-332
122000218,739,76,663
122000219,1085,751,334
122000220,364,688,-324
122000221,70,259,-189
122000222,595,188,407
122000223,1328,571,757
122000225,915,309,606
122000226,1780,1448,332
122000227,233,1642,-1409
122000228,326,297,29
122000229,70,502,-432
122000230,87,423,-336
122000231,579,666,-87
122000232,643,617,26
122000233,0,57,-57
122000234,578,54,524
122000235,652,94,558
122000236,1892,51,1841
122000237,166,94,72
122000238,437,492,-55
122000239,1038,218,820
122000240,1418,748,670
122000241,2588,567,2021
122000242,920,215,705
122000243,425,61,364
122000244,125,429,-304
122000245,116,118,-2
122000246,450,183,267
122000247,1084,310,774
122000248,819,1110,-291
122000249,2481,1198,1283
122000250,2374,1486,888
122000251,162,567,-405
122000252,369,175,194
122000253,129,261,-132
122000254,428,122,306
122000255,613,1045,-432
122000256,293,421,-128
122000257,379,155,224
122000258,409,322,87
122000259,32,332,-300
122000260,5,63,-58
122000261,16,408,-392
122000262,4,32,-28
122000263,344,922,-578
122000264,1488,415,1073
122000265,2695,1058,1637
122000266,4225,827,3398
122000267,159,122,37
122000268,155,350,-195
122000269,1080,322,758
122000270,485,216,269
122000271,248,1324,-1076
122000272,382,929,-547
122000273,454,354,100
122000274,223,191,32
122000275,63,176,-113
122000276,1031,579,452
122000277,1266,1940,-674
122000278,2194,614,1580
122000279,324,330,-6
122000280,899,517,382
122000281,1103,777,326
122000282,277,564,-287
122000283,233,297,-64
122000284,272,122,150
122000285,250,57,193
122000286,35,151,-116
122000287,1616,1421,195
122000288,494,320,174
122000291,2946,896,2050
122000293,228,172,56
122000294,153,324,-171
122000295,1533,229,1304
122000296,67,627,-560
122000297,2283,4093,-1810
122000299,731,602,129
122000300,449,467,-18
122000301,6125,3625,2500
122000302,872,2813,-1941
122000303,2346,1247,1099
122000304,81,169,-88
122000305,1488,191,1297
122000306,69,297,-228
122000307,210,141,69
122000309,78,41,37
122000310,13,123,-110
122000311,156,172,-16
122000312,148,312,-164
122000313,142,76,66
122000314,137,317,-180
122000315,355,90,265
122000316,1415,257,1158
122000317,2126,247,1879
122000318,371,1447,-1076
122000319,163,289,-126
122000320,254,771,-517
122000321,126,154,-28
122000322,1680,2188,-508
122000323,910,2933,-2023
122000324,1404,1756,-352
122000325,948,3428,-2480
122000326,140,79,61
122000327,444,799,-355
122000328,522,392,130
122000330,1648,1674,-26
122000332,181,345,-164
122000333,9,53,-44
122000337,1373,869,504
122000338,600,380,220
122000340,199,1699,-1500
122000342,1422,624,798
122000343,584,555,29
122000344,123,9,114
122000345,21,22,-1
122000346,412,229,183
122000348,1180,840,340
122000349,122,583,-461
122000351,198,341,-143
122000352,319,197,122
122000353,174,111,63
122000355,155,322,-167
122000356,665,1454,-789
122000357,101,14,87
122000358,1,12,-11
122000359,0,15,-15
122000360,2,38,-36
122000362,8,46,-38
122000364,244,272,-28
122000365,8,46,-38
122000366,10,9,1
122000368,534,633,-99
122000370,16,23,-7
122000371,49,0,49
122000372,16,6,10
122000381,225,264,-39
122000382,99,198,-99
122000384,1595,1224,371
122000385,89,3,86
122000386,198,2165,-1967
122000387,499,839,-340
122000388,1421,1085,336
122000389,147,1082,-935
122000390,260,352,-92
122000391,251,822,-571
122000392,227,155,72
122000393,43,127,-84
122000394,663,195,468
122000395,210,105,105
122000396,355,110,245
122000397,19,46,-27
122000398,14,60,-46
122000399,185,70,115
122000400,43,836,-793
122000401,144,54,90
122000402,470,134,336
122000403,471,400,71
122000404,234,128,106
122000408,576,879,-303
122000503,15,125,-110
122000524,129,292,-163
122000544,102,2457,-2355
122000616,252,4,248
122000640,81,55,26
122000641,182,172,10
122000642,1319,707,612
122000643,68,236,-168
122000644,91,81,10
122000645,77,188,-111
122000651,638,1785,-1147
122000664,213,31,182
122000665,1229,527,702
122000666,622,1106,-484
122000673,34,141,-107
122000674,286,172,114
122000675,2245,514,1731
122000686,590,982,-392
122000687,1844,369,1475
122000688,357,373,-16
122000689,1170,193,977
122000690,3421,252,3169
122000691,967,688,279
122000692,2013,317,1696
122000693,431,842,-411
122000695,464,246,218
122000696,783,120,663
122000698,582,294,288
122000699,162,104,58
122000701,1663,275,1388
122000702,395,851,-456
122000703,178,65,113
122000717,127,62,65
122000718,426,1273,-847
122000719,147,124,23
122000720,833,84,749
122000724,125,34,91
122900001,52,11,41
122900002,1505,7449,-5944
122900003,533,31,502
122900004,2809,124,2685
122900005,143,168,-25
122900006,533,1345,-812
122900007,81,179,-98
122900008,294,244,50
122900009,711,450,261
122900010,258,105,153
122900012,218,380,-162
122900014,181,181,0
122900015,812,1856,-1044
122900016,177,265,-88
122900017,223,690,-467
122900018,186,19,167
122900019,18,91,-73
122900020,117,422,-305
122900021,65,365,-300
122900022,1412,808,604
122900023,974,206,768
122900024,147,118,29
122900025,11,480,-469
122900026,30,226,-196
122900027,47,446,-399
122900028,116,130,-14
122900029,4564,2718,1846
122900030,1860,554,1306
122900031,29,380,-351
122900032,184,512,-328
122900033,254,187,67
122900034,3709,4916,-1207
122900035,38,35,3
122900036,49,45,4
122900037,387,116,271
122900038,74,3234,-3160
122900039,84,637,-553
122900040,210,658,-448
122900041,302,343,-41
122900042,169,307,-138
122900043,411,270,141
122900044,86,393,-307
122900045,141,184,-43
122900046,160,368,-208
122900047,115,228,-113
122900048,57,242,-185
122900049,1790,166,1624
122900051,71,273,-202
122900052,175,87,88
122900053,26,40,-14
122900055,538,84,454
122900057,268,89,179
122900061,540,169,371
122900062,659,802,-143
122900063,186,212,-26
122900064,754,374,380
122900065,658,299,359
122900066,845,414,431
122900067,1073,602,471
122900068,175,310,-135
122900069,626,1604,-978
122900070,419,56,363
122900071,105,278,-173
122900072,11,273,-262
122900073,23,103,-80
122900074,1469,274,1195
122900075,0,119,-119
122900076,4,167,-163
122900077,3,90,-87
122900078,360,28,332
122900080,42,63,-21
122900081,169,125,44
122900082,1116,105,1011
122900083,106,102,4
122900084,24,132,-108
122900086,14,213,-199
122900087,369,374,-5
122900088,42,475,-433
122900089,36,214,-178
122900090,5,248,-243
122900091,470,3,467
122900092,1,101,-100
122900093,1,100,-99
122900094,5,107,-102
122900095,203,32,171
122900096,506,67,439
122900097,44,80,-36
122900098,43,134,-91
122900099,144,31,113
122900100,105,691,-586
122900101,465,371,94
122900102,47,52,-5
122900103,301,9,292
122900104,374,21,353
122900105,39,24,15
122900106,3,56,-53
122900107,11,64,-53
122900108,8,109,-101
123000001,889,844,45
123000002,2376,6234,-3858
123000003,4428,4775,-347
123000004,2464,3658,-1194
123000005,3171,2971,200
123000006,1925,1912,13
123000007,4668,2879,1789
123000008,2967,2438,529
123000009,4396,2985,1411
123000010,3192,3124,68
123000011,1695,1216,479
123000012,704,2444,-1740
123000013,3808,1203,2605
123000014,830,3330,-2500
123000015,2111,1440,671
123000016,2975,3917,-942
123000017,3873,2315,1558
123000018,136,135,1
123000019,637,75,562
123000020,478,46,432
123000021,269,260,9
123000022,405,2099,-1694
123000023,2452,2577,-125
123000024,1806,838,968
123000025,188,155,33
123000026,19,102,-83
123000027,114,1038,-924
123000028,1382,1402,-20
123000029,741,1711,-970
123000030,308,124,184
123000031,430,159,271
123000032,578,76,502
123000033,302,69,233
123000034,1281,839,442
123000035,484,485,-1
123000036,266,1084,-818
123000037,324,185,139
123000038,87,282,-195
123000039,496,1770,-1274
123000040,605,244,361
123000041,816,1425,-609
123000042,545,945,-400
123000043,1886,13394,-11508
123000044,3050,2309,741
123000045,3962,2659,1303
123000046,360,1349,-989
123000047,1114,1323,-209
123000048,65,1033,-968
123000049,5191,10726,-5535
123000050,2150,1852,298
123000051,105,279,-174
123000052,837,3738,-2901
123000053,2705,3314,-609
123000054,1940,1754,186
123000055,1844,3851,-2007
123000056,1180,1191,-11
123000057,4237,6514,-2277
123000058,765,1381,-616
123000059,452,656,-204
123000060,1323,469,854
123000061,454,616,-162
123000063,1148,996,152
123000064,1348,232,1116
123000065,4487,2509,1978
123000066,467,608,-141
123000067,1117,462,655
123000068,1858,1998,-140
123000069,4394,1798,2596
123000070,184,520,-336
123000071,1863,923,940
123000072,1283,568,715
123000073,2090,937,1153
123000074,1082,971,111
123000075,428,1559,-1131
123000076,798,283,515
123000077,2083,1588,495
123000078,2147,1438,709
123000079,2249,1850,399
123000080,2318,1092,1226
123000081,176,374,-198
123000082,331,784,-453
123000083,1167,295,872
123000084,851,431,420
123000085,577,94,483
123000086,990,100,890
123000087,597,384,213
123000088,1445,597,848
123000089,782,954,-172
123000090,1508,843,665
123000091,1488,1310,178
123000092,916,1227,-311
123000094,711,203,508
123000095,787,890,-103
123000096,1220,387,833
123000097,683,414,269
123000098,1170,576,594
123000099,920,538,382
123000100,399,780,-381
123000101,635,627,8
123000102,444,835,-391
123000104,414,655,-241
123000105,554,461,93
123000106,553,560,-7
123000107,340,398,-58
123000108,507,968,-461
123000111,1253,402,851
123000112,1812,527,1285
123000113,586,684,-98
123000114,416,721,-305
123000115,401,332,69
123000116,65,100,-35
123000117,2565,1234,1331
123000118,549,559,-10
123000119,240,505,-265
123000120,351,602,-251
123000121,606,749,-143
123000122,325,278,47
123000123,513,528,-15
123000124,355,355,0
123000125,1423,1480,-57
123000126,1349,5188,-3839
123000127,584,590,-6
123000128,361,296,65
123000129,1086,199,887
123000130,904,70,834
123000131,1431,991,440
123000132,310,477,-167
123000133,184,231,-47
123000134,228,149,79
123000135,3408,1331,2077
123000136,223,389,-166
123000137,111,156,-45
123000138,102,231,-129
123000139,806,117,689
123000140,160,414,-254
123000141,855,163,692
123000142,1084,823,261
123000143,890,1445,-555
123000144,29,36,-7
123000145,205,323,-118
123000146,55,138,-83
123000147,115,165,-50
123000149,302,317,-15
123000150,97,232,-135
123000151,292,547,-255
123000152,96,392,-296
123000153,284,837,-553
123000154,1497,1811,-314
123000155,2088,1407,681
123000156,33,84,-51
123000157,718,719,-1
123000158,603,895,-292
123000159,3424,3775,-351
123000160,1303,1122,181
123000161,2538,1178,1360
123000162,2063,2016,47
123000163,618,174,444
123000164,2086,288,1798
123000165,472,1097,-625
123000166,34,124,-90
123000167,156,177,-21
123000168,283,213,70
123000169,1156,163,993
123000170,150,51,99
123000171,1238,10,1228
123000172,221,534,-313
123000173,573,424,149
123000174,1092,498,594
123000175,398,1054,-656
123000176,1232,275,957
123000177,328,911,-583
123000178,931,177,754
123000179,56,357,-301
123000180,1908,474,1434
123000181,272,895,-623
123000182,331,313,18
123000183,202,648,-446
123000184,107,387,-280
123000185,1136,423,713
123000186,3,397,-394
123000187,869,14,855
123000188,229,0,229
123000189,260,132,128
123000190,74,124,-50
123000192,13,297,-284
123000193,69,670,-601
123000194,292,300,-8
123000195,418,28,390
123000196,414,27,387
123000197,105,92,13
123000198,46,834,-788
123000199,10,729,-719
123000200,716,7,709
123000201,1552,24,1528
123000202,17,581,-564
123000203,1383,77,1306
123000204,91,593,-502
123000205,314,968,-654
123000206,3000,314,2686
123000207,88,529,-441
123000208,706,302,404
123000209,2703,797,1906
123000210,400,1421,-1021
123000211,519,1591,-1072
123000212,4058,435,3623
123000213,628,77,551
123000215,64,254,-190
123000216,153,829,-676
123000217,263,53,210
123000218,52,696,-644
123000219,689,78,611
123000220,711,181,530
123000221,287,100,187
123000222,516,320,196
123000223,606,186,420
123000224,476,287,189
123000225,375,39,336
123000226,91,402,-311
123000227,98,225,-127
123000228,391,69,322
123000229,741,1321,-580
123000232,138,461,-323
123000233,963,153,810
123000234,209,489,-280
123000235,1803,359,1444
123000236,388,479,-91
123000237,405,133,272
123000238,69,339,-270
123000239,423,844,-421
123000240,73,839,-766
123000241,325,90,235
123000242,301,221,80
123000243,820,781,39
123000244,835,572,263
123000245,60,126,-66
123000249,746,711,35
123000252,1052,362,690
123000253,1893,711,1182
123000254,775,905,-130
123000255,1257,981,276
123000256,18,188,-170
123000257,2246,1419,827
123000258,1307,595,712
123000259,496,441,55
123000260,702,395,307
123000261,460,174,286
123000262,76,145,-69
123000263,712,122,590
123000264,244,127,117
123000265,43,132,-89
123000266,640,618,22
123000267,889,548,341
123000268,41,47,-6
123000269,59,72,-13
123000270,30,89,-59
123000271,71,48,23
123000272,731,289,442
123000273,315,956,-641
123000274,1373,839,534
123000275,305,737,-432
123000278,2389,2725,-336
123000279,193,76,117
123000280,435,263,172
123000281,340,147,193
123000282,135,258,-123
123000283,204,125,79
123000284,85,48,37
123000286,191,506,-315
123000287,452,361,91
123000288,1500,1419,81
123000289,364,1740,-1376
123000291,194,949,-755
123000294,146,214,-68
123000295,849,1170,-321
123000296,863,543,320
123000297,1054,431,623
123000298,1147,232,915
123000299,110,107,3
123000300,1377,1157,220
123000301,140,424,-284
123000302,153,158,-5
123000303,128,374,-246
123000305,785,900,-115
123000306,268,78,190
123000309,49,48,1
123000310,87,47,40
123000311,0,83,-83
123000312,416,648,-232
123000313,804,479,325
123000315,183,181,2
123000316,774,105,669
123000317,284,113,171
123000318,84,226,-142
123000329,10,13,-3
123000337,451,624,-173
123000338,218,261,-43
123000339,429,70,359
123000340,83,269,-186
123000342,35,58,-23
123000343,57,16,41
123000344,633,340,293
123000345,276,444,-168
123000346,446,30,416
123000352,1034,748,286
123000353,70,106,-36
123000354,277,5,272
123000355,1,226,-225
123000356,491,28,463
123000357,7,108,-101
123000359,6,84,-78
123000360,302,98,204
123000361,202,266,-64
123000362,562,85,477
123000363,148,175,-27
123000364,592,531,61
123000365,10,418,-408
123000366,343,2416,-2073
123000367,286,666,-380
123000370,36,288,-252
123000371,893,80,813
123000372,445,40,405
123000373,10,288,-278
123000374,29,129,-100
123000375,522,55,467
123000376,1007,779,228
123000377,622,18,604
123000378,21,249,-228
123000379,8,226,-218
123000380,18,378,-360
123000381,83,126,-43
123000382,538,160,378
123000383,68,1061,-993
123000384,513,99,414
123000385,164,554,-390
123000436,40,1769,-1729
123000507,96,177,-81
123000508,119,1353,-1234
123000517,246,32,214
123000518,18,160,-142
123000519,201,159,42
123000520,55,158,-103
123000521,419,147,272
123000522,134,317,-183
123000541,10,1,9
123000542,0,5,-5
123000565,1235,41,1194
123000566,368,245,123
123000567,83,129,-46
123000573,42,472,-430
123000574,907,97,810
123000575,2042,758,1284
123000576,1197,900,297
123000577,76,695,-619
123000578,297,125,172
123000579,969,7241,-6272
123000580,123,66,57
123000582,638,27,611
123000583,30,295,-265
123000584,291,327,-36
123000585,0,68,-68
123000586,78,0,78
123000596,72,72,0
123000597,78,193,-115
123000602,87,10,77
123000603,1420,385,1035
123000604,716,332,384
123000605,798,70,728
123000606,2,492,-490
123000609,15,331,-316
123000610,164,100,64
123000613,35,169,-134
123000614,344,53,291
123000615,35,41,-6
123000616,1156,57,1099
123000617,130,150,-20
123000618,54,471,-417
123000619,651,103,548
123000620,55,340,-285
123000622,641,29,612
123000624,234,58,176
123000630,1933,557,1376
123000631,330,498,-168
123000632,605,617,-12
123000633,0,127,-127
123000634,61,308,-247
123000635,68,98,-30
123000636,80,414,-334
123000637,300,60,240
123000638,655,45,610
123000639,693,6044,-5351
123000640,34,367,-333
123000648,524,89,435
123000649,46,366,-320
123900001,954,42,912
123900002,23,1536,-1513
123900003,215,282,-67
123900005,317,212,105
123900006,411,68,343
124000001,2075,186,1889
124000002,42,1019,-977
124000003,1428,228,1200
124000004,81,328,-247
124000005,1501,823,678
124000006,176,725,-549
124000007,396,115,281
124000008,13,507,-494
124000009,968,292,676
124000010,265,356,-91
124000011,1326,384,942
124000012,298,337,-39
124000017,284,158,126
124000018,131,72,59
124000019,134,165,-31
124000020,41,87,-46
124000021,149,114,35
124000022,63,139,-76
124000023,1338,1532,-194
124000024,1157,365,792
124000025,1175,1950,-775
124000026,1016,854,162
124000027,4435,4821,-386
124000028,1046,3473,-2427
124000030,1873,1335,538
124000031,1409,5500,-4091
124000032,1199,596,603
124000033,754,550,204
124000034,537,584,-47
124000035,532,294,238
124000036,82,352,-270
124000037,664,1256,-592
124000038,43,159,-116
124000039,678,419,259
124000040,314,1157,-843
124000041,557,157,400
124000042,191,332,-141
124000043,153,151,2
124000044,142,145,-3
124000045,1293,439,854
124000046,272,632,-360
124000047,2512,789,1723
124000048,1212,596,616
124000049,2367,535,1832
124000050,1010,1097,-87
124000051,1402,474,928
124000052,657,683,-26
124000053,675,2368,-1693
124000054,719,341,378
124000055,1241,4141,-2900
124000056,1496,826,670
124000057,1398,684,714
124000058,413,824,-411
124000059,856,1541,-685
124000060,602,517,85
124000061,1250,6453,-5203
124000062,3023,1483,1540
124000063,1143,1146,-3
124000064,1730,968,762
124000065,51,512,-461
124000066,181,100,81
124000067,245,124,121
124000068,115,231,-116
124000069,1018,163,855
124000070,379,404,-25
124000071,1001,173,828
124000072,469,440,29
124000073,1289,239,1050
124000074,235,649,-414
124000075,606,40,566
124000076,8,76,-68
124000077,660,1001,-341
124000078,2207,1284,923
124000079,240,1437,-1197
124000080,966,206,760
124000081,320,464,-144
124000082,56,172,-116
124000083,53,68,-15
124000084,48,814,-766
124000085,62,42,20
124000086,43,203,-160
124000087,165,136,29
124000088,143,783,-640
124000089,1024,229,795
124000090,190,221,-31
124000091,638,128,510
124000092,191,523,-332
124000093,175,199,-24
124000094,295,597,-302
124000095,124,117,7
124000096,263,271,-8
124000097,136,147,-11
124000098,79,62,17
124000099,372,158,214
124000100,62,188,-126
124000101,147,134,13
124000102,83,48,35
124000103,207,167,40
124000104,96,37,59
124000105,140,131,9
124000106,117,35,82
124000107,20,254,-234
124000108,50,20,30
124000109,164,123,41
124000110,138,83,55
124000111,257,196,61
124000112,826,432,394
124000113,138,132,6
124000114,396,253,143
124000115,348,561,-213
124000116,136,247,-111
124000117,54,82,-28
124000118,35,51,-16
124000119,835,745,90
124000120,552,627,-75
124000121,1303,796,507
124000122,515,1219,-704
124000123,1152,452,700
124000124,383,844,-461
124000125,553,503,50
124000126,289,529,-240
124000127,1142,385,757
124000128,526,576,-50
124000129,2052,1586,466
124000130,580,510,70
124000131,880,623,257
124000132,714,688,26
124000133,1120,1098,22
124000134,976,509,467
124000135,1659,2537,-878
124000136,659,827,-168
124000137,893,1311,-418
124000138,1343,1182,161
124000139,697,40,657
124000140,35,279,-244
124000141,107,12,95
124000142,11,239,-228
124000143,64,16,48
124000144,33,59,-26
124000145,245,120,125
124000146,83,157,-74
124000148,21,116,-95
124000149,1224,409,815
124000150,268,742,-474
124000151,1318,625,693
124000152,789,1045,-256
124000153,1480,1308,172
124000154,828,757,71
124000155,1677,1126,551
124000156,1047,1126,-79
124000169,130,447,-317
124000170,565,517,48
124000171,365,282,83
124000172,310,503,-193
124000173,601,208,393
124000174,483,506,-23
124000175,1,72,-71
124000176,86,37,49
124000177,15,51,-36
124000178,91,72,19
124000190,72,118,-46
124000191,107,261,-154
124000192,1420,538,882
124000193,436,977,-541
124000194,331,364,-33
124000195,328,716,-388
124000196,678,653,25
124000197,49,28,21
124000198,59,43,16
124000201,266,603,-337
124000202,722,270,452
124000203,886,240,646
124000204,1430,198,1232
124000205,194,234,-40
124000206,1272,181,1091
124000207,0,34,-34
124000209,188,183,5
124000210,834,192,642
124000211,1158,3,1155
124000212,0,182,-182
124000213,918,152,766
124000214,618,268,350
124000215,574,31,543
124000216,1,194,-193
124000329,176,756,-580
124000338,116,412,-296
124000339,1752,133,1619
124000341,2124,159,1965
124000344,47,12,35
124000357,1321,2890,-1569
124000358,911,1840,-929
124000359,1532,827,705
124000360,1264,622,642
124000361,2676,1145,1531
124000362,1089,1325,-236
124000363,236,309,-73
124000364,431,476,-45
124000365,569,798,-229
124000366,1292,819,473
124000367,55,251,-196
124000368,527,837,-310
124000369,156,138,18
124000370,57,501,-444
124000402,42,13,29
124000403,245,32,213
124000404,9,71,-62
124000405,1013,775,238
124000406,692,532,160
124000407,2,25,-23
124000411,6,125,-119
124000412,654,10,644
124000413,86,19,67
124000414,172,112,60
124000415,60,63,-3
124000416,162,145,17
124000417,259,93,166
124000418,243,54,189
124000419,173,37,136
124000420,117,38,79
124000421,55,48,7
124000422,17,17,0
124000423,144,40,104
124000424,0,48,-48
124000425,90,52,38
124000426,9,53,-44
124000427,73,12,61
124000428,3,55,-52
124000429,116,49,67
124000430,805,317,488
124000431,803,394,409
124000432,300,491,-191
124000439,9,3,6
124000443,0,7,-7
124000445,168,1845,-1677
124000446,804,156,648
124900001,904,662,242
124900002,240,230,10
124900003,1437,600,837
124900004,1133,290,843
124900005,350,143,207
124900006,1129,283,846
124900008,1370,705,665
124900009,196,550,-354
124900010,299,261,38
124900011,834,326,508
124900012,570,140,430
124900013,851,195,656
124900014,414,58,356
124900015,192,434,-242
124900016,95,161,-66
124900017,467,2898,-2431
124900018,108,7,101
124900020,127,76,51
124900021,542,32,510
124900022,50,6,44
124900024,415,18,397
124900026,60,45,15
124900027,179,809,-630
124900028,327,98,229
124900029,25,681,-656
124900030,4,84,-80
124900031,38,202,-164
124900032,136,292,-156
124900033,187,187,0
124900034,9,89,-80
124900035,222,273,-51
124900036,2,42,-40
124900037,302,215,87
124900038,212,231,-19
124900039,0,73,-73
124900040,136,91,45
124900041,302,504,-202
124900042,109,2,107
124900043,535,483,52
124900044,127,1,126
124900045,496,1073,-577
124900046,498,191,307
124900047,97,157,-60
124900048,259,84,175
124900050,206,141,65
124900052,85,216,-131
124900053,161,264,-103
124900054,766,541,225
124900055,0,179,-179
124900057,14,58,-44
124900060,62,125,-63
124900061,138,12,126
124900062,352,27,325
124900066,0,17,-17
124900067,9,70,-61
124900068,250,708,-458
124900070,83,50,33
124900072,172,38,134
124900075,386,267,119
124900076,14,1753,-1739
124900077,27,98,-71
124900078,104,21,83
124900079,336,226,110
124900080,414,295,119
124900081,1444,380,1064
124900082,299,533,-234
124900083,390,313,77
124900085,641,752,-111
124900086,43,1777,-1734
124900087,237,154,83
124900088,240,137,103
124900089,688,23,665
124900090,611,271,340
124900091,395,241,154
124900092,275,222,53
124900093,524,228,296
124900094,675,273,402
124900095,176,618,-442
124900096,452,273,179
124900097,444,60,384
124900098,140,291,-151
124900099,271,613,-342
124900100,405,67,338
124900101,47,449,-402
124900102,296,22,274
124900103,190,136,54
124900104,80,126,-46
124900105,101,101,0
124900106,472,45,427
124900107,162,51,111
124900108,153,102,51
124900111,1,102,-101
124900112,75,221,-146
124900113,61,329,-268
124900114,130,183,-53
124900115,113,57,56
124900116,362,322,40
124900117,204,264,-60
124900118,157,621,-464
124900119,533,241,292
124900120,58,239,-181
124900121,105,513,-408
124900122,236,174,62
124900123,265,120,145
124900124,158,347,-189
204000001,140,6,134
204000002,10,3,7
204000003,27,4,23
204000004,2,9,-7
204000005,681,420,261
204000006,1081,1037,44
204000011,16,26,-10
204000012,53,83,-30
204000019,1070,380,690
204000020,863,645,218
204000021,1902,1149,753
204000022,996,533,463
204000023,615,487,128
204000031,37,21,16
204000032,307,40,267
204000034,20,98,-78
204000035,0,4,-4
204000036,9,30,-21
204000037,2,22,-20
204000038,5,16,-11
204000039,23,20,3
204000040,8,12,-4
204000041,11,29,-18
204000042,68,13,55
204000043,37,5,32
204000044,44,5,39
204000045,48,3,45
204000046,25,3,22
204000057,10,10,0
204000062,49,38,11
204000068,26,327,-301
204000069,145,347,-202
204000070,72,54,18
204000080,86,43,43
204000085,1441,1086,355
204000086,1762,1205,557
204000087,67,7,60
204000088,7,61,-54
204000090,27,166,-139
204000093,660,55,605
204000096,1409,808,601
204000097,683,8,675
204000099,1134,1704,-570
204000100,1627,1671,-44
204000105,1329,822,507
204000110,411,1289,-878
204000111,520,634,-114
204000112,599,1545,-946
204000113,557,1081,-524
204000114,1188,1158,30
204000115,675,398,277
204000116,776,1224,-448
204000119,2153,2144,9
204000132,678,452,226
204000133,874,156,718
204000134,265,86,179
204000135,664,103,561
204000136,497,160,337
204000138,381,672,-291
204000140,271,142,129
204000141,201,67,134
204000144,4,24,-20
204000145,605,53,552
204000146,17,187,-170
204000147,13,191,-178
204000148,211,33,178
204000154,19,9,10
204000155,1,15,-14
204000177,66,46,20
204000179,48,7,41
204000180,0,30,-30
204000222,4,13,-9
204000235,26,12,14
204000236,69,122,-53
204000238,51,23,28
204000240,380,55,325
204000263,459,687,-228
204000268,709,461,248
204000308,108,17,91
204000317,8,69,-61
204000322,8,45,-37
204000323,4,7,-3
204000328,263,28,235
204000329,52,153,-101
204000330,174,15,159
204000331,43,92,-49
204010341,16,159,-143
205000001,581,952,-371
205000013,14,49,-35
205000014,29,73,-44
205000015,36,97,-61
205000016,18,83,-65
205000017,27,67,-40
205000022,247,627,-380
205000025,831,591,240
205000029,313,20,293
205000045,128,985,-857
205000046,163,500,-337
205000047,64,579,-515
205000048,440,579,-139
205000049,204,474,-270
205000050,944,224,720
205000059,0,144,-144
205000060,1,60,-59
205000061,1,177,-176
205000062,3,248,-245
205000063,20,210,-190
205000064,8,54,-46
205000065,85,346,-261
205000066,88,319,-231
205000067,44,549,-505
205000069,198,16,182
205000082,194,230,-36
205000110,76,158,-82
205000111,244,160,84
205000112,174,195,-21
205000113,157,251,-94
205000121,238,59,179
205000123,30,190,-160
205000126,431,86,345
205000127,774,137,637
205000128,426,68,358
205000129,777,49,728
205000130,116,16,100
205000131,51,8,43
205000132,74,6,68
205000133,24,2,22
205000134,328,0,328
205000137,83,104,-21
205000138,135,327,-192
205000139,40,80,-40
205000144,96,76,20
205000145,500,171,329
205000151,187,27,160
205000152,158,14,144
205000153,221,34,187
205000154,86,40,46
205000155,186,17,169
205000207,4,118,-114
205000233,36,0,36
205000234,0,1,-1
205000243,0,2,-2
205000244,0,5,-5
205000245,12,115,-103
205000249,1,16,-15
205000250,7,0,7
205000264,15,70,-55
206000027,5,11,-6
206000028,8,8,0
206000043,5,29,-24
206000053,1,6,-5
206000054,1,21,-20
206000055,0,28,-28
206000075,18,37,-19
206000076,34,17,17
206000077,25,2,23
206000078,22,9,13
206000079,35,10,25
206000082,360,51,309
206000100,17,368,-351
206000103,8,11,-3
206000104,11,21,-10
206000105,9,6,3
206000106,4,11,-7
206000108,592,51,541
206000125,102,0,102
206000157,43,386,-343
206000170,0,112,-112
206000171,5,184,-179
206000172,26,142,-116
206000173,8,80,-72
206000174,37,26,11
206000175,1,50,-49
206000176,12,62,-50
206000177,0,59,-59
206000178,0,154,-154
206000179,2,96,-94
206000180,11,51,-40
206000181,13,33,-20
206000182,4,56,-52
206000183,15,147,-132
206000184,9,126,-117
206000185,3,51,-48
206000186,68,304,-236
206000223,2,128,-126
206000226,20,8,12
206000227,38,6,32
206000237,32,122,-90
206000238,10,236,-226
206000239,155,1299,-1144
206000240,0,60,-60
206000241,0,47,-47
206000242,4,60,-56
206000243,24,40,-16
206000244,59,157,-98
206000245,1643,78,1565
206000246,564,16,548
206000247,571,8,563
206000248,682,19,663
206000252,80,45,35
206000258,27,29,-2
206000315,49,6,43
206000317,962,163,799
206000318,1115,89,1026
206000319,3408,114,3294
206000320,496,52,444
206000321,596,27,569
206000322,1000,20,980
206000323,304,9,295
206000324,319,17,302
206000325,256,10,246
206000326,260,20,240
206000327,105,9,96
206000328,358,4,354
206000329,524,9,515
206000330,97,4,93
206000331,341,6,335
206000332,112,3,109
206000333,1261,2,1259
206000334,577,4,573
206000335,0,12,-12
206000361,4,145,-141
206000392,1,14,-13
206000405,265,2,263
206000441,71,26,45
206000498,70,1,69
206000515,55,59,-4
206000530,618,89,529
206000531,329,381,-52
206000532,1721,525,1196
206000535,76,2284,-2208
206000536,8,96,-88
206000537,16,126,-110
206000613,1862,316,1546
207000001,118,694,-576
207000002,86,464,-378
207000003,155,167,-12
207000007,1649,251,1398
207000008,181,9,172
207000009,75,36,39
207000010,333,220,113
207000012,599,165,434
207000015,289,670,-381
207000019,211,77,134
207000021,480,220,260
207000022,218,181,37
207000023,326,63,263
207000024,1,28,-27
207000025,24,72,-48
207000026,83,31,52
207000027,14,42,-28
207000028,58,128,-70
207000029,147,380,-233
207000033,189,515,-326
207000034,339,166,173
207000039,667,94,573
207000040,755,29,726
207000041,184,29,155
207000042,407,63,344
207000043,291,172,119
207000051,122,215,-93
207000052,23,162,-139
207000053,401,344,57
207000054,61,83,-22
207000055,178,57,121
207000056,298,268,30
207000057,115,375,-260
207000058,207,228,-21
207000059,123,224,-101
207000060,110,151,-41
207000061,193,902,-709
207000062,553,42,511
207000063,602,98,504
207000064,414,98,316
207000065,503,257,246
207000066,334,173,161
207000067,67,64,3
207000068,150,48,102
207000069,903,313,590
207000082,7,121,-114
207000083,75,162,-87
207000084,482,287,195
207000085,351,39,312
207000086,423,7,416
207000106,75,24,51
207000107,161,12,149
207000108,96,15,81
207000109,87,9,78
207000110,98,78,20
207000111,121,104,17
207000112,108,892,-784
207000114,16,26,-10
207000115,47,53,-6
207000116,19,375,-356
207000117,13,77,-64
207000118,5,40,-35
207000119,16,45,-29
207000123,263,16,247
207000124,135,27,108
207000125,95,22,73
207000126,92,39,53
207000134,183,97,86
207000135,20,110,-90
207000148,133,387,-254
207000149,55,27,28
207000152,93,389,-296
207000153,342,1007,-665
207000154,266,226,40
207000159,129,92,37
207000160,139,209,-70
207000238,0,109,-109
207000242,2,57,-55
207000248,27,27,0
207000249,98,19,79
207000250,347,67,280
207000251,74,97,-23
207000252,57,39,18
207000278,131,93,38
207000279,26,80,-54
207000280,993,62,931
207000281,160,424,-264
207000282,86,240,-154
207000283,34,219,-185
207000284,36,474,-438
207000285,77,70,7
207000291,18,94,-76
207000304,83,62,21
207000306,55,258,-203
207000310,164,87,77
207000353,176,0,176
207000356,16,57,-41
207000357,6,17,-11
207000358,21,40,-19
207000415,3,73,-70
207000417,53,2,51
207000418,101,129,-28
207000438,0,2,-2
207000439,660,576,84
207000446,188,6,182
207000460,78,6,72
207000466,119,107,12
207000467,416,72,344
207000468,67,160,-93
207000476,8,45,-37
207000477,945,43,902
207000478,5,99,-94
207000523,0,14,-14
207000524,41,0,41
207000527,199,152,47
207000530,796,10,786
207000531,368,10,358
207000532,154,32,122
207000534,199,49,150
207000535,33,323,-290
207000537,13,78,-65
207000540,11,52,-41
207000541,10,159,-149
207000548,15,127,-112
207000549,371,29,342
207000561,221,261,-40
207000562,20,109,-89
207000567,134,310,-176
207000568,398,32,366
207000569,706,313,393
207000584,86,196,-110
207000585,32,293,-261
207000587,11,6,5
207000616,0,46,-46
207000617,242,0,242
207900008,414,67,347
208000001,653,1271,-618
208000002,776,682,94
208000003,1192,577,615
208000004,940,769,171
208000005,2,13,-11
208000019,773,625,148
208000020,233,302,-69
208000021,326,284,42
208000022,1196,456,740
208000028,897,1786,-889
208000033,635,550,85
208000034,1037,1411,-374
208000037,335,14,321
208000040,185,123,62
208000041,820,556,264
208000042,1022,558,464
208000047,110,155,-45
208000064,1953,1416,537
208000066,1488,2523,-1035
208000070,450,335,115
208000071,708,469,239
208000072,550,796,-246
208000080,314,455,-141
208000081,481,150,331
208000082,405,148,257
208000083,192,242,-50
208000084,9,21,-12
208000085,581,471,110
208000086,483,947,-464
208000087,382,707,-325
208000089,1217,249,968
208000090,1206,385,821
208000093,167,188,-21
208000094,508,355,153
208000095,679,474,205
208000104,1413,609,804
208000105,816,756,60
208000114,132,388,-256
208000115,613,285,328
208000116,794,969,-175
208000117,128,135,-7
208000118,133,217,-84
208000155,729,1199,-470
208000158,1309,3474,-2165
208000186,1858,3368,-1510
208000204,871,964,-93
208000205,1390,809,581
208000282,2272,2663,-391
209000004,615,286,329
209000005,40,45,-5
209000006,499,255,244
209000007,317,339,-22
209000010,311,115,196
209000011,100,262,-162
209000012,96,112,-16
209000013,216,210,6
209000014,404,521,-117
209000025,645,56,589
209000026,1021,139,882
209000027,271,375,-104
209000028,352,371,-19
209000029,321,593,-272
209000030,329,911,-582
209000031,2256,1327,929
209000034,265,292,-27
209000035,161,248,-87
209000036,301,104,197
209000037,462,166,296
209000038,162,162,0
209000039,62,142,-80
209000040,330,381,-51
209000041,177,317,-140
209000042,325,228,97
209000043,525,623,-98
209000044,196,636,-440
209000045,846,304,542
209000046,624,382,242
209000047,413,175,238
209000048,632,383,249
209000049,90,75,15
209000050,171,77,94
209000051,232,214,18
209000052,146,155,-9
209000062,56,50,6
209000063,66,51,15
209000064,41,37,4
209000065,162,34,128
209000066,161,14,147
209000067,165,33,132
209000080,14,207,-193
209000082,94,31,63
209000091,23,73,-50
209000093,31,21,10
209000094,60,145,-85
209000110,49,134,-85
209000111,696,2142,-1446
209000112,1557,570,987
209000113,2253,614,1639
209000114,1286,604,682
209000115,47,73,-26
209000116,451,192,259
209000118,22,32,-10
209000119,4,8,-4
209000121,102,380,-278
209000135,81,186,-105
209000142,714,2222,-1508
209000143,53,52,1
209000144,37,156,-119
209000229,287,124,163
209000240,14,132,-118
209000259,38,49,-11
209000260,64,674,-610
209000261,7,305,-298
209000262,2,234,-232
209000263,0,198,-198
209000264,1,165,-164
209000265,341,0,341
209000266,123,0,123
209000267,1194,11,1183
209000268,583,83,500
210000037,58,35,23
210000047,125,10,115
210000048,164,18,146
210000049,67,4,63
210000052,94,45,49
210000053,29,28,1
210000054,19,59,-40
210000070,219,2,217
210000071,98,0,98
210000072,55,0,55
210000073,0,21,-21
210000074,0,62,-62
210000075,7,87,-80
210000076,7,142,-135
210000077,12,66,-54
210000078,37,75,-38
210000079,25,6,19
210000080,57,50,7
210000081,126,44,82
210000082,93,8,85
210000083,94,7,87
210000084,68,1,67
210000085,0,51,-51
210000086,2,72,-70
210000099,59,226,-167
210000100,67,122,-55
210000101,80,179,-99
210000105,24,204,-180
210000159,0,188,-188
210000163,84,225,-141
210000164,250,194,56
210000168,114,42,72
210000187,0,34,-34
210000188,0,22,-22
210000214,9,0,9
210000219,56,75,-19
210000220,143,30,113
210000232,2,25,-23
210000233,24,42,-18
210000234,34,81,-47
210000235,70,65,5
210000245,2,55,-53
210000246,28,18,10
210000258,12,67,-55
210000259,248,57,191
210000282,64,231,-167
210000285,4,134,-130
210000286,24,96,-72
210000290,4,11,-7
210000295,65,109,-44
210000296,45,30,15
210000320,305,52,253
210000321,126,41,85
210000338,54,55,-1
210000339,168,1017,-849
210000340,77,378,-301
210000341,229,299,-70
210000342,240,174,66
210000343,170,192,-22
210000344,137,151,-14
210000345,136,185,-49
210000346,47,124,-77
210000347,25,40,-15
210000348,103,35,68
210000349,57,25,32
210000350,172,64,108
210000351,195,44,151
210000352,68,35,33
210000353,90,58,32
210000354,94,43,51
210000355,29,67,-38
210000356,16,45,-29
210000357,42,69,-27
210000358,211,193,18
210000359,91,64,27
210000360,131,121,10
210000361,201,120,81
210000362,226,205,21
210000363,384,243,141
210000364,101,147,-46
210000365,114,56,58
210000366,109,65,44
210000367,74,27,47
210000368,136,34,102
210000369,35,22,13
210000370,51,40,11
210000372,10,19,-9
210000373,19,26,-7
210000374,46,31,15
210000375,53,40,13
210000376,62,83,-21
210000404,53,94,-41
210000439,33,17,16
210000472,64,4,60
210000482,41,153,-112
210000564,178,239,-61
210000567,0,53,-53
210000568,200,3,197
211000092,62,35,27
211000094,35,5,30
211000169,234,23,211
211000172,21,191,-170
211000209,0,22,-22
211000226,7,45,-38
211000270,48,23,25
211000275,33,8,25
211000276,132,32,100
211000279,16,20,-4
211000281,74,32,42
211507980,0,53,-53
211977296,45,11,34
212000003,180,27,153
212000004,12,26,-14
212000005,7,68,-61
212000006,26,41,-15
212000008,144,71,73
212000009,34,76,-42
212000012,97,39,58
212000013,36,39,-3
212000014,304,97,207
212000015,325,200,125
212000016,568,369,199
212000027,558,311,247
212000028,442,252,190
212000029,260,162,98
212000030,68,27,41
212000031,97,29,68
212000048,58,292,-234
212000049,13,246,-233
212000050,24,22,2
212000051,259,146,113
212000052,213,163,50
212000053,309,267,42
212000054,438,63,375
212000055,345,89,256
212000056,32,20,12
212000057,7,17,-10
212000058,122,22,100
212000070,102,107,-5
212000077,160,333,-173
212000099,301,203,98
212000108,213,69,144
212000111,321,49,272
212000120,106,49,57
212000138,161,26,135
212000156,3,46,-43
212000158,7,26,-19
212000159,625,56,569
212000160,903,178,725
212000161,58,17,41
212000310,63,15,48
212000311,16,49,-33
212000374,46,18,28
213000001,24,388,-364
213000005,460,161,299
213000006,893,262,631
213000007,76,5,71
213000009,408,367,41
213000010,229,242,-13
213000011,194,86,108
213000012,158,215,-57
213000014,76,21,55
213000015,371,11,360
213000016,429,2,427
213000017,74,1,73
213000018,1,34,-33
213000019,0,73,-73
213000020,140,227,-87
213000021,4,130,-126
213000023,473,294,179
213000033,412,1361,-949
213000034,514,197,317
213000035,185,235,-50
213000045,228,239,-11
213000046,171,174,-3
213000047,389,1204,-815
213000056,155,35,120
213000069,87,9,78
213000073,1,44,-43
213000074,123,285,-162
213000075,551,3,548
213000076,23,5,18
213000085,4,33,-29
213000086,18,128,-110
213000091,364,12,352
213000092,96,18,78
213000099,147,1154,-1007
213000100,984,339,645
213000101,635,83,552
213000102,715,182,533
213000103,913,704,209
213000104,68,295,-227
213000105,72,1072,-1000
213000106,50,87,-37
213000107,180,249,-69
213000108,43,323,-280
213000109,27,186,-159
213000110,49,152,-103
213000111,6,100,-94
213000112,101,129,-28
213000115,36,6,30
213000116,47,333,-286
213000117,14,448,-434
213000118,813,238,575
213000119,44,414,-370
213000120,118,233,-115
213000122,127,284,-157
213000123,234,583,-349
213000124,208,1353,-1145
213000125,209,28,181
213000126,59,110,-51
213000127,74,246,-172
213000128,219,1123,-904
213000129,283,884,-601
213000130,1029,350,679
213000132,664,123,541
213000133,921,115,806
213000134,1239,21,1218
213000136,584,23,561
213000137,751,59,692
213000139,130,17,113
213000147,20,15,5
213000148,24,13,11
213000149,29,8,21
213000150,1,205,-204
213000151,2,101,-99
213000152,2,77,-75
213000153,5,123,-118
213000154,41,324,-283
213000155,62,173,-111
213000156,101,277,-176
213000157,793,341,452
213000158,429,746,-317
213000159,799,351,448
213000163,1555,124,1431
213000165,930,427,503
213000171,0,60,-60
213000172,6,181,-175
213000173,0,125,-125
213000174,2,84,-82
213000175,20,39,-19
213000176,68,31,37
213000177,134,5,129
213000178,252,8,244
213000179,286,1,285
213000180,282,0,282
213000184,129,319,-190
213000188,519,92,427
213000189,682,46,636
213000190,883,613,270
213000191,551,279,272
213000192,320,177,143
213000193,500,249,251
213000194,0,91,-91
213000195,38,361,-323
213000196,265,1454,-1189
213000197,596,598,-2
213000198,29,2,27
213000200,132,482,-350
213000201,27,43,-16
213000202,6,369,-363
213000203,2293,534,1759
213000204,910,51,859
213000205,485,72,413
213000206,573,20,553
213000207,66,9,57
213000208,61,1,60
213000209,132,0,132
213000210,232,1,231
213000211,10,18,-8
213000212,12,47,-35
213000213,22,40,-18
213000218,345,314,31
213000219,712,24,688
213000220,624,10,614
213000223,167,212,-45
213000224,14,69,-55
213000225,151,23,128
213000226,70,29,41
213000227,1236,180,1056
213000228,565,55,510
213000229,97,13,84
213000230,399,9,390
213000232,82,527,-445
213000233,9,503,-494
213000234,6,115,-109
213000293,10,52,-42
213000294,94,40,54
213000295,11,98,-87
213000296,51,17,34
213000297,10,83,-73
213000298,16,82,-66
213000299,44,23,21
213000300,5,3,2
213000303,4,11,-7
213000304,3,8,-5
213000305,1,16,-15
213000306,37,44,-7
213000307,82,106,-24
213000308,81,148,-67
213000309,189,55,134
213000310,512,307,205
213000311,238,906,-668
213000315,91,99,-8
213000316,176,56,120
213000322,132,61,71
213000323,241,63,178
213000324,84,32,52
213000325,95,39,56
213000326,77,20,57
213000327,72,20,52
213000328,56,154,-98
213000329,176,10,166
213000340,183,272,-89
213000341,804,69,735
213000346,186,356,-170
213000347,415,613,-198
213000348,7,248,-241
213000349,5,23,-18
213000350,277,663,-386
213000366,81,176,-95
213000367,385,9,376
213000379,54,107,-53
213000386,23,183,-160
213000406,149,212,-63
213000417,1609,449,1160
213000425,332,41,291
213000426,265,31,234
213000427,86,100,-14
213000428,70,100,-30
213000429,5,6,-1
213000430,87,314,-227
213000431,24,5,19
213000432,2,23,-21
213000433,25,99,-74
213000434,187,106,81
213000435,187,45,142
213000436,51,71,-20
213000437,0,2,-2
213000438,223,36,187
213000439,32,12,20
213000440,11,273,-262
213000441,8,4,4
213000442,6,30,-24
213000443,570,232,338
213000444,57,26,31
213000445,1,71,-70
213000446,0,21,-21
213000447,3,29,-26
213000448,10,175,-165
213000449,752,21,731
213000450,24,33,-9
213000451,365,75,290
213000452,31,25,6
213000453,26,234,-208
213000455,158,24,134
213000456,0,150,-150
213000481,5,2,3
213000482,33,1,32
213000489,188,89,99
213000491,5,192,-187
213000492,136,1,135
213000493,1,100,-99
213000494,322,105,217
213000495,0,28,-28
213000496,522,129,393
213000497,30,242,-212
213000498,193,97,96
213000499,243,178,65
213000500,758,45,713
213000501,161,36,125
213000502,197,143,54
213000503,0,40,-40
213000504,16,32,-16
213000505,14,0,14
213000506,0,11,-11
213000507,1,105,-104
213900016,0,5,-5
213900244,96,1,95
213900245,0,9,-9
218000003,25,31,-6
218000004,19,23,-4
218000005,26,45,-19
218000006,49,42,7
218000007,13,11,2
218000012,137,122,15
218000013,169,191,-22
218000014,372,431,-59
218000019,458,402,56
218000020,249,319,-70
218000021,28,24,4
218000022,9,15,-6
218000023,3,15,-12
218000024,4,5,-1
218000025,4,10,-6
218000026,5,15,-10
218000027,1,2,-1
218000028,2,4,-2
218000029,6,1,5
218000030,4,7,-3
218000031,9,15,-6
218000032,1,29,-28
218000040,1,2,-1
218000046,74,35,39
218000047,10,64,-54
218000048,71,44,27
218000049,55,41,14
218000050,280,126,154
218000051,57,82,-25
218000052,0,32,-32
218000053,1,23,-22
218000054,2,50,-48
218000055,7,13,-6
218000056,9,19,-10
218000057,1,14,-13
218000064,0,12,-12
218000065,66,31,35
218000066,16,33,-17
218000067,100,59,41
218000068,162,81,81
218000069,381,79,302
218000070,255,171,84
218000071,159,133,26
218000072,172,197,-25
218000078,1094,342,752
218000079,247,66,181
218000080,181,42,139
218000081,685,134,551
218000082,50,71,-21
218000083,84,45,39
218000084,202,87,115
218000085,216,198,18
218000086,98,82,16
218000087,216,106,110
218000090,16,174,-158
218000091,1258,550,708
218000092,152,98,54
218000093,107,41,66
218000094,382,492,-110
218000099,305,640,-335
218000100,418,257,161
218000101,332,153,179
218000102,608,119,489
218000103,122,98,24
218000104,122,36,86
218000105,36,21,15
218000106,14,20,-6
218000107,130,46,84
218000108,3,23,-20
218000112,56,43,13
218000117,58,59,-1
218000134,675,302,373
218000135,11,63,-52
218000136,175,75,100
218000137,189,114,75
218000138,69,136,-67
218000139,178,214,-36
218000140,599,226,373
218000141,79,39,40
218000142,210,113,97
218000143,72,328,-256
218000144,21,121,-100
218000145,552,334,218
218000146,142,170,-28
218000151,2,16,-14
218000152,95,48,47
218000153,9,23,-14
218000154,13,4,9
218000155,49,4,45
218000156,137,27,110
218000157,61,19,42
218000158,23,22,1
218000159,7,14,-7
218000160,14,11,3
218000161,83,5,78
218000162,55,8,47
218000163,37,2,35
218000164,120,2,118
218000165,172,37,135
218000170,6,24,-18
218000171,37,4,33
218000172,4,5,-1
218000173,21,10,11
218000174,34,15,19
218000176,293,69,224
218000177,405,230,175
218000178,115,199,-84
218000179,121,82,39
218000180,111,38,73
218000181,206,38,168
218000187,12,41,-29
218000188,17,29,-12
218000189,54,50,4
218000190,15,22,-7
218000191,246,47,199
218000192,267,145,122
218000193,503,207,296
218000194,162,199,-37
218000195,161,48,113
218000196,400,200,200
218000197,659,194,465
218000198,17,75,-58
218000199,75,24,51
218000200,58,18,40
218000201,19,9,10
218000202,49,291,-242
218000207,4,14,-10
218000208,13,34,-21
218000211,32,20,12
218000212,1,12,-11
218000213,63,82,-19
218000214,14,17,-3
218000215,28,21,7
218000217,2,34,-32
218000218,117,25,92
218000219,2,29,-27
218000220,36,403,-367
218000221,473,224,249
218000222,4,40,-36
218000223,45,334,-289
218000224,13,223,-210
218000225,307,43,264
218000226,287,74,213
218000230,0,4,-4
218000232,36,44,-8
218000239,149,7,142
218000240,6,2,4
218000241,27,3,24
218000242,5,3,2
218000243,15,0,15
218000244,20,1,19
218000245,31,3,28
218000246,0,0,0
218000247,0,2,-2
218000248,1,14,-13
218000249,0,7,-7
218000250,7,4,3
218000251,5,44,-39
218000252,4,181,-177
218000253,1,130,-129
218000254,1,66,-65
218000255,6,26,-20
218000256,8,90,-82
218000267,378,925,-547
218000268,7,21,-14
218000269,2,14,-12
218000270,112,33,79
218000271,6,27,-21
218000273,41,5,36
218000274,21,3,18
218000275,76,53,23
218000276,33,21,12
218000278,13,32,-19
218000279,109,28,81
218000280,0,11,-11
218000281,12,13,-1
218000282,453,741,-288
218000284,62,7,55
218000301,93,134,-41
218000302,67,33,34
218000303,22,70,-48
218000316,987,684,303
218000317,1711,516,1195
218000318,1243,409,834
218000319,1333,661,672
218000320,954,462,492
218000338,23,24,-1
218000345,86,71,15
218000346,30,178,-148
218000459,26,117,-91
218000490,30,46,-16
218000501,128,33,95
218000502,51,27,24
218000503,115,25,90
218000504,154,26,128
218000505,29,81,-52
218000506,26,174,-148
218000508,1,9,-8
218000510,131,17,114
218000520,110,112,-2
218000521,2,42,-40
218000522,0,176,-176
218000523,137,1,136
218000524,14,203,-189
218000525,150,13,137
218000526,16,161,-145
218000529,48,78,-30
218000530,26,1,25
218000531,11,12,-1
218000532,41,22,19
218000534,194,33,161
218000537,25,92,-67
218000538,140,532,-392
218000540,174,122,52
218000543,176,45,131
218000544,34,48,-14
218000545,129,86,43
218000546,38,59,-21
218000547,136,196,-60
218000548,157,83,74
218000549,745,413,332
218000550,210,195,15
218000551,76,639,-563
218000552,233,66,167
218000553,40,66,-26
218000554,35,18,17
218000555,23,31,-8
218000556,241,120,121
218000557,407,106,301
218000558,79,0,79
218000559,0,23,-23
218000560,0,42,-42
218000561,13,0,13
218000562,19,156,-137
218000563,165,31,134
218000564,3,133,-130
218000565,117,54,63
218000566,135,33,102
218000567,3,74,-71
218000568,6,2,4
218000569,2,172,-170
218000570,38,12,26
218000571,1,119,-118
218000572,124,5,119
218000573,10,130,-120
218000574,29,13,16
218000575,156,0,156
218000576,3,72,-69
218000577,91,1,90
218000578,1,64,-63
218000579,64,35,29
218000581,12,51,-39
218000582,46,1,45
218000583,6,1,5
218000584,1,28,-27
218000585,56,2,54
218000586,10,33,-23
218000587,2,4,-2
218000588,0,5,-5
218000589,0,4,-4
218000590,5,3,2
218000591,1,3,-2
218000592,10,17,-7
218000593,0,0,0
218000594,0,0,0
218000597,0,1,-1
218000598,0,0,0
218000599,0,1,-1
218000600,0,0,0
218000601,0,1,-1
218000602,0,0,0
218000603,0,2,-2
218000604,68,55,13
218000605,0,50,-50
218000606,117,0,117
218000607,11,43,-32
218000608,57,17,40
218000609,13,51,-38
218000610,84,7,77
218000611,23,1,22
218000612,7,60,-53
218000613,61,1,60
218000614,0,25,-25
218000615,176,5,171
218000616,14,113,-99
218000617,8,0,8
218000618,0,15,-15
218000619,65,27,38
218000620,21,30,-9
218000621,0,3,-3
218000622,0,28,-28
218000623,43,1,42
218000624,2,31,-29
218000625,3,0,3
218000626,0,7,-7
218000628,239,51,188
218000631,27,15,12
218000632,0,168,-168
218000633,121,1,120
218000634,4,22,-18
218000635,8,24,-16
218000636,947,558,389
218000637,1249,302,947
218000638,320,33,287
218000639,20,64,-44
218000640,475,23,452
218000641,111,114,-3
218000652,29,20,9
218000653,265,75,190
218000663,13,82,-69
218000675,42,27,15
218000676,2,6,-4
218000677,25,2,23
218000680,200,232,-32
218000681,438,170,268
218000691,197,114,83
218000693,474,109,365
218000703,3,9,-6
218000718,73,777,-704
218000719,131,447,-316
218000720,11,231,-220
218000721,50,17,33
218000725,9,2,7
218001147,1,33,-32
218001214,3,166,-163
218001258,121,4,117
218001329,83,111,-28
218001330,72,52,20
218001351,37,15,22
218001352,19,20,-1
218001353,6,5,1
218001354,4,15,-11
218001355,3,89,-86
218001356,642,40,602
218001357,3,37,-34
218001358,515,5,510
218001361,412,4,408
218001362,1,25,-24
219000001,45,59,-14
219000002,10,47,-37
219000003,67,77,-10
219000004,46,57,-11
219000017,45,84,-39
219000020,161,38,123
219000022,116,4,112
219000023,86,0,86
219000029,0,30,-30
219000034,39,15,24
219000039,80,237,-157
219000040,45,150,-105
219000041,156,22,134
219000051,0,50,-50
219000052,0,16,-16
219000053,2,55,-53
219000054,14,77,-63
219000055,322,1,321
219000056,4,0,4
219000057,101,0,101
219000062,33,67,-34
219000063,106,6,100
219000064,0,43,-43
219000110,306,103,203
219000111,88,42,46
219000112,218,74,144
219000113,205,59,146
219000114,187,65,122
219000116,160,57,103
219000117,206,82,124
219000118,176,77,99
219000123,124,68,56
219000124,66,58,8
219000125,18,9,9
219000126,42,115,-73
219000127,0,4,-4
219000128,5,96,-91
219000129,8,133,-125
219000130,155,482,-327
219000131,595,995,-400
219000133,32,65,-33
219000134,19,36,-17
219000135,19,79,-60
219000136,64,170,-106
219000138,72,27,45
219000139,59,33,26
219000140,82,0,82
219000141,37,55,-18
219000142,19,52,-33
219000143,14,29,-15
219000145,20,26,-6
219000146,11,23,-12
219000147,5,20,-15
219000148,3,12,-9
219000149,8,24,-16
219000150,4,39,-35
219000151,0,17,-17
219000157,313,105,208
219000158,105,149,-44
219000161,170,4,166
219000163,808,439,369
219000166,160,166,-6
219000167,127,128,-1
219000168,264,92,172
219000174,484,147,337
219000175,162,3,159
219000176,155,11,144
219000177,95,1,94
219000178,88,0,88
219000179,18,6,12
219000180,44,37,7
219000182,155,19,136
219000183,87,33,54
219000184,159,16,143
219000185,3,48,-45
219000186,95,9,86
219000187,26,70,-44
219000189,34,181,-147
219000190,52,211,-159
219000191,238,1703,-1465
219000192,154,181,-27
219000193,142,104,38
219000195,2,62,-60
219000196,9,96,-87
219000198,14,70,-56
219000199,38,120,-82
219000200,55,96,-41
219000201,63,145,-82
219000203,34,124,-90
219000204,91,358,-267
219000205,55,234,-179
219000207,101,213,-112
219000209,22,51,-29
219000210,16,68,-52
219000213,7,95,-88
219000239,186,200,-14
219000240,172,372,-200
219000241,161,81,80
219000242,34,141,-107
219000243,113,250,-137
219000244,28,61,-33
219000245,13,24,-11
219000246,31,20,11
219000247,214,19,195
219000248,443,410,33
219000249,171,142,29
219000250,193,114,79
219000251,586,296,290
219000252,252,177,75
219000253,413,83,330
219000255,197,131,66
219000256,272,41,231
219000257,101,0,101
219000262,105,68,37
219000263,50,66,-16
219000267,2,34,-32
219000268,2,1,1
219000269,6,1,5
219000270,16,0,16
219000271,162,6,156
219000278,1,4,-3
219000279,2,3,-1
219000283,0,12,-12
219000295,16,49,-33
219000296,91,203,-112
219000297,47,54,-7
219000298,37,59,-22
219000299,403,56,347
219000300,47,76,-29
219000301,79,213,-134
219000302,21,135,-114
219000307,48,19,29
219000308,57,58,-1
219000311,189,81,108
219000312,525,138,387
219000313,451,42,409
219000314,66,154,-88
219000315,313,50,263
219000316,681,46,635
219000317,193,17,176
219000320,3,36,-33
219000321,1,17,-16
219000323,5,53,-48
219000325,1,10,-9
219000326,39,45,-6
219000327,34,33,1
219000328,15,38,-23
219000329,277,114,163
219000330,25,27,-2
219000331,37,40,-3
219000332,138,71,67
219000333,32,3,29
219000335,109,0,109
219000337,24,0,24
219000338,53,1,52
219000344,16,67,-51
219000345,27,94,-67
219000346,45,55,-10
219000348,211,57,154
219000349,57,97,-40
219000350,118,504,-386
219000351,3,17,-14
219000352,352,86,266
219000353,143,61,82
219000354,245,110,135
219000355,145,67,78
219000356,474,1458,-984
219000363,175,69,106
219000364,146,57,89
219000365,94,16,78
219000366,179,500,-321
219000368,289,615,-326
219000370,691,578,113
219000371,10,21,-11
219000382,6,18,-12
219000383,260,1314,-1054
219000385,274,562,-288
219000386,518,1923,-1405
219000387,0,6,-6
219000390,4,0,4
219000391,4,0,4
219000397,40,25,15
219000398,53,47,6
219000401,7,77,-70
219000402,37,55,-18
219000403,93,263,-170
219000404,36,122,-86
219000407,3,25,-22
219000409,68,60,8
219000410,160,35,125
219000411,116,22,94
219000446,62,460,-398
219000447,0,19,-19
219000448,14,13,1
219000452,71,75,-4
219000453,50,231,-181
219000454,188,307,-119
219000556,337,75,262
219000558,84,97,-13
219000590,23,145,-122
219000591,162,59,103
219000592,73,194,-121
219000595,4,20,-16
219000635,204,47,157
219000636,58,47,11
219000657,17,20,-3
219000658,50,210,-160
219000673,0,42,-42
219000676,18,11,7
219000679,41,12,29
219000684,114,1,113
219000685,0,30,-30
219000686,2,1,1
219000688,0,42,-42
219000689,13,172,-159
219000690,138,26,112
219000691,45,165,-120
219000692,112,33,79
219000693,0,11,-11
219000694,37,0,37
219000695,58,4,54
219000698,12,0,12
219000699,0,20,-20
219000727,1,53,-52
219000728,167,1,166
219000770,55,0,55
219000771,0,65,-65
219000788,261,272,-11
219001150,3,38,-35
219001151,1,4,-3
219001166,21,48,-27
219001167,2,68,-66
219001178,67,0,67
220000001,30,91,-61
220000002,11,120,-109
220000003,285,173,112
220000004,418,293,125
220000005,728,1902,-1174
220000006,144,665,-521
220000007,418,213,205
220000008,349,373,-24
220000009,315,286,29
220000010,127,45,82
220000011,395,3223,-2828
220000012,68,256,-188
220000014,214,65,149
220000015,77,366,-289
220000017,29,228,-199
220000018,5151,2509,2642
220000019,78,412,-334
220000020,455,163,292
220000021,942,167,775
220000022,1229,348,881
220000023,431,175,256
220000024,1328,487,841
220000025,1282,2005,-723
220000026,358,790,-432
220000027,22,133,-111
220000028,53,61,-8
220000029,28,60,-32
220000030,51,67,-16
220000031,809,340,469
220000064,25,917,-892
221000046,3,0,3
221000047,0,0,0
221000048,0,2,-2
221000049,0,9,-9
221000050,4,0,4
221000055,34,32,2
221000057,81,6,75
221000068,290,132,158
221000069,340,58,282
221000070,259,31,228
221000071,139,12,127
221000072,283,13,270
221000073,158,26,132
221000074,0,12,-12
221000075,12,19,-7
221000076,7,12,-5
221000077,13,80,-67
221000081,16,7,9
221000082,69,7,62
221000083,12,5,7
221000084,12,5,7
221000085,14,35,-21
221000086,10,63,-53
221000087,5,82,-77
221000088,12,92,-80
221000089,24,171,-147
221000090,59,515,-456
221000098,152,14,138
221000099,182,19,163
221000100,118,7,111
221000101,224,13,211
221000102,187,18,169
221000109,8,68,-60
221000110,3,37,-34
221000111,16,86,-70
221000112,6,73,-67
221000113,12,81,-69
221000114,12,81,-69
221000120,37,40,-3
221000121,6,43,-37
221000122,50,47,3
221000123,5,17,-12
221000124,23,125,-102
221000155,99,11,88
221000156,66,37,29
221000175,2,7,-5
221000176,0,4,-4
221000182,60,4,56
221000241,491,339,152
221000242,120,311,-191
221000243,529,236,293
221000244,280,385,-105
221000245,103,79,24
221000246,43,187,-144
221000247,127,71,56
221000248,111,85,26
221000267,34,504,-470
221000325,25,47,-22
221000331,3,55,-52
221000338,18,40,-22
221000378,286,31,255
221000381,42,48,-6
222000282,2,1,1
222000296,2,4,-2
222000568,405,37,368
222000569,243,55,188
222000570,167,34,133
222000571,571,37,534
222000577,18,64,-46
222000578,7,89,-82
222000579,19,77,-58
222000580,46,385,-339
222000599,0,103,-103
222000600,3,154,-151
222000601,1,584,-583
222000603,10,76,-66
222000604,2,40,-38
222000605,11,26,-15
222000606,2,9,-7
222000607,17,3,14
222000608,42,21,21
222000609,49,75,-26
222000616,559,32,527
222000617,1,32,-31
222000618,13,6,7
222000620,13,9,4
222000621,35,13,22
222000623,700,8,692
222000624,498,3,495
222000625,921,10,911
222000636,89,4,85
222000686,17,36,-19
222000687,52,19,33
222001066,398,6,392
222001067,42,4,38
222001068,111,18,93
222001069,112,27,85
222001082,25,16,9
222001083,27,22,5
222001084,0,55,-55
222001085,4,178,-174
222001111,85,35,50
222001112,232,16,216
222001313,93,11,82
222001314,25,78,-53
222001464,51,62,-11
222001465,15,64,-49
222001484,198,37,161
222001485,20,42,-22
222001494,886,140,746
222001495,118,77,41
222001496,527,73,454
222001497,98,177,-79
222001502,9,43,-34
222001503,184,31,153
222001504,28,160,-132
222001505,486,11,475
222001506,58,236,-178
222001507,325,20,305
222001510,726,22,704
222001511,53,158,-105
222001514,847,183,664
222001515,118,241,-123
222001518,623,74,549
222001519,51,80,-29
222001527,253,71,182
222001528,33,111,-78
222001529,488,34,454
222001530,84,111,-27
222001533,96,193,-97
222001534,520,44,476
222001535,350,326,24
222001536,70,94,-24
222001537,458,55,403
222001538,79,339,-260
222001563,1183,101,1082
222001564,72,148,-76
222001568,253,224,29
222001576,1,2,-1
222001579,0,5,-5
222001583,12,56,-44
222001584,109,29,80
222001596,462,1026,-564
222001597,1444,455,989
222001626,0,86,-86
222001650,33,209,-176
222001651,63,400,-337
222001914,298,88,210
222001915,44,126,-82
222001968,609,225,384
222001969,241,307,-66
222001970,159,226,-67
222001971,48,5,43
222001972,11,15,-4
225000001,435,136,299
225000002,732,160,572
225000003,878,67,811
225000004,506,208,298
225000005,72,64,8
225000006,0,173,-173
225000007,958,1049,-91
225000010,386,25,361
225000011,330,1092,-762
225000012,328,652,-324
225000013,98,79,19
225000014,580,101,479
225000015,71,80,-9
225000021,813,160,653
225000027,173,288,-115
225000032,734,93,641
225000042,65,346,-281
225000049,45,45,0
225000050,102,7,95
225000053,6,207,-201
225000058,600,204,396
225000067,242,106,136
225000068,87,170,-83
225000069,69,309,-240
225000070,105,191,-86
225000071,30,74,-44
225000075,8,380,-372
225000076,44,73,-29
225000078,65,43,22
225000085,133,97,36
225000086,261,55,206
225000087,150,16,134
225000088,15,167,-152
225000089,74,814,-740
225000090,62,365,-303
225000091,168,116,52
225000092,61,38,23
225000093,203,159,44
225000094,19,124,-105
225000095,210,204,6
225000096,156,295,-139
225000098,814,264,550
225000099,428,142,286
225000100,555,126,429
225000104,103,256,-153
225000110,7,245,-238
225000111,160,535,-375
225000112,172,709,-537
225000113,191,477,-286
225000114,99,199,-100
225000115,827,508,319
225000116,654,187,467
225000117,762,272,490
225000118,1158,236,922
225000119,341,83,258
225000120,807,28,779
225000121,176,24,152
225000123,521,12,509
225000125,626,102,524
225000126,728,106,622
225000127,526,1553,-1027
225000128,407,964,-557
225000132,474,48,426
225000133,359,32,327
225000134,685,172,513
225000135,71,23,48
225000136,482,24,458
225000137,293,65,228
225000138,462,142,320
225000143,47,177,-130
225000144,8,251,-243
225000145,34,19,15
225000146,58,27,31
225000147,41,95,-54
225000148,10,114,-104
225000149,51,216,-165
225000151,22,134,-112
225000155,268,294,-26
225000156,169,719,-550
225000157,310,229,81
225000158,108,162,-54
225000171,4,101,-97
225000180,82,66,16
225000181,0,44,-44
225000182,89,4,85
225000185,3,338,-335
225000187,23,250,-227
225000191,49,2,47
225000194,1,17,-16
225000208,1,66,-65
225000209,111,13,98
225000210,2,144,-142
225000217,0,5,-5
225000218,12,3,9
225000223,0,31,-31
225000224,37,0,37
225000225,0,15,-15
225000226,13,3,10
225000227,45,62,-17
225000228,6,15,-9
225000229,1,33,-32
225000230,51,0,51
225000231,0,22,-22
225000232,212,0,212
225000241,63,0,63
225000242,1,23,-22
225000249,11,0,11
225000250,51,415,-364
225000251,512,34,478
225000254,1,6,-5
225000256,1,33,-32
225000257,1,10,-9
226000042,160,303,-143
226000043,45,202,-157
226000044,96,234,-138
226000045,42,198,-156
226000046,641,66,575
226000047,467,108,359
226000048,468,96,372
226000049,395,154,241
226000070,0,13,-13
226000071,0,22,-22
226000072,0,5,-5
226000073,0,6,-6
226000074,0,13,-13
226000084,0,13,-13
226000085,3,3,0
226000086,2,7,-5
226000087,0,15,-15
226000088,10,54,-44
226000090,135,128,7
226000091,29,87,-58
226000092,0,51,-51
226000093,15,2,13
226000094,6,6,0
226000095,7,2,5
226000105,12,1,11
226000106,11,1,10
226000107,12,0,12
226000108,20,1,19
226000109,122,0,122
226000124,125,71,54
226000134,1231,671,560
226000135,2164,480,1684
226000136,807,422,385
226000137,6,89,-83
226000138,8,73,-65
226000139,0,34,-34
226000156,245,4,241
226000157,260,6,254
226000163,25,189,-164
226000202,8,114,-106
226000231,476,10,466
226000232,34,4,30
227000033,459,69,390
227000036,588,42,546
227000037,626,44,582
227000038,213,18,195
227000084,3,72,-69
227000085,0,34,-34
227000088,45,4,41
227000089,80,4,76
227000090,47,1,46
227000091,23,2,21
227000092,24,0,24
227000093,154,0,154
227000094,6,0,6
227000130,30,127,-97
227000131,25,131,-106
227000132,3,105,-102
227000133,19,95,-76
227000134,19,183,-164
227000152,0,11,-11
227000153,0,76,-76
227000154,0,38,-38
227000155,1,22,-21
227000156,1,9,-8
227000165,2,103,-101
227000196,563,102,461
227000199,496,197,299
227000230,6,150,-144
227000232,749,56,693
227000242,31,334,-303
227000243,604,54,550
227000245,10,189,-179
227000246,71,214,-143
227000247,648,42,606
227000248,197,68,129
227000249,15,109,-94
227000250,404,273,131
227000251,66,227,-161
227000252,31,132,-101
227000253,299,24,275
227000262,594,43,551
227000266,1834,20,1814
227000267,22,625,-603
227000282,3,78,-75
227000284,788,13,775
227000286,1,26,-25
227000287,29,38,-9
227000291,7,218,-211
227000296,202,143,59
227000484,210,16,194
227000485,14,453,-439
227000655,258,8,250
227000656,703,16,687
227000657,134,6,128
227000661,335,16,319
227000680,169,142,27
229000265,24,30,-6
229000296,0,19,-19
229000297,3,40,-37
229000298,2,107,-105
229000320,11,0,11
229000321,11,7,4
229000412,13,60,-47
229000414,9,27,-18
229000415,10,3,7
229000416,0,3,-3
229000417,3,5,-2
229000419,58,277,-219
229000440,374,97,277
229000442,22,4,18
229000443,3,3,0
229000444,0,19,-19
229000445,99,10,89
229000446,89,7,82
229000491,4,20,-16
229000492,9,36,-27
229000493,4,38,-34
229000494,74,1,73
229000495,212,8,204
229000496,163,5,158
229000507,0,37,-37
229000508,0,30,-30
229000509,2,52,-50
229000510,2,16,-14
229000511,3,36,-33
229000512,0,19,-19
229000513,0,5,-5
229000514,0,3,-3
229000517,2,4,-2
229000518,13,7,6
229000519,0,5,-5
229000520,4,18,-14
229000521,78,12,66
229000522,14,1,13
229000523,8,1,7
229000524,8,0,8
229000527,4,0,4
229000528,0,0,0
229000529,10,0,10
229000530,115,0,115
229000531,44,0,44
229000532,20,1,19
229000533,74,0,74
229000534,64,1,63
229000564,140,0,140
229000565,61,0,61
229000566,0,2,-2
229000567,0,15,-15
229000582,77,3,74
229000583,6,9,-3
229000584,0,11,-11
229000585,3,59,-56
229000718,0,2,-2
229000719,0,0,0
229000720,1,7,-6
229000721,0,11,-11
229000722,0,8,-8
229000723,0,1,-1
229000724,0,3,-3
229000725,0,3,-3
229000738,0,0,0
229000739,1,0,1
229000740,3,0,3
229000741,47,0,47
229000742,12,0,12
229000743,13,0,13
229000744,1,0,1
229000745,3,0,3
229000746,23,0,23
229000847,70,1,69
229000848,20,0,20
229000849,135,0,135
229000851,85,0,85
229000854,0,4,-4
229000856,0,24,-24
229000857,0,9,-9
229000858,0,17,-17
229000919,8,65,-57
229000930,3,166,-163
229000937,98,9,89
229000966,35,53,-18
229000981,12,20,-8
229000985,21,33,-12
229000986,1,4,-3
229000987,0,2,-2
229000988,3,2,1
229000989,10,10,0
229000990,0,1,-1
229000991,3,1,2
229000992,23,5,18
229000993,143,6,137
229000998,8,44,-36
229000999,83,9,74
229001034,0,4,-4
229001035,7,0,7
229001037,52,4,48
229001042,34,5,29
229001047,7,25,-18
229001050,46,26,20
229001168,0,10,-10
229001200,19,7,12
229001338,5,6,-1
229001394,190,0,190
229001422,136,34,102
229001423,26,76,-50
229001431,33,38,-5
229001432,28,36,-8
229001444,241,42,199
229001445,40,100,-60
229001479,47,1,46
229001503,222,49,173
229001504,120,59,61
229001505,179,39,140
229001506,125,52,73
229001509,33,18,15
229001545,117,4,113
229001546,5,59,-54
229001553,97,9,88
229001554,18,50,-32
229001559,2,13,-11
229001560,7,22,-15
229001630,40,7,33
229001631,9,18,-9
229001635,0,10,-10
229001636,1,0,1
229001658,0,54,-54
229001659,80,1,79
229001660,15,11,4
229001661,14,47,-33
229001662,8,1,7
229001663,0,13,-13
229002584,185,145,40
229002831,90,109,-19
229002841,8,6,2
229002842,18,10,8
229002843,79,26,53
229002844,30,35,-5
229002845,5,62,-57
229002846,27,7,20
229002847,1,14,-13
229002848,18,5,13
229002849,1,38,-37
229002850,10,0,10
229002851,30,107,-77
229002852,128,7,121
229002853,121,26,95
229002854,27,30,-3
229002855,5,17,-12
229002856,55,21,34
229002857,24,93,-69
229002858,15,8,7
229002859,17,59,-42
229002860,69,20,49
229002861,67,53,14
229002862,21,24,-3
229002863,31,14,17
229002864,37,24,13
229002865,13,9,4
229002866,18,16,2
229002867,1,28,-27
229002868,14,8,6
229002869,11,79,-68
229002870,73,12,61
235000066,229,33,196
235000067,113,64,49
235000072,33,84,-51
235000073,82,327,-245
235000074,36,16,20
235000080,22,55,-33
235000081,106,43,63
235000082,147,22,125
235000083,302,39,263
235000084,53,50,3
235000085,224,36,188
235000089,36,16,20
235000092,44,142,-98
235000093,12,4,8
235000097,6,10,-4
235000098,50,5,45
235000099,51,11,40
235000116,56,7,49
235000117,339,13,326
235000133,6,503,-497
235000134,6,186,-180
235000206,37,26,11
235000207,4,7,-3
235000208,2,9,-7
235000209,5,2,3
235000210,6,4,2
235000212,1,3,-2
235000213,0,5,-5
235000220,5,7,-2
235000221,26,18,8
235000238,11,161,-150
235000239,3,33,-30
235000242,366,854,-488
235000245,270,153,117
235000246,16,64,-48
235000284,10,131,-121
235000295,77,15,62
235000305,404,29,375
235000306,444,9,435
235000307,20,3,17
235000308,7,1,6
235000309,72,1,71
235000310,64,0,64
235000311,57,22,35
235000322,0,52,-52
235000323,0,23,-23
235000324,0,16,-16
235000325,0,49,-49
235000326,4,74,-70
235000351,1,62,-61
235000352,9,32,-23
235000353,2,35,-33
235000354,5,60,-55
235000355,27,66,-39
235000356,49,3,46
235000357,41,2,39
235000358,24,9,15
235000359,31,3,28
235000360,39,3,36
235000361,40,2,38
235000381,112,55,57
235000382,243,20,223
235000390,8,5,3
235000391,234,11,223
235000392,229,232,-3
235000393,181,147,34
235000395,157,28,129
235000396,610,49,561
235000400,74,49,25
235000401,23,90,-67
235000405,91,104,-13
235000406,27,114,-87
235000407,49,67,-18
235000409,191,48,143
235000410,38,137,-99
235000411,0,28,-28
235000485,0,14,-14
235000486,10,0,10
235000549,113,83,30
235000550,113,71,42
235000599,224,17,207
235000600,11,9,2
235000601,28,14,14
235000602,140,51,89
235000614,2,8,-6
235000648,1,6,-5
235000649,36,4,32
235000685,2,0,2
235000815,29,159,-130
235000834,0,6,-6
235000855,49,45,4
235000862,21,56,-35
235000891,0,9,-9
235000892,63,36,27
235000901,75,31,44
235000907,11,12,-1
235001010,113,32,81
235001029,227,132,95
235001030,415,195,220
235001078,99,73,26
235001079,32,38,-6
235001147,6,40,-34
235001166,16,32,-16
235001167,83,23,60
235001169,26,260,-234
235001188,2,3,-1
235001189,1,1,0
235001197,5,7,-2
235001200,72,50,22
235001207,179,60,119
235001210,16,67,-51
235001215,7,73,-66
235001239,1,36,-35
235001244,0,15,-15
235016267,0,45,-45
277101746,0,0,0
277102712,0,0,0
277103813,0,0,0
277103814,0,0,0
277103898,0,1,-1
277104249,0,1,-1
277104250,0,6,-6
277104251,0,8,-8
277104252,0,0,0
990011530,0,243,-243
990014944,1,272,-271
990015176,42,8,34
990015618,1,104,-103
990016032,0,207,-207
990032570,7,31,-24
990070001,54,0,54
990070103,0,5,-5
990070601,0,42,-42
990070751,1698,2,1696
990070766,0,186,-186
990071180,493,141,352
990071343,16,2,14
990071387,0,12,-12
990071823,442,4,438
990072600,2,1257,-1255
990072964,0,310,-310
990073285,0,10,-10
990074393,0,585,-585
990074870,2051,108,1943
990075106,831,4,827
990075746,713,14,699
990076437,2243,3,2240
990076458,1,274,-273
997000007,249,4,245
997000041,2,317,-315
997000058,68,0,68
997000062,25,4,21
997000069,0,4,-4
997000070,1,39,-38
997000100,63,0,63
997000141,4,1209,-1205
997000198,21,880,-859
998000475,0,1,-1
998000736,2,96,-94
998000965,0,14,-14
998001031,0,71,-71
998001700,0,20,-20
998001899,0,1,-1
998001900,5,1,4
998003073,1081,25,1056
998101900,0,0,0
998102850,10,345,-335
998501927,646,1160,-514
998501929,147,13,134
998501930,44,1,43
998501931,181,47,134
998501932,0,0,0
998501933,68,1,67
998501937,20,2,18
998501944,31,26,5
998501950,0,0,0
998501970,93,2,91
998501971,0,69,-69
998501973,1,34,-33
998501974,0,166,-166
998501975,79,5,74
998501976,236,1,235
998501977,0,17,-17
998501978,12,0,12
998501979,0,9,-9
998501980,124,65,59
998501981,28,1,27
998501982,0,110,-110
998501983,0,0,0
998502006,0,0,0
998502024,0,5,-5
998502032,1,4,-3
998502062,13,1,12
998502063,0,0,0
998502173,36,0,36
998502269,0,0,0
998502546,1,176,-175
998601159,6,37,-31
998601292,0,9,-9
999033574,0,151,-151
999800001,31,0,31
999800002,0,4,-4
999800003,0,2,-2
999800004,0,1,-1
999800005,0,5,-5
