ID,insum,outsum,diff
100000001,637,584,53
100000002,2223,621,1602
100000003,7976,2569,5407
100000004,1725,881,844
100000005,1865,2649,-784
100000006,299,81,218
100000007,1337,440,897
100000008,133,598,-465
100000009,188,152,36
100000010,32,49,-17
100000011,464,67,397
100000012,48,749,-701
100000013,34,199,-165
100000014,181,339,-158
100000015,1230,1121,109
100000016,1115,1431,-316
100000017,706,1129,-423
100000018,1261,548,713
100000019,5362,1611,3751
100000020,1898,3575,-1677
100000021,7559,2389,5170
100000022,1553,769,784
100000023,6910,999,5911
100000025,3397,574,2823
100000028,2088,789,1299
100000029,317,208,109
100000030,645,81,564
100000031,5582,5281,301
100000032,2484,2806,-322
100000033,739,1617,-878
100000034,950,362,588
100000035,1797,705,1092
100000036,3091,955,2136
100000037,446,427,19
100000038,1002,887,115
100000039,734,167,567
100000040,150,124,26
100000041,865,288,577
100000042,589,273,316
100000043,731,267,464
100000044,402,712,-310
100000045,468,1419,-951
100000046,776,1418,-642
100000047,419,957,-538
100000048,786,593,193
100000049,1771,2714,-943
100000051,341,1109,-768
100000053,22,2,20
100000054,141,27,114
100000055,443,286,157
100000056,184,516,-332
100000057,1596,854,742
100000058,1029,1511,-482
100000059,1,106,-105
100000060,252,328,-76
100000061,1447,460,987
100000062,1238,412,826
100000063,397,251,146
100000064,761,381,380
100000065,399,1261,-862
100000066,184,1093,-909
100000067,416,1069,-653
100000068,548,1773,-1225
100000069,247,1721,-1474
100000072,434,1168,-734
100000073,1155,1332,-177
100000075,444,268,176
100000076,1826,1481,345
100000077,682,147,535
100000078,107,73,34
100000079,42,45,-3
100000080,27,15,12
100000081,76,42,34
100000102,2610,1257,1353
100000103,3181,819,2362
100000104,5951,1241,4710
100000105,3986,681,3305
100000106,2756,1605,1151
100000107,757,315,442
100000108,1040,990,50
100000109,3731,1143,2588
100000116,1640,600,1040
100000117,52,35,17
100000118,1242,843,399
100000119,449,611,-162
100000121,220,679,-459
100000122,1011,764,247
100000123,3730,3859,-129
100000124,8103,5493,2610
100000125,3628,772,2856
100000126,590,210,380
100000127,1631,374,1257
100000128,959,1019,-60
100000129,469,337,132
100000130,398,656,-258
100000131,4452,2818,1634
100000132,2096,1828,268
100000133,10026,2792,7234
100000135,474,839,-365
100000139,207,257,-50
100000140,224,255,-31
100000142,301,554,-253
100000143,1735,923,812
100000144,4659,1012,3647
100000147,949,1908,-959
100000150,14,438,-424
100000151,681,466,215
100000153,282,294,-12
100000154,154,97,57
100000155,12,28,-16
100000156,122,67,55
100000157,64,347,-283
100000158,24,117,-93
100000159,348,421,-73
100000165,1064,666,398
100000169,906,321,585
100000174,1925,409,1516
100000179,57,570,-513
100000180,3275,1340,1935
100000181,118,327,-209
100000188,89,345,-256
100000189,693,327,366
100000190,396,421,-25
100000191,477,367,110
100000192,64,141,-77
100000193,120,147,-27
100000330,2428,628,1800
100000355,142,534,-392
100000362,5112,3812,1300
100000363,2239,3252,-1013
100000364,330,123,207
100000365,3597,6604,-3007
100000366,3960,2412,1548
100000367,2764,3778,-1014
100000368,2238,1903,335
100000369,1081,1194,-113
100000370,163,272,-109
100000376,130,88,42
100000379,2682,938,1744
100000380,3586,1746,1840
100000384,6626,3299,3327
100000385,7855,4220,3635
100000386,11383,3062,8321
100000387,8325,4413,3912
100000388,12683,4022,8661
100000389,11021,4420,6601
100000390,11730,3136,8594
100000391,7544,4130,3414
100000392,3421,1441,1980
100000393,1506,1410,96
100000394,7351,3651,3700
100000395,4394,1247,3147
100000396,5174,1913,3261
100000397,3181,1784,1397
100000398,11481,7677,3804
100900002,4,62,-58
100900003,227,82,145
100900004,33,1054,-1021
100900005,111,7,104
100900006,11,230,-219
100900007,590,0,590
100900008,5,537,-532
100900009,20,53,-33
100900010,23,104,-81
100900011,57,374,-317
100900012,0,293,-293
100900013,912,12,900
100900014,1,13,-12
100900015,105,117,-12
100900016,0,41,-41
100900017,762,80,682
100900018,0,9,-9
100900019,31,81,-50
100900020,252,0,252
100900021,383,2,381
100900022,7,20,-13
100900023,0,42,-42
100900024,1031,1,1030
100900025,19,20,-1
100900026,44,186,-142
100900027,702,2283,-1581
100900028,107,173,-66
100900029,88,29,59
100900030,0,10,-10
100900031,276,73,203
100900032,109,0,109
100900033,355,110,245
100900034,287,0,287
100900035,876,2,874
100900036,28,1,27
100900037,30,340,-310
100900038,50,15,35
100900039,343,725,-382
100900040,174,1078,-904
100900041,273,1143,-870
100900042,605,188,417
100900043,0,14,-14
100900044,3062,312,2750
100900045,39,0,39
100900046,1068,13,1055
100900047,849,113,736
100900048,117,18,99
100900049,113,240,-127
100900050,2,19,-17
100900051,34,26,8
100900052,122,17,105
100900053,196,22,174
100900054,5,122,-117
100900055,247,315,-68
100900056,66,338,-272
100900057,464,703,-239
100900058,195,29,166
100900059,54,0,54
100900060,73,8,65
100900061,321,261,60
100900062,0,69,-69
100900063,137,395,-258
100900064,617,11,606
100900065,75,44,31
100900066,46,55,-9
100900067,4,9,-5
100900068,100,198,-98
100900069,324,2,322
100900070,192,4,188
100900071,694,267,427
100900072,1,41,-40
100900073,95,678,-583
100900074,3,14,-11
100900075,2834,333,2501
100900076,54,47,7
100900077,16,201,-185
100900078,67,210,-143
100900079,8,26,-18
100900080,37,230,-193
100900081,20,85,-65
100900082,48,828,-780
100900083,1,31,-30
100900085,4,64,-60
100900086,142,737,-595
100900088,36,884,-848
100900089,5,20,-15
100900090,101,367,-266
100900091,0,20,-20
100900092,174,142,32
100900093,145,311,-166
100900094,91,770,-679
100900095,5,24,-19
100900096,37,88,-51
100900097,3,3,0
100900098,8,22,-14
100900099,44,608,-564
100900100,14,239,-225
100900101,399,31,368
100900102,80,50,30
100900103,2,15,-13
100900104,16,152,-136
100900105,10,82,-72
100900106,49,4,45
100900107,1811,503,1308
100900108,4,12,-8
100900109,1,20,-19
100900110,3,45,-42
100900111,63,157,-94
100900112,1,8,-7
100900113,3,16,-13
100900114,3,22,-19
100900115,2,34,-32
100900116,697,512,185
100900117,205,567,-362
100900118,26,66,-40
100900119,4,21,-17
100900120,1,31,-30
100900121,254,342,-88
100900122,114,171,-57
100900123,87,118,-31
100900124,1,3,-2
100900125,10,108,-98
100900126,85,194,-109
100900127,0,4,-4
100900128,91,116,-25
100900129,0,88,-88
100900131,54,151,-97
100900133,40,61,-21
100900134,3,8,-5
100900135,3,152,-149
100900137,287,216,71
100900138,410,331,79
100900139,2,5,-3
100900140,6,961,-955
100900141,0,339,-339
100900142,2,7,-5
100900143,996,304,692
100900144,24,5,19
100900145,21,125,-104
100900146,9,20,-11
100900147,4,255,-251
100900148,23,1190,-1167
100900149,13,114,-101
100900150,4,15,-11
100900151,106,622,-516
100900152,101,5,96
100900153,1,157,-156
100900154,2,25,-23
100900155,6,5,1
100900156,20,0,20
100900157,3,102,-99
100900159,0,12,-12
100900160,15,16,-1
100900161,119,3,116
100900162,11,149,-138
100900163,161,188,-27
100900164,20,39,-19
100900165,12,46,-34
100900166,36,0,36
100900167,14,97,-83
100900168,18,120,-102
100900169,195,1236,-1041
100900170,26,8,18
100900171,18,827,-809
100900172,0,6,-6
100900173,1,672,-671
100900174,377,73,304
100900176,1413,97,1316
100900177,1036,291,745
100900178,327,161,166
100900179,116,57,59
100900180,0,3,-3
100900181,105,26,79
100900182,29,22,7
100900184,3,139,-136
100900186,1080,525,555
100900187,12,203,-191
100900188,28,17,11
100900189,769,156,613
100900191,1401,888,513
100900192,328,194,134
100900195,75,171,-96
100900197,23,128,-105
100900198,26,247,-221
100900199,21,18,3
100900200,662,417,245
100900201,65,1088,-1023
100900202,5,0,5
100900203,0,49,-49
100900204,736,249,487
100900205,136,362,-226
100900206,87,62,25
100900207,115,81,34
100900210,77,918,-841
100900211,295,90,205
100900213,27,9,18
100900214,1004,79,925
100900215,6,40,-34
100900217,105,54,51
101000001,5346,2373,2973
101000002,4683,3483,1200
101000003,917,1885,-968
101000004,10316,7989,2327
101000005,5447,4786,661
101000006,9202,6790,2412
101000007,2591,2997,-406
101000008,3511,2820,691
101000009,1510,2392,-882
101000010,789,1678,-889
101000011,2303,795,1508
101000012,2261,603,1658
101000013,513,904,-391
101000014,597,806,-209
101000015,736,823,-87
101000016,471,383,88
101000017,506,556,-50
101000018,4045,2758,1287
101000020,4000,1394,2606
101000021,1180,257,923
101000022,523,97,426
101000023,1819,752,1067
101000025,138,360,-222
101000026,358,22,336
101000027,1526,1423,103
101000028,749,143,606
101000029,50,760,-710
101000030,901,108,793
101000031,971,656,315
101000032,7455,2158,5297
101000033,2685,1851,834
101000034,3001,1024,1977
101000035,1301,417,884
101000036,1590,351,1239
101000037,5165,1067,4098
101000039,4475,1687,2788
101000040,5457,2877,2580
101000041,21214,3774,17440
101000042,1275,701,574
101000043,14686,3417,11269
101000045,2458,444,2014
101000046,2570,754,1816
101000047,1490,1170,320
101000048,974,1105,-131
101000049,1173,967,206
101000050,3808,2948,860
101000051,4350,1655,2695
101000052,1773,530,1243
101000053,1085,1824,-739
101000054,1922,1824,98
101000055,1682,975,707
101000056,52,81,-29
101000057,3791,649,3142
101000058,2546,781,1765
101000059,3997,1730,2267
101000060,2069,261,1808
101000061,1399,944,455
101000062,1076,331,745
101000063,518,446,72
101000064,1339,351,988
101000065,232,276,-44
101000066,379,166,213
101000067,646,469,177
101000068,306,210,96
101000069,313,93,220
101000070,1868,1204,664
101000071,2183,787,1396
101000072,1193,3868,-2675
101000073,834,499,335
101000074,5900,3446,2454
101000075,8511,4690,3821
101000077,1293,1576,-283
101000078,1139,1799,-660
101000079,354,638,-284
101000080,553,515,38
101000081,1221,1160,61
101000082,3533,2937,596
101000083,1829,1672,157
101000084,1346,1338,8
101000085,1706,1070,636
101000086,1235,1131,104
101000087,888,1193,-305
101000088,914,937,-23
101000089,872,1412,-540
101000090,2590,1515,1075
101000091,280,1757,-1477
101000092,771,1222,-451
101000093,1419,834,585
101000094,552,1259,-707
101000095,256,761,-505
101000096,224,724,-500
101000097,1426,297,1129
101000098,999,540,459
101000099,1158,1202,-44
101000100,1037,600,437
101000101,436,439,-3
101000102,935,327,608
101000103,891,488,403
101000104,337,387,-50
101000105,985,268,717
101000106,821,465,356
101000107,157,294,-137
101000108,1491,423,1068
101000109,139,46,93
101000110,24,842,-818
101000111,128,196,-68
101000113,127,759,-632
101000114,4153,1270,2883
101000115,107,120,-13
101000116,162,267,-105
101000117,672,239,433
101000119,236,55,181
101000120,240,21,219
101000121,62,22,40
101000122,126,60,66
101000123,42,86,-44
101000124,184,435,-251
101000125,132,409,-277
101000128,1128,412,716
101000130,350,323,27
101000131,459,787,-328
101000132,476,1880,-1404
101000135,73,33,40
101000136,289,165,124
101000137,22,259,-237
101000141,2767,1991,776
101000147,906,571,335
101000148,2912,32,2880
101000149,41,58,-17
101000150,38,1264,-1226
101000151,157,66,91
101000152,375,322,53
101000153,579,525,54
101000154,123,2001,-1878
101000155,146,173,-27
101000156,25,249,-224
101000157,30,31,-1
101000160,47,69,-22
101000163,175,116,59
101000164,493,476,17
101000165,216,523,-307
101000166,321,496,-175
101000168,782,355,427
101000252,1173,752,421
101000254,723,25,698
101000258,28,20,8
101000261,59,235,-176
101000262,771,928,-157
101000263,285,1258,-973
101000265,72,465,-393
101000266,314,290,24
101000269,105,8,97
101000290,2370,2328,42
101000293,39,133,-94
101000294,476,566,-90
101000295,175,555,-380
101000301,1037,267,770
101000304,1919,2351,-432
101000305,2559,1698,861
101000328,53,368,-315
101900001,6,52,-46
101900002,1,15,-14
101900003,90,127,-37
101900004,9,28,-19
101900005,6171,1130,5041
101900006,943,38,905
101900007,498,55,443
101900008,113,213,-100
101900009,59,523,-464
101900010,1128,528,600
101900011,266,1340,-1074
101900012,85,357,-272
101900013,1479,125,1354
101900017,23,76,-53
101900018,2205,227,1978
101900019,175,68,107
101900020,216,265,-49
101900021,0,44,-44
101900022,80,1692,-1612
101900023,103,230,-127
101900026,74,47,27
101900027,4,113,-109
102000001,2145,3797,-1652
102000002,2579,1282,1297
102000003,4391,5388,-997
102000004,11651,2722,8929
102000005,1433,1989,-556
102000006,1994,1691,303
102000007,1467,4317,-2850
102000008,6660,2000,4660
102000009,5786,6751,-965
102000010,6922,3816,3106
102000011,2318,2153,165
102000012,3503,3643,-140
102000018,3925,2609,1316
102000019,3063,1422,1641
102000026,235,548,-313
102000029,380,213,167
102000030,93,306,-213
102000031,18,275,-257
102000032,265,359,-94
102000033,188,485,-297
102000034,634,425,209
102000035,1253,630,623
102000036,2,251,-249
102000037,116,95,21
102000038,181,78,103
102000039,166,41,125
102000040,546,117,429
102000041,235,198,37
102000042,309,111,198
102000043,467,191,276
102000044,390,473,-83
102000045,568,1283,-715
102000046,803,442,361
102000047,659,1348,-689
102000048,174,740,-566
102000049,927,608,319
102000050,894,1019,-125
102000051,364,488,-124
102000052,1203,898,305
102000053,775,753,22
102000054,371,856,-485
102000055,677,1193,-516
102000056,503,1731,-1228
102000057,1309,670,639
102000058,1092,2251,-1159
102000059,1193,1855,-662
102000060,1000,1113,-113
102000061,994,2943,-1949
102000062,866,1474,-608
102000063,1306,1618,-312
102000064,447,600,-153
102000065,23,127,-104
102000066,768,1174,-406
102000067,2335,2869,-534
102000068,9669,2659,7010
102000069,32,1943,-1911
102000070,2005,78,1927
102000071,6837,10076,-3239
102000072,2886,5215,-2329
102000073,860,1113,-253
102000074,567,901,-334
102000075,117,337,-220
102000076,196,509,-313
102000077,305,1390,-1085
102000078,655,1066,-411
102000079,89,340,-251
102000080,175,260,-85
102000081,368,1029,-661
102000082,861,396,465
102000083,269,751,-482
102000084,147,468,-321
102000085,1657,1502,155
102000086,1064,1587,-523
102000087,856,2399,-1543
102000088,207,329,-122
102000089,896,550,346
102000090,391,1152,-761
102000091,1456,500,956
102000092,466,799,-333
102000093,421,680,-259
102000094,1325,570,755
102000095,1102,1429,-327
102000096,1530,917,613
102000097,1499,1629,-130
102000098,584,1349,-765
102000099,1011,641,370
102000100,1101,1036,65
102000101,1422,491,931
102000102,299,1925,-1626
102000103,1491,372,1119
102000104,1160,418,742
102000105,184,1015,-831
102000106,650,1019,-369
102000107,814,703,111
102000108,394,258,136
102000109,320,711,-391
102000110,480,1930,-1450
102000111,9,411,-402
102000112,113,92,21
102000113,12,37,-25
102000114,1149,374,775
102000115,154,186,-32
102000116,381,241,140
102000117,175,501,-326
102000118,1556,1009,547
102000119,2652,596,2056
102000120,159,564,-405
102000121,980,672,308
102000122,515,873,-358
102000123,1506,1336,170
102000124,1252,1025,227
102000125,958,1132,-174
102000126,651,768,-117
102000127,957,850,107
102000128,595,1234,-639
102000129,988,1139,-151
102000130,337,845,-508
102000131,3326,999,2327
102000132,1179,1063,116
102000133,1043,2480,-1437
102000134,449,838,-389
102000135,1020,863,157
102000136,1338,405,933
102000137,1430,996,434
102000138,341,533,-192
102000139,115,426,-311
102000140,363,233,130
102000141,480,549,-69
102000142,169,443,-274
102000143,112,550,-438
102000144,121,594,-473
102000145,253,472,-219
102000146,259,397,-138
102000147,351,361,-10
102000148,178,257,-79
102000149,161,799,-638
102000150,190,279,-89
102000151,102,430,-328
102000152,95,159,-64
102000153,832,340,492
102000154,452,617,-165
102000155,102,321,-219
102000156,422,52,370
102000157,132,170,-38
102000158,424,289,135
102000159,1742,292,1450
102000161,6080,1685,4395
102000162,233,144,89
102000163,86,452,-366
102000164,1563,974,589
102000165,226,152,74
102000166,23,82,-59
102000167,141,192,-51
102000168,290,100,190
102000169,63,424,-361
102000170,666,108,558
102000171,91,75,16
102000172,45,172,-127
102000173,318,231,87
102000174,33,79,-46
102000175,117,121,-4
102000176,30,52,-22
102000178,142,657,-515
102000179,197,178,19
102000180,445,719,-274
102000181,326,719,-393
102000182,380,781,-401
102000183,1040,2208,-1168
102000184,1125,1030,95
102000185,1845,1885,-40
102000186,749,2336,-1587
102000187,528,2086,-1558
102000188,616,1763,-1147
102000189,3598,1181,2417
102000190,762,2766,-2004
102000191,1348,653,695
102000192,630,1015,-385
102000193,37,216,-179
102000194,55,160,-105
102000195,287,711,-424
102000196,113,626,-513
102000197,383,635,-252
102000198,94,1200,-1106
102000199,471,522,-51
102000200,214,1667,-1453
102000201,489,618,-129
102000202,1,166,-165
102000203,157,299,-142
102000204,261,1063,-802
102000205,641,709,-68
102000206,514,825,-311
102000207,701,498,203
102000208,289,640,-351
102000209,57,53,4
102000210,190,621,-431
102000211,298,547,-249
102000212,165,19,146
102000213,2,398,-396
102000214,138,9,129
102000215,7,729,-722
102000216,23,41,-18
102000217,8,264,-256
102000218,106,85,21
102000219,386,463,-77
102000225,765,652,113
102000226,7361,877,6484
102000227,134,7,127
102000228,2,77,-75
102000229,16,30,-14
102000230,251,698,-447
102000231,359,509,-150
102000232,14,168,-154
102000233,356,726,-370
102000234,84,1527,-1443
102000236,402,92,310
102000237,496,169,327
102000238,136,357,-221
102000240,660,542,118
102000241,227,136,91
102000243,5,47,-42
102000245,15,143,-128
102000246,9,17,-8
102000247,1397,1042,355
102000248,741,531,210
102000249,124,174,-50
102000250,30,529,-499
102000254,57,508,-451
102000266,79,222,-143
102000271,18,0,18
102000286,466,403,63
102000297,1806,967,839
102000299,0,0,0
102000301,0,0,0
102000303,0,0,0
102000305,0,0,0
102000307,0,5,-5
102900001,1282,1096,186
102900002,306,35,271
102900003,29,340,-311
102900005,199,359,-160
102900006,417,265,152
102900007,226,21,205
102900008,241,124,117
102900009,536,224,312
102900010,584,433,151
102900011,2230,351,1879
102900012,276,58,218
102900013,24,118,-94
102900015,875,280,595
102900016,35,127,-92
102900017,86,784,-698
102900018,13,173,-160
102900019,453,640,-187
102900020,95,57,38
102900021,11,141,-130
102900022,421,74,347
102900023,18,56,-38
102900024,24,40,-16
102900025,306,127,179
102900026,688,1403,-715
102900027,34,55,-21
102900028,105,448,-343
102900029,124,132,-8
102900030,323,243,80
102900031,96,188,-92
102900032,24,141,-117
102900033,76,221,-145
102900034,284,148,136
102900035,68,504,-436
102900036,151,696,-545
102900037,172,817,-645
102900038,391,851,-460
102900039,45,383,-338
102900040,123,249,-126
102900041,75,232,-157
102900042,178,441,-263
102900043,94,316,-222
102900044,617,2260,-1643
102900045,103,638,-535
102900046,90,389,-299
102900047,207,913,-706
102900048,599,849,-250
102900049,58,422,-364
102900050,280,403,-123
102900051,221,200,21
102900052,26,25,1
102900053,385,803,-418
102900054,981,975,6
102900055,108,121,-13
102900056,135,558,-423
102900057,5,41,-36
102900058,268,49,219
102900059,19,55,-36
102900060,68,544,-476
102900061,101,609,-508
102900062,209,1566,-1357
102900063,617,437,180
102900064,134,384,-250
102900065,1845,700,1145
102900066,313,50,263
102900068,64,101,-37
102900070,150,838,-688
102900072,16,28,-12
102900073,140,9,131
102900075,14,36,-22
102900076,372,47,325
102900077,51,27,24
102900078,69,67,2
102900079,136,10,126
102900080,281,42,239
102900081,60,320,-260
102900082,16,218,-202
102900083,344,13,331
102900084,3,31,-28
102900085,195,75,120
102900086,13,43,-30
102900087,52,106,-54
102900088,22,33,-11
102900089,259,136,123
102900090,4,596,-592
102900091,90,2,88
102900092,164,1275,-1111
102900093,238,216,22
102900094,1,57,-56
102900095,77,2,75
102900096,51,8,43
102900097,2,145,-143
103000001,2216,2489,-273
103000002,1825,2095,-270
103000003,3327,2626,701
103000004,980,753,227
103000005,2347,2485,-138
103000006,635,1514,-879
103000007,467,1009,-542
103000008,843,1195,-352
103000009,772,937,-165
103000010,143,138,5
103000011,1788,1037,751
103000012,1118,1245,-127
103000013,7054,2091,4963
103000014,1391,2019,-628
103000015,2835,1012,1823
103000016,571,1021,-450
103000017,161,360,-199
103000018,1226,401,825
103000019,214,234,-20
103000020,2248,1536,712
103000021,1803,1732,71
103000022,946,1301,-355
103000023,518,1441,-923
103000024,126,190,-64
103000025,90,418,-328
103000026,2073,156,1917
103000027,338,504,-166
103000028,870,521,349
103000029,486,271,215
103000030,2455,689,1766
103000031,1634,1406,228
103000032,2372,1760,612
103000033,2658,2399,259
103000034,1742,1062,680
103000035,492,926,-434
103000036,431,522,-91
103000037,705,487,218
103000038,495,852,-357
103000039,211,513,-302
103000040,215,1331,-1116
103000041,1326,3170,-1844
103000042,757,739,18
103000043,341,1552,-1211
103000044,131,313,-182
103000046,203,387,-184
103000047,478,769,-291
103000048,97,186,-89
103000049,66,249,-183
103000050,631,824,-193
103000051,292,639,-347
103000052,761,526,235
103000053,139,509,-370
103000054,1902,1308,594
103000055,1477,1800,-323
103000056,482,2751,-2269
103000057,360,311,49
103000058,340,981,-641
103000059,251,830,-579
103000060,607,872,-265
103000061,336,928,-592
103000062,926,920,6
103000063,567,661,-94
103000064,114,256,-142
103000065,6,405,-399
103000066,123,11,112
103000069,201,365,-164
103000070,647,1354,-707
103000071,688,382,306
103000072,98,1230,-1132
103000073,461,135,326
103000074,594,84,510
103000075,136,1025,-889
103000076,202,245,-43
103000077,46,479,-433
103000078,1300,494,806
103000079,1705,485,1220
103000080,1314,238,1076
103000081,591,830,-239
103000082,408,178,230
103000083,87,378,-291
103000084,154,12,142
103000085,2,115,-113
103000086,649,329,320
103000087,137,414,-277
103000088,365,353,12
103000089,180,311,-131
103000090,1702,1122,580
103000091,668,457,211
103000092,244,286,-42
103000093,261,627,-366
103000094,169,128,41
103000095,41,486,-445
103000096,811,126,685
103000097,49,740,-691
103000098,1008,172,836
103000099,387,676,-289
103000100,93,1078,-985
103000101,584,177,407
103000102,98,796,-698
103000103,474,266,208
103000104,55,207,-152
103000105,114,160,-46
103000106,4,115,-111
103000107,265,99,166
103000108,531,568,-37
103000109,369,304,65
103000110,375,422,-47
103000111,600,304,296
103000112,307,249,58
103000113,531,618,-87
103000114,888,416,472
103000115,400,589,-189
103000116,424,598,-174
103000117,235,552,-317
103000118,1266,1135,131
103000119,2343,818,1525
103000120,40,100,-60
103000121,160,449,-289
103000122,229,240,-11
103000125,9,678,-669
103000126,311,19,292
103000127,3,329,-326
103000128,93,2,91
103000129,5,192,-187
103000130,43,35,8
103000131,331,116,215
103000132,83,188,-105
103000133,10,251,-241
103000134,793,668,125
103000135,881,229,652
103000136,866,358,508
103000137,625,593,32
103000138,923,746,177
103000139,1,68,-67
103000140,126,17,109
103000141,23,93,-70
103000142,130,77,53
103000143,23,221,-198
103000144,211,78,133
103000145,33,76,-43
103000150,75,67,8
103000152,236,243,-7
103000153,146,162,-16
103000156,11,684,-673
103000157,231,5,226
103000159,158,125,33
103000162,45,10,35
103000163,4,12,-8
103000164,4,10,-6
103000165,182,462,-280
103000166,175,190,-15
103000167,104,123,-19
103000168,71,164,-93
103000169,168,369,-201
103000170,444,570,-126
103000171,48,81,-33
103000172,269,325,-56
103000173,279,1041,-762
103000174,123,397,-274
103000175,173,580,-407
103000176,881,342,539
103000177,841,413,428
103000178,467,262,205
103000179,96,28,68
103000183,63,27,36
103000185,60,115,-55
103000186,56,174,-118
103000187,249,883,-634
103000188,26,78,-52
103000189,756,1088,-332
103000191,828,1029,-201
103000292,3069,1132,1937
103000293,1631,1239,392
103000295,117,83,34
103000296,311,9,302
103000297,172,43,129
103000504,71,30,41
103000505,26,17,9
103000506,1,269,-268
103000507,98,1,97
103000508,88,14,74
103000509,214,613,-399
103900001,8,515,-507
103900002,2258,189,2069
103900003,2134,86,2048
103900004,30,0,30
103900005,4,300,-296
103900006,2,1,1
103900007,25,0,25
103900008,3,0,3
103900009,178,361,-183
103900010,128,372,-244
103900011,139,272,-133
103900012,6,12,-6
103900013,46,95,-49
103900014,27,26,1
103900015,15,19,-4
103900016,218,326,-108
103900017,18,97,-79
103900018,799,220,579
103900019,73,282,-209
103900020,134,305,-171
103900021,1022,50,972
103900022,1041,691,350
103900023,87,2,85
103900024,62,877,-815
103900025,2,52,-50
103900026,47,0,47
103900027,465,426,39
103900028,16,233,-217
103900029,872,149,723
103900030,173,38,135
103900031,15,2,13
103900032,70,50,20
103900033,87,11,76
103900034,30,316,-286
103900035,53,67,-14
103900036,31,22,9
103900037,37,49,-12
103900038,104,121,-17
103900039,51,526,-475
103900040,7,221,-214
103900041,20,31,-11
103900042,19,516,-497
103900043,118,124,-6
103900044,263,159,104
103900045,140,167,-27
103900047,39,28,11
103900048,39,23,16
103900049,228,1443,-1215
103900050,10,104,-94
103900051,1,24,-23
103900052,144,777,-633
103900053,104,1294,-1190
103900054,58,731,-673
103900055,403,279,124
103900056,27,58,-31
103900057,18,313,-295
103900058,89,941,-852
103900059,0,1,-1
103900060,20,248,-228
103900061,77,60,17
103900062,140,44,96
103900063,1,0,1
103900064,42,2,40
103900065,853,409,444
103900066,85,9,76
103900067,73,4,69
103900068,0,0,0
103900069,37,7,30
103900070,133,346,-213
103900071,14,198,-184
103900072,3,416,-413
103900073,37,12,25
103900074,42,118,-76
103900075,145,99,46
103900076,283,864,-581
103900077,73,42,31
103900078,90,145,-55
103900079,122,276,-154
103900080,16,34,-18
103900081,71,7,64
103900082,4,123,-119
103900083,2536,545,1991
103900084,57,163,-106
103900085,92,115,-23
103900086,317,297,20
103900088,423,215,208
103900089,51,233,-182
103900090,10,384,-374
103900091,878,264,614
103900092,362,535,-173
103900093,103,491,-388
103900094,7,209,-202
103900095,197,181,16
103900096,19,378,-359
103900097,11,592,-581
103900098,171,113,58
103900099,57,311,-254
103900100,138,458,-320
103900101,43,1171,-1128
103900102,0,27,-27
103900104,2,30,-28
103900105,107,224,-117
103900106,0,18,-18
103900107,67,272,-205
103900108,32,537,-505
103900109,59,120,-61
103900110,142,50,92
103900111,35,970,-935
103900112,15,79,-64
103900113,148,198,-50
103900114,553,398,155
103900115,232,103,129
103900116,9042,2061,6981
103900117,271,162,109
103900119,22,59,-37
103900120,29,153,-124
103900122,51,424,-373
103900123,1611,565,1046
103900124,39,672,-633
103900125,52,94,-42
103900126,319,619,-300
103900127,79,865,-786
103900128,78,259,-181
103900131,22,154,-132
103900133,772,25,747
103900134,0,0,0
103900135,9,3,6
103900137,0,95,-95
103900138,49,403,-354
103900139,225,1014,-789
103900140,0,62,-62
103900141,313,108,205
103900142,88,256,-168
103900143,23,4,19
103900144,0,119,-119
103900145,162,372,-210
103900146,234,499,-265
103900147,279,134,145
103900148,92,303,-211
103900149,90,860,-770
103900150,9231,2180,7051
103900151,44,223,-179
103900152,251,894,-643
103900153,5,10,-5
103900154,1459,1029,430
103900155,15,230,-215
103900156,14,194,-180
103900157,21,368,-347
103900158,18,265,-247
103900159,56,79,-23
103900160,31,22,9
103900161,85,240,-155
103900162,56,275,-219
103900163,11,493,-482
103900167,20,70,-50
103900168,61,140,-79
103900169,53,59,-6
103900170,1,132,-131
103900171,0,89,-89
103900172,11,45,-34
103900173,5,9,-4
103900174,58,57,1
103900175,37,40,-3
103900176,24,19,5
103900177,2,39,-37
103900178,32,121,-89
103900179,26,240,-214
103900180,6,151,-145
103900181,72,39,33
103900182,35,21,14
103900184,664,25,639
103900185,241,116,125
103900187,129,48,81
103900188,28,14,14
103900189,120,10,110
103900190,65,47,18
103900191,24,90,-66
103900192,29,136,-107
103900193,210,179,31
103900194,28,418,-390
103900195,3,44,-41
103900196,19,18,1
103900197,5,39,-34
103900198,28,98,-70
103900199,113,80,33
103900200,161,201,-40
103900201,79,218,-139
103900202,7,52,-45
103900203,13,30,-17
103900204,3,181,-178
103900207,3,256,-253
103900208,26,0,26
103900209,9,131,-122
103900210,36,29,7
103900211,513,755,-242
103900212,67,635,-568
103900213,187,269,-82
103900214,252,114,138
103900215,645,250,395
103900216,15,500,-485
103900217,362,34,328
103900218,0,243,-243
103900219,62,414,-352
103900233,50,2,48
103900235,12,17,-5
103900236,20,0,20
103900242,2,12,-10
103900243,0,5,-5
103900244,64,457,-393
103900245,66,331,-265
103900246,65,90,-25
103900247,52,138,-86
103900248,7,17,-10
103900249,18,20,-2
103900250,28,21,7
103900251,2,38,-36
103900253,17,42,-25
103900254,3,20,-17
103900255,9,13,-4
103900256,24,35,-11
103900257,108,105,3
103900258,24,0,24
103900259,88,4,84
103900261,6,3,3
103900262,10,4,6
103900263,73,41,32
103900264,52,22,30
103900265,18,9,9
103900266,1,49,-48
103900267,9,62,-53
103900268,8,142,-134
103900269,83,36,47
103900270,29,198,-169
103900271,15,275,-260
103900272,45,115,-70
103900273,17,111,-94
103900274,48,21,27
103900275,37,10,27
103900276,6,207,-201
103900277,5,258,-253
103900278,4,72,-68
103900279,2,16,-14
104000001,1973,2182,-209
104000002,1522,2796,-1274
104000003,2212,2478,-266
104000004,3355,2691,664
104000005,1006,1955,-949
104000006,2493,3359,-866
104000007,4435,3971,464
104000008,208,497,-289
104000009,147,136,11
104000010,174,192,-18
104000011,858,566,292
104000012,167,576,-409
104000013,135,122,13
104000014,285,920,-635
104000015,176,169,7
104000016,598,535,63
104000018,590,179,411
104000019,456,132,324
104000020,200,1016,-816
104000021,292,929,-637
104000022,150,376,-226
104000023,430,381,49
104000024,150,484,-334
104000026,47,411,-364
104000027,246,424,-178
104000028,324,265,59
104000029,455,654,-199
104000030,268,300,-32
104000031,776,331,445
104000032,236,458,-222
104000033,465,453,12
104000034,275,517,-242
104000035,571,483,88
104000036,487,827,-340
104000037,249,424,-175
104000038,281,368,-87
104000039,224,526,-302
104000040,613,619,-6
104000041,397,358,39
104000042,216,514,-298
104000043,222,447,-225
104000044,231,918,-687
104000045,899,1487,-588
104000046,1581,1780,-199
104000047,621,1599,-978
104000048,1296,2459,-1163
104000049,308,256,52
104000050,179,619,-440
104000051,73,717,-644
104000052,957,1572,-615
104000053,677,721,-44
104000054,525,752,-227
104000055,4005,3585,420
104000056,1707,246,1461
104000057,79,616,-537
104000058,591,721,-130
104000059,483,1325,-842
104000060,852,1100,-248
104000061,918,1540,-622
104000062,225,135,90
104000064,458,325,133
104000065,113,462,-349
104000069,1522,654,868
104000070,54,376,-322
104000071,123,451,-328
104000072,494,235,259
104000075,49,324,-275
104000076,418,92,326
104000082,2023,2678,-655
104000083,628,216,412
104000084,91,602,-511
104000085,218,204,14
104000086,174,479,-305
104000087,544,1250,-706
104000090,731,1899,-1168
104000092,828,3293,-2465
104000094,790,2515,-1725
104000095,1432,1381,51
104000096,991,558,433
104000097,1310,1542,-232
104000098,1223,1632,-409
104000100,1152,863,289
104000101,819,2644,-1825
104000106,100,603,-503
104000107,593,518,75
104000108,394,719,-325
104000109,235,63,172
104000110,810,1029,-219
104000111,7145,2103,5042
104000112,3533,626,2907
104000116,5,1519,-1514
104000117,119,1228,-1109
104000118,413,311,102
104000119,407,308,99
104000120,195,1183,-988
104000121,134,658,-524
104000122,529,760,-231
104000123,960,1176,-216
104000124,1747,3123,-1376
104000125,6107,3507,2600
104000126,277,564,-287
104000127,1586,3568,-1982
104000128,771,491,280
104000129,498,26,472
104000130,11,245,-234
104000131,1035,690,345
104000132,773,972,-199
104000133,1116,930,186
104000134,918,1478,-560
104000135,365,1261,-896
104000136,882,2867,-1985
104000137,2055,312,1743
104000138,1399,370,1029
104000139,11431,3358,8073
104000141,1368,2260,-892
104000142,609,1155,-546
104000143,470,922,-452
104000144,56,210,-154
104000145,315,206,109
104000146,477,664,-187
104000147,95,472,-377
104000148,245,174,71
104000149,178,566,-388
104000150,709,461,248
104000151,378,881,-503
104000152,474,979,-505
104000153,381,540,-159
104000154,1246,941,305
104000155,373,509,-136
104000157,1137,2235,-1098
104000158,412,314,98
104000159,537,328,209
104000160,1763,1505,258
104000161,212,177,35
104000162,42,103,-61
104000165,1527,1217,310
104000167,445,542,-97
104000168,563,4,559
104000169,55,55,0
104000170,930,402,528
104000248,247,957,-710
104000251,50,405,-355
104000272,0,0,0
104000273,0,0,0
104000274,0,0,0
104000275,0,0,0
104000279,690,567,123
104000290,56,386,-330
104000291,553,1175,-622
104000293,571,792,-221
104000294,16,0,16
104000295,435,956,-521
104000296,280,863,-583
104000297,851,1768,-917
104000298,2038,1004,1034
104000299,762,1399,-637
104900001,129,512,-383
104900002,47,111,-64
104900003,22,427,-405
104900004,64,433,-369
104900005,177,206,-29
104900006,159,88,71
104900007,203,328,-125
104900009,115,627,-512
104900010,25,39,-14
104900011,2,4,-2
104900012,159,11,148
104900013,71,5,66
104900014,4927,479,4448
104900015,54,3,51
104900016,140,369,-229
104900017,63,237,-174
104900018,8,251,-243
104900019,373,1541,-1168
104900020,46,304,-258
104900021,3,428,-425
104900022,14,195,-181
104900023,1,145,-144
104900024,23,141,-118
104900025,57,469,-412
104900026,0,118,-118
104900027,251,275,-24
104900028,17,125,-108
104900029,49,83,-34
104900030,413,208,205
104900031,169,252,-83
104900032,37,195,-158
104900033,96,214,-118
104900034,309,132,177
104900035,150,162,-12
104900036,73,76,-3
104900037,92,460,-368
104900038,772,466,306
104900039,1094,186,908
104900040,135,83,52
104900041,174,177,-3
104900042,137,477,-340
104900043,1,55,-54
104900044,371,205,166
104900045,248,72,176
104900046,95,137,-42
104900047,199,142,57
104900048,150,93,57
104900049,7,10,-3
104900050,83,76,7
104900051,148,51,97
104900052,57,0,57
104900053,294,74,220
104900054,216,27,189
104900055,69,0,69
104900056,90,8,82
104900057,10,2,8
104900058,699,171,528
104900059,17,58,-41
104900060,1,542,-541
104900061,312,842,-530
104900063,0,142,-142
104900064,0,133,-133
104900065,0,134,-134
104900066,4,256,-252
104900067,7,317,-310
104900068,13,276,-263
104900070,126,364,-238
104900071,2,1036,-1034
104900072,35,234,-199
104900073,46,432,-386
104900074,39,284,-245
104900075,31,147,-116
104900076,115,507,-392
104900077,1688,110,1578
104900078,147,951,-804
104900079,111,206,-95
104900080,51,581,-530
104900082,5,378,-373
104900085,8,317,-309
104900087,297,7,290
104900089,55,2,53
104900090,388,546,-158
104900091,410,1117,-707
104900093,246,791,-545
104900097,3849,1625,2224
104900098,59,16,43
104900099,63,424,-361
104900100,868,257,611
104900102,14,313,-299
104900103,498,122,376
104900104,4858,1529,3329
104900106,75,152,-77
104900107,37,402,-365
104900108,21,417,-396
104900109,63,211,-148
104900110,4,65,-61
104900111,123,169,-46
104900112,187,1509,-1322
104900113,530,555,-25
104900114,188,936,-748
104900115,419,579,-160
104900116,130,374,-244
104900118,13,83,-70
104900119,0,31,-31
104900120,104,79,25
104900121,3,142,-139
104900122,2,109,-107
104900123,32,6,26
104900124,15,0,15
104900125,481,5,476
104900126,71,83,-12
104900127,19,32,-13
104900128,74,162,-88
104900129,3352,1088,2264
105000001,2185,1912,273
105000002,1767,1853,-86
105000003,2614,4321,-1707
105000004,489,1137,-648
105000005,591,1208,-617
105000006,1044,1476,-432
105000007,931,1225,-294
105000008,921,1716,-795
105000009,1104,2943,-1839
105000010,3373,2975,398
105000011,2067,2054,13
105000012,4544,3829,715
105000013,612,1036,-424
105000014,1156,2073,-917
105000015,10814,6698,4116
105000016,5145,2175,2970
105000017,1598,1100,498
105000018,1412,1121,291
105000019,1664,1034,630
105000020,154,373,-219
105000021,304,141,163
105000022,155,40,115
105000023,531,221,310
105000028,88,186,-98
105000029,335,1000,-665
105000030,4459,4048,411
105000033,1100,2461,-1361
105000034,202,577,-375
105000037,749,679,70
105000038,1743,1363,380
105000039,3529,2424,1105
105000040,777,801,-24
105000041,752,1653,-901
105000042,2920,1214,1706
105000043,2478,2807,-329
105000044,352,405,-53
105000045,346,1070,-724
105000046,582,453,129
105000047,427,1904,-1477
105000048,491,256,235
105000049,296,838,-542
105000050,412,440,-28
105000051,230,535,-305
105000052,677,927,-250
105000053,101,186,-85
105000054,225,1175,-950
105000055,258,437,-179
105000056,746,3159,-2413
105000057,1172,1180,-8
105000058,1344,1799,-455
105000059,437,500,-63
105000060,476,860,-384
105000061,347,495,-148
105000062,817,1449,-632
105000063,317,821,-504
105000064,791,770,21
105000065,366,1242,-876
105000066,942,2657,-1715
105000067,688,690,-2
105000068,520,1163,-643
105000069,3166,737,2429
105000070,915,856,59
105000071,236,425,-189
105000072,810,1089,-279
105000073,675,549,126
105000074,972,1140,-168
105000075,562,884,-322
105000076,1136,1153,-17
105000077,1972,765,1207
105000078,1607,1301,306
105000079,1894,1950,-56
105000080,1916,1000,916
105000081,1206,783,423
105000082,512,586,-74
105000083,1231,708,523
105000084,576,1332,-756
105000085,1276,1103,173
105000086,537,940,-403
105000087,2894,2020,874
105000088,1359,1538,-179
105000089,3359,2521,838
105000090,1070,981,89
105000091,1682,2243,-561
105000092,730,1314,-584
105000093,366,209,157
105000094,230,250,-20
105000095,106,408,-302
105000096,897,741,156
105000097,929,683,246
105000098,713,610,103
105000099,712,1066,-354
105000100,972,1293,-321
105000101,1666,2583,-917
105000102,2080,1729,351
105000103,1683,2691,-1008
105000104,1673,1251,422
105000105,1013,2255,-1242
105000106,985,1746,-761
105000107,855,1140,-285
105000108,906,1960,-1054
105000109,1051,1939,-888
105000110,573,940,-367
105000111,526,763,-237
105000112,1006,1094,-88
105000113,351,739,-388
105000114,4243,1041,3202
105000115,306,944,-638
105000116,447,506,-59
105000117,729,1723,-994
105000118,267,334,-67
105000119,470,1526,-1056
105000120,595,640,-45
105000121,705,1329,-624
105000122,233,457,-224
105000123,1075,1743,-668
105000124,1182,1025,157
105000125,579,2304,-1725
105000126,1681,2680,-999
105000127,2144,2381,-237
105000128,413,1761,-1348
105000129,701,334,367
105000130,101,1139,-1038
105000131,603,410,193
105000132,625,452,173
105000133,337,1304,-967
105000134,446,584,-138
105000135,470,841,-371
105000136,97,409,-312
105000137,206,206,0
105000138,214,518,-304
105000139,1040,1227,-187
105000140,141,545,-404
105000141,223,748,-525
105000142,103,630,-527
105000143,232,917,-685
105000144,314,825,-511
105000145,388,549,-161
105000146,547,897,-350
105000147,355,422,-67
105000148,938,742,196
105000149,1695,1961,-266
105000150,2359,1652,707
105000151,263,439,-176
105000152,157,822,-665
105000153,563,521,42
105000154,645,1141,-496
105000155,285,764,-479
105000156,907,1134,-227
105000157,1074,2641,-1567
105000158,1777,999,778
105000159,293,1845,-1552
105000160,1399,731,668
105000161,551,2361,-1810
105000162,519,1385,-866
105000163,1603,1547,56
105000164,233,383,-150
105000165,1876,3823,-1947
105000166,9876,454,9422
105000167,3532,1265,2267
105000168,295,1101,-806
105000169,250,550,-300
105000170,111,1399,-1288
105000171,1113,369,744
105000172,41,51,-10
105000173,57,41,16
105000174,46,33,13
105000175,69,143,-74
105000176,121,82,39
105000177,104,154,-50
105000178,92,920,-828
105000179,181,120,61
105000180,71,110,-39
105000181,82,695,-613
105000182,40,59,-19
105000183,3231,1463,1768
105000184,1568,910,658
105000185,1603,775,828
105000186,362,1035,-673
105000187,658,260,398
105000188,251,109,142
105000189,125,580,-455
105000190,184,436,-252
105000191,298,539,-241
105000192,151,65,86
105000193,76,161,-85
105000194,155,72,83
105000195,261,1331,-1070
105000196,34,89,-55
105000197,224,870,-646
105000198,640,306,334
105000199,257,253,4
105000200,111,252,-141
105000201,80,24,56
105000203,11,281,-270
105000204,41,107,-66
105000205,95,254,-159
105000207,829,260,569
105000208,291,346,-55
105000209,180,402,-222
105000212,936,1790,-854
105000213,200,207,-7
105000214,69,269,-200
105000215,229,343,-114
105000216,60,477,-417
105000217,166,391,-225
105000218,712,1061,-349
105000221,141,284,-143
105000222,48,45,3
105000223,123,171,-48
105000226,23,577,-554
105000227,33,283,-250
105000228,313,855,-542
105000229,119,238,-119
105000231,182,293,-111
105000233,545,630,-85
105000234,573,1619,-1046
105000235,250,530,-280
105000237,634,66,568
105000243,10,318,-308
105000248,49,73,-24
105000262,213,2399,-2186
105000269,83,177,-94
105000270,324,106,218
105000271,1,338,-337
105000282,97,50,47
105000287,313,177,136
105000288,548,488,60
105000289,1153,911,242
105000290,8,5,3
105000402,5694,2116,3578
105000426,440,605,-165
105000438,891,558,333
105000446,17564,5334,12230
105000447,11112,2900,8212
105000454,179,1296,-1117
105000455,213,211,2
105000474,10,0,10
105000477,209,404,-195
105000478,1262,2226,-964
105000479,100,160,-60
105000480,1879,2001,-122
105000481,2496,2056,440
105000482,5107,2855,2252
105000483,1035,1213,-178
105000484,2292,2612,-320
105000485,1105,1400,-295
105000486,3659,2529,1130
105000488,3347,2918,429
105000489,532,858,-326
105000549,27,131,-104
105000550,490,1491,-1001
105000551,41,153,-112
105000552,3782,2078,1704
105000555,401,523,-122
105900001,18,1079,-1061
105900002,1922,530,1392
105900003,9,87,-78
105900004,363,135,228
105900005,8,319,-311
105900006,15,62,-47
105900007,86,14,72
105900008,46,832,-786
105900009,21,16,5
105900011,266,50,216
105900012,614,182,432
105900013,0,15,-15
105900014,5,81,-76
105900015,183,361,-178
105900016,221,814,-593
105900017,672,62,610
105900018,289,272,17
105900019,187,555,-368
105900020,35,61,-26
105900021,27,316,-289
105900022,208,468,-260
105900023,4,122,-118
105900024,5,209,-204
105900025,41,49,-8
105900026,172,47,125
105900027,5432,6003,-571
105900028,65,215,-150
105900029,2372,354,2018
105900030,176,262,-86
105900031,588,169,419
105900032,44,176,-132
105900033,44,137,-93
105900034,148,267,-119
105900035,161,233,-72
105900036,33,138,-105
105900037,55,88,-33
105900038,131,300,-169
105900039,47,152,-105
105900040,49,120,-71
105900041,108,547,-439
105900042,39,120,-81
105900043,1961,73,1888
105900044,1,133,-132
105900045,6,639,-633
105900046,3,236,-233
105900047,4,21,-17
105900048,76,579,-503
105900050,4416,1069,3347
105900051,7,1548,-1541
105900052,294,167,127
105900053,4431,1355,3076
105900054,281,331,-50
105900056,1116,294,822
105900057,35,241,-206
105900058,7,35,-28
105900059,0,43,-43
106000001,4504,1700,2804
106000002,3438,4988,-1550
106000003,3171,2792,379
106000004,2547,2956,-409
106000005,2516,5440,-2924
106000006,6099,5170,929
106000007,445,495,-50
106000008,445,385,60
106000009,422,294,128
106000010,550,719,-169
106000011,636,989,-353
106000012,725,1857,-1132
106000013,1461,1782,-321
106000014,2071,2299,-228
106000015,1310,1085,225
106000016,1131,2752,-1621
106000017,667,703,-36
106000018,507,616,-109
106000019,267,440,-173
106000020,250,497,-247
106000021,214,536,-322
106000022,233,341,-108
106000023,605,437,168
106000024,619,959,-340
106000025,102,197,-95
106000026,139,402,-263
106000027,829,1299,-470
106000028,534,894,-360
106000029,878,1714,-836
106000030,882,336,546
106000034,202,740,-538
106000035,813,1086,-273
106000036,475,397,78
106000037,1669,1811,-142
106000038,574,77,497
106000039,184,51,133
106000040,229,816,-587
106000041,732,361,371
106000043,496,116,380
106000046,401,54,347
106000047,52,381,-329
106000049,497,156,341
106000050,245,1143,-898
106000051,405,401,4
106000052,48,770,-722
106000053,185,104,81
106000054,365,528,-163
106000055,687,1073,-386
106000056,233,561,-328
106000057,201,198,3
106000058,163,228,-65
106000059,199,310,-111
106000060,651,643,8
106000061,187,444,-257
106000062,145,691,-546
106000063,524,498,26
106000064,50,527,-477
106000065,223,230,-7
106000066,80,420,-340
106000067,191,114,77
106000068,44,716,-672
106000069,121,108,13
106000070,300,989,-689
106000071,739,364,375
106000072,4887,1591,3296
106000073,2137,2334,-197
106000074,366,756,-390
106000075,254,1129,-875
106000076,1396,1811,-415
106000077,3133,1479,1654
106000078,636,1111,-475
106000079,525,1147,-622
106000080,1026,980,46
106000081,557,1224,-667
106000082,2573,1110,1463
106000083,349,1353,-1004
106000084,1012,750,262
106000085,1551,1240,311
106000086,664,801,-137
106000087,772,617,155
106000088,380,854,-474
106000089,822,536,286
106000090,254,690,-436
106000091,249,771,-522
106000092,595,297,298
106000093,225,89,136
106000094,131,498,-367
106000095,451,1461,-1010
106000096,667,840,-173
106000097,662,1658,-996
106000098,518,1151,-633
106000099,177,1021,-844
106000100,859,314,545
106000101,1361,346,1015
106000102,215,716,-501
106000103,201,659,-458
106000104,755,429,326
106000105,357,986,-629
106000106,477,524,-47
106000107,64,576,-512
106000108,163,359,-196
106000109,79,423,-344
106000110,108,354,-246
106000111,137,662,-525
106000112,158,446,-288
106000113,1159,732,427
106000114,422,437,-15
106000115,179,650,-471
106000116,136,278,-142
106000117,1017,951,66
106000118,942,1140,-198
106000119,2692,1327,1365
106000120,735,839,-104
106000121,204,237,-33
106000122,65,465,-400
106000123,258,352,-94
106000124,28,386,-358
106000125,8,430,-422
106000126,115,222,-107
106000127,548,1072,-524
106000128,440,383,57
106000129,360,862,-502
106000130,476,485,-9
106000131,159,741,-582
106000132,901,174,727
106000133,4436,1162,3274
106000134,918,1486,-568
106000135,278,1156,-878
106000136,566,583,-17
106000137,63,1699,-1636
106000138,696,75,621
106000139,26,127,-101
106000140,27,92,-65
106000141,54,166,-112
106000142,37,73,-36
106000143,17,146,-129
106000144,21,80,-59
106000145,148,415,-267
106000146,239,263,-24
106000147,375,642,-267
106000148,596,865,-269
106000149,419,479,-60
106000150,333,1823,-1490
106000151,5326,781,4545
106000152,1561,1364,197
106000153,99,1464,-1365
106000154,1576,280,1296
106000155,45,201,-156
106000156,555,379,176
106000157,556,2156,-1600
106000158,3481,912,2569
106000159,5315,1533,3782
106000160,276,1777,-1501
106000161,1494,548,946
106000162,155,673,-518
106000163,243,727,-484
106000164,210,392,-182
106000165,172,888,-716
106000166,426,349,77
106000167,291,1603,-1312
106000168,229,296,-67
106000169,118,995,-877
106000170,444,282,162
106000171,103,1075,-972
106000172,1984,1029,955
106000173,801,3196,-2395
106000174,888,307,581
106000175,321,1279,-958
106000176,1056,753,303
106000177,680,2880,-2200
106000178,2649,1836,813
106000179,1262,2592,-1330
106000180,769,2250,-1481
106000181,426,2526,-2100
106000182,592,782,-190
106000183,702,1305,-603
106000184,823,1347,-524
106000185,496,1074,-578
106000186,861,174,687
106000187,280,946,-666
106000188,0,6,-6
106000189,1,49,-48
106000190,10,1,9
106000191,457,199,258
106000192,0,23,-23
106000193,339,154,185
106000194,135,371,-236
106000195,532,106,426
106000196,137,536,-399
106000197,281,455,-174
106000198,130,421,-291
106000199,919,590,329
106000200,491,149,342
106000201,499,1477,-978
106000202,8315,684,7631
106000203,231,216,15
106000204,32,7,25
106000205,21,173,-152
106000206,88,15,73
106000207,63,1085,-1022
106000208,625,87,538
106000209,958,290,668
106000210,228,1671,-1443
106000211,324,1858,-1534
106000212,599,172,427
106000213,868,1516,-648
106000214,2878,523,2355
106000215,169,575,-406
106000216,246,377,-131
106000217,285,544,-259
106000218,371,374,-3
106000219,128,319,-191
106000220,355,270,85
106000221,82,380,-298
106000222,37,167,-130
106000223,71,150,-79
106000224,131,433,-302
106000225,49,96,-47
106000226,99,391,-292
106000228,24,134,-110
106000229,98,837,-739
106000231,534,159,375
106000232,65,524,-459
106000233,356,178,178
106000234,92,282,-190
106000235,252,80,172
106000236,132,61,71
106000237,0,18,-18
106000238,11,6,5
106000239,3,119,-116
106000240,15,3,12
106000241,15,783,-768
106000242,147,16,131
106000249,37,108,-71
106000250,51,431,-380
106000251,37,22,15
106000252,30,137,-107
106000253,32,38,-6
106000254,37,89,-52
106000255,16,73,-57
106000256,57,106,-49
106000257,102,324,-222
106000258,147,11,136
106000259,0,36,-36
106000260,6,7,-1
106000261,2,84,-82
106000262,19,15,4
106000263,7,95,-88
106000264,172,9,163
106000265,4,185,-181
106000266,107,12,95
106000267,9,133,-124
106000268,458,28,430
106000269,99,78,21
106000270,140,434,-294
106000271,39,212,-173
106000272,99,56,43
106000273,2,195,-193
106000274,152,49,103
106000275,136,135,1
106000276,208,84,124
106000277,129,147,-18
106000278,163,48,115
106000279,9,68,-59
106000280,30,207,-177
106000281,90,118,-28
106000282,66,46,20
106000283,93,122,-29
106000284,43,138,-95
106000285,139,200,-61
106000286,65,165,-100
106000287,66,131,-65
106000288,96,164,-68
106000289,70,121,-51
106000290,57,118,-61
106000291,79,125,-46
106000292,78,139,-61
106000293,85,98,-13
106000294,145,152,-7
106000295,54,76,-22
106000296,63,133,-70
106000297,80,291,-211
106000298,141,70,71
106000299,54,141,-87
106000300,73,113,-40
106000301,66,117,-51
106000303,24,61,-37
106000304,62,45,17
106000305,25,72,-47
106000306,29,108,-79
106000307,69,24,45
106000308,21,189,-168
106000309,14,95,-81
106000310,188,710,-522
106000311,251,126,125
106000312,73,251,-178
106000313,95,261,-166
106000318,233,264,-31
106000319,576,79,497
106000320,0,50,-50
106000321,377,88,289
106000322,110,251,-141
106000324,3,217,-214
106000325,956,881,75
106000326,915,2305,-1390
106000327,55,205,-150
106000328,10,116,-106
106000329,30,369,-339
106000330,66,50,16
106000428,29,225,-196
106000429,84,641,-557
106000430,328,1691,-1363
106000431,1271,283,988
106000432,1664,3244,-1580
106000433,1471,791,680
106000434,2585,973,1612
106000435,2328,2784,-456
106000436,26,398,-372
106000437,188,33,155
106000438,343,125,218
106000439,32,616,-584
106000440,234,526,-292
106000441,1,0,1
106000442,149,9,140
106000443,104,668,-564
106000450,4,304,-300
106000451,12,26,-14
106000454,0,116,-116
106000455,23,187,-164
106000456,102,20,82
106000457,5,1340,-1335
106000458,315,194,121
106000459,71,544,-473
106000460,520,43,477
106000461,40,2384,-2344
106000462,0,23,-23
106000463,2,44,-42
106000464,3,850,-847
106000465,205,1,204
106000466,8,946,-938
106000467,567,685,-118
106000468,43,235,-192
106000469,281,4,277
106000470,235,1440,-1205
106000471,22,820,-798
106000472,76,7,69
106000473,17,31,-14
106000474,215,865,-650
106000475,215,164,51
106000476,238,185,53
106000477,9,90,-81
106000480,0,105,-105
106900001,0,10,-10
106900002,3,795,-792
106900003,273,1118,-845
106900004,0,64,-64
106900006,0,20,-20
106900007,0,9,-9
106900008,138,380,-242
106900009,157,594,-437
106900010,200,454,-254
106900012,2668,1619,1049
106900013,438,75,363
106900014,10,3,7
106900015,9,0,9
106900016,181,1,180
106900017,1,0,1
106900018,1,0,1
106900019,46,1,45
106900020,3772,917,2855
106900021,31,60,-29
106900022,229,0,229
106900023,12,279,-267
106900024,342,16,326
106900025,43,830,-787
106900026,3,1107,-1104
106900027,323,4,319
107000001,3747,1822,1925
107000002,6283,4066,2217
107000003,3519,4874,-1355
107000004,5063,6399,-1336
107000005,2071,3924,-1853
107000006,3416,6922,-3506
107000007,4790,7733,-2943
107000008,18881,12792,6089
107000009,4564,4646,-82
107000010,10872,12972,-2100
107000011,1683,1360,323
107000012,5128,4712,416
107000013,32,197,-165
107000014,25,315,-290
107000015,304,999,-695
107000016,384,1359,-975
107000017,4867,1013,3854
107000018,44,467,-423
107000020,2858,647,2211
107000021,959,870,89
107000022,910,1825,-915
107000023,1571,359,1212
107000024,493,2353,-1860
107000025,113,349,-236
107000026,158,790,-632
107000027,796,940,-144
107000028,1342,2070,-728
107000029,1671,1819,-148
107000030,3333,3681,-348
107000031,2513,2055,458
107000032,340,1086,-746
107000033,4036,5239,-1203
107000034,6026,2461,3565
107000035,303,201,102
107000036,377,1098,-721
107000037,65,661,-596
107000038,193,271,-78
107000039,740,648,92
107000040,141,318,-177
107000041,1426,679,747
107000042,815,1971,-1156
107000043,3842,1081,2761
107000044,858,500,358
107000045,124,308,-184
107000046,497,351,146
107000047,323,936,-613
107000048,479,329,150
107000049,558,797,-239
107000050,651,498,153
107000051,629,367,262
107000052,1050,811,239
107000053,276,158,118
107000054,80,369,-289
107000055,133,118,15
107000056,416,901,-485
107000057,1541,195,1346
107000058,2066,2266,-200
107000059,2428,3591,-1163
107000060,3203,5246,-2043
107000061,5936,4499,1437
107000062,2513,3072,-559
107000063,3865,7290,-3425
107000064,2710,2030,680
107000065,3564,6546,-2982
107000066,1487,2103,-616
107000067,832,1058,-226
107000068,1501,604,897
107000069,517,406,111
107000070,353,19,334
107000071,1719,23,1696
107000072,47,4794,-4747
107000073,255,165,90
107000074,132,1151,-1019
107000075,1008,339,669
107000076,890,2139,-1249
107000077,2223,694,1529
107000078,2101,4095,-1994
107000079,1556,637,919
107000080,1267,3884,-2617
107000081,856,518,338
107000082,485,3207,-2722
107000083,770,283,487
107000084,417,2854,-2437
107000085,2704,3175,-471
107000086,3838,3240,598
107000087,2331,2106,225
107000088,2810,3681,-871
107000089,1344,1953,-609
107000090,830,1134,-304
107000091,795,1023,-228
107000092,640,1255,-615
107000093,896,864,32
107000094,757,1570,-813
107000095,390,725,-335
107000096,621,1250,-629
107000097,383,331,52
107000098,358,1008,-650
107000099,435,275,160
107000100,314,433,-119
107000101,71,181,-110
107000102,398,420,-22
107000103,268,174,94
107000104,262,454,-192
107000105,279,134,145
107000106,177,425,-248
107000107,361,199,162
107000108,100,955,-855
107000109,296,139,157
107000110,71,793,-722
107000111,146,40,106
107000112,27,475,-448
107000113,337,107,230
107000114,91,942,-851
107000115,334,83,251
107000116,91,1298,-1207
107000117,98,341,-243
107000118,199,335,-136
107000119,2278,1110,1168
107000120,3354,418,2936
107000121,454,706,-252
107000122,937,1112,-175
107000123,286,1006,-720
107000124,375,1045,-670
107000125,497,1050,-553
107000126,760,1376,-616
107000129,177,1335,-1158
107000130,254,229,25
107000131,370,875,-505
107000132,397,337,60
107000133,750,143,607
107000134,296,5,291
107000135,11,254,-243
107000136,826,7,819
107000137,13,439,-426
107000138,380,27,353
107000139,13,402,-389
107000140,787,50,737
107000141,106,912,-806
107000142,250,50,200
107000143,59,1074,-1015
107000144,210,376,-166
107000145,128,622,-494
107000146,147,277,-130
107000147,3135,721,2414
107000150,929,2004,-1075
107000151,38,71,-33
107000152,589,475,114
107000153,466,687,-221
107000154,246,103,143
107000155,472,43,429
107000156,818,28,790
107000157,47,2911,-2864
107000158,349,19,330
107000159,33,1799,-1766
107000160,524,79,445
107000161,99,2530,-2431
107000162,112,268,-156
107000163,59,36,23
107000164,154,0,154
107000165,492,5,487
107000166,66,1748,-1682
107000167,319,323,-4
107000168,604,307,297
107000169,1186,1250,-64
107000170,1061,519,542
107000171,583,3540,-2957
107000172,530,788,-258
107000173,830,1527,-697
107000174,936,3288,-2352
107000175,12727,1977,10750
107000176,0,1,-1
107000177,2,1,1
107000178,11,63,-52
107000179,254,3765,-3511
107000180,826,383,443
107000181,358,1665,-1307
107000182,1148,1020,128
107000183,110,1278,-1168
107000184,586,923,-337
107000185,361,1703,-1342
107000186,711,383,328
107000187,978,1447,-469
107000188,425,513,-88
107000189,340,1028,-688
107000190,403,888,-485
107000191,425,1039,-614
107000192,1104,1233,-129
107000193,346,402,-56
107000194,889,987,-98
107000197,599,217,382
107000198,205,1026,-821
107000199,603,791,-188
107000200,1057,608,449
107000201,249,230,19
107000202,215,512,-297
107000203,833,485,348
107000204,960,603,357
107000205,2831,1211,1620
107000206,883,1184,-301
107000207,876,1439,-563
107000208,1530,417,1113
107000209,2716,827,1889
107000210,1659,446,1213
107000211,5,12,-7
107000212,15,313,-298
107000213,11,25,-14
107000214,10,192,-182
107000215,291,621,-330
107000216,194,530,-336
107000217,101,172,-71
107000219,76,132,-56
107000220,129,392,-263
107000222,255,883,-628
107000224,396,60,336
107000225,201,829,-628
107000226,232,76,156
107000227,87,478,-391
107000228,84,155,-71
107000229,213,145,68
107000230,1078,586,492
107000231,2633,620,2013
107000232,145,93,52
107000233,2141,582,1559
107000234,2,17,-15
107000235,71,10,61
107000236,22,587,-565
107000237,2,0,2
107000238,29,0,29
107000239,6324,559,5765
107000240,51,1482,-1431
107000241,120,24,96
107000242,723,69,654
107000243,0,76,-76
107000244,7,98,-91
107000246,2,1348,-1346
107000249,5,1296,-1291
107000251,1,307,-306
107000252,1,1726,-1725
107000255,843,121,722
107000257,3,701,-698
107000258,0,183,-183
107000259,8,242,-234
107000260,205,2,203
107000262,8,1062,-1054
107000263,101,2,99
107000266,3,5,-2
107000267,53,197,-144
107000268,160,201,-41
107000269,245,25,220
107000270,0,21,-21
107000271,10,1421,-1411
107000272,12,373,-361
107000273,1,287,-286
107000274,2098,330,1768
107000275,66,911,-845
107000280,388,24,364
107000281,35,1443,-1408
107000282,57,1646,-1589
107000290,2,41,-39
107000291,19,11,8
107000292,0,28,-28
107000293,97,1,96
107000294,1,38,-37
107000295,38,2,36
107000296,0,20,-20
107000444,186,10,176
107000496,1,16,-15
107000497,1414,3881,-2467
107000500,245,449,-204
107000501,73,224,-151
107000502,191,458,-267
107000505,787,888,-101
107000506,1,68,-67
107000508,6,952,-946
107000509,202,653,-451
107000510,9,18,-9
107000514,17,256,-239
107000515,19,396,-377
107000516,140,187,-47
107000518,709,535,174
107000519,4608,1264,3344
107000520,55,18,37
107000521,332,649,-317
107000522,406,948,-542
107900001,13,297,-284
107900002,47,3,44
107900003,229,9,220
107900004,55,1,54
107900005,510,1,509
107900006,97,1,96
107900007,159,24,135
107900008,56,60,-4
107900009,155,7,148
107900010,8,0,8
107900012,241,13,228
107900013,251,63,188
107900014,23,2,21
107900015,389,2,387
107900016,571,121,450
107900017,19,5,14
107900018,42,52,-10
107900019,13,110,-97
107900020,77,9,68
107900021,26,217,-191
107900023,1,4,-3
107900024,1,36,-35
107900025,231,450,-219
107900026,28,129,-101
107900027,27,73,-46
107900028,15,134,-119
107900030,135,10,125
107900031,61,233,-172
107900032,4,6,-2
107900033,7,4,3
107900034,226,12,214
107900035,492,12,480
107900036,10,23,-13
107900037,1,51,-50
107900038,141,131,10
107900039,6,84,-78
107900040,214,96,118
107900041,2,1,1
107900043,51,230,-179
107900044,7,4,3
107900045,78,15,63
107900046,83,68,15
107900047,3,119,-116
107900048,121,10,111
107900049,297,1464,-1167
107900050,80,397,-317
107900051,59,113,-54
107900052,23,30,-7
107900053,17,98,-81
107900055,583,248,335
107900056,132,23,109
107900057,0,0,0
107900058,21,970,-949
107900060,8,51,-43
107900061,22,3,19
107900063,83,149,-66
107900064,343,56,287
107900065,64,8,56
107900066,6,6,0
107900067,0,0,0
107900068,94,285,-191
107900069,30,837,-807
107900070,68,27,41
107900071,18,1141,-1123
107900072,36,265,-229
107900073,45,135,-90
107900074,1116,128,988
107900076,86,120,-34
107900077,27,0,27
107900078,216,5,211
107900079,8,12,-4
107900080,103,243,-140
107900081,17,120,-103
107900082,28,22,6
107900083,244,112,132
107900084,56,166,-110
107900086,54,108,-54
107900087,382,80,302
107900088,11,4,7
107900089,344,1318,-974
107900090,579,1213,-634
107900091,182,652,-470
107900092,2295,609,1686
107900093,44,80,-36
107900095,3100,1146,1954
107900097,17,63,-46
107900098,64,242,-178
107900100,1424,720,704
107900101,1155,191,964
107900102,9,4,5
107900103,33,185,-152
107900104,136,7,129
107900105,3,652,-649
107900106,2,1880,-1878
107900107,1753,248,1505
107900108,398,95,303
107900109,631,9,622
107900110,9,150,-141
107900111,3,1460,-1457
107900112,104,253,-149
107900113,82,141,-59
107900114,73,243,-170
107900115,1,42,-41
107900116,57,293,-236
107900117,225,540,-315
107900118,58,225,-167
107900119,44,220,-176
107900120,17,1,16
107900121,2,172,-170
107900122,1,66,-65
107900123,0,26,-26
107900124,15,38,-23
107900125,25,186,-161
107900126,2,46,-44
107900127,556,131,425
107900128,133,68,65
107900129,24,50,-26
107900130,24,26,-2
107900131,703,72,631
107900132,134,555,-421
107900133,5,101,-96
107900134,24,19,5
107900135,2,191,-189
107900136,55,31,24
107900137,100,128,-28
107900138,50,34,16
107900139,12,51,-39
107900140,108,67,41
107900141,50,69,-19
107900142,58,1176,-1118
107900143,59,44,15
107900144,0,204,-204
107900145,15,136,-121
107900146,43,197,-154
107900147,30,16,14
107900148,115,202,-87
107900149,2126,320,1806
107900150,83,909,-826
107900151,12,108,-96
107900152,13,377,-364
107900153,132,248,-116
107900154,12,8,4
107900155,33,32,1
107900156,4,544,-540
107900157,37,98,-61
107900158,363,14,349
107900159,41,1427,-1386
107900160,41,196,-155
107900161,10,272,-262
107900162,0,196,-196
107900163,223,60,163
107900164,3,29,-26
107900165,7,63,-56
107900166,9,367,-358
107900167,24,39,-15
107900168,16,65,-49
107900169,1,184,-183
107900171,13,2245,-2232
107900172,2,448,-446
107900173,9,282,-273
107900174,46,9,37
107900175,3,28,-25
107900176,11,44,-33
107900177,1,293,-292
107900178,1,324,-323
107900179,8,151,-143
107900180,1204,246,958
107900181,329,588,-259
107900182,10,1864,-1854
107900183,15,477,-462
107900184,22,298,-276
107900185,40,6,34
107900186,26,44,-18
107900187,0,118,-118
107900188,832,95,737
107900189,22,156,-134
107900190,115,46,69
107900191,29,169,-140
107900193,5,26,-21
107900194,140,2,138
107900195,4803,497,4306
107900196,50,77,-27
107900197,1106,132,974
107900199,7,1316,-1309
107900201,52,132,-80
107900203,22,89,-67
107900204,264,224,40
107900205,196,505,-309
107900206,414,167,247
107900207,5,777,-772
107900208,6,1031,-1025
107900209,431,137,294
107900210,74,150,-76
107900213,639,466,173
107900214,5,183,-178
107900215,187,453,-266
107900216,75,52,23
107900217,26,52,-26
107900218,12,1977,-1965
107900219,34,146,-112
107900220,210,128,82
107900221,165,239,-74
107900223,83,726,-643
107900224,195,407,-212
107900225,8,1143,-1135
107900226,51,127,-76
107900227,112,573,-461
107900228,6,139,-133
107900229,1,400,-399
107900230,5,210,-205
107900231,12,274,-262
107900232,29,257,-228
107900233,4,185,-181
107900234,56,248,-192
107900235,43,97,-54
107900236,45,85,-40
107900237,143,586,-443
107900238,18,119,-101
107900239,1563,472,1091
107900240,7,184,-177
107900241,12,102,-90
107900242,6,465,-459
107900243,1,28,-27
107900244,159,8,151
107900245,194,41,153
107900246,81,6,75
107900248,87,642,-555
107900249,268,11,257
107900250,3,685,-682
107900251,60,1471,-1411
107900252,544,19,525
107900253,83,4,79
107900254,50,437,-387
107900255,448,74,374
107900256,1937,711,1226
107900257,115,68,47
107900258,55,239,-184
107900259,89,904,-815
107900261,1,534,-533
107900262,33,118,-85
107900264,96,5,91
107900265,58,248,-190
107900267,93,28,65
107900268,43,9,34
107900269,2,4,-2
107900270,0,0,0
107900271,5,1,4
107900272,181,6,175
107900273,18,64,-46
107900274,31,0,31
107900275,19,2,17
107900276,1,85,-84
107900277,0,322,-322
107900278,148,382,-234
107900279,177,103,74
107900280,2332,1502,830
107900281,3596,1163,2433
107900282,56,212,-156
107900283,1494,436,1058
107900284,160,911,-751
107900285,36,148,-112
107900286,140,124,16
107900287,93,168,-75
107900290,0,63,-63
107900291,317,12,305
107900292,81,340,-259
107900293,42,660,-618
107900295,49,123,-74
107900297,5,322,-317
107900298,763,1182,-419
107900299,4556,1686,2870
107900300,23,233,-210
107900301,500,292,208
107900302,97,25,72
107900303,77,381,-304
107900304,141,718,-577
107900305,152,8,144
107900306,26,11,15
107900307,41,318,-277
107900308,224,60,164
107900309,21,0,21
107900310,0,0,0
107900311,412,136,276
107900312,0,0,0
107900313,1,68,-67
107900314,1,50,-49
107900315,0,61,-61
107900316,36,5,31
107900317,46,3,43
107900318,2,223,-221
107900319,3,318,-315
107900320,5,228,-223
107900321,74,5,69
107900322,5,251,-246
107900323,13,220,-207
107900324,125,0,125
107900325,34,0,34
107900326,135,486,-351
107900327,0,0,0
107900328,0,0,0
107900329,0,1,-1
107900330,7,772,-765
107900331,110,31,79
107900332,101,44,57
107900333,24,15,9
107900334,14,379,-365
107900335,28,67,-39
107900336,13,35,-22
107900337,1764,461,1303
107900338,2,122,-120
107900339,0,27,-27
107900340,0,40,-40
107900341,18,1,17
107900342,62,173,-111
107900343,41,1,40
107900344,3,134,-131
107900345,69,28,41
107900346,11,0,11
107900347,29,1,28
107900348,5,0,5
107900349,7,4,3
107900350,34,314,-280
107900351,2,132,-130
108000001,2403,3226,-823
108000002,2839,3830,-991
108000003,3012,1911,1101
108000004,18443,18806,-363
108000005,5408,2978,2430
108000006,6772,7362,-590
108000007,3998,3194,804
108000008,5163,6675,-1512
108000009,2274,2975,-701
108000010,2635,5518,-2883
108000011,11293,8548,2745
108000012,23524,18465,5059
108000014,676,522,154
108000015,427,313,114
108000016,169,688,-519
108000017,541,328,213
108000018,1197,486,711
108000019,1610,595,1015
108000020,1041,406,635
108000021,537,1932,-1395
108000022,505,1721,-1216
108000023,874,222,652
108000024,139,967,-828
108000025,171,256,-85
108000026,306,850,-544
108000027,347,562,-215
108000028,232,355,-123
108000029,221,708,-487
108000030,372,244,128
108000031,212,685,-473
108000032,839,522,317
108000033,617,1602,-985
108000034,1148,432,716
108000035,1067,3211,-2144
108000036,354,1830,-1476
108000037,1356,369,987
108000038,1667,460,1207
108000039,522,3262,-2740
108000040,1143,694,449
108000041,686,3475,-2789
108000042,115,255,-140
108000043,107,388,-281
108000044,300,194,106
108000045,195,941,-746
108000046,915,314,601
108000047,347,1391,-1044
108000048,131,598,-467
108000049,421,172,249
108000050,102,536,-434
108000051,172,88,84
108000052,339,868,-529
108000053,231,119,112
108000054,537,1187,-650
108000055,775,327,448
108000056,842,1155,-313
108000057,543,771,-228
108000058,2087,2817,-730
108000059,4480,2234,2246
108000060,131,308,-177
108000061,146,314,-168
108000062,516,403,113
108000063,365,774,-409
108000064,121,193,-72
108000065,388,771,-383
108000066,1643,737,906
108000067,1350,474,876
108000068,468,306,162
108000069,159,1343,-1184
108000070,1189,661,528
108000071,474,2245,-1771
108000072,1057,859,198
108000073,1551,2496,-945
108000074,263,327,-64
108000075,342,928,-586
108000076,651,411,240
108000077,740,986,-246
108000078,1524,1290,234
108000079,992,2172,-1180
108000080,645,512,133
108000081,571,3001,-2430
108000082,1216,2294,-1078
108000083,1416,653,763
108000084,437,1596,-1159
108000085,298,285,13
108000086,1167,1085,82
108000087,123,1252,-1129
108000088,148,4,144
108000089,264,385,-121
108000090,201,126,75
108000091,114,710,-596
108000092,98,99,-1
108000093,99,1004,-905
108000094,402,134,268
108000095,121,667,-546
108000096,231,170,61
108000097,102,795,-693
108000098,756,1526,-770
108000099,129,103,26
108000100,30,168,-138
108000101,706,1028,-322
108000102,1256,1884,-628
108000106,942,1,941
108000107,2,839,-837
108000108,490,54,436
108000109,13,1120,-1107
108000110,125,285,-160
108000111,153,845,-692
108000112,36,125,-89
108000113,505,399,106
108000115,513,454,59
108000117,878,332,546
108000118,111,107,4
108000119,885,525,360
108000120,83,678,-595
108000121,211,627,-416
108000122,394,361,33
108000123,435,415,20
108000124,202,665,-463
108000125,213,470,-257
108000126,75,728,-653
108000127,286,395,-109
108000128,335,909,-574
108000129,177,1841,-1664
108000130,213,300,-87
108000131,667,272,395
108000132,1872,1682,190
108000133,549,509,40
108000134,666,898,-232
108000135,751,331,420
108000136,932,1342,-410
108000137,201,489,-288
108000138,223,1370,-1147
108000139,150,448,-298
108000140,37,14,23
108000141,20,226,-206
108000142,35,146,-111
108000143,18,49,-31
108000144,12,7,5
108000145,27,33,-6
108000146,31,2,29
108000147,17,53,-36
108000148,10,5,5
108000149,11,28,-17
108000150,18,3,15
108000151,49,17,32
108000152,83,786,-703
108000153,236,148,88
108000154,40,13,27
108000155,21,13,8
108000156,439,111,328
108000157,140,455,-315
108000158,106,560,-454
108000159,745,167,578
108000160,6239,773,5466
108000161,5568,1444,4124
108000165,0,137,-137
108000172,2,252,-250
108000173,3517,1374,2143
108000175,105,92,13
108000178,467,455,12
108000179,215,556,-341
108000181,48,34,14
108000182,145,26,119
108000183,23,20,3
108000184,1365,1584,-219
108000185,129,909,-780
108000186,65,82,-17
108000187,117,960,-843
108000188,192,317,-125
108000189,783,721,62
108000190,33,125,-92
108000192,97,803,-706
108000193,874,53,821
108000194,8,11,-3
108000195,2,1424,-1422
108000196,136,132,4
108000198,411,479,-68
108000199,1,108,-107
108000200,199,856,-657
108000202,0,203,-203
108000203,79,1263,-1184
108000204,61,33,28
108000205,438,685,-247
108000339,2021,334,1687
108000364,251,206,45
108000365,37,420,-383
108000367,197,456,-259
108000368,14,70,-56
108000369,1787,131,1656
108000371,3,675,-672
108000372,375,3,372
108000373,93,159,-66
108000376,52,18,34
108000377,226,454,-228
108000378,9067,8604,463
108000379,34,222,-188
108000381,49,11,38
108000382,58,0,58
108000383,0,123,-123
108900001,187,1459,-1272
108900002,163,69,94
108900003,448,1278,-830
108900004,138,159,-21
108900005,43,157,-114
108900006,352,156,196
108900007,101,195,-94
108900008,55,142,-87
108900009,21,115,-94
108900010,99,211,-112
108900011,230,406,-176
108900012,177,528,-351
108900013,118,332,-214
108900014,9,101,-92
108900015,0,21,-21
108900016,1,280,-279
108900017,112,213,-101
108900018,65,770,-705
108900019,25,1643,-1618
108900020,30,341,-311
108900021,77,369,-292
108900022,49,1,48
108900023,26,30,-4
108900024,28,187,-159
108900025,48,166,-118
108900026,11,87,-76
108900027,0,137,-137
108900028,38,628,-590
108900029,72,275,-203
108900030,0,127,-127
108900031,64,799,-735
108900032,12,341,-329
108900033,0,114,-114
108900034,0,301,-301
108900035,239,2078,-1839
108900036,237,467,-230
108900037,42,597,-555
108900038,1,466,-465
108900039,3,690,-687
108900040,2,134,-132
108900041,6635,2385,4250
108900042,3,367,-364
108900043,39,613,-574
108900044,2,822,-820
108900045,22,896,-874
108900046,38,1463,-1425
108900047,1,85,-84
108900048,96,1339,-1243
108900049,6824,793,6031
108900050,0,384,-384
108900051,1,262,-261
108900052,23,374,-351
108900053,116,146,-30
108900054,60,268,-208
108900055,62,626,-564
108900056,1,212,-211
108900057,2,219,-217
108900058,15,549,-534
108900059,234,23,211
108900060,65,118,-53
108900061,39,24,15
108900062,7,410,-403
108900063,18,500,-482
108900064,87,63,24
108900065,12,448,-436
108900066,199,115,84
108900067,20,290,-270
108900068,12,359,-347
108900069,29,143,-114
108900070,17,209,-192
108900071,66,67,-1
108900072,2806,312,2494
108900073,25,756,-731
108900074,72,602,-530
108900075,81,65,16
108900076,192,86,106
108900077,168,789,-621
108900078,13,276,-263
108900079,1055,308,747
108900080,20,448,-428
108900081,59,301,-242
108900082,29,111,-82
108900083,11,212,-201
108900084,381,145,236
108900085,2900,174,2726
108900086,48,432,-384
108900087,140,278,-138
108900088,771,321,450
108900089,15,112,-97
108900090,14,550,-536
108900091,162,192,-30
108900092,279,308,-29
108900093,94,56,38
108900094,207,73,134
108900095,63,855,-792
108900096,574,55,519
108900097,242,212,30
108900098,3937,408,3529
108900099,292,445,-153
108900100,112,216,-104
108900101,130,66,64
108900102,201,603,-402
108900103,58,81,-23
108900104,272,393,-121
108900105,3,656,-653
108900106,172,813,-641
108900108,227,49,178
108900109,205,42,163
108900110,83,687,-604
108900111,208,1045,-837
108900112,85,18,67
108900113,17,23,-6
108900114,28,28,0
108900115,39,71,-32
108900116,67,13,54
108900117,51,19,32
108900118,366,5,361
108900119,104,47,57
108900120,149,96,53
108900121,277,45,232
108900122,75,33,42
108900123,65,57,8
108900124,319,102,217
108900125,226,1,225
108900126,59,11,48
108900127,98,24,74
108900128,55,20,35
108900129,438,78,360
108900130,140,0,140
108900131,215,0,215
108900132,335,55,280
108900133,123,57,66
108900134,143,286,-143
108900135,89,9,80
108900136,6,0,6
108900137,92,1,91
108900138,276,20,256
108900139,207,81,126
108900140,113,278,-165
108900141,143,18,125
108900142,47,0,47
108900143,13,0,13
108900144,38,1,37
108900145,67,9,58
108900146,37,0,37
108900147,86,0,86
108900148,63,29,34
108900149,539,506,33
108900150,180,8,172
108900151,20,1,19
108900152,43,5,38
108900153,70,650,-580
108900154,3360,407,2953
108900155,163,82,81
108900156,42,8,34
108900157,12,927,-915
108900158,162,26,136
108900159,5,509,-504
108900160,8,333,-325
108900161,10,571,-561
108900162,37,0,37
108900163,8,207,-199
108900164,33,66,-33
108900165,234,98,136
108900167,2216,2933,-717
108900168,12351,2364,9987
108900169,29,184,-155
108900171,11428,1865,9563
108900172,172,39,133
108900173,300,444,-144
108900174,421,562,-141
108900176,161,875,-714
108900177,10546,2986,7560
108900178,6383,2067,4316
108900179,400,812,-412
108900180,87,159,-72
108900182,22,150,-128
108900183,235,260,-25
108900184,391,250,141
108900185,63,367,-304
108900186,67,414,-347
108900187,183,62,121
108900188,300,58,242
108900189,187,151,36
108900190,41,4479,-4438
108900191,162,18,144
108900192,70,315,-245
108900193,452,55,397
108900194,34,378,-344
108900195,61,546,-485
108900196,21,768,-747
108900198,6,724,-718
108900199,166,360,-194
108900200,279,326,-47
108900201,265,1362,-1097
108900203,286,35,251
108900204,299,3,296
108900205,147,13,134
108900206,226,26,200
108900207,155,58,97
108900208,23,404,-381
108900209,248,793,-545
108900210,153,255,-102
108900211,116,332,-216
108900212,857,864,-7
108900215,131,791,-660
108900216,364,89,275
108900217,40,0,40
108900218,151,6,145
108900219,44,0,44
108900220,40,11,29
108900221,48,81,-33
108900222,96,8,88
108900223,14,36,-22
108900224,36,126,-90
108900225,2,217,-215
108900226,132,5,127
108900227,131,169,-38
108900230,457,395,62
108900231,73,292,-219
108900232,1,544,-543
108900233,233,64,169
108900234,190,64,126
108900235,215,753,-538
108900236,29,434,-405
108900237,46,285,-239
108900240,91,124,-33
108900241,11,29,-18
108900245,2,689,-687
108900249,94,31,63
108900250,163,149,14
108900257,84,692,-608
108900258,10,281,-271
108900259,35,130,-95
108900260,10,137,-127
108900261,168,212,-44
108900262,283,138,145
108900263,54,319,-265
108900264,439,263,176
108900265,1610,278,1332
108900266,1529,349,1180
108900267,5,59,-54
108900268,4,0,4
108900269,33,16,17
108900270,32,8,24
108900271,19,5,14
108900272,97,4,93
108900273,1109,445,664
108900274,15,71,-56
109000001,3217,1085,2132
109000002,2933,1389,1544
109000003,2172,595,1577
109000004,513,2977,-2464
109000005,1520,773,747
109000006,591,2686,-2095
109000007,953,792,161
109000008,401,2223,-1822
109000009,2883,1194,1689
109000010,1519,4963,-3444
109000011,2118,1533,585
109000012,1646,4730,-3084
109000013,2871,1989,882
109000014,1803,4568,-2765
109000015,3094,4392,-1298
109000016,11613,5023,6590
109000017,1653,1105,548
109000018,780,4019,-3239
109000019,1852,1197,655
109000020,1188,2486,-1298
109000023,254,12,242
109000024,5,161,-156
109000025,409,307,102
109000026,728,285,443
109000027,62,235,-173
109000028,95,127,-32
109000029,95,131,-36
109000030,102,722,-620
109000031,129,99,30
109000032,55,630,-575
109000033,256,102,154
109000034,44,63,-19
109000035,15,43,-28
109000036,92,410,-318
109000037,165,699,-534
109000038,704,386,318
109000039,709,564,145
109000040,6586,4095,2491
109000041,6339,1268,5071
109000042,1008,1151,-143
109000044,205,74,131
109000045,80,549,-469
109000046,261,81,180
109000047,91,584,-493
109000048,712,146,566
109000049,264,603,-339
109000050,302,244,58
109000051,340,326,14
109000052,413,2306,-1893
109000053,173,68,105
109000054,364,1020,-656
109000055,124,231,-107
109000056,249,809,-560
109000057,365,238,127
109000058,669,318,351
109000059,428,766,-338
109000060,506,193,313
109000061,1744,682,1062
109000062,152,234,-82
109000063,181,253,-72
109000064,94,190,-96
109000065,81,405,-324
109000066,208,123,85
109000067,26,448,-422
109000068,366,16,350
109000069,740,15,725
109000070,3,922,-919
109000071,247,69,178
109000072,83,419,-336
109000073,35,75,-40
109000074,28,247,-219
109000075,66,571,-505
109000076,68,131,-63
109000077,429,282,147
109000078,83,126,-43
109000079,91,256,-165
109000080,80,138,-58
109000081,89,672,-583
109000082,339,311,28
109000083,133,1089,-956
109000088,133,603,-470
109000089,246,30,216
109000090,154,587,-433
109000091,212,124,88
109000092,386,801,-415
109000093,184,159,25
109000094,218,4,214
109000095,76,847,-771
109000096,447,178,269
109000097,73,139,-66
109000098,27,85,-58
109000099,526,452,74
109000100,150,705,-555
109000101,690,1070,-380
109000102,222,1059,-837
109000103,234,700,-466
109000104,896,679,217
109000105,418,1935,-1517
109000106,1186,558,628
109000107,493,2434,-1941
109000108,1138,474,664
109000109,387,2474,-2087
109000110,1254,424,830
109000111,1070,2924,-1854
109000112,275,179,96
109000113,217,161,56
109000114,156,407,-251
109000115,818,60,758
109000116,3,202,-199
109000117,95,102,-7
109000118,10,379,-369
109000119,688,374,314
109000120,158,1438,-1280
109000121,212,53,159
109000122,99,1435,-1336
109000123,26,85,-59
109000124,336,405,-69
109000125,406,311,95
109000126,304,1300,-996
109000127,419,151,268
109000128,385,2998,-2613
109000129,1228,467,761
109000130,605,3400,-2795
109000131,525,308,217
109000132,647,2144,-1497
109000133,269,1176,-907
109000134,617,1769,-1152
109000135,996,1410,-414
109000136,173,528,-355
109000137,165,294,-129
109000138,381,644,-263
109000139,291,505,-214
109000140,74,640,-566
109000141,243,486,-243
109000142,99,746,-647
109000143,67,53,14
109000145,58,172,-114
109000146,62,102,-40
109000148,5215,1111,4104
109000149,37,52,-15
109000150,49,227,-178
109000155,448,584,-136
109000156,1261,1133,128
109000158,93,267,-174
109000159,88,759,-671
109000160,412,342,70
109000161,226,1728,-1502
109000162,1362,1095,267
109000163,817,2082,-1265
109000164,845,3062,-2217
109000165,915,649,266
109000166,474,118,356
109000167,104,1305,-1201
109000170,60,83,-23
109000171,52,56,-4
109000172,53,61,-8
109000173,11,69,-58
109000174,46,63,-17
109000175,42,145,-103
109000176,194,370,-176
109000177,30,210,-180
109000178,483,567,-84
109000179,9531,2895,6636
109000180,5812,2927,2885
109000181,4,48,-44
109000182,20,76,-56
109000183,16,66,-50
109000184,33,33,0
109000185,13,83,-70
109000188,386,3431,-3045
109000189,1544,1021,523
109000190,419,643,-224
109000191,159,774,-615
109000192,144,238,-94
109000193,119,502,-383
109000194,93,159,-66
109000195,87,605,-518
109000196,178,100,78
109000197,117,607,-490
109000198,180,88,92
109000199,79,637,-558
109000206,172,33,139
109000207,72,42,30
109000208,76,59,17
109000209,180,123,57
109000210,176,618,-442
109000211,338,446,-108
109000214,211,780,-569
109000215,72,97,-25
109000216,128,125,3
109000217,186,85,101
109000218,159,141,18
109000221,318,1423,-1105
109000222,631,117,514
109000223,177,222,-45
109000224,43,413,-370
109000225,64,43,21
109000226,35,374,-339
109000227,774,1848,-1074
109000228,0,291,-291
109000231,1,686,-685
109000232,231,561,-330
109000236,242,977,-735
109000241,1372,2283,-911
109000242,1135,1553,-418
109000293,15,52,-37
109000361,47,295,-248
109000364,190,807,-617
109000396,8,1094,-1086
109000397,254,3,251
109000399,100,638,-538
109000400,47,344,-297
109000403,33,338,-305
109000406,148,4,144
109000407,172,246,-74
109000408,2,820,-818
109000410,725,151,574
109000411,60,26,34
109900001,83,1,82
109900002,425,7,418
109900003,128,1,127
109900004,440,302,138
109900005,8,7,1
109900006,238,318,-80
109900007,473,1092,-619
109900008,0,43,-43
109900009,83,1101,-1018
109900010,299,17,282
109900011,51,33,18
109900012,167,145,22
109900013,259,161,98
109900014,192,49,143
109900015,388,153,235
109900016,84,69,15
109900017,70,114,-44
109900018,159,201,-42
109900019,102,107,-5
109900020,13,20,-7
109900021,7,9,-2
109900022,51,484,-433
109900023,5,1,4
109900024,4,1,3
109900025,11,112,-101
109900026,8,212,-204
109900027,34,10,24
109900028,3167,554,2613
109900029,6,804,-798
109900030,6,1,5
109900031,0,48,-48
109900032,6,272,-266
109900033,2,661,-659
109900034,10,1,9
109900035,11,11,0
109900036,15,100,-85
109900037,21,753,-732
109900038,51,285,-234
109900039,3,1,2
109900040,21,814,-793
109900041,67,636,-569
109900042,14,568,-554
109900044,47,337,-290
109900045,47,55,-8
109900046,19,47,-28
109900047,387,377,10
109900048,2,89,-87
109900049,2,19,-17
109900050,1,377,-376
109900051,1,36,-35
109900052,46,294,-248
109900053,6,657,-651
109900054,320,161,159
109900055,23,307,-284
109900056,13,100,-87
109900057,7,237,-230
109900058,0,148,-148
109900059,366,85,281
109900060,306,183,123
109900061,100,356,-256
109900062,0,360,-360
109900063,3,376,-373
109900064,266,303,-37
109900065,95,143,-48
109900066,253,1262,-1009
109900067,2,647,-645
109900068,34,4,30
109900069,0,56,-56
109900070,47,360,-313
109900071,1,42,-41
109900072,28,119,-91
109900073,170,1056,-886
109900074,8,68,-60
109900075,15,18,-3
109900076,15,350,-335
109900077,12,50,-38
109900078,93,377,-284
109900080,103,445,-342
109900081,16,118,-102
109900082,55,591,-536
109900083,15,45,-30
109900084,45,166,-121
109900085,146,1495,-1349
109900086,98,195,-97
109900087,316,428,-112
109900089,288,96,192
109900090,447,1557,-1110
109900091,155,87,68
109900092,811,13,798
109900093,394,92,302
109900094,56,85,-29
109900095,125,296,-171
109900096,13,3,10
109900097,85,2,83
109900098,201,42,159
109900099,111,0,111
109900100,24,1,23
109900101,261,13,248
109900102,278,33,245
109900103,20,40,-20
109900104,256,1539,-1283
109900105,276,38,238
109900106,204,71,133
109900107,326,101,225
109900108,72,784,-712
109900109,15,245,-230
109900110,49,632,-583
109900111,347,1744,-1397
109900112,465,1397,-932
109900113,503,345,158
109900114,948,561,387
109900115,102,89,13
109900117,516,109,407
109900118,315,534,-219
109900119,577,266,311
109900120,43,8,35
109900121,327,250,77
109900122,199,2,197
109900123,12,241,-229
109900124,39,982,-943
109900125,2,321,-319
109900126,141,240,-99
109900128,129,47,82
109900130,14882,1622,13260
109900131,63,161,-98
109900132,40,241,-201
109900133,27,505,-478
109900134,43,54,-11
109900135,445,67,378
109900136,41,162,-121
109900137,68,508,-440
109900140,109,402,-293
109900142,632,371,261
109900145,5,124,-119
109900146,311,37,274
109900148,22,94,-72
109900149,41,55,-14
109900150,5,87,-82
109900151,1,47,-46
109900152,1,24,-23
109900153,0,50,-50
109900154,10,0,10
109900155,43,9,34
109900157,57,388,-331
109900158,53,131,-78
109900159,81,32,49
109900160,71,66,5
109900161,183,90,93
109900162,119,68,51
109900163,1046,462,584
109900164,37,247,-210
109900165,147,4,143
109900166,1,244,-243
109900167,124,792,-668
109900168,124,691,-567
109900169,110,144,-34
109900170,262,483,-221
109900171,100,70,30
109900172,116,158,-42
109900173,5505,1458,4047
109900174,24,242,-218
109900175,14,90,-76
109900176,56,299,-243
109900177,22,408,-386
109900178,1,146,-145
109900179,29,35,-6
109900180,6,14,-8
110000001,567,596,-29
110000002,533,581,-48
110000003,1016,708,308
110000004,511,497,14
110000005,662,1248,-586
110000006,636,349,287
110000007,131,211,-80
110000008,7,48,-41
110000009,15,50,-35
110000010,18,42,-24
110000011,19,103,-84
110000012,879,520,359
110000013,19,376,-357
110000014,607,406,201
110000015,282,511,-229
110000016,295,1002,-707
110000017,4359,287,4072
110000018,4104,632,3472
110000019,4,184,-180
110000020,523,237,286
110000021,740,418,322
110000022,924,244,680
110000023,18,175,-157
110000024,611,463,148
110000025,139,8,131
110000026,4,724,-720
110000027,605,355,250
110000028,692,670,22
110000029,503,1198,-695
110000030,164,362,-198
110000031,160,762,-602
110000032,574,486,88
110000033,149,89,60
110000034,213,936,-723
110000035,439,1348,-909
110000036,577,935,-358
110000037,142,895,-753
110000038,182,741,-559
110000039,662,1780,-1118
110000040,275,733,-458
110000041,214,756,-542
110000042,143,531,-388
110000043,685,158,527
110000044,159,181,-22
110000045,1069,95,974
110000046,4,5,-1
110000047,5,16,-11
110000048,6,8,-2
110000049,12,7,5
110000050,7,12,-5
110000051,14,14,0
110000052,25,25,0
110000053,81,6,75
110000054,101,236,-135
110000055,172,20,152
110000056,192,44,148
110000057,257,904,-647
110000058,729,686,43
110000059,700,593,107
110000060,428,890,-462
110000061,994,1018,-24
110000062,734,834,-100
110000063,32,58,-26
110000064,37,112,-75
110000065,23,75,-52
110000066,36,32,4
110000067,54,346,-292
110000068,141,641,-500
110000069,117,113,4
110000071,63,197,-134
110000073,4,28,-24
110000075,8,119,-111
110000076,303,302,1
110000077,582,1063,-481
110000078,6,77,-71
110000080,263,709,-446
110000081,14,288,-274
110000082,21,322,-301
110000083,240,657,-417
110000084,646,531,115
110000085,3151,1539,1612
110000086,1350,1190,160
110000087,2,46,-44
110000088,23,270,-247
110000089,183,180,3
110000090,62,395,-333
110000091,2099,385,1714
110000092,31,117,-86
110000093,21,10,11
110000094,451,234,217
110000095,95,556,-461
110000096,4590,1749,2841
110000097,850,973,-123
110000098,1646,572,1074
110000099,856,1604,-748
110000100,339,1063,-724
110000101,14,645,-631
110000102,21,37,-16
110000104,112,78,34
110000105,37,330,-293
110000106,485,258,227
110000107,385,431,-46
110000108,154,42,112
110000109,361,320,41
110000110,6102,3535,2567
110000111,10796,2063,8733
110000112,1851,530,1321
110000113,885,1158,-273
110000114,96,420,-324
110000115,184,279,-95
110000116,22,38,-16
110000117,81,734,-653
110000118,282,321,-39
110000119,142,462,-320
110000120,202,225,-23
110000121,108,372,-264
110000122,256,636,-380
110000123,335,435,-100
110000124,3,905,-902
110000125,673,4,669
110000126,190,16,174
110000127,522,65,457
110000128,31,1864,-1833
110000129,6,721,-715
110000130,113,149,-36
110000131,143,434,-291
110000132,2,910,-908
110000133,39,271,-232
110000134,21,348,-327
110000135,132,30,102
110000136,40,378,-338
110000137,289,815,-526
110000138,481,1014,-533
110000139,575,1907,-1332
110000140,700,358,342
110000143,683,460,223
110000144,4934,1175,3759
110000145,1275,781,494
110000146,2268,867,1401
110000147,234,699,-465
110000148,256,449,-193
110000151,798,469,329
110000152,606,276,330
110000153,49,69,-20
110000154,52,19,33
110000155,2824,2469,355
110000156,670,1387,-717
110000157,1456,1669,-213
110000160,359,531,-172
110000161,131,569,-438
110000166,213,150,63
110000167,470,486,-16
110000168,729,276,453
110000169,524,286,238
110000170,89,92,-3
110000171,488,247,241
110000172,147,1040,-893
110000173,1349,1419,-70
110000174,94,1641,-1547
110000175,334,112,222
110000176,32,214,-182
110000177,175,776,-601
110000178,540,775,-235
110000179,1663,390,1273
110000180,94,410,-316
110000181,193,468,-275
110000182,533,345,188
110000183,14172,4947,9225
110000184,836,1895,-1059
110000185,1190,723,467
110000186,746,643,103
110000191,288,518,-230
110000192,228,1,227
110000193,356,7,349
110000194,9,1706,-1697
110000195,261,492,-231
110000196,214,650,-436
110000197,48,273,-225
110000198,64,102,-38
110000199,38,109,-71
110000200,1408,635,773
110000201,477,597,-120
110000202,1055,467,588
110000203,739,1069,-330
110000204,2,496,-494
110000205,114,83,31
110000206,697,2259,-1562
110000207,415,302,113
110000208,197,113,84
110000209,107,1010,-903
110000210,440,690,-250
110000211,631,828,-197
110000212,328,905,-577
110000213,73,48,25
110000214,84,101,-17
110000215,76,810,-734
110000216,46,845,-799
110000217,180,261,-81
110000218,115,588,-473
110000219,174,55,119
110000220,24,626,-602
110000221,224,93,131
110000222,24,420,-396
110000223,2,111,-109
110000224,87,9,78
110000225,207,641,-434
110000226,134,60,74
110000227,742,456,286
110000228,375,347,28
110000229,0,353,-353
110000230,578,665,-87
110000231,101,189,-88
110000232,107,263,-156
110000233,140,293,-153
110000234,615,461,154
110000235,1164,1005,159
110000236,322,1014,-692
110000237,1583,1059,524
110000238,879,1516,-637
110000239,1084,1428,-344
110000240,0,97,-97
110000242,0,11,-11
110000243,55,210,-155
110000244,168,433,-265
110000245,26,521,-495
110000246,489,837,-348
110000247,1773,4707,-2934
110000248,2771,1671,1100
110000249,81,6,75
110000250,13,254,-241
110000251,151,551,-400
110000252,191,363,-172
110000253,909,433,476
110000254,597,1673,-1076
110000255,248,1563,-1315
110000256,444,234,210
110000257,672,520,152
110000258,4,634,-630
110000259,47,12,35
110000260,7,536,-529
110000263,787,87,700
110000264,215,788,-573
110000265,799,1460,-661
110000266,2322,2296,26
110000267,25,291,-266
110000268,324,746,-422
110000269,1,105,-104
110000270,33,5,28
110000271,2230,331,1899
110000272,793,1015,-222
110000273,3201,1596,1605
110000274,181,948,-767
110000275,3593,590,3003
110000276,139,254,-115
110000277,144,508,-364
110000278,185,1026,-841
110000279,521,668,-147
110000280,186,465,-279
110000281,12,202,-190
110000282,241,45,196
110000283,39,102,-63
110000284,51,33,18
110000285,4,282,-278
110000286,22,0,22
110000287,23,3,20
110000288,2,88,-86
110000289,433,1285,-852
110000290,1533,652,881
110000291,7372,1678,5694
110000292,1345,3509,-2164
110000293,337,1303,-966
110000294,508,853,-345
110000295,80,1061,-981
110000296,176,367,-191
110000297,2842,325,2517
110000298,408,557,-149
110000299,609,39,570
110000301,164,11,153
110000302,208,1600,-1392
110000303,221,4,217
110000304,96,301,-205
110000305,592,17,575
110000306,131,2578,-2447
110000307,879,9,870
110000308,366,57,309
110000309,16,1805,-1789
110000310,438,76,362
110000311,30,1076,-1046
110000312,372,48,324
110000313,3088,2280,808
110000314,1,242,-241
110000315,3269,1978,1291
110000316,657,1131,-474
110000317,612,350,262
110000318,3,81,-78
110000319,3,48,-45
110000320,39,75,-36
110000321,9,66,-57
110000322,174,591,-417
110000323,289,329,-40
110000324,5898,1342,4556
110000325,2388,2108,280
110000327,525,230,295
110000328,188,624,-436
110000333,820,535,285
110000334,975,1708,-733
110000335,1273,753,520
110000336,465,1627,-1162
110000337,819,821,-2
110000338,173,261,-88
110000339,105,289,-184
110000340,29,220,-191
110000341,256,629,-373
110000342,488,8,480
110000343,0,12,-12
110000344,68,239,-171
110000345,62,89,-27
110000346,2446,1319,1127
110000347,971,705,266
110000348,5,30,-25
110000349,2,18,-16
110000350,43,9,34
110000351,482,965,-483
110000352,418,1586,-1168
110000353,3603,779,2824
110000354,707,2095,-1388
110000355,79,80,-1
110000356,682,5,677
110000357,197,12,185
110000361,20,111,-91
110000362,26,258,-232
110000363,173,131,42
110000364,107,474,-367
110000365,154,1,153
110000366,0,105,-105
110000367,222,247,-25
110000368,1,81,-80
110000369,35,1,34
110000373,3,349,-346
110000374,37,5,32
110000375,176,948,-772
110000376,48,126,-78
110000377,47,409,-362
110000378,22,328,-306
110000379,4479,1299,3180
110000380,66,7,59
110000383,3,887,-884
110000384,1845,735,1110
110000385,1,215,-214
110000387,39,12,27
110000388,51,213,-162
110000389,394,1,393
110000391,224,438,-214
110000396,84,145,-61
110000397,50,286,-236
110000398,3,31,-28
110000399,156,0,156
110000587,47,49,-2
110000589,132,172,-40
110000640,134,99,35
110000652,21,116,-95
110000653,134,500,-366
110000654,4,32,-28
110000656,0,791,-791
110000674,17,12,5
110000675,32,15,17
110000676,6,65,-59
110000679,571,583,-12
110000682,94,141,-47
110000683,443,571,-128
110000684,0,57,-57
110000685,3,11,-8
110000686,0,50,-50
110000687,15,1,14
110000688,57,527,-470
110000689,14,63,-49
110000692,61,329,-268
110000693,153,298,-145
110000694,0,137,-137
110000695,171,905,-734
110000696,111,171,-60
110900001,177,5,172
110900002,139,199,-60
110900003,351,1350,-999
110900004,240,319,-79
110900005,5263,1347,3916
110900006,37,10,27
110900007,46,14,32
110900008,9,34,-25
110900009,308,53,255
110900010,4,96,-92
110900011,6,105,-99
110900012,7,155,-148
110900013,588,172,416
110900014,102,11,91
110900015,1106,497,609
110900016,18,231,-213
110900017,186,59,127
110900018,384,37,347
110900019,65,28,37
110900020,49,636,-587
110900021,81,821,-740
110900022,59,550,-491
110900023,89,734,-645
110900024,17,660,-643
110900025,4,47,-43
110900027,38,345,-307
110900028,32,274,-242
110900029,21,648,-627
110900030,16,428,-412
110900031,2,179,-177
110900032,0,133,-133
110900033,16,373,-357
110900035,24,467,-443
110900036,41,48,-7
110900037,34,39,-5
110900038,1787,257,1530
110900039,11,298,-287
110900040,196,73,123
110900041,19,232,-213
110900042,53,65,-12
110900043,2,215,-213
110900044,322,26,296
110900045,43,816,-773
110900046,168,386,-218
110900047,821,155,666
110900049,71,49,22
110900050,8,2,6
110900051,38,199,-161
110900052,2,253,-251
110900053,71,77,-6
110900054,7,453,-446
110900055,31,1,30
110900056,73,125,-52
110900057,1,259,-258
110900058,110,358,-248
110900059,586,1187,-601
110900060,284,92,192
110900061,35,47,-12
110900062,84,470,-386
110900063,25,140,-115
110900064,26,0,26
110900065,498,111,387
110900066,4,118,-114
110900067,705,543,162
110900068,188,301,-113
110900069,0,31,-31
110900070,56,22,34
110900071,352,380,-28
110900073,1,25,-24
110900074,205,63,142
110900075,206,78,128
110900077,334,499,-165
110900078,14,191,-177
110900079,2279,625,1654
110900080,71,49,22
110900081,3,154,-151
110900082,56,309,-253
110900083,81,31,50
110900084,36,284,-248
110900085,50,494,-444
110900086,45,201,-156
110900087,177,79,98
110900088,10,1,9
110900090,40,33,7
110900091,2,82,-80
110900093,316,83,233
110900095,26,77,-51
110900097,7,21,-14
110900098,44,149,-105
110900099,59,748,-689
110900100,0,32,-32
110900102,22,27,-5
110900105,845,523,322
110900108,8,161,-153
110900111,347,95,252
110900112,554,5,549
110900113,598,36,562
110900115,2,119,-117
110900116,407,3301,-2894
110900118,135,1542,-1407
110900119,7687,311,7376
110900120,10,140,-130
110900121,51,0,51
110900122,184,153,31
110900125,223,252,-29
110900127,412,642,-230
110900128,155,171,-16
110900129,467,405,62
110900130,1581,341,1240
110900131,120,60,60
110900132,201,55,146
110900133,40,400,-360
110900135,93,744,-651
110900136,184,12,172
110900137,59,0,59
110900138,1167,359,808
110900139,53,62,-9
110900140,67,6,61
110900141,4,71,-67
110900142,49,255,-206
110900143,80,71,9
110900144,5,845,-840
110900145,85,19,66
110900146,454,59,395
110900147,266,244,22
110900148,2,428,-426
110900149,1,91,-90
110900150,26,23,3
110900151,4,110,-106
110900152,15,512,-497
110900153,104,42,62
111000001,253,299,-46
111000002,437,716,-279
111000003,534,488,46
111000004,464,1144,-680
111000005,870,738,132
111000006,829,1300,-471
111000007,4402,1779,2623
111000008,3421,3958,-537
111000009,299,978,-679
111000010,523,254,269
111000011,476,907,-431
111000012,664,380,284
111000013,250,1249,-999
111000014,922,553,369
111000017,131,608,-477
111000018,262,416,-154
111000020,2707,2473,234
111000021,100,116,-16
111000023,71,175,-104
111000025,8339,2484,5855
111000029,61,177,-116
111000030,44,177,-133
111000031,2195,850,1345
111000032,487,210,277
111000033,304,156,148
111000034,322,213,109
111000037,3593,1381,2212
111000038,3324,2924,400
111000039,1693,2859,-1166
111000040,1632,3046,-1414
111000041,1812,1940,-128
111000042,7627,3316,4311
111000043,1832,1704,128
111000044,1138,699,439
111000045,1437,1748,-311
111000046,984,1201,-217
111000047,1504,2031,-527
111000049,354,542,-188
111000050,1951,1825,126
111000051,432,1262,-830
111000052,539,1437,-898
111000053,342,1291,-949
111000054,188,1226,-1038
111000055,1331,2411,-1080
111000056,94,834,-740
111000057,97,1231,-1134
111000058,150,88,62
111000059,207,262,-55
111000060,2186,646,1540
111000061,269,392,-123
111000062,463,285,178
111000063,1473,761,712
111000064,405,553,-148
111000065,779,679,100
111000066,287,265,22
111000067,331,726,-395
111000068,331,851,-520
111000069,1811,2172,-361
111000070,2443,1305,1138
111000071,287,994,-707
111000072,605,333,272
111000073,156,506,-350
111000074,1333,1324,9
111000075,577,816,-239
111000076,288,879,-591
111000077,1171,1333,-162
111000078,1971,1319,652
111000079,1319,791,528
111000080,424,749,-325
111000081,2376,3929,-1553
111000082,524,664,-140
111000084,546,561,-15
111000085,826,1845,-1019
111000086,3877,1437,2440
111000087,818,956,-138
111000088,7255,1846,5409
111000089,490,894,-404
111000090,1185,1654,-469
111000091,669,859,-190
111000092,915,1264,-349
111000093,409,743,-334
111000094,1425,827,598
111000095,994,1842,-848
111000096,3139,6349,-3210
111000097,7602,1128,6474
111000098,590,1622,-1032
111000099,399,3061,-2662
111000100,340,2870,-2530
111000101,369,1010,-641
111000102,122,975,-853
111000104,241,244,-3
111000107,54,957,-903
111000109,350,256,94
111000110,879,619,260
111000111,1179,431,748
111000112,1013,323,690
111000113,547,626,-79
111000114,1678,1610,68
111000115,8889,1092,7797
111000116,788,900,-112
111000117,399,958,-559
111000118,1470,1072,398
111000119,613,1857,-1244
111000120,371,629,-258
111000121,189,586,-397
111000122,453,1132,-679
111000123,781,3991,-3210
111000124,468,4490,-4022
111000125,217,2315,-2098
111000126,62,1071,-1009
111000127,459,197,262
111000128,865,346,519
111000129,1596,456,1140
111000130,1124,713,411
111000131,861,542,319
111000132,660,416,244
111000133,88,165,-77
111000134,99,143,-44
111000135,44,123,-79
111000136,198,256,-58
111000138,4,15,-11
111000140,0,3,-3
111000141,221,365,-144
111000142,58,123,-65
111000143,2,87,-85
111000144,5,83,-78
111000145,188,1,187
111000146,28,9,19
111000147,264,22,242
111000148,128,143,-15
111000149,1,32,-31
111000150,12,10,2
111000151,1,10,-9
111000153,582,682,-100
111000154,768,220,548
111000155,83,152,-69
111000156,352,309,43
111000157,167,464,-297
111000158,840,515,325
111000159,2837,617,2220
111000160,181,427,-246
111000161,11,263,-252
111000162,1,177,-176
111000163,321,788,-467
111000164,846,2509,-1663
111000165,1366,450,916
111000166,1735,348,1387
111000167,173,476,-303
111000168,211,507,-296
111000169,237,655,-418
111000170,445,474,-29
111000171,439,1162,-723
111000172,80,822,-742
111000173,206,1677,-1471
111000174,105,746,-641
111000175,37,340,-303
111000176,187,199,-12
111000177,98,248,-150
111000178,559,379,180
111000179,92,206,-114
111000180,122,297,-175
111000181,525,316,209
111000182,99,232,-133
111000183,217,278,-61
111000184,291,236,55
111000185,324,505,-181
111000186,184,320,-136
111000187,73,320,-247
111000188,161,478,-317
111000189,1971,570,1401
111000190,156,601,-445
111000191,129,587,-458
111000192,224,804,-580
111000193,397,460,-63
111000194,21,394,-373
111000195,71,515,-444
111000196,35,354,-319
111000197,177,209,-32
111000198,320,160,160
111000199,86,162,-76
111000200,129,336,-207
111000201,339,251,88
111000202,160,242,-82
111000203,234,198,36
111000204,301,545,-244
111000213,105,399,-294
111000214,1282,1839,-557
111000215,812,1592,-780
111000217,869,1117,-248
111000218,716,953,-237
111000219,325,220,105
111000220,3364,782,2582
111000221,606,229,377
111000224,69,295,-226
111000225,257,148,109
111000226,115,4,111
111000227,44,3,41
111000228,12,183,-171
111000229,33,448,-415
111000230,184,637,-453
111000231,552,1581,-1029
111000232,273,890,-617
111000233,354,845,-491
111000234,45,232,-187
111000239,164,283,-119
111000240,22,122,-100
111000241,35,479,-444
111000242,65,54,11
111000243,96,1054,-958
111000244,205,81,124
111000245,609,703,-94
111000246,223,719,-496
111000247,162,1287,-1125
111000248,331,402,-71
111000249,487,978,-491
111000250,20,196,-176
111000251,22,184,-162
111000253,13,16,-3
111000255,19,9,10
111000257,36,21,15
111000260,63,1507,-1444
111000261,518,86,432
111000271,43,346,-303
111000273,7833,1456,6377
111000274,1073,2060,-987
111000275,83,66,17
111000276,260,2998,-2738
111000277,130,559,-429
111000278,454,258,196
111000291,442,2800,-2358
111000298,301,241,60
111000299,412,140,272
111000300,69,784,-715
111000302,247,81,166
111000303,95,424,-329
111000312,69,68,1
111000315,17,275,-258
111000320,320,743,-423
111000321,188,74,114
111000322,147,608,-461
111000323,77,33,44
111000324,319,350,-31
111000325,25,72,-47
111000326,90,451,-361
111000327,299,700,-401
111000328,174,379,-205
111000329,1,17,-16
111000330,7,17,-10
111000331,29,13,16
111000332,367,1260,-893
111000334,470,1815,-1345
111000335,350,156,194
111000337,460,403,57
111000338,28,181,-153
111000339,156,915,-759
111000340,59,1038,-979
111000341,714,334,380
111000342,52,324,-272
111000344,684,732,-48
111000345,128,32,96
111000346,30,101,-71
111000347,31,3,28
111000350,144,185,-41
111000351,76,301,-225
111000352,141,165,-24
111000353,90,274,-184
111000354,715,154,561
111000355,964,700,264
111000358,77,2256,-2179
111000360,108,1221,-1113
111000361,85,586,-501
111000546,393,779,-386
111000547,237,985,-748
111000548,70,227,-157
111000549,121,617,-496
111000550,106,465,-359
111000551,851,180,671
111000552,353,65,288
111000907,226,40,186
111000908,24,12,12
111000916,699,258,441
111000917,21,410,-389
111000918,101,1428,-1327
111000920,219,2,217
111000921,1,423,-422
111000922,240,327,-87
111000924,43,1458,-1415
111000925,1368,1611,-243
111000926,956,3169,-2213
111000927,3102,3231,-129
111000928,6424,4514,1910
111000929,728,773,-45
111000930,618,2784,-2166
111000931,1451,1611,-160
111000932,4439,2665,1774
111000933,3238,1866,1372
111000934,2460,3042,-582
111000935,729,1102,-373
111000936,863,2353,-1490
111000937,588,1056,-468
111000938,1705,2554,-849
111000939,187,53,134
111000940,219,199,20
111000941,141,864,-723
111000943,174,250,-76
111000944,98,733,-635
111000945,69,2900,-2831
111001109,281,167,114
111001110,169,741,-572
111001111,31,1,30
111001112,99,3,96
111001113,5,131,-126
111001114,1448,93,1355
111001115,187,355,-168
111001116,6485,1686,4799
111001117,837,909,-72
111001120,70,485,-415
111001121,152,387,-235
111001122,130,811,-681
111001123,92,128,-36
111001124,47,441,-394
111001125,1,21,-20
111900001,4,155,-151
111900002,13,1018,-1005
111900003,3,560,-557
111900004,41,224,-183
111900006,6,37,-31
111900007,50,3,47
111900008,87,1,86
111900009,66,260,-194
111900010,256,637,-381
111900012,102,149,-47
111900013,11,135,-124
111900014,9418,2293,7125
111900015,3,87,-84
111900016,3,240,-237
111900017,0,235,-235
111900018,56,13,43
111900019,4,129,-125
111900020,4,59,-55
111900021,20,105,-85
111900022,15,56,-41
111900023,186,100,86
111900024,0,97,-97
111900025,0,58,-58
111900026,1,113,-112
111900027,7,169,-162
111900028,1,518,-517
111900029,3,131,-128
111900030,65,552,-487
111900031,6,109,-103
111900032,3,469,-466
111900033,4,150,-146
111900034,213,883,-670
111900035,33,261,-228
111900036,4,457,-453
111900038,332,808,-476
111900039,22,490,-468
111900040,3,929,-926
111900042,42,83,-41
111900043,3,589,-586
111900044,329,314,15
111900046,36,297,-261
111900048,115,1018,-903
111900049,35,387,-352
111900050,61,21,40
111900051,1,428,-427
111900052,374,729,-355
111900053,1876,429,1447
111900054,71,2,69
111900055,23,955,-932
111900056,224,132,92
111900057,44,27,17
111900058,185,963,-778
111900059,3166,281,2885
111900060,200,4,196
111900061,14,417,-403
111900062,8,17,-9
111900063,126,271,-145
111900064,151,386,-235
111900065,26,11,15
111900066,92,142,-50
111900067,2,473,-471
111900068,27,24,3
111900069,23,17,6
111900070,61,157,-96
111900071,2,378,-376
111900072,25,11,14
111900073,368,90,278
111900074,8,248,-240
111900075,24,5,19
111900076,63,19,44
111900077,16,0,16
111900078,144,10,134
111900079,25,7,18
111900080,239,149,90
111900082,81,4,77
111900083,44,6,38
111900084,22,0,22
111900085,24,61,-37
111900086,38,5,33
111900087,18,0,18
111900088,252,6,246
111900089,29,1,28
111900090,70,16,54
111900091,139,3,136
111900092,22,0,22
111900093,182,2,180
111900094,24,0,24
111900095,93,7,86
111900096,77,0,77
111900097,25,0,25
111900098,59,1,58
111900099,16,0,16
111900100,43,3,40
111900101,65,12,53
111900102,153,992,-839
111900103,81,31,50
111900104,97,72,25
111900105,177,111,66
111900106,1961,71,1890
111900110,4002,276,3726
111900111,26,345,-319
111900112,1194,1086,108
111900113,312,64,248
111900118,179,47,132
111900119,200,55,145
111900122,72,17,55
111900123,11,10,1
111900124,31,158,-127
111900125,211,12,199
111900126,118,2,116
111900127,6,796,-790
111900128,0,769,-769
111900129,74,5,69
111900130,148,17,131
111900131,156,1,155
111900132,16,1757,-1741
111900133,5,420,-415
111900134,17,492,-475
111900135,3,16,-13
111900136,73,127,-54
111900137,49,68,-19
111900138,17,127,-110
111900139,22,201,-179
111900140,39,20,19
111900141,21,14,7
111900142,44,10,34
111900143,14,367,-353
111900144,1,139,-138
111900145,3,898,-895
111900146,7,509,-502
111900147,195,683,-488
111900148,35,1236,-1201
111900149,9,493,-484
111900150,9,284,-275
111900151,8,29,-21
111900152,125,53,72
111900153,1705,212,1493
111900154,16,120,-104
111900155,60,27,33
111900156,48,23,25
111900157,35,10,25
111900158,174,28,146
111900159,121,5,116
111900160,93,2,91
111900161,83,0,83
111900162,78,112,-34
111900163,48,370,-322
111900164,104,50,54
111901113,132,307,-175
111901114,211,565,-354
111901115,20,5,15
111901116,24,0,24
111901117,17,26,-9
111901118,138,160,-22
111901119,1959,159,1800
111901121,180,492,-312
111901122,3,787,-784
111901123,80,621,-541
111901124,76,0,76
111901125,173,200,-27
111901127,1271,270,1001
111901128,14,119,-105
111901129,9,218,-209
111901130,20,408,-388
111901131,1,392,-391
111901132,60,5,55
111901133,45,2,43
111901134,43,1,42
111901135,18,9,9
111901136,29,28,1
111901137,2,12,-10
111901138,73,32,41
111901139,35,76,-41
111901140,6,189,-183
111901141,2,294,-292
111901142,11,182,-171
111901143,0,117,-117
111901144,40,26,14
111901145,161,191,-30
111901146,403,12,391
112000001,1086,751,335
112000002,732,2939,-2207
112000003,625,829,-204
112000004,479,1928,-1449
112000005,1813,1586,227
112000006,1544,2398,-854
112000007,1456,1316,140
112000008,1793,3051,-1258
112000009,4074,3902,172
112000010,1669,2222,-553
112000011,1724,2555,-831
112000012,5861,2001,3860
112000013,6652,3444,3208
112000014,2853,800,2053
112000015,3283,2618,665
112000016,5201,916,4285
112000017,2302,1503,799
112000024,2219,748,1471
112000026,4888,5918,-1030
112000027,764,384,380
112000028,1685,1964,-279
112000029,329,572,-243
112000030,245,161,84
112000031,1675,3031,-1356
112000032,755,87,668
112000033,2230,944,1286
112000034,282,42,240
112000035,66,305,-239
112000036,928,720,208
112000037,1072,907,165
112000038,1048,1000,48
112000039,26,115,-89
112000040,165,341,-176
112000041,465,510,-45
112000042,1046,331,715
112000050,690,1446,-756
112000051,596,730,-134
112000054,1662,2817,-1155
112000057,557,332,225
112000058,352,560,-208
112000059,825,540,285
112000061,5752,1842,3910
112000062,2570,512,2058
112000063,1797,682,1115
112000064,4926,6479,-1553
112000065,2491,3187,-696
112000066,3411,1015,2396
112000067,752,772,-20
112000068,2032,1230,802
112000069,737,2718,-1981
112000070,1604,546,1058
112000071,769,3767,-2998
112000072,1084,938,146
112000073,1371,2083,-712
112000074,909,835,74
112000075,940,945,-5
112000076,3265,3204,61
112000077,355,831,-476
112000078,960,868,92
112000079,1073,1425,-352
112000080,464,1090,-626
112000081,1091,2044,-953
112000082,1043,734,309
112000083,521,1592,-1071
112000084,876,687,189
112000085,811,1373,-562
112000086,1104,1718,-614
112000087,172,530,-358
112000088,277,784,-507
112000089,194,391,-197
112000090,154,478,-324
112000091,626,1400,-774
112000092,1142,906,236
112000093,1481,1238,243
112000094,354,878,-524
112000095,461,908,-447
112000096,256,691,-435
112000097,571,475,96
112000098,938,1942,-1004
112000099,515,685,-170
112000100,897,1008,-111
112000101,359,1164,-805
112000102,554,567,-13
112000103,232,1518,-1286
112000105,410,2373,-1963
112000106,672,420,252
112000107,11,185,-174
112000108,137,1789,-1652
112000109,26,48,-22
112000110,1179,508,671
112000111,1545,5211,-3666
112000112,4323,601,3722
112000113,1113,2453,-1340
112000114,2286,1023,1263
112000115,186,693,-507
112000116,409,1230,-821
112000117,578,945,-367
112000118,730,1088,-358
112000119,355,1272,-917
112000120,61,463,-402
112000121,54,918,-864
112000122,157,143,14
112000123,290,154,136
112000124,198,78,120
112000125,64,150,-86
112000126,127,885,-758
112000127,2953,1116,1837
112000128,1408,647,761
112000129,65,117,-52
112000130,78,57,21
112000131,19,509,-490
112000132,71,384,-313
112000133,223,402,-179
112000134,358,462,-104
112000135,846,646,200
112000136,1043,1399,-356
112000137,1424,1425,-1
112000138,2332,1483,849
112000139,761,244,517
112000140,898,1186,-288
112000141,437,195,242
112000142,134,1117,-983
112000143,580,243,337
112000144,267,2187,-1920
112000145,1400,782,618
112000146,647,2744,-2097
112000147,1373,1557,-184
112000148,1607,2587,-980
112000149,186,865,-679
112000150,81,735,-654
112000151,259,771,-512
112000152,170,424,-254
112000153,204,321,-117
112000154,77,202,-125
112000155,135,111,24
112000157,620,476,144
112000158,138,918,-780
112000159,261,349,-88
112000167,169,29,140
112000169,330,377,-47
112000173,327,250,77
112000175,285,407,-122
112000176,6220,2003,4217
112000177,329,130,199
112000178,31,677,-646
112000179,104,140,-36
112000180,212,318,-106
112000181,1039,2295,-1256
112000182,559,2710,-2151
112000183,46,46,0
112000184,190,782,-592
112000185,252,667,-415
112000187,2756,2513,243
112000195,108,12,96
112000196,203,2,201
112000197,203,132,71
112000198,34,422,-388
112000199,1103,906,197
112000202,196,1,195
112000216,63,244,-181
112000230,26,11,15
112000231,6,401,-395
112000256,26,184,-158
112000313,164,150,14
112000314,7,14,-7
112000337,183,646,-463
112000352,304,189,115
112000392,1749,1134,615
112000398,752,836,-84
112000399,2679,1668,1011
112000400,1731,4689,-2958
112000401,2720,3344,-624
112000402,1473,2026,-553
112000403,2089,1755,334
112000404,382,555,-173
112000405,1166,2234,-1068
112000406,3440,3733,-293
112000407,3891,5871,-1980
112000408,9102,8317,785
112000409,1664,5607,-3943
112000410,261,112,149
112000411,6747,1083,5664
112000412,1266,379,887
112000413,11901,2664,9237
112000414,60,108,-48
112000415,63,44,19
112000416,1425,1200,225
112000417,156,75,81
112000421,27,167,-140
112000422,248,655,-407
112000424,2897,1707,1190
112000425,349,1200,-851
112000426,83,274,-191
112000427,1,10,-9
112000428,83,639,-556
112000429,1991,2925,-934
112000430,1735,2941,-1206
112000431,33,129,-96
112000432,631,2475,-1844
112000433,811,776,35
112000437,25,384,-359
112900001,46,1,45
112900002,145,1531,-1386
112900003,24,299,-275
112900004,20,573,-553
112900005,113,277,-164
112900006,10,583,-573
112900007,17,268,-251
112900008,8,11,-3
112900009,349,77,272
112900010,122,956,-834
112900011,350,366,-16
112900012,1,45,-44
112900013,4,170,-166
112900014,0,393,-393
112900015,397,1199,-802
112900016,3,362,-359
112900017,32,287,-255
112900018,0,430,-430
112900019,84,172,-88
112900020,470,1798,-1328
112900021,5,503,-498
112900022,6,83,-77
112900023,1,327,-326
112900024,26,298,-272
112900025,71,336,-265
112900026,4,363,-359
112900027,12,1570,-1558
112900028,17,207,-190
112900029,8,836,-828
112900030,250,242,8
112900031,2,665,-663
112900032,107,307,-200
112900034,0,77,-77
112900035,4,649,-645
112900036,31,173,-142
112900037,187,100,87
112900038,348,160,188
112900039,12,390,-378
112900040,5,416,-411
112900041,1518,906,612
112900042,46,637,-591
112900043,23,52,-29
112900044,677,473,204
112900045,535,322,213
112900046,432,91,341
112900047,23,15,8
112900049,88,99,-11
112900050,86,710,-624
112900051,348,979,-631
112900052,12,1392,-1380
112900053,354,126,228
112900054,236,28,208
112900055,145,25,120
112900056,261,131,130
112900057,14,1056,-1042
112900058,322,132,190
112900059,98,140,-42
112900060,14,384,-370
112900061,61,193,-132
112900062,62,168,-106
112900063,89,8,81
112900064,237,192,45
112900065,45,17,28
112900066,171,58,113
112900067,643,194,449
112900068,29,16,13
112900069,3183,545,2638
112900071,11,4,7
112900072,224,1014,-790
112900073,230,37,193
112900074,58,95,-37
112900075,2556,479,2077
112900076,85,7,78
112900078,116,229,-113
112900079,126,17,109
112900080,20,2,18
112900081,44,135,-91
112900082,264,12,252
112900083,47,50,-3
112900084,138,69,69
112900086,34,1,33
112900087,438,85,353
112900088,47,10,37
112900089,521,14,507
112900090,15,7,8
112900091,68,0,68
112900092,115,145,-30
112900093,1012,17,995
112900095,32,0,32
112900096,202,93,109
112900097,45,543,-498
112900098,136,1,135
112900099,295,11,284
112900100,26,0,26
112900101,122,1,121
112900102,127,2,125
112900103,121,2,119
112900104,35,3,32
112900105,10,0,10
112900106,354,86,268
112900107,5,0,5
112900108,62,0,62
112900109,40,0,40
112900110,436,12,424
112900111,298,0,298
112900112,188,1,187
112900113,0,19,-19
112900114,39,33,6
112900115,380,0,380
112900116,24,35,-11
112900117,94,134,-40
112900118,36,97,-61
112900119,80,6,74
112900120,777,229,548
112900121,294,245,49
112900122,15,227,-212
112900123,132,7,125
112900124,4,176,-172
112900125,111,465,-354
112900126,95,324,-229
112900127,194,38,156
112900128,448,931,-483
112900129,1,1186,-1185
112900130,153,56,97
112900131,41,270,-229
112900132,72,543,-471
112900133,25,1500,-1475
112900134,2,348,-346
112900135,60,26,34
112900137,3,899,-896
112900138,5,553,-548
112900139,196,1363,-1167
112900141,423,45,378
112900142,132,61,71
112900143,35,701,-666
112900144,3,446,-443
112900145,32,596,-564
112900146,11,1700,-1689
112900147,6,2827,-2821
112900148,35,0,35
112900149,189,657,-468
112900151,22,49,-27
112900152,5594,1121,4473
112900153,1984,1132,852
112900154,0,113,-113
112900155,99,12,87
112900156,156,2179,-2023
112900157,127,132,-5
112900158,24,22,2
112900159,210,56,154
112900160,22,335,-313
112900161,68,26,42
112900162,61,15,46
112900163,118,34,84
112900164,17,93,-76
112900165,77,53,24
112900166,9,35,-26
112900167,11,21,-10
112900168,9,2,7
112900169,11,3,8
112900170,44,130,-86
112900172,72,3,69
112900173,344,93,251
112900174,208,41,167
112900175,145,117,28
112900176,7,15,-8
112900177,139,27,112
112900178,605,1225,-620
112900179,38,590,-552
112900180,1090,2537,-1447
112900181,246,2,244
112900182,20,1782,-1762
112900183,151,226,-75
112900184,400,380,20
112900185,378,479,-101
112900186,2135,691,1444
112900187,68,333,-265
112900188,628,263,365
112900189,22,30,-8
112900190,0,49,-49
112900192,400,347,53
112900193,1107,275,832
112900194,31,109,-78
112900195,499,14,485
112900196,164,471,-307
112900197,126,481,-355
112900199,344,795,-451
112900200,343,345,-2
112900201,56,89,-33
112900202,198,1255,-1057
112900203,74,406,-332
112900204,924,416,508
112900205,0,3,-3
112900206,2,43,-41
112900207,0,0,0
112900208,48,107,-59
112900209,434,470,-36
112900210,0,36,-36
112900211,51,87,-36
112900212,0,68,-68
112900213,5,10,-5
112900214,31,4,27
112900215,4,302,-298
112900216,35,70,-35
112900217,6,62,-56
112900218,12,16,-4
112900219,41,5,36
112900220,13,1,12
112900221,21,118,-97
112900222,0,24,-24
112900223,502,20,482
112900224,133,1016,-883
112900225,276,709,-433
112900226,313,359,-46
112900227,261,1667,-1406
112900228,14,22,-8
112900229,91,80,11
112900230,9973,3601,6372
112900232,217,136,81
112900233,35,242,-207
112900234,4,155,-151
112900235,52,14,38
112900236,168,18,150
112900237,59,407,-348
112900238,5,52,-47
112900239,513,244,269
113000001,4748,5118,-370
113000002,3566,3995,-429
113000003,1951,1978,-27
113000004,1922,2273,-351
113000005,1200,1202,-2
113000006,1009,1307,-298
113000007,1309,1478,-169
113000008,1359,2083,-724
113000009,667,958,-291
113000010,924,1803,-879
113000011,725,2094,-1369
113000012,1010,861,149
113000013,865,505,360
113000014,1819,1550,269
113000015,718,270,448
113000016,251,383,-132
113000017,65,308,-243
113000018,202,39,163
113000019,70,261,-191
113000020,66,21,45
113000021,850,639,211
113000022,463,1459,-996
113000025,38,265,-227
113000026,227,557,-330
113000027,795,416,379
113000028,1401,482,919
113000029,691,545,146
113000030,622,662,-40
113000031,402,336,66
113000032,241,185,56
113000033,286,370,-84
113000034,483,324,159
113000035,23,29,-6
113000036,24,41,-17
113000037,59,35,24
113000038,16,45,-29
113000039,66,590,-524
113000040,29,92,-63
113000042,808,719,89
113000051,721,2111,-1390
113000052,2409,1171,1238
113000053,316,711,-395
113000054,206,883,-677
113000055,746,1195,-449
113000056,546,1469,-923
113000058,822,1074,-252
113000059,1233,781,452
113000060,153,716,-563
113000061,729,879,-150
113000062,1257,195,1062
113000063,85,271,-186
113000064,18,484,-466
113000065,186,1499,-1313
113000066,372,104,268
113000067,1267,1423,-156
113000068,387,2417,-2030
113000069,454,1774,-1320
113000070,1074,926,148
113000071,299,906,-607
113000072,421,528,-107
113000073,513,1867,-1354
113000074,1030,364,666
113000075,2161,574,1587
113000076,1382,1890,-508
113000077,1654,464,1190
113000078,1107,1869,-762
113000079,928,738,190
113000080,947,529,418
113000081,813,832,-19
113000082,1338,820,518
113000083,564,748,-184
113000084,1425,1160,265
113000085,836,576,260
113000086,1060,1221,-161
113000087,990,811,179
113000088,2232,1234,998
113000089,799,1405,-606
113000090,268,385,-117
113000091,1008,335,673
113000094,771,158,613
113000095,253,1396,-1143
113000096,151,1094,-943
113000097,756,382,374
113000098,80,28,52
113000099,981,264,717
113000100,163,469,-306
113000101,369,585,-216
113000102,440,250,190
113000103,2533,641,1892
113000104,285,2203,-1918
113000105,564,488,76
113000106,332,579,-247
113000107,455,867,-412
113000108,747,1607,-860
113000109,382,2956,-2574
113000110,1527,470,1057
113000111,146,620,-474
113000112,294,325,-31
113000113,2073,261,1812
113000114,348,1110,-762
113000116,810,257,553
113000117,810,153,657
113000118,158,417,-259
113000119,174,441,-267
113000120,61,237,-176
113000121,676,1019,-343
113000124,169,136,33
113000125,79,544,-465
113000127,4114,641,3473
113000128,509,618,-109
113000129,650,1378,-728
113000133,4640,1330,3310
113000134,5,881,-876
113000135,3148,2838,310
113000137,2787,2036,751
113000139,470,161,309
113000140,214,285,-71
113000141,467,164,303
113000142,1006,1113,-107
113000143,297,226,71
113000144,424,839,-415
113000145,28,107,-79
113000146,87,75,12
113000147,116,134,-18
113000148,50,144,-94
113000149,52,86,-34
113000150,534,495,39
113000151,80,61,19
113000152,35,145,-110
113000153,2157,618,1539
113000154,747,1388,-641
113000155,276,438,-162
113000156,164,423,-259
113000157,277,843,-566
113000158,554,237,317
113000159,949,558,391
113000160,754,1486,-732
113000161,276,826,-550
113000162,601,373,228
113000163,54,35,19
113000164,29,99,-70
113000166,72,38,34
113000167,35,237,-202
113000168,89,263,-174
113000169,92,36,56
113000170,86,81,5
113000171,50,137,-87
113000172,219,56,163
113000173,50,16,34
113000174,155,657,-502
113000175,324,109,215
113000176,424,113,311
113000177,145,454,-309
113000178,199,479,-280
113000179,309,103,206
113000180,578,1484,-906
113000181,728,1195,-467
113000182,216,337,-121
113000183,176,544,-368
113000184,23,101,-78
113000189,489,703,-214
113000190,1854,599,1255
113000192,2526,1417,1109
113000193,5491,879,4612
113000194,2174,1179,995
113000195,2373,551,1822
113000196,101,102,-1
113000197,1567,868,699
113000198,36,357,-321
113000199,1215,405,810
113000201,372,211,161
113000202,4072,2529,1543
113000203,487,183,304
113000204,2000,1283,717
113000205,7,17,-10
113000206,6,23,-17
113000207,54,24,30
113000208,18,44,-26
113000209,21,17,4
113000210,5,16,-11
113000211,337,167,170
113000212,306,23,283
113000213,26,81,-55
113000214,75,231,-156
113000234,189,1613,-1424
113000410,43,141,-98
113000411,3075,4352,-1277
113000412,10363,2151,8212
113000413,4452,2689,1763
113000414,11906,11610,296
113000415,2668,2793,-125
113000416,12538,3823,8715
113000417,3825,3345,480
113000418,3705,2485,1220
113000419,2117,1810,307
113000420,4556,4306,250
113000421,3776,4956,-1180
113000422,18543,8628,9915
113000423,3005,4076,-1071
113000424,4489,7086,-2597
113000425,14,93,-79
113000428,55,17,38
113000430,49,27,22
113000432,1231,157,1074
113000433,117,1279,-1162
113000434,5,466,-461
113000435,9,1248,-1239
113000436,58,1764,-1706
113000437,374,23,351
113000438,134,15,119
113000439,16,194,-178
113000440,88,36,52
113000441,129,247,-118
113000442,129,401,-272
113000443,64,377,-313
113000444,86,436,-350
113000445,70,202,-132
113000446,23,121,-98
113000448,255,127,128
113000449,353,1028,-675
113000450,832,2916,-2084
113000451,1815,140,1675
113000452,474,473,1
113000453,184,276,-92
113000454,1216,45,1171
113000455,84,135,-51
113000456,4620,2076,2544
113000468,3108,369,2739
113000469,461,176,285
113000470,615,70,545
113000471,10,448,-438
113000472,85,334,-249
113000474,260,750,-490
113000475,1398,1882,-484
113000476,770,1925,-1155
113000477,1853,2086,-233
113000478,3762,6483,-2721
113000479,50,258,-208
113000480,95,81,14
113000484,0,0,0
113000485,0,0,0
113000486,0,0,0
113000487,0,0,0
113000488,0,0,0
113000489,0,0,0
113000490,0,0,0
113000491,1,5,-4
113000492,0,0,0
113000493,0,0,0
113000495,192,266,-74
113000496,102,82,20
113000499,0,0,0
113900001,4,130,-126
113900002,2,292,-290
113900003,1,158,-157
113900004,1,48,-47
113900005,1,32,-31
113900006,1,42,-41
113900007,67,28,39
113900008,102,0,102
113900009,319,0,319
113900010,229,0,229
113900011,37,2,35
113900012,5,3,2
113900013,1022,7,1015
113900014,411,1,410
113900015,0,61,-61
113900016,20,0,20
113900017,1,60,-59
113900018,506,97,409
113900019,67,69,-2
113900020,101,1,100
113900022,6,0,6
113900023,21,0,21
113900024,31,127,-96
113900025,385,38,347
113900026,33,1,32
113900027,2,80,-78
113900028,13,539,-526
113900029,58,415,-357
113900030,100,1,99
113900031,4,1,3
113900032,13,0,13
113900033,78,128,-50
113900035,49,0,49
113900036,8,151,-143
113900037,58,644,-586
113900038,106,82,24
113900039,121,5,116
113900040,1,5,-4
113900041,3,0,3
113900042,64,50,14
113900043,126,126,0
113900044,135,94,41
113900045,35,2,33
113900046,209,753,-544
113900047,5,218,-213
113900048,352,51,301
113900049,942,198,744
113900050,160,491,-331
113900051,210,561,-351
113900052,160,184,-24
113900053,546,249,297
113900054,10,4,6
113900055,102,672,-570
113900056,94,229,-135
113900057,5,124,-119
113900058,26,274,-248
113900059,131,428,-297
113900060,134,351,-217
113900061,1109,233,876
113900062,42,13,29
113900063,90,187,-97
113900064,20,198,-178
113900065,367,34,333
113900066,222,550,-328
113900067,68,460,-392
113900068,372,331,41
113900069,142,32,110
113900070,182,662,-480
113900071,58,84,-26
113900072,36,223,-187
113900073,120,405,-285
113900074,24,545,-521
113900075,950,835,115
113900076,141,12,129
113900077,39,384,-345
113900078,61,89,-28
113900079,6,70,-64
113900080,350,177,173
113900081,32,311,-279
113900082,94,286,-192
113900083,147,872,-725
113900084,237,86,151
113900085,48,460,-412
113900086,20,12,8
113900087,44,211,-167
113900088,21,64,-43
113900089,372,61,311
113900090,357,293,64
113900091,19,36,-17
113900092,30,70,-40
113900093,55,552,-497
113900094,271,553,-282
113900095,114,114,0
113900096,139,56,83
113900097,11,127,-116
113900098,503,61,442
113900099,0,81,-81
113900100,0,1,-1
113900101,12,66,-54
113900102,112,142,-30
113900103,195,236,-41
113900104,126,198,-72
113900105,44,490,-446
113900106,0,107,-107
113900107,0,25,-25
113900108,249,193,56
113900109,344,111,233
113900110,43,11,32
113900111,68,135,-67
113900112,60,98,-38
113900113,708,425,283
113900114,1,165,-164
113900115,0,123,-123
113900116,124,162,-38
113900117,64,22,42
113900118,166,287,-121
113900119,326,471,-145
113900120,80,28,52
113900121,44,75,-31
113900122,357,1396,-1039
113900123,411,149,262
113900124,0,78,-78
113900125,1525,151,1374
113900126,145,43,102
113900127,233,424,-191
113900128,90,52,38
113900129,15,114,-99
113900130,6,25,-19
113900131,160,76,84
113900132,28,62,-34
113900133,16,31,-15
113900135,178,557,-379
113900136,104,87,17
113900137,339,175,164
113900138,69,179,-110
113900139,544,63,481
113900140,540,268,272
113900141,238,540,-302
113900142,45,108,-63
113900143,5,23,-18
113900144,378,173,205
113900145,203,212,-9
113900146,53,80,-27
113900148,196,215,-19
113900149,114,38,76
113900150,1363,790,573
113900151,244,241,3
113900152,29,52,-23
113900153,528,722,-194
113900154,3,76,-73
113900155,253,86,167
113900156,187,739,-552
113900157,33,227,-194
113900158,585,253,332
113900159,7,264,-257
113900160,499,890,-391
113900161,79,229,-150
113900162,827,627,200
113900163,242,301,-59
113900164,256,59,197
113900165,522,650,-128
113900166,273,180,93
113900167,252,85,167
113900168,157,163,-6
113900169,216,507,-291
113900171,113,56,57
113900172,4,230,-226
113900173,54,855,-801
113900174,453,791,-338
113900175,301,85,216
113900176,201,782,-581
113900177,224,301,-77
113900178,262,112,150
113900179,28,836,-808
113900180,172,147,25
113900181,425,108,317
113900182,538,1161,-623
113900183,50,86,-36
113900184,13,703,-690
113900185,188,80,108
113900186,20,41,-21
113900187,35,181,-146
113900188,70,156,-86
113900189,261,59,202
113900190,322,144,178
113900191,108,263,-155
113900192,8,341,-333
113900193,29,296,-267
113900194,2460,1181,1279
113900195,331,535,-204
113900196,4,162,-158
113900197,1,389,-388
113900198,25,172,-147
113900199,240,845,-605
113900200,11,345,-334
113900201,0,337,-337
113900202,51,379,-328
113900203,3,282,-279
113900204,26,773,-747
113900205,16,213,-197
113900206,6,172,-166
113900207,2,74,-72
113900208,2,64,-62
113900209,3,99,-96
113900210,557,647,-90
113900211,130,38,92
113900212,125,781,-656
113900214,620,405,215
113900215,33,162,-129
113900216,73,1495,-1422
113900217,30,371,-341
113900218,87,36,51
113900219,136,574,-438
113900220,89,84,5
113900221,341,173,168
113900222,373,387,-14
113900223,84,1262,-1178
113900224,144,86,58
113900225,795,243,552
113900226,283,144,139
113900227,276,176,100
113900228,365,347,18
113900229,36,580,-544
113900230,6169,1837,4332
113900231,160,276,-116
113900232,85,113,-28
113900233,42,79,-37
113900234,235,450,-215
113900235,77,34,43
113900236,50,402,-352
113900237,100,12,88
113900238,263,369,-106
113900239,42,65,-23
113900240,7,137,-130
113900241,103,85,18
113900242,66,191,-125
113900243,123,453,-330
113900244,488,187,301
113900245,1625,271,1354
113900246,17,13,4
113900247,201,278,-77
113900248,4656,1317,3339
113900249,1461,333,1128
113900250,38,110,-72
113900251,372,262,110
113900252,363,7,356
113900253,531,46,485
113900254,577,107,470
113900255,258,33,225
113900256,274,23,251
113900257,33,893,-860
113900258,16,662,-646
113900259,264,269,-5
113900260,87,21,66
113900261,42,147,-105
113900262,149,967,-818
113900263,162,625,-463
113900264,11,759,-748
113900265,167,378,-211
113900266,32,300,-268
113900267,96,633,-537
113900268,245,327,-82
113900269,58,157,-99
113900270,262,388,-126
113900271,584,1740,-1156
113900273,188,7,181
113900274,22,8,14
113900275,11,85,-74
113900276,0,335,-335
113900277,46,4,42
113900278,308,194,114
113900279,134,95,39
113900280,1222,540,682
113900281,353,1074,-721
113900282,1055,486,569
113900283,250,360,-110
113900284,570,177,393
113900285,68,16,52
113900286,7,130,-123
113900287,16,66,-50
113900288,1,96,-95
113900289,1769,84,1685
113900290,527,106,421
113900291,107,170,-63
113900292,22,7,15
113900293,2,336,-334
113900294,304,30,274
113900295,382,338,44
113900296,2795,341,2454
113900297,863,50,813
113900298,9,1733,-1724
113900299,19,266,-247
113900300,7702,2695,5007
113900301,1133,377,756
113900302,2871,594,2277
113900303,685,242,443
113900304,0,167,-167
113900305,75,1,74
113900306,13,0,13
113900307,68,0,68
113900308,117,123,-6
113900309,7,1017,-1010
113900310,0,24,-24
113900311,1,0,1
113900312,83,113,-30
113900313,21,19,2
114000001,1171,4396,-3225
114000002,137,566,-429
114000003,42,326,-284
114000004,198,475,-277
114000005,172,274,-102
114000006,3254,2346,908
114000007,573,1580,-1007
114000008,1425,1119,306
114000009,298,226,72
114000011,2441,4150,-1709
114000012,1474,3471,-1997
114000013,1227,2541,-1314
114000014,336,519,-183
114000015,925,722,203
114000016,212,608,-396
114000017,66,219,-153
114000018,563,75,488
114000026,944,1964,-1020
114000027,1713,2361,-648
114000028,1660,2205,-545
114000038,141,140,1
114000039,58,116,-58
114000040,55,183,-128
114000042,63,162,-99
114000043,61,186,-125
114000044,92,102,-10
114000045,48,127,-79
114000046,2592,4855,-2263
114000047,17,80,-63
114000048,64,78,-14
114000049,1698,1183,515
114000050,1417,1119,298
114000051,3419,1526,1893
114000052,3135,1386,1749
114000053,47,600,-553
114000054,118,1822,-1704
114000055,223,17,206
114000056,1736,665,1071
114000057,10320,2674,7646
114000058,774,878,-104
114000059,471,224,247
114000060,488,743,-255
114000061,4032,1675,2357
114000062,3846,1006,2840
114000063,3603,1705,1898
114000064,11175,3062,8113
114000065,1972,2495,-523
114000066,317,688,-371
114000067,53,404,-351
114000068,419,440,-21
114000069,793,542,251
114000070,2612,1353,1259
114000071,487,823,-336
114000072,184,529,-345
114000073,10,172,-162
114000074,10,18,-8
114000075,41,238,-197
114000076,6,279,-273
114000077,7,68,-61
114000078,112,1589,-1477
114000079,58,28,30
114000080,87,115,-28
114000081,30,127,-97
114000082,45,680,-635
114000083,50,489,-439
114000084,127,85,42
114000085,135,1105,-970
114000086,166,812,-646
114000087,38,373,-335
114000088,17,58,-41
114000089,1941,630,1311
114000090,561,568,-7
114000091,1413,453,960
114000092,882,300,582
114000093,892,647,245
114000094,278,347,-69
114000095,104,86,18
114000096,72,704,-632
114000097,127,1299,-1172
114000098,273,91,182
114000099,240,1262,-1022
114000100,695,948,-253
114000101,298,1595,-1297
114000102,224,321,-97
114000103,84,669,-585
114000104,5,360,-355
114000105,34,52,-18
114000106,1162,471,691
114000107,117,138,-21
114000108,3077,1544,1533
114000109,322,625,-303
114000110,500,2237,-1737
114000111,801,575,226
114000112,372,2197,-1825
114000113,628,494,134
114000114,1253,1910,-657
114000115,1417,704,713
114000116,392,1037,-645
114000117,1625,360,1265
114000118,1353,443,910
114000119,923,307,616
114000120,460,1148,-688
114000121,354,617,-263
114000122,349,242,107
114000123,854,255,599
114000124,465,321,144
114000125,763,2175,-1412
114000126,738,220,518
114000127,109,174,-65
114000128,664,517,147
114000130,275,484,-209
114000131,121,56,65
114000132,645,811,-166
114000133,1212,1529,-317
114000134,37,313,-276
114000138,27,276,-249
114000139,306,128,178
114000144,593,318,275
114000145,75,229,-154
114000146,94,414,-320
114000147,932,984,-52
114000148,2270,1383,887
114000149,234,191,43
114000150,856,439,417
114000151,794,921,-127
114000152,109,30,79
114000153,863,1130,-267
114000154,667,467,200
114000155,1044,1428,-384
114000156,606,422,184
114000157,207,839,-632
114000158,2768,721,2047
114000159,224,393,-169
114000160,216,231,-15
114000161,1501,1410,91
114000162,713,1122,-409
114000163,5,226,-221
114000165,213,119,94
114000166,657,272,385
114000167,4301,1281,3020
114000168,912,742,170
114000169,1714,724,990
114000170,943,717,226
114000171,648,1729,-1081
114000174,146,569,-423
114000176,563,452,111
114000177,2925,983,1942
114000178,47,106,-59
114000179,1240,670,570
114000180,399,639,-240
114000181,1367,2321,-954
114000182,6045,2562,3483
114000183,1087,1298,-211
114000184,7723,1747,5976
114000185,835,976,-141
114000189,406,67,339
114000190,1315,182,1133
114000191,27,37,-10
114000192,363,2012,-1649
114000193,1394,4455,-3061
114000194,1106,1580,-474
114000195,82,7,75
114000196,1,478,-477
114000197,673,41,632
114000198,1286,409,877
114000199,2208,1110,1098
114000200,516,3134,-2618
114000201,187,1300,-1113
114000202,909,1083,-174
114000203,317,993,-676
114000204,112,566,-454
114000205,209,2121,-1912
114000206,387,1291,-904
114000207,626,2869,-2243
114000208,428,4205,-3777
114000209,730,4279,-3549
114000210,396,2131,-1735
114000211,860,1588,-728
114000212,632,834,-202
114000213,966,705,261
114000214,98,263,-165
114000215,155,97,58
114000216,845,335,510
114000217,166,315,-149
114000218,76,397,-321
114000219,686,352,334
114000220,11,1883,-1872
114000221,366,146,220
114000222,239,1528,-1289
114000223,324,105,219
114000224,155,862,-707
114000225,160,669,-509
114000226,56,280,-224
114000227,522,478,44
114000228,503,1133,-630
114000229,728,1401,-673
114000230,1256,1817,-561
114000231,665,1418,-753
114000232,411,176,235
114000233,1460,193,1267
114000234,799,1152,-353
114000235,736,1867,-1131
114000236,4,540,-536
114000237,76,1419,-1343
114000238,36,184,-148
114000239,142,1755,-1613
114000240,606,647,-41
114000241,238,1327,-1089
114000242,975,1220,-245
114000243,1087,877,210
114000244,600,425,175
114000245,270,632,-362
114000246,99,46,53
114000247,536,806,-270
114000248,710,563,147
114000249,442,525,-83
114000250,428,691,-263
114000251,258,425,-167
114000252,51,118,-67
114000253,24,279,-255
114000254,17,112,-95
114000255,575,149,426
114000256,3307,998,2309
114000257,487,2150,-1663
114000258,212,622,-410
114000259,49,307,-258
114000260,0,26,-26
114000261,21,20,1
114000262,64,231,-167
114000263,8,1,7
114000264,493,868,-375
114000265,0,2,-2
114000267,4,1417,-1413
114000268,4,2798,-2794
114000270,106,3,103
114000271,480,111,369
114000283,554,517,37
114000285,65,420,-355
114000288,54,562,-508
114000289,874,79,795
114000293,46,395,-349
114000294,150,404,-254
114000395,1389,63,1326
114000396,265,338,-73
114000402,216,374,-158
114000403,165,551,-386
114000405,106,797,-691
114000423,126,618,-492
114000424,215,286,-71
114000425,290,684,-394
114000426,254,662,-408
114000427,51,137,-86
114000428,413,112,301
114000429,17,288,-271
114000432,62,181,-119
114000434,23,161,-138
114000435,13,205,-192
114900001,405,1785,-1380
114900002,362,133,229
114900003,295,2812,-2517
114900004,108,243,-135
114900005,237,1229,-992
114900006,14,48,-34
114900007,131,10,121
114900008,74,60,14
114900010,3199,1609,1590
114900011,93,108,-15
114900013,114,91,23
114900015,35,253,-218
114900018,749,51,698
114900020,108,41,67
114900022,1,853,-852
114900024,183,187,-4
114900025,258,278,-20
114900026,45,75,-30
114900027,154,223,-69
114900029,21,20,1
114900030,140,258,-118
114900031,129,23,106
114900032,154,30,124
114900033,1487,259,1228
114900034,46,326,-280
114900035,156,298,-142
114900036,247,1462,-1215
114900037,81,323,-242
114900038,129,1158,-1029
114900039,371,1001,-630
114900040,51,330,-279
114900041,346,882,-536
114900042,521,1221,-700
114900043,1011,402,609
114900044,58,19,39
114900046,51,192,-141
114900047,248,1311,-1063
114900048,87,290,-203
114900049,18,316,-298
114900050,22,720,-698
114900051,51,801,-750
114900052,100,305,-205
114900053,68,248,-180
114900054,44,181,-137
114900057,215,7,208
114900058,1,94,-93
114900059,47,29,18
114900060,1673,430,1243
114900061,112,293,-181
114900062,288,338,-50
114900063,55,421,-366
114900064,735,967,-232
114900065,263,766,-503
114900067,21,449,-428
114900068,79,216,-137
114900069,237,197,40
114900070,274,887,-613
114900072,15,297,-282
114900073,2,225,-223
114900074,220,1255,-1035
114900075,166,1,165
114900076,12,418,-406
114900080,3923,499,3424
114900082,4356,1448,2908
114900083,869,959,-90
114900090,135,117,18
114900091,143,261,-118
114900095,477,133,344
114900096,564,653,-89
114900097,49,2,47
114900098,5,249,-244
114900099,101,4,97
115000001,9810,6786,3024
115000002,2964,3274,-310
115000003,4281,5058,-777
115000004,2349,4419,-2070
115000005,1041,3132,-2091
115000006,478,1451,-973
115000007,58,168,-110
115000008,398,461,-63
115000009,130,344,-214
115000010,232,156,76
115000013,107,159,-52
115000015,83,207,-124
115000016,252,263,-11
115000019,14,375,-361
115000020,189,454,-265
115000021,291,429,-138
115000022,472,389,83
115000023,298,473,-175
115000024,1399,584,815
115000025,762,484,278
115000026,189,475,-286
115000027,199,253,-54
115000028,162,925,-763
115000029,348,170,178
115000030,411,989,-578
115000031,925,312,613
115000032,2,302,-300
115000033,154,27,127
115000034,163,1137,-974
115000035,848,53,795
115000036,0,440,-440
115000037,311,3,308
115000038,34,198,-164
115000039,3424,2338,1086
115000040,7657,3327,4330
115000041,859,2306,-1447
115000042,841,784,57
115000043,2889,3337,-448
115000044,3053,5025,-1972
115000045,1799,2880,-1081
115000046,1340,3080,-1740
115000047,1368,2121,-753
115000048,1308,3240,-1932
115000049,1362,2823,-1461
115000050,2926,1983,943
115000051,2423,1947,476
115000052,3985,2177,1808
115000053,1468,1519,-51
115000054,924,1656,-732
115000055,149,350,-201
115000056,167,387,-220
115000057,245,554,-309
115000058,177,180,-3
115000059,249,179,70
115000061,233,113,120
115000062,180,289,-109
115000063,256,377,-121
115000064,240,233,7
115000065,33,293,-260
115000067,200,33,167
115000069,41,358,-317
115000070,33,746,-713
115000071,138,16,122
115000072,19,65,-46
115000073,1133,34,1099
115000075,32,92,-60
115000076,3891,3932,-41
115000077,1098,4294,-3196
115000078,682,2276,-1594
115000079,921,2620,-1699
115000080,1480,2951,-1471
115000081,402,1074,-672
115000082,2744,3123,-379
115000083,1582,4142,-2560
115000084,1151,1226,-75
115000085,503,1279,-776
115000086,625,1154,-529
115000087,554,1662,-1108
115000088,1725,652,1073
115000089,1624,1593,31
115000090,784,704,80
115000091,274,1580,-1306
115000092,285,388,-103
115000093,340,4,336
115000094,10208,4864,5344
115000095,7822,4620,3202
115000096,449,2859,-2410
115000097,622,782,-160
115000098,739,937,-198
115000099,1733,4315,-2582
115000100,629,641,-12
115000101,295,1698,-1403
115000102,324,184,140
115000103,340,1111,-771
115000105,43,277,-234
115000106,325,256,69
115000107,130,657,-527
115000108,4615,3169,1446
115000109,6417,2840,3577
115000110,1178,849,329
115000111,658,1572,-914
115000112,534,541,-7
115000113,725,812,-87
115000114,1827,764,1063
115000116,3700,1408,2292
115000117,4184,2080,2104
115000118,1795,1446,349
115000119,1576,1700,-124
115000120,633,813,-180
115000121,1913,837,1076
115000122,4751,1331,3420
115000123,2587,1611,976
115000124,698,828,-130
115000125,351,552,-201
115000126,134,300,-166
115000127,331,173,158
115000128,1435,855,580
115000129,196,207,-11
115000130,282,1475,-1193
115000131,441,273,168
115000132,119,731,-612
115000133,301,452,-151
115000134,200,253,-53
115000135,221,327,-106
115000136,108,208,-100
115000137,61,250,-189
115000138,147,281,-134
115000139,174,287,-113
115000140,143,300,-157
115000141,119,442,-323
115000142,59,427,-368
115000143,367,593,-226
115000144,336,113,223
115000145,164,587,-423
115000146,256,255,1
115000147,463,662,-199
115000148,269,1845,-1576
115000149,354,197,157
115000150,666,1617,-951
115000151,567,528,39
115000152,532,2048,-1516
115000153,505,478,27
115000154,447,372,75
115000155,563,1437,-874
115000156,1015,623,392
115000157,966,1021,-55
115000158,726,385,341
115000159,783,415,368
115000160,707,694,13
115000161,474,633,-159
115000162,669,466,203
115000163,694,527,167
115000164,585,498,87
115000165,268,378,-110
115000167,92,63,29
115000168,480,314,166
115000169,602,356,246
115000170,120,143,-23
115000171,215,133,82
115000172,2223,614,1609
115000173,268,297,-29
115000174,94,204,-110
115000175,102,79,23
115000176,140,126,14
115000177,237,95,142
115000178,25,293,-268
115000179,26,33,-7
115000180,49,847,-798
115000181,299,131,168
115000182,417,453,-36
115000183,219,1379,-1160
115000186,529,346,183
115000187,141,745,-604
115000188,441,394,47
115000189,277,530,-253
115000190,833,392,441
115000191,230,435,-205
115000194,217,133,84
115000195,330,216,114
115000196,75,129,-54
115000197,137,522,-385
115000198,185,265,-80
115000199,158,364,-206
115000200,205,94,111
115000201,109,456,-347
115000206,207,148,59
115000207,56,470,-414
115000208,742,916,-174
115000209,520,176,344
115000210,79,122,-43
115000211,210,255,-45
115000212,1646,416,1230
115000224,203,67,136
115000225,59,65,-6
115000229,336,193,143
115000230,110,589,-479
115000231,336,3445,-3109
115000232,918,417,501
115000233,83,301,-218
115000234,15,315,-300
115000241,49,394,-345
115000242,66,363,-297
115000243,25,298,-273
115000244,4,117,-113
115000246,36,15,21
115000247,21,9,12
115000248,19,9,10
115000249,47,13,34
115000250,169,53,116
115000251,133,167,-34
115000252,44,212,-168
115000253,13,215,-202
115000258,197,260,-63
115000259,340,188,152
115000261,10,27,-17
115000262,12,15,-3
115000263,18,47,-29
115000264,10,57,-47
115000267,32,70,-38
115000268,32,109,-77
115000269,103,77,26
115000270,0,20,-20
115000272,75,208,-133
115000273,513,30,483
115000280,2967,104,2863
115000281,951,210,741
115000282,2212,606,1606
115000284,320,92,228
115000296,697,19,678
115000297,190,95,95
115000298,83,197,-114
115000300,51,223,-172
115000302,198,298,-100
115000303,415,202,213
115000304,393,86,307
115000305,93,1547,-1454
115000306,103,644,-541
115000307,60,362,-302
115000308,91,12,79
115000309,19,16,3
115000310,659,1469,-810
115000311,488,1575,-1087
115000313,92,1049,-957
115000314,214,73,141
115000315,1441,412,1029
115000316,34,121,-87
115000317,148,848,-700
115000318,606,305,301
115000319,62,334,-272
115000320,10,222,-212
115000321,528,6,522
115000322,61,316,-255
115000449,430,164,266
115000557,1,615,-614
115000558,288,102,186
115000587,258,356,-98
115000588,2317,4702,-2385
115000589,2716,2904,-188
115000590,927,2168,-1241
115000591,1227,937,290
115000592,679,1715,-1036
115000593,1476,693,783
115000594,1034,1840,-806
115000609,83,130,-47
115000617,2757,1798,959
115000624,142,109,33
115000633,443,1792,-1349
115000634,2508,946,1562
115000635,245,135,110
115000638,1576,725,851
115000641,69,122,-53
115000642,402,239,163
115000643,89,536,-447
115000644,115,446,-331
115000646,673,1069,-396
115000647,149,503,-354
115000648,1006,1892,-886
115000893,3856,1192,2664
115000894,86,1208,-1122
115000895,285,858,-573
115000896,894,288,606
115000897,431,88,343
115000898,738,219,519
115000899,1068,1192,-124
115000900,100,398,-298
115000901,86,75,11
115000912,222,75,147
115000913,1,44,-43
115000915,20,1,19
115000916,5,2,3
115000917,0,6,-6
115000918,87,192,-105
115000919,18,9,9
115000920,22,51,-29
115000921,1604,110,1494
115000922,912,510,402
115000923,470,878,-408
115000925,43,61,-18
115000927,16,32,-16
115000933,323,127,196
115000934,72,302,-230
115000935,91,108,-17
115000936,43,259,-216
115000937,1140,135,1005
115000938,102,165,-63
115000939,84,105,-21
115900001,39,97,-58
115900002,118,219,-101
115900003,113,164,-51
115900004,2,88,-86
115900005,99,1,98
115900006,100,517,-417
115900008,38,31,7
115900009,76,386,-310
115900010,116,308,-192
115900011,223,342,-119
115900012,66,120,-54
115900013,451,189,262
115900014,132,236,-104
115900015,50,157,-107
115900016,78,35,43
115900017,3,1,2
115900018,211,151,60
115900019,618,22,596
115900020,33,0,33
115900021,1998,105,1893
115900022,2885,9,2876
115900023,3,0,3
115900025,83,251,-168
115900026,1048,475,573
115900027,1,502,-501
115900028,594,85,509
115900029,13,577,-564
115900030,98,11,87
115900031,231,204,27
115900032,315,1111,-796
115900033,0,49,-49
115900034,29,706,-677
115900035,31,171,-140
115900036,264,355,-91
115900037,27,655,-628
115900038,20,15,5
115900039,121,459,-338
115900041,391,347,44
115900042,10,6,4
115900043,60,212,-152
115900044,259,326,-67
115900046,204,400,-196
115900047,58,61,-3
115900049,115,244,-129
115900051,3,37,-34
115900052,13,303,-290
115900053,127,382,-255
115900054,59,36,23
115900055,11,173,-162
115900056,110,534,-424
115900057,5,1,4
115900058,28,88,-60
115900060,124,210,-86
115900061,102,1,101
115900062,7,406,-399
115900063,41,18,23
115900064,134,239,-105
115900065,50,157,-107
115900066,185,209,-24
115900067,11,1038,-1027
115900068,4439,309,4130
115900069,63,201,-138
115900070,93,334,-241
115900071,1,925,-924
115900072,66,275,-209
115900073,22,62,-40
115900074,3,472,-469
115900075,10,401,-391
115900076,10,119,-109
115900077,5,432,-427
115900078,29,174,-145
115900079,115,11,104
115900080,676,290,386
115900081,8,120,-112
115900082,208,169,39
115900084,210,45,165
115900085,72,60,12
115900086,1974,591,1383
115900088,51,40,11
115900089,131,899,-768
115900090,141,40,101
115900091,4,13,-9
115900092,12,280,-268
115900093,1,36,-35
115900094,3,585,-582
115900096,0,10,-10
115900097,4,658,-654
115900098,129,646,-517
115900099,29,104,-75
115900100,6,733,-727
115900101,145,583,-438
115900102,24,105,-81
115900103,233,343,-110
115900104,42,237,-195
115900105,61,894,-833
115900106,15,13,2
115900107,12,259,-247
115900108,51,19,32
115900109,49,565,-516
115900110,4,26,-22
115900111,1,86,-85
115900112,33,1263,-1230
115900113,32,22,10
115900114,1,199,-198
115900115,39,171,-132
115900116,81,1376,-1295
115900117,40,23,17
115900118,8,485,-477
115900119,68,104,-36
115900120,25,495,-470
115900121,100,297,-197
115900124,224,340,-116
115900125,161,40,121
115900126,407,69,338
115900127,402,45,357
115900128,8,66,-58
115900129,562,22,540
115900130,42,212,-170
115900131,174,23,151
115900132,228,2,226
115900134,197,4,193
115900135,568,612,-44
115900137,1,0,1
115900139,62,85,-23
115900140,140,12,128
115900141,17,44,-27
115900142,8,16,-8
115900143,128,302,-174
115900144,44,269,-225
115900146,9,207,-198
115900147,205,321,-116
115900148,10,8,2
115900149,39,27,12
115900150,26,117,-91
115900151,27,68,-41
115900152,72,540,-468
115900153,52,283,-231
115900154,776,352,424
115900155,1,123,-122
115900156,535,873,-338
115900157,67,490,-423
115900158,48,5,43
115900159,31,324,-293
115900160,10,1,9
115900161,55,264,-209
115900163,99,163,-64
115900164,202,33,169
115900165,1,129,-128
115900166,218,364,-146
115900168,38,189,-151
115900171,85,527,-442
115900172,47,139,-92
115900173,148,198,-50
115900174,361,201,160
115900175,56,191,-135
115900178,5,905,-900
115900179,95,20,75
115900180,71,456,-385
115900181,105,349,-244
115900182,250,401,-151
115900183,80,33,47
115900184,2001,18,1983
115900187,6,85,-79
115900189,0,117,-117
115900190,619,840,-221
115900191,49,590,-541
115900192,18,73,-55
115900193,65,89,-24
115900194,315,30,285
115900195,553,956,-403
115900198,201,263,-62
115900199,159,316,-157
115900200,320,387,-67
115900201,452,258,194
115900202,0,10,-10
115900203,4,9,-5
115900204,0,6,-6
115900205,22,8,14
115900206,72,152,-80
115900207,18,25,-7
115900208,88,464,-376
115900209,4,181,-177
115900210,3,192,-189
115900211,0,229,-229
115900212,83,286,-203
115900213,33,29,4
115900214,248,312,-64
115900215,26,32,-6
115900216,3,90,-87
115900217,2,94,-92
115900218,1,67,-66
115900219,42,1,41
115900220,72,24,48
115900221,36,14,22
115900222,43,20,23
115900223,11,100,-89
115900224,1908,388,1520
115900225,78,30,48
115900226,44,63,-19
115900227,6,55,-49
115900228,16,61,-45
115900229,4,61,-57
115900230,51,127,-76
115900231,81,5,76
115900232,36,1,35
115900233,52,4,48
115900234,25,16,9
115900235,6,24,-18
115900236,15,16,-1
115900237,4,43,-39
115900238,9,14,-5
115900239,15,45,-30
115900240,6,67,-61
115900241,116,123,-7
115900242,201,181,20
115900243,4,12,-8
115900244,4,21,-17
115900245,24,16,8
115900246,31,5,26
115900247,9,2,7
115900248,5,2,3
115900249,0,7,-7
115900250,1,6,-5
115900251,2,9,-7
115900252,3,2,1
115900253,5,19,-14
115900254,20,14,6
115900255,5,22,-17
115900256,47,26,21
115900257,3,13,-10
115900258,0,3,-3
115900259,4,6,-2
115900260,20,2,18
115900261,7,6,1
115900262,1,1,0
115900263,2,7,-5
115900264,3,15,-12
115900265,0,3,-3
115900266,5,3,2
115900267,6,4,2
115900268,1,11,-10
115900269,249,483,-234
115900270,234,990,-756
115900271,37,0,37
115900272,27,1,26
115900273,11,10,1
115900274,1,20,-19
115900275,4,53,-49
115900276,0,88,-88
115900277,0,191,-191
115900278,10,117,-107
115900279,8,158,-150
115900280,10,205,-195
115900281,611,151,460
115900282,27,8,19
115900283,3,9,-6
115900284,8,12,-4
116000001,21039,5891,15148
116000002,4104,5958,-1854
116000003,1599,2268,-669
116000004,1744,1980,-236
116000005,2824,3760,-936
116000006,1779,1237,542
116000007,3789,5085,-1296
116000008,4184,1806,2378
116000009,1836,3310,-1474
116000010,1515,1111,404
116000011,925,2030,-1105
116000012,835,599,236
116000013,19109,4783,14326
116000014,22345,7550,14795
116000015,591,931,-340
116000016,10172,2115,8057
116000017,25,575,-550
116000018,912,447,465
116000019,557,261,296
116000020,413,1413,-1000
116000021,355,247,108
116000022,302,604,-302
116000023,774,581,193
116000024,661,1832,-1171
116000025,671,566,105
116000026,1794,2830,-1036
116000027,702,539,163
116000028,432,553,-121
116000029,851,579,272
116000030,431,414,17
116000031,146,178,-32
116000032,328,246,82
116000033,275,557,-282
116000034,572,1011,-439
116000035,296,592,-296
116000036,2103,618,1485
116000037,716,470,246
116000038,628,289,339
116000039,821,270,551
116000040,966,574,392
116000041,432,543,-111
116000042,406,373,33
116000043,109,544,-435
116000044,14,120,-106
116000045,1437,1012,425
116000046,1082,890,192
116000047,2179,1828,351
116000048,1958,1526,432
116000049,921,1877,-956
116000050,1224,1356,-132
116000051,3041,1665,1376
116000052,3695,3665,30
116000053,1469,1116,353
116000054,697,2108,-1411
116000055,359,1281,-922
116000056,565,1093,-528
116000057,2702,2212,490
116000058,2876,1975,901
116000059,2666,4237,-1571
116000060,3101,895,2206
116000061,440,674,-234
116000062,640,273,367
116000063,526,1015,-489
116000066,182,434,-252
116000067,375,678,-303
116000068,166,216,-50
116000069,268,460,-192
116000078,288,932,-644
116000080,1197,1144,53
116000082,7,146,-139
116000083,1013,341,672
116000084,2749,4634,-1885
116000085,1724,999,725
116000086,2612,1521,1091
116000087,1017,1143,-126
116000088,971,1810,-839
116000089,160,165,-5
116000090,138,185,-47
116000091,250,86,164
116000093,622,1230,-608
116000094,378,881,-503
116000095,429,963,-534
116000096,513,1210,-697
116000097,409,925,-516
116000098,443,4202,-3759
116000099,11612,429,11183
116000100,115,14,101
116000101,452,2087,-1635
116000102,199,1620,-1421
116000103,411,276,135
116000104,180,2108,-1928
116000105,644,183,461
116000106,251,1543,-1292
116000107,1147,475,672
116000108,80,168,-88
116000111,84,11,73
116000113,87,88,-1
116000114,35,155,-120
116000115,210,100,110
116000116,193,776,-583
116000117,1107,2285,-1178
116000118,1171,1819,-648
116000119,1948,1881,67
116000120,2762,5402,-2640
116000121,559,423,136
116000122,1583,2898,-1315
116000123,500,486,14
116000124,321,1409,-1088
116000125,1668,613,1055
116000126,240,1781,-1541
116000127,1233,1988,-755
116000128,1086,778,308
116000129,665,225,440
116000130,213,266,-53
116000133,442,1062,-620
116000134,1363,3602,-2239
116000135,1264,1378,-114
116000136,1003,3141,-2138
116000137,580,545,35
116000138,1352,469,883
116000139,1417,2457,-1040
116000140,94,208,-114
116000141,339,1201,-862
116000142,4338,4478,-140
116000143,1871,1404,467
116000144,1172,3620,-2448
116000145,1384,1584,-200
116000146,203,523,-320
116000147,233,97,136
116000148,237,468,-231
116000149,388,530,-142
116000151,483,1200,-717
116000153,56,451,-395
116000155,280,308,-28
116000156,909,2091,-1182
116000157,31,34,-3
116000158,319,338,-19
116000159,10,13,-3
116000160,7,203,-196
116000161,12,119,-107
116000162,49,46,3
116000163,11,9,2
116000164,15,10,5
116000177,100,95,5
116000194,36,534,-498
116000195,1466,710,756
116000196,12,6,6
116000197,5,5,0
116000198,2613,1061,1552
116000200,806,227,579
116000201,630,767,-137
116000202,3,400,-397
116000203,1,81,-80
116000204,26,48,-22
116000205,0,197,-197
116000206,1,83,-82
116000207,1,33,-32
116000233,140,1096,-956
116000287,83,710,-627
116000288,95,311,-216
116000292,60,220,-160
116000296,6,345,-339
116000297,31,5,26
116000304,45,48,-3
116000305,13,111,-98
116000346,160,266,-106
116000352,131,65,66
116000354,70,28,42
116000357,29,7,22
116000358,149,53,96
116000361,135,5,130
116000372,10507,2635,7872
116000381,55,1,54
116000388,0,46,-46
116000389,622,682,-60
116000445,220,1016,-796
116000446,301,1373,-1072
116000447,12,538,-526
116000448,646,258,388
116000563,913,669,244
116000565,120,480,-360
116000568,60,196,-136
116000579,16,157,-141
116000584,4,12,-8
116000585,13,25,-12
116000586,239,129,110
116000587,339,643,-304
116000589,30,63,-33
116000590,77,79,-2
116000591,59,330,-271
116000592,14,179,-165
116000593,0,75,-75
116000594,268,681,-413
116000595,501,195,306
116000596,43,5,38
116000597,206,60,146
116000598,13,266,-253
116000602,98,452,-354
116000605,241,203,38
116000606,38,190,-152
116000607,8,81,-73
116000609,207,685,-478
116000611,89,680,-591
116000612,585,1768,-1183
116000613,266,353,-87
116000614,443,1080,-637
116000615,0,125,-125
116000616,23,149,-126
116000617,58,120,-62
116000618,4,239,-235
116000619,12,62,-50
116000620,52,38,14
116000621,25,83,-58
116000622,30,128,-98
116000624,40,74,-34
116000627,40,68,-28
116000628,34,1582,-1548
116000629,50,966,-916
116000630,155,193,-38
116000631,86,93,-7
116000632,164,739,-575
116000633,23,1039,-1016
116000634,193,37,156
116000635,2844,1334,1510
116000636,1526,956,570
116000637,177,8,169
116000638,12,756,-744
116900001,176,137,39
116900002,329,4,325
116900003,23,105,-82
116900004,24,51,-27
116900005,151,55,96
116900006,153,128,25
116900007,101,206,-105
116900008,263,678,-415
116900009,16,6,10
116900010,2,2579,-2577
116900011,16,40,-24
116900012,216,255,-39
116900013,8,217,-209
116900014,65,468,-403
116900015,139,97,42
116900016,100,2,98
116900017,1,895,-894
116900018,43,43,0
116900019,2,579,-577
116900020,2486,414,2072
116900023,53,10,43
116900024,354,102,252
116900025,414,1539,-1125
116900026,204,933,-729
116900027,11,66,-55
116900028,6,206,-200
116900029,0,26,-26
116900031,0,16,-16
116900032,3,537,-534
116900033,5,8,-3
116900034,6,126,-120
116900035,70,261,-191
116900036,4,144,-140
116900038,14,0,14
116900041,62,13,49
116900042,1279,280,999
116900043,10,61,-51
116900047,161,80,81
116900049,40,356,-316
116900050,65,557,-492
116900051,40,409,-369
116900052,137,107,30
116900055,0,4,-4
116900057,12,365,-353
116900058,28,468,-440
116900059,1,251,-250
116900060,159,288,-129
116900062,1,10,-9
116900064,52,1337,-1285
116900065,4,115,-111
116900067,98,167,-69
116900068,105,443,-338
116900070,0,3,-3
116900072,12,635,-623
116900073,6,248,-242
116900074,1,55,-54
116900076,17,20,-3
116900077,9,264,-255
116900078,204,205,-1
116900079,26,513,-487
116900080,18,42,-24
116900081,389,1848,-1459
116900082,218,1032,-814
116900083,50,92,-42
116900084,167,39,128
116900085,21,204,-183
116900086,33,342,-309
116900088,453,78,375
116900090,121,73,48
116900091,159,87,72
116900092,71,940,-869
116900093,2077,1928,149
116900094,7597,2629,4968
116900095,391,252,139
116900096,102,119,-17
116900097,4773,1818,2955
116900098,1014,277,737
116900099,647,383,264
116900100,468,20,448
116900101,322,834,-512
116900103,6,0,6
116900104,27,78,-51
116900105,267,47,220
116900106,871,313,558
116900107,5555,1192,4363
116900110,22,1,21
116900111,185,1673,-1488
116900112,165,1361,-1196
116900113,4255,1113,3142
116900116,120,260,-140
116900117,23,104,-81
116900118,1220,692,528
116900120,131,158,-27
116900121,29,48,-19
116900122,429,1059,-630
116900123,93,1291,-1198
116900124,129,1037,-908
116900125,175,349,-174
116900126,308,600,-292
116900128,1,57,-56
116900129,0,406,-406
116900130,1293,1921,-628
116900131,83,207,-124
116900132,32,79,-47
116900133,84,124,-40
116900134,161,265,-104
116900136,151,176,-25
116900137,243,209,34
116900138,153,277,-124
116900139,95,475,-380
116900140,156,203,-47
116900141,361,386,-25
116900142,10,36,-26
116900143,204,577,-373
116900144,13,43,-30
116900145,59,410,-351
116900147,683,335,348
116900148,3,24,-21
116900149,25,160,-135
116900150,4,11,-7
116900151,111,13,98
116900153,72,70,2
116900154,751,192,559
116900155,49,43,6
116900157,256,424,-168
116900158,63,122,-59
116900159,29,198,-169
116900160,780,274,506
116900161,11339,4096,7243
116900162,18,174,-156
116900163,79,206,-127
116900164,54,37,17
116900165,173,97,76
116900166,9,107,-98
116900167,237,83,154
116900168,172,97,75
116900169,673,246,427
116900170,214,260,-46
116900171,39,295,-256
116900172,258,100,158
116900173,67,38,29
116900174,19,20,-1
116900175,179,97,82
116900178,20,246,-226
116900179,91,152,-61
116900180,49,21,28
116900182,296,206,90
116900183,84,118,-34
116900185,14,13,1
116900186,80,407,-327
116900187,10,22,-12
116900188,81,17,64
116900189,35,1,34
116900191,324,409,-85
116900192,151,269,-118
116900194,95,562,-467
116900195,20,5,15
116900196,18,115,-97
116900197,55,8,47
116900198,342,133,209
116900200,25,32,-7
116900201,38,4,34
116900202,151,105,46
116900203,138,13,125
116900204,47,68,-21
116900206,1,47,-46
116900207,36,22,14
116900208,13,181,-168
116900209,8,191,-183
116900210,354,239,115
116900211,227,10,217
116900212,15,103,-88
116900213,184,253,-69
116900214,94,146,-52
116900215,41,102,-61
116900216,146,416,-270
116900218,9,389,-380
116900219,889,343,546
116900220,73,201,-128
116900221,35,289,-254
116900222,348,306,42
116900223,79,181,-102
116900226,45,100,-55
116900227,109,76,33
116900228,175,337,-162
116900230,50,503,-453
116900231,16,654,-638
116900232,12,756,-744
116900233,138,86,52
116900234,8,7,1
116900235,133,401,-268
116900238,1511,346,1165
116900239,35,933,-898
116900240,8184,2856,5328
116900241,27,392,-365
116900242,452,248,204
116900243,1,65,-64
116900245,26,6,20
116900246,40,5,35
116900247,326,32,294
116900248,50,29,21
116900249,159,186,-27
116900250,176,44,132
116900251,553,221,332
116900252,49,1368,-1319
116900253,66,104,-38
116900254,12,107,-95
116900255,84,44,40
116900256,192,112,80
116900257,7,919,-912
116900258,2,503,-501
116900259,48,5,43
116900260,7,198,-191
116900261,17,0,17
116900262,85,164,-79
116900263,0,6,-6
116900264,0,3,-3
116900265,9,1,8
116900266,12,91,-79
116900267,2,1,1
116900268,16,22,-6
116900269,205,468,-263
116900271,2894,102,2792
116900272,547,742,-195
116900273,283,66,217
116900274,52,103,-51
116900275,96,158,-62
116900276,1829,64,1765
116900277,892,30,862
116900278,5,16,-11
116900279,0,24,-24
116900280,5,48,-43
116900281,9740,2532,7208
116900282,5,200,-195
116900283,30,202,-172
116900284,26,297,-271
116900285,471,334,137
116900286,261,12,249
116900287,2,98,-96
116900288,22,160,-138
116900289,8,42,-34
116900290,1,64,-63
116900291,6,11,-5
116900292,1,4,-3
116900293,16,114,-98
116900294,46,145,-99
116900295,216,144,72
116900296,60,82,-22
116900297,5,108,-103
116900298,127,60,67
116900299,65,104,-39
116900300,19,337,-318
116900301,107,87,20
116900302,49,41,8
116900303,623,40,583
116900304,0,113,-113
116900305,18,72,-54
116900306,66,204,-138
117000001,1195,1208,-13
117000002,1530,4564,-3034
117000003,6726,2575,4151
117000004,5243,6674,-1431
117000005,1432,1556,-124
117000006,1115,4913,-3798
117000007,2340,1204,1136
117000008,1392,5341,-3949
117000009,4210,1556,2654
117000010,3034,5489,-2455
117000011,1358,2005,-647
117000012,1218,2231,-1013
117000013,1050,1395,-345
117000014,887,3076,-2189
117000015,3015,1287,1728
117000016,693,78,615
117000017,538,176,362
117000018,182,436,-254
117000019,134,2,132
117000020,917,1097,-180
117000021,3896,553,3343
117000022,722,59,663
117000023,706,179,527
117000024,712,85,627
117000025,1181,743,438
117000026,3315,730,2585
117000027,4148,1534,2614
117000028,4520,804,3716
117000030,937,626,311
117000031,478,221,257
117000032,2101,1614,487
117000033,1210,806,404
117000034,343,381,-38
117000035,304,240,64
117000036,403,385,18
117000037,282,232,50
117000038,291,570,-279
117000039,430,368,62
117000040,117,1690,-1573
117000041,439,197,242
117000044,30,1519,-1489
117000045,272,56,216
117000046,572,989,-417
117000047,722,434,288
117000048,2565,1838,727
117000049,154,531,-377
117000050,158,3376,-3218
117000051,1411,123,1288
117000052,9,876,-867
117000053,132,79,53
117000054,1198,8,1190
117000055,16,4630,-4614
117000056,508,19,489
117000057,858,2989,-2131
117000060,408,2127,-1719
117000061,1300,807,493
117000062,204,731,-527
117000063,1415,623,792
117000064,1001,1049,-48
117000066,1359,868,491
117000067,142,358,-216
117000074,181,176,5
117000076,94,55,39
117000077,94,109,-15
117000078,111,709,-598
117000079,271,198,73
117000080,0,412,-412
117000081,690,142,548
117000082,13,55,-42
117000083,163,19,144
117000084,372,2,370
117000085,235,666,-431
117000086,1123,831,292
117000087,130,668,-538
117000088,241,226,15
117000089,1253,414,839
117000090,243,1929,-1686
117000091,485,322,163
117000092,344,2230,-1886
117000093,893,689,204
117000094,881,3302,-2421
117000095,2057,815,1242
117000096,626,3241,-2615
117000097,970,1161,-191
117000098,3156,7322,-4166
117000099,2306,973,1333
117000100,134,166,-32
117000101,256,1780,-1524
117000102,1252,627,625
117000103,817,2370,-1553
117000104,1076,557,519
117000105,874,2311,-1437
117000106,907,962,-55
117000107,580,2624,-2044
117000108,1241,960,281
117000109,1939,3669,-1730
117000110,1178,826,352
117000111,3745,5264,-1519
117000112,2668,2366,302
117000113,113,447,-334
117000114,97,156,-59
117000115,48,172,-124
117000116,76,252,-176
117000117,1645,548,1097
117000118,233,125,108
117000119,765,67,698
117000120,390,166,224
117000121,242,569,-327
117000122,795,815,-20
117000123,2188,18,2170
117000124,936,42,894
117000125,466,58,408
117000126,78,49,29
117000127,252,382,-130
117000128,535,751,-216
117000129,691,319,372
117000130,172,2,170
117000131,2,237,-235
117000132,1244,43,1201
117000133,784,277,507
117000134,3,60,-57
117000135,13,17,-4
117000136,1,48,-47
117000137,47,68,-21
117000138,0,627,-627
117000140,492,2032,-1540
117000141,1651,633,1018
117000181,1260,557,703
117000182,278,212,66
117000195,238,1838,-1600
117000196,110,86,24
117000225,204,6,198
117000226,4,147,-143
117000276,132,11,121
117000277,3,866,-863
117000310,2624,3198,-574
117000315,36,939,-903
117000320,86,1,85
117000906,124,19,105
117000907,24,575,-551
117000908,102,10,92
117000909,90,19,71
117000910,173,159,14
117000911,120,212,-92
117000915,11,782,-771
117000916,14,2,12
117000917,510,17,493
117000918,16,53,-37
117000919,15,130,-115
117000920,6,2087,-2081
117000921,9,2920,-2911
117000922,40,135,-95
117000924,273,625,-352
117000926,1514,92,1422
117000927,2154,403,1751
117000928,3,376,-373
117000929,96,664,-568
117000930,97,15,82
117000931,702,99,603
117900002,124,397,-273
117900003,1105,492,613
117900005,7,7,0
117900006,0,39,-39
117900007,95,209,-114
117900008,0,47,-47
117900010,318,170,148
117900011,44,10,34
117900012,54,242,-188
117900013,2,462,-460
117900014,388,281,107
117900015,28,315,-287
117900016,1548,549,999
117900017,463,689,-226
117900018,265,40,225
117900019,251,666,-415
117900020,41,275,-234
117900021,44,164,-120
117900022,39,21,18
117900023,853,215,638
117900024,81,179,-98
117900025,27,12,15
117900026,222,611,-389
117900028,62,4,58
117900029,183,1556,-1373
117900030,245,271,-26
117900031,233,82,151
117900032,502,434,68
117900033,146,1217,-1071
117900034,41,75,-34
117900035,134,46,88
117900036,193,838,-645
117900037,84,168,-84
117900038,25,555,-530
117900039,8,103,-95
117900040,81,851,-770
117900041,7,53,-46
117900042,5746,548,5198
117900043,41,76,-35
117900044,15,3023,-3008
117900045,115,119,-4
117900048,163,370,-207
117900049,103,990,-887
117900050,21,42,-21
117900051,53,2,51
117900052,39,299,-260
117900053,802,889,-87
117900054,2,26,-24
117900055,160,198,-38
117900056,591,55,536
117900057,826,1526,-700
117900058,139,10,129
117900059,482,84,398
117900060,850,7071,-6221
117900061,12,230,-218
117900063,257,247,10
117900065,851,1461,-610
117900066,5,52,-47
117900067,280,348,-68
117900069,430,608,-178
117900070,337,9,328
117900071,79,136,-57
117900073,251,524,-273
117900074,180,13,167
117900075,46,90,-44
117900076,27,74,-47
117900077,193,165,28
117900078,182,452,-270
117900080,177,53,124
117900081,578,485,93
117900082,266,241,25
117900083,211,851,-640
117900086,72,67,5
117900087,39,60,-21
117900088,3227,2243,984
117900089,1258,393,865
117900090,302,1080,-778
117900091,182,187,-5
117900092,56,49,7
117900093,35,58,-23
117900094,23,11,12
117900095,289,857,-568
117900096,36,226,-190
117900097,172,96,76
117900098,8,7,1
117900099,132,602,-470
117900100,103,0,103
117900101,485,954,-469
117900102,61,57,4
117900103,22,0,22
117900104,18,234,-216
117900105,152,277,-125
117900106,48,48,0
117900107,10,0,10
117900109,298,316,-18
117900110,31,3,28
117900111,126,13,113
117900112,34,25,9
117900113,5267,1870,3397
117900114,5,0,5
117900115,426,53,373
117900116,1033,957,76
117900117,310,421,-111
117900118,19,0,19
117900119,80,418,-338
117900120,80,164,-84
117900121,48,29,19
117900122,1366,1684,-318
117900123,621,1017,-396
117900124,580,772,-192
117900125,1306,971,335
117900126,306,722,-416
117900127,383,873,-490
117900128,187,1214,-1027
117900129,27,1,26
117900130,852,396,456
117900131,1,132,-131
117900132,13,108,-95
117900133,3,184,-181
117900134,70,365,-295
117900135,14,344,-330
117900136,0,100,-100
117900137,17,511,-494
117900138,0,85,-85
117900139,17,148,-131
117900140,6345,173,6172
117900141,245,298,-53
117900142,154,18,136
117900144,149,139,10
117900145,87,6,81
117900146,204,119,85
117900147,58,93,-35
117900148,3512,907,2605
117900149,16,187,-171
117900150,20,107,-87
117900151,26,195,-169
117900152,186,109,77
117900153,19,118,-99
117900154,313,790,-477
117900156,870,859,11
117900157,58,533,-475
117900158,129,102,27
117900160,409,366,43
117900161,3044,3193,-149
117900162,247,409,-162
117900163,94,36,58
117900165,1,15,-14
117900166,130,265,-135
117900168,70,167,-97
117900169,0,148,-148
117900170,1,14,-13
117900171,0,22,-22
117900172,10,27,-17
117900173,145,66,79
117900174,22,72,-50
117900175,4,39,-35
117900176,13,68,-55
117900177,12,86,-74
117900178,105,52,53
117900180,334,41,293
117900181,187,215,-28
117900182,1,24,-23
117900183,47,153,-106
117900184,4,50,-46
117900185,8,60,-52
117900186,45,19,26
117900187,9,16,-7
117900188,190,38,152
117900189,40,18,22
117900190,18,0,18
117900191,66,0,66
117900192,177,11,166
117900193,5,68,-63
117900194,10,8,2
117900195,32,29,3
117900196,9,38,-29
117900207,122,116,6
117900208,19,41,-22
117900209,201,152,49
117900210,204,191,13
117900211,13,268,-255
117900212,71,191,-120
117900213,14,13,1
117900214,2,80,-78
117900215,25,56,-31
117900216,97,13,84
117900217,185,75,110
117900218,332,233,99
117900219,5,47,-42
117900220,148,104,44
117900222,158,317,-159
117900223,114,217,-103
118000001,779,547,232
118000002,1438,2063,-625
118000003,1948,1435,513
118000004,2968,2000,968
118000005,8117,2781,5336
118000006,11161,8098,3063
118000007,7085,2734,4351
118000008,5781,2916,2865
118000009,2245,3182,-937
118000010,4234,4638,-404
118000011,926,3483,-2557
118000012,1167,3370,-2203
118000013,3635,3362,273
118000014,1960,3466,-1506
118000016,268,516,-248
118000017,263,308,-45
118000018,222,604,-382
118000019,2279,1300,979
118000020,1641,1604,37
118000021,671,1901,-1230
118000022,2078,604,1474
118000023,1033,266,767
118000024,2476,773,1703
118000027,25394,7054,18340
118000029,1549,580,969
118000032,2259,2282,-23
118000033,2914,2578,336
118000034,6416,2094,4322
118000035,1560,1554,6
118000036,1207,922,285
118000037,746,1004,-258
118000038,95,101,-6
118000039,71,425,-354
118000040,1487,2769,-1282
118000041,2024,1713,311
118000045,776,91,685
118000046,2228,622,1606
118000047,1867,529,1338
118000048,3823,1073,2750
118000051,2845,1467,1378
118000052,1959,1069,890
118000053,493,627,-134
118000054,1738,1419,319
118000055,1457,1776,-319
118000056,181,332,-151
118000057,391,390,1
118000058,4210,1519,2691
118000059,2558,903,1655
118000060,634,891,-257
118000061,684,1537,-853
118000062,649,288,361
118000063,456,551,-95
118000064,1053,1449,-396
118000065,6137,1871,4266
118000066,995,1283,-288
118000067,1148,696,452
118000068,1877,3521,-1644
118000069,3768,1317,2451
118000070,8741,1532,7209
118000071,4615,5170,-555
118000072,2225,1251,974
118000073,2898,526,2372
118000074,353,422,-69
118000075,685,310,375
118000076,1276,1193,83
118000077,1509,1181,328
118000078,1759,1628,131
118000079,317,381,-64
118000080,1144,948,196
118000081,1579,1138,441
118000082,332,843,-511
118000083,2555,1324,1231
118000084,2849,1618,1231
118000086,208,609,-401
118000087,7637,2728,4909
118000088,2105,1766,339
118000089,4594,2379,2215
118000090,2262,2792,-530
118000091,1818,1825,-7
118000092,1417,386,1031
118000093,120,749,-629
118000096,480,552,-72
118000097,560,572,-12
118000098,223,271,-48
118000099,328,1061,-733
118000101,698,398,300
118000102,300,1633,-1333
118000107,4143,533,3610
118000108,656,1204,-548
118000110,0,22,-22
118000111,0,713,-713
118000112,154,1,153
118000113,7,1453,-1446
118000114,162,3,159
118000115,25,15,10
118000116,69,0,69
118000117,1284,1080,204
118000118,713,683,30
118000119,882,1190,-308
118000120,1840,1941,-101
118000121,90,508,-418
118000122,1222,292,930
118000123,56,298,-242
118000125,1810,1445,365
118000126,508,1581,-1073
118000127,1711,729,982
118000128,719,1389,-670
118000129,587,217,370
118000130,2663,4056,-1393
118000131,343,995,-652
118000132,1757,1378,379
118000133,508,478,30
118000135,433,273,160
118000136,128,590,-462
118000137,588,82,506
118000138,296,1151,-855
118000139,171,112,59
118000140,2294,3164,-870
118000141,1639,2203,-564
118000142,1119,2240,-1121
118000143,1458,1014,444
118000144,1474,1142,332
118000145,1295,3132,-1837
118000146,983,1499,-516
118000147,611,1814,-1203
118000148,355,1461,-1106
118000149,617,1426,-809
118000150,292,286,6
118000151,217,551,-334
118000153,723,1278,-555
118000154,711,1568,-857
118000155,693,1367,-674
118000156,2797,2438,359
118000157,475,404,71
118000158,123,546,-423
118000159,23,81,-58
118000160,382,409,-27
118000161,253,982,-729
118000162,981,833,148
118000163,434,704,-270
118000164,2182,1590,592
118000168,1664,273,1391
118000169,996,2013,-1017
118000170,4300,7573,-3273
118000171,214,731,-517
118000172,108,290,-182
118000173,819,1273,-454
118000175,203,330,-127
118000176,228,344,-116
118000177,170,493,-323
118000178,81,47,34
118000179,1659,887,772
118000180,854,852,2
118000181,754,315,439
118000182,255,210,45
118000183,223,226,-3
118000184,512,1096,-584
118000185,1157,780,377
118000186,673,866,-193
118000187,753,1000,-247
118000188,432,298,134
118000189,300,1092,-792
118000190,11,13,-2
118000191,13,34,-21
118000192,21,72,-51
118000193,21,255,-234
118000194,1810,991,819
118000195,983,477,506
118000196,438,106,332
118000197,184,74,110
118000198,588,419,169
118000199,493,293,200
118000200,150,313,-163
118000201,584,323,261
118000202,54,60,-6
118000203,1478,389,1089
118000204,201,199,2
118000205,336,258,78
118000206,199,176,23
118000207,0,126,-126
118000208,984,1643,-659
118000209,1421,1988,-567
118000210,36,30,6
118000211,10,36,-26
118000213,1062,1326,-264
118000214,637,383,254
118000215,197,281,-84
118000216,1670,4544,-2874
118000217,24,124,-100
118000218,35,109,-74
118000219,503,356,147
118000220,0,23,-23
118000221,69,248,-179
118000222,90,29,61
118000223,20,34,-14
118000224,246,88,158
118000225,136,1140,-1004
118000226,736,160,576
118000227,920,320,600
118000228,205,155,50
118000229,289,26,263
118000230,92,417,-325
118000231,76,262,-186
118000232,485,1214,-729
118000233,670,953,-283
118000234,161,386,-225
118000236,359,598,-239
118000237,54,811,-757
118000238,99,382,-283
118000239,211,329,-118
118000240,853,82,771
118000241,124,249,-125
118000242,267,920,-653
118000243,110,270,-160
118000244,33,261,-228
118000246,0,3,-3
118000255,45,212,-167
118000256,87,297,-210
118000259,3,51,-48
118000260,77,125,-48
118000261,20,105,-85
118000263,63,222,-159
118000266,83,591,-508
118000267,0,93,-93
118000268,264,1,263
118000270,16,46,-30
118000271,114,300,-186
118000272,49,37,12
118000273,109,112,-3
118000274,111,454,-343
118000276,313,383,-70
118000295,10,87,-77
118000298,179,522,-343
118000299,91,212,-121
118000301,0,78,-78
118000302,65,98,-33
118000311,199,197,2
118000312,193,231,-38
118000313,63,263,-200
118000314,60,100,-40
118000315,27,110,-83
118000316,434,548,-114
118000325,32,114,-82
118000326,26,49,-23
118000331,37,66,-29
118000332,21,112,-91
118000333,24,98,-74
118000335,112,1,111
118000336,0,524,-524
118000407,103,65,38
118000457,9,30,-21
118000465,5619,3251,2368
118000480,28,137,-109
118000489,29,150,-121
118000490,24,438,-414
118000492,143,240,-97
118000510,88,12,76
118000514,161,397,-236
118000515,614,380,234
118000517,388,212,176
118000524,932,151,781
118000525,864,1024,-160
118000530,17,141,-124
118000531,118,347,-229
118000532,113,305,-192
118000533,339,148,191
118000534,480,376,104
118000535,168,100,68
118000536,1506,989,517
118000537,18,104,-86
118000538,28,128,-100
118000539,17,91,-74
118000540,314,395,-81
118000541,164,143,21
118000542,69,218,-149
118000543,209,285,-76
118000546,48,27,21
118000553,0,0,0
118000557,0,0,0
118000560,4593,1180,3413
118000562,19,526,-507
118000563,1884,1468,416
118000576,143,211,-68
118000577,137,115,22
118000578,126,90,36
118000579,718,988,-270
118000583,0,0,0
118000595,109,68,41
118000596,0,76,-76
118000597,67,128,-61
118000598,2,1,1
118000599,20,47,-27
118000600,1,31,-30
118000601,3,0,3
118000602,2,14,-12
118000603,0,57,-57
118900001,1562,909,653
118900002,1448,605,843
118900003,171,31,140
118900004,8,52,-44
118900005,61,9,52
118900006,79,6,73
118900007,4,6,-2
118900008,1359,65,1294
118900009,24,12,12
118900010,38,3,35
118900011,111,27,84
118900012,385,266,119
118900013,761,66,695
118900015,118,42,76
118900016,10,16,-6
118900017,203,236,-33
118900018,1590,10,1580
118900019,69,11,58
118900020,206,136,70
118900021,142,393,-251
118900022,90,116,-26
118900023,85,115,-30
118900024,43,266,-223
118900025,44,19,25
118900026,44,127,-83
118900027,468,321,147
118900028,89,204,-115
118900029,137,702,-565
118900030,144,74,70
118900031,87,145,-58
118900032,122,250,-128
118900033,343,973,-630
118900034,57,15,42
118900035,77,369,-292
118900036,643,802,-159
118900037,257,358,-101
118900038,179,394,-215
118900039,304,256,48
118900040,195,212,-17
118900041,266,197,69
118900042,101,110,-9
118900045,229,162,67
118900046,916,203,713
118900047,786,177,609
118900048,154,195,-41
118900049,71,47,24
118900050,12,174,-162
118900051,30,51,-21
118900052,148,354,-206
118900053,28,81,-53
118900054,67,82,-15
118900055,16,177,-161
118900056,21,221,-200
118900057,352,348,4
118900058,271,632,-361
118900059,27,132,-105
118900060,40,147,-107
118900062,110,273,-163
118900064,824,384,440
118900065,24,142,-118
118900066,43,135,-92
118900067,7319,2378,4941
118900068,3,174,-171
118900069,297,298,-1
118900071,3,60,-57
118900072,332,433,-101
118900073,41,103,-62
118900074,52,265,-213
118900075,35,82,-47
118900076,210,112,98
118900077,188,165,23
118900078,32,1,31
118900079,46,272,-226
118900080,25,103,-78
118900081,48,31,17
118900082,560,203,357
118900083,17,38,-21
118900084,22,35,-13
118900085,501,1083,-582
118900086,10,64,-54
118900087,17,154,-137
118900088,0,14,-14
118900089,17,20,-3
118900090,372,491,-119
118900091,272,148,124
118900092,47,134,-87
118900093,124,11,113
118900096,52,9,43
118900097,180,1108,-928
118900099,68,355,-287
118900100,174,303,-129
118900101,49,739,-690
118900102,19,69,-50
118900103,36,56,-20
118900104,98,206,-108
118900105,161,100,61
118900107,142,77,65
118900108,57,111,-54
118900110,2134,574,1560
118900111,311,846,-535
118900112,36,137,-101
118900113,50,865,-815
118900114,6,120,-114
118900115,103,466,-363
118900116,80,184,-104
118900117,66,218,-152
118900118,158,530,-372
118900119,95,318,-223
118900120,56,276,-220
118900121,10,404,-394
118900122,8,509,-501
118900123,119,246,-127
118900124,63,214,-151
118900126,19,250,-231
118900129,182,181,1
118900130,62,121,-59
118900131,90,324,-234
118900132,371,188,183
118900133,26,57,-31
118900135,66,235,-169
118900136,204,974,-770
118900137,3,20,-17
118900139,114,769,-655
118900140,386,1003,-617
118900141,52,396,-344
118900144,82,782,-700
118900145,27,267,-240
118900146,231,1080,-849
118900147,160,115,45
118900148,52,71,-19
118900150,151,449,-298
118900152,521,1124,-603
118900157,149,168,-19
118900158,59,148,-89
118900159,2,346,-344
118900161,98,8,90
118900163,326,91,235
118900164,4,150,-146
118900165,35,350,-315
118900166,65,6,59
118900167,51,181,-130
118900168,2,63,-61
118900169,106,495,-389
118900170,51,138,-87
118900171,14,17,-3
118900174,50,70,-20
118900175,211,486,-275
118900176,72,228,-156
118900177,28,68,-40
118900178,38,88,-50
118900179,1,39,-38
118900181,93,128,-35
118900182,66,34,32
118900183,3,59,-56
118900184,198,57,141
118900185,59,123,-64
118900186,85,69,16
118900187,143,358,-215
118900188,208,359,-151
118900189,19,531,-512
118900190,14,795,-781
118900191,112,75,37
118900192,105,49,56
118900193,202,12,190
118900195,456,1214,-758
118900196,29,240,-211
118900197,96,139,-43
118900198,4,77,-73
118900199,21,83,-62
118900200,13,5,8
118900201,11,4,7
118900202,8,66,-58
118900203,6,45,-39
118900204,6,38,-32
118900205,4,33,-29
118900206,0,48,-48
119000001,1065,1428,-363
119000002,3169,3929,-760
119000003,1546,1797,-251
119000004,1745,1566,179
119000005,1581,1725,-144
119000006,1666,1688,-22
119000007,2522,3005,-483
119000008,1483,2364,-881
119000009,3665,2940,725
119000010,9323,4053,5270
119000011,6375,2433,3942
119000012,5811,3442,2369
119000013,2088,1297,791
119000014,2395,3981,-1586
119000019,222,225,-3
119000020,1194,1382,-188
119000021,2841,2320,521
119000022,4573,1770,2803
119000023,218,220,-2
119000024,2488,6991,-4503
119000025,14289,1562,12727
119000026,275,282,-7
119000027,495,434,61
119000028,2266,1376,890
119000029,100,271,-171
119000030,415,1267,-852
119000031,595,858,-263
119000032,2654,2733,-79
119000033,1650,1827,-177
119000034,935,1189,-254
119000035,31,414,-383
119000036,875,1339,-464
119000037,985,2729,-1744
119000038,83,1600,-1517
119000039,155,336,-181
119000040,1092,421,671
119000041,895,1033,-138
119000048,3868,5012,-1144
119000049,1124,4383,-3259
119000050,1692,2566,-874
119000051,1656,1061,595
119000052,2271,3177,-906
119000053,1663,1286,377
119000054,2617,4907,-2290
119000055,2632,4420,-1788
119000056,1729,2258,-529
119000057,1455,3186,-1731
119000058,1632,2684,-1052
119000059,915,2033,-1118
119000060,1033,928,105
119000061,743,1060,-317
119000062,1125,1582,-457
119000063,309,261,48
119000064,1172,1764,-592
119000065,2052,4100,-2048
119000066,1806,1037,769
119000067,1836,3289,-1453
119000068,1091,1139,-48
119000069,1346,3222,-1876
119000070,1626,1341,285
119000071,555,1094,-539
119000072,7638,4365,3273
119000073,6234,5932,302
119000074,700,4492,-3792
119000075,886,2780,-1894
119000076,611,1130,-519
119000077,782,593,189
119000078,244,365,-121
119000079,95,821,-726
119000080,148,270,-122
119000081,158,411,-253
119000082,490,314,176
119000083,315,343,-28
119000084,247,637,-390
119000085,651,388,263
119000086,251,378,-127
119000087,1877,1262,615
119000088,227,223,4
119000089,77,192,-115
119000090,161,165,-4
119000091,135,362,-227
119000092,770,206,564
119000093,4664,4349,315
119000094,2117,6527,-4410
119000095,1198,3541,-2343
119000097,2807,1969,838
119000098,692,1707,-1015
119000099,2334,2168,166
119000100,2493,2364,129
119000101,3254,2882,372
119000102,761,880,-119
119000103,1595,633,962
119000104,4001,1875,2126
119000105,785,1113,-328
119000106,195,2536,-2341
119000107,429,523,-94
119000108,201,1711,-1510
119000109,176,419,-243
119000110,699,637,62
119000111,81,573,-492
119000112,178,154,24
119000113,3520,371,3149
119000114,826,740,86
119000115,193,229,-36
119000116,99,125,-26
119000117,106,436,-330
119000118,0,2,-2
119000123,3734,770,2964
119000124,363,266,97
119000125,1918,1411,507
119000126,513,1306,-793
119000127,284,1140,-856
119000128,67,11,56
119000131,638,1547,-909
119000132,3,2,1
119000133,0,6,-6
119000134,3171,578,2593
119000135,89,281,-192
119000136,126,449,-323
119000137,144,825,-681
119000138,174,666,-492
119000139,182,389,-207
119000140,121,328,-207
119000284,1746,3216,-1470
119000285,2885,2551,334
119000286,8115,5685,2430
119000287,1255,2487,-1232
119000288,1636,2147,-511
119000289,2485,4878,-2393
119000290,187,667,-480
119000291,9,418,-409
119000293,68,156,-88
119000294,34,37,-3
119000295,2777,700,2077
119000296,148,137,11
119000302,5011,1744,3267
119000303,30,173,-143
119000304,0,0,0
119000310,0,0,0
119000314,1881,6553,-4672
119000315,5,858,-853
119000316,74,146,-72
119000317,31,698,-667
119900001,190,921,-731
119900002,73,336,-263
119900003,45,1729,-1684
119900004,425,461,-36
119900005,100,211,-111
119900006,139,376,-237
119900007,623,99,524
119900008,44,57,-13
119900009,392,597,-205
119900010,1965,1434,531
119900011,25,57,-32
119900012,7,67,-60
119900013,1719,790,929
119900014,639,297,342
119900015,91,24,67
119900016,17,142,-125
119900017,17,45,-28
119900018,1858,288,1570
119900019,31,7,24
119900020,80,168,-88
119900021,86,83,3
119900022,132,346,-214
119900023,909,633,276
119900025,91,32,59
119900026,1200,93,1107
119900027,4,23,-19
119900028,170,58,112
119900029,3,6,-3
119900030,438,517,-79
119900031,15,205,-190
119900033,2413,164,2249
119900034,145,222,-77
119900037,63,51,12
119900038,29,249,-220
119900039,75,5,70
119900040,57,11,46
119900041,71,66,5
119900042,57,217,-160
119900043,41,218,-177
119900044,195,435,-240
119900046,40,108,-68
119900047,140,74,66
119900048,6,48,-42
119900049,54,6,48
119900050,60,72,-12
119900051,208,14,194
119900052,17,101,-84
119900053,81,268,-187
119900054,55,4,51
119900055,735,278,457
119900057,80,130,-50
119900058,115,4,111
119900059,109,54,55
119900060,176,10,166
119900062,36,30,6
119900063,17,63,-46
119900065,178,7,171
119900066,0,0,0
119900067,34,39,-5
119900068,222,1,221
119900069,57,45,12
119900070,403,45,358
119900071,321,14,307
119900073,2206,488,1718
119900074,30,11,19
119900075,7812,2243,5569
119900076,215,701,-486
119900077,440,1956,-1516
119900078,296,1086,-790
119900079,89,416,-327
119900080,823,1646,-823
119900081,181,112,69
119900082,661,317,344
119900083,408,90,318
119900084,915,189,726
119900085,146,58,88
119900087,404,319,85
119900088,47,76,-29
119900089,21,643,-622
119900090,238,59,179
119900091,42,1538,-1496
119900092,18,560,-542
119900093,874,128,746
119900094,25,259,-234
119900095,165,114,51
119900096,40,131,-91
119900097,484,189,295
119900098,32,69,-37
119900099,24,352,-328
119900100,3327,2355,972
119900101,232,1126,-894
119900102,22,439,-417
119900103,18,695,-677
119900104,46,379,-333
119900105,1134,1700,-566
119900106,6,304,-298
119900107,457,4614,-4157
119900108,2669,926,1743
119900109,15,349,-334
119900110,423,851,-428
119900111,51,548,-497
119900112,3417,544,2873
119900113,65,615,-550
119900114,222,2158,-1936
119900115,138,1673,-1535
119900116,143,281,-138
119900117,141,1375,-1234
119900118,88,1755,-1667
119900119,121,317,-196
119900120,672,891,-219
119900121,181,1881,-1700
119900122,269,511,-242
119900123,216,359,-143
119900124,74,1413,-1339
119900125,123,626,-503
119900126,6638,318,6320
119900127,3746,1171,2575
119900128,219,1148,-929
119900129,103,1300,-1197
119900130,45,343,-298
119900131,34,507,-473
119900132,1,562,-561
119900133,19,92,-73
119900134,3007,315,2692
119900135,3,777,-774
119900136,209,722,-513
119900138,431,851,-420
119900139,18,110,-92
119900140,3,210,-207
119900141,159,459,-300
119900142,10,28,-18
119900143,11,267,-256
119900144,2910,333,2577
119900145,78,338,-260
119900146,196,164,32
119900147,6,172,-166
119900148,83,49,34
119900149,2192,2864,-672
119900150,220,332,-112
119900151,1865,810,1055
119900152,63,653,-590
119900153,98,66,32
119900154,45,534,-489
119900155,11,48,-37
119900156,10,1,9
119900157,45,393,-348
119900158,89,72,17
119900159,11,2455,-2444
119900160,15,392,-377
119900161,195,397,-202
119900162,690,956,-266
119900163,178,130,48
119900164,0,1,-1
119900165,92,398,-306
119900166,53,49,4
119900167,105,165,-60
119900168,404,479,-75
119900169,196,368,-172
119900170,153,170,-17
119900171,559,681,-122
119900172,132,14,118
119900173,6,814,-808
119900174,17,399,-382
119900175,801,802,-1
119900177,21,313,-292
119900178,8,356,-348
119900179,72,219,-147
119900180,978,909,69
119900181,35,46,-11
119900182,5,778,-773
119900183,103,1279,-1176
119900184,4409,724,3685
119900185,35,83,-48
119900186,42,423,-381
119900187,13,936,-923
119900188,53,376,-323
119900189,495,248,247
119900190,75,151,-76
119900191,427,116,311
119900192,35,275,-240
119900193,194,252,-58
119900194,8,49,-41
119900195,26,330,-304
119900196,2788,686,2102
119900197,119,141,-22
119900198,41,556,-515
119900199,148,24,124
119900200,370,592,-222
119900201,490,214,276
119900202,221,111,110
119900203,187,331,-144
119900204,102,418,-316
119900205,270,841,-571
119900206,65,153,-88
119900208,138,133,5
119900209,301,763,-462
119900210,24,57,-33
119900211,115,20,95
119900212,67,307,-240
119900213,1,72,-71
119900214,27,137,-110
119900215,20,138,-118
119900216,2,98,-96
119900217,8,126,-118
119900218,24,76,-52
119900219,11,211,-200
119900220,2,209,-207
119900221,14,665,-651
119900222,6,480,-474
119900223,26,184,-158
119900224,14,71,-57
119900225,1810,41,1769
119900226,1213,1499,-286
119900227,1896,502,1394
119900228,56,372,-316
119900229,287,559,-272
119900230,1883,835,1048
119900231,132,241,-109
119900232,212,61,151
119900233,36,2,34
119900234,8,64,-56
119900235,16,27,-11
119900236,26,327,-301
119900237,55,785,-730
119900238,3,132,-129
119900240,47,149,-102
119900241,128,289,-161
119900242,2194,1429,765
119900244,889,1616,-727
119900245,71,141,-70
119900246,257,344,-87
119900247,19,50,-31
119900248,28,56,-28
119900249,217,91,126
119900253,5206,420,4786
119900254,58,243,-185
119900255,87,684,-597
119900256,262,1922,-1660
119900257,36,5,31
119900258,71,79,-8
119900259,12,356,-344
119900260,88,3,85
119900261,136,219,-83
119900262,3,462,-459
119900263,989,538,451
119900264,28,388,-360
119900265,233,496,-263
119900266,177,457,-280
119900267,109,525,-416
119900268,134,326,-192
119900269,477,2226,-1749
119900271,20,115,-95
119900272,145,52,93
119900275,56,2,54
119900276,12,1,11
119900277,1,0,1
119900278,308,94,214
119900279,147,264,-117
119900280,1173,267,906
119900281,2,120,-118
119900282,51,27,24
119900283,11,433,-422
119900284,45,333,-288
119900285,20,104,-84
119900286,14,21,-7
119900288,6,40,-34
119900289,0,40,-40
119900290,2,28,-26
119900291,0,40,-40
119900292,29,13,16
119900293,18,4,14
119900294,22,2,20
119900295,0,0,0
119900296,2,2,0
119900299,23,346,-323
119900300,121,279,-158
119900301,164,57,107
119900302,92,95,-3
119900303,212,324,-112
119900304,86,28,58
119900305,24,155,-131
119900306,20,2,18
119900307,34,209,-175
119900308,3,20,-17
119900309,21,35,-14
119900310,231,383,-152
119900311,32,249,-217
119900312,36,146,-110
119900313,202,509,-307
119900314,104,292,-188
119900315,733,3831,-3098
119900318,4,14,-10
119900319,2,519,-517
119900320,126,1035,-909
119900321,36,3,33
119900322,61,78,-17
119900323,3,143,-140
119900324,4,59,-55
119900325,61,578,-517
119900326,207,62,145
120000001,9665,10333,-668
120000002,2319,3857,-1538
120000003,4494,2187,2307
120000004,3069,2883,186
120000005,5865,2501,3364
120000006,1236,1547,-311
120000007,3802,2575,1227
120000008,1101,1646,-545
120000009,5824,1129,4695
120000010,1718,3803,-2085
120000011,1122,2593,-1471
120000012,1921,4103,-2182
120000013,2508,3530,-1022
120000014,595,2026,-1431
120000015,2637,1847,790
120000016,3633,2770,863
120000017,1942,2140,-198
120000018,5969,9433,-3464
120000019,919,1231,-312
120000020,3491,2818,673
120000021,2138,2188,-50
120000022,3244,3719,-475
120000023,884,2060,-1176
120000024,1585,2600,-1015
120000025,2018,2708,-690
120000026,895,2303,-1408
120000027,1412,1943,-531
120000028,645,439,206
120000029,3730,508,3222
120000030,278,793,-515
120000031,2054,6910,-4856
120000032,12585,3855,8730
120000033,3047,2260,787
120000034,1281,2826,-1545
120000035,1603,2979,-1376
120000036,2541,4687,-2146
120000037,649,1166,-517
120000038,13344,4109,9235
120000039,481,1295,-814
120000040,85,198,-113
120000041,616,2395,-1779
120000042,1520,5712,-4192
120000043,4749,3737,1012
120000044,3312,1419,1893
120000045,3569,1348,2221
120000046,1724,2068,-344
120000047,2703,3456,-753
120000048,10678,3928,6750
120000049,3945,3498,447
120000050,3937,5602,-1665
120000051,4365,5419,-1054
120000052,18802,3206,15596
120000053,854,5277,-4423
120000054,1509,9019,-7510
120000055,1363,6189,-4826
120000056,3146,6512,-3366
120000057,1460,1017,443
120000058,482,303,179
120000059,60,1298,-1238
120000061,119,1177,-1058
120000062,209,312,-103
120000063,2363,4083,-1720
120000064,236,2398,-2162
120000065,548,2820,-2272
120000066,133,700,-567
120000067,32,860,-828
120000068,184,1622,-1438
120000069,563,2179,-1616
120000070,24,1473,-1449
120000071,140,254,-114
120000072,292,585,-293
120000073,354,132,222
120000074,45,103,-58
120000075,383,283,100
120000076,1112,416,696
120000077,1146,536,610
120000078,2959,738,2221
120000079,126,110,16
120000080,106,183,-77
120000081,180,144,36
120000082,108,112,-4
120000083,66,268,-202
120000084,481,777,-296
120000085,354,672,-318
120000086,297,1032,-735
120000087,173,1762,-1589
120000088,678,1924,-1246
120000089,888,845,43
120000090,495,629,-134
120000091,616,1093,-477
120000092,1011,664,347
120000093,247,607,-360
120000094,157,488,-331
120000095,771,893,-122
120000096,205,1542,-1337
120000098,647,1405,-758
120000099,282,893,-611
120000100,604,1217,-613
120000101,363,613,-250
120000102,431,638,-207
120000103,950,543,407
120000104,1359,333,1026
120000105,1916,378,1538
120000106,1563,391,1172
120000107,2119,595,1524
120000108,644,105,539
120000109,694,81,613
120000110,102,1255,-1153
120000111,116,1797,-1681
120000112,770,5796,-5026
120000113,575,4215,-3640
120000114,791,4079,-3288
120000115,369,3401,-3032
120000116,702,2788,-2086
120000117,1750,2078,-328
120000118,52,56,-4
120000119,35,64,-29
120000120,72,94,-22
120000121,24,54,-30
120000122,392,425,-33
120000123,8420,4170,4250
120000124,299,651,-352
120000125,259,806,-547
120000126,302,823,-521
120000127,3081,815,2266
120000128,5804,2220,3584
120000129,184,350,-166
120000130,774,851,-77
120000131,240,527,-287
120000134,353,1965,-1612
120000135,216,386,-170
120000137,125,3036,-2911
120000138,357,739,-382
120000139,146,1559,-1413
120000140,286,829,-543
120000141,143,710,-567
120000142,254,793,-539
120000143,2,161,-159
120000144,41,0,41
120000145,131,3,128
120000146,2707,1247,1460
120000149,503,1257,-754
120000150,6523,9147,-2624
120000151,447,641,-194
120000152,314,382,-68
120000153,180,969,-789
120000154,461,417,44
120000155,100,324,-224
120000156,1976,608,1368
120000157,921,843,78
120000158,632,1174,-542
120000159,2000,2863,-863
120000160,2344,1487,857
120000161,1198,3240,-2042
120000162,82,318,-236
120000163,299,2230,-1931
120000164,277,740,-463
120000165,250,1562,-1312
120000166,590,897,-307
120000167,36,40,-4
120000168,14,113,-99
120000169,108,406,-298
120000170,196,268,-72
120000171,48,53,-5
120000172,21,38,-17
120000173,3117,236,2881
120000174,587,23,564
120000175,635,11,624
120000176,330,77,253
120000177,2032,435,1597
120000178,206,5,201
120000179,603,27,576
120000180,800,120,680
120000181,202,189,13
120000182,89,124,-35
120000183,36,234,-198
120000184,203,1736,-1533
120000186,40,82,-42
120000187,162,45,117
120000188,272,86,186
120000190,1539,32,1507
120000191,2258,41,2217
120000192,2516,12,2504
120000193,847,3,844
120000195,115,1,114
120000196,446,51,395
120000197,114,159,-45
120000198,130,263,-133
120000199,35,0,35
120000200,47,1,46
120000201,16,15,1
120000202,0,87,-87
120000203,12,553,-541
120000207,2,139,-137
120000208,19,473,-454
120000209,3,140,-137
120000210,213,154,59
120000211,39,2,37
120000212,65,1,64
120000213,85,556,-471
120000214,0,708,-708
120000215,3,347,-344
120000216,37,9,28
120000217,1119,1994,-875
120000218,289,1734,-1445
120000219,18,1186,-1168
120000220,18,3933,-3915
120000225,570,1,569
120000226,141,0,141
120000227,731,26,705
120000228,9567,2684,6883
120000230,206,11,195
120000231,643,3326,-2683
120000233,149,55,94
120000235,119,1037,-918
120000236,550,2,548
120000237,9,3262,-3253
120000238,1,181,-180
120000241,1140,3725,-2585
120000412,2351,40,2311
120000413,125,630,-505
120000414,41,5,36
120000415,3,258,-255
120000416,51,6,45
120000417,7,181,-174
120000418,95,29,66
120000419,11,767,-756
120000420,74,36,38
120000421,19203,7224,11979
120000422,339,470,-131
120000423,13,42,-29
120000424,47,241,-194
120000436,114,405,-291
120000437,181,248,-67
120000438,6401,544,5857
120000439,185,344,-159
120000443,134,1,133
120000444,805,915,-110
120000445,1594,1360,234
120000446,1302,423,879
120000447,185,4,181
120000449,52,13,39
120000450,6,617,-611
120000451,117,362,-245
120000452,138,11,127
120000453,0,666,-666
120000454,90,27,63
120000455,48,64,-16
120000456,3898,3000,898
120000457,1780,1199,581
120000458,652,987,-335
120000459,63,100,-37
120000665,1269,150,1119
120000668,75,258,-183
120000669,101,525,-424
120000670,263,410,-147
120000671,719,299,420
120000672,115,734,-619
120900001,38,37,1
120900002,505,309,196
120900003,154,27,127
120900004,21,48,-27
120900005,6,2213,-2207
120900006,181,266,-85
120900007,85,210,-125
120900008,193,1685,-1492
120900009,388,76,312
120900010,260,76,184
120900011,488,142,346
120900012,1547,970,577
120900013,210,65,145
120900014,3,1145,-1142
120900015,293,116,177
120900016,458,67,391
120900017,3964,153,3811
120900018,41,626,-585
120900019,415,142,273
120900020,950,745,205
120900021,441,77,364
120900022,18,563,-545
120900023,104,57,47
120900024,1875,559,1316
120900025,2594,1010,1584
120900026,75,228,-153
120900027,791,101,690
120900028,238,40,198
120900029,142,234,-92
120900030,780,578,202
120900031,103,45,58
120900032,474,243,231
120900033,635,36,599
120900034,150,1952,-1802
120900035,65,124,-59
120900037,91,13,78
120900038,58,163,-105
120900039,86,17,69
120900040,132,1,131
120900041,168,41,127
120900042,162,73,89
120900043,35,14,21
120900044,98,621,-523
120900045,126,191,-65
120900046,235,2,233
120900047,115,66,49
120900048,58,13,45
120900049,176,0,176
120900050,5340,1301,4039
120900051,211,134,77
120900052,300,0,300
120900053,82,108,-26
120900054,1525,1157,368
120900055,174,2,172
120900056,276,12,264
120900057,100,33,67
120900058,241,0,241
120900059,42,2,40
120900060,43,47,-4
120900061,251,448,-197
120900062,94,0,94
120900063,275,4,271
120900064,186,1,185
120900065,202,1,201
120900066,157,641,-484
120900067,185,31,154
120900068,115,0,115
120900069,101,119,-18
120900071,10,12,-2
120900072,315,2,313
120900073,227,330,-103
120900074,518,7,511
120900076,160,0,160
120900077,4931,283,4648
120900078,346,895,-549
120900079,322,96,226
120900080,333,3613,-3280
120900081,418,1492,-1074
120900082,789,345,444
120900083,40,5,35
120900084,157,259,-102
120900085,181,162,19
120900086,237,209,28
120900087,287,93,194
120900088,173,270,-97
120900089,6568,1514,5054
120900090,107,272,-165
120900091,481,313,168
120900092,1045,1041,4
120900093,5482,319,5163
120900094,681,319,362
120900095,408,42,366
120900096,20,173,-153
120900097,678,1496,-818
120900098,334,247,87
120900099,67,116,-49
120900100,97,533,-436
120900101,677,451,226
120900102,28,126,-98
120900103,38,202,-164
120900104,23,62,-39
120900105,63,1302,-1239
120900106,1499,855,644
120900107,452,215,237
120900108,11,1519,-1508
120900109,49,1156,-1107
120900110,8,885,-877
120900111,142,536,-394
120900112,9,1939,-1930
120900113,22,1340,-1318
120900114,30,278,-248
120900115,189,192,-3
120900116,188,950,-762
120900117,4,828,-824
120900118,8,1486,-1478
120900119,4725,4633,92
120900120,45,1055,-1010
120900121,87,656,-569
120900122,214,1042,-828
120900123,5,859,-854
120900124,9,1180,-1171
120900125,2,1568,-1566
120900126,1623,1038,585
120900127,5,813,-808
120900128,1028,1380,-352
120900129,72,561,-489
120900130,3,696,-693
120900131,26,99,-73
120900132,401,535,-134
120900133,231,1800,-1569
120900134,435,719,-284
120900135,16,998,-982
120900136,14,44,-30
120900137,121,122,-1
120900138,13,314,-301
120900139,14,1339,-1325
120900140,4,110,-106
120900141,74,126,-52
120900142,28,1359,-1331
120900143,4,1556,-1552
120900144,1,322,-321
120900145,79,1316,-1237
120900146,7,1802,-1795
120900147,1,538,-537
120900148,92,171,-79
120900149,1,644,-643
120900150,31,905,-874
120900151,3,1259,-1256
120900152,3,61,-58
120900153,12,91,-79
120900154,0,559,-559
120900155,102,1767,-1665
120900156,14,354,-340
120900157,33,345,-312
120900158,29,814,-785
120900159,66,832,-766
120900160,25,611,-586
120900161,13,1087,-1074
120900162,26,1278,-1252
120900163,22,196,-174
120900164,0,3,-3
120900165,0,7,-7
120900166,52,191,-139
120900167,389,102,287
120900169,48,742,-694
120900170,3379,1745,1634
120900171,1724,543,1181
120900172,1695,211,1484
120900173,1,74,-73
120900174,3,176,-173
120900175,387,272,115
120900176,14,237,-223
120900177,1,487,-486
120900178,0,351,-351
120900179,1080,546,534
120900180,146,124,22
120900181,52,75,-23
120900182,10,563,-553
120900183,519,85,434
120900184,286,117,169
120900185,5,476,-471
120900186,2,824,-822
120900187,343,832,-489
120900188,79,10,69
120900189,206,506,-300
120900190,28,20,8
120900191,7,35,-28
120900192,18952,3387,15565
120900194,21,125,-104
120900195,209,449,-240
120900196,528,82,446
120900197,389,80,309
120900198,241,899,-658
120900199,292,214,78
120900200,218,148,70
120900201,832,221,611
120900202,1,326,-325
120900203,22,89,-67
120900204,311,513,-202
120900205,85,158,-73
120900206,2,36,-34
120900207,72,1875,-1803
121000001,1106,1340,-234
121000002,2371,1214,1157
121000003,5297,2437,2860
121000004,3012,3787,-775
121000005,2449,2948,-499
121000006,3408,1241,2167
121000007,3353,3198,155
121000008,5614,2899,2715
121000009,7570,6157,1413
121000010,9937,4509,5428
121000011,13351,13645,-294
121000012,18796,9701,9095
121000013,5625,7933,-2308
121000014,7455,6702,753
121000015,4944,6347,-1403
121000016,4623,3616,1007
121000017,1863,3942,-2079
121000018,2402,2061,341
121000019,25895,9018,16877
121000020,17042,9313,7729
121000021,2994,3482,-488
121000022,1493,1817,-324
121000023,4726,3581,1145
121000024,2834,3253,-419
121000025,686,969,-283
121000026,243,104,139
121000027,1472,949,523
121000028,777,515,262
121000029,935,936,-1
121000030,530,472,58
121000031,567,639,-72
121000032,264,90,174
121000034,237,192,45
121000035,117,76,41
121000036,1229,848,381
121000037,685,649,36
121000038,586,573,13
121000039,347,374,-27
121000041,462,530,-68
121000042,228,396,-168
121000043,846,660,186
121000044,1682,781,901
121000045,354,416,-62
121000046,496,905,-409
121000047,21,81,-60
121000049,1761,703,1058
121000050,307,1155,-848
121000051,654,438,216
121000052,237,672,-435
121000053,393,89,304
121000054,37,216,-179
121000055,1372,1128,244
121000056,931,1121,-190
121000057,164,340,-176
121000058,420,121,299
121000059,1983,921,1062
121000060,456,619,-163
121000061,141,174,-33
121000062,119,246,-127
121000063,645,478,167
121000064,531,625,-94
121000065,380,317,63
121000066,534,543,-9
121000067,1036,315,721
121000068,635,416,219
121000069,569,255,314
121000070,1756,1408,348
121000071,914,940,-26
121000072,1169,896,273
121000073,879,869,10
121000074,76,143,-67
121000075,67,72,-5
121000076,1459,302,1157
121000077,114,81,33
121000078,123,133,-10
121000080,3250,802,2448
121000081,3144,2112,1032
121000082,115,267,-152
121000083,194,109,85
121000084,201,100,101
121000085,436,436,0
121000086,168,1061,-893
121000087,60,367,-307
121000088,402,813,-411
121000089,566,379,187
121000090,358,349,9
121000091,1856,999,857
121000092,144,149,-5
121000093,135,317,-182
121000094,519,642,-123
121000095,322,574,-252
121000096,2528,2920,-392
121000097,1758,2075,-317
121000098,290,1699,-1409
121000099,338,1063,-725
121000100,608,690,-82
121000101,207,351,-144
121000102,105,602,-497
121000103,65,445,-380
121000104,154,217,-63
121000105,326,359,-33
121000106,199,532,-333
121000107,2342,4081,-1739
121000109,1565,1287,278
121000110,405,553,-148
121000114,2716,2778,-62
121000115,775,799,-24
121000116,560,1038,-478
121000117,1083,305,778
121000118,1103,311,792
121000119,190,293,-103
121000120,213,579,-366
121000121,378,1089,-711
121000123,1633,713,920
121000126,111,300,-189
121000127,159,86,73
121000128,526,651,-125
121000129,532,585,-53
121000130,411,1237,-826
121000131,2268,1393,875
121000132,1716,1416,300
121000135,562,511,51
121000136,1265,504,761
121000137,573,160,413
121000138,1016,811,205
121000139,874,144,730
121000141,214,129,85
121000142,766,645,121
121000143,221,21,200
121000144,1607,937,670
121000145,466,1528,-1062
121000146,966,895,71
121000147,509,533,-24
121000148,827,1189,-362
121000149,1833,1312,521
121000152,422,617,-195
121000153,1878,650,1228
121000154,748,636,112
121000155,1237,1145,92
121000156,459,990,-531
121000157,1963,2248,-285
121000158,372,649,-277
121000159,132,722,-590
121000160,287,939,-652
121000161,90,452,-362
121000162,58,411,-353
121000165,2180,1826,354
121000166,31,490,-459
121000168,276,312,-36
121000169,44,215,-171
121000170,212,96,116
121000171,43,201,-158
121000172,489,546,-57
121000173,1282,887,395
121000174,196,495,-299
121000175,707,641,66
121000176,277,318,-41
121000177,799,739,60
121000178,103,99,4
121000179,108,97,11
121000181,436,439,-3
121000182,53,140,-87
121000183,38,81,-43
121000184,64,75,-11
121000185,16,110,-94
121000186,90,257,-167
121000187,119,293,-174
121000188,67,305,-238
121000192,466,426,40
121000193,500,454,46
121000194,3001,2289,712
121000195,385,946,-561
121000196,761,236,525
121000197,280,984,-704
121000198,215,63,152
121000199,98,582,-484
121000200,261,105,156
121000201,4,234,-230
121000202,544,106,438
121000203,755,3223,-2468
121000204,1584,694,890
121000205,174,318,-144
121000206,130,35,95
121000207,1170,566,604
121000208,5,560,-555
121000209,160,567,-407
121000210,196,827,-631
121000211,169,166,3
121000212,291,1161,-870
121000213,11622,2780,8842
121000214,899,1669,-770
121000215,1433,965,468
121000216,423,435,-12
121000217,4821,2212,2609
121000218,525,1891,-1366
121000219,1339,360,979
121000220,386,64,322
121000221,149,271,-122
121000222,3264,2507,757
121000223,807,386,421
121000224,255,151,104
121000225,1335,948,387
121000226,2762,699,2063
121000227,4,242,-238
121000228,11,966,-955
121000229,93,529,-436
121000230,79,1975,-1896
121000231,515,47,468
121000232,394,217,177
121000233,433,347,86
121000234,8,35,-27
121000235,31,60,-29
121000236,11,76,-65
121000237,51,19,32
121000238,7,94,-87
121000239,12,12,0
121000240,12,210,-198
121000241,106,25,81
121000242,90,188,-98
121000243,409,68,341
121000244,2,86,-84
121000245,6,20,-14
121000246,1,97,-96
121000247,19,2,17
121000248,603,729,-126
121000249,142,237,-95
121000250,247,74,173
121000251,23,727,-704
121000252,30,26,4
121000253,276,786,-510
121000254,510,300,210
121000255,127,245,-118
121000256,197,220,-23
121000257,60,117,-57
121000258,76,94,-18
121000259,33,55,-22
121000260,59,90,-31
121000261,46,58,-12
121000262,1186,759,427
121000263,355,565,-210
121000271,250,1781,-1531
121000273,59,8,51
121000274,4,45,-41
121000275,0,26,-26
121000276,2,13,-11
121000278,69,79,-10
121000279,29,23,6
121000280,33,60,-27
121000289,239,24,215
121000290,1404,737,667
121000294,90,275,-185
121000297,932,809,123
121000299,44,243,-199
121000300,604,643,-39
121000302,81,729,-648
121000303,478,403,75
121000304,383,41,342
121000305,148,35,113
121000306,40,114,-74
121000308,180,379,-199
121000309,370,679,-309
121000310,63,468,-405
121000311,70,759,-689
121000312,324,225,99
121000313,572,538,34
121000314,112,106,6
121000315,60,86,-26
121000530,837,1723,-886
121000531,963,1577,-614
121000532,6076,5014,1062
121000533,2877,2827,50
121000918,29,306,-277
121000919,19,33,-14
121000938,343,106,237
121000939,282,103,179
121000956,553,1703,-1150
121000957,0,9,-9
121000958,136,36,100
121000959,346,1378,-1032
121000960,1421,2800,-1379
121000961,158,59,99
121000962,372,776,-404
121000973,0,435,-435
121000976,17,182,-165
121000979,336,78,258
121000981,320,166,154
121000982,178,325,-147
121000983,383,545,-162
121000984,27,44,-17
121000985,366,1023,-657
121000986,187,443,-256
121000987,148,1700,-1552
121000988,394,118,276
121001302,318,137,181
121001308,4,17,-13
121001309,84,111,-27
121001311,0,0,0
121001313,93,501,-408
121001314,4506,4611,-105
121001315,4155,1867,2288
121001318,0,0,0
121900001,59,182,-123
121900002,22,24,-2
121900003,345,6,339
121900004,97,452,-355
121900005,11,7,4
121900006,50,18,32
121900007,2493,2154,339
121900008,1425,142,1283
121900009,611,20,591
121900010,287,1,286
121900011,344,489,-145
121900012,3,0,3
121900013,1415,53,1362
121900014,1053,457,596
121900015,177,224,-47
121900016,9,56,-47
121900017,318,572,-254
121900018,381,10,371
121900019,206,249,-43
121900020,27,0,27
121900021,811,10,801
121900022,125,154,-29
121900023,123,551,-428
121900024,470,76,394
121900025,462,430,32
121900026,322,48,274
121900027,229,196,33
121900028,297,27,270
121900029,203,212,-9
121900030,630,464,166
121900031,1214,4125,-2911
121900032,69,67,2
121900033,156,153,3
121900034,214,73,141
121900035,2753,1465,1288
121900036,62,471,-409
121900037,140,659,-519
121900038,36,166,-130
121900039,255,35,220
121900040,31,108,-77
121900041,142,196,-54
121900042,221,133,88
121900043,1,8,-7
121900044,302,31,271
121900046,327,223,104
121900047,151,58,93
121900048,27,202,-175
121900050,8,55,-47
121900051,79,175,-96
121900052,102,29,73
121900053,244,227,17
121900054,459,797,-338
121900055,2,24,-22
121900058,144,284,-140
121900059,223,115,108
121900060,68,367,-299
121900061,120,167,-47
121900062,88,69,19
121900063,683,389,294
121900064,162,857,-695
121900066,30,32,-2
121900067,12,37,-25
121900069,216,116,100
121900070,187,114,73
121900071,99,284,-185
121900072,14,160,-146
121900073,263,232,31
121900074,907,544,363
121900075,502,304,198
121900076,230,638,-408
121900077,12,51,-39
121900078,46,76,-30
121900079,0,0,0
121900080,601,540,61
121900082,40,98,-58
121900084,7,309,-302
121900085,3,18,-15
121900086,14,67,-53
121900087,212,104,108
121900088,2958,2588,370
121900089,84,431,-347
121900090,14,120,-106
121900091,14,128,-114
121900092,59,147,-88
121900093,24,69,-45
121900094,10,8,2
121900095,153,100,53
121900096,1556,589,967
121900097,315,156,159
121900098,1,9,-8
121900099,206,99,107
121900100,171,225,-54
121900101,95,104,-9
121900102,13,124,-111
121900103,434,264,170
121900104,894,271,623
121900105,110,93,17
121900106,2,1,1
121900107,11,50,-39
121900108,2,18,-16
121900109,360,117,243
121900110,219,1482,-1263
121900111,990,110,880
121900112,116,100,16
121900113,73,221,-148
121900114,16,48,-32
121900117,285,27,258
121900118,2433,426,2007
121900119,100,143,-43
121900120,28,1434,-1406
121900121,566,52,514
121900122,16,42,-26
121900123,186,440,-254
121900124,124,211,-87
121900125,1004,1091,-87
121900127,11,108,-97
121900128,54,173,-119
121900129,1084,137,947
121900130,95,278,-183
121900131,208,124,84
121900132,39,149,-110
121900133,76,379,-303
121900134,16,134,-118
121900135,2772,269,2503
121900136,180,624,-444
121900137,34,321,-287
121900138,91,279,-188
121900139,295,441,-146
121900140,34,206,-172
121900141,41,14,27
121900142,64,156,-92
121900143,5,162,-157
121900144,179,325,-146
121900145,161,213,-52
121900146,620,798,-178
121900147,57,171,-114
121900148,185,280,-95
121900149,370,753,-383
121900150,58,131,-73
121900151,54,226,-172
121900152,83,200,-117
121900153,89,507,-418
121900154,15,169,-154
121900155,0,82,-82
121900156,145,91,54
121900157,6,534,-528
121900158,35,77,-42
121900159,1,253,-252
121900160,54,260,-206
121900161,494,373,121
121900162,166,100,66
121900163,94,854,-760
121900164,359,238,121
121900165,149,264,-115
121900166,90,200,-110
121900167,163,108,55
121900168,243,130,113
121900169,6,372,-366
121900170,5,244,-239
121900171,510,703,-193
121900172,300,378,-78
121900173,972,188,784
121900174,36,72,-36
121900175,131,184,-53
121900176,427,1954,-1527
121900177,139,78,61
121900178,21,89,-68
121900179,230,175,55
121900180,6463,2856,3607
121900182,532,294,238
121900183,423,531,-108
121900184,27,570,-543
121900186,18,402,-384
121900187,21,139,-118
121900188,598,401,197
121900189,31,107,-76
121900190,143,518,-375
121900191,73,114,-41
121900192,370,601,-231
121900193,42,273,-231
121900194,5,191,-186
121900195,131,82,49
121900196,771,825,-54
121900197,359,2357,-1998
121900198,1091,1052,39
121900199,7,33,-26
121900200,84,220,-136
121900201,1291,540,751
121900202,108,318,-210
121900203,312,862,-550
121900204,1338,770,568
121900205,12,131,-119
121900206,9,18,-9
121900207,156,40,116
121900208,190,346,-156
121900209,26,18,8
121900210,1213,1104,109
121900211,30,91,-61
121900212,154,137,17
121900213,80,101,-21
121900214,6,413,-407
121900215,43,71,-28
121900216,42,85,-43
121900217,207,79,128
121900218,298,525,-227
121900220,237,17,220
121900221,256,653,-397
121900222,106,215,-109
121900223,159,80,79
121900224,113,96,17
121900225,107,59,48
121900226,272,834,-562
121900227,96,368,-272
121900228,199,351,-152
121900230,96,82,14
121900231,473,469,4
121900232,286,330,-44
121900233,291,290,1
121900234,131,403,-272
121900235,276,365,-89
121900236,231,146,85
121900237,106,274,-168
121900238,156,223,-67
121900239,87,58,29
121900240,157,173,-16
121900241,48,68,-20
121900242,2,0,2
121900243,0,0,0
121900244,6,1,5
121900245,174,162,12
121900246,1450,408,1042
121900247,302,294,8
121900248,1660,844,816
121900250,287,366,-79
121900251,376,32,344
121900252,661,134,527
121900253,92,793,-701
121900254,505,327,178
121900255,151,106,45
121900258,3063,1743,1320
121900259,326,523,-197
121900260,55,246,-191
121900261,147,439,-292
121900262,414,776,-362
121900263,115,307,-192
121900264,2653,1344,1309
121900265,132,315,-183
121900266,190,201,-11
121900267,24,29,-5
121900269,133,347,-214
121900270,20,185,-165
121900271,44,210,-166
121900273,433,1382,-949
121900274,244,280,-36
121900277,333,1862,-1529
121900278,79,925,-846
121900279,235,315,-80
121900280,260,357,-97
121900281,537,107,430
121900284,149,14,135
121900286,90,349,-259
121900287,30,14,16
121900288,3,2,1
121900290,277,295,-18
121900291,460,582,-122
121900292,185,95,90
121900293,971,3558,-2587
121900294,243,2,241
121900295,37,288,-251
121900296,91,54,37
121900298,520,393,127
121900299,0,0,0
121900300,25,0,25
121900301,11,2,9
121900302,0,63,-63
121900303,255,465,-210
121900304,2,4,-2
121900305,0,9,-9
121900306,68,1,67
121900307,33,8,25
121900308,8,460,-452
121900309,16,330,-314
121900310,69,566,-497
121900311,186,9,177
121900312,125,8,117
121900313,279,33,246
121900314,2,77,-75
121900315,1,0,1
121900316,0,13,-13
121900317,2,0,2
121900318,3,11,-8
121900319,3,62,-59
121900320,61,80,-19
121900321,5,0,5
121900322,1,31,-30
121900323,8,4,4
121900324,3,63,-60
121900325,8,0,8
121900326,1,21,-20
121900327,1,63,-62
121900328,0,24,-24
121900329,4,281,-277
121900330,0,37,-37
121900331,214,17,197
121900332,66,14,52
121900333,10,1,9
121900334,0,14,-14
122000001,2475,3676,-1201
122000002,5336,1711,3625
122000003,2295,1667,628
122000004,3670,1297,2373
122000005,3220,1190,2030
122000006,2438,514,1924
122000007,1390,1350,40
122000008,6583,4620,1963
122000009,529,276,253
122000010,2117,2521,-404
122000011,3299,1144,2155
122000012,1160,1103,57
122000013,2272,1244,1028
122000014,1445,2027,-582
122000015,1329,975,354
122000016,430,845,-415
122000017,1161,1075,86
122000018,1331,1300,31
122000019,790,1641,-851
122000020,273,207,66
122000021,598,471,127
122000022,1525,1517,8
122000023,598,2748,-2150
122000024,941,971,-30
122000025,1616,1263,353
122000026,1861,866,995
122000027,602,4612,-4010
122000028,785,403,382
122000029,460,298,162
122000030,344,99,245
122000031,155,246,-91
122000032,1581,3014,-1433
122000033,1028,995,33
122000034,596,629,-33
122000035,339,760,-421
122000036,403,626,-223
122000037,383,282,101
122000038,327,423,-96
122000039,623,494,129
122000040,391,306,85
122000041,444,512,-68
122000042,246,431,-185
122000043,113,92,21
122000044,124,126,-2
122000045,1425,609,816
122000046,841,1082,-241
122000047,262,198,64
122000048,3253,4152,-899
122000049,5788,2460,3328
122000050,1629,616,1013
122000051,398,681,-283
122000052,555,296,259
122000053,131,513,-382
122000054,2408,1900,508
122000055,2336,2460,-124
122000056,7986,3402,4584
122000057,5104,2731,2373
122000058,4429,1142,3287
122000059,4276,1596,2680
122000060,956,516,440
122000061,588,260,328
122000062,1270,380,890
122000063,1518,427,1091
122000064,3769,3512,257
122000065,5319,3084,2235
122000066,1251,1150,101
122000067,1665,1561,104
122000068,986,1313,-327
122000069,684,852,-168
122000070,555,3321,-2766
122000071,908,1931,-1023
122000072,404,320,84
122000073,468,443,25
122000074,1829,1339,490
122000075,469,1320,-851
122000076,1778,1133,645
122000077,1425,732,693
122000078,3442,1908,1534
122000079,1762,804,958
122000080,1104,372,732
122000081,271,303,-32
122000082,1140,680,460
122000083,1408,3686,-2278
122000084,921,904,17
122000085,226,1969,-1743
122000086,2158,4748,-2590
122000087,609,144,465
122000088,427,336,91
122000089,7639,3001,4638
122000090,253,353,-100
122000091,258,81,177
122000092,169,15,154
122000093,1575,1032,543
122000094,9831,1741,8090
122000095,4969,2541,2428
122000096,4656,1574,3082
122000098,5457,1451,4006
122000099,2798,577,2221
122000100,1388,678,710
122000101,240,828,-588
122000102,1647,1181,466
122000103,1465,1384,81
122000104,252,200,52
122000105,200,298,-98
122000106,507,519,-12
122000107,1007,537,470
122000108,388,883,-495
122000109,338,374,-36
122000110,355,627,-272
122000111,2809,1075,1734
122000112,629,1228,-599
122000113,489,688,-199
122000114,3509,1451,2058
122000115,1731,1430,301
122000116,543,542,1
122000117,1036,351,685
122000118,421,552,-131
122000119,3391,1403,1988
122000120,2962,2483,479
122000121,3601,2624,977
122000122,893,1213,-320
122000123,2285,1414,871
122000124,1212,484,728
122000125,580,650,-70
122000126,801,687,114
122000127,1621,846,775
122000128,712,927,-215
122000129,280,696,-416
122000130,2384,611,1773
122000131,1579,637,942
122000132,758,356,402
122000133,1143,2243,-1100
122000134,476,618,-142
122000135,674,890,-216
122000136,479,260,219
122000137,894,773,121
122000139,1538,2661,-1123
122000140,1180,470,710
122000141,5803,935,4868
122000142,557,684,-127
122000143,456,235,221
122000144,1880,885,995
122000145,1474,618,856
122000146,655,872,-217
122000147,862,333,529
122000148,3834,1275,2559
122000149,2371,1174,1197
122000150,1195,852,343
122000151,219,286,-67
122000152,455,313,142
122000153,564,293,271
122000154,337,173,164
122000155,1502,2002,-500
122000156,2408,1775,633
122000157,2043,1347,696
122000158,418,525,-107
122000159,1107,1647,-540
122000160,4632,1019,3613
122000161,1152,566,586
122000162,2800,1332,1468
122000163,338,106,232
122000164,44,77,-33
122000165,712,746,-34
122000166,943,1026,-83
122000167,285,271,14
122000168,204,585,-381
122000169,529,180,349
122000170,245,289,-44
122000171,48,52,-4
122000172,1534,1478,56
122000173,1708,2448,-740
122000174,1931,906,1025
122000175,1266,278,988
122000176,282,811,-529
122000177,1551,1286,265
122000178,3475,2183,1292
122000179,2241,2704,-463
122000180,1774,875,899
122000181,1838,3002,-1164
122000182,2753,1202,1551
122000183,2046,1127,919
122000184,2952,1713,1239
122000185,1403,1358,45
122000186,650,807,-157
122000187,1654,1163,491
122000188,471,208,263
122000189,295,372,-77
122000190,915,1042,-127
122000191,965,462,503
122000192,871,373,498
122000193,365,716,-351
122000194,601,204,397
122000195,175,508,-333
122000196,940,667,273
122000197,513,768,-255
122000198,538,1117,-579
122000199,330,357,-27
122000200,1440,524,916
122000201,1244,1628,-384
122000202,1041,1104,-63
122000203,2825,1595,1230
122000204,1438,1967,-529
122000205,1683,1059,624
122000206,2117,875,1242
122000207,1185,1373,-188
122000208,2061,1620,441
122000209,2434,402,2032
122000210,1582,2334,-752
122000211,1179,1346,-167
122000212,754,435,319
122000213,986,1175,-189
122000214,1785,1717,68
122000215,2004,1454,550
122000217,1900,1554,346
122000218,705,58,647
122000219,1462,1110,352
122000220,320,824,-504
122000221,106,482,-376
122000222,527,68,459
122000223,1139,468,671
122000225,731,342,389
122000226,1373,1967,-594
122000227,427,1979,-1552
122000228,326,447,-121
122000229,25,450,-425
122000230,51,873,-822
122000231,198,859,-661
122000232,633,1262,-629
122000233,0,175,-175
122000234,151,212,-61
122000235,354,267,87
122000236,537,254,283
122000237,85,67,18
122000238,108,224,-116
122000239,310,101,209
122000240,800,410,390
122000241,723,458,265
122000242,460,156,304
122000243,132,66,66
122000244,54,688,-634
122000245,48,368,-320
122000246,157,180,-23
122000247,508,1104,-596
122000248,1665,2350,-685
122000249,379,562,-183
122000250,1348,632,716
122000251,246,428,-182
122000252,613,134,479
122000253,47,308,-261
122000254,139,110,29
122000255,692,2194,-1502
122000256,359,1531,-1172
122000257,143,493,-350
122000258,116,220,-104
122000259,3,784,-781
122000260,4,121,-117
122000261,2,244,-242
122000262,0,89,-89
122000263,84,113,-29
122000264,624,450,174
122000265,2046,764,1282
122000266,4736,589,4147
122000267,69,134,-65
122000268,107,443,-336
122000269,726,250,476
122000270,877,116,761
122000271,260,1408,-1148
122000272,322,1347,-1025
122000273,263,619,-356
122000274,72,211,-139
122000275,17,172,-155
122000276,435,685,-250
122000277,599,1528,-929
122000278,517,1273,-756
122000279,166,675,-509
122000280,886,934,-48
122000281,659,956,-297
122000282,127,148,-21
122000283,316,53,263
122000284,138,113,25
122000285,513,112,401
122000286,120,219,-99
122000287,730,1426,-696
122000288,276,326,-50
122000291,851,463,388
122000293,418,402,16
122000294,104,190,-86
122000295,1285,204,1081
122000296,45,608,-563
122000297,3892,2272,1620
122000299,434,534,-100
122000300,567,568,-1
122000301,17259,3121,14138
122000302,1388,906,482
122000303,5178,1370,3808
122000304,79,190,-111
122000305,762,367,395
122000306,7,851,-844
122000307,184,105,79
122000309,58,65,-7
122000310,21,27,-6
122000311,93,70,23
122000312,108,48,60
122000313,62,39,23
122000314,100,197,-97
122000315,186,4,182
122000316,335,205,130
122000317,761,191,570
122000318,250,452,-202
122000319,368,741,-373
122000320,344,2705,-2361
122000321,99,418,-319
122000322,3389,2537,852
122000323,1747,1734,13
122000324,1680,1520,160
122000325,1007,1234,-227
122000326,31,160,-129
122000327,279,454,-175
122000328,1181,947,234
122000330,2587,697,1890
122000332,173,355,-182
122000333,9,186,-177
122000337,812,2183,-1371
122000338,499,605,-106
122000340,432,279,153
122000342,3396,1239,2157
122000343,463,2074,-1611
122000344,38,28,10
122000345,10,54,-44
122000346,344,754,-410
122000348,594,1009,-415
122000349,152,919,-767
122000351,115,252,-137
122000352,253,77,176
122000353,52,134,-82
122000355,133,178,-45
122000356,1873,811,1062
122000357,18,13,5
122000358,0,90,-90
122000359,0,61,-61
122000360,1,80,-79
122000362,12,130,-118
122000364,105,521,-416
122000365,0,24,-24
122000366,9,12,-3
122000368,440,968,-528
122000370,24,79,-55
122000371,33,1,32
122000372,6,3,3
122000381,43,372,-329
122000382,51,277,-226
122000384,4662,2192,2470
122000385,33,0,33
122000386,534,795,-261
122000387,472,681,-209
122000388,1447,386,1061
122000389,175,902,-727
122000390,422,228,194
122000391,416,157,259
122000392,172,278,-106
122000393,4,244,-240
122000394,368,387,-19
122000395,110,213,-103
122000396,207,99,108
122000397,45,78,-33
122000398,14,84,-70
122000399,85,107,-22
122000400,170,214,-44
122000401,91,117,-26
122000402,146,92,54
122000403,441,1518,-1077
122000404,118,416,-298
122000408,746,1081,-335
122000503,9,104,-95
122000524,234,128,106
122000544,54,2043,-1989
122000616,635,6,629
122000640,32,241,-209
122000641,33,510,-477
122000642,878,1529,-651
122000643,15,141,-126
122000644,179,17,162
122000645,97,156,-59
122000651,2131,775,1356
122000664,113,52,61
122000665,929,647,282
122000666,581,1158,-577
122000673,18,405,-387
122000674,71,40,31
122000675,1138,1256,-118
122000686,302,1697,-1395
122000687,630,439,191
122000688,139,1087,-948
122000689,415,712,-297
122000690,644,826,-182
122000691,370,3456,-3086
122000692,1125,501,624
122000693,619,2483,-1864
122000695,172,634,-462
122000696,173,499,-326
122000698,184,1422,-1238
122000699,150,159,-9
122000701,985,401,584
122000702,605,2738,-2133
122000703,132,71,61
122000717,326,86,240
122000718,527,485,42
122000719,38,42,-4
122000720,161,413,-252
122000724,171,35,136
122900001,31,6,25
122900002,1400,2218,-818
122900003,231,24,207
122900004,810,29,781
122900005,35,55,-20
122900006,851,361,490
122900007,207,29,178
122900008,741,76,665
122900009,802,359,443
122900010,216,160,56
122900012,273,441,-168
122900014,148,355,-207
122900015,3358,549,2809
122900016,67,440,-373
122900017,411,1011,-600
122900018,199,18,181
122900019,2,161,-159
122900020,340,466,-126
122900021,39,699,-660
122900022,413,1147,-734
122900023,260,430,-170
122900024,127,101,26
122900025,12,215,-203
122900026,171,394,-223
122900027,61,749,-688
122900028,148,199,-51
122900029,5547,2434,3113
122900030,1457,539,918
122900031,100,160,-60
122900032,133,263,-130
122900033,130,200,-70
122900034,4368,4359,9
122900035,33,20,13
122900036,24,126,-102
122900037,237,128,109
122900038,126,1839,-1713
122900039,76,416,-340
122900040,262,536,-274
122900041,204,244,-40
122900042,149,289,-140
122900043,324,235,89
122900044,85,300,-215
122900045,69,108,-39
122900046,155,120,35
122900047,291,169,122
122900048,45,238,-193
122900049,1894,195,1699
122900051,110,123,-13
122900052,50,151,-101
122900053,17,8,9
122900055,287,112,175
122900057,275,34,241
122900061,421,217,204
122900062,365,431,-66
122900063,156,486,-330
122900064,1191,768,423
122900065,403,169,234
122900066,446,308,138
122900067,2115,939,1176
122900068,187,597,-410
122900069,264,1563,-1299
122900070,179,47,132
122900071,117,556,-439
122900072,8,758,-750
122900073,49,323,-274
122900074,182,894,-712
122900075,3,98,-95
122900076,7,244,-237
122900077,3,212,-209
122900078,56,209,-153
122900080,64,28,36
122900081,188,164,24
122900082,649,314,335
122900083,242,167,75
122900084,3,299,-296
122900086,3,47,-44
122900087,123,694,-571
122900088,49,86,-37
122900089,5,184,-179
122900090,11,770,-759
122900091,112,0,112
122900092,2,290,-288
122900093,4,543,-539
122900094,5,390,-385
122900095,94,3,91
122900096,113,388,-275
122900097,34,19,15
122900098,91,141,-50
122900099,19,4,15
122900100,559,300,259
122900101,757,248,509
122900102,7,10,-3
122900103,31,6,25
122900104,97,4,93
122900105,4,4,0
122900106,2,93,-91
122900107,4,275,-271
122900108,3,260,-257
123000001,2277,306,1971
123000002,7158,2751,4407
123000003,3935,2581,1354
123000004,3690,5103,-1413
123000005,2593,2479,114
123000006,2982,3553,-571
123000007,2909,2497,412
123000008,2679,4535,-1856
123000009,4662,3295,1367
123000010,3884,4763,-879
123000011,2992,822,2170
123000012,1072,2569,-1497
123000013,3399,946,2453
123000014,1473,4436,-2963
123000015,5322,905,4417
123000016,8186,3154,5032
123000017,3939,1591,2348
123000018,45,121,-76
123000019,122,454,-332
123000020,119,185,-66
123000021,55,245,-190
123000022,533,1581,-1048
123000023,1270,1265,5
123000024,992,551,441
123000025,44,102,-58
123000026,5,66,-61
123000027,501,638,-137
123000028,1214,259,955
123000029,1466,615,851
123000030,163,950,-787
123000031,90,524,-434
123000032,183,450,-267
123000033,169,90,79
123000034,808,648,160
123000035,199,305,-106
123000036,235,718,-483
123000037,218,371,-153
123000038,59,219,-160
123000039,505,974,-469
123000040,1324,396,928
123000041,1083,641,442
123000042,913,592,321
123000043,4867,4882,-15
123000044,7839,2298,5541
123000045,13616,2246,11370
123000046,1067,890,177
123000047,2785,1407,1378
123000048,91,388,-297
123000049,9837,4559,5278
123000050,865,1109,-244
123000051,108,160,-52
123000052,505,2534,-2029
123000053,2285,3469,-1184
123000054,1248,1255,-7
123000055,957,1160,-203
123000056,1231,2006,-775
123000057,22503,5741,16762
123000058,691,766,-75
123000059,498,542,-44
123000060,575,398,177
123000061,204,934,-730
123000063,741,643,98
123000064,787,209,578
123000065,8188,3542,4646
123000066,1223,952,271
123000067,463,697,-234
123000068,3417,4006,-589
123000069,10252,4051,6201
123000070,325,1082,-757
123000071,570,1367,-797
123000072,840,1761,-921
123000073,657,929,-272
123000074,789,2525,-1736
123000075,355,950,-595
123000076,385,1312,-927
123000077,2264,4428,-2164
123000078,1115,1874,-759
123000079,964,2198,-1234
123000080,1956,3131,-1175
123000081,197,887,-690
123000082,453,1441,-988
123000083,925,156,769
123000084,444,812,-368
123000085,100,150,-50
123000086,289,599,-310
123000087,149,716,-567
123000088,884,1622,-738
123000089,411,1446,-1035
123000090,1021,1326,-305
123000091,1650,1538,112
123000092,1200,1228,-28
123000094,373,284,89
123000095,321,709,-388
123000096,401,494,-93
123000097,331,1491,-1160
123000098,605,581,24
123000099,532,1117,-585
123000100,507,645,-138
123000101,618,449,169
123000102,697,599,98
123000104,401,362,39
123000105,593,627,-34
123000106,516,305,211
123000107,458,565,-107
123000108,1039,1655,-616
123000111,514,242,272
123000112,534,619,-85
123000113,570,2375,-1805
123000114,419,397,22
123000115,167,283,-116
123000116,23,164,-141
123000117,1254,2796,-1542
123000118,373,1200,-827
123000119,266,1323,-1057
123000120,379,1166,-787
123000121,383,650,-267
123000122,589,279,310
123000123,357,646,-289
123000124,702,556,146
123000125,1229,888,341
123000126,1932,2456,-524
123000127,1510,933,577
123000128,297,456,-159
123000129,450,218,232
123000130,458,112,346
123000131,626,501,125
123000132,355,673,-318
123000133,367,412,-45
123000134,546,181,365
123000135,1305,1295,10
123000136,234,1636,-1402
123000137,94,597,-503
123000138,65,572,-507
123000139,320,117,203
123000140,184,1075,-891
123000141,927,135,792
123000142,1016,1141,-125
123000143,1151,2720,-1569
123000144,18,18,0
123000145,239,220,19
123000146,72,149,-77
123000147,80,139,-59
123000149,412,366,46
123000150,278,226,52
123000151,228,446,-218
123000152,60,433,-373
123000153,178,443,-265
123000154,2329,1642,687
123000155,3124,1254,1870
123000156,56,109,-53
123000157,595,1028,-433
123000158,778,627,151
123000159,3106,1856,1250
123000160,631,529,102
123000161,1287,993,294
123000162,412,1429,-1017
123000163,229,42,187
123000164,878,287,591
123000165,339,2321,-1982
123000166,30,211,-181
123000167,91,438,-347
123000168,213,423,-210
123000169,497,116,381
123000170,57,429,-372
123000171,228,58,170
123000172,236,921,-685
123000173,455,206,249
123000174,671,236,435
123000175,1097,1796,-699
123000176,881,157,724
123000177,426,1292,-866
123000178,571,123,448
123000179,27,917,-890
123000180,1250,404,846
123000181,392,1760,-1368
123000182,146,672,-526
123000183,147,292,-145
123000184,88,979,-891
123000185,324,512,-188
123000186,5,753,-748
123000187,345,4,341
123000188,105,0,105
123000189,157,208,-51
123000190,25,66,-41
123000192,17,379,-362
123000193,30,642,-612
123000194,678,329,349
123000195,200,10,190
123000196,165,14,151
123000197,27,89,-62
123000198,8,220,-212
123000199,5,592,-587
123000200,373,10,363
123000201,612,13,599
123000202,38,1582,-1544
123000203,607,53,554
123000204,67,1395,-1328
123000205,510,2642,-2132
123000206,1324,159,1165
123000207,92,1208,-1116
123000208,277,104,173
123000209,1374,378,996
123000210,496,1905,-1409
123000211,546,3268,-2722
123000212,1767,374,1393
123000213,341,46,295
123000215,144,139,5
123000216,163,684,-521
123000217,123,34,89
123000218,132,443,-311
123000219,1384,40,1344
123000220,427,94,333
123000221,157,182,-25
123000222,319,803,-484
123000223,169,811,-642
123000224,292,763,-471
123000225,331,122,209
123000226,74,429,-355
123000227,55,501,-446
123000228,184,75,109
123000229,1213,2385,-1172
123000232,107,621,-514
123000233,482,175,307
123000234,148,834,-686
123000235,368,412,-44
123000236,216,1143,-927
123000237,151,74,77
123000238,68,828,-760
123000239,402,2518,-2116
123000240,54,359,-305
123000241,939,145,794
123000242,89,215,-126
123000243,382,1221,-839
123000244,849,597,252
123000245,94,188,-94
123000249,365,823,-458
123000252,740,195,545
123000253,588,402,186
123000254,575,1364,-789
123000255,898,811,87
123000256,31,300,-269
123000257,4126,2718,1408
123000258,1023,1456,-433
123000259,170,473,-303
123000260,316,797,-481
123000261,118,302,-184
123000262,61,324,-263
123000263,292,130,162
123000264,170,52,118
123000265,55,232,-177
123000266,474,825,-351
123000267,326,283,43
123000268,39,96,-57
123000269,29,29,0
123000270,32,36,-4
123000271,52,96,-44
123000272,937,222,715
123000273,196,523,-327
123000274,1184,425,759
123000275,331,1209,-878
123000278,3718,2797,921
123000279,72,126,-54
123000280,256,459,-203
123000281,218,114,104
123000282,81,244,-163
123000283,105,43,62
123000284,41,160,-119
123000286,295,245,50
123000287,600,275,325
123000288,876,544,332
123000289,483,711,-228
123000291,414,972,-558
123000294,170,266,-96
123000295,796,1172,-376
123000296,239,532,-293
123000297,255,1108,-853
123000298,312,951,-639
123000299,28,322,-294
123000300,567,740,-173
123000301,107,192,-85
123000302,61,344,-283
123000303,80,118,-38
123000305,937,920,17
123000306,59,353,-294
123000309,49,89,-40
123000310,52,48,4
123000311,0,137,-137
123000312,862,1175,-313
123000313,230,329,-99
123000315,115,558,-443
123000316,2025,33,1992
123000317,208,49,159
123000318,20,343,-323
123000329,8,9,-1
123000337,169,240,-71
123000338,707,83,624
123000339,110,368,-258
123000340,127,527,-400
123000342,4,107,-103
123000343,72,1,71
123000344,1353,479,874
123000345,367,624,-257
123000346,245,83,162
123000352,2597,912,1685
123000353,17,183,-166
123000354,119,9,110
123000355,2,528,-526
123000356,186,11,175
123000357,1,390,-389
123000359,1,351,-350
123000360,134,23,111
123000361,755,304,451
123000362,248,131,117
123000363,83,292,-209
123000364,436,279,157
123000365,16,331,-315
123000366,237,1471,-1234
123000367,277,1467,-1190
123000370,40,456,-416
123000371,329,26,303
123000372,206,11,195
123000373,12,535,-523
123000374,18,253,-235
123000375,177,28,149
123000376,578,569,9
123000377,281,30,251
123000378,11,607,-596
123000379,0,296,-296
123000380,76,240,-164
123000381,163,40,123
123000382,1637,65,1572
123000383,312,848,-536
123000384,563,126,437
123000385,475,807,-332
123000436,59,962,-903
123000507,114,351,-237
123000508,102,420,-318
123000517,280,25,255
123000518,39,294,-255
123000519,109,105,4
123000520,66,237,-171
123000521,318,116,202
123000522,174,685,-511
123000541,3,1,2
123000542,0,24,-24
123000565,256,26,230
123000566,97,1109,-1012
123000567,133,311,-178
123000573,51,1154,-1103
123000574,365,83,282
123000575,1128,1768,-640
123000576,626,2661,-2035
123000577,142,626,-484
123000578,895,110,785
123000579,7535,3431,4104
123000580,78,10,68
123000582,264,25,239
123000583,12,646,-634
123000584,111,253,-142
123000585,0,150,-150
123000586,56,0,56
123000596,120,133,-13
123000597,36,96,-60
123000602,14,1,13
123000603,278,904,-626
123000604,463,1427,-964
123000605,770,143,627
123000606,2,243,-241
123000609,15,362,-347
123000610,167,95,72
123000613,29,152,-123
123000614,125,70,55
123000615,19,155,-136
123000616,287,85,202
123000617,97,757,-660
123000618,89,870,-781
123000619,561,31,530
123000620,18,773,-755
123000622,275,12,263
123000624,116,47,69
123000630,526,503,23
123000631,229,2677,-2448
123000632,1185,1508,-323
123000633,1,242,-241
123000634,73,78,-5
123000635,342,110,232
123000636,11,731,-720
123000637,111,194,-83
123000638,452,141,311
123000639,1390,2426,-1036
123000640,35,1336,-1301
123000648,121,67,54
123000649,26,785,-759
123900001,1835,50,1785
123900002,10,1012,-1002
123900003,382,827,-445
123900005,133,103,30
123900006,152,27,125
124000001,1488,147,1341
124000002,106,2110,-2004
124000003,442,167,275
124000004,88,874,-786
124000005,725,246,479
124000006,265,1855,-1590
124000007,598,104,494
124000008,17,533,-516
124000009,235,340,-105
124000010,110,621,-511
124000011,777,353,424
124000012,333,1190,-857
124000017,82,101,-19
124000018,109,154,-45
124000019,69,66,3
124000020,84,320,-236
124000021,109,93,16
124000022,118,299,-181
124000023,1158,1275,-117
124000024,1084,792,292
124000025,1080,1216,-136
124000026,1299,1164,135
124000027,5690,3774,1916
124000028,4081,4238,-157
124000030,4069,1368,2701
124000031,659,1076,-417
124000032,5529,1066,4463
124000033,358,344,14
124000034,2735,939,1796
124000035,160,97,63
124000036,109,708,-599
124000037,472,492,-20
124000038,45,137,-92
124000039,1207,329,878
124000040,769,794,-25
124000041,196,59,137
124000042,62,466,-404
124000043,41,74,-33
124000044,53,367,-314
124000045,430,563,-133
124000046,215,977,-762
124000047,948,954,-6
124000048,658,2612,-1954
124000049,1064,681,383
124000050,616,3131,-2515
124000051,399,509,-110
124000052,566,1800,-1234
124000053,442,932,-490
124000054,969,901,68
124000055,1196,1325,-129
124000056,4722,1629,3093
124000057,591,518,73
124000058,382,1881,-1499
124000059,437,623,-186
124000060,1181,1179,2
124000061,1490,3023,-1533
124000062,10418,2217,8201
124000063,1472,1688,-216
124000064,3102,2076,1026
124000065,121,220,-99
124000066,366,61,305
124000067,78,273,-195
124000068,22,144,-122
124000069,385,284,101
124000070,208,796,-588
124000071,87,105,-18
124000072,160,659,-499
124000073,678,88,590
124000074,237,1255,-1018
124000075,113,40,73
124000076,8,352,-344
124000077,1845,900,945
124000078,2393,594,1799
124000079,615,1187,-572
124000080,253,156,97
124000081,178,879,-701
124000082,16,95,-79
124000083,37,189,-152
124000084,79,232,-153
124000085,106,42,64
124000086,42,105,-63
124000087,96,44,52
124000088,272,634,-362
124000089,504,460,44
124000090,122,599,-477
124000091,379,180,199
124000092,85,970,-885
124000093,93,90,3
124000094,178,505,-327
124000095,80,79,1
124000096,101,385,-284
124000097,44,59,-15
124000098,60,152,-92
124000099,131,109,22
124000100,31,188,-157
124000101,37,106,-69
124000102,106,105,1
124000103,57,66,-9
124000104,85,97,-12
124000105,40,63,-23
124000106,141,129,12
124000107,21,96,-75
124000108,98,55,43
124000109,80,64,16
124000110,136,150,-14
124000111,142,146,-4
124000112,457,925,-468
124000113,47,63,-16
124000114,228,767,-539
124000115,378,998,-620
124000116,68,78,-10
124000117,58,106,-48
124000118,32,44,-12
124000119,920,766,154
124000120,509,641,-132
124000121,1531,504,1027
124000122,678,1226,-548
124000123,732,368,364
124000124,484,1067,-583
124000125,361,393,-32
124000126,349,532,-183
124000127,648,392,256
124000128,637,1156,-519
124000129,1866,1351,515
124000130,823,639,184
124000131,834,532,302
124000132,851,810,41
124000133,659,828,-169
124000134,821,750,71
124000135,1555,1652,-97
124000136,1000,1119,-119
124000137,1267,774,493
124000138,1631,1184,447
124000139,412,19,393
124000140,27,447,-420
124000141,93,12,81
124000142,20,141,-121
124000143,18,9,9
124000144,4,60,-56
124000145,51,11,40
124000146,19,126,-107
124000148,17,22,-5
124000149,764,300,464
124000150,279,576,-297
124000151,632,271,361
124000152,798,1301,-503
124000153,843,489,354
124000154,719,908,-189
124000155,1144,622,522
124000156,1603,1216,387
124000169,167,311,-144
124000170,815,496,319
124000171,207,238,-31
124000172,422,758,-336
124000173,261,355,-94
124000174,287,988,-701
124000175,6,185,-179
124000176,26,5,21
124000177,12,54,-42
124000178,7,24,-17
124000190,192,42,150
124000191,429,70,359
124000192,2560,401,2159
124000193,572,1358,-786
124000194,334,597,-263
124000195,212,583,-371
124000196,938,1290,-352
124000197,35,72,-37
124000198,21,22,-1
124000201,377,1371,-994
124000202,476,190,286
124000203,149,1243,-1094
124000204,343,691,-348
124000205,45,843,-798
124000206,276,563,-287
124000207,3,63,-60
124000209,216,800,-584
124000210,175,222,-47
124000211,234,3,231
124000212,8,808,-800
124000213,188,433,-245
124000214,193,1106,-913
124000215,99,16,83
124000216,4,685,-681
124000329,112,3086,-2974
124000338,59,1798,-1739
124000339,322,158,164
124000341,492,101,391
124000344,19,5,14
124000357,857,1542,-685
124000358,644,1048,-404
124000359,788,437,351
124000360,413,359,54
124000361,1251,785,466
124000362,1887,2756,-869
124000363,282,558,-276
124000364,491,1011,-520
124000365,685,1316,-631
124000366,2081,988,1093
124000367,132,692,-560
124000368,279,187,92
124000369,135,72,63
124000370,89,1004,-915
124000402,20,8,12
124000403,26,8,18
124000404,3,136,-133
124000405,1077,735,342
124000406,1139,825,314
124000407,2,26,-24
124000411,7,490,-483
124000412,250,13,237
124000413,229,45,184
124000414,52,110,-58
124000415,47,252,-205
124000416,135,479,-344
124000417,123,104,19
124000418,88,140,-52
124000419,72,203,-131
124000420,29,90,-61
124000421,24,358,-334
124000422,19,17,2
124000423,90,60,30
124000424,1,152,-151
124000425,20,22,-2
124000426,3,82,-79
124000427,9,9,0
124000428,21,37,-16
124000429,28,67,-39
124000430,515,803,-288
124000431,245,886,-641
124000432,145,942,-797
124000439,1,5,-4
124000443,1,8,-7
124000445,218,633,-415
124000446,2826,85,2741
124900001,355,290,65
124900002,102,617,-515
124900003,533,587,-54
124900004,312,362,-50
124900005,239,309,-70
124900006,586,411,175
124900008,1137,488,649
124900009,148,197,-49
124900010,110,44,66
124900011,252,140,112
124900012,304,92,212
124900013,308,136,172
124900014,128,97,31
124900015,118,202,-84
124900016,40,80,-40
124900017,525,433,92
124900018,17,10,7
124900020,52,59,-7
124900021,118,41,77
124900022,23,12,11
124900024,162,7,155
124900026,84,5,79
124900027,38,221,-183
124900028,794,132,662
124900029,4,373,-369
124900030,3,181,-178
124900031,29,465,-436
124900032,276,165,111
124900033,49,480,-431
124900034,7,139,-132
124900035,186,530,-344
124900036,1,61,-60
124900037,206,399,-193
124900038,360,512,-152
124900039,2,39,-37
124900040,38,75,-37
124900041,230,1579,-1349
124900042,35,2,33
124900043,335,1560,-1225
124900044,38,2,36
124900045,770,959,-189
124900046,1982,293,1689
124900047,138,290,-152
124900048,132,198,-66
124900050,132,418,-286
124900052,114,477,-363
124900053,35,446,-411
124900054,3945,336,3609
124900055,0,126,-126
124900057,3,110,-107
124900060,44,272,-228
124900061,22,4,18
124900062,49,29,20
124900066,0,28,-28
124900067,5,213,-208
124900068,217,258,-41
124900070,42,15,27
124900072,53,18,35
124900075,136,254,-118
124900076,23,601,-578
124900077,19,146,-127
124900078,34,10,24
124900079,879,62,817
124900080,234,960,-726
124900081,628,261,367
124900082,404,1362,-958
124900083,197,660,-463
124900085,1423,290,1133
124900086,65,789,-724
124900087,687,111,576
124900088,778,114,664
124900089,1756,24,1732
124900090,201,199,2
124900091,222,796,-574
124900092,200,520,-320
124900093,179,241,-62
124900094,177,254,-77
124900095,95,372,-277
124900096,558,135,423
124900097,192,57,135
124900098,104,522,-418
124900099,778,482,296
124900100,343,38,305
124900101,17,512,-495
124900102,106,14,92
124900103,102,380,-278
124900104,36,190,-154
124900105,62,211,-149
124900106,293,28,265
124900107,45,26,19
124900108,150,32,118
124900111,0,63,-63
124900112,54,1104,-1050
124900113,88,137,-49
124900114,255,58,197
124900115,55,41,14
124900116,118,121,-3
124900117,718,153,565
124900118,187,165,22
124900119,269,109,160
124900120,37,484,-447
124900121,114,191,-77
124900122,739,268,471
124900123,411,81,330
124900124,151,213,-62
204000001,41,35,6
204000002,15,23,-8
204000003,32,9,23
204000004,7,0,7
204000005,473,380,93
204000006,925,1172,-247
204000011,7,62,-55
204000012,67,110,-43
204000019,455,535,-80
204000020,417,741,-324
204000021,2007,827,1180
204000022,501,572,-71
204000023,408,1220,-812
204000031,70,46,24
204000032,565,34,531
204000034,13,338,-325
204000035,2,7,-5
204000036,7,27,-20
204000037,1,20,-19
204000038,2,40,-38
204000039,6,54,-48
204000040,3,43,-40
204000041,5,69,-64
204000042,48,16,32
204000043,13,5,8
204000044,29,4,25
204000045,52,4,48
204000046,30,13,17
204000057,9,50,-41
204000062,15,121,-106
204000068,13,187,-174
204000069,17,257,-240
204000070,21,106,-85
204000080,23,59,-36
204000085,1620,1775,-155
204000086,3352,2126,1226
204000087,57,12,45
204000088,3,89,-86
204000090,11,460,-449
204000093,179,36,143
204000096,692,740,-48
204000097,239,20,219
204000099,832,1265,-433
204000100,902,1162,-260
204000105,2031,1811,220
204000110,725,1252,-527
204000111,249,875,-626
204000112,880,1029,-149
204000113,577,1064,-487
204000114,771,641,130
204000115,294,374,-80
204000116,1065,536,529
204000119,1633,1971,-338
204000132,395,222,173
204000133,532,234,298
204000134,277,129,148
204000135,331,106,225
204000136,222,230,-8
204000138,162,325,-163
204000140,118,107,11
204000141,94,64,30
204000144,4,14,-10
204000145,442,38,404
204000146,21,523,-502
204000147,20,145,-125
204000148,221,23,198
204000154,6,5,1
204000155,4,17,-13
204000177,105,54,51
204000179,18,2,16
204000180,0,35,-35
204000222,7,52,-45
204000235,7,6,1
204000236,106,391,-285
204000238,14,56,-42
204000240,302,77,225
204000263,560,1448,-888
204000268,1109,604,505
204000308,216,12,204
204000317,7,91,-84
204000322,5,43,-38
204000323,17,12,5
204000328,238,69,169
204000329,55,103,-48
204000330,145,34,111
204000331,16,163,-147
204010341,14,368,-354
205000001,1278,1532,-254
205000013,20,113,-93
205000014,15,161,-146
205000015,39,266,-227
205000016,24,195,-171
205000017,33,116,-83
205000022,313,626,-313
205000025,1656,1088,568
205000029,193,6,187
205000045,104,244,-140
205000046,88,656,-568
205000047,100,603,-503
205000048,202,1179,-977
205000049,161,939,-778
205000050,1388,375,1013
205000059,2,292,-290
205000060,1,85,-84
205000061,4,111,-107
205000062,6,103,-97
205000063,14,76,-62
205000064,38,157,-119
205000065,88,847,-759
205000066,113,873,-760
205000067,30,1179,-1149
205000069,148,22,126
205000082,166,303,-137
205000110,59,224,-165
205000111,219,271,-52
205000112,85,159,-74
205000113,245,275,-30
205000121,195,73,122
205000123,84,238,-154
205000126,330,96,234
205000127,622,173,449
205000128,440,99,341
205000129,511,95,416
205000130,326,47,279
205000131,536,11,525
205000132,472,1,471
205000133,254,0,254
205000134,133,2,131
205000137,161,163,-2
205000138,254,355,-101
205000139,17,113,-96
205000144,66,42,24
205000145,353,180,173
205000151,176,38,138
205000152,125,47,78
205000153,165,32,133
205000154,82,84,-2
205000155,60,16,44
205000207,11,132,-121
205000233,79,38,41
205000234,0,2,-2
205000243,1,1,0
205000244,0,3,-3
205000245,11,349,-338
205000249,0,37,-37
205000250,1,1,0
205000264,2,93,-91
206000027,12,3,9
206000028,2,1,1
206000043,13,153,-140
206000053,2,15,-13
206000054,3,35,-32
206000055,2,33,-31
206000075,1,3,-2
206000076,22,13,9
206000077,6,4,2
206000078,3,3,0
206000079,13,1,12
206000082,522,19,503
206000100,75,821,-746
206000103,3,20,-17
206000104,4,28,-24
206000105,5,23,-18
206000106,17,24,-7
206000108,539,24,515
206000125,33,0,33
206000157,105,894,-789
206000170,2,320,-318
206000171,2,315,-313
206000172,9,1456,-1447
206000173,4,486,-482
206000174,4,187,-183
206000175,4,306,-302
206000176,16,538,-522
206000177,4,308,-304
206000178,2,273,-271
206000179,7,151,-144
206000180,21,247,-226
206000181,25,437,-412
206000182,28,439,-411
206000183,26,1258,-1232
206000184,12,579,-567
206000185,7,534,-527
206000186,104,2319,-2215
206000223,5,434,-429
206000226,24,10,14
206000227,32,4,28
206000237,35,541,-506
206000238,53,875,-822
206000239,697,3025,-2328
206000240,0,59,-59
206000241,0,141,-141
206000242,12,788,-776
206000243,14,650,-636
206000244,61,1544,-1483
206000245,323,33,290
206000246,58,8,50
206000247,89,5,84
206000248,151,14,137
206000252,64,13,51
206000258,18,58,-40
206000315,13,3,10
206000317,243,81,162
206000318,156,45,111
206000319,526,63,463
206000320,56,19,37
206000321,58,10,48
206000322,147,7,140
206000323,109,5,104
206000324,59,8,51
206000325,125,8,117
206000326,99,5,94
206000327,167,13,154
206000328,47,1,46
206000329,98,8,90
206000330,37,4,33
206000331,81,4,77
206000332,15,6,9
206000333,203,3,200
206000334,133,1,132
206000335,0,18,-18
206000361,4,255,-251
206000392,2,32,-30
206000405,92,1,91
206000441,16,15,1
206000498,34,3,31
206000515,105,20,85
206000530,76,44,32
206000531,115,44,71
206000532,3056,86,2970
206000535,550,2412,-1862
206000536,13,321,-308
206000537,14,235,-221
206000613,1244,163,1081
207000001,138,452,-314
207000002,79,343,-264
207000003,101,240,-139
207000007,520,236,284
207000008,37,8,29
207000009,60,42,18
207000010,525,772,-247
207000012,248,239,9
207000015,387,2288,-1901
207000019,152,106,46
207000021,493,141,352
207000022,112,84,28
207000023,113,23,90
207000024,0,11,-11
207000025,5,35,-30
207000026,99,52,47
207000027,10,74,-64
207000028,70,305,-235
207000029,302,537,-235
207000033,203,255,-52
207000034,220,83,137
207000039,215,146,69
207000040,151,130,21
207000041,56,54,2
207000042,222,81,141
207000043,163,209,-46
207000051,114,520,-406
207000052,18,300,-282
207000053,398,788,-390
207000054,19,153,-134
207000055,87,226,-139
207000056,208,463,-255
207000057,117,334,-217
207000058,86,526,-440
207000059,60,993,-933
207000060,23,320,-297
207000061,97,170,-73
207000062,167,63,104
207000063,182,179,3
207000064,264,186,78
207000065,281,251,30
207000066,122,232,-110
207000067,36,146,-110
207000068,103,96,7
207000069,627,382,245
207000082,61,414,-353
207000083,96,564,-468
207000084,148,207,-59
207000085,148,24,124
207000086,107,2,105
207000106,31,24,7
207000107,34,28,6
207000108,38,15,23
207000109,32,12,20
207000110,37,50,-13
207000111,92,122,-30
207000112,205,316,-111
207000114,9,34,-25
207000115,16,98,-82
207000116,13,392,-379
207000117,8,129,-121
207000118,1,124,-123
207000119,26,159,-133
207000123,190,25,165
207000124,79,19,60
207000125,39,24,15
207000126,81,42,39
207000134,29,264,-235
207000135,21,363,-342
207000148,42,159,-117
207000149,66,44,22
207000152,164,415,-251
207000153,1373,1107,266
207000154,695,131,564
207000159,86,421,-335
207000160,118,967,-849
207000238,0,96,-96
207000242,1,191,-190
207000248,18,37,-19
207000249,152,70,82
207000250,929,80,849
207000251,86,80,6
207000252,73,77,-4
207000278,44,93,-49
207000279,13,338,-325
207000280,207,73,134
207000281,64,1743,-1679
207000282,168,38,130
207000283,162,323,-161
207000284,42,73,-31
207000285,163,53,110
207000291,9,147,-138
207000304,75,43,32
207000306,49,422,-373
207000310,45,67,-22
207000353,172,3,169
207000356,12,26,-14
207000357,24,4,20
207000358,69,12,57
207000415,2,195,-193
207000417,17,5,12
207000418,94,175,-81
207000438,0,3,-3
207000439,1280,344,936
207000446,210,9,201
207000460,6,8,-2
207000466,171,246,-75
207000467,120,71,49
207000468,36,905,-869
207000476,1,126,-125
207000477,328,128,200
207000478,2,16,-14
207000523,0,18,-18
207000524,17,1,16
207000527,126,183,-57
207000530,223,4,219
207000531,195,14,181
207000532,96,31,65
207000534,673,66,607
207000535,70,268,-198
207000537,37,123,-86
207000540,10,249,-239
207000541,1,376,-375
207000548,10,382,-372
207000549,172,10,162
207000561,99,181,-82
207000562,54,245,-191
207000567,175,295,-120
207000568,75,118,-43
207000569,245,1648,-1403
207000584,523,228,295
207000585,98,233,-135
207000587,3,4,-1
207000616,0,325,-325
207000617,120,0,120
207900008,125,313,-188
208000001,378,635,-257
208000002,422,519,-97
208000003,687,595,92
208000004,931,676,255
208000005,16,18,-2
208000019,457,910,-453
208000020,165,440,-275
208000021,166,672,-506
208000022,583,931,-348
208000028,1304,920,384
208000033,405,884,-479
208000034,1133,1956,-823
208000037,598,68,530
208000040,78,191,-113
208000041,816,526,290
208000042,547,563,-16
208000047,79,434,-355
208000064,2839,1275,1564
208000066,1530,1010,520
208000070,240,474,-234
208000071,318,967,-649
208000072,305,1414,-1109
208000080,180,348,-168
208000081,190,218,-28
208000082,233,434,-201
208000083,110,472,-362
208000084,14,29,-15
208000085,930,682,248
208000086,444,980,-536
208000087,301,896,-595
208000089,720,840,-120
208000090,717,1314,-597
208000093,71,130,-59
208000094,384,613,-229
208000095,532,393,139
208000104,908,1015,-107
208000105,594,1108,-514
208000114,52,167,-115
208000115,545,429,116
208000116,246,931,-685
208000117,73,149,-76
208000118,63,119,-56
208000155,561,1062,-501
208000158,1734,2949,-1215
208000186,3595,2288,1307
208000204,375,1055,-680
208000205,854,1556,-702
208000282,4764,1795,2969
209000004,150,194,-44
209000005,13,33,-20
209000006,531,104,427
209000007,256,237,19
209000010,562,140,422
209000011,146,214,-68
209000012,130,246,-116
209000013,182,696,-514
209000014,762,1895,-1133
209000025,199,31,168
209000026,552,96,456
209000027,377,1235,-858
209000028,308,1185,-877
209000029,707,1078,-371
209000030,620,2118,-1498
209000031,4723,3289,1434
209000034,131,179,-48
209000035,97,163,-66
209000036,102,103,-1
209000037,155,195,-40
209000038,77,167,-90
209000039,69,147,-78
209000040,250,518,-268
209000041,182,409,-227
209000042,199,399,-200
209000043,683,706,-23
209000044,227,577,-350
209000045,885,502,383
209000046,335,532,-197
209000047,240,235,5
209000048,380,266,114
209000049,158,191,-33
209000050,189,316,-127
209000051,351,454,-103
209000052,156,458,-302
209000062,43,230,-187
209000063,19,157,-138
209000064,23,178,-155
209000065,31,34,-3
209000066,25,32,-7
209000067,38,52,-14
209000080,14,197,-183
209000082,41,50,-9
209000091,41,92,-51
209000093,105,59,46
209000094,216,182,34
209000110,27,68,-41
209000111,367,1020,-653
209000112,683,471,212
209000113,1186,404,782
209000114,253,377,-124
209000115,66,258,-192
209000116,992,782,210
209000118,7,49,-42
209000119,34,16,18
209000121,178,798,-620
209000135,79,95,-16
209000142,715,972,-257
209000143,75,72,3
209000144,64,79,-15
209000229,228,203,25
209000240,46,536,-490
209000259,123,148,-25
209000260,137,1208,-1071
209000261,29,739,-710
209000262,5,639,-634
209000263,1,195,-194
209000264,0,189,-189
209000265,332,0,332
209000266,66,1,65
209000267,417,5,412
209000268,756,29,727
210000037,57,22,35
210000047,50,51,-1
210000048,56,43,13
210000049,70,31,39
210000052,30,182,-152
210000053,11,121,-110
210000054,45,111,-66
210000070,82,0,82
210000071,42,1,41
210000072,14,0,14
210000073,0,27,-27
210000074,1,109,-108
210000075,0,50,-50
210000076,7,137,-130
210000077,35,34,1
210000078,36,31,5
210000079,60,10,50
210000080,139,60,79
210000081,141,11,130
210000082,63,2,61
210000083,65,0,65
210000084,39,0,39
210000085,3,99,-96
210000086,7,162,-155
210000099,34,248,-214
210000100,43,254,-211
210000101,65,281,-216
210000105,39,225,-186
210000159,2,138,-136
210000163,225,275,-50
210000164,445,119,326
210000168,171,32,139
210000187,0,20,-20
210000188,2,23,-21
210000214,200,0,200
210000219,29,67,-38
210000220,34,90,-56
210000232,6,30,-24
210000233,15,66,-51
210000234,38,173,-135
210000235,38,128,-90
210000245,1,59,-58
210000246,56,2,54
210000258,10,137,-127
210000259,209,32,177
210000282,57,217,-160
210000285,3,118,-115
210000286,18,207,-189
210000290,3,4,-1
210000295,27,242,-215
210000296,55,74,-19
210000320,127,161,-34
210000321,110,103,7
210000338,81,135,-54
210000339,626,966,-340
210000340,81,267,-186
210000341,180,257,-77
210000342,130,162,-32
210000343,200,260,-60
210000344,272,99,173
210000345,223,185,38
210000346,70,133,-63
210000347,164,41,123
210000348,156,24,132
210000349,120,28,92
210000350,76,75,1
210000351,94,170,-76
210000352,44,99,-55
210000353,33,119,-86
210000354,66,126,-60
210000355,39,106,-67
210000356,72,57,15
210000357,76,61,15
210000358,353,158,195
210000359,123,57,66
210000360,161,105,56
210000361,128,152,-24
210000362,175,197,-22
210000363,943,139,804
210000364,117,141,-24
210000365,77,51,26
210000366,106,78,28
210000367,55,25,30
210000368,132,22,110
210000369,29,22,7
210000370,64,84,-20
210000372,38,42,-4
210000373,124,11,113
210000374,49,12,37
210000375,17,112,-95
210000376,60,172,-112
210000404,127,153,-26
210000439,61,75,-14
210000472,120,3,117
210000482,65,52,13
210000564,682,225,457
210000567,2,24,-22
210000568,640,8,632
211000092,25,76,-51
211000094,6,15,-9
211000169,154,15,139
211000172,24,212,-188
211000209,1,17,-16
211000226,13,31,-18
211000270,28,10,18
211000275,16,26,-10
211000276,60,44,16
211000279,2,57,-55
211000281,27,88,-61
211507980,0,21,-21
211977296,9,3,6
212000003,123,61,62
212000004,103,18,85
212000005,33,14,19
212000006,27,72,-45
212000008,140,245,-105
212000009,17,152,-135
212000012,50,82,-32
212000013,6,59,-53
212000014,266,170,96
212000015,187,306,-119
212000016,424,571,-147
212000027,389,436,-47
212000028,241,406,-165
212000029,127,298,-171
212000030,24,25,-1
212000031,34,77,-43
212000048,15,117,-102
212000049,11,62,-51
212000050,22,10,12
212000051,151,253,-102
212000052,134,479,-345
212000053,342,633,-291
212000054,126,134,-8
212000055,205,303,-98
212000056,11,45,-34
212000057,6,57,-51
212000058,315,44,271
212000070,68,369,-301
212000077,106,741,-635
212000099,209,266,-57
212000108,207,237,-30
212000111,143,154,-11
212000120,134,122,12
212000138,92,15,77
212000156,2,108,-106
212000158,24,16,8
212000159,212,54,158
212000160,397,232,165
212000161,22,13,9
212000310,24,17,7
212000311,8,91,-83
212000374,26,6,20
213000001,31,897,-866
213000005,271,124,147
213000006,1238,203,1035
213000007,46,10,36
213000009,561,245,316
213000010,146,263,-117
213000011,234,103,131
213000012,121,490,-369
213000014,47,14,33
213000015,166,4,162
213000016,224,1,223
213000017,25,0,25
213000018,1,253,-252
213000019,1,205,-204
213000020,99,439,-340
213000021,8,129,-121
213000023,225,199,26
213000033,271,975,-704
213000034,571,395,176
213000035,86,204,-118
213000045,139,265,-126
213000046,130,211,-81
213000047,567,887,-320
213000056,109,25,84
213000069,53,2,51
213000073,1,29,-28
213000074,291,698,-407
213000075,417,7,410
213000076,9,0,9
213000085,4,53,-49
213000086,9,268,-259
213000091,76,5,71
213000092,77,14,63
213000099,166,984,-818
213000100,1283,205,1078
213000101,155,167,-12
213000102,225,566,-341
213000103,667,1013,-346
213000104,50,590,-540
213000105,0,66,-66
213000106,24,275,-251
213000107,102,867,-765
213000108,11,659,-648
213000109,2,365,-363
213000110,15,132,-117
213000111,11,88,-77
213000112,231,144,87
213000115,33,14,19
213000116,190,994,-804
213000117,12,1310,-1298
213000118,278,370,-92
213000119,65,1138,-1073
213000120,118,1121,-1003
213000122,254,1074,-820
213000123,1022,2128,-1106
213000124,74,2188,-2114
213000125,142,11,131
213000126,116,82,34
213000127,206,175,31
213000128,1044,806,238
213000129,610,329,281
213000130,318,137,181
213000132,182,73,109
213000133,235,102,133
213000134,619,33,586
213000136,323,18,305
213000137,446,50,396
213000139,352,14,338
213000147,32,2,30
213000148,30,11,19
213000149,30,3,27
213000150,1,78,-77
213000151,0,101,-101
213000152,1,82,-81
213000153,0,49,-49
213000154,32,263,-231
213000155,19,484,-465
213000156,80,903,-823
213000157,850,732,118
213000158,292,872,-580
213000159,465,726,-261
213000163,413,86,327
213000165,785,214,571
213000171,0,188,-188
213000172,6,466,-460
213000173,1,325,-324
213000174,2,252,-250
213000175,2,175,-173
213000176,16,21,-5
213000177,33,1,32
213000178,74,2,72
213000179,153,1,152
213000180,70,1,69
213000184,97,645,-548
213000188,280,73,207
213000189,190,29,161
213000190,717,1020,-303
213000191,201,766,-565
213000192,167,844,-677
213000193,1820,249,1571
213000194,0,34,-34
213000195,21,538,-517
213000196,227,1140,-913
213000197,285,386,-101
213000198,18,0,18
213000200,112,1365,-1253
213000201,144,59,85
213000202,17,1016,-999
213000203,3560,493,3067
213000204,508,34,474
213000205,237,41,196
213000206,305,57,248
213000207,34,18,16
213000208,94,1,93
213000209,93,0,93
213000210,358,5,353
213000211,5,14,-9
213000212,10,31,-21
213000213,3,21,-18
213000218,195,1161,-966
213000219,402,7,395
213000220,332,12,320
213000223,163,168,-5
213000224,39,25,14
213000225,94,3,91
213000226,29,9,20
213000227,524,186,338
213000228,203,52,151
213000229,438,9,429
213000230,201,22,179
213000232,104,482,-378
213000233,2,31,-29
213000234,8,63,-55
213000293,8,67,-59
213000294,120,13,107
213000295,9,72,-63
213000296,72,24,48
213000297,7,101,-94
213000298,19,115,-96
213000299,65,43,22
213000300,13,11,2
213000303,11,38,-27
213000304,2,5,-3
213000305,5,7,-2
213000306,71,27,44
213000307,281,72,209
213000308,100,367,-267
213000309,322,67,255
213000310,252,85,167
213000311,385,763,-378
213000315,101,181,-80
213000316,84,62,22
213000322,81,170,-89
213000323,36,110,-74
213000324,26,71,-45
213000325,13,153,-140
213000326,31,35,-4
213000327,12,83,-71
213000328,21,89,-68
213000329,44,56,-12
213000340,108,1202,-1094
213000341,251,87,164
213000346,243,131,112
213000347,966,189,777
213000348,7,285,-278
213000349,76,18,58
213000350,260,1943,-1683
213000366,56,386,-330
213000367,151,28,123
213000379,135,365,-230
213000386,10,253,-243
213000406,117,494,-377
213000417,1106,413,693
213000425,105,71,34
213000426,53,92,-39
213000427,24,542,-518
213000428,27,308,-281
213000429,9,1,8
213000430,143,1350,-1207
213000431,147,4,143
213000432,1,20,-19
213000433,10,163,-153
213000434,69,144,-75
213000435,89,108,-19
213000436,16,113,-97
213000437,1,28,-27
213000438,83,102,-19
213000439,24,10,14
213000440,4,200,-196
213000441,7,2,5
213000442,0,46,-46
213000443,385,423,-38
213000444,33,90,-57
213000445,0,122,-122
213000446,0,10,-10
213000447,9,20,-11
213000448,4,93,-89
213000449,169,1,168
213000450,12,45,-33
213000451,222,110,112
213000452,9,19,-10
213000453,50,470,-420
213000455,268,3,265
213000456,0,229,-229
213000481,15,6,9
213000482,37,5,32
213000489,580,45,535
213000491,1,114,-113
213000492,188,2,186
213000493,0,66,-66
213000494,163,162,1
213000495,0,173,-173
213000496,275,314,-39
213000497,42,426,-384
213000498,117,360,-243
213000499,113,961,-848
213000500,299,144,155
213000501,96,28,68
213000502,177,49,128
213000503,1,67,-66
213000504,14,265,-251
213000505,20,2,18
213000506,1,14,-13
213000507,4,197,-193
213900016,0,7,-7
213900244,7,2,5
213900245,0,44,-44
218000003,20,35,-15
218000004,34,36,-2
218000005,32,28,4
218000006,75,23,52
218000007,5,8,-3
218000012,242,132,110
218000013,93,129,-36
218000014,574,419,155
218000019,855,499,356
218000020,256,372,-116
218000021,27,112,-85
218000022,7,53,-46
218000023,0,60,-60
218000024,1,51,-50
218000025,10,46,-36
218000026,8,57,-49
218000027,1,28,-27
218000028,0,7,-7
218000029,5,11,-6
218000030,20,43,-23
218000031,6,72,-66
218000032,2,36,-34
218000040,4,3,1
218000046,39,240,-201
218000047,8,252,-244
218000048,85,266,-181
218000049,260,218,42
218000050,493,345,148
218000051,60,373,-313
218000052,0,117,-117
218000053,8,12,-4
218000054,51,28,23
218000055,6,16,-10
218000056,16,44,-28
218000057,5,30,-25
218000064,2,4,-2
218000065,48,64,-16
218000066,5,43,-38
218000067,34,105,-71
218000068,98,92,6
218000069,105,209,-104
218000070,111,278,-167
218000071,143,256,-113
218000072,239,285,-46
218000078,528,1492,-964
218000079,37,63,-26
218000080,54,68,-14
218000081,191,272,-81
218000082,24,149,-125
218000083,36,67,-31
218000084,81,225,-144
218000085,97,502,-405
218000086,57,178,-121
218000087,148,292,-144
218000090,6,80,-74
218000091,961,509,452
218000092,71,160,-89
218000093,71,88,-17
218000094,488,918,-430
218000099,310,466,-156
218000100,191,246,-55
218000101,169,172,-3
218000102,169,347,-178
218000103,102,244,-142
218000104,35,56,-21
218000105,18,9,9
218000106,18,14,4
218000107,33,88,-55
218000108,4,59,-55
218000112,54,12,42
218000117,29,23,6
218000134,486,861,-375
218000135,13,119,-106
218000136,167,60,107
218000137,100,159,-59
218000138,4,101,-97
218000139,119,384,-265
218000140,181,248,-67
218000141,46,94,-48
218000142,114,318,-204
218000143,51,348,-297
218000144,24,120,-96
218000145,280,426,-146
218000146,79,170,-91
218000151,6,22,-16
218000152,42,50,-8
218000153,4,3,1
218000154,5,1,4
218000155,17,2,15
218000156,32,24,8
218000157,7,7,0
218000158,3,5,-2
218000159,2,3,-1
218000160,2,4,-2
218000161,12,3,9
218000162,16,13,3
218000163,3,3,0
218000164,18,18,0
218000165,19,17,2
218000170,2,36,-34
218000171,30,14,16
218000172,33,49,-16
218000173,88,34,54
218000174,12,5,7
218000176,90,18,72
218000177,273,135,138
218000178,67,121,-54
218000179,41,41,0
218000180,40,17,23
218000181,93,35,58
218000187,6,21,-15
218000188,40,61,-21
218000189,12,79,-67
218000190,7,30,-23
218000191,56,98,-42
218000192,99,569,-470
218000193,322,723,-401
218000194,63,623,-560
218000195,124,88,36
218000196,225,295,-70
218000197,175,381,-206
218000198,4,123,-119
218000199,21,23,-2
218000200,109,43,66
218000201,10,12,-2
218000202,157,151,6
218000207,9,69,-60
218000208,34,98,-64
218000211,45,8,37
218000212,1,6,-5
218000213,108,83,25
218000214,2,16,-14
218000215,35,103,-68
218000217,2,131,-129
218000218,255,69,186
218000219,42,16,26
218000220,103,362,-259
218000221,812,148,664
218000222,21,12,9
218000223,9,103,-94
218000224,4,83,-79
218000225,147,15,132
218000226,44,46,-2
218000230,0,6,-6
218000232,38,73,-35
218000239,60,4,56
218000240,25,2,23
218000241,4,1,3
218000242,76,1,75
218000243,22,0,22
218000244,5,3,2
218000245,18,3,15
218000246,0,1,-1
218000247,0,0,0
218000248,1,28,-27
218000249,0,4,-4
218000250,3,41,-38
218000251,2,21,-19
218000252,3,13,-10
218000253,31,12,19
218000254,0,22,-22
218000255,1,15,-14
218000256,17,47,-30
218000267,950,1209,-259
218000268,7,60,-53
218000269,5,20,-15
218000270,30,103,-73
218000271,36,104,-68
218000273,7,17,-10
218000274,7,8,-1
218000275,13,54,-41
218000276,12,71,-59
218000278,13,20,-7
218000279,36,62,-26
218000280,12,44,-32
218000281,28,16,12
218000282,455,222,233
218000284,132,14,118
218000301,78,102,-24
218000302,55,68,-13
218000303,71,50,21
218000316,557,1092,-535
218000317,614,1151,-537
218000318,365,920,-555
218000319,720,1947,-1227
218000320,504,873,-369
218000338,35,20,15
218000345,138,52,86
218000346,53,127,-74
218000459,89,354,-265
218000490,38,50,-12
218000501,36,35,1
218000502,53,112,-59
218000503,37,10,27
218000504,145,11,134
218000505,35,183,-148
218000506,21,213,-192
218000508,3,4,-1
218000510,212,10,202
218000520,120,111,9
218000521,0,86,-86
218000522,0,181,-181
218000523,87,2,85
218000524,49,154,-105
218000525,83,14,69
218000526,63,102,-39
218000529,55,289,-234
218000530,5,6,-1
218000531,7,25,-18
218000532,9,27,-18
218000534,63,14,49
218000537,21,28,-7
218000538,149,224,-75
218000540,411,81,330
218000543,105,51,54
218000544,48,143,-95
218000545,26,72,-46
218000546,59,145,-86
218000547,51,86,-35
218000548,102,259,-157
218000549,323,159,164
218000550,262,660,-398
218000551,194,490,-296
218000552,703,43,660
218000553,41,98,-57
218000554,15,38,-23
218000555,13,72,-59
218000556,74,522,-448
218000557,172,173,-1
218000558,44,1,43
218000559,0,26,-26
218000560,0,13,-13
218000561,17,1,16
218000562,20,183,-163
218000563,110,26,84
218000564,19,123,-104
218000565,112,29,83
218000566,603,44,559
218000567,2,62,-60
218000568,5,2,3
218000569,3,120,-117
218000570,283,10,273
218000571,0,118,-118
218000572,78,2,76
218000573,29,99,-70
218000574,153,46,107
218000575,117,0,117
218000576,2,71,-69
218000577,21,0,21
218000578,2,80,-78
218000579,71,4,67
218000581,4,79,-75
218000582,37,5,32
218000583,2,0,2
218000584,0,15,-15
218000585,8,1,7
218000586,2,22,-20
218000587,6,1,5
218000588,2,0,2
218000589,0,0,0
218000590,0,0,0
218000591,1,2,-1
218000592,3,0,3
218000593,0,0,0
218000594,1,0,1
218000597,0,0,0
218000598,0,0,0
218000599,0,0,0
218000600,0,0,0
218000601,0,0,0
218000602,0,2,-2
218000603,0,4,-4
218000604,4,0,4
218000605,0,25,-25
218000606,30,0,30
218000607,6,51,-45
218000608,42,8,34
218000609,6,78,-72
218000610,25,2,23
218000611,11,4,7
218000612,3,17,-14
218000613,39,2,37
218000614,2,56,-54
218000615,74,2,72
218000616,7,142,-135
218000617,2,3,-1
218000618,0,19,-19
218000619,15,24,-9
218000620,2,166,-164
218000621,0,1,-1
218000622,0,36,-36
218000623,23,0,23
218000624,0,21,-21
218000625,1,2,-1
218000626,0,10,-10
218000628,71,51,20
218000631,43,32,11
218000632,2,143,-141
218000633,20,1,19
218000634,35,21,14
218000635,58,13,45
218000636,560,1781,-1221
218000637,1140,695,445
218000638,83,62,21
218000639,16,287,-271
218000640,81,28,53
218000641,54,544,-490
218000652,99,137,-38
218000653,151,90,61
218000663,1,113,-112
218000675,48,59,-11
218000676,0,45,-45
218000677,6,13,-7
218000680,168,732,-564
218000681,258,102,156
218000691,120,527,-407
218000693,78,114,-36
218000703,11,108,-97
218000718,1181,470,711
218000719,1582,137,1445
218000720,10,36,-26
218000721,30,16,14
218000725,4,7,-3
218001147,3,246,-243
218001214,22,23,-1
218001258,44,1,43
218001329,72,119,-47
218001330,163,128,35
218001351,19,17,2
218001352,6,8,-2
218001353,9,14,-5
218001354,3,20,-17
218001355,10,558,-548
218001356,159,6,153
218001357,11,308,-297
218001358,117,2,115
218001361,90,14,76
218001362,0,266,-266
219000001,38,72,-34
219000002,31,87,-56
219000003,33,34,-1
219000004,40,34,6
219000017,124,25,99
219000020,50,14,36
219000022,83,4,79
219000023,45,1,44
219000029,1,121,-120
219000034,16,4,12
219000039,32,52,-20
219000040,35,16,19
219000041,56,54,2
219000051,0,73,-73
219000052,2,41,-39
219000053,3,334,-331
219000054,17,191,-174
219000055,68,2,66
219000056,13,0,13
219000057,30,0,30
219000062,15,309,-294
219000063,28,3,25
219000064,1,49,-48
219000110,279,37,242
219000111,110,29,81
219000112,162,48,114
219000113,77,37,40
219000114,250,44,206
219000116,73,29,44
219000117,165,88,77
219000118,78,63,15
219000123,228,72,156
219000124,46,44,2
219000125,5,23,-18
219000126,51,131,-80
219000127,0,5,-5
219000128,5,103,-98
219000129,23,132,-109
219000130,904,940,-36
219000131,834,968,-134
219000133,35,16,19
219000134,11,24,-13
219000135,23,40,-17
219000136,121,153,-32
219000138,68,23,45
219000139,18,48,-30
219000140,24,3,21
219000141,25,125,-100
219000142,12,95,-83
219000143,14,126,-112
219000145,18,36,-18
219000146,10,82,-72
219000147,1,55,-54
219000148,4,92,-88
219000149,30,247,-217
219000150,3,177,-174
219000151,2,137,-135
219000157,82,113,-31
219000158,112,248,-136
219000161,121,6,115
219000163,1504,457,1047
219000166,46,185,-139
219000167,65,232,-167
219000168,317,70,247
219000174,280,84,196
219000175,31,1,30
219000176,43,7,36
219000177,9,0,9
219000178,28,0,28
219000179,7,6,1
219000180,63,36,27
219000182,85,4,81
219000183,38,70,-32
219000184,38,3,35
219000185,1,106,-105
219000186,18,72,-54
219000187,7,196,-189
219000189,175,120,55
219000190,128,221,-93
219000191,1701,1028,673
219000192,115,99,16
219000193,598,151,447
219000195,2,77,-75
219000196,11,151,-140
219000198,43,144,-101
219000199,135,166,-31
219000200,27,195,-168
219000201,74,275,-201
219000203,23,180,-157
219000204,94,227,-133
219000205,36,275,-239
219000207,185,317,-132
219000209,26,114,-88
219000210,61,132,-71
219000213,8,355,-347
219000239,158,255,-97
219000240,193,388,-195
219000241,97,308,-211
219000242,60,274,-214
219000243,72,344,-272
219000244,16,112,-96
219000245,89,39,50
219000246,15,12,3
219000247,67,28,39
219000248,348,219,129
219000249,107,65,42
219000250,116,103,13
219000251,381,150,231
219000252,214,126,88
219000253,161,43,118
219000255,70,71,-1
219000256,72,67,5
219000257,50,0,50
219000262,45,304,-259
219000263,27,298,-271
219000267,5,179,-174
219000268,1,13,-12
219000269,1,0,1
219000270,9,0,9
219000271,48,8,40
219000278,0,11,-11
219000279,1,0,1
219000283,0,12,-12
219000295,9,115,-106
219000296,85,613,-528
219000297,18,196,-178
219000298,13,245,-232
219000299,378,55,323
219000300,18,362,-344
219000301,204,361,-157
219000302,29,193,-164
219000307,28,47,-19
219000308,29,20,9
219000311,110,33,77
219000312,351,33,318
219000313,151,36,115
219000314,125,618,-493
219000315,150,29,121
219000316,222,24,198
219000317,44,11,33
219000320,0,51,-51
219000321,0,36,-36
219000323,1,112,-111
219000325,2,55,-53
219000326,51,139,-88
219000327,47,32,15
219000328,32,64,-32
219000329,244,110,134
219000330,69,24,45
219000331,16,40,-24
219000332,56,106,-50
219000333,8,3,5
219000335,70,5,65
219000337,6,1,5
219000338,25,0,25
219000344,26,95,-69
219000345,66,141,-75
219000346,20,182,-162
219000348,73,214,-141
219000349,35,336,-301
219000350,50,86,-36
219000351,7,5,2
219000352,279,74,205
219000353,63,38,25
219000354,110,117,-7
219000355,86,21,65
219000356,1975,527,1448
219000363,328,15,313
219000364,68,13,55
219000365,70,11,59
219000366,207,122,85
219000368,354,349,5
219000370,968,236,732
219000371,4,13,-9
219000382,8,10,-2
219000383,821,704,117
219000385,692,555,137
219000386,1061,1445,-384
219000387,1,20,-19
219000390,3,0,3
219000391,1,0,1
219000397,73,85,-12
219000398,66,29,37
219000401,7,132,-125
219000402,25,104,-79
219000403,107,204,-97
219000404,15,106,-91
219000407,6,27,-21
219000409,29,36,-7
219000410,46,26,20
219000411,36,15,21
219000446,267,540,-273
219000447,2,23,-21
219000448,9,3,6
219000452,104,66,38
219000453,69,129,-60
219000454,281,195,86
219000556,117,58,59
219000558,196,350,-154
219000590,13,230,-217
219000591,27,48,-21
219000592,99,452,-353
219000595,1,48,-47
219000635,57,13,44
219000636,16,88,-72
219000657,17,20,-3
219000658,19,58,-39
219000673,0,16,-16
219000676,25,0,25
219000679,12,10,2
219000684,63,3,60
219000685,1,98,-97
219000686,2,2,0
219000688,0,79,-79
219000689,35,209,-174
219000690,195,25,170
219000691,71,101,-30
219000692,161,40,121
219000693,0,30,-30
219000694,8,0,8
219000695,17,5,12
219000698,27,0,27
219000699,0,21,-21
219000727,7,273,-266
219000728,51,1,50
219000770,20,0,20
219000771,0,57,-57
219000788,273,198,75
219001150,1,20,-19
219001151,0,7,-7
219001166,18,13,5
219001167,0,55,-55
219001178,13,1,12
220000001,24,33,-9
220000002,8,243,-235
220000003,425,327,98
220000004,742,731,11
220000005,1684,1904,-220
220000006,126,882,-756
220000007,311,819,-508
220000008,345,1262,-917
220000009,157,689,-532
220000010,202,173,29
220000011,763,2528,-1765
220000012,174,254,-80
220000014,62,68,-6
220000015,33,232,-199
220000017,66,465,-399
220000018,6502,1523,4979
220000019,58,263,-205
220000020,215,288,-73
220000021,484,247,237
220000022,368,640,-272
220000023,142,167,-25
220000024,1782,304,1478
220000025,911,486,425
220000026,134,157,-23
220000027,12,111,-99
220000028,15,45,-30
220000029,66,164,-98
220000030,177,96,81
220000031,188,295,-107
220000064,26,1218,-1192
221000046,2,0,2
221000047,0,7,-7
221000048,0,0,0
221000049,0,16,-16
221000050,21,0,21
221000055,62,42,20
221000057,29,8,21
221000068,308,79,229
221000069,261,46,215
221000070,112,21,91
221000071,63,11,52
221000072,149,12,137
221000073,179,41,138
221000074,1,20,-19
221000075,21,15,6
221000076,10,33,-23
221000077,38,75,-37
221000081,22,5,17
221000082,28,14,14
221000083,35,7,28
221000084,5,5,0
221000085,17,49,-32
221000086,9,112,-103
221000087,1,177,-176
221000088,13,218,-205
221000089,44,276,-232
221000090,109,462,-353
221000098,87,14,73
221000099,87,14,73
221000100,37,6,31
221000101,156,9,147
221000102,91,13,78
221000109,7,95,-88
221000110,10,118,-108
221000111,19,167,-148
221000112,9,141,-132
221000113,12,209,-197
221000114,10,175,-165
221000120,30,36,-6
221000121,0,24,-24
221000122,13,25,-12
221000123,12,15,-3
221000124,18,309,-291
221000155,53,10,43
221000156,27,52,-25
221000175,0,10,-10
221000176,0,6,-6
221000182,25,5,20
221000241,578,189,389
221000242,214,308,-94
221000243,361,115,246
221000244,164,428,-264
221000245,35,93,-58
221000246,15,271,-256
221000247,71,114,-43
221000248,89,182,-93
221000267,52,892,-840
221000325,59,54,5
221000331,1,104,-103
221000338,9,11,-2
221000378,74,26,48
221000381,76,118,-42
222000282,6,1,5
222000296,3,20,-17
222000568,253,20,233
222000569,97,34,63
222000570,133,16,117
222000571,156,31,125
222000577,10,359,-349
222000578,25,258,-233
222000579,29,182,-153
222000580,133,929,-796
222000599,1,148,-147
222000600,3,354,-351
222000601,13,991,-978
222000603,6,19,-13
222000604,8,47,-39
222000605,26,15,11
222000606,2,7,-5
222000607,6,0,6
222000608,14,10,4
222000609,40,502,-462
222000616,92,35,57
222000617,9,10,-1
222000618,7,2,5
222000620,63,16,47
222000621,66,10,56
222000623,406,4,402
222000624,168,1,167
222000625,282,42,240
222000636,45,2,43
222000686,3,18,-15
222000687,9,27,-18
222001066,238,2,236
222001067,8,14,-6
222001068,22,47,-25
222001069,21,43,-22
222001082,12,74,-62
222001083,12,73,-61
222001084,0,53,-53
222001085,1,128,-127
222001111,22,339,-317
222001112,26,46,-20
222001313,13,4,9
222001314,2,92,-90
222001464,80,38,42
222001465,42,152,-110
222001484,63,60,3
222001485,19,75,-56
222001494,183,152,31
222001495,84,518,-434
222001496,115,66,49
222001497,51,805,-754
222001502,9,130,-121
222001503,57,38,19
222001504,23,320,-297
222001505,249,11,238
222001506,48,376,-328
222001507,192,19,173
222001510,191,40,151
222001511,47,507,-460
222001514,437,152,285
222001515,305,819,-514
222001518,98,75,23
222001519,39,476,-437
222001527,199,56,143
222001528,91,231,-140
222001529,111,51,60
222001530,56,336,-280
222001533,137,492,-355
222001534,142,32,110
222001535,48,103,-55
222001536,104,485,-381
222001537,312,33,279
222001538,36,667,-631
222001563,277,79,198
222001564,60,998,-938
222001568,228,125,103
222001576,2,0,2
222001579,0,5,-5
222001583,10,279,-269
222001584,67,8,59
222001596,623,1696,-1073
222001597,1159,217,942
222001626,2,224,-222
222001650,60,83,-23
222001651,64,170,-106
222001914,178,75,103
222001915,95,277,-182
222001968,460,177,283
222001969,450,1126,-676
222001970,104,367,-263
222001971,4,30,-26
222001972,0,33,-33
225000001,330,99,231
225000002,247,74,173
225000003,235,56,179
225000004,181,191,-10
225000005,15,43,-28
225000006,0,120,-120
225000007,3650,1258,2392
225000010,111,9,102
225000011,541,713,-172
225000012,112,419,-307
225000013,77,165,-88
225000014,666,59,607
225000015,78,228,-150
225000021,533,117,416
225000027,247,493,-246
225000032,496,103,393
225000042,65,707,-642
225000049,27,51,-24
225000050,53,8,45
225000053,7,221,-214
225000058,453,115,338
225000067,125,229,-104
225000068,81,685,-604
225000069,183,659,-476
225000070,53,595,-542
225000071,20,356,-336
225000075,21,763,-742
225000076,67,124,-57
225000078,49,20,29
225000085,22,112,-90
225000086,152,53,99
225000087,126,18,108
225000088,14,162,-148
225000089,325,729,-404
225000090,28,347,-319
225000091,84,250,-166
225000092,27,76,-49
225000093,119,468,-349
225000094,7,602,-595
225000095,330,769,-439
225000096,189,523,-334
225000098,405,120,285
225000099,209,84,125
225000100,133,74,59
225000104,55,437,-382
225000110,10,447,-437
225000111,154,1275,-1121
225000112,300,1092,-792
225000113,156,643,-487
225000114,37,293,-256
225000115,2534,617,1917
225000116,985,80,905
225000117,692,272,420
225000118,691,261,430
225000119,103,42,61
225000120,395,55,340
225000121,200,18,182
225000123,711,19,692
225000125,214,347,-133
225000126,974,179,795
225000127,1008,571,437
225000128,377,426,-49
225000132,238,33,205
225000133,214,37,177
225000134,476,97,379
225000135,17,11,6
225000136,127,7,120
225000137,102,42,60
225000138,226,28,198
225000143,66,150,-84
225000144,1,353,-352
225000145,31,23,8
225000146,24,104,-80
225000147,12,353,-341
225000148,8,292,-284
225000149,99,508,-409
225000151,25,279,-254
225000155,269,440,-171
225000156,141,806,-665
225000157,187,429,-242
225000158,77,362,-285
225000171,3,216,-213
225000180,22,0,22
225000181,0,36,-36
225000182,58,5,53
225000185,10,308,-298
225000187,39,396,-357
225000191,62,4,58
225000194,0,12,-12
225000208,3,59,-56
225000209,41,11,30
225000210,3,194,-191
225000217,0,10,-10
225000218,6,0,6
225000223,0,27,-27
225000224,286,0,286
225000225,0,16,-16
225000226,41,2,39
225000227,35,45,-10
225000228,9,0,9
225000229,1,67,-66
225000230,8,0,8
225000231,0,80,-80
225000232,54,0,54
225000241,44,1,43
225000242,0,25,-25
225000249,0,0,0
225000250,39,992,-953
225000251,328,28,300
225000254,0,0,0
225000256,1,19,-18
225000257,0,12,-12
226000042,346,420,-74
226000043,75,269,-194
226000044,166,734,-568
226000045,98,431,-333
226000046,282,40,242
226000047,314,57,257
226000048,272,33,239
226000049,193,81,112
226000070,0,50,-50
226000071,0,88,-88
226000072,1,15,-14
226000073,1,14,-13
226000074,0,8,-8
226000084,1,70,-69
226000085,0,3,-3
226000086,1,6,-5
226000087,0,5,-5
226000088,75,15,60
226000090,104,15,89
226000091,16,11,5
226000092,1,1,0
226000093,45,2,43
226000094,18,1,17
226000095,18,0,18
226000105,9,2,7
226000106,3,1,2
226000107,13,1,12
226000108,21,0,21
226000109,28,0,28
226000124,128,75,53
226000134,340,399,-59
226000135,659,593,66
226000136,228,344,-116
226000137,6,464,-458
226000138,14,251,-237
226000139,4,14,-10
226000156,61,1,60
226000157,71,7,64
226000163,36,42,-6
226000202,7,476,-469
226000231,140,10,130
226000232,29,5,24
227000033,195,42,153
227000036,128,21,107
227000037,91,15,76
227000038,75,15,60
227000084,2,55,-53
227000085,0,36,-36
227000088,23,1,22
227000089,55,1,54
227000090,32,2,30
227000091,3,0,3
227000092,7,0,7
227000093,23,0,23
227000094,2,0,2
227000130,24,64,-40
227000131,8,297,-289
227000132,12,263,-251
227000133,7,282,-275
227000134,15,419,-404
227000152,0,4,-4
227000153,0,35,-35
227000154,0,31,-31
227000155,0,16,-16
227000156,0,22,-22
227000165,2,25,-23
227000196,172,438,-266
227000199,113,764,-651
227000230,23,652,-629
227000232,140,13,127
227000242,53,481,-428
227000243,260,33,227
227000245,18,365,-347
227000246,73,478,-405
227000247,198,26,172
227000248,64,26,38
227000249,22,222,-200
227000250,264,92,172
227000251,144,213,-69
227000252,10,404,-394
227000253,60,9,51
227000262,180,18,162
227000266,425,12,413
227000267,31,2614,-2583
227000282,4,302,-298
227000284,163,20,143
227000286,1,126,-125
227000287,7,226,-219
227000291,23,807,-784
227000296,330,339,-9
227000484,296,14,282
227000485,26,862,-836
227000655,29,23,6
227000656,555,18,537
227000657,24,10,14
227000661,149,17,132
227000680,101,43,58
229000265,7,35,-28
229000296,13,10,3
229000297,3,56,-53
229000298,3,187,-184
229000320,4,15,-11
229000321,46,15,31
229000412,23,58,-35
229000414,8,34,-26
229000415,8,3,5
229000416,2,3,-1
229000417,0,2,-2
229000419,66,305,-239
229000440,219,52,167
229000442,12,2,10
229000443,2,3,-1
229000444,0,36,-36
229000445,20,1,19
229000446,30,10,20
229000491,0,26,-26
229000492,8,217,-209
229000493,2,162,-160
229000494,23,9,14
229000495,61,7,54
229000496,20,6,14
229000507,1,27,-26
229000508,1,43,-42
229000509,1,78,-77
229000510,1,31,-30
229000511,3,75,-72
229000512,0,65,-65
229000513,0,5,-5
229000514,1,2,-1
229000517,5,5,0
229000518,3,31,-28
229000519,0,12,-12
229000520,4,47,-43
229000521,8,19,-11
229000522,1,10,-9
229000523,3,15,-12
229000524,0,5,-5
229000527,1,0,1
229000528,1,1,0
229000529,6,0,6
229000530,58,1,57
229000531,32,2,30
229000532,26,3,23
229000533,83,0,83
229000534,71,0,71
229000564,34,0,34
229000565,10,1,9
229000566,0,26,-26
229000567,0,84,-84
229000582,127,1,126
229000583,13,1,12
229000584,0,46,-46
229000585,4,58,-54
229000718,0,4,-4
229000719,0,1,-1
229000720,0,16,-16
229000721,0,12,-12
229000722,0,48,-48
229000723,0,25,-25
229000724,0,1,-1
229000725,1,3,-2
229000738,0,0,0
229000739,0,0,0
229000740,0,0,0
229000741,2,0,2
229000742,10,0,10
229000743,2,0,2
229000744,1,0,1
229000745,1,0,1
229000746,29,0,29
229000847,15,0,15
229000848,5,0,5
229000849,61,0,61
229000851,11,0,11
229000854,0,68,-68
229000856,4,130,-126
229000857,0,38,-38
229000858,0,89,-89
229000919,15,76,-61
229000930,0,160,-160
229000937,72,12,60
229000966,42,26,16
229000981,11,48,-37
229000985,3,41,-38
229000986,1,8,-7
229000987,0,5,-5
229000988,0,15,-15
229000989,1,3,-2
229000990,0,0,0
229000991,1,1,0
229000992,2,9,-7
229000993,128,13,115
229000998,9,79,-70
229000999,50,8,42
229001034,0,15,-15
229001035,12,0,12
229001037,60,15,45
229001042,13,22,-9
229001047,8,77,-69
229001050,21,41,-20
229001168,0,4,-4
229001200,16,5,11
229001338,36,17,19
229001394,213,1,212
229001422,83,30,53
229001423,31,108,-77
229001431,24,30,-6
229001432,31,47,-16
229001444,83,63,20
229001445,28,195,-167
229001479,5,3,2
229001503,108,78,30
229001504,92,160,-68
229001505,47,47,0
229001506,42,177,-135
229001509,34,36,-2
229001545,52,6,46
229001546,6,90,-84
229001553,38,12,26
229001554,18,125,-107
229001559,8,11,-3
229001560,3,33,-30
229001630,63,17,46
229001631,8,50,-42
229001635,0,6,-6
229001636,0,0,0
229001658,1,86,-85
229001659,93,2,91
229001660,2,1,1
229001661,0,24,-24
229001662,28,0,28
229001663,0,32,-32
229002584,180,133,47
229002831,165,126,39
229002841,0,20,-20
229002842,4,21,-17
229002843,34,29,5
229002844,19,65,-46
229002845,28,75,-47
229002846,27,17,10
229002847,4,4,0
229002848,3,6,-3
229002849,1,70,-69
229002850,6,0,6
229002851,27,115,-88
229002852,57,35,22
229002853,52,16,36
229002854,28,55,-27
229002855,1,42,-41
229002856,16,15,1
229002857,1,83,-82
229002858,5,5,0
229002859,24,57,-33
229002860,18,43,-25
229002861,28,27,1
229002862,19,45,-26
229002863,11,30,-19
229002864,14,19,-5
229002865,9,7,2
229002866,33,20,13
229002867,1,32,-31
229002868,14,9,5
229002869,4,155,-151
229002870,12,7,5
235000066,270,49,221
235000067,104,77,27
235000072,34,49,-15
235000073,57,208,-151
235000074,16,124,-108
235000080,14,97,-83
235000081,48,207,-159
235000082,27,44,-17
235000083,72,69,3
235000084,9,53,-44
235000085,42,42,0
235000089,9,25,-16
235000092,11,146,-135
235000093,3,7,-4
235000097,1,4,-3
235000098,18,5,13
235000099,12,19,-7
235000116,34,14,20
235000117,635,3,632
235000133,23,176,-153
235000134,8,100,-92
235000206,5,1,4
235000207,3,2,1
235000208,0,0,0
235000209,4,2,2
235000210,8,2,6
235000212,2,17,-15
235000213,0,13,-13
235000220,1,2,-1
235000221,29,8,21
235000238,3,21,-18
235000239,1,4,-3
235000242,169,187,-18
235000245,948,161,787
235000246,5,59,-54
235000284,2,92,-90
235000295,121,3,118
235000305,51,5,46
235000306,44,1,43
235000307,8,0,8
235000308,9,0,9
235000309,30,1,29
235000310,24,0,24
235000311,34,5,29
235000322,1,40,-39
235000323,4,77,-73
235000324,3,22,-19
235000325,1,30,-29
235000326,9,387,-378
235000351,4,76,-72
235000352,6,192,-186
235000353,0,48,-48
235000354,5,129,-124
235000355,20,140,-120
235000356,28,8,20
235000357,35,21,14
235000358,10,16,-6
235000359,5,1,4
235000360,61,8,53
235000361,22,5,17
235000381,36,309,-273
235000382,82,45,37
235000390,9,1,8
235000391,82,23,59
235000392,42,109,-67
235000393,45,62,-17
235000395,44,12,32
235000396,132,24,108
235000400,78,25,53
235000401,29,182,-153
235000405,68,337,-269
235000406,21,306,-285
235000407,56,97,-41
235000409,198,168,30
235000410,22,234,-212
235000411,2,69,-67
235000485,1,8,-7
235000486,14,16,-2
235000549,33,83,-50
235000550,47,178,-131
235000599,67,105,-38
235000600,5,9,-4
235000601,11,31,-20
235000602,38,146,-108
235000614,1,2,-1
235000648,0,25,-25
235000649,37,15,22
235000685,2,2,0
235000815,2,17,-15
235000834,0,6,-6
235000855,12,43,-31
235000862,8,232,-224
235000891,0,19,-19
235000892,30,12,18
235000901,73,78,-5
235000907,0,14,-14
235001010,34,67,-33
235001029,609,385,224
235001030,262,114,148
235001078,30,47,-17
235001079,50,116,-66
235001147,4,34,-30
235001166,7,65,-58
235001167,8,75,-67
235001169,27,345,-318
235001188,1,15,-14
235001189,0,1,-1
235001197,5,29,-24
235001200,31,20,11
235001207,99,10,89
235001210,33,119,-86
235001215,22,149,-127
235001239,0,31,-31
235001244,2,1,1
235016267,0,32,-32
277101746,0,3,-3
277102712,1,0,1
277103813,0,0,0
277103814,0,0,0
277103898,0,2,-2
277104249,0,3,-3
277104250,0,16,-16
277104251,0,12,-12
277104252,0,13,-13
990011530,0,331,-331
990014944,1,595,-594
990015176,17,7,10
990015618,1,98,-97
990016032,0,490,-490
990032570,10,53,-43
990070001,50,11,39
990070103,0,4,-4
990070601,0,64,-64
990070751,232,1,231
990070766,3,919,-916
990071180,399,245,154
990071343,12,0,12
990071387,0,5,-5
990071823,229,2,227
990072600,4,744,-740
990072964,1,709,-708
990073285,0,1,-1
990074393,4,1491,-1487
990074870,499,36,463
990075106,364,1,363
990075746,176,7,169
990076437,477,6,471
990076458,3,1653,-1650
997000007,126,6,120
997000041,2,137,-135
997000058,43,0,43
997000062,15,2,13
997000069,0,13,-13
997000070,0,66,-66
997000100,5,2,3
997000141,6,1801,-1795
997000198,276,928,-652
998000475,0,12,-12
998000736,7,437,-430
998000965,0,10,-10
998001031,0,62,-62
998001700,0,33,-33
998001899,0,1,-1
998001900,29,5,24
998003073,1028,34,994
998101900,0,0,0
998102850,1,116,-115
998501927,384,315,69
998501929,97,1,96
998501930,76,0,76
998501931,70,26,44
998501932,4,0,4
998501933,25,3,22
998501937,22,1,21
998501944,4,0,4
998501950,0,0,0
998501970,34,6,28
998501971,0,84,-84
998501973,0,89,-89
998501974,0,279,-279
998501975,99,1,98
998501976,67,2,65
998501977,1,68,-67
998501978,35,0,35
998501979,0,13,-13
998501980,189,2,187
998501981,28,17,11
998501982,0,113,-113
998501983,0,0,0
998502006,0,0,0
998502024,0,5,-5
998502032,0,2,-2
998502062,16,2,14
998502063,0,0,0
998502173,14,2,12
998502269,0,0,0
998502546,0,218,-218
998601159,0,339,-339
998601292,0,13,-13
999033574,1,795,-794
999800001,36,7,29
999800002,0,1,-1
999800003,4,1,3
999800004,0,5,-5
999800005,0,14,-14
