ID,insum,outsum,diff
100000001,251,219,32
100000002,78,123,-45
100000003,802,280,522
100000004,94,16,78
100000005,154,406,-252
100000006,2,1,1
100000007,6,3,3
100000008,7,67,-60
100000009,0,0,0
100000010,0,0,0
100000011,0,0,0
100000012,3,135,-132
100000013,3,32,-29
100000014,8,55,-47
100000015,10,0,10
100000016,77,212,-135
100000017,41,147,-106
100000018,138,75,63
100000019,758,359,399
100000020,33,27,6
100000021,815,211,604
100000022,77,57,20
100000023,515,71,444
100000025,837,301,536
100000028,477,298,179
100000029,51,59,-8
100000030,0,0,0
100000031,533,329,204
100000032,630,424,206
100000033,87,405,-318
100000034,474,414,60
100000035,72,66,6
100000036,160,223,-63
100000037,6,1,5
100000038,6,3,3
100000039,8,2,6
100000040,5,3,2
100000041,5,0,5
100000042,2,1,1
100000043,0,0,0
100000044,39,133,-94
100000045,75,281,-206
100000046,39,261,-222
100000047,64,333,-269
100000048,184,359,-175
100000049,363,684,-321
100000051,71,299,-228
100000053,1,0,1
100000054,5,3,2
100000055,72,120,-48
100000056,0,0,0
100000057,8,0,8
100000058,229,443,-214
100000059,0,27,-27
100000060,32,70,-38
100000061,101,101,0
100000062,93,113,-20
100000063,48,44,4
100000064,80,127,-47
100000065,76,347,-271
100000066,32,241,-209
100000067,86,204,-118
100000068,74,280,-206
100000069,57,295,-238
100000072,52,82,-30
100000073,296,606,-310
100000075,108,162,-54
100000076,107,188,-81
100000077,0,0,0
100000078,0,0,0
100000079,0,0,0
100000080,0,0,0
100000081,0,0,0
100000102,59,121,-62
100000103,589,236,353
100000104,505,220,285
100000105,713,104,609
100000106,61,66,-5
100000107,26,15,11
100000108,278,453,-175
100000109,1518,662,856
100000116,313,134,179
100000117,0,0,0
100000118,698,1016,-318
100000119,53,437,-384
100000121,0,1,-1
100000122,34,176,-142
100000123,731,866,-135
100000124,2998,1428,1570
100000125,391,24,367
100000126,47,24,23
100000127,125,37,88
100000128,181,224,-43
100000129,42,146,-104
100000130,1,6,-5
100000131,2008,861,1147
100000132,450,71,379
100000133,5274,1843,3431
100000135,0,2,-2
100000139,0,0,0
100000140,125,211,-86
100000142,0,0,0
100000143,294,425,-131
100000144,664,209,455
100000147,77,136,-59
100000150,0,115,-115
100000151,3,19,-16
100000153,0,0,0
100000154,9,100,-91
100000155,0,0,0
100000156,0,0,0
100000157,0,0,0
100000158,0,0,0
100000159,33,47,-14
100000165,280,189,91
100000169,0,0,0
100000174,29,10,19
100000179,0,7,-7
100000180,0,46,-46
100000181,6,70,-64
100000188,5,1,4
100000189,0,0,0
100000190,240,70,170
100000191,32,46,-14
100000192,0,0,0
100000193,0,0,0
100000330,195,79,116
100000355,33,120,-87
100000362,1284,926,358
100000363,132,217,-85
100000364,17,53,-36
100000365,1553,1461,92
100000366,3111,1538,1573
100000367,803,1135,-332
100000368,706,853,-147
100000369,5,12,-7
100000370,3,15,-12
100000376,3,8,-5
100000379,202,170,32
100000380,451,553,-102
100000384,2384,943,1441
100000385,1310,937,373
100000386,1918,1013,905
100000387,1886,816,1070
100000388,6404,1796,4608
100000389,4518,1030,3488
100000390,6074,1607,4467
100000391,3127,797,2330
100000392,1547,457,1090
100000393,341,324,17
100000394,2198,1503,695
100000395,989,339,650
100000396,1431,969,462
100000397,945,344,601
100000398,5802,3914,1888
100900002,0,0,0
100900003,0,0,0
100900004,4,161,-157
100900005,0,0,0
100900006,0,0,0
100900007,0,0,0
100900008,1,93,-92
100900009,0,0,0
100900010,0,0,0
100900011,0,0,0
100900012,0,48,-48
100900013,0,0,0
100900014,0,0,0
100900015,0,0,0
100900016,0,0,0
100900017,0,0,0
100900018,0,0,0
100900019,0,0,0
100900020,0,0,0
100900021,0,0,0
100900022,0,0,0
100900023,0,0,0
100900024,0,0,0
100900025,0,0,0
100900026,0,0,0
100900027,0,0,0
100900028,0,0,0
100900029,0,0,0
100900030,0,0,0
100900031,0,0,0
100900032,0,0,0
100900033,2,0,2
100900034,0,0,0
100900035,0,0,0
100900036,0,0,0
100900037,0,0,0
100900038,0,0,0
100900039,16,89,-73
100900040,0,171,-171
100900041,1,70,-69
100900042,0,0,0
100900043,0,0,0
100900044,0,0,0
100900045,0,0,0
100900046,0,0,0
100900047,0,0,0
100900048,0,0,0
100900049,0,0,0
100900050,0,0,0
100900051,0,0,0
100900052,0,0,0
100900053,0,0,0
100900054,0,0,0
100900055,0,0,0
100900056,0,0,0
100900057,0,0,0
100900058,0,0,0
100900059,0,0,0
100900060,0,0,0
100900061,0,0,0
100900062,0,0,0
100900063,0,0,0
100900064,0,0,0
100900065,0,0,0
100900066,0,0,0
100900067,0,0,0
100900068,0,0,0
100900069,0,0,0
100900070,0,0,0
100900071,0,0,0
100900072,0,0,0
100900073,0,0,0
100900074,0,0,0
100900075,203,15,188
100900076,0,0,0
100900077,0,0,0
100900078,0,0,0
100900079,0,0,0
100900080,0,0,0
100900081,0,0,0
100900082,0,0,0
100900083,0,0,0
100900085,0,0,0
100900086,0,0,0
100900088,0,0,0
100900089,0,0,0
100900090,0,0,0
100900091,0,0,0
100900092,0,0,0
100900093,0,0,0
100900094,0,0,0
100900095,0,0,0
100900096,0,0,0
100900097,0,0,0
100900098,0,0,0
100900099,0,11,-11
100900100,0,0,0
100900101,0,0,0
100900102,0,0,0
100900103,0,0,0
100900104,0,3,-3
100900105,0,0,0
100900106,0,0,0
100900107,2,0,2
100900108,0,0,0
100900109,0,0,0
100900110,0,0,0
100900111,0,0,0
100900112,0,0,0
100900113,0,0,0
100900114,0,0,0
100900115,0,0,0
100900116,0,0,0
100900117,0,0,0
100900118,0,0,0
100900119,0,0,0
100900120,0,0,0
100900121,0,0,0
100900122,10,13,-3
100900123,0,0,0
100900124,0,0,0
100900125,0,0,0
100900126,0,0,0
100900127,0,0,0
100900128,2,2,0
100900129,0,0,0
100900131,0,0,0
100900133,0,0,0
100900134,0,0,0
100900135,0,0,0
100900137,0,0,0
100900138,0,0,0
100900139,0,0,0
100900140,0,48,-48
100900141,0,0,0
100900142,0,0,0
100900143,0,1,-1
100900144,0,0,0
100900145,0,0,0
100900146,0,0,0
100900147,0,0,0
100900148,0,90,-90
100900149,0,0,0
100900150,0,0,0
100900151,4,38,-34
100900152,0,0,0
100900153,0,0,0
100900154,0,0,0
100900155,0,0,0
100900156,0,0,0
100900157,0,0,0
100900159,0,0,0
100900160,0,0,0
100900161,0,0,0
100900162,0,0,0
100900163,11,15,-4
100900164,0,0,0
100900165,0,0,0
100900166,0,0,0
100900167,0,0,0
100900168,0,0,0
100900169,18,192,-174
100900170,0,0,0
100900171,0,72,-72
100900172,0,0,0
100900173,0,43,-43
100900174,0,0,0
100900176,0,0,0
100900177,0,0,0
100900178,0,0,0
100900179,0,0,0
100900180,0,0,0
100900181,0,0,0
100900182,0,0,0
100900184,0,0,0
100900186,0,0,0
100900187,0,0,0
100900188,0,0,0
100900189,0,0,0
100900191,0,0,0
100900192,0,0,0
100900195,0,0,0
100900197,0,0,0
100900198,0,0,0
100900199,0,0,0
100900200,46,18,28
100900201,3,85,-82
100900202,0,0,0
100900203,0,0,0
100900204,0,0,0
100900205,0,0,0
100900206,0,0,0
100900207,0,0,0
100900210,1,51,-50
100900211,0,0,0
100900213,0,0,0
100900214,129,13,116
100900215,0,0,0
100900217,0,0,0
101000001,686,242,444
101000002,966,384,582
101000003,137,59,78
101000004,3558,375,3183
101000005,1433,420,1013
101000006,1868,1021,847
101000007,2086,984,1102
101000008,981,530,451
101000009,114,464,-350
101000010,114,211,-97
101000011,586,36,550
101000012,0,0,0
101000013,204,101,103
101000014,43,19,24
101000015,184,171,13
101000016,26,16,10
101000017,137,106,31
101000018,598,622,-24
101000020,798,156,642
101000021,75,16,59
101000022,567,118,449
101000023,572,503,69
101000025,0,1,-1
101000026,23,0,23
101000027,501,171,330
101000028,249,66,183
101000029,6,81,-75
101000030,197,16,181
101000031,27,5,22
101000032,591,462,129
101000033,766,407,359
101000034,556,295,261
101000035,299,44,255
101000036,299,107,192
101000037,543,79,464
101000039,430,255,175
101000040,1306,411,895
101000041,863,131,732
101000042,14,118,-104
101000043,2140,520,1620
101000045,221,45,176
101000046,436,194,242
101000047,106,113,-7
101000048,81,95,-14
101000049,87,146,-59
101000050,328,105,223
101000051,1422,231,1191
101000052,425,89,336
101000053,154,160,-6
101000054,390,152,238
101000055,447,123,324
101000056,14,14,0
101000057,1295,223,1072
101000058,306,39,267
101000059,159,50,109
101000060,401,120,281
101000061,58,26,32
101000062,1256,125,1131
101000063,10,15,-5
101000064,432,142,290
101000065,14,35,-21
101000066,2,3,-1
101000067,199,158,41
101000068,74,61,13
101000069,107,53,54
101000070,840,550,290
101000071,932,250,682
101000072,420,511,-91
101000073,57,45,12
101000074,2111,482,1629
101000075,5040,1291,3749
101000077,313,232,81
101000078,151,164,-13
101000079,132,169,-37
101000080,659,422,237
101000081,187,121,66
101000082,613,333,280
101000083,123,115,8
101000084,330,373,-43
101000085,62,14,48
101000086,606,382,224
101000087,337,306,31
101000088,60,36,24
101000089,44,28,16
101000090,703,274,429
101000091,24,170,-146
101000092,317,130,187
101000093,165,34,131
101000094,213,422,-209
101000095,64,247,-183
101000096,17,28,-11
101000097,47,85,-38
101000098,14,49,-35
101000099,301,157,144
101000100,257,195,62
101000101,17,36,-19
101000102,174,103,71
101000103,145,81,64
101000104,41,66,-25
101000105,0,0,0
101000106,64,76,-12
101000107,11,35,-24
101000108,9,1,8
101000109,6,11,-5
101000110,1,1,0
101000111,30,37,-7
101000113,0,3,-3
101000114,637,322,315
101000115,0,8,-8
101000116,0,9,-9
101000117,3,30,-27
101000119,55,15,40
101000120,94,10,84
101000121,35,3,32
101000122,25,19,6
101000123,24,36,-12
101000124,372,210,162
101000125,53,110,-57
101000128,215,105,110
101000130,236,81,155
101000131,51,50,1
101000132,130,426,-296
101000135,53,5,48
101000136,166,90,76
101000137,3,30,-27
101000141,231,141,90
101000147,367,211,156
101000148,255,5,250
101000149,0,0,0
101000150,0,15,-15
101000151,4,9,-5
101000152,39,53,-14
101000153,72,38,34
101000154,5,228,-223
101000155,32,33,-1
101000156,15,71,-56
101000157,0,0,0
101000160,2,0,2
101000163,0,0,0
101000164,62,129,-67
101000165,225,75,150
101000166,34,47,-13
101000168,59,48,11
101000252,74,131,-57
101000254,282,17,265
101000258,9,0,9
101000261,0,1,-1
101000262,27,112,-85
101000263,14,21,-7
101000265,6,111,-105
101000266,70,60,10
101000269,229,44,185
101000290,207,37,170
101000293,0,13,-13
101000294,216,132,84
101000295,9,59,-50
101000301,176,56,120
101000304,708,1023,-315
101000305,423,451,-28
101900001,0,0,0
101900002,0,0,0
101900003,5,2,3
101900004,0,0,0
101900005,508,52,456
101900006,0,0,0
101900007,0,0,0
101900008,0,0,0
101900009,0,0,0
101900010,0,0,0
101900011,0,0,0
101900012,0,0,0
101900013,55,0,55
101900017,0,0,0
101900018,2,4,-2
101900019,0,0,0
101900020,0,0,0
101900021,0,0,0
101900022,0,0,0
101900023,0,0,0
101900026,0,0,0
101900027,0,0,0
102000001,324,622,-298
102000002,222,200,22
102000003,1589,735,854
102000004,1289,269,1020
102000005,488,522,-34
102000006,303,249,54
102000007,705,1067,-362
102000008,1031,337,694
102000009,1279,1330,-51
102000010,1751,812,939
102000011,777,772,5
102000012,478,551,-73
102000018,304,44,260
102000019,26,27,-1
102000026,0,0,0
102000029,0,0,0
102000030,6,15,-9
102000031,0,0,0
102000032,24,31,-7
102000033,0,1,-1
102000034,69,50,19
102000035,0,0,0
102000036,0,0,0
102000037,8,3,5
102000038,0,3,-3
102000039,0,0,0
102000040,6,4,2
102000041,0,0,0
102000042,0,0,0
102000043,10,6,4
102000044,0,0,0
102000045,52,87,-35
102000046,47,16,31
102000047,32,160,-128
102000048,12,16,-4
102000049,23,18,5
102000050,48,162,-114
102000051,34,24,10
102000052,96,126,-30
102000053,51,81,-30
102000054,42,170,-128
102000055,142,209,-67
102000056,57,193,-136
102000057,159,36,123
102000058,303,276,27
102000059,342,494,-152
102000060,146,44,102
102000061,225,658,-433
102000062,56,77,-21
102000063,268,334,-66
102000064,149,200,-51
102000065,24,43,-19
102000066,509,312,197
102000067,586,571,15
102000068,1080,470,610
102000069,0,0,0
102000070,290,16,274
102000071,1856,2197,-341
102000072,1059,1820,-761
102000073,56,214,-158
102000074,61,276,-215
102000075,4,113,-109
102000076,9,221,-212
102000077,27,450,-423
102000078,91,653,-562
102000079,14,98,-84
102000080,36,79,-43
102000081,67,327,-260
102000082,135,137,-2
102000083,37,87,-50
102000084,0,0,0
102000085,129,216,-87
102000086,105,70,35
102000087,123,293,-170
102000088,29,17,12
102000089,0,0,0
102000090,111,128,-17
102000091,448,114,334
102000092,303,137,166
102000093,95,299,-204
102000094,0,2,-2
102000095,200,748,-548
102000096,57,1,56
102000097,1088,657,431
102000098,44,85,-41
102000099,411,92,319
102000100,14,24,-10
102000101,193,41,152
102000102,56,20,36
102000103,227,68,159
102000104,76,13,63
102000105,4,50,-46
102000106,12,47,-35
102000107,1,1,0
102000108,12,30,-18
102000109,0,8,-8
102000110,0,0,0
102000111,0,0,0
102000112,12,2,10
102000113,0,0,0
102000114,3,0,3
102000115,28,17,11
102000116,8,19,-11
102000117,23,91,-68
102000118,25,100,-75
102000119,571,63,508
102000120,9,10,-1
102000121,66,65,1
102000122,29,10,19
102000123,137,82,55
102000124,125,20,105
102000125,84,49,35
102000126,40,23,17
102000127,84,38,46
102000128,65,60,5
102000129,46,83,-37
102000130,41,61,-20
102000131,67,45,22
102000132,39,36,3
102000133,123,512,-389
102000134,54,98,-44
102000135,0,0,0
102000136,24,16,8
102000137,67,31,36
102000138,1,3,-2
102000139,3,3,0
102000140,37,8,29
102000141,6,18,-12
102000142,9,30,-21
102000143,2,43,-41
102000144,1,41,-40
102000145,4,19,-15
102000146,0,1,-1
102000147,14,18,-4
102000148,0,0,0
102000149,3,0,3
102000150,0,2,-2
102000151,0,0,0
102000152,0,0,0
102000153,0,0,0
102000154,14,29,-15
102000155,16,12,4
102000156,49,10,39
102000157,1,13,-12
102000158,33,5,28
102000159,183,6,177
102000161,879,217,662
102000162,54,56,-2
102000163,0,0,0
102000164,0,0,0
102000165,92,67,25
102000166,6,23,-17
102000167,41,123,-82
102000168,39,31,8
102000169,63,84,-21
102000170,346,98,248
102000171,7,40,-33
102000172,3,37,-34
102000173,64,51,13
102000174,3,32,-29
102000175,9,0,9
102000176,1,2,-1
102000178,21,114,-93
102000179,9,26,-17
102000180,33,183,-150
102000181,8,146,-138
102000182,77,193,-116
102000183,155,258,-103
102000184,155,459,-304
102000185,83,158,-75
102000186,123,712,-589
102000187,131,566,-435
102000188,16,198,-182
102000189,1161,244,917
102000190,254,344,-90
102000191,202,41,161
102000192,151,298,-147
102000193,0,1,-1
102000194,0,0,0
102000195,14,53,-39
102000196,0,2,-2
102000197,15,57,-42
102000198,0,0,0
102000199,9,64,-55
102000200,1,1,0
102000201,20,50,-30
102000202,0,0,0
102000203,26,71,-45
102000204,5,18,-13
102000205,21,18,3
102000206,89,124,-35
102000207,6,6,0
102000208,17,113,-96
102000209,3,10,-7
102000210,0,213,-213
102000211,8,97,-89
102000212,0,0,0
102000213,2,33,-31
102000214,0,0,0
102000215,2,88,-86
102000216,0,0,0
102000217,0,48,-48
102000218,0,0,0
102000219,30,61,-31
102000225,0,0,0
102000226,65,10,55
102000227,0,0,0
102000228,0,37,-37
102000229,8,8,0
102000230,14,85,-71
102000231,20,26,-6
102000232,0,0,0
102000233,18,35,-17
102000234,0,0,0
102000236,4,1,3
102000237,10,14,-4
102000238,3,1,2
102000240,237,337,-100
102000241,34,15,19
102000243,1,2,-1
102000245,8,30,-22
102000246,0,0,0
102000247,72,130,-58
102000248,57,113,-56
102000249,9,58,-49
102000250,3,153,-150
102000254,0,0,0
102000266,0,2,-2
102000271,0,1,-1
102000286,0,0,0
102000297,33,17,16
102000299,0,0,0
102000301,0,0,0
102000303,0,0,0
102000305,0,0,0
102000307,0,6,-6
102000308,0,4,-4
102900001,0,0,0
102900002,0,0,0
102900003,0,19,-19
102900005,0,0,0
102900006,0,0,0
102900007,0,0,0
102900008,0,0,0
102900009,0,0,0
102900010,0,0,0
102900011,0,0,0
102900012,0,0,0
102900013,0,0,0
102900015,0,0,0
102900016,0,0,0
102900017,0,0,0
102900018,0,0,0
102900019,0,0,0
102900020,0,0,0
102900021,0,0,0
102900022,18,17,1
102900023,0,0,0
102900024,0,0,0
102900025,0,0,0
102900026,0,0,0
102900027,0,0,0
102900028,0,0,0
102900029,0,7,-7
102900030,0,0,0
102900031,0,0,0
102900032,2,3,-1
102900033,0,0,0
102900034,0,0,0
102900035,2,63,-61
102900036,0,0,0
102900037,0,0,0
102900038,0,0,0
102900039,0,0,0
102900040,0,0,0
102900041,0,0,0
102900042,0,0,0
102900043,0,0,0
102900044,0,0,0
102900045,0,0,0
102900046,0,0,0
102900047,0,0,0
102900048,0,0,0
102900049,0,0,0
102900050,0,0,0
102900051,0,0,0
102900052,0,0,0
102900053,0,0,0
102900054,0,0,0
102900055,0,0,0
102900056,0,0,0
102900057,0,0,0
102900058,0,0,0
102900059,0,0,0
102900060,0,0,0
102900061,0,0,0
102900062,0,0,0
102900063,0,0,0
102900064,0,0,0
102900065,0,0,0
102900066,0,0,0
102900068,0,0,0
102900070,3,61,-58
102900072,0,6,-6
102900073,10,2,8
102900075,0,0,0
102900076,0,0,0
102900077,0,0,0
102900078,0,0,0
102900079,0,0,0
102900080,0,0,0
102900081,0,0,0
102900082,0,0,0
102900083,0,0,0
102900084,0,0,0
102900085,0,0,0
102900086,0,0,0
102900087,0,0,0
102900088,0,0,0
102900089,0,0,0
102900090,0,108,-108
102900091,1,0,1
102900092,31,164,-133
102900093,0,0,0
102900094,0,0,0
102900095,0,0,0
102900096,1,1,0
102900097,3,20,-17
103000001,631,636,-5
103000002,189,411,-222
103000003,702,584,118
103000004,229,184,45
103000005,115,113,2
103000006,55,116,-61
103000007,34,66,-32
103000008,91,401,-310
103000009,10,14,-4
103000010,3,10,-7
103000011,416,282,134
103000012,162,98,64
103000013,2507,501,2006
103000014,34,57,-23
103000015,954,295,659
103000016,38,18,20
103000017,0,0,0
103000018,1,0,1
103000019,0,0,0
103000020,226,433,-207
103000021,15,21,-6
103000022,181,391,-210
103000023,8,20,-12
103000024,0,0,0
103000025,0,0,0
103000026,7,0,7
103000027,0,0,0
103000028,2,3,-1
103000029,65,12,53
103000030,1066,123,943
103000031,98,63,35
103000032,353,352,1
103000033,170,85,85
103000034,681,281,400
103000035,145,118,27
103000036,95,55,40
103000037,255,168,87
103000038,107,74,33
103000039,23,119,-96
103000040,15,66,-51
103000041,413,866,-453
103000042,195,221,-26
103000043,17,85,-68
103000044,11,8,3
103000046,49,19,30
103000047,1,4,-3
103000048,18,8,10
103000049,0,2,-2
103000050,14,27,-13
103000051,26,22,4
103000052,19,13,6
103000053,9,15,-6
103000054,403,149,254
103000055,84,76,8
103000056,105,310,-205
103000057,62,70,-8
103000058,47,184,-137
103000059,28,69,-41
103000060,216,213,3
103000061,31,47,-16
103000062,170,191,-21
103000063,58,56,2
103000064,57,112,-55
103000065,0,4,-4
103000066,6,1,5
103000069,5,9,-4
103000070,67,320,-253
103000071,31,7,24
103000072,20,279,-259
103000073,0,0,0
103000074,0,0,0
103000075,42,293,-251
103000076,0,0,0
103000077,11,108,-97
103000078,0,1,-1
103000079,279,53,226
103000080,3,0,3
103000081,49,100,-51
103000082,0,0,0
103000083,2,64,-62
103000084,0,0,0
103000085,0,16,-16
103000086,20,20,0
103000087,25,103,-78
103000088,65,65,0
103000089,4,8,-4
103000090,297,246,51
103000091,77,67,10
103000092,3,1,2
103000093,42,159,-117
103000094,0,7,-7
103000095,4,79,-75
103000096,12,0,12
103000097,12,133,-121
103000098,0,0,0
103000099,26,118,-92
103000100,13,291,-278
103000101,0,0,0
103000102,23,222,-199
103000103,0,22,-22
103000104,2,60,-58
103000105,0,28,-28
103000106,1,49,-48
103000107,4,16,-12
103000108,43,93,-50
103000109,70,43,27
103000110,143,93,50
103000111,206,85,121
103000112,9,10,-1
103000113,47,153,-106
103000114,16,11,5
103000115,29,52,-23
103000116,40,38,2
103000117,14,64,-50
103000118,210,298,-88
103000119,721,225,496
103000120,11,31,-20
103000121,35,111,-76
103000122,8,12,-4
103000125,0,4,-4
103000126,2,1,1
103000127,0,3,-3
103000128,3,0,3
103000129,0,4,-4
103000130,1,1,0
103000131,2,1,1
103000132,11,2,9
103000133,0,1,-1
103000134,135,76,59
103000135,241,37,204
103000136,266,95,171
103000137,102,83,19
103000138,207,67,140
103000139,0,17,-17
103000140,0,0,0
103000141,6,15,-9
103000142,0,0,0
103000143,7,76,-69
103000144,0,0,0
103000145,0,0,0
103000150,2,4,-2
103000152,35,58,-23
103000153,5,12,-7
103000156,0,3,-3
103000157,6,0,6
103000159,24,37,-13
103000162,0,0,0
103000163,0,0,0
103000164,0,0,0
103000165,2,2,0
103000166,0,0,0
103000167,1,9,-8
103000168,10,23,-13
103000169,0,0,0
103000170,132,61,71
103000171,0,0,0
103000172,0,0,0
103000173,26,214,-188
103000174,0,0,0
103000175,88,341,-253
103000176,0,0,0
103000177,201,152,49
103000178,248,127,121
103000179,3,0,3
103000183,0,16,-16
103000185,0,14,-14
103000186,0,0,0
103000187,30,153,-123
103000188,2,30,-28
103000189,90,364,-274
103000191,30,61,-31
103000292,418,36,382
103000293,9,3,6
103000295,0,0,0
103000296,0,0,0
103000297,0,0,0
103000504,1,1,0
103000505,0,0,0
103000506,0,7,-7
103000507,6,1,5
103000508,2,3,-1
103000509,30,186,-156
103900001,0,0,0
103900002,0,0,0
103900003,0,3,-3
103900004,0,0,0
103900005,0,0,0
103900006,0,0,0
103900007,0,0,0
103900008,0,0,0
103900009,3,31,-28
103900010,4,30,-26
103900011,1,57,-56
103900012,0,0,0
103900013,0,30,-30
103900014,0,0,0
103900015,0,0,0
103900016,25,42,-17
103900017,1,26,-25
103900018,61,6,55
103900019,0,0,0
103900020,0,0,0
103900021,0,0,0
103900022,0,69,-69
103900023,0,0,0
103900024,0,0,0
103900025,0,0,0
103900026,0,0,0
103900027,0,0,0
103900028,0,55,-55
103900029,15,38,-23
103900030,0,0,0
103900031,0,0,0
103900032,0,0,0
103900033,0,0,0
103900034,1,31,-30
103900035,2,0,2
103900036,0,0,0
103900037,0,0,0
103900038,0,0,0
103900039,3,89,-86
103900040,0,13,-13
103900041,0,0,0
103900042,1,132,-131
103900043,0,0,0
103900044,0,0,0
103900045,0,0,0
103900047,5,11,-6
103900048,0,0,0
103900049,0,0,0
103900050,1,37,-36
103900051,0,9,-9
103900052,2,39,-37
103900053,3,148,-145
103900054,0,0,0
103900055,3,8,-5
103900056,0,9,-9
103900057,0,0,0
103900058,4,105,-101
103900059,0,0,0
103900060,0,0,0
103900061,0,0,0
103900062,5,12,-7
103900063,0,0,0
103900064,0,0,0
103900065,68,41,27
103900066,0,0,0
103900067,0,0,0
103900068,0,0,0
103900069,0,0,0
103900070,0,0,0
103900071,1,22,-21
103900072,0,97,-97
103900073,0,0,0
103900074,0,0,0
103900075,0,0,0
103900076,10,33,-23
103900077,0,0,0
103900078,0,0,0
103900079,0,0,0
103900080,0,0,0
103900081,0,0,0
103900082,0,0,0
103900083,0,0,0
103900084,0,0,0
103900085,0,0,0
103900086,0,0,0
103900087,0,2,-2
103900088,0,0,0
103900089,0,0,0
103900090,0,0,0
103900091,0,0,0
103900092,6,24,-18
103900093,0,0,0
103900094,0,0,0
103900095,2,4,-2
103900096,0,0,0
103900097,0,0,0
103900098,3,3,0
103900099,0,0,0
103900100,6,80,-74
103900101,0,0,0
103900102,0,0,0
103900104,0,0,0
103900105,4,8,-4
103900106,0,0,0
103900107,0,0,0
103900108,16,154,-138
103900109,0,0,0
103900110,31,1,30
103900111,2,134,-132
103900112,0,1,-1
103900113,5,3,2
103900114,29,16,13
103900115,43,0,43
103900116,366,4,362
103900117,35,13,22
103900119,0,0,0
103900120,0,0,0
103900122,0,98,-98
103900123,26,25,1
103900124,4,133,-129
103900125,6,10,-4
103900126,0,0,0
103900127,7,102,-95
103900128,1,27,-26
103900131,2,15,-13
103900133,0,0,0
103900134,0,0,0
103900135,0,0,0
103900137,0,0,0
103900138,0,0,0
103900139,0,55,-55
103900140,0,0,0
103900141,0,0,0
103900142,0,0,0
103900143,0,0,0
103900144,0,0,0
103900145,1,7,-6
103900146,0,0,0
103900147,20,21,-1
103900148,0,42,-42
103900149,0,0,0
103900150,8,121,-113
103900151,0,0,0
103900152,0,0,0
103900153,0,0,0
103900154,56,11,45
103900155,0,0,0
103900156,0,0,0
103900157,0,0,0
103900158,0,1,-1
103900159,0,0,0
103900160,0,0,0
103900161,0,0,0
103900162,20,23,-3
103900163,0,0,0
103900167,0,0,0
103900168,0,0,0
103900169,0,0,0
103900170,0,0,0
103900171,0,0,0
103900172,0,0,0
103900173,0,0,0
103900174,0,0,0
103900175,0,0,0
103900176,0,4,-4
103900177,0,0,0
103900178,0,0,0
103900179,0,6,-6
103900180,0,1,-1
103900181,0,0,0
103900182,0,0,0
103900184,0,0,0
103900185,0,0,0
103900187,7,1,6
103900188,3,2,1
103900189,8,0,8
103900190,0,0,0
103900191,0,0,0
103900192,0,0,0
103900193,0,0,0
103900194,0,0,0
103900195,0,0,0
103900196,0,0,0
103900197,0,0,0
103900198,0,0,0
103900199,0,0,0
103900200,0,0,0
103900201,1,2,-1
103900202,0,0,0
103900203,0,0,0
103900204,0,0,0
103900207,0,0,0
103900208,0,0,0
103900209,0,0,0
103900210,0,1,-1
103900211,5,2,3
103900212,7,80,-73
103900213,38,219,-181
103900214,28,13,15
103900215,829,177,652
103900216,0,2,-2
103900217,0,0,0
103900218,0,0,0
103900219,0,0,0
103900233,0,0,0
103900235,0,0,0
103900236,0,0,0
103900242,0,0,0
103900243,0,0,0
103900244,0,0,0
103900245,0,0,0
103900246,0,1,-1
103900247,0,0,0
103900248,0,0,0
103900249,0,0,0
103900250,0,0,0
103900251,0,0,0
103900253,0,0,0
103900254,0,0,0
103900255,0,0,0
103900256,0,0,0
103900257,0,0,0
103900258,0,0,0
103900259,0,0,0
103900261,0,0,0
103900262,0,0,0
103900263,0,0,0
103900264,0,0,0
103900265,0,0,0
103900266,0,0,0
103900267,0,6,-6
103900268,0,3,-3
103900269,0,0,0
103900270,0,9,-9
103900271,1,3,-2
103900272,0,0,0
103900273,0,0,0
103900274,0,0,0
103900275,0,0,0
103900276,0,0,0
103900277,0,0,0
104000001,494,445,49
104000002,426,737,-311
104000003,532,577,-45
104000004,1561,663,898
104000005,126,459,-333
104000006,513,924,-411
104000007,1016,956,60
104000008,279,409,-130
104000009,22,50,-28
104000010,0,0,0
104000011,348,414,-66
104000012,46,337,-291
104000013,0,0,0
104000014,103,513,-410
104000015,0,0,0
104000016,89,251,-162
104000018,34,10,24
104000019,45,4,41
104000020,0,9,-9
104000021,46,27,19
104000022,5,15,-10
104000023,47,45,2
104000024,11,9,2
104000026,3,5,-2
104000027,78,272,-194
104000028,43,52,-9
104000029,152,424,-272
104000030,28,38,-10
104000031,29,11,18
104000032,23,254,-231
104000033,10,11,-1
104000034,83,288,-205
104000035,13,12,1
104000036,17,32,-15
104000037,73,185,-112
104000038,57,70,-13
104000039,6,35,-29
104000040,21,27,-6
104000041,51,54,-3
104000042,32,96,-64
104000043,71,90,-19
104000044,71,159,-88
104000045,88,193,-105
104000046,202,242,-40
104000047,30,65,-35
104000048,57,128,-71
104000049,6,17,-11
104000050,5,28,-23
104000051,19,302,-283
104000052,195,410,-215
104000053,167,178,-11
104000054,22,137,-115
104000055,761,399,362
104000056,48,19,29
104000057,9,200,-191
104000058,207,161,46
104000059,34,342,-308
104000060,109,279,-170
104000061,92,173,-81
104000062,0,0,0
104000064,75,32,43
104000065,1,19,-18
104000069,246,38,208
104000070,0,4,-4
104000071,30,101,-71
104000072,0,0,0
104000075,0,0,0
104000076,0,0,0
104000082,410,670,-260
104000083,101,22,79
104000084,17,115,-98
104000085,12,36,-24
104000086,29,110,-81
104000087,22,49,-27
104000090,60,402,-342
104000092,44,612,-568
104000094,83,464,-381
104000095,436,497,-61
104000096,0,56,-56
104000097,0,0,0
104000098,0,0,0
104000100,0,0,0
104000101,161,266,-105
104000106,3,34,-31
104000107,75,145,-70
104000108,28,103,-75
104000109,0,0,0
104000110,75,120,-45
104000111,192,173,19
104000112,237,68,169
104000116,2,724,-722
104000117,1,300,-299
104000118,28,37,-9
104000119,7,33,-26
104000120,4,200,-196
104000121,37,57,-20
104000122,42,163,-121
104000123,286,228,58
104000124,506,403,103
104000125,1002,292,710
104000126,23,132,-109
104000127,399,877,-478
104000128,54,118,-64
104000129,57,8,49
104000130,2,119,-117
104000131,941,497,444
104000132,419,745,-326
104000133,370,215,155
104000134,280,156,124
104000135,97,128,-31
104000136,415,303,112
104000137,840,86,754
104000138,555,136,419
104000139,3141,567,2574
104000141,290,457,-167
104000142,131,456,-325
104000143,141,479,-338
104000144,0,0,0
104000145,0,0,0
104000146,225,536,-311
104000147,51,274,-223
104000148,0,0,0
104000149,64,253,-189
104000150,0,0,0
104000151,127,375,-248
104000152,71,532,-461
104000153,0,0,0
104000154,420,362,58
104000155,0,0,0
104000157,164,430,-266
104000158,92,65,27
104000159,80,25,55
104000160,540,199,341
104000161,0,0,0
104000162,0,0,0
104000165,0,0,0
104000167,20,74,-54
104000168,0,0,0
104000169,0,0,0
104000170,361,65,296
104000248,1,123,-122
104000251,7,108,-101
104000272,7,2,5
104000273,10,4,6
104000274,4,2,2
104000275,18,2,16
104000279,169,67,102
104000290,17,97,-80
104000291,100,146,-46
104000293,17,19,-2
104000294,0,0,0
104000295,104,313,-209
104000296,32,122,-90
104000297,397,552,-155
104000298,378,185,193
104000299,98,370,-272
104900001,0,0,0
104900002,0,0,0
104900003,0,0,0
104900004,0,0,0
104900005,2,10,-8
104900006,0,0,0
104900007,2,9,-7
104900009,0,0,0
104900010,0,0,0
104900011,0,0,0
104900012,0,0,0
104900013,0,0,0
104900014,0,0,0
104900015,0,0,0
104900016,0,0,0
104900017,0,0,0
104900018,0,0,0
104900019,0,0,0
104900020,0,0,0
104900021,0,0,0
104900022,0,0,0
104900023,0,0,0
104900024,0,0,0
104900025,0,0,0
104900026,0,0,0
104900027,0,0,0
104900028,0,0,0
104900029,0,0,0
104900030,0,0,0
104900031,0,0,0
104900032,0,0,0
104900033,0,0,0
104900034,0,0,0
104900035,0,0,0
104900036,0,0,0
104900037,0,0,0
104900038,0,0,0
104900039,0,0,0
104900040,0,0,0
104900041,0,0,0
104900042,0,0,0
104900043,0,0,0
104900044,0,0,0
104900045,0,0,0
104900046,0,0,0
104900047,0,0,0
104900048,0,0,0
104900049,0,0,0
104900050,0,0,0
104900051,0,0,0
104900052,0,0,0
104900053,0,0,0
104900054,0,0,0
104900055,0,0,0
104900056,0,0,0
104900057,0,0,0
104900058,0,0,0
104900059,0,0,0
104900060,0,2,-2
104900061,0,0,0
104900063,0,0,0
104900064,0,0,0
104900065,0,0,0
104900066,0,0,0
104900067,0,0,0
104900068,0,0,0
104900070,0,0,0
104900071,0,96,-96
104900072,0,0,0
104900073,0,0,0
104900074,0,0,0
104900075,0,0,0
104900076,0,0,0
104900077,0,0,0
104900078,0,0,0
104900079,0,0,0
104900080,0,0,0
104900082,0,0,0
104900085,0,0,0
104900087,0,0,0
104900089,0,0,0
104900090,0,0,0
104900091,0,0,0
104900093,0,0,0
104900097,0,0,0
104900098,0,0,0
104900099,0,0,0
104900100,0,0,0
104900102,0,0,0
104900103,0,0,0
104900104,0,0,0
104900106,0,0,0
104900107,0,0,0
104900108,0,0,0
104900109,0,0,0
104900110,0,0,0
104900111,0,0,0
104900112,0,0,0
104900113,10,11,-1
104900114,0,0,0
104900115,10,17,-7
104900116,0,0,0
104900118,0,0,0
104900119,0,0,0
104900120,0,0,0
104900121,0,0,0
104900122,0,0,0
104900123,0,0,0
104900124,0,0,0
104900125,0,0,0
104900126,0,0,0
104900127,0,0,0
104900128,0,0,0
104900129,0,0,0
105000001,467,688,-221
105000002,178,364,-186
105000003,300,678,-378
105000004,86,292,-206
105000005,138,312,-174
105000006,87,224,-137
105000007,66,231,-165
105000008,27,397,-370
105000009,130,306,-176
105000010,823,1268,-445
105000011,215,302,-87
105000012,1458,2057,-599
105000013,197,213,-16
105000014,185,181,4
105000015,1310,421,889
105000016,1593,644,949
105000017,299,213,86
105000018,127,172,-45
105000019,12,4,8
105000020,12,128,-116
105000021,8,1,7
105000022,0,0,0
105000023,0,0,0
105000028,16,36,-20
105000029,80,116,-36
105000030,1339,1981,-642
105000033,416,1473,-1057
105000034,0,5,-5
105000037,44,61,-17
105000038,107,74,33
105000039,1621,1799,-178
105000040,28,54,-26
105000041,179,1094,-915
105000042,219,98,121
105000043,1112,2048,-936
105000044,33,49,-16
105000045,66,607,-541
105000046,47,29,18
105000047,109,773,-664
105000048,5,3,2
105000049,89,313,-224
105000050,0,0,0
105000051,85,191,-106
105000052,4,59,-55
105000053,38,96,-58
105000054,4,118,-114
105000055,17,87,-70
105000056,11,281,-270
105000057,135,251,-116
105000058,155,267,-112
105000059,25,54,-29
105000060,68,221,-153
105000061,10,29,-19
105000062,132,371,-239
105000063,43,253,-210
105000064,59,100,-41
105000065,39,324,-285
105000066,123,444,-321
105000067,81,63,18
105000068,100,163,-63
105000069,385,132,253
105000070,79,86,-7
105000071,0,0,0
105000072,46,26,20
105000073,19,10,9
105000074,176,420,-244
105000075,102,186,-84
105000076,289,317,-28
105000077,622,238,384
105000078,179,140,39
105000079,462,799,-337
105000080,61,85,-24
105000081,295,224,71
105000082,36,73,-37
105000083,35,40,-5
105000084,120,322,-202
105000085,55,40,15
105000086,102,260,-158
105000087,723,565,158
105000088,36,10,26
105000089,1310,1374,-64
105000090,510,634,-124
105000091,984,1178,-194
105000092,185,475,-290
105000093,14,49,-35
105000094,17,10,7
105000095,6,88,-82
105000096,3,6,-3
105000097,107,195,-88
105000098,0,0,0
105000099,85,349,-264
105000100,234,205,29
105000101,170,299,-129
105000102,269,329,-60
105000103,116,400,-284
105000104,118,197,-79
105000105,33,295,-262
105000106,70,271,-201
105000107,57,42,15
105000108,118,93,25
105000109,90,277,-187
105000110,37,26,11
105000111,19,57,-38
105000112,214,40,174
105000113,20,51,-31
105000114,0,0,0
105000115,37,58,-21
105000116,11,26,-15
105000117,99,187,-88
105000118,3,7,-4
105000119,64,189,-125
105000120,3,6,-3
105000121,144,182,-38
105000122,20,129,-109
105000123,157,280,-123
105000124,76,258,-182
105000125,62,384,-322
105000126,212,539,-327
105000127,207,397,-190
105000128,33,332,-299
105000129,41,88,-47
105000130,0,0,0
105000131,90,124,-34
105000132,0,0,0
105000133,109,384,-275
105000134,0,0,0
105000135,86,270,-184
105000136,24,206,-182
105000137,0,0,0
105000138,86,204,-118
105000139,201,272,-71
105000140,0,0,0
105000141,49,168,-119
105000142,0,0,0
105000143,25,201,-176
105000144,87,280,-193
105000145,0,0,0
105000146,88,326,-238
105000147,0,0,0
105000148,0,0,0
105000149,0,0,0
105000150,505,549,-44
105000151,17,26,-9
105000152,0,200,-200
105000153,33,23,10
105000154,31,332,-301
105000155,10,58,-48
105000156,64,277,-213
105000157,135,577,-442
105000158,92,76,16
105000159,35,465,-430
105000160,60,54,6
105000161,78,622,-544
105000162,7,77,-70
105000163,161,269,-108
105000164,102,53,49
105000165,95,175,-80
105000166,1817,48,1769
105000167,340,248,92
105000168,24,254,-230
105000169,64,254,-190
105000170,0,0,0
105000171,74,22,52
105000172,0,0,0
105000173,0,0,0
105000174,0,0,0
105000175,8,38,-30
105000176,7,26,-19
105000177,7,39,-32
105000178,0,0,0
105000179,14,20,-6
105000180,9,25,-16
105000181,0,0,0
105000182,4,17,-13
105000183,30,6,24
105000184,673,487,186
105000185,318,149,169
105000186,83,742,-659
105000187,131,69,62
105000188,16,31,-15
105000189,39,327,-288
105000190,0,0,0
105000191,77,317,-240
105000192,22,50,-28
105000193,16,62,-46
105000194,39,63,-24
105000195,32,339,-307
105000196,6,46,-40
105000197,33,200,-167
105000198,170,115,55
105000199,43,72,-29
105000200,6,51,-45
105000201,7,12,-5
105000203,0,33,-33
105000204,42,37,5
105000205,21,22,-1
105000207,299,139,160
105000208,0,0,0
105000209,49,291,-242
105000212,95,283,-188
105000213,0,0,0
105000214,0,0,0
105000215,4,78,-74
105000216,38,243,-205
105000217,40,263,-223
105000218,14,209,-195
105000221,5,33,-28
105000222,5,11,-6
105000223,7,53,-46
105000226,0,0,0
105000227,0,0,0
105000228,12,111,-99
105000229,0,0,0
105000231,0,0,0
105000233,67,43,24
105000234,224,1040,-816
105000235,2,19,-17
105000237,0,0,0
105000243,0,0,0
105000248,26,31,-5
105000262,17,356,-339
105000269,2,10,-8
105000270,8,50,-42
105000271,0,19,-19
105000282,4,3,1
105000287,7,3,4
105000288,7,74,-67
105000289,174,202,-28
105000290,0,0,0
105000402,682,226,456
105000426,50,61,-11
105000438,132,109,23
105000446,2091,1325,766
105000447,2529,995,1534
105000454,4,37,-33
105000455,0,0,0
105000474,0,0,0
105000477,0,0,0
105000478,115,188,-73
105000479,3,23,-20
105000480,321,400,-79
105000481,465,424,41
105000482,1682,1249,433
105000483,355,481,-126
105000484,474,1071,-597
105000485,757,803,-46
105000486,1024,1077,-53
105000488,889,1002,-113
105000489,39,114,-75
105000549,0,0,0
105000550,124,447,-323
105000551,0,0,0
105000552,1994,979,1015
105900001,0,0,0
105900002,1,27,-26
105900003,4,12,-8
105900004,85,22,63
105900005,0,51,-51
105900006,0,0,0
105900007,0,0,0
105900008,0,181,-181
105900009,0,0,0
105900011,0,0,0
105900012,0,0,0
105900013,0,0,0
105900014,0,0,0
105900015,5,46,-41
105900016,0,0,0
105900017,0,0,0
105900018,7,19,-12
105900019,0,0,0
105900020,0,7,-7
105900021,0,0,0
105900022,7,10,-3
105900023,0,0,0
105900024,0,0,0
105900025,0,0,0
105900026,4,0,4
105900027,0,0,0
105900028,0,26,-26
105900029,17,50,-33
105900030,14,45,-31
105900031,25,25,0
105900032,6,29,-23
105900033,2,29,-27
105900034,1,43,-42
105900035,38,26,12
105900036,0,11,-11
105900037,17,16,1
105900038,2,31,-29
105900039,0,11,-11
105900040,1,23,-22
105900041,6,20,-14
105900042,2,29,-27
105900043,44,9,35
105900044,0,24,-24
105900045,0,80,-80
105900046,0,66,-66
105900047,0,11,-11
105900048,0,97,-97
105900050,0,0,0
105900051,0,0,0
105900052,0,0,0
105900053,376,7,369
105900054,10,23,-13
105900056,0,0,0
105900057,0,0,0
105900058,0,0,0
105900059,0,0,0
106000001,349,196,153
106000002,783,1412,-629
106000003,775,436,339
106000004,922,891,31
106000005,464,584,-120
106000006,1966,1896,70
106000007,124,69,55
106000008,199,189,10
106000009,59,41,18
106000010,179,253,-74
106000011,78,79,-1
106000012,202,665,-463
106000013,177,196,-19
106000014,629,683,-54
106000015,87,163,-76
106000016,430,907,-477
106000017,176,93,83
106000018,237,481,-244
106000019,26,41,-15
106000020,35,253,-218
106000021,57,68,-11
106000022,79,159,-80
106000023,43,49,-6
106000024,165,385,-220
106000025,42,37,5
106000026,150,202,-52
106000027,55,76,-21
106000028,221,498,-277
106000029,391,870,-479
106000030,102,70,32
106000034,156,233,-77
106000035,50,146,-96
106000036,75,127,-52
106000037,327,539,-212
106000038,0,0,0
106000039,0,0,0
106000040,30,298,-268
106000041,81,83,-2
106000043,0,0,0
106000046,0,0,0
106000047,6,64,-58
106000049,15,3,12
106000050,76,516,-440
106000051,1,14,-13
106000052,26,471,-445
106000053,0,0,0
106000054,144,346,-202
106000055,0,0,0
106000056,115,386,-271
106000057,0,0,0
106000058,30,130,-100
106000059,1,4,-3
106000060,244,452,-208
106000061,1,10,-9
106000062,72,380,-308
106000063,0,3,-3
106000064,21,269,-248
106000065,0,16,-16
106000066,28,188,-160
106000067,2,6,-4
106000068,8,305,-297
106000069,13,9,4
106000070,48,307,-259
106000071,22,40,-18
106000072,1182,522,660
106000073,446,328,118
106000074,65,205,-140
106000075,39,288,-249
106000076,170,501,-331
106000077,594,383,211
106000078,100,344,-244
106000079,64,290,-226
106000080,175,327,-152
106000081,29,304,-275
106000082,610,436,174
106000083,19,342,-323
106000084,96,311,-215
106000085,116,303,-187
106000086,49,214,-165
106000087,76,219,-143
106000088,4,285,-281
106000089,78,227,-149
106000090,4,242,-238
106000091,96,193,-97
106000092,0,18,-18
106000093,0,0,0
106000094,22,115,-93
106000095,17,313,-296
106000096,18,230,-212
106000097,74,471,-397
106000098,9,369,-360
106000099,2,468,-466
106000100,15,38,-23
106000101,16,27,-11
106000102,0,283,-283
106000103,23,87,-64
106000104,106,53,53
106000105,44,152,-108
106000106,26,55,-29
106000107,9,101,-92
106000108,18,36,-18
106000109,7,95,-88
106000110,24,28,-4
106000111,19,112,-93
106000112,25,39,-14
106000113,164,120,44
106000114,112,58,54
106000115,29,78,-49
106000116,50,37,13
106000117,255,322,-67
106000118,94,162,-68
106000119,684,372,312
106000120,45,33,12
106000121,3,10,-7
106000122,9,53,-44
106000123,2,17,-15
106000124,3,60,-57
106000125,1,77,-76
106000126,3,5,-2
106000127,19,115,-96
106000128,0,3,-3
106000129,67,175,-108
106000130,0,0,0
106000131,12,164,-152
106000132,0,0,0
106000133,1270,234,1036
106000134,0,0,0
106000135,36,291,-255
106000136,0,0,0
106000137,26,640,-614
106000138,0,0,0
106000139,0,0,0
106000140,8,75,-67
106000141,4,94,-90
106000142,0,0,0
106000143,4,117,-113
106000144,0,0,0
106000145,29,233,-204
106000146,0,0,0
106000147,81,132,-51
106000148,55,205,-150
106000149,84,67,17
106000150,57,339,-282
106000151,1125,168,957
106000152,132,79,53
106000153,11,152,-141
106000154,153,21,132
106000155,0,11,-11
106000156,57,56,1
106000157,129,574,-445
106000158,679,107,572
106000159,1349,443,906
106000160,29,201,-172
106000161,340,205,135
106000162,6,65,-59
106000163,37,203,-166
106000164,14,44,-30
106000165,20,292,-272
106000166,65,98,-33
106000167,47,635,-588
106000168,16,69,-53
106000169,16,325,-309
106000170,59,73,-14
106000171,9,313,-304
106000172,306,339,-33
106000173,78,801,-723
106000174,20,125,-105
106000175,44,403,-359
106000176,35,89,-54
106000177,112,831,-719
106000178,179,188,-9
106000179,141,719,-578
106000180,165,756,-591
106000181,77,680,-603
106000182,32,219,-187
106000183,77,366,-289
106000184,105,257,-152
106000185,70,235,-165
106000186,142,39,103
106000187,12,227,-215
106000188,1,3,-2
106000189,0,0,0
106000190,0,0,0
106000191,39,47,-8
106000192,0,13,-13
106000193,37,33,4
106000194,13,90,-77
106000195,11,15,-4
106000196,5,72,-67
106000197,34,59,-25
106000198,15,88,-73
106000199,188,83,105
106000200,178,49,129
106000201,45,68,-23
106000202,2163,98,2065
106000203,3,90,-87
106000204,0,0,0
106000205,5,103,-98
106000206,0,0,0
106000207,6,420,-414
106000208,19,1,18
106000209,23,27,-4
106000210,60,566,-506
106000211,127,784,-657
106000212,9,3,6
106000213,68,356,-288
106000214,184,35,149
106000215,15,50,-35
106000216,38,46,-8
106000217,31,52,-21
106000218,36,53,-17
106000219,12,28,-16
106000220,38,38,0
106000221,5,179,-174
106000222,0,0,0
106000223,0,0,0
106000224,28,123,-95
106000225,0,0,0
106000226,33,198,-165
106000228,3,116,-113
106000229,15,367,-352
106000231,4,7,-3
106000232,6,184,-178
106000233,4,7,-3
106000234,4,110,-106
106000235,3,3,0
106000236,12,15,-3
106000237,1,5,-4
106000238,0,0,0
106000239,2,10,-8
106000240,0,0,0
106000241,2,292,-290
106000242,3,0,3
106000249,0,0,0
106000250,5,106,-101
106000251,0,0,0
106000252,2,40,-38
106000253,0,0,0
106000254,22,21,1
106000255,0,0,0
106000256,26,36,-10
106000257,8,72,-64
106000258,0,0,0
106000259,0,17,-17
106000260,0,0,0
106000261,0,10,-10
106000262,0,0,0
106000263,1,17,-16
106000264,0,0,0
106000265,1,38,-37
106000266,0,0,0
106000267,2,20,-18
106000268,0,0,0
106000269,14,19,-5
106000270,23,175,-152
106000271,0,0,0
106000272,7,13,-6
106000273,0,0,0
106000274,41,7,34
106000275,0,0,0
106000276,4,12,-8
106000277,1,0,1
106000278,14,13,1
106000279,0,13,-13
106000280,1,19,-18
106000281,11,12,-1
106000282,7,17,-10
106000283,8,6,2
106000284,2,18,-16
106000285,2,16,-14
106000286,12,39,-27
106000287,3,9,-6
106000288,8,26,-18
106000289,6,10,-4
106000290,8,17,-9
106000291,8,7,1
106000292,10,23,-13
106000293,12,6,6
106000294,14,19,-5
106000295,4,6,-2
106000296,13,21,-8
106000297,10,28,-18
106000298,15,10,5
106000299,7,18,-11
106000300,2,9,-7
106000301,1,19,-18
106000303,0,0,0
106000304,1,7,-6
106000305,0,0,0
106000306,9,9,0
106000307,0,0,0
106000308,6,22,-16
106000309,0,5,-5
106000310,20,134,-114
106000311,22,18,4
106000312,19,62,-43
106000313,15,26,-11
106000318,23,50,-27
106000319,43,1,42
106000320,0,0,0
106000321,0,0,0
106000322,29,84,-55
106000324,0,2,-2
106000325,85,67,18
106000326,273,704,-431
106000327,0,0,0
106000328,0,0,0
106000329,3,47,-44
106000330,9,25,-16
106000428,20,53,-33
106000429,34,94,-60
106000430,99,374,-275
106000431,56,65,-9
106000432,329,819,-490
106000433,195,164,31
106000434,213,63,150
106000435,828,1050,-222
106000436,13,176,-163
106000437,0,0,0
106000438,0,0,0
106000439,13,159,-146
106000440,41,48,-7
106000441,0,0,0
106000442,0,0,0
106000443,4,24,-20
106000450,1,78,-77
106000451,0,0,0
106000454,1,15,-14
106000455,2,59,-57
106000456,0,0,0
106000457,2,497,-495
106000458,0,0,0
106000459,14,223,-209
106000460,0,0,0
106000461,10,861,-851
106000462,0,12,-12
106000463,0,0,0
106000464,4,222,-218
106000465,0,0,0
106000466,2,304,-302
106000467,158,186,-28
106000468,0,3,-3
106000469,0,3,-3
106000470,47,260,-213
106000471,1,222,-221
106000472,0,0,0
106000473,1,8,-7
106000474,130,366,-236
106000475,24,38,-14
106000476,25,16,9
106000477,5,47,-42
106900001,0,0,0
106900002,0,0,0
106900003,0,0,0
106900004,0,0,0
106900006,0,0,0
106900007,0,0,0
106900008,0,0,0
106900009,0,0,0
106900010,0,0,0
106900012,0,0,0
106900013,0,0,0
106900014,0,0,0
106900015,0,0,0
106900016,0,0,0
106900017,0,0,0
106900018,0,0,0
106900019,0,0,0
106900020,0,0,0
106900021,0,0,0
106900022,0,0,0
106900023,0,0,0
106900024,0,0,0
106900025,0,0,0
106900026,0,0,0
106900027,0,0,0
107000001,393,519,-126
107000002,1358,2139,-781
107000003,682,865,-183
107000004,2193,3187,-994
107000005,237,496,-259
107000006,1226,3229,-2003
107000007,779,730,49
107000008,10806,7205,3601
107000009,390,619,-229
107000010,6792,5450,1342
107000011,539,472,67
107000012,976,981,-5
107000013,13,155,-142
107000014,18,222,-204
107000015,114,600,-486
107000016,90,712,-622
107000017,895,236,659
107000018,0,131,-131
107000020,257,89,168
107000021,492,462,30
107000022,137,989,-852
107000023,517,149,368
107000024,142,1307,-1165
107000025,51,126,-75
107000026,33,351,-318
107000027,360,223,137
107000028,310,549,-239
107000029,268,237,31
107000030,474,1150,-676
107000031,170,272,-102
107000032,19,63,-44
107000033,807,1660,-853
107000034,2555,738,1817
107000035,6,11,-5
107000036,40,187,-147
107000037,6,25,-19
107000038,89,154,-65
107000039,0,1,-1
107000040,82,162,-80
107000041,258,96,162
107000042,150,383,-233
107000043,463,131,332
107000044,171,251,-80
107000045,11,113,-102
107000046,63,61,2
107000047,64,255,-191
107000048,45,83,-38
107000049,34,213,-179
107000050,60,73,-13
107000051,111,136,-25
107000052,168,84,84
107000053,16,20,-4
107000054,12,99,-87
107000055,55,16,39
107000056,80,328,-248
107000057,129,31,98
107000058,0,0,0
107000059,393,1216,-823
107000060,39,56,-17
107000061,1276,1551,-275
107000062,37,46,-9
107000063,969,2304,-1335
107000064,31,91,-60
107000065,900,2361,-1461
107000066,38,74,-36
107000067,28,78,-50
107000068,0,0,0
107000069,0,0,0
107000070,0,3,-3
107000071,0,0,0
107000072,17,1563,-1546
107000073,0,0,0
107000074,43,479,-436
107000075,0,0,0
107000076,240,1240,-1000
107000077,0,0,0
107000078,318,1678,-1360
107000079,0,0,0
107000080,286,1514,-1228
107000081,12,11,1
107000082,118,1265,-1147
107000083,5,8,-3
107000084,122,1200,-1078
107000085,479,563,-84
107000086,452,755,-303
107000087,362,454,-92
107000088,367,771,-404
107000089,120,176,-56
107000090,305,447,-142
107000091,92,203,-111
107000092,263,437,-174
107000093,57,196,-139
107000094,176,470,-294
107000095,0,0,0
107000096,279,580,-301
107000097,0,0,0
107000098,104,356,-252
107000099,0,0,0
107000100,92,155,-63
107000101,0,0,0
107000102,185,139,46
107000103,0,0,0
107000104,41,128,-87
107000105,5,0,5
107000106,35,99,-64
107000107,7,2,5
107000108,35,366,-331
107000109,0,0,0
107000110,17,216,-199
107000111,0,0,0
107000112,4,175,-171
107000113,0,0,0
107000114,10,277,-267
107000115,0,0,0
107000116,35,512,-477
107000117,0,0,0
107000118,31,119,-88
107000119,128,33,95
107000120,827,301,526
107000121,45,21,24
107000122,189,442,-253
107000123,17,26,-9
107000124,53,392,-339
107000125,53,37,16
107000126,122,597,-475
107000129,55,345,-290
107000130,0,0,0
107000131,187,282,-95
107000132,0,0,0
107000133,6,12,-6
107000134,3,0,3
107000135,0,20,-20
107000136,7,0,7
107000137,1,29,-28
107000138,8,1,7
107000139,0,39,-39
107000140,64,6,58
107000141,33,106,-73
107000142,12,1,11
107000143,3,70,-67
107000144,20,9,11
107000145,12,22,-10
107000146,7,1,6
107000147,340,31,309
107000150,27,15,12
107000151,3,15,-12
107000152,1,42,-41
107000153,31,65,-34
107000154,9,1,8
107000155,11,3,8
107000156,117,3,114
107000157,5,446,-441
107000158,12,0,12
107000159,2,186,-184
107000160,18,9,9
107000161,5,210,-205
107000162,15,20,-5
107000163,0,0,0
107000164,0,0,0
107000165,0,0,0
107000166,11,381,-370
107000167,20,45,-25
107000168,81,20,61
107000169,115,586,-471
107000170,56,27,29
107000171,50,1371,-1321
107000172,32,37,-5
107000173,120,379,-259
107000174,150,290,-140
107000175,2595,532,2063
107000176,0,0,0
107000177,0,0,0
107000178,0,0,0
107000179,63,1268,-1205
107000180,3,0,3
107000181,65,550,-485
107000182,7,135,-128
107000183,52,435,-383
107000184,15,124,-109
107000185,28,577,-549
107000186,0,0,0
107000187,95,167,-72
107000188,59,110,-51
107000189,26,82,-56
107000190,61,200,-139
107000191,5,7,-2
107000192,169,282,-113
107000193,1,3,-2
107000194,163,201,-38
107000197,0,0,0
107000198,50,349,-299
107000199,243,320,-77
107000200,0,0,0
107000201,110,109,1
107000202,0,0,0
107000203,195,249,-54
107000204,22,15,7
107000205,1500,741,759
107000206,0,0,0
107000207,43,13,30
107000208,64,12,52
107000209,101,5,96
107000210,307,28,279
107000211,0,0,0
107000212,0,87,-87
107000213,0,0,0
107000214,2,7,-5
107000215,12,31,-19
107000216,3,61,-58
107000217,2,12,-10
107000219,0,3,-3
107000220,2,56,-54
107000222,40,239,-199
107000224,0,0,0
107000225,23,218,-195
107000226,0,0,0
107000227,11,189,-178
107000228,17,29,-12
107000229,7,2,5
107000230,392,189,203
107000231,18,26,-8
107000232,0,0,0
107000233,25,39,-14
107000234,0,0,0
107000235,0,1,-1
107000236,7,344,-337
107000237,0,0,0
107000238,0,4,-4
107000239,236,19,217
107000240,4,315,-311
107000241,55,21,34
107000242,188,60,128
107000243,0,31,-31
107000244,3,77,-74
107000246,1,640,-639
107000249,1,300,-299
107000251,0,121,-121
107000252,0,557,-557
107000255,110,18,92
107000257,0,70,-70
107000258,0,19,-19
107000259,0,29,-29
107000260,0,0,0
107000262,3,129,-126
107000263,0,0,0
107000266,0,0,0
107000267,9,22,-13
107000268,9,18,-9
107000269,0,0,0
107000270,0,0,0
107000271,0,174,-174
107000272,0,59,-59
107000273,1,28,-27
107000274,53,61,-8
107000275,4,94,-90
107000280,9,3,6
107000281,3,149,-146
107000282,5,330,-325
107000290,0,12,-12
107000291,0,0,0
107000292,0,12,-12
107000293,0,0,0
107000294,0,15,-15
107000295,0,0,0
107000296,0,0,0
107000444,15,0,15
107000496,0,0,0
107000497,213,1481,-1268
107000500,0,0,0
107000501,0,0,0
107000502,0,0,0
107000505,161,302,-141
107000506,0,3,-3
107000508,2,241,-239
107000509,14,16,-2
107000510,0,0,0
107000514,0,34,-34
107000515,1,44,-43
107000516,0,0,0
107000518,0,0,0
107000519,779,717,62
107000520,0,0,0
107000521,77,221,-144
107000522,0,69,-69
107900001,0,3,-3
107900002,0,0,0
107900003,3,0,3
107900004,0,0,0
107900005,38,2,36
107900006,0,0,0
107900007,1,0,1
107900008,20,4,16
107900009,0,0,0
107900010,0,0,0
107900012,15,0,15
107900013,26,5,21
107900014,0,0,0
107900015,38,0,38
107900016,23,6,17
107900017,1,0,1
107900018,0,1,-1
107900019,1,12,-11
107900020,0,0,0
107900021,0,30,-30
107900023,0,1,-1
107900024,0,0,0
107900025,24,35,-11
107900026,1,6,-5
107900027,0,0,0
107900028,1,12,-11
107900030,12,0,12
107900031,0,72,-72
107900032,0,0,0
107900033,0,0,0
107900034,29,0,29
107900035,34,0,34
107900036,0,0,0
107900037,0,0,0
107900038,16,12,4
107900039,1,8,-7
107900040,0,0,0
107900041,0,0,0
107900043,1,27,-26
107900044,1,1,0
107900045,3,1,2
107900046,9,4,5
107900047,0,0,0
107900048,4,0,4
107900049,27,47,-20
107900050,41,54,-13
107900051,6,15,-9
107900052,0,0,0
107900053,0,5,-5
107900055,25,26,-1
107900056,1,0,1
107900057,0,0,0
107900058,0,131,-131
107900060,0,0,0
107900061,0,0,0
107900063,3,11,-8
107900064,18,3,15
107900065,1,1,0
107900066,0,0,0
107900067,0,0,0
107900068,7,31,-24
107900069,1,8,-7
107900070,0,1,-1
107900071,3,202,-199
107900072,2,16,-14
107900073,0,0,0
107900074,0,0,0
107900076,6,11,-5
107900077,0,0,0
107900078,19,0,19
107900079,1,1,0
107900080,5,10,-5
107900081,0,0,0
107900082,0,0,0
107900083,30,16,14
107900084,0,8,-8
107900086,13,16,-3
107900087,55,1,54
107900088,0,0,0
107900089,24,96,-72
107900090,27,43,-16
107900091,11,102,-91
107900092,453,85,368
107900093,0,0,0
107900094,0,0,0
107900095,222,84,138
107900097,1,5,-4
107900098,5,6,-1
107900100,203,44,159
107900101,223,31,192
107900102,0,0,0
107900103,2,22,-20
107900104,0,0,0
107900105,0,163,-163
107900106,0,409,-409
107900107,249,18,231
107900108,8,3,5
107900109,0,0,0
107900110,1,13,-12
107900111,0,302,-302
107900112,14,60,-46
107900113,0,0,0
107900114,5,40,-35
107900115,0,0,0
107900116,0,41,-41
107900117,24,70,-46
107900118,17,34,-17
107900119,2,4,-2
107900120,0,0,0
107900121,0,7,-7
107900122,1,4,-3
107900123,0,12,-12
107900124,0,1,-1
107900125,6,53,-47
107900126,0,7,-7
107900127,145,12,133
107900128,2,0,2
107900129,0,10,-10
107900130,0,0,0
107900131,9,2,7
107900132,12,96,-84
107900133,0,8,-8
107900134,0,0,0
107900135,1,46,-45
107900136,7,1,6
107900137,4,4,0
107900138,4,5,-1
107900139,0,0,0
107900140,12,22,-10
107900141,5,0,5
107900142,19,245,-226
107900143,4,1,3
107900144,0,37,-37
107900145,0,7,-7
107900146,2,5,-3
107900147,1,0,1
107900148,21,30,-9
107900149,538,24,514
107900150,10,157,-147
107900151,0,43,-43
107900152,1,29,-28
107900153,4,9,-5
107900154,0,0,0
107900155,0,0,0
107900156,0,7,-7
107900157,3,22,-19
107900158,19,1,18
107900159,10,292,-282
107900160,1,53,-52
107900161,0,99,-99
107900162,0,32,-32
107900163,1,2,-1
107900164,1,15,-14
107900165,2,5,-3
107900166,0,104,-104
107900167,0,0,0
107900168,0,3,-3
107900169,0,41,-41
107900171,2,452,-450
107900172,0,111,-111
107900173,1,61,-60
107900174,1,0,1
107900175,0,0,0
107900176,0,6,-6
107900177,0,44,-44
107900178,2,92,-90
107900179,0,35,-35
107900180,123,9,114
107900181,103,108,-5
107900182,0,484,-484
107900183,2,149,-147
107900184,0,0,0
107900185,2,0,2
107900186,5,11,-6
107900187,0,65,-65
107900188,64,7,57
107900189,1,25,-24
107900190,21,2,19
107900191,3,26,-23
107900193,0,15,-15
107900194,6,0,6
107900195,603,45,558
107900196,0,0,0
107900197,16,5,11
107900199,1,191,-190
107900201,21,39,-18
107900203,0,29,-29
107900204,119,51,68
107900205,28,161,-133
107900206,16,8,8
107900207,0,230,-230
107900208,3,189,-186
107900209,51,15,36
107900210,2,22,-20
107900213,46,72,-26
107900214,1,41,-40
107900215,48,108,-60
107900216,0,10,-10
107900217,0,0,0
107900218,2,188,-186
107900219,0,38,-38
107900220,24,21,3
107900221,44,68,-24
107900223,0,0,0
107900224,25,105,-80
107900225,0,91,-91
107900226,7,35,-28
107900227,12,117,-105
107900228,1,27,-26
107900229,1,95,-94
107900230,1,26,-25
107900231,0,0,0
107900232,1,66,-65
107900233,1,33,-32
107900234,19,83,-64
107900235,20,32,-12
107900236,2,49,-47
107900237,32,179,-147
107900238,0,0,0
107900239,229,153,76
107900240,2,33,-31
107900241,4,20,-16
107900242,0,98,-98
107900243,0,8,-8
107900244,0,0,0
107900245,2,0,2
107900246,0,0,0
107900248,8,222,-214
107900249,0,0,0
107900250,1,113,-112
107900251,3,242,-239
107900252,0,0,0
107900253,0,0,0
107900254,0,12,-12
107900255,94,10,84
107900256,29,63,-34
107900257,0,0,0
107900258,1,22,-21
107900259,0,7,-7
107900261,2,132,-130
107900262,0,0,0
107900264,0,0,0
107900265,7,19,-12
107900267,0,1,-1
107900268,0,0,0
107900269,0,0,0
107900270,0,0,0
107900271,0,0,0
107900272,0,0,0
107900273,0,19,-19
107900274,0,0,0
107900275,0,0,0
107900276,0,18,-18
107900277,0,57,-57
107900278,1,93,-92
107900279,24,12,12
107900280,2,100,-98
107900281,476,105,371
107900282,4,17,-13
107900283,84,19,65
107900284,6,246,-240
107900285,0,15,-15
107900286,2,16,-14
107900287,1,6,-5
107900290,0,12,-12
107900291,37,0,37
107900292,4,58,-54
107900293,2,48,-46
107900295,2,26,-24
107900297,1,80,-79
107900298,61,94,-33
107900299,778,138,640
107900300,14,49,-35
107900301,14,38,-24
107900302,2,1,1
107900303,0,64,-64
107900304,11,151,-140
107900305,11,4,7
107900306,0,0,0
107900307,9,106,-97
107900308,17,1,16
107900309,0,0,0
107900310,1,0,1
107900311,1,4,-3
107900312,0,0,0
107900313,0,4,-4
107900314,0,7,-7
107900315,0,10,-10
107900316,2,0,2
107900317,0,0,0
107900318,1,15,-14
107900319,0,63,-63
107900320,1,45,-44
107900321,2,1,1
107900322,0,72,-72
107900323,0,34,-34
107900324,1,0,1
107900325,2,1,1
107900326,3,145,-142
107900327,1,1,0
107900328,0,0,0
107900329,0,0,0
107900330,1,156,-155
107900331,0,0,0
107900332,1,0,1
107900333,1,3,-2
107900334,3,69,-66
107900335,14,7,7
107900336,0,8,-8
107900337,245,32,213
107900338,0,50,-50
107900339,0,15,-15
107900340,0,12,-12
107900341,2,0,2
107900342,2,34,-32
107900343,2,0,2
107900344,0,39,-39
107900345,0,6,-6
107900346,0,0,0
107900347,0,0,0
107900348,0,0,0
107900349,0,0,0
107900350,14,79,-65
108000001,448,480,-32
108000002,1586,2144,-558
108000003,438,313,125
108000004,8393,8102,291
108000005,409,380,29
108000006,1466,3398,-1932
108000007,370,540,-170
108000008,1580,3170,-1590
108000009,250,664,-414
108000010,787,2967,-2180
108000011,1528,1104,424
108000012,8224,7151,1073
108000014,10,83,-73
108000015,4,45,-41
108000016,66,416,-350
108000017,2,54,-52
108000018,4,62,-58
108000019,4,53,-49
108000020,0,1,-1
108000021,144,1004,-860
108000022,147,600,-453
108000023,0,0,0
108000024,7,226,-219
108000025,6,85,-79
108000026,17,223,-206
108000027,17,281,-264
108000028,11,159,-148
108000029,26,335,-309
108000030,2,98,-96
108000031,19,328,-309
108000032,0,0,0
108000033,152,610,-458
108000034,0,0,0
108000035,261,1375,-1114
108000036,92,707,-615
108000037,86,21,65
108000038,51,17,34
108000039,106,1088,-982
108000040,35,14,21
108000041,212,1320,-1108
108000042,4,85,-81
108000043,11,191,-180
108000044,3,74,-71
108000045,43,578,-535
108000046,1,0,1
108000047,106,633,-527
108000048,35,417,-382
108000049,35,24,11
108000050,20,202,-182
108000051,13,6,7
108000052,100,238,-138
108000053,18,16,2
108000054,47,278,-231
108000055,28,29,-1
108000056,245,425,-180
108000057,14,62,-48
108000058,23,207,-184
108000059,1135,548,587
108000060,1,14,-13
108000061,26,150,-124
108000062,20,25,-5
108000063,37,241,-204
108000064,0,0,0
108000065,67,212,-145
108000066,356,66,290
108000067,45,66,-21
108000068,0,0,0
108000069,95,619,-524
108000070,0,0,0
108000071,150,972,-822
108000072,0,0,0
108000073,257,905,-648
108000074,0,0,0
108000075,87,422,-335
108000076,0,0,0
108000077,175,504,-329
108000078,26,41,-15
108000079,447,868,-421
108000080,5,18,-13
108000081,149,1109,-960
108000082,316,695,-379
108000083,28,8,20
108000084,47,484,-437
108000085,5,6,-1
108000086,144,306,-162
108000087,2,25,-23
108000088,0,0,0
108000089,31,61,-30
108000090,10,0,10
108000091,14,290,-276
108000092,0,0,0
108000093,54,432,-378
108000094,0,0,0
108000095,72,290,-218
108000096,0,0,0
108000097,61,362,-301
108000098,46,102,-56
108000099,0,0,0
108000100,0,0,0
108000101,0,1,-1
108000102,90,184,-94
108000106,0,0,0
108000107,3,315,-312
108000108,0,0,0
108000109,3,358,-355
108000110,14,74,-60
108000111,80,468,-388
108000112,0,0,0
108000113,24,16,8
108000115,89,57,32
108000117,96,83,13
108000118,12,111,-99
108000119,83,187,-104
108000120,2,148,-146
108000121,7,277,-270
108000122,18,68,-50
108000123,13,9,4
108000124,7,380,-373
108000125,1,0,1
108000126,17,375,-358
108000127,1,2,-1
108000128,35,511,-476
108000129,47,907,-860
108000130,1,0,1
108000131,5,2,3
108000132,271,396,-125
108000133,1,5,-4
108000134,118,549,-431
108000135,17,1,16
108000136,241,779,-538
108000137,0,0,0
108000138,23,180,-157
108000139,0,16,-16
108000140,23,8,15
108000141,9,88,-79
108000142,38,132,-94
108000143,9,53,-44
108000144,11,2,9
108000145,8,120,-112
108000146,5,3,2
108000147,4,122,-118
108000148,9,2,7
108000149,1,57,-56
108000150,4,1,3
108000151,5,0,5
108000152,17,140,-123
108000153,8,2,6
108000154,9,23,-14
108000155,4,0,4
108000156,134,13,121
108000157,9,10,-1
108000158,37,94,-57
108000159,38,1,37
108000160,841,163,678
108000161,653,200,453
108000165,0,8,-8
108000172,0,0,0
108000173,611,47,564
108000175,0,32,-32
108000178,151,207,-56
108000179,0,0,0
108000181,0,2,-2
108000182,7,3,4
108000183,5,35,-30
108000184,130,144,-14
108000185,4,202,-198
108000186,7,9,-2
108000187,4,132,-128
108000188,8,32,-24
108000189,15,45,-30
108000190,4,69,-65
108000192,31,229,-198
108000193,174,10,164
108000194,0,0,0
108000195,0,981,-981
108000196,1,21,-20
108000198,80,141,-61
108000199,0,78,-78
108000200,3,95,-92
108000202,1,135,-134
108000203,2,291,-289
108000204,18,4,14
108000205,130,81,49
108000339,71,36,35
108000364,16,14,2
108000365,0,47,-47
108000367,11,34,-23
108000368,2,28,-26
108000369,502,38,464
108000371,1,286,-285
108000372,0,0,0
108000373,0,0,0
108000376,13,2,11
108000377,23,13,10
108000378,1753,1017,736
108000379,7,86,-79
108000381,0,0,0
108000382,0,1,-1
108000383,0,52,-52
108900001,10,50,-40
108900002,4,4,0
108900003,43,135,-92
108900004,145,49,96
108900005,0,31,-31
108900006,57,47,10
108900007,8,31,-23
108900008,2,21,-19
108900009,2,18,-16
108900010,1,19,-18
108900011,1,50,-49
108900012,15,73,-58
108900013,5,51,-46
108900014,0,10,-10
108900015,0,0,0
108900016,1,24,-23
108900017,0,14,-14
108900018,4,70,-66
108900019,0,223,-223
108900020,4,31,-27
108900021,8,19,-11
108900022,0,1,-1
108900023,0,3,-3
108900024,0,32,-32
108900025,0,0,0
108900026,6,11,-5
108900027,0,13,-13
108900028,0,89,-89
108900029,2,23,-21
108900030,0,46,-46
108900031,0,103,-103
108900032,2,24,-22
108900033,0,16,-16
108900034,0,17,-17
108900035,7,432,-425
108900036,16,36,-20
108900037,1,34,-33
108900038,0,57,-57
108900039,0,21,-21
108900040,2,20,-18
108900041,464,68,396
108900042,0,59,-59
108900043,0,39,-39
108900044,0,123,-123
108900045,5,93,-88
108900046,1,107,-106
108900047,1,18,-17
108900048,0,86,-86
108900049,471,41,430
108900050,1,36,-35
108900051,0,52,-52
108900052,0,47,-47
108900053,6,6,0
108900054,4,6,-2
108900055,7,73,-66
108900056,0,52,-52
108900057,1,48,-47
108900058,1,79,-78
108900059,8,0,8
108900060,0,0,0
108900061,3,0,3
108900062,1,90,-89
108900063,0,42,-42
108900064,2,5,-3
108900065,0,8,-8
108900066,0,0,0
108900067,0,55,-55
108900068,0,22,-22
108900069,0,7,-7
108900070,4,18,-14
108900071,0,0,0
108900072,1,0,1
108900073,0,27,-27
108900074,0,32,-32
108900075,0,2,-2
108900076,0,0,0
108900077,5,31,-26
108900078,0,15,-15
108900079,18,8,10
108900080,0,0,0
108900081,4,60,-56
108900082,3,12,-9
108900083,0,0,0
108900084,47,16,31
108900085,181,6,175
108900086,3,16,-13
108900087,7,11,-4
108900088,0,0,0
108900089,0,0,0
108900090,0,16,-16
108900091,17,5,12
108900092,0,3,-3
108900093,0,0,0
108900094,3,3,0
108900095,2,21,-19
108900096,34,1,33
108900097,0,111,-111
108900098,8,0,8
108900099,0,97,-97
108900100,1,9,-8
108900101,0,0,0
108900102,1,10,-9
108900103,0,0,0
108900104,39,35,4
108900105,0,0,0
108900106,0,140,-140
108900108,0,0,0
108900109,0,0,0
108900110,0,81,-81
108900111,0,126,-126
108900112,0,0,0
108900113,2,0,2
108900114,0,0,0
108900115,0,0,0
108900116,0,0,0
108900117,0,0,0
108900118,0,0,0
108900119,0,0,0
108900120,0,0,0
108900121,0,0,0
108900122,0,0,0
108900123,0,0,0
108900124,0,0,0
108900125,0,0,0
108900126,0,0,0
108900127,0,0,0
108900128,0,0,0
108900129,0,0,0
108900130,0,0,0
108900131,0,0,0
108900132,0,0,0
108900133,0,0,0
108900134,0,0,0
108900135,0,0,0
108900136,0,0,0
108900137,2,0,2
108900138,0,0,0
108900139,0,0,0
108900140,0,0,0
108900141,0,0,0
108900142,0,0,0
108900143,0,0,0
108900144,1,0,1
108900145,0,0,0
108900146,0,0,0
108900147,1,0,1
108900148,0,0,0
108900149,33,27,6
108900150,0,0,0
108900151,0,0,0
108900152,0,3,-3
108900153,0,41,-41
108900154,1,2,-1
108900155,0,6,-6
108900156,0,0,0
108900157,0,57,-57
108900158,0,2,-2
108900159,0,18,-18
108900160,0,31,-31
108900161,1,92,-91
108900162,0,0,0
108900163,0,0,0
108900164,2,10,-8
108900165,14,5,9
108900167,133,23,110
108900168,866,54,812
108900169,2,5,-3
108900171,453,145,308
108900172,0,0,0
108900173,8,22,-14
108900174,0,0,0
108900176,4,95,-91
108900177,1091,90,1001
108900178,329,36,293
108900179,4,10,-6
108900180,0,0,0
108900182,0,1,-1
108900183,13,23,-10
108900184,0,4,-4
108900185,6,30,-24
108900186,0,41,-41
108900187,0,0,0
108900188,0,0,0
108900189,0,0,0
108900190,0,414,-414
108900191,0,0,0
108900192,4,27,-23
108900193,0,0,0
108900194,2,56,-54
108900195,3,58,-55
108900196,1,73,-72
108900198,0,115,-115
108900199,5,46,-41
108900200,43,59,-16
108900201,9,164,-155
108900203,4,0,4
108900204,5,0,5
108900205,0,0,0
108900206,0,0,0
108900207,0,0,0
108900208,9,77,-68
108900209,17,141,-124
108900210,6,7,-1
108900211,2,7,-5
108900212,31,25,6
108900215,12,94,-82
108900216,0,9,-9
108900217,0,0,0
108900218,0,0,0
108900219,0,0,0
108900220,0,0,0
108900221,1,6,-5
108900222,0,0,0
108900223,0,5,-5
108900224,4,14,-10
108900225,0,26,-26
108900226,0,0,0
108900227,0,1,-1
108900230,11,18,-7
108900231,6,25,-19
108900232,0,44,-44
108900233,0,0,0
108900234,0,0,0
108900235,8,53,-45
108900236,2,23,-21
108900237,1,33,-32
108900240,0,10,-10
108900241,0,0,0
108900245,0,0,0
108900249,0,0,0
108900250,0,14,-14
108900257,0,66,-66
108900258,0,12,-12
108900259,0,5,-5
108900260,2,5,-3
108900261,8,2,6
108900262,2,1,1
108900263,0,0,0
108900264,0,0,0
108900265,0,0,0
108900266,0,0,0
108900267,0,0,0
108900268,0,0,0
108900269,0,0,0
108900270,0,0,0
108900271,0,0,0
108900272,0,0,0
108900273,0,0,0
108900274,3,12,-9
109000001,472,166,306
109000002,3853,653,3200
109000003,362,164,198
109000004,363,1700,-1337
109000005,183,166,17
109000006,285,1317,-1032
109000007,145,159,-14
109000008,189,1095,-906
109000009,448,285,163
109000010,636,2483,-1847
109000011,360,282,78
109000012,748,2355,-1607
109000013,426,241,185
109000014,478,2021,-1543
109000015,500,388,112
109000016,5167,2627,2540
109000017,227,242,-15
109000018,424,2374,-1950
109000019,292,225,67
109000020,595,1208,-613
109000023,0,0,0
109000024,1,19,-18
109000025,127,50,77
109000026,101,60,41
109000027,15,60,-45
109000028,2,25,-23
109000029,42,26,16
109000030,11,246,-235
109000031,0,0,0
109000032,24,239,-215
109000033,0,0,0
109000034,2,1,1
109000035,0,0,0
109000036,32,151,-119
109000037,20,57,-37
109000038,317,181,136
109000039,81,27,54
109000040,710,115,595
109000041,3204,289,2915
109000042,100,290,-190
109000044,2,6,-4
109000045,26,274,-248
109000046,1,8,-7
109000047,20,346,-326
109000048,11,4,7
109000049,81,479,-398
109000050,3,4,-1
109000051,124,275,-151
109000052,60,386,-326
109000053,0,0,0
109000054,5,141,-136
109000055,4,31,-27
109000056,30,120,-90
109000057,32,18,14
109000058,120,31,89
109000059,9,145,-136
109000060,44,2,42
109000061,374,63,311
109000062,9,9,0
109000063,53,58,-5
109000064,4,0,4
109000065,5,111,-106
109000066,7,0,7
109000067,5,96,-91
109000068,0,0,0
109000069,0,0,0
109000070,1,332,-331
109000071,97,6,91
109000072,7,63,-56
109000073,11,29,-18
109000074,5,42,-37
109000075,30,421,-391
109000076,0,16,-16
109000077,48,63,-15
109000078,4,17,-13
109000079,6,65,-59
109000080,6,27,-21
109000081,3,164,-161
109000082,9,69,-60
109000083,20,242,-222
109000088,12,75,-63
109000089,7,4,3
109000090,30,120,-90
109000091,41,7,34
109000092,115,215,-100
109000093,30,6,24
109000094,10,0,10
109000095,8,198,-190
109000096,35,1,34
109000097,5,23,-18
109000098,0,0,0
109000099,53,90,-37
109000100,9,247,-238
109000101,95,122,-27
109000102,22,571,-549
109000103,29,144,-115
109000104,101,71,30
109000105,77,917,-840
109000106,193,72,121
109000107,43,766,-723
109000108,89,96,-7
109000109,105,816,-711
109000110,107,82,25
109000111,272,892,-620
109000112,27,57,-30
109000113,35,130,-95
109000114,4,74,-70
109000115,38,1,37
109000116,1,92,-91
109000117,1,6,-5
109000118,0,121,-121
109000119,17,30,-13
109000120,14,578,-564
109000121,11,5,6
109000122,12,828,-816
109000123,1,10,-9
109000124,44,97,-53
109000125,52,91,-39
109000126,68,1073,-1005
109000127,23,34,-11
109000128,45,1341,-1296
109000129,12,17,-5
109000130,152,1604,-1452
109000131,72,39,33
109000132,222,864,-642
109000133,37,401,-364
109000134,118,908,-790
109000135,186,676,-490
109000136,8,19,-11
109000137,38,68,-30
109000138,13,23,-10
109000139,30,100,-70
109000140,5,29,-24
109000141,27,203,-176
109000142,14,64,-50
109000143,3,3,0
109000145,16,12,4
109000146,2,1,1
109000148,1300,106,1194
109000149,15,21,-6
109000150,0,0,0
109000155,50,130,-80
109000156,255,246,9
109000158,5,85,-80
109000159,13,139,-126
109000160,109,109,0
109000161,16,386,-370
109000162,203,404,-201
109000163,57,273,-216
109000164,113,700,-587
109000165,73,178,-105
109000166,36,44,-8
109000167,8,209,-201
109000170,0,0,0
109000171,0,1,-1
109000172,0,0,0
109000173,1,5,-4
109000174,1,2,-1
109000175,0,0,0
109000176,23,169,-146
109000177,0,0,0
109000178,21,45,-24
109000179,1154,206,948
109000180,1186,434,752
109000181,2,9,-7
109000182,5,35,-30
109000183,1,17,-16
109000184,5,8,-3
109000185,3,7,-4
109000188,12,140,-128
109000189,131,246,-115
109000190,90,280,-190
109000191,0,0,0
109000192,5,20,-15
109000193,22,99,-77
109000194,0,7,-7
109000195,5,127,-122
109000196,1,12,-11
109000197,20,136,-116
109000198,4,3,1
109000199,12,124,-112
109000206,19,19,0
109000207,6,10,-4
109000208,19,16,3
109000209,3,10,-7
109000210,34,99,-65
109000211,5,20,-15
109000214,5,38,-33
109000215,1,5,-4
109000216,7,16,-9
109000217,29,21,8
109000218,4,16,-12
109000221,27,223,-196
109000222,48,3,45
109000223,41,57,-16
109000224,2,21,-19
109000225,3,10,-7
109000226,9,65,-56
109000227,52,304,-252
109000228,0,169,-169
109000231,0,173,-173
109000232,5,112,-107
109000236,27,436,-409
109000241,181,435,-254
109000242,37,200,-163
109000293,0,0,0
109000361,11,29,-18
109000364,15,147,-132
109000396,3,275,-272
109000397,18,1,17
109000399,45,142,-97
109000400,9,130,-121
109000403,2,23,-21
109000406,18,2,16
109000407,8,25,-17
109000408,2,118,-116
109000410,162,128,34
109000411,0,0,0
109900001,0,0,0
109900002,0,0,0
109900003,0,0,0
109900004,37,32,5
109900005,0,0,0
109900006,0,22,-22
109900007,0,174,-174
109900008,0,13,-13
109900009,7,234,-227
109900010,0,0,0
109900011,8,2,6
109900012,5,14,-9
109900013,23,5,18
109900014,6,9,-3
109900015,9,15,-6
109900016,1,16,-15
109900017,5,8,-3
109900018,5,22,-17
109900019,4,12,-8
109900020,0,0,0
109900021,2,0,2
109900022,0,40,-40
109900023,0,0,0
109900024,0,0,0
109900025,2,11,-9
109900026,0,14,-14
109900027,1,1,0
109900028,216,28,188
109900029,2,35,-33
109900030,0,0,0
109900031,0,20,-20
109900032,0,56,-56
109900033,0,1,-1
109900034,0,0,0
109900035,0,7,-7
109900036,2,13,-11
109900037,3,80,-77
109900038,0,0,0
109900039,0,0,0
109900040,1,155,-154
109900041,5,47,-42
109900042,3,88,-85
109900044,6,13,-7
109900045,2,3,-1
109900046,0,0,0
109900047,14,43,-29
109900048,4,15,-11
109900049,0,1,-1
109900050,0,73,-73
109900051,0,4,-4
109900052,1,42,-41
109900053,1,89,-88
109900054,0,0,0
109900055,0,64,-64
109900056,0,0,0
109900057,1,39,-38
109900058,0,7,-7
109900059,0,0,0
109900060,0,0,0
109900061,23,101,-78
109900062,1,35,-34
109900063,0,13,-13
109900064,7,9,-2
109900065,6,33,-27
109900066,13,172,-159
109900067,0,90,-90
109900068,0,0,0
109900069,0,8,-8
109900070,11,67,-56
109900071,0,15,-15
109900072,1,29,-28
109900073,0,71,-71
109900074,0,25,-25
109900075,0,0,0
109900076,0,27,-27
109900077,7,19,-12
109900078,3,52,-49
109900080,5,45,-40
109900081,0,3,-3
109900082,1,39,-38
109900083,1,5,-4
109900084,0,13,-13
109900085,3,82,-79
109900086,0,0,0
109900087,15,53,-38
109900089,0,0,0
109900090,16,39,-23
109900091,0,0,0
109900092,0,0,0
109900093,0,0,0
109900094,0,11,-11
109900095,3,7,-4
109900096,0,0,0
109900097,0,0,0
109900098,0,0,0
109900099,0,0,0
109900100,0,0,0
109900101,0,0,0
109900102,0,0,0
109900103,1,9,-8
109900104,1,355,-354
109900105,0,0,0
109900106,0,0,0
109900107,0,0,0
109900108,9,257,-248
109900109,0,49,-49
109900110,1,25,-24
109900111,8,54,-46
109900112,11,72,-61
109900113,0,0,0
109900114,0,1,-1
109900115,0,0,0
109900117,0,0,0
109900118,14,89,-75
109900119,69,42,27
109900120,1,0,1
109900121,25,12,13
109900122,0,0,0
109900123,0,19,-19
109900124,0,40,-40
109900125,0,17,-17
109900126,1,21,-20
109900128,0,0,0
109900130,138,2,136
109900131,0,0,0
109900132,0,0,0
109900133,0,0,0
109900134,0,0,0
109900135,19,2,17
109900136,7,18,-11
109900137,0,0,0
109900140,5,89,-84
109900142,53,33,20
109900145,0,8,-8
109900146,8,5,3
109900148,2,14,-12
109900149,5,5,0
109900150,0,8,-8
109900151,1,7,-6
109900152,0,0,0
109900153,0,12,-12
109900154,0,0,0
109900155,0,0,0
109900157,1,35,-34
109900158,5,22,-17
109900159,10,6,4
109900160,13,2,11
109900161,4,7,-3
109900162,8,24,-16
109900163,18,2,16
109900164,2,63,-61
109900165,2,2,0
109900166,0,22,-22
109900167,6,111,-105
109900168,10,91,-81
109900169,11,55,-44
109900170,20,38,-18
109900171,2,9,-7
109900172,9,14,-5
109900173,668,100,568
109900174,2,15,-13
109900175,2,25,-23
109900176,22,56,-34
109900177,14,152,-138
109900178,0,22,-22
109900179,0,0,0
109900180,0,0,0
110000001,170,249,-79
110000002,63,81,-18
110000003,963,400,563
110000004,168,100,68
110000005,450,197,253
110000006,90,167,-77
110000007,2,22,-20
110000008,4,16,-12
110000009,0,0,0
110000010,5,30,-25
110000011,2,16,-14
110000012,283,189,94
110000013,14,79,-65
110000014,232,62,170
110000015,19,34,-15
110000016,132,132,0
110000017,193,40,153
110000018,933,90,843
110000019,3,76,-73
110000020,87,92,-5
110000021,18,17,1
110000022,61,5,56
110000023,2,46,-44
110000024,274,259,15
110000025,42,0,42
110000026,5,141,-136
110000027,89,71,18
110000028,40,52,-12
110000029,107,307,-200
110000030,11,23,-12
110000031,54,206,-152
110000032,27,16,11
110000033,11,17,-6
110000034,90,324,-234
110000035,30,254,-224
110000036,57,207,-150
110000037,12,119,-107
110000038,66,131,-65
110000039,117,133,-16
110000040,40,102,-62
110000041,0,0,0
110000042,6,62,-56
110000043,0,0,0
110000044,2,15,-13
110000045,0,0,0
110000046,2,1,1
110000047,0,0,0
110000048,1,1,0
110000049,0,0,0
110000050,1,3,-2
110000051,0,0,0
110000052,0,0,0
110000053,0,0,0
110000054,17,53,-36
110000055,0,0,0
110000056,0,0,0
110000057,106,471,-365
110000058,85,115,-30
110000059,195,347,-152
110000060,61,101,-40
110000061,498,584,-86
110000062,236,167,69
110000063,4,20,-16
110000064,0,1,-1
110000065,4,31,-27
110000066,2,18,-16
110000067,0,3,-3
110000068,0,5,-5
110000069,6,40,-34
110000071,1,44,-43
110000073,0,14,-14
110000075,7,68,-61
110000076,27,13,14
110000077,59,27,32
110000078,0,12,-12
110000080,68,301,-233
110000081,11,63,-52
110000082,4,64,-60
110000083,80,268,-188
110000084,57,98,-41
110000085,1428,420,1008
110000086,105,244,-139
110000087,0,23,-23
110000088,1,139,-138
110000089,2,19,-17
110000090,3,68,-65
110000091,447,124,323
110000092,4,23,-19
110000093,34,0,34
110000094,120,203,-83
110000095,13,126,-113
110000096,1034,565,469
110000097,189,172,17
110000098,116,83,33
110000099,111,476,-365
110000100,8,144,-136
110000101,0,152,-152
110000102,24,8,16
110000104,14,10,4
110000105,2,39,-37
110000106,42,22,20
110000107,42,30,12
110000108,32,1,31
110000109,24,160,-136
110000110,699,211,488
110000111,2840,802,2038
110000112,207,83,124
110000113,131,83,48
110000114,7,48,-41
110000115,21,38,-17
110000116,2,15,-13
110000117,16,250,-234
110000118,36,58,-22
110000119,7,167,-160
110000120,46,43,3
110000121,8,106,-98
110000122,35,190,-155
110000123,21,70,-49
110000124,1,393,-392
110000125,0,0,0
110000126,0,0,0
110000127,0,0,0
110000128,6,675,-669
110000129,3,227,-224
110000130,0,0,0
110000131,51,171,-120
110000132,1,368,-367
110000133,15,76,-61
110000134,4,91,-87
110000135,0,0,0
110000136,8,96,-88
110000137,5,80,-75
110000138,31,258,-227
110000139,12,174,-162
110000140,0,0,0
110000143,66,40,26
110000144,937,260,677
110000145,268,128,140
110000146,578,150,428
110000147,22,252,-230
110000148,0,0,0
110000151,38,44,-6
110000152,103,132,-29
110000153,5,18,-13
110000154,0,0,0
110000155,471,814,-343
110000156,146,510,-364
110000157,602,654,-52
110000160,72,107,-35
110000161,33,145,-112
110000166,4,7,-3
110000167,85,59,26
110000168,137,41,96
110000169,30,29,1
110000170,2,5,-3
110000171,28,25,3
110000172,30,412,-382
110000173,270,418,-148
110000174,21,388,-367
110000175,0,0,0
110000176,0,0,0
110000177,1,51,-50
110000178,455,142,313
110000179,312,150,162
110000180,23,104,-81
110000181,46,156,-110
110000182,176,101,75
110000183,1423,738,685
110000184,63,152,-89
110000185,238,302,-64
110000186,212,161,51
110000191,9,143,-134
110000192,2,0,2
110000193,10,0,10
110000194,5,488,-483
110000195,5,26,-21
110000196,8,140,-132
110000197,0,16,-16
110000198,4,4,0
110000199,7,58,-51
110000200,125,229,-104
110000201,50,71,-21
110000202,147,71,76
110000203,52,328,-276
110000204,0,85,-85
110000205,3,4,-1
110000206,21,517,-496
110000207,17,63,-46
110000208,11,17,-6
110000209,49,271,-222
110000210,0,0,0
110000211,0,0,0
110000212,35,109,-74
110000213,1,4,-3
110000214,6,24,-18
110000215,7,240,-233
110000216,7,225,-218
110000217,13,46,-33
110000218,18,246,-228
110000219,9,3,6
110000220,1,174,-173
110000221,7,11,-4
110000222,2,128,-126
110000223,1,5,-4
110000224,0,0,0
110000225,17,204,-187
110000226,2,2,0
110000227,50,95,-45
110000228,17,1,16
110000229,0,103,-103
110000230,57,81,-24
110000231,10,26,-16
110000232,8,167,-159
110000233,2,88,-86
110000234,9,117,-108
110000235,65,185,-120
110000236,157,531,-374
110000237,398,449,-51
110000238,41,263,-222
110000239,142,547,-405
110000240,1,72,-71
110000242,0,28,-28
110000243,20,72,-52
110000244,7,164,-157
110000245,3,195,-192
110000246,39,175,-136
110000247,216,1070,-854
110000248,16,414,-398
110000249,0,0,0
110000250,0,48,-48
110000251,12,104,-92
110000252,14,119,-105
110000253,46,58,-12
110000254,147,543,-396
110000255,32,507,-475
110000256,19,18,1
110000257,83,251,-168
110000258,0,67,-67
110000259,4,18,-14
110000260,6,68,-62
110000263,88,28,60
110000264,38,106,-68
110000265,310,305,5
110000266,402,480,-78
110000267,5,155,-150
110000268,1,38,-37
110000269,0,32,-32
110000270,0,0,0
110000271,22,17,5
110000272,134,372,-238
110000273,392,491,-99
110000274,30,173,-143
110000275,714,136,578
110000276,18,123,-105
110000277,21,78,-57
110000278,51,301,-250
110000279,6,136,-130
110000280,1,53,-52
110000281,1,78,-77
110000282,11,9,2
110000283,1,12,-11
110000284,7,8,-1
110000285,0,96,-96
110000286,0,0,0
110000287,0,0,0
110000288,0,28,-28
110000289,34,310,-276
110000290,458,297,161
110000291,1526,356,1170
110000292,350,451,-101
110000293,34,317,-283
110000294,49,256,-207
110000295,7,216,-209
110000296,12,167,-155
110000297,425,200,225
110000298,52,142,-90
110000299,0,0,0
110000301,0,0,0
110000302,21,439,-418
110000303,0,0,0
110000304,24,96,-72
110000305,16,1,15
110000306,23,964,-941
110000307,17,0,17
110000308,5,0,5
110000309,1,617,-616
110000310,76,15,61
110000311,4,447,-443
110000312,40,5,35
110000313,359,733,-374
110000314,0,81,-81
110000315,679,533,146
110000316,234,590,-356
110000317,192,162,30
110000318,0,40,-40
110000319,0,0,0
110000320,6,30,-24
110000321,0,1,-1
110000322,14,104,-90
110000323,35,146,-111
110000324,2070,861,1209
110000325,13,28,-15
110000327,5,62,-57
110000328,82,379,-297
110000333,0,1,-1
110000334,85,518,-433
110000335,37,103,-66
110000336,72,595,-523
110000337,54,81,-27
110000338,9,38,-29
110000339,17,55,-38
110000340,1,54,-53
110000341,36,333,-297
110000342,0,0,0
110000343,0,25,-25
110000344,5,58,-53
110000345,2,1,1
110000346,596,391,205
110000347,223,27,196
110000348,3,12,-9
110000349,0,0,0
110000350,0,0,0
110000351,43,200,-157
110000352,37,792,-755
110000353,595,288,307
110000354,109,714,-605
110000355,0,35,-35
110000356,0,0,0
110000357,31,7,24
110000361,8,24,-16
110000362,0,0,0
110000363,8,18,-10
110000364,2,92,-90
110000365,0,0,0
110000366,0,40,-40
110000367,59,118,-59
110000368,0,21,-21
110000369,0,0,0
110000373,1,129,-128
110000374,1,0,1
110000375,2,316,-314
110000376,13,39,-26
110000377,0,0,0
110000378,4,183,-179
110000379,787,298,489
110000380,0,7,-7
110000383,0,142,-142
110000384,0,34,-34
110000385,0,124,-124
110000387,0,15,-15
110000388,7,125,-118
110000389,0,2,-2
110000391,1,155,-154
110000396,1,68,-67
110000397,2,9,-7
110000398,0,4,-4
110000399,0,1,-1
110000587,0,0,0
110000589,4,2,2
110000640,9,18,-9
110000652,3,6,-3
110000653,22,175,-153
110000654,0,9,-9
110000656,1,227,-226
110000674,1,2,-1
110000675,1,3,-2
110000676,0,23,-23
110000679,403,142,261
110000682,0,0,0
110000683,17,15,2
110000684,0,17,-17
110000685,0,0,0
110000686,1,9,-8
110000687,0,0,0
110000688,35,6,29
110000689,2,12,-10
110000692,14,33,-19
110000693,21,69,-48
110000694,1,179,-178
110000695,49,376,-327
110000696,2,0,2
110900001,0,4,-4
110900002,0,35,-35
110900003,2,234,-232
110900004,1,97,-96
110900005,367,28,339
110900006,0,0,0
110900007,0,0,0
110900008,2,2,0
110900009,0,0,0
110900010,0,20,-20
110900011,0,11,-11
110900012,0,20,-20
110900013,0,0,0
110900014,0,0,0
110900015,0,0,0
110900016,1,34,-33
110900017,0,0,0
110900018,0,0,0
110900019,0,0,0
110900020,1,141,-140
110900021,2,135,-133
110900022,2,77,-75
110900023,11,91,-80
110900024,2,82,-80
110900025,1,13,-12
110900027,0,23,-23
110900028,2,13,-11
110900029,11,132,-121
110900030,0,36,-36
110900031,0,31,-31
110900032,0,12,-12
110900033,0,76,-76
110900035,3,57,-54
110900036,1,2,-1
110900037,0,3,-3
110900038,27,3,24
110900039,0,21,-21
110900040,6,1,5
110900041,0,41,-41
110900042,0,0,0
110900043,0,31,-31
110900044,0,0,0
110900045,4,183,-179
110900046,11,75,-64
110900047,0,0,0
110900049,0,0,0
110900050,0,0,0
110900051,3,17,-14
110900052,0,40,-40
110900053,0,0,0
110900054,3,43,-40
110900055,0,0,0
110900056,9,7,2
110900057,0,36,-36
110900058,0,0,0
110900059,53,170,-117
110900060,2,0,2
110900061,1,0,1
110900062,0,0,0
110900063,0,15,-15
110900064,0,0,0
110900065,26,3,23
110900066,1,10,-9
110900067,0,0,0
110900068,24,31,-7
110900069,0,5,-5
110900071,0,0,0
110900073,0,1,-1
110900074,0,15,-15
110900075,14,2,12
110900077,0,0,0
110900078,1,37,-36
110900079,97,5,92
110900080,0,0,0
110900081,0,33,-33
110900082,0,0,0
110900083,0,0,0
110900084,1,38,-37
110900085,8,100,-92
110900086,0,0,0
110900087,0,0,0
110900088,0,0,0
110900090,0,0,0
110900091,0,0,0
110900093,0,0,0
110900095,1,7,-6
110900097,1,3,-2
110900098,0,17,-17
110900099,8,71,-63
110900100,0,3,-3
110900102,0,3,-3
110900105,124,70,54
110900108,0,19,-19
110900111,6,17,-11
110900112,0,0,0
110900113,0,0,0
110900115,0,0,0
110900116,9,502,-493
110900118,1,24,-23
110900119,1050,23,1027
110900120,0,49,-49
110900121,0,0,0
110900122,0,2,-2
110900125,0,2,-2
110900127,35,155,-120
110900128,8,10,-2
110900129,0,0,0
110900130,43,8,35
110900131,0,0,0
110900132,2,0,2
110900133,4,48,-44
110900135,3,105,-102
110900136,0,0,0
110900137,0,2,-2
110900138,3,139,-136
110900139,0,10,-10
110900140,0,0,0
110900141,0,10,-10
110900142,2,26,-24
110900143,0,0,0
110900144,0,240,-240
110900145,3,0,3
110900146,15,1,14
110900147,49,97,-48
110900148,0,117,-117
110900149,0,5,-5
110900150,3,0,3
110900151,1,24,-23
110900152,0,76,-76
110900153,0,0,0
111000001,332,103,229
111000002,339,405,-66
111000003,97,83,14
111000004,262,590,-328
111000005,132,192,-60
111000006,470,764,-294
111000007,735,502,233
111000008,1989,981,1008
111000009,281,549,-268
111000010,183,142,41
111000011,703,579,124
111000012,343,157,186
111000013,143,585,-442
111000014,122,143,-21
111000017,66,213,-147
111000018,72,159,-87
111000020,768,1280,-512
111000021,0,0,0
111000023,0,0,0
111000025,1839,599,1240
111000029,2,39,-37
111000030,15,25,-10
111000031,109,23,86
111000032,19,35,-16
111000033,0,0,0
111000034,31,167,-136
111000037,610,310,300
111000038,394,637,-243
111000039,162,490,-328
111000040,237,659,-422
111000041,171,306,-135
111000042,1730,452,1278
111000043,0,0,0
111000044,0,0,0
111000045,19,36,-17
111000046,5,29,-24
111000047,84,191,-107
111000049,73,236,-163
111000050,576,794,-218
111000051,130,485,-355
111000052,194,596,-402
111000053,129,441,-312
111000054,102,435,-333
111000055,255,891,-636
111000056,28,240,-212
111000057,21,273,-252
111000058,16,36,-20
111000059,20,48,-28
111000060,63,113,-50
111000061,52,66,-14
111000062,19,67,-48
111000063,83,114,-31
111000064,54,63,-9
111000065,56,88,-32
111000066,41,97,-56
111000067,75,254,-179
111000068,34,226,-192
111000069,569,766,-197
111000070,886,450,436
111000071,57,401,-344
111000072,0,0,0
111000073,0,0,0
111000074,0,0,0
111000075,0,0,0
111000076,0,0,0
111000077,111,164,-53
111000078,397,557,-160
111000079,232,192,40
111000080,71,153,-82
111000081,862,546,316
111000082,122,207,-85
111000084,111,172,-61
111000085,128,147,-19
111000086,105,127,-22
111000087,69,177,-108
111000088,166,199,-33
111000089,80,264,-184
111000090,491,425,66
111000091,170,282,-112
111000092,172,399,-227
111000093,50,198,-148
111000094,119,207,-88
111000095,41,442,-401
111000096,544,1874,-1330
111000097,2391,317,2074
111000098,123,516,-393
111000099,70,1052,-982
111000100,59,973,-914
111000101,104,303,-199
111000102,20,415,-395
111000104,0,0,0
111000107,17,342,-325
111000109,0,0,0
111000110,13,2,11
111000111,32,8,24
111000112,17,3,14
111000113,11,7,4
111000114,39,19,20
111000115,1412,155,1257
111000116,69,97,-28
111000117,63,202,-139
111000118,179,127,52
111000119,123,262,-139
111000120,37,86,-49
111000121,21,110,-89
111000122,65,379,-314
111000123,68,947,-879
111000124,91,1232,-1141
111000125,34,779,-745
111000126,12,376,-364
111000127,0,0,0
111000128,0,0,0
111000129,0,0,0
111000130,37,94,-57
111000131,35,59,-24
111000132,0,0,0
111000133,4,17,-13
111000134,6,13,-7
111000135,5,41,-36
111000136,21,28,-7
111000138,0,0,0
111000140,1,2,-1
111000141,32,135,-103
111000142,7,66,-59
111000143,3,46,-43
111000144,0,50,-50
111000145,0,0,0
111000146,0,0,0
111000147,0,0,0
111000148,2,29,-27
111000149,5,32,-27
111000150,0,0,0
111000151,2,25,-23
111000153,58,108,-50
111000154,23,72,-49
111000155,4,58,-54
111000156,0,0,0
111000157,0,0,0
111000158,0,0,0
111000159,0,0,0
111000160,0,0,0
111000161,0,0,0
111000162,4,45,-41
111000163,82,259,-177
111000164,293,730,-437
111000165,278,171,107
111000166,203,85,118
111000167,46,198,-152
111000168,28,76,-48
111000169,10,54,-44
111000170,46,58,-12
111000171,31,160,-129
111000172,10,138,-128
111000173,22,381,-359
111000174,4,176,-172
111000175,4,75,-71
111000176,11,34,-23
111000177,8,84,-76
111000178,86,134,-48
111000179,3,78,-75
111000180,38,100,-62
111000181,60,55,5
111000182,11,38,-27
111000183,14,34,-20
111000184,20,17,3
111000185,33,185,-152
111000186,10,109,-99
111000187,6,116,-110
111000188,8,154,-146
111000189,394,132,262
111000190,81,179,-98
111000191,32,181,-149
111000192,41,229,-188
111000193,143,181,-38
111000194,2,137,-135
111000195,16,146,-130
111000196,5,93,-88
111000197,0,0,0
111000198,0,0,0
111000199,0,0,0
111000200,0,0,0
111000201,0,0,0
111000202,0,0,0
111000203,0,0,0
111000204,0,2,-2
111000213,2,17,-15
111000214,92,270,-178
111000215,90,387,-297
111000217,97,209,-112
111000218,107,222,-115
111000219,58,180,-122
111000220,38,258,-220
111000221,0,0,0
111000224,2,115,-113
111000225,20,47,-27
111000226,0,0,0
111000227,0,0,0
111000228,10,50,-40
111000229,16,128,-112
111000230,0,0,0
111000231,0,9,-9
111000232,79,342,-263
111000233,67,369,-302
111000234,11,118,-107
111000239,92,86,6
111000240,0,0,0
111000241,3,218,-215
111000242,0,0,0
111000243,16,544,-528
111000244,0,0,0
111000245,3,6,-3
111000246,3,21,-18
111000247,37,602,-565
111000248,6,17,-11
111000249,175,355,-180
111000250,3,19,-16
111000251,4,30,-26
111000253,0,0,0
111000255,0,0,0
111000257,0,0,0
111000260,23,505,-482
111000261,21,1,20
111000271,8,105,-97
111000273,1297,177,1120
111000274,261,416,-155
111000275,0,0,0
111000276,43,663,-620
111000277,42,127,-85
111000278,62,33,29
111000291,26,183,-157
111000298,6,7,-1
111000299,0,0,0
111000300,1,104,-103
111000302,12,4,8
111000303,10,48,-38
111000312,8,13,-5
111000315,0,253,-253
111000320,34,107,-73
111000321,23,11,12
111000322,7,107,-100
111000323,5,3,2
111000324,0,0,0
111000325,3,37,-34
111000326,12,55,-43
111000327,34,83,-49
111000328,23,66,-43
111000329,5,23,-18
111000330,0,1,-1
111000331,0,0,0
111000332,60,200,-140
111000334,78,692,-614
111000335,40,52,-12
111000337,51,276,-225
111000338,4,44,-40
111000339,32,258,-226
111000340,4,239,-235
111000341,71,40,31
111000342,8,85,-77
111000344,123,125,-2
111000345,0,0,0
111000346,2,46,-44
111000347,8,0,8
111000350,3,3,0
111000351,11,36,-25
111000352,4,0,4
111000353,11,52,-41
111000354,7,1,6
111000355,27,137,-110
111000358,8,567,-559
111000360,3,420,-417
111000361,3,139,-136
111000546,67,365,-298
111000547,4,147,-143
111000548,33,111,-78
111000549,9,76,-67
111000550,21,123,-102
111000551,86,10,76
111000552,4,0,4
111000907,4,44,-40
111000908,0,0,0
111000916,87,146,-59
111000917,10,167,-157
111000918,6,431,-425
111000920,0,0,0
111000921,1,200,-199
111000922,39,217,-178
111000924,7,407,-400
111000925,164,438,-274
111000926,427,1613,-1186
111000927,1075,1008,67
111000928,3794,1791,2003
111000929,120,201,-81
111000930,217,1194,-977
111000931,198,436,-238
111000932,1485,1227,258
111000933,371,221,150
111000934,936,1325,-389
111000935,59,129,-70
111000936,182,982,-800
111000937,117,99,18
111000938,408,1265,-857
111000939,0,0,0
111000940,35,77,-42
111000941,1,109,-108
111000943,10,74,-64
111000944,6,107,-101
111000945,1,1215,-1214
111001109,1,0,1
111001110,42,463,-421
111001111,2,1,1
111001112,21,0,21
111001113,3,64,-61
111001114,0,0,0
111001115,23,140,-117
111001116,560,72,488
111001117,430,328,102
111001120,12,86,-74
111001121,15,67,-52
111001122,23,167,-144
111001123,0,0,0
111001124,0,37,-37
111900001,0,13,-13
111900002,0,53,-53
111900003,1,20,-19
111900004,1,13,-12
111900006,0,0,0
111900007,0,0,0
111900008,0,0,0
111900009,0,7,-7
111900010,52,66,-14
111900012,30,7,23
111900013,0,5,-5
111900014,857,61,796
111900015,0,16,-16
111900016,0,26,-26
111900017,0,40,-40
111900018,0,0,0
111900019,0,5,-5
111900020,3,5,-2
111900021,1,9,-8
111900022,0,1,-1
111900023,22,2,20
111900024,0,32,-32
111900025,0,1,-1
111900026,0,10,-10
111900027,0,19,-19
111900028,1,130,-129
111900029,0,7,-7
111900030,0,0,0
111900031,0,39,-39
111900032,1,121,-120
111900033,0,5,-5
111900034,0,0,0
111900035,0,33,-33
111900036,0,112,-112
111900038,0,0,0
111900039,8,52,-44
111900040,0,169,-169
111900042,11,5,6
111900043,1,98,-97
111900044,0,0,0
111900046,14,29,-15
111900048,1,221,-220
111900049,1,60,-59
111900050,1,2,-1
111900051,0,80,-80
111900052,79,92,-13
111900053,0,0,0
111900054,0,0,0
111900055,4,186,-182
111900056,0,0,0
111900057,0,10,-10
111900058,0,200,-200
111900059,0,0,0
111900060,2,0,2
111900061,1,63,-62
111900062,0,0,0
111900063,3,15,-12
111900064,26,91,-65
111900065,0,0,0
111900066,0,0,0
111900067,0,37,-37
111900068,0,0,0
111900069,0,0,0
111900070,0,0,0
111900071,0,21,-21
111900072,0,0,0
111900073,2,2,0
111900074,0,6,-6
111900075,0,0,0
111900076,0,0,0
111900077,0,0,0
111900078,0,0,0
111900079,0,0,0
111900080,0,0,0
111900082,1,0,1
111900083,0,0,0
111900084,0,0,0
111900085,0,0,0
111900086,0,0,0
111900087,0,0,0
111900088,1,0,1
111900089,0,0,0
111900090,0,0,0
111900091,1,0,1
111900092,0,0,0
111900093,2,0,2
111900094,0,0,0
111900095,0,0,0
111900096,0,2,-2
111900097,0,0,0
111900098,0,0,0
111900099,0,0,0
111900100,0,0,0
111900101,0,0,0
111900102,2,146,-144
111900103,0,0,0
111900104,0,0,0
111900105,0,0,0
111900106,92,1,91
111900110,295,7,288
111900111,0,7,-7
111900112,0,0,0
111900113,0,0,0
111900118,0,0,0
111900119,0,0,0
111900122,0,0,0
111900123,0,0,0
111900124,1,3,-2
111900125,0,0,0
111900126,0,0,0
111900127,0,0,0
111900128,0,0,0
111900129,0,0,0
111900130,0,0,0
111900131,0,0,0
111900132,0,0,0
111900133,0,0,0
111900134,4,44,-40
111900135,0,0,0
111900136,0,0,0
111900137,4,1,3
111900138,0,8,-8
111900139,7,36,-29
111900140,0,0,0
111900141,0,0,0
111900142,0,0,0
111900143,0,33,-33
111900144,0,29,-29
111900145,0,122,-122
111900146,0,38,-38
111900147,15,71,-56
111900148,0,66,-66
111900149,1,25,-24
111900150,0,10,-10
111900151,0,2,-2
111900152,11,0,11
111900153,6,0,6
111900154,0,0,0
111900155,0,0,0
111900156,0,0,0
111900157,0,0,0
111900158,0,0,0
111900159,0,0,0
111900160,0,0,0
111900161,0,3,-3
111900162,0,0,0
111900163,0,0,0
111900164,0,0,0
111901113,0,30,-30
111901114,0,0,0
111901115,0,0,0
111901116,0,0,0
111901117,0,0,0
111901118,0,0,0
111901119,0,0,0
111901121,13,23,-10
111901122,0,92,-92
111901123,0,62,-62
111901124,0,0,0
111901125,0,0,0
111901127,0,0,0
111901128,0,0,0
111901129,0,0,0
111901130,0,0,0
111901131,0,38,-38
111901132,0,0,0
111901133,0,0,0
111901134,0,0,0
111901135,0,0,0
111901136,0,0,0
111901137,0,0,0
111901138,0,0,0
111901139,0,0,0
111901140,0,0,0
111901141,0,0,0
111901142,0,0,0
111901143,0,0,0
111901144,0,0,0
111901145,0,0,0
111901146,1,0,1
112000001,239,256,-17
112000002,326,1005,-679
112000003,110,235,-125
112000004,134,762,-628
112000005,300,302,-2
112000006,381,870,-489
112000007,144,165,-21
112000008,234,459,-225
112000009,905,1276,-371
112000010,195,327,-132
112000011,411,1016,-605
112000012,401,493,-92
112000013,2929,1272,1657
112000014,182,94,88
112000015,496,836,-340
112000016,147,168,-21
112000017,309,628,-319
112000024,638,274,364
112000026,1513,2274,-761
112000027,7,15,-8
112000028,499,968,-469
112000029,26,28,-2
112000030,102,30,72
112000031,409,357,52
112000032,566,42,524
112000033,755,107,648
112000034,88,12,76
112000035,30,81,-51
112000036,90,60,30
112000037,44,265,-221
112000038,84,81,3
112000039,0,0,0
112000040,14,57,-43
112000041,21,57,-36
112000042,172,98,74
112000050,0,0,0
112000051,13,47,-34
112000054,599,483,116
112000057,135,110,25
112000058,102,128,-26
112000059,0,2,-2
112000061,2141,568,1573
112000062,1434,86,1348
112000063,113,54,59
112000064,2200,2187,13
112000065,832,994,-162
112000066,0,0,0
112000067,147,267,-120
112000068,0,0,0
112000069,115,1673,-1558
112000070,77,17,60
112000071,96,1530,-1434
112000072,52,38,14
112000073,186,565,-379
112000074,5,120,-115
112000075,20,83,-63
112000076,346,495,-149
112000077,45,222,-177
112000078,101,235,-134
112000079,190,507,-317
112000080,38,262,-224
112000081,514,583,-69
112000082,30,28,2
112000083,147,455,-308
112000084,28,22,6
112000085,148,404,-256
112000086,39,49,-10
112000087,30,215,-185
112000088,10,30,-20
112000089,18,193,-175
112000090,7,14,-7
112000091,129,645,-516
112000092,98,104,-6
112000093,362,611,-249
112000094,21,89,-68
112000095,84,348,-264
112000096,17,108,-91
112000097,8,10,-2
112000098,181,614,-433
112000099,16,3,13
112000100,42,37,5
112000101,79,478,-399
112000102,14,15,-1
112000103,80,642,-562
112000105,104,816,-712
112000106,16,19,-3
112000107,0,0,0
112000108,10,218,-208
112000109,0,0,0
112000110,50,27,23
112000111,352,2821,-2469
112000112,130,25,105
112000113,416,1532,-1116
112000114,37,44,-7
112000115,8,93,-85
112000116,5,143,-138
112000117,8,99,-91
112000118,120,356,-236
112000119,87,393,-306
112000120,17,205,-188
112000121,0,0,0
112000122,0,0,0
112000123,0,0,0
112000124,0,0,0
112000125,0,0,0
112000126,0,0,0
112000127,337,94,243
112000128,218,62,156
112000129,2,42,-40
112000130,5,17,-12
112000131,0,135,-135
112000132,7,156,-149
112000133,0,104,-104
112000134,28,166,-138
112000135,39,10,29
112000136,121,468,-347
112000137,23,20,3
112000138,210,531,-321
112000139,0,0,0
112000140,98,345,-247
112000141,0,0,0
112000142,30,360,-330
112000143,0,0,0
112000144,37,728,-691
112000145,0,0,0
112000146,161,1145,-984
112000147,0,0,0
112000148,161,850,-689
112000149,0,0,0
112000150,13,136,-123
112000151,0,0,0
112000152,24,79,-55
112000153,2,14,-12
112000154,5,39,-34
112000155,8,2,6
112000157,82,68,14
112000158,2,56,-54
112000159,26,90,-64
112000167,10,2,8
112000169,23,34,-11
112000173,5,61,-56
112000175,3,34,-31
112000176,1471,704,767
112000177,2,6,-4
112000178,1,2,-1
112000179,2,10,-8
112000180,54,96,-42
112000181,231,770,-539
112000182,32,391,-359
112000183,0,0,0
112000184,0,0,0
112000185,33,129,-96
112000187,411,781,-370
112000195,0,0,0
112000196,0,0,0
112000197,2,0,2
112000198,1,5,-4
112000199,54,9,45
112000202,34,46,-12
112000216,7,13,-6
112000230,0,0,0
112000231,0,1,-1
112000256,0,0,0
112000313,13,11,2
112000314,0,0,0
112000337,19,235,-216
112000352,17,20,-3
112000392,387,186,201
112000398,79,63,16
112000399,18,38,-20
112000400,401,1156,-755
112000401,1527,914,613
112000402,127,210,-83
112000403,21,81,-60
112000404,31,59,-28
112000405,65,179,-114
112000406,860,1184,-324
112000407,440,466,-26
112000408,3095,2515,580
112000409,279,1644,-1365
112000410,0,0,0
112000411,357,39,318
112000412,143,35,108
112000413,178,11,167
112000414,7,17,-10
112000415,0,0,0
112000416,133,104,29
112000417,0,0,0
112000421,2,22,-20
112000422,16,48,-32
112000424,295,226,69
112000425,84,416,-332
112000426,5,92,-87
112000427,0,0,0
112000428,1,24,-23
112000429,336,730,-394
112000430,568,1146,-578
112000431,0,0,0
112000432,121,912,-791
112000433,128,89,39
112000437,3,50,-47
112900001,0,0,0
112900002,0,0,0
112900003,1,49,-48
112900004,0,85,-85
112900005,0,30,-30
112900006,0,149,-149
112900007,0,0,0
112900008,0,0,0
112900009,0,0,0
112900010,0,74,-74
112900011,28,18,10
112900012,0,9,-9
112900013,0,0,0
112900014,1,37,-36
112900015,95,427,-332
112900016,1,57,-56
112900017,0,0,0
112900018,0,51,-51
112900019,1,7,-6
112900020,165,704,-539
112900021,0,62,-62
112900022,0,0,0
112900023,0,24,-24
112900024,3,39,-36
112900025,0,0,0
112900026,1,28,-27
112900027,0,0,0
112900028,4,32,-28
112900029,0,0,0
112900030,36,58,-22
112900031,0,0,0
112900032,4,27,-23
112900034,0,0,0
112900035,0,0,0
112900036,15,13,2
112900037,0,0,0
112900038,0,9,-9
112900039,0,0,0
112900040,1,5,-4
112900041,194,92,102
112900042,9,74,-65
112900043,0,2,-2
112900044,33,57,-24
112900045,0,0,0
112900046,13,1,12
112900047,4,0,4
112900049,0,12,-12
112900050,29,129,-100
112900051,100,195,-95
112900052,0,204,-204
112900053,9,82,-73
112900054,0,0,0
112900055,0,0,0
112900056,0,0,0
112900057,1,209,-208
112900058,5,4,1
112900059,4,12,-8
112900060,0,40,-40
112900061,0,4,-4
112900062,1,11,-10
112900063,0,0,0
112900064,6,15,-9
112900065,0,0,0
112900066,3,3,0
112900067,70,15,55
112900068,0,0,0
112900069,171,9,162
112900071,1,0,1
112900072,2,26,-24
112900073,12,1,11
112900074,0,0,0
112900075,0,0,0
112900076,0,0,0
112900078,0,0,0
112900079,0,0,0
112900080,0,0,0
112900081,1,4,-3
112900082,4,0,4
112900083,2,1,1
112900084,0,0,0
112900086,0,0,0
112900087,7,3,4
112900088,0,0,0
112900089,9,0,9
112900090,0,0,0
112900091,0,0,0
112900092,0,0,0
112900093,0,0,0
112900095,0,0,0
112900096,7,7,0
112900097,1,53,-52
112900098,0,0,0
112900099,15,0,15
112900100,0,0,0
112900101,0,0,0
112900102,0,0,0
112900103,0,0,0
112900104,0,0,0
112900105,0,0,0
112900106,7,3,4
112900107,0,0,0
112900108,0,0,0
112900109,0,0,0
112900110,0,0,0
112900111,0,0,0
112900112,0,0,0
112900113,0,1,-1
112900114,0,2,-2
112900115,13,0,13
112900116,0,8,-8
112900117,2,14,-12
112900118,1,9,-8
112900119,0,0,0
112900120,125,55,70
112900121,14,12,2
112900122,4,24,-20
112900123,0,0,0
112900124,0,30,-30
112900125,0,12,-12
112900126,12,34,-22
112900127,0,0,0
112900128,76,247,-171
112900129,2,425,-423
112900130,0,0,0
112900131,12,64,-52
112900132,14,107,-93
112900133,4,195,-191
112900134,0,120,-120
112900135,0,0,0
112900137,0,156,-156
112900138,2,248,-246
112900139,62,409,-347
112900141,14,9,5
112900142,0,0,0
112900143,6,221,-215
112900144,0,43,-43
112900145,13,131,-118
112900146,0,158,-158
112900147,3,983,-980
112900148,8,0,8
112900149,1,43,-42
112900151,0,0,0
112900152,593,119,474
112900153,15,3,12
112900154,0,0,0
112900155,0,0,0
112900156,1,175,-174
112900157,28,4,24
112900158,0,1,-1
112900159,0,5,-5
112900160,1,21,-20
112900161,0,0,0
112900162,2,0,2
112900163,0,0,0
112900164,0,0,0
112900165,4,9,-5
112900166,0,0,0
112900167,0,0,0
112900168,0,0,0
112900169,0,0,0
112900170,0,0,0
112900172,0,0,0
112900173,13,6,7
112900174,0,0,0
112900175,0,0,0
112900176,0,0,0
112900177,0,0,0
112900178,0,0,0
112900179,4,97,-93
112900180,5,475,-470
112900181,0,0,0
112900182,1,39,-38
112900183,1,1,0
112900184,77,89,-12
112900185,3,15,-12
112900186,238,78,160
112900187,0,0,0
112900188,438,78,360
112900189,0,1,-1
112900190,0,10,-10
112900192,31,21,10
112900193,88,32,56
112900194,0,7,-7
112900195,18,6,12
112900196,75,291,-216
112900197,29,202,-173
112900199,0,0,0
112900200,0,0,0
112900201,0,0,0
112900202,2,121,-119
112900203,0,0,0
112900204,32,12,20
112900205,0,2,-2
112900206,0,10,-10
112900207,0,0,0
112900208,0,2,-2
112900209,69,103,-34
112900210,0,2,-2
112900211,0,0,0
112900212,0,0,0
112900213,3,0,3
112900214,0,4,-4
112900215,0,42,-42
112900216,6,2,4
112900217,0,27,-27
112900218,0,0,0
112900219,1,0,1
112900220,0,0,0
112900221,0,0,0
112900222,0,0,0
112900223,42,2,40
112900224,1,195,-194
112900225,4,191,-187
112900226,12,2,10
112900227,4,393,-389
112900228,0,3,-3
112900229,0,0,0
112900230,2285,319,1966
112900232,22,13,9
112900233,0,42,-42
112900234,0,19,-19
112900235,0,0,0
112900236,0,2,-2
112900237,1,55,-54
112900238,0,3,-3
112900239,45,40,5
113000001,1239,1150,89
113000002,547,193,354
113000003,762,489,273
113000004,681,246,435
113000005,250,275,-25
113000006,102,123,-21
113000007,281,398,-117
113000008,253,162,91
113000009,232,330,-98
113000010,201,112,89
113000011,120,654,-534
113000012,262,136,126
113000013,243,163,80
113000014,169,316,-147
113000015,19,43,-24
113000016,80,152,-72
113000017,6,137,-131
113000018,15,5,10
113000019,14,196,-182
113000020,0,0,0
113000021,76,365,-289
113000022,73,735,-662
113000025,18,67,-49
113000026,13,42,-29
113000027,22,35,-13
113000028,143,112,31
113000029,0,0,0
113000030,538,340,198
113000031,282,142,140
113000032,0,0,0
113000033,0,0,0
113000034,397,216,181
113000035,5,29,-24
113000036,0,0,0
113000037,43,25,18
113000038,0,0,0
113000039,26,63,-37
113000040,26,14,12
113000042,174,86,88
113000051,147,166,-19
113000052,604,131,473
113000053,38,106,-68
113000054,24,71,-47
113000055,50,120,-70
113000056,76,333,-257
113000058,167,270,-103
113000059,0,0,0
113000060,10,126,-116
113000061,88,115,-27
113000062,64,6,58
113000063,0,0,0
113000064,0,0,0
113000065,47,412,-365
113000066,32,32,0
113000067,49,83,-34
113000068,48,724,-676
113000069,77,526,-449
113000070,43,62,-19
113000071,35,238,-203
113000072,48,28,20
113000073,212,563,-351
113000074,72,42,30
113000075,123,67,56
113000076,445,536,-91
113000077,0,0,0
113000078,213,627,-414
113000079,337,204,133
113000080,8,4,4
113000081,0,0,0
113000082,429,231,198
113000083,0,0,0
113000084,392,315,77
113000085,60,59,1
113000086,147,304,-157
113000087,45,60,-15
113000088,799,342,457
113000089,36,85,-49
113000090,3,37,-34
113000091,427,104,323
113000094,51,8,43
113000095,76,572,-496
113000096,81,375,-294
113000097,28,11,17
113000098,0,0,0
113000099,26,29,-3
113000100,71,268,-197
113000101,128,158,-30
113000102,6,16,-10
113000103,462,299,163
113000104,2,8,-6
113000105,0,10,-10
113000106,38,203,-165
113000107,61,50,11
113000108,154,525,-371
113000109,89,237,-148
113000110,6,0,6
113000111,14,41,-27
113000112,1,0,1
113000113,0,0,0
113000114,137,146,-9
113000116,113,15,98
113000117,85,22,63
113000118,1,30,-29
113000119,11,50,-39
113000120,1,13,-12
113000121,63,114,-51
113000124,0,0,0
113000125,0,0,0
113000127,1003,166,837
113000128,1,5,-4
113000129,657,292,365
113000133,1829,421,1408
113000134,5,159,-154
113000135,50,46,4
113000137,0,0,0
113000139,0,0,0
113000140,187,224,-37
113000141,0,0,0
113000142,216,337,-121
113000143,0,0,0
113000144,158,132,26
113000145,0,6,-6
113000146,26,51,-25
113000147,41,52,-11
113000148,3,19,-16
113000149,5,16,-11
113000150,120,84,36
113000151,88,32,56
113000152,2,32,-30
113000153,356,40,316
113000154,147,182,-35
113000155,75,68,7
113000156,50,76,-26
113000157,41,180,-139
113000158,208,83,125
113000159,279,163,116
113000160,112,288,-176
113000161,6,51,-45
113000162,215,149,66
113000163,0,0,0
113000164,13,65,-52
113000166,0,0,0
113000167,20,199,-179
113000168,37,216,-179
113000169,0,0,0
113000170,0,0,0
113000171,49,134,-85
113000172,0,0,0
113000173,0,0,0
113000174,45,572,-527
113000175,0,0,0
113000176,0,0,0
113000177,27,413,-386
113000178,42,372,-330
113000179,0,0,0
113000180,47,183,-136
113000181,152,374,-222
113000182,38,32,6
113000183,99,298,-199
113000184,8,62,-54
113000189,56,149,-93
113000190,210,46,164
113000192,675,379,296
113000193,547,184,363
113000194,354,334,20
113000195,129,78,51
113000196,14,36,-22
113000197,78,107,-29
113000198,5,74,-69
113000199,33,17,16
113000201,12,60,-48
113000202,766,160,606
113000203,0,0,0
113000204,314,374,-60
113000205,5,13,-8
113000206,0,0,0
113000207,15,19,-4
113000208,0,0,0
113000209,6,19,-13
113000210,0,1,-1
113000211,45,4,41
113000212,37,1,36
113000213,2,8,-6
113000214,15,70,-55
113000234,23,516,-493
113000410,15,9,6
113000411,774,1184,-410
113000412,3386,790,2596
113000413,1503,651,852
113000414,3279,867,2412
113000415,1259,1256,3
113000416,4313,1478,2835
113000417,994,1128,-134
113000418,891,928,-37
113000419,431,538,-107
113000420,1830,1096,734
113000421,847,517,330
113000422,8077,1074,7003
113000423,2274,818,1456
113000424,1842,984,858
113000425,5,29,-24
113000428,40,45,-5
113000430,9,29,-20
113000432,33,20,13
113000433,59,366,-307
113000434,14,240,-226
113000435,7,379,-372
113000436,25,433,-408
113000437,0,0,0
113000438,0,0,0
113000439,2,96,-94
113000440,0,0,0
113000441,0,0,0
113000442,18,151,-133
113000443,0,0,0
113000444,10,173,-163
113000445,0,0,0
113000446,4,67,-63
113000448,37,33,4
113000449,0,0,0
113000450,42,14,28
113000451,266,52,214
113000452,0,0,0
113000453,46,121,-75
113000454,0,0,0
113000455,2,72,-70
113000456,256,205,51
113000468,143,15,128
113000469,26,14,12
113000470,0,0,0
113000471,0,0,0
113000472,7,27,-20
113000474,61,186,-125
113000475,292,462,-170
113000476,227,795,-568
113000477,432,970,-538
113000478,832,1273,-441
113000479,3,228,-225
113000480,4,9,-5
113000483,0,0,0
113000484,0,1,-1
113000485,0,0,0
113000486,0,0,0
113000487,0,0,0
113000488,0,0,0
113000489,0,0,0
113000490,0,0,0
113000491,0,0,0
113000492,0,0,0
113000493,0,0,0
113000495,28,151,-123
113000496,0,0,0
113000497,0,0,0
113000500,0,3,-3
113900001,0,0,0
113900002,0,0,0
113900003,0,0,0
113900004,0,0,0
113900005,0,0,0
113900006,0,0,0
113900007,0,0,0
113900008,0,0,0
113900009,0,0,0
113900010,0,0,0
113900011,0,0,0
113900012,0,0,0
113900013,0,0,0
113900014,0,0,0
113900015,0,5,-5
113900016,0,0,0
113900017,0,0,0
113900018,38,5,33
113900019,6,1,5
113900020,0,0,0
113900022,0,0,0
113900023,0,0,0
113900024,0,8,-8
113900025,0,0,0
113900026,0,0,0
113900027,0,0,0
113900028,0,0,0
113900029,1,17,-16
113900030,0,0,0
113900031,0,0,0
113900032,0,0,0
113900033,2,4,-2
113900035,0,0,0
113900036,0,0,0
113900037,0,0,0
113900038,5,3,2
113900039,0,0,0
113900040,0,0,0
113900041,0,0,0
113900042,0,4,-4
113900043,8,9,-1
113900044,0,0,0
113900045,0,0,0
113900046,21,82,-61
113900047,0,0,0
113900048,73,6,67
113900049,63,2,61
113900050,22,38,-16
113900051,6,42,-36
113900052,0,0,0
113900053,0,0,0
113900054,0,0,0
113900055,6,93,-87
113900056,0,0,0
113900057,2,12,-10
113900058,0,17,-17
113900059,4,47,-43
113900060,0,0,0
113900061,0,0,0
113900062,0,0,0
113900063,0,0,0
113900064,1,19,-18
113900065,0,0,0
113900066,1,49,-48
113900067,0,0,0
113900068,0,0,0
113900069,0,0,0
113900070,14,83,-69
113900071,0,0,0
113900072,0,19,-19
113900073,6,57,-51
113900074,0,0,0
113900075,0,0,0
113900076,0,0,0
113900077,2,45,-43
113900078,0,0,0
113900079,0,4,-4
113900080,0,0,0
113900081,0,33,-33
113900082,2,40,-38
113900083,0,0,0
113900084,0,0,0
113900085,4,100,-96
113900086,0,0,0
113900087,0,0,0
113900088,0,0,0
113900089,0,0,0
113900090,2,0,2
113900091,0,0,0
113900092,0,7,-7
113900093,2,49,-47
113900094,0,0,0
113900095,0,0,0
113900096,0,0,0
113900097,0,2,-2
113900098,0,0,0
113900099,0,0,0
113900100,0,0,0
113900101,1,3,-2
113900102,0,11,-11
113900103,0,0,0
113900104,0,0,0
113900105,0,44,-44
113900106,0,0,0
113900107,0,0,0
113900108,5,30,-25
113900109,1,3,-2
113900110,0,0,0
113900111,0,0,0
113900112,5,8,-3
113900113,19,0,19
113900114,0,0,0
113900115,0,0,0
113900116,0,18,-18
113900117,0,1,-1
113900118,0,0,0
113900119,0,0,0
113900120,0,0,0
113900121,0,0,0
113900122,0,0,0
113900123,2,1,1
113900124,0,0,0
113900125,4,17,-13
113900126,7,1,6
113900127,8,17,-9
113900128,0,0,0
113900129,0,0,0
113900130,0,0,0
113900131,3,2,1
113900132,0,0,0
113900133,1,1,0
113900135,28,96,-68
113900136,4,2,2
113900137,5,5,0
113900138,0,0,0
113900139,104,13,91
113900140,0,0,0
113900141,8,34,-26
113900142,0,3,-3
113900143,1,0,1
113900144,0,0,0
113900145,3,10,-7
113900146,3,4,-1
113900148,6,7,-1
113900149,0,0,0
113900150,245,98,147
113900151,7,17,-10
113900152,0,2,-2
113900153,54,33,21
113900154,0,0,0
113900155,34,10,24
113900156,22,143,-121
113900157,0,9,-9
113900158,81,13,68
113900159,0,0,0
113900160,44,159,-115
113900161,2,10,-8
113900162,85,51,34
113900163,24,35,-11
113900164,0,0,0
113900165,96,90,6
113900166,8,7,1
113900167,0,4,-4
113900168,17,10,7
113900169,17,88,-71
113900171,0,0,0
113900172,3,29,-26
113900173,5,76,-71
113900174,23,185,-162
113900175,0,0,0
113900176,35,184,-149
113900177,10,8,2
113900178,0,0,0
113900179,1,101,-100
113900180,12,14,-2
113900181,0,0,0
113900182,51,193,-142
113900183,2,5,-3
113900184,3,107,-104
113900185,9,8,1
113900186,4,1,3
113900187,3,15,-12
113900188,5,11,-6
113900189,0,0,0
113900190,74,27,47
113900191,11,9,2
113900192,0,0,0
113900193,1,62,-61
113900194,155,87,68
113900195,35,99,-64
113900196,0,9,-9
113900197,0,52,-52
113900198,1,20,-19
113900199,13,93,-80
113900200,0,29,-29
113900201,0,46,-46
113900202,2,31,-29
113900203,0,46,-46
113900204,1,93,-92
113900205,3,18,-15
113900206,2,19,-17
113900207,0,7,-7
113900208,0,9,-9
113900209,0,10,-10
113900210,92,44,48
113900211,7,0,7
113900212,1,106,-105
113900214,38,54,-16
113900215,0,21,-21
113900216,0,92,-92
113900217,0,0,0
113900218,0,0,0
113900219,14,36,-22
113900220,0,0,0
113900221,0,0,0
113900222,0,8,-8
113900223,4,117,-113
113900224,14,12,2
113900225,0,0,0
113900226,6,4,2
113900227,2,1,1
113900228,19,9,10
113900229,0,16,-16
113900230,188,49,139
113900231,18,22,-4
113900232,4,10,-6
113900233,1,4,-3
113900234,8,13,-5
113900235,0,0,0
113900236,0,0,0
113900237,0,0,0
113900238,7,5,2
113900239,0,6,-6
113900240,1,5,-4
113900241,7,10,-3
113900242,4,12,-8
113900243,6,35,-29
113900244,91,11,80
113900245,196,13,183
113900246,0,0,0
113900247,0,0,0
113900248,302,33,269
113900249,0,0,0
113900250,0,0,0
113900251,0,22,-22
113900252,0,0,0
113900253,0,0,0
113900254,0,0,0
113900255,0,0,0
113900256,0,0,0
113900257,11,103,-92
113900258,1,95,-94
113900259,4,42,-38
113900260,0,2,-2
113900261,0,24,-24
113900262,1,115,-114
113900263,6,42,-36
113900264,0,121,-121
113900265,9,69,-60
113900266,4,60,-56
113900267,3,50,-47
113900268,2,1,1
113900269,8,26,-18
113900270,26,78,-52
113900271,24,303,-279
113900273,0,0,0
113900274,0,0,0
113900275,1,10,-9
113900276,0,26,-26
113900277,0,0,0
113900278,28,8,20
113900279,2,12,-10
113900280,52,45,7
113900281,3,63,-60
113900282,23,13,10
113900283,0,0,0
113900284,0,4,-4
113900285,0,2,-2
113900286,0,0,0
113900287,1,10,-9
113900288,0,20,-20
113900289,120,0,120
113900290,69,6,63
113900291,13,38,-25
113900292,0,0,0
113900293,1,43,-42
113900294,0,0,0
113900295,9,10,-1
113900296,6,2,4
113900297,0,0,0
113900298,0,432,-432
113900299,0,0,0
113900300,423,6,417
113900301,0,0,0
113900302,0,8,-8
113900303,46,10,36
113900304,0,53,-53
113900305,0,0,0
113900306,0,0,0
113900307,0,0,0
113900308,6,11,-5
113900309,0,151,-151
113900310,0,0,0
113900311,0,0,0
113900312,0,1,-1
113900313,0,0,0
114000001,314,870,-556
114000002,0,4,-4
114000003,5,9,-4
114000004,16,53,-37
114000005,4,3,1
114000006,443,558,-115
114000007,69,441,-372
114000008,261,314,-53
114000009,7,9,-2
114000011,602,881,-279
114000012,214,879,-665
114000013,208,751,-543
114000014,132,204,-72
114000015,79,104,-25
114000016,33,165,-132
114000017,29,30,-1
114000018,119,10,109
114000026,121,624,-503
114000027,211,647,-436
114000028,361,522,-161
114000038,4,5,-1
114000039,23,52,-29
114000040,7,38,-31
114000042,24,65,-41
114000043,0,33,-33
114000044,0,8,-8
114000045,5,44,-39
114000046,336,1230,-894
114000047,0,12,-12
114000048,1,15,-14
114000049,55,87,-32
114000050,36,80,-44
114000051,174,215,-41
114000052,127,91,36
114000053,1,12,-11
114000054,2,46,-44
114000055,9,3,6
114000056,144,227,-83
114000057,2288,729,1559
114000058,45,34,11
114000059,46,24,22
114000060,124,331,-207
114000061,163,26,137
114000062,74,36,38
114000063,832,831,1
114000064,2176,600,1576
114000065,422,746,-324
114000066,31,166,-135
114000067,0,0,0
114000068,36,41,-5
114000069,47,42,5
114000070,91,16,75
114000071,30,71,-41
114000072,16,85,-69
114000073,0,0,0
114000074,8,11,-3
114000075,0,0,0
114000076,0,0,0
114000077,0,0,0
114000078,10,129,-119
114000079,5,9,-4
114000080,3,2,1
114000081,0,0,0
114000082,15,204,-189
114000083,26,111,-85
114000084,1,1,0
114000085,18,266,-248
114000086,29,259,-230
114000087,4,63,-59
114000088,0,0,0
114000089,187,99,88
114000090,31,19,12
114000091,130,70,60
114000092,132,76,56
114000093,25,108,-83
114000094,39,70,-31
114000095,0,0,0
114000096,3,174,-171
114000097,6,203,-197
114000098,0,0,0
114000099,5,144,-139
114000100,11,93,-82
114000101,30,348,-318
114000102,0,0,0
114000103,3,60,-57
114000104,1,33,-32
114000105,2,22,-20
114000106,142,49,93
114000107,12,27,-15
114000108,866,491,375
114000109,0,0,0
114000110,85,511,-426
114000111,0,0,0
114000112,61,633,-572
114000113,0,0,0
114000114,267,605,-338
114000115,0,0,0
114000116,55,31,24
114000117,56,25,31
114000118,83,10,73
114000119,76,11,65
114000120,170,295,-125
114000121,92,189,-97
114000122,92,102,-10
114000123,18,10,8
114000124,6,11,-5
114000125,239,759,-520
114000126,16,9,7
114000127,5,55,-50
114000128,25,97,-72
114000130,0,0,0
114000131,0,0,0
114000132,168,268,-100
114000133,193,350,-157
114000134,4,50,-46
114000138,22,43,-21
114000139,0,0,0
114000144,0,0,0
114000145,24,32,-8
114000146,6,34,-28
114000147,0,0,0
114000148,62,2,60
114000149,7,14,-7
114000150,211,159,52
114000151,13,6,7
114000152,3,16,-13
114000153,187,283,-96
114000154,106,124,-18
114000155,80,118,-38
114000156,49,72,-23
114000157,30,145,-115
114000158,518,109,409
114000159,43,54,-11
114000160,25,34,-9
114000161,28,18,10
114000162,6,12,-6
114000163,0,17,-17
114000165,0,0,0
114000166,94,6,88
114000167,937,409,528
114000168,158,324,-166
114000169,261,108,153
114000170,71,78,-7
114000171,88,72,16
114000174,33,163,-130
114000176,101,215,-114
114000177,554,336,218
114000178,0,0,0
114000179,28,1,27
114000180,132,247,-115
114000181,195,326,-131
114000182,1448,902,546
114000183,423,392,31
114000184,1391,825,566
114000185,28,21,7
114000189,0,0,0
114000190,0,0,0
114000191,0,0,0
114000192,112,630,-518
114000193,346,1322,-976
114000194,292,448,-156
114000195,0,0,0
114000196,1,135,-134
114000197,0,43,-43
114000198,257,139,118
114000199,346,138,208
114000200,90,759,-669
114000201,19,310,-291
114000202,177,263,-86
114000203,82,286,-204
114000204,13,91,-78
114000205,5,507,-502
114000206,53,510,-457
114000207,246,1046,-800
114000208,58,1221,-1163
114000209,173,1428,-1255
114000210,107,800,-693
114000211,57,244,-187
114000212,103,220,-117
114000213,256,65,191
114000214,3,48,-45
114000215,0,29,-29
114000216,78,0,78
114000217,2,77,-75
114000218,5,46,-41
114000219,46,111,-65
114000220,13,683,-670
114000221,61,32,29
114000222,39,624,-585
114000223,0,0,0
114000224,35,278,-243
114000225,27,260,-233
114000226,7,140,-133
114000227,81,144,-63
114000228,50,150,-100
114000229,97,361,-264
114000230,97,193,-96
114000231,152,415,-263
114000232,13,15,-2
114000233,31,12,19
114000234,66,120,-54
114000235,169,555,-386
114000236,1,399,-398
114000237,35,400,-365
114000238,0,5,-5
114000239,6,548,-542
114000240,172,273,-101
114000241,52,497,-445
114000242,323,376,-53
114000243,137,127,10
114000244,0,0,0
114000245,69,415,-346
114000246,83,34,49
114000247,63,84,-21
114000248,93,102,-9
114000249,47,80,-33
114000250,89,215,-126
114000251,12,127,-115
114000252,16,21,-5
114000253,0,0,0
114000254,1,24,-23
114000255,96,55,41
114000256,30,32,-2
114000257,119,970,-851
114000258,20,117,-97
114000259,13,147,-134
114000260,1,56,-55
114000261,19,1,18
114000262,5,82,-77
114000263,0,0,0
114000264,22,65,-43
114000265,0,5,-5
114000267,2,558,-556
114000268,3,778,-775
114000270,0,0,0
114000271,82,26,56
114000283,75,87,-12
114000285,42,133,-91
114000288,8,210,-202
114000289,79,19,60
114000293,6,124,-118
114000294,2,18,-16
114000395,60,3,57
114000396,0,0,0
114000402,16,51,-35
114000403,12,29,-17
114000405,25,262,-237
114000423,10,243,-233
114000424,28,85,-57
114000425,29,302,-273
114000426,0,0,0
114000427,14,94,-80
114000428,0,0,0
114000429,1,72,-71
114000432,0,0,0
114000434,2,44,-42
114000435,0,44,-44
114000436,465,184,281
114000437,0,11,-11
114900001,0,0,0
114900002,0,0,0
114900003,0,0,0
114900004,0,0,0
114900005,0,0,0
114900006,0,0,0
114900007,0,0,0
114900008,0,0,0
114900010,20,0,20
114900011,0,0,0
114900013,0,0,0
114900015,0,0,0
114900018,0,0,0
114900020,0,0,0
114900022,0,31,-31
114900024,0,0,0
114900025,0,0,0
114900026,0,0,0
114900027,0,0,0
114900029,0,0,0
114900030,0,0,0
114900031,0,0,0
114900032,0,0,0
114900033,0,0,0
114900034,0,29,-29
114900035,3,12,-9
114900036,16,168,-152
114900037,8,25,-17
114900038,11,185,-174
114900039,34,168,-134
114900040,0,8,-8
114900041,16,197,-181
114900042,18,187,-169
114900043,34,12,22
114900044,0,0,0
114900046,0,10,-10
114900047,3,85,-82
114900048,3,10,-7
114900049,0,36,-36
114900050,1,68,-67
114900051,3,64,-61
114900052,4,20,-16
114900053,4,10,-6
114900054,2,25,-23
114900057,0,0,0
114900058,0,42,-42
114900059,0,0,0
114900060,57,13,44
114900061,3,29,-26
114900062,3,20,-17
114900063,2,33,-31
114900064,22,155,-133
114900065,10,98,-88
114900067,0,44,-44
114900068,9,24,-15
114900069,18,6,12
114900070,0,0,0
114900072,2,56,-54
114900073,0,54,-54
114900074,0,0,0
114900075,0,0,0
114900076,0,82,-82
114900080,0,0,0
114900082,1,110,-109
114900083,0,50,-50
114900090,0,0,0
114900091,4,6,-2
114900095,50,15,35
114900096,13,32,-19
114900097,0,0,0
114900098,0,0,0
114900099,0,0,0
115000001,3109,3243,-134
115000002,406,227,179
115000003,941,2161,-1220
115000004,319,317,2
115000005,578,1662,-1084
115000006,76,153,-77
115000007,0,5,-5
115000008,48,78,-30
115000009,16,18,-2
115000010,0,0,0
115000013,21,71,-50
115000015,29,93,-64
115000016,153,79,74
115000019,1,55,-54
115000020,0,0,0
115000021,71,140,-69
115000022,229,143,86
115000023,29,49,-20
115000024,330,153,177
115000025,38,49,-11
115000026,35,142,-107
115000027,14,53,-39
115000028,20,243,-223
115000029,20,31,-11
115000030,46,359,-313
115000031,145,53,92
115000032,2,87,-85
115000033,0,0,0
115000034,3,317,-314
115000035,0,0,0
115000036,0,148,-148
115000037,0,0,0
115000038,0,0,0
115000039,219,228,-9
115000040,980,448,532
115000041,77,339,-262
115000042,49,137,-88
115000043,205,762,-557
115000044,1357,1862,-505
115000045,384,1158,-774
115000046,60,408,-348
115000047,175,354,-179
115000048,389,1693,-1304
115000049,408,1235,-827
115000050,452,197,255
115000051,616,226,390
115000052,1530,779,751
115000053,227,198,29
115000054,204,340,-136
115000055,16,201,-185
115000056,1,25,-24
115000057,29,161,-132
115000058,3,45,-42
115000059,1,86,-85
115000061,0,0,0
115000062,10,97,-87
115000063,18,123,-105
115000064,0,0,0
115000065,3,59,-56
115000067,0,0,0
115000069,2,70,-68
115000070,6,101,-95
115000071,0,0,0
115000072,18,13,5
115000073,157,0,157
115000075,3,8,-5
115000076,534,666,-132
115000077,118,956,-838
115000078,80,520,-440
115000079,127,674,-547
115000080,153,923,-770
115000081,36,160,-124
115000082,339,692,-353
115000083,284,904,-620
115000084,0,0,0
115000085,66,319,-253
115000086,0,0,0
115000087,125,427,-302
115000088,0,0,0
115000089,653,677,-24
115000090,49,45,4
115000091,47,352,-305
115000092,8,97,-89
115000093,0,0,0
115000094,1904,795,1109
115000095,1176,1337,-161
115000096,31,549,-518
115000097,25,294,-269
115000098,61,372,-311
115000099,82,916,-834
115000100,20,68,-48
115000101,102,758,-656
115000102,17,14,3
115000103,102,379,-277
115000105,0,0,0
115000106,19,31,-12
115000107,31,316,-285
115000108,1324,1337,-13
115000109,382,162,220
115000110,451,150,301
115000111,112,420,-308
115000112,82,106,-24
115000113,118,176,-58
115000114,337,245,92
115000116,541,214,327
115000117,224,285,-61
115000118,175,322,-147
115000119,204,280,-76
115000120,123,252,-129
115000121,599,224,375
115000122,816,258,558
115000123,412,251,161
115000124,122,115,7
115000125,62,106,-44
115000126,20,129,-109
115000127,43,41,2
115000128,158,155,3
115000129,9,29,-20
115000130,29,262,-233
115000131,8,50,-42
115000132,5,120,-115
115000133,6,64,-58
115000134,7,69,-62
115000135,6,55,-49
115000136,0,0,0
115000137,12,69,-57
115000138,0,0,0
115000139,28,176,-148
115000140,0,0,0
115000141,24,151,-127
115000142,14,120,-106
115000143,0,0,0
115000144,15,6,9
115000145,16,185,-169
115000146,0,0,0
115000147,25,194,-169
115000148,89,330,-241
115000149,33,33,0
115000150,119,310,-191
115000151,31,46,-15
115000152,89,464,-375
115000153,45,40,5
115000154,24,22,2
115000155,66,328,-262
115000156,42,27,15
115000157,145,169,-24
115000158,22,27,-5
115000159,29,38,-9
115000160,115,55,60
115000161,49,113,-64
115000162,0,0,0
115000163,267,250,17
115000164,193,161,32
115000165,0,0,0
115000167,0,0,0
115000168,0,0,0
115000169,156,205,-49
115000170,21,71,-50
115000171,0,0,0
115000172,262,141,121
115000173,0,0,0
115000174,0,0,0
115000175,7,34,-27
115000176,0,0,0
115000177,4,20,-16
115000178,3,83,-80
115000179,0,0,0
115000180,14,184,-170
115000181,0,0,0
115000182,0,0,0
115000183,37,338,-301
115000186,56,55,1
115000187,9,249,-240
115000188,128,62,66
115000189,52,157,-105
115000190,70,86,-16
115000191,42,108,-66
115000194,33,61,-28
115000195,0,0,0
115000196,0,0,0
115000197,8,93,-85
115000198,0,0,0
115000199,7,61,-54
115000200,0,0,0
115000201,32,143,-111
115000206,0,0,0
115000207,6,165,-159
115000208,168,362,-194
115000209,72,30,42
115000210,6,8,-2
115000211,81,79,2
115000212,304,122,182
115000224,0,0,0
115000225,0,0,0
115000229,0,0,0
115000230,0,0,0
115000231,37,940,-903
115000232,34,102,-68
115000233,12,198,-186
115000234,0,0,0
115000241,0,0,0
115000242,0,0,0
115000243,0,0,0
115000244,0,0,0
115000246,0,0,0
115000247,0,0,0
115000248,0,0,0
115000249,0,0,0
115000250,9,5,4
115000251,0,0,0
115000252,0,0,0
115000253,0,0,0
115000258,0,0,0
115000259,0,0,0
115000261,0,0,0
115000262,0,0,0
115000263,0,0,0
115000264,0,0,0
115000267,0,0,0
115000268,2,8,-6
115000269,0,0,0
115000270,0,0,0
115000272,0,0,0
115000273,0,0,0
115000280,0,0,0
115000281,129,35,94
115000282,119,33,86
115000284,131,57,74
115000296,0,0,0
115000297,0,0,0
115000298,34,13,21
115000300,1,77,-76
115000302,0,0,0
115000303,0,0,0
115000304,0,0,0
115000305,5,312,-307
115000306,12,191,-179
115000307,2,101,-99
115000308,7,6,1
115000309,0,0,0
115000310,104,372,-268
115000311,0,0,0
115000313,40,159,-119
115000314,0,0,0
115000315,363,134,229
115000316,0,0,0
115000317,14,278,-264
115000318,82,39,43
115000319,3,119,-116
115000320,2,55,-53
115000321,62,1,61
115000322,8,143,-135
115000449,0,0,0
115000557,0,8,-8
115000558,0,0,0
115000587,25,35,-10
115000588,1080,2060,-980
115000589,786,473,313
115000590,178,786,-608
115000591,66,105,-39
115000592,171,796,-625
115000593,120,64,56
115000594,288,706,-418
115000609,0,0,0
115000617,275,84,191
115000624,0,6,-6
115000633,45,763,-718
115000634,780,176,604
115000635,33,7,26
115000638,0,0,0
115000641,0,0,0
115000642,16,28,-12
115000643,7,158,-151
115000644,11,98,-87
115000646,166,225,-59
115000647,13,182,-169
115000648,60,578,-518
115000893,414,133,281
115000894,19,668,-649
115000895,48,668,-620
115000896,105,26,79
115000897,68,3,65
115000898,119,26,93
115000899,257,144,113
115000900,28,36,-8
115000901,28,26,2
115000912,15,4,11
115000913,0,4,-4
115000915,0,0,0
115000916,0,0,0
115000917,0,1,-1
115000918,0,0,0
115000919,0,0,0
115000920,3,4,-1
115000921,150,6,144
115000922,47,60,-13
115000923,103,390,-287
115000925,12,24,-12
115000927,0,0,0
115000933,47,19,28
115000934,0,0,0
115000935,0,0,0
115000936,0,0,0
115000937,198,17,181
115000938,27,13,14
115000939,15,35,-20
115900001,0,0,0
115900002,0,0,0
115900003,0,0,0
115900004,0,0,0
115900005,0,0,0
115900006,0,0,0
115900008,0,0,0
115900009,0,0,0
115900010,0,0,0
115900011,12,18,-6
115900012,0,0,0
115900013,0,0,0
115900014,6,8,-2
115900015,0,0,0
115900016,0,0,0
115900017,0,0,0
115900018,25,5,20
115900019,0,0,0
115900020,0,0,0
115900021,109,3,106
115900022,0,0,0
115900023,0,0,0
115900025,0,0,0
115900026,0,0,0
115900027,0,7,-7
115900028,28,3,25
115900029,0,84,-84
115900030,0,0,0
115900031,0,0,0
115900032,0,0,0
115900033,0,1,-1
115900034,4,61,-57
115900035,0,0,0
115900036,2,8,-6
115900037,3,38,-35
115900038,0,0,0
115900039,0,0,0
115900041,1,0,1
115900042,0,0,0
115900043,0,0,0
115900044,0,0,0
115900046,4,14,-10
115900047,0,0,0
115900049,1,3,-2
115900051,0,16,-16
115900052,1,31,-30
115900053,1,4,-3
115900054,0,30,-30
115900055,2,17,-15
115900056,0,1,-1
115900057,0,0,0
115900058,0,5,-5
115900060,0,2,-2
115900061,0,0,0
115900062,0,98,-98
115900063,7,0,7
115900064,0,0,0
115900065,0,0,0
115900066,26,12,14
115900067,0,174,-174
115900068,451,3,448
115900069,0,0,0
115900070,0,0,0
115900071,0,12,-12
115900072,8,11,-3
115900073,0,0,0
115900074,0,69,-69
115900075,0,32,-32
115900076,0,0,0
115900077,0,66,-66
115900078,0,9,-9
115900079,0,0,0
115900080,0,0,0
115900081,1,13,-12
115900082,8,7,1
115900084,0,0,0
115900085,0,4,-4
115900086,156,30,126
115900088,0,0,0
115900089,2,113,-111
115900090,0,0,0
115900091,0,0,0
115900092,0,16,-16
115900093,0,11,-11
115900094,0,49,-49
115900096,0,10,-10
115900097,1,56,-55
115900098,4,28,-24
115900099,0,0,0
115900100,0,75,-75
115900101,2,25,-23
115900102,0,0,0
115900103,1,22,-21
115900104,0,0,0
115900105,0,0,0
115900106,0,0,0
115900107,0,0,0
115900108,0,0,0
115900109,6,38,-32
115900110,0,0,0
115900111,1,35,-34
115900112,3,93,-90
115900113,0,0,0
115900114,1,30,-29
115900115,1,9,-8
115900116,4,109,-105
115900117,0,0,0
115900118,0,98,-98
115900119,1,2,-1
115900120,0,32,-32
115900121,9,50,-41
115900124,11,40,-29
115900125,9,4,5
115900126,59,6,53
115900127,21,1,20
115900128,0,0,0
115900129,37,1,36
115900130,0,1,-1
115900131,6,0,6
115900132,8,0,8
115900134,5,1,4
115900135,0,0,0
115900137,3,3,0
115900139,0,0,0
115900140,0,0,0
115900141,0,0,0
115900142,0,0,0
115900143,3,39,-36
115900144,0,16,-16
115900146,0,0,0
115900147,0,0,0
115900148,0,1,-1
115900149,0,9,-9
115900150,0,0,0
115900151,0,19,-19
115900152,2,84,-82
115900153,5,53,-48
115900154,87,50,37
115900155,0,0,0
115900156,70,113,-43
115900157,2,50,-48
115900158,0,0,0
115900159,7,47,-40
115900160,0,0,0
115900161,0,35,-35
115900163,8,18,-10
115900164,0,1,-1
115900165,0,3,-3
115900166,0,0,0
115900168,0,3,-3
115900171,1,55,-54
115900172,6,31,-25
115900173,0,0,0
115900174,31,28,3
115900175,3,5,-2
115900178,0,139,-139
115900179,0,0,0
115900180,0,0,0
115900181,2,24,-22
115900182,2,31,-29
115900183,0,0,0
115900184,0,0,0
115900187,0,0,0
115900189,0,15,-15
115900190,0,50,-50
115900191,5,48,-43
115900192,0,9,-9
115900193,8,11,-3
115900194,32,1,31
115900195,59,39,20
115900198,1,7,-6
115900199,18,57,-39
115900200,46,87,-41
115900201,5,25,-20
115900202,0,0,0
115900203,0,0,0
115900204,0,0,0
115900205,1,0,1
115900206,1,7,-6
115900207,0,0,0
115900208,0,0,0
115900209,0,20,-20
115900210,0,24,-24
115900211,0,24,-24
115900212,2,6,-4
115900213,0,0,0
115900214,0,43,-43
115900215,0,0,0
115900216,0,41,-41
115900217,0,33,-33
115900218,0,14,-14
115900219,0,0,0
115900220,0,0,0
115900221,0,0,0
115900222,0,0,0
115900223,0,0,0
115900224,0,0,0
115900225,0,0,0
115900226,0,0,0
115900227,0,0,0
115900228,0,0,0
115900229,0,0,0
115900230,0,0,0
115900231,0,0,0
115900232,0,0,0
115900233,0,0,0
115900234,0,1,-1
115900235,0,0,0
115900236,0,2,-2
115900237,0,18,-18
115900238,0,11,-11
115900239,0,7,-7
115900240,0,14,-14
115900241,1,3,-2
115900242,0,3,-3
115900243,1,0,1
115900244,0,4,-4
115900245,0,0,0
115900246,0,0,0
115900247,0,0,0
115900248,0,0,0
115900249,0,0,0
115900250,0,0,0
115900251,0,0,0
115900252,0,0,0
115900253,0,0,0
115900254,0,0,0
115900255,0,0,0
115900256,0,0,0
115900257,0,0,0
115900258,0,0,0
115900259,0,0,0
115900260,0,0,0
115900261,0,0,0
115900262,0,0,0
115900263,0,0,0
115900264,0,0,0
115900265,0,0,0
115900266,0,0,0
115900267,0,0,0
115900268,0,0,0
115900269,1,18,-17
115900270,0,0,0
115900271,0,0,0
115900272,0,0,0
115900273,0,0,0
115900274,0,9,-9
115900275,0,6,-6
115900276,0,19,-19
115900277,0,31,-31
115900278,1,11,-10
115900279,1,18,-17
115900280,0,13,-13
115900281,3,12,-9
115900282,0,0,0
115900283,0,0,0
115900284,0,0,0
116000001,8988,1260,7728
116000002,1003,390,613
116000003,611,722,-111
116000004,608,152,456
116000005,472,916,-444
116000006,300,201,99
116000007,1008,1419,-411
116000008,533,457,76
116000009,362,721,-359
116000010,188,75,113
116000011,129,224,-95
116000012,111,117,-6
116000013,7524,1258,6266
116000014,778,177,601
116000015,110,278,-168
116000016,529,84,445
116000017,7,120,-113
116000018,66,32,34
116000019,58,95,-37
116000020,28,70,-42
116000021,35,71,-36
116000022,22,49,-27
116000023,23,62,-39
116000024,67,143,-76
116000025,33,76,-43
116000026,149,611,-462
116000027,55,153,-98
116000028,0,0,0
116000029,285,109,176
116000030,0,0,0
116000031,73,64,9
116000032,24,131,-107
116000033,4,130,-126
116000034,18,190,-172
116000035,57,243,-186
116000036,112,53,59
116000037,0,0,0
116000038,0,0,0
116000039,113,77,36
116000040,0,0,0
116000041,19,117,-98
116000042,0,0,0
116000043,14,193,-179
116000044,0,0,0
116000045,0,0,0
116000046,326,380,-54
116000047,318,556,-238
116000048,55,133,-78
116000049,35,163,-128
116000050,199,426,-227
116000051,78,144,-66
116000052,415,800,-385
116000053,0,0,0
116000054,96,672,-576
116000055,74,348,-274
116000056,0,0,0
116000057,1151,536,615
116000058,620,259,361
116000059,260,130,130
116000060,699,119,580
116000061,88,73,15
116000062,61,83,-22
116000063,44,126,-82
116000066,0,0,0
116000067,107,138,-31
116000068,0,0,0
116000069,101,148,-47
116000078,0,0,0
116000080,272,423,-151
116000082,1,77,-76
116000083,116,68,48
116000084,96,474,-378
116000085,275,96,179
116000086,71,258,-187
116000087,196,99,97
116000088,162,318,-156
116000089,2,4,-2
116000090,0,0,0
116000091,3,8,-5
116000093,131,44,87
116000094,21,323,-302
116000095,42,77,-35
116000096,37,313,-276
116000097,52,132,-80
116000098,7,522,-515
116000099,1259,57,1202
116000100,4,0,4
116000101,15,66,-51
116000102,16,237,-221
116000103,8,36,-28
116000104,6,266,-260
116000105,9,44,-35
116000106,14,248,-234
116000107,35,139,-104
116000108,1,49,-48
116000111,0,0,0
116000113,0,0,0
116000114,3,9,-6
116000115,0,0,0
116000116,3,34,-31
116000117,10,41,-31
116000118,130,602,-472
116000119,3,52,-49
116000120,421,1566,-1145
116000121,0,0,0
116000122,304,1426,-1122
116000123,0,0,0
116000124,87,689,-602
116000125,7,6,1
116000126,54,836,-782
116000127,237,721,-484
116000128,22,13,9
116000129,10,18,-8
116000130,4,8,-4
116000133,138,277,-139
116000134,129,1225,-1096
116000135,121,180,-59
116000136,134,835,-701
116000137,38,90,-52
116000138,368,63,305
116000139,189,592,-403
116000140,26,103,-77
116000141,43,181,-138
116000142,984,1341,-357
116000143,497,123,374
116000144,299,1217,-918
116000145,320,203,117
116000146,22,42,-20
116000147,46,11,35
116000148,8,68,-60
116000149,2,57,-55
116000151,105,412,-307
116000153,0,0,0
116000155,0,0,0
116000156,76,314,-238
116000157,0,0,0
116000158,24,169,-145
116000159,0,0,0
116000160,2,29,-27
116000161,1,15,-14
116000162,90,9,81
116000163,3,1,2
116000164,0,5,-5
116000177,3,38,-35
116000194,1,214,-213
116000195,102,90,12
116000196,2,0,2
116000197,0,0,0
116000198,121,132,-11
116000200,0,0,0
116000201,70,139,-69
116000202,0,0,0
116000203,0,10,-10
116000204,1,7,-6
116000205,0,28,-28
116000206,0,14,-14
116000207,0,7,-7
116000233,1,66,-65
116000287,6,196,-190
116000288,0,0,0
116000292,1,15,-14
116000296,0,0,0
116000297,0,0,0
116000304,2,0,2
116000305,0,0,0
116000346,9,44,-35
116000352,0,24,-24
116000354,0,9,-9
116000357,0,8,-8
116000358,0,0,0
116000361,0,0,0
116000372,2149,614,1535
116000381,0,0,0
116000388,0,23,-23
116000389,21,40,-19
116000445,18,394,-376
116000446,0,0,0
116000447,3,189,-186
116000448,0,0,0
116000563,0,0,0
116000565,46,36,10
116000568,3,5,-2
116000579,3,21,-18
116000584,3,6,-3
116000585,3,0,3
116000586,52,16,36
116000587,0,92,-92
116000589,0,27,-27
116000590,0,0,0
116000591,0,0,0
116000592,0,0,0
116000593,0,0,0
116000594,11,122,-111
116000595,11,35,-24
116000596,2,4,-2
116000597,0,0,0
116000598,0,29,-29
116000602,0,16,-16
116000605,2,13,-11
116000606,0,0,0
116000607,0,2,-2
116000609,1,80,-79
116000611,1,252,-251
116000612,138,289,-151
116000613,0,0,0
116000614,110,398,-288
116000615,0,93,-93
116000616,4,34,-30
116000617,2,29,-27
116000618,0,43,-43
116000619,1,8,-7
116000620,0,0,0
116000621,0,0,0
116000622,0,0,0
116000624,1,1,0
116000627,0,2,-2
116000628,0,0,0
116000629,0,2,-2
116000630,0,0,0
116000631,0,0,0
116000632,2,3,-1
116000633,0,0,0
116000634,0,0,0
116000635,154,160,-6
116000636,283,162,121
116000637,3,0,3
116000638,0,0,0
116900001,0,0,0
116900002,0,0,0
116900003,0,0,0
116900004,0,0,0
116900005,0,4,-4
116900006,0,0,0
116900007,0,0,0
116900008,0,126,-126
116900009,0,0,0
116900010,0,198,-198
116900011,0,1,-1
116900012,0,0,0
116900013,0,67,-67
116900014,0,0,0
116900015,0,0,0
116900016,0,0,0
116900017,0,86,-86
116900018,0,0,0
116900019,0,51,-51
116900020,12,7,5
116900023,0,0,0
116900024,0,0,0
116900025,1,71,-70
116900026,2,73,-71
116900027,0,0,0
116900028,2,17,-15
116900029,0,0,0
116900031,0,0,0
116900032,0,27,-27
116900033,0,0,0
116900034,0,15,-15
116900035,3,17,-14
116900036,0,10,-10
116900038,0,0,0
116900041,0,0,0
116900042,129,33,96
116900043,1,5,-4
116900047,0,0,0
116900049,4,32,-28
116900050,3,17,-14
116900051,0,0,0
116900052,0,0,0
116900055,0,0,0
116900057,0,27,-27
116900058,3,23,-20
116900059,0,0,0
116900060,5,55,-50
116900062,0,0,0
116900064,1,186,-185
116900065,1,6,-5
116900067,0,0,0
116900068,4,67,-63
116900070,0,0,0
116900072,2,79,-77
116900073,1,11,-10
116900074,0,0,0
116900076,0,0,0
116900077,0,14,-14
116900078,11,15,-4
116900079,1,19,-18
116900080,0,0,0
116900081,5,47,-42
116900082,13,98,-85
116900083,0,0,0
116900084,5,6,-1
116900085,1,16,-15
116900086,1,16,-15
116900088,0,0,0
116900090,0,0,0
116900091,0,12,-12
116900092,0,66,-66
116900093,13,1,12
116900094,271,19,252
116900095,0,41,-41
116900096,0,11,-11
116900097,7,0,7
116900098,57,4,53
116900099,21,20,1
116900100,0,0,0
116900101,10,59,-49
116900103,0,0,0
116900104,1,12,-11
116900105,0,0,0
116900106,0,65,-65
116900107,9,1,8
116900110,0,0,0
116900111,0,0,0
116900112,0,0,0
116900113,0,0,0
116900116,0,0,0
116900117,1,22,-21
116900118,6,213,-207
116900120,0,0,0
116900121,0,0,0
116900122,4,176,-172
116900123,2,182,-180
116900124,2,58,-56
116900125,2,5,-3
116900126,7,83,-76
116900128,0,6,-6
116900129,0,72,-72
116900130,206,232,-26
116900131,8,23,-15
116900132,4,11,-7
116900133,2,23,-21
116900134,10,41,-31
116900136,1,10,-9
116900137,12,21,-9
116900138,4,28,-24
116900139,2,30,-28
116900140,9,24,-15
116900141,13,29,-16
116900142,0,1,-1
116900143,7,37,-30
116900144,1,2,-1
116900145,1,27,-26
116900147,6,16,-10
116900148,0,2,-2
116900149,0,0,0
116900150,0,1,-1
116900151,0,0,0
116900153,0,0,0
116900154,0,3,-3
116900155,0,12,-12
116900157,0,0,0
116900158,0,1,-1
116900159,0,43,-43
116900160,0,0,0
116900161,837,131,706
116900162,0,0,0
116900163,0,0,0
116900164,1,1,0
116900165,0,0,0
116900166,0,0,0
116900167,0,0,0
116900168,3,9,-6
116900169,0,0,0
116900170,0,0,0
116900171,0,0,0
116900172,0,0,0
116900173,0,4,-4
116900174,1,0,1
116900175,0,0,0
116900178,0,0,0
116900179,0,0,0
116900180,1,1,0
116900182,0,0,0
116900183,0,0,0
116900185,0,0,0
116900186,0,0,0
116900187,0,0,0
116900188,1,1,0
116900189,0,0,0
116900191,0,0,0
116900192,0,0,0
116900194,0,0,0
116900195,0,0,0
116900196,0,0,0
116900197,0,0,0
116900198,20,5,15
116900200,0,4,-4
116900201,0,0,0
116900202,0,0,0
116900203,0,0,0
116900204,0,2,-2
116900206,0,0,0
116900207,0,4,-4
116900208,0,0,0
116900209,0,0,0
116900210,2,9,-7
116900211,0,0,0
116900212,0,0,0
116900213,0,0,0
116900214,2,15,-13
116900215,0,0,0
116900216,3,5,-2
116900218,0,74,-74
116900219,92,57,35
116900220,0,0,0
116900221,2,21,-19
116900222,0,0,0
116900223,0,0,0
116900226,1,11,-10
116900227,1,7,-6
116900228,4,28,-24
116900230,0,22,-22
116900231,0,28,-28
116900232,0,18,-18
116900233,0,0,0
116900234,0,0,0
116900235,12,139,-127
116900238,28,19,9
116900239,0,14,-14
116900240,252,52,200
116900241,0,0,0
116900242,26,16,10
116900243,0,0,0
116900245,0,0,0
116900246,0,0,0
116900247,0,0,0
116900248,0,3,-3
116900249,0,0,0
116900250,4,10,-6
116900251,0,0,0
116900252,0,0,0
116900253,0,0,0
116900254,0,0,0
116900255,7,3,4
116900256,11,0,11
116900257,1,97,-96
116900258,0,69,-69
116900259,0,0,0
116900260,0,33,-33
116900261,0,0,0
116900262,0,43,-43
116900263,0,0,0
116900264,0,0,0
116900265,0,0,0
116900266,0,2,-2
116900267,0,0,0
116900268,0,0,0
116900269,0,12,-12
116900271,0,0,0
116900272,29,60,-31
116900273,14,0,14
116900274,0,0,0
116900275,0,0,0
116900276,0,0,0
116900277,0,0,0
116900278,0,0,0
116900279,0,0,0
116900280,0,3,-3
116900281,166,21,145
116900282,2,10,-8
116900283,1,21,-20
116900284,1,7,-6
116900285,0,0,0
116900286,0,0,0
116900287,0,0,0
116900288,0,0,0
116900289,0,0,0
116900290,0,0,0
116900291,0,0,0
116900292,0,0,0
116900293,0,0,0
116900294,3,7,-4
116900295,0,0,0
116900296,0,0,0
116900297,0,0,0
116900298,0,0,0
116900299,0,0,0
116900300,0,0,0
116900301,0,0,0
116900302,0,7,-7
116900303,0,2,-2
116900304,0,33,-33
116900305,0,0,0
116900306,0,0,0
117000001,126,148,-22
117000002,416,1399,-983
117000003,356,94,262
117000004,1106,1784,-678
117000005,79,27,52
117000006,194,1686,-1492
117000007,153,8,145
117000008,301,1535,-1234
117000009,0,0,0
117000010,693,1560,-867
117000011,0,0,0
117000012,263,851,-588
117000013,0,0,0
117000014,159,1007,-848
117000015,0,0,0
117000016,20,15,5
117000017,16,19,-3
117000018,9,115,-106
117000019,0,0,0
117000020,130,353,-223
117000021,594,50,544
117000022,24,8,16
117000023,24,61,-37
117000024,75,96,-21
117000025,161,237,-76
117000026,55,20,35
117000027,459,796,-337
117000028,0,0,0
117000030,20,80,-60
117000031,0,0,0
117000032,276,249,27
117000033,214,185,29
117000034,34,41,-7
117000035,0,0,0
117000036,42,54,-12
117000037,0,0,0
117000038,19,84,-65
117000039,12,15,-3
117000040,19,436,-417
117000041,0,0,0
117000044,12,320,-308
117000045,0,0,0
117000046,72,307,-235
117000047,0,0,0
117000048,461,302,159
117000049,20,39,-19
117000050,10,786,-776
117000051,93,28,65
117000052,0,30,-30
117000053,12,9,3
117000054,24,0,24
117000055,4,1159,-1155
117000056,21,1,20
117000057,115,561,-446
117000060,42,189,-147
117000061,4,29,-25
117000062,22,58,-36
117000063,0,0,0
117000064,76,257,-181
117000066,222,131,91
117000067,1,63,-62
117000074,0,0,0
117000076,0,0,0
117000077,47,14,33
117000078,4,142,-138
117000079,3,18,-15
117000080,1,223,-222
117000081,2,7,-5
117000082,9,36,-27
117000083,0,0,0
117000084,0,0,0
117000085,20,104,-84
117000086,26,158,-132
117000087,22,215,-193
117000088,0,0,0
117000089,46,24,22
117000090,43,709,-666
117000091,14,8,6
117000092,71,780,-709
117000093,11,12,-1
117000094,110,1015,-905
117000095,21,16,5
117000096,164,1634,-1470
117000097,14,41,-27
117000098,493,1934,-1441
117000099,34,26,8
117000100,3,28,-25
117000101,30,232,-202
117000102,0,0,0
117000103,416,757,-341
117000104,0,0,0
117000105,138,818,-680
117000106,0,0,0
117000107,147,1014,-867
117000108,0,0,0
117000109,602,1266,-664
117000110,0,0,0
117000111,341,388,-47
117000112,114,219,-105
117000113,4,73,-69
117000114,0,0,0
117000115,9,27,-18
117000116,0,11,-11
117000117,58,15,43
117000118,2,25,-23
117000119,1,4,-3
117000120,0,4,-4
117000121,0,5,-5
117000122,0,0,0
117000123,0,0,0
117000124,0,0,0
117000125,7,4,3
117000126,0,0,0
117000127,6,8,-2
117000128,6,17,-11
117000129,0,0,0
117000130,0,0,0
117000131,2,73,-71
117000132,81,95,-14
117000133,0,113,-113
117000134,2,49,-47
117000135,1,22,-21
117000136,1,22,-21
117000137,0,0,0
117000138,1,199,-198
117000140,94,646,-552
117000141,0,0,0
117000181,78,25,53
117000182,0,0,0
117000195,11,187,-176
117000196,0,0,0
117000225,0,0,0
117000226,1,5,-4
117000276,0,0,0
117000277,0,89,-89
117000310,453,785,-332
117000315,0,0,0
117000320,0,0,0
117000906,0,0,0
117000907,4,122,-118
117000908,3,1,2
117000909,3,6,-3
117000910,45,49,-4
117000911,16,24,-8
117000915,2,131,-129
117000916,0,0,0
117000917,0,0,0
117000918,0,0,0
117000919,0,12,-12
117000920,1,862,-861
117000921,0,310,-310
117000922,0,0,0
117000924,31,26,5
117000926,259,26,233
117000927,17,40,-23
117000928,0,137,-137
117000929,8,67,-59
117000930,9,4,5
117000931,45,7,38
117900002,23,47,-24
117900003,42,24,18
117900005,0,1,-1
117900006,0,9,-9
117900007,6,38,-32
117900008,0,5,-5
117900010,4,28,-24
117900011,0,1,-1
117900012,1,20,-19
117900013,0,25,-25
117900014,4,30,-26
117900015,2,26,-24
117900016,69,12,57
117900017,3,65,-62
117900018,9,2,7
117900019,1,62,-61
117900020,2,10,-8
117900021,4,12,-8
117900022,1,0,1
117900023,4,0,4
117900024,1,26,-25
117900025,1,0,1
117900026,3,30,-27
117900028,0,0,0
117900029,3,70,-67
117900030,6,5,1
117900031,0,0,0
117900032,11,12,-1
117900033,2,72,-70
117900034,0,0,0
117900035,6,0,6
117900036,1,69,-68
117900037,0,0,0
117900038,1,53,-52
117900039,1,20,-19
117900040,12,66,-54
117900041,0,20,-20
117900042,27,4,23
117900043,4,20,-16
117900044,0,60,-60
117900045,0,0,0
117900048,16,53,-37
117900049,1,49,-48
117900050,0,0,0
117900051,0,0,0
117900052,0,0,0
117900053,48,113,-65
117900054,0,1,-1
117900055,0,0,0
117900056,0,0,0
117900057,18,168,-150
117900058,0,0,0
117900059,0,0,0
117900060,12,566,-554
117900061,0,0,0
117900063,3,14,-11
117900065,69,98,-29
117900066,0,0,0
117900067,0,31,-31
117900069,5,48,-43
117900070,0,0,0
117900071,0,0,0
117900073,7,39,-32
117900074,0,0,0
117900075,0,0,0
117900076,1,21,-20
117900077,0,0,0
117900078,12,31,-19
117900080,0,0,0
117900081,45,23,22
117900082,17,15,2
117900083,1,88,-87
117900086,0,0,0
117900087,0,0,0
117900088,152,103,49
117900089,42,13,29
117900090,2,104,-102
117900091,10,7,3
117900092,0,0,0
117900093,0,0,0
117900094,0,0,0
117900095,9,81,-72
117900096,0,0,0
117900097,0,0,0
117900098,0,0,0
117900099,1,85,-84
117900100,0,0,0
117900101,36,56,-20
117900102,0,0,0
117900103,0,0,0
117900104,0,13,-13
117900105,1,20,-19
117900106,0,0,0
117900107,0,0,0
117900109,13,31,-18
117900110,0,0,0
117900111,0,0,0
117900112,0,0,0
117900113,0,3,-3
117900114,0,0,0
117900115,2,3,-1
117900116,19,52,-33
117900117,8,52,-44
117900118,0,0,0
117900119,0,80,-80
117900120,0,9,-9
117900121,0,3,-3
117900122,25,22,3
117900123,37,84,-47
117900124,27,51,-24
117900125,225,95,130
117900126,18,50,-32
117900127,6,54,-48
117900128,3,65,-62
117900129,0,0,0
117900130,1,31,-30
117900131,1,18,-17
117900132,0,25,-25
117900133,0,38,-38
117900134,2,39,-37
117900135,1,53,-52
117900136,0,2,-2
117900137,4,52,-48
117900138,0,8,-8
117900139,0,6,-6
117900140,3,2,1
117900141,14,30,-16
117900142,0,0,0
117900144,0,0,0
117900145,3,1,2
117900146,0,0,0
117900147,0,0,0
117900148,77,91,-14
117900149,0,13,-13
117900150,0,18,-18
117900151,1,15,-14
117900152,4,3,1
117900153,0,16,-16
117900154,1,57,-56
117900156,15,33,-18
117900157,1,11,-10
117900158,0,0,0
117900160,39,22,17
117900161,247,225,22
117900162,1,21,-20
117900163,2,2,0
117900165,0,1,-1
117900166,1,3,-2
117900168,4,35,-31
117900169,0,36,-36
117900170,0,2,-2
117900171,0,1,-1
117900172,3,6,-3
117900173,34,4,30
117900174,3,8,-5
117900175,0,0,0
117900176,0,0,0
117900177,0,0,0
117900178,0,0,0
117900180,0,0,0
117900181,0,0,0
117900182,0,0,0
117900183,0,0,0
117900184,0,0,0
117900185,0,0,0
117900186,0,0,0
117900187,0,0,0
117900188,0,0,0
117900189,0,0,0
117900190,0,0,0
117900191,0,0,0
117900192,2,2,0
117900193,0,14,-14
117900194,0,0,0
117900195,0,0,0
117900196,0,0,0
117900207,0,0,0
117900208,0,1,-1
117900209,0,6,-6
117900210,0,0,0
117900211,0,0,0
117900212,4,13,-9
117900213,0,0,0
117900214,0,0,0
117900215,0,0,0
117900216,0,0,0
117900217,3,8,-5
117900218,0,0,0
117900219,0,15,-15
117900220,0,0,0
117900222,7,47,-40
117900223,0,8,-8
118000001,97,78,19
118000002,259,366,-107
118000003,157,200,-43
118000004,443,322,121
118000005,1007,539,468
118000006,2082,1090,992
118000007,804,331,473
118000008,574,516,58
118000009,446,613,-167
118000010,378,718,-340
118000011,121,556,-435
118000012,117,563,-446
118000013,685,630,55
118000014,154,703,-549
118000016,27,97,-70
118000017,0,0,0
118000018,42,121,-79
118000019,1039,226,813
118000020,452,365,87
118000021,275,522,-247
118000022,252,41,211
118000023,89,154,-65
118000024,149,169,-20
118000027,3447,563,2884
118000029,127,33,94
118000032,63,69,-6
118000033,167,169,-2
118000034,1066,367,699
118000035,74,494,-420
118000036,61,222,-161
118000037,139,255,-116
118000038,0,0,0
118000039,10,16,-6
118000040,48,560,-512
118000041,286,398,-112
118000045,14,2,12
118000046,144,33,111
118000047,156,62,94
118000048,271,144,127
118000051,24,40,-16
118000052,38,23,15
118000053,14,8,6
118000054,195,62,133
118000055,241,53,188
118000056,15,2,13
118000057,9,8,1
118000058,92,17,75
118000059,41,53,-12
118000060,5,36,-31
118000061,17,46,-29
118000062,22,10,12
118000063,20,23,-3
118000064,31,42,-11
118000065,336,58,278
118000066,47,34,13
118000067,199,136,63
118000068,161,247,-86
118000069,280,107,173
118000070,949,76,873
118000071,450,322,128
118000072,250,151,99
118000073,123,38,85
118000074,3,19,-16
118000075,82,46,36
118000076,158,175,-17
118000077,391,261,130
118000078,120,115,5
118000079,46,125,-79
118000080,281,274,7
118000081,75,80,-5
118000082,4,19,-15
118000083,37,24,13
118000084,302,120,182
118000086,22,79,-57
118000087,2441,541,1900
118000088,116,139,-23
118000089,872,1172,-300
118000090,1522,438,1084
118000091,1132,729,403
118000092,201,32,169
118000093,12,33,-21
118000096,13,20,-7
118000097,33,36,-3
118000098,2,0,2
118000099,52,168,-116
118000101,112,109,3
118000102,17,127,-110
118000107,790,77,713
118000108,3,35,-32
118000110,0,3,-3
118000111,2,291,-289
118000112,0,0,0
118000113,1,517,-516
118000114,0,0,0
118000115,0,0,0
118000116,0,0,0
118000117,241,244,-3
118000118,25,30,-5
118000119,25,53,-28
118000120,436,592,-156
118000121,3,82,-79
118000122,98,12,86
118000123,1,64,-63
118000125,244,323,-79
118000126,18,48,-30
118000127,27,23,4
118000128,179,422,-243
118000129,92,56,36
118000130,903,1417,-514
118000131,123,461,-338
118000132,82,47,35
118000133,18,72,-54
118000135,0,0,0
118000136,10,62,-52
118000137,108,27,81
118000138,3,45,-42
118000139,21,23,-2
118000140,681,430,251
118000141,139,159,-20
118000142,255,539,-284
118000143,24,55,-31
118000144,48,62,-14
118000145,336,854,-518
118000146,189,371,-182
118000147,195,534,-339
118000148,42,322,-280
118000149,62,158,-96
118000150,7,2,5
118000151,4,16,-12
118000153,17,93,-76
118000154,10,127,-117
118000155,43,92,-49
118000156,464,463,1
118000157,17,24,-7
118000158,10,68,-58
118000159,0,0,0
118000160,0,0,0
118000161,37,270,-233
118000162,15,65,-50
118000163,15,44,-29
118000164,141,76,65
118000168,4,30,-26
118000169,306,686,-380
118000170,396,783,-387
118000171,0,0,0
118000172,0,0,0
118000173,80,183,-103
118000175,35,33,2
118000176,13,30,-17
118000177,6,10,-4
118000178,2,6,-4
118000179,0,0,0
118000180,0,0,0
118000181,307,176,131
118000182,59,87,-28
118000183,68,95,-27
118000184,0,0,0
118000185,504,171,333
118000186,258,227,31
118000187,88,205,-117
118000188,5,65,-60
118000189,16,160,-144
118000190,0,1,-1
118000191,0,4,-4
118000192,2,42,-40
118000193,5,39,-34
118000194,322,44,278
118000195,1,0,1
118000196,0,0,0
118000197,27,10,17
118000198,14,2,12
118000199,149,84,65
118000200,0,0,0
118000201,19,12,7
118000202,0,0,0
118000203,71,22,49
118000204,93,49,44
118000205,33,22,11
118000206,3,0,3
118000207,0,9,-9
118000208,68,95,-27
118000209,189,470,-281
118000210,0,0,0
118000211,0,0,0
118000213,5,6,-1
118000214,175,42,133
118000215,54,169,-115
118000216,0,0,0
118000217,3,12,-9
118000218,0,5,-5
118000219,0,6,-6
118000220,0,0,0
118000221,8,37,-29
118000222,89,2,87
118000223,0,0,0
118000224,2,8,-6
118000225,4,334,-330
118000226,0,0,0
118000227,114,31,83
118000228,100,38,62
118000229,0,0,0
118000230,5,24,-19
118000231,2,24,-22
118000232,63,240,-177
118000233,30,19,11
118000234,3,16,-13
118000236,15,77,-62
118000237,0,0,0
118000238,1,58,-57
118000239,0,5,-5
118000240,77,4,73
118000241,0,34,-34
118000242,17,164,-147
118000243,6,16,-10
118000244,1,37,-36
118000246,0,5,-5
118000255,0,13,-13
118000256,0,9,-9
118000259,1,0,1
118000260,0,0,0
118000261,1,3,-2
118000263,0,26,-26
118000266,9,35,-26
118000267,0,42,-42
118000268,0,4,-4
118000270,0,0,0
118000271,0,14,-14
118000272,0,0,0
118000273,3,22,-19
118000274,19,90,-71
118000276,4,8,-4
118000295,2,8,-6
118000298,19,172,-153
118000299,7,80,-73
118000301,0,8,-8
118000302,0,3,-3
118000311,12,54,-42
118000312,2,51,-49
118000313,3,36,-33
118000314,0,16,-16
118000315,2,8,-6
118000316,3,80,-77
118000325,0,9,-9
118000326,0,0,0
118000331,0,2,-2
118000332,0,9,-9
118000333,0,6,-6
118000335,0,0,0
118000336,0,156,-156
118000407,0,0,0
118000457,2,17,-15
118000465,765,347,418
118000480,2,11,-9
118000489,0,0,0
118000490,15,140,-125
118000492,1,25,-24
118000510,7,12,-5
118000514,26,107,-81
118000515,4,21,-17
118000517,124,56,68
118000524,844,194,650
118000525,257,358,-101
118000530,0,0,0
118000531,0,0,0
118000532,50,88,-38
118000533,87,138,-51
118000534,53,158,-105
118000535,1,15,-14
118000536,28,44,-16
118000537,4,33,-29
118000538,7,46,-39
118000539,0,0,0
118000540,19,97,-78
118000541,10,69,-59
118000542,0,0,0
118000543,0,0,0
118000546,5,23,-18
118000560,523,61,462
118000562,0,0,0
118000563,149,76,73
118000576,6,25,-19
118000577,18,10,8
118000578,17,15,2
118000579,60,147,-87
118000595,0,0,0
118000596,0,23,-23
118000597,5,8,-3
118000598,0,0,0
118000599,0,0,0
118000600,0,5,-5
118000601,0,0,0
118000602,0,11,-11
118000603,1,63,-62
118900001,0,0,0
118900002,1,22,-21
118900003,0,0,0
118900004,0,0,0
118900005,0,0,0
118900006,0,0,0
118900007,0,0,0
118900008,0,0,0
118900009,0,0,0
118900010,0,0,0
118900011,2,0,2
118900012,1,2,-1
118900013,0,0,0
118900015,1,1,0
118900016,0,0,0
118900017,0,0,0
118900018,0,0,0
118900019,13,0,13
118900020,0,0,0
118900021,0,0,0
118900022,8,4,4
118900023,0,0,0
118900024,0,0,0
118900025,0,0,0
118900026,4,7,-3
118900027,0,0,0
118900028,0,0,0
118900029,0,0,0
118900030,0,0,0
118900031,5,8,-3
118900032,0,0,0
118900033,0,0,0
118900034,0,0,0
118900035,7,26,-19
118900036,14,60,-46
118900037,0,0,0
118900038,4,44,-40
118900039,0,0,0
118900040,5,9,-4
118900041,0,0,0
118900042,3,10,-7
118900045,1,15,-14
118900046,31,4,27
118900047,63,14,49
118900048,0,0,0
118900049,0,0,0
118900050,1,34,-33
118900051,0,0,0
118900052,0,0,0
118900053,0,0,0
118900054,1,5,-4
118900055,6,24,-18
118900056,0,0,0
118900057,1,24,-23
118900058,0,0,0
118900059,0,0,0
118900060,0,15,-15
118900062,0,0,0
118900064,0,0,0
118900065,0,0,0
118900066,0,0,0
118900067,14,1,13
118900068,0,0,0
118900069,5,34,-29
118900071,0,0,0
118900072,0,0,0
118900073,1,5,-4
118900074,0,0,0
118900075,0,0,0
118900076,0,0,0
118900077,0,12,-12
118900078,0,0,0
118900079,0,0,0
118900080,0,0,0
118900081,0,0,0
118900082,5,15,-10
118900083,0,1,-1
118900084,0,0,0
118900085,11,61,-50
118900086,0,0,0
118900087,0,5,-5
118900088,0,4,-4
118900089,0,0,0
118900090,7,18,-11
118900091,0,0,0
118900092,5,26,-21
118900093,0,0,0
118900096,0,0,0
118900097,12,102,-90
118900099,1,32,-31
118900100,0,0,0
118900101,3,68,-65
118900102,1,13,-12
118900103,3,4,-1
118900104,3,27,-24
118900105,32,26,6
118900107,8,5,3
118900108,0,5,-5
118900110,0,0,0
118900111,0,0,0
118900112,0,0,0
118900113,0,0,0
118900114,0,0,0
118900115,0,0,0
118900116,4,44,-40
118900117,4,34,-30
118900118,7,103,-96
118900119,2,62,-60
118900120,7,50,-43
118900121,0,0,0
118900122,0,26,-26
118900123,10,65,-55
118900124,0,0,0
118900126,0,42,-42
118900129,2,19,-17
118900130,0,0,0
118900131,8,75,-67
118900132,8,19,-11
118900133,0,0,0
118900135,1,20,-19
118900136,10,160,-150
118900137,0,0,0
118900139,0,0,0
118900140,24,159,-135
118900141,0,0,0
118900144,7,176,-169
118900145,0,0,0
118900146,14,120,-106
118900147,0,0,0
118900148,0,0,0
118900150,0,0,0
118900152,5,107,-102
118900157,0,0,0
118900158,0,0,0
118900159,0,0,0
118900161,0,0,0
118900163,0,0,0
118900164,0,0,0
118900165,2,35,-33
118900166,7,0,7
118900167,0,16,-16
118900168,0,7,-7
118900169,3,44,-41
118900170,0,16,-16
118900171,2,9,-7
118900174,7,20,-13
118900175,1,24,-23
118900176,1,23,-22
118900177,0,8,-8
118900178,6,6,0
118900179,0,3,-3
118900181,4,9,-5
118900182,3,1,2
118900183,0,7,-7
118900184,2,1,1
118900185,0,11,-11
118900186,5,33,-28
118900187,0,0,0
118900188,0,0,0
118900189,0,26,-26
118900190,0,0,0
118900191,0,0,0
118900192,0,0,0
118900193,0,0,0
118900195,0,0,0
118900196,8,32,-24
118900197,0,0,0
118900198,1,6,-5
118900199,1,5,-4
118900200,0,1,-1
118900201,0,0,0
118900202,1,18,-17
118900203,1,9,-8
118900204,0,5,-5
118900205,0,1,-1
118900206,0,13,-13
119000001,89,68,21
119000002,147,289,-142
119000003,78,344,-266
119000004,94,218,-124
119000005,150,242,-92
119000006,101,180,-79
119000007,149,284,-135
119000008,287,1105,-818
119000009,509,511,-2
119000010,2442,1495,947
119000011,1246,399,847
119000012,1603,1019,584
119000013,607,384,223
119000014,440,1040,-600
119000019,7,53,-46
119000020,134,193,-59
119000021,264,246,18
119000022,86,144,-58
119000023,0,0,0
119000024,256,422,-166
119000025,2896,303,2593
119000026,0,0,0
119000027,41,81,-40
119000028,183,319,-136
119000029,0,0,0
119000030,71,244,-173
119000031,128,167,-39
119000032,271,341,-70
119000033,558,391,167
119000034,186,248,-62
119000035,3,185,-182
119000036,135,340,-205
119000037,109,555,-446
119000038,47,276,-229
119000039,20,96,-76
119000040,385,66,319
119000041,596,149,447
119000048,1443,733,710
119000049,180,744,-564
119000050,100,114,-14
119000051,115,68,47
119000052,95,129,-34
119000053,131,82,49
119000054,105,745,-640
119000055,332,467,-135
119000056,211,387,-176
119000057,65,533,-468
119000058,115,438,-323
119000059,42,31,11
119000060,108,244,-136
119000061,53,18,35
119000062,156,387,-231
119000063,55,67,-12
119000064,53,100,-47
119000065,52,268,-216
119000066,223,204,19
119000067,75,139,-64
119000068,172,302,-130
119000069,30,179,-149
119000070,247,256,-9
119000071,0,0,0
119000072,857,435,422
119000073,873,737,136
119000074,80,575,-495
119000075,109,967,-858
119000076,0,0,0
119000077,0,0,0
119000078,0,0,0
119000079,0,0,0
119000080,0,1,-1
119000081,0,0,0
119000082,0,1,-1
119000083,0,1,-1
119000084,0,0,0
119000085,0,0,0
119000086,0,1,-1
119000087,42,33,9
119000088,1,0,1
119000089,0,1,-1
119000090,0,0,0
119000091,4,5,-1
119000092,0,0,0
119000093,621,537,84
119000094,404,794,-390
119000095,74,503,-429
119000097,660,279,381
119000098,143,257,-114
119000099,234,473,-239
119000100,367,414,-47
119000101,829,843,-14
119000102,33,42,-9
119000103,72,3,69
119000104,684,897,-213
119000105,0,0,0
119000106,31,774,-743
119000107,0,0,0
119000108,74,705,-631
119000109,0,6,-6
119000110,90,145,-55
119000111,4,23,-19
119000112,43,19,24
119000113,331,13,318
119000114,2,11,-9
119000115,47,29,18
119000116,0,0,0
119000117,6,14,-8
119000118,0,4,-4
119000123,62,12,50
119000124,0,0,0
119000125,0,0,0
119000126,0,0,0
119000127,95,427,-332
119000128,27,3,24
119000131,105,510,-405
119000132,11,1,10
119000133,0,0,0
119000134,0,0,0
119000135,0,0,0
119000136,8,82,-74
119000137,0,4,-4
119000138,5,104,-99
119000139,0,0,0
119000140,3,48,-45
119000284,505,1264,-759
119000285,1058,1149,-91
119000286,1492,1275,217
119000287,209,631,-422
119000288,198,476,-278
119000289,332,1055,-723
119000290,4,32,-28
119000291,9,109,-100
119000293,33,74,-41
119000294,0,0,0
119000295,665,114,551
119000296,0,0,0
119000302,1103,144,959
119000303,0,0,0
119000314,308,483,-175
119000315,0,0,0
119000316,4,40,-36
119000317,0,2,-2
119900001,8,34,-26
119900002,0,0,0
119900003,3,117,-114
119900004,0,2,-2
119900005,0,0,0
119900006,2,23,-21
119900007,0,0,0
119900008,0,0,0
119900009,0,38,-38
119900010,21,125,-104
119900011,0,0,0
119900012,0,0,0
119900013,126,100,26
119900014,24,10,14
119900015,0,0,0
119900016,0,0,0
119900017,0,0,0
119900018,0,0,0
119900019,0,0,0
119900020,0,0,0
119900021,0,1,-1
119900022,0,0,0
119900023,0,0,0
119900025,0,0,0
119900026,0,0,0
119900027,0,0,0
119900028,0,0,0
119900029,0,0,0
119900030,0,6,-6
119900031,0,0,0
119900033,185,2,183
119900034,0,0,0
119900037,0,1,-1
119900038,0,0,0
119900039,0,0,0
119900040,0,0,0
119900041,0,0,0
119900042,0,0,0
119900043,0,0,0
119900044,0,0,0
119900046,0,0,0
119900047,0,0,0
119900048,0,0,0
119900049,0,0,0
119900050,0,0,0
119900051,0,0,0
119900052,0,0,0
119900053,0,0,0
119900054,0,0,0
119900055,6,18,-12
119900057,0,0,0
119900058,0,0,0
119900059,0,0,0
119900060,0,0,0
119900062,0,0,0
119900063,0,0,0
119900064,1,1,0
119900065,0,0,0
119900066,0,0,0
119900067,0,0,0
119900068,0,0,0
119900069,0,0,0
119900070,0,0,0
119900071,0,0,0
119900073,0,26,-26
119900074,0,0,0
119900075,477,126,351
119900076,0,48,-48
119900077,1,114,-113
119900078,0,0,0
119900079,0,0,0
119900080,8,174,-166
119900081,2,15,-13
119900082,0,3,-3
119900083,0,0,0
119900084,3,8,-5
119900085,26,8,18
119900087,1,13,-12
119900088,4,6,-2
119900089,0,195,-195
119900090,25,3,22
119900091,4,194,-190
119900092,1,114,-113
119900093,36,7,29
119900094,8,65,-57
119900095,0,1,-1
119900096,0,10,-10
119900097,38,30,8
119900098,1,3,-2
119900099,0,17,-17
119900100,458,215,243
119900101,29,178,-149
119900102,2,34,-32
119900103,1,56,-55
119900104,5,35,-30
119900105,106,456,-350
119900106,1,28,-27
119900107,35,255,-220
119900108,354,190,164
119900109,0,14,-14
119900110,19,150,-131
119900111,0,0,0
119900112,212,22,190
119900113,0,0,0
119900114,14,339,-325
119900115,0,0,0
119900116,0,14,-14
119900117,20,146,-126
119900118,0,0,0
119900119,0,19,-19
119900120,74,61,13
119900121,3,75,-72
119900122,0,0,0
119900123,5,10,-5
119900124,0,60,-60
119900125,0,0,0
119900126,601,9,592
119900127,0,0,0
119900128,0,58,-58
119900129,0,28,-28
119900130,0,0,0
119900131,0,16,-16
119900132,0,0,0
119900133,0,2,-2
119900134,95,8,87
119900135,0,0,0
119900136,0,0,0
119900138,0,0,0
119900139,0,5,-5
119900140,0,0,0
119900141,0,0,0
119900142,0,0,0
119900143,0,6,-6
119900144,0,0,0
119900145,1,23,-22
119900146,3,4,-1
119900147,0,0,0
119900148,0,0,0
119900149,1,23,-22
119900150,6,21,-15
119900151,49,21,28
119900152,0,0,0
119900153,0,0,0
119900154,1,107,-106
119900155,1,4,-3
119900156,0,0,0
119900157,0,0,0
119900158,0,0,0
119900159,1,346,-345
119900160,0,11,-11
119900161,0,0,0
119900162,0,0,0
119900163,2,4,-2
119900164,0,0,0
119900165,0,0,0
119900166,0,0,0
119900167,0,2,-2
119900168,0,0,0
119900169,9,5,4
119900170,4,3,1
119900171,9,22,-13
119900172,0,0,0
119900173,1,90,-89
119900174,0,1,-1
119900175,0,0,0
119900177,5,36,-31
119900178,0,0,0
119900179,0,0,0
119900180,0,0,0
119900181,0,0,0
119900182,0,52,-52
119900183,1,90,-89
119900184,20,2,18
119900185,0,0,0
119900186,0,0,0
119900187,1,87,-86
119900188,1,12,-11
119900189,9,8,1
119900190,0,0,0
119900191,0,0,0
119900192,0,29,-29
119900193,0,0,0
119900194,0,0,0
119900195,1,23,-22
119900196,0,0,0
119900197,0,0,0
119900198,2,57,-55
119900199,0,0,0
119900200,0,0,0
119900201,25,16,9
119900202,0,0,0
119900203,0,0,0
119900204,0,0,0
119900205,0,0,0
119900206,0,0,0
119900208,0,0,0
119900209,0,29,-29
119900210,0,0,0
119900211,0,0,0
119900212,0,23,-23
119900213,0,8,-8
119900214,0,13,-13
119900215,1,18,-17
119900216,0,17,-17
119900217,1,14,-13
119900218,0,6,-6
119900219,0,14,-14
119900220,0,0,0
119900221,0,0,0
119900222,0,0,0
119900223,0,0,0
119900224,0,0,0
119900225,0,0,0
119900226,1,1,0
119900227,258,38,220
119900228,0,17,-17
119900229,0,0,0
119900230,42,14,28
119900231,0,0,0
119900232,0,0,0
119900233,0,0,0
119900234,0,1,-1
119900235,0,0,0
119900236,0,0,0
119900237,0,0,0
119900238,1,12,-11
119900240,1,22,-21
119900241,3,60,-57
119900242,0,24,-24
119900244,0,0,0
119900245,0,6,-6
119900246,0,0,0
119900247,0,0,0
119900248,0,0,0
119900249,0,0,0
119900253,0,0,0
119900254,0,0,0
119900255,5,149,-144
119900256,1,100,-99
119900257,0,0,0
119900258,0,0,0
119900259,0,15,-15
119900260,0,0,0
119900261,0,0,0
119900262,1,72,-71
119900263,36,62,-26
119900264,0,0,0
119900265,0,0,0
119900266,0,0,0
119900267,0,18,-18
119900268,0,16,-16
119900269,5,210,-205
119900271,0,0,0
119900272,1,0,1
119900275,0,1,-1
119900276,0,0,0
119900277,0,0,0
119900278,18,3,15
119900279,3,7,-4
119900280,88,37,51
119900281,0,10,-10
119900282,0,0,0
119900283,0,0,0
119900284,1,128,-127
119900285,1,1,0
119900286,0,1,-1
119900288,1,11,-10
119900289,0,13,-13
119900290,0,4,-4
119900291,0,6,-6
119900292,1,1,0
119900293,0,0,0
119900294,0,0,0
119900295,0,0,0
119900296,0,0,0
119900299,0,0,0
119900300,0,0,0
119900301,0,0,0
119900302,1,4,-3
119900303,2,16,-14
119900304,1,0,1
119900305,0,0,0
119900306,0,0,0
119900307,0,0,0
119900308,0,0,0
119900309,0,0,0
119900310,9,19,-10
119900311,0,0,0
119900312,0,1,-1
119900313,6,18,-12
119900314,0,0,0
119900315,1,296,-295
119900318,0,0,0
119900319,0,67,-67
119900320,0,134,-134
119900321,0,0,0
119900322,32,11,21
119900323,0,13,-13
119900324,0,9,-9
119900325,0,118,-118
119900326,25,15,10
120000001,1168,430,738
120000002,294,805,-511
120000003,622,551,71
120000004,657,791,-134
120000005,2390,907,1483
120000006,296,444,-148
120000007,866,943,-77
120000008,264,688,-424
120000009,1741,328,1413
120000010,284,1262,-978
120000011,192,878,-686
120000012,530,1511,-981
120000013,307,1014,-707
120000014,72,572,-500
120000015,354,649,-295
120000016,297,77,220
120000017,58,81,-23
120000018,457,369,88
120000019,84,130,-46
120000020,363,346,17
120000021,350,365,-15
120000022,1305,452,853
120000023,175,224,-49
120000024,302,403,-101
120000025,237,495,-258
120000026,60,506,-446
120000027,272,557,-285
120000028,98,356,-258
120000029,419,124,295
120000030,4,79,-75
120000031,362,432,-70
120000032,2398,381,2017
120000033,125,368,-243
120000034,74,592,-518
120000035,115,276,-161
120000036,143,368,-225
120000037,4,16,-12
120000038,1777,320,1457
120000039,44,163,-119
120000040,4,30,-26
120000041,31,395,-364
120000042,78,1115,-1037
120000043,191,423,-232
120000044,243,171,72
120000045,257,147,110
120000046,158,221,-63
120000047,252,310,-58
120000048,1938,394,1544
120000049,285,683,-398
120000050,261,741,-480
120000051,1005,897,108
120000052,4788,266,4522
120000053,85,795,-710
120000054,163,2169,-2006
120000055,184,1407,-1223
120000056,156,1370,-1214
120000057,114,355,-241
120000058,13,45,-32
120000059,4,21,-17
120000061,39,387,-348
120000062,31,72,-41
120000063,555,1293,-738
120000064,44,678,-634
120000065,43,601,-558
120000066,15,115,-100
120000067,3,137,-134
120000068,16,517,-501
120000069,68,629,-561
120000070,3,234,-231
120000071,37,29,8
120000072,82,187,-105
120000073,55,35,20
120000074,4,22,-18
120000075,20,75,-55
120000076,77,137,-60
120000077,101,133,-32
120000078,502,168,334
120000079,0,0,0
120000080,0,0,0
120000081,0,0,0
120000082,0,0,0
120000083,0,0,0
120000084,82,85,-3
120000085,47,67,-20
120000086,13,136,-123
120000087,12,376,-364
120000088,33,89,-56
120000089,0,0,0
120000090,0,0,0
120000091,0,0,0
120000092,0,0,0
120000093,0,0,0
120000094,0,0,0
120000095,63,84,-21
120000096,24,200,-176
120000098,58,145,-87
120000099,17,86,-69
120000100,54,109,-55
120000101,16,82,-66
120000102,16,61,-45
120000103,51,46,5
120000104,73,21,52
120000105,102,19,83
120000106,47,27,20
120000107,65,33,32
120000108,32,8,24
120000109,91,4,87
120000110,30,397,-367
120000111,26,595,-569
120000112,106,1653,-1547
120000113,112,1131,-1019
120000114,75,1035,-960
120000115,52,917,-865
120000116,113,907,-794
120000117,440,701,-261
120000118,0,0,0
120000119,0,0,0
120000120,0,0,0
120000121,0,0,0
120000122,0,0,0
120000123,279,72,207
120000124,11,29,-18
120000125,31,92,-61
120000126,6,60,-54
120000127,41,55,-14
120000128,147,154,-7
120000129,22,6,16
120000130,0,0,0
120000131,26,73,-47
120000134,0,0,0
120000135,1,57,-56
120000137,0,0,0
120000138,7,36,-29
120000139,0,0,0
120000140,9,76,-67
120000141,0,0,0
120000142,1,39,-38
120000143,0,0,0
120000144,1,0,1
120000145,0,0,0
120000146,310,120,190
120000149,31,153,-122
120000150,9,125,-116
120000151,0,0,0
120000152,0,0,0
120000153,43,288,-245
120000154,73,270,-197
120000155,0,0,0
120000156,0,0,0
120000157,0,0,0
120000158,118,421,-303
120000159,346,1492,-1146
120000160,496,162,334
120000161,90,564,-474
120000162,7,34,-27
120000163,40,540,-500
120000164,46,204,-158
120000165,31,312,-281
120000166,43,212,-169
120000167,0,5,-5
120000168,1,12,-11
120000169,98,44,54
120000170,149,34,115
120000171,44,10,34
120000172,2,4,-2
120000173,248,7,241
120000174,55,3,52
120000175,41,5,36
120000176,11,46,-35
120000177,228,427,-199
120000178,6,3,3
120000179,26,10,16
120000180,124,33,91
120000181,26,30,-4
120000182,11,17,-6
120000183,2,74,-72
120000184,9,1770,-1761
120000186,0,3,-3
120000187,0,6,-6
120000188,0,6,-6
120000190,0,0,0
120000191,0,0,0
120000192,0,0,0
120000193,0,0,0
120000195,0,0,0
120000196,0,0,0
120000197,0,0,0
120000198,0,40,-40
120000199,0,0,0
120000200,0,0,0
120000201,0,0,0
120000202,0,7,-7
120000203,0,50,-50
120000207,0,0,0
120000208,0,0,0
120000209,0,0,0
120000210,0,0,0
120000211,0,0,0
120000212,0,0,0
120000213,0,0,0
120000214,0,0,0
120000215,0,0,0
120000216,0,0,0
120000217,59,215,-156
120000218,33,314,-281
120000219,9,216,-207
120000220,3,540,-537
120000225,0,0,0
120000226,0,0,0
120000227,0,0,0
120000228,1529,363,1166
120000230,0,0,0
120000231,0,0,0
120000233,0,0,0
120000235,49,365,-316
120000236,0,0,0
120000237,0,490,-490
120000238,1,24,-23
120000241,0,0,0
120000412,0,0,0
120000413,0,0,0
120000414,0,0,0
120000415,0,0,0
120000416,0,0,0
120000417,0,0,0
120000418,0,0,0
120000419,0,0,0
120000420,0,0,0
120000421,5776,3016,2760
120000422,93,58,35
120000423,0,15,-15
120000424,3,41,-38
120000436,13,32,-19
120000437,53,63,-10
120000438,1491,79,1412
120000439,11,70,-59
120000443,0,0,0
120000444,21,256,-235
120000445,53,34,19
120000446,88,12,76
120000447,0,0,0
120000449,0,0,0
120000450,0,0,0
120000451,5,36,-31
120000452,0,0,0
120000453,0,415,-415
120000454,0,0,0
120000455,3,9,-6
120000456,513,435,78
120000457,191,133,58
120000458,170,249,-79
120000459,0,0,0
120000665,130,8,122
120000668,12,67,-55
120000669,0,0,0
120000670,13,19,-6
120000671,96,110,-14
120000672,25,255,-230
120900001,0,0,0
120900002,0,0,0
120900003,0,0,0
120900004,0,0,0
120900005,0,0,0
120900006,0,0,0
120900007,4,13,-9
120900008,0,6,-6
120900009,0,0,0
120900010,1,0,1
120900011,0,0,0
120900012,14,11,3
120900013,0,0,0
120900014,0,0,0
120900015,0,0,0
120900016,0,0,0
120900017,149,10,139
120900018,0,2,-2
120900019,7,2,5
120900020,3,15,-12
120900021,0,0,0
120900022,0,0,0
120900023,0,0,0
120900024,74,40,34
120900025,2,3,-1
120900026,0,0,0
120900027,0,0,0
120900028,5,0,5
120900029,0,0,0
120900030,1,1,0
120900031,0,0,0
120900032,0,0,0
120900033,0,0,0
120900034,0,0,0
120900035,0,0,0
120900037,1,0,1
120900038,0,0,0
120900039,0,0,0
120900040,0,0,0
120900041,0,0,0
120900042,0,0,0
120900043,0,0,0
120900044,0,0,0
120900045,0,0,0
120900046,2,0,2
120900047,0,0,0
120900048,0,0,0
120900049,0,0,0
120900050,0,0,0
120900051,0,0,0
120900052,0,0,0
120900053,0,0,0
120900054,0,0,0
120900055,3,0,3
120900056,0,0,0
120900057,0,0,0
120900058,0,0,0
120900059,0,0,0
120900060,0,0,0
120900061,0,0,0
120900062,4,0,4
120900063,0,0,0
120900064,0,0,0
120900065,0,0,0
120900066,0,95,-95
120900067,0,0,0
120900068,0,0,0
120900069,0,0,0
120900071,0,0,0
120900072,0,0,0
120900073,0,0,0
120900074,0,0,0
120900076,0,0,0
120900077,0,0,0
120900078,0,120,-120
120900079,1,0,1
120900080,0,221,-221
120900081,0,0,0
120900082,13,41,-28
120900083,0,0,0
120900084,0,0,0
120900085,0,0,0
120900086,22,9,13
120900087,0,0,0
120900088,0,0,0
120900089,418,68,350
120900090,0,3,-3
120900091,0,0,0
120900092,15,75,-60
120900093,0,0,0
120900094,44,21,23
120900095,0,0,0
120900096,0,1,-1
120900097,39,143,-104
120900098,0,0,0
120900099,0,6,-6
120900100,1,8,-7
120900101,0,0,0
120900102,0,0,0
120900103,0,0,0
120900104,1,3,-2
120900105,0,0,0
120900106,230,95,135
120900107,45,17,28
120900108,0,0,0
120900109,5,155,-150
120900110,0,0,0
120900111,2,24,-22
120900112,0,1,-1
120900113,0,204,-204
120900114,2,39,-37
120900115,25,30,-5
120900116,1,39,-38
120900117,0,7,-7
120900118,0,204,-204
120900119,0,0,0
120900120,1,108,-107
120900121,17,69,-52
120900122,0,43,-43
120900123,0,9,-9
120900124,1,171,-170
120900125,1,144,-143
120900126,108,101,7
120900127,0,10,-10
120900128,166,177,-11
120900129,2,93,-91
120900130,1,173,-172
120900131,0,0,0
120900132,0,0,0
120900133,23,212,-189
120900134,46,102,-56
120900135,1,158,-157
120900136,0,0,0
120900137,0,0,0
120900138,0,37,-37
120900139,1,195,-194
120900140,0,1,-1
120900141,0,1,-1
120900142,0,170,-170
120900143,0,186,-186
120900144,0,58,-58
120900145,2,214,-212
120900146,1,209,-208
120900147,1,4,-3
120900148,0,2,-2
120900149,0,81,-81
120900150,0,118,-118
120900151,1,163,-162
120900152,0,4,-4
120900153,1,3,-2
120900154,0,77,-77
120900155,6,308,-302
120900156,0,77,-77
120900157,0,11,-11
120900158,4,131,-127
120900159,0,36,-36
120900160,7,135,-128
120900161,1,113,-112
120900162,0,129,-129
120900163,0,0,0
120900164,0,0,0
120900165,0,0,0
120900166,1,5,-4
120900167,0,7,-7
120900169,3,118,-115
120900170,51,36,15
120900171,114,21,93
120900172,0,1,-1
120900173,0,23,-23
120900174,1,19,-18
120900175,0,0,0
120900176,0,9,-9
120900177,0,8,-8
120900178,0,8,-8
120900179,36,30,6
120900180,0,1,-1
120900181,0,0,0
120900182,0,0,0
120900183,0,0,0
120900184,0,0,0
120900185,0,8,-8
120900186,0,127,-127
120900187,1,9,-8
120900188,0,0,0
120900189,0,0,0
120900190,0,0,0
120900191,0,0,0
120900192,718,38,680
120900194,0,0,0
120900195,8,39,-31
120900196,0,0,0
120900197,0,0,0
120900198,29,100,-71
120900199,0,0,0
120900200,0,0,0
120900201,56,15,41
120900202,0,36,-36
120900203,0,0,0
120900204,115,129,-14
120900205,0,0,0
120900206,0,0,0
120900207,3,161,-158
121000001,380,579,-199
121000002,302,187,115
121000003,2987,972,2015
121000004,684,389,295
121000005,1009,882,127
121000006,921,462,459
121000007,1277,1579,-302
121000008,1258,575,683
121000009,4045,2152,1893
121000010,3289,875,2414
121000011,7715,2427,5288
121000012,6164,1333,4831
121000013,3525,2646,879
121000014,3095,1870,1225
121000015,1698,2501,-803
121000016,2715,2072,643
121000017,361,801,-440
121000018,737,565,172
121000019,4930,1374,3556
121000020,4213,1426,2787
121000021,603,952,-349
121000022,543,523,20
121000023,1100,888,212
121000024,643,1243,-600
121000025,128,75,53
121000026,39,15,24
121000027,796,190,606
121000028,126,84,42
121000029,17,82,-65
121000030,32,29,3
121000031,64,145,-81
121000032,60,37,23
121000034,0,0,0
121000035,11,20,-9
121000036,55,89,-34
121000037,120,181,-61
121000038,139,161,-22
121000039,11,50,-39
121000041,10,46,-36
121000042,0,1,-1
121000043,43,34,9
121000044,175,100,75
121000045,25,54,-29
121000046,20,67,-47
121000047,0,12,-12
121000049,276,174,102
121000050,75,423,-348
121000051,56,39,17
121000052,40,184,-144
121000053,0,0,0
121000054,8,97,-89
121000055,478,241,237
121000056,217,255,-38
121000057,35,42,-7
121000058,79,41,38
121000059,83,39,44
121000060,123,85,38
121000061,5,16,-11
121000062,14,19,-5
121000063,127,280,-153
121000064,52,40,12
121000065,19,72,-53
121000066,40,111,-71
121000067,125,81,44
121000068,0,1,-1
121000069,2,0,2
121000070,127,237,-110
121000071,85,233,-148
121000072,207,130,77
121000073,163,257,-94
121000074,29,60,-31
121000075,13,23,-10
121000076,54,31,23
121000077,0,0,0
121000078,23,61,-38
121000080,500,157,343
121000081,339,283,56
121000082,89,110,-21
121000083,0,0,0
121000084,52,53,-1
121000085,329,153,176
121000086,0,0,0
121000087,0,0,0
121000088,144,260,-116
121000089,0,0,0
121000090,44,157,-113
121000091,597,549,48
121000092,72,21,51
121000093,10,44,-34
121000094,95,63,32
121000095,0,0,0
121000096,1557,1183,374
121000097,609,617,-8
121000098,99,280,-181
121000099,96,300,-204
121000100,51,252,-201
121000101,0,0,0
121000102,26,162,-136
121000103,0,0,0
121000104,11,70,-59
121000105,31,132,-101
121000106,0,0,0
121000107,765,1088,-323
121000109,500,591,-91
121000110,38,82,-44
121000114,881,1136,-255
121000115,318,399,-81
121000116,168,404,-236
121000117,25,0,25
121000118,73,11,62
121000119,10,21,-11
121000120,0,0,0
121000121,0,0,0
121000123,0,0,0
121000126,8,31,-23
121000127,1,23,-22
121000128,29,267,-238
121000129,44,128,-84
121000130,117,246,-129
121000131,209,221,-12
121000132,273,139,134
121000135,33,38,-5
121000136,184,54,130
121000137,16,3,13
121000138,88,66,22
121000139,143,57,86
121000141,18,52,-34
121000142,144,113,31
121000143,0,0,0
121000144,41,55,-14
121000145,63,211,-148
121000146,100,153,-53
121000147,67,78,-11
121000148,71,140,-69
121000149,268,386,-118
121000152,79,72,7
121000153,451,111,340
121000154,188,35,153
121000155,314,186,128
121000156,138,187,-49
121000157,234,107,127
121000158,47,70,-23
121000159,10,132,-122
121000160,21,136,-115
121000161,0,0,0
121000162,0,1,-1
121000165,0,0,0
121000166,9,23,-14
121000168,32,64,-32
121000169,10,121,-111
121000170,52,24,28
121000171,31,94,-63
121000172,96,146,-50
121000173,357,190,167
121000174,47,198,-151
121000175,65,130,-65
121000176,173,101,72
121000177,47,102,-55
121000178,5,10,-5
121000179,2,20,-18
121000181,60,83,-23
121000182,83,28,55
121000183,11,5,6
121000184,1,2,-1
121000185,0,0,0
121000186,17,108,-91
121000187,0,0,0
121000188,0,0,0
121000192,118,90,28
121000193,67,100,-33
121000194,1480,680,800
121000195,99,369,-270
121000196,0,0,0
121000197,49,221,-172
121000198,8,61,-53
121000199,23,462,-439
121000200,45,55,-10
121000201,2,64,-62
121000202,13,2,11
121000203,7,222,-215
121000204,64,18,46
121000205,46,339,-293
121000206,24,54,-30
121000207,122,126,-4
121000208,0,138,-138
121000209,14,384,-370
121000210,70,256,-186
121000211,9,57,-48
121000212,106,311,-205
121000213,362,230,132
121000214,164,187,-23
121000215,368,217,151
121000216,33,147,-114
121000217,804,243,561
121000218,141,864,-723
121000219,197,81,116
121000220,189,102,87
121000221,40,25,15
121000222,669,1279,-610
121000223,65,115,-50
121000224,0,0,0
121000225,140,164,-24
121000226,104,84,20
121000227,1,63,-62
121000228,11,685,-674
121000229,6,407,-401
121000230,36,1570,-1534
121000231,0,0,0
121000232,0,0,0
121000233,5,28,-23
121000234,0,0,0
121000235,1,1,0
121000236,0,0,0
121000237,0,0,0
121000238,0,0,0
121000239,0,0,0
121000240,0,0,0
121000241,2,1,1
121000242,0,0,0
121000243,2,0,2
121000244,0,0,0
121000245,0,0,0
121000246,0,0,0
121000247,3,0,3
121000248,2,7,-5
121000249,13,87,-74
121000250,29,18,11
121000251,7,255,-248
121000252,4,4,0
121000253,62,463,-401
121000254,91,47,44
121000255,33,64,-31
121000256,14,24,-10
121000257,16,39,-23
121000258,10,3,7
121000259,6,15,-9
121000260,20,75,-55
121000261,3,2,1
121000262,318,221,97
121000263,122,169,-47
121000271,121,346,-225
121000273,7,13,-6
121000274,0,2,-2
121000275,3,20,-17
121000276,0,0,0
121000278,0,1,-1
121000279,5,15,-10
121000280,0,1,-1
121000289,2,0,2
121000290,261,175,86
121000294,12,81,-69
121000297,78,98,-20
121000299,5,97,-92
121000300,157,145,12
121000302,29,77,-48
121000303,150,57,93
121000304,0,0,0
121000305,0,0,0
121000306,0,0,0
121000308,59,115,-56
121000309,226,264,-38
121000310,18,170,-152
121000311,10,410,-400
121000312,0,0,0
121000313,214,204,10
121000314,74,39,35
121000315,41,12,29
121000530,121,362,-241
121000531,106,344,-238
121000532,1230,414,816
121000533,730,421,309
121000918,0,65,-65
121000919,0,0,0
121000938,48,31,17
121000939,45,6,39
121000956,119,510,-391
121000957,3,110,-107
121000958,14,110,-96
121000959,62,441,-379
121000960,112,763,-651
121000961,10,2,8
121000962,0,0,0
121000973,0,90,-90
121000976,0,0,0
121000979,0,0,0
121000981,11,1,10
121000982,0,0,0
121000983,27,181,-154
121000984,0,8,-8
121000985,48,170,-122
121000986,1,32,-31
121000987,37,937,-900
121000988,146,17,129
121001302,136,57,79
121001308,3,6,-3
121001309,3,4,-1
121001313,11,146,-135
121001314,4214,1906,2308
121001315,1530,900,630
121900001,0,0,0
121900002,0,6,-6
121900003,0,0,0
121900004,0,0,0
121900005,0,0,0
121900006,0,0,0
121900007,0,0,0
121900008,0,0,0
121900009,0,0,0
121900010,0,0,0
121900011,0,0,0
121900012,0,0,0
121900013,0,0,0
121900014,0,0,0
121900015,0,0,0
121900016,0,0,0
121900017,0,0,0
121900018,0,0,0
121900019,0,0,0
121900020,0,0,0
121900021,0,0,0
121900022,0,0,0
121900023,0,0,0
121900024,0,0,0
121900025,0,0,0
121900026,0,0,0
121900027,0,0,0
121900028,0,0,0
121900029,0,0,0
121900030,0,0,0
121900031,0,0,0
121900032,0,0,0
121900033,0,0,0
121900034,0,0,0
121900035,0,0,0
121900036,0,0,0
121900037,0,0,0
121900038,0,0,0
121900039,0,0,0
121900040,0,0,0
121900041,0,0,0
121900042,0,0,0
121900043,0,0,0
121900044,0,0,0
121900046,0,0,0
121900047,0,0,0
121900048,0,0,0
121900050,0,0,0
121900051,0,0,0
121900052,0,0,0
121900053,31,54,-23
121900054,0,0,0
121900055,0,0,0
121900058,0,0,0
121900059,0,0,0
121900060,0,0,0
121900061,0,0,0
121900062,0,0,0
121900063,0,0,0
121900064,0,0,0
121900066,0,0,0
121900067,0,0,0
121900069,0,0,0
121900070,0,0,0
121900071,0,0,0
121900072,0,0,0
121900073,0,0,0
121900074,0,0,0
121900075,0,0,0
121900076,0,0,0
121900077,0,0,0
121900078,0,0,0
121900079,0,0,0
121900080,0,0,0
121900082,0,0,0
121900084,0,0,0
121900085,0,0,0
121900086,0,0,0
121900087,0,0,0
121900088,0,0,0
121900089,0,0,0
121900090,0,0,0
121900091,0,0,0
121900092,0,0,0
121900093,0,0,0
121900094,0,0,0
121900095,0,0,0
121900096,0,0,0
121900097,0,0,0
121900098,0,0,0
121900099,0,0,0
121900100,0,0,0
121900101,0,0,0
121900102,0,0,0
121900103,0,0,0
121900104,0,0,0
121900105,0,0,0
121900106,0,0,0
121900107,0,0,0
121900108,0,0,0
121900109,0,0,0
121900110,0,0,0
121900111,0,0,0
121900112,0,0,0
121900113,0,0,0
121900114,0,0,0
121900117,0,0,0
121900118,0,0,0
121900119,0,0,0
121900120,0,0,0
121900121,0,0,0
121900122,0,0,0
121900123,0,0,0
121900124,0,0,0
121900125,0,0,0
121900127,0,0,0
121900128,0,0,0
121900129,0,0,0
121900130,0,0,0
121900131,0,0,0
121900132,0,0,0
121900133,0,0,0
121900134,0,0,0
121900135,0,0,0
121900136,0,0,0
121900137,0,0,0
121900138,0,0,0
121900139,0,0,0
121900140,0,0,0
121900141,0,0,0
121900142,0,0,0
121900143,0,0,0
121900144,0,0,0
121900145,0,0,0
121900146,0,0,0
121900147,0,0,0
121900148,0,0,0
121900149,0,0,0
121900150,0,0,0
121900151,0,0,0
121900152,0,0,0
121900153,0,0,0
121900154,0,0,0
121900155,0,0,0
121900156,0,1,-1
121900157,0,0,0
121900158,1,2,-1
121900159,0,0,0
121900160,0,0,0
121900161,0,0,0
121900162,1,2,-1
121900163,0,0,0
121900164,0,0,0
121900165,0,0,0
121900166,0,0,0
121900167,0,0,0
121900168,0,0,0
121900169,1,67,-66
121900170,0,0,0
121900171,0,0,0
121900172,0,0,0
121900173,0,0,0
121900174,0,0,0
121900175,0,0,0
121900176,24,138,-114
121900177,0,1,-1
121900178,0,0,0
121900179,0,0,0
121900180,19,4,15
121900182,0,0,0
121900183,0,0,0
121900184,0,0,0
121900186,0,0,0
121900187,0,6,-6
121900188,0,0,0
121900189,0,0,0
121900190,0,0,0
121900191,0,0,0
121900192,0,0,0
121900193,0,0,0
121900194,0,0,0
121900195,0,0,0
121900196,0,0,0
121900197,8,70,-62
121900198,0,0,0
121900199,0,0,0
121900200,0,0,0
121900201,0,0,0
121900202,1,1,0
121900203,0,0,0
121900204,0,0,0
121900205,0,0,0
121900206,0,0,0
121900207,0,0,0
121900208,0,0,0
121900209,0,0,0
121900210,0,0,0
121900211,0,0,0
121900212,0,0,0
121900213,0,0,0
121900214,0,0,0
121900215,0,0,0
121900216,0,0,0
121900217,0,0,0
121900218,0,0,0
121900220,0,0,0
121900221,0,0,0
121900222,0,0,0
121900223,0,0,0
121900224,0,0,0
121900225,0,0,0
121900226,0,0,0
121900227,0,0,0
121900228,0,0,0
121900230,0,0,0
121900231,0,0,0
121900232,0,0,0
121900233,0,0,0
121900234,0,0,0
121900235,0,0,0
121900236,0,0,0
121900237,0,0,0
121900238,0,0,0
121900239,0,0,0
121900240,0,0,0
121900241,0,0,0
121900242,0,0,0
121900243,0,0,0
121900244,0,0,0
121900245,0,0,0
121900246,0,0,0
121900247,0,0,0
121900248,0,0,0
121900250,0,0,0
121900251,0,0,0
121900252,0,0,0
121900253,0,0,0
121900254,0,0,0
121900255,0,0,0
121900258,0,0,0
121900259,0,0,0
121900260,0,0,0
121900261,0,0,0
121900262,0,0,0
121900263,0,0,0
121900264,0,0,0
121900265,0,0,0
121900266,0,0,0
121900267,0,0,0
121900269,0,0,0
121900270,0,0,0
121900271,0,0,0
121900273,0,0,0
121900274,0,0,0
121900277,0,0,0
121900278,0,0,0
121900279,0,0,0
121900280,0,0,0
121900281,0,0,0
121900284,0,0,0
121900286,0,24,-24
121900287,0,0,0
121900288,0,0,0
121900290,0,0,0
121900291,7,29,-22
121900292,0,0,0
121900293,36,277,-241
121900294,0,0,0
121900295,0,0,0
121900296,0,0,0
121900298,0,0,0
121900299,0,0,0
121900300,0,0,0
121900301,0,0,0
121900302,0,0,0
121900303,0,0,0
121900304,0,0,0
121900305,0,0,0
121900306,0,0,0
121900307,0,0,0
121900308,0,19,-19
121900309,1,12,-11
121900310,0,49,-49
121900311,0,0,0
121900312,0,0,0
121900313,0,0,0
121900314,0,0,0
121900315,0,0,0
121900316,0,0,0
121900317,0,0,0
121900318,0,0,0
121900319,0,0,0
121900320,0,0,0
121900321,0,0,0
121900322,0,0,0
121900323,0,0,0
121900324,0,0,0
121900325,0,0,0
121900326,0,0,0
121900327,0,0,0
121900328,0,0,0
121900329,0,0,0
121900330,0,0,0
121900331,0,0,0
121900332,0,0,0
121900333,0,0,0
122000001,590,837,-247
122000002,637,273,364
122000003,435,327,108
122000004,430,192,238
122000005,343,153,190
122000006,135,81,54
122000007,113,153,-40
122000008,766,521,245
122000009,126,23,103
122000010,298,240,58
122000011,343,131,212
122000012,139,209,-70
122000013,197,220,-23
122000014,240,220,20
122000015,85,57,28
122000016,77,83,-6
122000017,326,251,75
122000018,308,455,-147
122000019,174,729,-555
122000020,31,24,7
122000021,147,68,79
122000022,241,85,156
122000023,102,75,27
122000024,75,104,-29
122000025,95,194,-99
122000026,59,25,34
122000027,311,523,-212
122000028,0,0,0
122000029,0,0,0
122000030,92,50,42
122000031,0,0,0
122000032,80,104,-24
122000033,49,100,-51
122000034,209,178,31
122000035,217,199,18
122000036,78,233,-155
122000037,63,55,8
122000038,57,51,6
122000039,118,126,-8
122000040,81,89,-8
122000041,0,0,0
122000042,0,0,0
122000043,0,0,0
122000044,0,0,0
122000045,62,41,21
122000046,39,78,-39
122000047,108,44,64
122000048,757,414,343
122000049,1297,803,494
122000050,162,213,-51
122000051,0,0,0
122000052,6,5,1
122000053,9,166,-157
122000054,375,330,45
122000055,453,682,-229
122000056,721,629,92
122000057,1286,911,375
122000058,770,607,163
122000059,799,569,230
122000060,228,163,65
122000061,114,45,69
122000062,385,94,291
122000063,92,126,-34
122000064,780,829,-49
122000065,1034,823,211
122000066,390,414,-24
122000067,208,435,-227
122000068,197,201,-4
122000069,390,250,140
122000070,15,73,-58
122000071,42,44,-2
122000072,72,62,10
122000073,88,142,-54
122000074,22,3,19
122000075,4,4,0
122000076,150,72,78
122000077,197,250,-53
122000078,294,598,-304
122000079,199,265,-66
122000080,80,56,24
122000081,37,14,23
122000082,0,0,0
122000083,255,383,-128
122000084,233,238,-5
122000085,80,305,-225
122000086,429,578,-149
122000087,13,9,4
122000088,50,88,-38
122000089,961,406,555
122000090,23,47,-24
122000091,23,6,17
122000092,9,0,9
122000093,163,465,-302
122000094,1209,254,955
122000095,775,285,490
122000096,185,38,147
122000098,1003,642,361
122000099,132,159,-27
122000100,86,76,10
122000101,13,56,-43
122000102,400,276,124
122000103,204,218,-14
122000104,75,24,51
122000105,11,28,-17
122000106,87,50,37
122000107,13,27,-14
122000108,111,187,-76
122000109,4,9,-5
122000110,63,157,-94
122000111,375,106,269
122000112,49,128,-79
122000113,36,99,-63
122000114,737,1039,-302
122000115,693,352,341
122000116,220,79,141
122000117,161,27,134
122000118,51,34,17
122000119,499,518,-19
122000120,570,775,-205
122000121,605,460,145
122000122,137,237,-100
122000123,389,93,296
122000124,142,91,51
122000125,347,193,154
122000126,141,175,-34
122000127,346,322,24
122000128,114,227,-113
122000129,61,19,42
122000130,106,14,92
122000131,92,29,63
122000132,323,112,211
122000133,146,604,-458
122000134,136,104,32
122000135,79,444,-365
122000136,5,7,-2
122000137,36,42,-6
122000139,319,324,-5
122000140,251,116,135
122000141,1187,204,983
122000142,75,280,-205
122000143,46,24,22
122000144,109,72,37
122000145,114,116,-2
122000146,0,1,-1
122000147,50,7,43
122000148,1039,390,649
122000149,370,105,265
122000150,97,57,40
122000151,65,143,-78
122000152,84,80,4
122000153,0,0,0
122000154,0,0,0
122000155,154,131,23
122000156,1512,1185,327
122000157,797,712,85
122000158,30,78,-48
122000159,74,67,7
122000160,252,59,193
122000161,94,33,61
122000162,121,50,71
122000163,4,0,4
122000164,2,10,-8
122000165,82,109,-27
122000166,28,46,-18
122000167,74,174,-100
122000168,11,9,2
122000169,101,98,3
122000170,53,120,-67
122000171,15,61,-46
122000172,394,402,-8
122000173,269,523,-254
122000174,404,364,40
122000175,304,118,186
122000176,4,11,-7
122000177,386,689,-303
122000178,229,56,173
122000179,372,390,-18
122000180,254,530,-276
122000181,540,1214,-674
122000182,278,55,223
122000183,408,33,375
122000184,4031,727,3304
122000185,933,598,335
122000186,127,115,12
122000187,77,141,-64
122000188,100,61,39
122000189,0,0,0
122000190,41,193,-152
122000191,94,40,54
122000192,97,12,85
122000193,3,13,-10
122000194,51,29,22
122000195,3,13,-10
122000196,36,53,-17
122000197,28,38,-10
122000198,109,76,33
122000199,64,36,28
122000200,112,46,66
122000201,955,1245,-290
122000202,654,672,-18
122000203,761,567,194
122000204,232,694,-462
122000205,197,398,-201
122000206,125,42,83
122000207,68,110,-42
122000208,32,178,-146
122000209,88,6,82
122000210,220,800,-580
122000211,154,469,-315
122000212,163,91,72
122000213,181,195,-14
122000214,191,321,-130
122000215,266,313,-47
122000217,424,716,-292
122000218,0,0,0
122000219,570,475,95
122000220,107,329,-222
122000221,28,64,-36
122000222,103,10,93
122000223,106,162,-56
122000225,221,51,170
122000226,175,741,-566
122000227,77,417,-340
122000228,54,230,-176
122000229,9,177,-168
122000230,16,287,-271
122000231,10,250,-240
122000232,11,364,-353
122000233,0,0,0
122000234,13,12,1
122000235,11,15,-4
122000236,41,12,29
122000237,8,5,3
122000238,23,7,16
122000239,5,9,-4
122000240,19,9,10
122000241,8,0,8
122000242,2,3,-1
122000243,1,4,-3
122000244,3,117,-114
122000245,15,54,-39
122000246,13,24,-11
122000247,82,247,-165
122000248,301,470,-169
122000249,21,20,1
122000250,64,15,49
122000251,80,140,-60
122000252,22,7,15
122000253,5,138,-133
122000254,6,1,5
122000255,49,37,12
122000256,117,1125,-1008
122000257,48,279,-231
122000258,15,35,-20
122000259,1,282,-281
122000260,0,67,-67
122000261,0,14,-14
122000262,0,34,-34
122000263,11,82,-71
122000264,0,0,0
122000265,0,0,0
122000266,0,0,0
122000267,0,0,0
122000268,0,0,0
122000269,0,0,0
122000270,0,0,0
122000271,0,0,0
122000272,0,0,0
122000273,7,9,-2
122000274,3,4,-1
122000275,0,4,-4
122000276,35,76,-41
122000277,129,200,-71
122000278,82,62,20
122000279,45,261,-216
122000280,281,370,-89
122000281,106,271,-165
122000282,8,36,-28
122000283,178,18,160
122000284,33,27,6
122000285,151,103,48
122000286,60,96,-36
122000287,8,1,7
122000288,12,2,10
122000291,110,44,66
122000293,35,21,14
122000294,0,0,0
122000295,1,2,-1
122000296,9,87,-78
122000297,407,168,239
122000299,15,45,-30
122000300,101,214,-113
122000301,2357,275,2082
122000302,119,41,78
122000303,2388,578,1810
122000304,4,57,-53
122000305,239,37,202
122000306,12,335,-323
122000307,79,45,34
122000309,19,192,-173
122000310,5,8,-3
122000311,13,18,-5
122000312,9,6,3
122000313,2,5,-3
122000314,8,42,-34
122000315,2,1,1
122000316,45,2,43
122000317,49,2,47
122000318,1,6,-5
122000319,94,216,-122
122000320,54,870,-816
122000321,17,330,-313
122000322,662,171,491
122000323,295,182,113
122000324,169,278,-109
122000325,25,130,-105
122000326,0,0,0
122000327,23,98,-75
122000328,136,317,-181
122000330,147,35,112
122000332,7,90,-83
122000333,4,119,-115
122000337,136,981,-845
122000338,46,182,-136
122000340,49,51,-2
122000342,528,368,160
122000343,34,506,-472
122000344,0,0,0
122000345,4,4,0
122000346,34,36,-2
122000348,55,129,-74
122000349,4,253,-249
122000351,0,2,-2
122000352,51,12,39
122000353,0,85,-85
122000355,3,2,1
122000356,763,397,366
122000357,0,0,0
122000358,0,0,0
122000359,0,0,0
122000360,0,0,0
122000362,2,28,-26
122000364,10,96,-86
122000365,0,0,0
122000366,4,1,3
122000368,93,134,-41
122000370,2,29,-27
122000371,0,0,0
122000372,0,0,0
122000381,17,91,-74
122000382,5,32,-27
122000384,495,466,29
122000385,0,0,0
122000386,10,61,-51
122000387,39,73,-34
122000388,91,28,63
122000389,78,295,-217
122000390,23,52,-29
122000391,0,0,0
122000392,8,32,-24
122000393,2,22,-20
122000394,9,84,-75
122000395,7,45,-38
122000396,12,36,-24
122000397,10,35,-25
122000398,0,0,0
122000399,1,3,-2
122000400,1,0,1
122000401,30,51,-21
122000402,0,0,0
122000403,132,998,-866
122000404,28,10,18
122000408,164,251,-87
122000503,0,0,0
122000524,0,0,0
122000544,0,0,0
122000616,599,4,595
122000640,0,2,-2
122000641,0,9,-9
122000642,4,14,-10
122000643,0,0,0
122000644,61,41,20
122000645,75,148,-73
122000651,118,174,-56
122000664,15,9,6
122000665,485,225,260
122000666,69,154,-85
122000673,15,197,-182
122000674,95,31,64
122000675,153,405,-252
122000686,0,0,0
122000687,34,197,-163
122000688,0,0,0
122000689,81,380,-299
122000690,116,546,-430
122000691,0,0,0
122000692,133,236,-103
122000693,0,0,0
122000695,52,218,-166
122000696,2,8,-6
122000698,35,426,-391
122000699,32,3,29
122000701,142,167,-25
122000702,0,0,0
122000703,0,0,0
122000717,185,15,170
122000718,10,3,7
122000719,0,1,-1
122000720,4,6,-2
122000724,51,24,27
122900001,0,0,0
122900002,0,0,0
122900003,0,0,0
122900004,0,0,0
122900005,0,0,0
122900006,0,0,0
122900007,0,0,0
122900008,0,0,0
122900009,0,0,0
122900010,0,0,0
122900012,0,0,0
122900014,0,0,0
122900015,0,0,0
122900016,0,0,0
122900017,0,0,0
122900018,0,0,0
122900019,1,22,-21
122900020,0,0,0
122900021,0,1,-1
122900022,9,74,-65
122900023,9,22,-13
122900024,5,5,0
122900025,0,0,0
122900026,0,0,0
122900027,2,37,-35
122900028,0,0,0
122900029,0,0,0
122900030,255,18,237
122900031,0,0,0
122900032,7,10,-3
122900033,0,0,0
122900034,0,0,0
122900035,0,0,0
122900036,0,0,0
122900037,0,0,0
122900038,4,42,-38
122900039,0,0,0
122900040,0,0,0
122900041,0,0,0
122900042,0,0,0
122900043,0,0,0
122900044,0,0,0
122900045,0,0,0
122900046,0,0,0
122900047,0,0,0
122900048,0,0,0
122900049,0,0,0
122900051,0,0,0
122900052,0,9,-9
122900053,0,0,0
122900055,0,0,0
122900057,0,0,0
122900061,0,0,0
122900062,12,1,11
122900063,0,0,0
122900064,0,0,0
122900065,7,4,3
122900066,7,19,-12
122900067,0,0,0
122900068,0,0,0
122900069,2,13,-11
122900070,3,1,2
122900071,1,17,-16
122900072,1,37,-36
122900073,0,0,0
122900074,0,0,0
122900075,0,7,-7
122900076,0,12,-12
122900077,0,41,-41
122900078,0,58,-58
122900080,0,0,0
122900081,0,0,0
122900082,0,0,0
122900083,0,0,0
122900084,0,0,0
122900086,0,0,0
122900087,0,0,0
122900088,0,0,0
122900089,0,0,0
122900090,2,29,-27
122900091,0,0,0
122900092,0,0,0
122900093,0,0,0
122900094,0,0,0
122900095,0,0,0
122900096,0,0,0
122900097,0,0,0
122900098,0,0,0
122900099,0,0,0
122900100,0,0,0
122900101,0,0,0
122900102,0,0,0
122900103,0,0,0
122900104,0,0,0
122900105,0,0,0
122900106,0,0,0
122900107,0,0,0
122900108,0,0,0
123000001,453,273,180
123000002,2055,689,1366
123000003,927,639,288
123000004,1455,1811,-356
123000005,223,460,-237
123000006,1170,1413,-243
123000007,292,383,-91
123000008,902,2252,-1350
123000009,994,795,199
123000010,2570,2984,-414
123000011,459,321,138
123000012,469,1594,-1125
123000013,500,192,308
123000014,796,2089,-1293
123000015,1022,253,769
123000016,2962,1463,1499
123000017,330,133,197
123000018,15,30,-15
123000019,1,9,-8
123000020,0,4,-4
123000021,1,3,-2
123000022,16,23,-7
123000023,88,93,-5
123000024,38,47,-9
123000025,0,10,-10
123000026,1,18,-17
123000027,12,57,-45
123000028,16,5,11
123000029,80,78,2
123000030,3,288,-285
123000031,1,25,-24
123000032,5,24,-19
123000033,1,0,1
123000034,34,46,-12
123000035,13,12,1
123000036,21,19,2
123000037,49,126,-77
123000038,18,93,-75
123000039,154,187,-33
123000040,467,171,296
123000041,62,35,27
123000042,203,224,-21
123000043,212,230,-18
123000044,1349,646,703
123000045,3315,694,2621
123000046,25,20,5
123000047,834,277,557
123000048,0,0,0
123000049,951,190,761
123000050,102,81,21
123000051,2,19,-17
123000052,99,224,-125
123000053,877,353,524
123000054,381,194,187
123000055,147,145,2
123000056,353,713,-360
123000057,4426,1243,3183
123000058,49,78,-29
123000059,35,45,-10
123000060,104,48,56
123000061,29,78,-49
123000063,120,251,-131
123000064,116,78,38
123000065,2096,987,1109
123000066,352,217,135
123000067,45,91,-46
123000068,1148,1217,-69
123000069,4406,1491,2915
123000070,39,78,-39
123000071,32,34,-2
123000072,364,525,-161
123000073,26,36,-10
123000074,220,734,-514
123000075,21,54,-33
123000076,88,354,-266
123000077,887,1016,-129
123000078,25,58,-33
123000079,16,49,-33
123000080,396,805,-409
123000081,32,81,-49
123000082,84,195,-111
123000083,34,16,18
123000084,42,245,-203
123000085,5,20,-15
123000086,8,48,-40
123000087,1,64,-63
123000088,151,287,-136
123000089,2,5,-3
123000090,380,620,-240
123000091,5,6,-1
123000092,297,426,-129
123000094,36,25,11
123000095,4,14,-10
123000096,8,11,-3
123000097,50,391,-341
123000098,17,12,5
123000099,145,309,-164
123000100,130,113,17
123000101,0,0,0
123000102,60,128,-68
123000104,28,94,-66
123000105,213,155,58
123000106,28,84,-56
123000107,84,170,-86
123000108,264,348,-84
123000111,13,13,0
123000112,56,53,3
123000113,95,536,-441
123000114,12,17,-5
123000115,11,62,-51
123000116,5,20,-15
123000117,199,584,-385
123000118,88,310,-222
123000119,41,284,-243
123000120,92,177,-85
123000121,71,67,4
123000122,246,167,79
123000123,47,42,5
123000124,304,248,56
123000125,72,11,61
123000126,37,80,-43
123000127,1149,515,634
123000128,75,208,-133
123000129,0,0,0
123000130,0,0,0
123000131,15,148,-133
123000132,100,199,-99
123000133,88,176,-88
123000134,121,50,71
123000135,109,151,-42
123000136,56,520,-464
123000137,18,179,-161
123000138,28,176,-148
123000139,0,0,0
123000140,30,274,-244
123000141,0,0,0
123000142,355,488,-133
123000143,380,1030,-650
123000144,5,8,-3
123000145,19,20,-1
123000146,1,18,-17
123000147,4,19,-15
123000149,0,0,0
123000150,0,0,0
123000151,43,52,-9
123000152,63,149,-86
123000153,27,51,-24
123000154,382,149,233
123000155,664,150,514
123000156,10,31,-21
123000157,102,253,-151
123000158,0,0,0
123000159,380,229,151
123000160,79,24,55
123000161,221,29,192
123000162,35,31,4
123000163,0,0,0
123000164,0,0,0
123000165,41,585,-544
123000166,5,72,-67
123000167,3,118,-115
123000168,28,141,-113
123000169,0,0,0
123000170,0,151,-151
123000171,1,16,-15
123000172,41,327,-286
123000173,0,0,0
123000174,0,0,0
123000175,282,576,-294
123000176,0,0,0
123000177,63,352,-289
123000178,0,0,0
123000179,6,206,-200
123000180,175,18,157
123000181,69,618,-549
123000182,11,149,-138
123000183,33,14,19
123000184,11,241,-230
123000185,0,0,0
123000186,1,441,-440
123000187,0,1,-1
123000188,0,0,0
123000189,18,50,-32
123000190,0,22,-22
123000192,3,172,-169
123000193,10,166,-156
123000194,103,77,26
123000195,0,0,0
123000196,0,0,0
123000197,1,46,-45
123000198,1,72,-71
123000199,4,163,-159
123000200,0,0,0
123000201,0,0,0
123000202,8,568,-560
123000203,0,0,0
123000204,11,544,-533
123000205,45,730,-685
123000206,93,3,90
123000207,27,319,-292
123000208,7,5,2
123000209,84,14,70
123000210,111,481,-370
123000211,180,1043,-863
123000212,0,0,0
123000213,0,0,0
123000215,300,45,255
123000216,0,0,0
123000217,0,0,0
123000218,37,79,-42
123000219,0,0,0
123000220,0,0,0
123000221,0,0,0
123000222,9,36,-27
123000223,7,18,-11
123000224,8,53,-45
123000225,11,52,-41
123000226,2,211,-209
123000227,6,148,-142
123000228,5,27,-22
123000229,289,874,-585
123000232,31,220,-189
123000233,0,0,0
123000234,30,331,-301
123000235,0,0,0
123000236,53,435,-382
123000237,0,0,0
123000238,11,316,-305
123000239,135,956,-821
123000240,5,52,-47
123000241,0,0,0
123000242,4,73,-69
123000243,231,483,-252
123000244,402,388,14
123000245,22,124,-102
123000249,825,404,421
123000252,0,0,0
123000253,0,0,0
123000254,39,300,-261
123000255,52,70,-18
123000256,8,149,-141
123000257,799,796,3
123000258,176,493,-317
123000259,14,102,-88
123000260,36,213,-177
123000261,16,99,-83
123000262,30,97,-67
123000263,21,4,17
123000264,3,3,0
123000265,19,45,-26
123000266,69,222,-153
123000267,0,0,0
123000268,2,8,-6
123000269,0,0,0
123000270,0,0,0
123000271,4,36,-32
123000272,0,0,0
123000273,0,0,0
123000274,0,0,0
123000275,93,496,-403
123000278,673,524,149
123000279,0,0,0
123000280,8,97,-89
123000281,0,0,0
123000282,16,93,-77
123000283,0,0,0
123000284,4,54,-50
123000286,102,55,47
123000287,64,35,29
123000288,0,0,0
123000289,0,0,0
123000291,109,484,-375
123000294,18,45,-27
123000295,144,41,103
123000296,30,12,18
123000297,2,4,-2
123000298,14,49,-35
123000299,0,0,0
123000300,37,109,-72
123000301,5,46,-41
123000302,1,16,-15
123000303,1,4,-3
123000305,306,249,57
123000306,1,89,-88
123000309,8,30,-22
123000310,0,0,0
123000311,0,188,-188
123000312,169,252,-83
123000313,0,0,0
123000315,4,32,-28
123000316,0,0,0
123000317,0,0,0
123000318,4,58,-54
123000329,245,36,209
123000337,0,62,-62
123000338,15,2,13
123000339,3,346,-343
123000340,5,25,-20
123000342,0,4,-4
123000343,0,0,0
123000344,142,84,58
123000345,43,158,-115
123000346,0,0,0
123000352,646,413,233
123000353,8,48,-40
123000354,9,3,6
123000355,0,140,-140
123000356,2,0,2
123000357,1,89,-88
123000359,1,111,-110
123000360,0,0,0
123000361,139,80,59
123000362,15,67,-52
123000363,3,156,-153
123000364,51,32,19
123000365,13,75,-62
123000366,87,211,-124
123000367,65,278,-213
123000370,5,129,-124
123000371,0,0,0
123000372,3,0,3
123000373,3,179,-176
123000374,3,89,-86
123000375,3,0,3
123000376,40,45,-5
123000377,0,0,0
123000378,2,224,-222
123000379,0,110,-110
123000380,2,75,-73
123000381,3,0,3
123000382,36,7,29
123000383,44,222,-178
123000384,9,2,7
123000385,40,312,-272
123000436,24,314,-290
123000507,27,26,1
123000508,29,98,-69
123000517,149,23,126
123000518,4,69,-65
123000519,98,61,37
123000520,15,76,-61
123000521,86,63,23
123000522,31,163,-132
123000541,0,0,0
123000542,0,9,-9
123000565,32,3,29
123000566,21,285,-264
123000567,31,75,-44
123000573,28,561,-533
123000574,0,0,0
123000575,100,706,-606
123000576,38,1014,-976
123000577,46,360,-314
123000578,0,0,0
123000579,410,105,305
123000580,41,3,38
123000582,0,0,0
123000583,3,337,-334
123000584,0,0,0
123000585,0,49,-49
123000586,0,0,0
123000596,21,43,-22
123000597,0,0,0
123000602,0,0,0
123000603,27,256,-229
123000604,13,517,-504
123000605,401,46,355
123000606,2,1043,-1041
123000609,4,193,-189
123000610,6,3,3
123000613,83,123,-40
123000614,0,0,0
123000615,77,159,-82
123000616,0,0,0
123000617,53,527,-474
123000618,25,379,-354
123000619,0,0,0
123000620,29,344,-315
123000622,0,0,0
123000624,0,0,0
123000630,21,53,-32
123000631,48,763,-715
123000632,246,370,-124
123000633,0,51,-51
123000634,0,0,0
123000635,59,47,12
123000636,7,168,-161
123000637,0,0,0
123000638,0,0,0
123000639,0,0,0
123000640,0,562,-562
123000648,0,0,0
123000649,0,25,-25
123900001,68,4,64
123900002,0,0,0
123900003,0,0,0
123900005,0,0,0
123900006,0,0,0
124000001,236,1,235
124000002,85,728,-643
124000003,20,2,18
124000004,15,347,-332
124000005,12,1,11
124000006,120,806,-686
124000007,8,1,7
124000008,7,191,-184
124000009,5,3,2
124000010,36,256,-220
124000011,15,5,10
124000012,63,469,-406
124000017,0,0,0
124000018,80,62,18
124000019,0,0,0
124000020,18,122,-104
124000021,0,0,0
124000022,53,173,-120
124000023,239,184,55
124000024,276,265,11
124000025,133,84,49
124000026,357,300,57
124000027,985,287,698
124000028,1297,1725,-428
124000030,1349,515,834
124000031,30,2,28
124000032,1919,382,1537
124000033,18,1,17
124000034,949,225,724
124000035,0,1,-1
124000036,12,142,-130
124000037,6,9,-3
124000038,5,30,-25
124000039,152,51,101
124000040,112,300,-188
124000041,48,5,43
124000042,21,254,-233
124000043,6,17,-11
124000044,23,181,-158
124000045,0,0,0
124000046,43,477,-434
124000047,0,0,0
124000048,146,956,-810
124000049,0,0,0
124000050,117,1171,-1054
124000051,0,0,0
124000052,119,719,-600
124000053,0,0,0
124000054,247,373,-126
124000055,0,0,0
124000056,1277,849,428
124000057,0,0,0
124000058,136,716,-580
124000059,21,32,-11
124000060,410,373,37
124000061,28,75,-47
124000062,3008,756,2252
124000063,662,841,-179
124000064,651,899,-248
124000065,6,28,-22
124000066,8,1,7
124000067,0,0,0
124000068,0,20,-20
124000069,0,0,0
124000070,8,205,-197
124000071,0,0,0
124000072,38,128,-90
124000073,0,0,0
124000074,34,302,-268
124000075,0,0,0
124000076,6,156,-150
124000077,319,178,141
124000078,14,3,11
124000079,376,348,28
124000080,0,0,0
124000081,30,329,-299
124000082,0,0,0
124000083,15,61,-46
124000084,0,10,-10
124000085,10,32,-22
124000086,0,0,0
124000087,0,0,0
124000088,2,6,-4
124000089,11,7,4
124000090,17,251,-234
124000091,12,5,7
124000092,24,367,-343
124000093,0,0,0
124000094,5,64,-59
124000095,0,0,0
124000096,19,49,-30
124000097,0,0,0
124000098,12,55,-43
124000099,4,2,2
124000100,4,80,-76
124000101,3,6,-3
124000102,13,74,-61
124000103,8,5,3
124000104,13,62,-49
124000105,3,6,-3
124000106,14,89,-75
124000107,0,8,-8
124000108,20,24,-4
124000109,0,0,0
124000110,11,32,-21
124000111,6,26,-20
124000112,34,98,-64
124000113,0,0,0
124000114,13,72,-59
124000115,43,89,-46
124000116,0,0,0
124000117,34,43,-9
124000118,0,3,-3
124000119,49,165,-116
124000120,2,26,-24
124000121,138,21,117
124000122,437,383,54
124000123,120,55,65
124000124,125,319,-194
124000125,57,43,14
124000126,105,269,-164
124000127,53,70,-17
124000128,185,662,-477
124000129,142,340,-198
124000130,328,235,93
124000131,88,96,-8
124000132,455,442,13
124000133,28,59,-31
124000134,174,297,-123
124000135,122,108,14
124000136,281,358,-77
124000137,91,60,31
124000138,251,352,-101
124000139,0,0,0
124000140,8,146,-138
124000141,0,0,0
124000142,1,32,-31
124000143,0,0,0
124000144,13,15,-2
124000145,0,0,0
124000146,4,52,-48
124000148,0,0,0
124000149,0,1,-1
124000150,84,211,-127
124000151,17,1,16
124000152,138,315,-177
124000153,6,4,2
124000154,90,397,-307
124000155,18,10,8
124000156,374,347,27
124000169,6,8,-2
124000170,165,144,21
124000171,4,6,-2
124000172,38,196,-158
124000173,2,17,-15
124000174,39,268,-229
124000175,9,77,-68
124000176,0,0,0
124000177,10,24,-14
124000178,0,0,0
124000190,19,0,19
124000191,59,22,37
124000192,15,5,10
124000193,122,571,-449
124000194,90,287,-197
124000195,34,83,-49
124000196,341,571,-230
124000197,21,10,11
124000198,0,0,0
124000201,16,439,-423
124000202,2,32,-30
124000203,15,454,-439
124000204,3,102,-99
124000205,11,341,-330
124000206,7,102,-95
124000207,0,85,-85
124000209,27,330,-303
124000210,4,105,-101
124000211,0,0,0
124000212,0,292,-292
124000213,3,210,-207
124000214,0,190,-190
124000215,0,0,0
124000216,1,295,-294
124000329,32,1046,-1014
124000338,20,548,-528
124000339,9,0,9
124000341,7,0,7
124000344,2,2,0
124000357,60,52,8
124000358,93,65,28
124000359,30,32,-2
124000360,13,32,-19
124000361,45,32,13
124000362,484,1130,-646
124000363,121,428,-307
124000364,277,868,-591
124000365,478,1334,-856
124000366,1463,1061,402
124000367,63,312,-249
124000368,4,1,3
124000369,4,4,0
124000370,29,340,-311
124000402,0,0,0
124000403,0,0,0
124000404,4,29,-25
124000405,168,82,86
124000406,308,486,-178
124000407,1,9,-8
124000411,0,128,-128
124000412,0,0,0
124000413,0,0,0
124000414,6,22,-16
124000415,7,84,-77
124000416,22,147,-125
124000417,1,22,-21
124000418,7,16,-9
124000419,17,87,-70
124000420,0,14,-14
124000421,4,134,-130
124000422,1,1,0
124000423,5,10,-5
124000424,2,51,-49
124000425,0,0,0
124000426,1,25,-24
124000427,0,0,0
124000428,3,15,-12
124000429,1,186,-185
124000430,50,129,-79
124000431,19,130,-111
124000432,42,188,-146
124000439,0,0,0
124000443,1,9,-8
124000445,5,4,1
124000446,576,34,542
124900001,0,0,0
124900002,0,0,0
124900003,0,0,0
124900004,0,0,0
124900005,0,0,0
124900006,0,0,0
124900008,0,0,0
124900009,0,0,0
124900010,0,0,0
124900011,0,0,0
124900012,0,0,0
124900013,0,0,0
124900014,0,0,0
124900015,0,0,0
124900016,0,0,0
124900017,0,0,0
124900018,0,0,0
124900020,0,0,0
124900021,0,0,0
124900022,0,0,0
124900024,0,0,0
124900026,0,2,-2
124900027,0,0,0
124900028,0,0,0
124900029,0,0,0
124900030,0,0,0
124900031,0,0,0
124900032,0,0,0
124900033,0,0,0
124900034,0,0,0
124900035,1,1,0
124900036,0,0,0
124900037,1,2,-1
124900038,0,0,0
124900039,0,0,0
124900040,0,0,0
124900041,2,73,-71
124900042,0,0,0
124900043,16,86,-70
124900044,0,0,0
124900045,44,44,0
124900046,55,13,42
124900047,4,9,-5
124900048,8,11,-3
124900050,3,30,-27
124900052,3,32,-29
124900053,3,84,-81
124900054,534,56,478
124900055,0,20,-20
124900057,0,17,-17
124900060,15,32,-17
124900061,0,0,0
124900062,0,0,0
124900066,0,10,-10
124900067,1,63,-62
124900068,0,0,0
124900070,0,0,0
124900072,0,0,0
124900074,0,0,0
124900075,0,0,0
124900076,0,0,0
124900077,0,0,0
124900078,0,0,0
124900079,14,0,14
124900080,7,62,-55
124900081,0,0,0
124900082,0,4,-4
124900083,6,41,-35
124900084,0,0,0
124900085,0,0,0
124900086,0,0,0
124900087,0,0,0
124900088,0,0,0
124900089,82,1,81
124900090,0,0,0
124900091,0,0,0
124900092,0,0,0
124900093,0,0,0
124900094,0,0,0
124900095,0,0,0
124900096,0,0,0
124900097,0,0,0
124900098,0,0,0
124900099,0,0,0
124900100,0,0,0
124900101,0,0,0
124900102,0,0,0
124900103,0,8,-8
124900104,0,11,-11
124900105,0,5,-5
124900106,0,0,0
124900107,0,0,0
124900108,0,0,0
124900109,0,3,-3
124900110,2,30,-28
124900111,0,10,-10
124900112,4,93,-89
124900113,0,5,-5
124900114,0,1,-1
124900115,0,0,0
124900116,1,3,-2
124900117,0,0,0
124900118,0,0,0
124900119,0,0,0
124900120,9,64,-55
124900121,0,0,0
124900122,86,26,60
124900123,0,0,0
124900124,9,16,-7
129000186,0,0,0
204000001,0,0,0
204000002,0,0,0
204000003,0,0,0
204000004,0,0,0
204000005,0,0,0
204000006,0,0,0
204000011,39,72,-33
204000012,10,199,-189
204000019,198,166,32
204000020,72,138,-66
204000021,343,180,163
204000022,72,138,-66
204000023,253,974,-721
204000031,0,0,0
204000032,0,0,0
204000034,73,459,-386
204000035,15,7,8
204000036,15,29,-14
204000037,2,17,-15
204000038,2,33,-31
204000039,8,40,-32
204000040,4,32,-28
204000041,5,32,-27
204000042,0,0,0
204000043,0,0,0
204000044,0,0,0
204000045,0,0,0
204000046,0,0,0
204000057,5,55,-50
204000062,32,138,-106
204000068,61,131,-70
204000069,17,84,-67
204000070,0,0,0
204000080,31,75,-44
204000085,438,775,-337
204000086,1418,1080,338
204000087,66,145,-79
204000088,25,91,-66
204000090,90,478,-388
204000093,0,0,0
204000096,7,14,-7
204000097,0,0,0
204000099,19,36,-17
204000100,26,16,10
204000105,563,775,-212
204000110,508,843,-335
204000111,181,542,-361
204000112,223,654,-431
204000113,103,516,-413
204000114,52,72,-20
204000115,59,62,-3
204000116,113,87,26
204000119,8,13,-5
204000132,0,0,0
204000133,0,0,0
204000134,0,0,0
204000135,0,0,0
204000136,0,0,0
204000138,0,0,0
204000140,0,0,0
204000141,0,0,0
204000144,0,0,0
204000145,0,0,0
204000146,151,300,-149
204000147,25,96,-71
204000148,0,0,0
204000154,0,0,0
204000155,1,12,-11
204000177,0,0,0
204000179,0,0,0
204000180,0,84,-84
204000222,1,8,-7
204000235,40,14,26
204000236,21,272,-251
204000238,0,0,0
204000240,31,64,-33
204000263,287,713,-426
204000268,0,0,0
204000308,0,0,0
204000317,45,43,2
204000322,4,37,-33
204000323,0,0,0
204000328,0,0,0
204000329,63,119,-56
204000330,0,0,0
204000331,115,154,-39
204010341,0,0,0
205000001,1009,530,479
205000013,5,89,-84
205000014,7,136,-129
205000015,27,286,-259
205000016,9,191,-182
205000017,57,80,-23
205000022,194,412,-218
205000025,1469,766,703
205000029,60,35,25
205000045,31,162,-131
205000046,23,470,-447
205000047,61,431,-370
205000048,70,757,-687
205000049,65,697,-632
205000050,986,255,731
205000059,1,340,-339
205000060,0,32,-32
205000061,1,11,-10
205000062,0,28,-28
205000063,1,25,-24
205000064,35,167,-132
205000065,21,410,-389
205000066,25,705,-680
205000067,9,969,-960
205000069,401,280,121
205000082,0,0,0
205000110,32,234,-202
205000111,102,247,-145
205000112,0,0,0
205000113,156,105,51
205000121,0,0,0
205000123,139,127,12
205000126,0,0,0
205000127,0,0,0
205000128,0,0,0
205000129,0,0,0
205000130,0,0,0
205000131,0,0,0
205000132,0,0,0
205000133,0,0,0
205000134,0,0,0
205000137,68,102,-34
205000138,159,166,-7
205000139,9,47,-38
205000144,0,0,0
205000145,0,0,0
205000151,0,0,0
205000152,0,0,0
205000153,0,0,0
205000154,0,0,0
205000155,0,0,0
205000207,270,196,74
205000233,0,2,-2
205000234,0,0,0
205000243,0,0,0
205000244,0,7,-7
205000245,5,312,-307
205000249,0,18,-18
205000250,0,0,0
205000264,4,102,-98
206000027,0,0,0
206000028,0,0,0
206000043,12,143,-131
206000053,12,22,-10
206000054,3,36,-33
206000055,3,68,-65
206000075,7,20,-13
206000076,13,31,-18
206000077,23,25,-2
206000078,19,23,-4
206000079,33,7,26
206000082,0,0,0
206000100,86,751,-665
206000103,6,60,-54
206000104,21,59,-38
206000105,12,28,-16
206000106,33,73,-40
206000108,744,133,611
206000125,0,0,0
206000157,275,885,-610
206000170,6,393,-387
206000171,7,331,-324
206000172,15,860,-845
206000173,7,274,-267
206000174,9,196,-187
206000175,3,277,-274
206000176,50,403,-353
206000177,4,334,-330
206000178,2,213,-211
206000179,4,119,-115
206000180,29,245,-216
206000181,18,310,-292
206000182,36,310,-274
206000183,53,696,-643
206000184,14,439,-425
206000185,12,378,-366
206000186,99,1041,-942
206000223,15,307,-292
206000226,0,0,0
206000227,0,0,0
206000237,16,306,-290
206000238,46,437,-391
206000239,717,1127,-410
206000240,1,53,-52
206000241,1,334,-333
206000242,32,499,-467
206000243,10,410,-400
206000244,102,963,-861
206000245,54,12,42
206000246,4,2,2
206000247,25,4,21
206000248,37,3,34
206000252,43,63,-20
206000258,28,63,-35
206000315,38,10,28
206000317,61,11,50
206000318,23,17,6
206000319,94,16,78
206000320,22,2,20
206000321,23,4,19
206000322,0,0,0
206000323,0,0,0
206000324,0,0,0
206000325,0,0,0
206000326,0,0,0
206000327,6,1,5
206000328,23,0,23
206000329,6,0,6
206000330,3,1,2
206000331,1,0,1
206000332,0,0,0
206000333,12,0,12
206000334,15,0,15
206000335,1,46,-45
206000361,8,336,-328
206000392,0,66,-66
206000405,26,0,26
206000441,0,0,0
206000498,9,3,6
206000515,368,38,330
206000530,0,0,0
206000531,0,0,0
206000532,0,0,0
206000535,192,584,-392
206000536,24,152,-128
206000537,23,91,-68
206000613,0,0,0
207000001,96,445,-349
207000002,25,347,-322
207000003,63,304,-241
207000007,88,12,76
207000008,0,2,-2
207000009,15,5,10
207000010,215,244,-29
207000012,0,0,0
207000015,269,739,-470
207000019,45,19,26
207000021,58,42,16
207000022,4,16,-12
207000023,16,8,8
207000024,1,7,-6
207000025,2,9,-7
207000026,39,134,-95
207000027,15,135,-120
207000028,35,304,-269
207000029,127,525,-398
207000033,60,42,18
207000034,21,4,17
207000039,0,0,0
207000040,0,0,0
207000041,0,0,0
207000042,0,0,0
207000043,0,0,0
207000051,40,378,-338
207000052,4,220,-216
207000053,398,903,-505
207000054,11,142,-131
207000055,34,217,-183
207000056,142,432,-290
207000057,153,324,-171
207000058,71,502,-431
207000059,40,823,-783
207000060,26,204,-178
207000061,5,18,-13
207000062,37,29,8
207000063,34,75,-41
207000064,211,83,128
207000065,69,110,-41
207000066,32,98,-66
207000067,21,56,-35
207000068,25,33,-8
207000069,319,165,154
207000082,1,20,-19
207000083,22,194,-172
207000084,10,7,3
207000085,33,6,27
207000086,8,0,8
207000106,0,0,0
207000107,0,0,0
207000108,0,0,0
207000109,0,0,0
207000110,0,0,0
207000111,0,0,0
207000112,0,0,0
207000114,11,30,-19
207000115,8,87,-79
207000116,9,239,-230
207000117,4,126,-122
207000118,4,140,-136
207000119,14,158,-144
207000123,0,0,0
207000124,0,0,0
207000125,0,0,0
207000126,0,0,0
207000134,3,37,-34
207000135,1,28,-27
207000148,0,0,0
207000149,28,37,-9
207000152,85,376,-291
207000153,1728,1017,711
207000154,107,45,62
207000159,28,215,-187
207000160,59,633,-574
207000238,0,47,-47
207000242,1,98,-97
207000248,18,32,-14
207000249,59,106,-47
207000250,280,66,214
207000251,50,57,-7
207000252,14,74,-60
207000278,0,0,0
207000279,28,218,-190
207000280,13,5,8
207000281,40,479,-439
207000282,0,1,-1
207000283,27,105,-78
207000284,6,12,-6
207000285,0,0,0
207000291,14,117,-103
207000304,31,15,16
207000306,36,393,-357
207000310,0,0,0
207000353,0,0,0
207000356,8,18,-10
207000357,0,0,0
207000358,0,0,0
207000415,1,138,-137
207000417,0,0,0
207000418,40,59,-19
207000438,0,6,-6
207000439,395,113,282
207000446,0,0,0
207000460,3,2,1
207000466,76,212,-136
207000467,0,0,0
207000468,22,411,-389
207000476,4,4,0
207000477,9,10,-1
207000478,0,5,-5
207000523,0,7,-7
207000524,0,0,0
207000527,25,37,-12
207000530,0,0,0
207000531,0,0,0
207000532,0,0,0
207000534,0,0,0
207000535,28,154,-126
207000537,20,85,-65
207000540,7,150,-143
207000541,1,208,-207
207000548,3,262,-259
207000549,0,0,0
207000561,0,0,0
207000562,22,160,-138
207000567,208,313,-105
207000568,4,27,-23
207000569,24,331,-307
207000584,220,82,138
207000585,0,0,0
207000616,1,308,-307
207000617,0,0,0
207900008,9,33,-24
208000001,35,87,-52
208000002,24,73,-49
208000003,73,80,-7
208000004,100,73,27
208000005,0,38,-38
208000019,0,0,0
208000020,0,0,0
208000021,33,248,-215
208000022,193,312,-119
208000028,79,33,46
208000033,77,276,-199
208000034,298,552,-254
208000037,0,0,0
208000040,0,0,0
208000041,0,0,0
208000042,0,0,0
208000047,25,190,-165
208000064,0,0,0
208000066,0,0,0
208000070,0,0,0
208000071,0,0,0
208000072,0,0,0
208000080,37,40,-3
208000081,12,25,-13
208000082,36,164,-128
208000083,19,292,-273
208000084,0,0,0
208000085,279,374,-95
208000086,210,618,-408
208000087,66,439,-373
208000089,289,290,-1
208000090,162,560,-398
208000093,10,50,-40
208000094,132,336,-204
208000095,375,226,149
208000104,0,0,0
208000105,0,0,0
208000114,0,0,0
208000115,65,236,-171
208000116,0,0,0
208000117,0,0,0
208000118,0,0,0
208000155,183,496,-313
208000158,976,1108,-132
208000186,0,0,0
208000204,113,410,-297
208000205,253,523,-270
208000282,2105,530,1575
209000004,52,53,-1
209000005,11,11,0
209000006,122,126,-4
209000007,88,93,-5
209000010,132,109,23
209000011,42,127,-85
209000012,63,274,-211
209000013,44,536,-492
209000014,254,1225,-971
209000025,57,41,16
209000026,219,41,178
209000027,106,904,-798
209000028,126,1051,-925
209000029,232,873,-641
209000030,154,1513,-1359
209000031,3663,1913,1750
209000034,89,316,-227
209000035,64,183,-119
209000036,41,110,-69
209000037,57,161,-104
209000038,96,178,-82
209000039,52,104,-52
209000040,140,390,-250
209000041,155,381,-226
209000042,163,352,-189
209000043,192,270,-78
209000044,206,288,-82
209000045,53,165,-112
209000046,39,187,-148
209000047,35,103,-68
209000048,32,118,-86
209000049,65,134,-69
209000050,129,285,-156
209000051,126,342,-216
209000052,48,333,-285
209000062,6,96,-90
209000063,10,71,-61
209000064,7,126,-119
209000065,0,0,0
209000066,0,0,0
209000067,0,0,0
209000080,11,104,-93
209000082,0,0,0
209000091,18,51,-33
209000093,43,36,7
209000094,244,89,155
209000110,0,0,0
209000111,151,565,-414
209000112,134,167,-33
209000113,229,168,61
209000114,99,93,6
209000115,88,164,-76
209000116,1425,403,1022
209000118,0,0,0
209000119,11,8,3
209000121,120,486,-366
209000135,0,0,0
209000142,545,429,116
209000143,7,31,-24
209000144,8,24,-16
209000229,12,96,-84
209000240,16,289,-273
209000259,137,144,-7
209000260,16,585,-569
209000261,7,324,-317
209000262,2,193,-191
209000263,1,45,-44
209000264,2,39,-37
209000265,0,0,0
209000266,0,0,0
209000267,0,0,0
209000268,0,0,0
210000037,0,0,0
210000047,0,0,0
210000048,0,0,0
210000049,0,0,0
210000052,8,111,-103
210000053,9,61,-52
210000054,38,47,-9
210000070,0,0,0
210000071,0,0,0
210000072,0,0,0
210000073,0,25,-25
210000074,0,78,-78
210000075,1,27,-26
210000076,2,100,-98
210000077,3,36,-33
210000078,18,28,-10
210000079,0,0,0
210000080,0,0,0
210000081,0,0,0
210000082,0,0,0
210000083,0,0,0
210000084,0,0,0
210000085,0,32,-32
210000086,3,83,-80
210000099,34,189,-155
210000100,12,156,-144
210000101,45,189,-144
210000105,28,46,-18
210000159,1,65,-64
210000163,181,157,24
210000164,0,0,0
210000168,0,0,0
210000187,0,7,-7
210000188,0,16,-16
210000214,0,0,0
210000219,0,0,0
210000220,0,0,0
210000232,2,10,-8
210000233,2,43,-41
210000234,23,48,-25
210000235,11,96,-85
210000245,0,30,-30
210000246,0,1,-1
210000258,4,96,-92
210000259,0,0,0
210000282,17,110,-93
210000285,2,41,-39
210000286,6,133,-127
210000290,0,0,0
210000295,6,29,-23
210000296,5,26,-21
210000320,0,0,0
210000321,0,0,0
210000338,25,61,-36
210000339,381,367,14
210000340,74,111,-37
210000341,70,100,-30
210000342,49,91,-42
210000343,44,129,-85
210000344,51,66,-15
210000345,88,47,41
210000346,2,34,-32
210000347,13,15,-2
210000348,19,10,9
210000349,11,17,-6
210000350,32,52,-20
210000351,61,75,-14
210000352,0,0,0
210000353,0,0,0
210000354,0,0,0
210000355,0,0,0
210000356,0,0,0
210000357,0,0,0
210000358,0,0,0
210000359,0,0,0
210000360,0,0,0
210000361,0,0,0
210000362,0,0,0
210000363,0,0,0
210000364,0,0,0
210000365,0,0,0
210000366,0,0,0
210000367,0,0,0
210000368,0,0,0
210000369,0,0,0
210000370,0,0,0
210000372,0,0,0
210000373,0,0,0
210000374,0,0,0
210000375,0,0,0
210000376,0,0,0
210000404,95,90,5
210000439,0,0,0
210000472,0,0,0
210000482,0,0,0
210000564,0,0,0
210000567,0,2,-2
210000568,0,0,0
211000092,0,0,0
211000094,0,0,0
211000169,0,0,0
211000172,0,0,0
211000209,0,0,0
211000226,0,0,0
211000270,1,1,0
211000275,0,0,0
211000276,0,0,0
211000279,0,0,0
211000281,0,0,0
211507980,0,0,0
211977296,0,0,0
212000003,0,0,0
212000004,3,17,-14
212000005,5,16,-11
212000006,8,50,-42
212000008,66,201,-135
212000009,7,119,-112
212000012,13,56,-43
212000013,7,41,-34
212000014,158,122,36
212000015,114,164,-50
212000016,340,433,-93
212000027,0,0,0
212000028,0,0,0
212000029,0,0,0
212000030,0,0,0
212000031,0,0,0
212000048,12,46,-34
212000049,11,18,-7
212000050,11,4,7
212000051,54,159,-105
212000052,76,281,-205
212000053,234,501,-267
212000054,0,2,-2
212000055,1,0,1
212000056,0,0,0
212000057,0,0,0
212000058,0,0,0
212000070,36,183,-147
212000077,73,512,-439
212000099,1,2,-1
212000108,0,0,0
212000111,0,0,0
212000120,67,101,-34
212000138,26,31,-5
212000156,7,73,-66
212000158,1,2,-1
212000159,5,0,5
212000160,1,3,-2
212000161,0,0,0
212000310,7,29,-22
212000311,0,0,0
212000374,13,10,3
213000001,9,215,-206
213000005,14,1,13
213000006,16,1,15
213000007,0,0,0
213000009,0,0,0
213000010,0,0,0
213000011,0,0,0
213000012,50,156,-106
213000014,0,0,0
213000015,0,0,0
213000016,0,0,0
213000017,0,0,0
213000018,1,113,-112
213000019,1,88,-87
213000020,24,104,-80
213000021,3,38,-35
213000023,0,0,0
213000033,32,277,-245
213000034,0,0,0
213000035,0,0,0
213000045,25,41,-16
213000046,17,17,0
213000047,167,77,90
213000056,0,0,0
213000069,0,0,0
213000073,0,4,-4
213000074,35,256,-221
213000075,0,0,0
213000076,0,0,0
213000085,5,34,-29
213000086,10,247,-237
213000091,0,0,0
213000092,0,0,0
213000099,90,222,-132
213000100,0,0,0
213000101,0,71,-71
213000102,11,227,-216
213000103,53,198,-145
213000104,19,155,-136
213000105,0,22,-22
213000106,5,145,-140
213000107,42,387,-345
213000108,5,278,-273
213000109,0,107,-107
213000110,2,24,-22
213000111,4,8,-4
213000112,110,57,53
213000115,0,0,0
213000116,26,136,-110
213000117,2,221,-219
213000118,64,88,-24
213000119,22,558,-536
213000120,44,492,-448
213000122,93,344,-251
213000123,365,379,-14
213000124,27,530,-503
213000125,0,0,0
213000126,3,23,-20
213000127,31,51,-20
213000128,222,136,86
213000129,0,0,0
213000130,0,0,0
213000132,0,0,0
213000133,0,0,0
213000134,0,0,0
213000136,0,0,0
213000137,0,0,0
213000139,0,0,0
213000147,0,0,0
213000148,0,0,0
213000149,0,0,0
213000150,0,61,-61
213000151,3,48,-45
213000152,0,40,-40
213000153,0,23,-23
213000154,12,134,-122
213000155,15,200,-185
213000156,24,307,-283
213000157,319,347,-28
213000158,54,318,-264
213000159,0,0,0
213000163,0,0,0
213000165,0,0,0
213000171,1,79,-78
213000172,1,137,-136
213000173,1,159,-158
213000174,0,157,-157
213000175,2,79,-77
213000176,0,0,0
213000177,0,0,0
213000178,0,0,0
213000179,0,0,0
213000180,0,0,0
213000184,22,155,-133
213000188,0,0,0
213000189,0,0,0
213000190,20,360,-340
213000191,15,310,-295
213000192,20,240,-220
213000193,1436,121,1315
213000194,0,16,-16
213000195,5,258,-253
213000196,34,524,-490
213000197,0,0,0
213000198,0,0,0
213000200,77,545,-468
213000201,38,19,19
213000202,3,550,-547
213000203,0,0,0
213000204,0,0,0
213000205,0,0,0
213000206,0,0,0
213000207,0,0,0
213000208,0,0,0
213000209,0,0,0
213000210,0,0,0
213000211,0,5,-5
213000212,2,11,-9
213000213,0,18,-18
213000218,41,315,-274
213000219,0,0,0
213000220,0,0,0
213000223,3,0,3
213000224,0,0,0
213000225,0,0,0
213000226,0,0,0
213000227,0,0,0
213000228,0,0,0
213000229,0,0,0
213000230,0,0,0
213000232,5,211,-206
213000233,1,13,-12
213000234,1,39,-38
213000293,1,24,-23
213000294,0,0,0
213000295,2,22,-20
213000296,0,0,0
213000297,4,39,-35
213000298,16,38,-22
213000299,0,0,0
213000300,0,0,0
213000303,9,22,-13
213000304,8,3,5
213000305,0,0,0
213000306,16,13,3
213000307,0,0,0
213000308,29,145,-116
213000309,0,0,0
213000310,0,0,0
213000311,119,189,-70
213000315,22,63,-41
213000316,0,0,0
213000322,2,24,-22
213000323,0,0,0
213000324,0,30,-30
213000325,0,0,0
213000326,1,11,-10
213000327,0,0,0
213000328,1,29,-28
213000329,0,0,0
213000340,52,761,-709
213000341,0,0,0
213000346,0,0,0
213000347,0,0,0
213000348,2,38,-36
213000349,2,3,-1
213000350,60,626,-566
213000366,8,141,-133
213000367,1,0,1
213000379,15,58,-43
213000386,1,139,-138
213000406,20,195,-175
213000417,33,9,24
213000425,0,0,0
213000426,0,0,0
213000427,2,57,-55
213000428,2,54,-52
213000429,0,1,-1
213000430,0,82,-82
213000431,21,0,21
213000432,0,0,0
213000433,2,18,-16
213000434,0,0,0
213000435,0,0,0
213000436,0,0,0
213000437,0,0,0
213000438,0,0,0
213000439,0,0,0
213000440,1,39,-38
213000441,0,0,0
213000442,0,5,-5
213000443,0,22,-22
213000444,11,31,-20
213000445,0,7,-7
213000446,0,0,0
213000447,0,0,0
213000448,0,0,0
213000449,0,0,0
213000450,0,0,0
213000451,0,0,0
213000452,0,0,0
213000453,13,125,-112
213000455,0,1,-1
213000456,0,46,-46
213000481,0,0,0
213000482,0,0,0
213000489,0,0,0
213000491,2,25,-23
213000492,0,1,-1
213000493,0,22,-22
213000494,0,0,0
213000495,1,61,-60
213000496,0,0,0
213000497,11,121,-110
213000498,26,74,-48
213000499,17,243,-226
213000500,0,0,0
213000501,0,0,0
213000502,0,0,0
213000503,0,27,-27
213000504,2,96,-94
213000505,0,0,0
213000506,0,8,-8
213000507,3,156,-153
213900016,0,7,-7
213900244,0,0,0
213900245,0,15,-15
218000003,4,9,-5
218000004,3,22,-19
218000005,0,0,0
218000006,7,64,-57
218000007,4,12,-8
218000012,197,32,165
218000013,36,127,-91
218000014,284,238,46
218000019,899,330,569
218000020,330,287,43
218000021,25,111,-86
218000022,11,71,-60
218000023,2,58,-56
218000024,0,34,-34
218000025,0,58,-58
218000026,14,122,-108
218000027,0,35,-35
218000028,4,19,-15
218000029,0,10,-10
218000030,19,85,-66
218000031,0,96,-96
218000032,2,58,-56
218000040,4,2,2
218000046,22,133,-111
218000047,4,131,-127
218000048,13,189,-176
218000049,40,99,-59
218000050,97,220,-123
218000051,24,270,-246
218000052,0,23,-23
218000053,1,5,-4
218000054,1,15,-14
218000055,2,12,-10
218000056,1,23,-22
218000057,0,23,-23
218000064,0,1,-1
218000065,1,0,1
218000066,0,0,0
218000067,9,101,-92
218000068,32,148,-116
218000069,40,284,-244
218000070,57,348,-291
218000071,158,222,-64
218000072,520,200,320
218000078,265,843,-578
218000079,20,58,-38
218000080,72,108,-36
218000081,122,162,-40
218000082,19,80,-61
218000083,9,56,-47
218000084,55,180,-125
218000085,151,422,-271
218000086,35,162,-127
218000087,109,171,-62
218000090,17,62,-45
218000091,290,198,92
218000092,59,180,-121
218000093,65,102,-37
218000094,259,664,-405
218000099,285,271,14
218000100,129,199,-70
218000101,67,115,-48
218000102,88,173,-85
218000103,25,148,-123
218000104,7,39,-32
218000105,13,6,7
218000106,11,4,7
218000107,17,149,-132
218000108,0,75,-75
218000112,30,19,11
218000117,0,0,0
218000134,217,439,-222
218000135,12,49,-37
218000136,88,34,54
218000137,58,126,-68
218000138,2,44,-42
218000139,40,212,-172
218000140,53,89,-36
218000141,6,10,-4
218000142,57,132,-75
218000143,14,122,-108
218000144,9,23,-14
218000145,66,183,-117
218000146,29,111,-82
218000151,4,11,-7
218000152,28,63,-35
218000153,1,15,-14
218000154,3,12,-9
218000155,19,4,15
218000156,121,67,54
218000157,13,61,-48
218000158,3,22,-19
218000159,19,14,5
218000160,7,8,-1
218000161,47,15,32
218000162,58,29,29
218000163,13,7,6
218000164,90,22,68
218000165,91,67,24
218000170,0,19,-19
218000171,17,10,7
218000172,4,8,-4
218000173,2,10,-8
218000174,6,11,-5
218000176,39,11,28
218000177,226,33,193
218000178,76,22,54
218000179,47,15,32
218000180,54,5,49
218000181,57,4,53
218000187,0,6,-6
218000188,4,27,-23
218000189,8,35,-27
218000190,5,24,-19
218000191,53,80,-27
218000192,107,394,-287
218000193,557,406,151
218000194,29,443,-414
218000195,120,113,7
218000196,154,295,-141
218000197,84,299,-215
218000198,6,106,-100
218000199,26,16,10
218000200,10,28,-18
218000201,1,3,-2
218000202,126,57,69
218000207,2,74,-72
218000208,22,42,-20
218000211,7,30,-23
218000212,2,10,-8
218000213,56,25,31
218000214,0,8,-8
218000215,26,128,-102
218000217,7,64,-57
218000218,305,113,192
218000219,2,12,-10
218000220,68,182,-114
218000221,58,112,-54
218000222,16,36,-20
218000223,115,144,-29
218000224,1,58,-57
218000225,163,38,125
218000226,78,83,-5
218000230,0,4,-4
218000232,44,40,4
218000239,0,0,0
218000240,0,0,0
218000241,0,0,0
218000242,0,0,0
218000243,0,0,0
218000244,0,0,0
218000245,0,0,0
218000246,0,0,0
218000247,0,0,0
218000248,0,18,-18
218000249,0,1,-1
218000250,1,9,-8
218000251,1,9,-8
218000252,0,17,-17
218000253,0,1,-1
218000254,1,1,0
218000255,0,3,-3
218000256,2,22,-20
218000267,449,492,-43
218000268,1,37,-36
218000269,2,12,-10
218000270,40,101,-61
218000271,47,190,-143
218000273,0,0,0
218000274,0,0,0
218000275,11,41,-30
218000276,15,107,-92
218000278,13,28,-15
218000279,19,86,-67
218000280,3,35,-32
218000281,2,7,-5
218000282,82,35,47
218000284,0,0,0
218000301,21,82,-61
218000302,22,9,13
218000303,8,41,-33
218000316,445,385,60
218000317,215,511,-296
218000318,106,481,-375
218000319,325,1018,-693
218000320,271,555,-284
218000338,2,14,-12
218000345,31,65,-34
218000346,0,0,0
218000459,48,298,-250
218000490,5,19,-14
218000501,3,0,3
218000502,4,102,-98
218000503,8,0,8
218000504,15,2,13
218000505,29,134,-105
218000506,44,99,-55
218000508,0,2,-2
218000510,56,4,52
218000520,65,77,-12
218000521,0,9,-9
218000522,0,52,-52
218000523,0,0,0
218000524,8,39,-31
218000525,5,6,-1
218000526,8,37,-29
218000529,1,37,-36
218000530,16,17,-1
218000531,0,0,0
218000532,5,43,-38
218000534,0,0,0
218000537,0,0,0
218000538,81,52,29
218000540,366,153,213
218000543,42,27,15
218000544,52,203,-151
218000545,7,20,-13
218000546,16,101,-85
218000547,33,29,4
218000548,53,135,-82
218000549,65,32,33
218000550,139,424,-285
218000551,119,162,-43
218000552,55,16,39
218000553,4,33,-29
218000554,3,8,-5
218000555,2,20,-18
218000556,57,317,-260
218000557,99,54,45
218000558,0,0,0
218000559,0,3,-3
218000560,0,3,-3
218000561,0,0,0
218000562,12,83,-71
218000563,18,11,7
218000564,6,43,-37
218000565,3,12,-9
218000566,8,7,1
218000567,0,9,-9
218000568,0,0,0
218000569,2,14,-12
218000570,3,3,0
218000571,0,16,-16
218000572,0,0,0
218000573,0,9,-9
218000574,1,15,-14
218000575,0,0,0
218000576,0,22,-22
218000577,0,0,0
218000578,2,16,-14
218000579,32,0,32
218000581,1,53,-52
218000582,1,0,1
218000583,1,0,1
218000584,1,25,-24
218000585,3,0,3
218000586,0,32,-32
218000587,0,0,0
218000588,0,0,0
218000589,0,1,-1
218000590,0,0,0
218000591,0,12,-12
218000592,0,0,0
218000593,0,0,0
218000594,0,2,-2
218000595,0,0,0
218000596,0,0,0
218000597,0,0,0
218000598,0,0,0
218000599,0,0,0
218000600,0,0,0
218000601,0,0,0
218000602,0,0,0
218000603,0,0,0
218000604,0,0,0
218000605,0,10,-10
218000606,5,0,5
218000607,4,16,-12
218000608,3,1,2
218000609,1,7,-6
218000610,0,8,-8
218000611,0,1,-1
218000612,0,18,-18
218000613,9,0,9
218000614,0,24,-24
218000615,1,0,1
218000616,0,97,-97
218000617,0,0,0
218000618,0,9,-9
218000619,5,2,3
218000620,0,20,-20
218000621,0,1,-1
218000622,0,0,0
218000623,2,0,2
218000624,0,1,-1
218000625,1,0,1
218000626,0,3,-3
218000628,17,8,9
218000631,0,0,0
218000632,0,26,-26
218000633,0,0,0
218000634,0,13,-13
218000635,0,5,-5
218000636,313,869,-556
218000637,222,260,-38
218000638,0,0,0
218000639,7,345,-338
218000640,0,0,0
218000641,12,307,-295
218000652,75,147,-72
218000653,176,142,34
218000663,1,11,-10
218000675,1,3,-2
218000676,2,41,-39
218000677,13,14,-1
218000680,28,113,-85
218000681,0,0,0
218000691,23,83,-60
218000693,0,0,0
218000703,8,118,-110
218000718,65,146,-81
218000719,3,7,-4
218000720,2,10,-8
218000721,4,0,4
218000725,2,12,-10
218001214,10,28,-18
218001258,0,0,0
218001329,0,0,0
218001330,14,10,4
218001351,0,0,0
218001352,0,2,-2
218001353,0,0,0
218001354,0,1,-1
218001356,0,0,0
218001358,0,0,0
218001361,0,0,0
219000001,9,50,-41
219000002,34,66,-32
219000003,146,48,98
219000004,170,77,93
219000017,20,20,0
219000020,24,4,20
219000022,18,2,16
219000023,15,0,15
219000029,1,45,-44
219000034,0,0,0
219000039,40,29,11
219000040,8,18,-10
219000041,70,48,22
219000051,1,98,-97
219000052,1,28,-27
219000053,3,165,-162
219000054,22,170,-148
219000055,25,1,24
219000056,3,0,3
219000057,16,0,16
219000062,7,159,-152
219000063,22,14,8
219000064,1,31,-30
219000110,27,10,17
219000111,48,10,38
219000112,56,16,40
219000113,55,14,41
219000114,78,6,72
219000116,43,39,4
219000117,127,112,15
219000118,49,138,-89
219000123,151,73,78
219000124,31,31,0
219000125,2,25,-23
219000126,29,50,-21
219000127,0,14,-14
219000128,15,136,-121
219000129,23,165,-142
219000130,1691,715,976
219000131,1431,1401,30
219000133,34,70,-36
219000134,19,34,-15
219000135,168,125,43
219000136,239,234,5
219000138,5,22,-17
219000139,6,58,-52
219000140,0,0,0
219000141,1,73,-72
219000142,5,71,-66
219000143,8,82,-74
219000145,2,14,-12
219000146,10,42,-32
219000147,1,54,-53
219000148,0,44,-44
219000149,36,182,-146
219000150,5,136,-131
219000151,7,120,-113
219000157,96,72,24
219000158,58,237,-179
219000161,149,57,92
219000163,954,162,792
219000166,52,107,-55
219000167,36,239,-203
219000168,113,18,95
219000174,0,0,0
219000175,0,0,0
219000176,0,0,0
219000177,0,0,0
219000178,0,0,0
219000179,0,0,0
219000180,12,28,-16
219000182,0,0,0
219000183,1,24,-23
219000184,0,0,0
219000185,5,148,-143
219000186,0,37,-37
219000187,2,77,-75
219000189,74,139,-65
219000190,144,180,-36
219000191,1157,567,590
219000192,168,368,-200
219000193,485,234,251
219000195,0,47,-47
219000196,8,90,-82
219000198,5,104,-99
219000199,44,125,-81
219000200,28,122,-94
219000201,47,131,-84
219000203,8,100,-92
219000204,14,116,-102
219000205,27,184,-157
219000207,92,139,-47
219000209,33,54,-21
219000210,20,78,-58
219000213,7,159,-152
219000239,48,91,-43
219000240,28,183,-155
219000241,24,111,-87
219000242,33,95,-62
219000243,31,270,-239
219000244,3,88,-85
219000245,9,46,-37
219000246,0,0,0
219000247,0,0,0
219000248,0,0,0
219000249,0,0,0
219000250,0,0,0
219000251,0,0,0
219000252,0,0,0
219000253,0,0,0
219000255,0,0,0
219000256,0,0,0
219000257,0,0,0
219000262,43,324,-281
219000263,43,172,-129
219000267,1,98,-97
219000268,7,14,-7
219000269,0,0,0
219000270,0,0,0
219000271,105,5,100
219000278,2,10,-8
219000279,0,4,-4
219000283,1,5,-4
219000295,12,100,-88
219000296,46,395,-349
219000297,17,148,-131
219000298,9,217,-208
219000299,0,0,0
219000300,20,308,-288
219000301,54,257,-203
219000302,12,143,-131
219000307,17,64,-47
219000308,47,48,-1
219000311,0,0,0
219000312,0,0,0
219000313,0,0,0
219000314,134,507,-373
219000315,0,0,0
219000316,0,0,0
219000317,0,0,0
219000320,0,29,-29
219000321,0,11,-11
219000323,9,42,-33
219000325,2,42,-40
219000326,38,145,-107
219000327,40,19,21
219000328,14,31,-17
219000329,403,190,213
219000330,15,27,-12
219000331,23,37,-14
219000332,0,0,0
219000333,0,0,0
219000335,0,0,0
219000337,0,0,0
219000338,0,0,0
219000344,38,71,-33
219000345,61,145,-84
219000346,38,183,-145
219000348,72,102,-30
219000349,20,202,-182
219000350,15,84,-69
219000351,1,4,-3
219000352,82,66,16
219000353,73,63,10
219000354,91,131,-40
219000355,37,10,27
219000356,850,464,386
219000363,268,55,213
219000364,106,57,49
219000365,111,14,97
219000366,539,181,358
219000368,198,80,118
219000370,397,169,228
219000371,11,11,0
219000382,7,26,-19
219000383,607,456,151
219000385,595,342,253
219000386,669,791,-122
219000387,0,8,-8
219000390,0,0,0
219000391,0,0,0
219000397,54,98,-44
219000398,80,32,48
219000401,3,28,-25
219000402,11,53,-42
219000403,13,49,-36
219000404,5,19,-14
219000407,2,9,-7
219000409,0,0,0
219000410,0,0,0
219000411,0,0,0
219000446,195,378,-183
219000447,0,20,-20
219000448,0,0,0
219000452,0,0,0
219000453,36,52,-16
219000454,107,78,29
219000556,0,0,0
219000558,45,175,-130
219000590,4,98,-94
219000591,0,0,0
219000592,71,348,-277
219000595,0,23,-23
219000635,0,0,0
219000636,11,115,-104
219000657,9,12,-3
219000658,7,43,-36
219000673,1,43,-42
219000676,0,2,-2
219000679,12,32,-20
219000684,20,4,16
219000685,1,73,-72
219000686,7,0,7
219000688,1,182,-181
219000689,96,83,13
219000690,0,0,0
219000691,49,34,15
219000692,6,18,-12
219000693,0,14,-14
219000694,0,0,0
219000695,0,0,0
219000698,0,0,0
219000699,0,9,-9
219000727,2,157,-155
219000728,57,2,55
219000770,0,0,0
219000771,0,13,-13
219000788,122,82,40
219001150,6,3,3
219001151,0,4,-4
219001166,0,0,0
219001167,1,34,-33
219001178,26,2,24
220000001,4,19,-15
220000002,6,121,-115
220000003,164,198,-34
220000004,254,371,-117
220000005,841,970,-129
220000006,79,418,-339
220000007,183,615,-432
220000008,134,746,-612
220000009,195,380,-185
220000010,22,40,-18
220000011,146,127,19
220000012,10,18,-8
220000014,2,13,-11
220000015,0,0,0
220000017,5,113,-108
220000018,932,103,829
220000019,18,81,-63
220000020,64,181,-117
220000021,166,99,67
220000022,221,441,-220
220000023,80,150,-70
220000024,860,328,532
220000025,321,304,17
220000026,200,88,112
220000027,5,35,-30
220000028,10,29,-19
220000029,40,100,-60
220000030,23,54,-31
220000031,32,122,-90
220000064,0,0,0
221000046,14,0,14
221000047,0,0,0
221000048,0,0,0
221000049,0,8,-8
221000050,1,0,1
221000055,20,45,-25
221000057,5,3,2
221000068,92,24,68
221000069,48,9,39
221000070,26,7,19
221000071,7,4,3
221000072,41,4,37
221000073,14,35,-21
221000074,0,6,-6
221000075,1,16,-15
221000076,9,57,-48
221000077,15,109,-94
221000081,5,1,4
221000082,6,2,4
221000083,4,0,4
221000084,0,3,-3
221000085,10,68,-58
221000086,19,146,-127
221000087,5,141,-136
221000088,26,106,-80
221000089,40,163,-123
221000090,248,286,-38
221000098,12,5,7
221000099,15,1,14
221000100,7,1,6
221000101,42,20,22
221000102,29,2,27
221000109,4,90,-86
221000110,7,108,-101
221000111,6,131,-125
221000112,5,114,-109
221000113,13,193,-180
221000114,18,194,-176
221000120,0,4,-4
221000121,0,0,0
221000122,0,0,0
221000123,0,10,-10
221000124,2,85,-83
221000155,0,0,0
221000156,0,0,0
221000175,0,0,0
221000176,0,0,0
221000182,44,0,44
221000241,373,65,308
221000242,345,263,82
221000243,156,29,127
221000244,80,240,-160
221000245,19,61,-42
221000246,23,167,-144
221000247,11,68,-57
221000248,19,129,-110
221000267,5,234,-229
221000325,2,25,-23
221000331,0,11,-11
221000338,0,0,0
221000378,0,0,0
221000381,7,26,-19
222000282,0,0,0
222000296,0,2,-2
222000568,0,0,0
222000569,0,0,0
222000570,0,0,0
222000571,0,0,0
222000577,0,58,-58
222000578,0,27,-27
222000579,5,7,-2
222000580,22,132,-110
222000599,0,22,-22
222000600,1,34,-33
222000601,1,56,-55
222000603,0,1,-1
222000604,0,0,0
222000605,0,2,-2
222000606,1,0,1
222000607,0,0,0
222000608,0,0,0
222000609,0,0,0
222000616,0,0,0
222000617,0,0,0
222000618,0,0,0
222000620,0,0,0
222000621,0,0,0
222000623,0,0,0
222000624,0,0,0
222000625,0,11,-11
222000636,0,0,0
222000686,0,0,0
222000687,0,0,0
222001066,0,0,0
222001067,0,0,0
222001068,0,0,0
222001069,0,0,0
222001082,1,20,-19
222001083,0,16,-16
222001084,1,5,-4
222001085,0,40,-40
222001111,2,45,-43
222001112,0,0,0
222001313,0,0,0
222001314,0,6,-6
222001464,0,0,0
222001465,0,0,0
222001484,0,0,0
222001485,0,2,-2
222001494,0,0,0
222001495,0,0,0
222001496,0,0,0
222001497,0,0,0
222001502,28,153,-125
222001503,0,0,0
222001504,6,170,-164
222001505,0,0,0
222001506,5,172,-167
222001507,0,0,0
222001510,0,0,0
222001511,18,194,-176
222001514,0,0,0
222001515,75,411,-336
222001518,0,0,0
222001519,15,245,-230
222001527,0,0,0
222001528,37,101,-64
222001529,0,0,0
222001530,15,138,-123
222001533,75,375,-300
222001534,0,0,0
222001535,0,0,0
222001536,0,0,0
222001537,0,0,0
222001538,20,213,-193
222001563,0,0,0
222001564,11,506,-495
222001568,1,35,-34
222001576,0,0,0
222001579,0,0,0
222001583,0,0,0
222001584,0,0,0
222001596,59,543,-484
222001597,0,0,0
222001626,0,25,-25
222001650,0,39,-39
222001651,0,0,0
222001914,0,0,0
222001915,16,117,-101
222001968,0,0,0
222001969,0,0,0
222001970,0,0,0
222001971,0,0,0
222001972,0,16,-16
225000001,22,3,19
225000002,12,7,5
225000003,24,4,20
225000004,13,16,-3
225000005,1,3,-2
225000006,0,57,-57
225000007,2449,443,2006
225000010,70,1,69
225000011,0,0,0
225000012,0,0,0
225000013,0,0,0
225000014,0,0,0
225000015,54,135,-81
225000021,0,0,0
225000027,88,337,-249
225000032,0,0,0
225000042,22,499,-477
225000049,31,49,-18
225000050,41,4,37
225000053,3,104,-101
225000058,0,0,0
225000067,49,231,-182
225000068,32,472,-440
225000069,77,367,-290
225000070,51,377,-326
225000071,17,239,-222
225000075,20,470,-450
225000076,30,76,-46
225000078,0,0,0
225000085,0,0,0
225000086,0,0,0
225000087,0,0,0
225000088,3,62,-59
225000089,664,261,403
225000090,15,177,-162
225000091,18,139,-121
225000092,3,48,-45
225000093,47,377,-330
225000094,13,402,-389
225000095,142,468,-326
225000096,65,311,-246
225000098,28,3,25
225000099,6,14,-8
225000100,15,6,9
225000104,21,288,-267
225000110,6,291,-285
225000111,61,604,-543
225000112,55,617,-562
225000113,50,392,-342
225000114,32,177,-145
225000115,1923,223,1700
225000116,0,0,0
225000117,0,0,0
225000118,0,0,0
225000119,0,0,0
225000120,0,0,0
225000121,0,0,0
225000123,0,0,0
225000125,15,23,-8
225000126,202,6,196
225000127,317,34,283
225000128,21,16,5
225000132,65,35,30
225000133,75,27,48
225000134,158,27,131
225000135,34,8,26
225000136,50,9,41
225000137,38,11,27
225000138,103,11,92
225000143,39,85,-46
225000144,3,260,-257
225000145,0,0,0
225000146,12,93,-81
225000147,5,259,-254
225000148,1,138,-137
225000149,55,256,-201
225000151,51,104,-53
225000155,131,173,-42
225000156,37,250,-213
225000157,30,181,-151
225000158,25,302,-277
225000171,1,112,-111
225000180,26,0,26
225000181,1,21,-20
225000182,0,0,0
225000185,4,163,-159
225000187,46,262,-216
225000191,0,0,0
225000194,0,11,-11
225000208,0,39,-39
225000209,0,0,0
225000210,3,70,-67
225000217,1,9,-8
225000218,0,0,0
225000223,0,35,-35
225000224,0,0,0
225000225,0,3,-3
225000226,0,0,0
225000227,35,49,-14
225000228,0,0,0
225000229,0,48,-48
225000230,0,0,0
225000231,1,62,-61
225000232,0,0,0
225000241,0,0,0
225000242,0,38,-38
225000249,0,0,0
225000250,47,422,-375
225000251,96,16,80
225000254,0,1,-1
225000256,1,3,-2
225000257,1,1,0
226000042,117,256,-139
226000043,9,184,-175
226000044,72,534,-462
226000045,37,350,-313
226000046,84,26,58
226000047,64,24,40
226000048,113,18,95
226000049,93,24,69
226000070,0,46,-46
226000071,0,33,-33
226000072,0,4,-4
226000073,0,5,-5
226000074,0,11,-11
226000084,1,34,-33
226000085,0,9,-9
226000086,2,6,-4
226000087,1,8,-7
226000088,3,10,-7
226000090,4,1,3
226000091,0,0,0
226000092,0,0,0
226000093,1,0,1
226000094,1,0,1
226000095,1,1,0
226000105,0,0,0
226000106,2,0,2
226000107,0,0,0
226000108,1,0,1
226000109,8,1,7
226000124,81,15,66
226000134,191,125,66
226000135,423,248,175
226000136,57,64,-7
226000137,15,283,-268
226000138,2,162,-160
226000139,0,14,-14
226000156,12,1,11
226000157,32,1,31
226000163,16,35,-19
226000202,1,219,-218
226000231,17,1,16
226000232,3,0,3
227000033,0,0,0
227000036,0,0,0
227000037,0,0,0
227000038,0,0,0
227000084,0,21,-21
227000085,1,18,-17
227000088,0,0,0
227000089,0,0,0
227000090,0,0,0
227000091,0,0,0
227000092,0,0,0
227000093,0,0,0
227000094,5,3,2
227000130,3,56,-53
227000131,7,239,-232
227000132,4,195,-191
227000133,3,208,-205
227000134,4,301,-297
227000152,0,1,-1
227000153,0,38,-38
227000154,0,13,-13
227000155,0,13,-13
227000156,0,17,-17
227000165,0,22,-22
227000196,35,168,-133
227000199,6,309,-303
227000230,23,323,-300
227000232,0,0,0
227000242,38,333,-295
227000243,0,0,0
227000245,32,386,-354
227000246,64,460,-396
227000247,0,0,0
227000248,0,0,0
227000249,20,302,-282
227000250,6,2,4
227000251,112,292,-180
227000252,13,479,-466
227000253,0,0,0
227000262,0,0,0
227000266,0,0,0
227000267,25,1247,-1222
227000282,31,115,-84
227000284,0,0,0
227000286,24,60,-36
227000287,26,87,-61
227000291,48,351,-303
227000296,0,0,0
227000484,0,0,0
227000485,44,498,-454
227000655,0,0,0
227000656,0,0,0
227000657,0,0,0
227000661,0,0,0
229000265,0,12,-12
229000296,0,6,-6
229000297,3,15,-12
229000298,12,45,-33
229000320,0,0,0
229000321,0,0,0
229000412,4,31,-27
229000414,0,28,-28
229000415,0,0,0
229000416,0,1,-1
229000417,1,3,-2
229000419,23,117,-94
229000440,39,11,28
229000442,1,1,0
229000443,0,0,0
229000444,0,8,-8
229000445,1,0,1
229000446,1,4,-3
229000491,6,48,-42
229000492,20,128,-108
229000493,2,95,-93
229000494,49,41,8
229000495,170,153,17
229000496,19,133,-114
229000507,1,31,-30
229000508,5,22,-17
229000509,1,67,-66
229000510,0,34,-34
229000511,1,47,-46
229000512,0,29,-29
229000513,0,7,-7
229000514,1,5,-4
229000517,0,8,-8
229000518,1,35,-34
229000519,0,17,-17
229000520,8,49,-41
229000521,27,62,-35
229000522,2,36,-34
229000523,10,27,-17
229000524,6,20,-14
229000527,3,8,-5
229000528,0,3,-3
229000529,15,2,13
229000530,70,43,27
229000531,18,31,-13
229000532,21,28,-7
229000533,296,91,205
229000534,74,27,47
229000564,106,24,82
229000565,14,5,9
229000566,0,49,-49
229000567,0,153,-153
229000582,263,27,236
229000583,12,14,-2
229000584,2,59,-57
229000585,15,63,-48
229000718,0,0,0
229000719,0,0,0
229000720,0,25,-25
229000721,0,17,-17
229000722,0,36,-36
229000723,0,11,-11
229000724,0,0,0
229000725,0,18,-18
229000738,7,0,7
229000739,1,0,1
229000740,7,0,7
229000741,46,1,45
229000742,23,3,20
229000743,53,1,52
229000744,22,2,20
229000745,1,0,1
229000746,91,3,88
229000847,37,2,35
229000848,35,2,33
229000849,317,7,310
229000851,18,0,18
229000854,1,43,-42
229000856,1,109,-108
229000857,0,19,-19
229000858,2,74,-72
229000919,3,99,-96
229000930,1,116,-115
229000937,325,33,292
229000966,91,31,60
229000981,15,42,-27
229000985,1,12,-11
229000986,0,3,-3
229000987,0,0,0
229000988,0,0,0
229000989,0,2,-2
229000990,0,0,0
229000991,0,0,0
229000992,1,0,1
229000993,15,2,13
229000998,7,13,-6
229000999,8,1,7
229001034,0,8,-8
229001035,0,1,-1
229001037,4,4,0
229001042,3,2,1
229001047,0,15,-15
229001050,0,41,-41
229001168,0,8,-8
229001200,0,0,0
229001338,0,21,-21
229001394,244,6,238
229001422,392,41,351
229001423,25,99,-74
229001431,249,56,193
229001432,35,52,-17
229001444,18,5,13
229001445,2,103,-101
229001479,8,17,-9
229001503,315,120,195
229001504,58,113,-55
229001505,397,62,335
229001506,39,127,-88
229001509,2,24,-22
229001545,130,17,113
229001546,8,67,-59
229001553,89,11,78
229001554,5,102,-97
229001630,10,1,9
229001631,10,19,-9
229001635,0,6,-6
229001636,0,0,0
229001658,1,48,-47
229001659,211,12,199
229001660,1,1,0
229001661,1,6,-5
229001662,18,0,18
229001663,0,19,-19
229002584,24,11,13
229002831,42,44,-2
229002841,1,12,-11
229002842,0,3,-3
229002843,3,1,2
229002844,3,41,-38
229002845,0,37,-37
229002846,1,4,-3
229002847,0,7,-7
229002848,0,2,-2
229002849,0,15,-15
229002850,1,0,1
229002851,2,17,-15
229002852,6,3,3
229002853,15,1,14
229002854,1,25,-24
229002855,0,19,-19
229002856,1,1,0
229002857,0,25,-25
229002858,0,0,0
229002859,4,5,-1
229002860,4,1,3
229002861,0,7,-7
229002862,1,2,-1
229002863,16,8,8
229002864,0,10,-10
229002865,0,2,-2
229002866,0,1,-1
229002867,0,6,-6
229002868,0,0,0
229002869,0,36,-36
229002870,0,0,0
235000066,0,0,0
235000067,0,0,0
235000072,31,82,-51
235000073,33,232,-199
235000074,18,66,-48
235000080,5,52,-47
235000081,26,112,-86
235000082,0,0,0
235000083,0,0,0
235000084,0,0,0
235000085,0,0,0
235000089,0,0,0
235000092,12,172,-160
235000093,3,1,2
235000097,0,0,0
235000098,0,0,0
235000099,0,0,0
235000116,0,0,0
235000117,0,0,0
235000133,7,148,-141
235000134,4,70,-66
235000206,1,0,1
235000207,0,1,-1
235000208,0,0,0
235000209,0,0,0
235000210,0,0,0
235000212,0,9,-9
235000213,1,2,-1
235000220,0,1,-1
235000221,4,9,-5
235000238,1,1,0
235000239,0,0,0
235000242,19,9,10
235000245,562,177,385
235000246,3,56,-53
235000284,0,39,-39
235000295,0,0,0
235000305,0,0,0
235000306,0,0,0
235000307,0,0,0
235000308,0,0,0
235000309,0,0,0
235000310,0,0,0
235000311,0,2,-2
235000322,0,5,-5
235000323,1,16,-15
235000324,0,8,-8
235000325,1,5,-4
235000326,3,132,-129
235000351,1,30,-29
235000352,1,30,-29
235000353,0,31,-31
235000354,0,32,-32
235000355,2,54,-52
235000356,0,0,0
235000357,0,0,0
235000358,0,0,0
235000359,0,0,0
235000360,0,0,0
235000361,0,0,0
235000381,29,175,-146
235000382,0,0,0
235000390,0,0,0
235000391,0,0,0
235000392,0,0,0
235000393,0,0,0
235000395,0,0,0
235000396,0,0,0
235000400,0,0,0
235000401,10,93,-83
235000405,49,332,-283
235000406,10,189,-179
235000407,34,121,-87
235000409,108,103,5
235000410,20,143,-123
235000411,0,43,-43
235000485,0,17,-17
235000486,0,0,0
235000549,0,0,0
235000550,59,156,-97
235000599,79,115,-36
235000600,4,8,-4
235000601,0,0,0
235000602,0,0,0
235000614,0,1,-1
235000648,1,51,-50
235000649,0,0,0
235000685,1,1,0
235000815,1,34,-33
235000834,0,1,-1
235000855,0,0,0
235000862,7,98,-91
235000891,0,11,-11
235000892,0,0,0
235000901,93,95,-2
235000907,1,2,-1
235001010,0,0,0
235001029,433,212,221
235001030,0,0,0
235001078,0,0,0
235001079,25,63,-38
235001147,0,0,0
235001166,0,0,0
235001167,10,55,-45
235001169,7,184,-177
235001188,0,2,-2
235001189,0,0,0
235001197,2,7,-5
235001200,17,53,-36
235001207,0,0,0
235001210,9,68,-59
235001215,25,71,-46
235001239,0,43,-43
235001244,0,0,0
235016267,1,6,-5
277101746,0,44,-44
277102712,0,0,0
277103813,0,0,0
277103814,0,1,-1
277103898,0,3,-3
277104249,0,3,-3
277104250,0,0,0
277104251,0,5,-5
277104252,0,0,0
990011530,0,173,-173
990014944,1,313,-312
990015176,0,0,0
990015618,1,68,-67
990016032,0,149,-149
990032570,2,58,-56
990070001,0,0,0
990070103,0,3,-3
990070601,0,24,-24
990070751,0,0,0
990070766,0,165,-165
990071180,2,76,-74
990071343,0,0,0
990071387,0,1,-1
990071823,0,0,0
990072600,2,363,-361
990072964,2,295,-293
990073285,0,0,0
990074393,0,283,-283
990074870,0,0,0
990075106,23,29,-6
990075746,0,1,-1
990076437,0,2,-2
990076458,2,609,-607
997000007,0,1,-1
997000041,0,76,-76
997000058,0,1,-1
997000062,0,1,-1
997000069,0,7,-7
997000070,0,46,-46
997000100,0,0,0
997000141,0,5,-5
997000198,0,0,0
998000475,0,1,-1
998000736,0,100,-100
998000965,0,0,0
998001031,0,34,-34
998001700,0,15,-15
998001899,0,1,-1
998001900,67,14,53
998003073,0,3,-3
998101900,0,0,0
998102850,0,2,-2
998501927,0,210,-210
998501929,4,3,1
998501930,16,0,16
998501931,12,1,11
998501932,21,0,21
998501933,0,0,0
998501937,0,1,-1
998501944,0,1,-1
998501970,6,18,-12
998501971,0,86,-86
998501973,0,25,-25
998501974,0,123,-123
998501975,0,1,-1
998501976,1,0,1
998501977,0,11,-11
998501978,0,0,0
998501979,1,31,-30
998501980,1,0,1
998501981,0,0,0
998501982,0,115,-115
998501983,0,0,0
998502006,0,0,0
998502024,0,2,-2
998502032,0,1,-1
998502062,11,9,2
998502063,0,0,0
998502173,0,0,0
998502269,0,1,-1
998601159,0,79,-79
998601292,0,2,-2
999033574,3,589,-586
999800001,0,0,0
999800002,0,1,-1
999800003,0,2,-2
999800004,0,7,-7
999800005,0,18,-18
