ID,insum,outsum,diff
100000001,360,277,83
100000002,869,274,595
100000003,4837,942,3895
100000004,753,190,563
100000005,697,1035,-338
100000006,65,34,31
100000007,164,133,31
100000008,49,394,-345
100000009,70,73,-3
100000010,2,15,-13
100000011,44,24,20
100000012,23,549,-526
100000013,7,115,-108
100000014,101,301,-200
100000015,185,273,-88
100000016,373,952,-579
100000017,203,844,-641
100000018,444,347,97
100000019,2605,856,1749
100000020,586,963,-377
100000021,5287,1182,4105
100000022,432,386,46
100000023,3657,502,3155
100000025,1726,292,1434
100000028,714,462,252
100000029,108,96,12
100000030,345,16,329
100000031,1994,1549,445
100000032,1498,1692,-194
100000033,234,1103,-869
100000034,643,240,403
100000035,554,311,243
100000036,996,456,540
100000037,146,194,-48
100000038,358,334,24
100000039,217,75,142
100000040,199,35,164
100000041,149,130,19
100000042,113,154,-41
100000043,101,126,-25
100000044,183,476,-293
100000045,165,1094,-929
100000046,253,1013,-760
100000047,248,730,-482
100000048,402,722,-320
100000049,1004,2208,-1204
100000051,131,1024,-893
100000053,8,0,8
100000054,43,6,37
100000055,121,262,-141
100000056,96,273,-177
100000057,570,355,215
100000058,429,1230,-801
100000059,0,109,-109
100000060,79,199,-120
100000061,418,271,147
100000062,229,233,-4
100000063,148,135,13
100000064,240,301,-61
100000065,163,1290,-1127
100000066,78,856,-778
100000067,108,682,-574
100000068,277,1093,-816
100000069,147,1131,-984
100000072,208,1105,-897
100000073,500,1162,-662
100000075,183,237,-54
100000076,629,793,-164
100000077,307,28,279
100000078,104,8,96
100000079,35,8,27
100000080,6,2,4
100000081,8,9,-1
100000102,586,556,30
100000103,1584,454,1130
100000104,2230,645,1585
100000105,2126,261,1865
100000106,918,580,338
100000107,157,122,35
100000108,481,970,-489
100000109,2402,841,1561
100000116,652,242,410
100000117,13,7,6
100000118,857,524,333
100000119,314,597,-283
100000121,108,407,-299
100000122,243,466,-223
100000123,2506,2537,-31
100000124,7238,2799,4439
100000125,2004,309,1695
100000126,197,153,44
100000127,605,207,398
100000128,705,579,126
100000129,234,294,-60
100000130,204,406,-202
100000131,4345,1910,2435
100000132,1584,679,905
100000133,9212,2182,7030
100000135,154,319,-165
100000139,69,410,-341
100000140,177,165,12
100000142,84,155,-71
100000143,473,621,-148
100000144,2967,826,2141
100000147,478,1002,-524
100000150,15,298,-283
100000151,165,265,-100
100000153,219,119,100
100000154,31,64,-33
100000155,1,1,0
100000156,28,8,20
100000157,22,85,-63
100000158,21,111,-90
100000159,89,164,-75
100000165,670,476,194
100000169,271,123,148
100000174,892,176,716
100000179,18,369,-351
100000180,622,1051,-429
100000181,39,319,-280
100000188,72,256,-184
100000189,253,169,84
100000190,161,170,-9
100000191,302,174,128
100000192,57,16,41
100000193,12,62,-50
100000330,1422,388,1034
100000355,30,421,-391
100000362,2826,2439,387
100000363,682,1442,-760
100000364,355,388,-33
100000365,2284,4671,-2387
100000366,3479,2106,1373
100000367,1476,2148,-672
100000368,1139,1249,-110
100000369,228,597,-369
100000370,32,167,-135
100000376,24,72,-48
100000379,811,554,257
100000380,976,718,258
100000384,3233,1184,2049
100000385,2524,1889,635
100000386,4288,1075,3213
100000387,4262,1777,2485
100000388,10479,1584,8895
100000389,8476,1571,6905
100000390,8911,1577,7334
100000391,4854,1526,3328
100000392,1900,585,1315
100000393,616,497,119
100000394,3730,1499,2231
100000395,1573,478,1095
100000396,2514,973,1541
100000397,1287,520,767
100000398,9371,6102,3269
100900002,0,0,0
100900003,28,42,-14
100900004,26,1181,-1155
100900005,16,1,15
100900006,0,0,0
100900007,15,1,14
100900008,3,604,-601
100900009,16,11,5
100900010,0,0,0
100900011,8,275,-267
100900012,0,304,-304
100900013,140,9,131
100900014,0,0,0
100900015,54,40,14
100900016,1,19,-18
100900017,114,50,64
100900018,0,0,0
100900019,0,0,0
100900020,38,0,38
100900021,631,1,630
100900022,0,0,0
100900023,0,0,0
100900024,21,0,21
100900025,0,0,0
100900026,1,109,-108
100900027,265,1212,-947
100900028,15,78,-63
100900029,40,5,35
100900030,0,8,-8
100900031,82,14,68
100900032,30,0,30
100900033,74,32,42
100900034,46,0,46
100900035,12,0,12
100900036,0,0,0
100900037,5,230,-225
100900038,7,7,0
100900039,114,530,-416
100900040,59,906,-847
100900041,30,900,-870
100900042,125,33,92
100900043,0,0,0
100900044,1176,145,1031
100900045,1,1,0
100900046,424,5,419
100900047,1,4,-3
100900048,2,0,2
100900049,5,140,-135
100900050,0,9,-9
100900051,9,19,-10
100900052,35,3,32
100900053,57,24,33
100900054,0,100,-100
100900055,40,48,-8
100900056,1,7,-6
100900057,190,180,10
100900058,13,16,-3
100900059,5,1,4
100900060,24,13,11
100900061,90,130,-40
100900062,0,17,-17
100900063,24,125,-101
100900064,334,7,327
100900065,8,3,5
100900066,3,8,-5
100900067,0,0,0
100900068,3,96,-93
100900069,23,0,23
100900070,39,0,39
100900071,217,120,97
100900072,0,30,-30
100900073,6,315,-309
100900074,0,3,-3
100900075,2992,157,2835
100900076,2,10,-8
100900077,0,0,0
100900078,17,21,-4
100900079,0,17,-17
100900080,0,0,0
100900081,0,10,-10
100900082,3,516,-513
100900083,0,21,-21
100900085,0,20,-20
100900086,16,195,-179
100900088,8,391,-383
100900089,0,17,-17
100900090,24,309,-285
100900091,0,0,0
100900092,20,40,-20
100900093,48,58,-10
100900094,31,498,-467
100900095,3,13,-10
100900096,3,104,-101
100900097,0,0,0
100900098,0,27,-27
100900099,3,325,-322
100900100,1,46,-45
100900101,156,3,153
100900102,2,6,-4
100900103,0,8,-8
100900104,7,83,-76
100900105,3,13,-10
100900106,11,1,10
100900107,1080,150,930
100900108,0,0,0
100900109,0,6,-6
100900110,0,0,0
100900111,18,62,-44
100900112,0,0,0
100900113,0,33,-33
100900114,0,7,-7
100900115,0,0,0
100900116,249,87,162
100900117,75,107,-32
100900118,1,23,-22
100900119,0,16,-16
100900120,0,0,0
100900121,146,38,108
100900122,105,144,-39
100900123,3,16,-13
100900124,0,4,-4
100900125,3,53,-50
100900126,3,19,-16
100900127,1,0,1
100900128,57,106,-49
100900129,0,23,-23
100900131,12,30,-18
100900133,1,13,-12
100900134,0,1,-1
100900135,0,29,-29
100900137,253,110,143
100900138,50,48,2
100900139,0,4,-4
100900140,3,757,-754
100900141,0,75,-75
100900142,0,0,0
100900143,527,150,377
100900144,12,0,12
100900145,1,44,-43
100900146,0,4,-4
100900147,2,117,-115
100900148,10,805,-795
100900149,1,5,-4
100900150,0,2,-2
100900151,42,444,-402
100900152,0,0,0
100900153,2,84,-82
100900154,1,2,-1
100900155,0,3,-3
100900156,0,0,0
100900157,1,42,-41
100900158,985,228,757
100900159,0,0,0
100900160,0,3,-3
100900161,0,0,0
100900162,8,77,-69
100900163,25,119,-94
100900164,0,3,-3
100900165,10,21,-11
100900166,0,0,0
100900167,5,71,-66
100900168,1,25,-24
100900169,156,1457,-1301
100900170,0,0,0
100900171,13,845,-832
100900172,0,5,-5
100900173,2,458,-456
100900174,2,1,1
100900176,518,16,502
100900177,743,80,663
100900178,4,76,-72
100900179,29,8,21
100900180,0,0,0
100900181,0,0,0
100900182,0,0,0
100900184,0,0,0
100900186,555,192,363
100900187,2,107,-105
100900188,37,7,30
100900189,284,45,239
100900191,876,239,637
100900192,61,102,-41
100900195,19,101,-82
100900197,0,0,0
100900198,3,84,-81
100900199,0,0,0
100900200,299,239,60
100900201,10,863,-853
100900202,0,0,0
100900203,0,32,-32
100900204,147,67,80
100900205,56,99,-43
100900206,29,7,22
100900207,48,44,4
100900210,37,930,-893
100900211,91,16,75
100900213,10,5,5
100900214,726,24,702
100900215,1,8,-7
101000001,3188,1217,1971
101000002,2015,1100,915
101000003,511,718,-207
101000004,7181,2333,4848
101000005,4750,2879,1871
101000006,5992,3816,2176
101000007,2034,1721,313
101000008,2033,1357,676
101000009,988,1890,-902
101000010,432,1022,-590
101000011,1443,337,1106
101000012,654,210,444
101000013,333,326,7
101000014,205,211,-6
101000015,399,603,-204
101000016,104,216,-112
101000017,212,338,-126
101000018,1970,1667,303
101000020,2520,658,1862
101000021,393,153,240
101000022,593,60,533
101000023,1034,623,411
101000025,60,112,-52
101000026,240,14,226
101000027,986,969,17
101000028,80,69,11
101000029,4,219,-215
101000030,467,67,400
101000031,200,97,103
101000032,2449,1156,1293
101000033,1648,729,919
101000034,1167,562,605
101000035,1010,226,784
101000036,607,236,371
101000037,2135,505,1630
101000039,1788,349,1439
101000040,2814,1009,1805
101000041,4809,816,3993
101000042,420,212,208
101000043,6784,1000,5784
101000045,526,72,454
101000046,1648,623,1025
101000047,597,701,-104
101000048,338,216,122
101000049,336,244,92
101000050,1657,595,1062
101000051,3387,619,2768
101000052,992,315,677
101000053,465,548,-83
101000054,1160,844,316
101000055,1286,523,763
101000056,64,26,38
101000057,2286,331,1955
101000058,1160,298,862
101000059,1431,471,960
101000060,1300,105,1195
101000061,360,136,224
101000062,1047,181,866
101000063,97,62,35
101000064,697,171,526
101000065,43,186,-143
101000066,51,20,31
101000067,366,200,166
101000068,106,69,37
101000069,209,34,175
101000070,1676,518,1158
101000071,1412,365,1047
101000072,1079,1573,-494
101000073,180,99,81
101000074,3478,964,2514
101000075,6720,2075,4645
101000077,788,612,176
101000078,843,920,-77
101000079,237,1598,-1361
101000080,481,1468,-987
101000081,536,679,-143
101000082,2728,1533,1195
101000083,857,682,175
101000084,852,922,-70
101000085,942,481,461
101000086,1002,694,308
101000087,637,789,-152
101000088,432,459,-27
101000089,406,662,-256
101000090,1770,838,932
101000091,157,802,-645
101000092,587,754,-167
101000093,877,519,358
101000094,356,711,-355
101000095,123,616,-493
101000096,96,377,-281
101000097,103,136,-33
101000098,143,348,-205
101000099,676,654,22
101000100,601,350,251
101000101,144,184,-40
101000102,326,163,163
101000103,444,334,110
101000104,94,151,-57
101000105,284,60,224
101000106,108,125,-17
101000107,49,140,-91
101000108,911,222,689
101000109,51,35,16
101000110,13,465,-452
101000111,37,99,-62
101000113,67,197,-130
101000114,1481,744,737
101000115,16,56,-40
101000116,10,32,-22
101000117,19,122,-103
101000119,173,41,132
101000120,138,11,127
101000121,24,6,18
101000122,50,13,37
101000123,14,54,-40
101000124,374,799,-425
101000125,152,256,-104
101000128,495,180,315
101000130,327,157,170
101000131,364,473,-109
101000132,183,1342,-1159
101000135,40,6,34
101000136,203,126,77
101000137,26,162,-136
101000141,1522,595,927
101000147,360,367,-7
101000148,2402,15,2387
101000149,8,3,5
101000150,15,846,-831
101000151,32,53,-21
101000152,231,281,-50
101000153,370,382,-12
101000154,61,1658,-1597
101000155,52,78,-26
101000156,12,131,-119
101000157,24,12,12
101000160,3,50,-47
101000163,2,0,2
101000164,269,194,75
101000165,192,130,62
101000166,122,289,-167
101000168,260,163,97
101000252,333,331,2
101000254,219,13,206
101000258,38,22,16
101000261,140,216,-76
101000262,156,466,-310
101000263,46,406,-360
101000265,14,241,-227
101000266,183,116,67
101000269,122,14,108
101000290,678,749,-71
101000293,6,29,-23
101000294,279,359,-80
101000295,69,279,-210
101000301,383,92,291
101000304,1167,1413,-246
101000305,1212,995,217
101900001,15,18,-3
101900002,0,5,-5
101900003,28,84,-56
101900004,3,32,-29
101900005,4508,534,3974
101900006,317,4,313
101900007,188,11,177
101900008,36,25,11
101900009,19,35,-16
101900010,526,143,383
101900011,134,73,61
101900012,3,16,-13
101900013,822,20,802
101900017,8,24,-16
101900018,1039,46,993
101900019,51,51,0
101900020,134,63,71
101900021,0,6,-6
101900022,5,872,-867
101900023,4,144,-140
102000001,924,2339,-1415
102000002,1381,796,585
102000003,2458,2021,437
102000004,5719,1240,4479
102000005,897,1402,-505
102000006,1124,595,529
102000007,1324,2673,-1349
102000008,5463,997,4466
102000009,4286,3970,316
102000010,5202,1826,3376
102000011,1388,1321,67
102000012,1679,1977,-298
102000018,2395,869,1526
102000019,1635,477,1158
102000026,149,139,10
102000029,347,100,247
102000030,40,104,-64
102000031,9,153,-144
102000032,142,204,-62
102000033,43,254,-211
102000034,274,186,88
102000035,600,250,350
102000036,0,72,-72
102000037,115,58,57
102000038,47,34,13
102000039,8,15,-7
102000040,204,37,167
102000041,40,63,-23
102000042,33,33,0
102000043,66,157,-91
102000044,68,302,-234
102000045,406,606,-200
102000046,493,213,280
102000047,369,642,-273
102000048,70,292,-222
102000049,310,251,59
102000050,421,685,-264
102000051,206,234,-28
102000052,629,638,-9
102000053,203,411,-208
102000054,130,370,-240
102000055,313,581,-268
102000056,205,467,-262
102000057,579,131,448
102000058,643,950,-307
102000059,487,901,-414
102000060,278,277,1
102000061,478,2034,-1556
102000062,270,530,-260
102000063,670,848,-178
102000064,339,421,-82
102000065,26,87,-61
102000066,714,870,-156
102000067,1877,1572,305
102000068,4641,1568,3073
102000069,9,719,-710
102000070,2374,68,2306
102000071,4225,6747,-2522
102000072,2372,3821,-1449
102000073,162,604,-442
102000074,172,830,-658
102000075,19,186,-167
102000076,45,464,-419
102000077,129,964,-835
102000078,233,939,-706
102000079,43,212,-169
102000080,112,164,-52
102000081,93,522,-429
102000082,312,229,83
102000083,109,529,-420
102000084,47,222,-175
102000085,1132,953,179
102000086,657,715,-58
102000087,443,1418,-975
102000088,99,182,-83
102000089,257,392,-135
102000090,200,664,-464
102000091,668,271,397
102000092,365,449,-84
102000093,296,304,-8
102000094,380,94,286
102000095,526,846,-320
102000096,838,278,560
102000097,1667,1087,580
102000098,286,696,-410
102000099,833,316,517
102000100,250,263,-13
102000101,522,182,340
102000102,282,324,-42
102000103,749,181,568
102000104,903,295,608
102000105,80,720,-640
102000106,192,936,-744
102000107,169,299,-130
102000108,270,315,-45
102000109,123,418,-295
102000110,163,792,-629
102000111,1,126,-125
102000112,73,52,21
102000113,4,45,-41
102000114,525,140,385
102000115,150,96,54
102000116,39,129,-90
102000117,50,383,-333
102000118,659,588,71
102000119,1575,304,1271
102000120,39,242,-203
102000121,327,327,0
102000122,106,381,-275
102000123,885,480,405
102000124,650,408,242
102000125,395,308,87
102000126,257,452,-195
102000127,431,337,94
102000128,291,657,-366
102000129,321,528,-207
102000130,176,478,-302
102000131,306,398,-92
102000132,137,223,-86
102000133,839,2133,-1294
102000134,288,459,-171
102000135,890,314,576
102000136,628,128,500
102000137,672,474,198
102000138,174,324,-150
102000139,27,258,-231
102000140,128,237,-109
102000141,80,485,-405
102000142,79,270,-191
102000143,15,391,-376
102000144,30,337,-307
102000145,50,184,-134
102000146,196,228,-32
102000147,152,184,-32
102000148,61,179,-118
102000149,74,439,-365
102000150,49,164,-115
102000151,37,264,-227
102000152,42,116,-74
102000153,311,127,184
102000154,174,321,-147
102000155,41,168,-127
102000156,153,30,123
102000157,24,95,-71
102000158,105,78,27
102000159,1468,62,1406
102000161,3089,434,2655
102000162,161,60,101
102000163,50,130,-80
102000164,593,206,387
102000165,173,87,86
102000166,9,36,-27
102000167,66,145,-79
102000168,65,50,15
102000169,40,136,-96
102000170,557,62,495
102000171,51,39,12
102000172,2,84,-82
102000173,119,91,28
102000174,13,70,-57
102000175,33,57,-24
102000176,4,17,-13
102000178,62,438,-376
102000179,41,136,-95
102000180,202,442,-240
102000181,83,581,-498
102000182,171,694,-523
102000183,460,839,-379
102000184,380,924,-544
102000185,399,542,-143
102000186,230,1763,-1533
102000187,158,1572,-1414
102000188,103,605,-502
102000189,2833,684,2149
102000190,308,878,-570
102000191,789,209,580
102000192,345,704,-359
102000193,7,146,-139
102000194,60,111,-51
102000195,154,483,-329
102000196,31,426,-395
102000197,105,468,-363
102000198,49,793,-744
102000199,141,339,-198
102000200,84,856,-772
102000201,154,388,-234
102000202,0,106,-106
102000203,50,297,-247
102000204,78,486,-408
102000205,215,315,-100
102000206,186,617,-431
102000207,140,199,-59
102000208,100,412,-312
102000209,7,43,-36
102000210,36,581,-545
102000211,77,454,-377
102000212,14,10,4
102000213,4,369,-365
102000214,34,5,29
102000215,4,513,-509
102000216,6,11,-5
102000217,8,183,-175
102000218,23,8,15
102000219,200,379,-179
102000225,140,55,85
102000226,1601,82,1519
102000227,22,1,21
102000228,1,117,-116
102000229,6,24,-18
102000230,48,285,-237
102000231,111,254,-143
102000232,1,64,-63
102000233,211,323,-112
102000234,24,330,-306
102000236,263,46,217
102000237,146,126,20
102000238,82,131,-49
102000240,324,440,-116
102000241,221,54,167
102000243,2,27,-25
102000245,8,18,-10
102000246,9,15,-6
102000247,104,413,-309
102000248,91,246,-155
102000249,66,98,-32
102000250,11,311,-300
102000254,10,288,-278
102000266,27,142,-115
102000271,1,0,1
102000286,293,146,147
102000297,684,369,315
102000299,0,1,-1
102000301,0,0,0
102000302,0,0,0
102000303,0,0,0
102000305,0,0,0
102000307,0,10,-10
102000308,0,2,-2
102900001,263,211,52
102900002,81,12,69
102900003,2,241,-239
102900005,55,72,-17
102900006,103,54,49
102900007,103,7,96
102900008,34,16,18
102900009,0,0,0
102900010,108,246,-138
102900011,1733,142,1591
102900012,118,59,59
102900013,0,0,0
102900015,244,72,172
102900016,0,0,0
102900017,0,0,0
102900018,0,0,0
102900019,57,171,-114
102900020,11,20,-9
102900021,0,0,0
102900022,202,44,158
102900023,0,0,0
102900024,5,23,-18
102900025,0,0,0
102900026,203,339,-136
102900027,14,20,-6
102900028,58,76,-18
102900029,24,48,-24
102900030,36,72,-36
102900031,30,56,-26
102900032,1,125,-124
102900033,0,0,0
102900034,43,27,16
102900035,31,407,-376
102900036,48,420,-372
102900037,259,469,-210
102900038,204,299,-95
102900039,11,195,-184
102900040,80,106,-26
102900041,22,111,-89
102900042,64,303,-239
102900043,43,232,-189
102900044,180,1570,-1390
102900045,33,416,-383
102900046,26,279,-253
102900047,36,456,-420
102900048,248,633,-385
102900049,25,260,-235
102900050,124,277,-153
102900051,91,130,-39
102900052,0,0,0
102900053,109,451,-342
102900054,274,363,-89
102900055,0,0,0
102900056,61,257,-196
102900057,0,0,0
102900058,174,20,154
102900059,0,0,0
102900060,37,233,-196
102900061,72,357,-285
102900062,23,1346,-1323
102900063,140,137,3
102900064,39,97,-58
102900065,319,240,79
102900066,81,4,77
102900068,29,47,-18
102900070,56,528,-472
102900072,5,7,-2
102900073,43,16,27
102900074,89,32,57
102900075,0,0,0
102900076,0,0,0
102900077,0,0,0
102900078,0,0,0
102900079,65,4,61
102900080,32,15,17
102900081,47,149,-102
102900082,8,179,-171
102900083,0,0,0
102900084,0,1,-1
102900085,0,0,0
102900086,0,0,0
102900087,15,75,-60
102900088,4,27,-23
102900089,151,77,74
102900090,3,459,-456
102900091,10,0,10
102900092,57,581,-524
102900093,110,81,29
102900094,0,37,-37
102900095,13,2,11
102900096,5,3,2
102900097,131,584,-453
103000001,1291,1602,-311
103000002,971,1178,-207
103000003,1904,1634,270
103000004,610,543,67
103000005,1260,1024,236
103000006,261,624,-363
103000007,164,480,-316
103000008,309,785,-476
103000009,272,521,-249
103000010,48,94,-46
103000011,1167,696,471
103000012,637,519,118
103000013,5917,1431,4486
103000014,749,706,43
103000015,1849,713,1136
103000016,208,371,-163
103000017,25,90,-65
103000018,625,259,366
103000019,49,52,-3
103000020,797,911,-114
103000021,439,480,-41
103000022,489,984,-495
103000023,192,528,-336
103000024,94,94,0
103000025,23,55,-32
103000026,1480,52,1428
103000027,127,66,61
103000028,714,171,543
103000029,529,73,456
103000030,1967,363,1604
103000031,809,559,250
103000032,971,1044,-73
103000033,1532,1205,327
103000034,1255,575,680
103000035,272,459,-187
103000036,337,183,154
103000037,516,275,241
103000038,397,403,-6
103000039,56,307,-251
103000040,112,828,-716
103000041,806,2163,-1357
103000042,239,517,-278
103000043,124,935,-811
103000044,95,154,-59
103000046,124,157,-33
103000047,160,386,-226
103000048,97,93,4
103000049,57,81,-24
103000050,205,546,-341
103000051,149,317,-168
103000052,406,337,69
103000053,43,217,-174
103000054,971,518,453
103000055,669,830,-161
103000056,238,1220,-982
103000057,282,202,80
103000058,138,627,-489
103000059,169,488,-319
103000060,464,609,-145
103000061,168,412,-244
103000062,373,600,-227
103000063,328,485,-157
103000064,41,255,-214
103000065,4,220,-216
103000066,24,7,17
103000069,50,288,-238
103000070,274,974,-700
103000071,308,158,150
103000072,46,977,-931
103000073,107,128,-21
103000074,125,30,95
103000075,72,1051,-979
103000076,58,72,-14
103000077,9,364,-355
103000078,481,91,390
103000079,1063,234,829
103000080,303,93,210
103000081,241,369,-128
103000082,172,96,76
103000083,28,304,-276
103000084,0,0,0
103000085,0,51,-51
103000086,152,122,30
103000087,48,300,-252
103000088,100,259,-159
103000089,64,173,-109
103000090,749,743,6
103000091,217,288,-71
103000092,74,169,-95
103000093,199,543,-344
103000094,45,66,-21
103000095,16,384,-368
103000096,286,58,228
103000097,22,558,-536
103000098,433,45,388
103000099,109,427,-318
103000100,28,827,-799
103000101,187,106,81
103000102,58,553,-495
103000103,159,137,22
103000104,4,107,-103
103000105,28,43,-15
103000106,8,91,-83
103000107,204,21,183
103000108,291,375,-84
103000109,227,247,-20
103000110,226,264,-38
103000111,306,293,13
103000112,186,206,-20
103000113,240,428,-188
103000114,293,315,-22
103000115,279,372,-93
103000116,146,382,-236
103000117,89,394,-305
103000118,792,817,-25
103000119,1974,517,1457
103000120,38,130,-92
103000121,79,229,-150
103000122,54,94,-40
103000125,5,441,-436
103000126,119,2,117
103000127,3,285,-282
103000128,37,0,37
103000129,3,179,-176
103000130,19,11,8
103000131,175,47,128
103000132,50,47,3
103000133,6,263,-257
103000134,246,240,6
103000135,783,71,712
103000136,399,149,250
103000137,258,247,11
103000138,318,190,128
103000139,1,31,-30
103000140,56,16,40
103000141,21,82,-61
103000142,65,43,22
103000143,17,197,-180
103000144,54,84,-30
103000145,12,36,-24
103000150,22,55,-33
103000152,64,155,-91
103000153,49,153,-104
103000156,4,475,-471
103000157,100,4,96
103000159,58,101,-43
103000162,12,0,12
103000163,0,11,-11
103000164,0,6,-6
103000165,108,347,-239
103000166,21,41,-20
103000167,56,121,-65
103000168,27,139,-112
103000169,50,98,-48
103000170,379,415,-36
103000171,9,62,-53
103000172,132,773,-641
103000173,87,512,-425
103000174,82,209,-127
103000175,76,464,-388
103000176,417,100,317
103000177,462,247,215
103000178,267,178,89
103000179,53,13,40
103000183,8,44,-36
103000185,34,28,6
103000186,46,125,-79
103000187,125,479,-354
103000188,2,51,-49
103000189,293,887,-594
103000191,278,440,-162
103000292,2094,312,1782
103000293,1216,326,890
103000295,36,62,-26
103000296,65,4,61
103000297,69,3,66
103000504,80,9,71
103000505,9,5,4
103000506,1,100,-99
103000507,41,0,41
103000508,18,27,-9
103000509,88,425,-337
103900001,0,127,-127
103900002,994,93,901
103900003,1047,21,1026
103900004,4,27,-23
103900005,0,182,-182
103900006,0,0,0
103900007,0,0,0
103900008,9,1,8
103900009,27,133,-106
103900010,34,200,-166
103900011,23,203,-180
103900012,0,4,-4
103900013,5,85,-80
103900014,12,12,0
103900015,8,9,-1
103900016,107,284,-177
103900017,6,69,-63
103900018,412,77,335
103900019,9,66,-57
103900020,54,116,-62
103900021,10,1,9
103900022,252,316,-64
103900023,17,0,17
103900024,49,629,-580
103900025,0,22,-22
103900026,0,0,0
103900027,87,148,-61
103900028,2,146,-144
103900029,316,101,215
103900030,44,10,34
103900031,6,0,6
103900032,20,3,17
103900033,19,2,17
103900034,2,146,-144
103900035,20,49,-29
103900036,6,5,1
103900037,3,19,-16
103900038,19,35,-16
103900039,7,338,-331
103900040,3,171,-168
103900041,1,11,-10
103900042,3,388,-385
103900043,11,87,-76
103900044,125,33,92
103900045,38,84,-46
103900047,3,27,-24
103900048,26,8,18
103900049,143,860,-717
103900050,1,58,-57
103900051,1,14,-13
103900052,42,420,-378
103900053,32,1013,-981
103900054,20,505,-485
103900055,64,165,-101
103900056,12,34,-22
103900057,1,270,-269
103900058,21,581,-560
103900059,0,1,-1
103900060,5,172,-167
103900061,10,21,-11
103900062,24,25,-1
103900063,1,0,1
103900064,11,0,11
103900065,419,176,243
103900066,7,0,7
103900067,12,2,10
103900068,0,2,-2
103900069,2,0,2
103900070,18,185,-167
103900071,3,172,-169
103900072,1,262,-261
103900073,4,5,-1
103900074,8,61,-53
103900075,11,53,-42
103900076,141,512,-371
103900077,48,13,35
103900078,17,87,-70
103900079,37,218,-181
103900080,0,5,-5
103900081,0,0,0
103900082,2,71,-69
103900083,1447,90,1357
103900084,2,78,-76
103900085,21,40,-19
103900086,91,168,-77
103900087,22,49,-27
103900088,186,78,108
103900089,20,94,-74
103900090,3,121,-118
103900091,333,94,239
103900092,47,332,-285
103900093,48,366,-318
103900094,2,116,-114
103900095,38,102,-64
103900096,1,268,-267
103900097,8,356,-348
103900098,95,24,71
103900099,13,288,-275
103900100,35,271,-236
103900101,15,478,-463
103900102,0,16,-16
103900104,1,10,-9
103900105,51,100,-49
103900106,0,9,-9
103900107,2,135,-133
103900108,10,295,-285
103900109,12,54,-42
103900110,74,25,49
103900111,8,706,-698
103900112,3,25,-22
103900113,61,84,-23
103900114,389,221,168
103900115,255,33,222
103900116,3833,253,3580
103900117,170,159,11
103900119,10,11,-1
103900120,7,35,-28
103900122,4,280,-276
103900123,695,248,447
103900124,9,13,-4
103900125,36,64,-28
103900126,52,322,-270
103900127,46,660,-614
103900128,10,216,-206
103900131,2,73,-71
103900133,379,18,361
103900134,0,0,0
103900135,1,23,-22
103900137,0,27,-27
103900138,0,123,-123
103900139,69,346,-277
103900140,0,0,0
103900141,92,33,59
103900142,0,35,-35
103900143,11,0,11
103900144,0,13,-13
103900145,47,240,-193
103900146,72,259,-187
103900147,85,99,-14
103900148,23,163,-140
103900149,38,546,-508
103900150,4565,542,4023
103900151,10,95,-85
103900152,38,646,-608
103900153,0,0,0
103900154,967,182,785
103900155,6,105,-99
103900156,1,115,-114
103900157,1,166,-165
103900158,21,156,-135
103900159,22,39,-17
103900160,21,1,20
103900161,26,84,-58
103900162,36,172,-136
103900163,1,229,-228
103900164,14,16,-2
103900167,7,15,-8
103900168,8,80,-72
103900169,2,25,-23
103900170,0,73,-73
103900171,0,29,-29
103900172,13,17,-4
103900173,1,0,1
103900174,18,39,-21
103900175,18,15,3
103900176,5,10,-5
103900177,3,22,-19
103900178,2,61,-59
103900179,4,178,-174
103900180,3,106,-103
103900181,48,9,39
103900182,25,5,20
103900184,431,14,417
103900185,138,42,96
103900187,33,5,28
103900188,10,1,9
103900189,61,1,60
103900190,4,19,-15
103900191,6,57,-51
103900192,7,43,-36
103900193,86,57,29
103900194,7,224,-217
103900195,1,21,-20
103900196,3,11,-8
103900197,1,18,-17
103900198,3,23,-20
103900199,25,52,-27
103900200,14,94,-80
103900201,41,122,-81
103900202,3,22,-19
103900203,9,2,7
103900204,0,99,-99
103900207,0,100,-100
103900208,6,1,5
103900209,0,82,-82
103900210,6,24,-18
103900211,67,417,-350
103900212,15,416,-401
103900213,30,151,-121
103900214,1,1,0
103900215,542,182,360
103900216,2,822,-820
103900217,35,15,20
103900218,0,80,-80
103900219,4,131,-127
103900233,38,0,38
103900235,7,4,3
103900236,15,0,15
103900242,2,3,-1
103900243,0,0,0
103900244,15,183,-168
103900245,7,128,-121
103900246,12,2,10
103900247,12,61,-49
103900248,0,2,-2
103900249,2,4,-2
103900250,10,4,6
103900251,0,8,-8
103900253,1,13,-12
103900254,1,4,-3
103900255,0,1,-1
103900256,6,2,4
103900257,25,29,-4
103900258,4,0,4
103900259,45,2,43
103900261,0,1,-1
103900262,4,0,4
103900263,10,2,8
103900264,3,0,3
103900265,2,1,1
103900266,0,19,-19
103900267,1,23,-22
104000001,1124,1613,-489
104000002,1003,1834,-831
104000003,1390,1379,11
104000004,2459,1755,704
104000005,458,1089,-631
104000006,1650,1922,-272
104000007,2259,2115,144
104000008,216,485,-269
104000009,48,115,-67
104000010,29,110,-81
104000011,626,583,43
104000012,54,518,-464
104000013,31,48,-17
104000014,155,615,-460
104000015,66,81,-15
104000016,101,400,-299
104000018,260,80,180
104000019,165,32,133
104000020,63,906,-843
104000021,159,737,-578
104000022,52,231,-179
104000023,228,200,28
104000024,47,163,-116
104000026,11,82,-71
104000027,77,435,-358
104000028,132,120,12
104000029,181,602,-421
104000030,61,133,-72
104000031,190,161,29
104000032,78,385,-307
104000033,139,201,-62
104000034,133,413,-280
104000035,181,331,-150
104000036,196,500,-304
104000037,122,262,-140
104000038,188,134,54
104000039,72,407,-335
104000040,319,428,-109
104000041,234,201,33
104000042,125,365,-240
104000043,148,267,-119
104000044,126,701,-575
104000045,332,1010,-678
104000046,870,949,-79
104000047,347,905,-558
104000048,997,1488,-491
104000049,118,215,-97
104000050,102,433,-331
104000051,60,587,-527
104000052,368,1024,-656
104000053,315,315,0
104000054,199,491,-292
104000055,2516,1832,684
104000056,1083,75,1008
104000057,25,461,-436
104000058,390,584,-194
104000059,113,755,-642
104000060,171,759,-588
104000061,390,917,-527
104000062,35,27,8
104000064,401,180,221
104000065,70,193,-123
104000069,1294,291,1003
104000070,26,191,-165
104000071,79,357,-278
104000072,112,32,80
104000075,19,97,-78
104000076,211,34,177
104000082,966,1318,-352
104000083,384,104,280
104000084,81,391,-310
104000085,68,87,-19
104000086,111,369,-258
104000087,216,371,-155
104000090,293,1250,-957
104000092,334,2133,-1799
104000094,341,1655,-1314
104000095,900,1008,-108
104000096,218,439,-221
104000097,358,511,-153
104000098,316,875,-559
104000100,271,418,-147
104000101,541,1094,-553
104000106,126,255,-129
104000107,150,412,-262
104000108,185,429,-244
104000109,78,29,49
104000110,409,543,-134
104000111,3421,708,2713
104000112,1458,385,1073
104000116,4,1599,-1595
104000117,6,950,-944
104000118,101,168,-67
104000119,154,131,23
104000120,13,944,-931
104000121,120,519,-399
104000122,241,560,-319
104000123,525,679,-154
104000124,1355,1523,-168
104000125,5252,1675,3577
104000126,170,358,-188
104000127,1091,2308,-1217
104000128,255,291,-36
104000129,20,0,20
104000130,0,149,-149
104000131,868,585,283
104000132,494,836,-342
104000133,781,549,232
104000134,625,822,-197
104000135,270,576,-306
104000136,649,1113,-464
104000137,1172,148,1024
104000138,1244,228,1016
104000139,8768,1836,6932
104000141,1226,1437,-211
104000142,292,857,-565
104000143,245,740,-495
104000144,13,85,-72
104000145,114,85,29
104000146,433,424,9
104000147,51,350,-299
104000148,57,55,2
104000149,114,384,-270
104000150,240,164,76
104000151,310,817,-507
104000152,190,991,-801
104000153,64,196,-132
104000154,868,719,149
104000155,124,249,-125
104000157,889,1437,-548
104000158,136,183,-47
104000159,232,203,29
104000160,1049,814,235
104000161,101,51,50
104000162,36,61,-25
104000165,511,353,158
104000167,127,233,-106
104000168,173,3,170
104000169,0,0,0
104000170,954,213,741
104000248,2,470,-468
104000251,36,261,-225
104000272,3,2,1
104000273,1,0,1
104000274,0,1,-1
104000275,2,0,2
104000279,527,426,101
104000290,43,235,-192
104000291,417,536,-119
104000293,318,528,-210
104000294,0,0,0
104000295,182,590,-408
104000296,147,462,-315
104000297,583,1072,-489
104000298,1120,501,619
104000299,316,912,-596
104900001,17,116,-99
104900002,16,25,-9
104900003,8,383,-375
104900004,23,352,-329
104900005,28,86,-58
104900006,20,7,13
104900007,86,193,-107
104900009,20,452,-432
104900010,1,1,0
104900011,0,1,-1
104900012,17,1,16
104900013,11,1,10
104900014,2567,141,2426
104900015,18,0,18
104900016,23,270,-247
104900017,2,124,-122
104900018,2,143,-141
104900019,113,218,-105
104900020,12,159,-147
104900021,0,0,0
104900022,5,90,-85
104900023,0,0,0
104900024,8,63,-55
104900025,20,268,-248
104900026,0,0,0
104900027,39,27,12
104900028,29,86,-57
104900029,0,0,0
104900030,59,13,46
104900031,80,126,-46
104900032,18,124,-106
104900033,0,0,0
104900034,61,20,41
104900035,29,17,12
104900036,24,12,12
104900037,35,156,-121
104900038,261,107,154
104900039,0,0,0
104900040,18,26,-8
104900041,0,0,0
104900042,51,259,-208
104900043,0,0,0
104900044,67,50,17
104900045,0,0,0
104900046,16,65,-49
104900047,21,22,-1
104900048,15,11,4
104900049,0,0,0
104900050,31,45,-14
104900051,6,6,0
104900052,0,0,0
104900053,59,2,57
104900054,16,21,-5
104900055,0,0,0
104900056,19,2,17
104900057,23,0,23
104900058,49,43,6
104900059,0,0,0
104900060,1,266,-265
104900061,123,500,-377
104900063,1,66,-65
104900064,0,83,-83
104900065,0,44,-44
104900066,2,107,-105
104900067,2,151,-149
104900068,8,194,-186
104900070,36,346,-310
104900071,5,836,-831
104900072,21,179,-158
104900073,1,156,-155
104900074,6,196,-190
104900075,17,32,-15
104900076,33,507,-474
104900077,497,16,481
104900078,62,807,-745
104900079,36,66,-30
104900080,11,496,-485
104900082,1,60,-59
104900085,0,95,-95
104900087,65,1,64
104900089,0,0,0
104900090,83,51,32
104900091,162,704,-542
104900093,95,290,-195
104900097,1759,483,1276
104900098,11,7,4
104900099,347,327,20
104900100,526,130,396
104900102,14,170,-156
104900103,212,77,135
104900104,1438,370,1068
104900106,11,78,-67
104900107,28,318,-290
104900108,0,145,-145
104900109,5,92,-87
104900110,3,30,-27
104900111,38,29,9
104900112,92,727,-635
104900113,191,304,-113
104900114,93,659,-566
104900115,120,363,-243
104900116,27,276,-249
104900118,1,69,-68
104900119,0,18,-18
104900120,0,0,0
104900121,0,0,0
104900122,0,0,0
104900123,0,0,0
104900124,0,0,0
104900125,55,5,50
104900126,30,39,-9
104900127,4,0,4
104900128,0,12,-12
104900129,1346,231,1115
105000001,1305,1504,-199
105000002,910,1250,-340
105000003,1172,2333,-1161
105000004,257,786,-529
105000005,422,823,-401
105000006,417,751,-334
105000007,406,682,-276
105000008,283,970,-687
105000009,548,1075,-527
105000010,1855,2090,-235
105000011,913,826,87
105000012,3178,2834,344
105000013,366,393,-27
105000014,642,1008,-366
105000015,4533,2549,1984
105000016,2701,1338,1363
105000017,837,756,81
105000018,529,588,-59
105000019,918,492,426
105000020,108,276,-168
105000021,172,107,65
105000022,61,23,38
105000023,191,118,73
105000028,35,120,-85
105000029,215,487,-272
105000030,2964,3294,-330
105000033,750,2057,-1307
105000034,53,236,-183
105000037,405,488,-83
105000038,546,511,35
105000039,3404,1958,1446
105000040,165,297,-132
105000041,396,1548,-1152
105000042,1127,410,717
105000043,2261,2761,-500
105000044,127,259,-132
105000045,201,1186,-985
105000046,209,248,-39
105000047,240,1509,-1269
105000048,94,68,26
105000049,235,750,-515
105000050,73,34,39
105000051,111,439,-328
105000052,77,642,-565
105000053,56,147,-91
105000054,71,766,-695
105000055,113,376,-263
105000056,467,2231,-1764
105000057,512,872,-360
105000058,630,1071,-441
105000059,141,256,-115
105000060,138,517,-379
105000061,73,236,-163
105000062,364,973,-609
105000063,144,640,-496
105000064,182,499,-317
105000065,149,973,-824
105000066,458,1841,-1383
105000067,214,305,-91
105000068,292,707,-415
105000069,1541,226,1315
105000070,502,496,6
105000071,35,104,-69
105000072,133,159,-26
105000073,362,272,90
105000074,460,821,-361
105000075,296,462,-166
105000076,656,883,-227
105000077,1237,584,653
105000078,734,588,146
105000079,1026,1181,-155
105000080,684,609,75
105000081,506,534,-28
105000082,172,305,-133
105000083,395,517,-122
105000084,239,816,-577
105000085,434,473,-39
105000086,266,623,-357
105000087,1910,1283,627
105000088,757,554,203
105000089,2976,2442,534
105000090,880,1029,-149
105000091,1714,1991,-277
105000092,312,1261,-949
105000093,271,165,106
105000094,133,123,10
105000095,44,350,-306
105000096,413,353,60
105000097,562,511,51
105000098,168,291,-123
105000099,319,607,-288
105000100,1068,754,314
105000101,1212,2004,-792
105000102,1369,989,380
105000103,932,1981,-1049
105000104,524,711,-187
105000105,357,1462,-1105
105000106,613,1497,-884
105000107,355,604,-249
105000108,457,1039,-582
105000109,644,1692,-1048
105000110,212,591,-379
105000111,181,339,-158
105000112,402,552,-150
105000113,85,325,-240
105000114,2635,558,2077
105000115,144,378,-234
105000116,119,187,-68
105000117,282,970,-688
105000118,59,161,-102
105000119,343,1179,-836
105000120,154,287,-133
105000121,430,911,-481
105000122,126,215,-89
105000123,542,1110,-568
105000124,333,596,-263
105000125,183,1374,-1191
105000126,774,1837,-1063
105000127,1082,1511,-429
105000128,116,956,-840
105000129,192,239,-47
105000130,34,267,-233
105000131,324,222,102
105000132,282,183,99
105000133,146,903,-757
105000134,165,225,-60
105000135,140,557,-417
105000136,22,96,-74
105000137,82,192,-110
105000138,45,178,-133
105000139,547,1127,-580
105000140,26,99,-73
105000141,75,541,-466
105000142,16,154,-138
105000143,106,527,-421
105000144,147,554,-407
105000145,126,242,-116
105000146,152,447,-295
105000147,60,57,3
105000148,135,100,35
105000149,190,162,28
105000150,1036,1087,-51
105000151,136,235,-99
105000152,57,518,-461
105000153,211,285,-74
105000154,163,746,-583
105000155,65,372,-307
105000156,405,778,-373
105000157,690,1636,-946
105000158,803,637,166
105000159,207,1129,-922
105000160,600,397,203
105000161,301,1809,-1508
105000162,193,592,-399
105000163,808,878,-70
105000164,134,193,-59
105000165,1033,1466,-433
105000166,5943,151,5792
105000167,2160,795,1365
105000168,21,712,-691
105000169,75,489,-414
105000170,17,658,-641
105000171,738,260,478
105000172,0,1,-1
105000173,0,0,0
105000174,0,1,-1
105000175,50,158,-108
105000176,14,37,-23
105000177,24,60,-36
105000178,15,203,-188
105000179,50,47,3
105000180,25,100,-75
105000181,29,141,-112
105000182,33,51,-18
105000183,2263,555,1708
105000184,1114,641,473
105000185,377,239,138
105000186,205,1093,-888
105000187,194,92,102
105000188,43,36,7
105000189,63,639,-576
105000190,20,48,-28
105000191,149,481,-332
105000192,23,61,-38
105000193,43,152,-109
105000194,52,62,-10
105000195,118,1099,-981
105000196,12,37,-25
105000197,76,626,-550
105000198,391,182,209
105000199,50,59,-9
105000200,28,209,-181
105000201,26,20,6
105000203,5,239,-234
105000204,47,97,-50
105000205,100,214,-114
105000207,706,195,511
105000208,0,0,0
105000209,74,282,-208
105000212,343,1223,-880
105000213,110,164,-54
105000214,20,140,-120
105000215,12,145,-133
105000216,75,437,-362
105000217,84,465,-381
105000218,196,556,-360
105000221,42,225,-183
105000222,8,20,-12
105000223,33,116,-83
105000226,9,137,-128
105000227,15,79,-64
105000228,82,600,-518
105000229,11,82,-71
105000231,0,0,0
105000233,311,415,-104
105000234,323,945,-622
105000235,93,260,-167
105000237,155,15,140
105000243,13,237,-224
105000248,79,48,31
105000262,76,1699,-1623
105000269,47,122,-75
105000270,75,142,-67
105000271,0,219,-219
105000282,7,42,-35
105000287,222,81,141
105000288,81,216,-135
105000289,344,500,-156
105000290,0,0,0
105000402,4342,1558,2784
105000426,199,330,-131
105000438,336,321,15
105000446,9779,3417,6362
105000447,6315,1871,4444
105000454,56,437,-381
105000455,93,181,-88
105000474,0,0,0
105000477,34,190,-156
105000478,458,607,-149
105000479,49,123,-74
105000480,800,895,-95
105000481,923,971,-48
105000482,2786,1942,844
105000483,421,695,-274
105000484,1651,1944,-293
105000485,734,978,-244
105000486,1993,1868,125
105000488,1841,1674,167
105000489,141,447,-306
105000549,1,15,-14
105000550,234,758,-524
105000551,3,49,-46
105000552,2617,1293,1324
105900001,0,499,-499
105900002,1279,167,1112
105900003,0,49,-49
105900004,352,86,266
105900005,3,182,-179
105900006,0,20,-20
105900007,55,9,46
105900008,24,695,-671
105900009,1,17,-16
105900011,34,46,-12
105900012,71,169,-98
105900013,2,23,-21
105900014,1,73,-72
105900015,125,285,-160
105900016,43,723,-680
105900017,211,39,172
105900018,116,203,-87
105900019,17,582,-565
105900020,5,31,-26
105900021,8,417,-409
105900022,98,250,-152
105900023,0,135,-135
105900024,5,212,-207
105900025,11,25,-14
105900026,163,35,128
105900027,3014,1251,1763
105900028,21,152,-131
105900029,1533,311,1222
105900030,90,234,-144
105900031,222,212,10
105900032,20,104,-84
105900033,8,112,-104
105900034,42,208,-166
105900035,57,128,-71
105900036,12,88,-76
105900037,44,46,-2
105900038,66,211,-145
105900039,11,101,-90
105900040,18,78,-60
105900041,126,254,-128
105900042,13,51,-38
105900043,1154,34,1120
105900044,1,95,-94
105900045,1,334,-333
105900046,0,106,-106
105900047,7,17,-10
105900048,7,335,-328
105900050,366,434,-68
105900051,2,959,-957
105900052,91,11,80
105900053,3178,326,2852
105900054,165,224,-59
105900056,693,63,630
105900057,1,155,-154
105900058,6,28,-22
105900059,0,14,-14
106000001,1188,484,704
106000002,1593,2414,-821
106000003,1560,808,752
106000004,1762,1465,297
106000005,1238,2048,-810
106000006,4169,3637,532
106000007,275,278,-3
106000008,279,231,48
106000009,194,181,13
106000010,312,419,-107
106000011,271,616,-345
106000012,467,1427,-960
106000013,741,1022,-281
106000014,1263,1595,-332
106000015,445,667,-222
106000016,578,2019,-1441
106000017,392,422,-30
106000018,298,576,-278
106000019,127,289,-162
106000020,73,442,-369
106000021,154,323,-169
106000022,156,375,-219
106000023,225,193,32
106000024,274,773,-499
106000025,102,119,-17
106000026,79,280,-201
106000027,182,301,-119
106000028,316,735,-419
106000029,510,1468,-958
106000030,674,235,439
106000034,223,429,-206
106000035,166,420,-254
106000036,265,244,21
106000037,775,1164,-389
106000038,195,55,140
106000039,73,38,35
106000040,114,518,-404
106000041,359,181,178
106000043,211,47,164
106000046,155,14,141
106000047,28,281,-253
106000049,99,52,47
106000050,163,830,-667
106000051,77,111,-34
106000052,45,629,-584
106000053,0,0,0
106000054,256,406,-150
106000055,148,241,-93
106000056,201,530,-329
106000057,0,0,0
106000058,103,268,-165
106000059,38,68,-30
106000060,460,600,-140
106000061,35,144,-109
106000062,121,564,-443
106000063,128,144,-16
106000064,29,407,-378
106000065,12,57,-45
106000066,46,383,-337
106000067,22,38,-16
106000068,18,601,-583
106000069,11,71,-60
106000070,121,712,-591
106000071,87,151,-64
106000072,3204,667,2537
106000073,830,747,83
106000074,74,367,-293
106000075,122,552,-430
106000076,448,1042,-594
106000077,1282,644,638
106000078,188,557,-369
106000079,185,840,-655
106000080,310,601,-291
106000081,201,637,-436
106000082,1096,659,437
106000083,164,718,-554
106000084,162,402,-240
106000085,606,569,37
106000086,198,413,-215
106000087,197,337,-140
106000088,88,565,-477
106000089,118,339,-221
106000090,81,540,-459
106000091,146,371,-225
106000092,138,106,32
106000093,44,25,19
106000094,77,397,-320
106000095,144,990,-846
106000096,149,539,-390
106000097,152,1246,-1094
106000098,121,741,-620
106000099,20,799,-779
106000100,159,217,-58
106000101,169,181,-12
106000102,36,493,-457
106000103,127,451,-324
106000104,246,213,33
106000105,157,811,-654
106000106,123,203,-80
106000107,43,348,-305
106000108,51,241,-190
106000109,28,310,-282
106000110,70,207,-137
106000111,57,534,-477
106000112,52,219,-167
106000113,854,565,289
106000114,300,204,96
106000115,107,428,-321
106000116,94,157,-63
106000117,567,721,-154
106000118,496,491,5
106000119,2270,898,1372
106000120,502,284,218
106000121,65,105,-40
106000122,30,233,-203
106000123,78,229,-151
106000124,12,295,-283
106000125,6,334,-328
106000126,34,200,-166
106000127,147,777,-630
106000128,128,196,-68
106000129,175,611,-436
106000130,120,168,-48
106000131,46,445,-399
106000132,354,72,282
106000133,3432,580,2852
106000134,246,174,72
106000135,89,725,-636
106000136,129,111,18
106000137,33,1381,-1348
106000138,113,20,93
106000139,0,0,0
106000140,10,92,-82
106000141,26,131,-105
106000142,0,0,0
106000143,6,142,-136
106000144,0,0,0
106000145,49,394,-345
106000146,0,0,0
106000147,171,377,-206
106000148,273,498,-225
106000149,147,211,-64
106000150,236,940,-704
106000151,2831,360,2471
106000152,919,455,464
106000153,54,540,-486
106000154,995,168,827
106000155,13,62,-49
106000156,226,207,19
106000157,282,1606,-1324
106000158,1926,396,1530
106000159,3897,988,2909
106000160,77,608,-531
106000161,908,521,387
106000162,71,244,-173
106000163,82,515,-433
106000164,63,160,-97
106000165,81,668,-587
106000166,100,217,-117
106000167,135,1402,-1267
106000168,39,186,-147
106000169,57,766,-709
106000170,109,153,-44
106000171,30,785,-755
106000172,839,556,283
106000173,331,1993,-1662
106000174,85,180,-95
106000175,111,987,-876
106000176,250,347,-97
106000177,298,1890,-1592
106000178,1063,672,391
106000179,567,1601,-1034
106000180,450,1825,-1375
106000181,125,1644,-1519
106000182,201,528,-327
106000183,210,981,-771
106000184,457,826,-369
106000185,434,585,-151
106000186,334,89,245
106000187,108,429,-321
106000188,0,0,0
106000189,1,35,-34
106000190,3,0,3
106000191,139,117,22
106000192,0,32,-32
106000193,129,108,21
106000194,67,222,-155
106000195,199,37,162
106000196,42,204,-162
106000197,132,291,-159
106000198,46,235,-189
106000199,530,227,303
106000200,352,76,276
106000201,291,482,-191
106000202,6218,255,5963
106000203,129,167,-38
106000204,3,1,2
106000205,24,152,-128
106000206,10,4,6
106000207,18,908,-890
106000208,111,15,96
106000209,131,133,-2
106000210,137,1287,-1150
106000211,189,1498,-1309
106000212,95,50,45
106000213,342,680,-338
106000214,968,133,835
106000215,104,328,-224
106000216,136,138,-2
106000217,83,335,-252
106000218,180,156,24
106000219,37,184,-147
106000220,153,149,4
106000221,20,259,-239
106000222,28,50,-22
106000223,13,56,-43
106000224,71,372,-301
106000225,15,23,-8
106000226,53,341,-288
106000228,12,101,-89
106000229,27,606,-579
106000231,119,65,54
106000232,15,352,-337
106000233,73,58,15
106000234,7,177,-170
106000235,41,22,19
106000236,32,27,5
106000237,0,9,-9
106000238,2,2,0
106000239,0,41,-41
106000240,3,2,1
106000241,12,431,-419
106000242,13,5,8
106000249,0,0,0
106000250,18,236,-218
106000251,21,21,0
106000252,10,115,-105
106000253,3,59,-56
106000254,13,63,-50
106000255,6,61,-55
106000256,38,91,-53
106000257,33,254,-221
106000258,10,1,9
106000259,0,19,-19
106000260,2,3,-1
106000261,0,57,-57
106000262,7,1,6
106000263,1,49,-48
106000264,51,2,49
106000265,3,111,-108
106000266,37,2,35
106000267,5,95,-90
106000268,158,2,156
106000269,32,35,-3
106000270,87,293,-206
106000271,11,108,-97
106000272,23,54,-31
106000273,3,94,-91
106000274,86,45,41
106000275,42,98,-56
106000276,68,50,18
106000277,55,99,-44
106000278,98,22,76
106000279,0,64,-64
106000280,18,145,-127
106000281,55,56,-1
106000282,36,40,-4
106000283,26,94,-68
106000284,27,72,-45
106000285,82,160,-78
106000286,19,123,-104
106000287,37,125,-88
106000288,24,124,-100
106000289,20,103,-83
106000290,39,124,-85
106000291,31,72,-41
106000292,55,163,-108
106000293,53,63,-10
106000294,37,102,-65
106000295,24,33,-9
106000296,36,81,-45
106000297,80,122,-42
106000298,133,34,99
106000299,75,100,-25
106000300,17,73,-56
106000301,48,71,-23
106000303,7,17,-10
106000304,25,30,-5
106000305,16,13,3
106000306,64,71,-7
106000307,5,6,-1
106000308,50,189,-139
106000309,11,69,-58
106000310,89,327,-238
106000311,133,74,59
106000312,17,109,-92
106000313,30,158,-128
106000318,102,150,-48
106000319,110,7,103
106000320,1,20,-19
106000321,125,24,101
106000322,32,215,-183
106000324,5,111,-106
106000325,413,487,-74
106000326,510,1705,-1195
106000327,7,115,-108
106000328,4,69,-65
106000329,14,236,-222
106000330,8,25,-17
106000428,41,164,-123
106000429,46,404,-358
106000430,179,1183,-1004
106000431,268,188,80
106000432,673,1847,-1174
106000433,364,298,66
106000434,864,258,606
106000435,1696,1875,-179
106000436,11,385,-374
106000437,37,7,30
106000438,127,47,80
106000439,99,404,-305
106000440,106,385,-279
106000441,0,0,0
106000442,13,5,8
106000443,32,550,-518
106000450,2,180,-178
106000451,11,3,8
106000454,2,18,-16
106000455,3,92,-89
106000456,25,7,18
106000457,0,1102,-1102
106000458,57,17,40
106000459,25,430,-405
106000460,101,4,97
106000461,11,1929,-1918
106000462,0,10,-10
106000463,0,5,-5
106000464,1,500,-499
106000465,37,0,37
106000466,3,690,-687
106000467,356,345,11
106000468,17,132,-115
106000469,27,8,19
106000470,137,570,-433
106000471,6,451,-445
106000472,20,3,17
106000473,9,15,-6
106000474,154,659,-505
106000475,77,121,-44
106000476,194,105,89
106000477,7,46,-39
106900001,0,8,-8
106900002,4,481,-477
106900003,152,526,-374
106900004,0,29,-29
106900006,0,12,-12
106900007,0,5,-5
106900008,41,164,-123
106900009,26,252,-226
106900010,42,191,-149
106900012,738,344,394
106900013,60,9,51
106900014,8,0,8
106900015,1,0,1
106900016,15,0,15
106900017,0,0,0
106900018,1,0,1
106900019,7,1,6
106900020,1974,288,1686
106900021,4,8,-4
106900022,29,0,29
106900023,0,191,-191
106900024,76,7,69
106900025,39,512,-473
106900026,2,882,-880
106900027,66,0,66
107000001,433,866,-433
107000002,1765,2852,-1087
107000003,1620,2843,-1223
107000004,3971,5039,-1068
107000005,709,1448,-739
107000006,2075,5832,-3757
107000007,2624,2087,537
107000008,17620,10383,7237
107000009,2124,2271,-147
107000010,8257,10616,-2359
107000011,692,1067,-375
107000012,2688,2867,-179
107000013,20,199,-179
107000014,23,263,-240
107000015,138,835,-697
107000016,153,1159,-1006
107000017,2264,712,1552
107000018,9,258,-249
107000020,800,242,558
107000021,1454,1169,285
107000022,868,1886,-1018
107000023,2256,400,1856
107000024,364,2402,-2038
107000025,75,265,-190
107000026,75,759,-684
107000027,567,566,1
107000028,673,1120,-447
107000029,524,853,-329
107000030,2186,2414,-228
107000031,702,1105,-403
107000032,104,251,-147
107000033,3058,4621,-1563
107000034,5729,1687,4042
107000035,137,118,19
107000036,284,678,-394
107000037,40,325,-285
107000038,176,216,-40
107000039,321,299,22
107000040,82,305,-223
107000041,697,367,330
107000042,312,1125,-813
107000043,1979,424,1555
107000044,453,395,58
107000045,29,230,-201
107000046,187,193,-6
107000047,152,678,-526
107000048,251,240,11
107000049,114,536,-422
107000050,284,276,8
107000051,378,248,130
107000052,487,357,130
107000053,92,40,52
107000054,54,191,-137
107000055,10,12,-2
107000056,307,539,-232
107000057,1129,154,975
107000058,377,562,-185
107000059,1264,2233,-969
107000060,1141,2190,-1049
107000061,3525,3540,-15
107000062,816,1197,-381
107000063,2051,5075,-3024
107000064,881,1019,-138
107000065,1965,5358,-3393
107000066,782,862,-80
107000067,403,529,-126
107000068,889,316,573
107000069,190,203,-13
107000070,28,12,16
107000071,289,9,280
107000072,24,3268,-3244
107000073,52,58,-6
107000074,72,762,-690
107000075,194,31,163
107000076,503,1569,-1066
107000077,469,72,397
107000078,697,2921,-2224
107000079,364,119,245
107000080,653,2993,-2340
107000081,236,183,53
107000082,242,2636,-2394
107000083,194,75,119
107000084,198,2542,-2344
107000085,1488,1903,-415
107000086,2220,1899,321
107000087,1289,1292,-3
107000088,1378,2254,-876
107000089,806,999,-193
107000090,655,706,-51
107000091,431,737,-306
107000092,333,856,-523
107000093,352,632,-280
107000094,355,872,-517
107000095,110,75,35
107000096,290,772,-482
107000097,60,84,-24
107000098,227,311,-84
107000099,124,145,-21
107000100,217,169,48
107000101,24,45,-21
107000102,287,232,55
107000103,95,76,19
107000104,153,234,-81
107000105,101,70,31
107000106,102,254,-152
107000107,88,58,30
107000108,55,748,-693
107000109,0,0,0
107000110,19,570,-551
107000111,0,0,0
107000112,8,349,-341
107000113,0,0,0
107000114,21,638,-617
107000115,0,0,0
107000116,38,924,-886
107000117,0,0,0
107000118,65,253,-188
107000119,936,252,684
107000120,1909,321,1588
107000121,134,272,-138
107000122,377,698,-321
107000123,72,337,-265
107000124,209,793,-584
107000125,111,396,-285
107000126,243,916,-673
107000127,7,252,-245
107000129,41,120,-79
107000130,16,87,-71
107000131,138,320,-182
107000132,113,184,-71
107000133,51,113,-62
107000134,49,0,49
107000135,0,185,-185
107000136,84,1,83
107000137,1,300,-299
107000138,87,3,84
107000139,3,318,-315
107000140,277,12,265
107000141,66,716,-650
107000142,86,11,75
107000143,17,854,-837
107000144,113,97,16
107000145,49,490,-441
107000146,83,49,34
107000147,2204,571,1633
107000150,671,1072,-401
107000151,24,33,-9
107000152,192,282,-90
107000153,185,213,-28
107000154,17,40,-23
107000155,232,17,215
107000156,691,22,669
107000157,16,2902,-2886
107000158,156,7,149
107000159,16,1188,-1172
107000160,131,44,87
107000161,41,1874,-1833
107000162,73,153,-80
107000163,12,0,12
107000164,76,0,76
107000165,125,3,122
107000166,30,1194,-1164
107000167,169,176,-7
107000168,277,107,170
107000169,598,881,-283
107000170,318,201,117
107000171,249,3105,-2856
107000172,171,277,-106
107000173,316,1245,-929
107000174,515,1314,-799
107000175,10847,1417,9430
107000176,0,0,0
107000177,0,0,0
107000178,6,10,-4
107000179,134,2827,-2693
107000180,329,199,130
107000181,81,1180,-1099
107000182,267,514,-247
107000183,71,906,-835
107000184,161,526,-365
107000185,109,1202,-1093
107000186,114,158,-44
107000187,550,791,-241
107000188,269,246,23
107000189,138,559,-421
107000190,146,548,-402
107000191,187,470,-283
107000192,524,878,-354
107000193,142,228,-86
107000194,435,643,-208
107000197,137,123,14
107000198,80,688,-608
107000199,483,667,-184
107000200,813,324,489
107000201,154,191,-37
107000202,149,354,-205
107000203,553,463,90
107000204,542,294,248
107000205,2980,1076,1904
107000206,401,256,145
107000207,697,708,-11
107000208,1475,192,1283
107000209,1574,260,1314
107000210,1409,183,1226
107000211,5,5,0
107000212,8,250,-242
107000213,12,8,4
107000214,6,107,-101
107000215,128,478,-350
107000216,62,530,-468
107000217,24,130,-106
107000219,34,114,-80
107000220,29,324,-295
107000222,123,656,-533
107000224,114,24,90
107000225,105,841,-736
107000226,115,62,53
107000227,102,588,-486
107000228,69,107,-38
107000229,105,103,2
107000230,907,401,506
107000231,205,159,46
107000232,24,36,-12
107000233,162,137,25
107000234,0,9,-9
107000235,0,1,-1
107000236,15,523,-508
107000237,0,0,0
107000238,0,3,-3
107000239,5512,302,5210
107000240,26,1075,-1049
107000241,69,13,56
107000242,507,66,441
107000243,0,26,-26
107000244,9,56,-47
107000246,3,1174,-1171
107000249,1,702,-701
107000251,0,351,-351
107000252,3,1496,-1493
107000255,616,59,557
107000257,1,582,-581
107000258,0,160,-160
107000259,1,306,-305
107000260,59,4,55
107000262,9,875,-866
107000263,46,2,44
107000266,1,4,-3
107000267,28,189,-161
107000268,84,175,-91
107000269,65,20,45
107000270,0,18,-18
107000271,6,1175,-1169
107000272,7,285,-278
107000273,0,229,-229
107000274,695,186,509
107000275,42,691,-649
107000280,133,15,118
107000281,7,1014,-1007
107000282,9,1826,-1817
107000290,2,54,-52
107000291,2,11,-9
107000292,2,81,-79
107000293,53,3,50
107000294,0,44,-44
107000295,37,2,35
107000296,0,3,-3
107000444,85,2,83
107000496,0,6,-6
107000497,599,3052,-2453
107000500,196,254,-58
107000501,34,79,-45
107000502,48,241,-193
107000505,394,550,-156
107000506,2,24,-22
107000508,4,744,-740
107000509,79,135,-56
107000510,15,8,7
107000514,5,231,-226
107000515,8,295,-287
107000516,44,75,-31
107000518,120,79,41
107000519,2808,1029,1779
107000520,16,9,7
107900001,16,293,-277
107900002,30,2,28
107900003,43,4,39
107900004,15,1,14
107900005,136,0,136
107900006,0,0,0
107900007,60,9,51
107900008,39,47,-8
107900009,61,2,59
107900010,3,0,3
107900012,118,3,115
107900013,68,72,-4
107900014,7,0,7
107900015,150,0,150
107900016,241,102,139
107900017,4,1,3
107900018,11,15,-4
107900019,10,56,-46
107900020,36,6,30
107900021,10,136,-126
107900023,0,4,-4
107900024,0,30,-30
107900025,140,316,-176
107900026,15,124,-109
107900027,13,70,-57
107900028,6,110,-104
107900030,58,3,55
107900031,15,228,-213
107900032,1,4,-3
107900033,1,1,0
107900034,52,0,52
107900035,154,6,148
107900036,17,0,17
107900037,0,15,-15
107900038,102,44,58
107900039,0,84,-84
107900040,3,17,-14
107900041,0,1,-1
107900043,6,109,-103
107900044,6,5,1
107900045,8,5,3
107900046,52,13,39
107900047,0,39,-39
107900048,38,1,37
107900049,163,243,-80
107900050,45,289,-244
107900051,22,90,-68
107900052,0,0,0
107900053,16,77,-61
107900055,140,70,70
107900056,22,9,13
107900057,0,0,0
107900058,18,771,-753
107900060,0,34,-34
107900061,6,1,5
107900063,34,47,-13
107900064,174,8,166
107900065,20,1,19
107900066,0,9,-9
107900067,0,0,0
107900068,69,122,-53
107900069,15,141,-126
107900070,11,12,-1
107900071,13,1047,-1034
107900072,9,218,-209
107900073,3,74,-71
107900074,795,62,733
107900076,29,63,-34
107900077,5,1,4
107900078,103,10,93
107900079,3,9,-6
107900080,92,94,-2
107900081,1,23,-22
107900082,9,6,3
107900083,65,45,20
107900084,12,46,-34
107900086,9,46,-37
107900087,226,28,198
107900088,6,2,4
107900089,305,749,-444
107900090,191,259,-68
107900091,71,360,-289
107900092,2118,434,1684
107900093,10,25,-15
107900095,2078,658,1420
107900097,3,40,-37
107900098,21,58,-37
107900100,639,170,469
107900101,773,65,708
107900102,3,3,0
107900103,30,159,-129
107900104,24,2,22
107900105,0,574,-574
107900106,6,1652,-1646
107900107,1476,60,1416
107900108,210,22,188
107900109,161,1,160
107900110,2,84,-82
107900111,2,1300,-1298
107900112,59,161,-102
107900113,17,42,-25
107900114,28,245,-217
107900115,27,56,-29
107900116,26,202,-176
107900117,170,301,-131
107900118,27,143,-116
107900119,25,38,-13
107900120,14,2,12
107900121,0,82,-82
107900122,0,39,-39
107900123,3,21,-18
107900124,8,50,-42
107900125,7,160,-153
107900126,3,10,-7
107900127,484,33,451
107900128,59,20,39
107900129,2,31,-29
107900130,5,15,-10
107900131,65,19,46
107900132,48,467,-419
107900133,1,48,-47
107900134,6,3,3
107900135,0,179,-179
107900136,34,22,12
107900137,24,66,-42
107900138,11,22,-11
107900139,5,10,-5
107900140,78,65,13
107900141,14,5,9
107900142,23,1046,-1023
107900143,22,59,-37
107900144,1,130,-129
107900145,5,109,-104
107900146,9,87,-78
107900147,8,28,-20
107900148,62,200,-138
107900149,1869,50,1819
107900150,49,583,-534
107900151,6,99,-93
107900152,7,302,-295
107900153,47,74,-27
107900154,7,5,2
107900155,8,21,-13
107900156,3,339,-336
107900157,16,56,-40
107900158,123,10,113
107900159,31,1001,-970
107900160,25,170,-145
107900161,1,233,-232
107900162,0,194,-194
107900163,27,25,2
107900164,4,15,-11
107900165,3,28,-25
107900166,5,243,-238
107900167,1,0,1
107900168,4,42,-38
107900169,0,172,-172
107900171,4,1712,-1708
107900172,1,273,-272
107900173,2,192,-190
107900174,8,4,4
107900175,2,0,2
107900176,1,24,-23
107900177,1,232,-231
107900178,0,193,-193
107900179,4,131,-127
107900180,1092,96,996
107900181,213,339,-126
107900182,3,1504,-1501
107900183,1,400,-399
107900184,7,235,-228
107900185,15,3,12
107900186,6,22,-16
107900187,0,117,-117
107900188,451,64,387
107900189,5,131,-126
107900190,100,11,89
107900191,11,125,-114
107900193,3,39,-36
107900194,31,0,31
107900195,3889,306,3583
107900196,17,32,-15
107900197,129,39,90
107900199,5,1101,-1096
107900201,33,122,-89
107900203,8,46,-38
107900204,203,198,5
107900205,129,482,-353
107900206,205,110,95
107900207,2,477,-475
107900208,4,760,-756
107900209,262,82,180
107900210,16,101,-85
107900213,127,256,-129
107900214,1,129,-128
107900215,97,268,-171
107900216,13,40,-27
107900217,5,17,-12
107900218,4,1330,-1326
107900219,5,138,-133
107900220,105,44,61
107900221,136,190,-54
107900223,23,361,-338
107900224,112,227,-115
107900225,4,573,-569
107900226,21,153,-132
107900227,38,418,-380
107900228,5,78,-73
107900229,2,305,-303
107900230,2,149,-147
107900231,2,131,-129
107900232,30,279,-249
107900233,4,142,-138
107900234,18,176,-158
107900235,30,98,-68
107900236,19,93,-74
107900237,119,465,-346
107900238,11,114,-103
107900239,977,318,659
107900240,3,138,-135
107900241,3,136,-133
107900242,3,363,-360
107900243,0,21,-21
107900244,65,1,64
107900245,54,11,43
107900246,17,5,12
107900248,92,466,-374
107900249,76,2,74
107900250,1,459,-458
107900251,8,1110,-1102
107900252,47,4,43
107900253,12,0,12
107900254,26,100,-74
107900255,230,34,196
107900256,246,551,-305
107900257,23,19,4
107900258,19,221,-202
107900259,39,266,-227
107900261,1,616,-615
107900262,13,82,-69
107900264,45,1,44
107900265,21,223,-202
107900267,15,4,11
107900268,18,1,17
107900269,0,2,-2
107900270,0,0,0
107900271,0,0,0
107900272,1,0,1
107900273,2,72,-70
107900274,9,0,9
107900275,33,0,33
107900276,1,82,-81
107900277,0,207,-207
107900278,46,298,-252
107900279,138,33,105
107900280,1696,803,893
107900281,2739,450,2289
107900282,20,68,-48
107900283,1301,185,1116
107900284,37,718,-681
107900285,40,136,-96
107900286,35,58,-23
107900287,44,60,-16
107900290,0,38,-38
107900291,92,0,92
107900292,63,245,-182
107900293,21,395,-374
107900295,11,132,-121
107900297,1,191,-190
107900298,314,646,-332
107900299,3138,553,2585
107900300,9,99,-90
107900301,129,98,31
107900302,16,3,13
107900303,21,236,-215
107900304,34,497,-463
107900305,34,4,30
107900306,11,3,8
107900307,36,261,-225
107900308,124,17,107
107900309,6,0,6
107900310,0,0,0
107900311,27,23,4
107900312,0,0,0
107900313,0,34,-34
107900314,1,33,-32
107900315,1,30,-29
107900316,4,0,4
107900317,10,0,10
107900318,0,60,-60
107900319,1,288,-287
107900320,0,142,-142
107900321,14,2,12
107900322,3,206,-203
107900323,3,148,-145
107900324,37,0,37
107900325,7,0,7
107900326,69,380,-311
107900327,0,0,0
107900328,0,0,0
107900329,0,1,-1
107900330,5,419,-414
107900331,34,12,22
107900332,39,7,32
107900333,9,2,7
107900334,3,233,-230
107900335,32,69,-37
107900336,4,19,-15
107900337,1090,134,956
107900338,1,131,-130
107900339,0,35,-35
107900340,0,54,-54
107900341,3,0,3
107900342,33,71,-38
107900343,1,0,1
107900344,0,60,-60
107900345,12,17,-5
107900346,19,0,19
107900347,5,0,5
107900348,1,0,1
107900349,8,2,6
107900350,27,270,-243
108000001,1087,1093,-6
108000002,1646,3053,-1407
108000003,1358,746,612
108000004,15350,12934,2416
108000005,1473,1366,107
108000006,2965,5347,-2382
108000007,1584,1573,11
108000008,2903,4804,-1901
108000009,699,1453,-754
108000010,1379,4795,-3416
108000011,3840,3040,800
108000012,15106,12947,2159
108000014,90,337,-247
108000015,99,216,-117
108000016,114,508,-394
108000017,93,165,-72
108000018,189,206,-17
108000019,206,250,-44
108000020,163,174,-11
108000021,291,1532,-1241
108000022,342,1370,-1028
108000023,437,51,386
108000024,38,597,-559
108000025,77,160,-83
108000026,42,491,-449
108000027,68,483,-415
108000028,14,248,-234
108000029,54,623,-569
108000030,28,171,-143
108000031,40,646,-606
108000032,282,170,112
108000033,184,999,-815
108000034,305,123,182
108000035,543,2464,-1921
108000036,146,1610,-1464
108000037,411,143,268
108000038,511,96,415
108000039,186,2474,-2288
108000040,389,161,228
108000041,385,2558,-2173
108000042,14,164,-150
108000043,45,301,-256
108000044,12,88,-76
108000045,57,794,-737
108000046,168,122,46
108000047,149,1116,-967
108000048,55,511,-456
108000049,57,52,5
108000050,75,464,-389
108000051,49,8,41
108000052,210,596,-386
108000053,80,36,44
108000054,301,735,-434
108000055,212,165,47
108000056,546,870,-324
108000057,186,360,-174
108000058,683,863,-180
108000059,2444,1190,1254
108000060,38,125,-87
108000061,77,257,-180
108000062,146,235,-89
108000063,131,680,-549
108000064,51,114,-63
108000065,196,734,-538
108000066,629,295,334
108000067,371,194,177
108000068,141,99,42
108000069,72,1065,-993
108000070,221,131,90
108000071,269,1622,-1353
108000072,255,238,17
108000073,702,1631,-929
108000074,42,100,-58
108000075,152,714,-562
108000076,135,141,-6
108000077,334,957,-623
108000078,599,510,89
108000079,670,1629,-959
108000080,171,239,-68
108000081,251,2616,-2365
108000082,680,1384,-704
108000083,524,277,247
108000084,168,1050,-882
108000085,82,84,-2
108000086,615,725,-110
108000087,60,403,-343
108000088,36,7,29
108000089,105,147,-42
108000090,51,35,16
108000091,52,451,-399
108000092,36,28,8
108000093,47,772,-725
108000094,78,38,40
108000095,71,420,-349
108000096,28,44,-16
108000097,38,510,-472
108000098,97,435,-338
108000099,1,4,-3
108000100,0,11,-11
108000101,138,220,-82
108000102,353,710,-357
108000106,156,0,156
108000107,2,602,-600
108000108,99,13,86
108000109,6,670,-664
108000110,19,137,-118
108000111,99,545,-446
108000112,9,10,-1
108000113,277,301,-24
108000115,361,231,130
108000117,552,203,349
108000118,35,57,-22
108000119,346,365,-19
108000120,16,257,-241
108000121,66,484,-418
108000122,42,161,-119
108000123,79,222,-143
108000124,49,539,-490
108000125,33,320,-287
108000126,57,618,-561
108000127,36,365,-329
108000128,108,856,-748
108000129,61,1425,-1364
108000130,30,293,-263
108000131,177,111,66
108000132,603,883,-280
108000133,138,209,-71
108000134,317,881,-564
108000135,210,116,94
108000136,600,1025,-425
108000137,134,330,-196
108000138,123,993,-870
108000139,34,280,-246
108000140,17,15,2
108000141,8,158,-150
108000142,13,108,-95
108000143,21,22,-1
108000144,11,2,9
108000145,13,31,-18
108000146,9,4,5
108000147,25,45,-20
108000148,28,5,23
108000149,3,26,-23
108000150,11,0,11
108000151,12,6,6
108000152,18,497,-479
108000153,72,36,36
108000154,17,10,7
108000155,3,12,-9
108000156,204,76,128
108000157,84,220,-136
108000158,18,184,-166
108000159,455,72,383
108000160,4494,344,4150
108000161,4174,600,3574
108000165,2,76,-74
108000172,1,73,-72
108000173,2293,848,1445
108000175,2,40,-38
108000178,408,324,84
108000179,117,229,-112
108000181,13,31,-18
108000182,60,9,51
108000183,1,12,-11
108000184,735,633,102
108000185,23,685,-662
108000186,45,49,-4
108000187,26,812,-786
108000188,107,221,-114
108000189,147,320,-173
108000190,12,112,-100
108000192,43,595,-552
108000193,437,38,399
108000194,0,0,0
108000195,3,930,-927
108000196,6,52,-46
108000198,116,341,-225
108000199,0,66,-66
108000200,94,661,-567
108000202,0,146,-146
108000203,15,1015,-1000
108000204,50,18,32
108000205,419,510,-91
108000339,850,107,743
108000364,92,87,5
108000365,22,330,-308
108000367,39,263,-224
108000368,6,61,-55
108000369,1348,55,1293
108000371,2,505,-503
108000372,40,0,40
108000373,0,1,-1
108000376,75,10,65
108000377,105,358,-253
108000378,5168,2562,2606
108000379,10,88,-78
108000381,6,7,-1
108000382,14,2,12
108000383,0,23,-23
108900001,111,786,-675
108900002,144,37,107
108900003,205,843,-638
108900004,347,93,254
108900005,15,34,-19
108900006,140,114,26
108900007,37,126,-89
108900008,9,92,-83
108900009,4,88,-84
108900010,32,117,-85
108900011,69,229,-160
108900012,67,455,-388
108900013,27,216,-189
108900014,1,43,-42
108900015,0,3,-3
108900016,1,129,-128
108900017,55,128,-73
108900018,30,534,-504
108900019,8,1249,-1241
108900020,10,303,-293
108900021,51,340,-289
108900022,1,1,0
108900023,0,16,-16
108900024,1,116,-115
108900025,13,69,-56
108900026,12,65,-53
108900027,0,146,-146
108900028,27,558,-531
108900029,12,184,-172
108900030,1,99,-98
108900031,18,742,-724
108900032,4,236,-232
108900033,0,100,-100
108900034,0,298,-298
108900035,57,1714,-1657
108900036,94,344,-250
108900037,11,446,-435
108900038,2,408,-406
108900039,2,524,-522
108900040,1,134,-133
108900041,5049,835,4214
108900042,6,210,-204
108900043,25,398,-373
108900044,2,793,-791
108900045,22,562,-540
108900046,23,982,-959
108900047,0,33,-33
108900048,26,761,-735
108900049,4597,367,4230
108900050,5,204,-199
108900051,2,222,-220
108900052,1,264,-263
108900053,56,27,29
108900054,15,201,-186
108900055,48,428,-380
108900056,0,195,-195
108900057,0,212,-212
108900058,7,620,-613
108900059,100,4,96
108900060,40,49,-9
108900061,38,22,16
108900062,3,338,-335
108900063,7,487,-480
108900064,24,37,-13
108900065,0,318,-318
108900066,70,55,15
108900067,19,234,-215
108900068,0,133,-133
108900069,2,121,-119
108900070,18,198,-180
108900071,32,33,-1
108900072,1962,115,1847
108900073,3,86,-83
108900074,8,499,-491
108900075,18,87,-69
108900076,36,61,-25
108900077,38,155,-117
108900078,8,207,-199
108900079,387,209,178
108900080,15,82,-67
108900081,29,192,-163
108900082,5,104,-99
108900083,7,26,-19
108900084,241,70,171
108900085,1586,82,1504
108900086,13,325,-312
108900087,101,165,-64
108900088,185,82,103
108900089,2,37,-35
108900090,4,422,-418
108900091,88,74,14
108900092,80,97,-17
108900093,20,13,7
108900094,75,47,28
108900095,38,613,-575
108900096,351,23,328
108900097,44,196,-152
108900098,2701,71,2630
108900099,78,293,-215
108900100,14,89,-75
108900101,72,16,56
108900102,92,204,-112
108900103,11,23,-12
108900104,164,244,-80
108900105,1,202,-201
108900106,93,566,-473
108900108,26,14,12
108900109,3,8,-5
108900110,29,489,-460
108900111,63,653,-590
108900112,28,4,24
108900113,10,5,5
108900114,1,1,0
108900115,18,25,-7
108900116,7,3,4
108900117,11,4,7
108900118,79,1,78
108900119,46,17,29
108900120,23,23,0
108900121,62,9,53
108900122,8,10,-2
108900123,15,12,3
108900124,61,36,25
108900125,39,0,39
108900126,21,0,21
108900127,25,7,18
108900128,22,1,21
108900129,121,28,93
108900130,21,0,21
108900131,35,1,34
108900132,72,30,42
108900133,61,38,23
108900134,50,117,-67
108900135,27,0,27
108900136,1,0,1
108900137,32,0,32
108900138,119,9,110
108900139,55,42,13
108900140,13,151,-138
108900141,27,3,24
108900142,9,0,9
108900143,3,0,3
108900144,7,0,7
108900145,10,0,10
108900146,7,1,6
108900147,24,0,24
108900148,33,13,20
108900149,209,222,-13
108900150,94,4,90
108900151,16,2,14
108900152,24,42,-18
108900153,37,469,-432
108900154,924,108,816
108900155,29,59,-30
108900156,31,11,20
108900157,3,581,-578
108900158,32,12,20
108900159,4,252,-248
108900160,7,199,-192
108900161,3,403,-400
108900162,9,0,9
108900163,0,58,-58
108900164,8,72,-64
108900165,72,54,18
108900167,1059,723,336
108900168,9704,988,8716
108900169,15,79,-64
108900171,6078,550,5528
108900172,30,12,18
108900173,119,235,-116
108900174,111,226,-115
108900176,47,582,-535
108900177,9666,982,8684
108900178,4906,501,4405
108900179,161,293,-132
108900180,27,59,-32
108900182,2,86,-84
108900183,70,154,-84
108900184,68,106,-38
108900185,24,219,-195
108900186,7,309,-302
108900187,67,36,31
108900188,49,29,20
108900189,66,107,-41
108900190,15,2739,-2724
108900191,41,5,36
108900192,24,311,-287
108900193,39,22,17
108900194,5,296,-291
108900195,24,313,-289
108900196,17,649,-632
108900198,1,605,-604
108900199,32,308,-276
108900200,131,211,-80
108900201,87,727,-640
108900203,58,1,57
108900204,60,4,56
108900205,28,1,27
108900206,59,2,57
108900207,63,14,49
108900208,22,293,-271
108900209,122,555,-433
108900210,40,170,-130
108900211,32,87,-55
108900212,466,244,222
108900215,44,532,-488
108900216,180,80,100
108900217,13,0,13
108900218,21,1,20
108900219,2,1,1
108900220,14,3,11
108900221,14,40,-26
108900222,33,0,33
108900223,7,25,-18
108900224,20,57,-37
108900225,0,119,-119
108900226,33,1,32
108900227,25,37,-12
108900230,314,301,13
108900231,24,250,-226
108900232,0,372,-372
108900233,68,10,58
108900234,60,27,33
108900235,93,545,-452
108900236,24,344,-320
108900237,19,211,-192
108900240,9,65,-56
108900241,5,33,-28
108900245,5,172,-167
108900249,18,0,18
108900250,28,50,-22
108900257,13,615,-602
108900258,13,225,-212
108900259,8,56,-48
108900260,0,117,-117
108900261,72,116,-44
108900262,229,76,153
108900263,21,383,-362
108900264,176,197,-21
108900265,1253,148,1105
108900266,717,100,617
108900267,1,17,-16
108900268,0,1,-1
108900269,6,7,-1
108900270,4,6,-2
108900271,2,2,0
108900272,15,2,13
108900273,732,193,539
108900274,10,37,-27
109000001,1182,386,796
109000002,3807,928,2879
109000003,575,337,238
109000004,369,2598,-2229
109000005,447,343,104
109000006,518,1944,-1426
109000007,256,304,-48
109000008,221,1786,-1565
109000009,936,489,447
109000010,778,3261,-2483
109000011,512,601,-89
109000012,930,3855,-2925
109000013,935,504,431
109000014,761,3522,-2761
109000015,1151,1020,131
109000016,9152,3699,5453
109000017,601,420,181
109000018,416,3166,-2750
109000019,627,384,243
109000020,733,1941,-1208
109000023,2,4,-2
109000024,2,103,-101
109000025,296,201,95
109000026,472,273,199
109000027,55,176,-121
109000028,42,99,-57
109000029,137,88,49
109000030,38,335,-297
109000031,0,0,0
109000032,12,436,-424
109000033,15,5,10
109000034,9,12,-3
109000035,0,2,-2
109000036,41,302,-261
109000037,71,305,-234
109000038,503,278,225
109000039,247,148,99
109000040,4146,1080,3066
109000041,6117,630,5487
109000042,559,647,-88
109000044,22,44,-22
109000045,32,469,-437
109000046,15,31,-16
109000047,16,420,-404
109000048,126,37,89
109000049,152,516,-364
109000050,47,41,6
109000051,149,326,-177
109000052,178,1630,-1452
109000053,59,41,18
109000054,50,670,-620
109000055,48,93,-45
109000056,97,630,-533
109000057,81,115,-34
109000058,559,197,362
109000059,207,685,-478
109000060,165,34,131
109000061,1303,305,998
109000062,78,91,-13
109000063,114,268,-154
109000064,41,73,-32
109000065,25,418,-393
109000066,82,70,12
109000067,32,353,-321
109000068,1,1,0
109000069,7,1,6
109000070,2,628,-626
109000071,220,50,170
109000072,55,397,-342
109000073,21,64,-43
109000074,9,307,-298
109000075,17,390,-373
109000076,29,84,-55
109000077,158,232,-74
109000078,14,57,-43
109000079,19,190,-171
109000080,9,124,-115
109000081,14,450,-436
109000082,63,304,-241
109000083,25,689,-664
109000088,62,341,-279
109000089,43,10,33
109000090,132,513,-381
109000091,90,26,64
109000092,231,651,-420
109000093,93,31,62
109000094,52,4,48
109000095,45,869,-824
109000096,137,17,120
109000097,58,63,-5
109000098,9,2,7
109000099,95,247,-152
109000100,63,410,-347
109000101,199,597,-398
109000102,102,811,-709
109000103,101,547,-446
109000104,304,380,-76
109000105,177,1575,-1398
109000106,358,314,44
109000107,201,1558,-1357
109000108,236,193,43
109000109,273,1683,-1410
109000110,334,232,102
109000111,539,2202,-1663
109000112,92,119,-27
109000113,67,147,-80
109000114,23,209,-186
109000115,360,18,342
109000116,1,153,-152
109000117,19,54,-35
109000118,2,252,-250
109000119,143,171,-28
109000120,24,1404,-1380
109000121,25,32,-7
109000122,22,1388,-1366
109000123,8,66,-58
109000124,153,288,-135
109000125,147,273,-126
109000126,106,1146,-1040
109000127,141,95,46
109000128,158,2608,-2450
109000129,379,92,287
109000130,291,2756,-2465
109000131,201,122,79
109000132,433,1615,-1182
109000133,105,763,-658
109000134,302,1184,-882
109000135,387,934,-547
109000136,91,434,-343
109000137,74,174,-100
109000138,112,575,-463
109000139,176,252,-76
109000140,34,451,-417
109000141,72,365,-293
109000142,35,486,-451
109000143,22,28,-6
109000145,42,39,3
109000146,23,54,-31
109000148,3646,526,3120
109000149,25,8,17
109000150,25,92,-67
109000155,132,292,-160
109000156,833,779,54
109000158,8,143,-135
109000159,17,521,-504
109000160,174,327,-153
109000161,75,1179,-1104
109000162,724,992,-268
109000163,266,1121,-855
109000164,411,1929,-1518
109000165,340,462,-122
109000166,135,89,46
109000167,45,805,-760
109000170,17,38,-21
109000171,25,24,1
109000172,17,19,-2
109000173,5,14,-9
109000174,10,49,-39
109000175,6,90,-84
109000176,42,359,-317
109000177,17,98,-81
109000178,73,60,13
109000179,7052,986,6066
109000180,4306,1672,2634
109000181,3,28,-25
109000182,15,57,-42
109000183,4,35,-31
109000184,9,20,-11
109000185,11,80,-69
109000188,123,2443,-2320
109000189,452,625,-173
109000190,204,452,-248
109000191,48,358,-310
109000192,52,179,-127
109000193,58,406,-348
109000194,23,93,-70
109000195,38,392,-354
109000196,40,57,-17
109000197,61,549,-488
109000198,16,26,-10
109000199,64,405,-341
109000206,58,53,5
109000207,19,49,-30
109000208,101,39,62
109000209,84,25,59
109000210,109,393,-284
109000211,31,81,-50
109000214,100,619,-519
109000215,12,17,-5
109000216,7,27,-20
109000217,85,56,29
109000218,190,63,127
109000221,94,1033,-939
109000222,204,21,183
109000223,113,128,-15
109000224,45,332,-287
109000225,29,56,-27
109000226,21,286,-265
109000227,174,1370,-1196
109000228,0,277,-277
109000231,1,548,-547
109000232,39,488,-449
109000236,73,706,-633
109000241,491,1384,-893
109000242,300,778,-478
109000293,2,5,-3
109000361,28,153,-125
109000364,51,548,-497
109000396,6,1059,-1053
109000397,86,3,83
109000399,58,422,-364
109000400,19,277,-258
109000403,24,126,-102
109000406,0,1,-1
109000407,87,227,-140
109000408,1,180,-179
109000410,312,107,205
109000411,5,1,4
109900001,6,0,6
109900002,126,4,122
109900003,15,0,15
109900004,258,218,40
109900005,24,30,-6
109900006,48,221,-173
109900007,88,994,-906
109900008,0,12,-12
109900009,26,1372,-1346
109900010,111,3,108
109900011,18,14,4
109900012,41,55,-14
109900013,117,28,89
109900014,43,33,10
109900015,62,38,24
109900016,22,78,-56
109900017,32,30,2
109900018,43,156,-113
109900019,22,78,-56
109900020,7,4,3
109900021,2,2,0
109900022,11,292,-281
109900023,0,0,0
109900024,2,0,2
109900025,2,85,-83
109900026,2,102,-100
109900027,3,2,1
109900028,2470,187,2283
109900029,2,582,-580
109900030,3,0,3
109900031,1,71,-70
109900032,5,233,-228
109900033,0,369,-369
109900034,5,1,4
109900035,3,12,-9
109900036,27,56,-29
109900037,9,497,-488
109900038,12,186,-174
109900039,1,0,1
109900040,3,623,-620
109900041,16,466,-450
109900042,15,427,-412
109900044,67,226,-159
109900045,7,51,-44
109900046,5,28,-23
109900047,249,210,39
109900048,16,68,-52
109900049,3,19,-16
109900050,0,240,-240
109900051,0,27,-27
109900052,10,207,-197
109900053,5,487,-482
109900054,82,31,51
109900055,8,187,-179
109900056,14,53,-39
109900057,2,262,-260
109900058,0,114,-114
109900059,71,21,50
109900060,60,62,-2
109900061,96,228,-132
109900062,0,270,-270
109900063,3,149,-146
109900064,51,118,-67
109900065,64,127,-63
109900066,127,990,-863
109900067,1,418,-417
109900068,2,0,2
109900069,0,16,-16
109900070,52,197,-145
109900071,0,26,-26
109900072,9,109,-100
109900073,34,613,-579
109900074,1,47,-46
109900075,3,7,-4
109900076,2,254,-252
109900077,6,55,-49
109900078,27,204,-177
109900080,39,333,-294
109900081,2,62,-60
109900082,30,444,-414
109900083,4,29,-25
109900084,11,104,-93
109900085,39,1077,-1038
109900086,31,67,-36
109900087,82,222,-140
109900089,68,44,24
109900090,290,844,-554
109900091,37,27,10
109900092,168,5,163
109900093,162,47,115
109900094,17,44,-27
109900095,57,109,-52
109900096,1,2,-1
109900097,8,0,8
109900098,51,6,45
109900099,7,0,7
109900100,3,0,3
109900101,48,1,47
109900102,111,10,101
109900103,11,20,-9
109900104,99,1118,-1019
109900105,100,15,85
109900106,56,54,2
109900107,178,41,137
109900108,30,1757,-1727
109900109,8,452,-444
109900110,15,473,-458
109900111,117,911,-794
109900112,193,906,-713
109900113,113,123,-10
109900114,279,53,226
109900115,20,44,-24
109900117,124,40,84
109900118,104,407,-303
109900119,270,190,80
109900120,10,2,8
109900121,92,43,49
109900122,37,0,37
109900123,1,157,-156
109900124,16,773,-757
109900125,3,185,-182
109900126,11,167,-156
109900128,30,31,-1
109900130,9937,421,9516
109900131,27,71,-44
109900132,17,141,-124
109900133,10,366,-356
109900134,2,10,-8
109900135,156,26,130
109900136,24,88,-64
109900137,14,298,-284
109900138,34,232,-198
109900140,64,403,-339
109900141,29,102,-73
109900142,148,114,34
109900145,0,61,-61
109900146,105,26,79
109900148,14,47,-33
109900149,66,22,44
109900150,2,34,-32
109900151,6,47,-41
109900152,0,23,-23
109900153,0,32,-32
109900154,0,0,0
109900155,3,2,1
109900157,38,174,-136
109900158,29,82,-53
109900159,62,6,56
109900160,24,22,2
109900161,23,42,-19
109900162,33,45,-12
109900163,514,172,342
109900164,14,120,-106
109900165,49,2,47
109900166,1,163,-162
109900167,27,645,-618
109900168,40,495,-455
109900169,29,82,-53
109900170,159,156,3
109900171,15,47,-32
109900172,48,82,-34
109900173,3730,375,3355
109900174,19,102,-83
109900175,9,73,-64
109900176,39,208,-169
109900177,8,326,-318
109900178,1,89,-88
109900179,0,10,-10
109900180,1,1,0
110000001,258,428,-170
110000002,222,250,-28
110000003,655,556,99
110000004,283,333,-50
110000005,623,713,-90
110000006,493,289,204
110000007,54,128,-74
110000008,2,56,-54
110000009,11,35,-24
110000010,2,66,-64
110000011,8,64,-56
110000012,472,428,44
110000013,13,194,-181
110000014,504,266,238
110000015,277,329,-52
110000016,197,382,-185
110000017,4161,286,3875
110000018,3655,451,3204
110000019,5,142,-137
110000020,369,173,196
110000021,388,225,163
110000022,507,123,384
110000023,2,131,-129
110000024,559,284,275
110000025,42,1,41
110000026,10,540,-530
110000027,362,132,230
110000028,439,492,-53
110000029,220,805,-585
110000030,56,206,-150
110000031,83,574,-491
110000032,321,278,43
110000033,53,116,-63
110000034,119,651,-532
110000035,150,1032,-882
110000036,247,607,-360
110000037,41,1055,-1014
110000038,139,359,-220
110000039,182,566,-384
110000040,236,626,-390
110000041,30,148,-118
110000042,29,557,-528
110000043,105,21,84
110000044,21,164,-143
110000045,73,18,55
110000046,2,3,-1
110000047,0,1,-1
110000048,2,2,0
110000049,1,0,1
110000050,2,9,-7
110000051,1,1,0
110000052,14,45,-31
110000053,4,0,4
110000054,61,146,-85
110000055,43,7,36
110000056,3,11,-8
110000057,183,608,-425
110000058,286,551,-265
110000059,276,473,-197
110000060,200,404,-204
110000061,780,858,-78
110000062,407,374,33
110000063,26,55,-29
110000064,61,114,-53
110000065,33,53,-20
110000066,15,23,-8
110000067,33,322,-289
110000068,22,568,-546
110000069,57,71,-14
110000071,16,132,-116
110000073,4,25,-21
110000075,0,71,-71
110000076,207,137,70
110000077,307,352,-45
110000078,3,38,-35
110000080,131,474,-343
110000081,9,188,-179
110000082,4,136,-132
110000083,163,415,-252
110000084,193,201,-8
110000085,2908,891,2017
110000086,841,419,422
110000087,1,50,-49
110000088,13,170,-157
110000089,31,138,-107
110000090,97,255,-158
110000091,1515,219,1296
110000092,10,125,-115
110000093,17,2,15
110000094,299,180,119
110000095,25,223,-198
110000096,3876,1241,2635
110000097,527,489,38
110000098,654,194,460
110000099,564,1004,-440
110000100,72,937,-865
110000101,5,626,-621
110000102,20,24,-4
110000104,42,30,12
110000105,23,223,-200
110000106,126,89,37
110000107,223,332,-109
110000108,16,26,-10
110000109,121,254,-133
110000110,3711,1347,2364
110000111,9266,1087,8179
110000112,744,176,568
110000113,541,317,224
110000114,43,142,-99
110000115,85,173,-88
110000116,18,16,2
110000117,34,612,-578
110000118,114,232,-118
110000119,70,435,-365
110000120,131,143,-12
110000121,29,219,-190
110000122,164,427,-263
110000123,143,215,-72
110000124,3,682,-679
110000125,304,3,301
110000126,85,7,78
110000127,155,4,151
110000128,17,1621,-1604
110000129,2,511,-509
110000130,53,68,-15
110000131,55,348,-293
110000132,2,564,-562
110000133,45,201,-156
110000134,17,201,-184
110000135,72,23,49
110000136,16,257,-241
110000137,124,607,-483
110000138,162,796,-634
110000139,220,1258,-1038
110000140,370,123,247
110000143,296,222,74
110000144,1918,503,1415
110000145,474,428,46
110000146,1597,347,1250
110000147,124,518,-394
110000148,56,152,-96
110000151,411,230,181
110000152,331,197,134
110000153,35,47,-12
110000154,25,6,19
110000155,1068,979,89
110000156,344,644,-300
110000157,1397,895,502
110000160,156,389,-233
110000161,47,498,-451
110000166,69,83,-14
110000167,181,252,-71
110000168,305,125,180
110000169,85,162,-77
110000170,36,44,-8
110000171,139,69,70
110000172,66,692,-626
110000173,675,843,-168
110000174,48,1172,-1124
110000175,72,32,40
110000176,45,103,-58
110000177,57,342,-285
110000178,563,380,183
110000179,973,215,758
110000180,50,275,-225
110000181,172,278,-106
110000182,304,242,62
110000183,10663,2401,8262
110000184,284,1075,-791
110000185,811,543,268
110000186,692,451,241
110000191,159,471,-312
110000192,95,2,93
110000193,92,2,90
110000194,5,1227,-1222
110000195,46,447,-401
110000196,88,478,-390
110000197,10,205,-195
110000198,17,73,-56
110000199,16,111,-95
110000200,1053,718,335
110000201,256,335,-79
110000202,338,208,130
110000203,312,772,-460
110000204,3,366,-363
110000205,10,66,-56
110000206,344,1816,-1472
110000207,160,152,8
110000208,39,61,-22
110000209,61,758,-697
110000210,0,3,-3
110000211,0,0,0
110000212,83,507,-424
110000213,20,21,-1
110000214,47,52,-5
110000215,14,754,-740
110000216,14,669,-655
110000217,88,125,-37
110000218,25,495,-470
110000219,65,31,34
110000220,12,485,-473
110000221,79,41,38
110000222,9,332,-323
110000223,3,22,-19
110000224,49,5,44
110000225,90,305,-215
110000226,11,11,0
110000227,290,225,65
110000228,48,26,22
110000229,1,229,-228
110000230,172,420,-248
110000231,53,126,-73
110000232,49,149,-100
110000233,25,146,-121
110000234,345,217,128
110000235,412,621,-209
110000236,133,881,-748
110000237,669,693,-24
110000238,310,806,-496
110000239,604,1049,-445
110000240,2,97,-95
110000242,0,13,-13
110000243,33,227,-194
110000244,48,235,-187
110000245,9,296,-287
110000246,205,598,-393
110000247,783,3224,-2441
110000248,1105,1001,104
110000249,33,9,24
110000250,4,197,-193
110000251,49,463,-414
110000252,68,279,-211
110000253,344,268,76
110000254,283,1375,-1092
110000255,143,1142,-999
110000256,185,102,83
110000257,247,301,-54
110000258,1,493,-492
110000259,16,13,3
110000260,12,457,-445
110000263,246,118,128
110000264,55,521,-466
110000265,488,681,-193
110000266,990,1033,-43
110000267,13,203,-190
110000268,33,396,-363
110000269,2,83,-81
110000270,2,1,1
110000271,1134,143,991
110000272,294,698,-404
110000273,1124,956,168
110000274,152,526,-374
110000275,2857,410,2447
110000276,121,185,-64
110000277,44,282,-238
110000278,189,753,-564
110000279,180,448,-268
110000280,65,318,-253
110000281,10,108,-98
110000282,44,29,15
110000283,9,21,-12
110000284,8,13,-5
110000285,1,143,-142
110000286,0,0,0
110000287,21,1,20
110000288,0,76,-76
110000289,296,792,-496
110000290,1326,375,951
110000291,5773,914,4859
110000292,884,1713,-829
110000293,163,1013,-850
110000294,321,460,-139
110000295,46,822,-776
110000296,107,298,-191
110000297,1269,219,1050
110000298,83,256,-173
110000299,215,10,205
110000301,72,0,72
110000302,47,1245,-1198
110000303,100,1,99
110000304,45,235,-190
110000305,235,12,223
110000306,63,2440,-2377
110000307,346,4,342
110000308,112,5,107
110000309,10,1698,-1688
110000310,153,31,122
110000311,10,1020,-1010
110000312,214,17,197
110000313,1205,1173,32
110000314,3,190,-187
110000315,2158,1192,966
110000316,343,917,-574
110000317,438,361,77
110000318,1,79,-78
110000319,6,10,-4
110000320,8,45,-37
110000321,3,11,-8
110000322,46,481,-435
110000323,99,326,-227
110000324,4703,946,3757
110000325,398,938,-540
110000327,135,167,-32
110000328,101,527,-426
110000333,167,178,-11
110000334,233,1199,-966
110000335,339,405,-66
110000336,186,1274,-1088
110000337,260,382,-122
110000338,43,251,-208
110000339,32,239,-207
110000340,23,186,-163
110000341,97,500,-403
110000342,71,5,66
110000343,0,20,-20
110000344,8,153,-145
110000345,29,61,-32
110000346,1464,765,699
110000347,599,438,161
110000348,0,27,-27
110000349,1,14,-13
110000350,8,0,8
110000351,145,624,-479
110000352,124,1268,-1144
110000353,1967,503,1464
110000354,636,1500,-864
110000355,25,82,-57
110000356,0,0,0
110000357,101,13,88
110000361,15,78,-63
110000362,25,79,-54
110000363,79,90,-11
110000364,24,199,-175
110000365,41,2,39
110000366,1,79,-78
110000367,225,253,-28
110000368,1,38,-37
110000369,21,1,20
110000373,3,257,-254
110000374,7,2,5
110000375,63,570,-507
110000376,28,97,-69
110000377,0,0,0
110000378,31,213,-182
110000379,2838,706,2132
110000380,20,8,12
110000383,1,364,-363
110000384,541,76,465
110000385,0,282,-282
110000387,0,6,-6
110000388,10,190,-180
110000389,65,4,61
110000391,7,320,-313
110000396,16,130,-114
110000397,27,194,-167
110000398,0,17,-17
110000399,6,1,5
110000587,7,72,-65
110000589,46,113,-67
110000640,59,90,-31
110000652,6,74,-68
110000653,33,392,-359
110000654,1,8,-7
110000656,1,489,-488
110000674,6,3,3
110000675,0,2,-2
110000676,0,34,-34
110000679,415,139,276
110000682,23,24,-1
110000683,357,316,41
110000684,0,52,-52
110000685,0,0,0
110000686,1,14,-13
110000687,1,0,1
110000688,46,172,-126
110000689,11,43,-32
110000692,38,249,-211
110000693,55,145,-90
110000694,1,130,-129
110000695,53,598,-545
110000696,119,121,-2
110900001,34,5,29
110900002,17,212,-195
110900003,62,1030,-968
110900004,58,332,-274
110900005,4515,551,3964
110900006,10,2,8
110900007,4,7,-3
110900008,10,29,-19
110900009,73,14,59
110900010,3,91,-88
110900011,4,82,-78
110900012,3,192,-189
110900013,263,110,153
110900014,19,1,18
110900015,590,105,485
110900016,2,266,-264
110900017,44,36,8
110900018,120,11,109
110900019,21,1,20
110900020,5,648,-643
110900021,20,792,-772
110900022,23,405,-382
110900023,64,590,-526
110900024,14,549,-535
110900025,4,67,-63
110900027,12,262,-250
110900028,13,193,-180
110900029,58,497,-439
110900030,11,317,-306
110900031,1,172,-171
110900032,1,100,-99
110900033,28,307,-279
110900035,32,310,-278
110900036,10,30,-20
110900037,9,19,-10
110900038,1085,167,918
110900039,12,185,-173
110900040,91,22,69
110900041,0,192,-192
110900042,30,67,-37
110900043,0,174,-174
110900044,181,32,149
110900045,18,863,-845
110900046,170,287,-117
110900047,645,60,585
110900049,16,10,6
110900050,6,0,6
110900051,22,116,-94
110900052,3,213,-210
110900053,30,52,-22
110900054,16,289,-273
110900055,9,0,9
110900056,25,85,-60
110900057,1,223,-222
110900058,48,332,-284
110900059,254,789,-535
110900060,73,29,44
110900061,27,21,6
110900062,41,302,-261
110900063,10,94,-84
110900064,0,0,0
110900065,231,49,182
110900066,6,90,-84
110900067,612,249,363
110900068,142,259,-117
110900069,0,20,-20
110900070,65,35,30
110900071,154,132,22
110900073,0,15,-15
110900074,83,34,49
110900075,56,43,13
110900077,86,231,-145
110900078,5,104,-99
110900079,1373,206,1167
110900080,24,38,-14
110900081,0,105,-105
110900082,10,183,-173
110900083,31,15,16
110900084,5,235,-230
110900085,21,314,-293
110900086,22,60,-38
110900087,56,86,-30
110900088,1,0,1
110900090,15,12,3
110900091,0,59,-59
110900093,83,23,60
110900095,11,48,-37
110900097,2,11,-9
110900098,8,94,-86
110900099,58,635,-577
110900100,0,11,-11
110900102,4,13,-9
110900105,812,403,409
110900108,1,106,-105
110900111,149,46,103
110900112,136,3,133
110900113,336,24,312
110900115,0,54,-54
110900116,98,2493,-2395
110900118,90,327,-237
110900119,5795,180,5615
110900120,2,125,-123
110900121,38,1,37
110900122,54,74,-20
110900125,80,90,-10
110900127,232,340,-108
110900128,61,82,-21
110900129,169,93,76
110900130,647,113,534
110900131,22,50,-28
110900132,62,6,56
110900133,36,239,-203
110900135,78,571,-493
110900136,36,5,31
110900137,16,0,16
110900138,196,598,-402
110900139,1,40,-39
110900140,16,5,11
110900141,0,49,-49
110900142,12,257,-245
110900143,14,37,-23
110900144,2,526,-524
110900145,63,2,61
110900146,237,19,218
110900147,124,161,-37
110900148,0,224,-224
110900149,1,66,-65
110900150,7,5,2
110900151,0,81,-81
110900152,5,251,-246
110900153,16,10,6
111000001,128,60,68
111000002,221,327,-106
111000003,171,138,33
111000004,264,872,-608
111000005,289,231,58
111000006,613,1248,-635
111000007,1971,670,1301
111000008,2641,2064,577
111000009,213,737,-524
111000010,240,117,123
111000011,370,578,-208
111000012,185,144,41
111000013,178,700,-522
111000014,198,221,-23
111000017,68,404,-336
111000018,123,313,-190
111000020,1947,1656,291
111000021,35,42,-7
111000023,36,29,7
111000025,6166,929,5237
111000029,21,88,-67
111000030,14,54,-40
111000031,1241,277,964
111000032,220,160,60
111000033,136,50,86
111000034,201,122,79
111000037,2381,874,1507
111000038,1211,1610,-399
111000039,582,1592,-1010
111000040,692,1714,-1022
111000041,791,852,-61
111000042,6184,2063,4121
111000043,358,240,118
111000044,241,56,185
111000045,435,426,9
111000046,302,460,-158
111000047,566,744,-178
111000049,177,414,-237
111000050,1373,1484,-111
111000051,215,853,-638
111000052,339,958,-619
111000053,182,803,-621
111000054,139,729,-590
111000055,783,1836,-1053
111000056,46,670,-624
111000057,37,752,-715
111000058,18,78,-60
111000059,39,95,-56
111000060,202,118,84
111000061,118,193,-75
111000062,92,117,-25
111000063,423,414,9
111000064,110,286,-176
111000065,238,334,-96
111000066,46,110,-64
111000067,146,522,-376
111000068,134,442,-308
111000069,1097,1318,-221
111000070,1976,1055,921
111000071,179,821,-642
111000072,28,11,17
111000073,3,28,-25
111000074,251,227,24
111000075,79,196,-117
111000076,56,237,-181
111000077,405,612,-207
111000078,860,879,-19
111000079,694,461,233
111000080,144,358,-214
111000081,1782,2239,-457
111000082,282,498,-216
111000084,256,340,-84
111000085,287,852,-565
111000086,1050,578,472
111000087,350,465,-115
111000088,2740,708,2032
111000089,264,597,-333
111000090,701,921,-220
111000091,237,654,-417
111000092,387,1126,-739
111000093,223,467,-244
111000094,581,584,-3
111000095,214,973,-759
111000096,2124,3394,-1270
111000097,5783,715,5068
111000098,173,1227,-1054
111000099,147,2353,-2206
111000100,144,2117,-1973
111000101,241,827,-586
111000102,28,901,-873
111000104,37,53,-16
111000107,30,757,-727
111000109,27,58,-31
111000110,206,129,77
111000111,336,121,215
111000112,324,69,255
111000113,154,142,12
111000114,383,306,77
111000115,6130,419,5711
111000116,349,467,-118
111000117,218,562,-344
111000118,820,631,189
111000119,353,1339,-986
111000120,171,360,-189
111000121,65,314,-249
111000122,184,829,-645
111000123,362,3245,-2883
111000124,213,3662,-3449
111000125,83,2141,-2058
111000126,29,897,-868
111000127,46,13,33
111000128,111,32,79
111000129,181,56,125
111000130,188,378,-190
111000131,132,286,-154
111000132,81,44,37
111000133,46,87,-41
111000134,87,59,28
111000135,7,67,-60
111000136,85,81,4
111000138,4,7,-3
111000140,1,3,-2
111000141,34,221,-187
111000142,4,99,-95
111000143,1,69,-68
111000144,2,101,-99
111000145,0,0,0
111000146,0,0,0
111000147,0,0,0
111000148,26,84,-58
111000149,3,34,-31
111000150,6,2,4
111000151,4,11,-7
111000153,267,227,40
111000154,305,106,199
111000155,16,102,-86
111000156,83,42,41
111000157,32,59,-27
111000158,284,150,134
111000159,1257,236,1021
111000160,86,212,-126
111000161,1,175,-174
111000162,4,107,-103
111000163,159,571,-412
111000164,649,1654,-1005
111000165,826,289,537
111000166,647,232,415
111000167,84,344,-260
111000168,117,256,-139
111000169,104,162,-58
111000170,167,184,-17
111000171,261,768,-507
111000172,48,411,-363
111000173,69,811,-742
111000174,35,471,-436
111000175,9,237,-228
111000176,51,136,-85
111000177,37,227,-190
111000178,132,240,-108
111000179,34,139,-105
111000180,43,197,-154
111000181,169,183,-14
111000182,20,97,-77
111000183,52,89,-37
111000184,70,74,-4
111000185,155,470,-315
111000186,58,283,-225
111000187,31,299,-268
111000188,53,301,-248
111000189,1286,557,729
111000190,102,571,-469
111000191,82,542,-460
111000192,86,704,-618
111000193,256,370,-114
111000194,5,371,-366
111000195,19,415,-396
111000196,21,273,-252
111000197,32,50,-18
111000198,72,52,20
111000199,26,58,-32
111000200,30,123,-93
111000201,96,101,-5
111000202,49,77,-28
111000203,31,68,-37
111000204,83,67,16
111000213,50,257,-207
111000214,561,1118,-557
111000215,471,896,-425
111000217,257,498,-241
111000218,329,512,-183
111000219,166,190,-24
111000220,2262,576,1686
111000221,372,114,258
111000224,0,108,-108
111000225,38,12,26
111000226,5,0,5
111000227,2,0,2
111000228,9,119,-110
111000229,13,187,-174
111000230,85,369,-284
111000231,85,1247,-1162
111000232,132,797,-665
111000233,105,406,-301
111000234,36,142,-106
111000239,115,258,-143
111000240,3,8,-5
111000241,11,576,-565
111000242,5,5,0
111000243,27,935,-908
111000244,10,11,-1
111000245,130,479,-349
111000246,52,456,-404
111000247,63,1099,-1036
111000248,166,263,-97
111000249,176,802,-626
111000250,20,175,-155
111000251,28,165,-137
111000253,0,0,0
111000255,0,0,0
111000257,0,0,0
111000260,13,1101,-1088
111000261,168,21,147
111000271,15,255,-240
111000273,5151,769,4382
111000274,640,1199,-559
111000275,25,10,15
111000276,164,2359,-2195
111000277,142,429,-287
111000278,190,139,51
111000291,170,952,-782
111000298,161,186,-25
111000299,123,7,116
111000300,52,482,-430
111000302,85,79,6
111000303,34,228,-194
111000312,45,53,-8
111000315,1,34,-33
111000320,216,474,-258
111000321,74,39,35
111000322,37,397,-360
111000323,19,11,8
111000324,110,161,-51
111000325,3,47,-44
111000326,36,302,-266
111000327,93,259,-166
111000328,83,253,-170
111000329,0,21,-21
111000330,3,5,-2
111000331,3,2,1
111000332,238,792,-554
111000334,204,1372,-1168
111000335,109,76,33
111000337,129,420,-291
111000338,4,156,-152
111000339,62,794,-732
111000340,24,699,-675
111000341,312,90,222
111000342,37,211,-174
111000344,317,453,-136
111000345,17,3,14
111000346,4,97,-93
111000347,9,4,5
111000350,29,29,0
111000351,27,145,-118
111000352,20,23,-3
111000353,26,222,-196
111000354,51,38,13
111000355,83,642,-559
111000358,28,1706,-1678
111000360,11,1009,-998
111000361,28,400,-372
111000546,85,757,-672
111000547,35,415,-380
111000548,43,177,-134
111000549,32,251,-219
111000550,61,151,-90
111000551,272,58,214
111000552,44,10,34
111000907,22,7,15
111000908,0,0,0
111000916,231,201,30
111000917,19,249,-230
111000918,26,1070,-1044
111000920,65,1,64
111000921,0,268,-268
111000922,83,328,-245
111000924,7,1126,-1119
111000925,522,615,-93
111000926,558,2063,-1505
111000927,1998,1386,612
111000928,6409,2641,3768
111000929,306,454,-148
111000930,296,1966,-1670
111000931,653,711,-58
111000932,2758,2016,742
111000933,1411,652,759
111000934,1634,2187,-553
111000935,270,487,-217
111000936,312,1725,-1413
111000937,263,488,-225
111000938,1028,1992,-964
111000939,8,0,8
111000940,74,190,-116
111000941,70,390,-320
111000943,26,195,-169
111000944,23,503,-480
111000945,4,1975,-1971
111001109,45,30,15
111001110,45,648,-603
111001111,5,4,1
111001112,13,1,12
111001113,38,59,-21
111001114,231,12,219
111001115,12,256,-244
111001116,2427,298,2129
111001117,695,471,224
111001120,43,291,-248
111001121,47,293,-246
111001122,22,313,-291
111001123,1,12,-11
111900001,0,179,-179
111900002,4,818,-814
111900003,2,422,-420
111900004,10,167,-157
111900006,3,1,2
111900007,8,2,6
111900008,23,0,23
111900009,10,177,-167
111900010,111,494,-383
111900012,102,98,4
111900013,0,63,-63
111900014,7752,722,7030
111900015,0,44,-44
111900016,0,141,-141
111900017,0,148,-148
111900018,5,0,5
111900019,1,49,-48
111900020,3,21,-18
111900021,15,59,-44
111900022,1,35,-34
111900023,84,41,43
111900024,1,36,-35
111900025,0,30,-30
111900026,0,77,-77
111900027,1,121,-120
111900028,2,449,-447
111900029,5,91,-86
111900030,56,217,-161
111900031,6,90,-84
111900032,3,456,-453
111900033,5,117,-112
111900034,36,185,-149
111900035,3,151,-148
111900036,1,460,-459
111900038,186,281,-95
111900039,25,330,-305
111900040,3,765,-762
111900042,26,37,-11
111900043,1,469,-468
111900044,90,159,-69
111900046,30,244,-214
111900048,46,977,-931
111900049,16,376,-360
111900050,24,9,15
111900051,0,267,-267
111900052,271,738,-467
111900053,1036,156,880
111900054,24,0,24
111900055,14,833,-819
111900056,61,82,-21
111900057,13,48,-35
111900058,27,834,-807
111900059,986,75,911
111900060,42,0,42
111900061,8,415,-407
111900062,1,14,-13
111900063,37,198,-161
111900064,61,280,-219
111900065,23,3,20
111900066,13,34,-21
111900067,1,285,-284
111900068,12,7,5
111900069,25,6,19
111900070,7,35,-28
111900071,1,263,-262
111900072,15,0,15
111900073,103,14,89
111900074,5,184,-179
111900075,28,1,27
111900076,13,5,8
111900077,9,2,7
111900078,18,2,16
111900079,3,4,-1
111900080,83,12,71
111900081,640,38,602
111900082,13,6,7
111900083,5,1,4
111900084,3,0,3
111900085,4,3,1
111900086,9,2,7
111900087,4,2,2
111900088,26,1,25
111900089,5,2,3
111900090,39,13,26
111900091,16,1,15
111900092,6,0,6
111900093,42,0,42
111900094,9,0,9
111900095,49,0,49
111900096,8,0,8
111900097,18,0,18
111900098,19,0,19
111900099,10,0,10
111900100,12,0,12
111900101,8,2,6
111900102,43,722,-679
111900103,10,5,5
111900104,12,29,-17
111900105,68,73,-5
111900106,1601,37,1564
111900107,30,71,-41
111900108,41,10,31
111900109,152,43,109
111900110,3877,105,3772
111900111,6,193,-187
111900112,616,324,292
111900113,182,20,162
111900114,200,79,121
111900115,11,33,-22
111900118,17,5,12
111900119,26,2,24
111900122,11,2,9
111900123,7,7,0
111900124,20,83,-63
111900125,41,0,41
111900126,28,0,28
111900127,4,571,-567
111900128,1,442,-441
111900129,16,3,13
111900130,10,3,7
111900131,25,0,25
111900132,19,841,-822
111900133,2,264,-262
111900134,24,290,-266
111900135,1,4,-3
111900136,8,21,-13
111900137,15,26,-11
111900138,2,57,-55
111900139,7,156,-149
111900140,6,25,-19
111900141,8,7,1
111900142,44,7,37
111900143,4,212,-208
111900144,5,312,-307
111900145,6,913,-907
111900146,4,450,-446
111900147,135,686,-551
111900148,38,1058,-1020
111900149,6,557,-551
111900150,11,255,-244
111900151,2,30,-28
111900152,64,22,42
111900153,1330,44,1286
111900154,0,58,-58
111900155,12,16,-4
111900156,1,8,-7
111900157,8,4,4
111900158,53,3,50
111900159,18,0,18
111900160,27,0,27
111900161,13,20,-7
111900162,46,19,27
111900163,13,112,-99
111900164,8,5,3
111901113,27,183,-156
111901114,18,435,-417
111901115,11,0,11
111901116,5,0,5
111901117,1,5,-4
111901118,59,20,39
111901119,1478,106,1372
111901120,87,295,-208
111901121,88,349,-261
111901122,2,513,-511
111901123,20,471,-451
111901124,22,0,22
111901125,32,56,-24
111901126,38,10,28
111901127,985,100,885
111901128,13,138,-125
111901129,5,176,-171
111901130,11,311,-300
111901131,2,186,-184
111901132,7,1,6
111901133,3,0,3
111901134,4,0,4
111901135,0,1,-1
111901136,3,5,-2
111901137,0,2,-2
111901138,14,54,-40
111901139,9,72,-63
111901140,10,160,-150
111901141,0,201,-201
111901142,2,152,-150
111901143,2,98,-96
111901144,16,1,15
112000001,468,362,106
112000002,528,1921,-1393
112000003,229,411,-182
112000004,298,1640,-1342
112000005,561,662,-101
112000006,807,1698,-891
112000007,570,522,48
112000008,863,1785,-922
112000009,2273,2409,-136
112000010,1043,1271,-228
112000011,1277,1999,-722
112000012,5156,881,4275
112000013,6773,2921,3852
112000014,1447,351,1096
112000015,1814,1422,392
112000016,1598,728,870
112000017,867,934,-67
112000024,1413,469,944
112000026,3748,4563,-815
112000027,125,185,-60
112000028,1026,1649,-623
112000029,186,169,17
112000030,197,97,100
112000031,1478,1270,208
112000032,827,51,776
112000033,2492,439,2053
112000034,313,13,300
112000035,58,238,-180
112000036,315,241,74
112000037,391,1088,-697
112000038,373,629,-256
112000039,12,69,-57
112000040,83,380,-297
112000041,227,499,-272
112000042,589,203,386
112000050,150,518,-368
112000051,225,290,-65
112000054,1296,1893,-597
112000057,480,231,249
112000058,357,295,62
112000059,677,238,439
112000061,5995,1051,4944
112000062,4432,342,4090
112000063,1544,363,1181
112000064,4776,4919,-143
112000065,2081,2575,-494
112000066,1193,359,834
112000067,393,595,-202
112000068,434,344,90
112000069,219,3165,-2946
112000070,475,262,213
112000071,307,3335,-3028
112000072,325,488,-163
112000073,528,1363,-835
112000074,140,417,-277
112000075,250,374,-124
112000076,1953,2103,-150
112000077,177,713,-536
112000078,366,558,-192
112000079,591,1203,-612
112000080,229,747,-518
112000081,631,1432,-801
112000082,408,287,121
112000083,273,1554,-1281
112000084,345,286,59
112000085,293,1172,-879
112000086,355,741,-386
112000087,82,465,-383
112000088,134,433,-299
112000089,60,386,-326
112000090,101,251,-150
112000091,294,1286,-992
112000092,381,380,1
112000093,818,1267,-449
112000094,124,358,-234
112000095,293,744,-451
112000096,79,393,-314
112000097,144,236,-92
112000098,355,1644,-1289
112000099,153,149,4
112000100,294,452,-158
112000101,180,933,-753
112000102,165,240,-75
112000103,125,1420,-1295
112000105,160,1905,-1745
112000106,205,226,-21
112000107,1,82,-81
112000108,60,1262,-1202
112000109,10,19,-9
112000110,313,172,141
112000111,1102,5726,-4624
112000112,2709,218,2491
112000113,1090,2888,-1798
112000114,971,406,565
112000115,39,471,-432
112000116,136,892,-756
112000117,95,366,-271
112000118,376,779,-403
112000119,183,878,-695
112000120,43,359,-316
112000121,24,494,-470
112000122,27,59,-32
112000123,55,46,9
112000124,33,28,5
112000125,15,43,-28
112000126,26,485,-459
112000127,1662,521,1141
112000128,938,296,642
112000129,9,65,-56
112000130,18,23,-5
112000131,7,224,-217
112000132,26,344,-318
112000133,48,190,-142
112000134,135,373,-238
112000135,199,221,-22
112000136,369,1189,-820
112000137,303,379,-76
112000138,657,1180,-523
112000139,235,73,162
112000140,402,1014,-612
112000141,149,119,30
112000142,69,972,-903
112000143,174,118,56
112000144,133,1653,-1520
112000145,583,425,158
112000146,394,2150,-1756
112000147,515,789,-274
112000148,825,1948,-1123
112000149,56,333,-277
112000150,32,505,-473
112000151,86,294,-208
112000152,85,229,-144
112000153,31,117,-86
112000154,21,68,-47
112000155,51,40,11
112000157,280,199,81
112000158,50,484,-434
112000159,140,241,-101
112000167,58,6,52
112000169,117,214,-97
112000173,142,245,-103
112000175,82,272,-190
112000176,5062,1310,3752
112000177,84,45,39
112000178,42,401,-359
112000179,31,174,-143
112000180,102,190,-88
112000181,413,1609,-1196
112000182,153,1827,-1674
112000183,21,60,-39
112000184,51,314,-263
112000185,103,468,-365
112000187,1842,1944,-102
112000195,15,4,11
112000196,59,1,58
112000197,27,67,-40
112000198,25,527,-502
112000199,50,986,-936
112000202,1,0,1
112000216,32,79,-47
112000230,7,3,4
112000231,3,491,-488
112000256,6,26,-20
112000313,114,247,-133
112000314,29,3,26
112000337,68,567,-499
112000352,41,100,-59
112000392,1738,775,963
112000398,303,323,-20
112000399,542,488,54
112000400,1203,3194,-1991
112000401,1249,2046,-797
112000402,489,806,-317
112000403,634,715,-81
112000404,148,275,-127
112000405,401,1024,-623
112000406,2074,2577,-503
112000407,1588,2647,-1059
112000408,7387,5022,2365
112000409,1128,3625,-2497
112000410,104,45,59
112000411,4258,319,3939
112000412,631,137,494
112000413,7487,522,6965
112000414,17,50,-33
112000415,26,25,1
112000416,576,609,-33
112000417,55,36,19
112000421,12,123,-111
112000422,97,440,-343
112000424,1371,704,667
112000425,162,785,-623
112000426,12,125,-113
112000427,0,11,-11
112000428,10,367,-357
112000429,841,2014,-1173
112000430,787,2197,-1410
112000431,8,19,-11
112000432,329,2108,-1779
112000433,499,278,221
112000437,10,310,-300
112900001,2,0,2
112900002,25,1289,-1264
112900003,15,202,-187
112900004,9,401,-392
112900005,25,249,-224
112900006,4,494,-490
112900007,3,151,-148
112900008,0,4,-4
112900009,65,20,45
112900010,28,620,-592
112900011,302,183,119
112900012,0,45,-45
112900013,0,94,-94
112900014,1,241,-240
112900015,220,927,-707
112900016,1,166,-165
112900017,11,117,-106
112900018,3,332,-329
112900019,54,73,-19
112900020,456,1759,-1303
112900021,4,208,-204
112900022,5,37,-32
112900023,2,226,-224
112900024,6,117,-111
112900025,31,116,-85
112900026,6,246,-240
112900027,6,1217,-1211
112900028,20,65,-45
112900029,0,476,-476
112900030,178,160,18
112900031,5,604,-599
112900032,61,199,-138
112900034,1,33,-32
112900035,3,387,-384
112900036,36,137,-101
112900037,53,20,33
112900038,97,126,-29
112900039,8,283,-275
112900040,5,315,-310
112900041,968,420,548
112900042,14,438,-424
112900043,4,46,-42
112900044,335,299,36
112900045,378,207,171
112900046,184,42,142
112900047,8,2,6
112900049,8,64,-56
112900050,97,691,-594
112900051,279,800,-521
112900052,3,911,-908
112900053,166,92,74
112900054,255,13,242
112900055,80,12,68
112900056,165,77,88
112900057,4,686,-682
112900058,157,40,117
112900059,25,103,-78
112900060,3,224,-221
112900061,21,114,-93
112900062,25,208,-183
112900063,28,0,28
112900064,96,71,25
112900065,4,4,0
112900066,46,24,22
112900067,418,52,366
112900068,2,6,-4
112900069,2365,175,2190
112900071,6,1,5
112900072,113,254,-141
112900073,48,13,35
112900074,5,10,-5
112900075,1897,164,1733
112900076,14,0,14
112900078,56,86,-30
112900079,32,3,29
112900080,1,1,0
112900081,12,27,-15
112900082,74,3,71
112900083,15,11,4
112900084,6,8,-2
112900085,0,1,-1
112900086,5,0,5
112900087,150,45,105
112900088,4,0,4
112900089,204,7,197
112900090,3,0,3
112900091,10,1,9
112900092,62,39,23
112900093,152,4,148
112900094,1,0,1
112900095,0,0,0
112900096,66,31,35
112900097,10,338,-328
112900098,2,0,2
112900099,90,3,87
112900100,2,0,2
112900101,20,2,18
112900102,37,2,35
112900103,21,0,21
112900104,1,0,1
112900105,1,0,1
112900106,77,51,26
112900107,0,0,0
112900108,0,0,0
112900109,7,1,6
112900110,55,4,51
112900111,80,0,80
112900112,20,0,20
112900113,0,1,-1
112900114,6,31,-25
112900115,157,2,155
112900116,11,20,-9
112900117,85,105,-20
112900118,10,58,-48
112900119,13,1,12
112900120,434,89,345
112900121,163,79,84
112900122,7,156,-149
112900123,108,39,69
112900124,1,158,-157
112900125,33,124,-91
112900126,66,241,-175
112900127,53,11,42
112900128,306,537,-231
112900129,6,1110,-1104
112900130,45,27,18
112900131,29,178,-149
112900132,46,529,-483
112900133,20,1364,-1344
112900134,3,335,-332
112900135,47,5,42
112900136,0,37,-37
112900137,4,921,-917
112900138,4,451,-447
112900139,100,1346,-1246
112900140,0,95,-95
112900141,67,27,40
112900142,56,15,41
112900143,22,577,-555
112900144,2,260,-258
112900145,25,396,-371
112900146,6,1286,-1280
112900147,15,2410,-2395
112900148,3,0,3
112900149,83,284,-201
112900151,26,13,13
112900152,5048,905,4143
112900153,645,254,391
112900154,0,38,-38
112900155,9,2,7
112900156,73,1752,-1679
112900157,15,4,11
112900158,2,6,-4
112900159,43,18,25
112900160,9,218,-209
112900161,12,10,2
112900162,17,4,13
112900163,36,20,16
112900164,20,39,-19
112900165,23,22,1
112900166,9,16,-7
112900167,0,18,-18
112900168,0,0,0
112900169,2,3,-1
112900170,13,67,-54
112900172,60,0,60
112900173,137,73,64
112900174,63,7,56
112900175,54,25,29
112900176,4,4,0
112900177,27,9,18
112900178,225,332,-107
112900179,25,652,-627
112900180,386,3259,-2873
112900181,63,2,61
112900182,24,1431,-1407
112900183,93,111,-18
112900184,230,219,11
112900185,160,182,-22
112900186,1138,342,796
112900187,18,120,-102
112900188,967,240,727
112900189,2,30,-28
112900190,1,56,-55
112900192,135,56,79
112900193,447,92,355
112900194,6,138,-132
112900195,69,8,61
112900196,200,804,-604
112900197,51,442,-391
112900199,37,522,-485
112900200,73,122,-49
112900201,22,43,-21
112900202,22,880,-858
112900203,28,157,-129
112900204,332,168,164
112900205,0,2,-2
112900206,3,21,-18
112900207,0,0,0
112900208,15,36,-21
112900209,146,375,-229
112900210,0,22,-22
112900211,41,33,8
112900212,0,45,-45
112900213,2,12,-10
112900214,2,1,1
112900215,1,185,-184
112900216,13,14,-1
112900217,4,53,-49
112900218,0,1,-1
112900219,1,18,-17
112900220,0,0,0
112900221,3,91,-88
112900222,0,10,-10
112900223,176,1,175
112900224,31,772,-741
112900225,36,574,-538
112900226,211,168,43
112900227,41,1391,-1350
112900228,5,14,-9
112900229,11,22,-11
112900230,8721,1448,7273
112900232,103,68,35
112900233,9,190,-181
112900234,5,106,-101
112900235,13,2,11
112900236,18,9,9
112900237,11,324,-313
112900238,1,44,-43
113000001,2733,2721,12
113000002,1794,2150,-356
113000003,1300,1011,289
113000004,1491,1121,370
113000005,624,711,-87
113000006,393,771,-378
113000007,916,909,7
113000008,689,1037,-348
113000009,365,580,-215
113000010,375,957,-582
113000011,414,1552,-1138
113000012,380,324,56
113000013,437,255,182
113000014,1001,832,169
113000015,242,124,118
113000016,206,205,1
113000017,31,242,-211
113000018,26,20,6
113000019,42,192,-150
113000020,3,5,-2
113000021,130,395,-265
113000022,155,1286,-1131
113000025,25,208,-183
113000026,64,238,-174
113000027,177,251,-74
113000028,616,330,286
113000029,617,266,351
113000030,528,406,122
113000031,248,196,52
113000032,171,139,32
113000033,275,159,116
113000034,472,261,211
113000035,25,30,-5
113000036,6,27,-21
113000037,40,25,15
113000038,12,52,-40
113000039,62,266,-204
113000040,21,52,-31
113000042,312,189,123
113000051,305,1055,-750
113000052,1715,814,901
113000053,122,596,-474
113000054,96,448,-352
113000055,371,659,-288
113000056,310,1382,-1072
113000058,587,872,-285
113000059,414,364,50
113000060,35,459,-424
113000061,384,790,-406
113000062,825,64,761
113000063,27,219,-192
113000064,11,292,-281
113000065,59,1136,-1077
113000066,92,67,25
113000067,520,611,-91
113000068,124,1702,-1578
113000069,145,1319,-1174
113000070,347,428,-81
113000071,104,622,-518
113000072,134,255,-121
113000073,376,1283,-907
113000074,494,190,304
113000075,913,190,723
113000076,882,1271,-389
113000077,827,211,616
113000078,641,1105,-464
113000079,874,456,418
113000080,513,197,316
113000081,535,485,50
113000082,879,600,279
113000083,200,363,-163
113000084,848,960,-112
113000085,258,300,-42
113000086,419,816,-397
113000087,374,437,-63
113000088,1223,866,357
113000089,344,782,-438
113000090,53,137,-84
113000091,703,210,493
113000094,185,59,126
113000095,143,1077,-934
113000096,91,801,-710
113000097,209,155,54
113000098,66,11,55
113000099,712,98,614
113000100,98,342,-244
113000101,209,455,-246
113000102,161,74,87
113000103,1576,506,1070
113000104,222,1301,-1079
113000105,155,228,-73
113000106,153,532,-379
113000107,187,565,-378
113000108,483,1164,-681
113000109,248,1251,-1003
113000110,864,196,668
113000111,35,211,-176
113000112,76,146,-70
113000113,1711,116,1595
113000114,309,606,-297
113000116,437,172,265
113000117,574,164,410
113000118,63,174,-111
113000119,65,365,-300
113000120,4,157,-153
113000121,322,723,-401
113000124,46,106,-60
113000125,10,202,-192
113000127,3361,537,2824
113000128,299,368,-69
113000129,607,690,-83
113000133,3817,582,3235
113000134,6,342,-336
113000135,992,904,88
113000137,1097,505,592
113000139,308,90,218
113000140,190,246,-56
113000141,369,36,333
113000142,600,678,-78
113000143,192,101,91
113000144,288,457,-169
113000145,39,117,-78
113000146,65,42,23
113000147,66,117,-51
113000148,65,170,-105
113000149,66,169,-103
113000150,403,341,62
113000151,94,42,52
113000152,61,190,-129
113000153,1135,373,762
113000154,407,608,-201
113000155,161,199,-38
113000156,98,357,-259
113000157,150,637,-487
113000158,329,122,207
113000159,475,276,199
113000160,300,994,-694
113000161,121,665,-544
113000162,443,212,231
113000163,30,25,5
113000164,10,121,-111
113000166,13,18,-5
113000167,21,225,-204
113000168,34,230,-196
113000169,41,15,26
113000170,21,20,1
113000171,47,77,-30
113000172,71,16,55
113000173,16,7,9
113000174,77,586,-509
113000175,76,32,44
113000176,78,26,52
113000177,45,447,-402
113000178,93,387,-294
113000179,54,20,34
113000180,181,834,-653
113000181,311,912,-601
113000182,113,106,7
113000183,146,427,-281
113000184,17,85,-68
113000189,291,387,-96
113000190,1566,270,1296
113000192,1366,1003,363
113000193,2348,480,1868
113000194,958,867,91
113000195,795,309,486
113000196,10,61,-51
113000197,323,425,-102
113000198,14,194,-180
113000199,344,300,44
113000201,51,124,-73
113000202,2612,609,2003
113000203,52,25,27
113000204,684,969,-285
113000205,7,25,-18
113000206,13,25,-12
113000207,24,17,7
113000208,38,27,11
113000209,8,17,-9
113000210,5,14,-9
113000211,120,75,45
113000212,189,5,184
113000213,2,53,-51
113000214,34,94,-60
113000234,91,1668,-1577
113000410,32,37,-5
113000411,2143,2890,-747
113000412,9538,1338,8200
113000413,4507,1490,3017
113000414,11401,5960,5441
113000415,2118,1567,551
113000416,9450,2277,7173
113000417,2964,1895,1069
113000418,2105,1767,338
113000419,1301,1134,167
113000420,3391,1716,1675
113000421,1994,2157,-163
113000422,18107,3353,14754
113000423,2962,1957,1005
113000424,4224,3164,1060
113000425,8,53,-45
113000428,41,7,34
113000430,2,12,-10
113000432,285,47,238
113000433,91,856,-765
113000434,14,368,-354
113000435,8,967,-959
113000436,10,1290,-1280
113000437,53,1,52
113000438,12,0,12
113000439,6,201,-195
113000440,20,21,-1
113000441,10,134,-124
113000442,39,343,-304
113000443,21,181,-160
113000444,22,325,-303
113000445,8,56,-48
113000446,7,69,-62
113000448,101,71,30
113000449,155,102,53
113000450,350,360,-10
113000451,748,51,697
113000452,83,57,26
113000453,37,181,-144
113000454,119,4,115
113000455,2,105,-103
113000456,2691,1337,1354
113000468,2333,202,2131
113000469,180,83,97
113000470,449,46,403
113000471,3,176,-173
113000472,32,190,-158
113000474,129,498,-369
113000475,1110,1404,-294
113000476,501,1611,-1110
113000477,983,1783,-800
113000478,2310,4308,-1998
113000479,22,196,-174
113000480,55,65,-10
113000481,0,0,0
113000482,0,0,0
113000483,0,0,0
113000485,0,0,0
113000486,0,0,0
113000487,0,0,0
113000488,0,0,0
113000489,0,0,0
113000490,0,0,0
113000491,0,0,0
113000492,0,0,0
113000493,0,0,0
113000495,77,178,-101
113000496,22,45,-23
113000497,0,0,0
113000498,0,0,0
113000499,0,0,0
113000500,0,10,-10
113900001,1,13,-12
113900002,0,27,-27
113900003,0,16,-16
113900004,0,5,-5
113900005,0,1,-1
113900006,2,1,1
113900007,4,1,3
113900008,0,0,0
113900009,15,0,15
113900010,2,0,2
113900011,0,0,0
113900012,0,0,0
113900013,29,0,29
113900014,170,0,170
113900015,1,34,-33
113900016,8,1,7
113900017,0,46,-46
113900018,312,25,287
113900019,16,33,-17
113900020,27,1,26
113900022,0,0,0
113900023,6,0,6
113900024,32,44,-12
113900025,166,7,159
113900026,7,1,6
113900027,5,45,-40
113900028,11,314,-303
113900029,7,268,-261
113900030,24,2,22
113900031,0,0,0
113900032,3,0,3
113900033,18,65,-47
113900035,8,0,8
113900036,12,64,-52
113900037,56,466,-410
113900038,12,12,0
113900039,20,1,19
113900040,0,2,-2
113900041,0,0,0
113900042,4,8,-4
113900043,87,62,25
113900044,54,17,37
113900045,13,6,7
113900046,370,766,-396
113900047,6,98,-92
113900048,350,17,333
113900049,808,53,755
113900050,84,320,-236
113900051,47,326,-279
113900052,85,44,41
113900053,127,31,96
113900054,1,3,-2
113900055,52,758,-706
113900056,1,96,-95
113900057,19,113,-94
113900058,20,185,-165
113900059,34,322,-288
113900060,61,211,-150
113900061,588,14,574
113900062,13,4,9
113900063,5,99,-94
113900064,9,139,-130
113900065,117,5,112
113900066,62,426,-364
113900067,13,311,-298
113900068,88,141,-53
113900069,64,0,64
113900070,96,436,-340
113900071,13,47,-34
113900072,10,137,-127
113900073,66,395,-329
113900074,17,377,-360
113900075,285,297,-12
113900076,55,3,52
113900077,14,258,-244
113900078,3,48,-45
113900079,0,57,-57
113900080,124,70,54
113900081,10,241,-231
113900082,21,170,-149
113900083,39,670,-631
113900084,70,24,46
113900085,13,318,-305
113900086,3,7,-4
113900087,6,261,-255
113900088,12,24,-12
113900089,94,18,76
113900090,174,148,26
113900091,11,17,-6
113900092,2,39,-37
113900093,9,224,-215
113900094,32,374,-342
113900095,38,37,1
113900096,29,29,0
113900097,0,142,-142
113900098,133,17,116
113900099,0,65,-65
113900100,0,0,0
113900101,4,27,-23
113900102,9,33,-24
113900103,106,144,-38
113900104,19,49,-30
113900105,7,285,-278
113900106,0,88,-88
113900107,4,24,-20
113900108,87,103,-16
113900109,211,56,155
113900110,2,9,-7
113900111,18,97,-79
113900112,17,76,-59
113900113,199,130,69
113900114,0,100,-100
113900115,1,88,-87
113900116,16,48,-32
113900117,41,3,38
113900118,44,122,-78
113900119,224,104,120
113900120,11,25,-14
113900121,29,79,-50
113900122,138,380,-242
113900123,89,47,42
113900124,2,53,-51
113900125,1097,131,966
113900126,43,36,7
113900127,90,156,-66
113900128,26,28,-2
113900129,0,40,-40
113900130,0,10,-10
113900131,40,39,1
113900132,9,39,-30
113900133,4,9,-5
113900135,76,395,-319
113900136,36,45,-9
113900137,107,82,25
113900138,31,75,-44
113900139,514,42,472
113900140,357,113,244
113900141,61,342,-281
113900142,11,49,-38
113900143,6,8,-2
113900144,242,85,157
113900145,51,109,-58
113900146,46,30,16
113900148,35,90,-55
113900149,43,7,36
113900150,1729,342,1387
113900151,63,120,-57
113900152,8,58,-50
113900153,476,242,234
113900154,1,44,-43
113900155,164,39,125
113900156,94,659,-565
113900157,14,186,-172
113900158,445,70,375
113900159,6,86,-80
113900160,283,839,-556
113900161,13,80,-67
113900162,562,310,252
113900163,81,103,-22
113900164,36,8,28
113900165,395,430,-35
113900166,148,41,107
113900167,74,46,28
113900168,83,95,-12
113900169,84,404,-320
113900171,13,10,3
113900172,4,191,-187
113900173,59,650,-591
113900174,154,896,-742
113900175,55,37,18
113900176,50,783,-733
113900177,102,122,-20
113900178,58,29,29
113900179,14,673,-659
113900180,67,107,-40
113900181,162,20,142
113900182,134,800,-666
113900183,25,38,-13
113900184,18,517,-499
113900185,56,68,-12
113900186,12,30,-18
113900187,25,137,-112
113900188,13,132,-119
113900189,74,16,58
113900190,251,87,164
113900191,92,169,-77
113900192,4,162,-158
113900193,26,340,-314
113900194,1790,665,1125
113900195,197,354,-157
113900196,0,131,-131
113900197,2,283,-281
113900198,4,106,-102
113900199,176,540,-364
113900200,11,261,-250
113900201,1,275,-274
113900202,33,121,-88
113900203,1,348,-347
113900204,18,600,-582
113900205,9,46,-37
113900206,1,71,-70
113900207,0,64,-64
113900208,0,51,-51
113900209,1,103,-102
113900210,351,213,138
113900211,52,8,44
113900212,23,554,-531
113900214,327,232,95
113900215,8,86,-78
113900216,4,1075,-1071
113900217,26,328,-302
113900218,47,14,33
113900219,94,405,-311
113900220,54,33,21
113900221,134,82,52
113900222,28,85,-57
113900223,4,894,-890
113900224,99,36,63
113900225,550,112,438
113900226,96,78,18
113900227,126,84,42
113900228,339,159,180
113900229,6,287,-281
113900230,3587,625,2962
113900231,48,158,-110
113900232,24,107,-83
113900233,10,32,-22
113900234,47,138,-91
113900235,19,10,9
113900236,3,248,-245
113900237,13,5,8
113900238,106,170,-64
113900239,10,27,-17
113900240,3,73,-70
113900241,60,49,11
113900242,27,117,-90
113900243,92,245,-153
113900244,560,118,442
113900245,1216,141,1075
113900246,14,5,9
113900247,137,132,5
113900248,3647,505,3142
113900249,703,97,606
113900250,25,18,7
113900251,118,213,-95
113900252,178,15,163
113900253,191,12,179
113900254,80,21,59
113900255,84,14,70
113900256,64,8,56
113900257,20,662,-642
113900258,13,555,-542
113900259,72,222,-150
113900260,32,9,23
113900261,4,116,-112
113900262,39,762,-723
113900263,25,407,-382
113900264,4,663,-659
113900265,63,345,-282
113900266,12,275,-263
113900267,65,450,-385
113900268,81,171,-90
113900269,27,107,-80
113900270,101,204,-103
113900271,164,1283,-1119
113900273,2,0,2
113900274,4,0,4
113900275,9,45,-36
113900276,4,290,-286
113900277,15,0,15
113900278,201,154,47
113900279,75,106,-31
113900280,525,325,200
113900281,115,667,-552
113900282,588,189,399
113900283,194,385,-191
113900284,139,56,83
113900285,49,8,41
113900286,36,165,-129
113900287,7,178,-171
113900288,1,62,-61
113900289,1503,20,1483
113900290,320,17,303
113900291,128,164,-36
113900292,2,5,-3
113900293,2,169,-167
113900294,69,6,63
113900295,165,114,51
113900296,2191,266,1925
113900297,123,7,116
113900298,4,1359,-1355
113900299,6,159,-153
113900300,6127,1114,5013
113900301,347,51,296
113900302,1745,394,1351
113900303,397,45,352
113900304,1,194,-193
113900305,12,0,12
113900306,5,0,5
113900307,31,0,31
113900308,32,82,-50
113900309,1,866,-865
113900310,0,9,-9
113900311,0,0,0
113900312,41,87,-46
113900313,37,9,28
114000001,891,2624,-1733
114000002,92,353,-261
114000003,40,295,-255
114000004,130,389,-259
114000005,95,199,-104
114000006,2194,2064,130
114000007,339,1342,-1003
114000008,1230,729,501
114000009,103,89,14
114000011,1357,2267,-910
114000012,576,2284,-1708
114000013,353,1758,-1405
114000014,201,298,-97
114000015,774,406,368
114000016,151,394,-243
114000017,49,143,-94
114000018,310,74,236
114000026,277,1361,-1084
114000027,571,1329,-758
114000028,835,1100,-265
114000038,66,124,-58
114000039,49,84,-35
114000040,39,138,-99
114000042,42,190,-148
114000043,4,255,-251
114000044,37,40,-3
114000045,14,148,-134
114000046,1658,4421,-2763
114000047,4,75,-71
114000048,10,33,-23
114000049,788,622,166
114000050,569,513,56
114000051,2039,895,1144
114000052,1744,531,1213
114000053,34,304,-270
114000054,24,1164,-1140
114000055,90,14,76
114000056,376,378,-2
114000057,7390,1768,5622
114000058,202,182,20
114000059,98,110,-12
114000060,144,713,-569
114000061,1622,428,1194
114000062,732,292,440
114000063,2218,1244,974
114000064,6294,1560,4734
114000065,912,1386,-474
114000066,100,377,-277
114000067,5,86,-81
114000068,236,294,-58
114000069,425,345,80
114000070,1035,516,519
114000071,201,764,-563
114000072,77,437,-360
114000073,5,68,-63
114000074,10,31,-21
114000075,2,78,-76
114000076,0,66,-66
114000077,0,20,-20
114000078,63,1616,-1553
114000079,25,37,-12
114000080,32,20,12
114000081,5,15,-10
114000082,19,627,-608
114000083,11,226,-215
114000084,45,53,-8
114000085,76,774,-698
114000086,58,753,-695
114000087,12,314,-302
114000088,4,22,-18
114000089,1085,263,822
114000090,149,151,-2
114000091,686,237,449
114000092,437,180,257
114000093,344,370,-26
114000094,112,216,-104
114000095,19,19,0
114000096,65,463,-398
114000097,20,906,-886
114000098,48,18,30
114000099,81,1246,-1165
114000100,161,647,-486
114000101,214,1431,-1217
114000102,38,111,-73
114000103,35,411,-376
114000104,12,289,-277
114000105,7,83,-76
114000106,883,246,637
114000107,42,122,-80
114000108,1644,1054,590
114000109,30,81,-51
114000110,215,1438,-1223
114000111,146,104,42
114000112,78,1208,-1130
114000113,68,56,12
114000114,731,1216,-485
114000115,251,131,120
114000116,63,270,-207
114000117,275,152,123
114000118,281,140,141
114000119,263,97,166
114000120,275,940,-665
114000121,196,413,-217
114000122,179,229,-50
114000123,181,102,79
114000124,74,123,-49
114000125,503,1383,-880
114000126,256,64,192
114000127,10,68,-58
114000128,96,174,-78
114000130,32,52,-20
114000131,26,16,10
114000132,326,855,-529
114000133,778,1180,-402
114000134,25,241,-216
114000138,47,175,-128
114000139,84,65,19
114000144,193,165,28
114000145,27,188,-161
114000146,66,350,-284
114000147,417,421,-4
114000148,1029,200,829
114000149,44,48,-4
114000150,563,467,96
114000151,545,319,226
114000152,30,6,24
114000153,583,923,-340
114000154,440,451,-11
114000155,669,830,-161
114000156,148,195,-47
114000157,94,431,-337
114000158,1934,507,1427
114000159,144,273,-129
114000160,74,122,-48
114000161,553,374,179
114000162,310,289,21
114000163,6,158,-152
114000165,85,71,14
114000166,299,50,249
114000167,2823,709,2114
114000168,466,551,-85
114000169,452,160,292
114000170,213,182,31
114000171,141,253,-112
114000174,69,374,-305
114000176,319,293,26
114000177,1943,528,1415
114000178,8,43,-35
114000179,298,65,233
114000180,217,381,-164
114000181,693,1064,-371
114000182,3843,1484,2359
114000183,750,781,-31
114000184,6579,1524,5055
114000185,113,202,-89
114000189,70,15,55
114000190,349,29,320
114000191,18,13,5
114000192,248,1391,-1143
114000193,799,3336,-2537
114000194,517,1110,-593
114000195,9,4,5
114000196,1,267,-266
114000197,194,60,134
114000198,984,351,633
114000199,1410,770,640
114000200,357,2427,-2070
114000201,32,913,-881
114000202,529,713,-184
114000203,138,677,-539
114000204,78,377,-299
114000205,130,1394,-1264
114000206,232,966,-734
114000207,438,2260,-1822
114000208,279,2969,-2690
114000209,352,3009,-2657
114000210,213,1661,-1448
114000211,328,997,-669
114000212,479,422,57
114000213,410,374,36
114000214,25,234,-209
114000215,33,39,-6
114000216,105,10,95
114000217,8,253,-245
114000218,69,277,-208
114000219,190,246,-56
114000220,3,973,-970
114000221,113,79,34
114000222,73,946,-873
114000223,104,13,91
114000224,60,628,-568
114000225,37,397,-360
114000226,21,248,-227
114000227,227,244,-17
114000228,193,742,-549
114000229,228,1002,-774
114000230,459,1232,-773
114000231,263,976,-713
114000232,78,62,16
114000233,386,54,332
114000234,271,763,-492
114000235,301,1314,-1013
114000236,1,568,-567
114000237,37,1101,-1064
114000238,17,107,-90
114000239,82,1288,-1206
114000240,269,423,-154
114000241,157,826,-669
114000242,592,761,-169
114000243,285,406,-121
114000244,104,70,34
114000245,161,531,-370
114000246,96,28,68
114000247,198,439,-241
114000248,243,315,-72
114000249,173,253,-80
114000250,45,396,-351
114000251,50,317,-267
114000252,25,109,-84
114000253,1,60,-59
114000254,14,115,-101
114000255,309,106,203
114000256,602,264,338
114000257,447,2014,-1567
114000258,39,490,-451
114000259,10,273,-263
114000260,0,19,-19
114000261,3,0,3
114000262,26,190,-164
114000263,0,0,0
114000264,179,808,-629
114000265,0,0,0
114000267,5,698,-693
114000268,7,1829,-1822
114000270,8,0,8
114000271,103,74,29
114000283,104,356,-252
114000285,61,330,-269
114000288,19,314,-295
114000289,411,72,339
114000293,40,285,-245
114000294,97,132,-35
114000395,105,13,92
114000396,100,118,-18
114000402,130,296,-166
114000403,102,485,-383
114000405,40,570,-530
114000423,48,559,-511
114000424,53,235,-182
114000425,113,693,-580
114000426,20,34,-14
114000427,25,108,-83
114000428,103,40,63
114000429,1,201,-200
114000432,17,140,-123
114000434,11,84,-73
114000435,3,143,-140
114900001,147,1204,-1057
114900002,210,18,192
114900003,78,1778,-1700
114900004,52,34,18
114900005,113,753,-640
114900006,8,12,-4
114900007,19,1,18
114900008,16,22,-6
114900010,2007,708,1299
114900011,23,51,-28
114900013,50,33,17
114900015,16,78,-62
114900018,345,27,318
114900020,28,24,4
114900021,41,81,-40
114900022,6,399,-393
114900024,17,86,-69
114900025,108,183,-75
114900026,25,18,7
114900027,55,128,-73
114900029,14,5,9
114900030,53,174,-121
114900031,13,8,5
114900032,17,11,6
114900033,1024,107,917
114900034,37,244,-207
114900035,61,219,-158
114900036,128,1341,-1213
114900037,29,169,-140
114900038,131,1440,-1309
114900039,179,938,-759
114900040,9,181,-172
114900041,126,792,-666
114900042,194,998,-804
114900043,582,232,350
114900044,10,5,5
114900045,21,162,-141
114900046,24,111,-87
114900047,63,533,-470
114900048,8,149,-141
114900049,12,224,-212
114900050,6,548,-542
114900051,11,445,-434
114900052,126,120,6
114900053,73,150,-77
114900054,24,111,-87
114900057,34,2,32
114900058,0,76,-76
114900059,11,17,-6
114900060,687,217,470
114900061,60,182,-122
114900062,193,206,-13
114900063,32,207,-175
114900064,205,796,-591
114900065,58,420,-362
114900067,7,223,-216
114900068,44,148,-104
114900069,190,133,57
114900070,107,515,-408
114900072,3,156,-153
114900073,1,199,-198
114900074,32,750,-718
114900075,30,2,28
114900076,3,425,-422
114900080,2294,192,2102
114900082,2390,707,1683
114900083,91,366,-275
114900084,18,81,-63
114900090,53,58,-5
114900091,61,100,-39
114900095,364,99,265
114900096,342,405,-63
114900097,14,0,14
114900098,2,113,-111
114900099,25,1,24
115000001,8208,5983,2225
115000002,1273,1230,43
115000003,2735,4255,-1520
115000004,823,1745,-922
115000005,800,2718,-1918
115000006,192,628,-436
115000007,15,94,-79
115000008,154,144,10
115000009,68,212,-144
115000010,92,64,28
115000013,45,73,-28
115000015,51,100,-49
115000016,194,133,61
115000019,3,169,-166
115000020,138,66,72
115000021,218,305,-87
115000022,383,239,144
115000023,46,86,-40
115000024,846,400,446
115000025,130,84,46
115000026,97,264,-167
115000027,13,40,-27
115000028,50,531,-481
115000029,19,35,-16
115000030,118,665,-547
115000031,125,89,36
115000032,1,177,-176
115000033,43,4,39
115000034,74,719,-645
115000035,107,4,103
115000036,1,288,-287
115000037,26,0,26
115000038,28,94,-66
115000039,1354,826,528
115000040,4207,1499,2708
115000041,437,1253,-816
115000042,259,377,-118
115000043,1786,1507,279
115000044,2861,3701,-840
115000045,868,2220,-1352
115000046,546,1132,-586
115000047,544,1079,-535
115000048,869,2934,-2065
115000049,940,2513,-1573
115000050,1107,848,259
115000051,1251,660,591
115000052,2884,1423,1461
115000053,682,610,72
115000054,537,905,-368
115000055,20,336,-316
115000056,11,45,-34
115000057,125,301,-176
115000058,25,42,-17
115000059,7,186,-179
115000061,15,13,2
115000062,27,235,-208
115000063,31,232,-201
115000064,1,24,-23
115000065,15,125,-110
115000067,0,0,0
115000069,7,154,-147
115000070,15,284,-269
115000071,8,2,6
115000072,59,36,23
115000073,449,12,437
115000075,6,45,-39
115000076,2139,2989,-850
115000077,566,3889,-3323
115000078,239,1871,-1632
115000079,406,2182,-1776
115000080,703,2795,-2092
115000081,210,909,-699
115000082,1344,1871,-527
115000083,849,3209,-2360
115000084,274,596,-322
115000085,218,934,-716
115000086,134,495,-361
115000087,288,1083,-795
115000088,635,228,407
115000089,1370,1383,-13
115000090,347,57,290
115000091,218,983,-765
115000092,118,241,-123
115000093,1,1,0
115000094,5828,2149,3679
115000095,4982,2579,2403
115000096,224,1768,-1544
115000097,140,526,-386
115000098,225,666,-441
115000099,396,2519,-2123
115000100,149,293,-144
115000101,204,1370,-1166
115000102,118,82,36
115000103,235,873,-638
115000105,30,201,-171
115000106,53,136,-83
115000107,63,571,-508
115000108,3250,2423,827
115000109,3901,822,3079
115000110,717,452,265
115000111,475,866,-391
115000112,284,316,-32
115000113,431,481,-50
115000114,1102,507,595
115000116,2168,730,1438
115000117,2355,771,1584
115000118,656,816,-160
115000119,870,930,-60
115000120,362,362,0
115000121,1206,523,683
115000122,2334,483,1851
115000123,1354,569,785
115000124,234,357,-123
115000125,152,399,-247
115000126,84,206,-122
115000127,101,119,-18
115000128,795,465,330
115000129,31,74,-43
115000130,74,826,-752
115000131,85,172,-87
115000132,220,466,-246
115000133,225,307,-82
115000134,363,160,203
115000135,30,214,-184
115000136,39,121,-82
115000137,41,215,-174
115000138,23,122,-99
115000139,100,267,-167
115000140,31,116,-85
115000141,45,384,-339
115000142,26,321,-295
115000143,81,293,-212
115000144,121,51,70
115000145,70,572,-502
115000146,51,141,-90
115000147,124,538,-414
115000148,215,1270,-1055
115000149,199,147,52
115000150,336,1179,-843
115000151,218,370,-152
115000152,242,1860,-1618
115000153,192,373,-181
115000154,149,219,-70
115000155,328,1221,-893
115000156,336,378,-42
115000157,596,622,-26
115000158,301,147,154
115000159,219,208,11
115000160,397,279,118
115000161,343,424,-81
115000162,241,181,60
115000163,584,456,128
115000164,324,361,-37
115000165,128,146,-18
115000167,18,9,9
115000168,193,153,40
115000169,322,370,-48
115000170,47,114,-67
115000171,86,72,14
115000172,1576,375,1201
115000173,26,59,-33
115000174,6,39,-33
115000175,31,57,-26
115000176,10,13,-3
115000177,6,61,-55
115000178,0,255,-255
115000179,3,8,-5
115000180,20,713,-693
115000181,57,70,-13
115000182,105,262,-157
115000183,53,872,-819
115000186,223,175,48
115000187,44,548,-504
115000188,95,234,-139
115000189,152,297,-145
115000190,159,146,13
115000191,149,239,-90
115000194,80,85,-5
115000195,116,27,89
115000196,9,50,-41
115000197,68,530,-462
115000198,20,109,-89
115000199,93,390,-297
115000200,60,35,25
115000201,30,398,-368
115000206,0,0,0
115000207,6,337,-331
115000208,490,596,-106
115000209,135,89,46
115000210,14,60,-46
115000211,159,140,19
115000212,828,222,606
115000218,1,22,-21
115000219,2,20,-18
115000224,20,31,-11
115000225,11,22,-11
115000229,130,43,87
115000230,6,236,-230
115000231,179,2370,-2191
115000232,167,319,-152
115000233,41,239,-198
115000234,1,152,-151
115000241,23,132,-109
115000242,34,123,-89
115000243,9,117,-108
115000244,1,71,-70
115000246,9,5,4
115000247,6,6,0
115000248,2,3,-1
115000249,17,5,12
115000250,38,33,5
115000251,12,58,-46
115000252,3,60,-57
115000253,6,45,-39
115000258,33,47,-14
115000259,114,56,58
115000261,0,1,-1
115000262,0,10,-10
115000263,1,12,-11
115000264,1,1,0
115000267,4,16,-12
115000268,17,66,-49
115000269,11,32,-21
115000270,2,9,-7
115000272,10,48,-38
115000273,46,6,40
115000274,31,240,-209
115000280,488,12,476
115000281,478,50,428
115000282,614,99,515
115000284,61,27,34
115000296,27,1,26
115000297,9,2,7
115000298,55,38,17
115000300,9,195,-186
115000302,26,75,-49
115000303,46,69,-23
115000304,86,39,47
115000305,28,1177,-1149
115000306,41,591,-550
115000307,11,212,-201
115000308,35,6,29
115000310,315,1137,-822
115000311,96,942,-846
115000313,117,665,-548
115000314,21,20,1
115000315,938,188,750
115000316,2,12,-10
115000317,64,609,-545
115000318,237,147,90
115000319,22,311,-289
115000320,2,69,-67
115000321,50,3,47
115000322,14,234,-220
115000449,153,33,120
115000557,11,134,-123
115000558,7,25,-18
115000587,94,282,-188
115000588,1541,3684,-2143
115000589,1209,1231,-22
115000590,375,1361,-986
115000591,302,206,96
115000592,353,1103,-750
115000593,285,126,159
115000594,552,911,-359
115000609,36,65,-29
115000617,336,317,19
115000624,19,23,-4
115000633,108,1178,-1070
115000634,1052,368,684
115000635,49,43,6
115000638,775,203,572
115000641,34,65,-31
115000642,110,129,-19
115000643,37,381,-344
115000644,75,353,-278
115000646,363,605,-242
115000647,34,323,-289
115000648,289,1275,-986
115000893,977,160,817
115000894,51,1020,-969
115000895,96,803,-707
115000896,172,74,98
115000897,165,30,135
115000898,414,80,334
115000899,579,443,136
115000900,52,173,-121
115000901,73,31,42
115000912,55,25,30
115000913,1,66,-65
115000915,2,0,2
115000916,27,23,4
115000917,0,0,0
115000918,0,0,0
115000919,0,0,0
115000920,1,23,-22
115000921,1359,88,1271
115000922,140,54,86
115000923,158,552,-394
115000925,17,40,-23
115000927,1,20,-19
115000933,82,49,33
115900001,1,100,-99
115900002,61,158,-97
115900003,29,87,-58
115900004,2,29,-27
115900005,6,3,3
115900006,22,291,-269
115900008,4,2,2
115900009,13,233,-220
115900010,32,113,-81
115900011,60,239,-179
115900012,4,42,-38
115900013,180,106,74
115900014,49,150,-101
115900015,3,44,-41
115900016,12,16,-4
115900017,1,0,1
115900018,72,54,18
115900019,833,10,823
115900020,3,0,3
115900021,1495,81,1414
115900022,902,6,896
115900023,0,0,0
115900025,36,74,-38
115900026,1008,317,691
115900027,1,320,-319
115900028,551,46,505
115900029,1,460,-459
115900030,5,48,-43
115900031,129,64,65
115900032,201,485,-284
115900033,1,25,-24
115900034,14,540,-526
115900035,1,6,-5
115900036,106,107,-1
115900037,4,511,-507
115900038,3,1,2
115900039,52,230,-178
115900041,83,98,-15
115900042,0,0,0
115900043,5,100,-95
115900044,93,82,11
115900046,43,189,-146
115900047,6,15,-9
115900049,50,187,-137
115900051,1,39,-38
115900052,6,274,-268
115900053,31,296,-265
115900054,7,41,-34
115900055,9,156,-147
115900056,32,442,-410
115900057,1,1,0
115900058,35,89,-54
115900060,8,116,-108
115900061,2,0,2
115900062,1,221,-220
115900063,28,17,11
115900064,69,87,-18
115900065,7,126,-119
115900066,149,208,-59
115900067,1,766,-765
115900068,4126,42,4084
115900069,42,92,-50
115900070,33,210,-177
115900071,3,719,-716
115900072,97,215,-118
115900073,4,5,-1
115900074,8,430,-422
115900075,16,416,-400
115900076,0,59,-59
115900077,7,352,-345
115900078,8,212,-204
115900079,14,3,11
115900080,207,75,132
115900081,3,86,-83
115900082,48,102,-54
115900084,40,24,16
115900085,17,11,6
115900086,1532,292,1240
115900088,4,7,-3
115900089,40,796,-756
115900090,15,3,12
115900091,0,20,-20
115900092,0,254,-254
115900093,0,34,-34
115900094,2,492,-490
115900096,0,23,-23
115900097,6,611,-605
115900098,38,431,-393
115900099,1,54,-53
115900100,1,725,-724
115900101,35,386,-351
115900102,1,47,-46
115900103,69,256,-187
115900104,3,101,-98
115900105,12,446,-434
115900106,3,9,-6
115900107,3,191,-188
115900108,6,24,-18
115900109,36,484,-448
115900110,0,10,-10
115900111,1,136,-135
115900112,18,839,-821
115900113,6,7,-1
115900114,1,169,-168
115900115,10,41,-31
115900116,66,1037,-971
115900117,3,1,2
115900118,3,483,-480
115900119,26,45,-19
115900120,5,371,-366
115900121,30,228,-198
115900124,62,111,-49
115900125,77,16,61
115900126,182,28,154
115900127,169,19,150
115900128,5,29,-24
115900129,261,9,252
115900130,49,86,-37
115900131,48,9,39
115900132,47,9,38
115900134,67,7,60
115900135,325,207,118
115900137,2,1,1
115900139,166,68,98
115900140,38,19,19
115900141,34,49,-15
115900142,13,31,-18
115900143,18,178,-160
115900144,15,147,-132
115900146,2,139,-137
115900147,75,77,-2
115900148,0,5,-5
115900149,4,22,-18
115900150,4,48,-44
115900151,1,27,-26
115900152,4,278,-274
115900153,13,214,-201
115900154,346,231,115
115900155,0,42,-42
115900156,313,475,-162
115900157,5,231,-226
115900158,7,2,5
115900159,9,201,-192
115900160,1,7,-6
115900161,12,137,-125
115900163,47,64,-17
115900164,17,27,-10
115900165,0,55,-55
115900166,83,187,-104
115900168,10,77,-67
115900171,23,257,-234
115900172,17,99,-82
115900173,60,63,-3
115900174,157,127,30
115900175,21,99,-78
115900178,2,688,-686
115900179,23,16,7
115900180,13,269,-256
115900181,36,229,-193
115900182,56,262,-206
115900183,132,27,105
115900184,637,11,626
115900187,5,79,-74
115900189,1,54,-53
115900190,122,182,-60
115900191,40,532,-492
115900192,5,35,-30
115900193,26,26,0
115900194,158,17,141
115900195,291,239,52
115900198,74,153,-79
115900199,63,262,-199
115900200,199,264,-65
115900201,67,217,-150
115900202,0,2,-2
115900203,1,0,1
115900204,0,0,0
115900205,12,2,10
115900206,5,76,-71
115900207,2,8,-6
115900208,8,275,-267
115900209,6,119,-113
115900210,4,150,-146
115900211,5,189,-184
115900212,26,147,-121
115900213,0,1,-1
115900214,42,195,-153
115900215,16,8,8
115900216,4,92,-88
115900217,0,93,-93
115900218,0,78,-78
115900219,11,0,11
115900220,10,0,10
115900221,2,1,1
115900222,3,0,3
115900223,2,12,-10
115900224,661,33,628
115900225,55,6,49
115900226,0,19,-19
115900227,4,15,-11
115900228,2,32,-30
115900229,1,17,-16
115900230,18,34,-16
115900231,11,1,10
115900232,6,0,6
115900233,13,8,5
115900234,10,7,3
115900235,3,10,-7
115900236,5,14,-9
115900237,0,64,-64
115900238,1,24,-23
115900239,5,60,-55
115900240,1,89,-88
115900241,13,56,-43
115900242,71,50,21
115900243,1,15,-14
115900244,16,11,5
115900245,1,25,-24
115900246,7,1,6
115900247,5,0,5
115900248,6,0,6
115900249,1,2,-1
115900250,1,8,-7
115900251,1,4,-3
115900252,0,0,0
115900253,0,5,-5
115900254,2,6,-4
115900255,2,6,-4
115900256,9,3,6
115900257,0,4,-4
115900258,0,2,-2
115900259,0,6,-6
115900260,7,1,6
115900261,3,0,3
115900262,0,0,0
115900263,1,1,0
115900264,4,0,4
115900265,0,2,-2
115900266,0,0,0
115900267,1,0,1
115900268,1,1,0
115900269,55,217,-162
115900270,42,635,-593
116000001,18360,3534,14826
116000002,1642,1741,-99
116000003,1026,1449,-423
116000004,493,632,-139
116000005,1258,1693,-435
116000006,664,511,153
116000007,2360,3016,-656
116000008,1629,847,782
116000009,1016,2025,-1009
116000010,438,394,44
116000011,367,1148,-781
116000012,271,291,-20
116000013,14225,2990,11235
116000014,18708,2458,16250
116000015,421,324,97
116000016,6471,706,5765
116000017,26,306,-280
116000018,437,313,124
116000019,152,174,-22
116000020,237,978,-741
116000021,67,138,-71
116000022,92,293,-201
116000023,258,256,2
116000024,406,1480,-1074
116000025,182,322,-140
116000026,740,1730,-990
116000027,352,282,70
116000028,115,168,-53
116000029,721,311,410
116000030,50,18,32
116000031,159,147,12
116000032,35,212,-177
116000033,21,185,-164
116000034,58,248,-190
116000035,56,423,-367
116000036,1003,329,674
116000037,216,153,63
116000038,184,97,87
116000039,394,337,57
116000040,240,56,184
116000041,184,513,-329
116000042,169,89,80
116000043,62,389,-327
116000044,2,46,-44
116000045,398,223,175
116000046,752,651,101
116000047,1254,1197,57
116000048,438,474,-36
116000049,181,564,-383
116000050,638,984,-346
116000051,491,478,13
116000052,1538,2135,-597
116000053,373,236,137
116000054,336,1634,-1298
116000055,166,1016,-850
116000056,46,265,-219
116000057,2230,1625,605
116000058,2032,1035,997
116000059,1354,1301,53
116000060,2691,573,2118
116000061,153,403,-250
116000062,247,159,88
116000063,157,497,-340
116000066,7,66,-59
116000067,183,504,-321
116000068,11,28,-17
116000069,133,352,-219
116000078,62,257,-195
116000080,541,740,-199
116000082,5,139,-134
116000083,392,243,149
116000084,1135,2207,-1072
116000085,927,601,326
116000086,1168,816,352
116000087,519,422,97
116000088,386,846,-460
116000089,58,57,1
116000090,17,49,-32
116000091,139,40,99
116000093,1233,576,657
116000094,133,642,-509
116000095,260,419,-159
116000096,219,734,-515
116000097,182,677,-495
116000098,15,2262,-2247
116000099,6143,302,5841
116000100,36,9,27
116000101,216,1210,-994
116000102,32,871,-839
116000103,104,150,-46
116000104,22,1165,-1143
116000105,187,169,18
116000106,36,903,-867
116000107,334,451,-117
116000108,2,190,-188
116000111,5,9,-4
116000113,24,35,-11
116000114,10,100,-90
116000115,40,25,15
116000116,135,595,-460
116000117,329,651,-322
116000118,466,1483,-1017
116000119,568,543,25
116000120,1356,4153,-2797
116000121,217,209,8
116000122,786,2834,-2048
116000123,142,211,-69
116000124,132,1160,-1028
116000125,390,316,74
116000126,189,1397,-1208
116000127,625,1446,-821
116000128,518,423,95
116000129,140,151,-11
116000130,57,108,-51
116000133,191,716,-525
116000134,361,2524,-2163
116000135,454,899,-445
116000136,262,1717,-1455
116000137,159,347,-188
116000138,1320,264,1056
116000139,750,1433,-683
116000140,39,230,-191
116000141,211,763,-552
116000142,2860,2970,-110
116000143,1001,746,255
116000144,795,2891,-2096
116000145,569,950,-381
116000146,46,186,-140
116000147,116,46,70
116000148,103,262,-159
116000149,95,297,-202
116000151,293,882,-589
116000153,11,101,-90
116000155,21,91,-70
116000156,1047,921,126
116000157,9,3,6
116000158,40,302,-262
116000159,1,2,-1
116000160,9,87,-78
116000161,9,118,-109
116000162,51,51,0
116000163,8,2,6
116000164,1,16,-15
116000177,6,100,-94
116000194,34,327,-293
116000195,457,367,90
116000196,0,6,-6
116000197,5,5,0
116000198,614,451,163
116000200,442,129,313
116000201,318,454,-136
116000202,1,219,-218
116000203,1,111,-110
116000204,3,32,-29
116000205,0,133,-133
116000206,0,74,-74
116000207,0,38,-38
116000233,57,800,-743
116000287,19,584,-565
116000288,16,181,-165
116000292,5,245,-240
116000296,0,60,-60
116000297,13,4,9
116000304,39,2,37
116000305,1,173,-172
116000346,35,234,-199
116000352,14,60,-46
116000354,10,22,-12
116000357,1,9,-8
116000358,69,13,56
116000361,61,2,59
116000372,7494,1183,6311
116000381,16,1,15
116000388,1,30,-29
116000389,179,366,-187
116000445,80,810,-730
116000446,74,589,-515
116000447,4,293,-289
116000448,237,173,64
116000563,224,144,80
116000565,129,472,-343
116000568,12,59,-47
116000579,18,142,-124
116000584,2,15,-13
116000585,1,8,-7
116000586,183,61,122
116000587,1,234,-233
116000589,13,92,-79
116000590,18,33,-15
116000591,34,164,-130
116000592,2,104,-102
116000593,0,3,-3
116000594,113,699,-586
116000595,132,241,-109
116000596,17,8,9
116000597,22,37,-15
116000598,7,302,-295
116000602,35,53,-18
116000605,94,122,-28
116000606,6,36,-30
116000607,2,61,-59
116000609,123,290,-167
116000611,20,609,-589
116000612,217,1096,-879
116000613,115,172,-57
116000614,232,875,-643
116000615,49,83,-34
116000616,20,119,-99
116000617,44,125,-81
116000618,0,261,-261
116000619,6,50,-44
116000620,0,0,0
116000621,3,25,-22
116000622,1,28,-27
116000624,3,35,-32
116000628,0,93,-93
116000629,0,139,-139
116000630,10,0,10
116000631,4,1,3
116000632,21,282,-261
116000633,1,170,-169
116000634,5,0,5
116900001,39,84,-45
116900002,147,1,146
116900003,2,125,-123
116900004,8,11,-3
116900005,48,46,2
116900006,92,86,6
116900007,22,117,-95
116900008,80,576,-496
116900009,2,0,2
116900010,3,1956,-1953
116900011,19,59,-40
116900012,35,139,-104
116900013,5,300,-295
116900014,8,415,-407
116900015,19,42,-23
116900016,23,0,23
116900017,0,684,-684
116900018,7,13,-6
116900019,11,388,-377
116900020,815,67,748
116900023,7,7,0
116900024,27,45,-18
116900025,83,1020,-937
116900026,156,612,-456
116900027,4,21,-17
116900028,2,122,-120
116900029,0,2,-2
116900031,0,18,-18
116900032,4,320,-316
116900033,1,3,-2
116900034,12,58,-46
116900035,44,169,-125
116900036,1,73,-72
116900038,3,1,2
116900041,11,3,8
116900042,983,180,803
116900043,2,53,-51
116900045,101,13,88
116900047,53,18,35
116900049,13,212,-199
116900050,34,231,-197
116900051,9,279,-270
116900052,41,21,20
116900055,0,4,-4
116900057,8,331,-323
116900058,11,290,-279
116900059,1,144,-143
116900060,44,237,-193
116900062,0,0,0
116900064,29,1065,-1036
116900065,0,55,-55
116900067,10,77,-67
116900068,45,429,-384
116900070,0,0,0
116900072,2,453,-451
116900073,5,211,-206
116900074,2,45,-43
116900076,2,3,-1
116900077,24,237,-213
116900078,147,168,-21
116900079,4,323,-319
116900080,1,18,-17
116900081,110,1024,-914
116900082,104,715,-611
116900083,9,46,-37
116900084,54,20,34
116900085,21,152,-131
116900086,11,198,-187
116900088,115,23,92
116900090,134,29,105
116900091,51,63,-12
116900092,15,723,-708
116900093,1682,767,915
116900094,5926,1004,4922
116900095,26,214,-188
116900096,79,36,43
116900097,2585,503,2082
116900098,957,86,871
116900099,328,218,110
116900100,136,5,131
116900101,162,665,-503
116900103,1,0,1
116900104,17,64,-47
116900105,94,12,82
116900106,201,406,-205
116900107,3547,433,3114
116900110,4,0,4
116900111,50,1316,-1266
116900112,21,685,-664
116900113,2465,284,2181
116900116,25,91,-66
116900117,6,79,-73
116900118,927,257,670
116900120,59,68,-9
116900121,26,20,6
116900122,154,969,-815
116900123,51,831,-780
116900124,47,621,-574
116900125,88,210,-122
116900126,133,325,-192
116900128,1,34,-33
116900129,2,359,-357
116900130,1158,928,230
116900131,30,90,-60
116900132,6,50,-44
116900133,14,101,-87
116900134,61,188,-127
116900136,64,95,-31
116900137,117,131,-14
116900138,59,178,-119
116900139,34,280,-246
116900140,75,177,-102
116900141,195,294,-99
116900142,1,4,-3
116900143,91,447,-356
116900144,3,9,-6
116900145,34,341,-307
116900147,243,209,34
116900148,1,16,-15
116900149,9,32,-23
116900150,4,2,2
116900151,11,2,9
116900153,10,20,-10
116900154,64,72,-8
116900155,6,29,-23
116900157,49,196,-147
116900158,8,19,-11
116900159,6,129,-123
116900160,302,104,198
116900161,7969,1337,6632
116900162,1,77,-76
116900163,13,100,-87
116900164,16,35,-19
116900165,24,52,-28
116900166,1,65,-64
116900167,41,50,-9
116900168,64,67,-3
116900169,193,50,143
116900170,41,161,-120
116900171,4,196,-192
116900172,91,23,68
116900173,47,47,0
116900174,5,15,-10
116900175,32,50,-18
116900178,8,184,-176
116900179,37,19,18
116900180,11,28,-17
116900182,135,175,-40
116900183,54,32,22
116900185,11,5,6
116900186,22,357,-335
116900187,3,11,-8
116900188,18,11,7
116900189,4,0,4
116900191,134,253,-119
116900192,72,96,-24
116900194,10,174,-164
116900195,16,3,13
116900196,19,110,-91
116900197,18,5,13
116900198,237,68,169
116900200,2,55,-53
116900201,18,3,15
116900202,45,42,3
116900203,8,1,7
116900204,19,47,-28
116900206,2,41,-39
116900207,3,31,-28
116900208,2,81,-79
116900209,0,113,-113
116900210,139,114,25
116900211,81,3,78
116900212,2,79,-77
116900213,20,87,-67
116900214,14,124,-110
116900215,1,44,-43
116900216,93,332,-239
116900218,5,359,-354
116900219,560,354,206
116900220,38,87,-49
116900221,24,175,-151
116900222,138,181,-43
116900223,39,128,-89
116900226,13,72,-59
116900227,25,57,-32
116900228,33,324,-291
116900230,19,329,-310
116900231,5,443,-438
116900232,1,384,-383
116900233,11,32,-21
116900234,3,2,1
116900235,52,346,-294
116900238,907,254,653
116900239,18,279,-261
116900240,5327,844,4483
116900241,16,168,-152
116900242,283,105,178
116900243,14,136,-122
116900245,10,3,7
116900246,4,6,-2
116900247,62,14,48
116900248,14,16,-2
116900249,40,70,-30
116900250,51,44,7
116900251,184,33,151
116900252,22,880,-858
116900253,8,34,-26
116900254,5,50,-45
116900255,33,16,17
116900256,59,44,15
116900257,11,647,-636
116900258,0,369,-369
116900259,7,4,3
116900260,2,182,-180
116900261,10,0,10
116900262,27,131,-104
116900263,0,8,-8
116900264,0,0,0
116900265,0,1,-1
116900266,2,44,-42
116900267,1,2,-1
116900268,1,8,-7
116900269,71,206,-135
116900271,2771,42,2729
116900272,301,486,-185
116900273,90,11,79
116900274,15,33,-18
116900275,12,92,-80
116900276,191,24,167
116900277,385,6,379
116900278,1,12,-11
116900279,0,11,-11
116900280,0,17,-17
116900281,6882,830,6052
116900282,1,90,-89
116900283,3,74,-71
116900284,8,164,-156
116900285,133,35,98
116900286,87,6,81
116900287,0,69,-69
116900288,13,113,-100
116900289,2,34,-32
116900290,1,14,-13
116900291,1,6,-5
116900292,0,1,-1
116900293,4,106,-102
116900294,8,102,-94
116900295,8,3,5
116900296,3,2,1
116900297,2,4,-2
116900298,1,2,-1
116900299,0,16,-16
116900300,17,37,-20
116900301,10,16,-6
116900302,4,21,-17
116900303,289,23,266
116900304,0,74,-74
116900305,1,9,-8
116900306,9,126,-117
117000001,395,568,-173
117000002,721,3129,-2408
117000003,1902,1037,865
117000004,2589,3601,-1012
117000005,414,562,-148
117000006,399,3032,-2633
117000007,766,436,330
117000008,748,3191,-2443
117000009,1409,572,837
117000010,1576,2991,-1415
117000011,338,734,-396
117000012,545,1477,-932
117000013,237,498,-261
117000014,379,1849,-1470
117000015,1257,549,708
117000016,149,51,98
117000017,72,95,-23
117000018,40,311,-271
117000019,0,0,0
117000020,409,656,-247
117000021,2094,116,1978
117000022,188,35,153
117000023,137,49,88
117000024,293,111,182
117000025,482,615,-133
117000026,426,121,305
117000027,665,320,345
117000028,104,93,11
117000030,110,162,-52
117000032,876,1041,-165
117000033,736,685,51
117000034,30,104,-74
117000036,74,68,6
117000038,20,104,-84
117000039,21,178,-157
117000040,41,1598,-1557
117000041,154,45,109
117000044,11,1068,-1057
117000045,76,15,61
117000046,186,618,-432
117000047,80,209,-129
117000048,1495,1052,443
117000049,90,383,-293
117000050,65,2930,-2865
117000051,553,111,442
117000052,11,767,-756
117000053,59,70,-11
117000054,276,0,276
117000055,13,3474,-3461
117000056,157,3,154
117000057,440,1508,-1068
117000060,218,1840,-1622
117000061,255,240,15
117000062,115,359,-244
117000063,236,245,-9
117000064,587,543,44
117000066,835,437,398
117000067,47,166,-119
117000074,36,45,-9
117000076,31,15,16
117000077,70,37,33
117000078,33,339,-306
117000079,49,56,-7
117000080,2,306,-304
117000081,145,54,91
117000082,8,31,-23
117000083,5,1,4
117000084,3,0,3
117000085,38,239,-201
117000086,281,520,-239
117000087,52,375,-323
117000088,67,39,28
117000089,420,108,312
117000090,104,1536,-1432
117000091,170,106,64
117000092,133,1971,-1838
117000093,261,222,39
117000094,359,2309,-1950
117000095,496,295,201
117000096,336,2675,-2339
117000097,273,445,-172
117000098,2174,5663,-3489
117000099,692,335,357
117000100,41,91,-50
117000101,154,1070,-916
117000102,302,218,84
117000103,603,1710,-1107
117000104,281,245,36
117000105,405,1918,-1513
117000106,162,156,6
117000107,294,2436,-2142
117000108,208,256,-48
117000109,1143,2894,-1751
117000110,310,245,65
117000111,1317,2276,-959
117000112,830,980,-150
117000113,71,333,-262
117000114,9,55,-46
117000115,44,156,-112
117000116,11,101,-90
117000117,622,180,442
117000118,45,71,-26
117000119,45,16,29
117000120,67,20,47
117000121,41,91,-50
117000122,299,197,102
117000123,706,10,696
117000124,128,11,117
117000125,121,45,76
117000126,40,48,-8
117000127,60,259,-199
117000128,142,368,-226
117000129,26,11,15
117000130,0,0,0
117000131,0,17,-17
117000132,386,125,261
117000133,262,206,56
117000134,1,90,-89
117000135,1,42,-41
117000136,0,72,-72
117000137,12,32,-20
117000138,0,321,-321
117000140,238,1700,-1462
117000141,302,174,128
117000181,731,129,602
117000182,41,30,11
117000195,88,1164,-1076
117000196,37,28,9
117000225,18,0,18
117000226,0,28,-28
117000276,49,4,45
117000277,1,481,-480
117000310,1846,1452,394
117000315,6,139,-133
117000320,0,0,0
117000906,37,2,35
117000907,2,529,-527
117000908,23,9,14
117000909,35,16,19
117000910,109,70,39
117000911,80,117,-37
117000915,8,562,-554
117000916,4,0,4
117000917,145,5,140
117000918,10,14,-4
117000919,6,89,-83
117000920,5,1761,-1756
117000921,10,2452,-2442
117000922,0,0,0
117000924,248,39,209
117000926,1067,41,1026
117000927,97,159,-62
117000928,2,240,-238
117000929,38,552,-514
117000930,21,21,0
117000931,261,36,225
117900002,139,306,-167
117900003,598,126,472
117900005,0,13,-13
117900006,0,34,-34
117900007,32,169,-137
117900008,0,41,-41
117900010,35,180,-145
117900011,3,8,-5
117900012,43,238,-195
117900013,1,321,-320
117900014,31,279,-248
117900015,4,188,-184
117900016,870,147,723
117900017,88,440,-352
117900018,76,12,64
117900019,74,530,-456
117900020,43,61,-18
117900021,4,142,-138
117900022,4,7,-3
117900023,475,40,435
117900024,19,236,-217
117900025,15,10,5
117900026,76,448,-372
117900028,4,1,3
117900029,48,949,-901
117900030,46,84,-38
117900031,21,14,7
117900032,99,132,-33
117900033,36,830,-794
117900034,14,30,-16
117900035,20,23,-3
117900036,46,765,-719
117900037,10,54,-44
117900038,12,459,-447
117900039,3,61,-58
117900040,97,640,-543
117900041,9,52,-43
117900042,4062,334,3728
117900043,21,31,-10
117900044,217,450,-233
117900045,25,44,-19
117900048,101,263,-162
117900049,28,537,-509
117900050,5,12,-7
117900051,9,4,5
117900052,21,76,-55
117900053,381,655,-274
117900054,1,20,-19
117900055,76,34,42
117900056,148,7,141
117900057,530,831,-301
117900058,237,220,17
117900059,52,23,29
117900060,268,4930,-4662
117900061,5,55,-50
117900063,46,147,-101
117900065,398,802,-404
117900066,2,10,-8
117900067,60,291,-231
117900069,120,425,-305
117900070,48,0,48
117900071,15,63,-48
117900073,76,379,-303
117900074,13,2,11
117900075,6,32,-26
117900076,1,13,-12
117900077,29,33,-4
117900078,117,230,-113
117900080,24,31,-7
117900081,321,315,6
117900082,153,90,63
117900083,29,620,-591
117900086,35,30,5
117900087,8,31,-23
117900088,1844,1173,671
117900089,511,123,388
117900090,65,855,-790
117900091,126,50,76
117900092,1,39,-38
117900093,9,55,-46
117900094,4,4,0
117900095,35,543,-508
117900096,8,129,-121
117900097,3,35,-32
117900098,4,1,3
117900099,27,438,-411
117900100,10,0,10
117900101,217,422,-205
117900102,9,15,-6
117900103,6,0,6
117900104,3,81,-78
117900105,53,107,-54
117900106,9,16,-7
117900107,2,1,1
117900109,66,176,-110
117900110,7,0,7
117900111,42,1,41
117900112,9,6,3
117900113,2520,578,1942
117900114,3,0,3
117900115,62,10,52
117900116,520,467,53
117900117,202,365,-163
117900118,7,0,7
117900119,22,373,-351
117900120,21,83,-62
117900121,9,31,-22
117900122,574,495,79
117900123,180,977,-797
117900124,253,387,-134
117900125,497,467,30
117900126,136,383,-247
117900127,150,539,-389
117900128,75,976,-901
117900129,4,0,4
117900130,241,234,7
117900131,0,64,-64
117900132,2,104,-102
117900133,5,149,-144
117900134,12,188,-176
117900135,10,281,-271
117900136,1,46,-45
117900137,9,378,-369
117900138,0,41,-41
117900139,9,90,-81
117900140,4127,76,4051
117900141,78,203,-125
117900142,6,0,6
117900144,22,16,6
117900145,14,8,6
117900146,78,51,27
117900147,7,18,-11
117900148,1789,519,1270
117900149,28,120,-92
117900150,13,226,-213
117900151,9,191,-182
117900152,26,55,-29
117900153,2,102,-100
117900154,54,460,-406
117900156,333,242,91
117900157,14,197,-183
117900158,27,14,13
117900160,211,193,18
117900161,2030,1821,209
117900162,39,152,-113
117900163,34,5,29
117900165,0,5,-5
117900166,33,83,-50
117900168,24,128,-104
117900169,1,103,-102
117900170,0,23,-23
117900171,0,27,-27
117900172,9,34,-25
117900173,133,31,102
117900174,14,32,-18
117900175,0,17,-17
117900176,4,43,-39
117900177,10,54,-44
117900178,44,29,15
117900180,247,15,232
117900181,157,63,94
117900182,0,13,-13
117900183,4,114,-110
117900184,0,13,-13
117900185,7,20,-13
117900186,4,14,-10
117900187,4,0,4
117900188,64,5,59
117900189,35,4,31
117900190,0,0,0
117900191,10,3,7
117900192,22,1,21
117900193,10,35,-25
117900194,0,2,-2
117900195,2,3,-1
117900196,1,9,-8
117900207,65,20,45
117900208,14,52,-38
117900209,30,64,-34
117900210,76,81,-5
117900211,12,164,-152
117900212,31,112,-81
117900213,1,2,-1
117900214,0,64,-64
117900216,0,1,-1
117900217,10,33,-23
117900218,47,8,39
117900219,0,15,-15
117900220,3,3,0
117900221,5,1,4
118000001,194,182,12
118000002,810,1273,-463
118000003,373,443,-70
118000004,1263,1211,52
118000005,1850,744,1106
118000006,6305,2743,3562
118000007,2716,1232,1484
118000008,2317,1756,561
118000009,1191,2079,-888
118000010,2096,2504,-408
118000011,289,2447,-2158
118000012,414,2255,-1841
118000013,2418,2231,187
118000014,975,2690,-1715
118000016,183,452,-269
118000017,60,148,-88
118000018,137,550,-413
118000019,1102,629,473
118000020,1316,788,528
118000021,542,933,-391
118000022,1471,306,1165
118000023,893,175,718
118000024,966,436,530
118000025,712,313,399
118000027,11010,1917,9093
118000029,942,318,624
118000032,792,678,114
118000033,1183,1009,174
118000034,3223,1259,1964
118000035,616,843,-227
118000036,329,738,-409
118000037,245,663,-418
118000038,34,158,-124
118000039,14,249,-235
118000040,600,2113,-1513
118000041,651,969,-318
118000045,256,37,219
118000046,739,343,396
118000047,932,315,617
118000048,1708,542,1166
118000051,833,370,463
118000052,538,328,210
118000053,176,222,-46
118000054,961,516,445
118000055,612,430,182
118000056,76,90,-14
118000057,59,145,-86
118000058,969,445,524
118000059,595,516,79
118000060,189,605,-416
118000061,287,788,-501
118000062,179,119,60
118000063,88,277,-189
118000064,417,657,-240
118000065,2623,684,1939
118000066,411,420,-9
118000067,670,414,256
118000068,1100,1655,-555
118000069,1804,707,1097
118000070,5356,701,4655
118000071,2333,1992,341
118000072,950,767,183
118000073,985,203,782
118000074,112,159,-47
118000075,267,279,-12
118000076,411,579,-168
118000077,754,837,-83
118000078,794,1079,-285
118000079,136,217,-81
118000080,751,513,238
118000081,628,624,4
118000082,173,377,-204
118000083,1805,574,1231
118000084,1639,794,845
118000086,76,324,-248
118000087,5319,1550,3769
118000088,1083,985,98
118000089,3116,1800,1316
118000090,1851,1099,752
118000091,1765,938,827
118000092,1094,254,840
118000093,72,365,-293
118000096,216,261,-45
118000097,193,298,-105
118000098,56,160,-104
118000099,170,873,-703
118000101,240,193,47
118000102,107,882,-775
118000107,2917,212,2705
118000108,55,174,-119
118000110,0,11,-11
118000111,3,777,-774
118000112,0,0,0
118000113,4,1158,-1154
118000114,0,0,0
118000115,3,0,3
118000116,0,0,0
118000117,531,698,-167
118000118,275,337,-62
118000119,268,604,-336
118000120,793,1236,-443
118000121,21,321,-300
118000122,343,61,282
118000123,13,223,-210
118000125,1022,1063,-41
118000126,230,969,-739
118000127,708,297,411
118000128,467,919,-452
118000129,152,105,47
118000130,2508,3728,-1220
118000131,272,1024,-752
118000132,732,558,174
118000133,143,284,-141
118000135,75,93,-18
118000136,53,520,-467
118000137,308,32,276
118000138,88,614,-526
118000139,75,101,-26
118000140,1947,1431,516
118000141,690,1006,-316
118000142,673,1666,-993
118000143,568,481,87
118000144,1013,571,442
118000145,1221,2008,-787
118000146,458,1151,-693
118000147,401,1538,-1137
118000148,89,894,-805
118000149,316,717,-401
118000150,103,53,50
118000151,67,213,-146
118000153,187,593,-406
118000154,278,952,-674
118000155,252,630,-378
118000156,1576,1319,257
118000157,140,206,-66
118000158,22,298,-276
118000159,2,14,-12
118000160,100,150,-50
118000161,138,716,-578
118000162,319,424,-105
118000163,153,353,-200
118000164,987,757,230
118000168,1729,129,1600
118000169,579,1444,-865
118000170,2391,5373,-2982
118000171,30,189,-159
118000172,9,48,-39
118000173,296,782,-486
118000175,83,87,-4
118000176,56,140,-84
118000177,63,164,-101
118000178,14,28,-14
118000179,565,145,420
118000180,205,226,-21
118000181,346,264,82
118000182,157,131,26
118000183,89,100,-11
118000184,73,435,-362
118000185,825,368,457
118000186,298,417,-119
118000187,315,765,-450
118000188,129,176,-47
118000189,84,655,-571
118000190,3,7,-4
118000191,10,25,-15
118000192,19,71,-52
118000193,14,133,-119
118000194,1001,352,649
118000195,347,283,64
118000196,99,27,72
118000197,88,67,21
118000198,222,154,68
118000199,199,162,37
118000200,0,32,-32
118000201,209,215,-6
118000202,12,9,3
118000203,646,182,464
118000204,137,108,29
118000205,191,122,69
118000206,64,69,-5
118000207,0,105,-105
118000208,386,771,-385
118000209,713,1399,-686
118000210,9,19,-10
118000211,0,30,-30
118000213,190,206,-16
118000214,316,186,130
118000215,142,270,-128
118000216,9,667,-658
118000217,5,56,-51
118000218,20,51,-31
118000219,167,221,-54
118000220,1,6,-5
118000221,21,193,-172
118000222,75,14,61
118000223,1,11,-10
118000224,180,70,110
118000225,25,806,-781
118000226,50,33,17
118000227,458,118,340
118000228,91,80,11
118000229,17,1,16
118000230,33,220,-187
118000231,12,164,-152
118000232,220,808,-588
118000233,188,380,-192
118000234,53,326,-273
118000236,148,537,-389
118000237,9,565,-556
118000238,51,332,-281
118000239,102,162,-60
118000240,403,53,350
118000241,33,247,-214
118000242,124,548,-424
118000243,23,168,-145
118000244,8,152,-144
118000246,0,5,-5
118000255,13,147,-134
118000256,17,151,-134
118000259,2,31,-29
118000260,17,60,-43
118000261,10,128,-118
118000263,16,160,-144
118000266,42,384,-342
118000267,1,96,-95
118000268,6,2,4
118000270,12,38,-26
118000271,36,234,-198
118000272,16,15,1
118000273,17,82,-65
118000274,56,338,-282
118000276,83,262,-179
118000295,0,43,-43
118000298,41,289,-248
118000299,37,140,-103
118000301,0,37,-37
118000302,31,66,-35
118000311,46,100,-54
118000312,27,287,-260
118000313,11,161,-150
118000314,18,87,-69
118000315,15,56,-41
118000316,126,380,-254
118000325,7,93,-86
118000326,12,29,-17
118000331,9,78,-69
118000332,0,47,-47
118000333,0,80,-80
118000335,0,0,0
118000336,5,357,-352
118000407,24,50,-26
118000457,0,17,-17
118000465,1854,1148,706
118000480,4,133,-129
118000489,10,40,-30
118000490,29,387,-358
118000492,34,112,-78
118000510,69,36,33
118000514,55,289,-234
118000515,81,78,3
118000517,335,178,157
118000524,669,105,564
118000525,461,560,-99
118000530,7,89,-82
118000531,74,106,-32
118000532,67,274,-207
118000533,107,161,-54
118000534,130,385,-255
118000535,40,89,-49
118000536,198,126,72
118000537,2,25,-23
118000538,7,115,-108
118000539,15,37,-22
118000540,70,292,-222
118000541,33,90,-57
118000542,15,93,-78
118000543,71,101,-30
118000546,10,25,-15
118000560,2827,245,2582
118000562,7,220,-213
118000563,904,625,279
118000576,73,218,-145
118000577,109,86,23
118000578,56,96,-40
118000579,463,621,-158
118000595,46,37,9
118000596,0,33,-33
118000597,33,149,-116
118000598,1,0,1
118000599,11,34,-23
118000600,3,32,-29
118000601,5,0,5
118000602,0,30,-30
118000603,0,13,-13
118900001,734,182,552
118900002,846,230,616
118900003,28,14,14
118900004,0,41,-41
118900005,11,0,11
118900006,3,0,3
118900007,7,2,5
118900008,617,26,591
118900009,1,3,-2
118900010,1,0,1
118900011,16,9,7
118900012,149,160,-11
118900013,108,2,106
118900015,47,11,36
118900016,1,11,-10
118900017,4,9,-5
118900018,357,1,356
118900019,37,0,37
118900020,20,15,5
118900021,56,237,-181
118900022,51,73,-22
118900023,29,21,8
118900024,4,69,-65
118900025,1,1,0
118900026,19,59,-40
118900027,103,53,50
118900028,29,84,-55
118900029,21,215,-194
118900030,1,3,-2
118900031,71,80,-9
118900032,2,51,-49
118900033,75,318,-243
118900034,1,0,1
118900035,33,241,-208
118900036,260,390,-130
118900037,37,100,-63
118900038,119,359,-240
118900039,25,91,-66
118900040,76,106,-30
118900041,64,65,-1
118900042,24,66,-42
118900045,47,110,-63
118900046,680,71,609
118900047,487,103,384
118900048,10,60,-50
118900049,14,10,4
118900050,3,137,-134
118900051,1,12,-11
118900052,38,135,-97
118900053,6,11,-5
118900054,18,25,-7
118900055,9,113,-104
118900056,3,28,-25
118900057,36,172,-136
118900058,64,257,-193
118900059,0,6,-6
118900060,7,93,-86
118900062,17,106,-89
118900064,319,100,219
118900065,14,61,-47
118900066,1,29,-28
118900067,7533,1268,6265
118900068,2,36,-34
118900069,57,166,-109
118900071,1,19,-18
118900072,84,149,-65
118900073,24,74,-50
118900074,7,45,-38
118900075,6,28,-22
118900076,22,28,-6
118900077,39,80,-41
118900078,1,4,-3
118900079,23,72,-49
118900080,0,38,-38
118900081,8,6,2
118900082,91,81,10
118900083,3,18,-15
118900084,2,16,-14
118900085,291,609,-318
118900086,3,5,-2
118900087,25,57,-32
118900088,0,18,-18
118900089,2,5,-3
118900090,114,345,-231
118900091,71,21,50
118900092,23,77,-54
118900093,12,7,5
118900096,4,7,-3
118900097,66,779,-713
118900099,4,230,-226
118900100,43,74,-31
118900101,15,693,-678
118900102,15,36,-21
118900103,10,28,-18
118900104,31,215,-184
118900105,110,62,48
118900107,116,75,41
118900108,22,113,-91
118900109,365,43,322
118900110,218,104,114
118900111,53,354,-301
118900112,6,49,-43
118900113,4,485,-481
118900114,4,51,-47
118900115,30,226,-196
118900116,21,112,-91
118900117,10,138,-128
118900118,57,482,-425
118900119,16,299,-283
118900120,37,243,-206
118900121,1,202,-201
118900122,1,151,-150
118900123,84,187,-103
118900124,14,97,-83
118900126,2,103,-101
118900129,19,85,-66
118900130,5,19,-14
118900131,32,245,-213
118900132,46,120,-74
118900133,7,20,-13
118900135,30,160,-130
118900136,77,793,-716
118900137,0,3,-3
118900139,36,402,-366
118900140,85,909,-824
118900141,10,172,-162
118900144,14,933,-919
118900145,3,110,-107
118900146,73,626,-553
118900147,14,22,-8
118900148,3,31,-28
118900150,10,96,-86
118900152,77,716,-639
118900157,8,29,-21
118900158,1,33,-32
118900159,0,132,-132
118900161,5,0,5
118900163,127,26,101
118900164,4,42,-38
118900165,14,531,-517
118900166,15,3,12
118900167,10,213,-203
118900168,1,34,-33
118900169,36,571,-535
118900170,7,96,-89
118900171,1,19,-18
118900174,12,49,-37
118900175,37,333,-296
118900176,9,106,-97
118900177,6,44,-38
118900178,6,66,-60
118900179,1,27,-26
118900181,28,54,-26
118900182,35,24,11
118900183,10,17,-7
118900184,57,20,37
118900185,26,82,-56
118900186,65,88,-23
118900187,63,242,-179
118900188,62,203,-141
118900189,3,148,-145
118900190,9,419,-410
118900191,19,9,10
118900192,6,13,-7
118900193,17,0,17
118900195,55,537,-482
118900196,25,175,-150
118900197,15,30,-15
118900198,3,35,-32
118900199,7,59,-52
118900200,0,2,-2
118900201,2,3,-1
118900202,10,63,-53
118900203,2,72,-70
118900204,1,34,-33
118900205,0,13,-13
118900206,0,33,-33
119000001,425,554,-129
119000002,1690,1700,-10
119000003,677,1563,-886
119000004,658,851,-193
119000005,720,876,-156
119000006,536,996,-460
119000007,989,1555,-566
119000008,876,1980,-1104
119000009,2330,1377,953
119000010,7518,3720,3798
119000011,5511,1076,4435
119000012,5353,1785,3568
119000013,1880,816,1064
119000014,1554,2307,-753
119000019,69,178,-109
119000020,354,1079,-725
119000021,1421,1446,-25
119000022,2538,643,1895
119000023,45,71,-26
119000024,1599,2762,-1163
119000025,12197,879,11318
119000026,213,130,83
119000027,408,239,169
119000028,1122,826,296
119000029,86,153,-67
119000030,298,855,-557
119000031,300,479,-179
119000032,1845,1700,145
119000033,1287,1128,159
119000034,624,916,-292
119000035,19,295,-276
119000036,316,862,-546
119000037,327,2039,-1712
119000038,50,897,-847
119000039,130,239,-109
119000040,584,235,349
119000041,747,577,170
119000048,3335,3468,-133
119000049,649,3515,-2866
119000050,673,1423,-750
119000051,836,737,99
119000052,970,1804,-834
119000053,965,899,66
119000054,1122,3104,-1982
119000055,934,2629,-1695
119000056,682,1522,-840
119000057,688,2060,-1372
119000058,973,1813,-840
119000059,515,991,-476
119000060,396,531,-135
119000061,326,561,-235
119000062,647,1202,-555
119000063,68,135,-67
119000064,607,1101,-494
119000065,1266,3394,-2128
119000066,838,534,304
119000067,1048,2399,-1351
119000068,614,865,-251
119000069,495,2162,-1667
119000070,663,896,-233
119000071,384,678,-294
119000072,4890,3177,1713
119000073,4044,3608,436
119000074,367,3226,-2859
119000075,379,2366,-1987
119000076,446,724,-278
119000077,493,359,134
119000078,135,255,-120
119000079,38,394,-356
119000080,61,218,-157
119000081,74,267,-193
119000082,224,229,-5
119000083,154,256,-102
119000084,78,387,-309
119000085,222,94,128
119000086,123,328,-205
119000087,801,515,286
119000088,197,223,-26
119000089,42,92,-50
119000090,76,53,23
119000091,113,259,-146
119000092,278,52,226
119000093,2991,2956,35
119000094,1076,3355,-2279
119000095,435,2415,-1980
119000097,2384,1167,1217
119000098,370,950,-580
119000099,1367,1343,24
119000100,1098,1417,-319
119000101,2722,2486,236
119000102,548,404,144
119000103,1014,280,734
119000104,2510,1343,1167
119000105,236,451,-215
119000106,115,2116,-2001
119000107,174,232,-58
119000108,101,1462,-1361
119000109,81,446,-365
119000110,556,593,-37
119000111,35,414,-379
119000112,242,178,64
119000113,3377,216,3161
119000114,504,181,323
119000115,110,51,59
119000116,60,50,10
119000117,54,227,-173
119000118,4,4,0
119000123,906,312,594
119000124,98,146,-48
119000125,559,790,-231
119000126,77,673,-596
119000127,150,1073,-923
119000128,115,12,103
119000131,217,1035,-818
119000132,2,7,-5
119000133,0,3,-3
119000134,997,351,646
119000135,22,229,-207
119000136,39,329,-290
119000137,48,628,-580
119000138,76,478,-402
119000139,47,356,-309
119000140,37,215,-178
119000284,1169,1893,-724
119000285,2325,1757,568
119000286,4509,2885,1624
119000287,772,1516,-744
119000288,717,1307,-590
119000289,1053,2891,-1838
119000290,131,506,-375
119000291,9,224,-215
119000293,21,145,-124
119000294,15,5,10
119000295,1959,532,1427
119000296,45,110,-65
119000302,4263,1113,3150
119000303,3,36,-33
119000314,1190,3015,-1825
119000315,2,670,-668
119000316,13,103,-90
119000317,13,489,-476
119900001,73,305,-232
119900002,10,128,-118
119900003,23,1277,-1254
119900004,221,137,84
119900005,34,115,-81
119900006,41,264,-223
119900007,86,31,55
119900008,13,12,1
119900009,246,606,-360
119900010,1093,1336,-243
119900011,12,21,-9
119900012,9,24,-15
119900013,836,518,318
119900014,493,253,240
119900015,26,13,13
119900016,11,80,-69
119900017,2,16,-14
119900018,681,60,621
119900019,1,2,-1
119900020,35,77,-42
119900021,16,31,-15
119900022,33,111,-78
119900023,443,147,296
119900025,18,38,-20
119900026,588,38,550
119900027,3,18,-15
119900028,37,3,34
119900029,0,13,-13
119900030,58,213,-155
119900031,1,78,-77
119900033,2402,89,2313
119900034,18,202,-184
119900037,11,14,-3
119900038,9,33,-24
119900039,15,0,15
119900040,17,4,13
119900041,15,94,-79
119900042,20,91,-71
119900043,7,133,-126
119900044,108,120,-12
119900046,9,128,-119
119900047,27,16,11
119900048,3,38,-35
119900049,13,2,11
119900050,29,16,13
119900051,113,2,111
119900052,7,114,-107
119900053,51,158,-107
119900054,4,8,-4
119900055,214,154,60
119900057,20,118,-98
119900058,54,1,53
119900059,76,36,40
119900060,37,4,33
119900061,15,2,13
119900062,1,61,-60
119900063,2,15,-13
119900064,65,34,31
119900065,32,2,30
119900066,0,0,0
119900067,4,77,-73
119900068,71,1,70
119900069,16,0,16
119900070,120,8,112
119900071,66,1,65
119900072,18,397,-379
119900073,1143,295,848
119900074,4,16,-12
119900075,5295,1327,3968
119900076,125,436,-311
119900077,93,1402,-1309
119900078,69,606,-537
119900079,25,194,-169
119900080,95,186,-91
119900081,2,50,-48
119900082,152,116,36
119900083,0,44,-44
119900084,105,63,42
119900085,132,50,82
119900086,12,724,-712
119900087,47,101,-54
119900088,25,67,-42
119900089,3,657,-654
119900090,162,74,88
119900091,16,1176,-1160
119900092,3,496,-493
119900093,396,44,352
119900094,6,191,-185
119900095,92,68,24
119900096,18,109,-91
119900097,265,129,136
119900098,4,45,-41
119900099,9,391,-382
119900100,2642,1028,1614
119900101,159,676,-517
119900102,9,407,-398
119900103,4,586,-582
119900104,23,258,-235
119900105,463,1806,-1343
119900106,6,290,-284
119900107,203,3094,-2891
119900108,1725,707,1018
119900109,9,175,-166
119900110,145,609,-464
119900111,8,350,-342
119900112,2466,360,2106
119900113,43,619,-576
119900114,37,1814,-1777
119900115,55,1291,-1236
119900116,22,171,-149
119900117,109,1244,-1135
119900118,3,1284,-1281
119900119,42,312,-270
119900120,419,746,-327
119900121,47,1529,-1482
119900122,114,343,-229
119900123,54,137,-83
119900124,15,1062,-1047
119900125,18,371,-353
119900126,6624,137,6487
119900127,2158,673,1485
119900128,81,822,-741
119900129,27,819,-792
119900130,45,198,-153
119900131,8,399,-391
119900132,0,313,-313
119900133,0,9,-9
119900134,1787,219,1568
119900135,1,534,-533
119900136,108,541,-433
119900138,277,606,-329
119900139,6,57,-51
119900140,1,111,-110
119900141,106,159,-53
119900142,8,3,5
119900143,3,222,-219
119900144,1920,126,1794
119900145,17,224,-207
119900146,65,83,-18
119900147,1,60,-59
119900148,38,14,24
119900149,1459,1491,-32
119900150,95,179,-84
119900151,865,678,187
119900152,18,335,-317
119900153,13,17,-4
119900154,0,331,-331
119900155,6,37,-31
119900156,0,1,-1
119900157,21,239,-218
119900158,24,32,-8
119900159,2,1963,-1961
119900160,6,293,-287
119900161,89,259,-170
119900162,326,280,46
119900163,64,83,-19
119900164,0,1,-1
119900165,9,230,-221
119900166,27,19,8
119900167,27,197,-170
119900168,260,255,5
119900169,121,83,38
119900170,45,79,-34
119900171,256,495,-239
119900172,33,10,23
119900173,9,671,-662
119900174,0,356,-356
119900175,148,359,-211
119900177,18,282,-264
119900178,6,268,-262
119900179,14,108,-94
119900180,209,361,-152
119900181,59,10,49
119900182,3,632,-629
119900183,80,1083,-1003
119900184,2998,442,2556
119900185,8,38,-30
119900186,15,98,-83
119900187,3,640,-637
119900188,22,347,-325
119900189,154,93,61
119900190,17,74,-57
119900191,70,64,6
119900192,4,216,-212
119900193,57,148,-91
119900194,7,6,1
119900195,16,332,-316
119900196,1988,323,1665
119900197,39,27,12
119900198,57,506,-449
119900199,85,8,77
119900200,53,288,-235
119900201,318,239,79
119900202,70,22,48
119900203,20,95,-75
119900204,45,190,-145
119900205,92,394,-302
119900206,13,92,-79
119900208,35,58,-23
119900209,102,204,-102
119900210,4,29,-25
119900211,68,8,60
119900212,28,250,-222
119900213,2,33,-31
119900214,3,87,-84
119900215,15,108,-93
119900216,4,148,-144
119900217,4,110,-106
119900218,16,80,-64
119900219,5,167,-162
119900220,1,172,-171
119900221,7,543,-536
119900222,9,358,-349
119900223,24,159,-135
119900224,33,43,-10
119900225,1585,56,1529
119900226,817,525,292
119900227,1651,318,1333
119900228,32,342,-310
119900229,135,320,-185
119900230,882,480,402
119900231,18,114,-96
119900232,32,11,21
119900233,8,1,7
119900234,0,22,-22
119900235,4,2,2
119900236,4,214,-210
119900237,18,508,-490
119900238,2,98,-96
119900240,18,155,-137
119900241,43,234,-191
119900242,1385,355,1030
119900244,487,1464,-977
119900245,21,99,-78
119900246,50,51,-1
119900247,7,15,-8
119900248,8,14,-6
119900249,57,11,46
119900253,3264,174,3090
119900254,9,70,-61
119900255,19,672,-653
119900256,44,1609,-1565
119900257,5,0,5
119900258,8,17,-9
119900259,2,220,-218
119900260,8,0,8
119900261,63,153,-90
119900262,0,367,-367
119900263,643,451,192
119900264,12,286,-274
119900265,56,403,-347
119900266,70,242,-172
119900267,21,368,-347
119900268,26,287,-261
119900269,101,1964,-1863
119900271,30,66,-36
119900272,26,26,0
119900275,44,8,36
119900276,8,0,8
119900277,5,0,5
119900278,173,9,164
119900279,58,99,-41
119900280,882,214,668
119900281,0,32,-32
119900282,11,5,6
119900283,4,332,-328
119900284,29,261,-232
119900285,9,37,-28
119900286,6,13,-7
119900288,8,22,-14
119900289,2,38,-36
119900290,0,23,-23
119900291,0,27,-27
119900292,5,1,4
119900293,7,26,-19
119900294,5,64,-59
119900295,1,31,-30
119900296,5,178,-173
119900297,1,32,-31
119900298,7,26,-19
119900299,5,395,-390
119900300,48,272,-224
119900301,17,18,-1
119900302,11,20,-9
119900303,16,203,-187
119900304,7,18,-11
119900305,10,60,-50
119900306,10,1,9
119900307,11,117,-106
119900308,3,7,-4
119900309,6,30,-24
119900310,129,290,-161
119900311,6,158,-152
119900312,14,47,-33
119900313,65,353,-288
119900314,30,121,-91
119900315,150,3177,-3027
119900318,3,3,0
119900319,4,366,-362
119900320,19,746,-727
119900321,7,1,6
120000001,5893,3404,2489
120000002,1395,2955,-1560
120000003,2955,1967,988
120000004,2415,2421,-6
120000005,4400,2056,2344
120000006,897,1202,-305
120000007,2244,1590,654
120000008,608,1105,-497
120000009,5507,908,4599
120000010,868,3612,-2744
120000011,575,2127,-1552
120000012,1422,3137,-1715
120000013,913,2539,-1626
120000014,306,1330,-1024
120000015,1054,1225,-171
120000016,1127,865,262
120000017,468,716,-248
120000018,2706,3087,-381
120000019,301,520,-219
120000020,1154,1263,-109
120000021,984,1104,-120
120000022,2434,2045,389
120000023,337,903,-566
120000024,914,1359,-445
120000025,844,1468,-624
120000026,315,1496,-1181
120000027,551,1147,-596
120000028,419,359,60
120000029,2457,370,2087
120000030,79,546,-467
120000031,1372,3728,-2356
120000032,10364,2323,8041
120000033,1070,1388,-318
120000034,521,2032,-1511
120000035,801,2130,-1329
120000036,1210,2739,-1529
120000037,222,442,-220
120000038,10741,2846,7895
120000039,218,1074,-856
120000040,36,141,-105
120000041,246,2534,-2288
120000042,935,6732,-5797
120000043,2783,3009,-226
120000044,1425,1202,223
120000045,1515,963,552
120000046,869,1240,-371
120000047,1681,1791,-110
120000048,8349,2215,6134
120000049,1255,2327,-1072
120000050,1628,3462,-1834
120000051,3892,2945,947
120000052,17595,1950,15645
120000053,496,4449,-3953
120000054,1197,7685,-6488
120000055,571,4490,-3919
120000056,2518,5507,-2989
120000057,967,1337,-370
120000058,164,141,23
120000059,116,1242,-1126
120000061,51,610,-559
120000062,148,417,-269
120000063,2012,4225,-2213
120000064,180,1945,-1765
120000065,301,2038,-1737
120000066,46,537,-491
120000067,79,603,-524
120000068,104,1403,-1299
120000069,296,1884,-1588
120000070,8,1200,-1192
120000071,73,158,-85
120000072,118,463,-345
120000073,130,97,33
120000074,72,76,-4
120000075,69,195,-126
120000076,295,221,74
120000077,453,264,189
120000078,2569,332,2237
120000079,11,24,-13
120000080,5,18,-13
120000081,18,35,-17
120000082,24,38,-14
120000083,13,25,-12
120000084,267,510,-243
120000085,202,281,-79
120000086,87,719,-632
120000087,46,1234,-1188
120000088,255,1149,-894
120000089,275,168,107
120000090,91,206,-115
120000091,109,366,-257
120000092,200,194,6
120000093,54,210,-156
120000094,19,146,-127
120000095,400,938,-538
120000096,116,1409,-1293
120000098,345,1023,-678
120000099,84,606,-522
120000100,278,807,-529
120000101,153,488,-335
120000102,97,275,-178
120000103,156,215,-59
120000104,286,115,171
120000105,381,143,238
120000106,355,133,222
120000107,490,202,288
120000108,131,42,89
120000109,224,31,193
120000110,41,891,-850
120000111,58,1456,-1398
120000112,271,4822,-4551
120000113,273,3281,-3008
120000114,228,2430,-2202
120000115,152,2094,-1942
120000116,366,2038,-1672
120000117,1072,1728,-656
120000118,5,3,2
120000119,16,18,-2
120000120,20,14,6
120000121,5,30,-25
120000122,43,35,8
120000123,6556,968,5588
120000124,165,267,-102
120000125,106,525,-419
120000126,61,288,-227
120000127,369,218,151
120000128,1188,1299,-111
120000129,93,91,2
120000130,253,348,-95
120000131,81,355,-274
120000134,214,1243,-1029
120000135,43,257,-214
120000137,46,2280,-2234
120000138,104,546,-442
120000139,54,1017,-963
120000140,119,776,-657
120000141,68,559,-491
120000142,55,632,-577
120000143,2,127,-125
120000144,10,0,10
120000145,55,1,54
120000146,1071,366,705
120000149,236,989,-753
120000150,4359,4809,-450
120000151,217,229,-12
120000152,74,269,-195
120000153,101,785,-684
120000154,178,274,-96
120000155,44,74,-30
120000156,833,168,665
120000157,295,482,-187
120000158,236,769,-533
120000159,1309,2094,-785
120000160,1109,840,269
120000161,462,2456,-1994
120000162,15,91,-76
120000163,135,1359,-1224
120000164,119,501,-382
120000165,111,983,-872
120000166,198,531,-333
120000167,6,20,-14
120000168,7,42,-35
120000169,179,107,72
120000170,247,70,177
120000171,59,24,35
120000172,16,9,7
120000173,1972,58,1914
120000174,228,8,220
120000175,483,5,478
120000176,115,92,23
120000177,1200,632,568
120000178,76,5,71
120000179,340,32,308
120000180,469,95,374
120000181,100,30,70
120000182,41,34,7
120000183,4,250,-246
120000184,51,2989,-2938
120000186,9,20,-11
120000187,14,18,-4
120000188,83,27,56
120000190,746,5,741
120000191,1206,3,1203
120000192,1340,2,1338
120000193,496,5,491
120000195,67,1,66
120000196,201,21,180
120000197,37,85,-48
120000198,19,261,-242
120000199,7,0,7
120000200,10,0,10
120000201,5,4,1
120000202,0,59,-59
120000203,2,508,-506
120000207,1,135,-134
120000208,8,286,-278
120000209,0,112,-112
120000210,188,66,122
120000211,23,0,23
120000212,16,3,13
120000213,28,511,-483
120000214,4,551,-547
120000215,6,185,-179
120000216,41,1,40
120000217,850,1875,-1025
120000218,262,2046,-1784
120000219,7,1316,-1309
120000220,16,4194,-4178
120000225,197,0,197
120000226,16,0,16
120000227,240,5,235
120000228,11964,1479,10485
120000230,18,3,15
120000231,198,2466,-2268
120000233,30,2,28
120000235,85,745,-660
120000236,0,0,0
120000237,6,3363,-3357
120000238,1,105,-104
120000241,450,831,-381
120000412,1035,9,1026
120000413,22,386,-364
120000414,4,1,3
120000415,1,206,-205
120000416,7,5,2
120000417,2,110,-108
120000418,8,1,7
120000419,2,451,-449
120000420,5,20,-15
120000421,16036,5596,10440
120000422,259,309,-50
120000423,0,37,-37
120000424,5,175,-170
120000436,85,154,-69
120000437,104,162,-58
120000438,5339,448,4891
120000439,28,115,-87
120000443,85,0,85
120000444,127,502,-375
120000445,412,517,-105
120000446,625,123,502
120000447,0,2,-2
120000449,5,4,1
120000450,5,375,-370
120000451,14,161,-147
120000452,10,0,10
120000453,3,501,-498
120000454,5,10,-5
120000455,6,33,-27
120000456,3520,1998,1522
120000457,1343,914,429
120000458,361,652,-291
120000459,13,47,-34
120000665,628,116,512
120000668,67,130,-63
120000669,38,412,-374
120000670,227,371,-144
120000671,149,127,22
120000672,46,354,-308
120900001,1,13,-12
120900002,34,184,-150
120900003,103,16,87
120900004,1,10,-9
120900005,8,1904,-1896
120900006,50,116,-66
120900007,37,170,-133
120900008,37,1259,-1222
120900009,55,34,21
120900010,76,26,50
120900011,234,48,186
120900012,914,304,610
120900013,93,9,84
120900014,2,771,-769
120900015,78,79,-1
120900016,103,31,72
120900017,3286,91,3195
120900018,16,460,-444
120900019,92,25,67
120900020,225,209,16
120900021,101,23,78
120900022,17,414,-397
120900023,27,28,-1
120900024,1078,383,695
120900025,1622,548,1074
120900026,20,232,-212
120900027,322,119,203
120900028,49,16,33
120900029,18,95,-77
120900030,243,293,-50
120900031,21,14,7
120900032,172,104,68
120900033,155,14,141
120900034,68,801,-733
120900035,22,332,-310
120900037,19,4,15
120900038,27,32,-5
120900039,8,8,0
120900040,20,0,20
120900041,66,16,50
120900042,29,34,-5
120900043,9,2,7
120900044,5,317,-312
120900045,82,230,-148
120900046,52,2,50
120900047,17,13,4
120900048,18,2,16
120900049,47,0,47
120900050,3560,432,3128
120900051,73,80,-7
120900052,68,1,67
120900053,29,41,-12
120900054,785,629,156
120900055,33,0,33
120900056,56,1,55
120900057,24,11,13
120900058,53,0,53
120900059,17,1,16
120900060,5,15,-10
120900061,116,286,-170
120900062,30,0,30
120900063,64,0,64
120900064,58,6,52
120900065,40,13,27
120900066,35,377,-342
120900067,43,12,31
120900068,24,0,24
120900069,25,118,-93
120900071,6,0,6
120900072,105,0,105
120900073,48,285,-237
120900074,50,0,50
120900076,27,1,26
120900077,3471,182,3289
120900078,101,711,-610
120900079,88,119,-31
120900080,79,3244,-3165
120900081,114,1000,-886
120900082,402,175,227
120900083,8,2,6
120900084,40,74,-34
120900085,61,43,18
120900086,95,72,23
120900087,84,23,61
120900088,79,91,-12
120900089,5514,411,5103
120900090,17,210,-193
120900091,163,78,85
120900092,289,690,-401
120900093,5283,303,4980
120900094,368,273,95
120900095,63,21,42
120900096,10,84,-74
120900097,545,1543,-998
120900098,198,208,-10
120900099,17,131,-114
120900100,29,485,-456
120900101,153,347,-194
120900102,8,146,-138
120900103,10,128,-118
120900104,5,83,-78
120900105,14,995,-981
120900106,991,635,356
120900107,449,195,254
120900108,3,1196,-1193
120900109,18,974,-956
120900110,6,507,-501
120900111,163,518,-355
120900112,6,1891,-1885
120900113,5,1193,-1188
120900114,18,325,-307
120900115,96,78,18
120900116,24,693,-669
120900117,2,728,-726
120900118,4,996,-992
120900119,4934,2968,1966
120900120,40,818,-778
120900121,55,530,-475
120900122,49,823,-774
120900123,0,657,-657
120900124,4,778,-774
120900125,2,1179,-1177
120900126,784,705,79
120900127,7,701,-694
120900128,661,889,-228
120900129,27,544,-517
120900130,0,600,-600
120900131,21,89,-68
120900132,98,502,-404
120900133,174,1126,-952
120900134,128,620,-492
120900135,4,861,-857
120900136,9,14,-5
120900137,23,109,-86
120900138,10,258,-248
120900139,2,1159,-1157
120900140,0,38,-38
120900141,27,76,-49
120900142,25,1093,-1068
120900143,5,1366,-1361
120900144,0,371,-371
120900145,54,1029,-975
120900146,3,1325,-1322
120900147,2,214,-212
120900148,22,66,-44
120900149,3,456,-453
120900150,6,586,-580
120900151,4,783,-779
120900152,0,59,-59
120900153,2,97,-95
120900154,0,408,-408
120900155,43,1314,-1271
120900156,7,322,-315
120900157,2,261,-259
120900158,11,688,-677
120900159,6,465,-459
120900160,57,357,-300
120900161,10,3104,-3094
120900162,7,2191,-2184
120900163,2,58,-56
120900164,0,0,0
120900165,0,1,-1
120900166,6,52,-46
120900167,59,93,-34
120900169,24,637,-613
120900170,2168,662,1506
120900171,1372,248,1124
120900172,1028,43,985
120900173,0,55,-55
120900174,2,134,-132
120900175,307,191,116
120900176,5,101,-96
120900177,1,188,-187
120900178,0,128,-128
120900179,311,418,-107
120900180,63,57,6
120900181,5,103,-98
120900182,18,370,-352
120900183,901,68,833
120900184,177,77,100
120900185,3,422,-419
120900186,2,549,-547
120900187,80,322,-242
120900188,14,13,1
120900189,55,114,-59
120900190,3,13,-10
120900191,0,22,-22
120900192,15359,891,14468
120900194,12,108,-96
120900195,54,398,-344
120900196,303,30,273
120900197,106,30,76
120900198,118,682,-564
120900199,113,1378,-1265
120900200,83,34,49
120900201,632,198,434
120900202,1,286,-285
120900203,11,38,-27
120900204,343,464,-121
120900205,28,96,-68
120900206,8,3,5
121000001,677,1043,-366
121000002,769,639,130
121000003,4479,1917,2562
121000004,2026,1246,780
121000005,1607,2282,-675
121000006,1888,794,1094
121000007,2577,2787,-210
121000008,2467,1370,1097
121000009,7962,3965,3997
121000010,6817,1855,4962
121000011,13850,6913,6937
121000012,15548,3426,12122
121000013,5994,4880,1114
121000014,6745,4094,2651
121000015,3635,4619,-984
121000016,3347,2986,361
121000017,1100,2914,-1814
121000018,1313,1220,93
121000019,11101,4371,6730
121000020,7824,3738,4086
121000021,1399,2171,-772
121000022,1120,1156,-36
121000023,2427,2235,192
121000024,1518,2147,-629
121000025,558,397,161
121000026,141,64,77
121000027,1373,736,637
121000028,414,353,61
121000029,214,484,-270
121000030,68,158,-90
121000031,318,454,-136
121000032,113,63,50
121000034,30,31,-1
121000035,64,65,-1
121000036,332,389,-57
121000037,188,464,-276
121000038,247,345,-98
121000039,201,173,28
121000041,145,376,-231
121000042,88,167,-79
121000043,467,366,101
121000044,793,296,497
121000045,198,418,-220
121000046,66,189,-123
121000047,3,50,-47
121000049,1513,723,790
121000050,171,743,-572
121000051,154,212,-58
121000052,155,408,-253
121000053,120,7,113
121000054,19,162,-143
121000055,1555,837,718
121000056,568,621,-53
121000057,73,179,-106
121000058,318,82,236
121000059,882,453,429
121000060,264,410,-146
121000061,30,59,-29
121000062,75,107,-32
121000063,339,332,7
121000064,137,198,-61
121000065,209,258,-49
121000066,207,292,-85
121000067,702,222,480
121000068,159,95,64
121000069,265,127,138
121000070,631,933,-302
121000071,317,420,-103
121000072,941,496,445
121000073,537,654,-117
121000074,115,154,-39
121000075,71,30,41
121000076,867,269,598
121000077,41,20,21
121000078,92,55,37
121000080,2368,394,1974
121000081,805,772,33
121000082,135,219,-84
121000083,84,48,36
121000084,160,85,75
121000085,337,416,-79
121000086,132,410,-278
121000087,18,171,-153
121000088,207,402,-195
121000089,164,153,11
121000090,172,203,-31
121000091,2064,450,1614
121000092,103,65,38
121000093,64,192,-128
121000094,235,145,90
121000095,120,213,-93
121000096,2359,1562,797
121000097,1574,1053,521
121000098,142,941,-799
121000099,146,786,-640
121000100,98,534,-436
121000101,17,49,-32
121000102,47,391,-344
121000103,8,56,-48
121000104,49,155,-106
121000105,94,234,-140
121000106,6,34,-28
121000107,1527,2917,-1390
121000109,1429,760,669
121000110,192,292,-100
121000114,2009,1884,125
121000115,862,580,282
121000116,401,588,-187
121000117,1051,205,846
121000118,760,217,543
121000119,84,235,-151
121000120,130,314,-184
121000121,111,323,-212
121000123,378,224,154
121000126,77,229,-152
121000127,71,78,-7
121000128,134,511,-377
121000129,182,376,-194
121000130,219,752,-533
121000131,474,467,7
121000132,298,474,-176
121000135,306,278,28
121000136,939,229,710
121000137,284,75,209
121000138,373,308,65
121000139,356,79,277
121000141,91,79,12
121000142,694,382,312
121000143,93,5,88
121000144,542,570,-28
121000145,189,963,-774
121000146,437,660,-223
121000147,321,345,-24
121000148,310,734,-424
121000149,725,923,-198
121000152,187,324,-137
121000153,1597,364,1233
121000154,519,425,94
121000155,831,543,288
121000156,430,639,-209
121000157,1660,971,689
121000158,305,478,-173
121000159,106,642,-536
121000160,144,781,-637
121000161,45,321,-276
121000162,27,237,-210
121000165,1154,653,501
121000166,38,241,-203
121000168,74,176,-102
121000169,9,185,-176
121000170,64,54,10
121000171,73,163,-90
121000172,311,473,-162
121000173,1170,552,618
121000174,128,354,-226
121000175,196,375,-179
121000176,225,229,-4
121000177,331,613,-282
121000178,35,66,-31
121000179,46,115,-69
121000181,150,251,-101
121000182,56,113,-57
121000183,29,41,-12
121000184,7,70,-63
121000185,14,153,-139
121000186,84,293,-209
121000187,110,296,-186
121000188,81,228,-147
121000192,304,318,-14
121000193,298,235,63
121000194,1850,1621,229
121000195,239,736,-497
121000196,262,113,149
121000197,91,607,-516
121000198,75,70,5
121000199,35,606,-571
121000200,140,78,62
121000201,3,290,-287
121000202,50,10,40
121000203,126,1971,-1845
121000204,403,246,157
121000205,65,351,-286
121000206,97,95,2
121000207,310,338,-28
121000208,0,506,-506
121000209,39,495,-456
121000210,115,668,-553
121000211,36,88,-52
121000212,162,770,-608
121000213,5880,1356,4524
121000214,432,509,-77
121000215,959,471,488
121000216,231,272,-41
121000217,1824,923,901
121000218,285,1717,-1432
121000219,512,202,310
121000220,227,105,122
121000221,106,175,-69
121000222,1721,2227,-506
121000223,135,328,-193
121000224,74,30,44
121000225,587,490,97
121000226,656,296,360
121000227,9,192,-183
121000228,7,950,-943
121000229,11,482,-471
121000230,76,1877,-1801
121000231,0,0,0
121000232,168,54,114
121000233,147,239,-92
121000234,3,17,-14
121000235,24,8,16
121000236,1,61,-60
121000237,1,1,0
121000238,0,73,-73
121000239,4,1,3
121000240,6,130,-124
121000241,20,7,13
121000242,5,135,-130
121000243,17,2,15
121000244,1,70,-69
121000245,0,1,-1
121000246,1,67,-66
121000247,10,3,7
121000248,49,301,-252
121000249,32,173,-141
121000250,84,47,37
121000251,9,509,-500
121000252,20,18,2
121000253,77,603,-526
121000254,186,175,11
121000255,53,122,-69
121000256,42,105,-63
121000257,19,61,-42
121000258,18,44,-26
121000259,7,24,-17
121000260,19,112,-93
121000261,13,18,-5
121000262,919,309,610
121000263,278,396,-118
121000271,255,1194,-939
121000273,30,14,16
121000274,1,28,-27
121000275,1,16,-15
121000276,0,9,-9
121000278,6,37,-31
121000279,6,14,-8
121000280,8,38,-30
121000289,35,16,19
121000290,640,469,171
121000294,12,226,-214
121000297,482,333,149
121000299,118,179,-61
121000300,691,371,320
121000302,28,207,-179
121000303,157,186,-29
121000304,35,5,30
121000305,27,8,19
121000306,3,22,-19
121000308,101,244,-143
121000309,229,426,-197
121000310,31,386,-355
121000311,57,537,-480
121000312,98,57,41
121000313,510,264,246
121000314,70,43,27
121000315,46,35,11
121000530,468,1156,-688
121000531,581,1210,-629
121000532,3760,2218,1542
121000533,1311,1288,23
121000918,6,230,-224
121000919,0,9,-9
121000938,107,67,40
121000939,154,51,103
121000956,195,1158,-963
121000957,3,13,-10
121000958,18,83,-65
121000959,94,897,-803
121000960,270,1791,-1521
121000961,59,3,56
121000962,160,430,-270
121000973,0,200,-200
121000976,0,65,-65
121000979,2,3,-1
121000981,97,3,94
121000982,37,78,-41
121000983,77,380,-303
121000984,5,13,-8
121000985,74,553,-479
121000986,28,397,-369
121000987,102,1817,-1715
121000988,218,113,105
121001302,210,113,97
121001308,9,12,-3
121001309,25,70,-45
121001313,10,415,-405
121001314,4836,2981,1855
121001315,3680,1183,2497
121900001,40,105,-65
121900002,1,26,-25
121900003,5,3,2
121900004,30,143,-113
121900005,0,5,-5
121900006,10,0,10
121900007,25,219,-194
121900008,27,2,25
121900009,3,3,0
121900010,42,1,41
121900011,41,104,-63
121900012,1,0,1
121900013,72,0,72
121900014,134,30,104
121900015,5,18,-13
121900016,0,0,0
121900017,19,55,-36
121900018,30,0,30
121900019,38,91,-53
121900020,1,1,0
121900021,81,0,81
121900022,8,15,-7
121900023,0,39,-39
121900024,199,25,174
121900025,59,53,6
121900026,10,5,5
121900027,52,26,26
121900028,52,0,52
121900029,0,19,-19
121900030,95,107,-12
121900031,170,583,-413
121900032,48,37,11
121900033,22,30,-8
121900034,46,11,35
121900035,389,197,192
121900036,1,23,-22
121900037,19,129,-110
121900038,4,42,-38
121900039,20,0,20
121900040,2,10,-8
121900041,14,24,-10
121900042,13,14,-1
121900043,0,0,0
121900044,194,15,179
121900046,9,12,-3
121900047,13,5,8
121900048,5,55,-50
121900050,1,4,-3
121900051,10,45,-35
121900052,6,14,-8
121900053,43,53,-10
121900054,73,144,-71
121900055,0,0,0
121900058,3,105,-102
121900059,16,19,-3
121900060,18,56,-38
121900061,14,29,-15
121900062,0,1,-1
121900063,66,59,7
121900064,16,159,-143
121900066,5,4,1
121900067,0,0,0
121900069,177,94,83
121900070,12,28,-16
121900071,25,63,-38
121900072,2,62,-60
121900073,19,50,-31
121900074,20,48,-28
121900075,51,36,15
121900076,17,123,-106
121900077,0,13,-13
121900078,0,6,-6
121900079,0,0,0
121900080,83,115,-32
121900082,3,49,-46
121900084,0,166,-166
121900085,0,6,-6
121900086,0,6,-6
121900087,38,23,15
121900088,570,844,-274
121900089,3,68,-65
121900090,1,89,-88
121900091,3,38,-35
121900092,1,16,-15
121900093,7,17,-10
121900094,8,3,5
121900095,45,34,11
121900096,207,21,186
121900097,14,30,-16
121900098,0,0,0
121900099,4,12,-8
121900100,6,13,-7
121900101,17,28,-11
121900102,1,23,-22
121900103,29,12,17
121900104,208,75,133
121900105,2,4,-2
121900106,1,0,1
121900107,2,1,1
121900108,0,0,0
121900109,75,30,45
121900110,35,554,-519
121900111,312,50,262
121900112,9,6,3
121900113,1,10,-9
121900114,0,0,0
121900115,24,66,-42
121900117,15,6,9
121900118,713,88,625
121900119,11,123,-112
121900120,4,513,-509
121900121,0,0,0
121900122,1,1,0
121900123,41,77,-36
121900124,11,76,-65
121900125,367,430,-63
121900127,0,26,-26
121900128,11,82,-71
121900129,628,44,584
121900130,9,26,-17
121900131,29,24,5
121900132,9,50,-41
121900133,2,4,-2
121900134,2,35,-33
121900135,537,89,448
121900136,8,187,-179
121900137,24,98,-74
121900138,12,52,-40
121900139,127,129,-2
121900140,3,21,-18
121900141,5,2,3
121900142,1,11,-10
121900143,1,30,-29
121900144,317,218,99
121900145,15,43,-28
121900146,83,254,-171
121900147,12,133,-121
121900148,15,95,-80
121900149,76,197,-121
121900150,32,127,-95
121900151,21,84,-63
121900152,11,29,-18
121900153,10,87,-77
121900154,2,41,-39
121900155,0,22,-22
121900156,68,56,12
121900157,1,129,-128
121900158,30,65,-35
121900159,0,68,-68
121900160,0,69,-69
121900161,86,66,20
121900162,26,44,-18
121900163,16,414,-398
121900164,53,42,11
121900165,15,56,-41
121900166,5,61,-56
121900167,12,21,-9
121900168,24,43,-19
121900169,2,348,-346
121900170,0,59,-59
121900171,65,98,-33
121900172,34,100,-66
121900173,94,15,79
121900174,1,1,0
121900175,1,49,-48
121900176,201,1252,-1051
121900177,29,30,-1
121900179,60,19,41
121900180,5051,1216,3835
121900182,45,68,-23
121900183,89,84,5
121900184,10,119,-109
121900186,0,181,-181
121900187,6,41,-35
121900188,202,48,154
121900189,4,39,-35
121900190,42,121,-79
121900191,5,14,-9
121900192,323,98,225
121900194,2,67,-65
121900195,9,29,-20
121900196,56,200,-144
121900197,135,1227,-1092
121900198,423,79,344
121900199,0,6,-6
121900200,19,35,-16
121900201,154,125,29
121900202,34,79,-45
121900203,25,59,-34
121900204,345,105,240
121900205,1,50,-49
121900206,0,4,-4
121900207,32,10,22
121900208,19,70,-51
121900209,12,2,10
121900210,44,76,-32
121900211,0,48,-48
121900212,11,32,-21
121900213,2,15,-13
121900214,0,171,-171
121900215,1,17,-16
121900216,9,19,-10
121900217,41,10,31
121900218,19,44,-25
121900219,47,17,30
121900220,25,4,21
121900221,55,119,-64
121900222,4,47,-43
121900223,6,14,-8
121900224,2,13,-11
121900225,5,1,4
121900226,14,380,-366
121900227,12,70,-58
121900228,30,37,-7
121900229,41,151,-110
121900230,28,15,13
121900231,93,54,39
121900232,73,54,19
121900233,124,107,17
121900234,24,78,-54
121900235,17,35,-18
121900236,22,27,-5
121900237,109,182,-73
121900238,67,60,7
121900239,27,17,10
121900240,20,37,-17
121900241,0,12,-12
121900242,0,0,0
121900243,0,0,0
121900244,0,0,0
121900245,41,39,2
121900246,11,2,9
121900247,56,79,-23
121900248,189,164,25
121900250,44,57,-13
121900251,11,0,11
121900252,323,25,298
121900253,22,295,-273
121900254,109,60,49
121900255,14,14,0
121900258,237,79,158
121900259,75,41,34
121900260,5,95,-90
121900261,21,95,-74
121900262,58,145,-87
121900263,28,66,-38
121900264,821,344,477
121900265,28,131,-103
121900266,25,41,-16
121900267,0,0,0
121900269,10,74,-64
121900270,10,64,-54
121900271,2,63,-61
121900273,115,270,-155
121900274,8,74,-66
121900276,25,25,0
121900277,54,824,-770
121900278,10,450,-440
121900279,46,181,-135
121900280,41,162,-121
121900281,171,5,166
121900284,18,1,17
121900286,6,134,-128
121900287,4,11,-7
121900290,51,117,-66
121900291,147,237,-90
121900292,16,29,-13
121900293,429,2170,-1741
121900294,93,2,91
121900295,6,87,-81
121900296,3,1,2
121900298,36,72,-36
121900299,0,0,0
121900300,0,0,0
121900301,5,0,5
121900302,0,7,-7
121900303,22,97,-75
121900304,0,0,0
121900305,0,0,0
121900306,0,0,0
121900307,0,19,-19
121900308,3,233,-230
121900309,5,196,-191
121900310,6,352,-346
121900311,16,3,13
121900312,13,0,13
121900313,14,3,11
121900314,0,43,-43
121900315,0,0,0
121900316,0,0,0
121900317,0,0,0
121900318,0,3,-3
121900319,0,0,0
121900320,14,34,-20
121900321,0,0,0
121900322,0,6,-6
121900323,3,1,2
121900324,0,0,0
121900325,0,0,0
121900326,0,8,-8
121900327,1,8,-7
121900328,0,5,-5
121900329,0,84,-84
121900330,0,7,-7
121900331,13,2,11
121900332,1,1,0
122000001,1400,1583,-183
122000002,2598,672,1926
122000003,1241,696,545
122000004,1996,518,1478
122000005,1398,521,877
122000006,1056,245,811
122000007,475,491,-16
122000008,3251,1470,1781
122000009,418,113,305
122000010,1448,1572,-124
122000011,1967,579,1388
122000012,591,715,-124
122000013,614,639,-25
122000014,813,842,-29
122000015,703,594,109
122000016,203,517,-314
122000017,726,661,65
122000018,751,905,-154
122000019,415,1179,-764
122000020,127,79,48
122000021,469,239,230
122000022,515,387,128
122000023,190,794,-604
122000024,493,615,-122
122000025,702,698,4
122000026,1128,421,707
122000027,382,1648,-1266
122000028,417,169,248
122000029,150,153,-3
122000030,265,57,208
122000031,87,101,-14
122000032,550,1005,-455
122000033,278,340,-62
122000034,302,352,-50
122000035,209,404,-195
122000036,187,438,-251
122000037,240,176,64
122000038,167,235,-68
122000039,272,296,-24
122000040,233,110,123
122000041,199,336,-137
122000042,76,290,-214
122000043,63,38,25
122000044,42,49,-7
122000045,571,308,263
122000046,305,550,-245
122000047,198,89,109
122000048,1626,1534,92
122000049,2910,1481,1429
122000050,679,421,258
122000051,146,166,-20
122000052,185,108,77
122000053,39,325,-286
122000054,1232,949,283
122000055,869,1245,-376
122000056,2284,1444,840
122000057,2328,1441,887
122000058,1883,916,967
122000059,2050,1228,822
122000060,647,384,263
122000061,331,143,188
122000062,678,167,511
122000063,243,230,13
122000064,2039,2109,-70
122000065,2526,1964,562
122000066,596,626,-30
122000067,588,747,-159
122000068,385,552,-167
122000069,323,492,-169
122000070,180,849,-669
122000071,410,663,-253
122000072,181,192,-11
122000073,179,248,-69
122000074,500,390,110
122000075,197,325,-128
122000076,674,522,152
122000077,500,399,101
122000078,1535,1503,32
122000079,523,447,76
122000080,250,196,54
122000081,79,113,-34
122000082,435,361,74
122000083,576,1489,-913
122000084,520,487,33
122000085,113,1161,-1048
122000086,1295,1488,-193
122000087,187,86,101
122000088,169,116,53
122000089,2945,1435,1510
122000090,180,262,-82
122000091,112,51,61
122000092,43,9,34
122000093,719,1119,-400
122000094,3627,967,2660
122000095,1706,727,979
122000096,1007,351,656
122000098,1373,1093,280
122000099,715,495,220
122000100,402,308,94
122000101,85,329,-244
122000102,1151,748,403
122000103,530,951,-421
122000104,107,145,-38
122000105,82,188,-106
122000106,267,267,0
122000107,220,251,-31
122000108,267,401,-134
122000109,83,111,-28
122000110,148,250,-102
122000111,1616,650,966
122000112,288,568,-280
122000113,202,382,-180
122000114,1453,1271,182
122000115,1151,682,469
122000116,220,247,-27
122000117,463,119,344
122000118,271,219,52
122000119,1805,1083,722
122000120,1762,1809,-47
122000121,2259,1384,875
122000122,404,743,-339
122000123,949,388,561
122000124,362,185,177
122000125,321,429,-108
122000126,365,485,-120
122000127,790,614,176
122000128,305,552,-247
122000129,147,105,42
122000130,1074,229,845
122000131,1000,259,741
122000132,701,334,367
122000133,534,1698,-1164
122000134,202,252,-50
122000135,365,762,-397
122000136,107,92,15
122000137,365,336,29
122000139,723,1348,-625
122000140,600,272,328
122000141,3711,494,3217
122000142,171,459,-288
122000143,285,99,186
122000144,1009,529,480
122000145,540,369,171
122000146,139,405,-266
122000147,303,166,137
122000148,1390,642,748
122000149,1018,423,595
122000150,597,353,244
122000151,129,219,-90
122000152,215,174,41
122000153,89,60,29
122000154,76,23,53
122000155,807,807,0
122000156,2037,1591,446
122000157,1122,939,183
122000158,142,368,-226
122000159,475,915,-440
122000160,2060,339,1721
122000161,517,226,291
122000162,857,475,382
122000163,369,49,320
122000164,32,97,-65
122000165,441,352,89
122000166,331,433,-102
122000167,147,198,-51
122000168,101,339,-238
122000169,313,135,178
122000170,119,223,-104
122000171,44,62,-18
122000172,736,719,17
122000173,702,972,-270
122000174,761,586,175
122000175,724,283,441
122000176,184,393,-209
122000177,911,1161,-250
122000178,1574,610,964
122000179,1636,1232,404
122000180,1056,654,402
122000181,1261,1304,-43
122000182,1951,324,1627
122000183,846,182,664
122000184,3958,1051,2907
122000185,1228,914,314
122000186,433,485,-52
122000187,462,673,-211
122000188,231,171,60
122000189,134,75,59
122000190,177,671,-494
122000191,364,192,172
122000192,367,86,281
122000193,76,282,-206
122000194,296,71,225
122000195,81,359,-278
122000196,571,309,262
122000197,140,80,60
122000198,252,729,-477
122000199,172,87,85
122000200,638,174,464
122000201,1078,1522,-444
122000202,719,826,-107
122000203,1328,1086,242
122000204,718,1477,-759
122000205,631,688,-57
122000206,1277,415,862
122000207,507,642,-135
122000208,631,916,-285
122000209,860,91,769
122000210,597,1800,-1203
122000211,410,1130,-720
122000212,219,247,-28
122000213,507,526,-19
122000214,784,628,156
122000215,730,648,82
122000217,1007,1108,-101
122000218,29,9,20
122000219,1415,875,540
122000220,160,713,-553
122000221,110,282,-172
122000222,400,49,351
122000223,482,446,36
122000225,339,143,196
122000226,527,1642,-1115
122000227,133,958,-825
122000228,144,378,-234
122000229,15,281,-266
122000230,35,676,-641
122000231,120,507,-387
122000232,174,439,-265
122000233,0,22,-22
122000234,32,180,-148
122000235,208,197,11
122000236,235,179,56
122000237,21,41,-20
122000238,54,36,18
122000239,124,60,64
122000240,181,105,76
122000241,100,61,39
122000242,113,36,77
122000243,4,15,-11
122000244,1,266,-265
122000245,2,58,-56
122000246,0,20,-20
122000247,242,296,-54
122000248,679,1400,-721
122000249,123,224,-101
122000250,609,157,452
122000251,201,195,6
122000252,345,28,317
122000253,12,273,-261
122000254,35,27,8
122000255,334,1157,-823
122000256,278,1272,-994
122000257,86,355,-269
122000258,58,198,-140
122000259,9,770,-761
122000260,3,107,-104
122000261,0,82,-82
122000262,0,43,-43
122000263,29,82,-53
122000264,39,107,-68
122000265,345,196,149
122000266,881,137,744
122000267,32,59,-27
122000268,54,209,-155
122000269,211,173,38
122000270,149,73,76
122000271,133,945,-812
122000272,135,982,-847
122000273,129,502,-373
122000274,20,135,-115
122000275,9,109,-100
122000276,80,357,-277
122000277,266,634,-368
122000278,211,724,-513
122000279,70,437,-367
122000280,415,570,-155
122000281,215,587,-372
122000282,50,87,-37
122000283,395,39,356
122000284,37,48,-11
122000285,229,88,141
122000286,95,135,-40
122000287,256,464,-208
122000288,116,126,-10
122000291,323,215,108
122000293,374,260,114
122000294,30,42,-12
122000295,435,78,357
122000296,16,225,-209
122000297,2219,907,1312
122000299,87,348,-261
122000300,108,274,-166
122000301,11207,1032,10175
122000302,687,497,190
122000303,3982,651,3331
122000304,6,83,-77
122000305,492,139,353
122000306,10,849,-839
122000307,59,87,-28
122000309,11,57,-46
122000310,2,18,-16
122000311,29,23,6
122000312,36,26,10
122000313,3,36,-33
122000314,32,131,-99
122000315,30,10,20
122000316,102,143,-41
122000317,271,91,180
122000318,51,124,-73
122000319,200,425,-225
122000320,171,2498,-2327
122000321,16,298,-282
122000322,1427,686,741
122000323,1025,713,312
122000324,723,694,29
122000325,346,502,-156
122000326,0,44,-44
122000327,76,268,-192
122000328,518,770,-252
122000330,956,279,677
122000332,151,290,-139
122000333,7,210,-203
122000337,284,1936,-1652
122000338,82,402,-320
122000340,159,172,-13
122000342,1675,895,780
122000343,102,326,-224
122000344,7,7,0
122000345,13,54,-41
122000346,207,321,-114
122000348,166,665,-499
122000349,45,406,-361
122000351,15,107,-92
122000352,157,42,115
122000353,16,96,-80
122000355,55,99,-44
122000356,860,475,385
122000357,6,6,0
122000358,0,57,-57
122000359,0,38,-38
122000360,0,20,-20
122000362,6,85,-79
122000364,17,335,-318
122000365,0,3,-3
122000366,11,6,5
122000368,200,472,-272
122000370,3,54,-51
122000371,1,0,1
122000372,0,0,0
122000381,8,160,-152
122000382,34,216,-182
122000384,1861,970,891
122000385,1,0,1
122000386,71,340,-269
122000387,135,483,-348
122000388,348,233,115
122000389,189,691,-502
122000390,101,78,23
122000391,8,8,0
122000392,145,269,-124
122000393,15,290,-275
122000394,54,340,-286
122000395,48,183,-135
122000396,110,98,12
122000397,6,59,-53
122000398,4,10,-6
122000399,19,64,-45
122000400,48,62,-14
122000401,69,88,-19
122000402,7,7,0
122000403,179,1342,-1163
122000404,27,137,-110
122000408,259,642,-383
122000503,9,36,-27
122000524,135,53,82
122000544,6,394,-388
122000616,848,6,842
122000640,25,212,-187
122000641,32,499,-467
122000642,571,1174,-603
122000643,3,14,-11
122000644,94,16,78
122000645,72,121,-49
122000651,700,478,222
122000664,34,21,13
122000665,795,383,412
122000666,308,649,-341
122000673,11,370,-359
122000674,113,42,71
122000675,471,1163,-692
122000686,88,961,-873
122000687,135,381,-246
122000688,68,454,-386
122000689,175,679,-504
122000690,158,761,-603
122000691,119,1783,-1664
122000692,303,546,-243
122000693,129,1747,-1618
122000695,84,600,-516
122000696,42,221,-179
122000698,51,1135,-1084
122000699,151,44,107
122000701,397,345,52
122000702,262,1005,-743
122000703,10,3,7
122000717,219,38,181
122000718,382,58,324
122000719,13,34,-21
122000720,26,112,-86
122900001,6,1,5
122900002,275,275,0
122900003,41,17,24
122900004,109,4,105
122900005,29,7,22
122900006,173,27,146
122900007,24,2,22
122900008,224,2,222
122900009,104,8,96
122900010,0,0,0
122900012,4,17,-13
122900014,37,207,-170
122900015,910,81,829
122900016,22,247,-225
122900017,126,489,-363
122900018,46,4,42
122900019,5,148,-143
122900020,342,285,57
122900021,23,240,-217
122900022,111,707,-596
122900023,81,253,-172
122900024,48,58,-10
122900025,1,75,-74
122900026,106,248,-142
122900027,16,481,-465
122900028,44,85,-41
122900029,1890,341,1549
122900030,1577,158,1419
122900031,29,52,-23
122900032,84,155,-71
122900033,46,29,17
122900034,810,738,72
122900035,0,3,-3
122900036,3,18,-15
122900037,74,58,16
122900038,52,728,-676
122900039,18,107,-89
122900040,11,38,-27
122900041,5,22,-17
122900042,5,27,-22
122900043,25,38,-13
122900044,4,37,-33
122900045,4,21,-17
122900046,7,18,-11
122900047,22,25,-3
122900048,6,48,-42
122900049,1086,63,1023
122900051,54,59,-5
122900052,21,38,-17
122900053,5,7,-2
122900055,39,57,-18
122900057,52,5,47
122900061,271,31,240
122900062,194,146,48
122900063,30,361,-331
122900064,517,520,-3
122900065,115,75,40
122900066,176,125,51
122900067,1126,370,756
122900068,159,202,-43
122900069,111,304,-193
122900070,42,9,33
122900071,25,388,-363
122900072,12,593,-581
122900073,26,126,-100
122900074,30,430,-400
122900075,2,61,-59
122900076,0,163,-163
122900077,2,206,-204
122900078,13,187,-174
122900080,17,4,13
122900081,33,0,33
122900082,38,2,36
122900083,3,0,3
122900084,2,101,-99
122900086,1,1,0
122900087,25,601,-576
122900088,7,13,-6
122900089,0,66,-66
122900090,5,632,-627
122900091,0,0,0
122900092,0,104,-104
122900093,0,211,-211
122900094,0,105,-105
122900095,0,0,0
122900096,1,80,-79
122900097,0,0,0
122900098,15,46,-31
122900099,4,3,1
122900100,96,37,59
122900101,60,22,38
122900102,1,2,-1
122900103,4,2,2
122900104,3,0,3
122900105,2,1,1
122900106,1,48,-47
122900107,0,89,-89
122900108,2,93,-91
123000001,1173,258,915
123000002,3786,1065,2721
123000003,2206,1227,979
123000004,2723,3548,-825
123000005,795,1013,-218
123000006,2388,2672,-284
123000007,598,811,-213
123000008,1369,3116,-1747
123000009,1990,1434,556
123000010,3284,3601,-317
123000011,646,360,286
123000012,567,2209,-1642
123000013,1049,333,716
123000014,1194,3269,-2075
123000015,957,246,711
123000016,7008,2255,4753
123000017,2193,929,1264
123000018,34,76,-42
123000019,33,293,-260
123000020,37,122,-85
123000021,11,79,-68
123000022,226,383,-157
123000023,781,816,-35
123000024,438,350,88
123000025,4,36,-32
123000026,0,34,-34
123000027,46,248,-202
123000028,295,47,248
123000029,554,246,308
123000030,27,925,-898
123000031,40,405,-365
123000032,72,197,-125
123000033,63,45,18
123000034,373,390,-17
123000035,137,129,8
123000036,127,212,-85
123000037,99,402,-303
123000038,66,225,-159
123000039,753,721,32
123000040,865,409,456
123000041,371,173,198
123000042,347,440,-93
123000043,2075,1824,251
123000044,3980,1423,2557
123000045,8592,1130,7462
123000046,504,491,13
123000047,2631,744,1887
123000048,41,127,-86
123000049,5145,1619,3526
123000050,438,517,-79
123000051,19,36,-17
123000052,350,835,-485
123000053,2135,1314,821
123000054,841,632,209
123000055,453,514,-61
123000056,726,1424,-698
123000057,15534,3093,12441
123000058,247,371,-124
123000059,166,310,-144
123000060,289,231,58
123000061,115,533,-418
123000063,332,332,0
123000064,360,112,248
123000065,6643,2050,4593
123000066,988,639,349
123000067,169,368,-199
123000068,2323,2185,138
123000069,11326,2430,8896
123000070,112,649,-537
123000071,298,752,-454
123000072,618,1582,-964
123000073,251,487,-236
123000074,538,1890,-1352
123000075,127,380,-253
123000076,287,767,-480
123000077,1109,3240,-2131
123000078,462,1005,-543
123000079,437,1277,-840
123000080,1077,2324,-1247
123000081,126,671,-545
123000082,199,1186,-987
123000083,322,59,263
123000084,132,415,-283
123000085,56,120,-64
123000086,102,505,-403
123000087,24,589,-565
123000088,502,1360,-858
123000089,132,607,-475
123000090,688,1003,-315
123000091,1004,736,268
123000092,701,884,-183
123000094,223,180,43
123000095,118,370,-252
123000096,113,296,-183
123000097,143,1100,-957
123000098,150,362,-212
123000099,258,504,-246
123000100,341,341,0
123000101,533,236,297
123000102,250,289,-39
123000104,211,260,-49
123000105,371,375,-4
123000106,337,224,113
123000107,219,362,-143
123000108,755,1158,-403
123000111,221,149,72
123000112,293,433,-140
123000113,326,1595,-1269
123000114,327,196,131
123000115,122,163,-41
123000116,18,106,-88
123000117,670,2175,-1505
123000118,276,1055,-779
123000119,168,1015,-847
123000120,235,916,-681
123000121,235,569,-334
123000122,198,228,-30
123000123,329,494,-165
123000124,345,475,-130
123000125,411,312,99
123000126,1216,970,246
123000127,1708,771,937
123000128,127,386,-259
123000129,25,29,-4
123000130,50,13,37
123000131,178,270,-92
123000132,201,428,-227
123000133,138,241,-103
123000134,337,104,233
123000135,484,932,-448
123000136,124,1493,-1369
123000137,62,493,-431
123000138,44,517,-473
123000139,13,29,-16
123000140,117,753,-636
123000141,95,33,62
123000142,449,781,-332
123000143,723,2200,-1477
123000144,12,11,1
123000145,124,68,56
123000146,23,79,-56
123000147,28,72,-44
123000149,79,179,-100
123000150,114,133,-19
123000151,141,281,-140
123000152,95,271,-176
123000153,149,217,-68
123000154,1303,739,564
123000155,1802,532,1270
123000156,26,56,-30
123000157,178,692,-514
123000158,369,336,33
123000159,1947,945,1002
123000160,335,196,139
123000161,630,279,351
123000162,200,581,-381
123000163,57,13,44
123000164,300,85,215
123000165,157,1877,-1720
123000166,18,144,-126
123000167,32,308,-276
123000168,105,433,-328
123000169,99,36,63
123000170,2,387,-385
123000171,1,43,-42
123000172,137,730,-593
123000173,119,35,84
123000174,114,61,53
123000175,777,1276,-499
123000176,401,48,353
123000177,387,1079,-692
123000178,171,28,143
123000179,17,864,-847
123000180,631,141,490
123000181,185,1201,-1016
123000182,39,485,-446
123000183,88,66,22
123000184,39,778,-739
123000185,78,199,-121
123000186,4,651,-647
123000187,70,1,69
123000188,17,1,16
123000189,68,220,-152
123000190,4,54,-50
123000192,3,363,-360
123000193,25,476,-451
123000194,267,179,88
123000195,42,0,42
123000196,47,1,46
123000197,43,78,-35
123000198,2,194,-192
123000199,3,402,-399
123000200,76,2,74
123000201,207,10,197
123000202,21,1461,-1440
123000203,202,8,194
123000204,27,1349,-1322
123000205,171,2047,-1876
123000206,416,56,360
123000207,38,998,-960
123000208,74,40,34
123000209,493,73,420
123000210,271,1338,-1067
123000211,564,3230,-2666
123000212,480,95,385
123000213,97,22,75
123000215,31,23,8
123000216,113,119,-6
123000217,35,2,33
123000218,97,216,-119
123000219,266,8,258
123000220,102,8,94
123000221,84,80,4
123000222,141,583,-442
123000223,82,453,-371
123000224,125,411,-286
123000225,68,56,12
123000226,8,418,-410
123000227,39,374,-335
123000228,8,37,-29
123000229,687,1849,-1162
123000232,62,588,-526
123000233,135,38,97
123000234,79,606,-527
123000235,51,121,-70
123000236,102,932,-830
123000237,77,10,67
123000238,34,695,-661
123000239,282,2345,-2063
123000240,43,159,-116
123000241,486,63,423
123000242,48,175,-127
123000243,203,910,-707
123000244,594,345,249
123000245,27,146,-119
123000249,342,416,-74
123000252,169,61,108
123000253,169,135,34
123000254,189,1018,-829
123000255,342,397,-55
123000256,30,236,-206
123000257,2977,2239,738
123000258,495,1204,-709
123000259,94,334,-240
123000260,133,673,-540
123000261,42,318,-276
123000262,28,300,-272
123000263,171,70,101
123000264,131,26,105
123000265,46,118,-72
123000266,255,572,-317
123000267,88,159,-71
123000268,14,55,-41
123000269,12,10,2
123000270,3,24,-21
123000271,30,59,-29
123000272,393,59,334
123000273,28,158,-130
123000274,165,100,65
123000275,210,927,-717
123000278,2758,1722,1036
123000279,12,56,-44
123000280,68,359,-291
123000281,90,60,30
123000282,40,147,-107
123000283,25,19,6
123000284,24,131,-107
123000286,253,139,114
123000287,376,202,174
123000288,131,145,-14
123000289,172,225,-53
123000291,263,719,-456
123000294,137,263,-126
123000295,320,539,-219
123000296,75,256,-181
123000297,78,473,-395
123000298,50,479,-429
123000299,6,68,-62
123000300,205,357,-152
123000301,13,108,-95
123000302,48,185,-137
123000303,14,65,-51
123000305,761,696,65
123000306,17,348,-331
123000309,55,60,-5
123000310,31,20,11
123000311,2,127,-125
123000312,508,882,-374
123000313,79,134,-55
123000315,17,343,-326
123000316,537,19,518
123000317,41,30,11
123000318,7,265,-258
123000329,76,25,51
123000337,33,190,-157
123000338,199,25,174
123000339,47,507,-460
123000340,52,253,-201
123000342,2,8,-6
123000343,0,0,0
123000344,635,304,331
123000345,160,518,-358
123000346,13,13,0
123000352,2033,644,1389
123000353,13,93,-80
123000354,63,6,57
123000355,1,267,-266
123000356,24,1,23
123000357,1,297,-296
123000359,3,262,-259
123000360,0,0,0
123000361,491,216,275
123000362,39,160,-121
123000363,15,321,-306
123000364,254,123,131
123000365,24,177,-153
123000366,191,522,-331
123000367,174,924,-750
123000370,9,370,-361
123000371,22,1,21
123000372,25,1,24
123000373,0,354,-354
123000374,3,195,-192
123000375,59,6,53
123000376,223,330,-107
123000377,54,2,52
123000378,3,562,-559
123000379,2,195,-193
123000380,8,160,-152
123000381,22,11,11
123000382,234,11,223
123000383,132,449,-317
123000384,113,23,90
123000385,368,571,-203
123000436,47,681,-634
123000507,73,146,-73
123000508,33,185,-152
123000517,231,36,195
123000518,24,223,-199
123000519,94,61,33
123000520,44,213,-169
123000521,173,81,92
123000522,209,617,-408
123000541,0,0,0
123000542,0,26,-26
123000565,97,6,91
123000566,14,983,-969
123000567,82,281,-199
123000573,34,1300,-1266
123000574,57,21,36
123000575,571,1282,-711
123000576,41,2133,-2092
123000577,56,344,-288
123000578,238,64,174
123000579,2986,1226,1760
123000580,67,7,60
123000582,33,8,25
123000583,17,554,-537
123000584,47,94,-47
123000585,0,97,-97
123000586,0,0,0
123000596,68,108,-40
123000597,18,54,-36
123000602,0,0,0
123000603,35,489,-454
123000604,146,1316,-1170
123000605,260,73,187
123000606,3,483,-480
123000609,10,355,-345
123000610,35,31,4
123000613,80,162,-82
123000614,37,11,26
123000615,64,259,-195
123000616,53,10,43
123000617,53,1104,-1051
123000618,30,927,-897
123000619,83,3,80
123000620,28,710,-682
123000622,76,7,69
123000624,23,7,16
123000630,141,185,-44
123000631,90,1839,-1749
123000632,866,1148,-282
123000633,0,92,-92
123000634,11,3,8
123000635,171,106,65
123000636,11,622,-611
123000637,92,91,1
123000638,135,58,77
123000639,189,534,-345
123000640,7,1155,-1148
123900001,1100,65,1035
123900002,10,458,-448
123900003,184,408,-224
123900005,36,36,0
123900006,28,12,16
124000001,518,19,499
124000002,85,1229,-1144
124000003,73,34,39
124000004,32,707,-675
124000005,157,58,99
124000006,172,1533,-1361
124000007,183,34,149
124000008,3,294,-291
124000009,71,99,-28
124000010,41,498,-457
124000011,116,101,15
124000012,88,1060,-972
124000017,0,0,0
124000018,64,115,-51
124000019,0,0,0
124000020,38,166,-128
124000021,0,0,0
124000022,78,233,-155
124000023,772,847,-75
124000024,823,578,245
124000025,672,637,35
124000026,1067,889,178
124000027,3726,1534,2192
124000028,2727,2845,-118
124000030,2564,786,1778
124000031,171,142,29
124000032,5725,993,4732
124000033,55,35,20
124000034,2157,480,1677
124000035,4,22,-18
124000036,31,122,-91
124000037,45,59,-14
124000038,20,13,7
124000039,470,82,388
124000040,366,291,75
124000041,136,19,117
124000042,36,263,-227
124000043,6,14,-8
124000044,9,327,-318
124000045,163,246,-83
124000046,70,637,-567
124000047,290,378,-88
124000048,195,1863,-1668
124000049,361,305,56
124000050,285,2489,-2204
124000051,130,211,-81
124000052,174,1572,-1398
124000053,202,386,-184
124000054,444,712,-268
124000055,544,538,6
124000056,3545,1251,2294
124000057,237,224,13
124000058,223,1082,-859
124000059,149,267,-118
124000060,454,717,-263
124000061,662,1229,-567
124000062,5582,1239,4343
124000063,1008,1251,-243
124000064,1958,1623,335
124000065,22,64,-42
124000066,64,42,22
124000067,40,130,-90
124000068,2,29,-27
124000069,0,0,0
124000070,4,233,-229
124000071,23,38,-15
124000072,63,529,-466
124000073,200,39,161
124000074,83,988,-905
124000075,0,0,0
124000076,3,247,-244
124000077,956,292,664
124000078,1789,92,1697
124000079,502,517,-15
124000080,17,61,-44
124000081,26,698,-672
124000082,1,27,-26
124000083,20,184,-164
124000084,0,46,-46
124000085,32,39,-7
124000086,19,35,-16
124000087,47,15,32
124000088,98,113,-15
124000089,306,406,-100
124000090,31,388,-357
124000091,36,38,-2
124000092,25,532,-507
124000093,49,35,14
124000094,21,236,-215
124000095,21,76,-55
124000096,38,284,-246
124000097,26,66,-40
124000098,32,107,-75
124000099,4,14,-10
124000100,11,93,-82
124000101,26,92,-66
124000102,31,94,-63
124000103,47,71,-24
124000104,27,89,-62
124000105,16,40,-24
124000106,41,118,-77
124000107,7,53,-46
124000108,18,60,-42
124000109,45,18,27
124000110,65,79,-14
124000111,68,133,-65
124000112,241,644,-403
124000113,35,39,-4
124000114,76,595,-519
124000115,231,604,-373
124000116,41,55,-14
124000117,89,40,49
124000118,33,47,-14
124000119,310,549,-239
124000120,83,234,-151
124000121,840,323,517
124000122,530,657,-127
124000123,477,266,211
124000124,207,675,-468
124000125,136,207,-71
124000126,218,489,-271
124000127,318,281,37
124000128,271,978,-707
124000129,1003,836,167
124000130,653,484,169
124000131,568,351,217
124000132,633,678,-45
124000133,239,369,-130
124000134,394,624,-230
124000135,900,706,194
124000136,863,800,63
124000137,764,341,423
124000138,1390,696,694
124000139,127,15,112
124000140,19,376,-357
124000141,0,3,-3
124000142,1,90,-89
124000143,16,5,11
124000144,4,30,-26
124000145,26,5,21
124000146,19,148,-129
124000148,39,12,27
124000149,470,146,324
124000150,232,427,-195
124000151,174,58,116
124000152,224,802,-578
124000153,133,110,23
124000154,187,733,-546
124000155,323,195,128
124000156,725,695,30
124000169,48,125,-77
124000170,536,350,186
124000171,44,125,-81
124000172,211,571,-360
124000173,55,187,-132
124000174,108,750,-642
124000175,5,154,-149
124000176,0,0,0
124000177,9,31,-22
124000178,0,0,0
124000190,33,10,23
124000191,102,10,92
124000192,223,51,172
124000193,141,1063,-922
124000194,180,568,-388
124000195,60,233,-173
124000196,437,1145,-708
124000197,30,35,-5
124000198,9,32,-23
124000201,66,957,-891
124000202,0,45,-45
124000203,63,1167,-1104
124000204,10,405,-395
124000205,44,682,-638
124000206,31,295,-264
124000207,1,96,-95
124000209,93,627,-534
124000210,49,151,-102
124000211,31,0,31
124000212,6,646,-640
124000213,47,403,-356
124000214,7,710,-703
124000215,0,0,0
124000216,1,571,-570
124000329,26,2068,-2042
124000338,22,1136,-1114
124000339,106,34,72
124000341,134,14,120
124000344,78,81,-3
124000357,282,362,-80
124000358,567,369,198
124000359,439,174,265
124000360,163,94,69
124000361,346,236,110
124000362,1106,1887,-781
124000363,187,663,-476
124000364,413,1330,-917
124000365,653,1208,-555
124000366,2019,930,1089
124000367,91,618,-527
124000368,29,16,13
124000369,23,23,0
124000370,43,452,-409
124000402,0,7,-7
124000403,13,4,9
124000404,6,125,-119
124000405,687,429,258
124000406,690,770,-80
124000407,2,23,-21
124000411,0,430,-430
124000412,28,15,13
124000413,48,60,-12
124000414,47,95,-48
124000415,22,168,-146
124000416,35,267,-232
124000417,62,79,-17
124000418,25,136,-111
124000419,25,202,-177
124000420,8,77,-69
124000421,7,303,-296
124000422,9,6,3
124000423,50,34,16
124000424,0,92,-92
124000425,4,2,2
124000426,1,43,-42
124000427,14,15,-1
124000428,4,18,-14
124000429,9,81,-72
124000430,268,740,-472
124000431,97,1061,-964
124000432,79,714,-635
124000439,2,4,-2
124000442,21,241,-220
124000443,0,9,-9
124000445,41,38,3
124000446,1218,33,1185
124900001,90,112,-22
124900002,47,388,-341
124900003,130,199,-69
124900004,92,132,-40
124900005,93,206,-113
124900006,102,171,-69
124900008,547,180,367
124900009,27,55,-28
124900010,20,14,6
124900011,90,76,14
124900012,128,42,86
124900013,107,52,55
124900014,21,71,-50
124900015,26,40,-14
124900016,1,9,-8
124900017,338,78,260
124900018,3,1,2
124900019,55,0,55
124900020,14,18,-4
124900021,18,5,13
124900022,10,0,10
124900024,16,0,16
124900026,4,10,-6
124900027,34,63,-29
124900028,581,100,481
124900029,28,126,-98
124900030,3,159,-156
124900031,12,330,-318
124900032,171,59,112
124900033,27,338,-311
124900034,2,93,-91
124900035,97,350,-253
124900036,6,31,-25
124900037,44,228,-184
124900038,264,253,11
124900039,0,19,-19
124900040,14,106,-92
124900041,76,1034,-958
124900042,14,2,12
124900043,187,863,-676
124900044,9,2,7
124900045,441,367,74
124900046,2208,177,2031
124900047,60,214,-154
124900048,64,87,-23
124900050,82,188,-106
124900052,65,591,-526
124900053,16,311,-295
124900054,2757,190,2567
124900055,0,84,-84
124900057,2,56,-54
124900060,30,174,-144
124900061,8,0,8
124900062,9,2,7
124900066,0,15,-15
124900067,4,129,-125
124900068,184,221,-37
124900069,1,28,-27
124900070,0,3,-3
124900072,7,8,-1
124900074,36,149,-113
124900075,29,100,-71
124900076,26,112,-86
124900077,9,67,-58
124900078,10,3,7
124900079,472,14,458
124900080,61,573,-512
124900081,164,109,55
124900082,122,681,-559
124900083,57,385,-328
124900084,2030,26,2004
124900085,1032,75,957
124900086,42,202,-160
124900087,218,37,181
124900088,556,49,507
124900089,934,11,923
124900090,14,56,-42
124900091,83,475,-392
124900092,87,312,-225
124900093,37,41,-4
124900094,24,75,-51
124900095,19,103,-84
124900096,175,51,124
124900097,34,17,17
124900098,21,219,-198
124900099,435,141,294
124900100,47,10,37
124900101,2,7,-5
124900102,27,1,26
124900103,22,180,-158
124900104,7,200,-193
124900105,17,128,-111
124900106,36,3,33
124900107,8,4,4
124900108,57,13,44
124900109,7,55,-48
124900110,24,375,-351
124900111,0,25,-25
124900112,40,1044,-1004
124900113,0,4,-4
124900114,0,0,0
124900115,0,1,-1
124900116,3,11,-8
124900117,2,9,-7
124900118,0,0,0
124900119,0,2,-2
124900120,0,14,-14
124900121,0,1,-1
124900122,9,3,6
124900123,0,0,0
124900124,3,3,0
129000186,18,13,5
204000001,1,0,1
204000002,0,1,-1
204000003,1,0,1
204000004,0,0,0
204000005,109,77,32
204000006,280,176,104
204000008,346,141,205
204000011,19,52,-33
204000012,8,139,-131
204000013,0,47,-47
204000019,222,344,-122
204000020,195,411,-216
204000021,1050,409,641
204000022,161,225,-64
204000023,215,918,-703
204000031,8,1,7
204000032,128,6,122
204000034,42,574,-532
204000035,10,11,-1
204000036,12,30,-18
204000037,1,14,-13
204000038,0,8,-8
204000039,2,116,-114
204000040,5,50,-45
204000041,6,81,-75
204000042,0,4,-4
204000043,0,4,-4
204000044,4,0,4
204000045,7,0,7
204000046,0,0,0
204000057,4,120,-116
204000062,3,31,-28
204000068,37,130,-93
204000069,2,63,-61
204000070,16,49,-33
204000080,24,37,-13
204000085,560,1471,-911
204000086,2034,1409,625
204000087,46,31,15
204000088,18,70,-52
204000090,41,689,-648
204000093,0,0,0
204000096,159,157,2
204000097,0,0,0
204000099,383,319,64
204000100,229,248,-19
204000105,1058,1531,-473
204000110,544,1045,-501
204000111,246,705,-459
204000112,380,880,-500
204000113,167,708,-541
204000114,175,210,-35
204000115,112,200,-88
204000116,462,258,204
204000119,353,346,7
204000132,199,107,92
204000133,207,74,133
204000134,210,74,136
204000135,180,24,156
204000136,76,73,3
204000138,126,241,-115
204000140,77,85,-8
204000141,64,33,31
204000144,1,21,-20
204000145,0,0,0
204000146,40,489,-449
204000147,25,185,-160
204000148,158,4,154
204000154,0,1,-1
204000155,3,14,-11
204000177,13,17,-4
204000179,2,0,2
204000180,0,61,-61
204000222,4,18,-14
204000235,19,32,-13
204000236,57,316,-259
204000238,3,6,-3
204000240,45,69,-24
204000263,36,278,-242
204000308,16,1,15
204000317,30,57,-27
204000322,8,29,-21
204000323,3,3,0
204000328,29,5,24
204000329,53,136,-83
204000330,0,0,0
204000331,86,165,-79
204010341,8,149,-141
205000001,912,899,13
205000013,2,71,-69
205000014,13,145,-132
205000015,29,308,-279
205000016,19,219,-200
205000017,63,96,-33
205000022,210,515,-305
205000025,1915,788,1127
205000029,66,9,57
205000045,63,130,-67
205000047,72,465,-393
205000048,60,646,-586
205000049,60,537,-477
205000050,1002,217,785
205000059,1,357,-356
205000060,0,46,-46
205000061,0,16,-16
205000062,1,51,-50
205000063,8,44,-36
205000064,10,136,-126
205000065,43,718,-675
205000066,67,914,-847
205000067,46,1160,-1114
205000069,286,45,241
205000082,13,13,0
205000110,27,156,-129
205000111,87,201,-114
205000112,4,24,-20
205000113,233,145,88
205000121,2,0,2
205000123,106,236,-130
205000126,0,0,0
205000127,0,0,0
205000128,0,0,0
205000129,0,0,0
205000130,0,0,0
205000131,0,0,0
205000132,0,0,0
205000133,0,0,0
205000134,0,0,0
205000137,92,131,-39
205000138,212,228,-16
205000139,38,33,5
205000144,6,4,2
205000145,34,5,29
205000151,0,0,0
205000152,0,0,0
205000153,0,0,0
205000154,0,0,0
205000155,0,0,0
205000207,108,141,-33
205000233,0,2,-2
205000234,0,0,0
205000243,0,0,0
205000244,1,3,-2
205000245,11,389,-378
205000249,0,41,-41
205000250,0,0,0
205000251,46,427,-381
205000264,7,118,-111
206000027,0,0,0
206000028,0,0,0
206000043,16,253,-237
206000053,40,30,10
206000054,15,72,-57
206000055,7,102,-95
206000075,4,14,-10
206000076,21,19,2
206000077,15,11,4
206000078,20,18,2
206000079,21,11,10
206000082,299,24,275
206000100,100,811,-711
206000103,10,19,-9
206000104,19,40,-21
206000105,10,40,-30
206000106,16,70,-54
206000108,499,48,451
206000125,17,0,17
206000157,398,974,-576
206000170,4,570,-566
206000171,12,425,-413
206000172,8,1777,-1769
206000173,3,447,-444
206000174,15,391,-376
206000175,7,456,-449
206000176,31,743,-712
206000177,7,453,-446
206000178,3,325,-322
206000179,14,241,-227
206000180,81,436,-355
206000181,24,539,-515
206000182,74,495,-421
206000183,65,1549,-1484
206000184,6,865,-859
206000185,18,698,-680
206000186,202,2598,-2396
206000223,7,502,-495
206000226,0,0,0
206000227,0,0,0
206000237,91,740,-649
206000238,119,1108,-989
206000239,1116,3343,-2227
206000240,2,59,-57
206000241,1,239,-238
206000242,10,983,-973
206000243,9,841,-832
206000244,81,1849,-1768
206000245,153,28,125
206000246,21,7,14
206000247,69,6,63
206000248,65,21,44
206000252,58,22,36
206000258,15,59,-44
206000315,29,7,22
206000317,109,38,71
206000318,53,26,27
206000319,180,49,131
206000320,27,21,6
206000321,46,8,38
206000322,127,18,109
206000323,40,32,8
206000324,44,7,37
206000325,70,18,52
206000326,71,13,58
206000327,18,8,10
206000328,72,6,66
206000329,75,5,70
206000330,25,3,22
206000331,19,1,18
206000332,12,3,9
206000333,81,4,77
206000334,61,0,61
206000335,0,43,-43
206000361,6,435,-429
206000392,9,114,-105
206000405,73,1,72
206000441,0,0,0
206000498,9,2,7
206000515,328,67,261
206000530,29,13,16
206000531,21,20,1
206000532,406,51,355
206000535,483,2606,-2123
206000536,20,374,-354
206000537,11,262,-251
206000613,336,26,310
207000001,100,382,-282
207000002,33,299,-266
207000003,47,280,-233
207000007,155,64,91
207000008,22,20,2
207000009,60,50,10
207000010,380,677,-297
207000012,20,29,-9
207000015,388,2009,-1621
207000019,137,52,85
207000021,329,146,183
207000022,66,72,-6
207000023,39,41,-2
207000024,2,13,-11
207000025,16,60,-44
207000026,73,77,-4
207000027,5,78,-73
207000028,23,316,-293
207000029,203,487,-284
207000033,217,175,42
207000034,146,39,107
207000039,4,3,1
207000040,2,0,2
207000041,0,0,0
207000042,0,0,0
207000043,0,0,0
207000051,75,480,-405
207000052,9,267,-258
207000053,400,753,-353
207000054,14,160,-146
207000055,40,267,-227
207000056,152,525,-373
207000057,124,346,-222
207000058,77,503,-426
207000059,37,942,-905
207000060,24,212,-188
207000061,17,63,-46
207000062,98,46,52
207000063,75,140,-65
207000064,443,269,174
207000065,218,247,-29
207000066,49,203,-154
207000067,14,127,-113
207000068,47,69,-22
207000069,584,450,134
207000082,32,435,-403
207000083,115,519,-404
207000084,29,26,3
207000085,91,11,80
207000086,65,3,62
207000106,0,0,0
207000107,0,0,0
207000108,0,0,0
207000109,0,0,0
207000110,0,0,0
207000111,0,0,0
207000112,0,0,0
207000114,24,25,-1
207000115,10,94,-84
207000116,21,213,-192
207000117,8,118,-110
207000118,2,119,-117
207000119,13,156,-143
207000123,0,0,0
207000124,0,0,0
207000125,0,0,0
207000126,0,0,0
207000134,13,290,-277
207000135,35,326,-291
207000148,0,0,0
207000149,57,42,15
207000152,109,394,-285
207000153,1158,833,325
207000154,280,123,157
207000159,47,341,-294
207000160,80,645,-565
207000238,0,48,-48
207000242,1,127,-126
207000248,24,22,2
207000249,58,72,-14
207000250,383,55,328
207000251,65,49,16
207000252,17,80,-63
207000278,1,3,-2
207000279,13,303,-290
207000280,63,17,46
207000281,72,1267,-1195
207000282,5,9,-4
207000283,31,193,-162
207000284,13,26,-13
207000285,145,24,121
207000291,13,134,-121
207000304,109,97,12
207000306,11,577,-566
207000310,0,0,0
207000353,0,0,0
207000356,1,18,-17
207000357,1,3,-2
207000358,1,2,-1
207000415,4,127,-123
207000417,0,0,0
207000437,0,0,0
207000439,1426,299,1127
207000446,0,0,0
207000460,5,14,-9
207000466,102,240,-138
207000467,0,2,-2
207000468,6,396,-390
207000476,2,51,-49
207000477,72,99,-27
207000523,0,12,-12
207000524,0,0,0
207000527,44,124,-80
207000530,0,0,0
207000531,0,0,0
207000532,0,0,0
207000534,0,0,0
207000535,70,158,-88
207000537,11,100,-89
207000540,5,133,-128
207000541,2,253,-251
207000548,6,250,-244
207000549,0,0,0
207000561,0,0,0
207000562,13,102,-89
207000567,138,296,-158
207000568,21,92,-71
207000569,76,1259,-1183
207000584,263,79,184
207000585,0,0,0
207000616,3,238,-235
207000617,5,0,5
207900008,64,411,-347
208000001,147,164,-17
208000002,86,114,-28
208000003,221,131,90
208000004,266,204,62
208000005,1,24,-23
208000019,58,263,-205
208000020,22,113,-91
208000021,39,445,-406
208000022,327,722,-395
208000028,906,692,214
208000033,178,561,-383
208000034,858,1082,-224
208000040,14,51,-37
208000041,109,211,-102
208000042,89,185,-96
208000047,45,279,-234
208000064,896,230,666
208000066,366,133,233
208000070,68,238,-170
208000071,67,407,-340
208000072,116,465,-349
208000080,65,79,-14
208000081,38,59,-21
208000082,93,251,-158
208000083,58,336,-278
208000084,3,24,-21
208000085,465,457,8
208000086,253,800,-547
208000087,85,558,-473
208000089,287,537,-250
208000090,224,1032,-808
208000093,37,93,-56
208000094,189,421,-232
208000095,518,311,207
208000104,244,278,-34
208000105,158,330,-172
208000114,0,0,0
208000115,84,232,-148
208000116,58,456,-398
208000117,30,84,-54
208000118,24,70,-46
208000155,186,617,-431
208000158,1331,1699,-368
208000186,1210,328,882
208000204,171,655,-484
208000205,452,1128,-676
208000282,3340,698,2642
209000004,37,109,-72
209000005,6,23,-17
209000006,130,100,30
209000007,130,104,26
209000010,264,140,124
209000011,62,167,-105
209000012,78,249,-171
209000013,97,878,-781
209000014,438,1996,-1558
209000025,76,31,45
209000026,288,97,191
209000027,173,1422,-1249
209000028,222,1513,-1291
209000029,310,1246,-936
209000030,250,2073,-1823
209000031,4493,2589,1904
209000034,175,176,-1
209000035,47,98,-51
209000036,59,94,-35
209000037,69,167,-98
209000038,58,146,-88
209000039,45,102,-57
209000040,271,584,-313
209000041,169,408,-239
209000042,251,503,-252
209000043,396,546,-150
209000044,318,431,-113
209000045,157,224,-67
209000046,46,249,-203
209000047,38,135,-97
209000048,22,152,-130
209000049,54,175,-121
209000050,95,204,-109
209000051,135,302,-167
209000052,50,292,-242
209000062,17,176,-159
209000063,22,142,-120
209000064,8,188,-180
209000065,14,51,-37
209000066,18,47,-29
209000067,20,57,-37
209000080,10,155,-145
209000082,34,39,-5
209000091,17,66,-49
209000093,33,37,-4
209000094,145,80,65
209000110,22,50,-28
209000111,252,456,-204
209000112,195,190,5
209000113,306,228,78
209000114,104,142,-38
209000115,26,122,-96
209000116,704,574,130
209000118,8,41,-33
209000119,12,21,-9
209000121,51,720,-669
209000135,64,57,7
209000142,523,344,179
209000143,18,58,-40
209000144,7,56,-49
209000229,22,122,-100
209000240,13,478,-465
209000259,60,135,-75
209000260,44,874,-830
209000261,3,654,-651
209000262,2,527,-525
209000263,0,102,-102
209000264,0,40,-40
209000265,0,0,0
209000266,0,0,0
209000267,0,0,0
209000268,0,0,0
210000037,39,6,33
210000047,1,3,-2
210000048,13,8,5
210000049,12,11,1
210000052,11,158,-147
210000053,16,85,-69
210000054,61,56,5
210000070,36,1,35
210000071,3,0,3
210000072,4,0,4
210000073,1,41,-40
210000074,0,78,-78
210000075,0,53,-53
210000076,3,151,-148
210000077,7,28,-21
210000078,22,24,-2
210000079,15,2,13
210000080,22,16,6
210000081,17,2,15
210000082,20,0,20
210000083,42,0,42
210000084,9,0,9
210000085,0,84,-84
210000086,4,118,-114
210000099,27,222,-195
210000100,22,209,-187
210000101,66,186,-120
210000105,85,155,-70
210000159,0,73,-73
210000163,211,161,50
210000164,185,32,153
210000168,49,7,42
210000187,0,7,-7
210000188,0,22,-22
210000214,0,0,0
210000219,8,22,-14
210000220,11,27,-16
210000232,1,29,-28
210000233,0,52,-52
210000234,10,121,-111
210000235,19,153,-134
210000245,0,30,-30
210000246,0,1,-1
210000258,7,134,-127
210000259,46,2,44
210000282,23,192,-169
210000285,2,91,-89
210000286,7,158,-151
210000295,10,116,-106
210000296,34,63,-29
210000320,57,45,12
210000321,3,17,-14
210000338,14,140,-126
210000339,749,476,273
210000340,81,146,-65
210000341,65,158,-93
210000342,69,117,-48
210000343,58,135,-77
210000344,84,72,12
210000345,89,55,34
210000346,21,31,-10
210000347,7,20,-13
210000348,13,4,9
210000349,15,13,2
210000350,23,55,-32
210000351,37,88,-51
210000352,32,99,-67
210000353,25,118,-93
210000354,45,108,-63
210000355,17,108,-91
210000356,2,32,-30
210000357,16,23,-7
210000358,219,82,137
210000359,26,33,-7
210000360,73,60,13
210000361,32,90,-58
210000362,91,98,-7
210000363,667,52,615
210000364,35,27,8
210000365,22,22,0
210000366,39,20,19
210000367,7,9,-2
210000368,20,14,6
210000369,2,14,-12
210000370,5,39,-34
210000372,3,10,-7
210000373,1,7,-6
210000374,13,8,5
210000375,8,79,-71
210000376,32,112,-80
210000404,79,143,-64
210000439,1,15,-14
210000472,55,0,55
210000482,46,22,24
210000564,518,45,473
210000568,109,1,108
211000092,3,54,-51
211000094,0,2,-2
211000169,53,1,52
211000172,10,124,-114
211000209,0,15,-15
211000275,11,21,-10
211000276,22,24,-2
211000279,5,43,-38
211000281,6,51,-45
211507980,0,14,-14
211977296,1,2,-1
212000003,21,32,-11
212000004,1,12,-11
212000005,2,15,-13
212000006,8,113,-105
212000008,69,301,-232
212000009,9,177,-168
212000012,12,100,-88
212000013,4,60,-56
212000014,174,170,4
212000015,106,251,-145
212000016,239,525,-286
212000027,297,283,14
212000028,139,228,-89
212000029,87,160,-73
212000030,13,32,-19
212000031,44,55,-11
212000048,18,73,-55
212000049,5,47,-42
212000050,6,16,-10
212000051,99,205,-106
212000052,66,423,-357
212000053,231,622,-391
212000054,84,104,-20
212000055,61,177,-116
212000056,4,49,-45
212000057,5,30,-25
212000058,194,35,159
212000070,70,337,-267
212000077,83,700,-617
212000099,123,171,-48
212000108,55,130,-75
212000111,52,74,-22
212000120,48,154,-106
212000138,12,14,-2
212000156,13,96,-83
212000158,6,5,1
212000159,89,33,56
212000160,163,152,11
212000161,3,6,-3
212000310,9,32,-23
212000311,3,52,-49
212000374,14,13,1
213000001,9,722,-713
213000005,104,21,83
213000006,317,35,282
213000007,3,1,2
213000009,71,36,35
213000010,28,22,6
213000011,42,19,23
213000012,49,311,-262
213000014,8,0,8
213000015,19,0,19
213000016,19,0,19
213000017,1,0,1
213000018,5,199,-194
213000019,1,124,-123
213000020,62,265,-203
213000021,1,85,-84
213000023,0,0,0
213000033,101,402,-301
213000034,127,111,16
213000035,29,18,11
213000045,44,207,-163
213000046,61,115,-54
213000047,367,379,-12
213000056,5,0,5
213000069,2,0,2
213000073,0,19,-19
213000074,98,517,-419
213000075,48,0,48
213000085,0,29,-29
213000086,16,203,-187
213000091,0,0,0
213000092,0,0,0
213000099,77,494,-417
213000100,137,11,126
213000101,7,127,-120
213000102,5,454,-449
213000103,108,558,-450
213000104,27,456,-429
213000105,2,33,-31
213000106,4,216,-212
213000107,44,836,-792
213000108,16,554,-538
213000109,1,222,-221
213000110,3,43,-40
213000111,5,66,-61
213000112,98,148,-50
213000115,0,0,0
213000116,56,602,-546
213000117,1,825,-824
213000118,84,198,-114
213000119,29,643,-614
213000120,36,705,-669
213000122,131,728,-597
213000123,554,877,-323
213000124,44,1470,-1426
213000125,0,0,0
213000126,43,66,-23
213000127,116,118,-2
213000128,721,282,439
213000129,0,0,0
213000130,12,2,10
213000132,12,2,10
213000133,15,3,12
213000134,49,12,37
213000136,58,10,48
213000137,106,9,97
213000139,26,1,25
213000147,3,0,3
213000148,3,1,2
213000149,1,0,1
213000150,0,50,-50
213000151,1,45,-44
213000152,0,51,-51
213000153,0,24,-24
213000154,4,185,-181
213000155,14,349,-335
213000156,32,470,-438
213000157,420,512,-92
213000158,159,670,-511
213000159,170,158,12
213000163,50,11,39
213000165,151,7,144
213000171,0,133,-133
213000172,1,319,-318
213000173,5,361,-356
213000174,1,439,-438
213000175,4,345,-341
213000176,0,0,0
213000177,0,0,0
213000178,0,0,0
213000179,0,0,0
213000180,0,0,0
213000184,53,424,-371
213000188,71,28,43
213000189,52,8,44
213000190,294,400,-106
213000191,40,467,-427
213000192,32,478,-446
213000193,1287,144,1143
213000194,0,24,-24
213000195,6,340,-334
213000196,50,638,-588
213000197,61,28,33
213000198,1,0,1
213000200,82,946,-864
213000201,55,43,12
213000202,5,630,-625
213000203,745,91,654
213000204,90,2,88
213000205,31,4,27
213000206,28,0,28
213000207,1,0,1
213000208,0,0,0
213000209,2,0,2
213000210,4,3,1
213000211,1,11,-10
213000212,5,17,-12
213000213,1,33,-32
213000218,60,665,-605
213000219,41,0,41
213000220,53,1,52
213000223,51,15,36
213000224,3,5,-2
213000225,12,0,12
213000226,4,1,3
213000227,114,11,103
213000228,30,11,19
213000229,61,3,58
213000230,18,1,17
213000232,15,230,-215
213000233,2,14,-12
213000234,1,9,-8
213000293,0,22,-22
213000294,5,2,3
213000295,0,30,-30
213000296,30,4,26
213000297,4,59,-55
213000298,10,65,-55
213000299,18,10,8
213000300,3,2,1
213000303,1,24,-23
213000304,1,3,-2
213000305,0,2,-2
213000306,29,17,12
213000307,23,38,-15
213000308,42,222,-180
213000309,46,19,27
213000310,65,9,56
213000311,157,568,-411
213000315,20,159,-139
213000316,24,18,6
213000322,12,150,-138
213000323,12,56,-44
213000324,69,208,-139
213000325,8,131,-123
213000326,32,88,-56
213000327,3,178,-175
213000328,9,84,-75
213000329,20,100,-80
213000340,69,837,-768
213000341,21,4,17
213000347,285,22,263
213000348,0,124,-124
213000349,0,4,-4
213000350,98,1476,-1378
213000366,15,293,-278
213000367,22,5,17
213000379,30,81,-51
213000386,0,181,-181
213000406,40,244,-204
213000417,257,143,114
213000425,37,24,13
213000426,18,61,-43
213000427,12,440,-428
213000428,9,242,-233
213000429,8,3,5
213000430,25,787,-762
213000431,62,0,62
213000432,0,16,-16
213000433,2,120,-118
213000434,16,42,-26
213000435,27,45,-18
213000436,4,39,-35
213000437,2,87,-85
213000438,31,111,-80
213000439,5,1,4
213000440,5,105,-100
213000441,0,0,0
213000442,1,57,-56
213000443,184,155,29
213000444,27,132,-105
213000445,0,85,-85
213000446,0,4,-4
213000447,1,4,-3
213000448,1,18,-17
213000449,22,0,22
213000450,3,12,-9
213000451,12,36,-24
213000452,1,4,-3
213000453,22,207,-185
213000455,28,0,28
213000456,1,51,-50
213000481,3,1,2
213000484,16,2,14
213000489,226,9,217
213900002,0,21,-21
213900003,6,3,3
213900013,3,163,-160
213900015,0,13,-13
213900016,0,6,-6
213900020,3,200,-197
213900030,1,47,-46
213900032,36,10,26
213900033,2,2,0
213900034,17,14,3
213900035,63,873,-810
213900036,58,308,-250
213900037,14,369,-355
213900038,22,3,19
213900039,0,119,-119
213900041,1,42,-41
213900042,37,9,28
213900043,8,17,-9
213900244,0,0,0
213900245,0,39,-39
218000003,12,11,1
218000004,14,12,2
218000005,8,3,5
218000006,17,29,-12
218000007,4,12,-8
218000012,198,58,140
218000013,38,90,-52
218000014,390,226,164
218000019,733,281,452
218000020,250,318,-68
218000021,37,146,-109
218000022,9,64,-55
218000023,2,71,-69
218000024,3,28,-25
218000025,10,45,-35
218000026,16,104,-88
218000027,3,27,-24
218000028,3,12,-9
218000029,0,6,-6
218000030,23,64,-41
218000031,3,73,-70
218000032,1,65,-64
218000040,4,5,-1
218000046,19,160,-141
218000047,3,266,-263
218000048,28,387,-359
218000049,69,216,-147
218000050,223,424,-201
218000051,20,556,-536
218000052,1,80,-79
218000053,2,22,-20
218000054,4,46,-42
218000055,0,19,-19
218000056,4,25,-21
218000057,1,41,-40
218000064,1,3,-2
218000065,35,32,3
218000066,11,23,-12
218000067,13,70,-57
218000068,20,90,-70
218000069,61,187,-126
218000070,73,253,-180
218000071,127,210,-83
218000072,297,219,78
218000078,363,1218,-855
218000079,28,87,-59
218000080,44,66,-22
218000081,152,187,-35
218000082,10,107,-97
218000083,13,80,-67
218000084,66,292,-226
218000085,128,588,-460
218000086,33,234,-201
218000087,134,329,-195
218000090,6,47,-41
218000091,286,178,108
218000092,40,114,-74
218000093,51,123,-72
218000094,299,708,-409
218000099,215,273,-58
218000100,115,187,-72
218000101,83,155,-72
218000102,110,262,-152
218000103,37,107,-70
218000104,24,41,-17
218000105,15,10,5
218000106,9,10,-1
218000107,17,123,-106
218000108,2,59,-57
218000112,38,13,25
218000117,43,53,-10
218000134,357,802,-445
218000135,11,84,-73
218000136,59,48,11
218000137,43,209,-166
218000138,1,77,-76
218000139,42,262,-220
218000140,49,58,-9
218000141,19,44,-25
218000142,36,120,-84
218000143,10,150,-140
218000144,6,60,-54
218000145,99,350,-251
218000146,22,107,-85
218000151,5,17,-12
218000152,44,101,-57
218000153,1,12,-11
218000154,0,1,-1
218000155,7,3,4
218000156,49,28,21
218000157,18,22,-4
218000158,2,5,-3
218000159,10,9,1
218000160,4,5,-1
218000161,19,8,11
218000162,31,25,6
218000163,9,0,9
218000164,25,20,5
218000165,47,55,-8
218000170,1,31,-30
218000171,31,23,8
218000172,3,22,-19
218000173,26,11,15
218000174,3,0,3
218000176,70,16,54
218000177,442,101,341
218000178,135,53,82
218000179,110,22,88
218000180,96,9,87
218000181,143,9,134
218000187,1,13,-12
218000188,19,17,2
218000189,5,49,-44
218000190,5,29,-24
218000191,26,134,-108
218000192,52,628,-576
218000193,345,564,-219
218000194,38,390,-352
218000195,62,108,-46
218000196,140,227,-87
218000197,131,313,-182
218000198,0,138,-138
218000199,20,25,-5
218000200,6,44,-38
218000201,0,27,-27
218000202,115,148,-33
218000207,4,41,-37
218000208,12,68,-56
218000211,10,14,-4
218000212,2,7,-5
218000213,91,57,34
218000214,0,17,-17
218000215,51,176,-125
218000217,2,130,-128
218000218,355,96,259
218000219,11,11,0
218000220,48,235,-187
218000221,132,87,45
218000222,32,8,24
218000223,72,247,-175
218000224,5,70,-65
218000225,175,23,152
218000226,70,88,-18
218000230,0,1,-1
218000232,29,64,-35
218000239,0,0,0
218000240,0,0,0
218000241,0,0,0
218000242,0,0,0
218000243,0,0,0
218000244,0,0,0
218000245,0,0,0
218000246,0,0,0
218000247,0,0,0
218000248,0,44,-44
218000249,0,0,0
218000250,1,20,-19
218000251,0,13,-13
218000252,0,22,-22
218000253,3,8,-5
218000254,0,11,-11
218000255,1,9,-8
218000256,1,45,-44
218000267,513,803,-290
218000268,1,43,-42
218000269,1,12,-11
218000270,9,45,-36
218000271,17,49,-32
218000273,7,1,6
218000274,4,2,2
218000275,21,31,-10
218000276,3,59,-56
218000278,11,34,-23
218000279,9,43,-34
218000280,3,10,-7
218000281,1,11,-10
218000282,141,55,86
218000284,41,1,40
218000301,20,132,-112
218000302,37,34,3
218000303,4,25,-21
218000316,418,938,-520
218000317,487,895,-408
218000318,207,803,-596
218000319,511,1538,-1027
218000320,334,717,-383
218000338,5,21,-16
218000345,45,45,0
218000346,8,31,-23
218000459,100,404,-304
218000490,9,43,-34
218000501,8,21,-13
218000502,4,125,-121
218000503,19,12,7
218000504,39,9,30
218000505,40,148,-108
218000506,32,90,-58
218000508,0,4,-4
218000510,137,9,128
218000520,50,76,-26
218000521,4,40,-36
218000522,1,111,-110
218000523,2,0,2
218000524,14,68,-54
218000525,8,10,-2
218000526,15,84,-69
218000529,9,204,-195
218000530,7,7,0
218000531,4,20,-16
218000532,9,38,-29
218000534,5,4,1
218000537,2,7,-5
218000538,70,116,-46
218000540,270,181,89
218000543,39,43,-4
218000544,26,113,-87
218000545,13,58,-45
218000546,31,167,-136
218000547,37,74,-37
218000548,54,237,-183
218000549,228,80,148
218000550,246,805,-559
218000551,137,126,11
218000552,135,22,113
218000553,7,50,-43
218000554,8,11,-3
218000555,11,27,-16
218000556,48,466,-418
218000557,148,77,71
218000558,1,1,0
218000559,1,17,-16
218000560,0,8,-8
218000561,0,0,0
218000562,9,176,-167
218000563,19,24,-5
218000564,1,88,-87
218000565,9,20,-11
218000566,28,4,24
218000567,0,49,-49
218000568,0,0,0
218000569,3,64,-61
218000570,4,2,2
218000571,0,79,-79
218000572,0,0,0
218000573,4,19,-15
218000574,1,37,-36
218000575,0,0,0
218000576,1,39,-38
218000577,0,0,0
218000578,0,109,-109
218000579,46,0,46
218000581,1,74,-73
218000582,19,1,18
218000583,7,0,7
218000584,0,23,-23
218000585,7,11,-4
218000586,4,38,-34
218000587,0,1,-1
218000588,0,6,-6
218000589,0,13,-13
218000590,0,0,0
218000591,0,27,-27
218000592,0,0,0
218000593,0,0,0
218000594,0,0,0
218000595,0,0,0
218000596,0,0,0
218000597,0,0,0
218000598,0,0,0
218000599,0,0,0
218000600,0,0,0
218000601,0,0,0
218000602,0,2,-2
218000603,0,1,-1
218000604,0,0,0
218000605,0,7,-7
218000606,7,0,7
218000607,2,29,-27
218000608,5,4,1
218000609,1,45,-44
218000610,5,3,2
218000611,3,0,3
218000612,0,41,-41
218000613,3,1,2
218000614,0,46,-46
218000615,21,1,20
218000616,0,124,-124
218000617,0,1,-1
218000618,1,11,-10
218000619,21,7,14
218000620,1,30,-29
218000621,0,0,0
218000622,0,4,-4
218000623,2,1,1
218000624,0,4,-4
218000625,2,1,1
218000626,0,7,-7
218000628,11,18,-7
218000631,3,6,-3
218000632,2,46,-44
218000633,0,0,0
218000634,1,18,-17
218000635,2,11,-9
218000636,486,1548,-1062
218000637,368,510,-142
218000638,20,10,10
218000639,7,344,-337
218000640,26,17,9
218000641,20,541,-521
218000652,125,179,-54
218000653,165,106,59
218000663,0,105,-105
218000675,3,16,-13
218000676,1,43,-42
218000677,3,11,-8
218000680,48,483,-435
218000681,24,11,13
218000691,55,320,-265
218000693,10,11,-1
218000703,3,87,-84
218000718,148,216,-68
218000719,119,19,100
218000720,0,7,-7
218000721,1,2,-1
218000725,2,19,-17
218001214,40,37,3
218001329,7,5,2
218001330,28,43,-15
218001359,0,0,0
218001360,0,0,0
218001361,0,1,-1
218001362,0,0,0
219000001,5,57,-52
219000002,19,83,-64
219000003,86,28,58
219000004,84,44,40
219000017,57,11,46
219000020,39,12,27
219000022,28,1,27
219000023,46,0,46
219000029,0,89,-89
219000034,1,1,0
219000039,23,52,-29
219000040,8,4,4
219000041,51,37,14
219000051,0,76,-76
219000052,0,34,-34
219000053,2,218,-216
219000054,233,273,-40
219000055,39,1,38
219000056,0,0,0
219000057,15,0,15
219000062,11,268,-257
219000063,11,8,3
219000064,3,27,-24
219000110,112,29,83
219000111,61,18,43
219000112,167,33,134
219000113,59,29,30
219000114,210,20,190
219000116,43,23,20
219000117,181,77,104
219000118,49,62,-13
219000123,159,62,97
219000124,31,41,-10
219000125,23,26,-3
219000126,29,103,-74
219000127,2,7,-5
219000128,15,94,-79
219000129,23,127,-104
219000130,1254,661,593
219000131,1531,883,648
219000133,70,26,44
219000134,13,12,1
219000135,42,64,-22
219000136,117,133,-16
219000138,39,17,22
219000139,9,52,-43
219000140,14,0,14
219000141,8,85,-77
219000142,2,89,-87
219000143,12,97,-85
219000145,9,37,-28
219000146,6,53,-47
219000147,0,54,-54
219000148,0,52,-52
219000149,23,252,-229
219000150,3,115,-112
219000151,0,148,-148
219000157,78,96,-18
219000158,114,232,-118
219000161,119,10,109
219000163,1105,283,822
219000166,37,106,-69
219000167,53,254,-201
219000168,174,37,137
219000174,142,78,64
219000175,68,4,64
219000176,46,6,40
219000177,6,2,4
219000178,4,1,3
219000179,10,1,9
219000180,15,22,-7
219000182,23,4,19
219000183,14,61,-47
219000184,8,2,6
219000185,2,165,-163
219000186,4,59,-55
219000187,2,136,-134
219000189,116,128,-12
219000190,182,182,0
219000191,1192,609,583
219000192,132,173,-41
219000193,594,142,452
219000195,0,50,-50
219000196,6,88,-82
219000198,21,185,-164
219000199,78,197,-119
219000200,15,223,-208
219000201,97,279,-182
219000203,9,120,-111
219000204,49,168,-119
219000205,18,226,-208
219000207,79,227,-148
219000209,15,104,-89
219000210,16,114,-98
219000213,5,231,-226
219000239,90,91,-1
219000240,71,231,-160
219000241,27,227,-200
219000242,16,145,-129
219000243,29,206,-177
219000244,8,69,-61
219000245,4,46,-42
219000246,3,5,-2
219000247,25,2,23
219000248,151,36,115
219000249,22,16,6
219000250,23,6,17
219000251,151,11,140
219000252,0,0,0
219000253,0,0,0
219000255,26,14,12
219000256,71,34,37
219000257,11,0,11
219000262,46,321,-275
219000263,32,231,-199
219000267,1,133,-132
219000268,2,3,-1
219000269,9,2,7
219000270,10,0,10
219000271,93,1,92
219000278,0,12,-12
219000279,0,3,-3
219000283,0,6,-6
219000295,13,107,-94
219000296,41,477,-436
219000297,14,144,-130
219000298,8,224,-216
219000299,168,32,136
219000300,11,422,-411
219000301,61,351,-290
219000302,11,194,-183
219000307,21,76,-55
219000308,43,25,18
219000311,30,31,-1
219000312,91,17,74
219000313,63,12,51
219000314,106,476,-370
219000315,32,8,24
219000316,50,1,49
219000317,12,2,10
219000320,0,43,-43
219000321,0,23,-23
219000323,3,95,-92
219000325,1,60,-59
219000326,67,152,-85
219000327,31,53,-22
219000328,23,58,-35
219000329,320,71,249
219000330,18,30,-12
219000331,14,34,-20
219000332,43,38,5
219000333,8,10,-2
219000335,4,3,1
219000337,1,0,1
219000338,4,0,4
219000344,21,86,-65
219000345,80,196,-116
219000346,26,200,-174
219000348,59,152,-93
219000349,26,280,-254
219000350,33,66,-33
219000351,0,9,-9
219000352,101,43,58
219000353,39,49,-10
219000354,156,120,36
219000355,30,26,4
219000356,1566,278,1288
219000363,230,27,203
219000364,85,27,58
219000365,71,8,63
219000366,406,114,292
219000368,418,203,215
219000370,829,131,698
219000371,6,11,-5
219000382,4,10,-6
219000383,623,560,63
219000385,596,436,160
219000386,943,1047,-104
219000387,1,2,-1
219000390,7,1,6
219000391,9,0,9
219000397,73,118,-45
219000398,67,27,40
219000401,5,45,-40
219000402,10,38,-28
219000403,25,76,-51
219000404,16,40,-24
219000407,1,29,-28
219000409,0,0,0
219000410,0,0,0
219000411,0,0,0
219000446,192,396,-204
219000447,0,36,-36
219000448,4,1,3
219000452,49,26,23
219000453,45,75,-30
219000454,261,144,117
219000556,51,2,49
219000558,52,299,-247
219000590,9,184,-175
219000591,5,6,-1
219000592,79,372,-293
219000595,3,40,-37
219000635,8,1,7
219000636,7,113,-106
219000657,19,15,4
219000658,19,36,-17
219000673,0,5,-5
219000676,1,0,1
219000679,11,20,-9
219000684,12,4,8
219000685,1,111,-110
219000686,4,0,4
219000688,2,145,-143
219000689,62,83,-21
219000690,0,0,0
219000691,19,44,-25
219000692,0,0,0
219000693,1,33,-32
219000694,20,0,20
219000695,10,1,9
219000698,2,0,2
219000699,0,6,-6
219000727,12,180,-168
219000728,40,2,38
219000770,2,0,2
219000771,0,45,-45
219001150,0,5,-5
219001151,1,4,-3
219001166,0,0,0
219001167,1,36,-35
220000001,4,15,-11
220000002,0,119,-119
220000003,215,331,-116
220000004,459,581,-122
220000005,1186,1215,-29
220000006,82,674,-592
220000007,132,859,-727
220000008,83,940,-857
220000009,132,411,-279
220000010,30,94,-64
220000011,389,767,-378
220000012,59,93,-34
220000014,14,91,-77
220000015,1,28,-27
220000017,40,332,-292
220000018,3201,289,2912
220000019,43,174,-131
220000020,68,188,-120
220000021,163,126,37
220000022,250,340,-90
220000023,77,124,-47
220000024,1150,242,908
220000025,1058,256,802
220000026,147,101,46
220000027,6,58,-52
220000028,12,21,-9
220000029,39,126,-87
220000030,26,64,-38
220000031,92,186,-94
220000064,6,573,-567
221000046,8,4,4
221000047,0,0,0
221000048,0,0,0
221000049,0,13,-13
221000050,4,0,4
221000055,37,64,-27
221000057,24,9,15
221000068,260,74,186
221000069,148,38,110
221000070,75,25,50
221000071,34,8,26
221000072,72,13,59
221000073,89,33,56
221000074,0,15,-15
221000075,3,25,-22
221000076,19,58,-39
221000077,22,130,-108
221000081,12,1,11
221000082,26,3,23
221000083,25,3,22
221000084,2,1,1
221000085,18,85,-67
221000086,15,212,-197
221000087,6,212,-206
221000088,13,155,-142
221000089,23,208,-185
221000090,181,384,-203
221000098,87,12,75
221000099,123,12,111
221000100,28,4,24
221000101,172,11,161
221000102,74,7,67
221000109,7,117,-110
221000110,8,157,-149
221000111,13,125,-112
221000112,8,105,-97
221000113,14,196,-182
221000114,2,170,-168
221000120,3,34,-31
221000121,0,5,-5
221000122,15,11,4
221000123,3,1,2
221000124,8,478,-470
221000155,50,2,48
221000156,0,12,-12
221000175,0,0,0
221000176,0,1,-1
221000182,14,1,13
221000241,458,122,336
221000242,302,196,106
221000243,292,109,183
221000244,143,254,-111
221000245,32,111,-79
221000246,16,154,-138
221000247,26,113,-87
221000248,39,140,-101
221000267,11,526,-515
221000325,17,49,-32
221000331,1,102,-101
221000338,15,11,4
221000378,42,7,35
221000381,23,64,-41
222000282,1,0,1
222000296,2,16,-14
222000568,99,6,93
222000569,22,4,18
222000570,12,3,9
222000571,33,0,33
222000577,5,239,-234
222000578,9,181,-172
222000579,35,89,-54
222000580,146,738,-592
222000599,0,130,-130
222000600,2,244,-242
222000601,11,730,-719
222000603,6,7,-1
222000604,2,16,-14
222000605,4,6,-2
222000606,0,8,-8
222000607,0,4,-4
222000608,1,20,-19
222000609,22,316,-294
222000616,19,7,12
222000617,1,0,1
222000618,0,1,-1
222000620,0,0,0
222000621,2,1,1
222000623,72,1,71
222000624,13,1,12
222000625,8,56,-48
222000636,7,1,6
222000686,0,0,0
222000687,4,3,1
222001066,58,0,58
222001067,4,3,1
222001068,0,18,-18
222001069,5,12,-7
222001082,5,89,-84
222001083,7,76,-69
222001084,0,22,-22
222001085,2,272,-270
222001111,7,336,-329
222001112,5,10,-5
222001313,0,2,-2
222001314,0,61,-61
222001464,0,4,-4
222001465,8,104,-96
222001484,3,10,-7
222001485,11,91,-80
222001494,32,15,17
222001495,37,527,-490
222001496,14,10,4
222001497,29,729,-700
222001502,21,144,-123
222001503,0,0,0
222001504,18,231,-213
222001505,0,0,0
222001506,58,217,-159
222001507,0,0,0
222001510,0,0,0
222001511,34,442,-408
222001514,0,0,0
222001515,206,716,-510
222001518,0,0,0
222001519,28,546,-518
222001527,0,0,0
222001528,86,150,-64
222001529,0,0,0
222001530,27,249,-222
222001533,114,541,-427
222001534,0,0,0
222001535,14,24,-10
222001536,52,476,-424
222001537,0,0,0
222001538,59,531,-472
222001563,0,0,0
222001564,22,810,-788
222001568,34,62,-28
222001576,0,1,-1
222001579,1,0,1
222001583,11,317,-306
222001584,2,2,0
222001596,273,1349,-1076
222001597,129,38,91
222001626,1,212,-211
222001650,5,47,-42
222001651,2,112,-110
222001914,0,0,0
222001915,15,165,-150
222900004,96,33,63
222900009,308,845,-537
222900019,6,115,-109
222900024,0,6,-6
222900025,0,43,-43
225000001,37,13,24
225000002,48,13,35
225000003,64,14,50
225000004,27,14,13
225000005,8,7,1
225000006,0,120,-120
225000007,3462,672,2790
225000010,56,3,53
225000011,127,131,-4
225000012,41,58,-17
225000013,5,36,-31
225000014,66,7,59
225000015,70,175,-105
225000021,50,19,31
225000027,169,373,-204
225000032,84,6,78
225000042,47,479,-432
225000049,16,32,-16
225000050,31,7,24
225000053,3,108,-105
225000058,25,15,10
225000067,53,191,-138
225000068,29,538,-509
225000069,63,442,-379
225000070,38,412,-374
225000071,14,269,-255
225000075,10,736,-726
225000076,20,80,-60
225000078,10,4,6
225000085,0,0,0
225000086,0,0,0
225000087,0,0,0
225000088,2,62,-60
225000089,222,277,-55
225000090,12,275,-263
225000091,17,248,-231
225000092,5,75,-70
225000093,48,370,-322
225000094,4,446,-442
225000095,220,498,-278
225000096,61,297,-236
225000098,132,38,94
225000099,38,15,23
225000100,46,18,28
225000104,14,303,-289
225000110,14,391,-377
225000111,81,945,-864
225000112,118,698,-580
225000113,56,475,-419
225000114,27,246,-219
225000115,2572,363,2209
225000116,127,13,114
225000117,90,41,49
225000118,109,29,80
225000119,11,7,4
225000120,42,2,40
225000121,113,0,113
225000123,44,2,42
225000125,53,87,-34
225000126,406,52,354
225000127,436,121,315
225000128,77,83,-6
225000132,117,24,93
225000133,122,13,109
225000134,252,40,212
225000135,16,17,-1
225000136,54,3,51
225000137,60,16,44
225000138,164,11,153
225000143,111,94,17
225000144,2,257,-255
225000145,0,0,0
225000146,11,91,-80
225000147,10,310,-300
225000148,2,179,-177
225000149,13,393,-380
225000151,45,215,-170
225000155,91,241,-150
225000156,67,384,-317
225000157,63,249,-186
225000158,26,413,-387
225000171,4,165,-161
225000180,53,47,6
225000181,0,30,-30
225000182,1,2,-1
225000185,5,197,-192
225000187,48,358,-310
225000191,0,0,0
225000194,0,1,-1
225000208,1,39,-38
225000209,0,0,0
225000210,2,131,-129
225000217,1,9,-8
225000218,1,0,1
225000223,0,21,-21
225000224,3,1,2
225000225,0,6,-6
225000226,14,0,14
225000227,26,48,-22
225000228,4,0,4
225000229,0,50,-50
225000230,1,0,1
225000231,0,60,-60
225000232,11,0,11
225000241,1,0,1
225000242,0,23,-23
225000249,50,57,-7
225000250,42,685,-643
225000251,126,15,111
225000254,1,0,1
225000256,0,1,-1
225000257,0,1,-1
226000042,260,290,-30
226000043,37,197,-160
226000044,57,695,-638
226000045,41,521,-480
226000046,114,37,77
226000047,86,38,48
226000048,200,35,165
226000049,88,64,24
226000070,1,51,-50
226000071,1,84,-83
226000072,0,7,-7
226000073,0,8,-8
226000074,0,5,-5
226000084,1,59,-58
226000085,0,5,-5
226000086,0,7,-7
226000087,1,20,-19
226000088,27,8,19
226000090,110,6,104
226000091,6,1,5
226000092,3,0,3
226000093,9,0,9
226000094,2,2,0
226000095,12,3,9
226000105,1,1,0
226000106,2,1,1
226000107,0,1,-1
226000108,13,0,13
226000109,50,0,50
226000124,122,73,49
226000134,183,163,20
226000135,423,294,129
226000136,103,149,-46
226000137,26,362,-336
226000138,6,212,-206
226000139,1,31,-30
226000156,42,2,40
226000157,122,12,110
226000163,18,40,-22
226000202,3,368,-365
226000231,89,3,86
226000232,12,8,4
227000033,130,31,99
227000036,106,7,99
227000037,62,10,52
227000038,38,9,29
227000084,0,23,-23
227000085,0,26,-26
227000088,6,1,5
227000089,33,0,33
227000090,11,0,11
227000091,5,0,5
227000092,7,0,7
227000093,22,0,22
227000094,4,2,2
227000130,11,65,-54
227000131,8,259,-251
227000132,6,250,-244
227000133,10,231,-221
227000134,11,439,-428
227000152,0,1,-1
227000153,0,55,-55
227000154,0,19,-19
227000155,0,13,-13
227000156,0,6,-6
227000165,0,21,-21
227000196,63,374,-311
227000199,14,653,-639
227000230,28,632,-604
227000232,23,1,22
227000242,62,411,-349
227000243,243,37,206
227000245,12,344,-332
227000246,55,529,-474
227000247,93,42,51
227000248,40,20,20
227000249,8,249,-241
227000250,179,62,117
227000251,98,201,-103
227000252,10,383,-373
227000253,19,20,-1
227000262,92,19,73
227000266,38,3,35
227000267,26,2444,-2418
227000282,15,313,-298
227000284,44,2,42
227000286,5,141,-136
227000291,23,671,-648
227000296,103,124,-21
227000484,112,5,107
227000485,24,653,-629
227000655,8,10,-2
227000656,151,6,145
227000657,3,2,1
227000704,0,1,-1
229000265,0,0,0
229000266,1,0,1
229000267,0,0,0
229000268,2,0,2
229000269,1,0,1
229000274,0,13,-13
229000275,3,27,-24
229000276,0,11,-11
229000277,1,3,-2
229000278,0,2,-2
229000295,15,24,-9
229000296,1,8,-7
229000297,16,21,-5
229000298,7,70,-63
229000320,1,1,0
229000321,1,1,0
229000412,2,46,-44
229000414,0,61,-61
229000415,1,0,1
229000416,0,7,-7
229000417,0,9,-9
229000419,75,211,-136
229000440,121,22,99
229000442,1,3,-2
229000443,0,2,-2
229000444,1,29,-28
229000445,5,2,3
229000446,11,10,1
229000491,5,58,-53
229000492,14,180,-166
229000493,7,161,-154
229000494,41,39,2
229000495,125,130,-5
229000496,23,135,-112
229000507,0,34,-34
229000508,1,39,-38
229000509,1,58,-57
229000510,2,53,-51
229000511,4,142,-138
229000512,0,67,-67
229000513,0,7,-7
229000514,0,11,-11
229000517,0,15,-15
229000518,4,55,-51
229000519,0,14,-14
229000520,7,64,-57
229000521,18,46,-28
229000522,3,33,-30
229000523,10,45,-35
229000524,7,39,-32
229000527,6,5,1
229000528,0,1,-1
229000529,11,2,9
229000530,79,47,32
229000531,31,32,-1
229000532,30,18,12
229000533,253,61,192
229000534,100,36,64
229000564,61,18,43
229000565,13,11,2
229000566,0,42,-42
229000567,1,155,-154
229000582,384,23,361
229000583,3,21,-18
229000584,1,54,-53
229000585,12,69,-57
229000718,0,3,-3
229000719,0,0,0
229000720,0,23,-23
229000721,0,17,-17
229000722,0,61,-61
229000723,0,25,-25
229000724,0,2,-2
229000725,0,7,-7
229000738,8,3,5
229000739,4,1,3
229000740,5,2,3
229000741,33,0,33
229000742,24,0,24
229000743,36,0,36
229000744,3,1,2
229000745,7,0,7
229000746,86,0,86
229000847,15,3,12
229000848,10,0,10
229000849,114,6,108
229000851,16,1,15
229000854,0,65,-65
229000856,3,169,-166
229000857,0,62,-62
229000858,2,149,-147
229000919,10,96,-86
229000930,3,148,-145
229000937,203,26,177
229000966,50,25,25
229000981,7,48,-41
229000985,2,21,-19
229000986,1,10,-9
229000987,1,0,1
229000988,1,1,0
229000989,1,7,-6
229000990,0,0,0
229000991,0,0,0
229000992,1,0,1
229000993,39,6,33
229000998,24,26,-2
229000999,34,5,29
229001034,2,13,-11
229001035,2,0,2
229001036,4,29,-25
229001037,8,0,8
229001038,0,1,-1
229001039,1,0,1
229001040,1,32,-31
229001041,11,0,11
229001042,1,5,-4
229001047,2,20,-18
229001050,11,1,10
229001168,0,8,-8
229001200,2,0,2
229001338,0,36,-36
229001394,334,4,330
229001422,221,42,179
229001423,19,141,-122
229001431,109,60,49
229001432,32,68,-36
229001444,73,17,56
229001445,19,177,-158
229001479,13,21,-8
229001503,178,77,101
229001504,59,168,-109
229001505,153,64,89
229001506,21,172,-151
229001509,10,3,7
229001510,5,14,-9
229001545,71,7,64
229001546,7,105,-98
229001553,56,27,29
229001554,9,93,-84
229001630,21,1,20
229001631,13,21,-8
229001635,1,6,-5
229001636,0,1,-1
229001658,2,63,-61
229001659,171,4,167
229001660,0,2,-2
229001661,1,16,-15
229001662,14,0,14
229001663,0,21,-21
229002584,63,48,15
229002831,71,81,-10
229002841,0,38,-38
229002842,3,6,-3
229002843,7,7,0
229002844,4,47,-43
229002845,1,105,-104
229002846,1,13,-12
229002847,3,8,-5
229002848,0,3,-3
229002849,0,27,-27
229002850,1,0,1
229002851,6,55,-49
229002852,13,25,-12
229002853,2,11,-9
229002854,6,37,-31
229002855,2,54,-52
229002856,3,9,-6
229002857,1,52,-51
229002858,1,3,-2
229002859,5,17,-12
229002860,5,4,1
229002861,9,13,-4
229002862,2,23,-21
229002863,3,13,-10
229002864,1,15,-14
229002865,1,6,-5
229002866,1,11,-10
229002867,2,12,-10
229002868,2,10,-8
229002869,2,93,-91
229002870,2,0,2
235000066,214,107,107
235000067,78,111,-33
235000072,37,69,-32
235000073,58,273,-215
235000074,38,97,-59
235000080,1,57,-56
235000081,52,131,-79
235000082,21,48,-27
235000083,42,44,-2
235000084,6,21,-15
235000085,60,26,34
235000089,7,53,-46
235000092,8,179,-171
235000093,3,3,0
235000097,0,1,-1
235000098,19,42,-23
235000099,11,24,-13
235000116,9,22,-13
235000117,519,4,515
235000133,14,197,-183
235000134,8,73,-65
235000206,5,2,3
235000207,1,2,-1
235000208,0,0,0
235000209,3,6,-3
235000210,0,4,-4
235000212,2,19,-17
235000213,0,5,-5
235000220,0,2,-2
235000221,5,9,-4
235000238,1,17,-16
235000239,1,2,-1
235000242,144,158,-14
235000245,1091,179,912
235000246,3,59,-56
235000284,1,59,-58
235000295,0,0,0
235000305,0,0,0
235000306,0,0,0
235000307,0,0,0
235000308,0,0,0
235000309,0,0,0
235000310,0,0,0
235000311,1,6,-5
235000322,0,9,-9
235000323,0,55,-55
235000324,1,16,-15
235000325,1,12,-11
235000326,5,265,-260
235000351,0,33,-33
235000352,7,70,-63
235000353,0,55,-55
235000354,0,39,-39
235000355,3,74,-71
235000356,0,0,0
235000357,0,0,0
235000358,0,0,0
235000359,0,0,0
235000360,0,0,0
235000361,0,0,0
235000381,19,288,-269
235000382,33,32,1
235000390,26,7,19
235000391,59,28,31
235000392,42,124,-82
235000393,61,53,8
235000395,58,24,34
235000396,120,71,49
235000400,59,13,46
235000401,9,175,-166
235000405,34,364,-330
235000406,36,300,-264
235000407,45,165,-120
235000409,148,201,-53
235000410,24,233,-209
235000411,0,75,-75
235000485,0,16,-16
235000486,1,0,1
235000549,27,68,-41
235000550,56,224,-168
235000599,77,94,-17
235000600,3,0,3
235000601,27,37,-10
235000602,26,74,-48
235000614,0,2,-2
235000648,1,17,-16
235000649,17,0,17
235000685,0,8,-8
235000815,2,37,-35
235000834,0,7,-7
235000855,17,32,-15
235000862,10,165,-155
235000891,0,5,-5
235000892,45,52,-7
235000901,99,113,-14
235000907,4,5,-1
235001010,11,29,-18
235001029,564,382,182
235001030,721,149,572
235001078,38,74,-36
235001079,41,128,-87
235001147,2,37,-35
235001166,24,28,-4
235001167,13,61,-48
235001169,4,246,-242
235001188,1,8,-7
235001189,0,3,-3
235001197,5,4,1
235001200,32,21,11
235001208,9,10,-1
235001209,19,33,-14
235001210,3,162,-159
235001239,0,38,-38
235001244,0,2,-2
235016267,0,11,-11
241900007,42,0,42
277101746,0,44,-44
277102712,54,28,26
277103813,1,0,1
277103814,0,0,0
277103898,0,6,-6
990011530,0,223,-223
990014944,3,464,-461
990015176,4,0,4
990015618,0,76,-76
990016032,1,357,-356
990032570,14,76,-62
990070001,0,2,-2
990070103,0,0,0
990070601,0,62,-62
990070751,78,1,77
990070766,3,997,-994
990071180,1,123,-122
990071343,0,0,0
990071387,0,4,-4
990071823,70,41,29
990072600,0,528,-528
990072964,4,609,-605
990073285,0,3,-3
990074393,1,1199,-1198
990074870,74,5,69
990075106,38,3,35
990075746,18,3,15
990076437,68,7,61
990076458,4,1158,-1154
997000007,43,2,41
997000041,0,120,-120
997000058,0,2,-2
997000062,1,1,0
997000069,0,5,-5
997000070,0,53,-53
997000100,0,0,0
997000141,0,17,-17
997000198,0,6,-6
998000475,0,28,-28
998000736,3,296,-293
998000965,0,1,-1
998001031,0,29,-29
998001700,0,21,-21
998001899,0,1,-1
998001900,2,0,2
998003073,28,4,24
998101900,0,0,0
998102850,0,100,-100
998501927,2,219,-217
998501929,27,2,25
998501930,34,2,32
998501931,8,6,2
998501932,25,1,24
998501933,0,0,0
998501937,1,3,-2
998501944,1,1,0
998501970,0,5,-5
998501971,1,88,-87
998501972,125,0,125
998501973,0,114,-114
998501974,1,203,-202
998501975,11,0,11
998501976,0,0,0
998501977,0,16,-16
998501978,0,0,0
998501979,0,12,-12
998501980,1,0,1
998501981,0,0,0
998501982,0,102,-102
998502006,0,0,0
998502024,0,2,-2
998502032,0,0,0
998502062,4,0,4
998502063,0,0,0
998502173,8,0,8
998502269,0,3,-3
998601159,1,260,-259
998601292,0,15,-15
999033574,0,87,-87
999800001,0,1,-1
999800002,1,1,0
999800003,0,5,-5
999800004,0,14,-14
999800005,0,12,-12
