ID,insum,outsum,diff
100000001,601,452,149
100000002,1360,603,757
100000003,9903,1963,7940
100000004,2184,689,1495
100000005,2419,2187,232
100000006,171,82,89
100000007,650,329,321
100000008,102,561,-459
100000009,103,139,-36
100000010,17,42,-25
100000011,350,60,290
100000012,71,753,-682
100000013,17,233,-216
100000014,263,401,-138
100000015,736,577,159
100000016,935,1474,-539
100000017,515,1384,-869
100000018,1328,488,840
100000019,5446,1530,3916
100000020,1632,1813,-181
100000021,8345,1725,6620
100000022,1202,580,622
100000023,7578,809,6769
100000025,3148,350,2798
100000028,1622,752,870
100000029,274,208,66
100000030,745,45,700
100000031,6165,3113,3052
100000032,2783,2450,333
100000033,525,1609,-1084
100000034,1000,250,750
100000035,1537,668,869
100000036,2433,768,1665
100000037,244,383,-139
100000038,660,674,-14
100000039,404,167,237
100000040,47,98,-51
100000041,256,277,-21
100000042,340,263,77
100000043,363,194,169
100000044,386,709,-323
100000045,466,1661,-1195
100000046,560,1458,-898
100000047,212,933,-721
100000048,400,831,-431
100000049,1668,3102,-1434
100000051,241,1137,-896
100000053,36,7,29
100000054,43,24,19
100000055,348,351,-3
100000056,126,494,-368
100000057,1199,725,474
100000058,572,1567,-995
100000059,5,115,-110
100000060,201,275,-74
100000061,1008,452,556
100000062,968,424,544
100000063,264,198,66
100000064,509,383,126
100000065,442,1264,-822
100000066,178,1030,-852
100000067,317,958,-641
100000068,357,1864,-1507
100000069,170,1857,-1687
100000072,467,1734,-1267
100000073,1075,1562,-487
100000075,361,346,15
100000076,1959,1621,338
100000077,787,53,734
100000078,167,32,135
100000079,78,36,42
100000080,18,11,7
100000081,32,22,10
100000102,1453,942,511
100000103,3135,658,2477
100000104,4675,1058,3617
100000105,3993,545,3448
100000106,2264,835,1429
100000107,513,258,255
100000108,714,1365,-651
100000109,3467,1231,2236
100000116,1140,417,723
100000117,32,12,20
100000118,1240,536,704
100000119,308,517,-209
100000121,125,614,-489
100000122,581,760,-179
100000123,4818,4450,368
100000124,11579,4939,6640
100000125,5240,647,4593
100000126,733,207,526
100000127,1569,377,1192
100000128,836,867,-31
100000129,509,426,83
100000130,376,623,-247
100000131,5671,2609,3062
100000132,3340,1116,2224
100000133,13937,3307,10630
100000135,253,433,-180
100000139,179,251,-72
100000140,158,329,-171
100000142,183,571,-388
100000143,560,822,-262
100000144,4425,1184,3241
100000147,742,1425,-683
100000150,18,505,-487
100000151,532,243,289
100000153,356,261,95
100000154,125,43,82
100000155,2,24,-22
100000156,61,60,1
100000157,69,139,-70
100000158,50,86,-36
100000159,254,435,-181
100000165,956,812,144
100000169,523,238,285
100000174,2045,313,1732
100000179,91,604,-513
100000180,924,1164,-240
100000181,85,354,-269
100000188,43,409,-366
100000189,344,243,101
100000190,333,218,115
100000191,480,378,102
100000192,107,68,39
100000193,105,86,19
100000330,2682,385,2297
100000355,195,552,-357
100000362,4945,3712,1233
100000363,1525,2503,-978
100000364,383,187,196
100000365,2746,3722,-976
100000366,4123,2857,1266
100000367,2063,2570,-507
100000368,1895,1984,-89
100000369,695,1030,-335
100000370,163,292,-129
100000376,72,95,-23
100000379,2150,1092,1058
100000380,2784,1277,1507
100000384,6419,1816,4603
100000385,5686,2834,2852
100000386,9892,2056,7836
100000387,7689,2722,4967
100000388,17117,3050,14067
100000389,14586,2914,11672
100000390,15158,2509,12649
100000391,9390,2871,6519
100000392,3196,1114,2082
100000393,1223,911,312
100000394,6166,2538,3628
100000395,3237,655,2582
100000396,3656,1579,2077
100000397,2007,912,1095
100000398,12263,8576,3687
100900002,1,52,-51
100900003,104,101,3
100900004,30,1301,-1271
100900005,68,2,66
100900006,8,304,-296
100900007,194,7,187
100900008,6,649,-643
100900009,45,34,11
100900010,12,141,-129
100900011,23,371,-348
100900012,10,345,-335
100900013,235,6,229
100900014,0,6,-6
100900015,164,93,71
100900016,1,55,-54
100900017,519,29,490
100900018,0,11,-11
100900019,10,33,-23
100900020,171,1,170
100900021,862,2,860
100900022,2,9,-7
100900023,0,15,-15
100900024,400,1,399
100900025,12,6,6
100900026,30,191,-161
100900027,680,1973,-1293
100900028,54,121,-67
100900029,93,15,78
100900030,2,15,-13
100900031,203,39,164
100900032,59,0,59
100900033,190,74,116
100900034,222,0,222
100900035,301,0,301
100900036,12,15,-3
100900037,28,356,-328
100900038,29,16,13
100900039,564,816,-252
100900040,86,1171,-1085
100900041,147,1163,-1016
100900042,234,117,117
100900043,0,0,0
100900044,3086,270,2816
100900045,21,0,21
100900046,693,4,689
100900047,853,63,790
100900048,18,5,13
100900049,14,262,-248
100900050,0,21,-21
100900051,32,43,-11
100900052,45,8,37
100900053,77,31,46
100900054,5,174,-169
100900055,122,183,-61
100900056,32,94,-62
100900057,455,295,160
100900058,84,21,63
100900059,36,3,33
100900060,32,5,27
100900061,213,241,-28
100900062,3,93,-90
100900063,109,339,-230
100900064,452,8,444
100900065,24,37,-13
100900066,39,29,10
100900067,1,7,-6
100900068,28,185,-157
100900069,121,1,120
100900070,90,3,87
100900071,722,194,528
100900072,0,62,-62
100900073,41,671,-630
100900074,0,7,-7
100900075,3252,251,3001
100900076,38,23,15
100900077,3,120,-117
100900078,53,97,-44
100900079,3,30,-27
100900080,4,133,-129
100900081,9,35,-26
100900082,29,969,-940
100900083,2,49,-47
100900085,4,86,-82
100900086,44,287,-243
100900088,10,961,-951
100900089,2,35,-33
100900090,118,469,-351
100900091,0,16,-16
100900092,115,82,33
100900093,74,153,-79
100900094,49,970,-921
100900095,7,30,-23
100900096,11,166,-155
100900097,0,0,0
100900098,0,79,-79
100900099,17,709,-692
100900100,3,183,-180
100900101,277,16,261
100900102,165,20,145
100900103,0,22,-22
100900104,9,151,-142
100900105,2,71,-69
100900106,68,3,65
100900107,1766,404,1362
100900108,0,4,-4
100900109,3,67,-64
100900110,3,37,-34
100900111,79,127,-48
100900112,0,0,0
100900113,0,11,-11
100900114,0,24,-24
100900115,0,23,-23
100900116,736,236,500
100900117,223,450,-227
100900118,5,40,-35
100900119,2,19,-17
100900120,0,12,-12
100900121,318,197,121
100900122,98,233,-135
100900123,18,102,-84
100900124,4,2,2
100900125,9,96,-87
100900126,22,171,-149
100900127,1,6,-5
100900128,62,121,-59
100900129,0,107,-107
100900131,50,116,-66
100900133,11,51,-40
100900134,6,5,1
100900135,1,126,-125
100900137,335,210,125
100900138,278,195,83
100900139,0,10,-10
100900140,5,1111,-1106
100900141,1,268,-267
100900142,0,4,-4
100900143,1260,246,1014
100900144,31,1,30
100900145,43,92,-49
100900146,10,17,-7
100900147,6,354,-348
100900148,20,1256,-1236
100900149,4,31,-27
100900150,0,11,-11
100900151,67,517,-450
100900152,107,8,99
100900153,2,164,-162
100900154,2,13,-11
100900155,0,4,-4
100900156,35,3,32
100900157,1,116,-115
100900158,1352,430,922
100900159,0,12,-12
100900160,6,8,-2
100900161,138,5,133
100900162,10,209,-199
100900163,117,224,-107
100900164,15,21,-6
100900165,32,57,-25
100900166,44,3,41
100900167,5,119,-114
100900168,24,111,-87
100900169,230,1705,-1475
100900170,6,9,-3
100900171,13,984,-971
100900172,0,13,-13
100900173,7,708,-701
100900174,93,20,73
100900176,1286,43,1243
100900177,1209,165,1044
100900178,157,197,-40
100900179,108,48,60
100900180,0,3,-3
100900181,67,16,51
100900182,6,14,-8
100900184,2,126,-124
100900186,1188,470,718
100900187,3,118,-115
100900188,36,19,17
100900189,921,142,779
100900191,1184,650,534
100900192,147,93,54
100900195,29,175,-146
100900197,2,82,-80
100900198,19,239,-220
100900199,6,5,1
100900200,597,320,277
100900201,36,907,-871
100900202,5,0,5
100900203,0,67,-67
100900204,333,152,181
100900205,87,217,-130
100900206,20,28,-8
100900207,86,28,58
100900210,59,939,-880
100900211,192,56,136
100900213,29,10,19
100900214,1134,47,1087
100900215,1,22,-21
100900217,94,41,53
101000001,4714,2245,2469
101000002,3289,2493,796
101000003,846,1222,-376
101000004,11268,5651,5617
101000005,6043,4758,1285
101000006,9186,5462,3724
101000007,2537,2624,-87
101000008,3002,2542,460
101000009,1399,2561,-1162
101000010,727,1774,-1047
101000011,2642,816,1826
101000012,1664,350,1314
101000013,466,759,-293
101000014,434,581,-147
101000015,708,950,-242
101000016,269,406,-137
101000017,370,462,-92
101000018,3426,2598,828
101000020,4575,1091,3484
101000021,819,192,627
101000022,487,124,363
101000023,1703,876,827
101000025,96,360,-264
101000026,343,35,308
101000027,1158,1302,-144
101000028,600,151,449
101000029,18,889,-871
101000030,515,70,445
101000031,304,671,-367
101000032,4458,2075,2383
101000033,2592,1767,825
101000034,2303,925,1378
101000035,1298,272,1026
101000036,1083,292,791
101000037,4151,901,3250
101000039,3982,667,3315
101000040,4941,1889,3052
101000041,12144,2392,9752
101000042,749,342,407
101000043,10611,2105,8506
101000045,1111,275,836
101000046,1934,848,1086
101000047,1080,1130,-50
101000048,700,767,-67
101000049,1024,727,297
101000050,3176,2061,1115
101000051,5334,949,4385
101000052,1446,530,916
101000053,978,2072,-1094
101000054,1893,2235,-342
101000055,1755,679,1076
101000056,51,56,-5
101000057,3704,582,3122
101000058,2203,579,1624
101000059,4009,1307,2702
101000060,2272,207,2065
101000061,1767,682,1085
101000062,1923,337,1586
101000063,464,259,205
101000064,1049,402,647
101000065,123,220,-97
101000066,246,147,99
101000067,529,364,165
101000068,256,139,117
101000069,287,118,169
101000070,1950,817,1133
101000071,2081,676,1405
101000072,1388,2617,-1229
101000073,1025,324,701
101000074,5769,1967,3802
101000075,9084,2663,6421
101000077,1307,787,520
101000078,1053,1744,-691
101000079,373,711,-338
101000080,625,610,15
101000081,812,711,101
101000082,2982,2263,719
101000083,1558,1208,350
101000084,1104,1434,-330
101000085,1510,1058,452
101000086,1225,1085,140
101000087,870,1447,-577
101000088,751,925,-174
101000089,778,1378,-600
101000090,2799,1784,1015
101000091,267,1689,-1422
101000092,856,1316,-460
101000093,1603,836,767
101000094,463,1245,-782
101000095,209,900,-691
101000096,264,696,-432
101000097,238,308,-70
101000098,512,547,-35
101000099,1298,1269,29
101000100,881,585,296
101000101,267,394,-127
101000102,750,300,450
101000103,747,605,142
101000104,229,264,-35
101000105,1212,220,992
101000106,715,464,251
101000107,100,208,-108
101000108,1749,445,1304
101000109,98,47,51
101000110,27,943,-916
101000111,204,227,-23
101000113,87,857,-770
101000114,2154,980,1174
101000115,101,143,-42
101000116,72,182,-110
101000117,168,401,-233
101000119,187,21,166
101000120,259,16,243
101000121,48,4,44
101000122,68,27,41
101000123,29,33,-4
101000124,273,299,-26
101000125,107,437,-330
101000128,754,304,450
101000130,428,245,183
101000131,408,930,-522
101000132,221,1953,-1732
101000135,84,8,76
101000136,310,72,238
101000137,42,258,-216
101000141,2879,1140,1739
101000147,896,661,235
101000148,3186,38,3148
101000149,57,22,35
101000150,39,1623,-1584
101000151,36,109,-73
101000152,274,327,-53
101000153,873,495,378
101000154,108,2086,-1978
101000155,117,126,-9
101000156,24,205,-181
101000157,85,29,56
101000160,44,83,-39
101000163,106,46,60
101000164,564,389,175
101000165,164,295,-131
101000166,296,599,-303
101000168,599,297,302
101000252,726,541,185
101000254,416,21,395
101000258,43,12,31
101000261,140,116,24
101000262,436,828,-392
101000263,160,1761,-1601
101000265,38,594,-556
101000266,277,280,-3
101000269,105,12,93
101000290,1902,1402,500
101000293,9,173,-164
101000294,560,522,38
101000295,141,559,-418
101000301,848,145,703
101000304,1757,2756,-999
101000305,2341,1923,418
101900001,25,87,-62
101900002,0,34,-34
101900003,82,101,-19
101900004,3,33,-30
101900005,6047,779,5268
101900006,841,12,829
101900007,403,32,371
101900008,177,140,37
101900009,30,245,-215
101900010,1023,302,721
101900011,306,582,-276
101900012,113,194,-81
101900013,1338,57,1281
101900017,21,73,-52
101900018,2062,117,1945
101900019,57,53,4
101900020,214,139,75
101900021,46,65,-19
101900022,32,1763,-1731
101900023,51,347,-296
102000001,2131,3804,-1673
102000002,2837,1318,1519
102000003,4246,3562,684
102000004,11191,2427,8764
102000005,1353,1990,-637
102000006,1775,1145,630
102000007,1509,3918,-2409
102000008,8130,1638,6492
102000009,6018,7196,-1178
102000010,7660,3215,4445
102000011,2053,2135,-82
102000012,3316,3543,-227
102000018,4193,2374,1819
102000019,2818,968,1850
102000026,274,379,-105
102000029,592,182,410
102000030,82,242,-160
102000031,17,265,-248
102000032,202,412,-210
102000033,111,544,-433
102000034,522,435,87
102000035,1198,629,569
102000036,6,194,-188
102000037,124,85,39
102000038,54,90,-36
102000039,36,59,-23
102000040,373,80,293
102000041,161,128,33
102000042,102,80,22
102000043,178,178,0
102000044,246,495,-249
102000045,706,1010,-304
102000046,799,502,297
102000047,687,1199,-512
102000048,149,775,-626
102000049,545,536,9
102000050,873,1104,-231
102000051,264,521,-257
102000052,1009,1080,-71
102000053,461,873,-412
102000054,260,723,-463
102000055,653,1283,-630
102000056,519,1556,-1037
102000057,1385,542,843
102000058,1437,2131,-694
102000059,869,1655,-786
102000060,1106,1055,51
102000061,1130,3528,-2398
102000062,749,1669,-920
102000063,1170,1510,-340
102000064,501,671,-170
102000065,23,129,-106
102000066,1019,1139,-120
102000067,2724,2802,-78
102000068,8466,2854,5612
102000069,42,1637,-1595
102000070,2782,97,2685
102000071,6666,10058,-3392
102000072,3868,5094,-1226
102000073,1114,1607,-493
102000074,920,1101,-181
102000075,205,302,-97
102000076,241,521,-280
102000077,257,1622,-1365
102000078,500,1189,-689
102000079,98,365,-267
102000080,331,257,74
102000081,404,980,-576
102000082,896,322,574
102000083,158,739,-581
102000084,81,591,-510
102000085,1500,1503,-3
102000086,1086,1488,-402
102000087,589,2409,-1820
102000088,157,326,-169
102000089,768,708,60
102000090,404,1445,-1041
102000091,1274,587,687
102000092,767,1305,-538
102000093,741,609,132
102000094,1390,364,1026
102000095,1075,1261,-186
102000096,2321,825,1496
102000097,2619,1694,925
102000098,730,1583,-853
102000099,1270,639,631
102000100,1128,711,417
102000101,1427,253,1174
102000102,490,1429,-939
102000103,1579,338,1241
102000104,1415,425,990
102000105,173,1102,-929
102000106,408,1240,-832
102000107,515,681,-166
102000108,420,382,38
102000109,201,700,-499
102000110,288,1827,-1539
102000111,6,325,-319
102000112,152,86,66
102000113,19,40,-21
102000114,1081,308,773
102000115,156,162,-6
102000116,279,177,102
102000117,233,571,-338
102000118,1607,860,747
102000119,2871,517,2354
102000120,86,424,-338
102000121,692,553,139
102000122,335,817,-482
102000123,1457,1017,440
102000124,1041,1006,35
102000125,935,960,-25
102000126,585,803,-218
102000127,870,859,11
102000128,386,1126,-740
102000129,723,1122,-399
102000130,399,797,-398
102000131,1655,770,885
102000132,711,509,202
102000133,964,3377,-2413
102000134,275,854,-579
102000135,1304,519,785
102000136,1253,358,895
102000137,1014,883,131
102000138,205,571,-366
102000139,58,497,-439
102000140,226,289,-63
102000141,206,663,-457
102000142,161,420,-259
102000143,69,558,-489
102000144,82,598,-516
102000145,182,476,-294
102000146,189,337,-148
102000147,358,300,58
102000148,189,287,-98
102000149,129,811,-682
102000150,135,245,-110
102000151,94,439,-345
102000152,70,148,-78
102000153,766,240,526
102000154,364,592,-228
102000155,83,229,-146
102000156,261,51,210
102000157,76,127,-51
102000158,230,158,72
102000159,1798,133,1665
102000161,5315,1143,4172
102000162,210,116,94
102000163,124,372,-248
102000164,1512,702,810
102000165,180,116,64
102000166,13,77,-64
102000167,175,187,-12
102000168,130,137,-7
102000169,65,344,-279
102000170,777,117,660
102000171,112,94,18
102000172,19,201,-182
102000173,220,242,-22
102000174,19,87,-68
102000175,120,246,-126
102000176,17,69,-52
102000178,264,726,-462
102000179,216,231,-15
102000180,349,735,-386
102000181,195,911,-716
102000182,334,862,-528
102000183,874,2298,-1424
102000184,883,1216,-333
102000185,1322,2011,-689
102000186,582,2385,-1803
102000187,341,2485,-2144
102000188,421,1949,-1528
102000189,4041,1113,2928
102000190,905,2646,-1741
102000191,1471,689,782
102000192,684,1044,-360
102000193,20,184,-164
102000194,58,142,-84
102000195,243,652,-409
102000196,65,606,-541
102000197,230,593,-363
102000198,97,1172,-1075
102000199,248,530,-282
102000200,184,1441,-1257
102000201,266,578,-312
102000202,1,149,-148
102000203,129,427,-298
102000204,184,1356,-1172
102000205,481,1275,-794
102000206,365,962,-597
102000207,510,597,-87
102000208,167,761,-594
102000209,64,89,-25
102000210,168,711,-543
102000211,197,656,-459
102000212,97,18,79
102000213,0,485,-485
102000214,115,20,95
102000215,3,771,-768
102000216,24,29,-5
102000217,13,248,-235
102000218,122,49,73
102000219,395,406,-11
102000225,932,860,72
102000226,10114,501,9613
102000227,65,2,63
102000228,1,115,-114
102000229,7,29,-22
102000230,271,811,-540
102000231,209,576,-367
102000232,11,171,-160
102000233,309,620,-311
102000234,85,2031,-1946
102000236,333,72,261
102000237,286,186,100
102000238,97,297,-200
102000240,783,523,260
102000241,247,67,180
102000243,18,79,-61
102000245,23,112,-89
102000246,49,40,9
102000247,709,938,-229
102000248,184,386,-202
102000249,86,199,-113
102000250,40,497,-457
102000254,50,736,-686
102000266,41,162,-121
102000271,10,0,10
102000286,512,366,146
102000297,1360,962,398
102000301,0,0,0
102000303,0,0,0
102000305,0,0,0
102000307,0,6,-6
102000308,0,11,-11
102900001,1019,1082,-63
102900002,354,54,300
102900003,15,344,-329
102900005,134,331,-197
102900006,382,269,113
102900007,419,40,379
102900008,201,78,123
102900009,378,107,271
102900010,760,500,260
102900011,2419,259,2160
102900012,395,62,333
102900013,14,100,-86
102900015,828,169,659
102900016,38,175,-137
102900017,58,827,-769
102900018,10,167,-157
102900019,152,516,-364
102900020,70,42,28
102900021,8,137,-129
102900022,284,71,213
102900023,16,59,-43
102900024,19,59,-40
102900025,331,98,233
102900026,650,1116,-466
102900027,47,61,-14
102900028,120,336,-216
102900029,102,131,-29
102900030,213,172,41
102900031,79,169,-90
102900032,14,133,-119
102900033,30,129,-99
102900034,142,184,-42
102900035,43,581,-538
102900036,75,895,-820
102900037,241,945,-704
102900038,424,586,-162
102900039,14,297,-283
102900040,92,222,-130
102900041,57,204,-147
102900042,157,395,-238
102900043,95,267,-172
102900044,435,2180,-1745
102900045,49,560,-511
102900046,55,475,-420
102900047,51,992,-941
102900048,385,786,-401
102900049,51,424,-373
102900050,304,412,-108
102900051,133,216,-83
102900052,33,30,3
102900053,232,758,-526
102900054,1045,705,340
102900055,63,110,-47
102900056,126,484,-358
102900057,0,16,-16
102900058,309,63,246
102900059,5,42,-37
102900060,45,459,-414
102900061,70,504,-434
102900062,59,1961,-1902
102900063,459,408,51
102900064,213,337,-124
102900065,1783,889,894
102900066,344,36,308
102900068,57,90,-33
102900070,152,887,-735
102900072,14,28,-14
102900073,133,8,125
102900074,167,122,45
102900075,6,7,-1
102900076,219,31,188
102900077,17,31,-14
102900078,39,89,-50
102900079,221,18,203
102900080,230,27,203
102900081,94,291,-197
102900082,7,284,-277
102900083,284,6,278
102900084,3,19,-16
102900085,55,49,6
102900086,3,16,-13
102900087,71,142,-71
102900088,15,51,-36
102900089,243,151,92
102900090,4,675,-671
102900091,53,5,48
102900092,97,1364,-1267
102900093,199,209,-10
102900094,2,53,-51
102900095,68,7,61
102900096,15,8,7
102900097,4,157,-153
103000001,1778,2617,-839
103000002,1595,1789,-194
103000003,2911,2458,453
103000004,1095,723,372
103000005,1958,2018,-60
103000006,550,1202,-652
103000007,371,930,-559
103000008,784,1200,-416
103000009,533,810,-277
103000010,155,115,40
103000011,1874,1037,837
103000012,793,1047,-254
103000013,8215,2039,6176
103000014,1263,1235,28
103000015,2896,925,1971
103000016,495,650,-155
103000017,91,265,-174
103000018,1202,442,760
103000019,138,147,-9
103000020,1401,1399,2
103000021,903,1118,-215
103000022,823,1276,-453
103000023,369,964,-595
103000024,140,175,-35
103000025,82,285,-203
103000026,2258,123,2135
103000027,303,272,31
103000028,943,329,614
103000029,632,142,490
103000030,2361,575,1786
103000031,1465,961,504
103000032,2025,1862,163
103000033,2804,2464,340
103000034,2288,857,1431
103000035,553,717,-164
103000036,481,446,35
103000037,839,454,385
103000038,656,782,-126
103000039,103,606,-503
103000040,195,1451,-1256
103000041,1553,3803,-2250
103000042,440,880,-440
103000043,298,1671,-1373
103000044,115,350,-235
103000046,190,331,-141
103000047,389,910,-521
103000048,96,127,-31
103000049,86,226,-140
103000050,315,727,-412
103000051,230,481,-251
103000052,768,486,282
103000053,110,419,-309
103000054,1365,1057,308
103000055,1161,1655,-494
103000056,502,2588,-2086
103000057,432,367,65
103000058,253,1123,-870
103000059,296,874,-578
103000060,707,907,-200
103000061,318,902,-584
103000062,734,981,-247
103000063,488,752,-264
103000064,96,334,-238
103000065,3,331,-328
103000066,50,10,40
103000069,70,501,-431
103000070,511,1595,-1084
103000071,515,373,142
103000072,55,1226,-1171
103000073,209,115,94
103000074,285,80,205
103000075,120,1150,-1030
103000076,154,91,63
103000077,34,511,-477
103000078,1089,204,885
103000079,1770,405,1365
103000080,914,153,761
103000081,514,623,-109
103000082,237,142,95
103000083,82,477,-395
103000084,80,4,76
103000085,2,122,-120
103000086,456,242,214
103000087,75,383,-308
103000088,231,379,-148
103000089,140,206,-66
103000090,1167,986,181
103000091,439,538,-99
103000092,141,283,-142
103000093,268,651,-383
103000094,68,101,-33
103000095,17,466,-449
103000096,551,87,464
103000097,45,762,-717
103000098,912,107,805
103000099,329,614,-285
103000100,43,1016,-973
103000101,291,230,61
103000102,106,717,-611
103000103,409,319,90
103000104,21,211,-190
103000105,46,160,-114
103000106,5,103,-98
103000107,339,75,264
103000108,463,648,-185
103000109,305,284,21
103000110,311,445,-134
103000111,442,404,38
103000112,227,279,-52
103000113,318,605,-287
103000114,512,362,150
103000115,304,453,-149
103000116,310,455,-145
103000117,119,431,-312
103000118,1252,1262,-10
103000119,2068,771,1297
103000120,69,101,-32
103000121,274,681,-407
103000122,209,230,-21
103000125,6,772,-766
103000126,214,3,211
103000127,3,451,-448
103000128,70,2,68
103000129,3,250,-247
103000130,27,14,13
103000131,302,133,169
103000132,87,108,-21
103000133,10,478,-468
103000134,566,413,153
103000135,1080,257,823
103000136,780,315,465
103000137,422,609,-187
103000138,789,593,196
103000139,0,41,-41
103000140,101,27,74
103000141,30,109,-79
103000142,149,65,84
103000143,20,286,-266
103000144,111,86,25
103000145,22,85,-63
103000150,99,56,43
103000152,168,233,-65
103000153,74,173,-99
103000156,6,828,-822
103000157,177,3,174
103000159,113,139,-26
103000162,75,8,67
103000163,13,17,-4
103000164,8,14,-6
103000165,107,541,-434
103000166,74,164,-90
103000167,94,137,-43
103000168,28,206,-178
103000169,150,207,-57
103000170,559,577,-18
103000171,34,62,-28
103000172,159,424,-265
103000173,155,1076,-921
103000174,165,311,-146
103000175,137,638,-501
103000176,737,268,469
103000177,969,479,490
103000178,458,219,239
103000179,64,28,36
103000183,29,38,-9
103000185,41,99,-58
103000186,56,176,-120
103000187,179,883,-704
103000188,6,146,-140
103000189,531,1055,-524
103000191,664,825,-161
103000292,3338,691,2647
103000293,2080,756,1324
103000295,72,61,11
103000296,125,3,122
103000297,157,15,142
103000504,68,14,54
103000505,8,12,-4
103000506,1,276,-275
103000507,73,1,72
103000508,46,20,26
103000509,165,566,-401
103900001,3,598,-595
103900002,2182,166,2016
103900003,2000,101,1899
103900004,8,2,6
103900005,0,315,-315
103900006,0,1,-1
103900007,12,22,-10
103900008,4,0,4
103900009,89,273,-184
103900010,100,312,-212
103900011,62,315,-253
103900012,6,7,-1
103900013,19,96,-77
103900014,42,43,-1
103900015,16,40,-24
103900016,180,345,-165
103900017,20,128,-108
103900018,858,177,681
103900019,48,154,-106
103900020,82,217,-135
103900021,1158,43,1115
103900022,702,685,17
103900023,43,0,43
103900024,87,811,-724
103900025,0,51,-51
103900026,4,0,4
103900027,208,278,-70
103900028,16,241,-225
103900029,618,110,508
103900030,71,20,51
103900031,7,0,7
103900032,27,31,-4
103900033,32,10,22
103900034,18,260,-242
103900035,31,78,-47
103900036,27,12,15
103900037,26,10,16
103900038,85,66,19
103900039,7,538,-531
103900040,2,265,-263
103900041,8,17,-9
103900042,13,556,-543
103900043,75,203,-128
103900044,294,80,214
103900045,145,213,-68
103900047,45,66,-21
103900048,37,7,30
103900049,212,1210,-998
103900050,2,109,-107
103900051,0,41,-41
103900052,73,928,-855
103900053,47,1363,-1316
103900054,44,875,-831
103900055,164,215,-51
103900056,13,71,-58
103900057,7,353,-346
103900058,69,870,-801
103900059,0,1,-1
103900060,19,233,-214
103900061,29,70,-41
103900062,51,50,1
103900063,1,0,1
103900064,19,5,14
103900065,794,295,499
103900066,34,3,31
103900067,34,6,28
103900068,0,1,-1
103900069,58,19,39
103900070,112,278,-166
103900071,24,200,-176
103900072,8,421,-413
103900073,13,11,2
103900074,15,130,-115
103900075,135,171,-36
103900076,168,827,-659
103900077,101,27,74
103900078,60,167,-107
103900079,55,256,-201
103900080,16,43,-27
103900081,88,6,82
103900082,0,113,-113
103900083,2299,218,2081
103900084,14,141,-127
103900085,76,91,-15
103900086,203,350,-147
103900087,32,196,-164
103900088,500,186,314
103900089,62,145,-83
103900090,1,238,-237
103900091,879,257,622
103900092,209,548,-339
103900093,96,532,-436
103900094,6,220,-214
103900095,168,172,-4
103900096,5,371,-366
103900097,1,631,-630
103900098,104,76,28
103900099,18,340,-322
103900100,88,387,-299
103900101,56,889,-833
103900102,1,46,-45
103900104,2,25,-23
103900105,78,213,-135
103900106,0,28,-28
103900107,51,239,-188
103900108,22,725,-703
103900109,31,72,-41
103900110,172,35,137
103900111,35,986,-951
103900112,14,47,-33
103900113,171,181,-10
103900114,550,384,166
103900115,228,64,164
103900116,8131,862,7269
103900117,273,140,133
103900119,36,35,1
103900120,15,77,-62
103900122,32,426,-394
103900123,1773,572,1201
103900124,45,796,-751
103900125,53,80,-27
103900126,158,557,-399
103900127,113,1130,-1017
103900128,31,305,-274
103900131,6,205,-199
103900133,833,20,813
103900134,0,2,-2
103900135,14,13,1
103900137,1,48,-47
103900138,20,543,-523
103900139,134,796,-662
103900140,2,19,-17
103900141,277,103,174
103900142,27,246,-219
103900143,16,10,6
103900144,0,96,-96
103900145,131,413,-282
103900146,258,386,-128
103900147,131,119,12
103900148,71,252,-181
103900149,43,904,-861
103900150,8416,1398,7018
103900151,31,132,-101
103900152,104,877,-773
103900153,3,0,3
103900154,1867,655,1212
103900155,12,267,-255
103900156,11,177,-166
103900157,11,288,-277
103900158,24,271,-247
103900159,19,83,-64
103900160,27,27,0
103900161,59,168,-109
103900162,51,286,-235
103900163,3,350,-347
103900167,4,64,-60
103900168,39,139,-100
103900169,11,24,-13
103900170,0,114,-114
103900171,4,77,-73
103900172,8,35,-27
103900173,1,6,-5
103900174,39,91,-52
103900175,56,36,20
103900176,7,11,-4
103900177,12,50,-38
103900178,14,102,-88
103900179,14,245,-231
103900180,5,106,-101
103900181,40,39,1
103900182,25,7,18
103900184,625,30,595
103900185,274,88,186
103900187,94,37,57
103900188,22,14,8
103900189,62,6,56
103900190,22,35,-13
103900191,5,66,-61
103900192,15,86,-71
103900193,148,95,53
103900194,47,411,-364
103900195,2,37,-35
103900196,21,17,4
103900197,26,45,-19
103900198,6,67,-61
103900199,62,103,-41
103900200,96,190,-94
103900201,45,228,-183
103900202,10,51,-41
103900203,21,20,1
103900204,0,172,-172
103900207,1,253,-252
103900208,15,3,12
103900209,0,119,-119
103900210,16,24,-8
103900211,235,818,-583
103900212,51,563,-512
103900213,68,227,-159
103900214,136,95,41
103900215,703,257,446
103900216,9,581,-572
103900217,253,42,211
103900218,0,211,-211
103900219,31,340,-309
103900233,54,2,52
103900235,7,10,-3
103900236,8,0,8
103900242,2,11,-9
103900243,27,11,16
103900244,36,365,-329
103900245,31,280,-249
103900246,25,23,2
103900247,27,113,-86
103900248,0,10,-10
103900249,3,14,-11
103900250,17,11,6
103900251,0,32,-32
103900253,25,21,4
103900254,5,8,-3
103900255,6,6,0
103900256,8,7,1
103900257,57,52,5
103900258,10,3,7
103900259,78,1,77
103900261,1,0,1
103900262,6,0,6
103900263,17,9,8
103900264,79,12,67
103900265,35,9,26
103900266,0,33,-33
103900267,4,66,-62
103900268,2,128,-126
103900269,67,254,-187
103900270,17,181,-164
103900271,3,42,-39
104000001,1684,2407,-723
104000002,1718,2765,-1047
104000003,2413,2550,-137
104000004,4110,2452,1658
104000005,810,1854,-1044
104000006,2585,3014,-429
104000007,3601,3327,274
104000008,219,529,-310
104000009,97,140,-43
104000010,76,156,-80
104000011,990,663,327
104000012,142,637,-495
104000013,77,138,-61
104000014,181,819,-638
104000015,199,207,-8
104000016,330,489,-159
104000018,430,154,276
104000019,368,82,286
104000020,184,1159,-975
104000021,252,1004,-752
104000022,132,429,-297
104000023,371,362,9
104000024,163,382,-219
104000026,21,313,-292
104000027,194,482,-288
104000028,278,243,35
104000029,347,681,-334
104000030,105,239,-134
104000031,434,286,148
104000032,150,448,-298
104000033,254,382,-128
104000034,267,505,-238
104000035,387,573,-186
104000036,308,751,-443
104000037,210,376,-166
104000038,203,271,-68
104000039,172,585,-413
104000040,469,698,-229
104000041,394,355,39
104000042,203,590,-387
104000043,263,516,-253
104000044,258,1110,-852
104000045,591,1544,-953
104000046,1596,1987,-391
104000047,636,1666,-1030
104000048,1299,2690,-1391
104000049,295,316,-21
104000050,222,653,-431
104000051,46,843,-797
104000052,834,1632,-798
104000053,563,726,-163
104000054,427,753,-326
104000055,4199,3672,527
104000056,2419,239,2180
104000057,97,601,-504
104000058,379,783,-404
104000059,253,1197,-944
104000060,416,1058,-642
104000061,1134,1570,-436
104000062,144,200,-56
104000064,810,338,472
104000065,130,350,-220
104000069,1328,528,800
104000070,46,391,-345
104000071,159,486,-327
104000072,913,308,605
104000075,66,243,-177
104000076,461,165,296
104000082,1903,2261,-358
104000083,692,302,390
104000084,69,456,-387
104000085,192,270,-78
104000086,140,398,-258
104000087,608,959,-351
104000090,437,1888,-1451
104000092,410,3343,-2933
104000094,527,2780,-2253
104000095,1095,1443,-348
104000096,859,566,293
104000097,949,1275,-326
104000098,890,1641,-751
104000100,829,813,16
104000101,823,3002,-2179
104000106,89,531,-442
104000107,487,707,-220
104000108,401,680,-279
104000109,278,50,228
104000110,952,898,54
104000111,6656,1449,5207
104000112,2851,540,2311
104000116,3,1740,-1737
104000117,68,1285,-1217
104000118,210,309,-99
104000119,373,256,117
104000120,213,1399,-1186
104000121,152,829,-677
104000122,411,805,-394
104000123,986,1731,-745
104000124,2179,3119,-940
104000125,6229,2528,3701
104000126,270,647,-377
104000127,1940,5009,-3069
104000128,903,557,346
104000129,558,25,533
104000130,15,242,-227
104000131,1105,812,293
104000132,632,1244,-612
104000133,931,808,123
104000134,892,1310,-418
104000135,432,819,-387
104000136,1010,1913,-903
104000137,2448,253,2195
104000138,1559,296,1263
104000139,12684,3591,9093
104000141,1717,2507,-790
104000142,579,1531,-952
104000143,379,1196,-817
104000144,31,200,-169
104000145,316,170,146
104000146,530,629,-99
104000147,101,424,-323
104000148,176,109,67
104000149,188,588,-400
104000150,433,447,-14
104000151,228,873,-645
104000152,364,1104,-740
104000153,146,416,-270
104000154,1248,1084,164
104000155,282,430,-148
104000157,1373,2397,-1024
104000158,173,300,-127
104000159,392,355,37
104000160,1712,1336,376
104000161,200,153,47
104000162,33,130,-97
104000165,1237,1121,116
104000167,340,443,-103
104000168,393,69,324
104000169,28,50,-22
104000170,1208,250,958
104000248,126,1029,-903
104000251,73,470,-397
104000272,0,0,0
104000273,0,0,0
104000274,0,0,0
104000275,0,0,0
104000279,829,549,280
104000290,32,403,-371
104000291,540,1023,-483
104000293,460,782,-322
104000294,10,0,10
104000295,346,783,-437
104000296,253,864,-611
104000297,880,1561,-681
104000298,2289,1031,1258
104000299,478,1249,-771
104900001,62,487,-425
104900002,20,76,-56
104900003,39,531,-492
104900004,45,575,-530
104900005,137,138,-1
104900006,89,38,51
104900007,142,267,-125
104900009,63,683,-620
104900010,16,11,5
104900011,2,1,1
104900012,52,1,51
104900013,36,1,35
104900014,5077,334,4743
104900015,41,0,41
104900016,63,372,-309
104900017,16,231,-215
104900018,5,371,-366
104900019,414,870,-456
104900020,41,507,-466
104900021,1,364,-363
104900022,12,108,-96
104900023,1,155,-154
104900024,18,94,-76
104900025,54,520,-466
104900026,0,120,-120
104900027,185,195,-10
104900028,36,124,-88
104900029,30,103,-73
104900030,308,156,152
104900031,143,191,-48
104900032,53,216,-163
104900033,67,131,-64
104900034,223,83,140
104900035,89,93,-4
104900036,42,54,-12
104900037,58,299,-241
104900038,802,453,349
104900039,896,95,801
104900040,79,91,-12
104900041,84,109,-25
104900042,95,474,-379
104900043,4,20,-16
104900044,178,203,-25
104900045,154,31,123
104900046,46,193,-147
104900047,101,147,-46
104900048,121,117,4
104900049,8,2,6
104900050,52,151,-99
104900051,54,44,10
104900052,8,1,7
104900053,290,33,257
104900054,176,22,154
104900055,16,0,16
104900056,78,1,77
104900057,16,2,14
104900058,957,91,866
104900059,20,30,-10
104900060,2,471,-469
104900061,293,801,-508
104900063,0,167,-167
104900064,0,105,-105
104900065,1,104,-103
104900066,2,263,-261
104900067,4,292,-288
104900068,24,338,-314
104900070,53,385,-332
104900071,4,920,-916
104900072,33,277,-244
104900073,19,382,-363
104900074,29,273,-244
104900075,30,107,-77
104900076,83,601,-518
104900077,1471,53,1418
104900078,69,1239,-1170
104900079,106,137,-31
104900080,30,772,-742
104900082,9,330,-321
104900085,1,342,-341
104900087,306,1,305
104900089,28,0,28
104900090,280,366,-86
104900091,533,1131,-598
104900093,164,725,-561
104900097,3785,1123,2662
104900098,37,38,-1
104900099,63,374,-311
104900100,1047,253,794
104900102,25,346,-321
104900103,567,107,460
104900104,4337,1085,3252
104900106,29,163,-134
104900107,25,420,-395
104900108,14,399,-385
104900109,38,232,-194
104900110,13,71,-58
104900111,70,135,-65
104900112,110,1167,-1057
104900113,338,451,-113
104900114,167,1026,-859
104900115,302,701,-399
104900116,88,419,-331
104900118,11,110,-99
104900119,0,34,-34
104900120,109,42,67
104900121,0,126,-126
104900122,1,75,-74
104900123,12,4,8
104900124,6,0,6
104900125,383,5,378
104900126,144,68,76
104900127,25,15,10
104900128,52,133,-81
104900129,3301,722,2579
105000001,1662,1870,-208
105000002,1469,1937,-468
105000003,2105,4263,-2158
105000004,441,1209,-768
105000005,529,1184,-655
105000006,756,1429,-673
105000007,559,1123,-564
105000008,616,1404,-788
105000009,921,2345,-1424
105000010,2900,2767,133
105000011,1476,1657,-181
105000012,3832,3837,-5
105000013,556,849,-293
105000014,929,1735,-806
105000015,7202,4682,2520
105000016,3428,2088,1340
105000017,1361,1297,64
105000018,1274,855,419
105000019,1368,1050,318
105000020,116,283,-167
105000021,272,152,120
105000022,91,34,57
105000023,357,254,103
105000028,46,168,-122
105000029,329,759,-430
105000030,4051,4216,-165
105000033,953,2569,-1616
105000034,105,503,-398
105000037,520,704,-184
105000038,1549,918,631
105000039,4129,2558,1571
105000040,694,563,131
105000041,770,1967,-1197
105000042,2225,961,1264
105000043,2669,3262,-593
105000044,213,301,-88
105000045,247,1209,-962
105000046,375,381,-6
105000047,436,1982,-1546
105000048,264,219,45
105000049,225,1150,-925
105000050,260,297,-37
105000051,205,725,-520
105000052,304,1053,-749
105000053,92,237,-145
105000054,123,1089,-966
105000055,240,464,-224
105000056,798,2921,-2123
105000057,1003,1381,-378
105000058,1856,1691,165
105000059,448,457,-9
105000060,436,735,-299
105000061,239,393,-154
105000062,858,1243,-385
105000063,252,863,-611
105000064,499,665,-166
105000065,292,1156,-864
105000066,787,2598,-1811
105000067,546,538,8
105000068,483,1174,-691
105000069,2869,654,2215
105000070,804,849,-45
105000071,165,331,-166
105000072,519,626,-107
105000073,613,501,112
105000074,928,1170,-242
105000075,481,991,-510
105000076,968,1320,-352
105000077,1893,905,988
105000078,1514,1083,431
105000079,1600,1665,-65
105000080,1554,989,565
105000081,738,730,8
105000082,450,393,57
105000083,837,771,66
105000084,382,1297,-915
105000085,930,920,10
105000086,391,1020,-629
105000087,2387,2079,308
105000088,1284,1160,124
105000089,3366,3094,272
105000090,1175,1214,-39
105000091,2191,2792,-601
105000092,597,1525,-928
105000093,297,213,84
105000094,195,195,0
105000095,65,420,-355
105000096,893,615,278
105000097,1070,648,422
105000098,421,450,-29
105000099,506,985,-479
105000100,746,1328,-582
105000101,1537,2451,-914
105000102,1228,1718,-490
105000103,1267,2681,-1414
105000104,1124,1094,30
105000105,773,2061,-1288
105000106,818,1561,-743
105000107,567,974,-407
105000108,868,1958,-1090
105000109,828,1826,-998
105000110,462,966,-504
105000111,309,578,-269
105000112,762,994,-232
105000113,232,458,-226
105000114,4023,967,3056
105000115,223,601,-378
105000116,400,513,-113
105000117,620,1834,-1214
105000118,166,475,-309
105000119,349,1427,-1078
105000120,383,771,-388
105000121,540,1248,-708
105000122,212,517,-305
105000123,1078,1804,-726
105000124,1280,1085,195
105000125,568,2020,-1452
105000126,1407,2225,-818
105000127,1571,2171,-600
105000128,379,1415,-1036
105000129,553,301,252
105000130,65,951,-886
105000131,432,445,-13
105000132,571,426,145
105000133,264,1311,-1047
105000134,390,679,-289
105000135,318,875,-557
105000136,70,442,-372
105000137,170,274,-104
105000138,194,444,-250
105000139,845,1391,-546
105000140,116,557,-441
105000141,144,782,-638
105000142,79,598,-519
105000143,219,737,-518
105000144,171,748,-577
105000145,491,650,-159
105000146,507,753,-246
105000147,496,393,103
105000148,1096,530,566
105000149,1498,1424,74
105000150,2469,1708,761
105000151,275,288,-13
105000152,142,736,-594
105000153,447,387,60
105000154,688,982,-294
105000155,260,433,-173
105000156,1083,840,243
105000157,1378,1975,-597
105000158,1689,758,931
105000159,350,1375,-1025
105000160,1062,614,448
105000161,785,2360,-1575
105000162,336,1111,-775
105000163,1199,1461,-262
105000164,224,395,-171
105000165,1654,3060,-1406
105000166,8918,256,8662
105000167,3155,990,2165
105000168,115,1018,-903
105000169,181,632,-451
105000170,59,1235,-1176
105000171,1024,384,640
105000172,22,64,-42
105000173,28,45,-17
105000174,36,20,16
105000175,66,185,-119
105000176,88,66,22
105000177,51,139,-88
105000178,104,917,-813
105000179,113,182,-69
105000180,71,153,-82
105000181,37,530,-493
105000182,22,114,-92
105000183,3045,1442,1603
105000184,1383,881,502
105000185,1078,531,547
105000186,396,1132,-736
105000187,547,308,239
105000188,174,144,30
105000189,125,648,-523
105000190,117,311,-194
105000191,196,506,-310
105000192,81,59,22
105000193,49,173,-124
105000194,104,60,44
105000195,235,1670,-1435
105000196,16,67,-51
105000197,182,991,-809
105000198,456,285,171
105000199,142,140,2
105000200,69,238,-169
105000201,49,7,42
105000203,4,298,-294
105000204,48,77,-29
105000205,70,238,-168
105000207,787,317,470
105000208,258,300,-42
105000209,165,528,-363
105000212,705,1818,-1113
105000213,269,157,112
105000214,49,261,-212
105000215,129,320,-191
105000216,36,611,-575
105000217,179,416,-237
105000218,447,1218,-771
105000221,70,382,-312
105000222,44,46,-2
105000223,86,236,-150
105000226,27,484,-457
105000227,26,337,-311
105000228,179,625,-446
105000229,36,180,-144
105000231,103,190,-87
105000233,481,525,-44
105000234,522,1468,-946
105000235,154,433,-279
105000237,406,56,350
105000243,13,228,-215
105000248,80,32,48
105000262,128,2116,-1988
105000269,59,166,-107
105000270,210,166,44
105000271,3,356,-353
105000282,62,54,8
105000287,324,138,186
105000288,303,409,-106
105000289,634,719,-85
105000290,8,6,2
105000402,5438,1397,4041
105000426,367,546,-179
105000438,502,554,-52
105000446,14041,5110,8931
105000447,8783,2911,5872
105000454,146,1167,-1021
105000455,278,252,26
105000474,3,0,3
105000477,120,384,-264
105000478,919,1508,-589
105000479,81,125,-44
105000480,1404,1595,-191
105000481,1632,1747,-115
105000482,4341,3073,1268
105000483,841,993,-152
105000484,2261,2955,-694
105000485,929,1164,-235
105000486,3133,2582,551
105000488,2804,2840,-36
105000489,410,706,-296
105000549,24,112,-88
105000550,423,1191,-768
105000551,16,116,-100
105000552,3784,2418,1366
105900001,5,821,-816
105900002,1797,368,1429
105900003,13,67,-54
105900004,350,122,228
105900005,0,235,-235
105900006,5,23,-18
105900007,55,16,39
105900008,26,889,-863
105900009,6,13,-7
105900011,111,73,38
105900012,308,198,110
105900013,3,15,-12
105900014,2,83,-81
105900015,123,333,-210
105900016,130,812,-682
105900017,467,58,409
105900018,216,241,-25
105900019,31,784,-753
105900020,14,58,-44
105900021,14,621,-607
105900022,141,359,-218
105900023,4,269,-265
105900024,3,393,-390
105900025,20,44,-24
105900026,144,32,112
105900027,6424,3025,3399
105900028,35,157,-122
105900029,2298,389,1909
105900030,149,297,-148
105900031,370,195,175
105900032,47,145,-98
105900033,27,125,-98
105900034,125,201,-76
105900035,200,187,13
105900036,20,122,-102
105900037,73,95,-22
105900038,77,295,-218
105900039,23,156,-133
105900040,32,136,-104
105900041,149,412,-263
105900042,23,104,-81
105900043,1788,85,1703
105900044,5,121,-116
105900045,2,620,-618
105900046,2,192,-190
105900047,8,36,-28
105900048,43,531,-488
105900050,1934,809,1125
105900051,6,1590,-1584
105900052,247,43,204
105900053,4614,1040,3574
105900054,264,300,-36
105900056,1181,154,1027
105900057,22,288,-266
105900058,4,26,-22
105900059,0,25,-25
106000001,3196,1093,2103
106000002,2871,3485,-614
106000003,2487,1934,553
106000004,2421,2245,176
106000005,1828,4363,-2535
106000006,5952,4610,1342
106000007,414,567,-153
106000008,286,300,-14
106000009,408,333,75
106000010,372,586,-214
106000011,411,987,-576
106000012,599,1898,-1299
106000013,1179,1863,-684
106000014,1958,1913,45
106000015,802,1159,-357
106000016,1108,2450,-1342
106000017,568,644,-76
106000018,475,702,-227
106000019,173,462,-289
106000020,135,528,-393
106000021,204,525,-321
106000022,238,371,-133
106000023,360,383,-23
106000024,398,964,-566
106000025,84,179,-95
106000026,165,394,-229
106000027,552,1079,-527
106000028,413,983,-570
106000029,741,1904,-1163
106000030,956,271,685
106000034,142,567,-425
106000035,603,837,-234
106000036,418,320,98
106000037,1417,1460,-43
106000038,474,72,402
106000039,146,26,120
106000040,141,598,-457
106000041,774,245,529
106000043,488,70,418
106000046,281,41,240
106000047,32,363,-331
106000049,337,107,230
106000050,194,926,-732
106000051,281,348,-67
106000052,80,766,-686
106000053,98,96,2
106000054,321,547,-226
106000055,473,638,-165
106000056,246,591,-345
106000057,124,138,-14
106000058,121,227,-106
106000059,117,259,-142
106000060,513,686,-173
106000061,117,355,-238
106000062,154,576,-422
106000063,365,369,-4
106000064,25,455,-430
106000065,138,122,16
106000066,75,462,-387
106000067,156,53,103
106000068,43,757,-714
106000069,86,86,0
106000070,377,917,-540
106000071,518,255,263
106000072,5063,1297,3766
106000073,1569,1644,-75
106000074,190,541,-351
106000075,177,936,-759
106000076,913,1600,-687
106000077,2340,1175,1165
106000078,459,821,-362
106000079,328,996,-668
106000080,618,942,-324
106000081,443,990,-547
106000082,1974,1108,866
106000083,303,1056,-753
106000084,521,589,-68
106000085,1442,1008,434
106000086,441,557,-116
106000087,475,548,-73
106000088,272,849,-577
106000089,427,516,-89
106000090,234,727,-493
106000091,229,770,-541
106000092,367,180,187
106000093,260,77,183
106000094,99,392,-293
106000095,285,1330,-1045
106000096,416,836,-420
106000097,459,1748,-1289
106000098,269,1207,-938
106000099,118,1133,-1015
106000100,384,345,39
106000101,419,341,78
106000102,85,657,-572
106000103,206,722,-516
106000104,370,455,-85
106000105,313,1148,-835
106000106,339,538,-199
106000107,40,518,-478
106000108,110,397,-287
106000109,57,430,-373
106000110,107,307,-200
106000111,97,736,-639
106000112,99,357,-258
106000113,1284,763,521
106000114,454,321,133
106000115,148,661,-513
106000116,111,265,-154
106000117,854,853,1
106000118,784,967,-183
106000119,2494,1257,1237
106000120,677,573,104
106000121,67,218,-151
106000122,50,381,-331
106000123,132,343,-211
106000124,26,408,-382
106000125,8,360,-352
106000126,78,204,-126
106000127,231,1056,-825
106000128,241,303,-62
106000129,247,838,-591
106000130,351,377,-26
106000131,64,506,-442
106000132,862,169,693
106000133,4543,829,3714
106000134,651,532,119
106000135,131,865,-734
106000136,394,383,11
106000137,57,1798,-1741
106000138,471,55,416
106000139,22,124,-102
106000140,34,131,-97
106000141,20,162,-142
106000142,24,64,-40
106000143,17,154,-137
106000144,18,50,-32
106000145,100,549,-449
106000146,108,227,-119
106000147,321,537,-216
106000148,770,782,-12
106000149,379,425,-46
106000150,394,1671,-1277
106000151,4683,797,3886
106000152,1604,1058,546
106000153,54,1269,-1215
106000154,1497,220,1277
106000155,40,125,-85
106000156,344,345,-1
106000157,462,2007,-1545
106000158,3379,730,2649
106000159,5197,1255,3942
106000160,129,1290,-1161
106000161,1350,592,758
106000162,128,648,-520
106000163,175,685,-510
106000164,163,384,-221
106000165,91,913,-822
106000166,252,333,-81
106000167,146,1751,-1605
106000168,94,294,-200
106000169,61,1065,-1004
106000170,219,331,-112
106000171,69,979,-910
106000172,1733,875,858
106000173,577,2666,-2089
106000174,661,258,403
106000175,298,1229,-931
106000176,788,620,168
106000177,552,2528,-1976
106000178,2720,1366,1354
106000179,976,2231,-1255
106000180,794,2020,-1226
106000181,286,2370,-2084
106000182,331,757,-426
106000183,398,1165,-767
106000184,890,1120,-230
106000185,512,950,-438
106000186,961,188,773
106000187,217,747,-530
106000188,1,5,-4
106000189,2,49,-47
106000190,2,3,-1
106000191,628,199,429
106000192,0,28,-28
106000193,328,167,161
106000194,156,513,-357
106000195,755,85,670
106000196,172,335,-163
106000197,155,408,-253
106000198,112,418,-306
106000199,1016,728,288
106000200,482,180,302
106000201,539,887,-348
106000202,7818,562,7256
106000203,230,147,83
106000204,32,4,28
106000205,17,171,-154
106000206,37,7,30
106000207,53,1087,-1034
106000208,397,44,353
106000209,636,217,419
106000210,198,1592,-1394
106000211,365,1778,-1413
106000212,326,120,206
106000213,928,1081,-153
106000214,2704,420,2284
106000215,205,517,-312
106000216,215,346,-131
106000217,173,512,-339
106000218,282,396,-114
106000219,53,318,-265
106000220,258,300,-42
106000221,39,384,-345
106000222,31,216,-185
106000223,48,125,-77
106000224,115,392,-277
106000225,40,64,-24
106000226,111,351,-240
106000228,16,134,-118
106000229,49,976,-927
106000231,314,99,215
106000232,26,471,-445
106000233,307,95,212
106000234,56,268,-212
106000235,320,49,271
106000236,92,69,23
106000237,0,9,-9
106000238,9,3,6
106000239,5,57,-52
106000240,20,3,17
106000241,18,747,-729
106000242,123,7,116
106000249,8,73,-65
106000250,28,441,-413
106000251,45,24,21
106000252,24,149,-125
106000253,21,53,-32
106000254,24,77,-53
106000255,13,91,-78
106000256,67,138,-71
106000257,103,347,-244
106000258,124,6,118
106000259,0,34,-34
106000260,8,2,6
106000261,3,64,-61
106000262,23,4,19
106000263,2,103,-101
106000264,76,7,69
106000265,6,150,-144
106000266,82,19,63
106000267,11,117,-106
106000268,344,12,332
106000269,58,75,-17
106000270,183,452,-269
106000271,78,216,-138
106000272,62,82,-20
106000273,6,129,-123
106000274,149,53,96
106000275,91,235,-144
106000276,121,60,61
106000277,89,127,-38
106000278,138,66,72
106000279,3,76,-73
106000280,24,164,-140
106000281,48,80,-32
106000282,65,83,-18
106000283,64,107,-43
106000284,44,121,-77
106000285,75,162,-87
106000286,47,142,-95
106000287,51,141,-90
106000288,71,169,-98
106000289,36,110,-74
106000290,37,150,-113
106000291,41,121,-80
106000292,69,192,-123
106000293,67,109,-42
106000294,74,129,-55
106000295,27,57,-30
106000296,59,127,-68
106000297,63,171,-108
106000298,150,80,70
106000299,53,115,-62
106000300,47,76,-29
106000301,68,81,-13
106000303,8,81,-73
106000304,46,39,7
106000305,27,51,-24
106000306,65,89,-24
106000307,20,24,-4
106000308,43,235,-192
106000309,18,111,-93
106000310,151,569,-418
106000311,168,138,30
106000312,43,196,-153
106000313,53,252,-199
106000318,170,196,-26
106000319,312,22,290
106000320,2,32,-30
106000321,348,61,287
106000322,34,228,-194
106000324,3,185,-182
106000325,696,858,-162
106000326,726,2170,-1444
106000327,46,274,-228
106000328,0,123,-123
106000329,27,333,-306
106000330,27,55,-28
106000428,39,167,-128
106000429,115,553,-438
106000430,236,1729,-1493
106000431,522,267,255
106000432,1172,2787,-1615
106000433,831,651,180
106000434,2001,739,1262
106000435,2318,2634,-316
106000436,18,371,-353
106000437,152,22,130
106000438,378,99,279
106000439,75,537,-462
106000440,136,577,-441
106000441,0,0,0
106000442,39,3,36
106000443,51,725,-674
106000450,5,240,-235
106000451,14,14,0
106000454,5,35,-30
106000455,14,145,-131
106000456,64,25,39
106000457,6,1372,-1366
106000458,133,158,-25
106000459,23,589,-566
106000460,309,47,262
106000461,29,2551,-2522
106000462,0,9,-9
106000463,1,20,-19
106000464,5,724,-719
106000465,149,2,147
106000466,3,897,-894
106000467,509,590,-81
106000468,44,239,-195
106000469,240,11,229
106000470,238,1170,-932
106000471,20,819,-799
106000472,65,8,57
106000473,8,36,-28
106000474,219,847,-628
106000475,146,143,3
106000476,168,130,38
106000477,10,70,-60
106900001,0,10,-10
106900002,2,660,-658
106900003,237,762,-525
106900004,0,60,-60
106900006,0,20,-20
106900007,0,16,-16
106900008,81,351,-270
106900009,80,444,-364
106900010,88,334,-246
106900012,1896,913,983
106900013,184,23,161
106900014,10,0,10
106900015,12,1,11
106900016,73,0,73
106900017,1,0,1
106900018,3,0,3
106900019,17,1,16
106900020,2955,434,2521
106900021,11,27,-16
106900022,143,0,143
106900023,4,327,-323
106900024,155,5,150
106900025,61,620,-559
106900026,8,1024,-1016
106900027,157,2,155
107000001,1847,1412,435
107000002,2738,4217,-1479
107000003,3672,4579,-907
107000004,5875,7502,-1627
107000005,1379,2892,-1513
107000006,3303,8360,-5057
107000007,4735,4289,446
107000008,24149,14291,9858
107000009,3979,4223,-244
107000010,11462,14849,-3387
107000011,1004,1800,-796
107000012,4426,4332,94
107000013,51,207,-156
107000014,11,338,-327
107000015,292,1052,-760
107000016,323,1511,-1188
107000017,2324,891,1433
107000018,11,234,-223
107000020,1455,442,1013
107000021,692,1201,-509
107000022,701,1944,-1243
107000023,1035,454,581
107000024,336,2649,-2313
107000025,89,366,-277
107000026,129,886,-757
107000027,809,741,68
107000028,1174,1850,-676
107000029,1109,1284,-175
107000030,3436,4092,-656
107000031,1726,1465,261
107000032,273,895,-622
107000033,5353,4351,1002
107000034,6317,2523,3794
107000035,374,159,215
107000036,332,868,-536
107000037,57,585,-528
107000038,247,331,-84
107000039,369,472,-103
107000040,117,418,-301
107000041,1316,603,713
107000042,705,1694,-989
107000043,2953,806,2147
107000044,596,527,69
107000045,130,296,-166
107000046,352,332,20
107000047,298,899,-601
107000048,456,349,107
107000049,331,718,-387
107000050,550,494,56
107000051,466,305,161
107000052,865,595,270
107000053,240,104,136
107000054,56,253,-197
107000055,91,58,33
107000056,395,915,-520
107000057,1685,268,1417
107000058,1503,1692,-189
107000059,1967,2940,-973
107000060,2562,4544,-1982
107000061,5407,4462,945
107000062,1697,2841,-1144
107000063,3005,6809,-3804
107000064,2037,1865,172
107000065,3057,6975,-3918
107000066,1184,1853,-669
107000067,615,967,-352
107000068,1218,516,702
107000069,320,327,-7
107000070,221,12,209
107000071,773,12,761
107000072,42,4221,-4179
107000073,170,103,67
107000074,150,1218,-1068
107000075,581,128,453
107000076,830,2410,-1580
107000077,1338,349,989
107000078,1496,3869,-2373
107000079,1121,295,826
107000080,1006,4210,-3204
107000081,567,386,181
107000082,417,3467,-3050
107000083,604,195,409
107000084,384,3669,-3285
107000085,2817,3081,-264
107000086,4185,2901,1284
107000087,1802,2127,-325
107000088,2368,3439,-1071
107000089,1081,1721,-640
107000090,961,1278,-317
107000091,615,1182,-567
107000092,492,1378,-886
107000093,499,852,-353
107000094,555,1665,-1110
107000095,384,592,-208
107000096,473,1120,-647
107000097,222,215,7
107000098,198,740,-542
107000099,306,210,96
107000100,237,329,-92
107000101,45,145,-100
107000102,325,435,-110
107000103,214,142,72
107000104,204,420,-216
107000105,193,143,50
107000106,101,366,-265
107000107,306,144,162
107000108,73,1184,-1111
107000109,295,129,166
107000110,51,637,-586
107000111,101,42,59
107000112,33,428,-395
107000113,203,110,93
107000114,48,782,-734
107000115,156,60,96
107000116,68,1239,-1171
107000117,73,147,-74
107000118,76,310,-234
107000119,1885,846,1039
107000120,2544,387,2157
107000121,226,653,-427
107000122,649,932,-283
107000123,155,952,-797
107000124,254,942,-688
107000125,265,1038,-773
107000126,390,1527,-1137
107000129,125,497,-372
107000130,154,324,-170
107000131,350,673,-323
107000132,315,374,-59
107000133,486,200,286
107000134,141,4,137
107000135,1,246,-245
107000136,276,4,272
107000137,25,427,-402
107000138,245,6,239
107000139,11,329,-318
107000140,467,36,431
107000141,110,1057,-947
107000142,189,21,168
107000143,31,1109,-1078
107000144,300,138,162
107000145,122,643,-521
107000146,115,188,-73
107000147,2906,713,2193
107000150,1090,1403,-313
107000151,36,39,-3
107000152,470,350,120
107000153,365,233,132
107000154,158,42,116
107000155,730,22,708
107000156,644,14,630
107000157,17,3487,-3470
107000158,249,17,232
107000159,34,1880,-1846
107000160,341,73,268
107000161,70,2564,-2494
107000162,122,270,-148
107000163,10,0,10
107000164,87,0,87
107000165,188,3,185
107000166,50,1791,-1741
107000167,221,316,-95
107000168,416,252,164
107000169,914,1448,-534
107000170,760,485,275
107000171,770,3670,-2900
107000172,555,620,-65
107000173,1040,1574,-534
107000174,1110,1675,-565
107000175,14228,1978,12250
107000176,1,0,1
107000177,0,0,0
107000178,2,56,-54
107000179,225,3779,-3554
107000180,596,1074,-478
107000181,157,1660,-1503
107000182,579,827,-248
107000183,62,1254,-1192
107000184,293,839,-546
107000185,144,1601,-1457
107000186,337,348,-11
107000187,1095,1303,-208
107000188,349,366,-17
107000189,295,1013,-718
107000190,291,689,-398
107000191,334,1017,-683
107000192,822,1043,-221
107000193,270,383,-113
107000194,729,827,-98
107000197,288,273,15
107000198,133,923,-790
107000199,702,968,-266
107000200,1040,509,531
107000201,265,324,-59
107000202,194,496,-302
107000203,645,522,123
107000204,673,662,11
107000205,2814,1334,1480
107000206,1136,904,232
107000207,410,625,-215
107000208,879,178,701
107000209,2557,402,2155
107000210,1784,220,1564
107000211,3,15,-12
107000212,10,163,-153
107000213,12,29,-17
107000214,22,102,-80
107000215,179,663,-484
107000216,91,531,-440
107000217,75,190,-115
107000219,47,158,-111
107000220,45,420,-375
107000222,313,821,-508
107000224,243,22,221
107000225,186,942,-756
107000226,124,86,38
107000227,79,753,-674
107000228,85,156,-71
107000229,255,114,141
107000230,1017,549,468
107000231,992,336,656
107000232,60,77,-17
107000233,502,237,265
107000234,0,9,-9
107000235,34,3,31
107000236,13,584,-571
107000237,4,1,3
107000238,2,4,-2
107000239,7251,356,6895
107000240,41,1655,-1614
107000241,116,15,101
107000242,689,80,609
107000243,0,50,-50
107000244,3,94,-91
107000246,1,1488,-1487
107000249,4,1073,-1069
107000251,5,447,-442
107000252,8,1828,-1820
107000255,697,74,623
107000257,8,853,-845
107000258,1,212,-211
107000259,3,316,-313
107000260,114,1,113
107000262,6,1155,-1149
107000263,71,1,70
107000266,5,0,5
107000267,83,267,-184
107000268,140,243,-103
107000269,154,49,105
107000270,0,13,-13
107000271,2,1420,-1418
107000272,8,356,-348
107000273,3,254,-251
107000274,783,383,400
107000275,64,961,-897
107000280,208,27,181
107000281,27,1595,-1568
107000282,10,1979,-1969
107000290,0,77,-77
107000291,8,8,0
107000292,0,30,-30
107000293,76,5,71
107000294,0,26,-26
107000295,39,5,34
107000296,0,9,-9
107000444,111,3,108
107000496,0,31,-31
107000497,1203,4317,-3114
107000500,202,428,-226
107000501,49,161,-112
107000502,106,452,-346
107000505,528,844,-316
107000506,0,12,-12
107000508,3,992,-989
107000509,213,468,-255
107000510,10,10,0
107000514,13,288,-275
107000515,24,400,-376
107000516,95,133,-38
107000518,352,250,102
107000519,4032,1409,2623
107000520,41,14,27
107900001,22,337,-315
107900002,21,1,20
107900003,84,11,73
107900004,27,1,26
107900005,265,2,263
107900006,19,0,19
107900007,90,15,75
107900008,27,39,-12
107900009,89,0,89
107900010,2,1,1
107900012,50,5,45
107900013,160,67,93
107900014,12,0,12
107900015,257,1,256
107900016,438,152,286
107900017,12,1,11
107900018,24,20,4
107900019,5,115,-110
107900020,60,15,45
107900021,15,187,-172
107900023,1,0,1
107900024,0,32,-32
107900025,233,444,-211
107900026,14,129,-115
107900027,4,113,-109
107900028,22,94,-72
107900030,106,7,99
107900031,34,243,-209
107900032,0,1,-1
107900033,6,3,3
107900034,149,7,142
107900035,331,5,326
107900036,6,1,5
107900037,1,66,-65
107900038,110,71,39
107900039,2,69,-67
107900040,50,41,9
107900041,0,2,-2
107900043,20,127,-107
107900044,9,1,8
107900045,46,24,22
107900046,63,36,27
107900047,3,119,-116
107900048,63,1,62
107900049,278,402,-124
107900050,99,387,-288
107900051,44,89,-45
107900052,13,2,11
107900053,15,89,-74
107900055,191,121,70
107900056,39,11,28
107900057,0,0,0
107900058,27,955,-928
107900060,4,19,-15
107900061,23,4,19
107900063,70,115,-45
107900064,169,12,157
107900065,72,28,44
107900066,1,7,-6
107900067,0,0,0
107900068,88,231,-143
107900069,37,367,-330
107900070,15,9,6
107900071,7,1136,-1129
107900072,24,237,-213
107900073,62,151,-89
107900074,1130,127,1003
107900076,42,72,-30
107900077,34,0,34
107900078,156,9,147
107900079,12,18,-6
107900080,97,166,-69
107900081,4,65,-61
107900082,22,15,7
107900083,144,74,70
107900084,33,86,-53
107900086,19,68,-49
107900087,212,36,176
107900088,4,2,2
107900089,310,1130,-820
107900090,414,532,-118
107900091,141,469,-328
107900092,2462,575,1887
107900093,62,69,-7
107900095,3364,940,2424
107900097,25,34,-9
107900098,26,113,-87
107900100,1027,420,607
107900101,1233,119,1114
107900102,7,2,5
107900103,36,223,-187
107900104,109,2,107
107900105,1,585,-584
107900106,3,2062,-2059
107900107,1922,122,1800
107900108,297,51,246
107900109,218,1,217
107900110,6,122,-116
107900111,4,1941,-1937
107900112,75,171,-96
107900113,58,162,-104
107900114,49,239,-190
107900115,0,53,-53
107900116,42,253,-211
107900117,224,491,-267
107900118,47,148,-101
107900119,21,104,-83
107900120,14,4,10
107900121,0,250,-250
107900122,2,79,-77
107900123,0,26,-26
107900124,9,46,-37
107900125,12,183,-171
107900126,1,42,-41
107900127,867,78,789
107900128,107,28,79
107900129,4,56,-52
107900130,12,32,-20
107900131,160,36,124
107900132,101,490,-389
107900133,2,79,-77
107900134,17,27,-10
107900135,0,224,-224
107900136,69,43,26
107900137,87,84,3
107900138,16,26,-10
107900139,11,39,-28
107900140,76,67,9
107900141,61,7,54
107900142,88,1300,-1212
107900143,30,39,-9
107900144,0,155,-155
107900145,31,127,-96
107900146,33,116,-83
107900147,5,19,-14
107900148,117,188,-71
107900149,2349,100,2249
107900150,72,895,-823
107900151,4,104,-100
107900152,8,439,-431
107900153,85,130,-45
107900154,20,2,18
107900155,11,31,-20
107900156,1,495,-494
107900157,49,50,-1
107900158,170,14,156
107900159,35,1350,-1315
107900160,16,217,-201
107900161,7,306,-299
107900162,0,300,-300
107900163,100,41,59
107900164,1,40,-39
107900165,10,31,-21
107900166,10,327,-317
107900167,23,4,19
107900168,11,55,-44
107900169,1,251,-250
107900171,14,2179,-2165
107900172,0,462,-462
107900173,8,215,-207
107900174,25,1,24
107900175,1,1,0
107900176,4,46,-42
107900177,6,357,-351
107900178,2,408,-406
107900179,7,151,-144
107900180,1396,121,1275
107900181,294,516,-222
107900182,6,2011,-2005
107900183,3,442,-439
107900184,55,417,-362
107900185,25,4,21
107900186,7,41,-34
107900187,1,196,-195
107900188,1083,96,987
107900189,10,156,-146
107900190,180,27,153
107900191,27,185,-158
107900193,5,33,-28
107900194,61,0,61
107900195,5438,485,4953
107900196,33,124,-91
107900197,446,76,370
107900199,3,1547,-1544
107900201,47,155,-108
107900203,6,68,-62
107900204,250,241,9
107900205,120,520,-400
107900206,248,162,86
107900207,4,776,-772
107900208,5,1155,-1150
107900209,415,106,309
107900210,63,124,-61
107900213,245,375,-130
107900214,2,206,-204
107900215,183,334,-151
107900216,44,26,18
107900217,16,66,-50
107900218,8,2274,-2266
107900219,8,180,-172
107900220,194,93,101
107900221,180,283,-103
107900223,55,779,-724
107900224,116,357,-241
107900225,3,1038,-1035
107900226,39,101,-62
107900227,78,628,-550
107900228,5,140,-135
107900229,2,140,-138
107900230,2,199,-197
107900231,7,232,-225
107900232,27,347,-320
107900233,6,134,-128
107900234,31,166,-135
107900235,47,117,-70
107900236,46,158,-112
107900237,42,198,-156
107900238,12,126,-114
107900239,1407,362,1045
107900240,2,254,-252
107900241,12,106,-94
107900242,3,500,-497
107900243,3,36,-33
107900244,129,1,128
107900245,96,23,73
107900246,47,9,38
107900248,114,726,-612
107900249,172,7,165
107900250,3,764,-761
107900251,16,1569,-1553
107900252,196,9,187
107900253,23,2,21
107900254,39,138,-99
107900255,802,48,754
107900256,444,843,-399
107900257,65,65,0
107900258,31,233,-202
107900259,109,409,-300
107900261,2,651,-649
107900262,41,148,-107
107900264,68,2,66
107900265,51,246,-195
107900267,42,10,32
107900268,84,9,75
107900269,0,10,-10
107900270,0,0,0
107900271,2,1,1
107900272,130,2,128
107900273,25,86,-61
107900274,17,0,17
107900275,3,0,3
107900276,1,64,-63
107900277,2,336,-334
107900278,73,375,-302
107900279,181,79,102
107900280,2390,808,1582
107900281,4131,821,3310
107900282,32,138,-106
107900283,1653,299,1354
107900284,83,933,-850
107900285,25,145,-120
107900286,126,63,63
107900287,72,89,-17
107900290,0,49,-49
107900291,131,5,126
107900292,98,285,-187
107900293,35,551,-516
107900295,10,131,-121
107900297,1,280,-279
107900298,730,1145,-415
107900299,4264,956,3308
107900300,29,146,-117
107900301,496,164,332
107900302,92,25,67
107900303,34,350,-316
107900304,66,472,-406
107900305,123,4,119
107900306,9,2,7
107900307,23,352,-329
107900308,179,22,157
107900309,2,0,2
107900310,0,0,0
107900311,102,32,70
107900312,0,0,0
107900313,1,88,-87
107900314,0,40,-40
107900315,0,45,-45
107900316,10,0,10
107900317,24,0,24
107900318,1,150,-149
107900319,3,344,-341
107900320,2,201,-199
107900321,19,5,14
107900322,0,251,-251
107900323,9,172,-163
107900324,79,0,79
107900325,17,0,17
107900326,50,500,-450
107900327,0,0,0
107900328,0,0,0
107900329,0,0,0
107900330,3,634,-631
107900331,50,31,19
107900332,48,28,20
107900333,14,5,9
107900334,4,219,-215
107900335,31,56,-25
107900336,2,38,-36
107900337,1536,371,1165
107900338,2,152,-150
107900339,0,19,-19
107900340,0,57,-57
107900341,11,0,11
107900342,81,136,-55
107900343,17,2,15
107900344,4,186,-182
107900345,50,19,31
107900346,7,3,4
107900347,14,2,12
107900348,1,1,0
107900349,13,2,11
107900350,36,341,-305
108000001,2305,2145,160
108000002,2631,3480,-849
108000003,2551,1352,1199
108000004,17786,16624,1162
108000005,3316,2244,1072
108000006,5030,6620,-1590
108000007,3628,2678,950
108000008,4712,6529,-1817
108000009,1654,2546,-892
108000010,2079,5693,-3614
108000011,8528,6277,2251
108000012,18113,17321,792
108000014,520,376,144
108000015,282,299,-17
108000016,145,682,-537
108000017,413,368,45
108000018,756,410,346
108000019,1072,576,496
108000020,603,349,254
108000021,360,1745,-1385
108000022,502,1631,-1129
108000023,703,145,558
108000024,118,794,-676
108000025,63,208,-145
108000026,164,697,-533
108000027,208,533,-325
108000028,132,339,-207
108000029,162,797,-635
108000030,234,209,25
108000031,141,749,-608
108000032,597,376,221
108000033,420,1393,-973
108000034,747,384,363
108000035,772,2990,-2218
108000036,242,1663,-1421
108000037,829,215,614
108000038,1079,276,803
108000039,397,2634,-2237
108000040,739,411,328
108000041,614,3112,-2498
108000042,49,307,-258
108000043,127,326,-199
108000044,126,262,-136
108000045,134,990,-856
108000046,673,240,433
108000047,261,1282,-1021
108000048,99,610,-511
108000049,259,163,96
108000050,80,554,-474
108000051,90,55,35
108000052,253,838,-585
108000053,109,64,45
108000054,440,954,-514
108000055,627,275,352
108000056,859,1073,-214
108000057,457,552,-95
108000058,1567,1581,-14
108000059,3373,1551,1822
108000060,80,383,-303
108000061,152,372,-220
108000062,317,361,-44
108000063,287,809,-522
108000064,100,319,-219
108000065,298,782,-484
108000066,1189,551,638
108000067,761,287,474
108000068,387,255,132
108000069,115,1151,-1036
108000070,774,503,271
108000071,373,2084,-1711
108000072,739,710,29
108000073,1153,2134,-981
108000074,224,305,-81
108000075,193,906,-713
108000076,406,334,72
108000077,503,972,-469
108000078,1176,956,220
108000079,1129,2341,-1212
108000080,486,426,60
108000081,437,3682,-3245
108000082,998,1736,-738
108000083,1397,577,820
108000084,234,1319,-1085
108000085,173,193,-20
108000086,791,923,-132
108000087,123,991,-868
108000088,49,7,42
108000089,155,294,-139
108000090,146,134,12
108000091,76,517,-441
108000092,53,76,-23
108000093,108,904,-796
108000094,215,95,120
108000095,74,562,-488
108000096,141,113,28
108000097,79,661,-582
108000098,407,1660,-1253
108000099,147,100,47
108000100,28,192,-164
108000101,642,723,-81
108000102,903,1262,-359
108000106,482,2,480
108000107,3,764,-761
108000108,272,25,247
108000109,5,938,-933
108000110,62,295,-233
108000111,89,687,-598
108000112,27,84,-57
108000113,465,332,133
108000115,462,364,98
108000117,782,242,540
108000118,94,133,-39
108000119,600,439,161
108000120,94,377,-283
108000121,126,725,-599
108000122,166,214,-48
108000123,477,418,59
108000124,249,631,-382
108000125,80,448,-368
108000126,65,772,-707
108000127,118,456,-338
108000128,165,1148,-983
108000129,157,1930,-1773
108000130,91,391,-300
108000131,431,134,297
108000132,1401,1362,39
108000133,357,330,27
108000134,735,1102,-367
108000135,344,248,96
108000136,844,1541,-697
108000137,110,470,-360
108000138,182,1404,-1222
108000139,56,471,-415
108000140,20,27,-7
108000141,12,213,-201
108000142,13,119,-106
108000143,26,20,6
108000144,17,10,7
108000145,23,27,-4
108000146,22,6,16
108000147,51,56,-5
108000148,42,4,38
108000149,17,39,-22
108000150,25,8,17
108000151,33,10,23
108000152,105,770,-665
108000153,103,81,22
108000154,21,9,12
108000155,6,13,-7
108000156,271,74,197
108000157,98,249,-151
108000158,73,367,-294
108000159,579,119,460
108000160,5660,596,5064
108000161,5656,1135,4521
108000165,4,110,-106
108000172,1,75,-74
108000173,3235,877,2358
108000175,95,88,7
108000178,470,431,39
108000179,213,552,-339
108000181,28,51,-23
108000182,148,15,133
108000183,48,18,30
108000184,1221,969,252
108000185,58,908,-850
108000186,69,62,7
108000187,46,986,-940
108000188,152,298,-146
108000189,449,578,-129
108000190,19,113,-94
108000192,40,809,-769
108000193,725,76,649
108000194,15,6,9
108000195,3,1346,-1343
108000196,118,84,34
108000198,201,456,-255
108000199,0,123,-123
108000200,118,988,-870
108000202,2,187,-185
108000203,28,1315,-1287
108000204,61,34,27
108000205,650,671,-21
108000339,1980,296,1684
108000364,193,153,40
108000365,37,435,-398
108000367,138,410,-272
108000368,13,39,-26
108000369,1777,112,1665
108000371,0,716,-716
108000372,174,1,173
108000373,79,200,-121
108000376,56,14,42
108000377,181,397,-216
108000378,8601,6056,2545
108000379,28,150,-122
108000381,15,16,-1
108000382,52,1,51
108000383,2,143,-141
108900001,156,1391,-1235
108900002,271,39,232
108900003,355,1119,-764
108900004,25,109,-84
108900005,10,70,-60
108900006,294,164,130
108900007,67,182,-115
108900008,18,136,-118
108900009,15,107,-92
108900010,51,174,-123
108900011,161,351,-190
108900012,129,618,-489
108900013,26,260,-234
108900014,1,83,-82
108900015,1,31,-30
108900016,1,215,-214
108900017,102,198,-96
108900018,37,660,-623
108900019,37,1334,-1297
108900020,20,361,-341
108900021,47,361,-314
108900022,24,8,16
108900023,3,32,-29
108900024,4,155,-151
108900025,12,153,-141
108900026,19,115,-96
108900027,1,197,-196
108900028,34,576,-542
108900029,21,418,-397
108900030,0,172,-172
108900031,34,746,-712
108900032,7,312,-305
108900033,0,79,-79
108900034,0,316,-316
108900035,218,2214,-1996
108900036,140,447,-307
108900037,25,521,-496
108900038,2,478,-476
108900039,2,737,-735
108900040,4,112,-108
108900041,6462,1608,4854
108900042,4,251,-247
108900043,34,562,-528
108900044,0,966,-966
108900045,14,869,-855
108900046,66,1314,-1248
108900047,0,45,-45
108900048,38,1161,-1123
108900049,6040,632,5408
108900050,2,378,-376
108900051,2,227,-225
108900052,4,341,-337
108900053,88,100,-12
108900054,31,249,-218
108900055,64,592,-528
108900056,2,203,-201
108900057,0,268,-268
108900058,11,627,-616
108900059,128,14,114
108900060,32,85,-53
108900061,18,17,1
108900062,4,404,-400
108900063,5,535,-530
108900064,26,84,-58
108900065,0,369,-369
108900066,114,115,-1
108900067,41,299,-258
108900068,1,177,-176
108900069,10,126,-116
108900070,23,199,-176
108900071,23,58,-35
108900072,2716,209,2507
108900073,5,100,-95
108900074,43,655,-612
108900075,69,104,-35
108900076,76,46,30
108900077,80,145,-65
108900078,2,296,-294
108900079,918,287,631
108900080,20,228,-208
108900081,42,262,-220
108900082,20,116,-96
108900083,23,106,-83
108900084,401,120,281
108900085,2001,121,1880
108900086,29,421,-392
108900087,120,210,-90
108900088,412,230,182
108900089,7,65,-58
108900090,11,506,-495
108900091,134,123,11
108900092,149,194,-45
108900093,37,31,6
108900094,117,64,53
108900095,50,855,-805
108900096,502,27,475
108900097,113,218,-105
108900098,3714,277,3437
108900099,230,400,-170
108900100,22,91,-69
108900101,105,42,63
108900102,155,317,-162
108900103,29,27,2
108900104,195,280,-85
108900105,0,309,-309
108900106,140,613,-473
108900108,90,24,66
108900109,5,15,-10
108900110,43,563,-520
108900111,134,958,-824
108900112,66,9,57
108900113,26,13,13
108900114,0,3,-3
108900115,44,28,16
108900116,26,5,21
108900117,49,22,27
108900118,139,3,136
108900119,42,27,15
108900120,25,149,-124
108900121,85,14,71
108900122,41,28,13
108900123,43,23,20
108900124,156,62,94
108900125,82,0,82
108900126,29,3,26
108900127,47,15,32
108900128,22,7,15
108900129,302,47,255
108900130,47,0,47
108900131,91,1,90
108900132,135,67,68
108900133,71,27,44
108900134,66,226,-160
108900135,39,6,33
108900136,4,0,4
108900137,34,2,32
108900138,179,12,167
108900139,316,69,247
108900140,38,227,-189
108900141,54,5,49
108900142,19,0,19
108900143,5,0,5
108900144,15,0,15
108900145,43,1,42
108900146,12,0,12
108900147,39,0,39
108900148,57,38,19
108900149,327,334,-7
108900150,104,2,102
108900151,27,0,27
108900152,11,49,-38
108900153,39,623,-584
108900154,2104,239,1865
108900155,93,76,17
108900156,21,3,18
108900157,4,710,-706
108900158,80,25,55
108900159,12,425,-413
108900160,6,256,-250
108900161,8,702,-694
108900162,27,1,26
108900163,1,61,-60
108900164,24,78,-54
108900165,130,65,65
108900167,1763,1285,478
108900168,11743,1491,10252
108900169,10,75,-65
108900171,10175,1083,9092
108900172,77,15,62
108900173,218,316,-98
108900174,164,370,-206
108900176,55,657,-602
108900177,9792,1452,8340
108900178,5906,971,4935
108900179,281,632,-351
108900180,29,115,-86
108900182,17,101,-84
108900183,159,184,-25
108900184,193,177,16
108900185,33,312,-279
108900186,45,385,-340
108900187,79,38,41
108900188,94,49,45
108900189,142,119,23
108900190,26,3563,-3537
108900191,104,13,91
108900192,42,311,-269
108900193,154,28,126
108900194,25,378,-353
108900195,58,484,-426
108900196,15,688,-673
108900198,0,671,-671
108900199,91,337,-246
108900200,159,376,-217
108900201,216,1091,-875
108900203,192,6,186
108900204,118,2,116
108900205,141,5,136
108900206,99,16,83
108900207,57,11,46
108900208,27,386,-359
108900209,185,722,-537
108900210,116,200,-84
108900211,126,148,-22
108900212,592,521,71
108900215,76,777,-701
108900216,282,91,191
108900217,24,0,24
108900218,48,0,48
108900219,28,1,27
108900220,17,4,13
108900221,24,51,-27
108900222,80,10,70
108900223,7,51,-44
108900224,30,80,-50
108900225,3,155,-152
108900226,83,2,81
108900227,33,57,-24
108900230,424,284,140
108900231,54,287,-233
108900232,4,474,-470
108900233,151,33,118
108900234,124,42,82
108900235,154,644,-490
108900236,27,371,-344
108900237,27,288,-261
108900240,33,103,-70
108900241,11,8,3
108900245,5,526,-521
108900249,72,11,61
108900250,135,142,-7
108900257,62,785,-723
108900258,6,329,-323
108900259,19,76,-57
108900260,8,132,-124
108900261,162,160,2
108900262,390,95,295
108900263,31,371,-340
108900264,269,289,-20
108900265,1700,173,1527
108900266,1303,168,1135
108900267,1,34,-33
108900268,3,2,1
108900269,12,2,10
108900270,16,7,9
108900271,54,44,10
108900272,69,5,64
108900273,1070,278,792
108900274,9,39,-30
109000001,2471,870,1601
109000002,3429,1388,2041
109000003,1390,449,941
109000004,389,3079,-2690
109000005,1070,684,386
109000006,517,2360,-1843
109000007,613,547,66
109000008,264,2281,-2017
109000009,2431,740,1691
109000010,1316,3885,-2569
109000011,1416,1313,103
109000012,1427,4365,-2938
109000013,2006,1349,657
109000014,1386,4362,-2976
109000015,2488,2913,-425
109000016,10680,4730,5950
109000017,1340,933,407
109000018,658,3734,-3076
109000019,1384,849,535
109000020,1075,2610,-1535
109000023,180,16,164
109000024,2,169,-167
109000025,344,198,146
109000026,606,319,287
109000027,60,172,-112
109000028,62,113,-51
109000029,171,73,98
109000030,76,613,-537
109000031,119,93,26
109000032,61,518,-457
109000033,138,87,51
109000034,56,25,31
109000035,16,38,-22
109000036,109,336,-227
109000037,187,509,-322
109000038,650,371,279
109000039,488,271,217
109000040,5766,2443,3323
109000041,5794,904,4890
109000042,936,944,-8
109000044,155,82,73
109000045,68,501,-433
109000046,135,83,52
109000047,19,510,-491
109000048,580,85,495
109000049,182,559,-377
109000050,246,166,80
109000051,265,348,-83
109000052,365,2122,-1757
109000053,84,150,-66
109000054,219,908,-689
109000055,69,146,-77
109000056,161,814,-653
109000057,223,216,7
109000058,1074,307,767
109000059,524,1284,-760
109000060,373,114,259
109000061,1957,462,1495
109000062,185,200,-15
109000063,195,286,-91
109000064,87,174,-87
109000065,51,519,-468
109000066,163,157,6
109000067,32,554,-522
109000068,205,1,204
109000069,507,7,500
109000070,11,909,-898
109000071,215,64,151
109000072,64,397,-333
109000073,15,69,-54
109000074,30,310,-280
109000075,66,491,-425
109000076,52,129,-77
109000077,286,329,-43
109000078,21,146,-125
109000079,79,297,-218
109000080,50,136,-86
109000081,29,649,-620
109000082,176,373,-197
109000083,120,1091,-971
109000088,56,461,-405
109000089,94,30,64
109000090,189,558,-369
109000091,171,43,128
109000092,340,802,-462
109000093,159,58,101
109000094,124,1,123
109000095,53,830,-777
109000096,230,97,133
109000097,62,100,-38
109000098,28,44,-16
109000099,487,362,125
109000100,160,648,-488
109000101,551,881,-330
109000102,251,1211,-960
109000103,189,680,-491
109000104,633,609,24
109000105,283,2075,-1792
109000106,988,551,437
109000107,367,2440,-2073
109000108,699,421,278
109000109,351,2228,-1877
109000110,955,391,564
109000111,983,2806,-1823
109000112,327,220,107
109000113,116,236,-120
109000114,101,665,-564
109000115,843,43,800
109000116,2,243,-241
109000117,80,118,-38
109000118,9,356,-347
109000119,348,282,66
109000120,54,1600,-1546
109000121,110,69,41
109000122,48,1382,-1334
109000123,14,88,-74
109000124,274,497,-223
109000125,432,362,70
109000126,233,1297,-1064
109000127,327,172,155
109000128,296,2987,-2691
109000129,994,310,684
109000130,551,3111,-2560
109000131,436,191,245
109000132,502,1854,-1352
109000133,314,1091,-777
109000134,493,1660,-1167
109000135,728,1310,-582
109000136,186,485,-299
109000137,124,331,-207
109000138,234,642,-408
109000139,156,458,-302
109000140,97,517,-420
109000141,168,536,-368
109000142,88,606,-518
109000143,41,38,3
109000145,58,111,-53
109000146,44,124,-80
109000148,5175,1085,4090
109000149,22,28,-6
109000150,49,153,-104
109000155,232,470,-238
109000156,855,1071,-216
109000158,75,235,-160
109000159,46,735,-689
109000160,410,333,77
109000161,210,1897,-1687
109000162,1059,1146,-87
109000163,506,1897,-1391
109000164,612,2672,-2060
109000165,625,851,-226
109000166,286,142,144
109000167,61,1007,-946
109000170,38,62,-24
109000171,31,50,-19
109000172,46,47,-1
109000173,7,19,-12
109000174,38,67,-29
109000175,30,133,-103
109000176,114,339,-225
109000177,12,165,-153
109000178,151,89,62
109000179,9233,2255,6978
109000180,6295,3748,2547
109000181,8,51,-43
109000182,19,69,-50
109000183,10,92,-82
109000184,15,27,-12
109000185,6,135,-129
109000188,883,3239,-2356
109000189,2303,1067,1236
109000190,369,613,-244
109000191,193,788,-595
109000192,93,309,-216
109000193,54,531,-477
109000194,54,205,-151
109000195,45,521,-476
109000196,163,135,28
109000197,72,618,-546
109000198,99,65,34
109000199,68,564,-496
109000206,78,28,50
109000207,32,47,-15
109000208,74,28,46
109000209,105,83,22
109000210,209,551,-342
109000211,164,535,-371
109000214,187,827,-640
109000215,55,50,5
109000216,90,113,-23
109000217,126,91,35
109000218,176,120,56
109000221,194,1274,-1080
109000222,386,69,317
109000223,155,198,-43
109000224,40,379,-339
109000225,44,42,2
109000226,39,347,-308
109000227,549,1829,-1280
109000228,1,314,-313
109000231,3,562,-559
109000232,68,596,-528
109000236,179,883,-704
109000241,798,1759,-961
109000242,662,1416,-754
109000293,13,33,-20
109000361,65,236,-171
109000364,240,710,-470
109000396,7,1051,-1044
109000397,139,3,136
109000399,110,566,-456
109000400,42,417,-375
109000403,68,174,-106
109000406,132,5,127
109000407,192,347,-155
109000408,4,680,-676
109000410,465,174,291
109000411,36,37,-1
109900001,61,1,60
109900002,233,13,220
109900003,48,0,48
109900004,610,253,357
109900005,14,3,11
109900006,136,248,-112
109900007,213,1059,-846
109900008,0,37,-37
109900009,74,1169,-1095
109900010,178,9,169
109900011,14,17,-3
109900012,188,164,24
109900013,205,95,110
109900014,73,39,34
109900015,220,53,167
109900016,64,46,18
109900017,27,47,-20
109900018,153,149,4
109900019,51,66,-15
109900020,5,17,-12
109900021,3,6,-3
109900022,59,400,-341
109900023,2,4,-2
109900024,0,2,-2
109900025,3,83,-80
109900026,5,195,-190
109900027,14,8,6
109900028,2939,359,2580
109900029,7,697,-690
109900030,2,3,-1
109900031,0,86,-86
109900032,9,299,-290
109900033,1,559,-558
109900034,4,0,4
109900035,6,15,-9
109900036,8,81,-73
109900037,9,557,-548
109900038,14,268,-254
109900039,8,0,8
109900040,15,885,-870
109900041,46,577,-531
109900042,17,604,-587
109900044,78,373,-295
109900045,20,26,-6
109900046,25,49,-24
109900047,308,411,-103
109900048,1,60,-59
109900049,2,29,-27
109900050,0,343,-343
109900051,0,64,-64
109900052,32,326,-294
109900053,3,557,-554
109900054,225,106,119
109900055,23,333,-310
109900056,26,71,-45
109900057,3,259,-256
109900058,1,129,-128
109900059,183,52,131
109900060,155,161,-6
109900061,75,381,-306
109900062,1,281,-280
109900063,3,310,-307
109900064,118,202,-84
109900065,93,160,-67
109900066,234,1154,-920
109900067,1,546,-545
109900068,8,2,6
109900069,0,33,-33
109900070,47,389,-342
109900071,0,39,-39
109900072,18,152,-134
109900073,72,805,-733
109900074,4,94,-90
109900075,4,15,-11
109900076,12,354,-342
109900077,11,62,-51
109900078,68,245,-177
109900080,142,370,-228
109900081,18,71,-53
109900082,40,548,-508
109900083,4,38,-34
109900084,20,140,-120
109900085,150,1419,-1269
109900086,66,158,-92
109900087,150,374,-224
109900089,186,47,139
109900090,360,1070,-710
109900091,68,49,19
109900092,227,10,217
109900093,228,89,139
109900094,33,79,-46
109900095,199,262,-63
109900096,9,0,9
109900097,24,0,24
109900098,127,20,107
109900099,27,2,25
109900100,9,0,9
109900101,92,5,87
109900102,176,12,164
109900103,3,35,-32
109900104,118,1464,-1346
109900105,202,6,196
109900106,92,53,39
109900107,109,71,38
109900108,46,717,-671
109900109,15,286,-271
109900110,26,634,-608
109900111,176,1274,-1098
109900112,300,1142,-842
109900113,275,207,68
109900114,781,153,628
109900115,43,61,-18
109900117,292,132,160
109900118,165,463,-298
109900119,511,328,183
109900120,13,3,10
109900121,196,75,121
109900122,157,1,156
109900123,4,178,-174
109900124,26,954,-928
109900125,0,260,-260
109900126,34,165,-131
109900128,45,38,7
109900130,13382,948,12434
109900131,60,153,-93
109900132,45,268,-223
109900133,16,506,-490
109900134,30,39,-9
109900135,408,47,361
109900136,24,205,-181
109900137,24,491,-467
109900138,112,396,-284
109900140,104,415,-311
109900142,322,264,58
109900145,3,86,-83
109900146,331,16,315
109900148,21,74,-53
109900149,36,56,-20
109900150,5,68,-63
109900151,6,56,-50
109900152,2,33,-31
109900153,0,31,-31
109900154,7,0,7
109900155,7,6,1
109900157,36,284,-248
109900158,26,99,-73
109900159,48,9,39
109900160,33,30,3
109900161,110,62,48
109900162,61,36,25
109900163,818,285,533
109900164,31,286,-255
109900165,173,13,160
109900166,4,293,-289
109900167,64,891,-827
109900168,94,883,-789
109900169,75,132,-57
109900170,191,306,-115
109900171,30,98,-68
109900172,63,154,-91
109900173,5259,802,4457
109900174,27,157,-130
109900175,21,82,-61
109900176,62,269,-207
109900177,25,377,-352
109900178,0,100,-100
109900179,5,46,-41
109900180,4,5,-1
110000001,560,538,22
110000002,419,493,-74
110000003,1004,626,378
110000004,395,553,-158
110000005,744,1061,-317
110000006,666,340,326
110000007,119,206,-87
110000008,16,50,-34
110000009,16,72,-56
110000010,10,98,-88
110000011,14,91,-77
110000012,649,531,118
110000013,12,337,-325
110000014,576,378,198
110000015,511,550,-39
110000016,255,814,-559
110000017,5473,284,5189
110000018,4026,599,3427
110000019,14,272,-258
110000020,610,214,396
110000021,374,542,-168
110000022,687,137,550
110000023,12,268,-256
110000024,618,405,213
110000025,105,3,102
110000026,13,897,-884
110000027,469,388,81
110000028,552,1010,-458
110000029,276,944,-668
110000030,152,360,-208
110000031,114,664,-550
110000032,431,504,-73
110000033,95,143,-48
110000034,223,1465,-1242
110000035,269,1309,-1040
110000036,370,1594,-1224
110000037,78,944,-866
110000038,173,985,-812
110000039,450,1354,-904
110000040,304,601,-297
110000041,94,546,-452
110000042,67,437,-370
110000043,261,95,166
110000044,65,83,-18
110000045,187,58,129
110000046,2,6,-4
110000047,2,6,-4
110000048,5,6,-1
110000049,6,5,1
110000050,9,15,-6
110000051,9,0,9
110000052,24,45,-21
110000053,10,2,8
110000054,219,247,-28
110000055,255,28,227
110000056,93,44,49
110000057,235,742,-507
110000058,496,695,-199
110000059,464,607,-143
110000060,338,1027,-689
110000061,952,995,-43
110000062,641,851,-210
110000063,14,89,-75
110000064,63,160,-97
110000065,47,134,-87
110000066,34,88,-54
110000067,72,403,-331
110000068,70,618,-548
110000069,87,197,-110
110000071,36,237,-201
110000073,0,37,-37
110000075,4,166,-162
110000076,223,160,63
110000077,404,402,2
110000078,12,90,-78
110000080,174,767,-593
110000081,9,285,-276
110000082,26,259,-233
110000083,199,729,-530
110000084,473,386,87
110000085,4060,1579,2481
110000086,2008,660,1348
110000087,6,39,-33
110000088,23,239,-216
110000089,158,169,-11
110000090,70,291,-221
110000091,2009,378,1631
110000092,23,122,-99
110000093,35,6,29
110000094,374,343,31
110000095,93,435,-342
110000096,4438,1968,2470
110000097,801,852,-51
110000098,1366,421,945
110000099,1025,1922,-897
110000100,210,1089,-879
110000101,11,908,-897
110000102,15,48,-33
110000104,83,40,43
110000105,46,348,-302
110000106,239,131,108
110000107,368,529,-161
110000108,136,28,108
110000109,323,300,23
110000110,6809,3170,3639
110000111,11303,1776,9527
110000112,1611,309,1302
110000113,1154,696,458
110000114,81,285,-204
110000115,168,319,-151
110000116,26,26,0
110000117,115,707,-592
110000118,231,370,-139
110000119,124,510,-386
110000120,214,252,-38
110000121,67,280,-213
110000122,285,664,-379
110000123,182,455,-273
110000124,4,1195,-1191
110000125,553,4,549
110000126,146,14,132
110000127,393,22,371
110000128,21,2281,-2260
110000129,4,684,-680
110000130,87,68,19
110000131,100,467,-367
110000132,5,975,-970
110000133,52,327,-275
110000134,22,370,-348
110000135,153,44,109
110000136,21,355,-334
110000137,277,933,-656
110000138,359,1195,-836
110000139,534,2027,-1493
110000140,576,223,353
110000143,921,393,528
110000144,5145,932,4213
110000145,1413,814,599
110000146,2980,1146,1834
110000147,161,686,-525
110000148,228,379,-151
110000151,1194,732,462
110000152,1177,255,922
110000153,25,82,-57
110000154,49,13,36
110000155,2405,1614,791
110000156,879,1059,-180
110000157,1864,1489,375
110000160,352,469,-117
110000161,141,624,-483
110000166,158,137,21
110000167,487,437,50
110000168,606,250,356
110000169,190,280,-90
110000170,73,121,-48
110000171,457,291,166
110000172,93,1084,-991
110000173,1093,1548,-455
110000174,66,1641,-1575
110000175,334,153,181
110000176,90,312,-222
110000177,141,950,-809
110000178,558,727,-169
110000179,1386,340,1046
110000180,76,361,-285
110000181,140,520,-380
110000182,323,341,-18
110000183,13506,4312,9194
110000184,662,1602,-940
110000185,942,695,247
110000186,519,603,-84
110000191,211,441,-230
110000192,207,1,206
110000193,232,6,226
110000194,12,1516,-1504
110000195,109,538,-429
110000196,154,714,-560
110000197,18,285,-267
110000198,56,97,-41
110000199,38,100,-62
110000200,1832,842,990
110000201,733,432,301
110000202,663,344,319
110000203,565,916,-351
110000204,3,328,-325
110000205,32,85,-53
110000206,577,1991,-1414
110000207,327,254,73
110000208,62,85,-23
110000209,94,901,-807
110000210,364,701,-337
110000211,332,675,-343
110000212,156,803,-647
110000213,30,96,-66
110000214,62,170,-108
110000215,58,752,-694
110000216,20,827,-807
110000217,125,282,-157
110000218,79,608,-529
110000219,103,93,10
110000220,17,588,-571
110000221,139,132,7
110000222,11,417,-406
110000223,7,76,-69
110000224,99,8,91
110000225,147,523,-376
110000226,101,45,56
110000227,476,379,97
110000228,168,386,-218
110000229,3,297,-294
110000230,342,552,-210
110000231,88,188,-100
110000232,69,187,-118
110000233,88,267,-179
110000234,473,442,31
110000235,866,1148,-282
110000236,191,1162,-971
110000237,795,973,-178
110000238,796,1329,-533
110000239,792,1415,-623
110000240,1,130,-129
110000242,0,16,-16
110000243,52,238,-186
110000244,102,293,-191
110000245,17,399,-382
110000246,432,809,-377
110000247,3939,4102,-163
110000248,4742,1487,3255
110000249,71,4,67
110000250,6,241,-235
110000251,92,474,-382
110000252,188,392,-204
110000253,924,355,569
110000254,1365,1603,-238
110000255,319,1379,-1060
110000256,394,208,186
110000257,933,400,533
110000258,7,585,-578
110000259,51,24,27
110000260,12,665,-653
110000263,1276,84,1192
110000264,186,769,-583
110000265,961,1938,-977
110000266,2412,2905,-493
110000267,5,227,-222
110000268,244,566,-322
110000269,1,132,-131
110000270,34,4,30
110000271,2439,299,2140
110000272,548,911,-363
110000273,3023,1147,1876
110000274,233,1395,-1162
110000275,3398,467,2931
110000276,80,332,-252
110000277,145,380,-235
110000278,260,969,-709
110000279,601,716,-115
110000280,122,539,-417
110000281,15,224,-209
110000282,286,42,244
110000283,14,112,-98
110000284,24,27,-3
110000285,3,235,-232
110000286,18,0,18
110000287,24,1,23
110000288,4,117,-113
110000289,305,1157,-852
110000290,1554,711,843
110000291,6643,1521,5122
110000292,1317,6786,-5469
110000293,321,1325,-1004
110000294,387,1201,-814
110000295,107,1041,-934
110000296,177,409,-232
110000297,4330,309,4021
110000298,593,530,63
110000299,1734,31,1703
110000301,364,6,358
110000302,165,1548,-1383
110000303,216,2,214
110000304,120,362,-242
110000305,375,7,368
110000306,104,2780,-2676
110000307,517,7,510
110000308,250,24,226
110000309,8,1803,-1795
110000310,433,81,352
110000311,12,1172,-1160
110000312,1317,39,1278
110000313,7912,1646,6266
110000314,2,297,-295
110000315,3202,1424,1778
110000316,511,1075,-564
110000317,511,293,218
110000318,8,100,-92
110000319,18,34,-16
110000320,40,84,-44
110000321,10,69,-59
110000322,85,659,-574
110000323,330,367,-37
110000324,5704,1154,4550
110000325,2465,3042,-577
110000327,632,257,375
110000328,151,542,-391
110000333,859,635,224
110000334,661,1491,-830
110000335,1332,817,515
110000336,378,1491,-1113
110000337,655,616,39
110000338,84,271,-187
110000339,77,277,-200
110000340,39,232,-193
110000341,193,765,-572
110000342,464,3,461
110000343,1,16,-15
110000344,27,182,-155
110000345,67,140,-73
110000346,2609,1747,862
110000347,1124,998,126
110000348,4,33,-29
110000349,0,51,-51
110000350,36,1,35
110000351,400,1060,-660
110000352,271,1585,-1314
110000353,3292,1121,2171
110000354,677,1628,-951
110000355,50,138,-88
110000356,352,0,352
110000357,236,28,208
110000361,11,71,-60
110000362,31,191,-160
110000363,116,167,-51
110000364,68,398,-330
110000365,137,1,136
110000366,2,98,-96
110000367,198,274,-76
110000368,1,84,-83
110000369,32,4,28
110000373,5,332,-327
110000374,50,5,45
110000375,106,811,-705
110000376,33,136,-103
110000377,27,181,-154
110000378,26,274,-248
110000379,4344,858,3486
110000380,21,15,6
110000383,0,524,-524
110000384,2232,302,1930
110000385,0,281,-281
110000387,39,6,33
110000388,15,295,-280
110000389,202,4,198
110000391,257,510,-253
110000396,31,145,-114
110000397,35,305,-270
110000398,3,50,-47
110000399,108,0,108
110000587,23,67,-44
110000589,127,285,-158
110000640,105,202,-97
110000652,15,133,-118
110000653,72,506,-434
110000654,1,10,-9
110000656,1,726,-725
110000674,9,16,-7
110000675,64,13,51
110000676,3,47,-44
110000679,838,346,492
110000682,71,133,-62
110000683,288,800,-512
110000684,2,69,-67
110000685,8,13,-5
110000686,2,23,-21
110000687,10,0,10
110000688,44,396,-352
110000689,21,195,-174
110000692,110,357,-247
110000693,84,407,-323
110000694,0,116,-116
110000695,110,820,-710
110000696,135,197,-62
110900001,86,18,68
110900002,106,274,-168
110900003,178,1436,-1258
110900004,101,463,-362
110900005,5546,1050,4496
110900006,24,4,20
110900007,46,10,36
110900008,15,26,-11
110900009,181,21,160
110900010,1,91,-90
110900011,3,93,-90
110900012,2,138,-136
110900013,507,207,300
110900014,102,11,91
110900015,825,177,648
110900016,8,230,-222
110900017,123,67,56
110900018,385,45,340
110900019,55,20,35
110900020,23,739,-716
110900021,51,864,-813
110900022,75,549,-474
110900023,62,518,-456
110900024,31,679,-648
110900025,5,52,-47
110900027,24,356,-332
110900028,26,191,-165
110900029,77,600,-523
110900030,16,414,-398
110900031,3,267,-264
110900032,0,154,-154
110900033,54,324,-270
110900035,34,477,-443
110900036,40,31,9
110900037,20,19,1
110900038,1554,177,1377
110900039,15,259,-244
110900040,106,24,82
110900041,1,234,-233
110900042,31,43,-12
110900043,2,202,-200
110900044,176,30,146
110900045,24,956,-932
110900046,145,329,-184
110900047,835,93,742
110900049,59,32,27
110900050,7,0,7
110900051,45,209,-164
110900052,7,335,-328
110900053,36,84,-48
110900054,16,463,-447
110900055,5,0,5
110900056,68,132,-64
110900057,0,286,-286
110900058,92,339,-247
110900059,462,1118,-656
110900060,269,62,207
110900061,35,33,2
110900062,34,423,-389
110900063,13,94,-81
110900064,4,1,3
110900065,505,71,434
110900066,0,81,-81
110900067,703,358,345
110900068,186,285,-99
110900069,16,45,-29
110900070,128,68,60
110900071,257,358,-101
110900073,0,21,-21
110900074,194,57,137
110900075,135,65,70
110900077,180,454,-274
110900078,6,175,-169
110900079,2348,394,1954
110900080,28,67,-39
110900081,2,153,-151
110900082,34,198,-164
110900083,74,36,38
110900084,6,270,-264
110900085,35,326,-291
110900086,99,114,-15
110900087,126,91,35
110900088,2,0,2
110900090,18,14,4
110900091,0,99,-99
110900093,183,53,130
110900095,27,50,-23
110900097,6,21,-15
110900098,13,109,-96
110900099,62,658,-596
110900100,0,24,-24
110900102,4,7,-3
110900105,778,414,364
110900108,3,116,-113
110900111,220,62,158
110900112,250,3,247
110900113,659,27,632
110900115,6,68,-62
110900116,249,2994,-2745
110900118,247,813,-566
110900119,7218,262,6956
110900120,4,160,-156
110900121,60,0,60
110900122,113,127,-14
110900125,105,214,-109
110900127,723,492,231
110900128,134,143,-9
110900129,245,183,62
110900130,1165,238,927
110900131,52,53,-1
110900132,147,41,106
110900133,46,435,-389
110900135,164,618,-454
110900136,110,6,104
110900137,171,0,171
110900138,179,377,-198
110900139,1,19,-18
110900140,26,10,16
110900141,3,36,-33
110900142,38,253,-215
110900143,69,78,-9
110900144,0,779,-779
110900145,87,5,82
110900146,243,32,211
110900147,178,201,-23
110900148,2,347,-345
110900149,1,80,-79
110900150,26,12,14
110900151,1,59,-58
110900152,9,369,-360
110900153,53,16,37
111000001,181,255,-74
111000002,343,643,-300
111000003,274,373,-99
111000004,372,1177,-805
111000005,619,476,143
111000006,644,1259,-615
111000007,4057,1183,2874
111000008,3500,3783,-283
111000009,281,1048,-767
111000010,444,267,177
111000011,477,753,-276
111000012,641,304,337
111000013,315,1314,-999
111000014,819,576,243
111000017,180,354,-174
111000018,131,328,-197
111000020,3126,2104,1022
111000021,60,162,-102
111000023,111,204,-93
111000025,7819,1978,5841
111000029,78,98,-20
111000030,40,64,-24
111000031,2421,642,1779
111000032,457,304,153
111000033,245,105,140
111000034,297,165,132
111000037,3027,1160,1867
111000038,2639,2473,166
111000039,1434,2511,-1077
111000040,1388,2691,-1303
111000041,1639,1578,61
111000042,7740,2979,4761
111000043,1621,1278,343
111000044,767,372,395
111000045,960,1292,-332
111000046,813,1026,-213
111000047,1093,1583,-490
111000049,252,581,-329
111000050,1817,1735,82
111000051,410,1252,-842
111000052,659,1607,-948
111000053,447,1125,-678
111000054,345,964,-619
111000055,1142,2449,-1307
111000056,58,893,-835
111000057,49,1078,-1029
111000058,81,115,-34
111000059,206,248,-42
111000060,2113,604,1509
111000061,756,342,414
111000062,483,210,273
111000063,2061,786,1275
111000064,271,550,-279
111000065,603,769,-166
111000066,197,340,-143
111000067,294,723,-429
111000068,185,657,-472
111000069,1588,2028,-440
111000070,2841,1491,1350
111000071,102,717,-615
111000072,311,182,129
111000073,61,308,-247
111000074,1097,1078,19
111000075,366,720,-354
111000076,202,813,-611
111000077,831,1232,-401
111000078,1393,1184,209
111000079,1308,852,456
111000080,307,762,-455
111000081,2437,3129,-692
111000082,452,794,-342
111000084,515,577,-62
111000085,884,1986,-1102
111000086,3785,1593,2192
111000087,767,1117,-350
111000088,6903,1688,5215
111000089,451,992,-541
111000090,1155,1617,-462
111000091,433,975,-542
111000092,688,1571,-883
111000093,562,836,-274
111000094,1705,859,846
111000095,1032,1568,-536
111000096,3691,5160,-1469
111000097,6373,1196,5177
111000098,279,1627,-1348
111000099,258,2986,-2728
111000100,196,2692,-2496
111000101,371,1054,-683
111000102,75,1097,-1022
111000104,134,225,-91
111000107,37,965,-928
111000109,129,233,-104
111000110,489,533,-44
111000111,570,387,183
111000112,709,278,431
111000113,359,337,22
111000114,770,736,34
111000115,9072,705,8367
111000116,1089,733,356
111000117,569,760,-191
111000118,1974,1055,919
111000119,760,1940,-1180
111000120,251,654,-403
111000121,136,512,-376
111000122,321,1196,-875
111000123,543,4240,-3697
111000124,321,4635,-4314
111000125,133,2627,-2494
111000126,63,1184,-1121
111000127,336,130,206
111000128,480,221,259
111000129,1018,325,693
111000130,583,793,-210
111000131,549,736,-187
111000132,412,357,55
111000133,58,178,-120
111000134,86,170,-84
111000135,35,130,-95
111000136,148,312,-164
111000138,6,2,4
111000140,0,3,-3
111000141,81,274,-193
111000142,7,142,-135
111000143,0,87,-87
111000144,3,146,-143
111000145,64,5,59
111000146,15,4,11
111000147,63,6,57
111000148,94,160,-66
111000149,0,46,-46
111000150,4,17,-13
111000151,2,12,-10
111000153,591,521,70
111000154,721,211,510
111000155,58,184,-126
111000156,372,195,177
111000157,105,291,-186
111000158,752,469,283
111000159,2889,634,2255
111000160,188,527,-339
111000161,3,251,-248
111000162,12,180,-168
111000163,255,759,-504
111000164,883,1960,-1077
111000165,1427,428,999
111000166,1288,371,917
111000167,190,554,-364
111000168,190,476,-286
111000169,234,386,-152
111000170,460,380,80
111000171,416,1106,-690
111000172,69,617,-548
111000173,132,1397,-1265
111000174,73,686,-613
111000175,34,341,-307
111000176,93,219,-126
111000177,92,322,-230
111000178,418,423,-5
111000179,47,234,-187
111000180,121,305,-184
111000181,397,259,138
111000182,94,170,-76
111000183,207,220,-13
111000184,238,194,44
111000185,238,598,-360
111000186,140,426,-286
111000187,59,369,-310
111000188,111,525,-414
111000189,1712,705,1007
111000190,201,695,-494
111000191,103,580,-477
111000192,129,835,-706
111000193,385,476,-91
111000194,11,564,-553
111000195,61,592,-531
111000196,5,412,-407
111000197,120,267,-147
111000198,164,197,-33
111000199,52,191,-139
111000200,95,368,-273
111000201,202,305,-103
111000202,60,249,-189
111000203,127,235,-108
111000204,204,258,-54
111000213,79,455,-376
111000214,1120,1671,-551
111000215,583,1284,-701
111000217,626,920,-294
111000218,718,1009,-291
111000219,325,243,82
111000220,3484,675,2809
111000221,586,224,362
111000224,8,280,-272
111000225,216,91,125
111000226,200,1,199
111000227,35,6,29
111000228,15,139,-124
111000229,24,256,-232
111000230,173,691,-518
111000231,277,1818,-1541
111000232,147,1261,-1114
111000233,189,973,-784
111000234,39,165,-126
111000239,181,263,-82
111000240,24,70,-46
111000241,37,556,-519
111000242,41,55,-14
111000243,39,1126,-1087
111000244,89,118,-29
111000245,228,751,-523
111000246,91,848,-757
111000247,60,1660,-1600
111000248,233,418,-185
111000249,410,1245,-835
111000250,19,210,-191
111000251,30,203,-173
111000253,0,0,0
111000255,0,0,0
111000257,0,0,0
111000260,50,1567,-1517
111000261,370,88,282
111000271,37,359,-322
111000273,6708,1291,5417
111000274,1058,1839,-781
111000275,72,90,-18
111000276,227,3270,-3043
111000277,147,697,-550
111000278,448,345,103
111000291,371,2164,-1793
111000298,183,305,-122
111000299,479,64,415
111000300,56,602,-546
111000302,120,69,51
111000303,70,329,-259
111000312,68,55,13
111000315,0,152,-152
111000320,326,793,-467
111000321,223,33,190
111000322,79,645,-566
111000323,68,13,55
111000324,268,288,-20
111000325,9,83,-74
111000326,57,444,-387
111000327,344,675,-331
111000328,161,470,-309
111000329,2,27,-25
111000330,13,16,-3
111000331,1,1,0
111000332,320,1283,-963
111000334,353,1967,-1614
111000335,247,85,162
111000337,198,522,-324
111000338,10,132,-122
111000339,126,951,-825
111000340,58,1118,-1060
111000341,398,148,250
111000342,45,244,-199
111000344,466,704,-238
111000345,64,22,42
111000346,12,120,-108
111000347,12,6,6
111000350,167,200,-33
111000351,45,226,-181
111000352,89,193,-104
111000353,110,297,-187
111000354,206,208,-2
111000355,102,870,-768
111000358,81,2252,-2171
111000360,80,1285,-1205
111000361,79,573,-494
111000546,145,783,-638
111000547,124,795,-671
111000548,54,173,-119
111000549,149,499,-350
111000550,48,278,-230
111000551,591,109,482
111000552,202,48,154
111000907,112,62,50
111000908,10,1,9
111000916,373,252,121
111000917,54,340,-286
111000918,80,1406,-1326
111000920,124,7,117
111000921,3,340,-337
111000922,118,448,-330
111000924,13,1379,-1366
111000925,1026,1496,-470
111000926,820,2989,-2169
111000927,3108,3123,-15
111000928,6923,3890,3033
111000929,601,858,-257
111000930,593,2832,-2239
111000931,1066,1475,-409
111000932,3453,2620,833
111000933,2659,1602,1057
111000934,2378,2891,-513
111000935,584,964,-380
111000936,518,2434,-1916
111000937,397,1018,-621
111000938,1512,2699,-1187
111000939,143,36,107
111000940,137,257,-120
111000941,141,723,-582
111000943,81,265,-184
111000944,39,590,-551
111000945,31,2876,-2845
111001109,196,119,77
111001110,83,841,-758
111001111,20,6,14
111001112,70,4,66
111001113,27,77,-50
111001114,827,35,792
111001115,40,335,-295
111001116,6446,1100,5346
111001117,650,439,211
111001120,71,384,-313
111001121,80,432,-352
111001122,143,947,-804
111001123,55,105,-50
111001124,11,283,-272
111900001,2,142,-140
111900002,4,918,-914
111900003,1,589,-588
111900004,16,235,-219
111900006,3,9,-6
111900007,11,2,9
111900008,30,6,24
111900009,31,173,-142
111900010,129,643,-514
111900012,88,106,-18
111900013,4,78,-74
111900014,9811,1404,8407
111900015,0,81,-81
111900016,0,258,-258
111900017,1,201,-200
111900018,33,3,30
111900019,2,62,-60
111900020,6,34,-28
111900021,12,77,-65
111900022,8,71,-63
111900023,159,58,101
111900024,0,101,-101
111900025,0,53,-53
111900026,2,119,-117
111900027,7,216,-209
111900028,3,641,-638
111900029,1,124,-123
111900030,71,532,-461
111900031,3,64,-61
111900032,3,521,-518
111900033,4,122,-118
111900034,139,670,-531
111900035,33,367,-334
111900036,0,484,-484
111900038,363,583,-220
111900039,65,530,-465
111900040,8,954,-946
111900042,67,89,-22
111900043,5,609,-604
111900044,261,310,-49
111900046,79,324,-245
111900048,40,1185,-1145
111900049,19,460,-441
111900050,38,12,26
111900051,2,317,-315
111900052,480,791,-311
111900053,1712,245,1467
111900054,57,4,53
111900055,48,939,-891
111900056,143,93,50
111900057,31,56,-25
111900058,114,988,-874
111900059,2553,181,2372
111900060,155,2,153
111900061,14,396,-382
111900062,5,29,-24
111900063,119,247,-128
111900064,139,314,-175
111900065,26,23,3
111900066,28,86,-58
111900067,1,435,-434
111900068,25,14,11
111900069,56,11,45
111900070,28,135,-107
111900071,0,405,-405
111900072,6,5,1
111900073,235,43,192
111900074,7,276,-269
111900075,16,3,13
111900076,25,11,14
111900077,5,0,5
111900078,70,4,66
111900079,22,6,16
111900080,181,63,118
111900081,854,104,750
111900082,24,10,14
111900083,24,5,19
111900084,10,1,9
111900085,23,29,-6
111900086,26,1,25
111900087,8,1,7
111900088,108,0,108
111900089,27,0,27
111900090,77,10,67
111900091,27,2,25
111900092,17,1,16
111900093,118,1,117
111900094,16,0,16
111900095,131,4,127
111900096,13,4,9
111900097,10,0,10
111900098,62,0,62
111900099,15,1,14
111900100,50,2,48
111900101,40,5,35
111900102,164,1167,-1003
111900103,52,27,25
111900104,52,79,-27
111900105,168,99,69
111900106,2038,72,1966
111900107,44,121,-77
111900108,76,28,48
111900109,372,132,240
111900110,4447,196,4251
111900111,38,294,-256
111900112,1097,832,265
111900113,289,88,201
111900114,257,109,148
111900115,9,33,-24
111900118,63,16,47
111900119,114,30,84
111900122,76,8,68
111900123,16,23,-7
111900124,24,108,-84
111900125,118,10,108
111900126,67,1,66
111900127,4,905,-901
111900128,3,748,-745
111900129,65,11,54
111900130,127,14,113
111900131,77,1,76
111900132,19,1704,-1685
111900133,3,453,-450
111900134,27,412,-385
111900135,1,11,-10
111900136,38,54,-16
111900137,58,54,4
111900138,6,67,-61
111900139,12,185,-173
111900140,16,30,-14
111900141,16,5,11
111900142,48,10,38
111900143,1,347,-346
111900144,0,182,-182
111900145,8,984,-976
111900146,7,484,-477
111900147,235,686,-451
111900148,62,1117,-1055
111900149,13,563,-550
111900150,16,268,-252
111900151,1,25,-24
111900152,133,31,102
111900153,1657,97,1560
111900154,4,91,-87
111900155,56,14,42
111900156,9,17,-8
111900157,21,2,19
111900158,106,27,79
111900159,74,16,58
111900160,68,2,66
111900161,36,2,34
111900162,109,57,52
111900163,23,167,-144
111900164,32,34,-2
111901113,100,359,-259
111901114,43,547,-504
111901115,21,0,21
111901116,9,2,7
111901117,8,10,-2
111901118,81,34,47
111901119,1889,95,1794
111901120,108,239,-131
111901121,134,409,-275
111901122,8,698,-690
111901123,32,605,-573
111901124,62,0,62
111901125,48,170,-122
111901126,76,19,57
111901127,1211,163,1048
111901128,18,138,-120
111901129,1,170,-169
111901130,12,342,-330
111901131,1,289,-288
111901132,33,3,30
111901133,5,2,3
111901134,25,1,24
111901135,3,5,-2
111901136,3,8,-5
111901137,0,17,-17
111901138,40,32,8
111901139,16,60,-44
111901140,4,176,-172
111901141,5,313,-308
111901142,5,131,-126
111901143,2,103,-101
111901144,45,21,24
111901145,150,138,12
111901146,209,6,203
112000001,1041,649,392
112000002,618,2909,-2291
112000003,420,701,-281
112000004,486,2178,-1692
112000005,1231,1099,132
112000006,1299,2361,-1062
112000007,1073,998,75
112000008,1738,2686,-948
112000009,4139,3887,252
112000010,1729,2125,-396
112000011,1898,2935,-1037
112000012,7650,1390,6260
112000013,8060,3967,4093
112000014,3031,548,2483
112000015,3742,2269,1473
112000016,3395,893,2502
112000017,1452,1382,70
112000024,1754,715,1039
112000026,5457,6261,-804
112000027,502,351,151
112000028,1687,2186,-499
112000029,259,412,-153
112000030,207,185,22
112000031,1750,1926,-176
112000032,816,78,738
112000033,2554,691,1863
112000034,415,73,342
112000035,96,369,-273
112000036,775,557,218
112000037,710,1391,-681
112000038,628,1079,-451
112000039,9,85,-76
112000040,136,469,-333
112000041,356,795,-439
112000042,930,373,557
112000050,358,1618,-1260
112000051,488,641,-153
112000054,1704,2861,-1157
112000057,732,381,351
112000058,491,535,-44
112000059,1221,348,873
112000061,8908,1706,7202
112000062,4135,548,3587
112000063,2836,647,2189
112000064,6316,7284,-968
112000065,2771,3515,-744
112000066,2550,672,1878
112000067,657,869,-212
112000068,1358,811,547
112000069,528,3194,-2666
112000070,1147,403,744
112000071,674,4143,-3469
112000072,694,893,-199
112000073,1038,2240,-1202
112000074,502,727,-225
112000075,692,888,-196
112000076,3450,3127,323
112000077,315,837,-522
112000078,861,896,-35
112000079,1328,1733,-405
112000080,391,1194,-803
112000081,952,2296,-1344
112000082,876,622,254
112000083,459,2038,-1579
112000084,697,702,-5
112000085,604,1496,-892
112000086,1076,1782,-706
112000087,177,700,-523
112000088,186,910,-724
112000089,175,370,-195
112000090,243,491,-248
112000091,576,1673,-1097
112000092,833,767,66
112000093,1259,1447,-188
112000094,248,807,-559
112000095,365,919,-554
112000096,167,736,-569
112000097,378,557,-179
112000098,795,2217,-1422
112000099,437,458,-21
112000100,811,942,-131
112000101,251,1388,-1137
112000102,486,597,-111
112000103,184,1855,-1671
112000105,367,2601,-2234
112000106,488,439,49
112000107,8,217,-209
112000108,106,2122,-2016
112000109,34,59,-25
112000110,735,384,351
112000111,1367,6520,-5153
112000112,2252,434,1818
112000113,976,3164,-2188
112000114,1502,829,673
112000115,103,697,-594
112000116,538,1203,-665
112000117,391,665,-274
112000118,583,1122,-539
112000119,355,1161,-806
112000120,42,467,-425
112000121,50,985,-935
112000122,134,127,7
112000123,157,162,-5
112000124,59,66,-7
112000125,78,110,-32
112000126,74,943,-869
112000127,3058,907,2151
112000128,1650,752,898
112000129,65,152,-87
112000130,37,33,4
112000131,14,440,-426
112000132,38,341,-303
112000133,151,231,-80
112000134,344,470,-126
112000135,578,528,50
112000136,739,1521,-782
112000137,755,1158,-403
112000138,1102,1711,-609
112000139,682,166,516
112000140,922,1356,-434
112000141,233,216,17
112000142,138,1184,-1046
112000143,430,230,200
112000144,208,2032,-1824
112000145,1005,811,194
112000146,513,2809,-2296
112000147,1002,1539,-537
112000148,1411,2372,-961
112000149,119,868,-749
112000150,43,835,-792
112000151,226,760,-534
112000152,167,388,-221
112000153,202,360,-158
112000154,66,148,-82
112000155,103,76,27
112000157,478,421,57
112000158,95,950,-855
112000159,190,419,-229
112000167,144,16,128
112000169,276,358,-82
112000173,364,305,59
112000175,197,438,-241
112000176,6995,2070,4925
112000177,170,66,104
112000178,52,726,-674
112000179,73,193,-120
112000180,211,226,-15
112000181,825,2318,-1493
112000182,335,2880,-2545
112000183,28,56,-28
112000184,193,800,-607
112000185,150,707,-557
112000187,2156,2363,-207
112000195,51,6,45
112000196,66,2,64
112000197,49,102,-53
112000198,44,620,-576
112000199,860,1310,-450
112000202,90,3,87
112000216,42,132,-90
112000230,26,1,25
112000231,2,650,-648
112000256,24,112,-88
112000313,196,338,-142
112000314,20,5,15
112000337,137,538,-401
112000352,144,132,12
112000392,2932,1155,1777
112000398,598,742,-144
112000399,1608,968,640
112000400,1774,5088,-3314
112000401,2785,3559,-774
112000402,1064,1620,-556
112000403,1491,1209,282
112000404,195,526,-331
112000405,1105,2267,-1162
112000406,3444,3714,-270
112000407,2644,5049,-2405
112000408,8384,7713,671
112000409,1437,5818,-4381
112000410,168,79,89
112000411,5319,429,4890
112000412,941,277,664
112000413,11421,1443,9978
112000414,41,127,-86
112000415,66,66,0
112000416,1031,1436,-405
112000417,145,64,81
112000421,15,177,-162
112000422,226,687,-461
112000424,2516,1177,1339
112000425,270,1223,-953
112000426,63,256,-193
112000427,1,22,-21
112000428,42,570,-528
112000429,1657,3302,-1645
112000430,1490,3761,-2271
112000431,38,101,-63
112000432,437,2764,-2327
112000433,796,597,199
112000437,26,437,-411
112900001,19,4,15
112900002,66,1670,-1604
112900003,14,296,-282
112900004,13,427,-414
112900005,51,361,-310
112900006,9,501,-492
112900007,3,175,-172
112900008,0,8,-8
112900009,305,85,220
112900010,70,991,-921
112900011,371,319,52
112900012,0,45,-45
112900013,0,186,-186
112900014,2,444,-442
112900015,334,1272,-938
112900016,0,294,-294
112900017,27,190,-163
112900018,3,487,-484
112900019,66,155,-89
112900020,581,2036,-1455
112900021,7,277,-270
112900022,9,71,-62
112900023,0,400,-400
112900024,7,194,-187
112900025,56,202,-146
112900026,3,334,-331
112900027,1,1678,-1677
112900028,25,123,-98
112900029,3,839,-836
112900030,356,222,134
112900031,4,675,-671
112900032,76,296,-220
112900034,2,67,-65
112900035,4,662,-658
112900036,25,169,-144
112900037,123,62,61
112900038,125,148,-23
112900039,26,386,-360
112900040,16,357,-341
112900041,1729,674,1055
112900042,36,421,-385
112900043,7,30,-23
112900044,448,386,62
112900045,653,310,343
112900046,289,65,224
112900047,17,4,13
112900049,23,63,-40
112900050,55,763,-708
112900051,335,941,-606
112900052,5,1326,-1321
112900053,368,121,247
112900054,246,27,219
112900055,184,9,175
112900056,196,100,96
112900057,6,971,-965
112900058,183,64,119
112900059,49,160,-111
112900060,7,324,-317
112900061,21,195,-174
112900062,28,175,-147
112900063,33,2,31
112900064,165,136,29
112900065,7,5,2
112900066,119,29,90
112900067,777,124,653
112900068,17,10,7
112900069,3435,352,3083
112900071,7,0,7
112900072,262,306,-44
112900073,162,16,146
112900074,44,60,-16
112900075,2805,299,2506
112900076,25,3,22
112900078,117,139,-22
112900079,58,4,54
112900080,8,0,8
112900081,20,33,-13
112900082,145,11,134
112900083,9,18,-9
112900084,54,31,23
112900085,0,1,-1
112900086,15,0,15
112900087,211,35,176
112900088,16,1,15
112900089,315,3,312
112900090,8,4,4
112900091,47,0,47
112900092,85,59,26
112900093,471,2,469
112900094,10,0,10
112900095,6,0,6
112900096,193,47,146
112900097,14,443,-429
112900098,28,0,28
112900099,174,5,169
112900100,6,0,6
112900101,42,1,41
112900102,73,5,68
112900103,65,4,61
112900104,6,3,3
112900105,1,0,1
112900106,211,45,166
112900107,1,1,0
112900108,3,0,3
112900109,9,0,9
112900110,193,1,192
112900111,152,1,151
112900112,52,3,49
112900113,0,12,-12
112900114,15,24,-9
112900115,241,2,239
112900116,22,45,-23
112900117,123,131,-8
112900118,22,76,-54
112900119,26,2,24
112900120,786,163,623
112900121,253,171,82
112900122,20,170,-150
112900123,160,5,155
112900124,4,139,-135
112900125,118,323,-205
112900126,107,322,-215
112900127,129,31,98
112900128,504,841,-337
112900129,5,1448,-1443
112900130,85,60,25
112900131,31,260,-229
112900132,72,437,-365
112900133,29,1754,-1725
112900134,1,321,-320
112900135,46,9,37
112900136,0,43,-43
112900137,4,1147,-1143
112900138,5,644,-639
112900139,184,1227,-1043
112900140,0,135,-135
112900141,268,31,237
112900142,59,43,16
112900143,43,719,-676
112900144,2,303,-301
112900145,27,526,-499
112900146,11,1897,-1886
112900147,11,2931,-2920
112900148,6,0,6
112900149,172,665,-493
112900151,29,46,-17
112900152,6382,1329,5053
112900153,1460,724,736
112900154,1,97,-96
112900155,27,4,23
112900156,71,2517,-2446
112900157,46,1,45
112900158,4,11,-7
112900159,137,30,107
112900160,15,312,-297
112900161,23,22,1
112900162,27,12,15
112900163,92,18,74
112900164,15,62,-47
112900165,112,25,87
112900166,2,26,-24
112900167,10,12,-2
112900168,2,2,0
112900169,1,1,0
112900170,18,108,-90
112900172,98,4,94
112900173,255,120,135
112900174,126,9,117
112900175,133,45,88
112900176,10,6,4
112900177,93,14,79
112900178,433,533,-100
112900179,49,764,-715
112900180,615,3517,-2902
112900181,160,3,157
112900182,10,1959,-1949
112900183,112,233,-121
112900184,399,326,73
112900185,272,426,-154
112900186,1928,502,1426
112900187,38,166,-128
112900188,995,335,660
112900189,5,41,-36
112900190,1,84,-83
112900192,272,166,106
112900193,788,173,615
112900194,14,99,-85
112900195,279,17,262
112900196,252,896,-644
112900197,101,595,-494
112900199,143,669,-526
112900200,177,289,-112
112900201,46,97,-51
112900202,73,1248,-1175
112900203,32,317,-285
112900204,592,238,354
112900205,0,11,-11
112900206,6,47,-41
112900207,7,0,7
112900208,82,67,15
112900209,261,485,-224
112900210,0,28,-28
112900211,47,27,20
112900212,0,72,-72
112900213,5,7,-2
112900214,11,2,9
112900215,3,289,-286
112900216,26,49,-23
112900217,0,89,-89
112900218,8,17,-9
112900219,13,25,-12
112900220,0,1,-1
112900221,5,128,-123
112900222,0,15,-15
112900223,346,11,335
112900224,120,949,-829
112900225,166,702,-536
112900226,365,230,135
112900227,106,1950,-1844
112900228,14,30,-16
112900229,29,61,-32
112900230,10127,2407,7720
112900232,169,108,61
112900233,30,229,-199
112900234,3,183,-180
112900235,34,11,23
112900236,33,11,22
112900237,29,396,-367
112900238,3,45,-42
112900239,460,239,221
113000001,4784,4793,-9
113000002,3543,3803,-260
113000003,1970,1765,205
113000004,2106,2230,-124
113000005,1095,1071,24
113000006,762,1282,-520
113000007,1121,1363,-242
113000008,1118,2026,-908
113000009,547,1001,-454
113000010,717,2027,-1310
113000011,648,2222,-1574
113000012,877,655,222
113000013,1562,385,1177
113000014,2701,1896,805
113000015,1180,332,848
113000016,878,360,518
113000017,78,300,-222
113000018,226,57,169
113000019,107,305,-198
113000020,268,27,241
113000021,435,652,-217
113000022,325,1595,-1270
113000025,83,371,-288
113000026,117,453,-336
113000027,593,423,170
113000028,1009,405,604
113000029,1038,562,476
113000030,651,746,-95
113000031,397,271,126
113000032,339,210,129
113000033,550,340,210
113000034,706,447,259
113000035,10,51,-41
113000036,11,82,-71
113000037,66,39,27
113000038,13,86,-73
113000039,128,556,-428
113000040,49,148,-99
113000042,937,993,-56
113000051,492,1637,-1145
113000052,2597,1529,1068
113000053,234,890,-656
113000054,176,731,-555
113000055,535,1131,-596
113000056,474,2248,-1774
113000058,709,1164,-455
113000059,1285,978,307
113000060,57,664,-607
113000061,609,1172,-563
113000062,1558,148,1410
113000063,62,336,-274
113000064,13,487,-474
113000065,112,1538,-1426
113000066,244,70,174
113000067,1010,1298,-288
113000068,440,2715,-2275
113000069,379,1879,-1500
113000070,773,719,54
113000071,270,1070,-800
113000072,280,440,-160
113000073,538,1778,-1240
113000074,980,241,739
113000075,1897,408,1489
113000076,1269,1875,-606
113000077,2285,427,1858
113000078,1561,1637,-76
113000079,957,653,304
113000080,956,583,373
113000081,1285,884,401
113000082,1477,935,542
113000083,603,737,-134
113000084,1693,1136,557
113000085,1334,610,724
113000086,896,1049,-153
113000087,1159,906,253
113000088,2188,1267,921
113000089,959,1572,-613
113000090,301,325,-24
113000091,987,325,662
113000094,584,142,442
113000095,208,1432,-1224
113000096,205,1167,-962
113000097,523,307,216
113000098,85,35,50
113000099,1064,236,828
113000100,133,577,-444
113000101,439,663,-224
113000102,448,179,269
113000103,2448,678,1770
113000104,314,2068,-1754
113000105,368,410,-42
113000106,354,686,-332
113000107,446,937,-491
113000108,778,1790,-1012
113000109,501,2573,-2072
113000110,1590,403,1187
113000111,96,457,-361
113000112,377,362,15
113000113,3105,272,2833
113000114,637,1113,-476
113000116,786,253,533
113000117,758,214,544
113000118,125,305,-180
113000119,149,488,-339
113000120,49,215,-166
113000121,422,983,-561
113000124,117,176,-59
113000125,23,553,-530
113000127,3976,621,3355
113000128,467,628,-161
113000129,774,1208,-434
113000133,5192,905,4287
113000134,2,486,-484
113000135,2826,1689,1137
113000137,3498,1452,2046
113000139,553,168,385
113000140,239,294,-55
113000141,672,134,538
113000142,877,1097,-220
113000143,668,207,461
113000144,436,673,-237
113000145,69,190,-121
113000146,131,111,20
113000147,107,170,-63
113000148,56,246,-190
113000149,96,170,-74
113000150,478,402,76
113000151,180,91,89
113000152,27,176,-149
113000153,2121,683,1438
113000154,823,1079,-256
113000155,225,304,-79
113000156,169,519,-350
113000157,267,928,-661
113000158,509,167,342
113000159,754,371,383
113000160,649,1452,-803
113000161,202,981,-779
113000162,478,324,154
113000163,98,43,55
113000164,21,155,-134
113000166,45,73,-28
113000167,29,260,-231
113000168,44,314,-270
113000169,109,52,57
113000170,72,72,0
113000171,64,123,-59
113000172,166,74,92
113000173,43,8,35
113000174,100,662,-562
113000175,244,153,91
113000176,257,129,128
113000177,107,497,-390
113000178,192,549,-357
113000179,149,115,34
113000180,353,1502,-1149
113000181,640,1346,-706
113000182,354,220,134
113000183,270,665,-395
113000184,3,141,-138
113000189,1172,662,510
113000190,2501,472,2029
113000192,2507,1402,1105
113000193,4832,758,4074
113000194,1684,1225,459
113000195,2222,509,1713
113000196,80,79,1
113000197,1128,779,349
113000198,38,358,-320
113000199,702,420,282
113000201,221,155,66
113000202,3561,1329,2232
113000203,421,128,293
113000204,1459,1363,96
113000205,16,27,-11
113000206,16,47,-31
113000207,42,30,12
113000208,36,57,-21
113000209,22,26,-4
113000210,10,29,-19
113000211,301,142,159
113000212,276,31,245
113000213,70,70,0
113000214,68,170,-102
113000234,87,1764,-1677
113000410,258,84,174
113000411,3210,4421,-1211
113000412,13448,1818,11630
113000413,5843,2124,3719
113000414,17171,7772,9399
113000415,3721,2612,1109
113000416,13650,3371,10279
113000417,4978,2835,2143
113000418,3885,2895,990
113000419,2702,2068,634
113000420,5306,3225,2081
113000421,5153,4386,767
113000422,25053,7022,18031
113000423,3725,3345,380
113000424,5778,6177,-399
113000425,10,72,-62
113000428,1360,33,1327
113000430,276,53,223
113000432,707,50,657
113000433,170,1097,-927
113000434,14,525,-511
113000435,20,1315,-1295
113000436,45,1842,-1797
113000437,200,15,185
113000438,89,10,79
113000439,9,234,-225
113000440,31,30,1
113000441,91,248,-157
113000442,123,485,-362
113000443,52,400,-348
113000444,73,537,-464
113000445,50,169,-119
113000446,20,168,-148
113000448,130,174,-44
113000449,394,630,-236
113000450,710,1483,-773
113000451,1284,154,1130
113000452,460,213,247
113000453,70,237,-167
113000454,548,23,525
113000455,18,166,-148
113000456,4265,2301,1964
113000468,3108,359,2749
113000469,383,139,244
113000470,657,122,535
113000471,21,344,-323
113000472,78,271,-193
113000474,194,759,-565
113000475,1194,2144,-950
113000476,890,2452,-1562
113000477,1644,2825,-1181
113000478,3135,6948,-3813
113000479,77,307,-230
113000480,102,47,55
113000485,0,0,0
113000486,0,0,0
113000487,0,0,0
113000488,0,0,0
113000489,0,0,0
113000490,0,0,0
113000491,0,0,0
113000492,0,0,0
113000493,0,0,0
113000495,180,293,-113
113000496,69,76,-7
113000497,1,0,1
113000499,0,0,0
113000500,0,9,-9
113900001,0,66,-66
113900002,1,151,-150
113900003,0,66,-66
113900004,0,20,-20
113900005,0,20,-20
113900006,6,19,-13
113900007,22,15,7
113900008,23,1,22
113900009,194,1,193
113900010,84,0,84
113900011,3,1,2
113900012,1,0,1
113900013,346,2,344
113900014,1070,1,1069
113900015,0,71,-71
113900016,25,0,25
113900017,0,60,-60
113900018,532,66,466
113900019,36,64,-28
113900020,31,1,30
113900022,5,0,5
113900023,4,1,3
113900024,27,96,-69
113900025,549,17,532
113900026,31,0,31
113900027,2,69,-67
113900028,9,557,-548
113900029,16,460,-444
113900030,49,0,49
113900031,0,0,0
113900032,3,0,3
113900033,41,87,-46
113900035,13,1,12
113900036,11,94,-83
113900037,36,769,-733
113900038,31,29,2
113900039,73,6,67
113900040,2,1,1
113900041,1,0,1
113900042,22,37,-15
113900043,199,106,93
113900044,130,59,71
113900045,58,0,58
113900046,350,831,-481
113900047,27,169,-142
113900048,425,27,398
113900049,1185,99,1086
113900050,110,390,-280
113900051,118,556,-438
113900052,250,111,139
113900053,376,214,162
113900054,9,8,1
113900055,80,660,-580
113900056,26,164,-138
113900057,12,155,-143
113900058,24,200,-176
113900059,70,424,-354
113900060,156,357,-201
113900061,1462,53,1409
113900062,51,5,46
113900063,73,201,-128
113900064,15,209,-194
113900065,684,10,674
113900066,145,694,-549
113900067,27,593,-566
113900068,290,364,-74
113900069,132,12,120
113900070,267,580,-313
113900071,23,81,-58
113900072,34,208,-174
113900073,109,507,-398
113900074,20,513,-493
113900075,681,1130,-449
113900076,161,7,154
113900077,15,318,-303
113900078,22,74,-52
113900079,2,84,-82
113900080,281,180,101
113900081,28,295,-267
113900082,86,273,-187
113900083,109,1027,-918
113900084,127,84,43
113900085,22,347,-325
113900086,9,18,-9
113900087,31,323,-292
113900088,17,52,-35
113900089,217,37,180
113900090,309,252,57
113900091,23,16,7
113900092,36,113,-77
113900093,48,341,-293
113900094,112,667,-555
113900095,49,76,-27
113900096,54,48,6
113900097,0,183,-183
113900098,356,42,314
113900099,0,66,-66
113900100,0,3,-3
113900101,22,51,-29
113900102,59,60,-1
113900103,168,311,-143
113900104,76,118,-42
113900105,17,395,-378
113900106,3,142,-139
113900107,1,35,-34
113900108,195,141,54
113900109,303,123,180
113900110,16,9,7
113900111,45,116,-71
113900112,31,112,-81
113900113,397,420,-23
113900114,0,161,-161
113900115,1,144,-143
113900116,60,110,-50
113900117,52,7,45
113900118,122,183,-61
113900119,409,218,191
113900120,28,39,-11
113900121,20,114,-94
113900122,207,1328,-1121
113900123,244,175,69
113900124,0,85,-85
113900125,1483,152,1331
113900126,87,32,55
113900127,210,343,-133
113900128,66,33,33
113900129,6,72,-66
113900130,1,19,-18
113900131,57,46,11
113900132,21,47,-26
113900133,24,27,-3
113900135,136,579,-443
113900136,69,71,-2
113900137,207,107,100
113900138,48,121,-73
113900139,763,96,667
113900140,646,151,495
113900141,128,551,-423
113900142,57,84,-27
113900143,10,20,-10
113900144,598,101,497
113900145,95,188,-93
113900146,34,52,-18
113900148,139,149,-10
113900149,124,38,86
113900150,1596,580,1016
113900151,130,225,-95
113900152,21,59,-38
113900153,632,462,170
113900154,0,77,-77
113900155,256,49,207
113900156,172,776,-604
113900157,21,197,-176
113900158,584,145,439
113900159,5,272,-267
113900160,344,944,-600
113900161,28,139,-111
113900162,718,474,244
113900163,463,249,214
113900164,126,37,89
113900165,653,771,-118
113900166,412,84,328
113900167,220,43,177
113900168,150,162,-12
113900169,173,551,-378
113900171,49,29,20
113900172,8,332,-324
113900173,59,856,-797
113900174,360,945,-585
113900175,153,51,102
113900176,163,958,-795
113900177,264,254,10
113900178,358,147,211
113900179,16,826,-810
113900180,113,155,-42
113900181,427,109,318
113900182,446,1177,-731
113900183,48,91,-43
113900184,20,674,-654
113900185,154,94,60
113900186,38,59,-21
113900187,23,236,-213
113900188,23,197,-174
113900189,180,59,121
113900190,328,89,239
113900191,103,331,-228
113900192,18,319,-301
113900193,25,324,-299
113900194,2168,1312,856
113900195,313,527,-214
113900196,2,125,-123
113900197,3,339,-336
113900198,24,181,-157
113900199,216,892,-676
113900200,7,272,-265
113900201,2,397,-395
113900202,25,222,-197
113900203,3,330,-327
113900204,24,803,-779
113900205,18,128,-110
113900206,7,130,-123
113900207,0,66,-66
113900208,1,73,-72
113900209,0,119,-119
113900210,572,513,59
113900211,107,23,84
113900212,117,744,-627
113900214,735,352,383
113900215,38,171,-133
113900216,16,1817,-1801
113900217,29,398,-369
113900218,70,27,43
113900219,83,587,-504
113900220,112,79,33
113900221,255,158,97
113900222,381,187,194
113900223,50,1522,-1472
113900224,174,51,123
113900225,880,236,644
113900226,295,108,187
113900227,303,158,145
113900228,378,290,88
113900229,29,550,-521
113900230,5797,1185,4612
113900231,143,226,-83
113900232,55,132,-77
113900233,20,38,-18
113900234,109,342,-233
113900235,29,41,-12
113900236,22,414,-392
113900237,54,3,51
113900238,192,321,-129
113900239,33,33,0
113900240,3,80,-77
113900241,132,65,67
113900242,32,150,-118
113900243,135,510,-375
113900244,559,182,377
113900245,1799,223,1576
113900246,25,15,10
113900247,143,111,32
113900248,5001,843,4158
113900249,1316,169,1147
113900250,42,98,-56
113900251,230,241,-11
113900252,291,16,275
113900253,332,29,303
113900254,158,60,98
113900255,218,15,203
113900256,233,13,220
113900257,37,910,-873
113900258,14,765,-751
113900259,264,298,-34
113900260,50,17,33
113900261,22,223,-201
113900262,113,992,-879
113900263,49,585,-536
113900264,4,884,-880
113900265,82,379,-297
113900266,25,328,-303
113900267,124,478,-354
113900268,202,322,-120
113900269,48,166,-118
113900270,220,370,-150
113900271,608,1929,-1321
113900273,115,5,110
113900274,22,7,15
113900275,21,75,-54
113900276,3,294,-291
113900277,32,0,32
113900278,381,189,192
113900279,177,113,64
113900280,1191,510,681
113900281,355,1083,-728
113900282,775,426,349
113900283,337,366,-29
113900284,868,136,732
113900285,74,21,53
113900286,81,215,-134
113900287,16,141,-125
113900288,1,81,-80
113900289,2090,60,2030
113900290,662,74,588
113900291,152,214,-62
113900292,5,19,-14
113900293,9,310,-301
113900294,197,17,180
113900295,884,273,611
113900296,3000,296,2704
113900297,426,26,400
113900298,10,1942,-1932
113900299,8,211,-203
113900300,7687,2341,5346
113900301,968,220,748
113900302,3013,638,2375
113900303,912,121,791
113900304,2,241,-239
113900305,41,1,40
113900306,3,0,3
113900307,50,0,50
113900308,101,101,0
113900309,9,1164,-1155
113900310,0,25,-25
113900311,1,0,1
113900312,54,80,-26
113900313,43,16,27
114000001,1337,4154,-2817
114000002,130,567,-437
114000003,54,454,-400
114000004,379,693,-314
114000005,157,440,-283
114000006,7839,2759,5080
114000007,754,1750,-996
114000008,2168,1105,1063
114000009,225,215,10
114000011,1972,3713,-1741
114000012,1047,3193,-2146
114000013,839,2684,-1845
114000014,460,614,-154
114000015,817,793,24
114000016,231,547,-316
114000017,105,283,-178
114000018,523,85,438
114000026,538,2330,-1792
114000027,1161,2621,-1460
114000028,1748,2065,-317
114000038,103,294,-191
114000039,56,163,-107
114000040,89,250,-161
114000042,70,294,-224
114000043,24,314,-290
114000044,63,117,-54
114000045,38,134,-96
114000046,4089,5932,-1843
114000047,14,69,-55
114000048,34,85,-51
114000049,2109,1325,784
114000050,2935,1236,1699
114000051,6836,1523,5313
114000052,3593,1133,2460
114000053,40,476,-436
114000054,46,1887,-1841
114000055,170,42,128
114000056,1366,759,607
114000057,10140,2604,7536
114000058,589,624,-35
114000059,279,217,62
114000060,403,1406,-1003
114000061,4247,1325,2922
114000062,2134,754,1380
114000063,5116,2114,3002
114000064,10328,2705,7623
114000065,2320,2357,-37
114000066,198,606,-408
114000067,31,318,-287
114000068,559,389,170
114000069,1035,448,587
114000070,2785,1292,1493
114000071,361,881,-520
114000072,103,493,-390
114000073,10,190,-180
114000074,6,26,-20
114000075,16,261,-245
114000076,9,242,-233
114000077,4,78,-74
114000078,109,2150,-2041
114000079,35,84,-49
114000080,75,158,-83
114000081,33,87,-54
114000082,125,809,-684
114000083,17,322,-305
114000084,92,122,-30
114000085,99,1160,-1061
114000086,110,1061,-951
114000087,17,424,-407
114000088,26,98,-72
114000089,1998,730,1268
114000090,747,489,258
114000091,1965,460,1505
114000092,1324,288,1036
114000093,892,809,83
114000094,257,469,-212
114000095,63,70,-7
114000096,75,739,-664
114000097,54,1459,-1405
114000098,159,41,118
114000099,139,1241,-1102
114000100,419,1024,-605
114000101,209,1814,-1605
114000102,141,266,-125
114000103,98,724,-626
114000104,7,482,-475
114000105,29,68,-39
114000106,873,362,511
114000107,95,142,-47
114000108,2399,1593,806
114000109,219,324,-105
114000110,551,2341,-1790
114000111,527,325,202
114000112,197,1997,-1800
114000113,366,359,7
114000114,1191,1859,-668
114000115,753,520,233
114000116,298,375,-77
114000117,827,283,544
114000118,865,273,592
114000119,483,229,254
114000120,461,1041,-580
114000121,342,639,-297
114000122,282,275,7
114000123,456,206,250
114000124,244,219,25
114000125,633,2047,-1414
114000126,613,170,443
114000127,66,197,-131
114000128,394,621,-227
114000130,260,365,-105
114000131,78,34,44
114000132,788,1235,-447
114000133,1747,2004,-257
114000134,48,294,-246
114000138,88,234,-146
114000139,1292,73,1219
114000144,597,276,321
114000145,106,264,-158
114000146,71,600,-529
114000147,774,632,142
114000148,2047,984,1063
114000149,448,162,286
114000150,1401,883,518
114000151,919,847,72
114000152,224,25,199
114000153,1550,1440,110
114000154,1124,826,298
114000155,2111,1492,619
114000156,951,458,493
114000157,371,691,-320
114000158,3105,871,2234
114000159,254,496,-242
114000160,270,248,22
114000161,1870,1068,802
114000162,1389,732,657
114000163,8,231,-223
114000165,193,144,49
114000166,804,182,622
114000167,6378,1399,4979
114000168,949,851,98
114000169,2601,500,2101
114000170,976,299,677
114000171,480,663,-183
114000174,334,531,-197
114000176,933,491,442
114000177,2212,1053,1159
114000178,37,82,-45
114000179,1234,470,764
114000180,302,725,-423
114000181,1611,1818,-207
114000182,7776,2083,5693
114000183,1130,919,211
114000184,619,2369,-1750
114000185,807,843,-36
114000189,245,52,193
114000190,1024,120,904
114000191,16,35,-19
114000192,402,2081,-1679
114000193,1118,4165,-3047
114000194,1012,1367,-355
114000195,45,7,38
114000196,9,423,-414
114000197,488,50,438
114000198,1319,448,871
114000199,1735,890,845
114000200,645,3460,-2815
114000201,137,1457,-1320
114000202,882,858,24
114000203,293,879,-586
114000204,106,429,-323
114000205,268,2518,-2250
114000206,314,1642,-1328
114000207,607,3064,-2457
114000208,469,4225,-3756
114000209,709,4145,-3436
114000210,357,2180,-1823
114000211,694,1707,-1013
114000212,623,804,-181
114000213,979,648,331
114000214,49,336,-287
114000215,87,74,13
114000216,399,135,264
114000217,71,389,-318
114000218,99,379,-280
114000219,420,350,70
114000220,4,1771,-1767
114000221,247,85,162
114000222,191,1424,-1233
114000223,236,46,190
114000224,86,775,-689
114000225,77,635,-558
114000226,47,294,-247
114000227,473,455,18
114000228,419,1177,-758
114000229,384,1473,-1089
114000230,924,1926,-1002
114000231,440,1224,-784
114000232,303,127,176
114000233,888,149,739
114000234,686,1359,-673
114000235,516,1777,-1261
114000236,3,587,-584
114000237,63,1609,-1546
114000238,30,147,-117
114000239,200,1840,-1640
114000240,453,661,-208
114000241,256,1246,-990
114000242,872,1070,-198
114000243,712,626,86
114000244,325,320,5
114000245,261,630,-369
114000246,140,36,104
114000247,402,746,-344
114000248,453,490,-37
114000249,391,494,-103
114000250,210,634,-424
114000251,100,433,-333
114000252,39,131,-92
114000253,37,379,-342
114000254,13,163,-150
114000255,540,181,359
114000256,1854,533,1321
114000257,578,3011,-2433
114000258,64,711,-647
114000259,50,355,-305
114000260,1,41,-40
114000261,22,12,10
114000262,34,325,-291
114000263,0,0,0
114000264,287,1001,-714
114000265,1,15,-14
114000267,1,1151,-1150
114000268,5,2531,-2526
114000270,90,1,89
114000271,199,160,39
114000283,453,494,-41
114000285,63,413,-350
114000288,40,556,-516
114000289,1097,83,1014
114000293,95,349,-254
114000294,199,494,-295
114000395,645,39,606
114000396,188,268,-80
114000402,160,472,-312
114000403,182,687,-505
114000405,70,754,-684
114000423,55,666,-611
114000424,210,309,-99
114000425,151,856,-705
114000426,183,400,-217
114000427,29,214,-185
114000428,345,69,276
114000429,10,303,-293
114000432,28,200,-172
114000434,14,187,-173
114000435,5,261,-256
114000436,6410,1839,4571
114000437,354,621,-267
114900001,237,1916,-1679
114900002,376,77,299
114900003,244,2999,-2755
114900004,85,156,-71
114900005,226,1256,-1030
114900006,17,17,0
114900007,61,4,57
114900008,43,33,10
114900010,3443,2377,1066
114900011,38,64,-26
114900013,61,67,-6
114900015,30,142,-112
114900018,721,66,655
114900020,54,54,0
114900022,1,581,-580
114900024,60,159,-99
114900025,237,333,-96
114900026,14,53,-39
114900027,308,307,1
114900029,7,21,-14
114900030,131,226,-95
114900031,59,25,34
114900032,115,26,89
114900033,1483,258,1225
114900034,37,429,-392
114900035,153,262,-109
114900036,271,1578,-1307
114900037,91,334,-243
114900038,166,1587,-1421
114900039,628,1107,-479
114900040,50,282,-232
114900041,198,979,-781
114900042,357,1294,-937
114900043,843,473,370
114900044,37,18,19
114900046,57,191,-134
114900047,174,1263,-1089
114900048,38,234,-196
114900049,17,298,-281
114900050,19,871,-852
114900051,15,682,-667
114900052,100,231,-131
114900053,105,287,-182
114900054,49,230,-181
114900057,132,3,129
114900058,0,141,-141
114900059,32,30,2
114900060,2405,314,2091
114900061,78,313,-235
114900062,451,300,151
114900063,58,372,-314
114900064,480,1079,-599
114900065,153,934,-781
114900067,15,505,-490
114900068,67,251,-184
114900069,380,236,144
114900070,156,901,-745
114900072,11,357,-346
114900073,1,336,-335
114900074,140,1455,-1315
114900075,79,1,78
114900076,4,552,-548
114900080,3855,534,3321
114900082,4922,1696,3226
114900083,502,888,-386
114900090,146,134,12
114900091,147,302,-155
114900095,490,149,341
114900096,860,732,128
114900097,21,0,21
114900098,7,274,-267
114900099,48,3,45
115000001,9998,8159,1839
115000002,2502,3002,-500
115000003,3934,5943,-2009
115000004,1757,4183,-2426
115000005,1062,3288,-2226
115000006,393,1325,-932
115000007,31,159,-128
115000008,342,421,-79
115000009,125,372,-247
115000010,239,184,55
115000013,79,75,4
115000015,87,99,-12
115000016,318,138,180
115000019,8,461,-453
115000020,173,182,-9
115000021,246,377,-131
115000022,394,418,-24
115000023,212,318,-106
115000024,1065,709,356
115000025,616,410,206
115000026,171,469,-298
115000027,72,238,-166
115000028,101,671,-570
115000029,146,164,-18
115000030,220,863,-643
115000031,546,244,302
115000032,11,237,-226
115000033,119,20,99
115000034,127,1024,-897
115000035,751,39,712
115000036,1,456,-455
115000037,151,3,148
115000038,30,213,-183
115000039,2933,1893,1040
115000040,7906,2870,5036
115000041,931,1967,-1036
115000042,816,635,181
115000043,2547,2451,96
115000044,3470,5246,-1776
115000045,1488,3086,-1598
115000046,1083,2305,-1222
115000047,978,1944,-966
115000048,1263,3744,-2481
115000049,1435,3442,-2007
115000050,2068,1724,344
115000051,2188,997,1191
115000052,3600,2153,1447
115000053,1119,921,198
115000054,1081,1695,-614
115000055,35,365,-330
115000056,95,206,-111
115000057,268,484,-216
115000058,247,130,117
115000059,93,259,-166
115000061,90,90,0
115000062,52,285,-233
115000063,118,415,-297
115000064,126,226,-100
115000065,20,181,-161
115000067,158,25,133
115000069,60,311,-251
115000070,42,735,-693
115000071,85,7,78
115000072,28,79,-51
115000073,1399,32,1367
115000075,51,36,15
115000076,3318,4422,-1104
115000077,1019,5102,-4083
115000078,408,2554,-2146
115000079,874,2938,-2064
115000080,1176,3678,-2502
115000081,361,1158,-797
115000082,2500,2854,-354
115000083,1337,4603,-3266
115000084,829,1153,-324
115000085,315,1511,-1196
115000086,391,1169,-778
115000087,530,1914,-1384
115000088,1343,608,735
115000089,1699,1763,-64
115000090,1036,462,574
115000091,297,1634,-1337
115000092,241,328,-87
115000093,336,2,334
115000094,9084,4409,4675
115000095,7247,4194,3053
115000096,453,2809,-2356
115000097,315,779,-464
115000098,390,1031,-641
115000099,1005,4155,-3150
115000100,485,586,-101
115000101,319,1809,-1490
115000102,288,163,125
115000103,463,1226,-763
115000105,55,290,-235
115000106,220,226,-6
115000107,139,741,-602
115000108,4381,3549,832
115000109,5998,1994,4004
115000110,1198,631,567
115000111,835,1569,-734
115000112,710,484,226
115000113,993,942,51
115000114,1658,924,734
115000116,3462,1209,2253
115000117,4327,1556,2771
115000118,2248,1300,948
115000119,2425,1670,755
115000120,858,551,307
115000121,2038,766,1272
115000122,4764,713,4051
115000123,2527,1061,1466
115000124,456,533,-77
115000125,288,646,-358
115000126,83,262,-179
115000127,261,174,87
115000128,1267,731,536
115000129,188,122,66
115000130,172,1654,-1482
115000131,237,285,-48
115000132,71,732,-661
115000133,130,432,-302
115000134,104,237,-133
115000135,67,290,-223
115000136,57,257,-200
115000137,55,258,-203
115000138,87,195,-108
115000139,130,359,-229
115000140,79,168,-89
115000141,134,510,-376
115000142,44,443,-399
115000143,201,570,-369
115000144,227,165,62
115000145,93,697,-604
115000146,169,290,-121
115000147,315,619,-304
115000148,270,2161,-1891
115000149,278,196,82
115000150,561,2119,-1558
115000151,344,470,-126
115000152,431,2629,-2198
115000153,390,447,-57
115000154,406,412,-6
115000155,441,1714,-1273
115000156,689,616,73
115000157,891,1071,-180
115000158,747,356,391
115000159,661,417,244
115000160,706,531,175
115000161,511,814,-303
115000162,628,419,209
115000163,691,529,162
115000164,528,519,9
115000165,265,343,-78
115000167,55,52,3
115000168,520,372,148
115000169,587,438,149
115000170,65,167,-102
115000171,191,173,18
115000172,2174,743,1431
115000173,201,251,-50
115000174,41,171,-130
115000175,44,102,-58
115000176,211,48,163
115000177,166,91,75
115000178,8,384,-376
115000179,22,21,1
115000180,53,823,-770
115000181,231,143,88
115000182,275,458,-183
115000183,109,1320,-1211
115000186,552,310,242
115000187,113,821,-708
115000188,457,424,33
115000189,240,465,-225
115000190,697,311,386
115000191,382,465,-83
115000194,173,88,85
115000195,359,215,144
115000196,95,188,-93
115000197,114,591,-477
115000198,128,279,-151
115000199,105,535,-430
115000200,200,146,54
115000201,68,543,-475
115000206,113,78,35
115000207,30,441,-411
115000208,663,686,-23
115000209,257,172,85
115000210,85,87,-2
115000211,175,194,-19
115000212,1350,329,1021
115000224,97,78,19
115000225,62,59,3
115000229,261,141,120
115000230,25,434,-409
115000231,343,2983,-2640
115000232,599,394,205
115000233,45,330,-285
115000234,9,208,-199
115000241,36,374,-338
115000242,40,347,-307
115000243,14,302,-288
115000244,4,146,-142
115000246,21,6,15
115000247,20,12,8
115000248,9,4,5
115000249,30,9,21
115000250,103,64,39
115000251,57,179,-122
115000252,32,193,-161
115000253,11,178,-167
115000258,84,202,-118
115000259,324,165,159
115000261,5,60,-55
115000262,4,31,-27
115000263,13,25,-12
115000264,3,25,-22
115000267,38,96,-58
115000268,29,112,-83
115000269,49,79,-30
115000270,2,28,-26
115000272,78,180,-102
115000273,137,26,111
115000280,2700,65,2635
115000281,838,125,713
115000282,1726,377,1349
115000284,287,87,200
115000296,336,8,328
115000297,210,36,174
115000298,144,69,75
115000300,43,254,-211
115000302,147,213,-66
115000303,179,172,7
115000304,287,116,171
115000305,85,1540,-1455
115000306,59,870,-811
115000307,16,391,-375
115000308,74,9,65
115000309,12,6,6
115000310,500,1806,-1306
115000311,288,1640,-1352
115000313,122,1076,-954
115000314,142,67,75
115000315,1433,204,1229
115000316,17,63,-46
115000317,136,816,-680
115000318,383,249,134
115000319,32,275,-243
115000320,7,174,-167
115000321,171,16,155
115000322,28,298,-270
115000449,451,129,322
115000557,0,287,-287
115000558,124,80,44
115000587,250,318,-68
115000588,2107,4749,-2642
115000589,2511,2473,38
115000590,717,1706,-989
115000591,1392,667,725
115000592,884,1488,-604
115000593,1203,457,746
115000594,887,1208,-321
115000609,136,72,64
115000617,2305,1078,1227
115000624,95,128,-33
115000633,388,1960,-1572
115000634,2433,643,1790
115000635,195,122,73
115000638,1863,856,1007
115000641,90,92,-2
115000642,407,219,188
115000643,128,618,-490
115000644,116,541,-425
115000646,660,930,-270
115000647,150,545,-395
115000648,582,1909,-1327
115000893,3710,721,2989
115000894,64,1369,-1305
115000895,217,1048,-831
115000896,631,246,385
115000897,480,79,401
115000898,973,218,755
115000899,1156,891,265
115000900,85,324,-239
115000901,67,70,-3
115000912,166,81,85
115000913,3,51,-48
115000915,16,1,15
115000916,0,0,0
115000917,0,5,-5
115000918,96,129,-33
115000919,31,20,11
115000920,19,30,-11
115000921,1973,52,1921
115000922,767,302,465
115000923,332,687,-355
115000925,25,69,-44
115000927,6,23,-17
115000933,280,105,175
115000934,38,290,-252
115000935,30,183,-153
115000936,25,146,-121
115000937,750,131,619
115000938,41,71,-30
115000939,80,83,-3
115900001,18,141,-123
115900002,238,237,1
115900003,52,196,-144
115900004,0,62,-62
115900005,36,3,33
115900006,73,490,-417
115900008,9,22,-13
115900009,61,407,-346
115900010,124,269,-145
115900011,139,320,-181
115900012,25,160,-135
115900013,423,174,249
115900014,90,177,-87
115900015,31,177,-146
115900016,40,33,7
115900017,1,1,0
115900018,181,93,88
115900019,1015,32,983
115900020,13,0,13
115900021,2200,78,2122
115900022,2570,15,2555
115900023,10,1,9
115900025,138,184,-46
115900026,1211,466,745
115900027,1,621,-620
115900028,700,71,629
115900029,5,783,-778
115900030,4,3,1
115900031,362,127,235
115900032,267,785,-518
115900033,0,50,-50
115900034,22,771,-749
115900035,24,147,-123
115900036,240,199,41
115900037,13,645,-632
115900038,2,11,-9
115900039,76,460,-384
115900041,250,214,36
115900042,0,4,-4
115900043,27,247,-220
115900044,184,186,-2
115900046,150,326,-176
115900047,40,35,5
115900049,70,309,-239
115900051,2,143,-141
115900052,16,416,-400
115900053,49,444,-395
115900054,37,72,-35
115900055,15,237,-222
115900056,95,542,-447
115900057,9,2,7
115900058,40,100,-60
115900060,29,163,-134
115900061,47,0,47
115900062,11,462,-451
115900063,39,20,19
115900064,151,330,-179
115900065,24,188,-164
115900066,229,189,40
115900067,8,1059,-1051
115900068,4933,91,4842
115900069,150,249,-99
115900070,57,375,-318
115900071,2,940,-938
115900072,102,306,-204
115900073,12,21,-9
115900074,3,440,-437
115900075,22,493,-471
115900076,2,139,-137
115900077,6,430,-424
115900078,43,210,-167
115900079,48,10,38
115900080,504,184,320
115900081,7,121,-114
115900082,221,190,31
115900084,57,21,36
115900085,36,30,6
115900086,1996,524,1472
115900088,20,19,1
115900089,90,994,-904
115900090,93,12,81
115900091,1,24,-23
115900092,7,331,-324
115900093,1,65,-64
115900094,9,606,-597
115900096,2,19,-17
115900097,10,804,-794
115900098,75,596,-521
115900099,23,109,-86
115900100,6,764,-758
115900101,58,565,-507
115900102,10,150,-140
115900103,98,290,-192
115900104,23,247,-224
115900105,51,1028,-977
115900106,16,27,-11
115900107,17,282,-265
115900108,19,39,-20
115900109,41,606,-565
115900110,0,14,-14
115900111,1,105,-104
115900112,23,1258,-1235
115900113,27,20,7
115900114,2,225,-223
115900115,16,199,-183
115900116,85,1383,-1298
115900117,19,9,10
115900118,5,489,-484
115900119,46,113,-67
115900120,13,601,-588
115900121,91,293,-202
115900124,124,216,-92
115900125,120,20,100
115900126,240,60,180
115900127,259,27,232
115900128,11,76,-65
115900129,472,17,455
115900130,28,204,-176
115900131,90,13,77
115900132,91,5,86
115900134,108,2,106
115900135,691,472,219
115900137,3,8,-5
115900139,86,16,70
115900140,55,10,45
115900141,14,20,-6
115900142,11,6,5
115900143,49,183,-134
115900144,32,168,-136
115900146,2,168,-166
115900147,147,178,-31
115900148,1,27,-26
115900149,26,30,-4
115900150,25,116,-91
115900151,9,65,-56
115900152,26,476,-450
115900153,23,280,-257
115900154,566,269,297
115900155,0,96,-96
115900156,340,805,-465
115900157,37,483,-446
115900158,40,4,36
115900159,21,295,-274
115900160,19,3,16
115900161,28,263,-235
115900163,101,149,-48
115900164,104,60,44
115900165,1,104,-103
115900166,195,326,-131
115900168,14,205,-191
115900171,60,397,-337
115900172,25,176,-151
115900173,104,126,-22
115900174,250,198,52
115900175,46,145,-99
115900178,6,1064,-1058
115900179,44,13,31
115900180,27,432,-405
115900181,51,385,-334
115900182,150,393,-243
115900183,88,5,83
115900184,1173,12,1161
115900187,11,106,-95
115900189,2,75,-73
115900190,794,402,392
115900191,52,701,-649
115900192,7,54,-47
115900193,66,33,33
115900194,162,26,136
115900195,426,475,-49
115900198,275,279,-4
115900199,109,327,-218
115900200,508,410,98
115900201,140,273,-133
115900202,3,6,-3
115900203,4,3,1
115900204,0,1,-1
115900205,30,2,28
115900206,35,180,-145
115900207,12,25,-13
115900208,53,531,-478
115900209,2,162,-160
115900210,2,185,-183
115900211,2,298,-296
115900212,52,369,-317
115900213,22,6,16
115900214,82,414,-332
115900215,20,30,-10
115900216,4,82,-78
115900217,3,70,-67
115900218,2,88,-86
115900219,22,10,12
115900220,42,18,24
115900221,11,12,-1
115900222,13,12,1
115900223,12,71,-59
115900224,2081,196,1885
115900225,84,13,71
115900226,9,46,-37
115900227,5,28,-23
115900228,4,44,-40
115900229,8,57,-49
115900230,75,98,-23
115900231,80,5,75
115900232,13,0,13
115900233,38,19,19
115900234,34,13,21
115900235,4,12,-8
115900236,16,20,-4
115900237,1,40,-39
115900238,9,18,-9
115900239,1,39,-38
115900240,4,84,-80
115900241,35,116,-81
115900242,117,120,-3
115900243,4,6,-2
115900244,4,26,-22
115900245,17,20,-3
115900246,30,0,30
115900247,11,3,8
115900248,15,6,9
115900249,5,21,-16
115900250,4,13,-9
115900251,0,4,-4
115900252,0,1,-1
115900253,3,14,-11
115900254,12,21,-9
115900255,7,11,-4
115900256,35,13,22
115900257,1,5,-4
115900258,0,8,-8
115900259,20,4,16
115900260,8,6,2
115900261,10,7,3
115900262,6,2,4
115900263,1,8,-7
115900264,2,15,-13
115900265,0,11,-11
115900266,1,8,-7
115900267,0,3,-3
115900268,3,1,2
115900269,103,591,-488
115900270,139,1120,-981
115900271,13,0,13
115900272,4,0,4
115900273,5,2,3
115900274,0,24,-24
115900275,0,33,-33
115900276,0,113,-113
115900277,0,179,-179
115900278,10,73,-63
115900279,5,109,-104
115900280,28,104,-76
115900281,430,66,364
115900282,16,7,9
116000001,22595,5333,17262
116000002,3670,3668,2
116000003,1683,2196,-513
116000004,1329,1464,-135
116000005,2344,3250,-906
116000006,1326,1062,264
116000007,4901,4671,230
116000008,4274,1288,2986
116000009,1826,3282,-1456
116000010,991,697,294
116000011,675,2033,-1358
116000012,355,475,-120
116000013,19758,5264,14494
116000014,24162,4551,19611
116000015,616,723,-107
116000016,10152,1556,8596
116000017,36,333,-297
116000018,879,387,492
116000019,542,241,301
116000020,445,1412,-967
116000021,181,219,-38
116000022,232,605,-373
116000023,425,348,77
116000024,813,1721,-908
116000025,329,383,-54
116000026,1301,2722,-1421
116000027,477,485,-8
116000028,299,515,-216
116000029,1198,698,500
116000030,285,223,62
116000031,150,212,-62
116000032,113,384,-271
116000033,165,488,-323
116000034,339,927,-588
116000035,146,672,-526
116000036,2111,470,1641
116000037,466,341,125
116000038,458,227,231
116000039,633,335,298
116000040,690,265,425
116000041,283,709,-426
116000042,332,218,114
116000043,37,479,-442
116000044,3,50,-47
116000045,1040,856,184
116000046,943,726,217
116000047,1544,1691,-147
116000048,1554,1276,278
116000049,529,1612,-1083
116000050,1057,1647,-590
116000051,1529,1435,94
116000052,2231,3547,-1316
116000053,900,1064,-164
116000054,390,2927,-2537
116000055,242,2032,-1790
116000056,438,788,-350
116000057,3105,2684,421
116000058,3271,2082,1189
116000059,2498,2649,-151
116000060,3001,871,2130
116000061,482,979,-497
116000062,429,260,169
116000063,376,1293,-917
116000066,105,218,-113
116000067,252,648,-396
116000068,110,119,-9
116000069,163,611,-448
116000078,150,805,-655
116000080,968,1331,-363
116000082,9,209,-200
116000083,733,315,418
116000084,2326,4033,-1707
116000085,1552,767,785
116000086,2191,1498,693
116000087,730,679,51
116000088,814,1594,-780
116000089,96,83,13
116000090,155,166,-11
116000091,97,72,25
116000093,1117,567,550
116000094,382,769,-387
116000095,413,580,-167
116000096,500,1301,-801
116000097,288,787,-499
116000098,181,3552,-3371
116000099,9067,373,8694
116000100,39,14,25
116000101,257,1999,-1742
116000102,136,1420,-1284
116000103,283,234,49
116000104,85,1798,-1713
116000105,513,299,214
116000106,119,1328,-1209
116000107,726,577,149
116000108,8,191,-183
116000111,26,19,7
116000113,151,80,71
116000114,29,204,-175
116000115,135,36,99
116000116,192,888,-696
116000117,715,1340,-625
116000118,794,1722,-928
116000119,1338,1207,131
116000120,2116,5808,-3692
116000121,452,337,115
116000122,1283,3079,-1796
116000123,386,383,3
116000124,313,1613,-1300
116000125,1168,489,679
116000126,300,1852,-1552
116000127,939,1992,-1053
116000128,910,575,335
116000129,342,201,141
116000130,104,210,-106
116000133,259,919,-660
116000134,1045,3663,-2618
116000135,864,1336,-472
116000136,850,2642,-1792
116000137,390,558,-168
116000138,1849,515,1334
116000139,1337,2262,-925
116000140,67,218,-151
116000141,286,1261,-975
116000142,3970,4162,-192
116000143,1730,1406,324
116000144,1005,3491,-2486
116000145,1137,1594,-457
116000146,191,480,-289
116000147,150,109,41
116000148,165,390,-225
116000149,242,504,-262
116000151,344,998,-654
116000153,54,325,-271
116000155,103,179,-76
116000156,1427,1202,225
116000157,13,17,-4
116000158,106,471,-365
116000159,10,8,2
116000160,14,179,-165
116000161,6,152,-146
116000162,57,38,19
116000163,13,7,6
116000164,4,12,-8
116000177,19,106,-87
116000194,45,516,-471
116000195,924,601,323
116000196,3,3,0
116000197,2,5,-3
116000198,1548,922,626
116000200,804,167,637
116000201,427,733,-306
116000202,3,334,-331
116000203,0,109,-109
116000204,15,28,-13
116000205,0,220,-220
116000206,3,149,-146
116000207,0,40,-40
116000233,76,996,-920
116000287,73,690,-617
116000288,42,241,-199
116000292,41,323,-282
116000296,8,258,-250
116000297,27,3,24
116000304,16,21,-5
116000305,1,157,-156
116000346,57,279,-222
116000352,36,71,-35
116000354,25,20,5
116000357,0,9,-9
116000358,127,36,91
116000361,121,9,112
116000372,11219,1621,9598
116000381,71,0,71
116000388,0,68,-68
116000389,410,593,-183
116000445,123,1000,-877
116000446,130,1325,-1195
116000447,8,473,-465
116000448,538,237,301
116000563,934,395,539
116000565,83,608,-525
116000568,25,106,-81
116000579,18,140,-122
116000584,7,15,-8
116000585,10,11,-1
116000586,287,89,198
116000587,76,599,-523
116000589,18,107,-89
116000590,55,58,-3
116000591,26,315,-289
116000592,5,208,-203
116000593,0,61,-61
116000594,155,813,-658
116000595,280,235,45
116000596,37,6,31
116000597,97,69,28
116000598,15,348,-333
116000602,177,146,31
116000605,172,157,15
116000606,8,91,-83
116000607,7,84,-77
116000609,195,472,-277
116000611,46,689,-643
116000612,427,1722,-1295
116000613,157,338,-181
116000614,435,1079,-644
116000615,0,74,-74
116000616,16,187,-171
116000617,26,178,-152
116000618,4,225,-221
116000619,6,41,-35
116000620,16,25,-9
116000621,37,47,-10
116000622,14,94,-80
116000624,16,66,-50
116000627,2,32,-30
116000628,23,849,-826
116000629,7,664,-657
116000630,84,72,12
116000631,26,53,-27
116000632,118,677,-559
116000633,14,976,-962
116000634,95,19,76
116000635,1741,935,806
116000636,543,747,-204
116000637,38,1,37
116000638,7,623,-616
116900001,105,113,-8
116900002,237,7,230
116900003,11,126,-115
116900004,23,25,-2
116900005,73,40,33
116900006,184,154,30
116900007,84,194,-110
116900008,132,615,-483
116900009,11,4,7
116900010,3,1861,-1858
116900011,21,85,-64
116900012,103,207,-104
116900013,7,336,-329
116900014,28,548,-520
116900015,112,118,-6
116900016,42,0,42
116900017,2,1001,-999
116900018,22,20,2
116900019,3,484,-481
116900020,2059,229,1830
116900023,28,12,16
116900024,124,97,27
116900025,288,1265,-977
116900026,149,803,-654
116900027,13,42,-29
116900028,2,144,-142
116900029,11,15,-4
116900031,0,10,-10
116900032,7,523,-516
116900033,2,1,1
116900034,4,97,-93
116900035,82,216,-134
116900036,0,115,-115
116900038,10,3,7
116900041,13,12,1
116900042,1106,164,942
116900043,5,45,-40
116900047,87,22,65
116900049,44,238,-194
116900050,66,330,-264
116900051,32,396,-364
116900052,124,58,66
116900055,0,2,-2
116900057,12,323,-311
116900058,24,496,-472
116900059,2,203,-201
116900060,87,276,-189
116900062,0,8,-8
116900064,31,1209,-1178
116900065,5,94,-89
116900067,44,185,-141
116900068,80,659,-579
116900070,0,1,-1
116900072,12,593,-581
116900073,11,247,-236
116900074,3,57,-54
116900076,4,15,-11
116900077,8,275,-267
116900078,251,198,53
116900079,4,439,-435
116900080,10,22,-12
116900081,255,1677,-1422
116900082,173,1333,-1160
116900083,54,79,-25
116900084,143,44,99
116900085,18,164,-146
116900086,20,225,-205
116900088,459,62,397
116900090,176,82,94
116900091,86,190,-104
116900092,58,920,-862
116900093,2358,1550,808
116900094,8084,1541,6543
116900095,120,198,-78
116900096,84,64,20
116900097,3685,1051,2634
116900098,1146,182,964
116900099,412,233,179
116900100,305,9,296
116900101,218,794,-576
116900103,0,0,0
116900104,29,59,-30
116900105,94,28,66
116900106,507,895,-388
116900107,5149,926,4223
116900110,8,0,8
116900111,108,1631,-1523
116900112,136,1016,-880
116900113,3359,650,2709
116900116,100,227,-127
116900117,22,83,-61
116900118,1283,464,819
116900120,69,142,-73
116900121,24,74,-50
116900122,238,1162,-924
116900123,72,1054,-982
116900124,94,1027,-933
116900125,128,304,-176
116900126,353,484,-131
116900128,3,55,-52
116900129,2,550,-548
116900130,1431,2047,-616
116900131,53,183,-130
116900132,17,66,-49
116900133,37,131,-94
116900134,117,231,-114
116900136,212,152,60
116900137,159,162,-3
116900138,76,258,-182
116900139,78,503,-425
116900140,115,229,-114
116900141,310,378,-68
116900142,1,21,-20
116900143,121,698,-577
116900144,9,22,-13
116900145,53,471,-418
116900147,534,311,223
116900148,1,17,-16
116900149,26,85,-59
116900150,7,12,-5
116900151,46,16,30
116900153,37,45,-8
116900154,358,136,222
116900155,27,25,2
116900157,116,396,-280
116900158,20,46,-26
116900159,30,192,-162
116900160,357,185,172
116900161,11186,2738,8448
116900162,1,188,-187
116900163,44,223,-179
116900164,13,27,-14
116900165,97,67,30
116900166,4,107,-103
116900167,194,64,130
116900168,61,126,-65
116900169,599,125,474
116900170,88,190,-102
116900171,18,315,-297
116900172,235,44,191
116900173,55,50,5
116900174,13,13,0
116900175,131,58,73
116900178,11,240,-229
116900179,67,45,22
116900180,36,41,-5
116900182,227,223,4
116900183,57,84,-27
116900185,4,25,-21
116900186,58,565,-507
116900187,4,11,-7
116900188,61,22,39
116900189,18,0,18
116900191,253,450,-197
116900192,129,170,-41
116900194,32,397,-365
116900195,30,10,20
116900196,13,175,-162
116900197,23,0,23
116900198,361,88,273
116900200,20,52,-32
116900201,16,7,9
116900202,147,91,56
116900203,54,1,53
116900204,27,49,-22
116900206,3,45,-42
116900207,9,24,-15
116900208,2,200,-198
116900209,17,158,-141
116900210,176,200,-24
116900211,176,16,160
116900212,6,99,-93
116900213,109,251,-142
116900214,40,168,-128
116900215,61,85,-24
116900216,104,476,-372
116900218,9,464,-455
116900219,732,478,254
116900220,67,184,-117
116900221,40,257,-217
116900222,236,331,-95
116900223,33,214,-181
116900226,7,75,-68
116900227,73,58,15
116900228,125,296,-171
116900230,32,466,-434
116900231,9,639,-630
116900232,4,582,-578
116900233,75,84,-9
116900234,4,1,3
116900235,78,366,-288
116900238,1565,326,1239
116900239,6,554,-548
116900240,6724,1781,4943
116900241,34,205,-171
116900242,444,113,331
116900243,2,148,-146
116900245,21,14,7
116900246,10,10,0
116900247,142,15,127
116900248,37,12,25
116900249,95,154,-59
116900250,79,68,11
116900251,421,128,293
116900252,30,1151,-1121
116900253,33,81,-48
116900254,5,105,-100
116900255,103,20,83
116900256,103,96,7
116900257,15,895,-880
116900258,2,523,-521
116900259,41,6,35
116900260,1,153,-152
116900261,10,0,10
116900262,52,139,-87
116900263,0,3,-3
116900264,0,2,-2
116900265,7,0,7
116900266,2,54,-52
116900267,1,0,1
116900268,2,9,-7
116900269,241,582,-341
116900271,4028,93,3935
116900272,469,671,-202
116900273,211,18,193
116900274,28,65,-37
116900275,45,160,-115
116900276,1131,48,1083
116900277,866,18,848
116900278,1,22,-21
116900279,2,23,-21
116900280,8,26,-18
116900281,9032,1459,7573
116900282,3,156,-153
116900283,19,158,-139
116900284,16,295,-279
116900285,406,109,297
116900286,209,14,195
116900287,9,111,-102
116900288,39,171,-132
116900289,1,42,-41
116900290,1,64,-63
116900291,2,3,-1
116900292,0,3,-3
116900293,7,134,-127
116900294,16,104,-88
116900295,99,59,40
116900296,27,29,-2
116900297,0,30,-30
116900298,103,40,63
116900299,12,58,-46
116900300,63,219,-156
116900301,32,61,-29
116900302,20,23,-3
116900303,457,19,438
116900304,0,83,-83
116900305,5,12,-7
116900306,13,70,-57
117000001,843,1062,-219
117000002,1217,4743,-3526
117000003,5021,2738,2283
117000004,4620,5238,-618
117000005,805,1290,-485
117000006,905,4769,-3864
117000007,1867,1229,638
117000008,1147,4755,-3608
117000009,4132,1119,3013
117000010,2820,4933,-2113
117000011,907,1667,-760
117000012,732,2034,-1302
117000013,581,1165,-584
117000014,543,2614,-2071
117000015,2522,1180,1342
117000016,249,57,192
117000017,261,130,131
117000018,103,239,-136
117000019,107,0,107
117000020,676,828,-152
117000021,3404,310,3094
117000022,381,51,330
117000023,434,118,316
117000024,445,72,373
117000025,521,665,-144
117000026,1903,616,1287
117000027,1887,1199,688
117000028,1132,476,656
117000030,519,537,-18
117000031,309,131,178
117000032,1625,1437,188
117000033,976,774,202
117000034,179,331,-152
117000035,149,160,-11
117000036,222,254,-32
117000037,134,216,-82
117000038,195,323,-128
117000039,208,312,-104
117000040,147,1706,-1559
117000041,569,159,410
117000044,29,1502,-1473
117000045,218,45,173
117000046,331,791,-460
117000047,256,626,-370
117000048,2073,1604,469
117000049,182,394,-212
117000050,73,3433,-3360
117000051,1152,148,1004
117000052,10,870,-860
117000053,104,75,29
117000054,1020,7,1013
117000055,10,4581,-4571
117000056,375,11,364
117000057,689,2146,-1457
117000060,349,2660,-2311
117000061,698,593,105
117000062,212,558,-346
117000063,863,586,277
117000064,1138,741,397
117000066,1734,774,960
117000067,125,327,-202
117000074,188,111,77
117000076,111,50,61
117000077,155,71,84
117000078,94,625,-531
117000079,176,146,30
117000080,2,443,-441
117000081,448,105,343
117000082,14,40,-26
117000083,39,8,31
117000084,238,4,234
117000085,108,393,-285
117000086,1142,800,342
117000087,93,485,-392
117000088,228,208,20
117000089,908,375,533
117000090,122,1903,-1781
117000091,318,418,-100
117000092,221,2444,-2223
117000093,496,760,-264
117000094,467,3263,-2796
117000095,1126,722,404
117000096,448,3448,-3000
117000097,677,1114,-437
117000098,2904,7499,-4595
117000099,1392,832,560
117000100,110,126,-16
117000101,234,1823,-1589
117000102,678,526,152
117000103,889,2381,-1492
117000104,743,389,354
117000105,533,2700,-2167
117000106,426,623,-197
117000107,397,3397,-3000
117000108,603,652,-49
117000109,1906,4162,-2256
117000110,838,519,319
117000111,2577,4400,-1823
117000112,1727,1914,-187
117000113,68,560,-492
117000114,62,108,-46
117000115,38,247,-209
117000116,34,241,-207
117000117,1314,331,983
117000118,113,147,-34
117000119,109,33,76
117000120,181,39,142
117000121,50,170,-120
117000122,492,592,-100
117000123,1563,22,1541
117000124,228,12,216
117000125,308,48,260
117000126,19,48,-29
117000127,140,329,-189
117000128,476,534,-58
117000129,351,154,197
117000130,82,9,73
117000131,0,40,-40
117000132,929,32,897
117000133,583,95,488
117000134,1,97,-96
117000135,4,30,-26
117000136,1,61,-60
117000137,28,68,-40
117000138,1,467,-466
117000140,322,2633,-2311
117000141,694,484,210
117000181,1234,375,859
117000182,201,118,83
117000195,181,1788,-1607
117000196,57,34,23
117000225,77,3,74
117000226,9,62,-53
117000276,80,17,63
117000277,4,755,-751
117000310,2024,2516,-492
117000315,28,400,-372
117000320,32,0,32
117000906,79,8,71
117000907,9,674,-665
117000908,34,16,18
117000909,36,33,3
117000910,168,115,53
117000911,101,308,-207
117000915,13,845,-832
117000916,11,1,10
117000917,447,13,434
117000918,33,35,-2
117000919,25,203,-178
117000920,6,2283,-2277
117000921,11,3169,-3158
117000922,26,101,-75
117000924,141,552,-411
117000926,1437,76,1361
117000927,900,235,665
117000928,0,268,-268
117000929,115,763,-648
117000930,67,13,54
117000931,361,28,333
117900002,109,320,-211
117900003,1243,266,977
117900005,16,6,10
117900006,0,50,-50
117900007,67,178,-111
117900008,1,68,-67
117900010,68,170,-102
117900011,28,8,20
117900012,13,223,-210
117900013,1,451,-450
117900014,141,364,-223
117900015,19,382,-363
117900016,1443,315,1128
117900017,171,549,-378
117900018,173,30,143
117900019,137,644,-507
117900020,63,136,-73
117900021,20,169,-149
117900022,19,34,-15
117900023,767,74,693
117900024,63,285,-222
117900025,32,36,-4
117900026,158,542,-384
117900028,26,4,22
117900029,103,1156,-1053
117900030,147,130,17
117900031,37,39,-2
117900032,467,152,315
117900033,56,1205,-1149
117900034,26,29,-3
117900035,49,54,-5
117900036,107,909,-802
117900037,37,139,-102
117900038,23,594,-571
117900039,7,113,-106
117900040,131,851,-720
117900041,5,93,-88
117900042,5273,442,4831
117900043,19,79,-60
117900044,116,1233,-1117
117900045,80,65,15
117900048,85,411,-326
117900049,65,664,-599
117900050,12,27,-15
117900051,5,8,-3
117900052,29,228,-199
117900053,570,898,-328
117900054,1,13,-12
117900055,98,69,29
117900056,219,24,195
117900057,728,1525,-797
117900058,41,7,34
117900059,511,70,441
117900060,556,6995,-6439
117900061,6,79,-73
117900063,78,192,-114
117900065,784,1274,-490
117900066,6,34,-28
117900067,176,370,-194
117900069,248,475,-227
117900070,130,5,125
117900071,54,132,-78
117900073,143,441,-298
117900074,75,10,65
117900075,17,121,-104
117900076,7,47,-40
117900077,189,117,72
117900078,172,279,-107
117900080,59,39,20
117900081,643,544,99
117900082,177,160,17
117900083,114,753,-639
117900086,29,39,-10
117900087,56,78,-22
117900088,2951,1676,1275
117900089,954,264,690
117900090,125,959,-834
117900091,153,168,-15
117900092,11,63,-52
117900093,24,113,-89
117900094,14,2,12
117900095,68,740,-672
117900096,46,259,-213
117900097,161,88,73
117900098,6,1,5
117900099,53,598,-545
117900100,32,3,29
117900101,357,892,-535
117900102,29,76,-47
117900103,7,2,5
117900104,4,115,-111
117900105,103,220,-117
117900106,39,89,-50
117900107,7,0,7
117900109,176,311,-135
117900110,17,2,15
117900111,117,7,110
117900112,19,18,1
117900113,4385,1526,2859
117900114,2,0,2
117900115,66,22,44
117900116,1011,720,291
117900117,294,358,-64
117900118,15,0,15
117900119,48,388,-340
117900120,148,106,42
117900121,27,36,-9
117900122,946,1022,-76
117900123,424,984,-560
117900124,575,528,47
117900125,1036,740,296
117900126,392,725,-333
117900127,196,804,-608
117900128,106,1235,-1129
117900129,11,0,11
117900130,793,353,440
117900131,2,143,-141
117900132,3,122,-119
117900133,10,256,-246
117900134,51,271,-220
117900135,12,402,-390
117900136,0,70,-70
117900137,20,479,-459
117900138,0,84,-84
117900139,43,155,-112
117900140,5456,149,5307
117900141,122,291,-169
117900142,9,11,-2
117900144,48,90,-42
117900145,50,5,45
117900146,70,53,17
117900147,18,74,-56
117900148,2988,1032,1956
117900149,21,204,-183
117900150,11,206,-195
117900151,10,175,-165
117900152,72,104,-32
117900153,9,114,-105
117900154,155,616,-461
117900156,660,526,134
117900157,37,382,-345
117900158,78,63,15
117900160,229,255,-26
117900161,2788,2562,226
117900162,92,298,-206
117900163,57,12,45
117900165,0,9,-9
117900166,101,164,-63
117900168,83,160,-77
117900169,0,141,-141
117900170,0,42,-42
117900171,3,17,-14
117900172,15,48,-33
117900173,169,47,122
117900174,29,59,-30
117900175,1,27,-26
117900176,3,77,-74
117900177,5,67,-62
117900178,111,42,69
117900180,295,21,274
117900181,159,142,17
117900182,2,19,-17
117900183,21,136,-115
117900184,6,55,-49
117900185,3,30,-27
117900186,17,36,-19
117900187,19,6,13
117900188,171,17,154
117900189,84,7,77
117900190,0,1,-1
117900191,25,1,24
117900192,45,0,45
117900193,11,52,-41
117900194,5,5,0
117900195,2,16,-14
117900196,8,25,-17
117900207,95,69,26
117900208,38,68,-30
117900209,125,160,-35
117900210,166,182,-16
117900211,11,241,-230
117900212,97,202,-105
117900213,4,17,-13
117900214,1,48,-47
117900215,6,41,-35
117900216,13,8,5
117900217,99,23,76
117900218,231,117,114
117900219,1,21,-20
117900220,25,55,-30
117900222,104,302,-198
117900223,80,113,-33
118000001,638,339,299
118000002,1435,2112,-677
118000003,1160,743,417
118000004,2755,2395,360
118000005,6170,1413,4757
118000006,9836,6684,3152
118000007,7030,1880,5150
118000008,6028,2940,3088
118000009,2453,4589,-2136
118000010,6158,5264,894
118000011,687,3906,-3219
118000012,968,4011,-3043
118000013,3956,3792,164
118000014,2249,4150,-1901
118000016,236,838,-602
118000017,149,492,-343
118000018,207,1043,-836
118000019,1707,1349,358
118000020,1391,1235,156
118000021,737,1534,-797
118000022,2577,642,1935
118000023,1316,273,1043
118000024,1993,635,1358
118000027,19944,4555,15389
118000029,1598,469,1129
118000032,1829,1227,602
118000033,2873,2018,855
118000034,5267,1876,3391
118000035,1656,1504,152
118000036,952,1071,-119
118000037,463,1064,-601
118000038,143,162,-19
118000039,70,496,-426
118000040,1255,2807,-1552
118000041,1405,1696,-291
118000045,652,125,527
118000046,1626,611,1015
118000047,1561,407,1154
118000048,3335,1276,2059
118000051,3271,815,2456
118000052,2653,601,2052
118000053,1444,628,816
118000054,5307,1573,3734
118000055,4842,1690,3152
118000056,607,314,293
118000057,770,330,440
118000058,3575,1059,2516
118000059,1973,654,1319
118000060,707,957,-250
118000061,641,1288,-647
118000062,416,262,154
118000063,285,387,-102
118000064,791,1168,-377
118000065,5758,1480,4278
118000066,703,992,-289
118000067,1574,1045,529
118000068,1728,2838,-1110
118000069,3506,1489,2017
118000070,9532,1579,7953
118000071,4483,4236,247
118000072,2018,881,1137
118000073,2922,429,2493
118000074,334,389,-55
118000075,994,416,578
118000076,998,953,45
118000077,1216,1124,92
118000078,1669,2120,-451
118000079,332,521,-189
118000080,1006,909,97
118000081,1254,1218,36
118000082,313,697,-384
118000083,2914,1051,1863
118000084,3115,1779,1336
118000086,162,877,-715
118000087,7246,2768,4478
118000088,2236,2173,63
118000089,4594,3374,1220
118000090,2580,2038,542
118000091,2077,1773,304
118000092,1587,396,1191
118000093,171,608,-437
118000096,370,466,-96
118000097,541,511,30
118000098,161,193,-32
118000099,219,1267,-1048
118000101,437,378,59
118000102,276,2240,-1964
118000107,4254,462,3792
118000108,482,584,-102
118000110,0,12,-12
118000111,1,887,-886
118000112,85,0,85
118000113,6,1344,-1338
118000114,37,1,36
118000115,14,2,12
118000116,32,0,32
118000117,1315,923,392
118000118,557,766,-209
118000119,764,1490,-726
118000120,1207,1669,-462
118000121,38,501,-463
118000122,737,135,602
118000123,56,282,-226
118000125,1929,1579,350
118000126,508,2109,-1601
118000127,1328,664,664
118000128,673,1353,-680
118000129,817,332,485
118000130,3868,5814,-1946
118000131,856,1415,-559
118000132,2142,1641,501
118000133,386,506,-120
118000135,287,415,-128
118000136,111,647,-536
118000137,472,88,384
118000138,244,1199,-955
118000139,119,169,-50
118000140,2315,2653,-338
118000141,1464,2495,-1031
118000142,1089,2724,-1635
118000143,802,861,-59
118000144,1773,1151,622
118000145,1293,4048,-2755
118000146,820,2344,-1524
118000147,593,2389,-1796
118000148,233,1396,-1163
118000149,519,1444,-925
118000150,207,228,-21
118000151,118,464,-346
118000153,531,1333,-802
118000154,487,1668,-1181
118000155,456,1450,-994
118000156,2475,2374,101
118000157,399,397,2
118000158,84,564,-480
118000159,17,70,-53
118000160,200,542,-342
118000161,249,1306,-1057
118000162,1224,740,484
118000163,334,743,-409
118000164,2262,1546,716
118000168,2153,228,1925
118000169,1254,2388,-1134
118000170,4545,9452,-4907
118000171,192,781,-589
118000172,87,322,-235
118000173,606,1138,-532
118000175,208,249,-41
118000176,189,386,-197
118000177,163,545,-382
118000178,61,41,20
118000179,2105,643,1462
118000180,817,898,-81
118000181,766,482,284
118000182,181,414,-233
118000183,187,264,-77
118000184,332,1552,-1220
118000185,1238,831,407
118000186,580,997,-417
118000187,550,1321,-771
118000188,197,313,-116
118000189,235,948,-713
118000190,3,10,-7
118000191,17,56,-39
118000192,181,149,32
118000193,85,259,-174
118000194,1927,1178,749
118000195,879,473,406
118000196,289,93,196
118000197,223,95,128
118000198,741,293,448
118000199,622,259,363
118000200,53,187,-134
118000201,386,313,73
118000202,58,49,9
118000203,1362,316,1046
118000204,192,169,23
118000205,325,289,36
118000206,131,214,-83
118000207,0,128,-128
118000208,1059,1830,-771
118000209,1084,2305,-1221
118000210,26,34,-8
118000211,4,29,-25
118000213,822,802,20
118000214,696,228,468
118000215,163,276,-113
118000216,1005,3488,-2483
118000217,22,180,-158
118000218,46,147,-101
118000219,463,453,10
118000220,0,9,-9
118000221,55,227,-172
118000222,100,30,70
118000223,9,28,-19
118000224,267,181,86
118000225,79,1078,-999
118000226,297,85,212
118000227,1300,482,818
118000228,275,124,151
118000229,133,22,111
118000230,29,322,-293
118000231,19,200,-181
118000232,394,1343,-949
118000233,484,1019,-535
118000234,127,355,-228
118000236,258,535,-277
118000237,61,855,-794
118000238,49,382,-333
118000239,222,299,-77
118000240,698,67,631
118000241,75,410,-335
118000242,283,957,-674
118000243,76,205,-129
118000244,18,277,-259
118000246,0,5,-5
118000255,35,232,-197
118000256,50,221,-171
118000259,3,68,-65
118000260,98,115,-17
118000261,28,163,-135
118000263,48,196,-148
118000266,90,660,-570
118000267,2,165,-163
118000268,120,4,116
118000270,27,57,-30
118000271,105,308,-203
118000272,28,54,-26
118000273,51,116,-65
118000274,109,480,-371
118000276,165,323,-158
118000295,1,63,-62
118000298,110,663,-553
118000299,44,352,-308
118000301,0,83,-83
118000302,26,147,-121
118000311,87,149,-62
118000312,79,290,-211
118000313,18,264,-246
118000314,28,95,-67
118000315,23,75,-52
118000316,391,613,-222
118000325,13,109,-96
118000326,10,76,-66
118000331,21,92,-71
118000332,4,69,-65
118000333,8,107,-99
118000335,39,0,39
118000336,1,546,-545
118000407,29,90,-61
118000457,5,40,-35
118000465,4072,2350,1722
118000480,19,223,-204
118000489,66,120,-54
118000490,148,589,-441
118000492,185,245,-60
118000510,71,36,35
118000514,160,380,-220
118000515,398,282,116
118000517,448,202,246
118000524,711,160,551
118000525,963,1170,-207
118000530,22,152,-130
118000531,96,219,-123
118000532,91,461,-370
118000533,188,188,0
118000534,299,544,-245
118000535,98,104,-6
118000536,874,310,564
118000537,13,91,-78
118000538,23,103,-80
118000539,6,124,-118
118000540,245,353,-108
118000541,181,150,31
118000542,59,156,-97
118000543,130,246,-116
118000546,29,36,-7
118000560,4181,539,3642
118000562,13,429,-416
118000563,2265,1779,486
118000576,87,256,-169
118000577,126,206,-80
118000578,182,121,61
118000579,893,971,-78
118000595,101,51,50
118000596,0,75,-75
118000597,45,202,-157
118000598,6,0,6
118000599,10,44,-34
118000600,3,55,-52
118000601,4,0,4
118000602,0,51,-51
118000603,0,46,-46
118900001,1759,607,1152
118900002,1365,623,742
118900003,80,18,62
118900004,26,68,-42
118900005,43,2,41
118900006,25,0,25
118900007,8,7,1
118900008,927,41,886
118900009,18,18,0
118900010,8,5,3
118900011,79,37,42
118900012,237,278,-41
118900013,809,21,788
118900015,116,55,61
118900016,18,15,3
118900017,85,75,10
118900018,1332,16,1316
118900019,60,11,49
118900020,123,93,30
118900021,72,366,-294
118900022,100,122,-22
118900023,39,89,-50
118900024,34,180,-146
118900025,21,15,6
118900026,41,132,-91
118900027,367,218,149
118900028,58,135,-77
118900029,73,474,-401
118900030,29,63,-34
118900031,54,178,-124
118900032,36,270,-234
118900033,201,846,-645
118900034,20,16,4
118900035,111,362,-251
118900036,381,622,-241
118900037,199,285,-86
118900038,164,435,-271
118900039,143,338,-195
118900040,81,179,-98
118900041,78,188,-110
118900042,52,90,-38
118900045,141,119,22
118900046,874,112,762
118900047,801,157,644
118900048,52,125,-73
118900049,54,23,31
118900050,11,174,-163
118900051,32,42,-10
118900052,149,285,-136
118900053,27,78,-51
118900054,43,82,-39
118900055,17,128,-111
118900056,18,65,-47
118900057,135,224,-89
118900058,174,560,-386
118900059,13,67,-54
118900060,13,87,-74
118900062,44,248,-204
118900064,672,249,423
118900065,15,125,-110
118900066,48,106,-58
118900067,9358,2869,6489
118900068,3,52,-49
118900069,128,254,-126
118900071,8,45,-37
118900072,227,398,-171
118900073,31,113,-82
118900074,52,127,-75
118900075,19,89,-70
118900076,147,55,92
118900077,134,198,-64
118900078,11,3,8
118900079,39,176,-137
118900080,2,62,-60
118900081,34,16,18
118900082,237,157,80
118900083,10,29,-19
118900084,8,18,-10
118900085,389,898,-509
118900086,8,27,-19
118900087,58,136,-78
118900088,0,20,-20
118900089,13,9,4
118900090,325,487,-162
118900091,169,87,82
118900092,47,91,-44
118900093,96,8,88
118900096,32,8,24
118900097,147,1046,-899
118900099,36,352,-316
118900100,88,193,-105
118900101,27,1048,-1021
118900102,9,47,-38
118900103,42,48,-6
118900104,51,234,-183
118900105,142,152,-10
118900107,265,123,142
118900108,43,143,-100
118900110,1931,241,1690
118900111,164,783,-619
118900112,22,79,-57
118900113,49,912,-863
118900114,7,105,-98
118900115,63,375,-312
118900116,50,208,-158
118900117,33,231,-198
118900118,111,713,-602
118900119,62,367,-305
118900120,62,290,-228
118900121,1,291,-290
118900122,13,362,-349
118900123,84,276,-192
118900124,42,247,-205
118900126,13,163,-150
118900129,117,170,-53
118900130,24,47,-23
118900131,47,274,-227
118900132,168,189,-21
118900133,15,88,-73
118900135,106,259,-153
118900136,199,1035,-836
118900137,1,10,-9
118900139,49,678,-629
118900140,348,1160,-812
118900141,40,470,-430
118900144,71,976,-905
118900145,34,222,-188
118900146,164,888,-724
118900147,57,92,-35
118900148,23,81,-58
118900150,98,219,-121
118900152,204,1046,-842
118900157,66,107,-41
118900158,14,117,-103
118900159,2,284,-282
118900161,53,2,51
118900163,193,70,123
118900164,2,98,-96
118900165,18,521,-503
118900166,45,4,41
118900167,29,212,-183
118900168,2,55,-53
118900169,39,784,-745
118900170,41,108,-67
118900171,1,50,-49
118900174,22,81,-59
118900175,51,369,-318
118900176,47,176,-129
118900177,9,63,-54
118900178,11,119,-108
118900179,0,57,-57
118900181,51,132,-81
118900182,111,31,80
118900183,4,39,-35
118900184,202,66,136
118900185,27,125,-98
118900186,45,113,-68
118900187,77,295,-218
118900188,121,308,-187
118900189,9,371,-362
118900190,5,791,-786
118900191,59,42,17
118900192,89,20,69
118900193,80,10,70
118900195,302,1064,-762
118900196,21,199,-178
118900197,35,139,-104
118900198,5,82,-77
118900199,17,57,-40
118900200,5,9,-4
118900201,6,8,-2
118900202,5,79,-74
118900203,5,45,-40
118900204,5,52,-47
118900205,12,22,-10
118900206,1,68,-67
119000001,718,900,-182
119000002,3969,2704,1265
119000003,1426,1947,-521
119000004,1587,1443,144
119000005,1061,1420,-359
119000006,1175,1532,-357
119000007,2634,3305,-671
119000008,1521,2850,-1329
119000009,6365,2549,3816
119000010,14499,4173,10326
119000011,8670,1898,6772
119000012,8840,3252,5588
119000013,3085,1293,1792
119000014,2909,4377,-1468
119000019,180,244,-64
119000020,894,1441,-547
119000021,2365,2064,301
119000022,4238,1421,2817
119000023,263,187,76
119000024,3344,4715,-1371
119000025,16667,1666,15001
119000026,594,237,357
119000027,1146,425,721
119000028,2458,1463,995
119000029,162,275,-113
119000030,429,1609,-1180
119000031,504,935,-431
119000032,3009,2530,479
119000033,1756,2117,-361
119000034,812,1371,-559
119000035,20,541,-521
119000036,715,1656,-941
119000037,768,3236,-2468
119000038,94,1534,-1440
119000039,108,446,-338
119000040,1416,610,806
119000041,984,980,4
119000048,4783,5251,-468
119000049,1149,4893,-3744
119000050,1629,2743,-1114
119000051,1578,1027,551
119000052,2433,3380,-947
119000053,1657,1338,319
119000054,2091,4875,-2784
119000055,1732,4425,-2693
119000056,1408,2655,-1247
119000057,1240,3359,-2119
119000058,1364,2947,-1583
119000059,791,2115,-1324
119000060,940,839,101
119000061,808,1172,-364
119000062,889,1551,-662
119000063,187,263,-76
119000064,1352,2052,-700
119000065,1666,3889,-2223
119000066,1180,1100,80
119000067,1671,3649,-1978
119000068,976,1255,-279
119000069,996,3264,-2268
119000070,1175,1497,-322
119000071,652,1300,-648
119000072,6933,4683,2250
119000073,4724,5821,-1097
119000074,563,4925,-4362
119000075,558,3392,-2834
119000076,444,1236,-792
119000077,529,742,-213
119000078,268,401,-133
119000079,58,1061,-1003
119000080,98,361,-263
119000081,240,605,-365
119000082,378,372,6
119000083,219,406,-187
119000084,205,767,-562
119000085,723,425,298
119000086,237,536,-299
119000087,1498,1192,306
119000088,201,306,-105
119000089,36,134,-98
119000090,198,171,27
119000091,209,282,-73
119000092,918,241,677
119000093,4514,4726,-212
119000094,1677,4942,-3265
119000095,1024,3998,-2974
119000097,5159,1986,3173
119000098,589,1212,-623
119000099,2113,2275,-162
119000100,1897,2121,-224
119000101,2507,3339,-832
119000102,752,549,203
119000103,1433,617,816
119000104,3882,1813,2069
119000105,575,732,-157
119000106,176,2917,-2741
119000107,320,485,-165
119000108,172,1799,-1627
119000109,66,465,-399
119000110,436,758,-322
119000111,34,487,-453
119000112,201,278,-77
119000113,2782,370,2412
119000114,897,611,286
119000115,152,103,49
119000116,134,75,59
119000117,148,394,-246
119000118,2,0,2
119000123,2217,584,1633
119000124,261,301,-40
119000125,1057,1534,-477
119000126,180,1335,-1155
119000127,182,1402,-1220
119000128,43,13,30
119000131,427,1558,-1131
119000132,4,11,-7
119000133,0,4,-4
119000134,4724,568,4156
119000135,36,302,-266
119000136,61,481,-420
119000137,59,824,-765
119000138,143,712,-569
119000139,121,428,-307
119000140,111,301,-190
119000284,1925,3140,-1215
119000285,3361,2748,613
119000286,7300,5817,1483
119000287,1604,3071,-1467
119000288,1291,2741,-1450
119000289,2646,5905,-3259
119000290,268,659,-391
119000291,4,464,-460
119000293,43,237,-194
119000294,30,35,-5
119000295,2351,831,1520
119000296,107,194,-87
119000302,6156,1602,4554
119000303,23,157,-134
119000314,1769,4505,-2736
119000315,1,1044,-1043
119000316,18,184,-166
119000317,16,797,-781
119900001,91,562,-471
119900002,41,306,-265
119900003,57,1865,-1808
119900004,451,259,192
119900005,54,220,-166
119900006,67,324,-257
119900007,533,69,464
119900008,60,48,12
119900009,302,615,-313
119900010,906,1194,-288
119900011,22,30,-8
119900012,13,39,-26
119900013,1523,690,833
119900014,556,264,292
119900015,49,30,19
119900016,14,119,-105
119900017,19,30,-11
119900018,1236,159,1077
119900019,19,7,12
119900020,70,274,-204
119900021,67,83,-16
119900022,115,177,-62
119900023,937,305,632
119900025,57,29,28
119900026,1268,59,1209
119900027,7,46,-39
119900028,85,38,47
119900029,4,5,-1
119900030,548,473,75
119900031,26,140,-114
119900033,3034,218,2816
119900034,82,241,-159
119900037,34,59,-25
119900038,59,134,-75
119900039,28,1,27
119900040,47,17,30
119900041,65,88,-23
119900042,79,146,-67
119900043,16,206,-190
119900044,149,287,-138
119900046,26,115,-89
119900047,92,30,62
119900048,6,47,-41
119900049,21,13,8
119900050,49,60,-11
119900051,142,19,123
119900052,11,117,-106
119900053,86,211,-125
119900054,21,0,21
119900055,512,238,274
119900057,63,111,-48
119900058,76,0,76
119900059,92,30,62
119900060,79,18,61
119900062,16,45,-29
119900063,16,42,-26
119900064,164,42,122
119900065,96,2,94
119900066,0,1,-1
119900067,25,22,3
119900068,113,3,110
119900069,16,24,-8
119900070,180,7,173
119900071,157,4,153
119900073,2239,580,1659
119900074,28,30,-2
119900075,7272,1791,5481
119900076,177,679,-502
119900077,213,2122,-1909
119900078,204,990,-786
119900079,42,498,-456
119900080,450,1635,-1185
119900081,41,78,-37
119900082,275,156,119
119900083,303,102,201
119900084,434,166,268
119900085,153,70,83
119900087,205,168,37
119900088,42,92,-50
119900089,11,678,-667
119900090,253,98,155
119900091,14,1607,-1593
119900092,10,564,-554
119900093,672,104,568
119900094,19,265,-246
119900095,144,47,97
119900096,78,133,-55
119900097,340,159,181
119900098,33,45,-12
119900099,44,474,-430
119900100,3451,1344,2107
119900101,221,802,-581
119900102,25,574,-549
119900103,26,784,-758
119900104,28,414,-386
119900105,453,1995,-1542
119900106,9,299,-290
119900107,299,4740,-4441
119900108,2071,861,1210
119900109,14,328,-314
119900110,338,1051,-713
119900111,39,541,-502
119900112,3557,582,2975
119900113,55,817,-762
119900114,116,2719,-2603
119900115,68,1810,-1742
119900116,211,192,19
119900117,124,1588,-1464
119900118,18,1754,-1736
119900119,73,497,-424
119900120,722,983,-261
119900121,127,2297,-2170
119900122,299,563,-264
119900123,210,361,-151
119900124,46,1555,-1509
119900125,46,581,-535
119900126,8336,286,8050
119900127,3436,1061,2375
119900128,201,1549,-1348
119900129,44,1441,-1397
119900130,35,389,-354
119900131,19,495,-476
119900132,1,535,-534
119900133,18,33,-15
119900134,2981,330,2651
119900135,0,730,-730
119900136,171,865,-694
119900138,465,980,-515
119900139,17,135,-118
119900140,2,236,-234
119900141,163,329,-166
119900142,8,27,-19
119900143,11,358,-347
119900144,3284,312,2972
119900145,64,391,-327
119900146,224,107,117
119900147,2,119,-117
119900148,51,71,-20
119900149,2633,1954,679
119900150,125,249,-124
119900151,1789,928,861
119900152,57,620,-563
119900153,38,85,-47
119900154,2,420,-418
119900155,9,44,-35
119900156,3,14,-11
119900157,32,468,-436
119900158,73,100,-27
119900159,4,2306,-2302
119900160,7,473,-466
119900161,121,349,-228
119900162,492,545,-53
119900163,147,78,69
119900164,0,1,-1
119900165,35,458,-423
119900166,64,58,6
119900167,51,229,-178
119900168,272,404,-132
119900169,157,137,20
119900170,141,168,-27
119900171,712,754,-42
119900172,188,21,167
119900173,3,711,-708
119900174,6,548,-542
119900175,456,779,-323
119900177,18,315,-297
119900178,8,291,-283
119900179,31,163,-132
119900180,550,679,-129
119900181,50,49,1
119900182,8,784,-776
119900183,113,1348,-1235
119900184,3952,569,3383
119900185,13,76,-63
119900186,64,208,-144
119900187,17,938,-921
119900188,13,302,-289
119900189,412,176,236
119900190,50,139,-89
119900191,229,138,91
119900192,8,218,-210
119900193,79,302,-223
119900194,4,28,-24
119900195,13,372,-359
119900196,3068,484,2584
119900197,67,143,-76
119900198,75,578,-503
119900199,200,11,189
119900200,238,752,-514
119900201,625,361,264
119900202,342,99,243
119900203,85,231,-146
119900204,135,395,-260
119900205,168,947,-779
119900206,17,225,-208
119900208,80,159,-79
119900209,197,462,-265
119900210,13,42,-29
119900211,100,16,84
119900212,43,307,-264
119900213,3,39,-36
119900214,8,161,-153
119900215,11,173,-162
119900216,6,182,-176
119900217,2,97,-95
119900218,12,79,-67
119900219,5,184,-179
119900220,4,218,-214
119900221,23,693,-670
119900222,19,487,-468
119900223,26,207,-181
119900224,36,54,-18
119900225,2036,58,1978
119900226,1653,914,739
119900227,2264,532,1732
119900228,111,506,-395
119900229,259,562,-303
119900230,1903,780,1123
119900231,50,244,-194
119900232,146,68,78
119900233,16,1,15
119900234,14,35,-21
119900235,33,19,14
119900236,16,344,-328
119900237,82,712,-630
119900238,4,98,-94
119900240,38,207,-169
119900241,87,429,-342
119900242,2437,751,1686
119900244,831,1345,-514
119900245,47,180,-133
119900246,187,242,-55
119900247,12,42,-30
119900248,20,39,-19
119900249,102,50,52
119900253,5405,340,5065
119900254,32,153,-121
119900255,55,816,-761
119900256,154,2314,-2160
119900257,26,1,25
119900258,18,4,14
119900259,4,369,-365
119900260,35,0,35
119900261,85,310,-225
119900262,1,451,-450
119900263,950,482,468
119900264,26,522,-496
119900265,139,605,-466
119900266,78,429,-351
119900267,51,600,-549
119900268,89,446,-357
119900269,180,2486,-2306
119900271,25,152,-127
119900272,93,49,44
119900275,62,8,54
119900276,6,1,5
119900277,2,1,1
119900278,240,50,190
119900279,136,204,-68
119900280,1190,236,954
119900281,2,66,-64
119900282,45,8,37
119900283,6,520,-514
119900284,44,221,-177
119900285,14,32,-18
119900286,7,21,-14
119900288,7,47,-40
119900289,0,51,-51
119900290,1,37,-36
119900291,0,44,-44
119900292,17,4,13
119900293,6,1,5
119900294,5,0,5
119900295,3,0,3
119900296,10,6,4
119900299,34,444,-410
119900300,140,344,-204
119900301,108,41,67
119900302,75,61,14
119900303,156,417,-261
119900304,67,29,38
119900305,43,121,-78
119900306,19,1,18
119900307,14,216,-202
119900308,0,21,-21
119900309,5,32,-27
119900310,264,340,-76
119900311,43,226,-183
119900312,79,152,-73
119900313,140,502,-362
119900314,55,292,-237
119900315,401,4188,-3787
119900318,6,9,-3
119900319,2,584,-582
119900320,170,1058,-888
119900321,13,2,11
119900322,83,66,17
119900323,6,128,-122
119900324,0,51,-51
119900325,5,470,-465
119900326,152,98,54
120000001,8904,6769,2135
120000002,2410,4277,-1867
120000003,4344,2862,1482
120000004,3635,3532,103
120000005,6592,2869,3723
120000006,1574,1652,-78
120000007,3808,2576,1232
120000008,1133,1726,-593
120000009,6692,1274,5418
120000010,1347,4652,-3305
120000011,977,2880,-1903
120000012,1474,4260,-2786
120000013,1669,3543,-1874
120000014,425,2074,-1649
120000015,2149,2056,93
120000016,2744,2376,368
120000017,1789,1627,162
120000018,6731,6342,389
120000019,884,1049,-165
120000020,2868,2299,569
120000021,2544,1863,681
120000022,3346,3324,22
120000023,706,1804,-1098
120000024,1370,2470,-1100
120000025,1544,2839,-1295
120000026,823,2484,-1661
120000027,1070,1865,-795
120000028,571,399,172
120000029,3559,553,3006
120000030,355,764,-409
120000031,2412,4884,-2472
120000032,14739,4134,10605
120000033,2236,2113,123
120000034,879,3256,-2377
120000035,1181,3178,-1997
120000036,2437,4374,-1937
120000037,441,851,-410
120000038,15645,4083,11562
120000039,452,1323,-871
120000040,108,139,-31
120000041,497,2915,-2418
120000042,1620,6914,-5294
120000043,4379,4056,323
120000044,2423,1378,1045
120000045,2573,1084,1489
120000046,1239,1716,-477
120000047,2712,2814,-102
120000048,11286,3352,7934
120000049,2058,3190,-1132
120000050,2375,5573,-3198
120000051,4758,4691,67
120000052,19594,3234,16360
120000053,803,5902,-5099
120000054,1689,8907,-7218
120000055,933,5726,-4793
120000056,3502,6893,-3391
120000057,1665,1351,314
120000058,383,238,145
120000059,152,1389,-1237
120000061,68,851,-783
120000062,216,289,-73
120000063,2411,4687,-2276
120000064,287,2405,-2118
120000065,515,2450,-1935
120000066,99,737,-638
120000067,43,822,-779
120000068,149,1644,-1495
120000069,445,2322,-1877
120000070,24,1447,-1423
120000071,108,224,-116
120000072,182,543,-361
120000073,142,127,15
120000074,75,100,-25
120000075,210,240,-30
120000076,664,346,318
120000077,868,446,422
120000078,3995,519,3476
120000079,66,124,-58
120000080,54,128,-74
120000081,217,101,116
120000082,117,137,-20
120000083,28,160,-132
120000084,513,950,-437
120000085,413,821,-408
120000086,198,1049,-851
120000087,104,1896,-1792
120000088,727,1610,-883
120000089,716,534,182
120000090,384,553,-169
120000091,412,946,-534
120000092,697,729,-32
120000093,181,563,-382
120000094,61,384,-323
120000095,627,1062,-435
120000096,223,1956,-1733
120000098,609,1550,-941
120000099,139,1062,-923
120000100,507,1250,-743
120000101,301,665,-364
120000102,243,392,-149
120000103,630,304,326
120000104,844,212,632
120000105,883,232,651
120000106,861,258,603
120000107,1117,352,765
120000108,303,110,193
120000109,386,64,322
120000110,86,1292,-1206
120000111,113,1987,-1874
120000112,462,6236,-5774
120000113,504,4355,-3851
120000114,398,3216,-2818
120000115,290,2939,-2649
120000116,476,2569,-2093
120000117,1511,2289,-778
120000118,25,5,20
120000119,48,46,2
120000120,40,31,9
120000121,31,40,-9
120000122,185,207,-22
120000123,9019,2045,6974
120000124,260,642,-382
120000125,253,866,-613
120000126,254,561,-307
120000127,1176,495,681
120000128,2533,1965,568
120000129,326,244,82
120000130,529,764,-235
120000131,206,504,-298
120000134,376,2176,-1800
120000135,96,416,-320
120000137,89,3454,-3365
120000138,181,830,-649
120000139,75,1489,-1414
120000140,181,1151,-970
120000141,78,763,-685
120000142,119,894,-775
120000143,3,222,-219
120000144,25,1,24
120000145,91,13,78
120000146,2214,597,1617
120000149,422,1294,-872
120000150,8018,7022,996
120000151,439,418,21
120000152,185,415,-230
120000153,124,1191,-1067
120000154,380,469,-89
120000155,100,162,-62
120000156,2222,482,1740
120000157,822,847,-25
120000158,486,1221,-735
120000159,2381,3061,-680
120000160,2281,1418,863
120000161,908,3199,-2291
120000162,50,260,-210
120000163,187,1947,-1760
120000164,191,735,-544
120000165,190,1332,-1142
120000166,361,819,-458
120000167,16,11,5
120000168,7,68,-61
120000169,79,191,-112
120000170,67,119,-52
120000171,19,40,-21
120000172,19,19,0
120000173,1654,93,1561
120000174,347,0,347
120000175,451,6,445
120000176,198,57,141
120000177,1547,440,1107
120000178,77,5,72
120000179,419,17,402
120000180,588,24,564
120000181,174,77,97
120000182,79,63,16
120000183,0,119,-119
120000184,132,1855,-1723
120000186,64,55,9
120000187,47,26,21
120000188,143,44,99
120000190,898,9,889
120000191,1500,10,1490
120000192,1950,12,1938
120000193,753,3,750
120000195,88,0,88
120000196,343,30,313
120000197,102,119,-17
120000198,66,283,-217
120000199,26,1,25
120000200,26,0,26
120000201,4,8,-4
120000202,2,99,-97
120000203,16,659,-643
120000207,2,219,-217
120000208,19,542,-523
120000209,6,209,-203
120000210,272,143,129
120000211,51,1,50
120000212,31,4,27
120000213,53,649,-596
120000214,3,668,-665
120000215,6,235,-229
120000216,32,9,23
120000217,1328,2149,-821
120000218,327,2124,-1797
120000219,17,1338,-1321
120000220,27,4483,-4456
120000225,393,0,393
120000226,175,3,172
120000227,719,17,702
120000228,10897,1586,9311
120000230,83,4,79
120000231,365,3821,-3456
120000233,86,16,70
120000235,75,927,-852
120000236,381,4,377
120000237,5,3680,-3675
120000238,1,79,-78
120000241,1114,2635,-1521
120000412,2212,103,2109
120000413,67,569,-502
120000414,32,9,23
120000415,2,269,-267
120000416,18,6,12
120000417,3,137,-134
120000418,32,9,23
120000419,14,683,-669
120000420,40,33,7
120000421,21227,7652,13575
120000422,374,341,33
120000423,8,75,-67
120000424,32,307,-275
120000436,108,259,-151
120000437,226,186,40
120000438,6759,443,6316
120000439,93,198,-105
120000443,52,0,52
120000444,414,659,-245
120000445,1466,1218,248
120000446,1100,404,696
120000447,88,12,76
120000449,41,9,32
120000450,5,535,-530
120000451,60,272,-212
120000452,72,2,70
120000453,0,447,-447
120000454,90,17,73
120000455,40,77,-37
120000456,4818,2542,2276
120000457,2133,1306,827
120000458,493,852,-359
120000459,109,78,31
120000665,1388,144,1244
120000668,81,157,-76
120000669,48,645,-597
120000670,310,477,-167
120000671,381,232,149
120000672,82,557,-475
120900001,35,13,22
120900002,109,246,-137
120900003,111,30,81
120900004,5,47,-42
120900005,8,1963,-1955
120900006,62,212,-150
120900007,41,250,-209
120900008,81,1600,-1519
120900009,133,26,107
120900010,166,27,139
120900011,357,73,284
120900012,1682,555,1127
120900013,138,20,118
120900014,1,1242,-1241
120900015,366,111,255
120900016,180,57,123
120900017,4436,141,4295
120900018,35,739,-704
120900019,282,81,201
120900020,512,396,116
120900021,210,25,185
120900022,23,618,-595
120900023,55,47,8
120900024,1651,488,1163
120900025,2868,803,2065
120900026,44,259,-215
120900027,517,116,401
120900028,91,42,49
120900029,68,133,-65
120900030,516,422,94
120900031,54,18,36
120900032,241,203,38
120900033,343,35,308
120900034,18,1511,-1493
120900035,33,326,-293
120900037,53,4,49
120900038,23,64,-41
120900039,20,28,-8
120900040,48,1,47
120900041,137,24,113
120900042,87,93,-6
120900043,9,10,-1
120900044,5,626,-621
120900045,152,270,-118
120900046,117,11,106
120900047,69,34,35
120900048,33,12,21
120900049,104,0,104
120900050,5862,742,5120
120900051,136,120,16
120900052,138,4,134
120900053,104,105,-1
120900054,1515,1000,515
120900055,74,0,74
120900056,148,2,146
120900057,40,19,21
120900058,119,0,119
120900059,19,0,19
120900060,31,65,-34
120900061,224,384,-160
120900062,66,0,66
120900063,137,2,135
120900064,86,0,86
120900065,77,8,69
120900066,40,411,-371
120900067,109,21,88
120900068,80,0,80
120900069,60,132,-72
120900071,10,0,10
120900072,187,4,183
120900073,116,379,-263
120900074,158,4,154
120900076,52,0,52
120900077,5476,301,5175
120900078,276,1032,-756
120900079,157,135,22
120900080,151,3715,-3564
120900081,216,2354,-2138
120900082,622,332,290
120900083,19,1,18
120900084,127,141,-14
120900085,130,76,54
120900086,227,152,75
120900087,137,69,68
120900088,179,158,21
120900089,6741,1019,5722
120900090,47,202,-155
120900091,325,198,127
120900092,582,1025,-443
120900093,6564,388,6176
120900094,597,323,274
120900095,131,24,107
120900096,25,148,-123
120900097,745,2045,-1300
120900098,253,286,-33
120900099,54,90,-36
120900100,97,565,-468
120900101,307,487,-180
120900102,23,88,-65
120900103,14,164,-150
120900104,26,73,-47
120900105,28,1298,-1270
120900106,1538,833,705
120900107,498,314,184
120900108,4,1584,-1580
120900109,16,1186,-1170
120900110,10,592,-582
120900111,123,488,-365
120900112,13,2198,-2185
120900113,10,1472,-1462
120900114,17,378,-361
120900115,151,133,18
120900116,89,950,-861
120900117,3,850,-847
120900118,10,1479,-1469
120900119,5587,2946,2641
120900120,28,1075,-1047
120900121,76,504,-428
120900122,94,947,-853
120900123,2,849,-847
120900124,1,1016,-1015
120900125,8,1551,-1543
120900126,1224,869,355
120900127,8,876,-868
120900128,942,1140,-198
120900129,30,702,-672
120900130,0,559,-559
120900131,6,59,-53
120900132,199,547,-348
120900133,208,1798,-1590
120900134,279,735,-456
120900135,4,1025,-1021
120900136,35,29,6
120900137,58,128,-70
120900138,8,336,-328
120900139,3,1350,-1347
120900140,0,66,-66
120900141,78,126,-48
120900142,8,1368,-1360
120900143,2,1632,-1630
120900144,1,366,-365
120900145,170,1325,-1155
120900146,6,1785,-1779
120900147,0,399,-399
120900148,32,107,-75
120900149,4,588,-584
120900150,16,838,-822
120900151,2,1079,-1077
120900152,0,99,-99
120900153,8,101,-93
120900154,3,423,-420
120900155,74,1688,-1614
120900156,15,645,-630
120900157,11,344,-333
120900158,8,806,-798
120900159,22,512,-490
120900160,40,538,-498
120900161,8,1765,-1757
120900162,6,1946,-1940
120900163,7,93,-86
120900164,0,2,-2
120900165,0,1,-1
120900166,33,129,-96
120900167,101,89,12
120900169,29,764,-735
120900170,3966,1014,2952
120900171,1653,467,1186
120900172,1412,96,1316
120900173,1,82,-81
120900174,4,160,-156
120900175,511,271,240
120900176,6,131,-125
120900177,2,225,-223
120900178,0,174,-174
120900179,672,372,300
120900180,82,78,4
120900181,32,71,-39
120900182,32,307,-275
120900183,447,87,360
120900184,179,90,89
120900185,2,571,-569
120900186,1,679,-678
120900187,163,540,-377
120900188,29,7,22
120900189,174,245,-71
120900190,6,10,-4
120900191,1,24,-23
120900192,20457,1775,18682
120900194,41,114,-73
120900195,108,438,-330
120900196,302,24,278
120900197,237,40,197
120900198,234,925,-691
120900199,267,1829,-1562
120900200,170,64,106
120900201,923,199,724
120900202,1,317,-316
120900203,14,47,-33
120900204,336,560,-224
120900205,89,113,-24
120900206,33,15,18
120900207,5,110,-105
121000001,1077,1475,-398
121000002,1611,964,647
121000003,5065,2390,2675
121000004,3037,2278,759
121000005,2418,3281,-863
121000006,2909,1277,1632
121000007,3752,3666,86
121000008,4960,3250,1710
121000009,13996,5967,8029
121000010,16050,4079,11971
121000011,21055,10691,10364
121000012,28561,7517,21044
121000013,7170,6888,282
121000014,9140,6560,2580
121000015,5051,6469,-1418
121000016,5678,3913,1765
121000017,1888,5228,-3340
121000018,2224,2221,3
121000019,24493,9773,14720
121000020,15205,7800,7405
121000021,3659,4616,-957
121000022,1849,1710,139
121000023,6455,5076,1379
121000024,3424,3510,-86
121000025,1354,924,430
121000026,300,131,169
121000027,2044,1278,766
121000028,963,670,293
121000029,840,1064,-224
121000030,344,447,-103
121000031,457,798,-341
121000032,170,122,48
121000034,188,135,53
121000035,69,88,-19
121000036,707,999,-292
121000037,451,796,-345
121000038,797,795,2
121000039,401,717,-316
121000041,369,856,-487
121000042,268,332,-64
121000043,1351,774,577
121000044,2932,744,2188
121000045,317,443,-126
121000046,293,892,-599
121000047,33,228,-195
121000049,2273,1192,1081
121000050,289,1161,-872
121000051,418,626,-208
121000052,224,628,-404
121000053,345,58,287
121000054,26,220,-194
121000055,2962,1165,1797
121000056,1104,1214,-110
121000057,198,455,-257
121000058,507,110,397
121000059,2154,1078,1076
121000060,610,1302,-692
121000061,70,141,-71
121000062,154,374,-220
121000063,633,425,208
121000064,370,686,-316
121000065,496,573,-77
121000066,582,739,-157
121000067,1181,350,831
121000068,556,542,14
121000069,1244,186,1058
121000070,1721,2128,-407
121000071,840,769,71
121000072,1742,1450,292
121000073,810,800,10
121000074,144,108,36
121000075,164,25,139
121000076,2241,420,1821
121000077,150,84,66
121000078,191,149,42
121000080,3418,874,2544
121000081,2969,1634,1335
121000082,172,428,-256
121000083,332,148,184
121000084,256,110,146
121000085,701,675,26
121000086,230,1104,-874
121000087,150,286,-136
121000088,395,926,-531
121000089,831,301,530
121000090,473,477,-4
121000091,2852,714,2138
121000092,139,95,44
121000093,149,271,-122
121000094,660,574,86
121000095,378,916,-538
121000096,3285,2400,885
121000097,2422,1636,786
121000098,360,1685,-1325
121000099,379,1131,-752
121000100,351,1065,-714
121000101,112,391,-279
121000102,91,819,-728
121000103,80,427,-347
121000104,81,354,-273
121000105,247,548,-301
121000106,121,485,-364
121000107,2607,5187,-2580
121000109,1836,1084,752
121000110,335,358,-23
121000114,2741,2644,97
121000115,838,926,-88
121000116,576,762,-186
121000117,1437,343,1094
121000118,1297,434,863
121000119,158,625,-467
121000120,235,664,-429
121000121,584,1393,-809
121000123,2236,902,1334
121000126,89,351,-262
121000127,174,114,60
121000128,460,882,-422
121000129,367,714,-347
121000130,365,1478,-1113
121000131,2397,1244,1153
121000132,1268,1259,9
121000135,772,503,269
121000136,1388,909,479
121000137,622,155,467
121000138,905,535,370
121000139,665,82,583
121000141,187,153,34
121000142,1312,714,598
121000143,218,14,204
121000144,1400,1008,392
121000145,329,1700,-1371
121000146,782,931,-149
121000147,528,622,-94
121000148,747,1459,-712
121000149,1498,1193,305
121000152,393,816,-423
121000153,2244,770,1474
121000154,737,604,133
121000155,877,1135,-258
121000156,415,855,-440
121000157,1865,2403,-538
121000158,433,708,-275
121000159,138,754,-616
121000160,307,1019,-712
121000161,46,525,-479
121000162,16,454,-438
121000165,2483,1654,829
121000166,48,400,-352
121000168,166,265,-99
121000169,36,219,-183
121000170,207,87,120
121000171,35,193,-158
121000172,452,462,-10
121000173,1473,755,718
121000174,152,493,-341
121000175,492,547,-55
121000176,382,305,77
121000177,842,774,68
121000178,62,60,2
121000179,84,109,-25
121000181,398,390,8
121000182,61,177,-116
121000183,39,59,-20
121000184,62,76,-14
121000185,13,164,-151
121000186,174,269,-95
121000187,166,493,-327
121000188,57,447,-390
121000192,486,383,103
121000193,465,537,-72
121000194,3064,2743,321
121000195,480,1117,-637
121000196,687,262,425
121000197,176,993,-817
121000198,145,55,90
121000199,41,763,-722
121000200,152,100,52
121000201,4,354,-350
121000202,174,73,101
121000203,416,3460,-3044
121000204,771,709,62
121000205,154,423,-269
121000206,154,47,107
121000207,669,543,126
121000208,4,681,-677
121000209,103,706,-603
121000210,160,697,-537
121000211,63,155,-92
121000212,168,954,-786
121000213,10921,2916,8005
121000214,839,1181,-342
121000215,1723,878,845
121000216,436,466,-30
121000217,3685,1949,1736
121000218,470,2191,-1721
121000219,1073,345,728
121000220,337,105,232
121000221,170,193,-23
121000222,2568,2839,-271
121000223,409,306,103
121000224,363,115,248
121000225,1095,878,217
121000226,1307,486,821
121000227,2,231,-229
121000228,10,1282,-1272
121000229,61,763,-702
121000230,119,2473,-2354
121000231,192,9,183
121000232,493,141,352
121000233,332,284,48
121000234,6,38,-32
121000235,12,16,-4
121000236,4,43,-39
121000237,3,4,-1
121000238,2,121,-119
121000239,13,1,12
121000240,5,194,-189
121000241,59,8,51
121000242,6,191,-185
121000243,76,26,50
121000244,0,91,-91
121000245,0,6,-6
121000246,2,100,-98
121000247,8,1,7
121000248,334,542,-208
121000249,43,256,-213
121000250,122,127,-5
121000251,30,729,-699
121000252,26,30,-4
121000253,151,775,-624
121000254,265,330,-65
121000255,174,170,4
121000256,186,157,29
121000257,24,62,-38
121000258,32,58,-26
121000259,16,52,-36
121000260,72,196,-124
121000261,26,57,-31
121000262,1916,685,1231
121000263,388,485,-97
121000271,249,1937,-1688
121000273,47,13,34
121000274,2,38,-36
121000275,4,36,-32
121000276,1,12,-11
121000278,12,74,-62
121000279,30,16,14
121000280,25,38,-13
121000289,76,30,46
121000290,1128,891,237
121000294,61,374,-313
121000297,803,766,37
121000299,99,243,-144
121000300,1027,889,138
121000302,583,792,-209
121000303,1565,557,1008
121000304,453,54,399
121000305,111,47,64
121000306,28,169,-141
121000308,174,435,-261
121000309,392,716,-324
121000310,59,610,-551
121000311,89,961,-872
121000312,435,191,244
121000313,682,656,26
121000314,264,140,124
121000315,79,90,-11
121000530,678,1597,-919
121000531,1062,1653,-591
121000532,5573,4228,1345
121000533,2582,2449,133
121000918,11,312,-301
121000919,4,48,-44
121000938,2102,403,1699
121000939,3770,375,3395
121000956,417,1763,-1346
121000957,2,7,-5
121000958,57,63,-6
121000959,199,1633,-1434
121000960,670,2916,-2246
121000961,204,21,183
121000962,317,663,-346
121000973,1,276,-275
121000976,21,228,-207
121000979,215,52,163
121000981,327,73,254
121000982,140,319,-179
121000983,142,581,-439
121000984,36,35,1
121000985,155,824,-669
121000986,52,693,-641
121000987,119,2001,-1882
121000988,288,131,157
121001302,387,153,234
121001308,7,12,-5
121001309,63,64,-1
121001313,75,533,-458
121001314,5261,5037,224
121001315,4772,1570,3202
121900001,61,173,-112
121900002,17,17,0
121900003,280,10,270
121900004,101,492,-391
121900005,10,9,1
121900006,30,21,9
121900007,2240,2359,-119
121900008,2591,113,2478
121900009,460,12,448
121900010,214,3,211
121900011,407,751,-344
121900012,1,0,1
121900013,628,16,612
121900014,946,369,577
121900015,130,250,-120
121900016,5,46,-41
121900017,219,558,-339
121900018,211,4,207
121900019,121,333,-212
121900020,39,30,9
121900021,459,13,446
121900022,247,152,95
121900023,67,412,-345
121900024,438,71,367
121900025,401,245,156
121900026,190,48,142
121900027,235,108,127
121900028,144,8,136
121900029,45,149,-104
121900030,395,370,25
121900031,810,2255,-1445
121900032,83,70,13
121900033,117,94,23
121900034,85,87,-2
121900035,2640,1301,1339
121900036,47,437,-390
121900037,157,828,-671
121900038,30,150,-120
121900039,246,34,212
121900040,22,93,-71
121900041,46,115,-69
121900042,169,110,59
121900043,1,0,1
121900044,405,26,379
121900046,289,197,92
121900047,103,32,71
121900048,18,147,-129
121900050,9,24,-15
121900051,78,173,-95
121900052,77,42,35
121900053,183,156,27
121900054,624,881,-257
121900055,0,9,-9
121900058,68,322,-254
121900059,178,101,77
121900060,38,283,-245
121900061,188,151,37
121900062,97,18,79
121900063,281,229,52
121900064,119,871,-752
121900066,24,22,2
121900067,0,1,-1
121900069,264,233,31
121900070,174,81,93
121900071,39,306,-267
121900072,30,137,-107
121900073,149,154,-5
121900074,677,292,385
121900075,351,207,144
121900076,126,832,-706
121900077,0,44,-44
121900078,25,46,-21
121900079,0,0,0
121900080,509,541,-32
121900082,14,100,-86
121900084,8,332,-324
121900085,0,16,-16
121900086,2,79,-77
121900087,207,89,118
121900088,4143,1922,2221
121900089,47,534,-487
121900090,7,162,-155
121900091,14,122,-108
121900092,104,161,-57
121900093,55,59,-4
121900094,17,8,9
121900095,142,73,69
121900096,1876,509,1367
121900097,142,141,1
121900098,0,5,-5
121900099,103,126,-23
121900100,82,206,-124
121900101,67,105,-38
121900102,13,122,-109
121900103,536,210,326
121900104,599,181,418
121900105,45,60,-15
121900106,3,2,1
121900107,12,67,-55
121900108,0,0,0
121900109,269,109,160
121900110,142,1628,-1486
121900111,704,80,624
121900112,129,92,37
121900113,33,122,-89
121900114,2,1,1
121900117,141,32,109
121900118,2821,278,2543
121900119,64,179,-115
121900120,32,1381,-1349
121900121,620,118,502
121900122,10,22,-12
121900123,393,314,79
121900124,119,239,-120
121900125,989,1005,-16
121900127,16,88,-72
121900128,37,207,-170
121900129,1652,72,1580
121900130,65,340,-275
121900131,98,112,-14
121900132,15,185,-170
121900133,79,52,27
121900134,7,104,-97
121900135,3332,387,2945
121900136,82,657,-575
121900137,40,280,-240
121900138,113,218,-105
121900139,317,434,-117
121900140,15,228,-213
121900141,86,15,71
121900142,26,123,-97
121900143,8,186,-178
121900144,245,355,-110
121900145,115,153,-38
121900146,446,839,-393
121900147,43,234,-191
121900148,87,298,-211
121900149,280,912,-632
121900150,42,210,-168
121900151,59,247,-188
121900152,60,151,-91
121900153,100,614,-514
121900154,1,122,-121
121900155,2,70,-68
121900156,160,126,34
121900157,5,477,-472
121900158,80,99,-19
121900159,1,208,-207
121900160,11,274,-263
121900161,458,247,211
121900162,119,94,25
121900163,52,934,-882
121900164,216,205,11
121900165,65,260,-195
121900166,45,235,-190
121900167,76,80,-4
121900168,177,127,50
121900169,2,400,-398
121900170,0,179,-179
121900171,453,427,26
121900172,221,293,-72
121900173,716,151,565
121900174,13,69,-56
121900175,37,165,-128
121900176,417,2000,-1583
121900177,127,66,61
121900178,9,101,-92
121900179,266,116,150
121900180,7556,2534,5022
121900182,222,297,-75
121900183,387,312,75
121900184,38,771,-733
121900186,10,377,-367
121900187,11,112,-101
121900188,724,289,435
121900189,66,233,-167
121900190,199,454,-255
121900191,60,55,5
121900192,721,555,166
121900193,19,270,-251
121900194,3,146,-143
121900195,114,196,-82
121900196,618,964,-346
121900197,394,2307,-1913
121900198,1073,1008,65
121900199,3,28,-25
121900200,63,240,-177
121900201,1130,613,517
121900202,76,344,-268
121900203,353,772,-419
121900204,1177,669,508
121900205,5,143,-138
121900206,3,10,-7
121900207,205,30,175
121900208,54,257,-203
121900209,58,33,25
121900210,749,1131,-382
121900211,11,104,-93
121900212,116,102,14
121900213,31,103,-72
121900214,1,348,-347
121900215,33,153,-120
121900216,23,49,-26
121900217,300,89,211
121900218,231,534,-303
121900220,200,4,196
121900221,241,548,-307
121900222,36,210,-174
121900223,73,57,16
121900224,37,63,-26
121900225,47,47,0
121900226,204,1630,-1426
121900227,97,376,-279
121900228,188,249,-61
121900230,71,63,8
121900231,649,234,415
121900232,259,277,-18
121900233,310,387,-77
121900234,144,441,-297
121900235,181,332,-151
121900236,235,154,81
121900237,122,322,-200
121900238,130,167,-37
121900239,100,56,44
121900240,195,209,-14
121900241,18,122,-104
121900242,0,0,0
121900243,0,0,0
121900244,1,2,-1
121900245,143,131,12
121900246,1157,446,711
121900247,287,365,-78
121900248,1356,554,802
121900250,168,209,-41
121900251,296,22,274
121900252,848,126,722
121900253,98,849,-751
121900254,563,271,292
121900255,95,58,37
121900258,2052,1343,709
121900259,404,338,66
121900260,54,212,-158
121900261,129,375,-246
121900262,421,591,-170
121900263,100,353,-253
121900264,2937,1264,1673
121900265,170,461,-291
121900266,175,275,-100
121900267,26,26,0
121900269,139,233,-94
121900270,6,130,-124
121900271,15,194,-179
121900273,332,781,-449
121900274,89,244,-155
121900277,187,1695,-1508
121900278,46,822,-776
121900279,81,318,-237
121900280,106,287,-181
121900281,984,70,914
121900284,145,4,141
121900286,30,242,-212
121900287,19,19,0
121900288,0,1,-1
121900290,166,204,-38
121900291,334,480,-146
121900292,89,74,15
121900293,841,3416,-2575
121900294,281,1,280
121900295,53,323,-270
121900296,94,22,72
121900298,149,273,-124
121900299,0,0,0
121900300,6,2,4
121900301,57,1,56
121900302,0,48,-48
121900303,207,456,-249
121900304,1,0,1
121900305,1,3,-2
121900306,37,0,37
121900307,13,25,-12
121900308,8,486,-478
121900309,9,328,-319
121900310,7,628,-621
121900311,90,5,85
121900312,77,3,74
121900313,125,11,114
121900314,3,93,-90
121900315,0,0,0
121900316,0,13,-13
121900317,5,0,5
121900318,0,28,-28
121900319,14,11,3
121900320,55,107,-52
121900321,2,1,1
121900322,3,37,-34
121900323,12,12,0
121900324,1,32,-31
121900325,1,0,1
121900326,4,31,-27
121900327,2,46,-44
121900328,0,23,-23
121900329,0,209,-209
121900330,1,26,-25
121900331,142,15,127
121900332,64,17,47
121900333,10,1,9
122000001,2872,3306,-434
122000002,6836,1694,5142
122000003,2929,1637,1292
122000004,3562,1220,2342
122000005,2706,785,1921
122000006,2197,330,1867
122000007,1224,818,406
122000008,7817,3339,4478
122000009,820,268,552
122000010,2596,2782,-186
122000011,4224,859,3365
122000012,1277,946,331
122000013,1797,995,802
122000014,1375,1417,-42
122000015,1087,1039,48
122000016,382,869,-487
122000017,1262,1266,-4
122000018,1183,1330,-147
122000019,610,1800,-1190
122000020,145,227,-82
122000021,908,375,533
122000022,1400,1634,-234
122000023,514,3131,-2617
122000024,1133,883,250
122000025,1546,1057,489
122000026,2292,732,1560
122000027,641,4017,-3376
122000028,722,354,368
122000029,369,213,156
122000030,298,89,209
122000031,129,156,-27
122000032,1034,2167,-1133
122000033,862,609,253
122000034,574,563,11
122000035,373,685,-312
122000036,465,698,-233
122000037,354,330,24
122000038,236,521,-285
122000039,593,619,-26
122000040,397,238,159
122000041,391,560,-169
122000042,174,421,-247
122000043,142,140,2
122000044,154,148,6
122000045,1156,547,609
122000046,454,931,-477
122000047,274,151,123
122000048,3684,3337,347
122000049,5284,2712,2572
122000050,1324,522,802
122000051,337,216,121
122000052,509,180,329
122000053,130,379,-249
122000054,1986,2162,-176
122000055,2087,2189,-102
122000056,4621,3021,1600
122000057,3727,2318,1409
122000058,4256,1112,3144
122000059,3248,1165,2083
122000060,1142,518,624
122000061,769,173,596
122000062,1391,289,1102
122000063,755,460,295
122000064,3270,3127,143
122000065,5672,3292,2380
122000066,1341,1443,-102
122000067,1400,1302,98
122000068,816,1325,-509
122000069,531,994,-463
122000070,561,3064,-2503
122000071,881,1942,-1061
122000072,238,295,-57
122000073,303,401,-98
122000074,1360,1730,-370
122000075,424,1186,-762
122000076,1293,1296,-3
122000077,1159,566,593
122000078,3019,1626,1393
122000079,1105,658,447
122000080,602,327,275
122000081,186,208,-22
122000082,1370,811,559
122000083,1071,3966,-2895
122000084,721,861,-140
122000085,316,2732,-2416
122000086,2402,3371,-969
122000087,565,141,424
122000088,399,168,231
122000089,6716,4305,2411
122000090,238,472,-234
122000091,218,93,125
122000092,111,10,101
122000093,1148,1104,44
122000094,8935,1886,7049
122000095,4316,1258,3058
122000096,3386,1007,2379
122000098,3728,1419,2309
122000099,1909,839,1070
122000100,1543,862,681
122000101,231,1533,-1302
122000102,1620,1349,271
122000103,1053,1484,-431
122000104,229,237,-8
122000105,251,344,-93
122000106,600,465,135
122000107,687,585,102
122000108,352,1080,-728
122000109,269,294,-25
122000110,304,606,-302
122000111,3327,1465,1862
122000112,677,1821,-1144
122000113,453,981,-528
122000114,2733,1320,1413
122000115,2176,1023,1153
122000116,549,1043,-494
122000117,1103,482,621
122000118,438,936,-498
122000119,3690,1937,1753
122000120,8201,3231,4970
122000121,10255,2909,7346
122000122,1429,1956,-527
122000123,6772,1608,5164
122000124,2049,686,1363
122000125,600,805,-205
122000126,1045,963,82
122000127,4339,1355,2984
122000128,1208,1666,-458
122000129,323,434,-111
122000130,4190,411,3779
122000131,6327,478,5849
122000132,1742,608,1134
122000133,1466,2828,-1362
122000134,442,593,-151
122000135,912,1600,-688
122000136,419,173,246
122000137,930,692,238
122000139,1506,3894,-2388
122000140,1289,488,801
122000141,7526,1044,6482
122000142,674,673,1
122000143,1348,195,1153
122000144,4903,995,3908
122000145,2126,1195,931
122000146,972,990,-18
122000147,1265,506,759
122000148,2705,1631,1074
122000149,3329,1452,1877
122000150,2147,1390,757
122000151,611,409,202
122000152,866,478,388
122000153,860,353,507
122000154,753,270,483
122000155,3260,2689,571
122000156,2965,2398,567
122000157,1934,1571,363
122000158,341,581,-240
122000159,2743,1958,785
122000160,15135,798,14337
122000161,2484,934,1550
122000162,2667,2207,460
122000163,417,83,334
122000164,78,112,-34
122000165,833,649,184
122000166,797,799,-2
122000167,197,278,-81
122000168,222,477,-255
122000169,347,169,178
122000170,233,341,-108
122000171,52,88,-36
122000172,1668,1586,82
122000173,1869,2219,-350
122000174,1350,860,490
122000175,1167,436,731
122000176,296,617,-321
122000177,1764,1441,323
122000178,3157,1851,1306
122000179,2379,2201,178
122000180,1908,916,992
122000181,3347,2151,1196
122000182,4497,908,3589
122000183,2285,1028,1257
122000184,5646,2248,3398
122000185,1846,1479,367
122000186,629,731,-102
122000187,1185,2311,-1126
122000188,860,211,649
122000189,312,377,-65
122000190,928,1564,-636
122000191,1140,395,745
122000192,961,392,569
122000193,337,767,-430
122000194,479,240,239
122000195,111,434,-323
122000196,906,654,252
122000197,512,931,-419
122000198,472,1152,-680
122000199,412,396,16
122000200,1134,491,643
122000201,1672,2125,-453
122000202,919,1374,-455
122000203,4290,1675,2615
122000204,2431,2195,236
122000205,1920,1239,681
122000206,2663,1223,1440
122000207,1339,1933,-594
122000208,1580,2136,-556
122000209,1975,320,1655
122000210,1252,2607,-1355
122000211,884,1658,-774
122000212,429,677,-248
122000213,951,1524,-573
122000214,1868,2238,-370
122000215,1789,1528,261
122000217,2139,1725,414
122000218,481,44,437
122000219,1624,1511,113
122000220,288,1087,-799
122000221,97,383,-286
122000222,524,97,427
122000223,794,683,111
122000225,577,624,-47
122000226,1082,2490,-1408
122000227,302,1762,-1460
122000228,548,639,-91
122000229,22,469,-447
122000230,94,1442,-1348
122000231,225,1031,-806
122000232,651,1332,-681
122000233,1,216,-215
122000234,51,248,-197
122000235,271,306,-35
122000236,344,339,5
122000237,40,91,-51
122000238,88,135,-47
122000239,376,124,252
122000240,881,443,438
122000241,499,433,66
122000242,377,55,322
122000243,25,28,-3
122000244,16,431,-415
122000245,19,182,-163
122000246,2,68,-66
122000247,714,757,-43
122000248,1493,3855,-2362
122000249,253,489,-236
122000250,1500,463,1037
122000251,347,453,-106
122000252,687,74,613
122000253,25,551,-526
122000254,152,97,55
122000255,704,3359,-2655
122000256,452,2178,-1726
122000257,138,700,-562
122000258,68,215,-147
122000259,35,935,-900
122000260,5,170,-165
122000261,3,215,-212
122000262,0,110,-110
122000263,92,173,-81
122000264,295,684,-389
122000265,1502,812,690
122000266,3185,619,2566
122000267,64,191,-127
122000268,96,658,-562
122000269,482,353,129
122000270,343,150,193
122000271,330,1269,-939
122000272,269,1413,-1144
122000273,255,604,-349
122000274,51,247,-196
122000275,18,170,-152
122000276,233,711,-478
122000277,664,1425,-761
122000278,492,1334,-842
122000279,128,1416,-1288
122000280,711,1453,-742
122000281,589,1223,-634
122000282,90,289,-199
122000283,302,87,215
122000284,106,218,-112
122000285,287,140,147
122000286,128,333,-205
122000287,631,1276,-645
122000288,199,260,-61
122000291,580,391,189
122000293,406,839,-433
122000294,68,151,-83
122000295,1038,172,866
122000296,49,660,-611
122000297,3846,1949,1897
122000299,269,457,-188
122000300,396,549,-153
122000301,17835,2590,15245
122000302,1172,517,655
122000303,4878,1361,3517
122000304,6,191,-185
122000305,722,341,381
122000306,26,1168,-1142
122000307,109,138,-29
122000309,37,65,-28
122000310,14,13,1
122000311,26,36,-10
122000312,47,27,20
122000313,6,33,-27
122000314,69,244,-175
122000315,106,16,90
122000316,193,197,-4
122000317,496,169,327
122000318,184,348,-164
122000319,293,660,-367
122000320,293,2835,-2542
122000321,84,401,-317
122000322,3050,1744,1306
122000323,2022,1211,811
122000324,1439,1237,202
122000325,876,1000,-124
122000326,14,193,-179
122000327,159,402,-243
122000328,3318,1630,1688
122000330,2540,845,1695
122000332,249,372,-123
122000333,29,216,-187
122000337,408,4472,-4064
122000338,166,864,-698
122000340,293,227,66
122000342,3055,1794,1261
122000343,486,2577,-2091
122000344,17,25,-8
122000345,14,75,-61
122000346,370,871,-501
122000348,387,914,-527
122000349,242,1303,-1061
122000351,93,245,-152
122000352,457,58,399
122000353,40,171,-131
122000355,134,152,-18
122000356,1525,1003,522
122000357,19,33,-14
122000358,0,199,-199
122000359,0,109,-109
122000360,0,126,-126
122000362,15,197,-182
122000364,83,735,-652
122000365,0,28,-28
122000366,5,13,-8
122000368,438,1003,-565
122000370,16,192,-176
122000371,3,0,3
122000372,2,0,2
122000381,14,364,-350
122000382,47,381,-334
122000384,3959,2086,1873
122000385,9,0,9
122000386,357,713,-356
122000387,343,684,-341
122000388,2099,375,1724
122000389,163,1004,-841
122000390,350,311,39
122000391,181,83,98
122000392,216,430,-214
122000393,18,249,-231
122000394,194,431,-237
122000395,132,271,-139
122000396,205,98,107
122000397,27,183,-156
122000398,13,43,-30
122000399,40,118,-78
122000400,134,413,-279
122000401,96,138,-42
122000402,72,72,0
122000403,305,1740,-1435
122000404,71,333,-262
122000408,1052,1399,-347
122000503,13,69,-56
122000524,184,98,86
122000544,25,1205,-1180
122000616,1075,4,1071
122000640,36,360,-324
122000641,31,745,-714
122000642,834,1646,-812
122000643,13,115,-102
122000644,189,42,147
122000645,84,136,-52
122000651,1720,620,1100
122000664,148,50,98
122000665,1229,646,583
122000666,555,1682,-1127
122000673,16,537,-521
122000674,84,55,29
122000675,1013,1537,-524
122000686,176,1820,-1644
122000687,386,461,-75
122000688,196,1271,-1075
122000689,264,835,-571
122000690,280,986,-706
122000691,296,3229,-2933
122000692,945,501,444
122000693,553,2507,-1954
122000695,147,758,-611
122000696,147,512,-365
122000698,81,1414,-1333
122000699,137,142,-5
122000701,729,387,342
122000702,504,2614,-2110
122000703,136,23,113
122000717,280,48,232
122000718,520,258,262
122000719,19,63,-44
122000720,88,317,-229
122000724,162,28,134
122900001,14,3,11
122900002,1128,1390,-262
122900003,204,37,167
122900004,487,14,473
122900005,54,41,13
122900006,592,267,325
122900007,138,20,118
122900008,498,78,420
122900009,984,306,678
122900010,188,127,61
122900012,493,441,52
122900014,166,388,-222
122900015,2836,282,2554
122900016,61,449,-388
122900017,747,1046,-299
122900018,179,18,161
122900019,5,212,-207
122900020,347,513,-166
122900021,52,614,-562
122900022,260,1146,-886
122900023,207,452,-245
122900024,158,78,80
122900025,5,196,-191
122900026,227,498,-271
122900027,56,785,-729
122900028,101,230,-129
122900029,4761,1469,3292
122900030,1640,413,1227
122900031,95,138,-43
122900032,157,270,-113
122900033,137,212,-75
122900034,4090,3053,1037
122900035,15,7,8
122900036,4,109,-105
122900037,291,189,102
122900038,150,1598,-1448
122900039,183,380,-197
122900040,105,463,-358
122900041,169,256,-87
122900042,108,369,-261
122900043,202,244,-42
122900044,70,385,-315
122900045,34,113,-79
122900046,114,88,26
122900047,95,120,-25
122900048,42,119,-77
122900049,1848,107,1741
122900051,65,119,-54
122900052,44,147,-103
122900053,14,21,-7
122900055,226,111,115
122900057,244,12,232
122900061,525,82,443
122900062,288,405,-117
122900063,95,553,-458
122900064,841,858,-17
122900065,242,130,112
122900066,284,285,-1
122900067,2406,1056,1350
122900068,256,663,-407
122900069,225,878,-653
122900070,92,42,50
122900071,100,622,-522
122900072,20,807,-787
122900073,70,332,-262
122900074,175,1093,-918
122900075,2,81,-79
122900076,11,230,-219
122900077,1,259,-258
122900078,26,254,-228
122900080,64,14,50
122900081,172,135,37
122900082,396,217,179
122900083,150,133,17
122900084,3,264,-261
122900086,14,29,-15
122900087,113,868,-755
122900088,55,66,-11
122900089,12,133,-121
122900090,8,770,-762
122900091,51,0,51
122900092,0,422,-422
122900093,5,574,-569
122900094,7,355,-348
122900095,76,0,76
122900096,47,435,-388
122900097,22,4,18
122900098,162,124,38
122900099,9,2,7
122900100,202,124,78
122900101,934,195,739
122900102,8,19,-11
122900103,18,6,12
122900104,44,5,39
122900105,0,3,-3
122900106,4,119,-115
122900107,3,366,-363
122900108,6,259,-253
123000001,2418,457,1961
123000002,7489,2336,5153
123000003,4300,2395,1905
123000004,4475,5395,-920
123000005,2402,2260,142
123000006,4019,3811,208
123000007,2462,2508,-46
123000008,2762,5320,-2558
123000009,4320,3228,1092
123000010,4730,4595,135
123000011,3507,1042,2465
123000012,1287,2977,-1690
123000013,3547,1130,2417
123000014,1532,4586,-3054
123000015,4533,689,3844
123000016,8527,3105,5422
123000017,3358,1612,1746
123000018,46,112,-66
123000019,84,463,-379
123000020,53,146,-93
123000021,40,153,-113
123000022,385,682,-297
123000023,1073,1391,-318
123000024,788,564,224
123000025,4,71,-67
123000026,3,80,-77
123000027,128,393,-265
123000028,333,238,95
123000029,523,417,106
123000030,104,1119,-1015
123000031,74,520,-446
123000032,124,392,-268
123000033,129,53,76
123000034,502,474,28
123000035,181,266,-85
123000036,161,507,-346
123000037,146,500,-354
123000038,84,215,-131
123000039,831,893,-62
123000040,1151,544,607
123000041,779,464,315
123000042,652,771,-119
123000043,4506,4124,382
123000044,7206,2854,4352
123000045,15147,1606,13541
123000046,1144,831,313
123000047,3689,1124,2565
123000048,102,251,-149
123000049,8977,4054,4923
123000050,820,1218,-398
123000051,141,187,-46
123000052,579,2034,-1455
123000053,3107,2761,346
123000054,1348,1240,108
123000055,3288,1218,2070
123000056,1362,2658,-1296
123000057,22533,5427,17106
123000058,471,714,-243
123000059,387,573,-186
123000060,752,573,179
123000061,143,760,-617
123000063,924,589,335
123000064,948,241,707
123000065,12376,4481,7895
123000066,1416,976,440
123000067,309,726,-417
123000068,3759,4983,-1224
123000069,13471,6308,7163
123000070,371,929,-558
123000071,499,1505,-1006
123000072,929,2302,-1373
123000073,525,1093,-568
123000074,986,2978,-1992
123000075,427,820,-393
123000076,498,2105,-1607
123000077,2344,4930,-2586
123000078,812,2206,-1394
123000079,844,2317,-1473
123000080,1792,3652,-1860
123000081,196,770,-574
123000082,511,1612,-1101
123000083,790,123,667
123000084,239,856,-617
123000085,62,172,-110
123000086,138,664,-526
123000087,138,785,-647
123000088,1019,1970,-951
123000089,317,1516,-1199
123000090,1050,1768,-718
123000091,1870,1400,470
123000092,1577,1521,56
123000094,339,415,-76
123000095,337,661,-324
123000096,294,683,-389
123000097,275,1763,-1488
123000098,470,735,-265
123000099,464,1278,-814
123000100,538,615,-77
123000101,639,490,149
123000102,621,732,-111
123000104,428,296,132
123000105,588,554,34
123000106,543,276,267
123000107,571,578,-7
123000108,1397,1397,0
123000111,471,280,191
123000112,469,748,-279
123000113,617,2527,-1910
123000114,420,366,54
123000115,159,348,-189
123000116,25,214,-189
123000117,1776,3169,-1393
123000118,520,1488,-968
123000119,230,1490,-1260
123000120,399,1287,-888
123000121,326,698,-372
123000122,301,294,7
123000123,430,588,-158
123000124,661,501,160
123000125,1105,666,439
123000126,2598,1699,899
123000127,2306,1048,1258
123000128,328,528,-200
123000129,308,224,84
123000130,248,80,168
123000131,464,447,17
123000132,531,718,-187
123000133,728,551,177
123000134,1012,243,769
123000135,1161,1645,-484
123000136,186,1761,-1575
123000137,119,585,-466
123000138,95,726,-631
123000139,371,141,230
123000140,246,1131,-885
123000141,1168,87,1081
123000142,886,1367,-481
123000143,1152,3189,-2037
123000144,32,10,22
123000145,214,117,97
123000146,87,95,-8
123000147,65,99,-34
123000149,442,361,81
123000150,196,242,-46
123000151,349,514,-165
123000152,90,432,-342
123000153,146,479,-333
123000154,2910,1630,1280
123000155,3388,1067,2321
123000156,51,106,-55
123000157,838,1204,-366
123000158,990,499,491
123000159,3272,1821,1451
123000160,664,415,249
123000161,1295,752,543
123000162,509,1226,-717
123000163,197,57,140
123000164,575,187,388
123000165,295,2675,-2380
123000166,28,224,-196
123000167,103,371,-268
123000168,186,471,-285
123000169,294,103,191
123000170,17,597,-580
123000171,126,95,31
123000172,279,960,-681
123000173,728,130,598
123000174,781,136,645
123000175,1460,2138,-678
123000176,918,102,816
123000177,495,1456,-961
123000178,421,84,337
123000179,21,1101,-1080
123000180,1055,270,785
123000181,379,2128,-1749
123000182,93,755,-662
123000183,185,157,28
123000184,62,1333,-1271
123000185,229,398,-169
123000186,3,962,-959
123000187,251,2,249
123000188,90,1,89
123000189,132,350,-218
123000190,9,97,-88
123000192,24,593,-569
123000193,58,869,-811
123000194,550,390,160
123000195,234,6,228
123000196,90,9,81
123000197,22,113,-91
123000198,6,265,-259
123000199,3,634,-631
123000200,199,2,197
123000201,468,18,450
123000202,26,1832,-1806
123000203,433,31,402
123000204,61,1753,-1692
123000205,310,3064,-2754
123000206,730,78,652
123000207,79,1291,-1212
123000208,149,68,81
123000209,881,193,688
123000210,401,1992,-1591
123000211,774,4332,-3558
123000212,1115,244,871
123000213,290,38,252
123000215,132,75,57
123000216,282,338,-56
123000217,110,26,84
123000218,145,338,-193
123000219,1068,24,1044
123000220,508,58,450
123000221,122,207,-85
123000222,199,1059,-860
123000223,101,783,-682
123000224,447,878,-431
123000225,205,96,109
123000226,70,583,-513
123000227,70,639,-569
123000228,133,80,53
123000229,1331,2713,-1382
123000232,123,823,-700
123000233,428,113,315
123000234,150,984,-834
123000235,181,354,-173
123000236,122,1432,-1310
123000237,194,52,142
123000238,62,1025,-963
123000239,465,3185,-2720
123000240,31,230,-199
123000241,1206,141,1065
123000242,71,321,-250
123000243,370,1244,-874
123000244,717,633,84
123000245,52,174,-122
123000249,445,606,-161
123000252,524,149,375
123000253,378,307,71
123000254,485,1626,-1141
123000255,671,811,-140
123000256,44,413,-369
123000257,4048,3038,1010
123000258,1194,1915,-721
123000259,168,378,-210
123000260,244,853,-609
123000261,88,415,-327
123000262,75,359,-284
123000263,183,154,29
123000264,178,83,95
123000265,78,212,-134
123000266,501,845,-344
123000267,212,300,-88
123000268,21,81,-60
123000269,25,51,-26
123000270,19,35,-16
123000271,47,86,-39
123000272,712,192,520
123000273,176,400,-224
123000274,908,337,571
123000275,318,1512,-1194
123000278,3999,3111,888
123000279,43,92,-49
123000280,193,519,-326
123000281,167,109,58
123000282,63,377,-314
123000283,65,40,25
123000284,46,154,-108
123000286,485,232,253
123000287,745,265,480
123000288,685,349,336
123000289,541,511,30
123000291,491,1183,-692
123000294,150,283,-133
123000295,701,875,-174
123000296,146,445,-299
123000297,200,1361,-1161
123000298,223,1227,-1004
123000299,41,425,-384
123000300,624,676,-52
123000301,49,194,-145
123000302,57,207,-150
123000303,40,140,-100
123000305,977,951,26
123000306,56,396,-340
123000309,46,101,-55
123000310,80,34,46
123000311,0,187,-187
123000312,777,1389,-612
123000313,161,249,-88
123000315,64,444,-380
123000316,1781,50,1731
123000317,185,53,132
123000318,31,394,-363
123000329,10,27,-17
123000337,69,354,-285
123000338,344,56,288
123000339,55,552,-497
123000340,197,569,-372
123000342,0,5,-5
123000343,19,0,19
123000344,1010,607,403
123000345,477,1047,-570
123000346,151,64,87
123000352,2880,980,1900
123000353,20,162,-142
123000354,68,0,68
123000355,0,433,-433
123000356,87,5,82
123000357,1,364,-363
123000359,3,296,-293
123000360,90,13,77
123000361,585,294,291
123000362,120,141,-21
123000363,69,351,-282
123000364,423,303,120
123000365,35,250,-215
123000366,253,1242,-989
123000367,261,1605,-1344
123000370,17,407,-390
123000371,105,13,92
123000372,129,6,123
123000373,1,591,-590
123000374,8,231,-223
123000375,186,4,182
123000376,548,525,23
123000377,188,13,175
123000378,11,748,-737
123000379,2,247,-245
123000380,64,240,-176
123000381,124,38,86
123000382,1176,28,1148
123000383,240,883,-643
123000384,499,115,384
123000385,600,638,-38
123000436,41,940,-899
123000507,334,534,-200
123000508,384,410,-26
123000517,341,16,325
123000518,71,241,-170
123000519,129,99,30
123000520,62,289,-227
123000521,324,128,196
123000522,206,673,-467
123000541,1,1,0
123000542,0,55,-55
123000565,1,0,1
123000566,209,1075,-866
123000567,90,341,-251
123000573,29,1611,-1582
123000574,422,100,322
123000575,1145,1737,-592
123000576,547,2364,-1817
123000577,109,524,-415
123000578,894,180,714
123000579,7248,2334,4914
123000580,51,7,44
123000582,154,22,132
123000583,29,814,-785
123000584,140,290,-150
123000585,0,173,-173
123000586,27,16,11
123000596,101,134,-33
123000597,43,71,-28
123000602,6,2,4
123000603,225,1010,-785
123000604,313,1657,-1344
123000605,722,166,556
123000606,1,285,-284
123000609,31,575,-544
123000610,100,105,-5
123000613,27,115,-88
123000614,220,50,170
123000615,28,199,-171
123000616,361,39,322
123000617,39,902,-863
123000618,51,936,-885
123000619,704,17,687
123000620,13,738,-725
123000622,272,24,248
123000624,165,25,140
123000630,382,495,-113
123000631,191,2830,-2639
123000632,1404,1547,-143
123000633,0,206,-206
123000634,68,24,44
123000635,323,149,174
123000636,16,916,-900
123000637,138,172,-34
123000638,283,138,145
123000639,1115,2403,-1288
123000640,42,1591,-1549
123900001,1794,131,1663
123900002,27,905,-878
123900003,393,885,-492
123900005,97,79,18
123900006,67,14,53
124000001,1232,133,1099
124000002,118,1963,-1845
124000003,256,146,110
124000004,57,1013,-956
124000005,457,171,286
124000006,199,2183,-1984
124000007,608,121,487
124000008,10,466,-456
124000009,163,310,-147
124000010,92,711,-619
124000011,378,304,74
124000012,204,1335,-1131
124000017,48,188,-140
124000018,70,225,-155
124000019,58,102,-44
124000020,41,344,-303
124000021,42,95,-53
124000022,122,365,-243
124000023,1131,1462,-331
124000024,1098,724,374
124000025,972,1301,-329
124000026,1251,1217,34
124000027,6090,3082,3008
124000028,3902,3937,-35
124000030,3916,1252,2664
124000031,634,665,-31
124000032,5660,1328,4332
124000033,1,31,-30
124000034,2127,694,1433
124000035,23,48,-25
124000036,98,174,-76
124000037,463,221,242
124000038,89,30,59
124000039,1712,205,1507
124000040,806,479,327
124000041,267,86,181
124000042,74,379,-305
124000043,190,109,81
124000044,78,405,-327
124000045,365,710,-345
124000046,170,982,-812
124000047,494,1091,-597
124000048,359,2785,-2426
124000049,622,837,-215
124000050,334,3282,-2948
124000051,329,598,-269
124000052,342,1997,-1655
124000053,495,830,-335
124000054,693,953,-260
124000055,986,1205,-219
124000056,5375,1678,3697
124000057,480,372,108
124000058,448,1846,-1398
124000059,316,518,-202
124000060,1087,1031,56
124000061,1250,2328,-1078
124000062,6875,1981,4894
124000063,1372,1865,-493
124000064,3050,2445,605
124000065,22,158,-136
124000066,425,113,312
124000067,43,296,-253
124000068,5,30,-25
124000069,52,27,25
124000070,20,170,-150
124000071,121,52,69
124000072,149,786,-637
124000073,537,70,467
124000074,193,1416,-1223
124000075,80,26,54
124000076,10,454,-444
124000077,2140,508,1632
124000078,3859,302,3557
124000079,1106,1097,9
124000080,264,133,131
124000081,192,1165,-973
124000082,18,129,-111
124000083,55,230,-175
124000084,60,192,-132
124000085,49,78,-29
124000086,132,85,47
124000087,115,82,33
124000088,303,317,-14
124000089,339,453,-114
124000090,83,569,-486
124000091,219,198,21
124000092,61,1035,-974
124000093,124,65,59
124000094,186,399,-213
124000095,49,87,-38
124000096,93,414,-321
124000097,65,81,-16
124000098,57,156,-99
124000099,156,124,32
124000100,20,133,-113
124000101,26,114,-88
124000102,69,113,-44
124000103,37,125,-88
124000104,51,145,-94
124000105,40,70,-30
124000106,73,143,-70
124000107,8,85,-77
124000108,61,45,16
124000109,128,64,64
124000110,102,130,-28
124000111,148,202,-54
124000112,401,918,-517
124000113,46,46,0
124000114,156,689,-533
124000115,445,942,-497
124000116,83,73,10
124000117,91,67,24
124000118,30,55,-25
124000119,971,705,266
124000120,570,640,-70
124000121,1817,607,1210
124000122,629,1084,-455
124000123,848,370,478
124000124,669,1221,-552
124000125,438,452,-14
124000126,478,755,-277
124000127,851,515,336
124000128,699,1340,-641
124000129,1834,1414,420
124000130,1000,780,220
124000131,1042,676,366
124000132,1037,837,200
124000133,747,936,-189
124000134,807,1123,-316
124000135,1578,1510,68
124000136,1228,1378,-150
124000137,1496,563,933
124000138,2565,1201,1364
124000139,261,20,241
124000140,42,507,-465
124000141,44,11,33
124000142,17,102,-85
124000143,17,22,-5
124000144,10,48,-38
124000145,49,22,27
124000146,11,204,-193
124000148,30,22,8
124000149,764,252,512
124000150,387,647,-260
124000151,518,221,297
124000152,748,1380,-632
124000153,536,350,186
124000154,669,1081,-412
124000155,1028,588,440
124000156,1355,1173,182
124000169,154,351,-197
124000170,785,492,293
124000171,191,243,-52
124000172,359,682,-323
124000173,203,332,-129
124000174,201,989,-788
124000175,12,201,-189
124000176,4,11,-7
124000177,32,71,-39
124000178,32,14,18
124000190,312,37,275
124000191,364,66,298
124000192,1487,298,1189
124000193,315,1451,-1136
124000194,339,753,-414
124000195,176,506,-330
124000196,727,1504,-777
124000197,46,81,-35
124000198,15,28,-13
124000201,173,1265,-1092
124000202,320,108,212
124000203,73,1359,-1286
124000204,275,635,-360
124000205,38,854,-816
124000206,127,498,-371
124000207,0,55,-55
124000209,190,861,-671
124000210,118,218,-100
124000211,149,0,149
124000212,2,874,-872
124000213,107,462,-355
124000214,115,805,-690
124000215,47,3,44
124000216,0,822,-822
124000329,40,3123,-3083
124000338,40,1604,-1564
124000339,190,46,144
124000341,291,44,247
124000344,96,89,7
124000357,810,1082,-272
124000358,891,826,65
124000359,583,344,239
124000360,330,240,90
124000361,879,619,260
124000362,1704,2339,-635
124000363,252,499,-247
124000364,455,1094,-639
124000365,795,1350,-555
124000366,1900,1101,799
124000367,121,791,-670
124000368,135,92,43
124000369,83,64,19
124000370,66,748,-682
124000402,12,7,5
124000403,20,9,11
124000404,9,180,-171
124000405,1345,795,550
124000406,1244,1119,125
124000407,4,29,-25
124000411,4,752,-748
124000412,90,7,83
124000413,100,40,60
124000414,23,146,-123
124000415,34,374,-340
124000416,103,559,-456
124000417,190,210,-20
124000418,60,198,-138
124000419,39,257,-218
124000420,25,78,-53
124000421,22,459,-437
124000422,51,18,33
124000423,110,42,68
124000424,1,141,-140
124000425,11,9,2
124000426,3,52,-49
124000427,20,17,3
124000428,6,47,-41
124000429,25,108,-83
124000430,424,889,-465
124000431,296,934,-638
124000432,147,961,-814
124000439,6,4,2
124000443,1,8,-7
124000445,277,229,48
124000446,2550,80,2470
124900001,178,222,-44
124900002,119,644,-525
124900003,266,620,-354
124900004,178,374,-196
124900005,267,295,-28
124900006,207,370,-163
124900008,1105,484,621
124900009,93,89,4
124900010,45,29,16
124900011,127,128,-1
124900012,194,60,134
124900013,256,88,168
124900014,114,86,28
124900015,107,150,-43
124900016,16,70,-54
124900017,521,164,357
124900018,4,4,0
124900020,36,46,-10
124900021,100,19,81
124900022,30,2,28
124900024,112,7,105
124900026,28,13,15
124900027,51,117,-66
124900028,877,136,741
124900029,12,335,-323
124900030,2,186,-184
124900031,16,418,-402
124900032,214,181,33
124900033,73,550,-477
124900034,8,111,-103
124900035,117,585,-468
124900036,1,49,-48
124900037,126,461,-335
124900038,353,353,0
124900039,1,28,-27
124900040,23,113,-90
124900041,167,1219,-1052
124900042,30,10,20
124900043,289,1344,-1055
124900044,28,3,25
124900045,837,641,196
124900046,1781,241,1540
124900047,94,249,-155
124900048,115,188,-73
124900050,119,274,-155
124900052,59,505,-446
124900053,43,549,-506
124900054,3121,310,2811
124900055,2,108,-106
124900057,6,100,-94
124900060,92,224,-132
124900061,21,6,15
124900062,17,12,5
124900066,0,32,-32
124900067,6,187,-181
124900068,207,177,30
124900070,53,26,27
124900072,29,11,18
124900074,141,346,-205
124900075,70,205,-135
124900076,19,285,-266
124900077,25,124,-99
124900078,66,16,50
124900079,688,40,648
124900080,125,793,-668
124900081,257,195,62
124900082,232,1006,-774
124900083,124,586,-462
124900084,2664,102,2562
124900085,1693,189,1504
124900086,75,359,-284
124900087,400,54,346
124900088,751,75,676
124900089,1490,16,1474
124900090,112,219,-107
124900091,170,781,-611
124900092,153,617,-464
124900093,107,199,-92
124900094,110,292,-182
124900095,50,349,-299
124900096,654,108,546
124900097,202,64,138
124900098,107,550,-443
124900099,654,345,309
124900100,190,27,163
124900101,32,757,-725
124900102,94,15,79
124900103,57,387,-330
124900104,16,249,-233
124900105,26,167,-141
124900106,247,32,215
124900107,52,5,47
124900108,210,16,194
124900109,17,124,-107
124900110,97,431,-334
124900111,0,50,-50
124900112,51,940,-889
124900113,178,124,54
124900114,311,48,263
124900115,84,29,55
124900116,63,104,-41
124900117,689,136,553
124900118,149,88,61
124900119,197,70,127
124900120,21,474,-453
124900121,120,121,-1
124900122,571,226,345
124900123,567,36,531
124900124,185,172,13
129000186,77,16,61
204000001,16,10,6
204000002,2,14,-12
204000003,7,2,5
204000004,3,4,-1
204000005,390,255,135
204000006,533,638,-105
204000011,19,79,-60
204000012,22,107,-85
204000013,10,38,-28
204000019,392,564,-172
204000020,315,643,-328
204000021,1483,722,761
204000022,367,544,-177
204000023,287,1608,-1321
204000031,32,36,-4
204000032,535,49,486
204000034,23,528,-505
204000035,2,11,-9
204000036,3,27,-24
204000037,1,16,-15
204000038,1,18,-17
204000039,3,107,-104
204000040,7,47,-40
204000041,2,92,-90
204000042,14,16,-2
204000043,11,32,-21
204000044,7,5,2
204000045,27,14,13
204000046,3,4,-1
204000057,4,98,-94
204000062,10,53,-43
204000068,46,140,-94
204000069,14,149,-135
204000070,41,163,-122
204000080,10,95,-85
204000085,886,1993,-1107
204000086,3028,2223,805
204000087,25,31,-6
204000088,10,118,-108
204000090,19,627,-608
204000093,225,33,192
204000096,362,557,-195
204000097,193,5,188
204000099,677,1010,-333
204000100,550,913,-363
204000105,2087,1636,451
204000110,594,1518,-924
204000111,321,956,-635
204000112,454,1118,-664
204000113,543,1007,-464
204000114,912,331,581
204000115,232,276,-44
204000116,470,441,29
204000119,1119,1127,-8
204000132,280,239,41
204000133,405,247,158
204000134,164,138,26
204000135,232,101,131
204000136,166,247,-81
204000138,204,233,-29
204000140,88,81,7
204000141,75,56,19
204000144,16,22,-6
204000145,837,30,807
204000146,38,579,-541
204000147,43,135,-92
204000148,524,19,505
204000154,3,1,2
204000155,3,6,-3
204000177,43,68,-25
204000179,11,6,5
204000180,0,45,-45
204000222,1,22,-21
204000235,7,22,-15
204000236,98,447,-349
204000238,38,35,3
204000240,451,55,396
204000263,387,1395,-1008
204000268,871,342,529
204000308,200,13,187
204000317,21,77,-56
204000322,6,38,-32
204000323,43,16,27
204000328,176,63,113
204000329,51,104,-53
204000330,182,20,162
204000331,27,195,-168
204010341,25,315,-290
205000001,1222,1611,-389
205000013,9,134,-125
205000014,10,153,-143
205000015,39,351,-312
205000016,16,293,-277
205000017,35,160,-125
205000022,336,637,-301
205000025,1865,1001,864
205000029,123,2,121
205000045,50,229,-179
205000046,59,589,-530
205000047,56,683,-627
205000048,99,1301,-1202
205000049,133,820,-687
205000050,1384,285,1099
205000059,1,266,-265
205000060,1,39,-38
205000061,0,22,-22
205000062,0,36,-36
205000063,9,51,-42
205000064,16,139,-123
205000065,50,850,-800
205000066,62,973,-911
205000067,40,1299,-1259
205000069,178,36,142
205000082,149,127,22
205000110,60,243,-183
205000111,179,293,-114
205000112,59,102,-43
205000113,219,315,-96
205000121,127,36,91
205000123,81,228,-147
205000126,249,46,203
205000127,359,83,276
205000128,255,30,225
205000129,176,33,143
205000130,93,7,86
205000131,69,2,67
205000132,185,0,185
205000133,24,0,24
205000134,110,1,109
205000137,136,175,-39
205000138,394,388,6
205000139,33,103,-70
205000144,43,28,15
205000145,306,71,235
205000151,118,17,101
205000152,92,23,69
205000153,112,16,96
205000154,34,31,3
205000155,57,16,41
205000207,49,200,-151
205000233,4,0,4
205000234,0,1,-1
205000243,0,2,-2
205000244,0,2,-2
205000245,18,511,-493
205000249,0,44,-44
205000250,4,2,2
205000264,5,104,-99
206000027,12,2,10
206000028,3,0,3
206000043,13,273,-260
206000053,9,10,-1
206000054,7,35,-28
206000055,3,53,-50
206000075,5,5,0
206000076,24,12,12
206000077,21,5,16
206000078,16,7,9
206000079,29,5,24
206000082,440,24,416
206000100,118,1059,-941
206000103,11,22,-11
206000104,62,34,28
206000105,10,32,-22
206000106,22,31,-9
206000108,745,45,700
206000125,36,0,36
206000157,204,1128,-924
206000170,3,379,-376
206000171,2,288,-286
206000172,12,1529,-1517
206000173,3,463,-460
206000174,8,304,-296
206000175,4,385,-381
206000176,13,606,-593
206000177,2,347,-345
206000178,1,232,-231
206000179,9,208,-199
206000180,36,414,-378
206000181,9,579,-570
206000182,37,520,-483
206000183,47,1944,-1897
206000184,6,708,-702
206000185,12,588,-576
206000186,220,2378,-2158
206000223,3,369,-366
206000226,8,0,8
206000227,34,2,32
206000237,57,565,-508
206000238,76,1021,-945
206000239,836,3349,-2513
206000240,4,48,-44
206000241,2,257,-255
206000242,7,785,-778
206000243,6,645,-639
206000244,99,1515,-1416
206000245,360,37,323
206000246,50,7,43
206000247,76,10,66
206000248,126,17,109
206000252,146,20,126
206000258,27,42,-15
206000315,24,5,19
206000317,290,92,198
206000318,119,50,69
206000319,530,71,459
206000320,35,24,11
206000321,44,19,25
206000322,147,10,137
206000323,61,13,48
206000324,85,9,76
206000325,147,7,140
206000326,75,6,69
206000327,75,9,66
206000328,51,1,50
206000329,82,6,76
206000330,20,11,9
206000331,48,10,38
206000332,15,10,5
206000333,167,6,161
206000334,97,0,97
206000335,0,26,-26
206000361,7,325,-318
206000392,12,81,-69
206000405,93,1,92
206000441,15,9,6
206000498,19,7,12
206000515,191,21,170
206000530,75,47,28
206000531,109,81,28
206000532,1633,104,1529
206000535,500,2824,-2324
206000536,27,329,-302
206000537,14,263,-249
206000613,1378,130,1248
207000001,134,370,-236
207000002,57,326,-269
207000003,109,238,-129
207000007,423,326,97
207000008,54,14,40
207000009,52,45,7
207000010,520,737,-217
207000012,223,271,-48
207000015,357,2204,-1847
207000019,134,83,51
207000021,543,177,366
207000022,46,85,-39
207000023,82,77,5
207000024,1,13,-12
207000025,2,63,-61
207000026,127,83,44
207000027,15,101,-86
207000028,41,318,-277
207000029,268,502,-234
207000033,230,208,22
207000034,180,49,131
207000039,206,206,0
207000040,94,256,-162
207000041,49,86,-37
207000042,164,82,82
207000043,141,224,-83
207000051,81,468,-387
207000052,32,258,-226
207000053,448,900,-452
207000054,45,175,-130
207000055,61,237,-176
207000056,251,483,-232
207000057,121,372,-251
207000058,48,538,-490
207000059,56,958,-902
207000060,41,261,-220
207000061,58,154,-96
207000062,112,47,65
207000063,111,201,-90
207000064,305,279,26
207000065,247,257,-10
207000066,65,220,-155
207000067,28,171,-143
207000068,78,91,-13
207000069,704,475,229
207000082,43,476,-433
207000083,93,534,-441
207000084,116,232,-116
207000085,130,12,118
207000086,78,7,71
207000106,12,52,-40
207000107,57,36,21
207000108,21,14,7
207000109,40,8,32
207000110,27,24,3
207000111,70,38,32
207000112,137,150,-13
207000114,49,26,23
207000115,23,78,-55
207000116,15,252,-237
207000117,7,137,-130
207000118,2,109,-107
207000119,10,134,-124
207000123,260,23,237
207000124,38,16,22
207000125,28,34,-6
207000126,84,20,64
207000134,24,315,-291
207000135,33,389,-356
207000148,47,112,-65
207000149,79,37,42
207000152,147,450,-303
207000153,1418,1067,351
207000154,301,146,155
207000159,38,330,-292
207000160,68,828,-760
207000238,1,78,-77
207000242,6,224,-218
207000248,34,27,7
207000249,122,62,60
207000250,832,69,763
207000251,109,82,27
207000252,49,94,-45
207000278,53,107,-54
207000279,17,287,-270
207000280,163,85,78
207000281,68,1634,-1566
207000282,175,25,150
207000283,151,217,-66
207000284,51,73,-22
207000285,141,30,111
207000291,12,151,-139
207000304,107,78,29
207000306,53,447,-394
207000310,34,110,-76
207000353,78,1,77
207000356,5,33,-28
207000357,53,18,35
207000358,85,5,80
207000415,3,210,-207
207000417,10,2,8
207000418,79,192,-113
207000438,0,3,-3
207000439,1618,323,1295
207000446,71,2,69
207000460,9,7,2
207000466,118,241,-123
207000467,119,138,-19
207000468,20,642,-622
207000476,0,128,-128
207000477,148,194,-46
207000478,26,12,14
207000523,0,9,-9
207000524,16,0,16
207000527,76,152,-76
207000530,98,1,97
207000531,78,5,73
207000532,58,16,42
207000534,900,40,860
207000535,35,187,-152
207000537,27,128,-101
207000540,1,252,-251
207000541,0,407,-407
207000548,4,420,-416
207000549,65,4,61
207000561,76,53,23
207000562,44,242,-198
207000567,163,283,-120
207000568,58,174,-116
207000569,113,1628,-1515
207000584,571,154,417
207000585,64,129,-65
207000616,1,314,-313
207000617,52,0,52
207900008,71,363,-292
208000001,303,439,-136
208000002,321,369,-48
208000003,542,407,135
208000004,616,574,42
208000005,6,18,-12
208000019,421,940,-519
208000020,68,458,-390
208000021,78,608,-530
208000022,542,769,-227
208000028,1100,859,241
208000033,341,682,-341
208000034,957,1484,-527
208000040,78,179,-101
208000041,590,543,47
208000042,646,527,119
208000047,83,384,-301
208000064,2570,1137,1433
208000066,1356,656,700
208000070,130,519,-389
208000071,198,815,-617
208000072,202,1204,-1002
208000080,72,249,-177
208000081,92,153,-61
208000082,128,382,-254
208000083,64,396,-332
208000084,4,28,-24
208000085,614,569,45
208000086,317,943,-626
208000087,204,653,-449
208000089,468,644,-176
208000090,385,1008,-623
208000093,41,116,-75
208000094,252,557,-305
208000095,409,401,8
208000104,550,901,-351
208000105,434,1057,-623
208000114,32,117,-85
208000115,399,344,55
208000116,112,917,-805
208000117,20,121,-101
208000118,43,106,-63
208000155,393,823,-430
208000158,1748,2292,-544
208000186,3093,1291,1802
208000204,302,781,-479
208000205,655,1318,-663
208000282,3368,1065,2303
209000004,83,168,-85
209000005,15,20,-5
209000006,243,92,151
209000007,209,203,6
209000010,395,138,257
209000011,94,226,-132
209000012,227,249,-22
209000013,154,739,-585
209000014,655,2081,-1426
209000025,113,23,90
209000026,368,76,292
209000027,288,1349,-1061
209000028,452,1541,-1089
209000029,490,1304,-814
209000030,255,2213,-1958
209000031,4898,3275,1623
209000034,115,154,-39
209000035,71,96,-25
209000036,53,73,-20
209000037,101,152,-51
209000038,47,131,-84
209000039,42,137,-95
209000040,359,497,-138
209000041,159,386,-227
209000042,283,356,-73
209000043,792,498,294
209000044,211,477,-266
209000045,810,324,486
209000046,165,420,-255
209000047,134,165,-31
209000048,214,202,12
209000049,144,130,14
209000050,146,212,-66
209000051,156,344,-188
209000052,66,339,-273
209000062,53,233,-180
209000063,19,142,-123
209000064,18,181,-163
209000065,28,36,-8
209000066,13,49,-36
209000067,30,57,-27
209000080,21,178,-157
209000082,38,41,-3
209000091,41,126,-85
209000093,138,52,86
209000094,202,154,48
209000110,36,66,-30
209000111,500,820,-320
209000112,348,342,6
209000113,804,268,536
209000114,239,238,1
209000115,64,178,-114
209000116,743,679,64
209000118,12,42,-30
209000119,8,5,3
209000121,116,829,-713
209000135,59,95,-36
209000142,843,626,217
209000143,70,94,-24
209000144,5,60,-55
209000229,64,141,-77
209000240,26,508,-482
209000259,71,142,-71
209000260,64,1297,-1233
209000261,4,760,-756
209000262,2,681,-679
209000263,0,191,-191
209000264,0,31,-31
209000265,196,2,194
209000266,32,2,30
209000267,153,0,153
209000268,481,27,454
210000037,84,22,62
210000047,21,31,-10
210000048,31,43,-12
210000049,57,38,19
210000052,23,142,-119
210000053,22,93,-71
210000054,74,67,7
210000070,30,3,27
210000071,17,0,17
210000072,4,0,4
210000073,0,27,-27
210000074,0,126,-126
210000075,0,54,-54
210000076,3,163,-160
210000077,25,54,-29
210000078,33,17,16
210000079,20,8,12
210000080,68,39,29
210000081,114,5,109
210000082,42,0,42
210000083,85,2,83
210000084,15,0,15
210000085,0,113,-113
210000086,2,156,-154
210000099,46,315,-269
210000100,27,300,-273
210000101,100,233,-133
210000105,53,118,-65
210000159,1,160,-159
210000163,196,154,42
210000164,344,101,243
210000168,159,32,127
210000187,0,6,-6
210000188,0,21,-21
210000214,9,0,9
210000219,30,38,-8
210000220,53,114,-61
210000232,0,32,-32
210000233,15,46,-31
210000234,33,173,-140
210000235,58,163,-105
210000245,0,35,-35
210000246,43,0,43
210000258,8,189,-181
210000259,126,14,112
210000282,50,228,-178
210000285,1,97,-96
210000286,7,184,-177
210000290,0,4,-4
210000295,27,103,-76
210000296,30,43,-13
210000320,116,155,-39
210000321,68,117,-49
210000338,57,91,-34
210000339,740,607,133
210000340,136,193,-57
210000341,78,165,-87
210000342,141,170,-29
210000343,84,203,-119
210000344,129,87,42
210000345,158,92,66
210000346,15,63,-48
210000347,66,17,49
210000348,56,12,44
210000349,47,17,30
210000350,64,62,2
210000351,63,122,-59
210000352,79,83,-4
210000353,38,141,-103
210000354,54,131,-77
210000355,33,113,-80
210000356,48,61,-13
210000357,23,16,7
210000358,283,82,201
210000359,53,50,3
210000360,104,91,13
210000361,92,127,-35
210000362,171,156,15
210000363,891,87,804
210000364,108,94,14
210000365,78,35,43
210000366,77,48,29
210000367,40,15,25
210000368,111,20,91
210000369,12,15,-3
210000370,36,56,-20
210000372,7,30,-23
210000373,27,11,16
210000374,48,12,36
210000375,23,102,-79
210000376,48,171,-123
210000404,104,103,1
210000439,8,60,-52
210000472,109,7,102
210000482,84,42,42
210000564,896,124,772
210000567,0,18,-18
210000568,531,0,531
211000092,22,72,-50
211000094,72,6,66
211000169,145,7,138
211000172,9,219,-210
211000209,0,40,-40
211000226,1,21,-20
211000270,3,9,-6
211000275,9,44,-35
211000276,27,48,-21
211000279,4,69,-65
211000281,19,78,-59
211507980,0,33,-33
211977296,3,4,-1
212000003,69,59,10
212000004,16,10,6
212000005,2,11,-9
212000006,17,72,-55
212000008,82,269,-187
212000009,6,169,-163
212000012,33,95,-62
212000013,13,66,-53
212000014,185,179,6
212000015,134,292,-158
212000016,378,635,-257
212000027,345,405,-60
212000028,173,272,-99
212000029,106,236,-130
212000030,16,27,-11
212000031,40,72,-32
212000048,48,101,-53
212000049,11,81,-70
212000050,11,11,0
212000051,151,228,-77
212000052,129,486,-357
212000053,271,747,-476
212000054,89,165,-76
212000055,113,296,-183
212000056,13,37,-24
212000057,4,31,-27
212000058,291,46,245
212000070,59,442,-383
212000077,76,961,-885
212000099,127,231,-104
212000108,104,168,-64
212000111,120,177,-57
212000120,43,117,-74
212000138,45,18,27
212000156,4,156,-152
212000158,3,10,-7
212000159,140,65,75
212000160,277,210,67
212000161,12,9,3
212000310,23,29,-6
212000311,3,95,-92
212000374,21,20,1
213000001,24,742,-718
213000005,490,76,414
213000006,1187,111,1076
213000007,53,3,50
213000009,414,183,231
213000010,105,117,-12
213000011,159,109,50
213000012,110,418,-308
213000014,43,2,41
213000015,90,3,87
213000016,149,3,146
213000017,13,0,13
213000018,1,335,-334
213000019,4,194,-190
213000020,62,347,-285
213000021,3,124,-121
213000023,214,122,92
213000033,205,677,-472
213000034,229,291,-62
213000035,71,66,5
213000045,99,297,-198
213000046,72,188,-116
213000047,374,731,-357
213000056,15,9,6
213000069,19,2,17
213000073,1,8,-7
213000074,124,684,-560
213000075,393,4,389
213000076,21,0,21
213000085,2,55,-53
213000086,17,270,-253
213000091,31,7,24
213000092,20,13,7
213000099,143,876,-733
213000100,994,150,844
213000101,70,238,-168
213000102,136,572,-436
213000103,556,830,-274
213000104,39,584,-545
213000105,0,40,-40
213000106,11,270,-259
213000107,62,936,-874
213000108,6,575,-569
213000109,5,262,-257
213000110,1,46,-45
213000111,7,43,-36
213000112,203,156,47
213000115,22,6,16
213000116,65,810,-745
213000117,3,985,-982
213000118,187,369,-182
213000119,53,850,-797
213000120,67,819,-752
213000122,161,1035,-874
213000123,743,1541,-798
213000124,58,1923,-1865
213000125,177,11,166
213000126,175,103,72
213000127,271,147,124
213000128,938,528,410
213000129,555,205,350
213000130,268,102,166
213000132,129,41,88
213000133,119,72,47
213000134,380,20,360
213000136,166,13,153
213000137,352,38,314
213000139,159,12,147
213000147,24,6,18
213000148,7,3,4
213000149,19,2,17
213000150,0,87,-87
213000151,0,85,-85
213000152,0,69,-69
213000153,0,34,-34
213000154,13,226,-213
213000155,29,446,-417
213000156,50,645,-595
213000157,617,792,-175
213000158,245,945,-700
213000159,423,541,-118
213000163,343,128,215
213000165,761,114,647
213000171,2,240,-238
213000172,0,443,-443
213000173,4,425,-421
213000174,0,401,-401
213000175,9,229,-220
213000176,4,10,-6
213000177,9,0,9
213000178,29,0,29
213000179,93,0,93
213000180,26,0,26
213000184,79,553,-474
213000188,302,69,233
213000189,157,41,116
213000190,827,751,76
213000191,115,602,-487
213000192,60,725,-665
213000193,1329,187,1142
213000194,1,17,-16
213000195,17,540,-523
213000196,116,848,-732
213000197,238,112,126
213000198,31,2,29
213000200,69,1219,-1150
213000201,116,63,53
213000202,9,798,-789
213000203,2224,228,1996
213000204,273,16,257
213000205,122,19,103
213000206,116,20,96
213000207,24,9,15
213000208,10,2,8
213000209,19,3,16
213000210,118,6,112
213000211,0,7,-7
213000212,3,32,-29
213000213,2,32,-30
213000218,131,1043,-912
213000219,508,15,493
213000220,347,12,335
213000223,191,95,96
213000224,10,20,-10
213000225,18,2,16
213000226,25,5,20
213000227,462,122,340
213000228,114,50,64
213000229,545,16,529
213000230,151,3,148
213000232,56,220,-164
213000233,6,36,-30
213000234,3,45,-42
213000293,6,54,-48
213000294,14,5,9
213000295,3,78,-75
213000296,74,11,63
213000297,13,75,-62
213000298,19,83,-64
213000299,41,37,4
213000300,3,6,-3
213000303,0,43,-43
213000304,1,4,-3
213000305,0,9,-9
213000306,37,35,2
213000307,118,78,40
213000308,69,304,-235
213000309,65,54,11
213000310,266,87,179
213000311,348,652,-304
213000315,63,167,-104
213000316,61,67,-6
213000322,79,182,-103
213000323,23,100,-77
213000324,28,102,-74
213000325,5,142,-137
213000326,13,59,-46
213000327,13,116,-103
213000328,5,102,-97
213000329,16,52,-36
213000340,113,1062,-949
213000341,150,74,76
213000346,229,59,170
213000347,1053,122,931
213000348,13,105,-92
213000349,31,11,20
213000350,173,1801,-1628
213000366,24,377,-353
213000367,90,36,54
213000379,150,215,-65
213000386,0,162,-162
213000406,117,390,-273
213000417,665,266,399
213000425,43,74,-31
213000426,73,106,-33
213000427,13,438,-425
213000428,26,283,-257
213000429,8,1,7
213000430,48,1210,-1162
213000431,72,2,70
213000432,1,13,-12
213000433,7,100,-93
213000434,31,138,-107
213000435,53,80,-27
213000436,5,88,-83
213000437,1,44,-43
213000438,64,85,-21
213000439,31,12,19
213000440,4,172,-168
213000441,0,0,0
213000442,1,36,-35
213000443,289,280,9
213000444,11,113,-102
213000445,0,125,-125
213000446,0,11,-11
213000447,0,46,-46
213000448,0,49,-49
213000449,68,2,66
213000450,14,65,-51
213000451,74,85,-11
213000452,2,16,-14
213000453,28,315,-287
213000455,379,84,295
213000456,4,215,-211
213000481,6,0,6
213000482,110,1,109
213000489,424,18,406
213000491,0,80,-80
213000492,176,129,47
213000493,0,27,-27
213000494,69,165,-96
213000495,1,245,-244
213000496,178,218,-40
213000497,34,558,-524
213000498,44,400,-356
213000499,87,938,-851
213000500,158,103,55
213000501,21,30,-9
213000502,123,50,73
213000503,0,107,-107
213000504,6,238,-232
213000505,1,2,-1
213000506,0,5,-5
213000507,2,233,-231
213900016,1,11,-10
213900244,0,0,0
213900245,0,45,-45
218000003,14,20,-6
218000004,21,22,-1
218000005,12,32,-20
218000006,41,24,17
218000007,6,18,-12
218000012,251,129,122
218000013,54,163,-109
218000014,573,404,169
218000019,1045,444,601
218000020,396,411,-15
218000021,32,147,-115
218000022,8,80,-72
218000023,2,94,-92
218000024,4,43,-39
218000025,19,53,-34
218000026,12,105,-93
218000027,1,16,-15
218000028,4,11,-7
218000029,1,8,-7
218000030,9,53,-44
218000031,2,82,-80
218000032,3,77,-74
218000040,6,3,3
218000046,16,192,-176
218000047,8,233,-225
218000048,42,267,-225
218000049,102,214,-112
218000050,354,374,-20
218000051,52,393,-341
218000052,3,108,-105
218000053,0,13,-13
218000054,38,34,4
218000055,4,19,-15
218000056,14,28,-14
218000057,1,33,-32
218000064,0,7,-7
218000065,22,85,-63
218000066,11,77,-66
218000067,28,91,-63
218000068,70,106,-36
218000069,91,233,-142
218000070,126,371,-245
218000071,127,329,-202
218000072,409,332,77
218000078,531,1417,-886
218000079,29,66,-37
218000080,45,86,-41
218000081,204,346,-142
218000082,14,167,-153
218000083,14,48,-34
218000084,63,242,-179
218000085,111,626,-515
218000086,12,245,-233
218000087,172,269,-97
218000090,6,75,-69
218000091,659,439,220
218000092,25,178,-153
218000093,41,120,-79
218000094,463,997,-534
218000099,348,439,-91
218000100,202,380,-178
218000101,144,247,-103
218000102,155,419,-264
218000103,54,239,-185
218000104,16,64,-48
218000105,18,11,7
218000106,15,10,5
218000107,38,180,-142
218000108,11,91,-80
218000112,65,18,47
218000117,29,81,-52
218000134,452,909,-457
218000135,10,89,-79
218000136,74,74,0
218000137,73,175,-102
218000138,48,120,-72
218000139,62,429,-367
218000140,105,201,-96
218000141,21,63,-42
218000142,88,240,-152
218000143,15,189,-174
218000144,10,69,-59
218000145,143,548,-405
218000146,41,104,-63
218000151,13,21,-8
218000152,43,62,-19
218000153,0,5,-5
218000154,1,4,-3
218000155,9,8,1
218000156,25,29,-4
218000157,10,30,-20
218000158,1,4,-3
218000159,3,4,-1
218000160,1,5,-4
218000161,9,8,1
218000162,23,21,2
218000163,6,7,-1
218000164,27,23,4
218000165,35,59,-24
218000170,0,36,-36
218000171,33,2,31
218000172,4,5,-1
218000173,62,10,52
218000174,5,3,2
218000176,62,11,51
218000177,238,77,161
218000178,52,92,-40
218000179,44,32,12
218000180,42,17,25
218000181,60,6,54
218000187,19,16,3
218000188,27,48,-21
218000189,11,82,-71
218000190,1,23,-22
218000191,42,112,-70
218000192,58,581,-523
218000193,290,584,-294
218000194,24,512,-488
218000195,70,109,-39
218000196,191,301,-110
218000197,156,510,-354
218000198,1,124,-123
218000199,14,31,-17
218000200,62,49,13
218000201,14,12,2
218000202,102,151,-49
218000207,7,58,-51
218000208,36,56,-20
218000211,20,18,2
218000212,1,10,-9
218000213,101,61,40
218000214,1,18,-17
218000215,40,109,-69
218000217,9,108,-99
218000218,368,76,292
218000219,17,18,-1
218000220,94,341,-247
218000221,475,176,299
218000222,47,7,40
218000223,26,86,-60
218000224,0,76,-76
218000225,167,22,145
218000226,47,51,-4
218000230,0,6,-6
218000232,43,86,-43
218000239,19,4,15
218000240,0,3,-3
218000241,2,0,2
218000242,2,0,2
218000243,5,0,5
218000244,56,11,45
218000245,3,1,2
218000246,0,0,0
218000247,0,0,0
218000248,0,44,-44
218000249,0,3,-3
218000250,2,5,-3
218000251,7,36,-29
218000252,0,41,-41
218000253,0,19,-19
218000254,1,23,-22
218000255,0,13,-13
218000256,4,60,-56
218000267,825,1389,-564
218000268,4,112,-108
218000269,6,24,-18
218000270,21,98,-77
218000271,26,79,-53
218000273,8,10,-2
218000274,5,9,-4
218000275,31,31,0
218000276,6,56,-50
218000278,7,25,-18
218000279,31,71,-40
218000280,17,33,-16
218000281,9,8,1
218000282,324,196,128
218000284,107,10,97
218000301,21,135,-114
218000302,60,35,25
218000303,10,118,-108
218000316,776,1345,-569
218000317,546,1480,-934
218000318,219,1368,-1149
218000319,578,1687,-1109
218000320,539,742,-203
218000338,13,29,-16
218000345,84,62,22
218000346,14,99,-85
218000459,75,386,-311
218000490,12,65,-53
218000501,29,20,9
218000502,11,161,-150
218000503,57,14,43
218000504,73,9,64
218000505,30,207,-177
218000506,33,156,-123
218000508,1,5,-4
218000510,133,11,122
218000520,69,102,-33
218000521,4,80,-76
218000522,1,130,-129
218000523,33,0,33
218000524,31,124,-93
218000525,68,8,60
218000526,94,105,-11
218000529,10,251,-241
218000530,1,11,-10
218000531,2,40,-38
218000532,7,39,-32
218000534,49,9,40
218000537,8,42,-34
218000538,84,113,-29
218000540,197,103,94
218000543,107,82,25
218000544,59,152,-93
218000545,29,102,-73
218000546,43,199,-156
218000547,42,126,-84
218000548,119,226,-107
218000549,352,83,269
218000550,274,676,-402
218000551,429,226,203
218000552,950,32,918
218000553,12,78,-66
218000554,19,36,-17
218000555,11,57,-46
218000556,62,509,-447
218000557,232,213,19
218000558,61,1,60
218000559,0,18,-18
218000560,0,6,-6
218000561,11,0,11
218000562,10,195,-185
218000563,72,17,55
218000564,16,139,-123
218000565,245,19,226
218000566,306,21,285
218000567,4,74,-70
218000568,2,3,-1
218000569,3,53,-50
218000570,184,9,175
218000571,2,60,-58
218000572,19,0,19
218000573,59,49,10
218000574,250,72,178
218000575,38,0,38
218000576,0,53,-53
218000577,6,1,5
218000578,1,88,-87
218000579,29,3,26
218000581,3,84,-81
218000582,9,3,6
218000583,7,0,7
218000584,1,21,-20
218000585,5,3,2
218000586,3,65,-62
218000587,0,2,-2
218000588,2,1,1
218000589,0,2,-2
218000590,0,1,-1
218000591,0,6,-6
218000592,0,0,0
218000593,0,0,0
218000594,0,0,0
218000595,0,0,0
218000596,0,0,0
218000597,0,0,0
218000598,0,0,0
218000599,1,0,1
218000600,0,0,0
218000601,1,0,1
218000602,0,3,-3
218000603,0,0,0
218000604,0,0,0
218000605,1,14,-13
218000606,14,0,14
218000607,19,37,-18
218000608,16,5,11
218000609,0,49,-49
218000610,14,0,14
218000611,6,0,6
218000612,3,59,-56
218000613,13,0,13
218000614,0,62,-62
218000615,13,3,10
218000616,1,186,-185
218000617,2,1,1
218000618,0,25,-25
218000619,7,12,-5
218000620,1,22,-21
218000621,0,0,0
218000622,0,10,-10
218000623,4,0,4
218000624,0,12,-12
218000625,5,0,5
218000626,1,14,-13
218000628,56,53,3
218000631,8,9,-1
218000632,0,29,-29
218000633,19,0,19
218000634,1,8,-7
218000635,6,4,2
218000636,491,1612,-1121
218000637,497,811,-314
218000638,50,50,0
218000639,16,340,-324
218000640,133,31,102
218000641,28,455,-427
218000652,118,176,-58
218000653,98,73,25
218000663,2,107,-105
218000675,22,45,-23
218000676,3,50,-47
218000677,9,17,-8
218000680,93,640,-547
218000681,333,89,244
218000691,107,526,-419
218000693,68,80,-12
218000703,6,86,-80
218000718,1393,310,1083
218000719,1874,49,1825
218000720,9,62,-53
218000721,20,11,9
218000725,6,15,-9
218001214,13,21,-8
218001258,3,1,2
218001329,126,98,28
218001330,197,77,120
218001351,13,14,-1
218001352,10,16,-6
218001353,2,6,-4
218001354,0,9,-9
218001355,17,4,13
218001356,35,4,31
218001357,9,0,9
218001358,12,4,8
218001361,9,16,-7
219000001,36,61,-25
219000002,32,111,-79
219000003,38,20,18
219000004,34,54,-20
219000017,51,24,27
219000020,69,20,49
219000022,92,3,89
219000023,83,2,81
219000029,0,117,-117
219000034,6,28,-22
219000039,34,66,-32
219000040,61,16,45
219000041,142,28,114
219000051,1,114,-113
219000052,0,26,-26
219000053,1,332,-331
219000054,26,221,-195
219000055,39,1,38
219000056,4,1,3
219000057,25,0,25
219000062,4,294,-290
219000063,25,8,17
219000064,1,36,-35
219000110,205,35,170
219000111,118,26,92
219000112,160,67,93
219000113,88,40,48
219000114,612,26,586
219000116,61,34,27
219000117,130,74,56
219000118,56,77,-21
219000123,259,125,134
219000124,29,56,-27
219000125,9,31,-22
219000126,60,139,-79
219000127,0,3,-3
219000128,38,87,-49
219000129,39,129,-90
219000130,1337,738,599
219000131,985,717,268
219000133,49,31,18
219000134,11,10,1
219000135,41,55,-14
219000136,60,146,-86
219000138,33,16,17
219000139,27,70,-43
219000140,12,3,9
219000141,7,157,-150
219000142,14,109,-95
219000143,21,184,-163
219000145,17,39,-22
219000146,10,89,-79
219000147,1,73,-72
219000148,2,119,-117
219000149,46,353,-307
219000150,2,186,-184
219000151,3,130,-127
219000157,131,173,-42
219000158,82,275,-193
219000161,104,10,94
219000163,1895,451,1444
219000166,62,199,-137
219000167,62,269,-207
219000168,686,77,609
219000174,149,103,46
219000175,30,4,26
219000176,37,4,33
219000177,13,4,9
219000178,12,4,8
219000179,7,14,-7
219000180,59,19,40
219000182,62,13,49
219000183,22,67,-45
219000184,20,8,12
219000185,0,158,-158
219000186,9,99,-90
219000187,15,226,-211
219000189,157,104,53
219000190,155,184,-29
219000191,2034,720,1314
219000192,125,98,27
219000193,553,148,405
219000195,1,106,-105
219000196,7,176,-169
219000198,37,246,-209
219000199,157,240,-83
219000200,50,327,-277
219000201,79,272,-193
219000203,14,138,-124
219000204,118,213,-95
219000205,46,281,-235
219000207,398,250,148
219000209,13,119,-106
219000210,32,132,-100
219000213,5,313,-308
219000239,152,288,-136
219000240,206,393,-187
219000241,87,226,-139
219000242,70,239,-169
219000243,56,379,-323
219000244,3,122,-119
219000245,11,50,-39
219000246,16,25,-9
219000247,66,35,31
219000248,394,169,225
219000249,134,40,94
219000250,60,79,-19
219000251,536,120,416
219000252,119,82,37
219000253,69,32,37
219000255,35,77,-42
219000256,55,54,1
219000257,42,0,42
219000262,89,305,-216
219000263,39,303,-264
219000267,2,148,-146
219000268,1,6,-5
219000269,1,1,0
219000270,1,0,1
219000271,32,3,29
219000278,1,16,-15
219000279,1,5,-4
219000283,0,13,-13
219000295,16,149,-133
219000296,68,748,-680
219000297,25,258,-233
219000298,11,306,-295
219000299,407,43,364
219000300,21,456,-435
219000301,152,404,-252
219000302,13,269,-256
219000307,38,92,-54
219000308,45,38,7
219000311,71,25,46
219000312,187,24,163
219000313,104,17,87
219000314,131,753,-622
219000315,79,15,64
219000316,180,20,160
219000317,34,27,7
219000320,0,77,-77
219000321,1,23,-22
219000323,7,135,-128
219000325,2,51,-49
219000326,109,141,-32
219000327,71,45,26
219000328,25,61,-36
219000329,301,70,231
219000330,43,39,4
219000331,21,67,-46
219000332,45,73,-28
219000333,5,4,1
219000335,50,7,43
219000337,3,0,3
219000338,21,2,19
219000344,20,155,-135
219000345,126,216,-90
219000346,14,277,-263
219000348,68,236,-168
219000349,25,328,-303
219000350,33,47,-14
219000351,1,1,0
219000352,240,46,194
219000353,53,44,9
219000354,120,147,-27
219000355,122,46,76
219000356,2104,260,1844
219000363,288,17,271
219000364,77,16,61
219000365,72,5,67
219000366,298,80,218
219000368,366,390,-24
219000370,1116,166,950
219000371,8,12,-4
219000382,5,26,-21
219000383,868,577,291
219000385,721,413,308
219000386,1446,1268,178
219000387,1,6,-5
219000390,1,0,1
219000391,1,1,0
219000397,94,141,-47
219000398,84,28,56
219000401,4,100,-96
219000402,7,93,-86
219000403,28,132,-104
219000404,8,96,-88
219000407,2,37,-35
219000409,30,38,-8
219000410,18,22,-4
219000411,23,9,14
219000446,242,460,-218
219000447,4,12,-8
219000448,26,1,25
219000452,65,47,18
219000453,49,89,-40
219000454,229,204,25
219000556,101,54,47
219000558,75,413,-338
219000590,5,220,-215
219000591,25,41,-16
219000592,121,538,-417
219000595,3,50,-47
219000635,30,22,8
219000636,17,146,-129
219000657,35,25,10
219000658,12,33,-21
219000673,0,12,-12
219000676,205,1,204
219000679,16,13,3
219000684,22,3,19
219000685,1,120,-119
219000686,14,0,14
219000688,0,92,-92
219000689,90,158,-68
219000690,140,13,127
219000691,66,74,-8
219000692,105,28,77
219000693,0,48,-48
219000694,7,0,7
219000695,5,7,-2
219000698,3,0,3
219000699,0,8,-8
219000727,4,210,-206
219000728,70,6,64
219000770,8,0,8
219000771,0,42,-42
219000788,225,181,44
219001150,0,13,-13
219001151,1,2,-1
219001166,13,2,11
219001167,1,65,-64
219001178,27,1,26
220000001,3,50,-47
220000002,9,176,-167
220000003,374,401,-27
220000004,610,860,-250
220000005,1785,1803,-18
220000006,139,858,-719
220000007,198,1104,-906
220000008,161,1301,-1140
220000009,122,662,-540
220000010,76,150,-74
220000011,710,1605,-895
220000012,39,131,-92
220000014,24,82,-58
220000015,18,185,-167
220000017,37,419,-382
220000018,5739,768,4971
220000019,50,202,-152
220000020,101,241,-140
220000021,374,153,221
220000022,365,526,-161
220000023,143,111,32
220000024,1505,266,1239
220000025,1054,370,684
220000026,200,126,74
220000027,14,104,-90
220000028,10,33,-23
220000029,66,152,-86
220000030,49,74,-25
220000031,176,277,-101
220000064,16,1265,-1249
221000046,2,0,2
221000047,0,1,-1
221000048,0,2,-2
221000049,0,16,-16
221000050,8,0,8
221000055,34,53,-19
221000057,38,5,33
221000068,270,82,188
221000069,187,39,148
221000070,103,32,71
221000071,47,7,40
221000072,101,27,74
221000073,188,47,141
221000074,1,25,-24
221000075,18,14,4
221000076,11,48,-37
221000077,34,104,-70
221000081,22,2,20
221000082,41,0,41
221000083,31,2,29
221000084,2,3,-1
221000085,9,80,-71
221000086,9,180,-171
221000087,6,219,-213
221000088,21,219,-198
221000089,36,280,-244
221000090,140,484,-344
221000098,147,14,133
221000099,113,12,101
221000100,58,5,53
221000101,271,10,261
221000102,128,14,114
221000109,6,148,-142
221000110,8,169,-161
221000111,27,153,-126
221000112,14,129,-115
221000113,19,183,-164
221000114,18,218,-200
221000120,12,27,-15
221000121,1,29,-28
221000122,16,18,-2
221000123,13,30,-17
221000124,15,443,-428
221000155,79,8,71
221000156,19,22,-3
221000175,0,4,-4
221000176,1,1,0
221000182,30,3,27
221000241,451,172,279
221000242,261,365,-104
221000243,321,100,221
221000244,258,333,-75
221000245,32,98,-66
221000246,25,217,-192
221000247,20,139,-119
221000248,43,175,-132
221000267,34,852,-818
221000325,80,46,34
221000331,1,114,-113
221000338,2,20,-18
221000378,85,23,62
221000381,79,103,-24
222000282,3,1,2
222000296,0,17,-17
222000568,237,13,224
222000569,80,21,59
222000570,88,2,86
222000571,80,8,72
222000577,8,281,-273
222000578,10,249,-239
222000579,24,135,-111
222000580,151,994,-843
222000599,0,176,-176
222000600,1,308,-307
222000601,8,854,-846
222000603,8,19,-11
222000604,1,18,-17
222000605,3,16,-13
222000606,1,23,-22
222000607,0,3,-3
222000608,2,19,-17
222000609,35,408,-373
222000616,68,44,24
222000617,8,5,3
222000618,2,3,-1
222000620,17,11,6
222000621,24,7,17
222000623,418,3,415
222000624,115,1,114
222000625,264,51,213
222000636,37,2,35
222000686,4,6,-2
222000687,72,45,27
222001066,198,4,194
222001067,2,8,-6
222001068,9,51,-42
222001069,7,46,-39
222001082,9,69,-60
222001083,5,88,-83
222001084,1,15,-14
222001085,1,222,-221
222001111,8,310,-302
222001112,67,25,42
222001313,8,5,3
222001314,3,110,-107
222001464,25,53,-28
222001465,5,127,-122
222001484,39,60,-21
222001485,10,89,-79
222001494,107,128,-21
222001495,86,532,-446
222001496,108,64,44
222001497,67,804,-737
222001502,24,137,-113
222001503,6,3,3
222001504,20,333,-313
222001505,22,1,21
222001506,43,304,-261
222001507,19,9,10
222001510,60,7,53
222001511,45,516,-471
222001514,262,30,232
222001515,260,828,-568
222001518,39,14,25
222001519,41,565,-524
222001527,48,11,37
222001528,120,230,-110
222001529,43,8,35
222001530,27,316,-289
222001533,159,537,-378
222001534,28,12,16
222001535,62,127,-65
222001536,78,506,-428
222001537,118,6,112
222001538,74,610,-536
222001563,83,48,35
222001564,47,1012,-965
222001568,178,104,74
222001576,0,0,0
222001579,0,7,-7
222001583,15,387,-372
222001584,24,10,14
222001596,492,1832,-1340
222001597,757,183,574
222001626,2,218,-216
222001650,103,62,41
222001651,74,144,-70
222001914,47,9,38
222001915,102,256,-154
222001968,397,159,238
222001969,476,1026,-550
222001970,64,205,-141
222001971,1,38,-37
222001972,0,43,-43
225000001,316,77,239
225000002,203,43,160
225000003,201,33,168
225000004,122,134,-12
225000005,13,30,-17
225000006,0,103,-103
225000007,3007,931,2076
225000010,85,26,59
225000011,430,564,-134
225000012,81,252,-171
225000013,46,103,-57
225000014,373,30,343
225000015,113,229,-116
225000021,347,92,255
225000027,231,455,-224
225000032,514,66,448
225000042,54,704,-650
225000049,35,72,-37
225000050,36,10,26
225000053,2,173,-171
225000058,181,81,100
225000067,106,216,-110
225000068,91,535,-444
225000069,197,514,-317
225000070,65,504,-439
225000071,13,295,-282
225000075,28,823,-795
225000076,109,106,3
225000078,51,18,33
225000085,14,74,-60
225000086,52,33,19
225000087,65,17,48
225000088,10,131,-121
225000089,409,457,-48
225000090,22,309,-287
225000091,42,252,-210
225000092,16,64,-48
225000093,96,397,-301
225000094,14,488,-474
225000095,242,526,-284
225000096,64,400,-336
225000098,258,102,156
225000099,172,95,77
225000100,103,85,18
225000104,27,362,-335
225000110,6,479,-473
225000111,95,1181,-1086
225000112,178,975,-797
225000113,70,592,-522
225000114,45,314,-269
225000115,2707,496,2211
225000116,1022,51,971
225000117,504,200,304
225000118,423,116,307
225000119,85,34,51
225000120,272,27,245
225000121,119,10,109
225000123,619,13,606
225000125,128,240,-112
225000126,700,182,518
225000127,884,404,480
225000128,243,326,-83
225000132,119,25,94
225000133,205,29,176
225000134,525,43,482
225000135,36,7,29
225000136,74,9,65
225000137,58,38,20
225000138,191,21,170
225000143,77,161,-84
225000144,5,306,-301
225000145,18,33,-15
225000146,21,131,-110
225000147,10,481,-471
225000148,2,283,-281
225000149,88,480,-392
225000151,35,331,-296
225000155,154,292,-138
225000156,106,514,-408
225000157,99,419,-320
225000158,26,408,-382
225000171,2,199,-197
225000180,8,1,7
225000181,0,40,-40
225000182,18,8,10
225000185,6,227,-221
225000187,42,448,-406
225000191,27,19,8
225000194,0,1,-1
225000208,6,57,-51
225000209,15,14,1
225000210,3,212,-209
225000217,0,10,-10
225000218,6,1,5
225000223,0,35,-35
225000224,30,0,30
225000225,1,10,-9
225000226,20,0,20
225000227,32,44,-12
225000228,10,2,8
225000229,1,75,-74
225000230,25,1,24
225000231,1,118,-117
225000232,64,0,64
225000241,19,1,18
225000242,0,51,-51
225000249,1,0,1
225000250,33,973,-940
225000251,166,16,150
225000254,1,1,0
225000256,1,0,1
225000257,0,3,-3
226000042,397,430,-33
226000043,57,284,-227
226000044,87,726,-639
226000045,58,475,-417
226000046,125,39,86
226000047,143,51,92
226000048,209,50,159
226000049,125,43,82
226000070,0,76,-76
226000071,1,82,-81
226000072,0,15,-15
226000073,1,12,-11
226000074,0,10,-10
226000084,1,50,-49
226000085,2,6,-4
226000086,1,6,-5
226000087,1,18,-17
226000088,87,10,77
226000090,116,3,113
226000091,10,2,8
226000092,3,1,2
226000093,3,1,2
226000094,11,1,10
226000095,6,2,4
226000105,3,0,3
226000106,3,0,3
226000107,1,0,1
226000108,8,0,8
226000109,19,0,19
226000124,75,41,34
226000134,277,306,-29
226000135,609,370,239
226000136,145,259,-114
226000137,17,449,-432
226000138,6,277,-271
226000139,0,17,-17
226000156,21,0,21
226000157,83,6,77
226000163,24,33,-9
226000202,4,476,-472
226000231,69,4,65
226000232,34,3,31
227000033,167,25,142
227000036,102,8,94
227000037,72,10,62
227000038,56,14,42
227000084,1,41,-40
227000085,0,36,-36
227000088,6,2,4
227000089,71,0,71
227000090,30,0,30
227000091,4,0,4
227000092,15,0,15
227000093,23,0,23
227000094,0,15,-15
227000130,22,73,-51
227000131,9,272,-263
227000132,34,227,-193
227000133,8,245,-237
227000134,9,424,-415
227000152,0,4,-4
227000153,0,46,-46
227000154,0,41,-41
227000155,0,26,-26
227000156,2,14,-12
227000165,2,38,-36
227000196,112,435,-323
227000199,90,694,-604
227000230,19,580,-561
227000232,117,21,96
227000242,74,414,-340
227000243,349,36,313
227000245,13,312,-299
227000246,69,437,-368
227000247,121,52,69
227000248,46,11,35
227000249,13,277,-264
227000250,185,120,65
227000251,134,259,-125
227000252,20,426,-406
227000253,45,22,23
227000262,128,18,110
227000266,292,17,275
227000267,24,2361,-2337
227000282,12,338,-326
227000284,124,6,118
227000286,4,141,-137
227000287,9,295,-286
227000291,37,773,-736
227000296,665,269,396
227000484,368,18,350
227000485,50,757,-707
227000655,43,9,34
227000656,583,29,554
227000657,20,16,4
227000661,141,15,126
229000265,3,32,-29
229000266,0,0,0
229000267,0,0,0
229000268,0,0,0
229000269,1,0,1
229000274,0,0,0
229000275,0,1,-1
229000276,0,2,-2
229000277,0,0,0
229000278,0,0,0
229000295,1,2,-1
229000296,2,7,-5
229000297,0,48,-48
229000298,4,85,-81
229000320,4,0,4
229000321,3,2,1
229000412,6,74,-68
229000414,3,67,-64
229000415,2,0,2
229000416,0,3,-3
229000417,0,7,-7
229000419,58,228,-170
229000440,157,54,103
229000442,0,11,-11
229000443,1,2,-1
229000444,0,23,-23
229000445,13,4,9
229000446,16,13,3
229000491,2,44,-42
229000492,9,169,-160
229000493,12,133,-121
229000494,18,6,12
229000495,104,15,89
229000496,16,7,9
229000507,1,46,-45
229000508,2,30,-28
229000509,0,54,-54
229000510,0,33,-33
229000511,2,67,-65
229000512,0,50,-50
229000513,0,8,-8
229000514,0,5,-5
229000517,2,16,-14
229000518,1,44,-43
229000519,0,26,-26
229000520,4,48,-44
229000521,14,30,-16
229000522,2,12,-10
229000523,6,24,-18
229000524,1,11,-10
229000527,2,0,2
229000528,0,1,-1
229000529,2,0,2
229000530,61,7,54
229000531,25,8,17
229000532,22,6,16
229000533,84,4,80
229000534,44,1,43
229000564,30,4,26
229000565,19,0,19
229000566,0,31,-31
229000567,0,86,-86
229000582,184,4,180
229000583,1,1,0
229000584,1,56,-55
229000585,4,59,-55
229000718,0,2,-2
229000719,0,0,0
229000720,0,17,-17
229000721,0,11,-11
229000722,0,31,-31
229000723,0,16,-16
229000724,0,6,-6
229000725,0,1,-1
229000738,4,1,3
229000739,1,0,1
229000740,1,0,1
229000741,7,0,7
229000742,2,0,2
229000743,16,0,16
229000744,0,0,0
229000745,3,0,3
229000746,12,0,12
229000847,3,0,3
229000848,4,0,4
229000849,37,0,37
229000851,4,1,3
229000854,1,81,-80
229000856,4,205,-201
229000857,0,71,-71
229000858,0,149,-149
229000919,5,115,-110
229000930,3,220,-217
229000937,57,24,33
229000966,23,39,-16
229000981,17,69,-52
229000985,2,25,-23
229000986,0,3,-3
229000987,0,0,0
229000988,0,5,-5
229000989,1,3,-2
229000990,0,0,0
229000991,0,2,-2
229000992,2,10,-8
229000993,133,5,128
229000998,9,46,-37
229000999,59,9,50
229001034,1,15,-14
229001035,0,0,0
229001036,0,5,-5
229001037,14,5,9
229001038,0,0,0
229001039,0,0,0
229001040,0,1,-1
229001041,2,0,2
229001042,5,10,-5
229001047,2,35,-33
229001050,26,38,-12
229001168,0,4,-4
229001200,1,0,1
229001338,2,25,-23
229001394,331,14,317
229001422,77,44,33
229001423,39,147,-108
229001431,41,47,-6
229001432,63,96,-33
229001444,95,44,51
229001445,19,171,-152
229001479,5,14,-9
229001503,122,89,33
229001504,65,187,-122
229001505,47,55,-8
229001506,38,207,-169
229001509,18,12,6
229001510,0,2,-2
229001545,45,4,41
229001546,3,101,-98
229001553,19,14,5
229001554,12,145,-133
229001630,52,6,46
229001631,4,33,-29
229001635,0,6,-6
229001636,0,0,0
229001658,2,90,-88
229001659,135,2,133
229001660,0,13,-13
229001661,2,10,-8
229001662,22,1,21
229001663,0,14,-14
229002584,108,76,32
229002831,109,89,20
229002841,3,20,-17
229002842,8,17,-9
229002843,14,27,-13
229002844,8,73,-65
229002845,0,103,-103
229002846,1,10,-9
229002847,3,12,-9
229002848,1,4,-3
229002849,0,54,-54
229002850,0,1,-1
229002851,14,99,-85
229002852,12,36,-24
229002853,14,7,7
229002854,21,46,-25
229002855,3,43,-40
229002856,13,9,4
229002857,1,44,-43
229002858,3,4,-1
229002859,4,12,-8
229002860,13,8,5
229002861,23,19,4
229002862,3,42,-39
229002863,3,13,-10
229002864,3,39,-36
229002865,1,8,-7
229002866,2,15,-13
229002867,4,13,-9
229002868,2,8,-6
229002869,3,109,-106
229002870,11,6,5
235000066,301,73,228
235000067,107,115,-8
235000072,46,73,-27
235000073,111,252,-141
235000074,13,117,-104
235000080,5,100,-95
235000081,75,282,-207
235000082,29,56,-27
235000083,84,110,-26
235000084,3,45,-42
235000085,64,74,-10
235000089,19,65,-46
235000092,8,164,-156
235000093,3,2,1
235000097,1,5,-4
235000098,36,34,2
235000099,10,30,-20
235000116,44,12,32
235000117,661,4,657
235000133,18,259,-241
235000134,5,74,-69
235000206,12,1,11
235000207,3,0,3
235000208,0,0,0
235000209,0,4,-4
235000210,3,0,3
235000212,3,11,-8
235000213,3,12,-9
235000220,0,1,-1
235000221,12,16,-4
235000238,4,15,-11
235000239,0,1,-1
235000242,109,232,-123
235000245,1316,234,1082
235000246,2,42,-40
235000284,1,81,-80
235000295,51,5,46
235000305,38,4,34
235000306,21,0,21
235000307,2,1,1
235000308,3,0,3
235000309,2,0,2
235000310,3,0,3
235000311,19,6,13
235000322,0,50,-50
235000323,1,51,-50
235000324,2,10,-8
235000325,4,12,-8
235000326,5,363,-358
235000351,4,57,-53
235000352,7,71,-64
235000353,0,44,-44
235000354,3,37,-34
235000355,1,81,-80
235000356,9,3,6
235000357,3,1,2
235000358,1,4,-3
235000359,0,1,-1
235000360,10,4,6
235000361,12,5,7
235000381,21,343,-322
235000382,81,42,39
235000390,11,9,2
235000391,39,14,25
235000392,52,129,-77
235000393,93,81,12
235000395,55,34,21
235000396,232,52,180
235000400,52,26,26
235000401,20,253,-233
235000405,60,574,-514
235000406,50,436,-386
235000407,74,143,-69
235000409,234,212,22
235000410,31,228,-197
235000411,1,88,-87
235000485,0,14,-14
235000486,0,0,0
235000549,23,64,-41
235000550,33,272,-239
235000599,40,109,-69
235000600,7,7,0
235000601,18,23,-5
235000602,34,100,-66
235000614,0,2,-2
235000648,3,36,-33
235000649,23,1,22
235000685,0,2,-2
235000815,6,15,-9
235000834,0,9,-9
235000855,30,54,-24
235000862,7,278,-271
235000891,0,7,-7
235000892,20,17,3
235000901,77,137,-60
235000907,2,7,-5
235001010,18,65,-47
235001029,946,453,493
235001030,515,191,324
235001078,91,61,30
235001079,52,186,-134
235001147,44,37,7
235001166,5,42,-37
235001167,8,92,-84
235001169,15,262,-247
235001188,0,1,-1
235001189,1,1,0
235001197,29,9,20
235001200,57,23,34
235001207,64,22,42
235001210,19,191,-172
235001215,27,162,-135
235001239,0,37,-37
235001244,0,1,-1
235016267,0,29,-29
277101746,0,2,-2
277102712,0,0,0
277103813,0,0,0
277103898,0,2,-2
277104249,0,7,-7
277104250,0,15,-15
277104251,0,3,-3
277104252,0,1,-1
990011530,0,290,-290
990014944,1,656,-655
990015176,6,2,4
990015618,0,120,-120
990016032,0,348,-348
990032570,2,105,-103
990070001,14,0,14
990070103,0,2,-2
990070601,0,54,-54
990070751,138,2,136
990070766,4,1308,-1304
990071180,183,95,88
990071343,7,0,7
990071387,0,5,-5
990071823,192,4,188
990072600,5,673,-668
990072964,0,718,-718
990073285,0,2,-2
990074393,3,1320,-1317
990074870,233,4,229
990075106,148,2,146
990075746,71,6,65
990076437,195,2,193
990076458,6,1572,-1566
997000007,65,22,43
997000041,0,245,-245
997000058,9,0,9
997000062,8,0,8
997000069,0,2,-2
997000070,0,57,-57
997000100,5,1,4
997000141,4,681,-677
997000198,1,273,-272
998000475,0,26,-26
998000736,2,397,-395
998000965,0,4,-4
998001031,0,33,-33
998001700,1,34,-33
998001899,0,1,-1
998001900,1,0,1
998003073,437,2,435
998101900,0,0,0
998102850,1,152,-151
998501927,197,369,-172
998501929,86,2,84
998501930,37,0,37
998501931,78,30,48
998501932,41,30,11
998501933,18,2,16
998501937,3,4,-1
998501944,4,1,3
998501950,0,0,0
998501970,12,10,2
998501971,1,79,-78
998501973,0,100,-100
998501974,2,273,-271
998501975,48,4,44
998501976,13,1,12
998501977,1,22,-21
998501978,21,1,20
998501979,0,4,-4
998501980,68,0,68
998501981,29,15,14
998501982,0,102,-102
998502006,0,0,0
998502024,0,2,-2
998502032,0,1,-1
998502062,4,0,4
998502063,0,0,0
998502173,15,0,15
998502269,0,2,-2
998601159,1,529,-528
998601292,0,11,-11
999033574,1,578,-577
999800001,23,11,12
999800002,0,9,-9
999800003,0,2,-2
999800004,0,9,-9
999800005,1,3,-2
