ID,insum,outsum,diff
100000001,823,938,-115
100000002,4191,2886,1305
100000003,4637,5833,-1196
100000004,781,1431,-650
100000005,2531,5643,-3112
100000006,564,298,266
100000007,2703,880,1823
100000008,147,490,-343
100000009,560,359,201
100000010,44,116,-72
100000011,868,200,668
100000012,95,798,-703
100000013,38,244,-206
100000014,340,349,-9
100000015,1789,2559,-770
100000016,606,1523,-917
100000017,538,929,-391
100000018,1064,678,386
100000019,3142,2196,946
100000020,1720,6384,-4664
100000021,4043,2924,1119
100000022,1055,3450,-2395
100000023,3958,2294,1664
100000025,830,1901,-1071
100000028,891,1452,-561
100000029,125,580,-455
100000030,112,79,33
100000031,3486,7004,-3518
100000032,1654,3850,-2196
100000033,1071,2692,-1621
100000034,271,935,-664
100000035,1055,1885,-830
100000036,1094,1648,-554
100000037,737,410,327
100000038,2335,1028,1307
100000039,388,316,72
100000040,231,165,66
100000041,1561,606,955
100000042,985,558,427
100000043,849,470,379
100000044,290,699,-409
100000045,361,838,-477
100000046,482,623,-141
100000047,260,372,-112
100000048,397,532,-135
100000049,1351,1182,169
100000051,403,596,-193
100000053,151,5,146
100000054,339,29,310
100000055,700,285,415
100000056,504,424,80
100000057,2322,563,1759
100000058,752,945,-193
100000059,13,172,-159
100000060,470,279,191
100000061,2624,404,2220
100000062,2027,522,1505
100000063,1122,251,871
100000064,1273,399,874
100000065,310,680,-370
100000066,164,468,-304
100000067,375,609,-234
100000068,416,1226,-810
100000069,266,1008,-742
100000072,199,681,-482
100000073,985,962,23
100000075,848,247,601
100000076,2168,3661,-1493
100000077,169,389,-220
100000078,29,59,-30
100000079,67,54,13
100000080,26,56,-30
100000081,111,260,-149
100000102,3239,3764,-525
100000103,1807,1892,-85
100000104,2647,3186,-539
100000105,1850,2515,-665
100000106,2415,3561,-1146
100000107,396,1722,-1326
100000108,450,826,-376
100000109,1477,1462,15
100000116,930,1147,-217
100000117,64,163,-99
100000118,804,1644,-840
100000119,637,975,-338
100000121,282,404,-122
100000122,1829,1291,538
100000123,1561,3603,-2042
100000124,3759,6102,-2343
100000125,3789,2251,1538
100000126,593,586,7
100000127,1386,389,997
100000128,1748,2629,-881
100000129,409,554,-145
100000130,542,422,120
100000131,1526,2332,-806
100000132,880,2901,-2021
100000133,2891,2156,735
100000135,698,1537,-839
100000139,320,573,-253
100000140,303,394,-91
100000142,612,554,58
100000143,739,347,392
100000144,2471,671,1800
100000147,1406,3642,-2236
100000150,79,430,-351
100000151,928,1757,-829
100000153,445,557,-112
100000154,62,436,-374
100000155,25,61,-36
100000156,403,560,-157
100000157,328,193,135
100000158,321,148,173
100000159,212,588,-376
100000165,909,779,130
100000169,130,1360,-1230
100000174,332,1218,-886
100000179,108,538,-430
100000180,1106,1813,-707
100000181,490,310,180
100000188,51,170,-119
100000189,1027,425,602
100000190,624,1368,-744
100000191,728,764,-36
100000192,70,99,-29
100000193,327,239,88
100000330,948,1190,-242
100000355,237,709,-472
100000362,2973,2067,906
100000363,5458,4744,714
100000364,152,258,-106
100000365,5848,8831,-2983
100000366,3120,2442,678
100000367,5347,7306,-1959
100000368,2890,1094,1796
100000369,923,2719,-1796
100000370,180,1124,-944
100000376,55,175,-120
100000379,1911,2132,-221
100000380,5127,6429,-1302
100000384,5592,7494,-1902
100000385,2370,4723,-2353
100000386,5290,7402,-2112
100000387,3753,6978,-3225
100000388,4450,8418,-3968
100000389,5613,7974,-2361
100000390,6934,8034,-1100
100000391,5010,10534,-5524
100000392,2472,5242,-2770
100000393,2313,5965,-3652
100000394,5490,10159,-4669
100000395,4124,5615,-1491
100000396,4919,4251,668
100000397,3785,8331,-4546
100000398,7653,6883,770
100900002,14,28,-14
100900003,482,309,173
100900004,20,869,-849
100900005,138,19,119
100900006,46,67,-21
100900007,322,16,306
100900008,3,325,-322
100900009,88,243,-155
100900010,125,64,61
100900011,186,198,-12
100900012,1,128,-127
100900013,1093,10,1083
100900014,3,15,-12
100900015,86,78,8
100900016,6,32,-26
100900017,1522,118,1404
100900018,0,13,-13
100900019,44,157,-113
100900020,495,14,481
100900021,707,6,701
100900022,20,40,-20
100900023,0,33,-33
100900024,487,0,487
100900025,5,14,-9
100900026,186,104,82
100900027,545,3542,-2997
100900028,140,293,-153
100900029,41,12,29
100900030,4,105,-101
100900031,875,47,828
100900032,390,0,390
100900033,222,263,-41
100900034,972,4,968
100900035,347,3,344
100900036,20,1,19
100900037,164,144,20
100900038,148,85,63
100900039,248,288,-40
100900040,532,391,141
100900041,1038,476,562
100900042,2214,1739,475
100900043,0,14,-14
100900044,1633,624,1009
100900045,68,2,66
100900046,1359,19,1340
100900047,821,298,523
100900048,163,169,-6
100900049,134,143,-9
100900050,8,15,-7
100900051,46,143,-97
100900052,599,57,542
100900053,715,26,689
100900054,30,55,-25
100900055,267,1097,-830
100900056,77,139,-62
100900057,1665,1691,-26
100900058,331,109,222
100900059,116,11,105
100900060,291,9,282
100900061,331,245,86
100900062,15,29,-14
100900063,296,959,-663
100900064,943,32,911
100900065,91,168,-77
100900066,168,281,-113
100900067,6,9,-3
100900068,154,124,30
100900069,1479,22,1457
100900070,487,9,478
100900071,613,219,394
100900072,6,15,-9
100900073,218,255,-37
100900074,15,4,11
100900075,1551,385,1166
100900076,22,57,-35
100900077,78,68,10
100900078,105,392,-287
100900079,28,16,12
100900080,67,128,-61
100900081,83,239,-156
100900082,221,301,-80
100900083,20,27,-7
100900085,41,329,-288
100900086,211,978,-767
100900088,225,315,-90
100900089,6,12,-6
100900090,102,590,-488
100900091,8,25,-17
100900092,201,413,-212
100900093,341,339,2
100900094,222,300,-78
100900095,5,30,-25
100900096,62,171,-109
100900097,1,8,-7
100900098,30,13,17
100900099,27,537,-510
100900100,29,815,-786
100900101,239,88,151
100900102,96,218,-122
100900103,9,22,-13
100900104,7,185,-178
100900105,53,880,-827
100900106,69,6,63
100900107,1792,943,849
100900108,14,91,-77
100900109,25,41,-16
100900110,2,17,-15
100900111,43,242,-199
100900112,6,20,-14
100900113,14,33,-19
100900114,21,12,9
100900115,8,23,-15
100900116,985,793,192
100900117,365,1346,-981
100900118,18,15,3
100900119,18,19,-1
100900120,23,23,0
100900121,452,574,-122
100900122,153,152,1
100900123,119,162,-43
100900124,3,16,-13
100900125,21,64,-43
100900126,255,202,53
100900127,1,7,-6
100900128,147,168,-21
100900129,1,225,-224
100900131,68,289,-221
100900133,79,54,25
100900134,13,12,1
100900135,1,319,-318
100900137,361,245,116
100900138,427,575,-148
100900139,6,5,1
100900140,8,398,-390
100900141,3,756,-753
100900142,1,23,-22
100900143,507,495,12
100900144,6,5,1
100900145,94,198,-104
100900146,10,137,-127
100900147,15,609,-594
100900148,52,369,-317
100900149,37,273,-236
100900150,4,36,-32
100900151,141,477,-336
100900152,180,5,175
100900153,1,172,-171
100900154,30,172,-142
100900155,13,15,-2
100900156,31,5,26
100900157,15,529,-514
100900158,511,134,377
100900159,12,103,-91
100900160,32,11,21
100900161,40,9,31
100900162,28,738,-710
100900163,129,157,-28
100900164,82,47,35
100900165,46,33,13
100900166,21,6,15
100900167,21,73,-52
100900168,29,214,-185
100900169,86,848,-762
100900170,37,3,34
100900171,18,398,-380
100900172,1,16,-15
100900173,8,282,-274
100900174,272,34,238
100900176,2222,328,1894
100900177,709,378,331
100900178,262,170,92
100900179,291,537,-246
100900180,4,4,0
100900181,84,67,17
100900182,47,38,9
100900184,18,137,-119
100900186,532,523,9
100900187,10,57,-47
100900188,18,14,4
100900189,1870,281,1589
100900191,756,1345,-589
100900192,237,515,-278
100900195,134,161,-27
100900197,21,16,5
100900198,43,187,-144
100900199,4,9,-5
100900200,769,410,359
100900201,157,790,-633
100900202,33,1,32
100900203,0,105,-105
100900204,285,894,-609
100900205,196,713,-517
100900206,359,109,250
100900207,389,192,197
100900210,71,291,-220
100900211,551,256,295
100900213,199,86,113
100900214,522,163,359
100900215,21,57,-36
100900217,107,126,-19
101000001,2380,2211,169
101000002,7498,7865,-367
101000003,405,1153,-748
101000004,6405,6230,175
101000005,4557,5141,-584
101000006,6698,7083,-385
101000007,3599,4921,-1322
101000008,2298,2265,33
101000009,2342,764,1578
101000010,983,642,341
101000011,1182,528,654
101000012,833,810,23
101000013,791,1289,-498
101000014,398,531,-133
101000015,1559,939,620
101000016,451,553,-102
101000017,571,427,144
101000018,1958,2299,-341
101000020,1692,929,763
101000021,808,359,449
101000022,209,134,75
101000023,1079,790,289
101000025,355,468,-113
101000026,218,49,169
101000027,2678,3420,-742
101000028,979,321,658
101000029,280,2020,-1740
101000030,1452,186,1266
101000031,665,1570,-905
101000032,4988,5244,-256
101000033,2474,4623,-2149
101000034,1661,2187,-526
101000035,880,433,447
101000036,1898,1281,617
101000037,1810,2394,-584
101000039,1830,3768,-1938
101000040,2842,5364,-2522
101000041,4814,10752,-5938
101000042,315,1450,-1135
101000043,5007,11106,-6099
101000045,895,1282,-387
101000046,2229,2567,-338
101000047,1823,6293,-4470
101000048,630,522,108
101000049,716,2342,-1626
101000050,1552,2764,-1212
101000051,1248,3484,-2236
101000052,1519,1490,29
101000053,969,1314,-345
101000054,1982,1041,941
101000055,1188,1518,-330
101000056,48,106,-58
101000057,1312,1708,-396
101000058,895,1757,-862
101000059,2269,2562,-293
101000060,1976,809,1167
101000061,860,1614,-754
101000062,531,886,-355
101000063,505,1260,-755
101000064,903,1215,-312
101000065,348,650,-302
101000066,806,1209,-403
101000067,955,1229,-274
101000068,251,667,-416
101000069,253,76,177
101000070,860,1385,-525
101000071,2256,1132,1124
101000072,764,3777,-3013
101000073,887,1462,-575
101000074,3783,5145,-1362
101000075,3101,6696,-3595
101000077,1790,1526,264
101000078,1023,1472,-449
101000079,1466,777,689
101000080,1036,842,194
101000081,1700,1601,99
101000082,2424,2477,-53
101000083,2986,2311,675
101000084,1129,725,404
101000085,1469,1273,196
101000086,1048,1137,-89
101000087,856,925,-69
101000088,1476,1423,53
101000089,1046,1762,-716
101000090,1598,1023,575
101000091,503,512,-9
101000092,1254,676,578
101000093,1321,744,577
101000094,1228,1007,221
101000095,625,529,96
101000096,423,393,30
101000097,469,719,-250
101000098,452,1133,-681
101000099,798,1216,-418
101000100,818,1207,-389
101000101,248,364,-116
101000102,871,603,268
101000103,713,614,99
101000104,399,724,-325
101000105,367,478,-111
101000106,682,1137,-455
101000107,361,456,-95
101000108,598,212,386
101000109,622,75,547
101000110,36,274,-238
101000111,83,237,-154
101000113,321,815,-494
101000114,6508,11755,-5247
101000115,81,109,-28
101000116,80,115,-35
101000117,1276,264,1012
101000119,89,88,1
101000120,173,90,83
101000121,81,92,-11
101000122,117,181,-64
101000123,69,158,-89
101000124,1218,457,761
101000125,151,396,-245
101000128,356,1002,-646
101000130,183,285,-102
101000131,1107,423,684
101000132,1014,659,355
101000135,45,50,-5
101000136,317,266,51
101000137,36,396,-360
101000141,1108,4726,-3618
101000147,776,400,376
101000148,497,42,455
101000149,160,272,-112
101000150,120,455,-335
101000151,401,48,353
101000152,269,353,-84
101000153,356,262,94
101000154,358,757,-399
101000155,469,194,275
101000156,24,385,-361
101000157,45,44,1
101000160,104,34,70
101000163,211,420,-209
101000164,401,250,151
101000165,328,361,-33
101000166,272,250,22
101000168,954,456,498
101000252,2451,1133,1318
101000254,146,259,-113
101000258,41,5,36
101000261,154,88,66
101000262,1787,3419,-1632
101000263,573,1540,-967
101000265,113,874,-761
101000266,390,492,-102
101000269,30,16,14
101000290,1069,3024,-1955
101000293,107,66,41
101000294,733,534,199
101000295,144,377,-233
101000301,533,622,-89
101000304,2474,2754,-280
101000305,2792,1280,1512
101900001,16,36,-20
101900002,0,13,-13
101900003,35,141,-106
101900004,2,76,-74
101900005,2215,3256,-1041
101900006,1708,136,1572
101900007,1015,308,707
101900008,119,289,-170
101900009,62,489,-427
101900010,543,664,-121
101900011,236,988,-752
101900012,412,148,264
101900013,555,210,345
101900017,26,142,-116
101900018,700,275,425
101900019,212,134,78
101900020,257,178,79
101900021,2,53,-51
101900022,197,640,-443
101900023,182,112,70
102000001,3727,5386,-1659
102000002,2530,824,1706
102000003,2708,8408,-5700
102000004,3869,2705,1164
102000005,1187,2659,-1472
102000006,767,1846,-1079
102000007,1656,4883,-3227
102000008,3156,1540,1616
102000009,6774,8761,-1987
102000010,3789,3120,669
102000011,4171,3320,851
102000012,2915,2634,281
102000018,2430,2836,-406
102000019,2088,1834,254
102000026,237,545,-308
102000029,203,252,-49
102000030,210,419,-209
102000031,89,159,-70
102000032,721,293,428
102000033,321,354,-33
102000034,595,434,161
102000035,1264,689,575
102000036,20,219,-199
102000037,140,52,88
102000038,152,323,-171
102000039,146,106,40
102000040,283,338,-55
102000041,186,529,-343
102000042,201,429,-228
102000043,184,263,-79
102000044,347,468,-121
102000045,587,751,-164
102000046,1192,665,527
102000047,783,854,-71
102000048,574,868,-294
102000049,1007,818,189
102000050,986,1107,-121
102000051,433,719,-286
102000052,999,720,279
102000053,858,973,-115
102000054,751,1113,-362
102000055,1377,474,903
102000056,1229,635,594
102000057,1311,566,745
102000058,1054,946,108
102000059,1484,1165,319
102000060,1040,788,252
102000061,1684,1227,457
102000062,2117,1060,1057
102000063,1190,1226,-36
102000064,568,639,-71
102000065,47,182,-135
102000066,826,678,148
102000067,2151,2384,-233
102000068,9745,2654,7091
102000069,111,2613,-2502
102000070,1115,46,1069
102000071,6130,7674,-1544
102000072,2980,3393,-413
102000073,1263,1219,44
102000074,585,1416,-831
102000075,155,366,-211
102000076,173,326,-153
102000077,641,528,113
102000078,809,470,339
102000079,216,234,-18
102000080,324,235,89
102000081,320,745,-425
102000082,662,347,315
102000083,755,249,506
102000084,466,201,265
102000085,1772,811,961
102000086,1349,830,519
102000087,930,1188,-258
102000088,429,371,58
102000089,1495,410,1085
102000090,540,1150,-610
102000091,1385,775,610
102000092,279,603,-324
102000093,519,610,-91
102000094,798,793,5
102000095,886,1248,-362
102000096,631,891,-260
102000097,803,729,74
102000098,587,738,-151
102000099,817,978,-161
102000100,407,1423,-1016
102000101,590,881,-291
102000102,341,1201,-860
102000103,1706,357,1349
102000104,617,304,313
102000105,299,447,-148
102000106,855,461,394
102000107,1749,371,1378
102000108,774,198,576
102000109,703,442,261
102000110,1224,670,554
102000111,22,227,-205
102000112,164,157,7
102000113,30,34,-4
102000114,607,350,257
102000115,261,351,-90
102000116,512,750,-238
102000117,198,1221,-1023
102000118,1015,1430,-415
102000119,1390,1449,-59
102000120,274,575,-301
102000121,1328,635,693
102000122,1106,1060,46
102000123,1274,1260,14
102000124,1767,1191,576
102000125,784,1016,-232
102000126,850,724,126
102000127,1557,704,853
102000128,982,929,53
102000129,1935,746,1189
102000130,1001,924,77
102000131,1815,1034,781
102000132,746,1730,-984
102000133,2607,1407,1200
102000134,1140,702,438
102000135,749,932,-183
102000136,1152,690,462
102000137,624,1233,-609
102000138,278,477,-199
102000139,104,405,-301
102000140,158,662,-504
102000141,253,646,-393
102000142,368,346,22
102000143,229,287,-58
102000144,465,283,182
102000145,458,390,68
102000146,547,327,220
102000147,666,422,244
102000148,221,546,-325
102000149,260,237,23
102000150,649,97,552
102000151,150,199,-49
102000152,225,139,86
102000153,1110,669,441
102000154,203,480,-277
102000155,109,372,-263
102000156,295,166,129
102000157,73,453,-380
102000158,243,382,-139
102000159,773,791,-18
102000161,2338,2319,19
102000162,133,180,-47
102000163,89,597,-508
102000164,722,1086,-364
102000165,233,127,106
102000166,54,159,-105
102000167,222,224,-2
102000168,361,148,213
102000169,96,449,-353
102000170,384,273,111
102000171,151,498,-347
102000172,154,501,-347
102000173,463,322,141
102000174,100,57,43
102000175,130,87,43
102000176,64,19,45
102000178,365,261,104
102000179,643,185,458
102000180,1128,418,710
102000181,952,418,534
102000182,664,416,248
102000183,2107,1269,838
102000184,2062,604,1458
102000185,3127,1006,2121
102000186,1518,1168,350
102000187,935,1032,-97
102000188,1294,1271,23
102000189,1665,562,1103
102000190,667,2460,-1793
102000191,1328,553,775
102000192,1589,1594,-5
102000193,82,88,-6
102000194,44,126,-82
102000195,453,416,37
102000196,255,226,29
102000197,865,268,597
102000198,273,423,-150
102000199,1356,217,1139
102000200,300,768,-468
102000201,1547,383,1164
102000202,8,87,-79
102000203,495,134,361
102000204,680,485,195
102000205,1374,308,1066
102000206,846,319,527
102000207,754,452,302
102000208,380,300,80
102000209,48,64,-16
102000210,531,295,236
102000211,619,164,455
102000212,436,5,431
102000213,6,139,-133
102000214,406,6,400
102000215,7,231,-224
102000216,91,105,-14
102000217,7,95,-88
102000218,400,176,224
102000219,253,176,77
102000225,478,537,-59
102000226,1574,1306,268
102000227,145,2,143
102000228,0,83,-83
102000229,62,81,-19
102000230,355,264,91
102000231,348,370,-22
102000232,27,132,-105
102000233,390,535,-145
102000234,103,1025,-922
102000236,189,80,109
102000237,365,94,271
102000238,174,239,-65
102000240,577,784,-207
102000241,171,161,10
102000243,45,45,0
102000245,9,118,-109
102000246,9,33,-24
102000247,293,381,-88
102000248,263,583,-320
102000249,139,94,45
102000250,82,242,-160
102000254,173,178,-5
102000266,22,400,-378
102000271,22,0,22
102000286,422,439,-17
102000297,1966,997,969
102000301,0,0,0
102000303,0,0,0
102000305,0,0,0
102000307,0,5,-5
102000308,0,1,-1
102900001,1223,661,562
102900002,540,77,463
102900003,86,149,-63
102900005,409,196,213
102900006,572,79,493
102900007,650,15,635
102900008,246,52,194
102900009,718,415,303
102900010,345,888,-543
102900011,1378,479,899
102900012,431,109,322
102900013,62,70,-8
102900015,697,551,146
102900016,92,107,-15
102900017,285,407,-122
102900018,108,83,25
102900019,525,341,184
102900020,180,28,152
102900021,50,95,-45
102900022,544,205,339
102900023,33,36,-3
102900024,42,37,5
102900025,210,96,114
102900026,443,2106,-1663
102900027,72,78,-6
102900028,227,915,-688
102900029,188,241,-53
102900030,497,325,172
102900031,338,113,225
102900032,152,129,23
102900033,167,208,-41
102900034,590,58,532
102900035,198,236,-38
102900036,357,291,66
102900037,368,276,92
102900038,513,376,137
102900039,21,536,-515
102900040,239,296,-57
102900041,108,160,-52
102900042,262,212,50
102900043,173,147,26
102900044,638,1379,-741
102900045,194,474,-280
102900046,173,177,-4
102900047,113,562,-449
102900048,562,387,175
102900049,180,367,-187
102900050,228,288,-60
102900051,131,172,-41
102900052,93,82,11
102900053,317,473,-156
102900054,509,1144,-635
102900055,165,385,-220
102900056,128,310,-182
102900057,13,81,-68
102900058,428,98,330
102900059,40,76,-36
102900060,165,383,-218
102900061,210,280,-70
102900062,379,505,-126
102900063,1520,381,1139
102900064,97,527,-430
102900065,906,407,499
102900066,393,27,366
102900068,123,101,22
102900070,274,459,-185
102900072,15,52,-37
102900073,149,11,138
102900074,230,209,21
102900075,34,127,-93
102900076,121,187,-66
102900077,66,36,30
102900078,25,85,-60
102900079,253,16,237
102900080,488,62,426
102900081,86,290,-204
102900082,28,204,-176
102900083,192,28,164
102900084,14,56,-42
102900085,357,161,196
102900086,50,78,-28
102900087,188,98,90
102900088,54,32,22
102900089,231,122,109
102900090,0,195,-195
102900091,298,5,293
102900092,729,575,154
102900093,310,209,101
102900094,4,139,-135
102900095,157,1,156
102900096,116,11,105
102900097,20,131,-111
103000001,2132,1925,207
103000002,1998,2361,-363
103000003,2877,2954,-77
103000004,768,613,155
103000005,1680,3149,-1469
103000006,875,1541,-666
103000007,385,554,-169
103000008,1049,524,525
103000009,1824,1014,810
103000010,136,86,50
103000011,1624,1178,446
103000012,1808,1446,362
103000013,2843,1520,1323
103000014,1328,2621,-1293
103000015,1152,598,554
103000016,415,1579,-1164
103000017,244,361,-117
103000018,595,300,295
103000019,439,311,128
103000020,1798,1204,594
103000021,1782,1700,82
103000022,648,811,-163
103000023,771,1784,-1013
103000024,77,161,-84
103000025,142,741,-599
103000026,619,136,483
103000027,266,627,-361
103000028,313,341,-28
103000029,174,484,-310
103000030,1164,1144,20
103000031,988,1955,-967
103000032,2022,1441,581
103000033,2780,2637,143
103000034,1228,1125,103
103000035,476,1368,-892
103000036,374,506,-132
103000037,530,542,-12
103000038,536,1131,-595
103000039,512,251,261
103000040,544,553,-9
103000041,1787,1339,448
103000042,1338,356,982
103000043,640,651,-11
103000044,295,130,165
103000046,413,458,-45
103000047,686,437,249
103000048,242,156,86
103000049,133,107,26
103000050,845,365,480
103000051,696,418,278
103000052,700,261,439
103000053,219,350,-131
103000054,2585,1249,1336
103000055,1918,1789,129
103000056,869,1007,-138
103000057,821,191,630
103000058,743,696,47
103000059,612,639,-27
103000060,670,311,359
103000061,505,731,-226
103000062,1205,438,767
103000063,967,815,152
103000064,144,160,-16
103000065,7,301,-294
103000066,223,15,208
103000069,395,209,186
103000070,1138,649,489
103000071,1407,567,840
103000072,170,490,-320
103000073,735,124,611
103000074,847,106,741
103000075,111,434,-323
103000076,435,461,-26
103000077,31,214,-183
103000078,799,809,-10
103000079,442,590,-148
103000080,805,501,304
103000081,490,1179,-689
103000082,574,267,307
103000083,250,239,11
103000084,123,8,115
103000085,3,108,-105
103000086,524,412,112
103000087,201,624,-423
103000088,216,286,-70
103000089,281,466,-185
103000090,2321,949,1372
103000091,545,466,79
103000092,328,223,105
103000093,346,403,-57
103000094,224,85,139
103000095,85,266,-181
103000096,547,88,459
103000097,75,728,-653
103000098,699,240,459
103000099,335,722,-387
103000100,176,535,-359
103000101,1003,99,904
103000102,150,403,-253
103000103,752,168,584
103000104,95,73,22
103000105,252,87,165
103000106,27,146,-119
103000107,234,78,156
103000108,719,531,188
103000109,470,390,80
103000110,474,504,-30
103000111,405,375,30
103000112,284,244,40
103000113,492,506,-14
103000114,1056,499,557
103000115,737,400,337
103000116,795,299,496
103000117,477,374,103
103000118,445,427,18
103000119,793,421,372
103000120,79,135,-56
103000121,136,332,-196
103000122,348,461,-113
103000125,45,205,-160
103000126,972,3,969
103000127,3,157,-154
103000128,268,1,267
103000129,2,106,-104
103000130,115,58,57
103000131,169,124,45
103000132,95,251,-156
103000133,34,83,-49
103000134,380,982,-602
103000135,581,325,256
103000136,650,504,146
103000137,379,624,-245
103000138,740,668,72
103000139,3,86,-83
103000140,146,51,95
103000141,64,126,-62
103000142,133,99,34
103000143,59,180,-121
103000144,164,76,88
103000145,69,160,-91
103000150,122,36,86
103000152,157,195,-38
103000153,193,154,39
103000156,24,299,-275
103000157,590,6,584
103000159,173,61,112
103000162,58,22,36
103000163,16,35,-19
103000164,11,15,-4
103000165,56,167,-111
103000166,205,299,-94
103000167,161,86,75
103000168,115,128,-13
103000169,201,425,-224
103000170,1010,293,717
103000171,17,85,-68
103000172,840,206,634
103000173,836,370,466
103000174,258,254,4
103000175,403,167,236
103000176,973,718,255
103000177,451,449,2
103000178,199,352,-153
103000179,201,37,164
103000183,212,13,199
103000185,186,43,143
103000186,209,108,101
103000187,873,216,657
103000188,39,88,-49
103000189,744,512,232
103000191,539,555,-16
103000292,779,2179,-1400
103000293,1040,2692,-1652
103000295,90,121,-31
103000296,347,3,344
103000297,70,210,-140
103000504,38,15,23
103000505,8,41,-33
103000506,1,153,-152
103000507,232,3,229
103000508,57,89,-32
103000509,226,465,-239
103900001,6,121,-115
103900002,898,148,750
103900003,1162,320,842
103900004,173,3,170
103900005,9,132,-123
103900006,16,5,11
103900007,187,17,170
103900008,21,5,16
103900009,426,540,-114
103900010,170,301,-131
103900011,504,99,405
103900012,36,54,-18
103900013,84,64,20
103900014,142,14,128
103900015,102,15,87
103900016,213,162,51
103900017,31,50,-19
103900018,418,242,176
103900019,122,557,-435
103900020,214,478,-264
103900021,367,99,268
103900022,1280,707,573
103900023,221,0,221
103900024,85,269,-184
103900025,24,50,-26
103900026,38,0,38
103900027,900,236,664
103900028,43,303,-260
103900029,1235,223,1012
103900030,324,108,216
103900031,58,2,56
103900032,127,111,16
103900033,146,35,111
103900034,47,78,-31
103900035,44,47,-3
103900036,53,56,-3
103900037,105,79,26
103900038,171,318,-147
103900039,151,205,-54
103900040,23,118,-95
103900041,117,71,46
103900042,90,183,-93
103900043,278,54,224
103900044,67,277,-210
103900045,441,187,254
103900047,121,20,101
103900048,55,26,29
103900049,190,1034,-844
103900050,29,173,-144
103900051,0,40,-40
103900052,302,306,-4
103900053,352,337,15
103900054,174,246,-72
103900055,565,218,347
103900056,68,38,30
103900057,60,103,-43
103900058,392,343,49
103900059,0,28,-28
103900060,92,120,-28
103900061,274,31,243
103900062,543,141,402
103900063,3,0,3
103900064,184,2,182
103900065,709,449,260
103900066,185,32,153
103900067,287,8,279
103900068,5,0,5
103900069,102,26,76
103900070,160,185,-25
103900071,21,83,-62
103900072,42,147,-105
103900073,45,47,-2
103900074,77,63,14
103900075,365,98,267
103900076,736,346,390
103900077,42,155,-113
103900078,403,99,304
103900079,185,219,-34
103900080,31,34,-3
103900081,40,42,-2
103900082,19,130,-111
103900083,870,1395,-525
103900084,122,208,-86
103900085,82,141,-59
103900086,1199,439,760
103900087,37,125,-88
103900088,401,697,-296
103900089,49,114,-65
103900090,3,76,-73
103900091,1042,161,881
103900092,921,362,559
103900093,85,241,-156
103900094,24,95,-71
103900095,329,202,127
103900096,55,103,-48
103900097,19,323,-304
103900098,401,177,224
103900099,125,115,10
103900100,317,224,93
103900101,67,872,-805
103900102,2,18,-16
103900104,2,27,-25
103900105,68,140,-72
103900106,0,49,-49
103900107,228,168,60
103900108,65,200,-135
103900109,212,51,161
103900110,323,45,278
103900111,158,363,-205
103900112,155,154,1
103900113,149,298,-149
103900114,333,239,94
103900115,291,347,-56
103900116,2938,3620,-682
103900117,142,44,98
103900119,60,108,-48
103900120,94,87,7
103900122,198,148,50
103900123,1048,688,360
103900124,83,256,-173
103900125,133,52,81
103900126,740,300,440
103900127,269,335,-66
103900128,141,99,42
103900131,50,86,-36
103900133,1030,56,974
103900134,1,15,-14
103900135,0,5,-5
103900137,0,28,-28
103900138,186,161,25
103900139,223,2514,-2291
103900140,16,290,-274
103900141,253,66,187
103900142,337,132,205
103900143,113,3,110
103900144,2,29,-27
103900145,248,266,-18
103900146,275,187,88
103900147,426,99,327
103900148,338,169,169
103900149,536,384,152
103900150,4178,5240,-1062
103900151,50,139,-89
103900152,746,256,490
103900153,13,5,8
103900154,630,2393,-1763
103900155,59,169,-110
103900156,82,118,-36
103900157,104,106,-2
103900158,176,84,92
103900159,308,64,244
103900160,72,57,15
103900161,118,191,-73
103900162,94,120,-26
103900163,20,350,-330
103900167,27,172,-145
103900168,210,62,148
103900169,77,65,12
103900170,2,76,-74
103900171,0,55,-55
103900172,1,15,-14
103900173,3,29,-26
103900174,365,95,270
103900175,90,127,-37
103900176,4,48,-44
103900177,13,78,-65
103900178,89,42,47
103900179,97,78,19
103900180,19,56,-37
103900181,50,43,7
103900182,50,22,28
103900184,409,176,233
103900185,121,581,-460
103900187,14,111,-97
103900188,75,42,33
103900189,157,19,138
103900190,99,72,27
103900191,44,47,-3
103900192,52,92,-40
103900193,116,180,-64
103900194,60,171,-111
103900195,13,135,-122
103900196,59,58,1
103900197,14,20,-6
103900198,37,27,10
103900199,129,61,68
103900200,210,63,147
103900201,113,156,-43
103900202,10,35,-25
103900203,47,38,9
103900204,10,55,-45
103900207,0,46,-46
103900208,181,2,179
103900209,10,85,-75
103900210,72,35,37
103900211,714,244,470
103900212,197,240,-43
103900213,54,227,-173
103900214,240,153,87
103900215,198,296,-98
103900216,13,217,-204
103900217,402,23,379
103900218,1,292,-291
103900219,130,110,20
103900233,64,6,58
103900235,13,36,-23
103900236,8,2,6
103900242,7,3,4
103900243,1,3,-2
103900244,196,114,82
103900245,101,153,-52
103900246,64,46,18
103900247,19,74,-55
103900248,2,51,-49
103900249,25,110,-85
103900250,25,26,-1
103900251,5,35,-30
103900253,27,86,-59
103900254,12,30,-18
103900255,5,12,-7
103900256,20,21,-1
103900257,40,109,-69
103900258,14,10,4
103900259,53,19,34
103900261,15,3,12
103900262,15,5,10
103900263,21,53,-32
103900264,41,48,-7
103900265,31,10,21
103900266,6,135,-129
103900267,9,52,-43
103900268,12,49,-37
103900269,252,100,152
103900270,86,64,22
103900271,9,12,-3
104000001,2222,2190,32
104000002,1598,1716,-118
104000003,2225,1796,429
104000004,2396,2223,173
104000005,1716,1652,64
104000006,2696,2119,577
104000007,3290,3537,-247
104000008,148,126,22
104000009,207,105,102
104000010,147,293,-146
104000011,344,193,151
104000012,149,194,-45
104000013,270,203,67
104000014,177,390,-213
104000015,343,122,221
104000016,552,284,268
104000018,903,160,743
104000019,700,243,457
104000020,150,305,-155
104000021,317,332,-15
104000022,127,275,-148
104000023,968,370,598
104000024,283,249,34
104000026,71,286,-215
104000027,223,172,51
104000028,370,215,155
104000029,300,187,113
104000030,232,178,54
104000031,1472,338,1134
104000032,196,208,-12
104000033,711,475,236
104000034,426,213,213
104000035,1133,377,756
104000036,900,456,444
104000037,350,175,175
104000038,596,233,363
104000039,236,174,62
104000040,175,381,-206
104000041,603,288,315
104000042,197,228,-31
104000043,184,238,-54
104000044,196,298,-102
104000045,880,642,238
104000046,742,1076,-334
104000047,669,888,-219
104000048,1037,861,176
104000049,513,276,237
104000050,156,586,-430
104000051,113,408,-295
104000052,1639,1399,240
104000053,889,394,495
104000054,656,255,401
104000055,3041,2069,972
104000056,837,235,602
104000057,119,283,-164
104000058,660,649,11
104000059,516,809,-293
104000060,1119,1105,14
104000061,1198,863,335
104000062,490,70,420
104000064,414,249,165
104000065,229,690,-461
104000069,625,1181,-556
104000070,81,512,-431
104000071,137,281,-144
104000072,551,142,409
104000075,178,241,-63
104000076,457,126,331
104000082,2427,3205,-778
104000083,792,215,577
104000084,106,467,-361
104000085,373,369,4
104000086,233,372,-139
104000087,309,1970,-1661
104000090,934,838,96
104000092,1557,1297,260
104000094,840,1036,-196
104000095,1778,1014,764
104000096,1769,135,1634
104000097,1827,578,1249
104000098,2687,638,2049
104000100,1950,558,1392
104000101,1114,1077,37
104000106,58,556,-498
104000107,615,252,363
104000108,223,376,-153
104000109,282,116,166
104000110,706,1010,-304
104000111,2456,2742,-286
104000112,1140,583,557
104000116,1,606,-605
104000117,198,382,-184
104000118,907,179,728
104000119,764,304,460
104000120,286,459,-173
104000121,234,589,-355
104000122,717,705,12
104000123,779,575,204
104000124,548,1387,-839
104000125,2355,4767,-2412
104000126,510,477,33
104000127,1076,1409,-333
104000128,656,348,308
104000129,426,37,389
104000130,6,353,-347
104000131,305,266,39
104000132,297,281,16
104000133,1298,807,491
104000134,840,1548,-708
104000135,421,1935,-1514
104000136,667,3861,-3194
104000137,1149,470,679
104000138,715,369,346
104000139,3548,2587,961
104000141,802,930,-128
104000142,576,395,181
104000143,607,288,319
104000144,115,218,-103
104000145,361,191,170
104000146,225,426,-201
104000147,125,287,-162
104000148,407,151,256
104000149,149,196,-47
104000150,1106,540,566
104000151,379,258,121
104000152,611,444,167
104000153,858,581,277
104000154,827,416,411
104000155,566,525,41
104000157,887,987,-100
104000158,222,562,-340
104000159,996,598,398
104000160,1678,2011,-333
104000161,185,206,-21
104000162,82,149,-67
104000165,635,771,-136
104000167,763,1274,-511
104000168,672,9,663
104000169,147,28,119
104000170,244,541,-297
104000248,323,431,-108
104000251,58,152,-94
104000272,0,0,0
104000273,0,0,0
104000274,0,0,0
104000275,0,0,0
104000279,657,466,191
104000290,82,229,-147
104000291,348,937,-589
104000293,838,613,225
104000294,82,0,82
104000295,530,641,-111
104000296,453,495,-42
104000297,578,1480,-902
104000298,1636,597,1039
104000299,671,1142,-471
104900001,164,279,-115
104900002,103,234,-131
104900003,68,185,-117
104900004,147,138,9
104900005,337,317,20
104900006,523,68,455
104900007,399,201,198
104900009,225,227,-2
104900010,108,57,51
104900011,23,21,2
104900012,251,48,203
104900013,137,11,126
104900014,1679,305,1374
104900015,84,16,68
104900016,294,173,121
104900017,214,135,79
104900018,12,120,-108
104900019,251,3523,-3272
104900020,37,217,-180
104900021,6,122,-116
104900022,21,105,-84
104900023,0,48,-48
104900024,32,79,-47
104900025,51,171,-120
104900026,6,56,-50
104900027,687,300,387
104900028,27,68,-41
104900029,82,54,28
104900030,511,219,292
104900031,73,186,-113
104900032,53,79,-26
104900033,195,250,-55
104900034,405,193,212
104900035,448,195,253
104900036,236,79,157
104900037,218,177,41
104900038,281,995,-714
104900039,522,531,-9
104900040,546,112,434
104900041,319,136,183
104900042,193,215,-22
104900043,25,265,-240
104900044,807,185,622
104900045,434,56,378
104900046,332,126,206
104900047,454,117,337
104900048,394,73,321
104900049,66,59,7
104900050,444,106,338
104900051,364,41,323
104900052,123,2,121
104900053,514,112,402
104900054,187,30,157
104900055,182,2,180
104900056,193,27,166
104900057,48,5,43
104900058,804,959,-155
104900059,222,191,31
104900060,0,419,-419
104900061,179,281,-102
104900063,1,100,-99
104900064,0,55,-55
104900065,1,190,-189
104900066,4,101,-97
104900067,5,269,-264
104900068,16,140,-124
104900070,199,224,-25
104900071,2,382,-380
104900072,66,255,-189
104900073,149,117,32
104900074,52,169,-117
104900075,81,35,46
104900076,153,195,-42
104900077,729,325,404
104900078,222,280,-58
104900079,132,591,-459
104900080,131,384,-253
104900082,24,258,-234
104900085,0,167,-167
104900087,323,13,310
104900089,285,1,284
104900090,1165,749,416
104900091,534,484,50
104900093,229,368,-139
104900097,1809,2424,-615
104900098,178,33,145
104900099,97,601,-504
104900100,308,239,69
104900102,45,117,-72
104900103,489,59,430
104900104,2082,2190,-108
104900106,123,92,31
104900107,145,133,12
104900108,103,175,-72
104900109,158,152,6
104900110,16,61,-45
104900111,315,148,167
104900112,319,364,-45
104900113,859,307,552
104900114,456,235,221
104900115,939,292,647
104900116,393,131,262
104900118,32,38,-6
104900119,3,42,-39
104900120,22,253,-231
104900121,1,54,-53
104900122,3,31,-28
104900123,74,16,58
104900124,59,1,58
104900125,407,11,396
104900126,51,45,6
104900127,30,59,-29
104900128,121,157,-36
104900129,999,2133,-1134
105000001,2487,1262,1225
105000002,2146,1334,812
105000003,2660,4113,-1453
105000004,653,665,-12
105000005,966,1124,-158
105000006,1324,1570,-246
105000007,1403,1715,-312
105000008,1489,3569,-2080
105000009,2862,2801,61
105000010,2544,1330,1214
105000011,4030,2556,1474
105000012,3197,1976,1221
105000013,1108,1042,66
105000014,2254,2654,-400
105000015,9975,16640,-6665
105000016,1587,1865,-278
105000017,1354,781,573
105000018,985,1630,-645
105000019,1025,890,135
105000020,173,526,-353
105000021,222,115,107
105000022,222,134,88
105000023,519,279,240
105000028,84,78,6
105000029,683,1351,-668
105000030,2923,1866,1057
105000033,747,1259,-512
105000034,175,1003,-828
105000037,586,206,380
105000038,1580,1652,-72
105000039,1710,1479,231
105000040,1055,1511,-456
105000041,428,1031,-603
105000042,2931,1855,1076
105000043,1206,1695,-489
105000044,767,579,188
105000045,346,512,-166
105000046,1235,355,880
105000047,555,798,-243
105000048,558,170,388
105000049,256,313,-57
105000050,711,316,395
105000051,139,244,-105
105000052,606,682,-76
105000053,75,94,-19
105000054,467,586,-119
105000055,758,272,486
105000056,1335,1281,54
105000057,1085,611,474
105000058,1099,921,178
105000059,820,493,327
105000060,419,518,-99
105000061,861,440,421
105000062,534,539,-5
105000063,321,328,-7
105000064,1865,644,1221
105000065,372,335,37
105000066,1057,1028,29
105000067,1722,711,1011
105000068,382,740,-358
105000069,1333,2234,-901
105000070,431,898,-467
105000071,197,1061,-864
105000072,827,2431,-1604
105000073,853,587,266
105000074,854,632,222
105000075,481,704,-223
105000076,959,685,274
105000077,1871,1000,871
105000078,1103,1213,-110
105000079,1227,2952,-1725
105000080,1981,1593,388
105000081,3041,1248,1793
105000082,1047,1999,-952
105000083,4283,4369,-86
105000084,597,710,-113
105000085,1908,2447,-539
105000086,618,750,-132
105000087,1105,1490,-385
105000088,1245,1529,-284
105000089,2015,1683,332
105000090,950,645,305
105000091,1129,1445,-316
105000092,536,599,-63
105000093,305,282,23
105000094,297,240,57
105000095,120,358,-238
105000096,1236,1182,54
105000097,851,672,179
105000098,1055,610,445
105000099,692,665,27
105000100,1590,899,691
105000101,1650,1599,51
105000102,1814,1261,553
105000103,1245,1907,-662
105000104,2352,995,1357
105000105,1064,1596,-532
105000106,1522,1228,294
105000107,1688,851,837
105000108,2260,1172,1088
105000109,2003,1245,758
105000110,955,467,488
105000111,969,530,439
105000112,1315,556,759
105000113,550,661,-111
105000114,1868,1092,776
105000115,340,1209,-869
105000116,924,489,435
105000117,874,642,232
105000118,771,393,378
105000119,577,513,64
105000120,1249,487,762
105000121,911,569,342
105000122,460,618,-158
105000123,954,844,110
105000124,2174,669,1505
105000125,901,1255,-354
105000126,2352,1225,1127
105000127,2487,1473,1014
105000128,622,754,-132
105000129,765,228,537
105000130,348,3141,-2793
105000131,598,265,333
105000132,969,735,234
105000133,534,794,-260
105000134,1032,626,406
105000135,412,398,14
105000136,160,231,-71
105000137,564,210,354
105000138,197,292,-95
105000139,1038,668,370
105000140,443,406,37
105000141,431,397,34
105000142,317,381,-64
105000143,218,403,-185
105000144,253,506,-253
105000145,722,253,469
105000146,365,680,-315
105000147,682,280,402
105000148,1056,491,565
105000149,2734,2021,713
105000150,1687,1075,612
105000151,559,346,213
105000152,171,476,-305
105000153,528,594,-66
105000154,532,430,102
105000155,308,834,-526
105000156,671,597,74
105000157,766,1250,-484
105000158,1813,700,1113
105000159,294,794,-500
105000160,2229,621,1608
105000161,823,756,67
105000162,641,1757,-1116
105000163,824,682,142
105000164,223,245,-22
105000165,671,5584,-4913
105000166,3646,1391,2255
105000167,1205,2114,-909
105000168,520,511,9
105000169,661,212,449
105000170,324,1130,-806
105000171,932,159,773
105000172,155,34,121
105000173,346,34,312
105000174,128,42,86
105000175,126,77,49
105000176,609,88,521
105000177,417,198,219
105000178,229,335,-106
105000179,835,106,729
105000180,236,96,140
105000181,188,162,26
105000182,71,54,17
105000183,1487,1968,-481
105000184,1119,946,173
105000185,1223,1060,163
105000186,439,603,-164
105000187,893,276,617
105000188,296,139,157
105000189,186,466,-280
105000190,439,301,138
105000191,380,267,113
105000192,412,53,359
105000193,65,113,-48
105000194,411,130,281
105000195,400,635,-235
105000196,80,270,-190
105000197,355,465,-110
105000198,407,263,144
105000199,182,564,-382
105000200,137,369,-232
105000201,126,45,81
105000203,8,110,-102
105000204,121,86,35
105000205,69,168,-99
105000207,345,182,163
105000208,214,557,-343
105000209,214,295,-81
105000212,1186,761,425
105000213,126,166,-40
105000214,285,196,89
105000215,468,157,311
105000216,156,185,-29
105000217,163,259,-96
105000218,1762,927,835
105000221,153,127,26
105000222,446,167,279
105000223,331,175,156
105000226,122,142,-20
105000227,104,106,-2
105000228,219,2355,-2136
105000229,144,508,-364
105000231,426,282,144
105000233,989,555,434
105000234,442,847,-405
105000235,489,484,5
105000237,945,86,859
105000243,30,88,-58
105000248,96,93,3
105000262,371,732,-361
105000269,266,237,29
105000270,575,50,525
105000271,3,126,-123
105000282,84,37,47
105000287,351,96,255
105000288,745,340,405
105000289,2192,2123,69
105000290,21,12,9
105000402,2585,4332,-1747
105000426,338,623,-285
105000438,3402,1581,1821
105000446,7195,5237,1958
105000447,3946,2302,1644
105000454,699,476,223
105000455,196,127,69
105000474,94,0,94
105000477,630,534,96
105000478,2141,5538,-3397
105000479,115,132,-17
105000480,8291,7516,775
105000481,4516,3509,1007
105000482,3842,6286,-2444
105000483,1775,2094,-319
105000484,1650,2517,-867
105000485,1579,3266,-1687
105000486,2260,2113,147
105000488,7867,3964,3903
105000489,901,644,257
105000549,89,106,-17
105000550,460,1309,-849
105000551,48,107,-59
105000552,1816,1213,603
105900001,23,1774,-1751
105900002,882,831,51
105900003,25,73,-48
105900004,171,144,27
105900005,9,166,-157
105900006,20,204,-184
105900007,184,53,131
105900008,81,392,-311
105900009,36,19,17
105900011,247,40,207
105900012,697,107,590
105900013,6,45,-39
105900014,23,57,-34
105900015,144,311,-167
105900016,705,352,353
105900017,1507,48,1459
105900018,173,114,59
105900019,91,480,-389
105900020,61,41,20
105900021,49,343,-294
105900022,253,189,64
105900023,20,131,-111
105900024,37,193,-156
105900025,271,18,253
105900026,223,22,201
105900027,9655,8550,1105
105900028,610,649,-39
105900029,1388,371,1017
105900030,259,235,24
105900031,387,202,185
105900032,84,137,-53
105900033,78,112,-34
105900034,307,184,123
105900035,198,212,-14
105900036,180,102,78
105900037,88,92,-4
105900038,213,245,-32
105900039,160,83,77
105900040,52,134,-82
105900041,204,259,-55
105900042,75,129,-54
105900043,1170,106,1064
105900044,4,213,-209
105900045,6,750,-744
105900046,21,201,-180
105900047,21,45,-24
105900048,118,422,-304
105900050,6795,4941,1854
105900051,86,1138,-1052
105900052,659,357,302
105900053,2263,3448,-1185
105900054,345,190,155
105900056,589,504,85
105900057,40,144,-104
105900058,37,12,25
105900059,0,51,-51
106000001,3272,2715,557
106000002,1411,4504,-3093
106000003,2657,3345,-688
106000004,1413,2125,-712
106000005,3456,4551,-1095
106000006,4412,2320,2092
106000007,537,530,7
106000008,391,243,148
106000009,625,310,315
106000010,503,475,28
106000011,1103,970,133
106000012,830,876,-46
106000013,1936,1686,250
106000014,1491,1106,385
106000015,1859,1129,730
106000016,1172,1461,-289
106000017,577,575,2
106000018,574,348,226
106000019,431,348,83
106000020,411,247,164
106000021,325,396,-71
106000022,369,173,196
106000023,648,247,401
106000024,625,312,313
106000025,117,213,-96
106000026,88,135,-47
106000027,1644,1253,391
106000028,632,258,374
106000029,697,659,38
106000030,400,597,-197
106000034,198,463,-265
106000035,941,2003,-1062
106000036,169,443,-274
106000037,1668,1149,519
106000038,235,108,127
106000039,98,120,-22
106000040,112,838,-726
106000041,546,703,-157
106000043,521,223,298
106000046,370,85,285
106000047,37,519,-482
106000049,1029,210,819
106000050,273,450,-177
106000051,762,511,251
106000052,110,388,-278
106000053,414,100,314
106000054,376,278,98
106000055,1161,790,371
106000056,279,254,25
106000057,459,280,179
106000058,136,123,13
106000059,423,227,196
106000060,284,465,-181
106000061,230,510,-280
106000062,202,517,-315
106000063,756,515,241
106000064,25,242,-217
106000065,369,343,26
106000066,86,247,-161
106000067,391,160,231
106000068,64,531,-467
106000069,293,105,188
106000070,512,595,-83
106000071,1058,323,735
106000072,2142,1414,728
106000073,1240,3156,-1916
106000074,652,634,18
106000075,300,1371,-1071
106000076,1560,1684,-124
106000077,2857,1235,1622
106000078,1245,772,473
106000079,799,715,84
106000080,1215,533,682
106000081,805,984,-179
106000082,2085,686,1399
106000083,435,1353,-918
106000084,1111,682,429
106000085,1176,1487,-311
106000086,564,776,-212
106000087,1013,484,529
106000088,395,643,-248
106000089,1093,270,823
106000090,247,477,-230
106000091,342,393,-51
106000092,710,212,498
106000093,283,140,143
106000094,120,211,-91
106000095,941,614,327
106000096,993,540,453
106000097,1400,570,830
106000098,822,706,116
106000099,214,615,-401
106000100,1424,197,1227
106000101,1292,256,1036
106000102,257,522,-265
106000103,351,396,-45
106000104,807,336,471
106000105,531,435,96
106000106,785,339,446
106000107,164,158,6
106000108,291,164,127
106000109,245,134,111
106000110,324,198,126
106000111,163,197,-34
106000112,293,529,-236
106000113,521,485,36
106000114,374,650,-276
106000115,227,285,-58
106000116,343,194,149
106000117,990,494,496
106000118,1196,1358,-162
106000119,932,706,226
106000120,911,1309,-398
106000121,229,157,72
106000122,170,112,58
106000123,620,87,533
106000124,75,103,-28
106000125,27,151,-124
106000126,333,60,273
106000127,955,584,371
106000128,758,121,637
106000129,451,336,115
106000130,907,216,691
106000131,163,574,-411
106000132,466,142,324
106000133,1048,1022,26
106000134,392,1912,-1520
106000135,178,364,-186
106000136,556,1126,-570
106000137,52,369,-317
106000138,1120,110,1010
106000139,56,64,-8
106000140,67,27,40
106000141,155,24,131
106000142,97,50,47
106000143,28,24,4
106000144,19,39,-20
106000145,356,178,178
106000146,461,121,340
106000147,365,329,36
106000148,446,602,-156
106000149,642,298,344
106000150,555,1780,-1225
106000151,2675,775,1900
106000152,1003,1974,-971
106000153,96,1452,-1356
106000154,823,177,646
106000155,185,238,-53
106000156,1199,285,914
106000157,669,1242,-573
106000158,1600,832,768
106000159,1983,1788,195
106000160,493,2897,-2404
106000161,1255,226,1029
106000162,332,989,-657
106000163,419,213,206
106000164,514,260,254
106000165,290,298,-8
106000166,958,301,657
106000167,454,589,-135
106000168,595,246,349
106000169,323,348,-25
106000170,796,223,573
106000171,269,820,-551
106000172,2840,1296,1544
106000173,1172,1964,-792
106000174,1397,394,1003
106000175,292,630,-338
106000176,1948,773,1175
106000177,930,1752,-822
106000178,3487,1513,1974
106000179,896,1569,-673
106000180,720,871,-151
106000181,1026,1353,-327
106000182,1682,736,946
106000183,1741,425,1316
106000184,2365,532,1833
106000185,1449,1120,329
106000186,738,115,623
106000187,276,982,-706
106000188,2,3,-1
106000189,18,36,-18
106000190,37,4,33
106000191,679,180,499
106000192,4,17,-13
106000193,409,219,190
106000194,154,479,-325
106000195,800,502,298
106000196,256,833,-577
106000197,711,393,318
106000198,191,200,-9
106000199,754,774,-20
106000200,174,252,-78
106000201,431,3436,-3005
106000202,2322,626,1696
106000203,22,107,-85
106000204,85,10,75
106000205,8,97,-89
106000206,98,15,83
106000207,23,371,-348
106000208,1583,166,1417
106000209,1764,396,1368
106000210,360,634,-274
106000211,293,892,-599
106000212,944,466,478
106000213,478,2035,-1557
106000214,1599,1055,544
106000215,269,393,-124
106000216,347,303,44
106000217,210,285,-75
106000218,448,296,152
106000219,160,204,-44
106000220,454,190,264
106000221,248,142,106
106000222,65,88,-23
106000223,315,113,202
106000224,256,129,127
106000225,63,110,-47
106000226,94,178,-84
106000228,103,86,17
106000229,84,519,-435
106000231,976,111,865
106000232,51,233,-182
106000233,583,63,520
106000234,25,253,-228
106000235,634,95,539
106000236,153,138,15
106000237,5,10,-5
106000238,58,30,28
106000239,0,92,-92
106000240,35,4,31
106000241,9,399,-390
106000242,258,45,213
106000249,56,44,12
106000250,92,532,-440
106000251,129,41,88
106000252,28,84,-56
106000253,60,95,-35
106000254,68,30,38
106000255,32,180,-148
106000256,50,36,14
106000257,197,172,25
106000258,202,22,180
106000259,22,57,-35
106000260,53,4,49
106000261,3,56,-53
106000262,129,12,117
106000263,16,60,-44
106000264,275,13,262
106000265,6,173,-167
106000266,91,30,61
106000267,5,79,-74
106000268,327,66,261
106000269,56,65,-9
106000270,163,369,-206
106000271,137,160,-23
106000272,286,67,219
106000273,13,219,-206
106000274,143,63,80
106000275,168,315,-147
106000276,137,37,100
106000277,128,301,-173
106000278,167,41,126
106000279,18,26,-8
106000280,124,46,78
106000281,126,44,82
106000282,66,71,-5
106000283,116,59,57
106000284,133,88,45
106000285,130,83,47
106000286,100,113,-13
106000287,161,62,99
106000288,96,138,-42
106000289,94,43,51
106000290,95,76,19
106000291,129,76,53
106000292,78,98,-20
106000293,162,91,71
106000294,125,87,38
106000295,62,59,3
106000296,52,86,-34
106000297,75,234,-159
106000298,103,75,28
106000299,58,122,-64
106000300,77,95,-18
106000301,82,96,-14
106000303,25,98,-73
106000304,46,35,11
106000305,62,57,5
106000306,54,47,7
106000307,66,18,48
106000308,48,68,-20
106000309,47,37,10
106000310,347,344,3
106000311,421,215,206
106000312,124,120,4
106000313,253,186,67
106000318,83,529,-446
106000319,985,293,692
106000320,5,89,-84
106000321,265,168,97
106000322,183,93,90
106000324,27,100,-73
106000325,1821,956,865
106000326,852,1186,-334
106000327,217,77,140
106000328,41,133,-92
106000329,111,217,-106
106000330,61,78,-17
106000428,83,152,-69
106000429,143,256,-113
106000430,322,905,-583
106000431,2379,420,1959
106000432,1362,2002,-640
106000433,2604,1388,1216
106000434,3056,1799,1257
106000435,1008,1737,-729
106000436,13,134,-121
106000437,261,39,222
106000438,504,284,220
106000439,102,394,-292
106000440,260,322,-62
106000441,1,0,1
106000442,129,8,121
106000443,202,209,-7
106000450,3,105,-102
106000451,14,71,-57
106000454,4,102,-98
106000455,12,114,-102
106000456,81,37,44
106000457,15,501,-486
106000458,1214,82,1132
106000459,165,199,-34
106000460,1702,19,1683
106000461,124,536,-412
106000462,1,30,-29
106000463,3,13,-10
106000464,4,218,-214
106000465,863,8,855
106000466,6,312,-306
106000467,217,327,-110
106000468,102,113,-11
106000469,101,5,96
106000470,259,1739,-1480
106000471,16,296,-280
106000472,179,24,155
106000473,37,15,22
106000474,287,300,-13
106000475,356,164,192
106000476,143,293,-150
106000477,27,19,8
106900001,0,17,-17
106900002,5,297,-292
106900003,239,803,-564
106900004,0,16,-16
106900006,0,8,-8
106900007,0,11,-11
106900008,459,135,324
106900009,465,223,242
106900010,225,249,-24
106900012,1221,2636,-1415
106900013,694,223,471
106900014,49,3,46
106900015,11,3,8
106900016,338,23,315
106900017,14,1,13
106900018,6,0,6
106900019,134,5,129
106900020,1659,1708,-49
106900021,243,135,108
106900022,1017,4,1013
106900023,85,144,-59
106900024,930,98,832
106900025,59,535,-476
106900026,2,328,-326
106900027,1013,5,1008
107000001,3582,5562,-1980
107000002,2147,3802,-1655
107000003,6489,5988,501
107000004,3947,2991,956
107000005,6416,5962,454
107000006,3614,2433,1181
107000007,5807,10026,-4219
107000008,6531,4940,1591
107000009,8658,7750,908
107000010,6700,5774,926
107000011,847,1056,-209
107000012,3019,2054,965
107000013,89,51,38
107000014,56,83,-27
107000015,432,572,-140
107000016,894,527,367
107000017,1380,1898,-518
107000018,20,1469,-1449
107000020,1017,1962,-945
107000021,1302,422,880
107000022,793,1401,-608
107000023,1978,168,1810
107000024,627,1009,-382
107000025,246,368,-122
107000026,314,349,-35
107000027,1587,854,733
107000028,1257,848,409
107000029,3963,3112,851
107000030,2343,2114,229
107000031,5042,2525,2517
107000032,407,710,-303
107000033,2284,3207,-923
107000034,2976,1114,1862
107000035,409,187,222
107000036,325,1147,-822
107000037,102,709,-607
107000038,189,200,-11
107000039,700,719,-19
107000040,310,258,52
107000041,1627,875,752
107000042,661,2077,-1416
107000043,1981,1191,790
107000044,371,296,75
107000045,82,257,-175
107000046,799,406,393
107000047,394,695,-301
107000048,763,270,493
107000049,743,630,113
107000050,1149,513,636
107000051,238,321,-83
107000052,1080,984,96
107000053,419,266,153
107000054,66,246,-180
107000055,151,86,65
107000056,398,676,-278
107000057,924,172,752
107000058,2050,2545,-495
107000059,1923,2841,-918
107000060,5183,4975,208
107000061,4500,2865,1635
107000062,5658,2791,2867
107000063,4137,3321,816
107000064,5144,2602,2542
107000065,3343,3307,36
107000066,1897,2893,-996
107000067,1411,1418,-7
107000068,1310,919,391
107000069,1171,626,545
107000070,1272,21,1251
107000071,4217,70,4147
107000072,43,1820,-1777
107000073,1039,480,559
107000074,133,647,-514
107000075,2064,644,1420
107000076,645,1017,-372
107000077,4287,1741,2546
107000078,2252,2333,-81
107000079,3245,1396,1849
107000080,1024,2085,-1061
107000081,2647,664,1983
107000082,636,926,-290
107000083,1798,536,1262
107000084,339,1027,-688
107000085,2783,2991,-208
107000086,3196,2862,334
107000087,3284,1884,1400
107000088,3352,3099,253
107000089,1770,1634,136
107000090,1160,957,203
107000091,1780,806,974
107000092,1041,739,302
107000093,1387,864,523
107000094,1018,780,238
107000095,1047,578,469
107000096,511,574,-63
107000097,390,209,181
107000098,295,423,-128
107000099,409,252,157
107000100,273,264,9
107000101,80,184,-104
107000102,156,239,-83
107000103,236,171,65
107000104,138,167,-29
107000105,442,132,310
107000106,265,185,80
107000107,576,159,417
107000108,115,329,-214
107000109,725,145,580
107000110,63,341,-278
107000111,385,46,339
107000112,26,190,-164
107000113,754,166,588
107000114,105,361,-256
107000115,798,169,629
107000116,119,497,-378
107000117,139,664,-525
107000118,126,147,-21
107000119,1244,1720,-476
107000120,804,619,185
107000121,1127,665,462
107000122,1251,686,565
107000123,548,506,42
107000124,678,596,82
107000125,1235,472,763
107000126,1180,484,696
107000129,376,278,98
107000130,830,364,466
107000131,500,413,87
107000132,668,371,297
107000133,490,146,344
107000134,308,1,307
107000135,6,292,-286
107000136,702,8,694
107000137,15,429,-414
107000138,205,22,183
107000139,31,545,-514
107000140,1514,136,1378
107000141,175,676,-501
107000142,564,130,434
107000143,128,512,-384
107000144,536,523,13
107000145,121,406,-285
107000146,218,281,-63
107000147,3217,787,2430
107000150,593,2937,-2344
107000151,31,104,-73
107000152,404,1867,-1463
107000153,108,394,-286
107000154,166,330,-164
107000155,1004,20,984
107000156,1485,32,1453
107000157,77,752,-675
107000158,821,35,786
107000159,23,480,-457
107000160,1732,167,1565
107000161,83,750,-667
107000162,385,718,-333
107000163,304,28,276
107000164,1019,0,1019
107000165,1712,26,1686
107000166,32,675,-643
107000167,916,231,685
107000168,1139,641,498
107000169,547,637,-90
107000170,3423,1027,2396
107000171,852,1195,-343
107000172,1405,1736,-331
107000173,570,632,-62
107000174,1391,6772,-5381
107000175,4643,1276,3367
107000176,0,0,0
107000177,12,1,11
107000178,41,16,25
107000179,525,1256,-731
107000180,1780,493,1287
107000181,475,700,-225
107000182,2349,797,1552
107000183,172,490,-318
107000184,1325,543,782
107000185,529,1059,-530
107000186,1502,468,1034
107000187,1451,1066,385
107000188,738,605,133
107000189,562,971,-409
107000190,876,632,244
107000191,858,749,109
107000192,2146,631,1515
107000193,530,512,18
107000194,753,609,144
107000197,1133,358,775
107000198,406,574,-168
107000199,841,579,262
107000200,482,644,-162
107000201,501,309,192
107000202,331,453,-122
107000203,1042,1086,-44
107000204,1149,1334,-185
107000205,1771,988,783
107000206,1014,1911,-897
107000207,378,681,-303
107000208,531,365,166
107000209,1606,1771,-165
107000210,438,233,205
107000211,7,71,-64
107000212,56,301,-245
107000213,4,32,-28
107000214,28,158,-130
107000215,550,312,238
107000216,663,314,349
107000217,193,119,74
107000219,179,214,-35
107000220,243,132,111
107000222,322,485,-163
107000224,669,123,546
107000225,153,270,-117
107000226,676,114,562
107000227,118,166,-48
107000228,119,479,-360
107000229,81,104,-23
107000230,946,469,477
107000231,1147,2267,-1120
107000232,142,9,133
107000233,882,1159,-277
107000234,0,92,-92
107000235,157,22,135
107000236,17,434,-417
107000237,60,0,60
107000238,84,2,82
107000239,1602,501,1101
107000240,133,529,-396
107000241,108,18,90
107000242,313,44,269
107000243,1,62,-61
107000244,5,74,-69
107000246,4,962,-958
107000249,5,1183,-1178
107000251,1,328,-327
107000252,3,591,-588
107000255,253,193,60
107000257,8,377,-369
107000258,2,169,-167
107000259,2,121,-119
107000260,2017,44,1973
107000262,3,270,-267
107000263,447,9,438
107000266,14,9,5
107000267,58,100,-42
107000268,99,101,-2
107000269,148,8,140
107000270,219,68,151
107000271,11,76,-65
107000272,125,18,107
107000273,8,138,-130
107000274,954,293,661
107000275,49,1012,-963
107000280,1193,49,1144
107000281,36,437,-401
107000282,67,448,-381
107000290,10,23,-13
107000291,15,22,-7
107000292,3,105,-102
107000293,62,4,58
107000294,0,53,-53
107000295,37,5,32
107000296,0,11,-11
107000444,309,6,303
107000496,0,11,-11
107000497,1281,1444,-163
107000500,320,211,109
107000501,71,141,-70
107000502,200,175,25
107000505,258,667,-409
107000506,1,6,-5
107000508,15,376,-361
107000509,196,615,-419
107000510,25,55,-30
107000514,52,398,-346
107000515,15,118,-103
107000516,435,302,133
107000518,1307,2082,-775
107000519,1058,688,370
107000520,141,80,61
107900001,123,97,26
107900002,107,14,93
107900003,598,30,568
107900004,186,2,184
107900005,1868,4,1864
107900006,256,5,251
107900007,703,57,646
107900008,93,10,83
107900009,143,5,138
107900010,73,3,70
107900012,113,27,86
107900013,259,17,242
107900014,49,5,44
107900015,1562,15,1547
107900016,299,108,191
107900017,84,0,84
107900018,130,319,-189
107900019,23,18,5
107900020,59,8,51
107900021,108,58,50
107900023,11,1,10
107900024,0,8,-8
107900025,184,218,-34
107900026,94,32,62
107900027,35,72,-37
107900028,155,61,94
107900030,214,26,188
107900031,54,54,0
107900032,23,12,11
107900033,32,20,12
107900034,545,27,518
107900035,1330,63,1267
107900036,112,34,78
107900037,0,2,-2
107900038,91,329,-238
107900039,60,33,27
107900040,72,464,-392
107900041,3,1,2
107900043,58,80,-22
107900044,22,16,6
107900045,175,72,103
107900046,236,247,-11
107900047,21,10,11
107900048,261,15,246
107900049,278,1397,-1119
107900050,70,244,-174
107900051,127,56,71
107900052,45,46,-1
107900053,78,67,11
107900055,958,376,582
107900056,147,107,40
107900057,5,0,5
107900058,35,472,-437
107900060,25,23,2
107900061,14,29,-15
107900063,105,128,-23
107900064,296,241,55
107900065,415,16,399
107900066,36,9,27
107900067,0,0,0
107900068,127,560,-433
107900069,22,2399,-2377
107900070,241,113,128
107900071,29,518,-489
107900072,143,95,48
107900073,208,56,152
107900074,486,419,67
107900076,179,61,118
107900077,139,2,137
107900078,310,59,251
107900079,17,30,-13
107900080,256,645,-389
107900081,130,86,44
107900082,11,14,-3
107900083,391,212,179
107900084,175,149,26
107900086,34,237,-203
107900087,431,208,223
107900088,90,21,69
107900089,209,804,-595
107900090,700,3386,-2686
107900091,125,218,-93
107900092,1287,352,935
107900093,102,40,62
107900095,2367,2428,-61
107900097,30,58,-28
107900098,72,261,-189
107900100,850,1778,-928
107900101,757,129,628
107900102,77,5,72
107900103,44,157,-113
107900104,228,10,218
107900105,0,178,-178
107900106,8,537,-529
107900107,1520,619,901
107900108,179,142,37
107900109,1906,32,1874
107900110,107,39,68
107900111,6,392,-386
107900112,90,406,-316
107900113,374,49,325
107900114,216,96,120
107900115,0,39,-39
107900116,256,83,173
107900117,290,214,76
107900118,51,138,-87
107900119,118,344,-226
107900120,53,55,-2
107900121,9,198,-189
107900122,0,89,-89
107900123,18,69,-51
107900124,25,29,-4
107900125,24,211,-187
107900126,22,73,-51
107900127,515,418,97
107900128,88,61,27
107900129,119,12,107
107900130,160,17,143
107900131,406,511,-105
107900132,113,235,-122
107900133,2,52,-50
107900134,46,134,-88
107900135,8,174,-166
107900136,40,32,8
107900137,152,137,15
107900138,134,24,110
107900139,71,37,34
107900140,95,37,58
107900141,82,49,33
107900142,62,557,-495
107900143,52,21,31
107900144,2,112,-110
107900145,14,48,-34
107900146,81,168,-87
107900147,81,33,48
107900148,153,77,76
107900149,624,173,451
107900150,59,430,-371
107900151,53,72,-19
107900152,10,138,-128
107900153,131,415,-284
107900154,97,25,72
107900155,117,56,61
107900156,6,161,-155
107900157,69,55,14
107900158,1179,49,1130
107900159,18,572,-554
107900160,158,130,28
107900161,67,104,-37
107900162,1,152,-151
107900163,151,230,-79
107900164,35,49,-14
107900165,43,218,-175
107900166,25,114,-89
107900167,31,56,-25
107900168,58,37,21
107900169,4,246,-242
107900171,12,629,-617
107900172,1,233,-232
107900173,32,80,-48
107900174,181,8,173
107900175,15,41,-26
107900176,62,23,39
107900177,5,217,-212
107900178,1,91,-90
107900179,25,135,-110
107900180,370,768,-398
107900181,394,318,76
107900182,1,626,-625
107900183,95,136,-41
107900184,131,172,-41
107900185,160,5,155
107900186,60,59,1
107900187,3,68,-65
107900188,434,162,272
107900189,35,97,-62
107900190,46,194,-148
107900191,76,82,-6
107900193,6,62,-56
107900194,234,16,218
107900195,1130,321,809
107900196,107,74,33
107900197,535,597,-62
107900199,3,487,-484
107900201,132,92,40
107900203,43,63,-20
107900204,183,253,-70
107900205,293,327,-34
107900206,1078,331,747
107900207,2,329,-327
107900208,6,310,-304
107900209,271,97,174
107900210,62,74,-12
107900213,740,651,89
107900214,19,67,-48
107900215,162,399,-237
107900216,152,44,108
107900217,40,121,-81
107900218,15,1213,-1198
107900219,57,41,16
107900220,220,299,-79
107900221,156,158,-2
107900223,116,389,-273
107900224,108,418,-310
107900225,5,422,-417
107900226,84,71,13
107900227,160,309,-149
107900228,35,91,-56
107900229,73,164,-91
107900230,29,68,-39
107900231,31,156,-125
107900232,113,90,23
107900233,5,97,-92
107900234,124,79,45
107900235,46,117,-71
107900236,209,42,167
107900237,17,99,-82
107900238,49,72,-23
107900239,511,597,-86
107900240,36,75,-39
107900241,10,59,-49
107900242,54,120,-66
107900243,1,68,-67
107900244,399,25,374
107900245,1006,59,947
107900246,377,24,353
107900248,496,271,225
107900249,1261,85,1176
107900250,2,250,-248
107900251,47,688,-641
107900252,1264,45,1219
107900253,304,15,289
107900254,75,252,-177
107900255,229,129,100
107900256,857,1246,-389
107900257,377,150,227
107900258,158,158,0
107900259,101,3298,-3197
107900261,14,278,-264
107900262,67,112,-45
107900264,635,35,600
107900265,224,91,133
107900267,346,12,334
107900268,7,2,5
107900269,1,0,1
107900270,0,0,0
107900271,0,14,-14
107900272,25,11,14
107900273,155,142,13
107900274,172,3,169
107900275,55,1,54
107900276,0,67,-67
107900277,0,99,-99
107900278,374,272,102
107900279,74,140,-66
107900280,1899,2127,-228
107900281,713,3922,-3209
107900282,28,607,-579
107900283,612,707,-95
107900284,670,384,286
107900285,128,37,91
107900286,98,128,-30
107900287,408,218,190
107900290,2,210,-208
107900291,580,22,558
107900292,112,124,-12
107900293,110,259,-149
107900295,44,22,22
107900297,2,290,-288
107900298,712,455,257
107900299,2155,2862,-707
107900300,97,290,-193
107900301,1081,827,254
107900302,117,51,66
107900303,269,250,19
107900304,411,179,232
107900305,464,17,447
107900306,10,49,-39
107900307,55,230,-175
107900308,184,176,8
107900309,97,0,97
107900310,518,11,507
107900311,7,703,-696
107900312,57,2,55
107900313,2,177,-175
107900314,0,38,-38
107900315,0,43,-43
107900316,70,4,66
107900317,124,18,106
107900318,12,143,-131
107900319,10,148,-138
107900320,1,90,-89
107900321,203,3,200
107900322,1,78,-77
107900323,6,130,-124
107900324,117,4,113
107900325,122,0,122
107900326,573,122,451
107900327,0,27,-27
107900328,81,1,80
107900329,72,103,-31
107900330,14,239,-225
107900331,340,27,313
107900332,418,39,379
107900333,95,36,59
107900334,11,126,-115
107900335,54,42,12
107900336,72,135,-63
107900337,596,1096,-500
107900338,6,118,-112
107900339,2,20,-18
107900340,1,43,-42
107900341,74,1,73
107900342,129,82,47
107900343,66,2,64
107900344,11,125,-114
107900345,117,27,90
107900346,28,3,25
107900347,24,6,18
107900348,5,5,0
107900349,25,15,10
107900350,27,196,-169
108000001,3361,3600,-239
108000002,1680,1747,-67
108000003,3673,3814,-141
108000004,10037,11330,-1293
108000005,7830,6589,1241
108000006,6204,5601,603
108000007,5269,3896,1373
108000008,3737,4449,-712
108000009,4404,4772,-368
108000010,2537,3305,-768
108000011,12216,12483,-267
108000012,11296,11197,99
108000014,607,1122,-515
108000015,812,226,586
108000016,302,872,-570
108000017,1160,436,724
108000018,1983,716,1267
108000019,1611,838,773
108000020,1286,527,759
108000021,339,1457,-1118
108000022,406,1041,-635
108000023,1362,290,1072
108000024,324,321,3
108000025,377,223,154
108000026,726,239,487
108000027,901,359,542
108000028,684,186,498
108000029,622,336,286
108000030,733,181,552
108000031,241,509,-268
108000032,1994,711,1283
108000033,919,710,209
108000034,1970,509,1461
108000035,745,1394,-649
108000036,367,755,-388
108000037,1958,416,1542
108000038,3093,556,2537
108000039,529,1314,-785
108000040,2339,1069,1270
108000041,746,1684,-938
108000042,417,162,255
108000043,269,185,84
108000044,734,147,587
108000045,341,276,65
108000046,1809,353,1456
108000047,499,642,-143
108000048,145,290,-145
108000049,965,273,692
108000050,98,328,-230
108000051,429,181,248
108000052,151,412,-261
108000053,497,241,256
108000054,471,973,-502
108000055,1180,661,519
108000056,782,1139,-357
108000057,711,1555,-844
108000058,1877,3764,-1887
108000059,2574,1612,962
108000060,202,372,-170
108000061,135,206,-71
108000062,1257,622,635
108000063,628,413,215
108000064,362,301,61
108000065,598,433,165
108000066,1294,681,613
108000067,2087,695,1392
108000068,880,362,518
108000069,270,593,-323
108000070,2037,665,1372
108000071,607,976,-369
108000072,1992,987,1005
108000073,1117,1246,-129
108000074,708,431,277
108000075,285,522,-237
108000076,889,589,300
108000077,619,505,114
108000078,2799,1137,1662
108000079,705,1036,-331
108000080,1520,471,1049
108000081,425,876,-451
108000082,743,1257,-514
108000083,2162,959,1203
108000084,321,785,-464
108000085,990,556,434
108000086,648,565,83
108000087,182,2499,-2317
108000088,227,10,217
108000089,394,353,41
108000090,521,187,334
108000091,398,362,36
108000092,284,80,204
108000093,218,323,-105
108000094,659,96,563
108000095,163,168,-5
108000096,424,155,269
108000097,145,289,-144
108000098,2066,1095,971
108000099,277,52,225
108000100,72,147,-75
108000101,1746,1524,222
108000102,1690,3712,-2022
108000106,1003,0,1003
108000107,4,997,-993
108000108,656,73,583
108000109,15,733,-718
108000110,332,271,61
108000111,196,527,-331
108000112,53,122,-69
108000113,384,175,209
108000115,304,344,-40
108000117,638,465,173
108000118,70,290,-220
108000119,400,282,118
108000120,157,767,-610
108000121,124,283,-159
108000122,752,309,443
108000123,845,188,657
108000124,381,375,6
108000125,481,202,279
108000126,218,283,-65
108000127,679,197,482
108000128,678,225,453
108000129,273,541,-268
108000130,521,226,295
108000131,1031,576,455
108000132,1628,905,723
108000133,1162,462,700
108000134,446,351,95
108000135,1229,492,737
108000136,307,702,-395
108000137,606,190,416
108000138,577,530,47
108000139,621,200,421
108000140,126,26,100
108000141,70,45,25
108000142,76,47,29
108000143,77,16,61
108000144,56,11,45
108000145,63,12,51
108000146,140,13,127
108000147,55,20,35
108000148,89,34,55
108000149,35,28,7
108000150,67,20,47
108000151,15,30,-15
108000152,98,345,-247
108000153,830,130,700
108000154,45,7,38
108000155,34,29,5
108000156,318,115,203
108000157,194,1443,-1249
108000158,90,995,-905
108000159,407,204,203
108000160,1850,1283,567
108000161,1800,3320,-1520
108000165,8,280,-272
108000172,2,277,-275
108000173,1114,2227,-1113
108000175,342,116,226
108000178,330,296,34
108000179,163,990,-827
108000181,61,39,22
108000182,124,29,95
108000183,11,30,-19
108000184,581,2555,-1974
108000185,359,265,94
108000186,295,41,254
108000187,180,335,-155
108000188,913,161,752
108000189,397,1569,-1172
108000190,38,88,-50
108000192,262,335,-73
108000193,508,37,471
108000194,38,8,30
108000195,3,665,-662
108000196,193,187,6
108000198,532,156,376
108000199,1,342,-341
108000200,740,205,535
108000202,2,433,-431
108000203,191,371,-180
108000204,225,84,141
108000205,186,279,-93
108000339,929,372,557
108000364,69,324,-255
108000365,60,298,-238
108000367,103,189,-86
108000368,10,85,-75
108000369,572,309,263
108000371,3,528,-525
108000372,652,3,649
108000373,245,74,171
108000376,141,66,75
108000377,559,124,435
108000378,8855,11135,-2280
108000379,29,191,-162
108000381,105,8,97
108000382,69,2,67
108000383,1,188,-187
108900001,64,515,-451
108900002,210,68,142
108900003,269,511,-242
108900004,125,599,-474
108900005,92,580,-488
108900006,830,203,627
108900007,494,225,269
108900008,165,161,4
108900009,148,118,30
108900010,370,135,235
108900011,810,299,511
108900012,538,401,137
108900013,222,216,6
108900014,22,104,-82
108900015,1,287,-286
108900016,7,282,-275
108900017,378,483,-105
108900018,252,339,-87
108900019,66,503,-437
108900020,68,134,-66
108900021,175,197,-22
108900022,172,57,115
108900023,5,37,-32
108900024,57,89,-32
108900025,156,82,74
108900026,60,105,-45
108900027,0,44,-44
108900028,148,177,-29
108900029,82,153,-71
108900030,0,83,-83
108900031,221,188,33
108900032,11,130,-119
108900033,0,135,-135
108900034,1,101,-100
108900035,368,640,-272
108900036,217,245,-28
108900037,92,247,-155
108900038,1,249,-248
108900039,2,233,-231
108900040,4,81,-77
108900041,3703,3713,-10
108900042,6,392,-386
108900043,86,389,-303
108900044,4,268,-264
108900045,144,320,-176
108900046,48,431,-383
108900047,1,52,-51
108900048,128,545,-417
108900049,1549,1859,-310
108900050,0,148,-148
108900051,0,84,-84
108900052,21,121,-100
108900053,63,298,-235
108900054,93,147,-54
108900055,47,368,-321
108900056,2,76,-74
108900057,3,100,-97
108900058,46,202,-156
108900059,645,88,557
108900060,129,162,-33
108900061,103,57,46
108900062,11,140,-129
108900063,17,173,-156
108900064,419,48,371
108900065,17,119,-102
108900066,539,179,360
108900067,26,161,-135
108900068,0,63,-63
108900069,117,58,59
108900070,38,67,-29
108900071,168,53,115
108900072,1963,799,1164
108900073,6,55,-49
108900074,379,189,190
108900075,52,52,0
108900076,534,73,461
108900077,59,117,-58
108900078,55,86,-31
108900079,531,166,365
108900080,40,956,-916
108900081,45,205,-160
108900082,176,85,91
108900083,24,346,-322
108900084,446,238,208
108900085,1232,248,984
108900086,199,170,29
108900087,83,148,-65
108900088,1084,433,651
108900089,51,172,-121
108900090,114,194,-80
108900091,72,50,22
108900092,585,298,287
108900093,194,116,78
108900094,224,93,131
108900095,39,198,-159
108900096,234,6,228
108900097,308,184,124
108900098,1365,1131,234
108900099,503,161,342
108900100,109,115,-6
108900101,275,285,-10
108900102,109,1406,-1297
108900103,109,186,-77
108900104,97,339,-242
108900105,11,1616,-1605
108900106,589,195,394
108900108,452,73,379
108900109,60,66,-6
108900110,254,248,6
108900111,578,336,242
108900112,352,36,316
108900113,45,90,-45
108900114,1,4,-3
108900115,185,77,108
108900116,64,19,45
108900117,280,20,260
108900118,833,28,805
108900119,434,35,399
108900120,212,212,0
108900121,425,202,223
108900122,198,28,170
108900123,181,134,47
108900124,580,199,381
108900125,617,4,613
108900126,148,77,71
108900127,280,34,246
108900128,213,54,159
108900129,923,155,768
108900130,506,8,498
108900131,441,19,422
108900132,749,145,604
108900133,347,90,257
108900134,455,200,255
108900135,247,24,223
108900136,63,5,58
108900137,263,3,260
108900138,973,85,888
108900139,873,147,726
108900140,509,151,358
108900141,491,9,482
108900142,121,5,116
108900143,125,4,121
108900144,161,0,161
108900145,295,23,272
108900146,123,0,123
108900147,258,1,257
108900148,95,46,49
108900149,499,284,215
108900150,275,20,255
108900151,190,68,122
108900152,320,75,245
108900153,373,208,165
108900154,5255,535,4720
108900155,304,66,238
108900156,121,6,115
108900157,54,282,-228
108900158,434,38,396
108900159,5,123,-118
108900160,13,187,-174
108900161,6,273,-267
108900162,186,2,184
108900163,5,301,-296
108900164,49,91,-42
108900165,141,91,50
108900167,1275,8622,-7347
108900168,4353,2903,1450
108900169,63,116,-53
108900171,3792,3643,149
108900172,265,52,213
108900173,168,312,-144
108900174,1010,553,457
108900176,160,317,-157
108900177,3120,6285,-3165
108900178,2813,3982,-1169
108900179,625,2188,-1563
108900180,161,333,-172
108900182,59,358,-299
108900183,245,181,64
108900184,570,290,280
108900185,136,344,-208
108900186,145,305,-160
108900187,580,71,509
108900188,963,125,838
108900189,486,169,317
108900190,212,1613,-1401
108900191,217,53,164
108900192,105,190,-85
108900193,131,87,44
108900194,21,355,-334
108900195,119,160,-41
108900196,43,230,-187
108900198,10,211,-201
108900199,293,279,14
108900200,699,360,339
108900201,610,1238,-628
108900203,592,143,449
108900204,433,20,413
108900205,252,52,200
108900206,517,95,422
108900207,267,163,104
108900208,22,299,-277
108900209,121,392,-271
108900210,226,177,49
108900211,184,579,-395
108900212,486,1493,-1007
108900215,82,276,-194
108900216,317,363,-46
108900217,158,2,156
108900218,132,27,105
108900219,74,30,44
108900220,81,43,38
108900221,65,235,-170
108900222,392,35,357
108900223,16,117,-101
108900224,78,243,-165
108900225,0,203,-203
108900226,425,29,396
108900227,150,530,-380
108900230,190,191,-1
108900231,36,170,-134
108900232,3,206,-203
108900233,631,113,518
108900234,434,173,261
108900235,235,423,-188
108900236,73,342,-269
108900237,92,213,-121
108900240,187,92,95
108900241,71,69,2
108900245,19,1823,-1804
108900249,202,54,148
108900250,360,130,230
108900257,268,211,57
108900258,14,179,-165
108900259,89,44,45
108900260,17,52,-35
108900261,58,90,-32
108900262,94,136,-42
108900263,44,137,-93
108900264,385,284,101
108900265,700,546,154
108900266,442,941,-499
108900267,4,165,-161
108900268,13,8,5
108900269,148,15,133
108900270,114,16,98
108900271,104,34,70
108900272,255,22,233
108900273,527,918,-391
108900274,51,41,10
109000001,2306,1952,354
109000002,962,1677,-715
109000003,2721,458,2263
109000004,540,1667,-1127
109000005,2526,550,1976
109000006,683,1633,-950
109000007,1744,558,1186
109000008,661,1392,-731
109000009,3518,1298,2220
109000010,947,2918,-1971
109000011,3869,2195,1674
109000012,1912,2325,-413
109000013,4724,3799,925
109000014,2343,2236,107
109000015,3899,8326,-4427
109000016,4712,2431,2281
109000017,2683,1248,1435
109000018,829,1898,-1069
109000019,2638,1264,1374
109000020,914,1496,-582
109000023,257,24,233
109000024,16,184,-168
109000025,283,606,-323
109000026,464,289,175
109000027,126,373,-247
109000028,117,96,21
109000029,127,304,-177
109000030,75,467,-392
109000031,268,192,76
109000032,175,453,-278
109000033,318,169,149
109000034,62,48,14
109000035,13,78,-65
109000036,105,320,-215
109000037,358,2144,-1786
109000038,588,491,97
109000039,1370,1085,285
109000040,3419,12082,-8663
109000041,1771,2063,-292
109000042,532,1375,-843
109000044,472,58,414
109000045,141,243,-102
109000046,425,75,350
109000047,51,376,-325
109000048,915,219,696
109000049,261,479,-218
109000050,473,282,191
109000051,257,194,63
109000052,577,583,-6
109000053,278,100,178
109000054,482,359,123
109000055,407,423,-16
109000056,458,323,135
109000057,1134,511,623
109000058,696,271,425
109000059,575,1404,-829
109000060,297,296,1
109000061,603,1429,-826
109000062,160,413,-253
109000063,258,165,93
109000064,394,130,264
109000065,241,162,79
109000066,496,66,430
109000067,69,235,-166
109000068,1377,40,1337
109000069,684,41,643
109000070,15,1695,-1680
109000071,429,102,327
109000072,103,262,-159
109000073,65,98,-33
109000074,21,142,-121
109000075,76,240,-164
109000076,155,259,-104
109000077,285,195,90
109000078,91,190,-99
109000079,102,93,9
109000080,233,86,147
109000081,181,287,-106
109000082,842,160,682
109000083,372,324,48
109000088,133,387,-254
109000089,390,91,299
109000090,133,299,-166
109000091,397,281,116
109000092,323,372,-49
109000093,299,254,45
109000094,750,5,745
109000095,119,315,-196
109000096,906,258,648
109000097,108,106,2
109000098,55,154,-99
109000099,880,276,604
109000100,241,545,-304
109000101,2084,506,1578
109000102,444,705,-261
109000103,556,481,75
109000104,2133,473,1660
109000105,443,787,-344
109000106,2130,714,1416
109000107,614,1216,-602
109000108,2117,655,1462
109000109,547,1052,-505
109000110,1389,567,822
109000111,792,1483,-691
109000112,348,111,237
109000113,325,120,205
109000114,195,252,-57
109000115,1042,28,1014
109000116,6,250,-244
109000117,315,47,268
109000118,16,276,-260
109000119,1691,153,1538
109000120,225,474,-249
109000121,769,30,739
109000122,169,453,-284
109000123,22,45,-23
109000124,834,319,515
109000125,940,239,701
109000126,426,501,-75
109000127,1306,176,1130
109000128,609,804,-195
109000129,3144,855,2289
109000130,567,924,-357
109000131,1072,810,262
109000132,774,1283,-509
109000133,342,704,-362
109000134,808,1070,-262
109000135,855,1485,-630
109000136,272,251,21
109000137,391,350,41
109000138,558,256,302
109000139,624,368,256
109000140,216,278,-62
109000141,598,375,223
109000142,160,485,-325
109000143,105,75,30
109000145,111,212,-101
109000146,47,95,-48
109000148,2296,2216,80
109000149,17,69,-52
109000150,82,306,-224
109000155,1120,626,494
109000156,867,525,342
109000158,241,292,-51
109000159,163,451,-288
109000160,1069,210,859
109000161,380,636,-256
109000162,2141,585,1556
109000163,1310,1224,86
109000164,1343,1813,-470
109000165,1433,395,1038
109000166,957,98,859
109000167,129,371,-242
109000170,38,42,-4
109000171,112,50,62
109000172,39,70,-31
109000173,21,100,-79
109000174,128,53,75
109000175,68,59,9
109000176,348,161,187
109000177,56,89,-33
109000178,460,120,340
109000179,3097,5986,-2889
109000180,3940,4017,-77
109000181,33,14,19
109000182,49,25,24
109000183,49,12,37
109000184,34,13,21
109000185,27,24,3
109000188,541,1125,-584
109000189,2388,844,1544
109000190,726,398,328
109000191,395,325,70
109000192,570,123,447
109000193,208,174,34
109000194,363,75,288
109000195,194,218,-24
109000196,361,92,269
109000197,238,261,-23
109000198,448,54,394
109000199,100,347,-247
109000206,259,27,232
109000207,195,29,166
109000208,156,98,58
109000209,238,106,132
109000210,228,462,-234
109000211,807,404,403
109000214,502,201,301
109000215,176,85,91
109000216,302,321,-19
109000217,228,168,60
109000218,328,241,87
109000221,521,792,-271
109000222,1055,294,761
109000223,495,376,119
109000224,28,63,-35
109000225,95,26,69
109000226,60,138,-78
109000227,1519,685,834
109000228,9,2138,-2129
109000231,2,195,-193
109000232,463,226,237
109000236,312,607,-295
109000241,2260,1581,679
109000242,2060,924,1136
109000293,50,72,-22
109000361,111,205,-94
109000364,220,469,-249
109000396,2,337,-335
109000397,843,15,828
109000399,122,300,-178
109000400,92,172,-80
109000403,90,1082,-992
109000406,287,2,285
109000407,288,158,130
109000408,0,250,-250
109000410,1246,185,1061
109000411,172,15,157
109900001,141,1,140
109900002,1234,39,1195
109900003,349,1,348
109900004,660,104,556
109900005,41,5,36
109900006,586,151,435
109900007,1027,254,773
109900008,1,20,-19
109900009,173,312,-139
109900010,650,20,630
109900011,118,68,50
109900012,374,246,128
109900013,480,232,248
109900014,446,66,380
109900015,471,269,202
109900016,179,31,148
109900017,275,279,-4
109900018,244,41,203
109900019,314,58,256
109900020,45,62,-17
109900021,59,26,33
109900022,83,209,-126
109900023,26,9,17
109900024,47,7,40
109900025,24,52,-28
109900026,6,139,-133
109900027,29,26,3
109900028,677,1275,-598
109900029,7,189,-182
109900030,46,15,31
109900031,1,312,-311
109900032,19,278,-259
109900033,3,515,-512
109900034,61,2,59
109900035,28,49,-21
109900036,41,37,4
109900037,37,313,-276
109900038,93,275,-182
109900039,19,0,19
109900040,33,304,-271
109900041,60,278,-218
109900042,32,450,-418
109900044,79,186,-107
109900045,194,216,-22
109900046,26,54,-28
109900047,259,291,-32
109900048,4,62,-58
109900049,22,45,-23
109900050,0,99,-99
109900051,0,41,-41
109900052,121,318,-197
109900053,2,146,-144
109900054,1099,262,837
109900055,118,239,-121
109900056,20,222,-202
109900057,10,102,-92
109900058,2,43,-41
109900059,1174,119,1055
109900060,669,110,559
109900061,54,197,-143
109900062,2,80,-78
109900063,2,417,-415
109900064,632,190,442
109900065,58,115,-57
109900066,353,525,-172
109900067,2,117,-115
109900068,94,17,77
109900069,2,35,-33
109900070,42,239,-197
109900071,6,30,-24
109900072,16,130,-114
109900073,640,348,292
109900074,8,19,-11
109900075,21,59,-38
109900076,13,141,-128
109900077,46,37,9
109900078,78,199,-121
109900080,140,220,-80
109900081,31,245,-214
109900082,83,260,-177
109900083,18,58,-40
109900084,86,97,-11
109900085,248,442,-194
109900086,142,562,-420
109900087,289,446,-157
109900089,803,199,604
109900090,567,891,-324
109900091,510,101,409
109900092,422,33,389
109900093,1202,197,1005
109900094,108,96,12
109900095,102,219,-117
109900096,31,10,21
109900097,154,1,153
109900098,555,65,490
109900099,235,3,232
109900100,52,1,51
109900101,728,18,710
109900102,569,27,542
109900103,58,38,20
109900104,849,325,524
109900105,534,25,509
109900106,453,57,396
109900107,691,69,622
109900108,94,204,-110
109900109,56,202,-146
109900110,85,296,-211
109900111,361,656,-295
109900112,278,330,-52
109900113,1071,673,398
109900114,1492,1241,251
109900115,265,96,169
109900117,1298,118,1180
109900118,191,355,-164
109900119,682,296,386
109900120,102,39,63
109900121,420,476,-56
109900122,577,15,562
109900123,24,143,-119
109900124,68,226,-158
109900125,2,194,-192
109900126,437,68,369
109900128,445,44,401
109900130,4164,3503,661
109900131,57,155,-98
109900132,39,93,-54
109900133,118,174,-56
109900134,60,90,-30
109900135,286,52,234
109900136,46,100,-54
109900137,187,176,11
109900138,532,201,331
109900140,221,100,121
109900142,1598,303,1295
109900145,9,554,-545
109900146,433,56,377
109900148,47,78,-31
109900149,38,53,-15
109900150,35,64,-29
109900151,20,25,-5
109900152,1,42,-41
109900153,3,58,-55
109900154,126,2,124
109900155,51,41,10
109900157,68,212,-144
109900158,51,112,-61
109900159,149,48,101
109900160,221,40,181
109900161,284,79,205
109900162,214,115,99
109900163,784,357,427
109900164,83,186,-103
109900165,323,6,317
109900166,9,108,-99
109900167,157,373,-216
109900168,219,510,-291
109900169,259,122,137
109900170,226,1034,-808
109900171,323,97,226
109900172,348,326,22
109900173,1689,2606,-917
109900174,47,97,-50
109900175,85,67,18
109900176,181,114,67
109900177,66,156,-90
109900178,20,160,-140
109900179,34,14,20
109900180,10,17,-7
110000001,755,465,290
110000002,652,742,-90
110000003,828,651,177
110000004,471,611,-140
110000005,391,1978,-1587
110000006,245,336,-91
110000007,133,98,35
110000008,16,99,-83
110000009,51,17,34
110000010,43,81,-38
110000011,41,52,-11
110000012,501,263,238
110000013,52,536,-484
110000014,374,327,47
110000015,181,522,-341
110000016,205,1543,-1338
110000017,2441,271,2170
110000018,1968,359,1609
110000019,12,69,-57
110000020,491,198,293
110000021,296,361,-65
110000022,1254,251,1003
110000023,10,104,-94
110000024,558,328,230
110000025,662,8,654
110000026,29,248,-219
110000027,1290,888,402
110000028,1043,513,530
110000029,399,418,-19
110000030,359,327,32
110000031,276,332,-56
110000032,836,277,559
110000033,370,177,193
110000034,694,433,261
110000035,792,379,413
110000036,1067,414,653
110000037,247,368,-121
110000038,296,565,-269
110000039,828,3601,-2773
110000040,286,250,36
110000041,322,1718,-1396
110000042,99,364,-265
110000043,919,222,697
110000044,74,477,-403
110000045,464,90,374
110000046,5,25,-20
110000047,18,53,-35
110000048,5,19,-14
110000049,28,14,14
110000050,14,17,-3
110000051,55,18,37
110000052,40,48,-8
110000053,51,5,46
110000054,180,377,-197
110000055,346,83,263
110000056,93,118,-25
110000057,352,476,-124
110000058,1035,422,613
110000059,951,413,538
110000060,1041,1029,12
110000061,780,716,64
110000062,629,831,-202
110000063,53,192,-139
110000064,90,65,25
110000065,130,113,17
110000066,129,16,113
110000067,109,129,-20
110000068,370,89,281
110000069,411,58,353
110000071,316,88,228
110000073,20,17,3
110000075,17,51,-34
110000076,358,500,-142
110000077,349,1329,-980
110000078,46,27,19
110000080,235,470,-235
110000081,115,214,-99
110000082,41,355,-314
110000083,223,416,-193
110000084,1396,990,406
110000085,1052,1248,-196
110000086,1167,2382,-1215
110000087,31,42,-11
110000088,191,227,-36
110000089,273,81,192
110000090,125,214,-89
110000091,732,175,557
110000092,17,56,-39
110000093,37,16,21
110000094,452,190,262
110000095,179,650,-471
110000096,1365,1764,-399
110000097,1108,1744,-636
110000098,1842,668,1174
110000099,655,1513,-858
110000100,1249,277,972
110000101,26,205,-179
110000102,95,30,65
110000104,362,160,202
110000105,48,243,-195
110000106,596,585,11
110000107,245,272,-27
110000108,124,138,-14
110000109,190,300,-110
110000110,1985,5126,-3141
110000111,3944,3526,418
110000112,696,1419,-723
110000113,209,2469,-2260
110000114,297,682,-385
110000115,541,267,274
110000116,65,51,14
110000117,285,173,112
110000118,569,125,444
110000119,332,225,107
110000120,450,133,317
110000121,85,407,-322
110000122,532,496,36
110000123,698,760,-62
110000124,2,663,-661
110000125,1063,8,1055
110000126,325,32,293
110000127,1263,67,1196
110000128,56,989,-933
110000129,5,453,-448
110000130,290,230,60
110000131,82,200,-118
110000132,2,442,-440
110000133,38,372,-334
110000134,26,309,-283
110000135,117,32,85
110000136,96,189,-93
110000137,659,458,201
110000138,888,440,448
110000139,1141,761,380
110000140,662,741,-79
110000143,555,314,241
110000144,4563,1899,2664
110000145,2159,1377,782
110000146,2505,1220,1285
110000147,781,749,32
110000148,654,206,448
110000151,1156,1244,-88
110000152,929,468,461
110000153,216,22,194
110000154,65,51,14
110000155,1391,3932,-2541
110000156,1168,2538,-1370
110000157,2470,2412,58
110000160,385,235,150
110000161,182,201,-19
110000166,684,99,585
110000167,983,564,419
110000168,1174,576,598
110000169,987,369,618
110000170,197,62,135
110000171,582,146,436
110000172,206,685,-479
110000173,886,756,130
110000174,162,578,-416
110000175,948,67,881
110000176,69,385,-316
110000177,267,970,-703
110000178,395,1568,-1173
110000179,878,324,554
110000180,229,233,-4
110000181,626,405,221
110000182,254,119,135
110000183,5812,7522,-1710
110000184,273,2565,-2292
110000185,907,813,94
110000186,690,695,-5
110000191,1431,203,1228
110000192,783,19,764
110000193,1333,17,1316
110000194,14,651,-637
110000195,556,183,373
110000196,480,185,295
110000197,169,120,49
110000198,124,74,50
110000199,65,131,-66
110000200,837,379,458
110000201,835,1116,-281
110000202,1422,660,762
110000203,608,483,125
110000204,7,162,-155
110000205,272,45,227
110000206,555,833,-278
110000207,1624,322,1302
110000208,208,280,-72
110000209,138,632,-494
110000210,1438,337,1101
110000211,722,457,265
110000212,466,1079,-613
110000213,349,52,297
110000214,425,66,359
110000215,184,254,-70
110000216,171,217,-46
110000217,507,129,378
110000218,244,201,43
110000219,547,46,501
110000220,59,159,-100
110000221,457,31,426
110000222,75,157,-82
110000223,4,170,-166
110000224,37,10,27
110000225,317,716,-399
110000226,233,54,179
110000227,1033,1041,-8
110000228,254,160,94
110000229,0,178,-178
110000230,449,388,61
110000231,170,207,-37
110000232,434,208,226
110000233,407,247,160
110000234,647,1675,-1028
110000235,958,1109,-151
110000236,670,419,251
110000237,1920,1059,861
110000238,1218,1110,108
110000239,1944,994,950
110000240,0,44,-44
110000242,2,22,-20
110000243,131,87,44
110000244,168,278,-110
110000245,32,293,-261
110000246,938,388,550
110000247,1037,3170,-2133
110000248,1563,1062,501
110000249,90,24,66
110000250,60,123,-63
110000251,476,309,167
110000252,302,150,152
110000253,1642,615,1027
110000254,593,773,-180
110000255,235,706,-471
110000256,548,359,189
110000257,589,292,297
110000258,6,275,-269
110000259,245,21,224
110000260,40,124,-84
110000263,485,85,400
110000264,403,265,138
110000265,1001,2035,-1034
110000266,1620,2896,-1276
110000267,49,139,-90
110000268,378,438,-60
110000269,12,82,-70
110000270,86,9,77
110000271,884,292,592
110000272,1192,980,212
110000273,2449,1523,926
110000274,156,1825,-1669
110000275,1411,610,801
110000276,371,372,-1
110000277,372,268,104
110000278,383,558,-175
110000279,808,657,151
110000280,579,351,228
110000281,76,361,-285
110000282,245,26,219
110000283,69,159,-90
110000284,24,46,-22
110000285,4,904,-900
110000286,17,1,16
110000287,101,6,95
110000288,7,88,-81
110000289,460,2255,-1795
110000290,600,605,-5
110000291,3096,1228,1868
110000292,1359,5110,-3751
110000293,684,566,118
110000294,1397,1101,296
110000295,218,624,-406
110000296,657,302,355
110000297,2406,317,2089
110000298,119,372,-253
110000299,133,86,47
110000301,287,39,248
110000302,283,591,-308
110000303,419,8,411
110000304,106,178,-72
110000305,1488,25,1463
110000306,161,904,-743
110000307,2005,8,1997
110000308,726,10,716
110000309,3,591,-588
110000310,819,65,754
110000311,18,504,-486
110000312,534,131,403
110000313,2104,2232,-128
110000314,2,185,-183
110000315,2505,2730,-225
110000316,430,1099,-669
110000317,280,517,-237
110000318,15,71,-56
110000319,11,26,-15
110000320,79,95,-16
110000321,41,37,4
110000322,320,255,65
110000323,578,123,455
110000324,2428,1467,961
110000325,2102,3422,-1320
110000327,488,292,196
110000328,148,353,-205
110000333,1032,789,243
110000334,804,1186,-382
110000335,847,438,409
110000336,753,779,-26
110000337,1535,571,964
110000338,558,207,351
110000339,406,232,174
110000340,52,173,-121
110000341,613,360,253
110000342,267,3,264
110000343,0,27,-27
110000344,169,177,-8
110000345,236,155,81
110000346,1922,1594,328
110000347,1101,627,474
110000348,15,22,-7
110000349,12,14,-2
110000350,75,9,66
110000351,1319,747,572
110000352,685,1233,-548
110000353,1999,545,1454
110000354,916,2878,-1962
110000355,198,78,120
110000356,1368,29,1339
110000357,571,22,549
110000361,60,41,19
110000362,124,36,88
110000363,588,73,515
110000364,316,336,-20
110000365,196,1,195
110000366,2,103,-101
110000367,403,136,267
110000368,5,59,-54
110000369,98,5,93
110000373,4,210,-206
110000374,109,19,90
110000375,106,896,-790
110000376,51,48,3
110000377,75,424,-349
110000378,30,432,-402
110000379,1961,1953,8
110000380,74,12,62
110000383,3,1327,-1324
110000384,1293,1141,152
110000385,2,209,-207
110000387,131,7,124
110000388,47,146,-99
110000389,894,8,886
110000391,806,163,643
110000396,190,91,99
110000397,192,118,74
110000398,7,20,-13
110000399,158,10,148
110000587,195,78,117
110000589,243,89,154
110000640,146,33,113
110000652,20,213,-193
110000653,385,320,65
110000654,51,771,-720
110000656,0,266,-266
110000674,24,26,-2
110000675,23,9,14
110000676,10,45,-35
110000679,197,1425,-1228
110000682,93,231,-138
110000683,220,418,-198
110000684,4,32,-28
110000685,10,18,-8
110000686,7,43,-36
110000687,27,8,19
110000688,51,1185,-1134
110000689,46,27,19
110000692,28,140,-112
110000693,57,194,-137
110000694,0,122,-122
110000695,262,582,-320
110000696,71,64,7
110900001,324,29,295
110900002,591,234,357
110900003,1205,301,904
110900004,638,119,519
110900005,1791,2921,-1130
110900006,58,29,29
110900007,236,48,188
110900008,5,29,-24
110900009,478,278,200
110900010,29,59,-30
110900011,26,59,-33
110900012,73,84,-11
110900013,1083,141,942
110900014,293,13,280
110900015,460,741,-281
110900016,131,101,30
110900017,555,42,513
110900018,533,55,478
110900019,366,32,334
110900020,219,152,67
110900021,113,316,-203
110900022,78,190,-112
110900023,116,384,-268
110900024,29,173,-144
110900025,6,42,-36
110900027,52,183,-131
110900028,45,105,-60
110900029,18,200,-182
110900030,67,148,-81
110900031,2,135,-133
110900032,1,74,-73
110900033,50,177,-127
110900035,29,449,-420
110900036,141,34,107
110900037,69,30,39
110900038,689,173,516
110900039,9,269,-260
110900040,278,35,243
110900041,28,70,-42
110900042,181,65,116
110900043,2,57,-55
110900044,197,23,174
110900045,90,257,-167
110900046,39,103,-64
110900047,340,404,-64
110900049,163,133,30
110900050,48,12,36
110900051,44,168,-124
110900052,2,129,-127
110900053,110,43,67
110900054,46,107,-61
110900055,32,10,22
110900056,47,124,-77
110900057,6,81,-75
110900058,314,145,169
110900059,493,375,118
110900060,566,183,383
110900061,26,61,-35
110900062,215,184,31
110900063,67,117,-50
110900064,22,0,22
110900065,203,153,50
110900066,21,87,-66
110900067,253,630,-377
110900068,232,180,52
110900069,7,34,-27
110900070,115,30,85
110900071,233,927,-694
110900073,1,20,-19
110900074,445,113,332
110900075,559,105,454
110900077,1167,478,689
110900078,115,36,79
110900079,1598,1330,268
110900080,160,57,103
110900081,23,38,-15
110900082,191,93,98
110900083,140,78,62
110900084,89,49,40
110900085,60,212,-152
110900086,80,503,-423
110900087,466,76,390
110900088,9,2,7
110900090,67,66,1
110900091,7,32,-25
110900093,242,101,141
110900095,53,41,12
110900097,22,11,11
110900098,54,65,-11
110900099,93,273,-180
110900100,0,19,-19
110900102,94,21,73
110900105,886,199,687
110900108,23,54,-31
110900111,443,122,321
110900112,975,9,966
110900113,309,64,245
110900115,6,58,-52
110900116,1003,960,43
110900118,125,4119,-3994
110900119,1858,288,1570
110900120,60,57,3
110900121,218,1,217
110900122,652,168,484
110900125,472,492,-20
110900127,647,1436,-789
110900128,293,300,-7
110900129,319,1099,-780
110900130,696,688,8
110900131,269,41,228
110900132,557,144,413
110900133,97,105,-8
110900135,85,253,-168
110900136,427,21,406
110900137,42,2,40
110900138,532,484,48
110900139,12,119,-107
110900140,31,4,27
110900141,4,151,-147
110900142,100,108,-8
110900143,226,104,122
110900144,3,399,-396
110900145,172,68,104
110900146,182,252,-70
110900147,98,264,-166
110900148,9,224,-215
110900149,7,60,-53
110900150,132,32,100
110900151,11,51,-40
110900152,48,107,-59
110900153,195,87,108
111000001,465,237,228
111000002,353,458,-105
111000003,1228,689,539
111000004,383,627,-244
111000005,1198,1129,69
111000006,817,1555,-738
111000007,4545,2928,1617
111000008,1596,3014,-1418
111000009,382,657,-275
111000010,1010,257,753
111000011,309,953,-644
111000012,488,454,34
111000013,381,947,-566
111000014,1345,452,893
111000017,158,903,-745
111000018,227,354,-127
111000020,1036,1657,-621
111000021,73,117,-44
111000023,103,121,-18
111000025,4138,4552,-414
111000029,108,99,9
111000030,64,87,-23
111000031,2003,1362,641
111000032,565,302,263
111000033,237,280,-43
111000034,93,241,-148
111000037,1090,528,562
111000038,3260,1896,1364
111000039,1806,1766,40
111000040,1791,1786,5
111000041,1276,1298,-22
111000042,1976,1911,65
111000043,1985,4243,-2258
111000044,1903,1302,601
111000045,2909,2507,402
111000046,1865,1668,197
111000047,3105,4691,-1586
111000049,493,481,12
111000050,1101,863,238
111000051,594,795,-201
111000052,605,1255,-650
111000053,448,713,-265
111000054,440,700,-260
111000055,1061,1271,-210
111000056,183,350,-167
111000057,126,311,-185
111000058,532,75,457
111000059,746,275,471
111000060,4328,910,3418
111000061,758,301,457
111000062,1053,398,655
111000063,1937,1210,727
111000064,913,540,373
111000065,1368,967,401
111000066,581,403,178
111000067,709,414,295
111000068,779,746,33
111000069,1756,1711,45
111000070,845,743,102
111000071,136,388,-252
111000072,1311,499,812
111000073,323,919,-596
111000074,1517,1633,-116
111000075,982,537,445
111000076,612,508,104
111000077,1870,1584,286
111000078,3002,1259,1743
111000079,1275,601,674
111000080,518,559,-41
111000081,1394,3848,-2454
111000082,712,484,228
111000084,849,490,359
111000085,805,849,-44
111000086,1940,831,1109
111000087,709,371,338
111000088,4326,2937,1389
111000089,751,705,46
111000090,657,1228,-571
111000091,874,322,552
111000092,1650,643,1007
111000093,864,1160,-296
111000094,1980,962,1018
111000095,743,2234,-1491
111000096,1381,7955,-6574
111000097,3717,1351,2366
111000098,689,829,-140
111000099,586,1318,-732
111000100,474,902,-428
111000101,370,567,-197
111000102,418,513,-95
111000104,771,184,587
111000107,168,718,-550
111000109,1099,264,835
111000110,1642,654,988
111000111,3137,462,2675
111000112,2366,580,1786
111000113,899,1613,-714
111000114,1653,3611,-1958
111000115,3738,1354,2384
111000116,977,831,146
111000117,371,843,-472
111000118,1208,701,507
111000119,1339,697,642
111000120,536,538,-2
111000121,310,727,-417
111000122,556,877,-321
111000123,1049,1624,-575
111000124,502,1581,-1079
111000125,294,845,-551
111000126,128,574,-446
111000127,1123,111,1012
111000128,2390,301,2089
111000129,3209,470,2739
111000130,2999,580,2419
111000131,2447,532,1915
111000132,2051,1160,891
111000133,209,111,98
111000134,149,85,64
111000135,83,162,-79
111000136,408,247,161
111000138,29,3,26
111000140,1,6,-5
111000141,234,433,-199
111000142,19,208,-189
111000143,9,335,-326
111000144,37,1810,-1773
111000145,383,17,366
111000146,126,15,111
111000147,145,17,128
111000148,153,130,23
111000149,7,21,-14
111000150,21,5,16
111000151,4,17,-13
111000153,541,820,-279
111000154,518,212,306
111000155,92,188,-96
111000156,576,646,-70
111000157,231,1073,-842
111000158,737,793,-56
111000159,2733,881,1852
111000160,621,363,258
111000161,8,391,-383
111000162,35,118,-83
111000163,848,633,215
111000164,605,2372,-1767
111000165,740,381,359
111000166,1298,299,999
111000167,143,349,-206
111000168,208,358,-150
111000169,322,564,-242
111000170,356,330,26
111000171,406,439,-33
111000172,158,248,-90
111000173,399,406,-7
111000174,308,183,125
111000175,35,298,-263
111000176,370,114,256
111000177,460,164,296
111000178,1934,210,1724
111000179,259,104,155
111000180,386,417,-31
111000181,1832,215,1617
111000182,268,195,73
111000183,329,253,76
111000184,392,199,193
111000185,393,336,57
111000186,317,228,89
111000187,129,142,-13
111000188,309,324,-15
111000189,751,445,306
111000190,235,209,26
111000191,201,207,-6
111000192,224,357,-133
111000193,299,190,109
111000194,66,236,-170
111000195,185,227,-42
111000196,94,127,-33
111000197,477,97,380
111000198,746,56,690
111000199,299,106,193
111000200,583,246,337
111000201,912,192,720
111000202,363,187,176
111000203,505,321,184
111000204,350,1519,-1169
111000213,207,392,-185
111000214,1344,986,358
111000215,975,936,39
111000217,1696,890,806
111000218,1356,1113,243
111000219,375,211,164
111000220,896,578,318
111000221,467,112,355
111000224,3,193,-190
111000225,366,149,217
111000226,81,2,79
111000227,23,2,21
111000228,42,515,-473
111000229,45,1267,-1222
111000230,216,187,29
111000231,1112,372,740
111000232,588,712,-124
111000233,1463,480,983
111000234,194,472,-278
111000239,94,145,-51
111000240,97,277,-180
111000241,52,237,-185
111000242,287,66,221
111000243,150,324,-174
111000244,711,64,647
111000245,1080,222,858
111000246,848,194,654
111000247,535,565,-30
111000248,810,323,487
111000249,473,452,21
111000250,79,87,-8
111000251,59,95,-36
111000253,11,18,-7
111000255,53,6,47
111000257,63,18,45
111000260,91,1103,-1012
111000261,1700,133,1567
111000271,46,256,-210
111000273,2257,961,1296
111000274,1251,2455,-1204
111000275,121,42,79
111000276,240,1020,-780
111000277,156,297,-141
111000278,697,228,469
111000291,787,7691,-6904
111000298,625,146,479
111000299,898,256,642
111000300,135,417,-282
111000302,406,55,351
111000303,52,133,-81
111000312,61,65,-4
111000315,0,58,-58
111000320,255,537,-282
111000321,527,161,366
111000322,418,293,125
111000323,373,29,344
111000324,360,194,166
111000325,64,71,-7
111000326,249,181,68
111000327,444,220,224
111000328,368,512,-144
111000329,1,15,-14
111000330,49,5,44
111000331,14,5,9
111000332,657,1178,-521
111000334,367,789,-422
111000335,1036,218,818
111000337,1721,257,1464
111000338,161,95,66
111000339,999,200,799
111000340,106,376,-270
111000341,1288,763,525
111000342,156,2135,-1979
111000344,1195,647,548
111000345,202,156,46
111000346,23,197,-174
111000347,238,17,221
111000350,149,122,27
111000351,126,292,-166
111000352,216,85,131
111000353,203,172,31
111000354,605,117,488
111000355,353,406,-53
111000358,218,518,-300
111000360,265,306,-41
111000361,191,150,41
111000546,1023,387,636
111000547,519,340,179
111000548,205,342,-137
111000549,388,229,159
111000550,54,1127,-1073
111000551,712,164,548
111000552,768,332,436
111000907,356,22,334
111000908,35,1,34
111000916,2237,196,2041
111000917,40,361,-321
111000918,280,356,-76
111000920,652,8,644
111000921,10,102,-92
111000922,771,204,567
111000924,34,393,-359
111000925,2870,1759,1111
111000926,964,968,-4
111000927,2477,3857,-1380
111000928,3675,2182,1493
111000929,1817,1284,533
111000930,866,1441,-575
111000931,2270,2601,-331
111000932,3369,1660,1709
111000933,3272,2657,615
111000934,1534,2510,-976
111000935,1753,919,834
111000936,1240,1457,-217
111000937,1269,1291,-22
111000938,1162,948,214
111000939,925,45,880
111000940,616,70,546
111000941,552,291,261
111000943,672,255,417
111000944,155,217,-62
111000945,93,863,-770
111001109,638,742,-104
111001110,165,383,-218
111001111,103,10,93
111001112,170,80,90
111001113,1,111,-110
111001114,787,146,641
111001115,26,751,-725
111001116,3072,4559,-1487
111001117,495,2800,-2305
111001120,152,149,3
111001121,157,125,32
111001122,251,256,-5
111001123,311,34,277
111001124,57,41,16
111900001,52,90,-38
111900002,48,452,-404
111900003,9,234,-225
111900004,40,96,-56
111900006,30,106,-76
111900007,216,11,205
111900008,381,7,374
111900009,391,143,248
111900010,264,371,-107
111900012,69,111,-42
111900013,47,50,-3
111900014,2884,5495,-2611
111900015,1,31,-30
111900016,0,51,-51
111900017,0,94,-94
111900018,189,5,184
111900019,5,145,-140
111900020,4,57,-53
111900021,38,85,-47
111900022,29,51,-22
111900023,105,72,33
111900024,1,79,-78
111900025,0,37,-37
111900026,0,45,-45
111900027,3,78,-75
111900028,1,205,-204
111900029,8,47,-39
111900030,28,285,-257
111900031,44,29,15
111900032,2,182,-180
111900033,9,46,-37
111900034,182,338,-156
111900035,99,214,-115
111900036,1,124,-123
111900038,254,407,-153
111900039,50,327,-277
111900040,4,244,-240
111900042,13,115,-102
111900043,5,189,-184
111900044,235,186,49
111900046,34,106,-72
111900048,360,311,49
111900049,28,178,-150
111900050,140,54,86
111900051,2,121,-119
111900052,242,336,-94
111900053,649,2495,-1846
111900054,205,6,199
111900055,11,214,-203
111900056,165,432,-267
111900057,198,30,168
111900058,616,287,329
111900059,1285,904,381
111900060,588,4,584
111900061,7,106,-99
111900062,75,54,21
111900063,449,287,162
111900064,100,155,-55
111900065,184,34,150
111900066,202,155,47
111900067,12,294,-282
111900068,30,71,-41
111900069,92,33,59
111900070,241,100,141
111900071,1,192,-191
111900072,58,44,14
111900073,1356,238,1118
111900074,16,187,-171
111900075,98,20,78
111900076,297,92,205
111900077,59,2,57
111900078,440,36,404
111900079,88,52,36
111900080,204,327,-123
111900081,674,268,406
111900082,219,40,179
111900083,256,23,233
111900084,208,7,201
111900085,50,144,-94
111900086,96,10,86
111900087,101,3,98
111900088,796,18,778
111900089,166,2,164
111900090,50,65,-15
111900091,395,7,388
111900092,177,1,176
111900093,628,8,620
111900094,222,2,220
111900095,439,49,390
111900096,227,3,224
111900097,91,0,91
111900098,426,2,424
111900099,115,0,115
111900100,252,6,246
111900101,177,47,130
111900102,809,337,472
111900103,91,86,5
111900104,233,80,153
111900105,273,309,-36
111900106,709,45,664
111900107,140,128,12
111900108,176,294,-118
111900109,415,572,-157
111900110,1258,494,764
111900111,183,69,114
111900112,461,4206,-3745
111900113,255,153,102
111900114,105,120,-15
111900115,13,28,-15
111900118,423,123,300
111900119,376,232,144
111900122,118,180,-62
111900123,22,26,-4
111900124,31,66,-35
111900125,759,64,695
111900126,385,5,380
111900127,4,409,-405
111900128,2,337,-335
111900129,409,2,407
111900130,343,92,251
111900131,765,1,764
111900132,26,623,-597
111900133,13,258,-245
111900134,10,141,-131
111900135,33,44,-11
111900136,93,208,-115
111900137,89,37,52
111900138,21,51,-30
111900139,20,72,-52
111900140,138,26,112
111900141,108,7,101
111900142,132,35,97
111900143,75,121,-46
111900144,0,51,-51
111900145,0,269,-269
111900146,2,117,-115
111900147,125,280,-155
111900148,11,393,-382
111900149,9,189,-180
111900150,11,122,-111
111900151,3,20,-17
111900152,98,131,-33
111900153,859,824,35
111900154,29,471,-442
111900155,77,152,-75
111900156,95,120,-25
111900157,228,36,192
111900158,674,115,559
111900159,395,32,363
111900160,561,2,559
111900161,313,4,309
111900162,190,207,-17
111900163,58,163,-105
111900164,119,95,24
111901113,866,166,700
111901114,317,176,141
111901115,127,6,121
111901116,52,0,52
111901117,49,43,6
111901118,44,384,-340
111901119,434,75,359
111901120,90,131,-41
111901121,137,120,17
111901122,17,313,-296
111901123,386,220,166
111901124,318,2,316
111901125,575,181,394
111901126,225,131,94
111901127,345,927,-582
111901128,10,61,-51
111901129,10,112,-102
111901130,7,118,-111
111901131,4,214,-210
111901132,112,36,76
111901133,74,2,72
111901134,174,11,163
111901135,40,11,29
111901136,37,79,-42
111901137,2,42,-40
111901138,220,35,185
111901139,73,26,47
111901140,14,56,-42
111901141,5,109,-104
111901142,7,82,-75
111901143,4,81,-77
111901144,66,62,4
111901145,81,284,-203
111901146,265,30,235
112000001,2106,659,1447
112000002,603,1706,-1103
112000003,2125,1023,1102
112000004,745,427,318
112000005,3737,3903,-166
112000006,1559,1051,508
112000007,4438,2735,1703
112000008,2492,3896,-1404
112000009,2279,1822,457
112000010,3574,3785,-211
112000011,1229,1115,114
112000012,3975,5297,-1322
112000013,2608,2968,-360
112000014,2128,2914,-786
112000015,3122,3295,-173
112000016,3626,2162,1464
112000017,1426,3563,-2137
112000024,1841,674,1167
112000026,2123,2273,-150
112000027,932,738,194
112000028,673,1100,-427
112000029,871,937,-66
112000030,129,51,78
112000031,1630,5259,-3629
112000032,219,39,180
112000033,1625,2756,-1131
112000034,223,65,158
112000035,59,520,-461
112000036,504,1158,-654
112000037,826,734,92
112000038,1288,1188,100
112000039,94,60,34
112000040,38,191,-153
112000041,414,369,45
112000042,770,421,349
112000050,1308,1176,132
112000051,1346,1683,-337
112000054,1483,1218,265
112000057,561,338,223
112000058,279,531,-252
112000059,514,772,-258
112000061,2143,1460,683
112000062,1200,1215,-15
112000063,643,2734,-2091
112000064,2848,4221,-1373
112000065,1081,1825,-744
112000066,3710,1677,2033
112000067,576,570,6
112000068,3420,2831,589
112000069,542,1508,-966
112000070,2637,927,1710
112000071,1109,2045,-936
112000072,3031,939,2092
112000073,1656,2007,-351
112000074,1670,1222,448
112000075,1508,1148,360
112000076,3565,2222,1343
112000077,782,356,426
112000078,1941,545,1396
112000079,1529,1289,240
112000080,849,618,231
112000081,1232,2060,-828
112000082,1416,679,737
112000083,584,921,-337
112000084,1489,544,945
112000085,1318,770,548
112000086,1709,911,798
112000087,609,265,344
112000088,947,305,642
112000089,370,264,106
112000090,253,220,33
112000091,516,618,-102
112000092,2302,973,1329
112000093,1506,667,839
112000094,813,697,116
112000095,713,684,29
112000096,664,531,133
112000097,1743,757,986
112000098,940,641,299
112000099,936,1953,-1017
112000100,2460,794,1666
112000101,656,642,14
112000102,2116,442,1674
112000103,451,725,-274
112000105,531,843,-312
112000106,2170,341,1829
112000107,44,218,-174
112000108,241,1115,-874
112000109,97,92,5
112000110,1985,581,1404
112000111,802,2805,-2003
112000112,3365,645,2720
112000113,866,1383,-517
112000114,2614,925,1689
112000115,360,421,-61
112000116,876,994,-118
112000117,1086,687,399
112000118,982,630,352
112000119,432,457,-25
112000120,92,239,-147
112000121,206,206,0
112000122,356,192,164
112000123,1014,173,841
112000124,562,68,494
112000125,336,332,4
112000126,422,283,139
112000127,1739,2577,-838
112000128,550,838,-288
112000129,123,77,46
112000130,233,108,125
112000131,47,205,-158
112000132,252,170,82
112000133,509,133,376
112000134,422,290,132
112000135,1632,654,978
112000136,1152,1261,-109
112000137,1736,2181,-445
112000138,1365,1285,80
112000139,795,759,36
112000140,550,1023,-473
112000141,1198,409,789
112000142,153,329,-176
112000143,1296,207,1089
112000144,248,739,-491
112000145,3096,605,2491
112000146,542,1128,-586
112000147,2993,1909,1084
112000148,1443,1376,67
112000149,666,414,252
112000150,281,454,-173
112000151,372,255,117
112000152,602,342,260
112000153,193,160,33
112000154,144,244,-100
112000155,168,153,15
112000157,616,593,23
112000158,396,320,76
112000159,776,326,450
112000167,477,152,325
112000169,456,527,-71
112000173,933,288,645
112000175,433,321,112
112000176,1406,1794,-388
112000177,1135,327,808
112000178,153,220,-67
112000179,286,104,182
112000180,324,267,57
112000181,1411,1470,-59
112000182,1967,992,975
112000183,25,32,-7
112000184,551,257,294
112000185,744,374,370
112000187,3982,2700,1282
112000195,174,22,152
112000196,337,3,334
112000197,281,227,54
112000198,57,276,-219
112000199,812,739,73
112000202,496,1,495
112000216,106,248,-142
112000230,133,12,121
112000231,6,141,-135
112000256,71,264,-193
112000313,46,90,-44
112000314,91,57,34
112000337,284,507,-223
112000352,242,459,-217
112000392,1296,1228,68
112000398,1664,897,767
112000399,1720,2736,-1016
112000400,1713,1382,331
112000401,2276,1569,707
112000402,4042,3831,211
112000403,1793,3418,-1625
112000404,1327,958,369
112000405,2661,2965,-304
112000406,2640,1455,1185
112000407,8910,8528,382
112000408,5869,3605,2264
112000409,1688,2512,-824
112000410,490,464,26
112000411,2607,2259,348
112000412,1398,610,788
112000413,5419,7780,-2361
112000414,96,45,51
112000415,152,43,109
112000416,3301,1368,1933
112000417,272,82,190
112000421,78,61,17
112000422,391,248,143
112000424,1379,3024,-1645
112000425,458,371,87
112000426,255,297,-42
112000427,0,12,-12
112000428,347,203,144
112000429,2022,1803,219
112000430,2634,2579,55
112000431,96,142,-46
112000432,675,589,86
112000433,295,712,-417
112000437,77,105,-28
112900001,177,0,177
112900002,710,607,103
112900003,127,230,-103
112900004,77,169,-92
112900005,383,132,251
112900006,18,225,-207
112900007,103,159,-56
112900008,2,23,-21
112900009,474,187,287
112900010,557,647,-90
112900011,98,143,-45
112900012,3,41,-38
112900013,9,249,-240
112900014,15,245,-230
112900015,331,598,-267
112900016,6,191,-185
112900017,78,164,-86
112900018,0,114,-114
112900019,44,194,-150
112900020,392,955,-563
112900021,2,197,-195
112900022,22,68,-46
112900023,1,78,-77
112900024,10,192,-182
112900025,109,228,-119
112900026,5,131,-126
112900027,4,514,-510
112900028,17,125,-108
112900029,23,432,-409
112900030,56,81,-25
112900031,3,251,-248
112900032,210,203,7
112900034,1,55,-54
112900035,4,255,-251
112900036,36,125,-89
112900037,196,209,-13
112900038,775,155,620
112900039,8,189,-181
112900040,6,526,-520
112900041,612,1515,-903
112900042,65,208,-143
112900043,94,54,40
112900044,500,410,90
112900045,168,306,-138
112900046,182,81,101
112900047,11,38,-27
112900049,418,91,327
112900050,43,418,-375
112900051,237,456,-219
112900052,14,497,-483
112900053,236,144,92
112900054,190,60,130
112900055,106,43,63
112900056,471,267,204
112900057,44,344,-300
112900058,356,472,-116
112900059,167,198,-31
112900060,31,131,-100
112900061,122,86,36
112900062,73,91,-18
112900063,82,22,60
112900064,181,223,-42
112900065,36,74,-38
112900066,369,308,61
112900067,252,136,116
112900068,78,69,9
112900069,1206,1028,178
112900071,61,13,48
112900072,120,2642,-2522
112900073,614,168,446
112900074,123,369,-246
112900075,963,1180,-217
112900076,91,91,0
112900078,456,642,-186
112900079,267,29,238
112900080,114,3,111
112900081,85,255,-170
112900082,704,46,658
112900083,187,142,45
112900084,263,181,82
112900085,0,9,-9
112900086,151,5,146
112900087,1099,196,903
112900088,195,29,166
112900089,1135,79,1056
112900090,138,63,75
112900091,346,7,339
112900092,169,420,-251
112900093,1531,31,1500
112900094,161,1,160
112900095,100,5,95
112900096,626,210,416
112900097,113,287,-174
112900098,458,3,455
112900099,1059,55,1004
112900100,106,1,105
112900101,471,5,466
112900102,114,8,106
112900103,227,6,221
112900104,25,0,25
112900105,22,1,21
112900106,416,133,283
112900107,15,3,12
112900108,36,2,34
112900109,173,1,172
112900110,1790,30,1760
112900111,798,6,792
112900112,521,1,520
112900113,0,9,-9
112900114,265,28,237
112900115,2005,13,1992
112900116,167,38,129
112900117,98,45,53
112900118,25,76,-51
112900119,286,7,279
112900120,700,251,449
112900121,50,128,-78
112900122,6,82,-76
112900123,165,12,153
112900124,16,70,-54
112900125,100,627,-527
112900126,156,127,29
112900127,415,168,247
112900128,259,709,-450
112900129,1,519,-518
112900130,248,124,124
112900131,36,315,-279
112900132,106,320,-214
112900133,23,886,-863
112900134,0,191,-191
112900135,86,54,32
112900136,0,31,-31
112900137,3,347,-344
112900138,2,145,-143
112900139,179,1095,-916
112900140,0,52,-52
112900141,1026,43,983
112900142,150,244,-94
112900143,30,326,-296
112900144,1,176,-175
112900145,23,430,-407
112900146,10,761,-751
112900147,1,883,-882
112900148,70,1,69
112900149,427,542,-115
112900151,15,63,-48
112900152,2805,641,2164
112900153,1528,2935,-1407
112900154,0,112,-112
112900155,263,73,190
112900156,583,701,-118
112900157,406,2,404
112900158,149,25,124
112900159,300,178,122
112900160,64,234,-170
112900161,184,48,136
112900162,31,19,12
112900163,81,66,15
112900164,53,209,-156
112900165,95,34,61
112900166,21,134,-113
112900167,6,69,-63
112900168,13,5,8
112900169,25,35,-10
112900170,461,299,162
112900172,36,35,1
112900173,234,93,141
112900174,328,47,281
112900175,146,323,-177
112900176,45,96,-51
112900177,260,88,172
112900178,839,3314,-2475
112900179,29,320,-291
112900180,2631,1009,1622
112900181,861,12,849
112900182,85,610,-525
112900183,119,363,-244
112900184,415,556,-141
112900185,218,704,-486
112900186,1040,1334,-294
112900187,166,629,-463
112900188,682,1409,-727
112900189,21,18,3
112900190,29,26,3
112900192,872,975,-103
112900193,1530,569,961
112900194,56,78,-22
112900195,1287,104,1183
112900196,284,361,-77
112900197,187,314,-127
112900199,847,352,495
112900200,709,161,548
112900201,274,103,171
112900202,629,509,120
112900203,410,227,183
112900204,869,662,207
112900205,15,7,8
112900206,46,54,-8
112900207,40,0,40
112900208,106,400,-294
112900209,343,312,31
112900210,2,12,-10
112900211,80,31,49
112900212,6,79,-73
112900213,92,16,76
112900214,24,35,-11
112900215,26,98,-72
112900216,18,44,-26
112900217,2,81,-79
112900218,130,37,93
112900219,122,4,118
112900220,5,0,5
112900221,51,152,-101
112900222,25,31,-6
112900223,1205,21,1184
112900224,567,356,211
112900225,585,277,308
112900226,226,436,-210
112900227,898,653,245
112900228,111,41,70
112900229,306,56,250
112900230,6032,4338,1694
112900232,441,441,0
112900233,56,105,-49
112900234,43,46,-3
112900235,127,26,101
112900236,453,10,443
112900237,236,139,97
112900238,10,21,-11
112900239,414,412,2
113000001,6690,4802,1888
113000002,3502,3265,237
113000003,1873,1548,325
113000004,1185,2218,-1033
113000005,1858,979,879
113000006,1059,1295,-236
113000007,2386,1102,1284
113000008,1869,1437,432
113000009,1436,677,759
113000010,1182,1030,152
113000011,809,1168,-359
113000012,2117,720,1397
113000013,979,669,310
113000014,1088,1282,-194
113000015,360,250,110
113000016,342,1003,-661
113000017,78,321,-243
113000018,339,48,291
113000019,351,228,123
113000020,478,108,370
113000021,1223,409,814
113000022,764,954,-190
113000025,117,326,-209
113000026,539,446,93
113000027,639,749,-110
113000028,819,856,-37
113000029,1095,593,502
113000030,263,626,-363
113000031,171,316,-145
113000032,294,349,-55
113000033,290,498,-208
113000034,284,324,-40
113000035,48,54,-6
113000036,20,53,-33
113000037,75,26,49
113000038,21,71,-50
113000039,70,254,-184
113000040,94,66,28
113000042,733,485,248
113000051,944,2130,-1186
113000052,1835,636,1199
113000053,600,299,301
113000054,487,657,-170
113000055,1370,442,928
113000056,1383,683,700
113000058,611,849,-238
113000059,1074,463,611
113000060,295,484,-189
113000061,496,759,-263
113000062,640,413,227
113000063,295,76,219
113000064,95,188,-93
113000065,184,494,-310
113000066,863,89,774
113000067,2924,886,2038
113000068,385,707,-322
113000069,564,583,-19
113000070,3132,968,2164
113000071,503,478,25
113000072,1057,434,623
113000073,392,1110,-718
113000074,1098,405,693
113000075,1706,794,912
113000076,572,2097,-1525
113000077,1079,793,286
113000078,564,2279,-1715
113000079,509,740,-231
113000080,526,748,-222
113000081,790,924,-134
113000082,1210,783,427
113000083,568,802,-234
113000084,1294,1114,180
113000085,891,644,247
113000086,950,1188,-238
113000087,967,871,96
113000088,2173,1349,824
113000089,913,1528,-615
113000090,286,773,-487
113000091,383,424,-41
113000094,1498,225,1273
113000095,230,632,-402
113000096,102,597,-495
113000097,1234,386,848
113000098,126,49,77
113000099,1199,488,711
113000100,114,336,-222
113000101,292,639,-347
113000102,765,622,143
113000103,1324,292,1032
113000104,512,1872,-1360
113000105,804,495,309
113000106,285,364,-79
113000107,928,710,218
113000108,575,772,-197
113000109,578,1266,-688
113000110,1914,445,1469
113000111,136,574,-438
113000112,280,262,18
113000113,1126,359,767
113000114,291,1332,-1041
113000116,647,345,302
113000117,744,108,636
113000118,61,551,-490
113000119,391,303,88
113000120,48,274,-226
113000121,839,937,-98
113000124,229,74,155
113000125,58,945,-887
113000127,1562,235,1327
113000128,617,467,150
113000129,637,774,-137
113000133,1599,1481,118
113000134,7,1333,-1326
113000135,4704,5476,-772
113000137,1350,4004,-2654
113000139,299,346,-47
113000140,69,208,-139
113000141,199,231,-32
113000142,382,1111,-729
113000143,346,163,183
113000144,291,523,-232
113000145,117,137,-20
113000146,154,55,99
113000147,243,90,153
113000148,275,135,140
113000149,160,113,47
113000150,629,286,343
113000151,79,45,34
113000152,47,102,-55
113000153,1144,580,564
113000154,760,1643,-883
113000155,373,777,-404
113000156,172,335,-163
113000157,269,641,-372
113000158,798,234,564
113000159,1060,684,376
113000160,613,787,-174
113000161,283,291,-8
113000162,1058,321,737
113000163,186,81,105
113000164,19,48,-29
113000166,230,72,158
113000167,74,59,15
113000168,99,82,17
113000169,261,47,214
113000170,108,117,-9
113000171,32,71,-39
113000172,331,80,251
113000173,83,21,62
113000174,128,262,-134
113000175,439,83,356
113000176,515,156,359
113000177,126,370,-244
113000178,189,199,-10
113000179,307,197,110
113000180,711,1012,-301
113000181,1097,598,499
113000182,165,390,-225
113000183,128,500,-372
113000184,24,115,-91
113000189,393,848,-455
113000190,584,490,94
113000192,751,3055,-2304
113000193,2520,2091,429
113000194,837,1004,-167
113000195,1521,1598,-77
113000196,240,66,174
113000197,1443,1449,-6
113000198,124,211,-87
113000199,1618,453,1165
113000201,301,311,-10
113000202,4169,1275,2894
113000203,114,146,-32
113000204,740,2590,-1850
113000205,30,32,-2
113000206,11,24,-13
113000207,102,16,86
113000208,43,49,-6
113000209,40,17,23
113000210,18,27,-9
113000211,99,218,-119
113000212,41,30,11
113000213,25,131,-106
113000214,202,224,-22
113000234,201,579,-378
113000410,139,271,-132
113000411,2103,3693,-1590
113000412,3881,2053,1828
113000413,1399,3097,-1698
113000414,3507,13351,-9844
113000415,2136,2319,-183
113000416,5222,3492,1730
113000417,2172,2688,-516
113000418,4173,4043,130
113000419,1808,2501,-693
113000420,3845,6671,-2826
113000421,4401,7728,-3327
113000422,9828,11326,-1498
113000423,1738,5740,-4002
113000424,2139,9140,-7001
113000425,2,87,-85
113000428,64,97,-33
113000430,10,413,-403
113000432,2386,181,2205
113000433,68,507,-439
113000434,28,99,-71
113000435,40,287,-247
113000436,57,673,-616
113000437,1499,42,1457
113000438,395,17,378
113000439,37,73,-36
113000440,234,43,191
113000441,377,130,247
113000442,145,115,30
113000443,484,123,361
113000444,263,122,141
113000445,172,79,93
113000446,38,90,-52
113000448,196,200,-4
113000449,153,794,-641
113000450,555,2091,-1536
113000451,1181,214,967
113000452,272,466,-194
113000453,41,491,-450
113000454,370,81,289
113000455,12,397,-385
113000456,2956,2754,202
113000468,988,123,865
113000469,116,271,-155
113000470,383,21,362
113000471,11,373,-362
113000472,132,300,-168
113000474,904,558,346
113000475,1299,1383,-84
113000476,1651,1651,0
113000477,3830,1670,2160
113000478,2950,3454,-504
113000479,91,97,-6
113000480,147,374,-227
113000485,1,0,1
113000486,5,0,5
113000487,0,0,0
113000488,2,1,1
113000489,0,6,-6
113000490,0,54,-54
113000491,16,4,12
113000492,4,4,0
113000493,0,0,0
113000495,154,121,33
113000496,124,127,-3
113000497,0,0,0
113000499,0,0,0
113000500,0,1,-1
113900001,5,286,-281
113900002,2,53,-51
113900003,0,56,-56
113900004,2,51,-49
113900005,1,79,-78
113900006,3,13,-10
113900007,82,25,57
113900008,31,0,31
113900009,46,0,46
113900010,61,0,61
113900011,58,0,58
113900012,47,2,45
113900013,139,3,136
113900014,700,7,693
113900015,0,43,-43
113900016,37,0,37
113900017,7,46,-39
113900018,311,367,-56
113900019,270,57,213
113900020,204,1,203
113900022,87,0,87
113900023,32,3,29
113900024,47,28,19
113900025,220,35,185
113900026,105,0,105
113900027,12,38,-26
113900028,36,370,-334
113900029,111,105,6
113900030,257,0,257
113900031,41,1,40
113900032,66,5,61
113900033,34,75,-41
113900035,59,2,57
113900036,49,47,2
113900037,201,369,-168
113900038,22,140,-118
113900039,187,47,140
113900040,17,23,-6
113900041,13,9,4
113900042,77,47,30
113900043,181,113,68
113900044,215,343,-128
113900045,93,2,91
113900046,273,600,-327
113900047,119,133,-14
113900048,106,213,-107
113900049,395,388,7
113900050,328,295,33
113900051,313,271,42
113900052,133,133,0
113900053,792,780,12
113900054,40,6,34
113900055,115,411,-296
113900056,63,186,-123
113900057,7,47,-40
113900058,115,59,56
113900059,249,220,29
113900060,101,206,-105
113900061,610,255,355
113900062,118,30,88
113900063,122,109,13
113900064,33,93,-60
113900065,576,27,549
113900066,522,223,299
113900067,286,182,104
113900068,626,644,-18
113900069,38,49,-11
113900070,163,401,-238
113900071,118,62,56
113900072,81,126,-45
113900073,341,295,46
113900074,193,320,-127
113900075,1290,1560,-270
113900076,201,26,175
113900077,59,130,-71
113900078,52,45,7
113900079,5,21,-16
113900080,556,231,325
113900081,70,126,-56
113900082,148,195,-47
113900083,625,226,399
113900084,192,116,76
113900085,53,176,-123
113900086,55,22,33
113900087,171,161,10
113900088,86,100,-14
113900089,393,47,346
113900090,731,424,307
113900091,17,21,-4
113900092,49,65,-16
113900093,89,910,-821
113900094,684,280,404
113900095,212,184,28
113900096,401,103,298
113900097,10,68,-58
113900098,959,128,831
113900099,0,38,-38
113900100,0,3,-3
113900101,9,87,-78
113900102,138,174,-36
113900103,361,295,66
113900104,159,193,-34
113900105,182,112,70
113900106,0,42,-42
113900107,0,12,-12
113900108,165,251,-86
113900109,354,225,129
113900110,95,32,63
113900111,223,81,142
113900112,152,78,74
113900113,1124,375,749
113900114,1,45,-44
113900115,0,59,-59
113900116,88,151,-63
113900117,117,36,81
113900118,261,609,-348
113900119,151,456,-305
113900120,116,55,61
113900121,65,61,4
113900122,415,2447,-2032
113900123,621,179,442
113900124,1,48,-47
113900125,623,141,482
113900126,157,46,111
113900127,463,935,-472
113900128,181,91,90
113900129,12,191,-179
113900130,7,110,-103
113900131,364,77,287
113900132,44,78,-34
113900133,15,67,-52
113900135,385,282,103
113900136,130,79,51
113900137,397,308,89
113900138,38,390,-352
113900139,234,337,-103
113900140,151,421,-270
113900141,741,190,551
113900142,191,71,120
113900143,11,72,-61
113900144,99,225,-126
113900145,382,111,271
113900146,219,53,166
113900148,103,410,-307
113900149,190,129,61
113900150,234,580,-346
113900151,553,170,383
113900152,99,71,28
113900153,155,697,-542
113900154,7,110,-103
113900155,168,309,-141
113900156,146,287,-141
113900157,74,338,-264
113900158,258,513,-255
113900159,25,244,-219
113900160,339,314,25
113900161,107,248,-141
113900162,271,973,-702
113900163,308,208,100
113900164,384,61,323
113900165,495,315,180
113900166,126,205,-79
113900167,324,40,284
113900168,91,77,14
113900169,189,291,-102
113900171,340,74,266
113900172,8,126,-118
113900173,51,272,-221
113900174,494,482,12
113900175,505,179,326
113900176,433,317,116
113900177,298,197,101
113900178,447,141,306
113900179,26,217,-191
113900180,183,80,103
113900181,1041,161,880
113900182,722,728,-6
113900183,67,57,10
113900184,11,267,-256
113900185,187,51,136
113900186,48,36,12
113900187,44,111,-67
113900188,48,205,-157
113900189,300,137,163
113900190,195,104,91
113900191,102,146,-44
113900192,9,855,-846
113900193,21,98,-77
113900194,1190,727,463
113900195,245,319,-74
113900196,4,134,-130
113900197,1,101,-100
113900198,42,200,-158
113900199,109,571,-462
113900200,23,200,-177
113900201,0,92,-92
113900202,38,216,-178
113900203,0,43,-43
113900204,27,356,-329
113900205,2,110,-108
113900206,8,137,-129
113900207,1,38,-37
113900208,1,33,-32
113900209,0,48,-48
113900210,401,789,-388
113900211,286,92,194
113900212,258,334,-76
113900214,317,403,-86
113900215,39,82,-43
113900216,268,575,-307
113900217,131,163,-32
113900218,193,97,96
113900219,189,325,-136
113900220,161,192,-31
113900221,400,357,43
113900222,231,643,-412
113900223,289,501,-212
113900224,53,49,4
113900225,568,194,374
113900226,512,121,391
113900227,449,253,196
113900228,285,642,-357
113900229,69,913,-844
113900230,2722,4238,-1516
113900231,193,91,102
113900232,157,75,82
113900233,174,69,105
113900234,500,492,8
113900235,145,49,96
113900236,306,197,109
113900237,325,20,305
113900238,299,634,-335
113900239,59,142,-83
113900240,8,230,-222
113900241,117,38,79
113900242,30,150,-120
113900243,72,350,-278
113900244,172,198,-26
113900245,859,318,541
113900246,24,39,-15
113900247,121,597,-476
113900248,1867,2332,-465
113900249,636,647,-11
113900250,71,174,-103
113900251,873,96,777
113900252,637,27,610
113900253,645,82,563
113900254,869,200,669
113900255,622,26,596
113900256,336,36,300
113900257,34,255,-221
113900258,37,293,-256
113900259,631,84,547
113900260,281,6,275
113900261,46,58,-12
113900262,143,325,-182
113900263,142,498,-356
113900264,5,261,-256
113900265,122,292,-170
113900266,42,110,-68
113900267,91,457,-366
113900268,365,369,-4
113900269,58,127,-69
113900270,222,538,-316
113900271,736,547,189
113900273,33,28,5
113900274,88,20,68
113900275,23,77,-54
113900276,1,92,-91
113900277,176,8,168
113900278,237,174,63
113900279,87,92,-5
113900280,1529,554,975
113900281,558,1449,-891
113900282,581,660,-79
113900283,523,590,-67
113900284,989,173,816
113900285,252,39,213
113900286,116,104,12
113900287,172,40,132
113900288,2,114,-112
113900289,559,124,435
113900290,191,469,-278
113900291,99,136,-37
113900292,6,3,3
113900293,6,144,-138
113900294,544,38,506
113900295,368,307,61
113900296,1434,391,1043
113900297,2726,58,2668
113900298,10,1109,-1099
113900299,146,99,47
113900300,3625,4257,-632
113900301,758,585,173
113900302,1860,1084,776
113900303,375,675,-300
113900304,1,99,-98
113900305,160,0,160
113900306,126,5,121
113900307,20,1,19
113900308,70,96,-26
113900309,0,369,-369
113900310,0,7,-7
113900311,12,3,9
113900312,195,269,-74
113900313,10,9,1
114000001,1162,1936,-774
114000002,385,265,120
114000003,54,235,-181
114000004,445,329,116
114000005,442,211,231
114000006,1948,1454,494
114000007,832,1213,-381
114000008,1369,2112,-743
114000009,1128,285,843
114000011,2956,1807,1149
114000012,2806,1297,1509
114000013,1855,1133,722
114000014,474,179,295
114000015,2322,276,2046
114000016,293,173,120
114000017,124,443,-319
114000018,182,23,159
114000026,2588,824,1764
114000027,4279,1812,2467
114000028,2427,2915,-488
114000038,361,131,230
114000039,79,36,43
114000040,149,232,-83
114000042,184,113,71
114000043,71,48,23
114000044,331,35,296
114000045,84,43,41
114000046,2752,3731,-979
114000047,7,56,-49
114000048,70,25,45
114000049,1690,1555,135
114000050,1864,1809,55
114000051,2966,1968,998
114000052,4097,1790,2307
114000053,152,688,-536
114000054,244,675,-431
114000055,249,30,219
114000056,476,1108,-632
114000057,3983,2086,1897
114000058,277,1795,-1518
114000059,144,391,-247
114000060,649,717,-68
114000061,2280,3497,-1217
114000062,1192,1932,-740
114000063,1451,1323,128
114000064,2998,3585,-587
114000065,1298,1827,-529
114000066,370,455,-85
114000067,29,981,-952
114000068,557,777,-220
114000069,1212,555,657
114000070,2207,1827,380
114000071,958,422,536
114000072,601,168,433
114000073,44,42,2
114000074,67,23,44
114000075,57,43,14
114000076,22,50,-28
114000077,5,20,-15
114000078,342,318,24
114000079,172,28,144
114000080,66,95,-29
114000081,88,72,16
114000082,28,278,-250
114000083,87,150,-63
114000084,424,102,322
114000085,115,451,-336
114000086,261,260,1
114000087,197,108,89
114000088,38,32,6
114000089,543,302,241
114000090,988,914,74
114000091,1445,846,599
114000092,1110,472,638
114000093,1529,760,769
114000094,321,252,69
114000095,354,157,197
114000096,113,200,-87
114000097,117,290,-173
114000098,708,84,624
114000099,944,270,674
114000100,1915,478,1437
114000101,561,346,215
114000102,670,241,429
114000103,118,213,-95
114000104,27,169,-142
114000105,228,83,145
114000106,745,1701,-956
114000107,605,144,461
114000108,829,731,98
114000109,756,1177,-421
114000110,575,906,-331
114000111,2084,910,1174
114000112,528,1200,-672
114000113,1296,697,599
114000114,1211,820,391
114000115,2154,1221,933
114000116,1024,870,154
114000117,3930,569,3361
114000118,3142,552,2590
114000119,2206,567,1639
114000120,602,500,102
114000121,425,680,-255
114000122,334,261,73
114000123,2440,329,2111
114000124,1313,245,1068
114000125,804,754,50
114000126,1896,199,1697
114000127,304,127,177
114000128,867,298,569
114000130,415,461,-46
114000131,346,116,230
114000132,686,397,289
114000133,932,1006,-74
114000134,96,55,41
114000138,47,140,-93
114000139,544,310,234
114000144,885,639,246
114000145,89,131,-42
114000146,107,145,-38
114000147,1601,2374,-773
114000148,1508,1900,-392
114000149,359,355,4
114000150,357,533,-176
114000151,645,1583,-938
114000152,140,53,87
114000153,643,1998,-1355
114000154,674,469,205
114000155,1353,2383,-1030
114000156,828,523,305
114000157,230,868,-638
114000158,1019,688,331
114000159,133,338,-205
114000160,107,356,-249
114000161,1156,3643,-2487
114000162,1092,3110,-2018
114000163,28,63,-35
114000165,756,345,411
114000166,767,436,331
114000167,2117,1302,815
114000168,535,543,-8
114000169,1470,1730,-260
114000170,912,1008,-96
114000171,1639,2705,-1066
114000174,169,369,-200
114000176,383,419,-36
114000177,1228,637,591
114000178,46,54,-8
114000179,1133,668,465
114000180,353,541,-188
114000181,2136,4291,-2155
114000182,1819,2169,-350
114000183,588,634,-46
114000184,396,743,-347
114000185,1312,705,607
114000189,1385,202,1183
114000190,3538,521,3017
114000191,77,128,-51
114000192,180,882,-702
114000193,407,1457,-1050
114000194,1204,574,630
114000195,289,48,241
114000196,2,128,-126
114000197,1707,38,1669
114000198,708,287,421
114000199,1755,1829,-74
114000200,496,1123,-627
114000201,148,589,-441
114000202,1003,413,590
114000203,536,367,169
114000204,209,379,-170
114000205,221,1008,-787
114000206,666,1129,-463
114000207,474,1101,-627
114000208,464,1477,-1013
114000209,444,1246,-802
114000210,211,683,-472
114000211,1211,1020,191
114000212,994,796,198
114000213,1491,440,1051
114000214,109,181,-72
114000215,213,79,134
114000216,1525,273,1252
114000217,432,169,263
114000218,212,162,50
114000219,1419,165,1254
114000220,17,494,-477
114000221,978,205,773
114000222,134,634,-500
114000223,645,187,458
114000224,80,443,-363
114000225,278,430,-152
114000226,260,263,-3
114000227,866,456,410
114000228,913,494,419
114000229,1344,992,352
114000230,1575,827,748
114000231,1051,1221,-170
114000232,830,151,679
114000233,2228,137,2091
114000234,1016,590,426
114000235,1136,961,175
114000236,0,292,-292
114000237,115,570,-455
114000238,109,148,-39
114000239,143,669,-526
114000240,794,693,101
114000241,230,612,-382
114000242,619,564,55
114000243,1565,742,823
114000244,447,297,150
114000245,438,555,-117
114000246,81,31,50
114000247,494,439,55
114000248,1274,504,770
114000249,568,348,220
114000250,751,609,142
114000251,551,222,329
114000252,75,41,34
114000253,68,90,-22
114000254,73,54,19
114000255,634,180,454
114000256,750,2694,-1944
114000257,336,730,-394
114000258,440,328,112
114000259,136,169,-33
114000260,0,33,-33
114000261,58,53,5
114000262,335,103,232
114000263,8,1,7
114000264,1511,344,1167
114000265,0,0,0
114000267,1,1402,-1401
114000268,1,761,-760
114000270,138,1,137
114000271,340,58,282
114000283,1615,364,1251
114000285,22,108,-86
114000288,114,253,-139
114000289,1474,87,1387
114000293,232,436,-204
114000294,173,244,-71
114000395,1313,25,1288
114000396,780,688,92
114000402,792,228,564
114000403,329,248,81
114000405,237,248,-11
114000423,401,213,188
114000424,611,144,467
114000425,1149,236,913
114000426,349,822,-473
114000427,60,87,-27
114000428,137,188,-51
114000429,14,133,-119
114000432,130,54,76
114000434,24,62,-38
114000435,15,126,-111
114000436,1480,585,895
114000437,577,4264,-3687
114900001,843,515,328
114900002,564,273,291
114900003,888,783,105
114900004,196,467,-271
114900005,719,509,210
114900006,116,105,11
114900007,433,26,407
114900008,289,102,187
114900010,1219,1829,-610
114900011,313,173,140
114900013,314,168,146
114900015,103,578,-475
114900018,1231,23,1208
114900020,269,90,179
114900022,9,474,-465
114900024,419,160,259
114900025,619,154,465
114900026,59,174,-115
114900027,331,170,161
114900029,21,22,-1
114900030,461,162,299
114900031,547,39,508
114900032,533,32,501
114900033,622,1243,-621
114900034,45,124,-79
114900035,118,230,-112
114900036,167,415,-248
114900037,170,109,61
114900038,190,320,-130
114900039,588,295,293
114900040,92,75,17
114900041,893,210,683
114900042,1002,352,650
114900043,444,225,219
114900044,179,53,126
114900046,79,114,-35
114900047,225,2485,-2260
114900048,195,194,1
114900049,9,124,-115
114900050,92,200,-108
114900051,20,287,-267
114900052,123,286,-163
114900053,156,288,-132
114900054,73,95,-22
114900057,244,17,227
114900058,0,63,-63
114900059,145,71,74
114900060,582,886,-304
114900061,193,115,78
114900062,216,263,-47
114900063,80,134,-54
114900064,2139,297,1842
114900065,546,623,-77
114900067,60,400,-340
114900068,61,127,-66
114900069,197,92,105
114900070,696,212,484
114900072,11,280,-269
114900073,4,120,-116
114900074,914,357,557
114900075,616,17,599
114900076,16,361,-345
114900080,1150,275,875
114900082,2531,2643,-112
114900083,900,1063,-163
114900090,509,288,221
114900091,130,171,-41
114900095,239,115,124
114900096,380,560,-180
114900097,182,1,181
114900098,2,146,-144
114900099,303,5,298
115000001,3890,2068,1822
115000002,3850,4650,-800
115000003,4319,1837,2482
115000004,4621,6056,-1435
115000005,1367,1562,-195
115000006,1091,1380,-289
115000007,126,177,-51
115000008,444,605,-161
115000009,244,202,42
115000010,269,182,87
115000013,54,212,-158
115000015,50,307,-257
115000016,169,360,-191
115000019,35,446,-411
115000020,96,1153,-1057
115000021,202,350,-148
115000022,544,389,155
115000023,346,762,-416
115000024,958,492,466
115000025,954,836,118
115000026,197,326,-129
115000027,330,398,-68
115000028,284,667,-383
115000029,811,99,712
115000030,985,1041,-56
115000031,1512,439,1073
115000032,11,227,-216
115000033,201,53,148
115000034,69,1203,-1134
115000035,1235,100,1135
115000036,2,331,-329
115000037,749,45,704
115000038,58,145,-87
115000039,2797,3556,-759
115000040,3316,2346,970
115000041,1446,3813,-2367
115000042,738,577,161
115000043,4124,2503,1621
115000044,3491,2568,923
115000045,2383,946,1437
115000046,2817,2148,669
115000047,2492,1180,1312
115000048,1569,1366,203
115000049,1621,2409,-788
115000050,3480,1495,1985
115000051,1592,3086,-1494
115000052,1259,1521,-262
115000053,1972,1965,7
115000054,539,912,-373
115000055,173,685,-512
115000056,188,570,-382
115000057,792,988,-196
115000058,553,378,175
115000059,250,142,108
115000061,125,151,-26
115000062,227,162,65
115000063,479,180,299
115000064,248,66,182
115000065,87,612,-525
115000067,186,24,162
115000069,106,260,-154
115000070,20,758,-738
115000071,114,18,96
115000072,10,45,-35
115000073,1583,85,1498
115000075,150,62,88
115000076,2492,2081,411
115000077,2130,1286,844
115000078,1485,889,596
115000079,1277,1099,178
115000080,2448,1360,1088
115000081,456,691,-235
115000082,4618,3475,1143
115000083,2017,1326,691
115000084,2829,1019,1810
115000085,897,672,225
115000086,1453,545,908
115000087,406,1309,-903
115000088,1827,580,1247
115000089,1141,1102,39
115000090,555,826,-271
115000091,249,643,-394
115000092,891,461,430
115000093,517,4,513
115000094,4968,6141,-1173
115000095,3480,6114,-2634
115000096,802,973,-171
115000097,1379,945,434
115000098,1358,529,829
115000099,2996,1766,1230
115000100,1347,362,985
115000101,517,1080,-563
115000102,491,253,238
115000103,261,530,-269
115000105,136,98,38
115000106,763,364,399
115000107,207,296,-89
115000108,2283,1743,540
115000109,3442,5500,-2058
115000110,1480,2082,-602
115000111,747,1330,-583
115000112,1045,1060,-15
115000113,920,950,-30
115000114,1595,704,891
115000116,3367,2611,756
115000117,3154,2936,218
115000118,2340,1896,444
115000119,1831,2229,-398
115000120,525,1546,-1021
115000121,903,826,77
115000122,1820,2012,-192
115000123,1054,2903,-1849
115000124,765,1285,-520
115000125,401,588,-187
115000126,205,288,-83
115000127,326,169,157
115000128,371,752,-381
115000129,340,456,-116
115000130,499,428,71
115000131,1090,228,862
115000132,395,219,176
115000133,641,174,467
115000134,407,229,178
115000135,290,187,103
115000136,283,209,74
115000137,69,153,-84
115000138,432,246,186
115000139,233,168,65
115000140,538,213,325
115000141,263,146,117
115000142,190,183,7
115000143,880,556,324
115000144,557,65,492
115000145,290,219,71
115000146,502,398,104
115000147,311,301,10
115000148,286,546,-260
115000149,733,247,486
115000150,679,434,245
115000151,1463,467,996
115000152,684,473,211
115000153,1270,432,838
115000154,1057,237,820
115000155,748,578,170
115000156,1046,791,255
115000157,612,643,-31
115000158,444,480,-36
115000159,580,702,-122
115000160,539,731,-192
115000161,544,443,101
115000162,600,844,-244
115000163,531,605,-74
115000164,723,544,179
115000165,281,521,-240
115000167,158,58,100
115000168,407,325,82
115000169,378,413,-35
115000170,104,156,-52
115000171,237,224,13
115000172,767,625,142
115000173,369,813,-444
115000174,85,335,-250
115000175,158,123,35
115000176,152,155,-3
115000177,206,211,-5
115000178,20,173,-153
115000179,59,46,13
115000180,168,360,-192
115000181,729,139,590
115000182,1094,244,850
115000183,489,497,-8
115000186,646,219,427
115000187,278,612,-334
115000188,395,560,-165
115000189,221,504,-283
115000190,712,509,203
115000191,178,583,-405
115000194,151,191,-40
115000195,253,292,-39
115000196,232,80,152
115000197,233,179,54
115000198,475,153,322
115000199,544,126,418
115000200,503,88,415
115000201,250,301,-51
115000206,440,80,360
115000207,240,239,1
115000208,329,461,-132
115000209,614,382,232
115000210,215,90,125
115000211,228,201,27
115000212,1157,361,796
115000224,396,81,315
115000225,60,81,-21
115000229,96,123,-27
115000230,116,283,-167
115000231,290,835,-545
115000232,2174,305,1869
115000233,121,177,-56
115000234,23,267,-244
115000241,133,178,-45
115000242,126,153,-27
115000243,40,168,-128
115000244,12,110,-98
115000246,43,30,13
115000247,17,18,-1
115000248,38,22,16
115000249,35,30,5
115000250,317,31,286
115000251,311,79,232
115000252,153,181,-28
115000253,15,428,-413
115000258,359,113,246
115000259,293,116,177
115000261,21,18,3
115000262,13,32,-19
115000263,11,19,-8
115000264,52,24,28
115000267,90,86,4
115000268,51,109,-58
115000269,149,92,57
115000270,6,23,-17
115000272,97,110,-13
115000273,582,47,535
115000280,2062,444,1618
115000281,322,993,-671
115000282,974,1330,-356
115000284,238,144,94
115000296,962,11,951
115000297,173,272,-99
115000298,61,591,-530
115000300,229,160,69
115000302,672,115,557
115000303,833,93,740
115000304,1057,70,987
115000305,114,379,-265
115000306,253,184,69
115000307,88,132,-44
115000308,28,23,5
115000309,18,108,-90
115000310,1299,523,776
115000311,1122,997,125
115000313,92,349,-257
115000314,733,112,621
115000315,551,584,-33
115000316,68,152,-84
115000317,196,378,-182
115000318,891,334,557
115000319,71,240,-169
115000320,32,411,-379
115000321,437,11,426
115000322,60,170,-110
115000449,237,185,52
115000557,3,1771,-1768
115000558,413,96,317
115000587,635,250,385
115000588,1808,1910,-102
115000589,3311,1958,1353
115000590,1158,1317,-159
115000591,1527,695,832
115000592,630,1704,-1074
115000593,1418,627,791
115000594,527,2270,-1743
115000609,163,132,31
115000617,863,3798,-2935
115000624,428,62,366
115000633,560,1694,-1134
115000634,2950,896,2054
115000635,609,102,507
115000638,459,512,-53
115000641,61,155,-94
115000642,355,248,107
115000643,151,346,-195
115000644,163,284,-121
115000646,1012,1745,-733
115000647,223,368,-145
115000648,2389,1290,1099
115000893,1644,1474,170
115000894,177,734,-557
115000895,277,519,-242
115000896,893,301,592
115000897,607,145,462
115000898,543,328,215
115000899,264,970,-706
115000900,48,240,-192
115000901,50,100,-50
115000912,443,102,341
115000913,2,10,-8
115000915,9,0,9
115000916,5,1,4
115000917,0,3,-3
115000918,46,454,-408
115000919,7,20,-13
115000920,26,50,-24
115000921,322,83,239
115000922,443,901,-458
115000923,161,880,-719
115000925,155,107,48
115000927,46,72,-26
115000933,104,179,-75
115000934,236,176,60
115000935,173,84,89
115000936,48,825,-777
115000937,366,102,264
115000938,40,151,-111
115000939,40,124,-84
115900001,149,29,120
115900002,103,117,-14
115900003,240,64,176
115900004,0,22,-22
115900005,275,8,267
115900006,209,162,47
115900008,86,7,79
115900009,87,157,-70
115900010,417,110,307
115900011,499,226,273
115900012,283,57,226
115900013,374,161,213
115900014,150,133,17
115900015,190,64,126
115900016,164,30,134
115900017,34,11,23
115900018,171,53,118
115900019,238,13,225
115900020,201,9,192
115900021,809,293,516
115900022,714,18,696
115900023,40,5,35
115900025,46,295,-249
115900026,712,160,552
115900027,1,225,-224
115900028,543,65,478
115900029,24,256,-232
115900030,39,26,13
115900031,255,432,-177
115900032,541,491,50
115900033,0,53,-53
115900034,21,222,-201
115900035,63,15,48
115900036,51,1216,-1165
115900037,61,213,-152
115900038,57,12,45
115900039,241,130,111
115900041,285,808,-523
115900042,50,12,38
115900043,119,59,60
115900044,201,300,-99
115900046,465,191,274
115900047,168,265,-97
115900049,190,171,19
115900051,3,26,-23
115900052,23,131,-108
115900053,346,122,224
115900054,339,28,311
115900055,11,83,-72
115900056,325,172,153
115900057,37,8,29
115900058,34,68,-34
115900060,313,149,164
115900061,334,3,331
115900062,52,139,-87
115900063,118,9,109
115900064,182,251,-69
115900065,155,82,73
115900066,105,87,18
115900067,9,309,-300
115900068,1795,1194,601
115900069,52,216,-164
115900070,233,74,159
115900071,1,183,-182
115900072,49,132,-83
115900073,124,137,-13
115900074,4,183,-179
115900075,27,189,-162
115900076,5,32,-27
115900077,11,148,-137
115900078,49,103,-54
115900079,336,25,311
115900080,313,165,148
115900081,26,55,-29
115900082,130,130,0
115900084,804,18,786
115900085,47,69,-22
115900086,1122,570,552
115900088,32,96,-64
115900089,435,464,-29
115900090,592,12,580
115900091,4,36,-32
115900092,48,77,-29
115900093,36,8,28
115900094,12,157,-145
115900096,12,5,7
115900097,15,203,-188
115900098,249,248,1
115900099,63,43,20
115900100,16,275,-259
115900101,218,163,55
115900102,106,44,62
115900103,325,150,175
115900104,79,92,-13
115900105,492,418,74
115900106,139,14,125
115900107,89,74,15
115900108,237,23,214
115900109,54,266,-212
115900110,0,13,-13
115900111,6,60,-54
115900112,32,591,-559
115900113,111,32,79
115900114,18,92,-74
115900115,124,205,-81
115900116,112,600,-488
115900117,112,20,92
115900118,3,169,-166
115900119,193,156,37
115900120,34,219,-185
115900121,289,179,110
115900124,336,793,-457
115900125,393,51,342
115900126,945,99,846
115900127,796,57,739
115900128,13,68,-55
115900129,919,68,851
115900130,17,205,-188
115900131,376,28,348
115900132,805,10,795
115900134,396,10,386
115900135,327,1443,-1116
115900137,45,10,35
115900139,47,114,-67
115900140,369,38,331
115900141,9,51,-42
115900142,15,23,-8
115900143,347,361,-14
115900144,133,225,-92
115900146,10,49,-39
115900147,227,319,-92
115900148,72,8,64
115900149,170,15,155
115900150,122,16,106
115900151,14,135,-121
115900152,168,230,-62
115900153,216,172,44
115900154,412,317,95
115900155,1,27,-26
115900156,816,946,-130
115900157,235,474,-239
115900158,5,13,-8
115900159,237,128,109
115900160,2,11,-9
115900161,329,164,165
115900163,277,145,132
115900164,752,15,737
115900165,3,190,-187
115900166,271,129,142
115900168,198,107,91
115900171,118,401,-283
115900172,65,134,-69
115900173,225,114,111
115900174,235,180,55
115900175,166,185,-19
115900178,5,287,-282
115900179,404,8,396
115900180,35,122,-87
115900181,237,78,159
115900182,636,98,538
115900183,58,79,-21
115900184,850,19,831
115900187,12,136,-124
115900189,1,373,-372
115900190,198,1515,-1317
115900191,43,178,-135
115900192,7,94,-87
115900193,199,131,68
115900194,812,90,722
115900195,533,2501,-1968
115900198,274,276,-2
115900199,248,147,101
115900200,237,288,-51
115900201,401,297,104
115900202,16,113,-97
115900203,9,60,-51
115900204,1,12,-11
115900205,93,10,83
115900206,277,124,153
115900207,68,18,50
115900208,149,58,91
115900209,7,102,-95
115900210,0,108,-108
115900211,3,127,-124
115900212,263,155,108
115900213,79,124,-45
115900214,621,170,451
115900215,41,180,-139
115900216,5,91,-86
115900217,4,39,-35
115900218,4,53,-49
115900219,173,6,167
115900220,309,12,297
115900221,152,14,138
115900222,92,44,48
115900223,15,503,-488
115900224,716,1650,-934
115900225,37,77,-40
115900226,14,44,-30
115900227,29,65,-36
115900228,16,51,-35
115900229,5,41,-36
115900230,52,97,-45
115900231,117,2,115
115900232,95,7,88
115900233,97,17,80
115900234,81,32,49
115900235,22,35,-13
115900236,18,33,-15
115900237,27,25,2
115900238,20,12,8
115900239,28,34,-6
115900240,21,45,-24
115900241,329,83,246
115900242,201,310,-109
115900243,16,8,8
115900244,14,12,2
115900245,68,24,44
115900246,32,17,15
115900247,39,15,24
115900248,24,6,18
115900249,20,16,4
115900250,21,35,-14
115900251,3,19,-16
115900252,14,2,12
115900253,10,40,-30
115900254,4,33,-29
115900255,1,26,-25
115900256,12,21,-9
115900257,9,12,-3
115900258,0,3,-3
115900259,2,1,1
115900260,8,5,3
115900261,9,0,9
115900262,15,1,14
115900263,6,2,4
115900264,36,4,32
115900265,4,11,-7
115900266,5,24,-19
115900267,4,17,-13
115900268,17,5,12
115900269,794,264,530
115900270,441,182,259
115900271,181,0,181
115900272,55,3,52
115900273,11,24,-13
115900274,1,5,-4
115900275,4,11,-7
115900276,0,15,-15
115900277,0,24,-24
115900278,62,109,-47
115900279,32,158,-126
115900280,29,576,-547
115900281,188,301,-113
115900282,5,22,-17
116000001,5763,3200,2563
116000002,4684,13181,-8497
116000003,1127,1057,70
116000004,3000,4556,-1556
116000005,1451,2417,-966
116000006,2388,3075,-687
116000007,2428,2252,176
116000008,3917,2634,1283
116000009,1068,1408,-340
116000010,2666,1721,945
116000011,631,1305,-674
116000012,1923,1221,702
116000013,5119,3445,1674
116000014,7169,13447,-6278
116000015,205,1555,-1350
116000016,4651,4673,-22
116000017,43,839,-796
116000018,790,365,425
116000019,953,348,605
116000020,787,939,-152
116000021,665,300,365
116000022,372,339,33
116000023,1492,986,506
116000024,745,747,-2
116000025,984,944,40
116000026,1758,2522,-764
116000027,872,776,96
116000028,562,1261,-699
116000029,531,713,-182
116000030,910,610,300
116000031,195,303,-108
116000032,412,161,251
116000033,435,456,-21
116000034,868,754,114
116000035,393,615,-222
116000036,1321,1898,-577
116000037,523,538,-15
116000038,303,717,-414
116000039,482,576,-94
116000040,694,608,86
116000041,159,532,-373
116000042,731,385,346
116000043,100,600,-500
116000044,8,51,-43
116000045,1760,1563,197
116000046,976,1674,-698
116000047,1541,2263,-722
116000048,2013,1943,70
116000049,1611,3138,-1527
116000050,1674,1371,303
116000051,6462,2927,3535
116000052,6223,5089,1134
116000053,2355,812,1543
116000054,953,2520,-1567
116000055,905,839,66
116000056,1096,1268,-172
116000057,2956,1658,1298
116000058,3530,3217,313
116000059,3037,5595,-2558
116000060,1567,968,599
116000061,551,1100,-549
116000062,502,188,314
116000063,572,1262,-690
116000066,312,734,-422
116000067,158,351,-193
116000068,216,291,-75
116000069,214,241,-27
116000078,567,1157,-590
116000080,1747,753,994
116000082,5,39,-34
116000083,1965,416,1549
116000084,1906,2557,-651
116000085,2084,2265,-181
116000086,1297,642,655
116000087,2342,1768,574
116000088,772,832,-60
116000089,144,84,60
116000090,94,165,-71
116000091,259,336,-77
116000093,798,516,282
116000094,750,475,275
116000095,1008,565,443
116000096,881,1446,-565
116000097,1050,539,511
116000098,46,6815,-6769
116000099,4365,212,4153
116000100,320,26,294
116000101,1214,557,657
116000102,263,742,-479
116000103,569,312,257
116000104,250,902,-652
116000105,1488,167,1321
116000106,448,682,-234
116000107,2845,285,2560
116000108,445,185,260
116000111,128,46,82
116000113,171,160,11
116000114,55,159,-104
116000115,435,150,285
116000116,320,395,-75
116000117,1616,1716,-100
116000118,1705,992,713
116000119,4209,1979,2230
116000120,2934,2933,1
116000121,1197,520,677
116000122,1157,1032,125
116000123,1505,515,990
116000124,421,754,-333
116000125,3672,1023,2649
116000126,331,969,-638
116000127,928,885,43
116000128,2143,1047,1096
116000129,1660,245,1415
116000130,827,612,215
116000133,1416,675,741
116000134,1625,1287,338
116000135,3217,1322,1895
116000136,910,1345,-435
116000137,1470,779,691
116000138,986,771,215
116000139,1528,2027,-499
116000140,151,147,4
116000141,348,364,-16
116000142,2504,1694,810
116000143,1731,1716,15
116000144,1301,1293,8
116000145,1782,947,835
116000146,791,109,682
116000147,233,117,116
116000148,701,592,109
116000149,860,833,27
116000151,457,333,124
116000153,130,300,-170
116000155,163,225,-62
116000156,547,796,-249
116000157,96,14,82
116000158,414,341,73
116000159,24,27,-3
116000160,29,49,-20
116000161,5,106,-101
116000162,89,160,-71
116000163,31,39,-8
116000164,11,28,-17
116000177,268,162,106
116000194,80,331,-251
116000195,1219,581,638
116000196,41,6,35
116000197,25,17,8
116000198,2550,1246,1304
116000200,607,578,29
116000201,769,713,56
116000202,12,209,-197
116000203,2,75,-73
116000204,12,53,-41
116000205,1,146,-145
116000206,6,195,-189
116000207,32,69,-37
116000233,177,320,-143
116000287,182,258,-76
116000288,420,192,228
116000292,101,104,-3
116000296,10,148,-138
116000297,83,9,74
116000304,210,30,180
116000305,9,40,-31
116000346,259,92,167
116000352,103,56,47
116000354,45,21,24
116000357,16,50,-34
116000358,409,75,334
116000361,54,2,52
116000372,2929,4824,-1895
116000381,148,7,141
116000388,0,46,-46
116000389,1049,614,435
116000445,656,347,309
116000446,973,388,585
116000447,13,521,-508
116000448,553,151,402
116000563,807,1075,-268
116000565,81,320,-239
116000568,71,381,-310
116000579,31,140,-109
116000584,23,6,17
116000585,53,17,36
116000586,88,123,-35
116000587,515,686,-171
116000589,51,40,11
116000590,100,52,48
116000591,318,138,180
116000592,7,77,-70
116000593,0,19,-19
116000594,848,268,580
116000595,816,100,716
116000596,171,9,162
116000597,553,119,434
116000598,20,99,-79
116000602,42,554,-512
116000605,184,105,79
116000606,103,271,-168
116000607,5,58,-53
116000609,166,1030,-864
116000611,200,266,-66
116000612,870,1809,-939
116000613,807,286,521
116000614,404,366,38
116000615,4,347,-343
116000616,90,77,13
116000617,179,34,145
116000618,8,55,-47
116000619,46,103,-57
116000620,189,112,77
116000621,85,140,-55
116000622,51,128,-77
116000624,302,98,204
116000627,54,13,41
116000628,54,153,-99
116000629,15,115,-100
116000630,502,14,488
116000631,158,29,129
116000632,684,166,518
116000633,57,142,-85
116000634,684,26,658
116000635,1728,2189,-461
116000636,332,987,-655
116000637,263,14,249
116000638,14,156,-142
116900001,283,200,83
116900002,219,1,218
116900003,58,33,25
116900004,66,100,-34
116900005,355,68,287
116900006,85,254,-169
116900007,142,225,-83
116900008,561,183,378
116900009,28,12,16
116900010,1,649,-648
116900011,11,32,-21
116900012,196,236,-40
116900013,3,141,-138
116900014,249,139,110
116900015,567,65,502
116900016,291,7,284
116900017,4,323,-319
116900018,142,44,98
116900019,7,255,-248
116900020,605,1521,-916
116900023,130,35,95
116900024,735,47,688
116900025,1559,629,930
116900026,112,413,-301
116900027,40,44,-4
116900028,5,91,-86
116900029,1,77,-76
116900031,1,6,-5
116900032,18,226,-208
116900033,30,7,23
116900034,17,81,-64
116900035,189,135,54
116900036,11,109,-98
116900038,21,7,14
116900041,72,10,62
116900042,477,263,214
116900043,60,58,2
116900047,27,231,-204
116900049,48,187,-139
116900050,141,400,-259
116900051,249,97,152
116900052,155,92,63
116900055,0,11,-11
116900057,19,178,-159
116900058,44,322,-278
116900059,1,73,-72
116900060,236,162,74
116900062,3,4,-1
116900064,165,367,-202
116900065,45,79,-34
116900067,131,62,69
116900068,141,165,-24
116900070,7,3,4
116900072,33,233,-200
116900073,33,70,-37
116900074,10,51,-41
116900076,15,30,-15
116900077,16,53,-37
116900078,184,105,79
116900079,52,162,-110
116900080,18,31,-13
116900081,412,904,-492
116900082,411,914,-503
116900083,60,22,38
116900084,132,82,50
116900085,31,97,-66
116900086,67,144,-77
116900088,430,83,347
116900090,112,38,74
116900091,523,20,503
116900092,105,533,-428
116900093,2105,1754,351
116900094,3015,4387,-1372
116900095,236,73,163
116900096,121,476,-355
116900097,1890,3664,-1774
116900098,693,471,222
116900099,609,915,-306
116900100,1180,83,1097
116900101,299,411,-112
116900103,6,0,6
116900104,59,95,-36
116900105,347,229,118
116900106,2773,230,2543
116900107,2114,2812,-698
116900110,14,6,8
116900111,764,346,418
116900112,314,606,-292
116900113,1297,1687,-390
116900116,118,739,-621
116900117,149,105,44
116900118,638,797,-159
116900120,501,117,384
116900121,120,31,89
116900122,1331,480,851
116900123,348,471,-123
116900124,188,815,-627
116900125,570,157,413
116900126,117,647,-530
116900128,1,35,-34
116900129,0,256,-256
116900130,482,4286,-3804
116900131,140,456,-316
116900132,100,101,-1
116900133,231,120,111
116900134,312,256,56
116900136,230,179,51
116900137,332,171,161
116900138,292,184,108
116900139,207,359,-152
116900140,260,127,133
116900141,854,390,464
116900142,2,72,-70
116900143,394,282,112
116900144,56,84,-28
116900145,91,189,-98
116900147,365,890,-525
116900148,8,64,-56
116900149,117,284,-167
116900150,23,19,4
116900151,32,18,14
116900153,214,107,107
116900154,409,774,-365
116900155,82,99,-17
116900157,962,140,822
116900158,129,396,-267
116900159,58,316,-258
116900160,935,929,6
116900161,4296,8368,-4072
116900162,16,67,-51
116900163,240,94,146
116900164,96,91,5
116900165,315,301,14
116900166,52,41,11
116900167,558,65,493
116900168,453,83,370
116900169,393,854,-461
116900170,423,526,-103
116900171,57,99,-42
116900172,135,493,-358
116900173,293,42,251
116900174,66,77,-11
116900175,282,321,-39
116900178,47,97,-50
116900179,67,416,-349
116900180,125,29,96
116900182,673,281,392
116900183,232,119,113
116900185,44,121,-77
116900186,118,145,-27
116900187,54,77,-23
116900188,154,34,120
116900189,98,2,96
116900191,454,623,-169
116900192,331,134,197
116900194,250,1733,-1483
116900195,71,42,29
116900196,35,56,-21
116900197,156,21,135
116900198,169,337,-168
116900200,168,31,137
116900201,199,14,185
116900202,102,32,70
116900203,225,6,219
116900204,64,147,-83
116900206,31,10,21
116900207,37,47,-10
116900208,7,50,-43
116900209,36,86,-50
116900210,665,318,347
116900211,225,15,210
116900212,121,49,72
116900213,264,109,155
116900214,305,182,123
116900215,90,43,47
116900216,283,193,90
116900218,7,161,-154
116900219,1097,340,757
116900220,165,248,-83
116900221,106,408,-302
116900222,529,396,133
116900223,136,290,-154
116900226,128,29,99
116900227,237,56,181
116900228,455,166,289
116900230,72,189,-117
116900231,41,255,-214
116900232,17,301,-284
116900233,401,124,277
116900234,43,4,39
116900235,166,199,-33
116900238,1293,254,1039
116900239,17,1380,-1363
116900240,4245,3707,538
116900241,168,110,58
116900242,197,862,-665
116900243,2,72,-70
116900245,36,54,-18
116900246,136,13,123
116900247,1196,25,1171
116900248,111,49,62
116900249,495,81,414
116900250,394,31,363
116900251,339,810,-471
116900252,167,516,-349
116900253,137,63,74
116900254,43,78,-35
116900255,154,111,43
116900256,580,123,457
116900257,22,388,-366
116900258,6,123,-117
116900259,357,14,343
116900260,3,65,-62
116900261,125,7,118
116900262,187,147,40
116900263,1,16,-15
116900264,6,5,1
116900265,54,1,53
116900266,32,28,4
116900267,4,2,2
116900268,329,171,158
116900269,325,636,-311
116900271,711,327,384
116900272,283,206,77
116900273,94,153,-59
116900274,145,65,80
116900275,246,66,180
116900276,467,226,241
116900277,327,41,286
116900278,2,11,-9
116900279,3,17,-14
116900280,52,33,19
116900281,3574,5728,-2154
116900282,5,55,-50
116900283,9,83,-74
116900284,21,151,-130
116900285,148,279,-131
116900286,203,32,171
116900287,5,28,-23
116900288,123,84,39
116900289,36,3,33
116900290,12,10,2
116900291,53,9,44
116900292,0,31,-31
116900293,108,33,75
116900294,61,164,-103
116900295,112,76,36
116900296,62,50,12
116900297,9,86,-77
116900298,82,87,-5
116900299,12,58,-46
116900300,7,98,-91
116900301,34,116,-82
116900302,13,66,-53
116900303,77,131,-54
116900304,1,180,-179
116900305,13,51,-38
116900306,222,37,185
117000001,2285,1582,703
117000002,1663,3346,-1683
117000003,6211,3385,2826
117000004,2789,3942,-1153
117000005,2514,1830,684
117000006,1090,2141,-1051
117000007,4567,1253,3314
117000008,863,2538,-1675
117000009,4394,2129,2265
117000010,2175,2678,-503
117000011,2356,1483,873
117000012,1191,824,367
117000013,1824,691,1133
117000014,1133,1716,-583
117000015,2578,1255,1323
117000016,231,169,62
117000017,143,103,40
117000018,161,816,-655
117000019,87,2,85
117000020,398,1851,-1453
117000021,855,355,500
117000022,316,206,110
117000023,136,214,-78
117000024,180,341,-161
117000025,285,1038,-753
117000026,1879,1734,145
117000027,1043,4391,-3348
117000028,1400,2283,-883
117000030,325,394,-69
117000031,354,304,50
117000032,1251,1171,80
117000033,1322,643,679
117000034,584,283,301
117000035,526,368,158
117000036,340,279,61
117000037,376,195,181
117000038,164,460,-296
117000039,432,231,201
117000040,280,695,-415
117000041,1348,175,1173
117000044,9,487,-478
117000045,492,110,382
117000046,290,600,-310
117000047,837,633,204
117000048,1546,688,858
117000049,152,534,-382
117000050,136,1119,-983
117000051,2775,89,2686
117000052,65,195,-130
117000053,686,41,645
117000054,1808,16,1792
117000055,7,1860,-1853
117000056,708,31,677
117000057,422,1808,-1386
117000060,562,965,-403
117000061,2140,984,1156
117000062,280,522,-242
117000063,2156,1104,1052
117000064,514,491,23
117000066,831,859,-28
117000067,106,710,-604
117000074,102,226,-124
117000076,56,35,21
117000077,129,256,-127
117000078,132,653,-521
117000079,478,241,237
117000080,0,268,-268
117000081,1138,116,1022
117000082,9,80,-71
117000083,123,7,116
117000084,154,3,151
117000085,375,857,-482
117000086,803,369,434
117000087,84,406,-322
117000088,277,133,144
117000089,1960,210,1750
117000090,401,913,-512
117000091,985,256,729
117000092,493,858,-365
117000093,1444,742,702
117000094,1318,1760,-442
117000095,4060,852,3208
117000096,674,1740,-1066
117000097,1843,973,870
117000098,2167,2853,-686
117000099,4759,1340,3419
117000100,274,428,-154
117000101,137,786,-649
117000102,2139,662,1477
117000103,580,1170,-590
117000104,1744,588,1156
117000105,800,1013,-213
117000106,1656,744,912
117000107,518,1265,-747
117000108,2381,913,1468
117000109,992,1910,-918
117000110,2162,1409,753
117000111,3676,3781,-105
117000112,4109,1487,2622
117000113,112,206,-94
117000114,325,124,201
117000115,66,82,-16
117000116,240,205,35
117000117,1488,1455,33
117000118,301,113,188
117000119,179,182,-3
117000120,154,610,-456
117000121,60,1144,-1084
117000122,282,905,-623
117000123,1421,85,1336
117000124,172,109,63
117000125,158,195,-37
117000126,32,17,15
117000127,166,336,-170
117000128,259,731,-472
117000129,193,483,-290
117000130,50,1,49
117000131,1,46,-45
117000132,3569,18,3551
117000133,2347,41,2306
117000134,1,81,-80
117000135,4,92,-88
117000136,1,26,-25
117000137,176,174,2
117000138,7,717,-710
117000140,403,1093,-690
117000141,2227,545,1682
117000181,442,192,250
117000182,755,1003,-248
117000195,208,687,-479
117000196,313,191,122
117000225,89,79,10
117000226,8,102,-94
117000276,456,30,426
117000277,1,198,-197
117000310,1347,1831,-484
117000315,92,651,-559
117000320,60,0,60
117000906,379,22,357
117000907,11,202,-191
117000908,9,81,-72
117000909,28,36,-8
117000910,228,238,-10
117000911,114,176,-62
117000915,9,350,-341
117000916,53,10,43
117000917,1548,55,1493
117000918,103,66,37
117000919,10,45,-35
117000920,1,736,-735
117000921,1,629,-628
117000922,16,50,-34
117000924,373,691,-318
117000926,511,133,378
117000927,643,1290,-647
117000928,0,84,-84
117000929,271,223,48
117000930,295,10,285
117000931,96,155,-59
117900002,75,454,-379
117900003,619,595,24
117900005,3,69,-66
117900006,0,97,-97
117900007,161,81,80
117900008,0,25,-25
117900010,355,55,300
117900011,23,137,-114
117900012,71,60,11
117900013,0,146,-146
117900014,492,79,413
117900015,30,114,-84
117900016,1179,1074,105
117900017,577,171,406
117900018,155,166,-11
117900019,552,190,362
117900020,90,588,-498
117900021,31,47,-16
117900022,32,12,20
117900023,708,132,576
117900024,67,62,5
117900025,59,15,44
117900026,459,155,304
117900028,42,11,31
117900029,274,340,-66
117900030,620,174,446
117900031,139,127,12
117900032,1135,1024,111
117900033,346,322,24
117900034,33,14,19
117900035,196,139,57
117900036,241,207,34
117900037,277,71,206
117900038,18,228,-210
117900039,1,45,-44
117900040,147,264,-117
117900041,3,50,-47
117900042,3369,307,3062
117900043,18,39,-21
117900044,56,2895,-2839
117900045,221,137,84
117900048,436,180,256
117900049,226,269,-43
117900050,3,120,-117
117900051,12,0,12
117900052,75,458,-383
117900053,2007,446,1561
117900054,0,23,-23
117900055,503,244,259
117900056,66,64,2
117900057,896,1005,-109
117900058,18,29,-11
117900059,211,100,111
117900060,3308,3209,99
117900061,12,294,-282
117900063,426,157,269
117900065,501,1051,-550
117900066,18,96,-78
117900067,696,119,577
117900069,787,180,607
117900070,155,81,74
117900071,113,103,10
117900073,599,205,394
117900074,85,106,-21
117900075,68,77,-9
117900076,26,34,-8
117900077,583,146,437
117900078,455,854,-399
117900080,118,41,77
117900081,415,425,-10
117900082,537,365,172
117900083,517,231,286
117900086,129,22,107
117900087,222,53,169
117900088,2581,1816,765
117900089,2756,757,1999
117900090,385,271,114
117900091,88,156,-68
117900092,87,27,60
117900093,181,42,139
117900094,38,39,-1
117900095,327,255,72
117900096,111,175,-64
117900097,515,192,323
117900098,51,24,27
117900099,141,161,-20
117900100,490,5,485
117900101,514,2074,-1560
117900102,112,31,81
117900103,68,3,65
117900104,16,269,-253
117900105,85,223,-138
117900106,138,26,112
117900107,85,1,84
117900109,786,410,376
117900110,168,1,167
117900111,495,59,436
117900112,105,26,79
117900113,1645,1979,-334
117900114,35,0,35
117900115,133,99,34
117900116,900,810,90
117900117,756,224,532
117900118,146,1,145
117900119,374,111,263
117900120,314,53,261
117900121,248,122,126
117900122,1311,4735,-3424
117900123,584,325,259
117900124,692,573,119
117900125,1931,1995,-64
117900126,207,467,-260
117900127,484,249,235
117900128,424,406,18
117900129,100,2,98
117900130,810,348,462
117900131,2,122,-120
117900132,20,77,-57
117900133,13,78,-65
117900134,82,282,-200
117900135,27,148,-121
117900136,0,26,-26
117900137,52,303,-251
117900138,0,23,-23
117900139,142,93,49
117900140,2379,337,2042
117900141,102,155,-53
117900142,57,71,-14
117900144,68,521,-453
117900145,35,42,-7
117900146,106,196,-90
117900147,83,53,30
117900148,2088,1869,219
117900149,141,127,14
117900150,42,27,15
117900151,65,72,-7
117900152,72,67,5
117900153,16,94,-78
117900154,449,457,-8
117900156,979,889,90
117900157,78,558,-480
117900158,443,153,290
117900160,875,838,37
117900161,2062,1730,332
117900162,494,389,105
117900163,27,192,-165
117900165,0,13,-13
117900166,129,604,-475
117900168,80,181,-101
117900169,1,82,-81
117900170,2,32,-30
117900171,1,18,-17
117900172,12,16,-4
117900173,153,98,55
117900174,47,46,1
117900175,14,25,-11
117900176,15,21,-6
117900177,42,30,12
117900178,101,53,48
117900180,210,37,173
117900181,49,424,-375
117900182,2,40,-38
117900183,72,154,-82
117900184,22,48,-26
117900185,60,64,-4
117900186,56,14,42
117900187,27,13,14
117900188,185,42,143
117900189,69,44,25
117900190,26,1,25
117900191,74,1,73
117900192,258,3,255
117900193,15,34,-19
117900194,9,4,5
117900195,23,61,-38
117900196,17,25,-8
117900207,145,148,-3
117900208,41,30,11
117900209,195,164,31
117900210,191,229,-38
117900211,18,162,-144
117900212,135,97,38
117900213,29,11,18
117900214,11,19,-8
117900215,30,36,-6
117900216,9,17,-8
117900217,51,329,-278
117900218,62,96,-34
117900219,10,156,-146
117900220,76,124,-48
117900222,189,189,0
117900223,136,283,-147
118000001,647,1029,-382
118000002,480,1563,-1083
118000003,1902,3601,-1699
118000004,1683,1821,-138
118000005,2991,5947,-2956
118000006,2961,8551,-5590
118000007,4971,4984,-13
118000008,2410,3407,-997
118000009,1602,2904,-1302
118000010,6764,3585,3179
118000011,1659,1873,-214
118000012,1034,1422,-388
118000013,1938,1719,219
118000014,1950,1538,412
118000016,197,233,-36
118000017,485,392,93
118000018,361,316,45
118000019,1816,1714,102
118000020,908,3434,-2526
118000021,601,3121,-2520
118000022,1264,888,376
118000023,570,284,286
118000024,912,1290,-378
118000027,8754,13113,-4359
118000029,626,868,-242
118000032,507,4090,-3583
118000033,2798,6713,-3915
118000034,4054,2708,1346
118000035,1966,2897,-931
118000036,840,1190,-350
118000037,792,877,-85
118000038,296,89,207
118000039,107,164,-57
118000040,1641,1085,556
118000041,2512,1189,1323
118000045,481,188,293
118000046,1051,905,146
118000047,796,1191,-395
118000048,2132,2068,64
118000051,1531,2061,-530
118000052,887,1312,-425
118000053,439,613,-174
118000054,1622,956,666
118000055,1279,1650,-371
118000056,183,492,-309
118000057,213,401,-188
118000058,3792,2443,1349
118000059,1890,1558,332
118000060,1462,448,1014
118000061,1413,998,415
118000062,620,442,178
118000063,418,969,-551
118000064,778,1149,-371
118000065,2316,2297,19
118000066,1029,1877,-848
118000067,455,614,-159
118000068,1286,5396,-4110
118000069,2095,1066,1029
118000070,4026,2048,1978
118000071,2914,7558,-4644
118000072,1254,1483,-229
118000073,925,920,5
118000074,537,393,144
118000075,664,308,356
118000076,1845,2769,-924
118000077,1129,1156,-27
118000078,1902,2540,-638
118000079,203,563,-360
118000080,811,757,54
118000081,1640,1357,283
118000082,348,1173,-825
118000083,1525,1752,-227
118000084,2744,1955,789
118000086,225,513,-288
118000087,3119,2591,528
118000088,1556,1680,-124
118000089,3562,2468,1094
118000090,1364,2713,-1349
118000091,1007,2915,-1908
118000092,885,642,243
118000093,112,881,-769
118000096,601,636,-35
118000097,840,794,46
118000098,255,152,103
118000099,746,548,198
118000101,1371,324,1047
118000102,404,783,-379
118000107,1258,467,791
118000108,646,2809,-2163
118000110,0,37,-37
118000111,0,136,-136
118000112,694,2,692
118000113,1,319,-318
118000114,616,11,605
118000115,11,12,-1
118000116,46,1,45
118000117,714,601,113
118000118,897,1179,-282
118000119,880,1159,-279
118000120,1318,918,400
118000121,74,483,-409
118000122,1030,325,705
118000123,59,208,-149
118000125,1254,803,451
118000126,807,1721,-914
118000127,1427,697,730
118000128,391,1036,-645
118000129,1014,369,645
118000130,1423,1950,-527
118000131,276,438,-162
118000132,2732,2088,644
118000133,965,377,588
118000135,685,498,187
118000136,117,389,-272
118000137,437,95,342
118000138,469,394,75
118000139,599,84,515
118000140,2508,5345,-2837
118000141,2327,1558,769
118000142,2033,1302,731
118000143,2574,1274,1300
118000144,936,599,337
118000145,1656,1157,499
118000146,1320,568,752
118000147,908,1071,-163
118000148,599,961,-362
118000149,973,803,170
118000150,654,272,382
118000151,624,353,271
118000153,1615,1035,580
118000154,1433,1316,117
118000155,1724,1310,414
118000156,1771,2381,-610
118000157,763,504,259
118000158,254,409,-155
118000159,29,124,-95
118000160,679,416,263
118000161,585,534,51
118000162,1950,861,1089
118000163,1040,784,256
118000164,1656,1330,326
118000168,734,821,-87
118000169,890,794,96
118000170,3110,3245,-135
118000171,457,525,-68
118000172,101,229,-128
118000173,1028,1230,-202
118000175,313,474,-161
118000176,368,604,-236
118000177,344,693,-349
118000178,25,51,-26
118000179,1116,1853,-737
118000180,965,947,18
118000181,737,357,380
118000182,297,308,-11
118000183,273,403,-130
118000184,1099,596,503
118000185,1257,1549,-292
118000186,1065,1424,-359
118000187,1797,536,1261
118000188,731,115,616
118000189,908,438,470
118000190,10,17,-7
118000191,32,21,11
118000192,61,143,-82
118000193,45,241,-196
118000194,1091,816,275
118000195,376,1376,-1000
118000196,292,209,83
118000197,120,194,-74
118000198,473,797,-324
118000199,580,413,167
118000200,108,253,-145
118000201,417,660,-243
118000202,99,71,28
118000203,531,735,-204
118000204,62,416,-354
118000205,94,297,-203
118000206,301,193,108
118000207,0,41,-41
118000208,1426,1362,64
118000209,2150,1192,958
118000210,99,40,59
118000211,34,49,-15
118000213,663,2131,-1468
118000214,401,666,-265
118000215,343,124,219
118000216,2874,1648,1226
118000217,21,52,-31
118000218,105,93,12
118000219,442,198,244
118000220,3,37,-34
118000221,429,413,16
118000222,62,7,55
118000223,41,47,-6
118000224,169,68,101
118000225,131,491,-360
118000226,1056,237,819
118000227,562,385,177
118000228,145,296,-151
118000229,137,162,-25
118000230,178,192,-14
118000231,90,240,-150
118000232,840,502,338
118000233,1343,627,716
118000234,573,189,384
118000236,443,300,143
118000237,143,223,-80
118000238,315,154,161
118000239,335,248,87
118000240,232,185,47
118000241,160,144,16
118000242,503,305,198
118000243,369,157,212
118000244,56,74,-18
118000246,0,40,-40
118000255,52,249,-197
118000256,134,160,-26
118000259,6,62,-56
118000260,207,104,103
118000261,71,37,34
118000263,136,157,-21
118000266,124,226,-102
118000267,1,126,-125
118000268,279,8,271
118000270,84,23,61
118000271,190,209,-19
118000272,102,45,57
118000273,193,66,127
118000274,85,218,-133
118000276,548,287,261
118000295,17,129,-112
118000298,210,235,-25
118000299,77,104,-27
118000301,0,67,-67
118000302,112,58,54
118000311,769,113,656
118000312,367,129,238
118000313,113,79,34
118000314,118,35,83
118000315,60,32,28
118000316,719,400,319
118000325,96,29,67
118000326,55,30,25
118000331,69,28,41
118000332,23,29,-6
118000333,55,46,9
118000335,494,1,493
118000336,0,121,-121
118000407,263,55,208
118000457,7,23,-16
118000465,1404,3909,-2505
118000480,67,50,17
118000489,14,419,-405
118000490,14,73,-59
118000492,328,190,138
118000510,34,28,6
118000514,110,293,-183
118000515,936,810,126
118000517,285,138,147
118000524,201,420,-219
118000525,693,726,-33
118000530,40,111,-71
118000531,385,228,157
118000532,273,222,51
118000533,355,135,220
118000534,537,374,163
118000535,335,154,181
118000536,292,1869,-1577
118000537,23,227,-204
118000538,31,93,-62
118000539,19,122,-103
118000540,394,210,184
118000541,278,72,206
118000542,149,222,-73
118000543,218,289,-71
118000546,66,31,35
118000560,1475,2763,-1288
118000562,40,83,-43
118000563,1208,960,248
118000576,159,81,78
118000577,141,144,-3
118000578,95,53,42
118000579,433,1288,-855
118000595,293,95,198
118000596,0,56,-56
118000597,122,94,28
118000598,27,4,23
118000599,79,55,24
118000600,3,20,-17
118000601,25,0,25
118000602,0,12,-12
118000603,0,14,-14
118900001,491,1625,-1134
118900002,781,867,-86
118900003,624,11,613
118900004,88,35,53
118900005,92,5,87
118900006,179,6,173
118900007,16,4,12
118900008,1479,96,1383
118900009,91,78,13
118900010,61,18,43
118900011,204,44,160
118900012,462,205,257
118900013,543,300,243
118900015,431,106,325
118900016,9,8,1
118900017,160,316,-156
118900018,1050,68,982
118900019,64,25,39
118900020,146,148,-2
118900021,182,382,-200
118900022,144,96,48
118900023,229,104,125
118900024,117,203,-86
118900025,52,21,31
118900026,109,67,42
118900027,462,197,265
118900028,248,172,76
118900029,330,435,-105
118900030,639,66,573
118900031,178,76,102
118900032,331,139,192
118900033,456,428,28
118900034,264,23,241
118900035,141,118,23
118900036,1217,680,537
118900037,486,312,174
118900038,498,126,372
118900039,661,138,523
118900040,294,194,100
118900041,670,144,526
118900042,205,114,91
118900045,352,160,192
118900046,831,481,350
118900047,363,277,86
118900048,171,237,-66
118900049,66,52,14
118900050,49,29,20
118900051,105,105,0
118900052,339,290,49
118900053,50,113,-63
118900054,154,46,108
118900055,143,68,75
118900056,43,396,-353
118900057,773,502,271
118900058,524,299,225
118900059,24,74,-50
118900060,75,78,-3
118900062,591,172,419
118900064,329,799,-470
118900065,115,126,-11
118900066,115,81,34
118900067,2807,4417,-1610
118900068,11,193,-182
118900069,593,170,423
118900071,10,77,-67
118900072,474,346,128
118900073,233,103,130
118900074,180,83,97
118900075,99,40,59
118900076,257,164,93
118900077,297,177,120
118900078,44,9,35
118900079,44,112,-68
118900080,64,112,-48
118900081,86,41,45
118900082,1321,143,1178
118900083,90,2,88
118900084,24,10,14
118900085,581,505,76
118900086,31,102,-71
118900087,53,385,-332
118900088,0,11,-11
118900089,43,35,8
118900090,547,275,272
118900091,189,315,-126
118900092,216,90,126
118900093,155,28,127
118900096,93,36,57
118900097,361,402,-41
118900099,77,185,-108
118900100,115,216,-101
118900101,201,305,-104
118900102,65,79,-14
118900103,76,128,-52
118900104,338,124,214
118900105,209,158,51
118900107,137,59,78
118900108,124,105,19
118900110,1162,1108,54
118900111,578,345,233
118900112,121,151,-30
118900113,107,333,-226
118900114,18,68,-50
118900115,168,412,-244
118900116,156,234,-78
118900117,124,195,-71
118900118,368,254,114
118900119,120,164,-44
118900120,114,237,-123
118900121,45,118,-73
118900122,15,1076,-1061
118900123,153,176,-23
118900124,144,100,44
118900126,20,388,-368
118900129,284,221,63
118900130,44,206,-162
118900131,212,206,6
118900132,338,195,143
118900133,11,123,-112
118900135,216,169,47
118900136,231,324,-93
118900137,8,58,-50
118900139,205,201,4
118900140,472,445,27
118900141,121,126,-5
118900144,118,275,-157
118900145,36,97,-61
118900146,398,546,-148
118900147,228,163,65
118900148,97,70,27
118900150,180,622,-442
118900152,605,503,102
118900157,75,158,-83
118900158,116,57,59
118900159,0,96,-96
118900161,70,17,53
118900163,73,91,-18
118900164,9,96,-87
118900165,72,77,-5
118900166,113,7,106
118900167,142,146,-4
118900168,27,252,-225
118900169,201,207,-6
118900170,266,91,175
118900171,56,31,25
118900174,48,66,-18
118900175,433,427,6
118900176,169,180,-11
118900177,78,42,36
118900178,75,170,-95
118900179,3,23,-20
118900181,132,111,21
118900182,125,62,63
118900183,47,138,-91
118900184,455,196,259
118900185,167,75,92
118900186,109,102,7
118900187,245,350,-105
118900188,319,332,-13
118900189,55,764,-709
118900190,35,189,-154
118900191,217,39,178
118900192,264,15,249
118900193,791,8,783
118900195,200,497,-297
118900196,39,132,-93
118900197,265,61,204
118900198,51,13,38
118900199,112,29,83
118900200,25,23,2
118900201,23,40,-17
118900202,17,52,-35
118900203,17,15,2
118900204,36,14,22
118900205,5,14,-9
118900206,14,29,-15
119000001,1506,2030,-524
119000002,5011,4288,723
119000003,3324,801,2523
119000004,2474,1226,1248
119000005,1853,1876,-23
119000006,3327,1325,2002
119000007,3361,2874,487
119000008,1754,1322,432
119000009,3149,5061,-1912
119000010,4609,3955,654
119000011,2893,3154,-261
119000012,1803,3477,-1674
119000013,2747,1751,996
119000014,1427,2243,-816
119000019,305,135,170
119000020,3064,1396,1668
119000021,5111,2716,2395
119000022,1943,3268,-1325
119000023,274,225,49
119000024,1543,12958,-11415
119000025,3727,1089,2638
119000026,70,476,-406
119000027,158,359,-201
119000028,1519,571,948
119000029,83,341,-258
119000030,591,674,-83
119000031,857,553,304
119000032,1952,2154,-202
119000033,2400,1072,1328
119000034,959,681,278
119000035,39,245,-206
119000036,2236,695,1541
119000037,1405,885,520
119000038,206,527,-321
119000039,410,317,93
119000040,737,602,135
119000041,699,1125,-426
119000048,2301,2000,301
119000049,1974,1357,617
119000050,1660,1503,157
119000051,1965,793,1172
119000052,1535,2501,-966
119000053,1752,1069,683
119000054,3369,1881,1488
119000055,5191,2614,2577
119000056,3108,1777,1331
119000057,1729,1346,383
119000058,1950,1273,677
119000059,1218,1180,38
119000060,1788,1128,660
119000061,997,631,366
119000062,1189,1082,107
119000063,602,400,202
119000064,688,657,31
119000065,1946,2910,-964
119000066,2310,1071,1239
119000067,1738,1423,315
119000068,1913,886,1027
119000069,1604,1583,21
119000070,3292,647,2645
119000071,444,508,-64
119000072,3696,2453,1243
119000073,4191,7186,-2995
119000074,1529,1350,179
119000075,3167,1753,1414
119000076,304,939,-635
119000077,623,564,59
119000078,426,146,280
119000079,209,556,-347
119000080,515,158,357
119000081,320,565,-245
119000082,1038,220,818
119000083,765,383,382
119000084,298,457,-159
119000085,683,169,514
119000086,306,381,-75
119000087,1279,628,651
119000088,366,213,153
119000089,81,189,-108
119000090,93,122,-29
119000091,87,366,-279
119000092,323,174,149
119000093,3285,1966,1319
119000094,3534,4528,-994
119000095,2304,2373,-69
119000097,1521,944,577
119000098,1003,3211,-2208
119000099,2458,1146,1312
119000100,4443,3231,1212
119000101,4453,1415,3038
119000102,734,1249,-515
119000103,1504,605,899
119000104,1981,1083,898
119000105,1245,2491,-1246
119000106,354,739,-385
119000107,1208,558,650
119000108,433,631,-198
119000109,180,577,-397
119000110,419,481,-62
119000111,42,666,-624
119000112,155,132,23
119000113,1514,415,1099
119000114,1298,1417,-119
119000115,171,162,9
119000116,120,136,-16
119000117,194,423,-229
119000118,3,1,2
119000123,4458,2007,2451
119000124,883,197,686
119000125,4345,566,3779
119000126,907,410,497
119000127,625,370,255
119000128,16,2,14
119000131,1117,422,695
119000132,1,1,0
119000133,3,12,-9
119000134,1367,439,928
119000135,238,177,61
119000136,357,123,234
119000137,391,211,180
119000138,744,180,564
119000139,329,128,201
119000140,396,360,36
119000284,993,2465,-1472
119000285,1859,1692,167
119000286,4886,4009,877
119000287,1189,1429,-240
119000288,1981,847,1134
119000289,1327,1687,-360
119000290,240,266,-26
119000291,9,150,-141
119000293,127,127,0
119000294,65,26,39
119000295,1081,266,815
119000296,251,126,125
119000302,1248,1093,155
119000303,38,136,-98
119000314,1343,11071,-9728
119000315,12,193,-181
119000316,251,91,160
119000317,117,180,-63
119900001,294,1620,-1326
119900002,211,217,-6
119900003,54,553,-499
119900004,296,1783,-1487
119900005,281,99,182
119900006,289,549,-260
119900007,1257,392,865
119900008,119,53,66
119900009,768,563,205
119900010,1030,865,165
119900011,30,171,-141
119900012,16,127,-111
119900013,1972,1230,742
119900014,491,205,286
119900015,260,38,222
119900016,63,79,-16
119900017,70,43,27
119900018,1585,1321,264
119900019,61,16,45
119900020,194,209,-15
119900021,264,128,136
119900022,112,1306,-1194
119900023,519,1812,-1293
119900025,306,34,272
119900026,688,167,521
119900027,47,24,23
119900028,254,159,95
119900029,4,7,-3
119900030,783,369,414
119900031,75,501,-426
119900033,1951,460,1491
119900034,708,72,636
119900037,256,36,220
119900038,58,416,-358
119900039,58,12,46
119900040,137,24,113
119900041,215,28,187
119900042,428,117,311
119900043,106,108,-2
119900044,288,1412,-1124
119900046,214,46,168
119900047,398,147,251
119900048,52,14,38
119900049,184,11,173
119900050,223,148,75
119900051,931,18,913
119900052,108,32,76
119900053,300,142,158
119900054,197,14,183
119900055,1688,522,1166
119900057,410,87,323
119900058,339,11,328
119900059,112,33,79
119900060,458,43,415
119900062,171,33,138
119900063,10,66,-56
119900064,652,100,552
119900065,299,15,284
119900066,3,2,1
119900067,124,26,98
119900068,625,4,621
119900069,183,49,134
119900070,1446,18,1428
119900071,1022,59,963
119900073,1287,538,749
119900074,111,45,66
119900075,2935,2548,387
119900076,835,173,662
119900077,1253,538,715
119900078,739,869,-130
119900079,390,148,242
119900080,2003,1071,932
119900081,358,28,330
119900082,2202,255,1947
119900083,340,111,229
119900084,714,418,296
119900085,44,61,-17
119900087,837,554,283
119900088,22,45,-23
119900089,136,330,-194
119900090,113,66,47
119900091,52,564,-512
119900092,76,369,-293
119900093,1497,285,1212
119900094,35,149,-114
119900095,286,115,171
119900096,39,120,-81
119900097,535,219,316
119900098,58,46,12
119900099,44,154,-110
119900100,1446,2936,-1490
119900101,176,1334,-1158
119900102,92,176,-84
119900103,54,247,-193
119900104,59,150,-91
119900105,1095,2713,-1618
119900106,13,111,-98
119900107,219,1624,-1405
119900108,3019,675,2344
119900109,39,150,-111
119900110,810,368,442
119900111,223,224,-1
119900112,888,650,238
119900113,57,205,-148
119900114,383,653,-270
119900115,547,669,-122
119900116,148,435,-287
119900117,413,435,-22
119900118,209,568,-359
119900119,384,163,221
119900120,639,487,152
119900121,612,495,117
119900122,404,294,110
119900123,243,237,6
119900124,264,555,-291
119900125,50,286,-236
119900126,2970,326,2644
119900127,1740,958,782
119900128,575,377,198
119900129,295,302,-7
119900130,15,165,-150
119900131,44,168,-124
119900132,2,106,-104
119900133,110,94,16
119900134,989,198,791
119900135,2,286,-284
119900136,201,233,-32
119900138,357,507,-150
119900139,57,125,-68
119900140,10,122,-112
119900141,81,878,-797
119900142,32,51,-19
119900143,25,174,-149
119900144,1093,252,841
119900145,106,106,0
119900146,228,262,-34
119900147,5,171,-166
119900148,366,88,278
119900149,693,5302,-4609
119900150,144,154,-10
119900151,1450,841,609
119900152,218,214,4
119900153,296,76,220
119900154,2,120,-118
119900155,55,40,15
119900156,35,9,26
119900157,208,195,13
119900158,316,69,247
119900159,7,804,-797
119900160,65,119,-54
119900161,197,135,62
119900162,1217,1388,-171
119900163,94,169,-75
119900164,0,5,-5
119900165,189,130,59
119900166,123,48,75
119900167,64,87,-23
119900168,1127,558,569
119900169,98,368,-270
119900170,288,285,3
119900171,1021,311,710
119900172,199,41,158
119900173,23,274,-251
119900174,5,138,-133
119900175,1854,607,1247
119900177,29,155,-126
119900178,14,138,-124
119900179,151,707,-556
119900180,1155,877,278
119900181,96,164,-68
119900182,17,239,-222
119900183,166,448,-282
119900184,1350,410,940
119900185,84,227,-143
119900186,62,1317,-1255
119900187,14,260,-246
119900188,188,301,-113
119900189,536,513,23
119900190,100,371,-271
119900191,304,370,-66
119900192,109,126,-17
119900193,643,166,477
119900194,46,97,-51
119900195,37,202,-165
119900196,971,402,569
119900197,397,210,187
119900198,217,199,18
119900199,189,32,157
119900200,772,665,107
119900201,313,181,132
119900202,134,453,-319
119900203,239,652,-413
119900204,526,259,267
119900205,980,401,579
119900206,265,129,136
119900208,215,197,18
119900209,635,1788,-1153
119900210,59,23,36
119900211,94,5,89
119900212,310,215,95
119900213,8,78,-70
119900214,65,58,7
119900215,64,64,0
119900216,20,43,-23
119900217,14,51,-37
119900218,28,69,-41
119900219,24,96,-72
119900220,4,65,-61
119900221,35,154,-119
119900222,12,106,-94
119900223,17,51,-34
119900224,12,26,-14
119900225,587,48,539
119900226,460,2509,-2049
119900227,592,369,223
119900228,64,246,-182
119900229,359,405,-46
119900230,1098,512,586
119900231,416,142,274
119900232,253,173,80
119900233,114,10,104
119900234,25,145,-120
119900235,20,79,-59
119900236,21,164,-143
119900237,95,643,-548
119900238,10,55,-45
119900240,110,85,25
119900241,144,212,-68
119900242,1511,1769,-258
119900244,642,1302,-660
119900245,185,223,-38
119900246,367,823,-456
119900247,36,163,-127
119900248,104,433,-329
119900249,269,191,78
119900253,1517,513,1004
119900254,106,964,-858
119900255,178,634,-456
119900256,1218,661,557
119900257,170,5,165
119900258,350,17,333
119900259,20,123,-103
119900260,302,9,293
119900261,387,133,254
119900262,2,149,-147
119900263,1161,338,823
119900264,200,129,71
119900265,714,301,413
119900266,523,253,270
119900267,276,385,-109
119900268,273,135,138
119900269,1310,832,478
119900271,36,111,-75
119900272,542,326,216
119900275,235,45,190
119900276,84,10,74
119900277,15,15,0
119900278,280,145,135
119900279,135,466,-331
119900280,554,136,418
119900281,2,270,-268
119900282,77,179,-102
119900283,32,165,-133
119900284,47,123,-76
119900285,44,65,-21
119900286,4,27,-23
119900288,6,32,-26
119900289,3,27,-24
119900290,8,24,-16
119900291,2,111,-109
119900292,52,55,-3
119900293,44,5,39
119900294,40,2,38
119900295,51,1,50
119900296,120,73,47
119900299,52,116,-64
119900300,362,204,158
119900301,181,240,-59
119900302,237,144,93
119900303,479,159,320
119900304,290,31,259
119900305,6,91,-85
119900306,35,4,31
119900307,146,61,85
119900308,10,30,-20
119900309,59,149,-90
119900310,226,195,31
119900311,130,89,41
119900312,134,81,53
119900313,263,247,16
119900314,307,419,-112
119900315,2772,1407,1365
119900318,12,46,-34
119900319,27,222,-195
119900320,509,471,38
119900321,157,12,145
119900322,14,80,-66
119900323,3,101,-98
119900324,0,38,-38
119900325,12,220,-208
119900326,37,51,-14
120000001,6455,17008,-10553
120000002,2500,2113,387
120000003,2466,1304,1162
120000004,2410,1401,1009
120000005,2588,1843,745
120000006,1123,1007,116
120000007,2623,3453,-830
120000008,863,1231,-368
120000009,1718,1001,717
120000010,1789,2094,-305
120000011,1043,1320,-277
120000012,1540,1867,-327
120000013,3351,2533,818
120000014,785,1184,-399
120000015,2325,1301,1024
120000016,4057,2081,1976
120000017,3787,2892,895
120000018,3144,14078,-10934
120000019,1131,1558,-427
120000020,2837,3600,-763
120000021,1918,2383,-465
120000022,2701,3869,-1168
120000023,1185,1611,-426
120000024,1263,2349,-1086
120000025,2654,1624,1030
120000026,2813,1565,1248
120000027,2557,2153,404
120000028,876,2491,-1615
120000029,1734,2012,-278
120000030,405,914,-509
120000031,2242,5585,-3343
120000032,5964,3535,2429
120000033,5048,1640,3408
120000034,2370,1351,1019
120000035,2606,1624,982
120000036,3774,5196,-1422
120000037,701,1521,-820
120000038,4127,3671,456
120000039,762,858,-96
120000040,115,577,-462
120000041,1081,1330,-249
120000042,2021,1557,464
120000043,4744,1275,3469
120000044,5713,1489,4224
120000045,7423,1045,6378
120000046,4811,2967,1844
120000047,779,6890,-6111
120000048,6402,4273,2129
120000049,3549,2623,926
120000050,4021,3382,639
120000051,2771,4358,-1587
120000052,6060,2262,3798
120000053,1449,1707,-258
120000054,1590,2720,-1130
120000055,1883,3635,-1752
120000056,4968,3768,1200
120000057,4446,1392,3054
120000058,2168,2086,82
120000059,9,1722,-1713
120000061,110,349,-239
120000062,230,324,-94
120000063,1077,1909,-832
120000064,210,806,-596
120000065,535,1038,-503
120000066,254,574,-320
120000067,67,474,-407
120000068,191,455,-264
120000069,619,563,56
120000070,94,345,-251
120000071,775,76,699
120000072,1184,368,816
120000073,1085,120,965
120000074,201,136,65
120000075,1181,327,854
120000076,2733,410,2323
120000077,2477,728,1749
120000078,3615,1361,2254
120000079,307,161,146
120000080,175,199,-24
120000081,523,134,389
120000082,297,217,80
120000083,83,646,-563
120000084,451,360,91
120000085,295,361,-66
120000086,299,361,-62
120000087,250,335,-85
120000088,954,990,-36
120000089,1164,609,555
120000090,821,476,345
120000091,1224,943,281
120000092,1427,617,810
120000093,816,451,365
120000094,283,670,-387
120000095,1030,340,690
120000096,340,589,-249
120000098,968,632,336
120000099,457,607,-150
120000100,831,695,136
120000101,707,362,345
120000102,693,1003,-310
120000103,1638,993,645
120000104,2195,555,1640
120000105,3761,828,2933
120000106,2919,756,2163
120000107,5010,581,4429
120000108,1775,140,1635
120000109,1479,99,1380
120000110,78,732,-654
120000111,99,666,-567
120000112,678,1723,-1045
120000113,555,1407,-852
120000114,935,1701,-766
120000115,309,1571,-1262
120000116,684,1326,-642
120000117,864,1057,-193
120000118,62,62,0
120000119,28,64,-36
120000120,122,106,16
120000121,14,61,-47
120000122,242,541,-299
120000123,3141,7773,-4632
120000124,576,315,261
120000125,770,565,205
120000126,505,1004,-499
120000127,2121,1367,754
120000128,2461,4643,-2182
120000129,328,271,57
120000130,858,507,351
120000131,521,670,-149
120000134,412,664,-252
120000135,992,530,462
120000137,415,681,-266
120000138,1513,388,1125
120000139,428,339,89
120000140,1312,410,902
120000141,738,328,410
120000142,1045,588,457
120000143,1,82,-81
120000144,221,5,216
120000145,474,2,472
120000146,836,878,-42
120000149,737,936,-199
120000150,2033,11498,-9465
120000151,463,465,-2
120000152,823,133,690
120000153,482,435,47
120000154,628,499,129
120000155,205,311,-106
120000156,570,1442,-872
120000157,1095,511,584
120000158,1030,648,382
120000159,1911,2026,-115
120000160,2653,1943,710
120000161,2808,1987,821
120000162,95,273,-178
120000163,936,722,214
120000164,866,255,611
120000165,772,459,313
120000166,1608,359,1249
120000167,357,318,39
120000168,36,832,-796
120000169,65,2573,-2508
120000170,56,1859,-1803
120000171,52,754,-702
120000172,27,711,-684
120000173,1001,2062,-1061
120000174,158,59,99
120000175,231,54,177
120000176,196,59,137
120000177,1170,139,1031
120000178,77,40,37
120000179,185,96,89
120000180,535,150,385
120000181,171,1542,-1371
120000182,120,705,-585
120000183,13,343,-330
120000184,237,1246,-1009
120000186,97,1177,-1080
120000187,21,372,-351
120000188,72,651,-579
120000190,411,112,299
120000191,563,162,401
120000192,668,79,589
120000193,286,14,272
120000195,55,10,45
120000196,193,66,127
120000197,41,76,-35
120000198,305,62,243
120000199,244,2,242
120000200,253,1,252
120000201,27,51,-24
120000202,2,48,-46
120000203,131,198,-67
120000207,5,72,-67
120000208,24,169,-145
120000209,9,71,-62
120000210,55,91,-36
120000211,300,2,298
120000212,363,1,362
120000213,272,230,42
120000214,2,176,-174
120000215,16,156,-140
120000216,177,36,141
120000217,493,989,-496
120000218,84,540,-456
120000219,1,326,-325
120000220,3,891,-888
120000225,2615,9,2606
120000226,510,11,499
120000227,1187,129,1058
120000228,10629,4744,5885
120000230,630,32,598
120000231,2036,1548,488
120000233,487,10,477
120000235,281,460,-179
120000236,1250,3,1247
120000237,1,771,-770
120000238,2,1204,-1202
120000241,1475,4115,-2640
120000412,510,11,499
120000413,392,159,233
120000414,223,5,218
120000415,1,63,-62
120000416,184,4,180
120000417,18,75,-57
120000418,296,17,279
120000419,17,183,-166
120000420,31,19,12
120000421,6954,5151,1803
120000422,123,1464,-1341
120000423,4,117,-113
120000424,215,113,102
120000436,154,787,-633
120000437,104,103,1
120000438,1548,295,1253
120000439,301,637,-336
120000443,197,1,196
120000444,1601,322,1279
120000445,1986,991,995
120000446,664,199,465
120000447,271,0,271
120000449,210,5,205
120000450,6,110,-104
120000451,176,209,-33
120000452,471,4,467
120000453,0,202,-202
120000454,63,68,-5
120000455,99,60,39
120000456,2123,4522,-2399
120000457,868,465,403
120000458,525,540,-15
120000459,138,65,73
120000665,1016,290,726
120000668,161,1287,-1126
120000669,153,163,-10
120000670,166,1188,-1022
120000671,1777,587,1190
120000672,72,443,-371
120900001,114,118,-4
120900002,365,885,-520
120900003,234,21,213
120900004,40,111,-71
120900005,57,851,-794
120900006,648,243,405
120900007,237,80,157
120900008,537,897,-360
120900009,416,25,391
120900010,826,188,638
120900011,159,246,-87
120900012,189,1652,-1463
120900013,468,243,225
120900014,3,389,-386
120900015,1142,115,1027
120900016,1000,51,949
120900017,1611,80,1531
120900018,236,356,-120
120900019,781,460,321
120900020,764,1786,-1022
120900021,1124,279,845
120900022,29,358,-329
120900023,377,32,345
120900024,2182,496,1686
120900025,1372,1211,161
120900026,287,195,92
120900027,1126,30,1096
120900028,620,151,469
120900029,149,813,-664
120900030,1823,919,904
120900031,411,152,259
120900032,1666,92,1574
120900033,1330,108,1222
120900034,44,2787,-2743
120900035,81,148,-67
120900037,349,14,335
120900038,104,504,-400
120900039,192,88,104
120900040,471,9,462
120900041,140,40,100
120900042,852,35,817
120900043,113,53,60
120900044,22,359,-337
120900045,148,116,32
120900046,740,5,735
120900047,270,200,70
120900048,188,45,143
120900049,682,2,680
120900050,1508,2274,-766
120900051,466,79,387
120900052,837,5,832
120900053,491,69,422
120900054,1750,577,1173
120900055,599,10,589
120900056,831,41,790
120900057,303,16,287
120900058,773,3,770
120900059,164,5,159
120900060,113,21,92
120900061,253,212,41
120900062,330,1,329
120900063,1067,13,1054
120900064,954,7,947
120900065,794,4,790
120900066,481,113,368
120900067,244,87,157
120900068,443,1,442
120900069,374,41,333
120900071,29,1,28
120900072,1079,11,1068
120900073,833,127,706
120900074,1051,24,1027
120900076,501,0,501
120900077,2023,433,1590
120900078,1030,528,502
120900079,1260,107,1153
120900080,1206,971,235
120900081,1686,375,1311
120900082,380,426,-46
120900083,132,7,125
120900084,508,673,-165
120900085,101,161,-60
120900086,88,459,-371
120900087,643,432,211
120900088,284,666,-382
120900089,2065,3769,-1704
120900090,411,77,334
120900091,733,1171,-438
120900092,953,403,550
120900093,1266,134,1132
120900094,418,199,219
120900095,712,17,695
120900096,64,294,-230
120900097,648,518,130
120900098,267,202,65
120900099,87,83,4
120900100,121,178,-57
120900101,484,217,267
120900102,62,122,-60
120900103,100,263,-163
120900104,14,74,-60
120900105,50,284,-234
120900106,875,390,485
120900107,199,168,31
120900108,7,361,-354
120900109,40,419,-379
120900110,11,453,-442
120900111,175,280,-105
120900112,24,503,-479
120900113,39,580,-541
120900114,37,135,-98
120900115,156,293,-137
120900116,618,220,398
120900117,8,264,-256
120900118,23,513,-490
120900119,6499,3838,2661
120900120,85,302,-217
120900121,129,367,-238
120900122,878,325,553
120900123,7,203,-196
120900124,0,322,-322
120900125,3,475,-472
120900126,1680,764,916
120900127,32,315,-283
120900128,1154,1167,-13
120900129,55,259,-204
120900130,9,270,-261
120900131,117,92,25
120900132,1503,182,1321
120900133,109,474,-365
120900134,649,327,322
120900135,6,383,-377
120900136,67,68,-1
120900137,338,102,236
120900138,13,178,-165
120900139,5,498,-493
120900140,7,95,-88
120900141,352,252,100
120900142,16,228,-212
120900143,6,617,-611
120900144,18,99,-81
120900145,194,606,-412
120900146,1,678,-677
120900147,14,444,-430
120900148,191,220,-29
120900149,0,163,-163
120900150,63,398,-335
120900151,0,397,-397
120900152,28,19,9
120900153,123,94,29
120900154,9,120,-111
120900155,234,642,-408
120900156,111,307,-196
120900157,122,208,-86
120900158,99,487,-388
120900159,128,248,-120
120900160,55,651,-596
120900161,56,352,-296
120900162,88,563,-475
120900163,200,924,-724
120900164,1,119,-118
120900165,13,641,-628
120900166,243,638,-395
120900167,359,151,208
120900169,127,155,-28
120900170,644,3691,-3047
120900171,746,261,485
120900172,503,1425,-922
120900173,3,58,-55
120900174,21,106,-85
120900175,225,156,69
120900176,21,453,-432
120900177,7,1592,-1585
120900178,0,682,-682
120900179,656,380,276
120900180,60,220,-160
120900181,180,28,152
120900182,47,297,-250
120900183,580,141,439
120900184,234,77,157
120900185,38,410,-372
120900186,2,224,-222
120900187,666,1129,-463
120900188,365,12,353
120900189,98,2240,-2142
120900190,192,4,188
120900191,25,14,11
120900192,5915,10501,-4586
120900194,77,135,-58
120900195,109,350,-241
120900196,960,45,915
120900197,922,154,768
120900198,265,453,-188
120900199,625,1437,-812
120900200,68,177,-109
120900201,312,143,169
120900202,3,94,-91
120900203,55,72,-17
120900204,125,210,-85
120900205,81,44,37
120900206,22,51,-29
120900207,4,64,-60
121000001,577,936,-359
121000002,2259,1477,782
121000003,2371,1687,684
121000004,2343,3570,-1227
121000005,1554,2499,-945
121000006,3089,2124,965
121000007,2010,2921,-911
121000008,5043,4239,804
121000009,4001,5547,-1546
121000010,6631,6541,90
121000011,6563,10596,-4033
121000012,12862,10520,2342
121000013,4579,5970,-1391
121000014,5379,4804,575
121000015,3822,6608,-2786
121000016,3660,3147,513
121000017,2210,3519,-1309
121000018,2961,1852,1109
121000019,10981,11050,-69
121000020,11517,19675,-8158
121000021,2103,2088,15
121000022,2774,3608,-834
121000023,2808,1984,824
121000024,4710,4673,37
121000025,514,1550,-1036
121000026,323,164,159
121000027,1269,1232,37
121000028,1020,574,446
121000029,950,640,310
121000030,797,443,354
121000031,651,590,61
121000032,194,137,57
121000034,337,254,83
121000035,182,193,-11
121000036,921,791,130
121000037,546,533,13
121000038,450,1016,-566
121000039,261,387,-126
121000041,565,419,146
121000042,321,354,-33
121000043,587,579,8
121000044,1401,1016,385
121000045,519,304,215
121000046,886,926,-40
121000047,73,103,-30
121000049,1137,596,541
121000050,382,1372,-990
121000051,656,281,375
121000052,413,740,-327
121000053,337,143,194
121000054,83,372,-289
121000055,936,1181,-245
121000056,743,997,-254
121000057,562,571,-9
121000058,310,247,63
121000059,2233,1325,908
121000060,609,1200,-591
121000061,148,489,-341
121000062,206,364,-158
121000063,1111,927,184
121000064,896,1000,-104
121000065,270,555,-285
121000066,635,631,4
121000067,463,688,-225
121000068,760,415,345
121000069,286,1150,-864
121000070,1844,1112,732
121000071,1590,1372,218
121000072,1150,697,453
121000073,1161,1183,-22
121000074,104,137,-33
121000075,23,572,-549
121000076,393,452,-59
121000077,166,233,-67
121000078,78,176,-98
121000080,1707,644,1063
121000081,5147,3675,1472
121000082,123,323,-200
121000083,131,120,11
121000084,207,207,0
121000085,241,413,-172
121000086,366,578,-212
121000087,105,256,-151
121000088,596,497,99
121000089,274,467,-193
121000090,388,452,-64
121000091,1109,1048,61
121000092,166,46,120
121000093,202,221,-19
121000094,494,872,-378
121000095,461,637,-176
121000096,2344,2112,232
121000097,646,2417,-1771
121000098,729,777,-48
121000099,776,567,209
121000100,1047,270,777
121000101,491,246,245
121000102,416,178,238
121000103,309,196,113
121000104,433,115,318
121000105,716,147,569
121000106,448,299,149
121000107,1828,2786,-958
121000109,1082,946,136
121000110,240,753,-513
121000114,3088,1998,1090
121000115,1137,607,530
121000116,302,813,-511
121000117,446,216,230
121000118,1767,183,1584
121000119,291,432,-141
121000120,334,356,-22
121000121,702,1234,-532
121000123,1432,721,711
121000126,79,317,-238
121000127,222,95,127
121000128,1161,260,901
121000129,1187,579,608
121000130,777,681,96
121000131,1454,1904,-450
121000132,1146,2124,-978
121000135,408,896,-488
121000136,1237,1200,37
121000137,530,430,100
121000138,929,1570,-641
121000139,578,598,-20
121000141,286,183,103
121000142,604,731,-127
121000143,149,27,122
121000144,827,2188,-1361
121000145,586,680,-94
121000146,1440,1013,427
121000147,1211,502,709
121000148,971,816,155
121000149,2179,1362,817
121000152,466,384,82
121000153,1539,569,970
121000154,1195,489,706
121000155,1638,1051,587
121000156,500,923,-423
121000157,747,1356,-609
121000158,419,380,39
121000159,251,308,-57
121000160,284,279,5
121000161,316,259,57
121000162,192,118,74
121000165,1107,2314,-1207
121000166,36,398,-362
121000168,506,197,309
121000169,88,109,-21
121000170,391,95,296
121000171,69,162,-93
121000172,832,546,286
121000173,1251,1358,-107
121000174,449,428,21
121000175,1249,259,990
121000176,301,291,10
121000177,908,530,378
121000178,85,46,39
121000179,54,47,7
121000181,513,353,160
121000182,176,279,-103
121000183,102,94,8
121000184,251,173,78
121000185,51,252,-201
121000186,315,736,-421
121000187,225,140,85
121000188,261,147,114
121000192,943,463,480
121000193,568,568,0
121000194,1716,2004,-288
121000195,255,864,-609
121000196,652,272,380
121000197,174,663,-489
121000198,217,228,-11
121000199,127,213,-86
121000200,693,155,538
121000201,6,138,-132
121000202,1064,105,959
121000203,899,1396,-497
121000204,3518,828,2690
121000205,111,259,-148
121000206,256,80,176
121000207,2209,707,1502
121000208,4,286,-282
121000209,517,114,403
121000210,730,242,488
121000211,443,118,325
121000212,787,322,465
121000213,9502,2780,6722
121000214,919,1889,-970
121000215,842,1062,-220
121000216,610,635,-25
121000217,3450,2988,462
121000218,368,1352,-984
121000219,1404,652,752
121000220,109,84,25
121000221,120,318,-198
121000222,2093,2172,-79
121000223,317,514,-197
121000224,214,290,-76
121000225,846,2170,-1324
121000226,3077,1261,1816
121000227,5,103,-98
121000228,12,408,-396
121000229,332,450,-118
121000230,62,1221,-1159
121000231,1583,45,1538
121000232,418,347,71
121000233,647,324,323
121000234,45,56,-11
121000235,60,53,7
121000236,11,53,-42
121000237,33,18,15
121000238,16,72,-56
121000239,56,7,49
121000240,12,125,-113
121000241,110,17,93
121000242,97,477,-380
121000243,291,96,195
121000244,19,96,-77
121000245,59,26,33
121000246,2,108,-106
121000247,150,7,143
121000248,536,948,-412
121000249,78,249,-171
121000250,702,287,415
121000251,18,248,-230
121000252,120,98,22
121000253,361,224,137
121000254,772,151,621
121000255,168,196,-28
121000256,445,224,221
121000257,26,81,-55
121000258,128,76,52
121000259,30,58,-28
121000260,58,87,-29
121000261,57,57,0
121000262,1009,754,255
121000263,483,293,190
121000271,359,1175,-816
121000273,35,9,26
121000274,12,50,-38
121000275,4,9,-5
121000276,11,8,3
121000278,56,26,30
121000279,31,20,11
121000280,48,53,-5
121000289,253,23,230
121000290,953,902,51
121000294,284,96,188
121000297,577,1157,-580
121000299,108,446,-338
121000300,913,607,306
121000302,36,945,-909
121000303,556,257,299
121000304,440,101,339
121000305,171,55,116
121000306,187,143,44
121000308,159,239,-80
121000309,317,460,-143
121000310,145,284,-139
121000311,93,591,-498
121000312,409,317,92
121000313,294,409,-115
121000314,57,87,-30
121000315,35,82,-47
121000530,1770,1120,650
121000531,1834,1197,637
121000532,6257,8393,-2136
121000533,3279,3473,-194
121000918,35,75,-40
121000919,34,70,-36
121000938,77,221,-144
121000939,62,282,-220
121000956,1726,971,755
121000957,16,11,5
121000958,27,57,-30
121000959,1032,424,608
121000960,1313,1558,-245
121000961,278,53,225
121000962,484,415,69
121000973,3,163,-160
121000976,12,272,-260
121000979,405,191,214
121000981,361,95,266
121000982,326,94,232
121000983,453,213,240
121000984,40,67,-27
121000985,808,274,534
121000986,546,116,430
121000987,225,512,-287
121000988,925,94,831
121001302,203,135,68
121001308,1,27,-26
121001309,48,403,-355
121001313,216,107,109
121001314,1233,1953,-720
121001315,5287,2908,2379
121900001,123,142,-19
121900002,42,26,16
121900003,428,13,415
121900004,96,291,-195
121900005,58,25,33
121900006,131,26,105
121900007,1784,2100,-316
121900008,348,942,-594
121900009,598,18,580
121900010,251,6,245
121900011,417,372,45
121900012,17,0,17
121900013,847,120,727
121900014,1346,350,996
121900015,321,217,104
121900016,3,17,-14
121900017,578,350,228
121900018,419,10,409
121900019,558,235,323
121900020,10,5,5
121900021,1091,32,1059
121900022,294,267,27
121900023,207,316,-109
121900024,337,102,235
121900025,754,393,361
121900026,305,39,266
121900027,743,264,479
121900028,267,35,232
121900029,136,186,-50
121900030,485,614,-129
121900031,859,6703,-5844
121900032,85,52,33
121900033,199,271,-72
121900034,354,116,238
121900035,3000,2601,399
121900036,115,421,-306
121900037,217,1052,-835
121900038,36,135,-99
121900039,345,73,272
121900040,101,122,-21
121900041,154,238,-84
121900042,428,151,277
121900043,5,2,3
121900044,102,74,28
121900046,344,358,-14
121900047,246,75,171
121900048,111,70,41
121900050,50,46,4
121900051,252,125,127
121900052,205,48,157
121900053,490,381,109
121900054,640,973,-333
121900055,1,19,-18
121900058,360,141,219
121900059,514,197,317
121900060,187,272,-85
121900061,240,219,21
121900062,154,161,-7
121900063,1674,367,1307
121900064,352,487,-135
121900066,73,31,42
121900067,85,33,52
121900069,180,122,58
121900070,319,161,158
121900071,583,227,356
121900072,70,88,-18
121900073,302,238,64
121900074,633,1316,-683
121900075,494,795,-301
121900076,579,494,85
121900077,36,16,20
121900078,155,47,108
121900079,0,0,0
121900080,1047,435,612
121900082,94,51,43
121900084,55,68,-13
121900085,3,8,-5
121900086,20,65,-45
121900087,166,149,17
121900088,1648,3334,-1686
121900089,295,324,-29
121900090,51,59,-8
121900091,137,79,58
121900092,141,114,27
121900093,83,62,21
121900094,55,11,44
121900095,384,182,202
121900096,1482,863,619
121900097,839,232,607
121900098,19,12,7
121900099,294,65,229
121900100,128,609,-481
121900101,173,136,37
121900102,13,131,-118
121900103,556,186,370
121900104,1799,339,1460
121900105,442,269,173
121900106,6,25,-19
121900107,76,30,46
121900108,0,30,-30
121900109,303,157,146
121900110,678,472,206
121900111,739,351,388
121900112,269,150,119
121900113,108,628,-520
121900114,104,78,26
121900117,220,339,-119
121900118,1735,700,1035
121900119,195,82,113
121900120,74,1166,-1092
121900121,567,46,521
121900122,46,87,-41
121900123,248,394,-146
121900124,213,127,86
121900125,2253,1119,1134
121900127,19,118,-99
121900128,84,62,22
121900129,312,178,134
121900130,136,186,-50
121900131,331,115,216
121900132,79,68,11
121900133,67,1307,-1240
121900134,63,228,-165
121900135,3211,541,2670
121900136,392,214,178
121900137,43,268,-225
121900138,138,118,20
121900139,331,719,-388
121900140,79,156,-77
121900141,98,19,79
121900142,179,106,73
121900143,27,232,-205
121900144,113,253,-140
121900145,254,418,-164
121900146,625,753,-128
121900147,68,237,-169
121900148,208,349,-141
121900149,402,491,-89
121900150,54,174,-120
121900151,85,221,-136
121900152,136,90,46
121900153,73,890,-817
121900154,12,261,-249
121900155,5,218,-213
121900156,212,243,-31
121900157,0,288,-288
121900158,116,89,27
121900159,0,197,-197
121900160,97,269,-172
121900161,252,399,-147
121900162,101,184,-83
121900163,365,312,53
121900164,315,146,169
121900165,221,98,123
121900166,177,106,71
121900167,119,117,2
121900168,162,265,-103
121900169,5,160,-155
121900170,8,165,-157
121900171,918,608,310
121900172,545,233,312
121900173,742,243,499
121900174,45,86,-41
121900175,149,264,-115
121900176,484,1183,-699
121900177,184,75,109
121900178,50,44,6
121900179,506,269,237
121900180,2068,5805,-3737
121900182,831,389,442
121900183,901,1479,-578
121900184,119,640,-521
121900186,6,540,-534
121900187,33,178,-145
121900188,540,370,170
121900189,47,101,-54
121900190,328,401,-73
121900191,151,259,-108
121900192,287,984,-697
121900193,86,138,-52
121900194,6,490,-484
121900195,47,89,-42
121900196,809,796,13
121900197,465,940,-475
121900198,1214,1083,131
121900199,5,42,-37
121900200,129,217,-88
121900201,737,1046,-309
121900202,126,692,-566
121900203,179,1271,-1092
121900204,610,1320,-710
121900205,19,112,-93
121900206,42,43,-1
121900207,100,63,37
121900208,142,310,-168
121900209,105,65,40
121900210,1469,1180,289
121900211,33,124,-91
121900212,84,123,-39
121900213,384,78,306
121900214,10,508,-498
121900215,59,105,-46
121900216,51,348,-297
121900217,220,236,-16
121900218,224,470,-246
121900220,112,16,96
121900221,263,582,-319
121900222,260,153,107
121900223,199,40,159
121900224,138,51,87
121900225,113,143,-30
121900226,362,128,234
121900227,327,590,-263
121900228,193,235,-42
121900230,73,432,-359
121900231,149,3379,-3230
121900232,210,262,-52
121900233,192,174,18
121900234,429,179,250
121900235,631,171,460
121900236,313,191,122
121900237,168,354,-186
121900238,179,346,-167
121900239,237,48,189
121900240,365,187,178
121900241,95,69,26
121900242,10,1,9
121900243,21,0,21
121900244,24,4,20
121900245,204,76,128
121900246,2889,231,2658
121900247,359,237,122
121900248,1060,1303,-243
121900250,262,416,-154
121900251,489,53,436
121900252,597,148,449
121900253,72,596,-524
121900254,471,253,218
121900255,477,129,348
121900258,3824,2002,1822
121900259,359,651,-292
121900260,236,107,129
121900261,187,636,-449
121900262,400,1026,-626
121900263,362,202,160
121900264,1296,1182,114
121900265,432,212,220
121900266,638,124,514
121900267,90,61,29
121900269,253,974,-721
121900270,60,193,-133
121900271,40,157,-117
121900273,579,1908,-1329
121900274,352,222,130
121900277,375,902,-527
121900278,124,744,-620
121900279,152,135,17
121900280,166,475,-309
121900281,192,934,-742
121900284,93,12,81
121900286,194,72,122
121900287,40,38,2
121900288,2,0,2
121900290,241,529,-288
121900291,326,806,-480
121900292,151,124,27
121900293,857,2550,-1693
121900294,290,12,278
121900295,153,147,6
121900296,74,320,-246
121900298,255,1006,-751
121900299,0,14,-14
121900300,142,9,133
121900301,136,10,126
121900302,9,57,-48
121900303,489,297,192
121900304,4,21,-17
121900305,8,26,-18
121900306,302,5,297
121900307,123,15,108
121900308,19,166,-147
121900309,15,140,-125
121900310,24,201,-177
121900311,511,27,484
121900312,438,20,418
121900313,416,14,402
121900314,1,41,-40
121900315,13,1,12
121900316,0,10,-10
121900317,25,9,16
121900318,8,11,-3
121900319,50,175,-125
121900320,36,25,11
121900321,24,1,23
121900322,8,16,-8
121900323,26,35,-9
121900324,3,41,-38
121900325,17,2,15
121900326,2,21,-19
121900327,14,38,-24
121900328,0,25,-25
121900329,3,77,-74
121900330,1,58,-57
121900331,70,101,-31
121900332,70,34,36
121900333,37,0,37
122000001,1600,4689,-3089
122000002,2809,1184,1625
122000003,1526,2769,-1243
122000004,2163,1562,601
122000005,2473,2251,222
122000006,1246,1149,97
122000007,718,1560,-842
122000008,1872,3954,-2082
122000009,383,419,-36
122000010,2001,2607,-606
122000011,3406,1711,1695
122000012,945,2075,-1130
122000013,816,1067,-251
122000014,1848,956,892
122000015,1056,1022,34
122000016,500,769,-269
122000017,1144,1134,10
122000018,1603,1489,114
122000019,971,1085,-114
122000020,291,305,-14
122000021,258,482,-224
122000022,1124,1045,79
122000023,720,1508,-788
122000024,676,1635,-959
122000025,674,2143,-1469
122000026,663,1347,-684
122000027,557,1314,-757
122000028,925,579,346
122000029,453,563,-110
122000030,202,170,32
122000031,138,383,-245
122000032,2108,2022,86
122000033,561,1659,-1098
122000034,571,716,-145
122000035,302,735,-433
122000036,522,447,75
122000037,410,267,143
122000038,251,312,-61
122000039,573,476,97
122000040,270,294,-24
122000041,498,575,-77
122000042,334,355,-21
122000043,97,116,-19
122000044,143,118,25
122000045,1266,543,723
122000046,850,657,193
122000047,193,245,-52
122000048,2844,4220,-1376
122000049,4963,3462,1501
122000050,1338,694,644
122000051,219,427,-208
122000052,394,547,-153
122000053,197,1043,-846
122000054,2125,1942,183
122000055,1964,3406,-1442
122000056,3257,3073,184
122000057,2531,3692,-1161
122000058,1300,1671,-371
122000059,1502,2579,-1077
122000060,432,967,-535
122000061,379,704,-325
122000062,517,256,261
122000063,832,862,-30
122000064,2796,3341,-545
122000065,2615,2169,446
122000066,902,969,-67
122000067,1523,1113,410
122000068,1668,944,724
122000069,795,628,167
122000070,876,1089,-213
122000071,2008,1081,927
122000072,528,531,-3
122000073,288,973,-685
122000074,3045,1388,1657
122000075,880,1174,-294
122000076,3726,1338,2388
122000077,862,1301,-439
122000078,1180,3109,-1929
122000079,637,1552,-915
122000080,588,487,101
122000081,205,230,-25
122000082,345,1186,-841
122000083,2391,1180,1211
122000084,2332,1119,1213
122000085,323,713,-390
122000086,2275,5911,-3636
122000087,319,488,-169
122000088,604,603,1
122000089,3912,2447,1465
122000090,178,596,-418
122000091,149,138,11
122000092,65,33,32
122000093,1641,2761,-1120
122000094,4261,3556,705
122000095,1337,4480,-3143
122000096,1018,1927,-909
122000098,2098,3456,-1358
122000099,1128,778,350
122000100,771,559,212
122000101,335,428,-93
122000102,1870,925,945
122000103,2011,1364,647
122000104,360,212,148
122000105,388,299,89
122000106,411,740,-329
122000107,1093,468,625
122000108,545,686,-141
122000109,474,272,202
122000110,555,594,-39
122000111,2540,1572,968
122000112,1045,1370,-325
122000113,674,661,13
122000114,2318,1722,596
122000115,1883,1283,600
122000116,482,614,-132
122000117,1150,422,728
122000118,639,764,-125
122000119,2700,2107,593
122000120,1345,3464,-2119
122000121,1186,2471,-1285
122000122,581,1351,-770
122000123,1491,1704,-213
122000124,869,618,251
122000125,521,756,-235
122000126,509,900,-391
122000127,784,901,-117
122000128,367,538,-171
122000129,530,1737,-1207
122000130,2929,1412,1517
122000131,1301,976,325
122000132,268,462,-194
122000133,1048,949,99
122000134,1115,741,374
122000135,640,540,100
122000136,915,666,249
122000137,2157,890,1267
122000139,905,3859,-2954
122000140,619,633,-14
122000141,3104,1319,1785
122000142,222,982,-760
122000143,429,413,16
122000144,1297,1069,228
122000145,840,908,-68
122000146,486,1776,-1290
122000147,595,580,15
122000148,991,2418,-1427
122000149,1886,1422,464
122000150,1247,1002,245
122000151,168,379,-211
122000152,334,367,-33
122000153,351,232,119
122000154,238,196,42
122000155,1422,2660,-1238
122000156,2558,2901,-343
122000157,1056,2801,-1745
122000158,311,527,-216
122000159,624,1091,-467
122000160,2570,2014,556
122000161,1226,1209,17
122000162,1561,1831,-270
122000163,245,137,108
122000164,79,103,-24
122000165,930,713,217
122000166,730,1116,-386
122000167,349,266,83
122000168,170,546,-376
122000169,299,167,132
122000170,443,236,207
122000171,54,105,-51
122000172,1578,1322,256
122000173,1308,2472,-1164
122000174,2268,1096,1172
122000175,791,308,483
122000176,375,868,-493
122000177,1331,1525,-194
122000178,2565,2606,-41
122000179,1802,2400,-598
122000180,1371,1359,12
122000181,1229,2951,-1722
122000182,1437,1924,-487
122000183,2091,1114,977
122000184,2523,2557,-34
122000185,1186,1916,-730
122000186,425,951,-526
122000187,2060,778,1282
122000188,412,286,126
122000189,197,308,-111
122000190,843,1188,-345
122000191,905,948,-43
122000192,1310,365,945
122000193,531,715,-184
122000194,436,171,265
122000195,110,387,-277
122000196,1482,574,908
122000197,517,702,-185
122000198,487,1055,-568
122000199,390,342,48
122000200,832,679,153
122000201,1201,1566,-365
122000202,1315,1596,-281
122000203,2511,1261,1250
122000204,1251,1772,-521
122000205,940,1297,-357
122000206,2393,897,1496
122000207,2258,1257,1001
122000208,2427,1262,1165
122000209,1780,459,1321
122000210,1927,1466,461
122000211,1424,1115,309
122000212,937,667,270
122000213,1024,1505,-481
122000214,2057,1854,203
122000215,2059,1754,305
122000217,1465,1493,-28
122000218,683,78,605
122000219,1084,783,301
122000220,368,651,-283
122000221,63,346,-283
122000222,599,170,429
122000223,1161,547,614
122000225,921,384,537
122000226,1681,1432,249
122000227,233,1976,-1743
122000228,394,277,117
122000229,22,502,-480
122000230,64,342,-278
122000231,306,723,-417
122000232,704,704,0
122000233,2,78,-76
122000234,418,48,370
122000235,488,100,388
122000236,1677,90,1587
122000237,156,90,66
122000238,377,412,-35
122000239,793,210,583
122000240,1504,613,891
122000241,1954,400,1554
122000242,903,201,702
122000243,31,29,2
122000244,22,345,-323
122000245,7,54,-47
122000246,31,96,-65
122000247,598,206,392
122000248,791,1002,-211
122000249,1179,930,249
122000250,2245,952,1293
122000251,231,473,-242
122000252,487,153,334
122000253,92,228,-136
122000254,365,88,277
122000255,870,1000,-130
122000256,353,568,-215
122000257,214,173,41
122000258,359,229,130
122000259,15,290,-275
122000260,8,52,-44
122000261,11,326,-315
122000262,4,33,-29
122000263,383,634,-251
122000264,1517,263,1254
122000265,2334,949,1385
122000266,3992,636,3356
122000267,179,164,15
122000268,167,304,-137
122000269,989,313,676
122000270,530,155,375
122000271,242,867,-625
122000272,404,798,-394
122000273,410,365,45
122000274,276,171,105
122000275,100,166,-66
122000276,977,451,526
122000277,1199,1395,-196
122000278,1902,437,1465
122000279,272,273,-1
122000280,851,526,325
122000281,948,796,152
122000282,209,356,-147
122000283,295,161,134
122000284,224,80,144
122000285,286,73,213
122000286,57,141,-84
122000287,1363,1227,136
122000288,477,228,249
122000291,2280,770,1510
122000293,223,192,31
122000294,155,273,-118
122000295,1137,186,951
122000296,19,432,-413
122000297,2027,3726,-1699
122000299,501,458,43
122000300,472,682,-210
122000301,5676,3322,2354
122000302,515,2174,-1659
122000303,2374,1151,1223
122000304,87,180,-93
122000305,1335,202,1133
122000306,42,412,-370
122000307,99,76,23
122000309,48,48,0
122000310,15,79,-64
122000311,139,88,51
122000312,122,164,-42
122000313,97,73,24
122000314,81,251,-170
122000315,277,63,214
122000316,952,205,747
122000317,1808,253,1555
122000318,257,1047,-790
122000319,155,310,-155
122000320,285,671,-386
122000321,56,118,-62
122000322,1534,1986,-452
122000323,901,2294,-1393
122000324,1089,1219,-130
122000325,865,2063,-1198
122000326,127,91,36
122000327,476,612,-136
122000328,648,445,203
122000330,1700,1009,691
122000332,219,368,-149
122000333,12,79,-67
122000337,1126,642,484
122000338,652,334,318
122000340,276,691,-415
122000342,1236,754,482
122000343,415,588,-173
122000344,87,18,69
122000345,26,32,-6
122000346,354,286,68
122000348,931,832,99
122000349,149,729,-580
122000351,149,220,-71
122000352,363,174,189
122000353,166,49,117
122000355,138,268,-130
122000356,990,1283,-293
122000357,123,10,113
122000358,0,31,-31
122000359,0,21,-21
122000360,1,30,-29
122000362,11,60,-49
122000364,270,289,-19
122000365,4,55,-51
122000366,10,7,3
122000368,522,630,-108
122000370,59,35,24
122000371,35,0,35
122000372,8,0,8
122000381,204,329,-125
122000382,121,216,-95
122000384,1659,980,679
122000385,76,0,76
122000386,273,1696,-1423
122000387,509,654,-145
122000388,1501,693,808
122000389,153,846,-693
122000390,330,255,75
122000391,247,330,-83
122000392,164,150,14
122000393,59,112,-53
122000394,557,266,291
122000395,140,107,33
122000396,242,110,132
122000397,32,27,5
122000398,27,56,-29
122000399,158,80,78
122000400,97,833,-736
122000401,121,44,77
122000402,427,115,312
122000403,472,476,-4
122000404,173,119,54
122000408,607,908,-301
122000503,21,108,-87
122000524,166,172,-6
122000544,95,2038,-1943
122000616,279,7,272
122000640,77,75,2
122000641,155,208,-53
122000642,933,714,219
122000643,70,164,-94
122000644,92,57,35
122000645,102,183,-81
122000651,875,1107,-232
122000664,141,35,106
122000665,1198,551,647
122000666,741,984,-243
122000673,40,160,-120
122000674,184,68,116
122000675,1803,544,1259
122000686,486,660,-174
122000687,1985,249,1736
122000688,321,337,-16
122000689,1088,300,788
122000690,2441,339,2102
122000691,822,769,53
122000692,1789,381,1408
122000693,462,1022,-560
122000695,467,265,202
122000696,614,118,496
122000698,468,300,168
122000699,167,70,97
122000701,1560,301,1259
122000702,462,768,-306
122000703,195,66,129
122000717,51,72,-21
122000718,360,878,-518
122000719,116,74,42
122000720,622,101,521
122000724,115,17,98
122900001,69,12,57
122900002,1019,6029,-5010
122900003,466,49,417
122900004,2371,92,2279
122900005,160,175,-15
122900006,934,1289,-355
122900007,154,143,11
122900008,665,243,422
122900009,645,656,-11
122900010,252,113,139
122900012,200,407,-207
122900014,164,221,-57
122900015,1039,1703,-664
122900016,121,270,-149
122900017,255,780,-525
122900018,183,37,146
122900019,19,114,-95
122900020,176,388,-212
122900021,38,361,-323
122900022,1271,668,603
122900023,740,186,554
122900024,195,137,58
122900025,8,334,-326
122900026,42,216,-174
122900027,64,456,-392
122900028,132,170,-38
122900029,3840,2734,1106
122900030,1241,615,626
122900031,37,341,-304
122900032,108,363,-255
122900033,268,137,131
122900034,3465,4770,-1305
122900035,44,18,26
122900036,87,76,11
122900037,446,111,335
122900038,100,3141,-3041
122900039,128,611,-483
122900040,276,452,-176
122900041,392,357,35
122900042,233,304,-71
122900043,413,224,189
122900044,107,399,-292
122900045,122,125,-3
122900046,210,309,-99
122900047,161,173,-12
122900048,53,205,-152
122900049,1157,160,997
122900051,90,145,-55
122900052,124,107,17
122900053,31,30,1
122900055,323,159,164
122900057,256,54,202
122900061,520,306,214
122900062,611,845,-234
122900063,189,265,-76
122900064,747,391,356
122900065,588,287,301
122900066,869,455,414
122900067,975,576,399
122900068,148,320,-172
122900069,353,1661,-1308
122900070,336,57,279
122900071,102,200,-98
122900072,12,239,-227
122900073,33,142,-109
122900074,961,387,574
122900075,1,73,-72
122900076,6,140,-134
122900077,0,78,-78
122900078,220,53,167
122900080,51,52,-1
122900081,154,131,23
122900082,1071,127,944
122900083,151,98,53
122900084,8,157,-149
122900086,25,137,-112
122900087,339,374,-35
122900088,50,320,-270
122900089,38,329,-291
122900090,9,272,-263
122900091,393,3,390
122900092,1,99,-98
122900093,1,103,-102
122900094,3,134,-131
122900095,307,20,287
122900096,522,92,430
122900097,32,78,-46
122900098,50,141,-91
122900099,100,21,79
122900100,246,647,-401
122900101,506,357,149
122900102,16,49,-33
122900103,151,13,138
122900104,266,2,264
122900105,24,14,10
122900106,4,45,-41
122900107,8,68,-60
122900108,2,77,-75
123000001,874,540,334
123000002,2524,5941,-3417
123000003,4059,4693,-634
123000004,2466,3441,-975
123000005,2863,2770,93
123000006,1848,1744,104
123000007,3984,2430,1554
123000008,2180,2218,-38
123000009,4367,2428,1939
123000010,2865,2815,50
123000011,1752,696,1056
123000012,578,1919,-1341
123000013,3417,893,2524
123000014,636,3030,-2394
123000015,2049,1012,1037
123000016,2622,4009,-1387
123000017,3211,1755,1456
123000018,76,114,-38
123000019,597,88,509
123000020,374,56,318
123000021,304,262,42
123000022,363,2176,-1813
123000023,1547,1982,-435
123000024,1621,620,1001
123000025,89,124,-35
123000026,14,150,-136
123000027,144,707,-563
123000028,1606,856,750
123000029,765,1265,-500
123000030,313,165,148
123000031,373,203,170
123000032,566,103,463
123000033,213,50,163
123000034,1160,667,493
123000035,490,395,95
123000036,271,949,-678
123000037,208,209,-1
123000038,64,177,-113
123000039,395,1810,-1415
123000040,573,264,309
123000041,1000,1260,-260
123000042,594,659,-65
123000043,2156,11879,-9723
123000044,3013,2619,394
123000045,4110,3250,860
123000046,436,1570,-1134
123000047,1417,1022,395
123000048,91,1012,-921
123000049,5011,11084,-6073
123000050,1929,1577,352
123000051,111,217,-106
123000052,828,3374,-2546
123000053,2522,3163,-641
123000054,1650,1535,115
123000055,1617,3119,-1502
123000056,1101,1537,-436
123000057,5331,7367,-2036
123000058,646,1245,-599
123000059,317,512,-195
123000060,1049,389,660
123000061,308,627,-319
123000063,976,1013,-37
123000064,1157,241,916
123000065,3564,2372,1192
123000066,591,616,-25
123000067,923,414,509
123000068,2555,2327,228
123000069,5333,2466,2867
123000070,203,508,-305
123000071,1483,714,769
123000072,1289,589,700
123000073,1619,763,856
123000074,1074,737,337
123000075,373,1375,-1002
123000076,811,416,395
123000077,1931,1699,232
123000078,1939,1430,509
123000079,1862,1446,416
123000080,2365,1156,1209
123000081,158,288,-130
123000082,292,799,-507
123000083,1047,310,737
123000084,748,397,351
123000085,508,67,441
123000086,851,123,728
123000087,555,255,300
123000088,1313,596,717
123000089,501,771,-270
123000090,1190,742,448
123000091,1269,1192,77
123000092,851,1080,-229
123000094,673,211,462
123000095,734,569,165
123000096,956,320,636
123000097,628,426,202
123000098,942,509,433
123000099,845,472,373
123000100,447,699,-252
123000101,540,590,-50
123000102,429,787,-358
123000104,443,524,-81
123000105,472,428,44
123000106,324,472,-148
123000107,278,467,-189
123000108,427,964,-537
123000111,1104,360,744
123000112,1567,496,1071
123000113,498,789,-291
123000114,317,633,-316
123000115,328,234,94
123000116,62,73,-11
123000117,1672,1209,463
123000118,496,650,-154
123000119,247,635,-388
123000120,338,529,-191
123000121,427,444,-17
123000122,290,267,23
123000123,474,469,5
123000124,398,348,50
123000125,1176,1488,-312
123000126,1092,4758,-3666
123000127,571,486,85
123000128,260,219,41
123000129,914,189,725
123000130,800,118,682
123000131,1138,801,337
123000132,272,454,-182
123000133,173,278,-105
123000134,242,123,119
123000135,3050,969,2081
123000136,258,497,-239
123000137,145,225,-80
123000138,70,268,-198
123000139,743,129,614
123000140,135,500,-365
123000141,826,170,656
123000142,731,657,74
123000143,874,1281,-407
123000144,22,32,-10
123000145,179,239,-60
123000146,26,56,-30
123000147,60,56,4
123000149,306,274,32
123000150,150,235,-85
123000151,193,461,-268
123000152,79,437,-358
123000153,144,677,-533
123000154,1313,1859,-546
123000155,1745,1264,481
123000156,28,88,-60
123000157,572,759,-187
123000158,473,757,-284
123000159,3069,3004,65
123000160,1141,980,161
123000161,1752,1348,404
123000162,1280,1698,-418
123000163,728,134,594
123000164,1970,350,1620
123000165,372,1023,-651
123000166,51,99,-48
123000167,130,219,-89
123000168,314,148,166
123000169,1055,154,901
123000170,73,86,-13
123000171,1104,12,1092
123000172,141,397,-256
123000173,650,306,344
123000174,1183,488,695
123000175,422,817,-395
123000176,1448,341,1107
123000177,353,872,-519
123000178,873,211,662
123000179,58,379,-321
123000180,1689,331,1358
123000181,285,853,-568
123000182,305,255,50
123000183,223,583,-360
123000184,113,368,-255
123000185,1090,281,809
123000186,2,332,-330
123000187,694,21,673
123000188,167,3,164
123000189,252,106,146
123000190,124,78,46
123000192,39,288,-249
123000193,66,591,-525
123000194,350,280,70
123000195,372,52,320
123000196,386,32,354
123000197,99,122,-23
123000198,44,638,-594
123000199,20,533,-513
123000200,662,16,646
123000201,1394,28,1366
123000202,19,638,-619
123000203,1201,97,1104
123000204,80,727,-647
123000205,397,1085,-688
123000206,2641,365,2276
123000207,72,587,-515
123000208,635,259,376
123000209,2330,747,1583
123000210,488,1384,-896
123000211,487,1578,-1091
123000212,3508,578,2930
123000213,617,100,517
123000215,52,180,-128
123000216,157,787,-630
123000217,220,59,161
123000218,55,785,-730
123000219,611,91,520
123000220,606,121,485
123000221,218,83,135
123000222,525,279,246
123000223,697,189,508
123000224,548,298,250
123000225,334,56,278
123000226,130,288,-158
123000227,71,244,-173
123000228,407,78,329
123000229,773,1109,-336
123000232,127,485,-358
123000233,908,186,722
123000234,208,455,-247
123000235,1639,248,1391
123000236,415,577,-162
123000237,384,158,226
123000238,112,309,-197
123000239,402,760,-358
123000240,60,683,-623
123000241,328,89,239
123000242,312,167,145
123000243,761,716,45
123000244,883,713,170
123000245,58,143,-85
123000249,365,414,-49
123000252,972,329,643
123000253,1626,514,1112
123000254,774,667,107
123000255,1416,806,610
123000256,20,224,-204
123000257,2168,1411,757
123000258,887,516,371
123000259,500,400,100
123000260,552,326,226
123000261,349,121,228
123000262,111,107,4
123000263,621,116,505
123000264,296,96,200
123000265,42,126,-84
123000266,613,585,28
123000267,807,355,452
123000268,53,37,16
123000269,70,64,6
123000270,57,55,2
123000271,74,57,17
123000272,703,289,414
123000273,264,740,-476
123000274,1219,550,669
123000275,322,648,-326
123000278,1951,2289,-338
123000279,133,70,63
123000280,285,288,-3
123000281,321,130,191
123000282,142,271,-129
123000283,156,56,100
123000284,52,75,-23
123000286,202,362,-160
123000287,527,329,198
123000288,1621,1199,422
123000289,356,1349,-993
123000291,264,785,-521
123000294,160,180,-20
123000295,800,976,-176
123000296,831,418,413
123000297,924,331,593
123000298,797,307,490
123000299,86,109,-23
123000300,1223,842,381
123000301,193,363,-170
123000302,110,158,-48
123000303,153,230,-77
123000305,695,740,-45
123000306,254,66,188
123000309,56,47,9
123000310,68,33,35
123000311,1,53,-52
123000312,351,532,-181
123000313,639,312,327
123000315,191,208,-17
123000316,729,76,653
123000317,233,114,119
123000318,61,156,-95
123000329,15,22,-7
123000337,738,451,287
123000338,353,180,173
123000339,416,90,326
123000340,130,223,-93
123000342,39,13,26
123000343,46,15,31
123000344,825,347,478
123000345,362,533,-171
123000346,385,47,338
123000352,988,755,233
123000353,34,67,-33
123000354,230,40,190
123000355,1,188,-187
123000356,418,9,409
123000357,0,100,-100
123000359,5,126,-121
123000360,241,122,119
123000361,178,275,-97
123000362,625,80,545
123000363,184,131,53
123000364,517,534,-17
123000365,22,503,-481
123000366,392,2327,-1935
123000367,266,672,-406
123000370,30,243,-213
123000371,588,45,543
123000372,389,26,363
123000373,14,284,-270
123000374,10,139,-129
123000375,365,43,322
123000376,796,545,251
123000377,662,16,646
123000378,23,212,-189
123000379,8,185,-177
123000380,53,503,-450
123000381,95,132,-37
123000382,617,173,444
123000383,105,1304,-1199
123000384,377,112,265
123000385,165,496,-331
123000436,23,1133,-1110
123000507,114,232,-118
123000508,183,1192,-1009
123000517,254,37,217
123000518,41,226,-185
123000519,169,94,75
123000520,48,247,-199
123000521,458,133,325
123000522,139,350,-211
123000541,7,1,6
123000542,0,4,-4
123000565,5,1,4
123000566,1346,276,1070
123000567,81,133,-52
123000573,55,392,-337
123000574,1076,89,987
123000575,1403,681,722
123000576,1168,830,338
123000577,62,645,-583
123000578,326,109,217
123000579,1096,6914,-5818
123000580,72,52,20
123000582,582,28,554
123000583,24,237,-213
123000584,191,238,-47
123000585,0,99,-99
123000586,72,0,72
123000596,83,76,7
123000597,68,130,-62
123000602,109,18,91
123000603,1007,415,592
123000604,514,349,165
123000605,558,58,500
123000606,0,338,-338
123000609,24,289,-265
123000610,237,91,146
123000613,34,192,-158
123000614,277,59,218
123000615,30,71,-41
123000616,1059,100,959
123000617,145,186,-41
123000618,88,473,-385
123000619,587,83,504
123000620,59,289,-230
123000622,655,24,631
123000624,225,37,188
123000630,1295,501,794
123000631,211,542,-331
123000632,492,463,29
123000633,0,90,-90
123000634,39,207,-168
123000635,73,74,-1
123000636,41,310,-269
123000637,222,33,189
123000638,517,21,496
123000639,734,5436,-4702
123000640,32,438,-406
123900001,862,53,809
123900002,46,1236,-1190
123900003,246,214,32
123900005,238,169,69
123900006,277,32,245
124000001,1913,222,1691
124000002,83,1032,-949
124000003,1272,169,1103
124000004,82,351,-269
124000005,1299,601,698
124000006,193,633,-440
124000007,386,120,266
124000008,15,398,-383
124000009,662,243,419
124000010,212,279,-67
124000011,1063,323,740
124000012,269,298,-29
124000017,216,129,87
124000018,147,36,111
124000019,141,94,47
124000020,48,103,-55
124000021,98,116,-18
124000022,92,174,-82
124000023,1366,1532,-166
124000024,1044,365,679
124000025,1115,1824,-709
124000026,912,924,-12
124000027,4105,4807,-702
124000028,1223,3126,-1903
124000030,1780,1300,480
124000031,1170,4491,-3321
124000032,1313,624,689
124000033,4,236,-232
124000034,680,465,215
124000035,34,284,-250
124000036,62,136,-74
124000037,673,1327,-654
124000038,59,110,-51
124000039,854,410,444
124000040,440,1268,-828
124000041,520,106,414
124000042,128,373,-245
124000043,164,181,-17
124000044,86,152,-66
124000045,1023,462,561
124000046,399,553,-154
124000047,2314,803,1511
124000048,1213,744,469
124000049,2301,550,1751
124000050,929,1042,-113
124000051,1371,465,906
124000052,566,580,-14
124000053,614,2024,-1410
124000054,715,406,309
124000055,1284,3332,-2048
124000056,1472,1073,399
124000057,1360,608,752
124000058,493,922,-429
124000059,793,1478,-685
124000060,756,561,195
124000061,1249,5897,-4648
124000062,2280,1469,811
124000063,1029,1190,-161
124000064,1573,930,643
124000065,13,406,-393
124000066,222,844,-622
124000067,216,134,82
124000068,12,12,0
124000069,162,11,151
124000070,48,91,-43
124000071,192,105,87
124000072,140,343,-203
124000073,1283,131,1152
124000074,168,497,-329
124000075,532,24,508
124000076,12,109,-97
124000077,1109,938,171
124000078,2728,1238,1490
124000079,225,1209,-984
124000080,698,226,472
124000081,250,378,-128
124000082,68,153,-85
124000083,56,71,-15
124000084,83,494,-411
124000085,127,51,76
124000086,37,129,-92
124000087,113,88,25
124000088,246,506,-260
124000089,987,268,719
124000090,105,233,-128
124000091,595,125,470
124000092,115,531,-416
124000093,108,189,-81
124000094,112,600,-488
124000095,134,89,45
124000096,193,201,-8
124000097,110,105,5
124000098,44,69,-25
124000099,302,92,210
124000100,54,119,-65
124000101,117,142,-25
124000102,85,47,38
124000103,143,117,26
124000104,78,25,53
124000105,145,103,42
124000106,162,38,124
124000107,24,219,-195
124000108,36,17,19
124000109,183,87,96
124000110,138,65,73
124000111,216,159,57
124000112,830,455,375
124000113,84,88,-4
124000114,351,266,85
124000115,451,477,-26
124000116,135,180,-45
124000117,42,99,-57
124000118,49,92,-43
124000119,861,504,357
124000120,549,441,108
124000121,1288,748,540
124000122,625,1297,-672
124000123,1054,517,537
124000124,408,867,-459
124000125,460,607,-147
124000126,332,514,-182
124000127,1032,359,673
124000128,626,709,-83
124000129,2250,1635,615
124000130,777,524,253
124000131,872,686,186
124000132,870,621,249
124000133,941,865,76
124000134,955,453,502
124000135,1737,2064,-327
124000136,700,718,-18
124000137,1048,1056,-8
124000138,1391,1096,295
124000139,455,25,430
124000140,25,357,-332
124000141,166,11,155
124000142,27,120,-93
124000143,73,15,58
124000144,20,47,-27
124000145,186,40,146
124000146,36,51,-15
124000148,36,106,-70
124000149,1270,502,768
124000150,264,553,-289
124000151,1150,531,619
124000152,762,1032,-270
124000153,973,1108,-135
124000154,384,849,-465
124000155,1402,979,423
124000156,1229,1196,33
124000169,191,418,-227
124000170,456,478,-22
124000171,377,223,154
124000172,397,419,-22
124000173,578,171,407
124000174,383,444,-61
124000175,8,96,-88
124000176,48,35,13
124000177,9,39,-30
124000178,50,126,-76
124000190,34,93,-59
124000191,55,122,-67
124000192,1159,428,731
124000193,245,713,-468
124000194,310,376,-66
124000195,292,585,-293
124000196,846,696,150
124000197,58,51,7
124000198,55,45,10
124000201,391,574,-183
124000202,746,359,387
124000203,516,253,263
124000204,1132,193,939
124000205,172,256,-84
124000206,916,223,693
124000207,1,52,-51
124000209,193,299,-106
124000210,717,203,514
124000211,779,5,774
124000212,0,220,-220
124000213,638,216,422
124000214,546,293,253
124000215,535,59,476
124000216,1,213,-212
124000329,204,897,-693
124000338,157,398,-241
124000339,1446,137,1309
124000341,1889,128,1761
124000344,153,94,59
124000357,1140,2463,-1323
124000358,891,1532,-641
124000359,1290,598,692
124000360,1017,352,665
124000361,2009,844,1165
124000362,876,1030,-154
124000363,202,227,-25
124000364,394,466,-72
124000365,448,714,-266
124000366,1002,711,291
124000367,89,288,-199
124000368,493,514,-21
124000369,129,71,58
124000370,48,453,-405
124000402,25,18,7
124000403,158,23,135
124000404,15,71,-56
124000405,1060,856,204
124000406,667,688,-21
124000407,3,41,-38
124000411,9,206,-197
124000412,620,14,606
124000413,140,42,98
124000414,68,103,-35
124000415,65,69,-4
124000416,158,172,-14
124000417,246,68,178
124000418,240,103,137
124000419,130,110,20
124000420,142,33,109
124000421,57,83,-26
124000422,19,22,-3
124000423,124,44,80
124000424,7,69,-62
124000425,61,14,47
124000426,21,36,-15
124000427,75,10,65
124000428,14,35,-21
124000429,145,47,98
124000430,678,410,268
124000431,240,375,-135
124000432,473,433,40
124000439,8,9,-1
124000443,0,7,-7
124000445,172,911,-739
124000446,623,155,468
124900001,661,456,205
124900002,207,186,21
124900003,1078,442,636
124900004,799,264,535
124900005,211,106,105
124900006,759,248,511
124900008,1052,619,433
124900009,227,472,-245
124900010,289,177,112
124900011,925,333,592
124900012,502,84,418
124900013,592,147,445
124900014,361,82,279
124900015,144,452,-308
124900016,98,156,-58
124900017,493,1910,-1417
124900018,75,10,65
124900020,94,67,27
124900021,463,45,418
124900022,110,18,92
124900024,375,24,351
124900026,248,91,157
124900027,128,513,-385
124900028,409,99,310
124900029,26,512,-486
124900030,6,84,-78
124900031,50,225,-175
124900032,189,255,-66
124900033,115,282,-167
124900034,7,86,-79
124900035,200,401,-201
124900036,7,52,-45
124900037,191,255,-64
124900038,246,171,75
124900039,11,52,-41
124900040,126,100,26
124900041,278,524,-246
124900042,107,0,107
124900043,460,655,-195
124900044,149,7,142
124900045,569,1075,-506
124900046,658,295,363
124900047,141,162,-21
124900048,210,86,124
124900050,170,186,-16
124900052,127,272,-145
124900053,184,248,-64
124900054,870,537,333
124900055,2,147,-145
124900057,8,56,-48
124900060,72,164,-92
124900061,115,11,104
124900062,196,24,172
124900066,1,20,-19
124900067,3,96,-93
124900068,285,695,-410
124900070,49,31,18
124900072,134,37,97
124900074,623,141,482
124900075,330,174,156
124900076,29,1255,-1226
124900077,20,94,-74
124900078,88,23,65
124900079,432,200,232
124900080,337,395,-58
124900081,1061,263,798
124900082,294,438,-144
124900083,308,350,-42
124900084,943,152,791
124900085,623,707,-84
124900086,97,1422,-1325
124900087,384,124,260
124900088,378,96,282
124900089,847,27,820
124900090,516,224,292
124900091,425,224,201
124900092,268,164,104
124900093,380,202,178
124900094,532,235,297
124900095,131,660,-529
124900096,489,341,148
124900097,450,63,387
124900098,159,244,-85
124900099,402,585,-183
124900100,384,84,300
124900101,50,299,-249
124900102,271,27,244
124900103,173,128,45
124900104,67,99,-32
124900105,121,73,48
124900106,486,45,441
124900107,134,28,106
124900108,175,105,70
124900109,83,104,-21
124900110,344,240,104
124900111,0,102,-102
124900112,75,322,-247
124900113,100,317,-217
124900114,115,163,-48
124900115,68,33,35
124900116,361,243,118
124900117,213,178,35
124900118,190,455,-265
124900119,525,256,269
124900120,30,236,-206
124900121,115,539,-424
124900122,191,165,26
124900123,217,126,91
124900124,145,308,-163
129000186,100,55,45
204000001,44,7,37
204000002,5,2,3
204000003,24,4,20
204000004,10,1,9
204000005,552,384,168
204000006,1177,995,182
204000011,8,37,-29
204000012,47,73,-26
204000013,8,25,-17
204000019,726,417,309
204000020,704,431,273
204000021,1028,708,320
204000022,552,416,136
204000023,536,493,43
204000031,48,17,31
204000032,275,19,256
204000034,32,129,-97
204000035,1,5,-4
204000036,1,17,-16
204000037,1,17,-16
204000038,0,13,-13
204000039,6,13,-7
204000040,3,13,-10
204000041,14,22,-8
204000042,35,9,26
204000043,65,1,64
204000044,41,0,41
204000045,70,2,68
204000046,11,2,9
204000057,7,14,-7
204000062,14,14,0
204000068,17,217,-200
204000069,80,261,-181
204000070,94,65,29
204000080,48,41,7
204000085,1757,1031,726
204000086,1663,1259,404
204000087,49,11,38
204000088,9,70,-61
204000090,25,221,-196
204000093,571,59,512
204000096,1089,940,149
204000097,622,9,613
204000099,1054,1332,-278
204000100,1585,1775,-190
204000105,1708,856,852
204000110,374,754,-380
204000111,406,404,2
204000112,571,581,-10
204000113,284,609,-325
204000114,758,768,-10
204000115,638,291,347
204000116,1047,488,559
204000119,1882,2319,-437
204000132,763,309,454
204000133,882,156,726
204000134,222,78,144
204000135,503,57,446
204000136,606,154,452
204000138,439,457,-18
204000140,218,142,76
204000141,175,65,110
204000144,11,30,-19
204000145,526,60,466
204000146,18,234,-216
204000147,16,126,-110
204000148,182,15,167
204000154,7,5,2
204000155,1,7,-6
204000177,57,26,31
204000179,44,3,41
204000180,0,19,-19
204000222,0,10,-10
204000235,27,18,9
204000236,76,154,-78
204000238,28,13,15
204000240,428,80,348
204000263,476,644,-168
204000268,933,584,349
204000308,166,11,155
204000317,11,73,-62
204000322,6,64,-58
204000323,12,3,9
204000328,246,47,199
204000329,49,182,-133
204000330,162,3,159
204000331,26,109,-83
204010341,12,158,-146
205000001,687,1247,-560
205000013,6,58,-52
205000014,19,64,-45
205000015,33,125,-92
205000016,19,102,-83
205000017,21,96,-75
205000022,229,530,-301
205000025,916,745,171
205000029,276,20,256
205000045,102,594,-492
205000046,70,388,-318
205000047,75,334,-259
205000048,383,562,-179
205000049,175,586,-411
205000050,478,289,189
205000059,1,118,-117
205000060,0,56,-56
205000061,5,108,-103
205000062,0,100,-100
205000063,19,123,-104
205000064,13,65,-52
205000065,44,390,-346
205000066,94,344,-250
205000067,22,545,-523
205000069,211,20,191
205000082,152,206,-54
205000110,81,190,-109
205000111,187,145,42
205000112,185,213,-28
205000113,166,349,-183
205000121,396,34,362
205000123,41,219,-178
205000126,441,78,363
205000127,699,108,591
205000128,397,46,351
205000129,636,59,577
205000130,107,14,93
205000131,49,9,40
205000132,89,6,83
205000133,62,1,61
205000134,256,1,255
205000137,60,172,-112
205000138,162,373,-211
205000139,27,133,-106
205000144,84,72,12
205000145,356,168,188
205000151,188,36,152
205000152,234,27,207
205000153,262,20,242
205000154,131,50,81
205000155,111,8,103
205000207,8,149,-141
205000233,13,0,13
205000234,0,0,0
205000243,0,0,0
205000244,0,8,-8
205000245,15,104,-89
205000249,1,15,-14
205000250,7,1,6
205000264,10,65,-55
206000027,6,6,0
206000028,5,5,0
206000043,6,34,-28
206000053,0,7,-7
206000054,0,35,-35
206000055,0,10,-10
206000075,9,22,-13
206000076,43,13,30
206000077,32,13,19
206000078,39,4,35
206000079,20,11,9
206000082,362,65,297
206000100,21,276,-255
206000103,3,8,-5
206000104,36,7,29
206000105,5,7,-2
206000106,4,9,-5
206000108,647,58,589
206000125,92,0,92
206000157,34,422,-388
206000170,1,83,-82
206000171,2,139,-137
206000172,7,178,-171
206000173,6,94,-88
206000174,25,36,-11
206000175,2,42,-40
206000176,10,70,-60
206000177,1,57,-56
206000178,2,100,-98
206000179,2,50,-48
206000180,12,67,-55
206000181,5,67,-62
206000182,5,62,-57
206000183,10,150,-140
206000184,4,131,-127
206000185,9,63,-54
206000186,59,357,-298
206000223,7,111,-104
206000226,18,2,16
206000227,20,2,18
206000237,49,141,-92
206000238,28,228,-200
206000239,136,969,-833
206000240,1,50,-49
206000241,0,55,-55
206000242,7,80,-73
206000243,6,64,-58
206000244,26,173,-147
206000245,1187,53,1134
206000246,412,11,401
206000247,412,9,403
206000248,610,16,594
206000252,72,47,25
206000258,22,32,-10
206000315,33,1,32
206000317,782,119,663
206000318,738,79,659
206000319,2511,87,2424
206000320,348,43,305
206000321,404,4,400
206000322,863,15,848
206000323,276,9,267
206000324,238,3,235
206000325,207,18,189
206000326,266,16,250
206000327,124,14,110
206000328,269,2,267
206000329,441,5,436
206000330,76,7,69
206000331,320,2,318
206000332,99,3,96
206000333,999,5,994
206000334,437,1,436
206000335,0,27,-27
206000361,5,137,-132
206000392,5,7,-2
206000405,164,1,163
206000441,53,19,34
206000498,26,0,26
206000515,69,49,20
206000530,429,92,337
206000531,308,362,-54
206000532,1735,442,1293
206000535,95,1290,-1195
206000536,3,78,-75
206000537,20,106,-86
206000613,1865,232,1633
207000001,105,525,-420
207000002,108,335,-227
207000003,112,141,-29
207000007,1281,242,1039
207000008,159,10,149
207000009,70,70,0
207000010,323,218,105
207000012,431,207,224
207000015,261,602,-341
207000019,224,82,142
207000021,539,187,352
207000022,187,133,54
207000023,284,56,228
207000024,6,8,-2
207000025,42,67,-25
207000026,66,21,45
207000027,14,34,-20
207000028,51,141,-90
207000029,128,327,-199
207000033,194,424,-230
207000034,323,107,216
207000039,620,62,558
207000040,561,53,508
207000041,192,26,166
207000042,268,50,218
207000043,247,148,99
207000051,129,186,-57
207000052,29,109,-80
207000053,391,343,48
207000054,36,88,-52
207000055,170,82,88
207000056,313,233,80
207000057,107,155,-48
207000058,130,170,-40
207000059,75,245,-170
207000060,55,156,-101
207000061,181,687,-506
207000062,329,41,288
207000063,439,78,361
207000064,390,86,304
207000065,392,198,194
207000066,233,128,105
207000067,54,54,0
207000068,120,40,80
207000069,739,244,495
207000082,11,113,-102
207000083,98,150,-52
207000084,349,264,85
207000085,272,25,247
207000086,317,7,310
207000106,40,24,16
207000107,100,38,62
207000108,73,7,66
207000109,66,6,60
207000110,75,83,-8
207000111,133,94,39
207000112,132,669,-537
207000114,15,25,-10
207000115,37,30,7
207000116,35,348,-313
207000117,19,76,-57
207000118,4,55,-51
207000119,31,68,-37
207000123,168,15,153
207000124,113,19,94
207000125,78,42,36
207000126,75,47,28
207000134,140,91,49
207000135,36,130,-94
207000148,129,318,-189
207000149,76,31,45
207000152,112,300,-188
207000153,491,1098,-607
207000154,306,192,114
207000159,145,113,32
207000160,154,217,-63
207000238,0,172,-172
207000242,9,95,-86
207000248,25,50,-25
207000249,111,41,70
207000250,447,91,356
207000251,100,98,2
207000252,63,49,14
207000278,130,91,39
207000279,14,84,-70
207000280,795,39,756
207000281,122,416,-294
207000282,115,147,-32
207000283,39,191,-152
207000284,34,357,-323
207000285,65,78,-13
207000291,17,88,-71
207000304,97,39,58
207000306,66,274,-208
207000310,136,77,59
207000353,322,4,318
207000356,8,112,-104
207000357,19,14,5
207000358,29,85,-56
207000415,3,80,-77
207000417,41,7,34
207000418,84,95,-11
207000438,0,5,-5
207000439,625,669,-44
207000446,226,5,221
207000460,73,8,65
207000466,130,99,31
207000467,356,48,308
207000468,40,197,-157
207000476,7,49,-42
207000477,859,52,807
207000478,5,310,-305
207000523,0,4,-4
207000524,42,0,42
207000527,144,149,-5
207000530,591,8,583
207000531,405,21,384
207000532,114,34,80
207000534,256,63,193
207000535,30,298,-268
207000537,26,75,-49
207000540,17,101,-84
207000541,4,198,-194
207000548,14,141,-127
207000549,351,14,337
207000561,189,229,-40
207000562,27,139,-112
207000567,138,157,-19
207000568,256,31,225
207000569,657,366,291
207000584,198,218,-20
207000585,54,409,-355
207000616,0,93,-93
207000617,214,0,214
207900008,327,72,255
208000001,689,1057,-368
208000002,605,439,166
208000003,1173,284,889
208000004,854,568,286
208000005,4,2,2
208000019,777,781,-4
208000020,204,381,-177
208000021,259,281,-22
208000022,977,440,537
208000028,980,1179,-199
208000033,582,580,2
208000034,922,1247,-325
208000040,160,130,30
208000041,648,556,92
208000042,789,540,249
208000047,142,154,-12
208000064,2175,1422,753
208000066,1614,2716,-1102
208000070,357,352,5
208000071,515,584,-69
208000072,427,842,-415
208000080,301,264,37
208000081,375,100,275
208000082,332,192,140
208000083,147,270,-123
208000084,10,9,1
208000085,648,444,204
208000086,417,776,-359
208000087,334,516,-182
208000089,1026,255,771
208000090,987,386,601
208000093,123,114,9
208000094,452,320,132
208000095,744,445,299
208000104,1190,696,494
208000105,680,825,-145
208000114,129,431,-302
208000115,563,303,260
208000116,645,936,-291
208000117,133,109,24
208000118,95,151,-56
208000155,692,776,-84
208000158,1290,3373,-2083
208000186,2383,3839,-1456
208000204,659,872,-213
208000205,1235,743,492
208000282,3565,2717,848
209000004,426,190,236
209000005,58,34,24
209000006,463,180,283
209000007,305,277,28
209000010,281,103,178
209000011,125,214,-89
209000012,124,89,35
209000013,199,142,57
209000014,322,518,-196
209000025,388,70,318
209000026,875,129,746
209000027,333,412,-79
209000028,305,367,-62
209000029,390,478,-88
209000030,347,814,-467
209000031,1609,1122,487
209000034,182,173,9
209000035,145,148,-3
209000036,223,71,152
209000037,306,135,171
209000038,136,86,50
209000039,62,80,-18
209000040,360,459,-99
209000041,171,314,-143
209000042,326,260,66
209000043,803,655,148
209000044,271,730,-459
209000045,1131,426,705
209000046,583,452,131
209000047,392,194,198
209000048,560,403,157
209000049,49,40,9
209000050,110,39,71
209000051,136,129,7
209000052,105,114,-9
209000062,71,59,12
209000063,58,37,21
209000064,29,45,-16
209000065,120,18,102
209000066,118,20,98
209000067,141,17,124
209000080,39,167,-128
209000082,83,18,65
209000091,26,94,-68
209000093,43,18,25
209000094,94,168,-74
209000110,44,121,-77
209000111,551,1662,-1111
209000112,1323,411,912
209000113,1795,513,1282
209000114,897,451,446
209000115,45,52,-7
209000116,262,195,67
209000118,19,38,-19
209000119,12,11,1
209000121,93,293,-200
209000135,55,140,-85
209000142,502,1672,-1170
209000143,43,56,-13
209000144,29,116,-87
209000229,235,115,120
209000240,24,145,-121
209000259,35,41,-6
209000260,52,1027,-975
209000261,10,847,-837
209000262,2,470,-468
209000263,1,166,-165
209000264,4,313,-309
209000265,433,1,432
209000266,144,1,143
209000267,1755,7,1748
209000268,632,64,568
210000037,74,23,51
210000047,107,14,93
210000048,119,21,98
210000049,71,4,67
210000052,64,40,24
210000053,36,32,4
210000054,33,51,-18
210000070,143,2,141
210000071,65,2,63
210000072,38,2,36
210000073,0,20,-20
210000074,1,84,-83
210000075,12,124,-112
210000076,13,163,-150
210000077,4,33,-29
210000078,15,23,-8
210000079,15,11,4
210000080,43,46,-3
210000081,170,31,139
210000082,155,6,149
210000083,75,4,71
210000084,58,0,58
210000085,0,49,-49
210000086,5,90,-85
210000099,85,192,-107
210000100,46,104,-58
210000101,63,109,-46
210000105,63,165,-102
210000159,1,165,-164
210000163,91,216,-125
210000164,205,298,-93
210000168,109,56,53
210000187,0,19,-19
210000188,0,18,-18
210000214,19,1,18
210000219,49,58,-9
210000220,144,33,111
210000232,1,9,-8
210000233,59,42,17
210000234,35,80,-45
210000235,83,42,41
210000245,2,46,-44
210000246,20,1,19
210000258,13,66,-53
210000259,258,87,171
210000282,89,214,-125
210000285,0,100,-100
210000286,24,154,-130
210000290,2,3,-1
210000295,39,105,-66
210000296,42,37,5
210000320,231,58,173
210000321,179,55,124
210000338,43,49,-6
210000339,193,987,-794
210000340,104,326,-222
210000341,213,204,9
210000342,193,155,38
210000343,207,188,19
210000344,120,84,36
210000345,125,215,-90
210000346,47,115,-68
210000347,29,45,-16
210000348,111,34,77
210000349,33,18,15
210000350,167,47,120
210000351,205,98,107
210000352,65,43,22
210000353,59,45,14
210000354,37,46,-9
210000355,23,48,-25
210000356,21,39,-18
210000357,25,43,-18
210000358,158,109,49
210000359,55,51,4
210000360,137,110,27
210000361,161,108,53
210000362,178,178,0
210000363,413,203,210
210000364,98,134,-36
210000365,120,45,75
210000366,134,57,77
210000367,79,33,46
210000368,127,41,86
210000369,22,12,10
210000370,63,24,39
210000372,13,20,-7
210000373,13,21,-8
210000374,61,23,38
210000375,31,31,0
210000376,51,72,-21
210000404,43,73,-30
210000439,25,27,-2
210000472,66,2,64
210000482,46,120,-74
210000564,170,262,-92
210000567,2,27,-25
210000568,246,5,241
211000092,54,33,21
211000094,29,2,27
211000169,267,37,230
211000172,17,115,-98
211000209,9,23,-14
211000226,21,8,13
211000270,21,11,10
211000275,21,12,9
211000276,93,34,59
211000279,54,30,24
211000281,123,28,95
211507980,4,49,-45
211977296,54,7,47
212000003,106,23,83
212000004,12,26,-14
212000005,6,21,-15
212000006,28,39,-11
212000008,180,95,85
212000009,27,56,-29
212000012,81,71,10
212000013,32,55,-23
212000014,203,127,76
212000015,282,209,73
212000016,458,488,-30
212000027,558,270,288
212000028,405,269,136
212000029,244,162,82
212000030,37,22,15
212000031,70,24,46
212000048,25,173,-148
212000049,13,120,-107
212000050,15,14,1
212000051,217,113,104
212000052,198,140,58
212000053,410,255,155
212000054,390,59,331
212000055,320,132,188
212000056,19,27,-8
212000057,8,15,-7
212000058,144,19,125
212000070,128,141,-13
212000077,101,307,-206
212000099,285,211,74
212000108,168,130,38
212000111,194,59,135
212000120,103,47,56
212000138,122,23,99
212000156,3,59,-56
212000158,11,19,-8
212000159,551,40,511
212000160,828,200,628
212000161,67,4,63
212000310,53,19,34
212000311,24,22,2
212000374,35,10,25
213000001,38,337,-299
213000005,486,132,354
213000006,970,320,650
213000007,88,8,80
213000009,515,493,22
213000010,255,300,-45
213000011,219,101,118
213000012,171,229,-58
213000014,130,20,110
213000015,258,9,249
213000016,484,2,482
213000017,90,0,90
213000018,2,115,-113
213000019,0,115,-115
213000020,122,291,-169
213000021,6,95,-89
213000023,470,233,237
213000033,407,1569,-1162
213000034,631,180,451
213000035,115,155,-40
213000045,272,256,16
213000046,206,165,41
213000047,535,1143,-608
213000056,119,28,91
213000069,79,5,74
213000073,0,78,-78
213000074,72,332,-260
213000075,638,13,625
213000076,28,0,28
213000085,11,37,-26
213000086,35,125,-90
213000091,316,19,297
213000092,86,16,70
213000099,156,1003,-847
213000100,932,230,702
213000101,521,111,410
213000102,564,172,392
213000103,961,745,216
213000104,62,331,-269
213000105,4,249,-245
213000106,32,96,-64
213000107,168,335,-167
213000108,37,335,-298
213000109,10,169,-159
213000110,42,58,-16
213000111,12,74,-62
213000112,101,126,-25
213000115,67,14,53
213000116,59,294,-235
213000117,7,390,-383
213000118,552,240,312
213000119,61,408,-347
213000120,107,276,-169
213000122,115,341,-226
213000123,342,763,-421
213000124,195,1044,-849
213000125,195,34,161
213000126,52,151,-99
213000127,142,289,-147
213000128,302,1047,-745
213000129,393,798,-405
213000130,876,329,547
213000132,626,105,521
213000133,731,109,622
213000134,946,15,931
213000136,580,25,555
213000137,777,66,711
213000139,186,13,173
213000147,72,7,65
213000148,15,5,10
213000149,29,4,25
213000150,1,129,-128
213000151,3,135,-132
213000152,2,132,-130
213000153,3,77,-74
213000154,33,493,-460
213000155,67,207,-140
213000156,169,322,-153
213000157,971,352,619
213000158,485,762,-277
213000159,689,401,288
213000163,1402,123,1279
213000165,961,297,664
213000171,1,71,-70
213000172,4,162,-158
213000173,7,136,-129
213000174,4,104,-100
213000175,16,60,-44
213000176,118,41,77
213000177,150,6,144
213000178,242,5,237
213000179,369,4,365
213000180,307,0,307
213000184,100,375,-275
213000188,378,101,277
213000189,509,46,463
213000190,938,669,269
213000191,451,295,156
213000192,353,231,122
213000193,524,326,198
213000194,2,70,-68
213000195,42,303,-261
213000196,328,1104,-776
213000197,516,490,26
213000198,39,3,36
213000200,151,633,-482
213000201,51,70,-19
213000202,28,418,-390
213000203,2379,596,1783
213000204,883,63,820
213000205,442,68,374
213000206,385,30,355
213000207,100,15,85
213000208,54,1,53
213000209,150,9,141
213000210,186,6,180
213000211,1,17,-16
213000212,6,42,-36
213000213,16,60,-44
213000218,222,310,-88
213000219,599,16,583
213000220,534,13,521
213000223,159,223,-64
213000224,29,64,-35
213000225,122,8,114
213000226,73,12,61
213000227,1000,165,835
213000228,521,93,428
213000229,77,22,55
213000230,345,18,327
213000232,44,874,-830
213000233,8,878,-870
213000234,1,60,-59
213000293,9,101,-92
213000294,105,16,89
213000295,12,77,-65
213000296,62,25,37
213000297,11,79,-68
213000298,26,75,-49
213000299,57,33,24
213000300,6,7,-1
213000303,7,16,-9
213000304,2,8,-6
213000305,8,28,-20
213000306,35,32,3
213000307,86,59,27
213000308,71,163,-92
213000309,183,45,138
213000310,564,193,371
213000311,262,800,-538
213000315,74,47,27
213000316,157,49,108
213000322,142,62,80
213000323,128,58,70
213000324,102,34,68
213000325,95,56,39
213000326,82,19,63
213000327,105,28,77
213000328,48,121,-73
213000329,124,19,105
213000340,143,317,-174
213000341,709,69,640
213000346,264,364,-100
213000347,617,588,29
213000348,6,161,-155
213000349,16,20,-4
213000350,271,660,-389
213000366,97,181,-84
213000367,260,15,245
213000379,54,62,-8
213000386,8,249,-241
213000406,92,318,-226
213000417,1407,459,948
213000425,218,48,170
213000426,171,46,125
213000427,90,108,-18
213000428,55,102,-47
213000429,6,4,2
213000430,124,418,-294
213000431,25,5,20
213000432,7,35,-28
213000433,18,111,-93
213000434,136,80,56
213000435,165,79,86
213000436,57,51,6
213000437,4,7,-3
213000438,119,58,61
213000439,54,13,41
213000440,19,235,-216
213000441,1,2,-1
213000442,1,45,-44
213000443,321,197,124
213000444,45,38,7
213000445,0,84,-84
213000446,0,29,-29
213000447,0,55,-55
213000448,21,154,-133
213000449,719,10,709
213000450,30,43,-13
213000451,314,98,216
213000452,25,12,13
213000453,27,270,-243
213000455,301,62,239
213000456,2,379,-377
213000481,3,4,-1
213000482,45,2,43
213000489,254,60,194
213000491,4,139,-135
213000492,134,1,133
213000493,1,81,-80
213000494,337,134,203
213000495,0,40,-40
213000496,581,148,433
213000497,40,189,-149
213000498,213,117,96
213000499,296,313,-17
213000500,819,79,740
213000501,153,40,113
213000502,177,195,-18
213000503,3,41,-38
213000504,17,58,-41
213000505,15,1,14
213000506,0,8,-8
213000507,7,63,-56
213900016,0,3,-3
213900244,65,0,65
213900245,0,21,-21
218000003,38,19,19
218000004,14,18,-4
218000005,38,52,-14
218000006,55,30,25
218000007,28,13,15
218000012,77,100,-23
218000013,103,125,-22
218000014,304,361,-57
218000019,592,554,38
218000020,245,343,-98
218000021,20,43,-23
218000022,22,20,2
218000023,3,2,1
218000024,2,1,1
218000025,4,8,-4
218000026,11,16,-5
218000027,1,2,-1
218000028,1,4,-3
218000029,2,2,0
218000030,11,17,-6
218000031,4,13,-9
218000032,2,18,-16
218000040,7,6,1
218000046,51,65,-14
218000047,7,102,-95
218000048,93,68,25
218000049,75,59,16
218000050,354,147,207
218000051,92,142,-50
218000052,0,47,-47
218000053,6,6,0
218000054,15,78,-63
218000055,5,11,-6
218000056,11,21,-10
218000057,0,15,-15
218000064,2,15,-13
218000065,55,39,16
218000066,8,35,-27
218000067,63,57,6
218000068,115,75,40
218000069,292,70,222
218000070,199,157,42
218000071,196,117,79
218000072,175,180,-5
218000078,766,397,369
218000079,125,52,73
218000080,175,53,122
218000081,519,190,329
218000082,45,74,-29
218000083,74,43,31
218000084,186,74,112
218000085,150,229,-79
218000086,59,77,-18
218000087,175,77,98
218000090,23,97,-74
218000091,976,465,511
218000092,108,126,-18
218000093,95,56,39
218000094,383,351,32
218000099,282,604,-322
218000100,280,249,31
218000101,316,113,203
218000102,470,155,315
218000103,110,76,34
218000104,69,29,40
218000105,24,26,-2
218000106,16,4,12
218000107,52,20,32
218000108,12,20,-8
218000112,50,35,15
218000117,59,48,11
218000134,544,312,232
218000135,16,55,-39
218000136,144,138,6
218000137,180,107,73
218000138,50,100,-50
218000139,160,191,-31
218000140,448,210,238
218000141,103,59,44
218000142,227,166,61
218000143,74,245,-171
218000144,36,67,-31
218000145,472,301,171
218000146,107,156,-49
218000151,8,13,-5
218000152,93,44,49
218000153,5,3,2
218000154,10,10,0
218000155,44,4,40
218000156,82,20,62
218000157,54,18,36
218000158,8,13,-5
218000159,0,8,-8
218000160,9,1,8
218000161,41,6,35
218000162,37,9,28
218000163,21,0,21
218000164,83,4,79
218000165,70,31,39
218000170,8,21,-13
218000171,38,3,35
218000172,7,9,-2
218000173,13,20,-7
218000174,14,14,0
218000176,170,31,139
218000177,274,222,52
218000178,60,243,-183
218000179,89,74,15
218000180,70,37,33
218000181,144,44,100
218000187,11,32,-21
218000188,17,63,-46
218000189,24,68,-44
218000190,16,19,-3
218000191,202,50,152
218000192,255,104,151
218000193,426,230,196
218000194,85,185,-100
218000195,131,36,95
218000196,423,228,195
218000197,536,257,279
218000198,17,68,-51
218000199,59,16,43
218000200,77,51,26
218000201,37,9,28
218000202,56,301,-245
218000207,5,8,-3
218000208,37,26,11
218000211,41,30,11
218000212,1,12,-11
218000213,74,86,-12
218000214,4,28,-24
218000215,21,21,0
218000217,1,52,-51
218000218,212,60,152
218000219,25,23,2
218000220,26,324,-298
218000221,420,208,212
218000222,4,44,-40
218000223,31,324,-293
218000224,11,167,-156
218000225,145,27,118
218000226,163,39,124
218000230,0,7,-7
218000232,24,48,-24
218000239,93,24,69
218000240,11,6,5
218000241,29,1,28
218000242,22,4,18
218000243,31,8,23
218000244,43,5,38
218000245,13,2,11
218000246,1,0,1
218000247,2,0,2
218000248,1,15,-14
218000249,0,7,-7
218000250,2,17,-15
218000251,8,101,-93
218000252,2,269,-267
218000253,9,298,-289
218000254,2,164,-162
218000255,0,55,-55
218000256,9,132,-123
218000267,314,651,-337
218000268,6,30,-24
218000269,1,21,-20
218000270,76,24,52
218000271,12,27,-15
218000273,38,5,33
218000274,18,2,16
218000275,32,39,-7
218000276,25,27,-2
218000278,14,56,-42
218000279,83,21,62
218000280,5,16,-11
218000281,9,15,-6
218000282,429,573,-144
218000284,56,4,52
218000301,98,67,31
218000302,114,56,58
218000303,24,46,-22
218000316,705,565,140
218000317,1355,534,821
218000318,900,399,501
218000319,1027,544,483
218000320,787,393,394
218000338,27,29,-2
218000345,56,69,-13
218000346,35,177,-142
218000459,30,142,-112
218000490,26,42,-16
218000501,92,33,59
218000502,60,14,46
218000503,80,18,62
218000504,96,35,61
218000505,40,72,-32
218000506,25,137,-112
218000508,23,2,21
218000510,127,20,107
218000520,106,86,20
218000521,2,51,-49
218000522,1,116,-115
218000523,114,1,113
218000524,12,311,-299
218000525,98,22,76
218000526,18,252,-234
218000529,16,62,-46
218000530,18,1,17
218000531,10,12,-2
218000532,27,17,10
218000534,181,15,166
218000537,16,52,-36
218000538,71,237,-166
218000540,98,65,33
218000543,140,40,100
218000544,17,46,-29
218000545,70,53,17
218000546,71,48,23
218000547,96,125,-29
218000548,110,55,55
218000549,604,543,61
218000550,129,150,-21
218000551,56,877,-821
218000552,253,44,209
218000553,23,83,-60
218000554,14,30,-16
218000555,27,17,10
218000556,124,134,-10
218000557,371,44,327
218000558,54,0,54
218000559,0,30,-30
218000560,0,35,-35
218000561,8,0,8
218000562,26,131,-105
218000563,219,21,198
218000564,9,84,-75
218000565,142,53,89
218000566,123,24,99
218000567,0,85,-85
218000568,84,2,82
218000569,6,246,-240
218000570,56,9,47
218000571,1,84,-83
218000572,95,3,92
218000573,3,160,-157
218000574,38,36,2
218000575,84,0,84
218000576,0,91,-91
218000577,79,2,77
218000578,2,92,-90
218000579,24,5,19
218000581,2,28,-26
218000582,52,7,45
218000583,21,0,21
218000584,5,20,-15
218000585,65,7,58
218000586,9,38,-29
218000587,3,2,1
218000588,1,3,-2
218000589,0,4,-4
218000590,4,0,4
218000591,4,2,2
218000592,7,0,7
218000593,0,0,0
218000594,0,2,-2
218000595,0,0,0
218000596,0,0,0
218000597,0,0,0
218000598,0,0,0
218000599,3,0,3
218000600,0,0,0
218000601,0,1,-1
218000602,0,4,-4
218000603,0,3,-3
218000604,1,2,-1
218000605,0,35,-35
218000606,68,0,68
218000607,4,60,-56
218000608,31,18,13
218000609,15,47,-32
218000610,76,5,71
218000611,31,1,30
218000612,1,36,-35
218000613,54,0,54
218000614,1,43,-42
218000615,132,2,130
218000616,2,94,-92
218000617,26,1,25
218000618,0,13,-13
218000619,91,16,75
218000620,34,43,-9
218000621,0,2,-2
218000622,0,23,-23
218000623,26,0,26
218000624,1,15,-14
218000625,6,2,4
218000626,0,6,-6
218000628,159,53,106
218000631,39,4,35
218000632,0,115,-115
218000633,81,2,79
218000634,13,13,0
218000635,23,12,11
218000636,713,597,116
218000637,988,316,672
218000638,352,30,322
218000639,19,61,-42
218000640,383,20,363
218000641,75,175,-100
218000652,38,38,0
218000653,152,50,102
218000663,6,47,-41
218000675,21,29,-8
218000676,3,18,-15
218000677,28,2,26
218000680,121,258,-137
218000681,362,113,249
218000691,136,115,21
218000693,312,69,243
218000703,3,22,-19
218000718,147,1208,-1061
218000719,270,868,-598
218000720,12,266,-254
218000721,116,11,105
218000725,6,4,2
218001214,5,43,-38
218001258,21,2,19
218001329,82,72,10
218001330,50,61,-11
218001351,20,21,-1
218001352,4,14,-10
218001353,11,8,3
218001354,6,15,-9
218001355,98,1,97
218001356,165,5,160
218001357,52,2,50
218001358,89,2,87
218001361,68,15,53
219000001,35,38,-3
219000002,19,28,-9
219000003,85,34,51
219000004,25,41,-16
219000017,62,36,26
219000020,164,46,118
219000022,127,8,119
219000023,82,8,74
219000029,2,53,-51
219000034,27,16,11
219000039,100,134,-34
219000040,64,78,-14
219000041,148,20,128
219000051,0,25,-25
219000052,1,17,-16
219000053,5,73,-68
219000054,23,47,-24
219000055,276,8,268
219000056,6,3,3
219000057,78,0,78
219000062,30,39,-9
219000063,94,5,89
219000064,5,27,-22
219000110,363,70,293
219000111,98,47,51
219000112,182,35,147
219000113,181,46,135
219000114,134,68,66
219000116,109,31,78
219000117,144,33,111
219000118,144,24,120
219000123,150,65,85
219000124,65,35,30
219000125,17,8,9
219000126,49,125,-76
219000127,0,4,-4
219000128,6,101,-95
219000129,24,107,-83
219000130,220,388,-168
219000131,475,828,-353
219000133,46,43,3
219000134,9,24,-15
219000135,17,89,-72
219000136,74,165,-91
219000138,82,22,60
219000139,61,22,39
219000140,113,2,111
219000141,40,52,-12
219000142,20,37,-17
219000143,9,36,-27
219000145,14,45,-31
219000146,8,16,-8
219000147,1,35,-34
219000148,6,15,-9
219000149,9,32,-23
219000150,1,36,-35
219000151,1,20,-19
219000157,225,92,133
219000158,136,172,-36
219000161,123,6,117
219000163,911,467,444
219000166,107,174,-67
219000167,93,123,-30
219000168,296,90,206
219000174,479,172,307
219000175,125,9,116
219000176,152,8,144
219000177,102,2,100
219000178,62,0,62
219000179,25,6,19
219000180,43,49,-6
219000182,125,20,105
219000183,95,24,71
219000184,130,11,119
219000185,5,39,-34
219000186,88,28,60
219000187,21,54,-33
219000189,42,166,-124
219000190,46,192,-146
219000191,310,1205,-895
219000192,172,112,60
219000193,122,124,-2
219000195,6,41,-35
219000196,5,71,-66
219000198,29,67,-38
219000199,40,130,-90
219000200,30,98,-68
219000201,72,131,-59
219000203,23,98,-75
219000204,68,217,-149
219000205,63,177,-114
219000207,72,191,-119
219000209,28,36,-8
219000210,22,48,-26
219000213,8,116,-108
219000239,195,176,19
219000240,210,298,-88
219000241,162,84,78
219000242,24,80,-56
219000243,53,173,-120
219000244,9,43,-34
219000245,16,35,-19
219000246,39,21,18
219000247,165,30,135
219000248,423,318,105
219000249,179,80,99
219000250,176,115,61
219000251,547,262,285
219000252,206,204,2
219000253,394,88,306
219000255,151,96,55
219000256,230,41,189
219000257,104,0,104
219000262,85,73,12
219000263,50,74,-24
219000267,1,35,-34
219000268,0,5,-5
219000269,5,1,4
219000270,6,2,4
219000271,124,6,118
219000278,2,2,0
219000279,1,1,0
219000283,0,15,-15
219000295,15,65,-50
219000296,62,216,-154
219000297,15,56,-41
219000298,17,59,-42
219000299,491,61,430
219000300,15,83,-68
219000301,175,294,-119
219000302,26,201,-175
219000307,27,23,4
219000308,54,35,19
219000311,269,59,210
219000312,540,134,406
219000313,463,53,410
219000314,44,201,-157
219000315,344,35,309
219000316,577,57,520
219000317,150,28,122
219000320,0,37,-37
219000321,0,19,-19
219000323,4,55,-51
219000325,4,12,-8
219000326,97,47,50
219000327,75,24,51
219000328,35,49,-14
219000329,318,119,199
219000330,45,37,8
219000331,75,27,48
219000332,190,98,92
219000333,25,0,25
219000335,86,1,85
219000337,27,1,26
219000338,42,0,42
219000344,13,72,-59
219000345,38,49,-11
219000346,54,50,4
219000348,159,77,82
219000349,42,119,-77
219000350,125,313,-188
219000351,9,14,-5
219000352,514,103,411
219000353,97,64,33
219000354,282,64,218
219000355,161,43,118
219000356,581,1534,-953
219000363,154,84,70
219000364,71,57,14
219000365,117,15,102
219000366,158,407,-249
219000368,289,582,-293
219000370,754,708,46
219000371,16,31,-15
219000382,17,19,-2
219000383,290,1276,-986
219000385,375,370,5
219000386,500,1353,-853
219000387,1,13,-12
219000390,6,2,4
219000391,3,3,0
219000397,58,41,17
219000398,68,42,26
219000401,14,91,-77
219000402,34,72,-38
219000403,151,264,-113
219000404,12,123,-111
219000407,3,27,-24
219000409,41,48,-7
219000410,78,34,44
219000411,76,9,67
219000446,101,341,-240
219000447,0,29,-29
219000448,9,7,2
219000452,88,92,-4
219000453,50,183,-133
219000454,155,295,-140
219000556,379,39,340
219000558,84,77,7
219000590,32,154,-122
219000591,140,81,59
219000592,100,202,-102
219000595,8,11,-3
219000635,202,35,167
219000636,30,47,-17
219000657,20,31,-11
219000658,70,145,-75
219000673,0,45,-45
219000676,37,18,19
219000679,37,15,22
219000684,94,2,92
219000685,0,42,-42
219000686,2,2,0
219000688,0,48,-48
219000689,44,184,-140
219000690,135,26,109
219000691,64,162,-98
219000692,147,49,98
219000693,1,15,-14
219000694,20,0,20
219000695,65,6,59
219000698,19,0,19
219000699,0,17,-17
219000727,0,66,-66
219000728,52,2,50
219000770,28,2,26
219000771,0,28,-28
219000788,202,187,15
219001150,0,29,-29
219001151,0,2,-2
219001166,22,52,-30
219001167,3,49,-46
219001178,43,1,42
220000001,36,82,-46
220000002,9,75,-66
220000003,233,139,94
220000004,360,273,87
220000005,639,1834,-1195
220000006,176,715,-539
220000007,451,225,226
220000008,290,363,-73
220000009,220,243,-23
220000010,119,72,47
220000011,395,2622,-2227
220000012,61,252,-191
220000014,113,34,79
220000015,44,259,-215
220000017,40,140,-100
220000018,3220,1778,1442
220000019,68,260,-192
220000020,374,149,225
220000021,651,132,519
220000022,853,276,577
220000023,266,102,164
220000024,1328,358,970
220000025,939,1524,-585
220000026,288,464,-176
220000027,19,81,-62
220000028,52,31,21
220000029,36,76,-40
220000030,52,44,8
220000031,531,284,247
220000064,24,735,-711
221000046,2,0,2
221000047,0,0,0
221000048,0,1,-1
221000049,0,13,-13
221000050,22,1,21
221000055,18,57,-39
221000057,89,5,84
221000068,346,143,203
221000069,343,59,284
221000070,218,17,201
221000071,119,10,109
221000072,207,11,196
221000073,166,41,125
221000074,0,17,-17
221000075,18,16,2
221000076,10,16,-6
221000077,21,69,-48
221000081,14,10,4
221000082,75,9,66
221000083,12,2,10
221000084,6,3,3
221000085,15,47,-32
221000086,11,56,-45
221000087,7,107,-100
221000088,15,147,-132
221000089,21,236,-215
221000090,79,493,-414
221000098,104,16,88
221000099,176,10,166
221000100,97,3,94
221000101,184,19,165
221000102,165,17,148
221000109,2,79,-77
221000110,3,47,-44
221000111,28,99,-71
221000112,4,89,-85
221000113,15,109,-94
221000114,10,94,-84
221000120,48,33,15
221000121,6,66,-60
221000122,35,57,-22
221000123,6,5,1
221000124,11,107,-96
221000155,131,9,122
221000156,42,31,11
221000175,0,10,-10
221000176,0,5,-5
221000182,62,8,54
221000241,458,307,151
221000242,164,242,-78
221000243,455,190,265
221000244,326,251,75
221000245,67,92,-25
221000246,50,123,-73
221000247,76,88,-12
221000248,94,54,40
221000267,60,522,-462
221000325,55,72,-17
221000331,7,46,-39
221000338,12,47,-35
221000378,207,23,184
221000381,32,27,5
222000282,8,9,-1
222000296,2,6,-4
222000568,346,34,312
222000569,236,85,151
222000570,166,47,119
222000571,530,41,489
222000577,51,86,-35
222000578,21,113,-92
222000579,42,92,-50
222000580,77,471,-394
222000599,0,88,-88
222000600,1,163,-162
222000601,4,576,-572
222000603,16,42,-26
222000604,1,64,-63
222000605,23,28,-5
222000606,1,17,-16
222000607,5,2,3
222000608,17,15,2
222000609,50,79,-29
222000616,552,21,531
222000617,13,15,-2
222000618,1,6,-5
222000620,12,18,-6
222000621,25,18,7
222000623,548,2,546
222000624,369,3,366
222000625,625,20,605
222000636,64,5,59
222000686,30,25,5
222000687,35,17,18
222001066,365,2,363
222001067,32,1,31
222001068,79,24,55
222001069,83,26,57
222001082,36,23,13
222001083,59,33,26
222001084,1,28,-27
222001085,4,293,-289
222001111,114,73,41
222001112,177,29,148
222001313,25,9,16
222001314,11,86,-75
222001464,87,30,57
222001465,6,55,-49
222001484,133,36,97
222001485,23,56,-33
222001494,623,98,525
222001495,98,110,-12
222001496,354,65,289
222001497,90,176,-86
222001502,24,84,-60
222001503,173,39,134
222001504,48,271,-223
222001505,456,23,433
222001506,60,277,-217
222001507,377,34,343
222001510,704,46,658
222001511,53,206,-153
222001514,795,222,573
222001515,199,309,-110
222001518,483,92,391
222001519,57,103,-46
222001527,232,84,148
222001528,58,99,-41
222001529,400,60,340
222001530,67,122,-55
222001533,95,204,-109
222001534,476,28,448
222001535,291,197,94
222001536,67,105,-38
222001537,385,82,303
222001538,47,299,-252
222001563,944,119,825
222001564,73,270,-197
222001568,213,256,-43
222001576,0,7,-7
222001579,0,8,-8
222001583,8,62,-54
222001584,142,11,131
222001596,590,1099,-509
222001597,1709,436,1273
222001626,1,73,-72
222001650,34,206,-172
222001651,64,752,-688
222001914,254,95,159
222001915,109,146,-37
222001968,554,216,338
222001969,270,338,-68
222001970,142,133,9
222001971,35,16,19
222001972,12,15,-3
225000001,319,127,192
225000002,602,141,461
225000003,624,70,554
225000004,337,170,167
225000005,82,37,45
225000006,0,121,-121
225000007,857,830,27
225000010,270,17,253
225000011,294,1023,-729
225000012,258,588,-330
225000013,112,63,49
225000014,643,87,556
225000015,70,90,-20
225000021,729,152,577
225000027,173,273,-100
225000032,591,112,479
225000042,60,376,-316
225000049,46,31,15
225000050,65,12,53
225000053,2,209,-207
225000058,521,201,320
225000067,180,110,70
225000068,109,186,-77
225000069,67,309,-242
225000070,66,242,-176
225000071,51,86,-35
225000075,14,393,-379
225000076,61,94,-33
225000078,57,26,31
225000085,121,104,17
225000086,244,75,169
225000087,188,15,173
225000088,11,139,-128
225000089,156,868,-712
225000090,47,426,-379
225000091,209,103,106
225000092,15,42,-27
225000093,181,166,15
225000094,21,93,-72
225000095,283,267,16
225000096,230,294,-64
225000098,706,288,418
225000099,431,98,333
225000100,387,105,282
225000104,109,302,-193
225000110,1,299,-298
225000111,181,640,-459
225000112,256,810,-554
225000113,207,473,-266
225000114,112,194,-82
225000115,719,463,256
225000116,595,134,461
225000117,613,200,413
225000118,1053,208,845
225000119,293,74,219
225000120,661,29,632
225000121,129,10,119
225000123,396,17,379
225000125,428,80,348
225000126,466,92,374
225000127,487,1242,-755
225000128,331,696,-365
225000132,375,44,331
225000133,166,24,142
225000134,491,130,361
225000135,58,13,45
225000136,313,11,302
225000137,239,25,214
225000138,307,86,221
225000143,34,119,-85
225000144,3,238,-235
225000145,40,17,23
225000146,37,40,-3
225000147,27,114,-87
225000148,9,103,-94
225000149,67,259,-192
225000151,34,115,-81
225000155,354,251,103
225000156,186,700,-514
225000157,233,210,23
225000158,50,135,-85
225000171,6,103,-97
225000180,29,1,28
225000181,0,39,-39
225000182,67,8,59
225000185,10,284,-274
225000187,29,281,-252
225000191,100,2,98
225000194,0,4,-4
225000208,0,33,-33
225000209,101,4,97
225000210,8,197,-189
225000217,0,8,-8
225000218,6,2,4
225000223,1,40,-39
225000224,29,0,29
225000225,0,27,-27
225000226,17,1,16
225000227,21,44,-23
225000228,8,9,-1
225000229,0,44,-44
225000230,20,0,20
225000231,0,50,-50
225000232,103,1,102
225000241,55,0,55
225000242,0,11,-11
225000249,3,0,3
225000250,37,354,-317
225000251,390,23,367
225000254,6,4,2
225000256,0,30,-30
225000257,0,19,-19
226000042,174,279,-105
226000043,49,189,-140
226000044,84,247,-163
226000045,80,140,-60
226000046,439,66,373
226000047,426,65,361
226000048,316,71,245
226000049,302,158,144
226000070,0,36,-36
226000071,0,28,-28
226000072,1,11,-10
226000073,0,6,-6
226000074,0,5,-5
226000084,0,30,-30
226000085,1,5,-4
226000086,3,18,-15
226000087,7,7,0
226000088,19,64,-45
226000090,192,105,87
226000091,31,61,-30
226000092,11,27,-16
226000093,13,2,11
226000094,6,8,-2
226000095,6,4,2
226000105,4,2,2
226000106,10,0,10
226000107,6,0,6
226000108,21,1,20
226000109,89,1,88
226000124,137,48,89
226000134,788,346,442
226000135,1678,448,1230
226000136,603,382,221
226000137,2,144,-142
226000138,23,65,-42
226000139,2,18,-16
226000156,171,1,170
226000157,197,19,178
226000163,60,196,-136
226000202,12,133,-121
226000231,404,12,392
226000232,52,7,45
227000033,281,40,241
227000036,433,41,392
227000037,380,18,362
227000038,102,18,84
227000084,3,38,-35
227000085,1,30,-29
227000088,21,0,21
227000089,79,1,78
227000090,27,1,26
227000091,23,1,22
227000092,18,2,16
227000093,114,0,114
227000094,8,0,8
227000130,18,61,-43
227000131,17,103,-86
227000132,4,101,-97
227000133,6,89,-83
227000134,10,142,-132
227000152,0,5,-5
227000153,0,48,-48
227000154,2,23,-21
227000155,0,13,-13
227000156,0,13,-13
227000165,5,39,-34
227000196,428,119,309
227000199,532,267,265
227000230,5,204,-199
227000232,547,34,513
227000242,50,288,-238
227000243,414,76,338
227000245,5,184,-179
227000246,80,169,-89
227000247,362,68,294
227000248,135,25,110
227000249,16,65,-49
227000250,225,102,123
227000251,45,96,-51
227000252,16,115,-99
227000253,148,13,135
227000262,368,47,321
227000266,1415,17,1398
227000267,27,676,-649
227000282,3,105,-102
227000284,623,25,598
227000286,2,26,-24
227000287,8,56,-48
227000291,12,239,-227
227000296,148,252,-104
227000484,182,19,163
227000485,23,476,-453
227000655,263,4,259
227000656,599,47,552
227000657,124,7,117
227000661,239,12,227
229000265,24,36,-12
229000266,1,0,1
229000267,2,0,2
229000268,2,0,2
229000269,2,0,2
229000274,0,7,-7
229000275,0,1,-1
229000276,0,0,0
229000277,0,1,-1
229000278,0,0,0
229000295,0,1,-1
229000296,3,4,-1
229000297,4,13,-9
229000298,2,116,-114
229000320,17,10,7
229000321,17,10,7
229000412,14,55,-41
229000414,5,46,-41
229000415,15,4,11
229000416,0,3,-3
229000417,2,13,-11
229000419,82,288,-206
229000440,323,58,265
229000442,29,18,11
229000443,3,5,-2
229000444,0,13,-13
229000445,75,4,71
229000446,76,8,68
229000491,2,14,-12
229000492,4,41,-37
229000493,10,36,-26
229000494,44,4,40
229000495,170,2,168
229000496,79,3,76
229000507,0,45,-45
229000508,0,15,-15
229000509,1,43,-42
229000510,2,30,-28
229000511,6,17,-11
229000512,0,22,-22
229000513,0,8,-8
229000514,0,3,-3
229000517,2,6,-4
229000518,42,16,26
229000519,1,3,-2
229000520,11,18,-7
229000521,65,12,53
229000522,7,7,0
229000523,8,3,5
229000524,14,1,13
229000527,4,0,4
229000528,0,0,0
229000529,13,0,13
229000530,74,1,73
229000531,52,1,51
229000532,17,0,17
229000533,78,0,78
229000534,52,1,51
229000564,67,0,67
229000565,23,0,23
229000566,0,3,-3
229000567,0,27,-27
229000582,76,5,71
229000583,4,1,3
229000584,0,37,-37
229000585,0,47,-47
229000718,0,3,-3
229000719,0,0,0
229000720,0,4,-4
229000721,0,3,-3
229000722,0,0,0
229000723,0,2,-2
229000724,0,1,-1
229000725,0,3,-3
229000738,3,0,3
229000739,3,0,3
229000740,2,0,2
229000741,34,0,34
229000742,15,0,15
229000743,15,0,15
229000744,2,0,2
229000745,1,0,1
229000746,9,2,7
229000847,59,0,59
229000848,16,1,15
229000849,103,1,102
229000851,78,0,78
229000854,0,2,-2
229000856,1,16,-15
229000857,0,15,-15
229000858,0,15,-15
229000919,18,30,-12
229000930,0,201,-201
229000937,97,10,87
229000966,70,24,46
229000981,25,22,3
229000985,17,32,-15
229000986,3,2,1
229000987,1,1,0
229000988,1,6,-5
229000989,11,2,9
229000990,2,2,0
229000991,0,0,0
229000992,15,6,9
229000993,153,12,141
229000998,6,46,-40
229000999,104,8,96
229001034,0,28,-28
229001035,4,3,1
229001036,0,4,-4
229001037,40,6,34
229001038,0,2,-2
229001039,1,0,1
229001040,0,10,-10
229001041,4,0,4
229001042,24,17,7
229001047,12,33,-21
229001050,33,54,-21
229001168,0,11,-11
229001200,24,4,20
229001338,2,12,-10
229001394,161,1,160
229001422,117,20,97
229001423,32,57,-25
229001431,39,27,12
229001432,26,59,-33
229001444,274,92,182
229001445,26,137,-111
229001479,30,4,26
229001503,207,64,143
229001504,97,67,30
229001505,100,14,86
229001506,44,73,-29
229001509,57,9,48
229001510,2,4,-2
229001545,96,6,90
229001546,13,56,-43
229001553,84,18,66
229001554,28,40,-12
229001630,42,7,35
229001631,9,20,-11
229001635,3,8,-5
229001636,7,0,7
229001658,0,104,-104
229001659,67,4,63
229001660,9,6,3
229001661,12,23,-11
229001662,11,0,11
229001663,0,2,-2
229002584,190,132,58
229002831,104,105,-1
229002841,12,11,1
229002842,16,20,-4
229002843,92,20,72
229002844,36,37,-1
229002845,12,86,-74
229002846,34,15,19
229002847,3,14,-11
229002848,4,9,-5
229002849,4,75,-71
229002850,6,0,6
229002851,31,104,-73
229002852,161,12,149
229002853,134,13,121
229002854,45,59,-14
229002855,4,35,-31
229002856,42,19,23
229002857,8,131,-123
229002858,25,3,22
229002859,30,128,-98
229002860,217,23,194
229002861,81,39,42
229002862,27,38,-11
229002863,32,11,21
229002864,33,21,12
229002865,11,12,-1
229002866,14,17,-3
229002867,1,15,-14
229002868,12,12,0
229002869,28,96,-68
229002870,71,12,59
235000066,258,41,217
235000067,111,50,61
235000072,37,63,-26
235000073,109,221,-112
235000074,37,29,8
235000080,9,39,-30
235000081,149,50,99
235000082,153,18,135
235000083,287,32,255
235000084,23,40,-17
235000085,119,37,82
235000089,19,17,2
235000092,33,64,-31
235000093,10,3,7
235000097,9,3,6
235000098,41,7,34
235000099,16,13,3
235000116,38,17,21
235000117,316,8,308
235000133,10,551,-541
235000134,12,199,-187
235000206,2,1,1
235000207,2,7,-5
235000208,2,2,0
235000209,9,1,8
235000210,1,2,-1
235000212,2,6,-4
235000213,1,13,-12
235000220,0,0,0
235000221,79,13,66
235000238,14,142,-128
235000239,1,20,-19
235000242,312,718,-406
235000245,260,119,141
235000246,14,60,-46
235000284,10,170,-160
235000295,64,28,36
235000305,241,22,219
235000306,347,15,332
235000307,26,1,25
235000308,29,0,29
235000309,67,2,65
235000310,44,2,42
235000311,112,45,67
235000322,0,31,-31
235000323,2,29,-27
235000324,1,16,-15
235000325,1,43,-42
235000326,5,80,-75
235000351,2,55,-53
235000352,12,43,-31
235000353,0,18,-18
235000354,14,62,-48
235000355,16,51,-35
235000356,81,3,78
235000357,40,3,37
235000358,57,6,51
235000359,9,4,5
235000360,46,13,33
235000361,62,15,47
235000381,87,51,36
235000382,189,24,165
235000390,7,10,-3
235000391,119,22,97
235000392,195,254,-59
235000393,124,106,18
235000395,164,20,144
235000396,622,52,570
235000400,87,52,35
235000401,11,82,-71
235000405,63,143,-80
235000406,42,135,-93
235000407,26,41,-15
235000409,87,48,39
235000410,24,133,-109
235000411,1,14,-13
235000485,0,8,-8
235000486,16,1,15
235000549,131,63,68
235000550,75,77,-2
235000599,167,38,129
235000600,2,11,-9
235000601,11,9,2
235000602,102,23,79
235000614,0,1,-1
235000648,0,7,-7
235000649,21,6,15
235000685,0,4,-4
235000815,17,96,-79
235000834,0,6,-6
235000855,45,23,22
235000862,34,72,-38
235000891,0,10,-10
235000892,19,2,17
235000901,74,44,30
235000907,3,10,-7
235001010,105,35,70
235001029,291,186,105
235001030,308,177,131
235001078,88,64,24
235001079,40,79,-39
235001147,2,51,-49
235001166,18,42,-24
235001167,53,21,32
235001169,26,312,-286
235001188,2,5,-3
235001189,5,1,4
235001197,10,19,-9
235001200,64,54,10
235001207,168,22,146
235001210,16,67,-51
235001215,9,70,-61
235001239,0,26,-26
235001244,2,13,-11
235016267,1,65,-64
277101746,0,1,-1
277102712,3,1,2
277103813,0,0,0
277103898,0,1,-1
277104249,0,3,-3
277104250,0,5,-5
277104251,0,4,-4
277104252,0,0,0
990011530,3,119,-116
990014944,5,281,-276
990015176,12,9,3
990015618,1,93,-92
990016032,1,209,-208
990032570,0,349,-349
990070001,30,0,30
990070103,0,3,-3
990070601,0,45,-45
990070751,1313,1,1312
990070766,1,272,-271
990071180,411,142,269
990071343,26,5,21
990071387,0,24,-24
990071823,521,1,520
990072600,4,1399,-1395
990072964,1,309,-308
990073285,0,1,-1
990074393,0,421,-421
990074870,1502,13,1489
990075106,1193,13,1180
990075746,538,4,534
990076437,1714,3,1711
990076458,1,305,-304
997000007,432,10,422
997000041,1,215,-214
997000058,57,0,57
997000062,35,1,34
997000069,0,5,-5
997000070,1,16,-15
997000100,52,0,52
997000141,4,1605,-1601
997000198,6,734,-728
998000475,0,4,-4
998000736,0,96,-96
998000965,0,7,-7
998001031,0,81,-81
998001700,0,5,-5
998001899,0,3,-3
998001900,6,3,3
998003073,979,2,977
998101900,0,0,0
998102850,5,285,-280
998501927,735,1296,-561
998501929,137,5,132
998501930,38,0,38
998501931,123,13,110
998501932,13,6,7
998501933,70,9,61
998501937,24,16,8
998501944,0,0,0
998501950,0,0,0
998501970,62,3,59
998501971,1,96,-95
998501973,0,22,-22
998501974,0,141,-141
998501975,98,1,97
998501976,71,0,71
998501977,0,32,-32
998501978,20,0,20
998501979,0,9,-9
998501980,62,0,62
998501981,29,0,29
998501982,0,105,-105
998502006,0,0,0
998502024,0,7,-7
998502032,0,2,-2
998502062,11,0,11
998502063,0,0,0
998502173,8,1,7
998502269,0,4,-4
998601159,12,95,-83
998601292,0,10,-10
999033574,2,202,-200
999800001,123,33,90
999800002,0,4,-4
999800003,5,1,4
999800004,0,7,-7
999800005,0,4,-4
