ID,insum,outsum,diff
100000001,637,455,182
100000002,1195,551,644
100000003,10428,1846,8582
100000004,1966,616,1350
100000005,2147,2062,85
100000006,185,134,51
100000007,659,321,338
100000008,88,585,-497
100000009,187,163,24
100000010,6,32,-26
100000011,185,75,110
100000012,28,742,-714
100000013,9,188,-179
100000014,270,442,-172
100000015,770,711,59
100000016,706,1562,-856
100000017,450,1366,-916
100000018,1193,527,666
100000019,5742,1574,4168
100000020,1855,2619,-764
100000021,8666,1947,6719
100000022,1105,622,483
100000023,7115,790,6325
100000025,3066,354,2712
100000028,1557,711,846
100000029,219,168,51
100000030,739,31,708
100000031,5443,4214,1229
100000032,2909,3209,-300
100000033,549,2024,-1475
100000034,893,247,646
100000035,1338,636,702
100000036,2498,919,1579
100000037,244,335,-91
100000038,696,796,-100
100000039,627,178,449
100000040,135,124,11
100000041,325,291,34
100000042,340,285,55
100000043,456,244,212
100000044,399,772,-373
100000045,421,1631,-1210
100000046,477,1562,-1085
100000047,343,1087,-744
100000048,715,866,-151
100000049,1628,3054,-1426
100000051,339,1386,-1047
100000053,20,4,16
100000054,55,23,32
100000055,343,315,28
100000056,141,515,-374
100000057,1215,682,533
100000058,636,1709,-1073
100000059,1,131,-130
100000060,210,375,-165
100000061,1189,536,653
100000062,932,444,488
100000063,307,240,67
100000064,474,443,31
100000065,402,1516,-1114
100000066,160,1136,-976
100000067,296,902,-606
100000068,391,1845,-1454
100000069,182,1806,-1624
100000072,554,2013,-1459
100000073,1097,1704,-607
100000075,378,362,16
100000076,1704,1555,149
100000077,732,63,669
100000078,102,20,82
100000079,52,52,0
100000080,17,8,9
100000081,27,15,12
100000102,1712,972,740
100000103,3073,652,2421
100000104,4844,1048,3796
100000105,4000,562,3438
100000106,2461,969,1492
100000107,381,221,160
100000108,838,1333,-495
100000109,3642,1230,2412
100000116,1279,415,864
100000117,29,13,16
100000118,1157,554,603
100000119,536,708,-172
100000121,158,587,-429
100000122,714,761,-47
100000123,4346,4425,-79
100000124,10006,4635,5371
100000125,3906,609,3297
100000126,644,271,373
100000127,1444,324,1120
100000128,898,1021,-123
100000129,555,555,0
100000130,360,538,-178
100000131,6132,2931,3201
100000132,2995,1394,1601
100000133,14054,3313,10741
100000135,347,569,-222
100000139,163,237,-74
100000140,204,316,-112
100000142,279,529,-250
100000143,623,853,-230
100000144,4197,1169,3028
100000147,776,1718,-942
100000150,19,468,-449
100000151,549,279,270
100000153,439,268,171
100000154,99,47,52
100000155,3,17,-14
100000156,48,58,-10
100000157,119,177,-58
100000158,51,121,-70
100000159,333,391,-58
100000165,948,755,193
100000169,625,224,401
100000174,2079,291,1788
100000179,43,523,-480
100000180,2260,1123,1137
100000181,91,398,-307
100000188,79,427,-348
100000189,830,288,542
100000190,373,219,154
100000191,413,423,-10
100000192,109,45,64
100000193,118,136,-18
100000330,2640,441,2199
100000355,307,620,-313
100000362,5224,3784,1440
100000363,1511,3279,-1768
100000364,417,171,246
100000365,3232,4001,-769
100000366,4659,2759,1900
100000367,2249,2692,-443
100000368,1863,2148,-285
100000369,740,1078,-338
100000370,167,232,-65
100000376,56,68,-12
100000379,1899,1080,819
100000380,2776,1268,1508
100000384,5591,1658,3933
100000385,5097,3024,2073
100000386,9582,2024,7558
100000387,8216,2605,5611
100000388,16240,2601,13639
100000389,14101,2955,11146
100000390,14879,2086,12793
100000391,9259,2708,6551
100000392,2719,1062,1657
100000393,1310,936,374
100000394,6520,2429,4091
100000395,3298,714,2584
100000396,4021,1444,2577
100000397,2221,856,1365
100000398,12630,8251,4379
100900002,1,44,-43
100900003,98,106,-8
100900004,38,1349,-1311
100900005,58,1,57
100900006,4,262,-258
100900007,236,9,227
100900008,7,693,-686
100900009,43,19,24
100900010,20,132,-112
100900011,24,406,-382
100900012,5,403,-398
100900013,788,5,783
100900014,0,6,-6
100900015,131,123,8
100900016,4,23,-19
100900017,624,79,545
100900018,0,10,-10
100900019,7,46,-39
100900020,113,0,113
100900021,755,0,755
100900022,2,29,-27
100900023,0,31,-31
100900024,422,0,422
100900025,5,12,-7
100900026,34,178,-144
100900027,647,2035,-1388
100900028,47,167,-120
100900029,117,11,106
100900030,1,11,-10
100900031,249,39,210
100900032,117,0,117
100900033,191,70,121
100900034,184,0,184
100900035,329,0,329
100900036,9,0,9
100900037,21,478,-457
100900038,24,27,-3
100900039,201,673,-472
100900040,110,1049,-939
100900041,159,1322,-1163
100900042,228,109,119
100900043,0,1,-1
100900044,3234,347,2887
100900045,7,1,6
100900046,762,9,753
100900047,875,62,813
100900048,21,7,14
100900049,22,292,-270
100900050,0,44,-44
100900051,39,37,2
100900052,50,20,30
100900053,86,24,62
100900054,4,162,-158
100900055,125,162,-37
100900056,7,107,-100
100900057,468,292,176
100900058,139,37,102
100900059,23,0,23
100900060,20,13,7
100900061,233,293,-60
100900062,2,86,-84
100900063,99,326,-227
100900064,479,18,461
100900065,22,51,-29
100900066,13,33,-20
100900067,6,12,-6
100900068,87,187,-100
100900069,125,0,125
100900070,70,3,67
100900071,678,330,348
100900072,0,65,-65
100900073,47,588,-541
100900074,0,9,-9
100900075,3498,216,3282
100900076,31,25,6
100900077,2,107,-105
100900078,46,102,-56
100900079,0,35,-35
100900080,8,153,-145
100900081,3,33,-30
100900082,13,958,-945
100900083,1,47,-46
100900085,2,58,-56
100900086,58,567,-509
100900088,23,861,-838
100900089,0,41,-41
100900090,84,552,-468
100900091,4,25,-21
100900092,99,98,1
100900093,32,298,-266
100900094,52,985,-933
100900095,4,27,-23
100900096,29,139,-110
100900097,0,3,-3
100900098,0,56,-56
100900099,23,647,-624
100900100,5,233,-228
100900101,339,22,317
100900102,155,49,106
100900103,0,20,-20
100900104,5,153,-148
100900105,5,58,-53
100900106,83,1,82
100900107,1798,301,1497
100900108,2,6,-4
100900109,0,26,-26
100900110,0,7,-7
100900111,89,106,-17
100900112,0,2,-2
100900113,2,18,-16
100900114,0,20,-20
100900115,0,22,-22
100900116,725,222,503
100900117,160,406,-246
100900118,107,44,63
100900119,1,27,-26
100900120,0,11,-11
100900121,242,292,-50
100900122,89,218,-129
100900123,16,91,-75
100900124,0,5,-5
100900125,11,108,-97
100900126,23,291,-268
100900127,2,6,-4
100900128,103,110,-7
100900129,0,103,-103
100900131,35,96,-61
100900133,12,61,-49
100900134,0,5,-5
100900135,0,108,-108
100900137,333,205,128
100900138,331,252,79
100900139,0,4,-4
100900140,6,1217,-1211
100900141,1,260,-259
100900142,2,5,-3
100900143,1160,204,956
100900144,26,6,20
100900145,170,121,49
100900146,8,8,0
100900147,2,259,-257
100900148,28,1263,-1235
100900149,9,24,-15
100900150,2,1,1
100900151,52,667,-615
100900152,89,6,83
100900153,1,176,-175
100900154,2,13,-11
100900155,0,6,-6
100900156,26,1,25
100900157,0,109,-109
100900158,1386,425,961
100900159,0,9,-9
100900160,0,23,-23
100900161,133,3,130
100900162,7,223,-216
100900163,83,245,-162
100900164,12,34,-22
100900165,19,77,-58
100900166,46,1,45
100900167,13,130,-117
100900168,11,97,-86
100900169,173,1618,-1445
100900170,11,3,8
100900171,13,1177,-1164
100900172,0,4,-4
100900173,3,732,-729
100900174,123,13,110
100900176,1320,33,1287
100900177,1207,142,1065
100900178,117,220,-103
100900179,81,36,45
100900180,0,0,0
100900181,38,10,28
100900182,7,17,-10
100900184,1,118,-117
100900186,1181,503,678
100900187,5,195,-190
100900188,41,21,20
100900189,972,111,861
100900191,1304,601,703
100900192,165,94,71
100900195,57,179,-122
100900197,1,65,-64
100900198,8,201,-193
100900199,6,2,4
100900200,614,352,262
100900201,47,1114,-1067
100900202,1,0,1
100900203,0,52,-52
100900204,562,105,457
100900205,59,267,-208
100900206,34,43,-9
100900207,88,52,36
100900210,46,1182,-1136
100900211,232,60,172
100900213,18,12,6
100900214,1675,50,1625
100900215,2,41,-39
101000001,5111,2357,2754
101000002,3215,2327,888
101000003,881,1836,-955
101000004,11585,6114,5471
101000005,6605,4552,2053
101000006,9857,5853,4004
101000007,2508,2640,-132
101000008,3261,2584,677
101000009,1748,2559,-811
101000010,611,1634,-1023
101000011,2103,727,1376
101000012,2016,423,1593
101000013,404,623,-219
101000014,511,580,-69
101000015,691,902,-211
101000016,265,443,-178
101000017,337,475,-138
101000018,3871,2651,1220
101000020,4917,1126,3791
101000021,877,232,645
101000022,614,84,530
101000023,1830,860,970
101000025,80,369,-289
101000026,520,38,482
101000027,1501,1464,37
101000028,98,45,53
101000029,13,672,-659
101000030,667,55,612
101000031,275,332,-57
101000032,4448,2029,2419
101000033,2211,1341,870
101000034,2249,872,1377
101000035,1139,312,827
101000036,971,271,700
101000037,3891,826,3065
101000039,3688,587,3101
101000040,4711,1847,2864
101000041,11477,2348,9129
101000042,807,343,464
101000043,10735,1560,9175
101000045,1039,209,830
101000046,2244,922,1322
101000047,1113,1188,-75
101000048,603,763,-160
101000049,795,534,261
101000050,2856,1471,1385
101000051,6067,954,5113
101000052,1338,481,857
101000053,817,1327,-510
101000054,1893,1524,369
101000055,1801,684,1117
101000056,53,32,21
101000057,3139,547,2592
101000058,2138,487,1651
101000059,3961,1343,2618
101000060,1990,154,1836
101000061,1490,523,967
101000062,1378,216,1162
101000063,364,235,129
101000064,812,233,579
101000065,101,244,-143
101000066,236,127,109
101000067,700,349,351
101000068,231,135,96
101000069,255,57,198
101000070,1934,695,1239
101000071,1895,629,1266
101000072,1119,2694,-1575
101000073,911,281,630
101000074,5326,1974,3352
101000075,8192,2555,5637
101000077,1495,872,623
101000078,1107,1700,-593
101000079,333,928,-595
101000080,624,662,-38
101000081,1010,776,234
101000082,3469,2520,949
101000083,1489,1149,340
101000084,1299,1330,-31
101000085,1794,910,884
101000086,1318,1023,295
101000087,963,1419,-456
101000088,695,884,-189
101000089,745,1295,-550
101000090,2674,1498,1176
101000091,283,1580,-1297
101000092,865,1269,-404
101000093,1412,826,586
101000094,497,1263,-766
101000095,174,879,-705
101000096,211,681,-470
101000097,184,282,-98
101000098,404,469,-65
101000099,1233,1035,198
101000100,923,482,441
101000101,237,306,-69
101000102,770,270,500
101000103,853,501,352
101000104,171,374,-203
101000105,959,86,873
101000106,485,229,256
101000107,86,230,-144
101000108,1773,470,1303
101000109,71,76,-5
101000110,48,995,-947
101000111,112,210,-98
101000113,118,571,-453
101000114,2089,1183,906
101000115,50,125,-75
101000116,172,113,59
101000117,84,177,-93
101000119,141,13,128
101000120,210,19,191
101000121,40,12,28
101000122,62,25,37
101000123,32,46,-14
101000124,307,284,23
101000125,96,328,-232
101000128,891,324,567
101000130,333,238,95
101000131,441,808,-367
101000132,224,2037,-1813
101000135,52,14,38
101000136,315,96,219
101000137,22,192,-170
101000141,2663,1135,1528
101000147,865,527,338
101000148,3560,33,3527
101000149,23,11,12
101000150,39,1540,-1501
101000151,44,129,-85
101000152,317,371,-54
101000153,712,579,133
101000154,100,2265,-2165
101000155,88,149,-61
101000156,27,141,-114
101000157,65,25,40
101000160,7,74,-67
101000163,126,59,67
101000164,560,341,219
101000165,259,346,-87
101000166,270,467,-197
101000168,643,276,367
101000252,766,598,168
101000254,345,14,331
101000258,43,5,38
101000261,168,169,-1
101000262,513,820,-307
101000263,162,1191,-1029
101000265,34,546,-512
101000266,309,165,144
101000269,126,9,117
101000290,1433,1975,-542
101000293,3,124,-121
101000294,407,506,-99
101000295,112,531,-419
101000301,678,137,541
101000304,1769,2353,-584
101000305,2275,1819,456
101900001,11,68,-57
101900002,0,14,-14
101900003,69,102,-33
101900004,3,47,-44
101900005,6976,701,6275
101900006,822,9,813
101900007,443,39,404
101900008,129,116,13
101900009,53,269,-216
101900010,969,312,657
101900011,355,680,-325
101900012,129,167,-38
101900013,1356,63,1293
101900017,24,84,-60
101900018,1917,133,1784
101900019,84,44,40
101900020,473,120,353
101900021,1,22,-21
101900022,25,1848,-1823
101900023,37,262,-225
102000001,1767,3816,-2049
102000002,2894,1464,1430
102000003,3677,3667,10
102000004,10657,2467,8190
102000005,1303,2288,-985
102000006,1840,1285,555
102000007,1598,4412,-2814
102000008,8583,1792,6791
102000009,6771,7536,-765
102000010,8258,3336,4922
102000011,2210,2340,-130
102000012,3602,3640,-38
102000018,4639,2366,2273
102000019,3276,1037,2239
102000026,239,332,-93
102000029,564,192,372
102000030,68,204,-136
102000031,23,305,-282
102000032,186,362,-176
102000033,124,518,-394
102000034,593,444,149
102000035,1079,538,541
102000036,8,160,-152
102000037,160,69,91
102000038,55,74,-19
102000039,45,44,1
102000040,364,53,311
102000041,176,140,36
102000042,85,52,33
102000043,148,205,-57
102000044,223,498,-275
102000045,783,1031,-248
102000046,912,464,448
102000047,593,1092,-499
102000048,142,756,-614
102000049,577,525,52
102000050,777,1184,-407
102000051,279,532,-253
102000052,976,1004,-28
102000053,438,870,-432
102000054,192,706,-514
102000055,611,991,-380
102000056,383,1560,-1177
102000057,1279,519,760
102000058,1251,2006,-755
102000059,856,1294,-438
102000060,825,1074,-249
102000061,770,3246,-2476
102000062,692,1612,-920
102000063,1144,1558,-414
102000064,441,607,-166
102000065,28,120,-92
102000066,938,1135,-197
102000067,2861,2579,282
102000068,8158,2368,5790
102000069,41,1699,-1658
102000070,3026,81,2945
102000071,6792,10044,-3252
102000072,3510,4848,-1338
102000073,789,1134,-345
102000074,731,1028,-297
102000075,71,266,-195
102000076,59,520,-461
102000077,218,1572,-1354
102000078,455,1130,-675
102000079,57,365,-308
102000080,308,209,99
102000081,365,900,-535
102000082,756,302,454
102000083,156,750,-594
102000084,87,619,-532
102000085,1746,1407,339
102000086,1123,1907,-784
102000087,512,2080,-1568
102000088,156,362,-206
102000089,671,827,-156
102000090,310,1314,-1004
102000091,1221,495,726
102000092,658,714,-56
102000093,583,450,133
102000094,1266,316,950
102000095,851,1070,-219
102000096,1941,699,1242
102000097,2032,1441,591
102000098,560,1184,-624
102000099,1076,409,667
102000100,841,611,230
102000101,1274,244,1030
102000102,472,1550,-1078
102000103,1493,261,1232
102000104,1285,382,903
102000105,185,968,-783
102000106,551,1240,-689
102000107,580,726,-146
102000108,668,425,243
102000109,229,709,-480
102000110,340,1863,-1523
102000111,7,321,-314
102000112,221,96,125
102000113,4,40,-36
102000114,1003,311,692
102000115,196,195,1
102000116,241,183,58
102000117,225,572,-347
102000118,1456,777,679
102000119,2825,477,2348
102000120,78,423,-345
102000121,586,554,32
102000122,359,704,-345
102000123,1423,1084,339
102000124,1116,884,232
102000125,946,943,3
102000126,561,686,-125
102000127,910,793,117
102000128,393,1159,-766
102000129,636,975,-339
102000130,298,763,-465
102000131,2356,622,1734
102000132,868,456,412
102000133,1199,3313,-2114
102000134,360,834,-474
102000135,1389,495,894
102000136,1345,301,1044
102000137,1359,925,434
102000138,286,523,-237
102000139,100,411,-311
102000140,321,270,51
102000141,407,667,-260
102000142,181,510,-329
102000143,74,610,-536
102000144,77,567,-490
102000145,173,498,-325
102000146,252,357,-105
102000147,293,305,-12
102000148,165,370,-205
102000149,92,881,-789
102000150,118,265,-147
102000151,86,483,-397
102000152,55,127,-72
102000153,718,220,498
102000154,363,654,-291
102000155,75,235,-160
102000156,298,45,253
102000157,85,132,-47
102000158,210,96,114
102000159,1895,116,1779
102000161,4990,1082,3908
102000162,252,130,122
102000163,116,336,-220
102000164,1173,628,545
102000165,198,112,86
102000166,20,77,-57
102000167,112,178,-66
102000168,152,137,15
102000169,47,320,-273
102000170,785,91,694
102000171,113,69,44
102000172,10,176,-166
102000173,167,183,-16
102000174,13,72,-59
102000175,92,285,-193
102000176,20,55,-35
102000178,121,770,-649
102000179,157,252,-95
102000180,423,760,-337
102000181,178,872,-694
102000182,358,797,-439
102000183,908,2393,-1485
102000184,875,1192,-317
102000185,1348,2115,-767
102000186,481,2367,-1886
102000187,441,2739,-2298
102000188,561,1869,-1308
102000189,4146,1192,2954
102000190,745,2309,-1564
102000191,1405,620,785
102000192,542,1088,-546
102000193,16,201,-185
102000194,45,130,-85
102000195,254,686,-432
102000196,68,675,-607
102000197,166,697,-531
102000198,98,1208,-1110
102000199,213,515,-302
102000200,185,1535,-1350
102000201,260,677,-417
102000202,0,174,-174
102000203,134,383,-249
102000204,181,1364,-1183
102000205,476,1242,-766
102000206,372,1037,-665
102000207,545,547,-2
102000208,231,751,-520
102000209,133,46,87
102000210,143,654,-511
102000211,174,545,-371
102000212,108,11,97
102000213,2,500,-498
102000214,92,11,81
102000215,4,769,-765
102000216,11,32,-21
102000217,14,303,-289
102000218,110,37,73
102000219,344,501,-157
102000225,718,714,4
102000226,5695,257,5438
102000227,43,1,42
102000228,0,112,-112
102000229,12,21,-9
102000230,201,714,-513
102000231,149,393,-244
102000232,7,135,-128
102000233,359,683,-324
102000234,98,1942,-1844
102000236,434,72,362
102000237,285,175,110
102000238,128,314,-186
102000240,732,484,248
102000241,267,101,166
102000243,10,66,-56
102000245,6,77,-71
102000246,5,37,-32
102000247,232,948,-716
102000248,154,358,-204
102000249,52,198,-146
102000250,22,501,-479
102000254,25,809,-784
102000266,77,233,-156
102000271,11,0,11
102000286,418,339,79
102000297,1349,878,471
102000299,0,0,0
102000301,0,2,-2
102000302,0,0,0
102000303,0,0,0
102000305,0,1,-1
102000307,0,9,-9
102000308,0,1,-1
102900001,1032,903,129
102900002,353,41,312
102900003,12,335,-323
102900005,176,319,-143
102900006,359,215,144
102900007,312,37,275
102900008,179,91,88
102900009,339,104,235
102900010,975,334,641
102900011,2823,314,2509
102900012,361,60,301
102900013,5,74,-69
102900015,735,167,568
102900016,22,166,-144
102900017,66,712,-646
102900018,2,126,-124
102900019,212,512,-300
102900020,55,42,13
102900021,4,139,-135
102900022,281,54,227
102900023,23,36,-13
102900024,28,74,-46
102900025,284,83,201
102900026,573,1127,-554
102900027,50,70,-20
102900028,94,322,-228
102900029,50,114,-64
102900030,310,143,167
102900031,93,174,-81
102900032,11,144,-133
102900033,50,144,-94
102900034,136,160,-24
102900035,47,554,-507
102900036,100,742,-642
102900037,258,886,-628
102900038,478,657,-179
102900039,19,341,-322
102900040,104,192,-88
102900041,38,193,-155
102900042,138,367,-229
102900043,101,258,-157
102900044,372,2387,-2015
102900045,47,668,-621
102900046,56,432,-376
102900047,55,1052,-997
102900048,377,977,-600
102900049,35,377,-342
102900050,374,497,-123
102900051,94,252,-158
102900052,11,27,-16
102900053,240,902,-662
102900054,1190,661,529
102900055,44,99,-55
102900056,95,486,-391
102900057,0,27,-27
102900058,316,53,263
102900059,12,55,-43
102900060,54,526,-472
102900061,99,534,-435
102900062,64,1763,-1699
102900063,367,475,-108
102900064,186,420,-234
102900065,1768,1071,697
102900066,280,69,211
102900068,56,91,-35
102900070,157,947,-790
102900072,15,19,-4
102900073,141,13,128
102900074,203,122,81
102900075,8,23,-15
102900076,150,36,114
102900077,16,34,-18
102900078,31,53,-22
102900079,176,28,148
102900080,193,37,156
102900081,55,240,-185
102900082,8,290,-282
102900083,271,14,257
102900084,5,8,-3
102900085,86,46,40
102900086,3,7,-4
102900087,48,207,-159
102900088,11,72,-61
102900089,279,144,135
102900090,6,645,-639
102900091,54,0,54
102900092,145,1081,-936
102900093,168,212,-44
102900094,0,36,-36
102900095,101,7,94
102900096,11,4,7
102900097,63,388,-325
103000001,1748,2692,-944
103000002,1658,1907,-249
103000003,2944,2571,373
103000004,1126,750,376
103000005,1797,1885,-88
103000006,444,1140,-696
103000007,473,895,-422
103000008,814,1108,-294
103000009,554,859,-305
103000010,92,117,-25
103000011,1973,1033,940
103000012,896,1077,-181
103000013,8032,1928,6104
103000014,1331,1389,-58
103000015,2850,961,1889
103000016,575,774,-199
103000017,124,389,-265
103000018,1174,475,699
103000019,119,150,-31
103000020,1503,1428,75
103000021,994,1170,-176
103000022,863,1253,-390
103000023,408,1040,-632
103000024,98,178,-80
103000025,128,301,-173
103000026,2601,118,2483
103000027,363,338,25
103000028,982,288,694
103000029,635,156,479
103000030,2727,614,2113
103000031,1792,1080,712
103000032,2227,1708,519
103000033,3089,2651,438
103000034,2376,900,1476
103000035,521,723,-202
103000036,529,444,85
103000037,668,403,265
103000038,655,863,-208
103000039,133,579,-446
103000040,166,1717,-1551
103000041,1440,3607,-2167
103000042,458,831,-373
103000043,234,1652,-1418
103000044,95,327,-232
103000046,217,390,-173
103000047,319,752,-433
103000048,131,166,-35
103000049,78,196,-118
103000050,423,806,-383
103000051,258,586,-328
103000052,711,526,185
103000053,129,409,-280
103000054,1509,996,513
103000055,1109,1752,-643
103000056,416,2543,-2127
103000057,402,339,63
103000058,286,1109,-823
103000059,224,962,-738
103000060,702,860,-158
103000061,274,807,-533
103000062,752,897,-145
103000063,465,790,-325
103000064,87,333,-246
103000065,4,412,-408
103000066,47,7,40
103000069,106,427,-321
103000070,537,1490,-953
103000071,590,335,255
103000072,84,1312,-1228
103000073,219,137,82
103000074,272,89,183
103000075,103,1356,-1253
103000076,112,130,-18
103000077,25,541,-516
103000078,994,219,775
103000079,1884,485,1399
103000080,856,185,671
103000081,510,642,-132
103000082,321,203,118
103000083,54,515,-461
103000084,74,4,70
103000085,2,100,-98
103000086,453,306,147
103000087,63,458,-395
103000088,210,405,-195
103000089,188,298,-110
103000090,1159,1046,113
103000091,379,429,-50
103000092,224,324,-100
103000093,299,686,-387
103000094,60,111,-51
103000095,16,589,-573
103000096,608,128,480
103000097,24,814,-790
103000098,912,112,800
103000099,300,656,-356
103000100,48,1175,-1127
103000101,382,237,145
103000102,118,904,-786
103000103,351,320,31
103000104,17,229,-212
103000105,61,110,-49
103000106,7,135,-128
103000107,367,53,314
103000108,423,584,-161
103000109,368,313,55
103000110,323,415,-92
103000111,512,401,111
103000112,339,301,38
103000113,483,680,-197
103000114,658,445,213
103000115,333,448,-115
103000116,275,557,-282
103000117,114,506,-392
103000118,1217,1187,30
103000119,2364,772,1592
103000120,31,120,-89
103000121,175,614,-439
103000122,145,195,-50
103000125,7,791,-784
103000126,224,4,220
103000127,2,429,-427
103000128,60,0,60
103000129,1,248,-247
103000130,21,14,7
103000131,312,120,192
103000132,122,78,44
103000133,6,319,-313
103000134,653,505,148
103000135,1219,211,1008
103000136,761,369,392
103000137,654,598,56
103000138,953,563,390
103000139,2,50,-48
103000140,107,24,83
103000141,26,106,-80
103000142,104,78,26
103000143,10,238,-228
103000144,93,117,-24
103000145,22,44,-22
103000150,85,60,25
103000152,128,218,-90
103000153,79,191,-112
103000156,7,786,-779
103000157,194,0,194
103000159,81,104,-23
103000162,64,7,57
103000163,5,6,-1
103000164,2,10,-8
103000165,109,541,-432
103000166,104,175,-71
103000167,70,141,-71
103000168,39,175,-136
103000169,141,416,-275
103000170,574,649,-75
103000171,57,67,-10
103000172,226,1340,-1114
103000173,115,785,-670
103000174,153,326,-173
103000175,111,611,-500
103000176,746,224,522
103000177,907,422,485
103000178,540,276,264
103000179,55,20,35
103000183,33,62,-29
103000185,21,85,-64
103000186,62,188,-126
103000187,117,876,-759
103000188,5,88,-83
103000189,590,1222,-632
103000191,733,859,-126
103000292,3425,659,2766
103000293,2009,756,1253
103000295,65,58,7
103000296,133,7,126
103000297,109,9,100
103000504,156,12,144
103000505,8,3,5
103000506,2,237,-235
103000507,79,2,77
103000508,60,56,4
103000509,158,520,-362
103900001,3,477,-474
103900002,2203,181,2022
103900003,2201,104,2097
103900004,12,23,-11
103900005,4,439,-435
103900006,0,0,0
103900007,3,0,3
103900008,20,2,18
103900009,126,324,-198
103900010,85,296,-211
103900011,48,320,-272
103900012,4,27,-23
103900013,6,97,-91
103900014,61,39,22
103900015,18,34,-16
103900016,154,384,-230
103900017,19,93,-74
103900018,654,151,503
103900019,29,123,-94
103900020,87,226,-139
103900021,1090,30,1060
103900022,604,478,126
103900023,51,0,51
103900024,93,828,-735
103900025,4,41,-37
103900026,1,0,1
103900027,229,312,-83
103900028,10,225,-215
103900029,553,55,498
103900030,80,23,57
103900031,3,0,3
103900032,41,12,29
103900033,31,7,24
103900034,27,291,-264
103900035,54,59,-5
103900036,30,12,18
103900037,20,25,-5
103900038,139,68,71
103900039,20,658,-638
103900040,3,296,-293
103900041,3,19,-16
103900042,15,591,-576
103900043,61,114,-53
103900044,267,96,171
103900045,82,175,-93
103900047,9,40,-31
103900048,30,14,16
103900049,201,1241,-1040
103900050,3,94,-91
103900051,0,40,-40
103900052,73,824,-751
103900053,35,1424,-1389
103900054,48,836,-788
103900055,139,224,-85
103900056,21,55,-34
103900057,6,355,-349
103900058,59,1008,-949
103900059,0,0,0
103900060,10,245,-235
103900061,26,61,-35
103900062,47,39,8
103900063,0,0,0
103900064,15,1,14
103900065,854,300,554
103900066,38,3,35
103900067,37,8,29
103900068,5,4,1
103900069,27,3,24
103900070,105,318,-213
103900071,35,216,-181
103900072,4,468,-464
103900073,14,13,1
103900074,26,130,-104
103900075,44,106,-62
103900076,174,908,-734
103900077,116,47,69
103900078,54,141,-87
103900079,69,362,-293
103900080,13,25,-12
103900081,45,5,40
103900082,3,75,-72
103900083,2495,226,2269
103900084,0,148,-148
103900085,53,68,-15
103900086,208,340,-132
103900087,13,168,-155
103900088,580,138,442
103900089,60,224,-164
103900090,2,252,-250
103900091,776,247,529
103900092,178,546,-368
103900093,113,492,-379
103900094,8,205,-197
103900095,94,185,-91
103900096,12,447,-435
103900097,0,580,-580
103900098,119,41,78
103900099,30,439,-409
103900100,100,417,-317
103900101,47,957,-910
103900102,0,35,-35
103900104,0,37,-37
103900105,49,186,-137
103900106,0,8,-8
103900107,40,289,-249
103900108,19,579,-560
103900109,14,112,-98
103900110,134,49,85
103900111,39,1044,-1005
103900112,15,72,-57
103900113,163,155,8
103900114,548,415,133
103900115,243,55,188
103900116,7820,765,7055
103900117,228,167,61
103900119,36,25,11
103900120,4,101,-97
103900122,53,400,-347
103900123,1600,451,1149
103900124,16,20,-4
103900125,19,84,-65
103900126,132,620,-488
103900127,107,1100,-993
103900128,26,271,-245
103900131,11,119,-108
103900133,723,23,700
103900134,0,0,0
103900135,18,13,5
103900137,1,53,-52
103900138,9,544,-535
103900139,159,985,-826
103900140,22,6,16
103900141,168,107,61
103900142,39,249,-210
103900143,9,2,7
103900144,1,49,-48
103900145,82,381,-299
103900146,172,395,-223
103900147,103,145,-42
103900148,64,260,-196
103900149,47,924,-877
103900150,8829,1351,7478
103900151,17,147,-130
103900152,105,959,-854
103900153,8,1,7
103900154,1750,532,1218
103900155,13,273,-260
103900156,4,194,-190
103900157,12,318,-306
103900158,34,271,-237
103900159,22,99,-77
103900160,22,13,9
103900161,52,163,-111
103900162,88,408,-320
103900163,4,342,-338
103900164,160,36,124
103900167,8,33,-25
103900168,9,161,-152
103900169,17,26,-9
103900170,2,107,-105
103900171,3,82,-79
103900172,16,50,-34
103900173,2,3,-1
103900174,34,76,-42
103900175,26,28,-2
103900176,6,7,-1
103900177,9,47,-38
103900178,14,73,-59
103900179,14,183,-169
103900180,9,162,-153
103900181,43,33,10
103900182,35,9,26
103900184,610,42,568
103900185,271,87,184
103900187,86,20,66
103900188,20,5,15
103900189,34,10,24
103900190,26,52,-26
103900191,11,48,-37
103900192,21,90,-69
103900193,153,120,33
103900194,39,444,-405
103900195,4,33,-29
103900196,13,13,0
103900197,16,29,-13
103900198,13,75,-62
103900199,59,104,-45
103900200,54,193,-139
103900201,104,259,-155
103900202,6,66,-60
103900203,5,17,-12
103900204,3,214,-211
103900207,0,288,-288
103900208,21,1,20
103900209,3,129,-126
103900210,15,41,-26
103900211,230,883,-653
103900212,74,647,-573
103900213,61,213,-152
103900214,172,83,89
103900215,673,260,413
103900216,20,1189,-1169
103900217,266,16,250
103900218,0,135,-135
103900219,36,375,-339
103900233,91,7,84
103900235,14,17,-3
103900236,3,0,3
103900242,0,3,-3
103900243,2,3,-1
103900244,28,396,-368
103900245,46,243,-197
103900246,23,50,-27
103900247,27,95,-68
103900248,0,11,-11
103900249,2,11,-9
103900250,28,13,15
103900251,0,28,-28
103900253,30,31,-1
103900254,2,9,-7
103900255,0,9,-9
103900256,2,25,-23
103900257,15,34,-19
103900258,5,2,3
103900259,83,4,79
103900261,1,1,0
103900262,4,1,3
103900263,31,7,24
103900264,40,3,37
103900265,31,8,23
103900266,3,26,-23
103900267,1,40,-39
104000001,1631,2442,-811
104000002,1848,2923,-1075
104000003,2376,2333,43
104000004,3924,2669,1255
104000005,715,1803,-1088
104000006,2348,2976,-628
104000007,3745,3476,269
104000008,278,583,-305
104000009,79,148,-69
104000010,83,127,-44
104000011,1026,583,443
104000012,76,681,-605
104000013,61,98,-37
104000014,245,816,-571
104000015,156,127,29
104000016,379,542,-163
104000018,394,170,224
104000019,325,106,219
104000020,148,1194,-1046
104000021,230,1017,-787
104000022,98,405,-307
104000023,496,360,136
104000024,146,526,-380
104000026,26,428,-402
104000027,149,478,-329
104000028,212,231,-19
104000029,347,689,-342
104000030,107,248,-141
104000031,466,277,189
104000032,148,474,-326
104000033,295,433,-138
104000034,239,572,-333
104000035,346,498,-152
104000036,312,802,-490
104000037,205,375,-170
104000038,227,290,-63
104000039,135,556,-421
104000040,521,668,-147
104000041,799,392,407
104000042,214,585,-371
104000043,345,543,-198
104000044,169,1071,-902
104000045,727,1494,-767
104000046,1640,1845,-205
104000047,647,1718,-1071
104000048,1339,2588,-1249
104000049,266,316,-50
104000050,213,641,-428
104000051,55,862,-807
104000052,808,1626,-818
104000053,560,785,-225
104000054,476,795,-319
104000055,4229,3655,574
104000056,2300,266,2034
104000057,79,741,-662
104000058,413,861,-448
104000059,284,1240,-956
104000060,369,1139,-770
104000061,915,1677,-762
104000062,165,169,-4
104000064,819,312,507
104000065,76,367,-291
104000069,1397,505,892
104000070,36,421,-385
104000071,130,523,-393
104000072,876,245,631
104000075,27,208,-181
104000076,378,110,268
104000082,1822,2446,-624
104000083,698,236,462
104000084,67,459,-392
104000085,160,289,-129
104000086,140,432,-292
104000087,569,895,-326
104000090,487,1779,-1292
104000092,450,3465,-3015
104000094,701,2695,-1994
104000095,999,1555,-556
104000096,638,562,76
104000097,890,1245,-355
104000098,724,1791,-1067
104000100,727,811,-84
104000101,845,3047,-2202
104000106,65,575,-510
104000107,488,606,-118
104000108,333,767,-434
104000109,193,48,145
104000110,779,864,-85
104000111,7323,1349,5974
104000112,3059,576,2483
104000116,6,1747,-1741
104000117,81,1421,-1340
104000118,257,285,-28
104000119,455,320,135
104000120,176,1566,-1390
104000121,159,854,-695
104000122,453,771,-318
104000123,968,1693,-725
104000124,2167,3271,-1104
104000125,7110,2584,4526
104000126,346,566,-220
104000127,1809,5030,-3221
104000128,735,523,212
104000129,68,4,64
104000130,0,198,-198
104000131,1181,737,444
104000132,757,1087,-330
104000133,1115,887,228
104000134,1039,1331,-292
104000135,469,894,-425
104000136,1050,1759,-709
104000137,2414,274,2140
104000138,1701,329,1372
104000139,13170,3488,9682
104000141,1801,2256,-455
104000142,510,1460,-950
104000143,347,1155,-808
104000144,38,202,-164
104000145,316,115,201
104000146,523,628,-105
104000147,151,442,-291
104000148,171,129,42
104000149,173,635,-462
104000150,590,483,107
104000151,361,1042,-681
104000152,372,1157,-785
104000153,167,436,-269
104000154,1258,1035,223
104000155,281,373,-92
104000157,1336,2261,-925
104000158,174,289,-115
104000159,362,340,22
104000160,1688,1337,351
104000161,215,161,54
104000162,50,169,-119
104000165,1337,1061,276
104000167,290,402,-112
104000168,309,4,305
104000169,37,57,-20
104000170,1371,278,1093
104000248,113,963,-850
104000251,51,485,-434
104000272,0,0,0
104000273,0,0,0
104000274,0,0,0
104000275,0,0,0
104000279,786,516,270
104000290,64,408,-344
104000291,574,1091,-517
104000293,495,789,-294
104000294,1,0,1
104000295,316,903,-587
104000296,241,828,-587
104000297,896,1418,-522
104000298,2257,972,1285
104000299,389,1494,-1105
104900001,79,516,-437
104900002,20,69,-49
104900003,30,535,-505
104900004,38,555,-517
104900005,104,174,-70
104900006,64,67,-3
104900007,193,285,-92
104900009,56,707,-651
104900010,9,5,4
104900011,1,8,-7
104900012,64,0,64
104900013,73,1,72
104900014,5777,338,5439
104900015,67,2,65
104900016,50,394,-344
104900017,8,200,-192
104900018,5,304,-299
104900019,341,831,-490
104900020,17,474,-457
104900021,1,372,-371
104900022,11,125,-114
104900023,3,191,-188
104900024,26,121,-95
104900025,44,445,-401
104900026,1,205,-204
104900027,177,195,-18
104900028,49,122,-73
104900029,44,106,-62
104900030,257,159,98
104900031,180,154,26
104900032,42,264,-222
104900033,34,177,-143
104900034,126,85,41
104900035,79,104,-25
104900036,39,50,-11
104900037,63,323,-260
104900038,739,422,317
104900039,778,78,700
104900040,69,107,-38
104900041,82,129,-47
104900042,92,502,-410
104900043,3,19,-16
104900044,141,267,-126
104900045,162,28,134
104900046,47,149,-102
104900047,65,147,-82
104900048,121,117,4
104900049,8,3,5
104900050,63,141,-78
104900051,41,39,2
104900052,2,0,2
104900053,222,33,189
104900054,169,49,120
104900055,11,0,11
104900056,129,14,115
104900057,58,1,57
104900058,923,95,828
104900059,4,44,-40
104900060,1,387,-386
104900061,278,868,-590
104900063,0,131,-131
104900064,0,128,-128
104900065,0,94,-94
104900066,3,276,-273
104900067,1,300,-299
104900068,18,333,-315
104900070,56,470,-414
104900071,6,1001,-995
104900072,19,266,-247
104900073,8,399,-391
104900074,36,268,-232
104900075,30,106,-76
104900076,64,613,-549
104900077,1479,75,1404
104900078,88,1123,-1035
104900079,99,123,-24
104900080,21,770,-749
104900082,7,291,-284
104900085,4,324,-320
104900087,499,8,491
104900089,30,0,30
104900090,357,357,0
104900091,708,1354,-646
104900093,182,650,-468
104900097,3712,927,2785
104900098,36,32,4
104900099,406,458,-52
104900100,1007,292,715
104900102,27,368,-341
104900103,476,130,346
104900104,4227,1046,3181
104900106,15,157,-142
104900107,45,546,-501
104900108,8,377,-369
104900109,58,273,-215
104900110,12,44,-32
104900111,87,104,-17
104900112,158,1396,-1238
104900113,333,548,-215
104900114,157,1203,-1046
104900115,252,648,-396
104900116,101,401,-300
104900118,15,96,-81
104900119,1,38,-37
104900120,72,19,53
104900121,1,143,-142
104900122,2,133,-131
104900123,17,0,17
104900124,3,0,3
104900125,441,5,436
104900126,162,50,112
104900127,43,9,34
104900128,71,120,-49
104900129,3478,719,2759
105000001,1716,1894,-178
105000002,1627,1976,-349
105000003,2063,4141,-2078
105000004,497,1398,-901
105000005,612,1293,-681
105000006,719,1457,-738
105000007,659,1157,-498
105000008,522,1335,-813
105000009,880,2347,-1467
105000010,3464,3286,178
105000011,1697,1972,-275
105000012,4451,3880,571
105000013,579,954,-375
105000014,1162,1824,-662
105000015,7160,6183,977
105000016,4007,2362,1645
105000017,1617,1344,273
105000018,1356,854,502
105000019,1567,1078,489
105000020,119,341,-222
105000021,249,153,96
105000022,115,28,87
105000023,358,271,87
105000028,37,172,-135
105000029,343,789,-446
105000030,4549,4342,207
105000033,1022,2497,-1475
105000034,114,534,-420
105000037,628,841,-213
105000038,2175,1168,1007
105000039,4609,2708,1901
105000040,819,617,202
105000041,986,1988,-1002
105000042,3293,1035,2258
105000043,3169,3442,-273
105000044,386,473,-87
105000045,411,1490,-1079
105000046,423,483,-60
105000047,421,2043,-1622
105000048,301,177,124
105000049,269,1282,-1013
105000050,336,258,78
105000051,181,839,-658
105000052,383,1167,-784
105000053,102,199,-97
105000054,189,1293,-1104
105000055,270,570,-300
105000056,1320,3376,-2056
105000057,1484,1477,7
105000058,1833,1949,-116
105000059,440,487,-47
105000060,359,751,-392
105000061,262,486,-224
105000062,992,1183,-191
105000063,220,809,-589
105000064,475,775,-300
105000065,358,1338,-980
105000066,691,2793,-2102
105000067,489,632,-143
105000068,378,1127,-749
105000069,2889,585,2304
105000070,822,953,-131
105000071,127,375,-248
105000072,445,655,-210
105000073,554,508,46
105000074,880,1194,-314
105000075,567,921,-354
105000076,1266,1322,-56
105000077,2001,917,1084
105000078,1390,1122,268
105000079,1647,1613,34
105000080,1730,1072,658
105000081,802,793,9
105000082,458,467,-9
105000083,986,871,115
105000084,377,1283,-906
105000085,904,987,-83
105000086,456,946,-490
105000087,2807,2022,785
105000088,1664,1183,481
105000089,4265,3188,1077
105000090,1380,1155,225
105000091,2265,2377,-112
105000092,641,1643,-1002
105000093,335,254,81
105000094,246,227,19
105000095,81,466,-385
105000096,968,634,334
105000097,1245,587,658
105000098,482,501,-19
105000099,709,918,-209
105000100,1283,1180,103
105000101,1800,2571,-771
105000102,2822,1704,1118
105000103,2126,2775,-649
105000104,1495,1234,261
105000105,1133,2095,-962
105000106,1130,1928,-798
105000107,713,1293,-580
105000108,883,2314,-1431
105000109,1077,2318,-1241
105000110,452,1075,-623
105000111,364,562,-198
105000112,599,993,-394
105000113,236,490,-254
105000114,4339,901,3438
105000115,232,620,-388
105000116,375,559,-184
105000117,544,1656,-1112
105000118,230,634,-404
105000119,465,1776,-1311
105000120,576,972,-396
105000121,774,1516,-742
105000122,213,567,-354
105000123,1127,1782,-655
105000124,1349,1244,105
105000125,571,2115,-1544
105000126,1504,2573,-1069
105000127,1879,2223,-344
105000128,1105,1524,-419
105000129,560,305,255
105000130,79,761,-682
105000131,524,488,36
105000132,562,461,101
105000133,250,1565,-1315
105000134,393,544,-151
105000135,268,889,-621
105000136,21,142,-121
105000137,186,317,-131
105000138,54,163,-109
105000139,884,1319,-435
105000140,68,470,-402
105000141,119,757,-638
105000142,83,592,-509
105000143,147,763,-616
105000144,177,826,-649
105000145,515,650,-135
105000146,504,727,-223
105000147,647,405,242
105000148,1148,543,605
105000149,1604,1304,300
105000150,2464,1620,844
105000151,342,360,-18
105000152,106,733,-627
105000153,359,503,-144
105000154,695,1004,-309
105000155,267,527,-260
105000156,1249,911,338
105000157,1305,2044,-739
105000158,1854,833,1021
105000159,395,1487,-1092
105000160,929,628,301
105000161,675,2200,-1525
105000162,347,1216,-869
105000163,1354,1416,-62
105000164,171,382,-211
105000165,1909,2872,-963
105000166,9204,249,8955
105000167,3466,1105,2361
105000168,102,1104,-1002
105000169,186,801,-615
105000170,51,1432,-1381
105000171,1248,464,784
105000172,14,67,-53
105000173,27,49,-22
105000174,32,36,-4
105000175,63,172,-109
105000176,68,92,-24
105000177,68,118,-50
105000178,112,913,-801
105000179,69,212,-143
105000180,74,130,-56
105000181,84,610,-526
105000182,16,55,-39
105000183,3804,1496,2308
105000184,1733,951,782
105000185,1843,508,1335
105000186,493,1332,-839
105000187,764,284,480
105000188,251,151,100
105000189,155,672,-517
105000190,89,450,-361
105000191,233,573,-340
105000192,39,74,-35
105000193,37,147,-110
105000194,74,92,-18
105000195,223,1613,-1390
105000196,14,66,-52
105000197,159,1034,-875
105000198,524,289,235
105000199,120,148,-28
105000200,72,276,-204
105000201,25,29,-4
105000203,3,304,-301
105000204,76,114,-38
105000205,97,236,-139
105000207,1154,321,833
105000208,327,341,-14
105000209,137,433,-296
105000212,817,1940,-1123
105000213,278,174,104
105000214,75,316,-241
105000215,117,338,-221
105000216,72,688,-616
105000217,197,607,-410
105000218,464,1325,-861
105000221,87,402,-315
105000222,54,48,6
105000223,96,244,-148
105000226,21,530,-509
105000227,9,315,-306
105000228,158,772,-614
105000229,73,209,-136
105000231,109,212,-103
105000233,593,601,-8
105000234,494,1420,-926
105000235,164,481,-317
105000237,348,19,329
105000243,16,316,-300
105000248,40,77,-37
105000262,186,2597,-2411
105000269,66,186,-120
105000270,208,145,63
105000271,0,345,-345
105000282,43,24,19
105000287,299,184,115
105000288,295,412,-117
105000289,653,876,-223
105000290,9,3,6
105000402,6006,1941,4065
105000426,329,574,-245
105000438,492,513,-21
105000446,15287,5657,9630
105000447,9201,2870,6331
105000454,92,509,-417
105000455,218,308,-90
105000474,16,1,15
105000477,123,419,-296
105000478,901,1775,-874
105000479,81,155,-74
105000480,1219,1703,-484
105000481,1677,1868,-191
105000482,4277,2996,1281
105000483,991,1070,-79
105000484,2597,3014,-417
105000485,923,1323,-400
105000486,3638,2539,1099
105000488,2702,2992,-290
105000489,448,806,-358
105000549,15,142,-127
105000550,450,1150,-700
105000551,12,105,-93
105000552,3741,2312,1429
105900001,4,853,-849
105900002,1945,399,1546
105900003,6,88,-82
105900004,500,101,399
105900005,5,243,-238
105900006,4,39,-35
105900007,76,14,62
105900008,24,869,-845
105900009,0,13,-13
105900011,234,101,133
105900012,449,251,198
105900013,1,19,-18
105900014,6,138,-132
105900015,227,371,-144
105900016,167,1050,-883
105900017,689,96,593
105900018,165,329,-164
105900019,54,765,-711
105900020,11,70,-59
105900021,25,543,-518
105900022,209,398,-189
105900023,3,183,-180
105900024,20,384,-364
105900025,26,61,-35
105900026,215,39,176
105900027,6305,4991,1314
105900028,24,210,-186
105900029,2310,406,1904
105900030,187,356,-169
105900031,416,207,209
105900032,41,164,-123
105900033,32,163,-131
105900034,93,290,-197
105900035,276,192,84
105900036,19,134,-115
105900037,56,92,-36
105900038,88,287,-199
105900039,25,176,-151
105900040,31,114,-83
105900041,198,428,-230
105900042,25,85,-60
105900043,1947,45,1902
105900044,3,170,-167
105900045,3,787,-784
105900046,0,159,-159
105900047,1,21,-20
105900048,37,476,-439
105900050,3387,781,2606
105900051,18,1665,-1647
105900052,242,101,141
105900053,4593,1098,3495
105900054,233,316,-83
105900056,1448,237,1211
105900057,12,276,-264
105900058,6,53,-47
105900059,1,27,-26
106000001,2939,1036,1903
106000002,2688,3635,-947
106000003,2508,1869,639
106000004,2353,2270,83
106000005,1967,4761,-2794
106000006,6384,4982,1402
106000007,421,560,-139
106000008,318,291,27
106000009,379,354,25
106000010,379,539,-160
106000011,442,1079,-637
106000012,603,2013,-1410
106000013,1197,2058,-861
106000014,2034,2065,-31
106000015,945,1225,-280
106000016,939,2681,-1742
106000017,520,747,-227
106000018,408,681,-273
106000019,193,523,-330
106000020,176,571,-395
106000021,164,528,-364
106000022,217,393,-176
106000023,336,358,-22
106000024,481,989,-508
106000025,84,225,-141
106000026,141,333,-192
106000027,530,1031,-501
106000028,380,943,-563
106000029,744,1852,-1108
106000030,900,225,675
106000034,165,574,-409
106000035,671,898,-227
106000036,407,307,100
106000037,1419,1768,-349
106000038,426,57,369
106000039,175,25,150
106000040,157,807,-650
106000041,708,223,485
106000043,384,72,312
106000046,207,29,178
106000047,55,379,-324
106000049,293,136,157
106000050,169,1137,-968
106000051,246,352,-106
106000052,91,822,-731
106000053,108,134,-26
106000054,329,647,-318
106000055,436,838,-402
106000056,322,663,-341
106000057,150,157,-7
106000058,147,269,-122
106000059,100,247,-147
106000060,539,712,-173
106000061,129,347,-218
106000062,120,670,-550
106000063,312,385,-73
106000064,34,473,-439
106000065,148,109,39
106000066,87,534,-447
106000067,250,76,174
106000068,26,793,-767
106000069,90,79,11
106000070,308,948,-640
106000071,494,275,219
106000072,5126,1355,3771
106000073,1593,1741,-148
106000074,152,611,-459
106000075,168,972,-804
106000076,1013,1701,-688
106000077,2514,1177,1337
106000078,468,946,-478
106000079,347,1091,-744
106000080,608,985,-377
106000081,324,1057,-733
106000082,1971,1105,866
106000083,308,1076,-768
106000084,536,598,-62
106000085,1366,977,389
106000086,462,697,-235
106000087,450,562,-112
106000088,259,851,-592
106000089,463,458,5
106000090,181,708,-527
106000091,177,724,-547
106000092,274,246,28
106000093,136,67,69
106000094,103,393,-290
106000095,291,1375,-1084
106000096,393,882,-489
106000097,434,1778,-1344
106000098,388,1131,-743
106000099,149,1119,-970
106000100,1164,394,770
106000101,1835,293,1542
106000102,359,654,-295
106000103,193,819,-626
106000104,656,441,215
106000105,346,1163,-817
106000106,261,484,-223
106000107,61,548,-487
106000108,94,392,-298
106000109,71,466,-395
106000110,76,304,-228
106000111,79,817,-738
106000112,65,367,-302
106000113,1286,848,438
106000114,537,445,92
106000115,127,641,-514
106000116,122,268,-146
106000117,773,952,-179
106000118,782,1027,-245
106000119,2885,1348,1537
106000120,700,734,-34
106000121,53,220,-167
106000122,52,408,-356
106000123,127,363,-236
106000124,25,471,-446
106000125,13,411,-398
106000126,79,281,-202
106000127,239,1162,-923
106000128,277,359,-82
106000129,283,917,-634
106000130,386,436,-50
106000131,70,703,-633
106000132,919,124,795
106000133,4788,900,3888
106000134,895,2076,-1181
106000135,108,1014,-906
106000136,440,467,-27
106000137,56,1992,-1936
106000138,573,72,501
106000139,14,100,-86
106000140,26,137,-111
106000141,24,187,-163
106000142,34,61,-27
106000143,15,174,-159
106000144,20,39,-19
106000145,87,523,-436
106000146,82,218,-136
106000147,327,560,-233
106000148,760,928,-168
106000149,321,441,-120
106000150,432,1843,-1411
106000151,5481,893,4588
106000152,1770,1141,629
106000153,45,1380,-1335
106000154,1464,257,1207
106000155,32,162,-130
106000156,461,389,72
106000157,483,2235,-1752
106000158,3345,717,2628
106000159,5573,1616,3957
106000160,152,1409,-1257
106000161,1291,599,692
106000162,142,572,-430
106000163,164,754,-590
106000164,151,411,-260
106000165,127,927,-800
106000166,223,455,-232
106000167,157,1771,-1614
106000168,99,326,-227
106000169,80,1042,-962
106000170,249,305,-56
106000171,82,1059,-977
106000172,2052,919,1133
106000173,660,2894,-2234
106000174,642,212,430
106000175,331,1222,-891
106000176,834,684,150
106000177,618,2583,-1965
106000178,2890,1402,1488
106000179,1090,2035,-945
106000180,966,2389,-1423
106000181,263,2346,-2083
106000182,290,798,-508
106000183,491,1332,-841
106000184,841,1346,-505
106000185,475,955,-480
106000186,976,194,782
106000187,212,801,-589
106000188,0,2,-2
106000189,2,57,-55
106000190,4,1,3
106000191,524,194,330
106000192,1,37,-36
106000193,315,160,155
106000194,190,489,-299
106000195,955,67,888
106000196,189,363,-174
106000197,206,360,-154
106000198,107,430,-323
106000199,1012,748,264
106000200,540,143,397
106000201,507,1004,-497
106000202,8594,615,7979
106000203,196,151,45
106000204,18,2,16
106000205,11,141,-130
106000206,48,11,37
106000207,39,1080,-1041
106000208,427,61,366
106000209,631,281,350
106000210,209,1512,-1303
106000211,260,1630,-1370
106000212,341,128,213
106000213,647,1115,-468
106000214,2513,467,2046
106000215,241,448,-207
106000216,293,414,-121
106000217,187,442,-255
106000218,303,343,-40
106000219,60,333,-273
106000220,279,281,-2
106000221,34,273,-239
106000222,20,147,-127
106000223,42,182,-140
106000224,98,484,-386
106000225,32,67,-35
106000226,100,491,-391
106000228,9,140,-131
106000229,43,999,-956
106000231,276,99,177
106000232,21,514,-493
106000233,250,102,148
106000234,44,298,-254
106000235,471,54,417
106000236,173,45,128
106000237,0,19,-19
106000238,15,4,11
106000239,8,69,-61
106000240,41,0,41
106000241,21,730,-709
106000242,132,15,117
106000249,18,44,-26
106000250,48,542,-494
106000251,53,31,22
106000252,43,128,-85
106000253,15,57,-42
106000254,40,66,-26
106000255,10,72,-62
106000256,51,147,-96
106000257,103,376,-273
106000258,226,8,218
106000259,1,38,-37
106000260,8,15,-7
106000261,0,68,-68
106000262,80,10,70
106000263,3,123,-120
106000264,118,6,112
106000265,10,166,-156
106000266,58,22,36
106000267,10,124,-114
106000268,300,22,278
106000269,113,59,54
106000270,137,430,-293
106000271,33,211,-178
106000272,55,64,-9
106000273,5,185,-180
106000274,149,26,123
106000275,90,151,-61
106000276,116,64,52
106000277,105,131,-26
106000278,130,59,71
106000279,3,115,-112
106000280,26,183,-157
106000281,49,82,-33
106000282,17,56,-39
106000283,50,126,-76
106000284,25,116,-91
106000285,90,151,-61
106000286,51,125,-74
106000287,63,109,-46
106000288,67,115,-48
106000289,48,110,-62
106000290,42,122,-80
106000291,39,81,-42
106000292,48,190,-142
106000293,43,67,-24
106000294,61,146,-85
106000295,35,58,-23
106000296,58,130,-72
106000297,66,177,-111
106000298,121,57,64
106000299,65,151,-86
106000300,41,100,-59
106000301,27,90,-63
106000303,14,59,-45
106000304,34,51,-17
106000305,28,51,-23
106000306,72,86,-14
106000307,9,8,1
106000308,32,290,-258
106000309,10,128,-118
106000310,113,619,-506
106000311,150,129,21
106000312,29,206,-177
106000313,55,272,-217
106000318,173,136,37
106000319,325,35,290
106000320,2,20,-18
106000321,333,33,300
106000322,58,277,-219
106000324,3,178,-175
106000325,768,994,-226
106000326,735,2353,-1618
106000327,44,269,-225
106000328,16,138,-122
106000329,59,357,-298
106000330,25,45,-20
106000428,24,179,-155
106000429,82,596,-514
106000430,255,1679,-1424
106000431,572,236,336
106000432,1187,2777,-1590
106000433,847,653,194
106000434,1966,739,1227
106000435,2187,2742,-555
106000436,35,445,-410
106000437,189,17,172
106000438,384,116,268
106000439,78,582,-504
106000440,233,497,-264
106000441,1,0,1
106000442,65,9,56
106000443,41,835,-794
106000450,6,245,-239
106000451,16,5,11
106000454,6,75,-69
106000455,10,156,-146
106000456,95,15,80
106000457,12,1399,-1387
106000458,129,174,-45
106000459,28,627,-599
106000460,278,29,249
106000461,14,2640,-2626
106000462,1,15,-14
106000463,5,25,-20
106000464,4,757,-753
106000465,114,5,109
106000466,8,1005,-997
106000467,620,753,-133
106000468,53,270,-217
106000469,234,0,234
106000470,179,1142,-963
106000471,6,717,-711
106000472,50,3,47
106000473,10,26,-16
106000474,173,863,-690
106000475,127,162,-35
106000476,166,143,23
106000477,13,51,-38
106900001,0,9,-9
106900002,5,697,-692
106900003,211,882,-671
106900004,1,90,-89
106900006,0,12,-12
106900007,0,18,-18
106900008,71,332,-261
106900009,102,447,-345
106900010,112,403,-291
106900012,2130,1575,555
106900013,487,25,462
106900014,10,4,6
106900015,13,0,13
106900016,75,4,71
106900017,2,0,2
106900018,1,0,1
106900019,19,2,17
106900020,3284,535,2749
106900021,14,15,-1
106900022,156,0,156
106900023,8,343,-335
106900024,521,24,497
106900025,59,688,-629
106900026,6,1131,-1125
106900027,175,1,174
107000001,1274,1505,-231
107000002,2649,4345,-1696
107000003,3875,5017,-1142
107000004,6739,8006,-1267
107000005,1607,3151,-1544
107000006,3667,8924,-5257
107000007,5284,4677,607
107000008,24888,14547,10341
107000009,4698,4522,176
107000010,12919,15394,-2475
107000011,1086,1823,-737
107000012,4767,4713,54
107000013,28,235,-207
107000014,31,399,-368
107000015,203,1173,-970
107000016,256,1680,-1424
107000017,6228,1166,5062
107000018,23,282,-259
107000020,4613,493,4120
107000021,2420,1370,1050
107000022,2412,2457,-45
107000023,2620,450,2170
107000024,754,3225,-2471
107000025,127,457,-330
107000026,137,1082,-945
107000027,974,1008,-34
107000028,1415,2077,-662
107000029,1174,1478,-304
107000030,3710,4258,-548
107000031,1722,2000,-278
107000032,326,922,-596
107000033,5907,7688,-1781
107000034,7376,2704,4672
107000035,440,228,212
107000036,285,1061,-776
107000037,76,752,-676
107000038,257,382,-125
107000039,420,577,-157
107000040,112,451,-339
107000041,1427,621,806
107000042,666,1920,-1254
107000043,3492,884,2608
107000044,639,510,129
107000045,39,394,-355
107000046,410,310,100
107000047,264,948,-684
107000048,357,375,-18
107000049,337,763,-426
107000050,626,469,157
107000051,460,310,150
107000052,929,640,289
107000053,181,124,57
107000054,60,273,-213
107000055,94,81,13
107000056,456,875,-419
107000057,1688,268,1420
107000058,1265,1760,-495
107000059,1888,3043,-1155
107000060,2942,5133,-2191
107000061,5860,4757,1103
107000062,1880,2993,-1113
107000063,3334,7124,-3790
107000064,2200,2043,157
107000065,3602,7531,-3929
107000066,1574,2301,-727
107000067,664,921,-257
107000068,1717,554,1163
107000069,368,366,2
107000070,208,41,167
107000071,768,13,755
107000072,31,4635,-4604
107000073,172,84,88
107000074,154,1149,-995
107000075,637,133,504
107000076,814,2434,-1620
107000077,1327,331,996
107000078,1545,4003,-2458
107000079,1180,341,839
107000080,1223,4144,-2921
107000081,573,357,216
107000082,408,3854,-3446
107000083,788,193,595
107000084,655,3760,-3105
107000085,3035,3346,-311
107000086,4092,3056,1036
107000087,2146,2263,-117
107000088,2610,3657,-1047
107000089,1062,1894,-832
107000090,1069,1149,-80
107000091,667,1219,-552
107000092,604,1384,-780
107000093,612,1049,-437
107000094,698,1739,-1041
107000095,377,504,-127
107000096,480,1030,-550
107000097,293,166,127
107000098,373,518,-145
107000099,304,234,70
107000100,306,322,-16
107000101,42,130,-88
107000102,321,348,-27
107000103,231,143,88
107000104,252,357,-105
107000105,164,131,33
107000106,101,352,-251
107000107,250,136,114
107000108,85,978,-893
107000109,235,128,107
107000110,26,637,-611
107000111,41,15,26
107000112,23,407,-384
107000113,233,79,154
107000114,36,782,-746
107000115,170,61,109
107000116,58,1201,-1143
107000117,74,158,-84
107000118,143,305,-162
107000119,1672,748,924
107000120,2491,407,2084
107000121,248,670,-422
107000122,698,986,-288
107000123,123,777,-654
107000124,244,978,-734
107000125,266,739,-473
107000126,300,1151,-851
107000127,13,381,-368
107000129,86,137,-51
107000130,65,198,-133
107000131,324,429,-105
107000132,312,357,-45
107000133,401,218,183
107000134,78,1,77
107000135,1,298,-297
107000136,322,4,318
107000137,7,452,-445
107000138,244,12,232
107000139,6,392,-386
107000140,626,31,595
107000141,104,1036,-932
107000142,184,14,170
107000143,36,1235,-1199
107000144,385,170,215
107000145,109,732,-623
107000146,103,178,-75
107000147,3597,724,2873
107000150,1238,2553,-1315
107000151,37,52,-15
107000152,493,487,6
107000153,338,330,8
107000154,122,44,78
107000155,1079,48,1031
107000156,1122,49,1073
107000157,35,3669,-3634
107000158,199,30,169
107000159,36,1548,-1512
107000160,332,117,215
107000161,78,2640,-2562
107000162,104,390,-286
107000163,9,0,9
107000164,91,0,91
107000165,233,2,231
107000166,42,1770,-1728
107000167,205,239,-34
107000168,408,235,173
107000169,863,1325,-462
107000170,690,478,212
107000171,551,3989,-3438
107000172,526,702,-176
107000173,977,1838,-861
107000174,1115,2276,-1161
107000175,15589,2021,13568
107000176,0,0,0
107000177,0,0,0
107000178,3,39,-36
107000179,156,3840,-3684
107000180,558,366,192
107000181,154,1672,-1518
107000182,488,871,-383
107000183,88,1363,-1275
107000184,316,895,-579
107000185,186,1765,-1579
107000186,433,307,126
107000187,1149,1343,-194
107000188,489,419,70
107000189,257,995,-738
107000190,409,811,-402
107000191,399,1083,-684
107000192,955,1265,-310
107000193,248,403,-155
107000194,711,922,-211
107000197,365,256,109
107000198,136,885,-749
107000199,634,967,-333
107000200,1103,597,506
107000201,351,296,55
107000202,171,489,-318
107000203,704,597,107
107000204,790,656,134
107000205,4187,1577,2610
107000206,1178,980,198
107000207,727,1028,-301
107000208,2037,298,1739
107000209,2612,391,2221
107000210,1852,213,1639
107000211,5,19,-14
107000212,44,263,-219
107000213,38,28,10
107000214,11,128,-117
107000215,232,719,-487
107000216,117,632,-515
107000217,180,192,-12
107000219,60,143,-83
107000220,67,417,-350
107000222,292,899,-607
107000224,257,39,218
107000225,158,1118,-960
107000226,183,64,119
107000227,100,776,-676
107000228,88,126,-38
107000229,214,127,87
107000230,1110,687,423
107000231,549,291,258
107000232,23,68,-45
107000233,525,237,288
107000234,0,13,-13
107000235,28,2,26
107000236,17,884,-867
107000237,1,0,1
107000238,4,0,4
107000239,7711,481,7230
107000240,49,1563,-1514
107000241,94,37,57
107000242,799,78,721
107000243,4,31,-27
107000244,9,88,-79
107000246,4,1562,-1558
107000249,4,1065,-1061
107000251,4,474,-470
107000252,7,1897,-1890
107000255,767,85,682
107000257,4,896,-892
107000258,1,225,-224
107000259,2,304,-302
107000260,110,3,107
107000262,11,1190,-1179
107000263,58,4,54
107000266,11,1,10
107000267,44,260,-216
107000268,156,287,-131
107000269,170,47,123
107000270,0,8,-8
107000271,11,1401,-1390
107000272,12,342,-330
107000273,1,294,-293
107000274,2663,428,2235
107000275,91,1045,-954
107000280,279,14,265
107000281,23,1525,-1502
107000282,15,2187,-2172
107000290,1,67,-66
107000291,9,15,-6
107000292,0,39,-39
107000293,121,8,113
107000294,0,42,-42
107000295,86,6,80
107000296,0,1,-1
107000444,185,9,176
107000496,0,29,-29
107000497,1221,4539,-3318
107000500,233,526,-293
107000501,68,214,-146
107000502,129,508,-379
107000505,565,866,-301
107000506,0,11,-11
107000508,4,920,-916
107000509,180,499,-319
107000510,35,15,20
107000514,31,309,-278
107000515,7,443,-436
107000516,90,160,-70
107000518,275,305,-30
107000519,4525,1429,3096
107000520,50,5,45
107900001,25,333,-308
107900002,14,2,12
107900003,77,4,73
107900004,28,1,27
107900005,255,1,254
107900006,12,0,12
107900007,84,17,67
107900008,20,59,-39
107900009,120,5,115
107900010,3,0,3
107900012,166,4,162
107900013,166,66,100
107900014,19,1,18
107900015,235,3,232
107900016,483,154,329
107900017,12,4,8
107900018,29,20,9
107900019,9,95,-86
107900020,72,23,49
107900021,24,184,-160
107900023,0,0,0
107900024,0,39,-39
107900025,258,500,-242
107900026,10,145,-135
107900027,19,122,-103
107900028,22,80,-58
107900030,84,6,78
107900031,21,276,-255
107900032,1,1,0
107900033,11,3,8
107900034,112,7,105
107900035,304,5,299
107900036,13,3,10
107900037,1,89,-88
107900038,146,73,73
107900039,7,82,-75
107900040,137,67,70
107900041,1,1,0
107900043,24,129,-105
107900044,8,1,7
107900045,34,9,25
107900046,59,37,22
107900047,4,165,-161
107900048,56,3,53
107900049,276,1371,-1095
107900050,68,420,-352
107900051,45,99,-54
107900052,3,6,-3
107900053,26,85,-59
107900055,258,135,123
107900056,54,23,31
107900057,0,0,0
107900058,18,933,-915
107900060,11,43,-32
107900061,23,2,21
107900063,108,136,-28
107900064,215,10,205
107900065,59,10,49
107900066,3,3,0
107900067,0,0,0
107900068,111,225,-114
107900069,20,366,-346
107900070,13,8,5
107900071,12,1284,-1272
107900072,22,278,-256
107900073,77,172,-95
107900074,1136,133,1003
107900076,31,75,-44
107900077,27,2,25
107900078,153,4,149
107900079,4,9,-5
107900080,78,152,-74
107900081,6,57,-51
107900082,12,18,-6
107900083,111,60,51
107900084,24,101,-77
107900086,14,62,-48
107900087,339,34,305
107900088,9,3,6
107900089,420,1372,-952
107900090,345,561,-216
107900091,162,603,-441
107900092,2496,581,1915
107900093,64,65,-1
107900095,3354,1070,2284
107900097,9,36,-27
107900098,27,104,-77
107900100,1037,377,660
107900101,1353,111,1242
107900102,4,0,4
107900103,31,253,-222
107900104,115,7,108
107900105,1,515,-514
107900106,5,2139,-2134
107900107,2290,159,2131
107900108,309,52,257
107900109,222,3,219
107900110,5,95,-90
107900111,16,2045,-2029
107900112,86,181,-95
107900113,44,133,-89
107900114,50,293,-243
107900115,1,67,-66
107900116,49,257,-208
107900117,256,467,-211
107900118,47,169,-122
107900119,16,120,-104
107900120,11,3,8
107900121,1,290,-289
107900122,0,100,-100
107900123,2,17,-15
107900124,14,87,-73
107900125,18,220,-202
107900126,0,37,-37
107900127,852,80,772
107900128,141,31,110
107900129,8,32,-24
107900130,8,41,-33
107900131,160,22,138
107900132,87,569,-482
107900133,4,83,-79
107900134,34,24,10
107900135,2,230,-228
107900136,53,40,13
107900137,124,80,44
107900138,2,20,-18
107900139,8,59,-51
107900140,84,105,-21
107900141,26,7,19
107900142,140,1519,-1379
107900143,61,57,4
107900144,4,184,-180
107900145,12,149,-137
107900146,37,122,-85
107900147,13,20,-7
107900148,105,235,-130
107900149,2980,104,2876
107900150,65,1041,-976
107900151,5,112,-107
107900152,30,508,-478
107900153,106,146,-40
107900154,6,10,-4
107900155,13,50,-37
107900156,5,403,-398
107900157,39,52,-13
107900158,154,5,149
107900159,50,1412,-1362
107900160,14,186,-172
107900161,1,358,-357
107900162,2,404,-402
107900163,142,29,113
107900164,1,32,-31
107900165,48,48,0
107900166,7,363,-356
107900167,46,8,38
107900168,8,44,-36
107900169,2,261,-259
107900171,5,2530,-2525
107900172,1,447,-446
107900173,1,268,-267
107900174,13,3,10
107900175,11,7,4
107900176,2,55,-53
107900177,5,423,-418
107900178,3,358,-355
107900179,6,195,-189
107900180,1482,106,1376
107900181,261,370,-109
107900182,2,2095,-2093
107900183,7,360,-353
107900184,88,329,-241
107900185,25,1,24
107900186,21,28,-7
107900187,0,250,-250
107900188,941,66,875
107900189,4,178,-174
107900190,158,24,134
107900191,12,139,-127
107900193,13,27,-14
107900194,90,4,86
107900195,5660,560,5100
107900196,48,89,-41
107900197,299,54,245
107900199,9,1302,-1293
107900201,34,105,-71
107900203,11,93,-82
107900204,181,235,-54
107900205,151,589,-438
107900206,279,193,86
107900207,2,969,-967
107900208,4,1125,-1121
107900209,466,100,366
107900210,57,169,-112
107900213,307,371,-64
107900214,3,209,-206
107900215,149,353,-204
107900216,37,56,-19
107900217,11,50,-39
107900218,15,1928,-1913
107900219,10,209,-199
107900220,202,51,151
107900221,170,218,-48
107900223,72,753,-681
107900224,139,341,-202
107900225,4,966,-962
107900226,25,194,-169
107900227,60,661,-601
107900228,14,152,-138
107900229,10,371,-361
107900230,0,215,-215
107900231,7,233,-226
107900232,19,328,-309
107900233,8,213,-205
107900234,33,203,-170
107900235,42,98,-56
107900236,46,120,-74
107900237,164,583,-419
107900238,4,130,-126
107900239,1466,433,1033
107900240,5,233,-228
107900241,4,183,-179
107900242,10,475,-465
107900243,1,42,-41
107900244,133,1,132
107900245,98,25,73
107900246,38,4,34
107900248,108,814,-706
107900249,174,14,160
107900250,4,695,-691
107900251,18,1485,-1467
107900252,214,3,211
107900253,27,1,26
107900254,49,442,-393
107900255,699,85,614
107900256,1728,912,816
107900257,33,62,-29
107900258,28,230,-202
107900259,95,466,-371
107900261,4,657,-653
107900262,16,154,-138
107900264,67,0,67
107900265,124,303,-179
107900267,39,24,15
107900268,90,8,82
107900269,0,6,-6
107900270,0,0,0
107900271,0,1,-1
107900272,238,2,236
107900273,20,95,-75
107900274,14,0,14
107900275,0,0,0
107900276,1,53,-52
107900277,2,295,-293
107900278,63,450,-387
107900279,184,63,121
107900280,2612,1134,1478
107900281,4646,749,3897
107900282,47,120,-73
107900283,1934,370,1564
107900284,60,1049,-989
107900285,22,154,-132
107900286,89,52,37
107900287,45,104,-59
107900290,0,54,-54
107900291,181,7,174
107900292,103,323,-220
107900293,27,600,-573
107900295,20,174,-154
107900297,5,372,-367
107900298,706,951,-245
107900299,4253,948,3305
107900300,13,176,-163
107900301,937,153,784
107900302,72,24,48
107900303,27,333,-306
107900304,86,700,-614
107900305,140,5,135
107900306,24,5,19
107900307,47,321,-274
107900308,187,26,161
107900309,9,0,9
107900310,0,0,0
107900311,93,65,28
107900312,2,0,2
107900313,0,71,-71
107900314,0,41,-41
107900315,0,83,-83
107900316,16,1,15
107900317,17,0,17
107900318,1,115,-114
107900319,11,390,-379
107900320,2,196,-194
107900321,25,1,24
107900322,7,291,-284
107900323,7,153,-146
107900324,85,2,83
107900325,23,0,23
107900326,67,504,-437
107900327,1,2,-1
107900328,0,0,0
107900329,0,0,0
107900330,6,610,-604
107900331,48,24,24
107900332,42,21,21
107900333,15,4,11
107900334,8,289,-281
107900335,47,67,-20
107900336,8,38,-30
107900337,1686,374,1312
107900338,2,197,-195
107900339,1,45,-44
107900340,0,85,-85
107900341,7,0,7
107900342,37,87,-50
107900343,4,0,4
107900344,1,98,-97
107900345,74,35,39
107900346,18,0,18
107900347,14,2,12
107900348,3,6,-3
107900349,9,3,6
107900350,37,387,-350
108000001,2125,2113,12
108000002,2428,3922,-1494
108000003,2415,1393,1022
108000004,19279,17404,1875
108000005,3306,2528,778
108000006,5251,6895,-1644
108000007,4118,2908,1210
108000008,5280,6727,-1447
108000009,1778,2468,-690
108000010,2432,6151,-3719
108000011,8451,5954,2497
108000012,19191,17663,1528
108000014,333,451,-118
108000015,281,294,-13
108000016,116,666,-550
108000017,384,417,-33
108000018,799,478,321
108000019,1081,520,561
108000020,717,364,353
108000021,434,2126,-1692
108000022,562,1850,-1288
108000023,642,102,540
108000024,106,885,-779
108000025,81,168,-87
108000026,117,753,-636
108000027,174,606,-432
108000028,127,337,-210
108000029,114,746,-632
108000030,290,231,59
108000031,131,778,-647
108000032,550,390,160
108000033,382,1462,-1080
108000034,717,317,400
108000035,885,3143,-2258
108000036,234,1868,-1634
108000037,831,269,562
108000038,929,269,660
108000039,445,3108,-2663
108000040,812,354,458
108000041,540,3247,-2707
108000042,48,332,-284
108000043,101,336,-235
108000044,141,199,-58
108000045,121,967,-846
108000046,628,225,403
108000047,236,1502,-1266
108000048,133,631,-498
108000049,272,186,86
108000050,102,581,-479
108000051,119,90,29
108000052,286,862,-576
108000053,178,85,93
108000054,402,1109,-707
108000055,653,252,401
108000056,860,1143,-283
108000057,513,609,-96
108000058,1637,1415,222
108000059,3485,1696,1789
108000060,80,308,-228
108000061,142,464,-322
108000062,292,431,-139
108000063,276,943,-667
108000064,88,252,-164
108000065,292,791,-499
108000066,1243,639,604
108000067,800,400,400
108000068,353,260,93
108000069,167,1320,-1153
108000070,679,482,197
108000071,356,2147,-1791
108000072,778,641,137
108000073,1288,2414,-1126
108000074,194,288,-94
108000075,214,911,-697
108000076,391,297,94
108000077,615,991,-376
108000078,1224,989,235
108000079,1091,2414,-1323
108000080,509,483,26
108000081,515,3641,-3126
108000082,968,1770,-802
108000083,1215,557,658
108000084,234,1451,-1217
108000085,204,168,36
108000086,784,998,-214
108000087,95,958,-863
108000088,74,11,63
108000089,157,310,-153
108000090,155,112,43
108000091,65,597,-532
108000092,76,79,-3
108000093,52,1071,-1019
108000094,264,88,176
108000095,98,634,-536
108000096,103,144,-41
108000097,68,678,-610
108000098,394,1664,-1270
108000099,111,120,-9
108000100,28,208,-180
108000101,1089,823,266
108000102,961,1386,-425
108000106,414,0,414
108000107,3,726,-723
108000108,179,47,132
108000109,4,978,-974
108000110,70,303,-233
108000111,110,773,-663
108000112,50,67,-17
108000113,448,415,33
108000115,483,473,10
108000117,859,284,575
108000118,77,75,2
108000119,544,504,40
108000120,82,381,-299
108000121,126,694,-568
108000122,194,234,-40
108000123,411,437,-26
108000124,202,710,-508
108000125,90,434,-344
108000126,77,798,-721
108000127,112,535,-423
108000128,164,1029,-865
108000129,237,1830,-1593
108000130,152,386,-234
108000131,315,131,184
108000132,1264,1318,-54
108000133,435,266,169
108000134,564,1024,-460
108000135,335,259,76
108000136,886,1455,-569
108000137,138,449,-311
108000138,175,1292,-1117
108000139,82,508,-426
108000140,29,26,3
108000141,6,174,-168
108000142,16,108,-92
108000143,24,27,-3
108000144,16,11,5
108000145,9,31,-22
108000146,22,7,15
108000147,48,42,6
108000148,38,7,31
108000149,7,37,-30
108000150,19,7,12
108000151,9,6,3
108000152,40,773,-733
108000153,115,68,47
108000154,22,6,16
108000155,4,9,-5
108000156,321,97,224
108000157,78,332,-254
108000158,43,293,-250
108000159,713,91,622
108000160,6221,579,5642
108000161,6551,1031,5520
108000165,0,58,-58
108000172,3,109,-106
108000173,3229,1000,2229
108000175,75,69,6
108000178,430,471,-41
108000179,213,558,-345
108000181,26,26,0
108000182,134,19,115
108000183,5,12,-7
108000184,1193,956,237
108000185,62,974,-912
108000186,39,57,-18
108000187,29,1031,-1002
108000188,96,301,-205
108000189,464,581,-117
108000190,22,88,-66
108000192,68,789,-721
108000193,611,53,558
108000194,18,9,9
108000195,3,1380,-1377
108000196,190,80,110
108000198,200,422,-222
108000199,1,106,-105
108000200,115,866,-751
108000202,1,187,-186
108000203,29,1276,-1247
108000204,41,26,15
108000205,571,705,-134
108000339,1966,202,1764
108000364,167,149,18
108000365,37,456,-419
108000367,118,406,-288
108000368,17,52,-35
108000369,2069,68,2001
108000371,0,736,-736
108000372,104,0,104
108000373,77,196,-119
108000376,60,14,46
108000377,173,403,-230
108000378,8921,5887,3034
108000379,28,111,-83
108000381,14,12,2
108000382,28,9,19
108000383,0,45,-45
108900001,169,1423,-1254
108900002,265,63,202
108900003,380,1184,-804
108900004,16,89,-73
108900005,34,51,-17
108900006,210,167,43
108900007,59,182,-123
108900008,27,178,-151
108900009,8,122,-114
108900010,51,138,-87
108900011,116,368,-252
108900012,136,634,-498
108900013,30,213,-183
108900014,4,73,-69
108900015,0,17,-17
108900016,3,232,-229
108900017,110,171,-61
108900018,63,657,-594
108900019,51,1446,-1395
108900020,11,399,-388
108900021,62,360,-298
108900022,15,2,13
108900023,0,34,-34
108900024,1,183,-182
108900025,24,164,-140
108900026,20,108,-88
108900027,0,180,-180
108900028,29,647,-618
108900029,39,346,-307
108900030,0,101,-101
108900031,24,769,-745
108900032,6,331,-325
108900033,0,164,-164
108900034,0,370,-370
108900035,127,2266,-2139
108900036,197,484,-287
108900037,30,514,-484
108900038,1,520,-519
108900039,2,686,-684
108900040,0,158,-158
108900041,6944,1620,5324
108900042,4,267,-263
108900043,33,536,-503
108900044,0,1025,-1025
108900045,11,854,-843
108900046,56,1329,-1273
108900047,0,36,-36
108900048,63,1249,-1186
108900049,6490,846,5644
108900050,0,395,-395
108900051,2,250,-248
108900052,4,386,-382
108900053,107,151,-44
108900054,42,300,-258
108900055,63,554,-491
108900056,0,210,-210
108900057,2,252,-250
108900058,14,794,-780
108900059,124,15,109
108900060,48,90,-42
108900061,43,32,11
108900062,1,368,-367
108900063,5,647,-642
108900064,33,70,-37
108900065,4,437,-433
108900066,83,103,-20
108900067,25,351,-326
108900068,0,165,-165
108900069,11,145,-134
108900070,21,206,-185
108900071,25,43,-18
108900072,3057,209,2848
108900073,4,88,-84
108900074,34,598,-564
108900075,34,96,-62
108900076,105,64,41
108900077,94,147,-53
108900078,18,293,-275
108900079,760,319,441
108900080,24,286,-262
108900081,30,282,-252
108900082,17,138,-121
108900083,15,107,-92
108900084,403,137,266
108900085,2307,132,2175
108900086,21,507,-486
108900087,128,245,-117
108900088,423,213,210
108900089,1,60,-59
108900090,11,570,-559
108900091,141,153,-12
108900092,168,222,-54
108900093,29,29,0
108900094,94,76,18
108900095,80,800,-720
108900096,575,47,528
108900097,186,249,-63
108900098,4406,269,4137
108900099,170,444,-274
108900100,27,137,-110
108900101,90,34,56
108900102,135,377,-242
108900103,11,26,-15
108900104,254,368,-114
108900105,2,322,-320
108900106,135,659,-524
108900108,93,18,75
108900109,9,20,-11
108900110,51,625,-574
108900111,156,791,-635
108900112,57,12,45
108900113,25,8,17
108900114,0,3,-3
108900115,42,39,3
108900116,27,9,18
108900117,18,15,3
108900118,115,2,113
108900119,60,34,26
108900120,22,88,-66
108900121,100,30,70
108900122,36,27,9
108900123,36,22,14
108900124,137,56,81
108900125,83,0,83
108900126,25,4,21
108900127,34,10,24
108900128,45,9,36
108900129,322,54,268
108900130,40,0,40
108900131,61,2,59
108900132,84,37,47
108900133,85,41,44
108900134,56,218,-162
108900135,52,2,50
108900136,2,1,1
108900137,25,0,25
108900138,157,13,144
108900139,313,77,236
108900140,58,321,-263
108900141,47,8,39
108900142,17,2,15
108900143,11,0,11
108900144,11,0,11
108900145,30,5,25
108900146,16,0,16
108900147,28,0,28
108900148,45,29,16
108900149,335,363,-28
108900150,119,1,118
108900151,20,2,18
108900152,26,35,-9
108900153,32,678,-646
108900154,2140,238,1902
108900155,99,106,-7
108900156,22,7,15
108900157,9,823,-814
108900158,95,26,69
108900159,20,450,-430
108900160,5,266,-261
108900161,6,676,-670
108900162,16,0,16
108900163,2,97,-95
108900164,16,101,-85
108900165,173,89,84
108900167,1855,1283,572
108900168,12820,1401,11419
108900169,4,124,-120
108900171,10710,1115,9595
108900172,79,15,64
108900173,182,424,-242
108900174,200,423,-223
108900176,92,748,-656
108900177,11947,1650,10297
108900178,6337,936,5401
108900179,282,573,-291
108900180,44,147,-103
108900182,34,129,-95
108900183,166,223,-57
108900184,170,176,-6
108900185,35,344,-309
108900186,50,416,-366
108900187,71,36,35
108900188,110,47,63
108900189,146,147,-1
108900190,16,3604,-3588
108900191,148,10,138
108900192,68,336,-268
108900193,118,22,96
108900194,8,388,-380
108900195,23,452,-429
108900196,18,777,-759
108900198,2,722,-720
108900199,62,299,-237
108900200,137,313,-176
108900201,209,1107,-898
108900203,163,11,152
108900204,111,6,105
108900205,61,3,58
108900206,127,8,119
108900207,104,14,90
108900208,20,402,-382
108900209,204,815,-611
108900210,101,225,-124
108900211,82,155,-73
108900212,675,492,183
108900215,79,812,-733
108900216,219,73,146
108900217,34,0,34
108900218,37,3,34
108900219,17,0,17
108900220,14,4,10
108900221,18,53,-35
108900222,62,7,55
108900223,6,37,-31
108900224,33,70,-37
108900225,0,224,-224
108900226,70,2,68
108900227,47,45,2
108900230,439,373,66
108900231,51,254,-203
108900232,2,514,-512
108900233,203,23,180
108900234,182,33,149
108900235,156,749,-593
108900236,39,430,-391
108900237,37,325,-288
108900240,38,86,-48
108900241,5,13,-8
108900245,2,423,-421
108900249,44,11,33
108900250,115,122,-7
108900257,36,827,-791
108900258,14,380,-366
108900259,11,82,-71
108900260,0,128,-128
108900261,167,131,36
108900262,335,111,224
108900263,38,462,-424
108900264,296,281,15
108900265,1974,215,1759
108900266,1414,144,1270
108900267,2,37,-35
108900268,7,3,4
108900269,14,3,11
108900270,16,2,14
108900271,13,1,12
108900272,59,2,57
108900273,978,284,694
108900274,6,58,-52
109000001,2244,783,1461
109000002,3937,1168,2769
109000003,1192,494,698
109000004,387,3106,-2719
109000005,1045,558,487
109000006,580,2286,-1706
109000007,674,495,179
109000008,246,2181,-1935
109000009,2410,760,1650
109000010,1177,3975,-2798
109000011,1440,1221,219
109000012,1340,4445,-3105
109000013,1957,1295,662
109000014,1429,4451,-3022
109000015,2523,2893,-370
109000016,11032,4864,6168
109000017,1195,848,347
109000018,632,4052,-3420
109000019,1298,733,565
109000020,894,2561,-1667
109000023,131,12,119
109000024,3,152,-149
109000025,250,236,14
109000026,662,353,309
109000027,29,212,-183
109000028,69,128,-59
109000029,197,100,97
109000030,62,562,-500
109000031,67,98,-31
109000032,35,518,-483
109000033,113,58,55
109000034,16,10,6
109000035,6,20,-14
109000036,113,350,-237
109000037,211,521,-310
109000038,622,302,320
109000039,415,246,169
109000040,6394,2389,4005
109000041,6836,990,5846
109000042,927,1079,-152
109000044,189,66,123
109000045,49,489,-440
109000046,111,50,61
109000047,31,560,-529
109000048,462,108,354
109000049,160,658,-498
109000050,277,175,102
109000051,320,383,-63
109000052,376,2406,-2030
109000053,97,215,-118
109000054,138,1061,-923
109000055,49,217,-168
109000056,123,874,-751
109000057,167,212,-45
109000058,954,350,604
109000059,421,1248,-827
109000060,412,123,289
109000061,2118,462,1656
109000062,166,184,-18
109000063,159,362,-203
109000064,87,184,-97
109000065,64,609,-545
109000066,105,143,-38
109000067,30,517,-487
109000068,151,0,151
109000069,582,9,573
109000070,8,746,-738
109000071,322,91,231
109000072,47,543,-496
109000073,19,75,-56
109000074,17,372,-355
109000075,70,501,-431
109000076,38,121,-83
109000077,401,367,34
109000078,14,113,-99
109000079,60,342,-282
109000080,47,162,-115
109000081,24,646,-622
109000082,145,352,-207
109000083,157,1044,-887
109000088,63,411,-348
109000089,112,25,87
109000090,167,642,-475
109000091,129,59,70
109000092,430,866,-436
109000093,107,62,45
109000094,143,0,143
109000095,41,945,-904
109000096,223,131,92
109000097,65,115,-50
109000098,26,55,-29
109000099,312,293,19
109000100,128,676,-548
109000101,531,937,-406
109000102,208,1159,-951
109000103,200,822,-622
109000104,649,604,45
109000105,325,2160,-1835
109000106,1056,581,475
109000107,363,2561,-2198
109000108,695,392,303
109000109,352,2264,-1912
109000110,892,340,552
109000111,947,3023,-2076
109000112,230,246,-16
109000113,89,265,-176
109000114,69,518,-449
109000115,821,32,789
109000116,1,187,-186
109000117,58,93,-35
109000118,6,348,-342
109000119,362,389,-27
109000120,59,1605,-1546
109000121,115,61,54
109000122,50,1553,-1503
109000123,8,113,-105
109000124,247,414,-167
109000125,597,393,204
109000126,269,1327,-1058
109000127,359,159,200
109000128,237,3267,-3030
109000129,1074,264,810
109000130,570,3497,-2927
109000131,531,205,326
109000132,564,2049,-1485
109000133,247,1006,-759
109000134,391,1706,-1315
109000135,734,1293,-559
109000136,182,572,-390
109000137,106,382,-276
109000138,217,616,-399
109000139,199,444,-245
109000140,111,737,-626
109000141,164,587,-423
109000142,80,552,-472
109000143,37,42,-5
109000145,69,70,-1
109000146,46,104,-58
109000148,4875,1161,3714
109000149,18,16,2
109000150,44,135,-91
109000155,174,472,-298
109000156,1101,1187,-86
109000158,64,253,-189
109000159,51,816,-765
109000160,427,391,36
109000161,204,1983,-1779
109000162,1137,1252,-115
109000163,474,2115,-1641
109000164,626,2829,-2203
109000165,607,834,-227
109000166,253,176,77
109000167,63,1185,-1122
109000170,29,72,-43
109000171,28,36,-8
109000172,32,47,-15
109000173,12,30,-18
109000174,38,61,-23
109000175,16,164,-148
109000176,121,349,-228
109000177,7,139,-132
109000178,117,87,30
109000179,9958,2338,7620
109000180,6230,3678,2552
109000181,5,63,-58
109000182,11,61,-50
109000183,11,79,-68
109000184,16,19,-3
109000185,2,83,-81
109000188,1186,3455,-2269
109000189,2516,1060,1456
109000190,549,609,-60
109000191,243,835,-592
109000192,97,317,-220
109000193,61,553,-492
109000194,53,175,-122
109000195,66,627,-561
109000196,161,165,-4
109000197,101,650,-549
109000198,117,80,37
109000199,50,573,-523
109000206,103,38,65
109000207,38,61,-23
109000208,105,39,66
109000209,108,57,51
109000210,174,604,-430
109000211,85,443,-358
109000214,166,878,-712
109000215,65,73,-8
109000216,65,86,-21
109000217,118,109,9
109000218,302,130,172
109000221,139,1334,-1195
109000222,326,74,252
109000223,124,216,-92
109000224,27,393,-366
109000225,43,51,-8
109000226,26,349,-323
109000227,613,2146,-1533
109000228,0,285,-285
109000231,3,614,-611
109000232,112,611,-499
109000236,141,907,-766
109000241,799,1909,-1110
109000242,595,1324,-729
109000293,14,24,-10
109000361,47,218,-171
109000364,265,813,-548
109000396,8,1197,-1189
109000397,132,5,127
109000399,103,580,-477
109000400,15,303,-288
109000403,27,162,-135
109000406,76,9,67
109000407,175,332,-157
109000408,2,337,-335
109000410,415,181,234
109000411,14,7,7
109900001,59,0,59
109900002,194,14,180
109900003,54,1,53
109900004,654,320,334
109900005,57,32,25
109900006,197,305,-108
109900007,173,1255,-1082
109900008,0,22,-22
109900009,80,1678,-1598
109900010,166,13,153
109900011,10,20,-10
109900012,219,100,119
109900013,202,99,103
109900014,68,50,18
109900015,222,51,171
109900016,52,58,-6
109900017,52,70,-18
109900018,139,172,-33
109900019,94,99,-5
109900020,7,6,1
109900021,10,9,1
109900022,33,445,-412
109900023,5,3,2
109900024,12,0,12
109900025,2,103,-101
109900026,0,193,-193
109900027,34,7,27
109900028,3210,391,2819
109900029,7,686,-679
109900030,7,0,7
109900031,0,94,-94
109900032,8,328,-320
109900033,3,562,-559
109900034,6,0,6
109900035,16,23,-7
109900036,10,80,-70
109900037,7,621,-614
109900038,11,342,-331
109900039,0,0,0
109900040,10,924,-914
109900041,23,634,-611
109900042,40,670,-630
109900044,108,399,-291
109900045,24,30,-6
109900046,10,56,-46
109900047,297,443,-146
109900048,3,91,-88
109900049,8,27,-19
109900050,3,386,-383
109900051,0,57,-57
109900052,24,327,-303
109900053,9,592,-583
109900054,177,97,80
109900055,18,325,-307
109900056,26,97,-71
109900057,4,284,-280
109900058,0,121,-121
109900059,163,69,94
109900060,188,199,-11
109900061,107,329,-222
109900062,3,247,-244
109900063,3,274,-271
109900064,127,193,-66
109900065,76,157,-81
109900066,214,1189,-975
109900067,1,524,-523
109900068,10,2,8
109900069,0,39,-39
109900070,92,363,-271
109900071,4,53,-49
109900072,3,156,-153
109900073,84,743,-659
109900074,1,61,-60
109900075,1,10,-9
109900076,8,334,-326
109900077,9,87,-78
109900078,65,306,-241
109900080,138,420,-282
109900081,6,68,-62
109900082,34,637,-603
109900083,30,48,-18
109900084,9,132,-123
109900085,113,1573,-1460
109900086,54,137,-83
109900087,77,342,-265
109900089,157,70,87
109900090,414,1316,-902
109900091,90,60,30
109900092,546,12,534
109900093,246,95,151
109900094,19,74,-55
109900095,127,184,-57
109900096,12,1,11
109900097,23,0,23
109900098,115,17,98
109900099,22,1,21
109900100,5,1,4
109900101,60,3,57
109900102,213,20,193
109900103,11,37,-26
109900104,116,1409,-1293
109900105,179,17,162
109900106,103,60,43
109900107,184,103,81
109900108,64,1711,-1647
109900109,17,394,-377
109900110,21,681,-660
109900111,166,1325,-1159
109900112,338,1231,-893
109900113,247,187,60
109900114,834,142,692
109900115,43,80,-37
109900117,323,104,219
109900118,181,531,-350
109900119,580,381,199
109900120,14,3,11
109900121,152,105,47
109900122,154,2,152
109900123,1,232,-231
109900124,26,1029,-1003
109900125,2,293,-291
109900126,53,198,-145
109900128,44,39,5
109900130,14433,990,13443
109900131,44,175,-131
109900132,21,273,-252
109900133,50,540,-490
109900134,33,54,-21
109900135,310,39,271
109900136,24,174,-150
109900137,29,431,-402
109900138,114,473,-359
109900140,104,537,-433
109900141,79,166,-87
109900142,310,278,32
109900145,3,64,-61
109900146,291,13,278
109900148,18,70,-52
109900149,57,41,16
109900150,2,79,-77
109900151,6,84,-78
109900152,0,16,-16
109900153,0,41,-41
109900154,2,0,2
109900155,6,4,2
109900157,28,271,-243
109900158,52,105,-53
109900159,73,29,44
109900160,39,36,3
109900161,97,66,31
109900162,39,50,-11
109900163,781,243,538
109900164,45,242,-197
109900165,368,2,366
109900166,2,231,-229
109900167,52,950,-898
109900168,103,692,-589
109900169,45,172,-127
109900170,246,388,-142
109900171,42,78,-36
109900172,90,178,-88
109900173,5536,800,4736
109900174,25,162,-137
109900175,50,94,-44
109900176,63,338,-275
109900177,8,398,-390
109900178,4,123,-119
109900179,4,33,-29
109900180,1,4,-3
110000001,561,502,59
110000002,337,557,-220
110000003,1014,612,402
110000004,427,617,-190
110000005,705,1209,-504
110000006,709,396,313
110000007,85,212,-127
110000008,25,71,-46
110000009,9,62,-53
110000010,10,94,-84
110000011,13,111,-98
110000012,658,515,143
110000013,16,332,-316
110000014,681,409,272
110000015,487,607,-120
110000016,260,819,-559
110000017,5990,291,5699
110000018,4833,660,4173
110000019,13,285,-272
110000020,529,298,231
110000021,799,551,248
110000022,894,184,710
110000023,8,248,-240
110000024,653,405,248
110000025,88,2,86
110000026,3,887,-884
110000027,340,334,6
110000028,668,1022,-354
110000029,380,1103,-723
110000030,188,470,-282
110000031,136,728,-592
110000032,556,606,-50
110000033,70,108,-38
110000034,199,1619,-1420
110000035,308,1463,-1155
110000036,464,1625,-1161
110000037,76,1267,-1191
110000038,191,1112,-921
110000039,380,1387,-1007
110000040,370,707,-337
110000041,101,558,-457
110000042,73,636,-563
110000043,309,85,224
110000044,41,199,-158
110000045,385,53,332
110000046,3,10,-7
110000047,3,8,-5
110000048,7,7,0
110000049,2,7,-5
110000050,2,17,-15
110000051,5,4,1
110000052,24,39,-15
110000053,20,1,19
110000054,332,485,-153
110000055,414,14,400
110000056,58,31,27
110000057,290,818,-528
110000058,468,814,-346
110000059,551,614,-63
110000060,362,1139,-777
110000061,1000,1003,-3
110000062,772,892,-120
110000063,25,98,-73
110000064,56,131,-75
110000065,39,134,-95
110000066,23,60,-37
110000067,59,390,-331
110000068,50,612,-562
110000069,65,203,-138
110000071,32,335,-303
110000073,4,43,-39
110000075,5,198,-193
110000076,344,202,142
110000077,524,653,-129
110000078,7,133,-126
110000080,184,896,-712
110000081,11,284,-273
110000082,11,196,-185
110000083,222,799,-577
110000084,460,399,61
110000085,4768,1729,3039
110000086,2402,692,1710
110000087,5,62,-57
110000088,25,213,-188
110000089,206,218,-12
110000090,126,429,-303
110000091,2281,371,1910
110000092,26,128,-102
110000093,15,3,12
110000094,431,400,31
110000095,120,398,-278
110000096,4890,2181,2709
110000097,847,801,46
110000098,1269,401,868
110000099,1113,2016,-903
110000100,176,1219,-1043
110000101,11,920,-909
110000102,22,25,-3
110000104,118,43,75
110000105,49,366,-317
110000106,194,155,39
110000107,404,723,-319
110000108,125,26,99
110000109,262,336,-74
110000110,6870,3266,3604
110000111,12177,1761,10416
110000112,1613,301,1312
110000113,1123,668,455
110000114,84,279,-195
110000115,133,283,-150
110000116,33,27,6
110000117,100,817,-717
110000118,221,308,-87
110000119,144,581,-437
110000120,220,230,-10
110000121,38,371,-333
110000122,264,659,-395
110000123,178,538,-360
110000124,2,1117,-1115
110000125,622,1,621
110000126,136,14,122
110000127,322,24,298
110000128,25,2575,-2550
110000129,3,744,-741
110000130,95,80,15
110000131,82,556,-474
110000132,1,1013,-1012
110000133,40,362,-322
110000134,24,337,-313
110000135,114,52,62
110000136,25,384,-359
110000137,237,1009,-772
110000138,363,1181,-818
110000139,598,2293,-1695
110000140,441,235,206
110000143,913,363,550
110000144,5336,911,4425
110000145,1228,890,338
110000146,3396,1005,2391
110000147,221,734,-513
110000148,222,500,-278
110000151,1207,746,461
110000152,1173,260,913
110000153,50,86,-36
110000154,89,8,81
110000155,2430,1568,862
110000156,837,1060,-223
110000157,2055,1626,429
110000160,224,549,-325
110000161,114,670,-556
110000166,146,161,-15
110000167,410,479,-69
110000168,589,222,367
110000169,192,324,-132
110000170,81,100,-19
110000171,460,143,317
110000172,107,1148,-1041
110000173,1277,1840,-563
110000174,70,1718,-1648
110000175,364,184,180
110000176,221,376,-155
110000177,104,918,-814
110000178,700,733,-33
110000179,1629,361,1268
110000180,74,331,-257
110000181,199,548,-349
110000182,375,351,24
110000183,15798,4421,11377
110000184,672,1890,-1218
110000185,1583,709,874
110000186,909,655,254
110000191,247,523,-276
110000192,216,2,214
110000193,203,5,198
110000194,12,1679,-1667
110000195,90,599,-509
110000196,164,746,-582
110000197,17,345,-328
110000198,61,126,-65
110000199,41,128,-87
110000200,2007,868,1139
110000201,1038,401,637
110000202,628,321,307
110000203,692,933,-241
110000204,5,420,-415
110000205,31,47,-16
110000206,655,2200,-1545
110000207,277,269,8
110000208,179,90,89
110000209,120,943,-823
110000210,282,724,-442
110000211,861,792,69
110000212,217,899,-682
110000213,22,96,-74
110000214,84,200,-116
110000215,34,955,-921
110000216,27,1043,-1016
110000217,116,242,-126
110000218,52,726,-674
110000219,102,74,28
110000220,22,626,-604
110000221,141,103,38
110000222,23,391,-368
110000223,9,94,-85
110000224,105,10,95
110000225,120,498,-378
110000226,95,47,48
110000227,487,360,127
110000228,217,463,-246
110000229,2,326,-324
110000230,600,507,93
110000231,72,172,-100
110000232,104,215,-111
110000233,88,321,-233
110000234,746,435,311
110000235,843,1150,-307
110000236,229,1132,-903
110000237,1550,1029,521
110000238,738,1445,-707
110000239,964,1529,-565
110000240,2,143,-141
110000242,0,14,-14
110000243,43,256,-213
110000244,96,340,-244
110000245,17,484,-467
110000246,490,968,-478
110000247,4375,4773,-398
110000248,5542,1481,4061
110000249,75,3,72
110000250,29,295,-266
110000251,69,595,-526
110000252,315,356,-41
110000253,906,378,528
110000254,1419,1905,-486
110000255,323,1470,-1147
110000256,284,252,32
110000257,923,410,513
110000258,1,668,-667
110000259,63,41,22
110000260,12,690,-678
110000263,1137,96,1041
110000264,235,838,-603
110000265,1011,1854,-843
110000266,2347,2790,-443
110000267,21,329,-308
110000268,275,612,-337
110000269,0,105,-105
110000270,21,1,20
110000271,2571,277,2294
110000272,596,1070,-474
110000273,3145,1307,1838
110000274,335,1400,-1065
110000275,3846,550,3296
110000276,199,391,-192
110000277,220,456,-236
110000278,403,1204,-801
110000279,676,814,-138
110000280,183,614,-431
110000281,18,259,-241
110000282,192,51,141
110000283,16,117,-101
110000284,17,19,-2
110000285,1,230,-229
110000286,12,0,12
110000287,98,1,97
110000288,27,108,-81
110000289,355,1294,-939
110000290,1724,849,875
110000291,7721,1513,6208
110000292,1320,6656,-5336
110000293,342,1404,-1062
110000294,571,1450,-879
110000295,129,1199,-1070
110000296,199,466,-267
110000297,4806,302,4504
110000298,482,508,-26
110000299,1857,23,1834
110000301,416,13,403
110000302,148,1602,-1454
110000303,289,6,283
110000304,117,338,-221
110000305,451,10,441
110000306,91,2860,-2769
110000307,502,3,499
110000308,279,9,270
110000309,16,2016,-2000
110000310,332,68,264
110000311,18,1205,-1187
110000312,759,51,708
110000313,7868,1626,6242
110000314,2,287,-285
110000315,3971,1646,2325
110000316,484,1117,-633
110000317,712,400,312
110000318,3,108,-105
110000319,9,44,-35
110000320,43,72,-29
110000321,6,80,-74
110000322,97,690,-593
110000323,456,402,54
110000324,5464,1286,4178
110000325,2494,3085,-591
110000327,619,264,355
110000328,195,626,-431
110000333,943,770,173
110000334,768,1572,-804
110000335,1194,851,343
110000336,462,1576,-1114
110000337,790,707,83
110000338,103,341,-238
110000339,88,329,-241
110000340,125,222,-97
110000341,204,683,-479
110000342,420,17,403
110000343,0,31,-31
110000344,36,250,-214
110000345,114,137,-23
110000346,2467,1697,770
110000347,1062,1119,-57
110000348,3,34,-31
110000349,1,64,-63
110000350,60,10,50
110000351,413,1299,-886
110000352,241,1856,-1615
110000353,3358,1191,2167
110000354,842,2146,-1304
110000355,43,131,-88
110000356,304,2,302
110000357,209,21,188
110000361,11,134,-123
110000362,49,229,-180
110000363,97,159,-62
110000364,84,376,-292
110000365,214,1,213
110000366,0,114,-114
110000367,242,420,-178
110000368,1,95,-94
110000369,65,3,62
110000373,4,339,-335
110000374,45,1,44
110000375,151,930,-779
110000376,47,154,-107
110000377,19,160,-141
110000378,29,298,-269
110000379,4610,1284,3326
110000380,20,14,6
110000383,0,531,-531
110000384,2453,275,2178
110000385,4,331,-327
110000387,27,5,22
110000388,12,301,-289
110000389,199,5,194
110000391,352,562,-210
110000396,21,184,-163
110000397,48,334,-286
110000398,1,52,-51
110000399,116,0,116
110000587,28,72,-44
110000589,81,265,-184
110000640,120,239,-119
110000652,9,265,-256
110000653,57,492,-435
110000654,1,24,-23
110000656,2,753,-751
110000674,12,16,-4
110000675,12,5,7
110000676,13,58,-45
110000679,811,288,523
110000682,75,89,-14
110000683,548,843,-295
110000684,1,59,-58
110000685,2,9,-7
110000686,7,31,-24
110000687,3,1,2
110000688,45,309,-264
110000689,27,209,-182
110000692,66,389,-323
110000693,119,408,-289
110000694,0,93,-93
110000695,173,795,-622
110000696,132,150,-18
110900001,81,12,69
110900002,137,305,-168
110900003,166,1589,-1423
110900004,110,431,-321
110900005,6111,1130,4981
110900006,13,6,7
110900007,37,7,30
110900008,4,28,-24
110900009,177,22,155
110900010,4,97,-93
110900011,1,80,-79
110900012,8,162,-154
110900013,435,206,229
110900014,99,9,90
110900015,878,212,666
110900016,9,262,-253
110900017,97,64,33
110900018,325,25,300
110900019,29,24,5
110900020,22,785,-763
110900021,45,965,-920
110900022,40,515,-475
110900023,81,599,-518
110900024,22,698,-676
110900025,3,84,-81
110900027,18,339,-321
110900028,24,231,-207
110900029,83,694,-611
110900030,19,489,-470
110900031,1,244,-243
110900032,0,124,-124
110900033,57,391,-334
110900035,34,354,-320
110900036,16,35,-19
110900037,37,13,24
110900038,1686,209,1477
110900039,7,308,-301
110900040,118,29,89
110900041,3,227,-224
110900042,38,40,-2
110900043,0,291,-291
110900044,253,13,240
110900045,18,1033,-1015
110900046,132,420,-288
110900047,965,96,869
110900049,56,13,43
110900050,8,0,8
110900051,27,225,-198
110900052,2,317,-315
110900053,51,98,-47
110900054,11,473,-462
110900055,5,2,3
110900056,43,109,-66
110900057,4,312,-308
110900058,91,442,-351
110900059,535,1115,-580
110900060,233,54,179
110900061,27,34,-7
110900062,16,455,-439
110900063,17,120,-103
110900064,3,0,3
110900065,398,78,320
110900066,1,92,-91
110900067,807,494,313
110900068,229,308,-79
110900069,2,29,-27
110900070,85,75,10
110900071,319,331,-12
110900073,0,17,-17
110900074,213,85,128
110900075,145,81,64
110900077,183,376,-193
110900078,17,150,-133
110900079,2463,417,2046
110900080,51,61,-10
110900081,3,158,-155
110900082,19,239,-220
110900083,63,38,25
110900084,9,300,-291
110900085,25,341,-316
110900086,44,98,-54
110900087,112,65,47
110900088,2,0,2
110900090,32,17,15
110900091,0,70,-70
110900093,305,51,254
110900095,11,66,-55
110900097,5,31,-26
110900098,9,109,-100
110900099,80,646,-566
110900100,1,17,-16
110900102,1,19,-18
110900105,835,467,368
110900108,3,155,-152
110900111,290,75,215
110900112,333,7,326
110900113,634,25,609
110900115,4,105,-101
110900116,273,3104,-2831
110900118,218,815,-597
110900119,8356,283,8073
110900120,5,173,-168
110900121,72,1,71
110900122,149,113,36
110900125,117,221,-104
110900127,602,523,79
110900128,134,105,29
110900129,242,146,96
110900130,1165,151,1014
110900131,85,64,21
110900132,136,26,110
110900133,150,487,-337
110900135,163,748,-585
110900136,100,1,99
110900137,380,2,378
110900138,321,484,-163
110900139,1,29,-28
110900140,58,2,56
110900141,5,60,-55
110900142,20,342,-322
110900143,48,101,-53
110900144,1,736,-735
110900145,64,5,59
110900146,626,25,601
110900147,202,203,-1
110900148,4,320,-316
110900149,0,97,-97
110900150,26,17,9
110900151,2,56,-54
110900152,9,400,-391
110900153,32,17,15
111000001,162,111,51
111000002,288,477,-189
111000003,313,339,-26
111000004,384,1339,-955
111000005,640,487,153
111000006,791,1841,-1050
111000007,4117,1202,2915
111000008,4072,3686,386
111000009,286,1020,-734
111000010,386,235,151
111000011,365,653,-288
111000012,432,212,220
111000013,384,994,-610
111000014,540,534,6
111000017,142,505,-363
111000018,159,487,-328
111000020,2988,2370,618
111000021,108,144,-36
111000023,103,193,-90
111000025,9029,1883,7146
111000029,73,110,-37
111000030,59,75,-16
111000031,2415,562,1853
111000032,463,299,164
111000033,285,118,167
111000034,343,120,223
111000037,3679,1368,2311
111000038,2712,2699,13
111000039,1355,2617,-1262
111000040,1445,2704,-1259
111000041,1712,1613,99
111000042,8651,3099,5552
111000043,1675,1267,408
111000044,814,407,407
111000045,914,1507,-593
111000046,877,1038,-161
111000047,1150,1857,-707
111000049,213,578,-365
111000050,1747,1883,-136
111000051,389,1170,-781
111000052,728,1498,-770
111000053,389,1212,-823
111000054,348,1090,-742
111000055,1150,2494,-1344
111000056,76,936,-860
111000057,48,1168,-1120
111000058,82,131,-49
111000059,332,273,59
111000060,2225,520,1705
111000061,659,350,309
111000062,519,240,279
111000063,2072,804,1268
111000064,280,662,-382
111000065,526,738,-212
111000066,190,253,-63
111000067,332,738,-406
111000068,247,795,-548
111000069,1971,2709,-738
111000070,2833,1386,1447
111000071,222,1066,-844
111000072,262,157,105
111000073,60,258,-198
111000074,1248,1050,198
111000075,391,686,-295
111000076,207,939,-732
111000077,830,1306,-476
111000078,1556,1142,414
111000079,1171,926,245
111000080,360,761,-401
111000081,2859,6033,-3174
111000082,457,771,-314
111000084,517,675,-158
111000085,707,1876,-1169
111000086,3724,1485,2239
111000087,653,1096,-443
111000088,7594,1931,5663
111000089,389,1044,-655
111000090,1135,1513,-378
111000091,480,1035,-555
111000092,584,1608,-1024
111000093,625,762,-137
111000094,1945,830,1115
111000095,915,1580,-665
111000096,3650,5287,-1637
111000097,7433,1139,6294
111000098,345,1852,-1507
111000099,214,3152,-2938
111000100,215,2953,-2738
111000101,390,1035,-645
111000102,48,1168,-1120
111000104,145,222,-77
111000107,34,1100,-1066
111000109,151,214,-63
111000110,451,485,-34
111000111,624,380,244
111000112,761,218,543
111000113,466,329,137
111000114,693,685,8
111000115,9479,781,8698
111000116,912,791,121
111000117,564,801,-237
111000118,2123,1209,914
111000119,729,2064,-1335
111000120,307,629,-322
111000121,142,512,-370
111000122,310,1320,-1010
111000123,526,4465,-3939
111000124,330,5138,-4808
111000125,149,2758,-2609
111000126,55,1275,-1220
111000127,351,92,259
111000128,443,199,244
111000129,1065,349,716
111000130,603,773,-170
111000131,539,775,-236
111000132,370,327,43
111000133,75,181,-106
111000134,77,156,-79
111000135,10,167,-157
111000136,136,298,-162
111000138,4,2,2
111000140,1,1,0
111000141,54,263,-209
111000142,2,125,-123
111000143,0,85,-85
111000144,0,141,-141
111000145,25,0,25
111000146,31,4,27
111000147,50,9,41
111000148,85,132,-47
111000149,2,50,-48
111000150,8,8,0
111000151,1,26,-25
111000153,502,471,31
111000154,731,262,469
111000155,52,223,-171
111000156,396,214,182
111000157,89,310,-221
111000158,656,428,228
111000159,2978,582,2396
111000160,118,421,-303
111000161,4,302,-298
111000162,1,180,-179
111000163,234,935,-701
111000164,933,2674,-1741
111000165,1536,346,1190
111000166,1325,340,985
111000167,187,519,-332
111000168,176,497,-321
111000169,261,436,-175
111000170,413,314,99
111000171,447,1152,-705
111000172,65,687,-622
111000173,107,1171,-1064
111000174,59,791,-732
111000175,23,354,-331
111000176,187,225,-38
111000177,63,299,-236
111000178,397,385,12
111000179,32,193,-161
111000180,107,346,-239
111000181,364,341,23
111000182,113,165,-52
111000183,448,230,218
111000184,260,246,14
111000185,340,632,-292
111000186,372,398,-26
111000187,59,355,-296
111000188,91,493,-402
111000189,1864,838,1026
111000190,177,764,-587
111000191,89,594,-505
111000192,159,789,-630
111000193,390,494,-104
111000194,6,591,-585
111000195,41,632,-591
111000196,23,443,-420
111000197,113,214,-101
111000198,192,126,66
111000199,64,211,-147
111000200,109,371,-262
111000201,179,226,-47
111000202,95,238,-143
111000203,158,249,-91
111000204,160,250,-90
111000213,64,426,-362
111000214,1351,1767,-416
111000215,606,1282,-676
111000217,621,929,-308
111000218,784,956,-172
111000219,337,232,105
111000220,3667,1301,2366
111000221,509,243,266
111000224,1,179,-178
111000225,126,53,73
111000226,136,1,135
111000227,53,4,49
111000228,17,188,-171
111000229,36,256,-220
111000230,197,688,-491
111000231,224,1865,-1641
111000232,189,1147,-958
111000233,214,1000,-786
111000234,74,229,-155
111000239,157,375,-218
111000240,13,46,-33
111000241,25,651,-626
111000242,58,27,31
111000243,40,1172,-1132
111000244,88,122,-34
111000245,242,710,-468
111000246,98,757,-659
111000247,67,1603,-1536
111000248,235,406,-171
111000249,291,1198,-907
111000250,21,261,-240
111000251,43,195,-152
111000253,0,0,0
111000255,0,0,0
111000257,0,0,0
111000260,72,1624,-1552
111000261,342,47,295
111000271,33,373,-340
111000273,7500,1311,6189
111000274,1182,2408,-1226
111000275,53,57,-4
111000276,199,3609,-3410
111000277,144,636,-492
111000278,351,323,28
111000291,313,2344,-2031
111000298,236,293,-57
111000299,395,59,336
111000300,70,631,-561
111000302,151,100,51
111000303,88,356,-268
111000312,62,57,5
111000315,0,48,-48
111000320,310,840,-530
111000321,142,34,108
111000322,102,713,-611
111000323,47,19,28
111000324,281,305,-24
111000325,14,92,-78
111000326,59,496,-437
111000327,357,622,-265
111000328,165,438,-273
111000329,5,19,-14
111000330,15,4,11
111000331,10,5,5
111000332,263,1332,-1069
111000334,396,2133,-1737
111000335,231,131,100
111000337,185,547,-362
111000338,10,159,-149
111000339,94,992,-898
111000340,72,1171,-1099
111000341,356,152,204
111000342,40,230,-190
111000344,493,689,-196
111000345,91,29,62
111000346,5,106,-101
111000347,32,4,28
111000350,112,194,-82
111000351,48,213,-165
111000352,70,164,-94
111000353,115,275,-160
111000354,228,205,23
111000355,114,941,-827
111000358,65,2531,-2466
111000360,67,1497,-1430
111000361,42,563,-521
111000546,140,1002,-862
111000547,114,822,-708
111000548,77,214,-137
111000549,110,566,-456
111000550,33,214,-181
111000551,531,114,417
111000552,178,46,132
111000907,68,13,55
111000908,9,0,9
111000916,391,258,133
111000917,22,461,-439
111000918,69,1547,-1478
111000920,108,3,105
111000921,2,415,-413
111000922,118,493,-375
111000924,12,1365,-1353
111000925,926,1505,-579
111000926,791,3049,-2258
111000927,3070,2724,346
111000928,7765,3901,3864
111000929,885,785,100
111000930,638,2811,-2173
111000931,1216,1510,-294
111000932,3848,2710,1138
111000933,2488,1525,963
111000934,2416,3139,-723
111000935,540,950,-410
111000936,510,2528,-2018
111000937,432,1101,-669
111000938,1633,2873,-1240
111000939,155,27,128
111000940,160,250,-90
111000941,102,696,-594
111000943,108,306,-198
111000944,43,760,-717
111000945,8,3018,-3010
111001109,139,104,35
111001110,99,949,-850
111001111,16,3,13
111001112,38,6,32
111001113,32,68,-36
111001114,770,32,738
111001115,20,366,-346
111001116,5952,913,5039
111001117,623,392,231
111001120,52,343,-291
111001121,34,407,-373
111001122,14,448,-434
111001123,3,24,-21
111900001,2,201,-199
111900002,6,953,-947
111900003,4,577,-573
111900004,11,248,-237
111900006,7,1,6
111900007,24,0,24
111900008,26,1,25
111900009,24,214,-190
111900010,133,700,-567
111900012,89,141,-52
111900013,8,73,-65
111900014,10699,1394,9305
111900015,0,90,-90
111900016,0,232,-232
111900017,1,242,-241
111900018,23,0,23
111900019,1,79,-78
111900020,1,24,-23
111900021,16,69,-53
111900022,13,70,-57
111900023,111,45,66
111900024,0,128,-128
111900025,0,48,-48
111900026,1,156,-155
111900027,2,188,-186
111900028,7,584,-577
111900029,6,135,-129
111900030,113,445,-332
111900031,39,99,-60
111900032,6,511,-505
111900033,3,126,-123
111900034,101,376,-275
111900035,101,274,-173
111900036,2,495,-493
111900038,300,604,-304
111900039,40,528,-488
111900040,5,1000,-995
111900042,50,68,-18
111900043,3,668,-665
111900044,226,330,-104
111900046,53,352,-299
111900048,57,1141,-1084
111900049,40,450,-410
111900050,44,5,39
111900051,1,319,-318
111900052,433,915,-482
111900053,1761,255,1506
111900054,49,0,49
111900055,38,1010,-972
111900056,139,74,65
111900057,43,47,-4
111900058,64,1075,-1011
111900059,2388,167,2221
111900060,93,0,93
111900061,10,450,-440
111900062,14,32,-18
111900063,67,239,-172
111900064,105,373,-268
111900065,14,24,-10
111900066,21,87,-66
111900067,0,448,-448
111900068,10,10,0
111900069,50,16,34
111900070,38,145,-107
111900071,0,353,-353
111900072,11,6,5
111900073,183,32,151
111900074,3,243,-240
111900075,23,5,18
111900076,21,19,2
111900077,3,2,1
111900078,59,8,51
111900079,7,4,3
111900080,204,68,136
111900081,843,143,700
111900082,24,9,15
111900083,18,1,17
111900084,10,0,10
111900085,30,30,0
111900086,28,0,28
111900087,20,1,19
111900088,74,1,73
111900089,12,0,12
111900090,77,24,53
111900091,32,1,31
111900092,13,1,12
111900093,125,1,124
111900094,45,1,44
111900095,122,19,103
111900096,19,1,18
111900097,17,0,17
111900098,53,3,50
111900099,5,0,5
111900100,129,6,123
111900101,34,2,32
111900102,269,1136,-867
111900103,60,31,29
111900104,24,66,-42
111900105,246,230,16
111900106,2376,59,2317
111900107,40,129,-89
111900108,79,32,47
111900109,368,88,280
111900110,4869,187,4682
111900111,14,293,-279
111900112,868,933,-65
111900113,274,36,238
111900114,239,106,133
111900115,4,49,-45
111900118,96,15,81
111900119,120,28,92
111900122,41,3,38
111900123,5,7,-2
111900124,27,122,-95
111900125,79,10,69
111900126,54,0,54
111900127,2,823,-821
111900128,4,763,-759
111900129,90,18,72
111900130,62,7,55
111900131,71,1,70
111900132,16,1551,-1535
111900133,5,498,-493
111900134,30,471,-441
111900135,2,5,-3
111900136,30,55,-25
111900137,22,45,-23
111900138,3,71,-68
111900139,4,202,-198
111900140,14,28,-14
111900141,6,11,-5
111900142,39,8,31
111900143,2,323,-321
111900144,4,234,-230
111900145,4,965,-961
111900146,5,475,-470
111900147,228,656,-428
111900148,57,1294,-1237
111900149,33,679,-646
111900150,11,277,-266
111900151,2,42,-40
111900152,126,34,92
111900153,1841,117,1724
111900154,2,77,-75
111900155,57,18,39
111900156,22,13,9
111900157,9,7,2
111900158,102,12,90
111900159,52,3,49
111900160,73,0,73
111900161,32,40,-8
111900162,101,90,11
111900163,11,201,-190
111900164,14,11,3
111901113,64,334,-270
111901114,60,527,-467
111901115,14,1,13
111901116,23,1,22
111901117,2,3,-1
111901118,98,78,20
111901119,1946,132,1814
111901120,74,256,-182
111901121,135,396,-261
111901122,6,704,-698
111901123,26,617,-591
111901124,26,1,25
111901125,64,153,-89
111901126,72,6,66
111901127,1311,164,1147
111901128,12,202,-190
111901129,5,201,-196
111901130,8,333,-325
111901131,4,177,-173
111901132,39,3,36
111901133,9,1,8
111901134,26,1,25
111901135,5,0,5
111901136,3,12,-9
111901137,0,11,-11
111901138,19,41,-22
111901139,24,76,-52
111901140,6,229,-223
111901141,2,321,-319
111901142,1,141,-140
111901143,1,91,-90
111901144,20,11,9
112000001,1100,701,399
112000002,697,2877,-2180
112000003,466,762,-296
112000004,542,2260,-1718
112000005,1148,1467,-319
112000006,1266,2510,-1244
112000007,1026,1149,-123
112000008,1629,2877,-1248
112000009,4224,4208,16
112000010,1730,2202,-472
112000011,2061,3119,-1058
112000012,10209,1515,8694
112000013,10241,4203,6038
112000014,3443,525,2918
112000015,3970,2386,1584
112000016,5433,1074,4359
112000017,2057,1398,659
112000024,1946,713,1233
112000026,5950,6814,-864
112000027,538,467,71
112000028,1536,2285,-749
112000029,228,411,-183
112000030,245,224,21
112000031,2055,1874,181
112000032,956,71,885
112000033,3440,674,2766
112000034,455,58,397
112000035,154,359,-205
112000036,857,588,269
112000037,1269,1442,-173
112000038,847,1056,-209
112000039,27,106,-79
112000040,137,453,-316
112000041,308,666,-358
112000042,949,407,542
112000050,389,1581,-1192
112000051,538,724,-186
112000054,1650,2859,-1209
112000057,799,346,453
112000058,489,486,3
112000059,1277,564,713
112000061,8577,1547,7030
112000062,5357,554,4803
112000063,3184,644,2540
112000064,6274,6767,-493
112000065,3001,3709,-708
112000066,2524,784,1740
112000067,618,950,-332
112000068,1262,907,355
112000069,672,3915,-3243
112000070,1259,481,778
112000071,883,4609,-3726
112000072,759,921,-162
112000073,1086,2242,-1156
112000074,534,699,-165
112000075,698,883,-185
112000076,3721,3769,-48
112000077,345,1044,-699
112000078,919,917,2
112000079,1298,1872,-574
112000080,426,1225,-799
112000081,911,2375,-1464
112000082,818,672,146
112000083,460,2249,-1789
112000084,648,750,-102
112000085,661,1816,-1155
112000086,1068,1823,-755
112000087,161,715,-554
112000088,172,859,-687
112000089,210,476,-266
112000090,251,504,-253
112000091,557,1691,-1134
112000092,868,751,117
112000093,1385,1533,-148
112000094,217,847,-630
112000095,385,937,-552
112000096,154,797,-643
112000097,328,490,-162
112000098,623,2273,-1650
112000099,500,534,-34
112000100,865,965,-100
112000101,306,1357,-1051
112000102,499,576,-77
112000103,173,2041,-1868
112000105,338,2787,-2449
112000106,447,406,41
112000107,6,233,-227
112000108,146,2111,-1965
112000109,28,75,-47
112000110,711,410,301
112000111,2006,6780,-4774
112000112,6099,549,5550
112000113,1359,3088,-1729
112000114,3152,1025,2127
112000115,143,714,-571
112000116,527,1196,-669
112000117,347,625,-278
112000118,502,1171,-669
112000119,325,1175,-850
112000120,54,485,-431
112000121,31,1006,-975
112000122,80,197,-117
112000123,190,158,32
112000124,81,80,1
112000125,41,189,-148
112000126,71,1038,-967
112000127,3594,1105,2489
112000128,1695,588,1107
112000129,33,97,-64
112000130,40,33,7
112000131,27,420,-393
112000132,35,350,-315
112000133,158,312,-154
112000134,425,476,-51
112000135,1583,653,930
112000136,1724,1596,128
112000137,3200,1348,1852
112000138,4428,1717,2711
112000139,571,195,376
112000140,778,1379,-601
112000141,248,224,24
112000142,133,1353,-1220
112000143,363,232,131
112000144,226,2157,-1931
112000145,1086,827,259
112000146,493,2838,-2345
112000147,1224,1575,-351
112000148,1347,2684,-1337
112000149,107,817,-710
112000150,79,894,-815
112000151,207,807,-600
112000152,137,414,-277
112000153,156,343,-187
112000154,100,222,-122
112000155,82,63,19
112000157,462,442,20
112000158,159,872,-713
112000159,122,391,-269
112000167,130,14,116
112000169,275,316,-41
112000173,296,329,-33
112000175,220,419,-199
112000176,7734,1773,5961
112000177,151,87,64
112000178,50,842,-792
112000179,81,223,-142
112000180,176,237,-61
112000181,765,2322,-1557
112000182,418,2985,-2567
112000183,44,90,-46
112000184,170,807,-637
112000185,146,758,-612
112000187,3218,2912,306
112000195,105,30,75
112000196,147,0,147
112000197,88,127,-39
112000198,39,621,-582
112000199,82,1439,-1357
112000202,106,1,105
112000216,37,159,-122
112000230,27,11,16
112000231,6,626,-620
112000256,24,170,-146
112000313,206,386,-180
112000314,10,6,4
112000337,114,698,-584
112000352,180,142,38
112000392,3414,1204,2210
112000398,492,724,-232
112000399,1725,1364,361
112000400,1809,5374,-3565
112000401,2846,3539,-693
112000402,1228,1717,-489
112000403,1755,1655,100
112000404,207,507,-300
112000405,1006,2245,-1239
112000406,3375,3747,-372
112000407,2841,6040,-3199
112000408,9935,7923,2012
112000409,1522,5945,-4423
112000410,175,95,80
112000411,6321,667,5654
112000412,955,310,645
112000413,12800,1534,11266
112000414,34,96,-62
112000415,79,49,30
112000416,1092,1141,-49
112000417,144,67,77
112000421,11,180,-169
112000422,195,713,-518
112000424,2494,1402,1092
112000425,267,1291,-1024
112000426,43,213,-170
112000427,0,18,-18
112000428,39,546,-507
112000429,1617,3279,-1662
112000430,1474,3660,-2186
112000431,25,93,-68
112000432,460,2882,-2422
112000433,969,662,307
112000437,18,449,-431
112900001,9,0,9
112900002,79,1773,-1694
112900003,17,278,-261
112900004,13,494,-481
112900005,41,318,-277
112900006,4,558,-554
112900007,6,224,-218
112900008,0,12,-12
112900009,311,63,248
112900010,70,900,-830
112900011,344,280,64
112900012,0,63,-63
112900013,1,206,-205
112900014,3,437,-434
112900015,301,1375,-1074
112900016,0,353,-353
112900017,19,181,-162
112900018,3,496,-493
112900019,93,178,-85
112900020,617,2381,-1764
112900021,3,376,-373
112900022,5,52,-47
112900023,3,423,-420
112900024,12,340,-328
112900025,80,180,-100
112900026,4,405,-401
112900027,8,1696,-1688
112900028,20,167,-147
112900029,6,865,-859
112900030,328,201,127
112900031,6,761,-755
112900032,68,359,-291
112900034,2,66,-64
112900035,2,728,-726
112900036,24,191,-167
112900037,116,95,21
112900038,191,132,59
112900039,16,455,-439
112900040,9,399,-390
112900041,1856,749,1107
112900042,18,510,-492
112900043,12,40,-28
112900044,457,379,78
112900045,637,359,278
112900046,281,92,189
112900047,16,12,4
112900049,26,78,-52
112900050,94,804,-710
112900051,374,1072,-698
112900052,7,1482,-1475
112900053,452,141,311
112900054,276,21,255
112900055,220,13,207
112900056,223,92,131
112900057,3,1119,-1116
112900058,267,96,171
112900059,34,171,-137
112900060,5,385,-380
112900061,39,189,-150
112900062,47,247,-200
112900063,38,1,37
112900064,179,134,45
112900065,10,10,0
112900066,148,47,101
112900067,764,105,659
112900068,30,9,21
112900069,3647,392,3255
112900071,18,0,18
112900072,228,391,-163
112900073,186,21,165
112900074,24,37,-13
112900075,2904,282,2622
112900076,31,4,27
112900078,136,182,-46
112900079,121,3,118
112900080,3,0,3
112900081,23,56,-33
112900082,165,7,158
112900083,29,21,8
112900084,65,26,39
112900085,0,0,0
112900086,7,0,7
112900087,200,81,119
112900088,16,1,15
112900089,368,6,362
112900090,8,2,6
112900091,36,3,33
112900092,117,70,47
112900093,719,5,714
112900094,16,1,15
112900095,2,0,2
112900096,139,60,79
112900097,15,547,-532
112900098,35,0,35
112900099,201,6,195
112900100,12,0,12
112900101,65,1,64
112900102,109,1,108
112900103,50,1,49
112900104,6,0,6
112900105,3,0,3
112900106,248,74,174
112900107,0,0,0
112900108,0,0,0
112900109,21,0,21
112900110,192,5,187
112900111,166,0,166
112900112,41,0,41
112900113,0,10,-10
112900114,18,43,-25
112900115,217,2,215
112900116,28,26,2
112900117,106,114,-8
112900118,11,82,-71
112900119,32,1,31
112900120,741,151,590
112900121,228,184,44
112900122,9,206,-197
112900123,187,6,181
112900124,2,192,-190
112900125,101,327,-226
112900126,119,350,-231
112900127,146,19,127
112900128,650,854,-204
112900129,4,1550,-1546
112900130,82,41,41
112900131,22,287,-265
112900132,78,460,-382
112900133,24,1759,-1735
112900134,1,402,-401
112900135,71,15,56
112900136,0,59,-59
112900137,4,1180,-1176
112900138,7,724,-717
112900139,198,1823,-1625
112900140,0,111,-111
112900141,238,35,203
112900142,70,29,41
112900143,36,1073,-1037
112900144,3,330,-327
112900145,23,673,-650
112900146,10,1794,-1784
112900147,6,3204,-3198
112900148,5,0,5
112900149,185,479,-294
112900151,36,25,11
112900152,6634,1355,5279
112900153,1263,616,647
112900154,0,78,-78
112900155,25,4,21
112900156,71,2495,-2424
112900157,32,0,32
112900158,8,15,-7
112900159,103,21,82
112900160,21,272,-251
112900161,25,14,11
112900162,19,5,14
112900163,77,12,65
112900164,25,104,-79
112900165,251,58,193
112900166,11,28,-17
112900167,6,12,-6
112900168,0,0,0
112900169,2,0,2
112900170,16,76,-60
112900172,104,1,103
112900173,257,122,135
112900174,133,21,112
112900175,190,43,147
112900176,8,5,3
112900177,75,8,67
112900178,402,731,-329
112900179,30,736,-706
112900180,681,3968,-3287
112900181,110,4,106
112900182,21,2113,-2092
112900183,103,242,-139
112900184,424,277,147
112900185,354,428,-74
112900186,2209,617,1592
112900187,36,203,-167
112900188,1215,395,820
112900189,43,42,1
112900190,2,81,-79
112900192,347,149,198
112900193,854,178,676
112900194,12,119,-107
112900195,260,29,231
112900196,256,1043,-787
112900197,131,603,-472
112900199,146,864,-718
112900200,202,395,-193
112900201,38,111,-73
112900202,71,1441,-1370
112900203,40,417,-377
112900204,593,303,290
112900205,0,12,-12
112900206,1,77,-76
112900207,0,2,-2
112900208,56,61,-5
112900209,293,516,-223
112900210,0,26,-26
112900211,44,69,-25
112900212,0,67,-67
112900213,3,11,-8
112900214,10,3,7
112900215,3,253,-250
112900216,22,35,-13
112900217,1,85,-84
112900218,9,9,0
112900219,6,29,-23
112900220,3,0,3
112900221,4,182,-178
112900222,0,20,-20
112900223,344,1,343
112900224,103,980,-877
112900225,128,663,-535
112900226,376,257,119
112900227,99,1928,-1829
112900228,16,32,-16
112900229,26,77,-51
112900230,11210,2392,8818
112900232,209,124,85
112900233,34,257,-223
112900234,10,137,-127
112900235,21,5,16
112900236,48,19,29
112900237,24,445,-421
112900238,1,52,-51
113000001,4723,4695,28
113000002,3407,4017,-610
113000003,1954,1735,219
113000004,2187,2158,29
113000005,1046,1128,-82
113000006,758,1399,-641
113000007,1167,1468,-301
113000008,1212,2068,-856
113000009,560,1052,-492
113000010,757,1984,-1227
113000011,671,2152,-1481
113000012,939,619,320
113000013,1543,424,1119
113000014,2497,1689,808
113000015,1127,313,814
113000016,838,354,484
113000017,93,301,-208
113000018,124,47,77
113000019,73,303,-230
113000020,51,37,14
113000021,511,597,-86
113000022,298,1554,-1256
113000025,151,360,-209
113000026,152,349,-197
113000027,621,391,230
113000028,1111,523,588
113000029,922,508,414
113000030,601,669,-68
113000031,290,253,37
113000032,294,165,129
113000033,472,286,186
113000034,593,359,234
113000035,29,39,-10
113000036,27,71,-44
113000037,60,50,10
113000038,26,72,-46
113000039,199,516,-317
113000040,38,74,-36
113000042,880,817,63
113000051,505,1710,-1205
113000052,2503,1539,964
113000053,212,887,-675
113000054,139,849,-710
113000055,613,1093,-480
113000056,448,2031,-1583
113000058,752,1091,-339
113000059,1186,1077,109
113000060,57,665,-608
113000061,643,1310,-667
113000062,1643,170,1473
113000063,63,389,-326
113000064,19,539,-520
113000065,124,1683,-1559
113000066,282,100,182
113000067,1104,1312,-208
113000068,513,2898,-2385
113000069,371,2042,-1671
113000070,928,808,120
113000071,297,1050,-753
113000072,423,434,-11
113000073,736,1899,-1163
113000074,1045,301,744
113000075,1904,423,1481
113000076,1352,1822,-470
113000077,2540,429,2111
113000078,1621,1579,42
113000079,1318,635,683
113000080,1040,534,506
113000081,1325,1137,188
113000082,1898,933,965
113000083,734,872,-138
113000084,2097,1118,979
113000085,1410,666,744
113000086,976,1202,-226
113000087,1477,910,567
113000088,2054,1161,893
113000089,931,1768,-837
113000090,270,239,31
113000091,970,245,725
113000094,508,134,374
113000095,278,1472,-1194
113000096,130,1153,-1023
113000097,485,338,147
113000098,139,32,107
113000099,1097,220,877
113000100,157,603,-446
113000101,365,612,-247
113000102,451,157,294
113000103,2679,770,1909
113000104,298,2115,-1817
113000105,464,504,-40
113000106,268,834,-566
113000107,439,775,-336
113000108,786,1915,-1129
113000109,480,2614,-2134
113000110,1599,400,1199
113000111,83,363,-280
113000112,258,391,-133
113000113,3260,290,2970
113000114,476,962,-486
113000116,894,239,655
113000117,908,235,673
113000118,154,499,-345
113000119,138,630,-492
113000120,32,256,-224
113000121,644,1222,-578
113000124,113,186,-73
113000125,18,437,-419
113000127,4346,760,3586
113000128,440,565,-125
113000129,668,1063,-395
113000133,5393,855,4538
113000134,6,523,-517
113000135,2490,2164,326
113000137,3760,1362,2398
113000139,509,155,354
113000140,249,290,-41
113000141,583,107,476
113000142,1104,953,151
113000143,477,174,303
113000144,443,636,-193
113000145,58,184,-126
113000146,116,73,43
113000147,139,200,-61
113000148,82,203,-121
113000149,127,173,-46
113000150,511,418,93
113000151,123,61,62
113000152,31,224,-193
113000153,1927,498,1429
113000154,633,995,-362
113000155,181,362,-181
113000156,154,548,-394
113000157,291,903,-612
113000158,411,183,228
113000159,715,410,305
113000160,519,1449,-930
113000161,159,915,-756
113000162,461,288,173
113000163,88,46,42
113000164,17,124,-107
113000166,39,55,-16
113000167,20,259,-239
113000168,28,306,-278
113000169,86,41,45
113000170,72,69,3
113000171,57,83,-26
113000172,145,52,93
113000173,31,8,23
113000174,101,601,-500
113000175,202,117,85
113000176,219,123,96
113000177,114,533,-419
113000178,171,554,-383
113000179,166,82,84
113000180,374,1539,-1165
113000181,494,1303,-809
113000182,643,264,379
113000183,356,632,-276
113000184,25,154,-129
113000189,818,612,206
113000190,2202,419,1783
113000192,2413,1297,1116
113000193,4454,774,3680
113000194,1711,1335,376
113000195,2191,503,1688
113000196,53,96,-43
113000197,1313,850,463
113000198,31,456,-425
113000199,1106,503,603
113000201,172,210,-38
113000202,4185,1539,2646
113000203,339,131,208
113000204,1412,1405,7
113000205,11,21,-10
113000206,16,48,-32
113000207,47,36,11
113000208,43,71,-28
113000209,17,23,-6
113000210,6,26,-20
113000211,243,102,141
113000212,195,15,180
113000213,144,79,65
113000214,65,191,-126
113000234,108,1832,-1724
113000410,115,75,40
113000411,3485,4403,-918
113000412,13607,1845,11762
113000413,5543,1871,3672
113000414,16449,11333,5116
113000415,3533,2390,1143
113000416,13384,3499,9885
113000417,5348,2799,2549
113000418,4313,2785,1528
113000419,2731,1830,901
113000420,5387,3032,2355
113000421,4675,4674,1
113000422,24366,6371,17995
113000423,3525,2889,636
113000424,5474,5796,-322
113000425,6,64,-58
113000428,61,6,55
113000430,16,31,-15
113000432,627,79,548
113000433,165,1314,-1149
113000434,10,515,-505
113000435,7,1439,-1432
113000436,38,2015,-1977
113000437,206,13,193
113000438,118,3,115
113000439,10,202,-192
113000440,25,29,-4
113000441,43,196,-153
113000442,81,466,-385
113000443,30,345,-315
113000444,45,451,-406
113000445,26,138,-112
113000446,12,84,-72
113000448,149,183,-34
113000449,368,393,-25
113000450,683,1319,-636
113000451,1288,112,1176
113000452,361,179,182
113000453,59,262,-203
113000454,469,8,461
113000455,2,130,-128
113000456,4769,2127,2642
113000468,3383,332,3051
113000469,336,121,215
113000470,712,121,591
113000471,12,263,-251
113000472,61,297,-236
113000474,141,855,-714
113000475,1358,2227,-869
113000476,1023,2368,-1345
113000477,1674,2699,-1025
113000478,3569,6804,-3235
113000479,43,361,-318
113000480,79,72,7
113000481,0,1,-1
113000482,0,1,-1
113000483,0,2,-2
113000485,0,0,0
113000486,0,0,0
113000487,0,0,0
113000488,0,0,0
113000489,0,0,0
113000490,0,0,0
113000491,0,0,0
113000492,0,0,0
113000493,0,0,0
113000495,103,271,-168
113000496,33,72,-39
113000497,0,0,0
113000498,0,0,0
113000499,0,0,0
113000500,0,13,-13
113900001,1,69,-68
113900002,0,219,-219
113900003,2,124,-122
113900004,0,25,-25
113900005,0,21,-21
113900006,8,19,-11
113900007,45,1,44
113900008,17,0,17
113900009,139,0,139
113900010,45,0,45
113900011,3,0,3
113900012,13,0,13
113900013,323,1,322
113900014,334,1,333
113900015,1,39,-38
113900016,16,0,16
113900017,3,93,-90
113900018,540,51,489
113900019,34,62,-28
113900020,30,2,28
113900022,4,0,4
113900023,4,0,4
113900024,48,95,-47
113900025,547,30,517
113900026,19,0,19
113900027,2,95,-93
113900028,8,568,-560
113900029,20,378,-358
113900030,66,1,65
113900031,1,1,0
113900032,3,0,3
113900033,75,105,-30
113900035,12,0,12
113900036,5,112,-107
113900037,50,773,-723
113900038,30,29,1
113900039,40,4,36
113900040,1,0,1
113900041,0,1,-1
113900042,8,74,-66
113900043,221,157,64
113900044,226,33,193
113900045,56,2,54
113900046,364,905,-541
113900047,13,183,-170
113900048,373,39,334
113900049,1108,115,993
113900050,146,464,-318
113900051,114,597,-483
113900052,295,127,168
113900053,403,189,214
113900054,3,0,3
113900055,76,798,-722
113900056,22,213,-191
113900057,16,139,-123
113900058,19,244,-225
113900059,52,440,-388
113900060,170,420,-250
113900061,1534,42,1492
113900062,40,24,16
113900063,38,197,-159
113900064,19,204,-185
113900065,259,6,253
113900066,115,718,-603
113900067,33,691,-658
113900068,219,279,-60
113900069,148,8,140
113900070,204,589,-385
113900071,31,98,-67
113900072,15,253,-238
113900073,83,436,-353
113900074,22,622,-600
113900075,554,632,-78
113900076,166,7,159
113900077,28,355,-327
113900078,40,69,-29
113900079,1,88,-87
113900080,380,189,191
113900081,22,434,-412
113900082,77,235,-158
113900083,111,949,-838
113900084,110,77,33
113900085,17,471,-454
113900086,12,16,-4
113900087,58,329,-271
113900088,12,54,-42
113900089,272,20,252
113900090,256,351,-95
113900091,25,26,-1
113900092,23,92,-69
113900093,55,341,-286
113900094,118,736,-618
113900095,66,76,-10
113900096,73,35,38
113900097,1,172,-171
113900098,376,29,347
113900099,1,84,-83
113900100,0,0,0
113900101,10,54,-44
113900102,20,52,-32
113900103,179,345,-166
113900104,95,107,-12
113900105,13,429,-416
113900106,2,133,-131
113900107,0,38,-38
113900108,133,239,-106
113900109,339,145,194
113900110,18,6,12
113900111,37,147,-110
113900112,40,78,-38
113900113,428,380,48
113900114,0,143,-143
113900115,0,142,-142
113900116,37,147,-110
113900117,81,8,73
113900118,119,193,-74
113900119,398,170,228
113900120,18,19,-1
113900121,27,88,-61
113900122,188,850,-662
113900123,170,149,21
113900124,1,71,-70
113900125,1700,184,1516
113900126,139,29,110
113900127,233,300,-67
113900128,64,44,20
113900129,4,80,-76
113900130,2,4,-2
113900131,69,68,1
113900132,33,71,-38
113900133,22,15,7
113900135,88,479,-391
113900136,102,54,48
113900137,216,168,48
113900138,52,118,-66
113900139,709,63,646
113900140,623,138,485
113900141,137,558,-421
113900142,45,106,-61
113900143,4,8,-4
113900144,503,92,411
113900145,139,211,-72
113900146,27,84,-57
113900148,94,149,-55
113900149,129,23,106
113900150,1615,483,1132
113900151,106,179,-73
113900152,17,87,-70
113900153,522,370,152
113900154,4,88,-84
113900155,218,52,166
113900156,197,1075,-878
113900157,25,262,-237
113900158,696,109,587
113900159,10,248,-238
113900160,453,1081,-628
113900161,12,117,-105
113900162,951,549,402
113900163,332,201,131
113900164,103,39,64
113900165,808,821,-13
113900166,375,109,266
113900167,224,31,193
113900168,115,164,-49
113900169,160,583,-423
113900171,51,28,23
113900172,5,302,-297
113900173,51,922,-871
113900174,342,1010,-668
113900175,183,67,116
113900176,152,1092,-940
113900177,232,279,-47
113900178,376,136,240
113900179,15,958,-943
113900180,120,145,-25
113900181,350,107,243
113900182,540,1268,-728
113900183,45,70,-25
113900184,24,621,-597
113900185,143,81,62
113900186,41,56,-15
113900187,27,262,-235
113900188,25,233,-208
113900189,186,57,129
113900190,362,111,251
113900191,86,303,-217
113900192,3,233,-230
113900193,27,328,-301
113900194,2264,1177,1087
113900195,280,680,-400
113900196,1,165,-164
113900197,2,417,-415
113900198,19,152,-133
113900199,220,911,-691
113900200,10,381,-371
113900201,2,416,-414
113900202,18,286,-268
113900203,3,348,-345
113900204,34,915,-881
113900205,8,85,-77
113900206,2,159,-157
113900207,0,99,-99
113900208,0,78,-78
113900209,0,145,-145
113900210,634,456,178
113900211,124,14,110
113900212,91,723,-632
113900214,520,394,126
113900215,13,215,-202
113900216,16,1698,-1682
113900217,21,384,-363
113900218,85,30,55
113900219,96,595,-499
113900220,74,84,-10
113900221,285,161,124
113900222,193,279,-86
113900223,17,1426,-1409
113900224,156,74,82
113900225,961,277,684
113900226,297,154,143
113900227,243,130,113
113900228,508,364,144
113900229,34,632,-598
113900230,6325,1191,5134
113900231,116,301,-185
113900232,38,131,-93
113900233,34,73,-39
113900234,84,330,-246
113900235,29,49,-20
113900236,27,444,-417
113900237,54,5,49
113900238,142,290,-148
113900239,47,44,3
113900240,5,87,-82
113900241,102,63,39
113900242,46,171,-125
113900243,109,504,-395
113900244,743,162,581
113900245,1782,242,1540
113900246,15,9,6
113900247,153,108,45
113900248,5448,922,4526
113900249,1428,167,1261
113900250,20,99,-79
113900251,252,236,16
113900252,306,9,297
113900253,361,16,345
113900254,169,42,127
113900255,178,8,170
113900256,91,12,79
113900257,25,939,-914
113900258,12,808,-796
113900259,227,266,-39
113900260,61,15,46
113900261,13,187,-174
113900262,80,1071,-991
113900263,49,659,-610
113900264,5,918,-913
113900265,120,391,-271
113900266,15,378,-363
113900267,131,590,-459
113900268,144,284,-140
113900269,39,176,-137
113900270,229,386,-157
113900271,637,1849,-1212
113900273,15,1,14
113900274,5,18,-13
113900275,14,73,-59
113900276,5,378,-373
113900277,36,0,36
113900278,386,238,148
113900279,133,144,-11
113900280,1183,554,629
113900281,232,1029,-797
113900282,1024,468,556
113900283,389,475,-86
113900284,402,98,304
113900285,64,15,49
113900286,61,190,-129
113900287,7,189,-182
113900288,0,108,-108
113900289,1971,65,1906
113900290,498,39,459
113900291,241,275,-34
113900292,3,3,0
113900293,0,330,-330
113900294,166,11,155
113900295,705,242,463
113900296,3245,331,2914
113900297,422,15,407
113900298,9,2066,-2057
113900299,1,195,-194
113900300,8346,2119,6227
113900301,1064,193,871
113900302,3085,619,2466
113900303,819,163,656
113900304,0,231,-231
113900305,26,1,25
113900306,6,0,6
113900307,44,2,42
113900308,93,125,-32
113900309,6,1089,-1083
113900310,0,29,-29
113900311,4,0,4
113900312,58,109,-51
113900313,27,9,18
114000001,1471,4447,-2976
114000002,99,623,-524
114000003,33,431,-398
114000004,214,553,-339
114000005,195,409,-214
114000006,7101,2792,4309
114000007,684,1907,-1223
114000008,2079,1110,969
114000009,207,179,28
114000011,2078,4252,-2174
114000012,1101,3760,-2659
114000013,935,2761,-1826
114000014,453,628,-175
114000015,767,780,-13
114000016,242,540,-298
114000017,106,269,-163
114000018,510,137,373
114000026,552,2392,-1840
114000027,1202,2676,-1474
114000028,1570,2102,-532
114000038,80,255,-175
114000039,68,178,-110
114000040,78,189,-111
114000042,64,274,-210
114000043,23,381,-358
114000044,70,100,-30
114000045,28,195,-167
114000046,4257,6066,-1809
114000047,10,105,-95
114000048,29,60,-31
114000049,1875,1325,550
114000050,2545,1295,1250
114000051,6294,1624,4670
114000052,3753,1125,2628
114000053,37,552,-515
114000054,46,2014,-1968
114000055,198,37,161
114000056,1459,616,843
114000057,10966,2869,8097
114000058,475,558,-83
114000059,243,187,56
114000060,352,1314,-962
114000061,3904,1229,2675
114000062,1981,737,1244
114000063,4689,1989,2700
114000064,10476,2449,8027
114000065,2224,2127,97
114000066,197,588,-391
114000067,44,329,-285
114000068,652,481,171
114000069,1078,490,588
114000070,2647,1365,1282
114000071,487,911,-424
114000072,105,582,-477
114000073,15,159,-144
114000074,9,45,-36
114000075,13,283,-270
114000076,14,244,-230
114000077,3,107,-104
114000078,102,2354,-2252
114000079,21,69,-48
114000080,74,123,-49
114000081,60,71,-11
114000082,53,871,-818
114000083,9,428,-419
114000084,66,115,-49
114000085,110,1100,-990
114000086,93,1030,-937
114000087,26,500,-474
114000088,15,77,-62
114000089,2188,682,1506
114000090,667,427,240
114000091,2647,398,2249
114000092,1494,322,1172
114000093,906,805,101
114000094,237,500,-263
114000095,58,70,-12
114000096,84,676,-592
114000097,54,1461,-1407
114000098,164,63,101
114000099,136,1373,-1237
114000100,416,1085,-669
114000101,223,1978,-1755
114000102,134,304,-170
114000103,112,695,-583
114000104,26,566,-540
114000105,19,57,-38
114000106,960,323,637
114000107,81,153,-72
114000108,2374,1552,822
114000109,188,359,-171
114000110,473,2305,-1832
114000111,619,383,236
114000112,138,1709,-1571
114000113,313,262,51
114000114,1183,1838,-655
114000115,715,477,238
114000116,218,618,-400
114000117,996,361,635
114000118,915,297,618
114000119,504,172,332
114000120,427,1141,-714
114000121,301,589,-288
114000122,268,281,-13
114000123,528,274,254
114000124,229,270,-41
114000125,720,2211,-1491
114000126,639,158,481
114000127,86,213,-127
114000128,514,628,-114
114000130,322,375,-53
114000131,78,45,33
114000132,808,1265,-457
114000133,1752,1868,-116
114000134,40,389,-349
114000138,88,235,-147
114000139,1162,87,1075
114000144,730,297,433
114000145,111,268,-157
114000146,93,572,-479
114000147,773,630,143
114000148,2365,1092,1273
114000149,405,177,228
114000150,1351,860,491
114000151,1036,682,354
114000152,188,14,174
114000153,1571,1411,160
114000154,1058,811,247
114000155,2045,1413,632
114000156,920,529,391
114000157,211,609,-398
114000158,2961,793,2168
114000159,259,426,-167
114000160,249,207,42
114000161,1896,978,918
114000162,1178,673,505
114000163,6,223,-217
114000165,200,160,40
114000166,821,206,615
114000167,6030,1417,4613
114000168,1102,855,247
114000169,2203,432,1771
114000170,1141,454,687
114000171,521,866,-345
114000174,331,488,-157
114000176,722,463,259
114000177,2388,1066,1322
114000178,28,63,-35
114000179,1148,569,579
114000180,306,708,-402
114000181,1773,1669,104
114000182,5905,2053,3852
114000183,1325,1072,253
114000184,8773,2238,6535
114000185,678,804,-126
114000189,264,29,235
114000190,1022,137,885
114000191,26,31,-5
114000192,361,1990,-1629
114000193,1238,4215,-2977
114000194,968,1542,-574
114000195,46,8,38
114000196,5,476,-471
114000197,454,31,423
114000198,1455,464,991
114000199,1962,1007,955
114000200,729,3637,-2908
114000201,81,1552,-1471
114000202,799,969,-170
114000203,325,938,-613
114000204,94,521,-427
114000205,314,2578,-2264
114000206,318,1428,-1110
114000207,585,3100,-2515
114000208,536,4356,-3820
114000209,760,4080,-3320
114000210,314,2298,-1984
114000211,604,1639,-1035
114000212,692,682,10
114000213,859,701,158
114000214,43,362,-319
114000215,93,66,27
114000216,569,174,395
114000217,53,400,-347
114000218,77,407,-330
114000219,469,329,140
114000220,8,1440,-1432
114000221,288,91,197
114000222,225,1423,-1198
114000223,224,46,178
114000224,139,849,-710
114000225,76,586,-510
114000226,67,261,-194
114000227,523,490,33
114000228,400,1062,-662
114000229,450,1529,-1079
114000230,1074,1936,-862
114000231,492,1364,-872
114000232,195,128,67
114000233,972,132,840
114000234,613,1234,-621
114000235,462,1802,-1340
114000236,2,640,-638
114000237,41,1571,-1530
114000238,28,159,-131
114000239,126,1820,-1694
114000240,542,652,-110
114000241,253,1315,-1062
114000242,894,1103,-209
114000243,687,753,-66
114000244,370,314,56
114000245,276,723,-447
114000246,107,49,58
114000247,425,854,-429
114000248,470,510,-40
114000249,328,557,-229
114000250,178,604,-426
114000251,129,383,-254
114000252,35,193,-158
114000253,24,335,-311
114000254,21,143,-122
114000255,594,206,388
114000256,1651,483,1168
114000257,634,2896,-2262
114000258,68,682,-614
114000259,32,463,-431
114000260,0,18,-18
114000261,16,14,2
114000262,64,293,-229
114000263,0,0,0
114000264,301,1016,-715
114000265,0,10,-10
114000267,5,1129,-1124
114000268,3,2761,-2758
114000270,53,8,45
114000271,199,135,64
114000283,355,516,-161
114000285,56,438,-382
114000288,38,454,-416
114000289,898,114,784
114000293,95,410,-315
114000294,161,393,-232
114000395,649,32,617
114000396,185,315,-130
114000402,151,416,-265
114000403,148,791,-643
114000405,73,829,-756
114000423,48,840,-792
114000424,215,325,-110
114000425,170,1062,-892
114000426,214,493,-279
114000427,32,167,-135
114000428,294,56,238
114000429,7,310,-303
114000432,28,130,-102
114000434,15,173,-158
114000435,6,302,-296
114900001,253,1941,-1688
114900002,343,71,272
114900003,220,3301,-3081
114900004,80,175,-95
114900005,172,1434,-1262
114900006,26,23,3
114900007,75,3,72
114900008,59,30,29
114900010,3343,2272,1071
114900011,61,81,-20
114900013,67,73,-6
114900015,32,146,-114
114900018,722,48,674
114900020,48,69,-21
114900021,54,64,-10
114900022,1,599,-598
114900024,58,197,-139
114900025,205,297,-92
114900026,8,71,-63
114900027,215,286,-71
114900029,4,15,-11
114900030,124,265,-141
114900031,38,14,24
114900032,63,36,27
114900033,1801,266,1535
114900034,49,385,-336
114900035,192,317,-125
114900036,229,1717,-1488
114900037,72,300,-228
114900038,161,1576,-1415
114900039,526,1123,-597
114900040,67,323,-256
114900041,228,993,-765
114900042,366,1185,-819
114900043,831,502,329
114900044,24,16,8
114900045,62,321,-259
114900046,71,174,-103
114900047,135,1126,-991
114900048,26,274,-248
114900049,19,343,-324
114900050,6,987,-981
114900051,33,693,-660
114900052,134,224,-90
114900053,120,263,-143
114900054,58,173,-115
114900057,126,0,126
114900058,0,93,-93
114900059,47,22,25
114900060,1999,355,1644
114900061,114,329,-215
114900062,446,391,55
114900063,61,417,-356
114900064,446,1153,-707
114900065,132,859,-727
114900067,21,502,-481
114900068,46,257,-211
114900069,334,260,74
114900070,177,926,-749
114900072,4,284,-280
114900073,1,260,-259
114900074,101,1299,-1198
114900075,93,2,91
114900076,2,588,-586
114900080,4304,562,3742
114900082,5025,1512,3513
114900083,523,834,-311
114900084,72,112,-40
114900090,156,111,45
114900091,81,274,-193
114900095,492,124,368
114900096,1048,666,382
114900097,22,1,21
114900098,1,246,-245
114900099,42,2,40
115000001,10605,8314,2291
115000002,2441,3051,-610
115000003,4166,6120,-1954
115000004,1733,4452,-2719
115000005,1225,3506,-2281
115000006,362,1374,-1012
115000007,26,184,-158
115000008,299,453,-154
115000009,95,361,-266
115000010,189,170,19
115000013,82,67,15
115000015,47,109,-62
115000016,258,174,84
115000019,14,348,-334
115000020,218,242,-24
115000021,299,401,-102
115000022,441,451,-10
115000023,203,245,-42
115000024,1195,604,591
115000025,588,389,199
115000026,211,441,-230
115000027,86,227,-141
115000028,135,693,-558
115000029,162,147,15
115000030,229,833,-604
115000031,550,309,241
115000032,5,247,-242
115000033,84,13,71
115000034,115,971,-856
115000035,765,34,731
115000036,1,459,-458
115000037,155,0,155
115000038,32,181,-149
115000039,2954,1635,1319
115000040,7856,2691,5165
115000041,1096,2285,-1189
115000042,1047,721,326
115000043,3085,2427,658
115000044,3854,5609,-1755
115000045,1712,3058,-1346
115000046,1129,2206,-1077
115000047,1003,2143,-1140
115000048,1265,3935,-2670
115000049,1325,3385,-2060
115000050,2241,1891,350
115000051,2251,1177,1074
115000052,4213,2159,2054
115000053,1187,914,273
115000054,1064,1773,-709
115000055,31,391,-360
115000056,96,260,-164
115000057,309,517,-208
115000058,186,111,75
115000059,169,422,-253
115000061,150,77,73
115000062,78,314,-236
115000063,105,400,-295
115000064,111,232,-121
115000065,10,213,-203
115000067,132,24,108
115000069,7,267,-260
115000070,25,790,-765
115000071,55,3,52
115000072,22,79,-57
115000073,1230,30,1200
115000075,30,57,-27
115000076,3577,4566,-989
115000077,1149,5526,-4377
115000078,475,2769,-2294
115000079,1075,3081,-2006
115000080,1306,3922,-2616
115000081,412,1143,-731
115000082,2424,3051,-627
115000083,1414,4800,-3386
115000084,692,1067,-375
115000085,330,1443,-1113
115000086,383,1249,-866
115000087,580,1846,-1266
115000088,1439,654,785
115000089,1868,1690,178
115000090,917,541,376
115000091,315,1755,-1440
115000092,304,261,43
115000093,345,2,343
115000094,9336,4372,4964
115000095,7706,4319,3387
115000096,434,2764,-2330
115000097,281,830,-549
115000098,477,975,-498
115000099,981,4220,-3239
115000100,467,608,-141
115000101,248,2002,-1754
115000102,242,184,58
115000103,397,1128,-731
115000105,41,307,-266
115000106,138,217,-79
115000107,101,869,-768
115000108,4765,3454,1311
115000109,6787,2040,4747
115000110,1389,642,747
115000111,840,1727,-887
115000112,719,414,305
115000113,989,993,-4
115000114,2120,893,1227
115000116,3645,1320,2325
115000117,4799,1618,3181
115000118,3016,1381,1635
115000119,2951,1795,1156
115000120,1014,567,447
115000121,1905,799,1106
115000122,4634,819,3815
115000123,2549,1122,1427
115000124,500,558,-58
115000125,304,633,-329
115000126,133,306,-173
115000127,244,188,56
115000128,1595,895,700
115000129,226,111,115
115000130,185,1909,-1724
115000131,221,322,-101
115000132,82,869,-787
115000133,128,448,-320
115000134,84,317,-233
115000135,47,330,-283
115000136,96,234,-138
115000137,67,267,-200
115000138,96,221,-125
115000139,130,364,-234
115000140,93,237,-144
115000141,75,470,-395
115000142,41,485,-444
115000143,174,546,-372
115000144,230,89,141
115000145,88,713,-625
115000146,197,241,-44
115000147,281,681,-400
115000148,302,2265,-1963
115000149,288,184,104
115000150,538,2068,-1530
115000151,469,476,-7
115000152,484,2793,-2309
115000153,302,426,-124
115000154,372,353,19
115000155,454,1681,-1227
115000156,722,528,194
115000157,1072,948,124
115000158,655,305,350
115000159,689,423,266
115000160,651,512,139
115000161,470,743,-273
115000162,618,486,132
115000163,751,654,97
115000164,526,516,10
115000165,260,318,-58
115000167,40,80,-40
115000168,597,379,218
115000169,599,470,129
115000170,53,153,-100
115000171,159,172,-13
115000172,2348,568,1780
115000173,157,246,-89
115000174,17,157,-140
115000175,23,94,-71
115000176,192,39,153
115000177,155,75,80
115000178,8,346,-338
115000179,18,23,-5
115000180,62,920,-858
115000181,216,150,66
115000182,363,522,-159
115000183,116,1310,-1194
115000186,382,302,80
115000187,101,812,-711
115000188,564,368,196
115000189,285,415,-130
115000190,759,273,486
115000191,437,455,-18
115000194,170,108,62
115000195,384,196,188
115000196,110,119,-9
115000197,119,588,-469
115000198,136,266,-130
115000199,123,484,-361
115000200,217,125,92
115000201,63,524,-461
115000206,137,82,55
115000207,26,471,-445
115000208,744,841,-97
115000209,247,158,89
115000210,69,83,-14
115000211,235,224,11
115000212,1524,372,1152
115000218,50,40,10
115000219,2,92,-90
115000224,48,71,-23
115000225,83,63,20
115000229,350,142,208
115000230,79,471,-392
115000231,318,3122,-2804
115000232,550,340,210
115000233,60,323,-263
115000234,10,243,-233
115000241,43,371,-328
115000242,34,313,-279
115000243,31,292,-261
115000244,0,142,-142
115000246,17,8,9
115000247,43,6,37
115000248,7,4,3
115000249,27,8,19
115000250,55,68,-13
115000251,71,178,-107
115000252,43,194,-151
115000253,7,170,-163
115000258,82,224,-142
115000259,264,139,125
115000261,2,33,-31
115000262,15,21,-6
115000263,2,42,-40
115000264,1,57,-56
115000267,23,77,-54
115000268,41,105,-64
115000269,60,80,-20
115000270,22,22,0
115000272,51,143,-92
115000273,164,21,143
115000274,88,426,-338
115000280,3122,85,3037
115000281,939,116,823
115000282,1861,343,1518
115000284,336,76,260
115000296,325,9,316
115000297,196,31,165
115000298,103,65,38
115000300,25,288,-263
115000302,125,277,-152
115000303,197,183,14
115000304,311,133,178
115000305,42,1409,-1367
115000306,96,727,-631
115000307,30,256,-226
115000308,28,10,18
115000310,503,1728,-1225
115000311,248,1671,-1423
115000313,112,1145,-1033
115000314,119,81,38
115000315,1663,216,1447
115000316,27,67,-40
115000317,150,777,-627
115000318,487,295,192
115000319,30,339,-309
115000320,6,175,-169
115000321,172,17,155
115000322,15,258,-243
115000449,484,92,392
115000557,20,273,-253
115000558,94,63,31
115000587,255,347,-92
115000588,2101,4757,-2656
115000589,2623,2680,-57
115000590,859,1765,-906
115000591,1716,633,1083
115000592,1068,1494,-426
115000593,1635,454,1181
115000594,1036,1348,-312
115000609,133,94,39
115000617,2127,967,1160
115000624,41,39,2
115000633,353,1987,-1634
115000634,2610,625,1985
115000635,202,172,30
115000638,1725,786,939
115000641,48,97,-49
115000642,466,208,258
115000643,69,714,-645
115000644,141,721,-580
115000646,647,926,-279
115000647,152,568,-416
115000648,596,2003,-1407
115000893,3737,782,2955
115000894,51,1549,-1498
115000895,198,1117,-919
115000896,639,274,365
115000897,474,69,405
115000898,1146,183,963
115000899,930,988,-58
115000900,108,379,-271
115000901,53,60,-7
115000912,150,60,90
115000913,1,51,-50
115000915,13,1,12
115000916,21,20,1
115000917,0,18,-18
115000918,95,211,-116
115000919,11,4,7
115000920,9,34,-25
115000921,1964,96,1868
115000922,684,312,372
115000923,324,652,-328
115000925,28,41,-13
115000927,9,19,-10
115000933,120,82,38
115900001,5,88,-83
115900002,163,306,-143
115900003,75,203,-128
115900004,0,42,-42
115900005,39,5,34
115900006,60,576,-516
115900008,7,15,-8
115900009,45,411,-366
115900010,100,295,-195
115900011,166,301,-135
115900012,15,176,-161
115900013,447,244,203
115900014,74,225,-151
115900015,37,178,-141
115900016,61,51,10
115900017,2,2,0
115900018,124,118,6
115900019,1779,49,1730
115900020,12,0,12
115900021,2381,165,2216
115900022,1944,15,1929
115900023,1,1,0
115900025,86,147,-61
115900026,1400,427,973
115900027,0,634,-634
115900028,773,79,694
115900029,6,740,-734
115900030,13,33,-20
115900031,324,102,222
115900032,327,771,-444
115900033,0,54,-54
115900034,15,788,-773
115900035,15,68,-53
115900036,154,153,1
115900037,25,783,-758
115900038,4,3,1
115900039,65,430,-365
115900041,201,239,-38
115900042,11,0,11
115900043,28,204,-176
115900044,151,185,-34
115900046,115,310,-195
115900047,37,24,13
115900049,73,241,-168
115900051,1,136,-135
115900052,9,453,-444
115900053,53,488,-435
115900054,22,70,-48
115900055,6,213,-207
115900056,97,584,-487
115900057,12,0,12
115900058,29,104,-75
115900060,34,178,-144
115900061,23,0,23
115900062,14,356,-342
115900063,26,14,12
115900064,154,253,-99
115900065,24,208,-184
115900066,189,259,-70
115900067,8,1002,-994
115900068,5273,87,5186
115900069,146,221,-75
115900070,56,327,-271
115900071,3,970,-967
115900072,107,340,-233
115900073,22,17,5
115900074,1,420,-419
115900075,34,485,-451
115900076,1,118,-117
115900077,9,444,-435
115900078,109,214,-105
115900079,59,10,49
115900080,446,188,258
115900081,4,86,-82
115900082,189,171,18
115900084,59,33,26
115900085,48,23,25
115900086,1944,553,1391
115900088,12,9,3
115900089,112,1002,-890
115900090,53,9,44
115900091,3,33,-30
115900092,12,388,-376
115900093,3,34,-31
115900094,6,646,-640
115900096,1,41,-40
115900097,5,870,-865
115900098,58,643,-585
115900099,9,100,-91
115900100,10,929,-919
115900101,38,627,-589
115900102,5,128,-123
115900103,110,329,-219
115900104,36,213,-177
115900105,41,1003,-962
115900106,11,19,-8
115900107,16,284,-268
115900108,24,61,-37
115900109,35,675,-640
115900110,0,9,-9
115900111,1,117,-116
115900112,33,1280,-1247
115900113,23,11,12
115900114,0,226,-226
115900115,20,183,-163
115900116,86,1603,-1517
115900117,13,18,-5
115900118,4,523,-519
115900119,22,130,-108
115900120,13,638,-625
115900121,61,418,-357
115900124,238,269,-31
115900125,121,15,106
115900126,237,45,192
115900127,302,24,278
115900128,4,72,-68
115900129,463,18,445
115900130,52,208,-156
115900131,153,8,145
115900132,75,5,70
115900134,79,6,73
115900135,675,423,252
115900137,9,0,9
115900139,209,78,131
115900140,56,13,43
115900141,27,79,-52
115900142,8,25,-17
115900143,49,240,-191
115900144,13,232,-219
115900146,4,202,-198
115900147,124,187,-63
115900148,0,25,-25
115900149,9,50,-41
115900150,12,83,-71
115900151,8,49,-41
115900152,18,540,-522
115900153,26,293,-267
115900154,572,347,225
115900155,0,93,-93
115900156,498,912,-414
115900157,39,540,-501
115900158,32,5,27
115900159,34,357,-323
115900160,12,6,6
115900161,18,355,-337
115900163,83,152,-69
115900164,101,50,51
115900165,1,119,-118
115900166,162,357,-195
115900168,19,239,-220
115900171,77,436,-359
115900172,25,200,-175
115900173,79,159,-80
115900174,289,219,70
115900175,72,154,-82
115900178,5,992,-987
115900179,54,7,47
115900180,22,464,-442
115900181,60,339,-279
115900182,93,366,-273
115900183,230,28,202
115900184,1703,21,1682
115900187,3,110,-107
115900189,0,93,-93
115900190,376,375,1
115900191,45,751,-706
115900192,4,58,-54
115900193,254,28,226
115900194,182,16,166
115900195,538,603,-65
115900198,205,256,-51
115900199,120,396,-276
115900200,533,424,109
115900201,134,277,-143
115900202,0,8,-8
115900203,2,2,0
115900204,0,0,0
115900205,37,3,34
115900206,34,180,-146
115900207,12,23,-11
115900208,42,446,-404
115900209,3,192,-189
115900210,3,240,-237
115900211,4,330,-326
115900212,50,419,-369
115900213,12,11,1
115900214,91,510,-419
115900215,11,19,-8
115900216,13,110,-97
115900217,1,103,-102
115900218,3,76,-73
115900219,4,3,1
115900220,29,13,16
115900221,5,8,-3
115900222,27,8,19
115900223,3,39,-36
115900224,2085,187,1898
115900225,65,7,58
115900226,6,59,-53
115900227,21,48,-27
115900228,1,44,-43
115900229,0,75,-75
115900230,51,102,-51
115900231,61,1,60
115900232,13,2,11
115900233,45,7,38
115900234,46,19,27
115900235,1,20,-19
115900236,18,21,-3
115900237,1,42,-41
115900238,2,13,-11
115900239,6,40,-34
115900240,7,74,-67
115900241,41,107,-66
115900242,211,176,35
115900243,7,20,-13
115900244,1,9,-8
115900245,0,29,-29
115900246,86,0,86
115900247,8,1,7
115900248,4,1,3
115900249,3,10,-7
115900250,4,21,-17
115900251,0,6,-6
115900252,0,4,-4
115900253,2,43,-41
115900254,14,25,-11
115900255,2,9,-7
115900256,6,3,3
115900257,1,2,-1
115900258,0,3,-3
115900259,0,1,-1
115900260,23,2,21
115900261,12,2,10
115900262,1,2,-1
115900263,3,1,2
115900264,5,0,5
115900265,2,8,-6
115900266,6,3,3
115900267,2,3,-1
115900268,3,7,-4
115900269,77,592,-515
115900270,107,1080,-973
116000001,23970,5402,18568
116000002,3494,4100,-606
116000003,1646,1972,-326
116000004,1085,1525,-440
116000005,2525,3024,-499
116000006,1210,1008,202
116000007,5174,4659,515
116000008,4560,1199,3361
116000009,1924,3168,-1244
116000010,973,742,231
116000011,751,2059,-1308
116000012,424,508,-84
116000013,21256,5283,15973
116000014,25422,4693,20729
116000015,643,531,112
116000016,10755,1502,9253
116000017,48,378,-330
116000018,743,475,268
116000019,491,225,266
116000020,365,1586,-1221
116000021,158,213,-55
116000022,180,571,-391
116000023,430,401,29
116000024,566,2118,-1552
116000025,394,397,-3
116000026,1209,2790,-1581
116000027,462,456,6
116000028,328,418,-90
116000029,1353,696,657
116000030,306,202,104
116000031,138,243,-105
116000032,76,328,-252
116000033,97,321,-224
116000034,396,550,-154
116000035,113,623,-510
116000036,2387,756,1631
116000037,543,332,211
116000038,497,239,258
116000039,637,480,157
116000040,1201,297,904
116000041,505,941,-436
116000042,344,221,123
116000043,113,535,-422
116000044,3,45,-42
116000045,988,878,110
116000046,1147,971,176
116000047,1715,1615,100
116000048,1668,1251,417
116000049,532,1559,-1027
116000050,857,1625,-768
116000051,1716,1366,350
116000052,2326,3480,-1154
116000053,885,999,-114
116000054,389,2852,-2463
116000055,261,1873,-1612
116000056,268,824,-556
116000057,3090,2755,335
116000058,3243,2136,1107
116000059,2428,2776,-348
116000060,3547,914,2633
116000061,234,972,-738
116000062,513,211,302
116000063,395,1371,-976
116000066,120,225,-105
116000067,233,673,-440
116000068,105,133,-28
116000069,172,665,-493
116000078,141,801,-660
116000080,898,1296,-398
116000082,4,212,-208
116000083,757,322,435
116000084,2151,4063,-1912
116000085,1460,808,652
116000086,2054,1374,680
116000087,721,786,-65
116000088,732,1508,-776
116000089,111,127,-16
116000090,105,163,-58
116000091,241,55,186
116000093,1232,686,546
116000094,320,930,-610
116000095,394,630,-236
116000096,479,1272,-793
116000097,271,950,-679
116000098,28,3567,-3539
116000099,10079,465,9614
116000100,39,14,25
116000101,275,2043,-1768
116000102,120,1409,-1289
116000103,296,246,50
116000104,91,1916,-1825
116000105,471,253,218
116000106,149,1372,-1223
116000107,918,624,294
116000108,16,161,-145
116000111,21,25,-4
116000113,94,67,27
116000114,19,176,-157
116000115,68,39,29
116000116,171,681,-510
116000117,747,1503,-756
116000118,728,1880,-1152
116000119,1376,1314,62
116000120,2300,5875,-3575
116000121,558,319,239
116000122,1183,3264,-2081
116000123,314,381,-67
116000124,259,1541,-1282
116000125,1085,450,635
116000126,257,1801,-1544
116000127,914,1988,-1074
116000128,832,635,197
116000129,356,206,150
116000130,126,176,-50
116000133,249,965,-716
116000134,924,3762,-2838
116000135,733,1315,-582
116000136,791,2665,-1874
116000137,353,573,-220
116000138,1975,494,1481
116000139,1719,2172,-453
116000140,95,328,-233
116000141,307,1300,-993
116000142,4420,4325,95
116000143,2127,1610,517
116000144,1017,3809,-2792
116000145,1103,1610,-507
116000146,191,477,-286
116000147,143,156,-13
116000148,169,375,-206
116000149,225,536,-311
116000151,365,1108,-743
116000153,43,435,-392
116000155,130,252,-122
116000156,1425,1252,173
116000157,14,21,-7
116000158,96,495,-399
116000159,7,6,1
116000160,8,190,-182
116000161,8,186,-178
116000162,83,33,50
116000163,7,8,-1
116000164,1,12,-11
116000177,40,116,-76
116000194,66,488,-422
116000195,960,637,323
116000196,4,5,-1
116000197,3,1,2
116000198,1516,882,634
116000200,815,226,589
116000201,462,754,-292
116000202,5,338,-333
116000203,2,111,-109
116000204,15,38,-23
116000205,0,207,-207
116000206,1,108,-107
116000207,0,26,-26
116000233,92,1049,-957
116000287,51,746,-695
116000288,31,271,-240
116000292,20,287,-267
116000296,5,160,-155
116000297,35,5,30
116000304,48,10,38
116000305,2,375,-373
116000346,67,256,-189
116000352,50,61,-11
116000354,30,16,14
116000357,1,3,-2
116000358,115,29,86
116000361,119,1,118
116000372,11357,1785,9572
116000381,44,0,44
116000388,2,46,-44
116000389,381,612,-231
116000445,125,944,-819
116000446,134,1217,-1083
116000447,11,436,-425
116000448,514,280,234
116000563,820,397,423
116000565,87,568,-481
116000568,31,101,-70
116000579,21,149,-128
116000584,2,6,-4
116000585,3,6,-3
116000586,243,103,140
116000587,72,410,-338
116000589,16,117,-101
116000590,48,65,-17
116000591,34,277,-243
116000592,9,233,-224
116000593,0,37,-37
116000594,215,935,-720
116000595,296,309,-13
116000596,16,5,11
116000597,83,47,36
116000598,12,320,-308
116000602,136,163,-27
116000605,129,191,-62
116000606,13,99,-86
116000607,0,80,-80
116000609,248,479,-231
116000611,47,734,-687
116000612,424,1818,-1394
116000613,160,348,-188
116000614,431,1113,-682
116000615,44,118,-74
116000616,25,160,-135
116000617,18,132,-114
116000618,1,259,-258
116000619,6,44,-38
116000620,19,40,-21
116000621,9,46,-37
116000622,13,118,-105
116000624,17,64,-47
116000628,1,158,-157
116000629,1,195,-194
116000630,18,0,18
116000631,3,1,2
116000632,61,316,-255
116000633,1,315,-314
116000634,26,0,26
116900001,96,142,-46
116900002,250,4,246
116900003,4,104,-100
116900004,13,25,-12
116900005,79,55,24
116900006,130,198,-68
116900007,56,235,-179
116900008,156,639,-483
116900009,13,4,9
116900010,4,2718,-2714
116900011,26,63,-37
116900012,114,262,-148
116900013,16,364,-348
116900014,22,511,-489
116900015,79,79,0
116900016,52,1,51
116900017,3,1066,-1063
116900018,28,20,8
116900019,7,548,-541
116900020,1477,152,1325
116900023,44,9,35
116900024,98,103,-5
116900025,287,1459,-1172
116900026,221,910,-689
116900027,11,52,-41
116900028,6,177,-171
116900029,17,6,11
116900031,0,3,-3
116900032,5,514,-509
116900033,0,14,-14
116900034,4,70,-66
116900035,67,216,-149
116900036,2,108,-106
116900038,17,1,16
116900041,24,16,8
116900042,1130,201,929
116900043,5,63,-58
116900045,234,27,207
116900047,86,22,64
116900049,54,219,-165
116900050,69,386,-317
116900051,17,367,-350
116900052,144,64,80
116900055,0,4,-4
116900057,18,370,-352
116900058,26,451,-425
116900059,3,249,-246
116900060,132,302,-170
116900062,1,1,0
116900064,51,1248,-1197
116900065,11,107,-96
116900067,46,176,-130
116900068,74,632,-558
116900070,0,4,-4
116900072,3,705,-702
116900073,5,241,-236
116900074,0,67,-67
116900076,3,22,-19
116900077,5,287,-282
116900078,267,176,91
116900079,15,476,-461
116900080,4,28,-24
116900081,202,1759,-1557
116900082,160,1304,-1144
116900083,48,87,-39
116900084,161,49,112
116900085,20,189,-169
116900086,17,274,-257
116900088,484,54,430
116900090,170,88,82
116900091,95,125,-30
116900092,41,918,-877
116900093,2215,1471,744
116900094,9314,1744,7570
116900095,117,210,-93
116900096,89,82,7
116900097,3841,1113,2728
116900098,1165,131,1034
116900099,457,275,182
116900100,329,16,313
116900101,192,957,-765
116900103,0,1,-1
116900104,28,75,-47
116900105,149,28,121
116900106,479,426,53
116900107,5443,962,4481
116900110,2,0,2
116900111,139,1830,-1691
116900112,78,1125,-1047
116900113,3829,635,3194
116900116,98,182,-84
116900117,16,88,-72
116900118,1227,489,738
116900120,79,136,-57
116900121,13,62,-49
116900122,236,1300,-1064
116900123,70,1174,-1104
116900124,62,974,-912
116900125,142,313,-171
116900126,268,517,-249
116900128,0,38,-38
116900129,8,562,-554
116900130,1566,2153,-587
116900131,51,137,-86
116900132,11,62,-51
116900133,35,171,-136
116900134,132,243,-111
116900136,202,133,69
116900137,194,234,-40
116900138,79,289,-210
116900139,62,467,-405
116900140,129,203,-74
116900141,308,394,-86
116900142,0,12,-12
116900143,153,893,-740
116900144,13,27,-14
116900145,49,543,-494
116900147,522,316,206
116900148,2,30,-28
116900149,19,105,-86
116900150,8,4,4
116900151,22,11,11
116900153,66,56,10
116900154,382,151,231
116900155,26,37,-11
116900157,151,331,-180
116900158,20,59,-39
116900159,19,164,-145
116900160,363,208,155
116900161,12555,3123,9432
116900162,2,200,-198
116900163,48,183,-135
116900164,25,16,9
116900165,49,72,-23
116900166,8,153,-145
116900167,123,71,52
116900168,62,142,-80
116900169,560,136,424
116900170,99,177,-78
116900171,14,349,-335
116900172,167,47,120
116900173,52,90,-38
116900174,6,8,-2
116900175,100,65,35
116900178,10,290,-280
116900179,56,58,-2
116900180,24,52,-28
116900182,241,255,-14
116900183,72,72,0
116900185,3,14,-11
116900186,54,591,-537
116900187,3,8,-5
116900188,41,16,25
116900189,10,0,10
116900191,222,418,-196
116900192,160,201,-41
116900194,21,318,-297
116900195,12,11,1
116900196,14,203,-189
116900197,27,4,23
116900198,472,85,387
116900200,3,56,-53
116900201,17,1,16
116900202,103,76,27
116900203,50,2,48
116900204,23,50,-27
116900206,1,47,-46
116900207,4,52,-48
116900208,4,194,-190
116900209,5,175,-170
116900210,216,206,10
116900211,228,23,205
116900212,3,98,-95
116900213,93,250,-157
116900214,32,151,-119
116900215,47,119,-72
116900216,136,522,-386
116900218,23,557,-534
116900219,851,471,380
116900220,69,248,-179
116900221,32,277,-245
116900222,283,403,-120
116900223,55,187,-132
116900226,25,107,-82
116900227,67,70,-3
116900228,128,383,-255
116900230,40,456,-416
116900231,4,620,-616
116900232,8,587,-579
116900233,76,122,-46
116900234,8,7,1
116900235,64,526,-462
116900238,1633,352,1281
116900239,30,624,-594
116900240,6998,1723,5275
116900241,24,220,-196
116900242,557,141,416
116900243,7,213,-206
116900245,8,31,-23
116900246,22,1,21
116900247,145,15,130
116900248,34,24,10
116900249,80,157,-77
116900250,58,59,-1
116900251,476,129,347
116900252,25,1344,-1319
116900253,21,66,-45
116900254,2,131,-129
116900255,135,32,103
116900256,128,105,23
116900257,15,870,-855
116900258,4,576,-572
116900259,30,5,25
116900260,0,198,-198
116900261,7,0,7
116900262,40,143,-103
116900263,0,9,-9
116900264,0,1,-1
116900265,4,2,2
116900266,6,70,-64
116900267,17,3,14
116900268,7,15,-8
116900269,273,662,-389
116900271,4291,74,4217
116900272,517,820,-303
116900273,227,27,200
116900274,30,69,-39
116900275,45,222,-177
116900276,406,51,355
116900277,844,11,833
116900278,0,26,-26
116900279,0,44,-44
116900280,2,27,-25
116900281,10539,1535,9004
116900282,2,160,-158
116900283,14,116,-102
116900284,27,268,-241
116900285,344,123,221
116900286,225,6,219
116900287,4,141,-137
116900288,17,164,-147
116900289,2,39,-37
116900290,0,67,-67
116900291,2,10,-8
116900292,0,1,-1
116900293,11,151,-140
116900294,24,123,-99
116900295,64,23,41
116900296,16,13,3
116900297,1,19,-18
116900298,28,18,10
116900299,23,61,-38
116900300,97,235,-138
116900301,48,50,-2
116900302,634,184,450
116900303,446,37,409
116900304,0,88,-88
116900305,4,27,-23
116900306,15,207,-192
117000001,961,1150,-189
117000002,1218,5163,-3945
117000003,4642,2514,2128
117000004,4487,5244,-757
117000005,784,1117,-333
117000006,857,4514,-3657
117000007,1807,1035,772
117000008,1249,4811,-3562
117000009,3845,1068,2777
117000010,2698,4662,-1964
117000011,901,1738,-837
117000012,952,2159,-1207
117000013,599,1196,-597
117000014,513,2678,-2165
117000015,2823,1301,1522
117000016,242,60,182
117000017,221,165,56
117000018,98,301,-203
117000019,137,4,133
117000020,802,891,-89
117000021,3697,269,3428
117000022,393,52,341
117000023,470,87,383
117000024,475,89,386
117000025,714,835,-121
117000026,1964,720,1244
117000027,1372,449,923
117000028,755,247,508
117000030,220,160,60
117000032,1878,1451,427
117000033,1242,1298,-56
117000034,95,101,-6
117000036,127,135,-8
117000038,106,231,-125
117000039,28,215,-187
117000040,119,1790,-1671
117000041,568,119,449
117000044,20,1468,-1448
117000045,164,40,124
117000046,352,814,-462
117000047,229,566,-337
117000048,2211,1795,416
117000049,138,515,-377
117000050,87,3847,-3760
117000051,1167,170,997
117000052,26,992,-966
117000053,85,79,6
117000054,1120,2,1118
117000055,13,4876,-4863
117000056,431,16,415
117000057,686,2192,-1506
117000060,368,2945,-2577
117000061,849,684,165
117000062,155,603,-448
117000063,772,561,211
117000064,981,848,133
117000066,1586,737,849
117000067,105,265,-160
117000074,194,101,93
117000076,211,51,160
117000077,159,58,101
117000078,62,571,-509
117000079,201,151,50
117000080,2,402,-400
117000081,353,100,253
117000082,3,52,-49
117000083,38,6,32
117000084,230,3,227
117000085,120,379,-259
117000086,1128,842,286
117000087,73,440,-367
117000088,187,166,21
117000089,928,391,537
117000090,138,2105,-1967
117000091,327,372,-45
117000092,241,2590,-2349
117000093,472,707,-235
117000094,494,3371,-2877
117000095,1204,807,397
117000096,446,3545,-3099
117000097,599,1134,-535
117000098,2984,7631,-4647
117000099,1357,696,661
117000100,90,112,-22
117000101,195,1746,-1551
117000102,805,462,343
117000103,887,2437,-1550
117000104,664,464,200
117000105,659,2695,-2036
117000106,466,724,-258
117000107,400,3526,-3126
117000108,532,709,-177
117000109,2022,4026,-2004
117000110,773,519,254
117000111,3053,4990,-1937
117000112,1868,2139,-271
117000113,110,585,-475
117000114,77,117,-40
117000115,56,248,-192
117000116,43,257,-214
117000117,1697,426,1271
117000118,149,158,-9
117000119,110,21,89
117000120,187,47,140
117000121,86,244,-158
117000122,555,689,-134
117000123,1525,17,1508
117000124,262,37,225
117000125,321,69,252
117000126,54,52,2
117000127,131,411,-280
117000128,457,595,-138
117000129,312,39,273
117000130,61,2,59
117000131,0,26,-26
117000132,994,50,944
117000133,614,165,449
117000134,1,80,-79
117000135,6,37,-31
117000136,3,82,-79
117000137,27,29,-2
117000138,2,593,-591
117000140,348,2546,-2198
117000141,777,504,273
117000181,1387,339,1048
117000182,140,130,10
117000195,162,1716,-1554
117000196,65,38,27
117000225,81,0,81
117000226,8,97,-89
117000276,91,4,87
117000277,1,698,-697
117000310,2240,2597,-357
117000315,34,337,-303
117000320,44,1,43
117000906,58,8,50
117000907,2,566,-564
117000908,54,17,37
117000909,61,41,20
117000910,165,110,55
117000911,113,227,-114
117000915,8,936,-928
117000916,9,4,5
117000917,353,25,328
117000918,22,29,-7
117000919,12,200,-188
117000920,9,2502,-2493
117000921,11,3265,-3254
117000922,45,102,-57
117000924,405,571,-166
117000926,1824,93,1731
117000927,915,229,686
117000928,0,397,-397
117000929,112,683,-571
117000930,33,20,13
117000931,549,52,497
117900002,137,342,-205
117900003,1113,192,921
117900005,4,5,-1
117900006,0,53,-53
117900007,77,218,-141
117900008,1,50,-49
117900010,79,214,-135
117900011,19,8,11
117900012,32,248,-216
117900013,4,456,-452
117900014,88,322,-234
117900015,9,249,-240
117900016,1333,316,1017
117900017,150,634,-484
117900018,166,17,149
117900019,136,704,-568
117900020,60,144,-84
117900021,18,192,-174
117900022,11,17,-6
117900023,710,51,659
117900024,46,309,-263
117900025,32,25,7
117900026,143,572,-429
117900028,19,2,17
117900029,98,1369,-1271
117900030,113,213,-100
117900031,65,50,15
117900032,457,189,268
117900033,79,1299,-1220
117900034,18,43,-25
117900035,52,45,7
117900036,122,1096,-974
117900037,26,115,-89
117900038,17,633,-616
117900039,2,124,-122
117900040,112,901,-789
117900041,4,78,-74
117900042,5762,497,5265
117900043,26,39,-13
117900044,207,1122,-915
117900045,94,54,40
117900048,101,406,-305
117900049,65,794,-729
117900050,19,43,-24
117900051,22,6,16
117900052,33,266,-233
117900053,572,871,-299
117900054,1,17,-16
117900055,121,77,44
117900056,254,15,239
117900057,868,1496,-628
117900058,423,199,224
117900059,367,66,301
117900060,392,6964,-6572
117900061,10,101,-91
117900063,103,262,-159
117900065,689,1307,-618
117900066,7,40,-33
117900067,201,425,-224
117900069,246,587,-341
117900070,132,8,124
117900071,37,141,-104
117900073,147,445,-298
117900074,101,5,96
117900075,18,127,-109
117900076,3,66,-63
117900077,186,131,55
117900078,172,289,-117
117900080,77,66,11
117900081,602,440,162
117900082,154,144,10
117900083,130,989,-859
117900086,37,58,-21
117900087,50,74,-24
117900088,3200,1705,1495
117900089,975,244,731
117900090,127,1064,-937
117900091,152,137,15
117900092,11,76,-65
117900093,25,94,-69
117900094,12,3,9
117900095,59,735,-676
117900096,35,313,-278
117900097,97,74,23
117900098,9,1,8
117900099,50,627,-577
117900100,31,0,31
117900101,428,894,-466
117900102,18,58,-40
117900103,7,0,7
117900104,4,187,-183
117900105,144,178,-34
117900106,47,66,-19
117900107,6,0,6
117900109,159,357,-198
117900110,13,0,13
117900111,175,3,172
117900112,35,26,9
117900113,4686,1537,3149
117900114,4,0,4
117900115,104,23,81
117900116,891,761,130
117900117,304,611,-307
117900118,20,0,20
117900119,39,451,-412
117900120,134,159,-25
117900121,13,51,-38
117900122,1152,1223,-71
117900123,421,1158,-737
117900124,624,650,-26
117900125,1096,713,383
117900126,284,648,-364
117900127,184,734,-550
117900128,123,1328,-1205
117900129,23,1,22
117900130,716,369,347
117900131,1,143,-142
117900132,10,124,-114
117900133,5,219,-214
117900134,50,260,-210
117900135,16,327,-311
117900136,0,74,-74
117900137,27,506,-479
117900138,1,60,-59
117900139,25,165,-140
117900140,6052,198,5854
117900141,170,269,-99
117900142,23,17,6
117900144,49,82,-33
117900145,34,2,32
117900146,61,77,-16
117900147,20,76,-56
117900148,2870,969,1901
117900149,16,230,-214
117900150,18,254,-236
117900151,10,225,-215
117900152,80,121,-41
117900153,4,133,-129
117900154,188,669,-481
117900156,697,529,168
117900157,23,441,-418
117900158,72,73,-1
117900160,246,316,-70
117900161,2901,2649,252
117900162,101,336,-235
117900163,75,11,64
117900165,0,9,-9
117900166,111,165,-54
117900168,60,174,-114
117900169,6,158,-152
117900170,0,63,-63
117900171,0,21,-21
117900172,3,71,-68
117900173,214,44,170
117900174,32,46,-14
117900175,0,40,-40
117900176,15,86,-71
117900177,11,73,-62
117900178,70,34,36
117900180,303,29,274
117900181,228,134,94
117900182,1,27,-26
117900183,14,177,-163
117900184,3,49,-46
117900185,9,21,-12
117900186,19,18,1
117900187,18,9,9
117900188,226,8,218
117900189,40,6,34
117900190,2,0,2
117900191,23,0,23
117900192,51,0,51
117900193,20,41,-21
117900194,0,6,-6
117900195,2,20,-18
117900196,5,36,-31
117900207,97,52,45
117900208,17,55,-38
117900209,94,142,-48
117900210,140,152,-12
117900211,8,232,-224
117900212,71,171,-100
117900213,6,9,-3
117900214,3,46,-43
117900216,0,19,-19
117900217,71,93,-22
117900218,123,168,-45
117900219,0,44,-44
117900220,35,44,-9
117900221,13,5,8
118000001,529,339,190
118000002,1433,2006,-573
118000003,1127,800,327
118000004,2583,2254,329
118000005,5858,1340,4518
118000006,9724,6155,3569
118000007,6344,1829,4515
118000008,5252,2804,2448
118000009,2161,4305,-2144
118000010,5938,4889,1049
118000011,700,4378,-3678
118000012,973,3928,-2955
118000013,4612,3815,797
118000014,2395,4071,-1676
118000016,241,711,-470
118000017,163,398,-235
118000018,230,919,-689
118000019,1797,1291,506
118000020,1268,1236,32
118000021,751,1577,-826
118000022,2263,641,1622
118000023,1157,273,884
118000024,1546,633,913
118000025,1230,582,648
118000027,17488,3941,13547
118000029,1417,451,966
118000032,1619,1219,400
118000033,2806,1985,821
118000034,5646,1963,3683
118000035,1515,1390,125
118000036,1032,1107,-75
118000037,484,1019,-535
118000038,88,145,-57
118000039,82,404,-322
118000040,1382,2986,-1604
118000041,1478,1634,-156
118000045,779,103,676
118000046,1615,511,1104
118000047,1852,478,1374
118000048,3702,950,2752
118000051,2515,595,1920
118000052,1636,488,1148
118000053,272,369,-97
118000054,1828,1107,721
118000055,1269,1240,29
118000056,211,240,-29
118000057,223,281,-58
118000058,3122,1012,2110
118000059,1779,752,1027
118000060,470,1110,-640
118000061,715,1307,-592
118000062,371,257,114
118000063,224,467,-243
118000064,881,1289,-408
118000065,6320,1355,4965
118000066,753,901,-148
118000067,1604,959,645
118000068,1843,2675,-832
118000069,3544,1493,2051
118000070,9952,1513,8439
118000071,4421,3915,506
118000072,1997,915,1082
118000073,2724,353,2371
118000074,276,349,-73
118000075,652,340,312
118000076,942,928,14
118000077,1374,1061,313
118000078,1686,1900,-214
118000079,350,509,-159
118000080,1127,906,221
118000081,1117,1144,-27
118000082,356,643,-287
118000083,3256,1055,2201
118000084,2805,1777,1028
118000086,106,732,-626
118000087,7319,2487,4832
118000088,2093,2033,60
118000089,4686,2393,2293
118000090,2578,1994,584
118000091,2258,1672,586
118000092,1528,372,1156
118000093,170,592,-422
118000096,413,495,-82
118000097,517,459,58
118000098,144,236,-92
118000099,230,1331,-1101
118000101,493,443,50
118000102,258,2064,-1806
118000107,4557,455,4102
118000108,403,587,-184
118000110,0,23,-23
118000111,2,924,-922
118000112,85,0,85
118000113,7,1452,-1445
118000114,64,1,63
118000115,11,5,6
118000116,9,0,9
118000117,1112,908,204
118000118,571,753,-182
118000119,637,1533,-896
118000120,1418,1763,-345
118000121,42,460,-418
118000122,611,108,503
118000123,26,253,-227
118000125,1768,1414,354
118000126,361,1961,-1600
118000127,1465,639,826
118000128,802,1309,-507
118000129,454,215,239
118000130,3860,5871,-2011
118000131,458,1375,-917
118000132,2217,1580,637
118000133,279,498,-219
118000135,305,426,-121
118000136,70,604,-534
118000137,405,56,349
118000138,225,1308,-1083
118000139,136,107,29
118000140,2151,2711,-560
118000141,1429,2346,-917
118000142,917,2696,-1779
118000143,749,793,-44
118000144,1972,1233,739
118000145,1294,3927,-2633
118000146,880,2039,-1159
118000147,614,2475,-1861
118000148,235,1500,-1265
118000149,607,1122,-515
118000150,187,147,40
118000151,121,479,-358
118000153,465,1324,-859
118000154,495,1822,-1327
118000155,501,1339,-838
118000156,2581,2211,370
118000157,361,338,23
118000158,84,586,-502
118000159,13,75,-62
118000160,246,589,-343
118000161,257,1499,-1242
118000162,1032,845,187
118000163,316,818,-502
118000164,2184,1572,612
118000168,2495,234,2261
118000169,1180,2359,-1179
118000170,4436,9293,-4857
118000171,140,789,-649
118000172,85,332,-247
118000173,714,1283,-569
118000175,174,350,-176
118000176,128,431,-303
118000177,205,484,-279
118000178,49,39,10
118000179,2191,478,1713
118000180,692,890,-198
118000181,619,530,89
118000182,169,364,-195
118000183,182,186,-4
118000184,331,1646,-1315
118000185,1061,727,334
118000186,533,821,-288
118000187,472,1399,-927
118000188,226,292,-66
118000189,225,1076,-851
118000190,3,16,-13
118000191,19,48,-29
118000192,40,127,-87
118000193,48,237,-189
118000194,1952,1088,864
118000195,803,479,324
118000196,446,71,375
118000197,171,88,83
118000198,680,285,395
118000199,349,226,123
118000200,43,220,-177
118000201,388,343,45
118000202,10,56,-46
118000203,1503,345,1158
118000204,174,186,-12
118000205,295,283,12
118000206,115,187,-72
118000207,0,137,-137
118000208,1017,1858,-841
118000209,1210,2377,-1167
118000210,15,34,-19
118000211,3,29,-26
118000213,818,601,217
118000214,649,267,382
118000215,198,370,-172
118000216,1138,3587,-2449
118000217,49,187,-138
118000218,37,135,-98
118000219,486,366,120
118000220,0,12,-12
118000221,44,244,-200
118000222,73,21,52
118000223,7,26,-19
118000224,273,211,62
118000225,85,1119,-1034
118000226,306,90,216
118000227,1273,403,870
118000228,245,110,135
118000229,130,9,121
118000230,35,376,-341
118000231,16,228,-212
118000232,482,1337,-855
118000233,448,991,-543
118000234,126,498,-372
118000236,219,613,-394
118000237,20,940,-920
118000238,51,512,-461
118000239,244,275,-31
118000240,716,101,615
118000241,69,386,-317
118000242,381,926,-545
118000243,52,221,-169
118000244,7,227,-220
118000246,1,13,-12
118000255,25,245,-220
118000256,46,254,-208
118000259,1,79,-78
118000260,106,113,-7
118000261,10,192,-182
118000263,65,252,-187
118000266,134,657,-523
118000267,0,126,-126
118000268,112,4,108
118000270,42,49,-7
118000271,59,399,-340
118000272,54,48,6
118000273,36,99,-63
118000274,73,476,-403
118000276,175,359,-184
118000295,1,46,-45
118000298,124,539,-415
118000299,39,297,-258
118000301,0,80,-80
118000302,52,118,-66
118000311,106,165,-59
118000312,105,251,-146
118000313,25,270,-245
118000314,39,109,-70
118000315,27,49,-22
118000316,374,615,-241
118000325,14,131,-117
118000326,12,71,-59
118000331,6,117,-111
118000332,7,74,-67
118000333,5,96,-91
118000335,34,0,34
118000336,3,593,-590
118000407,32,86,-54
118000457,9,53,-44
118000465,3973,2220,1753
118000480,7,211,-204
118000489,24,90,-66
118000490,38,589,-551
118000492,100,265,-165
118000510,73,36,37
118000514,107,420,-313
118000515,407,277,130
118000517,426,203,223
118000524,691,128,563
118000525,980,1065,-85
118000530,48,132,-84
118000531,97,254,-157
118000532,147,457,-310
118000533,196,201,-5
118000534,308,580,-272
118000535,74,137,-63
118000536,784,263,521
118000537,27,75,-48
118000538,31,131,-100
118000539,11,91,-80
118000540,267,381,-114
118000541,109,118,-9
118000542,57,171,-114
118000543,125,225,-100
118000546,14,32,-18
118000560,4381,527,3854
118000562,22,488,-466
118000563,2193,1568,625
118000576,43,323,-280
118000577,134,126,8
118000578,108,105,3
118000579,781,949,-168
118000595,72,115,-43
118000596,0,81,-81
118000597,42,213,-171
118000598,0,1,-1
118000599,13,51,-38
118000600,4,43,-39
118000601,1,0,1
118000602,0,33,-33
118000603,0,15,-15
118900001,1870,558,1312
118900002,1393,541,852
118900003,99,38,61
118900004,18,86,-68
118900005,47,2,45
118900006,14,1,13
118900007,4,2,2
118900008,857,40,817
118900009,12,17,-5
118900010,12,1,11
118900011,104,19,85
118900012,242,255,-13
118900013,666,32,634
118900015,70,28,42
118900016,1,23,-22
118900017,67,86,-19
118900018,1748,13,1735
118900019,30,3,27
118900020,90,128,-38
118900021,56,385,-329
118900022,62,104,-42
118900023,40,125,-85
118900024,16,272,-256
118900025,16,17,-1
118900026,31,122,-91
118900027,353,229,124
118900028,36,207,-171
118900029,84,555,-471
118900030,56,68,-12
118900031,63,173,-110
118900032,67,221,-154
118900033,203,871,-668
118900034,21,8,13
118900035,86,377,-291
118900036,477,709,-232
118900037,197,375,-178
118900038,196,470,-274
118900039,124,344,-220
118900040,101,162,-61
118900041,104,197,-93
118900042,73,95,-22
118900045,145,134,11
118900046,703,100,603
118900047,874,168,706
118900048,33,122,-89
118900049,41,39,2
118900050,1,209,-208
118900051,18,43,-25
118900052,155,247,-92
118900053,16,69,-53
118900054,34,66,-32
118900055,25,129,-104
118900056,14,62,-48
118900057,101,221,-120
118900058,161,502,-341
118900059,6,62,-56
118900060,25,154,-129
118900062,83,238,-155
118900064,676,226,450
118900065,19,118,-99
118900066,42,109,-67
118900067,9751,2648,7103
118900068,1,104,-103
118900069,111,280,-169
118900071,6,35,-29
118900072,192,480,-288
118900073,24,95,-71
118900074,46,106,-60
118900075,14,85,-71
118900076,101,50,51
118900077,107,169,-62
118900078,14,3,11
118900079,63,200,-137
118900080,9,76,-67
118900081,33,15,18
118900082,238,159,79
118900083,0,19,-19
118900084,3,15,-12
118900085,378,994,-616
118900086,9,27,-18
118900087,25,113,-88
118900088,0,21,-21
118900089,14,20,-6
118900090,304,556,-252
118900091,167,93,74
118900092,67,142,-75
118900093,102,9,93
118900096,39,9,30
118900097,141,1135,-994
118900099,28,331,-303
118900100,102,212,-110
118900101,20,1069,-1049
118900102,26,69,-43
118900103,40,41,-1
118900104,57,251,-194
118900105,166,121,45
118900107,227,130,97
118900108,66,141,-75
118900109,793,60,733
118900110,2052,234,1818
118900111,157,722,-565
118900112,27,78,-51
118900113,27,995,-968
118900114,13,127,-114
118900115,89,410,-321
118900116,46,206,-160
118900117,46,280,-234
118900118,125,730,-605
118900119,80,419,-339
118900120,86,414,-328
118900121,3,362,-359
118900122,20,334,-314
118900123,93,229,-136
118900124,33,198,-165
118900126,5,228,-223
118900129,113,148,-35
118900130,4,38,-34
118900131,56,404,-348
118900132,140,181,-41
118900133,8,48,-40
118900135,88,307,-219
118900136,159,1107,-948
118900137,1,11,-10
118900139,57,778,-721
118900140,316,1240,-924
118900141,40,451,-411
118900144,62,934,-872
118900145,30,264,-234
118900146,178,995,-817
118900147,50,62,-12
118900148,16,115,-99
118900150,67,215,-148
118900152,195,1115,-920
118900157,55,103,-48
118900158,24,115,-91
118900159,0,244,-244
118900161,45,7,38
118900163,244,77,167
118900164,1,167,-166
118900165,35,614,-579
118900166,39,1,38
118900167,24,283,-259
118900168,3,45,-42
118900169,39,721,-682
118900170,38,123,-85
118900171,6,18,-12
118900174,18,121,-103
118900175,97,378,-281
118900176,29,166,-137
118900177,6,47,-41
118900178,9,159,-150
118900179,1,58,-57
118900181,60,138,-78
118900182,140,56,84
118900183,5,38,-33
118900184,109,54,55
118900185,24,111,-87
118900186,43,97,-54
118900187,98,321,-223
118900188,200,312,-112
118900189,11,338,-327
118900190,21,785,-764
118900191,59,49,10
118900192,83,54,29
118900193,75,18,57
118900195,399,1164,-765
118900196,11,193,-182
118900197,33,112,-79
118900198,8,55,-47
118900199,13,80,-67
118900200,5,4,1
118900201,5,9,-4
118900202,8,55,-47
118900203,4,49,-45
118900204,2,41,-39
118900205,4,14,-10
118900206,1,45,-44
119000001,853,947,-94
119000002,3742,2692,1050
119000003,1309,2068,-759
119000004,1665,1408,257
119000005,1113,1564,-451
119000006,1098,1560,-462
119000007,2409,3136,-727
119000008,1461,2833,-1372
119000009,5669,2358,3311
119000010,14750,4520,10230
119000011,9004,1787,7217
119000012,9408,3253,6155
119000013,3163,1346,1817
119000014,3008,4195,-1187
119000019,216,239,-23
119000020,889,1553,-664
119000021,2304,2187,117
119000022,4974,1383,3591
119000023,297,184,113
119000024,3480,5299,-1819
119000025,18820,1575,17245
119000026,426,238,188
119000027,1178,481,697
119000028,2265,1623,642
119000029,240,303,-63
119000030,345,1367,-1022
119000031,489,782,-293
119000032,3121,2650,471
119000033,1862,2059,-197
119000034,864,1453,-589
119000035,36,552,-516
119000036,623,1569,-946
119000037,752,3488,-2736
119000038,67,1682,-1615
119000039,81,419,-338
119000040,1281,480,801
119000041,1106,1009,97
119000048,4972,5459,-487
119000049,1135,5003,-3868
119000050,1566,2837,-1271
119000051,1561,1179,382
119000052,2528,3352,-824
119000053,1954,1459,495
119000054,2141,4998,-2857
119000055,1739,4438,-2699
119000056,1468,2393,-925
119000057,1246,3522,-2276
119000058,1511,3114,-1603
119000059,903,2117,-1214
119000060,891,914,-23
119000061,855,1107,-252
119000062,997,1766,-769
119000063,153,257,-104
119000064,1150,1802,-652
119000065,2048,5035,-2987
119000066,1617,1228,389
119000067,1762,3588,-1826
119000068,980,1341,-361
119000069,970,3506,-2536
119000070,1356,1504,-148
119000071,571,1130,-559
119000072,7939,4818,3121
119000073,6607,6169,438
119000074,558,4950,-4392
119000075,551,3273,-2722
119000076,674,1043,-369
119000077,954,763,191
119000078,262,406,-144
119000079,102,922,-820
119000080,94,379,-285
119000081,364,595,-231
119000082,665,350,315
119000083,213,402,-189
119000084,233,886,-653
119000085,711,459,252
119000086,240,601,-361
119000087,1643,1420,223
119000088,262,289,-27
119000089,54,191,-137
119000090,169,158,11
119000091,162,361,-199
119000092,890,260,630
119000093,4522,4991,-469
119000094,1525,5342,-3817
119000095,1018,3853,-2835
119000097,4811,2059,2752
119000098,609,1347,-738
119000099,2334,2341,-7
119000100,1912,2326,-414
119000101,3996,3304,692
119000102,852,662,190
119000103,1801,606,1195
119000104,4146,1976,2170
119000105,497,726,-229
119000106,177,3003,-2826
119000107,271,488,-217
119000108,133,1784,-1651
119000109,132,553,-421
119000110,742,793,-51
119000111,63,555,-492
119000112,220,237,-17
119000113,4636,329,4307
119000114,819,472,347
119000115,153,125,28
119000116,158,62,96
119000117,128,364,-236
119000118,6,1,5
119000123,2143,550,1593
119000124,216,264,-48
119000125,1109,1421,-312
119000126,142,1359,-1217
119000127,166,1494,-1328
119000128,118,6,112
119000131,368,1622,-1254
119000132,4,6,-2
119000133,0,4,-4
119000134,4413,576,3837
119000135,46,332,-286
119000136,59,460,-401
119000137,96,885,-789
119000138,117,738,-621
119000139,138,509,-371
119000140,89,243,-154
119000284,1733,2960,-1227
119000285,2947,2739,208
119000286,7777,5902,1875
119000287,1836,3042,-1206
119000288,1397,2704,-1307
119000289,2495,5644,-3149
119000290,156,607,-451
119000291,1,417,-416
119000293,24,184,-160
119000294,25,35,-10
119000295,2750,856,1894
119000296,129,202,-73
119000302,5904,1721,4183
119000303,21,162,-141
119000314,1593,5645,-4052
119000315,3,1188,-1185
119000316,25,150,-125
119000317,20,766,-746
119900001,130,626,-496
119900002,36,323,-287
119900003,36,1956,-1920
119900004,322,266,56
119900005,51,209,-158
119900006,90,333,-243
119900007,443,45,398
119900008,107,46,61
119900009,411,744,-333
119900010,1840,1761,79
119900011,29,26,3
119900012,21,57,-36
119900013,1463,696,767
119900014,938,397,541
119900015,43,18,25
119900016,8,161,-153
119900017,11,51,-40
119900018,1300,164,1136
119900019,8,5,3
119900020,42,248,-206
119900021,55,80,-25
119900022,68,202,-134
119900023,992,287,705
119900025,70,34,36
119900026,1308,84,1224
119900027,7,59,-52
119900028,77,32,45
119900029,1,5,-4
119900030,631,496,135
119900031,22,146,-124
119900033,4199,133,4066
119900034,79,201,-122
119900037,21,35,-14
119900038,17,122,-105
119900039,17,2,15
119900040,42,5,37
119900041,39,66,-27
119900042,70,153,-83
119900043,25,223,-198
119900044,160,196,-36
119900046,37,117,-80
119900047,129,33,96
119900048,2,62,-60
119900049,11,2,9
119900050,58,39,19
119900051,234,17,217
119900052,12,121,-109
119900053,40,254,-214
119900054,14,2,12
119900055,416,250,166
119900057,44,80,-36
119900058,70,0,70
119900059,143,31,112
119900060,85,7,78
119900061,49,18,31
119900062,15,64,-49
119900063,22,39,-17
119900064,143,59,84
119900065,74,4,70
119900066,1,1,0
119900067,59,45,14
119900068,104,0,104
119900069,21,8,13
119900070,215,16,199
119900071,134,11,123
119900072,85,618,-533
119900073,2433,596,1837
119900074,24,32,-8
119900075,7453,1795,5658
119900076,204,715,-511
119900077,213,2182,-1969
119900078,146,928,-782
119900079,40,380,-340
119900080,171,352,-181
119900081,8,92,-84
119900082,311,248,63
119900083,270,114,156
119900084,413,201,212
119900085,151,60,91
119900086,60,945,-885
119900087,191,172,19
119900088,32,115,-83
119900089,18,849,-831
119900090,231,125,106
119900091,31,1741,-1710
119900092,8,671,-663
119900093,813,143,670
119900094,11,241,-230
119900095,198,76,122
119900096,34,114,-80
119900097,391,183,208
119900098,27,46,-19
119900099,42,428,-386
119900100,4009,1804,2205
119900101,225,1059,-834
119900102,19,460,-441
119900103,23,737,-714
119900104,53,429,-376
119900105,838,2202,-1364
119900106,4,387,-383
119900107,353,4648,-4295
119900108,2292,900,1392
119900109,28,374,-346
119900110,332,1055,-723
119900111,33,536,-503
119900112,3756,558,3198
119900113,83,868,-785
119900114,112,2743,-2631
119900115,51,1851,-1800
119900116,256,240,16
119900117,124,1723,-1599
119900118,16,1688,-1672
119900119,40,396,-356
119900120,835,1156,-321
119900121,104,2223,-2119
119900122,211,614,-403
119900123,204,288,-84
119900124,20,1604,-1584
119900125,47,563,-516
119900126,8958,278,8680
119900127,3365,1164,2201
119900128,225,1550,-1325
119900129,68,1390,-1322
119900130,50,398,-348
119900131,20,543,-523
119900132,0,568,-568
119900133,11,36,-25
119900134,3000,351,2649
119900135,3,868,-865
119900136,178,906,-728
119900138,483,964,-481
119900139,29,102,-73
119900140,1,204,-203
119900141,117,386,-269
119900142,7,19,-12
119900143,8,239,-231
119900144,3357,304,3053
119900145,53,423,-370
119900146,184,142,42
119900147,1,128,-127
119900148,38,46,-8
119900149,2750,2883,-133
119900150,157,346,-189
119900151,1997,1127,870
119900152,64,760,-696
119900153,91,71,20
119900154,5,396,-391
119900155,12,31,-19
119900156,4,3,1
119900157,30,428,-398
119900158,52,93,-41
119900159,5,2508,-2503
119900160,4,429,-425
119900161,103,432,-329
119900162,597,612,-15
119900163,171,91,80
119900164,0,1,-1
119900165,42,424,-382
119900166,72,34,38
119900167,43,196,-153
119900168,347,507,-160
119900169,173,126,47
119900170,152,176,-24
119900171,628,744,-116
119900172,131,13,118
119900173,8,861,-853
119900174,1,484,-483
119900175,510,757,-247
119900177,16,288,-272
119900178,4,283,-279
119900179,31,157,-126
119900180,445,633,-188
119900181,29,44,-15
119900182,2,1018,-1016
119900183,92,1546,-1454
119900184,4541,647,3894
119900185,18,87,-69
119900186,56,244,-188
119900187,11,921,-910
119900188,30,507,-477
119900189,407,194,213
119900190,54,121,-67
119900191,148,112,36
119900192,5,329,-324
119900193,58,253,-195
119900194,2,19,-17
119900195,35,373,-338
119900196,3145,596,2549
119900197,72,132,-60
119900198,101,737,-636
119900199,154,15,139
119900200,272,632,-360
119900201,534,346,188
119900202,284,59,225
119900203,103,309,-206
119900204,92,437,-345
119900205,171,847,-676
119900206,38,176,-138
119900208,84,154,-70
119900209,206,453,-247
119900210,15,37,-22
119900211,55,17,38
119900212,57,361,-304
119900213,2,84,-82
119900214,12,179,-167
119900215,29,169,-140
119900216,25,193,-168
119900217,2,78,-76
119900218,23,86,-63
119900219,1,179,-178
119900220,6,199,-193
119900221,21,709,-688
119900222,6,565,-559
119900223,16,237,-221
119900224,41,55,-14
119900225,2190,48,2142
119900226,1644,1077,567
119900227,2210,615,1595
119900228,229,562,-333
119900229,311,607,-296
119900230,1695,820,875
119900231,40,292,-252
119900232,127,48,79
119900233,12,0,12
119900234,16,52,-36
119900235,8,17,-9
119900236,21,320,-299
119900237,49,790,-741
119900238,2,109,-107
119900240,37,245,-208
119900241,90,403,-313
119900242,2606,754,1852
119900244,914,2198,-1284
119900245,55,165,-110
119900246,188,264,-76
119900247,15,26,-11
119900248,49,36,13
119900249,112,26,86
119900253,6130,404,5726
119900254,18,160,-142
119900255,48,761,-713
119900256,184,2294,-2110
119900257,13,1,12
119900258,23,6,17
119900259,2,457,-455
119900260,48,12,36
119900261,94,311,-217
119900262,1,512,-511
119900263,944,504,440
119900264,26,434,-408
119900265,129,787,-658
119900266,85,472,-387
119900267,48,637,-589
119900268,68,519,-451
119900269,188,2705,-2517
119900271,30,120,-90
119900272,96,43,53
119900275,56,15,41
119900276,12,1,11
119900277,2,2,0
119900278,259,37,222
119900279,75,195,-120
119900280,1244,248,996
119900281,0,70,-70
119900282,38,13,25
119900283,8,537,-529
119900284,45,403,-358
119900285,11,28,-17
119900286,1,31,-30
119900288,3,33,-30
119900289,0,43,-43
119900290,1,38,-37
119900291,1,56,-55
119900292,11,8,3
119900293,11,56,-45
119900294,9,83,-74
119900295,6,30,-24
119900296,5,318,-313
119900297,0,17,-17
119900298,0,12,-12
119900299,32,477,-445
119900300,168,418,-250
119900301,101,22,79
119900302,66,49,17
119900303,109,377,-268
119900304,86,36,50
119900305,38,109,-71
119900306,19,1,18
119900307,24,240,-216
119900308,4,6,-2
119900309,5,32,-27
119900310,246,426,-180
119900311,13,260,-247
119900312,22,112,-90
119900313,150,492,-342
119900314,66,272,-206
119900315,388,4442,-4054
119900318,4,4,0
119900319,4,571,-567
119900320,105,960,-855
119900321,13,0,13
120000001,9283,6834,2449
120000002,2557,4332,-1775
120000003,4527,2817,1710
120000004,3584,3638,-54
120000005,6867,2725,4142
120000006,1482,1732,-250
120000007,3834,2582,1252
120000008,1321,1828,-507
120000009,7142,1273,5869
120000010,1278,5084,-3806
120000011,979,3093,-2114
120000012,1627,4376,-2749
120000013,1795,3963,-2168
120000014,491,2423,-1932
120000015,2244,2085,159
120000016,2445,2345,100
120000017,1815,1661,154
120000018,6546,6254,292
120000019,745,986,-241
120000020,2724,2139,585
120000021,2388,1543,845
120000022,3797,3297,500
120000023,732,1862,-1130
120000024,1496,2806,-1310
120000025,1636,2869,-1233
120000026,863,2462,-1599
120000027,1095,1900,-805
120000028,726,461,265
120000029,5304,581,4723
120000030,823,942,-119
120000031,2546,7562,-5016
120000032,15038,4344,10694
120000033,2063,2305,-242
120000034,979,3520,-2541
120000035,1210,3386,-2176
120000036,2315,4798,-2483
120000037,516,867,-351
120000038,16524,4092,12432
120000039,498,1321,-823
120000040,199,132,67
120000041,607,3219,-2612
120000042,2023,8173,-6150
120000043,5395,4553,842
120000044,2486,1535,951
120000045,2607,1211,1396
120000046,1242,2194,-952
120000047,2908,3269,-361
120000048,11729,3504,8225
120000049,2188,3674,-1486
120000050,2439,5184,-2745
120000051,5033,4372,661
120000052,22365,3173,19192
120000053,805,6154,-5349
120000054,1791,9664,-7873
120000055,878,6022,-5144
120000056,4863,7643,-2780
120000057,2119,1581,538
120000058,314,236,78
120000059,152,1496,-1344
120000061,73,747,-674
120000062,249,352,-103
120000063,2686,5144,-2458
120000064,305,2456,-2151
120000065,726,2642,-1916
120000066,116,804,-688
120000067,33,962,-929
120000068,85,1639,-1554
120000069,489,2561,-2072
120000070,21,1510,-1489
120000071,131,186,-55
120000072,190,598,-408
120000073,157,141,16
120000074,130,146,-16
120000075,195,251,-56
120000076,834,327,507
120000077,936,389,547
120000078,5007,528,4479
120000079,73,148,-75
120000080,42,116,-74
120000081,314,133,181
120000082,107,183,-76
120000083,54,234,-180
120000084,524,865,-341
120000085,432,492,-60
120000086,174,917,-743
120000087,100,1799,-1699
120000088,634,1726,-1092
120000089,609,599,10
120000090,283,526,-243
120000091,419,1002,-583
120000092,831,615,216
120000093,162,554,-392
120000094,80,334,-254
120000095,707,1135,-428
120000096,164,1809,-1645
120000098,641,1693,-1052
120000099,146,1076,-930
120000100,503,1311,-808
120000101,321,723,-402
120000102,279,406,-127
120000103,640,356,284
120000104,753,282,471
120000105,922,256,666
120000106,1030,310,720
120000107,1078,438,640
120000108,259,136,123
120000109,479,68,411
120000110,63,1281,-1218
120000111,81,2088,-2007
120000112,503,6334,-5831
120000113,512,4488,-3976
120000114,331,3428,-3097
120000115,333,2872,-2539
120000116,577,2672,-2095
120000117,1419,2245,-826
120000118,24,3,21
120000119,24,28,-4
120000120,26,23,3
120000121,18,26,-8
120000122,183,177,6
120000123,9425,2168,7257
120000124,203,625,-422
120000125,213,932,-719
120000126,174,557,-383
120000127,1059,495,564
120000128,2625,1874,751
120000129,307,293,14
120000130,668,797,-129
120000131,184,473,-289
120000134,394,2233,-1839
120000135,98,494,-396
120000137,91,3452,-3361
120000138,195,778,-583
120000139,80,1666,-1586
120000140,225,1046,-821
120000141,160,838,-678
120000142,203,1015,-812
120000143,3,205,-202
120000144,21,1,20
120000145,80,0,80
120000146,2209,593,1616
120000149,453,1434,-981
120000150,7936,9967,-2031
120000151,445,454,-9
120000152,219,475,-256
120000153,150,1181,-1031
120000154,389,421,-32
120000155,100,162,-62
120000156,2002,393,1609
120000157,785,872,-87
120000158,524,1265,-741
120000159,2073,3098,-1025
120000160,2190,1311,879
120000161,848,3429,-2581
120000162,68,265,-197
120000163,178,1973,-1795
120000164,216,687,-471
120000165,191,1502,-1311
120000166,426,944,-518
120000167,16,32,-16
120000168,20,92,-72
120000169,106,201,-95
120000170,218,119,99
120000171,23,41,-18
120000172,19,25,-6
120000173,3168,130,3038
120000174,308,1,307
120000175,593,12,581
120000176,193,95,98
120000177,2147,649,1498
120000178,186,6,180
120000179,591,14,577
120000180,955,40,915
120000181,316,102,214
120000182,101,68,33
120000183,13,327,-314
120000184,145,3073,-2928
120000186,44,60,-16
120000187,61,31,30
120000188,207,32,175
120000190,1511,8,1503
120000191,2368,11,2357
120000192,3165,13,3152
120000193,1572,5,1567
120000195,174,1,173
120000196,566,59,507
120000197,132,221,-89
120000198,86,265,-179
120000199,24,0,24
120000200,26,0,26
120000201,2,12,-10
120000202,2,113,-111
120000203,32,671,-639
120000207,1,181,-180
120000208,13,512,-499
120000209,2,162,-160
120000210,247,120,127
120000211,38,1,37
120000212,32,2,30
120000213,69,583,-514
120000214,2,641,-639
120000215,4,244,-240
120000216,40,4,36
120000217,1243,2307,-1064
120000218,297,2230,-1933
120000219,14,1499,-1485
120000220,25,4594,-4569
120000225,483,3,480
120000226,165,0,165
120000227,753,20,733
120000228,13546,1963,11583
120000230,56,7,49
120000231,387,3731,-3344
120000233,88,15,73
120000235,81,998,-917
120000236,494,1,493
120000237,10,4018,-4008
120000238,0,139,-139
120000241,1021,2503,-1482
120000412,2643,27,2616
120000413,93,614,-521
120000414,19,5,14
120000415,1,313,-312
120000416,66,22,44
120000417,1,156,-155
120000418,23,8,15
120000419,9,751,-742
120000420,35,34,1
120000421,22662,7838,14824
120000422,349,397,-48
120000423,6,69,-63
120000424,38,252,-214
120000436,84,295,-211
120000437,168,180,-12
120000438,7023,444,6579
120000439,90,194,-104
120000443,66,0,66
120000444,392,782,-390
120000445,1165,1181,-16
120000446,1133,335,798
120000447,71,2,69
120000449,13,8,5
120000450,4,580,-576
120000451,70,278,-208
120000452,68,0,68
120000453,2,689,-687
120000454,40,30,10
120000455,50,87,-37
120000456,4569,2713,1856
120000457,2276,1367,909
120000458,437,976,-539
120000459,70,77,-7
120000665,1774,218,1556
120000668,87,139,-52
120000669,100,629,-529
120000670,321,494,-173
120000671,316,196,120
120000672,69,514,-445
120900001,40,19,21
120900002,88,254,-166
120900003,125,21,104
120900004,2,36,-34
120900005,10,2348,-2338
120900006,106,219,-113
120900007,64,244,-180
120900008,71,1672,-1601
120900009,102,27,75
120900010,171,44,127
120900011,363,75,288
120900012,1359,531,828
120900013,109,25,84
120900014,8,1317,-1309
120900015,554,115,439
120900016,168,49,119
120900017,4768,164,4604
120900018,40,633,-593
120900019,269,74,195
120900020,466,350,116
120900021,203,34,169
120900022,15,550,-535
120900023,55,50,5
120900024,1393,462,931
120900025,2839,771,2068
120900026,46,246,-200
120900027,704,168,536
120900028,99,30,69
120900029,63,140,-77
120900030,479,483,-4
120900031,55,17,38
120900032,301,182,119
120900033,303,8,295
120900034,18,1530,-1512
120900035,37,402,-365
120900037,35,13,22
120900038,39,69,-30
120900039,22,23,-1
120900040,51,0,51
120900041,98,29,69
120900042,85,112,-27
120900043,6,3,3
120900044,5,648,-643
120900045,153,295,-142
120900046,104,4,100
120900047,52,23,29
120900048,37,14,23
120900049,100,0,100
120900050,5787,679,5108
120900051,160,159,1
120900052,131,2,129
120900053,113,138,-25
120900054,1395,1106,289
120900055,68,0,68
120900056,120,5,115
120900057,30,23,7
120900058,148,0,148
120900059,13,0,13
120900060,21,41,-20
120900061,225,468,-243
120900062,67,1,66
120900063,118,0,118
120900064,113,0,113
120900065,80,7,73
120900066,44,379,-335
120900067,121,17,104
120900068,58,1,57
120900069,61,137,-76
120900071,6,1,5
120900072,148,0,148
120900073,82,483,-401
120900074,168,2,166
120900076,51,0,51
120900077,5938,373,5565
120900078,301,955,-654
120900079,169,138,31
120900080,151,3706,-3555
120900081,207,1863,-1656
120900082,713,345,368
120900083,11,5,6
120900084,115,141,-26
120900085,97,56,41
120900086,186,151,35
120900087,162,56,106
120900088,166,149,17
120900089,7411,937,6474
120900090,28,271,-243
120900091,330,252,78
120900092,564,1141,-577
120900093,6701,368,6333
120900094,498,373,125
120900095,105,37,68
120900096,29,123,-94
120900097,687,1919,-1232
120900098,395,280,115
120900099,57,140,-83
120900100,58,582,-524
120900101,316,483,-167
120900102,13,209,-196
120900103,20,193,-173
120900104,18,72,-54
120900105,16,1395,-1379
120900106,1480,883,597
120900107,535,332,203
120900108,9,1644,-1635
120900109,15,1226,-1211
120900110,34,975,-941
120900111,110,548,-438
120900112,7,2264,-2257
120900113,8,1483,-1475
120900114,18,406,-388
120900115,104,114,-10
120900116,54,931,-877
120900117,1,849,-848
120900118,7,1527,-1520
120900119,6328,4491,1837
120900120,35,1206,-1171
120900121,70,638,-568
120900122,87,1045,-958
120900123,2,865,-863
120900124,1,1077,-1076
120900125,4,1512,-1508
120900126,1194,936,258
120900127,13,891,-878
120900128,1040,1125,-85
120900129,51,654,-603
120900130,2,566,-564
120900131,13,68,-55
120900132,258,671,-413
120900133,210,1936,-1726
120900134,201,739,-538
120900135,5,1084,-1079
120900136,47,18,29
120900137,44,220,-176
120900138,11,325,-314
120900139,2,1354,-1352
120900140,1,64,-63
120900141,74,168,-94
120900142,15,1396,-1381
120900143,2,1790,-1788
120900144,0,461,-461
120900145,311,1227,-916
120900146,6,1645,-1639
120900147,3,330,-327
120900148,79,102,-23
120900149,1,650,-649
120900150,39,926,-887
120900151,1,975,-974
120900152,0,82,-82
120900153,5,84,-79
120900154,3,405,-402
120900155,47,1642,-1595
120900156,13,623,-610
120900157,18,296,-278
120900158,7,814,-807
120900159,23,570,-547
120900160,23,495,-472
120900161,19,2354,-2335
120900162,16,2100,-2084
120900163,5,138,-133
120900164,0,0,0
120900165,0,2,-2
120900166,22,124,-102
120900167,99,89,10
120900169,30,823,-793
120900170,3747,1130,2617
120900171,1744,480,1264
120900172,2453,91,2362
120900173,0,73,-73
120900174,9,152,-143
120900175,488,314,174
120900176,5,196,-191
120900177,0,307,-307
120900178,0,268,-268
120900179,610,484,126
120900180,118,65,53
120900181,43,116,-73
120900182,20,571,-551
120900183,737,121,616
120900184,208,115,93
120900185,2,527,-525
120900186,1,760,-759
120900187,177,584,-407
120900188,51,15,36
120900189,108,234,-126
120900190,9,22,-13
120900191,2,49,-47
120900192,20821,1749,19072
120900194,37,103,-66
120900195,86,567,-481
120900196,424,53,371
120900197,365,46,319
120900198,190,910,-720
120900199,222,1883,-1661
120900200,97,71,26
120900201,949,197,752
120900202,2,389,-387
120900203,15,75,-60
120900204,347,539,-192
120900205,44,143,-99
120900206,3,11,-8
121000001,1181,1400,-219
121000002,1688,991,697
121000003,5757,2871,2886
121000004,3052,2408,644
121000005,2607,3153,-546
121000006,3039,1227,1812
121000007,4092,3660,432
121000008,5248,2987,2261
121000009,14817,5927,8890
121000010,16061,3907,12154
121000011,19664,10596,9068
121000012,25915,7004,18911
121000013,7103,6807,296
121000014,8763,6676,2087
121000015,5034,6163,-1129
121000016,5503,4078,1425
121000017,1932,4656,-2724
121000018,2262,2445,-183
121000019,22522,8755,13767
121000020,13711,7560,6151
121000021,2787,4332,-1545
121000022,1788,1789,-1
121000023,8094,4844,3250
121000024,4419,3594,825
121000025,1158,756,402
121000026,256,109,147
121000027,1871,1101,770
121000028,963,595,368
121000029,890,1037,-147
121000030,355,449,-94
121000031,629,858,-229
121000032,181,116,65
121000034,171,126,45
121000035,88,71,17
121000036,686,1018,-332
121000037,427,696,-269
121000038,642,549,93
121000039,388,576,-188
121000041,306,796,-490
121000042,255,309,-54
121000043,1211,762,449
121000044,2614,664,1950
121000045,323,512,-189
121000046,326,890,-564
121000047,11,196,-185
121000049,2277,1108,1169
121000050,323,1117,-794
121000051,398,679,-281
121000052,204,642,-438
121000053,308,75,233
121000054,47,229,-182
121000055,3109,1092,2017
121000056,966,1094,-128
121000057,175,457,-282
121000058,543,121,422
121000059,2603,1433,1170
121000060,482,720,-238
121000061,50,165,-115
121000062,137,200,-63
121000063,666,480,186
121000064,314,421,-107
121000065,542,524,18
121000066,345,378,-33
121000067,1165,273,892
121000068,509,571,-62
121000069,2051,231,1820
121000070,1913,2121,-208
121000071,936,876,60
121000072,1941,1188,753
121000073,841,793,48
121000074,190,131,59
121000075,208,28,180
121000076,2942,402,2540
121000077,164,46,118
121000078,184,122,62
121000080,3736,847,2889
121000081,3163,1678,1485
121000082,158,326,-168
121000083,344,116,228
121000084,235,104,131
121000085,569,733,-164
121000086,186,1034,-848
121000087,112,259,-147
121000088,343,850,-507
121000089,732,268,464
121000090,390,386,4
121000091,2908,631,2277
121000092,115,114,1
121000093,144,229,-85
121000094,599,457,142
121000095,217,701,-484
121000096,3073,2229,844
121000097,2354,1457,897
121000098,227,1873,-1646
121000099,240,1077,-837
121000100,242,1091,-849
121000101,80,324,-244
121000102,88,705,-617
121000103,45,377,-332
121000104,71,329,-258
121000105,234,502,-268
121000106,123,428,-305
121000107,2305,4841,-2536
121000109,1908,1093,815
121000110,245,390,-145
121000114,2674,2534,140
121000115,803,760,43
121000116,505,800,-295
121000117,1594,370,1224
121000118,1201,513,688
121000119,200,548,-348
121000120,225,706,-481
121000121,590,1181,-591
121000123,2161,747,1414
121000126,107,374,-267
121000127,226,133,93
121000128,278,938,-660
121000129,334,758,-424
121000130,346,1599,-1253
121000131,2611,1189,1422
121000132,1124,1220,-96
121000135,752,505,247
121000136,1277,618,659
121000137,579,136,443
121000138,866,533,333
121000139,560,86,474
121000141,216,146,70
121000142,1292,630,662
121000143,164,22,142
121000144,1161,1205,-44
121000145,310,1683,-1373
121000146,760,910,-150
121000147,520,574,-54
121000148,717,1357,-640
121000149,1450,1249,201
121000152,457,766,-309
121000153,2484,807,1677
121000154,691,723,-32
121000155,978,1040,-62
121000156,389,867,-478
121000157,2038,2428,-390
121000158,433,722,-289
121000159,176,844,-668
121000160,416,1073,-657
121000161,80,582,-502
121000162,27,450,-423
121000165,2509,1711,798
121000166,24,358,-334
121000168,120,312,-192
121000169,29,236,-207
121000170,101,81,20
121000171,37,207,-170
121000172,401,408,-7
121000173,1353,765,588
121000174,162,423,-261
121000175,460,610,-150
121000176,293,270,23
121000177,875,790,85
121000178,47,67,-20
121000179,93,69,24
121000181,370,431,-61
121000182,62,163,-101
121000183,37,72,-35
121000184,42,64,-22
121000185,13,200,-187
121000186,157,280,-123
121000187,150,446,-296
121000188,42,465,-423
121000192,556,404,152
121000193,513,476,37
121000194,3040,2632,408
121000195,433,1063,-630
121000196,459,195,264
121000197,242,1139,-897
121000198,161,53,108
121000199,85,737,-652
121000200,185,77,108
121000201,4,346,-342
121000202,39,2,37
121000203,413,3666,-3253
121000204,843,623,220
121000205,101,434,-333
121000206,84,36,48
121000207,655,536,119
121000208,5,635,-630
121000209,77,678,-601
121000210,162,715,-553
121000211,58,128,-70
121000212,200,1005,-805
121000213,12042,2834,9208
121000214,925,1026,-101
121000215,1789,904,885
121000216,511,373,138
121000217,3383,2033,1350
121000218,418,2284,-1866
121000219,1073,376,697
121000220,318,70,248
121000221,125,212,-87
121000222,2779,2969,-190
121000223,453,314,139
121000224,349,89,260
121000225,1060,843,217
121000226,1505,543,962
121000227,4,341,-337
121000228,15,1244,-1229
121000229,65,720,-655
121000230,89,2505,-2416
121000231,157,12,145
121000232,481,136,345
121000233,319,261,58
121000234,6,35,-29
121000235,20,8,12
121000236,2,55,-53
121000237,4,10,-6
121000238,3,99,-96
121000239,18,0,18
121000240,2,192,-190
121000241,43,12,31
121000242,8,157,-149
121000243,79,23,56
121000244,0,99,-99
121000245,12,1,11
121000246,3,73,-70
121000247,9,1,8
121000248,191,465,-274
121000249,37,249,-212
121000250,129,114,15
121000251,31,794,-763
121000252,23,40,-17
121000253,141,655,-514
121000254,223,275,-52
121000255,149,130,19
121000256,210,143,67
121000257,44,67,-23
121000258,24,56,-32
121000259,9,44,-35
121000260,38,195,-157
121000261,23,60,-37
121000262,1774,544,1230
121000263,421,523,-102
121000271,241,1887,-1646
121000273,50,13,37
121000274,1,53,-52
121000275,4,29,-25
121000276,0,17,-17
121000278,9,84,-75
121000279,28,20,8
121000280,19,54,-35
121000289,88,31,57
121000290,1129,835,294
121000294,23,347,-324
121000297,944,634,310
121000299,103,245,-142
121000300,955,576,379
121000302,77,597,-520
121000303,455,342,113
121000304,374,54,320
121000305,85,55,30
121000306,48,135,-87
121000308,164,481,-317
121000309,438,851,-413
121000310,60,622,-562
121000311,81,1040,-959
121000312,354,166,188
121000313,776,650,126
121000314,115,96,19
121000315,38,59,-21
121000530,719,1786,-1067
121000531,1308,1970,-662
121000532,5845,4451,1394
121000533,2159,2450,-291
121000918,12,331,-319
121000919,9,55,-46
121000938,273,165,108
121000939,451,89,362
121000956,403,1668,-1265
121000957,3,9,-6
121000958,53,63,-10
121000959,233,1535,-1302
121000960,660,3210,-2550
121000961,174,16,158
121000962,273,680,-407
121000973,6,229,-223
121000976,12,193,-181
121000979,157,83,74
121000981,147,19,128
121000982,166,331,-165
121000983,152,609,-457
121000984,17,26,-9
121000985,178,834,-656
121000986,46,524,-478
121000987,156,2396,-2240
121000988,298,123,175
121001302,377,126,251
121001308,6,8,-2
121001309,74,79,-5
121001313,69,550,-481
121001314,5490,4735,755
121001315,4954,1631,3323
121900001,54,204,-150
121900002,36,20,16
121900003,237,10,227
121900004,111,500,-389
121900005,6,2,4
121900006,48,11,37
121900007,2337,2069,268
121900008,4842,130,4712
121900009,467,36,431
121900010,201,2,199
121900011,395,661,-266
121900012,0,0,0
121900013,572,9,563
121900014,1103,441,662
121900015,82,221,-139
121900016,2,25,-23
121900017,310,527,-217
121900018,220,4,216
121900019,168,306,-138
121900020,16,0,16
121900021,421,17,404
121900022,142,162,-20
121900023,42,409,-367
121900024,437,47,390
121900025,322,285,37
121900026,237,55,182
121900027,158,108,50
121900028,107,8,99
121900029,58,151,-93
121900030,321,448,-127
121900031,987,2099,-1112
121900032,95,78,17
121900033,142,130,12
121900034,140,84,56
121900035,2934,1356,1578
121900036,48,404,-356
121900037,186,829,-643
121900038,13,141,-128
121900039,221,25,196
121900040,12,72,-60
121900041,42,167,-125
121900042,133,97,36
121900043,0,2,-2
121900044,341,19,322
121900046,302,184,118
121900047,120,42,78
121900048,13,156,-143
121900050,2,29,-27
121900051,48,177,-129
121900052,58,67,-9
121900053,248,163,85
121900054,606,957,-351
121900055,0,16,-16
121900058,67,340,-273
121900059,208,84,124
121900060,85,365,-280
121900061,165,176,-11
121900062,78,22,56
121900063,346,182,164
121900064,110,1054,-944
121900066,30,49,-19
121900067,1,4,-3
121900069,228,163,65
121900070,137,81,56
121900071,44,258,-214
121900072,25,145,-120
121900073,112,184,-72
121900074,566,340,226
121900075,274,158,116
121900076,165,737,-572
121900077,3,32,-29
121900078,29,60,-31
121900079,0,0,0
121900080,455,510,-55
121900082,12,118,-106
121900084,3,291,-288
121900085,2,20,-18
121900086,2,65,-63
121900087,262,79,183
121900088,3590,2091,1499
121900089,33,524,-491
121900090,11,152,-141
121900091,16,127,-111
121900092,74,123,-49
121900093,35,59,-24
121900094,5,2,3
121900095,79,94,-15
121900096,1842,422,1420
121900097,192,167,25
121900098,7,0,7
121900099,47,103,-56
121900100,55,144,-89
121900101,85,109,-24
121900102,8,126,-118
121900103,522,208,314
121900104,916,218,698
121900105,44,98,-54
121900106,1,2,-1
121900107,9,43,-34
121900108,0,0,0
121900109,259,100,159
121900110,150,1653,-1503
121900111,666,109,557
121900112,105,101,4
121900113,36,121,-85
121900114,2,0,2
121900115,78,289,-211
121900117,142,24,118
121900118,2987,310,2677
121900119,92,125,-33
121900120,16,1396,-1380
121900121,365,75,290
121900122,11,13,-2
121900123,325,356,-31
121900124,91,207,-116
121900125,1021,1044,-23
121900127,21,89,-68
121900128,33,198,-165
121900129,1656,69,1587
121900130,91,261,-170
121900131,118,100,18
121900132,15,208,-193
121900133,25,38,-13
121900134,7,119,-112
121900135,3023,337,2686
121900136,88,712,-624
121900137,48,271,-223
121900138,104,281,-177
121900139,323,351,-28
121900140,16,160,-144
121900141,30,24,6
121900142,43,124,-81
121900143,13,203,-190
121900144,277,352,-75
121900145,107,145,-38
121900146,405,917,-512
121900147,37,248,-211
121900148,86,265,-179
121900149,264,823,-559
121900150,64,218,-154
121900151,81,227,-146
121900152,63,179,-116
121900153,47,523,-476
121900154,11,173,-162
121900155,0,75,-75
121900156,132,143,-11
121900157,2,480,-478
121900158,90,92,-2
121900159,0,233,-233
121900160,56,270,-214
121900161,448,332,116
121900162,89,109,-20
121900163,50,937,-887
121900164,203,218,-15
121900165,97,277,-180
121900166,48,177,-129
121900167,74,56,18
121900168,181,124,57
121900169,10,450,-440
121900170,11,204,-193
121900171,360,524,-164
121900172,184,321,-137
121900173,715,151,564
121900174,12,63,-51
121900175,22,147,-125
121900176,406,2156,-1750
121900177,149,41,108
121900179,219,108,111
121900180,8247,2705,5542
121900182,293,300,-7
121900183,420,301,119
121900184,31,747,-716
121900186,0,448,-448
121900187,17,127,-110
121900188,733,316,417
121900189,38,131,-93
121900190,175,478,-303
121900191,58,89,-31
121900192,629,489,140
121900194,1,190,-189
121900195,127,145,-18
121900196,645,1282,-637
121900197,406,2426,-2020
121900198,1135,861,274
121900199,1,23,-22
121900200,70,156,-86
121900201,1046,568,478
121900202,130,438,-308
121900203,286,642,-356
121900204,1220,663,557
121900205,41,314,-273
121900206,2,4,-2
121900207,269,22,247
121900208,72,268,-196
121900209,36,22,14
121900210,611,848,-237
121900211,9,242,-233
121900212,198,127,71
121900213,21,87,-66
121900214,0,389,-389
121900215,41,141,-100
121900216,21,59,-38
121900217,293,71,222
121900218,269,366,-97
121900219,169,61,108
121900220,111,9,102
121900221,260,529,-269
121900222,24,207,-183
121900223,86,89,-3
121900224,22,67,-45
121900225,67,33,34
121900226,227,3688,-3461
121900227,103,338,-235
121900228,204,253,-49
121900229,139,276,-137
121900230,72,83,-11
121900231,822,284,538
121900232,311,336,-25
121900233,343,350,-7
121900234,137,493,-356
121900235,212,286,-74
121900236,236,104,132
121900237,184,202,-18
121900238,111,206,-95
121900239,64,58,6
121900240,112,156,-44
121900241,18,96,-78
121900242,0,0,0
121900243,0,0,0
121900244,2,0,2
121900245,144,170,-26
121900246,1173,466,707
121900247,272,360,-88
121900248,1171,630,541
121900250,234,258,-24
121900251,296,18,278
121900252,900,113,787
121900253,93,837,-744
121900254,511,245,266
121900255,124,67,57
121900258,2366,1254,1112
121900259,392,391,1
121900260,35,251,-216
121900261,88,441,-353
121900262,277,643,-366
121900263,83,303,-220
121900264,2986,1343,1643
121900265,247,506,-259
121900266,112,240,-128
121900267,7,14,-7
121900269,125,222,-97
121900270,5,158,-153
121900271,17,222,-205
121900273,347,871,-524
121900274,43,254,-211
121900276,161,56,105
121900277,211,1934,-1723
121900278,42,881,-839
121900279,54,328,-274
121900280,63,390,-327
121900281,1265,52,1213
121900284,45,3,42
121900286,38,283,-245
121900287,3,16,-13
121900290,182,256,-74
121900291,343,487,-144
121900292,80,83,-3
121900293,977,3540,-2563
121900294,263,3,260
121900295,47,339,-292
121900296,103,27,76
121900298,181,288,-107
121900299,0,0,0
121900300,0,0,0
121900301,13,4,9
121900302,1,58,-57
121900303,149,483,-334
121900304,1,2,-1
121900305,0,2,-2
121900306,13,0,13
121900307,10,36,-26
121900308,6,439,-433
121900309,5,354,-349
121900310,6,668,-662
121900311,66,8,58
121900312,72,1,71
121900313,98,24,74
121900314,2,89,-87
121900315,2,0,2
121900316,0,12,-12
121900317,2,0,2
121900318,0,39,-39
121900319,1,8,-7
121900320,70,90,-20
121900321,2,0,2
121900322,2,38,-36
121900323,8,19,-11
121900324,1,24,-23
121900325,1,0,1
121900326,0,32,-32
121900327,1,40,-39
121900328,1,25,-24
121900329,0,247,-247
121900330,1,23,-22
121900331,173,14,159
121900332,41,22,19
122000001,2760,2881,-121
122000002,5706,1490,4216
122000003,2481,1454,1027
122000004,3077,1058,2019
122000005,2772,793,1979
122000006,2159,343,1816
122000007,1146,846,300
122000008,6971,3298,3673
122000009,733,243,490
122000010,2419,2474,-55
122000011,4142,773,3369
122000012,1141,885,256
122000013,1715,1130,585
122000014,1386,1625,-239
122000015,1227,946,281
122000016,341,836,-495
122000017,1114,989,125
122000018,1221,1285,-64
122000019,645,1748,-1103
122000020,183,191,-8
122000021,764,330,434
122000022,1321,1760,-439
122000023,426,3459,-3033
122000024,1022,863,159
122000025,1665,1038,627
122000026,2296,756,1540
122000027,577,3817,-3240
122000028,684,350,334
122000029,376,239,137
122000030,360,80,280
122000031,117,180,-63
122000032,1148,2204,-1056
122000033,720,522,198
122000034,574,449,125
122000035,356,605,-249
122000036,450,639,-189
122000037,405,319,86
122000038,272,438,-166
122000039,521,557,-36
122000040,417,221,196
122000041,340,539,-199
122000042,193,372,-179
122000043,101,104,-3
122000044,132,132,0
122000045,879,486,393
122000046,432,905,-473
122000047,234,184,50
122000048,3724,3238,486
122000049,5266,2545,2721
122000050,1464,556,908
122000051,249,237,12
122000052,453,144,309
122000053,129,442,-313
122000054,2049,2074,-25
122000055,1855,2013,-158
122000056,4383,2903,1480
122000057,3504,2153,1351
122000058,3999,1080,2919
122000059,3253,1263,1990
122000060,1168,506,662
122000061,605,183,422
122000062,1138,217,921
122000063,787,408,379
122000064,3411,3070,341
122000065,5732,3330,2402
122000066,1117,1155,-38
122000067,1225,1296,-71
122000068,870,1412,-542
122000069,592,987,-395
122000070,466,3131,-2665
122000071,863,1693,-830
122000072,314,325,-11
122000073,299,394,-95
122000074,1246,1373,-127
122000075,411,1144,-733
122000076,1223,1086,137
122000077,1179,529,650
122000078,2872,1641,1231
122000079,1146,664,482
122000080,598,301,297
122000081,118,215,-97
122000082,1646,766,880
122000083,1101,3616,-2515
122000084,823,768,55
122000085,212,2783,-2571
122000086,2117,2988,-871
122000087,403,121,282
122000088,401,175,226
122000089,6933,4188,2745
122000090,241,397,-156
122000091,264,93,171
122000092,99,8,91
122000093,1142,1123,19
122000094,8612,1601,7011
122000095,4069,1242,2827
122000096,2889,916,1973
122000098,3179,1403,1776
122000099,2057,791,1266
122000100,1615,840,775
122000101,200,1548,-1348
122000102,1668,1296,372
122000103,1060,1564,-504
122000104,250,200,50
122000105,286,233,53
122000106,644,446,198
122000107,652,475,177
122000108,375,1138,-763
122000109,177,276,-99
122000110,309,601,-292
122000111,3310,1387,1923
122000112,542,1678,-1136
122000113,447,865,-418
122000114,2791,1545,1246
122000115,2068,1101,967
122000116,581,821,-240
122000117,1221,601,620
122000118,456,1060,-604
122000119,3576,1916,1660
122000120,7216,3296,3920
122000121,9822,2868,6954
122000122,1108,1941,-833
122000123,6544,1527,5017
122000124,2802,729,2073
122000125,544,746,-202
122000126,1565,885,680
122000127,4384,1123,3261
122000128,1214,1618,-404
122000129,282,353,-71
122000130,3941,418,3523
122000131,4709,433,4276
122000132,1694,678,1016
122000133,1297,2873,-1576
122000134,423,503,-80
122000135,794,1507,-713
122000136,366,157,209
122000137,859,648,211
122000139,1603,3407,-1804
122000140,1287,562,725
122000141,7882,1159,6723
122000142,611,698,-87
122000143,1214,202,1012
122000144,4414,975,3439
122000145,2437,866,1571
122000146,1168,1151,17
122000147,1151,467,684
122000148,2645,1418,1227
122000149,2624,1469,1155
122000150,1782,1186,596
122000151,417,457,-40
122000152,946,443,503
122000153,787,337,450
122000154,490,234,256
122000155,2608,2145,463
122000156,2739,2007,732
122000157,1974,1453,521
122000158,441,661,-220
122000159,2914,2088,826
122000160,13780,744,13036
122000161,2355,880,1475
122000162,2380,2130,250
122000163,357,47,310
122000164,53,51,2
122000165,954,788,166
122000166,799,773,26
122000167,189,191,-2
122000168,239,458,-219
122000169,405,152,253
122000170,253,288,-35
122000171,35,73,-38
122000172,1420,1416,4
122000173,1771,2016,-245
122000174,1413,757,656
122000175,1057,345,712
122000176,246,582,-336
122000177,1428,1318,110
122000178,3046,1728,1318
122000179,2623,2131,492
122000180,2050,864,1186
122000181,3369,2187,1182
122000182,4465,758,3707
122000183,2255,910,1345
122000184,5757,1528,4229
122000185,1555,1215,340
122000186,664,739,-75
122000187,1168,2436,-1268
122000188,934,253,681
122000189,333,292,41
122000190,1064,1368,-304
122000191,1161,446,715
122000192,900,350,550
122000193,340,735,-395
122000194,534,221,313
122000195,91,410,-319
122000196,892,662,230
122000197,634,886,-252
122000198,516,1133,-617
122000199,337,294,43
122000200,1195,427,768
122000201,1235,1630,-395
122000202,951,1179,-228
122000203,3678,1586,2092
122000204,1787,1989,-202
122000205,1483,1115,368
122000206,2354,1390,964
122000207,1229,2113,-884
122000208,1701,2258,-557
122000209,1815,361,1454
122000210,1149,2736,-1587
122000211,991,1736,-745
122000212,445,628,-183
122000213,945,1374,-429
122000214,1843,2505,-662
122000215,1598,1420,178
122000217,2136,1603,533
122000218,428,56,372
122000219,1830,1412,418
122000220,274,1067,-793
122000221,140,460,-320
122000222,573,70,503
122000223,786,616,170
122000225,595,591,4
122000226,971,2316,-1345
122000227,269,1866,-1597
122000228,380,624,-244
122000229,22,456,-434
122000230,96,1637,-1541
122000231,242,977,-735
122000232,581,795,-214
122000233,0,147,-147
122000234,84,244,-160
122000235,255,365,-110
122000236,327,359,-32
122000237,44,60,-16
122000238,67,139,-72
122000239,394,161,233
122000240,714,341,373
122000241,174,173,1
122000242,385,81,304
122000243,13,22,-9
122000244,9,438,-429
122000245,13,227,-214
122000246,4,57,-53
122000247,801,838,-37
122000248,1398,3672,-2274
122000249,263,486,-223
122000250,1449,429,1020
122000251,330,330,0
122000252,760,108,652
122000253,13,491,-478
122000254,142,79,63
122000255,592,2998,-2406
122000256,389,2172,-1783
122000257,171,678,-507
122000258,63,209,-146
122000259,25,1035,-1010
122000260,5,167,-162
122000261,4,244,-240
122000262,0,74,-74
122000263,55,149,-94
122000264,336,691,-355
122000265,1536,1026,510
122000266,3350,591,2759
122000267,59,202,-143
122000268,80,655,-575
122000269,490,368,122
122000270,445,154,291
122000271,236,1377,-1141
122000272,330,1571,-1241
122000273,212,681,-469
122000274,32,276,-244
122000275,18,171,-153
122000276,224,657,-433
122000277,562,1369,-807
122000278,473,1369,-896
122000279,115,1237,-1122
122000280,748,1524,-776
122000281,432,1136,-704
122000282,107,291,-184
122000283,267,67,200
122000284,74,120,-46
122000285,229,169,60
122000286,120,283,-163
122000287,646,1381,-735
122000288,203,242,-39
122000291,532,382,150
122000293,425,657,-232
122000294,68,108,-40
122000295,957,166,791
122000296,56,608,-552
122000297,3935,1746,2189
122000299,282,471,-189
122000300,254,492,-238
122000301,19661,2345,17316
122000302,1084,476,608
122000303,5431,1250,4181
122000304,11,235,-224
122000305,776,349,427
122000306,38,1116,-1078
122000307,158,144,14
122000309,67,60,7
122000310,9,22,-13
122000311,23,62,-39
122000312,47,34,13
122000313,8,44,-36
122000314,74,210,-136
122000315,92,18,74
122000316,212,221,-9
122000317,462,205,257
122000318,131,283,-152
122000319,282,640,-358
122000320,434,3167,-2733
122000321,39,405,-366
122000322,2726,1683,1043
122000323,1741,1100,641
122000324,1313,1043,270
122000325,970,981,-11
122000326,7,211,-204
122000327,142,419,-277
122000328,2890,1720,1170
122000330,2562,676,1886
122000332,191,373,-182
122000333,9,252,-243
122000337,523,4545,-4022
122000338,193,970,-777
122000340,250,235,15
122000342,2732,1814,918
122000343,301,834,-533
122000344,20,20,0
122000345,29,73,-44
122000346,431,753,-322
122000348,357,829,-472
122000349,184,793,-609
122000351,51,234,-183
122000352,431,46,385
122000353,15,169,-154
122000355,118,166,-48
122000356,1674,1063,611
122000357,22,17,5
122000358,0,146,-146
122000359,0,90,-90
122000360,0,120,-120
122000362,19,164,-145
122000364,76,713,-637
122000365,0,25,-25
122000366,8,16,-8
122000368,428,1163,-735
122000370,13,184,-171
122000371,5,0,5
122000372,5,2,3
122000381,28,339,-311
122000382,45,364,-319
122000384,4051,2103,1948
122000385,11,0,11
122000386,366,776,-410
122000387,346,617,-271
122000388,1652,361,1291
122000389,199,1041,-842
122000390,380,218,162
122000391,228,77,151
122000392,200,395,-195
122000393,21,257,-236
122000394,233,411,-178
122000395,143,218,-75
122000396,204,147,57
122000397,33,167,-134
122000398,2,26,-24
122000399,41,121,-80
122000400,137,361,-224
122000401,117,135,-18
122000402,108,64,44
122000403,309,1756,-1447
122000404,82,409,-327
122000408,765,1302,-537
122000503,8,68,-60
122000524,218,131,87
122000544,33,1286,-1253
122000616,1237,4,1233
122000640,24,262,-238
122000641,26,704,-678
122000642,800,1641,-841
122000643,6,78,-72
122000644,245,31,214
122000645,87,144,-57
122000651,1605,666,939
122000664,140,43,97
122000665,1071,570,501
122000666,514,1426,-912
122000673,21,507,-486
122000674,81,70,11
122000675,1105,1536,-431
122000686,227,2226,-1999
122000687,289,446,-157
122000688,150,1281,-1131
122000689,252,949,-697
122000690,362,990,-628
122000691,224,3470,-3246
122000692,563,474,89
122000693,482,2966,-2484
122000695,152,748,-596
122000696,132,468,-336
122000698,102,1658,-1556
122000699,172,122,50
122000701,679,410,269
122000702,413,2739,-2326
122000703,136,45,91
122000717,210,73,137
122000718,442,269,173
122000719,22,55,-33
122000720,75,322,-247
122900001,12,1,11
122900002,1048,1315,-267
122900003,180,34,146
122900004,567,12,555
122900005,60,52,8
122900006,572,301,271
122900007,98,12,86
122900008,520,76,444
122900009,1012,294,718
122900010,116,125,-9
122900012,423,400,23
122900014,125,407,-282
122900015,2418,207,2211
122900016,27,494,-467
122900017,763,1145,-382
122900018,177,9,168
122900019,10,211,-201
122900020,403,550,-147
122900021,48,603,-555
122900022,276,1159,-883
122900023,176,407,-231
122900024,125,86,39
122900025,16,218,-202
122900026,248,518,-270
122900027,60,808,-748
122900028,105,213,-108
122900029,5317,1323,3994
122900030,1733,499,1234
122900031,84,133,-49
122900032,187,235,-48
122900033,118,170,-52
122900034,4196,3189,1007
122900035,6,11,-5
122900036,23,90,-67
122900037,296,240,56
122900038,172,1641,-1469
122900039,138,282,-144
122900040,111,404,-293
122900041,142,231,-89
122900042,114,320,-206
122900043,227,217,10
122900044,116,370,-254
122900045,32,100,-68
122900046,125,69,56
122900047,131,118,13
122900048,38,130,-92
122900049,1956,126,1830
122900051,91,104,-13
122900052,27,80,-53
122900053,18,11,7
122900055,212,103,109
122900057,242,22,220
122900061,501,107,394
122900062,236,404,-168
122900063,52,624,-572
122900064,856,900,-44
122900065,183,145,38
122900066,266,261,5
122900067,2301,1112,1189
122900068,227,524,-297
122900069,215,901,-686
122900070,135,42,93
122900071,64,605,-541
122900072,15,761,-746
122900073,57,322,-265
122900074,111,1122,-1011
122900075,0,92,-92
122900076,9,206,-197
122900077,1,290,-289
122900078,57,257,-200
122900080,64,15,49
122900081,138,132,6
122900082,404,200,204
122900083,143,99,44
122900084,5,226,-221
122900086,2,26,-24
122900087,122,937,-815
122900088,52,68,-16
122900089,10,139,-129
122900090,11,805,-794
122900091,54,1,53
122900092,0,455,-455
122900093,0,598,-598
122900094,11,403,-392
122900095,71,5,66
122900096,61,372,-311
122900097,18,4,14
122900098,129,163,-34
122900099,9,4,5
122900100,298,144,154
122900101,976,149,827
122900102,7,23,-16
122900103,10,5,5
122900104,34,5,29
122900105,1,0,1
122900106,3,109,-106
122900107,8,178,-170
122900108,4,178,-174
123000001,2151,442,1709
123000002,7332,2094,5238
123000003,4066,2383,1683
123000004,4196,5385,-1189
123000005,2290,2351,-61
123000006,3766,3804,-38
123000007,2281,2223,58
123000008,2516,4392,-1876
123000009,4684,3469,1215
123000010,5176,4572,604
123000011,3564,1167,2397
123000012,1314,3017,-1703
123000013,3641,1144,2497
123000014,1565,4521,-2956
123000015,5242,823,4419
123000016,9088,3222,5866
123000017,3472,1561,1911
123000018,51,89,-38
123000019,73,535,-462
123000020,57,147,-90
123000021,19,139,-120
123000022,421,571,-150
123000023,1252,1339,-87
123000024,807,533,274
123000025,4,73,-69
123000026,4,51,-47
123000027,123,412,-289
123000028,251,255,-4
123000029,494,474,20
123000030,64,1139,-1075
123000031,57,616,-559
123000032,159,428,-269
123000033,132,86,46
123000034,479,492,-13
123000035,239,315,-76
123000036,160,443,-283
123000037,166,608,-442
123000038,61,208,-147
123000039,704,878,-174
123000040,1306,659,647
123000041,728,418,310
123000042,757,794,-37
123000043,4596,3991,605
123000044,7714,2560,5154
123000045,15178,1723,13455
123000046,999,878,121
123000047,3628,1031,2597
123000048,72,232,-160
123000049,9179,4061,5118
123000050,708,1177,-469
123000051,117,143,-26
123000052,594,1937,-1343
123000053,2968,2271,697
123000054,1268,1179,89
123000055,1437,1032,405
123000056,1130,2494,-1364
123000057,24106,5504,18602
123000058,537,706,-169
123000059,319,548,-229
123000060,878,554,324
123000061,164,890,-726
123000063,1066,626,440
123000064,868,264,604
123000065,11788,4468,7320
123000066,1309,1067,242
123000067,292,675,-383
123000068,3399,4671,-1272
123000069,13789,5905,7884
123000070,385,983,-598
123000071,524,1538,-1014
123000072,824,2503,-1679
123000073,583,972,-389
123000074,1015,3133,-2118
123000075,377,768,-391
123000076,471,1979,-1508
123000077,2052,5061,-3009
123000078,820,2044,-1224
123000079,806,2447,-1641
123000080,1854,3887,-2033
123000081,231,884,-653
123000082,524,1512,-988
123000083,845,115,730
123000084,220,955,-735
123000085,107,157,-50
123000086,167,665,-498
123000087,113,757,-644
123000088,1162,2129,-967
123000089,318,1502,-1184
123000090,969,1578,-609
123000091,1654,1457,197
123000092,1229,1311,-82
123000094,352,386,-34
123000095,324,762,-438
123000096,227,604,-377
123000097,237,1587,-1350
123000098,306,619,-313
123000099,346,887,-541
123000100,493,596,-103
123000101,617,443,174
123000102,545,611,-66
123000104,335,274,61
123000105,568,593,-25
123000106,555,321,234
123000107,510,545,-35
123000108,1250,1542,-292
123000111,473,325,148
123000112,506,695,-189
123000113,553,2604,-2051
123000114,396,368,28
123000115,154,326,-172
123000116,17,181,-164
123000117,1849,3412,-1563
123000118,467,1539,-1072
123000119,240,1523,-1283
123000120,332,1341,-1009
123000121,373,760,-387
123000122,248,267,-19
123000123,467,517,-50
123000124,693,576,117
123000125,1045,660,385
123000126,2478,1592,886
123000127,2225,970,1255
123000128,324,583,-259
123000129,314,239,75
123000130,252,92,160
123000131,499,399,100
123000132,506,660,-154
123000133,772,500,272
123000134,1001,217,784
123000135,1187,1761,-574
123000136,234,1950,-1716
123000137,86,659,-573
123000138,105,720,-615
123000139,370,142,228
123000140,242,1076,-834
123000141,1110,90,1020
123000142,813,1331,-518
123000143,1111,3203,-2092
123000144,31,10,21
123000145,238,118,120
123000146,69,101,-32
123000147,35,135,-100
123000149,420,388,32
123000150,414,295,119
123000151,318,462,-144
123000152,76,480,-404
123000153,175,442,-267
123000154,2269,1632,637
123000155,3153,963,2190
123000156,49,91,-42
123000157,694,1165,-471
123000158,1149,561,588
123000159,3358,1808,1550
123000160,659,438,221
123000161,1308,667,641
123000162,745,1399,-654
123000163,166,50,116
123000164,523,208,315
123000165,306,2988,-2682
123000166,23,184,-161
123000167,59,367,-308
123000168,223,462,-239
123000169,333,109,224
123000170,15,541,-526
123000171,119,103,16
123000172,300,1006,-706
123000173,873,109,764
123000174,706,171,535
123000175,1483,2064,-581
123000176,1007,77,930
123000177,466,1646,-1180
123000178,446,71,375
123000179,17,1255,-1238
123000180,939,225,714
123000181,415,2174,-1759
123000182,90,754,-664
123000183,142,129,13
123000184,86,1259,-1173
123000185,232,460,-228
123000186,3,1075,-1072
123000187,242,0,242
123000188,107,5,102
123000189,141,330,-189
123000190,13,71,-58
123000192,12,589,-577
123000193,28,885,-857
123000194,521,314,207
123000195,261,4,257
123000196,106,2,104
123000197,28,138,-110
123000198,6,281,-275
123000199,3,625,-622
123000200,184,6,178
123000201,455,19,436
123000202,20,1926,-1906
123000203,409,37,372
123000204,66,1798,-1732
123000205,272,2983,-2711
123000206,820,88,732
123000207,57,1269,-1212
123000208,155,57,98
123000209,832,199,633
123000210,448,2121,-1673
123000211,858,4411,-3553
123000212,1060,256,804
123000213,254,51,203
123000215,110,104,6
123000216,304,862,-558
123000217,150,45,105
123000218,111,390,-279
123000219,1246,15,1231
123000220,363,57,306
123000221,130,246,-116
123000222,219,1150,-931
123000223,159,944,-785
123000224,450,886,-436
123000225,199,82,117
123000226,87,617,-530
123000227,100,506,-406
123000228,149,55,94
123000229,1536,2782,-1246
123000232,105,806,-701
123000233,390,117,273
123000234,203,973,-770
123000235,199,327,-128
123000236,142,1442,-1300
123000237,195,31,164
123000238,59,1107,-1048
123000239,525,3323,-2798
123000240,30,257,-227
123000241,1287,140,1147
123000242,87,256,-169
123000243,361,1248,-887
123000244,866,574,292
123000245,53,188,-135
123000249,471,676,-205
123000252,540,142,398
123000253,401,295,106
123000254,551,1651,-1100
123000255,704,927,-223
123000256,21,349,-328
123000257,4736,3479,1257
123000258,1427,1858,-431
123000259,108,457,-349
123000260,227,1019,-792
123000261,78,468,-390
123000262,65,355,-290
123000263,245,123,122
123000264,139,40,99
123000265,48,210,-162
123000266,437,901,-464
123000267,260,335,-75
123000268,12,70,-58
123000269,13,66,-53
123000270,8,34,-26
123000271,49,108,-59
123000272,915,192,723
123000273,158,360,-202
123000274,746,341,405
123000275,314,1486,-1172
123000278,4202,3059,1143
123000279,17,123,-106
123000280,215,521,-306
123000281,153,123,30
123000282,92,340,-248
123000283,52,39,13
123000284,38,161,-123
123000286,450,265,185
123000287,730,262,468
123000288,637,386,251
123000289,519,455,64
123000291,401,1017,-616
123000294,134,244,-110
123000295,684,893,-209
123000296,147,409,-262
123000297,141,759,-618
123000298,137,733,-596
123000299,17,260,-243
123000300,451,674,-223
123000301,64,202,-138
123000302,73,241,-168
123000303,17,120,-103
123000305,1081,929,152
123000306,26,412,-386
123000309,35,66,-31
123000310,48,22,26
123000311,0,199,-199
123000312,750,1386,-636
123000313,130,222,-92
123000315,59,492,-433
123000316,1746,47,1699
123000317,201,43,158
123000318,18,395,-377
123000329,15,22,-7
123000337,123,337,-214
123000338,307,60,247
123000339,49,570,-521
123000340,152,536,-384
123000342,0,7,-7
123000343,31,0,31
123000344,1001,599,402
123000345,522,928,-406
123000346,123,88,35
123000352,2959,908,2051
123000353,14,149,-135
123000354,67,4,63
123000355,2,439,-437
123000356,66,5,61
123000357,2,357,-355
123000359,3,337,-334
123000360,110,3,107
123000361,601,309,292
123000362,123,165,-42
123000363,74,438,-364
123000364,506,229,277
123000365,29,265,-236
123000366,223,1339,-1116
123000367,270,1377,-1107
123000370,20,420,-400
123000371,194,17,177
123000372,153,6,147
123000373,8,539,-531
123000374,9,230,-221
123000375,166,20,146
123000376,516,567,-51
123000377,200,12,188
123000378,6,788,-782
123000379,10,309,-299
123000380,69,215,-146
123000381,80,25,55
123000382,1134,21,1113
123000383,226,789,-563
123000384,456,103,353
123000385,495,582,-87
123000436,39,1065,-1026
123000507,135,378,-243
123000508,106,385,-279
123000517,288,27,261
123000518,60,268,-208
123000519,89,57,32
123000520,51,266,-215
123000521,270,101,169
123000522,211,716,-505
123000541,0,0,0
123000542,0,56,-56
123000565,127,19,108
123000566,44,1283,-1239
123000567,86,387,-301
123000573,53,1519,-1466
123000574,373,75,298
123000575,1098,1654,-556
123000576,651,2490,-1839
123000577,67,464,-397
123000578,749,184,565
123000579,7260,2564,4696
123000580,52,21,31
123000582,137,21,116
123000583,16,813,-797
123000584,147,219,-72
123000585,1,170,-169
123000586,38,20,18
123000596,133,146,-13
123000597,27,96,-69
123000602,5,1,4
123000603,189,880,-691
123000604,257,1782,-1525
123000605,607,88,519
123000606,0,244,-244
123000609,23,437,-414
123000610,106,151,-45
123000613,52,115,-63
123000614,276,49,227
123000615,61,245,-184
123000616,343,54,289
123000617,24,1141,-1117
123000618,43,1015,-972
123000619,582,31,551
123000620,11,833,-822
123000622,278,17,261
123000624,155,49,106
123000630,373,425,-52
123000631,154,2574,-2420
123000632,1341,1596,-255
123000633,1,194,-193
123000634,70,25,45
123000635,252,159,93
123000636,18,1042,-1024
123000637,129,204,-75
123000638,338,108,230
123000639,1147,2417,-1270
123000640,60,1525,-1465
123900001,1692,99,1593
123900002,7,835,-828
123900003,495,876,-381
123900005,90,117,-27
123900006,75,27,48
124000001,1282,113,1169
124000002,142,1953,-1811
124000003,314,135,179
124000004,43,1107,-1064
124000005,464,251,213
124000006,248,2240,-1992
124000007,730,130,600
124000008,15,428,-413
124000009,166,429,-263
124000010,86,668,-582
124000011,419,373,46
124000012,218,1328,-1110
124000017,36,208,-172
124000018,84,191,-107
124000019,62,164,-102
124000020,58,329,-271
124000021,49,75,-26
124000022,130,360,-230
124000023,1057,1257,-200
124000024,1018,779,239
124000025,823,1221,-398
124000026,1293,1188,105
124000027,5687,2742,2945
124000028,3999,3778,221
124000030,4026,1113,2913
124000031,602,773,-171
124000032,6454,1481,4973
124000033,138,118,20
124000034,2679,715,1964
124000035,16,35,-19
124000036,45,176,-131
124000037,391,196,195
124000038,78,20,58
124000039,2129,225,1904
124000040,922,418,504
124000041,369,83,286
124000042,141,369,-228
124000043,218,62,156
124000044,66,339,-273
124000045,389,756,-367
124000046,183,809,-626
124000047,608,1241,-633
124000048,391,2624,-2233
124000049,637,865,-228
124000050,396,3467,-3071
124000051,336,705,-369
124000052,323,2150,-1827
124000053,368,853,-485
124000054,591,969,-378
124000055,821,1182,-361
124000056,5085,1496,3589
124000057,407,434,-27
124000058,355,1812,-1457
124000059,317,461,-144
124000060,1029,1143,-114
124000061,1146,1993,-847
124000062,7219,1894,5325
124000063,1374,1751,-377
124000064,3100,2558,542
124000065,15,133,-118
124000066,138,60,78
124000067,34,341,-307
124000068,1,25,-24
124000069,76,14,62
124000070,23,280,-257
124000071,139,115,24
124000072,227,781,-554
124000073,526,115,411
124000074,145,1412,-1267
124000075,99,22,77
124000076,7,374,-367
124000077,2643,614,2029
124000078,4183,298,3885
124000079,1269,1135,134
124000080,367,120,247
124000081,192,1058,-866
124000082,12,202,-190
124000083,43,241,-198
124000084,14,120,-106
124000085,34,34,0
124000086,67,64,3
124000087,67,52,15
124000088,291,358,-67
124000089,488,615,-127
124000090,47,504,-457
124000091,153,111,42
124000092,33,705,-672
124000093,92,60,32
124000094,232,382,-150
124000095,23,85,-62
124000096,69,504,-435
124000097,33,95,-62
124000098,50,117,-67
124000099,41,122,-81
124000100,22,120,-98
124000101,26,119,-93
124000102,54,117,-63
124000103,25,83,-58
124000104,47,102,-55
124000105,24,72,-48
124000106,79,128,-49
124000107,11,101,-90
124000108,66,35,31
124000109,79,64,15
124000110,90,126,-36
124000111,130,181,-51
124000112,390,964,-574
124000113,43,46,-3
124000114,149,759,-610
124000115,341,906,-565
124000116,92,78,14
124000117,101,93,8
124000118,36,40,-4
124000119,1002,806,196
124000120,509,640,-131
124000121,1699,568,1131
124000122,578,1074,-496
124000123,907,411,496
124000124,591,1096,-505
124000125,446,423,23
124000126,478,664,-186
124000127,969,523,446
124000128,594,1309,-715
124000129,1942,1434,508
124000130,864,654,210
124000131,1075,614,461
124000132,919,797,122
124000133,445,847,-402
124000134,615,1043,-428
124000135,1766,1547,219
124000136,1190,1447,-257
124000137,1663,678,985
124000138,2387,1323,1064
124000139,297,19,278
124000140,20,559,-539
124000141,73,10,63
124000142,9,126,-117
124000143,20,10,10
124000144,5,42,-37
124000145,84,22,62
124000146,31,224,-193
124000148,58,22,36
124000149,974,275,699
124000150,543,655,-112
124000151,345,137,208
124000152,622,1177,-555
124000153,424,348,76
124000154,564,945,-381
124000155,740,464,276
124000156,990,963,27
124000169,134,382,-248
124000170,779,519,260
124000171,182,290,-108
124000172,349,805,-456
124000173,243,364,-121
124000174,137,985,-848
124000175,16,237,-221
124000176,7,12,-5
124000177,44,75,-31
124000178,58,21,37
124000190,110,35,75
124000191,138,25,113
124000192,1505,297,1208
124000193,352,1525,-1173
124000194,307,800,-493
124000195,203,529,-326
124000196,809,1592,-783
124000197,54,69,-15
124000198,18,25,-7
124000201,197,1260,-1063
124000202,339,103,236
124000203,101,1442,-1341
124000204,295,757,-462
124000205,63,854,-791
124000206,151,478,-327
124000207,0,70,-70
124000209,171,877,-706
124000210,110,253,-143
124000211,202,2,200
124000212,4,802,-798
124000213,121,523,-402
124000214,105,1004,-899
124000215,53,6,47
124000216,5,843,-838
124000329,59,3407,-3348
124000338,24,1825,-1801
124000339,205,70,135
124000341,267,57,210
124000344,36,20,16
124000357,663,1179,-516
124000358,774,839,-65
124000359,883,383,500
124000360,402,294,108
124000361,829,643,186
124000362,1731,2393,-662
124000363,279,643,-364
124000364,579,1780,-1201
124000365,749,1490,-741
124000366,2337,1069,1268
124000367,124,893,-769
124000368,178,112,66
124000369,95,56,39
124000370,70,667,-597
124000402,4,15,-11
124000403,11,21,-10
124000404,6,179,-173
124000405,1334,764,570
124000406,1184,1072,112
124000407,3,32,-29
124000411,4,696,-692
124000412,61,14,47
124000413,98,36,62
124000414,29,145,-116
124000415,74,297,-223
124000416,103,558,-455
124000417,81,157,-76
124000418,43,212,-169
124000419,45,302,-257
124000420,14,113,-99
124000421,25,448,-423
124000422,34,10,24
124000423,108,65,43
124000424,2,172,-170
124000425,8,4,4
124000426,3,64,-61
124000427,8,23,-15
124000428,11,40,-29
124000429,22,91,-69
124000430,432,1077,-645
124000431,354,1268,-914
124000432,115,984,-869
124000439,1,4,-3
124000442,6,283,-277
124000443,1,8,-7
124000445,133,151,-18
124000446,1899,37,1862
124900001,146,180,-34
124900002,135,743,-608
124900003,229,419,-190
124900004,157,264,-107
124900005,241,324,-83
124900006,192,278,-86
124900008,1035,348,687
124900009,107,203,-96
124900010,108,49,59
124900011,159,179,-20
124900012,388,133,255
124900013,270,101,169
124900014,60,89,-29
124900015,121,182,-61
124900016,16,59,-43
124900017,883,170,713
124900018,3,7,-4
124900019,169,33,136
124900020,62,64,-2
124900021,121,59,62
124900022,36,3,33
124900024,111,7,104
124900026,22,6,16
124900027,37,120,-83
124900028,1130,214,916
124900029,7,216,-209
124900030,7,256,-249
124900031,19,559,-540
124900032,235,123,112
124900033,86,596,-510
124900034,19,125,-106
124900035,109,581,-472
124900036,2,48,-46
124900037,97,524,-427
124900038,316,326,-10
124900039,0,27,-27
124900040,19,120,-101
124900041,160,1259,-1099
124900042,26,9,17
124900043,220,1199,-979
124900044,17,4,13
124900045,810,519,291
124900046,3242,239,3003
124900047,70,255,-185
124900048,87,202,-115
124900050,95,261,-166
124900052,108,912,-804
124900053,34,477,-443
124900054,3985,393,3592
124900055,1,120,-119
124900057,3,100,-97
124900060,49,302,-253
124900061,18,2,16
124900062,42,19,23
124900066,0,24,-24
124900067,9,169,-160
124900068,377,372,5
124900069,210,95,115
124900070,120,30,90
124900072,33,7,26
124900074,93,383,-290
124900075,28,136,-108
124900076,37,219,-182
124900077,19,116,-97
124900078,64,2,62
124900079,857,21,836
124900080,100,808,-708
124900081,257,189,68
124900082,200,939,-739
124900083,98,499,-401
124900084,2625,77,2548
124900085,1290,148,1142
124900086,52,345,-293
124900087,398,53,345
124900088,672,78,594
124900089,1672,24,1648
124900090,124,252,-128
124900091,173,835,-662
124900092,130,682,-552
124900093,124,210,-86
124900094,143,301,-158
124900095,55,379,-324
124900096,719,162,557
124900097,167,62,105
124900098,144,479,-335
124900099,932,320,612
124900100,183,52,131
124900101,26,488,-462
124900102,130,25,105
124900103,79,346,-267
124900104,8,232,-224
124900105,40,215,-175
124900106,239,54,185
124900107,26,17,9
124900108,143,20,123
124900109,16,80,-64
124900110,98,456,-358
124900111,0,40,-40
124900112,53,1390,-1337
124900113,9,3,6
124900114,5,4,1
124900115,0,2,-2
124900116,7,6,1
124900117,12,6,6
124900118,2,0,2
124900119,8,0,8
124900120,0,22,-22
124900121,3,7,-4
124900122,9,7,2
124900123,2,1,1
124900124,6,8,-2
129000186,49,19,30
204000001,3,4,-1
204000002,9,9,0
204000003,4,2,2
204000004,21,0,21
204000005,262,215,47
204000006,685,540,145
204000008,701,257,444
204000011,18,68,-50
204000012,13,119,-106
204000013,2,44,-42
204000019,352,543,-191
204000020,387,744,-357
204000021,2068,740,1328
204000022,381,603,-222
204000023,295,1527,-1232
204000031,40,12,28
204000032,477,86,391
204000034,17,504,-487
204000035,1,8,-7
204000036,9,26,-17
204000037,0,13,-13
204000038,0,19,-19
204000039,6,97,-91
204000040,3,60,-57
204000041,6,96,-90
204000042,13,33,-20
204000043,6,32,-26
204000044,6,7,-1
204000045,12,11,1
204000046,5,5,0
204000057,1,89,-88
204000062,1,32,-31
204000068,17,100,-83
204000069,11,113,-102
204000070,25,118,-93
204000080,21,56,-35
204000085,826,2354,-1528
204000086,2705,2354,351
204000087,47,9,38
204000088,8,127,-119
204000090,16,650,-634
204000093,226,33,193
204000096,393,524,-131
204000097,143,13,130
204000099,721,1078,-357
204000100,563,799,-236
204000105,1952,1864,88
204000110,781,1715,-934
204000111,265,947,-682
204000112,949,1186,-237
204000113,647,1081,-434
204000114,900,457,443
204000115,326,321,5
204000116,1711,458,1253
204000119,1177,1069,108
204000132,249,194,55
204000133,364,225,139
204000134,268,135,133
204000135,251,114,137
204000136,123,217,-94
204000138,179,292,-113
204000140,72,139,-67
204000141,53,55,-2
204000144,7,17,-10
204000145,548,26,522
204000146,22,538,-516
204000147,25,90,-65
204000148,501,25,476
204000154,1,0,1
204000155,4,12,-8
204000177,39,65,-26
204000179,9,3,6
204000180,1,45,-44
204000222,1,14,-13
204000235,13,23,-10
204000236,74,369,-295
204000238,57,24,33
204000240,328,54,274
204000263,50,321,-271
204000308,187,24,163
204000317,18,80,-62
204000322,6,37,-31
204000323,15,16,-1
204000328,231,32,199
204000329,45,99,-54
204000330,136,8,128
204000331,21,183,-162
204010341,18,308,-290
205000001,1245,1446,-201
205000013,7,152,-145
205000014,19,194,-175
205000015,34,387,-353
205000016,27,318,-291
205000017,32,112,-80
205000022,266,594,-328
205000025,1682,959,723
205000029,121,4,117
205000045,27,178,-151
205000047,68,533,-465
205000048,98,1053,-955
205000049,70,755,-685
205000050,1083,298,785
205000059,0,299,-299
205000060,0,51,-51
205000061,1,26,-25
205000062,1,37,-36
205000063,5,49,-44
205000064,13,165,-152
205000065,35,979,-944
205000066,65,900,-835
205000067,54,1276,-1222
205000069,190,26,164
205000082,127,106,21
205000110,31,197,-166
205000111,116,273,-157
205000112,78,158,-80
205000113,262,270,-8
205000121,148,39,109
205000123,81,269,-188
205000126,238,62,176
205000127,263,83,180
205000128,267,23,244
205000129,229,32,197
205000130,138,5,133
205000131,93,0,93
205000132,125,1,124
205000133,28,0,28
205000134,48,0,48
205000137,146,156,-10
205000138,510,301,209
205000139,49,77,-28
205000144,46,30,16
205000145,360,69,291
205000151,140,25,115
205000152,76,21,55
205000153,110,25,85
205000154,20,19,1
205000155,49,7,42
205000207,58,169,-111
205000233,1,0,1
205000234,0,0,0
205000243,0,1,-1
205000244,0,9,-9
205000245,15,415,-400
205000249,0,36,-36
205000250,3,1,2
205000251,36,522,-486
205000264,3,142,-139
206000027,9,1,8
206000028,12,3,9
206000043,6,252,-246
206000053,7,24,-17
206000054,6,50,-44
206000055,8,85,-77
206000075,6,5,1
206000076,29,18,11
206000077,5,6,-1
206000078,10,13,-3
206000079,24,2,22
206000082,444,20,424
206000100,103,867,-764
206000103,17,26,-9
206000104,11,18,-7
206000105,10,30,-20
206000106,24,69,-45
206000108,698,26,672
206000125,42,0,42
206000157,196,959,-763
206000170,3,462,-459
206000171,5,387,-382
206000172,12,1658,-1646
206000173,3,476,-473
206000174,5,305,-300
206000175,1,351,-350
206000176,29,719,-690
206000177,4,413,-409
206000178,2,322,-320
206000179,4,219,-215
206000180,31,405,-374
206000181,2,566,-564
206000182,41,538,-497
206000183,49,2056,-2007
206000184,6,772,-766
206000185,10,584,-574
206000186,226,2652,-2426
206000223,8,406,-398
206000226,5,0,5
206000227,18,1,17
206000237,42,837,-795
206000238,113,1104,-991
206000239,874,3869,-2995
206000240,0,66,-66
206000241,1,218,-217
206000242,8,850,-842
206000243,9,695,-686
206000244,102,1586,-1484
206000245,325,58,267
206000246,43,9,34
206000247,54,8,46
206000248,134,17,117
206000252,106,21,85
206000258,26,70,-44
206000315,19,2,17
206000317,252,89,163
206000318,132,31,101
206000319,459,81,378
206000320,50,32,18
206000321,45,15,30
206000322,185,9,176
206000323,62,14,48
206000324,68,9,59
206000325,121,11,110
206000326,77,10,67
206000327,58,19,39
206000328,74,5,69
206000329,124,10,114
206000330,27,5,22
206000331,37,4,33
206000332,11,5,6
206000333,199,8,191
206000334,121,2,119
206000335,0,28,-28
206000361,2,372,-370
206000392,9,91,-82
206000405,90,1,89
206000441,11,7,4
206000498,19,3,16
206000515,172,31,141
206000530,50,43,7
206000531,89,89,0
206000532,1745,129,1616
206000535,550,3248,-2698
206000536,26,346,-320
206000537,10,278,-268
206000613,1346,118,1228
207000001,79,400,-321
207000002,59,344,-285
207000003,130,333,-203
207000007,401,283,118
207000008,39,9,30
207000009,59,25,34
207000010,445,871,-426
207000012,218,297,-79
207000015,380,2367,-1987
207000019,148,80,68
207000021,634,167,467
207000022,57,81,-24
207000023,67,47,20
207000024,2,6,-4
207000025,3,44,-41
207000026,118,100,18
207000027,12,123,-111
207000028,38,345,-307
207000029,257,470,-213
207000033,280,173,107
207000034,160,55,105
207000039,176,148,28
207000040,121,158,-37
207000041,138,94,44
207000042,148,119,29
207000043,114,222,-108
207000051,89,487,-398
207000052,72,247,-175
207000053,542,831,-289
207000054,56,150,-94
207000055,69,239,-170
207000056,285,541,-256
207000057,146,449,-303
207000058,60,599,-539
207000059,41,1112,-1071
207000060,25,287,-262
207000061,38,149,-111
207000062,103,49,54
207000063,111,197,-86
207000064,399,398,1
207000065,323,304,19
207000066,67,199,-132
207000067,34,133,-99
207000068,77,69,8
207000069,625,536,89
207000082,34,460,-426
207000083,115,584,-469
207000084,102,201,-99
207000085,107,11,96
207000086,80,14,66
207000106,11,46,-35
207000107,25,42,-17
207000108,18,14,4
207000109,32,13,19
207000110,33,30,3
207000111,49,43,6
207000112,111,116,-5
207000114,38,32,6
207000115,10,86,-76
207000116,21,236,-215
207000117,8,150,-142
207000118,2,113,-111
207000119,16,159,-143
207000123,231,32,199
207000124,32,22,10
207000125,31,47,-16
207000126,70,20,50
207000134,14,347,-333
207000135,31,385,-354
207000148,36,118,-82
207000149,68,39,29
207000152,143,547,-404
207000153,1456,1085,371
207000154,265,186,79
207000159,52,359,-307
207000160,78,697,-619
207000238,0,58,-58
207000242,7,195,-188
207000248,24,14,10
207000249,110,68,42
207000250,702,58,644
207000251,69,59,10
207000252,45,81,-36
207000278,31,85,-54
207000279,10,314,-304
207000280,156,71,85
207000281,66,1814,-1748
207000282,75,31,44
207000283,114,242,-128
207000284,30,66,-36
207000285,159,35,124
207000291,22,148,-126
207000304,63,58,5
207000306,70,549,-479
207000310,26,79,-53
207000353,91,0,91
207000356,2,28,-26
207000357,12,6,6
207000358,3,1,2
207000415,4,247,-243
207000417,9,3,6
207000437,0,3,-3
207000439,1601,322,1279
207000446,49,1,48
207000460,6,12,-6
207000466,139,239,-100
207000467,40,98,-58
207000468,7,438,-431
207000476,4,135,-131
207000477,186,208,-22
207000523,0,11,-11
207000524,19,0,19
207000527,65,147,-82
207000530,72,4,68
207000531,62,0,62
207000532,63,2,61
207000534,731,26,705
207000535,35,148,-113
207000537,16,149,-133
207000540,8,215,-207
207000541,5,354,-349
207000548,9,347,-338
207000549,68,6,62
207000561,69,38,31
207000562,33,227,-194
207000567,142,320,-178
207000568,53,172,-119
207000569,91,1788,-1697
207000584,414,126,288
207000585,44,110,-66
207000616,0,301,-301
207000617,33,0,33
207900008,57,329,-272
208000001,356,522,-166
208000002,345,365,-20
208000003,537,431,106
208000004,593,573,20
208000005,3,20,-17
208000019,337,848,-511
208000020,61,455,-394
208000021,53,547,-494
208000022,433,863,-430
208000028,1441,1361,80
208000033,259,691,-432
208000034,991,1567,-576
208000040,79,170,-91
208000041,511,516,-5
208000042,486,572,-86
208000047,88,387,-299
208000064,2654,1054,1600
208000066,1199,551,648
208000070,126,397,-271
208000071,146,777,-631
208000072,195,1132,-937
208000080,77,285,-208
208000081,106,116,-10
208000082,146,379,-233
208000083,46,379,-333
208000084,7,13,-6
208000085,586,579,7
208000086,361,906,-545
208000087,225,686,-461
208000089,451,692,-241
208000090,292,1097,-805
208000093,43,119,-76
208000094,271,537,-266
208000095,467,351,116
208000104,518,757,-239
208000105,507,1019,-512
208000114,30,89,-59
208000115,321,280,41
208000116,105,1037,-932
208000117,13,114,-101
208000118,43,83,-40
208000155,449,803,-354
208000158,1689,2248,-559
208000186,3316,1214,2102
208000204,306,777,-471
208000205,611,1323,-712
208000282,3417,989,2428
209000004,78,164,-86
209000005,13,35,-22
209000006,223,105,118
209000007,239,152,87
209000010,406,156,250
209000011,89,220,-131
209000012,233,287,-54
209000013,144,885,-741
209000014,746,2312,-1566
209000025,111,28,83
209000026,402,85,317
209000027,289,1539,-1250
209000028,339,1654,-1315
209000029,468,1340,-872
209000030,320,2253,-1933
209000031,5172,3168,2004
209000034,135,143,-8
209000035,72,77,-5
209000036,54,98,-44
209000037,102,164,-62
209000038,42,141,-99
209000039,29,111,-82
209000040,300,480,-180
209000041,190,371,-181
209000042,264,386,-122
209000043,780,477,303
209000044,165,440,-275
209000045,600,318,282
209000046,143,321,-178
209000047,103,151,-48
209000048,181,177,4
209000049,131,130,1
209000050,121,222,-101
209000051,180,353,-173
209000052,84,318,-234
209000062,31,245,-214
209000063,16,194,-178
209000064,13,194,-181
209000065,26,42,-16
209000066,20,40,-20
209000067,19,67,-48
209000080,20,172,-152
209000082,46,41,5
209000091,34,116,-82
209000093,79,30,49
209000094,175,147,28
209000110,37,48,-11
209000111,563,768,-205
209000112,373,345,28
209000113,768,287,481
209000114,217,215,2
209000115,64,178,-114
209000116,663,619,44
209000118,6,41,-35
209000119,16,15,1
209000121,120,907,-787
209000135,65,52,13
209000142,791,602,189
209000143,42,94,-52
209000144,25,66,-41
209000229,74,126,-52
209000240,31,522,-491
209000259,63,99,-36
209000260,48,1220,-1172
209000261,5,804,-799
209000262,1,760,-759
209000263,1,158,-157
209000264,0,31,-31
209000265,155,0,155
209000266,36,0,36
209000267,138,2,136
209000268,313,16,297
210000037,75,24,51
210000047,28,48,-20
210000048,22,58,-36
210000049,45,34,11
210000052,12,168,-156
210000053,20,80,-60
210000054,120,76,44
210000070,35,0,35
210000071,43,0,43
210000072,13,0,13
210000073,0,40,-40
210000074,0,125,-125
210000075,1,70,-69
210000076,1,181,-180
210000077,24,23,1
210000078,35,19,16
210000079,17,16,1
210000080,54,52,2
210000081,94,7,87
210000082,29,0,29
210000083,63,2,61
210000084,15,0,15
210000085,0,97,-97
210000086,3,170,-167
210000099,34,352,-318
210000100,19,300,-281
210000101,110,276,-166
210000105,82,206,-124
210000159,1,145,-144
210000163,170,181,-11
210000164,351,67,284
210000168,135,19,116
210000187,0,14,-14
210000188,1,29,-28
210000214,8,1,7
210000219,12,40,-28
210000220,53,112,-59
210000232,0,30,-30
210000233,12,60,-48
210000234,20,153,-133
210000235,21,150,-129
210000245,1,31,-30
210000246,25,2,23
210000258,14,193,-179
210000259,117,29,88
210000282,45,287,-242
210000285,1,111,-110
210000286,9,196,-187
210000295,22,148,-126
210000296,29,49,-20
210000320,110,203,-93
210000321,31,134,-103
210000338,46,109,-63
210000339,921,582,339
210000340,179,200,-21
210000341,109,201,-92
210000342,110,158,-48
210000343,106,225,-119
210000344,125,97,28
210000345,194,88,106
210000346,19,66,-47
210000347,68,18,50
210000348,32,7,25
210000349,52,12,40
210000350,44,83,-39
210000351,46,131,-85
210000352,50,138,-88
210000353,17,154,-137
210000354,27,154,-127
210000355,37,120,-83
210000356,44,60,-16
210000357,26,18,8
210000358,447,107,340
210000359,53,48,5
210000360,92,103,-11
210000361,78,135,-57
210000362,204,150,54
210000363,1017,121,896
210000364,130,92,38
210000365,86,27,59
210000366,67,38,29
210000367,41,19,22
210000368,95,25,70
210000369,15,17,-2
210000370,37,54,-17
210000372,20,27,-7
210000373,22,7,15
210000374,59,9,50
210000375,29,122,-93
210000376,60,172,-112
210000404,107,148,-41
210000439,17,58,-41
210000472,76,7,69
210000482,123,55,68
210000564,904,92,812
210000568,720,2,718
211000092,4,91,-87
211000094,38,4,34
211000169,101,8,93
211000172,8,226,-218
211000209,0,20,-20
211000275,9,48,-39
211000276,30,41,-11
211000279,1,85,-84
211000281,9,104,-95
211507980,0,18,-18
211977296,5,2,3
212000003,80,55,25
212000004,39,16,23
212000005,5,14,-9
212000006,15,111,-96
212000008,108,313,-205
212000009,9,209,-200
212000012,40,95,-55
212000013,7,92,-85
212000014,215,220,-5
212000015,172,314,-142
212000016,427,692,-265
212000027,348,439,-91
212000028,138,337,-199
212000029,122,236,-114
212000030,21,33,-12
212000031,41,103,-62
212000048,28,86,-58
212000049,12,87,-75
212000050,16,8,8
212000051,114,264,-150
212000052,144,551,-407
212000053,328,870,-542
212000054,111,154,-43
212000055,114,252,-138
212000056,6,44,-38
212000057,2,24,-22
212000058,287,42,245
212000070,69,491,-422
212000077,87,988,-901
212000099,146,258,-112
212000108,99,179,-80
212000111,87,199,-112
212000120,43,157,-114
212000138,57,16,41
212000156,1,169,-168
212000158,12,12,0
212000159,158,53,105
212000160,279,193,86
212000161,20,5,15
212000310,24,39,-15
212000311,5,74,-69
212000374,14,22,-8
213000001,15,843,-828
213000005,466,67,399
213000006,997,88,909
213000007,26,3,23
213000009,311,131,180
213000010,105,113,-8
213000011,139,116,23
213000012,117,583,-466
213000014,18,8,10
213000015,89,3,86
213000016,103,0,103
213000017,12,0,12
213000018,0,294,-294
213000019,2,199,-197
213000020,104,346,-242
213000021,7,112,-105
213000023,168,106,62
213000033,192,715,-523
213000034,223,348,-125
213000035,64,51,13
213000045,101,264,-163
213000046,76,217,-141
213000047,349,659,-310
213000056,15,8,7
213000069,26,0,26
213000073,0,23,-23
213000074,136,652,-516
213000075,393,7,386
213000085,3,61,-58
213000086,9,254,-245
213000091,29,4,25
213000092,5,2,3
213000099,141,914,-773
213000100,947,146,801
213000101,65,176,-111
213000102,123,615,-492
213000103,549,762,-213
213000104,29,584,-555
213000105,2,46,-44
213000106,8,224,-216
213000107,123,875,-752
213000108,12,632,-620
213000109,2,253,-251
213000110,4,72,-68
213000111,3,60,-57
213000112,267,180,87
213000115,10,3,7
213000116,86,834,-748
213000117,7,1117,-1110
213000118,184,327,-143
213000119,52,864,-812
213000120,71,982,-911
213000122,185,1108,-923
213000123,734,1341,-607
213000124,73,1977,-1904
213000125,161,5,156
213000126,157,97,60
213000127,229,112,117
213000128,1024,436,588
213000129,493,157,336
213000130,310,76,234
213000132,140,52,88
213000133,99,72,27
213000134,416,18,398
213000136,200,9,191
213000137,429,42,387
213000139,164,7,157
213000147,15,0,15
213000148,3,4,-1
213000149,19,1,18
213000150,1,96,-95
213000151,0,82,-82
213000152,2,79,-77
213000153,0,24,-24
213000154,9,210,-201
213000155,26,433,-407
213000156,51,630,-579
213000157,504,660,-156
213000158,254,937,-683
213000159,420,508,-88
213000163,349,137,212
213000165,674,113,561
213000171,0,229,-229
213000172,3,441,-438
213000173,0,433,-433
213000174,5,527,-522
213000175,2,445,-443
213000176,21,8,13
213000177,16,2,14
213000178,22,2,20
213000179,87,2,85
213000180,19,0,19
213000184,105,537,-432
213000188,461,51,410
213000189,155,44,111
213000190,911,663,248
213000191,144,591,-447
213000192,55,638,-583
213000193,1540,269,1271
213000194,1,27,-26
213000195,20,499,-479
213000196,92,714,-622
213000197,194,89,105
213000198,13,0,13
213000200,97,1252,-1155
213000201,117,75,42
213000202,9,795,-786
213000203,2489,254,2235
213000204,311,5,306
213000205,106,13,93
213000206,126,11,115
213000207,28,6,22
213000208,12,1,11
213000209,15,1,14
213000210,71,5,66
213000211,1,3,-2
213000212,2,39,-37
213000213,1,26,-25
213000218,144,1112,-968
213000219,429,15,414
213000220,296,13,283
213000223,117,56,61
213000224,13,10,3
213000225,15,2,13
213000226,12,1,11
213000227,377,81,296
213000228,78,36,42
213000229,612,16,596
213000230,155,8,147
213000232,74,267,-193
213000233,3,24,-21
213000234,1,38,-37
213000293,4,59,-55
213000294,26,2,24
213000295,6,73,-67
213000296,70,18,52
213000297,4,91,-87
213000298,19,97,-78
213000299,38,29,9
213000300,12,1,11
213000303,2,46,-44
213000304,4,7,-3
213000305,2,12,-10
213000306,49,34,15
213000307,115,85,30
213000308,105,355,-250
213000309,75,38,37
213000310,264,110,154
213000311,362,574,-212
213000315,50,210,-160
213000316,47,45,2
213000322,46,208,-162
213000323,38,86,-48
213000324,42,272,-230
213000325,27,246,-219
213000326,19,110,-91
213000327,18,219,-201
213000328,36,113,-77
213000329,26,167,-141
213000340,69,1081,-1012
213000341,156,76,80
213000347,995,90,905
213000348,12,144,-132
213000349,57,10,47
213000350,178,1869,-1691
213000366,16,339,-323
213000367,78,21,57
213000379,81,176,-95
213000386,5,234,-229
213000406,111,478,-367
213000417,606,255,351
213000425,55,57,-2
213000426,65,96,-31
213000427,16,520,-504
213000428,13,334,-321
213000429,20,2,18
213000430,54,1184,-1130
213000431,112,1,111
213000432,0,8,-8
213000433,0,120,-120
213000434,29,131,-102
213000435,81,105,-24
213000436,2,99,-97
213000437,0,86,-86
213000438,50,142,-92
213000439,18,6,12
213000440,1,179,-178
213000441,0,0,0
213000442,4,59,-55
213000443,315,264,51
213000444,15,180,-165
213000445,0,134,-134
213000446,0,8,-8
213000447,0,23,-23
213000448,5,30,-25
213000449,52,2,50
213000450,39,45,-6
213000451,73,120,-47
213000452,17,28,-11
213000453,31,311,-280
213000455,202,2,200
213000456,0,176,-176
213000481,3,4,-1
213000484,75,5,70
213000489,396,14,382
213900002,0,35,-35
213900003,50,9,41
213900013,2,290,-288
213900015,1,10,-9
213900016,1,15,-14
213900020,8,316,-308
213900030,0,72,-72
213900032,185,16,169
213900033,23,24,-1
213900034,134,110,24
213900035,73,1080,-1007
213900036,61,448,-387
213900037,27,563,-536
213900038,147,183,-36
213900039,0,233,-233
213900041,0,58,-58
213900042,152,35,117
213900043,104,128,-24
213900244,2,0,2
213900245,0,34,-34
218000003,10,20,-10
218000004,10,17,-7
218000005,14,24,-10
218000006,26,26,0
218000007,3,14,-11
218000012,230,118,112
218000013,46,125,-79
218000014,581,347,234
218000019,944,396,548
218000020,385,396,-11
218000021,36,160,-124
218000022,15,71,-56
218000023,3,64,-61
218000024,1,27,-26
218000025,14,47,-33
218000026,16,117,-101
218000027,3,31,-28
218000028,1,15,-14
218000029,8,8,0
218000030,18,80,-62
218000031,3,84,-81
218000032,1,73,-72
218000040,1,0,1
218000046,21,294,-273
218000047,5,333,-328
218000048,36,444,-408
218000049,111,297,-186
218000050,400,584,-184
218000051,44,561,-517
218000052,3,124,-121
218000053,1,19,-18
218000054,41,51,-10
218000055,0,40,-40
218000056,12,58,-46
218000057,4,75,-71
218000064,0,4,-4
218000065,16,58,-42
218000066,9,44,-35
218000067,23,101,-78
218000068,51,122,-71
218000069,87,231,-144
218000070,115,375,-260
218000071,166,269,-103
218000072,426,314,112
218000078,492,1510,-1018
218000079,23,77,-54
218000080,73,96,-23
218000081,229,395,-166
218000082,17,184,-167
218000083,17,79,-62
218000084,56,289,-233
218000085,115,636,-521
218000086,25,263,-238
218000087,212,393,-181
218000090,6,92,-86
218000091,526,427,99
218000092,33,158,-125
218000093,29,124,-95
218000094,334,918,-584
218000099,420,417,3
218000100,140,463,-323
218000101,113,216,-103
218000102,126,406,-280
218000103,39,255,-216
218000104,22,85,-63
218000105,32,9,23
218000106,19,38,-19
218000107,17,169,-152
218000108,9,104,-95
218000112,59,22,37
218000117,33,69,-36
218000134,569,1072,-503
218000135,9,103,-94
218000136,102,67,35
218000137,64,157,-93
218000138,49,138,-89
218000139,53,385,-332
218000140,100,131,-31
218000141,48,48,0
218000142,75,213,-138
218000143,12,205,-193
218000144,17,56,-39
218000145,162,584,-422
218000146,40,125,-85
218000151,24,17,7
218000152,41,69,-28
218000153,0,3,-3
218000154,6,2,4
218000155,9,6,3
218000156,28,16,12
218000157,12,10,2
218000158,2,7,-5
218000159,2,2,0
218000160,3,5,-2
218000161,11,8,3
218000162,10,12,-2
218000163,2,1,1
218000164,13,14,-1
218000165,29,55,-26
218000170,3,23,-20
218000171,32,11,21
218000172,11,6,5
218000173,45,11,34
218000174,3,7,-4
218000176,52,14,38
218000177,249,73,176
218000178,101,85,16
218000179,27,20,7
218000180,34,6,28
218000181,73,23,50
218000187,2,18,-16
218000188,11,35,-24
218000189,19,80,-61
218000190,9,29,-20
218000191,30,142,-112
218000192,99,700,-601
218000193,263,597,-334
218000194,39,602,-563
218000195,68,119,-51
218000196,156,257,-101
218000197,126,461,-335
218000198,5,156,-151
218000199,10,31,-21
218000200,44,33,11
218000201,12,15,-3
218000202,109,128,-19
218000207,6,43,-37
218000208,19,39,-20
218000211,14,10,4
218000212,2,6,-4
218000213,110,80,30
218000214,1,23,-22
218000215,94,148,-54
218000217,2,128,-126
218000218,415,132,283
218000219,26,21,5
218000220,115,296,-181
218000221,482,142,340
218000222,64,13,51
218000223,30,118,-88
218000224,3,50,-47
218000225,151,15,136
218000226,40,39,1
218000230,0,3,-3
218000232,38,53,-15
218000239,15,2,13
218000240,2,0,2
218000241,1,0,1
218000242,5,0,5
218000243,0,4,-4
218000244,3,1,2
218000245,2,0,2
218000246,0,0,0
218000247,1,0,1
218000248,0,56,-56
218000249,0,2,-2
218000250,0,12,-12
218000251,0,12,-12
218000252,0,23,-23
218000253,3,16,-13
218000254,0,20,-20
218000255,0,11,-11
218000256,1,61,-60
218000267,630,1219,-589
218000268,9,92,-83
218000269,8,20,-12
218000270,27,51,-24
218000271,7,58,-51
218000273,11,11,0
218000274,11,1,10
218000275,4,26,-22
218000276,7,61,-54
218000278,13,20,-7
218000279,12,51,-39
218000280,18,13,5
218000281,6,11,-5
218000282,264,151,113
218000284,90,7,83
218000301,38,171,-133
218000302,62,51,11
218000303,2,46,-44
218000316,764,1232,-468
218000317,537,1410,-873
218000318,226,1164,-938
218000319,559,1741,-1182
218000320,516,842,-326
218000338,12,22,-10
218000345,67,49,18
218000346,16,109,-93
218000459,73,454,-381
218000490,6,68,-62
218000501,26,23,3
218000502,23,142,-119
218000503,37,6,31
218000504,69,9,60
218000505,32,140,-108
218000506,26,118,-92
218000508,3,4,-1
218000510,119,12,107
218000520,109,108,1
218000521,0,49,-49
218000522,2,157,-155
218000523,35,1,34
218000524,30,100,-70
218000525,92,8,84
218000526,65,91,-26
218000529,7,216,-209
218000530,3,3,0
218000531,0,38,-38
218000532,5,44,-39
218000534,15,13,2
218000537,9,47,-38
218000538,88,128,-40
218000540,320,122,198
218000543,54,72,-18
218000544,34,132,-98
218000545,23,104,-81
218000546,22,124,-102
218000547,54,131,-77
218000548,129,287,-158
218000549,398,123,275
218000550,224,869,-645
218000551,442,182,260
218000552,828,39,789
218000553,22,68,-46
218000554,15,16,-1
218000555,3,51,-48
218000556,62,599,-537
218000557,178,141,37
218000558,36,1,35
218000559,0,16,-16
218000560,0,6,-6
218000561,7,0,7
218000562,27,200,-173
218000563,83,21,62
218000564,7,118,-111
218000565,227,26,201
218000566,238,17,221
218000567,1,74,-73
218000568,4,0,4
218000569,5,46,-41
218000570,75,5,70
218000571,1,89,-88
218000572,19,2,17
218000573,17,27,-10
218000574,167,55,112
218000575,17,0,17
218000576,0,55,-55
218000577,28,2,26
218000578,0,96,-96
218000579,61,1,60
218000581,4,91,-87
218000582,11,3,8
218000583,2,0,2
218000584,0,24,-24
218000585,11,6,5
218000586,2,40,-38
218000587,0,0,0
218000588,0,8,-8
218000589,0,2,-2
218000590,0,0,0
218000591,0,7,-7
218000592,2,0,2
218000593,0,1,-1
218000594,0,0,0
218000595,0,0,0
218000596,0,0,0
218000597,0,0,0
218000598,0,0,0
218000599,0,0,0
218000600,0,1,-1
218000601,0,0,0
218000602,0,2,-2
218000603,0,1,-1
218000604,5,0,5
218000605,0,17,-17
218000606,12,1,11
218000607,21,52,-31
218000608,9,9,0
218000609,0,43,-43
218000610,12,2,10
218000611,1,2,-1
218000612,0,54,-54
218000613,11,1,10
218000614,0,69,-69
218000615,12,1,11
218000616,8,170,-162
218000617,5,3,2
218000618,0,24,-24
218000619,10,5,5
218000620,1,35,-34
218000621,0,5,-5
218000622,0,14,-14
218000623,1,2,-1
218000624,1,8,-7
218000625,3,0,3
218000626,0,5,-5
218000628,39,40,-1
218000631,6,19,-13
218000632,0,66,-66
218000633,28,0,28
218000634,1,14,-13
218000635,1,5,-4
218000636,573,1851,-1278
218000637,438,840,-402
218000638,67,23,44
218000639,22,325,-303
218000640,170,51,119
218000641,31,560,-529
218000652,206,223,-17
218000653,146,42,104
218000663,1,84,-83
218000675,12,28,-16
218000676,1,42,-41
218000677,7,15,-8
218000680,84,548,-464
218000681,179,64,115
218000691,60,367,-307
218000693,82,59,23
218000703,6,96,-90
218000718,1164,301,863
218000719,1621,43,1578
218000720,1,11,-10
218000721,21,3,18
218000725,2,20,-18
218001214,25,44,-19
218001329,68,47,21
218001330,82,39,43
218001359,0,0,0
218001360,0,0,0
218001361,0,0,0
218001362,0,1,-1
219000001,27,77,-50
219000002,33,114,-81
219000003,54,22,32
219000004,48,55,-7
219000017,72,22,50
219000020,60,18,42
219000022,97,4,93
219000023,69,2,67
219000029,1,125,-124
219000034,9,13,-4
219000039,27,86,-59
219000040,20,16,4
219000041,103,25,78
219000051,0,72,-72
219000052,0,38,-38
219000053,2,286,-284
219000054,347,427,-80
219000055,36,2,34
219000056,2,0,2
219000057,24,0,24
219000062,4,273,-269
219000063,30,4,26
219000064,1,35,-34
219000110,180,53,127
219000111,87,29,58
219000112,160,54,106
219000113,90,35,55
219000114,506,39,467
219000116,64,27,37
219000117,167,95,72
219000118,69,79,-10
219000123,243,87,156
219000124,75,45,30
219000125,22,30,-8
219000126,39,131,-92
219000127,0,7,-7
219000128,42,93,-51
219000129,34,151,-117
219000130,1228,710,518
219000131,977,785,192
219000133,58,28,30
219000134,4,17,-13
219000135,52,45,7
219000136,90,130,-40
219000138,68,14,54
219000139,9,83,-74
219000140,9,0,9
219000141,10,179,-169
219000142,10,127,-117
219000143,22,121,-99
219000145,26,49,-23
219000146,6,84,-78
219000147,2,81,-79
219000148,2,98,-96
219000149,32,333,-301
219000150,6,197,-191
219000151,2,158,-156
219000157,115,220,-105
219000158,109,239,-130
219000161,119,11,108
219000163,1751,404,1347
219000166,71,202,-131
219000167,77,301,-224
219000168,617,71,546
219000174,190,99,91
219000175,38,3,35
219000176,37,1,36
219000177,11,3,8
219000178,4,2,2
219000179,7,6,1
219000180,36,23,13
219000182,33,9,24
219000183,20,85,-65
219000184,18,1,17
219000185,1,148,-147
219000186,7,108,-101
219000187,13,203,-190
219000189,179,124,55
219000190,202,215,-13
219000191,1923,634,1289
219000192,91,104,-13
219000193,563,158,405
219000195,2,86,-84
219000196,10,143,-133
219000198,58,223,-165
219000199,158,240,-82
219000200,30,266,-236
219000201,98,335,-237
219000203,16,155,-139
219000204,78,212,-134
219000205,48,245,-197
219000207,289,271,18
219000209,16,112,-96
219000210,13,142,-129
219000213,13,317,-304
219000239,151,173,-22
219000240,129,331,-202
219000241,66,293,-227
219000242,65,200,-135
219000243,44,301,-257
219000244,16,87,-71
219000245,7,33,-26
219000246,18,24,-6
219000247,36,20,16
219000248,423,154,269
219000249,101,20,81
219000250,67,59,8
219000251,367,130,237
219000252,77,98,-21
219000253,65,30,35
219000255,32,37,-5
219000256,68,49,19
219000257,41,0,41
219000262,78,271,-193
219000263,33,246,-213
219000267,4,151,-147
219000268,0,8,-8
219000269,0,0,0
219000270,0,0,0
219000271,45,4,41
219000278,0,13,-13
219000279,2,1,1
219000283,0,9,-9
219000295,13,117,-104
219000296,61,632,-571
219000297,19,224,-205
219000298,9,301,-292
219000299,373,32,341
219000300,38,428,-390
219000301,167,383,-216
219000302,13,223,-210
219000307,45,108,-63
219000308,47,37,10
219000311,52,47,5
219000312,215,35,180
219000313,128,20,108
219000314,128,711,-583
219000315,79,22,57
219000316,242,23,219
219000317,35,12,23
219000320,2,71,-69
219000321,1,22,-21
219000323,6,168,-162
219000325,1,55,-54
219000326,59,156,-97
219000327,72,44,28
219000328,17,59,-42
219000329,296,78,218
219000330,59,30,29
219000331,24,56,-32
219000332,32,90,-58
219000333,2,9,-7
219000335,75,1,74
219000337,10,0,10
219000338,17,3,14
219000344,40,130,-90
219000345,100,216,-116
219000346,27,275,-248
219000348,48,251,-203
219000349,27,315,-288
219000350,31,69,-38
219000351,0,1,-1
219000352,183,64,119
219000353,61,40,21
219000354,86,117,-31
219000355,90,44,46
219000356,1929,299,1630
219000363,268,18,250
219000364,61,10,51
219000365,67,7,60
219000366,272,113,159
219000368,382,343,39
219000370,1101,140,961
219000371,5,9,-4
219000382,3,17,-14
219000383,741,635,106
219000385,691,463,228
219000386,1304,1235,69
219000387,1,1,0
219000390,0,0,0
219000391,2,3,-1
219000397,115,158,-43
219000398,75,34,41
219000401,9,77,-68
219000402,12,97,-85
219000403,43,133,-90
219000404,7,49,-42
219000407,1,35,-34
219000409,13,38,-25
219000410,19,13,6
219000411,19,11,8
219000446,246,427,-181
219000447,2,29,-27
219000448,12,7,5
219000452,74,62,12
219000453,35,94,-59
219000454,299,163,136
219000556,67,52,15
219000558,49,380,-331
219000590,13,211,-198
219000591,23,46,-23
219000592,104,468,-364
219000595,0,45,-45
219000635,39,20,19
219000636,16,140,-124
219000657,21,25,-4
219000658,7,32,-25
219000673,0,2,-2
219000676,8,1,7
219000679,7,13,-6
219000684,24,0,24
219000685,0,144,-144
219000686,18,1,17
219000688,0,130,-130
219000689,67,149,-82
219000690,146,17,129
219000691,43,60,-17
219000692,100,12,88
219000693,0,41,-41
219000694,39,1,38
219000695,6,1,5
219000698,31,6,25
219000699,0,10,-10
219000727,8,185,-177
219000728,51,4,47
219000770,4,1,3
219000771,0,28,-28
219001150,0,0,0
219001151,0,1,-1
219001166,1,8,-7
219001167,0,51,-51
220000001,5,35,-30
220000002,8,208,-200
220000003,457,353,104
220000004,561,839,-278
220000005,1830,1593,237
220000006,142,981,-839
220000007,214,1009,-795
220000008,184,1319,-1135
220000009,133,629,-496
220000010,39,134,-95
220000011,679,1906,-1227
220000012,50,165,-115
220000014,34,100,-66
220000015,6,125,-119
220000017,20,409,-389
220000018,5679,607,5072
220000019,51,214,-163
220000020,123,303,-180
220000021,339,150,189
220000022,354,594,-240
220000023,204,196,8
220000024,1641,268,1373
220000025,1038,378,660
220000026,213,142,71
220000027,14,94,-80
220000028,13,37,-24
220000029,57,165,-108
220000030,39,65,-26
220000031,158,346,-188
220000064,14,1369,-1355
221000046,17,13,4
221000047,0,0,0
221000048,0,2,-2
221000049,0,14,-14
221000050,6,0,6
221000055,32,72,-40
221000057,67,8,59
221000068,252,103,149
221000069,228,49,179
221000070,134,21,113
221000071,38,11,27
221000072,124,28,96
221000073,164,57,107
221000074,1,31,-30
221000075,31,19,12
221000076,11,53,-42
221000077,32,119,-87
221000081,19,3,16
221000082,26,3,23
221000083,41,4,37
221000084,2,1,1
221000085,17,77,-60
221000086,17,175,-158
221000087,4,225,-221
221000088,16,189,-173
221000089,26,235,-209
221000090,157,429,-272
221000098,180,13,167
221000099,170,17,153
221000100,61,11,50
221000101,352,11,341
221000102,99,5,94
221000109,7,130,-123
221000110,10,178,-168
221000111,25,219,-194
221000112,11,169,-158
221000113,29,248,-219
221000114,26,241,-215
221000120,13,41,-28
221000121,1,14,-13
221000122,13,24,-11
221000123,4,5,-1
221000124,15,398,-383
221000155,75,3,72
221000156,4,24,-20
221000175,0,0,0
221000176,0,3,-3
221000182,17,3,14
221000241,456,230,226
221000242,315,244,71
221000243,315,122,193
221000244,208,329,-121
221000245,28,125,-97
221000246,18,190,-172
221000247,14,148,-134
221000248,22,139,-117
221000267,47,963,-916
221000325,65,71,-6
221000331,7,101,-94
221000338,5,30,-25
221000378,61,35,26
221000381,42,61,-19
222000282,4,0,4
222000296,4,28,-24
222000568,200,13,187
222000569,113,18,95
222000570,67,4,63
222000571,76,6,70
222000577,5,302,-297
222000578,25,266,-241
222000579,32,168,-136
222000580,140,1172,-1032
222000599,1,195,-194
222000600,4,384,-380
222000601,10,937,-927
222000603,22,10,12
222000604,1,18,-17
222000605,2,5,-3
222000606,1,4,-3
222000607,0,3,-3
222000608,5,16,-11
222000609,38,405,-367
222000616,52,51,1
222000617,6,9,-3
222000618,1,0,1
222000620,18,2,16
222000621,15,8,7
222000623,469,1,468
222000624,113,3,110
222000625,239,48,191
222000636,39,1,38
222000686,16,3,13
222000687,18,51,-33
222001066,167,1,166
222001067,4,9,-5
222001068,7,50,-43
222001069,24,31,-7
222001082,2,99,-97
222001083,7,120,-113
222001084,0,21,-21
222001085,1,237,-236
222001111,14,304,-290
222001112,12,13,-1
222001313,12,5,7
222001314,0,122,-122
222001464,18,57,-39
222001465,11,137,-126
222001484,33,55,-22
222001485,7,120,-113
222001494,92,137,-45
222001495,108,658,-550
222001496,181,66,115
222001497,80,884,-804
222001502,21,154,-133
222001503,6,4,2
222001504,34,364,-330
222001505,20,1,19
222001506,57,273,-216
222001507,47,1,46
222001510,43,11,32
222001511,24,554,-530
222001514,192,26,166
222001515,335,870,-535
222001518,51,24,27
222001519,40,568,-528
222001527,40,8,32
222001528,109,223,-114
222001529,39,7,32
222001530,44,343,-299
222001533,152,654,-502
222001534,45,1,44
222001535,49,90,-41
222001536,76,553,-477
222001537,36,11,25
222001538,76,638,-562
222001563,64,36,28
222001564,32,1113,-1081
222001568,121,92,29
222001576,0,0,0
222001579,1,6,-5
222001583,24,400,-376
222001584,42,11,31
222001596,820,2335,-1515
222001597,1057,233,824
222001626,1,262,-261
222001650,53,78,-25
222001651,61,174,-113
222001914,46,7,39
222001915,60,252,-192
222900004,421,154,267
222900009,434,1024,-590
222900019,41,221,-180
222900024,9,34,-25
222900025,0,66,-66
225000001,399,82,317
225000002,253,61,192
225000003,228,59,169
225000004,104,191,-87
225000005,10,48,-38
225000006,0,120,-120
225000007,3054,993,2061
225000010,48,3,45
225000011,375,500,-125
225000012,110,314,-204
225000013,72,134,-62
225000014,411,28,383
225000015,128,273,-145
225000021,341,106,235
225000027,228,478,-250
225000032,479,68,411
225000042,54,751,-697
225000049,25,58,-33
225000050,18,6,12
225000053,0,156,-156
225000058,141,84,57
225000067,109,190,-81
225000068,70,522,-452
225000069,172,478,-306
225000070,57,479,-422
225000071,12,309,-297
225000075,32,849,-817
225000076,80,116,-36
225000078,36,17,19
225000085,13,68,-55
225000086,55,29,26
225000087,105,15,90
225000088,6,130,-124
225000089,342,437,-95
225000090,11,349,-338
225000091,29,254,-225
225000092,22,73,-51
225000093,99,410,-311
225000094,19,470,-451
225000095,261,552,-291
225000096,66,380,-314
225000098,188,107,81
225000099,152,88,64
225000100,92,90,2
225000104,36,452,-416
225000110,8,492,-484
225000111,107,1092,-985
225000112,211,971,-760
225000113,72,628,-556
225000114,41,317,-276
225000115,3026,526,2500
225000116,945,47,898
225000117,431,195,236
225000118,430,123,307
225000119,86,33,53
225000120,343,32,311
225000121,147,9,138
225000123,709,13,696
225000125,110,234,-124
225000126,654,165,489
225000127,862,457,405
225000128,201,321,-120
225000132,92,21,71
225000133,161,29,132
225000134,534,45,489
225000135,20,4,16
225000136,63,1,62
225000137,84,17,67
225000138,161,5,156
225000143,81,154,-73
225000144,0,327,-327
225000145,21,21,0
225000146,26,145,-119
225000147,1,448,-447
225000148,4,260,-256
225000149,112,468,-356
225000151,35,299,-264
225000155,108,288,-180
225000156,102,526,-424
225000157,112,347,-235
225000158,33,419,-386
225000171,1,208,-207
225000180,77,59,18
225000181,0,40,-40
225000182,15,7,8
225000185,3,286,-283
225000187,54,465,-411
225000191,15,4,11
225000194,0,2,-2
225000208,0,45,-45
225000209,18,14,4
225000210,4,183,-179
225000217,0,15,-15
225000218,3,0,3
225000223,1,32,-31
225000224,22,0,22
225000225,0,3,-3
225000226,17,0,17
225000227,30,48,-18
225000228,8,3,5
225000229,0,72,-72
225000230,62,0,62
225000231,0,132,-132
225000232,37,0,37
225000241,18,0,18
225000242,0,47,-47
225000249,60,54,6
225000250,41,938,-897
225000251,193,18,175
225000254,0,0,0
225000256,0,1,-1
225000257,0,4,-4
226000042,383,368,15
226000043,67,267,-200
226000044,110,714,-604
226000045,72,476,-404
226000046,117,33,84
226000047,169,40,129
226000048,201,31,170
226000049,108,45,63
226000070,0,63,-63
226000071,0,90,-90
226000072,0,8,-8
226000073,0,12,-12
226000074,0,16,-16
226000084,0,65,-65
226000085,0,5,-5
226000086,1,6,-5
226000087,1,24,-23
226000088,76,13,63
226000090,147,16,131
226000091,10,1,9
226000092,1,0,1
226000093,4,0,4
226000094,1,1,0
226000095,13,1,12
226000105,0,0,0
226000106,3,0,3
226000107,2,0,2
226000108,7,1,6
226000109,36,1,35
226000124,83,53,30
226000134,264,272,-8
226000135,712,388,324
226000136,138,282,-144
226000137,16,422,-406
226000138,7,298,-291
226000139,1,32,-31
226000156,34,1,33
226000157,86,5,81
226000163,68,57,11
226000202,8,456,-448
226000231,68,7,61
226000232,22,4,18
227000033,216,39,177
227000036,135,15,120
227000037,84,6,78
227000038,69,16,53
227000084,0,36,-36
227000085,0,30,-30
227000088,12,7,5
227000089,69,1,68
227000090,16,0,16
227000091,2,1,1
227000092,7,0,7
227000093,25,0,25
227000094,5,0,5
227000130,12,85,-73
227000131,9,339,-330
227000132,23,327,-304
227000133,17,285,-268
227000134,9,477,-468
227000152,0,5,-5
227000153,1,39,-38
227000154,0,24,-24
227000155,1,26,-25
227000156,0,28,-28
227000165,6,38,-32
227000196,114,531,-417
227000199,88,866,-778
227000230,33,630,-597
227000232,115,10,105
227000242,57,474,-417
227000243,406,33,373
227000245,18,378,-360
227000246,69,552,-483
227000247,156,86,70
227000248,33,12,21
227000249,10,250,-240
227000250,208,97,111
227000251,109,249,-140
227000252,13,440,-427
227000253,36,30,6
227000262,186,10,176
227000266,361,23,338
227000267,26,2847,-2821
227000282,11,336,-325
227000284,100,10,90
227000286,7,138,-131
227000291,35,703,-668
227000296,711,311,400
227000484,372,22,350
227000485,28,808,-780
227000655,42,12,30
227000656,616,10,606
227000657,23,7,16
227000704,28,17,11
229000265,1,4,-3
229000266,1,1,0
229000267,1,0,1
229000268,0,0,0
229000269,40,0,40
229000274,1,13,-12
229000275,2,20,-18
229000276,3,19,-16
229000277,0,1,-1
229000278,0,7,-7
229000295,9,17,-8
229000296,12,2,10
229000297,3,58,-55
229000298,4,95,-91
229000320,6,5,1
229000321,2,7,-5
229000412,5,66,-61
229000414,8,49,-41
229000415,3,1,2
229000416,3,2,1
229000417,0,7,-7
229000419,42,237,-195
229000440,115,58,57
229000442,3,5,-2
229000443,1,3,-2
229000444,1,29,-28
229000445,8,5,3
229000446,15,23,-8
229000491,3,40,-37
229000492,20,150,-130
229000493,6,155,-149
229000494,28,11,17
229000495,103,21,82
229000496,24,15,9
229000507,0,43,-43
229000508,5,43,-38
229000509,1,98,-97
229000510,3,34,-31
229000511,8,105,-97
229000512,1,59,-58
229000513,0,10,-10
229000514,0,3,-3
229000517,1,9,-8
229000518,10,39,-29
229000519,0,18,-18
229000520,3,58,-55
229000521,21,36,-15
229000522,2,19,-17
229000523,7,15,-8
229000524,0,9,-9
229000527,2,1,1
229000528,0,1,-1
229000529,4,0,4
229000530,50,17,33
229000531,26,14,12
229000532,22,10,12
229000533,78,7,71
229000534,66,4,62
229000564,25,3,22
229000565,7,1,6
229000566,0,50,-50
229000567,0,124,-124
229000582,192,5,187
229000583,4,7,-3
229000584,1,74,-73
229000585,6,87,-81
229000718,0,2,-2
229000719,0,2,-2
229000720,0,21,-21
229000721,0,20,-20
229000722,0,30,-30
229000723,0,20,-20
229000724,0,0,0
229000725,0,10,-10
229000738,2,0,2
229000739,0,0,0
229000740,2,0,2
229000741,4,0,4
229000742,1,0,1
229000743,24,1,23
229000744,4,0,4
229000745,1,0,1
229000746,17,0,17
229000847,17,0,17
229000848,6,0,6
229000849,68,2,66
229000851,8,1,7
229000854,0,88,-88
229000856,1,231,-230
229000857,0,76,-76
229000858,2,199,-197
229000919,6,111,-105
229000930,0,193,-193
229000937,74,31,43
229000966,25,11,14
229000981,13,52,-39
229000985,2,45,-43
229000986,0,4,-4
229000987,0,1,-1
229000988,0,4,-4
229000989,0,12,-12
229000990,0,5,-5
229000991,0,0,0
229000992,5,1,4
229000993,113,10,103
229000998,12,41,-29
229000999,57,9,48
229001034,0,16,-16
229001035,1,0,1
229001036,1,44,-43
229001037,26,3,23
229001038,0,0,0
229001039,0,0,0
229001040,1,68,-67
229001041,21,0,21
229001042,10,16,-6
229001047,4,55,-51
229001050,13,14,-1
229001168,0,10,-10
229001200,2,0,2
229001338,1,24,-23
229001394,315,5,310
229001422,84,40,44
229001423,20,188,-168
229001431,64,48,16
229001432,70,71,-1
229001444,92,34,58
229001445,44,189,-145
229001479,2,4,-2
229001503,118,93,25
229001504,97,211,-114
229001505,54,86,-32
229001506,39,239,-200
229001509,19,9,10
229001510,9,32,-23
229001545,50,5,45
229001546,11,117,-106
229001553,20,18,2
229001554,8,109,-101
229001630,41,10,31
229001631,25,40,-15
229001635,0,9,-9
229001636,0,1,-1
229001658,0,103,-103
229001659,158,1,157
229001660,0,7,-7
229001661,0,23,-23
229001662,8,0,8
229001663,0,10,-10
229002584,101,88,13
229002831,112,95,17
229002841,2,34,-32
229002842,1,2,-1
229002843,9,16,-7
229002844,14,66,-52
229002845,1,90,-89
229002846,6,17,-11
229002847,0,10,-10
229002848,0,3,-3
229002849,0,44,-44
229002850,1,0,1
229002851,11,62,-51
229002852,16,28,-12
229002853,21,5,16
229002854,13,54,-41
229002855,2,59,-57
229002856,0,6,-6
229002857,0,64,-64
229002858,1,0,1
229002859,10,26,-16
229002860,13,2,11
229002861,5,11,-6
229002862,4,31,-27
229002863,5,16,-11
229002864,2,15,-13
229002865,3,6,-3
229002866,1,17,-16
229002867,3,14,-11
229002868,2,4,-2
229002869,10,122,-112
229002870,8,3,5
235000066,320,77,243
235000067,110,108,2
235000072,40,61,-21
235000073,103,322,-219
235000074,17,100,-83
235000080,3,92,-89
235000081,91,264,-173
235000082,38,44,-6
235000083,103,103,0
235000084,19,54,-35
235000085,66,69,-3
235000089,14,67,-53
235000092,7,161,-154
235000093,4,4,0
235000097,3,2,1
235000098,28,36,-8
235000099,15,51,-36
235000116,44,24,20
235000117,858,10,848
235000133,16,240,-224
235000134,6,98,-92
235000206,13,2,11
235000207,0,3,-3
235000208,1,0,1
235000209,32,39,-7
235000210,2,3,-1
235000212,4,18,-14
235000213,2,4,-2
235000220,2,5,-3
235000221,5,8,-3
235000238,5,23,-18
235000239,0,2,-2
235000242,134,202,-68
235000245,1021,194,827
235000246,2,49,-47
235000284,3,84,-81
235000295,14,1,13
235000305,26,2,24
235000306,30,9,21
235000307,1,1,0
235000308,1,0,1
235000309,9,0,9
235000310,19,0,19
235000311,18,5,13
235000322,0,36,-36
235000323,0,71,-71
235000324,0,14,-14
235000325,2,12,-10
235000326,6,356,-350
235000351,6,63,-57
235000352,16,57,-41
235000353,0,42,-42
235000354,1,48,-47
235000355,0,88,-88
235000356,5,4,1
235000357,2,0,2
235000358,5,2,3
235000359,1,5,-4
235000360,17,4,13
235000361,8,1,7
235000381,19,355,-336
235000382,54,45,9
235000390,2,8,-6
235000391,36,26,10
235000392,52,146,-94
235000393,46,86,-40
235000395,81,31,50
235000396,163,48,115
235000400,89,33,56
235000401,15,201,-186
235000405,86,417,-331
235000406,36,354,-318
235000407,70,189,-119
235000409,188,233,-45
235000410,27,234,-207
235000411,0,87,-87
235000485,0,18,-18
235000486,4,0,4
235000549,37,72,-35
235000550,47,263,-216
235000599,53,99,-46
235000600,5,11,-6
235000601,23,34,-11
235000602,34,130,-96
235000614,0,2,-2
235000648,0,22,-22
235000649,6,0,6
235000685,1,6,-5
235000815,2,29,-27
235000834,0,1,-1
235000855,23,45,-22
235000862,17,253,-236
235000891,0,4,-4
235000892,82,43,39
235000901,78,114,-36
235000907,0,5,-5
235001010,28,76,-48
235001029,818,396,422
235001030,597,179,418
235001078,58,96,-38
235001079,62,144,-82
235001147,18,23,-5
235001166,15,62,-47
235001167,19,64,-45
235001169,14,297,-283
235001188,0,3,-3
235001189,3,0,3
235001197,11,9,2
235001200,43,24,19
235001208,17,9,8
235001209,5,45,-40
235001210,41,200,-159
235001239,1,61,-60
235001244,0,6,-6
235016267,0,13,-13
241900007,10,0,10
277101746,0,4,-4
277102712,69,74,-5
277103813,0,0,0
277103814,0,0,0
277103898,0,2,-2
990011530,0,240,-240
990014944,1,648,-647
990015176,21,9,12
990015618,0,102,-102
990016032,3,475,-472
990032570,1,116,-115
990070001,17,1,16
990070103,0,1,-1
990070601,0,90,-90
990070751,124,3,121
990070766,3,1266,-1263
990071180,156,182,-26
990071343,13,2,11
990071387,0,14,-14
990071823,150,3,147
990072600,6,685,-679
990072964,4,766,-762
990073285,0,6,-6
990074393,5,1581,-1576
990074870,259,2,257
990075106,165,2,163
990075746,71,2,69
990076437,180,6,174
990076458,2,1658,-1656
997000007,58,0,58
997000041,0,233,-233
997000058,6,1,5
997000062,2,0,2
997000069,0,6,-6
997000070,0,57,-57
997000100,6,1,5
997000141,2,243,-241
997000198,13,95,-82
998000475,0,29,-29
998000736,5,351,-346
998000965,0,8,-8
998001031,0,47,-47
998001700,0,22,-22
998001899,0,1,-1
998001900,2,1,1
998003073,1216,4,1212
998101900,0,0,0
998102850,2,113,-111
998501927,213,303,-90
998501929,81,4,77
998501930,34,1,33
998501931,66,15,51
998501932,4,0,4
998501933,21,2,19
998501937,2,0,2
998501944,4,0,4
998501970,13,3,10
998501971,0,62,-62
998501972,414,3,411
998501973,0,76,-76
998501974,1,324,-323
998501975,72,17,55
998501976,24,4,20
998501977,0,15,-15
998501978,23,0,23
998501979,1,19,-18
998501980,127,1,126
998501981,17,7,10
998501982,0,144,-144
998502006,0,0,0
998502024,0,1,-1
998502032,0,2,-2
998502062,11,1,10
998502063,0,0,0
998502173,3,3,0
998502269,0,1,-1
998601159,4,561,-557
998601292,1,13,-12
999033574,0,110,-110
999800001,20,0,20
999800002,0,1,-1
999800003,2,1,1
999800004,0,7,-7
999800005,0,7,-7
