ID,insum,outsum,diff
100000001,0,0,0
100000002,1645,2883,-1238
100000003,2923,4108,-1185
100000004,193,844,-651
100000005,1550,2325,-775
100000006,136,150,-14
100000007,549,428,121
100000008,51,36,15
100000009,39,301,-262
100000010,0,60,-60
100000011,119,34,85
100000012,53,59,-6
100000013,1,20,-19
100000014,28,38,-10
100000015,526,840,-314
100000016,109,240,-131
100000017,114,129,-15
100000018,280,155,125
100000019,477,929,-452
100000020,342,1617,-1275
100000021,388,280,108
100000022,380,1145,-765
100000023,818,608,210
100000025,268,1079,-811
100000028,464,606,-142
100000029,13,35,-22
100000030,100,13,87
100000031,786,2910,-2124
100000032,315,1407,-1092
100000033,200,1182,-982
100000034,20,174,-154
100000035,286,687,-401
100000036,150,307,-157
100000037,326,120,206
100000038,1195,469,726
100000039,127,76,51
100000040,6,119,-113
100000041,401,168,233
100000042,344,109,235
100000043,308,118,190
100000044,39,12,27
100000045,48,97,-49
100000046,169,110,59
100000047,78,52,26
100000048,51,166,-115
100000049,258,293,-35
100000051,210,96,114
100000053,52,0,52
100000054,60,0,60
100000055,70,32,38
100000056,109,101,8
100000057,714,174,540
100000058,65,141,-76
100000059,11,88,-77
100000060,206,198,8
100000061,659,208,451
100000062,397,213,184
100000063,344,193,151
100000064,212,216,-4
100000065,86,124,-38
100000066,81,106,-25
100000067,69,227,-158
100000068,144,199,-55
100000069,74,223,-149
100000072,29,80,-51
100000073,301,320,-19
100000075,189,54,135
100000076,578,2302,-1724
100000077,74,248,-174
100000078,20,107,-87
100000079,5,72,-67
100000080,2,63,-61
100000081,1,66,-65
100000102,1060,2207,-1147
100000103,596,736,-140
100000104,523,453,70
100000105,260,518,-258
100000106,450,1906,-1456
100000107,27,681,-654
100000108,66,152,-86
100000109,767,381,386
100000116,463,600,-137
100000117,3,81,-78
100000118,2271,498,1773
100000119,713,438,275
100000121,27,253,-226
100000122,166,522,-356
100000123,2824,2531,293
100000124,900,1301,-401
100000125,381,1171,-790
100000126,202,358,-156
100000127,262,384,-122
100000128,61,644,-583
100000129,86,127,-41
100000130,421,522,-101
100000131,160,324,-164
100000132,257,1073,-816
100000133,978,315,663
100000135,170,410,-240
100000139,147,285,-138
100000140,0,0,0
100000142,412,204,208
100000143,98,86,12
100000144,537,69,468
100000147,889,3781,-2892
100000150,31,122,-91
100000151,88,1056,-968
100000153,0,82,-82
100000154,1,184,-183
100000155,0,27,-27
100000156,121,145,-24
100000157,636,128,508
100000158,39,129,-90
100000159,55,366,-311
100000165,629,218,411
100000169,18,184,-166
100000174,46,162,-116
100000179,37,742,-705
100000180,130,52,78
100000181,73,84,-11
100000188,2,57,-55
100000189,349,145,204
100000190,233,518,-285
100000191,65,191,-126
100000192,1,142,-141
100000193,35,76,-41
100000330,262,483,-221
100000355,56,99,-43
100000362,1084,492,592
100000363,3622,4302,-680
100000364,234,58,176
100000365,5866,4719,1147
100000366,1163,1014,149
100000367,4135,3972,163
100000368,109,84,25
100000369,210,1382,-1172
100000370,25,684,-659
100000376,31,314,-283
100000379,451,1872,-1421
100000380,2212,3484,-1272
100000384,2302,3740,-1438
100000385,481,3094,-2613
100000386,1308,2572,-1264
100000387,891,4603,-3712
100000388,1705,1572,133
100000389,1922,3649,-1727
100000390,976,994,-18
100000391,2577,4616,-2039
100000392,353,892,-539
100000393,307,2443,-2136
100000394,924,1637,-713
100000395,530,1299,-769
100000396,1179,775,404
100000397,624,1693,-1069
100000398,7963,2437,5526
100900002,0,0,0
100900003,46,50,-4
100900004,0,2,-2
100900005,0,0,0
100900006,0,0,0
100900007,0,0,0
100900008,0,1,-1
100900009,7,12,-5
100900010,0,0,0
100900011,0,0,0
100900012,0,0,0
100900013,0,0,0
100900014,0,0,0
100900015,0,0,0
100900016,0,0,0
100900017,103,30,73
100900018,0,0,0
100900019,0,0,0
100900020,0,0,0
100900021,81,0,81
100900022,0,0,0
100900023,0,0,0
100900024,0,0,0
100900025,0,0,0
100900026,0,0,0
100900027,12,299,-287
100900028,5,6,-1
100900029,0,0,0
100900030,0,0,0
100900031,312,42,270
100900032,51,1,50
100900033,0,0,0
100900034,0,0,0
100900035,0,0,0
100900036,0,0,0
100900037,0,0,0
100900038,0,0,0
100900039,31,1,30
100900040,167,2,165
100900041,169,0,169
100900042,35,26,9
100900043,3,5,-2
100900044,34,0,34
100900045,0,0,0
100900046,139,0,139
100900047,131,3,128
100900048,0,0,0
100900049,0,0,0
100900050,0,0,0
100900051,0,2,-2
100900052,1,0,1
100900053,0,0,0
100900054,0,0,0
100900055,0,0,0
100900056,0,0,0
100900057,36,19,17
100900058,0,0,0
100900059,0,0,0
100900060,0,0,0
100900061,0,0,0
100900062,0,0,0
100900063,37,176,-139
100900064,28,1,27
100900065,0,0,0
100900066,10,2,8
100900067,0,0,0
100900068,0,0,0
100900069,0,0,0
100900070,0,0,0
100900071,0,0,0
100900072,0,0,0
100900073,0,0,0
100900074,0,0,0
100900075,2,2,0
100900076,0,0,0
100900077,2,1,1
100900078,1,0,1
100900079,0,0,0
100900080,2,4,-2
100900081,0,0,0
100900082,0,0,0
100900083,0,0,0
100900085,0,2,-2
100900086,0,1,-1
100900088,0,0,0
100900089,0,0,0
100900090,2,4,-2
100900091,0,0,0
100900092,26,0,26
100900093,0,0,0
100900094,0,0,0
100900095,0,0,0
100900096,1,1,0
100900097,0,0,0
100900098,0,0,0
100900099,0,0,0
100900100,0,0,0
100900101,2,0,2
100900102,0,0,0
100900103,0,0,0
100900104,0,0,0
100900105,0,0,0
100900106,0,0,0
100900107,0,0,0
100900108,0,0,0
100900109,0,0,0
100900110,4,15,-11
100900111,0,0,0
100900112,1,0,1
100900113,0,0,0
100900114,0,0,0
100900115,0,1,-1
100900116,12,0,12
100900117,0,0,0
100900118,0,0,0
100900119,0,0,0
100900120,0,0,0
100900121,8,0,8
100900122,0,0,0
100900123,0,0,0
100900124,0,0,0
100900125,0,0,0
100900126,0,0,0
100900127,0,0,0
100900128,0,0,0
100900129,0,0,0
100900131,1,0,1
100900133,0,0,0
100900134,0,0,0
100900135,0,0,0
100900137,0,0,0
100900138,0,0,0
100900139,0,0,0
100900140,0,0,0
100900141,0,0,0
100900142,0,0,0
100900143,0,0,0
100900144,0,0,0
100900145,0,0,0
100900146,0,0,0
100900147,0,0,0
100900148,0,0,0
100900149,0,0,0
100900150,0,0,0
100900151,0,0,0
100900152,0,0,0
100900153,0,0,0
100900154,1,0,1
100900155,0,0,0
100900156,0,0,0
100900157,0,0,0
100900158,0,0,0
100900159,0,0,0
100900160,0,0,0
100900161,0,0,0
100900162,0,0,0
100900163,0,0,0
100900164,0,0,0
100900165,0,0,0
100900166,0,0,0
100900167,0,0,0
100900168,0,0,0
100900169,0,2,-2
100900170,0,0,0
100900171,0,0,0
100900172,0,0,0
100900173,0,0,0
100900174,0,0,0
100900176,0,0,0
100900177,0,0,0
100900178,41,3,38
100900179,0,0,0
100900180,0,0,0
100900181,0,0,0
100900182,0,1,-1
100900184,4,13,-9
100900186,0,0,0
100900187,0,0,0
100900188,0,0,0
100900189,0,0,0
100900191,0,0,0
100900192,0,0,0
100900195,1,2,-1
100900197,144,175,-31
100900198,0,2,-2
100900199,24,9,15
100900200,0,0,0
100900201,1,2,-1
100900202,0,0,0
100900203,0,0,0
100900204,6,0,6
100900205,0,0,0
100900206,0,0,0
100900207,0,0,0
100900210,0,0,0
100900211,0,0,0
100900213,0,0,0
100900214,0,0,0
100900215,0,0,0
100900217,0,4,-4
101000001,548,1127,-579
101000002,270,937,-667
101000003,33,507,-474
101000004,3990,5887,-1897
101000005,2575,4551,-1976
101000006,3032,4963,-1931
101000007,655,3519,-2864
101000008,1229,3047,-1818
101000009,1092,356,736
101000010,274,384,-110
101000011,177,342,-165
101000012,51,17,34
101000013,193,482,-289
101000014,212,677,-465
101000015,834,641,193
101000016,44,471,-427
101000017,159,324,-165
101000018,776,801,-25
101000020,908,228,680
101000021,76,426,-350
101000022,1,1,0
101000023,188,334,-146
101000025,70,178,-108
101000026,114,4,110
101000027,947,1779,-832
101000028,281,150,131
101000029,25,718,-693
101000030,250,68,182
101000031,80,871,-791
101000032,1510,2598,-1088
101000033,319,1499,-1180
101000034,242,1155,-913
101000035,53,119,-66
101000036,269,643,-374
101000037,418,1778,-1360
101000039,287,992,-705
101000040,466,1442,-976
101000041,2382,4180,-1798
101000042,47,496,-449
101000043,1398,2359,-961
101000045,168,400,-232
101000046,760,1541,-781
101000047,946,2233,-1287
101000048,69,188,-119
101000049,68,378,-310
101000050,234,1323,-1089
101000051,211,1757,-1546
101000052,575,1807,-1232
101000053,111,547,-436
101000054,346,182,164
101000055,665,1572,-907
101000056,27,162,-135
101000057,171,509,-338
101000058,290,1555,-1265
101000059,1246,2925,-1679
101000060,90,119,-29
101000061,170,2451,-2281
101000062,70,159,-89
101000063,205,1406,-1201
101000064,176,520,-344
101000065,53,756,-703
101000066,130,989,-859
101000067,133,137,-4
101000068,278,500,-222
101000069,173,77,96
101000070,307,159,148
101000071,746,610,136
101000072,2137,1334,803
101000073,1409,1141,268
101000074,3706,1962,1744
101000075,6352,1106,5246
101000077,2527,770,1757
101000078,971,863,108
101000079,1165,621,544
101000080,485,60,425
101000081,986,1017,-31
101000082,1313,774,539
101000083,1636,1040,596
101000084,319,193,126
101000085,1511,992,519
101000086,84,198,-114
101000087,163,181,-18
101000088,925,789,136
101000089,422,838,-416
101000090,285,235,50
101000091,293,212,81
101000092,780,376,404
101000093,831,318,513
101000094,80,129,-49
101000095,64,120,-56
101000096,433,399,34
101000097,75,147,-72
101000098,76,423,-347
101000099,448,822,-374
101000100,313,673,-360
101000101,303,312,-9
101000102,132,391,-259
101000103,372,294,78
101000104,57,364,-307
101000105,91,183,-92
101000106,13,149,-136
101000107,39,54,-15
101000108,145,46,99
101000109,82,17,65
101000110,29,58,-29
101000111,24,86,-62
101000113,56,349,-293
101000114,1092,1598,-506
101000115,0,0,0
101000116,0,0,0
101000117,0,0,0
101000119,4,69,-65
101000120,4,11,-7
101000121,1,10,-9
101000122,0,26,-26
101000123,0,28,-28
101000124,446,93,353
101000125,42,28,14
101000128,59,130,-71
101000130,486,104,382
101000131,485,355,130
101000132,86,97,-11
101000135,0,4,-4
101000136,14,37,-23
101000137,24,405,-381
101000141,354,3276,-2922
101000147,252,69,183
101000148,97,2,95
101000149,0,0,0
101000150,40,110,-70
101000151,8,1,7
101000152,117,25,92
101000153,237,46,191
101000154,116,173,-57
101000155,6,1,5
101000156,0,2,-2
101000157,1,12,-11
101000160,0,0,0
101000163,71,364,-293
101000164,90,25,65
101000165,264,154,110
101000166,94,294,-200
101000168,5,1,4
101000252,976,317,659
101000254,0,0,0
101000258,214,3,211
101000261,413,49,364
101000262,338,2591,-2253
101000263,108,1050,-942
101000265,2,418,-416
101000266,120,87,33
101000269,0,0,0
101000290,97,1556,-1459
101000293,0,0,0
101000294,218,128,90
101000295,84,101,-17
101000301,52,402,-350
101000304,735,1743,-1008
101000305,1222,1021,201
101900001,5,0,5
101900002,0,0,0
101900003,0,0,0
101900004,0,0,0
101900005,0,0,0
101900006,0,0,0
101900007,0,0,0
101900008,0,0,0
101900009,0,0,0
101900010,0,0,0
101900011,0,0,0
101900012,0,0,0
101900013,0,0,0
101900017,0,0,0
101900018,7,0,7
101900019,0,0,0
101900020,16,2,14
101900021,0,0,0
101900022,16,3,13
101900023,0,0,0
102000001,784,2917,-2133
102000002,968,311,657
102000003,664,3082,-2418
102000004,775,1570,-795
102000005,281,1993,-1712
102000006,225,1364,-1139
102000007,256,2504,-2248
102000008,1952,1218,734
102000009,2892,4015,-1123
102000010,1100,1237,-137
102000011,1864,3355,-1491
102000012,1538,1630,-92
102000018,482,561,-79
102000019,109,432,-323
102000026,3,138,-135
102000029,109,45,64
102000030,12,101,-89
102000031,3,51,-48
102000032,114,77,37
102000033,108,235,-127
102000034,62,60,2
102000035,109,101,8
102000036,0,130,-130
102000037,24,20,4
102000038,51,22,29
102000039,7,17,-10
102000040,21,44,-23
102000041,4,133,-129
102000042,4,99,-95
102000043,2,24,-22
102000044,119,271,-152
102000045,116,449,-333
102000046,284,211,73
102000047,225,353,-128
102000048,123,309,-186
102000049,322,370,-48
102000050,211,382,-171
102000051,115,140,-25
102000052,481,386,95
102000053,483,432,51
102000054,220,141,79
102000055,270,24,246
102000056,558,82,476
102000057,245,105,140
102000058,66,143,-77
102000059,118,136,-18
102000060,502,546,-44
102000061,168,196,-28
102000062,808,558,250
102000063,118,388,-270
102000064,618,737,-119
102000065,21,56,-35
102000066,342,194,148
102000067,717,1845,-1128
102000068,1655,1055,600
102000069,43,542,-499
102000070,680,13,667
102000071,3577,4903,-1326
102000072,918,912,6
102000073,126,134,-8
102000074,175,113,62
102000075,116,90,26
102000076,115,70,45
102000077,721,241,480
102000078,575,84,491
102000079,101,30,71
102000080,111,38,73
102000081,62,363,-301
102000082,77,168,-91
102000083,186,74,112
102000084,460,88,372
102000085,394,253,141
102000086,667,206,461
102000087,224,367,-143
102000088,137,94,43
102000089,652,79,573
102000090,232,538,-306
102000091,888,335,553
102000092,244,321,-77
102000093,231,284,-53
102000094,417,94,323
102000095,132,361,-229
102000096,1823,243,1580
102000097,473,291,182
102000098,422,398,24
102000099,669,292,377
102000100,105,299,-194
102000101,135,317,-182
102000102,113,323,-210
102000103,145,463,-318
102000104,70,258,-188
102000105,131,81,50
102000106,191,74,117
102000107,499,24,475
102000108,286,59,227
102000109,156,53,103
102000110,722,159,563
102000111,4,43,-39
102000112,36,38,-2
102000113,0,18,-18
102000114,157,164,-7
102000115,18,75,-57
102000116,33,329,-296
102000117,8,92,-84
102000118,244,841,-597
102000119,164,243,-79
102000120,55,306,-251
102000121,126,303,-177
102000122,129,511,-382
102000123,88,133,-45
102000124,120,402,-282
102000125,142,102,40
102000126,114,289,-175
102000127,252,90,162
102000128,59,244,-185
102000129,231,112,119
102000130,173,475,-302
102000131,271,272,-1
102000132,60,478,-418
102000133,1460,471,989
102000134,192,329,-137
102000135,59,301,-242
102000136,21,176,-155
102000137,43,19,24
102000138,88,16,72
102000139,36,50,-14
102000140,2,35,-33
102000141,2,35,-33
102000142,54,35,19
102000143,68,52,16
102000144,162,44,118
102000145,99,19,80
102000146,166,36,130
102000147,53,19,34
102000148,10,115,-105
102000149,122,48,74
102000150,265,22,243
102000151,61,69,-8
102000152,87,38,49
102000153,256,169,87
102000154,97,80,17
102000155,47,78,-31
102000156,36,13,23
102000157,2,103,-101
102000158,12,135,-123
102000159,42,58,-16
102000161,42,363,-321
102000162,3,23,-20
102000163,6,251,-245
102000164,148,452,-304
102000165,1,1,0
102000166,2,49,-47
102000167,0,0,0
102000168,32,61,-29
102000169,30,210,-180
102000170,0,0,0
102000171,0,0,0
102000172,16,61,-45
102000173,89,180,-91
102000174,11,7,4
102000175,113,9,104
102000176,10,4,6
102000178,53,24,29
102000179,177,79,98
102000180,290,71,219
102000181,372,170,202
102000182,255,122,133
102000183,928,219,709
102000184,244,94,150
102000185,1260,197,1063
102000186,365,108,257
102000187,149,115,34
102000188,499,415,84
102000189,534,52,482
102000190,447,1020,-573
102000191,197,97,100
102000192,100,394,-294
102000193,33,6,27
102000194,27,35,-8
102000195,185,72,113
102000196,92,50,42
102000197,354,16,338
102000198,50,58,-8
102000199,402,12,390
102000200,108,114,-6
102000201,305,35,270
102000202,0,11,-11
102000203,46,10,36
102000204,162,181,-19
102000205,423,116,307
102000206,111,29,82
102000207,256,125,131
102000208,37,154,-117
102000209,16,19,-3
102000210,102,15,87
102000211,33,1,32
102000212,326,12,314
102000213,0,0,0
102000214,121,2,119
102000215,0,4,-4
102000216,36,42,-6
102000217,0,18,-18
102000218,78,85,-7
102000219,7,3,4
102000225,376,275,101
102000226,0,0,0
102000227,54,8,46
102000228,0,0,0
102000229,0,13,-13
102000230,127,198,-71
102000231,79,182,-103
102000232,2,80,-78
102000233,72,123,-51
102000234,23,892,-869
102000236,18,8,10
102000237,76,6,70
102000238,21,4,17
102000240,0,0,0
102000241,22,4,18
102000243,1,45,-44
102000245,0,0,0
102000246,9,57,-48
102000247,30,174,-144
102000248,87,463,-376
102000249,48,18,30
102000250,17,87,-70
102000254,90,71,19
102000266,3,35,-32
102000271,5,0,5
102000286,77,107,-30
102000297,284,140,144
102000299,0,0,0
102000300,0,0,0
102000301,0,0,0
102000303,0,0,0
102000305,0,0,0
102000306,0,0,0
102000307,0,0,0
102000308,0,0,0
102900001,90,39,51
102900002,66,2,64
102900003,0,0,0
102900005,128,18,110
102900006,83,2,81
102900007,181,1,180
102900008,16,1,15
102900009,35,1,34
102900010,92,4,88
102900011,0,0,0
102900012,0,0,0
102900013,0,0,0
102900015,0,0,0
102900016,0,0,0
102900017,0,0,0
102900018,0,0,0
102900019,0,0,0
102900020,0,0,0
102900021,0,0,0
102900022,0,0,0
102900023,0,0,0
102900024,0,0,0
102900025,0,0,0
102900026,1,176,-175
102900027,0,0,0
102900028,3,80,-77
102900029,0,0,0
102900030,3,52,-49
102900031,83,21,62
102900032,0,0,0
102900033,0,0,0
102900034,128,9,119
102900035,0,0,0
102900036,116,56,60
102900037,63,49,14
102900038,61,20,41
102900039,8,1,7
102900040,0,0,0
102900041,0,0,0
102900042,0,0,0
102900043,0,0,0
102900044,0,0,0
102900045,0,0,0
102900046,0,0,0
102900047,0,0,0
102900048,0,0,0
102900049,1,0,1
102900050,0,0,0
102900051,0,0,0
102900052,0,0,0
102900053,0,0,0
102900054,3,0,3
102900055,0,0,0
102900056,0,0,0
102900057,0,0,0
102900058,0,0,0
102900059,0,0,0
102900060,1,11,-10
102900061,7,17,-10
102900062,24,18,6
102900063,83,12,71
102900064,2,51,-49
102900065,118,1,117
102900066,10,2,8
102900068,0,0,0
102900070,0,0,0
102900072,0,0,0
102900073,0,0,0
102900074,0,0,0
102900075,0,0,0
102900076,0,0,0
102900077,0,0,0
102900078,0,0,0
102900079,82,0,82
102900080,62,1,61
102900081,0,0,0
102900082,0,0,0
102900083,0,0,0
102900084,0,0,0
102900085,0,0,0
102900086,0,0,0
102900087,0,0,0
102900088,0,0,0
102900089,0,0,0
102900090,0,0,0
102900091,0,0,0
102900092,0,0,0
102900093,0,0,0
102900094,0,0,0
102900095,10,0,10
102900096,0,0,0
102900097,0,0,0
103000001,2794,1837,957
103000002,1345,1407,-62
103000003,1280,1379,-99
103000004,246,301,-55
103000005,1338,1427,-89
103000006,600,944,-344
103000007,363,346,17
103000008,236,97,139
103000009,592,504,88
103000010,166,56,110
103000011,642,620,22
103000012,619,1038,-419
103000013,449,563,-114
103000014,765,1854,-1089
103000015,160,80,80
103000016,213,486,-273
103000017,146,284,-138
103000018,170,171,-1
103000019,154,195,-41
103000020,412,552,-140
103000021,2179,1704,475
103000022,179,300,-121
103000023,411,1834,-1423
103000024,31,59,-28
103000025,21,418,-397
103000026,136,82,54
103000027,27,325,-298
103000028,242,224,18
103000029,67,73,-6
103000030,336,536,-200
103000031,523,1246,-723
103000032,804,559,245
103000033,2830,2572,258
103000034,647,469,178
103000035,183,656,-473
103000036,191,239,-48
103000037,241,229,12
103000038,393,693,-300
103000039,194,120,74
103000040,95,329,-234
103000041,824,560,264
103000042,631,97,534
103000043,518,357,161
103000044,73,2,71
103000046,32,84,-52
103000047,160,191,-31
103000048,23,47,-24
103000049,14,57,-43
103000050,110,4,106
103000051,35,51,-16
103000052,69,7,62
103000053,6,47,-41
103000054,1006,185,821
103000055,1282,653,629
103000056,506,423,83
103000057,520,214,306
103000058,329,141,188
103000059,449,258,191
103000060,395,96,299
103000061,414,366,48
103000062,259,54,205
103000063,467,396,71
103000064,38,32,6
103000065,3,31,-28
103000066,50,0,50
103000069,158,81,77
103000070,165,104,61
103000071,325,157,168
103000072,30,74,-44
103000073,452,38,414
103000074,315,32,283
103000075,19,95,-76
103000076,73,379,-306
103000077,12,68,-56
103000078,319,357,-38
103000079,97,278,-181
103000080,390,197,193
103000081,84,562,-478
103000082,280,33,247
103000083,10,86,-76
103000084,39,12,27
103000085,0,11,-11
103000086,515,254,261
103000087,82,423,-341
103000088,184,186,-2
103000089,137,356,-219
103000090,4099,2852,1247
103000091,725,876,-151
103000092,533,224,309
103000093,152,147,5
103000094,131,82,49
103000095,6,84,-78
103000096,341,19,322
103000097,5,116,-111
103000098,389,35,354
103000099,26,86,-60
103000100,28,97,-69
103000101,614,69,545
103000102,30,82,-52
103000103,417,32,385
103000104,33,46,-13
103000105,129,25,104
103000106,6,44,-38
103000107,201,16,185
103000108,795,916,-121
103000109,238,576,-338
103000110,631,661,-30
103000111,70,151,-81
103000112,107,164,-57
103000113,48,447,-399
103000114,686,283,403
103000115,648,598,50
103000116,548,240,308
103000117,479,154,325
103000118,74,130,-56
103000119,112,89,23
103000120,2,7,-5
103000121,34,123,-89
103000122,805,1216,-411
103000125,1,27,-26
103000126,460,5,455
103000127,0,40,-40
103000128,68,1,67
103000129,0,47,-47
103000130,50,27,23
103000131,66,98,-32
103000132,6,31,-25
103000133,2,39,-37
103000134,108,181,-73
103000135,194,108,86
103000136,94,26,68
103000137,89,278,-189
103000138,191,284,-93
103000139,0,37,-37
103000140,31,22,9
103000141,1,38,-37
103000142,57,41,16
103000143,4,24,-20
103000144,68,34,34
103000145,3,34,-31
103000150,5,7,-2
103000152,49,132,-83
103000153,61,218,-157
103000156,1,53,-52
103000157,166,4,162
103000159,91,31,60
103000162,36,4,32
103000163,2,10,-8
103000164,11,16,-5
103000165,20,93,-73
103000166,74,239,-165
103000167,103,55,48
103000168,68,36,32
103000169,126,175,-49
103000170,716,265,451
103000171,23,42,-19
103000172,504,175,329
103000173,12,11,1
103000174,747,184,563
103000175,58,26,32
103000176,219,303,-84
103000177,41,17,24
103000178,13,26,-13
103000179,38,4,34
103000183,166,9,157
103000185,129,5,124
103000186,199,63,136
103000187,5,5,0
103000188,4,49,-45
103000189,320,424,-104
103000191,207,125,82
103000292,23,383,-360
103000293,89,892,-803
103000295,20,30,-10
103000296,15,0,15
103000297,1,5,-4
103000504,3,0,3
103000505,1,2,-1
103000506,1,30,-29
103000507,140,0,140
103000508,77,39,38
103000509,96,106,-10
103900001,0,0,0
103900002,0,0,0
103900003,70,19,51
103900004,3,0,3
103900005,0,0,0
103900006,0,0,0
103900007,0,0,0
103900008,2,0,2
103900009,95,5,90
103900010,49,2,47
103900011,0,0,0
103900012,1,11,-10
103900013,0,0,0
103900014,5,2,3
103900015,21,1,20
103900016,0,0,0
103900017,0,0,0
103900018,0,0,0
103900019,1,80,-79
103900020,0,0,0
103900021,13,0,13
103900022,139,3,136
103900023,34,0,34
103900024,1,16,-15
103900025,0,0,0
103900026,0,0,0
103900027,22,6,16
103900028,7,15,-8
103900029,182,10,172
103900030,50,2,48
103900031,17,0,17
103900032,7,7,0
103900033,8,4,4
103900034,0,1,-1
103900035,0,0,0
103900036,28,6,22
103900037,3,1,2
103900038,1,38,-37
103900039,3,0,3
103900040,0,0,0
103900041,0,1,-1
103900042,0,0,0
103900043,0,0,0
103900044,4,76,-72
103900045,3,6,-3
103900047,0,0,0
103900048,3,0,3
103900049,0,0,0
103900050,4,1,3
103900051,0,0,0
103900052,0,0,0
103900053,0,0,0
103900054,0,0,0
103900055,0,0,0
103900056,0,0,0
103900057,23,0,23
103900058,0,0,0
103900059,0,0,0
103900060,49,12,37
103900061,24,0,24
103900062,0,0,0
103900063,0,0,0
103900064,11,0,11
103900065,13,7,6
103900066,33,6,27
103900067,7,0,7
103900068,2,0,2
103900069,0,1,-1
103900070,1,0,1
103900071,2,0,2
103900072,0,1,-1
103900073,0,8,-8
103900074,3,2,1
103900075,3,0,3
103900076,0,0,0
103900077,3,36,-33
103900078,2,0,2
103900079,0,0,0
103900080,0,0,0
103900081,0,0,0
103900082,0,0,0
103900083,103,249,-146
103900084,0,0,0
103900085,1,1,0
103900086,33,17,16
103900087,0,1,-1
103900088,4,32,-28
103900089,0,0,0
103900090,2,0,2
103900091,0,0,0
103900092,0,0,0
103900093,73,1,72
103900094,0,0,0
103900095,0,0,0
103900096,77,0,77
103900097,0,0,0
103900098,0,0,0
103900099,36,0,36
103900100,0,0,0
103900101,0,0,0
103900102,0,0,0
103900104,0,0,0
103900105,0,0,0
103900106,0,0,0
103900107,34,3,31
103900108,6,14,-8
103900109,18,0,18
103900110,0,0,0
103900111,0,0,0
103900112,0,0,0
103900113,0,0,0
103900114,0,0,0
103900115,0,0,0
103900116,0,19,-19
103900117,9,0,9
103900119,0,23,-23
103900120,4,4,0
103900122,0,0,0
103900123,0,0,0
103900124,0,0,0
103900125,0,0,0
103900126,36,1,35
103900127,0,0,0
103900128,0,0,0
103900131,0,0,0
103900133,49,0,49
103900134,0,0,0
103900135,0,0,0
103900137,0,0,0
103900138,0,0,0
103900139,11,116,-105
103900140,0,0,0
103900141,18,1,17
103900142,24,0,24
103900143,11,0,11
103900144,0,0,0
103900145,3,13,-10
103900146,28,4,24
103900147,0,0,0
103900148,0,0,0
103900149,37,5,32
103900150,132,39,93
103900151,0,0,0
103900152,206,20,186
103900153,0,0,0
103900154,0,2,-2
103900155,2,0,2
103900156,0,0,0
103900157,2,1,1
103900158,0,0,0
103900159,0,0,0
103900160,0,0,0
103900161,2,2,0
103900162,0,0,0
103900163,0,0,0
103900164,1,0,1
103900167,1,13,-12
103900168,29,0,29
103900169,0,38,-38
103900170,0,0,0
103900171,0,0,0
103900172,0,0,0
103900173,2,0,2
103900174,3,1,2
103900175,1,7,-6
103900176,0,0,0
103900177,0,0,0
103900178,0,0,0
103900179,0,0,0
103900180,0,0,0
103900181,0,0,0
103900182,0,0,0
103900184,0,0,0
103900185,0,0,0
103900187,0,4,-4
103900188,21,0,21
103900189,8,0,8
103900190,0,0,0
103900191,0,0,0
103900192,0,0,0
103900193,0,0,0
103900194,0,0,0
103900195,0,0,0
103900196,0,0,0
103900197,0,0,0
103900198,0,0,0
103900199,0,0,0
103900200,0,0,0
103900201,0,0,0
103900202,0,0,0
103900203,2,0,2
103900204,0,0,0
103900207,0,0,0
103900208,18,0,18
103900209,0,0,0
103900210,0,0,0
103900211,175,16,159
103900212,0,0,0
103900213,0,0,0
103900214,159,171,-12
103900215,0,0,0
103900216,0,0,0
103900217,37,0,37
103900218,0,0,0
103900219,0,0,0
103900233,0,0,0
103900235,0,0,0
103900236,0,0,0
103900242,0,0,0
103900243,0,0,0
103900244,10,1,9
103900245,0,0,0
103900246,1,1,0
103900247,0,0,0
103900248,0,0,0
103900249,0,0,0
103900250,0,0,0
103900251,0,0,0
103900253,0,0,0
103900254,0,0,0
103900255,0,0,0
103900256,0,0,0
103900257,0,0,0
103900258,0,0,0
103900259,0,0,0
103900261,0,0,0
103900262,0,0,0
103900263,0,0,0
103900264,0,0,0
103900265,0,0,0
103900266,0,4,-4
103900267,0,0,0
103900268,1,3,-2
103900269,5,0,5
103900270,0,0,0
104000001,1192,861,331
104000002,1104,1803,-699
104000003,1087,1293,-206
104000004,1622,1742,-120
104000005,1009,1355,-346
104000006,1222,1248,-26
104000007,2832,1583,1249
104000008,70,40,30
104000009,419,270,149
104000010,108,238,-130
104000011,11,22,-11
104000012,8,19,-11
104000013,186,236,-50
104000014,96,23,73
104000015,285,123,162
104000016,60,24,36
104000018,684,135,549
104000019,951,227,724
104000020,61,212,-151
104000021,210,344,-134
104000022,63,184,-121
104000023,615,161,454
104000024,36,21,15
104000026,19,5,14
104000027,25,16,9
104000028,580,191,389
104000029,22,8,14
104000030,497,442,55
104000031,818,80,738
104000032,68,36,32
104000033,641,72,569
104000034,65,22,43
104000035,940,94,846
104000036,639,304,335
104000037,28,15,13
104000038,424,148,276
104000039,285,202,83
104000040,84,265,-181
104000041,266,155,111
104000042,209,202,7
104000043,41,183,-142
104000044,74,122,-48
104000045,356,158,198
104000046,323,254,69
104000047,195,473,-278
104000048,521,986,-465
104000049,309,128,181
104000050,58,149,-91
104000051,12,48,-36
104000052,724,793,-69
104000053,592,78,514
104000054,232,29,203
104000055,1305,300,1005
104000056,262,13,249
104000057,0,0,0
104000058,612,294,318
104000059,339,604,-265
104000060,346,299,47
104000061,364,143,221
104000062,101,21,80
104000064,184,58,126
104000065,6,91,-85
104000069,487,736,-249
104000070,18,156,-138
104000071,0,0,0
104000072,80,30,50
104000075,0,0,0
104000076,0,0,0
104000082,545,998,-453
104000083,537,99,438
104000084,22,249,-227
104000085,230,50,180
104000086,116,165,-49
104000087,78,145,-67
104000090,43,102,-59
104000092,55,144,-89
104000094,140,68,72
104000095,588,709,-121
104000096,1098,11,1087
104000097,1227,119,1108
104000098,1465,136,1329
104000100,1320,147,1173
104000101,795,642,153
104000106,58,135,-77
104000107,672,189,483
104000108,118,43,75
104000109,66,42,24
104000110,123,354,-231
104000111,400,637,-237
104000112,57,58,-1
104000116,1,91,-90
104000117,107,117,-10
104000118,332,74,258
104000119,83,54,29
104000120,112,84,28
104000121,47,229,-182
104000122,435,304,131
104000123,267,287,-20
104000124,242,776,-534
104000125,263,477,-214
104000126,308,471,-163
104000127,540,788,-248
104000128,565,140,425
104000129,103,7,96
104000130,8,112,-104
104000131,7,2,5
104000132,1,0,1
104000133,396,322,74
104000134,403,878,-475
104000135,120,1124,-1004
104000136,488,1754,-1266
104000137,791,336,455
104000138,98,88,10
104000139,1446,1613,-167
104000141,377,326,51
104000142,239,89,150
104000143,156,26,130
104000144,63,108,-45
104000145,264,75,189
104000146,35,121,-86
104000147,11,88,-77
104000148,207,135,72
104000149,61,69,-8
104000150,566,149,417
104000151,107,72,35
104000152,223,72,151
104000153,474,356,118
104000154,166,319,-153
104000155,402,508,-106
104000157,538,314,224
104000158,43,176,-133
104000159,259,207,52
104000160,1058,1631,-573
104000161,25,80,-55
104000162,67,48,19
104000165,257,269,-12
104000167,284,756,-472
104000168,482,3,479
104000169,153,19,134
104000170,10,19,-9
104000248,4,111,-107
104000251,0,0,0
104000272,0,0,0
104000273,0,0,0
104000274,0,0,0
104000275,0,0,0
104000279,281,664,-383
104000290,3,23,-20
104000291,387,545,-158
104000293,481,302,179
104000294,0,0,0
104000295,361,797,-436
104000296,166,204,-38
104000297,301,1283,-982
104000298,510,312,198
104000299,547,829,-282
104900001,0,0,0
104900002,0,0,0
104900003,0,0,0
104900004,0,0,0
104900005,0,0,0
104900006,0,0,0
104900007,0,0,0
104900009,0,0,0
104900010,0,0,0
104900011,0,0,0
104900012,0,0,0
104900013,0,0,0
104900014,0,0,0
104900015,0,0,0
104900016,0,0,0
104900017,6,0,6
104900018,0,0,0
104900019,0,0,0
104900020,0,0,0
104900021,0,0,0
104900022,5,0,5
104900023,0,0,0
104900024,0,10,-10
104900025,0,0,0
104900026,0,0,0
104900027,0,0,0
104900028,0,6,-6
104900029,0,0,0
104900030,0,0,0
104900031,0,10,-10
104900032,0,0,0
104900033,0,0,0
104900034,0,0,0
104900035,0,0,0
104900036,0,0,0
104900037,0,0,0
104900038,0,0,0
104900039,0,0,0
104900040,0,0,0
104900041,0,0,0
104900042,0,0,0
104900043,0,0,0
104900044,13,2,11
104900045,0,0,0
104900046,0,0,0
104900047,66,8,58
104900048,75,0,75
104900049,0,0,0
104900050,0,0,0
104900051,24,1,23
104900052,0,0,0
104900053,122,5,117
104900054,9,0,9
104900055,0,0,0
104900056,29,0,29
104900057,0,0,0
104900058,5,0,5
104900059,75,22,53
104900060,0,0,0
104900061,0,0,0
104900063,0,0,0
104900064,0,0,0
104900065,0,0,0
104900066,0,0,0
104900067,0,0,0
104900068,0,0,0
104900070,0,0,0
104900071,0,0,0
104900072,0,0,0
104900073,0,0,0
104900074,0,0,0
104900075,0,0,0
104900076,0,0,0
104900077,0,0,0
104900078,0,0,0
104900079,0,0,0
104900080,0,0,0
104900082,0,0,0
104900085,0,0,0
104900087,75,0,75
104900089,0,0,0
104900090,0,0,0
104900091,0,0,0
104900093,0,0,0
104900097,0,0,0
104900098,0,0,0
104900099,0,0,0
104900100,0,0,0
104900102,0,0,0
104900103,0,0,0
104900104,0,0,0
104900106,0,0,0
104900107,0,0,0
104900108,0,0,0
104900109,0,0,0
104900110,0,0,0
104900111,0,0,0
104900112,0,0,0
104900113,0,0,0
104900114,0,0,0
104900115,0,0,0
104900116,0,0,0
104900118,0,0,0
104900119,0,0,0
104900120,0,0,0
104900121,0,0,0
104900122,0,0,0
104900123,0,0,0
104900124,0,0,0
104900125,21,0,21
104900126,0,0,0
104900127,0,0,0
104900128,23,1,22
104900129,0,0,0
105000001,988,619,369
105000002,854,866,-12
105000003,980,1429,-449
105000004,349,883,-534
105000005,405,763,-358
105000006,498,1307,-809
105000007,459,1033,-574
105000008,589,1716,-1127
105000009,2037,1698,339
105000010,1133,625,508
105000011,1752,1878,-126
105000012,423,756,-333
105000013,498,552,-54
105000014,2248,1631,617
105000015,4477,6670,-2193
105000016,1298,1014,284
105000017,1286,594,692
105000018,1308,782,526
105000019,1020,862,158
105000020,171,216,-45
105000021,118,12,106
105000022,47,31,16
105000023,229,215,14
105000028,1,150,-149
105000029,121,480,-359
105000030,1869,1422,447
105000033,435,579,-144
105000034,34,393,-359
105000037,175,17,158
105000038,640,613,27
105000039,192,514,-322
105000040,423,736,-313
105000041,56,323,-267
105000042,1124,740,384
105000043,240,317,-77
105000044,325,155,170
105000045,52,121,-69
105000046,552,121,431
105000047,178,165,13
105000048,610,188,422
105000049,162,97,65
105000050,483,276,207
105000051,106,71,35
105000052,229,274,-45
105000053,160,22,138
105000054,181,258,-77
105000055,347,42,305
105000056,713,358,355
105000057,1286,113,1173
105000058,528,444,84
105000059,668,231,437
105000060,305,76,229
105000061,472,140,332
105000062,282,88,194
105000063,68,28,40
105000064,1035,196,839
105000065,30,40,-10
105000066,280,117,163
105000067,890,439,451
105000068,48,172,-124
105000069,607,628,-21
105000070,352,675,-323
105000071,222,1133,-911
105000072,777,1343,-566
105000073,616,511,105
105000074,41,143,-102
105000075,164,245,-81
105000076,503,307,196
105000077,1119,284,835
105000078,390,618,-228
105000079,152,347,-195
105000080,1582,1515,67
105000081,280,126,154
105000082,413,1006,-593
105000083,1806,1762,44
105000084,71,169,-98
105000085,2050,1587,463
105000086,133,152,-19
105000087,75,217,-142
105000088,1206,1052,154
105000089,593,791,-198
105000090,233,235,-2
105000091,261,190,71
105000092,187,140,47
105000093,63,132,-69
105000094,317,126,191
105000095,57,173,-116
105000096,490,664,-174
105000097,191,87,104
105000098,560,430,130
105000099,174,100,74
105000100,488,340,148
105000101,1110,632,478
105000102,555,320,235
105000103,672,493,179
105000104,810,248,562
105000105,673,383,290
105000106,703,298,405
105000107,649,188,461
105000108,843,239,604
105000109,897,377,520
105000110,482,119,363
105000111,469,108,361
105000112,477,235,242
105000113,291,377,-86
105000114,748,910,-162
105000115,180,747,-567
105000116,680,298,382
105000117,120,131,-11
105000118,303,167,136
105000119,120,131,-11
105000120,872,333,539
105000121,295,109,186
105000122,209,189,20
105000123,232,187,45
105000124,1036,168,868
105000125,381,267,114
105000126,854,293,561
105000127,1150,329,821
105000128,182,151,31
105000129,300,93,207
105000130,100,1672,-1572
105000131,116,40,76
105000132,687,427,260
105000133,114,117,-3
105000134,479,189,290
105000135,34,48,-14
105000136,0,0,0
105000137,183,66,117
105000138,0,0,0
105000139,152,167,-15
105000140,277,68,209
105000141,106,83,23
105000142,353,111,242
105000143,93,212,-119
105000144,75,107,-32
105000145,382,103,279
105000146,0,0,0
105000147,490,75,415
105000148,322,154,168
105000149,1067,571,496
105000150,24,49,-25
105000151,240,50,190
105000152,107,116,-9
105000153,320,121,199
105000154,160,109,51
105000155,124,106,18
105000156,63,85,-22
105000157,297,166,131
105000158,812,138,674
105000159,113,104,9
105000160,1083,238,845
105000161,247,154,93
105000162,240,809,-569
105000163,420,182,238
105000164,58,101,-43
105000165,54,2196,-2142
105000166,241,393,-152
105000167,410,1066,-656
105000168,106,159,-53
105000169,203,31,172
105000170,34,428,-394
105000171,434,61,373
105000172,82,13,69
105000173,154,33,121
105000174,6,39,-33
105000175,0,0,0
105000176,196,19,177
105000177,206,75,131
105000178,102,86,16
105000179,347,9,338
105000180,0,0,0
105000181,50,45,5
105000182,0,0,0
105000183,681,1506,-825
105000184,0,0,0
105000185,187,460,-273
105000186,1,0,1
105000187,258,263,-5
105000188,54,143,-89
105000189,0,2,-2
105000190,81,122,-41
105000191,3,21,-18
105000192,184,35,149
105000193,25,16,9
105000194,268,16,252
105000195,67,106,-39
105000196,66,128,-62
105000197,17,108,-91
105000198,18,27,-9
105000199,20,212,-192
105000200,106,226,-120
105000201,48,10,38
105000203,1,214,-213
105000204,18,44,-26
105000205,38,179,-141
105000207,0,0,0
105000208,69,133,-64
105000209,0,0,0
105000212,433,163,270
105000213,98,22,76
105000214,50,24,26
105000215,71,57,14
105000216,6,1,5
105000217,0,0,0
105000218,1010,216,794
105000221,95,34,61
105000222,57,50,7
105000223,40,7,33
105000226,24,22,2
105000227,23,39,-16
105000228,29,568,-539
105000229,178,349,-171
105000231,305,30,275
105000233,461,338,123
105000234,313,489,-176
105000235,226,215,11
105000237,357,30,327
105000243,81,52,29
105000248,3,22,-19
105000262,223,63,160
105000269,38,31,7
105000270,255,4,251
105000271,0,20,-20
105000282,28,9,19
105000287,157,16,141
105000288,229,104,125
105000289,626,958,-332
105000290,7,75,-68
105000402,318,1151,-833
105000426,15,338,-323
105000438,585,616,-31
105000446,2324,4222,-1898
105000447,2560,686,1874
105000454,0,0,0
105000455,63,39,24
105000474,44,0,44
105000477,140,189,-49
105000478,1036,2513,-1477
105000479,28,50,-22
105000480,2726,3451,-725
105000481,1474,1093,381
105000482,961,1772,-811
105000483,563,1204,-641
105000484,642,1670,-1028
105000485,1502,1763,-261
105000486,748,2008,-1260
105000488,816,1960,-1144
105000489,677,233,444
105000549,21,18,3
105000550,0,0,0
105000551,13,30,-17
105000552,882,346,536
105900001,1,17,-16
105900002,184,69,115
105900003,0,0,0
105900004,0,0,0
105900005,0,0,0
105900006,2,0,2
105900007,0,0,0
105900008,0,0,0
105900009,0,0,0
105900011,1,2,-1
105900012,28,9,19
105900013,1,0,1
105900014,0,7,-7
105900015,0,0,0
105900016,22,10,12
105900017,0,0,0
105900018,0,0,0
105900019,0,0,0
105900020,0,0,0
105900021,0,7,-7
105900022,0,0,0
105900023,0,6,-6
105900024,1,0,1
105900025,26,0,26
105900026,0,0,0
105900027,400,101,299
105900028,4,0,4
105900029,397,42,355
105900030,51,48,3
105900031,0,0,0
105900032,0,0,0
105900033,0,0,0
105900034,0,0,0
105900035,0,0,0
105900036,0,0,0
105900037,0,0,0
105900038,0,0,0
105900039,0,0,0
105900040,0,0,0
105900041,0,0,0
105900042,0,0,0
105900043,40,0,40
105900044,0,0,0
105900045,0,0,0
105900046,0,0,0
105900047,0,0,0
105900048,20,7,13
105900050,36,119,-83
105900051,2,17,-15
105900052,53,0,53
105900053,0,0,0
105900054,0,0,0
105900056,38,7,31
105900057,15,1,14
105900058,0,0,0
105900059,0,0,0
106000001,1217,755,462
106000002,106,731,-625
106000003,1503,1957,-454
106000004,500,1998,-1498
106000005,2323,2680,-357
106000006,1335,1404,-69
106000007,600,156,444
106000008,25,82,-57
106000009,476,180,296
106000010,48,99,-51
106000011,1008,376,632
106000012,277,302,-25
106000013,1739,796,943
106000014,311,276,35
106000015,1940,735,1205
106000016,370,343,27
106000017,989,368,621
106000018,54,149,-95
106000019,430,300,130
106000020,19,34,-15
106000021,388,244,144
106000022,52,25,27
106000023,1016,239,777
106000024,101,67,34
106000025,262,332,-70
106000026,18,36,-18
106000027,1696,772,924
106000028,13,42,-29
106000029,18,25,-7
106000030,0,0,0
106000034,0,0,0
106000035,376,681,-305
106000036,0,0,0
106000037,216,76,140
106000038,23,6,17
106000039,13,37,-24
106000040,5,108,-103
106000041,438,168,270
106000043,205,44,161
106000046,70,5,65
106000047,0,0,0
106000049,530,18,512
106000050,63,115,-52
106000051,617,297,320
106000052,0,0,0
106000053,364,72,292
106000054,0,0,0
106000055,401,62,339
106000056,0,0,0
106000057,262,47,215
106000058,0,0,0
106000059,392,84,308
106000060,0,0,0
106000061,144,549,-405
106000062,0,0,0
106000063,610,644,-34
106000064,0,0,0
106000065,437,91,346
106000066,47,14,33
106000067,373,62,311
106000068,39,10,29
106000069,152,17,135
106000070,83,11,72
106000071,771,126,645
106000072,486,829,-343
106000073,613,1294,-681
106000074,356,490,-134
106000075,106,254,-148
106000076,712,282,430
106000077,975,401,574
106000078,721,152,569
106000079,569,162,407
106000080,648,68,580
106000081,490,196,294
106000082,859,65,794
106000083,240,349,-109
106000084,794,152,642
106000085,370,369,1
106000086,306,151,155
106000087,370,152,218
106000088,260,166,94
106000089,535,53,482
106000090,302,304,-2
106000091,135,98,37
106000092,163,156,7
106000093,486,33,453
106000094,0,0,0
106000095,520,126,394
106000096,743,97,646
106000097,559,79,480
106000098,742,117,625
106000099,50,85,-35
106000100,930,48,882
106000101,709,14,695
106000102,63,103,-40
106000103,83,162,-79
106000104,460,151,309
106000105,94,199,-105
106000106,469,160,309
106000107,42,144,-102
106000108,228,111,117
106000109,26,82,-56
106000110,158,45,113
106000111,58,73,-15
106000112,165,217,-52
106000113,115,223,-108
106000114,202,162,40
106000115,97,220,-123
106000116,205,149,56
106000117,37,123,-86
106000118,708,424,284
106000119,27,204,-177
106000120,354,517,-163
106000121,142,96,46
106000122,110,60,50
106000123,260,56,204
106000124,177,51,126
106000125,50,82,-32
106000126,287,19,268
106000127,310,141,169
106000128,460,57,403
106000129,249,156,93
106000130,766,182,584
106000131,21,329,-308
106000132,382,43,339
106000133,177,580,-403
106000134,277,1217,-940
106000135,2,154,-152
106000136,502,574,-72
106000137,2,99,-97
106000138,992,27,965
106000139,83,50,33
106000140,0,0,0
106000141,0,0,0
106000142,128,27,101
106000143,0,0,0
106000144,86,94,-8
106000145,0,0,0
106000146,280,116,164
106000147,165,112,53
106000148,173,398,-225
106000149,590,133,457
106000150,349,765,-416
106000151,763,312,451
106000152,639,929,-290
106000153,29,528,-499
106000154,583,104,479
106000155,95,84,11
106000156,623,47,576
106000157,120,469,-349
106000158,548,348,200
106000159,309,648,-339
106000160,133,917,-784
106000161,177,46,131
106000162,249,457,-208
106000163,74,51,23
106000164,306,71,235
106000165,74,76,-2
106000166,555,54,501
106000167,230,305,-75
106000168,313,68,245
106000169,212,120,92
106000170,330,35,295
106000171,109,446,-337
106000172,798,133,665
106000173,517,593,-76
106000174,556,6,550
106000175,83,18,65
106000176,854,186,668
106000177,205,194,11
106000178,1227,154,1073
106000179,71,78,-7
106000180,339,252,87
106000181,453,498,-45
106000182,1352,111,1241
106000183,840,107,733
106000184,512,124,388
106000185,396,397,-1
106000186,103,11,92
106000187,6,338,-332
106000188,0,0,0
106000189,0,18,-18
106000190,7,5,2
106000191,175,14,161
106000192,0,0,0
106000193,66,86,-20
106000194,13,92,-79
106000195,51,55,-4
106000196,23,179,-156
106000197,232,40,192
106000198,21,17,4
106000199,212,169,43
106000200,12,97,-85
106000201,72,1401,-1329
106000202,241,164,77
106000203,0,0,0
106000204,15,1,14
106000205,0,0,0
106000206,43,32,11
106000207,0,5,-5
106000208,699,32,667
106000209,942,130,812
106000210,40,14,26
106000211,15,48,-33
106000212,836,137,699
106000213,11,84,-73
106000214,610,121,489
106000215,76,173,-97
106000216,348,109,239
106000217,46,115,-69
106000218,374,55,319
106000219,48,78,-30
106000220,440,29,411
106000221,82,67,15
106000222,52,22,30
106000223,144,53,91
106000224,37,76,-39
106000225,34,131,-97
106000226,24,204,-180
106000228,0,0,0
106000229,0,0,0
106000231,422,7,415
106000232,0,0,0
106000233,109,4,105
106000234,0,0,0
106000235,32,30,2
106000236,0,0,0
106000237,0,0,0
106000238,0,28,-28
106000239,0,0,0
106000240,1,1,0
106000241,1,128,-127
106000242,59,10,49
106000249,128,12,116
106000250,3,128,-125
106000251,61,6,55
106000252,0,0,0
106000253,37,0,37
106000254,0,0,0
106000255,41,5,36
106000256,0,0,0
106000257,31,58,-27
106000258,4,1,3
106000259,0,0,0
106000260,2,0,2
106000261,0,0,0
106000262,14,0,14
106000263,0,0,0
106000264,87,0,87
106000265,0,0,0
106000266,77,0,77
106000267,0,0,0
106000268,128,2,126
106000269,0,0,0
106000270,22,15,7
106000271,7,7,0
106000272,0,0,0
106000273,0,19,-19
106000274,0,0,0
106000275,15,11,4
106000276,0,0,0
106000277,6,11,-5
106000278,0,0,0
106000279,0,0,0
106000280,0,0,0
106000281,0,0,0
106000282,0,0,0
106000283,0,0,0
106000284,0,0,0
106000285,0,0,0
106000286,0,0,0
106000287,0,0,0
106000288,0,0,0
106000289,0,0,0
106000290,0,0,0
106000291,0,0,0
106000292,0,0,0
106000293,0,0,0
106000294,0,0,0
106000295,0,0,0
106000296,0,0,0
106000297,0,0,0
106000298,0,0,0
106000299,0,0,0
106000300,0,0,0
106000301,0,0,0
106000303,5,8,-3
106000304,0,0,0
106000305,33,0,33
106000306,0,0,0
106000307,90,0,90
106000308,0,0,0
106000309,0,0,0
106000310,179,68,111
106000311,99,9,90
106000312,59,58,1
106000313,33,7,26
106000318,0,0,0
106000319,444,116,328
106000320,0,42,-42
106000321,13,140,-127
106000322,97,46,51
106000324,21,45,-24
106000325,1564,457,1107
106000326,149,280,-131
106000327,232,7,225
106000328,5,23,-18
106000329,11,18,-7
106000330,2,22,-20
106000428,47,185,-138
106000429,14,153,-139
106000430,47,326,-279
106000431,1013,179,834
106000432,72,540,-468
106000433,1366,620,746
106000434,2178,895,1283
106000435,96,551,-455
106000436,1,44,-43
106000437,185,56,129
106000438,71,228,-157
106000439,5,65,-60
106000440,67,141,-74
106000441,2,0,2
106000442,23,2,21
106000443,253,290,-37
106000450,0,0,0
106000451,35,58,-23
106000454,0,0,0
106000455,0,4,-4
106000456,35,7,28
106000457,0,0,0
106000458,670,50,620
106000459,0,0,0
106000460,738,19,719
106000461,0,0,0
106000462,0,0,0
106000463,2,6,-4
106000464,0,0,0
106000465,481,1,480
106000466,0,0,0
106000467,0,83,-83
106000468,35,87,-52
106000469,75,1,74
106000470,1,12,-11
106000471,0,0,0
106000472,87,5,82
106000473,0,0,0
106000474,66,93,-27
106000475,143,129,14
106000476,162,180,-18
106000477,0,0,0
106900001,0,0,0
106900002,0,0,0
106900003,0,0,0
106900004,0,0,0
106900006,0,0,0
106900007,0,0,0
106900008,0,0,0
106900009,0,0,0
106900010,0,0,0
106900012,0,0,0
106900013,0,0,0
106900014,0,0,0
106900015,0,0,0
106900016,0,0,0
106900017,0,0,0
106900018,0,0,0
106900019,14,0,14
106900020,0,0,0
106900021,16,1,15
106900022,1,0,1
106900023,0,0,0
106900024,0,0,0
106900025,0,0,0
106900026,0,0,0
106900027,285,4,281
107000001,1949,2478,-529
107000002,661,912,-251
107000003,4967,4651,316
107000004,1292,749,543
107000005,4228,3392,836
107000006,1282,803,479
107000007,3234,3586,-352
107000008,1614,1292,322
107000009,7002,6802,200
107000010,2084,1488,596
107000011,81,155,-74
107000012,835,311,524
107000013,0,0,0
107000014,0,0,0
107000015,0,0,0
107000016,0,0,0
107000017,208,125,83
107000018,0,125,-125
107000020,184,341,-157
107000021,182,87,95
107000022,312,412,-100
107000023,692,90,602
107000024,283,670,-387
107000025,86,106,-20
107000026,144,148,-4
107000027,650,217,433
107000028,387,320,67
107000029,1787,1175,612
107000030,798,691,107
107000031,2113,1053,1060
107000032,191,349,-158
107000033,987,1258,-271
107000034,556,208,348
107000035,118,166,-48
107000036,140,397,-257
107000037,77,478,-401
107000038,48,53,-5
107000039,329,609,-280
107000040,118,49,69
107000041,443,223,220
107000042,159,834,-675
107000043,397,250,147
107000044,106,217,-111
107000045,62,180,-118
107000046,349,190,159
107000047,155,375,-220
107000048,363,205,158
107000049,176,403,-227
107000050,423,296,127
107000051,324,458,-134
107000052,434,609,-175
107000053,276,204,72
107000054,18,210,-192
107000055,134,82,52
107000056,553,685,-132
107000057,540,279,261
107000058,1520,1865,-345
107000059,177,381,-204
107000060,3800,3367,433
107000061,1063,648,415
107000062,3524,1598,1926
107000063,861,612,249
107000064,2800,1762,1038
107000065,638,925,-287
107000066,1232,1682,-450
107000067,578,340,238
107000068,437,545,-108
107000069,439,627,-188
107000070,383,5,378
107000071,1690,11,1679
107000072,1,130,-129
107000073,377,101,276
107000074,56,111,-55
107000075,1420,133,1287
107000076,26,122,-96
107000077,1809,159,1650
107000078,64,208,-144
107000079,1549,331,1218
107000080,144,219,-75
107000081,1475,240,1235
107000082,208,332,-124
107000083,848,394,454
107000084,145,358,-213
107000085,1450,1152,298
107000086,620,884,-264
107000087,1134,847,287
107000088,517,725,-208
107000089,790,817,-27
107000090,311,243,68
107000091,709,353,356
107000092,136,220,-84
107000093,464,631,-167
107000094,165,267,-102
107000095,773,440,333
107000096,124,156,-32
107000097,365,253,112
107000098,83,336,-253
107000099,284,295,-11
107000100,48,203,-155
107000101,160,185,-25
107000102,202,254,-52
107000103,273,117,156
107000104,87,151,-64
107000105,431,77,354
107000106,93,62,31
107000107,502,105,397
107000108,82,110,-28
107000109,395,64,331
107000110,0,0,0
107000111,304,42,262
107000112,0,0,0
107000113,591,36,555
107000114,0,0,0
107000115,601,53,548
107000116,0,0,0
107000117,106,377,-271
107000118,0,0,0
107000119,413,865,-452
107000120,0,0,0
107000121,553,242,311
107000122,308,206,102
107000123,535,249,286
107000124,165,160,5
107000125,636,151,485
107000126,343,129,214
107000127,0,2,-2
107000129,94,59,35
107000130,343,212,131
107000131,130,269,-139
107000132,229,151,78
107000133,136,3,133
107000134,169,1,168
107000135,0,105,-105
107000136,289,1,288
107000137,2,119,-117
107000138,12,1,11
107000139,0,115,-115
107000140,444,2,442
107000141,10,98,-88
107000142,99,0,99
107000143,1,182,-181
107000144,145,188,-43
107000145,34,147,-113
107000146,320,62,258
107000147,319,275,44
107000150,339,1336,-997
107000151,24,2,22
107000152,97,716,-619
107000153,1,26,-25
107000154,1,91,-90
107000155,491,1,490
107000156,512,2,510
107000157,13,223,-210
107000158,318,2,316
107000159,3,134,-131
107000160,856,42,814
107000161,5,163,-158
107000162,182,318,-136
107000163,69,0,69
107000164,453,0,453
107000165,697,3,694
107000166,2,79,-77
107000167,260,49,211
107000168,681,118,563
107000169,41,178,-137
107000170,1304,416,888
107000171,144,226,-82
107000172,717,605,112
107000173,134,70,64
107000174,319,1636,-1317
107000175,893,230,663
107000176,21,0,21
107000177,0,0,0
107000178,26,3,23
107000179,170,261,-91
107000180,1036,144,892
107000181,165,54,111
107000182,1502,53,1449
107000183,60,63,-3
107000184,568,64,504
107000185,122,131,-9
107000186,608,76,532
107000187,474,405,69
107000188,52,102,-50
107000189,409,260,149
107000190,168,72,96
107000191,404,392,12
107000192,301,50,251
107000193,135,227,-92
107000194,226,86,140
107000197,573,44,529
107000198,159,243,-84
107000199,283,121,162
107000200,85,245,-160
107000201,107,101,6
107000202,102,306,-204
107000203,80,509,-429
107000204,127,1245,-1118
107000205,200,148,52
107000206,91,745,-654
107000207,112,222,-110
107000208,61,166,-105
107000209,209,327,-118
107000210,35,90,-55
107000211,1,10,-9
107000212,0,46,-46
107000213,1,24,-23
107000214,1,20,-19
107000215,134,45,89
107000216,129,52,77
107000217,21,32,-11
107000219,23,76,-53
107000220,32,22,10
107000222,35,61,-26
107000224,178,21,157
107000225,46,123,-77
107000226,234,17,217
107000227,27,96,-69
107000228,6,72,-66
107000229,51,24,27
107000230,102,117,-15
107000231,385,362,23
107000232,35,2,33
107000233,33,142,-109
107000234,3,130,-127
107000235,75,6,69
107000236,0,0,0
107000237,21,0,21
107000238,45,3,42
107000239,526,156,370
107000240,20,44,-24
107000241,3,3,0
107000242,6,4,2
107000243,0,136,-136
107000244,7,0,7
107000246,0,53,-53
107000249,0,46,-46
107000251,0,17,-17
107000252,0,96,-96
107000255,42,1,41
107000257,0,201,-201
107000258,0,30,-30
107000259,0,17,-17
107000260,1161,2,1159
107000262,1,60,-59
107000263,326,14,312
107000266,21,12,9
107000267,2,27,-25
107000268,70,16,54
107000269,6,0,6
107000270,66,24,42
107000271,0,0,0
107000272,43,0,43
107000273,0,55,-55
107000274,107,22,85
107000275,6,37,-31
107000280,622,3,619
107000281,0,41,-41
107000282,1,143,-142
107000290,1,10,-9
107000291,0,1,-1
107000292,0,20,-20
107000293,9,1,8
107000294,0,38,-38
107000295,8,0,8
107000296,0,6,-6
107000444,188,1,187
107000496,0,1,-1
107000497,205,238,-33
107000500,289,107,182
107000501,15,72,-57
107000502,87,66,21
107000505,65,319,-254
107000506,0,0,0
107000508,0,73,-73
107000509,69,288,-219
107000510,25,66,-41
107000514,8,93,-85
107000515,1,31,-30
107000516,458,82,376
107000518,668,461,207
107000519,94,18,76
107000520,30,10,20
107900001,6,0,6
107900002,9,1,8
107900003,15,1,14
107900004,18,0,18
107900005,764,1,763
107900006,12,0,12
107900007,112,4,108
107900008,26,3,23
107900009,16,0,16
107900010,1,0,1
107900012,61,3,58
107900013,23,0,23
107900014,0,0,0
107900015,303,3,300
107900016,34,3,31
107900017,7,0,7
107900018,29,42,-13
107900019,6,3,3
107900020,0,0,0
107900021,3,0,3
107900023,18,0,18
107900024,0,0,0
107900025,47,33,14
107900026,11,0,11
107900027,0,0,0
107900028,30,1,29
107900030,59,3,56
107900031,44,4,40
107900032,10,0,10
107900033,2,1,1
107900034,42,2,40
107900035,316,3,313
107900036,8,5,3
107900037,0,0,0
107900038,0,30,-30
107900039,1,0,1
107900040,0,0,0
107900041,0,0,0
107900043,27,9,18
107900044,4,2,2
107900045,17,27,-10
107900046,77,20,57
107900047,0,0,0
107900048,54,3,51
107900049,6,86,-80
107900050,4,13,-9
107900051,17,1,16
107900052,0,0,0
107900053,2,4,-2
107900055,97,13,84
107900056,8,49,-41
107900057,0,0,0
107900058,1,26,-25
107900060,0,0,0
107900061,0,0,0
107900063,4,30,-26
107900064,64,81,-17
107900065,111,0,111
107900066,5,1,4
107900067,0,0,0
107900068,40,130,-90
107900069,5,623,-618
107900070,9,13,-4
107900071,4,53,-49
107900072,72,3,69
107900073,0,0,0
107900074,0,0,0
107900076,23,6,17
107900077,3,0,3
107900078,39,17,22
107900079,3,3,0
107900080,1,39,-38
107900081,0,0,0
107900082,0,0,0
107900083,53,42,11
107900084,29,26,3
107900086,2,40,-38
107900087,17,6,11
107900088,4,0,4
107900089,19,45,-26
107900090,8,240,-232
107900091,115,82,33
107900092,154,6,148
107900093,0,0,0
107900095,188,231,-43
107900097,21,14,7
107900098,4,15,-11
107900100,79,409,-330
107900101,21,2,19
107900102,2,0,2
107900103,0,6,-6
107900104,0,0,0
107900105,1,130,-129
107900106,1,48,-47
107900107,0,0,0
107900108,4,1,3
107900109,605,6,599
107900110,46,3,43
107900111,0,26,-26
107900112,3,45,-42
107900113,0,0,0
107900114,48,13,35
107900115,0,0,0
107900116,51,24,27
107900117,56,66,-10
107900118,0,3,-3
107900119,24,33,-9
107900120,1,1,0
107900121,0,0,0
107900122,0,0,0
107900123,0,2,-2
107900124,0,0,0
107900125,0,25,-25
107900126,0,0,0
107900127,0,0,0
107900128,13,18,-5
107900129,5,0,5
107900130,0,0,0
107900131,3,12,-9
107900132,0,26,-26
107900133,0,0,0
107900134,0,1,-1
107900135,0,2,-2
107900136,0,0,0
107900137,25,12,13
107900138,1,0,1
107900139,0,0,0
107900140,1,2,-1
107900141,2,4,-2
107900142,0,34,-34
107900143,4,0,4
107900144,1,7,-6
107900145,0,0,0
107900146,21,28,-7
107900147,1,2,-1
107900148,1,0,1
107900149,46,23,23
107900150,0,10,-10
107900151,3,7,-4
107900152,0,0,0
107900153,8,97,-89
107900154,2,1,1
107900155,1,0,1
107900156,0,0,0
107900157,16,19,-3
107900158,262,1,261
107900159,0,28,-28
107900160,49,29,20
107900161,2,8,-6
107900162,0,0,0
107900163,0,0,0
107900164,1,1,0
107900165,11,53,-42
107900166,2,2,0
107900167,0,0,0
107900168,3,0,3
107900169,17,9,8
107900171,0,67,-67
107900172,11,0,11
107900173,0,1,-1
107900174,1,0,1
107900175,0,0,0
107900176,0,0,0
107900177,0,0,0
107900178,0,6,-6
107900179,0,0,0
107900180,25,211,-186
107900181,0,0,0
107900182,0,19,-19
107900183,2,1,1
107900184,0,0,0
107900185,0,0,0
107900186,2,0,2
107900187,0,5,-5
107900188,274,61,213
107900189,0,0,0
107900190,1,17,-16
107900191,0,0,0
107900193,0,1,-1
107900194,0,0,0
107900195,123,8,115
107900196,0,0,0
107900197,4,24,-20
107900199,0,0,0
107900201,0,0,0
107900203,1,0,1
107900204,0,0,0
107900205,9,28,-19
107900206,10,99,-89
107900207,0,30,-30
107900208,0,18,-18
107900209,0,0,0
107900210,2,0,2
107900213,0,0,0
107900214,0,24,-24
107900215,22,48,-26
107900216,0,0,0
107900217,0,0,0
107900218,0,0,0
107900219,1,1,0
107900220,0,0,0
107900221,0,9,-9
107900223,0,0,0
107900224,52,34,18
107900225,0,0,0
107900226,0,0,0
107900227,27,26,1
107900228,0,0,0
107900229,0,0,0
107900230,0,0,0
107900231,0,0,0
107900232,18,0,18
107900233,0,0,0
107900234,0,0,0
107900235,7,13,-6
107900236,0,0,0
107900237,1,0,1
107900238,0,0,0
107900239,14,73,-59
107900240,2,3,-1
107900241,0,0,0
107900242,2,12,-10
107900243,0,0,0
107900244,0,0,0
107900245,103,27,76
107900246,114,4,110
107900248,254,3,251
107900249,156,7,149
107900250,0,14,-14
107900251,0,15,-15
107900252,122,3,119
107900253,43,3,40
107900254,3,13,-10
107900255,10,4,6
107900256,10,1,9
107900257,66,34,32
107900258,6,7,-1
107900259,1,465,-464
107900261,0,140,-140
107900262,0,0,0
107900264,142,0,142
107900265,25,60,-35
107900267,144,0,144
107900268,0,0,0
107900269,0,0,0
107900270,0,0,0
107900271,0,0,0
107900272,19,0,19
107900273,28,1,27
107900274,62,0,62
107900275,4,1,3
107900276,0,0,0
107900277,0,0,0
107900278,148,2,146
107900279,0,0,0
107900280,429,97,332
107900281,128,1141,-1013
107900282,16,240,-224
107900283,143,58,85
107900284,304,48,256
107900285,29,0,29
107900286,0,1,-1
107900287,75,26,49
107900290,0,1,-1
107900291,79,1,78
107900292,114,88,26
107900293,60,121,-61
107900295,23,1,22
107900297,0,0,0
107900298,203,125,78
107900299,330,389,-59
107900300,96,130,-34
107900301,62,168,-106
107900302,25,7,18
107900303,138,24,114
107900304,94,1,93
107900305,99,1,98
107900306,0,0,0
107900307,0,0,0
107900308,44,27,17
107900309,0,0,0
107900310,0,0,0
107900311,0,0,0
107900312,0,0,0
107900313,0,0,0
107900314,0,0,0
107900315,0,0,0
107900316,0,0,0
107900317,0,0,0
107900318,0,0,0
107900319,0,5,-5
107900320,0,4,-4
107900321,32,0,32
107900322,0,5,-5
107900323,0,2,-2
107900324,64,0,64
107900325,83,0,83
107900326,77,15,62
107900327,0,0,0
107900328,0,0,0
107900329,0,0,0
107900330,1,4,-3
107900331,118,22,96
107900332,145,3,142
107900333,27,0,27
107900334,0,15,-15
107900335,1,0,1
107900336,2,10,-8
107900337,107,260,-153
107900338,0,2,-2
107900339,0,0,0
107900340,0,0,0
107900341,0,0,0
107900342,31,74,-43
107900343,46,0,46
107900344,12,66,-54
107900345,46,3,43
107900346,1,0,1
107900347,12,0,12
107900348,0,0,0
107900349,42,1,41
107900350,1,37,-36
108000001,2535,1313,1222
108000002,117,160,-43
108000003,2041,1199,842
108000004,1320,3662,-2342
108000005,6008,2769,3239
108000006,929,1352,-423
108000007,3851,1916,1935
108000008,838,954,-116
108000009,3654,2098,1556
108000010,637,898,-261
108000011,9213,5094,4119
108000012,3031,2547,484
108000014,182,509,-327
108000015,496,66,430
108000016,24,143,-119
108000017,698,111,587
108000018,1472,135,1337
108000019,314,110,204
108000020,853,144,709
108000021,95,54,41
108000022,146,265,-119
108000023,713,106,607
108000024,128,124,4
108000025,233,23,210
108000026,549,67,482
108000027,388,4,384
108000028,528,73,455
108000029,264,8,256
108000030,381,14,367
108000031,72,7,65
108000032,1246,181,1065
108000033,189,194,-5
108000034,1666,109,1557
108000035,181,454,-273
108000036,77,123,-46
108000037,1387,122,1265
108000038,1968,187,1781
108000039,89,109,-20
108000040,1491,369,1122
108000041,51,129,-78
108000042,231,25,206
108000043,67,18,49
108000044,832,12,820
108000045,33,0,33
108000046,1414,144,1270
108000047,170,195,-25
108000048,0,0,0
108000049,688,63,625
108000050,20,29,-9
108000051,175,74,101
108000052,13,45,-32
108000053,265,123,142
108000054,110,316,-206
108000055,596,166,430
108000056,193,165,28
108000057,380,597,-217
108000058,1089,1907,-818
108000059,378,765,-387
108000060,115,196,-81
108000061,84,123,-39
108000062,554,213,341
108000063,329,171,158
108000064,176,167,9
108000065,326,188,138
108000066,617,85,532
108000067,1001,157,844
108000068,654,155,499
108000069,48,458,-410
108000070,1853,153,1700
108000071,124,468,-344
108000072,1303,308,995
108000073,257,359,-102
108000074,690,203,487
108000075,211,172,39
108000076,1176,168,1008
108000077,154,154,0
108000078,1703,325,1378
108000079,218,340,-122
108000080,1120,201,919
108000081,148,386,-238
108000082,203,153,50
108000083,1038,405,633
108000084,104,79,25
108000085,541,198,343
108000086,68,44,24
108000087,90,1364,-1274
108000088,117,1,116
108000089,87,60,27
108000090,400,56,344
108000091,16,114,-98
108000092,228,23,205
108000093,102,112,-10
108000094,886,32,854
108000095,60,69,-9
108000096,584,101,483
108000097,55,61,-6
108000098,1178,285,893
108000099,109,18,91
108000100,120,128,-8
108000101,840,449,391
108000102,780,1297,-517
108000106,399,0,399
108000107,0,161,-161
108000108,345,21,324
108000109,1,99,-98
108000110,328,41,287
108000111,41,186,-145
108000112,18,145,-127
108000113,213,100,113
108000115,152,51,101
108000117,351,53,298
108000118,30,61,-31
108000119,338,33,305
108000120,108,306,-198
108000121,175,69,106
108000122,398,81,317
108000123,340,46,294
108000124,64,24,40
108000125,440,43,397
108000126,136,30,106
108000127,389,63,326
108000128,374,37,337
108000129,93,73,20
108000130,223,84,139
108000131,328,92,236
108000132,97,75,22
108000133,1402,84,1318
108000134,153,74,79
108000135,1101,154,947
108000136,19,47,-28
108000137,368,55,313
108000138,150,240,-90
108000139,516,198,318
108000140,540,2,538
108000141,6,49,-43
108000142,7,34,-27
108000143,10,4,6
108000144,415,1,414
108000145,28,13,15
108000146,314,0,314
108000147,5,7,-2
108000148,198,1,197
108000149,1,5,-4
108000150,38,20,18
108000151,4,12,-8
108000152,22,49,-27
108000153,184,70,114
108000154,45,15,30
108000155,29,31,-2
108000156,267,104,163
108000157,26,648,-622
108000158,6,215,-209
108000159,145,41,104
108000160,985,460,525
108000161,722,822,-100
108000165,35,191,-156
108000172,0,66,-66
108000173,836,528,308
108000175,292,20,272
108000178,133,331,-198
108000179,94,451,-357
108000181,63,5,58
108000182,152,2,150
108000183,2,4,-2
108000184,132,1378,-1246
108000185,0,6,-6
108000186,122,9,113
108000187,5,29,-24
108000188,192,1,191
108000189,158,1039,-881
108000190,0,0,0
108000192,95,156,-61
108000193,34,23,11
108000194,18,0,18
108000195,0,17,-17
108000196,113,6,107
108000198,256,54,202
108000199,0,0,0
108000200,170,2,168
108000202,0,152,-152
108000203,0,19,-19
108000204,70,25,45
108000205,44,5,39
108000339,695,517,178
108000364,121,155,-34
108000365,27,64,-37
108000367,62,5,57
108000368,0,1,-1
108000369,95,28,67
108000371,0,165,-165
108000372,312,0,312
108000373,96,20,76
108000376,144,31,113
108000377,381,172,209
108000378,7340,6307,1033
108000379,0,0,0
108000381,73,9,64
108000382,72,0,72
108000383,0,36,-36
108900001,0,31,-31
108900002,99,1,98
108900003,0,4,-4
108900004,114,112,2
108900005,27,189,-162
108900006,174,97,77
108900007,117,60,57
108900008,109,30,79
108900009,52,37,15
108900010,171,52,119
108900011,535,57,478
108900012,295,72,223
108900013,111,78,33
108900014,1,5,-4
108900015,0,0,0
108900016,0,0,0
108900017,44,21,23
108900018,44,95,-51
108900019,0,20,-20
108900020,22,15,7
108900021,38,55,-17
108900022,93,9,84
108900023,0,3,-3
108900024,4,9,-5
108900025,103,3,100
108900026,0,0,0
108900027,0,8,-8
108900028,42,36,6
108900029,5,55,-50
108900030,0,0,0
108900031,10,26,-16
108900032,0,0,0
108900033,0,18,-18
108900034,0,8,-8
108900035,18,43,-25
108900036,77,72,5
108900037,0,0,0
108900038,0,20,-20
108900039,2,21,-19
108900040,2,9,-7
108900041,1107,1109,-2
108900042,0,14,-14
108900043,0,0,0
108900044,0,17,-17
108900045,82,17,65
108900046,0,19,-19
108900047,0,23,-23
108900048,26,40,-14
108900049,171,329,-158
108900050,5,23,-18
108900051,0,12,-12
108900052,24,12,12
108900053,0,87,-87
108900054,14,1,13
108900055,0,14,-14
108900056,0,6,-6
108900057,0,38,-38
108900058,0,31,-31
108900059,204,4,200
108900060,13,83,-70
108900061,4,3,1
108900062,0,17,-17
108900063,4,14,-10
108900064,20,18,2
108900065,9,4,5
108900066,178,26,152
108900067,7,17,-10
108900068,0,23,-23
108900069,51,5,46
108900070,3,2,1
108900071,95,12,83
108900072,144,124,20
108900073,11,7,4
108900074,67,16,51
108900075,2,1,1
108900076,253,38,215
108900077,7,91,-84
108900078,20,22,-2
108900079,67,6,61
108900080,25,187,-162
108900081,4,40,-36
108900082,45,3,42
108900083,2,36,-34
108900084,38,8,30
108900085,192,15,177
108900086,32,14,18
108900087,57,23,34
108900088,164,99,65
108900089,1,86,-85
108900090,30,19,11
108900091,11,6,5
108900092,56,53,3
108900093,40,27,13
108900094,68,6,62
108900095,1,26,-25
108900096,30,2,28
108900097,78,23,55
108900098,182,409,-227
108900099,187,16,171
108900100,6,26,-20
108900101,33,33,0
108900102,4,368,-364
108900103,51,34,17
108900104,12,32,-20
108900105,1,626,-625
108900106,249,29,220
108900108,79,0,79
108900109,37,10,27
108900110,44,32,12
108900111,174,51,123
108900112,60,0,60
108900113,17,36,-19
108900114,0,0,0
108900115,125,31,94
108900116,5,2,3
108900117,89,1,88
108900118,159,29,130
108900119,198,3,195
108900120,39,32,7
108900121,58,7,51
108900122,80,0,80
108900123,52,9,43
108900124,31,2,29
108900125,156,1,155
108900126,114,16,98
108900127,157,2,155
108900128,77,4,73
108900129,100,6,94
108900130,102,1,101
108900131,231,5,226
108900132,246,9,237
108900133,85,34,51
108900134,318,20,298
108900135,133,0,133
108900136,16,1,15
108900137,99,3,96
108900138,336,6,330
108900139,257,20,237
108900140,302,27,275
108900141,229,1,228
108900142,48,2,46
108900143,43,0,43
108900144,48,0,48
108900145,159,11,148
108900146,16,0,16
108900147,250,1,249
108900148,31,7,24
108900149,105,42,63
108900150,38,12,26
108900151,0,0,0
108900152,137,35,102
108900153,193,12,181
108900154,2029,136,1893
108900155,70,13,57
108900156,37,15,22
108900157,1,13,-12
108900158,284,54,230
108900159,0,21,-21
108900160,7,51,-44
108900161,0,62,-62
108900162,87,0,87
108900163,0,187,-187
108900164,12,3,9
108900165,11,3,8
108900167,113,3065,-2952
108900168,979,894,85
108900169,2,5,-3
108900171,525,1156,-631
108900172,73,15,58
108900173,50,27,23
108900174,466,41,425
108900176,3,77,-74
108900177,178,885,-707
108900178,254,1298,-1044
108900179,75,613,-538
108900180,51,142,-91
108900182,13,105,-92
108900183,21,38,-17
108900184,251,108,143
108900185,2,93,-91
108900186,48,78,-30
108900187,423,7,416
108900188,438,17,421
108900189,118,17,101
108900190,2,92,-90
108900191,29,11,18
108900192,4,53,-49
108900193,2,18,-16
108900194,0,41,-41
108900195,7,27,-20
108900196,2,9,-7
108900198,0,18,-18
108900199,55,55,0
108900200,156,121,35
108900201,76,226,-150
108900203,245,25,220
108900204,92,5,87
108900205,186,7,179
108900206,110,22,88
108900207,37,22,15
108900208,3,56,-53
108900209,59,45,14
108900210,33,1,32
108900211,1,43,-42
108900212,11,169,-158
108900215,0,16,-16
108900216,50,76,-26
108900217,3,0,3
108900218,14,2,12
108900219,28,0,28
108900220,2,12,-10
108900221,0,0,0
108900222,71,0,71
108900223,0,0,0
108900224,0,0,0
108900225,0,0,0
108900226,116,11,105
108900227,19,68,-49
108900230,12,9,3
108900231,0,17,-17
108900232,2,11,-9
108900233,140,4,136
108900234,103,7,96
108900235,0,0,0
108900236,0,0,0
108900237,0,0,0
108900240,11,16,-5
108900241,0,37,-37
108900245,0,133,-133
108900249,7,0,7
108900250,37,0,37
108900257,58,0,58
108900258,3,10,-7
108900259,1,14,-13
108900260,1,2,-1
108900261,3,2,1
108900262,15,28,-13
108900263,9,12,-3
108900264,14,32,-18
108900265,64,259,-195
108900266,19,266,-247
108900267,1,105,-104
108900268,0,4,-4
108900269,39,3,36
108900270,13,0,13
108900271,6,1,5
108900272,122,4,118
108900273,68,256,-188
108900274,3,0,3
109000001,912,2628,-1716
109000002,0,240,-240
109000003,1550,305,1245
109000004,6,117,-111
109000005,1301,339,962
109000006,3,87,-84
109000007,1337,387,950
109000008,8,92,-84
109000009,2053,538,1515
109000010,5,151,-146
109000011,2385,900,1485
109000012,20,152,-132
109000013,3482,1957,1525
109000014,45,130,-85
109000015,3133,4861,-1728
109000016,51,192,-141
109000017,2262,520,1742
109000018,31,249,-218
109000019,1442,786,656
109000020,15,44,-29
109000023,51,1,50
109000024,1,36,-35
109000025,92,231,-139
109000026,266,278,-12
109000027,18,150,-132
109000028,47,79,-32
109000029,73,111,-38
109000030,0,0,0
109000031,197,54,143
109000032,1,1,0
109000033,294,73,221
109000034,2,7,-5
109000035,3,6,-3
109000036,3,131,-128
109000037,137,1034,-897
109000038,92,43,49
109000039,265,568,-303
109000040,319,4447,-4128
109000041,106,982,-876
109000042,222,490,-268
109000044,138,12,126
109000045,63,1,62
109000046,233,12,221
109000047,15,3,12
109000048,354,46,308
109000049,23,6,17
109000050,216,89,127
109000051,19,30,-11
109000052,101,40,61
109000053,364,97,267
109000054,15,25,-10
109000055,27,62,-35
109000056,79,18,61
109000057,57,322,-265
109000058,61,2,59
109000059,10,239,-229
109000060,76,173,-97
109000061,31,773,-742
109000062,30,128,-98
109000063,10,16,-6
109000064,154,10,144
109000065,5,22,-17
109000066,214,3,211
109000067,0,38,-38
109000068,164,42,122
109000069,134,1,133
109000070,0,11,-11
109000071,104,70,34
109000072,62,352,-290
109000073,16,54,-38
109000074,9,153,-144
109000075,48,3,45
109000076,16,130,-114
109000077,118,114,4
109000078,47,42,5
109000079,72,28,44
109000080,101,10,91
109000081,48,76,-28
109000082,333,16,317
109000083,120,97,23
109000088,122,34,88
109000089,266,31,235
109000090,190,65,125
109000091,289,47,242
109000092,133,171,-38
109000093,233,29,204
109000094,493,1,492
109000095,13,48,-35
109000096,565,64,501
109000097,3,11,-8
109000098,26,41,-15
109000099,377,11,366
109000100,38,184,-146
109000101,1020,233,787
109000102,235,135,100
109000103,240,149,91
109000104,1218,236,982
109000105,112,158,-46
109000106,800,271,529
109000107,218,164,54
109000108,1124,335,789
109000109,146,119,27
109000110,492,324,168
109000111,265,276,-11
109000112,30,33,-3
109000113,83,14,69
109000114,172,126,46
109000115,324,24,300
109000116,0,51,-51
109000117,158,4,154
109000118,0,63,-63
109000119,920,14,906
109000120,16,92,-76
109000121,519,2,517
109000122,16,42,-26
109000123,54,7,47
109000124,303,39,264
109000125,858,82,776
109000126,19,32,-13
109000127,1005,31,974
109000128,52,18,34
109000129,1636,94,1542
109000130,39,28,11
109000131,440,428,12
109000132,102,102,0
109000133,16,80,-64
109000134,60,64,-4
109000135,61,42,19
109000136,119,110,9
109000137,444,93,351
109000138,128,99,29
109000139,340,50,290
109000140,99,163,-64
109000141,134,86,48
109000142,18,48,-30
109000143,60,21,39
109000145,31,77,-46
109000146,49,248,-199
109000148,63,176,-113
109000149,56,111,-55
109000150,50,109,-59
109000155,168,306,-138
109000156,254,17,237
109000158,5,270,-265
109000159,16,104,-88
109000160,696,43,653
109000161,231,177,54
109000162,893,124,769
109000163,672,106,566
109000164,718,570,148
109000165,768,249,519
109000166,450,21,429
109000167,79,120,-41
109000170,2,10,-8
109000171,26,4,22
109000172,3,5,-2
109000173,1,11,-10
109000174,14,3,11
109000175,39,31,8
109000176,159,114,45
109000177,4,11,-7
109000178,174,34,140
109000179,355,896,-541
109000180,903,617,286
109000181,21,7,14
109000182,35,36,-1
109000183,20,10,10
109000184,24,45,-21
109000185,31,33,-2
109000188,170,264,-94
109000189,695,63,632
109000190,174,134,40
109000191,253,114,139
109000192,263,28,235
109000193,119,20,99
109000194,96,8,88
109000195,47,14,33
109000196,64,4,60
109000197,136,15,121
109000198,109,7,102
109000199,23,8,15
109000206,131,5,126
109000207,60,23,37
109000208,126,48,78
109000209,81,28,53
109000210,9,32,-23
109000211,303,275,28
109000214,221,205,16
109000215,107,22,85
109000216,121,168,-47
109000217,4,2,2
109000218,6,21,-15
109000221,31,104,-73
109000222,442,23,419
109000223,126,175,-49
109000224,112,40,72
109000225,50,30,20
109000226,64,79,-15
109000227,724,173,551
109000228,0,1,-1
109000231,0,36,-36
109000232,424,18,406
109000236,16,34,-18
109000241,576,245,331
109000242,451,99,352
109000293,20,62,-42
109000361,17,7,10
109000364,31,55,-24
109000396,0,42,-42
109000397,727,2,725
109000399,76,197,-121
109000400,83,43,40
109000403,2,898,-896
109000406,86,1,85
109000407,13,52,-39
109000408,0,78,-78
109000410,0,0,0
109000411,121,6,115
109900001,21,0,21
109900002,192,1,191
109900003,149,0,149
109900004,67,0,67
109900005,6,0,6
109900006,198,28,170
109900007,332,4,328
109900008,0,0,0
109900009,1,5,-4
109900010,0,0,0
109900011,7,3,4
109900012,62,11,51
109900013,64,23,41
109900014,22,1,21
109900015,23,7,16
109900016,53,0,53
109900017,77,48,29
109900018,22,0,22
109900019,7,14,-7
109900020,6,3,3
109900021,1,0,1
109900022,32,16,16
109900023,10,0,10
109900024,3,0,3
109900025,3,0,3
109900026,0,10,-10
109900027,2,2,0
109900028,44,147,-103
109900029,1,12,-11
109900030,14,0,14
109900031,0,54,-54
109900032,0,0,0
109900033,0,65,-65
109900034,4,3,1
109900035,0,15,-15
109900036,0,0,0
109900037,0,0,0
109900038,2,26,-24
109900039,23,16,7
109900040,0,0,0
109900041,0,9,-9
109900042,0,0,0
109900044,17,12,5
109900045,26,7,19
109900046,7,5,2
109900047,5,39,-34
109900048,3,8,-5
109900049,6,4,2
109900050,0,0,0
109900051,0,2,-2
109900052,4,44,-40
109900053,0,10,-10
109900054,432,8,424
109900055,25,22,3
109900056,0,0,0
109900057,0,9,-9
109900058,0,0,0
109900059,477,7,470
109900060,122,4,118
109900061,3,3,0
109900062,0,0,0
109900063,0,62,-62
109900064,70,6,64
109900065,11,12,-1
109900066,0,11,-11
109900067,0,0,0
109900068,128,4,124
109900069,0,1,-1
109900070,3,8,-5
109900071,0,2,-2
109900072,0,6,-6
109900073,124,6,118
109900074,0,2,-2
109900075,0,0,0
109900076,3,10,-7
109900077,9,26,-17
109900078,13,14,-1
109900080,37,6,31
109900081,0,12,-12
109900082,5,11,-6
109900083,0,17,-17
109900084,0,0,0
109900085,23,19,4
109900086,2,157,-155
109900087,25,46,-21
109900089,75,6,69
109900090,28,50,-22
109900091,164,3,161
109900092,0,0,0
109900093,135,4,131
109900094,13,0,13
109900095,18,29,-11
109900096,49,0,49
109900097,0,0,0
109900098,178,2,176
109900099,271,0,271
109900100,0,0,0
109900101,430,0,430
109900102,0,0,0
109900103,11,3,8
109900104,508,31,477
109900105,0,0,0
109900106,0,0,0
109900107,0,0,0
109900108,0,0,0
109900109,0,0,0
109900110,6,3,3
109900111,43,38,5
109900112,30,38,-8
109900113,341,97,244
109900114,185,39,146
109900115,77,7,70
109900117,473,9,464
109900118,17,39,-22
109900119,40,22,18
109900120,12,2,10
109900121,40,17,23
109900122,356,1,355
109900123,0,2,-2
109900124,8,9,-1
109900125,0,20,-20
109900126,123,2,121
109900128,117,1,116
109900130,233,316,-83
109900131,1,46,-45
109900132,1,26,-25
109900133,9,17,-8
109900134,0,0,0
109900135,0,0,0
109900136,0,0,0
109900137,43,17,26
109900138,48,27,21
109900140,26,6,20
109900142,249,10,239
109900145,0,59,-59
109900146,4,4,0
109900148,28,15,13
109900149,0,4,-4
109900150,0,3,-3
109900151,0,3,-3
109900152,0,5,-5
109900153,0,30,-30
109900154,1,0,1
109900155,9,2,7
109900157,19,20,-1
109900158,5,3,2
109900159,17,0,17
109900160,4,6,-2
109900161,37,17,20
109900162,68,14,54
109900163,148,40,108
109900164,79,106,-27
109900165,17,0,17
109900166,1,23,-22
109900167,19,24,-5
109900168,32,36,-4
109900169,0,0,0
109900170,7,258,-251
109900171,33,46,-13
109900172,3,36,-33
109900173,58,292,-234
109900174,0,6,-6
109900175,0,0,0
109900176,0,0,0
109900177,0,0,0
109900178,0,0,0
109900179,0,0,0
109900180,0,0,0
110000001,90,102,-12
110000002,542,912,-370
110000003,154,185,-31
110000004,397,952,-555
110000005,265,1094,-829
110000006,86,537,-451
110000007,14,9,5
110000008,1,19,-18
110000009,0,0,0
110000010,25,50,-25
110000011,8,5,3
110000012,81,223,-142
110000013,77,248,-171
110000014,266,97,169
110000015,124,271,-147
110000016,226,612,-386
110000017,991,374,617
110000018,298,146,152
110000019,7,9,-2
110000020,174,79,95
110000021,66,49,17
110000022,282,11,271
110000023,1,25,-24
110000024,49,77,-28
110000025,429,0,429
110000026,0,56,-56
110000027,176,276,-100
110000028,426,132,294
110000029,49,117,-68
110000030,139,261,-122
110000031,33,48,-15
110000032,358,95,263
110000033,13,28,-15
110000034,184,166,18
110000035,184,150,34
110000036,351,183,168
110000037,32,95,-63
110000038,87,236,-149
110000039,468,1424,-956
110000040,114,66,48
110000041,205,1245,-1040
110000042,45,103,-58
110000043,288,256,32
110000044,10,59,-49
110000045,25,62,-37
110000046,7,1,6
110000047,3,51,-48
110000048,0,12,-12
110000049,3,11,-8
110000050,0,11,-11
110000051,4,5,-1
110000052,71,69,2
110000053,5,5,0
110000054,34,62,-28
110000055,27,84,-57
110000056,109,75,34
110000057,53,64,-11
110000058,466,347,119
110000059,74,116,-42
110000060,921,375,546
110000061,127,160,-33
110000062,671,321,350
110000063,109,49,60
110000064,65,8,57
110000065,50,43,7
110000066,85,4,81
110000067,11,14,-3
110000068,6,16,-10
110000069,316,4,312
110000071,130,1,129
110000073,3,5,-2
110000075,0,1,-1
110000076,182,113,69
110000077,109,244,-135
110000078,106,0,106
110000080,48,91,-43
110000081,14,66,-52
110000082,3,59,-56
110000083,124,107,17
110000084,496,433,63
110000085,644,404,240
110000086,465,765,-300
110000087,7,24,-17
110000088,35,77,-42
110000089,183,13,170
110000090,21,47,-26
110000091,86,34,52
110000092,0,1,-1
110000093,71,23,48
110000094,307,26,281
110000095,104,339,-235
110000096,353,310,43
110000097,521,787,-266
110000098,697,160,537
110000099,197,271,-74
110000100,469,6,463
110000101,0,39,-39
110000102,33,50,-17
110000104,186,69,117
110000105,66,36,30
110000106,131,208,-77
110000107,25,79,-54
110000108,48,129,-81
110000109,4,24,-20
110000110,1013,1825,-812
110000111,1137,1273,-136
110000112,121,252,-131
110000113,62,682,-620
110000114,111,348,-237
110000115,121,71,50
110000116,28,5,23
110000117,143,34,109
110000118,347,39,308
110000119,91,34,57
110000120,88,33,55
110000121,6,117,-111
110000122,116,128,-12
110000123,345,225,120
110000124,0,218,-218
110000125,479,3,476
110000126,139,1,138
110000127,361,23,338
110000128,0,134,-134
110000129,1,40,-39
110000130,78,30,48
110000131,26,39,-13
110000132,0,67,-67
110000133,1,78,-77
110000134,1,37,-36
110000135,67,14,53
110000136,21,61,-40
110000137,297,19,278
110000138,151,64,87
110000139,568,53,515
110000140,533,106,427
110000143,151,82,69
110000144,1029,439,590
110000145,399,194,205
110000146,662,152,510
110000147,21,340,-319
110000148,231,62,169
110000151,111,268,-157
110000152,130,547,-417
110000153,2,0,2
110000154,7,48,-41
110000155,442,577,-135
110000156,134,347,-213
110000157,183,544,-361
110000160,240,97,143
110000161,30,80,-50
110000166,378,4,374
110000167,744,308,436
110000168,544,335,209
110000169,361,122,239
110000170,65,70,-5
110000171,258,39,219
110000172,137,180,-43
110000173,228,239,-11
110000174,40,116,-76
110000175,393,22,371
110000176,61,298,-237
110000177,107,445,-338
110000178,270,991,-721
110000179,281,94,187
110000180,72,108,-36
110000181,205,63,142
110000182,90,16,74
110000183,2124,3108,-984
110000184,95,1361,-1266
110000185,140,283,-143
110000186,65,205,-140
110000191,781,88,693
110000192,348,3,345
110000193,588,1,587
110000194,2,69,-67
110000195,255,10,245
110000196,191,6,185
110000197,38,12,26
110000198,41,6,35
110000199,8,29,-21
110000200,153,30,123
110000201,289,411,-122
110000202,435,172,263
110000203,40,27,13
110000204,0,63,-63
110000205,187,20,167
110000206,74,60,14
110000207,802,43,759
110000208,36,59,-23
110000209,24,48,-24
110000210,1026,134,892
110000211,498,238,260
110000212,115,509,-394
110000213,114,7,107
110000214,96,26,70
110000215,3,78,-75
110000216,19,61,-42
110000217,297,44,253
110000218,56,38,18
110000219,165,13,152
110000220,0,25,-25
110000221,239,6,233
110000222,14,74,-60
110000223,7,34,-27
110000224,0,0,0
110000225,66,147,-81
110000226,119,8,111
110000227,73,146,-73
110000228,105,17,88
110000229,0,20,-20
110000230,266,274,-8
110000231,66,83,-17
110000232,43,68,-25
110000233,140,89,51
110000234,179,143,36
110000235,319,381,-62
110000236,0,0,0
110000237,406,132,274
110000238,451,217,234
110000239,427,165,262
110000240,0,5,-5
110000242,0,0,0
110000243,85,3,82
110000244,4,70,-66
110000245,1,67,-66
110000246,379,134,245
110000247,324,329,-5
110000248,256,110,146
110000249,59,0,59
110000250,2,45,-43
110000251,164,76,88
110000252,139,27,112
110000253,537,264,273
110000254,259,80,179
110000255,66,86,-20
110000256,129,96,33
110000257,58,18,40
110000258,4,18,-14
110000259,46,2,44
110000260,29,42,-13
110000263,167,22,145
110000264,321,131,190
110000265,1025,466,559
110000266,644,560,84
110000267,0,0,0
110000268,41,1,40
110000269,0,0,0
110000270,37,0,37
110000271,267,29,238
110000272,200,193,7
110000273,173,255,-82
110000274,111,875,-764
110000275,232,90,142
110000276,72,234,-162
110000277,200,69,131
110000278,170,134,36
110000279,517,103,414
110000280,341,84,257
110000281,47,26,21
110000282,79,2,77
110000283,2,23,-21
110000284,0,1,-1
110000285,0,15,-15
110000286,7,0,7
110000287,114,0,114
110000288,0,0,0
110000289,82,1073,-991
110000290,68,98,-30
110000291,254,303,-49
110000292,421,1852,-1431
110000293,373,202,171
110000294,783,426,357
110000295,44,130,-86
110000296,305,64,241
110000297,816,21,795
110000298,2,70,-68
110000299,44,10,34
110000301,341,4,337
110000302,61,51,10
110000303,283,1,282
110000304,17,14,3
110000305,549,3,546
110000306,5,64,-59
110000307,693,1,692
110000308,383,0,383
110000309,0,106,-106
110000310,520,22,498
110000311,1,177,-176
110000312,334,19,315
110000313,564,112,452
110000314,0,28,-28
110000315,372,621,-249
110000316,10,219,-209
110000317,45,43,2
110000318,1,23,-22
110000319,3,11,-8
110000320,1,16,-15
110000321,1,17,-16
110000322,41,100,-59
110000323,283,101,182
110000324,184,66,118
110000325,902,1274,-372
110000327,206,92,114
110000328,20,22,-2
110000333,320,349,-29
110000334,80,153,-73
110000335,211,106,105
110000336,68,109,-41
110000337,1017,110,907
110000338,243,97,146
110000339,290,17,273
110000340,6,10,-4
110000341,266,2,264
110000342,50,0,50
110000343,0,0,0
110000344,2,23,-21
110000345,32,44,-12
110000346,663,495,168
110000347,943,273,670
110000348,0,4,-4
110000349,0,5,-5
110000350,7,0,7
110000351,835,169,666
110000352,183,604,-421
110000353,1010,178,832
110000354,158,853,-695
110000355,54,0,54
110000356,254,1,253
110000357,263,16,247
110000361,0,0,0
110000362,106,23,83
110000363,278,11,267
110000364,173,90,83
110000365,43,0,43
110000366,0,56,-56
110000367,168,66,102
110000368,0,13,-13
110000369,25,0,25
110000373,0,42,-42
110000374,13,23,-10
110000375,48,136,-88
110000376,7,33,-26
110000377,41,237,-196
110000378,1,78,-77
110000379,1038,1342,-304
110000380,118,1,117
110000383,0,101,-101
110000384,309,17,292
110000385,0,19,-19
110000387,13,0,13
110000388,2,38,-36
110000389,627,15,612
110000391,364,7,357
110000396,75,3,72
110000397,64,8,56
110000398,3,12,-9
110000399,93,0,93
110000587,147,14,133
110000589,89,13,76
110000640,94,5,89
110000652,2,34,-32
110000653,34,36,-2
110000654,0,0,0
110000656,0,0,0
110000674,0,0,0
110000675,0,0,0
110000676,0,0,0
110000679,0,0,0
110000682,76,114,-38
110000683,164,131,33
110000684,0,0,0
110000685,22,2,20
110000686,0,0,0
110000687,2,0,2
110000688,3,165,-162
110000689,29,12,17
110000692,2,10,-8
110000693,2,108,-106
110000694,0,0,0
110000695,3,67,-64
110000696,114,7,107
110900001,28,1,27
110900002,56,1,55
110900003,249,3,246
110900004,216,1,215
110900005,0,0,0
110900006,3,1,2
110900007,39,7,32
110900008,0,0,0
110900009,18,74,-56
110900010,0,0,0
110900011,1,1,0
110900012,0,0,0
110900013,251,24,227
110900014,10,0,10
110900015,27,155,-128
110900016,0,0,0
110900017,217,8,209
110900018,49,0,49
110900019,3,0,3
110900020,0,0,0
110900021,0,0,0
110900022,0,0,0
110900023,11,15,-4
110900024,0,0,0
110900025,0,0,0
110900027,0,0,0
110900028,0,0,0
110900029,1,1,0
110900030,0,0,0
110900031,0,0,0
110900032,0,0,0
110900033,2,3,-1
110900035,0,0,0
110900036,4,0,4
110900037,17,0,17
110900038,0,0,0
110900039,0,0,0
110900040,47,0,47
110900041,0,0,0
110900042,0,0,0
110900043,0,0,0
110900044,0,0,0
110900045,0,0,0
110900046,0,0,0
110900047,0,0,0
110900049,6,7,-1
110900050,5,1,4
110900051,0,0,0
110900052,0,0,0
110900053,0,0,0
110900054,0,1,-1
110900055,22,2,20
110900056,0,0,0
110900057,0,0,0
110900058,0,0,0
110900059,0,3,-3
110900060,39,20,19
110900061,0,0,0
110900062,0,0,0
110900063,0,4,-4
110900064,4,0,4
110900065,1,24,-23
110900066,0,9,-9
110900067,0,0,0
110900068,0,0,0
110900069,1,3,-2
110900070,0,0,0
110900071,0,0,0
110900073,0,0,0
110900074,130,3,127
110900075,55,3,52
110900077,274,32,242
110900078,0,0,0
110900079,91,186,-95
110900080,34,6,28
110900081,0,0,0
110900082,21,10,11
110900083,2,1,1
110900084,0,0,0
110900085,8,8,0
110900086,7,30,-23
110900087,25,39,-14
110900088,3,0,3
110900090,0,0,0
110900091,0,0,0
110900093,0,1,-1
110900095,4,0,4
110900097,1,0,1
110900098,0,2,-2
110900099,3,49,-46
110900100,0,0,0
110900102,23,5,18
110900105,12,13,-1
110900108,7,7,0
110900111,19,3,16
110900112,135,0,135
110900113,34,0,34
110900115,0,2,-2
110900116,177,65,112
110900118,0,483,-483
110900119,49,2,47
110900120,0,0,0
110900121,1,0,1
110900122,15,0,15
110900125,91,150,-59
110900127,0,0,0
110900128,3,7,-4
110900129,6,106,-100
110900130,9,114,-105
110900131,22,2,20
110900132,100,5,95
110900133,0,0,0
110900135,0,4,-4
110900136,44,0,44
110900137,1,0,1
110900138,49,26,23
110900139,0,15,-15
110900140,0,0,0
110900141,3,3,0
110900142,0,0,0
110900143,35,7,28
110900144,0,0,0
110900145,16,19,-3
110900146,36,29,7
110900147,0,0,0
110900148,0,0,0
110900149,0,0,0
110900150,6,11,-5
110900151,0,0,0
110900152,0,18,-18
110900153,47,4,43
111000001,394,275,119
111000002,43,29,14
111000003,732,485,247
111000004,2,22,-20
111000005,511,785,-274
111000006,23,19,4
111000007,1210,1387,-177
111000008,99,110,-11
111000009,47,230,-183
111000010,645,340,305
111000011,95,228,-133
111000012,82,372,-290
111000013,114,346,-232
111000014,652,251,401
111000017,1,79,-78
111000018,3,32,-29
111000020,54,233,-179
111000021,17,26,-9
111000023,53,78,-25
111000025,311,500,-189
111000029,8,25,-17
111000030,0,1,-1
111000031,970,382,588
111000032,414,136,278
111000033,147,35,112
111000034,31,59,-28
111000037,252,489,-237
111000038,540,423,117
111000039,545,447,98
111000040,641,449,192
111000041,101,250,-149
111000042,308,780,-472
111000043,1085,1275,-190
111000044,875,147,728
111000045,1728,757,971
111000046,744,718,26
111000047,1282,2550,-1268
111000049,17,24,-7
111000050,140,116,24
111000051,88,82,6
111000052,65,114,-49
111000053,31,71,-40
111000054,40,85,-45
111000055,360,274,86
111000056,73,50,23
111000057,20,52,-32
111000058,274,22,252
111000059,340,83,257
111000060,2906,242,2664
111000061,390,167,223
111000062,812,97,715
111000063,726,303,423
111000064,710,167,543
111000065,1165,230,935
111000066,540,79,461
111000067,175,62,113
111000068,51,89,-38
111000069,145,175,-30
111000070,94,63,31
111000071,1,5,-4
111000072,820,428,392
111000073,131,698,-567
111000074,1070,543,527
111000075,314,109,205
111000076,625,99,526
111000077,676,405,271
111000078,489,161,328
111000079,470,119,351
111000080,220,144,76
111000081,267,1162,-895
111000082,242,116,126
111000084,267,218,49
111000085,466,508,-42
111000086,612,386,226
111000087,412,165,247
111000088,647,423,224
111000089,320,202,118
111000090,267,253,14
111000091,206,102,104
111000092,754,225,529
111000093,411,222,189
111000094,512,216,296
111000095,300,970,-670
111000096,517,3006,-2489
111000097,236,172,64
111000098,102,87,15
111000099,110,189,-79
111000100,67,123,-56
111000101,72,127,-55
111000102,5,67,-62
111000104,394,44,350
111000107,2,86,-84
111000109,304,22,282
111000110,438,140,298
111000111,1543,59,1484
111000112,1258,58,1200
111000113,451,818,-367
111000114,370,1316,-946
111000115,1374,240,1134
111000116,282,62,220
111000117,150,121,29
111000118,310,83,227
111000119,717,92,625
111000120,249,124,125
111000121,79,156,-77
111000122,195,165,30
111000123,353,352,1
111000124,111,345,-234
111000125,94,121,-27
111000126,34,56,-22
111000127,492,23,469
111000128,1486,54,1432
111000129,1585,259,1326
111000130,1716,193,1523
111000131,1693,132,1561
111000132,1409,556,853
111000133,110,10,100
111000134,109,2,107
111000135,4,58,-54
111000136,305,68,237
111000138,4,0,4
111000140,0,0,0
111000141,28,28,0
111000142,0,0,0
111000143,0,0,0
111000144,0,0,0
111000145,13,0,13
111000146,35,0,35
111000147,15,0,15
111000148,11,13,-2
111000149,0,23,-23
111000150,16,0,16
111000151,4,1,3
111000153,137,29,108
111000154,36,25,11
111000155,103,46,57
111000156,227,111,116
111000157,64,242,-178
111000158,466,350,116
111000159,615,424,191
111000160,211,93,118
111000161,0,70,-70
111000162,1,13,-12
111000163,136,101,35
111000164,17,314,-297
111000165,325,89,236
111000166,46,24,22
111000167,36,73,-37
111000168,86,43,43
111000169,91,35,56
111000170,84,50,34
111000171,66,22,44
111000172,62,32,30
111000173,88,85,3
111000174,65,15,50
111000175,9,39,-30
111000176,241,26,215
111000177,402,26,376
111000178,934,69,865
111000179,286,19,267
111000180,135,168,-33
111000181,333,62,271
111000182,134,46,88
111000183,97,45,52
111000184,206,34,172
111000185,113,14,99
111000186,102,9,93
111000187,106,14,92
111000188,272,78,194
111000189,17,104,-87
111000190,76,22,54
111000191,49,24,25
111000192,7,51,-44
111000193,43,31,12
111000194,9,18,-9
111000195,10,34,-24
111000196,8,9,-1
111000197,235,17,218
111000198,256,4,252
111000199,108,74,34
111000200,480,155,325
111000201,418,25,393
111000202,219,22,197
111000203,218,64,154
111000204,198,352,-154
111000213,196,144,52
111000214,447,299,148
111000215,371,194,177
111000217,777,216,561
111000218,525,294,231
111000219,39,23,16
111000220,244,12,232
111000221,83,22,61
111000224,0,2,-2
111000225,393,231,162
111000226,10,0,10
111000227,8,2,6
111000228,0,359,-359
111000229,1,600,-599
111000230,41,10,31
111000231,475,27,448
111000232,256,145,111
111000233,339,69,270
111000234,21,144,-123
111000239,0,0,0
111000240,26,88,-62
111000241,0,0,0
111000242,85,38,47
111000243,0,0,0
111000244,294,14,280
111000245,429,39,390
111000246,319,64,255
111000247,244,77,167
111000248,479,103,376
111000249,262,41,221
111000250,43,33,10
111000251,109,52,57
111000253,4,5,-1
111000255,23,5,18
111000257,23,1,22
111000260,0,54,-54
111000261,613,31,582
111000271,0,31,-31
111000273,406,403,3
111000274,529,338,191
111000275,29,8,21
111000276,66,277,-211
111000277,73,59,14
111000278,347,27,320
111000291,478,3991,-3513
111000298,251,87,164
111000299,49,5,44
111000300,3,25,-22
111000302,152,37,115
111000303,85,43,42
111000312,56,4,52
111000315,0,12,-12
111000320,42,98,-56
111000321,267,36,231
111000322,205,39,166
111000323,202,19,183
111000324,156,38,118
111000325,4,12,-8
111000326,88,27,61
111000327,160,108,52
111000328,95,91,4
111000329,0,34,-34
111000330,7,16,-9
111000331,2,0,2
111000332,187,207,-20
111000334,43,180,-137
111000335,508,11,497
111000337,775,0,775
111000338,18,5,13
111000339,262,9,253
111000340,5,63,-58
111000341,732,175,557
111000342,1,31,-30
111000344,537,190,347
111000345,12,3,9
111000346,0,0,0
111000347,112,1,111
111000350,52,101,-49
111000351,9,250,-241
111000352,77,44,33
111000353,6,158,-152
111000354,100,24,76
111000355,17,90,-73
111000358,57,45,12
111000360,87,15,72
111000361,51,5,46
111000546,89,0,89
111000547,219,32,187
111000548,11,5,6
111000549,141,16,125
111000550,1,102,-101
111000551,41,23,18
111000552,77,28,49
111000907,158,1,157
111000908,28,1,27
111000916,596,7,589
111000917,0,10,-10
111000918,59,42,17
111000920,133,5,128
111000921,0,20,-20
111000922,124,8,116
111000924,1,126,-125
111000925,2793,1025,1768
111000926,624,343,281
111000927,2015,2402,-387
111000928,1216,635,581
111000929,1465,635,830
111000930,493,680,-187
111000931,1807,649,1158
111000932,950,743,207
111000933,2211,1400,811
111000934,412,613,-201
111000935,1420,452,968
111000936,341,436,-95
111000937,937,604,333
111000938,598,342,256
111000939,460,10,450
111000940,333,7,326
111000941,206,19,187
111000943,313,41,272
111000944,9,32,-23
111000945,234,18,216
111001109,195,230,-35
111001110,57,3,54
111001111,17,1,16
111001112,234,29,205
111001113,0,67,-67
111001114,110,10,100
111001115,0,0,0
111001116,483,2553,-2070
111001117,22,163,-141
111001120,24,26,-2
111001121,1,18,-17
111001122,87,26,61
111001123,93,33,60
111900001,8,0,8
111900002,0,27,-27
111900003,3,15,-12
111900004,0,16,-16
111900006,0,0,0
111900007,0,0,0
111900008,0,0,0
111900009,67,5,62
111900010,4,5,-1
111900012,1,3,-2
111900013,2,14,-12
111900014,346,1704,-1358
111900015,0,1,-1
111900016,0,2,-2
111900017,0,2,-2
111900018,49,9,40
111900019,2,68,-66
111900020,0,18,-18
111900021,1,15,-14
111900022,0,0,0
111900023,67,4,63
111900024,11,5,6
111900025,0,9,-9
111900026,0,0,0
111900027,1,4,-3
111900028,0,0,0
111900029,0,1,-1
111900030,0,1,-1
111900031,12,0,12
111900032,0,0,0
111900033,0,3,-3
111900034,0,1,-1
111900035,0,0,0
111900036,0,0,0
111900038,0,2,-2
111900039,0,0,0
111900040,0,0,0
111900042,0,0,0
111900043,0,0,0
111900044,0,4,-4
111900046,0,0,0
111900048,197,47,150
111900049,0,0,0
111900050,0,0,0
111900051,0,11,-11
111900052,0,1,-1
111900053,64,662,-598
111900054,0,0,0
111900055,1,62,-61
111900056,10,88,-78
111900057,60,8,52
111900058,298,15,283
111900059,113,48,65
111900060,0,0,0
111900061,1,9,-8
111900062,46,16,30
111900063,14,0,14
111900064,19,24,-5
111900065,45,2,43
111900066,10,1,9
111900067,0,0,0
111900068,11,25,-14
111900069,82,19,63
111900070,37,0,37
111900071,0,0,0
111900072,48,3,45
111900073,112,29,83
111900074,0,0,0
111900075,77,1,76
111900076,45,8,37
111900077,15,1,14
111900078,83,20,63
111900079,30,19,11
111900080,0,0,0
111900081,0,0,0
111900082,346,42,304
111900083,59,12,47
111900084,118,10,108
111900085,0,0,0
111900086,223,21,202
111900087,32,0,32
111900088,140,8,132
111900089,79,1,78
111900090,0,0,0
111900091,523,5,518
111900092,76,0,76
111900093,173,2,171
111900094,19,0,19
111900095,0,0,0
111900096,183,2,181
111900097,73,0,73
111900098,73,1,72
111900099,46,0,46
111900100,0,0,0
111900101,15,0,15
111900102,200,1,199
111900103,0,0,0
111900104,1,0,1
111900105,25,4,21
111900106,53,11,42
111900107,0,0,0
111900108,0,0,0
111900109,0,0,0
111900110,7,0,7
111900111,133,19,114
111900112,0,0,0
111900113,63,26,37
111900114,30,9,21
111900115,1,2,-1
111900118,31,2,29
111900119,1,11,-10
111900122,9,39,-30
111900123,0,1,-1
111900124,23,4,19
111900125,68,2,66
111900126,69,0,69
111900127,0,0,0
111900128,0,1,-1
111900129,58,6,52
111900130,3,7,-4
111900131,36,0,36
111900132,0,0,0
111900133,0,0,0
111900134,0,0,0
111900135,0,0,0
111900136,0,0,0
111900137,5,24,-19
111900138,0,17,-17
111900139,10,7,3
111900140,137,19,118
111900141,81,3,78
111900142,37,21,16
111900143,0,0,0
111900144,0,0,0
111900145,0,0,0
111900146,0,0,0
111900147,4,0,4
111900148,0,0,0
111900149,0,0,0
111900150,0,0,0
111900151,0,0,0
111900152,0,0,0
111900153,0,0,0
111900154,0,0,0
111900155,0,0,0
111900156,0,0,0
111900157,0,0,0
111900158,0,0,0
111900159,0,0,0
111900160,0,0,0
111900161,23,0,23
111900162,0,0,0
111900163,0,0,0
111900164,0,0,0
111901113,145,0,145
111901114,100,1,99
111901115,0,0,0
111901116,0,0,0
111901117,0,0,0
111901118,0,0,0
111901119,0,0,0
111901120,0,0,0
111901121,2,0,2
111901122,3,1,2
111901123,50,0,50
111901124,0,0,0
111901125,251,45,206
111901126,4,0,4
111901127,2,0,2
111901128,0,0,0
111901129,0,0,0
111901130,0,0,0
111901131,0,81,-81
111901132,0,0,0
111901133,0,0,0
111901134,0,0,0
111901135,0,0,0
111901136,0,0,0
111901137,0,0,0
111901138,0,0,0
111901139,0,0,0
111901140,0,0,0
111901141,0,0,0
111901142,0,0,0
111901143,0,0,0
111901144,0,0,0
111901145,1,0,1
111901146,0,0,0
112000001,1496,742,754
112000002,139,289,-150
112000003,842,421,421
112000004,123,92,31
112000005,3212,2035,1177
112000006,150,47,103
112000007,2677,1756,921
112000008,2109,3184,-1075
112000009,2085,669,1416
112000010,1213,2890,-1677
112000011,831,509,322
112000012,2587,4810,-2223
112000013,949,637,312
112000014,300,2988,-2688
112000015,306,943,-637
112000016,580,1372,-792
112000017,128,695,-567
112000024,118,75,43
112000026,493,506,-13
112000027,419,640,-221
112000028,416,79,337
112000029,166,594,-428
112000030,9,4,5
112000031,368,1875,-1507
112000032,21,1,20
112000033,369,1314,-945
112000034,7,3,4
112000035,0,38,-38
112000036,28,491,-463
112000037,41,143,-102
112000038,252,436,-184
112000039,29,28,1
112000040,25,84,-59
112000041,102,233,-131
112000042,420,49,371
112000050,909,819,90
112000051,755,930,-175
112000054,412,570,-158
112000057,25,91,-66
112000058,32,181,-149
112000059,252,186,66
112000061,829,379,450
112000062,241,520,-279
112000063,369,448,-79
112000064,859,690,169
112000065,483,257,226
112000066,823,763,60
112000067,113,100,13
112000068,1231,892,339
112000069,123,269,-146
112000070,372,276,96
112000071,209,287,-78
112000072,1070,248,822
112000073,141,265,-124
112000074,586,329,257
112000075,793,626,167
112000076,919,322,597
112000077,753,174,579
112000078,1020,276,744
112000079,1363,517,846
112000080,306,295,11
112000081,360,596,-236
112000082,670,509,161
112000083,334,499,-165
112000084,737,329,408
112000085,930,490,440
112000086,1688,625,1063
112000087,367,82,285
112000088,564,188,376
112000089,174,97,77
112000090,124,102,22
112000091,250,121,129
112000092,1359,82,1277
112000093,302,114,188
112000094,632,123,509
112000095,358,104,254
112000096,706,188,518
112000097,1050,331,719
112000098,33,38,-5
112000099,272,1216,-944
112000100,1269,157,1112
112000101,53,53,0
112000102,661,100,561
112000103,50,55,-5
112000105,25,128,-103
112000106,1033,48,985
112000107,6,60,-54
112000108,175,295,-120
112000109,65,56,9
112000110,637,195,442
112000111,81,234,-153
112000112,1265,85,1180
112000113,113,167,-54
112000114,1061,189,872
112000115,158,7,151
112000116,51,37,14
112000117,34,46,-12
112000118,143,115,28
112000119,115,110,5
112000120,2,26,-24
112000121,62,133,-71
112000122,271,45,226
112000123,480,32,448
112000124,328,10,318
112000125,167,57,110
112000126,314,93,221
112000127,759,1029,-270
112000128,153,412,-259
112000129,85,7,78
112000130,54,8,46
112000131,42,8,34
112000132,1,12,-11
112000133,233,14,219
112000134,161,75,86
112000135,550,107,443
112000136,144,230,-86
112000137,686,154,532
112000138,298,228,70
112000139,77,293,-216
112000140,33,52,-19
112000141,345,79,266
112000142,51,69,-18
112000143,674,58,616
112000144,46,129,-83
112000145,1579,157,1422
112000146,112,201,-89
112000147,1140,478,662
112000148,138,204,-66
112000149,222,73,149
112000150,1,16,-15
112000151,191,28,163
112000152,47,14,33
112000153,18,15,3
112000154,60,0,60
112000155,36,29,7
112000157,19,334,-315
112000158,153,24,129
112000159,103,81,22
112000167,15,18,-3
112000169,39,444,-405
112000173,386,11,375
112000175,141,90,51
112000176,594,433,161
112000177,137,14,123
112000178,46,73,-27
112000179,95,12,83
112000180,16,2,14
112000181,351,115,236
112000182,949,67,882
112000183,47,17,30
112000184,235,29,206
112000185,44,26,18
112000187,997,266,731
112000195,73,10,63
112000196,59,0,59
112000197,8,30,-22
112000198,0,24,-24
112000199,5,84,-79
112000202,240,0,240
112000216,3,13,-10
112000230,71,1,70
112000231,0,2,-2
112000256,70,93,-23
112000313,14,5,9
112000314,0,10,-10
112000337,18,114,-96
112000352,3,17,-14
112000392,804,892,-88
112000398,880,347,533
112000399,308,2876,-2568
112000400,277,527,-250
112000401,570,469,101
112000402,2290,3514,-1224
112000403,459,2870,-2411
112000404,397,1034,-637
112000405,2010,1766,244
112000406,1007,693,314
112000407,4240,2634,1606
112000408,1558,932,626
112000409,467,748,-281
112000410,0,0,0
112000411,296,33,263
112000412,0,0,0
112000413,100,257,-157
112000414,46,10,36
112000415,43,7,36
112000416,1806,555,1251
112000417,157,49,108
112000421,2,3,-1
112000422,79,22,57
112000424,170,709,-539
112000425,15,113,-98
112000426,29,38,-9
112000427,0,2,-2
112000428,66,30,36
112000429,884,1114,-230
112000430,1191,1686,-495
112000431,47,103,-56
112000432,134,133,1
112000433,167,335,-168
112000437,80,99,-19
112900001,21,0,21
112900002,103,12,91
112900003,14,0,14
112900004,36,0,36
112900005,59,0,59
112900006,0,0,0
112900007,132,6,126
112900008,0,0,0
112900009,56,0,56
112900010,24,0,24
112900011,0,0,0
112900012,0,0,0
112900013,0,55,-55
112900014,0,0,0
112900015,6,12,-6
112900016,0,0,0
112900017,0,6,-6
112900018,0,0,0
112900019,0,0,0
112900020,43,41,2
112900021,0,0,0
112900022,1,6,-5
112900023,0,0,0
112900024,0,0,0
112900025,1,2,-1
112900026,0,0,0
112900027,1,0,1
112900028,0,0,0
112900029,36,11,25
112900030,0,0,0
112900031,0,0,0
112900032,0,0,0
112900034,5,10,-5
112900035,0,0,0
112900036,0,0,0
112900037,0,0,0
112900038,59,1,58
112900039,0,0,0
112900040,1,0,1
112900041,23,100,-77
112900042,0,0,0
112900043,1,0,1
112900044,0,0,0
112900045,0,0,0
112900046,0,0,0
112900047,0,0,0
112900049,0,0,0
112900050,17,0,17
112900051,0,0,0
112900052,0,0,0
112900053,0,0,0
112900054,6,0,6
112900055,0,0,0
112900056,0,0,0
112900057,0,0,0
112900058,6,19,-13
112900059,0,0,0
112900060,0,0,0
112900061,0,0,0
112900062,1,0,1
112900063,0,0,0
112900064,0,0,0
112900065,0,0,0
112900066,73,36,37
112900067,0,0,0
112900068,0,0,0
112900069,1,0,1
112900071,0,0,0
112900072,1,36,-35
112900073,40,22,18
112900074,0,0,0
112900075,11,0,11
112900076,0,0,0
112900078,0,0,0
112900079,0,0,0
112900080,0,0,0
112900081,3,7,-4
112900082,47,1,46
112900083,0,0,0
112900084,0,0,0
112900085,0,0,0
112900086,0,0,0
112900087,66,1,65
112900088,33,0,33
112900089,218,0,218
112900090,0,0,0
112900091,0,0,0
112900092,0,0,0
112900093,0,0,0
112900094,0,0,0
112900095,0,0,0
112900096,50,6,44
112900097,0,1,-1
112900098,1,0,1
112900099,249,2,247
112900100,0,0,0
112900101,0,0,0
112900102,0,0,0
112900103,0,0,0
112900104,0,0,0
112900105,0,0,0
112900106,24,4,20
112900107,4,0,4
112900108,1,0,1
112900109,0,0,0
112900110,0,0,0
112900111,3,0,3
112900112,14,0,14
112900113,0,0,0
112900114,1,0,1
112900115,575,0,575
112900116,9,0,9
112900117,0,0,0
112900118,0,0,0
112900119,0,0,0
112900120,0,0,0
112900121,0,0,0
112900122,0,0,0
112900123,0,0,0
112900124,0,0,0
112900125,0,2,-2
112900126,1,9,-8
112900127,0,0,0
112900128,0,0,0
112900129,0,74,-74
112900130,0,0,0
112900131,0,0,0
112900132,0,0,0
112900133,1,46,-45
112900134,0,36,-36
112900135,0,0,0
112900136,0,0,0
112900137,0,38,-38
112900138,0,11,-11
112900139,0,0,0
112900140,0,0,0
112900141,219,2,217
112900142,0,0,0
112900143,0,0,0
112900144,0,0,0
112900145,0,0,0
112900146,0,0,0
112900147,0,0,0
112900148,0,0,0
112900149,0,1,-1
112900151,0,0,0
112900152,433,44,389
112900153,4,71,-67
112900154,0,0,0
112900155,13,1,12
112900156,3,0,3
112900157,169,0,169
112900158,1,0,1
112900159,2,0,2
112900160,0,0,0
112900161,0,0,0
112900162,0,0,0
112900163,0,0,0
112900164,0,0,0
112900165,0,0,0
112900166,0,0,0
112900167,0,0,0
112900168,0,0,0
112900169,0,0,0
112900170,0,0,0
112900172,0,0,0
112900173,1,0,1
112900174,0,0,0
112900175,0,0,0
112900176,0,0,0
112900177,0,0,0
112900178,12,4,8
112900179,0,34,-34
112900180,360,157,203
112900181,0,0,0
112900182,0,0,0
112900183,0,0,0
112900184,36,37,-1
112900185,0,26,-26
112900186,41,72,-31
112900187,0,0,0
112900188,47,29,18
112900189,0,0,0
112900190,0,0,0
112900192,90,20,70
112900193,65,20,45
112900194,0,0,0
112900195,135,4,131
112900196,44,10,34
112900197,1,18,-17
112900199,71,2,69
112900200,12,1,11
112900201,5,1,4
112900202,16,19,-3
112900203,6,0,6
112900204,13,7,6
112900205,5,0,5
112900206,9,2,7
112900207,4,0,4
112900208,0,6,-6
112900209,0,0,0
112900210,0,0,0
112900211,0,0,0
112900212,0,0,0
112900213,0,0,0
112900214,0,0,0
112900215,0,0,0
112900216,0,0,0
112900217,0,0,0
112900218,27,0,27
112900219,0,0,0
112900220,0,0,0
112900221,7,4,3
112900222,0,2,-2
112900223,135,0,135
112900224,54,0,54
112900225,0,0,0
112900226,0,0,0
112900227,168,0,168
112900228,36,0,36
112900229,0,0,0
112900230,322,129,193
112900232,2,3,-1
112900233,0,0,0
112900234,0,0,0
112900235,0,0,0
112900236,0,0,0
112900237,67,2,65
112900238,0,0,0
112900239,0,0,0
113000001,1869,1908,-39
113000002,1889,2002,-113
113000003,357,1005,-648
113000004,496,976,-480
113000005,342,301,41
113000006,265,738,-473
113000007,481,218,263
113000008,463,578,-115
113000009,319,267,52
113000010,638,360,278
113000011,324,237,87
113000012,634,149,485
113000013,85,123,-38
113000014,212,424,-212
113000015,44,79,-35
113000016,20,56,-36
113000017,54,27,27
113000018,53,17,36
113000019,78,24,54
113000020,319,37,282
113000021,779,222,557
113000022,257,323,-66
113000025,1,20,-19
113000026,291,349,-58
113000027,111,290,-179
113000028,62,176,-114
113000029,367,410,-43
113000030,0,0,0
113000031,0,0,0
113000032,141,92,49
113000033,235,129,106
113000034,0,0,0
113000035,0,0,0
113000036,7,100,-93
113000037,0,0,0
113000038,18,46,-28
113000039,1,23,-22
113000040,4,2,2
113000042,229,208,21
113000051,402,1142,-740
113000052,351,152,199
113000053,143,70,73
113000054,110,443,-333
113000055,589,177,412
113000056,708,219,489
113000058,99,436,-337
113000059,440,190,250
113000060,163,233,-70
113000061,191,251,-60
113000062,126,113,13
113000063,229,38,191
113000064,82,61,21
113000065,119,140,-21
113000066,429,37,392
113000067,890,96,794
113000068,187,199,-12
113000069,232,276,-44
113000070,790,97,693
113000071,127,172,-45
113000072,331,111,220
113000073,89,240,-151
113000074,290,78,212
113000075,689,120,569
113000076,122,717,-595
113000077,296,422,-126
113000078,175,450,-275
113000079,43,120,-77
113000080,70,216,-146
113000081,302,349,-47
113000082,209,78,131
113000083,366,402,-36
113000084,432,334,98
113000085,489,275,214
113000086,271,406,-135
113000087,423,659,-236
113000088,279,431,-152
113000089,441,982,-541
113000090,35,233,-198
113000091,139,0,139
113000094,613,55,558
113000095,78,72,6
113000096,24,36,-12
113000097,204,31,173
113000098,10,26,-16
113000099,414,59,355
113000100,102,35,67
113000101,25,15,10
113000102,164,46,118
113000103,813,126,687
113000104,405,1095,-690
113000105,567,79,488
113000106,155,84,71
113000107,457,470,-13
113000108,436,350,86
113000109,168,461,-293
113000110,592,336,256
113000111,11,135,-124
113000112,72,250,-178
113000113,600,249,351
113000114,1,343,-342
113000116,94,122,-28
113000117,109,164,-55
113000118,12,234,-222
113000119,97,119,-22
113000120,25,375,-350
113000121,66,119,-53
113000124,180,63,117
113000125,3,435,-432
113000127,155,20,135
113000128,114,279,-165
113000129,0,0,0
113000133,318,1,317
113000134,6,493,-487
113000135,1776,2011,-235
113000137,621,1120,-499
113000139,270,76,194
113000140,0,0,0
113000141,330,68,262
113000142,127,89,38
113000143,154,170,-16
113000144,7,70,-63
113000145,90,121,-31
113000146,2,0,2
113000147,15,2,13
113000148,218,51,167
113000149,89,132,-43
113000150,8,10,-2
113000151,2,2,0
113000152,10,261,-251
113000153,182,93,89
113000154,102,481,-379
113000155,142,206,-64
113000156,87,92,-5
113000157,79,83,-4
113000158,133,0,133
113000159,420,9,411
113000160,237,118,119
113000161,121,98,23
113000162,0,0,0
113000163,59,39,20
113000164,0,0,0
113000166,147,16,131
113000167,0,0,0
113000168,0,0,0
113000169,143,19,124
113000170,97,11,86
113000171,0,0,0
113000172,179,11,168
113000173,49,2,47
113000174,0,0,0
113000175,302,23,279
113000176,322,17,305
113000177,0,0,0
113000178,0,0,0
113000179,164,11,153
113000180,503,755,-252
113000181,518,317,201
113000182,10,40,-30
113000183,61,300,-239
113000184,0,0,0
113000189,11,87,-76
113000190,228,52,176
113000192,272,1065,-793
113000193,705,625,80
113000194,249,584,-335
113000195,479,847,-368
113000196,196,139,57
113000197,410,882,-472
113000198,2,101,-99
113000199,298,178,120
113000201,22,29,-7
113000202,657,182,475
113000203,27,5,22
113000204,136,1064,-928
113000205,0,0,0
113000206,0,9,-9
113000207,0,0,0
113000208,4,19,-15
113000209,0,0,0
113000210,3,21,-18
113000211,61,23,38
113000212,29,1,28
113000213,14,38,-24
113000214,4,13,-9
113000234,2,76,-74
113000410,3,72,-69
113000411,577,1406,-829
113000412,1085,571,514
113000413,1064,927,137
113000414,1400,3740,-2340
113000415,462,619,-157
113000416,885,755,130
113000417,223,544,-321
113000418,1663,1723,-60
113000419,457,965,-508
113000420,1420,1907,-487
113000421,2455,3821,-1366
113000422,2956,2735,221
113000423,840,1577,-737
113000424,981,4112,-3131
113000425,4,44,-40
113000428,61,1,60
113000430,0,0,0
113000432,744,32,712
113000433,45,135,-90
113000434,0,2,-2
113000435,0,11,-11
113000436,1,65,-64
113000437,488,2,486
113000438,81,6,75
113000439,0,0,0
113000440,9,3,6
113000441,114,10,104
113000442,0,0,0
113000443,43,4,39
113000444,0,0,0
113000445,25,3,22
113000446,0,0,0
113000448,0,0,0
113000449,22,173,-151
113000450,23,528,-505
113000451,8,0,8
113000452,45,102,-57
113000453,0,0,0
113000454,33,19,14
113000455,0,0,0
113000456,135,74,61
113000468,202,33,169
113000469,16,97,-81
113000470,135,33,102
113000471,2,187,-185
113000472,29,9,20
113000474,535,587,-52
113000475,455,575,-120
113000476,730,1010,-280
113000477,2203,1074,1129
113000478,1681,1353,328
113000479,0,34,-34
113000480,53,146,-93
113000481,0,0,0
113000482,0,0,0
113000483,0,0,0
113000484,0,0,0
113000485,0,0,0
113000486,0,0,0
113000487,0,0,0
113000488,0,0,0
113000489,0,0,0
113000490,0,0,0
113000491,0,0,0
113000492,0,0,0
113000493,0,0,0
113000495,0,0,0
113000496,7,17,-10
113000497,0,0,0
113000499,0,0,0
113000500,0,0,0
113900001,0,0,0
113900002,0,0,0
113900003,0,0,0
113900004,0,0,0
113900005,0,0,0
113900006,0,0,0
113900007,0,0,0
113900008,0,0,0
113900009,0,0,0
113900010,0,0,0
113900011,0,0,0
113900012,0,0,0
113900013,0,0,0
113900014,239,4,235
113900015,0,0,0
113900016,3,0,3
113900017,0,0,0
113900018,0,0,0
113900019,0,0,0
113900020,74,0,74
113900022,29,0,29
113900023,0,0,0
113900024,0,0,0
113900025,44,12,32
113900026,1,0,1
113900027,0,0,0
113900028,0,0,0
113900029,0,0,0
113900030,84,1,83
113900031,0,0,0
113900032,0,0,0
113900033,0,0,0
113900035,0,0,0
113900036,0,0,0
113900037,0,0,0
113900038,0,0,0
113900039,111,27,84
113900040,1,0,1
113900041,0,0,0
113900042,0,0,0
113900043,0,0,0
113900044,2,35,-33
113900045,0,0,0
113900046,4,0,4
113900047,0,0,0
113900048,0,0,0
113900049,0,0,0
113900050,5,23,-18
113900051,0,0,0
113900052,0,2,-2
113900053,31,101,-70
113900054,0,0,0
113900055,2,0,2
113900056,0,0,0
113900057,0,0,0
113900058,0,0,0
113900059,0,0,0
113900060,1,5,-4
113900061,7,23,-16
113900062,0,0,0
113900063,0,0,0
113900064,0,0,0
113900065,276,14,262
113900066,0,0,0
113900067,26,2,24
113900068,149,134,15
113900069,0,0,0
113900070,1,0,1
113900071,0,0,0
113900072,0,0,0
113900073,83,58,25
113900074,36,18,18
113900075,115,272,-157
113900076,0,0,0
113900077,0,0,0
113900078,0,0,0
113900079,0,0,0
113900080,6,1,5
113900081,0,0,0
113900082,0,0,0
113900083,108,22,86
113900084,13,15,-2
113900085,0,0,0
113900086,0,0,0
113900087,0,0,0
113900088,0,0,0
113900089,136,6,130
113900090,24,1,23
113900091,0,0,0
113900092,0,0,0
113900093,0,0,0
113900094,31,34,-3
113900095,10,11,-1
113900096,0,0,0
113900097,0,0,0
113900098,207,20,187
113900099,0,0,0
113900100,0,0,0
113900101,0,0,0
113900102,0,0,0
113900103,54,41,13
113900104,56,53,3
113900105,8,0,8
113900106,0,0,0
113900107,0,0,0
113900108,0,0,0
113900109,7,0,7
113900110,0,0,0
113900111,0,0,0
113900112,10,0,10
113900113,14,1,13
113900114,0,0,0
113900115,0,0,0
113900116,0,0,0
113900117,2,0,2
113900118,0,55,-55
113900119,26,87,-61
113900120,0,0,0
113900121,0,0,0
113900122,22,1019,-997
113900123,0,0,0
113900124,0,0,0
113900125,11,0,11
113900126,0,0,0
113900127,0,0,0
113900128,0,0,0
113900129,1,39,-38
113900130,0,0,0
113900131,0,0,0
113900132,0,0,0
113900133,0,0,0
113900135,2,1,1
113900136,0,0,0
113900137,1,0,1
113900138,0,0,0
113900139,0,0,0
113900140,30,28,2
113900141,0,0,0
113900142,0,0,0
113900143,0,0,0
113900144,27,14,13
113900145,0,0,0
113900146,0,0,0
113900148,0,0,0
113900149,0,0,0
113900150,103,21,82
113900151,0,0,0
113900152,0,0,0
113900153,0,0,0
113900154,0,0,0
113900155,0,0,0
113900156,0,0,0
113900157,2,10,-8
113900158,0,0,0
113900159,0,0,0
113900160,0,0,0
113900161,0,0,0
113900162,7,13,-6
113900163,0,0,0
113900164,0,0,0
113900165,0,0,0
113900166,2,9,-7
113900167,0,0,0
113900168,0,0,0
113900169,0,0,0
113900171,0,0,0
113900172,0,0,0
113900173,4,16,-12
113900174,0,0,0
113900175,105,2,103
113900176,0,0,0
113900177,7,3,4
113900178,26,1,25
113900179,1,51,-50
113900180,1,2,-1
113900181,102,1,101
113900182,0,0,0
113900183,0,3,-3
113900184,0,26,-26
113900185,1,5,-4
113900186,0,0,0
113900187,0,12,-12
113900188,0,0,0
113900189,0,0,0
113900190,0,0,0
113900191,0,0,0
113900192,0,0,0
113900193,0,16,-16
113900194,43,23,20
113900195,0,0,0
113900196,0,0,0
113900197,0,20,-20
113900198,0,0,0
113900199,0,22,-22
113900200,0,0,0
113900201,0,5,-5
113900202,0,0,0
113900203,0,3,-3
113900204,0,2,-2
113900205,0,0,0
113900206,0,0,0
113900207,0,0,0
113900208,0,0,0
113900209,0,0,0
113900210,0,0,0
113900211,0,0,0
113900212,94,2,92
113900214,6,9,-3
113900215,166,1,165
113900216,0,0,0
113900217,0,0,0
113900218,0,0,0
113900219,0,0,0
113900220,0,0,0
113900221,11,45,-34
113900222,0,0,0
113900223,0,0,0
113900224,0,0,0
113900225,49,3,46
113900226,5,2,3
113900227,14,3,11
113900228,0,0,0
113900229,0,30,-30
113900230,97,11,86
113900231,0,0,0
113900232,0,0,0
113900233,0,0,0
113900234,0,0,0
113900235,0,0,0
113900236,45,0,45
113900237,0,0,0
113900238,2,74,-72
113900239,0,0,0
113900240,0,0,0
113900241,0,0,0
113900242,0,0,0
113900243,0,6,-6
113900244,13,10,3
113900245,11,2,9
113900246,2,19,-17
113900247,38,154,-116
113900248,0,0,0
113900249,11,48,-37
113900250,1,23,-22
113900251,183,13,170
113900252,132,4,128
113900253,86,2,84
113900254,188,35,153
113900255,359,4,355
113900256,153,5,148
113900257,0,57,-57
113900258,0,35,-35
113900259,134,14,120
113900260,199,1,198
113900261,13,2,11
113900262,43,29,14
113900263,0,6,-6
113900264,0,3,-3
113900265,5,0,5
113900266,21,0,21
113900267,0,0,0
113900268,4,11,-7
113900269,0,0,0
113900270,0,0,0
113900271,0,0,0
113900273,2,2,0
113900274,13,1,12
113900275,0,0,0
113900276,0,11,-11
113900277,67,2,65
113900278,0,0,0
113900279,0,0,0
113900280,35,37,-2
113900281,16,112,-96
113900282,0,1,-1
113900283,0,0,0
113900284,423,90,333
113900285,29,0,29
113900286,0,0,0
113900287,0,0,0
113900288,0,0,0
113900289,0,0,0
113900290,0,0,0
113900291,0,0,0
113900292,1,0,1
113900293,0,0,0
113900294,215,8,207
113900295,58,55,3
113900296,80,13,67
113900297,282,2,280
113900298,0,0,0
113900299,26,0,26
113900300,624,13,611
113900301,44,0,44
113900302,83,9,74
113900303,0,0,0
113900304,0,0,0
113900305,48,0,48
113900306,5,0,5
113900307,0,0,0
113900308,0,0,0
113900309,0,5,-5
113900310,1,0,1
113900311,3,1,2
113900312,0,0,0
113900313,0,0,0
114000001,441,342,99
114000002,79,55,24
114000003,15,7,8
114000004,79,6,73
114000005,45,5,40
114000006,229,243,-14
114000007,208,157,51
114000008,250,246,4
114000009,250,100,150
114000011,1562,405,1157
114000012,1943,264,1679
114000013,946,386,560
114000014,56,22,34
114000015,321,18,303
114000016,11,46,-35
114000017,24,78,-54
114000018,24,27,-3
114000026,1353,284,1069
114000027,1655,668,987
114000028,732,1346,-614
114000038,9,4,5
114000039,0,0,0
114000040,27,57,-30
114000042,13,65,-52
114000043,84,4,80
114000044,66,22,44
114000045,2,1,1
114000046,350,513,-163
114000047,15,97,-82
114000048,38,66,-28
114000049,669,394,275
114000050,339,372,-33
114000051,714,843,-129
114000052,579,753,-174
114000053,180,185,-5
114000054,28,268,-240
114000055,45,1,44
114000056,7,75,-68
114000057,569,751,-182
114000058,1,21,-20
114000059,1,73,-72
114000060,20,123,-103
114000061,640,1323,-683
114000062,166,374,-208
114000063,143,237,-94
114000064,332,469,-137
114000065,247,460,-213
114000066,213,337,-124
114000067,22,216,-194
114000068,56,169,-113
114000069,275,91,184
114000070,1130,681,449
114000071,94,38,56
114000072,178,14,164
114000073,27,26,1
114000074,37,0,37
114000075,55,10,45
114000076,21,22,-1
114000077,0,3,-3
114000078,10,30,-20
114000079,36,2,34
114000080,3,59,-56
114000081,6,88,-82
114000082,10,77,-67
114000083,0,0,0
114000084,63,51,12
114000085,10,23,-13
114000086,12,37,-25
114000087,0,0,0
114000088,13,13,0
114000089,47,17,30
114000090,217,337,-120
114000091,243,237,6
114000092,135,59,76
114000093,467,168,299
114000094,152,158,-6
114000095,64,180,-116
114000096,25,44,-19
114000097,62,48,14
114000098,275,64,211
114000099,312,55,257
114000100,1514,104,1410
114000101,226,43,183
114000102,224,56,168
114000103,31,53,-22
114000104,2,23,-21
114000105,13,5,8
114000106,153,352,-199
114000107,164,20,144
114000108,167,28,139
114000109,489,582,-93
114000110,3,21,-18
114000111,1034,292,742
114000112,2,10,-8
114000113,617,115,502
114000114,8,5,3
114000115,849,443,406
114000116,668,500,168
114000117,2361,149,2212
114000118,2012,98,1914
114000119,1816,263,1553
114000120,254,184,70
114000121,0,0,0
114000122,127,26,101
114000123,1036,99,937
114000124,493,93,400
114000125,298,429,-131
114000126,610,60,550
114000127,109,52,57
114000128,442,126,316
114000130,252,400,-148
114000131,141,17,124
114000132,147,74,73
114000133,68,80,-12
114000134,0,0,0
114000138,0,0,0
114000139,91,132,-41
114000144,189,164,25
114000145,0,0,0
114000146,0,0,0
114000147,664,1399,-735
114000148,363,912,-549
114000149,80,82,-2
114000150,9,10,-1
114000151,83,915,-832
114000152,8,9,-1
114000153,99,451,-352
114000154,146,77,69
114000155,410,1003,-593
114000156,245,402,-157
114000157,64,328,-264
114000158,113,67,46
114000159,62,43,19
114000160,22,40,-18
114000161,343,748,-405
114000162,894,1247,-353
114000163,0,0,0
114000165,71,239,-168
114000166,87,171,-84
114000167,750,324,426
114000168,41,4,37
114000169,467,558,-91
114000170,441,353,88
114000171,833,2488,-1655
114000174,7,4,3
114000176,47,2,45
114000177,136,18,118
114000178,60,25,35
114000179,699,299,400
114000180,51,15,36
114000181,400,2047,-1647
114000182,476,436,40
114000183,220,39,181
114000184,118,131,-13
114000185,910,570,340
114000189,1039,81,958
114000190,2459,447,2012
114000191,35,256,-221
114000192,0,0,0
114000193,0,0,0
114000194,874,483,391
114000195,204,101,103
114000196,0,0,0
114000197,1572,2,1570
114000198,0,0,0
114000199,2,85,-83
114000200,222,116,106
114000201,31,64,-33
114000202,548,319,229
114000203,293,337,-44
114000204,0,0,0
114000205,40,162,-122
114000206,38,155,-117
114000207,139,179,-40
114000208,136,78,58
114000209,38,127,-89
114000210,69,247,-178
114000211,1444,619,825
114000212,542,629,-87
114000213,1372,470,902
114000214,13,0,13
114000215,31,5,26
114000216,497,138,359
114000217,263,78,185
114000218,82,15,67
114000219,568,52,516
114000220,0,8,-8
114000221,496,51,445
114000222,22,118,-96
114000223,548,65,483
114000224,8,78,-70
114000225,66,43,23
114000226,140,71,69
114000227,780,311,469
114000228,787,156,631
114000229,565,275,290
114000230,1484,350,1134
114000231,492,518,-26
114000232,632,93,539
114000233,1455,32,1423
114000234,1019,393,626
114000235,761,331,430
114000236,0,0,0
114000237,101,127,-26
114000238,37,361,-324
114000239,63,236,-173
114000240,529,514,15
114000241,59,203,-144
114000242,347,175,172
114000243,1199,884,315
114000244,346,90,256
114000245,85,129,-44
114000246,0,0,0
114000247,364,299,65
114000248,916,438,478
114000249,804,247,557
114000250,228,41,187
114000251,295,19,276
114000252,25,9,16
114000253,58,18,40
114000254,0,0,0
114000255,7,105,-98
114000256,83,252,-169
114000257,30,230,-200
114000258,164,47,117
114000259,1,2,-1
114000260,0,0,0
114000261,26,32,-6
114000262,0,0,0
114000263,7,2,5
114000264,263,24,239
114000265,0,0,0
114000267,1,370,-369
114000268,0,0,0
114000270,102,0,102
114000271,121,35,86
114000283,510,48,462
114000285,0,0,0
114000288,7,7,0
114000289,373,12,361
114000293,86,12,74
114000294,57,184,-127
114000395,409,3,406
114000396,203,57,146
114000402,363,122,241
114000403,283,77,206
114000405,211,40,171
114000423,317,65,252
114000424,151,93,58
114000425,475,107,368
114000426,411,836,-425
114000427,25,3,22
114000428,18,45,-27
114000429,40,2,38
114000432,92,8,84
114000434,1,21,-20
114000435,0,0,0
114000436,87,49,38
114000437,226,2347,-2121
114900001,266,45,221
114900002,79,11,68
114900003,184,67,117
114900004,42,73,-31
114900005,93,87,6
114900006,3,6,-3
114900007,68,2,66
114900008,48,3,45
114900010,0,0,0
114900011,106,7,99
114900013,39,4,35
114900015,3,27,-24
114900018,39,9,30
114900020,1,7,-6
114900022,2,11,-9
114900024,25,11,14
114900025,97,26,71
114900026,24,11,13
114900027,36,18,18
114900029,2,1,1
114900030,68,3,65
114900031,80,0,80
114900032,128,0,128
114900033,28,145,-117
114900034,0,0,0
114900035,7,18,-11
114900036,79,23,56
114900037,0,0,0
114900038,0,0,0
114900039,0,0,0
114900040,0,0,0
114900041,0,0,0
114900042,0,0,0
114900043,0,0,0
114900044,7,1,6
114900046,0,0,0
114900047,0,0,0
114900048,0,0,0
114900049,0,0,0
114900050,0,0,0
114900051,0,0,0
114900052,0,0,0
114900053,0,0,0
114900054,0,0,0
114900057,20,1,19
114900058,0,0,0
114900059,2,2,0
114900060,11,21,-10
114900061,0,0,0
114900062,18,9,9
114900063,0,0,0
114900064,0,0,0
114900065,0,0,0
114900067,0,0,0
114900068,0,0,0
114900069,0,0,0
114900070,67,14,53
114900072,8,0,8
114900073,0,0,0
114900074,275,3,272
114900075,40,2,38
114900076,5,0,5
114900080,129,32,97
114900082,425,17,408
114900083,1,0,1
114900090,100,26,74
114900091,0,0,0
114900095,0,0,0
114900096,0,1,-1
114900097,42,2,40
114900098,1,6,-5
114900099,14,0,14
115000001,674,771,-97
115000002,2211,3186,-975
115000003,510,360,150
115000004,2262,3431,-1169
115000005,108,173,-65
115000006,549,805,-256
115000007,90,370,-280
115000008,214,199,15
115000009,209,281,-72
115000010,104,174,-70
115000013,0,0,0
115000015,0,0,0
115000016,4,321,-317
115000019,71,218,-147
115000020,9,192,-183
115000021,1,51,-50
115000022,30,49,-19
115000023,380,417,-37
115000024,53,17,36
115000025,684,288,396
115000026,12,4,8
115000027,321,90,231
115000028,3,28,-25
115000029,842,32,810
115000030,29,63,-34
115000031,620,58,562
115000032,0,0,0
115000033,127,11,116
115000034,0,0,0
115000035,516,29,487
115000036,0,0,0
115000037,344,6,338
115000038,26,271,-245
115000039,559,1072,-513
115000040,960,695,265
115000041,515,1635,-1120
115000042,262,109,153
115000043,1676,1032,644
115000044,998,250,748
115000045,560,203,357
115000046,1976,1088,888
115000047,1937,469,1468
115000048,406,251,155
115000049,274,626,-352
115000050,1848,629,1219
115000051,868,2241,-1373
115000052,260,480,-220
115000053,1156,2156,-1000
115000054,293,190,103
115000055,14,129,-115
115000056,92,51,41
115000057,84,384,-300
115000058,42,84,-42
115000059,19,173,-154
115000061,53,87,-34
115000062,33,5,28
115000063,3,1,2
115000064,166,36,130
115000065,0,0,0
115000067,78,4,74
115000069,30,1,29
115000070,1,61,-60
115000071,55,20,35
115000072,0,0,0
115000073,825,71,754
115000075,46,22,24
115000076,696,500,196
115000077,600,303,297
115000078,714,204,510
115000079,397,306,91
115000080,1550,379,1171
115000081,12,40,-28
115000082,2290,1697,593
115000083,835,230,605
115000084,2170,253,1917
115000085,225,171,54
115000086,695,271,424
115000087,123,411,-288
115000088,914,366,548
115000089,159,151,8
115000090,406,309,97
115000091,243,167,76
115000092,380,205,175
115000093,548,2,546
115000094,2123,3659,-1536
115000095,1179,2453,-1274
115000096,403,321,82
115000097,636,684,-48
115000098,762,103,659
115000099,1459,404,1055
115000100,1310,271,1039
115000101,50,55,-5
115000102,384,109,275
115000103,140,133,7
115000105,27,61,-34
115000106,269,203,66
115000107,8,28,-20
115000108,369,348,21
115000109,1461,2930,-1469
115000110,1014,835,179
115000111,122,608,-486
115000112,256,158,98
115000113,225,357,-132
115000114,267,179,88
115000116,503,488,15
115000117,450,314,136
115000118,341,773,-432
115000119,378,340,38
115000120,106,1162,-1056
115000121,279,157,122
115000122,320,330,-10
115000123,240,1848,-1608
115000124,223,370,-147
115000125,139,379,-240
115000126,94,190,-96
115000127,104,33,71
115000128,55,348,-293
115000129,89,118,-29
115000130,244,74,170
115000131,239,67,172
115000132,196,29,167
115000133,212,35,177
115000134,142,13,129
115000135,23,4,19
115000136,147,54,93
115000137,0,7,-7
115000138,212,63,149
115000139,12,8,4
115000140,312,71,241
115000141,63,12,51
115000142,40,8,32
115000143,772,290,482
115000144,312,17,295
115000145,78,18,60
115000146,260,161,99
115000147,64,30,34
115000148,108,103,5
115000149,187,197,-10
115000150,196,80,116
115000151,500,265,235
115000152,211,121,90
115000153,576,181,395
115000154,449,105,344
115000155,195,172,23
115000156,182,395,-213
115000157,77,131,-54
115000158,146,88,58
115000159,66,91,-25
115000160,183,235,-52
115000161,386,279,107
115000162,546,573,-27
115000163,82,29,53
115000164,25,75,-50
115000165,204,363,-159
115000167,125,8,117
115000168,223,218,5
115000169,14,7,7
115000170,2,0,2
115000171,169,159,10
115000172,36,13,23
115000173,87,164,-77
115000174,32,133,-101
115000175,1,9,-8
115000176,12,44,-32
115000177,1,51,-50
115000178,0,28,-28
115000179,5,64,-59
115000180,3,20,-17
115000181,403,31,372
115000182,593,49,544
115000183,13,18,-5
115000186,178,15,163
115000187,81,20,61
115000188,315,99,216
115000189,84,24,60
115000190,328,130,198
115000191,12,31,-19
115000194,0,0,0
115000195,45,40,5
115000196,110,5,105
115000197,81,53,28
115000198,542,15,527
115000199,73,55,18
115000200,193,20,173
115000201,20,20,0
115000206,461,5,456
115000207,0,0,0
115000208,29,36,-7
115000209,580,112,468
115000210,86,52,34
115000211,12,52,-40
115000212,175,58,117
115000224,57,5,52
115000225,11,13,-2
115000229,83,40,43
115000230,28,242,-214
115000231,287,159,128
115000232,1493,152,1341
115000233,21,4,17
115000234,4,23,-19
115000241,22,17,5
115000242,53,11,42
115000243,10,21,-11
115000244,11,5,6
115000246,5,2,3
115000247,2,0,2
115000248,2,0,2
115000249,0,0,0
115000250,165,5,160
115000251,79,6,73
115000252,0,45,-45
115000253,0,83,-83
115000258,94,15,79
115000259,24,8,16
115000261,4,2,2
115000262,0,4,-4
115000263,3,6,-3
115000264,0,10,-10
115000267,3,18,-15
115000268,0,0,0
115000269,52,9,43
115000270,1,9,-8
115000272,14,10,4
115000273,145,0,145
115000280,225,715,-490
115000281,0,0,0
115000282,201,1146,-945
115000284,13,27,-14
115000296,224,3,221
115000297,22,568,-546
115000298,0,0,0
115000300,120,19,101
115000302,235,46,189
115000303,511,23,488
115000304,448,18,430
115000305,17,24,-7
115000306,40,11,29
115000307,22,12,10
115000308,0,1,-1
115000309,0,12,-12
115000310,486,157,329
115000311,912,303,609
115000313,19,21,-2
115000314,129,114,15
115000315,4,38,-34
115000316,13,14,-1
115000317,50,23,27
115000318,642,45,597
115000319,0,10,-10
115000320,2,49,-47
115000321,83,3,80
115000322,0,12,-12
115000449,27,40,-13
115000557,0,0,0
115000558,134,17,117
115000587,244,144,100
115000588,98,69,29
115000589,1648,963,685
115000590,67,32,35
115000591,345,291,54
115000592,50,24,26
115000593,872,393,479
115000594,17,47,-30
115000609,77,72,5
115000617,74,594,-520
115000624,39,1,38
115000633,460,341,119
115000634,1425,478,947
115000635,447,80,367
115000638,6,67,-61
115000641,4,5,-1
115000642,196,28,168
115000643,0,0,0
115000644,32,4,28
115000646,222,297,-75
115000647,50,59,-9
115000648,945,72,873
115000893,779,478,301
115000894,0,8,-8
115000895,7,3,4
115000896,462,192,270
115000897,133,7,126
115000898,145,78,67
115000899,0,33,-33
115000900,4,106,-102
115000901,1,1,0
115000912,142,36,106
115000913,0,0,0
115000915,24,0,24
115000916,1,0,1
115000917,0,18,-18
115000918,20,376,-356
115000919,0,11,-11
115000920,0,0,0
115000921,0,0,0
115000922,129,381,-252
115000923,1,8,-7
115000925,8,12,-4
115000927,1,7,-6
115000933,1,7,-6
115000934,30,34,-4
115000935,24,4,20
115000936,0,132,-132
115000937,28,47,-19
115000938,4,22,-18
115000939,0,19,-19
115900001,77,1,76
115900002,0,1,-1
115900003,43,8,35
115900004,0,0,0
115900005,49,0,49
115900006,1,18,-17
115900008,24,0,24
115900009,11,3,8
115900010,235,6,229
115900011,41,10,31
115900012,46,0,46
115900013,81,10,71
115900014,22,9,13
115900015,19,1,18
115900016,24,4,20
115900017,1,7,-6
115900018,17,7,10
115900019,6,0,6
115900020,97,18,79
115900021,31,1,30
115900022,57,0,57
115900023,5,2,3
115900025,0,10,-10
115900026,236,4,232
115900027,0,0,0
115900028,51,17,34
115900029,0,9,-9
115900030,0,0,0
115900031,2,28,-26
115900032,68,46,22
115900033,0,0,0
115900034,1,26,-25
115900035,0,0,0
115900036,6,294,-288
115900037,2,19,-17
115900038,0,0,0
115900039,18,4,14
115900041,11,113,-102
115900042,0,0,0
115900043,5,2,3
115900044,66,81,-15
115900046,172,19,153
115900047,2,20,-18
115900049,38,24,14
115900051,0,0,0
115900052,0,0,0
115900053,105,14,91
115900054,120,0,120
115900055,0,0,0
115900056,29,10,19
115900057,0,1,-1
115900058,0,0,0
115900060,5,41,-36
115900061,50,0,50
115900062,6,13,-7
115900063,0,0,0
115900064,4,6,-2
115900065,55,4,51
115900066,3,3,0
115900067,0,7,-7
115900068,2,2,0
115900069,0,18,-18
115900070,36,5,31
115900071,0,0,0
115900072,2,10,-8
115900073,25,21,4
115900074,0,0,0
115900075,1,11,-10
115900076,0,1,-1
115900077,0,0,0
115900078,23,2,21
115900079,170,0,170
115900080,6,1,5
115900081,29,3,26
115900082,30,32,-2
115900084,124,1,123
115900085,0,0,0
115900086,221,31,190
115900088,0,0,0
115900089,394,20,374
115900090,143,0,143
115900091,0,0,0
115900092,0,0,0
115900093,0,0,0
115900094,0,0,0
115900096,0,0,0
115900097,0,0,0
115900098,1,0,1
115900099,3,1,2
115900100,0,21,-21
115900101,0,0,0
115900102,15,5,10
115900103,0,0,0
115900104,13,7,6
115900105,60,0,60
115900106,0,0,0
115900107,24,3,21
115900108,0,0,0
115900109,0,90,-90
115900110,0,0,0
115900111,0,0,0
115900112,2,169,-167
115900113,0,0,0
115900114,0,0,0
115900115,0,0,0
115900116,5,127,-122
115900117,0,0,0
115900118,0,0,0
115900119,0,0,0
115900120,6,9,-3
115900121,41,13,28
115900124,57,230,-173
115900125,132,12,120
115900126,238,7,231
115900127,337,4,333
115900128,0,0,0
115900129,98,16,82
115900130,0,4,-4
115900131,65,7,58
115900132,299,2,297
115900134,104,1,103
115900135,62,111,-49
115900137,9,2,7
115900139,0,0,0
115900140,69,0,69
115900141,0,0,0
115900142,0,0,0
115900143,0,0,0
115900144,0,0,0
115900146,29,4,25
115900147,134,116,18
115900148,2,1,1
115900149,26,1,25
115900150,13,1,12
115900151,5,4,1
115900152,9,20,-11
115900153,24,5,19
115900154,6,100,-94
115900155,0,0,0
115900156,145,133,12
115900157,82,50,32
115900158,0,0,0
115900159,67,6,61
115900160,0,0,0
115900161,5,52,-47
115900163,34,5,29
115900164,214,3,211
115900165,0,0,0
115900166,3,1,2
115900168,0,0,0
115900171,2,40,-38
115900172,4,15,-11
115900173,34,15,19
115900174,15,45,-30
115900175,94,8,86
115900178,0,11,-11
115900179,50,0,50
115900180,1,9,-8
115900181,81,26,55
115900182,277,13,264
115900183,0,0,0
115900184,51,0,51
115900187,0,2,-2
115900189,0,18,-18
115900190,1,46,-45
115900191,1,78,-77
115900192,3,18,-15
115900193,5,18,-13
115900194,247,6,241
115900195,60,616,-556
115900198,41,43,-2
115900199,47,21,26
115900200,26,6,20
115900201,151,79,72
115900202,0,50,-50
115900203,12,4,8
115900204,0,0,0
115900205,38,2,36
115900206,0,0,0
115900207,0,0,0
115900208,4,1,3
115900209,1,16,-15
115900210,0,22,-22
115900211,0,9,-9
115900212,0,0,0
115900213,2,51,-49
115900214,237,46,191
115900215,0,14,-14
115900216,0,0,0
115900217,0,0,0
115900218,0,0,0
115900219,25,0,25
115900220,125,0,125
115900221,102,0,102
115900222,43,5,38
115900223,3,126,-123
115900224,19,486,-467
115900225,18,13,5
115900226,0,0,0
115900227,2,1,1
115900228,1,0,1
115900229,2,1,1
115900230,4,33,-29
115900231,0,0,0
115900232,0,0,0
115900233,0,0,0
115900234,0,0,0
115900235,0,0,0
115900236,0,0,0
115900237,0,0,0
115900238,0,0,0
115900239,0,0,0
115900240,0,0,0
115900241,0,0,0
115900242,25,115,-90
115900243,1,0,1
115900244,0,0,0
115900245,20,0,20
115900246,0,2,-2
115900247,0,3,-3
115900248,1,1,0
115900249,0,6,-6
115900250,2,6,-4
115900251,0,0,0
115900252,0,0,0
115900253,4,0,4
115900254,1,5,-4
115900255,0,1,-1
115900256,7,0,7
115900257,0,1,-1
115900258,0,0,0
115900259,0,0,0
115900260,0,0,0
115900261,0,0,0
115900262,0,0,0
115900263,0,0,0
115900264,0,0,0
115900265,0,0,0
115900266,0,0,0
115900267,0,0,0
115900268,0,0,0
115900269,0,0,0
115900270,55,7,48
115900271,49,0,49
115900272,10,0,10
115900273,1,1,0
115900274,0,0,0
115900275,0,0,0
115900276,0,0,0
115900277,0,0,0
115900278,0,0,0
115900279,0,0,0
115900280,61,8,53
115900281,0,0,0
115900282,0,3,-3
116000001,974,756,218
116000002,3775,12072,-8297
116000003,232,278,-46
116000004,1300,4510,-3210
116000005,252,792,-540
116000006,317,906,-589
116000007,547,730,-183
116000008,1686,929,757
116000009,289,889,-600
116000010,973,739,234
116000011,391,902,-511
116000012,773,414,359
116000013,1033,1174,-141
116000014,1898,8877,-6979
116000015,58,343,-285
116000016,630,3942,-3312
116000017,20,465,-445
116000018,72,46,26
116000019,817,119,698
116000020,421,122,299
116000021,301,132,169
116000022,146,121,25
116000023,264,294,-30
116000024,266,59,207
116000025,259,320,-61
116000026,495,356,139
116000027,509,539,-30
116000028,858,2089,-1231
116000029,169,156,13
116000030,481,1402,-921
116000031,0,0,0
116000032,280,23,257
116000033,698,232,466
116000034,2792,949,1843
116000035,403,115,288
116000036,61,144,-83
116000037,33,227,-194
116000038,79,393,-314
116000039,48,61,-13
116000040,327,373,-46
116000041,18,71,-53
116000042,636,385,251
116000043,73,98,-25
116000044,0,2,-2
116000045,3113,2619,494
116000046,626,435,191
116000047,987,1116,-129
116000048,4693,1245,3448
116000049,2991,1066,1925
116000050,1036,339,697
116000051,4138,1003,3135
116000052,1208,542,666
116000053,3930,694,3236
116000054,503,454,49
116000055,419,230,189
116000056,1987,1944,43
116000057,382,109,273
116000058,530,626,-96
116000059,1239,5848,-4609
116000060,310,369,-59
116000061,148,872,-724
116000062,122,64,58
116000063,312,958,-646
116000066,90,930,-840
116000067,38,36,2
116000068,66,220,-154
116000069,177,41,136
116000078,304,818,-514
116000080,598,105,493
116000082,7,33,-26
116000083,614,122,492
116000084,539,1167,-628
116000085,612,454,158
116000086,237,290,-53
116000087,1033,687,346
116000088,389,291,98
116000089,56,4,52
116000090,40,46,-6
116000091,23,62,-39
116000093,425,114,311
116000094,145,120,25
116000095,417,67,350
116000096,535,643,-108
116000097,399,92,307
116000098,14,2738,-2724
116000099,947,70,877
116000100,141,1,140
116000101,338,31,307
116000102,141,185,-44
116000103,235,86,149
116000104,93,119,-26
116000105,680,10,670
116000106,290,147,143
116000107,1156,14,1142
116000108,4,42,-38
116000111,26,48,-22
116000113,105,20,85
116000114,5,45,-40
116000115,241,26,215
116000116,39,89,-50
116000117,937,535,402
116000118,400,112,288
116000119,1931,889,1042
116000120,510,285,225
116000121,435,184,251
116000122,55,86,-31
116000123,1345,136,1209
116000124,89,132,-43
116000125,1536,79,1457
116000126,15,90,-75
116000127,260,72,188
116000128,1181,187,994
116000129,399,16,383
116000130,240,164,76
116000133,432,36,396
116000134,642,207,435
116000135,1722,269,1453
116000136,388,333,55
116000137,615,211,404
116000138,167,199,-32
116000139,1702,2252,-550
116000140,83,200,-117
116000141,69,44,25
116000142,1873,1673,200
116000143,1143,1111,32
116000144,1215,885,330
116000145,2350,664,1686
116000146,245,8,237
116000147,178,168,10
116000148,156,261,-105
116000149,185,85,100
116000151,398,347,51
116000153,116,649,-533
116000155,144,365,-221
116000156,146,144,2
116000157,91,0,91
116000158,319,26,293
116000159,1,1,0
116000160,6,9,-3
116000161,5,86,-81
116000162,17,145,-128
116000163,13,0,13
116000164,1,2,-1
116000177,18,10,8
116000194,25,69,-44
116000195,607,177,430
116000196,0,0,0
116000197,0,0,0
116000198,1484,1183,301
116000200,172,384,-212
116000201,307,52,255
116000202,1,33,-32
116000203,0,17,-17
116000204,0,1,-1
116000205,0,5,-5
116000206,0,11,-11
116000207,4,3,1
116000233,0,0,0
116000287,19,5,14
116000288,211,100,111
116000292,0,0,0
116000296,2,50,-48
116000297,42,0,42
116000304,69,11,58
116000305,0,9,-9
116000346,0,0,0
116000352,0,0,0
116000354,0,0,0
116000357,0,0,0
116000358,7,7,0
116000361,10,1,9
116000372,2108,4103,-1995
116000381,26,0,26
116000388,0,2,-2
116000389,97,8,89
116000445,86,12,74
116000446,567,46,521
116000447,0,52,-52
116000448,253,51,202
116000563,334,1950,-1616
116000565,3,132,-129
116000568,8,105,-97
116000579,1,33,-32
116000584,43,3,40
116000585,16,18,-2
116000586,15,48,-33
116000587,672,256,416
116000589,29,5,24
116000590,39,24,15
116000591,215,37,178
116000592,2,4,-2
116000593,0,1,-1
116000594,339,52,287
116000595,138,21,117
116000596,76,14,62
116000597,365,99,266
116000598,0,40,-40
116000602,0,0,0
116000605,21,24,-3
116000606,48,63,-15
116000607,0,0,0
116000609,8,275,-267
116000611,42,29,13
116000612,1343,1985,-642
116000613,615,217,398
116000614,48,31,17
116000615,0,0,0
116000616,89,15,74
116000617,152,1,151
116000618,1,7,-6
116000619,9,43,-34
116000620,238,110,128
116000621,63,141,-78
116000622,238,140,98
116000624,75,35,40
116000627,36,9,27
116000628,26,9,17
116000629,5,31,-26
116000630,299,4,295
116000631,40,1,39
116000632,0,0,0
116000633,0,243,-243
116000634,273,0,273
116000635,1593,1658,-65
116000636,111,585,-474
116000637,0,0,0
116000638,0,23,-23
116900001,6,6,0
116900002,40,0,40
116900003,0,0,0
116900004,77,40,37
116900005,78,2,76
116900006,80,69,11
116900007,28,9,19
116900008,68,18,50
116900009,6,3,3
116900010,0,72,-72
116900011,1,0,1
116900012,6,20,-14
116900013,0,25,-25
116900014,0,0,0
116900015,171,10,161
116900016,97,4,93
116900017,0,135,-135
116900018,0,0,0
116900019,0,0,0
116900020,120,134,-14
116900023,0,0,0
116900024,290,4,286
116900025,298,73,225
116900026,0,104,-104
116900027,0,0,0
116900028,0,0,0
116900029,0,6,-6
116900031,0,0,0
116900032,0,12,-12
116900033,0,0,0
116900034,0,0,0
116900035,34,13,21
116900036,3,16,-13
116900038,0,0,0
116900041,2,0,2
116900042,0,0,0
116900043,3,7,-4
116900045,14,9,5
116900047,0,68,-68
116900049,0,0,0
116900050,29,8,21
116900051,81,0,81
116900052,16,3,13
116900055,0,0,0
116900057,0,0,0
116900058,0,4,-4
116900059,0,3,-3
116900060,26,25,1
116900062,1,14,-13
116900064,0,0,0
116900065,1,0,1
116900067,8,1,7
116900068,60,18,42
116900070,0,1,-1
116900072,0,0,0
116900073,0,4,-4
116900074,0,1,-1
116900076,0,5,-5
116900077,0,0,0
116900078,0,0,0
116900079,0,32,-32
116900080,0,0,0
116900081,7,24,-17
116900082,31,90,-59
116900083,1,1,0
116900084,1,1,0
116900085,18,4,14
116900086,2,9,-7
116900088,25,3,22
116900090,1,0,1
116900091,41,5,36
116900092,34,16,18
116900093,125,68,57
116900094,705,833,-128
116900095,27,2,25
116900096,46,3,43
116900097,243,676,-433
116900098,9,17,-8
116900099,34,24,10
116900100,289,7,282
116900101,5,17,-12
116900103,6,0,6
116900104,0,7,-7
116900105,65,17,48
116900106,1015,106,909
116900107,540,824,-284
116900110,5,0,5
116900111,510,72,438
116900112,191,56,135
116900113,108,497,-389
116900116,1,8,-7
116900117,6,7,-1
116900118,38,11,27
116900120,105,7,98
116900121,114,3,111
116900122,287,24,263
116900123,82,44,38
116900124,12,7,5
116900125,36,5,31
116900126,9,127,-118
116900128,0,0,0
116900129,0,1,-1
116900130,20,632,-612
116900131,0,0,0
116900132,10,1,9
116900133,0,0,0
116900134,0,0,0
116900136,0,0,0
116900137,0,0,0
116900138,0,0,0
116900139,0,0,0
116900140,0,0,0
116900141,0,0,0
116900142,0,0,0
116900143,0,0,0
116900144,0,0,0
116900145,0,0,0
116900147,0,0,0
116900148,0,0,0
116900149,0,0,0
116900150,0,0,0
116900151,0,0,0
116900153,24,0,24
116900154,2,19,-17
116900155,0,0,0
116900157,114,2,112
116900158,7,13,-6
116900159,2,13,-11
116900160,145,147,-2
116900161,428,86,342
116900162,0,13,-13
116900163,30,0,30
116900164,4,2,2
116900165,258,92,166
116900166,6,1,5
116900167,71,1,70
116900168,103,1,102
116900169,5,18,-13
116900170,231,72,159
116900171,4,8,-4
116900172,2,23,-21
116900173,40,1,39
116900174,3,20,-17
116900175,12,8,4
116900178,2,2,0
116900179,6,33,-27
116900180,0,0,0
116900182,79,10,69
116900183,50,14,36
116900185,84,5,79
116900186,3,5,-2
116900187,6,4,2
116900188,20,2,18
116900189,0,0,0
116900191,15,25,-10
116900192,140,11,129
116900194,7,312,-305
116900195,33,0,33
116900196,0,2,-2
116900197,40,0,40
116900198,6,34,-28
116900200,0,0,0
116900201,38,0,38
116900202,25,0,25
116900203,3,1,2
116900204,1,19,-18
116900206,0,0,0
116900207,1,0,1
116900208,0,4,-4
116900209,26,4,22
116900210,32,5,27
116900211,42,0,42
116900212,0,0,0
116900213,37,5,32
116900214,1,0,1
116900215,2,8,-6
116900216,0,0,0
116900218,0,15,-15
116900219,345,31,314
116900220,11,24,-13
116900221,0,0,0
116900222,216,86,130
116900223,7,4,3
116900226,122,1,121
116900227,23,2,21
116900228,133,6,127
116900230,1,33,-32
116900231,0,14,-14
116900232,0,16,-16
116900233,97,8,89
116900234,3,1,2
116900235,0,0,0
116900238,128,1,127
116900239,0,71,-71
116900240,253,107,146
116900241,0,13,-13
116900242,28,243,-215
116900243,0,3,-3
116900245,18,13,5
116900246,12,0,12
116900247,223,2,221
116900248,27,1,26
116900249,141,1,140
116900250,71,8,63
116900251,26,41,-15
116900252,81,38,43
116900253,15,5,10
116900254,1,2,-1
116900255,0,0,0
116900256,0,0,0
116900257,0,0,0
116900258,0,0,0
116900259,34,0,34
116900260,0,0,0
116900261,5,1,4
116900262,36,3,33
116900263,0,0,0
116900264,0,0,0
116900265,11,0,11
116900266,0,0,0
116900267,3,0,3
116900268,1,15,-14
116900269,244,194,50
116900271,0,0,0
116900272,79,28,51
116900273,0,3,-3
116900274,42,2,40
116900275,4,0,4
116900276,200,165,35
116900277,22,9,13
116900278,3,0,3
116900279,0,0,0
116900280,1,0,1
116900281,785,871,-86
116900282,0,1,-1
116900283,2,0,2
116900284,0,12,-12
116900285,4,24,-20
116900286,20,0,20
116900287,3,1,2
116900288,26,1,25
116900289,0,0,0
116900290,1,0,1
116900291,0,0,0
116900292,0,0,0
116900293,0,0,0
116900294,0,0,0
116900295,0,0,0
116900296,0,0,0
116900297,0,0,0
116900298,0,0,0
116900299,0,0,0
116900300,0,0,0
116900301,0,0,0
116900302,0,0,0
116900303,16,0,16
116900304,0,0,0
116900305,0,0,0
116900306,146,7,139
117000001,3256,1903,1353
117000002,1691,1036,655
117000003,4666,1732,2934
117000004,1518,1126,392
117000005,3383,911,2472
117000006,604,855,-251
117000007,4126,752,3374
117000008,402,1062,-660
117000009,2835,708,2127
117000010,714,732,-18
117000011,1751,493,1258
117000012,674,295,379
117000013,1526,307,1219
117000014,545,1367,-822
117000015,828,1068,-240
117000016,91,131,-40
117000017,86,98,-12
117000018,3,739,-736
117000019,9,1,8
117000020,264,1651,-1387
117000021,825,108,717
117000022,95,253,-158
117000023,23,233,-210
117000024,101,302,-201
117000025,12,173,-161
117000026,1263,1533,-270
117000027,110,162,-52
117000028,264,355,-91
117000030,336,351,-15
117000031,329,189,140
117000032,953,593,360
117000033,724,411,313
117000034,444,122,322
117000035,341,148,193
117000036,210,199,11
117000037,315,77,238
117000038,285,392,-107
117000039,142,154,-12
117000040,34,216,-182
117000041,907,26,881
117000044,9,97,-88
117000045,238,89,149
117000046,154,255,-101
117000047,560,405,155
117000048,421,198,223
117000049,16,282,-266
117000050,149,358,-209
117000051,1714,36,1678
117000052,27,70,-43
117000053,441,5,436
117000054,1426,7,1419
117000055,2,246,-244
117000056,425,29,396
117000057,144,169,-25
117000060,156,96,60
117000061,2014,762,1252
117000062,120,44,76
117000063,1699,508,1191
117000064,643,165,478
117000066,306,164,142
117000067,70,404,-334
117000074,5,127,-122
117000076,26,45,-19
117000077,24,49,-25
117000078,160,53,107
117000079,140,28,112
117000080,0,0,0
117000081,267,45,222
117000082,2,39,-37
117000083,47,0,47
117000084,73,0,73
117000085,205,145,60
117000086,217,102,115
117000087,1,241,-240
117000088,273,142,131
117000089,1744,183,1561
117000090,104,205,-101
117000091,1028,83,945
117000092,120,211,-91
117000093,2135,166,1969
117000094,149,254,-105
117000095,3694,151,3543
117000096,276,232,44
117000097,1981,302,1679
117000098,476,436,40
117000099,3726,417,3309
117000100,52,82,-30
117000101,62,61,1
117000102,2100,301,1799
117000103,127,217,-90
117000104,1652,192,1460
117000105,121,183,-62
117000106,1862,241,1621
117000107,151,181,-30
117000108,1903,851,1052
117000109,584,258,326
117000110,2018,1636,382
117000111,2750,2544,206
117000112,1820,743,1077
117000113,38,47,-9
117000114,260,55,205
117000115,50,21,29
117000116,149,18,131
117000117,545,151,394
117000118,104,99,5
117000119,28,168,-140
117000120,2,224,-222
117000121,2,291,-289
117000122,9,519,-510
117000123,270,112,158
117000124,17,19,-2
117000125,14,48,-34
117000126,15,0,15
117000127,27,10,17
117000128,6,19,-13
117000129,111,39,72
117000130,7,1,6
117000131,0,0,0
117000132,2479,22,2457
117000133,2041,13,2028
117000134,0,0,0
117000135,0,0,0
117000136,0,0,0
117000137,338,133,205
117000138,0,0,0
117000140,46,96,-50
117000141,2199,277,1922
117000181,8,7,1
117000182,283,431,-148
117000195,1,48,-47
117000196,221,121,100
117000225,5,7,-2
117000226,0,12,-12
117000276,226,3,223
117000277,0,25,-25
117000310,246,1905,-1659
117000315,61,320,-259
117000320,18,0,18
117000906,300,32,268
117000907,0,38,-38
117000908,29,110,-81
117000909,28,101,-73
117000910,373,73,300
117000911,11,90,-79
117000915,10,104,-94
117000916,12,0,12
117000917,1288,45,1243
117000918,60,171,-111
117000919,1,21,-20
117000920,1,194,-193
117000921,0,80,-80
117000922,15,6,9
117000924,84,214,-130
117000926,230,118,112
117000927,124,579,-455
117000928,0,0,0
117000929,27,48,-21
117000930,14,0,14
117000931,134,97,37
117900002,20,468,-448
117900003,0,0,0
117900005,0,3,-3
117900006,0,2,-2
117900007,94,12,82
117900008,0,5,-5
117900010,120,12,108
117900011,1,60,-59
117900012,26,3,23
117900013,0,13,-13
117900014,128,13,115
117900015,1,42,-41
117900016,160,534,-374
117900017,486,53,433
117900018,93,15,78
117900019,201,61,140
117900020,8,42,-34
117900021,8,9,-1
117900022,0,0,0
117900023,46,7,39
117900024,60,14,46
117900025,3,0,3
117900026,214,24,190
117900028,3,0,3
117900029,154,39,115
117900030,59,202,-143
117900031,39,38,1
117900032,236,107,129
117900033,260,44,216
117900034,0,0,0
117900035,76,6,70
117900036,219,23,196
117900037,77,1,76
117900038,0,0,0
117900039,0,0,0
117900040,0,0,0
117900041,0,0,0
117900042,265,110,155
117900043,0,0,0
117900044,0,1413,-1413
117900045,200,44,156
117900048,249,15,234
117900049,190,57,133
117900050,0,59,-59
117900051,0,0,0
117900052,0,0,0
117900053,615,69,546
117900054,0,9,-9
117900055,99,42,57
117900056,0,0,0
117900057,174,301,-127
117900058,1,0,1
117900059,0,0,0
117900060,902,599,303
117900061,1,139,-138
117900063,187,38,149
117900065,81,158,-77
117900066,1,40,-39
117900067,397,32,365
117900069,393,10,383
117900070,51,45,6
117900071,228,58,170
117900073,308,17,291
117900074,3,54,-51
117900075,74,14,60
117900076,0,1,-1
117900077,104,2,102
117900078,157,137,20
117900080,99,26,73
117900081,55,32,23
117900082,284,109,175
117900083,265,48,217
117900086,62,25,37
117900087,24,4,20
117900088,309,73,236
117900089,869,168,701
117900090,140,117,23
117900091,244,35,209
117900092,25,2,23
117900093,77,0,77
117900094,55,12,43
117900095,205,38,167
117900096,138,46,92
117900097,27,29,-2
117900098,48,4,44
117900099,133,38,95
117900100,220,4,216
117900101,324,738,-414
117900102,27,30,-3
117900103,78,0,78
117900104,2,19,-17
117900105,82,17,65
117900106,26,8,18
117900107,66,0,66
117900109,337,251,86
117900110,134,1,133
117900111,361,35,326
117900112,44,1,43
117900113,173,54,119
117900114,42,0,42
117900115,24,19,5
117900116,291,113,178
117900117,138,68,70
117900118,107,0,107
117900119,196,0,196
117900120,331,18,313
117900121,76,1,75
117900122,83,1172,-1089
117900123,271,68,203
117900124,134,144,-10
117900125,208,198,10
117900126,51,51,0
117900127,193,35,158
117900128,277,54,223
117900129,57,1,56
117900130,224,0,224
117900131,0,0,0
117900132,0,0,0
117900133,0,0,0
117900134,0,0,0
117900135,0,0,0
117900136,0,0,0
117900137,0,0,0
117900138,0,0,0
117900139,1,4,-3
117900140,744,183,561
117900141,27,56,-29
117900142,1,58,-57
117900144,6,75,-69
117900145,0,34,-34
117900146,3,75,-72
117900147,54,16,38
117900148,226,784,-558
117900149,4,5,-1
117900150,2,19,-17
117900151,14,16,-2
117900152,0,0,0
117900153,2,85,-83
117900154,292,72,220
117900156,173,29,144
117900157,117,41,76
117900158,85,3,82
117900160,287,206,81
117900161,346,48,298
117900162,345,100,245
117900163,9,31,-22
117900165,0,1,-1
117900166,2,34,-32
117900168,141,1,140
117900169,0,3,-3
117900170,0,1,-1
117900171,0,0,0
117900172,0,7,-7
117900173,3,5,-2
117900174,9,11,-2
117900175,0,3,-3
117900176,1,13,-12
117900177,0,1,-1
117900178,12,1,11
117900180,35,1,34
117900181,3,280,-277
117900182,2,39,-37
117900183,28,130,-102
117900184,2,16,-14
117900185,95,1,94
117900186,36,0,36
117900187,40,1,39
117900188,34,3,31
117900189,49,7,42
117900190,10,0,10
117900191,38,0,38
117900192,46,1,45
117900193,98,27,71
117900194,0,0,0
117900195,1,20,-19
117900196,15,0,15
117900207,92,46,46
117900208,20,4,16
117900209,94,1,93
117900210,0,0,0
117900211,0,0,0
117900212,157,26,131
117900213,43,0,43
117900214,1,0,1
117900215,0,0,0
117900216,0,0,0
117900217,0,0,0
117900218,0,0,0
117900219,0,0,0
117900220,2,85,-83
117900222,10,13,-3
117900223,13,157,-144
118000001,367,1154,-787
118000002,66,451,-385
118000003,2055,3742,-1687
118000004,679,588,91
118000005,1584,2254,-670
118000006,1661,2521,-860
118000007,3401,5940,-2539
118000008,2723,2595,128
118000009,796,1400,-604
118000010,1208,1525,-317
118000011,653,317,336
118000012,339,394,-55
118000013,330,598,-268
118000014,563,448,115
118000016,136,45,91
118000017,836,634,202
118000018,101,64,37
118000019,847,960,-113
118000020,180,1405,-1225
118000021,108,1166,-1058
118000022,746,488,258
118000023,354,322,32
118000024,529,587,-58
118000027,3705,5826,-2121
118000029,180,1029,-849
118000032,149,1463,-1314
118000033,1627,2248,-621
118000034,2131,1715,416
118000035,484,736,-252
118000036,207,485,-278
118000037,210,696,-486
118000038,135,226,-91
118000039,63,44,19
118000040,471,557,-86
118000041,284,481,-197
118000045,38,199,-161
118000046,68,1211,-1143
118000047,59,484,-425
118000048,560,1625,-1065
118000051,1261,1457,-196
118000052,810,1347,-537
118000053,327,890,-563
118000054,916,678,238
118000055,369,775,-406
118000056,127,214,-87
118000057,151,146,5
118000058,437,471,-34
118000059,167,1292,-1125
118000060,311,246,65
118000061,270,279,-9
118000062,59,76,-17
118000063,87,621,-534
118000064,221,851,-630
118000065,755,331,424
118000066,337,1867,-1530
118000067,215,789,-574
118000068,261,2802,-2541
118000069,505,651,-146
118000070,618,1676,-1058
118000071,450,2497,-2047
118000072,466,3611,-3145
118000073,272,1324,-1052
118000074,77,386,-309
118000075,202,439,-237
118000076,3136,6143,-3007
118000077,703,690,13
118000078,1279,1536,-257
118000079,39,266,-227
118000080,174,391,-217
118000081,1091,1044,47
118000082,231,781,-550
118000083,328,1275,-947
118000084,296,362,-66
118000086,18,46,-28
118000087,1220,1767,-547
118000088,394,1161,-767
118000089,1013,1016,-3
118000090,181,1225,-1044
118000091,163,1693,-1530
118000092,243,150,93
118000093,35,643,-608
118000096,61,331,-270
118000097,91,274,-183
118000098,101,206,-105
118000099,0,0,0
118000101,813,272,541
118000102,306,158,148
118000107,44,17,27
118000108,33,489,-456
118000110,0,0,0
118000111,0,0,0
118000112,220,1,219
118000113,0,0,0
118000114,397,10,387
118000115,10,14,-4
118000116,19,4,15
118000117,243,478,-235
118000118,427,602,-175
118000119,569,674,-105
118000120,420,287,133
118000121,12,109,-97
118000122,106,50,56
118000123,64,205,-141
118000125,4,207,-203
118000126,185,534,-349
118000127,720,613,107
118000128,0,412,-412
118000129,179,261,-82
118000130,586,1069,-483
118000131,93,239,-146
118000132,1954,1651,303
118000133,516,163,353
118000135,201,391,-190
118000136,26,353,-327
118000137,129,59,70
118000138,89,92,-3
118000139,116,42,74
118000140,1342,6173,-4831
118000141,3086,1466,1620
118000142,1085,1128,-43
118000143,3277,1753,1524
118000144,416,222,194
118000145,856,245,611
118000146,1152,158,994
118000147,895,241,654
118000148,191,842,-651
118000149,346,113,233
118000150,918,132,786
118000151,551,103,448
118000153,2610,1371,1239
118000154,997,1188,-191
118000155,2923,1228,1695
118000156,523,1104,-581
118000157,181,124,57
118000158,81,158,-77
118000159,79,169,-90
118000160,818,281,537
118000161,205,150,55
118000162,576,473,103
118000163,958,930,28
118000164,989,1385,-396
118000168,145,1,144
118000169,227,441,-214
118000170,1036,1302,-266
118000171,148,264,-116
118000172,72,88,-16
118000173,593,330,263
118000175,245,270,-25
118000176,401,335,66
118000177,343,391,-48
118000178,3,18,-15
118000179,793,726,67
118000180,810,380,430
118000181,184,27,157
118000182,111,134,-23
118000183,52,89,-37
118000184,1165,310,855
118000185,190,614,-424
118000186,133,578,-445
118000187,1067,191,876
118000188,181,1,180
118000189,97,23,74
118000190,1,12,-11
118000191,43,13,30
118000192,1,101,-100
118000193,1,213,-212
118000194,886,1459,-573
118000195,53,1045,-992
118000196,23,86,-63
118000197,124,490,-366
118000198,475,1105,-630
118000199,463,807,-344
118000200,0,0,0
118000201,88,306,-218
118000202,0,0,0
118000203,28,243,-215
118000204,13,37,-24
118000205,174,36,138
118000206,270,97,173
118000207,1,39,-38
118000208,788,885,-97
118000209,1219,409,810
118000210,79,10,69
118000211,64,19,45
118000213,200,1082,-882
118000214,99,28,71
118000215,81,7,74
118000216,443,15,428
118000217,4,32,-28
118000218,18,10,8
118000219,273,106,167
118000220,63,45,18
118000221,32,433,-401
118000222,21,5,16
118000223,63,15,48
118000224,50,16,34
118000225,0,0,0
118000226,239,33,206
118000227,42,250,-208
118000228,4,30,-26
118000229,0,0,0
118000230,0,0,0
118000231,0,0,0
118000232,0,0,0
118000233,620,174,446
118000234,0,0,0
118000236,57,6,51
118000237,0,0,0
118000238,213,2,211
118000239,266,182,84
118000240,53,14,39
118000241,21,1,20
118000242,0,0,0
118000243,0,0,0
118000244,13,18,-5
118000246,0,0,0
118000255,12,258,-246
118000256,104,180,-76
118000259,0,6,-6
118000260,62,11,51
118000261,0,2,-2
118000263,4,8,-4
118000266,5,14,-9
118000267,0,0,0
118000268,101,5,96
118000270,0,0,0
118000271,100,19,81
118000272,73,4,69
118000273,3,3,0
118000274,0,0,0
118000276,58,22,36
118000295,1,4,-3
118000298,6,9,-3
118000299,0,0,0
118000301,0,0,0
118000302,60,9,51
118000311,208,30,178
118000312,46,1,45
118000313,19,9,10
118000314,16,3,13
118000315,5,0,5
118000316,32,12,20
118000325,158,0,158
118000326,5,4,1
118000331,208,22,186
118000332,155,1,154
118000333,156,14,142
118000335,170,0,170
118000336,0,0,0
118000407,174,5,169
118000457,0,0,0
118000465,241,396,-155
118000480,0,0,0
118000489,8,314,-306
118000490,2,32,-30
118000492,362,50,312
118000510,0,0,0
118000514,34,23,11
118000515,59,144,-85
118000517,205,115,90
118000524,5,15,-10
118000525,39,101,-62
118000530,16,116,-100
118000531,393,151,242
118000532,0,0,0
118000533,0,0,0
118000534,0,0,0
118000535,175,31,144
118000536,6,4,2
118000537,1,8,-7
118000538,0,19,-19
118000539,6,129,-123
118000540,11,22,-11
118000541,9,3,6
118000542,61,153,-92
118000543,52,64,-12
118000546,38,4,34
118000560,0,5,-5
118000562,0,0,0
118000563,808,981,-173
118000576,97,10,87
118000577,66,61,5
118000578,22,11,11
118000579,138,291,-153
118000595,160,75,85
118000596,0,0,0
118000597,37,9,28
118000598,5,0,5
118000599,195,5,190
118000600,0,1,-1
118000601,0,0,0
118000602,0,0,0
118000603,0,0,0
118900001,0,0,0
118900002,76,1,75
118900003,74,0,74
118900004,3,0,3
118900005,0,0,0
118900006,0,0,0
118900007,0,0,0
118900008,232,0,232
118900009,0,0,0
118900010,0,0,0
118900011,0,0,0
118900012,135,97,38
118900013,0,0,0
118900015,0,0,0
118900016,0,0,0
118900017,0,0,0
118900018,0,0,0
118900019,0,0,0
118900020,0,0,0
118900021,28,33,-5
118900022,28,4,24
118900023,0,0,0
118900024,0,0,0
118900025,0,0,0
118900026,17,2,15
118900027,0,0,0
118900028,92,22,70
118900029,0,0,0
118900030,0,0,0
118900031,21,2,19
118900032,0,0,0
118900033,0,0,0
118900034,0,0,0
118900035,13,3,10
118900036,144,22,122
118900037,0,0,0
118900038,93,1,92
118900039,0,0,0
118900040,65,24,41
118900041,0,0,0
118900042,10,5,5
118900045,5,6,-1
118900046,6,9,-3
118900047,7,38,-31
118900048,0,0,0
118900049,0,0,0
118900050,0,0,0
118900051,0,0,0
118900052,0,0,0
118900053,0,0,0
118900054,5,1,4
118900055,0,0,0
118900056,0,0,0
118900057,98,78,20
118900058,0,0,0
118900059,0,0,0
118900060,32,16,16
118900062,0,0,0
118900064,0,0,0
118900065,0,0,0
118900066,0,0,0
118900067,34,107,-73
118900068,0,0,0
118900069,21,1,20
118900071,0,0,0
118900072,0,0,0
118900073,4,0,4
118900074,0,0,0
118900075,0,0,0
118900076,0,0,0
118900077,3,0,3
118900078,0,0,0
118900079,0,0,0
118900080,0,0,0
118900081,0,0,0
118900082,5,0,5
118900083,0,0,0
118900084,0,0,0
118900085,0,0,0
118900086,0,0,0
118900087,0,2,-2
118900088,0,0,0
118900089,0,0,0
118900090,0,0,0
118900091,0,0,0
118900092,0,0,0
118900093,0,0,0
118900096,0,0,0
118900097,28,45,-17
118900099,3,3,0
118900100,0,0,0
118900101,0,0,0
118900102,0,0,0
118900103,0,0,0
118900104,13,0,13
118900105,0,0,0
118900107,0,0,0
118900108,0,0,0
118900110,58,1,57
118900111,0,0,0
118900112,0,0,0
118900113,0,0,0
118900114,0,0,0
118900115,0,13,-13
118900116,6,6,0
118900117,4,14,-10
118900118,11,6,5
118900119,20,10,10
118900120,1,12,-11
118900121,0,0,0
118900122,0,0,0
118900123,13,5,8
118900124,0,0,0
118900126,0,0,0
118900129,0,0,0
118900130,0,0,0
118900131,63,5,58
118900132,0,0,0
118900133,0,0,0
118900135,0,0,0
118900136,67,15,52
118900137,0,0,0
118900139,0,0,0
118900140,104,24,80
118900141,0,0,0
118900144,33,23,10
118900145,0,0,0
118900146,26,22,4
118900147,0,0,0
118900148,0,0,0
118900150,0,0,0
118900152,0,0,0
118900157,0,0,0
118900158,0,0,0
118900159,0,0,0
118900161,0,0,0
118900163,0,0,0
118900164,0,0,0
118900165,0,0,0
118900166,0,0,0
118900167,0,0,0
118900168,0,0,0
118900169,0,0,0
118900170,0,0,0
118900171,0,0,0
118900174,0,0,0
118900175,95,17,78
118900176,11,16,-5
118900177,0,0,0
118900178,0,0,0
118900179,0,0,0
118900181,24,6,18
118900182,0,0,0
118900183,0,0,0
118900184,0,0,0
118900185,13,0,13
118900186,18,28,-10
118900187,40,8,32
118900188,22,13,9
118900189,0,0,0
118900190,0,0,0
118900191,0,0,0
118900192,0,0,0
118900193,2,0,2
118900195,60,0,60
118900196,0,0,0
118900197,0,0,0
118900198,0,0,0
118900199,0,0,0
118900200,0,0,0
118900201,0,0,0
118900202,0,0,0
118900203,0,0,0
118900204,0,0,0
118900205,0,0,0
118900206,0,0,0
119000001,1264,856,408
119000002,2116,1019,1097
119000003,1128,350,778
119000004,796,1269,-473
119000005,1156,1578,-422
119000006,1087,759,328
119000007,1892,1874,18
119000008,604,563,41
119000009,1047,2450,-1403
119000010,1004,1368,-364
119000011,1279,1342,-63
119000012,570,1317,-747
119000013,3821,2054,1767
119000014,921,1803,-882
119000019,69,115,-46
119000020,832,1146,-314
119000021,1653,1884,-231
119000022,121,628,-507
119000023,57,171,-114
119000024,561,8142,-7581
119000025,1206,628,578
119000026,13,170,-157
119000027,47,235,-188
119000028,1605,355,1250
119000029,101,79,22
119000030,313,637,-324
119000031,443,496,-53
119000032,223,728,-505
119000033,1108,724,384
119000034,520,288,232
119000035,13,162,-149
119000036,1254,207,1047
119000037,731,411,320
119000038,62,187,-125
119000039,507,243,264
119000040,187,613,-426
119000041,317,850,-533
119000048,1562,709,853
119000049,681,384,297
119000050,561,555,6
119000051,335,247,88
119000052,391,389,2
119000053,748,342,406
119000054,1626,633,993
119000055,3300,649,2651
119000056,2189,660,1529
119000057,989,603,386
119000058,717,539,178
119000059,977,519,458
119000060,440,150,290
119000061,274,439,-165
119000062,294,253,41
119000063,395,243,152
119000064,160,154,6
119000065,217,430,-213
119000066,774,645,129
119000067,726,618,108
119000068,747,328,419
119000069,612,488,124
119000070,919,271,648
119000071,46,197,-151
119000072,775,461,314
119000073,1341,2762,-1421
119000074,1281,477,804
119000075,1690,943,747
119000076,63,307,-244
119000077,199,183,16
119000078,71,39,32
119000079,26,115,-89
119000080,237,13,224
119000081,120,144,-24
119000082,180,17,163
119000083,190,47,143
119000084,132,72,60
119000085,138,51,87
119000086,104,38,66
119000087,469,213,256
119000088,178,5,173
119000089,14,31,-17
119000090,14,85,-71
119000091,22,58,-36
119000092,98,117,-19
119000093,1117,762,355
119000094,2026,1311,715
119000095,851,694,157
119000097,543,509,34
119000098,586,2532,-1946
119000099,1361,491,870
119000100,2328,950,1378
119000101,1104,911,193
119000102,14,265,-251
119000103,598,322,276
119000104,138,40,98
119000105,227,835,-608
119000106,87,68,19
119000107,701,407,294
119000108,135,111,24
119000109,10,48,-38
119000110,0,0,0
119000111,10,44,-34
119000112,0,0,0
119000113,157,15,142
119000114,111,117,-6
119000115,18,97,-79
119000116,12,106,-94
119000117,43,49,-6
119000118,4,1,3
119000123,358,720,-362
119000124,306,102,204
119000125,2476,304,2172
119000126,555,211,344
119000127,205,25,180
119000128,2,0,2
119000131,290,59,231
119000132,0,0,0
119000133,2,5,-3
119000134,347,491,-144
119000135,70,22,48
119000136,0,0,0
119000137,27,20,7
119000138,0,0,0
119000139,20,1,19
119000140,0,0,0
119000284,254,713,-459
119000285,385,393,-8
119000286,1399,991,408
119000287,586,422,164
119000288,498,195,303
119000289,326,766,-440
119000290,210,280,-70
119000291,5,74,-69
119000293,135,257,-122
119000294,117,58,59
119000295,264,109,155
119000296,70,37,33
119000302,1097,1073,24
119000303,4,35,-31
119000314,238,2821,-2583
119000315,0,12,-12
119000316,0,0,0
119000317,34,11,23
119900001,48,259,-211
119900002,29,35,-6
119900003,0,24,-24
119900004,0,0,0
119900005,0,0,0
119900006,33,55,-22
119900007,8,0,8
119900008,0,0,0
119900009,84,96,-12
119900010,210,207,3
119900011,0,0,0
119900012,0,0,0
119900013,195,176,19
119900014,111,79,32
119900015,0,0,0
119900016,0,0,0
119900017,1,7,-6
119900018,184,221,-37
119900019,3,0,3
119900020,2,0,2
119900021,0,0,0
119900022,9,211,-202
119900023,67,1010,-943
119900025,0,0,0
119900026,0,0,0
119900027,6,7,-1
119900028,53,34,19
119900029,2,0,2
119900030,0,0,0
119900031,20,287,-267
119900033,309,97,212
119900034,0,0,0
119900037,128,0,128
119900038,69,36,33
119900039,0,0,0
119900040,105,3,102
119900041,0,0,0
119900042,0,0,0
119900043,58,34,24
119900044,18,163,-145
119900046,0,0,0
119900047,0,0,0
119900048,1,1,0
119900049,28,0,28
119900050,148,12,136
119900051,410,5,405
119900052,0,0,0
119900053,0,0,0
119900054,119,0,119
119900055,447,64,383
119900057,0,0,0
119900058,0,0,0
119900059,22,0,22
119900060,138,11,127
119900062,0,0,0
119900063,0,0,0
119900064,315,26,289
119900065,72,1,71
119900066,0,0,0
119900067,0,0,0
119900068,2,0,2
119900069,18,0,18
119900070,288,3,285
119900071,246,25,221
119900073,80,2,78
119900074,0,0,0
119900075,297,446,-149
119900076,0,0,0
119900077,215,32,183
119900078,156,7,149
119900079,68,0,68
119900080,270,67,203
119900081,152,96,56
119900082,1213,383,830
119900083,99,58,41
119900084,0,0,0
119900085,0,0,0
119900087,0,0,0
119900088,0,0,0
119900089,0,0,0
119900090,0,0,0
119900091,0,0,0
119900092,0,0,0
119900093,0,0,0
119900094,1,0,1
119900095,0,0,0
119900096,0,0,0
119900097,0,0,0
119900098,0,0,0
119900099,0,0,0
119900100,1,18,-17
119900101,13,90,-77
119900102,0,0,0
119900103,0,0,0
119900104,0,0,0
119900105,81,42,39
119900106,0,0,0
119900107,0,0,0
119900108,448,143,305
119900109,0,0,0
119900110,35,55,-20
119900111,29,4,25
119900112,0,0,0
119900113,1,3,-2
119900114,27,45,-18
119900115,40,9,31
119900116,0,8,-8
119900117,13,14,-1
119900118,16,18,-2
119900119,0,7,-7
119900120,11,45,-34
119900121,0,0,0
119900122,1,0,1
119900123,6,11,-5
119900124,1,13,-12
119900125,0,0,0
119900126,291,38,253
119900127,45,0,45
119900128,1,5,-4
119900129,14,7,7
119900130,0,0,0
119900131,0,5,-5
119900132,0,0,0
119900133,0,0,0
119900134,36,16,20
119900135,0,0,0
119900136,0,0,0
119900138,0,0,0
119900139,0,0,0
119900140,1,4,-3
119900141,0,0,0
119900142,3,0,3
119900143,0,114,-114
119900144,0,0,0
119900145,0,0,0
119900146,0,0,0
119900147,0,0,0
119900148,80,2,78
119900149,26,768,-742
119900150,0,0,0
119900151,284,170,114
119900152,0,0,0
119900153,56,5,51
119900154,2,5,-3
119900155,0,0,0
119900156,20,14,6
119900157,0,0,0
119900158,71,11,60
119900159,0,46,-46
119900160,0,0,0
119900161,58,5,53
119900162,138,75,63
119900163,0,0,0
119900164,0,0,0
119900165,0,0,0
119900166,62,27,35
119900167,0,0,0
119900168,234,32,202
119900169,0,0,0
119900170,0,0,0
119900171,24,4,20
119900172,3,14,-11
119900173,1,11,-10
119900174,0,0,0
119900175,294,5,289
119900177,6,19,-13
119900178,0,0,0
119900179,75,338,-263
119900180,135,34,101
119900181,1,8,-7
119900182,9,50,-41
119900183,19,93,-74
119900184,50,78,-28
119900185,2,79,-77
119900186,0,0,0
119900187,0,37,-37
119900188,63,65,-2
119900189,0,0,0
119900190,0,0,0
119900191,2,5,-3
119900192,0,18,-18
119900193,101,30,71
119900194,19,19,0
119900195,8,4,4
119900196,0,0,0
119900197,0,0,0
119900198,33,27,6
119900199,107,2,105
119900200,0,0,0
119900201,69,42,27
119900202,5,42,-37
119900203,0,0,0
119900204,26,9,17
119900205,324,32,292
119900206,0,0,0
119900208,0,0,0
119900209,195,256,-61
119900210,0,0,0
119900211,0,0,0
119900212,519,43,476
119900213,0,0,0
119900214,0,0,0
119900215,0,0,0
119900216,0,0,0
119900217,0,0,0
119900218,0,0,0
119900219,0,0,0
119900220,0,0,0
119900221,0,0,0
119900222,0,0,0
119900223,0,0,0
119900224,0,0,0
119900225,0,0,0
119900226,21,226,-205
119900227,35,28,7
119900228,0,7,-7
119900229,0,0,0
119900230,46,0,46
119900231,104,3,101
119900232,0,0,0
119900233,11,0,11
119900234,0,0,0
119900235,0,0,0
119900236,1,1,0
119900237,3,2,1
119900238,0,0,0
119900240,0,0,0
119900241,0,0,0
119900242,66,1,65
119900244,58,165,-107
119900245,0,0,0
119900246,0,0,0
119900247,16,29,-13
119900248,0,0,0
119900249,6,0,6
119900253,122,170,-48
119900254,18,313,-295
119900255,7,10,-3
119900256,193,22,171
119900257,5,1,4
119900258,7,1,6
119900259,0,0,0
119900260,0,0,0
119900261,200,35,165
119900262,4,11,-7
119900263,351,33,318
119900264,0,0,0
119900265,23,0,23
119900266,0,0,0
119900267,0,5,-5
119900268,5,2,3
119900269,88,8,80
119900271,1,0,1
119900272,1,17,-16
119900275,19,0,19
119900276,10,0,10
119900277,0,0,0
119900278,0,0,0
119900279,0,0,0
119900280,123,11,112
119900281,0,1,-1
119900282,0,0,0
119900283,0,20,-20
119900284,199,111,88
119900285,17,145,-128
119900286,1,42,-41
119900288,5,6,-1
119900289,0,0,0
119900290,4,2,2
119900291,0,0,0
119900292,3,11,-8
119900293,3,1,2
119900294,9,0,9
119900295,17,0,17
119900296,88,0,88
119900299,1,0,1
119900300,2,0,2
119900301,0,0,0
119900302,0,0,0
119900303,0,0,0
119900304,0,0,0
119900305,0,0,0
119900306,0,0,0
119900307,0,0,0
119900308,0,0,0
119900309,0,26,-26
119900310,80,28,52
119900311,0,0,0
119900312,90,16,74
119900313,27,3,24
119900314,0,0,0
119900315,667,200,467
119900318,0,0,0
119900319,24,21,3
119900320,49,63,-14
119900321,17,1,16
119900322,0,13,-13
119900323,0,6,-6
119900324,0,2,-2
119900325,1,12,-11
119900326,0,5,-5
120000001,5264,15089,-9825
120000002,1385,739,646
120000003,689,566,123
120000004,1123,1040,83
120000005,1358,673,685
120000006,523,296,227
120000007,1022,587,435
120000008,356,430,-74
120000009,635,244,391
120000010,748,546,202
120000011,281,314,-33
120000012,426,503,-77
120000013,967,562,405
120000014,338,612,-274
120000015,1591,1061,530
120000016,3807,2239,1568
120000017,2222,1835,387
120000018,2329,6811,-4482
120000019,544,905,-361
120000020,2330,2217,113
120000021,1140,2176,-1036
120000022,3917,4471,-554
120000023,878,899,-21
120000024,839,1106,-267
120000025,2330,900,1430
120000026,1679,1885,-206
120000027,2386,2345,41
120000028,540,296,244
120000029,218,793,-575
120000030,41,316,-275
120000031,679,1542,-863
120000032,1894,1514,380
120000033,1582,357,1225
120000034,1617,311,1306
120000035,1371,327,1044
120000036,1870,2596,-726
120000037,560,1816,-1256
120000038,1114,2660,-1546
120000039,41,204,-163
120000040,1,175,-174
120000041,104,187,-83
120000042,648,404,244
120000043,2398,702,1696
120000044,4259,686,3573
120000045,4115,336,3779
120000046,2291,1763,528
120000047,228,3355,-3127
120000048,3375,2309,1066
120000049,2074,739,1335
120000050,1298,1326,-28
120000051,819,1933,-1114
120000052,1319,1107,212
120000053,668,661,7
120000054,447,654,-207
120000055,1213,902,311
120000056,2273,1124,1149
120000057,1069,254,815
120000058,288,388,-100
120000059,172,1357,-1185
120000061,26,194,-168
120000062,143,111,32
120000063,360,441,-81
120000064,168,291,-123
120000065,264,263,1
120000066,107,93,14
120000067,19,103,-84
120000068,79,204,-125
120000069,356,196,160
120000070,33,206,-173
120000071,306,52,254
120000072,800,178,622
120000073,512,62,450
120000074,159,42,117
120000075,1138,105,1033
120000076,1812,153,1659
120000077,1179,212,967
120000078,710,242,468
120000079,273,117,156
120000080,70,86,-16
120000081,166,77,89
120000082,228,237,-9
120000083,6,975,-969
120000084,136,81,55
120000085,50,67,-17
120000086,28,70,-42
120000087,47,80,-33
120000088,549,352,197
120000089,1080,211,869
120000090,376,212,164
120000091,827,268,559
120000092,929,136,793
120000093,353,274,79
120000094,268,538,-270
120000095,356,103,253
120000096,160,133,27
120000098,488,105,383
120000099,81,111,-30
120000100,399,136,263
120000101,358,101,257
120000102,452,1175,-723
120000103,1055,563,492
120000104,2248,181,2067
120000105,3060,123,2937
120000106,2648,106,2542
120000107,4242,197,4045
120000108,1578,84,1494
120000109,704,25,679
120000110,1,115,-114
120000111,7,116,-109
120000112,81,352,-271
120000113,34,290,-256
120000114,79,277,-198
120000115,44,196,-152
120000116,66,281,-215
120000117,424,258,166
120000118,12,22,-10
120000119,12,56,-44
120000120,21,34,-13
120000121,51,42,9
120000122,60,319,-259
120000123,655,4475,-3820
120000124,287,161,126
120000125,231,152,79
120000126,102,344,-242
120000127,171,249,-78
120000128,647,1066,-419
120000129,153,93,60
120000130,577,277,300
120000131,187,239,-52
120000134,42,29,13
120000135,124,274,-150
120000137,59,23,36
120000138,367,81,286
120000139,148,41,107
120000140,283,23,260
120000141,381,69,312
120000142,546,153,393
120000143,0,1,-1
120000144,57,0,57
120000145,46,0,46
120000146,343,798,-455
120000149,173,181,-8
120000150,252,3848,-3596
120000151,462,127,335
120000152,795,95,700
120000153,162,69,93
120000154,75,106,-31
120000155,116,101,15
120000156,148,360,-212
120000157,541,235,306
120000158,185,47,138
120000159,675,750,-75
120000160,1246,954,292
120000161,1031,995,36
120000162,93,207,-114
120000163,366,144,222
120000164,208,57,151
120000165,334,54,280
120000166,1082,55,1027
120000167,0,0,0
120000168,0,0,0
120000169,0,0,0
120000170,0,0,0
120000171,0,0,0
120000172,0,0,0
120000173,16,0,16
120000174,7,0,7
120000175,0,0,0
120000176,1,0,1
120000177,116,3,113
120000178,9,0,9
120000179,5,2,3
120000180,9,1,8
120000181,6,136,-130
120000182,7,182,-175
120000183,2,151,-149
120000184,21,258,-237
120000186,17,79,-62
120000187,16,31,-15
120000188,12,29,-17
120000190,31,150,-119
120000191,44,59,-15
120000192,33,4,29
120000193,48,3,45
120000195,1,0,1
120000196,14,4,10
120000197,5,4,1
120000198,37,0,37
120000199,0,0,0
120000200,0,0,0
120000201,0,0,0
120000202,0,0,0
120000203,0,0,0
120000207,0,0,0
120000208,0,0,0
120000209,0,0,0
120000210,0,0,0
120000211,0,0,0
120000212,0,0,0
120000213,0,0,0
120000214,0,0,0
120000215,0,0,0
120000216,0,0,0
120000217,0,0,0
120000218,0,0,0
120000219,0,0,0
120000220,0,0,0
120000225,1257,1,1256
120000226,188,1,187
120000227,225,41,184
120000228,0,0,0
120000230,66,4,62
120000231,247,50,197
120000233,389,3,386
120000235,0,53,-53
120000236,1058,1,1057
120000237,0,55,-55
120000238,0,0,0
120000241,1030,1953,-923
120000412,62,1,61
120000413,124,25,99
120000414,93,0,93
120000415,0,2,-2
120000416,53,0,53
120000417,1,2,-1
120000418,135,0,135
120000419,3,3,0
120000420,25,4,21
120000421,2258,1558,700
120000422,6,387,-381
120000423,0,0,0
120000424,0,0,0
120000436,53,966,-913
120000437,11,37,-26
120000438,244,122,122
120000439,321,322,-1
120000443,191,1,190
120000444,1217,174,1043
120000445,831,671,160
120000446,236,57,179
120000447,258,0,258
120000449,69,0,69
120000450,0,3,-3
120000451,50,47,3
120000452,242,0,242
120000453,0,0,0
120000454,20,19,1
120000455,13,32,-19
120000456,103,789,-686
120000457,243,196,47
120000458,294,48,246
120000459,116,30,86
120000665,32,127,-95
120000668,10,325,-315
120000669,88,56,32
120000670,20,170,-150
120000671,584,177,407
120000672,16,134,-118
120900001,93,8,85
120900002,9,39,-30
120900003,0,0,0
120900004,0,57,-57
120900005,59,97,-38
120900006,253,35,218
120900007,16,7,9
120900008,276,121,155
120900009,0,0,0
120900010,248,62,186
120900011,0,0,0
120900012,17,441,-424
120900013,148,24,124
120900014,0,51,-51
120900015,684,16,668
120900016,849,13,836
120900017,321,12,309
120900018,113,34,79
120900019,150,129,21
120900020,47,225,-178
120900021,375,11,364
120900022,5,31,-26
120900023,402,7,395
120900024,410,39,371
120900025,225,57,168
120900026,19,20,-1
120900027,0,0,0
120900028,419,72,347
120900029,0,0,0
120900030,663,110,553
120900031,275,9,266
120900032,892,48,844
120900033,558,30,528
120900034,4,919,-915
120900035,94,12,82
120900037,114,4,110
120900038,0,0,0
120900039,0,0,0
120900040,200,1,199
120900041,5,2,3
120900042,358,25,333
120900043,19,5,14
120900044,8,198,-190
120900045,4,3,1
120900046,323,0,323
120900047,0,0,0
120900048,0,0,0
120900049,346,1,345
120900050,254,608,-354
120900051,183,57,126
120900052,262,0,262
120900053,190,9,181
120900054,209,13,196
120900055,386,3,383
120900056,0,0,0
120900057,0,0,0
120900058,510,2,508
120900059,99,0,99
120900060,34,14,20
120900061,38,6,32
120900062,188,11,177
120900063,0,0,0
120900064,414,0,414
120900065,384,1,383
120900066,386,49,337
120900067,72,22,50
120900068,257,1,256
120900069,0,0,0
120900071,50,1,49
120900072,0,0,0
120900073,0,0,0
120900074,236,6,230
120900076,229,1,228
120900077,504,148,356
120900078,719,89,630
120900079,143,8,135
120900080,192,4,188
120900081,620,84,536
120900082,98,0,98
120900083,210,5,205
120900084,109,253,-144
120900085,0,0,0
120900086,5,314,-309
120900087,337,82,255
120900088,10,198,-188
120900089,329,1367,-1038
120900090,34,3,31
120900091,125,323,-198
120900092,11,23,-12
120900093,0,0,0
120900094,50,15,35
120900095,0,0,0
120900096,2,3,-1
120900097,69,26,43
120900098,0,0,0
120900099,0,2,-2
120900100,0,0,0
120900101,0,0,0
120900102,0,0,0
120900103,93,63,30
120900104,7,2,5
120900105,0,0,0
120900106,105,25,80
120900107,36,16,20
120900108,0,0,0
120900109,15,36,-21
120900110,0,0,0
120900111,12,9,3
120900112,0,0,0
120900113,1,34,-33
120900114,3,9,-6
120900115,95,100,-5
120900116,111,9,102
120900117,0,0,0
120900118,8,39,-31
120900119,785,296,489
120900120,28,26,2
120900121,1,12,-11
120900122,99,13,86
120900123,0,0,0
120900124,0,26,-26
120900125,0,66,-66
120900126,46,9,37
120900127,0,0,0
120900128,23,21,2
120900129,55,33,22
120900130,26,82,-56
120900131,0,0,0
120900132,922,23,899
120900133,8,30,-22
120900134,21,6,15
120900135,21,36,-15
120900136,0,0,0
120900137,197,10,187
120900138,0,5,-5
120900139,0,22,-22
120900140,0,0,0
120900141,102,34,68
120900142,0,23,-23
120900143,0,30,-30
120900144,0,23,-23
120900145,17,25,-8
120900146,0,19,-19
120900147,0,1,-1
120900148,9,21,-12
120900149,0,54,-54
120900150,0,8,-8
120900151,0,19,-19
120900152,0,0,0
120900153,0,0,0
120900154,0,14,-14
120900155,2,5,-3
120900156,53,19,34
120900157,0,0,0
120900158,0,3,-3
120900159,0,0,0
120900160,0,9,-9
120900161,0,0,0
120900162,0,0,0
120900163,0,0,0
120900164,0,0,0
120900165,0,0,0
120900166,0,0,0
120900167,0,0,0
120900169,0,0,0
120900170,59,1335,-1276
120900171,91,4,87
120900172,0,0,0
120900173,0,2,-2
120900174,0,0,0
120900175,37,6,31
120900176,2,303,-301
120900177,3,860,-857
120900178,0,204,-204
120900179,31,37,-6
120900180,1,0,1
120900181,0,0,0
120900182,0,0,0
120900183,0,0,0
120900184,0,0,0
120900185,0,0,0
120900186,0,26,-26
120900187,238,138,100
120900188,9,0,9
120900189,0,0,0
120900190,74,7,67
120900191,5,3,2
120900192,730,2723,-1993
120900194,13,1,12
120900195,12,34,-22
120900196,0,0,0
120900197,499,64,435
120900198,1,42,-41
120900199,65,177,-112
120900200,2,0,2
120900201,65,14,51
120900202,0,13,-13
120900203,2,20,-18
120900204,21,24,-3
120900205,5,0,5
120900206,0,2,-2
121000001,133,495,-362
121000002,571,1153,-582
121000003,416,1239,-823
121000004,449,1572,-1123
121000005,1468,3027,-1559
121000006,1020,1676,-656
121000007,343,1676,-1333
121000008,776,1893,-1117
121000009,1000,3304,-2304
121000010,1144,1593,-449
121000011,1983,4067,-2084
121000012,3157,1782,1375
121000013,2152,3876,-1724
121000014,2594,1637,957
121000015,2991,5137,-2146
121000016,936,805,131
121000017,718,2213,-1495
121000018,962,1381,-419
121000019,2371,3469,-1098
121000020,4328,7918,-3590
121000021,415,550,-135
121000022,484,2744,-2260
121000023,889,411,478
121000024,1952,2363,-411
121000025,109,286,-177
121000026,90,165,-75
121000027,182,762,-580
121000028,127,175,-48
121000029,114,226,-112
121000030,1,0,1
121000031,87,240,-153
121000032,0,0,0
121000034,38,68,-30
121000035,0,9,-9
121000036,200,285,-85
121000037,138,470,-332
121000038,572,610,-38
121000039,135,46,89
121000041,86,133,-47
121000042,17,349,-332
121000043,434,455,-21
121000044,50,348,-298
121000045,101,195,-94
121000046,0,0,0
121000047,5,16,-11
121000049,604,343,261
121000050,137,1773,-1636
121000051,200,153,47
121000052,104,1069,-965
121000053,33,117,-84
121000054,1,30,-29
121000055,331,766,-435
121000056,812,771,41
121000057,0,11,-11
121000058,18,76,-58
121000059,254,1007,-753
121000060,554,690,-136
121000061,2,558,-556
121000062,443,275,168
121000063,185,878,-693
121000064,202,727,-525
121000065,112,192,-80
121000066,34,61,-27
121000067,73,59,14
121000068,173,653,-480
121000069,13,845,-832
121000070,278,202,76
121000071,480,1093,-613
121000072,201,139,62
121000073,104,535,-431
121000074,4,49,-45
121000075,0,39,-39
121000076,26,95,-69
121000077,33,84,-51
121000078,1,31,-30
121000080,262,167,95
121000081,499,1586,-1087
121000082,0,36,-36
121000083,36,133,-97
121000084,1,0,1
121000085,10,19,-9
121000086,74,325,-251
121000087,12,259,-247
121000088,197,177,20
121000089,13,398,-385
121000090,83,154,-71
121000091,391,830,-439
121000092,22,43,-21
121000093,42,46,-4
121000094,57,118,-61
121000095,39,191,-152
121000096,596,310,286
121000097,212,624,-412
121000098,145,109,36
121000099,188,141,47
121000100,347,187,160
121000101,88,80,8
121000102,7,5,2
121000103,83,61,22
121000104,7,6,1
121000105,1,3,-2
121000106,69,130,-61
121000107,1004,1874,-870
121000109,707,1055,-348
121000110,29,659,-630
121000114,953,1486,-533
121000115,191,98,93
121000116,104,134,-30
121000117,260,34,226
121000118,205,22,183
121000119,23,73,-50
121000120,57,309,-252
121000121,46,75,-29
121000123,71,43,28
121000126,27,186,-159
121000127,19,65,-46
121000128,288,73,215
121000129,178,100,78
121000130,83,216,-133
121000131,87,272,-185
121000132,98,361,-263
121000135,270,808,-538
121000136,423,531,-108
121000137,40,111,-71
121000138,80,1412,-1332
121000139,0,0,0
121000141,92,25,67
121000142,9,90,-81
121000143,10,24,-14
121000144,628,1051,-423
121000145,164,204,-40
121000146,276,57,219
121000147,193,57,136
121000148,159,185,-26
121000149,591,642,-51
121000152,114,84,30
121000153,236,159,77
121000154,229,140,89
121000155,440,527,-87
121000156,195,250,-55
121000157,357,278,79
121000158,342,289,53
121000159,223,136,87
121000160,371,99,272
121000161,148,224,-76
121000162,110,71,39
121000165,615,2467,-1852
121000166,39,351,-312
121000168,61,137,-76
121000169,2,45,-43
121000170,58,15,43
121000171,56,48,8
121000172,249,364,-115
121000173,780,876,-96
121000174,332,691,-359
121000175,526,204,322
121000176,235,235,0
121000177,198,149,49
121000178,76,65,11
121000179,7,53,-46
121000181,165,74,91
121000182,324,380,-56
121000183,12,142,-130
121000184,18,416,-398
121000185,10,759,-749
121000186,172,1001,-829
121000187,167,130,37
121000188,102,72,30
121000192,221,96,125
121000193,79,74,5
121000194,717,1155,-438
121000195,270,574,-304
121000196,132,69,63
121000197,40,105,-65
121000198,21,129,-108
121000199,28,169,-141
121000200,283,143,140
121000201,4,174,-170
121000202,130,1,129
121000203,43,119,-76
121000204,800,37,763
121000205,113,181,-68
121000206,236,177,59
121000207,599,331,268
121000208,2,148,-146
121000209,381,28,353
121000210,480,114,366
121000211,45,14,31
121000212,151,109,42
121000213,455,486,-31
121000214,252,1270,-1018
121000215,518,149,369
121000216,147,671,-524
121000217,1548,1917,-369
121000218,78,419,-341
121000219,456,440,16
121000220,10,5,5
121000221,9,118,-109
121000222,690,926,-236
121000223,0,0,0
121000224,198,228,-30
121000225,74,932,-858
121000226,257,998,-741
121000227,4,147,-143
121000228,9,78,-69
121000229,7,13,-6
121000230,12,170,-158
121000231,883,8,875
121000232,54,42,12
121000233,208,89,119
121000234,9,36,-27
121000235,24,35,-11
121000236,2,29,-27
121000237,2,3,-1
121000238,2,20,-18
121000239,40,0,40
121000240,0,43,-43
121000241,40,0,40
121000242,0,53,-53
121000243,78,5,73
121000244,1,9,-8
121000245,50,1,49
121000246,1,38,-37
121000247,11,0,11
121000248,107,49,58
121000249,2,14,-12
121000250,114,352,-238
121000251,2,35,-33
121000252,71,53,18
121000253,127,103,24
121000254,309,90,219
121000255,12,63,-51
121000256,65,135,-70
121000257,6,44,-38
121000258,47,144,-97
121000259,14,10,4
121000260,2,33,-31
121000261,7,115,-108
121000262,135,92,43
121000263,334,88,246
121000271,76,1187,-1111
121000273,3,1,2
121000274,1,75,-74
121000275,0,4,-4
121000276,0,42,-42
121000278,17,3,14
121000279,4,12,-8
121000280,3,36,-33
121000289,89,10,79
121000290,116,588,-472
121000294,107,16,91
121000297,230,545,-315
121000299,68,235,-167
121000300,280,161,119
121000302,5,358,-353
121000303,81,37,44
121000304,456,121,335
121000305,31,100,-69
121000306,122,149,-27
121000308,0,0,0
121000309,0,1,-1
121000310,0,1,-1
121000311,0,5,-5
121000312,137,130,7
121000313,8,9,-1
121000314,0,1,-1
121000315,2,19,-17
121000530,685,464,221
121000531,854,560,294
121000532,2037,2008,29
121000533,3109,1804,1305
121000918,0,0,0
121000919,28,134,-106
121000938,6,0,6
121000939,36,65,-29
121000956,828,256,572
121000957,0,0,0
121000958,18,20,-2
121000959,307,69,238
121000960,341,198,143
121000961,284,1,283
121000962,52,108,-56
121000973,0,0,0
121000976,0,0,0
121000979,0,0,0
121000981,99,16,83
121000982,465,57,408
121000983,86,19,67
121000984,0,23,-23
121000985,263,107,156
121000986,147,58,89
121000987,20,92,-72
121000988,377,40,337
121001302,21,18,3
121001308,4,9,-5
121001309,13,167,-154
121001313,0,0,0
121001314,732,604,128
121001315,1966,153,1813
121900001,67,463,-396
121900002,2,0,2
121900003,0,0,0
121900004,0,0,0
121900005,1,0,1
121900006,0,0,0
121900007,268,24,244
121900008,16,0,16
121900009,0,0,0
121900010,0,0,0
121900011,8,0,8
121900012,2,0,2
121900013,4,0,4
121900014,0,0,0
121900015,107,2,105
121900016,0,0,0
121900017,0,0,0
121900018,0,0,0
121900019,0,0,0
121900020,4,0,4
121900021,219,0,219
121900022,0,0,0
121900023,0,0,0
121900024,0,0,0
121900025,0,0,0
121900026,2,0,2
121900027,0,0,0
121900028,0,0,0
121900029,0,0,0
121900030,0,0,0
121900031,6,61,-55
121900032,0,0,0
121900033,0,0,0
121900034,0,0,0
121900035,0,0,0
121900036,0,0,0
121900037,0,0,0
121900038,0,0,0
121900039,0,0,0
121900040,0,0,0
121900041,0,0,0
121900042,0,0,0
121900043,0,0,0
121900044,0,0,0
121900046,0,0,0
121900047,0,0,0
121900048,0,0,0
121900050,0,0,0
121900051,0,0,0
121900052,0,0,0
121900053,5,25,-20
121900054,0,0,0
121900055,0,0,0
121900058,0,0,0
121900059,0,0,0
121900060,0,0,0
121900061,0,0,0
121900062,0,0,0
121900063,13,7,6
121900064,0,0,0
121900066,0,0,0
121900067,0,0,0
121900069,0,0,0
121900070,5,6,-1
121900071,0,0,0
121900072,0,0,0
121900073,0,0,0
121900074,14,1,13
121900075,0,9,-9
121900076,0,0,0
121900077,0,0,0
121900078,0,0,0
121900079,0,0,0
121900080,0,0,0
121900082,0,0,0
121900084,0,0,0
121900085,0,0,0
121900086,0,0,0
121900087,0,0,0
121900088,0,0,0
121900089,0,0,0
121900090,0,0,0
121900091,0,0,0
121900092,0,0,0
121900093,0,0,0
121900094,0,0,0
121900095,0,0,0
121900096,0,0,0
121900097,0,0,0
121900098,0,0,0
121900099,0,0,0
121900100,0,0,0
121900101,0,0,0
121900102,0,0,0
121900103,0,0,0
121900104,82,74,8
121900105,0,0,0
121900106,0,0,0
121900107,0,0,0
121900108,0,0,0
121900109,0,0,0
121900110,0,0,0
121900111,0,0,0
121900112,0,0,0
121900113,0,0,0
121900114,0,0,0
121900117,0,0,0
121900118,0,0,0
121900119,0,0,0
121900120,0,0,0
121900121,0,0,0
121900122,0,0,0
121900123,0,0,0
121900124,0,0,0
121900125,61,4,57
121900127,0,0,0
121900128,0,0,0
121900129,0,0,0
121900130,0,0,0
121900131,0,0,0
121900132,0,0,0
121900133,0,0,0
121900134,0,0,0
121900135,155,29,126
121900136,4,0,4
121900137,0,0,0
121900138,0,0,0
121900139,0,0,0
121900140,0,0,0
121900141,12,0,12
121900142,0,0,0
121900143,0,0,0
121900144,0,0,0
121900145,0,0,0
121900146,0,0,0
121900147,0,0,0
121900148,0,0,0
121900149,0,0,0
121900150,0,0,0
121900151,0,0,0
121900152,0,0,0
121900153,0,0,0
121900154,0,0,0
121900155,0,0,0
121900156,0,0,0
121900157,0,0,0
121900158,0,0,0
121900159,0,0,0
121900160,0,0,0
121900161,0,0,0
121900162,0,0,0
121900163,0,0,0
121900164,0,0,0
121900165,0,0,0
121900166,0,0,0
121900167,0,0,0
121900168,0,0,0
121900169,0,0,0
121900170,0,0,0
121900171,0,0,0
121900172,0,0,0
121900173,0,0,0
121900174,0,0,0
121900175,0,0,0
121900176,0,0,0
121900177,0,0,0
121900178,0,0,0
121900179,0,0,0
121900180,227,999,-772
121900182,0,0,0
121900183,0,0,0
121900184,0,0,0
121900186,0,0,0
121900187,0,0,0
121900188,0,0,0
121900189,0,0,0
121900190,7,0,7
121900191,1,0,1
121900192,0,0,0
121900193,0,0,0
121900194,0,0,0
121900195,0,0,0
121900196,0,0,0
121900197,0,0,0
121900198,532,1,531
121900199,0,0,0
121900200,0,0,0
121900201,0,0,0
121900202,0,0,0
121900203,0,0,0
121900204,0,0,0
121900205,0,0,0
121900206,0,0,0
121900207,0,0,0
121900208,0,0,0
121900209,0,0,0
121900210,0,0,0
121900211,0,0,0
121900212,0,0,0
121900213,0,0,0
121900214,0,0,0
121900215,0,0,0
121900216,0,0,0
121900217,21,6,15
121900218,0,0,0
121900220,0,0,0
121900221,0,0,0
121900222,0,0,0
121900223,0,0,0
121900224,0,0,0
121900225,0,0,0
121900226,2,1,1
121900227,0,0,0
121900228,0,0,0
121900230,0,9,-9
121900231,0,0,0
121900232,0,0,0
121900233,0,0,0
121900234,0,0,0
121900235,0,0,0
121900236,0,0,0
121900237,0,0,0
121900238,0,0,0
121900239,0,0,0
121900240,0,0,0
121900241,0,0,0
121900242,0,0,0
121900243,0,0,0
121900244,0,0,0
121900245,0,0,0
121900246,72,30,42
121900247,0,0,0
121900248,0,0,0
121900250,0,0,0
121900251,0,0,0
121900252,0,0,0
121900253,0,0,0
121900254,0,0,0
121900255,0,0,0
121900258,676,441,235
121900259,0,0,0
121900260,0,0,0
121900261,0,0,0
121900262,0,0,0
121900263,0,0,0
121900264,0,0,0
121900265,0,0,0
121900266,0,0,0
121900267,1,0,1
121900269,0,0,0
121900270,0,0,0
121900271,0,0,0
121900273,41,15,26
121900274,83,0,83
121900277,0,0,0
121900278,0,0,0
121900279,0,0,0
121900280,0,0,0
121900281,0,0,0
121900284,0,0,0
121900286,65,4,61
121900287,4,7,-3
121900288,0,0,0
121900290,0,0,0
121900291,0,0,0
121900292,0,3,-3
121900293,0,0,0
121900294,0,0,0
121900295,0,0,0
121900296,0,0,0
121900298,0,11,-11
121900299,0,0,0
121900300,3,0,3
121900301,7,1,6
121900302,0,0,0
121900303,0,0,0
121900304,0,0,0
121900305,0,0,0
121900306,1,0,1
121900307,16,0,16
121900308,0,0,0
121900309,0,0,0
121900310,0,0,0
121900311,128,0,128
121900312,72,0,72
121900313,54,0,54
121900314,0,0,0
121900315,0,0,0
121900316,0,0,0
121900317,0,0,0
121900318,0,0,0
121900319,0,0,0
121900320,0,0,0
121900321,0,0,0
121900322,0,0,0
121900323,0,0,0
121900324,0,0,0
121900325,0,0,0
121900326,0,0,0
121900327,0,0,0
121900328,0,0,0
121900329,0,0,0
121900330,0,0,0
121900331,0,0,0
121900332,0,0,0
121900333,0,0,0
122000001,461,960,-499
122000002,596,305,291
122000003,414,850,-436
122000004,445,460,-15
122000005,1304,2741,-1437
122000006,273,814,-541
122000007,275,938,-663
122000008,735,1300,-565
122000009,149,175,-26
122000010,1791,1416,375
122000011,423,521,-98
122000012,217,568,-351
122000013,247,925,-678
122000014,637,909,-272
122000015,409,702,-293
122000016,107,451,-344
122000017,434,918,-484
122000018,438,1057,-619
122000019,219,767,-548
122000020,64,93,-29
122000021,40,175,-135
122000022,152,149,3
122000023,82,171,-89
122000024,404,515,-111
122000025,273,570,-297
122000026,476,380,96
122000027,89,385,-296
122000028,171,363,-192
122000029,122,157,-35
122000030,98,5,93
122000031,27,771,-744
122000032,279,379,-100
122000033,133,246,-113
122000034,10,113,-103
122000035,1,46,-45
122000036,116,150,-34
122000037,44,90,-46
122000038,86,202,-116
122000039,114,32,82
122000040,39,12,27
122000041,485,1259,-774
122000042,283,689,-406
122000043,53,172,-119
122000044,53,203,-150
122000045,348,132,216
122000046,421,265,156
122000047,6,5,1
122000048,1209,2474,-1265
122000049,2152,1427,725
122000050,254,412,-158
122000051,138,780,-642
122000052,138,579,-441
122000053,213,1762,-1549
122000054,568,965,-397
122000055,2501,2805,-304
122000056,1033,1342,-309
122000057,1106,1333,-227
122000058,462,631,-169
122000059,505,1056,-551
122000060,57,107,-50
122000061,23,77,-54
122000062,332,58,274
122000063,104,469,-365
122000064,1670,2455,-785
122000065,1144,1261,-117
122000066,243,233,10
122000067,779,2330,-1551
122000068,276,1935,-1659
122000069,114,280,-166
122000070,827,547,280
122000071,222,444,-222
122000072,9,117,-108
122000073,27,154,-127
122000074,525,786,-261
122000075,139,658,-519
122000076,294,337,-43
122000077,69,358,-289
122000078,486,460,26
122000079,151,509,-358
122000080,86,231,-145
122000081,9,167,-158
122000082,149,284,-135
122000083,186,337,-151
122000084,85,148,-63
122000085,44,192,-148
122000086,1026,3132,-2106
122000087,427,335,92
122000088,75,39,36
122000089,954,932,22
122000090,55,187,-132
122000091,42,48,-6
122000092,4,5,-1
122000093,1027,2763,-1736
122000094,1788,1756,32
122000095,524,1774,-1250
122000096,105,1079,-974
122000098,1571,3575,-2004
122000099,175,498,-323
122000100,192,99,93
122000101,75,109,-34
122000102,69,244,-175
122000103,115,186,-71
122000104,11,144,-133
122000105,60,125,-65
122000106,100,155,-55
122000107,306,358,-52
122000108,62,23,39
122000109,87,219,-132
122000110,60,86,-26
122000111,412,186,226
122000112,225,228,-3
122000113,151,143,8
122000114,525,2399,-1874
122000115,642,1623,-981
122000116,70,261,-191
122000117,38,34,4
122000118,218,53,165
122000119,158,138,20
122000120,85,152,-67
122000121,347,526,-179
122000122,90,396,-306
122000123,309,416,-107
122000124,122,364,-242
122000125,66,190,-124
122000126,26,239,-213
122000127,74,239,-165
122000128,132,91,41
122000129,103,223,-120
122000130,595,509,86
122000131,73,134,-61
122000132,3,7,-4
122000133,99,119,-20
122000134,210,249,-39
122000135,145,151,-6
122000136,87,200,-113
122000137,242,280,-38
122000139,193,629,-436
122000140,83,306,-223
122000141,375,400,-25
122000142,45,450,-405
122000143,45,75,-30
122000144,313,104,209
122000145,103,56,47
122000146,121,326,-205
122000147,146,183,-37
122000148,140,154,-14
122000149,288,71,217
122000150,367,184,183
122000151,0,0,0
122000152,0,0,0
122000153,86,146,-60
122000154,49,117,-68
122000155,446,268,178
122000156,1299,1567,-268
122000157,377,859,-482
122000158,85,57,28
122000159,212,261,-49
122000160,416,282,134
122000161,165,213,-48
122000162,225,252,-27
122000163,22,5,17
122000164,3,9,-6
122000165,100,698,-598
122000166,206,264,-58
122000167,1,7,-6
122000168,36,731,-695
122000169,45,44,1
122000170,55,268,-213
122000171,0,0,0
122000172,239,792,-553
122000173,270,966,-696
122000174,559,1263,-704
122000175,129,34,95
122000176,181,808,-627
122000177,688,1827,-1139
122000178,589,584,5
122000179,298,1493,-1195
122000180,488,1399,-911
122000181,449,1906,-1457
122000182,264,264,0
122000183,170,47,123
122000184,1078,1164,-86
122000185,271,746,-475
122000186,141,477,-336
122000187,504,295,209
122000188,0,0,0
122000189,56,92,-36
122000190,264,451,-187
122000191,78,227,-149
122000192,158,28,130
122000193,122,278,-156
122000194,77,30,47
122000195,35,396,-361
122000196,65,98,-33
122000197,57,72,-15
122000198,95,413,-318
122000199,66,112,-46
122000200,236,177,59
122000201,628,901,-273
122000202,245,602,-357
122000203,302,244,58
122000204,416,588,-172
122000205,176,283,-107
122000206,397,723,-326
122000207,472,773,-301
122000208,677,487,190
122000209,567,96,471
122000210,229,412,-183
122000211,105,296,-191
122000212,154,147,7
122000213,159,330,-171
122000214,597,938,-341
122000215,1414,748,666
122000217,343,451,-108
122000218,186,96,90
122000219,208,183,25
122000220,53,348,-295
122000221,83,422,-339
122000222,50,47,3
122000223,91,212,-121
122000225,156,110,46
122000226,50,246,-196
122000227,47,140,-93
122000228,25,64,-39
122000229,4,188,-184
122000230,10,107,-97
122000231,11,80,-69
122000232,45,132,-87
122000233,0,17,-17
122000234,134,103,31
122000235,157,33,124
122000236,461,24,437
122000237,5,1,4
122000238,38,122,-84
122000239,160,20,140
122000240,239,64,175
122000241,287,138,149
122000242,76,15,61
122000243,12,1,11
122000244,1,76,-75
122000245,0,4,-4
122000246,24,99,-75
122000247,104,64,40
122000248,138,108,30
122000249,202,249,-47
122000250,240,269,-29
122000251,0,0,0
122000252,75,7,68
122000253,0,0,0
122000254,71,14,57
122000255,99,236,-137
122000256,2,38,-36
122000257,3,7,-4
122000258,70,151,-81
122000259,8,289,-281
122000260,5,121,-116
122000261,7,60,-53
122000262,0,4,-4
122000263,78,1,77
122000264,543,70,473
122000265,485,134,351
122000266,756,90,666
122000267,0,22,-22
122000268,28,11,17
122000269,64,49,15
122000270,21,12,9
122000271,0,0,0
122000272,0,0,0
122000273,28,1,27
122000274,3,12,-9
122000275,0,7,-7
122000276,176,203,-27
122000277,263,577,-314
122000278,383,80,303
122000279,87,23,64
122000280,150,36,114
122000281,74,103,-29
122000282,7,368,-361
122000283,10,44,-34
122000284,23,11,12
122000285,0,0,0
122000286,0,0,0
122000287,930,401,529
122000288,58,35,23
122000291,1031,353,678
122000293,25,67,-42
122000294,23,196,-173
122000295,409,75,334
122000296,39,293,-254
122000297,705,2210,-1505
122000299,247,165,82
122000300,36,71,-35
122000301,445,1292,-847
122000302,210,1083,-873
122000303,425,58,367
122000304,2,54,-52
122000305,717,163,554
122000306,30,167,-137
122000307,42,18,24
122000309,0,1,-1
122000310,1,18,-17
122000311,9,41,-32
122000312,32,112,-80
122000313,37,137,-100
122000314,49,286,-237
122000315,63,7,56
122000316,322,101,221
122000317,548,100,448
122000318,236,623,-387
122000319,19,88,-69
122000320,12,60,-48
122000321,50,66,-16
122000322,461,363,98
122000323,185,322,-137
122000324,372,787,-415
122000325,148,421,-273
122000326,19,0,19
122000327,30,208,-178
122000328,72,191,-119
122000330,292,729,-437
122000332,13,385,-372
122000333,10,8,2
122000337,106,124,-18
122000338,113,52,61
122000340,29,98,-69
122000342,222,339,-117
122000343,92,119,-27
122000344,68,0,68
122000345,55,100,-45
122000346,30,4,26
122000348,190,327,-137
122000349,0,79,-79
122000351,70,28,42
122000352,17,17,0
122000353,8,0,8
122000355,58,483,-425
122000356,42,155,-113
122000357,14,24,-10
122000358,0,0,0
122000359,0,0,0
122000360,0,0,0
122000362,0,6,-6
122000364,43,36,7
122000365,0,14,-14
122000366,4,0,4
122000368,32,64,-32
122000370,1,0,1
122000371,0,0,0
122000372,0,0,0
122000381,22,60,-38
122000382,4,40,-36
122000384,271,478,-207
122000385,24,0,24
122000386,48,537,-489
122000387,126,82,44
122000388,125,399,-274
122000389,63,44,19
122000390,51,203,-152
122000391,1,67,-66
122000392,4,13,-9
122000393,1,31,-30
122000394,63,7,56
122000395,18,1,17
122000396,69,5,64
122000397,0,0,0
122000398,4,89,-85
122000399,7,4,3
122000400,18,137,-119
122000401,16,3,13
122000402,88,57,31
122000403,76,22,54
122000404,173,36,137
122000408,148,300,-152
122000503,2,9,-7
122000524,0,0,0
122000544,17,28,-11
122000616,0,0,0
122000640,30,47,-17
122000641,31,67,-36
122000642,240,99,141
122000643,14,125,-111
122000644,0,0,0
122000645,3,20,-17
122000651,199,637,-438
122000664,44,21,23
122000665,111,249,-138
122000666,125,210,-85
122000673,7,67,-60
122000674,140,74,66
122000675,1005,368,637
122000686,195,110,85
122000687,464,62,402
122000688,210,106,104
122000689,434,32,402
122000690,1259,46,1213
122000691,592,152,440
122000692,228,24,204
122000693,138,162,-24
122000695,33,25,8
122000696,276,49,227
122000698,30,12,18
122000699,67,45,22
122000701,356,80,276
122000702,130,191,-61
122000703,14,41,-27
122000717,0,76,-76
122000718,17,601,-584
122000719,20,42,-22
122000720,253,17,236
122000724,18,3,15
122900001,0,0,0
122900002,70,565,-495
122900003,39,0,39
122900004,0,0,0
122900005,0,0,0
122900006,0,0,0
122900007,0,0,0
122900008,0,0,0
122900009,1,0,1
122900010,19,5,14
122900012,20,7,13
122900014,0,0,0
122900015,42,34,8
122900016,0,0,0
122900017,0,0,0
122900018,0,0,0
122900019,0,0,0
122900020,0,0,0
122900021,0,0,0
122900022,0,0,0
122900023,0,0,0
122900024,0,0,0
122900025,0,0,0
122900026,0,0,0
122900027,0,87,-87
122900028,0,0,0
122900029,0,0,0
122900030,0,0,0
122900031,14,35,-21
122900032,0,0,0
122900033,22,35,-13
122900034,55,73,-18
122900035,28,6,22
122900036,0,0,0
122900037,0,0,0
122900038,20,137,-117
122900039,1,35,-34
122900040,4,16,-12
122900041,4,73,-69
122900042,6,22,-16
122900043,23,37,-14
122900044,0,21,-21
122900045,14,40,-26
122900046,3,32,-29
122900047,1,4,-3
122900048,0,1,-1
122900049,0,0,0
122900051,0,0,0
122900052,37,0,37
122900053,0,8,-8
122900055,3,0,3
122900057,8,1,7
122900061,0,0,0
122900062,0,0,0
122900063,0,0,0
122900064,0,0,0
122900065,0,0,0
122900066,0,0,0
122900067,5,0,5
122900068,0,0,0
122900069,0,0,0
122900070,107,0,107
122900071,0,0,0
122900072,13,0,13
122900073,0,0,0
122900074,351,2,349
122900075,0,0,0
122900076,0,0,0
122900077,0,0,0
122900078,192,2,190
122900080,0,0,0
122900081,43,0,43
122900082,426,0,426
122900083,0,0,0
122900084,0,0,0
122900086,0,0,0
122900087,53,2,51
122900088,0,1,-1
122900089,1,0,1
122900090,0,0,0
122900091,0,0,0
122900092,0,0,0
122900093,0,0,0
122900094,0,0,0
122900095,0,0,0
122900096,59,0,59
122900097,0,0,0
122900098,0,0,0
122900099,0,0,0
122900100,0,0,0
122900101,0,1,-1
122900102,0,0,0
122900103,0,0,0
122900104,0,0,0
122900105,0,0,0
122900106,0,0,0
122900107,0,0,0
122900108,0,0,0
123000001,665,147,518
123000002,668,2499,-1831
123000003,1300,1263,37
123000004,1196,1423,-227
123000005,1502,1123,379
123000006,1040,1474,-434
123000007,1349,908,441
123000008,327,446,-119
123000009,1937,2057,-120
123000010,518,452,66
123000011,856,993,-137
123000012,16,66,-50
123000013,1209,359,850
123000014,10,179,-169
123000015,1246,480,766
123000016,62,312,-250
123000017,3932,2107,1825
123000018,130,58,72
123000019,256,6,250
123000020,136,7,129
123000021,145,46,99
123000022,753,225,528
123000023,1553,1230,323
123000024,600,366,234
123000025,2,86,-84
123000026,0,99,-99
123000027,1,169,-168
123000028,86,1927,-1841
123000029,23,381,-358
123000030,21,60,-39
123000031,346,82,264
123000032,399,131,268
123000033,101,55,46
123000034,527,391,136
123000035,106,286,-180
123000036,73,662,-589
123000037,38,29,9
123000038,42,118,-76
123000039,433,1120,-687
123000040,50,16,34
123000041,199,707,-508
123000042,41,87,-46
123000043,892,4057,-3165
123000044,831,509,322
123000045,382,311,71
123000046,168,458,-290
123000047,212,67,145
123000048,26,811,-785
123000049,3357,3264,93
123000050,502,454,48
123000051,10,51,-41
123000052,264,740,-476
123000053,1073,1146,-73
123000054,438,1416,-978
123000055,1683,2758,-1075
123000056,199,361,-162
123000057,687,1086,-399
123000058,67,307,-240
123000059,64,96,-32
123000060,320,154,166
123000061,27,154,-127
123000063,190,212,-22
123000064,286,49,237
123000065,522,657,-135
123000066,137,119,18
123000067,268,157,111
123000068,512,537,-25
123000069,1185,390,795
123000070,129,66,63
123000071,567,225,342
123000072,159,28,131
123000073,709,380,329
123000074,241,30,211
123000075,200,537,-337
123000076,77,153,-76
123000077,573,230,343
123000078,1020,492,528
123000079,1305,611,694
123000080,602,142,460
123000081,30,39,-9
123000082,110,124,-14
123000083,167,64,103
123000084,211,20,191
123000085,123,14,109
123000086,260,33,227
123000087,109,99,10
123000088,487,123,364
123000089,477,263,214
123000090,0,0,0
123000091,541,388,153
123000092,0,0,0
123000094,179,16,163
123000095,317,166,151
123000096,407,78,329
123000097,359,52,307
123000098,232,66,166
123000099,208,160,48
123000100,113,621,-508
123000101,99,90,9
123000102,418,932,-514
123000104,89,148,-59
123000105,22,9,13
123000106,151,118,33
123000107,8,2,6
123000108,295,53,242
123000111,282,64,218
123000112,242,82,160
123000113,248,53,195
123000114,111,266,-155
123000115,83,102,-19
123000116,15,4,11
123000117,604,461,143
123000118,235,161,74
123000119,68,110,-42
123000120,79,138,-59
123000121,211,174,37
123000122,0,0,0
123000123,384,171,213
123000124,0,0,0
123000125,528,555,-27
123000126,486,1802,-1316
123000127,114,213,-99
123000128,0,0,0
123000129,444,10,434
123000130,342,4,338
123000131,453,185,268
123000132,0,0,0
123000133,0,0,0
123000134,37,31,6
123000135,461,302,159
123000136,0,0,0
123000137,0,0,0
123000138,0,0,0
123000139,277,41,236
123000140,0,0,0
123000141,143,35,108
123000142,254,41,213
123000143,167,216,-49
123000144,2,2,0
123000145,38,383,-345
123000146,28,84,-56
123000147,22,42,-20
123000149,53,96,-43
123000150,43,28,15
123000151,27,241,-214
123000152,3,5,-2
123000153,16,365,-349
123000154,251,636,-385
123000155,319,551,-232
123000156,1,8,-7
123000157,89,154,-65
123000158,145,313,-168
123000159,642,1640,-998
123000160,191,386,-195
123000161,497,292,205
123000162,617,585,32
123000163,344,64,280
123000164,1089,49,1040
123000165,51,318,-267
123000166,0,1,-1
123000167,15,25,-10
123000168,57,18,39
123000169,418,31,387
123000170,17,0,17
123000171,341,0,341
123000172,35,26,9
123000173,150,69,81
123000174,242,80,162
123000175,15,64,-49
123000176,331,55,276
123000177,61,79,-18
123000178,266,75,191
123000179,6,56,-50
123000180,807,174,633
123000181,89,232,-143
123000182,102,64,38
123000183,123,166,-43
123000184,6,31,-25
123000185,503,219,284
123000186,0,0,0
123000187,460,2,458
123000188,219,0,219
123000189,221,105,116
123000190,52,40,12
123000192,1,42,-41
123000193,25,141,-116
123000194,62,82,-20
123000195,216,4,212
123000196,268,5,263
123000197,28,36,-8
123000198,1,120,-119
123000199,2,91,-89
123000200,511,6,505
123000201,794,3,791
123000202,3,66,-63
123000203,865,22,843
123000204,7,133,-126
123000205,34,196,-162
123000206,1894,99,1795
123000207,11,112,-101
123000208,323,50,273
123000209,1080,178,902
123000210,34,230,-196
123000211,81,293,-212
123000212,2477,156,2321
123000213,258,15,243
123000215,42,115,-73
123000216,73,407,-334
123000217,180,57,123
123000218,11,14,-3
123000219,206,53,153
123000220,307,56,251
123000221,37,31,6
123000222,215,105,110
123000223,377,81,296
123000224,187,84,103
123000225,149,20,129
123000226,74,19,55
123000227,58,4,54
123000228,125,29,96
123000229,219,98,121
123000232,12,33,-21
123000233,405,35,370
123000234,2,39,-37
123000235,310,67,243
123000236,11,87,-76
123000237,203,24,179
123000238,1,3,-2
123000239,101,150,-49
123000240,27,194,-167
123000241,106,45,61
123000242,29,58,-29
123000243,83,145,-62
123000244,91,85,6
123000245,0,0,0
123000249,0,0,0
123000252,457,94,363
123000253,445,224,221
123000254,137,170,-33
123000255,171,364,-193
123000256,0,2,-2
123000257,390,282,108
123000258,203,112,91
123000259,219,171,48
123000260,260,144,116
123000261,146,24,122
123000262,17,13,4
123000263,201,33,168
123000264,122,10,112
123000265,1,13,-12
123000266,127,161,-34
123000267,169,133,36
123000268,29,7,22
123000269,10,86,-76
123000270,46,32,14
123000271,7,11,-4
123000272,345,130,215
123000273,139,716,-577
123000274,549,245,304
123000275,54,127,-73
123000278,312,879,-567
123000279,43,38,5
123000280,112,71,41
123000281,142,60,82
123000282,38,175,-137
123000283,90,58,32
123000284,59,10,49
123000286,53,337,-284
123000287,75,127,-52
123000288,456,498,-42
123000289,120,404,-284
123000291,7,11,-4
123000294,49,334,-285
123000295,345,1118,-773
123000296,617,889,-272
123000297,188,77,111
123000298,137,73,64
123000299,28,206,-178
123000300,414,164,250
123000301,33,83,-50
123000302,128,57,71
123000303,52,574,-522
123000305,77,443,-366
123000306,31,16,15
123000309,5,15,-10
123000310,44,6,38
123000311,0,0,0
123000312,61,176,-115
123000313,267,116,151
123000315,286,64,222
123000316,437,7,430
123000317,88,64,24
123000318,1,33,-32
123000329,1,5,-4
123000337,185,256,-71
123000338,374,207,167
123000339,47,8,39
123000340,18,88,-70
123000342,1,9,-8
123000343,30,1,29
123000344,318,114,204
123000345,85,118,-33
123000346,435,34,401
123000352,91,133,-42
123000353,18,11,7
123000354,649,10,639
123000355,0,106,-106
123000356,158,1,157
123000357,0,7,-7
123000359,0,5,-5
123000360,152,238,-86
123000361,119,26,93
123000362,176,6,170
123000363,68,15,53
123000364,159,150,9
123000365,1,13,-12
123000366,62,506,-444
123000367,29,253,-224
123000370,1,2,-1
123000371,177,8,169
123000372,126,2,124
123000373,0,5,-5
123000374,0,0,0
123000375,294,28,266
123000376,419,396,23
123000377,244,13,231
123000378,5,15,-10
123000379,0,41,-41
123000380,0,0,0
123000381,16,31,-15
123000382,182,51,131
123000383,0,0,0
123000384,123,44,79
123000385,0,0,0
123000436,17,428,-411
123000507,43,116,-73
123000508,109,1114,-1005
123000517,49,7,42
123000518,15,113,-98
123000519,14,11,3
123000520,13,163,-150
123000521,156,40,116
123000522,79,130,-51
123000541,27,5,22
123000542,0,0,0
123000565,0,0,0
123000566,417,157,260
123000567,67,81,-14
123000573,0,0,0
123000574,344,24,320
123000575,670,10,660
123000576,230,21,209
123000577,3,37,-34
123000578,84,78,6
123000579,589,2236,-1647
123000580,21,16,5
123000582,179,3,176
123000583,15,10,5
123000584,117,80,37
123000585,0,0,0
123000586,63,0,63
123000596,39,30,9
123000597,163,144,19
123000602,47,16,31
123000603,617,67,550
123000604,158,26,132
123000605,255,72,183
123000606,0,0,0
123000609,2,60,-58
123000610,32,48,-16
123000613,0,0,0
123000614,253,1,252
123000615,0,0,0
123000616,189,9,180
123000617,0,0,0
123000618,0,0,0
123000619,59,3,56
123000620,0,0,0
123000622,170,8,162
123000624,69,2,67
123000630,1025,203,822
123000631,81,96,-15
123000632,211,47,164
123000633,0,122,-122
123000634,2,65,-63
123000635,0,0,0
123000636,15,116,-101
123000637,40,1,39
123000638,214,77,137
123000639,469,1389,-920
123000640,15,0,15
123900001,0,0,0
123900002,0,0,0
123900003,0,0,0
123900005,0,0,0
123900006,0,0,0
124000001,839,126,713
124000002,1,323,-322
124000003,592,83,509
124000004,1,90,-89
124000005,652,278,374
124000006,11,65,-54
124000007,42,37,5
124000008,12,52,-40
124000009,473,52,421
124000010,15,131,-116
124000011,404,154,250
124000012,13,111,-98
124000017,98,53,45
124000018,0,0,0
124000019,101,39,62
124000020,0,0,0
124000021,39,60,-21
124000022,0,0,0
124000023,420,1096,-676
124000024,399,104,295
124000025,552,794,-242
124000026,592,1156,-564
124000027,2545,1428,1117
124000028,113,3180,-3067
124000030,793,95,698
124000031,439,2647,-2208
124000032,1,37,-36
124000033,71,87,-16
124000034,68,102,-34
124000035,5,130,-125
124000036,0,54,-54
124000037,52,268,-216
124000038,0,1,-1
124000039,117,22,95
124000040,81,122,-41
124000041,269,22,247
124000042,5,33,-28
124000043,78,28,50
124000044,3,19,-16
124000045,434,66,368
124000046,0,0,0
124000047,693,121,572
124000048,0,0,0
124000049,949,101,848
124000050,0,0,0
124000051,706,77,629
124000052,0,0,0
124000053,314,734,-420
124000054,0,0,0
124000055,837,1054,-217
124000056,1,0,1
124000057,971,288,683
124000058,0,1,-1
124000059,619,682,-63
124000060,251,20,231
124000061,595,1775,-1180
124000062,177,33,144
124000063,361,102,259
124000064,354,112,242
124000065,0,0,0
124000066,95,96,-1
124000067,94,15,79
124000068,0,0,0
124000069,328,13,315
124000070,0,0,0
124000071,33,25,8
124000072,0,0,0
124000073,379,24,355
124000074,0,0,0
124000075,274,44,230
124000076,0,0,0
124000077,72,124,-52
124000078,501,434,67
124000079,7,103,-96
124000080,321,54,267
124000081,0,0,0
124000082,52,88,-36
124000083,0,0,0
124000084,1,180,-179
124000085,0,1,-1
124000086,25,209,-184
124000087,55,78,-23
124000088,55,135,-80
124000089,298,8,290
124000090,7,8,-1
124000091,277,27,250
124000092,37,58,-21
124000093,59,123,-64
124000094,30,213,-183
124000095,103,30,73
124000096,6,75,-69
124000097,148,21,127
124000098,48,31,17
124000099,46,10,36
124000100,1,15,-14
124000101,198,58,140
124000102,83,14,69
124000103,251,72,179
124000104,32,12,20
124000105,208,54,154
124000106,122,36,86
124000107,35,278,-243
124000108,24,6,18
124000109,102,12,90
124000110,66,10,56
124000111,119,37,82
124000112,253,165,88
124000113,84,54,30
124000114,147,116,31
124000115,227,372,-145
124000116,46,77,-31
124000117,37,20,17
124000118,3,31,-28
124000119,223,133,90
124000120,261,69,192
124000121,505,228,277
124000122,122,461,-339
124000123,346,163,183
124000124,213,210,3
124000125,316,120,196
124000126,109,118,-9
124000127,955,72,883
124000128,269,144,125
124000129,1074,602,472
124000130,130,38,92
124000131,411,294,117
124000132,219,77,142
124000133,734,362,372
124000134,218,229,-11
124000135,564,836,-272
124000136,75,161,-86
124000137,274,313,-39
124000138,88,141,-53
124000139,175,11,164
124000140,6,141,-135
124000141,5,8,-3
124000142,4,91,-87
124000143,11,4,7
124000144,0,7,-7
124000145,86,10,76
124000146,0,15,-15
124000148,18,27,-9
124000149,294,118,176
124000150,29,80,-51
124000151,305,224,81
124000152,69,65,4
124000153,343,715,-372
124000154,34,129,-95
124000155,393,171,222
124000156,114,79,35
124000169,43,173,-130
124000170,78,93,-15
124000171,97,161,-64
124000172,52,53,-1
124000173,157,60,97
124000174,186,88,98
124000175,0,0,0
124000176,22,57,-35
124000177,0,0,0
124000178,6,81,-75
124000190,9,21,-12
124000191,0,11,-11
124000192,363,218,145
124000193,25,257,-232
124000194,94,59,35
124000195,201,230,-29
124000196,123,102,21
124000197,41,7,34
124000198,116,23,93
124000201,4,0,4
124000202,334,21,313
124000203,78,0,78
124000204,676,16,660
124000205,59,1,58
124000206,857,129,728
124000207,0,0,0
124000209,135,12,123
124000210,649,149,500
124000211,644,4,640
124000212,0,0,0
124000213,80,0,80
124000214,267,11,256
124000215,333,4,329
124000216,0,0,0
124000329,2,80,-78
124000338,5,161,-156
124000339,707,13,694
124000341,722,12,710
124000344,27,2,25
124000357,856,1182,-326
124000358,968,1123,-155
124000359,1065,314,751
124000360,470,285,185
124000361,961,720,241
124000362,434,458,-24
124000363,75,21,54
124000364,188,190,-2
124000365,22,127,-105
124000366,7,171,-164
124000367,8,25,-17
124000368,104,177,-73
124000369,55,54,1
124000370,2,125,-123
124000402,1,15,-14
124000403,147,8,139
124000404,4,16,-12
124000405,674,200,474
124000406,142,145,-3
124000407,1,5,-4
124000411,0,23,-23
124000412,154,2,152
124000413,4,30,-26
124000414,131,53,78
124000415,89,15,74
124000416,91,56,35
124000417,146,67,79
124000418,153,60,93
124000419,133,7,126
124000420,116,11,105
124000421,93,8,85
124000422,8,13,-5
124000423,47,6,41
124000424,0,29,-29
124000425,32,7,25
124000426,0,56,-56
124000427,18,1,17
124000428,0,20,-20
124000429,78,19,59
124000430,152,128,24
124000431,46,87,-41
124000432,173,370,-197
124000439,5,3,2
124000442,0,0,0
124000443,0,0,0
124000445,4,261,-257
124000446,2,4,-2
124900001,0,0,0
124900002,0,0,0
124900003,0,0,0
124900004,0,0,0
124900005,0,0,0
124900006,0,0,0
124900008,0,0,0
124900009,0,0,0
124900010,0,0,0
124900011,0,0,0
124900012,0,0,0
124900013,0,0,0
124900014,0,0,0
124900015,12,23,-11
124900016,54,13,41
124900017,20,77,-57
124900018,3,0,3
124900020,59,0,59
124900021,59,8,51
124900022,1,0,1
124900024,81,0,81
124900026,16,0,16
124900027,0,0,0
124900028,0,0,0
124900029,0,0,0
124900030,0,0,0
124900031,0,0,0
124900032,0,0,0
124900033,0,0,0
124900034,0,0,0
124900035,0,0,0
124900036,0,0,0
124900037,0,0,0
124900038,0,0,0
124900039,0,0,0
124900040,0,0,0
124900041,0,0,0
124900042,0,0,0
124900043,0,0,0
124900044,0,0,0
124900045,0,0,0
124900046,0,0,0
124900047,0,0,0
124900048,0,0,0
124900050,0,0,0
124900052,0,0,0
124900053,0,0,0
124900054,0,0,0
124900055,0,0,0
124900057,0,0,0
124900060,0,0,0
124900061,12,0,12
124900062,14,0,14
124900066,0,0,0
124900067,0,0,0
124900068,0,0,0
124900070,0,0,0
124900072,2,4,-2
124900074,0,0,0
124900075,0,0,0
124900076,0,0,0
124900077,0,0,0
124900078,0,0,0
124900079,0,0,0
124900080,0,0,0
124900081,0,0,0
124900082,0,0,0
124900083,0,0,0
124900084,0,0,0
124900085,0,0,0
124900086,0,0,0
124900087,0,0,0
124900088,0,0,0
124900089,0,0,0
124900090,38,7,31
124900091,0,0,0
124900092,0,0,0
124900093,34,15,19
124900094,69,6,63
124900095,12,31,-19
124900096,51,1,50
124900097,58,16,42
124900098,0,0,0
124900099,0,0,0
124900100,30,7,23
124900101,14,0,14
124900102,79,0,79
124900103,0,0,0
124900104,0,0,0
124900105,0,0,0
124900106,28,23,5
124900107,21,14,7
124900108,0,0,0
124900109,0,0,0
124900110,0,0,0
124900111,0,0,0
124900112,0,0,0
124900113,0,0,0
124900114,0,0,0
124900115,0,0,0
124900116,68,27,41
124900117,0,0,0
124900118,13,92,-79
124900119,0,0,0
124900120,0,0,0
124900121,0,0,0
124900122,0,0,0
124900123,0,0,0
124900124,0,0,0
129000186,20,66,-46
204000001,24,1,23
204000002,2,1,1
204000003,8,2,6
204000004,16,15,1
204000005,451,703,-252
204000006,1023,1818,-795
204000011,0,0,0
204000012,0,0,0
204000013,0,0,0
204000019,1243,320,923
204000020,341,299,42
204000021,445,380,65
204000022,996,418,578
204000023,0,0,0
204000031,20,3,17
204000032,54,25,29
204000034,0,0,0
204000035,0,0,0
204000036,0,0,0
204000037,0,0,0
204000038,0,0,0
204000039,0,0,0
204000040,0,0,0
204000041,0,0,0
204000042,4,9,-5
204000043,8,11,-3
204000044,10,2,8
204000045,32,8,24
204000046,1,0,1
204000057,0,0,0
204000062,0,0,0
204000068,0,0,0
204000069,0,0,0
204000070,79,63,16
204000080,0,0,0
204000085,0,0,0
204000086,0,0,0
204000087,11,31,-20
204000088,0,0,0
204000090,0,0,0
204000093,502,9,493
204000096,902,342,560
204000097,188,2,186
204000099,1245,1500,-255
204000100,1155,702,453
204000105,0,0,0
204000110,0,0,0
204000111,0,0,0
204000112,0,0,0
204000113,0,0,0
204000114,368,575,-207
204000115,316,189,127
204000116,207,283,-76
204000119,1647,676,971
204000132,628,387,241
204000133,988,67,921
204000134,152,64,88
204000135,731,44,687
204000136,447,101,346
204000138,205,590,-385
204000140,166,228,-62
204000141,135,47,88
204000144,0,16,-16
204000145,122,10,112
204000146,0,0,0
204000147,0,0,0
204000148,106,5,101
204000154,8,8,0
204000155,0,0,0
204000177,111,29,82
204000179,2,2,0
204000180,0,0,0
204000222,0,0,0
204000235,0,0,0
204000236,13,7,6
204000238,11,0,11
204000240,90,2,88
204000263,0,0,0
204000268,657,235,422
204000308,52,1,51
204000317,0,0,0
204000322,0,0,0
204000323,2,2,0
204000328,282,19,263
204000329,0,0,0
204000330,59,2,57
204000331,0,0,0
204010341,15,55,-40
205000001,0,0,0
205000013,0,0,0
205000014,0,0,0
205000015,0,0,0
205000016,0,0,0
205000017,0,0,0
205000022,0,0,0
205000025,0,0,0
205000029,181,16,165
205000045,0,0,0
205000046,0,0,0
205000047,0,0,0
205000048,0,0,0
205000049,0,0,0
205000050,0,0,0
205000059,0,0,0
205000060,0,0,0
205000061,0,0,0
205000062,0,0,0
205000063,0,0,0
205000064,0,0,0
205000065,0,0,0
205000066,0,0,0
205000067,0,0,0
205000069,92,28,64
205000082,127,84,43
205000110,0,0,0
205000111,0,0,0
205000112,66,102,-36
205000113,0,0,0
205000121,101,49,52
205000123,0,0,0
205000126,879,107,772
205000127,1077,36,1041
205000128,368,35,333
205000129,527,60,467
205000130,357,31,326
205000131,31,22,9
205000132,36,1,35
205000133,9,2,7
205000134,167,0,167
205000137,0,0,0
205000138,0,0,0
205000139,0,0,0
205000144,24,48,-24
205000145,140,35,105
205000151,17,63,-46
205000152,66,29,37
205000153,118,33,85
205000154,71,33,38
205000155,87,8,79
205000207,0,0,0
205000233,10,0,10
205000234,0,0,0
205000243,0,0,0
205000244,0,0,0
205000245,0,0,0
205000249,0,0,0
205000250,4,3,1
205000264,0,0,0
206000027,3,21,-18
206000028,1,5,-4
206000043,3,32,-29
206000053,0,0,0
206000054,0,0,0
206000055,0,0,0
206000075,0,20,-20
206000076,12,1,11
206000077,44,3,41
206000078,2,4,-2
206000079,3,8,-5
206000082,105,76,29
206000100,9,226,-217
206000103,0,0,0
206000104,0,0,0
206000105,0,0,0
206000106,0,0,0
206000108,375,110,265
206000125,142,0,142
206000157,0,0,0
206000170,0,0,0
206000171,0,55,-55
206000172,2,27,-25
206000173,0,13,-13
206000174,6,3,3
206000175,0,15,-15
206000176,0,22,-22
206000177,0,7,-7
206000178,0,21,-21
206000179,0,26,-26
206000180,1,44,-43
206000181,2,27,-25
206000182,2,34,-32
206000183,26,60,-34
206000184,0,3,-3
206000185,0,3,-3
206000186,0,18,-18
206000223,0,4,-4
206000226,22,1,21
206000227,2,1,1
206000237,0,12,-12
206000238,0,17,-17
206000239,7,148,-141
206000240,0,0,0
206000241,0,103,-103
206000242,0,1,-1
206000243,0,0,0
206000244,0,1,-1
206000245,771,29,742
206000246,270,14,256
206000247,311,17,294
206000248,271,5,266
206000252,8,50,-42
206000258,0,0,0
206000315,14,8,6
206000317,395,141,254
206000318,260,41,219
206000319,920,28,892
206000320,299,9,290
206000321,322,5,317
206000322,377,11,366
206000323,141,8,133
206000324,172,10,162
206000325,96,3,93
206000326,151,28,123
206000327,5,51,-46
206000328,132,6,126
206000329,284,6,278
206000330,38,0,38
206000331,318,3,315
206000332,46,1,45
206000333,642,1,641
206000334,303,0,303
206000335,0,0,0
206000361,0,0,0
206000392,0,0,0
206000405,118,1,117
206000441,54,63,-9
206000498,13,0,13
206000515,30,32,-2
206000530,160,42,118
206000531,147,132,15
206000532,423,76,347
206000535,3,178,-175
206000536,0,21,-21
206000537,1,13,-12
206000613,532,165,367
207000001,0,0,0
207000002,0,0,0
207000003,0,0,0
207000007,1110,207,903
207000008,185,1,184
207000009,80,9,71
207000010,72,211,-139
207000012,375,115,260
207000015,64,167,-103
207000019,142,38,104
207000021,210,229,-19
207000022,176,91,85
207000023,189,43,146
207000024,2,14,-12
207000025,12,38,-26
207000026,0,0,0
207000027,0,0,0
207000028,0,0,0
207000029,0,0,0
207000033,82,218,-136
207000034,123,97,26
207000039,605,58,547
207000040,318,40,278
207000041,216,12,204
207000042,294,10,284
207000043,154,112,42
207000051,0,0,0
207000052,0,0,0
207000053,0,0,0
207000054,0,0,0
207000055,0,0,0
207000056,0,0,0
207000057,0,0,0
207000058,0,0,0
207000059,0,0,0
207000060,0,0,0
207000061,101,1309,-1208
207000062,421,43,378
207000063,354,37,317
207000064,292,37,255
207000065,276,76,200
207000066,297,80,217
207000067,147,15,132
207000068,147,7,140
207000069,499,157,342
207000082,2,133,-131
207000083,54,174,-120
207000084,398,104,294
207000085,203,73,130
207000086,357,11,346
207000106,99,15,84
207000107,159,4,155
207000108,51,3,48
207000109,55,1,54
207000110,35,1,34
207000111,99,30,69
207000112,39,192,-153
207000114,0,0,0
207000115,0,0,0
207000116,0,0,0
207000117,0,0,0
207000118,0,0,0
207000119,0,0,0
207000123,166,2,164
207000124,129,10,119
207000125,48,1,47
207000126,46,2,44
207000134,151,100,51
207000135,34,382,-348
207000148,74,184,-110
207000149,0,0,0
207000152,0,0,0
207000153,0,0,0
207000154,118,80,38
207000159,0,0,0
207000160,0,0,0
207000238,0,0,0
207000242,0,0,0
207000248,0,0,0
207000249,0,0,0
207000250,0,0,0
207000251,0,0,0
207000252,0,0,0
207000278,166,100,66
207000279,0,0,0
207000280,860,32,828
207000281,36,170,-134
207000282,10,180,-170
207000283,3,38,-35
207000284,17,394,-377
207000285,9,78,-69
207000291,0,0,0
207000304,53,19,34
207000306,0,0,0
207000310,95,39,56
207000353,32,0,32
207000356,0,0,0
207000357,0,111,-111
207000358,1,25,-24
207000415,0,0,0
207000417,18,0,18
207000418,24,45,-21
207000438,0,0,0
207000439,342,120,222
207000446,48,0,48
207000460,90,3,87
207000466,0,0,0
207000467,214,26,188
207000468,0,0,0
207000476,8,8,0
207000477,196,22,174
207000478,0,0,0
207000523,0,0,0
207000524,13,0,13
207000527,121,38,83
207000530,151,1,150
207000531,99,0,99
207000532,20,3,17
207000534,101,17,84
207000535,0,0,0
207000537,0,0,0
207000540,0,0,0
207000541,0,0,0
207000548,0,0,0
207000549,92,7,85
207000561,162,28,134
207000562,0,0,0
207000567,0,0,0
207000568,78,5,73
207000569,214,18,196
207000584,0,0,0
207000585,21,24,-3
207000616,0,0,0
207000617,96,0,96
207900008,359,73,286
208000001,409,500,-91
208000002,549,489,60
208000003,592,385,207
208000004,591,283,308
208000005,0,0,0
208000019,667,151,516
208000020,201,99,102
208000021,42,137,-95
208000022,127,85,42
208000028,94,638,-544
208000033,72,33,39
208000034,132,340,-208
208000040,89,45,44
208000041,193,240,-47
208000042,406,270,136
208000047,0,0,0
208000064,1018,1194,-176
208000066,679,1504,-825
208000070,226,295,-69
208000071,507,165,342
208000072,445,285,160
208000080,221,174,47
208000081,168,44,124
208000082,9,2,7
208000083,4,1,3
208000084,1,58,-57
208000085,23,3,20
208000086,20,11,9
208000087,30,78,-48
208000089,0,0,0
208000090,0,0,0
208000093,0,0,0
208000094,97,148,-51
208000095,201,45,156
208000104,1095,266,829
208000105,583,441,142
208000114,43,523,-480
208000115,338,312,26
208000116,531,954,-423
208000117,2,83,-81
208000118,61,174,-113
208000155,50,94,-44
208000158,108,155,-47
208000186,474,1161,-687
208000204,48,92,-44
208000205,119,82,37
208000282,55,81,-26
209000004,290,70,220
209000005,55,34,21
209000006,320,96,224
209000007,271,189,82
209000010,0,0,0
209000011,0,0,0
209000012,0,0,0
209000013,0,0,0
209000014,0,0,0
209000025,279,32,247
209000026,595,35,560
209000027,0,0,0
209000028,0,0,0
209000029,0,0,0
209000030,0,0,0
209000031,0,0,0
209000034,149,185,-36
209000035,244,200,44
209000036,398,83,315
209000037,355,88,267
209000038,311,59,252
209000039,106,73,33
209000040,225,33,192
209000041,128,36,92
209000042,87,44,43
209000043,193,29,164
209000044,244,140,104
209000045,519,120,399
209000046,424,120,304
209000047,390,28,362
209000048,1150,372,778
209000049,0,0,0
209000050,0,0,0
209000051,0,0,0
209000052,0,0,0
209000062,0,0,0
209000063,0,0,0
209000064,0,0,0
209000065,166,32,134
209000066,129,34,95
209000067,234,24,210
209000080,0,0,0
209000082,32,10,22
209000091,0,0,0
209000093,0,0,0
209000094,0,0,0
209000110,42,83,-41
209000111,355,723,-368
209000112,641,141,500
209000113,780,221,559
209000114,338,209,129
209000115,0,0,0
209000116,0,0,0
209000118,2,71,-69
209000119,0,0,0
209000121,0,0,0
209000135,41,35,6
209000142,456,458,-2
209000143,0,0,0
209000144,37,120,-83
209000229,216,20,196
209000240,0,0,0
209000259,0,0,0
209000260,0,0,0
209000261,0,0,0
209000262,0,0,0
209000263,0,0,0
209000264,0,0,0
209000265,159,6,153
209000266,57,0,57
209000267,937,1,936
209000268,584,76,508
210000037,113,4,109
210000047,31,20,11
210000048,50,2,48
210000049,39,2,37
210000052,0,0,0
210000053,0,0,0
210000054,0,0,0
210000070,84,1,83
210000071,64,0,64
210000072,30,0,30
210000073,0,0,0
210000074,0,0,0
210000075,0,0,0
210000076,0,0,0
210000077,0,0,0
210000078,0,0,0
210000079,3,5,-2
210000080,21,59,-38
210000081,85,7,78
210000082,16,7,9
210000083,29,4,25
210000084,105,0,105
210000085,0,0,0
210000086,0,0,0
210000099,0,0,0
210000100,0,0,0
210000101,0,0,0
210000105,0,0,0
210000159,0,0,0
210000163,0,0,0
210000164,144,57,87
210000168,62,7,55
210000187,0,0,0
210000188,0,0,0
210000214,36,1,35
210000219,34,10,24
210000220,83,17,66
210000232,0,0,0
210000233,0,0,0
210000234,0,0,0
210000235,0,0,0
210000245,0,0,0
210000246,8,0,8
210000258,0,0,0
210000259,141,19,122
210000282,0,0,0
210000285,0,0,0
210000286,0,0,0
210000290,0,1,-1
210000295,0,0,0
210000296,0,0,0
210000320,123,18,105
210000321,72,6,66
210000338,0,0,0
210000339,0,0,0
210000340,0,0,0
210000341,0,0,0
210000342,0,0,0
210000343,0,0,0
210000344,0,0,0
210000345,0,0,0
210000346,0,0,0
210000347,0,0,0
210000348,0,0,0
210000349,0,0,0
210000350,0,0,0
210000351,0,0,0
210000352,40,20,20
210000353,51,14,37
210000354,47,11,36
210000355,25,42,-17
210000356,36,72,-36
210000357,83,101,-18
210000358,76,120,-44
210000359,43,64,-21
210000360,171,78,93
210000361,142,48,94
210000362,206,37,169
210000363,446,91,355
210000364,227,58,169
210000365,177,54,123
210000366,228,15,213
210000367,114,36,78
210000368,69,6,63
210000369,54,39,15
210000370,80,7,73
210000372,4,26,-22
210000373,14,17,-3
210000374,22,20,2
210000375,10,13,-3
210000376,32,45,-13
210000404,0,0,0
210000439,31,4,27
210000472,13,3,10
210000482,25,20,5
210000564,291,113,178
210000567,0,14,-14
210000568,118,0,118
211000092,41,44,-3
211000094,7,5,2
211000169,93,4,89
211000172,7,90,-83
211000209,0,1,-1
211000226,23,3,20
211000270,2,20,-18
211000275,10,13,-3
211000276,84,10,74
211000279,11,20,-9
211000281,23,16,7
211507980,0,16,-16
211977296,0,1,-1
212000003,228,15,213
212000004,0,0,0
212000005,0,0,0
212000006,0,0,0
212000008,0,0,0
212000009,0,0,0
212000012,0,0,0
212000013,0,0,0
212000014,0,0,0
212000015,0,0,0
212000016,0,0,0
212000027,699,155,544
212000028,205,180,25
212000029,183,312,-129
212000030,52,40,12
212000031,84,19,65
212000048,0,0,0
212000049,0,0,0
212000050,0,0,0
212000051,0,0,0
212000052,0,0,0
212000053,0,0,0
212000054,326,38,288
212000055,476,34,442
212000056,11,46,-35
212000057,6,39,-33
212000058,23,38,-15
212000070,0,0,0
212000077,0,0,0
212000099,439,86,353
212000108,247,95,152
212000111,446,24,422
212000120,0,0,0
212000138,0,0,0
212000156,0,0,0
212000158,1,54,-53
212000159,832,82,750
212000160,750,104,646
212000161,158,66,92
212000310,0,0,0
212000311,18,65,-47
212000374,0,0,0
213000001,3,356,-353
213000005,276,21,255
213000006,245,69,176
213000007,45,4,41
213000009,234,160,74
213000010,488,55,433
213000011,169,45,124
213000012,0,0,0
213000014,42,9,33
213000015,283,6,277
213000016,197,1,196
213000017,77,0,77
213000018,0,2,-2
213000019,0,5,-5
213000020,17,22,-5
213000021,0,2,-2
213000023,602,155,447
213000033,59,161,-102
213000034,756,145,611
213000035,153,263,-110
213000045,45,94,-49
213000046,29,37,-8
213000047,88,554,-466
213000056,106,11,95
213000069,4,0,4
213000073,1,3,-2
213000074,8,61,-53
213000075,438,6,432
213000076,3,0,3
213000085,0,0,0
213000086,0,0,0
213000091,122,5,117
213000092,12,1,11
213000099,1,227,-226
213000100,535,176,359
213000101,425,110,315
213000102,283,76,207
213000103,340,155,185
213000104,11,58,-47
213000105,0,49,-49
213000106,3,3,0
213000107,89,7,82
213000108,1,26,-25
213000109,0,25,-25
213000110,1,30,-29
213000111,0,25,-25
213000112,6,64,-58
213000115,30,2,28
213000116,7,49,-42
213000117,0,109,-109
213000118,536,225,311
213000119,2,8,-6
213000120,8,7,1
213000122,2,103,-101
213000123,5,190,-185
213000124,20,38,-18
213000125,136,112,24
213000126,2,11,-9
213000127,1,39,-38
213000128,19,152,-133
213000129,159,596,-437
213000130,592,441,151
213000132,402,163,239
213000133,772,100,672
213000134,754,8,746
213000136,497,15,482
213000137,493,76,417
213000139,96,3,93
213000147,47,1,46
213000148,5,0,5
213000149,0,0,0
213000150,0,0,0
213000151,0,0,0
213000152,0,0,0
213000153,0,0,0
213000154,0,0,0
213000155,0,0,0
213000156,0,0,0
213000157,0,0,0
213000158,38,130,-92
213000159,1172,156,1016
213000163,823,174,649
213000165,419,118,301
213000171,0,0,0
213000172,0,0,0
213000173,0,0,0
213000174,0,0,0
213000175,0,0,0
213000176,217,21,196
213000177,301,1,300
213000178,322,1,321
213000179,169,1,168
213000180,161,1,160
213000184,3,49,-46
213000188,343,22,321
213000189,336,19,317
213000190,175,11,164
213000191,310,3,307
213000192,244,3,241
213000193,0,0,0
213000194,0,0,0
213000195,0,0,0
213000196,0,0,0
213000197,571,276,295
213000198,1,0,1
213000200,53,43,10
213000201,1,7,-6
213000202,1,42,-41
213000203,1012,275,737
213000204,843,9,834
213000205,517,17,500
213000206,589,5,584
213000207,16,6,10
213000208,5,0,5
213000209,36,0,36
213000210,32,0,32
213000211,0,0,0
213000212,0,0,0
213000213,0,0,0
213000218,140,418,-278
213000219,292,26,266
213000220,428,3,425
213000223,79,142,-63
213000224,2,70,-68
213000225,84,14,70
213000226,91,11,80
213000227,885,167,718
213000228,483,48,435
213000229,61,2,59
213000230,230,1,229
213000232,0,99,-99
213000233,0,0,0
213000234,0,0,0
213000293,0,0,0
213000294,54,15,39
213000295,0,0,0
213000296,27,26,1
213000297,0,0,0
213000298,0,0,0
213000299,18,19,-1
213000300,2,21,-19
213000303,0,0,0
213000304,0,0,0
213000305,0,16,-16
213000306,0,0,0
213000307,34,22,12
213000308,0,0,0
213000309,83,18,65
213000310,126,38,88
213000311,4,159,-155
213000315,0,0,0
213000316,149,9,140
213000322,36,9,27
213000323,83,6,77
213000324,41,2,39
213000325,23,9,14
213000326,34,2,32
213000327,17,12,5
213000328,3,23,-20
213000329,11,9,2
213000340,1,16,-15
213000341,594,46,548
213000346,41,194,-153
213000347,87,319,-232
213000348,0,20,-20
213000349,0,0,0
213000350,41,109,-68
213000366,0,38,-38
213000367,323,8,315
213000379,2,13,-11
213000386,1,16,-15
213000406,0,1,-1
213000417,933,162,771
213000425,76,7,69
213000426,71,0,71
213000427,44,50,-6
213000428,17,10,7
213000429,1,43,-42
213000430,16,17,-1
213000431,0,2,-2
213000432,1,312,-311
213000433,1,36,-35
213000434,16,9,7
213000435,20,7,13
213000436,59,2,57
213000437,0,2,-2
213000438,69,15,54
213000439,7,23,-16
213000440,2,48,-46
213000441,0,0,0
213000442,0,23,-23
213000443,393,290,103
213000444,23,5,18
213000445,0,43,-43
213000446,3,128,-125
213000447,0,45,-45
213000448,5,6,-1
213000449,493,10,483
213000450,0,0,0
213000451,40,11,29
213000452,1,1,0
213000453,0,0,0
213000455,120,96,24
213000456,0,14,-14
213000481,2,1,1
213000484,14,1,13
213000489,18,14,4
213000491,0,0,0
213000492,28,4,24
213000493,0,0,0
213000494,171,58,113
213000495,0,3,-3
213000496,408,41,367
213000497,0,9,-9
213000498,3,3,0
213000499,12,17,-5
213000500,349,16,333
213000501,96,20,76
213000502,89,21,68
213000503,0,7,-7
213000504,0,0,0
213000505,3,0,3
213000506,0,0,0
213000507,0,3,-3
213900016,0,0,0
213900244,27,0,27
213900245,0,0,0
218000003,0,0,0
218000004,0,0,0
218000005,19,22,-3
218000006,58,13,45
218000007,0,8,-8
218000012,16,38,-22
218000013,24,85,-61
218000014,37,88,-51
218000019,79,31,48
218000020,166,19,147
218000021,0,0,0
218000022,0,0,0
218000023,0,0,0
218000024,0,0,0
218000025,0,0,0
218000026,0,0,0
218000027,0,0,0
218000028,0,0,0
218000029,0,0,0
218000030,0,0,0
218000031,0,0,0
218000032,0,0,0
218000040,2,1,1
218000046,83,65,18
218000047,14,82,-68
218000048,42,43,-1
218000049,38,28,10
218000050,156,106,50
218000051,33,80,-47
218000052,0,22,-22
218000053,0,1,-1
218000054,0,33,-33
218000055,0,6,-6
218000056,7,69,-62
218000057,2,49,-47
218000064,0,8,-8
218000065,72,11,61
218000066,18,27,-9
218000067,16,51,-35
218000068,32,36,-4
218000069,156,45,111
218000070,75,42,33
218000071,68,28,40
218000072,36,16,20
218000078,39,30,9
218000079,207,29,178
218000080,169,20,149
218000081,556,62,494
218000082,131,48,83
218000083,0,0,0
218000084,0,0,0
218000085,0,0,0
218000086,0,0,0
218000087,0,0,0
218000090,1,73,-72
218000091,712,299,413
218000092,114,34,80
218000093,57,25,32
218000094,0,0,0
218000099,97,161,-64
218000100,69,117,-48
218000101,65,67,-2
218000102,160,48,112
218000103,9,38,-29
218000104,62,22,40
218000105,0,0,0
218000106,0,0,0
218000107,0,0,0
218000108,0,0,0
218000112,0,0,0
218000117,11,35,-24
218000134,35,29,6
218000135,1,3,-2
218000136,53,1,52
218000137,21,61,-40
218000138,0,0,0
218000139,49,23,26
218000140,323,162,161
218000141,56,10,46
218000142,167,33,134
218000143,76,141,-65
218000144,25,91,-66
218000145,314,121,193
218000146,56,82,-26
218000151,33,21,12
218000152,131,77,54
218000153,6,9,-3
218000154,3,2,1
218000155,30,4,26
218000156,180,6,174
218000157,164,5,159
218000158,5,6,-1
218000159,0,2,-2
218000160,5,3,2
218000161,34,1,33
218000162,137,0,137
218000163,43,2,41
218000164,184,1,183
218000165,176,14,162
218000170,3,72,-69
218000171,48,14,34
218000172,3,23,-20
218000173,7,2,5
218000174,15,2,13
218000176,458,9,449
218000177,457,19,438
218000178,167,33,134
218000179,295,26,269
218000180,94,7,87
218000181,295,22,273
218000187,0,0,0
218000188,0,0,0
218000189,0,0,0
218000190,0,0,0
218000191,0,0,0
218000192,0,0,0
218000193,0,0,0
218000194,0,0,0
218000195,149,65,84
218000196,378,94,284
218000197,486,96,390
218000198,69,40,29
218000199,37,2,35
218000200,28,10,18
218000201,10,0,10
218000202,0,0,0
218000207,0,0,0
218000208,0,0,0
218000211,25,3,22
218000212,0,0,0
218000213,76,77,-1
218000214,6,44,-38
218000215,23,25,-2
218000217,1,36,-35
218000218,147,294,-147
218000219,5,143,-138
218000220,46,245,-199
218000221,247,194,53
218000222,1,34,-33
218000223,76,694,-618
218000224,14,400,-386
218000225,432,109,323
218000226,387,27,360
218000230,0,0,0
218000232,0,1,-1
218000239,49,0,49
218000240,1,0,1
218000241,1,0,1
218000242,10,0,10
218000243,2,0,2
218000244,26,0,26
218000245,2,3,-1
218000246,0,2,-2
218000247,0,0,0
218000248,0,0,0
218000249,0,0,0
218000250,0,0,0
218000251,0,0,0
218000252,0,0,0
218000253,0,0,0
218000254,0,0,0
218000255,0,0,0
218000256,0,0,0
218000267,0,0,0
218000268,0,0,0
218000269,0,0,0
218000270,0,0,0
218000271,0,0,0
218000273,50,8,42
218000274,52,0,52
218000275,30,36,-6
218000276,6,27,-21
218000278,3,2,1
218000279,22,7,15
218000280,2,19,-17
218000281,13,13,0
218000282,95,336,-241
218000284,56,21,35
218000301,0,0,0
218000302,54,17,37
218000303,0,0,0
218000316,809,276,533
218000317,1368,259,1109
218000318,772,171,601
218000319,8,17,-9
218000320,0,0,0
218000338,13,8,5
218000345,0,0,0
218000346,19,102,-83
218000459,27,93,-66
218000490,0,0,0
218000501,52,24,28
218000502,0,0,0
218000503,76,2,74
218000504,89,4,85
218000505,0,0,0
218000506,0,0,0
218000508,0,0,0
218000510,85,30,55
218000520,123,126,-3
218000521,0,15,-15
218000522,1,31,-30
218000523,31,0,31
218000524,0,64,-64
218000525,32,8,24
218000526,0,89,-89
218000529,0,28,-28
218000530,58,2,56
218000531,10,4,6
218000532,0,0,0
218000534,61,11,50
218000537,18,83,-65
218000538,34,87,-53
218000540,0,0,0
218000543,45,19,26
218000544,0,0,0
218000545,24,40,-16
218000546,0,0,0
218000547,32,53,-21
218000548,0,0,0
218000549,366,34,332
218000550,4,32,-28
218000551,4,124,-120
218000552,226,16,210
218000553,0,0,0
218000554,0,0,0
218000555,10,9,1
218000556,2,0,2
218000557,256,34,222
218000558,19,0,19
218000559,0,48,-48
218000560,0,8,-8
218000561,2,0,2
218000562,0,51,-51
218000563,117,8,109
218000564,0,61,-61
218000565,42,10,32
218000566,44,2,42
218000567,0,61,-61
218000568,0,0,0
218000569,0,38,-38
218000570,16,0,16
218000571,0,55,-55
218000572,28,0,28
218000573,0,88,-88
218000574,5,3,2
218000575,70,0,70
218000576,2,133,-131
218000577,29,0,29
218000578,0,103,-103
218000579,2,4,-2
218000581,0,0,0
218000582,17,1,16
218000583,3,0,3
218000584,0,0,0
218000585,8,0,8
218000586,27,1,26
218000587,0,0,0
218000588,0,0,0
218000589,0,0,0
218000590,0,2,-2
218000591,0,0,0
218000592,5,0,5
218000593,0,0,0
218000594,0,0,0
218000595,0,0,0
218000596,0,0,0
218000597,0,0,0
218000598,0,0,0
218000599,0,2,-2
218000600,0,0,0
218000601,0,0,0
218000602,0,0,0
218000603,0,21,-21
218000604,4,0,4
218000605,0,13,-13
218000606,10,0,10
218000607,1,8,-7
218000608,16,7,9
218000609,0,9,-9
218000610,52,3,49
218000611,19,0,19
218000612,0,1,-1
218000613,22,0,22
218000614,0,0,0
218000615,61,1,60
218000616,6,12,-6
218000617,1,3,-2
218000618,0,1,-1
218000619,50,3,47
218000620,1,2,-1
218000621,0,0,0
218000622,0,16,-16
218000623,2,0,2
218000624,0,26,-26
218000625,21,1,20
218000626,0,14,-14
218000628,109,31,78
218000631,48,9,39
218000632,2,44,-42
218000633,8,0,8
218000634,0,0,0
218000635,1,4,-3
218000636,35,27,8
218000637,621,92,529
218000638,587,33,554
218000639,4,21,-17
218000640,368,7,361
218000641,52,80,-28
218000652,47,34,13
218000653,406,54,352
218000663,4,11,-7
218000675,3,11,-8
218000676,0,0,0
218000677,10,0,10
218000680,35,16,19
218000681,262,35,227
218000691,39,9,30
218000693,246,30,216
218000703,0,0,0
218000718,1,77,-76
218000719,5,40,-35
218000720,0,28,-28
218000721,0,2,-2
218000725,0,0,0
218001214,0,1,-1
218001329,28,38,-10
218001330,1,5,-4
218001351,4,20,-16
218001352,1,4,-3
218001353,1,2,-1
218001354,0,0,0
218001355,41,0,41
218001357,36,1,35
219000001,0,0,0
219000002,0,0,0
219000003,38,22,16
219000004,28,104,-76
219000017,22,71,-49
219000020,149,11,138
219000022,105,3,102
219000023,36,4,32
219000029,0,0,0
219000034,85,27,58
219000039,0,0,0
219000040,4,49,-45
219000041,67,47,20
219000051,0,0,0
219000052,0,0,0
219000053,0,0,0
219000054,0,0,0
219000055,121,2,119
219000056,3,0,3
219000057,69,0,69
219000062,0,0,0
219000063,48,0,48
219000064,0,0,0
219000110,173,87,86
219000111,60,64,-4
219000112,108,21,87
219000113,128,11,117
219000114,152,7,145
219000116,64,24,40
219000117,76,16,60
219000118,58,36,22
219000123,129,5,124
219000124,8,0,8
219000125,0,0,0
219000126,0,0,0
219000127,0,0,0
219000128,0,0,0
219000129,0,0,0
219000130,0,0,0
219000131,612,1013,-401
219000133,8,68,-60
219000134,6,82,-76
219000135,17,31,-14
219000136,41,144,-103
219000138,66,4,62
219000139,53,0,53
219000140,117,2,115
219000141,8,1,7
219000142,18,21,-3
219000143,0,0,0
219000145,23,6,17
219000146,0,0,0
219000147,0,0,0
219000148,0,0,0
219000149,0,0,0
219000150,0,0,0
219000151,0,0,0
219000157,154,56,98
219000158,62,24,38
219000161,26,4,22
219000163,240,311,-71
219000166,37,53,-16
219000167,11,16,-5
219000168,146,64,82
219000174,260,45,215
219000175,73,0,73
219000176,97,7,90
219000177,25,1,24
219000178,48,0,48
219000179,42,56,-14
219000180,15,3,12
219000182,61,6,55
219000183,11,6,5
219000184,23,0,23
219000185,0,0,0
219000186,124,1,123
219000187,20,1,19
219000189,0,0,0
219000190,0,0,0
219000191,0,0,0
219000192,221,190,31
219000193,0,0,0
219000195,0,0,0
219000196,0,0,0
219000198,0,0,0
219000199,0,0,0
219000200,0,0,0
219000201,0,0,0
219000203,0,0,0
219000204,0,0,0
219000205,0,0,0
219000207,0,0,0
219000209,0,0,0
219000210,0,0,0
219000213,0,0,0
219000239,0,0,0
219000240,0,0,0
219000241,0,0,0
219000242,0,0,0
219000243,0,0,0
219000244,0,0,0
219000245,0,0,0
219000246,5,12,-7
219000247,227,51,176
219000248,317,319,-2
219000249,35,73,-38
219000250,67,70,-3
219000251,305,93,212
219000252,340,115,225
219000253,182,20,162
219000255,90,84,6
219000256,254,51,203
219000257,154,0,154
219000262,0,0,0
219000263,0,0,0
219000267,0,0,0
219000268,0,0,0
219000269,2,8,-6
219000270,30,0,30
219000271,139,0,139
219000278,0,0,0
219000279,0,0,0
219000283,0,0,0
219000295,0,0,0
219000296,0,0,0
219000297,0,0,0
219000298,0,0,0
219000299,264,16,248
219000300,0,0,0
219000301,0,0,0
219000302,0,0,0
219000307,0,0,0
219000308,20,50,-30
219000311,182,21,161
219000312,272,25,247
219000313,295,15,280
219000314,0,0,0
219000315,227,22,205
219000316,372,25,347
219000317,85,20,65
219000320,0,0,0
219000321,0,0,0
219000323,0,0,0
219000325,0,0,0
219000326,0,0,0
219000327,0,0,0
219000328,0,0,0
219000329,82,83,-1
219000330,17,10,7
219000331,45,14,31
219000332,92,52,40
219000333,24,1,23
219000335,34,0,34
219000337,24,0,24
219000338,16,0,16
219000344,0,0,0
219000345,0,0,0
219000346,0,0,0
219000348,0,0,0
219000349,0,0,0
219000350,0,0,0
219000351,0,0,0
219000352,12,149,-137
219000353,101,76,25
219000354,194,88,106
219000355,77,54,23
219000356,290,773,-483
219000363,111,18,93
219000364,154,17,137
219000365,31,10,21
219000366,143,256,-113
219000368,98,505,-407
219000370,273,718,-445
219000371,0,0,0
219000382,1,4,-3
219000383,0,0,0
219000385,0,0,0
219000386,0,0,0
219000387,0,2,-2
219000390,2,5,-3
219000391,5,0,5
219000397,0,0,0
219000398,12,11,1
219000401,0,0,0
219000402,0,0,0
219000403,0,0,0
219000404,0,0,0
219000407,0,0,0
219000409,55,29,26
219000410,34,12,22
219000411,65,7,58
219000446,0,0,0
219000447,0,0,0
219000448,5,29,-24
219000452,28,22,6
219000453,0,0,0
219000454,111,362,-251
219000556,177,11,166
219000558,0,0,0
219000590,0,0,0
219000591,99,11,88
219000592,0,0,0
219000595,0,0,0
219000635,159,23,136
219000636,0,0,0
219000657,8,7,1
219000658,0,0,0
219000673,0,0,0
219000676,77,19,58
219000679,19,0,19
219000684,78,0,78
219000685,0,0,0
219000686,1,0,1
219000688,0,0,0
219000689,0,0,0
219000690,147,2,145
219000691,30,0,30
219000692,50,5,45
219000693,0,0,0
219000694,1,0,1
219000695,9,0,9
219000698,32,0,32
219000699,0,0,0
219000727,0,0,0
219000728,20,1,19
219000770,4,5,-1
219000771,0,0,0
219000788,0,0,0
219001150,1,9,-8
219001151,0,0,0
219001166,4,11,-7
219001167,0,0,0
219001178,43,0,43
220000001,0,7,-7
220000002,4,44,-40
220000003,0,0,0
220000004,0,0,0
220000005,0,0,0
220000006,0,0,0
220000007,0,0,0
220000008,0,0,0
220000009,11,107,-96
220000010,12,8,4
220000011,13,370,-357
220000012,6,80,-74
220000014,0,0,0
220000015,66,298,-232
220000017,61,55,6
220000018,1034,182,852
220000019,282,492,-210
220000020,89,58,31
220000021,246,117,129
220000022,472,152,320
220000023,42,84,-42
220000024,158,256,-98
220000025,409,1022,-613
220000026,98,697,-599
220000027,6,84,-78
220000028,75,125,-50
220000029,0,0,0
220000030,0,0,0
220000031,177,265,-88
220000064,0,0,0
221000046,45,27,18
221000047,0,0,0
221000048,0,0,0
221000049,0,0,0
221000050,1,0,1
221000055,10,0,10
221000057,125,3,122
221000068,154,163,-9
221000069,170,67,103
221000070,260,24,236
221000071,100,17,83
221000072,242,8,234
221000073,171,13,158
221000074,0,0,0
221000075,0,0,0
221000076,0,0,0
221000077,0,0,0
221000081,29,1,28
221000082,39,4,35
221000083,2,6,-4
221000084,0,2,-2
221000085,5,0,5
221000086,0,0,0
221000087,0,0,0
221000088,0,0,0
221000089,0,0,0
221000090,0,0,0
221000098,153,8,145
221000099,124,8,116
221000100,95,12,83
221000101,120,6,114
221000102,145,5,140
221000109,0,0,0
221000110,0,0,0
221000111,0,0,0
221000112,0,0,0
221000113,0,0,0
221000114,0,0,0
221000120,21,45,-24
221000121,4,21,-17
221000122,22,23,-1
221000123,14,12,2
221000124,24,61,-37
221000155,108,7,101
221000156,8,12,-4
221000175,2,6,-4
221000176,1,2,-1
221000182,61,28,33
221000241,423,348,75
221000242,0,0,0
221000243,341,120,221
221000244,0,0,0
221000245,64,20,44
221000246,0,0,0
221000247,182,31,151
221000248,0,0,0
221000267,4,83,-79
221000325,33,16,17
221000331,10,40,-30
221000338,10,29,-19
221000378,276,39,237
221000381,24,23,1
222000282,0,0,0
222000296,2,17,-15
222000568,534,44,490
222000569,121,38,83
222000570,166,17,149
222000571,502,4,498
222000577,0,18,-18
222000578,2,61,-59
222000579,31,31,0
222000580,4,293,-289
222000599,0,19,-19
222000600,0,46,-46
222000601,0,105,-105
222000603,9,11,-2
222000604,3,13,-10
222000605,0,41,-41
222000606,0,10,-10
222000607,0,17,-17
222000608,0,0,0
222000609,8,7,1
222000616,309,7,302
222000617,2,1,1
222000618,0,2,-2
222000620,3,5,-2
222000621,2,3,-1
222000623,253,0,253
222000624,234,0,234
222000625,456,6,450
222000636,90,3,87
222000686,1,28,-27
222000687,7,1,6
222001066,226,1,225
222001067,60,0,60
222001068,58,1,57
222001069,40,33,7
222001082,2,29,-27
222001083,3,20,-17
222001084,0,0,0
222001085,0,66,-66
222001111,50,60,-10
222001112,109,14,95
222001313,1,10,-9
222001314,0,16,-16
222001464,17,21,-4
222001465,2,13,-11
222001484,89,4,85
222001485,10,3,7
222001494,585,39,546
222001495,27,45,-18
222001496,366,22,344
222001497,28,42,-14
222001502,0,0,0
222001503,50,15,35
222001504,0,0,0
222001505,227,10,217
222001506,0,0,0
222001507,56,1,55
222001510,486,19,467
222001511,0,0,0
222001514,268,46,222
222001515,0,0,0
222001518,343,16,327
222001519,0,0,0
222001527,57,21,36
222001528,0,0,0
222001529,413,23,390
222001530,0,0,0
222001533,0,0,0
222001534,410,14,396
222001535,89,46,43
222001536,3,55,-52
222001537,185,42,143
222001538,0,0,0
222001563,713,8,705
222001564,0,0,0
222001568,117,19,98
222001576,0,13,-13
222001579,0,6,-6
222001583,4,11,-7
222001584,52,34,18
222001596,22,71,-49
222001597,614,86,528
222001626,1,23,-22
222001650,1,15,-14
222001651,48,37,11
222001914,80,63,17
222001915,0,0,0
222001968,336,40,296
222001969,57,102,-45
222001970,30,50,-20
222001971,22,2,20
222001972,3,3,0
225000001,214,69,145
225000002,456,77,379
225000003,512,27,485
225000004,349,46,303
225000005,29,33,-4
225000006,0,0,0
225000007,0,0,0
225000010,98,4,94
225000011,59,986,-927
225000012,127,674,-547
225000013,70,72,-2
225000014,498,60,438
225000015,3,1,2
225000021,220,38,182
225000027,0,0,0
225000032,183,48,135
225000042,0,0,0
225000049,0,0,0
225000050,86,5,81
225000053,0,0,0
225000058,383,78,305
225000067,0,0,0
225000068,0,0,0
225000069,0,0,0
225000070,0,0,0
225000071,0,0,0
225000075,0,0,0
225000076,0,0,0
225000078,11,30,-19
225000085,64,20,44
225000086,217,7,210
225000087,27,1,26
225000088,0,0,0
225000089,0,0,0
225000090,0,0,0
225000091,0,0,0
225000092,0,0,0
225000093,0,0,0
225000094,0,0,0
225000095,0,0,0
225000096,0,0,0
225000098,334,121,213
225000099,488,42,446
225000100,609,36,573
225000104,0,0,0
225000110,0,0,0
225000111,0,0,0
225000112,0,0,0
225000113,1,1,0
225000114,0,4,-4
225000115,11,14,-3
225000116,276,105,171
225000117,486,269,217
225000118,834,211,623
225000119,80,10,70
225000120,307,3,304
225000121,98,16,82
225000123,929,11,918
225000125,214,23,191
225000126,566,150,416
225000127,371,1187,-816
225000128,290,894,-604
225000132,427,22,405
225000133,129,8,121
225000134,257,142,115
225000135,38,3,35
225000136,261,1,260
225000137,178,36,142
225000138,529,30,499
225000143,0,0,0
225000144,0,0,0
225000145,41,16,25
225000146,0,0,0
225000147,0,0,0
225000148,0,0,0
225000149,0,0,0
225000151,0,0,0
225000155,0,0,0
225000156,2,11,-9
225000157,1,2,-1
225000158,0,0,0
225000171,0,0,0
225000180,4,0,4
225000181,0,0,0
225000182,19,7,12
225000185,0,0,0
225000187,0,0,0
225000191,3,0,3
225000194,0,0,0
225000208,0,0,0
225000209,22,0,22
225000210,0,0,0
225000217,0,0,0
225000218,17,0,17
225000223,0,0,0
225000224,17,0,17
225000225,0,0,0
225000226,164,2,162
225000227,0,0,0
225000228,5,25,-20
225000229,0,0,0
225000230,0,0,0
225000231,0,0,0
225000232,51,0,51
225000241,64,0,64
225000242,0,0,0
225000249,6,3,3
225000250,0,0,0
225000251,412,23,389
225000254,0,0,0
225000256,0,0,0
225000257,0,0,0
226000042,0,0,0
226000043,0,0,0
226000044,0,0,0
226000045,0,0,0
226000046,435,22,413
226000047,345,56,289
226000048,207,22,185
226000049,180,94,86
226000070,0,0,0
226000071,0,0,0
226000072,0,0,0
226000073,0,0,0
226000074,0,0,0
226000084,0,0,0
226000085,0,0,0
226000086,0,0,0
226000087,0,0,0
226000088,0,0,0
226000090,8,28,-20
226000091,1,31,-30
226000092,1,19,-18
226000093,1,1,0
226000094,0,0,0
226000095,11,10,1
226000105,1,1,0
226000106,11,0,11
226000107,13,0,13
226000108,0,0,0
226000109,18,0,18
226000124,148,27,121
226000134,373,340,33
226000135,881,274,607
226000136,146,129,17
226000137,0,0,0
226000138,0,0,0
226000139,0,0,0
226000156,111,1,110
226000157,159,1,158
226000163,0,0,0
226000202,0,0,0
226000231,217,0,217
226000232,6,0,6
227000033,297,29,268
227000036,478,14,464
227000037,346,8,338
227000038,118,3,115
227000084,0,0,0
227000085,0,0,0
227000088,28,0,28
227000089,8,1,7
227000090,41,0,41
227000091,40,0,40
227000092,7,0,7
227000093,16,0,16
227000094,1,0,1
227000130,0,0,0
227000131,0,0,0
227000132,0,0,0
227000133,0,0,0
227000134,0,0,0
227000152,0,0,0
227000153,0,0,0
227000154,0,0,0
227000155,0,0,0
227000156,0,0,0
227000165,0,0,0
227000196,411,15,396
227000199,293,11,282
227000230,0,0,0
227000232,216,7,209
227000242,0,0,0
227000243,277,43,234
227000245,0,0,0
227000246,0,0,0
227000247,502,36,466
227000248,77,19,58
227000249,0,0,0
227000250,240,152,88
227000251,0,0,0
227000252,0,0,0
227000253,287,10,277
227000262,606,17,589
227000266,758,42,716
227000267,0,0,0
227000282,0,0,0
227000284,302,22,280
227000286,0,0,0
227000291,0,0,0
227000296,29,26,3
227000484,261,2,259
227000485,0,0,0
227000655,115,0,115
227000656,534,9,525
227000657,24,10,14
227000704,156,16,140
229000265,2,7,-5
229000266,0,0,0
229000267,5,0,5
229000268,17,0,17
229000269,15,1,14
229000274,0,0,0
229000275,0,0,0
229000276,0,0,0
229000277,0,0,0
229000278,0,0,0
229000295,0,0,0
229000296,0,0,0
229000297,0,1,-1
229000298,0,3,-3
229000320,1,3,-2
229000321,0,0,0
229000412,0,4,-4
229000414,0,3,-3
229000415,4,0,4
229000416,0,0,0
229000417,0,0,0
229000419,5,25,-20
229000440,127,11,116
229000442,41,3,38
229000443,1,0,1
229000444,0,0,0
229000445,16,0,16
229000446,12,3,9
229000491,0,0,0
229000492,0,0,0
229000493,0,0,0
229000494,37,1,36
229000495,140,1,139
229000496,196,1,195
229000507,0,0,0
229000508,0,0,0
229000509,0,0,0
229000510,0,0,0
229000511,0,0,0
229000512,0,0,0
229000513,0,0,0
229000514,0,0,0
229000517,0,0,0
229000518,0,0,0
229000519,0,0,0
229000520,0,0,0
229000521,49,5,44
229000522,18,1,17
229000523,11,0,11
229000524,16,2,14
229000527,1,0,1
229000528,0,2,-2
229000529,52,0,52
229000530,143,10,133
229000531,30,27,3
229000532,9,5,4
229000533,81,2,79
229000534,26,16,10
229000564,99,0,99
229000565,80,0,80
229000566,0,0,0
229000567,0,0,0
229000582,47,3,44
229000583,15,2,13
229000584,0,0,0
229000585,0,0,0
229000718,0,0,0
229000719,0,0,0
229000720,0,0,0
229000721,0,0,0
229000722,0,0,0
229000723,0,0,0
229000724,0,0,0
229000725,0,0,0
229000738,1,0,1
229000739,0,0,0
229000740,0,0,0
229000741,37,0,37
229000742,13,0,13
229000743,39,0,39
229000744,0,0,0
229000745,1,0,1
229000746,17,0,17
229000847,95,1,94
229000848,63,0,63
229000849,63,0,63
229000851,183,0,183
229000854,0,0,0
229000856,0,0,0
229000857,0,0,0
229000858,0,0,0
229000919,0,0,0
229000930,0,0,0
229000937,101,0,101
229000966,34,5,29
229000981,0,0,0
229000985,0,0,0
229000986,0,0,0
229000987,0,2,-2
229000988,2,2,0
229000989,2,1,1
229000990,0,1,-1
229000991,0,0,0
229000992,13,5,8
229000993,75,12,63
229000998,1,0,1
229000999,13,1,12
229001034,0,0,0
229001035,0,0,0
229001036,0,0,0
229001037,28,12,16
229001038,0,0,0
229001039,0,0,0
229001040,0,0,0
229001041,68,0,68
229001042,26,12,14
229001047,0,0,0
229001050,18,11,7
229001168,0,0,0
229001200,44,0,44
229001338,0,1,-1
229001394,73,0,73
229001422,138,19,119
229001423,0,0,0
229001431,35,13,22
229001432,0,0,0
229001444,44,1,43
229001445,23,19,4
229001479,63,0,63
229001503,211,7,204
229001504,0,0,0
229001505,52,4,48
229001506,0,0,0
229001509,6,8,-2
229001510,0,0,0
229001545,39,0,39
229001546,0,0,0
229001553,53,0,53
229001554,0,0,0
229001630,44,5,39
229001631,0,0,0
229001635,0,1,-1
229001636,0,0,0
229001658,0,0,0
229001659,35,1,34
229001660,0,1,-1
229001661,0,14,-14
229001662,25,0,25
229001663,0,0,0
229002584,115,36,79
229002831,36,23,13
229002841,2,3,-1
229002842,6,0,6
229002843,54,39,15
229002844,0,16,-16
229002845,1,42,-41
229002846,0,0,0
229002847,0,4,-4
229002848,13,22,-9
229002849,0,4,-4
229002850,1,0,1
229002851,1,24,-23
229002852,52,1,51
229002853,37,1,36
229002854,9,18,-9
229002855,0,7,-7
229002856,2,0,2
229002857,2,4,-2
229002858,2,1,1
229002859,4,2,2
229002860,16,14,2
229002861,24,33,-9
229002862,0,9,-9
229002863,0,2,-2
229002864,33,51,-18
229002865,25,7,18
229002866,13,2,11
229002867,0,2,-2
229002868,0,1,-1
229002869,0,3,-3
229002870,25,0,25
235000066,55,1,54
235000067,42,5,37
235000072,0,0,0
235000073,0,0,0
235000074,0,0,0
235000080,0,0,0
235000081,0,0,0
235000082,82,27,55
235000083,116,70,46
235000084,36,3,33
235000085,198,19,179
235000089,27,14,13
235000092,0,0,0
235000093,0,0,0
235000097,1,0,1
235000098,46,7,39
235000099,5,3,2
235000116,7,0,7
235000117,48,2,46
235000133,0,0,0
235000134,0,0,0
235000206,1,1,0
235000207,0,1,-1
235000208,1,0,1
235000209,3,3,0
235000210,17,1,16
235000212,0,0,0
235000213,0,0,0
235000220,0,0,0
235000221,0,0,0
235000238,20,152,-132
235000239,0,32,-32
235000242,119,787,-668
235000245,0,0,0
235000246,0,0,0
235000284,0,0,0
235000295,21,2,19
235000305,140,4,136
235000306,192,3,189
235000307,0,0,0
235000308,12,0,12
235000309,47,1,46
235000310,40,0,40
235000311,15,0,15
235000322,0,0,0
235000323,0,0,0
235000324,0,0,0
235000325,0,0,0
235000326,0,0,0
235000351,0,0,0
235000352,0,0,0
235000353,0,0,0
235000354,0,0,0
235000355,0,0,0
235000356,16,1,15
235000357,7,0,7
235000358,6,1,5
235000359,2,2,0
235000360,7,0,7
235000361,40,0,40
235000381,0,0,0
235000382,86,3,83
235000390,12,0,12
235000391,135,5,130
235000392,168,59,109
235000393,89,41,48
235000395,104,9,95
235000396,341,12,329
235000400,39,15,24
235000401,0,0,0
235000405,0,0,0
235000406,0,0,0
235000407,0,0,0
235000409,0,0,0
235000410,0,0,0
235000411,0,0,0
235000485,0,0,0
235000486,3,1,2
235000549,50,14,36
235000550,0,0,0
235000599,0,0,0
235000600,0,0,0
235000601,3,0,3
235000602,26,7,19
235000614,0,0,0
235000648,0,0,0
235000649,132,11,121
235000685,0,0,0
235000815,0,0,0
235000834,0,0,0
235000855,32,14,18
235000862,0,0,0
235000891,0,0,0
235000892,8,1,7
235000901,0,0,0
235000907,0,0,0
235001010,28,2,26
235001029,0,0,0
235001030,156,29,127
235001078,114,47,67
235001079,0,0,0
235001147,1,22,-21
235001166,5,5,0
235001167,0,0,0
235001169,0,0,0
235001188,0,0,0
235001189,2,0,2
235001197,0,0,0
235001200,0,0,0
235001207,57,6,51
235001210,0,0,0
235001215,0,0,0
235001239,0,0,0
235001244,0,0,0
235016267,0,0,0
277101746,0,0,0
277102712,1,0,1
277103813,0,0,0
277103814,0,0,0
277103898,0,0,0
277104249,0,0,0
277104250,0,47,-47
277104251,0,0,0
277104252,0,18,-18
990011530,0,0,0
990014944,0,17,-17
990015176,18,10,8
990015618,0,6,-6
990016032,0,0,0
990032570,0,23,-23
990070001,56,0,56
990070103,1,0,1
990070601,0,1,-1
990070751,934,4,930
990070766,0,0,0
990071180,762,5,757
990071343,1,0,1
990071387,0,0,0
990071823,155,1,154
990072600,0,37,-37
990072964,0,1,-1
990073285,0,0,0
990074393,1,203,-202
990074870,891,7,884
990075106,311,0,311
990075746,492,2,490
990076437,1665,1,1664
990076458,0,0,0
997000007,122,0,122
997000041,0,24,-24
997000058,42,0,42
997000062,87,0,87
997000069,0,0,0
997000070,0,0,0
997000100,48,0,48
997000141,0,0,0
997000198,0,0,0
998000475,0,1,-1
998000736,0,13,-13
998000965,0,25,-25
998001031,0,13,-13
998001700,0,0,0
998001899,0,0,0
998001900,8,56,-48
998003073,512,8,504
998101900,0,4,-4
998102850,0,0,0
998501927,261,0,261
998501929,122,2,120
998501930,30,0,30
998501931,86,31,55
998501932,8,5,3
998501933,99,4,95
998501937,14,0,14
998501944,27,35,-8
998501950,0,0,0
998501970,58,7,51
998501971,0,36,-36
998501973,0,0,0
998501974,0,26,-26
998501975,151,34,117
998501976,69,1,68
998501977,0,2,-2
998501978,5,0,5
998501979,0,0,0
998501980,16,0,16
998501981,53,0,53
998501982,0,0,0
998502006,0,0,0
998502024,0,2,-2
998502032,0,0,0
998502062,8,0,8
998502063,0,0,0
998502173,3,0,3
998502269,0,0,0
998601159,0,15,-15
998601292,0,0,0
999033574,0,0,0
999800001,13,0,13
999800002,0,0,0
999800003,1,5,-4
999800004,0,6,-6
999800005,0,0,0
