ID,insum,outsum,diff
100000001,741,1111,-370
100000002,5633,1833,3800
100000003,8114,4606,3508
100000004,1904,1450,454
100000005,2835,5408,-2573
100000006,1501,216,1285
100000007,3163,953,2210
100000008,595,592,3
100000009,1428,987,441
100000010,339,173,166
100000011,1264,179,1085
100000012,196,932,-736
100000013,1163,320,843
100000014,954,420,534
100000015,2545,3079,-534
100000016,1254,1839,-585
100000017,1137,1319,-182
100000018,2248,902,1346
100000019,5806,2492,3314
100000020,3128,9072,-5944
100000021,6644,2924,3720
100000022,2535,2491,44
100000023,6321,2339,3982
100000025,2725,1353,1372
100000028,2609,1128,1481
100000029,351,350,1
100000030,369,97,272
100000031,7097,8762,-1665
100000032,3964,4741,-777
100000033,1285,2968,-1683
100000034,721,604,117
100000035,2621,1731,890
100000036,3427,1701,1726
100000037,719,569,150
100000038,2784,1385,1399
100000039,992,194,798
100000040,230,194,36
100000041,1540,625,915
100000042,2005,585,1420
100000043,1676,537,1139
100000044,496,895,-399
100000045,773,1355,-582
100000046,923,1204,-281
100000047,410,881,-471
100000048,869,820,49
100000049,2316,2588,-272
100000051,552,1272,-720
100000053,284,13,271
100000054,542,81,461
100000055,1168,313,855
100000056,552,594,-42
100000057,2571,1000,1571
100000058,1318,1673,-355
100000059,30,138,-108
100000060,437,463,-26
100000061,2878,588,2290
100000062,3102,727,2375
100000063,957,309,648
100000064,1591,381,1210
100000065,495,1153,-658
100000066,273,865,-592
100000067,564,943,-379
100000068,753,2497,-1744
100000069,381,1948,-1567
100000072,508,1410,-902
100000073,1496,1588,-92
100000075,840,472,368
100000076,3803,2928,875
100000077,398,258,140
100000078,58,37,21
100000079,68,80,-12
100000080,39,101,-62
100000081,206,248,-42
100000102,3525,2220,1305
100000103,5933,1800,4133
100000104,7006,3328,3678
100000105,3578,2174,1404
100000106,3455,2660,795
100000107,1091,963,128
100000108,1058,1371,-313
100000109,4054,1782,2272
100000116,1998,1335,663
100000117,100,146,-46
100000118,2118,1278,840
100000119,734,794,-60
100000121,341,572,-231
100000122,1130,1089,41
100000123,4725,6066,-1341
100000124,9089,9158,-69
100000125,5204,1765,3439
100000126,1247,494,753
100000127,1900,479,1421
100000128,2394,2433,-39
100000129,617,643,-26
100000130,600,740,-140
100000131,3606,3875,-269
100000132,2199,3872,-1673
100000133,8552,3380,5172
100000135,731,1316,-585
100000139,618,309,309
100000140,570,409,161
100000142,640,767,-127
100000143,1186,573,613
100000144,4431,1294,3137
100000147,1349,3250,-1901
100000150,42,458,-416
100000151,1354,1170,184
100000153,379,533,-154
100000154,183,229,-46
100000155,44,77,-33
100000156,632,393,239
100000157,143,132,11
100000158,368,96,272
100000159,403,691,-288
100000165,1837,1017,820
100000169,609,487,122
100000174,1231,623,608
100000179,132,783,-651
100000180,3721,1932,1789
100000181,750,361,389
100000188,88,356,-268
100000189,1272,512,760
100000190,1098,846,252
100000191,872,588,284
100000192,116,170,-54
100000193,285,246,39
100000330,1758,1225,533
100000355,298,643,-345
100000362,6762,4450,2312
100000363,4957,5987,-1030
100000364,390,217,173
100000365,6485,6577,-92
100000366,7059,3802,3257
100000367,5923,5524,399
100000368,3885,2047,1838
100000369,2007,2265,-258
100000370,578,862,-284
100000376,219,161,58
100000379,4139,1998,2141
100000380,8183,4395,3788
100000384,7690,6323,1367
100000385,6301,5658,643
100000386,10959,6232,4727
100000387,7380,7310,70
100000388,10001,8586,1415
100000389,11188,8006,3182
100000390,12817,7322,5495
100000391,9635,9035,600
100000392,4975,3943,1032
100000393,3751,4908,-1157
100000394,10790,9059,1731
100000395,7047,3962,3085
100000396,9878,4036,5842
100000397,7183,5788,1395
100000398,13211,10066,3145
100900002,21,76,-55
100900003,539,236,303
100900004,33,861,-828
100900005,253,24,229
100900006,57,172,-115
100900007,774,19,755
100900008,8,438,-430
100900009,128,196,-68
100900010,157,182,-25
100900011,216,385,-169
100900012,1,271,-270
100900013,1343,15,1328
100900014,4,20,-16
100900015,158,149,9
100900016,4,82,-78
100900017,1713,141,1572
100900018,0,29,-29
100900019,44,207,-163
100900020,568,19,549
100900021,529,4,525
100900022,58,81,-23
100900023,2,99,-97
100900024,1143,12,1131
100900025,25,21,4
100900026,165,148,17
100900027,1058,4212,-3154
100900028,235,269,-34
100900029,94,19,75
100900030,6,64,-58
100900031,974,142,832
100900032,299,2,297
100900033,376,247,129
100900034,694,10,684
100900035,960,4,956
100900036,28,0,28
100900037,174,303,-129
100900038,161,60,101
100900039,298,695,-397
100900040,544,991,-447
100900041,948,848,100
100900042,2074,650,1424
100900043,1,25,-24
100900044,3212,791,2421
100900045,131,1,130
100900046,1425,25,1400
100900047,1267,541,726
100900048,316,103,213
100900049,133,294,-161
100900050,8,16,-8
100900051,59,105,-46
100900052,925,87,838
100900053,434,58,376
100900054,17,85,-68
100900055,452,944,-492
100900056,274,461,-187
100900057,756,1765,-1009
100900058,449,93,356
100900059,250,8,242
100900060,198,28,170
100900061,555,408,147
100900062,8,56,-48
100900063,234,774,-540
100900064,972,36,936
100900065,133,124,9
100900066,117,264,-147
100900067,4,22,-18
100900068,505,227,278
100900069,1139,24,1115
100900070,458,14,444
100900071,1055,427,628
100900072,0,63,-63
100900073,157,579,-422
100900074,13,22,-9
100900075,2536,563,1973
100900076,46,40,6
100900077,32,161,-129
100900078,173,579,-406
100900079,20,46,-26
100900080,53,268,-215
100900081,71,253,-182
100900082,209,707,-498
100900083,19,45,-26
100900085,33,151,-118
100900086,262,1587,-1325
100900088,195,887,-692
100900089,4,34,-30
100900090,192,732,-540
100900091,6,46,-40
100900092,517,372,145
100900093,290,472,-182
100900094,138,686,-548
100900095,13,31,-18
100900096,43,142,-99
100900097,3,11,-8
100900098,40,36,4
100900099,55,706,-651
100900100,28,658,-630
100900101,532,105,427
100900102,326,180,146
100900103,38,22,16
100900104,11,194,-183
100900105,54,772,-718
100900106,74,8,66
100900107,2191,989,1202
100900108,13,61,-48
100900109,46,57,-11
100900110,15,72,-57
100900111,66,236,-170
100900112,7,14,-7
100900113,12,37,-25
100900114,14,36,-22
100900115,3,69,-66
100900116,1248,1311,-63
100900117,452,952,-500
100900118,56,58,-2
100900119,43,54,-11
100900120,9,23,-14
100900121,473,1066,-593
100900122,247,337,-90
100900123,88,371,-283
100900124,13,9,4
100900125,46,209,-163
100900126,226,645,-419
100900127,28,13,15
100900128,136,174,-38
100900129,1,206,-205
100900131,134,414,-280
100900133,75,116,-41
100900134,20,16,4
100900135,2,143,-141
100900137,505,293,212
100900138,813,610,203
100900139,2,6,-4
100900140,12,698,-686
100900141,5,478,-473
100900142,1,23,-22
100900143,1684,516,1168
100900144,34,17,17
100900145,495,267,228
100900146,22,154,-132
100900147,27,578,-551
100900148,55,801,-746
100900149,49,235,-186
100900150,9,93,-84
100900151,205,700,-495
100900152,240,10,230
100900153,4,239,-235
100900154,34,81,-47
100900155,25,43,-18
100900156,65,13,52
100900157,8,459,-451
100900158,811,355,456
100900159,2,32,-30
100900160,26,14,12
100900161,114,18,96
100900162,37,603,-566
100900163,310,328,-18
100900164,76,99,-23
100900165,18,94,-76
100900166,44,21,23
100900167,47,111,-64
100900168,70,244,-174
100900169,183,1241,-1058
100900170,51,13,38
100900171,33,758,-725
100900172,0,18,-18
100900173,16,514,-498
100900174,1229,118,1111
100900176,2078,270,1808
100900177,1017,381,636
100900178,512,217,295
100900179,273,375,-102
100900180,9,8,1
100900181,147,109,38
100900182,44,46,-2
100900184,23,186,-163
100900186,1031,794,237
100900187,21,84,-63
100900188,58,26,32
100900189,1639,339,1300
100900191,1536,1457,79
100900192,421,406,15
100900195,143,208,-65
100900197,26,153,-127
100900198,64,254,-190
100900199,32,32,0
100900200,877,589,288
100900201,200,1032,-832
100900202,40,1,39
100900203,1,74,-73
100900204,588,571,17
100900205,270,639,-369
100900206,178,135,43
100900207,349,158,191
100900210,86,1126,-1040
100900211,657,299,358
100900213,140,66,74
100900214,994,277,717
100900215,13,85,-72
100900217,217,129,88
101000001,4982,3316,1666
101000002,6143,5975,168
101000003,707,2292,-1585
101000004,11767,9398,2369
101000005,5564,5997,-433
101000006,8993,8713,280
101000007,3352,4300,-948
101000008,4347,3768,579
101000009,3193,1745,1448
101000010,1136,1414,-278
101000011,2521,1019,1502
101000012,1794,1120,674
101000013,909,1432,-523
101000014,702,815,-113
101000015,1335,1122,213
101000016,648,641,7
101000017,914,702,212
101000018,3926,3440,486
101000020,5372,1434,3938
101000021,1114,576,538
101000022,489,186,303
101000023,1802,868,934
101000025,268,615,-347
101000026,392,29,363
101000027,2384,2559,-175
101000028,1184,295,889
101000029,329,1950,-1621
101000030,2369,167,2202
101000031,1454,943,511
101000032,12218,4972,7246
101000033,3373,4152,-779
101000034,3484,1914,1570
101000035,1323,695,628
101000036,2195,1100,1095
101000037,3996,2137,1859
101000039,3106,2756,350
101000040,4371,4116,255
101000041,16401,9758,6643
101000042,976,1748,-772
101000043,12385,9413,2972
101000045,2539,1192,1347
101000046,5789,1670,4119
101000047,3446,3672,-226
101000048,1078,1097,-19
101000049,1138,2089,-951
101000050,3609,3359,250
101000051,3291,3159,132
101000052,2016,1254,762
101000053,1396,2059,-663
101000054,2759,1969,790
101000055,1807,1755,52
101000056,70,182,-112
101000057,2663,1325,1338
101000058,1958,1604,354
101000059,3517,2525,992
101000060,1981,694,1287
101000061,1219,1749,-530
101000062,939,872,67
101000063,737,1145,-408
101000064,1430,1096,334
101000065,472,542,-70
101000066,1116,911,205
101000067,1592,975,617
101000068,545,518,27
101000069,552,145,407
101000070,1926,1252,674
101000071,2640,1074,1566
101000072,1269,3843,-2574
101000073,1538,1025,513
101000074,9653,4892,4761
101000075,8287,5176,3111
101000077,2077,1354,723
101000078,1757,2438,-681
101000079,887,458,429
101000080,816,480,336
101000081,1827,1783,44
101000082,4111,3691,420
101000083,3169,2551,618
101000084,1964,1204,760
101000085,2128,1564,564
101000086,1396,1518,-122
101000087,1101,1357,-256
101000088,1400,1421,-21
101000089,1275,1966,-691
101000090,2766,1580,1186
101000091,478,1093,-615
101000092,930,1297,-367
101000093,1813,1193,620
101000094,1189,1559,-370
101000095,549,892,-343
101000096,457,769,-312
101000097,619,498,121
101000098,611,734,-123
101000099,1304,1468,-164
101000100,1161,1029,132
101000101,396,462,-66
101000102,1173,595,578
101000103,1317,677,640
101000104,541,719,-178
101000105,997,499,498
101000106,1101,876,225
101000107,252,438,-186
101000108,1314,428,886
101000109,392,84,308
101000110,40,770,-730
101000111,188,343,-155
101000113,300,1174,-874
101000114,10912,6037,4875
101000115,152,114,38
101000116,276,125,151
101000117,1583,366,1217
101000119,148,84,64
101000120,174,71,103
101000121,88,49,39
101000122,175,106,69
101000123,122,119,3
101000124,911,270,641
101000125,299,572,-273
101000128,910,446,464
101000130,401,461,-60
101000131,814,736,78
101000132,742,1333,-591
101000135,79,35,44
101000136,673,190,483
101000137,73,432,-359
101000141,2201,3741,-1540
101000147,1160,638,522
101000148,1586,53,1533
101000149,191,213,-22
101000150,119,999,-880
101000151,306,66,240
101000152,493,481,12
101000153,1363,543,820
101000154,383,1584,-1201
101000155,435,194,241
101000156,46,378,-332
101000157,68,48,20
101000160,148,84,64
101000163,369,360,9
101000164,622,455,167
101000165,334,496,-162
101000166,372,522,-150
101000168,1026,471,555
101000252,2077,1080,997
101000254,698,95,603
101000258,57,32,25
101000261,197,44,153
101000262,1751,1949,-198
101000263,459,1718,-1259
101000265,138,1017,-879
101000266,475,520,-45
101000269,63,19,44
101000290,2246,3430,-1184
101000293,47,94,-47
101000294,797,618,179
101000295,168,706,-538
101000301,984,630,354
101000304,2649,2971,-322
101000305,4158,2126,2032
101900001,28,82,-54
101900002,0,32,-32
101900003,84,136,-52
101900004,10,89,-79
101900005,5320,2398,2922
101900006,1159,111,1048
101900007,1035,250,785
101900008,145,480,-335
101900009,111,756,-645
101900010,1313,997,316
101900011,460,2000,-1540
101900012,317,555,-238
101900013,1391,229,1162
101900017,17,210,-193
101900018,1713,385,1328
101900019,384,163,221
101900020,218,148,70
101900021,2,76,-74
101900022,234,1452,-1218
101900023,270,348,-78
102000001,3949,4997,-1048
102000002,4898,1699,3199
102000003,5479,8986,-3507
102000004,12241,4326,7915
102000005,1772,2487,-715
102000006,1618,2340,-722
102000007,2178,5642,-3464
102000008,6614,2147,4467
102000009,7508,8965,-1457
102000010,8429,4584,3845
102000011,3756,3478,278
102000012,4466,4160,306
102000018,4417,3740,677
102000019,3335,2153,1182
102000026,382,741,-359
102000029,403,292,111
102000030,158,511,-353
102000031,154,231,-77
102000032,574,460,114
102000033,364,500,-136
102000034,776,534,242
102000035,1838,1031,807
102000036,38,347,-309
102000037,308,95,213
102000038,263,381,-118
102000039,282,107,175
102000040,728,367,361
102000041,342,383,-41
102000042,377,339,38
102000043,477,357,120
102000044,545,503,42
102000045,1373,1185,188
102000046,1296,839,457
102000047,1345,1421,-76
102000048,580,1157,-577
102000049,1222,958,264
102000050,1492,1666,-174
102000051,528,728,-200
102000052,1863,1314,549
102000053,1165,1200,-35
102000054,794,1264,-470
102000055,1293,945,348
102000056,1129,1597,-468
102000057,2073,902,1171
102000058,1622,2253,-631
102000059,2255,1918,337
102000060,1595,1412,183
102000061,2027,2629,-602
102000062,1988,1707,281
102000063,1720,1938,-218
102000064,741,986,-245
102000065,78,161,-83
102000066,1497,1178,319
102000067,3197,4070,-873
102000068,11952,3393,8559
102000069,98,1647,-1549
102000070,2242,51,2191
102000071,10012,11609,-1597
102000072,4710,5233,-523
102000073,3230,1370,1860
102000074,1431,1470,-39
102000075,231,399,-168
102000076,289,743,-454
102000077,709,1075,-366
102000078,1467,1099,368
102000079,197,350,-153
102000080,377,342,35
102000081,467,850,-383
102000082,963,443,520
102000083,692,448,244
102000084,345,395,-50
102000085,1838,1346,492
102000086,1311,1785,-474
102000087,1418,2064,-646
102000088,533,496,37
102000089,1694,672,1022
102000090,1081,1665,-584
102000091,2316,838,1478
102000092,493,1154,-661
102000093,904,771,133
102000094,1523,973,550
102000095,1680,1846,-166
102000096,1111,1365,-254
102000097,1633,1499,134
102000098,763,1425,-662
102000099,1318,1224,94
102000100,1264,1791,-527
102000101,1945,1215,730
102000102,640,2603,-1963
102000103,2275,692,1583
102000104,864,393,471
102000105,296,755,-459
102000106,1132,913,219
102000107,1423,867,556
102000108,1335,315,1020
102000109,936,884,52
102000110,1155,1571,-416
102000111,24,309,-285
102000112,457,166,291
102000113,24,57,-33
102000114,1145,446,699
102000115,291,420,-129
102000116,2110,861,1249
102000117,813,1984,-1171
102000118,2602,1284,1318
102000119,2847,1593,1254
102000120,275,617,-342
102000121,1248,820,428
102000122,809,1100,-291
102000123,1768,1534,234
102000124,2053,1384,669
102000125,1279,1444,-165
102000126,1481,905,576
102000127,1986,1070,916
102000128,1088,1315,-227
102000129,1751,1151,600
102000130,852,1099,-247
102000131,2036,1204,832
102000132,712,1744,-1032
102000133,2347,2380,-33
102000134,846,898,-52
102000135,1021,1057,-36
102000136,1358,729,629
102000137,1636,1269,367
102000138,538,601,-63
102000139,281,522,-241
102000140,602,430,172
102000141,611,649,-38
102000142,435,504,-69
102000143,173,552,-379
102000144,393,560,-167
102000145,680,716,-36
102000146,615,470,145
102000147,711,641,70
102000148,296,911,-615
102000149,265,686,-421
102000150,475,241,234
102000151,143,445,-302
102000152,234,202,32
102000153,1361,625,736
102000154,536,932,-396
102000155,171,440,-269
102000156,511,174,337
102000157,148,500,-352
102000158,508,475,33
102000159,1602,586,1016
102000161,5366,2997,2369
102000162,287,193,94
102000163,211,1006,-795
102000164,1714,1638,76
102000165,547,231,316
102000166,224,242,-18
102000167,420,298,122
102000168,342,130,212
102000169,207,701,-494
102000170,694,311,383
102000171,834,346,488
102000172,857,557,300
102000173,643,436,207
102000174,135,96,39
102000175,450,184,266
102000176,83,57,26
102000178,459,542,-83
102000179,487,333,154
102000180,1186,667,519
102000181,819,701,118
102000182,792,734,58
102000183,2137,2326,-189
102000184,2590,1204,1386
102000185,3104,1933,1171
102000186,1551,2592,-1041
102000187,1242,2189,-947
102000188,1458,1989,-531
102000189,3352,1281,2071
102000190,906,3728,-2822
102000191,1763,854,909
102000192,1464,1775,-311
102000193,80,201,-121
102000194,82,165,-83
102000195,508,619,-111
102000196,239,555,-316
102000197,724,583,141
102000198,256,914,-658
102000199,1307,480,827
102000200,367,1417,-1050
102000201,1241,659,582
102000202,16,149,-133
102000203,468,364,104
102000204,544,939,-395
102000205,1271,593,678
102000206,866,1015,-149
102000207,1190,623,567
102000208,676,772,-96
102000209,193,129,64
102000210,601,517,84
102000211,769,514,255
102000212,458,19,439
102000213,7,412,-405
102000214,317,17,300
102000215,9,605,-596
102000216,64,83,-19
102000217,14,202,-188
102000218,315,205,110
102000219,574,493,81
102000225,805,802,3
102000226,5535,1252,4283
102000227,172,5,167
102000228,3,129,-126
102000229,38,68,-30
102000230,302,608,-306
102000231,422,720,-298
102000232,55,215,-160
102000233,583,1001,-418
102000234,180,1748,-1568
102000236,441,118,323
102000237,717,199,518
102000238,250,392,-142
102000240,895,933,-38
102000241,338,251,87
102000243,67,95,-28
102000245,26,155,-129
102000246,16,40,-24
102000247,499,1305,-806
102000248,384,650,-266
102000249,166,203,-37
102000250,93,474,-381
102000254,90,486,-396
102000266,100,309,-209
102000271,48,1,47
102000286,618,603,15
102000297,2668,1694,974
102000301,0,0,0
102000303,0,0,0
102000305,0,0,0
102000307,0,3,-3
102000308,0,1,-1
102900001,1859,1090,769
102900002,657,59,598
102900003,84,298,-214
102900005,479,486,-7
102900006,580,245,335
102900007,863,36,827
102900008,307,150,157
102900009,832,418,414
102900010,1155,721,434
102900011,2455,528,1927
102900012,498,120,378
102900013,50,115,-65
102900015,967,724,243
102900016,93,160,-67
102900017,243,821,-578
102900018,41,198,-157
102900019,595,667,-72
102900020,184,43,141
102900021,31,197,-166
102900022,777,209,568
102900023,26,66,-40
102900024,47,65,-18
102900025,398,169,229
102900026,781,2513,-1732
102900027,124,82,42
102900028,281,1044,-763
102900029,233,300,-67
102900030,961,400,561
102900031,227,184,43
102900032,223,160,63
102900033,174,251,-77
102900034,753,168,585
102900035,210,503,-293
102900036,425,640,-215
102900037,540,735,-195
102900038,934,789,145
102900039,27,873,-846
102900040,280,334,-54
102900041,107,258,-151
102900042,268,408,-140
102900043,223,366,-143
102900044,1122,2604,-1482
102900045,194,722,-528
102900046,190,403,-213
102900047,97,928,-831
102900048,995,917,78
102900049,164,468,-304
102900050,543,562,-19
102900051,256,292,-36
102900052,110,89,21
102900053,466,876,-410
102900054,1267,1752,-485
102900055,157,359,-202
102900056,99,578,-479
102900057,5,71,-66
102900058,431,120,311
102900059,20,115,-95
102900060,164,705,-541
102900061,218,691,-473
102900062,313,1216,-903
102900063,1417,591,826
102900064,202,806,-604
102900065,1883,782,1101
102900066,503,68,435
102900068,176,124,52
102900070,350,632,-282
102900072,87,57,30
102900073,330,16,314
102900074,302,318,-16
102900075,61,86,-25
102900076,268,199,69
102900077,79,63,16
102900078,59,130,-71
102900079,277,16,261
102900080,427,62,365
102900081,125,501,-376
102900082,12,283,-271
102900083,332,28,304
102900084,22,35,-13
102900085,567,184,383
102900086,41,76,-35
102900087,189,161,28
102900088,56,35,21
102900089,346,175,171
102900090,2,573,-571
102900091,288,14,274
102900092,597,1317,-720
102900093,396,352,44
102900094,2,118,-116
102900095,130,3,127
102900096,73,21,52
102900097,139,266,-127
103000001,2600,2989,-389
103000002,2720,3082,-362
103000003,4601,3387,1214
103000004,1243,956,287
103000005,2067,3496,-1429
103000006,828,1841,-1013
103000007,520,864,-344
103000008,1132,976,156
103000009,1389,1367,22
103000010,204,126,78
103000011,2014,1856,158
103000012,1619,2085,-466
103000013,5948,2789,3159
103000014,1839,3100,-1261
103000015,2217,884,1333
103000016,613,1576,-963
103000017,253,503,-250
103000018,1065,647,418
103000019,346,340,6
103000020,2983,1693,1290
103000021,2133,1761,372
103000022,714,1235,-521
103000023,656,1807,-1151
103000024,128,260,-132
103000025,224,663,-439
103000026,1764,225,1539
103000027,642,650,-8
103000028,700,609,91
103000029,547,437,110
103000030,2586,1131,1455
103000031,2459,2052,407
103000032,2900,2419,481
103000033,4197,3529,668
103000034,2139,1603,536
103000035,533,1665,-1132
103000036,591,711,-120
103000037,822,728,94
103000038,717,1233,-516
103000039,524,564,-40
103000040,515,1369,-854
103000041,1882,2839,-957
103000042,1414,794,620
103000043,836,1327,-491
103000044,395,206,189
103000046,376,681,-305
103000047,786,922,-136
103000048,222,376,-154
103000049,290,209,81
103000050,815,781,34
103000051,594,608,-14
103000052,937,509,428
103000053,242,788,-546
103000054,3263,1904,1359
103000055,2463,3010,-547
103000056,759,2094,-1335
103000057,579,387,192
103000058,743,1245,-502
103000059,600,1233,-633
103000060,878,898,-20
103000061,493,1196,-703
103000062,1369,838,531
103000063,1033,1183,-150
103000064,152,360,-208
103000065,11,527,-516
103000066,247,26,221
103000069,628,512,116
103000070,1437,1093,344
103000071,1352,778,574
103000072,193,1025,-832
103000073,657,160,497
103000074,884,147,737
103000075,207,978,-771
103000076,430,376,54
103000077,100,524,-424
103000078,1367,789,578
103000079,1323,735,588
103000080,1747,530,1217
103000081,855,1378,-523
103000082,807,283,524
103000083,177,384,-207
103000084,193,17,176
103000085,10,144,-134
103000086,1236,452,784
103000087,208,777,-569
103000088,374,358,16
103000089,277,624,-347
103000090,2131,965,1166
103000091,761,485,276
103000092,380,411,-31
103000093,347,490,-143
103000094,256,164,92
103000095,117,456,-339
103000096,791,145,646
103000097,125,903,-778
103000098,1382,307,1075
103000099,548,912,-364
103000100,191,1088,-897
103000101,1009,180,829
103000102,185,833,-648
103000103,775,305,470
103000104,84,183,-99
103000105,166,136,30
103000106,23,178,-155
103000107,261,77,184
103000108,765,715,50
103000109,430,391,39
103000110,407,480,-73
103000111,591,459,132
103000112,380,221,159
103000113,975,766,209
103000114,1641,527,1114
103000115,676,545,131
103000116,742,511,231
103000117,405,580,-175
103000118,1218,999,219
103000119,1643,769,874
103000120,95,195,-100
103000121,746,800,-54
103000122,787,706,81
103000125,20,523,-503
103000126,871,13,858
103000127,5,283,-278
103000128,225,9,216
103000129,1,200,-199
103000130,124,84,40
103000131,287,164,123
103000132,165,268,-103
103000133,46,168,-122
103000134,948,1120,-172
103000135,1078,457,621
103000136,1006,621,385
103000137,753,810,-57
103000138,1096,961,135
103000139,5,81,-76
103000140,178,42,136
103000141,124,195,-71
103000142,323,140,183
103000143,120,292,-172
103000144,353,95,258
103000145,138,91,47
103000150,137,54,83
103000152,205,272,-67
103000153,219,198,21
103000156,5,534,-529
103000157,631,4,627
103000159,200,75,125
103000162,124,44,80
103000163,36,61,-25
103000164,62,22,40
103000165,113,401,-288
103000166,156,325,-169
103000167,196,125,71
103000168,110,256,-146
103000169,245,497,-252
103000170,893,606,287
103000171,192,149,43
103000172,789,435,354
103000173,621,1010,-389
103000174,235,519,-284
103000175,326,531,-205
103000176,1214,1041,173
103000177,856,721,135
103000178,546,395,151
103000179,430,50,380
103000183,194,34,160
103000185,90,74,16
103000186,171,249,-78
103000187,576,509,67
103000188,23,103,-80
103000189,1130,967,163
103000191,858,856,2
103000292,2332,2359,-27
103000293,1532,2237,-705
103000295,200,145,55
103000296,676,16,660
103000297,247,104,143
103000504,51,15,36
103000505,15,44,-29
103000506,4,297,-293
103000507,276,6,270
103000508,99,119,-20
103000509,286,608,-322
103900001,10,329,-319
103900002,1951,242,1709
103900003,2125,209,1916
103900004,102,9,93
103900005,3,312,-309
103900006,1,3,-2
103900007,93,6,87
103900008,34,1,33
103900009,372,752,-380
103900010,209,520,-311
103900011,312,270,42
103900012,21,34,-13
103900013,91,119,-28
103900014,90,40,50
103900015,68,23,45
103900016,521,302,219
103900017,85,106,-21
103900018,1059,359,700
103900019,178,463,-285
103900020,297,649,-352
103900021,874,91,783
103900022,1643,1034,609
103900023,185,3,182
103900024,200,632,-432
103900025,9,93,-84
103900026,501,3,498
103900027,882,504,378
103900028,28,473,-445
103900029,1273,247,1026
103900030,456,92,364
103900031,33,10,23
103900032,156,82,74
103900033,180,36,144
103900034,30,221,-191
103900035,95,65,30
103900036,50,51,-1
103900037,185,82,103
103900038,177,247,-70
103900039,93,447,-354
103900040,23,247,-224
103900041,105,75,30
103900042,97,462,-365
103900043,292,142,150
103900044,225,284,-59
103900045,417,228,189
103900047,85,34,51
103900048,195,36,159
103900049,389,1569,-1180
103900050,29,176,-147
103900051,6,62,-56
103900052,313,625,-312
103900053,236,1009,-773
103900054,150,599,-449
103900055,520,304,216
103900056,142,81,61
103900057,46,266,-220
103900058,327,965,-638
103900059,0,14,-14
103900060,54,243,-189
103900061,136,55,81
103900062,364,134,230
103900063,90,0,90
103900064,118,14,104
103900065,1374,604,770
103900066,207,30,177
103900067,212,12,200
103900068,21,0,21
103900069,116,30,86
103900070,201,305,-104
103900071,14,197,-183
103900072,25,286,-261
103900073,78,38,40
103900074,115,110,5
103900075,429,180,249
103900076,495,770,-275
103900077,82,106,-24
103900078,404,160,244
103900079,213,387,-174
103900080,18,79,-61
103900081,92,26,66
103900082,7,176,-169
103900083,1977,1306,671
103900084,96,252,-156
103900085,102,144,-42
103900086,793,488,305
103900087,47,195,-148
103900088,678,640,38
103900089,93,148,-55
103900090,8,214,-206
103900091,1340,381,959
103900092,1189,586,603
103900093,162,436,-274
103900094,19,203,-184
103900095,602,295,307
103900096,50,314,-264
103900097,17,667,-650
103900098,332,224,108
103900099,85,250,-165
103900100,252,560,-308
103900101,82,1247,-1165
103900102,0,44,-44
103900104,6,48,-42
103900105,152,333,-181
103900106,0,40,-40
103900107,135,292,-157
103900108,64,580,-516
103900109,113,83,30
103900110,285,75,210
103900111,155,822,-667
103900112,96,172,-76
103900113,176,307,-131
103900114,516,515,1
103900115,381,371,10
103900116,8517,3618,4899
103900117,189,120,69
103900119,41,80,-39
103900120,106,150,-44
103900122,123,322,-199
103900123,2145,1055,1090
103900124,76,612,-536
103900125,137,107,30
103900126,571,505,66
103900127,281,836,-555
103900128,274,260,14
103900131,38,147,-109
103900133,1304,287,1017
103900134,0,5,-5
103900135,10,11,-1
103900137,0,65,-65
103900138,105,401,-296
103900139,252,2286,-2034
103900140,26,159,-133
103900141,391,100,291
103900142,170,255,-85
103900143,43,4,39
103900144,0,68,-68
103900145,255,306,-51
103900146,371,378,-7
103900147,435,178,257
103900148,280,466,-186
103900149,357,899,-542
103900150,8232,4545,3687
103900151,67,200,-133
103900152,559,749,-190
103900153,4,1,3
103900154,1419,2476,-1057
103900155,36,389,-353
103900156,56,265,-209
103900157,58,335,-277
103900158,92,275,-183
103900159,194,133,61
103900160,105,74,31
103900161,124,259,-135
103900162,79,335,-256
103900163,14,473,-459
103900167,60,147,-87
103900168,238,170,68
103900169,50,61,-11
103900170,7,167,-160
103900171,1,96,-95
103900172,8,34,-26
103900173,15,17,-2
103900174,259,102,157
103900175,84,107,-23
103900176,22,72,-50
103900177,33,107,-74
103900178,60,110,-50
103900179,57,138,-81
103900180,28,107,-79
103900181,59,73,-14
103900182,95,14,81
103900184,591,128,463
103900185,233,416,-183
103900187,39,92,-53
103900188,80,24,56
103900189,179,17,162
103900190,92,96,-4
103900191,48,61,-13
103900192,48,147,-99
103900193,214,263,-49
103900194,94,397,-303
103900195,13,108,-95
103900196,115,66,49
103900197,33,67,-34
103900198,27,115,-88
103900199,172,75,97
103900200,196,267,-71
103900201,256,395,-139
103900202,40,83,-43
103900203,39,29,10
103900204,1,150,-149
103900207,2,185,-183
103900208,154,3,151
103900209,15,155,-140
103900210,49,62,-13
103900211,565,642,-77
103900212,91,544,-453
103900213,155,332,-177
103900214,345,180,165
103900215,593,427,166
103900216,13,628,-615
103900217,442,86,356
103900218,4,431,-427
103900219,180,332,-152
103900233,104,4,100
103900235,45,40,5
103900236,17,6,11
103900242,28,45,-17
103900243,20,8,12
103900244,147,275,-128
103900245,118,297,-179
103900246,73,58,15
103900247,45,157,-112
103900248,18,57,-39
103900249,89,86,3
103900250,43,29,14
103900251,10,46,-36
103900253,53,121,-68
103900254,23,43,-20
103900255,27,34,-7
103900256,36,78,-42
103900257,126,167,-41
103900258,88,15,73
103900259,103,8,95
103900261,13,8,5
103900262,32,9,23
103900263,49,85,-36
103900264,110,71,39
103900265,73,41,32
103900266,6,165,-159
103900267,20,87,-67
103900268,10,115,-105
103900269,248,235,13
103900270,109,244,-135
103900271,7,41,-34
104000001,2048,2313,-265
104000002,1857,2859,-1002
104000003,2811,2769,42
104000004,3458,3350,108
104000005,1571,2558,-987
104000006,3223,3359,-136
104000007,4655,4809,-154
104000008,317,342,-25
104000009,179,107,72
104000010,186,316,-130
104000011,593,499,94
104000012,177,552,-375
104000013,236,242,-6
104000014,228,927,-699
104000015,419,219,200
104000016,687,546,141
104000018,928,233,695
104000019,630,256,374
104000020,178,751,-573
104000021,348,785,-437
104000022,206,336,-130
104000023,1191,497,694
104000024,291,540,-249
104000026,84,536,-452
104000027,304,405,-101
104000028,420,311,109
104000029,483,633,-150
104000030,289,264,25
104000031,1441,516,925
104000032,252,381,-129
104000033,716,637,79
104000034,412,414,-2
104000035,913,565,348
104000036,896,810,86
104000037,300,289,11
104000038,548,328,220
104000039,219,351,-132
104000040,389,519,-130
104000041,1303,457,846
104000042,281,396,-115
104000043,411,454,-43
104000044,372,816,-444
104000045,1075,1495,-420
104000046,1459,2211,-752
104000047,1200,1698,-498
104000048,1263,2111,-848
104000049,944,312,632
104000050,325,706,-381
104000051,161,662,-501
104000052,2445,1836,609
104000053,1829,664,1165
104000054,1143,560,583
104000055,4873,3534,1339
104000056,1842,318,1524
104000057,126,639,-513
104000058,980,805,175
104000059,665,1414,-749
104000060,1155,1358,-203
104000061,1561,1453,108
104000062,514,181,333
104000064,464,374,90
104000065,363,866,-503
104000069,1238,1147,91
104000070,77,708,-631
104000071,182,771,-589
104000072,791,225,566
104000075,167,385,-218
104000076,604,281,323
104000082,3004,3735,-731
104000083,1086,318,768
104000084,205,728,-523
104000085,356,474,-118
104000086,300,558,-258
104000087,679,2463,-1784
104000090,852,1750,-898
104000092,1480,2823,-1343
104000094,1253,2272,-1019
104000095,1982,1642,340
104000096,1900,370,1530
104000097,1950,1259,691
104000098,2290,1360,930
104000100,1973,966,1007
104000101,1399,2009,-610
104000106,139,754,-615
104000107,758,605,153
104000108,366,670,-304
104000109,405,114,291
104000110,1244,1438,-194
104000111,5440,3078,2362
104000112,3196,789,2407
104000116,5,1357,-1352
104000117,162,795,-633
104000118,676,313,363
104000119,858,352,506
104000120,323,971,-648
104000121,242,814,-572
104000122,751,905,-154
104000123,951,1353,-402
104000124,1375,2838,-1463
104000125,4570,4996,-426
104000126,533,519,14
104000127,1732,3302,-1570
104000128,933,625,308
104000129,573,57,516
104000130,18,440,-422
104000131,634,544,90
104000132,616,705,-89
104000133,1558,1002,556
104000134,1217,1984,-767
104000135,553,2206,-1653
104000136,1088,4628,-3540
104000137,1936,590,1346
104000138,1249,401,848
104000139,8626,3689,4937
104000141,1254,1704,-450
104000142,633,1070,-437
104000143,587,718,-131
104000144,85,234,-149
104000145,460,256,204
104000146,381,703,-322
104000147,213,434,-221
104000148,400,144,256
104000149,184,454,-270
104000150,1360,627,733
104000151,585,685,-100
104000152,797,920,-123
104000153,713,678,35
104000154,1253,1001,252
104000155,576,667,-91
104000157,1254,2066,-812
104000158,579,539,40
104000159,1037,560,477
104000160,2048,2094,-46
104000161,241,290,-49
104000162,71,200,-129
104000165,1449,1417,32
104000167,684,1154,-470
104000168,692,11,681
104000169,116,41,75
104000170,654,714,-60
104000248,351,902,-551
104000251,76,357,-281
104000272,0,0,0
104000273,0,0,0
104000274,0,0,0
104000275,0,0,0
104000279,828,556,272
104000290,202,348,-146
104000291,660,1269,-609
104000293,810,947,-137
104000294,38,0,38
104000295,674,1026,-352
104000296,410,905,-495
104000297,856,2089,-1233
104000298,2790,937,1853
104000299,883,1749,-866
104900001,212,644,-432
104900002,67,229,-162
104900003,45,490,-445
104900004,155,474,-319
104900005,398,300,98
104900006,406,120,286
104900007,313,262,51
104900009,182,487,-305
104900010,95,80,15
104900011,21,24,-3
104900012,309,39,270
104900013,162,20,142
104900014,3832,497,3335
104900015,105,21,84
104900016,354,315,39
104900017,249,309,-60
104900018,14,228,-214
104900019,483,3177,-2694
104900020,106,360,-254
104900021,4,332,-328
104900022,18,174,-156
104900023,3,105,-102
104900024,34,130,-96
104900025,107,437,-330
104900026,3,127,-124
104900027,614,421,193
104900028,44,112,-68
104900029,96,109,-13
104900030,583,336,247
104900031,156,276,-120
104900032,50,183,-133
104900033,194,316,-122
104900034,374,242,132
104900035,364,311,53
104900036,204,131,73
104900037,238,319,-81
104900038,838,1158,-320
104900039,1022,544,478
104900040,391,154,237
104900041,306,199,107
104900042,214,334,-120
104900043,25,210,-185
104900044,681,319,362
104900045,547,72,475
104900046,306,299,7
104900047,406,208,198
104900048,317,133,184
104900049,46,67,-21
104900050,651,230,421
104900051,373,73,300
104900052,78,5,73
104900053,568,149,419
104900054,198,84,114
104900055,112,5,107
104900056,478,40,438
104900057,105,1,104
104900058,1887,643,1244
104900059,552,124,428
104900060,4,599,-595
104900061,317,838,-521
104900063,5,164,-159
104900064,0,87,-87
104900065,1,246,-245
104900066,8,286,-278
104900067,14,430,-416
104900068,41,350,-309
104900070,266,430,-164
104900071,2,711,-709
104900072,77,425,-348
104900073,98,370,-272
104900074,152,302,-150
104900075,140,104,36
104900076,145,467,-322
104900077,1439,388,1051
104900078,280,766,-486
104900079,182,543,-361
104900080,118,676,-558
104900082,13,540,-527
104900085,4,289,-285
104900087,790,19,771
104900089,244,1,243
104900090,1647,719,928
104900091,1929,1012,917
104900093,335,765,-430
104900097,2646,2194,452
104900098,307,64,243
104900099,906,1441,-535
104900100,628,373,255
104900102,104,261,-157
104900103,578,93,485
104900104,4211,2875,1336
104900106,142,158,-16
104900107,152,315,-163
104900108,74,321,-247
104900109,129,477,-348
104900110,20,81,-61
104900111,187,240,-53
104900112,315,1010,-695
104900113,745,476,269
104900114,441,738,-297
104900115,857,557,300
104900116,326,289,37
104900118,41,159,-118
104900119,12,77,-65
104900120,57,335,-278
104900121,2,139,-137
104900122,7,91,-84
104900123,140,21,119
104900124,47,3,44
104900125,569,15,554
104900126,107,85,22
104900127,57,111,-54
104900128,104,141,-37
104900129,2446,2002,444
105000001,2513,1834,679
105000002,2375,1781,594
105000003,3773,4168,-395
105000004,721,1165,-444
105000005,915,1114,-199
105000006,1778,1733,45
105000007,1297,1428,-131
105000008,2091,2869,-778
105000009,2291,3506,-1215
105000010,3993,2901,1092
105000011,3673,2772,901
105000012,5252,4130,1122
105000013,1195,1197,-2
105000014,2630,2897,-267
105000015,12276,15306,-3030
105000016,4241,3072,1169
105000017,2285,1192,1093
105000018,1734,1775,-41
105000019,2147,1108,1039
105000020,212,482,-270
105000021,312,121,191
105000022,384,125,259
105000023,737,498,239
105000028,111,175,-64
105000029,737,1460,-723
105000030,4867,3669,1198
105000033,1337,2515,-1178
105000034,239,1191,-952
105000037,781,597,184
105000038,2571,1848,723
105000039,3982,2522,1460
105000040,1523,1216,307
105000041,1557,1844,-287
105000042,4346,1781,2565
105000043,2851,2930,-79
105000044,774,534,240
105000045,477,1295,-818
105000046,1242,410,832
105000047,672,2112,-1440
105000048,790,257,533
105000049,287,878,-591
105000050,701,463,238
105000051,153,593,-440
105000052,955,1050,-95
105000053,122,197,-75
105000054,651,1060,-409
105000055,1138,501,637
105000056,3230,2876,354
105000057,2756,1092,1664
105000058,1537,1799,-262
105000059,885,822,63
105000060,542,800,-258
105000061,651,716,-65
105000062,657,1029,-372
105000063,347,637,-290
105000064,1400,1142,258
105000065,343,808,-465
105000066,1335,2104,-769
105000067,1574,1160,414
105000068,640,1118,-478
105000069,2574,1810,764
105000070,942,1006,-64
105000071,316,824,-508
105000072,925,2115,-1190
105000073,942,745,197
105000074,1539,1124,415
105000075,750,1068,-318
105000076,1376,1160,216
105000077,2980,1244,1736
105000078,1869,1634,235
105000079,1745,3203,-1458
105000080,2449,1934,515
105000081,4160,1431,2729
105000082,1397,1831,-434
105000083,5219,3608,1611
105000084,1302,1192,110
105000085,2555,1956,599
105000086,703,1265,-562
105000087,1879,2186,-307
105000088,1792,1845,-53
105000089,3733,2812,921
105000090,1384,1081,303
105000091,2083,2480,-397
105000092,1079,1257,-178
105000093,414,279,135
105000094,288,290,-2
105000095,167,493,-326
105000096,1389,1099,290
105000097,1122,823,299
105000098,1056,897,159
105000099,1302,870,432
105000100,1517,1428,89
105000101,3085,2521,564
105000102,2435,1826,609
105000103,2069,2741,-672
105000104,4125,1215,2910
105000105,2512,2667,-155
105000106,2377,2382,-5
105000107,1443,1200,243
105000108,1792,1978,-186
105000109,1742,2364,-622
105000110,788,907,-119
105000111,828,1074,-246
105000112,1384,1097,287
105000113,465,996,-531
105000114,3595,1350,2245
105000115,392,1444,-1052
105000116,951,679,272
105000117,1061,1439,-378
105000118,719,662,57
105000119,818,1525,-707
105000120,1092,827,265
105000121,997,1506,-509
105000122,618,861,-243
105000123,2059,1883,176
105000124,2068,1164,904
105000125,883,2477,-1594
105000126,2255,2278,-23
105000127,2929,2928,1
105000128,1405,1445,-40
105000129,1335,448,887
105000130,513,2758,-2245
105000131,1057,606,451
105000132,1032,730,302
105000133,649,1350,-701
105000134,939,832,107
105000135,696,867,-171
105000136,257,439,-182
105000137,425,348,77
105000138,222,539,-317
105000139,1303,1336,-33
105000140,402,709,-307
105000141,391,832,-441
105000142,289,573,-284
105000143,406,1018,-612
105000144,381,1102,-721
105000145,697,529,168
105000146,557,1167,-610
105000147,671,461,210
105000148,1489,756,733
105000149,2723,2495,228
105000150,2614,2211,403
105000151,606,568,38
105000152,246,720,-474
105000153,667,991,-324
105000154,709,723,-14
105000155,551,1506,-955
105000156,1265,878,387
105000157,1151,2156,-1005
105000158,2232,1131,1101
105000159,306,1355,-1049
105000160,2142,834,1308
105000161,860,1398,-538
105000162,599,2060,-1461
105000163,1278,1251,27
105000164,259,391,-132
105000165,1645,5540,-3895
105000166,7033,1205,5828
105000167,2605,1628,977
105000168,417,833,-416
105000169,527,690,-163
105000170,328,1915,-1587
105000171,1352,377,975
105000172,276,149,127
105000173,205,373,-168
105000174,62,223,-161
105000175,104,174,-70
105000176,492,155,337
105000177,355,252,103
105000178,158,650,-492
105000179,578,429,149
105000180,198,183,15
105000181,150,392,-242
105000182,120,77,43
105000183,3339,2112,1227
105000184,2006,1092,914
105000185,1871,878,993
105000186,1333,946,387
105000187,1333,235,1098
105000188,578,182,396
105000189,376,525,-149
105000190,382,548,-166
105000191,440,453,-13
105000192,427,104,323
105000193,105,186,-81
105000194,388,179,209
105000195,508,1115,-607
105000196,65,287,-222
105000197,361,799,-438
105000198,754,498,256
105000199,392,736,-344
105000200,289,334,-45
105000201,249,48,201
105000203,39,228,-189
105000204,108,140,-32
105000205,145,229,-84
105000207,720,466,254
105000208,309,613,-304
105000209,331,609,-278
105000212,1393,1760,-367
105000213,287,287,0
105000214,246,454,-208
105000215,318,248,70
105000216,175,828,-653
105000217,263,631,-368
105000218,1592,1514,78
105000221,160,320,-160
105000222,990,120,870
105000223,547,259,288
105000226,130,439,-309
105000227,120,253,-133
105000228,486,2006,-1520
105000229,255,515,-260
105000231,398,362,36
105000233,1027,848,179
105000234,956,1499,-543
105000235,524,765,-241
105000237,883,90,793
105000243,51,262,-211
105000248,113,109,4
105000262,331,1820,-1489
105000269,168,276,-108
105000270,428,98,330
105000271,3,235,-232
105000282,90,58,32
105000287,447,186,261
105000288,1173,608,565
105000289,3081,2434,647
105000290,53,12,41
105000402,4924,4297,627
105000426,620,847,-227
105000438,4369,1837,2532
105000446,15549,7158,8391
105000447,9610,4021,5589
105000454,442,1061,-619
105000455,422,294,128
105000474,28,10,18
105000477,487,706,-219
105000478,2110,4489,-2379
105000479,246,201,45
105000480,9334,6188,3146
105000481,4787,3792,995
105000482,7471,8128,-657
105000483,1642,1948,-306
105000484,2783,3612,-829
105000485,1748,2883,-1135
105000486,5463,3171,2292
105000488,11177,6612,4565
105000489,1033,1102,-69
105000549,218,178,40
105000550,645,1998,-1353
105000551,56,198,-142
105000552,3170,2233,937
105900001,32,1585,-1553
105900002,1855,912,943
105900003,12,137,-125
105900004,468,180,288
105900005,6,385,-379
105900006,28,145,-117
105900007,274,42,232
105900008,81,802,-721
105900009,29,39,-10
105900011,460,79,381
105900012,875,215,660
105900013,18,55,-37
105900014,22,102,-80
105900015,224,402,-178
105900016,614,855,-241
105900017,1958,90,1868
105900018,262,230,32
105900019,138,846,-708
105900020,70,62,8
105900021,48,459,-411
105900022,510,296,214
105900023,15,169,-154
105900024,53,290,-237
105900025,128,96,32
105900026,303,40,263
105900027,8578,11794,-3216
105900028,1122,371,751
105900029,2107,537,1570
105900030,285,306,-21
105900031,475,323,152
105900032,85,223,-138
105900033,104,180,-76
105900034,446,329,117
105900035,278,252,26
105900036,106,190,-84
105900037,117,89,28
105900038,222,396,-174
105900039,128,144,-16
105900040,101,145,-44
105900041,199,303,-104
105900042,72,181,-109
105900043,1632,86,1546
105900044,4,284,-280
105900045,10,903,-893
105900046,11,324,-313
105900047,14,70,-56
105900048,157,846,-689
105900050,8913,2932,5981
105900051,58,1530,-1472
105900052,937,502,435
105900053,4687,3602,1085
105900054,502,338,164
105900056,1077,589,488
105900057,101,209,-108
105900058,10,24,-14
105900059,0,43,-43
106000001,5756,3358,2398
106000002,3679,6803,-3124
106000003,3007,4346,-1339
106000004,1995,3125,-1130
106000005,3442,7110,-3668
106000006,7281,5177,2104
106000007,692,748,-56
106000008,529,367,162
106000009,612,430,182
106000010,692,747,-55
106000011,1018,1381,-363
106000012,1001,1754,-753
106000013,2068,2808,-740
106000014,2374,1949,425
106000015,1782,1830,-48
106000016,1520,2964,-1444
106000017,681,939,-258
106000018,871,630,241
106000019,431,527,-96
106000020,333,528,-195
106000021,306,503,-197
106000022,402,323,79
106000023,737,501,236
106000024,710,757,-47
106000025,89,240,-151
106000026,135,329,-194
106000027,1481,1626,-145
106000028,840,730,110
106000029,931,1491,-560
106000030,924,689,235
106000034,267,712,-445
106000035,1341,2286,-945
106000036,367,581,-214
106000037,2499,1974,525
106000038,643,150,493
106000039,214,128,86
106000040,222,1026,-804
106000041,915,694,221
106000043,749,253,496
106000046,476,116,360
106000047,84,523,-439
106000049,964,377,587
106000050,395,976,-581
106000051,717,608,109
106000052,104,846,-742
106000053,368,162,206
106000054,410,688,-278
106000055,1340,1603,-263
106000056,375,507,-132
106000057,354,486,-132
106000058,176,237,-61
106000059,340,476,-136
106000060,487,641,-154
106000061,216,585,-369
106000062,209,661,-452
106000063,702,587,115
106000064,56,543,-487
106000065,372,387,-15
106000066,159,493,-334
106000067,942,148,794
106000068,98,864,-766
106000069,230,106,124
106000070,579,1113,-534
106000071,1134,446,688
106000072,3976,1948,2028
106000073,1890,3670,-1780
106000074,602,914,-312
106000075,362,1770,-1408
106000076,2136,2840,-704
106000077,4444,1717,2727
106000078,1164,1282,-118
106000079,916,1329,-413
106000080,1435,926,509
106000081,727,1385,-658
106000082,2849,1211,1638
106000083,439,1967,-1528
106000084,1366,821,545
106000085,1795,1932,-137
106000086,747,1091,-344
106000087,1048,675,373
106000088,444,950,-506
106000089,1049,483,566
106000090,361,684,-323
106000091,324,622,-298
106000092,846,341,505
106000093,383,248,135
106000094,132,344,-212
106000095,782,1082,-300
106000096,1044,957,87
106000097,1312,1342,-30
106000098,1148,1459,-311
106000099,242,1036,-794
106000100,1516,321,1195
106000101,1594,352,1242
106000102,307,838,-531
106000103,580,573,7
106000104,1033,638,395
106000105,629,896,-267
106000106,789,636,153
106000107,172,410,-238
106000108,343,404,-61
106000109,194,343,-149
106000110,240,511,-271
106000111,228,499,-271
106000112,244,721,-477
106000113,962,645,317
106000114,598,801,-203
106000115,227,559,-332
106000116,300,294,6
106000117,1354,907,447
106000118,1475,1824,-349
106000119,1839,1401,438
106000120,954,1513,-559
106000121,200,195,5
106000122,154,310,-156
106000123,464,272,192
106000124,74,357,-283
106000125,30,394,-364
106000126,296,211,85
106000127,983,1244,-261
106000128,868,287,581
106000129,505,999,-494
106000130,825,494,331
106000131,167,947,-780
106000132,650,315,335
106000133,2751,1501,1250
106000134,815,2079,-1264
106000135,374,811,-437
106000136,815,1144,-329
106000137,100,1139,-1039
106000138,1339,182,1157
106000139,65,168,-103
106000140,57,73,-16
106000141,147,117,30
106000142,95,80,15
106000143,161,105,56
106000144,42,47,-5
106000145,259,342,-83
106000146,397,224,173
106000147,533,607,-74
106000148,901,1096,-195
106000149,609,559,50
106000150,647,2252,-1605
106000151,4286,1041,3245
106000152,1663,2304,-641
106000153,113,1865,-1752
106000154,1396,253,1143
106000155,108,297,-189
106000156,816,413,403
106000157,895,2023,-1128
106000158,2529,1308,1221
106000159,4284,2123,2161
106000160,533,3149,-2616
106000161,1858,585,1273
106000162,258,1151,-893
106000163,662,584,78
106000164,375,472,-97
106000165,312,759,-447
106000166,804,462,342
106000167,506,1392,-886
106000168,498,460,38
106000169,274,812,-538
106000170,1262,416,846
106000171,409,1535,-1126
106000172,3344,2146,1198
106000173,1747,3556,-1809
106000174,1429,517,912
106000175,402,1218,-816
106000176,2073,993,1080
106000177,971,3390,-2419
106000178,4213,2347,1866
106000179,1588,3270,-1682
106000180,1112,1825,-713
106000181,896,2300,-1404
106000182,1275,1010,265
106000183,1488,991,497
106000184,2697,1147,1550
106000185,1452,1518,-66
106000186,1272,305,967
106000187,391,1510,-1119
106000188,0,4,-4
106000189,41,73,-32
106000190,64,0,64
106000191,726,300,426
106000192,0,34,-34
106000193,598,373,225
106000194,222,658,-436
106000195,1797,353,1444
106000196,455,910,-455
106000197,991,491,500
106000198,319,367,-48
106000199,1979,1196,783
106000200,309,383,-74
106000201,607,3064,-2457
106000202,5417,868,4549
106000203,122,219,-97
106000204,119,7,112
106000205,31,191,-160
106000206,91,33,58
106000207,41,905,-864
106000208,1498,227,1271
106000209,1774,524,1250
106000210,388,1364,-976
106000211,419,1533,-1114
106000212,1082,452,630
106000213,1129,2343,-1214
106000214,4047,1085,2962
106000215,624,560,64
106000216,709,484,225
106000217,332,496,-164
106000218,576,611,-35
106000219,174,345,-171
106000220,364,362,2
106000221,160,352,-192
106000222,84,130,-46
106000223,199,137,62
106000224,237,321,-84
106000225,82,170,-88
106000226,126,352,-226
106000228,58,118,-60
106000229,115,856,-741
106000231,996,254,742
106000232,135,447,-312
106000233,1183,131,1052
106000234,459,280,179
106000235,2733,108,2625
106000236,1046,192,854
106000237,20,18,2
106000238,516,18,498
106000239,2,206,-204
106000240,92,7,85
106000241,32,917,-885
106000242,265,44,221
106000249,50,90,-40
106000250,115,755,-640
106000251,204,68,136
106000252,58,113,-55
106000253,62,122,-60
106000254,54,61,-7
106000255,31,176,-145
106000256,70,86,-16
106000257,223,398,-175
106000258,1072,32,1040
106000259,21,133,-112
106000260,59,6,53
106000261,4,67,-63
106000262,182,26,156
106000263,30,106,-76
106000264,247,31,216
106000265,26,233,-207
106000266,143,56,87
106000267,18,146,-128
106000268,517,124,393
106000269,79,87,-8
106000270,208,726,-518
106000271,151,291,-140
106000272,391,109,282
106000273,22,344,-322
106000274,235,72,163
106000275,165,367,-202
106000276,268,70,198
106000277,176,320,-144
106000278,239,51,188
106000279,22,73,-51
106000280,101,132,-31
106000281,90,70,20
106000282,63,91,-28
106000283,195,85,110
106000284,91,129,-38
106000285,174,104,70
106000286,95,232,-137
106000287,234,94,140
106000288,136,220,-84
106000289,143,82,61
106000290,65,146,-81
106000291,147,163,-16
106000292,86,155,-69
106000293,187,142,45
106000294,149,167,-18
106000295,87,66,21
106000296,69,136,-67
106000297,89,322,-233
106000298,180,99,81
106000299,103,181,-78
106000300,70,138,-68
106000301,135,144,-9
106000303,52,132,-80
106000304,56,60,-4
106000305,117,90,27
106000306,52,76,-24
106000307,88,25,63
106000308,61,227,-166
106000309,21,137,-116
106000310,359,690,-331
106000311,452,279,173
106000312,112,227,-115
106000313,225,293,-68
106000318,217,659,-442
106000319,1132,260,872
106000320,4,80,-76
106000321,777,172,605
106000322,143,237,-94
106000324,27,162,-135
106000325,1880,1284,596
106000326,1084,2330,-1246
106000327,117,166,-49
106000328,79,195,-116
106000329,301,358,-57
106000330,144,119,25
106000428,87,171,-84
106000429,198,527,-329
106000430,427,1324,-897
106000431,2458,505,1953
106000432,2116,3322,-1206
106000433,2182,1515,667
106000434,3562,2027,1535
106000435,2066,3261,-1195
106000436,11,334,-323
106000437,387,46,341
106000438,551,238,313
106000439,101,570,-469
106000440,509,476,33
106000441,0,1,-1
106000442,112,11,101
106000443,133,389,-256
106000450,7,222,-215
106000451,19,77,-58
106000454,4,579,-575
106000455,8,269,-261
106000456,146,71,75
106000457,22,1366,-1344
106000458,783,209,574
106000459,134,648,-514
106000460,1733,45,1688
106000461,126,1903,-1777
106000462,1,36,-35
106000463,6,34,-28
106000464,12,591,-579
106000465,663,5,658
106000466,8,782,-774
106000467,667,907,-240
106000468,104,262,-158
106000469,311,6,305
106000470,366,2106,-1740
106000471,41,826,-785
106000472,179,17,162
106000473,50,16,34
106000474,384,683,-299
106000475,321,239,82
106000476,194,267,-73
106000477,37,42,-5
106900001,0,19,-19
106900002,4,666,-662
106900003,369,1224,-855
106900004,0,51,-51
106900006,1,13,-12
106900007,0,14,-14
106900008,348,374,-26
106900009,419,521,-102
106900010,335,418,-83
106900012,2510,2666,-156
106900013,902,228,674
106900014,26,8,18
106900015,33,3,30
106900016,360,20,340
106900017,10,1,9
106900018,2,2,0
106900019,52,2,50
106900020,3356,1754,1602
106900021,155,100,55
106900022,905,7,898
106900023,105,344,-239
106900024,829,51,778
106900025,100,777,-677
106900026,8,828,-820
106900027,1149,10,1139
107000001,5170,4342,828
107000002,4983,6743,-1760
107000003,6208,7800,-1592
107000004,6596,6706,-110
107000005,4785,6185,-1400
107000006,6549,6854,-305
107000007,6632,12061,-5429
107000008,15240,12278,2962
107000009,7801,8357,-556
107000010,15437,13230,2207
107000011,1452,1691,-239
107000012,5704,4453,1251
107000013,70,127,-57
107000014,46,292,-246
107000015,488,946,-458
107000016,766,1056,-290
107000017,5614,1408,4206
107000018,26,733,-707
107000020,3571,1044,2527
107000021,2441,566,1875
107000022,1437,1616,-179
107000023,3150,332,2818
107000024,697,1937,-1240
107000025,201,495,-294
107000026,322,715,-393
107000027,1436,1477,-41
107000028,1374,2014,-640
107000029,3694,3393,301
107000030,4261,4493,-232
107000031,4342,3289,1053
107000032,739,1360,-621
107000033,4310,6849,-2539
107000034,4395,2297,2098
107000035,481,313,168
107000036,523,1526,-1003
107000037,113,1011,-898
107000038,379,381,-2
107000039,869,841,28
107000040,247,531,-284
107000041,2155,1107,1048
107000042,1077,2671,-1594
107000043,3458,1420,2038
107000044,648,502,146
107000045,152,416,-264
107000046,875,589,286
107000047,621,1096,-475
107000048,831,313,518
107000049,689,920,-231
107000050,1149,683,466
107000051,644,509,135
107000052,1314,1287,27
107000053,437,317,120
107000054,84,404,-320
107000055,156,165,-9
107000056,492,1117,-625
107000057,1543,347,1196
107000058,2610,2888,-278
107000059,3027,4297,-1270
107000060,4568,6398,-1830
107000061,6176,4998,1178
107000062,4201,3587,614
107000063,4773,6573,-1800
107000064,5525,2714,2811
107000065,7048,6210,838
107000066,2591,3338,-747
107000067,1584,1479,105
107000068,1799,940,859
107000069,880,559,321
107000070,1512,8,1504
107000071,3487,71,3416
107000072,95,3780,-3685
107000073,875,392,483
107000074,209,1253,-1044
107000075,1874,659,1215
107000076,1121,2198,-1077
107000077,3960,1707,2253
107000078,3514,4702,-1188
107000079,2990,1319,1671
107000080,1508,4348,-2840
107000081,1933,849,1084
107000082,684,2652,-1968
107000083,1623,640,983
107000084,635,2694,-2059
107000085,3495,4405,-910
107000086,4647,4158,489
107000087,3372,2818,554
107000088,4471,4513,-42
107000089,1544,2249,-705
107000090,1222,1322,-100
107000091,1393,1151,242
107000092,949,1263,-314
107000093,1389,1171,218
107000094,1214,1530,-316
107000095,1081,819,262
107000096,774,1381,-607
107000097,806,308,498
107000098,1024,793,231
107000099,665,384,281
107000100,378,347,31
107000101,96,228,-132
107000102,334,466,-132
107000103,269,263,6
107000104,219,344,-125
107000105,366,172,194
107000106,422,299,123
107000107,665,261,404
107000108,348,755,-407
107000109,801,204,597
107000110,97,514,-417
107000111,441,82,359
107000112,62,370,-308
107000113,626,188,438
107000114,145,595,-450
107000115,573,159,414
107000116,130,924,-794
107000117,126,696,-570
107000118,159,253,-94
107000119,1856,1919,-63
107000120,1661,607,1054
107000121,934,956,-22
107000122,1399,1337,62
107000123,491,881,-390
107000124,560,1263,-703
107000125,991,841,150
107000126,1020,1109,-89
107000129,955,510,445
107000130,1159,461,698
107000131,602,604,-2
107000132,712,446,266
107000133,1200,116,1084
107000134,394,5,389
107000135,13,383,-370
107000136,909,13,896
107000137,28,512,-484
107000138,673,59,614
107000139,25,549,-524
107000140,2639,205,2434
107000141,211,1044,-833
107000142,793,151,642
107000143,116,1020,-904
107000144,1012,685,327
107000145,245,739,-494
107000146,231,530,-299
107000147,3383,1086,2297
107000150,1130,3206,-2076
107000151,63,150,-87
107000152,610,1397,-787
107000153,268,602,-334
107000154,327,335,-8
107000155,1036,46,990
107000156,1380,42,1338
107000157,80,2063,-1983
107000158,726,31,695
107000159,61,1308,-1247
107000160,1034,195,839
107000161,124,2149,-2025
107000162,380,708,-328
107000163,289,26,263
107000164,778,0,778
107000165,1039,12,1027
107000166,75,1580,-1505
107000167,778,395,383
107000168,951,682,269
107000169,955,1109,-154
107000170,2409,1217,1192
107000171,1132,2876,-1744
107000172,1195,1515,-320
107000173,825,1494,-669
107000174,1323,5731,-4408
107000175,9698,2653,7045
107000176,4,4,0
107000177,32,10,22
107000178,27,78,-51
107000179,541,2916,-2375
107000180,1512,1058,454
107000181,498,1493,-995
107000182,1998,1337,661
107000183,169,1160,-991
107000184,1161,956,205
107000185,542,2055,-1513
107000186,1453,640,813
107000187,1894,1825,69
107000188,787,790,-3
107000189,578,1481,-903
107000190,872,994,-122
107000191,839,1370,-531
107000192,1931,1097,834
107000193,547,635,-88
107000194,966,956,10
107000197,1162,427,735
107000198,437,932,-495
107000199,796,1017,-221
107000200,813,817,-4
107000201,520,367,153
107000202,419,679,-260
107000203,1803,918,885
107000204,2360,943,1417
107000205,2919,1342,1577
107000206,1732,1745,-13
107000207,534,856,-322
107000208,918,405,513
107000209,3221,1541,1680
107000210,1185,557,628
107000211,7,40,-33
107000212,17,409,-392
107000213,14,22,-8
107000214,20,193,-173
107000215,488,574,-86
107000216,519,431,88
107000217,211,213,-2
107000219,140,172,-32
107000220,306,284,22
107000222,386,1205,-819
107000224,574,116,458
107000225,554,694,-140
107000226,508,119,389
107000227,193,410,-217
107000228,120,279,-159
107000229,187,223,-36
107000230,1258,584,674
107000231,2372,1973,399
107000232,148,71,77
107000233,2100,1150,950
107000234,5,45,-40
107000235,118,12,106
107000236,25,831,-806
107000237,23,1,22
107000238,65,4,61
107000239,4280,663,3617
107000240,135,1312,-1177
107000241,124,30,94
107000242,581,69,512
107000243,0,82,-82
107000244,6,116,-110
107000246,4,1287,-1283
107000249,8,1218,-1210
107000251,9,389,-380
107000252,8,1498,-1490
107000255,691,126,565
107000257,5,516,-511
107000258,3,119,-116
107000259,11,242,-231
107000260,816,31,785
107000262,11,620,-609
107000263,293,52,241
107000266,10,27,-17
107000267,93,186,-93
107000268,162,203,-41
107000269,829,52,777
107000270,5,33,-28
107000271,17,953,-936
107000272,27,193,-166
107000273,3,250,-247
107000274,1991,342,1649
107000275,160,1023,-863
107000280,1008,43,965
107000281,82,1165,-1083
107000282,64,1245,-1181
107000290,6,37,-31
107000291,54,13,41
107000292,0,78,-78
107000293,213,7,206
107000294,1,44,-43
107000295,196,4,192
107000296,0,21,-21
107000444,303,9,294
107000496,3,30,-27
107000497,1921,3691,-1770
107000500,348,373,-25
107000501,154,181,-27
107000502,223,410,-187
107000505,509,1056,-547
107000506,4,89,-85
107000508,12,814,-802
107000509,291,1187,-896
107000510,52,26,26
107000514,98,428,-330
107000515,29,281,-252
107000516,429,423,6
107000518,1347,1467,-120
107000519,2637,1275,1362
107000520,98,43,55
107900001,118,222,-104
107900002,84,8,76
107900003,401,23,378
107900004,141,3,138
107900005,1549,5,1544
107900006,296,6,290
107900007,470,53,417
107900008,202,40,162
107900009,265,9,256
107900010,37,4,33
107900012,131,9,122
107900013,330,72,258
107900014,33,12,21
107900015,1110,22,1088
107900016,520,160,360
107900017,95,12,83
107900018,73,215,-142
107900019,30,57,-27
107900020,160,14,146
107900021,79,195,-116
107900023,9,3,6
107900024,0,10,-10
107900025,243,422,-179
107900026,86,103,-17
107900027,104,95,9
107900028,89,113,-24
107900030,164,36,128
107900031,61,132,-71
107900032,29,5,24
107900033,28,13,15
107900034,469,26,443
107900035,1058,63,995
107900036,56,20,36
107900037,0,7,-7
107900038,177,295,-118
107900039,23,55,-32
107900040,194,427,-233
107900041,4,5,-1
107900043,23,176,-153
107900044,31,21,10
107900045,137,69,68
107900046,280,280,0
107900047,13,32,-19
107900048,214,8,206
107900049,434,2144,-1710
107900050,186,479,-293
107900051,100,78,22
107900052,31,40,-9
107900053,65,97,-32
107900055,1031,450,581
107900056,212,59,153
107900057,0,0,0
107900058,61,787,-726
107900060,88,38,50
107900061,25,12,13
107900063,95,168,-73
107900064,420,135,285
107900065,263,23,240
107900066,31,4,27
107900067,0,0,0
107900068,238,410,-172
107900069,43,2151,-2108
107900070,195,74,121
107900071,38,995,-957
107900072,106,256,-150
107900073,369,147,222
107900074,1133,420,713
107900076,131,76,55
107900077,96,4,92
107900078,267,54,213
107900079,24,45,-21
107900080,362,428,-66
107900081,54,168,-114
107900082,20,30,-10
107900083,476,218,258
107900084,100,196,-96
107900086,172,209,-37
107900087,942,221,721
107900088,41,16,25
107900089,380,1204,-824
107900090,864,3451,-2587
107900091,310,636,-326
107900092,2611,717,1894
107900093,160,150,10
107900095,4346,3271,1075
107900097,29,91,-62
107900098,43,221,-178
107900100,1378,1499,-121
107900101,1435,316,1119
107900102,47,16,31
107900103,67,248,-181
107900104,326,28,298
107900105,12,380,-368
107900106,5,1467,-1462
107900107,1567,698,869
107900108,429,208,221
107900109,1390,23,1367
107900110,77,175,-98
107900111,8,1002,-994
107900112,124,430,-306
107900113,340,202,138
107900114,184,224,-40
107900115,6,59,-53
107900116,205,245,-40
107900117,436,679,-243
107900118,101,305,-204
107900119,95,462,-367
107900120,36,33,3
107900121,5,356,-351
107900122,10,130,-120
107900123,1,51,-50
107900124,99,36,63
107900125,42,211,-169
107900126,11,56,-45
107900127,652,426,226
107900128,188,107,81
107900129,70,77,-7
107900130,125,53,72
107900131,1028,420,608
107900132,196,633,-437
107900133,3,102,-99
107900134,42,82,-40
107900135,9,199,-190
107900136,46,82,-36
107900137,409,124,285
107900138,101,124,-23
107900139,36,125,-89
107900140,132,80,52
107900141,77,82,-5
107900142,229,1196,-967
107900143,245,44,201
107900144,4,163,-159
107900145,18,172,-154
107900146,114,229,-115
107900147,81,68,13
107900148,207,223,-16
107900149,1423,347,1076
107900150,123,1004,-881
107900151,60,158,-98
107900152,15,402,-387
107900153,216,479,-263
107900154,104,48,56
107900155,78,101,-23
107900156,11,433,-422
107900157,57,67,-10
107900158,987,31,956
107900159,75,1340,-1265
107900160,142,239,-97
107900161,37,265,-228
107900162,6,191,-185
107900163,334,229,105
107900164,15,53,-38
107900165,40,140,-100
107900166,19,298,-279
107900167,28,63,-35
107900168,35,57,-22
107900169,8,242,-234
107900171,34,2019,-1985
107900172,5,452,-447
107900173,18,242,-224
107900174,111,8,103
107900175,30,45,-15
107900176,29,75,-46
107900177,6,294,-288
107900178,1,223,-222
107900179,30,201,-171
107900180,926,625,301
107900181,773,393,380
107900182,12,1598,-1586
107900183,41,402,-361
107900184,287,391,-104
107900185,131,6,125
107900186,22,60,-38
107900187,0,179,-179
107900188,880,205,675
107900189,35,195,-160
107900190,134,121,13
107900191,69,156,-87
107900193,18,105,-87
107900194,246,14,232
107900195,3514,579,2935
107900196,63,195,-132
107900197,1265,507,758
107900199,2,1176,-1174
107900201,144,162,-18
107900203,58,94,-36
107900204,319,402,-83
107900205,271,561,-290
107900206,1149,226,923
107900207,2,660,-658
107900208,13,796,-783
107900209,457,224,233
107900210,97,187,-90
107900213,1130,934,196
107900214,24,169,-145
107900215,216,438,-222
107900216,189,81,108
107900217,50,144,-94
107900218,22,1611,-1589
107900219,48,200,-152
107900220,412,393,19
107900221,289,305,-16
107900223,95,844,-749
107900224,155,528,-373
107900225,36,779,-743
107900226,98,140,-42
107900227,140,612,-472
107900228,24,168,-144
107900229,54,326,-272
107900230,7,174,-167
107900231,26,276,-250
107900232,67,206,-139
107900233,12,248,-236
107900234,120,204,-84
107900235,39,153,-114
107900236,123,131,-8
107900237,36,244,-208
107900238,20,144,-124
107900239,1186,681,505
107900240,24,233,-209
107900241,13,122,-109
107900242,40,358,-318
107900243,16,91,-75
107900244,375,3,372
107900245,804,54,750
107900246,1271,19,1252
107900248,516,676,-160
107900249,743,50,693
107900250,6,730,-724
107900251,102,1913,-1811
107900252,1056,42,1014
107900253,205,8,197
107900254,94,957,-863
107900255,449,197,252
107900256,2958,1101,1857
107900257,293,239,54
107900258,186,217,-31
107900259,206,2403,-2197
107900261,1,501,-500
107900262,95,171,-76
107900264,477,6,471
107900265,204,190,14
107900267,226,30,196
107900268,9,1,8
107900269,0,2,-2
107900270,0,0,0
107900271,0,10,-10
107900272,90,8,82
107900273,63,131,-68
107900274,105,0,105
107900275,26,0,26
107900276,1,99,-98
107900277,4,191,-187
107900278,333,451,-118
107900279,158,225,-67
107900280,2383,2726,-343
107900281,2667,3077,-410
107900282,85,516,-431
107900283,1502,715,787
107900284,756,875,-119
107900285,138,119,19
107900286,246,140,106
107900287,222,244,-22
107900290,8,169,-161
107900291,530,24,506
107900292,200,297,-97
107900293,76,542,-466
107900295,47,88,-41
107900297,1,483,-482
107900298,828,1080,-252
107900299,4182,2620,1562
107900300,97,262,-165
107900301,1942,687,1255
107900302,196,81,115
107900303,335,489,-154
107900304,235,502,-267
107900305,353,24,329
107900306,26,34,-8
107900307,73,348,-275
107900308,219,147,72
107900309,193,1,192
107900310,734,7,727
107900311,6,256,-250
107900312,106,0,106
107900313,1,175,-174
107900314,3,40,-37
107900315,1,72,-71
107900316,91,4,87
107900317,191,30,161
107900318,10,213,-203
107900319,3,252,-249
107900320,8,234,-226
107900321,162,5,157
107900322,2,196,-194
107900323,15,200,-185
107900324,191,3,188
107900325,136,2,134
107900326,398,370,28
107900327,5,64,-59
107900328,193,1,192
107900329,228,137,91
107900330,8,418,-410
107900331,220,44,176
107900332,244,52,192
107900333,51,27,24
107900334,12,217,-205
107900335,85,68,17
107900336,159,60,99
107900337,1548,991,557
107900338,9,190,-181
107900339,1,42,-41
107900340,2,63,-61
107900341,80,3,77
107900342,149,198,-49
107900343,180,4,176
107900344,21,177,-156
107900345,101,40,61
107900346,39,6,33
107900347,26,7,19
107900348,20,5,15
107900349,25,4,21
107900350,29,328,-299
108000001,3576,4357,-781
108000002,2446,3722,-1276
108000003,4116,3830,286
108000004,16751,20482,-3731
108000005,9082,7170,1912
108000006,10713,10264,449
108000007,5713,5013,700
108000008,5870,8633,-2763
108000009,4278,5028,-750
108000010,4292,6148,-1856
108000011,14579,13869,710
108000012,22928,21038,1890
108000014,1370,818,552
108000015,778,357,421
108000016,371,719,-348
108000017,1135,544,591
108000018,2502,852,1650
108000019,2831,1008,1823
108000020,1680,730,950
108000021,508,2250,-1742
108000022,618,1868,-1250
108000023,1361,355,1006
108000024,346,718,-372
108000025,369,351,18
108000026,575,633,-58
108000027,809,633,176
108000028,688,382,306
108000029,697,729,-32
108000030,885,357,528
108000031,270,886,-616
108000032,1515,974,541
108000033,978,1524,-546
108000034,1737,722,1015
108000035,1118,3172,-2054
108000036,434,1345,-911
108000037,1767,620,1147
108000038,2672,778,1894
108000039,846,2802,-1956
108000040,2083,1195,888
108000041,842,3458,-2616
108000042,272,330,-58
108000043,297,387,-90
108000044,471,239,232
108000045,342,691,-349
108000046,1481,456,1025
108000047,674,1463,-789
108000048,382,522,-140
108000049,1517,407,1110
108000050,144,561,-417
108000051,370,144,226
108000052,324,973,-649
108000053,523,325,198
108000054,686,1405,-719
108000055,1527,658,869
108000056,1180,1535,-355
108000057,715,1376,-661
108000058,2578,4139,-1561
108000059,4173,2769,1404
108000060,207,467,-260
108000061,143,352,-209
108000062,986,741,245
108000063,531,717,-186
108000064,290,330,-40
108000065,665,859,-194
108000066,1822,978,844
108000067,1909,743,1166
108000068,829,461,368
108000069,252,1315,-1063
108000070,2186,915,1271
108000071,812,2141,-1329
108000072,1997,1474,523
108000073,1855,2655,-800
108000074,694,531,163
108000075,468,1318,-850
108000076,968,817,151
108000077,841,993,-152
108000078,2501,1978,523
108000079,1140,2238,-1098
108000080,1599,768,831
108000081,818,2357,-1539
108000082,1279,2367,-1088
108000083,2230,1258,972
108000084,695,1476,-781
108000085,1034,609,425
108000086,1381,1022,359
108000087,176,2299,-2123
108000088,219,19,200
108000089,419,534,-115
108000090,544,230,314
108000091,426,610,-184
108000092,169,136,33
108000093,249,856,-607
108000094,646,150,496
108000095,170,504,-334
108000096,333,228,105
108000097,132,600,-468
108000098,1786,1928,-142
108000099,293,95,198
108000100,78,209,-131
108000101,2077,1696,381
108000102,1885,3407,-1522
108000106,1355,4,1351
108000107,2,1125,-1123
108000108,968,105,863
108000109,23,960,-937
108000110,249,384,-135
108000111,260,913,-653
108000112,64,137,-73
108000113,639,369,270
108000115,428,451,-23
108000117,914,481,433
108000118,113,310,-197
108000119,884,484,400
108000120,162,826,-664
108000121,287,709,-422
108000122,753,370,383
108000123,1872,314,1558
108000124,884,1087,-203
108000125,535,449,86
108000126,248,586,-338
108000127,621,510,111
108000128,805,664,141
108000129,1102,1516,-414
108000130,1133,363,770
108000131,1040,868,172
108000132,2806,2127,679
108000133,996,727,269
108000134,560,813,-253
108000135,1349,738,611
108000136,713,1284,-571
108000137,462,521,-59
108000138,506,1232,-726
108000139,587,388,199
108000140,121,66,55
108000141,54,125,-71
108000142,87,91,-4
108000143,39,30,9
108000144,36,28,8
108000145,67,16,51
108000146,65,34,31
108000147,94,51,43
108000148,108,30,78
108000149,36,23,13
108000150,38,6,32
108000151,69,25,44
108000152,157,623,-466
108000153,542,209,333
108000154,77,11,66
108000155,81,19,62
108000156,340,159,181
108000157,228,1131,-903
108000158,142,926,-784
108000159,691,281,410
108000160,4179,1654,2525
108000161,3907,3428,479
108000165,13,226,-213
108000172,4,385,-381
108000173,2501,2551,-50
108000175,291,124,167
108000178,545,421,124
108000179,234,903,-669
108000181,61,48,13
108000182,152,25,127
108000183,115,21,94
108000184,1323,2597,-1274
108000185,307,880,-573
108000186,249,103,146
108000187,245,927,-682
108000188,832,332,500
108000189,916,1633,-717
108000190,59,158,-99
108000192,221,668,-447
108000193,863,62,801
108000194,79,8,71
108000195,3,1253,-1250
108000196,817,230,587
108000198,504,509,-5
108000199,0,159,-159
108000200,617,712,-95
108000202,4,333,-329
108000203,143,1006,-863
108000204,260,103,157
108000205,517,676,-159
108000339,1944,505,1439
108000364,201,448,-247
108000365,116,417,-301
108000367,152,450,-298
108000368,17,76,-59
108000369,1499,376,1123
108000371,3,772,-769
108000372,650,7,643
108000373,221,186,35
108000376,124,46,78
108000377,398,306,92
108000378,10692,12357,-1665
108000379,38,252,-214
108000381,81,37,44
108000382,159,1,158
108000383,0,179,-179
108900001,141,1325,-1184
108900002,227,99,128
108900003,386,978,-592
108900004,178,437,-259
108900005,99,415,-316
108900006,738,195,543
108900007,329,286,43
108900008,99,183,-84
108900009,68,157,-89
108900010,206,246,-40
108900011,561,541,20
108900012,379,553,-174
108900013,209,367,-158
108900014,16,154,-138
108900015,2,92,-90
108900016,2,395,-393
108900017,438,500,-62
108900018,173,621,-448
108900019,91,1134,-1043
108900020,45,299,-254
108900021,125,336,-211
108900022,94,11,83
108900023,2,50,-48
108900024,51,167,-116
108900025,132,162,-30
108900026,76,111,-35
108900027,0,127,-127
108900028,114,408,-294
108900029,97,279,-182
108900030,1,134,-133
108900031,120,592,-472
108900032,34,309,-275
108900033,0,83,-83
108900034,0,313,-313
108900035,410,1754,-1344
108900036,192,447,-255
108900037,121,476,-355
108900038,1,386,-385
108900039,3,580,-577
108900040,8,171,-163
108900041,6750,3602,3148
108900042,9,423,-414
108900043,93,586,-493
108900044,8,671,-663
108900045,88,657,-569
108900046,87,1068,-981
108900047,1,70,-69
108900048,152,1297,-1145
108900049,4535,2010,2525
108900050,2,313,-311
108900051,0,219,-219
108900052,46,304,-258
108900053,165,275,-110
108900054,106,345,-239
108900055,114,452,-338
108900056,4,196,-192
108900057,0,217,-217
108900058,33,448,-415
108900059,472,63,409
108900060,116,144,-28
108900061,135,50,85
108900062,7,330,-323
108900063,17,400,-383
108900064,253,102,151
108900065,27,337,-310
108900066,474,162,312
108900067,61,231,-170
108900068,0,138,-138
108900069,86,129,-43
108900070,46,194,-148
108900071,100,102,-2
108900072,2758,1056,1702
108900073,21,101,-80
108900074,224,512,-288
108900075,72,72,0
108900076,365,123,242
108900077,155,168,-13
108900078,20,176,-156
108900079,1186,315,871
108900080,68,962,-894
108900081,73,283,-210
108900082,53,123,-70
108900083,38,358,-320
108900084,465,210,255
108900085,2595,290,2305
108900086,124,299,-175
108900087,140,309,-169
108900088,1132,485,647
108900089,55,199,-144
108900090,65,400,-335
108900091,154,149,5
108900092,536,500,36
108900093,157,142,15
108900094,238,107,131
108900095,58,422,-364
108900096,425,36,389
108900097,365,296,69
108900098,3320,998,2322
108900099,399,358,41
108900100,126,177,-51
108900101,278,206,72
108900102,215,1180,-965
108900103,350,150,200
108900104,192,538,-346
108900105,12,1299,-1287
108900106,468,532,-64
108900108,738,97,641
108900109,224,33,191
108900110,291,601,-310
108900111,521,795,-274
108900112,338,64,274
108900113,56,71,-15
108900114,0,4,-4
108900115,140,143,-3
108900116,110,22,88
108900117,182,17,165
108900118,607,23,584
108900119,255,37,218
108900120,448,256,192
108900121,445,220,225
108900122,132,40,92
108900123,132,180,-48
108900124,529,311,218
108900125,428,5,423
108900126,165,73,92
108900127,174,29,145
108900128,109,61,48
108900129,854,234,620
108900130,383,1,382
108900131,537,7,530
108900132,656,115,541
108900133,219,99,120
108900134,308,306,2
108900135,215,32,183
108900136,69,0,69
108900137,146,6,140
108900138,708,64,644
108900139,781,200,581
108900140,332,320,12
108900141,316,30,286
108900142,232,18,214
108900143,51,0,51
108900144,138,3,135
108900145,191,13,178
108900146,89,5,84
108900147,211,1,210
108900148,107,77,30
108900149,597,486,111
108900150,348,13,335
108900151,536,31,505
108900152,194,85,109
108900153,267,497,-230
108900154,5338,637,4701
108900155,288,116,172
108900156,92,9,83
108900157,37,631,-594
108900158,730,53,677
108900159,13,374,-361
108900160,37,329,-292
108900161,32,546,-514
108900162,111,3,108
108900163,4,305,-301
108900164,79,113,-34
108900165,215,133,82
108900167,2547,6578,-4031
108900168,9831,3350,6481
108900169,70,153,-83
108900171,10405,3214,7191
108900172,249,100,149
108900173,290,521,-231
108900174,850,752,98
108900176,197,601,-404
108900177,7152,5618,1534
108900178,5148,3755,1393
108900179,660,1835,-1175
108900180,119,271,-152
108900182,50,283,-233
108900183,201,322,-121
108900184,489,358,131
108900185,241,466,-225
108900186,152,453,-301
108900187,361,89,272
108900188,549,116,433
108900189,542,266,276
108900190,89,3772,-3683
108900191,313,67,246
108900192,129,312,-183
108900193,623,87,536
108900194,115,549,-434
108900195,125,418,-293
108900196,36,626,-590
108900198,11,556,-545
108900199,336,517,-181
108900200,594,400,194
108900201,655,1716,-1061
108900203,645,92,553
108900204,377,24,353
108900205,237,41,196
108900206,800,69,731
108900207,196,72,124
108900208,22,476,-454
108900209,334,782,-448
108900210,292,337,-45
108900211,207,599,-392
108900212,931,1627,-696
108900215,110,583,-473
108900216,632,217,415
108900217,246,5,241
108900218,206,125,81
108900219,118,14,104
108900220,71,47,24
108900221,63,177,-114
108900222,313,30,283
108900223,10,166,-156
108900224,53,333,-280
108900225,3,218,-215
108900226,331,14,317
108900227,127,367,-240
108900230,419,330,89
108900231,50,267,-217
108900232,8,381,-373
108900233,607,148,459
108900234,422,286,136
108900235,365,806,-441
108900236,71,419,-348
108900237,128,281,-153
108900240,217,168,49
108900241,57,76,-19
108900245,25,1733,-1708
108900249,160,61,99
108900250,231,191,40
108900257,243,625,-382
108900258,13,291,-278
108900259,165,110,55
108900260,13,142,-129
108900261,118,200,-82
108900262,225,187,38
108900263,48,269,-221
108900264,597,382,215
108900265,1464,462,1002
108900266,1315,639,676
108900267,4,111,-107
108900268,34,10,24
108900269,100,18,82
108900270,82,21,61
108900271,60,32,28
108900272,202,12,190
108900273,1209,905,304
108900274,42,49,-7
109000001,3433,1458,1975
109000002,1747,1678,69
109000003,2678,644,2034
109000004,601,2522,-1921
109000005,2549,852,1697
109000006,816,2352,-1536
109000007,1587,667,920
109000008,558,2073,-1515
109000009,3916,1569,2347
109000010,1693,4647,-2954
109000011,3427,2558,869
109000012,2338,4204,-1866
109000013,4160,3584,576
109000014,2773,3993,-1220
109000015,4144,7623,-3479
109000016,8194,4684,3510
109000017,2440,1406,1034
109000018,1071,3712,-2641
109000019,2850,1657,1193
109000020,1197,2216,-1019
109000023,291,36,255
109000024,13,218,-205
109000025,409,555,-146
109000026,935,367,568
109000027,127,370,-243
109000028,163,155,8
109000029,163,254,-91
109000030,106,647,-541
109000031,238,277,-39
109000032,174,576,-402
109000033,451,261,190
109000034,66,74,-8
109000035,26,106,-80
109000036,262,484,-222
109000037,331,1443,-1112
109000038,887,623,264
109000039,1308,862,446
109000040,6038,9217,-3179
109000041,4923,2097,2826
109000042,782,1560,-778
109000044,539,101,438
109000045,148,510,-362
109000046,434,137,297
109000047,101,639,-538
109000048,1247,316,931
109000049,466,826,-360
109000050,517,402,115
109000051,430,512,-82
109000052,662,1512,-850
109000053,354,116,238
109000054,1740,889,851
109000055,916,510,406
109000056,684,820,-136
109000057,902,595,307
109000058,1278,456,822
109000059,1207,1532,-325
109000060,463,327,136
109000061,1449,1459,-10
109000062,314,472,-158
109000063,329,359,-30
109000064,408,289,119
109000065,177,355,-178
109000066,452,163,289
109000067,115,499,-384
109000068,3474,39,3435
109000069,1810,55,1755
109000070,7,1416,-1409
109000071,433,100,333
109000072,157,409,-252
109000073,90,126,-36
109000074,54,225,-171
109000075,117,450,-333
109000076,174,319,-145
109000077,480,375,105
109000078,101,200,-99
109000079,168,292,-124
109000080,162,148,14
109000081,144,761,-617
109000082,609,336,273
109000083,384,1137,-753
109000088,171,731,-560
109000089,360,74,286
109000090,187,613,-426
109000091,402,242,160
109000092,514,659,-145
109000093,294,330,-36
109000094,569,7,562
109000095,102,569,-467
109000096,760,333,427
109000097,135,203,-68
109000098,52,187,-135
109000099,1019,351,668
109000100,296,786,-490
109000101,1942,951,991
109000102,421,1083,-662
109000103,458,923,-465
109000104,1974,809,1165
109000105,586,1828,-1242
109000106,2214,1030,1184
109000107,834,2949,-2115
109000108,1825,825,1000
109000109,504,2406,-1902
109000110,1654,811,843
109000111,1234,2746,-1512
109000112,492,218,274
109000113,481,315,166
109000114,316,566,-250
109000115,1573,41,1532
109000116,3,311,-308
109000117,206,97,109
109000118,17,435,-418
109000119,1521,362,1159
109000120,244,1190,-946
109000121,477,90,387
109000122,161,1163,-1002
109000123,39,84,-45
109000124,708,638,70
109000125,1258,391,867
109000126,560,1065,-505
109000127,910,272,638
109000128,583,2106,-1523
109000129,2466,1067,1399
109000130,817,2573,-1756
109000131,1095,786,309
109000132,1062,2617,-1555
109000133,476,1348,-872
109000134,1019,1881,-862
109000135,1484,2179,-695
109000136,440,505,-65
109000137,388,454,-66
109000138,664,550,114
109000139,617,553,64
109000140,475,512,-37
109000141,681,566,115
109000142,160,763,-603
109000143,147,146,1
109000145,154,305,-151
109000146,68,207,-139
109000148,4609,3082,1527
109000149,30,55,-25
109000150,175,358,-183
109000155,1000,731,269
109000156,1287,953,334
109000158,364,372,-8
109000159,296,737,-441
109000160,1037,402,635
109000161,349,1285,-936
109000162,2066,1041,1025
109000163,1153,2157,-1004
109000164,1324,3252,-1928
109000165,1332,757,575
109000166,776,182,594
109000167,142,781,-639
109000170,78,94,-16
109000171,120,90,30
109000172,64,98,-34
109000173,31,94,-63
109000174,101,98,3
109000175,78,149,-71
109000176,293,373,-80
109000177,30,182,-152
109000178,434,178,256
109000179,7560,6353,1207
109000180,6711,4675,2036
109000181,26,40,-14
109000182,43,69,-26
109000183,32,62,-30
109000184,31,28,3
109000185,40,80,-40
109000188,1109,2768,-1659
109000189,4874,1419,3455
109000190,1270,527,743
109000191,531,604,-73
109000192,446,483,-37
109000193,264,456,-192
109000194,315,261,54
109000195,155,476,-321
109000196,437,205,232
109000197,205,534,-329
109000198,454,144,310
109000199,128,598,-470
109000206,283,47,236
109000207,162,62,100
109000208,126,116,10
109000209,298,147,151
109000210,283,750,-467
109000211,840,778,62
109000214,463,524,-61
109000215,187,123,64
109000216,233,293,-60
109000217,735,196,539
109000218,1351,320,1031
109000221,641,1455,-814
109000222,1135,344,791
109000223,364,399,-35
109000224,45,195,-150
109000225,81,40,41
109000226,62,302,-240
109000227,1252,1685,-433
109000228,4,896,-892
109000231,5,443,-438
109000232,431,445,-14
109000236,275,997,-722
109000241,2540,2793,-253
109000242,2166,2009,157
109000293,59,81,-22
109000361,139,384,-245
109000364,265,785,-520
109000396,9,748,-739
109000397,595,13,582
109000399,181,571,-390
109000400,107,358,-251
109000403,177,1042,-865
109000406,415,7,408
109000407,428,341,87
109000408,1,636,-635
109000410,1245,382,863
109000411,229,35,194
109900001,104,1,103
109900002,965,29,936
109900003,249,1,248
109900004,1200,257,943
109900005,19,5,14
109900006,567,375,192
109900007,861,797,64
109900008,0,59,-59
109900009,149,651,-502
109900010,669,27,642
109900011,122,64,58
109900012,380,272,108
109900013,465,267,198
109900014,469,99,370
109900015,686,402,284
109900016,193,57,136
109900017,209,302,-93
109900018,403,148,255
109900019,467,108,359
109900020,46,39,7
109900021,35,23,12
109900022,147,293,-146
109900023,21,10,11
109900024,49,3,46
109900025,20,108,-88
109900026,5,255,-250
109900027,49,106,-57
109900028,2213,1110,1103
109900029,6,513,-507
109900030,29,9,20
109900031,0,271,-271
109900032,20,509,-489
109900033,6,643,-637
109900034,32,9,23
109900035,31,35,-4
109900036,64,105,-41
109900037,29,660,-631
109900038,104,288,-184
109900039,17,1,16
109900040,30,696,-666
109900041,89,495,-406
109900042,197,542,-345
109900044,585,360,225
109900045,417,128,289
109900046,27,90,-63
109900047,635,467,168
109900048,9,105,-96
109900049,29,63,-34
109900050,0,242,-242
109900051,1,74,-73
109900052,190,411,-221
109900053,7,512,-505
109900054,628,349,279
109900055,70,432,-362
109900056,42,331,-289
109900057,19,210,-191
109900058,1,100,-99
109900059,610,164,446
109900060,515,217,298
109900061,71,369,-298
109900062,1,261,-260
109900063,16,584,-568
109900064,624,381,243
109900065,136,183,-47
109900066,430,1096,-666
109900067,0,355,-355
109900068,55,12,43
109900069,4,61,-57
109900070,87,457,-370
109900071,9,72,-63
109900072,52,210,-158
109900073,490,774,-284
109900074,11,67,-56
109900075,78,60,18
109900076,19,264,-245
109900077,44,125,-81
109900078,189,253,-64
109900080,265,511,-246
109900081,54,308,-254
109900082,47,527,-480
109900083,24,116,-92
109900084,90,262,-172
109900085,285,977,-692
109900086,182,559,-377
109900087,461,649,-188
109900089,827,358,469
109900090,739,1378,-639
109900091,488,101,387
109900092,1521,37,1484
109900093,1026,259,767
109900094,97,133,-36
109900095,468,298,170
109900096,69,9,60
109900097,123,1,122
109900098,455,58,397
109900099,203,2,201
109900100,57,1,56
109900101,373,16,357
109900102,491,41,450
109900103,37,63,-26
109900104,649,966,-317
109900105,556,60,496
109900106,502,93,409
109900107,695,126,569
109900108,140,389,-249
109900109,34,195,-161
109900110,168,549,-381
109900111,517,1147,-630
109900112,444,883,-439
109900113,884,615,269
109900114,1394,963,431
109900115,253,181,72
109900117,1262,204,1058
109900118,306,683,-377
109900119,906,471,435
109900120,89,44,45
109900121,625,579,46
109900122,555,11,544
109900123,37,238,-201
109900124,86,779,-693
109900125,2,249,-247
109900126,317,187,130
109900128,315,97,218
109900130,9783,2857,6926
109900131,89,242,-153
109900132,44,241,-197
109900133,130,425,-295
109900134,203,122,81
109900135,384,104,280
109900136,187,190,-3
109900137,148,431,-283
109900138,399,531,-132
109900140,238,303,-65
109900142,1553,403,1150
109900145,8,580,-572
109900146,569,49,520
109900148,44,114,-70
109900149,71,87,-16
109900150,6,124,-118
109900151,7,68,-61
109900152,1,28,-27
109900153,7,88,-81
109900154,55,0,55
109900155,72,49,23
109900157,71,348,-277
109900158,67,155,-88
109900159,190,62,128
109900160,174,80,94
109900161,310,127,183
109900162,236,162,74
109900163,1029,536,493
109900164,119,318,-199
109900165,806,11,795
109900166,50,228,-178
109900167,242,770,-528
109900168,262,810,-548
109900169,254,225,29
109900170,421,808,-387
109900171,298,130,168
109900172,317,380,-63
109900173,4029,2726,1303
109900174,84,219,-135
109900175,216,87,129
109900176,132,297,-165
109900177,65,330,-265
109900178,19,163,-144
109900179,312,25,287
109900180,16,18,-2
110000001,980,671,309
110000002,664,979,-315
110000003,1083,820,263
110000004,567,819,-252
110000005,601,2107,-1506
110000006,509,385,124
110000007,160,148,12
110000008,29,87,-58
110000009,81,36,45
110000010,31,125,-94
110000011,66,124,-58
110000012,697,537,160
110000013,40,735,-695
110000014,768,541,227
110000015,359,1017,-658
110000016,316,1700,-1384
110000017,3164,310,2854
110000018,3216,549,2667
110000019,26,127,-101
110000020,547,231,316
110000021,896,679,217
110000022,1331,325,1006
110000023,11,196,-185
110000024,871,492,379
110000025,414,8,406
110000026,11,399,-388
110000027,1614,665,949
110000028,1097,1111,-14
110000029,635,927,-292
110000030,285,644,-359
110000031,288,604,-316
110000032,823,735,88
110000033,298,159,139
110000034,751,1460,-709
110000035,1213,813,400
110000036,1137,1627,-490
110000037,282,614,-332
110000038,311,1106,-795
110000039,909,3861,-2952
110000040,465,447,18
110000041,328,1662,-1334
110000042,133,351,-218
110000043,1055,362,693
110000044,218,227,-9
110000045,1325,123,1202
110000046,11,34,-23
110000047,115,13,102
110000048,17,32,-15
110000049,91,22,69
110000050,8,40,-32
110000051,45,10,35
110000052,29,36,-7
110000053,140,11,129
110000054,587,295,292
110000055,1127,54,1073
110000056,278,83,195
110000057,447,783,-336
110000058,1336,744,592
110000059,1439,674,765
110000060,1051,1357,-306
110000061,1105,995,110
110000062,780,1044,-264
110000063,45,171,-126
110000064,88,117,-29
110000065,116,171,-55
110000066,121,93,28
110000067,163,304,-141
110000068,435,369,66
110000069,306,214,92
110000071,161,244,-83
110000073,14,54,-40
110000075,14,201,-187
110000076,431,695,-264
110000077,570,2105,-1535
110000078,48,120,-72
110000080,341,877,-536
110000081,177,306,-129
110000082,60,503,-443
110000083,344,833,-489
110000084,1364,916,448
110000085,2778,2242,536
110000086,2463,2513,-50
110000087,28,84,-56
110000088,122,315,-193
110000089,403,203,200
110000090,683,426,257
110000091,1674,421,1253
110000092,45,122,-77
110000093,49,12,37
110000094,669,389,280
110000095,305,793,-488
110000096,2883,2441,442
110000097,1169,1711,-542
110000098,2292,868,1424
110000099,963,1842,-879
110000100,938,811,127
110000101,43,535,-492
110000102,62,36,26
110000104,1089,159,930
110000105,195,358,-163
110000106,830,474,356
110000107,372,611,-239
110000108,217,98,119
110000109,334,392,-58
110000110,4440,5880,-1440
110000111,8564,3671,4893
110000112,1942,1802,140
110000113,708,3068,-2360
110000114,242,911,-669
110000115,484,510,-26
110000116,69,93,-24
110000117,276,595,-319
110000118,512,368,144
110000119,299,512,-213
110000120,418,305,113
110000121,171,578,-407
110000122,503,836,-333
110000123,648,1019,-371
110000124,5,1463,-1458
110000125,984,13,971
110000126,379,53,326
110000127,1352,70,1282
110000128,51,1956,-1905
110000129,1,703,-702
110000130,326,187,139
110000131,252,416,-164
110000132,4,1086,-1082
110000133,74,796,-722
110000134,50,516,-466
110000135,246,47,199
110000136,99,362,-263
110000137,598,838,-240
110000138,887,949,-62
110000139,837,1640,-803
110000140,1110,755,355
110000143,728,617,111
110000144,6665,2247,4418
110000145,2495,1330,1165
110000146,2617,1245,1372
110000147,720,905,-185
110000148,865,394,471
110000151,1564,1190,374
110000152,1361,405,956
110000153,123,73,50
110000154,145,44,101
110000155,2558,4633,-2075
110000156,1314,2823,-1509
110000157,2576,2408,168
110000160,478,430,48
110000161,243,518,-275
110000166,808,255,553
110000167,1013,718,295
110000168,1125,618,507
110000169,969,454,515
110000170,362,139,223
110000171,850,231,619
110000172,204,1036,-832
110000173,1287,1495,-208
110000174,328,1460,-1132
110000175,827,110,717
110000176,554,453,101
110000177,236,1108,-872
110000178,651,2503,-1852
110000179,1405,496,909
110000180,211,340,-129
110000181,519,836,-317
110000182,428,232,196
110000183,11894,8382,3512
110000184,566,2927,-2361
110000185,2248,886,1362
110000186,969,1351,-382
110000191,1053,441,612
110000192,1203,13,1190
110000193,2000,11,1989
110000194,31,1500,-1469
110000195,505,603,-98
110000196,478,488,-10
110000197,115,313,-198
110000198,298,156,142
110000199,270,194,76
110000200,2244,681,1563
110000201,2074,1205,869
110000202,1680,695,985
110000203,1264,963,301
110000204,12,326,-314
110000205,159,94,65
110000206,1077,2007,-930
110000207,1108,459,649
110000208,227,300,-73
110000209,222,1123,-901
110000210,1228,839,389
110000211,923,927,-4
110000212,431,1439,-1008
110000213,258,212,46
110000214,257,265,-8
110000215,275,580,-305
110000216,125,510,-385
110000217,351,261,90
110000218,226,573,-347
110000219,421,137,284
110000220,105,460,-355
110000221,469,142,327
110000222,66,313,-247
110000223,10,252,-242
110000224,83,4,79
110000225,436,960,-524
110000226,269,75,194
110000227,1033,1084,-51
110000228,444,458,-14
110000229,2,339,-337
110000230,786,726,60
110000231,283,333,-50
110000232,744,243,501
110000233,601,325,276
110000234,1234,965,269
110000235,956,1273,-317
110000236,863,897,-34
110000237,2450,1580,870
110000238,1689,1821,-132
110000239,2234,1488,746
110000240,2,126,-124
110000242,0,12,-12
110000243,97,172,-75
110000244,194,398,-204
110000245,42,534,-492
110000246,1554,984,570
110000247,2065,5960,-3895
110000248,3270,2013,1257
110000249,170,16,154
110000250,225,304,-79
110000251,466,650,-184
110000252,485,276,209
110000253,1941,917,1024
110000254,1060,1812,-752
110000255,439,1421,-982
110000256,715,470,245
110000257,731,543,188
110000258,19,502,-483
110000259,169,34,135
110000260,50,449,-399
110000263,1019,159,860
110000264,484,636,-152
110000265,1762,3063,-1301
110000266,3458,3935,-477
110000267,39,385,-346
110000268,414,686,-272
110000269,8,144,-136
110000270,79,12,67
110000271,1804,378,1426
110000272,1574,1256,318
110000273,5380,2198,3182
110000274,454,2001,-1547
110000275,3079,751,2328
110000276,822,517,305
110000277,684,517,167
110000278,875,961,-86
110000279,1147,769,378
110000280,806,521,285
110000281,64,404,-340
110000282,433,46,387
110000283,93,213,-120
110000284,95,67,28
110000285,7,715,-708
110000286,43,2,41
110000287,107,2,105
110000288,22,122,-100
110000289,536,1958,-1422
110000290,1398,789,609
110000291,5853,1888,3965
110000292,1709,5777,-4068
110000293,1189,997,192
110000294,1273,1584,-311
110000295,346,1145,-799
110000296,610,542,68
110000297,3869,450,3419
110000298,357,783,-426
110000299,538,167,371
110000301,1051,57,994
110000302,960,1491,-531
110000303,1097,19,1078
110000304,332,428,-96
110000305,2003,47,1956
110000306,243,1731,-1488
110000307,2069,9,2060
110000308,773,10,763
110000309,9,1029,-1020
110000310,1065,121,944
110000311,18,858,-840
110000312,700,141,559
110000313,4268,4625,-357
110000314,1,389,-388
110000315,4346,3264,1082
110000316,681,1635,-954
110000317,1214,406,808
110000318,18,123,-105
110000319,101,43,58
110000320,138,94,44
110000321,61,82,-21
110000322,420,460,-40
110000323,688,299,389
110000324,4418,2014,2404
110000325,3772,4199,-427
110000327,793,735,58
110000328,242,528,-286
110000333,1621,1061,560
110000334,1317,1766,-449
110000335,1365,788,577
110000336,1948,1424,524
110000337,3050,959,2091
110000338,647,337,310
110000339,591,341,250
110000340,518,254,264
110000341,621,612,9
110000342,799,6,793
110000343,1,41,-40
110000344,1897,213,1684
110000345,1823,163,1660
110000346,3263,2476,787
110000347,1478,1288,190
110000348,34,55,-21
110000349,31,73,-42
110000350,86,14,72
110000351,1093,1152,-59
110000352,746,1810,-1064
110000353,3118,1124,1994
110000354,1594,3812,-2218
110000355,159,190,-31
110000356,853,15,838
110000357,538,42,496
110000361,38,84,-46
110000362,78,98,-20
110000363,374,233,141
110000364,299,444,-145
110000365,362,3,359
110000366,1,163,-162
110000367,579,280,299
110000368,10,56,-46
110000369,367,3,364
110000373,8,388,-380
110000374,816,40,776
110000375,189,1683,-1494
110000376,50,126,-76
110000377,104,554,-450
110000378,32,560,-528
110000379,3758,2415,1343
110000380,102,9,93
110000383,2,1250,-1248
110000384,3421,1439,1982
110000385,0,280,-280
110000387,136,19,117
110000388,46,310,-264
110000389,862,14,848
110000391,1152,368,784
110000396,188,150,38
110000397,209,236,-27
110000398,7,71,-64
110000399,185,1,184
110000587,384,79,305
110000589,246,268,-22
110000640,283,83,200
110000652,15,169,-154
110000653,459,553,-94
110000654,77,164,-87
110000656,3,834,-831
110000674,40,36,4
110000675,56,26,30
110000676,8,53,-45
110000679,535,1350,-815
110000682,147,212,-65
110000683,539,890,-351
110000684,18,80,-62
110000685,14,19,-5
110000686,4,58,-54
110000687,93,11,82
110000688,96,1023,-927
110000689,48,117,-69
110000692,199,230,-31
110000693,132,440,-308
110000694,0,192,-192
110000695,528,838,-310
110000696,135,131,4
110900001,418,28,390
110900002,1055,266,789
110900003,937,944,-7
110900004,540,269,271
110900005,4020,2930,1090
110900006,52,30,22
110900007,164,55,109
110900008,10,57,-47
110900009,539,148,391
110900010,25,125,-100
110900011,14,103,-89
110900012,30,166,-136
110900013,1384,311,1073
110900014,558,18,540
110900015,886,719,167
110900016,66,184,-118
110900017,487,72,415
110900018,625,95,530
110900019,299,38,261
110900020,144,437,-293
110900021,130,753,-623
110900022,121,382,-261
110900023,176,601,-425
110900024,33,575,-542
110900025,81,109,-28
110900027,54,294,-240
110900028,70,207,-137
110900029,33,525,-492
110900030,47,271,-224
110900031,7,224,-217
110900032,0,100,-100
110900033,83,322,-239
110900035,57,651,-594
110900036,95,36,59
110900037,76,33,43
110900038,1320,262,1058
110900039,15,357,-342
110900040,257,60,197
110900041,9,204,-195
110900042,137,75,62
110900043,2,163,-161
110900044,280,27,253
110900045,89,661,-572
110900046,75,397,-322
110900047,579,388,191
110900049,193,125,68
110900050,51,20,31
110900051,90,303,-213
110900052,5,231,-226
110900053,148,46,102
110900054,64,285,-221
110900055,29,9,20
110900056,91,176,-85
110900057,35,194,-159
110900058,354,401,-47
110900059,782,744,38
110900060,642,198,444
110900061,31,67,-36
110900062,177,394,-217
110900063,89,509,-420
110900064,17,0,17
110900065,441,209,232
110900066,20,180,-160
110900067,489,765,-276
110900068,228,320,-92
110900069,13,50,-37
110900070,170,112,58
110900071,330,748,-418
110900073,0,43,-43
110900074,416,126,290
110900075,493,159,334
110900077,912,983,-71
110900078,54,114,-60
110900079,2775,1692,1083
110900080,139,129,10
110900081,7,109,-102
110900082,150,230,-80
110900083,169,89,80
110900084,88,166,-78
110900085,69,379,-310
110900086,79,395,-316
110900087,491,120,371
110900088,29,2,27
110900090,51,61,-10
110900091,1,64,-63
110900093,418,139,279
110900095,54,68,-14
110900097,20,22,-2
110900098,38,100,-62
110900099,59,488,-429
110900100,1,46,-45
110900102,132,45,87
110900105,966,335,631
110900108,41,96,-55
110900111,496,562,-66
110900112,989,9,980
110900113,636,75,561
110900115,31,89,-58
110900116,899,2292,-1393
110900118,288,3627,-3339
110900119,5286,537,4749
110900120,32,106,-74
110900121,171,3,168
110900122,511,230,281
110900125,482,475,7
110900127,1066,1477,-411
110900128,359,321,38
110900129,619,972,-353
110900130,1590,784,806
110900131,725,117,608
110900132,456,127,329
110900133,431,324,107
110900135,174,534,-360
110900136,404,30,374
110900137,102,2,100
110900138,1234,454,780
110900139,30,83,-53
110900140,118,8,110
110900141,13,116,-103
110900142,144,208,-64
110900143,194,130,64
110900144,5,852,-847
110900145,412,53,359
110900146,577,183,394
110900147,175,416,-241
110900148,7,432,-425
110900149,1,114,-113
110900150,108,41,67
110900151,15,91,-76
110900152,32,295,-263
110900153,177,61,116
111000001,544,309,235
111000002,652,727,-75
111000003,1135,782,353
111000004,651,1308,-657
111000005,1747,1248,499
111000006,1195,1914,-719
111000007,5292,3475,1817
111000008,2938,4372,-1434
111000009,365,1245,-880
111000010,922,326,596
111000011,450,1315,-865
111000012,874,432,442
111000013,658,1251,-593
111000014,2008,727,1281
111000017,120,1126,-1006
111000018,271,432,-161
111000020,1598,2840,-1242
111000021,117,131,-14
111000023,154,155,-1
111000025,6887,5761,1126
111000029,170,156,14
111000030,52,167,-115
111000031,2813,2055,758
111000032,1085,490,595
111000033,357,502,-145
111000034,355,281,74
111000037,2381,1364,1017
111000038,4959,3677,1282
111000039,2490,3062,-572
111000040,2287,3199,-912
111000041,2505,2297,208
111000042,5129,3367,1762
111000043,2280,3734,-1454
111000044,1984,1487,497
111000045,2563,2978,-415
111000046,1797,1998,-201
111000047,2928,4612,-1684
111000049,660,691,-31
111000050,1742,1845,-103
111000051,690,1419,-729
111000052,844,2082,-1238
111000053,533,1265,-732
111000054,414,1149,-735
111000055,1359,2260,-901
111000056,273,676,-403
111000057,82,824,-742
111000058,394,106,288
111000059,1353,310,1043
111000060,5570,911,4659
111000061,664,529,135
111000062,979,448,531
111000063,2604,1400,1204
111000064,698,864,-166
111000065,1241,1457,-216
111000066,521,686,-165
111000067,1006,831,175
111000068,874,1531,-657
111000069,2874,3292,-418
111000070,1760,1551,209
111000071,211,787,-576
111000072,1034,494,540
111000073,332,894,-562
111000074,1789,2062,-273
111000075,1355,1037,318
111000076,593,869,-276
111000077,2103,2162,-59
111000078,3541,2119,1422
111000079,1699,1108,591
111000080,725,902,-177
111000081,2254,5813,-3559
111000082,772,814,-42
111000084,940,796,144
111000085,1140,1864,-724
111000086,3655,1505,2150
111000087,799,875,-76
111000088,7488,3194,4294
111000089,824,1196,-372
111000090,1057,1993,-936
111000091,908,734,174
111000092,1481,1239,242
111000093,1044,1354,-310
111000094,2452,1372,1080
111000095,847,2800,-1953
111000096,3060,9091,-6031
111000097,6051,1859,4192
111000098,927,1590,-663
111000099,821,2622,-1801
111000100,553,2318,-1765
111000101,525,985,-460
111000102,298,792,-494
111000104,1151,328,823
111000107,256,841,-585
111000109,867,458,409
111000110,1731,1010,721
111000111,2846,903,1943
111000112,2503,858,1645
111000113,928,1948,-1020
111000114,2062,4878,-2816
111000115,8014,1928,6086
111000116,1253,1506,-253
111000117,639,1263,-624
111000118,2057,1363,694
111000119,1302,1778,-476
111000120,464,880,-416
111000121,325,840,-515
111000122,750,1804,-1054
111000123,1364,3908,-2544
111000124,561,3703,-3142
111000125,400,1901,-1501
111000126,147,1133,-986
111000127,1016,246,770
111000128,2325,525,1800
111000129,3060,682,2378
111000130,2220,1104,1116
111000131,1702,944,758
111000132,1457,985,472
111000133,212,291,-79
111000134,220,225,-5
111000135,106,222,-116
111000136,365,397,-32
111000138,42,9,33
111000140,6,17,-11
111000141,329,478,-149
111000142,17,134,-117
111000143,7,128,-121
111000144,28,300,-272
111000145,1966,18,1948
111000146,111,20,91
111000147,297,47,250
111000148,241,144,97
111000149,4,45,-41
111000150,79,4,75
111000151,7,25,-18
111000153,869,1021,-152
111000154,899,318,581
111000155,120,292,-172
111000156,486,793,-307
111000157,267,1224,-957
111000158,1105,948,157
111000159,3077,850,2227
111000160,396,472,-76
111000161,13,313,-300
111000162,226,188,38
111000163,890,1062,-172
111000164,941,3950,-3009
111000165,1569,631,938
111000166,2971,561,2410
111000167,216,618,-402
111000168,297,672,-375
111000169,474,818,-344
111000170,646,668,-22
111000171,591,1168,-577
111000172,171,526,-355
111000173,530,1092,-562
111000174,254,467,-213
111000175,70,397,-327
111000176,765,194,571
111000177,377,408,-31
111000178,1520,409,1111
111000179,217,297,-80
111000180,325,692,-367
111000181,1326,373,953
111000182,279,301,-22
111000183,1265,505,760
111000184,582,313,269
111000185,781,779,2
111000186,1202,511,691
111000187,182,344,-162
111000188,283,606,-323
111000189,1545,852,693
111000190,248,565,-317
111000191,196,553,-357
111000192,294,748,-454
111000193,383,439,-56
111000194,68,417,-349
111000195,254,402,-148
111000196,63,265,-202
111000197,562,263,299
111000198,883,169,714
111000199,237,205,32
111000200,358,432,-74
111000201,720,399,321
111000202,285,323,-38
111000203,351,450,-99
111000204,450,1325,-875
111000213,248,621,-373
111000214,2078,1714,364
111000215,1316,1489,-173
111000217,1619,1447,172
111000218,1711,1702,9
111000219,533,293,240
111000220,2344,1053,1291
111000221,978,134,844
111000224,3,379,-376
111000225,393,210,183
111000226,170,4,166
111000227,49,6,43
111000228,37,404,-367
111000229,83,1085,-1002
111000230,383,561,-178
111000231,948,1095,-147
111000232,1111,1185,-74
111000233,819,924,-105
111000234,136,406,-270
111000239,130,217,-87
111000240,50,274,-224
111000241,57,469,-412
111000242,239,97,142
111000243,389,763,-374
111000244,854,114,740
111000245,2572,663,1909
111000246,644,568,76
111000247,370,1263,-893
111000248,780,756,24
111000249,555,955,-400
111000250,68,182,-114
111000251,95,208,-113
111000253,11,25,-14
111000255,31,17,14
111000257,42,45,-3
111000260,115,1367,-1252
111000261,1547,207,1340
111000271,65,358,-293
111000273,5329,1971,3358
111000274,1489,3135,-1646
111000275,187,122,65
111000276,328,2789,-2461
111000277,232,657,-425
111000278,739,399,340
111000291,893,6269,-5376
111000298,688,388,300
111000299,807,205,602
111000300,163,820,-657
111000302,346,193,153
111000303,83,360,-277
111000312,67,122,-55
111000315,3,136,-133
111000320,559,1084,-525
111000321,537,168,369
111000322,511,712,-201
111000323,217,40,177
111000324,499,410,89
111000325,81,101,-20
111000326,207,460,-253
111000327,446,495,-49
111000328,309,668,-359
111000329,0,44,-44
111000330,83,14,69
111000331,93,10,83
111000332,659,1653,-994
111000334,545,1890,-1345
111000335,1910,404,1506
111000337,1354,559,795
111000338,154,240,-86
111000339,716,668,48
111000340,496,914,-418
111000341,1466,995,471
111000342,530,799,-269
111000344,1293,1018,275
111000345,356,68,288
111000346,36,119,-83
111000347,196,17,179
111000350,435,144,291
111000351,148,343,-195
111000352,257,154,103
111000353,208,335,-127
111000354,869,162,707
111000355,605,672,-67
111000358,267,1631,-1364
111000360,180,926,-746
111000361,136,501,-365
111000546,1547,857,690
111000547,691,712,-21
111000548,189,410,-221
111000549,366,635,-269
111000550,134,1410,-1276
111000551,1018,258,760
111000552,5211,235,4976
111000907,548,79,469
111000908,25,0,25
111000916,2107,430,1677
111000917,60,457,-397
111000918,248,1148,-900
111000920,689,19,670
111000921,3,325,-322
111000922,761,486,275
111000924,45,1146,-1101
111000925,3289,2494,795
111000926,1320,2033,-713
111000927,3856,5744,-1888
111000928,5136,4397,739
111000929,3270,1781,1489
111000930,1459,2732,-1273
111000931,2334,3302,-968
111000932,4958,2924,2034
111000933,4274,3126,1148
111000934,2595,4113,-1518
111000935,1619,1594,25
111000936,1265,2538,-1273
111000937,909,2106,-1197
111000938,1823,2097,-274
111000939,712,52,660
111000940,504,244,260
111000941,688,726,-38
111000943,470,418,52
111000944,229,518,-289
111000945,118,2096,-1978
111001109,659,476,183
111001110,219,721,-502
111001111,107,18,89
111001112,189,4,185
111001113,0,182,-182
111001114,1557,126,1431
111001115,41,619,-578
111001116,7266,4890,2376
111001117,801,3557,-2756
111001120,132,377,-245
111001121,179,359,-180
111001122,295,610,-315
111001123,265,103,162
111001124,60,159,-99
111900001,29,199,-170
111900002,34,899,-865
111900003,9,566,-557
111900004,88,219,-131
111900006,17,53,-36
111900007,123,6,117
111900008,259,7,252
111900009,308,289,19
111900010,554,762,-208
111900012,87,178,-91
111900013,21,142,-121
111900014,7407,4245,3162
111900015,0,101,-101
111900016,1,180,-179
111900017,5,180,-175
111900018,333,7,326
111900019,8,206,-198
111900020,10,81,-71
111900021,54,147,-93
111900022,27,102,-75
111900023,139,120,19
111900024,0,95,-95
111900025,0,52,-52
111900026,1,142,-141
111900027,14,225,-211
111900028,3,478,-475
111900029,4,156,-152
111900030,44,440,-396
111900031,14,62,-48
111900032,2,356,-354
111900033,11,151,-140
111900034,349,608,-259
111900035,352,324,28
111900036,1,355,-354
111900038,357,640,-283
111900039,120,640,-520
111900040,7,672,-665
111900042,47,213,-166
111900043,4,455,-451
111900044,382,277,105
111900046,67,237,-170
111900048,265,880,-615
111900049,42,313,-271
111900050,227,49,178
111900051,9,310,-301
111900052,565,640,-75
111900053,1941,1755,186
111900054,256,10,246
111900055,21,580,-559
111900056,423,365,58
111900057,180,106,74
111900058,480,782,-302
111900059,2544,778,1766
111900060,511,5,506
111900061,21,310,-289
111900062,41,96,-55
111900063,482,392,90
111900064,210,359,-149
111900065,110,55,55
111900066,173,218,-45
111900067,2,489,-487
111900068,68,95,-27
111900069,78,52,26
111900070,198,170,28
111900071,2,316,-314
111900072,68,36,32
111900073,875,233,642
111900074,23,264,-241
111900075,125,16,109
111900076,178,68,110
111900077,62,4,58
111900078,364,28,336
111900079,70,56,14
111900080,292,271,21
111900081,928,360,568
111900082,113,44,69
111900083,127,23,104
111900084,122,12,110
111900085,81,155,-74
111900086,49,10,39
111900087,87,2,85
111900088,479,12,467
111900089,123,12,111
111900090,73,116,-43
111900091,248,1,247
111900092,135,2,133
111900093,431,3,428
111900094,88,0,88
111900095,257,36,221
111900096,197,2,195
111900097,76,1,75
111900098,250,0,250
111900099,89,0,89
111900100,285,13,272
111900101,124,40,84
111900102,914,706,208
111900103,94,79,15
111900104,336,100,236
111900105,476,272,204
111900106,1472,96,1376
111900107,156,199,-43
111900108,214,210,4
111900109,822,643,179
111900110,2715,628,2087
111900111,342,206,136
111900112,1004,3438,-2434
111900113,404,190,214
111900114,229,219,10
111900115,17,78,-61
111900118,350,123,227
111900119,302,226,76
111900122,218,120,98
111900123,18,51,-33
111900124,81,123,-42
111900125,611,50,561
111900126,381,6,375
111900127,0,828,-828
111900128,8,678,-670
111900129,389,10,379
111900130,315,50,265
111900131,577,6,571
111900132,41,1291,-1250
111900133,21,462,-441
111900134,14,300,-286
111900135,14,45,-31
111900136,105,184,-79
111900137,77,82,-5
111900138,42,119,-77
111900139,23,169,-146
111900140,149,55,94
111900141,52,22,30
111900142,103,58,45
111900143,24,231,-207
111900144,0,183,-183
111900145,6,620,-614
111900146,4,308,-304
111900147,251,588,-337
111900148,39,781,-742
111900149,15,421,-406
111900150,12,252,-240
111900151,9,41,-32
111900152,153,128,25
111900153,1831,553,1278
111900154,18,292,-274
111900155,85,131,-46
111900156,53,107,-54
111900157,121,24,97
111900158,617,84,533
111900159,304,18,286
111900160,354,2,352
111900161,264,7,257
111900162,81,183,-102
111900163,47,216,-169
111900164,143,121,22
111901113,552,237,315
111901114,984,447,537
111901115,94,1,93
111901116,119,16,103
111901117,23,103,-80
111901118,92,965,-873
111901119,1205,184,1021
111901120,161,352,-191
111901121,259,338,-79
111901122,12,698,-686
111901123,210,457,-247
111901124,186,5,181
111901125,432,241,191
111901126,184,89,95
111901127,839,616,223
111901128,31,122,-91
111901129,12,190,-178
111901130,12,223,-211
111901131,2,344,-342
111901132,129,16,113
111901133,69,3,66
111901134,113,7,106
111901135,40,13,27
111901136,64,67,-3
111901137,4,51,-47
111901138,260,55,205
111901139,23,43,-20
111901140,13,149,-136
111901141,6,273,-267
111901142,14,163,-149
111901143,6,155,-149
111901144,91,49,42
111901145,197,316,-119
111901146,570,42,528
112000001,2014,945,1069
112000002,902,3300,-2398
112000003,1518,1224,294
112000004,873,1423,-550
112000005,3249,3907,-658
112000006,2766,2580,186
112000007,3216,2425,791
112000008,2890,4319,-1429
112000009,4449,4835,-386
112000010,3338,3584,-246
112000011,2370,2606,-236
112000012,5938,4094,1844
112000013,7342,4151,3191
112000014,4980,1699,3281
112000015,7035,4470,2565
112000016,7478,1585,5893
112000017,4485,2784,1701
112000024,3074,1546,1528
112000026,5823,6735,-912
112000027,1195,736,459
112000028,1884,2035,-151
112000029,729,880,-151
112000030,214,197,17
112000031,2099,5568,-3469
112000032,713,112,601
112000033,3505,1931,1574
112000034,435,109,326
112000035,363,410,-47
112000036,1769,1121,648
112000037,3259,1002,2257
112000038,2717,1047,1670
112000039,77,89,-12
112000040,129,351,-222
112000041,687,658,29
112000042,1523,622,901
112000050,1457,2216,-759
112000051,1219,1451,-232
112000054,2050,2623,-573
112000057,608,444,164
112000058,559,957,-398
112000059,788,1143,-355
112000061,3942,2517,1425
112000062,2212,962,1250
112000063,1633,2125,-492
112000064,4870,7284,-2414
112000065,2484,3229,-745
112000066,4588,1736,2852
112000067,850,861,-11
112000068,3997,2735,1262
112000069,1446,2407,-961
112000070,3808,1038,2770
112000071,1581,3397,-1816
112000072,3453,1284,2169
112000073,2351,3064,-713
112000074,2057,1451,606
112000075,1763,1471,292
112000076,4581,3616,965
112000077,662,786,-124
112000078,1906,836,1070
112000079,1799,1817,-18
112000080,840,1055,-215
112000081,1943,3201,-1258
112000082,1555,1029,526
112000083,617,1621,-1004
112000084,1380,996,384
112000085,1478,1450,28
112000086,2452,1778,674
112000087,481,539,-58
112000088,679,753,-74
112000089,429,428,1
112000090,366,346,20
112000091,680,1503,-823
112000092,2038,1579,459
112000093,1922,1350,572
112000094,711,1212,-501
112000095,798,1182,-384
112000096,576,882,-306
112000097,1676,971,705
112000098,1515,1784,-269
112000099,981,1790,-809
112000100,2366,1201,1165
112000101,856,1496,-640
112000102,1516,708,808
112000103,424,1718,-1294
112000105,757,2178,-1421
112000106,2216,522,1694
112000107,56,462,-406
112000108,449,2115,-1666
112000109,185,127,58
112000110,2389,854,1535
112000111,1632,4469,-2837
112000112,5693,895,4798
112000113,1486,2449,-963
112000114,4203,1462,2741
112000115,418,735,-317
112000116,1307,1640,-333
112000117,1410,1064,346
112000118,1239,1153,86
112000119,618,1001,-383
112000120,82,443,-361
112000121,196,654,-458
112000122,324,202,122
112000123,699,249,450
112000124,329,146,183
112000125,221,315,-94
112000126,263,631,-368
112000127,3532,2848,684
112000128,1527,980,547
112000129,145,162,-17
112000130,215,114,101
112000131,66,424,-358
112000132,165,360,-195
112000133,425,312,113
112000134,663,496,167
112000135,2744,757,1987
112000136,2508,1548,960
112000137,3370,1868,1502
112000138,4026,1643,2383
112000139,1343,677,666
112000140,1499,1521,-22
112000141,1124,434,690
112000142,228,839,-611
112000143,1267,395,872
112000144,430,1588,-1158
112000145,2660,829,1831
112000146,725,2343,-1618
112000147,2988,2518,470
112000148,2611,2664,-53
112000149,614,941,-327
112000150,381,1127,-746
112000151,353,675,-322
112000152,456,737,-281
112000153,237,430,-193
112000154,144,331,-187
112000155,158,162,-4
112000157,1002,874,128
112000158,425,755,-330
112000159,622,543,79
112000167,581,112,469
112000169,460,543,-83
112000173,876,368,508
112000175,714,502,212
112000176,4030,2923,1107
112000177,885,249,636
112000178,134,589,-455
112000179,343,194,149
112000180,405,517,-112
112000181,1838,2700,-862
112000182,1474,2773,-1299
112000183,42,115,-73
112000184,450,698,-248
112000185,743,819,-76
112000187,4735,3068,1667
112000195,233,36,197
112000196,332,10,322
112000197,263,155,108
112000198,72,345,-273
112000199,1750,1564,186
112000202,519,4,515
112000216,85,346,-261
112000230,100,13,87
112000231,10,295,-285
112000256,113,327,-214
112000313,144,262,-118
112000314,81,47,34
112000337,460,751,-291
112000352,634,475,159
112000392,1821,1699,122
112000398,1288,1254,34
112000399,2534,2574,-40
112000400,2067,4225,-2158
112000401,3784,3713,71
112000402,4031,3530,501
112000403,2655,3421,-766
112000404,805,1028,-223
112000405,2140,3665,-1525
112000406,4142,3176,966
112000407,7172,10332,-3160
112000408,9623,9742,-119
112000409,2033,6511,-4478
112000410,766,364,402
112000411,6090,2360,3730
112000412,2037,963,1074
112000413,11643,6460,5183
112000414,136,132,4
112000415,224,75,149
112000416,2625,1992,633
112000417,233,78,155
112000421,51,183,-132
112000422,448,655,-207
112000424,2984,3188,-204
112000425,657,1122,-465
112000426,182,520,-338
112000427,0,22,-22
112000428,356,434,-78
112000429,2430,3735,-1305
112000430,2737,3530,-793
112000431,87,168,-81
112000432,793,1713,-920
112000433,845,1198,-353
112000437,64,258,-194
112900001,93,0,93
112900002,507,1419,-912
112900003,58,464,-406
112900004,71,438,-367
112900005,338,370,-32
112900006,25,512,-487
112900007,78,290,-212
112900008,10,41,-31
112900009,683,186,497
112900010,471,1220,-749
112900011,308,351,-43
112900012,5,43,-38
112900013,5,292,-287
112900014,5,587,-582
112900015,575,1115,-540
112900016,7,442,-435
112900017,59,284,-225
112900018,0,387,-387
112900019,84,344,-260
112900020,471,1780,-1309
112900021,7,379,-372
112900022,23,111,-88
112900023,3,261,-258
112900024,34,324,-290
112900025,129,299,-170
112900026,3,339,-336
112900027,16,1361,-1345
112900028,31,173,-142
112900029,36,862,-826
112900030,225,266,-41
112900031,10,668,-658
112900032,276,366,-90
112900034,6,83,-77
112900035,15,583,-568
112900036,140,183,-43
112900037,223,259,-36
112900038,799,302,497
112900039,23,415,-392
112900040,5,464,-459
112900041,1358,1904,-546
112900042,73,511,-438
112900043,292,85,207
112900044,839,705,134
112900045,428,448,-20
112900046,345,106,239
112900047,9,40,-31
112900049,377,173,204
112900050,84,753,-669
112900051,459,951,-492
112900052,46,1308,-1262
112900053,610,170,440
112900054,263,87,176
112900055,217,48,169
112900056,587,317,270
112900057,26,859,-833
112900058,422,466,-44
112900059,185,174,11
112900060,33,371,-338
112900061,108,194,-86
112900062,166,251,-85
112900063,161,16,145
112900064,306,277,29
112900065,64,41,23
112900066,380,182,198
112900067,731,243,488
112900068,82,60,22
112900069,2454,911,1543
112900071,47,13,34
112900072,327,2363,-2036
112900073,877,120,757
112900074,152,355,-203
112900075,2096,1045,1051
112900076,139,51,88
112900078,470,643,-173
112900079,546,52,494
112900080,104,1,103
112900081,58,243,-185
112900082,866,39,827
112900083,111,114,-3
112900084,258,169,89
112900085,0,24,-24
112900086,97,1,96
112900087,928,228,700
112900088,193,37,156
112900089,982,39,943
112900090,51,29,22
112900091,290,9,281
112900092,249,343,-94
112900093,2143,36,2107
112900094,519,8,511
112900095,67,0,67
112900096,640,235,405
112900097,142,570,-428
112900098,356,6,350
112900099,972,31,941
112900100,79,1,78
112900101,570,4,566
112900102,226,17,209
112900103,329,9,320
112900104,86,2,84
112900105,17,0,17
112900106,680,205,475
112900107,4,1,3
112900108,26,1,25
112900109,124,2,122
112900110,1268,32,1236
112900111,841,10,831
112900112,426,8,418
112900113,0,8,-8
112900114,143,111,32
112900115,1366,3,1363
112900116,145,29,116
112900117,148,134,14
112900118,48,117,-69
112900119,282,9,273
112900120,1196,377,819
112900121,241,267,-26
112900122,85,179,-94
112900123,195,20,175
112900124,19,176,-157
112900125,156,676,-520
112900126,287,393,-106
112900127,494,167,327
112900128,537,1024,-487
112900129,4,1210,-1206
112900130,366,169,197
112900131,69,319,-250
112900132,302,494,-192
112900133,49,1589,-1540
112900134,4,443,-439
112900135,171,56,115
112900136,2,37,-35
112900137,2,815,-813
112900138,9,397,-388
112900139,291,1644,-1353
112900140,0,115,-115
112900141,944,68,876
112900142,141,197,-56
112900143,56,730,-674
112900144,3,319,-316
112900145,26,646,-620
112900146,18,1700,-1682
112900147,3,2324,-2321
112900148,156,2,154
112900149,444,1058,-614
112900151,27,93,-66
112900152,5287,1430,3857
112900153,2707,2850,-143
112900154,1,182,-181
112900155,284,57,227
112900156,409,1767,-1358
112900157,344,7,337
112900158,56,27,29
112900159,299,156,143
112900160,92,447,-355
112900161,143,59,84
112900162,47,40,7
112900163,147,87,60
112900164,41,361,-320
112900165,313,56,257
112900166,46,106,-60
112900167,26,81,-55
112900168,6,4,2
112900169,31,15,16
112900170,166,142,24
112900172,63,10,53
112900173,362,172,190
112900174,344,66,278
112900175,225,197,28
112900176,9,73,-64
112900177,295,83,212
112900178,1147,3945,-2798
112900179,40,651,-611
112900180,3109,2264,845
112900181,656,10,646
112900182,95,1600,-1505
112900183,308,495,-187
112900184,474,601,-127
112900185,559,906,-347
112900186,2225,1418,807
112900187,217,883,-666
112900188,1084,532,552
112900189,11,62,-51
112900190,9,56,-47
112900192,847,978,-131
112900193,1682,497,1185
112900194,75,152,-77
112900195,1384,78,1306
112900196,336,508,-172
112900197,288,472,-184
112900199,692,751,-59
112900200,676,372,304
112900201,189,156,33
112900202,451,1066,-615
112900203,289,451,-162
112900204,1266,876,390
112900205,18,20,-2
112900206,29,87,-58
112900207,13,0,13
112900208,103,341,-238
112900209,625,614,11
112900210,3,48,-45
112900211,127,88,39
112900212,2,147,-145
112900213,40,29,11
112900214,60,26,34
112900215,8,275,-267
112900216,64,135,-71
112900217,0,63,-63
112900218,98,14,84
112900219,128,1,127
112900220,10,0,10
112900221,112,107,5
112900222,2,43,-41
112900223,1129,32,1097
112900224,411,675,-264
112900225,490,579,-89
112900226,415,625,-210
112900227,609,1686,-1077
112900228,71,51,20
112900229,208,53,155
112900230,9301,6398,2903
112900232,425,373,52
112900233,267,269,-2
112900234,25,153,-128
112900235,204,49,155
112900236,310,27,283
112900237,220,255,-35
112900238,3,91,-88
112900239,1449,379,1070
113000001,6707,5987,720
113000002,4288,4736,-448
113000003,2471,2018,453
113000004,2325,3021,-696
113000005,2092,1220,872
113000006,1366,1811,-445
113000007,2465,1546,919
113000008,2306,2137,169
113000009,1397,1045,352
113000010,1636,1830,-194
113000011,885,2170,-1285
113000012,2272,1182,1090
113000013,1892,967,925
113000014,2306,1859,447
113000015,888,454,434
113000016,583,990,-407
113000017,152,457,-305
113000018,663,77,586
113000019,357,366,-9
113000020,763,71,692
113000021,1433,706,727
113000022,814,1477,-663
113000025,145,611,-466
113000026,582,758,-176
113000027,1053,691,362
113000028,1706,750,956
113000029,1148,832,316
113000030,561,968,-407
113000031,435,423,12
113000032,471,460,11
113000033,489,629,-140
113000034,583,461,122
113000035,67,73,-6
113000036,41,112,-71
113000037,102,57,45
113000038,45,156,-111
113000039,91,682,-591
113000040,74,89,-15
113000042,1019,971,48
113000051,1099,3128,-2029
113000052,2306,1352,954
113000053,451,622,-171
113000054,370,1097,-727
113000055,1346,770,576
113000056,986,1348,-362
113000058,865,1101,-236
113000059,1320,986,334
113000060,239,671,-432
113000061,870,1319,-449
113000062,1302,403,899
113000063,154,173,-19
113000064,61,476,-415
113000065,189,1207,-1018
113000066,769,155,614
113000067,2202,2181,21
113000068,427,2073,-1646
113000069,745,1662,-917
113000070,3079,1734,1345
113000071,789,957,-168
113000072,963,791,172
113000073,637,2300,-1663
113000074,1313,657,656
113000075,2382,955,1427
113000076,868,2539,-1671
113000077,1784,663,1121
113000078,1163,2980,-1817
113000079,1016,1020,-4
113000080,899,822,77
113000081,1267,1183,84
113000082,2121,1097,1024
113000083,723,1220,-497
113000084,2116,1811,305
113000085,1147,1061,86
113000086,2573,1652,921
113000087,2099,1169,930
113000088,3185,1878,1307
113000089,1113,2003,-890
113000090,402,703,-301
113000091,757,565,192
113000094,1662,218,1444
113000095,355,994,-639
113000096,251,864,-613
113000097,1512,564,948
113000098,241,70,171
113000099,1703,498,1205
113000100,214,589,-375
113000101,427,761,-334
113000102,813,533,280
113000103,2202,815,1387
113000104,508,2382,-1874
113000105,994,588,406
113000106,470,701,-231
113000107,974,936,38
113000108,1000,1792,-792
113000109,715,2685,-1970
113000110,1900,513,1387
113000111,164,651,-487
113000112,428,383,45
113000113,1942,450,1492
113000114,496,1993,-1497
113000116,1061,412,649
113000117,1102,157,945
113000118,203,817,-614
113000119,484,467,17
113000120,138,285,-147
113000121,1089,1097,-8
113000124,400,168,232
113000125,140,888,-748
113000127,3395,616,2779
113000128,583,778,-195
113000129,799,1265,-466
113000133,3216,2616,600
113000134,11,1499,-1488
113000135,5094,5387,-293
113000137,2679,3935,-1256
113000139,500,341,159
113000140,206,373,-167
113000141,550,324,226
113000142,934,1690,-756
113000143,425,297,128
113000144,529,864,-335
113000145,95,234,-139
113000146,188,136,52
113000147,205,128,77
113000148,169,180,-11
113000149,147,179,-32
113000150,730,515,215
113000151,104,72,32
113000152,39,168,-129
113000153,1912,888,1024
113000154,1260,2188,-928
113000155,451,796,-345
113000156,232,600,-368
113000157,372,1245,-873
113000158,973,415,558
113000159,1317,1075,242
113000160,810,1574,-764
113000161,337,636,-299
113000162,952,731,221
113000163,328,109,219
113000164,17,131,-114
113000166,189,169,20
113000167,61,191,-130
113000168,106,172,-66
113000169,203,154,49
113000170,112,174,-62
113000171,62,155,-93
113000172,301,106,195
113000173,67,32,35
113000174,119,600,-481
113000175,650,186,464
113000176,695,221,474
113000177,230,614,-384
113000178,233,451,-218
113000179,373,307,66
113000180,959,1413,-454
113000181,1241,1118,123
113000182,242,567,-325
113000183,207,661,-454
113000184,29,178,-149
113000189,683,1089,-406
113000190,1591,912,679
113000192,2104,2543,-439
113000193,5750,1401,4349
113000194,2342,1713,629
113000195,3239,1097,2142
113000196,246,118,128
113000197,3886,1417,2469
113000198,103,482,-379
113000199,2019,500,1519
113000201,619,336,283
113000202,5091,2209,2882
113000203,361,265,96
113000204,2201,2459,-258
113000205,15,25,-10
113000206,11,51,-40
113000207,125,31,94
113000208,55,69,-14
113000209,12,57,-45
113000210,24,42,-18
113000211,201,292,-91
113000212,141,28,113
113000213,56,148,-92
113000214,183,299,-116
113000234,248,1292,-1044
113000410,323,305,18
113000411,4032,5742,-1710
113000412,8407,3130,5277
113000413,3746,3951,-205
113000414,9476,18991,-9515
113000415,3180,4396,-1216
113000416,12213,6104,6109
113000417,4149,4315,-166
113000418,5958,4311,1647
113000419,2436,2821,-385
113000420,5441,7369,-1928
113000421,5058,7561,-2503
113000422,17399,14216,3183
113000423,3002,6434,-3432
113000424,4417,10315,-5898
113000425,23,139,-116
113000428,285,103,182
113000430,37,533,-496
113000432,2584,188,2396
113000433,152,1094,-942
113000434,30,197,-167
113000435,53,876,-823
113000436,42,1602,-1560
113000437,1166,30,1136
113000438,312,23,289
113000439,32,156,-124
113000440,169,48,121
113000441,306,276,30
113000442,177,317,-140
113000443,291,389,-98
113000444,220,333,-113
113000445,182,167,15
113000446,60,146,-86
113000448,189,237,-48
113000449,404,1367,-963
113000450,863,3506,-2643
113000451,1505,277,1228
113000452,622,637,-15
113000453,87,422,-335
113000454,1505,70,1435
113000455,33,314,-281
113000456,5939,3509,2430
113000468,2498,468,2030
113000469,232,243,-11
113000470,470,36,434
113000471,12,534,-522
113000472,143,442,-299
113000474,710,835,-125
113000475,1875,2160,-285
113000476,1618,2260,-642
113000477,3663,2792,871
113000478,5752,6899,-1147
113000479,161,239,-78
113000480,133,174,-41
113000485,13,0,13
113000486,2,0,2
113000487,2,0,2
113000488,0,2,-2
113000489,2,7,-5
113000490,1,31,-30
113000491,33,42,-9
113000492,8,4,4
113000493,0,0,0
113000495,266,240,26
113000496,162,168,-6
113000497,0,0,0
113000499,0,0,0
113000500,0,3,-3
113900001,6,306,-300
113900002,2,182,-180
113900003,1,127,-126
113900004,4,66,-62
113900005,3,116,-113
113900006,12,40,-28
113900007,242,37,205
113900008,90,0,90
113900009,331,1,330
113900010,262,4,258
113900011,85,2,83
113900012,42,3,39
113900013,670,8,662
113900014,716,10,706
113900015,1,77,-76
113900016,51,2,49
113900017,4,44,-40
113900018,598,290,308
113900019,172,110,62
113900020,198,0,198
113900022,49,0,49
113900023,46,0,46
113900024,132,64,68
113900025,441,43,398
113900026,75,1,74
113900027,7,55,-48
113900028,38,569,-531
113900029,86,235,-149
113900030,236,1,235
113900031,18,3,15
113900032,31,0,31
113900033,74,126,-52
113900035,88,1,87
113900036,33,92,-59
113900037,237,528,-291
113900038,49,158,-109
113900039,155,18,137
113900040,16,15,1
113900041,9,3,6
113900042,107,50,57
113900043,303,172,131
113900044,378,366,12
113900045,173,2,171
113900046,491,760,-269
113900047,52,60,-8
113900048,259,107,152
113900049,859,421,438
113900050,359,640,-281
113900051,307,583,-276
113900052,218,215,3
113900053,878,707,171
113900054,25,9,16
113900055,157,643,-486
113900056,46,130,-84
113900057,47,372,-325
113900058,90,247,-157
113900059,267,479,-212
113900060,324,308,16
113900061,1520,460,1060
113900062,86,20,66
113900063,82,128,-46
113900064,28,194,-166
113900065,610,32,578
113900066,408,510,-102
113900067,261,397,-136
113900068,519,581,-62
113900069,70,81,-11
113900070,299,932,-633
113900071,48,54,-6
113900072,97,242,-145
113900073,308,615,-307
113900074,112,413,-301
113900075,1504,1413,91
113900076,194,25,169
113900077,76,259,-183
113900078,42,52,-10
113900079,3,53,-50
113900080,577,340,237
113900081,103,299,-196
113900082,151,394,-243
113900083,434,674,-240
113900084,329,144,185
113900085,78,388,-310
113900086,18,18,0
113900087,116,316,-200
113900088,88,129,-41
113900089,554,66,488
113900090,883,486,397
113900091,48,27,21
113900092,107,123,-16
113900093,106,924,-818
113900094,600,602,-2
113900095,167,161,6
113900096,419,96,323
113900097,133,142,-9
113900098,753,103,650
113900099,1,65,-64
113900100,1,6,-5
113900101,45,86,-41
113900102,193,217,-24
113900103,359,394,-35
113900104,121,312,-191
113900105,108,351,-243
113900106,1,120,-119
113900107,5,48,-43
113900108,318,369,-51
113900109,377,200,177
113900110,100,23,77
113900111,243,124,119
113900112,155,163,-8
113900113,1590,678,912
113900114,1,176,-175
113900115,6,142,-136
113900116,139,231,-92
113900117,182,33,149
113900118,348,455,-107
113900119,334,623,-289
113900120,66,47,19
113900121,100,149,-49
113900122,593,2322,-1729
113900123,588,227,361
113900124,6,95,-89
113900125,1240,175,1065
113900126,303,81,222
113900127,442,928,-486
113900128,148,100,48
113900129,21,167,-146
113900130,7,43,-36
113900131,340,113,227
113900132,53,85,-32
113900133,27,109,-82
113900135,365,495,-130
113900136,163,114,49
113900137,496,351,145
113900138,80,249,-169
113900139,547,197,350
113900140,550,463,87
113900141,683,436,247
113900142,163,96,67
113900143,22,68,-46
113900144,359,308,51
113900145,472,265,207
113900146,199,66,133
113900148,256,446,-190
113900149,220,132,88
113900150,1158,1016,142
113900151,557,341,216
113900152,79,60,19
113900153,516,769,-253
113900154,4,156,-152
113900155,302,252,50
113900156,236,612,-376
113900157,65,359,-294
113900158,563,579,-16
113900159,44,299,-255
113900160,1381,715,666
113900161,106,277,-171
113900162,791,1188,-397
113900163,416,376,40
113900164,346,96,250
113900165,1203,682,521
113900166,368,273,95
113900167,365,69,296
113900168,181,157,24
113900169,402,577,-175
113900171,343,109,234
113900172,8,284,-276
113900173,88,759,-671
113900174,648,875,-227
113900175,728,183,545
113900176,538,834,-296
113900177,413,297,116
113900178,1093,226,867
113900179,20,574,-554
113900180,174,117,57
113900181,923,223,700
113900182,1211,1515,-304
113900183,71,93,-22
113900184,15,666,-651
113900185,311,113,198
113900186,66,69,-3
113900187,44,194,-150
113900188,57,314,-257
113900189,383,197,186
113900190,307,159,148
113900191,182,358,-176
113900192,18,881,-863
113900193,31,273,-242
113900194,2168,1434,734
113900195,351,678,-327
113900196,21,178,-157
113900197,1,234,-233
113900198,40,250,-210
113900199,311,996,-685
113900200,20,407,-387
113900201,1,263,-262
113900202,52,439,-387
113900203,2,122,-120
113900204,96,709,-613
113900205,20,281,-261
113900206,8,205,-197
113900207,2,79,-77
113900208,2,99,-97
113900209,1,111,-110
113900210,783,1172,-389
113900211,316,115,201
113900212,214,693,-479
113900214,682,575,107
113900215,46,187,-141
113900216,117,1206,-1089
113900217,102,321,-219
113900218,195,87,108
113900219,118,369,-251
113900220,181,166,15
113900221,526,348,178
113900222,415,788,-373
113900223,212,1233,-1021
113900224,125,111,14
113900225,767,355,412
113900226,447,146,301
113900227,881,348,533
113900228,397,676,-279
113900229,86,1032,-946
113900230,6030,4190,1840
113900231,276,293,-17
113900232,118,158,-40
113900233,150,120,30
113900234,480,635,-155
113900235,145,67,78
113900236,214,473,-259
113900237,192,20,172
113900238,330,695,-365
113900239,75,115,-40
113900240,8,217,-209
113900241,127,79,48
113900242,56,182,-126
113900243,153,575,-422
113900244,488,344,144
113900245,1582,439,1143
113900246,35,41,-6
113900247,228,525,-297
113900248,3507,2597,910
113900249,1264,500,764
113900250,57,167,-110
113900251,775,240,535
113900252,694,25,669
113900253,843,94,749
113900254,1109,209,900
113900255,558,45,513
113900256,426,51,375
113900257,46,645,-599
113900258,24,505,-481
113900259,577,228,349
113900260,255,29,226
113900261,61,105,-44
113900262,169,814,-645
113900263,329,812,-483
113900264,7,612,-605
113900265,353,554,-201
113900266,35,262,-227
113900267,151,697,-546
113900268,519,595,-76
113900269,95,223,-128
113900270,399,949,-550
113900271,931,1804,-873
113900273,111,20,91
113900274,75,64,11
113900275,56,101,-45
113900276,4,245,-241
113900277,190,4,186
113900278,407,244,163
113900279,285,210,75
113900280,1900,669,1231
113900281,997,1555,-558
113900282,1217,872,345
113900283,512,704,-192
113900284,1192,226,966
113900285,271,51,220
113900286,147,178,-31
113900287,42,110,-68
113900288,11,290,-279
113900289,1427,177,1250
113900290,304,243,61
113900291,211,302,-91
113900292,23,9,14
113900293,4,364,-360
113900294,518,60,458
113900295,551,547,4
113900296,2493,638,1855
113900297,3582,57,3525
113900298,27,1976,-1949
113900299,72,220,-148
113900300,6881,5179,1702
113900301,956,317,639
113900302,3189,1247,1942
113900303,876,614,262
113900304,3,175,-172
113900305,110,0,110
113900306,58,2,56
113900307,52,0,52
113900308,129,200,-71
113900309,12,1185,-1173
113900310,0,20,-20
113900311,17,0,17
113900312,283,333,-50
113900313,13,17,-4
114000001,1392,3756,-2364
114000002,376,443,-67
114000003,56,422,-366
114000004,516,520,-4
114000005,455,382,73
114000006,3968,2686,1282
114000007,1062,1884,-822
114000008,1990,2414,-424
114000009,910,336,574
114000011,2958,3279,-321
114000012,3145,2672,473
114000013,2006,2037,-31
114000014,647,477,170
114000015,2953,649,2304
114000016,320,516,-196
114000017,131,465,-334
114000018,358,81,277
114000026,1895,1616,279
114000027,3461,2440,1021
114000028,3152,3217,-65
114000038,391,235,156
114000039,162,73,89
114000040,110,336,-226
114000042,145,199,-54
114000043,94,139,-45
114000044,227,76,151
114000045,74,144,-70
114000046,5581,5955,-374
114000047,34,84,-50
114000048,71,51,20
114000049,2349,2458,-109
114000050,2182,3249,-1067
114000051,4320,2744,1576
114000052,6570,2037,4533
114000053,310,707,-397
114000054,270,1082,-812
114000055,669,54,615
114000056,1730,1135,595
114000057,7593,2878,4715
114000058,1056,1997,-941
114000059,497,466,31
114000060,853,1208,-355
114000061,4687,3726,961
114000062,3494,2256,1238
114000063,3850,2419,1431
114000064,9519,5210,4309
114000065,2086,3162,-1076
114000066,641,671,-30
114000067,46,810,-764
114000068,669,1003,-334
114000069,1400,873,527
114000070,2653,2207,446
114000071,980,753,227
114000072,794,439,355
114000073,30,95,-65
114000074,75,22,53
114000075,62,187,-125
114000076,22,195,-173
114000077,20,52,-32
114000078,929,900,29
114000079,192,60,132
114000080,134,102,32
114000081,99,116,-17
114000082,51,629,-578
114000083,80,418,-338
114000084,489,126,363
114000085,167,979,-812
114000086,377,659,-282
114000087,227,266,-39
114000088,75,68,7
114000089,1430,625,805
114000090,1115,1349,-234
114000091,2090,1132,958
114000092,1314,823,491
114000093,1757,1255,502
114000094,393,476,-83
114000095,428,139,289
114000096,227,524,-297
114000097,195,948,-753
114000098,591,122,469
114000099,712,912,-200
114000100,1703,1056,647
114000101,559,1208,-649
114000102,679,436,243
114000103,233,564,-331
114000104,193,393,-200
114000105,306,127,179
114000106,1158,1295,-137
114000107,559,181,378
114000108,1832,1452,380
114000109,607,1399,-792
114000110,851,1907,-1056
114000111,1927,1241,686
114000112,761,2201,-1440
114000113,1519,764,755
114000114,1963,1690,273
114000115,2509,1544,965
114000116,1244,899,345
114000117,3163,677,2486
114000118,2721,737,1984
114000119,1911,708,1203
114000120,616,1202,-586
114000121,491,890,-399
114000122,487,318,169
114000123,2098,593,1505
114000124,986,401,585
114000125,1050,1608,-558
114000126,4377,361,4016
114000127,394,268,126
114000128,904,543,361
114000130,644,702,-58
114000131,383,200,183
114000132,816,904,-88
114000133,1428,1959,-531
114000134,129,245,-116
114000138,87,291,-204
114000139,612,322,290
114000144,1027,663,364
114000145,132,314,-182
114000146,137,357,-220
114000147,1670,2105,-435
114000148,2612,2378,234
114000149,612,499,113
114000150,832,875,-43
114000151,1018,1327,-309
114000152,252,41,211
114000153,1105,2613,-1508
114000154,1049,988,61
114000155,2948,2475,473
114000156,1034,849,185
114000157,379,1098,-719
114000158,2329,1108,1221
114000159,258,665,-407
114000160,143,573,-430
114000161,1748,3716,-1968
114000162,1233,2988,-1755
114000163,24,207,-183
114000165,691,294,397
114000166,1276,598,678
114000167,4110,1904,2206
114000168,1111,1057,54
114000169,1934,1514,420
114000170,1556,1071,485
114000171,1333,2079,-746
114000174,270,759,-489
114000176,748,701,47
114000177,2512,1389,1123
114000178,98,58,40
114000179,1239,932,307
114000180,632,1082,-450
114000181,2225,4449,-2224
114000182,5697,2988,2709
114000183,1141,1042,99
114000184,570,1784,-1214
114000185,1684,1157,527
114000189,1058,146,912
114000190,2911,426,2485
114000191,33,78,-45
114000192,509,1985,-1476
114000193,1086,3699,-2613
114000194,1508,1375,133
114000195,227,44,183
114000196,4,401,-397
114000197,1363,139,1224
114000198,1198,480,718
114000199,2578,2160,418
114000200,712,2457,-1745
114000201,197,1037,-840
114000202,2212,749,1463
114000203,481,801,-320
114000204,196,586,-390
114000205,392,1959,-1567
114000206,836,1700,-864
114000207,778,2508,-1730
114000208,535,3725,-3190
114000209,953,2981,-2028
114000210,417,1908,-1491
114000211,1046,2843,-1797
114000212,862,971,-109
114000213,1534,725,809
114000214,106,300,-194
114000215,282,132,150
114000216,2119,758,1361
114000217,347,508,-161
114000218,188,401,-213
114000219,1389,320,1069
114000220,18,1088,-1070
114000221,960,235,725
114000222,230,1335,-1105
114000223,513,176,337
114000224,173,832,-659
114000225,286,817,-531
114000226,171,281,-110
114000227,882,587,295
114000228,1095,1045,50
114000229,1336,1656,-320
114000230,2281,1588,693
114000231,1153,1406,-253
114000232,701,179,522
114000233,2306,152,2154
114000234,1223,1345,-122
114000235,1210,1884,-674
114000236,3,433,-430
114000237,150,1213,-1063
114000238,401,160,241
114000239,364,1488,-1124
114000240,1063,936,127
114000241,319,1180,-861
114000242,1199,1170,29
114000243,2151,985,1166
114000244,1906,570,1336
114000245,407,779,-372
114000246,195,54,141
114000247,1948,947,1001
114000248,2192,697,1495
114000249,510,798,-288
114000250,646,1161,-515
114000251,525,365,160
114000252,101,120,-19
114000253,138,216,-78
114000254,51,112,-61
114000255,790,252,538
114000256,2478,2556,-78
114000257,546,1691,-1145
114000258,964,668,296
114000259,639,336,303
114000260,0,30,-30
114000261,54,57,-3
114000262,465,208,257
114000263,26,4,22
114000264,1487,716,771
114000265,0,17,-17
114000267,12,3627,-3615
114000268,6,2005,-1999
114000270,158,3,155
114000271,864,143,721
114000283,2069,633,1436
114000285,39,350,-311
114000288,98,364,-266
114000289,1454,212,1242
114000293,221,535,-314
114000294,200,509,-309
114000395,3092,90,3002
114000396,669,648,21
114000402,487,413,74
114000403,298,556,-258
114000405,196,603,-407
114000423,348,616,-268
114000424,704,290,414
114000425,807,631,176
114000426,324,1085,-761
114000427,64,139,-75
114000428,292,195,97
114000429,14,352,-338
114000432,135,161,-26
114000434,14,124,-110
114000435,13,311,-298
114000436,4317,1470,2847
114000437,570,3051,-2481
114900001,962,1336,-374
114900002,1764,178,1586
114900003,835,2090,-1255
114900004,430,524,-94
114900005,665,1175,-510
114900006,366,98,268
114900007,432,26,406
114900008,263,161,102
114900010,3183,2569,614
114900011,313,237,76
114900013,352,252,100
114900015,126,610,-484
114900018,995,30,965
114900020,289,98,191
114900022,75,742,-667
114900024,363,245,118
114900025,705,338,367
114900026,43,217,-174
114900027,396,313,83
114900029,23,38,-15
114900030,441,276,165
114900031,426,54,372
114900032,508,51,457
114900033,1455,870,585
114900034,77,304,-227
114900035,181,442,-261
114900036,344,938,-594
114900037,200,264,-64
114900038,241,779,-538
114900039,688,719,-31
114900040,125,207,-82
114900041,762,733,29
114900042,820,953,-133
114900043,752,374,378
114900044,311,60,251
114900046,85,202,-117
114900047,323,2010,-1687
114900048,151,387,-236
114900049,13,186,-173
114900050,57,571,-514
114900051,65,485,-420
114900052,273,304,-31
114900053,411,339,72
114900054,79,274,-195
114900057,272,23,249
114900058,0,114,-114
114900059,85,76,9
114900060,1701,1129,572
114900061,131,249,-118
114900062,430,547,-117
114900063,86,358,-272
114900064,1458,764,694
114900065,481,896,-415
114900067,234,595,-361
114900068,77,194,-117
114900069,340,223,117
114900070,667,595,72
114900072,11,478,-467
114900073,2,289,-287
114900074,763,937,-174
114900075,405,15,390
114900076,11,588,-577
114900080,2509,593,1916
114900082,4585,2643,1942
114900083,2032,1638,394
114900090,504,378,126
114900091,146,254,-108
114900095,424,192,232
114900096,609,1043,-434
114900097,135,0,135
114900098,11,307,-296
114900099,398,14,384
115000001,7769,5491,2278
115000002,3754,4804,-1050
115000003,6552,4450,2102
115000004,4429,7413,-2984
115000005,2048,2813,-765
115000006,1116,2024,-908
115000007,117,211,-94
115000008,886,746,140
115000009,195,302,-107
115000010,370,201,169
115000013,130,197,-67
115000015,75,384,-309
115000016,260,349,-89
115000019,36,568,-532
115000020,195,969,-774
115000021,309,589,-280
115000022,760,551,209
115000023,500,782,-282
115000024,1657,783,874
115000025,1138,880,258
115000026,223,636,-413
115000027,338,393,-55
115000028,361,1246,-885
115000029,730,176,554
115000030,1274,1557,-283
115000031,1519,620,899
115000032,13,341,-328
115000033,244,54,190
115000034,191,1567,-1376
115000035,1430,101,1329
115000036,0,554,-554
115000037,723,10,713
115000038,54,220,-166
115000039,4206,3900,306
115000040,9508,4129,5379
115000041,2271,4214,-1943
115000042,1971,983,988
115000043,4129,2521,1608
115000044,4410,4846,-436
115000045,3007,2550,457
115000046,2319,2967,-648
115000047,2305,2075,230
115000048,1995,3187,-1192
115000049,2128,4435,-2307
115000050,3406,2804,602
115000051,2259,3536,-1277
115000052,2721,2412,309
115000053,1976,2065,-89
115000054,979,1720,-741
115000055,225,694,-469
115000056,305,682,-377
115000057,939,895,44
115000058,634,293,341
115000059,211,142,69
115000061,323,152,171
115000062,223,383,-160
115000063,399,409,-10
115000064,267,196,71
115000065,51,498,-447
115000067,240,23,217
115000069,120,487,-367
115000070,51,1245,-1194
115000071,132,33,99
115000072,16,96,-80
115000073,1416,74,1342
115000075,121,71,50
115000076,4799,3885,914
115000077,2820,3354,-534
115000078,1468,1970,-502
115000079,2338,2370,-32
115000080,3337,2974,363
115000081,604,1321,-717
115000082,4543,4327,216
115000083,2618,3297,-679
115000084,2380,1398,982
115000085,967,1434,-467
115000086,1199,1237,-38
115000087,632,1955,-1323
115000088,2001,925,1076
115000089,1776,1730,46
115000090,670,1159,-489
115000091,286,1310,-1024
115000092,588,410,178
115000093,475,3,472
115000094,9018,6633,2385
115000095,6853,7266,-413
115000096,745,2355,-1610
115000097,1141,1242,-101
115000098,1198,1102,96
115000099,2891,3849,-958
115000100,1019,507,512
115000101,614,2073,-1459
115000102,472,410,62
115000103,342,973,-631
115000105,85,228,-143
115000106,583,376,207
115000107,232,683,-451
115000108,4539,3309,1230
115000109,6052,5400,652
115000110,1906,1812,94
115000111,1103,2523,-1420
115000112,990,862,128
115000113,912,1200,-288
115000114,3123,1182,1941
115000116,5734,3023,2711
115000117,6344,4528,1816
115000118,3217,2451,766
115000119,3175,3420,-245
115000120,880,1675,-795
115000121,1966,1289,677
115000122,6065,2458,3607
115000123,2656,3046,-390
115000124,1385,1455,-70
115000125,616,824,-208
115000126,217,419,-202
115000127,509,166,343
115000128,749,987,-238
115000129,328,428,-100
115000130,554,1133,-579
115000131,951,384,567
115000132,427,503,-76
115000133,826,392,434
115000134,781,385,396
115000135,739,308,431
115000136,468,326,142
115000137,208,233,-25
115000138,372,357,15
115000139,299,277,22
115000140,333,288,45
115000141,208,345,-137
115000142,238,327,-89
115000143,735,691,44
115000144,591,99,492
115000145,278,363,-85
115000146,585,448,137
115000147,736,585,151
115000148,307,1526,-1219
115000149,645,298,347
115000150,863,1280,-417
115000151,1241,873,368
115000152,899,1647,-748
115000153,1301,1005,296
115000154,915,527,388
115000155,780,1286,-506
115000156,1186,919,267
115000157,968,1013,-45
115000158,1008,557,451
115000159,989,741,248
115000160,937,888,49
115000161,550,631,-81
115000162,858,946,-88
115000163,802,743,59
115000164,897,720,177
115000165,419,564,-145
115000167,209,120,89
115000168,687,458,229
115000169,790,477,313
115000170,264,174,90
115000171,370,222,148
115000172,1619,839,780
115000173,510,696,-186
115000174,296,324,-28
115000175,276,128,148
115000176,192,208,-16
115000177,221,189,32
115000178,44,341,-297
115000179,64,62,2
115000180,155,831,-676
115000181,763,222,541
115000182,1004,514,490
115000183,462,986,-524
115000186,774,412,362
115000187,268,971,-703
115000188,513,672,-159
115000189,265,622,-357
115000190,979,488,491
115000191,378,787,-409
115000194,251,264,-13
115000195,525,390,135
115000196,330,134,196
115000197,601,347,254
115000198,397,279,118
115000199,527,318,209
115000200,633,142,491
115000201,216,481,-265
115000206,675,131,544
115000207,181,464,-283
115000208,661,885,-224
115000209,1503,446,1057
115000210,195,209,-14
115000211,315,316,-1
115000212,1651,416,1235
115000224,506,86,420
115000225,79,141,-62
115000229,219,211,8
115000230,159,513,-354
115000231,362,2341,-1979
115000232,1718,425,1293
115000233,192,299,-107
115000234,37,338,-301
115000241,84,451,-367
115000242,154,442,-288
115000243,52,369,-317
115000244,9,136,-127
115000246,48,29,19
115000247,100,31,69
115000248,29,40,-11
115000249,96,46,50
115000250,304,54,250
115000251,336,244,92
115000252,149,355,-206
115000253,16,602,-586
115000258,348,349,-1
115000259,507,282,225
115000261,29,26,3
115000262,14,20,-6
115000263,18,51,-33
115000264,23,45,-22
115000267,83,89,-6
115000268,45,179,-134
115000269,162,83,79
115000270,4,26,-22
115000272,94,206,-112
115000273,617,59,558
115000280,2205,194,2011
115000281,609,769,-160
115000282,2054,1226,828
115000284,466,202,264
115000296,1468,16,1452
115000297,203,151,52
115000298,176,446,-270
115000300,224,242,-18
115000302,776,240,536
115000303,796,235,561
115000304,845,131,714
115000305,126,1097,-971
115000306,252,546,-294
115000307,157,232,-75
115000308,67,42,25
115000309,15,52,-37
115000310,1071,1329,-258
115000311,921,1586,-665
115000313,140,963,-823
115000314,513,204,309
115000315,1202,611,591
115000316,107,196,-89
115000317,267,673,-406
115000318,938,421,517
115000319,76,441,-365
115000320,29,477,-448
115000321,575,22,553
115000322,79,326,-247
115000449,419,224,195
115000557,3,1462,-1459
115000558,508,99,409
115000587,647,636,11
115000588,2882,3389,-507
115000589,3805,2900,905
115000590,1567,1626,-59
115000591,2008,806,1202
115000592,818,2019,-1201
115000593,1748,740,1008
115000594,1194,2568,-1374
115000609,148,208,-60
115000617,3078,4252,-1174
115000624,360,152,208
115000633,555,2867,-2312
115000634,2976,1143,1833
115000635,539,156,383
115000638,1205,1108,97
115000641,61,200,-139
115000642,475,455,20
115000643,159,727,-568
115000644,174,591,-417
115000646,1199,2040,-841
115000647,234,664,-430
115000648,2034,2653,-619
115000893,3456,1568,1888
115000894,247,1387,-1140
115000895,509,922,-413
115000896,1316,346,970
115000897,795,201,594
115000898,840,281,559
115000899,818,1523,-705
115000900,113,489,-376
115000901,163,171,-8
115000912,477,139,338
115000913,3,34,-31
115000915,15,0,15
115000916,8,0,8
115000917,0,9,-9
115000918,77,395,-318
115000919,24,21,3
115000920,70,70,0
115000921,991,149,842
115000922,1327,774,553
115000923,638,1121,-483
115000925,142,103,39
115000927,46,98,-52
115000933,306,242,64
115000934,262,290,-28
115000935,162,168,-6
115000936,41,671,-630
115000937,652,159,493
115000938,70,147,-77
115000939,82,163,-81
115900001,114,86,28
115900002,119,190,-71
115900003,267,162,105
115900004,2,99,-97
115900005,153,18,135
115900006,267,415,-148
115900008,69,23,46
115900009,91,348,-257
115900010,392,288,104
115900011,778,384,394
115900012,195,139,56
115900013,714,303,411
115900014,124,213,-89
115900015,229,124,105
115900016,194,56,138
115900017,13,11,2
115900018,247,119,128
115900019,543,29,514
115900020,98,3,95
115900021,1761,199,1562
115900022,2013,27,1986
115900023,41,9,32
115900025,143,394,-251
115900026,937,446,491
115900027,1,409,-408
115900028,993,111,882
115900029,25,635,-610
115900030,46,44,2
115900031,425,434,-9
115900032,654,1031,-377
115900033,0,72,-72
115900034,45,663,-618
115900035,50,44,6
115900036,187,708,-521
115900037,95,582,-487
115900038,34,22,12
115900039,262,322,-60
115900041,719,732,-13
115900042,44,11,33
115900043,128,142,-14
115900044,451,397,54
115900046,318,378,-60
115900047,232,181,51
115900049,182,367,-185
115900051,5,51,-46
115900052,17,289,-272
115900053,308,295,13
115900054,262,79,183
115900055,27,167,-140
115900056,345,446,-101
115900057,56,34,22
115900058,44,71,-27
115900060,307,234,73
115900061,223,0,223
115900062,78,353,-275
115900063,110,21,89
115900064,241,320,-79
115900065,181,188,-7
115900066,261,250,11
115900067,19,892,-873
115900068,4055,1208,2847
115900069,136,218,-82
115900070,179,329,-150
115900071,0,558,-558
115900072,51,273,-222
115900073,111,122,-11
115900074,5,374,-369
115900075,61,364,-303
115900076,4,112,-108
115900077,9,350,-341
115900078,301,193,108
115900079,204,19,185
115900080,653,400,253
115900081,28,94,-66
115900082,181,265,-84
115900084,565,20,545
115900085,77,57,20
115900086,1988,887,1101
115900088,22,53,-31
115900089,361,878,-517
115900090,373,21,352
115900091,42,71,-29
115900092,47,253,-206
115900093,12,44,-32
115900094,10,402,-392
115900096,3,7,-4
115900097,13,522,-509
115900098,171,452,-281
115900099,402,90,312
115900100,18,670,-652
115900101,159,380,-221
115900102,125,117,8
115900103,337,237,100
115900104,93,217,-124
115900105,408,869,-461
115900106,75,58,17
115900107,209,232,-23
115900108,196,104,92
115900109,72,564,-492
115900110,5,29,-24
115900111,8,129,-121
115900112,57,1301,-1244
115900113,65,80,-15
115900114,6,200,-194
115900115,158,409,-251
115900116,147,1154,-1007
115900117,60,59,1
115900118,5,378,-373
115900119,195,258,-63
115900120,35,526,-491
115900121,199,400,-201
115900124,567,922,-355
115900125,429,65,364
115900126,797,133,664
115900127,842,91,751
115900128,13,101,-88
115900129,961,85,876
115900130,29,256,-227
115900131,932,32,900
115900132,644,12,632
115900134,452,11,441
115900135,516,1488,-972
115900137,50,3,47
115900139,42,73,-31
115900140,389,58,331
115900141,6,33,-27
115900142,2,22,-20
115900143,383,442,-59
115900144,83,319,-236
115900146,60,174,-114
115900147,461,339,122
115900148,100,8,92
115900149,124,22,102
115900150,79,44,35
115900151,23,123,-100
115900152,144,424,-280
115900153,178,289,-111
115900154,662,469,193
115900155,0,127,-127
115900156,849,1170,-321
115900157,242,619,-377
115900158,40,18,22
115900159,168,366,-198
115900160,31,24,7
115900161,194,263,-69
115900163,202,216,-14
115900164,659,56,603
115900165,7,181,-174
115900166,312,249,63
115900168,139,280,-141
115900171,164,557,-393
115900172,87,156,-69
115900173,320,205,115
115900174,327,305,22
115900175,179,304,-125
115900178,21,843,-822
115900179,294,16,278
115900180,68,300,-232
115900181,216,315,-99
115900182,464,316,148
115900183,91,25,66
115900184,2569,37,2532
115900187,17,120,-103
115900189,1,321,-320
115900190,563,1678,-1115
115900191,72,579,-507
115900192,9,115,-106
115900193,854,222,632
115900194,768,104,664
115900195,999,2455,-1456
115900198,291,528,-237
115900199,221,419,-198
115900200,381,666,-285
115900201,534,430,104
115900202,3,61,-58
115900203,11,18,-7
115900204,0,9,-9
115900205,152,11,141
115900206,234,227,7
115900207,52,51,1
115900208,265,287,-22
115900209,7,187,-180
115900210,23,194,-171
115900211,3,318,-315
115900212,218,489,-271
115900213,240,89,151
115900214,544,419,125
115900215,36,189,-153
115900216,29,136,-107
115900217,85,75,10
115900218,6,52,-46
115900219,93,15,78
115900220,151,38,113
115900221,63,15,48
115900222,73,37,36
115900223,12,392,-380
115900224,2028,1480,548
115900225,73,51,22
115900226,39,64,-25
115900227,23,73,-50
115900228,15,48,-33
115900229,13,78,-65
115900230,71,202,-131
115900231,117,5,112
115900232,59,6,53
115900233,99,38,61
115900234,78,45,33
115900235,39,43,-4
115900236,242,47,195
115900237,81,38,43
115900238,296,33,263
115900239,41,32,9
115900240,14,72,-58
115900241,301,254,47
115900242,276,445,-169
115900243,16,18,-2
115900244,37,27,10
115900245,66,32,34
115900246,41,12,29
115900247,64,17,47
115900248,21,5,16
115900249,9,36,-27
115900250,18,50,-32
115900251,0,32,-32
115900252,12,7,5
115900253,11,30,-19
115900254,5,36,-31
115900255,5,21,-16
115900256,33,23,10
115900257,9,21,-12
115900258,2,11,-9
115900259,9,1,8
115900260,16,4,12
115900261,22,5,17
115900262,2,3,-1
115900263,9,4,5
115900264,31,10,21
115900265,2,18,-16
115900266,7,18,-11
115900267,12,6,6
115900268,10,8,2
115900269,579,718,-139
115900270,506,549,-43
115900271,86,2,84
115900272,25,7,18
115900273,9,18,-9
115900274,0,26,-26
115900275,0,57,-57
115900276,0,38,-38
115900277,1,90,-89
115900278,33,162,-129
115900279,18,197,-179
115900280,30,414,-384
115900281,450,258,192
115900282,16,9,7
116000001,16517,6482,10035
116000002,6095,11277,-5182
116000003,2038,2248,-210
116000004,2769,3802,-1033
116000005,4917,4401,516
116000006,3589,2704,885
116000007,3790,5656,-1866
116000008,4361,3294,1067
116000009,2642,3324,-682
116000010,2531,1911,620
116000011,1144,2434,-1290
116000012,1563,1244,319
116000013,12023,5717,6306
116000014,16317,12080,4237
116000015,548,1803,-1255
116000016,8704,4326,4378
116000017,54,828,-774
116000018,993,486,507
116000019,1061,403,658
116000020,773,1217,-444
116000021,505,357,148
116000022,484,454,30
116000023,1483,915,568
116000024,1104,1304,-200
116000025,971,986,-15
116000026,2398,2921,-523
116000027,1188,740,448
116000028,488,969,-481
116000029,1168,1001,167
116000030,1000,629,371
116000031,303,470,-167
116000032,520,290,230
116000033,434,702,-268
116000034,710,1209,-499
116000035,491,993,-502
116000036,2244,1338,906
116000037,886,739,147
116000038,628,457,171
116000039,771,421,350
116000040,1196,384,812
116000041,406,479,-73
116000042,790,299,491
116000043,157,717,-560
116000044,14,53,-39
116000045,2127,1402,725
116000046,1386,1670,-284
116000047,2126,2808,-682
116000048,2396,2161,235
116000049,1579,3180,-1601
116000050,1777,1945,-168
116000051,7148,2729,4419
116000052,6948,6315,633
116000053,2301,1130,1171
116000054,833,3175,-2342
116000055,799,1452,-653
116000056,1289,1689,-400
116000057,4561,2758,1803
116000058,5109,3809,1300
116000059,4961,6805,-1844
116000060,2591,1193,1398
116000061,727,1281,-554
116000062,869,281,588
116000063,784,1151,-367
116000066,293,631,-338
116000067,306,664,-358
116000068,230,288,-58
116000069,324,475,-151
116000078,570,1263,-693
116000080,2261,1550,711
116000082,5,110,-105
116000083,1779,564,1215
116000084,3193,4900,-1707
116000085,2856,2347,509
116000086,2541,1577,964
116000087,2083,1871,212
116000088,916,1495,-579
116000089,221,141,80
116000090,173,163,10
116000091,513,388,125
116000093,976,677,299
116000094,808,997,-189
116000095,1034,825,209
116000096,887,2146,-1259
116000097,2113,963,1150
116000098,151,9395,-9244
116000099,8325,364,7961
116000100,303,40,263
116000101,1027,1441,-414
116000102,322,1686,-1364
116000103,691,488,203
116000104,458,1918,-1460
116000105,1282,247,1035
116000106,1992,1154,838
116000107,6018,496,5522
116000108,2061,243,1818
116000111,161,74,87
116000113,190,172,18
116000114,85,254,-169
116000115,461,174,287
116000116,455,918,-463
116000117,1742,2510,-768
116000118,1806,2045,-239
116000119,3721,2408,1313
116000120,3518,6332,-2814
116000121,1034,686,348
116000122,1719,2647,-928
116000123,1301,666,635
116000124,534,1527,-993
116000125,3325,1102,2223
116000126,494,2111,-1617
116000127,1370,1728,-358
116000128,1904,1162,742
116000129,1243,296,947
116000130,621,536,85
116000133,1061,1110,-49
116000134,2223,3123,-900
116000135,2754,1861,893
116000136,1474,2981,-1507
116000137,1250,997,253
116000138,1198,754,444
116000139,2263,2374,-111
116000140,179,257,-78
116000141,480,922,-442
116000142,3735,3569,166
116000143,1930,1902,28
116000144,1709,2638,-929
116000145,1832,1521,311
116000146,653,268,385
116000147,286,112,174
116000148,503,661,-158
116000149,904,947,-43
116000151,1010,791,219
116000153,113,574,-461
116000155,274,325,-51
116000156,714,1491,-777
116000157,62,25,37
116000158,476,467,9
116000159,23,17,6
116000160,43,99,-56
116000161,12,169,-157
116000162,224,139,85
116000163,48,17,31
116000164,7,38,-31
116000177,2132,157,1975
116000194,158,534,-376
116000195,1785,882,903
116000196,37,15,22
116000197,24,15,9
116000198,3347,1590,1757
116000200,954,529,425
116000201,825,837,-12
116000202,21,439,-418
116000203,2,154,-152
116000204,16,90,-74
116000205,2,267,-265
116000206,1,149,-148
116000207,14,72,-58
116000233,305,698,-393
116000287,206,696,-490
116000288,312,301,11
116000292,93,203,-110
116000296,14,257,-243
116000297,101,11,90
116000304,302,33,269
116000305,18,164,-146
116000346,212,166,46
116000352,172,70,102
116000354,100,25,75
116000357,54,68,-14
116000358,521,75,446
116000361,109,6,103
116000372,7274,4415,2859
116000381,132,4,128
116000388,2,69,-67
116000389,1367,736,631
116000445,459,881,-422
116000446,678,983,-305
116000447,23,627,-604
116000448,680,309,371
116000563,1665,1174,491
116000565,77,690,-613
116000568,85,386,-301
116000579,57,212,-155
116000584,34,16,18
116000585,38,28,10
116000586,210,232,-22
116000587,630,908,-278
116000589,36,119,-83
116000590,133,207,-74
116000591,271,359,-88
116000592,25,151,-126
116000593,0,34,-34
116000594,623,665,-42
116000595,938,295,643
116000596,156,4,152
116000597,443,161,282
116000598,34,344,-310
116000602,101,633,-532
116000605,638,230,408
116000606,116,445,-329
116000607,9,133,-124
116000609,261,1043,-782
116000611,146,729,-583
116000612,854,2122,-1268
116000613,635,459,176
116000614,514,884,-370
116000615,2,328,-326
116000616,60,140,-80
116000617,77,111,-34
116000618,2,170,-168
116000619,132,101,31
116000620,138,95,43
116000621,80,152,-72
116000622,60,221,-161
116000624,450,150,300
116000627,55,35,20
116000628,32,454,-422
116000629,36,455,-419
116000630,487,54,433
116000631,138,56,82
116000632,760,552,208
116000633,89,464,-375
116000634,740,23,717
116000635,3020,1976,1044
116000636,704,1102,-398
116000637,334,13,321
116000638,22,462,-440
116900001,370,226,144
116900002,319,2,317
116900003,44,125,-81
116900004,54,76,-22
116900005,350,118,232
116900006,174,249,-75
116900007,173,220,-47
116900008,522,452,70
116900009,34,9,25
116900010,6,2029,-2023
116900011,19,46,-27
116900012,548,325,223
116900013,10,247,-237
116900014,130,452,-322
116900015,412,67,345
116900016,231,2,229
116900017,5,854,-849
116900018,85,74,11
116900019,20,526,-506
116900020,1685,1299,386
116900023,133,25,108
116900024,710,81,629
116900025,1427,1222,205
116900026,350,846,-496
116900027,57,85,-28
116900028,12,170,-158
116900029,1,77,-76
116900031,3,7,-4
116900032,23,580,-557
116900033,24,14,10
116900034,19,108,-89
116900035,206,287,-81
116900036,3,144,-141
116900038,77,1,76
116900041,55,33,22
116900042,954,318,636
116900043,29,90,-61
116900047,39,130,-91
116900049,65,520,-455
116900050,174,642,-468
116900051,162,338,-176
116900052,281,87,194
116900055,3,7,-4
116900057,34,390,-356
116900058,51,499,-448
116900059,16,235,-219
116900060,224,260,-36
116900062,2,8,-6
116900064,128,1064,-936
116900065,67,145,-78
116900067,148,150,-2
116900068,179,317,-138
116900070,3,10,-7
116900072,30,616,-586
116900073,33,178,-145
116900074,11,77,-66
116900076,29,47,-18
116900077,9,256,-247
116900078,343,239,104
116900079,61,383,-322
116900080,25,41,-16
116900081,612,1621,-1009
116900082,593,1208,-615
116900083,105,106,-1
116900084,212,62,150
116900085,59,216,-157
116900086,115,319,-204
116900088,627,206,421
116900090,309,100,209
116900091,508,53,455
116900092,121,928,-807
116900093,2251,2291,-40
116900094,6046,4155,1891
116900095,246,162,84
116900096,201,529,-328
116900097,4286,3459,827
116900098,1093,517,576
116900099,1246,935,311
116900100,1096,52,1044
116900101,497,728,-231
116900103,2,1,1
116900104,159,118,41
116900105,336,202,134
116900106,2288,411,1877
116900107,5432,3006,2426
116900110,14,1,13
116900111,578,1090,-512
116900112,413,1443,-1030
116900113,2820,1873,947
116900116,191,522,-331
116900117,261,143,118
116900118,971,865,106
116900120,422,153,269
116900121,455,47,408
116900122,1427,1162,265
116900123,224,993,-769
116900124,207,1204,-997
116900125,490,302,188
116900126,319,786,-467
116900128,7,62,-55
116900129,0,527,-527
116900130,996,4020,-3024
116900131,178,537,-359
116900132,66,170,-104
116900133,195,263,-68
116900134,357,388,-31
116900136,520,238,282
116900137,492,196,296
116900138,318,228,90
116900139,162,540,-378
116900140,266,183,83
116900141,1051,559,492
116900142,3,101,-98
116900143,327,576,-249
116900144,61,112,-51
116900145,122,329,-207
116900147,634,482,152
116900148,36,65,-29
116900149,122,261,-139
116900150,32,18,14
116900151,57,18,39
116900153,148,112,36
116900154,994,769,225
116900155,170,127,43
116900157,623,465,158
116900158,332,358,-26
116900159,71,316,-245
116900160,1148,685,463
116900161,8556,7036,1520
116900162,18,150,-132
116900163,249,248,1
116900164,229,89,140
116900165,285,222,63
116900166,28,104,-76
116900167,512,162,350
116900168,375,117,258
116900169,775,519,256
116900170,372,684,-312
116900171,65,266,-201
116900172,292,422,-130
116900173,275,67,208
116900174,85,66,19
116900175,227,207,20
116900178,47,193,-146
116900179,137,426,-289
116900180,127,45,82
116900182,464,483,-19
116900183,241,239,2
116900185,56,74,-18
116900186,110,409,-299
116900187,119,95,24
116900188,167,35,132
116900189,148,2,146
116900191,542,1129,-587
116900192,351,240,111
116900194,222,1298,-1076
116900195,31,17,14
116900196,48,107,-59
116900197,138,31,107
116900198,320,410,-90
116900200,87,52,35
116900201,120,11,109
116900202,178,79,99
116900203,195,13,182
116900204,70,172,-102
116900206,22,63,-41
116900207,45,64,-19
116900208,16,170,-154
116900209,27,150,-123
116900210,674,422,252
116900211,503,22,481
116900212,128,112,16
116900213,251,202,49
116900214,231,298,-67
116900215,65,122,-57
116900216,439,350,89
116900218,25,400,-375
116900219,1695,627,1068
116900220,109,297,-188
116900221,104,532,-428
116900222,443,541,-98
116900223,156,502,-346
116900226,103,104,-1
116900227,203,147,56
116900228,458,315,143
116900230,66,379,-313
116900231,37,519,-482
116900232,13,505,-492
116900233,330,133,197
116900234,50,26,24
116900235,227,413,-186
116900238,2033,529,1504
116900239,55,1794,-1739
116900240,8172,4553,3619
116900241,144,285,-141
116900242,430,689,-259
116900243,8,145,-137
116900245,37,40,-3
116900246,122,20,102
116900247,1065,58,1007
116900248,141,78,63
116900249,396,159,237
116900250,683,103,580
116900251,647,657,-10
116900252,246,1166,-920
116900253,135,116,19
116900254,44,109,-65
116900255,190,110,80
116900256,585,132,453
116900257,107,670,-563
116900258,9,493,-484
116900259,457,22,435
116900260,4,200,-196
116900261,84,3,81
116900262,298,329,-31
116900263,2,18,-16
116900264,4,13,-9
116900265,70,0,70
116900266,18,78,-60
116900267,2,7,-5
116900268,238,127,111
116900269,413,733,-320
116900271,2168,271,1897
116900272,452,465,-13
116900273,187,68,119
116900274,147,138,9
116900275,241,169,72
116900276,884,184,700
116900277,883,31,852
116900278,8,29,-21
116900279,0,34,-34
116900280,25,52,-27
116900281,8832,5021,3811
116900282,7,139,-132
116900283,20,179,-159
116900284,28,336,-308
116900285,404,243,161
116900286,331,35,296
116900287,10,108,-98
116900288,105,175,-70
116900289,24,49,-25
116900290,2,61,-59
116900291,25,16,9
116900292,1,13,-12
116900293,57,122,-65
116900294,61,195,-134
116900295,226,46,180
116900296,185,75,110
116900297,15,71,-56
116900298,185,57,128
116900299,110,49,61
116900300,13,112,-99
116900301,71,126,-55
116900302,48,80,-32
116900303,356,87,269
116900304,2,155,-153
116900305,33,84,-51
116900306,220,138,82
117000001,1936,1765,171
117000002,2321,5799,-3478
117000003,7809,4125,3684
117000004,5041,6569,-1528
117000005,2429,2199,230
117000006,1557,4306,-2749
117000007,4108,1623,2485
117000008,1532,4916,-3384
117000009,6626,2470,4156
117000010,3595,5120,-1525
117000011,2763,1896,867
117000012,1663,1629,34
117000013,2066,983,1083
117000014,1629,2733,-1104
117000015,3266,1531,1735
117000016,427,114,313
117000017,480,144,336
117000018,262,659,-397
117000019,112,0,112
117000020,537,1867,-1330
117000021,2212,507,1705
117000022,541,122,419
117000023,340,209,131
117000024,477,195,282
117000025,675,944,-269
117000026,2848,1141,1707
117000027,3487,4252,-765
117000028,5396,1811,3585
117000030,800,609,191
117000031,560,299,261
117000032,2036,1416,620
117000033,1723,931,792
117000034,495,428,67
117000035,434,316,118
117000036,557,385,172
117000037,324,281,43
117000038,316,715,-399
117000039,436,312,124
117000040,271,1401,-1130
117000041,851,209,642
117000044,24,965,-941
117000045,391,89,302
117000046,544,890,-346
117000047,870,707,163
117000048,2718,1471,1247
117000049,251,625,-374
117000050,213,2595,-2382
117000051,2414,157,2257
117000052,65,455,-390
117000053,562,69,493
117000054,2320,20,2300
117000055,35,4345,-4310
117000056,827,35,792
117000057,904,3084,-2180
117000060,685,1998,-1313
117000061,1784,1062,722
117000062,411,909,-498
117000063,2110,1017,1093
117000064,1147,1103,44
117000066,1752,1336,416
117000067,200,605,-405
117000074,356,277,79
117000076,292,86,206
117000077,242,280,-38
117000078,113,1028,-915
117000079,662,251,411
117000080,2,391,-389
117000081,1389,165,1224
117000082,20,84,-64
117000083,121,11,110
117000084,342,4,338
117000085,520,1096,-576
117000086,1497,589,908
117000087,136,635,-499
117000088,333,253,80
117000089,1819,451,1368
117000090,357,1648,-1291
117000091,953,468,485
117000092,566,1760,-1194
117000093,1350,1067,283
117000094,1739,3616,-1877
117000095,3955,1332,2623
117000096,794,2907,-2113
117000097,1636,1812,-176
117000098,3554,6666,-3112
117000099,3930,1863,2067
117000100,224,457,-233
117000101,286,1748,-1462
117000102,1701,893,808
117000103,795,2343,-1548
117000104,1384,885,499
117000105,992,2279,-1287
117000106,1237,1109,128
117000107,859,2564,-1705
117000108,1874,1094,780
117000109,2035,3318,-1283
117000110,1727,1220,507
117000111,4510,5397,-887
117000112,3979,2323,1656
117000113,401,453,-52
117000114,349,167,182
117000115,221,222,-1
117000116,223,329,-106
117000117,2297,1494,803
117000118,320,272,48
117000119,603,195,408
117000120,341,501,-160
117000121,224,1327,-1103
117000122,434,1084,-650
117000123,1876,92,1784
117000124,976,80,896
117000125,499,92,407
117000126,99,23,76
117000127,239,340,-101
117000128,646,934,-288
117000129,370,369,1
117000130,125,2,123
117000131,0,47,-47
117000132,5140,98,5042
117000133,1557,172,1385
117000134,0,83,-83
117000135,4,50,-46
117000136,2,78,-76
117000137,142,132,10
117000138,6,854,-848
117000140,666,2040,-1374
117000141,1879,785,1094
117000181,998,654,344
117000182,348,709,-361
117000195,336,1514,-1178
117000196,347,177,170
117000225,149,23,126
117000226,15,136,-121
117000276,276,26,250
117000277,3,547,-544
117000310,2082,2983,-901
117000315,54,982,-928
117000320,45,0,45
117000906,347,11,336
117000907,20,368,-348
117000908,38,41,-3
117000909,52,61,-9
117000910,246,238,8
117000911,114,268,-154
117000915,14,739,-725
117000916,34,12,22
117000917,1295,82,1213
117000918,84,115,-31
117000919,8,153,-145
117000920,8,1818,-1810
117000921,5,1744,-1739
117000922,69,115,-46
117000924,314,878,-564
117000926,989,110,879
117000927,2648,989,1659
117000928,0,219,-219
117000929,286,494,-208
117000930,233,12,221
117000931,715,174,541
117900002,149,507,-358
117900003,1317,669,648
117900005,9,38,-29
117900006,0,33,-33
117900007,191,137,54
117900008,0,35,-35
117900010,302,131,171
117900011,96,72,24
117900012,91,123,-32
117900013,2,308,-306
117900014,516,145,371
117900015,52,159,-107
117900016,1846,1118,728
117900017,1197,404,793
117900018,166,119,47
117900019,482,361,121
117900020,91,527,-436
117900021,49,101,-52
117900022,55,51,4
117900023,869,419,450
117900024,76,101,-25
117900025,70,26,44
117900026,523,344,179
117900028,78,14,64
117900029,322,822,-500
117900030,511,338,173
117900031,435,124,311
117900032,1355,728,627
117900033,301,699,-398
117900034,43,41,2
117900035,650,127,523
117900036,278,534,-256
117900037,164,220,-56
117900038,26,504,-478
117900039,13,105,-92
117900040,147,622,-475
117900041,16,74,-58
117900042,5159,510,4649
117900043,54,80,-26
117900044,46,3773,-3727
117900045,193,168,25
117900048,292,406,-114
117900049,310,560,-250
117900050,11,44,-33
117900051,56,1,55
117900052,62,503,-441
117900053,1659,1109,550
117900054,0,36,-36
117900055,263,198,65
117900056,564,96,468
117900057,1488,1853,-365
117900058,109,44,65
117900059,496,126,370
117900060,2928,7086,-4158
117900061,39,259,-220
117900063,445,186,259
117900065,1672,1801,-129
117900066,11,93,-82
117900067,370,263,107
117900069,691,364,327
117900070,290,19,271
117900071,115,204,-89
117900073,513,385,128
117900074,268,47,221
117900075,81,131,-50
117900076,14,81,-67
117900077,507,235,272
117900078,421,989,-568
117900080,128,77,51
117900081,749,519,230
117900082,443,514,-71
117900083,334,553,-219
117900086,158,40,118
117900087,257,162,95
117900088,4289,2646,1643
117900089,2495,903,1592
117900090,619,624,-5
117900091,147,269,-122
117900092,84,56,28
117900093,145,175,-30
117900094,77,35,42
117900095,291,428,-137
117900096,107,356,-249
117900097,280,276,4
117900098,48,18,30
117900099,184,318,-134
117900100,241,3,238
117900101,655,2118,-1463
117900102,76,133,-57
117900103,116,6,110
117900104,45,142,-97
117900105,170,317,-147
117900106,137,113,24
117900107,57,0,57
117900109,705,522,183
117900110,278,2,276
117900111,689,40,649
117900112,99,42,57
117900113,4573,2234,2339
117900114,46,1,45
117900115,425,99,326
117900116,1208,1182,26
117900117,618,564,54
117900118,137,3,134
117900119,205,336,-131
117900120,210,107,103
117900121,192,24,168
117900122,1980,4221,-2241
117900123,717,487,230
117900124,1713,1013,700
117900125,2378,2290,88
117900126,321,738,-417
117900127,512,681,-169
117900128,450,841,-391
117900129,131,3,128
117900130,2340,494,1846
117900131,1,215,-214
117900132,12,154,-142
117900133,14,209,-195
117900134,88,341,-253
117900135,39,348,-309
117900136,1,70,-69
117900137,106,538,-432
117900138,1,73,-72
117900139,154,197,-43
117900140,4128,250,3878
117900141,279,267,12
117900142,243,31,212
117900144,105,207,-102
117900145,99,34,65
117900146,209,132,77
117900147,104,113,-9
117900148,3415,1979,1436
117900149,181,247,-66
117900150,56,60,-4
117900151,62,115,-53
117900152,123,78,45
117900153,19,122,-103
117900154,480,871,-391
117900156,1332,1223,109
117900157,170,711,-541
117900158,376,290,86
117900160,782,768,14
117900161,3775,3207,568
117900162,412,544,-132
117900163,179,93,86
117900165,0,9,-9
117900166,204,518,-314
117900168,58,331,-273
117900169,3,205,-202
117900170,2,51,-49
117900171,1,41,-40
117900172,13,51,-38
117900173,229,110,119
117900174,79,109,-30
117900175,4,50,-46
117900176,27,46,-19
117900177,46,70,-24
117900178,229,62,167
117900180,326,100,226
117900181,222,639,-417
117900182,7,66,-59
117900183,98,290,-192
117900184,93,88,5
117900185,44,99,-55
117900186,94,29,65
117900187,27,11,16
117900188,367,72,295
117900189,121,54,67
117900190,48,5,43
117900191,96,2,94
117900192,310,5,305
117900193,28,128,-100
117900194,12,14,-2
117900195,186,148,38
117900196,19,35,-16
117900207,284,193,91
117900208,39,63,-24
117900209,235,284,-49
117900210,229,335,-106
117900211,28,339,-311
117900212,148,255,-107
117900213,33,29,4
117900214,14,54,-40
117900215,15,49,-34
117900216,55,22,33
117900217,105,285,-180
117900218,125,241,-116
117900219,15,116,-101
117900220,175,87,88
117900222,212,457,-245
117900223,157,330,-173
118000001,1143,886,257
118000002,1501,2818,-1317
118000003,2799,2743,56
118000004,3305,3143,162
118000005,6925,5834,1091
118000006,9334,11913,-2579
118000007,8139,4377,3762
118000008,6722,4843,1879
118000009,2733,4809,-2076
118000010,7556,5904,1652
118000011,1795,3274,-1479
118000012,1666,3295,-1629
118000013,3956,3332,624
118000014,3774,3570,204
118000016,263,492,-229
118000017,572,454,118
118000018,619,653,-34
118000019,3286,1856,1430
118000020,2941,3819,-878
118000021,1103,3401,-2298
118000022,2747,1110,1637
118000023,1358,318,1040
118000024,2943,1514,1429
118000027,22068,14967,7101
118000029,1562,930,632
118000032,2033,4133,-2100
118000033,4384,5889,-1505
118000034,7721,3291,4430
118000035,2220,2980,-760
118000036,1532,1243,289
118000037,1009,1153,-144
118000038,171,90,81
118000039,128,370,-242
118000040,2043,1604,439
118000041,2805,1882,923
118000045,740,272,468
118000046,2326,744,1582
118000047,1504,827,677
118000048,3957,2085,1872
118000051,4227,1717,2510
118000052,2995,930,2065
118000053,934,1136,-202
118000054,3370,2823,547
118000055,2005,2907,-902
118000056,1353,685,668
118000057,457,563,-106
118000058,4573,2256,2317
118000059,3027,1311,1716
118000060,1246,782,464
118000061,2271,1756,515
118000062,803,511,292
118000063,438,745,-307
118000064,988,1494,-506
118000065,5193,2348,2845
118000066,1052,1886,-834
118000067,1179,1012,167
118000068,2323,5364,-3041
118000069,4508,1614,2894
118000070,6935,2441,4494
118000071,4797,8335,-3538
118000072,2429,1335,1094
118000073,3754,822,2932
118000074,1020,609,411
118000075,1359,509,850
118000076,1637,2292,-655
118000077,1732,1640,92
118000078,2198,2328,-130
118000079,419,553,-134
118000080,1387,1114,273
118000081,1995,1209,786
118000082,393,1445,-1052
118000083,2284,2143,141
118000084,3953,2223,1730
118000086,359,883,-524
118000087,5658,3397,2261
118000088,2303,2170,133
118000089,4409,2535,1874
118000090,2207,3508,-1301
118000091,1531,2594,-1063
118000092,1374,601,773
118000093,149,996,-847
118000096,711,894,-183
118000097,1081,748,333
118000098,355,258,97
118000099,698,1000,-302
118000101,1254,440,814
118000102,469,1617,-1148
118000107,2651,746,1905
118000108,1050,2905,-1855
118000110,0,34,-34
118000111,4,428,-424
118000112,499,7,492
118000113,5,842,-837
118000114,541,6,535
118000115,38,26,12
118000116,51,0,51
118000117,1365,964,401
118000118,1089,847,242
118000119,1188,1306,-118
118000120,2218,1625,593
118000121,132,753,-621
118000122,1646,485,1161
118000123,68,292,-224
118000125,2208,1334,874
118000126,1109,2001,-892
118000127,2619,752,1867
118000128,1050,1575,-525
118000129,1195,442,753
118000130,3456,4815,-1359
118000131,644,1062,-418
118000132,2871,2180,691
118000133,931,467,464
118000135,849,464,385
118000136,159,568,-409
118000137,667,117,550
118000138,661,755,-94
118000139,410,150,260
118000140,4158,5055,-897
118000141,2489,2507,-18
118000142,2158,1981,177
118000143,2466,1557,909
118000144,2019,1242,777
118000145,2404,2985,-581
118000146,1563,1315,248
118000147,1168,2009,-841
118000148,855,1637,-782
118000149,1061,1198,-137
118000150,628,327,301
118000151,685,554,131
118000153,1609,1372,237
118000154,1691,1933,-242
118000155,1391,1623,-232
118000156,3121,3289,-168
118000157,755,557,198
118000158,257,606,-349
118000159,27,131,-104
118000160,555,598,-43
118000161,667,1108,-441
118000162,2298,992,1306
118000163,1088,1062,26
118000164,2380,1753,627
118000168,1760,767,993
118000169,1357,1624,-267
118000170,5730,7532,-1802
118000171,591,1023,-432
118000172,127,424,-297
118000173,1202,1548,-346
118000175,385,399,-14
118000176,314,504,-190
118000177,282,733,-451
118000178,51,63,-12
118000179,1836,1556,280
118000180,1103,993,110
118000181,1124,482,642
118000182,408,390,18
118000183,282,385,-103
118000184,867,1032,-165
118000185,1688,1402,286
118000186,1119,1429,-310
118000187,1547,1029,518
118000188,680,239,441
118000189,837,992,-155
118000190,26,31,-5
118000191,52,43,9
118000192,349,386,-37
118000193,182,466,-284
118000194,2008,1308,700
118000195,1322,992,330
118000196,505,250,255
118000197,951,225,726
118000198,887,808,79
118000199,1218,547,671
118000200,198,315,-117
118000201,564,561,3
118000202,117,122,-5
118000203,1436,794,642
118000204,240,392,-152
118000205,328,377,-49
118000206,319,221,98
118000207,0,62,-62
118000208,1673,1968,-295
118000209,2663,2394,269
118000210,111,68,43
118000211,43,51,-8
118000213,1710,1566,144
118000214,701,719,-18
118000215,315,274,41
118000216,2401,3970,-1569
118000217,45,142,-97
118000218,85,174,-89
118000219,725,439,286
118000220,12,47,-35
118000221,258,454,-196
118000222,65,15,50
118000223,60,53,7
118000224,301,141,160
118000225,146,896,-750
118000226,1372,249,1123
118000227,1126,458,668
118000228,227,276,-49
118000229,250,82,168
118000230,266,295,-29
118000231,111,310,-199
118000232,828,1320,-492
118000233,1176,962,214
118000234,483,317,166
118000236,500,503,-3
118000237,153,637,-484
118000238,287,325,-38
118000239,389,329,60
118000240,747,193,554
118000241,223,336,-113
118000242,464,883,-419
118000243,305,328,-23
118000244,81,233,-152
118000246,2,32,-30
118000255,113,281,-168
118000256,158,274,-116
118000259,29,83,-54
118000260,338,185,153
118000261,42,94,-52
118000263,81,270,-189
118000266,195,442,-247
118000267,0,151,-151
118000268,508,29,479
118000270,130,53,77
118000271,210,424,-214
118000272,159,58,101
118000273,203,111,92
118000274,165,462,-297
118000276,518,427,91
118000295,15,151,-136
118000298,294,454,-160
118000299,85,201,-116
118000301,0,48,-48
118000302,156,155,1
118000311,480,160,320
118000312,368,265,103
118000313,121,248,-127
118000314,114,119,-5
118000315,91,123,-32
118000316,755,644,111
118000325,115,80,35
118000326,39,66,-27
118000331,29,79,-50
118000332,22,47,-25
118000333,49,142,-93
118000335,373,3,370
118000336,1,335,-334
118000407,166,121,45
118000457,7,52,-45
118000465,4991,5174,-183
118000480,53,132,-79
118000489,37,366,-329
118000490,75,372,-297
118000492,298,253,45
118000510,91,34,57
118000514,243,426,-183
118000515,1097,898,199
118000517,476,282,194
118000524,531,274,257
118000525,1151,1018,133
118000530,30,176,-146
118000531,311,295,16
118000532,264,414,-150
118000533,470,170,300
118000534,831,579,252
118000535,317,195,122
118000536,1467,2143,-676
118000537,45,192,-147
118000538,45,91,-46
118000539,23,115,-92
118000540,407,354,53
118000541,316,123,193
118000542,201,256,-55
118000543,284,304,-20
118000546,83,33,50
118000560,4300,2494,1806
118000562,51,264,-213
118000563,2217,1793,424
118000576,215,206,9
118000577,179,192,-13
118000578,186,100,86
118000579,724,1408,-684
118000595,216,106,110
118000596,0,73,-73
118000597,111,138,-27
118000598,31,3,28
118000599,53,68,-15
118000600,4,94,-90
118000601,22,0,22
118000602,0,61,-61
118000603,0,35,-35
118900001,1113,1828,-715
118900002,1251,1087,164
118900003,591,39,552
118900004,136,100,36
118900005,89,23,66
118900006,229,11,218
118900007,19,6,13
118900008,1759,83,1676
118900009,89,82,7
118900010,132,13,119
118900011,241,66,175
118900012,539,289,250
118900013,681,186,495
118900015,319,139,180
118900016,27,42,-15
118900017,336,380,-44
118900018,972,42,930
118900019,89,54,35
118900020,329,190,139
118900021,203,455,-252
118900022,184,163,21
118900023,219,139,80
118900024,137,216,-79
118900025,62,40,22
118900026,55,94,-39
118900027,551,337,214
118900028,130,236,-106
118900029,306,426,-120
118900030,448,141,307
118900031,197,144,53
118900032,286,263,23
118900033,611,491,120
118900034,293,50,243
118900035,146,230,-84
118900036,1314,864,450
118900037,744,298,446
118900038,486,255,231
118900039,646,278,368
118900040,248,232,16
118900041,720,213,507
118900042,284,102,182
118900045,391,197,194
118900046,1232,439,793
118900047,653,298,355
118900048,287,283,4
118900049,107,76,31
118900050,21,171,-150
118900051,115,121,-6
118900052,346,304,42
118900053,70,120,-50
118900054,157,77,80
118900055,95,143,-48
118900056,43,426,-383
118900057,787,548,239
118900058,416,401,15
118900059,38,133,-95
118900060,258,129,129
118900062,398,231,167
118900064,1001,688,313
118900065,59,186,-127
118900066,153,128,25
118900067,5773,4177,1596
118900068,13,210,-197
118900069,409,304,105
118900071,15,124,-109
118900072,484,515,-31
118900073,122,141,-19
118900074,162,288,-126
118900075,480,136,344
118900076,295,150,145
118900077,359,251,108
118900078,70,21,49
118900079,82,358,-276
118900080,35,215,-180
118900081,124,35,89
118900082,741,264,477
118900083,48,22,26
118900084,27,45,-18
118900085,722,1173,-451
118900086,51,122,-71
118900087,27,256,-229
118900088,0,18,-18
118900089,30,28,2
118900090,473,485,-12
118900091,247,309,-62
118900092,180,166,14
118900093,164,28,136
118900096,105,45,60
118900097,307,769,-462
118900099,154,336,-182
118900100,177,411,-234
118900101,180,978,-798
118900102,101,144,-43
118900103,79,171,-92
118900104,319,243,76
118900105,340,149,191
118900107,287,157,130
118900108,161,153,8
118900110,1925,1194,731
118900111,819,754,65
118900112,101,277,-176
118900113,181,718,-537
118900114,38,109,-71
118900115,186,658,-472
118900116,163,283,-120
118900117,121,251,-130
118900118,307,460,-153
118900119,135,344,-209
118900120,134,341,-207
118900121,14,273,-259
118900122,11,1084,-1073
118900123,187,308,-121
118900124,93,317,-224
118900126,44,430,-386
118900129,393,294,99
118900130,82,245,-163
118900131,232,294,-62
118900132,437,262,175
118900133,31,163,-132
118900135,219,303,-84
118900136,246,636,-390
118900137,34,60,-26
118900139,256,560,-304
118900140,373,657,-284
118900141,163,236,-73
118900144,124,495,-371
118900145,250,170,80
118900146,410,856,-446
118900147,269,183,86
118900148,90,97,-7
118900150,201,724,-523
118900152,753,1147,-394
118900157,140,217,-77
118900158,94,84,10
118900159,4,288,-284
118900161,138,21,117
118900163,220,183,37
118900164,13,233,-220
118900165,67,283,-216
118900166,76,10,66
118900167,150,168,-18
118900168,16,260,-244
118900169,124,568,-444
118900170,209,238,-29
118900171,40,56,-16
118900174,115,107,8
118900175,397,540,-143
118900176,190,350,-160
118900177,104,73,31
118900178,76,213,-137
118900179,4,52,-48
118900181,121,125,-4
118900182,195,70,125
118900183,29,199,-170
118900184,506,229,277
118900185,135,169,-34
118900186,133,154,-21
118900187,277,440,-163
118900188,313,324,-11
118900189,48,850,-802
118900190,18,449,-431
118900191,165,86,79
118900192,198,45,153
118900193,503,24,479
118900195,481,950,-469
118900196,50,227,-177
118900197,136,61,75
118900198,40,38,2
118900199,103,103,0
118900200,42,32,10
118900201,46,72,-26
118900202,15,95,-80
118900203,6,53,-47
118900204,19,67,-48
118900205,3,24,-21
118900206,7,36,-29
119000001,1703,1802,-99
119000002,5222,3954,1268
119000003,2969,1601,1368
119000004,4070,1547,2523
119000005,2100,2282,-182
119000006,3111,2031,1080
119000007,4195,4114,81
119000008,2504,2606,-102
119000009,4757,5598,-841
119000010,8073,5142,2931
119000011,5500,4187,1313
119000012,4506,4609,-103
119000013,2948,1961,987
119000014,3054,4568,-1514
119000019,426,191,235
119000020,3025,1800,1225
119000021,5480,3196,2284
119000022,4009,3689,320
119000023,315,294,21
119000024,2151,11392,-9241
119000025,9347,1759,7588
119000026,211,456,-245
119000027,430,584,-154
119000028,2562,1400,1162
119000029,153,412,-259
119000030,721,1383,-662
119000031,1073,1051,22
119000032,2510,3321,-811
119000033,2494,1912,582
119000034,1231,1352,-121
119000035,51,450,-399
119000036,1813,1226,587
119000037,1325,2290,-965
119000038,175,1230,-1055
119000039,375,413,-38
119000040,1025,654,371
119000041,1121,1483,-362
119000048,3676,4215,-539
119000049,2024,3362,-1338
119000050,2740,2651,89
119000051,3557,1321,2236
119000052,2591,3968,-1377
119000053,2215,1586,629
119000054,3967,4088,-121
119000055,4643,4717,-74
119000056,2652,2853,-201
119000057,1972,2691,-719
119000058,2503,2469,34
119000059,1789,2101,-312
119000060,1859,1537,322
119000061,1145,1049,96
119000062,1435,1675,-240
119000063,527,394,133
119000064,1289,1895,-606
119000065,2644,4281,-1637
119000066,2575,1494,1081
119000067,2210,2897,-687
119000068,1947,1542,405
119000069,1620,3136,-1516
119000070,2663,1422,1241
119000071,604,895,-291
119000072,6538,4014,2524
119000073,6599,8260,-1661
119000074,1430,3507,-2077
119000075,2341,2930,-589
119000076,657,1121,-464
119000077,1449,683,766
119000078,723,223,500
119000079,317,764,-447
119000080,576,265,311
119000081,345,647,-302
119000082,1170,293,877
119000083,871,479,392
119000084,423,689,-266
119000085,748,316,432
119000086,390,555,-165
119000087,2045,1312,733
119000088,390,300,90
119000089,114,270,-156
119000090,145,192,-47
119000091,152,554,-402
119000092,676,204,472
119000093,4460,3627,833
119000094,3165,6762,-3597
119000095,2060,3380,-1320
119000097,2552,2075,477
119000098,1054,2773,-1719
119000099,3030,2405,625
119000100,3982,3554,428
119000101,5282,2589,2693
119000102,1122,1210,-88
119000103,2148,629,1519
119000104,3828,2235,1593
119000105,1512,2254,-742
119000106,474,2266,-1792
119000107,910,578,332
119000108,540,1224,-684
119000109,275,523,-248
119000110,874,521,353
119000111,199,780,-581
119000112,288,153,135
119000113,3528,489,3039
119000114,1109,1618,-509
119000115,209,198,11
119000116,263,145,118
119000117,237,585,-348
119000118,1,3,-2
119000123,5862,1413,4449
119000124,926,244,682
119000125,3585,1096,2489
119000126,630,865,-235
119000127,561,878,-317
119000128,37,4,33
119000131,1061,1125,-64
119000132,2,2,0
119000133,4,8,-4
119000134,2402,718,1684
119000135,143,231,-88
119000136,244,299,-55
119000137,228,589,-361
119000138,500,418,82
119000139,324,404,-80
119000140,255,456,-201
119000284,1702,3749,-2047
119000285,2888,2947,-59
119000286,9396,7076,2320
119000287,1989,2725,-736
119000288,2438,1964,474
119000289,2151,4250,-2099
119000290,274,573,-299
119000291,7,349,-342
119000293,135,205,-70
119000294,48,39,9
119000295,2207,591,1616
119000296,223,184,39
119000302,3299,1816,1483
119000303,71,213,-142
119000314,1867,11945,-10078
119000315,2,614,-612
119000316,166,169,-3
119000317,114,556,-442
119900001,374,1544,-1170
119900002,337,422,-85
119900003,95,1585,-1490
119900004,570,1553,-983
119900005,270,177,93
119900006,422,577,-155
119900007,1531,393,1138
119900008,806,81,725
119900009,996,1034,-38
119900010,2086,1325,761
119900011,41,161,-120
119900012,25,138,-113
119900013,2423,1133,1290
119900014,919,336,583
119900015,146,69,77
119900016,48,140,-92
119900017,36,90,-54
119900018,2366,996,1370
119900019,68,21,47
119900020,279,309,-30
119900021,229,306,-77
119900022,172,831,-659
119900023,868,1412,-544
119900025,241,51,190
119900026,1220,264,956
119900027,93,49,44
119900028,489,178,311
119900029,2,14,-12
119900030,799,794,5
119900031,140,409,-269
119900033,2673,455,2218
119900034,520,259,261
119900037,255,84,171
119900038,84,393,-309
119900039,121,26,95
119900040,252,21,231
119900041,208,75,133
119900042,631,252,379
119900043,127,240,-113
119900044,315,1114,-799
119900046,173,110,63
119900047,374,81,293
119900048,224,55,169
119900049,223,27,196
119900050,216,143,73
119900051,636,19,617
119900052,71,79,-8
119900053,228,273,-45
119900054,142,23,119
119900055,1520,700,820
119900057,292,124,168
119900058,326,7,319
119900059,243,85,158
119900060,414,47,367
119900062,88,53,35
119900063,47,140,-93
119900064,536,153,383
119900065,294,21,273
119900066,3,0,3
119900067,465,77,388
119900068,481,5,476
119900069,118,52,66
119900070,1130,5,1125
119900071,792,28,764
119900073,2318,925,1393
119900074,166,55,111
119900075,7229,3885,3344
119900076,887,616,271
119900077,936,1597,-661
119900078,981,1277,-296
119900079,388,493,-105
119900080,2203,2016,187
119900081,290,58,232
119900082,1455,363,1092
119900083,478,271,207
119900084,1061,530,531
119900085,123,121,2
119900087,863,489,374
119900088,40,130,-90
119900089,82,716,-634
119900090,170,123,47
119900091,70,1408,-1338
119900092,175,496,-321
119900093,1449,435,1014
119900094,103,300,-197
119900095,257,207,50
119900096,107,202,-95
119900097,824,266,558
119900098,81,63,18
119900099,57,417,-360
119900100,3106,3252,-146
119900101,429,1497,-1068
119900102,54,452,-398
119900103,53,620,-567
119900104,91,390,-299
119900105,1488,2080,-592
119900106,23,219,-196
119900107,470,3871,-3401
119900108,2652,849,1803
119900109,31,246,-215
119900110,751,787,-36
119900111,133,525,-392
119900112,2362,820,1542
119900113,134,452,-318
119900114,282,1728,-1446
119900115,393,1475,-1082
119900116,439,747,-308
119900117,390,1053,-663
119900118,146,1352,-1206
119900119,359,328,31
119900120,837,997,-160
119900121,479,1610,-1131
119900122,725,591,134
119900123,408,512,-104
119900124,203,1223,-1020
119900125,101,478,-377
119900126,5705,455,5250
119900127,3660,1545,2115
119900128,686,1241,-555
119900129,349,968,-619
119900130,49,449,-400
119900131,51,352,-301
119900132,2,399,-397
119900133,97,157,-60
119900134,2537,373,2164
119900135,0,569,-569
119900136,280,549,-269
119900138,645,823,-178
119900139,293,236,57
119900140,8,187,-179
119900141,213,1050,-837
119900142,21,75,-54
119900143,27,401,-374
119900144,2392,389,2003
119900145,127,279,-152
119900146,354,534,-180
119900147,4,232,-228
119900148,260,94,166
119900149,1978,4795,-2817
119900150,231,283,-52
119900151,2232,946,1286
119900152,151,571,-420
119900153,222,169,53
119900154,21,356,-335
119900155,95,69,26
119900156,27,3,24
119900157,226,374,-148
119900158,217,132,85
119900159,10,1923,-1913
119900160,43,367,-324
119900161,266,337,-71
119900162,1159,1269,-110
119900163,267,245,22
119900164,0,2,-2
119900165,265,313,-48
119900166,125,89,36
119900167,182,312,-130
119900168,1002,706,296
119900169,180,482,-302
119900170,321,427,-106
119900171,2511,771,1740
119900172,275,56,219
119900173,12,621,-609
119900174,13,440,-427
119900175,1391,1184,207
119900177,55,332,-277
119900178,9,265,-256
119900179,82,550,-468
119900180,1158,1251,-93
119900181,121,152,-31
119900182,18,604,-586
119900183,245,921,-676
119900184,3569,804,2765
119900185,59,247,-188
119900186,128,1162,-1034
119900187,26,694,-668
119900188,142,577,-435
119900189,939,680,259
119900190,99,392,-293
119900191,556,315,241
119900192,175,265,-90
119900193,414,323,91
119900194,44,112,-68
119900195,111,364,-253
119900196,2501,797,1704
119900197,299,194,105
119900198,1067,467,600
119900199,195,33,162
119900200,1146,1035,111
119900201,544,428,116
119900202,263,304,-41
119900203,280,786,-506
119900204,329,461,-132
119900205,768,805,-37
119900206,180,213,-33
119900208,242,282,-40
119900209,606,1514,-908
119900210,67,104,-37
119900211,119,17,102
119900212,163,331,-168
119900213,11,107,-96
119900214,45,106,-61
119900215,67,98,-31
119900216,11,98,-87
119900217,21,78,-57
119900218,141,132,9
119900219,57,204,-147
119900220,35,163,-128
119900221,58,432,-374
119900222,24,378,-354
119900223,31,125,-94
119900224,44,70,-26
119900225,1572,109,1463
119900226,867,2421,-1554
119900227,1550,516,1034
119900228,793,461,332
119900229,524,688,-164
119900230,2270,1049,1221
119900231,313,332,-19
119900232,375,179,196
119900233,140,14,126
119900234,56,149,-93
119900235,23,115,-92
119900236,100,330,-230
119900237,113,883,-770
119900238,7,101,-94
119900240,221,269,-48
119900241,230,429,-199
119900242,2378,2250,128
119900244,975,1919,-944
119900245,255,257,-2
119900246,502,910,-408
119900247,36,168,-132
119900248,112,289,-177
119900249,285,174,111
119900253,4159,564,3595
119900254,129,755,-626
119900255,152,693,-541
119900256,784,1547,-763
119900257,95,2,93
119900258,245,46,199
119900259,17,236,-219
119900260,254,14,240
119900261,821,250,571
119900262,8,389,-381
119900263,1159,648,511
119900264,159,341,-182
119900265,792,525,267
119900266,437,506,-69
119900267,353,796,-443
119900268,528,269,259
119900269,1580,2030,-450
119900271,29,169,-140
119900272,520,163,357
119900275,175,10,165
119900276,68,5,63
119900277,11,25,-14
119900278,413,200,213
119900279,247,783,-536
119900280,1081,345,736
119900281,0,232,-232
119900282,117,157,-40
119900283,20,434,-414
119900284,44,321,-277
119900285,55,102,-47
119900286,13,83,-70
119900288,5,28,-23
119900289,0,46,-46
119900290,4,43,-39
119900291,0,102,-102
119900292,42,59,-17
119900293,28,9,19
119900294,59,1,58
119900295,16,1,15
119900296,133,61,72
119900299,212,264,-52
119900300,927,356,571
119900301,244,86,158
119900302,301,166,135
119900303,696,648,48
119900304,383,109,274
119900305,30,201,-171
119900306,40,11,29
119900307,172,207,-35
119900308,3,47,-44
119900309,49,177,-128
119900310,385,491,-106
119900311,113,204,-91
119900312,197,158,39
119900313,429,524,-95
119900314,247,655,-408
119900315,1694,3018,-1324
119900318,28,51,-23
119900319,81,418,-337
119900320,295,822,-527
119900321,83,9,74
119900322,88,122,-34
119900323,4,178,-174
119900324,2,63,-61
119900325,17,373,-356
119900326,112,96,16
120000001,8163,15805,-7642
120000002,3295,3866,-571
120000003,4724,2296,2428
120000004,3451,2982,469
120000005,6257,2874,3383
120000006,1710,1910,-200
120000007,5118,4150,968
120000008,1253,1872,-619
120000009,4520,1321,3199
120000010,2424,3755,-1331
120000011,1768,2780,-1012
120000012,1841,3810,-1969
120000013,3569,3715,-146
120000014,910,1886,-976
120000015,3146,1884,1262
120000016,3930,2683,1247
120000017,5222,3041,2181
120000018,5010,12056,-7046
120000019,1104,1746,-642
120000020,4094,3924,170
120000021,2333,2963,-630
120000022,3583,4839,-1256
120000023,1230,2232,-1002
120000024,1913,3064,-1151
120000025,3053,2807,246
120000026,1963,2190,-227
120000027,2335,2579,-244
120000028,1182,1022,160
120000029,6277,1181,5096
120000030,3940,1404,2536
120000031,3195,9650,-6455
120000032,10852,6089,4763
120000033,5959,3125,2834
120000034,2064,2916,-852
120000035,2265,2661,-396
120000036,3549,6555,-3006
120000037,855,1761,-906
120000038,9333,5099,4234
120000039,714,1270,-556
120000040,740,378,362
120000041,3029,2260,769
120000042,3509,3534,-25
120000043,6513,2720,3793
120000044,5750,2668,3082
120000045,5987,1856,4131
120000046,3489,3760,-271
120000047,1872,6246,-4374
120000048,10034,5323,4711
120000049,3711,3669,42
120000050,4908,5140,-232
120000051,3989,5650,-1661
120000052,11590,3196,8394
120000053,1467,3725,-2258
120000054,1913,5639,-3726
120000055,2340,6529,-4189
120000056,4984,5126,-142
120000057,4287,1033,3254
120000058,6108,937,5171
120000059,62,2388,-2326
120000061,160,757,-597
120000062,255,406,-151
120000063,2150,3529,-1379
120000064,282,1621,-1339
120000065,1823,2318,-495
120000066,462,730,-268
120000067,270,727,-457
120000068,207,1191,-984
120000069,919,1639,-720
120000070,67,1110,-1043
120000071,504,235,269
120000072,741,541,200
120000073,889,140,749
120000074,567,122,445
120000075,1657,489,1168
120000076,4612,582,4030
120000077,2929,913,2016
120000078,4344,1463,2881
120000079,316,279,37
120000080,249,361,-112
120000081,532,272,260
120000082,262,261,1
120000083,105,657,-552
120000084,494,614,-120
120000085,491,577,-86
120000086,470,745,-275
120000087,259,939,-680
120000088,1209,1842,-633
120000089,1395,1055,340
120000090,868,851,17
120000091,1495,1572,-77
120000092,1693,936,757
120000093,633,704,-71
120000094,205,981,-776
120000095,1282,793,489
120000096,334,1274,-940
120000098,1494,1269,225
120000099,702,1196,-494
120000100,940,1331,-391
120000101,740,722,18
120000102,660,947,-287
120000103,1824,1139,685
120000104,1829,697,1132
120000105,3008,1089,1919
120000106,2856,935,1921
120000107,4142,912,3230
120000108,1529,205,1324
120000109,1403,121,1282
120000110,112,1235,-1123
120000111,245,1530,-1285
120000112,979,4351,-3372
120000113,835,3121,-2286
120000114,1231,4036,-2805
120000115,418,3275,-2857
120000116,1110,2694,-1584
120000117,1549,2158,-609
120000118,51,23,28
120000119,29,112,-83
120000120,137,71,66
120000121,44,81,-37
120000122,351,407,-56
120000123,7254,6004,1250
120000124,612,501,111
120000125,733,955,-222
120000126,421,958,-537
120000127,3721,1194,2527
120000128,4346,4354,-8
120000129,405,401,4
120000130,1225,832,393
120000131,409,753,-344
120000134,560,1727,-1167
120000135,606,734,-128
120000137,397,2235,-1838
120000138,897,710,187
120000139,479,1108,-629
120000140,892,749,143
120000141,1355,738,617
120000142,1443,729,714
120000143,5,138,-133
120000144,143,5,138
120000145,394,7,387
120000146,1819,1123,696
120000149,786,1664,-878
120000150,5091,15775,-10684
120000151,534,821,-287
120000152,684,341,343
120000153,355,783,-428
120000154,618,630,-12
120000155,131,382,-251
120000156,1388,1627,-239
120000157,1157,1209,-52
120000158,1333,1218,115
120000159,2424,3296,-872
120000160,2946,1892,1054
120000161,2560,3169,-609
120000162,113,291,-178
120000163,847,1913,-1066
120000164,511,711,-200
120000165,654,1520,-866
120000166,1662,1035,627
120000167,95,135,-40
120000168,28,486,-458
120000169,60,1326,-1266
120000170,73,692,-619
120000171,27,231,-204
120000172,71,131,-60
120000173,3077,573,2504
120000174,964,42,922
120000175,620,33,587
120000176,1158,55,1103
120000177,2057,163,1894
120000178,176,20,156
120000179,658,74,584
120000180,1652,135,1517
120000181,293,752,-459
120000182,94,399,-305
120000183,26,367,-341
120000184,199,1104,-905
120000186,145,270,-125
120000187,65,137,-72
120000188,251,211,40
120000190,1875,49,1826
120000191,2304,86,2218
120000192,2241,54,2187
120000193,807,11,796
120000195,138,8,130
120000196,640,88,552
120000197,191,224,-33
120000198,220,161,59
120000199,138,0,138
120000200,145,3,142
120000201,17,30,-13
120000202,4,66,-62
120000203,62,402,-340
120000207,3,110,-107
120000208,21,366,-345
120000209,10,124,-114
120000210,141,167,-26
120000211,143,2,141
120000212,188,2,186
120000213,196,515,-319
120000214,2,615,-613
120000215,3,238,-235
120000216,77,13,64
120000217,976,1405,-429
120000218,239,1051,-812
120000219,7,607,-600
120000220,34,2184,-2150
120000225,2067,9,2058
120000226,455,4,451
120000227,991,71,920
120000228,8966,3884,5082
120000230,406,29,377
120000231,1622,3005,-1383
120000233,407,9,398
120000235,298,937,-639
120000236,1435,3,1432
120000237,2,1853,-1851
120000238,0,542,-542
120000241,1591,4478,-2887
120000412,1414,39,1375
120000413,546,210,336
120000414,130,8,122
120000415,4,140,-136
120000416,310,4,306
120000417,8,113,-105
120000418,219,26,193
120000419,13,356,-343
120000420,36,65,-29
120000421,14696,8133,6563
120000422,159,1131,-972
120000423,1,94,-93
120000424,127,253,-126
120000436,153,804,-651
120000437,171,190,-19
120000438,4079,399,3680
120000439,246,606,-360
120000443,237,0,237
120000444,1710,884,826
120000445,2746,1489,1257
120000446,908,285,623
120000447,265,13,252
120000449,113,7,106
120000450,5,233,-228
120000451,206,309,-103
120000452,171,8,163
120000453,2,414,-412
120000454,92,64,28
120000455,118,55,63
120000456,3014,4705,-1691
120000457,1828,901,927
120000458,851,957,-106
120000459,150,96,54
120000665,1676,339,1337
120000668,189,540,-351
120000669,96,266,-170
120000670,334,561,-227
120000671,1564,555,1009
120000672,143,682,-539
120900001,90,107,-17
120900002,599,668,-69
120900003,475,42,433
120900004,21,86,-65
120900005,106,1739,-1633
120900006,561,334,227
120900007,193,152,41
120900008,480,1937,-1457
120900009,767,57,710
120900010,661,137,524
120900011,467,255,212
120900012,643,1678,-1035
120900013,435,150,285
120900014,14,949,-935
120900015,2226,116,2110
120900016,903,105,798
120900017,3499,178,3321
120900018,172,743,-571
120900019,823,354,469
120900020,1050,1644,-594
120900021,683,229,454
120900022,30,515,-485
120900023,540,61,479
120900024,2986,688,2298
120900025,2489,1429,1060
120900026,292,341,-49
120900027,1155,41,1114
120900028,480,119,361
120900029,271,609,-338
120900030,1400,925,475
120900031,264,120,144
120900032,1144,204,940
120900033,1413,79,1334
120900034,39,3220,-3181
120900035,66,237,-171
120900037,412,14,398
120900038,113,358,-245
120900039,127,63,64
120900040,338,13,325
120900041,168,63,105
120900042,658,74,584
120900043,156,35,121
120900044,7,450,-443
120900045,240,247,-7
120900046,763,2,761
120900047,294,136,158
120900048,129,29,100
120900049,391,1,390
120900050,3636,1869,1767
120900051,410,170,240
120900052,736,10,726
120900053,315,178,137
120900054,2344,972,1372
120900055,448,3,445
120900056,677,23,654
120900057,183,20,163
120900058,563,1,562
120900059,119,11,108
120900060,82,34,48
120900061,340,469,-129
120900062,271,1,270
120900063,652,9,643
120900064,540,2,538
120900065,496,11,485
120900066,368,491,-123
120900067,270,64,206
120900068,299,1,298
120900069,225,100,125
120900071,67,0,67
120900072,795,4,791
120900073,564,293,271
120900074,744,13,731
120900076,422,0,422
120900077,4762,520,4242
120900078,680,898,-218
120900079,855,166,689
120900080,811,2570,-1759
120900081,1152,918,234
120900082,762,836,-74
120900083,68,7,61
120900084,326,393,-67
120900085,119,210,-91
120900086,185,433,-248
120900087,513,390,123
120900088,239,430,-191
120900089,5053,3375,1678
120900090,225,258,-33
120900091,733,1119,-386
120900092,1904,926,978
120900093,3651,347,3304
120900094,700,288,412
120900095,872,32,840
120900096,82,271,-189
120900097,933,1120,-187
120900098,454,366,88
120900099,58,121,-63
120900100,183,466,-283
120900101,1206,523,683
120900102,73,104,-31
120900103,85,293,-208
120900104,27,61,-34
120900105,98,874,-776
120900106,1770,891,879
120900107,385,272,113
120900108,12,996,-984
120900109,72,1017,-945
120900110,19,1131,-1112
120900111,246,547,-301
120900112,30,1353,-1323
120900113,53,1266,-1213
120900114,59,200,-141
120900115,203,331,-128
120900116,505,677,-172
120900117,6,783,-777
120900118,21,991,-970
120900119,4901,7919,-3018
120900120,127,729,-602
120900121,291,703,-412
120900122,571,791,-220
120900123,12,633,-621
120900124,4,887,-883
120900125,22,1146,-1124
120900126,2570,1785,785
120900127,29,650,-621
120900128,1524,2011,-487
120900129,91,535,-444
120900130,3,682,-679
120900131,75,213,-138
120900132,1017,432,585
120900133,282,1276,-994
120900134,969,655,314
120900135,21,843,-822
120900136,92,174,-82
120900137,273,165,108
120900138,51,319,-268
120900139,7,999,-992
120900140,4,112,-108
120900141,314,301,13
120900142,39,805,-766
120900143,8,1374,-1366
120900144,0,253,-253
120900145,1095,1173,-78
120900146,5,1557,-1552
120900147,3,787,-784
120900148,167,204,-37
120900149,1,422,-421
120900150,70,728,-658
120900151,1,842,-841
120900152,1,70,-69
120900153,28,169,-141
120900154,1,365,-364
120900155,215,1300,-1085
120900156,51,323,-272
120900157,85,368,-283
120900158,127,815,-688
120900159,111,350,-239
120900160,77,951,-874
120900161,32,691,-659
120900162,34,727,-693
120900163,37,556,-519
120900164,1,17,-16
120900165,17,25,-8
120900166,153,416,-263
120900167,667,293,374
120900169,88,583,-495
120900170,1982,3216,-1234
120900171,1659,548,1111
120900172,2205,719,1486
120900173,3,83,-80
120900174,17,200,-183
120900175,413,279,134
120900176,22,511,-489
120900177,5,1266,-1261
120900178,4,619,-615
120900179,1474,718,756
120900180,141,174,-33
120900181,206,50,156
120900182,45,418,-373
120900183,370,128,242
120900184,179,159,20
120900185,9,616,-607
120900186,4,584,-580
120900187,580,1681,-1101
120900188,245,27,218
120900189,231,1579,-1348
120900190,88,12,76
120900191,14,43,-29
120900192,14579,8180,6399
120900194,57,130,-73
120900195,189,445,-256
120900196,965,68,897
120900197,902,140,762
120900198,391,742,-351
120900199,784,2249,-1465
120900200,141,170,-29
120900201,696,245,451
120900202,7,206,-199
120900203,50,141,-91
120900204,201,374,-173
120900205,72,112,-40
120900206,33,95,-62
120900207,9,116,-107
121000001,975,1337,-362
121000002,2792,1715,1077
121000003,3864,2503,1361
121000004,3602,4982,-1380
121000005,2423,3513,-1090
121000006,4841,2012,2829
121000007,3469,3608,-139
121000008,6672,4133,2539
121000009,7754,7112,642
121000010,10911,7073,3838
121000011,12957,16503,-3546
121000012,22646,13785,8861
121000013,6269,9239,-2970
121000014,7989,7723,266
121000015,5336,8866,-3530
121000016,5266,3970,1296
121000017,2790,5300,-2510
121000018,3413,2347,1066
121000019,25197,16633,8564
121000020,18171,20756,-2585
121000021,4384,4190,194
121000022,4966,3737,1229
121000023,7000,4377,2623
121000024,7219,6905,314
121000025,712,1815,-1103
121000026,470,202,268
121000027,1836,1469,367
121000028,1131,743,388
121000029,1426,1072,354
121000030,857,670,187
121000031,923,882,41
121000032,306,182,124
121000034,649,276,373
121000035,270,125,145
121000036,1273,1170,103
121000037,711,774,-63
121000038,713,1094,-381
121000039,656,810,-154
121000041,940,660,280
121000042,524,434,90
121000043,971,740,231
121000044,1890,1276,614
121000045,742,451,291
121000046,1008,1361,-353
121000047,540,139,401
121000049,2410,781,1629
121000050,569,1510,-941
121000051,959,381,578
121000052,760,892,-132
121000053,529,89,440
121000054,47,418,-371
121000055,1851,1396,455
121000056,998,1348,-350
121000057,557,823,-266
121000058,470,222,248
121000059,2881,2143,738
121000060,769,1416,-647
121000061,235,321,-86
121000062,219,493,-274
121000063,1393,932,461
121000064,859,1449,-590
121000065,619,646,-27
121000066,820,852,-32
121000067,1301,780,521
121000068,1112,843,269
121000069,2034,1002,1032
121000070,3190,1788,1402
121000071,2520,1705,815
121000072,3709,1056,2653
121000073,2625,1303,1322
121000074,550,182,368
121000075,150,585,-435
121000076,2269,636,1633
121000077,218,237,-19
121000078,144,232,-88
121000080,3175,924,2251
121000081,5940,4439,1501
121000082,142,367,-225
121000083,284,193,91
121000084,211,205,6
121000085,425,617,-192
121000086,259,1010,-751
121000087,142,422,-280
121000088,710,860,-150
121000089,655,482,173
121000090,746,526,220
121000091,2156,1065,1091
121000092,233,103,130
121000093,226,373,-147
121000094,721,1247,-526
121000095,485,991,-506
121000096,2660,3354,-694
121000097,1564,2666,-1102
121000098,840,1668,-828
121000099,893,1046,-153
121000100,1150,698,452
121000101,521,386,135
121000102,458,545,-87
121000103,323,408,-85
121000104,405,309,96
121000105,612,492,120
121000106,465,544,-79
121000107,2500,4377,-1877
121000109,1812,1446,366
121000110,473,920,-447
121000114,3314,2417,897
121000115,1343,1104,239
121000116,376,1164,-788
121000117,1057,348,709
121000118,1521,348,1173
121000119,705,548,157
121000120,460,630,-170
121000121,791,1449,-658
121000123,3177,846,2331
121000126,146,348,-202
121000127,322,133,189
121000128,1421,755,666
121000129,1245,963,282
121000130,721,1442,-721
121000131,3851,2866,985
121000132,2495,2342,153
121000135,700,1095,-395
121000136,2861,1006,1855
121000137,751,379,372
121000138,1928,1135,793
121000139,933,282,651
121000141,406,283,123
121000142,1223,1256,-33
121000143,168,37,131
121000144,1719,2710,-991
121000145,869,1542,-673
121000146,1619,1307,312
121000147,1347,850,497
121000148,1261,1562,-301
121000149,2544,1796,748
121000152,930,812,118
121000153,2884,1149,1735
121000154,1176,1075,101
121000155,1690,1451,239
121000156,580,1165,-585
121000157,1585,2842,-1257
121000158,708,759,-51
121000159,203,598,-395
121000160,340,610,-270
121000161,240,484,-244
121000162,183,346,-163
121000165,2299,2367,-68
121000166,20,748,-728
121000168,601,349,252
121000169,112,241,-129
121000170,532,178,354
121000171,105,216,-111
121000172,1176,646,530
121000173,1990,1671,319
121000174,455,540,-85
121000175,1063,523,540
121000176,508,270,238
121000177,1446,907,539
121000178,160,137,23
121000179,263,79,184
121000181,608,676,-68
121000182,164,269,-105
121000183,273,117,156
121000184,703,180,523
121000185,47,210,-163
121000186,294,618,-324
121000187,300,333,-33
121000188,347,300,47
121000192,1091,558,533
121000193,789,717,72
121000194,3228,2992,236
121000195,377,1079,-702
121000196,1090,346,744
121000197,263,997,-734
121000198,293,133,160
121000199,248,517,-269
121000200,865,99,766
121000201,12,318,-306
121000202,1079,152,927
121000203,1158,3086,-1928
121000204,2863,925,1938
121000205,269,304,-35
121000206,280,28,252
121000207,3308,496,2812
121000208,15,516,-501
121000209,516,466,50
121000210,692,565,127
121000211,366,213,153
121000212,372,814,-442
121000213,12137,3949,8188
121000214,1067,3172,-2105
121000215,1405,1281,124
121000216,615,928,-313
121000217,5159,3076,2083
121000218,602,1823,-1221
121000219,2123,491,1632
121000220,216,52,164
121000221,160,250,-90
121000222,2959,2602,357
121000223,736,472,264
121000224,430,161,269
121000225,2195,1772,423
121000226,6284,1331,4953
121000227,10,167,-157
121000228,20,745,-725
121000229,355,399,-44
121000230,72,1628,-1556
121000231,1250,58,1192
121000232,399,342,57
121000233,700,527,173
121000234,43,32,11
121000235,93,105,-12
121000236,20,84,-64
121000237,44,33,11
121000238,10,101,-91
121000239,61,8,53
121000240,25,228,-203
121000241,152,22,130
121000242,45,326,-281
121000243,477,145,332
121000244,11,103,-92
121000245,107,27,80
121000246,2,113,-111
121000247,110,5,105
121000248,1529,573,956
121000249,192,337,-145
121000250,1123,175,948
121000251,28,548,-520
121000252,88,77,11
121000253,548,562,-14
121000254,772,283,489
121000255,492,254,238
121000256,1002,338,664
121000257,105,119,-14
121000258,270,70,200
121000259,78,69,9
121000260,178,135,43
121000261,283,74,209
121000262,1420,1384,36
121000263,1175,589,586
121000271,445,1951,-1506
121000273,132,11,121
121000274,25,39,-14
121000275,4,5,-1
121000276,6,8,-2
121000278,64,44,20
121000279,77,24,53
121000280,156,64,92
121000289,255,27,228
121000290,1508,1108,400
121000294,188,248,-60
121000297,1027,1506,-479
121000299,407,460,-53
121000300,1161,883,278
121000302,140,1714,-1574
121000303,554,888,-334
121000304,642,78,564
121000305,228,42,186
121000306,104,113,-9
121000308,216,513,-297
121000309,535,763,-228
121000310,136,506,-370
121000311,111,1230,-1119
121000312,468,282,186
121000313,533,816,-283
121000314,192,227,-35
121000315,70,149,-79
121000530,1740,1668,72
121000531,3303,1988,1315
121000532,8284,8952,-668
121000533,3675,4246,-571
121000918,113,236,-123
121000919,83,46,37
121000938,240,692,-452
121000939,412,626,-214
121000956,1573,1619,-46
121000957,16,36,-20
121000958,129,67,62
121000959,899,1137,-238
121000960,3564,2823,741
121000961,300,178,122
121000962,302,759,-457
121000973,1,171,-170
121000976,49,317,-268
121000979,675,234,441
121000981,418,323,95
121000982,337,191,146
121000983,514,557,-43
121000984,106,104,2
121000985,756,705,51
121000986,446,354,92
121000987,255,1221,-966
121000988,824,161,663
121001302,414,167,247
121001308,8,8,0
121001309,125,175,-50
121001313,271,240,31
121001314,2896,4293,-1397
121001315,5011,2771,2240
121900001,294,214,80
121900002,68,22,46
121900003,454,17,437
121900004,248,578,-330
121900005,64,10,54
121900006,173,35,138
121900007,2727,3420,-693
121900008,4466,1112,3354
121900009,672,32,640
121900010,325,5,320
121900011,566,683,-117
121900012,28,4,24
121900013,1943,112,1831
121900014,1542,499,1043
121900015,299,300,-1
121900016,5,61,-56
121900017,1998,612,1386
121900018,402,21,381
121900019,479,350,129
121900020,22,3,19
121900021,933,25,908
121900022,383,311,72
121900023,196,477,-281
121900024,490,127,363
121900025,948,477,471
121900026,408,88,320
121900027,598,230,368
121900028,428,24,404
121900029,185,279,-94
121900030,591,710,-119
121900031,1532,7511,-5979
121900032,169,174,-5
121900033,224,197,27
121900034,458,105,353
121900035,3762,3381,381
121900036,90,388,-298
121900037,269,1076,-807
121900038,86,247,-161
121900039,528,71,457
121900040,147,113,34
121900041,112,215,-103
121900042,412,179,233
121900043,20,10,10
121900044,268,101,167
121900046,529,562,-33
121900047,251,102,149
121900048,75,178,-103
121900050,46,87,-41
121900051,196,237,-41
121900052,278,64,214
121900053,1171,523,648
121900054,801,1243,-442
121900055,9,27,-18
121900058,243,252,-9
121900059,663,302,361
121900060,259,379,-120
121900061,708,324,384
121900062,271,185,86
121900063,1901,487,1414
121900064,429,894,-465
121900066,125,65,60
121900067,175,89,86
121900069,226,187,39
121900070,411,131,280
121900071,421,446,-25
121900072,72,183,-111
121900073,358,264,94
121900074,1168,1412,-244
121900075,605,492,113
121900076,414,809,-395
121900077,26,63,-37
121900078,340,69,271
121900079,0,1,-1
121900080,1271,763,508
121900082,91,123,-32
121900084,37,204,-167
121900085,2,27,-25
121900086,26,94,-68
121900087,242,133,109
121900088,3278,4684,-1406
121900089,190,562,-372
121900090,228,150,78
121900091,91,199,-108
121900092,189,169,20
121900093,93,151,-58
121900094,27,9,18
121900095,276,170,106
121900096,1802,1383,419
121900097,722,423,299
121900098,18,23,-5
121900099,279,115,164
121900100,419,681,-262
121900101,229,206,23
121900102,15,256,-241
121900103,1307,365,942
121900104,2047,433,1614
121900105,346,343,3
121900106,12,17,-5
121900107,70,77,-7
121900108,5,70,-65
121900109,350,200,150
121900110,577,1255,-678
121900111,1365,234,1131
121900112,295,228,67
121900113,105,507,-402
121900114,113,155,-42
121900117,758,125,633
121900118,2707,842,1865
121900119,420,145,275
121900120,86,2080,-1994
121900121,814,68,746
121900122,41,172,-131
121900123,417,606,-189
121900124,382,208,174
121900125,2489,1589,900
121900127,22,151,-129
121900128,138,197,-59
121900129,849,230,619
121900130,161,304,-143
121900131,608,117,491
121900132,92,176,-84
121900133,130,906,-776
121900134,75,286,-211
121900135,3301,650,2651
121900136,1022,451,571
121900137,69,504,-435
121900138,224,258,-34
121900139,387,702,-315
121900140,96,356,-260
121900141,61,64,-3
121900142,254,330,-76
121900143,49,247,-198
121900144,167,365,-198
121900145,466,478,-12
121900146,840,1288,-448
121900147,120,236,-116
121900148,366,465,-99
121900149,514,987,-473
121900150,82,196,-114
121900151,139,294,-155
121900152,146,196,-50
121900153,209,994,-785
121900154,34,290,-256
121900155,8,288,-280
121900156,239,227,12
121900157,7,617,-610
121900158,91,152,-61
121900159,2,414,-412
121900160,94,431,-337
121900161,582,471,111
121900162,108,254,-146
121900163,385,949,-564
121900164,613,281,332
121900165,348,234,114
121900166,311,270,41
121900167,173,179,-6
121900168,228,303,-75
121900169,6,303,-297
121900170,12,246,-234
121900171,1130,883,247
121900172,838,402,436
121900173,1520,349,1171
121900174,41,138,-97
121900175,259,297,-38
121900176,889,1900,-1011
121900177,335,101,234
121900178,57,85,-28
121900179,876,265,611
121900180,5835,5491,344
121900182,851,417,434
121900183,1087,1097,-10
121900184,122,947,-825
121900186,13,429,-416
121900187,73,278,-205
121900188,623,760,-137
121900189,60,191,-131
121900190,463,625,-162
121900191,224,236,-12
121900192,477,836,-359
121900193,88,240,-152
121900194,11,260,-249
121900195,131,217,-86
121900196,1223,1504,-281
121900197,768,2089,-1321
121900198,1514,1351,163
121900199,2,29,-27
121900200,127,413,-286
121900201,1684,1189,495
121900202,247,815,-568
121900203,446,1336,-890
121900204,1105,1901,-796
121900205,34,147,-113
121900206,18,28,-10
121900207,212,54,158
121900208,311,350,-39
121900209,102,57,45
121900210,1668,1526,142
121900211,33,145,-112
121900212,511,166,345
121900213,237,126,111
121900214,14,729,-715
121900215,85,240,-155
121900216,63,215,-152
121900217,405,206,199
121900218,333,563,-230
121900220,247,24,223
121900221,299,984,-685
121900222,248,246,2
121900223,194,68,126
121900224,139,56,83
121900225,177,128,49
121900226,361,2408,-2047
121900227,580,809,-229
121900228,343,534,-191
121900230,189,515,-326
121900231,1097,2995,-1898
121900232,475,514,-39
121900233,317,393,-76
121900234,397,365,32
121900235,726,274,452
121900236,689,303,386
121900237,177,358,-181
121900238,164,412,-248
121900239,431,72,359
121900240,424,229,195
121900241,88,105,-17
121900242,6,0,6
121900243,19,2,17
121900244,77,1,76
121900245,237,109,128
121900246,2349,441,1908
121900247,660,342,318
121900248,2052,1908,144
121900250,430,340,90
121900251,464,72,392
121900252,807,193,614
121900253,162,946,-784
121900254,740,439,301
121900255,379,123,256
121900258,4018,3010,1008
121900259,613,700,-87
121900260,188,283,-95
121900261,284,808,-524
121900262,587,1150,-563
121900263,552,419,133
121900264,2505,2298,207
121900265,397,337,60
121900266,558,239,319
121900267,88,65,23
121900269,250,1043,-793
121900270,34,290,-256
121900271,72,231,-159
121900273,570,2172,-1602
121900274,361,401,-40
121900277,818,1561,-743
121900278,141,1125,-984
121900279,206,221,-15
121900280,226,399,-173
121900281,1180,695,485
121900284,343,26,317
121900286,657,184,473
121900287,9,51,-42
121900288,7,1,6
121900290,236,463,-227
121900291,449,726,-277
121900292,225,151,74
121900293,1284,3089,-1805
121900294,360,12,348
121900295,153,296,-143
121900296,207,266,-59
121900298,310,759,-449
121900299,0,6,-6
121900300,224,0,224
121900301,185,7,178
121900302,2,58,-56
121900303,575,524,51
121900304,3,13,-10
121900305,9,13,-4
121900306,208,3,205
121900307,106,48,58
121900308,46,395,-349
121900309,17,374,-357
121900310,53,650,-597
121900311,419,41,378
121900312,379,27,352
121900313,467,41,426
121900314,7,81,-74
121900315,10,0,10
121900316,0,14,-14
121900317,24,3,21
121900318,5,42,-37
121900319,36,182,-146
121900320,105,123,-18
121900321,22,4,18
121900322,20,26,-6
121900323,28,20,8
121900324,6,102,-96
121900325,13,0,13
121900326,17,21,-4
121900327,17,86,-69
121900328,0,50,-50
121900329,3,296,-293
121900330,0,17,-17
121900331,34,32,2
121900332,120,38,82
121900333,24,2,22
122000001,3239,5677,-2438
122000002,7009,2581,4428
122000003,3969,3243,726
122000004,4895,2209,2686
122000005,3355,2111,1244
122000006,2507,1132,1375
122000007,1722,2224,-502
122000008,6232,6890,-658
122000009,553,515,38
122000010,2686,3291,-605
122000011,4383,1932,2451
122000012,1590,1941,-351
122000013,1815,1202,613
122000014,1691,1574,117
122000015,1865,1254,611
122000016,708,1177,-469
122000017,1291,1342,-51
122000018,1851,1448,403
122000019,1088,1489,-401
122000020,263,303,-40
122000021,462,687,-225
122000022,1723,1486,237
122000023,873,2488,-1615
122000024,955,1529,-574
122000025,1595,2078,-483
122000026,1548,1347,201
122000027,745,3181,-2436
122000028,1100,580,520
122000029,718,673,45
122000030,463,202,261
122000031,352,292,60
122000032,2026,2417,-391
122000033,1015,1485,-470
122000034,1043,802,241
122000035,404,890,-486
122000036,775,801,-26
122000037,469,315,154
122000038,298,467,-169
122000039,807,530,277
122000040,376,402,-26
122000041,662,726,-64
122000042,413,564,-151
122000043,143,121,22
122000044,178,167,11
122000045,1458,555,903
122000046,1070,920,150
122000047,374,247,127
122000048,5936,5797,139
122000049,7464,3783,3681
122000050,2084,1020,1064
122000051,422,362,60
122000052,883,489,394
122000053,301,863,-562
122000054,3252,2449,803
122000055,2969,3577,-608
122000056,6485,4602,1883
122000057,5012,4502,510
122000058,4045,1718,2327
122000059,3951,2197,1754
122000060,971,807,164
122000061,899,629,270
122000062,1339,398,941
122000063,2066,894,1172
122000064,3936,3139,797
122000065,5218,3012,2206
122000066,1446,1167,279
122000067,2177,1432,745
122000068,2318,1588,730
122000069,992,846,146
122000070,1572,2420,-848
122000071,1801,1681,120
122000072,473,509,-36
122000073,514,771,-257
122000074,3483,1974,1509
122000075,1045,1612,-567
122000076,2781,1324,1457
122000077,1605,849,756
122000078,3236,3210,26
122000079,2662,1442,1220
122000080,1164,514,650
122000081,308,467,-159
122000082,1107,991,116
122000083,1962,2847,-885
122000084,2488,1087,1401
122000085,577,1823,-1246
122000086,2832,6177,-3345
122000087,708,250,458
122000088,532,715,-183
122000089,7534,3191,4343
122000090,363,589,-226
122000091,319,102,217
122000092,229,37,192
122000093,2070,1835,235
122000094,8640,3210,5430
122000095,4988,4970,18
122000096,3946,2286,1660
122000098,4881,2477,2404
122000099,2174,732,1442
122000100,1135,744,391
122000101,445,953,-508
122000102,2372,1608,764
122000103,2740,2113,627
122000104,759,305,454
122000105,1926,376,1550
122000106,676,741,-65
122000107,1592,602,990
122000108,713,1123,-410
122000109,517,438,79
122000110,739,675,64
122000111,3225,1620,1605
122000112,1105,1733,-628
122000113,823,871,-48
122000114,3872,1649,2223
122000115,2386,1545,841
122000116,1136,797,339
122000117,3386,680,2706
122000118,936,1395,-459
122000119,5521,4207,1314
122000120,3282,8377,-5095
122000121,3668,5930,-2262
122000122,1095,2863,-1768
122000123,2483,3108,-625
122000124,1471,1049,422
122000125,1108,1097,11
122000126,1003,2096,-1093
122000127,1573,2510,-937
122000128,626,1299,-673
122000129,830,1928,-1098
122000130,4724,2404,2320
122000131,2297,2665,-368
122000132,760,864,-104
122000133,1305,2363,-1058
122000134,1190,1233,-43
122000135,922,1357,-435
122000136,1125,1116,9
122000137,2124,1446,678
122000139,1739,4512,-2773
122000140,1262,879,383
122000141,5602,1318,4284
122000142,660,1199,-539
122000143,833,925,-92
122000144,2424,2256,168
122000145,2711,1361,1350
122000146,2061,1745,316
122000147,1186,654,532
122000148,2545,2622,-77
122000149,3022,2664,358
122000150,1595,1477,118
122000151,332,541,-209
122000152,502,658,-156
122000153,570,436,134
122000154,395,314,81
122000155,2518,3305,-787
122000156,3284,2892,392
122000157,2046,2443,-397
122000158,587,997,-410
122000159,1547,2807,-1260
122000160,6287,4233,2054
122000161,1685,1728,-43
122000162,3365,2781,584
122000163,314,138,176
122000164,52,105,-53
122000165,1188,751,437
122000166,1208,1214,-6
122000167,318,299,19
122000168,235,560,-325
122000169,547,222,325
122000170,442,364,78
122000171,80,111,-31
122000172,2038,1691,347
122000173,1876,2950,-1074
122000174,3030,1144,1886
122000175,1322,433,889
122000176,345,808,-463
122000177,1995,1689,306
122000178,3235,2968,267
122000179,2083,2974,-891
122000180,2404,1685,719
122000181,2536,3894,-1358
122000182,2536,2160,376
122000183,2569,1422,1147
122000184,3635,2516,1119
122000185,1848,1732,116
122000186,588,902,-314
122000187,2219,1358,861
122000188,616,271,345
122000189,326,427,-101
122000190,1298,1338,-40
122000191,1134,1104,30
122000192,1292,524,768
122000193,510,942,-432
122000194,850,246,604
122000195,249,583,-334
122000196,1654,759,895
122000197,745,999,-254
122000198,597,1027,-430
122000199,411,443,-32
122000200,1285,744,541
122000201,1850,1818,32
122000202,1736,1598,138
122000203,5743,2114,3629
122000204,2525,2795,-270
122000205,2061,2072,-11
122000206,2785,1292,1493
122000207,2493,1795,698
122000208,2645,1955,690
122000209,2522,456,2066
122000210,2698,2180,518
122000211,1864,1311,553
122000212,990,646,344
122000213,1357,1814,-457
122000214,2808,2182,626
122000215,2422,2071,351
122000217,3374,1844,1530
122000218,771,89,682
122000219,1562,1116,446
122000220,550,893,-343
122000221,122,605,-483
122000222,878,200,678
122000223,2261,734,1527
122000225,1207,407,800
122000226,3532,2286,1246
122000227,552,2993,-2441
122000228,821,599,222
122000229,194,648,-454
122000230,333,777,-444
122000231,1110,1098,12
122000232,1038,1455,-417
122000233,0,175,-175
122000234,495,228,267
122000235,1376,266,1110
122000236,1323,233,1090
122000237,294,175,119
122000238,794,426,368
122000239,1973,264,1709
122000240,1548,995,553
122000241,1931,678,1253
122000242,1273,207,1066
122000243,369,57,312
122000244,39,349,-310
122000245,45,104,-59
122000246,133,142,-9
122000247,1586,691,895
122000248,1245,2229,-984
122000249,3591,1654,1937
122000250,3209,1854,1355
122000251,405,660,-255
122000252,765,311,454
122000253,100,407,-307
122000254,395,234,161
122000255,1199,2476,-1277
122000256,548,1399,-851
122000257,197,463,-266
122000258,384,466,-82
122000259,24,636,-612
122000260,28,100,-72
122000261,24,276,-252
122000262,2,61,-59
122000263,525,167,358
122000264,1817,602,1215
122000265,3158,1263,1895
122000266,5206,904,4302
122000267,353,163,190
122000268,234,656,-422
122000269,1198,525,673
122000270,891,221,670
122000271,481,1354,-873
122000272,486,1275,-789
122000273,607,580,27
122000274,325,258,67
122000275,256,270,-14
122000276,1202,843,359
122000277,2199,2093,106
122000278,3560,1463,2097
122000279,291,721,-430
122000280,1363,1097,266
122000281,1305,1134,171
122000282,500,242,258
122000283,859,124,735
122000284,396,167,229
122000285,727,134,593
122000286,173,225,-52
122000287,1854,1981,-127
122000288,873,505,368
122000291,2242,1134,1108
122000293,468,327,141
122000294,198,257,-59
122000295,2503,289,2214
122000296,123,678,-555
122000297,4269,3543,726
122000299,648,543,105
122000300,604,736,-132
122000301,14233,4367,9866
122000302,1195,2108,-913
122000303,4764,1851,2913
122000304,191,409,-218
122000305,1236,404,832
122000306,43,1033,-990
122000307,466,208,258
122000309,279,64,215
122000310,55,97,-42
122000311,396,193,203
122000312,231,121,110
122000313,129,87,42
122000314,118,251,-133
122000315,371,82,289
122000316,796,259,537
122000317,1657,309,1348
122000318,349,983,-634
122000319,274,499,-225
122000320,520,2083,-1563
122000321,118,273,-155
122000322,3094,2584,510
122000323,1953,2444,-491
122000324,1345,1412,-67
122000325,1107,1870,-763
122000326,74,185,-111
122000327,811,1131,-320
122000328,1211,910,301
122000330,2711,1064,1647
122000332,395,462,-67
122000333,16,133,-117
122000337,1482,2035,-553
122000338,591,686,-95
122000340,464,521,-57
122000342,2761,1250,1511
122000343,584,1565,-981
122000344,99,28,71
122000345,221,48,173
122000346,572,754,-182
122000348,919,1026,-107
122000349,222,1217,-995
122000351,155,254,-99
122000352,623,175,448
122000353,128,123,5
122000355,180,243,-63
122000356,1829,1516,313
122000357,190,71,119
122000358,0,91,-91
122000359,0,56,-56
122000360,2,77,-75
122000362,9,115,-106
122000364,242,466,-224
122000365,7,57,-50
122000366,21,16,5
122000368,659,898,-239
122000370,82,77,5
122000371,28,4,24
122000372,16,2,14
122000381,166,410,-244
122000382,130,355,-225
122000384,3557,1775,1782
122000385,131,0,131
122000386,552,1755,-1203
122000387,797,710,87
122000388,1956,1019,937
122000389,210,774,-564
122000390,574,378,196
122000391,480,294,186
122000392,391,347,44
122000393,178,252,-74
122000394,861,537,324
122000395,265,258,7
122000396,418,185,233
122000397,66,70,-4
122000398,75,75,0
122000399,183,98,85
122000400,190,609,-419
122000401,150,117,33
122000402,394,125,269
122000403,660,1307,-647
122000404,226,335,-109
122000408,1113,1507,-394
122000503,23,176,-153
122000524,425,172,253
122000544,163,3425,-3262
122000616,442,4,438
122000640,103,184,-81
122000641,117,408,-291
122000642,1820,1433,387
122000643,84,201,-117
122000644,259,56,203
122000645,144,266,-122
122000651,2257,991,1266
122000664,147,51,96
122000665,1681,894,787
122000666,892,1497,-605
122000673,45,381,-336
122000674,136,82,54
122000675,1895,1328,567
122000686,1438,1351,87
122000687,3091,467,2624
122000688,384,1161,-777
122000689,1226,661,565
122000690,2311,672,1639
122000691,854,2576,-1722
122000692,2251,680,1571
122000693,924,2516,-1592
122000695,368,629,-261
122000696,490,425,65
122000698,492,1192,-700
122000699,292,187,105
122000701,1620,440,1180
122000702,627,1496,-869
122000703,177,64,113
122000717,190,88,102
122000718,514,855,-341
122000719,122,108,14
122000720,495,392,103
122000724,236,33,203
122900001,86,10,76
122900002,1850,5702,-3852
122900003,524,108,416
122900004,1084,81,1003
122900005,248,79,169
122900006,2379,526,1853
122900007,443,92,351
122900008,1442,71,1371
122900009,1298,680,618
122900010,391,206,185
122900012,290,601,-311
122900014,273,531,-258
122900015,3322,1408,1914
122900016,159,423,-264
122900017,548,1214,-666
122900018,212,25,187
122900019,42,186,-144
122900020,559,553,6
122900021,122,847,-725
122900022,1227,1018,209
122900023,685,376,309
122900024,284,169,115
122900025,23,372,-349
122900026,98,565,-467
122900027,100,1116,-1016
122900028,220,329,-109
122900029,5224,3797,1427
122900030,1325,848,477
122900031,120,294,-174
122900032,152,458,-306
122900033,358,207,151
122900034,6364,6632,-268
122900035,28,41,-13
122900036,77,176,-99
122900037,420,190,230
122900038,204,4037,-3833
122900039,180,651,-471
122900040,434,571,-137
122900041,453,344,109
122900042,247,446,-199
122900043,624,257,367
122900044,128,449,-321
122900045,119,147,-28
122900046,393,220,173
122900047,257,277,-20
122900048,54,317,-263
122900049,1956,210,1746
122900051,123,192,-69
122900052,104,210,-106
122900053,94,46,48
122900055,655,246,409
122900057,359,134,225
122900061,679,448,231
122900062,768,1169,-401
122900063,253,526,-273
122900064,1634,581,1053
122900065,628,370,258
122900066,905,617,288
122900067,2054,1149,905
122900068,387,422,-35
122900069,1064,2904,-1840
122900070,393,90,303
122900071,194,580,-386
122900072,36,895,-859
122900073,64,344,-280
122900074,930,982,-52
122900075,3,79,-76
122900076,9,259,-250
122900077,3,216,-213
122900078,314,175,139
122900080,82,79,3
122900081,359,255,104
122900082,975,414,561
122900083,234,404,-170
122900084,14,353,-339
122900086,41,170,-129
122900087,667,832,-165
122900088,50,218,-168
122900089,108,248,-140
122900090,29,718,-689
122900091,250,9,241
122900092,0,266,-266
122900093,1,374,-373
122900094,13,360,-347
122900095,262,12,250
122900096,373,304,69
122900097,30,26,4
122900098,171,168,3
122900099,39,16,23
122900100,1093,298,795
122900101,802,421,381
122900102,27,41,-14
122900103,146,19,127
122900104,203,15,188
122900105,29,19,10
122900106,12,166,-154
122900107,21,289,-268
122900108,10,234,-224
123000001,1924,586,1338
123000002,5266,5449,-183
123000003,4349,4417,-68
123000004,3564,5023,-1459
123000005,3377,3365,12
123000006,2961,3494,-533
123000007,5872,3219,2653
123000008,4565,4129,436
123000009,5100,3588,1512
123000010,3987,4137,-150
123000011,2511,900,1611
123000012,1003,2669,-1666
123000013,4582,1146,3436
123000014,1516,3936,-2420
123000015,5657,1140,4517
123000016,6868,5099,1769
123000017,3685,2319,1366
123000018,74,193,-119
123000019,397,385,12
123000020,191,186,5
123000021,125,395,-270
123000022,472,2958,-2486
123000023,2457,1987,470
123000024,1646,742,904
123000025,254,326,-72
123000026,34,95,-61
123000027,824,511,313
123000028,2889,397,2492
123000029,2392,833,1559
123000030,347,591,-244
123000031,326,467,-141
123000032,396,288,108
123000033,330,77,253
123000034,1543,1433,110
123000035,469,642,-173
123000036,441,1399,-958
123000037,449,564,-115
123000038,128,218,-90
123000039,512,1431,-919
123000040,1103,471,632
123000041,1655,1632,23
123000042,1191,784,407
123000043,4342,10081,-5739
123000044,6006,3573,2433
123000045,12355,4147,8208
123000046,1295,1855,-560
123000047,2989,1606,1383
123000048,118,686,-568
123000049,9498,11329,-1831
123000050,1670,1645,25
123000051,197,269,-72
123000052,1179,4012,-2833
123000053,4067,4217,-150
123000054,1803,2701,-898
123000055,1795,3671,-1876
123000056,1974,2741,-767
123000057,18488,9781,8707
123000058,1050,1332,-282
123000059,719,779,-60
123000060,1413,608,805
123000061,673,983,-310
123000063,1276,1234,42
123000064,1434,444,990
123000065,10856,4833,6023
123000066,1041,951,90
123000067,1339,1052,287
123000068,3640,4065,-425
123000069,9805,5075,4730
123000070,392,922,-530
123000071,1216,1390,-174
123000072,1266,1477,-211
123000073,1356,992,364
123000074,1264,1709,-445
123000075,468,1339,-871
123000076,1033,932,101
123000077,2365,3633,-1268
123000078,1804,1891,-87
123000079,1822,2285,-463
123000080,2658,2669,-11
123000081,243,658,-415
123000082,573,1675,-1102
123000083,1184,343,841
123000084,676,715,-39
123000085,404,161,243
123000086,685,399,286
123000087,411,499,-88
123000088,3252,1287,1965
123000089,600,1429,-829
123000090,1577,1210,367
123000091,1817,1812,5
123000092,1234,1439,-205
123000094,697,353,344
123000095,955,931,24
123000096,887,630,257
123000097,602,1103,-501
123000098,1015,861,154
123000099,815,1125,-310
123000100,806,1086,-280
123000101,816,910,-94
123000102,860,852,8
123000104,605,464,141
123000105,686,618,68
123000106,553,524,29
123000107,403,686,-283
123000108,917,1516,-599
123000111,1200,471,729
123000112,1427,859,568
123000113,717,2019,-1302
123000114,789,908,-119
123000115,477,423,54
123000116,59,177,-118
123000117,2987,2939,48
123000118,546,1426,-880
123000119,422,1362,-940
123000120,1155,1219,-64
123000121,565,672,-107
123000122,337,250,87
123000123,484,645,-161
123000124,480,546,-66
123000125,1412,1517,-105
123000126,1635,4569,-2934
123000127,995,915,80
123000128,388,461,-73
123000129,779,369,410
123000130,850,151,699
123000131,963,807,156
123000132,455,794,-339
123000133,350,449,-99
123000134,548,256,292
123000135,2791,1691,1100
123000136,309,1162,-853
123000137,144,418,-274
123000138,148,589,-441
123000139,539,192,347
123000140,237,1189,-952
123000141,1120,229,891
123000142,1167,1372,-205
123000143,1778,2361,-583
123000144,134,58,76
123000145,523,186,337
123000146,51,121,-70
123000147,136,135,1
123000149,408,464,-56
123000150,191,334,-143
123000151,360,535,-175
123000152,345,553,-208
123000153,513,910,-397
123000154,2545,2739,-194
123000155,3212,1662,1550
123000156,29,192,-163
123000157,645,1233,-588
123000158,775,1017,-242
123000159,4439,3006,1433
123000160,1224,990,234
123000161,2221,1421,800
123000162,1335,2251,-916
123000163,691,182,509
123000164,1744,450,1294
123000165,573,2360,-1787
123000166,46,216,-170
123000167,212,405,-193
123000168,418,345,73
123000169,856,193,663
123000170,76,324,-248
123000171,846,26,820
123000172,458,762,-304
123000173,772,381,391
123000174,1246,516,730
123000175,1240,1744,-504
123000176,1926,388,1538
123000177,625,1512,-887
123000178,944,224,720
123000179,40,897,-857
123000180,1796,481,1315
123000181,499,2227,-1728
123000182,362,744,-382
123000183,216,594,-378
123000184,309,1169,-860
123000185,869,546,323
123000186,11,988,-977
123000187,777,11,766
123000188,237,4,233
123000189,238,233,5
123000190,79,108,-29
123000192,42,662,-620
123000193,93,1216,-1123
123000194,574,524,50
123000195,387,49,338
123000196,447,60,387
123000197,56,181,-125
123000198,78,462,-384
123000199,55,767,-712
123000200,840,17,823
123000201,1324,31,1293
123000202,29,1635,-1606
123000203,1135,133,1002
123000204,126,1626,-1500
123000205,805,2848,-2043
123000206,2305,314,1991
123000207,142,1340,-1198
123000208,823,304,519
123000209,2454,726,1728
123000210,749,2912,-2163
123000211,854,3967,-3113
123000212,3455,762,2693
123000213,803,119,684
123000215,151,202,-51
123000216,287,849,-562
123000217,327,60,267
123000218,120,994,-874
123000219,1257,171,1086
123000220,1184,180,1004
123000221,526,196,330
123000222,596,706,-110
123000223,422,579,-157
123000224,613,730,-117
123000225,660,172,488
123000226,140,546,-406
123000227,148,531,-383
123000228,459,154,305
123000229,1464,2247,-783
123000232,233,954,-721
123000233,902,297,605
123000234,248,1003,-755
123000235,1221,516,705
123000236,419,1284,-865
123000237,399,119,280
123000238,172,801,-629
123000239,692,2162,-1470
123000240,59,525,-466
123000241,799,164,635
123000242,275,310,-35
123000243,899,1054,-155
123000244,1375,884,491
123000245,94,238,-144
123000249,368,717,-349
123000252,976,405,571
123000253,1335,762,573
123000254,1203,1781,-578
123000255,1418,1383,35
123000256,59,429,-370
123000257,4231,3213,1018
123000258,1621,1505,116
123000259,396,503,-107
123000260,515,661,-146
123000261,287,285,2
123000262,128,279,-151
123000263,482,142,340
123000264,255,127,128
123000265,89,191,-102
123000266,856,1137,-281
123000267,793,491,302
123000268,83,117,-34
123000269,44,94,-50
123000270,40,81,-41
123000271,138,117,21
123000272,809,303,506
123000273,273,756,-483
123000274,1563,790,773
123000275,512,1314,-802
123000278,5662,3447,2215
123000279,110,130,-20
123000280,742,569,173
123000281,445,165,280
123000282,240,453,-213
123000283,109,68,41
123000284,60,145,-85
123000286,317,424,-107
123000287,641,397,244
123000288,1467,1014,453
123000289,601,1592,-991
123000291,428,1045,-617
123000294,196,262,-66
123000295,1237,1267,-30
123000296,672,536,136
123000297,765,989,-224
123000298,651,684,-33
123000299,54,264,-210
123000300,1171,1057,114
123000301,167,340,-173
123000302,132,284,-152
123000303,170,158,12
123000305,1116,1096,20
123000306,178,308,-130
123000309,48,95,-47
123000310,62,44,18
123000311,0,142,-142
123000312,636,1399,-763
123000313,708,439,269
123000315,125,475,-350
123000316,1354,125,1229
123000317,283,75,208
123000318,78,334,-256
123000329,7,14,-7
123000337,900,343,557
123000338,1568,45,1523
123000339,284,238,46
123000340,242,716,-474
123000342,62,15,47
123000343,42,10,32
123000344,1681,808,873
123000345,465,1127,-662
123000346,358,68,290
123000352,2022,1121,901
123000353,16,128,-112
123000354,625,6,619
123000355,1,773,-772
123000356,554,23,531
123000357,1,277,-276
123000359,7,252,-245
123000360,260,142,118
123000361,496,456,40
123000362,572,190,382
123000363,140,354,-214
123000364,770,574,196
123000365,56,512,-456
123000366,680,2575,-1895
123000367,417,1669,-1252
123000370,85,388,-303
123000371,1466,58,1408
123000372,623,29,594
123000373,16,520,-504
123000374,168,317,-149
123000375,761,41,720
123000376,1051,771,280
123000377,695,36,659
123000378,39,390,-351
123000379,29,319,-290
123000380,99,574,-475
123000381,235,83,152
123000382,1763,253,1510
123000383,337,1884,-1547
123000384,554,128,426
123000385,601,657,-56
123000436,36,1141,-1105
123000507,177,322,-145
123000508,244,1079,-835
123000517,406,62,344
123000518,43,292,-249
123000519,255,109,146
123000520,73,316,-243
123000521,437,109,328
123000522,196,609,-413
123000541,10,9,1
123000542,1,17,-16
123000565,1,1,0
123000566,1052,1146,-94
123000567,128,386,-258
123000573,59,1089,-1030
123000574,948,124,824
123000575,1433,1615,-182
123000576,1103,2055,-952
123000577,116,765,-649
123000578,809,97,712
123000579,4090,6145,-2055
123000580,80,52,28
123000582,549,61,488
123000583,36,531,-495
123000584,192,367,-175
123000585,0,271,-271
123000586,104,1,103
123000596,139,183,-44
123000597,102,155,-53
123000602,38,7,31
123000603,716,764,-48
123000604,549,1164,-615
123000605,1049,185,864
123000606,3,432,-429
123000609,30,424,-394
123000610,306,198,108
123000613,48,313,-265
123000614,287,82,205
123000615,50,162,-112
123000616,1036,78,958
123000617,151,661,-510
123000618,160,873,-713
123000619,744,83,661
123000620,37,676,-639
123000622,470,30,440
123000624,168,47,121
123000630,1155,627,528
123000631,451,1714,-1263
123000632,1143,1141,2
123000633,0,245,-245
123000634,136,193,-57
123000635,229,167,62
123000636,88,749,-661
123000637,198,160,38
123000638,779,69,710
123000639,1465,4547,-3082
123000640,33,1074,-1041
123900001,1775,89,1686
123900002,76,1789,-1713
123900003,504,449,55
123900005,241,193,48
123900006,346,57,289
124000001,2521,233,2288
124000002,153,2125,-1972
124000003,1147,224,923
124000004,100,740,-640
124000005,1556,589,967
124000006,337,1708,-1371
124000007,786,201,585
124000008,76,792,-716
124000009,757,455,302
124000010,272,634,-362
124000011,1836,565,1271
124000012,508,810,-302
124000017,149,253,-104
124000018,112,148,-36
124000019,194,169,25
124000020,59,325,-266
124000021,126,132,-6
124000022,108,277,-169
124000023,1664,1790,-126
124000024,1327,670,657
124000025,1550,2086,-536
124000026,1432,1234,198
124000027,5717,5941,-224
124000028,2903,4964,-2061
124000030,3585,1776,1809
124000031,1498,3652,-2154
124000032,3581,1313,2268
124000033,21,794,-773
124000034,1627,760,867
124000035,87,305,-218
124000036,109,225,-116
124000037,1472,1344,128
124000038,105,108,-3
124000039,1859,660,1199
124000040,975,1533,-558
124000041,921,149,772
124000042,240,571,-331
124000043,230,165,65
124000044,158,255,-97
124000045,988,854,134
124000046,496,846,-350
124000047,1765,1385,380
124000048,1337,1804,-467
124000049,2450,1038,1412
124000050,1324,2491,-1167
124000051,1148,850,298
124000052,798,1525,-727
124000053,621,1847,-1226
124000054,1154,819,335
124000055,1666,3275,-1609
124000056,3211,2114,1097
124000057,1143,779,364
124000058,613,1833,-1220
124000059,791,1356,-565
124000060,1593,1116,477
124000061,1772,5772,-4000
124000062,5584,2357,3227
124000063,1671,2253,-582
124000064,3549,1865,1684
124000065,29,612,-583
124000066,614,614,0
124000067,238,320,-82
124000068,12,20,-8
124000069,209,47,162
124000070,126,159,-33
124000071,2096,146,1950
124000072,858,672,186
124000073,1192,197,995
124000074,364,1182,-818
124000075,438,81,357
124000076,12,303,-291
124000077,2281,1070,1211
124000078,4360,1650,2710
124000079,682,1712,-1030
124000080,1341,307,1034
124000081,293,648,-355
124000082,60,235,-175
124000083,89,144,-55
124000084,83,525,-442
124000085,183,70,113
124000086,92,92,0
124000087,438,113,325
124000088,347,581,-234
124000089,1250,516,734
124000090,175,531,-356
124000091,643,198,445
124000092,143,828,-685
124000093,150,186,-36
124000094,316,655,-339
124000095,97,194,-97
124000096,245,439,-194
124000097,162,255,-93
124000098,97,127,-30
124000099,406,209,197
124000100,74,149,-75
124000101,99,164,-65
124000102,149,90,59
124000103,147,152,-5
124000104,160,79,81
124000105,89,147,-58
124000106,181,81,100
124000107,26,185,-159
124000108,115,43,72
124000109,173,200,-27
124000110,291,153,138
124000111,233,206,27
124000112,741,824,-83
124000113,116,154,-38
124000114,375,544,-169
124000115,519,829,-310
124000116,152,300,-148
124000117,71,115,-44
124000118,63,114,-51
124000119,1415,754,661
124000120,798,637,161
124000121,1963,1044,919
124000122,723,1618,-895
124000123,1736,832,904
124000124,667,1555,-888
124000125,435,704,-269
124000126,410,819,-409
124000127,1048,751,297
124000128,741,1475,-734
124000129,2756,1988,768
124000130,1008,886,122
124000131,1161,789,372
124000132,1034,991,43
124000133,896,1163,-267
124000134,1598,882,716
124000135,2064,2333,-269
124000136,1298,1304,-6
124000137,1919,1046,873
124000138,2104,1763,341
124000139,1504,48,1456
124000140,73,771,-698
124000141,1007,74,933
124000142,33,246,-213
124000143,88,47,41
124000144,24,76,-52
124000145,374,104,270
124000146,180,111,69
124000148,138,216,-78
124000149,2120,796,1324
124000150,544,860,-316
124000151,1230,635,595
124000152,1194,1820,-626
124000153,1146,1094,52
124000154,602,1121,-519
124000155,1929,1511,418
124000156,2130,1545,585
124000169,203,585,-382
124000170,915,649,266
124000171,428,346,82
124000172,532,808,-276
124000173,553,311,242
124000174,445,812,-367
124000175,28,182,-154
124000176,121,40,81
124000177,25,48,-23
124000178,161,109,52
124000190,123,77,46
124000191,269,127,142
124000192,3476,555,2921
124000193,1169,1207,-38
124000194,427,631,-204
124000195,364,818,-454
124000196,1249,1332,-83
124000197,102,72,30
124000198,72,61,11
124000201,614,1449,-835
124000202,914,515,399
124000203,561,871,-310
124000204,971,573,398
124000205,231,609,-378
124000206,1257,534,723
124000207,0,66,-66
124000209,476,688,-212
124000210,553,308,245
124000211,686,1,685
124000212,2,559,-557
124000213,570,496,74
124000214,396,844,-448
124000215,1106,44,1062
124000216,2,544,-542
124000329,211,2224,-2013
124000338,206,1104,-898
124000339,1282,297,985
124000341,1616,236,1380
124000344,50,4,46
124000357,1074,2337,-1263
124000358,859,1608,-749
124000359,1158,767,391
124000360,744,551,193
124000361,2323,894,1429
124000362,1651,2103,-452
124000363,290,368,-78
124000364,602,889,-287
124000365,724,1254,-530
124000366,1694,996,698
124000367,185,602,-417
124000368,731,513,218
124000369,225,201,24
124000370,94,699,-605
124000402,80,27,53
124000403,243,83,160
124000404,29,169,-140
124000405,1435,1364,71
124000406,1274,1263,11
124000407,4,62,-58
124000411,5,490,-485
124000412,579,21,558
124000413,683,85,598
124000414,96,190,-94
124000415,70,184,-114
124000416,225,341,-116
124000417,247,188,59
124000418,185,205,-20
124000419,119,172,-53
124000420,96,158,-62
124000421,86,300,-214
124000422,42,38,4
124000423,212,68,144
124000424,6,123,-117
124000425,69,94,-25
124000426,9,65,-56
124000427,116,40,76
124000428,36,77,-41
124000429,74,106,-32
124000430,803,733,70
124000431,483,777,-294
124000432,433,863,-430
124000439,7,12,-5
124000443,1,10,-9
124000445,378,1254,-876
124000446,1587,127,1460
124900001,592,534,58
124900002,235,547,-312
124900003,1154,996,158
124900004,613,544,69
124900005,562,260,302
124900006,770,574,196
124900008,2119,952,1167
124900009,238,411,-173
124900010,292,236,56
124900011,673,445,228
124900012,565,147,418
124900013,809,172,637
124900014,871,110,761
124900015,231,581,-350
124900016,90,165,-75
124900017,763,1793,-1030
124900018,40,31,9
124900020,163,145,18
124900021,713,103,610
124900022,801,14,787
124900024,311,107,204
124900026,367,82,285
124900027,125,494,-369
124900028,753,174,579
124900029,30,736,-706
124900030,12,164,-152
124900031,62,462,-400
124900032,240,347,-107
124900033,295,516,-221
124900034,12,156,-144
124900035,223,735,-512
124900036,5,80,-75
124900037,210,482,-272
124900038,424,409,15
124900039,0,71,-71
124900040,198,107,91
124900041,316,1171,-855
124900042,175,6,169
124900043,553,1146,-593
124900044,68,4,64
124900045,1191,1350,-159
124900046,1391,368,1023
124900047,189,312,-123
124900048,268,186,82
124900050,140,338,-198
124900052,124,516,-392
124900053,368,521,-153
124900054,2357,915,1442
124900055,3,241,-238
124900057,11,99,-88
124900060,127,367,-240
124900061,214,28,186
124900062,291,41,250
124900066,0,23,-23
124900067,8,250,-242
124900068,296,806,-510
124900070,120,38,82
124900072,152,63,89
124900074,825,345,480
124900075,326,328,-2
124900076,67,1403,-1336
124900077,34,273,-239
124900078,111,24,87
124900079,816,244,572
124900080,381,702,-321
124900081,893,506,387
124900082,412,937,-525
124900083,296,557,-261
124900084,2230,219,2011
124900085,1473,567,906
124900086,141,1570,-1429
124900087,758,168,590
124900088,865,186,679
124900089,1574,52,1522
124900090,383,362,21
124900091,439,576,-137
124900092,300,477,-177
124900093,357,370,-13
124900094,405,420,-15
124900095,98,613,-515
124900096,749,417,332
124900097,416,149,267
124900098,167,613,-446
124900099,987,730,257
124900100,469,256,213
124900101,143,459,-316
124900102,272,140,132
124900103,240,374,-134
124900104,85,247,-162
124900105,121,180,-59
124900106,529,150,379
124900107,167,37,130
124900108,205,97,108
124900109,88,187,-99
124900110,623,476,147
124900111,9,138,-129
124900112,76,714,-638
124900113,170,341,-171
124900114,311,174,137
124900115,400,60,340
124900116,269,299,-30
124900117,692,157,535
124900118,317,390,-73
124900119,510,250,260
124900120,77,508,-431
124900121,179,585,-406
124900122,601,354,247
124900123,380,197,183
124900124,177,424,-247
129000186,201,45,156
204000001,51,3,48
204000002,20,6,14
204000003,44,11,33
204000004,8,6,2
204000005,558,458,100
204000006,1410,1266,144
204000011,15,57,-42
204000012,59,86,-27
204000013,6,36,-30
204000019,564,627,-63
204000020,613,587,26
204000021,1386,835,551
204000022,630,513,117
204000023,695,1021,-326
204000031,81,17,64
204000032,615,37,578
204000034,28,257,-229
204000035,2,6,-4
204000036,10,28,-18
204000037,1,22,-21
204000038,1,15,-14
204000039,138,30,108
204000040,9,28,-19
204000041,6,28,-22
204000042,74,11,63
204000043,45,3,42
204000044,84,13,71
204000045,78,2,76
204000046,40,1,39
204000057,10,23,-13
204000062,14,11,3
204000068,37,270,-233
204000069,50,389,-339
204000070,141,164,-23
204000080,84,79,5
204000085,2340,2234,106
204000086,2819,2289,530
204000087,56,14,42
204000088,13,101,-88
204000090,51,418,-367
204000093,421,87,334
204000096,892,1144,-252
204000097,545,19,526
204000099,1131,1405,-274
204000100,1384,1982,-598
204000105,2592,1823,769
204000110,913,1259,-346
204000111,460,696,-236
204000112,933,651,282
204000113,540,702,-162
204000114,1027,610,417
204000115,590,353,237
204000116,1358,394,964
204000119,2149,2975,-826
204000132,744,364,380
204000133,803,411,392
204000134,269,187,82
204000135,575,114,461
204000136,681,259,422
204000138,394,506,-112
204000140,197,170,27
204000141,157,94,63
204000144,5,35,-30
204000145,850,65,785
204000146,41,472,-431
204000147,41,258,-217
204000148,998,35,963
204000154,14,4,10
204000155,2,7,-5
204000177,123,70,53
204000179,44,17,27
204000180,0,33,-33
204000222,29,25,4
204000235,22,24,-2
204000236,127,373,-246
204000238,41,18,23
204000240,459,112,347
204000263,577,1273,-696
204000268,1453,833,620
204000308,211,30,181
204000317,13,84,-71
204000322,16,84,-68
204000323,20,18,2
204000328,335,57,278
204000329,50,302,-252
204000330,270,11,259
204000331,50,185,-135
204010341,13,177,-164
205000001,1429,2195,-766
205000013,12,92,-80
205000014,38,116,-78
205000015,27,254,-227
205000016,42,193,-151
205000017,23,124,-101
205000022,329,859,-530
205000025,1345,1266,79
205000029,295,15,280
205000045,189,378,-189
205000046,117,552,-435
205000047,85,559,-474
205000048,430,1236,-806
205000049,197,982,-785
205000050,885,351,534
205000059,0,221,-221
205000060,0,82,-82
205000061,2,67,-65
205000062,3,77,-74
205000063,17,60,-43
205000064,16,85,-69
205000065,47,554,-507
205000066,104,830,-726
205000067,28,846,-818
205000069,152,31,121
205000082,177,210,-33
205000110,131,268,-137
205000111,220,260,-40
205000112,245,277,-32
205000113,245,408,-163
205000121,264,82,182
205000123,43,288,-245
205000126,455,134,321
205000127,782,196,586
205000128,510,88,422
205000129,739,102,637
205000130,552,36,516
205000131,202,9,193
205000132,255,2,253
205000133,212,2,210
205000134,266,1,265
205000137,85,188,-103
205000138,234,370,-136
205000139,41,152,-111
205000144,187,97,90
205000145,698,223,475
205000151,204,58,146
205000152,339,29,310
205000153,343,57,286
205000154,132,60,72
205000155,98,26,72
205000207,9,211,-202
205000233,10,2,8
205000234,0,0,0
205000243,0,0,0
205000244,0,4,-4
205000245,16,271,-255
205000249,0,39,-39
205000250,6,0,6
205000264,17,112,-95
206000027,14,2,12
206000028,7,2,5
206000043,25,69,-44
206000053,4,12,-8
206000054,4,27,-23
206000055,4,34,-30
206000075,5,14,-9
206000076,28,15,13
206000077,25,4,21
206000078,24,6,18
206000079,26,3,23
206000082,418,47,371
206000100,45,613,-568
206000103,8,21,-13
206000104,18,24,-6
206000105,6,29,-23
206000106,13,51,-38
206000108,675,45,630
206000125,64,0,64
206000157,84,769,-685
206000170,1,222,-221
206000171,10,241,-231
206000172,4,574,-570
206000173,2,290,-288
206000174,15,95,-80
206000175,4,171,-167
206000176,21,282,-261
206000177,1,190,-189
206000178,2,160,-158
206000179,11,110,-99
206000180,13,172,-159
206000181,12,228,-216
206000182,4,203,-199
206000183,14,759,-745
206000184,3,361,-358
206000185,11,185,-174
206000186,108,1133,-1025
206000223,6,269,-263
206000226,22,4,18
206000227,44,2,42
206000237,27,371,-344
206000238,37,590,-553
206000239,306,2252,-1946
206000240,5,60,-55
206000241,0,107,-107
206000242,5,357,-352
206000243,13,248,-235
206000244,77,658,-581
206000245,874,77,797
206000246,198,14,184
206000247,216,14,202
206000248,382,20,362
206000252,89,43,46
206000258,40,34,6
206000315,25,8,17
206000317,583,88,495
206000318,389,78,311
206000319,1255,150,1105
206000320,175,49,126
206000321,218,19,199
206000322,577,26,551
206000323,149,7,142
206000324,193,8,185
206000325,220,16,204
206000326,266,12,254
206000327,405,10,395
206000328,169,0,169
206000329,275,4,271
206000330,68,11,57
206000331,177,5,172
206000332,54,7,47
206000333,618,2,616
206000334,278,6,272
206000335,0,20,-20
206000361,6,216,-210
206000392,2,29,-27
206000405,140,0,140
206000441,62,15,47
206000498,50,3,47
206000515,126,44,82
206000530,235,66,169
206000531,232,226,6
206000532,1844,274,1570
206000535,366,1902,-1536
206000536,13,195,-182
206000537,14,198,-184
206000613,1408,205,1203
207000001,199,562,-363
207000002,124,322,-198
207000003,143,156,-13
207000007,845,308,537
207000008,108,13,95
207000009,50,22,28
207000010,536,425,111
207000012,334,318,16
207000015,345,1367,-1022
207000019,354,109,245
207000021,783,179,604
207000022,187,127,60
207000023,213,42,171
207000024,5,17,-12
207000025,50,49,1
207000026,95,37,58
207000027,61,82,-21
207000028,40,214,-174
207000029,342,467,-125
207000033,208,357,-149
207000034,388,85,303
207000039,449,145,304
207000040,322,110,212
207000041,275,51,224
207000042,400,98,302
207000043,371,204,167
207000051,178,294,-116
207000052,70,159,-89
207000053,472,598,-126
207000054,47,130,-83
207000055,183,136,47
207000056,351,346,5
207000057,158,227,-69
207000058,221,325,-104
207000059,87,615,-528
207000060,88,194,-106
207000061,214,427,-213
207000062,296,43,253
207000063,264,113,151
207000064,467,174,293
207000065,457,243,214
207000066,182,171,11
207000067,67,104,-37
207000068,138,97,41
207000069,785,442,343
207000082,17,207,-190
207000083,134,253,-119
207000084,209,260,-51
207000085,172,16,156
207000086,122,3,119
207000106,31,54,-23
207000107,107,34,73
207000108,56,25,31
207000109,105,12,93
207000110,118,109,9
207000111,110,96,14
207000112,226,630,-404
207000114,39,49,-10
207000115,32,87,-55
207000116,42,426,-384
207000117,13,106,-93
207000118,5,89,-84
207000119,37,120,-83
207000123,250,32,218
207000124,87,42,45
207000125,79,103,-24
207000126,109,86,23
207000134,99,138,-39
207000135,13,208,-195
207000148,98,323,-225
207000149,90,49,41
207000152,159,406,-247
207000153,1180,1398,-218
207000154,443,181,262
207000159,125,255,-130
207000160,175,568,-393
207000238,0,192,-192
207000242,1,244,-243
207000248,90,58,32
207000249,179,68,111
207000250,1003,118,885
207000251,152,102,50
207000252,162,97,65
207000278,93,101,-8
207000279,18,199,-181
207000280,492,64,428
207000281,102,936,-834
207000282,261,81,180
207000283,129,221,-92
207000284,88,128,-40
207000285,102,61,41
207000291,26,128,-102
207000304,147,59,88
207000306,93,424,-331
207000310,81,114,-33
207000353,304,4,300
207000356,22,57,-35
207000357,92,9,83
207000358,165,28,137
207000415,5,247,-242
207000417,58,5,53
207000418,118,149,-31
207000438,0,1,-1
207000439,1064,726,338
207000446,142,4,138
207000460,17,4,13
207000466,215,170,45
207000467,242,139,103
207000468,56,460,-404
207000476,10,90,-80
207000477,739,129,610
207000478,16,47,-31
207000523,0,9,-9
207000524,47,0,47
207000527,112,188,-76
207000530,438,7,431
207000531,360,10,350
207000532,223,42,181
207000534,586,78,508
207000535,98,422,-324
207000537,181,159,22
207000540,15,270,-255
207000541,7,466,-459
207000548,18,428,-410
207000549,426,27,399
207000561,214,220,-6
207000562,47,260,-213
207000567,190,256,-66
207000568,235,100,135
207000569,477,1137,-660
207000584,417,387,30
207000585,125,432,-307
207000616,0,156,-156
207000617,230,1,229
207900008,196,96,100
208000001,705,962,-257
208000002,1057,497,560
208000003,1082,395,687
208000004,1421,661,760
208000005,4,28,-24
208000019,844,1453,-609
208000020,167,682,-515
208000021,281,489,-208
208000022,1239,721,518
208000028,1859,1125,734
208000033,678,914,-236
208000034,1308,1676,-368
208000040,160,218,-58
208000041,1004,790,214
208000042,1829,935,894
208000047,143,263,-120
208000064,3327,1777,1550
208000066,2650,2581,69
208000070,313,449,-136
208000071,383,1035,-652
208000072,365,1622,-1257
208000080,239,344,-105
208000081,321,188,133
208000082,353,341,12
208000083,175,451,-276
208000084,29,15,14
208000085,963,688,275
208000086,504,1070,-566
208000087,618,856,-238
208000089,1016,523,493
208000090,904,831,73
208000093,170,111,59
208000094,1088,519,569
208000095,834,528,306
208000104,1198,1241,-43
208000105,1012,1325,-313
208000114,175,367,-192
208000115,561,517,44
208000116,593,1212,-619
208000117,160,156,4
208000118,106,163,-57
208000155,869,1114,-245
208000158,1723,3900,-2177
208000186,4821,4406,415
208000204,642,1126,-484
208000205,1268,1246,22
208000282,6905,3401,3504
209000004,679,189,490
209000005,40,36,4
209000006,475,139,336
209000007,322,328,-6
209000010,513,188,325
209000011,240,316,-76
209000012,503,188,315
209000013,360,486,-126
209000014,564,1357,-793
209000025,280,50,230
209000026,701,109,592
209000027,507,882,-375
209000028,525,861,-336
209000029,617,830,-213
209000030,512,1796,-1284
209000031,3209,2879,330
209000034,213,154,59
209000035,106,115,-9
209000036,189,122,67
209000037,241,234,7
209000038,96,129,-33
209000039,54,106,-52
209000040,353,584,-231
209000041,166,423,-257
209000042,288,445,-157
209000043,799,872,-73
209000044,256,881,-625
209000045,1505,748,757
209000046,570,1088,-518
209000047,577,301,276
209000048,572,491,81
209000049,99,124,-25
209000050,239,204,35
209000051,310,403,-93
209000052,181,369,-188
209000062,47,121,-74
209000063,65,114,-49
209000064,51,97,-46
209000065,91,36,55
209000066,72,39,33
209000067,64,52,12
209000080,40,249,-209
209000082,97,38,59
209000091,46,141,-95
209000093,80,23,57
209000094,264,297,-33
209000110,42,112,-70
209000111,564,1496,-932
209000112,985,917,68
209000113,1713,899,814
209000114,738,472,266
209000115,72,176,-104
209000116,735,572,163
209000118,30,43,-13
209000119,25,24,1
209000121,115,553,-438
209000135,79,185,-106
209000142,602,1542,-940
209000143,92,107,-15
209000144,57,138,-81
209000229,307,342,-35
209000240,31,415,-384
209000259,78,118,-40
209000260,84,1210,-1126
209000261,10,840,-830
209000262,0,581,-581
209000263,1,190,-189
209000264,0,195,-195
209000265,991,9,982
209000266,351,7,344
209000267,2250,26,2224
209000268,855,101,754
210000037,60,15,45
210000047,69,30,39
210000048,98,30,68
210000049,75,19,56
210000052,47,83,-36
210000053,40,64,-24
210000054,61,77,-16
210000070,181,3,178
210000071,143,3,140
210000072,53,0,53
210000073,0,40,-40
210000074,1,109,-108
210000075,4,91,-87
210000076,20,148,-128
210000077,18,40,-22
210000078,36,26,10
210000079,31,12,19
210000080,101,53,48
210000081,269,48,221
210000082,179,4,175
210000083,117,2,115
210000084,25,1,24
210000085,2,86,-84
210000086,8,121,-113
210000099,66,245,-179
210000100,65,198,-133
210000101,86,172,-86
210000105,54,183,-129
210000159,1,183,-182
210000163,225,254,-29
210000164,325,227,98
210000168,76,29,47
210000187,0,14,-14
210000188,0,26,-26
210000214,109,0,109
210000219,25,57,-32
210000220,101,75,26
210000232,2,26,-24
210000233,45,63,-18
210000234,27,110,-83
210000235,63,91,-28
210000245,0,55,-55
210000246,58,1,57
210000258,15,132,-117
210000259,615,80,535
210000282,149,256,-107
210000285,1,107,-106
210000286,16,219,-203
210000290,5,17,-12
210000295,46,151,-105
210000296,41,56,-15
210000320,223,115,108
210000321,146,100,46
210000338,57,45,12
210000339,436,1260,-824
210000340,161,353,-192
210000341,226,248,-22
210000342,214,164,50
210000343,164,191,-27
210000344,171,89,82
210000345,169,167,2
210000346,42,83,-41
210000347,85,26,59
210000348,117,27,90
210000349,65,16,49
210000350,97,79,18
210000351,117,109,8
210000352,70,72,-2
210000353,61,103,-42
210000354,164,85,79
210000355,53,87,-34
210000356,29,53,-24
210000357,51,34,17
210000358,281,110,171
210000359,84,91,-7
210000360,188,129,59
210000361,140,183,-43
210000362,244,254,-10
210000363,764,308,456
210000364,110,195,-85
210000365,173,111,62
210000366,155,96,59
210000367,169,65,104
210000368,230,93,137
210000369,11,8,3
210000370,34,35,-1
210000372,55,37,18
210000373,50,21,29
210000374,53,14,39
210000375,61,53,8
210000376,102,127,-25
210000404,72,112,-40
210000439,22,53,-31
210000472,122,3,119
210000482,76,117,-41
210000564,510,395,115
210000567,1,33,-32
210000568,382,10,372
211000092,47,63,-16
211000094,12,11,1
211000169,260,31,229
211000172,28,217,-189
211000209,2,49,-47
211000226,7,19,-12
211000270,29,13,16
211000275,35,28,7
211000276,108,43,65
211000279,45,38,7
211000281,56,59,-3
211507980,2,65,-63
211977296,43,8,35
212000003,126,37,89
212000004,48,20,28
212000005,25,31,-6
212000006,42,61,-19
212000008,153,142,11
212000009,37,146,-109
212000012,84,95,-11
212000013,23,55,-32
212000014,314,191,123
212000015,324,293,31
212000016,489,625,-136
212000027,589,561,28
212000028,327,473,-146
212000029,257,329,-72
212000030,59,38,21
212000031,62,73,-11
212000048,57,161,-104
212000049,17,123,-106
212000050,38,10,28
212000051,230,261,-31
212000052,212,359,-147
212000053,442,679,-237
212000054,287,182,105
212000055,271,292,-21
212000056,24,44,-20
212000057,9,25,-16
212000058,312,37,275
212000070,149,286,-137
212000077,180,729,-549
212000099,251,258,-7
212000108,172,153,19
212000111,178,95,83
212000120,102,77,25
212000138,99,35,64
212000156,7,150,-143
212000158,12,6,6
212000159,378,49,329
212000160,522,268,254
212000161,56,15,41
212000310,56,30,26
212000311,14,73,-59
212000374,70,18,52
213000001,47,620,-573
213000005,475,173,302
213000006,1236,339,897
213000007,253,15,238
213000009,988,626,362
213000010,228,365,-137
213000011,303,169,134
213000012,190,504,-314
213000014,118,10,108
213000015,294,6,288
213000016,1108,2,1106
213000017,74,0,74
213000018,2,272,-270
213000019,4,265,-261
213000020,148,599,-451
213000021,6,172,-166
213000023,313,195,118
213000033,444,1884,-1440
213000034,863,386,477
213000035,139,313,-174
213000045,254,347,-93
213000046,312,290,22
213000047,879,1455,-576
213000056,181,36,145
213000069,97,1,96
213000073,0,64,-64
213000074,158,488,-330
213000075,562,13,549
213000076,59,2,57
213000085,3,58,-55
213000086,15,197,-182
213000091,183,25,158
213000092,99,27,72
213000099,187,1318,-1131
213000100,1227,282,945
213000101,365,225,140
213000102,473,387,86
213000103,1122,1102,20
213000104,82,583,-501
213000105,3,151,-148
213000106,59,172,-113
213000107,200,766,-566
213000108,48,609,-561
213000109,12,261,-249
213000110,17,106,-89
213000111,5,66,-61
213000112,163,155,8
213000115,75,19,56
213000116,94,579,-485
213000117,15,1006,-991
213000118,398,298,100
213000119,95,848,-753
213000120,156,713,-557
213000122,152,823,-671
213000123,570,1754,-1184
213000124,163,1775,-1612
213000125,163,29,134
213000126,182,163,19
213000127,231,298,-67
213000128,716,1302,-586
213000129,623,574,49
213000130,618,264,354
213000132,405,97,308
213000133,557,157,400
213000134,732,23,709
213000136,521,30,491
213000137,714,82,632
213000139,704,20,684
213000147,102,6,96
213000148,43,9,34
213000149,90,15,75
213000150,1,106,-105
213000151,0,104,-104
213000152,3,99,-96
213000153,2,129,-127
213000154,39,348,-309
213000155,75,352,-277
213000156,135,703,-568
213000157,622,563,59
213000158,455,1202,-747
213000159,591,666,-75
213000163,804,151,653
213000165,879,323,556
213000171,1,108,-107
213000172,5,448,-443
213000173,6,333,-327
213000174,9,233,-224
213000175,15,153,-138
213000176,68,40,28
213000177,86,2,84
213000178,150,8,142
213000179,252,1,251
213000180,202,0,202
213000184,160,553,-393
213000188,421,126,295
213000189,383,61,322
213000190,1152,1092,60
213000191,361,556,-195
213000192,274,530,-256
213000193,1111,425,686
213000194,0,79,-79
213000195,28,500,-472
213000196,319,1376,-1057
213000197,487,761,-274
213000198,83,0,83
213000200,173,1122,-949
213000201,96,39,57
213000202,25,761,-736
213000203,3716,799,2917
213000204,847,84,763
213000205,472,131,341
213000206,758,77,681
213000207,182,16,166
213000208,121,1,120
213000209,158,4,154
213000210,589,4,585
213000211,7,16,-9
213000212,25,30,-5
213000213,17,69,-52
213000218,316,726,-410
213000219,569,21,548
213000220,529,12,517
213000223,257,224,33
213000224,48,53,-5
213000225,99,12,87
213000226,63,8,55
213000227,1058,259,799
213000228,692,86,606
213000229,528,40,488
213000230,419,26,393
213000232,176,934,-758
213000233,15,208,-193
213000234,10,40,-30
213000293,10,86,-76
213000294,173,30,143
213000295,10,109,-99
213000296,80,33,47
213000297,7,138,-131
213000298,39,126,-87
213000299,124,63,61
213000300,21,13,8
213000303,2,40,-38
213000304,3,7,-4
213000305,3,7,-4
213000306,75,37,38
213000307,205,70,135
213000308,182,333,-151
213000309,253,58,195
213000310,594,180,414
213000311,392,851,-459
213000315,101,155,-54
213000316,151,61,90
213000322,122,143,-21
213000323,79,90,-11
213000324,90,55,35
213000325,50,134,-84
213000326,28,32,-4
213000327,44,70,-26
213000328,44,159,-115
213000329,124,61,63
213000340,207,687,-480
213000341,574,168,406
213000346,283,258,25
213000347,954,554,400
213000348,16,209,-193
213000349,38,18,20
213000350,308,1363,-1055
213000366,95,388,-293
213000367,207,52,155
213000379,156,154,2
213000386,13,270,-257
213000406,113,531,-418
213000417,1347,467,880
213000425,166,44,122
213000426,195,75,120
213000427,62,272,-210
213000428,71,279,-208
213000429,42,6,36
213000430,84,1002,-918
213000431,131,1,130
213000432,4,24,-20
213000433,29,210,-181
213000434,103,153,-50
213000435,117,87,30
213000436,31,110,-79
213000437,4,34,-30
213000438,143,119,24
213000439,95,19,76
213000440,10,368,-358
213000441,0,0,0
213000442,1,34,-33
213000443,526,466,60
213000444,76,74,2
213000445,0,75,-75
213000446,1,29,-28
213000447,3,49,-46
213000448,9,152,-143
213000449,357,5,352
213000450,28,73,-45
213000451,334,182,152
213000452,34,21,13
213000453,59,421,-362
213000455,559,67,492
213000456,0,395,-395
213000481,7,6,1
213000482,91,6,85
213000489,532,110,422
213000491,1,142,-141
213000492,392,4,388
213000493,0,118,-118
213000494,277,235,42
213000495,0,156,-156
213000496,387,217,170
213000497,61,319,-258
213000498,196,264,-68
213000499,292,804,-512
213000500,559,156,403
213000501,133,41,92
213000502,305,196,109
213000503,2,66,-64
213000504,17,161,-144
213000505,5,3,2
213000506,0,9,-9
213000507,1,144,-143
213900016,0,10,-10
213900244,30,1,29
213900245,0,34,-34
218000003,19,27,-8
218000004,53,39,14
218000005,236,44,192
218000006,67,38,29
218000007,22,20,2
218000012,222,179,43
218000013,125,156,-31
218000014,447,445,2
218000019,878,689,189
218000020,286,486,-200
218000021,37,59,-22
218000022,17,25,-8
218000023,3,35,-32
218000024,1,15,-14
218000025,11,26,-15
218000026,3,33,-30
218000027,5,14,-9
218000028,9,4,5
218000029,5,5,0
218000030,23,55,-32
218000031,11,32,-21
218000032,9,39,-30
218000040,11,11,0
218000046,81,79,2
218000047,15,107,-92
218000048,76,120,-44
218000049,133,116,17
218000050,402,258,144
218000051,108,247,-139
218000052,3,139,-136
218000053,2,11,-9
218000054,10,37,-27
218000055,5,16,-11
218000056,18,38,-20
218000057,2,45,-43
218000064,0,13,-13
218000065,63,71,-8
218000066,13,70,-57
218000067,45,106,-61
218000068,114,148,-34
218000069,309,160,149
218000070,278,326,-48
218000071,206,234,-28
218000072,288,235,53
218000078,816,1058,-242
218000079,150,138,12
218000080,94,130,-36
218000081,375,316,59
218000082,55,173,-118
218000083,49,64,-15
218000084,147,163,-16
218000085,189,427,-238
218000086,97,193,-96
218000087,175,238,-63
218000090,23,153,-130
218000091,898,532,366
218000092,86,180,-94
218000093,70,108,-38
218000094,453,652,-199
218000099,363,693,-330
218000100,286,320,-34
218000101,337,152,185
218000102,308,289,19
218000103,88,217,-129
218000104,81,48,33
218000105,18,26,-8
218000106,10,11,-1
218000107,32,77,-45
218000108,10,49,-39
218000112,69,28,41
218000117,109,50,59
218000134,627,848,-221
218000135,47,134,-87
218000136,285,116,169
218000137,545,179,366
218000138,35,142,-107
218000139,219,288,-69
218000140,608,284,324
218000141,131,80,51
218000142,267,141,126
218000143,142,222,-80
218000144,73,64,9
218000145,386,368,18
218000146,83,246,-163
218000151,8,28,-20
218000152,131,54,77
218000153,7,5,2
218000154,18,0,18
218000155,14,0,14
218000156,64,11,53
218000157,26,9,17
218000158,10,4,6
218000159,0,6,-6
218000160,10,3,7
218000161,24,4,20
218000162,37,5,32
218000163,7,3,4
218000164,33,9,24
218000165,54,27,27
218000170,4,52,-48
218000171,54,8,46
218000172,13,7,6
218000173,61,12,49
218000174,44,7,37
218000176,160,56,104
218000177,271,295,-24
218000178,82,245,-163
218000179,52,93,-41
218000180,75,29,46
218000181,125,56,69
218000187,10,28,-18
218000188,38,56,-18
218000189,18,80,-62
218000190,19,29,-10
218000191,150,72,78
218000192,209,317,-108
218000193,413,450,-37
218000194,89,377,-288
218000195,133,78,55
218000196,325,353,-28
218000197,384,394,-10
218000198,17,129,-112
218000199,49,32,17
218000200,105,39,66
218000201,7,28,-21
218000202,92,256,-164
218000207,5,38,-33
218000208,36,54,-18
218000211,67,11,56
218000212,5,9,-4
218000213,113,85,28
218000214,3,23,-20
218000215,54,56,-2
218000217,5,93,-88
218000218,232,71,161
218000219,36,12,24
218000220,96,398,-302
218000221,741,198,543
218000222,39,33,6
218000223,27,322,-295
218000224,11,155,-144
218000225,138,42,96
218000226,107,84,23
218000230,0,4,-4
218000232,88,81,7
218000239,244,11,233
218000240,40,17,23
218000241,102,2,100
218000242,186,2,184
218000243,432,11,421
218000244,231,6,225
218000245,407,11,396
218000246,10,0,10
218000247,4,0,4
218000248,2,21,-19
218000249,1,1,0
218000250,2,13,-11
218000251,8,59,-51
218000252,18,39,-21
218000253,5,26,-21
218000254,4,16,-12
218000255,4,13,-9
218000256,14,92,-78
218000267,625,1136,-511
218000268,12,65,-53
218000269,5,3,2
218000270,66,68,-2
218000271,16,66,-50
218000273,27,12,15
218000274,26,10,16
218000275,39,60,-21
218000276,9,43,-34
218000278,12,42,-30
218000279,78,40,38
218000280,4,22,-18
218000281,16,11,5
218000282,523,425,98
218000284,103,17,86
218000301,90,158,-68
218000302,149,59,90
218000303,49,63,-14
218000316,702,1070,-368
218000317,1066,1166,-100
218000318,594,890,-296
218000319,950,1285,-335
218000320,761,615,146
218000338,57,39,18
218000345,159,49,110
218000346,37,180,-143
218000459,55,225,-170
218000490,48,48,0
218000501,115,102,13
218000502,27,77,-50
218000503,75,44,31
218000504,102,36,66
218000505,63,145,-82
218000506,43,277,-234
218000508,9,5,4
218000510,111,24,87
218000520,120,114,6
218000521,9,40,-31
218000522,0,185,-185
218000523,158,4,154
218000524,43,214,-171
218000525,199,12,187
218000526,40,170,-130
218000529,45,166,-121
218000530,8,4,4
218000531,26,35,-9
218000532,42,30,12
218000534,159,16,143
218000537,25,54,-29
218000538,167,214,-47
218000540,317,125,192
218000543,159,55,104
218000544,43,106,-63
218000545,53,75,-22
218000546,35,98,-63
218000547,134,165,-31
218000548,191,150,41
218000549,510,498,12
218000550,254,371,-117
218000551,195,892,-697
218000552,504,66,438
218000553,19,111,-92
218000554,35,39,-4
218000555,45,36,9
218000556,135,380,-245
218000557,250,126,124
218000558,93,0,93
218000559,1,27,-26
218000560,0,36,-36
218000561,43,0,43
218000562,24,224,-200
218000563,200,20,180
218000564,5,127,-122
218000565,238,29,209
218000566,334,18,316
218000567,3,101,-98
218000568,23,1,22
218000569,7,113,-106
218000570,133,12,121
218000571,1,129,-128
218000572,135,2,133
218000573,13,128,-115
218000574,119,64,55
218000575,112,0,112
218000576,0,79,-79
218000577,103,7,96
218000578,1,92,-91
218000579,43,21,22
218000581,11,76,-65
218000582,75,7,68
218000583,15,0,15
218000584,0,28,-28
218000585,22,7,15
218000586,14,57,-43
218000587,6,3,3
218000588,1,7,-6
218000589,0,2,-2
218000590,3,0,3
218000591,6,3,3
218000592,77,0,77
218000593,0,0,0
218000594,1,0,1
218000595,0,0,0
218000596,0,0,0
218000597,2,0,2
218000598,0,2,-2
218000599,0,0,0
218000600,117,7,110
218000601,0,0,0
218000602,0,14,-14
218000603,0,4,-4
218000604,49,11,38
218000605,2,138,-136
218000606,247,1,246
218000607,12,49,-37
218000608,59,11,48
218000609,8,79,-71
218000610,68,1,67
218000611,43,0,43
218000612,0,37,-37
218000613,59,1,58
218000614,5,54,-49
218000615,178,3,175
218000616,39,159,-120
218000617,16,2,14
218000618,4,18,-14
218000619,73,55,18
218000620,4,24,-20
218000621,1,5,-4
218000622,0,17,-17
218000623,372,8,364
218000624,22,21,1
218000625,25,0,25
218000626,0,7,-7
218000628,145,47,98
218000631,24,8,16
218000632,1,88,-87
218000633,119,5,114
218000634,9,32,-23
218000635,14,15,-1
218000636,937,1628,-691
218000637,950,653,297
218000638,171,62,109
218000639,29,204,-175
218000640,344,24,320
218000641,92,385,-293
218000652,67,72,-5
218000653,142,71,71
218000663,3,94,-91
218000675,56,65,-9
218000676,0,26,-26
218000677,14,8,6
218000680,215,517,-302
218000681,448,85,363
218000691,146,275,-129
218000693,283,126,157
218000703,10,42,-32
218000718,1281,1345,-64
218000719,2069,830,1239
218000720,29,150,-121
218000721,205,19,186
218000725,14,11,3
218001214,12,79,-67
218001258,58,5,53
218001329,153,91,62
218001330,88,111,-23
218001351,51,20,31
218001352,16,24,-8
218001353,23,15,8
218001354,4,25,-21
218001355,68,2,66
218001356,186,18,168
218001357,47,3,44
218001358,83,8,75
218001361,105,9,96
219000001,54,56,-2
219000002,51,74,-23
219000003,40,22,18
219000004,44,54,-10
219000017,130,25,105
219000020,263,298,-35
219000022,159,31,128
219000023,664,7,657
219000029,0,58,-58
219000034,32,11,21
219000039,107,104,3
219000040,66,71,-5
219000041,166,48,118
219000051,0,46,-46
219000052,0,29,-29
219000053,2,162,-160
219000054,59,118,-59
219000055,178,5,173
219000056,18,2,16
219000057,72,1,71
219000062,18,109,-91
219000063,110,8,102
219000064,2,64,-62
219000110,513,75,438
219000111,199,47,152
219000112,235,83,152
219000113,149,229,-80
219000114,346,526,-180
219000116,105,86,19
219000117,254,114,140
219000118,784,70,714
219000123,258,128,130
219000124,170,60,110
219000125,24,17,7
219000126,107,114,-7
219000127,0,3,-3
219000128,25,139,-114
219000129,26,105,-79
219000130,562,477,85
219000131,678,954,-276
219000133,138,36,102
219000134,12,11,1
219000135,49,54,-5
219000136,114,220,-106
219000138,109,25,84
219000139,33,54,-21
219000140,58,0,58
219000141,19,134,-115
219000142,16,82,-66
219000143,15,101,-86
219000145,45,73,-28
219000146,3,23,-20
219000147,0,44,-44
219000148,7,35,-28
219000149,30,101,-71
219000150,1,89,-88
219000151,3,48,-45
219000157,329,200,129
219000158,267,250,17
219000161,108,10,98
219000163,1597,652,945
219000166,227,217,10
219000167,231,208,23
219000168,343,170,173
219000174,395,142,253
219000175,84,9,75
219000176,104,18,86
219000177,46,3,43
219000178,70,4,66
219000179,20,5,15
219000180,49,41,8
219000182,141,21,120
219000183,104,37,67
219000184,110,13,97
219000185,1,93,-92
219000186,40,48,-8
219000187,48,122,-74
219000189,114,180,-66
219000190,134,220,-86
219000191,1183,1341,-158
219000192,193,172,21
219000193,273,158,115
219000195,4,57,-53
219000196,7,90,-83
219000198,22,143,-121
219000199,73,298,-225
219000200,59,290,-231
219000201,91,274,-183
219000203,59,141,-82
219000204,266,224,42
219000205,98,174,-76
219000207,163,298,-135
219000209,36,129,-93
219000210,61,103,-42
219000213,11,170,-159
219000239,328,257,71
219000240,332,420,-88
219000241,170,212,-42
219000242,85,160,-75
219000243,138,288,-150
219000244,37,75,-38
219000245,28,52,-24
219000246,42,21,21
219000247,165,30,135
219000248,656,347,309
219000249,125,98,27
219000250,137,133,4
219000251,523,248,275
219000252,231,223,8
219000253,530,82,448
219000255,133,113,20
219000256,325,88,237
219000257,115,1,114
219000262,191,114,77
219000263,59,195,-136
219000267,8,133,-125
219000268,1,6,-5
219000269,9,2,7
219000270,7,0,7
219000271,92,3,89
219000278,10,5,5
219000279,10,3,7
219000283,0,17,-17
219000295,17,144,-127
219000296,68,540,-472
219000297,12,133,-121
219000298,15,134,-119
219000299,485,118,367
219000300,38,244,-206
219000301,223,395,-172
219000302,47,269,-222
219000307,46,43,3
219000308,52,135,-83
219000311,230,69,161
219000312,637,136,501
219000313,481,49,432
219000314,66,522,-456
219000315,265,51,214
219000316,562,79,483
219000317,106,36,70
219000320,1,40,-39
219000321,0,14,-14
219000323,4,81,-77
219000325,1,12,-11
219000326,60,81,-21
219000327,77,49,28
219000328,34,71,-37
219000329,368,176,192
219000330,72,30,42
219000331,87,58,29
219000332,81,80,1
219000333,32,10,22
219000335,104,2,102
219000337,45,0,45
219000338,107,1,106
219000344,82,83,-1
219000345,69,117,-48
219000346,35,150,-115
219000348,149,124,25
219000349,37,195,-158
219000350,185,175,10
219000351,7,4,3
219000352,443,114,329
219000353,141,53,88
219000354,192,137,55
219000355,204,64,140
219000356,1498,1531,-33
219000363,309,63,246
219000364,102,48,54
219000365,120,25,95
219000366,294,340,-46
219000368,380,605,-225
219000370,1237,455,782
219000371,28,55,-27
219000382,18,29,-11
219000383,728,1078,-350
219000385,635,510,125
219000386,932,1561,-629
219000387,2,14,-12
219000390,8,1,7
219000391,5,14,-9
219000397,74,87,-13
219000398,113,96,17
219000401,14,127,-113
219000402,100,157,-57
219000403,174,330,-156
219000404,34,158,-124
219000407,4,62,-58
219000409,51,59,-8
219000410,183,50,133
219000411,65,26,39
219000446,245,402,-157
219000447,5,19,-14
219000448,45,20,25
219000452,106,77,29
219000453,61,142,-81
219000454,243,289,-46
219000556,251,111,140
219000558,275,203,72
219000590,52,165,-113
219000591,58,89,-31
219000592,103,354,-251
219000595,5,23,-18
219000635,236,68,168
219000636,21,66,-45
219000657,30,51,-21
219000658,45,85,-40
219000673,0,42,-42
219000676,104,15,89
219000679,45,8,37
219000684,98,1,97
219000685,4,74,-70
219000686,0,5,-5
219000688,1,106,-105
219000689,45,330,-285
219000690,184,19,165
219000691,71,288,-217
219000692,166,58,108
219000693,0,26,-26
219000694,11,2,9
219000695,46,8,38
219000698,27,0,27
219000699,0,15,-15
219000727,7,98,-91
219000728,263,1,262
219000770,31,2,29
219000771,1,25,-24
219000788,423,155,268
219001150,5,20,-15
219001151,0,6,-6
219001166,47,40,7
219001167,4,94,-90
219001178,55,5,50
220000001,79,75,4
220000002,20,127,-107
220000003,852,297,555
220000004,906,612,294
220000005,1728,2185,-457
220000006,399,995,-596
220000007,456,649,-193
220000008,375,1073,-698
220000009,303,479,-176
220000010,240,125,115
220000011,671,3628,-2957
220000012,149,417,-268
220000014,148,51,97
220000015,60,123,-63
220000017,40,332,-292
220000018,4974,2537,2437
220000019,90,282,-192
220000020,497,278,219
220000021,625,205,420
220000022,763,498,265
220000023,357,175,182
220000024,2099,310,1789
220000025,974,927,47
220000026,324,268,56
220000027,60,109,-49
220000028,46,49,-3
220000029,83,178,-95
220000030,148,97,51
220000031,468,297,171
220000064,18,1195,-1177
221000046,10,0,10
221000047,0,0,0
221000048,0,3,-3
221000049,0,8,-8
221000050,52,2,50
221000055,50,64,-14
221000057,78,13,65
221000068,300,149,151
221000069,260,43,217
221000070,198,17,181
221000071,68,14,54
221000072,204,7,197
221000073,279,44,235
221000074,0,22,-22
221000075,22,18,4
221000076,12,53,-41
221000077,26,140,-114
221000081,18,10,8
221000082,55,8,47
221000083,30,15,15
221000084,7,6,1
221000085,59,78,-19
221000086,20,94,-74
221000087,4,170,-166
221000088,15,196,-181
221000089,38,340,-302
221000090,144,571,-427
221000098,103,15,88
221000099,157,20,137
221000100,85,7,78
221000101,181,26,155
221000102,103,23,80
221000109,12,117,-105
221000110,15,111,-96
221000111,28,186,-158
221000112,7,182,-175
221000113,28,176,-148
221000114,25,164,-139
221000120,36,32,4
221000121,1,23,-22
221000122,74,17,57
221000123,10,21,-11
221000124,42,215,-173
221000155,91,11,80
221000156,90,30,60
221000175,1,2,-1
221000176,0,4,-4
221000182,50,11,39
221000241,537,333,204
221000242,271,414,-143
221000243,474,174,300
221000244,284,459,-175
221000245,115,107,8
221000246,68,243,-175
221000247,61,118,-57
221000248,98,141,-43
221000267,44,673,-629
221000325,142,50,92
221000331,8,87,-79
221000338,13,16,-3
221000378,147,22,125
221000381,37,59,-22
222000282,8,0,8
222000296,6,42,-36
222000568,261,29,232
222000569,167,55,112
222000570,115,25,90
222000571,214,31,183
222000577,18,181,-163
222000578,69,191,-122
222000579,39,173,-134
222000580,140,1044,-904
222000599,0,221,-221
222000600,9,439,-430
222000601,13,1213,-1200
222000603,21,46,-25
222000604,10,38,-28
222000605,25,37,-12
222000606,3,9,-6
222000607,2,6,-4
222000608,32,14,18
222000609,86,319,-233
222000616,305,40,265
222000617,8,32,-24
222000618,0,2,-2
222000620,42,5,37
222000621,98,14,84
222000623,560,10,550
222000624,381,6,375
222000625,628,46,582
222000636,43,4,39
222000686,33,23,10
222000687,81,35,46
222001066,349,3,346
222001067,10,10,0
222001068,52,43,9
222001069,34,65,-31
222001082,17,77,-60
222001083,25,83,-58
222001084,0,28,-28
222001085,0,240,-240
222001111,61,218,-157
222001112,102,43,59
222001313,44,3,41
222001314,6,136,-130
222001464,66,64,2
222001465,53,96,-43
222001484,118,94,24
222001485,25,73,-48
222001494,389,140,249
222001495,169,289,-120
222001496,333,102,231
222001497,155,560,-405
222001502,41,147,-106
222001503,169,69,100
222001504,29,373,-344
222001505,469,44,425
222001506,62,451,-389
222001507,419,32,387
222001510,369,50,319
222001511,72,467,-395
222001514,764,332,432
222001515,398,720,-322
222001518,298,120,178
222001519,75,331,-256
222001527,233,92,141
222001528,92,204,-112
222001529,286,77,209
222001530,55,293,-238
222001533,218,411,-193
222001534,402,152,250
222001535,261,282,-21
222001536,195,345,-150
222001537,371,66,305
222001538,118,652,-534
222001563,540,79,461
222001564,118,660,-542
222001568,542,132,410
222001576,2,1,1
222001579,1,4,-3
222001583,24,152,-128
222001584,106,12,94
222001596,1147,1342,-195
222001597,2500,327,2173
222001626,0,231,-231
222001650,259,114,145
222001651,269,187,82
222001914,270,126,144
222001915,96,328,-232
222001968,445,224,221
222001969,550,873,-323
222001970,225,260,-35
222001971,24,29,-5
222001972,8,39,-31
225000001,518,203,315
225000002,719,145,574
225000003,662,88,574
225000004,274,205,69
225000005,114,40,74
225000006,1,174,-173
225000007,1911,1292,619
225000010,289,11,278
225000011,466,908,-442
225000012,182,451,-269
225000013,73,141,-68
225000014,853,116,737
225000015,100,219,-119
225000021,745,170,575
225000027,259,588,-329
225000032,630,156,474
225000042,84,666,-582
225000049,62,90,-28
225000050,69,8,61
225000053,8,263,-255
225000058,648,188,460
225000067,339,181,158
225000068,143,331,-188
225000069,146,415,-269
225000070,82,393,-311
225000071,38,192,-154
225000075,48,926,-878
225000076,81,146,-65
225000078,88,68,20
225000085,84,161,-77
225000086,312,65,247
225000087,172,20,152
225000088,7,192,-185
225000089,353,1096,-743
225000090,68,437,-369
225000091,199,205,-6
225000092,102,62,40
225000093,281,267,14
225000094,27,255,-228
225000095,345,432,-87
225000096,312,560,-248
225000098,619,331,288
225000099,378,203,175
225000100,261,161,100
225000104,138,394,-256
225000110,21,481,-460
225000111,259,1112,-853
225000112,360,1235,-875
225000113,227,506,-279
225000114,72,230,-158
225000115,1673,699,974
225000116,1161,218,943
225000117,671,260,411
225000118,1021,278,743
225000119,199,74,125
225000120,956,61,895
225000121,269,16,253
225000123,564,26,538
225000125,379,186,193
225000126,666,158,508
225000127,670,1102,-432
225000128,393,643,-250
225000132,306,61,245
225000133,240,46,194
225000134,634,155,479
225000135,54,27,27
225000136,256,26,230
225000137,280,56,224
225000138,288,67,221
225000143,59,337,-278
225000144,2,411,-409
225000145,148,38,110
225000146,74,114,-40
225000147,51,292,-241
225000148,30,254,-224
225000149,115,583,-468
225000151,49,266,-217
225000155,331,485,-154
225000156,187,876,-689
225000157,252,423,-171
225000158,61,386,-325
225000171,8,182,-174
225000180,28,0,28
225000181,0,61,-61
225000182,72,32,40
225000185,8,336,-328
225000187,115,347,-232
225000191,132,5,127
225000194,0,5,-5
225000208,2,58,-56
225000209,99,20,79
225000210,17,266,-249
225000217,1,17,-16
225000218,34,1,33
225000223,0,33,-33
225000224,77,2,75
225000225,0,21,-21
225000226,31,1,30
225000227,45,113,-68
225000228,13,18,-5
225000229,0,83,-83
225000230,132,0,132
225000231,0,57,-57
225000232,216,0,216
225000241,75,2,73
225000242,0,48,-48
225000249,9,0,9
225000250,60,931,-871
225000251,352,37,315
225000254,3,2,1
225000256,5,111,-106
225000257,0,112,-112
226000042,314,412,-98
226000043,49,232,-183
226000044,115,526,-411
226000045,90,428,-338
226000046,311,83,228
226000047,329,90,239
226000048,298,97,201
226000049,246,144,102
226000070,0,47,-47
226000071,0,53,-53
226000072,0,11,-11
226000073,1,9,-8
226000074,1,6,-5
226000084,5,74,-69
226000085,0,15,-15
226000086,0,12,-12
226000087,4,21,-17
226000088,81,50,31
226000090,284,69,215
226000091,44,41,3
226000092,27,8,19
226000093,15,1,14
226000094,29,4,25
226000095,31,7,24
226000105,11,0,11
226000106,10,0,10
226000107,3,1,2
226000108,20,0,20
226000109,101,0,101
226000124,126,78,48
226000134,596,459,137
226000135,1325,432,893
226000136,1403,395,1008
226000137,2,318,-316
226000138,12,198,-186
226000139,0,25,-25
226000156,132,9,123
226000157,232,4,228
226000163,97,111,-14
226000202,13,381,-368
226000231,295,34,261
226000232,56,9,47
227000033,271,48,223
227000036,310,27,283
227000037,293,16,277
227000038,168,28,140
227000084,1,54,-53
227000085,0,47,-47
227000088,44,0,44
227000089,101,1,100
227000090,33,2,31
227000091,12,0,12
227000092,21,3,18
227000093,93,0,93
227000094,11,0,11
227000130,30,55,-25
227000131,38,199,-161
227000132,13,181,-168
227000133,17,213,-196
227000134,19,305,-286
227000152,0,0,0
227000153,0,67,-67
227000154,1,26,-25
227000155,0,15,-15
227000156,0,11,-11
227000165,5,27,-22
227000196,329,270,59
227000199,367,611,-244
227000230,33,431,-398
227000232,706,56,650
227000242,80,498,-418
227000243,474,79,395
227000245,18,328,-310
227000246,92,428,-336
227000247,295,71,224
227000248,182,35,147
227000249,24,171,-147
227000250,478,110,368
227000251,131,155,-24
227000252,41,338,-297
227000253,112,21,91
227000262,336,73,263
227000266,1230,27,1203
227000267,54,1571,-1517
227000282,10,192,-182
227000284,487,40,447
227000286,6,85,-79
227000287,6,192,-186
227000291,17,618,-601
227000296,328,235,93
227000484,276,21,255
227000485,39,858,-819
227000655,188,30,158
227000656,699,48,651
227000657,138,14,124
227000661,382,31,351
229000265,15,52,-37
229000266,0,0,0
229000267,0,0,0
229000268,1,0,1
229000269,6,0,6
229000274,0,5,-5
229000275,1,4,-3
229000276,0,2,-2
229000277,0,1,-1
229000278,0,0,0
229000295,1,2,-1
229000296,55,18,37
229000297,4,44,-40
229000298,11,154,-143
229000320,25,5,20
229000321,60,6,54
229000412,12,51,-39
229000414,6,59,-53
229000415,22,0,22
229000416,0,6,-6
229000417,3,24,-21
229000419,180,290,-110
229000440,438,58,380
229000442,17,10,7
229000443,2,3,-1
229000444,6,20,-14
229000445,83,12,71
229000446,43,15,28
229000491,7,16,-9
229000492,9,120,-111
229000493,7,114,-107
229000494,27,4,23
229000495,85,3,82
229000496,34,2,32
229000507,0,65,-65
229000508,0,43,-43
229000509,1,84,-83
229000510,5,48,-43
229000511,3,50,-47
229000512,0,39,-39
229000513,0,16,-16
229000514,0,7,-7
229000517,6,5,1
229000518,18,24,-6
229000519,0,9,-9
229000520,18,41,-23
229000521,37,16,21
229000522,6,10,-4
229000523,14,8,6
229000524,7,2,5
229000527,4,0,4
229000528,0,0,0
229000529,7,0,7
229000530,55,3,52
229000531,45,0,45
229000532,52,1,51
229000533,66,0,66
229000534,63,2,61
229000564,57,2,55
229000565,16,0,16
229000566,0,9,-9
229000567,0,32,-32
229000582,73,2,71
229000583,5,4,1
229000584,0,27,-27
229000585,3,88,-85
229000718,0,2,-2
229000719,0,1,-1
229000720,0,11,-11
229000721,0,6,-6
229000722,0,9,-9
229000723,0,14,-14
229000724,1,0,1
229000725,0,2,-2
229000738,2,1,1
229000739,5,0,5
229000740,3,0,3
229000741,13,0,13
229000742,14,0,14
229000743,9,0,9
229000744,7,0,7
229000745,6,0,6
229000746,16,0,16
229000847,50,0,50
229000848,18,0,18
229000849,72,0,72
229000851,19,0,19
229000854,0,23,-23
229000856,3,73,-70
229000857,0,28,-28
229000858,0,65,-65
229000919,31,74,-43
229000930,4,350,-346
229000937,114,15,99
229000966,68,22,46
229000981,27,38,-11
229000985,15,32,-17
229000986,0,6,-6
229000987,0,1,-1
229000988,3,10,-7
229000989,7,27,-20
229000990,2,6,-4
229000991,3,1,2
229000992,17,10,7
229000993,191,32,159
229000998,14,87,-73
229000999,64,15,49
229001034,0,21,-21
229001035,4,2,2
229001036,0,7,-7
229001037,54,9,45
229001038,0,0,0
229001039,0,0,0
229001040,0,6,-6
229001041,12,0,12
229001042,10,27,-17
229001047,8,51,-43
229001050,66,57,9
229001168,0,12,-12
229001200,17,5,12
229001338,1,62,-61
229001394,215,2,213
229001422,102,32,70
229001423,39,178,-139
229001431,53,46,7
229001432,76,78,-2
229001444,218,26,192
229001445,36,167,-131
229001479,15,5,10
229001503,107,105,2
229001504,118,187,-69
229001505,92,53,39
229001506,128,176,-48
229001509,51,21,30
229001510,1,5,-4
229001545,76,12,64
229001546,38,120,-82
229001553,94,21,73
229001554,108,126,-18
229001630,65,9,56
229001631,4,35,-31
229001635,1,15,-14
229001636,10,2,8
229001658,1,133,-132
229001659,78,7,71
229001660,14,5,9
229001661,10,26,-16
229001662,10,0,10
229001663,0,46,-46
229002584,240,170,70
229002831,194,156,38
229002841,12,24,-12
229002842,22,34,-12
229002843,97,24,73
229002844,41,56,-15
229002845,6,78,-72
229002846,36,20,16
229002847,1,7,-6
229002848,8,23,-15
229002849,1,56,-55
229002850,25,1,24
229002851,40,129,-89
229002852,203,38,165
229002853,158,19,139
229002854,33,47,-14
229002855,3,18,-15
229002856,44,20,24
229002857,9,80,-71
229002858,29,23,6
229002859,34,26,8
229002860,202,13,189
229002861,293,47,246
229002862,83,44,39
229002863,17,12,5
229002864,30,64,-34
229002865,14,17,-3
229002866,12,23,-11
229002867,1,38,-37
229002868,10,32,-22
229002869,42,131,-89
229002870,64,10,54
235000066,439,85,354
235000067,129,128,1
235000072,31,89,-58
235000073,83,422,-339
235000074,41,56,-15
235000080,32,62,-30
235000081,151,173,-22
235000082,144,83,61
235000083,152,122,30
235000084,52,84,-32
235000085,109,77,32
235000089,36,39,-3
235000092,36,191,-155
235000093,9,8,1
235000097,4,4,0
235000098,58,15,43
235000099,50,26,24
235000116,60,25,35
235000117,841,10,831
235000133,13,419,-406
235000134,10,135,-125
235000206,10,3,7
235000207,1,4,-3
235000208,3,1,2
235000209,6,1,5
235000210,10,2,8
235000212,0,19,-19
235000213,0,4,-4
235000220,0,3,-3
235000221,47,14,33
235000238,13,73,-60
235000239,0,7,-7
235000242,388,453,-65
235000245,407,184,223
235000246,17,86,-69
235000284,8,138,-130
235000295,139,17,122
235000305,332,28,304
235000306,174,5,169
235000307,45,2,43
235000308,45,1,44
235000309,53,2,51
235000310,67,1,66
235000311,190,28,162
235000322,0,31,-31
235000323,0,71,-71
235000324,2,23,-21
235000325,1,19,-18
235000326,11,208,-197
235000351,3,70,-67
235000352,15,56,-41
235000353,4,33,-29
235000354,27,31,-4
235000355,15,62,-47
235000356,613,13,600
235000357,173,12,161
235000358,66,3,63
235000359,11,3,8
235000360,102,16,86
235000361,68,6,62
235000381,89,211,-122
235000382,139,87,52
235000390,15,5,10
235000391,103,40,63
235000392,135,262,-127
235000393,118,148,-30
235000395,129,54,75
235000396,354,116,238
235000400,101,42,59
235000401,51,138,-87
235000405,103,290,-187
235000406,30,252,-222
235000407,122,108,14
235000409,231,167,64
235000410,30,250,-220
235000411,4,73,-69
235000485,0,16,-16
235000486,10,0,10
235000549,133,117,16
235000550,75,137,-62
235000599,105,32,73
235000600,14,19,-5
235000601,13,35,-22
235000602,112,74,38
235000614,0,0,0
235000648,1,21,-20
235000649,31,9,22
235000685,2,8,-6
235000815,9,27,-18
235000834,0,19,-19
235000855,60,55,5
235000862,18,157,-139
235000891,0,12,-12
235000892,22,2,20
235000901,223,115,108
235000907,5,5,0
235001010,81,83,-2
235001029,562,396,166
235001030,336,333,3
235001078,77,107,-30
235001079,61,126,-65
235001147,12,66,-54
235001166,18,92,-74
235001167,27,44,-17
235001169,39,326,-287
235001188,0,8,-8
235001189,2,1,1
235001197,9,20,-11
235001200,53,51,2
235001207,227,30,197
235001210,66,88,-22
235001215,24,85,-61
235001239,0,46,-46
235001244,1,3,-2
235016267,0,82,-82
277101746,0,0,0
277102712,0,0,0
277103813,0,0,0
277103898,0,2,-2
277104249,0,3,-3
277104250,0,3,-3
277104251,0,10,-10
277104252,0,0,0
990011530,1,180,-179
990014944,3,713,-710
990015176,30,1,29
990015618,1,260,-259
990016032,1,482,-481
990032570,13,324,-311
990070001,49,1,48
990070103,0,5,-5
990070601,0,87,-87
990070751,885,9,876
990070766,1,628,-627
990071180,688,273,415
990071343,21,2,19
990071387,0,28,-28
990071823,752,6,746
990072600,5,896,-891
990072964,2,429,-427
990073285,0,4,-4
990074393,4,898,-894
990074870,1316,13,1303
990075106,1814,24,1790
990075746,504,9,495
990076437,1265,3,1262
990076458,2,912,-910
997000007,710,33,677
997000041,0,185,-185
997000058,69,2,67
997000062,101,0,101
997000069,0,6,-6
997000070,0,26,-26
997000100,34,2,32
997000141,18,2553,-2535
997000198,4,1556,-1552
998000475,7,65,-58
998000736,1,208,-207
998000965,0,22,-22
998001031,0,74,-74
998001700,1,43,-42
998001899,0,2,-2
998001900,11,4,7
998003073,1707,3,1704
998101900,0,0,0
998102850,1,227,-226
998501927,1232,649,583
998501929,127,10,117
998501930,61,0,61
998501931,178,67,111
998501932,28,7,21
998501933,67,3,64
998501937,42,0,42
998501944,2,0,2
998501950,0,0,0
998501970,153,51,102
998501971,0,89,-89
998501973,1,97,-96
998501974,3,270,-267
998501975,269,4,265
998501976,59,4,55
998501977,0,35,-35
998501978,48,0,48
998501979,0,21,-21
998501980,174,0,174
998501981,61,7,54
998501982,1,142,-141
998502006,0,0,0
998502024,0,14,-14
998502032,0,6,-6
998502062,20,1,19
998502063,0,0,0
998502173,30,0,30
998502269,1,2,-1
998601159,2,233,-231
998601292,0,15,-15
999033574,1,465,-464
999800001,78,5,73
999800002,0,5,-5
999800003,4,2,2
999800004,0,3,-3
999800005,0,12,-12
