ID,insum,outsum,diff
100000001,481,1066,-585
100000002,3407,2938,469
100000003,5611,5041,570
100000004,1148,1121,27
100000005,2249,4957,-2708
100000006,597,136,461
100000007,1878,815,1063
100000008,212,735,-523
100000009,530,297,233
100000010,83,95,-12
100000011,1033,111,922
100000012,115,862,-747
100000013,55,277,-222
100000014,406,355,51
100000015,1966,2583,-617
100000016,1057,1480,-423
100000017,507,1002,-495
100000018,1229,519,710
100000019,3522,1873,1649
100000020,2073,6030,-3957
100000021,5482,2402,3080
100000022,1541,2662,-1121
100000023,5072,2138,2934
100000025,1510,1444,66
100000028,1779,1176,603
100000029,250,380,-130
100000030,235,76,159
100000031,4724,6466,-1742
100000032,2002,3461,-1459
100000033,918,2304,-1386
100000034,435,585,-150
100000035,1525,1848,-323
100000036,2053,1536,517
100000037,758,484,274
100000038,2052,942,1110
100000039,586,239,347
100000040,218,142,76
100000041,1583,480,1103
100000042,1445,581,864
100000043,1220,398,822
100000044,331,1022,-691
100000045,509,1612,-1103
100000046,1072,885,187
100000047,318,491,-173
100000048,381,600,-219
100000049,1495,1675,-180
100000051,472,939,-467
100000053,233,13,220
100000054,526,43,483
100000055,1694,291,1403
100000056,600,480,120
100000057,2072,588,1484
100000058,1061,1037,24
100000059,20,129,-109
100000060,414,317,97
100000061,2680,552,2128
100000062,1853,651,1202
100000063,892,272,620
100000064,1330,272,1058
100000065,453,760,-307
100000066,202,540,-338
100000067,427,697,-270
100000068,512,1621,-1109
100000069,311,1283,-972
100000072,264,910,-646
100000073,957,1055,-98
100000075,659,266,393
100000076,2099,3024,-925
100000077,203,205,-2
100000078,36,48,-12
100000079,46,47,-1
100000080,24,48,-24
100000081,160,209,-49
100000102,2567,2339,228
100000103,2964,1886,1078
100000104,4300,2853,1447
100000105,2662,1816,846
100000106,2616,2618,-2
100000107,718,1152,-434
100000108,783,1029,-246
100000109,2560,1264,1296
100000116,1586,1186,400
100000117,79,116,-37
100000118,1377,1421,-44
100000119,606,820,-214
100000121,284,412,-128
100000122,828,1048,-220
100000123,2611,4432,-1821
100000124,5090,7009,-1919
100000125,3951,2087,1864
100000126,745,483,262
100000127,1514,358,1156
100000128,1596,2857,-1261
100000129,434,437,-3
100000130,422,449,-27
100000131,2227,2607,-380
100000132,1241,3467,-2226
100000133,4605,2326,2279
100000135,594,1284,-690
100000139,475,422,53
100000140,411,423,-12
100000142,525,631,-106
100000143,726,383,343
100000144,2850,807,2043
100000147,1220,3251,-2031
100000150,52,348,-296
100000151,1252,1311,-59
100000153,249,493,-244
100000154,46,288,-242
100000155,29,53,-24
100000156,513,458,55
100000157,151,139,12
100000158,346,127,219
100000159,257,679,-422
100000165,1616,916,700
100000169,408,716,-308
100000174,891,756,135
100000179,90,513,-423
100000180,1338,1927,-589
100000181,669,288,381
100000188,91,266,-175
100000189,901,381,520
100000190,774,1135,-361
100000191,777,635,142
100000192,61,176,-115
100000193,319,182,137
100000330,1272,927,345
100000355,228,709,-481
100000362,4460,2966,1494
100000363,4680,4500,180
100000364,323,339,-16
100000365,6279,7585,-1306
100000366,6311,3759,2552
100000367,6062,7427,-1365
100000368,2711,1532,1179
100000369,1255,2156,-901
100000370,280,923,-643
100000376,90,164,-74
100000379,2247,1763,484
100000380,4451,4601,-150
100000384,5932,5849,83
100000385,4283,4918,-635
100000386,7604,5559,2045
100000387,5217,6367,-1150
100000388,7110,7556,-446
100000389,8172,7227,945
100000390,8929,7539,1390
100000391,6962,9804,-2842
100000392,3771,4609,-838
100000393,3144,5809,-2665
100000394,8321,9462,-1141
100000395,6569,4879,1690
100000396,8079,3972,4107
100000397,5733,7607,-1874
100000398,10585,8607,1978
100900002,19,34,-15
100900003,357,174,183
100900004,15,911,-896
100900005,115,20,95
100900006,33,77,-44
100900007,504,18,486
100900008,1,387,-386
100900009,79,175,-96
100900010,147,81,66
100900011,149,140,9
100900012,0,163,-163
100900013,799,17,782
100900014,2,26,-24
100900015,112,92,20
100900016,7,29,-22
100900017,859,100,759
100900018,0,19,-19
100900019,53,124,-71
100900020,329,4,325
100900021,378,3,375
100900022,17,44,-27
100900023,4,28,-24
100900024,743,7,736
100900025,19,13,6
100900026,129,108,21
100900027,598,2340,-1742
100900028,131,215,-84
100900029,50,12,38
100900030,0,93,-93
100900031,514,75,439
100900032,235,1,234
100900033,313,269,44
100900034,508,4,504
100900035,509,0,509
100900036,8,2,6
100900037,131,157,-26
100900038,104,44,60
100900039,300,490,-190
100900040,397,607,-210
100900041,1001,608,393
100900042,1483,1543,-60
100900043,0,29,-29
100900044,1829,493,1336
100900045,17,0,17
100900046,1092,25,1067
100900047,781,253,528
100900048,194,45,149
100900049,73,162,-89
100900050,4,9,-5
100900051,115,145,-30
100900052,435,65,370
100900053,418,13,405
100900054,10,52,-42
100900055,326,736,-410
100900056,156,206,-50
100900057,1649,1168,481
100900058,356,72,284
100900059,125,8,117
100900060,200,9,191
100900061,351,205,146
100900062,5,41,-36
100900063,276,580,-304
100900064,664,23,641
100900065,107,118,-11
100900066,118,165,-47
100900067,1,11,-10
100900068,219,92,127
100900069,355,7,348
100900070,393,9,384
100900071,711,318,393
100900072,3,23,-20
100900073,140,385,-245
100900074,4,1,3
100900075,1746,441,1305
100900076,22,49,-27
100900077,30,77,-47
100900078,109,347,-238
100900079,19,14,5
100900080,44,153,-109
100900081,21,118,-97
100900082,134,366,-232
100900083,17,27,-10
100900085,11,395,-384
100900086,134,635,-501
100900088,124,398,-274
100900089,4,18,-14
100900090,108,501,-393
100900091,5,28,-23
100900092,285,195,90
100900093,322,237,85
100900094,182,405,-223
100900095,7,9,-2
100900096,59,126,-67
100900097,0,2,-2
100900098,17,18,-1
100900099,40,481,-441
100900100,34,628,-594
100900101,292,51,241
100900102,86,148,-62
100900103,9,17,-8
100900104,11,182,-171
100900105,56,614,-558
100900106,39,11,28
100900107,1883,781,1102
100900108,7,84,-77
100900109,19,38,-19
100900110,7,26,-19
100900111,48,157,-109
100900112,4,16,-12
100900113,18,36,-18
100900114,10,12,-2
100900115,5,30,-25
100900116,805,651,154
100900117,353,940,-587
100900118,285,171,114
100900119,12,9,3
100900120,7,6,1
100900121,390,623,-233
100900122,179,190,-11
100900123,88,216,-128
100900124,10,7,3
100900125,18,53,-35
100900126,180,268,-88
100900127,4,4,0
100900128,90,167,-77
100900129,0,170,-170
100900131,76,281,-205
100900133,52,78,-26
100900134,1,5,-4
100900135,0,183,-183
100900137,404,214,190
100900138,548,515,33
100900139,4,4,0
100900140,7,536,-529
100900141,2,572,-570
100900142,1,18,-17
100900143,747,439,308
100900144,21,9,12
100900145,160,229,-69
100900146,1,74,-73
100900147,9,540,-531
100900148,32,471,-439
100900149,25,201,-176
100900150,6,33,-27
100900151,130,475,-345
100900152,213,7,206
100900153,8,187,-179
100900154,63,152,-89
100900155,21,26,-5
100900156,39,5,34
100900157,11,232,-221
100900158,544,166,378
100900159,0,54,-54
100900160,18,6,12
100900161,57,12,45
100900162,25,593,-568
100900163,177,162,15
100900164,29,62,-33
100900165,5,25,-20
100900166,9,1,8
100900167,15,86,-71
100900168,37,193,-156
100900169,139,949,-810
100900170,47,7,40
100900171,12,430,-418
100900172,0,16,-16
100900173,4,322,-318
100900174,454,41,413
100900176,1709,236,1473
100900177,634,309,325
100900178,243,159,84
100900179,196,501,-305
100900180,2,8,-6
100900181,72,59,13
100900182,39,59,-20
100900184,19,107,-88
100900186,610,455,155
100900187,16,89,-73
100900188,63,11,52
100900189,1376,244,1132
100900191,1107,1183,-76
100900192,226,441,-215
100900195,135,127,8
100900197,45,56,-11
100900198,33,175,-142
100900199,13,12,1
100900200,673,403,270
100900201,119,714,-595
100900202,59,0,59
100900203,0,158,-158
100900204,300,786,-486
100900205,202,563,-361
100900206,211,89,122
100900207,290,153,137
100900210,46,417,-371
100900211,590,186,404
100900213,184,28,156
100900214,777,97,680
100900215,29,52,-23
101000001,3823,2184,1639
101000002,5418,5851,-433
101000003,517,1386,-869
101000004,7463,6508,955
101000005,4317,5212,-895
101000006,6163,6494,-331
101000007,3125,3993,-868
101000008,3003,2475,528
101000009,1977,1339,638
101000010,967,911,56
101000011,1400,543,857
101000012,1324,816,508
101000013,692,1173,-481
101000014,455,599,-144
101000015,1355,818,537
101000016,309,486,-177
101000017,570,469,101
101000018,2638,2312,326
101000020,2332,1039,1293
101000021,828,412,416
101000022,354,142,212
101000023,1407,662,745
101000025,273,386,-113
101000026,263,32,231
101000027,2409,2711,-302
101000028,33,55,-22
101000029,265,1801,-1536
101000030,2117,165,1952
101000031,1295,1116,179
101000032,9231,5017,4214
101000033,2370,3896,-1526
101000034,2323,1772,551
101000035,956,439,517
101000036,1650,949,701
101000037,2811,1867,944
101000039,2035,3107,-1072
101000040,3125,3789,-664
101000041,10548,9346,1202
101000042,701,1530,-829
101000043,8076,9048,-972
101000045,1904,1033,871
101000046,4313,1966,2347
101000047,2561,4818,-2257
101000048,815,699,116
101000049,841,2335,-1494
101000050,2562,2951,-389
101000051,2149,3230,-1081
101000052,1507,1352,155
101000053,1163,1446,-283
101000054,2422,1377,1045
101000055,1313,1488,-175
101000056,42,111,-69
101000057,1961,1194,767
101000058,1215,1344,-129
101000059,2022,2195,-173
101000060,1637,679,958
101000061,942,1322,-380
101000062,878,731,147
101000063,490,919,-429
101000064,875,1006,-131
101000065,406,417,-11
101000066,1023,953,70
101000067,1327,1039,288
101000068,317,531,-214
101000069,373,129,244
101000070,1152,1146,6
101000071,1852,941,911
101000072,921,3635,-2714
101000073,904,1318,-414
101000074,6442,4531,1911
101000075,5394,6266,-872
101000077,1549,1243,306
101000078,985,1938,-953
101000079,678,364,314
101000080,474,606,-132
101000081,1935,1695,240
101000082,3193,2924,269
101000083,2742,2356,386
101000084,1420,732,688
101000085,1513,1254,259
101000086,1114,1056,58
101000087,988,931,57
101000088,1401,1184,217
101000089,1210,1447,-237
101000090,1895,1173,722
101000091,442,772,-330
101000092,1129,946,183
101000093,1373,856,517
101000094,1012,1025,-13
101000095,493,593,-100
101000096,380,535,-155
101000097,532,445,87
101000098,444,506,-62
101000099,1069,1169,-100
101000100,941,821,120
101000101,406,400,6
101000102,798,493,305
101000103,878,572,306
101000104,345,618,-273
101000105,451,401,50
101000106,744,817,-73
101000107,268,343,-75
101000108,778,287,491
101000109,347,71,276
101000110,62,442,-380
101000111,125,202,-77
101000113,220,746,-526
101000114,9549,8237,1312
101000115,128,109,19
101000116,123,128,-5
101000117,1389,240,1149
101000119,68,59,9
101000120,149,48,101
101000121,84,63,21
101000122,128,140,-12
101000123,58,136,-78
101000124,614,272,342
101000125,211,444,-233
101000128,641,525,116
101000130,276,334,-58
101000131,837,471,366
101000132,733,843,-110
101000135,44,48,-4
101000136,562,186,376
101000137,26,392,-366
101000141,1326,3224,-1898
101000147,556,296,260
101000148,1144,46,1098
101000149,149,255,-106
101000150,110,545,-435
101000151,197,43,154
101000152,337,306,31
101000153,626,273,353
101000154,308,885,-577
101000155,429,142,287
101000156,9,290,-281
101000157,62,24,38
101000160,75,23,52
101000163,249,393,-144
101000164,390,288,102
101000165,287,366,-79
101000166,341,358,-17
101000168,857,457,400
101000252,2026,878,1148
101000254,514,181,333
101000258,24,6,18
101000261,130,55,75
101000262,1159,2385,-1226
101000263,455,1542,-1087
101000265,77,763,-686
101000266,380,342,38
101000269,28,20,8
101000290,1369,2497,-1128
101000293,43,71,-28
101000294,721,459,262
101000295,146,496,-350
101000301,617,542,75
101000304,1859,2352,-493
101000305,2720,1485,1235
101900001,17,54,-37
101900002,0,8,-8
101900003,41,75,-34
101900004,5,67,-62
101900005,3192,2544,648
101900006,1161,85,1076
101900007,887,281,606
101900008,89,318,-229
101900009,86,439,-353
101900010,854,671,183
101900011,260,1249,-989
101900012,278,339,-61
101900013,827,238,589
101900017,19,139,-120
101900018,855,265,590
101900019,228,135,93
101900020,323,128,195
101900021,3,47,-44
101900022,143,816,-673
101900023,189,180,9
102000001,2335,4465,-2130
102000002,2375,841,1534
102000003,3372,7807,-4435
102000004,6243,3255,2988
102000005,1336,1987,-651
102000006,1224,1937,-713
102000007,1749,4243,-2494
102000008,3800,1440,2360
102000009,6338,7569,-1231
102000010,5222,3321,1901
102000011,3300,2928,372
102000012,2790,2847,-57
102000018,2821,2694,127
102000019,2123,1543,580
102000026,183,487,-304
102000029,337,226,111
102000030,123,321,-198
102000031,80,127,-47
102000032,492,318,174
102000033,268,369,-101
102000034,605,398,207
102000035,1070,708,362
102000036,8,249,-241
102000037,164,49,115
102000038,241,327,-86
102000039,238,91,147
102000040,504,296,208
102000041,202,410,-208
102000042,239,403,-164
102000043,358,210,148
102000044,331,433,-102
102000045,652,794,-142
102000046,921,547,374
102000047,765,953,-188
102000048,362,634,-272
102000049,1074,753,321
102000050,1118,1192,-74
102000051,480,664,-184
102000052,1249,834,415
102000053,1005,960,45
102000054,633,1056,-423
102000055,1265,530,735
102000056,933,1065,-132
102000057,1590,598,992
102000058,1265,1321,-56
102000059,1494,1298,196
102000060,1074,865,209
102000061,1700,1710,-10
102000062,1728,907,821
102000063,1042,1177,-135
102000064,473,634,-161
102000065,44,126,-82
102000066,831,881,-50
102000067,1977,2834,-857
102000068,7955,2462,5493
102000069,88,1634,-1546
102000070,1357,52,1305
102000071,6207,7950,-1743
102000072,3275,3736,-461
102000073,1412,1082,330
102000074,765,1196,-431
102000075,144,305,-161
102000076,209,407,-198
102000077,680,723,-43
102000078,825,666,159
102000079,185,269,-84
102000080,253,233,20
102000081,343,710,-367
102000082,656,403,253
102000083,600,295,305
102000084,271,237,34
102000085,1719,967,752
102000086,1204,1002,202
102000087,842,1412,-570
102000088,259,318,-59
102000089,1194,367,827
102000090,607,1176,-569
102000091,1412,594,818
102000092,424,785,-361
102000093,495,665,-170
102000094,1067,719,348
102000095,1037,1275,-238
102000096,978,898,80
102000097,1052,960,92
102000098,578,927,-349
102000099,985,810,175
102000100,689,1216,-527
102000101,1091,821,270
102000102,307,1239,-932
102000103,1499,502,997
102000104,577,304,273
102000105,292,431,-139
102000106,845,569,276
102000107,1346,521,825
102000108,552,179,373
102000109,430,532,-102
102000110,1060,982,78
102000111,12,190,-178
102000112,123,106,17
102000113,24,24,0
102000114,606,328,278
102000115,240,255,-15
102000116,764,671,93
102000117,208,1080,-872
102000118,1369,1120,249
102000119,1427,1098,329
102000120,187,484,-297
102000121,1038,533,505
102000122,708,890,-182
102000123,1202,1208,-6
102000124,1464,1101,363
102000125,882,828,54
102000126,739,713,26
102000127,1251,722,529
102000128,796,1012,-216
102000129,1472,755,717
102000130,671,842,-171
102000131,1777,745,1032
102000132,649,1098,-449
102000133,1973,1484,489
102000134,744,756,-12
102000135,704,829,-125
102000136,1010,648,362
102000137,945,912,33
102000138,221,394,-173
102000139,85,485,-400
102000140,289,478,-189
102000141,310,601,-291
102000142,389,357,32
102000143,158,378,-220
102000144,337,387,-50
102000145,346,407,-61
102000146,499,393,106
102000147,614,429,185
102000148,185,399,-214
102000149,139,349,-210
102000150,444,129,315
102000151,100,232,-132
102000152,216,121,95
102000153,1122,527,595
102000154,295,581,-286
102000155,119,309,-190
102000156,336,158,178
102000157,111,433,-322
102000158,325,346,-21
102000159,1063,464,599
102000161,3718,2236,1482
102000162,166,139,27
102000163,94,638,-544
102000164,1019,1270,-251
102000165,289,168,121
102000166,50,175,-125
102000167,273,223,50
102000168,292,160,132
102000169,127,374,-247
102000170,507,365,142
102000171,385,437,-52
102000172,353,544,-191
102000173,447,343,104
102000174,70,74,-4
102000175,132,102,30
102000176,70,41,29
102000178,232,412,-180
102000179,367,183,184
102000180,906,414,492
102000181,796,465,331
102000182,552,487,65
102000183,1642,1540,102
102000184,1738,741,997
102000185,2718,1251,1467
102000186,1233,1621,-388
102000187,801,1263,-462
102000188,1047,1257,-210
102000189,2197,732,1465
102000190,676,2475,-1799
102000191,1247,477,770
102000192,1144,1332,-188
102000193,102,121,-19
102000194,84,107,-23
102000195,428,414,14
102000196,243,337,-94
102000197,716,340,376
102000198,179,818,-639
102000199,933,332,601
102000200,282,1006,-724
102000201,1077,390,687
102000202,5,99,-94
102000203,346,177,169
102000204,496,561,-65
102000205,1150,415,735
102000206,696,490,206
102000207,665,434,231
102000208,370,464,-94
102000209,71,57,14
102000210,402,390,12
102000211,490,312,178
102000212,361,18,343
102000213,11,290,-279
102000214,256,6,250
102000215,7,335,-328
102000216,78,81,-3
102000217,4,141,-137
102000218,255,156,99
102000219,339,309,30
102000225,476,605,-129
102000226,4050,1451,2599
102000227,174,1,173
102000228,3,101,-98
102000229,32,29,3
102000230,274,406,-132
102000231,288,345,-57
102000232,28,131,-103
102000233,433,608,-175
102000234,105,1060,-955
102000236,284,73,211
102000237,326,139,187
102000238,153,219,-66
102000240,468,618,-150
102000241,212,130,82
102000243,25,72,-47
102000245,40,75,-35
102000246,12,51,-39
102000247,199,457,-258
102000248,187,502,-315
102000249,128,139,-11
102000250,62,380,-318
102000254,99,261,-162
102000266,40,335,-295
102000271,28,1,27
102000286,405,397,8
102000297,1683,949,734
102000299,0,0,0
102000302,0,0,0
102000305,0,1,-1
102000306,0,0,0
102000307,0,4,-4
102000308,0,0,0
102900001,1232,711,521
102900002,354,47,307
102900003,64,154,-90
102900005,430,258,172
102900006,527,149,378
102900007,527,20,507
102900008,216,55,161
102900009,586,424,162
102900010,409,617,-208
102900011,1557,328,1229
102900012,361,56,305
102900013,43,58,-15
102900015,764,602,162
102900016,48,99,-51
102900017,183,414,-231
102900018,48,85,-37
102900019,428,425,3
102900020,176,27,149
102900021,33,62,-29
102900022,552,190,362
102900023,32,33,-1
102900024,55,52,3
102900025,185,99,86
102900026,395,2033,-1638
102900027,55,48,7
102900028,171,732,-561
102900029,156,157,-1
102900030,352,282,70
102900031,216,138,78
102900032,120,147,-27
102900033,106,171,-65
102900034,573,83,490
102900035,164,269,-105
102900036,310,424,-114
102900037,274,471,-197
102900038,386,508,-122
102900039,30,564,-534
102900040,162,283,-121
102900041,82,133,-51
102900042,239,241,-2
102900043,145,241,-96
102900044,595,1433,-838
102900045,144,423,-279
102900046,151,232,-81
102900047,88,539,-451
102900048,525,469,56
102900049,129,357,-228
102900050,181,272,-91
102900051,216,181,35
102900052,57,52,5
102900053,429,599,-170
102900054,680,1128,-448
102900055,112,155,-43
102900056,121,372,-251
102900057,12,59,-47
102900058,323,68,255
102900059,17,56,-39
102900060,138,379,-241
102900061,184,352,-168
102900062,283,698,-415
102900063,1334,408,926
102900064,176,378,-202
102900065,1184,500,684
102900066,342,36,306
102900068,120,70,50
102900070,225,480,-255
102900072,20,53,-33
102900073,99,13,86
102900074,249,290,-41
102900075,21,52,-31
102900076,123,134,-11
102900077,63,42,21
102900078,28,61,-33
102900079,177,9,168
102900080,382,49,333
102900081,99,283,-184
102900082,10,171,-161
102900083,216,14,202
102900084,5,33,-28
102900085,342,146,196
102900086,13,62,-49
102900087,119,125,-6
102900088,31,36,-5
102900089,203,103,100
102900090,2,332,-330
102900091,191,5,186
102900092,395,596,-201
102900093,226,297,-71
102900094,4,132,-128
102900095,140,3,137
102900096,69,16,53
102900097,19,103,-84
103000001,2451,2492,-41
103000002,2070,2399,-329
103000003,3499,2828,671
103000004,832,623,209
103000005,1693,2373,-680
103000006,693,1291,-598
103000007,370,604,-234
103000008,965,639,326
103000009,1237,970,267
103000010,140,91,49
103000011,1463,1243,220
103000012,1591,1420,171
103000013,3827,1981,1846
103000014,1592,2630,-1038
103000015,1531,629,902
103000016,430,1286,-856
103000017,199,357,-158
103000018,681,269,412
103000019,242,296,-54
103000020,2309,1365,944
103000021,1965,1685,280
103000022,741,1047,-306
103000023,621,1751,-1130
103000024,87,114,-27
103000025,92,645,-553
103000026,851,99,752
103000027,259,605,-346
103000028,368,370,-2
103000029,265,204,61
103000030,1389,1079,310
103000031,1164,1796,-632
103000032,2243,1594,649
103000033,3028,2683,345
103000034,1680,1146,534
103000035,525,1430,-905
103000036,392,531,-139
103000037,646,510,136
103000038,589,1133,-544
103000039,463,332,131
103000040,467,783,-316
103000041,1489,1914,-425
103000042,1264,439,825
103000043,577,835,-258
103000044,247,142,105
103000046,379,420,-41
103000047,555,599,-44
103000048,196,225,-29
103000049,103,178,-75
103000050,630,427,203
103000051,503,506,-3
103000052,758,338,420
103000053,176,710,-534
103000054,2659,1303,1356
103000055,1759,2103,-344
103000056,704,1269,-565
103000057,778,258,520
103000058,698,777,-79
103000059,457,744,-287
103000060,824,587,237
103000061,414,895,-481
103000062,1189,457,732
103000063,820,836,-16
103000064,173,171,2
103000065,4,334,-330
103000066,222,13,209
103000069,546,304,242
103000070,986,685,301
103000071,1214,572,642
103000072,113,706,-593
103000073,650,131,519
103000074,725,81,644
103000075,114,566,-452
103000076,396,368,28
103000077,43,312,-269
103000078,851,586,265
103000079,608,520,88
103000080,923,364,559
103000081,476,972,-496
103000082,613,200,413
103000083,131,265,-134
103000084,130,12,118
103000085,4,82,-78
103000086,541,400,141
103000087,203,479,-276
103000088,226,317,-91
103000089,262,438,-176
103000090,1772,682,1090
103000091,547,397,150
103000092,280,284,-4
103000093,267,356,-89
103000094,248,116,132
103000095,78,314,-236
103000096,618,107,511
103000097,102,710,-608
103000098,863,196,667
103000099,320,749,-429
103000100,129,682,-553
103000101,913,146,767
103000102,128,488,-360
103000103,740,149,591
103000104,45,83,-38
103000105,146,64,82
103000106,12,145,-133
103000107,200,39,161
103000108,631,515,116
103000109,368,352,16
103000110,436,430,6
103000111,475,433,42
103000112,364,179,185
103000113,668,572,96
103000114,1278,415,863
103000115,610,372,238
103000116,569,347,222
103000117,329,425,-96
103000118,568,624,-56
103000119,927,566,361
103000120,63,111,-48
103000121,148,428,-280
103000122,344,407,-63
103000125,10,207,-197
103000126,612,3,609
103000127,5,139,-134
103000128,167,2,165
103000129,2,105,-103
103000130,66,24,42
103000131,98,83,15
103000132,101,120,-19
103000133,14,90,-76
103000134,420,804,-384
103000135,516,232,284
103000136,672,406,266
103000137,554,590,-36
103000138,710,702,8
103000139,4,60,-56
103000140,111,26,85
103000141,56,116,-60
103000142,143,65,78
103000143,55,197,-142
103000144,242,68,174
103000145,35,197,-162
103000150,87,41,46
103000152,174,232,-58
103000153,189,125,64
103000156,7,201,-194
103000157,400,4,396
103000159,154,44,110
103000162,42,13,29
103000163,13,35,-22
103000164,20,5,15
103000165,106,204,-98
103000166,173,280,-107
103000167,231,74,157
103000168,132,154,-22
103000169,211,412,-201
103000170,761,357,404
103000171,41,104,-63
103000172,766,738,28
103000173,589,311,278
103000174,214,278,-64
103000175,358,252,106
103000176,886,567,319
103000177,510,383,127
103000178,261,308,-47
103000179,223,48,175
103000183,153,25,128
103000185,104,45,59
103000186,121,105,16
103000187,642,281,361
103000188,11,72,-61
103000189,718,635,83
103000191,648,582,66
103000292,1299,1514,-215
103000293,905,2562,-1657
103000295,102,107,-5
103000296,198,3,195
103000297,34,63,-29
103000504,68,12,56
103000505,6,10,-4
103000506,2,154,-152
103000507,221,2,219
103000508,46,87,-41
103000509,240,511,-271
103900001,8,195,-187
103900002,1033,172,861
103900003,1373,183,1190
103900004,141,2,139
103900005,0,199,-199
103900006,2,0,2
103900007,35,2,33
103900008,20,4,16
103900009,293,524,-231
103900010,125,426,-301
103900011,357,169,188
103900012,11,26,-15
103900013,75,62,13
103900014,74,17,57
103900015,80,12,68
103900016,297,216,81
103900017,39,92,-53
103900018,460,188,272
103900019,60,324,-264
103900020,179,552,-373
103900021,480,39,441
103900022,955,514,441
103900023,193,1,192
103900024,93,384,-291
103900025,13,26,-13
103900026,78,0,78
103900027,795,222,573
103900028,22,280,-258
103900029,1018,107,911
103900030,240,91,149
103900031,34,3,31
103900032,116,55,61
103900033,99,16,83
103900034,18,87,-69
103900035,77,55,22
103900036,55,35,20
103900037,104,61,43
103900038,114,162,-48
103900039,80,286,-206
103900040,7,166,-159
103900041,61,60,1
103900042,69,295,-226
103900043,172,63,109
103900044,86,222,-136
103900045,380,164,216
103900047,113,31,82
103900048,47,33,14
103900049,157,1350,-1193
103900050,19,151,-132
103900051,1,40,-39
103900052,237,333,-96
103900053,166,463,-297
103900054,106,320,-214
103900055,444,191,253
103900056,51,60,-9
103900057,41,122,-81
103900058,309,556,-247
103900059,0,18,-18
103900060,66,139,-73
103900061,184,41,143
103900062,310,104,206
103900063,9,0,9
103900064,107,2,105
103900065,755,420,335
103900066,179,27,152
103900067,197,9,188
103900068,18,0,18
103900069,81,15,66
103900070,152,158,-6
103900071,14,76,-62
103900072,18,168,-150
103900073,52,35,17
103900074,84,52,32
103900075,141,85,56
103900076,495,472,23
103900077,60,100,-40
103900078,405,83,322
103900079,153,186,-33
103900080,14,43,-29
103900081,70,39,31
103900082,21,124,-103
103900083,1123,1085,38
103900084,71,159,-88
103900085,93,115,-22
103900086,729,463,266
103900087,41,72,-31
103900088,326,557,-231
103900089,47,118,-71
103900090,2,109,-107
103900091,1099,279,820
103900092,611,466,145
103900093,68,255,-187
103900094,30,117,-87
103900095,303,211,92
103900096,53,109,-56
103900097,16,418,-402
103900098,247,105,142
103900099,137,103,34
103900100,275,301,-26
103900101,69,922,-853
103900102,2,23,-21
103900104,4,22,-18
103900105,86,172,-86
103900106,0,53,-53
103900107,145,171,-26
103900108,39,265,-226
103900109,151,64,87
103900110,226,54,172
103900111,125,462,-337
103900112,130,196,-66
103900113,98,228,-130
103900114,368,284,84
103900115,320,245,75
103900116,4258,2763,1495
103900117,94,64,30
103900119,52,81,-29
103900120,36,84,-48
103900122,100,195,-95
103900123,1003,546,457
103900124,32,18,14
103900125,78,49,29
103900126,562,293,269
103900127,186,366,-180
103900128,184,127,57
103900131,31,94,-63
103900133,1096,47,1049
103900134,1,3,-2
103900135,1,11,-10
103900137,1,24,-23
103900138,54,176,-122
103900139,185,1928,-1743
103900140,3,118,-115
103900141,277,58,219
103900142,217,144,73
103900143,81,2,79
103900144,2,46,-44
103900145,190,254,-64
103900146,305,220,85
103900147,367,173,194
103900148,261,340,-79
103900149,303,574,-271
103900150,5694,3874,1820
103900151,38,150,-112
103900152,532,405,127
103900153,9,6,3
103900154,657,1491,-834
103900155,51,182,-131
103900156,49,142,-93
103900157,56,123,-67
103900158,109,131,-22
103900159,195,72,123
103900160,55,28,27
103900161,112,135,-23
103900162,66,197,-131
103900163,9,471,-462
103900164,284,42,242
103900167,22,136,-114
103900168,109,115,-6
103900169,56,48,8
103900170,3,82,-79
103900171,3,45,-42
103900172,9,17,-8
103900173,11,22,-11
103900174,271,64,207
103900175,74,76,-2
103900176,9,24,-15
103900177,10,57,-47
103900178,53,51,2
103900179,67,80,-13
103900180,7,80,-73
103900181,32,52,-20
103900182,29,19,10
103900184,348,100,248
103900185,125,385,-260
103900187,21,73,-52
103900188,34,24,10
103900189,114,10,104
103900190,69,58,11
103900191,31,52,-21
103900192,20,98,-78
103900193,110,165,-55
103900194,86,206,-120
103900195,2,78,-76
103900196,91,44,47
103900197,16,34,-18
103900198,30,53,-23
103900199,133,37,96
103900200,167,82,85
103900201,145,173,-28
103900202,23,74,-51
103900203,22,26,-4
103900204,1,75,-74
103900207,0,83,-83
103900208,113,1,112
103900209,7,113,-106
103900210,45,30,15
103900211,590,307,283
103900212,113,377,-264
103900213,66,222,-156
103900214,231,200,31
103900215,292,248,44
103900216,16,602,-586
103900217,342,57,285
103900218,0,151,-151
103900219,148,209,-61
103900233,138,9,129
103900235,26,33,-7
103900236,5,0,5
103900242,1,13,-12
103900243,1,3,-2
103900244,136,150,-14
103900245,112,144,-32
103900246,50,45,5
103900247,11,80,-69
103900248,6,49,-43
103900249,32,24,8
103900250,28,28,0
103900251,1,17,-16
103900253,7,60,-53
103900254,0,15,-15
103900255,4,11,-7
103900256,7,26,-19
103900257,3,92,-89
103900258,45,3,42
103900259,67,5,62
103900261,6,6,0
103900262,18,5,13
103900263,31,35,-4
103900264,56,38,18
103900265,55,15,40
103900266,4,114,-110
103900267,9,35,-26
104000001,2243,1915,328
104000002,1625,2204,-579
104000003,2208,1989,219
104000004,2430,2407,23
104000005,1412,1764,-352
104000006,2992,2286,706
104000007,4011,3726,285
104000008,220,238,-18
104000009,194,107,87
104000010,172,275,-103
104000011,393,249,144
104000012,152,299,-147
104000013,271,191,80
104000014,182,511,-329
104000015,369,113,256
104000016,526,292,234
104000018,889,181,708
104000019,646,241,405
104000020,145,440,-295
104000021,203,434,-231
104000022,103,219,-116
104000023,731,314,417
104000024,227,320,-93
104000026,28,290,-262
104000027,235,167,68
104000028,327,251,76
104000029,311,262,49
104000030,256,218,38
104000031,1386,394,992
104000032,241,233,8
104000033,716,468,248
104000034,371,250,121
104000035,916,364,552
104000036,742,512,230
104000037,322,184,138
104000038,422,228,194
104000039,231,188,43
104000040,223,298,-75
104000041,465,228,237
104000042,169,233,-64
104000043,186,331,-145
104000044,233,438,-205
104000045,891,792,99
104000046,919,1146,-227
104000047,828,986,-158
104000048,1072,1247,-175
104000049,467,245,222
104000050,220,566,-346
104000051,101,511,-410
104000052,1427,1580,-153
104000053,769,396,373
104000054,513,309,204
104000055,3681,2404,1277
104000056,1028,224,804
104000057,128,383,-255
104000058,722,587,135
104000059,521,864,-343
104000060,1097,1179,-82
104000061,1146,1024,122
104000062,483,110,373
104000064,461,309,152
104000065,226,680,-454
104000069,969,1145,-176
104000070,59,519,-460
104000071,88,384,-296
104000072,582,174,408
104000075,122,238,-116
104000076,441,137,304
104000082,2333,3303,-970
104000083,827,173,654
104000084,102,569,-467
104000085,250,343,-93
104000086,183,396,-213
104000087,376,2341,-1965
104000090,805,936,-131
104000092,1292,1627,-335
104000094,865,1322,-457
104000095,1695,1119,576
104000096,1533,140,1393
104000097,1697,753,944
104000098,2167,829,1338
104000100,1780,602,1178
104000101,1042,1438,-396
104000106,42,556,-514
104000107,708,312,396
104000108,244,427,-183
104000109,301,76,225
104000110,784,1056,-272
104000111,3626,2566,1060
104000112,1973,571,1402
104000116,2,836,-834
104000117,164,495,-331
104000118,640,167,473
104000119,613,227,386
104000120,247,592,-345
104000121,173,603,-430
104000122,546,711,-165
104000123,695,774,-79
104000124,747,1735,-988
104000125,2982,4438,-1456
104000126,516,370,146
104000127,1201,2077,-876
104000128,611,445,166
104000129,90,0,90
104000130,1,255,-254
104000131,478,328,150
104000132,343,403,-60
104000133,1358,789,569
104000134,967,1620,-653
104000135,407,2061,-1654
104000136,744,4435,-3691
104000137,1494,479,1015
104000138,862,287,575
104000139,5393,2908,2485
104000141,1018,1123,-105
104000142,552,589,-37
104000143,494,442,52
104000144,111,167,-56
104000145,344,222,122
104000146,259,410,-151
104000147,111,229,-118
104000148,387,161,226
104000149,173,195,-22
104000150,962,465,497
104000151,321,402,-81
104000152,583,531,52
104000153,634,494,140
104000154,747,454,293
104000155,434,472,-38
104000157,926,1020,-94
104000158,329,509,-180
104000159,808,473,335
104000160,1725,1800,-75
104000161,127,173,-46
104000162,44,106,-62
104000165,824,820,4
104000167,594,914,-320
104000168,553,9,544
104000169,123,55,68
104000170,399,689,-290
104000248,243,536,-293
104000251,60,197,-137
104000272,0,0,0
104000273,0,0,0
104000274,0,0,0
104000275,0,0,0
104000279,728,460,268
104000290,103,265,-162
104000291,463,1029,-566
104000293,678,569,109
104000294,49,0,49
104000295,503,698,-195
104000296,315,637,-322
104000297,668,1616,-948
104000298,1730,752,978
104000299,620,1183,-563
104900001,149,306,-157
104900002,80,166,-86
104900003,56,237,-181
104900004,134,231,-97
104900005,250,322,-72
104900006,376,118,258
104900007,328,224,104
104900009,158,270,-112
104900010,81,69,12
104900011,14,22,-8
104900012,274,40,234
104900013,171,15,156
104900014,2236,349,1887
104900015,115,9,106
104900016,235,195,40
104900017,211,172,39
104900018,8,159,-151
104900019,278,2658,-2380
104900020,53,213,-160
104900021,1,89,-88
104900022,15,97,-82
104900023,1,76,-75
104900024,31,94,-63
104900025,64,210,-146
104900026,3,65,-62
104900027,509,338,171
104900028,16,95,-79
104900029,33,77,-44
104900030,562,213,349
104900031,89,212,-123
104900032,36,109,-73
104900033,246,251,-5
104900034,364,139,225
104900035,367,178,189
104900036,258,72,186
104900037,122,206,-84
104900038,470,835,-365
104900039,590,370,220
104900040,491,75,416
104900041,256,154,102
104900042,115,269,-154
104900043,7,138,-131
104900044,684,191,493
104900045,441,66,375
104900046,234,123,111
104900047,361,137,224
104900048,311,59,252
104900049,42,40,2
104900050,323,133,190
104900051,281,50,231
104900052,56,2,54
104900053,456,140,316
104900054,170,28,142
104900055,115,0,115
104900056,183,27,156
104900057,30,0,30
104900058,954,695,259
104900059,158,29,129
104900060,2,427,-425
104900061,197,468,-271
104900063,0,92,-92
104900064,0,55,-55
104900065,0,163,-163
104900066,2,137,-135
104900067,2,263,-261
104900068,15,153,-138
104900070,187,260,-73
104900071,1,422,-421
104900072,63,251,-188
104900073,65,163,-98
104900074,58,225,-167
104900075,55,64,-9
104900076,66,274,-208
104900077,908,316,592
104900078,185,391,-206
104900079,128,433,-305
104900080,57,398,-341
104900082,18,360,-342
104900085,1,166,-165
104900087,300,7,293
104900089,216,1,215
104900090,885,727,158
104900091,568,581,-13
104900093,212,429,-217
104900097,2321,2235,86
104900098,145,44,101
104900099,177,630,-453
104900100,368,285,83
104900102,32,150,-118
104900103,521,76,445
104900104,2928,2347,581
104900106,78,125,-47
104900107,166,173,-7
104900108,76,194,-118
104900109,154,255,-101
104900110,4,35,-31
104900111,183,98,85
104900112,272,603,-331
104900113,771,346,425
104900114,351,428,-77
104900115,846,398,448
104900116,223,161,62
104900118,21,64,-43
104900119,4,38,-34
104900120,15,188,-173
104900121,0,78,-78
104900122,1,62,-61
104900123,71,8,63
104900124,49,0,49
104900125,525,4,521
104900126,40,53,-13
104900127,42,103,-61
104900128,115,165,-50
104900129,1734,2065,-331
105000001,2529,1301,1228
105000002,2171,1491,680
105000003,3207,3485,-278
105000004,583,824,-241
105000005,871,1120,-249
105000006,1541,1733,-192
105000007,1182,1496,-314
105000008,1817,3334,-1517
105000009,2215,3012,-797
105000010,2547,1767,780
105000011,3530,2834,696
105000012,3329,2581,748
105000013,999,985,14
105000014,1891,2514,-623
105000015,10275,15791,-5516
105000016,2976,2191,785
105000017,1757,932,825
105000018,1170,1450,-280
105000019,1142,811,331
105000020,165,398,-233
105000021,213,86,127
105000022,286,84,202
105000023,503,417,86
105000028,52,139,-87
105000029,604,1415,-811
105000030,3557,2365,1192
105000033,904,1726,-822
105000034,146,887,-741
105000037,640,295,345
105000038,1992,1736,256
105000039,2289,1700,589
105000040,1059,1292,-233
105000041,703,1263,-560
105000042,3406,1635,1771
105000043,1538,2174,-636
105000044,1021,590,431
105000045,460,824,-364
105000046,1217,432,785
105000047,536,1001,-465
105000048,539,171,368
105000049,252,444,-192
105000050,532,348,184
105000051,129,363,-234
105000052,549,700,-151
105000053,80,111,-31
105000054,368,780,-412
105000055,757,325,432
105000056,1247,1736,-489
105000057,1073,756,317
105000058,1182,1121,61
105000059,796,602,194
105000060,457,536,-79
105000061,693,509,184
105000062,544,631,-87
105000063,281,421,-140
105000064,1539,768,771
105000065,371,472,-101
105000066,1106,1178,-72
105000067,1601,735,866
105000068,389,714,-325
105000069,1594,1667,-73
105000070,505,951,-446
105000071,200,889,-689
105000072,816,1952,-1136
105000073,894,600,294
105000074,1258,703,555
105000075,498,773,-275
105000076,1094,968,126
105000077,2615,1061,1554
105000078,1234,1430,-196
105000079,1346,3217,-1871
105000080,2161,1692,469
105000081,3477,1314,2163
105000082,1032,1939,-907
105000083,4948,4173,775
105000084,497,667,-170
105000085,1653,2157,-504
105000086,571,704,-133
105000087,1225,1485,-260
105000088,1311,1339,-28
105000089,2506,1847,659
105000090,917,771,146
105000091,1162,1439,-277
105000092,678,902,-224
105000093,281,245,36
105000094,266,218,48
105000095,106,409,-303
105000096,1054,1026,28
105000097,928,764,164
105000098,892,731,161
105000099,829,713,116
105000100,1311,946,365
105000101,1801,1788,13
105000102,1674,1263,411
105000103,1402,2128,-726
105000104,2152,873,1279
105000105,1113,1851,-738
105000106,1654,1813,-159
105000107,1659,1170,489
105000108,2008,1594,414
105000109,1863,1676,187
105000110,917,522,395
105000111,759,574,185
105000112,1171,619,552
105000113,405,618,-213
105000114,2416,1151,1265
105000115,333,1078,-745
105000116,771,453,318
105000117,714,694,20
105000118,707,509,198
105000119,755,932,-177
105000120,1234,592,642
105000121,905,980,-75
105000122,395,630,-235
105000123,909,1083,-174
105000124,2052,693,1359
105000125,775,1614,-839
105000126,2055,1510,545
105000127,2462,1793,669
105000128,654,887,-233
105000129,760,272,488
105000130,481,3432,-2951
105000131,921,312,609
105000132,825,721,104
105000133,460,907,-447
105000134,717,552,165
105000135,402,492,-90
105000136,79,93,-14
105000137,333,225,108
105000138,61,94,-33
105000139,1035,861,174
105000140,278,412,-134
105000141,300,423,-123
105000142,226,413,-187
105000143,264,621,-357
105000144,292,741,-449
105000145,644,324,320
105000146,409,918,-509
105000147,703,324,379
105000148,1221,598,623
105000149,2519,2155,364
105000150,1951,1399,552
105000151,425,369,56
105000152,141,435,-294
105000153,521,724,-203
105000154,679,529,150
105000155,284,914,-630
105000156,891,612,279
105000157,807,1570,-763
105000158,1812,665,1147
105000159,189,953,-764
105000160,1647,494,1153
105000161,660,883,-223
105000162,558,1487,-929
105000163,945,697,248
105000164,180,228,-48
105000165,855,4415,-3560
105000166,4506,878,3628
105000167,1639,1564,75
105000168,457,500,-43
105000169,534,319,215
105000170,241,1099,-858
105000171,1030,237,793
105000172,183,32,151
105000173,204,40,164
105000174,85,41,44
105000175,130,122,8
105000176,428,88,340
105000177,331,177,154
105000178,173,431,-258
105000179,522,157,365
105000180,195,114,81
105000181,126,248,-122
105000182,57,51,6
105000183,2142,2044,98
105000184,1193,1040,153
105000185,1285,1040,245
105000186,452,747,-295
105000187,853,212,641
105000188,351,116,235
105000189,182,472,-290
105000190,310,290,20
105000191,337,304,33
105000192,364,52,312
105000193,100,156,-56
105000194,316,126,190
105000195,335,662,-327
105000196,63,193,-130
105000197,262,512,-250
105000198,451,299,152
105000199,252,568,-316
105000200,144,326,-182
105000201,89,50,39
105000203,12,164,-152
105000204,81,86,-5
105000205,66,165,-99
105000207,513,224,289
105000208,252,606,-354
105000209,213,252,-39
105000212,1066,1074,-8
105000213,163,173,-10
105000214,148,257,-109
105000215,345,148,197
105000216,155,332,-177
105000217,140,270,-130
105000218,1309,1003,306
105000221,140,156,-16
105000222,385,72,313
105000223,287,110,177
105000226,92,199,-107
105000227,115,102,13
105000228,211,2281,-2070
105000229,144,541,-397
105000231,319,291,28
105000233,887,689,198
105000234,444,1162,-718
105000235,423,553,-130
105000237,699,69,630
105000243,35,130,-95
105000248,75,81,-6
105000262,304,1043,-739
105000269,150,215,-65
105000270,441,50,391
105000271,0,182,-182
105000282,51,34,17
105000287,325,101,224
105000288,493,388,105
105000289,2590,2045,545
105000290,17,11,6
105000402,3251,4707,-1456
105000426,507,557,-50
105000438,3488,1673,1815
105000446,10642,5759,4883
105000447,6853,2974,3879
105000454,541,251,290
105000455,279,162,117
105000474,99,5,94
105000477,375,520,-145
105000478,1772,5014,-3242
105000479,102,94,8
105000480,8750,7042,1708
105000481,4855,3578,1277
105000482,4634,7846,-3212
105000483,1645,2010,-365
105000484,2074,2900,-826
105000485,1761,3184,-1423
105000486,3432,2360,1072
105000488,9190,5457,3733
105000489,871,749,122
105000549,106,120,-14
105000550,454,1537,-1083
105000551,37,134,-97
105000552,2053,1436,617
105900001,13,1489,-1476
105900002,1101,577,524
105900003,7,88,-81
105900004,188,79,109
105900005,12,153,-141
105900006,14,90,-76
105900007,76,24,52
105900008,81,447,-366
105900009,19,17,2
105900011,174,38,136
105900012,557,109,448
105900013,11,40,-29
105900014,15,84,-69
105900015,163,327,-164
105900016,479,436,43
105900017,1124,39,1085
105900018,214,164,50
105900019,59,438,-379
105900020,49,52,-3
105900021,19,307,-288
105900022,282,210,72
105900023,7,98,-91
105900024,12,150,-138
105900025,229,30,199
105900026,223,19,204
105900027,8738,6879,1859
105900028,472,246,226
105900029,1443,364,1079
105900030,200,215,-15
105900031,343,191,152
105900032,71,114,-43
105900033,92,121,-29
105900034,227,194,33
105900035,185,150,35
105900036,91,130,-39
105900037,90,60,30
105900038,176,243,-67
105900039,95,69,26
105900040,56,91,-35
105900041,200,155,45
105900042,43,121,-78
105900043,1277,60,1217
105900044,2,219,-217
105900045,6,642,-636
105900046,1,217,-216
105900047,7,41,-34
105900048,101,476,-375
105900050,5794,4456,1338
105900051,44,1032,-988
105900052,447,266,181
105900053,2576,2423,153
105900054,227,193,34
105900056,613,349,264
105900057,54,114,-60
105900058,16,10,6
105900059,0,43,-43
106000001,4698,2586,2112
106000002,2377,5483,-3106
106000003,2784,3538,-754
106000004,1535,2557,-1022
106000005,3562,5224,-1662
106000006,5249,3387,1862
106000007,494,575,-81
106000008,425,298,127
106000009,652,365,287
106000010,658,519,139
106000011,1120,1019,101
106000012,911,1225,-314
106000013,1594,1773,-179
106000014,1893,1401,492
106000015,1688,1309,379
106000016,1194,1645,-451
106000017,480,568,-88
106000018,580,358,222
106000019,383,321,62
106000020,356,268,88
106000021,324,343,-19
106000022,314,175,139
106000023,557,274,283
106000024,532,390,142
106000025,103,180,-77
106000026,90,162,-72
106000027,1282,1137,145
106000028,488,366,122
106000029,567,858,-291
106000030,505,548,-43
106000034,243,557,-314
106000035,864,1991,-1127
106000036,244,508,-264
106000037,1877,1300,577
106000038,415,150,265
106000039,118,119,-1
106000040,130,788,-658
106000041,652,619,33
106000043,466,263,203
106000046,318,82,236
106000047,54,395,-341
106000049,935,185,750
106000050,281,572,-291
106000051,684,450,234
106000052,121,551,-430
106000053,481,130,351
106000054,342,442,-100
106000055,1148,948,200
106000056,234,370,-136
106000057,376,230,146
106000058,107,162,-55
106000059,377,242,135
106000060,313,423,-110
106000061,209,495,-286
106000062,178,459,-281
106000063,656,545,111
106000064,38,340,-302
106000065,381,324,57
106000066,131,279,-148
106000067,379,103,276
106000068,47,500,-453
106000069,270,61,209
106000070,354,702,-348
106000071,1052,352,700
106000072,2404,1586,818
106000073,1498,2565,-1067
106000074,585,586,-1
106000075,289,1253,-964
106000076,1690,1962,-272
106000077,3312,1250,2062
106000078,1057,862,195
106000079,682,887,-205
106000080,1209,579,630
106000081,714,1075,-361
106000082,2413,812,1601
106000083,393,1399,-1006
106000084,1275,631,644
106000085,1369,1519,-150
106000086,604,775,-171
106000087,1020,535,485
106000088,416,700,-284
106000089,1047,295,752
106000090,277,611,-334
106000091,246,455,-209
106000092,633,216,417
106000093,231,124,107
106000094,66,197,-131
106000095,811,629,182
106000096,736,568,168
106000097,1081,642,439
106000098,689,774,-85
106000099,207,688,-481
106000100,1118,197,921
106000101,805,326,479
106000102,139,580,-441
106000103,234,456,-222
106000104,557,420,137
106000105,501,458,43
106000106,504,366,138
106000107,133,200,-67
106000108,193,199,-6
106000109,174,207,-33
106000110,237,190,47
106000111,152,244,-92
106000112,202,408,-206
106000113,494,417,77
106000114,396,407,-11
106000115,229,310,-81
106000116,231,182,49
106000117,1112,619,493
106000118,1151,1292,-141
106000119,1281,922,359
106000120,938,1102,-164
106000121,168,122,46
106000122,96,155,-59
106000123,465,122,343
106000124,64,184,-120
106000125,24,203,-179
106000126,287,102,185
106000127,794,645,149
106000128,694,173,521
106000129,442,362,80
106000130,659,293,366
106000131,121,609,-488
106000132,486,139,347
106000133,1498,1017,481
106000134,558,1471,-913
106000135,172,440,-268
106000136,556,928,-372
106000137,58,593,-535
106000138,1026,90,936
106000139,43,70,-27
106000140,45,40,5
106000141,76,41,35
106000142,115,63,52
106000143,48,49,-1
106000144,34,75,-41
106000145,238,189,49
106000146,380,133,247
106000147,383,346,37
106000148,447,636,-189
106000149,529,321,208
106000150,464,1545,-1081
106000151,3166,634,2532
106000152,1134,1624,-490
106000153,69,1463,-1394
106000154,1049,163,886
106000155,131,187,-56
106000156,922,257,665
106000157,661,1493,-832
106000158,1736,837,899
106000159,2408,1583,825
106000160,434,2680,-2246
106000161,1450,299,1151
106000162,229,824,-595
106000163,381,310,71
106000164,411,267,144
106000165,217,386,-169
106000166,687,291,396
106000167,380,747,-367
106000168,490,219,271
106000169,272,460,-188
106000170,706,229,477
106000171,204,1074,-870
106000172,2727,1400,1327
106000173,1096,2442,-1346
106000174,1121,413,708
106000175,288,810,-522
106000176,1584,846,738
106000177,756,2077,-1321
106000178,3406,1620,1786
106000179,1098,2046,-948
106000180,831,1087,-256
106000181,735,1600,-865
106000182,1322,701,621
106000183,1350,565,785
106000184,1968,678,1290
106000185,1254,1250,4
106000186,917,152,765
106000187,268,1002,-734
106000188,1,0,1
106000189,21,52,-31
106000190,22,1,21
106000191,751,193,558
106000192,2,18,-16
106000193,427,207,220
106000194,174,419,-245
106000195,1004,289,715
106000196,301,736,-435
106000197,797,342,455
106000198,212,219,-7
106000199,654,714,-60
106000200,219,212,7
106000201,399,2471,-2072
106000202,3088,513,2575
106000203,37,138,-101
106000204,61,12,49
106000205,14,118,-104
106000206,76,17,59
106000207,26,806,-780
106000208,1472,164,1308
106000209,1653,339,1314
106000210,497,795,-298
106000211,301,893,-592
106000212,792,464,328
106000213,681,1807,-1126
106000214,2320,851,1469
106000215,248,403,-155
106000216,262,323,-61
106000217,293,316,-23
106000218,387,372,15
106000219,98,207,-109
106000220,307,216,91
106000221,145,185,-40
106000222,71,79,-8
106000223,273,119,154
106000224,166,151,15
106000225,80,108,-28
106000226,105,212,-107
106000228,64,68,-4
106000229,47,612,-565
106000231,982,119,863
106000232,44,316,-272
106000233,652,91,561
106000234,48,194,-146
106000235,405,78,327
106000236,114,51,63
106000237,1,5,-4
106000238,7,16,-9
106000239,7,93,-86
106000240,83,2,81
106000241,13,454,-441
106000242,257,26,231
106000249,44,63,-19
106000250,89,543,-454
106000251,83,40,43
106000252,17,82,-65
106000253,62,79,-17
106000254,48,34,14
106000255,27,189,-162
106000256,47,43,4
106000257,163,226,-63
106000258,157,21,136
106000259,0,57,-57
106000260,36,2,34
106000261,3,47,-44
106000262,79,9,70
106000263,8,51,-43
106000264,204,8,196
106000265,12,101,-89
106000266,132,23,109
106000267,5,83,-78
106000268,513,60,453
106000269,42,43,-1
106000270,140,436,-296
106000271,116,194,-78
106000272,190,52,138
106000273,9,258,-249
106000274,153,29,124
106000275,119,379,-260
106000276,172,36,136
106000277,92,318,-226
106000278,144,32,112
106000279,16,32,-16
106000280,83,61,22
106000281,75,36,39
106000282,72,74,-2
106000283,112,44,68
106000284,66,108,-42
106000285,114,63,51
106000286,71,118,-47
106000287,145,44,101
106000288,123,127,-4
106000289,104,61,43
106000290,50,80,-30
106000291,118,82,36
106000292,106,75,31
106000293,113,72,41
106000294,140,108,32
106000295,53,51,2
106000296,44,89,-45
106000297,83,219,-136
106000298,96,67,29
106000299,60,134,-74
106000300,72,68,4
106000301,55,101,-46
106000303,36,70,-34
106000304,37,26,11
106000305,54,62,-8
106000306,21,35,-14
106000307,68,22,46
106000308,28,98,-70
106000309,15,47,-32
106000310,391,399,-8
106000311,376,156,220
106000312,107,142,-35
106000313,131,181,-50
106000318,90,533,-443
106000319,1066,256,810
106000320,0,68,-68
106000321,275,111,164
106000322,148,110,38
106000324,20,117,-97
106000325,1671,872,799
106000326,1039,1592,-553
106000327,182,99,83
106000328,65,108,-43
106000329,102,254,-152
106000330,50,74,-24
106000428,129,142,-13
106000429,127,325,-198
106000430,301,986,-685
106000431,2216,361,1855
106000432,1583,2464,-881
106000433,2411,1397,1014
106000434,3004,1770,1234
106000435,1335,2163,-828
106000436,13,170,-157
106000437,339,51,288
106000438,358,198,160
106000439,69,345,-276
106000440,196,338,-142
106000441,1,0,1
106000442,106,8,98
106000443,126,253,-127
106000450,3,160,-157
106000451,27,74,-47
106000454,4,78,-74
106000455,4,188,-184
106000456,104,38,66
106000457,20,709,-689
106000458,798,89,709
106000459,137,254,-117
106000460,1666,31,1635
106000461,121,796,-675
106000462,1,27,-26
106000463,5,12,-7
106000464,6,409,-403
106000465,771,2,769
106000466,2,457,-455
106000467,231,387,-156
106000468,81,129,-48
106000469,130,1,129
106000470,310,1451,-1141
106000471,26,429,-403
106000472,155,23,132
106000473,46,11,35
106000474,225,334,-109
106000475,225,139,86
106000476,88,171,-83
106000477,16,25,-9
106900001,0,10,-10
106900002,0,301,-301
106900003,188,758,-570
106900004,0,24,-24
106900006,0,7,-7
106900007,1,11,-10
106900008,315,150,165
106900009,335,267,68
106900010,228,242,-14
106900012,1363,1958,-595
106900013,465,168,297
106900014,34,3,31
106900015,20,0,20
106900016,316,19,297
106900017,7,1,6
106900018,5,1,4
106900019,72,3,69
106900020,1853,1414,439
106900021,89,53,36
106900022,944,6,938
106900023,58,301,-243
106900024,648,60,588
106900025,33,438,-405
106900026,1,420,-419
106900027,832,4,828
107000001,4057,4359,-302
107000002,2872,4411,-1539
107000003,6264,6994,-730
107000004,4419,4342,77
107000005,4716,5421,-705
107000006,3785,3757,28
107000007,5775,10609,-4834
107000008,10455,7499,2956
107000009,7499,7640,-141
107000010,9165,8679,486
107000011,943,1196,-253
107000012,3434,2816,618
107000013,45,79,-34
107000014,48,157,-109
107000015,400,657,-257
107000016,645,690,-45
107000017,2222,1536,686
107000018,34,927,-893
107000020,1423,1269,154
107000021,1178,413,765
107000022,734,1368,-634
107000023,2229,205,2024
107000024,544,1302,-758
107000025,196,399,-203
107000026,277,442,-165
107000027,1518,1175,343
107000028,1380,1134,246
107000029,3344,2642,702
107000030,2728,2655,73
107000031,4230,2637,1593
107000032,554,955,-401
107000033,2788,4091,-1303
107000034,3078,1665,1413
107000035,334,251,83
107000036,349,1129,-780
107000037,64,859,-795
107000038,201,282,-81
107000039,700,779,-79
107000040,140,379,-239
107000041,1796,926,870
107000042,890,1986,-1096
107000043,2478,1191,1287
107000044,480,333,147
107000045,72,301,-229
107000046,748,463,285
107000047,452,768,-316
107000048,689,289,400
107000049,585,743,-158
107000050,1272,469,803
107000051,287,264,23
107000052,1168,838,330
107000053,387,195,192
107000054,55,240,-185
107000055,138,66,72
107000056,408,664,-256
107000057,965,187,778
107000058,2235,2791,-556
107000059,2149,3169,-1020
107000060,4470,5084,-614
107000061,4827,3227,1600
107000062,4779,2894,1885
107000063,4150,4284,-134
107000064,4294,2307,1987
107000065,3437,3867,-430
107000066,2012,2635,-623
107000067,1335,1332,3
107000068,1383,721,662
107000069,819,536,283
107000070,1236,16,1220
107000071,3532,78,3454
107000072,49,2419,-2370
107000073,890,339,551
107000074,127,821,-694
107000075,1767,662,1105
107000076,621,1309,-688
107000077,3878,1557,2321
107000078,2390,2861,-471
107000079,2857,1131,1726
107000080,1107,2741,-1634
107000081,2294,577,1717
107000082,583,1628,-1045
107000083,1485,485,1000
107000084,410,1866,-1456
107000085,2963,2948,15
107000086,3248,3099,149
107000087,2932,1866,1066
107000088,3242,3479,-237
107000089,1581,1711,-130
107000090,1155,1028,127
107000091,1520,830,690
107000092,989,846,143
107000093,1184,847,337
107000094,1045,1050,-5
107000095,829,491,338
107000096,583,702,-119
107000097,535,272,263
107000098,378,279,99
107000099,408,366,42
107000100,343,215,128
107000101,123,154,-31
107000102,217,307,-90
107000103,238,164,74
107000104,174,260,-86
107000105,356,158,198
107000106,157,219,-62
107000107,486,133,353
107000108,161,398,-237
107000109,550,139,411
107000110,68,400,-332
107000111,316,69,247
107000112,50,223,-173
107000113,568,118,450
107000114,154,354,-200
107000115,641,145,496
107000116,123,561,-438
107000117,189,490,-301
107000118,164,165,-1
107000119,1426,1320,106
107000120,850,431,419
107000121,1073,649,424
107000122,1156,780,376
107000123,519,462,57
107000124,475,810,-335
107000125,763,444,319
107000126,528,482,46
107000127,36,269,-233
107000129,172,99,73
107000130,281,214,67
107000131,424,264,160
107000132,571,336,235
107000133,605,129,476
107000134,327,2,325
107000135,5,271,-266
107000136,873,10,863
107000137,13,429,-416
107000138,349,29,320
107000139,29,413,-384
107000140,1539,117,1422
107000141,130,675,-545
107000142,417,112,305
107000143,51,618,-567
107000144,671,507,164
107000145,133,518,-385
107000146,229,324,-95
107000147,2715,833,1882
107000150,641,3029,-2388
107000151,44,135,-91
107000152,444,1323,-879
107000153,150,456,-306
107000154,221,304,-83
107000155,891,21,870
107000156,1275,36,1239
107000157,40,1258,-1218
107000158,425,19,406
107000159,30,560,-530
107000160,1305,145,1160
107000161,74,1152,-1078
107000162,292,410,-118
107000163,257,3,254
107000164,779,0,779
107000165,1043,24,1019
107000166,65,980,-915
107000167,609,210,399
107000168,1002,454,548
107000169,582,769,-187
107000170,2620,897,1723
107000171,728,1909,-1181
107000172,1165,1494,-329
107000173,678,935,-257
107000174,1145,5414,-4269
107000175,6237,1658,4579
107000176,2,3,-1
107000177,10,3,7
107000178,30,28,2
107000179,286,1706,-1420
107000180,1459,287,1172
107000181,437,925,-488
107000182,1928,928,1000
107000183,142,735,-593
107000184,1017,601,416
107000185,574,1308,-734
107000186,1535,505,1030
107000187,1373,1233,140
107000188,648,546,102
107000189,585,1012,-427
107000190,706,654,52
107000191,694,887,-193
107000192,1954,699,1255
107000193,397,511,-114
107000194,912,633,279
107000197,1118,362,756
107000198,330,565,-235
107000199,803,586,217
107000200,628,750,-122
107000201,399,331,68
107000202,344,478,-134
107000203,894,1119,-225
107000204,1158,1245,-87
107000205,1863,985,878
107000206,932,1470,-538
107000207,737,959,-222
107000208,1010,610,400
107000209,2226,1396,830
107000210,890,405,485
107000211,3,46,-43
107000212,17,272,-255
107000213,5,24,-19
107000214,33,104,-71
107000215,411,347,64
107000216,470,322,148
107000217,109,136,-27
107000219,88,199,-111
107000220,206,196,10
107000222,299,591,-292
107000224,516,112,404
107000225,372,410,-38
107000226,555,109,446
107000227,133,255,-122
107000228,117,267,-150
107000229,100,143,-43
107000230,1015,453,562
107000231,1520,1883,-363
107000232,166,47,119
107000233,1461,1063,398
107000234,0,53,-53
107000235,69,16,53
107000236,4,407,-403
107000237,47,2,45
107000238,29,0,29
107000239,2611,572,2039
107000240,99,745,-646
107000241,97,20,77
107000242,295,41,254
107000243,0,48,-48
107000244,0,56,-56
107000246,3,876,-873
107000249,4,911,-907
107000251,3,280,-277
107000252,4,971,-967
107000255,444,131,313
107000257,0,312,-312
107000258,0,105,-105
107000259,1,182,-181
107000260,662,3,659
107000262,14,413,-399
107000263,331,2,329
107000266,6,14,-8
107000267,95,119,-24
107000268,134,146,-12
107000269,707,108,599
107000270,5,29,-24
107000271,21,490,-469
107000272,41,148,-107
107000273,4,176,-172
107000274,1200,300,900
107000275,10,1085,-1075
107000280,809,43,766
107000281,34,630,-596
107000282,40,709,-669
107000290,7,35,-28
107000291,19,4,15
107000292,0,72,-72
107000293,35,4,31
107000294,0,46,-46
107000295,45,2,43
107000296,1,26,-25
107000444,302,1,301
107000496,1,25,-24
107000497,1307,1791,-484
107000500,348,309,39
107000501,108,146,-38
107000502,171,316,-145
107000505,308,691,-383
107000506,4,109,-105
107000508,3,552,-549
107000509,288,822,-534
107000510,30,39,-9
107000514,75,344,-269
107000515,12,161,-149
107000516,336,250,86
107000518,924,1378,-454
107000519,1473,785,688
107000520,133,40,93
107900001,67,115,-48
107900002,81,10,71
107900003,361,7,354
107900004,117,0,117
107900005,1446,9,1437
107900006,198,0,198
107900007,248,47,201
107900008,115,14,101
107900009,181,6,175
107900010,48,1,47
107900012,353,58,295
107900013,259,29,230
107900014,41,17,24
107900015,1172,17,1155
107900016,381,102,279
107900017,58,0,58
107900018,66,140,-74
107900019,16,34,-18
107900020,54,24,30
107900021,53,108,-55
107900023,3,2,1
107900024,1,15,-14
107900025,187,235,-48
107900026,91,57,34
107900027,18,54,-36
107900028,93,95,-2
107900030,219,36,183
107900031,59,84,-25
107900032,15,5,10
107900033,22,8,14
107900034,416,30,386
107900035,901,47,854
107900036,93,24,69
107900037,0,37,-37
107900038,98,282,-184
107900039,27,46,-19
107900040,19,184,-165
107900041,7,1,6
107900043,31,133,-102
107900044,11,12,-1
107900045,110,57,53
107900046,128,240,-112
107900047,37,33,4
107900048,245,15,230
107900049,306,1115,-809
107900050,107,307,-200
107900051,83,68,15
107900052,13,41,-28
107900053,51,88,-37
107900055,985,415,570
107900056,109,64,45
107900057,0,0,0
107900058,45,499,-454
107900060,40,53,-13
107900061,13,15,-2
107900063,121,147,-26
107900064,308,177,131
107900065,277,11,266
107900066,48,7,41
107900067,0,0,0
107900068,131,543,-412
107900069,34,1808,-1774
107900070,140,58,82
107900071,22,600,-578
107900072,121,165,-44
107900073,171,75,96
107900074,599,307,292
107900076,142,59,83
107900077,91,7,84
107900078,255,34,221
107900079,24,15,9
107900080,232,664,-432
107900081,42,85,-43
107900082,15,22,-7
107900083,278,167,111
107900084,107,166,-59
107900086,27,190,-163
107900087,606,201,405
107900088,33,9,24
107900089,213,775,-562
107900090,595,2357,-1762
107900091,178,323,-145
107900092,1930,445,1485
107900093,90,60,30
107900095,2799,2044,755
107900097,48,65,-17
107900098,68,209,-141
107900100,1136,1309,-173
107900101,990,235,755
107900102,51,9,42
107900103,46,171,-125
107900104,291,6,285
107900105,2,346,-344
107900106,6,830,-824
107900107,1379,538,841
107900108,199,131,68
107900109,1427,22,1405
107900110,65,73,-8
107900111,5,647,-642
107900112,91,311,-220
107900113,237,93,144
107900114,145,120,25
107900115,1,40,-39
107900116,205,157,48
107900117,342,283,59
107900118,78,157,-79
107900119,55,267,-212
107900120,34,32,2
107900121,2,150,-148
107900122,2,69,-67
107900123,1,44,-43
107900124,10,31,-21
107900125,36,183,-147
107900126,6,46,-40
107900127,459,359,100
107900128,94,117,-23
107900129,87,30,57
107900130,84,26,58
107900131,747,368,379
107900132,134,348,-214
107900133,1,84,-83
107900134,48,94,-46
107900135,7,106,-99
107900136,27,32,-5
107900137,134,113,21
107900138,95,33,62
107900139,31,56,-25
107900140,96,40,56
107900141,46,36,10
107900142,78,765,-687
107900143,43,25,18
107900144,0,135,-135
107900145,16,103,-87
107900146,76,97,-21
107900147,59,53,6
107900148,217,139,78
107900149,954,264,690
107900150,65,602,-537
107900151,55,104,-49
107900152,12,150,-138
107900153,129,290,-161
107900154,68,24,44
107900155,79,55,24
107900156,10,224,-214
107900157,80,53,27
107900158,1001,39,962
107900159,29,712,-683
107900160,104,161,-57
107900161,28,126,-98
107900162,0,121,-121
107900163,43,129,-86
107900164,9,41,-32
107900165,49,136,-87
107900166,27,183,-156
107900167,15,53,-38
107900168,37,52,-15
107900169,0,205,-205
107900171,20,1166,-1146
107900172,0,261,-261
107900173,23,115,-92
107900174,143,3,140
107900175,13,61,-48
107900176,32,36,-4
107900177,7,185,-178
107900178,2,135,-133
107900179,23,115,-92
107900180,569,688,-119
107900181,383,244,139
107900182,1,917,-916
107900183,79,145,-66
107900184,76,212,-136
107900185,105,1,104
107900186,35,55,-20
107900187,1,176,-175
107900188,611,167,444
107900189,32,89,-57
107900190,57,127,-70
107900191,115,86,29
107900193,12,47,-35
107900194,269,12,257
107900195,2070,387,1683
107900196,73,106,-33
107900197,809,499,310
107900199,2,658,-656
107900201,88,64,24
107900203,45,95,-50
107900204,152,246,-94
107900205,202,380,-178
107900206,806,347,459
107900207,1,459,-458
107900208,10,477,-467
107900209,297,135,162
107900210,66,117,-51
107900213,908,733,175
107900214,60,117,-57
107900215,120,359,-239
107900216,171,72,99
107900217,62,94,-32
107900218,17,1202,-1185
107900219,44,89,-45
107900220,234,266,-32
107900221,198,199,-1
107900223,101,433,-332
107900224,124,455,-331
107900225,9,565,-556
107900226,85,99,-14
107900227,152,352,-200
107900228,20,84,-64
107900229,0,208,-208
107900230,17,108,-91
107900231,17,178,-161
107900232,66,93,-27
107900233,6,112,-106
107900234,81,70,11
107900235,36,107,-71
107900236,119,45,74
107900237,46,384,-338
107900238,35,95,-60
107900239,612,486,126
107900240,26,85,-59
107900241,11,59,-48
107900242,42,196,-154
107900243,3,92,-89
107900244,268,1,267
107900245,563,51,512
107900246,253,12,241
107900248,527,320,207
107900249,709,26,683
107900250,1,448,-447
107900251,61,1384,-1323
107900252,1030,22,1008
107900253,224,12,212
107900254,76,246,-170
107900255,287,105,182
107900256,899,1264,-365
107900257,250,124,126
107900258,98,183,-85
107900259,68,2071,-2003
107900261,2,310,-308
107900262,76,110,-34
107900264,281,4,277
107900265,107,131,-24
107900267,269,14,255
107900268,30,7,23
107900269,0,0,0
107900270,0,0,0
107900271,0,18,-18
107900272,74,20,54
107900273,52,89,-37
107900274,70,0,70
107900275,26,1,25
107900276,0,86,-86
107900277,1,164,-163
107900278,301,400,-99
107900279,68,190,-122
107900280,1960,1902,58
107900281,1298,2854,-1556
107900282,50,603,-553
107900283,1084,695,389
107900284,518,575,-57
107900285,110,85,25
107900286,143,123,20
107900287,201,188,13
107900290,0,136,-136
107900291,436,16,420
107900292,117,141,-24
107900293,46,290,-244
107900295,41,47,-6
107900297,1,289,-288
107900298,674,613,61
107900299,2315,2393,-78
107900300,102,295,-193
107900301,545,718,-173
107900302,117,39,78
107900303,215,320,-105
107900304,373,402,-29
107900305,370,25,345
107900306,15,21,-6
107900307,57,221,-164
107900308,143,183,-40
107900309,77,1,76
107900310,432,7,425
107900311,4,363,-359
107900312,72,3,69
107900313,2,136,-134
107900314,0,59,-59
107900315,1,60,-59
107900316,32,2,30
107900317,61,21,40
107900318,5,128,-123
107900319,1,162,-161
107900320,1,119,-118
107900321,178,4,174
107900322,3,98,-95
107900323,1,117,-116
107900324,179,3,176
107900325,139,0,139
107900326,343,177,166
107900327,0,66,-66
107900328,90,2,88
107900329,90,80,10
107900330,10,255,-245
107900331,296,23,273
107900332,255,18,237
107900333,77,21,56
107900334,7,126,-119
107900335,68,37,31
107900336,56,79,-23
107900337,883,947,-64
107900338,7,127,-120
107900339,1,22,-21
107900340,0,57,-57
107900341,44,1,43
107900342,65,67,-2
107900343,56,1,55
107900344,5,52,-47
107900345,119,29,90
107900346,51,3,48
107900347,38,2,36
107900348,4,0,4
107900349,26,9,17
107900350,28,171,-143
108000001,3034,3879,-845
108000002,1900,2364,-464
108000003,3766,3881,-115
108000004,11305,13867,-2562
108000005,8395,6671,1724
108000006,7819,6923,896
108000007,5406,4179,1227
108000008,4224,5631,-1407
108000009,3740,4956,-1216
108000010,2789,4184,-1395
108000011,12647,12621,26
108000012,15453,14185,1268
108000014,859,738,121
108000015,763,298,465
108000016,286,542,-256
108000017,1132,413,719
108000018,2328,701,1627
108000019,2051,918,1133
108000020,1386,562,824
108000021,317,1522,-1205
108000022,413,1071,-658
108000023,1325,243,1082
108000024,293,455,-162
108000025,330,215,115
108000026,648,384,264
108000027,687,381,306
108000028,527,169,358
108000029,481,467,14
108000030,707,240,467
108000031,276,622,-346
108000032,1556,752,804
108000033,766,951,-185
108000034,1739,504,1235
108000035,703,1940,-1237
108000036,313,830,-517
108000037,1772,496,1276
108000038,2791,692,2099
108000039,509,1616,-1107
108000040,1900,1059,841
108000041,611,2045,-1434
108000042,293,228,65
108000043,241,264,-23
108000044,638,171,467
108000045,302,476,-174
108000046,1511,363,1148
108000047,490,901,-411
108000048,150,325,-175
108000049,1022,278,744
108000050,103,352,-249
108000051,377,144,233
108000052,238,488,-250
108000053,434,203,231
108000054,458,836,-378
108000055,1124,620,504
108000056,831,1042,-211
108000057,565,1226,-661
108000058,1731,3740,-2009
108000059,2831,1723,1108
108000060,210,373,-163
108000061,136,257,-121
108000062,856,508,348
108000063,525,506,19
108000064,242,232,10
108000065,531,525,6
108000066,1351,678,673
108000067,1844,613,1231
108000068,791,369,422
108000069,159,784,-625
108000070,1963,788,1175
108000071,621,1278,-657
108000072,1769,1249,520
108000073,1250,1624,-374
108000074,638,367,271
108000075,310,778,-468
108000076,913,528,385
108000077,678,593,85
108000078,2386,1207,1179
108000079,670,1408,-738
108000080,1279,545,734
108000081,512,1328,-816
108000082,942,1823,-881
108000083,1871,987,884
108000084,363,1017,-654
108000085,806,397,409
108000086,759,620,139
108000087,179,2128,-1949
108000088,206,5,201
108000089,316,422,-106
108000090,476,265,211
108000091,394,407,-13
108000092,154,78,76
108000093,175,440,-265
108000094,515,89,426
108000095,156,310,-154
108000096,298,167,131
108000097,144,343,-199
108000098,1876,1174,702
108000099,212,63,149
108000100,80,159,-79
108000101,1474,1358,116
108000102,1682,3056,-1374
108000106,890,4,886
108000107,2,835,-833
108000108,767,61,706
108000109,11,636,-625
108000110,197,244,-47
108000111,171,564,-393
108000112,57,155,-98
108000113,402,206,196
108000115,309,266,43
108000117,645,370,275
108000118,64,211,-147
108000119,570,313,257
108000120,172,742,-570
108000121,189,348,-159
108000122,516,331,185
108000123,780,175,605
108000124,303,490,-187
108000125,458,221,237
108000126,180,345,-165
108000127,615,289,326
108000128,715,365,350
108000129,476,817,-341
108000130,676,242,434
108000131,832,546,286
108000132,1645,1272,373
108000133,932,583,349
108000134,532,474,58
108000135,1114,466,648
108000136,339,787,-448
108000137,484,239,245
108000138,337,372,-35
108000139,504,281,223
108000140,94,31,63
108000141,30,87,-57
108000142,84,74,10
108000143,26,17,9
108000144,47,9,38
108000145,83,15,68
108000146,101,35,66
108000147,72,36,36
108000148,82,33,49
108000149,27,19,8
108000150,37,6,31
108000151,14,8,6
108000152,128,379,-251
108000153,561,116,445
108000154,54,12,42
108000155,25,22,3
108000156,256,108,148
108000157,268,1031,-763
108000158,80,848,-768
108000159,439,223,216
108000160,2413,1206,1207
108000161,2427,2960,-533
108000165,3,231,-228
108000172,4,269,-265
108000173,1612,2077,-465
108000175,323,130,193
108000178,362,261,101
108000179,156,887,-731
108000181,56,16,40
108000182,86,14,72
108000183,23,22,1
108000184,793,2226,-1433
108000185,263,376,-113
108000186,198,48,150
108000187,108,456,-348
108000188,618,216,402
108000189,551,1463,-912
108000190,33,123,-90
108000192,210,438,-228
108000193,887,24,863
108000194,43,10,33
108000195,2,839,-837
108000196,171,180,-9
108000197,112,348,-236
108000198,460,221,239
108000199,1,145,-144
108000200,498,453,45
108000202,2,228,-226
108000203,84,461,-377
108000204,121,64,57
108000205,243,344,-101
108000339,1205,380,825
108000364,93,269,-176
108000365,67,285,-218
108000367,185,407,-222
108000368,8,48,-40
108000369,604,220,384
108000371,0,483,-483
108000372,685,1,684
108000373,210,109,101
108000376,101,40,61
108000377,454,234,220
108000378,9597,10565,-968
108000379,54,169,-115
108000381,71,17,54
108000382,68,1,67
108000383,1,95,-94
108900001,78,870,-792
108900002,180,60,120
108900003,275,555,-280
108900004,567,527,40
108900005,96,485,-389
108900006,713,188,525
108900007,323,263,60
108900008,167,173,-6
108900009,111,108,3
108900010,261,187,74
108900011,525,371,154
108900012,433,446,-13
108900013,143,263,-120
108900014,16,133,-117
108900015,0,46,-46
108900016,2,205,-203
108900017,235,461,-226
108900018,184,389,-205
108900019,48,719,-671
108900020,34,181,-147
108900021,123,222,-99
108900022,150,13,137
108900023,0,33,-33
108900024,22,101,-79
108900025,135,80,55
108900026,20,106,-86
108900027,0,65,-65
108900028,96,243,-147
108900029,53,175,-122
108900030,0,66,-66
108900031,140,302,-162
108900032,12,199,-187
108900033,0,88,-88
108900034,1,145,-144
108900035,319,1034,-715
108900036,226,265,-39
108900037,62,265,-203
108900038,2,257,-255
108900039,1,321,-320
108900040,8,90,-82
108900041,4924,3434,1490
108900042,5,297,-292
108900043,55,417,-362
108900044,1,322,-321
108900045,107,385,-278
108900046,37,539,-502
108900047,0,53,-53
108900048,153,718,-565
108900049,2540,1176,1364
108900050,2,156,-154
108900051,0,133,-133
108900052,40,170,-130
108900053,72,172,-100
108900054,53,184,-131
108900055,49,347,-298
108900056,0,140,-140
108900057,2,157,-155
108900058,38,285,-247
108900059,441,52,389
108900060,113,156,-43
108900061,56,37,19
108900062,3,188,-185
108900063,14,264,-250
108900064,229,63,166
108900065,17,163,-146
108900066,438,156,282
108900067,42,140,-98
108900068,0,102,-102
108900069,92,89,3
108900070,45,87,-42
108900071,82,77,5
108900072,1928,763,1165
108900073,7,47,-40
108900074,186,266,-80
108900075,35,49,-14
108900076,350,82,268
108900077,111,127,-16
108900078,36,119,-83
108900079,656,187,469
108900080,48,946,-898
108900081,52,198,-146
108900082,87,75,12
108900083,32,329,-297
108900084,345,120,225
108900085,1849,172,1677
108900086,135,200,-65
108900087,91,202,-111
108900088,1039,480,559
108900089,38,156,-118
108900090,52,273,-221
108900091,123,109,14
108900092,504,372,132
108900093,163,110,53
108900094,195,83,112
108900095,37,280,-243
108900096,295,19,276
108900097,276,184,92
108900098,1860,937,923
108900099,406,232,174
108900100,84,119,-35
108900101,197,215,-18
108900102,118,1145,-1027
108900103,78,141,-63
108900104,129,401,-272
108900105,7,1186,-1179
108900106,447,257,190
108900108,467,56,411
108900109,52,32,20
108900110,289,359,-70
108900111,602,472,130
108900112,325,22,303
108900113,49,63,-14
108900114,4,5,-1
108900115,118,103,15
108900116,93,20,73
108900117,207,29,178
108900118,639,20,619
108900119,331,33,298
108900120,211,186,25
108900121,374,138,236
108900122,180,27,153
108900123,148,155,-7
108900124,457,199,258
108900125,439,5,434
108900126,124,36,88
108900127,227,32,195
108900128,138,56,82
108900129,697,142,555
108900130,379,7,372
108900131,475,6,469
108900132,571,90,481
108900133,239,64,175
108900134,445,198,247
108900135,134,14,120
108900136,42,0,42
108900137,210,3,207
108900138,723,43,680
108900139,636,150,486
108900140,312,175,137
108900141,465,11,454
108900142,133,13,120
108900143,80,1,79
108900144,117,1,116
108900145,151,16,135
108900146,100,1,99
108900147,254,1,253
108900148,68,39,29
108900149,559,296,263
108900150,347,9,338
108900151,162,14,148
108900152,267,53,214
108900153,243,237,6
108900154,4723,445,4278
108900155,231,104,127
108900156,96,2,94
108900157,31,343,-312
108900158,489,65,424
108900159,13,160,-147
108900160,24,199,-175
108900161,20,336,-316
108900162,109,0,109
108900163,3,277,-274
108900164,58,93,-35
108900165,160,113,47
108900167,1445,6770,-5325
108900168,6078,2879,3199
108900169,80,133,-53
108900171,6214,3078,3136
108900172,178,59,119
108900173,162,341,-179
108900174,949,621,328
108900176,112,384,-272
108900177,4175,5331,-1156
108900178,3368,3493,-125
108900179,500,1794,-1294
108900180,98,315,-217
108900182,59,291,-232
108900183,241,228,13
108900184,429,243,186
108900185,125,432,-307
108900186,71,325,-254
108900187,445,42,403
108900188,612,100,512
108900189,569,171,398
108900190,36,2281,-2245
108900191,248,35,213
108900192,120,239,-119
108900193,169,52,117
108900194,33,276,-243
108900195,119,247,-128
108900196,30,346,-316
108900198,2,351,-349
108900199,297,322,-25
108900200,689,344,345
108900201,446,1264,-818
108900203,614,93,521
108900204,358,13,345
108900205,142,16,126
108900206,432,78,354
108900207,178,103,75
108900208,15,306,-291
108900209,195,564,-369
108900210,214,208,6
108900211,165,590,-425
108900212,435,1325,-890
108900215,78,320,-242
108900216,472,172,300
108900217,174,0,174
108900218,150,6,144
108900219,80,13,67
108900220,63,29,34
108900221,35,123,-88
108900222,316,33,283
108900223,9,73,-64
108900224,29,165,-136
108900225,0,153,-153
108900226,299,12,287
108900227,123,374,-251
108900230,205,217,-12
108900231,29,184,-155
108900232,1,177,-176
108900233,475,105,370
108900234,395,137,258
108900235,148,614,-466
108900236,57,339,-282
108900237,85,207,-122
108900240,185,117,68
108900241,74,66,8
108900245,18,1652,-1634
108900249,198,46,152
108900250,310,125,185
108900257,316,440,-124
108900258,11,194,-183
108900259,61,63,-2
108900260,3,72,-69
108900261,71,130,-59
108900262,125,147,-22
108900263,39,151,-112
108900264,437,291,146
108900265,782,417,365
108900266,650,606,44
108900267,7,104,-97
108900268,19,18,1
108900269,102,22,80
108900270,91,10,81
108900271,61,11,50
108900272,234,21,213
108900273,774,754,20
108900274,76,35,41
109000001,2313,1316,997
109000002,1267,1191,76
109000003,2623,370,2253
109000004,377,1784,-1407
109000005,2454,556,1898
109000006,545,1711,-1166
109000007,1668,614,1054
109000008,439,1492,-1053
109000009,3688,1239,2449
109000010,1236,3156,-1920
109000011,3255,2169,1086
109000012,1684,2696,-1012
109000013,3805,3118,687
109000014,1677,2868,-1191
109000015,3933,6993,-3060
109000016,4963,3107,1856
109000017,2573,1217,1356
109000018,771,2612,-1841
109000019,2488,1254,1234
109000020,711,1657,-946
109000023,283,32,251
109000024,8,187,-179
109000025,315,417,-102
109000026,550,328,222
109000027,123,256,-133
109000028,116,101,15
109000029,152,201,-49
109000030,63,559,-496
109000031,233,169,64
109000032,121,392,-271
109000033,326,196,130
109000034,83,51,32
109000035,14,70,-56
109000036,99,305,-206
109000037,264,1447,-1183
109000038,541,419,122
109000039,923,778,145
109000040,3942,8550,-4608
109000041,2616,1649,967
109000042,546,1214,-668
109000044,434,60,374
109000045,122,270,-148
109000046,404,78,326
109000047,54,471,-417
109000048,888,290,598
109000049,283,634,-351
109000050,409,269,140
109000051,324,269,55
109000052,528,875,-347
109000053,284,73,211
109000054,515,502,13
109000055,262,320,-58
109000056,342,442,-100
109000057,768,530,238
109000058,1093,389,704
109000059,784,1442,-658
109000060,372,347,25
109000061,782,1369,-587
109000062,168,356,-188
109000063,229,195,34
109000064,262,159,103
109000065,178,215,-37
109000066,397,84,313
109000067,77,235,-158
109000068,2409,10,2399
109000069,796,34,762
109000070,5,1083,-1078
109000071,359,68,291
109000072,107,274,-167
109000073,76,84,-8
109000074,25,151,-126
109000075,83,355,-272
109000076,79,199,-120
109000077,292,228,64
109000078,57,160,-103
109000079,115,124,-9
109000080,139,85,54
109000081,108,325,-217
109000082,485,206,279
109000083,270,502,-232
109000088,116,370,-254
109000089,339,69,270
109000090,126,349,-223
109000091,370,237,133
109000092,379,410,-31
109000093,243,263,-20
109000094,583,1,582
109000095,100,345,-245
109000096,840,258,582
109000097,72,121,-49
109000098,50,151,-101
109000099,1049,315,734
109000100,258,450,-192
109000101,1802,721,1081
109000102,387,750,-363
109000103,470,584,-114
109000104,1941,548,1393
109000105,441,1078,-637
109000106,2318,860,1458
109000107,595,1855,-1260
109000108,1756,600,1156
109000109,455,1569,-1114
109000110,1508,523,985
109000111,875,1778,-903
109000112,455,127,328
109000113,282,195,87
109000114,189,282,-93
109000115,1202,25,1177
109000116,3,266,-263
109000117,222,66,156
109000118,18,287,-269
109000119,1499,231,1268
109000120,173,795,-622
109000121,522,36,486
109000122,137,635,-498
109000123,16,61,-45
109000124,653,427,226
109000125,892,333,559
109000126,376,684,-308
109000127,953,236,717
109000128,466,1219,-753
109000129,2430,948,1482
109000130,565,1451,-886
109000131,930,624,306
109000132,795,1550,-755
109000133,284,891,-607
109000134,736,1180,-444
109000135,1087,1408,-321
109000136,324,287,37
109000137,297,324,-27
109000138,518,285,233
109000139,563,431,132
109000140,177,299,-122
109000141,560,501,59
109000142,101,530,-429
109000143,127,69,58
109000145,99,244,-145
109000146,53,98,-45
109000148,3121,1882,1239
109000149,15,45,-30
109000150,93,308,-215
109000155,822,593,229
109000156,882,585,297
109000158,185,289,-104
109000159,172,525,-353
109000160,950,217,733
109000161,276,867,-591
109000162,2056,691,1365
109000163,1079,1579,-500
109000164,1280,2098,-818
109000165,1330,481,849
109000166,755,117,638
109000167,93,498,-405
109000170,38,53,-15
109000171,76,29,47
109000172,53,62,-9
109000173,31,70,-39
109000174,86,50,36
109000175,55,81,-26
109000176,305,190,115
109000177,30,115,-85
109000178,397,89,308
109000179,4141,4946,-805
109000180,4751,3828,923
109000181,10,37,-27
109000182,37,26,11
109000183,50,28,22
109000184,47,14,33
109000185,22,39,-17
109000188,508,1601,-1093
109000189,2314,971,1343
109000190,790,425,365
109000191,380,426,-46
109000192,461,207,254
109000193,221,249,-28
109000194,316,110,206
109000195,177,284,-107
109000196,347,129,218
109000197,239,353,-114
109000198,406,64,342
109000199,145,392,-247
109000206,227,32,195
109000207,108,37,71
109000208,101,97,4
109000209,207,107,100
109000210,144,517,-373
109000211,225,202,23
109000214,450,291,159
109000215,168,80,88
109000216,288,319,-31
109000217,205,147,58
109000218,302,194,108
109000221,404,919,-515
109000222,863,276,587
109000223,366,344,22
109000224,46,89,-43
109000225,100,24,76
109000226,43,184,-141
109000227,1179,883,296
109000228,3,956,-953
109000231,0,235,-235
109000232,363,291,72
109000236,342,610,-268
109000241,1991,1811,180
109000242,1817,1284,533
109000293,19,68,-49
109000361,87,276,-189
109000364,284,488,-204
109000396,3,458,-455
109000397,578,13,565
109000399,125,335,-210
109000400,80,159,-79
109000403,184,918,-734
109000406,295,32,263
109000407,257,180,77
109000408,0,171,-171
109000410,1052,253,799
109000411,115,15,100
109900001,121,2,119
109900002,870,22,848
109900003,267,2,265
109900004,996,117,879
109900005,46,9,37
109900006,527,216,311
109900007,991,427,564
109900008,0,29,-29
109900009,130,449,-319
109900010,616,15,601
109900011,68,59,9
109900012,334,211,123
109900013,400,219,181
109900014,447,71,376
109900015,505,227,278
109900016,169,35,134
109900017,183,255,-72
109900018,293,77,216
109900019,302,83,219
109900020,37,42,-5
109900021,51,13,38
109900022,72,217,-145
109900023,27,10,17
109900024,16,3,13
109900025,21,83,-62
109900026,3,152,-149
109900027,35,31,4
109900028,1169,912,257
109900029,4,236,-232
109900030,57,14,43
109900031,0,215,-215
109900032,9,269,-260
109900033,4,408,-404
109900034,36,2,34
109900035,15,37,-22
109900036,13,62,-49
109900037,16,368,-352
109900038,137,244,-107
109900039,1,0,1
109900040,37,455,-418
109900041,72,294,-222
109900042,24,412,-388
109900044,111,216,-105
109900045,131,62,69
109900046,28,58,-30
109900047,309,300,9
109900048,0,76,-76
109900049,19,40,-21
109900050,1,93,-92
109900051,0,34,-34
109900052,148,258,-110
109900053,5,205,-200
109900054,664,251,413
109900055,76,255,-179
109900056,19,210,-191
109900057,2,103,-101
109900058,1,79,-78
109900059,744,131,613
109900060,365,91,274
109900061,42,266,-224
109900062,0,174,-174
109900063,16,478,-462
109900064,606,246,360
109900065,62,128,-66
109900066,332,690,-358
109900067,0,201,-201
109900068,73,6,67
109900069,9,52,-43
109900070,35,273,-238
109900071,5,28,-23
109900072,10,144,-134
109900073,442,371,71
109900074,9,26,-17
109900075,21,27,-6
109900076,5,157,-152
109900077,30,45,-15
109900078,98,203,-105
109900080,118,275,-157
109900081,24,269,-245
109900082,46,287,-241
109900083,13,67,-54
109900084,64,151,-87
109900085,200,599,-399
109900086,140,379,-239
109900087,282,587,-305
109900089,799,242,557
109900090,520,956,-436
109900091,356,74,282
109900092,534,14,520
109900093,1062,201,861
109900094,67,88,-21
109900095,136,196,-60
109900096,46,6,40
109900097,90,2,88
109900098,426,55,371
109900099,186,4,182
109900100,33,0,33
109900101,511,18,493
109900102,483,26,457
109900103,37,25,12
109900104,607,541,66
109900105,563,29,534
109900106,486,94,392
109900107,587,111,476
109900108,108,268,-160
109900109,33,133,-100
109900110,91,312,-221
109900111,316,686,-370
109900112,297,481,-184
109900113,782,564,218
109900114,1135,1236,-101
109900115,176,94,82
109900117,1019,148,871
109900118,224,451,-227
109900119,629,357,272
109900120,69,25,44
109900121,528,591,-63
109900122,381,9,372
109900123,33,162,-129
109900124,27,358,-331
109900125,2,143,-141
109900126,257,77,180
109900128,272,42,230
109900130,5914,2344,3570
109900131,32,126,-94
109900132,27,141,-114
109900133,71,250,-179
109900134,87,94,-7
109900135,338,71,267
109900136,64,145,-81
109900137,160,232,-72
109900138,362,271,91
109900140,215,176,39
109900141,472,210,262
109900142,1368,327,1041
109900145,11,562,-551
109900146,446,62,384
109900148,40,56,-16
109900149,38,82,-44
109900150,2,87,-85
109900151,3,51,-48
109900152,1,36,-35
109900153,0,35,-35
109900154,82,0,82
109900155,81,34,47
109900157,66,192,-126
109900158,65,144,-79
109900159,162,49,113
109900160,176,54,122
109900161,293,70,223
109900162,241,155,86
109900163,627,279,348
109900164,60,141,-81
109900165,277,6,271
109900166,8,101,-93
109900167,145,480,-335
109900168,208,559,-351
109900169,276,121,155
109900170,253,880,-627
109900171,206,92,114
109900172,197,296,-99
109900173,2311,2342,-31
109900174,57,125,-68
109900175,82,79,3
109900176,143,138,5
109900177,23,157,-134
109900178,3,143,-140
109900179,45,18,27
109900180,5,16,-11
110000001,937,540,397
110000002,577,702,-125
110000003,844,668,176
110000004,483,680,-197
110000005,347,1755,-1408
110000006,295,325,-30
110000007,120,136,-16
110000008,10,48,-38
110000009,60,23,37
110000010,24,51,-27
110000011,40,50,-10
110000012,480,325,155
110000013,24,448,-424
110000014,396,378,18
110000015,257,527,-270
110000016,156,1367,-1211
110000017,2420,205,2215
110000018,2355,426,1929
110000019,12,82,-70
110000020,464,167,297
110000021,488,504,-16
110000022,959,210,749
110000023,15,136,-121
110000024,648,307,341
110000025,390,10,380
110000026,4,286,-282
110000027,1112,1020,92
110000028,830,685,145
110000029,530,603,-73
110000030,285,333,-48
110000031,318,416,-98
110000032,748,363,385
110000033,364,103,261
110000034,457,740,-283
110000035,955,446,509
110000036,876,718,158
110000037,258,402,-144
110000038,291,646,-355
110000039,592,2856,-2264
110000040,320,343,-23
110000041,277,1329,-1052
110000042,80,391,-311
110000043,719,219,500
110000044,103,447,-344
110000045,928,109,819
110000046,8,14,-6
110000047,46,34,12
110000048,8,46,-38
110000049,29,9,20
110000050,14,111,-97
110000051,17,14,3
110000052,23,36,-13
110000053,306,29,277
110000054,122,290,-168
110000055,541,74,467
110000056,249,72,177
110000057,432,512,-80
110000058,1096,502,594
110000059,976,478,498
110000060,833,1088,-255
110000061,916,700,216
110000062,654,903,-249
110000063,34,72,-38
110000064,75,64,11
110000065,81,78,3
110000066,67,37,30
110000067,102,135,-33
110000068,351,129,222
110000069,279,87,192
110000071,142,119,23
110000073,16,23,-7
110000075,26,93,-67
110000076,321,357,-36
110000077,356,1004,-648
110000078,33,44,-11
110000080,248,622,-374
110000081,37,272,-235
110000082,33,434,-401
110000083,236,608,-372
110000084,1218,994,224
110000085,1838,1589,249
110000086,1626,2534,-908
110000087,23,63,-40
110000088,63,233,-170
110000089,280,118,162
110000090,183,252,-69
110000091,856,275,581
110000092,27,51,-24
110000093,63,8,55
110000094,482,256,226
110000095,201,556,-355
110000096,1848,1950,-102
110000097,1149,1238,-89
110000098,2159,641,1518
110000099,744,1559,-815
110000100,888,354,534
110000101,21,302,-281
110000102,91,17,74
110000104,345,135,210
110000105,51,246,-195
110000106,707,453,254
110000107,336,365,-29
110000108,118,93,25
110000109,274,294,-20
110000110,2766,5633,-2867
110000111,5819,3228,2591
110000112,1090,1355,-265
110000113,330,2157,-1827
110000114,143,542,-399
110000115,336,268,68
110000116,49,47,2
110000117,169,272,-103
110000118,407,112,295
110000119,260,259,1
110000120,391,158,233
110000121,104,359,-255
110000122,399,600,-201
110000123,595,840,-245
110000124,2,749,-747
110000125,1088,11,1077
110000126,330,28,302
110000127,1201,48,1153
110000128,27,1245,-1218
110000129,3,388,-385
110000130,235,194,41
110000131,69,274,-205
110000132,0,471,-471
110000133,38,436,-398
110000134,25,343,-318
110000135,167,32,135
110000136,58,234,-176
110000137,511,573,-62
110000138,850,590,260
110000139,826,1104,-278
110000140,988,721,267
110000143,637,411,226
110000144,5275,1964,3311
110000145,1976,1240,736
110000146,2403,955,1448
110000147,586,679,-93
110000148,609,283,326
110000151,1023,1238,-215
110000152,795,416,379
110000153,94,37,57
110000154,39,42,-3
110000155,1978,4777,-2799
110000156,1021,2744,-1723
110000157,2278,2405,-127
110000160,395,251,144
110000161,160,250,-90
110000166,633,82,551
110000167,932,530,402
110000168,1052,481,571
110000169,905,364,541
110000170,162,83,79
110000171,628,116,512
110000172,141,746,-605
110000173,900,1118,-218
110000174,166,723,-557
110000175,741,77,664
110000176,130,313,-183
110000177,174,937,-763
110000178,401,1458,-1057
110000179,1014,357,657
110000180,204,187,17
110000181,355,367,-12
110000182,342,123,219
110000183,7459,6656,803
110000184,299,2177,-1878
110000185,858,651,207
110000186,770,657,113
110000191,1013,247,766
110000192,692,21,671
110000193,1178,5,1173
110000194,13,872,-859
110000195,552,286,266
110000196,394,253,141
110000197,123,152,-29
110000198,90,90,0
110000199,62,117,-55
110000200,1041,501,540
110000201,903,1119,-216
110000202,1376,572,804
110000203,676,656,20
110000204,3,217,-214
110000205,141,64,77
110000206,535,995,-460
110000207,1071,391,680
110000208,227,262,-35
110000209,134,732,-598
110000210,1130,461,669
110000211,713,520,193
110000212,409,986,-577
110000213,234,82,152
110000214,296,105,191
110000215,173,353,-180
110000216,87,300,-213
110000217,338,127,211
110000218,138,226,-88
110000219,355,64,291
110000220,73,220,-147
110000221,341,53,288
110000222,64,180,-116
110000223,2,124,-122
110000224,37,7,30
110000225,313,648,-335
110000226,232,51,181
110000227,663,707,-44
110000228,210,124,86
110000229,2,186,-184
110000230,492,516,-24
110000231,173,216,-43
110000232,250,215,35
110000233,278,268,10
110000234,661,664,-3
110000235,814,1003,-189
110000236,567,580,-13
110000237,1928,1041,887
110000238,1112,1147,-35
110000239,1715,1041,674
110000240,3,70,-67
110000242,0,8,-8
110000243,117,127,-10
110000244,122,302,-180
110000245,40,256,-216
110000246,835,490,345
110000247,1323,5144,-3821
110000248,2199,1671,528
110000249,105,8,97
110000250,58,173,-115
110000251,315,528,-213
110000252,286,215,71
110000253,1344,720,624
110000254,689,1227,-538
110000255,265,828,-563
110000256,458,299,159
110000257,788,369,419
110000258,5,378,-373
110000259,119,22,97
110000260,18,220,-202
110000263,606,143,463
110000264,256,430,-174
110000265,1056,2008,-952
110000266,2222,3382,-1160
110000267,27,235,-208
110000268,346,484,-138
110000269,3,100,-97
110000270,74,1,73
110000271,1236,245,991
110000272,1236,1088,148
110000273,4200,1897,2303
110000274,144,1427,-1283
110000275,1732,530,1202
110000276,394,307,87
110000277,281,260,21
110000278,385,685,-300
110000279,770,707,63
110000280,448,418,30
110000281,55,432,-377
110000282,363,32,331
110000283,58,157,-99
110000284,83,44,39
110000285,4,833,-829
110000286,40,0,40
110000287,77,0,77
110000288,3,102,-99
110000289,421,1839,-1418
110000290,759,518,241
110000291,4239,1359,2880
110000292,1374,4682,-3308
110000293,578,671,-93
110000294,1037,1123,-86
110000295,310,875,-565
110000296,638,359,279
110000297,2626,354,2272
110000298,155,433,-278
110000299,345,141,204
110000301,373,38,335
110000302,176,594,-418
110000303,409,8,401
110000304,111,200,-89
110000305,1415,27,1388
110000306,127,948,-821
110000307,1816,10,1806
110000308,643,10,633
110000309,3,671,-668
110000310,709,38,671
110000311,15,501,-486
110000312,380,81,299
110000313,2801,3259,-458
110000314,0,266,-266
110000315,3219,2794,425
110000316,499,1264,-765
110000317,362,334,28
110000318,8,65,-57
110000319,9,22,-13
110000320,77,36,41
110000321,26,29,-3
110000322,278,296,-18
110000323,385,156,229
110000324,2821,1726,1095
110000325,2583,3275,-692
110000327,555,309,246
110000328,246,411,-165
110000333,892,704,188
110000334,965,1155,-190
110000335,1003,515,488
110000336,723,853,-130
110000337,1355,568,787
110000338,460,175,285
110000339,263,224,39
110000340,81,154,-73
110000341,489,485,4
110000342,525,7,518
110000343,0,9,-9
110000344,84,120,-36
110000345,135,129,6
110000346,2260,1919,341
110000347,1062,730,332
110000348,28,24,4
110000349,10,20,-10
110000350,61,7,54
110000351,910,662,248
110000352,715,1326,-611
110000353,2012,595,1417
110000354,1102,2348,-1246
110000355,85,106,-21
110000356,563,10,553
110000357,439,9,430
110000361,52,46,6
110000362,99,102,-3
110000363,480,115,365
110000364,287,245,42
110000365,155,3,152
110000366,1,78,-77
110000367,423,228,195
110000368,5,54,-49
110000369,36,5,31
110000373,11,254,-243
110000374,119,17,102
110000375,127,826,-699
110000376,64,105,-41
110000377,59,484,-425
110000378,18,368,-350
110000379,2192,1560,632
110000380,71,15,56
110000383,4,1055,-1051
110000384,1442,886,556
110000385,6,237,-231
110000387,132,4,128
110000388,51,202,-151
110000389,884,6,878
110000391,691,296,395
110000396,178,163,15
110000397,151,152,-1
110000398,5,30,-25
110000399,166,1,165
110000587,125,50,75
110000589,204,148,56
110000640,208,50,158
110000652,49,379,-330
110000653,263,288,-25
110000654,47,172,-125
110000656,4,461,-457
110000674,36,52,-16
110000675,23,23,0
110000676,0,47,-47
110000679,307,1454,-1147
110000682,99,210,-111
110000683,310,562,-252
110000684,8,41,-33
110000685,14,16,-2
110000686,1,38,-37
110000687,37,10,27
110000688,67,978,-911
110000689,24,39,-15
110000692,43,128,-85
110000693,67,251,-184
110000694,0,117,-117
110000695,205,530,-325
110000696,57,74,-17
110900001,320,50,270
110900002,359,199,160
110900003,895,567,328
110900004,534,152,382
110900005,2145,2063,82
110900006,43,13,30
110900007,188,35,153
110900008,7,25,-18
110900009,490,147,343
110900010,10,61,-51
110900011,20,62,-42
110900012,14,90,-76
110900013,1070,108,962
110900014,181,15,166
110900015,425,839,-414
110900016,41,108,-67
110900017,469,54,415
110900018,559,54,505
110900019,214,17,197
110900020,106,203,-97
110900021,72,512,-440
110900022,93,259,-166
110900023,90,388,-298
110900024,16,304,-288
110900025,1,42,-41
110900027,63,236,-173
110900028,58,179,-121
110900029,39,278,-239
110900030,42,210,-168
110900031,5,140,-135
110900032,0,53,-53
110900033,23,198,-175
110900035,16,412,-396
110900036,70,20,50
110900037,75,17,58
110900038,841,203,638
110900039,13,260,-247
110900040,214,26,188
110900041,25,99,-74
110900042,134,24,110
110900043,7,112,-105
110900044,222,23,199
110900045,46,339,-293
110900046,37,222,-185
110900047,466,236,230
110900049,137,73,64
110900050,16,5,11
110900051,42,190,-148
110900052,5,160,-155
110900053,111,25,86
110900054,23,226,-203
110900055,38,3,35
110900056,68,97,-29
110900057,6,128,-122
110900058,220,150,70
110900059,566,429,137
110900060,542,144,398
110900061,16,42,-26
110900062,147,201,-54
110900063,51,120,-69
110900064,8,0,8
110900065,230,135,95
110900066,9,65,-56
110900067,243,585,-342
110900068,214,222,-8
110900069,8,20,-12
110900070,109,70,39
110900071,236,670,-434
110900073,1,26,-25
110900074,349,143,206
110900075,421,93,328
110900077,904,535,369
110900078,38,40,-2
110900079,1905,1591,314
110900080,115,78,37
110900081,9,32,-23
110900082,141,69,72
110900083,113,60,53
110900084,58,69,-11
110900085,57,250,-193
110900086,85,379,-294
110900087,343,81,262
110900088,14,3,11
110900090,45,45,0
110900091,1,50,-49
110900093,241,101,140
110900095,67,44,23
110900097,10,10,0
110900098,52,72,-20
110900099,60,341,-281
110900100,0,24,-24
110900102,66,15,51
110900105,626,241,385
110900108,12,58,-46
110900111,452,128,324
110900112,990,15,975
110900113,421,47,374
110900115,13,68,-55
110900116,751,1486,-735
110900118,105,3038,-2933
110900119,3344,377,2967
110900120,23,39,-16
110900121,174,4,170
110900122,525,181,344
110900125,467,359,108
110900127,637,1444,-807
110900128,200,331,-131
110900129,399,1018,-619
110900130,904,589,315
110900131,277,60,217
110900132,380,92,288
110900133,91,190,-99
110900135,91,257,-166
110900136,357,21,336
110900137,24,2,22
110900138,700,314,386
110900139,6,109,-103
110900140,63,1,62
110900141,3,159,-156
110900142,61,157,-96
110900143,163,104,59
110900144,3,474,-471
110900145,193,38,155
110900146,304,162,142
110900147,76,360,-284
110900148,3,278,-275
110900149,1,72,-71
110900150,78,18,60
110900151,22,76,-54
110900152,23,157,-134
110900153,140,38,102
111000001,333,180,153
111000002,293,471,-178
111000003,1073,661,412
111000004,418,795,-377
111000005,1453,1235,218
111000006,837,1448,-611
111000007,4469,2856,1613
111000008,1859,2878,-1019
111000009,393,824,-431
111000010,831,285,546
111000011,229,865,-636
111000012,297,333,-36
111000013,438,666,-228
111000014,959,429,530
111000017,101,926,-825
111000018,257,372,-115
111000020,758,2316,-1558
111000021,83,86,-3
111000023,115,83,32
111000025,3592,3720,-128
111000029,75,116,-41
111000030,43,139,-96
111000031,2107,1179,928
111000032,434,326,108
111000033,253,292,-39
111000034,181,240,-59
111000037,1405,882,523
111000038,3617,2238,1379
111000039,1771,1933,-162
111000040,1837,2122,-285
111000041,1585,1505,80
111000042,2809,2184,625
111000043,2050,3402,-1352
111000044,1943,1260,683
111000045,2299,2274,25
111000046,1661,1799,-138
111000047,2435,4074,-1639
111000049,525,523,2
111000050,1259,1197,62
111000051,531,894,-363
111000052,531,1563,-1032
111000053,374,806,-432
111000054,334,729,-395
111000055,913,1260,-347
111000056,119,418,-299
111000057,84,404,-320
111000058,405,69,336
111000059,546,302,244
111000060,4050,863,3187
111000061,605,309,296
111000062,705,351,354
111000063,1645,940,705
111000064,678,598,80
111000065,1288,957,331
111000066,495,474,21
111000067,541,678,-137
111000068,584,926,-342
111000069,1517,1724,-207
111000070,691,713,-22
111000071,149,449,-300
111000072,986,320,666
111000073,257,615,-358
111000074,1495,1496,-1
111000075,964,552,412
111000076,555,543,12
111000077,1684,1554,130
111000078,2541,1353,1188
111000079,1239,720,519
111000080,501,578,-77
111000081,1438,3341,-1903
111000082,687,530,157
111000084,718,522,196
111000085,822,1095,-273
111000086,2108,920,1188
111000087,662,527,135
111000088,4166,2035,2131
111000089,720,715,5
111000090,892,1346,-454
111000091,783,444,339
111000092,1307,748,559
111000093,866,1150,-284
111000094,1721,933,788
111000095,659,2124,-1465
111000096,1636,7329,-5693
111000097,3821,1239,2582
111000098,631,996,-365
111000099,596,1571,-975
111000100,473,1174,-701
111000101,382,657,-275
111000102,281,542,-261
111000104,608,179,429
111000107,176,683,-507
111000109,950,243,707
111000110,1284,614,670
111000111,2162,573,1589
111000112,1741,651,1090
111000113,919,1262,-343
111000114,1542,2977,-1435
111000115,5367,1185,4182
111000116,906,827,79
111000117,382,871,-489
111000118,1245,697,548
111000119,1061,929,132
111000120,453,593,-140
111000121,289,672,-383
111000122,626,1014,-388
111000123,1074,2214,-1140
111000124,432,2120,-1688
111000125,204,1115,-911
111000126,44,711,-667
111000127,1005,152,853
111000128,2034,342,1692
111000129,2533,464,2069
111000130,2298,611,1687
111000131,1881,592,1289
111000132,1638,843,795
111000133,180,135,45
111000134,150,116,34
111000135,71,143,-72
111000136,376,308,68
111000138,18,2,16
111000140,3,7,-4
111000141,229,318,-89
111000142,10,96,-86
111000143,1,99,-98
111000144,20,241,-221
111000145,909,16,893
111000146,90,7,83
111000147,324,34,290
111000148,166,66,100
111000149,4,28,-24
111000150,27,4,23
111000151,1,21,-20
111000153,610,889,-279
111000154,756,191,565
111000155,88,190,-102
111000156,416,668,-252
111000157,253,1143,-890
111000158,916,698,218
111000159,2247,728,1519
111000160,501,288,213
111000161,7,304,-297
111000162,106,135,-29
111000163,723,849,-126
111000164,682,3428,-2746
111000165,967,559,408
111000166,1997,426,1571
111000167,148,429,-281
111000168,210,508,-298
111000169,294,705,-411
111000170,510,386,124
111000171,481,514,-33
111000172,198,322,-124
111000173,298,540,-242
111000174,227,278,-51
111000175,34,311,-277
111000176,383,104,279
111000177,330,202,128
111000178,917,252,665
111000179,250,184,66
111000180,247,433,-186
111000181,1163,224,939
111000182,195,181,14
111000183,282,351,-69
111000184,385,243,142
111000185,385,375,10
111000186,297,215,82
111000187,138,197,-59
111000188,289,356,-67
111000189,869,541,328
111000190,167,252,-85
111000191,167,288,-121
111000192,198,426,-228
111000193,264,234,30
111000194,55,257,-202
111000195,97,281,-184
111000196,55,150,-95
111000197,395,122,273
111000198,456,86,370
111000199,193,124,69
111000200,375,253,122
111000201,581,216,365
111000202,226,152,74
111000203,300,225,75
111000204,391,818,-427
111000213,208,339,-131
111000214,1503,1126,377
111000215,850,1039,-189
111000217,1337,853,484
111000218,1137,1100,37
111000219,427,187,240
111000220,1349,650,699
111000221,635,90,545
111000224,2,213,-211
111000225,192,45,147
111000226,87,3,84
111000227,21,4,17
111000228,34,383,-349
111000229,53,923,-870
111000230,444,346,98
111000231,941,588,353
111000232,594,744,-150
111000233,947,599,348
111000234,173,537,-364
111000239,103,126,-23
111000240,47,184,-137
111000241,51,279,-228
111000242,157,76,81
111000243,97,388,-291
111000244,495,72,423
111000245,1194,397,797
111000246,536,287,249
111000247,466,580,-114
111000248,598,409,189
111000249,487,567,-80
111000250,49,92,-43
111000251,64,135,-71
111000253,18,24,-6
111000255,45,4,41
111000257,42,26,16
111000260,69,905,-836
111000261,1299,104,1195
111000271,49,230,-181
111000273,3099,1256,1843
111000274,1140,1946,-806
111000275,143,55,88
111000276,265,1545,-1280
111000277,148,339,-191
111000278,604,206,398
111000291,632,5535,-4903
111000298,532,197,335
111000299,664,155,509
111000300,98,470,-372
111000302,326,68,258
111000303,50,156,-106
111000312,45,47,-2
111000315,1,23,-22
111000320,269,645,-376
111000321,337,151,186
111000322,344,429,-85
111000323,229,38,191
111000324,326,273,53
111000325,56,56,0
111000326,215,268,-53
111000327,342,306,36
111000328,241,410,-169
111000329,2,37,-35
111000330,52,5,47
111000331,20,4,16
111000332,524,1275,-751
111000334,312,1092,-780
111000335,949,229,720
111000337,1349,441,908
111000338,89,112,-23
111000339,684,293,391
111000340,251,496,-245
111000341,1153,620,533
111000342,180,493,-313
111000344,1148,663,485
111000345,248,52,196
111000346,13,90,-77
111000347,133,14,119
111000350,152,106,46
111000351,128,223,-95
111000352,147,109,38
111000353,159,215,-56
111000354,485,177,308
111000355,303,537,-234
111000358,158,886,-728
111000360,279,483,-204
111000361,153,227,-74
111000546,781,576,205
111000547,439,456,-17
111000548,131,365,-234
111000549,349,307,42
111000550,67,816,-749
111000551,560,134,426
111000552,1207,117,1090
111000907,236,17,219
111000908,13,1,12
111000916,1808,309,1499
111000917,61,398,-337
111000918,264,591,-327
111000920,425,7,418
111000921,7,163,-156
111000922,551,301,250
111000924,40,574,-534
111000925,2277,1878,399
111000926,885,1150,-265
111000927,3140,4307,-1167
111000928,4340,2842,1498
111000929,1288,1301,-13
111000930,704,1983,-1279
111000931,2497,2805,-308
111000932,4085,2398,1687
111000933,3354,2208,1146
111000934,1765,3298,-1533
111000935,1376,905,471
111000936,1071,1724,-653
111000937,923,1233,-310
111000938,1280,1159,121
111000939,523,46,477
111000940,494,144,350
111000941,334,462,-128
111000943,447,245,202
111000944,192,260,-68
111000945,70,1141,-1071
111001109,437,366,71
111001110,160,413,-253
111001111,72,8,64
111001112,109,6,103
111001113,1,139,-138
111001114,707,93,614
111001115,25,449,-424
111001116,4199,3725,474
111001117,607,2447,-1840
111001120,91,178,-87
111001121,142,188,-46
111001122,36,209,-173
111900001,9,109,-100
111900002,30,541,-511
111900003,4,238,-234
111900004,58,96,-38
111900006,14,35,-21
111900007,136,9,127
111900008,268,1,267
111900009,210,184,26
111900010,332,435,-103
111900012,76,101,-25
111900013,5,83,-78
111900014,4381,3986,395
111900015,0,72,-72
111900016,1,84,-83
111900017,2,139,-137
111900018,302,13,289
111900019,2,142,-140
111900020,0,58,-58
111900021,18,77,-59
111900022,16,52,-36
111900023,98,61,37
111900024,0,62,-62
111900025,0,41,-41
111900026,0,91,-91
111900027,1,123,-122
111900028,2,283,-281
111900029,3,101,-98
111900030,38,330,-292
111900031,8,18,-10
111900032,1,283,-282
111900033,4,74,-70
111900034,189,335,-146
111900035,44,178,-134
111900036,1,235,-234
111900038,271,523,-252
111900039,57,345,-288
111900040,6,386,-380
111900042,37,120,-83
111900043,7,256,-249
111900044,313,194,119
111900046,34,148,-114
111900048,279,481,-202
111900049,48,227,-179
111900050,94,58,36
111900051,1,180,-179
111900052,305,405,-100
111900053,1057,1724,-667
111900054,157,9,148
111900055,11,342,-331
111900056,164,303,-139
111900057,230,48,182
111900058,501,474,27
111900059,1325,586,739
111900060,389,4,385
111900061,14,165,-151
111900062,23,76,-53
111900063,529,292,237
111900064,63,180,-117
111900065,88,45,43
111900066,164,136,28
111900067,3,256,-253
111900068,91,62,29
111900069,55,26,29
111900070,182,115,67
111900071,2,192,-190
111900072,62,34,28
111900073,815,191,624
111900074,10,152,-142
111900075,105,15,90
111900076,208,83,125
111900077,55,7,48
111900078,358,17,341
111900079,42,43,-1
111900080,210,213,-3
111900081,518,178,340
111900082,136,19,117
111900083,142,17,125
111900084,157,11,146
111900085,36,153,-117
111900086,38,5,33
111900087,68,1,67
111900088,539,6,533
111900089,182,5,177
111900090,47,38,9
111900091,265,6,259
111900092,75,0,75
111900093,493,14,479
111900094,194,0,194
111900095,253,52,201
111900096,151,4,147
111900097,59,0,59
111900098,230,6,224
111900099,99,0,99
111900100,142,8,134
111900101,115,22,93
111900102,510,492,18
111900103,68,93,-25
111900104,152,45,107
111900105,413,414,-1
111900106,1207,69,1138
111900107,83,103,-20
111900108,151,205,-54
111900109,435,529,-94
111900110,1649,395,1254
111900111,177,105,72
111900112,517,2737,-2220
111900113,246,106,140
111900114,187,127,60
111900115,15,39,-24
111900118,214,95,119
111900119,330,209,121
111900122,108,81,27
111900123,25,30,-5
111900124,23,78,-55
111900125,535,43,492
111900126,294,5,289
111900127,3,512,-509
111900128,5,379,-374
111900129,334,1,333
111900130,252,34,218
111900131,506,8,498
111900132,18,782,-764
111900133,29,335,-306
111900134,11,172,-161
111900135,19,41,-22
111900136,69,154,-85
111900137,41,48,-7
111900138,18,36,-18
111900139,38,88,-50
111900140,90,33,57
111900141,59,10,49
111900142,130,30,100
111900143,32,161,-129
111900144,0,64,-64
111900145,2,298,-296
111900146,0,206,-206
111900147,117,382,-265
111900148,25,497,-472
111900149,12,255,-243
111900150,14,160,-146
111900151,1,24,-23
111900152,68,81,-13
111900153,1202,600,602
111900154,24,286,-262
111900155,64,76,-12
111900156,56,78,-22
111900157,125,19,106
111900158,660,92,568
111900159,255,20,235
111900160,249,0,249
111900161,156,1,155
111900162,66,150,-84
111900163,28,175,-147
111900164,77,67,10
111901113,618,175,443
111901114,414,217,197
111901115,55,1,54
111901116,36,2,34
111901117,18,17,1
111901118,42,286,-244
111901119,576,81,495
111901120,86,160,-74
111901121,95,124,-29
111901122,7,287,-280
111901123,220,252,-32
111901124,184,9,175
111901125,310,86,224
111901126,121,69,52
111901127,478,591,-113
111901128,12,81,-69
111901129,4,124,-120
111901130,9,141,-132
111901131,1,262,-261
111901132,74,18,56
111901133,41,3,38
111901134,73,5,68
111901135,18,13,5
111901136,36,68,-32
111901137,0,36,-36
111901138,194,44,150
111901139,14,18,-4
111901140,14,69,-55
111901141,10,89,-79
111901142,6,81,-75
111901143,1,102,-101
111901144,30,36,-6
112000001,1858,665,1193
112000002,594,1872,-1278
112000003,1489,1100,389
112000004,635,877,-242
112000005,3539,3546,-7
112000006,2099,1663,436
112000007,3132,2071,1061
112000008,2318,3459,-1141
112000009,2923,2403,520
112000010,2748,3364,-616
112000011,1425,1397,28
112000012,4445,5084,-639
112000013,3787,2893,894
112000014,2653,2740,-87
112000015,3295,3539,-244
112000016,4251,1561,2690
112000017,1691,3130,-1439
112000024,2091,1062,1029
112000026,2926,3655,-729
112000027,870,598,272
112000028,1077,1577,-500
112000029,605,816,-211
112000030,167,81,86
112000031,1243,4832,-3589
112000032,347,59,288
112000033,1650,2097,-447
112000034,270,101,169
112000035,120,461,-341
112000036,743,1090,-347
112000037,1037,709,328
112000038,1213,1082,131
112000039,93,72,21
112000040,89,183,-94
112000041,414,394,20
112000042,1180,476,704
112000050,1251,1404,-153
112000051,1039,1313,-274
112000054,1525,1633,-108
112000057,495,457,38
112000058,379,719,-340
112000059,557,946,-389
112000061,2662,1799,863
112000062,1423,829,594
112000063,969,1620,-651
112000064,3763,4377,-614
112000065,1531,2099,-568
112000066,3650,1420,2230
112000067,835,719,116
112000068,3288,2312,976
112000069,657,1816,-1159
112000070,1858,926,932
112000071,1255,2776,-1521
112000072,2569,999,1570
112000073,1924,2521,-597
112000074,1895,1284,611
112000075,1356,1215,141
112000076,3216,2327,889
112000077,608,542,66
112000078,1661,642,1019
112000079,1331,1216,115
112000080,754,710,44
112000081,1305,2064,-759
112000082,1449,815,634
112000083,564,1112,-548
112000084,1405,832,573
112000085,1191,926,265
112000086,1822,1157,665
112000087,572,364,208
112000088,874,491,383
112000089,261,234,27
112000090,183,268,-85
112000091,598,851,-253
112000092,2061,1088,973
112000093,1484,809,675
112000094,707,787,-80
112000095,601,826,-225
112000096,641,551,90
112000097,1475,783,692
112000098,984,1000,-16
112000099,823,1819,-996
112000100,2031,725,1306
112000101,519,805,-286
112000102,1419,419,1000
112000103,354,961,-607
112000105,505,1315,-810
112000106,1650,347,1303
112000107,18,249,-231
112000108,186,1251,-1065
112000109,76,68,8
112000110,1512,494,1018
112000111,997,3402,-2405
112000112,4030,606,3424
112000113,936,1586,-650
112000114,2593,971,1622
112000115,350,368,-18
112000116,746,1019,-273
112000117,1060,755,305
112000118,975,802,173
112000119,424,610,-186
112000120,60,253,-193
112000121,137,369,-232
112000122,292,146,146
112000123,709,155,554
112000124,392,82,310
112000125,237,296,-59
112000126,274,401,-127
112000127,2298,2549,-251
112000128,795,749,46
112000129,107,99,8
112000130,182,85,97
112000131,51,282,-231
112000132,125,257,-132
112000133,353,173,180
112000134,427,324,103
112000135,1312,634,678
112000136,1008,1151,-143
112000137,1601,1554,47
112000138,1422,1100,322
112000139,881,546,335
112000140,936,994,-58
112000141,877,318,559
112000142,133,467,-334
112000143,1056,197,859
112000144,298,992,-694
112000145,2553,551,2002
112000146,542,1494,-952
112000147,2407,1708,699
112000148,1451,1719,-268
112000149,556,453,103
112000150,236,542,-306
112000151,313,311,2
112000152,426,375,51
112000153,156,223,-67
112000154,99,188,-89
112000155,124,95,29
112000157,750,549,201
112000158,252,390,-138
112000159,601,318,283
112000167,500,86,414
112000169,300,409,-109
112000173,818,233,585
112000175,381,364,17
112000176,2729,2062,667
112000177,801,216,585
112000178,116,317,-201
112000179,237,86,151
112000180,270,360,-90
112000181,1352,1608,-256
112000182,1386,1298,88
112000183,31,40,-9
112000184,392,337,55
112000185,549,401,148
112000187,5603,3390,2213
112000195,162,25,137
112000196,266,6,260
112000197,238,310,-72
112000198,44,255,-211
112000199,131,796,-665
112000202,462,1,461
112000216,66,225,-159
112000230,77,8,69
112000231,5,232,-227
112000256,62,242,-180
112000313,76,143,-67
112000314,71,29,42
112000337,608,601,7
112000352,324,464,-140
112000392,1299,1252,47
112000398,1371,842,529
112000399,1402,2197,-795
112000400,1544,2497,-953
112000401,2506,2113,393
112000402,3375,3342,33
112000403,1687,2574,-887
112000404,905,933,-28
112000405,2029,2803,-774
112000406,3099,2052,1047
112000407,7524,8519,-995
112000408,7456,5435,2021
112000409,1519,3768,-2249
112000410,555,322,233
112000411,3137,1690,1447
112000412,1383,706,677
112000413,6890,6111,779
112000414,73,66,7
112000415,106,39,67
112000416,2574,1397,1177
112000417,306,55,251
112000421,72,137,-65
112000422,335,333,2
112000424,1896,2669,-773
112000425,434,588,-154
112000426,130,295,-165
112000427,6,10,-4
112000428,208,260,-52
112000429,2221,2183,38
112000430,2236,2463,-227
112000431,88,136,-48
112000432,738,1040,-302
112000433,398,925,-527
112000437,44,149,-105
112900001,57,2,55
112900002,533,793,-260
112900003,79,334,-255
112900004,127,283,-156
112900005,236,157,79
112900006,8,254,-246
112900007,60,161,-101
112900008,1,23,-22
112900009,425,169,256
112900010,377,838,-461
112900011,149,228,-79
112900012,2,47,-45
112900013,26,308,-282
112900014,2,331,-329
112900015,419,698,-279
112900016,22,219,-197
112900017,50,207,-157
112900018,1,194,-193
112900019,41,205,-164
112900020,361,946,-585
112900021,3,183,-180
112900022,9,81,-72
112900023,0,137,-137
112900024,28,177,-149
112900025,98,300,-202
112900026,7,206,-199
112900027,9,863,-854
112900028,26,134,-108
112900029,10,412,-402
112900030,118,151,-33
112900031,2,346,-344
112900032,366,246,120
112900034,0,47,-47
112900035,8,320,-312
112900036,125,145,-20
112900037,169,154,15
112900038,790,184,606
112900039,10,212,-202
112900040,2,370,-368
112900041,706,1337,-631
112900042,46,262,-216
112900043,31,46,-15
112900044,570,555,15
112900045,255,245,10
112900046,195,59,136
112900047,9,15,-6
112900049,269,86,183
112900050,35,474,-439
112900051,286,515,-229
112900052,5,676,-671
112900053,524,117,407
112900054,205,77,128
112900055,140,62,78
112900056,368,199,169
112900057,24,392,-368
112900058,410,419,-9
112900059,152,103,49
112900060,20,145,-125
112900061,76,96,-20
112900062,54,121,-67
112900063,99,17,82
112900064,182,198,-16
112900065,47,23,24
112900066,322,248,74
112900067,354,196,158
112900068,59,34,25
112900069,1489,728,761
112900071,32,8,24
112900072,173,2054,-1881
112900073,303,87,216
112900074,104,285,-181
112900075,1185,909,276
112900076,76,34,42
112900078,406,428,-22
112900079,350,42,308
112900080,88,3,85
112900081,46,197,-151
112900082,671,35,636
112900083,125,106,19
112900084,277,152,125
112900085,0,6,-6
112900086,69,0,69
112900087,852,183,669
112900088,186,28,158
112900089,1458,54,1404
112900090,73,43,30
112900091,306,4,302
112900092,188,323,-135
112900093,1315,27,1288
112900094,73,2,71
112900095,27,0,27
112900096,615,195,420
112900097,100,318,-218
112900098,252,8,244
112900099,966,36,930
112900100,56,0,56
112900101,295,2,293
112900102,159,16,143
112900103,187,7,180
112900104,8,0,8
112900105,16,1,15
112900106,367,121,246
112900107,10,4,6
112900108,54,2,52
112900109,188,0,188
112900110,1325,54,1271
112900111,802,9,793
112900112,332,2,330
112900113,0,11,-11
112900114,137,14,123
112900115,1342,3,1339
112900116,149,18,131
112900117,75,67,8
112900118,29,79,-50
112900119,128,1,127
112900120,664,248,416
112900121,107,202,-95
112900122,13,88,-75
112900123,97,29,68
112900124,8,75,-67
112900125,89,692,-603
112900126,201,199,2
112900127,398,105,293
112900128,240,682,-442
112900129,1,741,-740
112900130,283,90,193
112900131,23,219,-196
112900132,106,413,-307
112900133,18,980,-962
112900134,2,264,-262
112900135,129,42,87
112900136,1,24,-23
112900137,5,362,-357
112900138,7,249,-242
112900139,198,1164,-966
112900140,0,61,-61
112900141,950,99,851
112900142,69,155,-86
112900143,35,399,-364
112900144,1,173,-172
112900145,29,416,-387
112900146,7,902,-895
112900147,0,1211,-1211
112900148,50,0,50
112900149,340,336,4
112900151,10,62,-52
112900152,3175,872,2303
112900153,1712,2581,-869
112900154,0,104,-104
112900155,231,48,183
112900156,437,1159,-722
112900157,258,12,246
112900158,80,16,64
112900159,267,142,125
112900160,73,253,-180
112900161,103,45,58
112900162,79,23,56
112900163,101,48,53
112900164,26,152,-126
112900165,154,27,127
112900166,47,55,-8
112900167,10,64,-54
112900168,7,9,-2
112900169,5,20,-15
112900170,130,97,33
112900172,47,15,32
112900173,198,114,84
112900174,317,47,270
112900175,147,171,-24
112900176,8,36,-28
112900177,171,44,127
112900178,837,2266,-1429
112900179,40,408,-368
112900180,1866,1456,410
112900181,555,4,551
112900182,54,830,-776
112900183,153,361,-208
112900184,435,533,-98
112900185,303,813,-510
112900186,1361,1255,106
112900187,93,537,-444
112900188,616,518,98
112900189,10,17,-7
112900190,11,26,-15
112900192,706,747,-41
112900193,1463,374,1089
112900194,51,54,-3
112900195,1146,73,1073
112900196,212,318,-106
112900197,290,408,-118
112900199,698,464,234
112900200,501,201,300
112900201,145,98,47
112900202,434,744,-310
112900203,283,206,77
112900204,892,658,234
112900205,19,29,-10
112900206,53,116,-63
112900207,13,0,13
112900208,99,348,-249
112900209,443,317,126
112900210,1,26,-25
112900211,136,29,107
112900212,3,67,-64
112900213,32,6,26
112900214,26,3,23
112900215,5,143,-138
112900216,14,82,-68
112900217,2,73,-71
112900218,102,15,87
112900219,82,29,53
112900220,3,0,3
112900221,68,131,-63
112900222,0,23,-23
112900223,1228,31,1197
112900224,420,478,-58
112900225,467,338,129
112900226,249,458,-209
112900227,776,879,-103
112900228,62,40,22
112900229,274,52,222
112900230,6512,4671,1841
112900232,345,336,9
112900233,56,166,-110
112900234,23,64,-41
112900235,83,23,60
112900236,367,8,359
112900237,182,115,67
112900238,11,17,-6
113000001,5882,3984,1898
113000002,3639,3307,332
113000003,1857,1383,474
113000004,1435,2141,-706
113000005,1993,999,994
113000006,1067,1319,-252
113000007,2307,1153,1154
113000008,1671,1771,-100
113000009,1178,708,470
113000010,1118,1334,-216
113000011,713,1478,-765
113000012,1981,647,1334
113000013,1298,688,610
113000014,1315,1440,-125
113000015,506,191,315
113000016,315,888,-573
113000017,74,344,-270
113000018,405,70,335
113000019,312,377,-65
113000020,457,77,380
113000021,1201,448,753
113000022,724,1032,-308
113000025,113,299,-186
113000026,428,505,-77
113000027,639,657,-18
113000028,831,729,102
113000029,934,681,253
113000030,455,615,-160
113000031,198,251,-53
113000032,348,332,16
113000033,405,461,-56
113000034,368,345,23
113000035,27,60,-33
113000036,29,68,-39
113000037,92,44,48
113000038,34,51,-17
113000039,101,347,-246
113000040,63,64,-1
113000042,790,557,233
113000051,903,2169,-1266
113000052,1940,758,1182
113000053,367,345,22
113000054,370,711,-341
113000055,1124,524,600
113000056,1050,783,267
113000058,732,851,-119
113000059,1120,638,482
113000060,261,496,-235
113000061,420,772,-352
113000062,765,284,481
113000063,221,82,139
113000064,40,249,-209
113000065,118,658,-540
113000066,800,98,702
113000067,2257,1103,1154
113000068,332,1097,-765
113000069,531,1020,-489
113000070,2767,1060,1707
113000071,456,564,-108
113000072,880,478,402
113000073,428,1331,-903
113000074,1014,544,470
113000075,2004,767,1237
113000076,639,1846,-1207
113000077,1222,683,539
113000078,733,2556,-1823
113000079,646,773,-127
113000080,611,653,-42
113000081,819,926,-107
113000082,1272,881,391
113000083,501,931,-430
113000084,1621,1230,391
113000085,843,712,131
113000086,1034,1264,-230
113000087,930,862,68
113000088,2355,1366,989
113000089,845,1549,-704
113000090,264,610,-346
113000091,577,332,245
113000094,1243,196,1047
113000095,193,723,-530
113000096,120,756,-636
113000097,1003,398,605
113000098,175,56,119
113000099,984,415,569
113000100,155,393,-238
113000101,466,541,-75
113000102,677,455,222
113000103,1724,524,1200
113000104,518,1898,-1380
113000105,874,488,386
113000106,363,527,-164
113000107,774,717,57
113000108,688,973,-285
113000109,591,1451,-860
113000110,1663,446,1217
113000111,95,499,-404
113000112,215,269,-54
113000113,1390,349,1041
113000114,269,1534,-1265
113000116,660,356,304
113000117,870,131,739
113000118,111,523,-412
113000119,316,352,-36
113000120,59,245,-186
113000121,481,978,-497
113000124,196,109,87
113000125,83,848,-765
113000127,2066,383,1683
113000128,434,624,-190
113000129,603,786,-183
113000133,2092,1900,192
113000134,4,1023,-1019
113000135,4287,4373,-86
113000137,1981,3633,-1652
113000139,385,255,130
113000140,122,255,-133
113000141,317,218,99
113000142,591,1356,-765
113000143,319,270,49
113000144,290,671,-381
113000145,91,172,-81
113000146,137,77,60
113000147,260,220,40
113000148,250,156,94
113000149,151,238,-87
113000150,717,302,415
113000151,55,73,-18
113000152,38,100,-62
113000153,1346,616,730
113000154,1047,1628,-581
113000155,397,532,-135
113000156,150,328,-178
113000157,249,899,-650
113000158,772,249,523
113000159,1214,547,667
113000160,617,1073,-456
113000161,242,388,-146
113000162,876,458,418
113000163,173,50,123
113000164,30,100,-70
113000166,185,80,105
113000167,44,107,-63
113000168,110,138,-28
113000169,220,49,171
113000170,104,90,14
113000171,46,83,-37
113000172,265,51,214
113000173,66,24,42
113000174,119,378,-259
113000175,447,97,350
113000176,605,145,460
113000177,242,468,-226
113000178,264,347,-83
113000179,331,149,182
113000180,675,931,-256
113000181,948,819,129
113000182,150,434,-284
113000183,175,552,-377
113000184,27,130,-103
113000189,424,876,-452
113000190,1042,662,380
113000192,1113,2313,-1200
113000193,3680,1281,2399
113000194,1285,1128,157
113000195,2153,1151,1002
113000196,143,73,70
113000197,1396,1122,274
113000198,121,244,-123
113000199,1503,385,1118
113000201,211,264,-53
113000202,3811,1282,2529
113000203,178,119,59
113000204,1168,2361,-1193
113000205,15,33,-18
113000206,9,39,-30
113000207,108,30,78
113000208,54,48,6
113000209,15,35,-20
113000210,6,16,-10
113000211,160,159,1
113000212,71,22,49
113000213,43,116,-73
113000214,148,218,-70
113000234,174,733,-559
113000410,143,273,-130
113000411,2679,4501,-1822
113000412,5653,2335,3318
113000413,2319,2865,-546
113000414,6009,14083,-8074
113000415,2272,3154,-882
113000416,8374,4185,4189
113000417,2615,3359,-744
113000418,4361,3736,625
113000419,2113,2552,-439
113000420,4560,6925,-2365
113000421,4068,7038,-2970
113000422,11921,12941,-1020
113000423,2204,6092,-3888
113000424,2972,8486,-5514
113000425,10,68,-58
113000428,26,16,10
113000430,9,45,-36
113000432,2250,179,2071
113000433,73,731,-658
113000434,25,97,-72
113000435,17,444,-427
113000436,27,980,-953
113000437,1142,14,1128
113000438,270,8,262
113000439,18,59,-41
113000440,89,23,66
113000441,211,162,49
113000442,116,133,-17
113000443,255,179,76
113000444,178,160,18
113000445,116,86,30
113000446,12,77,-65
113000448,141,171,-30
113000449,152,488,-336
113000450,492,1635,-1143
113000451,935,169,766
113000452,323,305,18
113000453,38,298,-260
113000454,568,35,533
113000455,4,270,-266
113000456,3863,3028,835
113000468,1267,180,1087
113000469,140,172,-32
113000470,367,24,343
113000471,15,335,-320
113000472,101,278,-177
113000474,587,500,87
113000475,1433,1726,-293
113000476,1447,1893,-446
113000477,3149,1878,1271
113000478,3687,4793,-1106
113000479,69,148,-79
113000480,119,206,-87
113000482,0,0,0
113000484,0,0,0
113000485,0,0,0
113000486,0,0,0
113000487,0,0,0
113000489,0,2,-2
113000490,0,0,0
113000491,5,0,5
113000492,0,0,0
113000493,2,0,2
113000495,102,88,14
113000496,78,58,20
113000498,0,0,0
113000499,0,0,0
113000500,0,1,-1
113900001,0,265,-265
113900002,0,111,-111
113900003,0,79,-79
113900004,3,45,-42
113900005,0,67,-67
113900006,1,14,-13
113900007,68,28,40
113900008,21,0,21
113900009,137,0,137
113900010,66,0,66
113900011,30,0,30
113900012,35,0,35
113900013,227,3,224
113900014,549,2,547
113900015,0,54,-54
113900016,49,0,49
113900017,5,38,-33
113900018,390,277,113
113900019,126,56,70
113900020,157,5,152
113900022,41,0,41
113900023,16,0,16
113900024,39,47,-8
113900025,278,23,255
113900026,55,0,55
113900027,3,50,-47
113900028,25,390,-365
113900029,46,174,-128
113900030,203,2,201
113900031,20,1,19
113900032,33,0,33
113900033,67,81,-14
113900035,66,2,64
113900036,16,83,-67
113900037,212,317,-105
113900038,38,84,-46
113900039,174,36,138
113900040,11,15,-4
113900041,7,2,5
113900042,76,54,22
113900043,146,144,2
113900044,260,349,-89
113900045,85,1,84
113900046,300,553,-253
113900047,42,120,-78
113900048,220,114,106
113900049,473,301,172
113900050,280,330,-50
113900051,213,363,-150
113900052,190,138,52
113900053,758,547,211
113900054,24,5,19
113900055,106,447,-341
113900056,63,206,-143
113900057,20,87,-67
113900058,65,138,-73
113900059,220,297,-77
113900060,109,243,-134
113900061,830,259,571
113900062,114,24,90
113900063,107,185,-78
113900064,27,78,-51
113900065,390,15,375
113900066,347,320,27
113900067,179,267,-88
113900068,493,426,67
113900069,52,28,24
113900070,173,526,-353
113900071,45,47,-2
113900072,67,157,-90
113900073,122,208,-86
113900074,227,378,-151
113900075,1324,1019,305
113900076,206,17,189
113900077,52,173,-121
113900078,60,70,-10
113900079,1,35,-34
113900080,584,162,422
113900081,51,205,-154
113900082,108,212,-104
113900083,380,266,114
113900084,302,115,187
113900085,33,164,-131
113900086,27,23,4
113900087,113,205,-92
113900088,66,74,-8
113900089,464,39,425
113900090,646,390,256
113900091,6,9,-3
113900092,37,77,-40
113900093,71,627,-556
113900094,561,432,129
113900095,147,94,53
113900096,346,86,260
113900097,29,90,-61
113900098,706,83,623
113900099,0,32,-32
113900100,0,9,-9
113900101,13,65,-52
113900102,111,165,-54
113900103,320,338,-18
113900104,120,191,-71
113900105,109,131,-22
113900106,0,47,-47
113900107,0,22,-22
113900108,208,297,-89
113900109,383,177,206
113900110,55,16,39
113900111,142,92,50
113900112,129,68,61
113900113,1004,493,511
113900114,0,58,-58
113900115,0,68,-68
113900116,150,154,-4
113900117,125,20,105
113900118,228,404,-176
113900119,195,613,-418
113900120,49,35,14
113900121,87,105,-18
113900122,464,1893,-1429
113900123,485,171,314
113900124,0,32,-32
113900125,808,106,702
113900126,192,50,142
113900127,309,751,-442
113900128,122,67,55
113900129,12,153,-141
113900130,2,53,-51
113900131,351,65,286
113900132,34,72,-38
113900133,15,71,-56
113900135,253,208,45
113900136,121,54,67
113900137,316,241,75
113900138,74,252,-178
113900139,291,169,122
113900140,324,449,-125
113900141,615,277,338
113900142,161,66,95
113900143,10,48,-38
113900144,186,280,-94
113900145,407,161,246
113900146,190,62,128
113900148,122,313,-191
113900149,166,56,110
113900150,716,551,165
113900151,461,160,301
113900152,46,40,6
113900153,311,740,-429
113900154,5,155,-150
113900155,216,240,-24
113900156,261,360,-99
113900157,57,303,-246
113900158,372,458,-86
113900159,8,239,-231
113900160,636,527,109
113900161,65,266,-201
113900162,465,1011,-546
113900163,293,233,60
113900164,275,51,224
113900165,777,558,219
113900166,280,207,73
113900167,289,39,250
113900168,107,95,12
113900169,269,376,-107
113900171,216,81,135
113900172,15,138,-123
113900173,40,529,-489
113900174,571,595,-24
113900175,399,137,262
113900176,385,631,-246
113900177,349,207,142
113900178,356,132,224
113900179,12,320,-308
113900180,178,102,76
113900181,654,159,495
113900182,714,986,-272
113900183,77,68,9
113900184,4,254,-250
113900185,120,89,31
113900186,59,37,22
113900187,44,169,-125
113900188,45,177,-132
113900189,243,131,112
113900190,280,114,166
113900191,113,257,-144
113900192,9,597,-588
113900193,25,191,-166
113900194,1200,920,280
113900195,248,320,-72
113900196,13,122,-109
113900197,0,165,-165
113900198,29,186,-157
113900199,111,680,-569
113900200,18,189,-171
113900201,1,118,-117
113900202,41,239,-198
113900203,0,103,-103
113900204,43,472,-429
113900205,11,152,-141
113900206,10,136,-126
113900207,4,61,-57
113900208,1,60,-59
113900209,1,72,-71
113900210,481,800,-319
113900211,227,69,158
113900212,167,367,-200
113900214,401,377,24
113900215,107,129,-22
113900216,109,711,-602
113900217,80,165,-85
113900218,159,67,92
113900219,79,377,-298
113900220,184,117,67
113900221,469,269,200
113900222,236,514,-278
113900223,217,673,-456
113900224,81,72,9
113900225,502,246,256
113900226,447,133,314
113900227,468,274,194
113900228,312,422,-110
113900229,94,837,-743
113900230,4209,4237,-28
113900231,130,184,-54
113900232,127,89,38
113900233,87,86,1
113900234,388,412,-24
113900235,91,21,70
113900236,190,258,-68
113900237,202,13,189
113900238,252,555,-303
113900239,53,99,-46
113900240,5,173,-168
113900241,105,54,51
113900242,46,138,-92
113900243,118,382,-264
113900244,316,172,144
113900245,1236,283,953
113900246,17,20,-3
113900247,155,440,-285
113900248,2584,2108,476
113900249,708,396,312
113900250,72,148,-76
113900251,644,140,504
113900252,580,32,548
113900253,789,79,710
113900254,1054,165,889
113900255,507,28,479
113900256,343,25,318
113900257,37,371,-334
113900258,20,310,-290
113900259,595,141,454
113900260,249,15,234
113900261,37,79,-42
113900262,114,418,-304
113900263,157,663,-506
113900264,2,377,-375
113900265,202,370,-168
113900266,43,147,-104
113900267,112,457,-345
113900268,287,457,-170
113900269,65,141,-76
113900270,264,743,-479
113900271,781,1132,-351
113900273,34,14,20
113900274,48,33,15
113900275,34,61,-27
113900276,0,123,-123
113900277,135,8,127
113900278,242,180,62
113900279,77,89,-12
113900280,1300,647,653
113900281,568,1507,-939
113900282,710,676,34
113900283,370,508,-138
113900284,749,159,590
113900285,154,105,49
113900286,106,104,2
113900287,56,53,3
113900288,3,129,-126
113900289,721,95,626
113900290,276,264,12
113900291,101,167,-66
113900292,16,4,12
113900293,2,226,-224
113900294,429,22,407
113900295,399,422,-23
113900296,1671,434,1237
113900297,2574,72,2502
113900298,11,1484,-1473
113900299,73,116,-43
113900300,4487,3584,903
113900301,844,348,496
113900302,1990,987,1003
113900303,493,432,61
113900304,0,114,-114
113900305,144,0,144
113900306,51,1,50
113900307,19,0,19
113900308,84,95,-11
113900309,2,542,-540
113900310,0,8,-8
113900311,8,5,3
113900312,161,205,-44
113900313,14,9,5
114000001,1132,2397,-1265
114000002,307,304,3
114000003,48,259,-211
114000004,62,200,-138
114000005,232,254,-22
114000006,2590,2127,463
114000007,798,1262,-464
114000008,1383,1813,-430
114000009,747,230,517
114000011,2625,2351,274
114000012,2567,1633,934
114000013,1658,1246,412
114000014,530,269,261
114000015,2037,328,1709
114000016,218,259,-41
114000017,145,336,-191
114000018,243,46,197
114000026,1745,1195,550
114000027,3235,1849,1386
114000028,2420,2564,-144
114000038,362,137,225
114000039,99,54,45
114000040,138,248,-110
114000042,188,151,37
114000043,60,73,-13
114000044,219,52,167
114000045,70,74,-4
114000046,3219,4848,-1629
114000047,12,80,-68
114000048,87,55,32
114000049,1401,1694,-293
114000050,1751,2315,-564
114000051,3200,2311,889
114000052,4039,1991,2048
114000053,117,696,-579
114000054,221,800,-579
114000055,215,29,186
114000056,1104,986,118
114000057,4810,2276,2534
114000058,572,1666,-1094
114000059,341,316,25
114000060,614,816,-202
114000061,3033,3291,-258
114000062,2426,1777,649
114000063,2309,1663,646
114000064,5716,3856,1860
114000065,1387,2370,-983
114000066,363,563,-200
114000067,36,839,-803
114000068,538,792,-254
114000069,1031,683,348
114000070,2195,1848,347
114000071,851,556,295
114000072,441,236,205
114000073,15,50,-35
114000074,43,32,11
114000075,58,79,-21
114000076,26,89,-63
114000077,3,30,-27
114000078,324,647,-323
114000079,121,26,95
114000080,81,93,-12
114000081,85,73,12
114000082,64,369,-305
114000083,76,195,-119
114000084,422,80,342
114000085,101,532,-431
114000086,205,351,-146
114000087,116,177,-61
114000088,51,24,27
114000089,726,338,388
114000090,943,851,92
114000091,1799,913,886
114000092,1111,505,606
114000093,1657,721,936
114000094,397,369,28
114000095,241,161,80
114000096,93,317,-224
114000097,112,478,-366
114000098,537,117,420
114000099,747,420,327
114000100,1754,577,1177
114000101,480,613,-133
114000102,572,295,277
114000103,115,338,-223
114000104,36,188,-152
114000105,141,64,77
114000106,806,1092,-286
114000107,414,105,309
114000108,1009,813,196
114000109,554,909,-355
114000110,539,1216,-677
114000111,1832,724,1108
114000112,286,1166,-880
114000113,991,340,651
114000114,1290,1156,134
114000115,2140,1240,900
114000116,1011,1607,-596
114000117,3405,458,2947
114000118,2764,446,2318
114000119,1822,455,1367
114000120,556,635,-79
114000121,374,683,-309
114000122,341,246,95
114000123,2144,326,1818
114000124,943,245,698
114000125,650,1101,-451
114000126,1689,183,1506
114000127,205,157,48
114000128,823,317,506
114000130,461,498,-37
114000131,341,98,243
114000132,651,501,150
114000133,961,1358,-397
114000134,87,142,-55
114000138,57,181,-124
114000139,442,257,185
114000144,999,511,488
114000145,99,194,-95
114000146,148,233,-85
114000147,1644,1926,-282
114000148,1823,1816,7
114000149,373,317,56
114000150,535,705,-170
114000151,777,1366,-589
114000152,143,50,93
114000153,781,2358,-1577
114000154,730,706,24
114000155,1532,2299,-767
114000156,771,625,146
114000157,282,893,-611
114000158,1443,823,620
114000159,152,457,-305
114000160,138,458,-320
114000161,1399,3409,-2010
114000162,1119,3099,-1980
114000163,25,107,-82
114000165,624,278,346
114000166,782,458,324
114000167,2635,1563,1072
114000168,651,612,39
114000169,1599,1488,111
114000170,1199,1496,-297
114000171,1261,3490,-2229
114000174,237,508,-271
114000176,395,429,-34
114000177,1665,791,874
114000178,78,48,30
114000179,993,616,377
114000180,419,571,-152
114000181,1809,3928,-2119
114000182,2372,2387,-15
114000183,868,864,4
114000184,3057,927,2130
114000185,1118,718,400
114000189,1036,164,872
114000190,2936,393,2543
114000191,41,97,-56
114000192,185,1226,-1041
114000193,584,2180,-1596
114000194,1354,698,656
114000195,157,32,125
114000196,1,174,-173
114000197,1314,22,1292
114000198,801,280,521
114000199,1843,1630,213
114000200,522,1625,-1103
114000201,233,689,-456
114000202,847,462,385
114000203,451,572,-121
114000204,232,425,-193
114000205,215,1264,-1049
114000206,604,997,-393
114000207,580,1466,-886
114000208,481,2269,-1788
114000209,565,1919,-1354
114000210,209,1006,-797
114000211,892,1300,-408
114000212,739,739,0
114000213,1156,500,656
114000214,131,187,-56
114000215,251,85,166
114000216,1297,285,1012
114000217,369,210,159
114000218,158,228,-70
114000219,1096,195,901
114000220,47,653,-606
114000221,827,155,672
114000222,181,726,-545
114000223,440,157,283
114000224,76,429,-353
114000225,256,498,-242
114000226,184,208,-24
114000227,694,449,245
114000228,803,656,147
114000229,1157,1117,40
114000230,1440,1060,380
114000231,1015,1073,-58
114000232,680,141,539
114000233,2061,117,1944
114000234,911,730,181
114000235,948,1067,-119
114000236,1,328,-327
114000237,76,718,-642
114000238,90,203,-113
114000239,190,879,-689
114000240,768,788,-20
114000241,262,783,-521
114000242,807,767,40
114000243,1432,830,602
114000244,528,376,152
114000245,356,617,-261
114000246,103,30,73
114000247,506,623,-117
114000248,1188,503,685
114000249,421,425,-4
114000250,482,562,-80
114000251,398,238,160
114000252,58,61,-3
114000253,58,133,-75
114000254,52,79,-27
114000255,607,269,338
114000256,1567,2402,-835
114000257,381,1146,-765
114000258,207,322,-115
114000259,67,224,-157
114000260,0,16,-16
114000261,32,25,7
114000262,182,151,31
114000263,12,2,10
114000264,1267,499,768
114000265,0,0,0
114000267,5,1371,-1366
114000268,1,1105,-1104
114000270,40,2,38
114000271,309,82,227
114000283,1094,359,735
114000285,35,154,-119
114000288,60,260,-200
114000289,1346,110,1236
114000293,170,399,-229
114000294,176,326,-150
114000395,1260,43,1217
114000396,610,552,58
114000402,503,223,280
114000403,272,283,-11
114000405,174,378,-204
114000423,328,280,48
114000424,468,198,270
114000425,836,373,463
114000426,373,786,-413
114000427,67,90,-23
114000428,140,192,-52
114000429,10,190,-180
114000432,89,73,16
114000434,24,61,-37
114000435,0,14,-14
114900001,807,795,12
114900002,577,135,442
114900003,778,1114,-336
114900004,239,427,-188
114900005,612,642,-30
114900006,96,132,-36
114900007,399,32,367
114900008,167,82,85
114900010,1648,1717,-69
114900011,263,160,103
114900013,319,171,148
114900015,93,436,-343
114900018,744,33,711
114900020,227,102,125
114900021,268,190,78
114900022,72,630,-558
114900024,315,173,142
114900025,571,209,362
114900026,59,199,-140
114900027,229,228,1
114900029,14,16,-2
114900030,371,174,197
114900031,435,13,422
114900032,441,35,406
114900033,820,902,-82
114900034,81,166,-85
114900035,125,279,-154
114900036,243,531,-288
114900037,143,158,-15
114900038,171,534,-363
114900039,542,475,67
114900040,83,118,-35
114900041,759,452,307
114900042,841,591,250
114900043,464,264,200
114900044,162,38,124
114900045,154,299,-145
114900046,47,117,-70
114900047,219,1851,-1632
114900048,114,251,-137
114900049,7,132,-125
114900050,54,349,-295
114900051,24,362,-338
114900052,66,206,-140
114900053,67,272,-205
114900054,41,125,-84
114900057,263,15,248
114900058,2,162,-160
114900059,99,72,27
114900060,1052,884,168
114900061,148,139,9
114900062,230,367,-137
114900063,85,193,-108
114900064,1481,482,999
114900065,415,689,-274
114900067,43,410,-367
114900068,64,148,-84
114900069,203,133,70
114900070,591,343,248
114900072,2,259,-257
114900073,1,138,-137
114900074,690,467,223
114900075,355,14,341
114900076,5,344,-339
114900080,1706,354,1352
114900082,2974,2045,929
114900083,1148,1243,-95
114900084,236,217,19
114900090,383,180,203
114900091,155,184,-29
114900095,269,84,185
114900096,488,813,-325
114900097,171,23,148
114900098,7,202,-195
114900099,240,12,228
115000001,4956,3160,1796
115000002,3625,3723,-98
115000003,4471,2700,1771
115000004,4095,5917,-1822
115000005,1424,1818,-394
115000006,902,1613,-711
115000007,99,196,-97
115000008,321,428,-107
115000009,152,194,-42
115000010,307,175,132
115000013,120,146,-26
115000015,44,276,-232
115000016,203,355,-152
115000019,35,456,-421
115000020,127,801,-674
115000021,293,405,-112
115000022,507,427,80
115000023,367,640,-273
115000024,1029,448,581
115000025,843,731,112
115000026,196,391,-195
115000027,238,296,-58
115000028,301,737,-436
115000029,603,124,479
115000030,888,1113,-225
115000031,1258,432,826
115000032,11,194,-183
115000033,161,51,110
115000034,64,1122,-1058
115000035,1239,67,1172
115000036,0,356,-356
115000037,624,11,613
115000038,71,197,-126
115000039,3208,3659,-451
115000040,5352,2811,2541
115000041,994,3394,-2400
115000042,895,678,217
115000043,3786,2257,1529
115000044,3325,3350,-25
115000045,2533,1414,1119
115000046,2311,2353,-42
115000047,2224,1321,903
115000048,1500,1979,-479
115000049,1474,3009,-1535
115000050,3094,1665,1429
115000051,1648,2823,-1175
115000052,1920,1570,350
115000053,1747,1751,-4
115000054,650,1008,-358
115000055,203,708,-505
115000056,259,662,-403
115000057,647,1195,-548
115000058,582,371,211
115000059,262,109,153
115000061,107,140,-33
115000062,179,253,-74
115000063,379,277,102
115000064,217,109,108
115000065,46,479,-433
115000067,119,9,110
115000069,65,297,-232
115000070,45,881,-836
115000071,118,13,105
115000072,7,88,-81
115000073,1324,51,1273
115000075,88,49,39
115000076,2889,2612,277
115000077,2135,2023,112
115000078,1405,1128,277
115000079,1249,1487,-238
115000080,2448,1960,488
115000081,448,843,-395
115000082,4136,3626,510
115000083,1899,1815,84
115000084,2438,1023,1415
115000085,761,845,-84
115000086,1258,728,530
115000087,458,1312,-854
115000088,1832,702,1130
115000089,1310,1105,205
115000090,494,752,-258
115000091,219,708,-489
115000092,509,283,226
115000093,572,7,565
115000094,5892,5012,880
115000095,4095,5350,-1255
115000096,737,1208,-471
115000097,1002,899,103
115000098,1144,679,465
115000099,2589,2214,375
115000100,1093,368,725
115000101,412,1200,-788
115000102,484,234,250
115000103,291,620,-329
115000105,51,103,-52
115000106,598,315,283
115000107,218,387,-169
115000108,2788,1918,870
115000109,3835,4401,-566
115000110,1571,1540,31
115000111,663,1513,-850
115000112,886,787,99
115000113,792,852,-60
115000114,1804,775,1029
115000116,4367,2715,1652
115000117,3863,3479,384
115000118,2236,1822,414
115000119,1833,2500,-667
115000120,632,1459,-827
115000121,1184,1043,141
115000122,3610,2019,1591
115000123,1630,2743,-1113
115000124,694,788,-94
115000125,480,596,-116
115000126,193,353,-160
115000127,357,140,217
115000128,417,723,-306
115000129,273,299,-26
115000130,485,722,-237
115000131,835,251,584
115000132,278,337,-59
115000133,498,288,210
115000134,282,254,28
115000135,235,161,74
115000136,264,248,16
115000137,108,177,-69
115000138,391,275,116
115000139,193,223,-30
115000140,343,205,138
115000141,158,223,-65
115000142,180,217,-37
115000143,748,616,132
115000144,531,72,459
115000145,257,300,-43
115000146,428,356,72
115000147,326,382,-56
115000148,314,906,-592
115000149,547,241,306
115000150,693,711,-18
115000151,1234,542,692
115000152,752,875,-123
115000153,1179,573,606
115000154,868,375,493
115000155,770,815,-45
115000156,1224,810,414
115000157,775,770,5
115000158,647,427,220
115000159,759,681,78
115000160,670,599,71
115000161,394,493,-99
115000162,616,775,-159
115000163,508,612,-104
115000164,688,506,182
115000165,332,590,-258
115000167,132,77,55
115000168,515,365,150
115000169,596,336,260
115000170,114,149,-35
115000171,300,241,59
115000172,993,801,192
115000173,314,564,-250
115000174,527,703,-176
115000175,362,500,-138
115000176,144,251,-107
115000177,196,177,19
115000178,16,205,-189
115000179,25,57,-32
115000180,143,493,-350
115000181,723,150,573
115000182,957,287,670
115000183,406,651,-245
115000186,667,241,426
115000187,232,702,-470
115000188,378,533,-155
115000189,226,406,-180
115000190,706,383,323
115000191,183,528,-345
115000194,191,191,0
115000195,394,332,62
115000196,210,106,104
115000197,208,250,-42
115000198,367,175,192
115000199,409,158,251
115000200,394,117,277
115000201,142,315,-173
115000206,504,83,421
115000207,189,307,-118
115000208,416,578,-162
115000209,589,291,298
115000210,209,122,87
115000211,182,240,-58
115000212,1279,403,876
115000218,120,129,-9
115000219,58,52,6
115000224,407,58,349
115000225,49,86,-37
115000229,207,107,100
115000230,111,428,-317
115000231,279,1241,-962
115000232,1520,231,1289
115000233,118,177,-59
115000234,12,291,-279
115000241,109,192,-83
115000242,104,220,-116
115000243,45,186,-141
115000244,9,113,-104
115000246,28,14,14
115000247,40,24,16
115000248,22,16,6
115000249,32,20,12
115000250,230,21,209
115000251,276,123,153
115000252,91,173,-82
115000253,19,467,-448
115000258,263,124,139
115000259,326,153,173
115000261,32,11,21
115000262,28,24,4
115000263,14,35,-21
115000264,33,23,10
115000267,70,92,-22
115000268,43,110,-67
115000269,119,58,61
115000270,13,23,-10
115000272,64,133,-69
115000273,424,39,385
115000274,372,166,206
115000280,2718,267,2451
115000281,726,727,-1
115000282,1358,799,559
115000284,200,200,0
115000296,1249,9,1240
115000297,208,168,40
115000298,84,434,-350
115000300,175,152,23
115000302,524,122,402
115000303,718,149,569
115000304,810,79,731
115000305,121,601,-480
115000306,256,259,-3
115000307,103,130,-27
115000308,9,11,-2
115000310,943,692,251
115000311,863,1015,-152
115000313,92,466,-374
115000314,593,120,473
115000315,708,380,328
115000316,61,112,-51
115000317,194,485,-291
115000318,809,330,479
115000319,60,320,-260
115000320,25,314,-289
115000321,393,6,387
115000322,44,156,-112
115000449,257,188,69
115000557,21,1049,-1028
115000558,359,121,238
115000587,530,346,184
115000588,1812,2457,-645
115000589,3114,2085,1029
115000590,1071,1310,-239
115000591,1668,703,965
115000592,710,1559,-849
115000593,1358,683,675
115000594,853,2036,-1183
115000609,125,114,11
115000617,1855,3697,-1842
115000624,189,18,171
115000633,506,1860,-1354
115000634,2710,874,1836
115000635,493,136,357
115000638,596,551,45
115000641,50,103,-53
115000642,323,297,26
115000643,152,460,-308
115000644,171,438,-267
115000646,963,1617,-654
115000647,221,567,-346
115000648,1807,1682,125
115000893,2424,1311,1113
115000894,170,860,-690
115000895,250,574,-324
115000896,894,290,604
115000897,539,149,390
115000898,772,234,538
115000899,375,916,-541
115000900,87,275,-188
115000901,32,96,-64
115000912,367,118,249
115000913,7,22,-15
115000915,15,0,15
115000916,33,26,7
115000917,0,10,-10
115000918,241,548,-307
115000919,8,17,-9
115000920,14,53,-39
115000921,619,153,466
115000922,613,625,-12
115000923,267,727,-460
115000925,56,81,-25
115000927,30,55,-25
115000933,131,130,1
115900001,110,36,74
115900002,107,131,-24
115900003,180,112,68
115900004,0,33,-33
115900005,159,7,152
115900006,176,212,-36
115900008,41,6,35
115900009,101,233,-132
115900010,407,130,277
115900011,477,171,306
115900012,171,48,123
115900013,420,149,271
115900014,143,108,35
115900015,103,72,31
115900016,96,33,63
115900017,17,5,12
115900018,154,50,104
115900019,554,26,528
115900020,54,2,52
115900021,990,599,391
115900022,886,23,863
115900023,26,3,23
115900025,41,218,-177
115900026,875,205,670
115900027,0,248,-248
115900028,554,68,486
115900029,7,283,-276
115900030,30,29,1
115900031,325,361,-36
115900032,537,681,-144
115900033,0,59,-59
115900034,30,300,-270
115900035,30,43,-13
115900036,42,679,-637
115900037,64,281,-217
115900038,46,11,35
115900039,153,176,-23
115900041,315,634,-319
115900042,28,6,22
115900043,89,76,13
115900044,206,302,-96
115900046,289,244,45
115900047,158,153,5
115900049,204,219,-15
115900051,2,9,-7
115900052,9,179,-170
115900053,337,215,122
115900054,250,35,215
115900055,11,99,-88
115900056,249,272,-23
115900057,25,13,12
115900058,38,63,-25
115900060,83,119,-36
115900061,194,1,193
115900062,123,209,-86
115900063,55,15,40
115900064,187,170,17
115900065,129,115,14
115900066,117,110,7
115900067,28,400,-372
115900068,2295,751,1544
115900069,47,176,-129
115900070,178,105,73
115900071,0,287,-287
115900072,39,156,-117
115900073,104,73,31
115900074,4,219,-215
115900075,49,215,-166
115900076,3,56,-53
115900077,3,163,-160
115900078,77,121,-44
115900079,227,16,211
115900080,373,197,176
115900081,25,42,-17
115900082,182,190,-8
115900084,462,21,441
115900085,40,78,-38
115900086,1614,653,961
115900088,15,52,-37
115900089,315,505,-190
115900090,336,15,321
115900091,10,32,-22
115900092,9,132,-123
115900093,10,18,-8
115900094,5,199,-194
115900096,3,3,0
115900097,6,283,-277
115900098,156,283,-127
115900099,101,64,37
115900100,18,463,-445
115900101,128,194,-66
115900102,86,56,30
115900103,316,135,181
115900104,63,85,-22
115900105,275,477,-202
115900106,87,17,70
115900107,92,87,5
115900108,145,32,113
115900109,64,385,-321
115900110,3,13,-10
115900111,6,68,-62
115900112,41,851,-810
115900113,34,24,10
115900114,4,103,-99
115900115,74,204,-130
115900116,107,847,-740
115900117,58,28,30
115900118,5,168,-163
115900119,104,134,-30
115900120,26,351,-325
115900121,213,218,-5
115900124,231,666,-435
115900125,321,56,265
115900126,807,116,691
115900127,779,72,707
115900128,9,454,-445
115900129,873,53,820
115900130,26,192,-166
115900131,308,39,269
115900132,561,11,550
115900134,467,19,448
115900135,615,1094,-479
115900137,28,4,24
115900139,136,203,-67
115900140,274,42,232
115900141,54,137,-83
115900142,28,96,-68
115900143,165,276,-111
115900144,83,225,-142
115900146,12,64,-52
115900147,208,218,-10
115900148,55,8,47
115900149,109,16,93
115900150,68,38,30
115900151,10,89,-79
115900152,135,245,-110
115900153,149,167,-18
115900154,437,351,86
115900155,0,26,-26
115900156,770,907,-137
115900157,195,496,-301
115900158,11,6,5
115900159,131,195,-64
115900160,4,8,-4
115900161,33,151,-118
115900163,218,127,91
115900164,570,37,533
115900165,3,132,-129
115900166,193,168,25
115900168,68,161,-93
115900171,139,451,-312
115900172,77,136,-59
115900173,189,152,37
115900174,220,223,-3
115900175,120,230,-110
115900178,5,379,-374
115900179,294,10,284
115900180,38,128,-90
115900181,230,158,72
115900182,425,146,279
115900183,173,156,17
115900184,1715,15,1700
115900187,9,102,-93
115900189,1,320,-319
115900190,288,1412,-1124
115900191,27,362,-335
115900192,14,137,-123
115900193,343,94,249
115900194,825,96,729
115900195,692,2187,-1495
115900198,292,336,-44
115900199,265,234,31
115900200,272,345,-73
115900201,478,360,118
115900202,9,38,-29
115900203,4,13,-9
115900204,1,2,-1
115900205,55,18,37
115900206,170,133,37
115900207,27,14,13
115900208,122,96,26
115900209,5,149,-144
115900210,2,119,-117
115900211,3,193,-190
115900212,158,251,-93
115900213,164,92,72
115900214,343,166,177
115900215,23,130,-107
115900216,1,102,-101
115900217,4,33,-29
115900218,16,25,-9
115900219,86,6,80
115900220,167,13,154
115900221,116,7,109
115900222,54,26,28
115900223,12,382,-370
115900224,853,1033,-180
115900225,66,54,12
115900226,21,53,-32
115900227,0,36,-36
115900228,2,47,-45
115900229,3,44,-41
115900230,46,100,-54
115900231,99,6,93
115900232,35,2,33
115900233,76,9,67
115900234,51,38,13
115900235,22,41,-19
115900236,54,24,30
115900237,18,32,-14
115900238,17,14,3
115900239,11,26,-15
115900240,23,34,-11
115900241,234,143,91
115900242,237,323,-86
115900243,30,13,17
115900244,25,15,10
115900245,1,18,-17
115900246,17,8,9
115900247,33,15,18
115900248,30,9,21
115900249,8,22,-14
115900250,14,35,-21
115900251,2,10,-8
115900252,3,8,-5
115900253,17,31,-14
115900254,14,39,-25
115900255,10,10,0
115900256,0,18,-18
115900257,10,2,8
115900258,0,1,-1
115900259,0,5,-5
115900260,7,1,6
115900261,14,2,12
115900262,4,0,4
115900263,10,1,9
115900264,29,5,24
115900265,0,8,-8
115900266,1,9,-8
115900267,7,11,-4
115900268,6,11,-5
115900269,412,370,42
115900270,409,329,80
116000001,9714,4140,5574
116000002,5202,10511,-5309
116000003,1576,1516,60
116000004,2388,3577,-1189
116000005,2332,2881,-549
116000006,2647,2506,141
116000007,2481,3110,-629
116000008,3568,2238,1330
116000009,1573,2047,-474
116000010,2463,1631,832
116000011,807,1837,-1030
116000012,1518,1090,428
116000013,7570,3981,3589
116000014,9386,10786,-1400
116000015,331,1453,-1122
116000016,5802,3858,1944
116000017,30,700,-670
116000018,820,428,392
116000019,1116,340,776
116000020,645,1181,-536
116000021,427,282,145
116000022,341,338,3
116000023,1060,780,280
116000024,674,771,-97
116000025,850,835,15
116000026,1678,2529,-851
116000027,635,661,-26
116000028,510,780,-270
116000029,635,653,-18
116000030,813,420,393
116000031,215,328,-113
116000032,160,148,12
116000033,254,192,62
116000034,730,417,313
116000035,260,630,-370
116000036,2158,1904,254
116000037,772,701,71
116000038,504,503,1
116000039,580,450,130
116000040,783,315,468
116000041,233,569,-336
116000042,654,351,303
116000043,124,1225,-1101
116000044,2,24,-22
116000045,1895,1589,306
116000046,1099,1852,-753
116000047,1694,1951,-257
116000048,1949,1597,352
116000049,1253,2985,-1732
116000050,1410,1214,196
116000051,5959,2805,3154
116000052,5378,5137,241
116000053,2090,717,1373
116000054,820,2610,-1790
116000055,613,898,-285
116000056,811,890,-79
116000057,3130,1674,1456
116000058,3468,3226,242
116000059,3539,5099,-1560
116000060,1920,882,1038
116000061,317,850,-533
116000062,574,217,357
116000063,488,948,-460
116000066,252,600,-348
116000067,226,454,-228
116000068,268,281,-13
116000069,281,386,-105
116000078,543,1255,-712
116000080,1711,865,846
116000082,11,41,-30
116000083,1574,399,1175
116000084,1891,3145,-1254
116000085,1974,1891,83
116000086,1462,805,657
116000087,1793,1376,417
116000088,660,948,-288
116000089,175,91,84
116000090,87,133,-46
116000091,310,165,145
116000093,1099,392,707
116000094,714,599,115
116000095,813,581,232
116000096,747,1433,-686
116000097,811,673,138
116000098,32,5623,-5591
116000099,5158,176,4982
116000100,243,13,230
116000101,973,763,210
116000102,271,984,-713
116000103,415,280,135
116000104,257,1108,-851
116000105,1155,189,966
116000106,356,733,-377
116000107,2401,311,2090
116000108,135,273,-138
116000111,119,23,96
116000113,168,131,37
116000114,49,127,-78
116000115,434,114,320
116000116,238,495,-257
116000117,1592,1812,-220
116000118,1335,1173,162
116000119,3397,1866,1531
116000120,2815,3530,-715
116000121,915,506,409
116000122,1068,1538,-470
116000123,1170,430,740
116000124,360,947,-587
116000125,3182,838,2344
116000126,285,1289,-1004
116000127,897,1043,-146
116000128,1840,923,917
116000129,1342,232,1110
116000130,552,476,76
116000133,1152,759,393
116000134,1782,1866,-84
116000135,2486,1459,1027
116000136,957,1820,-863
116000137,1193,683,510
116000138,1119,692,427
116000139,1681,2265,-584
116000140,155,194,-39
116000141,334,490,-156
116000142,2670,2128,542
116000143,1653,1528,125
116000144,1315,1510,-195
116000145,1648,1062,586
116000146,501,224,277
116000147,213,141,72
116000148,469,458,11
116000149,925,810,115
116000151,466,466,0
116000153,105,343,-238
116000155,211,228,-17
116000156,803,1019,-216
116000157,58,12,46
116000158,227,358,-131
116000159,10,20,-10
116000160,9,53,-44
116000161,5,91,-86
116000162,79,129,-50
116000163,36,19,17
116000164,7,30,-23
116000177,120,154,-34
116000194,105,460,-355
116000195,1347,551,796
116000196,15,10,5
116000197,9,14,-5
116000198,2355,1190,1165
116000200,592,487,105
116000201,623,546,77
116000202,4,238,-234
116000203,3,83,-80
116000204,12,56,-44
116000205,0,118,-118
116000206,0,96,-96
116000207,8,51,-43
116000233,244,444,-200
116000287,148,383,-235
116000288,285,192,93
116000292,70,167,-97
116000296,11,92,-81
116000297,94,16,78
116000304,196,8,188
116000305,10,160,-150
116000346,194,128,66
116000352,107,43,64
116000354,30,18,12
116000357,13,50,-37
116000358,420,65,355
116000361,59,6,53
116000372,4201,4045,156
116000381,147,3,144
116000388,3,32,-29
116000389,1031,571,460
116000445,465,433,32
116000446,710,574,136
116000447,32,474,-442
116000448,471,181,290
116000563,1159,1031,128
116000565,47,341,-294
116000568,40,401,-361
116000579,32,102,-70
116000584,16,9,7
116000585,39,17,22
116000586,90,133,-43
116000587,273,495,-222
116000589,55,84,-29
116000590,150,103,47
116000591,244,192,52
116000592,13,94,-81
116000593,0,34,-34
116000594,659,404,255
116000595,622,145,477
116000596,96,3,93
116000597,453,128,325
116000598,32,155,-123
116000602,69,393,-324
116000605,212,132,80
116000606,82,207,-125
116000607,15,55,-40
116000609,155,729,-574
116000611,184,393,-209
116000612,751,1586,-835
116000613,678,301,377
116000614,387,503,-116
116000615,25,414,-389
116000616,71,57,14
116000617,78,44,34
116000618,1,72,-71
116000619,42,64,-22
116000620,112,75,37
116000621,42,128,-86
116000622,39,123,-84
116000624,138,67,71
116900001,229,193,36
116900002,249,2,247
116900003,31,40,-9
116900004,32,53,-21
116900005,309,74,235
116900006,132,159,-27
116900007,135,169,-34
116900008,463,264,199
116900009,17,8,9
116900010,6,1103,-1097
116900011,23,39,-16
116900012,184,230,-46
116900013,9,165,-156
116900014,126,188,-62
116900015,435,50,385
116900016,208,3,205
116900017,3,409,-406
116900018,78,52,26
116900019,6,280,-274
116900020,471,557,-86
116900023,62,18,44
116900024,607,31,576
116900025,1230,902,328
116900026,114,571,-457
116900027,35,44,-9
116900028,9,119,-110
116900029,0,38,-38
116900031,2,1,1
116900032,0,238,-238
116900033,12,11,1
116900034,10,41,-31
116900035,147,134,13
116900036,10,110,-100
116900038,26,4,22
116900041,72,31,41
116900042,464,251,213
116900043,21,44,-23
116900045,267,81,186
116900047,26,158,-132
116900049,32,287,-255
116900050,156,422,-266
116900051,141,139,2
116900052,163,60,103
116900055,1,8,-7
116900057,32,203,-171
116900058,30,333,-303
116900059,1,159,-158
116900060,193,167,26
116900062,2,17,-15
116900064,87,544,-457
116900065,22,114,-92
116900067,148,79,69
116900068,152,208,-56
116900070,4,7,-3
116900072,34,339,-305
116900073,13,138,-125
116900074,4,46,-42
116900076,7,35,-28
116900077,15,129,-114
116900078,185,98,87
116900079,67,224,-157
116900080,17,34,-17
116900081,441,1094,-653
116900082,457,911,-454
116900083,30,40,-10
116900084,103,63,40
116900085,30,169,-139
116900086,60,161,-101
116900088,395,99,296
116900090,105,46,59
116900091,324,34,290
116900092,83,591,-508
116900093,1452,1842,-390
116900094,3742,3508,234
116900095,231,109,122
116900096,147,388,-241
116900097,2556,2737,-181
116900098,832,384,448
116900099,857,717,140
116900100,858,72,786
116900101,306,422,-116
116900103,5,2,3
116900104,53,65,-12
116900105,311,151,160
116900106,1947,167,1780
116900107,3149,2598,551
116900110,13,0,13
116900111,551,539,12
116900112,279,906,-627
116900113,1771,1037,734
116900116,111,610,-499
116900117,153,112,41
116900118,692,860,-168
116900120,373,80,293
116900121,201,33,168
116900122,1024,686,338
116900123,190,636,-446
116900124,210,814,-604
116900125,494,250,244
116900126,128,505,-377
116900128,0,41,-41
116900129,5,340,-335
116900130,611,3642,-3031
116900131,90,354,-264
116900132,68,162,-94
116900133,141,135,6
116900134,270,235,35
116900136,249,200,49
116900137,267,133,134
116900138,186,187,-1
116900139,148,392,-244
116900140,222,146,76
116900141,983,504,479
116900142,3,64,-61
116900143,428,488,-60
116900144,22,116,-94
116900145,126,218,-92
116900147,510,394,116
116900148,6,59,-53
116900149,48,269,-221
116900150,11,19,-8
116900151,21,10,11
116900153,121,85,36
116900154,597,641,-44
116900155,87,80,7
116900157,616,204,412
116900158,107,302,-195
116900159,51,268,-217
116900160,924,966,-42
116900161,5392,6397,-1005
116900162,17,83,-66
116900163,171,139,32
116900164,83,75,8
116900165,220,320,-100
116900166,42,65,-23
116900167,487,70,417
116900168,334,78,256
116900169,514,587,-73
116900170,334,665,-331
116900171,61,137,-76
116900172,196,363,-167
116900173,219,37,182
116900174,71,26,45
116900175,176,172,4
116900178,34,114,-80
116900179,121,325,-204
116900180,113,22,91
116900182,567,230,337
116900183,152,96,56
116900185,42,66,-24
116900186,74,190,-116
116900187,85,60,25
116900188,169,28,141
116900189,53,1,52
116900191,457,649,-192
116900192,309,130,179
116900194,140,1305,-1165
116900195,50,36,14
116900196,12,75,-63
116900197,109,12,97
116900198,158,268,-110
116900200,56,22,34
116900201,125,8,117
116900202,128,37,91
116900203,175,4,171
116900204,54,107,-53
116900206,4,10,-6
116900207,20,31,-11
116900208,4,66,-62
116900209,44,97,-53
116900210,621,340,281
116900211,265,10,255
116900212,46,45,1
116900213,236,128,108
116900214,194,160,34
116900215,75,57,18
116900216,237,185,52
116900218,15,218,-203
116900219,1179,348,831
116900220,112,272,-160
116900221,75,350,-275
116900222,411,392,19
116900223,128,336,-208
116900226,121,70,51
116900227,170,77,93
116900228,286,163,123
116900230,77,243,-166
116900231,29,287,-258
116900232,8,304,-296
116900233,292,98,194
116900234,25,15,10
116900235,118,280,-162
116900238,1434,316,1118
116900239,17,1239,-1222
116900240,4862,3039,1823
116900241,146,170,-24
116900242,362,687,-325
116900243,6,72,-66
116900245,36,17,19
116900246,111,8,103
116900247,790,29,761
116900248,88,32,56
116900249,452,166,286
116900250,449,59,390
116900251,409,557,-148
116900252,152,651,-499
116900253,117,72,45
116900254,49,78,-29
116900255,122,76,46
116900256,491,155,336
116900257,26,330,-304
116900258,2,150,-148
116900259,289,18,271
116900260,9,96,-87
116900261,67,1,66
116900262,222,178,44
116900263,0,9,-9
116900264,0,1,-1
116900265,54,2,52
116900266,22,46,-24
116900267,2,0,2
116900268,282,217,65
116900269,294,583,-289
116900271,1556,260,1296
116900272,281,272,9
116900273,153,65,88
116900274,104,59,45
116900275,228,95,133
116900276,366,144,222
116900277,432,23,409
116900278,1,5,-4
116900279,3,20,-17
116900280,42,25,17
116900281,5097,4231,866
116900282,5,95,-90
116900283,15,71,-56
116900284,25,176,-151
116900285,208,157,51
116900286,229,19,210
116900287,15,47,-32
116900288,83,111,-28
116900289,7,6,1
116900290,2,21,-19
116900291,30,6,24
116900292,0,11,-11
116900293,64,55,9
116900294,33,138,-105
116900295,73,34,39
116900296,25,24,1
116900297,6,43,-37
116900298,46,22,24
116900299,24,48,-24
116900300,11,38,-27
116900301,19,36,-17
116900302,1079,1245,-166
116900303,202,101,101
116900304,0,134,-134
116900305,7,36,-29
116900306,168,112,56
117000001,2110,1827,283
117000002,1902,3884,-1982
117000003,6377,3367,3010
117000004,3650,4542,-892
117000005,1998,1880,118
117000006,1145,2688,-1543
117000007,3735,1156,2579
117000008,935,3021,-2086
117000009,5102,1926,3176
117000010,2629,3421,-792
117000011,2200,1631,569
117000012,1274,1183,91
117000013,1870,798,1072
117000014,1137,1968,-831
117000015,2600,1192,1408
117000016,357,93,264
117000017,209,94,115
117000018,155,645,-490
117000019,82,3,79
117000020,427,1403,-976
117000021,1436,328,1108
117000022,321,124,197
117000023,199,111,88
117000024,278,213,65
117000025,445,954,-509
117000026,2021,1331,690
117000027,1613,3331,-1718
117000028,2597,1092,1505
117000030,162,112,50
117000032,1307,1226,81
117000033,1418,1305,113
117000034,129,118,11
117000036,161,120,41
117000038,104,250,-146
117000039,51,58,-7
117000040,209,810,-601
117000041,1093,170,923
117000044,8,587,-579
117000045,328,90,238
117000046,400,766,-366
117000047,917,700,217
117000048,1781,951,830
117000049,147,684,-537
117000050,106,1486,-1380
117000051,2320,100,2220
117000052,44,233,-189
117000053,493,44,449
117000054,1930,12,1918
117000055,14,2510,-2496
117000056,756,33,723
117000057,484,2085,-1601
117000060,492,1223,-731
117000061,1570,882,688
117000062,293,625,-332
117000063,1787,1007,780
117000064,640,682,-42
117000066,1133,841,292
117000067,139,691,-552
117000074,145,168,-23
117000076,87,44,43
117000077,187,199,-12
117000078,170,567,-397
117000079,419,254,165
117000080,0,313,-313
117000081,1182,117,1065
117000082,18,106,-88
117000083,120,4,116
117000084,183,2,181
117000085,332,733,-401
117000086,833,427,406
117000087,103,429,-326
117000088,251,185,66
117000089,1599,210,1389
117000090,289,1025,-736
117000091,1005,298,707
117000092,386,1015,-629
117000093,1229,783,446
117000094,1227,2513,-1286
117000095,3493,1021,2472
117000096,611,2025,-1414
117000097,1406,1058,348
117000098,2232,3747,-1515
117000099,3685,1100,2585
117000100,249,380,-131
117000101,165,1017,-852
117000102,1760,718,1042
117000103,686,1312,-626
117000104,1483,671,812
117000105,846,1196,-350
117000106,1195,731,464
117000107,505,1588,-1083
117000108,1670,892,778
117000109,1399,2141,-742
117000110,1516,1097,419
117000111,3417,3900,-483
117000112,3394,1700,1694
117000113,117,204,-87
117000114,211,131,80
117000115,69,101,-32
117000116,184,259,-75
117000117,1952,1439,513
117000118,281,126,155
117000119,138,200,-62
117000120,245,668,-423
117000121,182,1298,-1116
117000122,185,574,-389
117000123,1548,46,1502
117000124,637,149,488
117000125,312,146,166
117000126,61,45,16
117000127,176,410,-234
117000128,362,824,-462
117000129,169,84,85
117000130,67,0,67
117000131,1,46,-45
117000132,3334,10,3324
117000133,1699,60,1639
117000134,0,53,-53
117000135,3,63,-60
117000136,0,27,-27
117000137,135,144,-9
117000138,3,735,-732
117000140,456,1343,-887
117000141,1823,530,1293
117000181,550,238,312
117000182,277,591,-314
117000195,189,822,-633
117000196,269,110,159
117000225,70,15,55
117000226,4,107,-103
117000276,296,16,280
117000277,2,282,-280
117000310,1322,1944,-622
117000315,42,500,-458
117000320,47,0,47
117000906,308,18,290
117000907,9,226,-217
117000908,37,33,4
117000909,47,43,4
117000910,182,158,24
117000911,91,124,-33
117000915,3,419,-416
117000916,49,13,36
117000917,1405,46,1359
117000918,102,98,4
117000919,37,84,-47
117000920,5,1175,-1170
117000921,3,1033,-1030
117000922,26,110,-84
117000924,531,756,-225
117000926,688,86,602
117000927,1709,1665,44
117000928,1,137,-136
117000929,230,192,38
117000930,178,18,160
117000931,457,166,291
117900002,102,380,-278
117900003,803,459,344
117900005,4,44,-40
117900006,0,42,-42
117900007,122,127,-5
117900008,0,17,-17
117900010,268,70,198
117900011,37,121,-84
117900012,77,101,-24
117900013,1,178,-177
117900014,305,104,201
117900015,6,80,-74
117900016,1094,1041,53
117900017,403,196,207
117900018,133,107,26
117900019,501,224,277
117900020,84,484,-400
117900021,47,53,-6
117900022,47,16,31
117900023,696,126,570
117900024,90,60,30
117900025,39,10,29
117900026,359,265,94
117900028,35,4,31
117900029,296,500,-204
117900030,558,226,332
117900031,154,74,80
117900032,1041,544,497
117900033,243,557,-314
117900034,25,26,-1
117900035,264,88,176
117900036,209,315,-106
117900037,160,94,66
117900038,41,240,-199
117900039,8,54,-46
117900040,138,323,-185
117900041,2,44,-42
117900042,3539,435,3104
117900043,32,61,-29
117900044,33,2721,-2688
117900045,149,160,-11
117900048,446,234,212
117900049,248,369,-121
117900050,5,41,-36
117900051,58,8,50
117900052,61,376,-315
117900053,1763,547,1216
117900054,2,26,-24
117900055,225,117,108
117900056,257,9,248
117900057,953,1148,-195
117900058,529,1337,-808
117900059,325,84,241
117900060,2452,4461,-2009
117900061,14,172,-158
117900063,418,164,254
117900065,736,1163,-427
117900066,6,83,-77
117900067,500,142,358
117900069,702,293,409
117900070,177,34,143
117900071,66,150,-84
117900073,486,289,197
117900074,102,29,73
117900075,87,101,-14
117900076,6,58,-52
117900077,498,126,372
117900078,334,827,-493
117900080,151,55,96
117900081,447,347,100
117900082,441,345,96
117900083,427,343,84
117900086,112,28,84
117900087,130,56,74
117900088,3104,1960,1144
117900089,2438,720,1718
117900090,395,413,-18
117900091,205,206,-1
117900092,75,34,41
117900093,108,60,48
117900094,39,27,12
117900095,248,188,60
117900096,122,235,-113
117900097,252,62,190
117900098,28,11,17
117900099,123,202,-79
117900100,243,3,240
117900101,448,1737,-1289
117900102,56,36,20
117900103,47,1,46
117900104,12,99,-87
117900105,157,202,-45
117900106,108,38,70
117900107,47,0,47
117900109,621,377,244
117900110,126,3,123
117900111,273,27,246
117900112,120,18,102
117900113,2628,1633,995
117900114,24,2,22
117900115,249,83,166
117900116,907,792,115
117900117,672,373,299
117900118,58,1,57
117900119,191,173,18
117900120,178,35,143
117900121,88,29,59
117900122,1500,4052,-2552
117900123,672,346,326
117900124,997,720,277
117900125,1942,2054,-112
117900126,196,535,-339
117900127,543,495,48
117900128,422,635,-213
117900129,86,0,86
117900130,827,362,465
117900131,8,116,-108
117900132,19,82,-63
117900133,17,103,-86
117900134,85,302,-217
117900135,33,154,-121
117900136,0,18,-18
117900137,47,278,-231
117900138,0,20,-20
117900139,149,108,41
117900140,2793,218,2575
117900141,162,191,-29
117900142,94,60,34
117900144,83,151,-68
117900145,33,33,0
117900146,202,186,16
117900147,90,61,29
117900148,2360,1751,609
117900149,134,150,-16
117900150,41,43,-2
117900151,43,73,-30
117900152,58,61,-3
117900153,31,106,-75
117900154,412,514,-102
117900156,825,757,68
117900157,151,508,-357
117900158,316,117,199
117900160,821,862,-41
117900161,2425,2083,342
117900162,349,408,-59
117900163,74,133,-59
117900165,0,16,-16
117900166,119,551,-432
117900168,15,172,-157
117900169,0,110,-110
117900170,8,26,-18
117900171,1,21,-20
117900172,30,35,-5
117900173,136,94,42
117900174,51,53,-2
117900175,18,35,-17
117900176,17,32,-15
117900177,21,44,-23
117900178,112,30,82
117900180,246,35,211
117900181,80,313,-233
117900182,0,26,-26
117900183,57,154,-97
117900184,21,52,-31
117900185,43,38,5
117900186,41,9,32
117900187,18,11,7
117900188,175,28,147
117900189,51,21,30
117900190,16,3,13
117900191,82,1,81
117900192,192,0,192
117900193,34,98,-64
117900194,14,8,6
117900195,17,69,-52
117900196,15,21,-6
117900207,133,130,3
117900208,38,45,-7
117900209,180,127,53
117900210,171,238,-67
117900211,10,175,-165
117900212,154,150,4
117900213,20,14,6
117900214,5,18,-13
117900216,9,42,-33
117900217,33,525,-492
117900218,103,111,-8
117900219,10,190,-180
117900220,80,84,-4
117900221,21,15,6
118000001,815,973,-158
118000002,863,1697,-834
118000003,1758,2945,-1187
118000004,2101,1746,355
118000005,4785,6509,-1724
118000006,5657,9630,-3973
118000007,4792,3399,1393
118000008,3619,3207,412
118000009,1785,3930,-2145
118000010,6737,4227,2510
118000011,1570,2212,-642
118000012,1147,2094,-947
118000013,2584,2300,284
118000014,2298,2031,267
118000016,209,294,-85
118000017,483,397,86
118000018,390,489,-99
118000019,2085,1543,542
118000020,1391,4254,-2863
118000021,636,3642,-3006
118000022,1844,897,947
118000023,900,244,656
118000024,1569,1614,-45
118000025,1079,2373,-1294
118000027,12362,12430,-68
118000029,871,790,81
118000032,1195,4330,-3135
118000033,2949,7030,-4081
118000034,5496,2955,2541
118000035,1616,3392,-1776
118000036,846,1296,-450
118000037,649,869,-220
118000038,165,100,65
118000039,80,159,-79
118000040,1660,1236,424
118000041,2046,1198,848
118000045,494,171,323
118000046,1105,527,578
118000047,824,1062,-238
118000048,2554,1666,888
118000051,3206,1898,1308
118000052,2147,1092,1055
118000053,351,681,-330
118000054,1391,1308,83
118000055,1499,1390,109
118000056,194,459,-265
118000057,218,395,-177
118000058,2887,2146,741
118000059,1916,1409,507
118000060,1084,626,458
118000061,1406,1176,230
118000062,564,335,229
118000063,302,723,-421
118000064,790,1223,-433
118000065,3626,1636,1990
118000066,777,1486,-709
118000067,830,840,-10
118000068,1566,3969,-2403
118000069,2582,1051,1531
118000070,4705,1839,2866
118000071,3102,5755,-2653
118000072,1312,1119,193
118000073,1740,609,1131
118000074,441,337,104
118000075,621,254,367
118000076,1384,1966,-582
118000077,1167,1218,-51
118000078,1618,2432,-814
118000079,251,532,-281
118000080,1001,838,163
118000081,1652,1188,464
118000082,304,1164,-860
118000083,1673,1638,35
118000084,3265,1672,1593
118000086,208,493,-285
118000087,4210,2427,1783
118000088,1677,1506,171
118000089,3644,1984,1660
118000090,1118,2490,-1372
118000091,1027,2030,-1003
118000092,959,476,483
118000093,65,752,-687
118000096,476,649,-173
118000097,922,540,382
118000098,290,194,96
118000099,648,639,9
118000101,1066,279,787
118000102,382,967,-585
118000107,1563,532,1031
118000108,775,1878,-1103
118000110,3,15,-12
118000111,1,231,-230
118000112,492,8,484
118000113,1,417,-416
118000114,414,9,405
118000115,22,9,13
118000116,40,1,39
118000117,1069,621,448
118000118,892,900,-8
118000119,852,1027,-175
118000120,1592,1135,457
118000121,86,619,-533
118000122,1198,349,849
118000123,54,222,-168
118000125,1455,809,646
118000126,659,1423,-764
118000127,2032,667,1365
118000128,671,950,-279
118000129,837,349,488
118000130,1952,2629,-677
118000131,494,566,-72
118000132,2250,1636,614
118000133,931,342,589
118000135,597,398,199
118000136,92,342,-250
118000137,569,73,496
118000138,379,498,-119
118000139,408,76,332
118000140,2519,4371,-1852
118000141,2071,1658,413
118000142,1769,1428,341
118000143,2212,1141,1071
118000144,1164,767,397
118000145,1472,1491,-19
118000146,1224,669,555
118000147,830,1393,-563
118000148,416,1048,-632
118000149,885,831,54
118000150,420,197,223
118000151,502,434,68
118000153,1496,1045,451
118000154,1439,1548,-109
118000155,1215,1181,34
118000156,1797,2169,-372
118000157,546,280,266
118000158,196,385,-189
118000159,27,134,-107
118000160,539,350,189
118000161,457,679,-222
118000162,1823,849,974
118000163,943,722,221
118000164,2111,1424,687
118000168,1037,642,395
118000169,1061,951,110
118000170,3564,4300,-736
118000171,341,645,-304
118000172,94,294,-200
118000173,847,1091,-244
118000175,315,325,-10
118000176,297,448,-151
118000177,232,534,-302
118000178,41,45,-4
118000179,1247,1175,72
118000180,870,630,240
118000181,691,305,386
118000182,285,214,71
118000183,231,243,-12
118000184,893,674,219
118000185,1265,1206,59
118000186,777,1179,-402
118000187,1366,627,739
118000188,610,180,430
118000189,665,602,63
118000190,3,9,-6
118000191,26,25,1
118000192,107,201,-94
118000193,75,351,-276
118000194,1123,909,214
118000195,813,967,-154
118000196,277,211,66
118000197,160,141,19
118000198,308,548,-240
118000199,286,309,-23
118000200,88,228,-140
118000201,410,411,-1
118000202,59,56,3
118000203,673,502,171
118000204,101,322,-221
118000205,175,321,-146
118000206,266,169,97
118000207,0,50,-50
118000208,1258,1405,-147
118000209,2058,1658,400
118000210,65,38,27
118000211,37,41,-4
118000213,1510,1822,-312
118000214,618,500,118
118000215,331,116,215
118000216,2104,2319,-215
118000217,42,91,-49
118000218,60,94,-34
118000219,425,211,214
118000220,1,39,-38
118000221,212,293,-81
118000222,57,8,49
118000223,49,40,9
118000224,142,83,59
118000225,115,601,-486
118000226,885,203,682
118000227,707,426,281
118000228,163,261,-98
118000229,257,86,171
118000230,152,188,-36
118000231,85,185,-100
118000232,768,741,27
118000233,1120,809,311
118000234,448,264,184
118000236,441,330,111
118000237,79,357,-278
118000238,307,208,99
118000239,285,240,45
118000240,310,180,130
118000241,106,189,-83
118000242,381,461,-80
118000243,268,196,72
118000244,42,119,-77
118000246,0,29,-29
118000255,36,198,-162
118000256,109,180,-71
118000259,14,52,-38
118000260,151,49,102
118000261,38,51,-13
118000263,77,147,-70
118000266,89,245,-156
118000267,0,86,-86
118000268,265,38,227
118000270,72,22,50
118000271,144,237,-93
118000272,90,32,58
118000273,139,78,61
118000274,91,223,-132
118000276,497,299,198
118000295,9,103,-94
118000298,149,221,-72
118000299,40,110,-70
118000301,0,32,-32
118000302,100,52,48
118000311,556,77,479
118000312,289,171,118
118000313,50,142,-92
118000314,79,51,28
118000315,38,33,5
118000316,678,434,244
118000325,61,57,4
118000326,57,28,29
118000331,49,65,-16
118000332,18,32,-14
118000333,45,64,-19
118000335,308,1,307
118000336,0,158,-158
118000407,192,49,143
118000457,4,31,-27
118000465,3345,4096,-751
118000480,20,58,-38
118000489,37,281,-244
118000490,16,242,-226
118000492,144,152,-8
118000510,64,25,39
118000514,89,209,-120
118000515,761,579,182
118000517,271,165,106
118000524,355,287,68
118000525,723,745,-22
118000530,22,102,-80
118000531,344,250,94
118000532,236,275,-39
118000533,297,129,168
118000534,627,466,161
118000535,267,149,118
118000536,845,2293,-1448
118000537,13,204,-191
118000538,32,77,-45
118000539,31,113,-82
118000540,298,138,160
118000541,189,60,129
118000542,82,190,-108
118000543,226,187,39
118000546,49,29,20
118000560,2248,2284,-36
118000562,36,135,-99
118000563,1361,1121,240
118000576,158,131,27
118000577,146,129,17
118000578,96,73,23
118000579,440,1033,-593
118000595,218,77,141
118000596,0,49,-49
118000597,96,74,22
118000598,15,1,14
118000599,55,31,24
118000600,4,26,-22
118000601,10,0,10
118000602,0,18,-18
118000603,0,11,-11
118900001,591,1358,-767
118900002,808,884,-76
118900003,448,16,432
118900004,101,61,40
118900005,55,4,51
118900006,144,3,141
118900007,6,1,5
118900008,1813,62,1751
118900009,111,45,66
118900010,96,10,86
118900011,157,25,132
118900012,394,173,221
118900013,466,133,333
118900015,226,68,158
118900016,19,12,7
118900017,210,289,-79
118900018,984,35,949
118900019,46,33,13
118900020,171,106,65
118900021,181,388,-207
118900022,155,128,27
118900023,171,80,91
118900024,106,166,-60
118900025,67,29,38
118900026,71,98,-27
118900027,431,150,281
118900028,157,180,-23
118900029,348,417,-69
118900030,338,54,284
118900031,167,125,42
118900032,262,146,116
118900033,345,438,-93
118900034,149,20,129
118900035,138,166,-28
118900036,1142,672,470
118900037,367,282,85
118900038,427,178,249
118900039,535,123,412
118900040,201,212,-11
118900041,519,124,395
118900042,154,113,41
118900045,269,170,99
118900046,655,323,332
118900047,483,202,281
118900048,150,197,-47
118900049,41,44,-3
118900050,39,82,-43
118900051,60,59,1
118900052,333,244,89
118900053,45,101,-56
118900054,126,44,82
118900055,94,77,17
118900056,36,385,-349
118900057,915,492,423
118900058,349,354,-5
118900059,27,71,-44
118900060,42,94,-52
118900062,479,198,281
118900064,597,551,46
118900065,58,152,-94
118900066,54,84,-30
118900067,3958,3343,615
118900068,6,166,-160
118900069,428,207,221
118900071,12,67,-55
118900072,401,326,75
118900073,132,97,35
118900074,122,142,-20
118900075,56,90,-34
118900076,169,115,54
118900077,340,195,145
118900078,38,4,34
118900079,61,200,-139
118900080,21,153,-132
118900081,64,45,19
118900082,798,143,655
118900083,54,14,40
118900084,11,31,-20
118900085,584,764,-180
118900086,34,91,-57
118900087,41,244,-203
118900088,0,19,-19
118900089,23,26,-3
118900090,510,338,172
118900091,227,205,22
118900092,130,85,45
118900093,132,43,89
118900096,62,14,48
118900097,285,415,-130
118900099,103,208,-105
118900100,144,217,-73
118900101,99,349,-250
118900102,51,109,-58
118900103,48,128,-80
118900104,300,119,181
118900105,265,97,168
118900107,162,81,81
118900108,144,85,59
118900109,921,588,333
118900110,1245,753,492
118900111,463,466,-3
118900112,61,158,-97
118900113,92,350,-258
118900114,15,84,-69
118900115,102,404,-302
118900116,138,183,-45
118900117,112,166,-54
118900118,290,262,28
118900119,134,162,-28
118900120,102,268,-166
118900121,23,176,-153
118900122,19,1034,-1015
118900123,153,223,-70
118900124,79,221,-142
118900126,21,401,-380
118900129,235,185,50
118900130,46,192,-146
118900131,147,179,-32
118900132,395,199,196
118900133,10,84,-74
118900135,224,248,-24
118900136,189,458,-269
118900137,8,31,-23
118900139,235,342,-107
118900140,390,564,-174
118900141,104,160,-56
118900144,123,344,-221
118900145,34,127,-93
118900146,321,551,-230
118900147,163,137,26
118900148,127,83,44
118900150,111,543,-432
118900152,561,710,-149
118900157,93,145,-52
118900158,106,71,35
118900159,1,174,-173
118900161,49,6,43
118900163,100,102,-2
118900164,0,74,-74
118900165,55,161,-106
118900166,28,2,26
118900167,138,101,37
118900168,17,235,-218
118900169,114,293,-179
118900170,197,104,93
118900171,30,48,-18
118900174,42,44,-2
118900175,487,540,-53
118900176,181,267,-86
118900177,48,39,9
118900178,58,242,-184
118900179,15,27,-12
118900181,69,75,-6
118900182,97,51,46
118900183,43,129,-86
118900184,262,95,167
118900185,120,139,-19
118900186,119,107,12
118900187,212,259,-47
118900188,404,307,97
118900189,43,787,-744
118900190,15,220,-205
118900191,164,58,106
118900192,214,28,186
118900193,478,10,468
118900195,331,532,-201
118900196,30,97,-67
118900197,164,62,102
118900198,32,21,11
118900199,131,65,66
118900200,30,16,14
118900201,25,34,-9
118900202,8,50,-42
118900203,9,22,-13
118900204,20,24,-4
118900205,1,19,-18
118900206,3,26,-23
119000001,1467,1810,-343
119000002,4718,3425,1293
119000003,2874,1171,1703
119000004,2262,1460,802
119000005,1686,2008,-322
119000006,2539,1525,1014
119000007,3180,2898,282
119000008,2017,1764,253
119000009,3503,4566,-1063
119000010,6001,4081,1920
119000011,4177,3149,1028
119000012,3232,3586,-354
119000013,2378,1474,904
119000014,1849,2759,-910
119000019,276,162,114
119000020,2084,1448,636
119000021,4315,2335,1980
119000022,2653,2591,62
119000023,256,273,-17
119000024,1706,10604,-8898
119000025,6353,1389,4964
119000026,112,412,-300
119000027,267,459,-192
119000028,1729,847,882
119000029,80,355,-275
119000030,508,822,-314
119000031,674,596,78
119000032,2007,2347,-340
119000033,2288,1368,920
119000034,1017,922,95
119000035,40,286,-246
119000036,1736,719,1017
119000037,1281,1407,-126
119000038,173,733,-560
119000039,370,308,62
119000040,676,507,169
119000041,757,1112,-355
119000048,3039,2548,491
119000049,1584,1810,-226
119000050,1769,1616,153
119000051,1997,931,1066
119000052,1737,2485,-748
119000053,1776,1225,551
119000054,3362,2692,670
119000055,4331,2998,1333
119000056,2637,1904,733
119000057,1810,1776,34
119000058,2013,1645,368
119000059,1391,1468,-77
119000060,1649,1111,538
119000061,1004,735,269
119000062,1158,1341,-183
119000063,566,323,243
119000064,801,996,-195
119000065,1944,3055,-1111
119000066,1978,1116,862
119000067,1614,1841,-227
119000068,1725,1016,709
119000069,1423,2223,-800
119000070,2528,802,1726
119000071,479,639,-160
119000072,4685,2734,1951
119000073,4286,6382,-2096
119000074,1230,2000,-770
119000075,2284,1968,316
119000076,329,834,-505
119000077,604,445,159
119000078,325,165,160
119000079,107,554,-447
119000080,408,223,185
119000081,298,356,-58
119000082,920,218,702
119000083,598,329,269
119000084,277,357,-80
119000085,516,207,309
119000086,322,412,-90
119000087,1465,845,620
119000088,397,190,207
119000089,55,170,-115
119000090,152,180,-28
119000091,107,380,-273
119000092,394,204,190
119000093,3400,2499,901
119000094,3052,4996,-1944
119000095,1927,2771,-844
119000097,1891,1279,612
119000098,936,2717,-1781
119000099,2244,1641,603
119000100,3874,3007,867
119000101,4065,1952,2113
119000102,856,1111,-255
119000103,1584,652,932
119000104,2005,1389,616
119000105,1181,2005,-824
119000106,332,1075,-743
119000107,939,432,507
119000108,320,727,-407
119000109,123,508,-385
119000110,456,398,58
119000111,55,633,-578
119000112,129,133,-4
119000113,1973,309,1664
119000114,1095,864,231
119000115,148,184,-36
119000116,121,86,35
119000117,182,379,-197
119000118,3,1,2
119000123,3864,2085,1779
119000124,670,212,458
119000125,3617,700,2917
119000126,584,506,78
119000127,478,458,20
119000128,28,3,25
119000131,952,514,438
119000132,6,5,1
119000133,2,5,-3
119000134,1728,520,1208
119000135,150,188,-38
119000136,216,187,29
119000137,219,322,-103
119000138,483,256,227
119000139,279,225,54
119000140,285,342,-57
119000284,1138,2218,-1080
119000285,1919,1855,64
119000286,6533,5365,1168
119000287,1431,1884,-453
119000288,1814,1247,567
119000289,1457,2428,-971
119000290,223,395,-172
119000291,15,235,-220
119000293,99,170,-71
119000294,37,36,1
119000295,1298,349,949
119000296,240,126,114
119000302,1918,1166,752
119000303,48,124,-76
119000314,1644,9560,-7916
119000315,10,334,-324
119000316,107,90,17
119000317,67,261,-194
119900001,325,1148,-823
119900002,144,230,-86
119900003,39,983,-944
119900004,309,1130,-821
119900005,209,93,116
119900006,230,393,-163
119900007,1255,319,936
119900008,393,66,327
119900009,646,565,81
119900010,999,1150,-151
119900011,20,122,-102
119900012,27,104,-77
119900013,1904,1153,751
119900014,499,295,204
119900015,111,50,61
119900016,40,49,-9
119900017,45,36,9
119900018,1864,1012,852
119900019,49,8,41
119900020,212,241,-29
119900021,159,89,70
119900022,109,806,-697
119900023,520,1310,-790
119900025,192,26,166
119900026,730,165,565
119900027,12,18,-6
119900028,178,125,53
119900029,1,17,-16
119900030,688,515,173
119900031,72,409,-337
119900033,2285,385,1900
119900034,438,106,332
119900037,204,30,174
119900038,54,347,-293
119900039,31,10,21
119900040,194,18,176
119900041,167,43,124
119900042,358,174,184
119900043,69,137,-68
119900044,178,953,-775
119900046,142,69,73
119900047,308,79,229
119900048,44,26,18
119900049,142,4,138
119900050,200,134,66
119900051,1135,12,1123
119900052,60,47,13
119900053,233,129,104
119900054,111,10,101
119900055,1269,446,823
119900057,197,93,104
119900058,246,9,237
119900059,125,46,79
119900060,270,28,242
119900061,399,4,395
119900062,118,28,90
119900063,30,53,-23
119900064,474,92,382
119900065,225,11,214
119900066,3,0,3
119900067,89,30,59
119900068,463,1,462
119900069,82,8,74
119900070,1213,31,1182
119900071,710,44,666
119900072,457,588,-131
119900073,1647,662,985
119900074,59,38,21
119900075,4426,2697,1729
119900076,817,391,426
119900077,1057,999,58
119900078,476,699,-223
119900079,336,225,111
119900080,366,234,132
119900081,44,44,0
119900082,1657,391,1266
119900083,546,189,357
119900084,796,335,461
119900085,56,60,-4
119900086,117,516,-399
119900087,625,405,220
119900088,30,59,-29
119900089,39,455,-416
119900090,158,60,98
119900091,68,721,-653
119900092,184,440,-256
119900093,1241,247,994
119900094,32,189,-157
119900095,215,112,103
119900096,42,142,-100
119900097,540,209,331
119900098,58,74,-16
119900099,41,218,-177
119900100,1869,2675,-806
119900101,175,1289,-1114
119900102,40,245,-205
119900103,91,321,-230
119900104,53,208,-155
119900105,825,2299,-1474
119900106,11,131,-120
119900107,242,2247,-2005
119900108,2758,706,2052
119900109,30,173,-143
119900110,724,497,227
119900111,197,270,-73
119900112,1344,601,743
119900113,84,264,-180
119900114,287,1016,-729
119900115,442,817,-375
119900116,182,470,-288
119900117,324,652,-328
119900118,129,593,-464
119900119,305,199,106
119900120,753,605,148
119900121,425,831,-406
119900122,408,353,55
119900123,241,338,-97
119900124,200,710,-510
119900125,63,233,-170
119900126,3835,362,3473
119900127,1930,1047,883
119900128,522,660,-138
119900129,275,429,-154
119900130,34,218,-184
119900131,35,218,-183
119900132,14,161,-147
119900133,78,109,-31
119900134,1424,258,1166
119900135,0,303,-303
119900136,185,323,-138
119900138,390,529,-139
119900139,124,165,-41
119900140,0,127,-127
119900141,78,802,-724
119900142,16,39,-23
119900143,18,211,-193
119900144,1318,280,1038
119900145,93,165,-72
119900146,204,186,18
119900147,2,171,-169
119900148,232,56,176
119900149,1093,4202,-3109
119900150,149,153,-4
119900151,1884,874,1010
119900152,118,302,-184
119900153,144,66,78
119900154,6,172,-166
119900155,42,47,-5
119900156,16,9,7
119900157,136,195,-59
119900158,238,79,159
119900159,6,1218,-1212
119900160,32,156,-124
119900161,132,160,-28
119900162,1015,983,32
119900163,125,193,-68
119900164,2,2,0
119900165,181,177,4
119900166,106,54,52
119900167,68,133,-65
119900168,1011,522,489
119900169,153,296,-143
119900170,213,252,-39
119900171,1162,434,728
119900172,133,23,110
119900173,9,317,-308
119900174,12,176,-164
119900175,1408,630,778
119900177,18,164,-146
119900178,4,147,-143
119900179,72,436,-364
119900180,984,795,189
119900181,96,147,-51
119900182,3,371,-368
119900183,121,530,-409
119900184,2203,665,1538
119900185,59,180,-121
119900186,85,984,-899
119900187,27,343,-316
119900188,112,301,-189
119900189,508,448,60
119900190,94,297,-203
119900191,380,277,103
119900192,62,174,-112
119900193,380,170,210
119900194,42,90,-48
119900195,282,330,-48
119900196,1375,457,918
119900197,252,161,91
119900198,167,239,-72
119900199,207,35,172
119900200,662,658,4
119900201,319,273,46
119900202,164,266,-102
119900203,224,671,-447
119900204,336,333,3
119900205,696,498,198
119900206,205,162,43
119900208,230,190,40
119900209,457,1350,-893
119900210,51,31,20
119900211,98,11,87
119900212,121,161,-40
119900213,13,57,-44
119900214,23,63,-40
119900215,47,76,-29
119900216,20,69,-49
119900217,12,54,-42
119900218,15,66,-51
119900219,10,133,-123
119900220,15,87,-72
119900221,39,228,-189
119900222,8,192,-184
119900223,39,55,-16
119900224,12,17,-5
119900225,806,62,744
119900226,641,2169,-1528
119900227,1142,382,760
119900228,358,271,87
119900229,332,398,-66
119900230,1333,603,730
119900231,289,163,126
119900232,249,172,77
119900233,103,8,95
119900234,22,82,-60
119900235,15,45,-30
119900236,37,225,-188
119900237,90,536,-446
119900238,0,75,-75
119900240,65,147,-82
119900241,190,246,-56
119900242,1437,1591,-154
119900244,696,1354,-658
119900245,108,197,-89
119900246,340,572,-232
119900247,47,151,-104
119900248,92,319,-227
119900249,228,113,115
119900253,2321,434,1887
119900254,118,620,-502
119900255,107,620,-513
119900256,793,938,-145
119900257,50,1,49
119900258,166,11,155
119900259,12,120,-108
119900260,134,6,128
119900261,215,183,32
119900262,0,193,-193
119900263,1044,404,640
119900264,103,161,-58
119900265,458,368,90
119900266,402,256,146
119900267,232,510,-278
119900268,189,144,45
119900269,1006,933,73
119900271,36,102,-66
119900272,407,293,114
119900275,168,76,92
119900276,56,0,56
119900277,12,3,9
119900278,229,89,140
119900279,117,270,-153
119900280,620,196,424
119900281,1,204,-203
119900282,64,97,-33
119900283,25,207,-182
119900284,39,187,-148
119900285,16,54,-38
119900286,3,17,-14
119900288,8,22,-14
119900289,1,28,-27
119900290,2,19,-17
119900291,10,156,-146
119900292,37,49,-12
119900293,25,93,-68
119900294,32,127,-95
119900295,14,31,-17
119900296,47,133,-86
119900297,4,21,-17
119900298,10,25,-15
119900299,54,178,-124
119900300,191,169,22
119900301,107,88,19
119900302,125,74,51
119900303,212,186,26
119900304,165,56,109
119900305,16,116,-100
119900306,22,2,20
119900307,46,95,-49
119900308,7,26,-19
119900309,37,86,-49
119900310,291,316,-25
119900311,94,108,-14
119900312,138,129,9
119900313,280,334,-54
119900314,186,476,-290
119900315,1736,1944,-208
119900318,14,40,-26
119900319,2,227,-225
119900320,222,483,-261
119900321,82,3,79
120000001,6155,15043,-8888
120000002,2411,2411,0
120000003,3120,1513,1607
120000004,2520,1912,608
120000005,4043,1899,2144
120000006,1027,1127,-100
120000007,3283,2877,406
120000008,993,1185,-192
120000009,2683,1056,1627
120000010,1930,2360,-430
120000011,1137,1621,-484
120000012,1614,2587,-973
120000013,3193,2943,250
120000014,702,1470,-768
120000015,2538,1544,994
120000016,3638,2182,1456
120000017,3014,2378,636
120000018,3589,11785,-8196
120000019,1026,1395,-369
120000020,2818,3042,-224
120000021,1781,2299,-518
120000022,2912,3888,-976
120000023,967,1542,-575
120000024,1488,2344,-856
120000025,2426,1790,636
120000026,1824,1567,257
120000027,2107,1977,130
120000028,684,1253,-569
120000029,3415,1220,2195
120000030,1622,1028,594
120000031,2440,6388,-3948
120000032,7499,3868,3631
120000033,4470,1883,2587
120000034,2016,1547,469
120000035,2050,1794,256
120000036,2614,5043,-2429
120000037,701,1739,-1038
120000038,6194,4095,2099
120000039,616,916,-300
120000040,327,489,-162
120000041,1285,1707,-422
120000042,1909,2255,-346
120000043,5067,1687,3380
120000044,5242,1581,3661
120000045,5873,1136,4737
120000046,2908,2638,270
120000047,1248,5778,-4530
120000048,7261,4306,2955
120000049,3307,2899,408
120000050,3722,3794,-72
120000051,2794,4679,-1885
120000052,7781,2330,5451
120000053,1120,2041,-921
120000054,1255,3498,-2243
120000055,1530,4065,-2535
120000056,4341,3950,391
120000057,3062,927,2135
120000058,3269,830,2439
120000059,37,1513,-1476
120000061,75,396,-321
120000062,196,288,-92
120000063,1405,2277,-872
120000064,197,1007,-810
120000065,553,1429,-876
120000066,435,558,-123
120000067,74,605,-531
120000068,181,719,-538
120000069,603,971,-368
120000070,71,554,-483
120000071,511,91,420
120000072,740,411,329
120000073,894,207,687
120000074,178,194,-16
120000075,1005,260,745
120000076,2265,392,1873
120000077,1991,646,1345
120000078,3330,1325,2005
120000079,224,131,93
120000080,92,211,-119
120000081,259,123,136
120000082,186,265,-79
120000083,72,641,-569
120000084,414,326,88
120000085,312,283,29
120000086,217,373,-156
120000087,164,457,-293
120000088,779,1079,-300
120000089,1075,633,442
120000090,704,537,167
120000091,878,945,-67
120000092,1498,642,856
120000093,452,433,19
120000094,228,712,-484
120000095,968,408,560
120000096,333,678,-345
120000098,1017,820,197
120000099,460,765,-305
120000100,883,903,-20
120000101,600,435,165
120000102,608,831,-223
120000103,1494,825,669
120000104,2017,562,1455
120000105,3369,712,2657
120000106,2484,686,1798
120000107,3985,604,3381
120000108,1425,129,1296
120000109,1158,65,1093
120000110,136,787,-651
120000111,200,943,-743
120000112,618,2359,-1741
120000113,570,1759,-1189
120000114,885,2430,-1545
120000115,336,1958,-1622
120000116,677,1808,-1131
120000117,881,1320,-439
120000118,52,31,21
120000119,29,56,-27
120000120,94,65,29
120000121,19,74,-55
120000122,217,354,-137
120000123,4019,5135,-1116
120000124,409,340,69
120000125,548,621,-73
120000126,281,910,-629
120000127,2583,1178,1405
120000128,3444,4228,-784
120000129,311,267,44
120000130,694,454,240
120000131,250,703,-453
120000134,314,899,-585
120000135,591,469,122
120000137,281,1260,-979
120000138,1059,475,584
120000139,333,654,-321
120000140,921,515,406
120000141,313,426,-113
120000142,629,632,-3
120000143,0,125,-125
120000144,135,1,134
120000145,450,4,446
120000146,1225,1014,211
120000149,694,1128,-434
120000150,3107,10219,-7112
120000151,403,402,1
120000152,535,172,363
120000153,353,575,-222
120000154,497,416,81
120000155,118,193,-75
120000156,698,972,-274
120000157,959,680,279
120000158,1000,814,186
120000159,1773,2421,-648
120000160,2289,1380,909
120000161,2132,2207,-75
120000162,77,275,-198
120000163,820,1223,-403
120000164,602,394,208
120000165,677,746,-69
120000166,1383,544,839
120000167,150,267,-117
120000168,31,826,-795
120000169,73,1859,-1786
120000170,46,959,-913
120000171,29,365,-336
120000172,29,218,-189
120000173,2383,773,1610
120000174,377,34,343
120000175,286,50,236
120000176,377,31,346
120000177,1132,118,1014
120000178,79,12,67
120000179,202,60,142
120000180,524,130,394
120000181,135,1141,-1006
120000182,59,527,-468
120000183,8,385,-377
120000184,144,1211,-1067
120000186,57,389,-332
120000187,43,218,-175
120000188,126,295,-169
120000190,683,48,635
120000191,897,94,803
120000192,1055,48,1007
120000193,513,9,504
120000195,113,4,109
120000196,319,73,246
120000197,160,138,22
120000198,195,75,120
120000199,123,0,123
120000200,127,0,127
120000201,13,25,-12
120000202,1,37,-36
120000203,51,154,-103
120000207,2,80,-78
120000208,14,143,-129
120000209,2,48,-46
120000210,64,60,4
120000211,162,2,160
120000212,218,1,217
120000213,161,186,-25
120000214,0,212,-212
120000215,3,109,-106
120000216,95,29,66
120000217,631,1162,-531
120000218,166,655,-489
120000219,9,433,-424
120000220,13,1400,-1387
120000225,1534,6,1528
120000226,342,3,339
120000227,857,60,797
120000228,9848,3479,6369
120000230,434,22,412
120000231,1445,1894,-449
120000233,458,8,450
120000235,246,522,-276
120000236,1105,4,1101
120000237,3,1133,-1130
120000238,2,651,-649
120000241,1153,3658,-2505
120000412,697,14,683
120000413,177,205,-28
120000414,146,2,144
120000415,1,98,-97
120000416,79,5,74
120000417,24,72,-48
120000418,226,20,206
120000419,17,190,-173
120000420,52,17,35
120000421,9786,5722,4064
120000422,160,1356,-1196
120000423,1,65,-64
120000424,70,138,-68
120000436,157,584,-427
120000437,142,121,21
120000438,2026,285,1741
120000439,244,556,-312
120000443,261,1,260
120000444,1437,494,943
120000445,1601,1005,596
120000446,640,223,417
120000447,207,4,203
120000449,145,1,144
120000450,5,203,-198
120000451,143,227,-84
120000452,129,0,129
120000453,0,201,-201
120000454,48,38,10
120000455,87,41,46
120000456,2071,3594,-1523
120000457,1329,445,884
120000458,562,651,-89
120000459,97,54,43
120000665,765,229,536
120000668,109,943,-834
120000669,98,193,-95
120000670,181,868,-687
120000671,1240,371,869
120000672,77,444,-367
120900001,55,128,-73
120900002,438,667,-229
120900003,333,24,309
120900004,11,95,-84
120900005,94,917,-823
120900006,362,211,151
120900007,190,89,101
120900008,318,998,-680
120900009,384,27,357
120900010,538,117,421
120900011,356,160,196
120900012,393,1380,-987
120900013,405,121,284
120900014,0,508,-508
120900015,897,90,807
120900016,853,67,786
120900017,2052,109,1943
120900018,176,409,-233
120900019,741,390,351
120900020,752,1593,-841
120900021,779,284,495
120900022,25,289,-264
120900023,313,36,277
120900024,2212,491,1721
120900025,1572,1008,564
120900026,318,182,136
120900027,689,13,676
120900028,533,121,412
120900029,125,483,-358
120900030,1196,776,420
120900031,233,118,115
120900032,1260,86,1174
120900033,1085,108,977
120900034,25,2237,-2212
120900035,81,202,-121
120900037,282,17,265
120900038,66,301,-235
120900039,95,54,41
120900040,302,8,294
120900041,137,19,118
120900042,600,44,556
120900043,81,107,-26
120900044,17,347,-330
120900045,191,131,60
120900046,499,8,491
120900047,142,132,10
120900048,126,16,110
120900049,406,4,402
120900050,1981,1558,423
120900051,348,115,233
120900052,766,7,759
120900053,282,54,228
120900054,1598,630,968
120900055,378,3,375
120900056,518,34,484
120900057,171,13,158
120900058,557,1,556
120900059,98,5,93
120900060,73,22,51
120900061,207,261,-54
120900062,239,2,237
120900063,502,15,487
120900064,716,0,716
120900065,489,4,485
120900066,411,197,214
120900067,161,52,109
120900068,344,28,316
120900069,233,36,197
120900071,45,1,44
120900072,757,5,752
120900073,527,123,404
120900074,668,10,658
120900076,348,0,348
120900077,2779,360,2419
120900078,960,636,324
120900079,842,88,754
120900080,771,1307,-536
120900081,916,607,309
120900082,591,450,141
120900083,138,35,103
120900084,271,477,-206
120900085,85,135,-50
120900086,105,355,-250
120900087,498,382,116
120900088,156,438,-282
120900089,2947,3108,-161
120900090,237,110,127
120900091,633,977,-344
120900092,1296,481,815
120900093,1909,141,1768
120900094,453,218,235
120900095,468,42,426
120900096,63,238,-175
120900097,742,636,106
120900098,208,208,0
120900099,91,79,12
120900100,81,224,-143
120900101,583,282,301
120900102,45,81,-36
120900103,59,219,-160
120900104,31,60,-29
120900105,25,424,-399
120900106,1133,489,644
120900107,224,167,57
120900108,6,439,-433
120900109,50,512,-462
120900110,9,434,-425
120900111,200,306,-106
120900112,15,714,-699
120900113,17,736,-719
120900114,47,146,-99
120900115,148,233,-85
120900116,455,366,89
120900117,2,414,-412
120900118,8,567,-559
120900119,4612,3809,803
120900120,63,505,-442
120900121,261,482,-221
120900122,535,389,146
120900123,3,335,-332
120900124,2,469,-467
120900125,3,714,-711
120900126,1456,995,461
120900127,10,378,-368
120900128,961,1321,-360
120900129,69,233,-164
120900130,13,394,-381
120900131,50,108,-58
120900132,1120,242,878
120900133,105,799,-694
120900134,702,460,242
120900135,15,439,-424
120900136,36,84,-48
120900137,247,106,141
120900138,14,198,-184
120900139,3,543,-540
120900140,8,99,-91
120900141,226,186,40
120900142,14,377,-363
120900143,4,719,-715
120900144,0,124,-124
120900145,322,643,-321
120900146,2,788,-786
120900147,5,362,-357
120900148,149,135,14
120900149,0,189,-189
120900150,60,461,-401
120900151,1,512,-511
120900152,2,22,-20
120900153,34,107,-73
120900154,0,193,-193
120900155,191,849,-658
120900156,126,318,-192
120900157,79,232,-153
120900158,80,524,-444
120900159,83,363,-280
120900160,25,549,-524
120900161,20,491,-471
120900162,31,684,-653
120900163,57,699,-642
120900164,1,8,-7
120900165,1,43,-42
120900166,245,642,-397
120900167,455,174,281
120900169,65,301,-236
120900170,988,2519,-1531
120900171,1045,264,781
120900172,936,1330,-394
120900173,0,51,-51
120900174,12,100,-88
120900175,240,175,65
120900176,15,352,-337
120900177,0,1164,-1164
120900178,1,603,-602
120900179,814,486,328
120900180,81,183,-102
120900181,127,31,96
120900182,30,234,-204
120900183,352,98,254
120900184,269,99,170
120900185,14,437,-423
120900186,0,347,-347
120900187,511,931,-420
120900188,168,16,152
120900189,103,1255,-1152
120900190,66,11,55
120900191,12,14,-2
120900192,8141,7386,755
120900194,45,80,-35
120900195,157,305,-148
120900196,580,21,559
120900197,716,178,538
120900198,272,428,-156
120900199,418,1556,-1138
120900200,74,118,-44
120900201,415,146,269
120900202,2,164,-162
120900203,23,94,-71
120900204,138,243,-105
120900205,65,53,12
120900206,15,45,-30
121000001,733,1069,-336
121000002,2210,1295,915
121000003,2962,1994,968
121000004,2932,3449,-517
121000005,1635,2708,-1073
121000006,3432,1803,1629
121000007,2305,2724,-419
121000008,5101,3760,1341
121000009,5234,5624,-390
121000010,8235,6325,1910
121000011,9260,12593,-3333
121000012,16488,11263,5225
121000013,4782,7193,-2411
121000014,6125,5494,631
121000015,4097,6547,-2450
121000016,4063,3354,709
121000017,2138,3676,-1538
121000018,3013,1734,1279
121000019,17232,12179,5053
121000020,14127,17583,-3456
121000021,2810,2838,-28
121000022,2497,3302,-805
121000023,3839,2913,926
121000024,5202,5052,150
121000025,625,1319,-694
121000026,297,150,147
121000027,1668,1148,520
121000028,871,480,391
121000029,942,628,314
121000030,283,199,84
121000031,682,603,79
121000032,237,112,125
121000034,401,248,153
121000035,152,196,-44
121000036,1126,829,297
121000037,573,565,8
121000038,504,944,-440
121000039,284,472,-188
121000041,554,554,0
121000042,279,437,-158
121000043,666,538,128
121000044,1353,867,486
121000045,504,311,193
121000046,790,1075,-285
121000047,50,105,-55
121000049,1381,545,836
121000050,327,1014,-687
121000051,643,297,346
121000052,392,636,-244
121000053,425,96,329
121000054,76,327,-251
121000055,1089,1102,-13
121000056,696,956,-260
121000057,308,539,-231
121000058,390,237,153
121000059,2445,1367,1078
121000060,603,850,-247
121000061,85,426,-341
121000062,182,373,-191
121000063,720,820,-100
121000064,641,554,87
121000065,419,495,-76
121000066,329,352,-23
121000067,682,750,-68
121000068,743,402,341
121000069,852,1214,-362
121000070,1724,1365,359
121000071,1235,1356,-121
121000072,1389,900,489
121000073,1074,1130,-56
121000074,136,205,-69
121000075,52,549,-497
121000076,994,464,530
121000077,141,242,-101
121000078,128,184,-56
121000080,2228,697,1531
121000081,4443,3075,1368
121000082,107,243,-136
121000083,200,158,42
121000084,152,132,20
121000085,222,346,-124
121000086,229,715,-486
121000087,41,343,-302
121000088,501,604,-103
121000089,501,459,42
121000090,532,357,175
121000091,1515,1015,500
121000092,193,78,115
121000093,163,195,-32
121000094,559,774,-215
121000095,294,609,-315
121000096,2346,2428,-82
121000097,1038,2456,-1418
121000098,681,961,-280
121000099,619,746,-127
121000100,821,348,473
121000101,408,281,127
121000102,340,288,52
121000103,247,296,-49
121000104,369,217,152
121000105,530,234,296
121000106,363,401,-38
121000107,2019,2860,-841
121000109,1257,1113,144
121000110,317,715,-398
121000114,2615,1941,674
121000115,909,669,240
121000116,225,790,-565
121000117,666,225,441
121000118,1411,242,1169
121000119,247,452,-205
121000120,335,428,-93
121000121,722,1361,-639
121000123,1677,663,1014
121000126,91,304,-213
121000127,195,101,94
121000128,964,430,534
121000129,878,596,282
121000130,664,825,-161
121000131,2465,2086,379
121000132,1726,1837,-111
121000135,621,1017,-396
121000136,1400,998,402
121000137,613,443,170
121000138,1037,1545,-508
121000139,541,576,-35
121000141,187,139,48
121000142,668,961,-293
121000143,185,35,150
121000144,1235,1963,-728
121000145,565,960,-395
121000146,1455,953,502
121000147,999,509,490
121000148,886,1119,-233
121000149,1967,1271,696
121000152,471,479,-8
121000153,1727,640,1087
121000154,1024,589,435
121000155,1660,988,672
121000156,399,1026,-627
121000157,967,1627,-660
121000158,462,471,-9
121000159,253,411,-158
121000160,309,384,-75
121000161,252,313,-61
121000162,129,208,-79
121000165,1875,1881,-6
121000166,23,372,-349
121000168,410,211,199
121000169,58,176,-118
121000170,308,108,200
121000171,98,175,-77
121000172,635,633,2
121000173,1349,1095,254
121000174,363,407,-44
121000175,1045,366,679
121000176,448,229,219
121000177,898,586,312
121000178,92,81,11
121000179,89,60,29
121000181,441,348,93
121000182,168,230,-62
121000183,107,122,-15
121000184,198,136,62
121000185,44,185,-141
121000186,203,647,-444
121000187,203,180,23
121000188,228,193,35
121000192,987,413,574
121000193,657,553,104
121000194,2275,2190,85
121000195,262,794,-532
121000196,382,166,216
121000197,188,675,-487
121000198,168,130,38
121000199,122,324,-202
121000200,517,92,425
121000201,5,192,-187
121000202,153,5,148
121000203,919,1806,-887
121000204,2698,811,1887
121000205,195,294,-99
121000206,215,61,154
121000207,2308,369,1939
121000208,9,275,-266
121000209,429,261,168
121000210,628,329,299
121000211,291,108,183
121000212,416,541,-125
121000213,8733,2729,6004
121000214,924,2219,-1295
121000215,954,871,83
121000216,547,645,-98
121000217,4219,2209,2010
121000218,337,1545,-1208
121000219,1503,391,1112
121000220,178,96,82
121000221,152,198,-46
121000222,2226,2619,-393
121000223,561,406,155
121000224,314,276,38
121000225,850,1651,-801
121000226,2140,1182,958
121000227,8,157,-149
121000228,14,495,-481
121000229,302,306,-4
121000230,48,1457,-1409
121000231,941,40,901
121000232,332,311,21
121000233,528,315,213
121000234,20,49,-29
121000235,101,82,19
121000236,11,54,-43
121000237,45,23,22
121000238,5,83,-78
121000239,55,7,48
121000240,5,154,-149
121000241,111,6,105
121000242,56,271,-215
121000243,520,200,320
121000244,17,59,-42
121000245,74,64,10
121000246,4,86,-82
121000247,106,6,100
121000248,1964,446,1518
121000249,128,236,-108
121000250,610,256,354
121000251,13,285,-272
121000252,114,91,23
121000253,214,304,-90
121000254,546,185,361
121000255,153,192,-39
121000256,327,187,140
121000257,30,83,-53
121000258,133,64,69
121000259,30,49,-19
121000260,94,105,-11
121000261,103,57,46
121000262,1075,734,341
121000263,496,464,32
121000271,295,1203,-908
121000273,31,5,26
121000274,6,26,-20
121000275,4,8,-4
121000276,6,24,-18
121000278,28,33,-5
121000279,28,20,8
121000280,20,32,-12
121000289,165,17,148
121000290,1238,886,352
121000294,117,120,-3
121000297,875,1153,-278
121000299,158,429,-271
121000300,886,562,324
121000302,39,1096,-1057
121000303,473,308,165
121000304,518,58,460
121000305,183,44,139
121000306,137,133,4
121000308,194,362,-168
121000309,336,492,-156
121000310,125,349,-224
121000311,81,828,-747
121000312,431,260,171
121000313,346,498,-152
121000314,119,117,2
121000315,37,112,-75
121000530,1510,1363,147
121000531,1621,1401,220
121000532,7254,7904,-650
121000533,3100,3501,-401
121000918,66,155,-89
121000919,45,72,-27
121000938,114,125,-11
121000939,112,128,-16
121000956,1492,1116,376
121000957,2,17,-15
121000958,53,63,-10
121000959,796,653,143
121000960,1224,1694,-470
121000961,297,187,110
121000962,262,350,-88
121000973,0,160,-160
121000976,21,251,-230
121000979,521,196,325
121000981,407,317,90
121000982,331,139,192
121000983,380,331,49
121000984,27,99,-72
121000985,736,448,288
121000986,346,141,205
121000987,257,873,-616
121000988,745,103,642
121001302,231,113,118
121001308,10,13,-3
121001309,101,159,-58
121001313,187,214,-27
121001314,1764,2547,-783
121001315,4518,2393,2125
121900001,145,197,-52
121900002,50,34,16
121900003,435,21,414
121900004,125,428,-303
121900005,32,17,15
121900006,64,6,58
121900007,1894,2066,-172
121900008,1767,1106,661
121900009,725,35,690
121900010,219,2,217
121900011,309,423,-114
121900012,21,1,20
121900013,1415,128,1287
121900014,1200,381,819
121900015,205,222,-17
121900016,9,28,-19
121900017,458,511,-53
121900018,345,10,335
121900019,513,211,302
121900020,12,1,11
121900021,1038,20,1018
121900022,287,225,62
121900023,196,314,-118
121900024,367,108,259
121900025,584,432,152
121900026,462,67,395
121900027,477,222,255
121900028,257,23,234
121900029,148,197,-49
121900030,535,554,-19
121900031,1011,5998,-4987
121900032,138,95,43
121900033,219,204,15
121900034,296,71,225
121900035,2908,2083,825
121900036,76,261,-185
121900037,170,863,-693
121900038,49,132,-83
121900039,385,52,333
121900040,90,108,-18
121900041,131,191,-60
121900042,434,192,242
121900043,1,9,-8
121900044,162,70,92
121900045,395,231,164
121900046,330,388,-58
121900047,210,60,150
121900048,79,127,-48
121900050,53,43,10
121900051,174,146,28
121900052,188,50,138
121900053,603,241,362
121900054,442,1143,-701
121900055,6,18,-12
121900058,285,127,158
121900059,481,163,318
121900060,121,357,-236
121900061,223,195,28
121900062,246,163,83
121900063,1378,415,963
121900064,299,592,-293
121900066,54,16,38
121900067,55,50,5
121900069,153,178,-25
121900070,241,163,78
121900071,339,262,77
121900072,70,173,-103
121900073,261,229,32
121900074,969,1095,-126
121900075,435,522,-87
121900076,387,588,-201
121900077,22,31,-9
121900078,58,36,22
121900079,0,0,0
121900080,893,501,392
121900082,60,113,-53
121900084,34,127,-93
121900085,2,12,-10
121900086,9,50,-41
121900087,198,103,95
121900088,2214,3922,-1708
121900089,210,255,-45
121900090,36,93,-57
121900091,66,86,-20
121900092,80,92,-12
121900093,112,82,30
121900094,24,6,18
121900095,266,157,109
121900096,1399,1110,289
121900097,569,197,372
121900098,15,4,11
121900099,252,86,166
121900100,310,517,-207
121900101,144,150,-6
121900102,8,190,-182
121900103,574,266,308
121900104,1518,306,1212
121900105,288,193,95
121900106,7,8,-1
121900107,51,32,19
121900108,4,27,-23
121900109,295,116,179
121900110,593,765,-172
121900111,563,249,314
121900112,170,162,8
121900113,96,351,-255
121900114,77,86,-9
121900115,149,327,-178
121900117,349,104,245
121900118,1857,737,1120
121900119,182,96,86
121900120,56,1202,-1146
121900121,498,52,446
121900122,33,58,-25
121900123,243,385,-142
121900124,118,151,-33
121900125,2310,996,1314
121900127,14,96,-82
121900128,99,132,-33
121900129,631,216,415
121900130,129,256,-127
121900131,206,106,100
121900132,59,102,-43
121900133,68,1115,-1047
121900134,25,202,-177
121900135,2787,428,2359
121900136,319,295,24
121900137,54,341,-287
121900138,130,292,-162
121900139,353,510,-157
121900140,86,180,-94
121900141,73,42,31
121900142,181,160,21
121900143,26,170,-144
121900144,144,278,-134
121900145,285,307,-22
121900146,647,772,-125
121900147,48,176,-128
121900148,164,313,-149
121900149,416,539,-123
121900150,93,142,-49
121900151,81,224,-143
121900152,79,119,-40
121900153,123,774,-651
121900154,15,245,-230
121900155,4,269,-265
121900156,272,138,134
121900157,5,360,-355
121900158,76,141,-65
121900159,0,179,-179
121900160,28,216,-188
121900161,372,415,-43
121900162,100,146,-46
121900163,199,443,-244
121900164,368,220,148
121900165,249,136,113
121900166,196,158,38
121900167,142,125,17
121900168,147,231,-84
121900169,5,187,-182
121900170,14,184,-170
121900171,783,626,157
121900172,578,236,342
121900173,886,270,616
121900174,30,74,-44
121900175,139,166,-27
121900176,608,1367,-759
121900177,186,84,102
121900179,409,184,225
121900180,3744,4384,-640
121900182,613,262,351
121900183,505,1325,-820
121900184,85,641,-556
121900185,118,71,47
121900186,13,319,-306
121900187,35,192,-157
121900188,469,356,113
121900189,39,111,-72
121900190,246,388,-142
121900191,118,172,-54
121900192,293,724,-431
121900194,7,202,-195
121900195,107,144,-37
121900196,926,1003,-77
121900197,278,1304,-1026
121900198,1265,859,406
121900199,1,29,-28
121900200,59,249,-190
121900201,1023,764,259
121900202,124,666,-542
121900203,266,1011,-745
121900204,792,1069,-277
121900205,158,183,-25
121900206,24,74,-50
121900207,129,58,71
121900208,123,260,-137
121900209,98,50,48
121900210,1122,1083,39
121900211,4,96,-92
121900212,193,128,65
121900213,139,78,61
121900214,10,425,-415
121900215,32,123,-91
121900216,43,251,-208
121900217,282,153,129
121900218,188,370,-182
121900219,276,84,192
121900220,191,7,184
121900221,224,473,-249
121900222,170,159,11
121900223,272,67,205
121900224,130,51,79
121900225,104,120,-16
121900226,405,856,-451
121900227,222,563,-341
121900228,155,282,-127
121900229,347,282,65
121900230,116,386,-270
121900231,467,2516,-2049
121900232,220,401,-181
121900233,255,258,-3
121900234,374,260,114
121900235,552,147,405
121900236,337,158,179
121900237,167,292,-125
121900238,139,251,-112
121900239,203,42,161
121900240,302,123,179
121900241,50,51,-1
121900242,7,0,7
121900243,22,0,22
121900244,38,7,31
121900245,188,92,96
121900246,2129,301,1828
121900247,295,242,53
121900248,1427,1239,188
121900250,237,298,-61
121900251,493,47,446
121900252,612,156,456
121900253,129,686,-557
121900254,450,320,130
121900255,325,94,231
121900258,3623,2165,1458
121900259,324,562,-238
121900260,171,180,-9
121900261,171,553,-382
121900262,396,799,-403
121900263,314,262,52
121900264,1661,1331,330
121900265,384,258,126
121900266,483,139,344
121900267,97,33,64
121900269,244,723,-479
121900270,57,187,-130
121900271,33,138,-105
121900273,478,1734,-1256
121900274,254,275,-21
121900276,710,123,587
121900277,563,1019,-456
121900278,122,868,-746
121900279,103,193,-90
121900280,123,400,-277
121900281,480,672,-192
121900284,153,11,142
121900286,165,105,60
121900287,15,18,-3
121900290,261,393,-132
121900291,370,624,-254
121900292,139,107,32
121900293,832,2737,-1905
121900294,289,4,285
121900295,191,165,26
121900296,82,288,-206
121900298,259,765,-506
121900299,4,12,-8
121900300,122,15,107
121900301,47,10,37
121900302,1,26,-25
121900303,271,315,-44
121900304,1,20,-19
121900305,0,20,-20
121900306,179,1,178
121900307,54,23,31
121900308,35,195,-160
121900309,13,200,-187
121900310,18,358,-340
121900311,506,35,471
121900312,353,23,330
121900313,358,37,321
121900314,5,55,-50
121900315,12,0,12
121900316,0,13,-13
121900317,5,7,-2
121900318,4,14,-10
121900319,28,58,-30
121900320,37,36,1
121900321,23,1,22
121900322,3,19,-16
121900323,25,18,7
121900324,5,49,-44
121900325,11,1,10
121900326,1,28,-27
121900327,9,41,-32
121900328,0,20,-20
121900329,1,97,-96
121900330,4,22,-18
121900331,91,50,41
121900332,82,21,61
122000001,2001,4726,-2725
122000002,3823,1553,2270
122000003,2082,2693,-611
122000004,2934,1569,1365
122000005,2420,1984,436
122000006,1807,961,846
122000007,934,1687,-753
122000008,3417,4781,-1364
122000009,427,460,-33
122000010,2021,2893,-872
122000011,3224,1590,1634
122000012,1174,1638,-464
122000013,1089,888,201
122000014,1478,1068,410
122000015,1243,1008,235
122000016,542,825,-283
122000017,1182,1020,162
122000018,1333,1228,105
122000019,729,1039,-310
122000020,180,225,-45
122000021,277,513,-236
122000022,1267,1060,207
122000023,673,1823,-1150
122000024,691,1281,-590
122000025,1029,1837,-808
122000026,1008,1133,-125
122000027,580,1730,-1150
122000028,907,415,492
122000029,508,474,34
122000030,268,124,144
122000031,195,261,-66
122000032,1650,1738,-88
122000033,590,1184,-594
122000034,720,655,65
122000035,333,702,-369
122000036,589,496,93
122000037,374,236,138
122000038,289,310,-21
122000039,569,378,191
122000040,262,224,38
122000041,444,496,-52
122000042,341,419,-78
122000043,128,105,23
122000044,142,163,-21
122000045,1101,490,611
122000046,801,670,131
122000047,264,214,50
122000048,3693,4489,-796
122000049,5735,3214,2521
122000050,1341,794,547
122000051,320,314,6
122000052,467,323,144
122000053,177,816,-639
122000054,2442,1921,521
122000055,1908,3014,-1106
122000056,4520,3249,1271
122000057,3197,3354,-157
122000058,2197,1408,789
122000059,2750,1689,1061
122000060,657,627,30
122000061,365,369,-4
122000062,806,310,496
122000063,1137,638,499
122000064,3001,2593,408
122000065,3417,2227,1190
122000066,976,886,90
122000067,1332,1089,243
122000068,1364,985,379
122000069,750,695,55
122000070,897,1390,-493
122000071,1565,1269,296
122000072,335,401,-66
122000073,348,603,-255
122000074,2692,1584,1108
122000075,735,1166,-431
122000076,2266,1216,1050
122000077,1068,741,327
122000078,2062,2640,-578
122000079,967,1259,-292
122000080,577,372,205
122000081,169,255,-86
122000082,645,799,-154
122000083,1692,1822,-130
122000084,1468,800,668
122000085,267,979,-712
122000086,2152,4692,-2540
122000087,344,269,75
122000088,421,505,-84
122000089,4736,2218,2518
122000090,218,423,-205
122000091,225,82,143
122000092,97,23,74
122000093,1761,2147,-386
122000094,5215,2972,2243
122000095,2765,4066,-1301
122000096,2260,1661,599
122000098,3139,2592,547
122000099,1485,738,747
122000100,888,494,394
122000101,461,545,-84
122000102,1893,1209,684
122000103,1996,1644,352
122000104,398,163,235
122000105,505,248,257
122000106,504,604,-100
122000107,977,481,496
122000108,496,693,-197
122000109,436,260,176
122000110,479,518,-39
122000111,2460,1283,1177
122000112,936,1288,-352
122000113,667,640,27
122000114,2436,1402,1034
122000115,1619,1186,433
122000116,508,593,-85
122000117,1381,388,993
122000118,540,860,-320
122000119,3388,2501,887
122000120,1858,4485,-2627
122000121,2133,2896,-763
122000122,761,1825,-1064
122000123,1811,1884,-73
122000124,1326,587,739
122000125,591,822,-231
122000126,806,1319,-513
122000127,1143,1362,-219
122000128,445,800,-355
122000129,476,1016,-540
122000130,3442,1415,2027
122000131,1659,1297,362
122000132,621,656,-35
122000133,976,1427,-451
122000134,993,904,89
122000135,709,755,-46
122000136,872,628,244
122000137,1962,983,979
122000139,1199,3628,-2429
122000140,871,645,226
122000141,3769,1049,2720
122000142,320,697,-377
122000143,495,492,3
122000144,1470,1477,-7
122000145,1222,927,295
122000146,695,1494,-799
122000147,627,507,120
122000148,1420,2106,-686
122000149,2144,1597,547
122000150,1170,1002,168
122000151,198,309,-111
122000152,400,421,-21
122000153,380,378,2
122000154,210,227,-17
122000155,1337,2241,-904
122000156,2178,2274,-96
122000157,1329,2144,-815
122000158,357,681,-324
122000159,873,1811,-938
122000160,3790,2713,1077
122000161,1076,1121,-45
122000162,2197,1876,321
122000163,271,120,151
122000164,37,106,-69
122000165,755,572,183
122000166,868,868,0
122000167,274,241,33
122000168,280,524,-244
122000169,356,132,224
122000170,340,236,104
122000171,59,78,-19
122000172,1526,1232,294
122000173,1373,2140,-767
122000174,1989,905,1084
122000175,918,270,648
122000176,313,744,-431
122000177,1201,1249,-48
122000178,2503,2182,321
122000179,1636,2134,-498
122000180,1588,1347,241
122000181,1557,2948,-1391
122000182,2056,1940,116
122000183,2110,987,1123
122000184,2999,2370,629
122000185,1270,1558,-288
122000186,488,723,-235
122000187,1875,957,918
122000188,358,203,155
122000189,294,324,-30
122000190,870,976,-106
122000191,910,830,80
122000192,978,331,647
122000193,454,784,-330
122000194,526,149,377
122000195,122,469,-347
122000196,1227,713,514
122000197,557,774,-217
122000198,438,911,-473
122000199,356,324,32
122000200,957,636,321
122000201,1074,1502,-428
122000202,1348,1409,-61
122000203,2525,1280,1245
122000204,1529,1799,-270
122000205,1236,1440,-204
122000206,2292,962,1330
122000207,1804,1552,252
122000208,2052,1441,611
122000209,1767,338,1429
122000210,2114,1806,308
122000211,1368,1244,124
122000212,808,490,318
122000213,1082,1269,-187
122000214,2213,1709,504
122000215,1913,1619,294
122000217,1715,1429,286
122000218,742,85,657
122000219,1253,880,373
122000220,450,726,-276
122000221,66,374,-308
122000222,559,134,425
122000223,1338,547,791
122000225,834,284,550
122000226,1799,1724,75
122000227,330,2167,-1837
122000228,446,376,70
122000229,28,512,-484
122000230,45,514,-469
122000231,222,774,-552
122000232,671,571,100
122000233,1,53,-52
122000234,330,77,253
122000235,543,161,382
122000236,1267,111,1156
122000237,129,84,45
122000238,400,252,148
122000239,695,154,541
122000240,1183,733,450
122000241,329,364,-35
122000242,751,115,636
122000243,57,28,29
122000244,18,268,-250
122000245,14,57,-43
122000246,61,82,-21
122000247,560,198,362
122000248,820,1381,-561
122000249,863,850,13
122000250,2344,935,1409
122000251,193,474,-281
122000252,475,163,312
122000253,63,239,-176
122000254,322,128,194
122000255,745,1470,-725
122000256,330,947,-617
122000257,238,320,-82
122000258,284,301,-17
122000259,18,439,-421
122000260,7,71,-64
122000261,9,177,-168
122000262,2,31,-29
122000263,395,187,208
122000264,1512,326,1186
122000265,2448,814,1634
122000266,4496,652,3844
122000267,233,145,88
122000268,182,349,-167
122000269,851,320,531
122000270,597,179,418
122000271,280,1033,-753
122000272,433,998,-565
122000273,467,414,53
122000274,242,208,34
122000275,134,198,-64
122000276,853,563,290
122000277,1229,1614,-385
122000278,2374,738,1636
122000279,295,471,-176
122000280,823,711,112
122000281,948,713,235
122000282,330,590,-260
122000283,266,174,92
122000284,318,75,243
122000285,387,110,277
122000286,77,196,-119
122000287,1304,1437,-133
122000288,446,269,177
122000291,2044,734,1310
122000293,263,239,24
122000294,129,257,-128
122000295,1159,176,983
122000296,32,387,-355
122000297,2266,3076,-810
122000299,621,379,242
122000300,492,584,-92
122000301,8264,2906,5358
122000302,450,1437,-987
122000303,2668,1261,1407
122000304,87,218,-131
122000305,1280,264,1016
122000306,33,566,-533
122000307,92,110,-18
122000309,46,41,5
122000310,18,95,-77
122000311,225,128,97
122000312,130,158,-28
122000313,117,94,23
122000314,108,233,-125
122000315,238,50,188
122000316,956,202,754
122000317,1748,322,1426
122000318,318,816,-498
122000319,172,297,-125
122000320,324,1105,-781
122000321,94,165,-71
122000322,2078,1842,236
122000323,1470,2225,-755
122000324,910,982,-72
122000325,821,1577,-756
122000326,106,80,26
122000327,538,736,-198
122000328,805,656,149
122000330,2009,927,1082
122000332,215,320,-105
122000333,12,99,-87
122000337,1305,1281,24
122000338,497,429,68
122000340,342,524,-182
122000342,1164,745,419
122000343,276,299,-23
122000344,47,19,28
122000345,60,40,20
122000346,308,137,171
122000348,748,667,81
122000349,139,589,-450
122000351,184,150,34
122000352,286,190,96
122000353,89,47,42
122000355,153,228,-75
122000356,1291,1208,83
122000357,95,25,70
122000358,0,52,-52
122000359,0,34,-34
122000360,0,43,-43
122000362,11,88,-77
122000364,219,300,-81
122000365,1,28,-27
122000366,5,5,0
122000368,482,662,-180
122000370,23,54,-31
122000371,25,0,25
122000372,10,1,9
122000381,105,357,-252
122000382,59,207,-148
122000384,2360,1067,1293
122000385,78,0,78
122000386,320,1370,-1050
122000387,490,631,-141
122000388,1286,631,655
122000389,132,578,-446
122000390,295,223,72
122000391,296,241,55
122000392,175,157,18
122000393,38,145,-107
122000394,638,239,399
122000395,159,124,35
122000396,304,97,207
122000397,20,50,-30
122000398,18,49,-31
122000399,109,77,32
122000400,134,563,-429
122000401,135,74,61
122000402,300,122,178
122000403,606,643,-37
122000404,220,242,-22
122000408,715,982,-267
122000503,28,124,-96
122000524,191,185,6
122000544,99,2097,-1998
122000616,362,2,360
122000640,95,139,-44
122000641,135,287,-152
122000642,1009,895,114
122000643,41,162,-121
122000644,144,34,110
122000645,123,148,-25
122000651,1287,886,401
122000664,154,36,118
122000665,1183,544,639
122000666,760,1021,-261
122000673,28,224,-196
122000674,167,54,113
122000675,1776,713,1063
122000686,601,934,-333
122000687,1422,320,1102
122000688,378,623,-245
122000689,984,442,542
122000690,1942,457,1485
122000691,689,1381,-692
122000692,1453,410,1043
122000693,437,1554,-1117
122000695,361,343,18
122000696,418,253,165
122000698,496,410,86
122000699,206,148,58
122000701,1302,285,1017
122000702,388,963,-575
122000703,186,62,124
122000717,67,50,17
122000718,160,657,-497
122000719,104,79,25
122000720,446,223,223
122900001,53,3,50
122900002,992,4615,-3623
122900003,399,37,362
122900004,1568,74,1494
122900005,128,117,11
122900006,680,755,-75
122900007,81,96,-15
122900008,548,147,401
122900009,877,522,355
122900010,260,116,144
122900012,218,471,-253
122900014,143,247,-104
122900015,1803,1395,408
122900016,102,292,-190
122900017,317,784,-467
122900018,190,27,163
122900019,7,115,-108
122900020,203,481,-278
122900021,42,489,-447
122900022,925,822,103
122900023,611,216,395
122900024,156,114,42
122900025,11,381,-370
122900026,45,303,-258
122900027,67,570,-503
122900028,258,438,-180
122900029,4473,2847,1626
122900030,1063,594,469
122900031,63,289,-226
122900032,136,498,-362
122900033,192,153,39
122900034,4116,4928,-812
122900035,17,12,5
122900036,104,108,-4
122900037,414,135,279
122900038,110,2764,-2654
122900039,98,466,-368
122900040,249,429,-180
122900041,311,372,-61
122900042,206,295,-89
122900043,354,207,147
122900044,168,352,-184
122900045,121,97,24
122900046,201,249,-48
122900047,139,200,-61
122900048,70,166,-96
122900049,1182,134,1048
122900051,103,142,-39
122900052,87,116,-29
122900053,38,30,8
122900055,370,88,282
122900057,286,91,195
122900061,447,220,227
122900062,675,582,93
122900063,193,252,-59
122900064,865,497,368
122900065,615,283,332
122900066,794,401,393
122900067,1141,641,500
122900068,158,347,-189
122900069,372,1207,-835
122900070,361,58,303
122900071,118,367,-249
122900072,15,466,-451
122900073,27,220,-193
122900074,775,529,246
122900075,4,54,-50
122900076,6,133,-127
122900077,0,133,-133
122900078,225,89,136
122900080,36,39,-3
122900081,201,157,44
122900082,1089,255,834
122900083,147,155,-8
122900084,10,236,-226
122900086,14,130,-116
122900087,264,425,-161
122900088,31,164,-133
122900089,66,291,-225
122900090,14,365,-351
122900091,220,1,219
122900092,0,128,-128
122900093,0,164,-164
122900094,2,128,-126
122900095,114,13,101
122900096,325,152,173
122900097,31,25,6
122900098,73,86,-13
122900099,36,14,22
122900100,223,364,-141
122900101,423,251,172
123000001,1370,446,924
123000002,3630,5299,-1669
123000003,3861,3875,-14
123000004,2848,3646,-798
123000005,2770,2661,109
123000006,2240,2419,-179
123000007,3218,2555,663
123000008,2308,2534,-226
123000009,4311,2793,1518
123000010,3069,3153,-84
123000011,2201,736,1465
123000012,704,1833,-1129
123000013,3551,820,2731
123000014,665,3159,-2494
123000015,3930,1116,2814
123000016,3748,4951,-1203
123000017,2924,1545,1379
123000018,66,81,-15
123000019,346,137,209
123000020,209,71,138
123000021,112,190,-78
123000022,280,1553,-1273
123000023,1876,1627,249
123000024,1426,635,791
123000025,100,121,-21
123000026,10,97,-87
123000027,195,599,-404
123000028,1523,704,819
123000029,838,1509,-671
123000030,242,236,6
123000031,302,215,87
123000032,451,156,295
123000033,220,64,156
123000034,978,712,266
123000035,554,424,130
123000036,329,818,-489
123000037,274,416,-142
123000038,127,194,-67
123000039,486,1617,-1131
123000040,653,326,327
123000041,1085,1167,-82
123000042,681,621,60
123000043,3032,10566,-7534
123000044,4575,2763,1812
123000045,7529,3214,4315
123000046,782,1826,-1044
123000047,2084,933,1151
123000048,132,868,-736
123000049,6891,10989,-4098
123000050,1514,1503,11
123000051,102,163,-61
123000052,875,3650,-2775
123000053,2612,3446,-834
123000054,1342,1704,-362
123000055,1536,2245,-709
123000056,1082,1849,-767
123000057,11156,7861,3295
123000058,652,1080,-428
123000059,447,575,-128
123000060,911,397,514
123000061,272,724,-452
123000063,838,930,-92
123000064,1066,259,807
123000065,5652,2699,2953
123000066,619,490,129
123000067,842,521,321
123000068,2323,2741,-418
123000069,6638,3140,3498
123000070,297,684,-387
123000071,1070,887,183
123000072,1105,875,230
123000073,1079,799,280
123000074,1014,1002,12
123000075,346,1118,-772
123000076,726,612,114
123000077,1756,2257,-501
123000078,1628,1427,201
123000079,1657,1636,21
123000080,2432,1681,751
123000081,155,426,-271
123000082,359,913,-554
123000083,1066,295,771
123000084,701,447,254
123000085,313,78,235
123000086,584,137,447
123000087,482,278,204
123000088,1284,804,480
123000089,536,1005,-469
123000090,1201,845,356
123000091,1390,1108,282
123000092,818,951,-133
123000094,668,259,409
123000095,614,580,34
123000096,554,282,272
123000097,514,553,-39
123000098,639,459,180
123000099,551,578,-27
123000100,490,864,-374
123000101,568,732,-164
123000102,442,601,-159
123000104,458,389,69
123000105,573,475,98
123000106,466,466,0
123000107,307,464,-157
123000108,673,917,-244
123000111,917,382,535
123000112,1286,583,703
123000113,525,1186,-661
123000114,375,571,-196
123000115,302,229,73
123000116,38,78,-40
123000117,1720,1710,10
123000118,461,832,-371
123000119,259,753,-494
123000120,300,748,-448
123000121,437,506,-69
123000122,317,216,101
123000123,364,494,-130
123000124,458,403,55
123000125,1129,1219,-90
123000126,1291,4836,-3545
123000127,706,559,147
123000128,253,235,18
123000129,795,221,574
123000130,725,85,640
123000131,1004,683,321
123000132,312,548,-236
123000133,240,312,-72
123000134,342,125,217
123000135,2480,1234,1246
123000136,181,684,-503
123000137,116,251,-135
123000138,89,376,-287
123000139,588,105,483
123000140,137,724,-587
123000141,986,155,831
123000142,871,866,5
123000143,939,1554,-615
123000144,18,39,-21
123000145,240,267,-27
123000146,90,89,1
123000147,89,69,20
123000149,387,390,-3
123000150,145,233,-88
123000151,277,434,-157
123000152,118,458,-340
123000153,151,598,-447
123000154,1363,1606,-243
123000155,2023,1134,889
123000156,25,127,-102
123000157,520,714,-194
123000158,534,724,-190
123000159,3222,2560,662
123000160,1006,764,242
123000161,1842,1255,587
123000162,961,1643,-682
123000163,561,156,405
123000164,1623,341,1282
123000165,417,1377,-960
123000166,44,157,-113
123000167,131,219,-88
123000168,248,232,16
123000169,871,186,685
123000170,105,131,-26
123000171,849,18,831
123000172,221,583,-362
123000173,608,301,307
123000174,1162,452,710
123000175,567,1248,-681
123000176,1176,316,860
123000177,284,963,-679
123000178,831,211,620
123000179,48,422,-374
123000180,1823,298,1525
123000181,252,1145,-893
123000182,175,385,-210
123000183,147,451,-304
123000184,91,509,-418
123000185,810,231,579
123000186,5,560,-555
123000187,637,4,633
123000188,178,0,178
123000189,175,120,55
123000190,80,59,21
123000192,19,313,-294
123000193,50,761,-711
123000194,362,290,72
123000195,406,25,381
123000196,334,25,309
123000197,62,125,-63
123000198,37,388,-351
123000199,13,540,-527
123000200,581,9,572
123000201,1208,19,1189
123000202,15,774,-759
123000203,1150,96,1054
123000204,87,847,-760
123000205,515,1346,-831
123000206,2375,308,2067
123000207,78,754,-676
123000208,581,258,323
123000209,2218,742,1476
123000210,380,1701,-1321
123000211,549,2216,-1667
123000212,3420,578,2842
123000213,674,88,586
123000215,85,191,-106
123000216,226,494,-268
123000217,256,44,212
123000218,53,807,-754
123000219,819,101,718
123000220,533,109,424
123000221,140,97,43
123000222,455,386,69
123000223,419,325,94
123000224,410,382,28
123000225,316,53,263
123000226,84,305,-221
123000227,63,319,-256
123000228,281,66,215
123000229,1016,1364,-348
123000232,88,503,-415
123000233,739,180,559
123000234,233,557,-324
123000235,1080,279,801
123000236,328,706,-378
123000237,284,106,178
123000238,89,421,-332
123000239,457,1198,-741
123000240,76,515,-439
123000241,473,80,393
123000242,224,196,28
123000243,591,825,-234
123000244,904,729,175
123000245,53,146,-93
123000249,284,452,-168
123000252,947,299,648
123000253,1336,563,773
123000254,702,872,-170
123000255,1309,1032,277
123000256,35,231,-196
123000257,2526,1963,563
123000258,1021,749,272
123000259,391,344,47
123000260,520,430,90
123000261,287,146,141
123000262,106,154,-48
123000263,432,123,309
123000264,186,112,74
123000265,42,147,-105
123000266,572,694,-122
123000267,759,384,375
123000268,39,71,-32
123000269,66,59,7
123000270,24,51,-27
123000271,60,67,-7
123000272,632,229,403
123000273,278,622,-344
123000274,1250,554,696
123000275,306,731,-425
123000278,2269,2433,-164
123000279,71,71,0
123000280,277,246,31
123000281,295,107,188
123000282,146,238,-92
123000283,129,59,70
123000284,49,81,-32
123000286,199,358,-159
123000287,497,272,225
123000288,1462,834,628
123000289,469,991,-522
123000291,310,781,-471
123000294,145,242,-97
123000295,963,898,65
123000296,569,396,173
123000297,267,245,22
123000298,320,179,141
123000299,15,95,-80
123000300,971,854,117
123000301,150,258,-108
123000302,107,145,-38
123000303,113,169,-56
123000305,769,755,14
123000306,139,119,20
123000309,55,56,-1
123000310,50,35,15
123000311,0,89,-89
123000312,389,689,-300
123000313,614,228,386
123000315,210,286,-76
123000316,769,62,707
123000317,202,50,152
123000318,51,157,-106
123000329,22,18,4
123000337,944,316,628
123000338,373,44,329
123000339,323,156,167
123000340,91,300,-209
123000342,12,25,-13
123000343,36,10,26
123000344,1096,486,610
123000345,331,683,-352
123000346,292,41,251
123000352,1200,734,466
123000353,36,116,-80
123000354,236,4,232
123000355,0,280,-280
123000356,443,10,433
123000357,1,121,-120
123000359,4,138,-134
123000360,246,72,174
123000361,218,330,-112
123000362,486,87,399
123000363,91,184,-93
123000364,460,478,-18
123000365,26,406,-380
123000366,397,1881,-1484
123000367,317,950,-633
123000370,30,255,-225
123000371,369,39,330
123000372,350,22,328
123000373,9,339,-330
123000374,8,178,-170
123000375,416,50,366
123000376,940,540,400
123000377,488,20,468
123000378,25,260,-235
123000379,8,199,-191
123000380,75,486,-411
123000381,133,106,27
123000382,1261,121,1140
123000383,175,1395,-1220
123000384,472,115,357
123000385,148,521,-373
123000436,32,864,-832
123000507,72,210,-138
123000508,135,1153,-1018
123000517,268,28,240
123000518,32,228,-196
123000519,172,64,108
123000520,56,202,-146
123000521,320,105,215
123000522,145,291,-146
123000541,10,1,9
123000542,0,14,-14
123000565,775,47,728
123000566,241,349,-108
123000567,86,156,-70
123000573,23,666,-643
123000574,797,63,734
123000575,1335,988,347
123000576,1185,1202,-17
123000577,79,630,-551
123000578,511,75,436
123000579,2095,5431,-3336
123000580,126,43,83
123000582,416,21,395
123000583,23,349,-326
123000584,177,300,-123
123000585,0,79,-79
123000586,87,0,87
123000596,89,70,19
123000597,67,121,-54
123000602,49,4,45
123000603,747,472,275
123000604,416,530,-114
123000605,581,86,495
123000606,0,234,-234
123000609,9,326,-317
123000610,213,110,103
123000613,22,153,-131
123000614,253,40,213
123000615,30,84,-54
123000616,710,57,653
123000617,105,261,-156
123000618,84,574,-490
123000619,601,58,543
123000620,25,425,-400
123000622,472,27,445
123000624,151,33,118
123000630,937,326,611
123000631,228,836,-608
123000632,711,729,-18
123000633,1,134,-133
123000634,56,95,-39
123000635,60,86,-26
123000636,17,415,-398
123000637,104,58,46
123000638,410,43,367
123000639,1102,3930,-2828
123000640,20,576,-556
123900001,957,48,909
123900002,29,1074,-1045
123900003,310,341,-31
123900005,269,151,118
123900006,261,42,219
124000001,2112,178,1934
124000002,73,1501,-1428
124000003,1021,161,860
124000004,87,518,-431
124000005,1102,511,591
124000006,212,873,-661
124000007,386,98,288
124000008,18,421,-403
124000009,552,244,308
124000010,245,361,-116
124000011,1042,311,731
124000012,341,460,-119
124000017,138,107,31
124000018,152,69,83
124000019,133,142,-9
124000020,77,137,-60
124000021,104,82,22
124000022,107,163,-56
124000023,1217,1452,-235
124000024,886,366,520
124000025,1035,1674,-639
124000026,888,894,-6
124000027,4654,5621,-967
124000028,1931,3899,-1968
124000030,2398,1376,1022
124000031,1235,2947,-1712
124000032,2128,822,1306
124000033,191,232,-41
124000034,701,491,210
124000035,29,209,-180
124000036,43,156,-113
124000037,568,1357,-789
124000038,48,77,-29
124000039,1099,631,468
124000040,546,1403,-857
124000041,519,75,444
124000042,96,424,-328
124000043,74,118,-44
124000044,62,205,-143
124000045,789,518,271
124000046,296,512,-216
124000047,1749,752,997
124000048,981,1119,-138
124000049,1687,587,1100
124000050,700,1440,-740
124000051,1002,490,512
124000052,643,867,-224
124000053,608,1346,-738
124000054,977,514,463
124000055,1324,2651,-1327
124000056,2141,1355,786
124000057,781,522,259
124000058,422,1046,-624
124000059,606,1166,-560
124000060,990,562,428
124000061,1129,4850,-3721
124000062,3324,1677,1647
124000063,1103,1438,-335
124000064,2199,1284,915
124000065,17,304,-287
124000066,68,49,19
124000067,215,186,29
124000068,21,31,-10
124000069,190,5,185
124000070,65,85,-20
124000071,283,103,180
124000072,220,349,-129
124000073,951,136,815
124000074,192,616,-424
124000075,390,30,360
124000076,3,193,-190
124000077,1357,1055,302
124000078,2640,1547,1093
124000079,343,1775,-1432
124000080,397,191,206
124000081,202,527,-325
124000082,38,119,-81
124000083,53,86,-33
124000084,49,295,-246
124000085,109,26,83
124000086,176,97,79
124000087,266,91,175
124000088,277,430,-153
124000089,1006,462,544
124000090,105,317,-212
124000091,355,50,305
124000092,67,320,-253
124000093,103,81,22
124000094,237,435,-198
124000095,104,79,25
124000096,159,286,-127
124000097,69,129,-60
124000098,56,83,-27
124000099,125,74,51
124000100,56,83,-27
124000101,91,88,3
124000102,66,75,-9
124000103,106,97,9
124000104,75,44,31
124000105,58,81,-23
124000106,125,38,87
124000107,20,139,-119
124000108,60,13,47
124000109,117,93,24
124000110,194,102,92
124000111,166,147,19
124000112,630,572,58
124000113,96,77,19
124000114,275,390,-115
124000115,317,550,-233
124000116,90,132,-42
124000117,48,83,-35
124000118,28,77,-49
124000119,776,547,229
124000120,583,328,255
124000121,1055,655,400
124000122,506,1046,-540
124000123,1133,473,660
124000124,358,1009,-651
124000125,392,451,-59
124000126,326,600,-274
124000127,867,363,504
124000128,526,872,-346
124000129,1973,1465,508
124000130,833,585,248
124000131,919,611,308
124000132,811,696,115
124000133,763,721,42
124000134,886,598,288
124000135,1795,1769,26
124000136,977,1067,-90
124000137,1276,966,310
124000138,2255,1367,888
124000139,520,47,473
124000140,32,367,-335
124000141,103,8,95
124000142,9,159,-150
124000143,66,19,47
124000144,16,29,-13
124000145,139,46,93
124000146,39,76,-37
124000148,25,111,-86
124000149,1287,457,830
124000150,341,792,-451
124000151,708,184,524
124000152,590,993,-403
124000153,766,554,212
124000154,441,568,-127
124000155,1128,734,394
124000156,1138,827,311
124000169,239,471,-232
124000170,575,466,109
124000171,343,268,75
124000172,406,561,-155
124000173,504,193,311
124000174,262,488,-226
124000175,5,116,-111
124000176,53,38,15
124000177,12,25,-13
124000178,75,93,-18
124000190,29,15,14
124000191,55,57,-2
124000192,1452,372,1080
124000193,309,828,-519
124000194,375,453,-78
124000195,227,456,-229
124000196,907,914,-7
124000197,55,59,-4
124000198,61,52,9
124000201,311,827,-516
124000202,657,430,227
124000203,383,473,-90
124000204,891,261,630
124000205,123,346,-223
124000206,750,319,431
124000207,0,80,-80
124000209,193,364,-171
124000210,528,244,284
124000211,752,4,748
124000212,0,349,-349
124000213,411,283,128
124000214,412,438,-26
124000215,336,40,296
124000216,6,280,-274
124000329,211,1172,-961
124000338,248,607,-359
124000339,1041,147,894
124000341,1479,96,1383
124000344,26,10,16
124000357,1048,1958,-910
124000358,868,1240,-372
124000359,1461,705,756
124000360,919,480,439
124000361,1646,701,945
124000362,1046,1294,-248
124000363,263,378,-115
124000364,578,969,-391
124000365,532,1038,-506
124000366,1198,798,400
124000367,74,404,-330
124000368,487,340,147
124000369,122,114,8
124000370,57,455,-398
124000402,30,11,19
124000403,136,8,128
124000404,7,83,-76
124000405,1140,770,370
124000406,811,791,20
124000407,2,30,-28
124000411,12,280,-268
124000412,506,9,497
124000413,137,38,99
124000414,85,111,-26
124000415,61,102,-41
124000416,128,160,-32
124000417,153,80,73
124000418,144,88,56
124000419,73,86,-13
124000420,59,67,-8
124000421,58,125,-67
124000422,24,17,7
124000423,166,28,138
124000424,0,43,-43
124000425,54,11,43
124000426,6,32,-26
124000427,48,5,43
124000428,18,34,-16
124000429,87,60,27
124000430,608,466,142
124000431,270,561,-291
124000432,230,571,-341
124000439,2,8,-6
124000442,10,94,-84
124000443,0,7,-7
124000445,64,424,-360
124000446,555,54,501
124900001,429,300,129
124900002,206,327,-121
124900003,989,445,544
124900004,645,247,398
124900005,304,159,145
124900006,669,216,453
124900008,1199,486,713
124900009,237,575,-338
124900010,304,173,131
124900011,859,259,600
124900012,841,166,675
124900013,409,95,314
124900014,289,53,236
124900015,176,554,-378
124900016,71,122,-51
124900017,581,1455,-874
124900018,64,12,52
124900019,515,31,484
124900020,121,75,46
124900021,443,71,372
124900022,49,8,41
124900024,222,9,213
124900026,123,27,96
124900027,80,494,-414
124900028,468,133,335
124900029,11,442,-431
124900030,14,170,-156
124900031,68,335,-267
124900032,224,194,30
124900033,135,356,-221
124900034,9,81,-72
124900035,140,586,-446
124900036,2,53,-51
124900037,152,336,-184
124900038,294,196,98
124900039,2,90,-88
124900040,184,111,73
124900041,203,699,-496
124900042,110,2,108
124900043,361,603,-242
124900044,75,2,73
124900045,638,927,-289
124900046,1531,377,1154
124900047,155,190,-35
124900048,154,78,76
124900050,124,178,-54
124900052,142,656,-514
124900053,146,266,-120
124900054,1185,504,681
124900055,3,207,-204
124900057,8,34,-26
124900060,80,192,-112
124900061,106,4,102
124900062,168,23,145
124900066,0,14,-14
124900067,2,119,-117
124900068,342,1005,-663
124900069,121,160,-39
124900070,116,35,81
124900072,159,18,141
124900074,467,180,287
124900075,204,194,10
124900076,30,1164,-1134
124900077,32,108,-76
124900078,87,17,70
124900079,519,235,284
124900080,222,371,-149
124900081,787,258,529
124900082,250,493,-243
124900083,133,353,-220
124900084,1360,131,1229
124900085,784,465,319
124900086,97,1348,-1251
124900087,414,114,300
124900088,535,95,440
124900089,1071,33,1038
124900090,404,311,93
124900091,352,321,31
124900092,247,231,16
124900093,452,237,215
124900094,407,313,94
124900095,119,610,-491
124900096,625,360,265
124900097,402,100,302
124900098,154,355,-201
124900099,852,550,302
124900100,338,46,292
124900101,73,395,-322
124900102,232,15,217
124900103,109,209,-100
124900104,56,140,-84
124900105,113,111,2
124900106,529,53,476
124900107,128,14,114
124900108,148,87,61
124900109,88,95,-7
124900110,321,248,73
124900111,1,68,-67
124900112,41,704,-663
129000186,134,32,102
204000001,33,2,31
204000002,23,7,16
204000003,38,4,34
204000004,5,1,4
204000005,511,412,99
204000006,1212,1078,134
204000008,917,639,278
204000011,7,37,-30
204000012,43,59,-16
204000013,0,18,-18
204000019,507,407,100
204000020,547,445,102
204000021,965,612,353
204000022,491,383,108
204000023,525,610,-85
204000031,25,6,19
204000032,285,6,279
204000034,18,176,-158
204000035,3,3,0
204000036,5,24,-19
204000037,0,28,-28
204000038,0,6,-6
204000039,2,22,-20
204000040,3,26,-23
204000041,6,21,-15
204000042,45,8,37
204000043,27,2,25
204000044,30,1,29
204000045,61,2,59
204000046,9,2,7
204000057,8,30,-22
204000062,5,14,-9
204000068,31,190,-159
204000069,5,201,-196
204000070,61,33,28
204000080,24,37,-13
204000085,2072,1937,135
204000086,1877,1549,328
204000087,35,7,28
204000088,7,80,-73
204000090,12,238,-226
204000093,414,43,371
204000096,713,878,-165
204000097,523,4,519
204000099,1045,1243,-198
204000100,1469,1632,-163
204000105,2181,1412,769
204000110,431,729,-298
204000111,396,439,-43
204000112,683,499,184
204000113,561,549,12
204000114,971,503,468
204000115,544,268,276
204000116,689,466,223
204000119,1721,2494,-773
204000132,603,256,347
204000133,809,194,615
204000134,280,99,181
204000135,506,71,435
204000136,682,147,535
204000138,400,365,35
204000140,189,135,54
204000141,140,57,83
204000144,17,30,-13
204000145,498,42,456
204000146,40,305,-265
204000147,8,84,-76
204000148,137,17,120
204000154,5,5,0
204000155,1,8,-7
204000177,72,28,44
204000179,19,2,17
204000180,0,13,-13
204000222,2,18,-16
204000235,10,15,-5
204000236,51,170,-119
204000238,22,12,10
204000240,310,61,249
204000308,161,12,149
204000317,14,61,-47
204000322,11,44,-33
204000323,15,4,11
204000328,190,47,143
204000329,27,166,-139
204000330,129,13,116
204000331,18,104,-86
204010341,7,188,-181
205000001,665,1505,-840
205000013,4,68,-64
205000014,19,81,-62
205000015,34,169,-135
205000016,21,137,-116
205000017,20,84,-64
205000022,182,709,-527
205000025,972,940,32
205000029,180,11,169
205000045,116,352,-236
205000047,36,411,-375
205000048,223,739,-516
205000049,166,663,-497
205000050,516,272,244
205000059,2,150,-148
205000060,0,65,-65
205000061,3,76,-73
205000062,1,62,-61
205000063,15,109,-94
205000064,18,77,-59
205000065,37,413,-376
205000066,81,495,-414
205000067,24,622,-598
205000069,220,12,208
205000082,195,156,39
205000110,50,200,-150
205000111,183,177,6
205000112,152,225,-73
205000113,182,256,-74
205000121,292,48,244
205000123,53,170,-117
205000126,505,75,430
205000127,763,139,624
205000128,410,60,350
205000129,543,46,497
205000130,177,28,149
205000131,114,8,106
205000132,147,1,146
205000133,92,0,92
205000134,257,0,257
205000137,97,120,-23
205000138,147,278,-131
205000139,22,97,-75
205000144,76,81,-5
205000145,456,201,255
205000151,199,20,179
205000152,219,13,206
205000153,232,29,203
205000154,137,32,105
205000155,96,15,81
205000207,11,151,-140
205000233,18,3,15
205000234,0,0,0
205000243,1,0,1
205000244,0,4,-4
205000245,10,141,-131
205000249,2,22,-20
205000250,2,2,0
205000251,61,330,-269
205000264,4,89,-85
206000027,4,10,-6
206000028,5,1,4
206000043,5,53,-48
206000053,1,13,-12
206000054,3,23,-20
206000055,0,25,-25
206000075,12,26,-14
206000076,20,13,7
206000077,19,3,16
206000078,26,5,21
206000079,18,2,16
206000082,330,69,261
206000100,34,491,-457
206000103,5,16,-11
206000104,9,13,-4
206000105,4,23,-19
206000106,4,24,-20
206000108,582,31,551
206000125,48,0,48
206000157,46,628,-582
206000170,0,121,-121
206000171,1,150,-149
206000172,12,360,-348
206000173,0,134,-134
206000174,13,58,-45
206000175,5,87,-82
206000176,23,125,-102
206000177,0,104,-104
206000178,2,149,-147
206000179,5,98,-93
206000180,11,128,-117
206000181,4,94,-90
206000182,8,103,-95
206000183,9,403,-394
206000184,3,246,-243
206000185,2,137,-135
206000186,141,703,-562
206000223,11,191,-180
206000226,27,1,26
206000227,28,1,27
206000237,19,212,-193
206000238,40,330,-290
206000239,172,1445,-1273
206000240,2,53,-51
206000241,0,69,-69
206000242,7,182,-175
206000243,6,168,-162
206000244,39,430,-391
206000245,749,72,677
206000246,196,12,184
206000247,215,6,209
206000248,354,10,344
206000252,51,44,7
206000258,30,40,-10
206000315,34,5,29
206000317,446,115,331
206000318,357,41,316
206000319,1366,117,1249
206000320,147,44,103
206000321,245,10,235
206000322,536,21,515
206000323,178,9,169
206000324,198,9,189
206000325,245,10,235
206000326,196,13,183
206000327,144,8,136
206000328,174,9,165
206000329,302,9,293
206000330,65,3,62
206000331,160,1,159
206000332,51,3,48
206000333,596,1,595
206000334,230,6,224
206000335,0,17,-17
206000361,4,150,-146
206000392,3,24,-21
206000405,102,0,102
206000441,25,13,12
206000498,27,7,20
206000515,76,37,39
206000530,218,58,160
206000531,190,205,-15
206000532,1511,305,1206
206000535,251,1314,-1063
206000536,12,130,-118
206000537,19,145,-126
206000613,1439,219,1220
207000001,106,593,-487
207000002,122,259,-137
207000003,138,136,2
207000007,880,241,639
207000008,96,9,87
207000009,29,27,2
207000010,354,330,24
207000012,326,209,117
207000015,202,928,-726
207000019,187,49,138
207000021,475,130,345
207000022,130,99,31
207000023,204,46,158
207000024,7,17,-10
207000025,26,38,-12
207000026,51,22,29
207000027,9,54,-45
207000028,72,140,-68
207000029,207,375,-168
207000033,163,417,-254
207000034,266,88,178
207000039,433,137,296
207000040,398,84,314
207000041,116,39,77
207000042,270,57,213
207000043,200,161,39
207000051,163,185,-22
207000052,20,102,-82
207000053,425,407,18
207000054,54,61,-7
207000055,184,89,95
207000056,416,228,188
207000057,144,194,-50
207000058,163,217,-54
207000059,88,350,-262
207000060,54,94,-40
207000061,100,360,-260
207000062,229,32,197
207000063,269,86,183
207000064,343,185,158
207000065,339,201,138
207000066,166,126,40
207000067,50,68,-18
207000068,137,52,85
207000069,663,248,415
207000082,8,162,-154
207000083,78,242,-164
207000084,206,173,33
207000085,192,14,178
207000086,190,5,185
207000106,52,28,24
207000107,78,14,64
207000108,44,9,35
207000109,45,10,35
207000110,49,78,-29
207000111,84,97,-13
207000112,129,507,-378
207000114,20,33,-13
207000115,33,63,-30
207000116,26,354,-328
207000117,12,79,-67
207000118,8,57,-49
207000119,48,64,-16
207000123,157,29,128
207000124,64,30,34
207000125,36,45,-9
207000126,56,39,17
207000134,59,104,-45
207000135,15,193,-178
207000148,49,286,-237
207000149,63,21,42
207000152,75,335,-260
207000153,757,1274,-517
207000154,266,123,143
207000159,89,207,-118
207000160,159,293,-134
207000238,0,124,-124
207000242,2,111,-109
207000248,31,36,-5
207000249,102,36,66
207000250,452,50,402
207000251,106,65,41
207000252,61,46,15
207000278,69,65,4
207000279,35,109,-74
207000280,579,61,518
207000281,78,580,-502
207000282,149,107,42
207000283,83,152,-69
207000284,72,181,-109
207000285,97,63,34
207000291,18,73,-55
207000304,122,50,72
207000306,65,399,-334
207000310,69,59,10
207000353,223,1,222
207000356,12,70,-58
207000357,22,18,4
207000415,1,117,-116
207000417,36,0,36
207000437,0,4,-4
207000439,811,742,69
207000446,172,4,168
207000460,41,3,38
207000466,136,117,19
207000467,0,1,-1
207000468,0,12,-12
207000476,2,41,-39
207000477,737,64,673
207000523,0,9,-9
207000524,26,8,18
207000527,131,135,-4
207000530,437,7,430
207000531,354,11,343
207000532,98,22,76
207000534,368,48,320
207000535,26,326,-300
207000537,18,72,-54
207000540,8,128,-120
207000541,1,199,-198
207000548,8,154,-146
207000549,249,15,234
207000561,136,212,-76
207000562,34,159,-125
207000567,167,186,-19
207000568,207,69,138
207000569,514,590,-76
207000584,296,191,105
207000585,81,383,-302
207000616,0,80,-80
207000617,119,0,119
207000628,0,1,-1
207900008,250,86,164
208000001,510,877,-367
208000002,627,454,173
208000003,1001,325,676
208000004,965,507,458
208000005,2,14,-12
208000019,592,777,-185
208000020,147,475,-328
208000021,261,319,-58
208000022,1135,428,707
208000028,1076,899,177
208000033,637,451,186
208000034,1105,973,132
208000040,277,127,150
208000041,767,558,209
208000042,1261,572,689
208000047,156,177,-21
208000064,2251,1324,927
208000066,1467,2432,-965
208000070,349,323,26
208000071,361,689,-328
208000072,318,925,-607
208000080,266,276,-10
208000081,356,122,234
208000082,268,188,80
208000083,106,329,-223
208000084,20,24,-4
208000085,548,478,70
208000086,350,787,-437
208000087,335,582,-247
208000089,950,321,629
208000090,906,538,368
208000093,132,157,-25
208000094,465,327,138
208000095,590,419,171
208000104,891,731,160
208000105,573,826,-253
208000114,93,307,-214
208000115,507,320,187
208000116,533,930,-397
208000117,104,143,-39
208000118,78,128,-50
208000155,560,917,-357
208000158,1172,3758,-2586
208000186,3383,4351,-968
208000204,590,1075,-485
208000205,1037,743,294
208000282,4956,3271,1685
209000004,275,142,133
209000005,41,31,10
209000006,348,148,200
209000007,242,291,-49
209000010,372,131,241
209000011,156,249,-93
209000012,109,119,-10
209000013,258,261,-3
209000014,429,788,-359
209000025,223,38,185
209000026,646,80,566
209000027,320,671,-351
209000028,354,566,-212
209000029,459,682,-223
209000030,361,1086,-725
209000031,1983,1823,160
209000034,184,184,0
209000035,136,112,24
209000036,149,104,45
209000037,232,163,69
209000038,117,111,6
209000039,44,113,-69
209000040,236,426,-190
209000041,157,411,-254
209000042,249,336,-87
209000043,585,698,-113
209000044,176,678,-502
209000045,1153,430,723
209000046,493,396,97
209000047,381,172,209
209000048,543,348,195
209000049,95,58,37
209000050,131,92,39
209000051,179,207,-28
209000052,109,161,-52
209000062,41,58,-17
209000063,57,68,-11
209000064,33,74,-41
209000065,74,27,47
209000066,98,27,71
209000067,105,32,73
209000080,19,168,-149
209000082,120,42,78
209000091,25,89,-64
209000093,43,18,25
209000094,143,183,-40
209000110,28,122,-94
209000111,523,1260,-737
209000112,1001,409,592
209000113,1484,417,1067
209000114,680,404,276
209000115,52,81,-29
209000116,317,313,4
209000118,21,37,-16
209000119,18,15,3
209000121,93,425,-332
209000135,74,177,-103
209000142,617,1397,-780
209000143,73,57,16
209000144,58,117,-59
209000229,238,125,113
209000240,20,240,-220
209000259,61,57,4
209000260,16,1002,-986
209000261,4,760,-756
209000262,2,387,-385
209000263,1,105,-104
209000264,0,85,-85
209000265,470,1,469
209000266,119,0,119
209000267,1482,10,1472
209000268,808,56,752
210000037,42,17,25
210000047,76,19,57
210000048,100,26,74
210000049,52,13,39
210000052,47,79,-32
210000053,22,42,-20
210000054,53,56,-3
210000070,195,5,190
210000071,89,2,87
210000072,23,0,23
210000073,0,11,-11
210000074,1,89,-88
210000075,0,85,-85
210000076,18,155,-137
210000077,10,47,-37
210000078,34,30,4
210000079,28,19,9
210000080,79,38,41
210000081,229,24,205
210000082,134,2,132
210000083,65,0,65
210000084,30,0,30
210000085,3,56,-53
210000086,3,84,-81
210000099,32,184,-152
210000100,72,138,-66
210000101,61,133,-72
210000105,42,172,-130
210000159,1,138,-137
210000163,143,174,-31
210000164,208,232,-24
210000168,112,51,61
210000187,0,16,-16
210000188,1,14,-13
210000214,15,0,15
210000219,37,45,-8
210000220,79,53,26
210000232,5,18,-13
210000233,21,58,-37
210000234,21,114,-93
210000235,58,84,-26
210000245,0,71,-71
210000246,30,1,29
210000258,14,88,-74
210000259,361,71,290
210000282,82,185,-103
210000285,1,73,-72
210000286,15,126,-111
210000295,47,107,-60
210000296,33,33,0
210000320,190,67,123
210000321,126,57,69
210000338,66,57,9
210000339,284,1321,-1037
210000340,101,449,-348
210000341,222,281,-59
210000342,170,211,-41
210000343,160,199,-39
210000344,156,107,49
210000345,130,179,-49
210000346,76,111,-35
210000347,82,33,49
210000348,133,13,120
210000349,38,15,23
210000350,128,66,62
210000351,166,114,52
210000352,66,57,9
210000353,66,84,-18
210000354,48,71,-23
210000355,62,67,-5
210000356,37,39,-2
210000357,53,25,28
210000358,213,138,75
210000359,83,97,-14
210000360,164,119,45
210000361,188,145,43
210000362,282,232,50
210000363,724,278,446
210000364,79,167,-88
210000365,130,47,83
210000366,142,46,96
210000367,104,37,67
210000368,182,26,156
210000369,20,26,-6
210000370,44,28,16
210000372,20,27,-7
210000373,36,9,27
210000374,39,14,25
210000375,43,67,-24
210000376,67,92,-25
210000404,51,78,-27
210000439,19,36,-17
210000472,95,8,87
210000482,60,90,-30
210000564,342,320,22
210000568,307,3,304
211000092,27,36,-9
211000094,42,2,40
211000169,149,20,129
211000172,10,112,-102
211000209,1,18,-17
211000275,22,18,4
211000276,86,14,72
211000279,25,22,3
211000281,51,24,27
211507980,1,28,-27
211977296,46,2,44
212000003,110,45,65
212000004,30,30,0
212000005,11,21,-10
212000006,19,41,-22
212000008,168,109,59
212000009,31,88,-57
212000012,97,84,13
212000013,35,42,-7
212000014,273,152,121
212000015,298,243,55
212000016,502,499,3
212000027,608,497,111
212000028,400,391,9
212000029,243,233,10
212000030,61,19,42
212000031,70,51,19
212000048,30,137,-107
212000049,22,107,-85
212000050,31,11,20
212000051,234,224,10
212000052,210,252,-42
212000053,373,409,-36
212000054,342,116,226
212000055,275,191,84
212000056,18,51,-33
212000057,14,29,-15
212000058,227,36,191
212000070,136,179,-43
212000077,100,372,-272
212000099,316,270,46
212000108,143,119,24
212000111,187,104,83
212000120,117,39,78
212000138,151,30,121
212000156,15,75,-60
212000158,15,10,5
212000159,498,42,456
212000160,721,260,461
212000161,62,7,55
212000310,49,16,33
212000311,17,57,-40
212000374,55,14,41
213000001,31,429,-398
213000005,386,93,293
213000006,1083,290,793
213000007,97,11,86
213000009,749,417,332
213000010,164,245,-81
213000011,221,93,128
213000012,171,302,-131
213000014,75,6,69
213000015,310,5,305
213000016,360,2,358
213000017,76,0,76
213000018,1,130,-129
213000019,0,119,-119
213000020,140,301,-161
213000021,3,114,-111
213000023,373,150,223
213000033,336,1609,-1273
213000034,866,265,601
213000035,126,164,-38
213000045,194,206,-12
213000046,210,151,59
213000047,675,1116,-441
213000056,134,32,102
213000069,104,4,100
213000073,2,45,-43
213000074,41,335,-294
213000075,540,7,533
213000085,12,34,-22
213000086,12,123,-111
213000091,234,19,215
213000092,68,9,59
213000099,135,1117,-982
213000100,943,201,742
213000101,350,129,221
213000102,491,272,219
213000103,1006,834,172
213000104,41,380,-339
213000105,3,166,-163
213000106,15,114,-99
213000107,104,494,-390
213000108,29,391,-362
213000109,6,196,-190
213000110,8,61,-53
213000111,16,57,-41
213000112,158,112,46
213000115,69,7,62
213000116,41,299,-258
213000117,10,624,-614
213000118,404,209,195
213000119,41,495,-454
213000120,123,475,-352
213000122,95,453,-358
213000123,356,1040,-684
213000124,123,1204,-1081
213000125,127,16,111
213000126,100,159,-59
213000127,103,215,-112
213000128,335,1091,-756
213000129,384,562,-178
213000130,669,248,421
213000132,464,95,369
213000133,579,91,488
213000134,876,28,848
213000136,513,19,494
213000137,662,64,598
213000139,169,17,152
213000147,53,10,43
213000148,31,14,17
213000149,24,8,16
213000150,0,87,-87
213000151,3,92,-89
213000152,0,61,-61
213000153,6,85,-79
213000154,36,347,-311
213000155,36,218,-182
213000156,120,415,-295
213000157,563,346,217
213000158,396,884,-488
213000159,660,406,254
213000163,1015,117,898
213000165,1043,341,702
213000171,1,55,-54
213000172,2,205,-203
213000173,4,142,-138
213000174,6,146,-140
213000175,20,131,-111
213000176,182,39,143
213000177,185,13,172
213000178,168,9,159
213000179,234,0,234
213000180,202,1,201
213000184,78,404,-326
213000188,462,118,344
213000189,395,35,360
213000190,945,706,239
213000191,352,353,-1
213000192,261,259,2
213000193,686,341,345
213000194,1,56,-55
213000195,23,319,-296
213000196,218,1061,-843
213000197,446,452,-6
213000198,91,3,88
213000200,87,751,-664
213000201,53,51,2
213000202,8,400,-392
213000203,2957,599,2358
213000204,634,63,571
213000205,384,79,305
213000206,414,47,367
213000207,114,12,102
213000208,67,2,65
213000209,162,2,160
213000210,351,3,348
213000211,18,7,11
213000212,7,14,-7
213000213,18,38,-20
213000218,202,456,-254
213000219,513,12,501
213000220,436,13,423
213000223,158,212,-54
213000224,36,66,-30
213000225,136,4,132
213000226,79,12,67
213000227,855,188,667
213000228,330,83,247
213000229,236,15,221
213000230,433,20,413
213000232,46,835,-789
213000233,3,496,-493
213000234,3,46,-43
213000293,11,50,-39
213000294,86,22,64
213000295,10,51,-41
213000296,33,24,9
213000297,7,93,-86
213000298,19,69,-50
213000299,57,28,29
213000300,16,6,10
213000303,5,33,-28
213000304,2,19,-17
213000305,2,12,-10
213000306,69,51,18
213000307,164,56,108
213000308,96,195,-99
213000309,157,60,97
213000310,487,161,326
213000311,256,699,-443
213000315,76,92,-16
213000316,168,52,116
213000322,97,111,-14
213000323,130,78,52
213000324,117,114,3
213000325,103,105,-2
213000326,127,74,53
213000327,114,98,16
213000328,70,126,-56
213000329,161,82,79
213000340,168,457,-289
213000341,553,95,458
213000347,661,465,196
213000348,23,73,-50
213000349,31,5,26
213000350,286,779,-493
213000366,61,267,-206
213000367,245,19,226
213000379,84,33,51
213000386,7,270,-263
213000406,59,335,-276
213000417,1140,445,695
213000425,193,35,158
213000426,171,68,103
213000427,46,227,-181
213000428,71,150,-79
213000429,22,2,20
213000430,112,614,-502
213000431,48,6,42
213000432,3,117,-114
213000433,25,120,-95
213000434,92,124,-32
213000435,161,57,104
213000436,36,51,-15
213000437,4,29,-25
213000438,162,91,71
213000439,53,14,39
213000440,25,272,-247
213000441,6,1,5
213000442,8,54,-46
213000443,472,338,134
213000444,35,53,-18
213000445,0,79,-79
213000446,4,167,-163
213000447,6,53,-47
213000448,9,151,-142
213000449,339,5,334
213000450,13,45,-32
213000451,252,103,149
213000452,23,23,0
213000453,26,190,-164
213000455,442,59,383
213000456,0,227,-227
213000481,1,1,0
213000484,26,0,26
213000489,244,46,198
213900002,0,102,-102
213900003,186,17,169
213900013,1,125,-124
213900015,0,8,-8
213900016,19,4,15
213900020,29,92,-63
213900030,0,55,-55
213900032,261,171,90
213900033,152,26,126
213900034,555,68,487
213900035,223,382,-159
213900036,113,186,-73
213900037,39,275,-236
213900038,389,151,238
213900039,1,64,-63
213900041,0,129,-129
213900042,228,286,-58
213900043,294,131,163
213900244,45,0,45
213900245,0,21,-21
218000003,17,16,1
218000004,17,29,-12
218000005,25,15,10
218000006,47,26,21
218000007,8,11,-3
218000012,133,111,22
218000013,106,153,-47
218000014,514,479,35
218000019,923,733,190
218000020,316,476,-160
218000021,22,33,-11
218000022,16,20,-4
218000023,6,23,-17
218000024,4,6,-2
218000025,7,10,-3
218000026,10,19,-9
218000027,1,11,-10
218000028,1,7,-6
218000029,4,9,-5
218000030,25,27,-2
218000031,5,29,-24
218000032,2,24,-22
218000039,13,18,-5
218000040,11,3,8
218000046,37,71,-34
218000047,9,127,-118
218000048,76,90,-14
218000049,85,122,-37
218000050,323,267,56
218000051,57,226,-169
218000052,2,119,-117
218000053,4,6,-2
218000054,19,50,-31
218000055,4,24,-20
218000056,23,38,-15
218000057,4,32,-28
218000064,4,10,-6
218000065,135,55,80
218000066,22,67,-45
218000067,64,67,-3
218000068,135,96,39
218000069,300,99,201
218000070,223,235,-12
218000071,214,201,13
218000072,396,228,168
218000078,819,600,219
218000079,132,94,38
218000080,164,63,101
218000081,546,243,303
218000082,35,121,-86
218000083,85,51,34
218000084,211,137,74
218000085,178,371,-193
218000086,101,203,-102
218000087,252,162,90
218000090,7,96,-89
218000091,762,278,484
218000092,89,143,-54
218000093,75,65,10
218000094,279,347,-68
218000099,356,1007,-651
218000100,266,394,-128
218000101,306,186,120
218000102,477,252,225
218000103,151,219,-68
218000104,122,57,65
218000105,62,43,19
218000106,3,8,-5
218000107,91,81,10
218000108,4,63,-59
218000112,135,93,42
218000117,177,142,35
218000134,519,530,-11
218000135,24,73,-49
218000136,243,75,168
218000137,233,78,155
218000138,57,96,-39
218000139,268,259,9
218000140,519,148,371
218000141,92,63,29
218000142,202,110,92
218000143,138,207,-69
218000144,54,78,-24
218000145,398,301,97
218000146,109,231,-122
218000151,11,27,-16
218000152,273,77,196
218000153,15,5,10
218000154,12,4,8
218000155,17,0,17
218000156,52,8,44
218000157,31,17,14
218000158,4,7,-3
218000159,4,1,3
218000160,5,3,2
218000161,24,9,15
218000162,26,5,21
218000163,13,4,9
218000164,44,6,38
218000165,80,33,47
218000170,8,50,-42
218000171,88,14,74
218000172,15,17,-2
218000173,75,9,66
218000174,46,8,38
218000176,197,78,119
218000177,367,238,129
218000178,92,271,-179
218000179,122,107,15
218000180,101,71,30
218000181,217,78,139
218000187,10,13,-3
218000188,20,35,-15
218000189,28,51,-23
218000190,24,26,-2
218000191,142,30,112
218000192,261,227,34
218000193,481,296,185
218000194,130,322,-192
218000195,124,70,54
218000196,352,330,22
218000197,441,364,77
218000198,25,107,-82
218000199,61,28,33
218000200,89,22,67
218000201,20,16,4
218000202,69,193,-124
218000207,2,19,-17
218000208,25,19,6
218000211,35,13,22
218000212,4,14,-10
218000213,117,204,-87
218000214,8,55,-47
218000215,45,59,-14
218000217,6,74,-68
218000218,317,84,233
218000219,30,29,1
218000220,84,379,-295
218000221,543,164,379
218000222,19,51,-32
218000223,69,631,-562
218000224,8,222,-214
218000225,183,40,143
218000226,151,76,75
218000230,0,4,-4
218000232,70,56,14
218000234,27,4,23
218000239,111,4,107
218000240,37,0,37
218000241,20,1,19
218000242,87,1,86
218000243,40,4,36
218000244,34,5,29
218000245,16,1,15
218000246,2,0,2
218000247,0,0,0
218000248,0,16,-16
218000249,0,2,-2
218000250,2,11,-9
218000251,2,14,-12
218000252,1,20,-19
218000253,5,17,-12
218000254,1,14,-13
218000255,0,22,-22
218000256,2,39,-37
218000267,213,617,-404
218000268,24,43,-19
218000269,6,10,-4
218000270,28,15,13
218000271,15,20,-5
218000273,20,3,17
218000274,17,2,15
218000275,24,33,-9
218000276,13,44,-31
218000278,7,14,-7
218000279,24,23,1
218000280,7,11,-4
218000281,27,13,14
218000282,364,159,205
218000284,69,6,63
218000301,153,129,24
218000302,157,52,105
218000303,16,16,0
218000316,585,681,-96
218000317,969,693,276
218000318,548,552,-4
218000319,964,815,149
218000320,701,545,156
218000338,67,25,42
218000339,15,12,3
218000342,51,53,-2
218000343,109,29,80
218000345,27,32,-5
218000346,9,120,-111
218000353,29,14,15
218000354,36,40,-4
218000459,33,225,-192
218000490,16,26,-10
218000501,141,35,106
218000502,46,86,-40
218000503,152,42,110
218000504,217,62,155
218000505,63,151,-88
218000506,62,330,-268
218000508,1,5,-4
218000510,233,33,200
218000520,136,120,16
218000521,3,18,-15
218000522,0,117,-117
218000523,120,2,118
218000524,40,126,-86
218000525,148,13,135
218000526,35,95,-60
218000529,5,33,-28
218000530,18,3,15
218000531,21,39,-18
218000532,28,26,2
218000534,48,2,46
218000537,6,37,-31
218000538,125,182,-57
218000539,52,18,34
218000540,223,72,151
218000543,144,49,95
218000544,45,77,-32
218000545,66,95,-29
218000546,42,53,-11
218000547,79,153,-74
218000548,118,121,-3
218000549,464,563,-99
218000550,214,246,-32
218000551,122,959,-837
218000552,378,48,330
218000553,15,46,-31
218000554,26,14,12
218000555,18,21,-3
218000556,73,153,-80
218000557,189,49,140
218000558,34,1,33
218000559,1,40,-39
218000560,0,24,-24
218000561,12,0,12
218000562,27,171,-144
218000563,224,19,205
218000564,15,102,-87
218000565,195,20,175
218000566,401,29,372
218000567,4,55,-51
218000568,43,0,43
218000569,15,100,-85
218000570,59,9,50
218000571,1,72,-71
218000572,124,2,122
218000573,6,98,-92
218000574,124,28,96
218000575,113,0,113
218000576,0,68,-68
218000577,131,0,131
218000578,1,59,-58
218000579,46,13,33
218000581,3,40,-37
218000582,51,0,51
218000583,10,0,10
218000584,1,14,-13
218000585,33,10,23
218000586,7,25,-18
218000587,3,0,3
218000588,3,4,-1
218000589,1,3,-2
218000590,2,1,1
218000591,3,2,1
218000592,12,2,10
218000593,0,0,0
218000594,9,0,9
218000595,0,0,0
218000596,0,0,0
218000597,0,0,0
218000598,0,1,-1
218000599,1,0,1
218000600,0,2,-2
218000601,0,0,0
218000602,0,7,-7
218000603,0,9,-9
218000604,67,22,45
218000605,0,15,-15
218000606,67,0,67
218000607,10,33,-23
218000608,39,12,27
218000609,6,26,-20
218000610,61,8,53
218000611,30,1,29
218000612,1,20,-19
218000613,39,1,38
218000614,2,35,-33
218000615,160,3,157
218000616,6,91,-85
218000617,26,0,26
218000618,0,6,-6
218000619,22,35,-13
218000620,19,17,2
218000621,1,6,-5
218000622,1,8,-7
218000623,247,6,241
218000624,2,10,-8
218000625,9,1,8
218000626,0,12,-12
218000628,131,26,105
218000631,2,2,0
218000632,4,90,-86
218000633,95,3,92
218000634,9,12,-3
218000635,14,16,-2
218000636,835,974,-139
218000637,754,373,381
218000638,193,27,166
218000639,24,146,-122
218000640,287,26,261
218000641,57,297,-240
218000652,66,76,-10
218000653,179,80,99
218000663,0,36,-36
218000675,34,10,24
218000676,3,17,-14
218000677,9,2,7
218000680,34,118,-84
218000681,88,24,64
218000691,28,45,-17
218000693,69,30,39
218000703,2,30,-28
218000718,427,1428,-1001
218000719,842,775,67
218000720,2,100,-98
218000721,149,9,140
218000725,5,7,-2
218001214,5,31,-26
218001329,9,22,-13
218001330,14,11,3
219000001,40,68,-28
219000002,29,58,-29
219000003,59,37,22
219000004,50,43,7
219000017,48,21,27
219000020,128,96,32
219000022,141,24,117
219000023,239,3,236
219000029,0,59,-59
219000034,49,22,27
219000039,70,141,-71
219000040,45,69,-24
219000041,100,22,78
219000051,0,29,-29
219000052,1,15,-14
219000053,0,63,-63
219000054,393,254,139
219000055,203,4,199
219000056,12,1,11
219000057,85,0,85
219000062,11,58,-47
219000063,62,5,57
219000064,0,6,-6
219000110,389,61,328
219000111,79,45,34
219000112,175,66,109
219000113,165,74,91
219000114,189,223,-34
219000116,89,59,30
219000117,191,46,145
219000118,316,69,247
219000123,186,82,104
219000124,143,53,90
219000125,18,19,-1
219000126,56,69,-13
219000127,0,11,-11
219000128,2,109,-107
219000129,12,124,-112
219000130,351,429,-78
219000131,453,972,-519
219000133,36,33,3
219000134,15,20,-5
219000135,49,115,-66
219000136,82,204,-122
219000138,54,11,43
219000139,20,44,-24
219000140,56,1,55
219000141,16,73,-57
219000142,19,78,-59
219000143,11,91,-80
219000145,31,33,-2
219000146,1,30,-29
219000147,2,30,-28
219000148,6,29,-23
219000149,7,49,-42
219000150,1,59,-58
219000151,2,19,-17
219000157,168,135,33
219000158,158,143,15
219000161,95,10,85
219000163,1099,429,670
219000166,108,201,-93
219000167,157,115,42
219000168,233,107,126
219000174,415,143,272
219000175,119,2,117
219000176,95,9,86
219000177,35,2,33
219000178,52,2,50
219000179,18,7,11
219000180,33,31,2
219000182,130,15,115
219000183,93,26,67
219000184,114,12,102
219000185,0,36,-36
219000186,58,26,32
219000187,37,65,-28
219000189,57,125,-68
219000190,74,217,-143
219000191,700,1445,-745
219000192,178,158,20
219000193,162,127,35
219000195,3,53,-50
219000196,6,98,-92
219000198,15,114,-99
219000199,61,208,-147
219000200,43,142,-99
219000201,64,190,-126
219000203,12,104,-92
219000204,80,198,-118
219000205,26,159,-133
219000207,104,253,-149
219000209,22,68,-46
219000210,26,69,-43
219000213,2,110,-108
219000239,188,239,-51
219000240,199,357,-158
219000241,151,116,35
219000242,47,88,-41
219000243,71,148,-77
219000244,19,63,-44
219000245,35,36,-1
219000246,42,14,28
219000247,165,37,128
219000248,427,372,55
219000249,114,88,26
219000250,115,79,36
219000251,511,245,266
219000252,222,178,44
219000253,478,108,370
219000255,118,101,17
219000256,196,70,126
219000257,99,2,97
219000262,81,103,-22
219000263,74,135,-61
219000267,2,41,-39
219000268,1,9,-8
219000269,1,0,1
219000270,6,0,6
219000271,111,3,108
219000278,0,5,-5
219000279,1,6,-5
219000283,1,20,-19
219000295,14,76,-62
219000296,63,357,-294
219000297,18,92,-74
219000298,9,72,-63
219000299,378,70,308
219000300,22,172,-150
219000301,194,332,-138
219000302,33,215,-182
219000307,37,33,4
219000308,51,62,-11
219000311,181,49,132
219000312,582,115,467
219000313,359,63,296
219000314,61,368,-307
219000315,304,34,270
219000316,541,80,461
219000317,113,29,84
219000320,0,48,-48
219000321,0,23,-23
219000323,1,46,-45
219000325,3,12,-9
219000326,67,51,16
219000327,91,41,50
219000328,28,41,-13
219000329,250,109,141
219000330,74,44,30
219000331,53,47,6
219000332,113,78,35
219000333,22,3,19
219000335,94,1,93
219000337,41,2,39
219000338,56,1,55
219000344,25,56,-31
219000345,58,72,-14
219000346,28,88,-60
219000348,153,100,53
219000349,48,118,-70
219000350,97,264,-167
219000351,6,3,3
219000352,340,118,222
219000353,82,32,50
219000354,194,102,92
219000355,127,58,69
219000356,1053,1481,-428
219000363,175,50,125
219000364,73,48,25
219000365,99,17,82
219000366,190,281,-91
219000368,268,544,-276
219000370,1126,478,648
219000371,14,35,-21
219000382,16,21,-5
219000383,517,1070,-553
219000385,414,415,-1
219000386,603,1358,-755
219000387,2,12,-10
219000390,3,0,3
219000391,5,0,5
219000397,74,58,16
219000398,96,61,35
219000401,13,79,-66
219000402,45,57,-12
219000403,172,353,-181
219000404,20,123,-103
219000407,1,18,-17
219000409,53,58,-5
219000410,96,31,65
219000411,81,18,63
219000446,90,343,-253
219000447,0,23,-23
219000448,23,5,18
219000452,100,49,51
219000453,43,142,-99
219000454,185,274,-89
219000556,195,76,119
219000558,138,110,28
219000590,28,143,-115
219000591,74,105,-31
219000592,110,310,-200
219000595,5,17,-12
219000635,179,37,142
219000636,14,60,-46
219000657,31,18,13
219000658,54,151,-97
219000673,0,33,-33
219000676,61,16,45
219000679,29,8,21
219000684,92,2,90
219000685,0,40,-40
219000686,4,9,-5
219000688,0,57,-57
219000689,31,284,-253
219000690,201,50,151
219000691,9,46,-37
219000692,54,2,52
219000693,1,23,-22
219000694,27,1,26
219000695,22,2,20
219000698,17,1,16
219000699,0,7,-7
219000727,1,53,-52
219000728,61,3,58
219000770,21,0,21
219000771,0,31,-31
219001150,4,33,-29
219001151,2,9,-7
219001166,45,17,28
219001167,5,59,-54
220000001,29,68,-39
220000002,6,72,-66
220000003,271,180,91
220000004,600,418,182
220000005,1281,1655,-374
220000006,138,689,-551
220000007,346,389,-43
220000008,288,575,-287
220000009,218,265,-47
220000010,137,70,67
220000011,439,2809,-2370
220000012,95,254,-159
220000014,119,51,68
220000015,28,147,-119
220000017,67,233,-166
220000018,3435,1102,2333
220000019,68,202,-134
220000020,341,188,153
220000021,520,142,378
220000022,719,362,357
220000023,253,131,122
220000024,1787,349,1438
220000025,1299,1095,204
220000026,242,355,-113
220000027,26,80,-54
220000028,39,28,11
220000029,35,115,-80
220000030,80,58,22
220000031,406,256,150
220000064,18,952,-934
221000046,7,0,7
221000047,0,3,-3
221000048,0,1,-1
221000049,0,8,-8
221000050,12,0,12
221000055,39,53,-14
221000057,62,8,54
221000068,273,134,139
221000069,355,46,309
221000070,231,19,212
221000071,98,4,94
221000072,226,11,215
221000073,116,40,76
221000074,0,10,-10
221000075,6,16,-10
221000076,9,26,-17
221000077,20,95,-75
221000081,22,8,14
221000082,71,8,63
221000083,35,6,29
221000084,4,2,2
221000085,20,58,-38
221000086,20,76,-56
221000087,2,115,-113
221000088,13,110,-97
221000089,30,222,-192
221000090,104,439,-335
221000098,78,16,62
221000099,151,11,140
221000100,68,8,60
221000101,170,19,151
221000102,107,20,87
221000109,3,78,-75
221000110,15,62,-47
221000111,29,124,-95
221000112,8,90,-82
221000113,19,101,-82
221000114,9,121,-112
221000120,32,29,3
221000121,6,38,-32
221000122,35,31,4
221000123,6,4,2
221000124,20,116,-96
221000155,108,7,101
221000156,7,20,-13
221000175,0,5,-5
221000176,0,4,-4
221000182,63,11,52
221000241,534,297,237
221000242,160,437,-277
221000243,440,174,266
221000244,230,441,-211
221000245,65,96,-31
221000246,30,181,-151
221000247,98,98,0
221000248,126,115,11
221000267,54,503,-449
221000325,75,53,22
221000331,12,49,-37
221000338,4,28,-24
221000378,156,18,138
221000381,28,25,3
222000282,1,1,0
222000296,2,3,-1
222000568,310,23,287
222000569,158,51,107
222000570,133,25,108
222000571,264,27,237
222000577,19,108,-89
222000578,26,128,-102
222000579,36,113,-77
222000580,92,634,-542
222000599,0,93,-93
222000600,3,224,-221
222000601,7,784,-777
222000603,21,34,-13
222000604,6,19,-13
222000605,8,17,-9
222000606,1,6,-5
222000607,0,4,-4
222000608,16,5,11
222000609,58,146,-88
222000616,282,32,250
222000617,9,16,-7
222000618,7,7,0
222000620,20,8,12
222000621,46,23,23
222000623,507,7,500
222000624,292,2,290
222000625,490,22,468
222000636,50,5,45
222000686,20,14,6
222000687,44,15,29
222001066,301,4,297
222001067,17,5,12
222001068,56,16,40
222001069,43,32,11
222001082,12,29,-17
222001083,31,53,-22
222001084,0,31,-31
222001085,3,167,-164
222001111,44,101,-57
222001112,99,33,66
222001313,33,7,26
222001314,10,115,-105
222001464,33,31,2
222001465,24,71,-47
222001484,95,52,43
222001485,37,45,-8
222001494,478,130,348
222001495,107,184,-77
222001496,274,72,202
222001497,84,332,-248
222001502,30,85,-55
222001503,115,20,95
222001504,23,262,-239
222001505,308,24,284
222001506,51,328,-277
222001507,285,16,269
222001510,457,44,413
222001511,69,264,-195
222001514,577,211,366
222001515,244,443,-199
222001518,305,81,224
222001519,49,203,-154
222001527,197,58,139
222001528,54,121,-67
222001529,222,45,177
222001530,84,195,-111
222001533,141,249,-108
222001534,345,48,297
222001535,179,245,-66
222001536,77,144,-67
222001537,276,56,220
222001538,61,402,-341
222001563,651,73,578
222001564,68,344,-276
222001568,287,126,161
222001576,7,5,2
222001579,1,6,-5
222001583,10,145,-135
222001584,75,11,64
222001596,627,903,-276
222001597,1968,277,1691
222001626,0,98,-98
222001650,93,95,-2
222001651,116,170,-54
222001914,201,74,127
222001915,62,189,-127
222900004,437,269,168
222900009,432,434,-2
222900019,132,150,-18
222900024,20,19,1
222900025,5,16,-11
225000001,382,140,242
225000002,421,134,287
225000003,478,71,407
225000004,240,162,78
225000005,67,47,20
225000006,0,188,-188
225000007,1024,892,132
225000010,279,14,265
225000011,241,814,-573
225000012,209,465,-256
225000013,77,99,-22
225000014,631,78,553
225000015,85,123,-38
225000021,721,154,567
225000027,208,332,-124
225000032,562,136,426
225000042,57,489,-432
225000049,33,28,5
225000050,58,12,46
225000053,4,257,-253
225000058,490,135,355
225000067,108,98,10
225000068,89,221,-132
225000069,107,354,-247
225000070,78,247,-169
225000071,31,127,-96
225000075,19,455,-436
225000076,33,98,-65
225000078,56,55,1
225000085,47,107,-60
225000086,232,58,174
225000087,133,17,116
225000088,5,135,-130
225000089,159,801,-642
225000090,72,343,-271
225000091,163,116,47
225000092,66,48,18
225000093,131,206,-75
225000094,15,157,-142
225000095,178,290,-112
225000096,238,361,-123
225000098,629,227,402
225000099,333,150,183
225000100,286,117,169
225000104,129,301,-172
225000110,12,282,-270
225000111,186,724,-538
225000112,218,782,-564
225000113,147,413,-266
225000114,57,182,-125
225000115,981,467,514
225000116,771,177,594
225000117,703,199,504
225000118,969,178,791
225000119,216,56,160
225000120,664,43,621
225000121,223,14,209
225000123,461,13,448
225000125,368,131,237
225000126,570,123,447
225000127,533,830,-297
225000128,346,560,-214
225000132,294,21,273
225000133,235,25,210
225000134,566,135,431
225000135,52,13,39
225000136,246,3,243
225000137,197,40,157
225000138,281,62,219
225000143,49,134,-85
225000144,1,215,-214
225000145,38,48,-10
225000146,57,73,-16
225000147,19,179,-160
225000148,4,161,-157
225000149,30,377,-347
225000151,17,143,-126
225000155,259,286,-27
225000156,130,584,-454
225000157,160,270,-110
225000158,72,210,-138
225000171,5,149,-144
225000180,21,3,18
225000181,1,64,-63
225000182,65,7,58
225000185,6,301,-295
225000187,33,264,-231
225000191,107,5,102
225000194,0,4,-4
225000208,1,40,-39
225000209,79,15,64
225000210,5,209,-204
225000217,0,10,-10
225000218,9,2,7
225000223,0,24,-24
225000224,44,1,43
225000225,0,13,-13
225000226,33,0,33
225000227,21,50,-29
225000228,8,3,5
225000229,0,50,-50
225000230,19,1,18
225000231,1,30,-29
225000232,141,0,141
225000241,71,0,71
225000242,0,24,-24
225000249,4,0,4
225000250,58,529,-471
225000251,321,24,297
225000254,1,12,-11
225000256,5,28,-23
225000257,1,37,-36
226000042,226,301,-75
226000043,29,218,-189
226000044,101,316,-215
226000045,39,241,-202
226000046,320,64,256
226000047,294,88,206
226000048,254,69,185
226000049,192,133,59
226000070,0,28,-28
226000071,0,36,-36
226000072,0,7,-7
226000073,0,6,-6
226000074,0,9,-9
226000084,2,50,-48
226000085,0,7,-7
226000086,0,5,-5
226000087,1,6,-5
226000088,31,39,-8
226000090,225,69,156
226000091,34,37,-3
226000092,6,8,-2
226000093,12,3,9
226000094,8,1,7
226000095,12,17,-5
226000105,9,2,7
226000106,7,0,7
226000107,1,0,1
226000108,13,0,13
226000109,93,0,93
226000124,118,63,55
226000134,633,465,168
226000135,1252,399,853
226000136,546,345,201
226000137,8,187,-179
226000138,1,117,-116
226000139,0,18,-18
226000156,156,3,153
226000157,140,5,135
226000163,83,158,-75
226000202,9,202,-193
226000231,276,11,265
226000232,29,3,26
227000033,277,70,207
227000036,302,37,265
227000037,245,26,219
227000038,211,23,188
227000084,1,61,-60
227000085,0,35,-35
227000088,34,2,32
227000089,112,1,111
227000090,38,0,38
227000091,14,3,11
227000092,36,0,36
227000093,116,0,116
227000094,18,0,18
227000130,23,72,-49
227000131,18,142,-124
227000132,9,163,-154
227000133,2,124,-122
227000134,12,252,-240
227000152,0,1,-1
227000153,0,39,-39
227000154,1,21,-20
227000155,0,10,-10
227000156,0,15,-15
227000165,3,29,-26
227000196,453,224,229
227000199,270,317,-47
227000230,20,243,-223
227000232,424,15,409
227000242,48,310,-262
227000243,332,61,271
227000245,12,309,-297
227000246,105,300,-195
227000247,326,64,262
227000248,75,10,65
227000249,19,81,-62
227000250,281,112,169
227000251,54,96,-42
227000252,15,225,-210
227000253,113,24,89
227000262,278,41,237
227000266,1143,23,1120
227000267,40,834,-794
227000282,5,92,-87
227000284,304,22,282
227000286,4,58,-54
227000291,8,294,-286
227000296,135,216,-81
227000484,178,8,170
227000485,14,485,-471
227000655,164,5,159
227000656,456,38,418
227000657,42,8,34
227000704,17,4,13
229000265,14,2,12
229000266,6,0,6
229000267,2,0,2
229000268,13,0,13
229000269,41,0,41
229000274,0,20,-20
229000275,0,29,-29
229000276,1,14,-13
229000277,0,2,-2
229000278,1,7,-6
229000295,5,34,-29
229000296,4,9,-5
229000297,13,28,-15
229000298,7,152,-145
229000320,23,12,11
229000321,15,11,4
229000412,32,46,-14
229000414,9,44,-35
229000415,23,3,20
229000416,1,10,-9
229000417,0,33,-33
229000419,94,245,-151
229000440,350,63,287
229000442,16,15,1
229000443,4,3,1
229000444,2,31,-29
229000445,65,6,59
229000446,88,29,59
229000491,3,17,-14
229000492,10,98,-88
229000493,6,58,-52
229000494,36,1,35
229000495,113,5,108
229000496,58,6,52
229000507,0,78,-78
229000508,0,36,-36
229000509,2,60,-58
229000510,1,30,-29
229000511,5,56,-51
229000512,0,15,-15
229000513,0,6,-6
229000514,0,3,-3
229000517,1,12,-11
229000518,9,21,-12
229000519,0,11,-11
229000520,6,38,-32
229000521,48,15,33
229000522,10,11,-1
229000523,15,5,10
229000524,7,1,6
229000527,1,0,1
229000528,0,0,0
229000529,10,0,10
229000530,61,3,58
229000531,42,0,42
229000532,29,1,28
229000533,47,1,46
229000534,63,1,62
229000564,54,1,53
229000565,18,0,18
229000566,0,9,-9
229000567,1,37,-36
229000582,95,4,91
229000583,2,1,1
229000584,0,39,-39
229000585,1,32,-31
229000718,0,0,0
229000719,0,1,-1
229000720,0,7,-7
229000721,0,4,-4
229000722,0,9,-9
229000723,0,2,-2
229000724,0,2,-2
229000725,0,2,-2
229000738,3,0,3
229000739,2,0,2
229000740,1,0,1
229000741,15,0,15
229000742,3,0,3
229000743,21,1,20
229000744,4,0,4
229000745,1,0,1
229000746,23,0,23
229000847,60,0,60
229000848,20,1,19
229000849,146,3,143
229000851,58,1,57
229000854,0,6,-6
229000856,2,61,-59
229000857,0,18,-18
229000858,0,31,-31
229000919,23,64,-41
229000930,0,191,-191
229000937,87,14,73
229000966,50,41,9
229000981,7,21,-14
229000985,19,47,-28
229000986,5,4,1
229000987,0,4,-4
229000988,2,3,-1
229000989,4,7,-3
229000990,0,5,-5
229000991,0,0,0
229000992,9,2,7
229000993,123,32,91
229000998,11,63,-52
229000999,66,20,46
229001034,0,12,-12
229001035,1,1,0
229001036,2,35,-33
229001037,46,2,44
229001038,0,3,-3
229001039,0,0,0
229001040,0,57,-57
229001041,42,0,42
229001042,14,13,1
229001047,9,37,-28
229001050,39,9,30
229001168,0,11,-11
229001200,20,3,17
229001338,8,18,-10
229001394,202,8,194
229001422,136,24,112
229001423,38,118,-80
229001431,70,64,6
229001432,74,63,11
229001444,182,36,146
229001445,53,131,-78
229001479,20,5,15
229001503,229,105,124
229001504,125,97,28
229001505,108,31,77
229001506,68,108,-40
229001509,50,8,42
229001510,5,33,-28
229001545,82,2,80
229001546,10,94,-84
229001553,76,14,62
229001554,37,89,-52
229001630,59,7,52
229001631,22,23,-1
229001635,1,14,-13
229001636,11,1,10
229001658,2,158,-156
229001659,60,3,57
229001660,10,2,8
229001661,9,31,-22
229001662,23,0,23
229001663,0,11,-11
229002584,239,183,56
229002831,213,142,71
229002841,14,14,0
229002842,20,16,4
229002843,67,11,56
229002844,29,56,-27
229002845,12,82,-70
229002846,64,32,32
229002847,3,9,-6
229002848,15,7,8
229002849,7,119,-112
229002850,12,0,12
229002851,42,185,-143
229002852,339,47,292
229002853,157,15,142
229002854,36,48,-12
229002855,8,20,-12
229002856,47,19,28
229002857,9,142,-133
229002858,21,14,7
229002859,49,118,-69
229002860,376,19,357
229002861,36,18,18
229002862,29,22,7
229002863,8,5,3
229002864,26,27,-1
229002865,18,13,5
229002866,23,15,8
229002867,3,26,-23
229002868,5,14,-9
229002869,26,120,-94
229002870,49,21,28
235000066,108,26,82
235000067,300,77,223
235000072,52,241,-189
235000073,16,81,-65
235000074,14,19,-5
235000080,21,86,-65
235000081,90,150,-60
235000082,139,35,104
235000083,192,50,142
235000084,47,37,10
235000085,147,55,92
235000089,3,3,0
235000092,6,33,-27
235000093,13,4,9
235000097,6,6,0
235000098,63,9,54
235000099,7,4,3
235000115,95,64,31
235000116,39,20,19
235000117,559,6,553
235000133,3,347,-344
235000134,6,110,-104
235000206,5,2,3
235000207,7,1,6
235000208,2,1,1
235000209,0,0,0
235000210,6,0,6
235000212,4,13,-9
235000213,0,1,-1
235000220,0,2,-2
235000221,84,21,63
235000238,28,91,-63
235000239,1,25,-24
235000242,265,521,-256
235000245,585,151,434
235000246,3,39,-36
235000284,5,65,-60
235000295,100,11,89
235000305,202,13,189
235000306,191,9,182
235000307,8,2,6
235000308,8,0,8
235000309,54,2,52
235000310,64,0,64
235000311,79,14,65
235000322,0,26,-26
235000323,0,38,-38
235000324,0,19,-19
235000325,3,9,-6
235000326,5,131,-126
235000351,5,45,-40
235000352,11,35,-24
235000353,5,20,-15
235000354,9,23,-14
235000355,7,51,-44
235000356,68,5,63
235000357,31,4,27
235000358,127,3,124
235000359,16,6,10
235000360,45,13,32
235000361,44,8,36
235000381,68,139,-71
235000382,212,20,192
235000390,8,2,6
235000391,131,11,120
235000392,142,331,-189
235000393,110,124,-14
235000395,158,27,131
235000396,483,53,430
235000399,88,24,64
235000400,90,29,61
235000401,23,139,-116
235000402,31,57,-26
235000405,86,279,-193
235000406,38,212,-174
235000407,64,82,-18
235000409,126,99,27
235000410,9,44,-35
235000411,5,56,-51
235000485,0,4,-4
235000486,10,0,10
235000549,84,124,-40
235000550,59,159,-100
235000599,90,27,63
235000600,13,14,-1
235000601,29,21,8
235000602,46,31,15
235000614,1,0,1
235000648,1,10,-9
235000649,16,8,8
235000685,0,3,-3
235000815,6,26,-20
235000834,0,5,-5
235000855,50,65,-15
235000862,60,142,-82
235000891,0,10,-10
235000892,20,2,18
235000901,68,66,2
235000907,7,3,4
235001010,77,86,-9
235001029,161,72,89
235001030,352,315,37
235001078,62,92,-30
235001079,57,74,-17
235001147,1,16,-15
235001166,17,60,-43
235001167,46,22,24
235001169,20,208,-188
235001188,0,4,-4
235001189,1,0,1
235001197,3,18,-15
235001200,48,37,11
235001208,7,5,2
235001209,7,23,-16
235001210,5,22,-17
235001239,3,30,-27
235001244,0,4,-4
235016267,0,39,-39
235900013,1,3,-2
235900014,2,2,0
241900007,29,1,28
277101746,0,2,-2
277102712,0,0,0
277103813,0,0,0
277103814,0,0,0
277103898,0,2,-2
990010990,29,157,-128
990011530,0,157,-157
990014944,2,407,-405
990015176,20,6,14
990015618,0,83,-83
990015888,11,53,-42
990016032,1,287,-286
990032570,0,302,-302
990070001,222,155,67
990070103,0,2,-2
990070601,0,34,-34
990070751,813,0,813
990070766,2,369,-367
990071180,456,198,258
990071343,20,2,18
990071387,0,13,-13
990071823,526,3,523
990072600,1,790,-789
990072964,0,295,-295
990073285,0,4,-4
990074393,0,683,-683
990074714,10,16,-6
990074870,1416,8,1408
990075106,1573,8,1565
990075746,481,6,475
990076437,1203,6,1197
990076458,0,602,-602
997000007,452,11,441
997000041,1,229,-228
997000058,61,0,61
997000062,44,1,43
997000069,0,9,-9
997000070,0,28,-28
997000100,48,0,48
997000141,14,2359,-2345
997000198,6,875,-869
998000475,0,48,-48
998000736,0,135,-135
998000965,0,19,-19
998001031,0,78,-78
998001072,422,204,218
998001091,5,1,4
998001093,2,0,2
998001103,2,4,-2
998001105,4,16,-12
998001700,0,8,-8
998001899,0,1,-1
998001900,3,0,3
998003073,1085,1,1084
998003124,20,8,12
998003125,18,82,-64
998101900,0,0,0
998102850,7,271,-264
998501819,2,0,2
998501820,0,2,-2
998501832,70,65,5
998501927,1181,614,567
998501929,91,3,88
998501930,37,1,36
998501931,147,4,143
998501932,2,1,1
998501933,49,0,49
998501937,22,2,20
998501944,15,1,14
998501950,0,0,0
998501970,59,3,56
998501971,0,90,-90
998501972,250,4,246
998501973,0,54,-54
998501974,1,201,-200
998501975,128,0,128
998501976,94,26,68
998501977,1,27,-26
998501978,13,1,12
998501979,0,7,-7
998501980,36,1,35
998501981,21,3,18
998501982,0,99,-99
998502006,0,1,-1
998502024,0,5,-5
998502032,0,6,-6
998502062,14,0,14
998502063,0,0,0
998502173,17,0,17
998502269,0,4,-4
998601159,3,143,-140
998601292,0,13,-13
999033574,0,119,-119
999800001,28,5,23
999800002,0,6,-6
999800003,7,2,5
999800004,0,3,-3
999800005,0,6,-6
