ID,insum,outsum,diff
100000001,853,997,-144
100000002,4324,4580,-256
100000003,5273,6491,-1218
100000004,523,1453,-930
100000005,2957,5805,-2848
100000006,672,230,442
100000007,2491,945,1546
100000008,160,623,-463
100000009,433,318,115
100000010,50,174,-124
100000011,565,136,429
100000012,87,1613,-1526
100000013,143,412,-269
100000014,234,440,-206
100000015,1475,2381,-906
100000016,570,1467,-897
100000017,548,949,-401
100000018,924,858,66
100000019,3999,3128,871
100000020,1475,7072,-5597
100000021,7805,2416,5389
100000022,896,3384,-2488
100000023,7780,1801,5979
100000025,536,1790,-1254
100000028,802,1274,-472
100000029,88,415,-327
100000030,101,45,56
100000031,2465,5981,-3516
100000032,1614,4311,-2697
100000033,1139,4055,-2916
100000034,166,967,-801
100000035,1037,2210,-1173
100000036,1002,1867,-865
100000037,693,548,145
100000038,2702,1753,949
100000039,377,2091,-1714
100000040,319,331,-12
100000041,1770,699,1071
100000042,1136,460,676
100000043,759,658,101
100000044,292,1193,-901
100000045,389,1323,-934
100000046,534,1319,-785
100000047,262,2413,-2151
100000048,456,1336,-880
100000049,2053,1276,777
100000051,413,646,-233
100000053,111,8,103
100000054,341,43,298
100000055,703,474,229
100000056,521,1069,-548
100000057,2714,920,1794
100000058,1078,967,111
100000059,26,373,-347
100000060,546,374,172
100000061,2800,1167,1633
100000062,1645,861,784
100000063,1149,326,823
100000064,2233,429,1804
100000065,386,767,-381
100000066,195,536,-341
100000067,310,667,-357
100000068,444,1216,-772
100000069,343,1008,-665
100000072,115,739,-624
100000073,1206,953,253
100000075,681,247,434
100000076,1510,4878,-3368
100000077,228,348,-120
100000078,10,49,-39
100000079,26,60,-34
100000080,8,36,-28
100000081,100,282,-182
100000102,2988,5162,-2174
100000103,1646,1850,-204
100000104,3490,3190,300
100000105,1389,2107,-718
100000106,1434,3277,-1843
100000107,204,1670,-1466
100000108,404,1003,-599
100000109,955,1658,-703
100000116,753,838,-85
100000117,100,221,-121
100000118,682,1572,-890
100000119,552,1121,-569
100000121,302,506,-204
100000122,643,1866,-1223
100000123,1406,3270,-1864
100000124,3416,4173,-757
100000125,4355,2209,2146
100000126,555,832,-277
100000127,983,594,389
100000128,1294,3242,-1948
100000129,308,778,-470
100000130,711,296,415
100000131,1224,2412,-1188
100000132,801,2504,-1703
100000133,2244,1771,473
100000135,644,1812,-1168
100000139,227,702,-475
100000140,195,360,-165
100000142,752,566,186
100000143,652,398,254
100000144,2731,645,2086
100000147,1434,4260,-2826
100000150,91,720,-629
100000151,885,2233,-1348
100000153,181,531,-350
100000154,20,511,-491
100000155,14,46,-32
100000156,395,488,-93
100000157,476,257,219
100000158,285,222,63
100000159,97,900,-803
100000165,772,845,-73
100000169,80,1572,-1492
100000174,303,1304,-1001
100000179,47,611,-564
100000180,1433,14867,-13434
100000181,527,970,-443
100000188,86,1423,-1337
100000189,1165,1361,-196
100000190,529,1861,-1332
100000191,766,1082,-316
100000192,30,115,-85
100000193,270,312,-42
100000330,694,994,-300
100000355,198,2715,-2517
100000362,2783,1730,1053
100000363,6568,5943,625
100000364,103,287,-184
100000365,6000,11235,-5235
100000366,2309,2109,200
100000367,4931,8059,-3128
100000368,3147,1050,2097
100000369,729,2797,-2068
100000370,156,1155,-999
100000376,61,196,-135
100000379,1258,1936,-678
100000380,3778,5960,-2182
100000384,5436,6807,-1371
100000385,1615,4086,-2471
100000386,3597,6305,-2708
100000387,2759,5915,-3156
100000388,2891,7237,-4346
100000389,4110,7610,-3500
100000390,4438,6807,-2369
100000391,3327,10563,-7236
100000392,1633,4804,-3171
100000393,1500,6528,-5028
100000394,4102,9462,-5360
100000395,2551,6649,-4098
100000396,3941,4145,-204
100000397,2796,9318,-6522
100000398,7613,6214,1399
100900002,13,5,8
100900003,423,298,125
100900004,19,1549,-1530
100900005,164,26,138
100900006,47,90,-43
100900007,168,3,165
100900008,5,373,-368
100900009,86,194,-108
100900010,96,46,50
100900011,261,125,136
100900012,1,74,-73
100900013,1202,27,1175
100900014,4,1,3
100900015,88,97,-9
100900016,3,8,-5
100900017,1234,81,1153
100900018,0,12,-12
100900019,33,117,-84
100900020,325,21,304
100900021,456,4,452
100900022,20,36,-16
100900023,0,29,-29
100900024,336,4,332
100900025,13,17,-4
100900026,150,88,62
100900027,547,3000,-2453
100900028,85,332,-247
100900029,39,1,38
100900030,1,157,-156
100900031,856,47,809
100900032,433,1,432
100900033,195,371,-176
100900034,777,2,775
100900035,237,6,231
100900036,38,0,38
100900037,160,133,27
100900038,83,64,19
100900039,296,258,38
100900040,611,451,160
100900041,1250,356,894
100900042,1664,2413,-749
100900043,0,22,-22
100900044,1545,538,1007
100900045,1,2,-1
100900046,1405,16,1389
100900047,1450,271,1179
100900048,107,50,57
100900049,80,126,-46
100900050,5,4,1
100900051,53,158,-105
100900052,382,35,347
100900053,809,33,776
100900054,7,30,-23
100900055,207,951,-744
100900056,37,92,-55
100900057,2432,1332,1100
100900058,178,196,-18
100900059,98,4,94
100900060,276,9,267
100900061,197,156,41
100900062,11,33,-22
100900063,293,978,-685
100900064,738,52,686
100900065,106,133,-27
100900066,175,282,-107
100900067,40,5,35
100900068,123,80,43
100900069,285,10,275
100900070,450,12,438
100900071,517,189,328
100900072,10,13,-3
100900073,181,406,-225
100900074,11,8,3
100900075,2060,275,1785
100900076,2,36,-34
100900077,65,26,39
100900078,103,242,-139
100900079,11,19,-8
100900080,65,367,-302
100900081,36,159,-123
100900082,158,240,-82
100900083,13,8,5
100900085,15,538,-523
100900086,92,468,-376
100900088,186,196,-10
100900089,4,4,0
100900090,98,690,-592
100900091,3,43,-40
100900092,82,167,-85
100900093,341,374,-33
100900094,227,140,87
100900095,5,16,-11
100900096,78,163,-85
100900097,0,3,-3
100900098,23,27,-4
100900099,36,379,-343
100900100,9,761,-752
100900101,269,61,208
100900102,44,225,-181
100900103,15,17,-2
100900104,6,163,-157
100900105,17,623,-606
100900106,25,4,21
100900107,1962,941,1021
100900108,5,89,-84
100900109,29,15,14
100900110,6,39,-33
100900111,16,195,-179
100900112,18,53,-35
100900113,26,31,-5
100900114,10,11,-1
100900115,12,18,-6
100900116,1283,504,779
100900117,296,1383,-1087
100900118,127,144,-17
100900119,15,11,4
100900120,26,5,21
100900121,673,387,286
100900122,72,126,-54
100900123,163,106,57
100900124,5,10,-5
100900125,9,47,-38
100900126,271,120,151
100900127,1,2,-1
100900128,128,288,-160
100900129,1,315,-314
100900131,40,287,-247
100900133,46,46,0
100900134,1,2,-1
100900135,2,463,-461
100900137,323,261,62
100900138,289,457,-168
100900139,6,3,3
100900140,4,286,-282
100900141,3,816,-813
100900142,1,19,-18
100900143,391,533,-142
100900144,10,10,0
100900145,80,349,-269
100900146,9,67,-58
100900147,12,675,-663
100900148,95,210,-115
100900149,35,233,-198
100900150,6,36,-30
100900151,139,590,-451
100900152,963,56,907
100900153,0,210,-210
100900154,53,238,-185
100900155,22,8,14
100900156,74,18,56
100900157,18,1189,-1171
100900158,1122,56,1066
100900159,15,88,-73
100900160,35,6,29
100900161,146,25,121
100900162,32,796,-764
100900163,132,111,21
100900164,62,27,35
100900165,14,46,-32
100900166,676,9,667
100900167,8,59,-51
100900168,24,273,-249
100900169,76,1041,-965
100900170,62,4,58
100900171,9,371,-362
100900172,0,29,-29
100900173,5,134,-129
100900174,47,19,28
100900176,1656,195,1461
100900177,500,292,208
100900178,183,219,-36
100900179,271,469,-198
100900180,1,2,-1
100900181,429,63,366
100900182,240,60,180
100900184,34,205,-171
100900186,558,426,132
100900187,23,86,-63
100900188,18,16,2
100900189,3570,310,3260
100900191,620,1572,-952
100900192,190,467,-277
100900195,127,221,-94
100900197,26,41,-15
100900198,45,120,-75
100900199,9,9,0
100900200,1046,337,709
100900201,172,921,-749
100900202,59,0,59
100900203,2,552,-550
100900204,202,2627,-2425
100900205,169,717,-548
100900206,336,125,211
100900207,250,164,86
100900210,248,291,-43
100900211,639,161,478
100900213,336,66,270
100900214,461,96,365
100900215,27,34,-7
101000001,2086,2418,-332
101000002,8633,9735,-1102
101000003,339,1187,-848
101000004,6675,6689,-14
101000005,5044,5931,-887
101000006,5843,8495,-2652
101000007,4055,5027,-972
101000008,2097,2156,-59
101000009,2556,785,1771
101000010,1022,524,498
101000011,950,410,540
101000012,517,730,-213
101000013,739,1226,-487
101000014,329,518,-189
101000015,1763,1054,709
101000016,286,598,-312
101000017,399,500,-101
101000018,1507,2795,-1288
101000020,1965,778,1187
101000021,606,404,202
101000022,191,254,-63
101000023,1398,662,736
101000025,265,544,-279
101000026,236,61,175
101000027,2637,4033,-1396
101000028,113,54,59
101000029,189,1752,-1563
101000030,1289,245,1044
101000031,409,1353,-944
101000032,3380,5220,-1840
101000033,2153,4129,-1976
101000034,1064,2076,-1012
101000035,759,325,434
101000036,1161,1341,-180
101000037,1252,2184,-932
101000039,2828,2968,-140
101000040,2435,5271,-2836
101000041,2824,8702,-5878
101000042,190,1374,-1184
101000043,3620,9096,-5476
101000045,526,939,-413
101000046,1559,2911,-1352
101000047,1427,6524,-5097
101000048,571,410,161
101000049,573,2580,-2007
101000050,1304,2673,-1369
101000051,1049,3315,-2266
101000052,1129,1660,-531
101000053,778,1284,-506
101000054,1752,972,780
101000055,1154,1662,-508
101000056,32,139,-107
101000057,915,1879,-964
101000058,843,1525,-682
101000059,1749,2480,-731
101000060,1913,985,928
101000061,718,1744,-1026
101000062,398,793,-395
101000063,334,1338,-1004
101000064,564,1098,-534
101000065,249,798,-549
101000066,539,1347,-808
101000067,596,1057,-461
101000068,189,576,-387
101000069,120,85,35
101000070,650,1007,-357
101000071,2494,1204,1290
101000072,653,3767,-3114
101000073,668,1497,-829
101000074,3201,4915,-1714
101000075,1998,6089,-4091
101000077,1761,1518,243
101000078,799,1337,-538
101000079,1207,1256,-49
101000080,1059,1276,-217
101000081,1811,1529,282
101000082,2270,2366,-96
101000083,3385,2292,1093
101000084,1091,566,525
101000085,1466,1190,276
101000086,870,1193,-323
101000087,856,883,-27
101000088,1416,1181,235
101000089,1018,1603,-585
101000090,1771,918,853
101000091,530,651,-121
101000092,1553,678,875
101000093,1478,700,778
101000094,1140,1022,118
101000095,590,559,31
101000096,590,429,161
101000097,438,755,-317
101000098,369,865,-496
101000099,679,1814,-1135
101000100,717,1201,-484
101000101,235,439,-204
101000102,706,807,-101
101000103,643,619,24
101000104,276,956,-680
101000105,152,694,-542
101000106,468,1430,-962
101000107,305,482,-177
101000108,451,160,291
101000109,591,102,489
101000110,33,167,-134
101000111,75,216,-141
101000113,170,808,-638
101000114,4523,11739,-7216
101000115,201,39,162
101000116,64,29,35
101000117,1416,221,1195
101000119,46,63,-17
101000120,157,116,41
101000121,54,66,-12
101000122,118,167,-49
101000123,65,149,-84
101000124,877,558,319
101000125,109,271,-162
101000128,301,1173,-872
101000130,126,267,-141
101000131,1207,367,840
101000132,1086,1071,15
101000135,26,32,-6
101000136,274,306,-32
101000137,30,501,-471
101000141,765,3714,-2949
101000147,640,314,326
101000148,681,20,661
101000149,159,359,-200
101000150,108,226,-118
101000151,409,58,351
101000152,300,342,-42
101000153,327,147,180
101000154,367,449,-82
101000155,618,205,413
101000156,10,430,-420
101000157,99,66,33
101000160,34,10,24
101000163,160,527,-367
101000164,283,189,94
101000165,404,423,-19
101000166,258,265,-7
101000168,908,452,456
101000252,2498,1011,1487
101000254,79,112,-33
101000258,88,9,79
101000261,93,92,1
101000262,1245,4179,-2934
101000263,356,1579,-1223
101000265,73,811,-738
101000266,305,339,-34
101000269,22,20,2
101000290,619,2848,-2229
101000293,37,50,-13
101000294,652,508,144
101000295,173,278,-105
101000301,353,571,-218
101000304,1929,2714,-785
101000305,2516,1075,1441
101900001,23,28,-5
101900002,0,12,-12
101900003,32,110,-78
101900004,0,65,-65
101900005,1574,3747,-2173
101900006,1699,86,1613
101900007,655,286,369
101900008,56,223,-167
101900009,36,318,-282
101900010,599,792,-193
101900011,103,955,-852
101900012,341,101,240
101900013,440,123,317
101900017,15,122,-107
101900018,578,275,303
101900019,80,134,-54
101900020,122,83,39
101900021,1,70,-69
101900022,195,418,-223
101900023,158,104,54
102000001,3357,6254,-2897
102000002,2764,879,1885
102000003,2492,7719,-5227
102000004,4414,2631,1783
102000005,1161,3360,-2199
102000006,819,1540,-721
102000007,1909,5578,-3669
102000008,4351,1494,2857
102000009,8276,10706,-2430
102000010,3861,3611,250
102000011,4621,3695,926
102000012,2926,2941,-15
102000018,2547,3005,-458
102000019,4201,2004,2197
102000026,203,427,-224
102000029,205,188,17
102000030,161,390,-229
102000031,96,125,-29
102000032,725,324,401
102000033,338,467,-129
102000034,485,640,-155
102000035,2751,940,1811
102000036,11,379,-368
102000037,182,42,140
102000038,114,491,-377
102000039,116,126,-10
102000040,197,400,-203
102000041,98,649,-551
102000042,138,520,-382
102000043,85,311,-226
102000044,321,835,-514
102000045,544,662,-118
102000046,1489,651,838
102000047,658,769,-111
102000048,547,758,-211
102000049,1146,1008,138
102000050,995,1072,-77
102000051,446,773,-327
102000052,1072,744,328
102000053,1022,1215,-193
102000054,1017,1144,-127
102000055,1553,341,1212
102000056,1329,475,854
102000057,1546,477,1069
102000058,1160,902,258
102000059,1298,1117,181
102000060,921,820,101
102000061,1983,1311,672
102000062,2118,859,1259
102000063,972,1158,-186
102000064,478,554,-76
102000065,83,127,-44
102000066,771,737,34
102000067,2627,2732,-105
102000068,12319,3380,8939
102000069,161,3557,-3396
102000070,1563,44,1519
102000071,6504,8863,-2359
102000072,3165,4385,-1220
102000073,791,1068,-277
102000074,514,1544,-1030
102000075,162,310,-148
102000076,279,278,1
102000077,745,564,181
102000078,1203,345,858
102000079,164,216,-52
102000080,280,181,99
102000081,281,732,-451
102000082,681,418,263
102000083,888,219,669
102000084,571,177,394
102000085,6432,834,5598
102000086,1278,866,412
102000087,1444,1821,-377
102000088,219,291,-72
102000089,1393,382,1011
102000090,388,1107,-719
102000091,1176,557,619
102000092,304,590,-286
102000093,615,673,-58
102000094,657,657,0
102000095,845,1188,-343
102000096,598,768,-170
102000097,754,607,147
102000098,468,777,-309
102000099,759,1000,-241
102000100,289,1067,-778
102000101,440,644,-204
102000102,285,1051,-766
102000103,2051,397,1654
102000104,734,281,453
102000105,274,476,-202
102000106,892,531,361
102000107,1866,354,1512
102000108,618,156,462
102000109,605,344,261
102000110,1456,459,997
102000111,1,185,-184
102000112,138,119,19
102000113,6,17,-11
102000114,485,343,142
102000115,336,312,24
102000116,332,763,-431
102000117,130,1172,-1042
102000118,852,1554,-702
102000119,1085,1472,-387
102000120,275,478,-203
102000121,1183,589,594
102000122,797,907,-110
102000123,1283,1305,-22
102000124,1649,1360,289
102000125,721,897,-176
102000126,684,721,-37
102000127,1386,657,729
102000128,907,812,95
102000129,1710,575,1135
102000130,720,1041,-321
102000131,2888,1256,1632
102000132,1286,1874,-588
102000133,3069,1549,1520
102000134,1143,748,395
102000135,2271,1238,1033
102000136,3833,811,3022
102000137,530,2476,-1946
102000138,205,574,-369
102000139,123,3018,-2895
102000140,163,3710,-3547
102000141,282,7123,-6841
102000142,340,351,-11
102000143,248,177,71
102000144,483,221,262
102000145,450,332,118
102000146,453,589,-136
102000147,569,354,215
102000148,211,476,-265
102000149,227,187,40
102000150,806,93,713
102000151,107,126,-19
102000152,219,145,74
102000153,968,578,390
102000154,173,451,-278
102000155,57,395,-338
102000156,285,208,77
102000157,56,525,-469
102000158,134,244,-110
102000159,983,859,124
102000161,1895,2201,-306
102000162,113,139,-26
102000163,79,483,-404
102000164,708,945,-237
102000165,218,176,42
102000166,39,167,-128
102000167,206,370,-164
102000168,277,239,38
102000169,96,666,-570
102000170,470,142,328
102000171,95,173,-78
102000172,46,447,-401
102000173,441,323,118
102000174,97,94,3
102000175,112,91,21
102000176,70,21,49
102000178,290,238,52
102000179,558,199,359
102000180,1116,328,788
102000181,1018,321,697
102000182,722,282,440
102000183,2259,1174,1085
102000184,2179,530,1649
102000185,3290,879,2411
102000186,1653,1120,533
102000187,1068,1046,22
102000188,1504,1179,325
102000189,1744,454,1290
102000190,611,2422,-1811
102000191,928,414,514
102000192,1435,1721,-286
102000193,88,88,0
102000194,46,169,-123
102000195,438,331,107
102000196,292,221,71
102000197,1136,237,899
102000198,213,423,-210
102000199,1505,203,1302
102000200,362,553,-191
102000201,1581,369,1212
102000202,7,64,-57
102000203,475,131,344
102000204,678,415,263
102000205,1554,299,1255
102000206,751,232,519
102000207,806,456,350
102000208,335,346,-11
102000209,95,46,49
102000210,478,259,219
102000211,583,282,301
102000212,401,4,397
102000213,13,152,-139
102000214,431,8,423
102000215,10,190,-180
102000216,68,86,-18
102000217,4,62,-58
102000218,305,196,109
102000219,188,161,27
102000225,342,610,-268
102000226,592,1247,-655
102000227,161,2,159
102000228,1,43,-42
102000229,65,56,9
102000230,311,313,-2
102000231,308,369,-61
102000232,54,148,-94
102000233,459,621,-162
102000234,126,980,-854
102000236,203,160,43
102000237,381,131,250
102000238,167,236,-69
102000240,392,756,-364
102000241,1432,159,1273
102000243,13,35,-22
102000245,7,156,-149
102000246,9,26,-17
102000247,351,398,-47
102000248,269,667,-398
102000249,173,80,93
102000250,88,196,-108
102000254,227,125,102
102000266,15,1786,-1771
102000271,26,1,25
102000286,472,357,115
102000297,2065,986,1079
102000299,0,0,0
102000301,0,0,0
102000302,0,0,0
102000303,0,0,0
102000305,0,0,0
102000307,0,5,-5
102000308,0,0,0
102900001,1358,645,713
102900002,402,75,327
102900003,102,118,-16
102900005,483,220,263
102900006,604,59,545
102900007,729,20,709
102900008,271,36,235
102900009,616,438,178
102900010,210,1002,-792
102900011,1198,488,710
102900012,344,63,281
102900013,58,33,25
102900015,564,439,125
102900016,73,45,28
102900017,276,192,84
102900018,74,38,36
102900019,437,445,-8
102900020,212,34,178
102900021,39,40,-1
102900022,260,146,114
102900023,18,59,-41
102900024,37,46,-9
102900025,118,74,44
102900026,281,2227,-1946
102900027,69,89,-20
102900028,257,923,-666
102900029,108,211,-103
102900030,405,383,22
102900031,314,107,207
102900032,147,105,42
102900033,122,189,-67
102900034,616,70,546
102900035,163,211,-48
102900036,372,261,111
102900037,300,191,109
102900038,394,168,226
102900039,18,539,-521
102900040,237,230,7
102900041,165,119,46
102900042,294,205,89
102900043,300,135,165
102900044,528,1327,-799
102900045,209,379,-170
102900046,207,179,28
102900047,141,407,-266
102900048,516,311,205
102900049,84,392,-308
102900050,174,288,-114
102900051,208,235,-27
102900052,47,85,-38
102900053,317,553,-236
102900054,392,1479,-1087
102900055,192,278,-86
102900056,103,341,-238
102900057,24,71,-47
102900058,450,66,384
102900059,32,47,-15
102900060,139,301,-162
102900061,221,252,-31
102900062,434,460,-26
102900063,1771,352,1419
102900064,128,458,-330
102900065,871,333,538
102900066,344,14,330
102900068,111,118,-7
102900070,230,1802,-1572
102900072,3,63,-60
102900073,65,10,55
102900074,195,255,-60
102900075,18,70,-52
102900076,61,161,-100
102900077,57,27,30
102900078,24,49,-25
102900079,218,11,207
102900080,537,48,489
102900081,76,281,-205
102900082,11,190,-179
102900083,102,14,88
102900084,12,60,-48
102900085,246,110,136
102900086,11,149,-138
102900087,131,254,-123
102900088,50,61,-11
102900089,191,114,77
102900090,1,139,-138
102900091,206,6,200
102900092,604,233,371
102900093,299,163,136
102900094,3,158,-155
102900095,144,2,142
102900096,86,10,76
102900097,27,83,-56
103000001,2140,1961,179
103000002,2240,2381,-141
103000003,2968,2584,384
103000004,666,552,114
103000005,1679,3222,-1543
103000006,817,1548,-731
103000007,473,637,-164
103000008,1056,627,429
103000009,1716,1171,545
103000010,151,51,100
103000011,1433,884,549
103000012,1632,1684,-52
103000013,2451,1709,742
103000014,1387,2940,-1553
103000015,1455,546,909
103000016,576,1525,-949
103000017,265,428,-163
103000018,870,281,589
103000019,410,382,28
103000020,1672,1306,366
103000021,1618,2091,-473
103000022,722,886,-164
103000023,721,2050,-1329
103000024,66,109,-43
103000025,108,858,-750
103000026,587,131,456
103000027,275,758,-483
103000028,244,330,-86
103000029,150,264,-114
103000030,1235,1656,-421
103000031,1039,2561,-1522
103000032,2180,1422,758
103000033,2795,2544,251
103000034,1009,1013,-4
103000035,433,1424,-991
103000036,313,379,-66
103000037,449,543,-94
103000038,633,1109,-476
103000039,721,270,451
103000040,651,578,73
103000041,2063,1358,705
103000042,1649,335,1314
103000043,856,590,266
103000044,407,120,287
103000046,451,400,51
103000047,744,341,403
103000048,340,130,210
103000049,100,95,5
103000050,768,229,539
103000051,783,461,322
103000052,680,249,431
103000053,207,395,-188
103000054,2463,1112,1351
103000055,1851,1717,134
103000056,798,999,-201
103000057,1248,190,1058
103000058,747,564,183
103000059,722,531,191
103000060,828,342,486
103000061,606,764,-158
103000062,1116,354,762
103000063,1090,805,285
103000064,129,138,-9
103000065,7,249,-242
103000066,214,17,197
103000069,367,170,197
103000070,954,477,477
103000071,1660,545,1115
103000072,194,486,-292
103000073,914,120,794
103000074,1055,113,942
103000075,105,541,-436
103000076,472,672,-200
103000077,34,241,-207
103000078,902,1013,-111
103000079,463,564,-101
103000080,750,486,264
103000081,302,998,-696
103000082,555,216,339
103000083,133,264,-131
103000084,67,3,64
103000085,0,70,-70
103000086,506,472,34
103000087,282,471,-189
103000088,275,324,-49
103000089,289,593,-304
103000090,3802,1108,2694
103000091,987,534,453
103000092,296,315,-19
103000093,297,507,-210
103000094,215,119,96
103000095,101,301,-200
103000096,577,55,522
103000097,76,616,-540
103000098,645,183,462
103000099,192,504,-312
103000100,212,395,-183
103000101,1095,105,990
103000102,202,328,-126
103000103,841,139,702
103000104,122,65,57
103000105,226,54,172
103000106,11,161,-150
103000107,261,59,202
103000108,914,628,286
103000109,592,434,158
103000110,618,519,99
103000111,424,408,16
103000112,329,270,59
103000113,349,560,-211
103000114,1360,689,671
103000115,838,472,366
103000116,841,354,487
103000117,439,399,40
103000118,453,426,27
103000119,766,395,371
103000120,57,149,-92
103000121,118,282,-164
103000122,256,332,-76
103000125,34,123,-89
103000126,796,2,794
103000127,9,138,-129
103000128,203,1,202
103000129,17,164,-147
103000130,67,55,12
103000131,227,132,95
103000132,118,173,-55
103000133,22,164,-142
103000134,267,1029,-762
103000135,505,199,306
103000136,495,478,17
103000137,366,612,-246
103000138,546,717,-171
103000139,0,84,-84
103000140,145,37,108
103000141,31,112,-81
103000142,110,79,31
103000143,87,135,-48
103000144,220,60,160
103000145,28,553,-525
103000150,137,34,103
103000152,183,194,-11
103000153,237,168,69
103000156,44,226,-182
103000157,477,1,476
103000159,122,44,78
103000162,61,16,45
103000163,12,24,-12
103000164,3,11,-8
103000165,91,182,-91
103000166,298,335,-37
103000167,224,87,137
103000168,172,128,44
103000169,222,512,-290
103000170,1175,215,960
103000171,23,124,-101
103000172,1095,390,705
103000173,986,192,794
103000174,291,175,116
103000175,322,135,187
103000176,726,643,83
103000177,354,413,-59
103000178,134,289,-155
103000179,205,29,176
103000183,271,18,253
103000185,188,32,156
103000186,204,88,116
103000187,949,179,770
103000188,33,121,-88
103000189,726,492,234
103000191,587,674,-87
103000292,581,1688,-1107
103000293,918,3275,-2357
103000295,79,165,-86
103000296,182,5,177
103000297,26,254,-228
103000504,74,8,66
103000505,5,46,-41
103000506,3,109,-106
103000507,263,0,263
103000508,105,119,-14
103000509,246,393,-147
103900001,16,32,-16
103900002,782,108,674
103900003,1068,275,793
103900004,232,1,231
103900005,0,84,-84
103900006,1,1,0
103900007,162,3,159
103900008,18,4,14
103900009,469,464,5
103900010,179,238,-59
103900011,552,81,471
103900012,11,21,-10
103900013,105,35,70
103900014,100,21,79
103900015,132,19,113
103900016,246,75,171
103900017,63,66,-3
103900018,249,126,123
103900019,62,415,-353
103900020,211,560,-349
103900021,112,39,73
103900022,746,438,308
103900023,234,0,234
103900024,78,359,-281
103900025,8,30,-22
103900026,28,0,28
103900027,596,199,397
103900028,24,318,-294
103900029,991,118,873
103900030,453,146,307
103900031,42,1,41
103900032,97,62,35
103900033,74,31,43
103900034,39,53,-14
103900035,57,33,24
103900036,55,53,2
103900037,108,92,16
103900038,86,202,-116
103900039,135,153,-18
103900040,7,101,-94
103900041,118,58,60
103900042,130,110,20
103900043,345,35,310
103900044,60,487,-427
103900045,449,115,334
103900047,119,15,104
103900048,42,35,7
103900049,126,1133,-1007
103900050,34,152,-118
103900051,1,53,-52
103900052,232,186,46
103900053,334,200,134
103900054,208,190,18
103900055,587,188,399
103900056,41,34,7
103900057,74,69,5
103900058,469,274,195
103900059,0,41,-41
103900060,72,77,-5
103900061,233,36,197
103900062,622,141,481
103900063,13,0,13
103900064,157,0,157
103900065,462,270,192
103900066,246,65,181
103900067,313,19,294
103900068,1,0,1
103900069,101,24,77
103900070,114,134,-20
103900071,16,59,-43
103900072,23,81,-58
103900073,36,45,-9
103900074,83,32,51
103900075,101,35,66
103900076,779,233,546
103900077,44,206,-162
103900078,392,69,323
103900079,139,131,8
103900080,4,39,-35
103900081,17,22,-5
103900082,17,141,-124
103900083,910,1428,-518
103900084,88,166,-78
103900085,67,144,-77
103900086,1140,367,773
103900087,48,68,-20
103900088,297,582,-285
103900089,89,103,-14
103900090,1,39,-38
103900091,733,155,578
103900092,577,429,148
103900093,84,290,-206
103900094,12,45,-33
103900095,260,182,78
103900096,71,90,-19
103900097,20,424,-404
103900098,337,144,193
103900099,168,76,92
103900100,418,138,280
103900101,105,811,-706
103900102,1,36,-35
103900104,1,36,-35
103900105,41,94,-53
103900106,0,57,-57
103900107,188,104,84
103900108,50,144,-94
103900109,167,40,127
103900110,343,64,279
103900111,220,254,-34
103900112,137,202,-65
103900113,110,267,-157
103900114,300,187,113
103900115,251,265,-14
103900116,1448,2100,-652
103900117,93,44,49
103900119,19,101,-82
103900120,33,65,-32
103900122,158,73,85
103900123,629,508,121
103900124,55,25,30
103900125,128,39,89
103900126,776,252,524
103900127,222,189,33
103900128,196,68,128
103900131,27,34,-7
103900133,1141,28,1113
103900134,1,14,-13
103900135,0,2,-2
103900137,0,11,-11
103900138,207,39,168
103900139,173,3161,-2988
103900140,3,322,-319
103900141,211,71,140
103900142,315,51,264
103900143,195,2,193
103900144,0,9,-9
103900145,141,306,-165
103900146,263,199,64
103900147,401,135,266
103900148,391,169,222
103900149,459,235,224
103900150,3690,5798,-2108
103900151,33,177,-144
103900152,950,226,724
103900153,11,1,10
103900154,417,2080,-1663
103900155,74,114,-40
103900156,171,89,82
103900157,104,53,51
103900158,232,56,176
103900159,258,32,226
103900160,75,42,33
103900161,103,160,-57
103900162,70,75,-5
103900163,8,388,-380
103900164,278,22,256
103900167,14,113,-99
103900168,150,78,72
103900169,38,100,-62
103900170,0,68,-68
103900171,0,32,-32
103900172,1,12,-11
103900173,15,17,-2
103900174,359,27,332
103900175,36,120,-84
103900176,9,43,-34
103900177,23,45,-22
103900178,119,22,97
103900179,100,32,68
103900180,23,32,-9
103900181,46,32,14
103900182,17,13,4
103900184,240,149,91
103900185,71,686,-615
103900187,5,96,-91
103900188,37,43,-6
103900189,94,8,86
103900190,115,57,58
103900191,19,68,-49
103900192,60,124,-64
103900193,71,111,-40
103900194,99,135,-36
103900195,9,130,-121
103900196,46,92,-46
103900197,23,29,-6
103900198,20,39,-19
103900199,125,76,49
103900200,214,57,157
103900201,107,130,-23
103900202,23,59,-36
103900203,53,29,24
103900204,7,20,-13
103900207,1,46,-45
103900208,157,0,157
103900209,8,76,-68
103900210,43,27,16
103900211,744,160,584
103900212,200,164,36
103900213,30,189,-159
103900214,204,142,62
103900215,156,258,-102
103900216,8,345,-337
103900217,276,38,238
103900218,1,278,-277
103900219,174,110,64
103900233,125,14,111
103900235,19,81,-62
103900236,3,3,0
103900242,3,6,-3
103900243,0,5,-5
103900244,178,81,97
103900245,109,86,23
103900246,28,37,-9
103900247,30,37,-7
103900248,3,55,-52
103900249,7,89,-82
103900250,9,17,-8
103900251,2,40,-38
103900253,13,42,-29
103900254,1,14,-13
103900255,2,7,-5
103900256,12,19,-7
103900257,19,64,-45
103900258,40,2,38
103900259,30,4,26
103900261,19,3,16
103900262,19,5,14
103900263,23,45,-22
103900264,23,13,10
103900265,28,4,24
103900266,4,135,-131
103900267,5,37,-32
104000001,2849,2306,543
104000002,1705,1807,-102
104000003,2722,2091,631
104000004,2182,2197,-15
104000005,2086,2053,33
104000006,3310,2410,900
104000007,3686,3544,142
104000008,170,154,16
104000009,196,133,63
104000010,224,327,-103
104000011,215,147,68
104000012,114,192,-78
104000013,328,258,70
104000014,206,364,-158
104000015,422,175,247
104000016,416,242,174
104000018,850,231,619
104000019,684,296,388
104000020,125,400,-275
104000021,272,292,-20
104000022,131,233,-102
104000023,996,393,603
104000024,240,288,-48
104000026,62,261,-199
104000027,283,131,152
104000028,381,219,162
104000029,335,209,126
104000030,386,316,70
104000031,1487,333,1154
104000032,212,185,27
104000033,684,471,213
104000034,396,189,207
104000035,1077,374,703
104000036,976,441,535
104000037,300,159,141
104000038,559,319,240
104000039,192,104,88
104000040,149,397,-248
104000041,540,327,213
104000042,191,195,-4
104000043,176,219,-43
104000044,236,338,-102
104000045,880,570,310
104000046,711,897,-186
104000047,581,975,-394
104000048,915,865,50
104000049,686,459,227
104000050,165,1016,-851
104000051,145,576,-431
104000052,1779,1625,154
104000053,1018,462,556
104000054,567,210,357
104000055,3396,2205,1191
104000056,812,240,572
104000057,182,221,-39
104000058,690,605,85
104000059,659,967,-308
104000060,1320,1380,-60
104000061,1112,956,156
104000062,452,102,350
104000064,589,205,384
104000065,209,627,-418
104000069,535,1270,-735
104000070,73,457,-384
104000071,137,235,-98
104000072,563,157,406
104000075,141,257,-116
104000076,413,96,317
104000082,2355,3483,-1128
104000083,655,205,450
104000084,93,395,-302
104000085,319,312,7
104000086,243,384,-141
104000087,342,1996,-1654
104000090,955,721,234
104000092,1613,1062,551
104000094,780,829,-49
104000095,2082,1047,1035
104000096,2059,87,1972
104000097,2128,488,1640
104000098,2985,560,2425
104000100,2104,585,1519
104000101,1240,1197,43
104000106,41,560,-519
104000107,573,218,355
104000108,192,288,-96
104000109,331,238,93
104000110,670,1086,-416
104000111,2136,2950,-814
104000112,893,511,382
104000116,1,526,-525
104000117,204,311,-107
104000118,1089,128,961
104000119,841,336,505
104000120,248,348,-100
104000121,222,475,-253
104000122,897,657,240
104000123,768,546,222
104000124,516,1286,-770
104000125,2046,4891,-2845
104000126,601,492,109
104000127,1262,1409,-147
104000128,545,250,295
104000129,62,1,61
104000130,1,368,-367
104000131,279,274,5
104000132,372,299,73
104000133,1428,824,604
104000134,910,1887,-977
104000135,521,1849,-1328
104000136,744,3309,-2565
104000137,1767,375,1392
104000138,941,496,445
104000139,3222,2669,553
104000141,786,1148,-362
104000142,674,393,281
104000143,739,248,491
104000144,145,195,-50
104000145,376,203,173
104000146,170,377,-207
104000147,146,267,-121
104000148,462,293,169
104000149,171,171,0
104000150,1173,744,429
104000151,342,315,27
104000152,561,498,63
104000153,848,622,226
104000154,678,349,329
104000155,427,590,-163
104000157,920,1246,-326
104000158,280,1076,-796
104000159,904,748,156
104000160,1809,2004,-195
104000161,239,207,32
104000162,73,176,-103
104000165,525,753,-228
104000167,785,1302,-517
104000168,740,10,730
104000169,162,47,115
104000170,219,524,-305
104000248,357,414,-57
104000251,52,144,-92
104000272,0,0,0
104000273,0,0,0
104000274,0,0,0
104000275,0,0,0
104000279,638,508,130
104000290,105,213,-108
104000291,486,993,-507
104000293,1044,718,326
104000294,88,0,88
104000295,650,579,71
104000296,525,581,-56
104000297,625,1632,-1007
104000298,2224,938,1286
104000299,644,1019,-375
104900001,132,216,-84
104900002,71,179,-108
104900003,76,215,-139
104900004,96,115,-19
104900005,457,276,181
104900006,437,114,323
104900007,393,161,232
104900009,177,159,18
104900010,75,47,28
104900011,10,26,-16
104900012,248,53,195
104900013,90,15,75
104900014,1835,318,1517
104900015,108,8,100
104900016,317,169,148
104900017,223,130,93
104900018,8,141,-133
104900019,238,4409,-4171
104900020,35,206,-171
104900021,1,88,-87
104900022,18,100,-82
104900023,0,37,-37
104900024,25,76,-51
104900025,78,178,-100
104900026,0,40,-40
104900027,669,348,321
104900028,22,99,-77
104900029,30,52,-22
104900030,548,166,382
104900031,40,215,-175
104900032,64,58,6
104900033,246,271,-25
104900034,485,183,302
104900035,507,203,304
104900036,305,64,241
104900037,166,117,49
104900038,217,1010,-793
104900039,513,524,-11
104900040,522,82,440
104900041,277,151,126
104900042,166,132,34
104900043,22,298,-276
104900044,988,142,846
104900045,395,74,321
104900046,289,68,221
104900047,547,93,454
104900048,443,92,351
104900049,57,66,-9
104900050,361,64,297
104900051,294,55,239
104900052,131,13,118
104900053,491,121,370
104900054,255,22,233
104900055,222,3,219
104900056,196,28,168
104900057,49,1,48
104900058,533,889,-356
104900059,123,102,21
104900060,2,546,-544
104900061,183,307,-124
104900063,0,91,-91
104900064,0,74,-74
104900065,1,277,-276
104900066,2,55,-53
104900067,12,290,-278
104900068,39,136,-97
104900070,177,191,-14
104900071,1,316,-315
104900072,82,226,-144
104900073,108,64,44
104900074,89,179,-90
104900075,60,22,38
104900076,178,201,-23
104900077,503,321,182
104900078,261,276,-15
104900079,141,641,-500
104900080,116,464,-348
104900082,9,314,-305
104900085,2,122,-120
104900087,253,6,247
104900089,406,2,404
104900090,1334,927,407
104900091,603,578,25
104900093,203,283,-80
104900097,1602,2646,-1044
104900098,252,49,203
104900099,71,698,-627
104900100,283,185,98
104900102,28,98,-70
104900103,360,60,300
104900104,2126,2417,-291
104900106,180,120,60
104900107,132,167,-35
104900108,53,130,-77
104900109,121,118,3
104900110,12,31,-19
104900111,355,103,252
104900112,313,266,47
104900113,810,270,540
104900114,448,235,213
104900115,840,228,612
104900116,407,112,295
104900118,50,25,25
104900119,4,41,-37
104900120,20,476,-456
104900121,0,39,-39
104900122,8,34,-26
104900123,139,43,96
104900124,102,3,99
104900125,564,1,563
104900126,31,11,20
104900127,37,41,-4
104900128,96,103,-7
104900129,1092,2923,-1831
105000001,3158,1559,1599
105000002,2604,1617,987
105000003,3072,3887,-815
105000004,675,665,10
105000005,1413,1191,222
105000006,1620,1728,-108
105000007,1621,2284,-663
105000008,1238,5018,-3780
105000009,3529,3683,-154
105000010,2614,1109,1505
105000011,4300,3705,595
105000012,2844,1982,862
105000013,1186,1639,-453
105000014,2806,3740,-934
105000015,10071,15723,-5652
105000016,1298,1470,-172
105000017,1398,708,690
105000018,969,1754,-785
105000019,848,1068,-220
105000020,195,547,-352
105000021,194,114,80
105000022,200,175,25
105000023,476,223,253
105000028,27,81,-54
105000029,605,1808,-1203
105000030,3460,2068,1392
105000033,856,1484,-628
105000034,153,1263,-1110
105000037,568,233,335
105000038,1577,2020,-443
105000039,2108,1285,823
105000040,1169,1626,-457
105000041,469,1366,-897
105000042,2885,2456,429
105000043,1068,3353,-2285
105000044,1131,819,312
105000045,492,508,-16
105000046,1531,470,1061
105000047,491,659,-168
105000048,641,187,454
105000049,270,280,-10
105000050,726,368,358
105000051,159,257,-98
105000052,565,655,-90
105000053,90,144,-54
105000054,502,729,-227
105000055,976,255,721
105000056,1711,1339,372
105000057,1358,462,896
105000058,1194,769,425
105000059,803,507,296
105000060,557,398,159
105000061,1034,460,574
105000062,473,499,-26
105000063,298,291,7
105000064,2410,669,1741
105000065,384,384,0
105000066,947,966,-19
105000067,1638,654,984
105000068,286,701,-415
105000069,1250,2473,-1223
105000070,385,1169,-784
105000071,223,1350,-1127
105000072,715,3077,-2362
105000073,986,730,256
105000074,706,539,167
105000075,535,610,-75
105000076,1011,737,274
105000077,1871,1180,691
105000078,1058,1282,-224
105000079,1088,3090,-2002
105000080,2065,1726,339
105000081,1898,1363,535
105000082,871,2230,-1359
105000083,2871,4297,-1426
105000084,549,625,-76
105000085,1962,2368,-406
105000086,698,950,-252
105000087,1349,2035,-686
105000088,1245,1947,-702
105000089,2694,2126,568
105000090,906,914,-8
105000091,1061,1350,-289
105000092,560,831,-271
105000093,283,412,-129
105000094,417,301,116
105000095,92,506,-414
105000096,1118,1560,-442
105000097,747,685,62
105000098,1032,625,407
105000099,671,632,39
105000100,1713,1186,527
105000101,1899,2445,-546
105000102,1918,2338,-420
105000103,1187,4044,-2857
105000104,2434,1245,1189
105000105,938,1245,-307
105000106,1776,1330,446
105000107,2114,943,1171
105000108,2488,1390,1098
105000109,2255,1190,1065
105000110,994,430,564
105000111,975,425,550
105000112,1323,499,824
105000113,487,672,-185
105000114,1758,1434,324
105000115,311,1324,-1013
105000116,1137,560,577
105000117,748,406,342
105000118,977,530,447
105000119,592,545,47
105000120,1724,586,1138
105000121,880,686,194
105000122,439,599,-160
105000123,782,677,105
105000124,2482,681,1801
105000125,991,1001,-10
105000126,2455,1043,1412
105000127,2621,1241,1380
105000128,713,819,-106
105000129,889,165,724
105000130,313,3663,-3350
105000131,686,258,428
105000132,1250,799,451
105000133,547,793,-246
105000134,1199,596,603
105000135,365,333,32
105000136,49,73,-24
105000137,497,150,347
105000138,36,69,-33
105000139,946,557,389
105000140,401,376,25
105000141,340,349,-9
105000142,300,346,-46
105000143,176,421,-245
105000144,257,418,-161
105000145,885,262,623
105000146,420,607,-187
105000147,767,324,443
105000148,1105,566,539
105000149,3017,2118,899
105000150,1392,863,529
105000151,608,301,307
105000152,181,350,-169
105000153,691,577,114
105000154,556,376,180
105000155,342,787,-445
105000156,502,504,-2
105000157,784,1170,-386
105000158,2355,786,1569
105000159,321,795,-474
105000160,2763,633,2130
105000161,736,794,-58
105000162,759,2072,-1313
105000163,880,671,209
105000164,170,264,-94
105000165,626,7072,-6446
105000166,3545,1540,2005
105000167,1206,2549,-1343
105000168,539,342,197
105000169,742,153,589
105000170,366,1091,-725
105000171,1159,181,978
105000172,143,16,127
105000173,309,67,242
105000174,108,58,50
105000175,153,107,46
105000176,703,98,605
105000177,499,193,306
105000178,289,273,16
105000179,1093,93,1000
105000180,281,87,194
105000181,191,167,24
105000182,43,46,-3
105000183,1639,2763,-1124
105000184,911,1587,-676
105000185,1408,1551,-143
105000186,405,889,-484
105000187,920,285,635
105000188,263,241,22
105000189,124,560,-436
105000190,248,382,-134
105000191,457,312,145
105000192,419,51,368
105000193,80,132,-52
105000194,518,98,420
105000195,388,718,-330
105000196,60,201,-141
105000197,290,487,-197
105000198,308,235,73
105000199,128,476,-348
105000200,129,441,-312
105000201,78,52,26
105000203,3,108,-105
105000204,80,66,14
105000205,114,231,-117
105000207,261,128,133
105000208,246,1483,-1237
105000209,131,206,-75
105000212,1191,624,567
105000213,125,189,-64
105000214,185,190,-5
105000215,429,128,301
105000216,173,128,45
105000217,180,168,12
105000218,1872,1003,869
105000221,180,126,54
105000222,520,78,442
105000223,319,138,181
105000226,83,121,-38
105000227,84,96,-12
105000228,154,2263,-2109
105000229,151,555,-404
105000231,396,471,-75
105000233,943,767,176
105000234,521,904,-383
105000235,460,470,-10
105000237,869,43,826
105000243,28,96,-68
105000248,46,65,-19
105000262,474,607,-133
105000269,198,227,-29
105000270,658,32,626
105000271,0,118,-118
105000282,41,29,12
105000287,259,154,105
105000288,772,425,347
105000289,1284,2058,-774
105000290,21,10,11
105000402,2439,4466,-2027
105000426,316,743,-427
105000438,2152,1385,767
105000446,9077,4714,4363
105000447,3316,1905,1411
105000454,785,122,663
105000455,194,112,82
105000474,37,1,36
105000477,723,619,104
105000478,2349,5983,-3634
105000479,128,120,8
105000480,6434,7687,-1253
105000481,4443,4007,436
105000482,3353,4862,-1509
105000483,1934,3346,-1412
105000484,1634,2155,-521
105000485,1474,3851,-2377
105000486,1960,2369,-409
105000488,5536,3012,2524
105000489,1182,707,475
105000549,104,101,3
105000550,353,1069,-716
105000551,28,82,-54
105000552,1724,1017,707
105900001,10,2587,-2577
105900002,624,931,-307
105900003,13,106,-93
105900004,177,103,74
105900005,8,158,-150
105900006,14,142,-128
105900007,90,34,56
105900008,101,346,-245
105900009,35,15,20
105900011,192,216,-24
105900012,501,282,219
105900013,5,44,-39
105900014,9,90,-81
105900015,122,695,-573
105900016,812,538,274
105900017,1731,29,1702
105900018,210,142,68
105900019,76,862,-786
105900020,84,58,26
105900021,50,3122,-3072
105900022,317,195,122
105900023,16,319,-303
105900024,9,635,-626
105900025,356,8,348
105900026,233,19,214
105900027,21014,7093,13921
105900028,557,351,206
105900029,2154,364,1790
105900030,203,270,-67
105900031,269,179,90
105900032,113,134,-21
105900033,76,81,-5
105900034,336,143,193
105900035,215,167,48
105900036,159,160,-1
105900037,98,45,53
105900038,186,224,-38
105900039,193,103,90
105900040,73,88,-15
105900041,212,209,3
105900042,83,136,-53
105900043,1316,44,1272
105900044,3,267,-264
105900045,7,818,-811
105900046,0,249,-249
105900047,8,36,-28
105900048,66,406,-340
105900050,5576,12896,-7320
105900051,78,1105,-1027
105900052,549,230,319
105900053,1962,3927,-1965
105900054,238,258,-20
105900056,984,459,525
105900057,18,226,-208
105900058,31,12,19
105900059,0,72,-72
106000001,2851,2325,526
106000002,934,4134,-3200
106000003,3073,3448,-375
106000004,1220,1941,-721
106000005,4399,4154,245
106000006,4176,1906,2270
106000007,626,491,135
106000008,366,271,95
106000009,713,293,420
106000010,498,441,57
106000011,1496,1109,387
106000012,986,760,226
106000013,2063,1905,158
106000014,1745,1107,638
106000015,2306,1390,916
106000016,1282,1473,-191
106000017,574,783,-209
106000018,517,392,125
106000019,463,472,-9
106000020,353,245,108
106000021,315,421,-106
106000022,382,181,201
106000023,845,307,538
106000024,593,339,254
106000025,134,166,-32
106000026,108,131,-23
106000027,1749,1175,574
106000028,686,218,468
106000029,713,697,16
106000030,307,572,-265
106000034,203,353,-150
106000035,828,2137,-1309
106000036,140,442,-302
106000037,1328,981,347
106000038,114,98,16
106000039,70,107,-37
106000040,89,946,-857
106000041,709,639,70
106000043,461,259,202
106000046,276,100,176
106000047,27,495,-468
106000049,1201,219,982
106000050,221,426,-205
106000051,813,494,319
106000052,121,340,-219
106000053,523,185,338
106000054,318,239,79
106000055,1167,738,429
106000056,280,228,52
106000057,690,241,449
106000058,156,98,58
106000059,491,237,254
106000060,268,313,-45
106000061,266,544,-278
106000062,151,362,-211
106000063,870,597,273
106000064,15,247,-232
106000065,472,284,188
106000066,109,244,-135
106000067,529,96,433
106000068,69,437,-368
106000069,366,74,292
106000070,436,476,-40
106000071,1085,311,774
106000072,2157,1339,818
106000073,1326,3497,-2171
106000074,726,605,121
106000075,381,1171,-790
106000076,1576,1566,10
106000077,2768,948,1820
106000078,1269,647,622
106000079,860,697,163
106000080,1415,462,953
106000081,882,838,44
106000082,1939,609,1330
106000083,404,1280,-876
106000084,1036,533,503
106000085,1212,1437,-225
106000086,665,737,-72
106000087,961,450,511
106000088,469,644,-175
106000089,1201,232,969
106000090,317,519,-202
106000091,266,347,-81
106000092,723,233,490
106000093,336,130,206
106000094,82,252,-170
106000095,1226,438,788
106000096,1079,445,634
106000097,1346,482,864
106000098,802,613,189
106000099,234,1324,-1090
106000100,1480,162,1318
106000101,1119,698,421
106000102,191,1431,-1240
106000103,256,577,-321
106000104,848,298,550
106000105,479,502,-23
106000106,869,304,565
106000107,163,156,7
106000108,307,157,150
106000109,220,99,121
106000110,335,141,194
106000111,139,157,-18
106000112,362,516,-154
106000113,674,355,319
106000114,471,655,-184
106000115,248,279,-31
106000116,350,257,93
106000117,901,431,470
106000118,1394,1354,40
106000119,933,574,359
106000120,1016,1587,-571
106000121,270,133,137
106000122,209,88,121
106000123,664,72,592
106000124,106,88,18
106000125,33,102,-69
106000126,405,48,357
106000127,1086,492,594
106000128,907,108,799
106000129,568,320,248
106000130,1015,325,690
106000131,126,653,-527
106000132,458,154,304
106000133,2049,1209,840
106000134,457,2280,-1823
106000135,117,404,-287
106000136,723,993,-270
106000137,67,523,-456
106000138,1578,78,1500
106000139,66,54,12
106000140,31,56,-25
106000141,126,23,103
106000142,108,41,67
106000143,28,25,3
106000144,26,55,-29
106000145,411,112,299
106000146,567,85,482
106000147,363,297,66
106000148,327,529,-202
106000149,797,299,498
106000150,529,1767,-1238
106000151,2789,766,2023
106000152,1065,2051,-986
106000153,72,1856,-1784
106000154,1187,140,1047
106000155,120,220,-100
106000156,1298,193,1105
106000157,723,1374,-651
106000158,2341,795,1546
106000159,1988,1887,101
106000160,585,3718,-3133
106000161,1118,214,904
106000162,402,1173,-771
106000163,370,171,199
106000164,668,241,427
106000165,234,308,-74
106000166,1199,268,931
106000167,507,552,-45
106000168,855,171,684
106000169,296,345,-49
106000170,1101,170,931
106000171,309,1018,-709
106000172,3032,1296,1736
106000173,1041,2026,-985
106000174,1437,311,1126
106000175,259,473,-214
106000176,2029,867,1162
106000177,772,1455,-683
106000178,3355,1308,2047
106000179,793,1183,-390
106000180,771,728,43
106000181,1195,1342,-147
106000182,1923,556,1367
106000183,1979,443,1536
106000184,2101,512,1589
106000185,1433,1279,154
106000186,577,101,476
106000187,133,851,-718
106000188,1,0,1
106000189,8,24,-16
106000190,26,0,26
106000191,639,106,533
106000192,2,13,-11
106000193,395,162,233
106000194,119,386,-267
106000195,572,304,268
106000196,196,754,-558
106000197,692,305,387
106000198,164,157,7
106000199,560,1040,-480
106000200,263,267,-4
106000201,438,4138,-3700
106000202,2081,507,1574
106000203,27,132,-105
106000204,88,8,80
106000205,8,92,-84
106000206,77,28,49
106000207,26,330,-304
106000208,1870,247,1623
106000209,1943,490,1453
106000210,223,490,-267
106000211,187,852,-665
106000212,1053,569,484
106000213,300,1522,-1222
106000214,1499,615,884
106000215,281,403,-122
106000216,455,245,210
106000217,227,299,-72
106000218,408,293,115
106000219,158,245,-87
106000220,419,234,185
106000221,223,114,109
106000222,114,61,53
106000223,374,161,213
106000224,319,90,229
106000225,92,159,-67
106000226,101,171,-70
106000228,101,97,4
106000229,73,495,-422
106000231,1186,123,1063
106000232,70,189,-119
106000233,567,73,494
106000234,74,183,-109
106000235,341,95,246
106000236,97,93,4
106000237,1,13,-12
106000238,14,22,-8
106000239,1,115,-114
106000240,25,10,15
106000241,8,332,-324
106000242,235,46,189
106000249,93,46,47
106000250,85,477,-392
106000251,151,23,128
106000252,16,50,-34
106000253,67,76,-9
106000254,81,30,51
106000255,39,150,-111
106000256,53,25,28
106000257,130,245,-115
106000258,119,15,104
106000259,0,43,-43
106000260,27,2,25
106000261,3,70,-67
106000262,86,11,75
106000263,9,44,-35
106000264,161,11,150
106000265,19,128,-109
106000266,89,11,78
106000267,6,94,-88
106000268,296,33,263
106000269,35,28,7
106000270,98,324,-226
106000271,93,103,-10
106000272,198,42,156
106000273,10,155,-145
106000274,139,38,101
106000275,201,215,-14
106000276,99,27,72
106000277,126,226,-100
106000278,116,31,85
106000279,18,11,7
106000280,81,36,45
106000281,64,50,14
106000282,69,63,6
106000283,140,42,98
106000284,151,88,63
106000285,97,67,30
106000286,116,93,23
106000287,108,62,46
106000288,102,86,16
106000289,107,43,64
106000290,67,56,11
106000291,76,78,-2
106000292,72,87,-15
106000293,170,102,68
106000294,120,99,21
106000295,62,58,4
106000296,49,73,-24
106000297,77,216,-139
106000298,97,92,5
106000299,50,120,-70
106000300,42,89,-47
106000301,43,104,-61
106000303,32,86,-54
106000304,43,22,21
106000305,55,28,27
106000306,62,41,21
106000307,98,29,69
106000308,29,81,-52
106000309,34,80,-46
106000310,343,279,64
106000311,442,175,267
106000312,161,103,58
106000313,271,137,134
106000318,57,438,-381
106000319,1280,290,990
106000320,6,75,-69
106000321,193,145,48
106000322,227,54,173
106000324,18,125,-107
106000325,2062,1024,1038
106000326,963,1261,-298
106000327,204,59,145
106000328,13,76,-63
106000329,96,191,-95
106000330,38,62,-24
106000428,108,138,-30
106000429,174,218,-44
106000430,328,901,-573
106000431,2202,302,1900
106000432,1018,1912,-894
106000433,2665,1338,1327
106000434,3551,1545,2006
106000435,899,2177,-1278
106000436,11,111,-100
106000437,335,62,273
106000438,369,303,66
106000439,65,393,-328
106000440,208,792,-584
106000441,3,0,3
106000442,153,10,143
106000443,199,138,61
106000450,2,50,-48
106000451,20,101,-81
106000454,4,66,-62
106000455,12,79,-67
106000456,82,42,40
106000457,13,421,-408
106000458,1277,39,1238
106000459,243,114,129
106000460,2098,29,2069
106000461,131,392,-261
106000462,2,36,-34
106000463,4,13,-9
106000464,3,174,-171
106000465,960,7,953
106000466,12,217,-205
106000467,122,198,-76
106000468,130,145,-15
106000469,89,0,89
106000470,204,2027,-1823
106000471,17,310,-293
106000472,154,28,126
106000473,43,18,25
106000474,251,295,-44
106000475,338,140,198
106000476,99,199,-100
106000477,8,17,-9
106900001,0,17,-17
106900002,19,159,-140
106900003,117,2452,-2335
106900004,3,22,-19
106900006,1,17,-16
106900007,0,12,-12
106900008,539,62,477
106900009,397,190,207
106900010,251,154,97
106900012,1036,2735,-1699
106900013,622,229,393
106900014,52,7,45
106900015,18,2,16
106900016,375,25,350
106900017,24,6,18
106900018,4,0,4
106900019,102,3,99
106900020,3550,1858,1692
106900021,287,135,152
106900022,1067,5,1062
106900023,53,194,-141
106900024,757,101,656
106900025,41,786,-745
106900026,2,183,-181
106900027,1075,4,1071
107000001,3591,5230,-1639
107000002,1927,3154,-1227
107000003,8455,7227,1228
107000004,4261,2508,1753
107000005,7570,6454,1116
107000006,3774,1817,1957
107000007,6440,10320,-3880
107000008,6317,4633,1684
107000009,10283,8812,1471
107000010,6810,5371,1439
107000011,818,986,-168
107000012,2705,1896,809
107000013,107,45,62
107000014,90,98,-8
107000015,513,411,102
107000016,933,478,455
107000017,2466,13476,-11010
107000018,29,8579,-8550
107000020,1811,10785,-8974
107000021,1359,566,793
107000022,938,5422,-4484
107000023,1797,202,1595
107000024,1008,1769,-761
107000025,249,360,-111
107000026,552,392,160
107000027,1729,1063,666
107000028,1642,624,1018
107000029,3948,3359,589
107000030,2886,1913,973
107000031,5543,2757,2786
107000032,355,649,-294
107000033,2519,3799,-1280
107000034,9724,1129,8595
107000035,469,270,199
107000036,1350,1269,81
107000037,116,809,-693
107000038,200,212,-12
107000039,1053,852,201
107000040,322,286,36
107000041,1655,917,738
107000042,631,2145,-1514
107000043,1966,1167,799
107000044,407,937,-530
107000045,93,321,-228
107000046,912,534,378
107000047,470,671,-201
107000048,727,351,376
107000049,479,691,-212
107000050,1062,447,615
107000051,260,279,-19
107000052,1118,970,148
107000053,431,293,138
107000054,45,162,-117
107000055,152,129,23
107000056,458,516,-58
107000057,1730,154,1576
107000058,2350,2663,-313
107000059,1838,2451,-613
107000060,5804,5964,-160
107000061,5167,2687,2480
107000062,6329,3156,3173
107000063,4316,3007,1309
107000064,5984,3495,2489
107000065,3397,2956,441
107000066,2044,4768,-2724
107000067,1477,1836,-359
107000068,1106,1339,-233
107000069,1233,825,408
107000070,1170,5,1165
107000071,5001,76,4925
107000072,32,1527,-1495
107000073,1314,606,708
107000074,119,698,-579
107000075,2440,742,1698
107000076,547,923,-376
107000077,4668,1477,3191
107000078,1653,1939,-286
107000079,3883,1318,2565
107000080,816,2311,-1495
107000081,3367,734,2633
107000082,843,784,59
107000083,1735,662,1073
107000084,332,924,-592
107000085,3276,3028,248
107000086,2639,2528,111
107000087,3515,2154,1361
107000088,3081,2658,423
107000089,1965,1738,227
107000090,1289,816,473
107000091,1943,818,1125
107000092,1186,679,507
107000093,1597,954,643
107000094,810,770,40
107000095,1138,684,454
107000096,548,630,-82
107000097,510,377,133
107000098,222,295,-73
107000099,430,401,29
107000100,285,319,-34
107000101,123,152,-29
107000102,218,342,-124
107000103,240,175,65
107000104,181,205,-24
107000105,490,127,363
107000106,167,176,-9
107000107,495,162,333
107000108,170,316,-146
107000109,780,72,708
107000110,61,224,-163
107000111,492,49,443
107000112,29,130,-101
107000113,802,89,713
107000114,106,299,-193
107000115,787,172,615
107000116,128,444,-316
107000117,192,765,-573
107000118,153,98,55
107000119,1565,1438,127
107000120,740,547,193
107000121,1143,580,563
107000122,980,577,403
107000123,621,420,201
107000124,595,531,64
107000125,1131,506,625
107000126,960,310,650
107000127,35,268,-233
107000129,137,135,2
107000130,303,372,-69
107000131,517,380,137
107000132,703,314,389
107000133,429,192,237
107000134,286,4,282
107000135,1,428,-427
107000136,728,5,723
107000137,7,638,-631
107000138,229,44,185
107000139,16,831,-815
107000140,1655,121,1534
107000141,159,752,-593
107000142,528,125,403
107000143,81,540,-459
107000144,601,581,20
107000145,163,302,-139
107000146,186,338,-152
107000147,3855,727,3128
107000150,538,3372,-2834
107000151,28,118,-90
107000152,528,2057,-1529
107000153,81,301,-220
107000154,60,362,-302
107000155,1036,23,1013
107000156,1489,14,1475
107000157,80,589,-509
107000158,723,30,693
107000159,51,325,-274
107000160,1791,236,1555
107000161,125,486,-361
107000162,318,659,-341
107000163,177,5,172
107000164,1085,2,1083
107000165,1626,8,1618
107000166,25,461,-436
107000167,753,159,594
107000168,1206,622,584
107000169,600,542,58
107000170,3975,849,3126
107000171,727,881,-154
107000172,1510,1823,-313
107000173,515,467,48
107000174,1306,6955,-5649
107000175,4108,1017,3091
107000176,0,0,0
107000177,1,0,1
107000178,37,1,36
107000179,439,1038,-599
107000180,1928,216,1712
107000181,520,563,-43
107000182,2553,660,1893
107000183,208,486,-278
107000184,1544,520,1024
107000185,507,1039,-532
107000186,1541,484,1057
107000187,1344,1560,-216
107000188,784,512,272
107000189,730,895,-165
107000190,975,717,258
107000191,931,794,137
107000192,2040,542,1498
107000193,454,537,-83
107000194,718,490,228
107000197,981,350,631
107000198,355,537,-182
107000199,1712,633,1079
107000200,633,634,-1
107000201,552,557,-5
107000202,379,478,-99
107000203,954,2217,-1263
107000204,1043,1974,-931
107000205,1723,1231,492
107000206,746,2344,-1598
107000207,540,1845,-1305
107000208,820,877,-57
107000209,1243,1607,-364
107000210,231,201,30
107000211,7,56,-49
107000212,19,235,-216
107000213,2,36,-34
107000214,21,102,-81
107000215,671,296,375
107000216,671,399,272
107000217,205,90,115
107000219,146,390,-244
107000220,183,106,77
107000222,296,394,-98
107000224,1527,109,1418
107000225,227,303,-76
107000226,1064,129,935
107000227,84,162,-78
107000228,463,592,-129
107000229,68,86,-18
107000230,1071,408,663
107000231,683,1894,-1211
107000232,156,34,122
107000233,330,1081,-751
107000234,1,74,-73
107000235,116,19,97
107000236,8,442,-434
107000237,27,0,27
107000238,41,1,40
107000239,3566,598,2968
107000240,47,564,-517
107000241,68,12,56
107000242,289,35,254
107000243,0,57,-57
107000244,7,61,-54
107000246,1,1268,-1267
107000249,5,1258,-1253
107000251,0,315,-315
107000252,1,482,-481
107000255,261,169,92
107000257,4,391,-387
107000258,2,133,-131
107000259,7,106,-99
107000260,2164,24,2140
107000262,15,190,-175
107000263,471,3,468
107000266,24,17,7
107000267,26,79,-53
107000268,83,61,22
107000269,79,1,78
107000270,265,51,214
107000271,6,0,6
107000272,169,0,169
107000273,9,572,-563
107000274,1465,1586,-121
107000275,13,5196,-5183
107000280,1292,40,1252
107000281,40,284,-244
107000282,87,423,-336
107000290,31,99,-68
107000291,6,14,-8
107000292,4,671,-667
107000293,25,7,18
107000294,1,55,-54
107000295,26,2,24
107000296,1,11,-10
107000444,241,7,234
107000496,3,6,-3
107000497,1471,1159,312
107000500,396,308,88
107000501,111,180,-69
107000502,193,220,-27
107000505,227,636,-409
107000506,0,0,0
107000508,2,262,-260
107000509,216,732,-516
107000510,41,33,8
107000514,44,357,-313
107000515,4,64,-60
107000516,525,335,190
107000518,1485,2115,-630
107000519,1277,642,635
107000520,89,69,20
107900001,112,64,48
107900002,80,8,72
107900003,331,15,316
107900004,250,1,249
107900005,2271,6,2265
107900006,310,3,307
107900007,438,77,361
107900008,49,6,43
107900009,207,11,196
107900010,72,9,63
107900012,348,70,278
107900013,245,27,218
107900014,92,15,77
107900015,1571,13,1558
107900016,424,160,264
107900017,73,7,66
107900018,100,217,-117
107900019,31,9,22
107900020,113,31,82
107900021,130,59,71
107900023,5,8,-3
107900024,0,7,-7
107900025,299,191,108
107900026,76,21,55
107900027,53,67,-14
107900028,195,73,122
107900030,211,62,149
107900031,53,72,-19
107900032,12,7,5
107900033,34,13,21
107900034,487,30,457
107900035,1535,59,1476
107900036,96,30,66
107900037,0,8,-8
107900038,60,360,-300
107900039,59,21,38
107900040,17,213,-196
107900041,4,2,2
107900043,63,119,-56
107900044,19,12,7
107900045,174,115,59
107900046,211,283,-72
107900047,82,20,62
107900048,282,27,255
107900049,205,1342,-1137
107900050,59,205,-146
107900051,67,28,39
107900052,7,57,-50
107900053,69,52,17
107900055,807,361,446
107900056,139,59,80
107900057,5,0,5
107900058,27,515,-488
107900060,20,106,-86
107900061,11,15,-4
107900063,122,156,-34
107900064,286,295,-9
107900065,410,23,387
107900066,31,7,24
107900067,0,8,-8
107900068,101,1126,-1025
107900069,35,2819,-2784
107900070,225,145,80
107900071,32,361,-329
107900072,187,129,58
107900073,198,55,143
107900074,324,407,-83
107900076,190,62,128
107900077,137,3,134
107900078,201,75,126
107900079,14,20,-6
107900080,220,1072,-852
107900081,70,84,-14
107900082,11,7,4
107900083,454,220,234
107900084,146,162,-16
107900086,43,237,-194
107900087,230,145,85
107900088,102,18,84
107900089,200,1148,-948
107900090,1135,3060,-1925
107900091,133,153,-20
107900092,1263,229,1034
107900093,82,36,46
107900095,1665,2099,-434
107900097,56,66,-10
107900098,80,239,-159
107900100,657,1711,-1054
107900101,490,94,396
107900102,31,3,28
107900103,54,158,-104
107900104,228,1,227
107900105,0,95,-95
107900106,1,393,-392
107900107,1710,496,1214
107900108,177,89,88
107900109,2102,56,2046
107900110,97,32,65
107900111,4,304,-300
107900112,52,385,-333
107900113,298,24,274
107900114,311,88,223
107900115,1,25,-24
107900116,259,37,222
107900117,265,159,106
107900118,81,98,-17
107900119,115,260,-145
107900120,55,41,14
107900121,9,168,-159
107900122,1,262,-261
107900123,5,121,-116
107900124,15,35,-20
107900125,16,200,-184
107900126,22,87,-65
107900127,423,408,15
107900128,67,100,-33
107900129,110,18,92
107900130,125,8,117
107900131,205,533,-328
107900132,59,183,-124
107900133,3,61,-58
107900134,50,160,-110
107900135,16,74,-58
107900136,24,41,-17
107900137,144,158,-14
107900138,73,25,48
107900139,66,48,18
107900140,65,43,22
107900141,44,51,-7
107900142,30,344,-314
107900143,39,11,28
107900144,1,76,-75
107900145,10,68,-58
107900146,58,183,-125
107900147,39,48,-9
107900148,168,104,64
107900149,477,120,357
107900150,30,288,-258
107900151,45,49,-4
107900152,11,105,-94
107900153,98,435,-337
107900154,93,24,69
107900155,101,60,41
107900156,4,91,-87
107900157,69,57,12
107900158,1323,33,1290
107900159,20,318,-298
107900160,181,88,93
107900161,53,55,-2
107900162,1,123,-122
107900163,52,89,-37
107900164,30,38,-8
107900165,20,124,-104
107900166,37,78,-41
107900167,7,53,-46
107900168,79,29,50
107900169,0,248,-248
107900171,10,364,-354
107900172,3,147,-144
107900173,43,56,-13
107900174,199,4,195
107900175,58,49,9
107900176,49,12,37
107900177,0,225,-225
107900178,1,74,-73
107900179,23,62,-39
107900180,352,1044,-692
107900181,346,255,91
107900182,0,327,-327
107900183,88,91,-3
107900184,153,88,65
107900185,259,12,247
107900186,35,43,-8
107900187,2,181,-179
107900188,316,156,160
107900189,46,52,-6
107900190,39,179,-140
107900191,95,85,10
107900193,5,75,-70
107900194,267,26,241
107900195,905,277,628
107900196,109,40,69
107900197,324,479,-155
107900199,0,416,-416
107900201,93,68,25
107900203,35,37,-2
107900204,136,248,-112
107900205,239,313,-74
107900206,898,546,352
107900207,0,267,-267
107900208,4,179,-175
107900209,162,114,48
107900210,54,46,8
107900213,601,582,19
107900214,30,63,-33
107900215,133,394,-261
107900216,116,52,64
107900217,74,84,-10
107900218,33,2675,-2642
107900219,77,25,52
107900220,101,269,-168
107900221,120,174,-54
107900223,139,177,-38
107900224,110,554,-444
107900225,18,521,-503
107900226,50,56,-6
107900227,131,251,-120
107900228,38,83,-45
107900229,6,92,-86
107900230,38,49,-11
107900231,21,112,-91
107900232,160,71,89
107900233,9,66,-57
107900234,167,130,37
107900235,13,187,-174
107900236,219,50,169
107900237,20,312,-292
107900238,23,45,-22
107900239,323,843,-520
107900240,59,54,5
107900241,9,52,-43
107900242,32,79,-47
107900243,5,49,-44
107900244,361,2,359
107900245,854,43,811
107900246,358,23,335
107900248,860,113,747
107900249,1251,77,1174
107900250,0,265,-265
107900251,50,641,-591
107900252,1406,31,1375
107900253,269,11,258
107900254,58,351,-293
107900255,141,86,55
107900256,844,2274,-1430
107900257,397,131,266
107900258,123,107,16
107900259,60,3100,-3040
107900261,4,127,-123
107900262,58,58,0
107900264,444,17,427
107900265,121,134,-13
107900267,426,8,418
107900268,13,2,11
107900269,0,6,-6
107900270,1,3,-2
107900271,2,26,-24
107900272,40,48,-8
107900273,101,56,45
107900274,175,0,175
107900275,50,0,50
107900276,0,43,-43
107900277,0,90,-90
107900278,422,209,213
107900279,49,106,-57
107900280,2863,1893,970
107900281,460,4699,-4239
107900282,24,823,-799
107900283,788,863,-75
107900284,844,342,502
107900285,175,46,129
107900286,87,82,5
107900287,379,233,146
107900290,0,235,-235
107900291,711,24,687
107900292,121,51,70
107900293,102,176,-74
107900295,52,16,36
107900297,0,328,-328
107900298,634,444,190
107900299,2089,2806,-717
107900300,143,414,-271
107900301,590,974,-384
107900302,139,58,81
107900303,352,186,166
107900304,501,161,340
107900305,471,19,452
107900306,4,51,-47
107900307,26,233,-207
107900308,190,232,-42
107900309,89,1,88
107900310,118,7,111
107900311,3,707,-704
107900312,90,1,89
107900313,0,199,-199
107900314,0,101,-101
107900315,2,149,-147
107900316,34,0,34
107900317,100,10,90
107900318,4,200,-196
107900319,8,65,-57
107900320,2,90,-88
107900321,213,1,212
107900322,0,38,-38
107900323,2,72,-70
107900324,146,3,143
107900325,152,0,152
107900326,508,125,383
107900327,0,104,-104
107900328,80,2,78
107900329,43,150,-107
107900330,8,144,-136
107900331,435,13,422
107900332,571,13,558
107900333,80,27,53
107900334,10,73,-63
107900335,45,18,27
107900336,29,74,-45
107900337,522,1202,-680
107900338,7,87,-80
107900339,1,13,-12
107900340,1,64,-63
107900341,104,3,101
107900342,76,59,17
107900343,33,3,30
107900344,22,141,-119
107900345,117,23,94
107900346,18,0,18
107900347,18,4,14
107900348,8,3,5
107900349,20,11,9
107900350,12,292,-280
108000001,3605,3721,-116
108000002,1581,1548,33
108000003,3547,3962,-415
108000004,9907,10598,-691
108000005,7852,6537,1315
108000006,4979,5222,-243
108000007,5524,4242,1282
108000008,3684,4077,-393
108000009,4806,4815,-9
108000010,2534,3128,-594
108000011,13046,12021,1025
108000012,10263,10221,42
108000014,604,1215,-611
108000015,1059,147,912
108000016,420,676,-256
108000017,1319,323,996
108000018,2185,714,1471
108000019,1421,1297,124
108000020,1356,564,792
108000021,346,1707,-1361
108000022,411,912,-501
108000023,1571,259,1312
108000024,395,325,70
108000025,406,178,228
108000026,849,265,584
108000027,903,251,652
108000028,859,178,681
108000029,663,308,355
108000030,653,206,447
108000031,217,469,-252
108000032,2265,615,1650
108000033,808,771,37
108000034,2130,535,1595
108000035,698,1489,-791
108000036,377,682,-305
108000037,2386,384,2002
108000038,3537,609,2928
108000039,553,1139,-586
108000040,2673,1038,1635
108000041,727,1568,-841
108000042,439,217,222
108000043,230,153,77
108000044,898,146,752
108000045,323,236,87
108000046,1923,298,1625
108000047,451,637,-186
108000048,165,258,-93
108000049,1174,259,915
108000050,109,311,-202
108000051,460,240,220
108000052,113,410,-297
108000053,455,279,176
108000054,369,909,-540
108000055,1197,797,400
108000056,647,1265,-618
108000057,730,1543,-813
108000058,2035,4038,-2003
108000059,1998,1410,588
108000060,287,506,-219
108000061,152,185,-33
108000062,1206,586,620
108000063,552,365,187
108000064,324,209,115
108000065,542,383,159
108000066,1551,744,807
108000067,2278,870,1408
108000068,969,449,520
108000069,216,561,-345
108000070,2566,814,1752
108000071,654,1039,-385
108000072,2175,1089,1086
108000073,1111,1056,55
108000074,751,439,312
108000075,305,487,-182
108000076,1072,596,476
108000077,579,409,170
108000078,2863,1128,1735
108000079,708,968,-260
108000080,1779,482,1297
108000081,563,697,-134
108000082,770,1300,-530
108000083,2182,999,1183
108000084,440,806,-366
108000085,1179,510,669
108000086,530,464,66
108000087,212,2539,-2327
108000088,287,19,268
108000089,336,378,-42
108000090,585,229,356
108000091,317,330,-13
108000092,209,74,135
108000093,215,288,-73
108000094,884,83,801
108000095,202,187,15
108000096,457,180,277
108000097,154,239,-85
108000098,2247,995,1252
108000099,312,63,249
108000100,88,227,-139
108000101,1481,1557,-76
108000102,1754,3716,-1962
108000106,727,2,725
108000107,0,724,-724
108000108,728,46,682
108000109,5,548,-543
108000110,419,311,108
108000111,206,428,-222
108000112,42,200,-158
108000113,364,194,170
108000115,285,401,-116
108000117,521,501,20
108000118,61,319,-258
108000119,452,268,184
108000120,181,774,-593
108000121,219,303,-84
108000122,722,333,389
108000123,675,111,564
108000124,371,378,-7
108000125,590,156,434
108000126,231,242,-11
108000127,751,196,555
108000128,763,212,551
108000129,299,393,-94
108000130,568,161,407
108000131,966,482,484
108000132,1133,833,300
108000133,1323,498,825
108000134,502,317,185
108000135,1324,617,707
108000136,272,489,-217
108000137,641,171,470
108000138,641,402,239
108000139,696,264,432
108000140,196,23,173
108000141,41,27,14
108000142,60,25,35
108000143,55,19,36
108000144,70,11,59
108000145,80,9,71
108000146,124,20,104
108000147,38,24,14
108000148,103,17,86
108000149,19,5,14
108000150,48,6,42
108000151,6,10,-4
108000152,123,166,-43
108000153,844,111,733
108000154,47,1,46
108000155,34,18,16
108000156,312,132,180
108000157,186,1477,-1291
108000158,76,989,-913
108000159,216,173,43
108000160,1465,1136,329
108000161,1594,4131,-2537
108000165,12,405,-393
108000172,4,354,-350
108000173,759,2085,-1326
108000175,443,138,305
108000178,315,347,-32
108000179,132,1037,-905
108000181,62,17,45
108000182,101,16,85
108000183,8,15,-7
108000184,609,2924,-2315
108000185,323,235,88
108000186,241,56,185
108000187,136,200,-64
108000188,1105,168,937
108000189,320,1408,-1088
108000190,34,76,-42
108000192,280,294,-14
108000193,544,28,516
108000194,14,27,-13
108000195,1,578,-577
108000196,223,111,112
108000198,552,109,443
108000199,1,349,-348
108000200,744,192,552
108000202,5,477,-472
108000203,120,196,-76
108000204,202,101,101
108000205,152,213,-61
108000339,943,413,530
108000364,71,303,-232
108000365,43,256,-213
108000367,204,218,-14
108000368,13,46,-33
108000369,329,183,146
108000371,3,544,-541
108000372,739,4,735
108000373,270,72,198
108000376,108,49,59
108000377,627,158,469
108000378,10008,12322,-2314
108000379,42,162,-120
108000381,96,10,86
108000382,43,0,43
108000383,0,177,-177
108900001,112,446,-334
108900002,222,66,156
108900003,193,408,-215
108900004,121,409,-288
108900005,62,533,-471
108900006,792,187,605
108900007,409,208,201
108900008,221,109,112
108900009,126,146,-20
108900010,456,138,318
108900011,979,313,666
108900012,610,351,259
108900013,260,199,61
108900014,28,99,-71
108900015,1,303,-302
108900016,3,201,-198
108900017,256,477,-221
108900018,226,291,-65
108900019,59,349,-290
108900020,59,115,-56
108900021,238,116,122
108900022,168,16,152
108900023,0,36,-36
108900024,46,37,9
108900025,196,59,137
108900026,29,90,-61
108900027,0,29,-29
108900028,162,117,45
108900029,82,133,-51
108900030,0,32,-32
108900031,212,148,64
108900032,3,131,-128
108900033,0,175,-175
108900034,0,120,-120
108900035,294,573,-279
108900036,169,161,8
108900037,46,152,-106
108900038,0,223,-223
108900039,0,191,-191
108900040,17,42,-25
108900041,3284,3864,-580
108900042,6,441,-435
108900043,43,279,-236
108900044,3,201,-198
108900045,181,202,-21
108900046,42,356,-314
108900047,1,97,-96
108900048,80,424,-344
108900049,1150,1892,-742
108900050,0,87,-87
108900051,0,72,-72
108900052,28,106,-78
108900053,62,308,-246
108900054,51,138,-87
108900055,51,433,-382
108900056,10,67,-57
108900057,1,86,-85
108900058,52,196,-144
108900059,737,93,644
108900060,110,220,-110
108900061,45,37,8
108900062,2,121,-119
108900063,17,149,-132
108900064,418,28,390
108900065,12,112,-100
108900066,603,121,482
108900067,25,111,-86
108900068,0,47,-47
108900069,114,25,89
108900070,42,60,-18
108900071,123,61,62
108900072,1721,584,1137
108900073,9,35,-26
108900074,291,75,216
108900075,30,30,0
108900076,645,57,588
108900077,66,107,-41
108900078,46,56,-10
108900079,445,122,323
108900080,34,1236,-1202
108900081,33,164,-131
108900082,148,67,81
108900083,23,317,-294
108900084,280,152,128
108900085,1062,158,904
108900086,199,80,119
108900087,70,128,-58
108900088,977,463,514
108900089,33,295,-262
108900090,119,96,23
108900091,99,92,7
108900092,587,273,314
108900093,141,153,-12
108900094,281,66,215
108900095,27,145,-118
108900096,213,15,198
108900097,370,135,235
108900098,1164,1289,-125
108900099,586,104,482
108900100,91,76,15
108900101,212,315,-103
108900102,67,1463,-1396
108900103,111,188,-77
108900104,114,305,-191
108900105,5,1762,-1757
108900106,673,172,501
108900108,436,42,394
108900109,74,46,28
108900110,276,171,105
108900111,650,219,431
108900112,466,27,439
108900113,40,85,-45
108900114,1,4,-3
108900115,215,81,134
108900116,121,18,103
108900117,254,40,214
108900118,860,37,823
108900119,449,44,405
108900120,234,250,-16
108900121,407,186,221
108900122,176,27,149
108900123,198,192,6
108900124,731,237,494
108900125,701,10,691
108900126,189,76,113
108900127,308,39,269
108900128,270,48,222
108900129,1118,198,920
108900130,650,5,645
108900131,504,24,480
108900132,562,64,498
108900133,462,49,413
108900134,731,178,553
108900135,248,23,225
108900136,54,5,49
108900137,245,3,242
108900138,1098,42,1056
108900139,883,90,793
108900140,542,113,429
108900141,558,13,545
108900142,122,5,117
108900143,135,3,132
108900144,194,1,193
108900145,296,16,280
108900146,171,0,171
108900147,362,1,361
108900148,45,13,32
108900149,348,211,137
108900150,325,4,321
108900151,107,101,6
108900152,189,173,16
108900153,232,140,92
108900154,5282,384,4898
108900155,324,58,266
108900156,131,8,123
108900157,30,364,-334
108900158,513,21,492
108900159,5,100,-95
108900160,26,162,-136
108900161,3,188,-185
108900162,156,2,154
108900163,16,372,-356
108900164,47,52,-5
108900165,129,55,74
108900167,926,9844,-8918
108900168,4344,2923,1421
108900169,95,102,-7
108900171,3233,3630,-397
108900172,198,35,163
108900173,131,292,-161
108900174,1237,435,802
108900176,116,229,-113
108900177,5484,7824,-2340
108900178,2665,4376,-1711
108900179,456,2344,-1888
108900180,149,458,-309
108900182,53,447,-394
108900183,273,167,106
108900184,537,233,304
108900185,134,355,-221
108900186,95,279,-184
108900187,566,31,535
108900188,1128,60,1068
108900189,549,112,437
108900190,26,1393,-1367
108900191,220,76,144
108900192,130,137,-7
108900193,47,30,17
108900194,2,248,-246
108900195,115,114,1
108900196,36,206,-170
108900198,1,165,-164
108900199,242,250,-8
108900200,706,415,291
108900201,534,945,-411
108900203,604,106,498
108900204,503,36,467
108900205,275,43,232
108900206,565,115,450
108900207,218,171,47
108900208,24,297,-273
108900209,104,451,-347
108900210,249,182,67
108900211,178,665,-487
108900212,303,1779,-1476
108900215,72,244,-172
108900216,298,362,-64
108900217,104,2,102
108900218,94,18,76
108900219,92,12,80
108900220,90,24,66
108900221,36,168,-132
108900222,420,23,397
108900223,3,101,-98
108900224,30,156,-126
108900225,1,131,-130
108900226,430,47,383
108900227,211,559,-348
108900230,96,191,-95
108900231,20,152,-132
108900232,3,131,-128
108900233,584,122,462
108900234,354,151,203
108900235,149,491,-342
108900236,63,322,-259
108900237,44,138,-94
108900240,169,153,16
108900241,60,87,-27
108900245,6,2083,-2077
108900249,171,48,123
108900250,333,76,257
108900257,440,241,199
108900258,18,119,-101
108900259,34,29,5
108900260,6,36,-30
108900261,55,51,4
108900262,113,77,36
108900263,39,145,-106
108900264,200,287,-87
108900265,813,637,176
108900266,347,1047,-700
108900267,7,222,-215
108900268,5,13,-8
108900269,121,33,88
108900270,115,13,102
108900271,72,15,57
108900272,374,14,360
108900273,396,943,-547
108900274,90,32,58
109000001,2310,2043,267
109000002,788,2331,-1543
109000003,3115,365,2750
109000004,508,1667,-1159
109000005,2521,555,1966
109000006,696,1489,-793
109000007,2167,616,1551
109000008,689,1406,-717
109000009,3472,1208,2264
109000010,814,2743,-1929
109000011,4217,2128,2089
109000012,1932,2517,-585
109000013,4872,3783,1089
109000014,1890,2060,-170
109000015,4062,9727,-5665
109000016,4757,2287,2470
109000017,3383,1120,2263
109000018,1321,1867,-546
109000019,2774,1164,1610
109000020,874,1457,-583
109000023,276,17,259
109000024,8,154,-146
109000025,348,665,-317
109000026,475,323,152
109000027,142,362,-220
109000028,111,89,22
109000029,100,279,-179
109000030,34,424,-390
109000031,278,121,157
109000032,105,376,-271
109000033,345,177,168
109000034,57,33,24
109000035,13,45,-32
109000036,61,291,-230
109000037,388,2432,-2044
109000038,348,305,43
109000039,1296,1200,96
109000040,3267,14322,-11055
109000041,1620,2266,-646
109000042,469,1486,-1017
109000044,469,70,399
109000045,123,308,-185
109000046,491,83,408
109000047,79,344,-265
109000048,732,223,509
109000049,203,497,-294
109000050,441,227,214
109000051,190,157,33
109000052,592,544,48
109000053,421,52,369
109000054,350,295,55
109000055,347,293,54
109000056,427,270,157
109000057,1057,484,573
109000058,569,237,332
109000059,398,1439,-1041
109000060,213,375,-162
109000061,462,1977,-1515
109000062,138,467,-329
109000063,225,140,85
109000064,394,194,200
109000065,233,118,115
109000066,481,63,418
109000067,66,196,-130
109000068,803,4,799
109000069,662,22,640
109000070,34,1579,-1545
109000071,443,97,346
109000072,78,256,-178
109000073,73,64,9
109000074,12,131,-119
109000075,70,310,-240
109000076,81,288,-207
109000077,250,206,44
109000078,71,173,-102
109000079,147,82,65
109000080,227,70,157
109000081,174,225,-51
109000082,807,110,697
109000083,351,312,39
109000088,167,313,-146
109000089,399,121,278
109000090,155,278,-123
109000091,515,230,285
109000092,309,334,-25
109000093,369,267,102
109000094,957,4,953
109000095,129,274,-145
109000096,1139,186,953
109000097,101,104,-3
109000098,61,159,-98
109000099,901,253,648
109000100,265,544,-279
109000101,2245,496,1749
109000102,500,571,-71
109000103,697,527,170
109000104,2667,450,2217
109000105,453,769,-316
109000106,2442,733,1709
109000107,621,1201,-580
109000108,2452,586,1866
109000109,593,1030,-437
109000110,1502,594,908
109000111,783,1361,-578
109000112,282,95,187
109000113,305,166,139
109000114,150,146,4
109000115,945,13,932
109000116,6,249,-243
109000117,283,36,247
109000118,10,314,-304
109000119,2075,105,1970
109000120,312,439,-127
109000121,791,27,764
109000122,175,385,-210
109000123,17,36,-19
109000124,969,229,740
109000125,1010,195,815
109000126,468,321,147
109000127,1386,150,1236
109000128,712,577,135
109000129,3542,761,2781
109000130,401,753,-352
109000131,1064,772,292
109000132,600,1169,-569
109000133,303,610,-307
109000134,698,911,-213
109000135,697,1809,-1112
109000136,270,208,62
109000137,413,370,43
109000138,453,164,289
109000139,707,363,344
109000140,209,203,6
109000141,652,274,378
109000142,153,440,-287
109000143,100,70,30
109000145,88,181,-93
109000146,25,62,-37
109000148,1776,2293,-517
109000149,22,117,-95
109000150,50,315,-265
109000155,1053,748,305
109000156,900,399,501
109000158,117,250,-133
109000159,150,444,-294
109000160,1531,175,1356
109000161,488,703,-215
109000162,2386,462,1924
109000163,1450,1136,314
109000164,1629,1741,-112
109000165,1602,384,1218
109000166,1020,77,943
109000167,126,300,-174
109000170,50,48,2
109000171,81,40,41
109000172,31,43,-12
109000173,16,92,-76
109000174,171,24,147
109000175,43,71,-28
109000176,366,145,221
109000177,19,85,-66
109000178,564,52,512
109000179,2778,6181,-3403
109000180,3582,4204,-622
109000181,41,17,24
109000182,78,9,69
109000183,65,7,58
109000184,43,6,37
109000185,32,18,14
109000188,429,972,-543
109000189,2857,418,2439
109000190,783,388,395
109000191,436,325,111
109000192,630,122,508
109000193,303,95,208
109000194,373,59,314
109000195,221,153,68
109000196,296,92,204
109000197,199,176,23
109000198,466,43,423
109000199,189,300,-111
109000206,267,33,234
109000207,203,20,183
109000208,162,91,71
109000209,138,89,49
109000210,99,361,-262
109000211,420,180,240
109000214,510,176,334
109000215,109,51,58
109000216,318,368,-50
109000217,203,224,-21
109000218,336,269,67
109000221,389,717,-328
109000222,985,208,777
109000223,532,382,150
109000224,34,47,-13
109000225,134,22,112
109000226,62,134,-72
109000227,1651,557,1094
109000228,8,2808,-2800
109000231,1,144,-143
109000232,590,163,427
109000236,340,442,-102
109000241,2127,1198,929
109000242,1620,681,939
109000293,21,97,-76
109000361,90,169,-79
109000364,110,368,-258
109000396,4,290,-286
109000397,832,19,813
109000399,169,275,-106
109000400,108,125,-17
109000403,85,1160,-1075
109000406,274,7,267
109000407,367,142,225
109000408,2,203,-201
109000410,1102,194,908
109000411,152,7,145
109900001,129,1,128
109900002,1266,24,1242
109900003,467,0,467
109900004,537,93,444
109900005,63,35,28
109900006,572,162,410
109900007,1309,186,1123
109900008,0,16,-16
109900009,139,312,-173
109900010,700,43,657
109900011,69,91,-22
109900012,338,216,122
109900013,419,173,246
109900014,457,55,402
109900015,358,183,175
109900016,203,13,190
109900017,255,281,-26
109900018,289,59,230
109900019,249,59,190
109900020,42,42,0
109900021,45,12,33
109900022,67,220,-153
109900023,22,5,17
109900024,37,5,32
109900025,20,32,-12
109900026,1,180,-179
109900027,39,46,-7
109900028,517,1613,-1096
109900029,2,141,-139
109900030,77,24,53
109900031,1,420,-419
109900032,7,222,-215
109900033,7,354,-347
109900034,64,3,61
109900035,42,15,27
109900036,23,13,10
109900037,16,269,-253
109900038,161,225,-64
109900039,14,0,14
109900040,33,322,-289
109900041,66,204,-138
109900042,57,3130,-3073
109900044,144,143,1
109900045,160,94,66
109900046,47,59,-12
109900047,249,265,-16
109900048,2,47,-45
109900049,20,20,0
109900050,0,74,-74
109900051,0,8,-8
109900052,72,152,-80
109900053,5,125,-120
109900054,1169,219,950
109900055,86,197,-111
109900056,28,304,-276
109900057,5,69,-64
109900058,1,52,-51
109900059,1408,82,1326
109900060,711,84,627
109900061,46,142,-96
109900062,1,119,-118
109900063,6,421,-415
109900064,805,197,608
109900065,36,104,-68
109900066,269,380,-111
109900067,0,65,-65
109900068,123,11,112
109900069,3,23,-20
109900070,56,182,-126
109900071,3,18,-15
109900072,12,87,-75
109900073,667,197,470
109900074,16,21,-5
109900075,51,29,22
109900076,10,71,-61
109900077,28,22,6
109900078,83,137,-54
109900080,122,165,-43
109900081,18,213,-195
109900082,76,210,-134
109900083,28,55,-27
109900084,69,94,-25
109900085,181,286,-105
109900086,112,720,-608
109900087,132,410,-278
109900089,857,191,666
109900090,423,770,-347
109900091,557,68,489
109900092,650,80,570
109900093,1317,159,1158
109900094,77,88,-11
109900095,110,203,-93
109900096,53,9,44
109900097,128,4,124
109900098,751,41,710
109900099,350,4,346
109900100,75,2,73
109900101,1015,11,1004
109900102,530,27,503
109900103,44,38,6
109900104,946,239,707
109900105,731,50,681
109900106,444,51,393
109900107,1080,72,1008
109900108,241,320,-79
109900109,43,519,-476
109900110,90,182,-92
109900111,237,431,-194
109900112,196,288,-92
109900113,1130,770,360
109900114,1110,1708,-598
109900115,180,95,85
109900117,1535,113,1422
109900118,163,295,-132
109900119,346,250,96
109900120,93,32,61
109900121,338,525,-187
109900122,673,15,658
109900123,16,67,-51
109900124,58,236,-178
109900125,1,199,-198
109900126,492,31,461
109900128,587,37,550
109900130,3440,3452,-12
109900131,34,94,-60
109900132,25,98,-73
109900133,89,169,-80
109900134,84,73,11
109900135,194,32,162
109900136,51,87,-36
109900137,206,167,39
109900138,495,186,309
109900140,186,103,83
109900141,759,205,554
109900142,1785,284,1501
109900145,10,535,-525
109900146,288,30,258
109900148,34,98,-64
109900149,38,46,-8
109900150,11,54,-43
109900151,13,40,-27
109900152,0,12,-12
109900153,1,36,-35
109900154,42,0,42
109900155,99,22,77
109900157,60,125,-65
109900158,42,96,-54
109900159,174,46,128
109900160,174,30,144
109900161,253,85,168
109900162,271,131,140
109900163,349,252,97
109900164,66,209,-143
109900165,402,9,393
109900166,1,101,-100
109900167,165,257,-92
109900168,280,405,-125
109900169,264,82,182
109900170,188,1477,-1289
109900171,297,55,242
109900172,233,270,-37
109900173,1147,2805,-1658
109900174,61,93,-32
109900175,94,85,9
109900176,105,59,46
109900177,49,106,-57
109900178,2,403,-401
109900179,21,16,5
109900180,4,24,-20
110000001,707,429,278
110000002,558,731,-173
110000003,820,696,124
110000004,435,712,-277
110000005,374,1857,-1483
110000006,227,272,-45
110000007,176,120,56
110000008,26,80,-54
110000009,37,29,8
110000010,23,68,-45
110000011,62,75,-13
110000012,730,266,464
110000013,43,668,-625
110000014,472,383,89
110000015,285,539,-254
110000016,253,1762,-1509
110000017,3849,309,3540
110000018,2779,338,2441
110000019,12,74,-62
110000020,587,186,401
110000021,332,701,-369
110000022,1144,164,980
110000023,7,117,-110
110000024,581,661,-80
110000025,596,6,590
110000026,4,173,-169
110000027,1122,1430,-308
110000028,1182,620,562
110000029,502,528,-26
110000030,332,353,-21
110000031,296,293,3
110000032,953,292,661
110000033,265,304,-39
110000034,583,591,-8
110000035,820,485,335
110000036,1266,602,664
110000037,288,687,-399
110000038,355,735,-380
110000039,900,4184,-3284
110000040,270,243,27
110000041,373,2133,-1760
110000042,75,822,-747
110000043,800,341,459
110000044,70,2581,-2511
110000045,511,380,131
110000046,2,33,-31
110000047,11,257,-246
110000048,5,33,-28
110000049,21,13,8
110000050,3,97,-94
110000051,13,10,3
110000052,37,30,7
110000053,38,13,25
110000054,60,1048,-988
110000055,320,146,174
110000056,66,173,-107
110000057,309,528,-219
110000058,1138,452,686
110000059,1074,508,566
110000060,1294,1167,127
110000061,742,626,116
110000062,708,785,-77
110000063,53,204,-151
110000064,45,40,5
110000065,132,110,22
110000066,96,32,64
110000067,87,96,-9
110000068,302,63,239
110000069,502,50,452
110000071,373,45,328
110000073,47,12,35
110000075,19,59,-40
110000076,340,445,-105
110000077,310,1125,-815
110000078,61,20,41
110000080,217,465,-248
110000081,35,206,-171
110000082,18,343,-325
110000083,247,467,-220
110000084,1403,1030,373
110000085,802,1184,-382
110000086,1070,2452,-1382
110000087,29,42,-13
110000088,169,252,-83
110000089,297,60,237
110000090,67,121,-54
110000091,696,161,535
110000092,38,44,-6
110000093,51,17,34
110000094,493,197,296
110000095,179,626,-447
110000096,1279,1907,-628
110000097,1116,1762,-646
110000098,1903,584,1319
110000099,701,1342,-641
110000100,1342,220,1122
110000101,46,145,-99
110000102,108,25,83
110000104,408,136,272
110000105,51,230,-179
110000106,631,525,106
110000107,209,229,-20
110000108,107,135,-28
110000109,241,260,-19
110000110,1613,4317,-2704
110000111,3253,3071,182
110000112,392,1222,-830
110000113,106,2595,-2489
110000114,288,885,-597
110000115,464,435,29
110000116,81,47,34
110000117,312,212,100
110000118,745,155,590
110000119,342,211,131
110000120,415,163,252
110000121,64,326,-262
110000122,379,413,-34
110000123,658,716,-58
110000124,4,580,-576
110000125,1016,10,1006
110000126,340,23,317
110000127,1180,72,1108
110000128,51,842,-791
110000129,2,310,-308
110000130,323,211,112
110000131,99,170,-71
110000132,1,394,-393
110000133,53,313,-260
110000134,13,354,-341
110000135,160,31,129
110000136,67,239,-172
110000137,609,368,241
110000138,1089,472,617
110000139,1202,505,697
110000140,916,701,215
110000143,449,352,97
110000144,3547,2342,1205
110000145,1887,1805,82
110000146,2255,1139,1116
110000147,482,695,-213
110000148,695,223,472
110000151,910,1354,-444
110000152,667,453,214
110000153,314,35,279
110000154,70,37,33
110000155,1121,3584,-2463
110000156,960,2426,-1466
110000157,2116,2722,-606
110000160,393,322,71
110000161,170,159,11
110000166,856,78,778
110000167,1133,609,524
110000168,1201,528,673
110000169,961,364,597
110000170,150,41,109
110000171,663,85,578
110000172,192,463,-271
110000173,627,714,-87
110000174,127,507,-380
110000175,1046,39,1007
110000176,76,429,-353
110000177,237,1052,-815
110000178,463,1988,-1525
110000179,934,264,670
110000180,281,250,31
110000181,777,361,416
110000182,238,153,85
110000183,7491,8587,-1096
110000184,337,3067,-2730
110000185,699,960,-261
110000186,677,663,14
110000191,1503,119,1384
110000192,854,24,830
110000193,1488,13,1475
110000194,4,400,-396
110000195,500,124,376
110000196,610,80,530
110000197,140,57,83
110000198,89,23,66
110000199,140,140,0
110000200,754,342,412
110000201,1064,1275,-211
110000202,1364,540,824
110000203,391,386,5
110000204,6,120,-114
110000205,207,44,163
110000206,524,549,-25
110000207,1434,410,1024
110000208,257,273,-16
110000209,96,1629,-1533
110000210,1772,407,1365
110000211,938,1298,-360
110000212,509,1166,-657
110000213,403,29,374
110000214,427,76,351
110000215,217,221,-4
110000216,113,123,-10
110000217,507,72,435
110000218,161,151,10
110000219,569,31,538
110000220,69,127,-58
110000221,514,27,487
110000222,59,132,-73
110000223,1,195,-194
110000224,15,10,5
110000225,278,737,-459
110000226,274,70,204
110000227,902,1127,-225
110000228,250,83,167
110000229,1,149,-148
110000230,540,1036,-496
110000231,130,234,-104
110000232,199,243,-44
110000233,218,312,-94
110000234,641,2202,-1561
110000235,1142,1129,13
110000236,665,622,43
110000237,1931,2211,-280
110000238,1166,1091,75
110000239,1896,820,1076
110000240,1,29,-28
110000242,0,18,-18
110000243,180,52,128
110000244,98,736,-638
110000245,22,396,-374
110000246,1094,358,736
110000247,925,2799,-1874
110000248,1496,1126,370
110000249,122,0,122
110000250,33,129,-96
110000251,438,297,141
110000252,392,109,283
110000253,1765,526,1239
110000254,529,583,-54
110000255,171,532,-361
110000256,476,287,189
110000257,505,307,198
110000258,9,263,-254
110000259,196,14,182
110000260,46,131,-85
110000263,531,69,462
110000264,533,270,263
110000265,1156,1756,-600
110000266,1432,2732,-1300
110000267,33,151,-118
110000268,336,322,14
110000269,11,67,-56
110000270,119,12,107
110000271,1060,186,874
110000272,1134,968,166
110000273,1751,1339,412
110000274,224,2317,-2093
110000275,1390,534,856
110000276,320,465,-145
110000277,345,226,119
110000278,379,435,-56
110000279,919,550,369
110000280,762,414,348
110000281,73,298,-225
110000282,168,22,146
110000283,29,69,-40
110000284,6,46,-40
110000285,4,704,-700
110000286,6,0,6
110000287,118,3,115
110000288,6,73,-67
110000289,530,2764,-2234
110000290,458,566,-108
110000291,3015,933,2082
110000292,1087,6070,-4983
110000293,829,430,399
110000294,1469,1234,235
110000295,301,626,-325
110000296,744,430,314
110000297,2500,320,2180
110000298,109,326,-217
110000299,108,92,16
110000301,374,39,335
110000302,305,563,-258
110000303,496,6,490
110000304,125,160,-35
110000305,1732,33,1699
110000306,281,752,-471
110000307,2284,8,2276
110000308,699,4,695
110000309,4,526,-522
110000310,935,44,891
110000311,12,465,-453
110000312,499,106,393
110000313,2300,1862,438
110000314,1,119,-118
110000315,2153,2460,-307
110000316,471,1112,-641
110000317,232,2297,-2065
110000318,4,33,-29
110000319,22,10,12
110000320,42,35,7
110000321,13,51,-38
110000322,301,271,30
110000323,617,216,401
110000324,2294,1499,795
110000325,2349,4533,-2184
110000327,488,355,133
110000328,125,488,-363
110000333,1207,928,279
110000334,906,1097,-191
110000335,1063,700,363
110000336,762,725,37
110000337,1984,741,1243
110000338,608,196,412
110000339,380,143,237
110000340,25,115,-90
110000341,540,278,262
110000342,188,5,183
110000343,0,18,-18
110000344,81,114,-33
110000345,154,328,-174
110000346,1962,1900,62
110000347,1353,697,656
110000348,14,19,-5
110000349,11,5,6
110000350,99,11,88
110000351,1678,500,1178
110000352,819,1508,-689
110000353,3401,407,2994
110000354,864,3270,-2406
110000355,203,60,143
110000356,1421,19,1402
110000357,670,13,657
110000361,91,33,58
110000362,151,37,114
110000363,777,102,675
110000364,324,440,-116
110000365,177,0,177
110000366,0,114,-114
110000367,535,186,349
110000368,3,56,-53
110000369,57,1,56
110000373,3,173,-170
110000374,121,15,106
110000375,98,720,-622
110000376,43,136,-93
110000377,71,408,-337
110000378,13,468,-455
110000379,2380,2253,127
110000380,63,8,55
110000383,4,1254,-1250
110000384,782,947,-165
110000385,0,199,-199
110000387,84,5,79
110000388,52,150,-98
110000389,825,7,818
110000391,1049,133,916
110000396,267,73,194
110000397,210,74,136
110000398,4,20,-16
110000399,158,2,156
110000587,166,88,78
110000589,188,72,116
110000640,238,27,211
110000652,6,403,-397
110000653,326,246,80
110000654,26,1416,-1390
110000656,0,206,-206
110000674,45,45,0
110000675,12,36,-24
110000676,3,42,-39
110000679,91,1232,-1141
110000682,131,202,-71
110000683,239,373,-134
110000684,4,51,-47
110000685,8,11,-3
110000686,0,50,-50
110000687,30,5,25
110000688,65,1676,-1611
110000689,40,15,25
110000692,62,273,-211
110000693,65,477,-412
110000694,0,134,-134
110000695,200,814,-614
110000696,51,34,17
110900001,373,27,346
110900002,374,243,131
110900003,1228,221,1007
110900004,685,79,606
110900005,1423,3679,-2256
110900006,59,34,25
110900007,176,64,112
110900008,12,22,-10
110900009,530,212,318
110900010,18,34,-16
110900011,52,52,0
110900012,35,48,-13
110900013,1311,128,1183
110900014,189,5,184
110900015,332,830,-498
110900016,88,55,33
110900017,709,34,675
110900018,516,43,473
110900019,347,24,323
110900020,172,134,38
110900021,108,270,-162
110900022,52,143,-91
110900023,102,770,-668
110900024,27,140,-113
110900025,11,56,-45
110900027,34,154,-120
110900028,26,112,-86
110900029,20,136,-116
110900030,59,138,-79
110900031,1,99,-98
110900032,0,47,-47
110900033,41,177,-136
110900035,8,346,-338
110900036,107,9,98
110900037,101,24,77
110900038,708,165,543
110900039,9,238,-229
110900040,277,20,257
110900041,28,73,-45
110900042,167,64,103
110900043,2,61,-59
110900044,234,22,212
110900045,43,203,-160
110900046,19,103,-84
110900047,285,464,-179
110900049,137,127,10
110900050,57,7,50
110900051,28,99,-71
110900052,4,76,-72
110900053,172,13,159
110900054,43,103,-60
110900055,28,7,21
110900056,58,124,-66
110900057,10,58,-48
110900058,350,164,186
110900059,393,203,190
110900060,555,165,390
110900061,10,64,-54
110900062,254,148,106
110900063,54,76,-22
110900064,18,0,18
110900065,116,126,-10
110900066,8,50,-42
110900067,225,699,-474
110900068,140,145,-5
110900069,13,19,-6
110900070,141,37,104
110900071,175,995,-820
110900073,0,21,-21
110900074,637,96,541
110900075,496,74,422
110900077,1358,489,869
110900078,60,33,27
110900079,1197,1464,-267
110900080,217,67,150
110900081,20,35,-15
110900082,182,57,125
110900083,159,47,112
110900084,92,52,40
110900085,110,180,-70
110900086,111,482,-371
110900087,418,67,351
110900088,14,6,8
110900090,69,53,16
110900091,5,21,-16
110900093,289,96,193
110900095,86,25,61
110900097,23,8,15
110900098,45,39,6
110900099,69,374,-305
110900100,0,11,-11
110900102,102,8,94
110900105,2780,138,2642
110900108,26,18,8
110900111,578,134,444
110900112,902,10,892
110900113,261,55,206
110900115,8,49,-41
110900116,1232,806,426
110900118,66,3958,-3892
110900119,1429,197,1232
110900120,46,44,2
110900121,201,4,197
110900122,569,233,336
110900125,478,489,-11
110900127,510,1660,-1150
110900128,260,330,-70
110900129,250,1020,-770
110900130,482,511,-29
110900131,335,42,293
110900132,579,120,459
110900133,39,79,-40
110900135,69,172,-103
110900136,410,12,398
110900137,37,2,35
110900138,606,1770,-1164
110900139,8,714,-706
110900140,50,5,45
110900141,7,410,-403
110900142,53,76,-23
110900143,223,80,143
110900144,0,287,-287
110900145,209,110,99
110900146,189,305,-116
110900147,69,664,-595
110900148,5,158,-153
110900149,10,40,-30
110900150,44,46,-2
110900151,3,123,-120
110900152,17,92,-75
110900153,176,85,91
111000001,522,298,224
111000002,239,308,-69
111000003,1734,837,897
111000004,412,654,-242
111000005,1740,1493,247
111000006,853,1760,-907
111000007,5179,3689,1490
111000008,1727,2909,-1182
111000009,334,725,-391
111000010,1341,342,999
111000011,178,667,-489
111000012,152,412,-260
111000013,390,611,-221
111000014,1198,567,631
111000017,121,919,-798
111000018,206,299,-93
111000020,1056,1516,-460
111000021,52,102,-50
111000023,142,97,45
111000025,4958,3865,1093
111000029,87,178,-91
111000030,54,106,-52
111000031,2194,1096,1098
111000032,763,333,430
111000033,376,243,133
111000034,49,238,-189
111000037,958,551,407
111000038,2938,1844,1094
111000039,1688,1605,83
111000040,1649,1597,52
111000041,666,833,-167
111000042,1825,1734,91
111000043,2111,4431,-2320
111000044,1908,1091,817
111000045,3281,2407,874
111000046,2163,1814,349
111000047,3312,5580,-2268
111000049,400,424,-24
111000050,943,764,179
111000051,514,710,-196
111000052,516,1058,-542
111000053,278,602,-324
111000054,323,472,-149
111000055,1012,1279,-267
111000056,203,271,-68
111000057,116,262,-146
111000058,581,47,534
111000059,759,229,530
111000060,4902,763,4139
111000061,835,304,531
111000062,1083,336,747
111000063,1857,1094,763
111000064,1026,509,517
111000065,1539,796,743
111000066,683,412,271
111000067,717,475,242
111000068,697,677,20
111000069,1459,1481,-22
111000070,546,495,51
111000071,367,328,39
111000072,1389,548,841
111000073,324,1121,-797
111000074,1997,1772,225
111000075,1091,583,508
111000076,722,874,-152
111000077,1546,1473,73
111000078,2543,1093,1450
111000079,983,614,369
111000080,575,532,43
111000081,1488,4070,-2582
111000082,893,449,444
111000084,837,450,387
111000085,909,932,-23
111000086,3689,779,2910
111000087,804,433,371
111000088,6151,2764,3387
111000089,838,643,195
111000090,628,1165,-537
111000091,750,320,430
111000092,1869,705,1164
111000093,966,1034,-68
111000094,1724,985,739
111000095,635,2287,-1652
111000096,816,8130,-7314
111000097,3249,999,2250
111000098,568,787,-219
111000099,487,1041,-554
111000100,404,762,-358
111000101,361,494,-133
111000102,352,476,-124
111000104,1032,220,812
111000107,146,773,-627
111000109,944,285,659
111000110,1897,665,1232
111000111,3567,441,3126
111000112,2471,635,1836
111000113,952,1975,-1023
111000114,1515,3911,-2396
111000115,3420,1010,2410
111000116,917,794,123
111000117,297,710,-413
111000118,954,556,398
111000119,1510,680,830
111000120,698,586,112
111000121,362,719,-357
111000122,584,872,-288
111000123,1127,1577,-450
111000124,481,1448,-967
111000125,275,722,-447
111000126,96,481,-385
111000127,1372,117,1255
111000128,2985,313,2672
111000129,3909,554,3355
111000130,3204,492,2712
111000131,2895,475,2420
111000132,2372,1135,1237
111000133,218,109,109
111000134,190,108,82
111000135,115,142,-27
111000136,450,232,218
111000138,25,7,18
111000140,3,3,0
111000141,181,354,-173
111000142,26,509,-483
111000143,14,647,-633
111000144,99,3039,-2940
111000145,192,12,180
111000146,106,11,95
111000147,126,18,108
111000148,158,91,67
111000149,2,14,-12
111000150,32,10,22
111000151,3,5,-2
111000153,568,608,-40
111000154,403,138,265
111000155,126,179,-53
111000156,819,576,243
111000157,221,840,-619
111000158,1081,755,326
111000159,5642,1130,4512
111000160,639,493,146
111000161,14,724,-710
111000162,19,136,-117
111000163,920,727,193
111000164,518,2630,-2112
111000165,630,329,301
111000166,710,224,486
111000167,165,275,-110
111000168,201,307,-106
111000169,377,391,-14
111000170,299,303,-4
111000171,442,401,41
111000172,144,203,-59
111000173,301,414,-113
111000174,284,134,150
111000175,51,463,-412
111000176,471,61,410
111000177,658,137,521
111000178,1761,237,1524
111000179,393,97,296
111000180,398,448,-50
111000181,1862,185,1677
111000182,219,143,76
111000183,286,222,64
111000184,346,197,149
111000185,401,199,202
111000186,301,133,168
111000187,177,117,60
111000188,346,289,57
111000189,530,362,168
111000190,154,243,-89
111000191,152,171,-19
111000192,146,272,-126
111000193,294,159,135
111000194,73,193,-120
111000195,181,135,46
111000196,115,77,38
111000197,616,94,522
111000198,587,51,536
111000199,305,93,212
111000200,608,222,386
111000201,991,140,851
111000202,454,148,306
111000203,452,288,164
111000204,384,1111,-727
111000213,207,387,-180
111000214,1457,937,520
111000215,974,969,5
111000217,1706,856,850
111000218,1449,1068,381
111000219,248,121,127
111000220,875,710,165
111000221,371,106,265
111000224,0,151,-151
111000225,231,54,177
111000226,77,0,77
111000227,20,2,18
111000228,22,560,-538
111000229,62,1493,-1431
111000230,384,211,173
111000231,1220,316,904
111000232,823,491,332
111000233,1560,567,993
111000234,212,682,-470
111000239,108,99,9
111000240,64,248,-184
111000241,42,197,-155
111000242,266,76,190
111000243,190,242,-52
111000244,684,75,609
111000245,997,242,755
111000246,728,168,560
111000247,662,375,287
111000248,848,340,508
111000249,599,278,321
111000250,63,69,-6
111000251,87,92,-5
111000253,24,18,6
111000255,59,8,51
111000257,85,25,60
111000260,85,790,-705
111000261,1799,116,1683
111000271,37,199,-162
111000273,2473,892,1581
111000274,1351,2400,-1049
111000275,183,43,140
111000276,237,954,-717
111000277,188,248,-60
111000278,677,243,434
111000291,955,9488,-8533
111000298,690,176,514
111000299,725,177,548
111000300,74,368,-294
111000302,472,57,415
111000303,99,148,-49
111000312,33,54,-21
111000315,0,33,-33
111000320,144,373,-229
111000321,629,186,443
111000322,395,226,169
111000323,383,34,349
111000324,371,151,220
111000325,56,59,-3
111000326,302,181,121
111000327,495,284,211
111000328,276,441,-165
111000329,0,19,-19
111000330,54,12,42
111000331,21,8,13
111000332,528,1133,-605
111000334,270,649,-379
111000335,1238,179,1059
111000337,1953,165,1788
111000338,82,58,24
111000339,1050,129,921
111000340,159,215,-56
111000341,1739,783,956
111000342,92,1638,-1546
111000344,1265,575,690
111000345,113,118,-5
111000346,33,288,-255
111000347,226,12,214
111000350,119,63,56
111000351,111,236,-125
111000352,182,80,102
111000353,173,191,-18
111000354,611,87,524
111000355,348,343,5
111000358,222,398,-176
111000360,325,158,167
111000361,322,64,258
111000546,941,337,604
111000547,488,226,262
111000548,180,257,-77
111000549,399,179,220
111000550,40,934,-894
111000551,420,119,301
111000552,491,163,328
111000907,225,35,190
111000908,35,0,35
111000916,2434,166,2268
111000917,63,362,-299
111000918,303,283,20
111000920,696,13,683
111000921,9,91,-82
111000922,849,133,716
111000924,38,294,-256
111000925,3381,2112,1269
111000926,1032,913,119
111000927,2809,4656,-1847
111000928,3606,1848,1758
111000929,2494,1363,1131
111000930,813,1386,-573
111000931,2618,2837,-219
111000932,3051,1322,1729
111000933,3194,3038,156
111000934,1529,2014,-485
111000935,2082,1053,1029
111000936,1116,1318,-202
111000937,1310,1384,-74
111000938,1233,817,416
111000939,802,18,784
111000940,677,48,629
111000941,425,239,186
111000943,807,246,561
111000944,214,181,33
111000945,96,773,-677
111001109,583,678,-95
111001110,130,249,-119
111001111,114,6,108
111001112,66,3,63
111001113,2,141,-139
111001114,434,114,320
111001115,13,1099,-1086
111001116,2365,5212,-2847
111001117,240,2683,-2443
111001120,123,209,-86
111001121,104,184,-80
111001122,59,96,-37
111001123,36,9,27
111900001,33,68,-35
111900002,38,242,-204
111900003,4,146,-142
111900004,27,45,-18
111900006,20,42,-22
111900007,213,9,204
111900008,362,4,358
111900009,316,76,240
111900010,215,292,-77
111900012,61,53,8
111900013,8,24,-16
111900014,2257,6165,-3908
111900015,0,33,-33
111900016,0,19,-19
111900017,2,37,-35
111900018,204,13,191
111900019,2,123,-121
111900020,3,50,-47
111900021,19,97,-78
111900022,28,38,-10
111900023,42,51,-9
111900024,0,56,-56
111900025,0,18,-18
111900026,0,19,-19
111900027,5,55,-50
111900028,0,97,-97
111900029,0,32,-32
111900030,24,279,-255
111900031,34,46,-12
111900032,0,106,-106
111900033,9,24,-15
111900034,104,280,-176
111900035,66,98,-32
111900036,0,78,-78
111900038,141,330,-189
111900039,37,151,-114
111900040,0,162,-162
111900042,7,82,-75
111900043,2,121,-119
111900044,127,191,-64
111900046,26,90,-64
111900048,462,242,220
111900049,25,157,-132
111900050,164,46,118
111900051,0,81,-81
111900052,139,333,-194
111900053,395,2241,-1846
111900054,222,10,212
111900055,9,143,-134
111900056,115,340,-225
111900057,234,6,228
111900058,819,287,532
111900059,1291,880,411
111900060,438,12,426
111900061,3,111,-108
111900062,77,100,-23
111900063,400,444,-44
111900064,40,146,-106
111900065,149,44,105
111900066,234,128,106
111900067,4,222,-218
111900068,90,86,4
111900069,102,67,35
111900070,243,107,136
111900071,0,109,-109
111900072,60,40,20
111900073,1339,247,1092
111900074,18,163,-145
111900075,94,11,83
111900076,274,111,163
111900077,52,4,48
111900078,484,85,399
111900079,69,52,17
111900080,162,243,-81
111900081,623,263,360
111900082,301,64,237
111900083,275,52,223
111900084,214,8,206
111900085,33,142,-109
111900086,125,14,111
111900087,99,1,98
111900088,811,22,789
111900089,182,5,177
111900090,73,53,20
111900091,574,5,569
111900092,132,0,132
111900093,659,11,648
111900094,216,2,214
111900095,472,45,427
111900096,402,28,374
111900097,88,0,88
111900098,488,3,485
111900099,120,0,120
111900100,171,11,160
111900101,151,25,126
111900102,854,246,608
111900103,71,95,-24
111900104,147,90,57
111900105,356,462,-106
111900106,591,38,553
111900107,79,104,-25
111900108,84,227,-143
111900109,226,572,-346
111900110,983,373,610
111900111,338,31,307
111900112,401,4456,-4055
111900113,176,96,80
111900114,110,81,29
111900115,11,14,-3
111900118,326,122,204
111900119,381,213,168
111900122,114,169,-55
111900123,22,39,-17
111900124,27,55,-28
111900125,757,86,671
111900126,404,10,394
111900127,1,199,-198
111900128,3,242,-239
111900129,374,8,366
111900130,274,77,197
111900131,742,6,736
111900132,15,373,-358
111900133,7,165,-158
111900134,5,153,-148
111900135,21,54,-33
111900136,60,138,-78
111900137,45,41,4
111900138,15,57,-42
111900139,14,66,-52
111900140,175,76,99
111900141,116,16,100
111900142,126,27,99
111900143,53,67,-14
111900144,0,28,-28
111900145,7,163,-156
111900146,1,84,-83
111900147,42,233,-191
111900148,20,288,-268
111900149,11,147,-136
111900150,11,96,-85
111900151,4,16,-12
111900152,138,100,38
111900153,532,977,-445
111900154,28,559,-531
111900155,81,132,-51
111900156,124,95,29
111900157,242,31,211
111900158,723,151,572
111900159,458,71,387
111900160,577,3,574
111900161,395,5,390
111900162,94,173,-79
111900163,29,113,-84
111900164,76,50,26
111901113,832,94,738
111901114,295,193,102
111901115,152,2,150
111901116,43,1,42
111901117,51,52,-1
111901118,28,320,-292
111901119,317,39,278
111901120,46,79,-33
111901121,82,86,-4
111901122,19,213,-194
111901123,387,106,281
111901124,392,4,388
111901125,533,225,308
111901126,201,149,52
111901127,251,1064,-813
111901128,20,45,-25
111901129,4,61,-57
111901130,20,70,-50
111901131,1,136,-135
111901132,84,28,56
111901133,70,5,65
111901134,151,5,146
111901135,30,42,-12
111901136,28,77,-49
111901137,0,40,-40
111901138,119,37,82
111901139,36,19,17
111901140,4,46,-42
111901141,9,46,-37
111901142,1,53,-52
111901143,4,56,-52
111901144,39,54,-15
112000001,2458,770,1688
112000002,604,1692,-1088
112000003,2693,1184,1509
112000004,806,394,412
112000005,4517,4273,244
112000006,1489,1007,482
112000007,5652,3402,2250
112000008,3318,4861,-1543
112000009,2584,1640,944
112000010,4008,5609,-1601
112000011,1291,1245,46
112000012,5294,7719,-2425
112000013,2588,4179,-1591
112000014,1908,4737,-2829
112000015,2859,4352,-1493
112000016,3407,4784,-1377
112000017,1120,7416,-6296
112000024,2451,640,1811
112000026,1918,2152,-234
112000027,779,649,130
112000028,941,1035,-94
112000029,1047,1255,-208
112000030,179,36,143
112000031,1667,6069,-4402
112000032,235,21,214
112000033,1692,4371,-2679
112000034,182,42,140
112000035,72,969,-897
112000036,401,1716,-1315
112000037,843,2017,-1174
112000038,1148,2822,-1674
112000039,129,59,70
112000040,48,140,-92
112000041,329,302,27
112000042,885,380,505
112000050,1398,1257,141
112000051,1413,2116,-703
112000054,1247,1031,216
112000057,1063,577,486
112000058,283,579,-296
112000059,495,663,-168
112000061,3192,1115,2077
112000062,851,1744,-893
112000063,384,2385,-2001
112000064,3312,3500,-188
112000065,1292,1778,-486
112000066,3657,1909,1748
112000067,655,490,165
112000068,3498,2975,523
112000069,531,1560,-1029
112000070,2392,894,1498
112000071,1160,1827,-667
112000072,3230,826,2404
112000073,1610,2001,-391
112000074,1589,1087,502
112000075,1581,1296,285
112000076,3059,2287,772
112000077,898,370,528
112000078,2542,658,1884
112000079,2108,1344,764
112000080,965,700,265
112000081,1484,2239,-755
112000082,1319,639,680
112000083,767,1187,-420
112000084,1531,598,933
112000085,1676,1070,606
112000086,1829,1122,707
112000087,711,371,340
112000088,981,276,705
112000089,472,589,-117
112000090,325,354,-29
112000091,584,562,22
112000092,2833,1075,1758
112000093,1664,627,1037
112000094,930,894,36
112000095,802,630,172
112000096,810,651,159
112000097,2136,739,1397
112000098,628,482,146
112000099,938,2234,-1296
112000100,2798,647,2151
112000101,558,449,109
112000102,2280,385,1895
112000103,544,480,64
112000105,552,623,-71
112000106,2215,282,1933
112000107,41,149,-108
112000108,336,1981,-1645
112000109,68,50,18
112000110,2168,537,1631
112000111,674,14801,-14127
112000112,3366,1775,1591
112000113,825,1819,-994
112000114,2803,1513,1290
112000115,457,368,89
112000116,763,729,34
112000117,1367,627,740
112000118,1014,597,417
112000119,449,521,-72
112000120,55,281,-226
112000121,126,228,-102
112000122,379,127,252
112000123,1104,90,1014
112000124,675,74,601
112000125,326,293,33
112000126,433,259,174
112000127,1739,3628,-1889
112000128,614,1034,-420
112000129,120,100,20
112000130,291,81,210
112000131,66,175,-109
112000132,235,184,51
112000133,493,108,385
112000134,517,255,262
112000135,1418,1014,404
112000136,753,2572,-1819
112000137,1847,5151,-3304
112000138,1179,2785,-1606
112000139,730,893,-163
112000140,412,897,-485
112000141,1346,517,829
112000142,180,376,-196
112000143,1527,214,1313
112000144,253,666,-413
112000145,3418,542,2876
112000146,578,1163,-585
112000147,2905,1715,1190
112000148,1118,2573,-1455
112000149,609,399,210
112000150,263,292,-29
112000151,398,173,225
112000152,606,276,330
112000153,144,222,-78
112000154,175,230,-55
112000155,134,82,52
112000157,526,677,-151
112000158,343,218,125
112000159,948,254,694
112000167,673,126,547
112000169,214,397,-183
112000173,1294,253,1041
112000175,550,387,163
112000176,1168,1605,-437
112000177,1229,352,877
112000178,102,213,-111
112000179,383,91,292
112000180,347,271,76
112000181,1331,1121,210
112000182,2040,667,1373
112000183,36,18,18
112000184,574,169,405
112000185,801,275,526
112000187,6695,4282,2413
112000195,239,8,231
112000196,252,0,252
112000197,176,341,-165
112000198,46,441,-395
112000199,77,646,-569
112000202,644,3,641
112000216,66,271,-205
112000230,194,5,189
112000231,11,86,-75
112000256,97,309,-212
112000313,60,64,-4
112000314,99,55,44
112000337,264,531,-267
112000352,160,455,-295
112000392,1616,1026,590
112000398,2026,827,1199
112000399,1254,3605,-2351
112000400,1814,1278,536
112000401,1924,1445,479
112000402,4460,5542,-1082
112000403,1592,4289,-2697
112000404,1568,1435,133
112000405,2997,3207,-210
112000406,2046,1056,990
112000407,9809,9295,514
112000408,6819,3018,3801
112000409,1323,2128,-805
112000410,505,441,64
112000411,4167,1925,2242
112000412,897,477,420
112000413,4173,8546,-4373
112000414,114,26,88
112000415,108,58,50
112000416,3638,1320,2318
112000417,357,89,268
112000421,71,76,-5
112000422,397,144,253
112000424,1338,3505,-2167
112000425,427,308,119
112000426,228,278,-50
112000427,0,14,-14
112000428,347,157,190
112000429,2000,1707,293
112000430,2402,2605,-203
112000431,168,153,15
112000432,626,368,258
112000433,318,675,-357
112000437,75,162,-87
112900001,111,0,111
112900002,874,388,486
112900003,70,143,-73
112900004,87,120,-33
112900005,303,109,194
112900006,12,142,-130
112900007,66,134,-68
112900008,2,54,-52
112900009,665,186,479
112900010,642,399,243
112900011,102,99,3
112900012,3,20,-17
112900013,5,259,-254
112900014,5,173,-168
112900015,235,524,-289
112900016,2,86,-84
112900017,36,93,-57
112900018,0,70,-70
112900019,26,209,-183
112900020,288,918,-630
112900021,0,90,-90
112900022,6,41,-35
112900023,0,37,-37
112900024,23,155,-132
112900025,59,167,-108
112900026,2,77,-75
112900027,4,368,-364
112900028,17,103,-86
112900029,19,198,-179
112900030,50,70,-20
112900031,4,180,-176
112900032,231,146,85
112900034,1,22,-21
112900035,0,204,-204
112900036,31,141,-110
112900037,163,214,-51
112900038,1070,139,931
112900039,5,160,-155
112900040,7,689,-682
112900041,540,1243,-703
112900042,203,183,20
112900043,33,68,-35
112900044,297,325,-28
112900045,140,187,-47
112900046,110,78,32
112900047,10,40,-30
112900049,361,78,283
112900050,17,469,-452
112900051,242,352,-110
112900052,12,278,-266
112900053,199,158,41
112900054,204,48,156
112900055,112,58,54
112900056,424,345,79
112900057,24,226,-202
112900058,422,469,-47
112900059,157,264,-107
112900060,68,96,-28
112900061,189,101,88
112900062,77,106,-29
112900063,41,7,34
112900064,93,186,-93
112900065,32,58,-26
112900066,401,369,32
112900067,210,95,115
112900068,80,88,-8
112900069,1486,1061,425
112900071,38,9,29
112900072,1268,3100,-1832
112900073,354,236,118
112900074,124,390,-266
112900075,875,1352,-477
112900076,84,42,42
112900078,429,520,-91
112900079,354,24,330
112900080,115,5,110
112900081,114,286,-172
112900082,767,63,704
112900083,278,145,133
112900084,261,230,31
112900085,0,7,-7
112900086,119,1,118
112900087,1232,172,1060
112900088,243,22,221
112900089,1422,57,1365
112900090,134,54,80
112900091,363,14,349
112900092,95,583,-488
112900093,1802,44,1758
112900094,127,6,121
112900095,114,1,113
112900096,785,258,527
112900097,106,214,-108
112900098,202,2,200
112900099,1352,66,1286
112900100,111,1,110
112900101,544,12,532
112900102,137,24,113
112900103,228,13,215
112900104,31,0,31
112900105,28,0,28
112900106,332,137,195
112900107,4,0,4
112900108,6,2,4
112900109,203,2,201
112900110,2055,37,2018
112900111,1077,7,1070
112900112,437,3,434
112900113,1,6,-5
112900114,194,14,180
112900115,2406,17,2389
112900116,166,69,97
112900117,59,34,25
112900118,11,54,-43
112900119,259,1,258
112900120,610,242,368
112900121,64,96,-32
112900122,10,95,-85
112900123,144,26,118
112900124,29,57,-28
112900125,35,518,-483
112900126,134,176,-42
112900127,473,130,343
112900128,146,688,-542
112900129,5,531,-526
112900130,230,136,94
112900131,33,830,-797
112900132,84,917,-833
112900133,28,2258,-2230
112900134,0,216,-216
112900135,158,70,88
112900136,0,12,-12
112900137,1,250,-249
112900138,9,105,-96
112900139,95,709,-614
112900140,0,23,-23
112900141,1070,66,1004
112900142,63,241,-178
112900143,20,252,-232
112900144,1,99,-98
112900145,12,305,-293
112900146,3,406,-403
112900147,2,554,-552
112900148,60,3,57
112900149,290,200,90
112900151,5,47,-42
112900152,4885,615,4270
112900153,970,3319,-2349
112900154,0,40,-40
112900155,205,19,186
112900156,707,641,66
112900157,377,7,370
112900158,121,15,106
112900159,272,236,36
112900160,64,157,-93
112900161,138,43,95
112900162,12,19,-7
112900163,62,44,18
112900164,21,154,-133
112900165,88,37,51
112900166,17,75,-58
112900167,7,146,-139
112900168,5,0,5
112900169,7,24,-17
112900170,99,187,-88
112900172,33,20,13
112900173,186,106,80
112900174,335,71,264
112900175,112,315,-203
112900176,4,58,-54
112900177,237,68,169
112900178,656,3071,-2415
112900179,28,590,-562
112900180,2470,1693,777
112900181,952,11,941
112900182,86,501,-415
112900183,78,378,-300
112900184,470,608,-138
112900185,158,955,-797
112900186,956,1667,-711
112900187,74,753,-679
112900188,643,4036,-3393
112900189,8,11,-3
112900190,5,9,-4
112900192,916,953,-37
112900193,1262,477,785
112900194,101,24,77
112900195,1096,57,1039
112900196,294,352,-58
112900197,157,279,-122
112900199,950,334,616
112900200,1086,157,929
112900201,282,86,196
112900202,646,484,162
112900203,427,131,296
112900204,678,582,96
112900205,18,13,5
112900206,26,177,-151
112900207,44,0,44
112900208,103,313,-210
112900209,207,247,-40
112900210,1,31,-30
112900211,108,18,90
112900212,4,29,-25
112900213,77,2,75
112900214,21,22,-1
112900215,30,77,-47
112900216,10,42,-32
112900217,10,67,-57
112900218,103,18,85
112900219,126,8,118
112900220,1,0,1
112900221,41,103,-62
112900222,0,67,-67
112900223,1483,22,1461
112900224,608,255,353
112900225,621,240,381
112900226,199,407,-208
112900227,1069,466,603
112900228,125,41,84
112900229,449,9,440
112900230,8950,3671,5279
112900232,385,394,-9
112900233,65,91,-26
112900234,41,26,15
112900235,49,16,33
112900236,506,8,498
112900237,257,69,188
112900238,12,24,-12
113000001,6550,4304,2246
113000002,4483,3327,1156
113000003,1759,1516,243
113000004,1395,2071,-676
113000005,1735,1132,603
113000006,1113,1079,34
113000007,2437,1115,1322
113000008,1806,1359,447
113000009,1429,636,793
113000010,1305,974,331
113000011,863,987,-124
113000012,2154,651,1503
113000013,893,615,278
113000014,792,1162,-370
113000015,289,318,-29
113000016,226,764,-538
113000017,68,289,-221
113000018,397,28,369
113000019,271,251,20
113000020,401,52,349
113000021,1406,534,872
113000022,886,1163,-277
113000025,78,240,-162
113000026,611,576,35
113000027,468,941,-473
113000028,700,1539,-839
113000029,1081,732,349
113000030,266,503,-237
113000031,118,277,-159
113000032,233,339,-106
113000033,273,515,-242
113000034,201,205,-4
113000035,43,53,-10
113000036,27,83,-56
113000037,66,38,28
113000038,26,62,-36
113000039,59,349,-290
113000040,38,78,-40
113000042,677,550,127
113000051,1202,2077,-875
113000052,2104,658,1446
113000053,658,343,315
113000054,619,640,-21
113000055,1723,362,1361
113000056,1468,790,678
113000058,711,804,-93
113000059,918,434,484
113000060,429,433,-4
113000061,429,690,-261
113000062,547,349,198
113000063,422,71,351
113000064,70,151,-81
113000065,183,429,-246
113000066,1178,126,1052
113000067,3468,890,2578
113000068,442,510,-68
113000069,548,482,66
113000070,3419,872,2547
113000071,606,436,170
113000072,1303,461,842
113000073,344,1242,-898
113000074,1016,462,554
113000075,1733,903,830
113000076,517,2496,-1979
113000077,917,1260,-343
113000078,462,2339,-1877
113000079,456,1563,-1107
113000080,507,1839,-1332
113000081,724,1308,-584
113000082,1001,2168,-1167
113000083,544,801,-257
113000084,2134,1659,475
113000085,864,511,353
113000086,888,1019,-131
113000087,859,959,-100
113000088,2404,1293,1111
113000089,854,1398,-544
113000090,248,759,-511
113000091,254,343,-89
113000094,1421,247,1174
113000095,221,675,-454
113000096,108,1176,-1068
113000097,1238,550,688
113000098,173,68,105
113000099,1175,491,684
113000100,99,587,-488
113000101,220,663,-443
113000102,888,606,282
113000103,1823,362,1461
113000104,753,2343,-1590
113000105,1112,619,493
113000106,315,369,-54
113000107,980,1056,-76
113000108,673,743,-70
113000109,598,1349,-751
113000110,2907,621,2286
113000111,188,669,-481
113000112,312,219,93
113000113,1313,286,1027
113000114,278,1806,-1528
113000116,1150,402,748
113000117,3692,126,3566
113000118,41,771,-730
113000119,341,785,-444
113000120,79,345,-266
113000121,517,4377,-3860
113000124,212,115,97
113000125,81,995,-914
113000127,1526,212,1314
113000128,782,306,476
113000129,504,869,-365
113000133,2280,1094,1186
113000134,9,1433,-1424
113000135,4657,5553,-896
113000137,1202,3868,-2666
113000139,241,443,-202
113000140,77,182,-105
113000141,158,254,-96
113000142,320,1310,-990
113000143,339,161,178
113000144,205,437,-232
113000145,166,131,35
113000146,143,46,97
113000147,241,78,163
113000148,396,157,239
113000149,236,155,81
113000150,641,269,372
113000151,41,38,3
113000152,43,104,-61
113000153,968,400,568
113000154,681,1480,-799
113000155,457,734,-277
113000156,120,266,-146
113000157,229,525,-296
113000158,608,207,401
113000159,1074,476,598
113000160,536,590,-54
113000161,273,244,29
113000162,1082,299,783
113000163,143,42,101
113000164,13,72,-59
113000166,255,90,165
113000167,59,63,-4
113000168,65,96,-31
113000169,258,61,197
113000170,89,76,13
113000171,40,80,-40
113000172,395,53,342
113000173,69,34,35
113000174,154,152,2
113000175,459,74,385
113000176,583,81,502
113000177,170,228,-58
113000178,146,176,-30
113000179,312,114,198
113000180,856,1115,-259
113000181,1240,612,628
113000182,153,372,-219
113000183,135,543,-408
113000184,15,118,-103
113000189,307,906,-599
113000190,286,276,10
113000192,596,4675,-4079
113000193,2241,3075,-834
113000194,835,1420,-585
113000195,1566,2059,-493
113000196,289,42,247
113000197,1584,1881,-297
113000198,101,186,-85
113000199,1792,844,948
113000201,231,319,-88
113000202,6272,1306,4966
113000203,90,178,-88
113000204,521,3704,-3183
113000205,19,20,-1
113000206,13,60,-47
113000207,87,29,58
113000208,72,45,27
113000209,11,18,-7
113000210,15,33,-18
113000211,66,181,-115
113000212,48,34,14
113000213,30,114,-84
113000214,219,270,-51
113000234,157,589,-432
113000410,68,211,-143
113000411,1758,4563,-2805
113000412,3844,1850,1994
113000413,1069,3082,-2013
113000414,3218,12585,-9367
113000415,1909,1746,163
113000416,3814,2839,975
113000417,1643,1967,-324
113000418,4530,4686,-156
113000419,1679,2813,-1134
113000420,3320,6304,-2984
113000421,4960,8048,-3088
113000422,12049,10445,1604
113000423,1578,5524,-3946
113000424,2999,10139,-7140
113000425,5,103,-98
113000428,28,6,22
113000430,3,112,-109
113000432,2865,170,2695
113000433,182,441,-259
113000434,13,84,-71
113000435,35,179,-144
113000436,12,512,-500
113000437,1514,14,1500
113000438,325,8,317
113000439,26,37,-11
113000440,193,23,170
113000441,258,141,117
113000442,155,65,90
113000443,332,99,233
113000444,371,72,299
113000445,104,60,44
113000446,25,72,-47
113000448,390,274,116
113000449,126,643,-517
113000450,662,1690,-1028
113000451,1794,238,1556
113000452,154,334,-180
113000453,39,546,-507
113000454,302,55,247
113000455,9,938,-929
113000456,2821,2578,243
113000468,774,94,680
113000469,56,204,-148
113000470,356,25,331
113000471,12,276,-264
113000472,103,254,-151
113000474,1092,617,475
113000475,1416,1669,-253
113000476,1991,2140,-149
113000477,4226,1827,2399
113000478,3162,3135,27
113000479,84,69,15
113000480,101,421,-320
113000481,0,0,0
113000482,0,0,0
113000483,0,0,0
113000485,0,0,0
113000486,0,0,0
113000487,0,0,0
113000488,0,0,0
113000489,0,0,0
113000490,0,0,0
113000491,1,9,-8
113000492,1,3,-2
113000493,0,0,0
113000495,137,65,72
113000496,102,64,38
113000497,0,0,0
113000498,0,0,0
113000499,0,0,0
113000500,0,1,-1
113900001,2,491,-489
113900002,0,27,-27
113900003,2,61,-59
113900004,1,104,-103
113900005,2,174,-172
113900006,5,26,-21
113900007,46,41,5
113900008,6,0,6
113900009,33,0,33
113900010,31,2,29
113900011,92,0,92
113900012,58,1,57
113900013,94,0,94
113900014,709,5,704
113900015,0,89,-89
113900016,48,0,48
113900017,6,24,-18
113900018,223,263,-40
113900019,236,27,209
113900020,289,1,288
113900022,86,0,86
113900023,34,0,34
113900024,41,34,7
113900025,172,12,160
113900026,92,0,92
113900027,8,54,-46
113900028,46,223,-177
113900029,64,89,-25
113900030,351,9,342
113900031,27,10,17
113900032,48,0,48
113900033,61,56,5
113900035,46,1,45
113900036,36,55,-19
113900037,239,220,19
113900038,10,114,-104
113900039,233,44,189
113900040,31,32,-1
113900041,53,6,47
113900042,30,31,-1
113900043,165,54,111
113900044,147,302,-155
113900045,79,2,77
113900046,260,1339,-1079
113900047,98,78,20
113900048,101,143,-42
113900049,219,365,-146
113900050,355,247,108
113900051,228,183,45
113900052,101,67,34
113900053,749,725,24
113900054,51,1,50
113900055,101,364,-263
113900056,78,123,-45
113900057,8,52,-44
113900058,124,55,69
113900059,230,216,14
113900060,72,161,-89
113900061,508,215,293
113900062,107,20,87
113900063,151,78,73
113900064,26,49,-23
113900065,526,23,503
113900066,466,181,285
113900067,297,78,219
113900068,486,638,-152
113900069,33,29,4
113900070,133,219,-86
113900071,104,44,60
113900072,58,72,-14
113900073,273,275,-2
113900074,166,134,32
113900075,1146,1761,-615
113900076,174,17,157
113900077,70,101,-31
113900078,59,44,15
113900079,0,27,-27
113900080,767,224,543
113900081,58,88,-30
113900082,178,165,13
113900083,536,165,371
113900084,246,97,149
113900085,70,135,-65
113900086,95,14,81
113900087,108,97,11
113900088,62,62,0
113900089,396,66,330
113900090,723,379,344
113900091,14,20,-6
113900092,14,57,-43
113900093,67,965,-898
113900094,677,214,463
113900095,144,195,-51
113900096,330,105,225
113900097,9,38,-29
113900098,956,164,792
113900099,1,22,-21
113900100,0,3,-3
113900101,10,71,-61
113900102,103,168,-65
113900103,308,365,-57
113900104,156,288,-132
113900105,188,78,110
113900106,1,21,-20
113900107,1,9,-8
113900108,145,255,-110
113900109,306,205,101
113900110,99,18,81
113900111,218,53,165
113900112,156,34,122
113900113,1543,382,1161
113900114,5,25,-20
113900115,1,47,-46
113900116,57,193,-136
113900117,84,16,68
113900118,179,524,-345
113900119,132,415,-283
113900120,90,42,48
113900121,117,50,67
113900122,612,2764,-2152
113900123,586,191,395
113900124,1,45,-44
113900125,706,121,585
113900126,119,36,83
113900127,402,854,-452
113900128,144,44,100
113900129,6,253,-247
113900130,4,473,-469
113900131,323,52,271
113900132,33,93,-60
113900133,14,40,-26
113900135,321,244,77
113900136,113,58,55
113900137,362,375,-13
113900138,36,271,-235
113900139,170,182,-12
113900140,62,456,-394
113900141,726,246,480
113900142,124,61,63
113900143,12,76,-64
113900144,61,624,-563
113900145,397,119,278
113900146,202,70,132
113900148,71,400,-329
113900149,157,68,89
113900150,258,426,-168
113900151,507,117,390
113900152,65,55,10
113900153,118,667,-549
113900154,1,113,-112
113900155,107,237,-130
113900156,172,310,-138
113900157,67,298,-231
113900158,194,929,-735
113900159,16,210,-194
113900160,336,383,-47
113900161,95,299,-204
113900162,191,1666,-1475
113900163,275,191,84
113900164,450,44,406
113900165,487,757,-270
113900166,75,144,-69
113900167,424,38,386
113900168,60,56,4
113900169,192,299,-107
113900171,310,59,251
113900172,11,57,-46
113900173,23,268,-245
113900174,386,343,43
113900175,424,152,272
113900176,424,306,118
113900177,283,151,132
113900178,232,254,-22
113900179,37,223,-186
113900180,173,70,103
113900181,986,338,648
113900182,736,528,208
113900183,46,50,-4
113900184,6,257,-251
113900185,179,38,141
113900186,75,38,37
113900187,24,76,-52
113900188,35,115,-80
113900189,339,170,169
113900190,169,109,60
113900191,158,151,7
113900192,8,798,-790
113900193,19,81,-62
113900194,1001,476,525
113900195,216,267,-51
113900196,5,259,-254
113900197,0,56,-56
113900198,22,224,-202
113900199,86,386,-300
113900200,26,148,-122
113900201,1,68,-67
113900202,25,143,-118
113900203,0,36,-36
113900204,24,259,-235
113900205,7,67,-60
113900206,1,76,-75
113900207,0,42,-42
113900208,0,12,-12
113900209,0,51,-51
113900210,413,691,-278
113900211,224,52,172
113900212,224,299,-75
113900214,229,379,-150
113900215,71,76,-5
113900216,201,302,-101
113900217,94,100,-6
113900218,178,86,92
113900219,140,549,-409
113900220,132,135,-3
113900221,282,309,-27
113900222,167,604,-437
113900223,226,274,-48
113900224,16,30,-14
113900225,363,92,271
113900226,443,186,257
113900227,373,176,197
113900228,346,678,-332
113900229,58,1096,-1038
113900230,2083,3480,-1397
113900231,157,127,30
113900232,129,43,86
113900233,150,81,69
113900234,435,405,30
113900235,89,36,53
113900236,326,131,195
113900237,210,9,201
113900238,183,755,-572
113900239,60,132,-72
113900240,6,229,-223
113900241,68,74,-6
113900242,32,142,-110
113900243,64,255,-191
113900244,151,157,-6
113900245,542,244,298
113900246,16,20,-4
113900247,115,662,-547
113900248,2089,2168,-79
113900249,748,549,199
113900250,53,231,-178
113900251,1086,97,989
113900252,795,35,760
113900253,750,72,678
113900254,695,163,532
113900255,692,31,661
113900256,349,32,317
113900257,18,209,-191
113900258,18,254,-236
113900259,710,83,627
113900260,322,12,310
113900261,50,40,10
113900262,127,287,-160
113900263,82,404,-322
113900264,2,204,-202
113900265,115,227,-112
113900266,29,146,-117
113900267,78,765,-687
113900268,405,484,-79
113900269,65,142,-77
113900270,149,646,-497
113900271,629,511,118
113900273,12,10,2
113900274,56,23,33
113900275,20,67,-47
113900276,2,84,-82
113900277,260,11,249
113900278,304,158,146
113900279,32,48,-16
113900280,1632,563,1069
113900281,406,1655,-1249
113900282,334,571,-237
113900283,358,485,-127
113900284,1105,194,911
113900285,158,55,103
113900286,94,87,7
113900287,83,35,48
113900288,5,111,-106
113900289,352,122,230
113900290,168,265,-97
113900291,85,110,-25
113900292,3,4,-1
113900293,0,172,-172
113900294,572,10,562
113900295,299,331,-32
113900296,2671,404,2267
113900297,2605,59,2546
113900298,26,1010,-984
113900299,129,25,104
113900300,4001,4530,-529
113900301,560,615,-55
113900302,1358,952,406
113900303,203,586,-383
113900304,0,76,-76
113900305,191,1,190
113900306,123,1,122
113900307,15,0,15
113900308,72,135,-63
113900309,0,266,-266
113900310,1,1,0
113900311,4,0,4
113900312,141,190,-49
113900313,13,5,8
114000001,922,1704,-782
114000002,317,202,115
114000003,81,171,-90
114000004,385,221,164
114000005,387,228,159
114000006,1520,1346,174
114000007,814,1045,-231
114000008,1451,1792,-341
114000009,1172,290,882
114000011,2918,1696,1222
114000012,3449,1318,2131
114000013,2246,953,1293
114000014,474,119,355
114000015,2355,212,2143
114000016,287,111,176
114000017,134,509,-375
114000018,146,21,125
114000026,3039,756,2283
114000027,5017,1855,3162
114000028,2282,3018,-736
114000038,284,149,135
114000039,73,38,35
114000040,206,236,-30
114000042,164,164,0
114000043,44,35,9
114000044,480,16,464
114000045,44,41,3
114000046,1906,3240,-1334
114000047,19,60,-41
114000048,119,56,63
114000049,1818,1471,347
114000050,2092,1541,551
114000051,3210,1926,1284
114000052,4006,2291,1715
114000053,91,585,-494
114000054,184,555,-371
114000055,205,71,134
114000056,229,1018,-789
114000057,3524,1991,1533
114000058,108,1171,-1063
114000059,52,521,-469
114000060,628,635,-7
114000061,1951,2619,-668
114000062,595,1361,-766
114000063,1081,1098,-17
114000064,1842,3467,-1625
114000065,1148,1828,-680
114000066,436,575,-139
114000067,38,874,-836
114000068,475,692,-217
114000069,1251,568,683
114000070,2303,1766,537
114000071,998,462,536
114000072,595,129,466
114000073,15,22,-7
114000074,75,15,60
114000075,94,42,52
114000076,29,22,7
114000077,1,20,-19
114000078,330,278,52
114000079,266,15,251
114000080,109,72,37
114000081,95,59,36
114000082,31,239,-208
114000083,97,96,1
114000084,325,104,221
114000085,93,293,-200
114000086,281,111,170
114000087,234,74,160
114000088,40,28,12
114000089,429,254,175
114000090,987,1002,-15
114000091,1346,834,512
114000092,693,395,298
114000093,1547,654,893
114000094,426,295,131
114000095,253,163,90
114000096,90,237,-147
114000097,100,239,-139
114000098,567,103,464
114000099,849,185,664
114000100,2169,350,1819
114000101,480,268,212
114000102,712,239,473
114000103,108,165,-57
114000104,38,115,-77
114000105,190,96,94
114000106,635,1911,-1276
114000107,634,102,532
114000108,651,751,-100
114000109,707,1408,-701
114000110,508,716,-208
114000111,2345,990,1355
114000112,292,816,-524
114000113,1053,415,638
114000114,731,637,94
114000115,2226,1036,1190
114000116,1128,3069,-1941
114000117,5017,702,4315
114000118,3667,528,3139
114000119,2690,543,2147
114000120,600,459,141
114000121,506,706,-200
114000122,536,309,227
114000123,2869,397,2472
114000124,1244,409,835
114000125,801,812,-11
114000126,2186,231,1955
114000127,206,142,64
114000128,907,238,669
114000130,444,410,34
114000131,391,136,255
114000132,687,411,276
114000133,642,1129,-487
114000134,85,31,54
114000138,31,114,-83
114000139,403,382,21
114000144,766,717,49
114000145,78,70,8
114000146,73,119,-46
114000147,1540,2863,-1323
114000148,1244,1759,-515
114000149,313,299,14
114000150,278,537,-259
114000151,503,1687,-1184
114000152,124,34,90
114000153,560,2155,-1595
114000154,723,452,271
114000155,1063,2459,-1396
114000156,712,643,69
114000157,245,1204,-959
114000158,911,681,230
114000159,101,397,-296
114000160,48,547,-499
114000161,1147,2867,-1720
114000162,1344,2644,-1300
114000163,33,39,-6
114000165,617,414,203
114000166,641,474,167
114000167,2075,1269,806
114000168,353,494,-141
114000169,1276,1903,-627
114000170,1076,1596,-520
114000171,1377,6378,-5001
114000174,151,327,-176
114000176,313,477,-164
114000177,900,509,391
114000178,50,29,21
114000179,902,663,239
114000180,252,479,-227
114000181,1677,4858,-3181
114000182,1101,2284,-1183
114000183,632,705,-73
114000184,1920,559,1361
114000185,1242,652,590
114000189,1691,215,1476
114000190,4069,603,3466
114000191,103,206,-103
114000192,99,901,-802
114000193,349,1199,-850
114000194,1563,521,1042
114000195,223,71,152
114000196,2,71,-69
114000197,2162,29,2133
114000198,718,331,387
114000199,1639,1939,-300
114000200,580,779,-199
114000201,186,466,-280
114000202,837,362,475
114000203,571,430,141
114000204,164,310,-146
114000205,160,810,-650
114000206,711,1044,-333
114000207,431,812,-381
114000208,430,1292,-862
114000209,436,1142,-706
114000210,185,707,-522
114000211,1372,1061,311
114000212,1030,849,181
114000213,1916,450,1466
114000214,109,71,38
114000215,229,64,165
114000216,1593,350,1243
114000217,570,163,407
114000218,260,108,152
114000219,1246,139,1107
114000220,44,429,-385
114000221,1248,206,1042
114000222,109,536,-427
114000223,597,115,482
114000224,69,326,-257
114000225,340,358,-18
114000226,227,216,11
114000227,947,498,449
114000228,847,385,462
114000229,1543,916,627
114000230,1687,699,988
114000231,1196,1252,-56
114000232,1007,175,832
114000233,2808,120,2688
114000234,1235,581,654
114000235,1264,899,365
114000236,1,327,-326
114000237,127,492,-365
114000238,92,205,-113
114000239,115,725,-610
114000240,866,786,80
114000241,270,597,-327
114000242,666,557,109
114000243,1766,857,909
114000244,522,291,231
114000245,448,665,-217
114000246,131,37,94
114000247,550,426,124
114000248,1271,542,729
114000249,624,326,298
114000250,657,368,289
114000251,437,221,216
114000252,48,38,10
114000253,39,153,-114
114000254,69,30,39
114000255,434,182,252
114000256,463,1757,-1294
114000257,377,705,-328
114000258,386,169,217
114000259,150,156,-6
114000260,0,24,-24
114000261,57,36,21
114000262,353,84,269
114000263,10,2,8
114000264,1614,341,1273
114000265,0,3,-3
114000267,3,1477,-1474
114000268,34,709,-675
114000270,215,7,208
114000271,326,43,283
114000283,1666,338,1328
114000285,19,84,-65
114000288,97,199,-102
114000289,2204,111,2093
114000293,288,503,-215
114000294,172,311,-139
114000395,1240,29,1211
114000396,744,708,36
114000402,871,143,728
114000403,382,209,173
114000405,281,175,106
114000423,443,205,238
114000424,562,139,423
114000425,1149,214,935
114000426,337,777,-440
114000427,77,48,29
114000428,115,212,-97
114000429,4,92,-88
114000432,97,42,55
114000434,23,51,-28
114000435,10,67,-57
114900001,748,370,378
114900002,529,186,343
114900003,845,541,304
114900004,192,497,-305
114900005,641,375,266
114900006,122,89,33
114900007,391,30,361
114900008,342,94,248
114900010,962,1789,-827
114900011,351,197,154
114900013,365,129,236
114900015,98,576,-478
114900018,1025,28,997
114900020,220,76,144
114900021,273,179,94
114900022,1,461,-460
114900024,329,107,222
114900025,661,131,530
114900026,115,133,-18
114900027,224,198,26
114900029,49,21,28
114900030,434,178,256
114900031,464,24,440
114900032,555,13,542
114900033,577,1548,-971
114900034,49,55,-6
114900035,137,231,-94
114900036,201,215,-14
114900037,99,113,-14
114900038,213,251,-38
114900039,562,190,372
114900040,85,74,11
114900041,1228,207,1021
114900042,1373,280,1093
114900043,349,171,178
114900044,172,53,119
114900045,110,219,-109
114900046,49,63,-14
114900047,210,3086,-2876
114900048,74,159,-85
114900049,6,103,-97
114900050,57,116,-59
114900051,19,200,-181
114900052,72,211,-139
114900053,99,180,-81
114900054,42,77,-35
114900057,168,32,136
114900058,2,35,-33
114900059,119,94,25
114900060,368,702,-334
114900061,137,54,83
114900062,163,251,-88
114900063,98,78,20
114900064,2564,188,2376
114900065,492,685,-193
114900067,45,365,-320
114900068,53,67,-14
114900069,162,57,105
114900070,647,213,434
114900072,2,218,-216
114900073,4,46,-42
114900074,992,219,773
114900075,425,11,414
114900076,10,212,-202
114900080,999,239,760
114900082,2192,2792,-600
114900083,651,1045,-394
114900084,77,28,49
114900090,552,182,370
114900091,89,139,-50
114900095,137,60,77
114900096,320,470,-150
114900097,221,2,219
114900098,3,101,-98
114900099,336,7,329
115000001,3735,1933,1802
115000002,4681,5149,-468
115000003,4163,1612,2551
115000004,5785,6733,-948
115000005,1338,1673,-335
115000006,1189,1523,-334
115000007,122,184,-62
115000008,359,346,13
115000009,282,245,37
115000010,256,190,66
115000013,43,194,-151
115000015,33,213,-180
115000016,137,351,-214
115000019,31,508,-477
115000020,134,1113,-979
115000021,224,391,-167
115000022,465,316,149
115000023,294,641,-347
115000024,829,363,466
115000025,1047,846,201
115000026,216,267,-51
115000027,321,366,-45
115000028,229,600,-371
115000029,755,111,644
115000030,788,778,10
115000031,1205,383,822
115000032,13,174,-161
115000033,172,34,138
115000034,52,1039,-987
115000035,1173,87,1086
115000036,2,313,-311
115000037,735,20,715
115000038,58,132,-74
115000039,2374,3601,-1227
115000040,3181,2228,953
115000041,1329,3925,-2596
115000042,568,617,-49
115000043,4378,2704,1674
115000044,3448,2816,632
115000045,2411,1004,1407
115000046,2897,2231,666
115000047,2854,1211,1643
115000048,1833,1459,374
115000049,1216,2518,-1302
115000050,3318,1532,1786
115000051,1406,3389,-1983
115000052,1196,1278,-82
115000053,2178,2152,26
115000054,530,779,-249
115000055,213,871,-658
115000056,248,584,-336
115000057,555,1107,-552
115000058,361,466,-105
115000059,438,146,292
115000061,96,201,-105
115000062,178,254,-76
115000063,508,341,167
115000064,233,64,169
115000065,69,537,-468
115000067,190,23,167
115000069,112,221,-109
115000070,36,969,-933
115000071,118,28,90
115000072,7,73,-66
115000073,1857,102,1755
115000075,145,49,96
115000076,2278,1843,435
115000077,2334,1210,1124
115000078,1728,796,932
115000079,1473,1109,364
115000080,3202,1454,1748
115000081,372,579,-207
115000082,4985,3975,1010
115000083,2014,1136,878
115000084,3287,851,2436
115000085,1044,730,314
115000086,1280,584,696
115000087,392,1290,-898
115000088,1723,592,1131
115000089,1369,1073,296
115000090,409,733,-324
115000091,204,489,-285
115000092,689,435,254
115000093,674,3,671
115000094,4598,6299,-1701
115000095,3768,7149,-3381
115000096,928,881,47
115000097,1708,1049,659
115000098,1555,631,924
115000099,3035,1692,1343
115000100,1510,353,1157
115000101,688,944,-256
115000102,703,254,449
115000103,251,427,-176
115000105,122,116,6
115000106,843,341,502
115000107,218,237,-19
115000108,2259,1625,634
115000109,3582,5989,-2407
115000110,1461,2411,-950
115000111,558,1010,-452
115000112,936,1141,-205
115000113,673,775,-102
115000114,1257,634,623
115000116,2892,2310,582
115000117,2157,2505,-348
115000118,2172,1740,432
115000119,1469,2099,-630
115000120,503,1382,-879
115000121,788,960,-172
115000122,1090,1962,-872
115000123,712,2611,-1899
115000124,712,874,-162
115000125,354,702,-348
115000126,167,352,-185
115000127,289,136,153
115000128,345,840,-495
115000129,144,520,-376
115000130,540,399,141
115000131,870,234,636
115000132,462,280,182
115000133,705,168,537
115000134,308,229,79
115000135,268,164,104
115000136,323,163,160
115000137,105,158,-53
115000138,518,231,287
115000139,279,160,119
115000140,502,167,335
115000141,229,125,104
115000142,236,105,131
115000143,1178,473,705
115000144,544,65,479
115000145,222,168,54
115000146,543,341,202
115000147,321,264,57
115000148,341,483,-142
115000149,811,218,593
115000150,617,467,150
115000151,1401,413,988
115000152,749,470,279
115000153,1494,428,1066
115000154,1079,200,879
115000155,620,565,55
115000156,921,774,147
115000157,494,752,-258
115000158,418,349,69
115000159,486,563,-77
115000160,413,616,-203
115000161,653,401,252
115000162,555,924,-369
115000163,504,727,-223
115000164,553,623,-70
115000165,359,621,-262
115000167,107,77,30
115000168,423,373,50
115000169,398,598,-200
115000170,49,128,-79
115000171,235,271,-36
115000172,608,727,-119
115000173,271,939,-668
115000174,90,409,-319
115000175,198,210,-12
115000176,103,179,-76
115000177,114,201,-87
115000178,10,152,-142
115000179,24,57,-33
115000180,160,262,-102
115000181,984,159,825
115000182,1304,226,1078
115000183,598,394,204
115000186,638,199,439
115000187,252,458,-206
115000188,447,542,-95
115000189,233,353,-120
115000190,716,516,200
115000191,192,518,-326
115000194,139,138,1
115000195,206,310,-104
115000196,327,66,261
115000197,190,157,33
115000198,698,140,558
115000199,535,109,426
115000200,495,97,398
115000201,166,251,-85
115000206,528,74,454
115000207,300,202,98
115000208,314,488,-174
115000209,699,393,306
115000210,224,147,77
115000211,247,263,-16
115000212,853,317,536
115000218,57,75,-18
115000219,144,30,114
115000224,230,68,162
115000225,83,93,-10
115000229,131,75,56
115000230,117,552,-435
115000231,269,776,-507
115000232,2049,234,1815
115000233,131,153,-22
115000234,30,237,-207
115000241,106,110,-4
115000242,185,121,64
115000243,73,120,-47
115000244,7,80,-73
115000246,23,28,-5
115000247,35,16,19
115000248,47,21,26
115000249,11,10,1
115000250,258,19,239
115000251,297,55,242
115000252,108,152,-44
115000253,24,399,-375
115000258,336,51,285
115000259,286,82,204
115000261,37,12,25
115000262,24,24,0
115000263,13,35,-22
115000264,39,26,13
115000267,112,102,10
115000268,61,108,-47
115000269,113,69,44
115000270,5,16,-11
115000272,56,92,-36
115000273,597,54,543
115000274,452,95,357
115000280,1562,265,1297
115000281,273,781,-508
115000282,744,1553,-809
115000284,129,149,-20
115000296,1068,8,1060
115000297,104,185,-81
115000298,40,593,-553
115000300,268,131,137
115000302,513,90,423
115000303,873,69,804
115000304,1221,55,1166
115000305,100,270,-170
115000306,249,100,149
115000307,139,92,47
115000308,24,15,9
115000310,1465,484,981
115000311,1351,1015,336
115000313,119,194,-75
115000314,687,151,536
115000315,475,628,-153
115000316,100,138,-38
115000317,159,380,-221
115000318,993,328,665
115000319,86,170,-84
115000320,23,355,-332
115000321,336,5,331
115000322,45,122,-77
115000449,171,133,38
115000557,22,1699,-1677
115000558,310,154,156
115000587,667,226,441
115000588,1798,2265,-467
115000589,3856,2191,1665
115000590,761,1529,-768
115000591,1476,817,659
115000592,483,1601,-1118
115000593,1630,740,890
115000594,361,2033,-1672
115000609,131,100,31
115000617,601,2803,-2202
115000624,231,19,212
115000633,533,1544,-1011
115000634,3218,704,2514
115000635,736,99,637
115000638,326,324,2
115000641,54,177,-123
115000642,351,293,58
115000643,151,256,-105
115000644,178,273,-95
115000646,852,1651,-799
115000647,198,471,-273
115000648,2850,1275,1575
115000893,1577,1210,367
115000894,129,756,-627
115000895,212,527,-315
115000896,1161,300,861
115000897,409,88,321
115000898,538,276,262
115000899,175,1298,-1123
115000900,58,278,-220
115000901,45,170,-125
115000912,487,107,380
115000913,15,17,-2
115000915,5,1,4
115000916,1,0,1
115000917,0,5,-5
115000918,88,1072,-984
115000919,9,13,-4
115000920,4,41,-37
115000921,279,127,152
115000922,318,662,-344
115000923,93,830,-737
115000925,123,127,-4
115000927,46,65,-19
115000933,51,125,-74
115900001,156,14,142
115900002,90,111,-21
115900003,217,46,171
115900004,1,23,-22
115900005,283,9,274
115900006,149,101,48
115900008,108,5,103
115900009,57,129,-72
115900010,464,44,420
115900011,510,258,252
115900012,263,19,244
115900013,295,122,173
115900014,143,128,15
115900015,198,19,179
115900016,95,41,54
115900017,33,23,10
115900018,144,61,83
115900019,305,31,274
115900020,137,3,134
115900021,862,908,-46
115900022,507,15,492
115900023,2,8,-6
115900025,40,198,-158
115900026,705,159,546
115900027,0,101,-101
115900028,394,61,333
115900029,13,233,-220
115900030,38,17,21
115900031,132,388,-256
115900032,412,507,-95
115900033,0,43,-43
115900034,40,181,-141
115900035,53,39,14
115900036,16,1522,-1506
115900037,36,125,-89
115900038,83,18,65
115900039,198,119,79
115900041,155,890,-735
115900042,64,5,59
115900043,123,30,93
115900044,146,295,-149
115900046,518,175,343
115900047,136,223,-87
115900049,275,113,162
115900051,2,14,-12
115900052,29,126,-97
115900053,385,99,286
115900054,452,37,415
115900055,23,77,-54
115900056,219,102,117
115900057,18,16,2
115900058,28,45,-17
115900060,62,150,-88
115900061,341,3,338
115900062,90,144,-54
115900063,42,6,36
115900064,173,237,-64
115900065,179,63,116
115900066,63,78,-15
115900067,7,164,-157
115900068,1326,1186,140
115900069,27,200,-173
115900070,258,41,217
115900071,1,129,-128
115900072,24,92,-68
115900073,105,165,-60
115900074,3,98,-95
115900075,60,146,-86
115900076,5,37,-32
115900077,2,96,-94
115900078,23,70,-47
115900079,478,13,465
115900080,159,110,49
115900081,39,40,-1
115900082,107,116,-9
115900084,683,19,664
115900085,42,48,-6
115900086,938,489,449
115900088,11,44,-33
115900089,461,335,126
115900090,656,11,645
115900091,11,18,-7
115900092,62,54,8
115900093,4,20,-16
115900094,1,82,-81
115900096,18,10,8
115900097,11,136,-125
115900098,223,217,6
115900099,57,24,33
115900100,12,240,-228
115900101,209,130,79
115900102,81,42,39
115900103,347,99,248
115900104,89,52,37
115900105,434,238,196
115900106,123,13,110
115900107,90,40,50
115900108,170,31,139
115900109,46,239,-193
115900110,4,1,3
115900111,1,80,-79
115900112,57,522,-465
115900113,84,22,62
115900114,3,93,-90
115900115,101,148,-47
115900116,104,463,-359
115900117,140,11,129
115900118,2,98,-96
115900119,166,90,76
115900120,46,165,-119
115900121,263,119,144
115900124,388,886,-498
115900125,451,76,375
115900126,1109,96,1013
115900127,998,43,955
115900128,6,141,-135
115900129,812,57,755
115900130,7,224,-217
115900131,447,31,416
115900132,899,12,887
115900134,526,12,514
115900135,331,1140,-809
115900137,60,9,51
115900139,75,222,-147
115900140,442,40,402
115900141,18,167,-149
115900142,32,101,-69
115900143,320,497,-177
115900144,136,231,-95
115900146,12,26,-14
115900147,262,331,-69
115900148,124,12,112
115900149,202,21,181
115900150,105,5,100
115900151,14,101,-87
115900152,182,217,-35
115900153,165,104,61
115900154,320,357,-37
115900155,1,15,-14
115900156,759,1066,-307
115900157,270,543,-273
115900158,15,2,13
115900159,255,162,93
115900160,1,9,-8
115900161,46,159,-113
115900163,292,152,140
115900164,725,14,711
115900165,6,108,-102
115900166,125,128,-3
115900168,173,50,123
115900171,120,323,-203
115900172,73,87,-14
115900173,218,68,150
115900174,166,182,-16
115900175,202,225,-23
115900178,7,184,-177
115900179,488,12,476
115900180,28,70,-42
115900181,265,69,196
115900182,651,114,537
115900183,122,229,-107
115900184,472,7,465
115900187,12,139,-127
115900189,0,266,-266
115900190,312,1111,-799
115900191,13,124,-111
115900192,30,103,-73
115900193,152,128,24
115900194,1099,88,1011
115900195,476,2930,-2454
115900198,256,267,-11
115900199,343,102,241
115900200,204,183,21
115900201,373,331,42
115900202,0,69,-69
115900203,7,19,-12
115900204,1,10,-9
115900205,40,25,15
115900206,306,86,220
115900207,78,11,67
115900208,151,68,83
115900209,7,88,-81
115900210,2,120,-118
115900211,7,79,-72
115900212,229,83,146
115900213,70,135,-65
115900214,717,99,618
115900215,43,205,-162
115900216,5,73,-68
115900217,2,22,-20
115900218,3,14,-11
115900219,165,3,162
115900220,313,5,308
115900221,147,6,141
115900222,126,36,90
115900223,6,600,-594
115900224,470,1711,-1241
115900225,32,59,-27
115900226,17,54,-37
115900227,39,40,-1
115900228,5,35,-30
115900229,3,44,-41
115900230,19,99,-80
115900231,151,5,146
115900232,45,2,43
115900233,111,14,97
115900234,80,17,63
115900235,16,23,-7
115900236,40,17,23
115900237,24,45,-21
115900238,28,15,13
115900239,25,38,-13
115900240,22,27,-5
115900241,304,54,250
115900242,255,429,-174
115900243,19,23,-4
115900244,36,12,24
115900245,1,7,-6
115900246,3,7,-4
115900247,10,6,4
115900248,9,7,2
115900249,6,9,-3
115900250,20,31,-11
115900251,3,9,-6
115900252,1,0,1
115900253,15,12,3
115900254,14,26,-12
115900255,1,25,-24
115900256,8,19,-11
115900257,7,4,3
115900258,0,1,-1
115900259,7,2,5
115900260,4,2,2
115900261,6,2,4
115900262,3,2,1
115900263,13,1,12
115900264,26,0,26
115900265,5,5,0
115900266,1,10,-9
115900267,1,5,-4
115900268,7,16,-9
115900269,728,142,586
115900270,607,156,451
116000001,5918,2440,3478
116000002,4651,15052,-10401
116000003,1139,1047,92
116000004,3312,5320,-2008
116000005,1204,2993,-1789
116000006,2578,3318,-740
116000007,2199,4378,-2179
116000008,4749,4132,617
116000009,1015,1386,-371
116000010,2703,1996,707
116000011,742,1452,-710
116000012,2296,1321,975
116000013,4721,3457,1264
116000014,7218,17625,-10407
116000015,188,1831,-1643
116000016,4481,5327,-846
116000017,37,870,-833
116000018,642,444,198
116000019,1116,350,766
116000020,700,1243,-543
116000021,826,362,464
116000022,375,351,24
116000023,1729,1120,609
116000024,622,713,-91
116000025,1164,1004,160
116000026,1499,2874,-1375
116000027,706,806,-100
116000028,453,1066,-613
116000029,547,722,-175
116000030,659,497,162
116000031,200,306,-106
116000032,134,122,12
116000033,270,178,92
116000034,1065,437,628
116000035,363,635,-272
116000036,915,2572,-1657
116000037,341,541,-200
116000038,244,722,-478
116000039,304,1068,-764
116000040,536,646,-110
116000041,104,857,-753
116000042,975,545,430
116000043,190,984,-794
116000044,18,23,-5
116000045,2051,2009,42
116000046,1092,1811,-719
116000047,1634,2411,-777
116000048,2648,1711,937
116000049,1851,3372,-1521
116000050,1748,1378,370
116000051,5598,3322,2276
116000052,5247,4943,304
116000053,2644,741,1903
116000054,949,2595,-1646
116000055,1061,806,255
116000056,1228,1127,101
116000057,2679,1475,1204
116000058,3537,3453,84
116000059,2892,5439,-2547
116000060,1858,1046,812
116000061,272,1358,-1086
116000062,513,192,321
116000063,615,1603,-988
116000066,260,750,-490
116000067,212,325,-113
116000068,229,290,-61
116000069,227,244,-17
116000078,501,1160,-659
116000080,1898,655,1243
116000082,3,15,-12
116000083,2091,485,1606
116000084,1363,2042,-679
116000085,2206,2077,129
116000086,835,462,373
116000087,2627,1831,796
116000088,872,869,3
116000089,165,75,90
116000090,116,166,-50
116000091,262,268,-6
116000093,932,791,141
116000094,794,372,422
116000095,1131,803,328
116000096,1213,1629,-416
116000097,1032,647,385
116000098,17,7532,-7515
116000099,4852,136,4716
116000100,291,21,270
116000101,1252,374,878
116000102,240,790,-550
116000103,439,327,112
116000104,284,863,-579
116000105,1261,163,1098
116000106,479,766,-287
116000107,2637,238,2399
116000108,76,158,-82
116000111,209,16,193
116000113,265,125,140
116000114,43,126,-83
116000115,459,135,324
116000116,239,259,-20
116000117,1946,1574,372
116000118,1739,1008,731
116000119,4341,1731,2610
116000120,2663,2599,64
116000121,1248,529,719
116000122,988,874,114
116000123,1668,468,1200
116000124,386,578,-192
116000125,3896,731,3165
116000126,283,826,-543
116000127,818,699,119
116000128,2474,980,1494
116000129,1828,204,1624
116000130,863,681,182
116000133,1591,728,863
116000134,1477,1105,372
116000135,3676,1358,2318
116000136,853,1292,-439
116000137,1378,825,553
116000138,1174,686,488
116000139,1799,2905,-1106
116000140,193,191,2
116000141,325,308,17
116000142,2823,1807,1016
116000143,1841,1938,-97
116000144,1564,1264,300
116000145,2269,973,1296
116000146,833,69,764
116000147,239,159,80
116000148,847,768,79
116000149,965,1063,-98
116000151,510,363,147
116000153,121,315,-194
116000155,151,273,-122
116000156,615,913,-298
116000157,136,4,132
116000158,265,376,-111
116000159,12,23,-11
116000160,27,55,-28
116000161,5,108,-103
116000162,62,180,-118
116000163,57,14,43
116000164,11,28,-17
116000177,98,90,8
116000194,104,374,-270
116000195,1368,622,746
116000196,29,0,29
116000197,42,12,30
116000198,2318,1150,1168
116000200,802,762,40
116000201,757,598,159
116000202,5,142,-137
116000203,2,69,-67
116000204,17,36,-19
116000205,0,103,-103
116000206,0,102,-102
116000207,17,54,-37
116000233,182,380,-198
116000287,276,209,67
116000288,419,165,254
116000292,72,78,-6
116000296,9,130,-121
116000297,93,8,85
116000304,297,16,281
116000305,17,106,-89
116000346,191,135,56
116000352,184,76,108
116000354,54,8,46
116000357,23,33,-10
116000358,441,65,376
116000361,38,4,34
116000372,2841,6500,-3659
116000381,118,1,117
116000388,1,51,-50
116000389,942,484,458
116000445,736,244,492
116000446,778,278,500
116000447,28,647,-619
116000448,419,140,279
116000563,760,987,-227
116000565,25,206,-181
116000568,77,507,-430
116000579,13,114,-101
116000584,22,4,18
116000585,49,18,31
116000586,70,176,-106
116000587,237,353,-116
116000589,63,85,-22
116000590,119,55,64
116000591,318,109,209
116000592,7,51,-44
116000593,0,26,-26
116000594,1092,186,906
116000595,828,47,781
116000596,155,8,147
116000597,591,135,456
116000598,40,91,-51
116000602,40,536,-496
116000605,160,106,54
116000606,100,197,-97
116000607,7,102,-95
116000609,137,1124,-987
116000611,244,191,53
116000612,972,2050,-1078
116000613,856,271,585
116000614,440,264,176
116000615,31,486,-455
116000616,62,76,-14
116000617,162,12,150
116000618,2,45,-43
116000619,48,85,-37
116000620,210,106,104
116000621,109,128,-19
116000622,71,98,-27
116000624,340,84,256
116000628,1,69,-68
116000629,4,47,-43
116000630,110,6,104
116000631,48,0,48
116000632,306,48,258
116000633,9,73,-64
116000634,157,1,156
116900001,322,169,153
116900002,260,0,260
116900003,52,23,29
116900004,57,112,-55
116900005,359,53,306
116900006,78,473,-395
116900007,116,248,-132
116900008,805,119,686
116900009,29,13,16
116900010,0,601,-601
116900011,12,34,-22
116900012,215,253,-38
116900013,7,84,-77
116900014,180,75,105
116900015,800,44,756
116900016,307,5,302
116900017,3,366,-363
116900018,96,37,59
116900019,3,173,-170
116900020,499,1255,-756
116900023,78,28,50
116900024,820,36,784
116900025,1535,546,989
116900026,75,469,-394
116900027,30,25,5
116900028,2,33,-31
116900029,1,94,-93
116900031,4,2,2
116900032,3,166,-163
116900033,39,10,29
116900034,11,30,-19
116900035,171,114,57
116900036,5,82,-77
116900038,20,1,19
116900041,125,22,103
116900042,252,212,40
116900043,26,46,-20
116900045,268,94,174
116900047,11,228,-217
116900049,21,228,-207
116900050,111,288,-177
116900051,236,54,182
116900052,169,47,122
116900055,0,12,-12
116900057,14,133,-119
116900058,35,230,-195
116900059,0,59,-59
116900060,165,155,10
116900062,0,1,-1
116900064,115,188,-73
116900065,37,84,-47
116900067,119,32,87
116900068,156,165,-9
116900070,9,3,6
116900072,25,180,-155
116900073,32,76,-44
116900074,2,28,-26
116900076,15,38,-23
116900077,10,49,-39
116900078,139,45,94
116900079,42,176,-134
116900080,24,29,-5
116900081,257,816,-559
116900082,321,966,-645
116900083,20,13,7
116900084,77,42,35
116900085,33,58,-25
116900086,59,140,-81
116900088,350,104,246
116900090,47,16,31
116900091,392,14,378
116900092,103,447,-344
116900093,2341,1738,603
116900094,2877,5657,-2780
116900095,258,154,104
116900096,119,593,-474
116900097,1570,4298,-2728
116900098,775,413,362
116900099,367,747,-380
116900100,1225,88,1137
116900101,219,376,-157
116900103,12,0,12
116900104,20,103,-83
116900105,349,195,154
116900106,2904,119,2785
116900107,1721,3107,-1386
116900110,26,3,23
116900111,816,305,511
116900112,341,387,-46
116900113,884,1390,-506
116900116,54,809,-755
116900117,196,77,119
116900118,599,898,-299
116900120,618,58,560
116900121,160,25,135
116900122,1236,332,904
116900123,350,353,-3
116900124,168,659,-491
116900125,716,104,612
116900126,54,645,-591
116900128,2,37,-35
116900129,1,245,-244
116900130,536,5233,-4697
116900131,75,347,-272
116900132,82,140,-58
116900133,179,91,88
116900134,313,164,149
116900136,171,172,-1
116900137,231,157,74
116900138,224,126,98
116900139,138,274,-136
116900140,245,124,121
116900141,638,308,330
116900142,1,101,-100
116900143,509,483,26
116900144,55,93,-38
116900145,83,153,-70
116900147,278,1203,-925
116900148,1,58,-57
116900149,85,276,-191
116900150,17,19,-2
116900151,36,13,23
116900153,195,145,50
116900154,209,692,-483
116900155,85,118,-33
116900157,865,122,743
116900158,90,334,-244
116900159,71,407,-336
116900160,1029,1304,-275
116900161,4692,8875,-4183
116900162,19,64,-45
116900163,322,52,270
116900164,70,90,-20
116900165,463,505,-42
116900166,53,20,33
116900167,542,37,505
116900168,468,60,408
116900169,328,835,-507
116900170,544,685,-141
116900171,62,139,-77
116900172,126,528,-402
116900173,330,33,297
116900174,71,65,6
116900175,238,350,-112
116900178,66,84,-18
116900179,91,412,-321
116900180,98,33,65
116900182,875,365,510
116900183,258,83,175
116900185,48,66,-18
116900186,128,132,-4
116900187,71,89,-18
116900188,149,27,122
116900189,72,4,68
116900191,333,657,-324
116900192,394,95,299
116900194,176,1913,-1737
116900195,95,37,58
116900196,13,42,-29
116900197,150,14,136
116900198,88,329,-241
116900200,71,12,59
116900201,223,7,216
116900202,81,26,55
116900203,207,8,199
116900204,48,136,-88
116900206,15,4,11
116900207,29,38,-9
116900208,7,46,-39
116900209,12,40,-28
116900210,604,334,270
116900211,311,4,307
116900212,144,26,118
116900213,250,102,148
116900214,269,175,94
116900215,94,30,64
116900216,365,127,238
116900218,2,156,-154
116900219,827,247,580
116900220,182,304,-122
116900221,166,313,-147
116900222,430,333,97
116900223,140,263,-123
116900226,240,30,210
116900227,169,35,134
116900228,421,136,285
116900230,67,150,-83
116900231,60,182,-122
116900232,24,201,-177
116900233,460,98,362
116900234,42,7,35
116900235,110,227,-117
116900238,1085,269,816
116900239,13,1422,-1409
116900240,3222,3291,-69
116900241,213,74,139
116900242,263,865,-602
116900243,5,62,-57
116900245,68,60,8
116900246,135,5,130
116900247,956,36,920
116900248,121,52,69
116900249,621,50,571
116900250,583,39,544
116900251,314,940,-626
116900252,152,357,-205
116900253,155,40,115
116900254,58,66,-8
116900255,126,124,2
116900256,621,134,487
116900257,30,185,-155
116900258,3,97,-94
116900259,322,17,305
116900260,3,40,-37
116900261,131,5,126
116900262,231,125,106
116900263,1,15,-14
116900264,0,7,-7
116900265,68,3,65
116900266,26,37,-11
116900267,10,0,10
116900268,261,184,77
116900269,350,787,-437
116900271,682,376,306
116900272,293,286,7
116900273,61,148,-87
116900274,143,28,115
116900275,246,65,181
116900276,396,181,215
116900277,265,57,208
116900278,0,8,-8
116900279,0,13,-13
116900280,69,13,56
116900281,3585,6375,-2790
116900282,3,34,-31
116900283,2,37,-35
116900284,18,118,-100
116900285,103,205,-102
116900286,116,21,95
116900287,3,20,-17
116900288,142,77,65
116900289,20,2,18
116900290,12,7,5
116900291,34,4,30
116900292,0,15,-15
116900293,134,10,124
116900294,23,122,-99
116900295,77,161,-84
116900296,28,59,-31
116900297,0,48,-48
116900298,60,81,-21
116900299,11,122,-111
116900300,4,169,-165
116900301,16,169,-153
116900302,355,1018,-663
116900303,66,84,-18
116900304,0,166,-166
116900305,23,44,-21
116900306,282,62,220
117000001,3554,2236,1318
117000002,1884,3534,-1650
117000003,6218,3237,2981
117000004,2405,3704,-1299
117000005,3106,2090,1016
117000006,1047,1932,-885
117000007,5488,1271,4217
117000008,886,2182,-1296
117000009,4649,1995,2654
117000010,1723,2358,-635
117000011,3002,1610,1392
117000012,1449,835,614
117000013,2159,996,1163
117000014,1341,2133,-792
117000015,3124,1448,1676
117000016,172,212,-40
117000017,84,208,-124
117000018,155,1194,-1039
117000019,55,2,53
117000020,400,2245,-1845
117000021,975,253,722
117000022,212,318,-106
117000023,75,224,-149
117000024,176,438,-262
117000025,303,1485,-1182
117000026,1834,2047,-213
117000027,632,1976,-1344
117000028,765,1703,-938
117000030,92,86,6
117000032,1216,1272,-56
117000033,1731,1601,130
117000034,208,76,132
117000036,183,84,99
117000038,99,202,-103
117000039,34,56,-22
117000040,199,634,-435
117000041,1437,171,1266
117000044,14,385,-371
117000045,559,166,393
117000046,348,680,-332
117000047,837,800,37
117000048,1457,606,851
117000049,93,784,-691
117000050,185,918,-733
117000051,3302,95,3207
117000052,75,252,-177
117000053,866,45,821
117000054,2103,10,2093
117000055,8,2072,-2064
117000056,892,31,861
117000057,465,2039,-1574
117000060,502,1095,-593
117000061,2522,1216,1306
117000062,251,532,-281
117000063,2185,1214,971
117000064,346,536,-190
117000066,714,676,38
117000067,94,803,-709
117000074,79,167,-88
117000076,73,42,31
117000077,138,181,-43
117000078,126,452,-326
117000079,507,261,246
117000080,1,356,-355
117000081,1032,154,878
117000082,11,69,-58
117000083,159,9,150
117000084,173,3,170
117000085,412,897,-485
117000086,895,324,571
117000087,74,522,-448
117000088,384,134,250
117000089,2351,197,2154
117000090,387,830,-443
117000091,1224,273,951
117000092,497,853,-356
117000093,1985,679,1306
117000094,1154,1556,-402
117000095,4641,890,3751
117000096,719,1576,-857
117000097,2373,970,1403
117000098,1840,2623,-783
117000099,5386,1209,4177
117000100,288,333,-45
117000101,131,629,-498
117000102,2659,756,1903
117000103,650,1107,-457
117000104,2119,646,1473
117000105,782,1133,-351
117000106,2049,706,1343
117000107,513,1205,-692
117000108,2816,1057,1759
117000109,1017,1702,-685
117000110,2145,1548,597
117000111,3903,3770,133
117000112,4244,1629,2615
117000113,120,140,-20
117000114,290,118,172
117000115,93,68,25
117000116,163,167,-4
117000117,1710,1449,261
117000118,317,158,159
117000119,199,397,-198
117000120,120,980,-860
117000121,23,1111,-1088
117000122,178,812,-634
117000123,1835,58,1777
117000124,156,200,-44
117000125,141,285,-144
117000126,33,53,-20
117000127,127,504,-377
117000128,120,963,-843
117000129,123,142,-19
117000130,46,1,45
117000131,1,68,-67
117000132,3887,77,3810
117000133,2886,47,2839
117000134,0,63,-63
117000135,1,153,-152
117000136,0,40,-40
117000137,226,213,13
117000138,3,704,-701
117000140,438,1216,-778
117000141,2711,548,2163
117000181,331,152,179
117000182,806,1224,-418
117000195,171,620,-449
117000196,441,208,233
117000225,46,92,-46
117000226,14,122,-108
117000276,457,18,439
117000277,0,203,-203
117000310,1439,2291,-852
117000315,124,539,-415
117000320,38,0,38
117000906,546,13,533
117000907,13,126,-113
117000908,3,180,-177
117000909,80,40,40
117000910,329,175,154
117000911,61,145,-84
117000915,3,272,-269
117000916,70,3,67
117000917,1760,46,1714
117000918,88,47,41
117000919,21,27,-6
117000920,0,734,-734
117000921,1,573,-572
117000922,21,47,-26
117000924,924,643,281
117000926,408,150,258
117000927,359,1349,-990
117000928,0,78,-78
117000929,332,144,188
117000930,272,8,264
117000931,131,156,-25
117900002,64,587,-523
117900003,301,382,-81
117900005,4,87,-83
117900006,0,36,-36
117900007,146,68,78
117900008,0,17,-17
117900010,411,70,341
117900011,29,336,-307
117900012,93,62,31
117900013,2,91,-89
117900014,421,85,336
117900015,11,41,-30
117900016,819,1208,-389
117900017,762,195,567
117900018,173,397,-224
117900019,854,148,706
117900020,56,451,-395
117900021,25,42,-17
117900022,24,12,12
117900023,1231,82,1149
117900024,64,31,33
117900025,24,7,17
117900026,529,91,438
117900028,34,14,20
117900029,348,458,-110
117900030,609,277,332
117900031,129,191,-62
117900032,1300,732,568
117900033,487,410,77
117900034,42,16,26
117900035,270,132,138
117900036,324,281,43
117900037,282,81,201
117900038,33,120,-87
117900039,0,33,-33
117900040,126,164,-38
117900041,2,40,-38
117900042,2766,391,2375
117900043,10,29,-19
117900044,39,4161,-4122
117900045,222,184,38
117900048,490,124,366
117900049,313,330,-17
117900050,9,178,-169
117900051,22,7,15
117900052,58,522,-464
117900053,2006,281,1725
117900054,4,14,-10
117900055,613,150,463
117900056,31,10,21
117900057,671,1031,-360
117900058,116,977,-861
117900059,133,110,23
117900060,3129,2413,716
117900061,15,259,-244
117900063,478,183,295
117900065,408,884,-476
117900066,21,98,-77
117900067,848,141,707
117900069,1048,280,768
117900070,82,132,-50
117900071,127,110,17
117900073,832,177,655
117900074,65,240,-175
117900075,101,72,29
117900076,7,41,-34
117900077,701,175,526
117900078,430,980,-550
117900080,135,36,99
117900081,301,318,-17
117900082,700,426,274
117900083,548,251,297
117900086,146,23,123
117900087,168,38,130
117900088,1612,1479,133
117900089,2912,759,2153
117900090,492,306,186
117900091,86,84,2
117900092,114,15,99
117900093,164,56,108
117900094,42,38,4
117900095,398,195,203
117900096,138,167,-29
117900097,360,54,306
117900098,37,15,22
117900099,248,315,-67
117900100,518,2,516
117900101,616,2591,-1975
117900102,87,47,40
117900103,84,3,81
117900104,4,123,-119
117900105,84,167,-83
117900106,131,31,100
117900107,67,2,65
117900109,1082,411,671
117900110,185,3,182
117900111,424,29,395
117900112,76,18,58
117900113,1305,2080,-775
117900114,48,1,47
117900115,66,121,-55
117900116,751,735,16
117900117,996,247,749
117900118,165,15,150
117900119,262,46,216
117900120,387,34,353
117900121,153,50,103
117900122,1061,5799,-4738
117900123,871,350,521
117900124,499,548,-49
117900125,1685,1722,-37
117900126,109,366,-257
117900127,560,329,231
117900128,471,320,151
117900129,83,1,82
117900130,745,266,479
117900131,9,75,-66
117900132,11,84,-73
117900133,10,56,-46
117900134,67,243,-176
117900135,20,133,-113
117900136,0,21,-21
117900137,28,193,-165
117900138,0,17,-17
117900139,160,88,72
117900140,2545,446,2099
117900141,120,162,-42
117900142,44,135,-91
117900144,39,548,-509
117900145,23,67,-44
117900146,106,299,-193
117900147,71,43,28
117900148,1954,2092,-138
117900149,119,96,23
117900150,45,51,-6
117900151,50,65,-15
117900152,69,114,-45
117900153,18,130,-112
117900154,584,436,148
117900156,519,573,-54
117900157,68,463,-395
117900158,352,150,202
117900160,994,950,44
117900161,1614,1537,77
117900162,795,449,346
117900163,23,375,-352
117900165,0,17,-17
117900166,76,492,-416
117900168,23,120,-97
117900169,0,69,-69
117900170,1,29,-28
117900171,4,28,-24
117900172,22,17,5
117900173,84,119,-35
117900174,27,41,-14
117900175,3,22,-19
117900176,16,16,0
117900177,25,22,3
117900178,56,43,13
117900180,236,36,200
117900181,63,666,-603
117900182,2,56,-54
117900183,107,170,-63
117900184,28,45,-17
117900185,118,55,63
117900186,88,17,71
117900187,53,4,49
117900188,193,45,148
117900189,85,31,54
117900190,38,1,37
117900191,138,0,138
117900192,238,4,234
117900193,43,47,-4
117900194,14,6,8
117900195,13,76,-63
117900196,31,23,8
117900207,149,144,5
117900208,37,34,3
117900209,124,113,11
117900210,147,138,9
117900211,6,103,-97
117900212,125,117,8
117900213,49,10,39
117900214,11,17,-6
117900216,2,88,-86
117900217,39,418,-379
117900218,212,185,27
117900219,3,212,-209
117900220,52,150,-98
117900221,10,25,-15
118000001,850,1422,-572
118000002,536,1573,-1037
118000003,1916,3874,-1958
118000004,1505,2064,-559
118000005,2769,5390,-2621
118000006,2398,7176,-4778
118000007,4070,4952,-882
118000008,1463,3345,-1882
118000009,1521,3033,-1512
118000010,5689,4002,1687
118000011,1979,1682,297
118000012,998,1249,-251
118000013,2148,1765,383
118000014,1719,1285,434
118000016,321,235,86
118000017,749,423,326
118000018,414,344,70
118000019,1464,1959,-495
118000020,749,3667,-2918
118000021,543,3563,-3020
118000022,1060,954,106
118000023,547,245,302
118000024,774,1842,-1068
118000025,329,1761,-1432
118000027,7011,10495,-3484
118000029,460,949,-489
118000032,364,3995,-3631
118000033,2600,7118,-4518
118000034,3629,3178,451
118000035,2314,3399,-1085
118000036,850,1202,-352
118000037,724,1006,-282
118000038,360,103,257
118000039,98,154,-56
118000040,1733,1292,441
118000041,2806,1315,1491
118000045,233,180,53
118000046,917,1047,-130
118000047,645,2035,-1390
118000048,1384,1976,-592
118000051,1951,5441,-3490
118000052,1277,2782,-1505
118000053,275,711,-436
118000054,2432,965,1467
118000055,2101,1608,493
118000056,163,599,-436
118000057,183,346,-163
118000058,2250,5292,-3042
118000059,1784,3024,-1240
118000060,1461,572,889
118000061,1274,1063,211
118000062,532,330,202
118000063,418,1187,-769
118000064,757,1262,-505
118000065,1993,1400,593
118000066,1163,2338,-1175
118000067,365,613,-248
118000068,973,5796,-4823
118000069,1612,1099,513
118000070,3719,1801,1918
118000071,2746,7066,-4320
118000072,798,1482,-684
118000073,577,821,-244
118000074,656,342,314
118000075,578,294,284
118000076,1313,3229,-1916
118000077,990,1227,-237
118000078,1740,3010,-1270
118000079,195,522,-327
118000080,634,816,-182
118000081,1619,1574,45
118000082,245,1311,-1066
118000083,1265,1821,-556
118000084,2311,2264,47
118000086,219,534,-315
118000087,2982,2285,697
118000088,1334,1413,-79
118000089,3770,2696,1074
118000090,984,2849,-1865
118000091,908,3468,-2560
118000092,833,518,315
118000093,90,751,-661
118000096,389,628,-239
118000097,670,726,-56
118000098,259,172,87
118000099,872,559,313
118000101,1510,316,1194
118000102,553,752,-199
118000107,1209,467,742
118000108,656,3509,-2853
118000110,0,46,-46
118000111,0,78,-78
118000112,793,1,792
118000113,5,173,-168
118000114,571,8,563
118000115,13,6,7
118000116,19,1,18
118000117,632,574,58
118000118,912,1390,-478
118000119,960,1340,-380
118000120,1239,867,372
118000121,28,545,-517
118000122,686,223,463
118000123,80,254,-174
118000125,1032,697,335
118000126,585,1728,-1143
118000127,1472,688,784
118000128,392,1088,-696
118000129,1116,442,674
118000130,1559,2191,-632
118000131,259,330,-71
118000132,3217,2431,786
118000133,1290,467,823
118000135,585,559,26
118000136,151,402,-251
118000137,487,141,346
118000138,497,310,187
118000139,589,59,530
118000140,2919,7354,-4435
118000141,2859,1755,1104
118000142,2288,1533,755
118000143,3103,1205,1898
118000144,941,593,348
118000145,1799,1021,778
118000146,1633,514,1119
118000147,1231,1179,52
118000148,566,1119,-553
118000149,1141,1030,111
118000150,599,227,372
118000151,967,355,612
118000153,2037,997,1040
118000154,1644,1576,68
118000155,2419,1278,1141
118000156,2245,3075,-830
118000157,815,350,465
118000158,256,482,-226
118000159,39,126,-87
118000160,784,348,436
118000161,837,488,349
118000162,1761,875,886
118000163,1223,831,392
118000164,2017,1453,564
118000168,669,1206,-537
118000169,875,812,63
118000170,2881,2698,183
118000171,437,417,20
118000172,74,181,-107
118000173,1074,1618,-544
118000175,353,440,-87
118000176,415,621,-206
118000177,518,743,-225
118000178,29,70,-41
118000179,992,1435,-443
118000180,826,730,96
118000181,798,305,493
118000182,253,281,-28
118000183,291,364,-73
118000184,1257,603,654
118000185,1021,1870,-849
118000186,800,1536,-736
118000187,2139,454,1685
118000188,765,92,673
118000189,886,364,522
118000190,7,19,-12
118000191,28,29,-1
118000192,26,120,-94
118000193,18,220,-202
118000194,1208,789,419
118000195,229,1526,-1297
118000196,157,260,-103
118000197,68,152,-84
118000198,315,736,-421
118000199,284,486,-202
118000200,89,310,-221
118000201,329,551,-222
118000202,59,88,-29
118000203,311,722,-411
118000204,44,437,-393
118000205,111,304,-193
118000206,297,235,62
118000207,0,62,-62
118000208,1500,1499,1
118000209,2988,1190,1798
118000210,148,26,122
118000211,39,36,3
118000213,684,4249,-3565
118000214,373,588,-215
118000215,426,110,316
118000216,4150,1536,2614
118000217,21,35,-14
118000218,132,44,88
118000219,316,191,125
118000220,2,41,-39
118000221,421,393,28
118000222,58,8,50
118000223,66,44,22
118000224,132,55,77
118000225,109,481,-372
118000226,1186,165,1021
118000227,517,404,113
118000228,101,299,-198
118000229,71,148,-77
118000230,141,124,17
118000231,54,194,-140
118000232,994,413,581
118000233,1407,654,753
118000234,536,215,321
118000236,475,278,197
118000237,111,246,-135
118000238,328,114,214
118000239,329,264,65
118000240,220,150,70
118000241,202,123,79
118000242,464,263,201
118000243,296,151,145
118000244,74,75,-1
118000246,2,43,-41
118000255,51,183,-132
118000256,153,177,-24
118000259,28,91,-63
118000260,264,67,197
118000261,44,48,-4
118000263,117,131,-14
118000266,158,213,-55
118000267,0,156,-156
118000268,198,3,195
118000270,103,6,97
118000271,177,158,19
118000272,99,28,71
118000273,341,78,263
118000274,111,258,-147
118000276,656,325,331
118000295,19,153,-134
118000298,169,179,-10
118000299,54,95,-41
118000301,0,70,-70
118000302,133,35,98
118000311,909,60,849
118000312,483,130,353
118000313,72,91,-19
118000314,201,30,171
118000315,60,22,38
118000316,893,373,520
118000325,69,18,51
118000326,100,16,84
118000331,56,30,26
118000332,14,19,-5
118000333,25,63,-38
118000335,500,0,500
118000336,0,94,-94
118000407,389,40,349
118000457,6,44,-38
118000465,1085,3896,-2811
118000480,31,30,1
118000489,8,526,-518
118000490,2,140,-138
118000492,287,171,116
118000510,44,15,29
118000514,46,343,-297
118000515,700,937,-237
118000517,330,125,205
118000524,187,410,-223
118000525,608,665,-57
118000530,30,76,-46
118000531,453,348,105
118000532,297,247,50
118000533,253,131,122
118000534,697,352,345
118000535,400,147,253
118000536,140,1249,-1109
118000537,44,175,-131
118000538,19,89,-70
118000539,19,118,-99
118000540,245,163,82
118000541,156,70,86
118000542,153,250,-97
118000543,246,258,-12
118000546,75,30,45
118000560,1239,2695,-1456
118000562,42,85,-43
118000563,1234,1018,216
118000576,164,99,65
118000577,151,112,39
118000578,96,68,28
118000579,432,1245,-813
118000595,264,71,193
118000596,0,188,-188
118000597,96,75,21
118000598,33,1,32
118000599,139,37,102
118000600,4,20,-16
118000601,18,0,18
118000602,0,11,-11
118000603,1,6,-5
118900001,335,1199,-864
118900002,695,986,-291
118900003,601,7,594
118900004,52,29,23
118900005,93,6,87
118900006,167,8,159
118900007,16,2,14
118900008,1264,93,1171
118900009,102,75,27
118900010,76,7,69
118900011,156,14,142
118900012,467,202,265
118900013,466,292,174
118900015,322,59,263
118900016,9,9,0
118900017,85,284,-199
118900018,1051,50,1001
118900019,11,10,1
118900020,82,203,-121
118900021,178,325,-147
118900022,194,93,101
118900023,142,82,60
118900024,120,180,-60
118900025,39,30,9
118900026,91,60,31
118900027,372,124,248
118900028,208,193,15
118900029,266,438,-172
118900030,673,33,640
118900031,193,56,137
118900032,295,105,190
118900033,355,503,-148
118900034,226,23,203
118900035,123,85,38
118900036,1251,710,541
118900037,341,396,-55
118900038,548,108,440
118900039,730,107,623
118900040,276,175,101
118900041,701,136,565
118900042,196,82,114
118900045,301,134,167
118900046,545,297,248
118900047,423,246,177
118900048,77,338,-261
118900049,68,56,12
118900050,50,10,40
118900051,53,103,-50
118900052,276,348,-72
118900053,30,85,-55
118900054,179,23,156
118900055,170,32,138
118900056,45,384,-339
118900057,1150,450,700
118900058,461,306,155
118900059,21,74,-53
118900060,36,76,-40
118900062,428,118,310
118900064,209,742,-533
118900065,108,137,-29
118900066,83,63,20
118900067,2316,5127,-2811
118900068,11,192,-181
118900069,582,177,405
118900071,9,50,-41
118900072,511,349,162
118900073,186,143,43
118900074,156,81,75
118900075,78,36,42
118900076,211,174,37
118900077,429,215,214
118900078,14,2,12
118900079,41,88,-47
118900080,45,58,-13
118900081,64,50,14
118900082,1592,153,1439
118900083,27,4,23
118900084,10,13,-3
118900085,715,496,219
118900086,41,122,-81
118900087,61,393,-332
118900088,0,1,-1
118900089,9,31,-22
118900090,795,227,568
118900091,180,215,-35
118900092,347,44,303
118900093,74,9,65
118900096,45,15,30
118900097,359,529,-170
118900099,99,319,-220
118900100,88,113,-25
118900101,247,285,-38
118900102,60,90,-30
118900103,51,189,-138
118900104,426,107,319
118900105,304,91,213
118900107,139,72,67
118900108,153,111,42
118900109,392,461,-69
118900110,1058,1024,34
118900111,620,336,284
118900112,115,115,0
118900113,84,222,-138
118900114,8,77,-69
118900115,99,403,-304
118900116,122,195,-73
118900117,180,166,14
118900118,356,209,147
118900119,116,174,-58
118900120,73,330,-257
118900121,41,82,-41
118900122,7,1361,-1354
118900123,145,178,-33
118900124,146,105,41
118900126,27,494,-467
118900129,296,247,49
118900130,35,180,-145
118900131,231,211,20
118900132,357,185,172
118900133,4,136,-132
118900135,205,225,-20
118900136,282,372,-90
118900137,4,69,-65
118900139,217,130,87
118900140,573,489,84
118900141,107,76,31
118900144,154,230,-76
118900145,47,67,-20
118900146,455,687,-232
118900147,86,155,-69
118900148,78,59,19
118900150,118,547,-429
118900152,656,510,146
118900157,64,191,-127
118900158,174,43,131
118900159,3,81,-78
118900161,47,10,37
118900163,53,76,-23
118900164,4,51,-47
118900165,122,83,39
118900166,44,1,43
118900167,128,63,65
118900168,34,294,-260
118900169,137,116,21
118900170,330,40,290
118900171,52,64,-12
118900174,84,70,14
118900175,644,413,231
118900176,225,268,-43
118900177,129,47,82
118900178,92,226,-134
118900179,13,30,-17
118900181,114,97,17
118900182,116,93,23
118900183,29,177,-148
118900184,263,93,170
118900185,139,56,83
118900186,81,78,3
118900187,304,316,-12
118900188,357,194,163
118900189,60,1011,-951
118900190,26,177,-151
118900191,223,37,186
118900192,386,9,377
118900193,775,3,772
118900195,206,388,-182
118900196,37,133,-96
118900197,291,30,261
118900198,41,6,35
118900199,110,22,88
118900200,17,37,-20
118900201,37,52,-15
118900202,5,40,-35
118900203,24,6,18
118900204,24,14,10
118900205,5,8,-3
118900206,7,7,0
119000001,1696,2816,-1120
119000002,4561,5575,-1014
119000003,3824,866,2958
119000004,2617,1661,956
119000005,2276,2589,-313
119000006,3623,1711,1912
119000007,4384,3506,878
119000008,2059,1414,645
119000009,3759,5937,-2178
119000010,4621,4103,518
119000011,2939,2921,18
119000012,1444,3413,-1969
119000013,3528,2125,1403
119000014,1494,2381,-887
119000019,300,184,116
119000020,3141,1562,1579
119000021,6168,3385,2783
119000022,1570,4232,-2662
119000023,259,213,46
119000024,2351,15107,-12756
119000025,3722,1130,2592
119000026,76,515,-439
119000027,185,378,-193
119000028,1660,580,1080
119000029,88,360,-272
119000030,574,786,-212
119000031,842,514,328
119000032,6260,2557,3703
119000033,2540,1247,1293
119000034,1217,847,370
119000035,34,204,-170
119000036,2645,632,2013
119000037,1714,1021,693
119000038,272,504,-232
119000039,533,328,205
119000040,541,706,-165
119000041,565,1178,-613
119000048,2408,1745,663
119000049,2278,1435,843
119000050,1393,1213,180
119000051,2094,958,1136
119000052,1847,2412,-565
119000053,1960,964,996
119000054,3712,1673,2039
119000055,6084,2335,3749
119000056,3603,1926,1677
119000057,1787,1250,537
119000058,1848,1133,715
119000059,1369,1075,294
119000060,1872,1074,798
119000061,1797,589,1208
119000062,1210,1256,-46
119000063,822,489,333
119000064,1093,1496,-403
119000065,1929,4959,-3030
119000066,2577,1461,1116
119000067,2569,1757,812
119000068,1987,908,1079
119000069,2100,2645,-545
119000070,3432,719,2713
119000071,494,894,-400
119000072,5711,5946,-235
119000073,4610,10034,-5424
119000074,1675,1610,65
119000075,4309,2418,1891
119000076,234,3546,-3312
119000077,686,1441,-755
119000078,435,425,10
119000079,167,1530,-1363
119000080,716,361,355
119000081,383,1749,-1366
119000082,1097,371,726
119000083,807,440,367
119000084,359,714,-355
119000085,1515,174,1341
119000086,325,476,-151
119000087,1224,529,695
119000088,396,188,208
119000089,100,204,-104
119000090,206,116,90
119000091,101,378,-277
119000092,622,171,451
119000093,3785,2050,1735
119000094,4013,4709,-696
119000095,2490,2684,-194
119000097,1659,1035,624
119000098,1280,3699,-2419
119000099,2378,1194,1184
119000100,5057,3471,1586
119000101,4381,2894,1487
119000102,722,1555,-833
119000103,1381,1031,350
119000104,1462,762,700
119000105,1034,2703,-1669
119000106,398,556,-158
119000107,1366,578,788
119000108,422,473,-51
119000109,178,2558,-2380
119000110,445,2946,-2501
119000111,62,1250,-1188
119000112,181,662,-481
119000113,2015,740,1275
119000114,1489,1213,276
119000115,173,164,9
119000116,81,156,-75
119000117,203,412,-209
119000118,5,0,5
119000123,3350,3053,297
119000124,944,151,793
119000125,5388,532,4856
119000126,1058,358,700
119000127,862,379,483
119000128,23,3,20
119000131,1185,315,870
119000132,3,4,-1
119000133,1,5,-4
119000134,1492,563,929
119000135,241,374,-133
119000136,459,98,361
119000137,500,193,307
119000138,851,117,734
119000139,419,119,300
119000140,460,487,-27
119000284,1015,1949,-934
119000285,1654,1528,126
119000286,5078,3598,1480
119000287,1261,1488,-227
119000288,2153,832,1321
119000289,1389,1837,-448
119000290,237,288,-51
119000291,15,175,-160
119000293,168,225,-57
119000294,55,33,22
119000295,1000,217,783
119000296,360,190,170
119000302,1461,1225,236
119000303,29,161,-132
119000314,1427,12591,-11164
119000315,0,165,-165
119000316,202,68,134
119000317,189,132,57
119900001,221,1502,-1281
119900002,149,158,-9
119900003,25,457,-432
119900004,206,2139,-1933
119900005,272,56,216
119900006,237,468,-231
119900007,971,354,617
119900008,45,52,-7
119900009,663,463,200
119900010,1206,2972,-1766
119900011,27,250,-223
119900012,9,141,-132
119900013,2257,2566,-309
119900014,536,653,-117
119900015,195,39,156
119900016,81,62,19
119900017,50,32,18
119900018,1531,1533,-2
119900019,76,13,63
119900020,155,192,-37
119900021,198,92,106
119900022,98,1334,-1236
119900023,320,2414,-2094
119900025,365,26,339
119900026,486,188,298
119900027,32,16,16
119900028,237,203,34
119900029,7,6,1
119900030,580,263,317
119900031,115,810,-695
119900033,2987,462,2525
119900034,745,85,660
119900037,224,16,208
119900038,73,530,-457
119900039,45,19,26
119900040,168,63,105
119900041,212,25,187
119900042,72,80,-8
119900043,146,121,25
119900044,221,1190,-969
119900046,246,47,199
119900047,512,156,356
119900048,70,8,62
119900049,182,7,175
119900050,225,202,23
119900051,1485,23,1462
119900052,132,18,114
119900053,275,100,175
119900054,310,21,289
119900055,1568,459,1109
119900057,476,65,411
119900058,441,19,422
119900059,100,28,72
119900060,420,39,381
119900061,540,2,538
119900062,183,21,162
119900063,15,71,-56
119900064,804,88,716
119900065,312,15,297
119900066,1,1,0
119900067,138,22,116
119900068,847,7,840
119900069,180,12,168
119900070,1974,24,1950
119900071,1174,46,1128
119900072,478,285,193
119900073,1028,456,572
119900074,38,28,10
119900075,2122,2349,-227
119900076,1161,271,890
119900077,1359,417,942
119900078,778,502,276
119900079,430,127,303
119900080,371,299,72
119900081,132,26,106
119900082,2332,253,2079
119900083,379,119,260
119900084,553,296,257
119900085,35,39,-4
119900086,306,483,-177
119900087,676,423,253
119900088,32,35,-3
119900089,36,229,-193
119900090,87,29,58
119900091,95,312,-217
119900092,88,335,-247
119900093,1474,248,1226
119900094,42,162,-120
119900095,142,111,31
119900096,39,66,-27
119900097,380,208,172
119900098,59,71,-12
119900099,47,147,-100
119900100,1022,3189,-2167
119900101,159,2190,-2031
119900102,70,123,-53
119900103,54,138,-84
119900104,28,158,-130
119900105,1029,12345,-11316
119900106,15,104,-89
119900107,244,1296,-1052
119900108,8523,665,7858
119900109,31,133,-102
119900110,1179,368,811
119900111,248,160,88
119900112,841,661,180
119900113,64,204,-140
119900114,382,612,-230
119900115,691,436,255
119900116,146,416,-270
119900117,496,390,106
119900118,208,301,-93
119900119,332,141,191
119900120,638,638,0
119900121,530,372,158
119900122,216,268,-52
119900123,217,393,-176
119900124,349,370,-21
119900125,36,165,-129
119900126,5622,265,5357
119900127,1050,683,367
119900128,597,347,250
119900129,395,179,216
119900130,13,145,-132
119900131,42,83,-41
119900132,2,104,-102
119900133,128,71,57
119900134,783,141,642
119900135,0,178,-178
119900136,133,225,-92
119900138,256,410,-154
119900139,26,125,-99
119900140,1,87,-86
119900141,57,911,-854
119900142,21,41,-20
119900143,32,435,-403
119900144,1013,254,759
119900145,83,122,-39
119900146,209,175,34
119900147,3,138,-135
119900148,399,71,328
119900149,631,6114,-5483
119900150,136,115,21
119900151,2049,993,1056
119900152,175,125,50
119900153,248,50,198
119900154,37,120,-83
119900155,68,27,41
119900156,15,9,6
119900157,206,152,54
119900158,436,66,370
119900159,3,536,-533
119900160,44,70,-26
119900161,120,87,33
119900162,1213,1459,-246
119900163,78,145,-67
119900164,0,3,-3
119900165,187,85,102
119900166,154,70,84
119900167,20,66,-46
119900168,1366,594,772
119900169,31,273,-242
119900170,172,279,-107
119900171,885,335,550
119900172,119,34,85
119900173,8,166,-158
119900174,1,110,-109
119900175,2046,527,1519
119900177,19,147,-128
119900178,4,102,-98
119900179,171,869,-698
119900180,1307,1079,228
119900181,53,143,-90
119900182,7,149,-142
119900183,120,603,-483
119900184,944,364,580
119900185,63,279,-216
119900186,34,1570,-1536
119900187,19,170,-151
119900188,138,250,-112
119900189,309,384,-75
119900190,95,383,-288
119900191,208,365,-157
119900192,84,151,-67
119900193,604,114,490
119900194,37,81,-44
119900195,41,123,-82
119900196,529,237,292
119900197,361,165,196
119900198,160,213,-53
119900199,176,29,147
119900200,678,556,122
119900201,280,222,58
119900202,98,329,-231
119900203,245,596,-351
119900204,465,217,248
119900205,1052,255,797
119900206,374,107,267
119900208,217,220,-3
119900209,639,1875,-1236
119900210,70,18,52
119900211,114,10,104
119900212,421,266,155
119900213,14,82,-68
119900214,83,40,43
119900215,42,35,7
119900216,20,25,-5
119900217,12,22,-10
119900218,11,61,-50
119900219,5,42,-37
119900220,11,44,-33
119900221,42,102,-60
119900222,26,66,-40
119900223,18,42,-24
119900224,22,25,-3
119900225,438,30,408
119900226,259,2112,-1853
119900227,461,333,128
119900228,24,231,-207
119900229,231,352,-121
119900230,994,315,679
119900231,354,109,245
119900232,280,183,97
119900233,96,11,85
119900234,25,100,-75
119900235,23,43,-20
119900236,13,162,-149
119900237,77,701,-624
119900238,2,50,-48
119900240,141,64,77
119900241,171,138,33
119900242,1466,1505,-39
119900244,747,1254,-507
119900245,153,197,-44
119900246,281,586,-305
119900247,43,138,-95
119900248,94,427,-333
119900249,439,180,259
119900253,1230,418,812
119900254,110,1076,-966
119900255,165,1199,-1034
119900256,1314,444,870
119900257,127,6,121
119900258,393,15,378
119900259,5,69,-64
119900260,251,6,245
119900261,496,137,359
119900262,1,128,-127
119900263,1127,327,800
119900264,189,65,124
119900265,1127,232,895
119900266,622,166,456
119900267,256,422,-166
119900268,156,60,96
119900269,1831,661,1170
119900271,35,126,-91
119900272,442,407,35
119900275,185,62,123
119900276,75,4,71
119900277,19,14,5
119900278,166,120,46
119900279,108,340,-232
119900280,481,98,383
119900281,0,430,-430
119900282,67,197,-130
119900283,38,148,-110
119900284,43,121,-78
119900285,9,83,-74
119900286,2,16,-14
119900288,13,8,5
119900289,1,5,-4
119900290,4,11,-7
119900291,2,67,-65
119900292,45,81,-36
119900293,37,37,0
119900294,23,56,-33
119900295,18,13,5
119900296,68,74,-6
119900297,1,34,-33
119900298,5,23,-18
119900299,61,98,-37
119900300,309,207,102
119900301,80,149,-69
119900302,114,106,8
119900303,352,76,276
119900304,230,12,218
119900305,4,70,-66
119900306,29,2,27
119900307,86,51,35
119900308,8,15,-7
119900309,56,174,-118
119900310,292,256,36
119900311,134,30,104
119900312,176,92,84
119900313,326,272,54
119900314,312,365,-53
119900315,3342,1334,2008
119900318,15,51,-36
119900319,20,165,-145
119900320,297,347,-50
119900321,125,5,120
120000001,7818,22257,-14439
120000002,2739,2187,552
120000003,2354,1433,921
120000004,2383,1243,1140
120000005,2511,1703,808
120000006,1161,923,238
120000007,2693,3638,-945
120000008,934,1140,-206
120000009,1775,954,821
120000010,2117,2228,-111
120000011,1014,1287,-273
120000012,1658,2018,-360
120000013,3627,2678,949
120000014,761,1318,-557
120000015,2625,1420,1205
120000016,4546,2199,2347
120000017,3679,3097,582
120000018,3458,15668,-12210
120000019,1199,1591,-392
120000020,2837,4063,-1226
120000021,2075,2478,-403
120000022,2775,4086,-1311
120000023,1592,1722,-130
120000024,1209,2513,-1304
120000025,3004,1761,1243
120000026,3058,1767,1291
120000027,2770,2303,467
120000028,1251,5098,-3847
120000029,1137,4733,-3596
120000030,204,856,-652
120000031,2302,5389,-3087
120000032,5864,3361,2503
120000033,5151,1547,3604
120000034,3279,1243,2036
120000035,3770,2113,1657
120000036,4342,5836,-1494
120000037,654,1810,-1156
120000038,6460,3788,2672
120000039,833,876,-43
120000040,114,1288,-1174
120000041,678,1289,-611
120000042,2108,1364,744
120000043,5509,1133,4376
120000044,7027,1560,5467
120000045,8332,1000,7332
120000046,5411,3248,2163
120000047,585,7704,-7119
120000048,6854,4580,2274
120000049,4266,2975,1291
120000050,3914,3531,383
120000051,2665,3852,-1187
120000052,8058,1597,6461
120000053,1552,1418,134
120000054,1726,2571,-845
120000055,1861,3520,-1659
120000056,5665,3870,1795
120000057,4770,1878,2892
120000058,1618,3708,-2090
120000059,30,1785,-1755
120000061,106,331,-225
120000062,189,351,-162
120000063,841,2042,-1201
120000064,293,707,-414
120000065,478,992,-514
120000066,242,600,-358
120000067,36,505,-469
120000068,218,385,-167
120000069,557,393,164
120000070,106,312,-206
120000071,912,63,849
120000072,1199,348,851
120000073,1343,127,1216
120000074,133,209,-76
120000075,1367,436,931
120000076,3207,521,2686
120000077,2770,842,1928
120000078,3802,1469,2333
120000079,406,226,180
120000080,142,268,-126
120000081,347,143,204
120000082,326,235,91
120000083,81,871,-790
120000084,458,353,105
120000085,314,281,33
120000086,161,296,-135
120000087,225,275,-50
120000088,919,903,16
120000089,1463,560,903
120000090,898,357,541
120000091,1339,758,581
120000092,1580,529,1051
120000093,762,583,179
120000094,264,988,-724
120000095,1041,319,722
120000096,330,490,-160
120000098,1027,519,508
120000099,502,599,-97
120000100,946,682,264
120000101,876,392,484
120000102,795,1172,-377
120000103,1850,1033,817
120000104,2329,589,1740
120000105,3922,636,3286
120000106,3343,636,2707
120000107,5856,585,5271
120000108,1930,115,1815
120000109,1600,110,1490
120000110,81,805,-724
120000111,177,749,-572
120000112,862,1640,-778
120000113,513,1225,-712
120000114,751,1510,-759
120000115,326,1355,-1029
120000116,612,1354,-742
120000117,645,1090,-445
120000118,42,72,-30
120000119,21,54,-33
120000120,128,125,3
120000121,30,42,-12
120000122,224,616,-392
120000123,2790,9237,-6447
120000124,513,331,182
120000125,864,509,355
120000126,277,1127,-850
120000127,1411,1767,-356
120000128,2261,4708,-2447
120000129,222,269,-47
120000130,854,429,425
120000131,446,599,-153
120000134,380,422,-42
120000135,1229,645,584
120000137,331,443,-112
120000138,2074,260,1814
120000139,422,234,188
120000140,1667,259,1408
120000141,437,240,197
120000142,1079,417,662
120000143,0,66,-66
120000144,185,16,169
120000145,679,5,674
120000146,718,1040,-322
120000149,677,658,19
120000150,2446,11905,-9459
120000151,523,361,162
120000152,1085,139,946
120000153,605,448,157
120000154,586,503,83
120000155,180,298,-118
120000156,409,1626,-1217
120000157,1217,464,753
120000158,994,628,366
120000159,1961,1885,76
120000160,2579,1849,730
120000161,3181,2088,1093
120000162,81,260,-179
120000163,1049,613,436
120000164,916,222,694
120000165,826,352,474
120000166,1550,299,1251
120000167,572,465,107
120000168,66,1749,-1683
120000169,108,5334,-5226
120000170,92,3814,-3722
120000171,53,1153,-1100
120000172,28,783,-755
120000173,730,4604,-3874
120000174,133,64,69
120000175,98,88,10
120000176,84,97,-13
120000177,933,147,786
120000178,44,39,5
120000179,73,103,-30
120000180,208,145,63
120000181,241,3221,-2980
120000182,124,1159,-1035
120000183,21,1130,-1109
120000184,339,2724,-2385
120000186,66,1562,-1496
120000187,24,725,-701
120000188,62,1533,-1471
120000190,211,153,58
120000191,364,227,137
120000192,299,103,196
120000193,130,11,119
120000195,26,3,23
120000196,94,28,66
120000197,35,37,-2
120000198,359,47,312
120000199,264,0,264
120000200,290,1,289
120000201,18,47,-29
120000202,2,61,-59
120000203,138,156,-18
120000207,0,51,-51
120000208,11,152,-141
120000209,14,43,-29
120000210,42,49,-7
120000211,314,4,310
120000212,389,0,389
120000213,342,94,248
120000214,0,98,-98
120000215,1,74,-73
120000216,233,53,180
120000217,333,983,-650
120000218,65,520,-455
120000219,3,275,-272
120000220,2,771,-769
120000225,3143,9,3134
120000226,615,7,608
120000227,1101,138,963
120000228,17538,4312,13226
120000230,712,38,674
120000231,2185,1214,971
120000233,611,7,604
120000235,348,399,-51
120000236,1410,3,1407
120000237,4,715,-711
120000238,11,2012,-2001
120000241,1371,4136,-2765
120000412,300,9,291
120000413,360,107,253
120000414,227,4,223
120000415,1,31,-30
120000416,141,7,134
120000417,9,71,-62
120000418,369,17,352
120000419,7,95,-88
120000420,21,6,15
120000421,7136,4641,2495
120000422,91,1798,-1707
120000423,3,102,-99
120000424,220,92,128
120000436,130,859,-729
120000437,83,121,-38
120000438,1544,230,1314
120000439,291,713,-422
120000443,216,2,214
120000444,1882,327,1555
120000445,2093,975,1118
120000446,992,171,821
120000447,259,2,257
120000449,264,1,263
120000450,18,89,-71
120000451,129,283,-154
120000452,568,5,563
120000453,0,106,-106
120000454,56,75,-19
120000455,54,37,17
120000456,5966,4717,1249
120000457,589,387,202
120000458,571,523,48
120000459,157,102,55
120000665,490,390,100
120000668,129,5352,-5223
120000669,178,128,50
120000670,93,4196,-4103
120000671,2012,619,1393
120000672,62,424,-362
120900001,105,85,20
120900002,163,710,-547
120900003,242,21,221
120900004,14,206,-192
120900005,18,321,-303
120900006,709,287,422
120900007,283,49,234
120900008,608,602,6
120900009,250,16,234
120900010,716,207,509
120900011,92,287,-195
120900012,120,1515,-1395
120900013,457,167,290
120900014,2,244,-242
120900015,989,117,872
120900016,1482,65,1417
120900017,2119,83,2036
120900018,287,260,27
120900019,710,529,181
120900020,639,1545,-906
120900021,1185,307,878
120900022,12,230,-218
120900023,410,25,385
120900024,1957,562,1395
120900025,1240,978,262
120900026,185,139,46
120900027,884,14,870
120900028,717,191,526
120900029,76,844,-768
120900030,2239,1036,1203
120900031,424,162,262
120900032,1779,102,1677
120900033,1546,155,1391
120900034,34,3066,-3032
120900035,86,157,-71
120900037,456,12,444
120900038,88,534,-446
120900039,137,90,47
120900040,511,7,504
120900041,63,34,29
120900042,988,31,957
120900043,107,48,59
120900044,22,494,-472
120900045,164,73,91
120900046,834,8,826
120900047,178,243,-65
120900048,230,67,163
120900049,839,7,832
120900050,1131,2455,-1324
120900051,477,74,403
120900052,923,6,917
120900053,628,39,589
120900054,1217,399,818
120900055,622,8,614
120900056,937,57,880
120900057,300,23,277
120900058,1043,4,1039
120900059,170,6,164
120900060,114,25,89
120900061,221,223,-2
120900062,321,6,315
120900063,1102,21,1081
120900064,1140,2,1138
120900065,966,5,961
120900066,722,173,549
120900067,277,87,190
120900068,515,2,513
120900069,449,21,428
120900071,49,0,49
120900072,1309,10,1299
120900073,1108,85,1023
120900074,1224,21,1203
120900076,590,0,590
120900077,1701,324,1377
120900078,1307,505,802
120900079,1423,105,1318
120900080,1282,657,625
120900081,1760,517,1243
120900082,366,505,-139
120900083,155,24,131
120900084,688,740,-52
120900085,73,89,-16
120900086,71,474,-403
120900087,719,389,330
120900088,272,772,-500
120900089,1923,4089,-2166
120900090,345,25,320
120900091,614,1134,-520
120900092,536,273,263
120900093,980,127,853
120900094,245,165,80
120900095,409,18,391
120900096,87,170,-83
120900097,699,440,259
120900098,125,163,-38
120900099,82,95,-13
120900100,36,192,-156
120900101,296,166,130
120900102,97,44,53
120900103,105,230,-125
120900104,9,105,-96
120900105,52,204,-152
120900106,697,296,401
120900107,169,172,-3
120900108,9,215,-206
120900109,60,315,-255
120900110,18,246,-228
120900111,206,268,-62
120900112,33,290,-257
120900113,25,388,-363
120900114,34,80,-46
120900115,122,224,-102
120900116,592,195,397
120900117,5,186,-181
120900118,29,325,-296
120900119,16468,2865,13603
120900120,57,272,-215
120900121,32,315,-283
120900122,1069,209,860
120900123,9,114,-105
120900124,2,227,-225
120900125,2,439,-437
120900126,973,632,341
120900127,19,199,-180
120900128,575,1147,-572
120900129,50,212,-162
120900130,4,329,-325
120900131,151,79,72
120900132,1606,216,1390
120900133,53,414,-361
120900134,353,330,23
120900135,4,340,-336
120900136,74,113,-39
120900137,392,93,299
120900138,17,158,-141
120900139,0,336,-336
120900140,8,115,-107
120900141,340,170,170
120900142,9,134,-125
120900143,1,411,-410
120900144,0,88,-88
120900145,117,391,-274
120900146,0,409,-409
120900147,0,419,-419
120900148,158,138,20
120900149,1,98,-97
120900150,93,264,-171
120900151,3,243,-240
120900152,3,10,-7
120900153,3,2,1
120900154,8,88,-80
120900155,303,503,-200
120900156,125,217,-92
120900157,1,2,-1
120900158,92,252,-160
120900159,2,60,-58
120900160,39,381,-342
120900161,187,467,-280
120900162,131,983,-852
120900163,187,3992,-3805
120900164,1,141,-140
120900165,13,1042,-1029
120900166,67,913,-846
120900167,291,123,168
120900169,122,175,-53
120900170,454,4097,-3643
120900171,421,161,260
120900172,902,5349,-4447
120900173,33,37,-4
120900174,4,114,-110
120900175,153,148,5
120900176,16,412,-396
120900177,0,1860,-1860
120900178,1,696,-695
120900179,441,377,64
120900180,78,241,-163
120900181,71,46,25
120900182,21,150,-129
120900183,962,72,890
120900184,351,72,279
120900185,815,1532,-717
120900186,0,161,-161
120900187,735,955,-220
120900188,231,3,228
120900189,75,2571,-2496
120900190,168,3,165
120900191,41,13,28
120900192,5091,12783,-7692
120900194,56,84,-28
120900195,109,279,-170
120900196,625,17,608
120900197,1124,258,866
120900198,230,333,-103
120900199,550,1288,-738
120900200,53,118,-65
120900201,283,155,128
120900202,1,77,-76
120900203,48,80,-32
120900204,65,176,-111
120900205,95,32,63
120900206,50,42,8
121000001,720,1134,-414
121000002,2497,1908,589
121000003,2911,1794,1117
121000004,2583,3677,-1094
121000005,1524,2426,-902
121000006,3156,2770,386
121000007,2071,4334,-2263
121000008,4975,5493,-518
121000009,3504,6524,-3020
121000010,6638,7094,-456
121000011,5806,9966,-4160
121000012,12780,8785,3995
121000013,4892,6181,-1289
121000014,5940,4896,1044
121000015,4157,7377,-3220
121000016,4254,3564,690
121000017,2328,2689,-361
121000018,3283,1711,1572
121000019,9383,9633,-250
121000020,10328,17807,-7479
121000021,2436,1917,519
121000022,2927,3992,-1065
121000023,3032,1466,1566
121000024,4587,5326,-739
121000025,401,1469,-1068
121000026,299,177,122
121000027,1328,1400,-72
121000028,1016,571,445
121000029,978,732,246
121000030,681,578,103
121000031,488,799,-311
121000032,183,181,2
121000034,381,304,77
121000035,106,182,-76
121000036,891,906,-15
121000037,479,868,-389
121000038,322,910,-588
121000039,233,396,-163
121000041,542,514,28
121000042,368,385,-17
121000043,529,729,-200
121000044,1053,992,61
121000045,599,258,341
121000046,961,1084,-123
121000047,60,128,-68
121000049,1036,695,341
121000050,269,1817,-1548
121000051,615,290,325
121000052,323,962,-639
121000053,394,147,247
121000054,38,436,-398
121000055,886,1672,-786
121000056,853,1081,-228
121000057,357,577,-220
121000058,243,250,-7
121000059,3090,1308,1782
121000060,520,1194,-674
121000061,79,514,-435
121000062,173,517,-344
121000063,913,1153,-240
121000064,622,689,-67
121000065,277,599,-322
121000066,280,401,-121
121000067,381,676,-295
121000068,535,441,94
121000069,176,1372,-1196
121000070,1685,1187,498
121000071,1897,1697,200
121000072,1127,705,422
121000073,1164,1330,-166
121000074,117,167,-50
121000075,17,504,-487
121000076,383,485,-102
121000077,182,246,-64
121000078,103,153,-50
121000080,1649,648,1001
121000081,5166,4056,1110
121000082,86,254,-168
121000083,135,147,-12
121000084,207,227,-20
121000085,204,429,-225
121000086,584,689,-105
121000087,94,305,-211
121000088,628,402,226
121000089,235,578,-343
121000090,268,384,-116
121000091,976,803,173
121000092,286,80,206
121000093,220,199,21
121000094,505,834,-329
121000095,351,871,-520
121000096,3609,2552,1057
121000097,482,2569,-2087
121000098,675,536,139
121000099,704,559,145
121000100,1006,156,850
121000101,401,216,185
121000102,376,113,263
121000103,300,125,175
121000104,389,62,327
121000105,574,118,456
121000106,433,234,199
121000107,2014,2521,-507
121000109,1005,855,150
121000110,236,732,-496
121000114,3655,2440,1215
121000115,2121,870,1251
121000116,348,925,-577
121000117,343,316,27
121000118,2047,207,1840
121000119,277,299,-22
121000120,329,302,27
121000121,615,1429,-814
121000123,1144,648,496
121000126,90,393,-303
121000127,158,150,8
121000128,1167,222,945
121000129,1014,459,555
121000130,771,510,261
121000131,1263,1369,-106
121000132,804,1414,-610
121000135,397,797,-400
121000136,1052,1457,-405
121000137,490,414,76
121000138,779,1993,-1214
121000139,467,869,-402
121000141,225,236,-11
121000142,537,762,-225
121000143,143,35,108
121000144,494,1511,-1017
121000145,584,853,-269
121000146,1440,1388,52
121000147,1257,550,707
121000148,822,851,-29
121000149,2304,1791,513
121000152,488,335,153
121000153,1603,472,1131
121000154,1387,560,827
121000155,2197,1154,1043
121000156,353,1189,-836
121000157,749,1433,-684
121000158,356,361,-5
121000159,319,368,-49
121000160,355,365,-10
121000161,322,327,-5
121000162,188,98,90
121000165,1134,2113,-979
121000166,24,399,-375
121000168,575,288,287
121000169,118,161,-43
121000170,408,74,334
121000171,73,202,-129
121000172,953,691,262
121000173,1633,1573,60
121000174,546,629,-83
121000175,1431,460,971
121000176,381,332,49
121000177,849,476,373
121000178,44,56,-12
121000179,70,54,16
121000181,431,413,18
121000182,190,341,-151
121000183,125,134,-9
121000184,75,217,-142
121000185,32,372,-340
121000186,273,870,-597
121000187,224,143,81
121000188,272,90,182
121000192,1038,476,562
121000193,758,420,338
121000194,1718,1860,-142
121000195,217,1056,-839
121000196,336,164,172
121000197,245,1080,-835
121000198,190,260,-70
121000199,145,345,-200
121000200,816,197,619
121000201,8,150,-142
121000202,205,16,189
121000203,1009,1586,-577
121000204,3682,914,2768
121000205,116,312,-196
121000206,126,71,55
121000207,2167,830,1337
121000208,4,326,-322
121000209,682,114,568
121000210,880,247,633
121000211,510,185,325
121000212,787,335,452
121000213,12568,2892,9676
121000214,910,2144,-1234
121000215,929,1525,-596
121000216,563,656,-93
121000217,3583,3203,380
121000218,360,1707,-1347
121000219,1525,628,897
121000220,119,138,-19
121000221,126,423,-297
121000222,2534,3059,-525
121000223,155,860,-705
121000224,172,507,-335
121000225,598,2412,-1814
121000226,1250,1451,-201
121000227,19,189,-170
121000228,28,511,-483
121000229,405,679,-274
121000230,23,1557,-1534
121000231,1476,31,1445
121000232,412,390,22
121000233,533,367,166
121000234,18,58,-40
121000235,53,58,-5
121000236,11,69,-58
121000237,31,30,1
121000238,9,73,-64
121000239,46,8,38
121000240,9,157,-148
121000241,131,25,106
121000242,136,710,-574
121000243,230,48,182
121000244,14,153,-139
121000245,58,18,40
121000246,0,176,-176
121000247,164,21,143
121000248,481,1981,-1500
121000249,82,336,-254
121000250,625,335,290
121000251,13,213,-200
121000252,169,107,62
121000253,362,266,96
121000254,737,172,565
121000255,137,173,-36
121000256,416,219,197
121000257,51,67,-16
121000258,67,110,-43
121000259,44,69,-25
121000260,62,120,-58
121000261,87,92,-5
121000262,928,435,493
121000263,546,360,186
121000271,688,1681,-993
121000273,26,10,16
121000274,12,61,-49
121000275,18,7,11
121000276,9,58,-49
121000278,48,34,14
121000279,26,16,10
121000280,40,36,4
121000289,366,30,336
121000290,1106,1176,-70
121000294,244,74,170
121000297,470,1134,-664
121000299,79,660,-581
121000300,1057,644,413
121000302,15,740,-725
121000303,571,224,347
121000304,490,119,371
121000305,207,72,135
121000306,171,174,-3
121000308,135,277,-142
121000309,296,482,-186
121000310,148,332,-184
121000311,101,522,-421
121000312,420,441,-21
121000313,290,403,-113
121000314,51,86,-35
121000315,24,78,-54
121000530,1970,1443,527
121000531,1996,1509,487
121000532,6596,9305,-2709
121000533,3931,4089,-158
121000918,31,56,-25
121000919,52,130,-78
121000938,49,202,-153
121000939,34,206,-172
121000956,1935,1198,737
121000957,5,13,-8
121000958,18,66,-48
121000959,1240,410,830
121000960,1562,1597,-35
121000961,353,58,295
121000962,1198,475,723
121000973,3,291,-288
121000976,20,193,-173
121000979,522,157,365
121000981,358,104,254
121000982,326,154,172
121000983,487,205,282
121000984,55,66,-11
121000985,875,250,625
121000986,750,103,647
121000987,337,470,-133
121000988,1316,130,1186
121001302,299,119,180
121001308,3,35,-32
121001309,38,550,-512
121001313,202,66,136
121001314,1267,2055,-788
121001315,6646,3567,3079
121900001,130,300,-170
121900002,43,45,-2
121900003,464,17,447
121900004,96,395,-299
121900005,24,28,-4
121900006,88,4,84
121900007,2312,1973,339
121900008,180,767,-587
121900009,982,32,950
121900010,199,9,190
121900011,219,256,-37
121900012,14,1,13
121900013,503,81,422
121900014,1852,377,1475
121900015,176,173,3
121900016,3,22,-19
121900017,560,687,-127
121900018,465,9,456
121900019,692,235,457
121900020,18,7,11
121900021,1174,13,1161
121900022,251,261,-10
121900023,186,474,-288
121900024,394,62,332
121900025,685,648,37
121900026,273,30,243
121900027,474,260,214
121900028,227,7,220
121900029,140,253,-113
121900030,432,654,-222
121900031,931,7149,-6218
121900032,142,56,86
121900033,207,402,-195
121900034,356,178,178
121900035,3522,2914,608
121900036,125,482,-357
121900037,145,1045,-900
121900038,31,86,-55
121900039,291,69,222
121900040,107,88,19
121900041,119,342,-223
121900042,397,282,115
121900043,4,3,1
121900044,76,53,23
121900046,245,358,-113
121900047,241,94,147
121900048,103,79,24
121900050,32,54,-22
121900051,199,175,24
121900052,166,46,120
121900053,488,389,99
121900054,302,914,-612
121900055,7,8,-1
121900058,377,175,202
121900059,385,157,228
121900060,128,603,-475
121900061,170,178,-8
121900062,139,159,-20
121900063,1850,484,1366
121900064,385,492,-107
121900066,114,17,97
121900067,74,22,52
121900069,148,137,11
121900070,149,199,-50
121900071,542,279,263
121900072,62,110,-48
121900073,226,315,-89
121900074,480,898,-418
121900075,378,862,-484
121900076,496,651,-155
121900077,30,17,13
121900078,149,51,98
121900079,0,0,0
121900080,1035,372,663
121900082,62,102,-40
121900084,36,42,-6
121900085,7,7,0
121900086,35,75,-40
121900087,87,132,-45
121900088,1319,2734,-1415
121900089,284,156,128
121900090,36,34,2
121900091,100,54,46
121900092,115,112,3
121900093,87,100,-13
121900094,9,14,-5
121900095,384,153,231
121900096,1081,673,408
121900097,829,232,597
121900098,2,3,-1
121900099,270,27,243
121900100,88,395,-307
121900101,126,153,-27
121900102,4,126,-122
121900103,427,248,179
121900104,1949,502,1447
121900105,378,252,126
121900106,6,13,-7
121900107,106,34,72
121900108,1,19,-18
121900109,314,194,120
121900110,764,365,399
121900111,591,337,254
121900112,181,173,8
121900113,65,491,-426
121900114,96,91,5
121900115,227,365,-138
121900117,121,200,-79
121900118,1856,712,1144
121900119,156,64,92
121900120,57,1011,-954
121900121,290,22,268
121900122,45,46,-1
121900123,169,366,-197
121900124,252,178,74
121900125,2260,1207,1053
121900127,13,116,-103
121900128,92,71,21
121900129,211,148,63
121900130,94,286,-192
121900131,275,114,161
121900132,82,79,3
121900133,22,1142,-1120
121900134,37,233,-196
121900135,3948,484,3464
121900136,451,223,228
121900137,56,337,-281
121900138,106,178,-72
121900139,286,1695,-1409
121900140,73,107,-34
121900141,86,35,51
121900142,134,80,54
121900143,14,140,-126
121900144,138,377,-239
121900145,226,365,-139
121900146,508,708,-200
121900147,87,223,-136
121900148,169,369,-200
121900149,330,407,-77
121900150,44,133,-89
121900151,70,298,-228
121900152,104,77,27
121900153,77,559,-482
121900154,12,380,-368
121900155,3,218,-215
121900156,139,183,-44
121900157,3,327,-324
121900158,82,123,-41
121900159,2,196,-194
121900160,67,211,-144
121900161,296,591,-295
121900162,81,189,-108
121900163,389,242,147
121900164,339,264,75
121900165,234,198,36
121900166,158,142,16
121900167,77,203,-126
121900168,125,220,-95
121900169,4,196,-192
121900170,8,144,-136
121900171,914,714,200
121900172,571,246,325
121900173,792,265,527
121900174,37,76,-39
121900175,75,362,-287
121900176,546,1531,-985
121900177,133,79,54
121900179,431,262,169
121900180,1914,6068,-4154
121900182,680,900,-220
121900183,570,2122,-1552
121900184,84,1019,-935
121900186,19,486,-467
121900187,19,158,-139
121900188,679,318,361
121900189,50,111,-61
121900190,216,374,-158
121900191,78,271,-193
121900192,229,1489,-1260
121900194,8,340,-332
121900195,23,83,-60
121900196,869,925,-56
121900197,284,911,-627
121900198,1906,1464,442
121900199,2,41,-39
121900200,34,147,-113
121900201,711,862,-151
121900202,103,716,-613
121900203,87,1031,-944
121900204,800,1076,-276
121900205,149,190,-41
121900206,20,75,-55
121900207,59,62,-3
121900208,112,623,-511
121900209,80,62,18
121900210,1491,1180,311
121900211,32,152,-120
121900212,46,171,-125
121900213,322,34,288
121900214,8,473,-465
121900215,35,118,-83
121900216,24,428,-404
121900217,203,244,-41
121900218,166,578,-412
121900219,258,76,182
121900220,119,17,102
121900221,526,560,-34
121900222,281,82,199
121900223,183,57,126
121900224,119,40,79
121900225,75,156,-81
121900226,248,89,159
121900227,387,610,-223
121900228,152,187,-35
121900229,368,409,-41
121900230,77,482,-405
121900231,112,2541,-2429
121900232,196,556,-360
121900233,266,188,78
121900234,478,141,337
121900235,761,117,644
121900236,327,166,161
121900237,201,469,-268
121900238,178,325,-147
121900239,280,63,217
121900240,363,143,220
121900241,71,30,41
121900242,9,1,8
121900243,25,0,25
121900244,27,1,26
121900245,220,88,132
121900246,3818,275,3543
121900247,323,240,83
121900248,1443,1071,372
121900250,187,390,-203
121900251,444,40,404
121900252,503,213,290
121900253,65,840,-775
121900254,468,496,-28
121900255,513,108,405
121900258,4456,1811,2645
121900259,184,699,-515
121900260,204,131,73
121900261,136,609,-473
121900262,442,1061,-619
121900263,370,206,164
121900264,870,1027,-157
121900265,386,155,231
121900266,622,100,522
121900267,73,58,15
121900269,244,873,-629
121900270,61,238,-177
121900271,54,182,-128
121900273,431,1826,-1395
121900274,411,245,166
121900276,649,179,470
121900277,337,1424,-1087
121900278,114,1034,-920
121900279,166,167,-1
121900280,88,533,-445
121900281,141,661,-520
121900284,70,2,68
121900286,200,73,127
121900287,7,33,-26
121900290,302,829,-527
121900291,335,1122,-787
121900292,177,185,-8
121900293,753,3468,-2715
121900294,292,5,287
121900295,228,135,93
121900296,65,476,-411
121900298,247,1041,-794
121900299,1,12,-11
121900300,111,13,98
121900301,57,11,46
121900302,1,80,-79
121900303,341,1072,-731
121900304,1,10,-9
121900305,4,11,-7
121900306,317,2,315
121900307,163,6,157
121900308,14,114,-100
121900309,1,103,-102
121900310,6,194,-188
121900311,774,22,752
121900312,506,15,491
121900313,460,51,409
121900314,6,37,-31
121900315,13,0,13
121900316,0,2,-2
121900317,22,4,18
121900318,0,1,-1
121900319,31,147,-116
121900320,32,67,-35
121900321,12,0,12
121900322,1,4,-3
121900323,24,30,-6
121900324,0,37,-37
121900325,16,1,15
121900326,9,11,-2
121900327,4,38,-34
121900328,0,22,-22
121900329,2,49,-47
121900330,1,155,-154
121900331,86,48,38
121900332,49,42,7
122000001,1284,4899,-3615
122000002,2448,1070,1378
122000003,1398,3021,-1623
122000004,1860,1652,208
122000005,3745,2671,1074
122000006,940,1280,-340
122000007,715,1794,-1079
122000008,1287,3625,-2338
122000009,399,462,-63
122000010,2408,2868,-460
122000011,4743,2237,2506
122000012,706,3617,-2911
122000013,713,1734,-1021
122000014,3350,1571,1779
122000015,1203,1092,111
122000016,464,728,-264
122000017,1172,1341,-169
122000018,1870,1952,-82
122000019,925,1864,-939
122000020,194,454,-260
122000021,186,464,-278
122000022,1042,1444,-402
122000023,760,1712,-952
122000024,451,2732,-2281
122000025,628,2961,-2333
122000026,465,1685,-1220
122000027,499,1171,-672
122000028,1110,596,514
122000029,381,689,-308
122000030,209,209,0
122000031,159,435,-276
122000032,3772,2581,1191
122000033,452,3096,-2644
122000034,468,925,-457
122000035,241,698,-457
122000036,553,474,79
122000037,489,271,218
122000038,227,404,-177
122000039,538,492,46
122000040,234,291,-57
122000041,489,665,-176
122000042,407,448,-41
122000043,119,137,-18
122000044,104,128,-24
122000045,1711,845,866
122000046,898,1120,-222
122000047,140,190,-50
122000048,2676,4412,-1736
122000049,6060,3573,2487
122000050,889,1010,-121
122000051,149,583,-434
122000052,433,576,-143
122000053,215,1041,-826
122000054,2065,2328,-263
122000055,1816,3902,-2086
122000056,3100,3290,-190
122000057,2910,4146,-1236
122000058,871,2116,-1245
122000059,1007,3361,-2354
122000060,306,1004,-698
122000061,233,753,-520
122000062,540,304,236
122000063,609,1405,-796
122000064,2993,6145,-3152
122000065,2339,2562,-223
122000066,858,1110,-252
122000067,1129,1307,-178
122000068,1832,1007,825
122000069,977,788,189
122000070,955,1431,-476
122000071,2891,1208,1683
122000072,735,804,-69
122000073,198,1338,-1140
122000074,3021,1532,1489
122000075,978,1206,-228
122000076,5927,2059,3868
122000077,591,1991,-1400
122000078,842,3838,-2996
122000079,403,2393,-1990
122000080,461,672,-211
122000081,108,241,-133
122000082,334,1259,-925
122000083,3838,1093,2745
122000084,2901,1127,1774
122000085,375,761,-386
122000086,2080,6344,-4264
122000087,179,508,-329
122000088,112,415,-303
122000089,3653,2353,1300
122000090,184,802,-618
122000091,145,265,-120
122000092,53,45,8
122000093,1691,3484,-1793
122000094,4740,3296,1444
122000095,699,4224,-3525
122000096,486,1763,-1277
122000098,2722,3534,-812
122000099,761,1130,-369
122000100,755,930,-175
122000101,445,586,-141
122000102,2011,1077,934
122000103,1601,1616,-15
122000104,997,253,744
122000105,425,462,-37
122000106,487,1396,-909
122000107,1118,461,657
122000108,482,836,-354
122000109,455,283,172
122000110,538,621,-83
122000111,3077,1663,1414
122000112,1232,1487,-255
122000113,782,665,117
122000114,1670,2571,-901
122000115,1462,1307,155
122000116,419,494,-75
122000117,1030,360,670
122000118,737,534,203
122000119,2054,1802,252
122000120,937,3059,-2122
122000121,801,2120,-1319
122000122,390,1066,-676
122000123,1185,1477,-292
122000124,725,487,238
122000125,477,729,-252
122000126,404,796,-392
122000127,460,863,-403
122000128,308,441,-133
122000129,451,1396,-945
122000130,2692,1334,1358
122000131,1157,894,263
122000132,297,440,-143
122000133,939,835,104
122000134,1043,743,300
122000135,531,412,119
122000136,919,626,293
122000137,2237,1010,1227
122000139,841,3676,-2835
122000140,419,969,-550
122000141,2857,1611,1246
122000142,142,1150,-1008
122000143,305,516,-211
122000144,1385,1040,345
122000145,934,976,-42
122000146,551,2035,-1484
122000147,536,602,-66
122000148,599,1866,-1267
122000149,1719,1243,476
122000150,1358,969,389
122000151,122,348,-226
122000152,294,388,-94
122000153,326,342,-16
122000154,225,184,41
122000155,1259,2466,-1207
122000156,4168,3544,624
122000157,840,4621,-3781
122000158,240,656,-416
122000159,569,1046,-477
122000160,2116,2022,94
122000161,1094,977,117
122000162,975,1670,-695
122000163,215,110,105
122000164,53,198,-145
122000165,896,1021,-125
122000166,786,1560,-774
122000167,250,452,-202
122000168,201,791,-590
122000169,293,225,68
122000170,307,403,-96
122000171,33,97,-64
122000172,1685,1384,301
122000173,1373,2657,-1284
122000174,1676,1181,495
122000175,712,333,379
122000176,235,1044,-809
122000177,1016,1388,-372
122000178,3688,2935,753
122000179,2156,3380,-1224
122000180,1014,1158,-144
122000181,850,2335,-1485
122000182,1464,1618,-154
122000183,2339,982,1357
122000184,2756,3058,-302
122000185,1016,2790,-1774
122000186,444,1581,-1137
122000187,1916,1067,849
122000188,381,381,0
122000189,232,378,-146
122000190,677,1734,-1057
122000191,782,909,-127
122000192,1423,418,1005
122000193,483,690,-207
122000194,487,185,302
122000195,142,516,-374
122000196,1227,479,748
122000197,554,574,-20
122000198,351,1921,-1570
122000199,251,377,-126
122000200,851,592,259
122000201,1038,2356,-1318
122000202,960,2274,-1314
122000203,1782,1078,704
122000204,1012,1277,-265
122000205,564,905,-341
122000206,3112,968,2144
122000207,2087,1467,620
122000208,2467,1428,1039
122000209,2007,470,1537
122000210,1919,1515,404
122000211,1239,1293,-54
122000212,826,620,206
122000213,969,1553,-584
122000214,1984,1841,143
122000215,2092,1810,282
122000217,1422,1948,-526
122000218,864,87,777
122000219,991,748,243
122000220,348,679,-331
122000221,62,377,-315
122000222,489,159,330
122000223,918,462,456
122000225,865,260,605
122000226,1533,1458,75
122000227,212,1631,-1419
122000228,297,234,63
122000229,32,436,-404
122000230,41,344,-303
122000231,271,767,-496
122000232,643,535,108
122000233,1,73,-72
122000234,632,90,542
122000235,572,84,488
122000236,1928,68,1860
122000237,144,105,39
122000238,408,357,51
122000239,800,171,629
122000240,1290,748,542
122000241,686,548,138
122000242,794,180,614
122000243,12,24,-12
122000244,11,296,-285
122000245,8,51,-43
122000246,45,144,-99
122000247,726,99,627
122000248,590,962,-372
122000249,1217,954,263
122000250,2055,1107,948
122000251,158,494,-336
122000252,355,165,190
122000253,133,270,-137
122000254,334,124,210
122000255,658,775,-117
122000256,272,472,-200
122000257,264,133,131
122000258,376,245,131
122000259,28,287,-259
122000260,11,39,-28
122000261,8,385,-377
122000262,0,31,-31
122000263,382,906,-524
122000264,1706,373,1333
122000265,2570,964,1606
122000266,4153,630,3523
122000267,172,137,35
122000268,148,299,-151
122000269,1013,324,689
122000270,516,174,342
122000271,263,1244,-981
122000272,366,866,-500
122000273,389,361,28
122000274,219,190,29
122000275,51,159,-108
122000276,1015,546,469
122000277,1099,1682,-583
122000278,1965,402,1563
122000279,317,249,68
122000280,789,514,275
122000281,1025,696,329
122000282,226,520,-294
122000283,241,226,15
122000284,222,49,173
122000285,273,64,209
122000286,49,189,-140
122000287,1434,1426,8
122000288,457,303,154
122000291,2807,873,1934
122000293,172,117,55
122000294,116,361,-245
122000295,1411,187,1224
122000296,22,525,-503
122000297,1936,4389,-2453
122000299,614,552,62
122000300,407,524,-117
122000301,5460,3028,2432
122000302,621,2713,-2092
122000303,2285,1071,1214
122000304,53,182,-129
122000305,1508,199,1309
122000306,51,312,-261
122000307,151,113,38
122000309,93,51,42
122000310,20,140,-120
122000311,145,145,0
122000312,155,305,-150
122000313,111,91,20
122000314,107,259,-152
122000315,275,68,207
122000316,1423,260,1163
122000317,2036,222,1814
122000318,287,1274,-987
122000319,141,249,-108
122000320,345,780,-435
122000321,109,97,12
122000322,1534,2063,-529
122000323,849,2808,-1959
122000324,1298,1847,-549
122000325,853,3218,-2365
122000326,159,64,95
122000327,415,722,-307
122000328,475,287,188
122000330,1797,1595,202
122000332,169,318,-149
122000333,14,70,-56
122000337,1271,495,776
122000338,651,315,336
122000340,150,1468,-1318
122000342,1255,618,637
122000343,394,425,-31
122000344,72,9,63
122000345,44,28,16
122000346,369,201,168
122000348,1082,741,341
122000349,110,592,-482
122000351,182,270,-88
122000352,272,169,103
122000353,147,53,94
122000355,166,287,-121
122000356,710,1685,-975
122000357,74,13,61
122000358,0,14,-14
122000359,0,11,-11
122000360,0,17,-17
122000362,10,51,-41
122000364,326,236,90
122000365,1,30,-29
122000366,9,2,7
122000368,474,651,-177
122000370,34,23,11
122000371,48,0,48
122000372,20,5,15
122000381,193,330,-137
122000382,82,198,-116
122000384,1317,1133,184
122000385,83,1,82
122000386,233,1921,-1688
122000387,427,808,-381
122000388,1315,1069,246
122000389,163,1027,-864
122000390,280,293,-13
122000391,169,809,-640
122000392,177,164,13
122000393,42,75,-33
122000394,641,182,459
122000395,154,86,68
122000396,240,81,159
122000397,16,22,-6
122000398,13,72,-59
122000399,212,65,147
122000400,56,734,-678
122000401,103,40,63
122000402,509,124,385
122000403,494,388,106
122000404,262,148,114
122000408,555,933,-378
122000503,15,104,-89
122000524,130,290,-160
122000544,110,2130,-2020
122000616,281,2,279
122000640,89,47,42
122000641,170,152,18
122000642,1369,692,677
122000643,71,274,-203
122000644,97,69,28
122000645,64,221,-157
122000651,641,1778,-1137
122000664,124,40,84
122000665,1063,420,643
122000666,643,1079,-436
122000673,53,173,-120
122000674,275,134,141
122000675,2235,585,1650
122000686,366,667,-301
122000687,1556,281,1275
122000688,358,317,41
122000689,1098,194,904
122000690,3089,209,2880
122000691,1032,596,436
122000692,2304,246,2058
122000693,419,688,-269
122000695,546,230,316
122000696,740,92,648
122000698,505,186,319
122000699,215,99,116
122000701,1599,331,1268
122000702,317,842,-525
122000703,174,39,135
122000717,93,80,13
122000718,372,1216,-844
122000719,122,95,27
122000720,708,73,635
122900001,55,19,36
122900002,1292,7062,-5770
122900003,438,33,405
122900004,3134,113,3021
122900005,148,206,-58
122900006,528,1546,-1018
122900007,80,125,-45
122900008,319,262,57
122900009,697,430,267
122900010,248,99,149
122900012,183,353,-170
122900014,101,139,-38
122900015,728,1375,-647
122900016,114,230,-116
122900017,197,709,-512
122900018,155,15,140
122900019,12,100,-88
122900020,121,473,-352
122900021,41,327,-286
122900022,1374,709,665
122900023,798,222,576
122900024,200,137,63
122900025,5,395,-390
122900026,16,138,-122
122900027,41,477,-436
122900028,76,122,-46
122900029,4477,2829,1648
122900030,1888,595,1293
122900031,37,302,-265
122900032,205,438,-233
122900033,220,171,49
122900034,3594,4764,-1170
122900035,29,26,3
122900036,76,46,30
122900037,348,134,214
122900038,63,3159,-3096
122900039,73,541,-468
122900040,241,670,-429
122900041,284,350,-66
122900042,154,297,-143
122900043,372,215,157
122900044,136,362,-226
122900045,139,178,-39
122900046,177,342,-165
122900047,92,245,-153
122900048,29,205,-176
122900049,1636,166,1470
122900051,66,230,-164
122900052,185,91,94
122900053,23,31,-8
122900055,280,75,205
122900057,238,47,191
122900061,584,130,454
122900062,614,725,-111
122900063,172,132,40
122900064,749,459,290
122900065,554,226,328
122900066,786,382,404
122900067,805,393,412
122900068,129,299,-170
122900069,431,1517,-1086
122900070,392,65,327
122900071,96,188,-92
122900072,3,290,-287
122900073,21,103,-82
122900074,1277,266,1011
122900075,0,111,-111
122900076,5,165,-160
122900077,0,66,-66
122900078,299,26,273
122900080,24,30,-6
122900081,156,150,6
122900082,1116,95,1021
122900083,75,70,5
122900084,22,119,-97
122900086,10,200,-190
122900087,325,404,-79
122900088,37,341,-304
122900089,30,265,-235
122900090,9,196,-187
122900091,434,1,433
122900092,0,80,-80
122900093,0,76,-76
122900094,5,61,-56
122900095,216,27,189
122900096,369,86,283
122900097,28,61,-33
122900098,28,109,-81
122900099,99,31,68
122900100,95,822,-727
122900101,252,238,14
122900102,18,40,-22
122900103,83,4,79
122900104,285,11,274
122900105,32,6,26
122900106,6,38,-32
122900107,10,45,-35
122900108,1,52,-51
123000001,926,707,219
123000002,2697,5667,-2970
123000003,4425,4519,-94
123000004,2624,3550,-926
123000005,3280,2869,411
123000006,2063,1872,191
123000007,3538,2805,733
123000008,2292,2589,-297
123000009,4681,3238,1443
123000010,3111,3188,-77
123000011,1985,1152,833
123000012,764,2366,-1602
123000013,4335,1078,3257
123000014,702,3122,-2420
123000015,2418,1168,1250
123000016,2859,4027,-1168
123000017,3184,1930,1254
123000018,112,107,5
123000019,559,66,493
123000020,387,43,344
123000021,200,188,12
123000022,319,1827,-1508
123000023,2046,2306,-260
123000024,1679,638,1041
123000025,66,113,-47
123000026,37,133,-96
123000027,76,714,-638
123000028,1028,961,67
123000029,467,1281,-814
123000030,317,120,197
123000031,437,131,306
123000032,548,83,465
123000033,320,53,267
123000034,1071,690,381
123000035,613,436,177
123000036,262,943,-681
123000037,330,162,168
123000038,189,241,-52
123000039,543,1501,-958
123000040,426,283,143
123000041,833,1099,-266
123000042,431,794,-363
123000043,2239,13044,-10805
123000044,2615,2408,207
123000045,4026,2456,1570
123000046,402,1289,-887
123000047,1103,1151,-48
123000048,114,950,-836
123000049,5077,10551,-5474
123000050,2145,1699,446
123000051,80,155,-75
123000052,872,3712,-2840
123000053,2414,3005,-591
123000054,2004,1899,105
123000055,2003,4207,-2204
123000056,970,988,-18
123000057,4124,6193,-2069
123000058,670,1312,-642
123000059,254,476,-222
123000060,1227,402,825
123000061,299,621,-322
123000063,1135,1108,27
123000064,1423,235,1188
123000065,3764,2575,1189
123000066,431,503,-72
123000067,958,367,591
123000068,1788,1991,-203
123000069,4431,1739,2692
123000070,184,504,-320
123000071,1844,892,952
123000072,1262,609,653
123000073,1985,994,991
123000074,1128,909,219
123000075,330,1602,-1272
123000076,827,329,498
123000077,1897,1509,388
123000078,2499,1316,1183
123000079,2287,1594,693
123000080,2620,1124,1496
123000081,194,330,-136
123000082,309,792,-483
123000083,1146,304,842
123000084,835,326,509
123000085,520,46,474
123000086,905,82,823
123000087,556,336,220
123000088,1341,550,791
123000089,771,956,-185
123000090,1444,793,651
123000091,1273,1122,151
123000092,769,1249,-480
123000094,947,192,755
123000095,803,595,208
123000096,956,328,628
123000097,734,422,312
123000098,857,517,340
123000099,618,441,177
123000100,386,781,-395
123000101,547,620,-73
123000102,376,708,-332
123000104,450,468,-18
123000105,402,433,-31
123000106,559,453,106
123000107,278,312,-34
123000108,493,970,-477
123000111,1165,396,769
123000112,1646,506,1140
123000113,549,746,-197
123000114,403,646,-243
123000115,346,240,106
123000116,50,75,-25
123000117,2245,1226,1019
123000118,505,550,-45
123000119,228,490,-262
123000120,243,453,-210
123000121,554,546,8
123000122,307,233,74
123000123,469,490,-21
123000124,409,401,8
123000125,1482,1333,149
123000126,1175,4589,-3414
123000127,641,577,64
123000128,268,190,78
123000129,1165,175,990
123000130,1006,80,926
123000131,1484,924,560
123000132,304,416,-112
123000133,127,228,-101
123000134,305,68,237
123000135,3158,1065,2093
123000136,229,435,-206
123000137,142,195,-53
123000138,103,226,-123
123000139,728,118,610
123000140,96,496,-400
123000141,773,129,644
123000142,853,543,310
123000143,817,1239,-422
123000144,13,36,-23
123000145,224,275,-51
123000146,37,155,-118
123000147,84,159,-75
123000149,311,275,36
123000150,82,197,-115
123000151,135,477,-342
123000152,48,333,-285
123000153,102,825,-723
123000154,1054,1580,-526
123000155,1736,1358,378
123000156,46,75,-29
123000157,578,678,-100
123000158,560,853,-293
123000159,3299,3842,-543
123000160,984,1045,-61
123000161,1806,1223,583
123000162,1470,1681,-211
123000163,684,183,501
123000164,2176,283,1893
123000165,468,949,-481
123000166,49,83,-34
123000167,134,152,-18
123000168,283,205,78
123000169,1135,147,988
123000170,90,61,29
123000171,1187,8,1179
123000172,157,436,-279
123000173,507,314,193
123000174,1080,506,574
123000175,335,885,-550
123000176,1282,293,989
123000177,297,863,-566
123000178,998,182,816
123000179,87,316,-229
123000180,1846,381,1465
123000181,257,789,-532
123000182,364,266,98
123000183,164,664,-500
123000184,128,434,-306
123000185,1124,422,702
123000186,14,334,-320
123000187,829,7,822
123000188,256,1,255
123000189,276,133,143
123000190,62,121,-59
123000192,18,381,-363
123000193,79,730,-651
123000194,328,253,75
123000195,411,42,369
123000196,523,14,509
123000197,67,88,-21
123000198,55,1147,-1092
123000199,11,703,-692
123000200,616,10,606
123000201,1470,19,1451
123000202,23,505,-482
123000203,1226,72,1154
123000204,75,592,-517
123000205,246,921,-675
123000206,2776,253,2523
123000207,66,560,-494
123000208,669,287,382
123000209,2333,766,1567
123000210,357,1335,-978
123000211,471,1570,-1099
123000212,4277,536,3741
123000213,626,73,553
123000215,82,201,-119
123000216,196,737,-541
123000217,307,37,270
123000218,31,722,-691
123000219,669,91,578
123000220,607,154,453
123000221,151,80,71
123000222,568,343,225
123000223,742,171,571
123000224,477,270,207
123000225,290,62,228
123000226,113,352,-239
123000227,91,246,-155
123000228,360,56,304
123000229,803,1226,-423
123000232,103,422,-319
123000233,924,136,788
123000234,186,431,-245
123000235,1800,389,1411
123000236,388,476,-88
123000237,365,114,251
123000238,52,269,-217
123000239,401,737,-336
123000240,72,869,-797
123000241,267,71,196
123000242,419,173,246
123000243,902,762,140
123000244,953,635,318
123000245,52,138,-86
123000249,1719,625,1094
123000252,1033,349,684
123000253,1829,556,1273
123000254,794,803,-9
123000255,1238,992,246
123000256,20,185,-165
123000257,1906,1210,696
123000258,807,513,294
123000259,569,377,192
123000260,654,316,338
123000261,488,129,359
123000262,92,122,-30
123000263,620,89,531
123000264,216,95,121
123000265,39,177,-138
123000266,612,508,104
123000267,881,517,364
123000268,45,55,-10
123000269,52,65,-13
123000270,48,54,-6
123000271,66,47,19
123000272,764,349,415
123000273,316,1005,-689
123000274,1132,755,377
123000275,252,681,-429
123000278,1898,2468,-570
123000279,160,51,109
123000280,339,261,78
123000281,281,118,163
123000282,102,187,-85
123000283,218,93,125
123000284,64,56,8
123000286,163,453,-290
123000287,385,341,44
123000288,1435,1354,81
123000289,312,1601,-1289
123000291,219,840,-621
123000294,128,243,-115
123000295,860,1191,-331
123000296,942,496,446
123000297,485,289,196
123000298,650,193,457
123000299,44,73,-29
123000300,1355,1034,321
123000301,163,416,-253
123000302,86,96,-10
123000303,95,210,-115
123000305,683,740,-57
123000306,259,45,214
123000309,40,43,-3
123000310,34,27,7
123000311,1,74,-73
123000312,345,494,-149
123000313,704,444,260
123000315,162,223,-61
123000316,713,66,647
123000317,254,85,169
123000318,95,220,-125
123000329,55,24,31
123000337,446,716,-270
123000338,228,98,130
123000339,384,63,321
123000340,103,206,-103
123000342,28,26,2
123000343,72,11,61
123000344,686,307,379
123000345,286,467,-181
123000346,439,58,381
123000352,930,711,219
123000353,36,72,-36
123000354,339,48,291
123000355,0,176,-176
123000356,478,5,473
123000357,6,94,-88
123000359,14,85,-71
123000360,195,63,132
123000361,172,226,-54
123000362,595,104,491
123000363,129,179,-50
123000364,512,485,27
123000365,19,470,-451
123000366,343,2532,-2189
123000367,278,598,-320
123000370,43,138,-95
123000371,582,40,542
123000372,420,20,400
123000373,11,226,-215
123000374,8,140,-132
123000375,424,41,383
123000376,936,623,313
123000377,652,12,640
123000378,29,247,-218
123000379,4,168,-164
123000380,19,379,-360
123000381,76,139,-63
123000382,463,188,275
123000383,90,1177,-1087
123000384,451,100,351
123000385,136,544,-408
123000436,39,1801,-1762
123000507,87,149,-62
123000508,89,1136,-1047
123000517,258,31,227
123000518,14,146,-132
123000519,182,133,49
123000520,61,187,-126
123000521,541,155,386
123000522,168,255,-87
123000541,4,1,3
123000542,0,10,-10
123000565,1007,36,971
123000566,359,183,176
123000567,104,105,-1
123000573,36,370,-334
123000574,1099,86,1013
123000575,1904,661,1243
123000576,1246,772,474
123000577,68,590,-522
123000578,281,120,161
123000579,937,6515,-5578
123000580,103,47,56
123000582,681,27,654
123000583,13,342,-329
123000584,151,227,-76
123000585,0,53,-53
123000586,91,1,90
123000596,83,96,-13
123000597,76,147,-71
123000602,76,6,70
123000603,1388,350,1038
123000604,764,285,479
123000605,662,64,598
123000606,0,323,-323
123000609,16,338,-322
123000610,146,65,81
123000613,29,168,-139
123000614,443,37,406
123000615,39,61,-22
123000616,1355,67,1288
123000617,123,161,-38
123000618,70,371,-301
123000619,698,62,636
123000620,48,272,-224
123000622,752,17,735
123000624,246,47,199
123000630,1716,457,1259
123000631,137,445,-308
123000632,565,602,-37
123000633,0,131,-131
123000634,42,284,-242
123000635,33,110,-77
123000636,31,280,-249
123000637,349,56,293
123000638,632,26,606
123000639,748,6598,-5850
123000640,8,284,-276
123900001,940,43,897
123900002,26,1339,-1313
123900003,187,326,-139
123900005,273,194,79
123900006,362,34,328
124000001,2123,194,1929
124000002,45,1087,-1042
124000003,1556,202,1354
124000004,80,380,-300
124000005,1431,892,539
124000006,163,627,-464
124000007,354,135,219
124000008,17,399,-382
124000009,846,238,608
124000010,265,274,-9
124000011,1212,298,914
124000012,280,254,26
124000017,227,115,112
124000018,143,35,108
124000019,175,167,8
124000020,46,92,-46
124000021,146,131,15
124000022,68,126,-58
124000023,1325,1532,-207
124000024,1180,355,825
124000025,1113,1746,-633
124000026,1062,885,177
124000027,4368,4943,-575
124000028,1057,3512,-2455
124000030,1657,1077,580
124000031,1422,5959,-4537
124000032,1251,616,635
124000033,263,337,-74
124000034,491,482,9
124000035,31,298,-267
124000036,38,157,-119
124000037,388,1158,-770
124000038,40,150,-110
124000039,640,411,229
124000040,331,1375,-1044
124000041,530,110,420
124000042,106,407,-301
124000043,108,115,-7
124000044,29,126,-97
124000045,1010,336,674
124000046,294,528,-234
124000047,2502,623,1879
124000048,1299,582,717
124000049,2390,434,1956
124000050,878,958,-80
124000051,1307,438,869
124000052,632,696,-64
124000053,554,2120,-1566
124000054,752,296,456
124000055,1399,4092,-2693
124000056,1568,855,713
124000057,1129,564,565
124000058,404,716,-312
124000059,801,1321,-520
124000060,518,441,77
124000061,1075,5742,-4667
124000062,1726,1388,338
124000063,1043,1209,-166
124000064,1512,997,515
124000065,11,580,-569
124000066,89,34,55
124000067,262,161,101
124000068,31,27,4
124000069,214,13,201
124000070,100,65,35
124000071,295,91,204
124000072,181,329,-148
124000073,1117,142,975
124000074,240,539,-299
124000075,533,28,505
124000076,4,54,-50
124000077,726,1000,-274
124000078,2219,1312,907
124000079,276,1473,-1197
124000080,674,173,501
124000081,232,370,-138
124000082,59,176,-117
124000083,29,51,-22
124000084,72,492,-420
124000085,93,21,72
124000086,47,208,-161
124000087,138,129,9
124000088,124,716,-592
124000089,1023,401,622
124000090,130,213,-83
124000091,485,76,409
124000092,67,273,-206
124000093,171,164,7
124000094,246,687,-441
124000095,143,98,45
124000096,153,245,-92
124000097,71,147,-76
124000098,50,43,7
124000099,159,128,31
124000100,39,97,-58
124000101,108,146,-38
124000102,76,40,36
124000103,163,109,54
124000104,97,36,61
124000105,172,111,61
124000106,117,32,85
124000107,23,205,-182
124000108,36,12,24
124000109,145,117,28
124000110,144,40,104
124000111,243,110,133
124000112,914,389,525
124000113,151,147,4
124000114,434,251,183
124000115,289,528,-239
124000116,107,172,-65
124000117,31,84,-53
124000118,33,88,-55
124000119,737,695,42
124000120,588,524,64
124000121,1014,704,310
124000122,480,1190,-710
124000123,1240,503,737
124000124,336,779,-443
124000125,395,409,-14
124000126,303,507,-204
124000127,1045,332,713
124000128,559,593,-34
124000129,2103,1623,480
124000130,565,511,54
124000131,855,721,134
124000132,606,666,-60
124000133,1003,1003,0
124000134,858,388,470
124000135,1745,2215,-470
124000136,671,802,-131
124000137,910,1188,-278
124000138,1132,1167,-35
124000139,433,55,378
124000140,25,245,-220
124000141,127,10,117
124000142,21,173,-152
124000143,76,7,69
124000144,23,63,-40
124000145,164,40,124
124000146,32,46,-14
124000148,45,95,-50
124000149,1316,458,858
124000150,235,541,-306
124000151,862,320,542
124000152,663,840,-177
124000153,1070,955,115
124000154,569,638,-69
124000155,1090,751,339
124000156,786,820,-34
124000169,172,449,-277
124000170,508,393,115
124000171,407,233,174
124000172,262,445,-183
124000173,578,147,431
124000174,428,524,-96
124000175,5,64,-59
124000176,50,29,21
124000177,11,62,-51
124000178,58,118,-60
124000190,23,48,-25
124000191,29,57,-28
124000192,1247,551,696
124000193,264,997,-733
124000194,306,340,-34
124000195,314,618,-304
124000196,603,609,-6
124000197,43,25,18
124000198,63,48,15
124000201,232,549,-317
124000202,648,281,367
124000203,837,211,626
124000204,1527,155,1372
124000205,153,207,-54
124000206,1129,180,949
124000207,0,39,-39
124000209,139,165,-26
124000210,872,210,662
124000211,1035,1,1034
124000212,0,213,-213
124000213,848,135,713
124000214,597,194,403
124000215,645,45,600
124000216,4,220,-216
124000329,163,661,-498
124000338,111,383,-272
124000339,1633,124,1509
124000341,2040,125,1915
124000344,122,88,34
124000357,1337,2626,-1289
124000358,923,1656,-733
124000359,1685,868,817
124000360,1371,657,714
124000361,2189,931,1258
124000362,1001,1248,-247
124000363,253,283,-30
124000364,427,704,-277
124000365,466,769,-303
124000366,1003,615,388
124000367,68,196,-128
124000368,445,680,-235
124000369,107,118,-11
124000370,41,372,-331
124000402,21,21,0
124000403,202,35,167
124000404,24,68,-44
124000405,990,785,205
124000406,637,604,33
124000407,1,37,-36
124000411,6,117,-111
124000412,523,5,518
124000413,103,31,72
124000414,130,101,29
124000415,45,67,-22
124000416,129,111,18
124000417,171,81,90
124000418,318,60,258
124000419,104,39,65
124000420,143,37,106
124000421,54,53,1
124000422,26,14,12
124000423,136,27,109
124000424,4,29,-25
124000425,57,16,41
124000426,7,45,-38
124000427,64,6,58
124000428,1,63,-62
124000429,133,52,81
124000430,912,384,528
124000431,796,455,341
124000432,260,430,-170
124000439,12,4,8
124000442,17,48,-31
124000443,0,13,-13
124000445,65,793,-728
124000446,352,63,289
124900001,718,478,240
124900002,236,200,36
124900003,1115,393,722
124900004,886,237,649
124900005,301,116,185
124900006,957,186,771
124900008,909,617,292
124900009,200,710,-510
124900010,405,194,211
124900011,1064,506,558
124900012,1045,203,842
124900013,678,130,548
124900014,410,44,366
124900015,212,631,-419
124900016,88,259,-171
124900017,540,2760,-2220
124900018,137,16,121
124900019,628,28,600
124900020,195,128,67
124900021,542,112,430
124900022,55,4,51
124900024,379,8,371
124900026,75,40,35
124900027,129,695,-566
124900028,407,116,291
124900029,15,526,-511
124900030,5,95,-90
124900031,56,339,-283
124900032,362,205,157
124900033,136,190,-54
124900034,13,69,-56
124900035,231,359,-128
124900036,3,46,-43
124900037,247,214,33
124900038,170,197,-27
124900039,3,265,-262
124900040,178,113,65
124900041,251,385,-134
124900042,98,7,91
124900043,328,371,-43
124900044,124,6,118
124900045,427,904,-477
124900046,833,287,546
124900047,80,200,-120
124900048,234,87,147
124900050,150,125,25
124900052,122,386,-264
124900053,238,258,-20
124900054,677,531,146
124900055,1,140,-139
124900057,16,26,-10
124900060,71,131,-60
124900061,156,7,149
124900062,302,9,293
124900066,1,13,-12
124900067,3,79,-76
124900068,336,1404,-1068
124900069,119,151,-32
124900070,93,35,58
124900072,263,46,217
124900074,512,126,386
124900075,386,183,203
124900076,35,1546,-1511
124900077,40,49,-9
124900078,65,25,40
124900079,285,177,108
124900080,338,232,106
124900081,1171,286,885
124900082,325,326,-1
124900083,248,284,-36
124900084,731,99,632
124900085,477,606,-129
124900086,74,1601,-1527
124900087,262,113,149
124900088,185,123,62
124900089,598,24,574
124900090,615,284,331
124900091,481,261,220
124900092,261,226,35
124900093,553,216,337
124900094,706,330,376
124900095,206,713,-507
124900096,390,380,10
124900097,479,82,397
124900098,152,309,-157
124900099,351,606,-255
124900100,398,88,310
124900101,69,366,-297
124900102,347,26,321
124900103,158,152,6
124900104,80,94,-14
124900105,87,97,-10
124900106,583,38,545
124900107,131,94,37
124900108,117,89,28
124900109,129,186,-57
124900110,427,235,192
124900111,1,162,-161
124900112,109,276,-167
124900113,2,13,-11
124900114,2,10,-8
124900115,5,3,2
124900116,11,4,7
124900117,3,1,2
124900118,0,8,-8
124900119,9,8,1
124900120,0,13,-13
124900121,3,16,-13
124900122,2,8,-6
124900123,3,4,-1
124900124,4,2,2
129000186,120,58,62
204000001,25,3,22
204000002,4,8,-4
204000003,26,5,21
204000004,5,2,3
204000005,598,335,263
204000006,1299,998,301
204000008,676,408,268
204000011,8,24,-16
204000012,55,69,-14
204000013,1,24,-23
204000019,1031,365,666
204000020,809,776,33
204000021,1970,1305,665
204000022,790,675,115
204000023,567,456,111
204000031,12,6,6
204000032,289,42,247
204000034,36,108,-72
204000035,0,0,0
204000036,6,23,-17
204000037,1,17,-16
204000038,2,31,-29
204000039,10,7,3
204000040,5,12,-7
204000041,15,19,-4
204000042,36,6,30
204000043,56,2,54
204000044,48,1,47
204000045,54,13,41
204000046,10,1,9
204000057,8,12,-4
204000062,7,26,-19
204000068,31,236,-205
204000069,16,242,-226
204000070,70,31,39
204000080,90,32,58
204000085,1444,1358,86
204000086,1715,1323,392
204000087,77,12,65
204000088,8,67,-59
204000090,24,233,-209
204000093,697,50,647
204000096,1198,725,473
204000097,730,6,724
204000099,1251,1401,-150
204000100,1788,1400,388
204000105,1460,933,527
204000110,452,1740,-1288
204000111,464,973,-509
204000112,606,2910,-2304
204000113,522,1523,-1001
204000114,1033,972,61
204000115,725,380,345
204000116,661,1422,-761
204000119,2091,1983,108
204000132,624,335,289
204000133,791,144,647
204000134,238,80,158
204000135,621,106,515
204000136,494,208,286
204000138,416,483,-67
204000140,224,95,129
204000141,147,90,57
204000144,7,19,-12
204000145,525,33,492
204000146,15,223,-208
204000147,9,118,-109
204000148,203,27,176
204000154,7,2,5
204000155,3,6,-3
204000177,56,23,33
204000179,58,11,47
204000180,0,16,-16
204000222,3,13,-10
204000235,21,23,-2
204000236,49,131,-82
204000238,53,15,38
204000240,395,50,345
204000263,70,188,-118
204000308,116,7,109
204000317,6,78,-72
204000322,9,53,-44
204000323,10,3,7
204000328,192,46,146
204000329,37,175,-138
204000330,134,9,125
204000331,32,100,-68
204010341,9,146,-137
205000001,512,949,-437
205000013,5,51,-46
205000014,26,43,-17
205000015,25,93,-68
205000016,8,62,-54
205000017,26,64,-38
205000022,213,516,-303
205000025,821,623,198
205000029,344,12,332
205000045,81,879,-798
205000047,48,602,-554
205000048,302,434,-132
205000049,137,409,-272
205000050,842,225,617
205000059,0,139,-139
205000060,1,50,-49
205000061,4,146,-142
205000062,0,177,-177
205000063,18,221,-203
205000064,20,84,-64
205000065,50,457,-407
205000066,75,315,-240
205000067,27,515,-488
205000069,248,12,236
205000082,174,152,22
205000110,68,147,-79
205000111,184,132,52
205000112,145,164,-19
205000113,127,216,-89
205000121,250,29,221
205000123,33,140,-107
205000126,430,78,352
205000127,801,128,673
205000128,351,52,299
205000129,740,57,683
205000130,119,14,105
205000131,45,14,31
205000132,68,6,62
205000133,37,1,36
205000134,309,1,308
205000137,87,97,-10
205000138,131,272,-141
205000139,30,110,-80
205000144,93,75,18
205000145,337,165,172
205000151,177,19,158
205000152,184,27,157
205000153,227,20,207
205000154,98,33,65
205000155,123,7,116
205000207,2,104,-102
205000233,0,2,-2
205000234,0,3,-3
205000243,1,1,0
205000244,0,4,-4
205000245,8,121,-113
205000249,0,21,-21
205000250,3,3,0
205000251,114,388,-274
205000264,5,50,-45
206000027,11,6,5
206000028,10,2,8
206000043,4,22,-18
206000053,5,11,-6
206000054,3,20,-17
206000055,0,21,-21
206000075,18,19,-1
206000076,38,11,27
206000077,23,3,20
206000078,28,13,15
206000079,47,4,43
206000082,409,79,330
206000100,18,348,-330
206000103,3,18,-15
206000104,10,12,-2
206000105,9,8,1
206000106,4,8,-4
206000108,670,44,626
206000125,124,0,124
206000157,36,419,-383
206000170,0,121,-121
206000171,4,161,-157
206000172,17,151,-134
206000173,2,87,-85
206000174,29,36,-7
206000175,3,31,-28
206000176,17,59,-42
206000177,3,48,-45
206000178,3,117,-114
206000179,5,97,-92
206000180,7,65,-58
206000181,21,32,-11
206000182,2,25,-23
206000183,1,106,-105
206000184,7,97,-90
206000185,7,52,-45
206000186,50,305,-255
206000223,6,157,-151
206000226,26,3,23
206000227,36,5,31
206000237,55,148,-93
206000238,13,253,-240
206000239,133,1241,-1108
206000240,0,49,-49
206000241,1,46,-45
206000242,5,89,-84
206000243,5,46,-41
206000244,33,167,-134
206000245,1752,65,1687
206000246,577,13,564
206000247,531,6,525
206000248,717,14,703
206000252,52,38,14
206000258,20,41,-21
206000315,38,5,33
206000317,889,172,717
206000318,1046,88,958
206000319,3426,106,3320
206000320,567,37,530
206000321,605,14,591
206000322,935,27,908
206000323,313,11,302
206000324,310,12,298
206000325,262,12,250
206000326,257,18,239
206000327,53,14,39
206000328,339,8,331
206000329,552,8,544
206000330,79,5,74
206000331,345,2,343
206000332,98,2,96
206000333,1291,4,1287
206000334,472,2,470
206000335,0,18,-18
206000361,6,146,-140
206000392,2,8,-6
206000405,172,1,171
206000441,61,14,47
206000498,61,2,59
206000515,60,49,11
206000530,626,60,566
206000531,343,419,-76
206000532,1779,534,1245
206000535,97,2454,-2357
206000536,20,89,-69
206000537,9,119,-110
206000613,2148,273,1875
207000001,109,568,-459
207000002,95,392,-297
207000003,135,161,-26
207000007,1505,206,1299
207000008,170,11,159
207000009,88,28,60
207000010,221,212,9
207000012,583,165,418
207000015,208,563,-355
207000019,220,78,142
207000021,452,198,254
207000022,205,177,28
207000023,261,53,208
207000024,10,16,-6
207000025,41,90,-49
207000026,38,48,-10
207000027,13,45,-32
207000028,41,129,-88
207000029,163,366,-203
207000033,202,451,-249
207000034,341,125,216
207000039,647,61,586
207000040,711,31,680
207000041,185,17,168
207000042,444,44,400
207000043,270,152,118
207000051,120,179,-59
207000052,16,131,-115
207000053,390,283,107
207000054,35,47,-12
207000055,181,76,105
207000056,259,206,53
207000057,107,431,-324
207000058,167,221,-54
207000059,95,181,-86
207000060,69,111,-42
207000061,138,786,-648
207000062,390,23,367
207000063,417,49,368
207000064,479,151,328
207000065,418,230,188
207000066,364,138,226
207000067,84,64,20
207000068,151,42,109
207000069,907,291,616
207000082,7,91,-84
207000083,77,149,-72
207000084,470,223,247
207000085,222,27,195
207000086,305,5,300
207000106,59,18,41
207000107,107,11,96
207000108,58,1,57
207000109,61,9,52
207000110,36,65,-29
207000111,72,72,0
207000112,78,699,-621
207000114,12,32,-20
207000115,35,28,7
207000116,25,303,-278
207000117,14,63,-49
207000118,8,35,-27
207000119,19,33,-14
207000123,209,11,198
207000124,110,16,94
207000125,79,29,50
207000126,63,45,18
207000134,117,79,38
207000135,24,98,-74
207000148,74,288,-214
207000149,49,23,26
207000152,73,385,-312
207000153,327,912,-585
207000154,247,160,87
207000159,102,96,6
207000160,163,182,-19
207000238,0,92,-92
207000242,3,53,-50
207000248,12,30,-18
207000249,65,17,48
207000250,285,51,234
207000251,39,68,-29
207000252,40,37,3
207000278,167,77,90
207000279,16,99,-83
207000280,827,42,785
207000281,127,412,-285
207000282,77,153,-76
207000283,31,191,-160
207000284,36,494,-458
207000285,46,91,-45
207000291,13,74,-61
207000304,87,72,15
207000306,42,285,-243
207000310,134,87,47
207000353,153,2,151
207000356,7,65,-58
207000357,14,13,1
207000358,6,13,-7
207000415,3,80,-77
207000417,45,2,43
207000437,0,1,-1
207000439,601,504,97
207000446,181,2,179
207000460,41,13,28
207000466,87,114,-27
207000467,55,39,16
207000468,5,95,-90
207000476,7,34,-27
207000477,853,28,825
207000523,0,3,-3
207000524,18,0,18
207000527,180,139,41
207000530,606,3,603
207000531,354,5,349
207000532,96,28,68
207000534,126,41,85
207000535,14,212,-198
207000537,8,58,-50
207000540,9,51,-42
207000541,2,98,-96
207000548,9,103,-94
207000549,341,15,326
207000561,180,226,-46
207000562,29,81,-52
207000567,121,222,-101
207000568,322,37,285
207000569,784,267,517
207000584,102,149,-47
207000585,27,249,-222
207000616,1,62,-61
207000617,197,1,196
207900008,352,51,301
208000001,526,1187,-661
208000002,680,656,24
208000003,861,461,400
208000004,762,646,116
208000005,4,7,-3
208000019,816,636,180
208000020,204,308,-104
208000021,306,240,66
208000022,1118,476,642
208000028,1131,1759,-628
208000033,584,515,69
208000034,992,1490,-498
208000040,173,95,78
208000041,780,484,296
208000042,906,577,329
208000047,163,144,19
208000064,2047,1410,637
208000066,1534,2390,-856
208000070,542,317,225
208000071,644,426,218
208000072,469,668,-199
208000080,362,369,-7
208000081,376,88,288
208000082,377,133,244
208000083,161,198,-37
208000084,9,22,-13
208000085,465,417,48
208000086,425,805,-380
208000087,316,621,-305
208000089,924,250,674
208000090,1002,370,632
208000093,117,195,-78
208000094,472,315,157
208000095,744,427,317
208000104,1401,538,863
208000105,742,729,13
208000114,115,416,-301
208000115,596,294,302
208000116,772,1037,-265
208000117,111,148,-37
208000118,132,176,-44
208000155,627,1115,-488
208000158,1331,3253,-1922
208000186,1819,3047,-1228
208000204,749,946,-197
208000205,1285,746,539
208000282,2280,2458,-178
209000004,614,237,377
209000005,84,35,49
209000006,444,209,235
209000007,299,456,-157
209000010,350,129,221
209000011,119,223,-104
209000012,129,100,29
209000013,193,140,53
209000014,358,512,-154
209000025,562,36,526
209000026,1059,104,955
209000027,321,393,-72
209000028,344,329,15
209000029,308,527,-219
209000030,233,843,-610
209000031,1755,1192,563
209000034,190,170,20
209000035,140,181,-41
209000036,233,80,153
209000037,346,156,190
209000038,160,115,45
209000039,65,123,-58
209000040,343,327,16
209000041,198,247,-49
209000042,298,198,100
209000043,664,476,188
209000044,250,573,-323
209000045,746,349,397
209000046,532,381,151
209000047,372,176,196
209000048,579,376,203
209000049,61,28,33
209000050,110,39,71
209000051,198,104,94
209000052,119,106,13
209000062,48,33,15
209000063,55,28,27
209000064,34,29,5
209000065,117,16,101
209000066,87,8,79
209000067,126,23,103
209000080,35,180,-145
209000082,79,22,57
209000091,14,80,-66
209000093,28,16,12
209000094,42,108,-66
209000110,46,139,-93
209000111,803,2055,-1252
209000112,1584,575,1009
209000113,2223,487,1736
209000114,1174,630,544
209000115,28,46,-18
209000116,226,160,66
209000118,18,51,-33
209000119,9,7,2
209000121,75,337,-262
209000135,88,164,-76
209000142,603,2364,-1761
209000143,54,37,17
209000144,78,154,-76
209000229,231,113,118
209000240,23,131,-108
209000259,22,29,-7
209000260,43,913,-870
209000261,6,811,-805
209000262,0,369,-369
209000263,0,170,-170
209000264,1,259,-258
209000265,415,2,413
209000266,126,0,126
209000267,1676,9,1667
209000268,494,68,426
210000037,66,24,42
210000047,69,20,49
210000048,141,15,126
210000049,54,3,51
210000052,84,50,34
210000053,39,26,13
210000054,21,53,-32
210000070,194,4,190
210000071,133,1,132
210000072,31,0,31
210000073,0,32,-32
210000074,0,60,-60
210000075,1,123,-122
210000076,18,173,-155
210000077,5,77,-72
210000078,65,71,-6
210000079,21,12,9
210000080,62,52,10
210000081,164,21,143
210000082,116,3,113
210000083,55,1,54
210000084,45,0,45
210000085,1,39,-38
210000086,1,80,-79
210000099,62,182,-120
210000100,50,106,-56
210000101,61,157,-96
210000105,32,199,-167
210000159,2,213,-211
210000163,71,205,-134
210000164,190,189,1
210000168,125,50,75
210000187,0,41,-41
210000188,0,29,-29
210000214,9,0,9
210000219,55,46,9
210000220,145,29,116
210000232,2,17,-15
210000233,39,47,-8
210000234,45,78,-33
210000235,63,46,17
210000245,0,47,-47
210000246,21,7,14
210000258,19,56,-37
210000259,240,45,195
210000282,50,244,-194
210000285,0,129,-129
210000286,15,104,-89
210000295,61,120,-59
210000296,49,41,8
210000320,255,49,206
210000321,142,26,116
210000338,27,61,-34
210000339,168,915,-747
210000340,79,304,-225
210000341,205,278,-73
210000342,201,221,-20
210000343,151,197,-46
210000344,98,175,-77
210000345,141,203,-62
210000346,62,94,-32
210000347,26,41,-15
210000348,104,23,81
210000349,34,21,13
210000350,124,56,68
210000351,152,49,103
210000352,60,26,34
210000353,53,28,25
210000354,66,29,37
210000355,30,54,-24
210000356,13,59,-46
210000357,34,79,-45
210000358,182,168,14
210000359,59,92,-33
210000360,129,127,2
210000361,161,105,56
210000362,223,227,-4
210000363,380,233,147
210000364,93,162,-69
210000365,157,60,97
210000366,152,34,118
210000367,76,24,52
210000368,140,24,116
210000369,16,21,-5
210000370,39,48,-9
210000372,8,18,-10
210000373,7,26,-19
210000374,62,20,42
210000375,35,25,10
210000376,38,52,-14
210000404,26,163,-137
210000439,37,26,11
210000472,79,0,79
210000482,34,137,-103
210000564,142,198,-56
210000568,236,3,233
211000092,82,12,70
211000094,41,6,35
211000169,210,14,196
211000172,22,71,-49
211000209,0,37,-37
211000275,32,4,28
211000276,106,29,77
211000279,20,35,-15
211000281,93,20,73
211507980,0,64,-64
211977296,46,9,37
212000003,173,25,148
212000004,37,31,6
212000005,8,40,-32
212000006,23,41,-18
212000008,148,59,89
212000009,37,51,-14
212000012,99,51,48
212000013,44,36,8
212000014,332,113,219
212000015,331,197,134
212000016,548,411,137
212000027,642,289,353
212000028,386,225,161
212000029,255,149,106
212000030,68,20,48
212000031,84,20,64
212000048,50,262,-212
212000049,38,237,-199
212000050,28,18,10
212000051,316,125,191
212000052,242,140,102
212000053,315,278,37
212000054,398,52,346
212000055,341,102,239
212000056,10,22,-12
212000057,7,15,-8
212000058,152,34,118
212000070,140,137,3
212000077,157,292,-135
212000099,352,183,169
212000108,172,76,96
212000111,253,45,208
212000120,127,49,78
212000138,139,34,105
212000156,3,60,-57
212000158,12,20,-8
212000159,583,24,559
212000160,692,143,549
212000161,67,6,61
212000310,78,19,59
212000311,18,36,-18
212000374,51,12,39
213000001,43,591,-548
213000005,585,125,460
213000006,930,253,677
213000007,57,12,45
213000009,390,297,93
213000010,238,200,38
213000011,146,83,63
213000012,123,196,-73
213000014,73,22,51
213000015,305,6,299
213000016,389,3,386
213000017,88,1,87
213000018,0,55,-55
213000019,2,41,-39
213000020,112,205,-93
213000021,10,52,-42
213000023,405,212,193
213000033,273,1246,-973
213000034,550,209,341
213000035,144,195,-51
213000045,209,265,-56
213000046,195,162,33
213000047,377,1058,-681
213000056,136,26,110
213000069,67,1,66
213000073,1,39,-38
213000074,87,317,-230
213000075,550,3,547
213000085,3,21,-18
213000086,16,144,-128
213000091,356,18,338
213000092,96,9,87
213000099,139,1097,-958
213000100,838,223,615
213000101,562,81,481
213000102,610,189,421
213000103,785,645,140
213000104,75,322,-247
213000105,62,1055,-993
213000106,15,104,-89
213000107,118,232,-114
213000108,38,232,-194
213000109,20,156,-136
213000110,29,114,-85
213000111,6,83,-77
213000112,98,133,-35
213000115,58,6,52
213000116,41,240,-199
213000117,8,377,-369
213000118,686,206,480
213000119,50,368,-318
213000120,104,228,-124
213000122,81,218,-137
213000123,197,547,-350
213000124,194,1295,-1101
213000125,169,31,138
213000126,36,106,-70
213000127,49,266,-217
213000128,147,1106,-959
213000129,259,717,-458
213000130,1184,277,907
213000132,681,89,592
213000133,861,71,790
213000134,1174,14,1160
213000136,592,26,566
213000137,718,55,663
213000139,114,12,102
213000147,51,12,39
213000148,17,11,6
213000149,23,5,18
213000150,0,221,-221
213000151,6,133,-127
213000152,3,118,-115
213000153,7,161,-154
213000154,48,357,-309
213000155,73,158,-85
213000156,128,261,-133
213000157,904,318,586
213000158,418,713,-295
213000159,889,330,559
213000163,1436,105,1331
213000165,859,399,460
213000171,0,30,-30
213000172,1,131,-130
213000173,2,111,-109
213000174,3,67,-64
213000175,8,65,-57
213000176,288,53,235
213000177,199,5,194
213000178,274,5,269
213000179,288,0,288
213000180,266,1,265
213000184,103,372,-269
213000188,505,78,427
213000189,619,45,574
213000190,904,556,348
213000191,524,240,284
213000192,355,124,231
213000193,353,255,98
213000194,2,125,-123
213000195,28,248,-220
213000196,271,1169,-898
213000197,593,528,65
213000198,55,1,54
213000200,116,488,-372
213000201,11,29,-18
213000202,18,350,-332
213000203,2042,469,1573
213000204,813,45,768
213000205,528,55,473
213000206,409,23,386
213000207,104,8,96
213000208,41,1,40
213000209,128,4,124
213000210,222,7,215
213000211,6,30,-24
213000212,9,33,-24
213000213,28,70,-42
213000218,282,353,-71
213000219,691,13,678
213000220,589,4,585
213000223,180,176,4
213000224,36,44,-8
213000225,122,22,100
213000226,76,34,42
213000227,1063,167,896
213000228,542,57,485
213000229,48,8,40
213000230,449,11,438
213000232,65,607,-542
213000233,8,643,-635
213000234,1,97,-96
213000293,20,65,-45
213000294,102,36,66
213000295,12,67,-55
213000296,45,15,30
213000297,11,49,-38
213000298,5,63,-58
213000299,61,23,38
213000300,6,2,4
213000303,3,14,-11
213000304,2,7,-5
213000305,5,20,-15
213000306,41,59,-18
213000307,95,86,9
213000308,82,128,-46
213000309,167,52,115
213000310,474,269,205
213000311,165,852,-687
213000315,76,123,-47
213000316,229,51,178
213000322,111,74,37
213000323,231,59,172
213000324,206,52,154
213000325,156,72,84
213000326,193,54,139
213000327,196,80,116
213000328,142,119,23
213000329,225,42,183
213000340,144,290,-146
213000341,750,91,659
213000347,384,529,-145
213000348,10,221,-211
213000349,12,21,-9
213000350,271,619,-348
213000366,81,147,-66
213000367,349,8,341
213000379,44,129,-85
213000386,41,145,-104
213000406,153,262,-109
213000417,1581,532,1049
213000425,350,66,284
213000426,251,23,228
213000427,63,117,-54
213000428,56,76,-20
213000429,10,6,4
213000430,131,310,-179
213000431,40,2,38
213000432,2,47,-45
213000433,36,122,-86
213000434,105,106,-1
213000435,168,70,98
213000436,65,35,30
213000437,2,12,-10
213000438,221,62,159
213000439,33,14,19
213000440,24,209,-185
213000441,3,1,2
213000442,6,37,-31
213000443,441,224,217
213000444,46,45,1
213000445,0,58,-58
213000446,0,33,-33
213000447,3,30,-27
213000448,25,194,-169
213000449,689,15,674
213000450,14,38,-24
213000451,406,80,326
213000452,30,23,7
213000453,33,236,-203
213000455,120,2,118
213000456,1,149,-148
213000481,2,3,-1
213000484,29,1,28
213000489,175,62,113
213900002,5,156,-151
213900003,166,8,158
213900013,6,105,-99
213900015,0,7,-7
213900016,18,4,14
213900020,14,28,-14
213900030,1,21,-20
213900032,171,174,-3
213900033,148,34,114
213900034,736,56,680
213900035,245,179,66
213900036,176,54,122
213900037,37,203,-166
213900038,502,123,379
213900039,0,30,-30
213900041,6,186,-180
213900042,245,358,-113
213900043,384,146,238
213900244,73,0,73
213900245,0,4,-4
218000003,11,15,-4
218000004,31,29,2
218000005,18,35,-17
218000006,60,26,34
218000007,5,7,-2
218000012,95,108,-13
218000013,136,170,-34
218000014,302,327,-25
218000019,405,445,-40
218000020,218,306,-88
218000021,30,30,0
218000022,13,6,7
218000023,2,21,-19
218000024,2,3,-1
218000025,6,9,-3
218000026,10,20,-10
218000027,1,1,0
218000028,1,4,-3
218000029,2,1,1
218000030,5,8,-3
218000031,8,17,-9
218000032,0,26,-26
218000040,6,2,4
218000046,89,61,28
218000047,8,104,-96
218000048,84,68,16
218000049,68,49,19
218000050,391,164,227
218000051,92,129,-37
218000052,0,44,-44
218000053,2,12,-10
218000054,2,51,-49
218000055,2,7,-5
218000056,19,25,-6
218000057,0,21,-21
218000064,3,5,-2
218000065,80,16,64
218000066,11,43,-32
218000067,64,39,25
218000068,118,79,39
218000069,334,95,239
218000070,262,143,119
218000071,180,135,45
218000072,149,184,-35
218000078,1038,376,662
218000079,230,70,160
218000080,223,55,168
218000081,802,137,665
218000082,100,95,5
218000083,84,58,26
218000084,210,94,116
218000085,193,206,-13
218000086,81,79,2
218000087,235,96,139
218000090,20,130,-110
218000091,1051,465,586
218000092,132,96,36
218000093,61,39,22
218000094,338,277,61
218000099,241,663,-422
218000100,331,302,29
218000101,311,168,143
218000102,545,136,409
218000103,78,86,-8
218000104,103,26,77
218000105,24,39,-15
218000106,7,19,-12
218000107,88,20,68
218000108,5,15,-10
218000112,78,49,29
218000117,61,50,11
218000134,524,284,240
218000135,29,56,-27
218000136,155,84,71
218000137,165,118,47
218000138,49,89,-40
218000139,195,191,4
218000140,493,211,282
218000141,102,47,55
218000142,195,117,78
218000143,70,597,-527
218000144,45,205,-160
218000145,629,379,250
218000146,134,211,-77
218000151,19,23,-4
218000152,136,55,81
218000153,5,7,-2
218000154,10,5,5
218000155,40,3,37
218000156,118,18,100
218000157,63,18,45
218000158,23,8,15
218000159,2,13,-11
218000160,5,9,-4
218000161,57,4,53
218000162,33,11,22
218000163,10,3,7
218000164,54,2,52
218000165,106,16,90
218000170,11,35,-24
218000171,60,8,52
218000172,6,5,1
218000173,23,15,8
218000174,39,16,23
218000176,330,81,249
218000177,515,254,261
218000178,109,218,-109
218000179,144,94,50
218000180,143,34,109
218000181,314,45,269
218000187,11,53,-42
218000188,27,52,-25
218000189,31,79,-48
218000190,29,19,10
218000191,227,33,194
218000192,260,171,89
218000193,553,216,337
218000194,140,213,-73
218000195,189,35,154
218000196,509,217,292
218000197,796,259,537
218000198,49,121,-72
218000199,57,21,36
218000200,48,25,23
218000201,37,8,29
218000202,37,261,-224
218000207,6,13,-7
218000208,31,38,-7
218000211,22,42,-20
218000212,0,8,-8
218000213,95,117,-22
218000214,17,25,-8
218000215,45,47,-2
218000217,4,38,-34
218000218,161,65,96
218000219,16,30,-14
218000220,42,390,-348
218000221,498,230,268
218000222,7,30,-23
218000223,43,624,-581
218000224,31,246,-215
218000225,254,27,227
218000226,292,99,193
218000230,0,1,-1
218000232,60,27,33
218000239,119,2,117
218000240,8,1,7
218000241,19,1,18
218000242,7,3,4
218000243,9,1,8
218000244,19,7,12
218000245,19,4,15
218000246,0,6,-6
218000247,0,0,0
218000248,0,30,-30
218000249,1,3,-2
218000250,2,12,-10
218000251,3,92,-89
218000252,5,332,-327
218000253,2,202,-200
218000254,1,89,-88
218000255,4,32,-28
218000256,9,131,-122
218000267,303,573,-270
218000268,5,26,-21
218000269,1,9,-8
218000270,35,31,4
218000271,11,16,-5
218000273,74,3,71
218000274,32,6,26
218000275,41,36,5
218000276,25,25,0
218000278,4,45,-41
218000279,21,23,-2
218000280,0,11,-11
218000281,12,13,-1
218000282,399,540,-141
218000284,53,6,47
218000301,124,171,-47
218000302,99,45,54
218000303,17,59,-42
218000316,819,626,193
218000317,1621,473,1148
218000318,1288,375,913
218000319,1235,520,715
218000320,867,433,434
218000338,35,21,14
218000345,51,49,2
218000346,51,228,-177
218000459,29,137,-108
218000490,34,39,-5
218000501,110,24,86
218000502,105,30,75
218000503,89,30,59
218000504,69,26,43
218000505,40,51,-11
218000506,27,96,-69
218000508,2,1,1
218000510,113,11,102
218000520,155,105,50
218000521,2,18,-16
218000522,0,149,-149
218000523,165,2,163
218000524,10,228,-218
218000525,101,22,79
218000526,18,177,-159
218000529,17,41,-24
218000530,15,2,13
218000531,18,7,11
218000532,51,15,36
218000534,140,11,129
218000537,11,85,-74
218000538,116,848,-732
218000540,113,219,-106
218000543,183,41,142
218000544,44,46,-2
218000545,137,93,44
218000546,65,42,23
218000547,152,113,39
218000548,125,93,32
218000549,706,392,314
218000550,188,124,64
218000551,83,537,-454
218000552,310,76,234
218000553,30,73,-43
218000554,10,18,-8
218000555,34,31,3
218000556,140,96,44
218000557,381,97,284
218000558,60,1,59
218000559,0,41,-41
218000560,0,27,-27
218000561,9,0,9
218000562,19,147,-128
218000563,222,23,199
218000564,7,143,-136
218000565,134,26,108
218000566,62,42,20
218000567,2,110,-108
218000568,16,1,15
218000569,3,227,-224
218000570,39,14,25
218000571,1,116,-115
218000572,122,2,120
218000573,7,153,-146
218000574,29,21,8
218000575,126,0,126
218000576,0,67,-67
218000577,117,3,114
218000578,2,81,-79
218000579,28,90,-62
218000581,11,75,-64
218000582,69,6,63
218000583,7,0,7
218000584,1,38,-37
218000585,41,14,27
218000586,7,70,-63
218000587,7,3,4
218000588,2,4,-2
218000589,0,9,-9
218000590,4,1,3
218000591,0,13,-13
218000592,12,19,-7
218000593,4,3,1
218000594,1,13,-12
218000595,0,0,0
218000596,0,1,-1
218000597,1,0,1
218000598,1,3,-2
218000599,1,1,0
218000600,0,1,-1
218000601,0,1,-1
218000602,0,3,-3
218000603,0,5,-5
218000604,13,0,13
218000605,0,37,-37
218000606,146,0,146
218000607,12,54,-42
218000608,52,23,29
218000609,7,37,-30
218000610,93,6,87
218000611,32,1,31
218000612,7,22,-15
218000613,47,1,46
218000614,2,56,-54
218000615,138,2,136
218000616,6,120,-114
218000617,15,0,15
218000618,1,18,-17
218000619,48,25,23
218000620,18,29,-11
218000621,0,1,-1
218000622,0,49,-49
218000623,63,0,63
218000624,1,34,-33
218000625,1,4,-3
218000626,0,9,-9
218000628,167,65,102
218000631,26,13,13
218000632,1,200,-199
218000633,48,2,46
218000634,1,14,-13
218000635,20,10,10
218000636,665,503,162
218000637,1132,245,887
218000638,375,27,348
218000639,14,68,-54
218000640,414,23,391
218000641,89,134,-45
218000652,57,40,17
218000653,279,83,196
218000663,7,36,-29
218000675,35,15,20
218000676,5,18,-13
218000677,19,5,14
218000680,94,181,-87
218000681,267,109,158
218000691,114,62,52
218000693,281,85,196
218000703,9,18,-9
218000718,54,504,-450
218000719,117,366,-249
218000720,6,236,-230
218000721,34,24,10
218000725,6,2,4
218001214,8,335,-327
218001329,42,68,-26
218001330,15,29,-14
218001359,1,2,-1
218001360,0,0,0
218001361,0,0,0
218001362,0,0,0
219000001,73,39,34
219000002,17,62,-45
219000003,113,54,59
219000004,40,48,-8
219000017,77,43,34
219000020,111,38,73
219000022,104,8,96
219000023,54,1,53
219000029,0,45,-45
219000034,41,21,20
219000039,66,180,-114
219000040,48,115,-67
219000041,155,31,124
219000051,0,26,-26
219000052,0,25,-25
219000053,3,60,-57
219000054,363,427,-64
219000055,232,2,230
219000056,11,0,11
219000057,64,0,64
219000062,14,41,-27
219000063,113,4,109
219000064,0,33,-33
219000110,321,90,231
219000111,56,36,20
219000112,229,39,190
219000113,211,37,174
219000114,157,47,110
219000116,151,45,106
219000117,193,84,109
219000118,139,78,61
219000123,117,56,61
219000124,46,58,-12
219000125,44,3,41
219000126,36,87,-51
219000127,0,10,-10
219000128,12,126,-114
219000129,25,128,-103
219000130,141,441,-300
219000131,580,979,-399
219000133,40,52,-12
219000134,4,28,-24
219000135,24,104,-80
219000136,86,180,-94
219000138,101,16,85
219000139,88,34,54
219000140,108,0,108
219000141,50,61,-11
219000142,12,45,-33
219000143,8,29,-21
219000145,21,85,-64
219000146,4,26,-22
219000147,4,22,-18
219000148,1,18,-17
219000149,5,34,-29
219000150,3,38,-35
219000151,3,19,-16
219000157,265,81,184
219000158,153,177,-24
219000161,126,6,120
219000163,860,394,466
219000166,139,197,-58
219000167,99,148,-49
219000168,293,65,228
219000174,453,134,319
219000175,139,8,131
219000176,187,10,177
219000177,118,2,116
219000178,99,2,97
219000179,28,6,22
219000180,37,24,13
219000182,196,15,181
219000183,92,22,70
219000184,96,9,87
219000185,5,39,-34
219000186,101,20,81
219000187,14,89,-75
219000189,29,181,-152
219000190,49,189,-140
219000191,204,1513,-1309
219000192,134,162,-28
219000193,125,116,9
219000195,2,32,-30
219000196,10,66,-56
219000198,11,48,-37
219000199,27,104,-77
219000200,41,90,-49
219000201,47,163,-116
219000203,13,68,-55
219000204,43,283,-240
219000205,22,216,-194
219000207,65,187,-122
219000209,23,31,-8
219000210,16,62,-46
219000213,3,97,-94
219000239,162,162,0
219000240,175,339,-164
219000241,141,98,43
219000242,25,137,-112
219000243,61,225,-164
219000244,20,49,-29
219000245,23,43,-20
219000246,36,26,10
219000247,252,29,223
219000248,468,459,9
219000249,156,104,52
219000250,155,56,99
219000251,513,216,297
219000252,209,148,61
219000253,291,70,221
219000255,154,114,40
219000256,278,43,235
219000257,137,0,137
219000262,66,68,-2
219000263,59,74,-15
219000267,2,38,-36
219000268,1,3,-2
219000269,0,0,0
219000270,8,1,7
219000271,147,7,140
219000278,1,5,-4
219000279,0,4,-4
219000283,0,2,-2
219000295,19,75,-56
219000296,60,246,-186
219000297,37,49,-12
219000298,12,58,-46
219000299,408,47,361
219000300,27,74,-47
219000301,113,237,-124
219000302,23,178,-155
219000307,47,18,29
219000308,72,55,17
219000311,175,65,110
219000312,500,122,378
219000313,399,46,353
219000314,35,140,-105
219000315,313,48,265
219000316,662,48,614
219000317,142,31,111
219000320,0,49,-49
219000321,0,13,-13
219000323,5,36,-31
219000325,7,9,-2
219000326,45,31,14
219000327,66,29,37
219000328,19,33,-14
219000329,280,137,143
219000330,36,24,12
219000331,67,26,41
219000332,185,59,126
219000333,56,4,52
219000335,133,0,133
219000337,12,0,12
219000338,60,0,60
219000344,12,64,-52
219000345,42,30,12
219000346,42,57,-15
219000348,135,71,64
219000349,67,115,-48
219000350,88,432,-344
219000351,1,10,-9
219000352,423,80,343
219000353,144,43,101
219000354,243,71,172
219000355,162,44,118
219000356,431,1435,-1004
219000363,143,91,52
219000364,83,54,29
219000365,102,19,83
219000366,202,438,-236
219000368,363,573,-210
219000370,705,628,77
219000371,7,25,-18
219000382,11,14,-3
219000383,262,1348,-1086
219000385,304,549,-245
219000386,408,1639,-1231
219000387,1,11,-10
219000390,2,3,-1
219000391,4,1,3
219000397,31,26,5
219000398,64,38,26
219000401,5,58,-53
219000402,16,61,-45
219000403,64,250,-186
219000404,11,117,-106
219000407,1,29,-28
219000409,64,27,37
219000410,112,40,72
219000411,91,11,80
219000446,63,371,-308
219000447,0,7,-7
219000448,7,11,-4
219000452,108,96,12
219000453,32,202,-170
219000454,169,385,-216
219000556,325,87,238
219000558,70,68,2
219000590,20,186,-166
219000591,124,63,61
219000592,68,212,-144
219000595,1,13,-12
219000635,206,38,168
219000636,22,33,-11
219000657,41,26,15
219000658,45,211,-166
219000673,0,63,-63
219000676,11,12,-1
219000679,45,9,36
219000684,122,0,122
219000685,0,47,-47
219000686,0,5,-5
219000688,0,40,-40
219000689,14,155,-141
219000690,107,13,94
219000691,20,90,-70
219000692,105,12,93
219000693,2,27,-25
219000694,33,0,33
219000695,28,3,25
219000698,15,0,15
219000699,0,10,-10
219000727,3,62,-59
219000728,55,1,54
219000770,40,2,38
219000771,2,17,-15
219001150,0,27,-27
219001151,0,4,-4
219001166,7,28,-21
219001167,0,27,-27
220000001,41,65,-24
220000002,6,68,-62
220000003,216,106,110
220000004,333,218,115
220000005,608,1564,-956
220000006,99,633,-534
220000007,331,230,101
220000008,292,330,-38
220000009,243,260,-17
220000010,102,51,51
220000011,367,3872,-3505
220000012,74,312,-238
220000014,127,51,76
220000015,28,248,-220
220000017,29,204,-175
220000018,4551,1648,2903
220000019,68,321,-253
220000020,395,150,245
220000021,782,128,654
220000022,1145,305,840
220000023,364,138,226
220000024,1197,437,760
220000025,1214,1846,-632
220000026,351,673,-322
220000027,24,110,-86
220000028,50,52,-2
220000029,33,67,-34
220000030,31,72,-41
220000031,555,298,257
220000064,27,842,-815
221000046,1,0,1
221000047,0,0,0
221000048,0,0,0
221000049,0,10,-10
221000050,15,2,13
221000055,34,46,-12
221000057,79,7,72
221000068,274,87,187
221000069,351,46,305
221000070,245,20,225
221000071,110,9,101
221000072,283,11,272
221000073,220,31,189
221000074,1,10,-9
221000075,7,18,-11
221000076,18,12,6
221000077,17,63,-46
221000081,13,12,1
221000082,72,1,71
221000083,10,2,8
221000084,8,10,-2
221000085,5,51,-46
221000086,10,76,-66
221000087,3,74,-71
221000088,8,123,-115
221000089,30,166,-136
221000090,65,513,-448
221000098,122,13,109
221000099,176,8,168
221000100,115,8,107
221000101,142,9,133
221000102,172,17,155
221000109,11,63,-52
221000110,5,40,-35
221000111,5,84,-79
221000112,7,77,-70
221000113,7,106,-99
221000114,6,86,-80
221000120,42,36,6
221000121,9,50,-41
221000122,50,46,4
221000123,8,4,4
221000124,20,69,-49
221000155,142,14,128
221000156,16,40,-24
221000175,4,5,-1
221000176,1,1,0
221000182,29,4,25
221000241,399,272,127
221000242,107,256,-149
221000243,426,196,230
221000244,285,283,2
221000245,81,65,16
221000246,49,164,-115
221000247,71,70,1
221000248,146,79,67
221000267,32,518,-486
221000325,18,62,-44
221000331,4,48,-44
221000338,19,60,-41
221000378,273,47,226
221000381,31,19,12
222000282,5,5,0
222000296,2,28,-26
222000568,496,25,471
222000569,268,53,215
222000570,199,39,160
222000571,607,18,589
222000577,18,39,-21
222000578,24,70,-46
222000579,10,62,-52
222000580,44,463,-419
222000599,0,129,-129
222000600,2,157,-155
222000601,1,542,-541
222000603,12,48,-36
222000604,3,52,-49
222000605,12,48,-36
222000606,3,8,-5
222000607,6,4,2
222000608,38,27,11
222000609,79,51,28
222000616,564,34,530
222000617,7,21,-14
222000618,3,7,-4
222000620,10,13,-3
222000621,54,6,48
222000623,727,9,718
222000624,587,5,582
222000625,932,10,922
222000636,92,2,90
222000686,14,25,-11
222000687,36,20,16
222001066,484,0,484
222001067,41,5,36
222001068,86,17,69
222001069,69,19,50
222001082,17,32,-15
222001083,52,22,30
222001084,0,22,-22
222001085,1,210,-209
222001111,61,37,24
222001112,240,26,214
222001313,78,15,63
222001314,15,151,-136
222001464,50,30,20
222001465,8,57,-49
222001484,192,46,146
222001485,21,47,-26
222001494,907,125,782
222001495,92,97,-5
222001496,446,53,393
222001497,116,153,-37
222001502,8,60,-52
222001503,161,32,129
222001504,37,238,-201
222001505,441,12,429
222001506,57,264,-207
222001507,348,22,326
222001510,775,36,739
222001511,73,124,-51
222001514,979,213,766
222001515,139,268,-129
222001518,564,72,492
222001519,62,93,-31
222001527,198,44,154
222001528,43,87,-44
222001529,524,32,492
222001530,96,118,-22
222001533,117,159,-42
222001534,519,30,489
222001535,332,253,79
222001536,68,80,-12
222001537,435,66,369
222001538,74,243,-169
222001563,1146,162,984
222001564,73,167,-94
222001568,205,268,-63
222001576,0,3,-3
222001579,1,20,-19
222001583,12,96,-84
222001584,169,9,160
222001596,475,1321,-846
222001597,1589,732,857
222001626,0,110,-110
222001650,21,261,-240
222001651,37,482,-445
222001914,259,48,211
222001915,59,116,-57
222900004,570,220,350
222900009,240,314,-74
222900019,176,483,-307
222900024,57,18,39
222900025,17,12,5
225000001,388,113,275
225000002,583,145,438
225000003,833,47,786
225000004,465,186,279
225000005,57,48,9
225000006,0,153,-153
225000007,820,933,-113
225000010,278,16,262
225000011,287,1133,-846
225000012,261,596,-335
225000013,92,67,25
225000014,811,82,729
225000015,59,83,-24
225000021,806,122,684
225000027,158,336,-178
225000032,641,75,566
225000042,42,378,-336
225000049,53,30,23
225000050,88,7,81
225000053,7,269,-262
225000058,632,175,457
225000067,185,90,95
225000068,77,152,-75
225000069,82,295,-213
225000070,117,189,-72
225000071,18,73,-55
225000075,11,421,-410
225000076,45,78,-33
225000078,67,32,35
225000085,88,60,28
225000086,241,73,168
225000087,135,7,128
225000088,12,200,-188
225000089,86,702,-616
225000090,45,321,-276
225000091,146,72,74
225000092,32,43,-11
225000093,223,164,59
225000094,15,122,-107
225000095,201,191,10
225000096,142,242,-100
225000098,751,231,520
225000099,392,104,288
225000100,410,102,308
225000104,80,236,-156
225000110,10,210,-200
225000111,175,535,-360
225000112,198,660,-462
225000113,170,426,-256
225000114,89,218,-129
225000115,784,415,369
225000116,498,125,373
225000117,654,209,445
225000118,1158,223,935
225000119,350,80,270
225000120,760,34,726
225000121,168,44,124
225000123,512,8,504
225000125,553,106,447
225000126,585,112,473
225000127,460,1386,-926
225000128,334,853,-519
225000132,500,30,470
225000133,376,26,350
225000134,700,142,558
225000135,102,21,81
225000136,424,17,407
225000137,287,43,244
225000138,422,102,320
225000143,31,146,-115
225000144,2,208,-206
225000145,26,26,0
225000146,46,37,9
225000147,42,122,-80
225000148,7,92,-85
225000149,63,219,-156
225000151,34,102,-68
225000155,225,237,-12
225000156,170,654,-484
225000157,283,206,77
225000158,68,134,-66
225000171,1,121,-120
225000180,13,0,13
225000181,0,56,-56
225000182,85,5,80
225000185,1,278,-277
225000187,23,245,-222
225000191,77,3,74
225000194,0,5,-5
225000208,0,52,-52
225000209,89,8,81
225000210,4,230,-226
225000217,0,8,-8
225000218,11,1,10
225000223,0,20,-20
225000224,18,0,18
225000225,0,6,-6
225000226,12,1,11
225000227,19,45,-26
225000228,27,16,11
225000229,0,25,-25
225000230,6,0,6
225000231,1,18,-17
225000232,166,0,166
225000241,61,0,61
225000242,0,15,-15
225000249,33,35,-2
225000250,45,415,-370
225000251,513,38,475
225000254,2,3,-1
225000256,1,32,-31
225000257,0,10,-10
226000042,156,252,-96
226000043,44,163,-119
226000044,99,234,-135
226000045,42,179,-137
226000046,551,82,469
226000047,390,100,290
226000048,366,65,301
226000049,349,145,204
226000070,0,15,-15
226000071,0,24,-24
226000072,0,13,-13
226000073,0,9,-9
226000074,0,12,-12
226000084,0,15,-15
226000085,1,4,-3
226000086,1,4,-3
226000087,0,14,-14
226000088,3,48,-45
226000090,128,84,44
226000091,16,62,-46
226000092,1,29,-28
226000093,14,2,12
226000094,6,1,5
226000095,10,2,8
226000105,14,2,12
226000106,15,0,15
226000107,9,0,9
226000108,16,1,15
226000109,121,0,121
226000124,181,62,119
226000134,1180,638,542
226000135,2065,474,1591
226000136,754,351,403
226000137,7,114,-107
226000138,19,87,-68
226000139,0,34,-34
226000156,209,2,207
226000157,210,15,195
226000163,32,193,-161
226000202,16,121,-105
226000231,359,8,351
226000232,45,2,43
227000033,457,51,406
227000036,520,29,491
227000037,432,27,405
227000038,132,20,112
227000084,2,71,-69
227000085,1,55,-54
227000088,50,4,46
227000089,74,0,74
227000090,24,1,23
227000091,33,0,33
227000092,19,0,19
227000093,103,0,103
227000094,11,0,11
227000130,11,148,-137
227000131,18,100,-82
227000132,11,75,-64
227000133,8,64,-56
227000134,15,136,-121
227000152,0,18,-18
227000153,0,82,-82
227000154,0,44,-44
227000155,0,17,-17
227000156,0,11,-11
227000165,10,98,-88
227000196,661,113,548
227000199,512,176,336
227000230,9,136,-127
227000232,830,18,812
227000242,50,221,-171
227000243,421,46,375
227000245,13,206,-193
227000246,77,187,-110
227000247,522,52,470
227000248,153,24,129
227000249,26,54,-28
227000250,286,172,114
227000251,55,108,-53
227000252,28,116,-88
227000253,217,7,210
227000262,498,33,465
227000266,2069,17,2052
227000267,15,545,-530
227000282,5,47,-42
227000284,726,17,709
227000286,2,29,-27
227000291,13,185,-172
227000296,157,222,-65
227000484,198,8,190
227000485,16,487,-471
227000655,205,1,204
227000656,706,23,683
227000657,96,6,90
227000704,132,6,126
229000265,15,5,10
229000266,6,0,6
229000267,11,1,10
229000268,16,0,16
229000269,7,0,7
229000274,1,30,-29
229000275,0,32,-32
229000276,2,13,-11
229000277,4,3,1
229000278,1,9,-8
229000295,18,30,-12
229000296,2,15,-13
229000297,4,15,-11
229000298,9,111,-102
229000320,16,7,9
229000321,11,7,4
229000412,20,41,-21
229000414,13,44,-31
229000415,12,3,9
229000416,4,8,-4
229000417,3,8,-5
229000419,76,263,-187
229000440,372,89,283
229000442,30,18,12
229000443,7,3,4
229000444,2,32,-30
229000445,108,7,101
229000446,130,17,113
229000491,3,18,-15
229000492,8,35,-27
229000493,9,44,-35
229000494,54,2,52
229000495,143,2,141
229000496,73,2,71
229000507,0,37,-37
229000508,0,19,-19
229000509,3,52,-49
229000510,0,20,-20
229000511,0,42,-42
229000512,0,18,-18
229000513,0,3,-3
229000514,2,3,-1
229000517,5,6,-1
229000518,14,16,-2
229000519,0,6,-6
229000520,3,16,-13
229000521,61,8,53
229000522,11,7,4
229000523,5,2,3
229000524,3,2,1
229000527,2,0,2
229000528,0,0,0
229000529,17,0,17
229000530,124,4,120
229000531,66,0,66
229000532,13,1,12
229000533,83,3,80
229000534,60,1,59
229000564,114,0,114
229000565,52,0,52
229000566,0,1,-1
229000567,0,12,-12
229000582,73,3,70
229000583,8,3,5
229000584,0,16,-16
229000585,2,65,-63
229000718,0,2,-2
229000719,0,1,-1
229000720,0,7,-7
229000721,0,16,-16
229000722,0,7,-7
229000723,0,3,-3
229000724,0,1,-1
229000725,0,1,-1
229000738,3,1,2
229000739,1,0,1
229000740,2,0,2
229000741,31,0,31
229000742,13,0,13
229000743,20,0,20
229000744,4,0,4
229000745,2,0,2
229000746,24,0,24
229000847,57,0,57
229000848,46,1,45
229000849,86,1,85
229000851,67,0,67
229000854,0,5,-5
229000856,3,39,-36
229000857,0,39,-39
229000858,0,29,-29
229000919,6,38,-32
229000930,1,152,-151
229000937,72,8,64
229000966,50,61,-11
229000981,34,15,19
229000985,26,31,-5
229000986,3,3,0
229000987,1,2,-1
229000988,3,3,0
229000989,14,7,7
229000990,0,2,-2
229000991,5,7,-2
229000992,24,9,15
229000993,204,27,177
229000998,16,58,-42
229000999,101,13,88
229001034,0,16,-16
229001035,8,2,6
229001036,3,38,-35
229001037,76,2,74
229001038,0,8,-8
229001039,1,0,1
229001040,0,36,-36
229001041,53,0,53
229001042,38,6,32
229001047,19,24,-5
229001050,31,14,17
229001168,0,14,-14
229001200,31,9,22
229001338,3,22,-19
229001394,200,1,199
229001422,95,13,82
229001423,17,91,-74
229001431,45,34,11
229001432,19,47,-28
229001444,274,67,207
229001445,45,99,-54
229001479,30,1,29
229001503,187,55,132
229001504,146,48,98
229001505,125,14,111
229001506,73,50,23
229001509,35,2,33
229001510,3,35,-32
229001545,109,3,106
229001546,6,49,-43
229001553,106,18,88
229001554,23,57,-34
229001630,73,10,63
229001631,15,18,-3
229001635,2,10,-8
229001636,5,0,5
229001658,1,66,-65
229001659,48,0,48
229001660,9,5,4
229001661,4,42,-38
229001662,10,0,10
229001663,0,11,-11
229002584,224,212,12
229002831,163,123,40
229002841,16,8,8
229002842,46,14,32
229002843,79,30,49
229002844,24,45,-21
229002845,21,105,-84
229002846,22,17,5
229002847,1,10,-9
229002848,17,9,8
229002849,3,66,-63
229002850,9,0,9
229002851,20,153,-133
229002852,143,24,119
229002853,162,12,150
229002854,52,63,-11
229002855,6,27,-21
229002856,66,22,44
229002857,13,152,-139
229002858,19,7,12
229002859,17,62,-45
229002860,107,23,84
229002861,48,46,2
229002862,21,39,-18
229002863,21,12,9
229002864,25,30,-5
229002865,9,5,4
229002866,33,16,17
229002867,0,27,-27
229002868,19,10,9
229002869,20,119,-99
229002870,108,24,84
235000066,150,42,108
235000067,76,59,17
235000072,41,69,-28
235000073,81,284,-203
235000074,71,28,43
235000080,17,52,-35
235000081,113,57,56
235000082,222,10,212
235000083,371,27,344
235000084,78,30,48
235000085,204,23,181
235000089,28,14,14
235000092,41,89,-48
235000093,13,1,12
235000097,1,4,-3
235000098,41,4,37
235000099,30,10,20
235000116,24,16,8
235000117,266,10,256
235000133,8,438,-430
235000134,5,183,-178
235000206,9,7,2
235000207,5,3,2
235000208,1,6,-5
235000209,2,2,0
235000210,11,0,11
235000212,4,6,-2
235000213,1,8,-7
235000220,2,6,-4
235000221,43,22,21
235000238,13,194,-181
235000239,3,47,-44
235000242,421,1054,-633
235000245,280,148,132
235000246,9,45,-36
235000284,2,160,-158
235000295,56,9,47
235000305,311,16,295
235000306,325,8,317
235000307,13,0,13
235000308,20,0,20
235000309,88,1,87
235000310,47,1,46
235000311,69,16,53
235000322,0,42,-42
235000323,0,26,-26
235000324,1,22,-21
235000325,0,37,-37
235000326,4,64,-60
235000351,4,68,-64
235000352,15,62,-47
235000353,6,26,-20
235000354,2,61,-59
235000355,20,114,-94
235000356,84,4,80
235000357,49,5,44
235000358,48,10,38
235000359,27,6,21
235000360,56,8,48
235000361,40,5,35
235000381,78,64,14
235000382,234,20,214
235000390,9,0,9
235000391,170,5,165
235000392,234,266,-32
235000393,145,119,26
235000395,169,46,123
235000396,588,84,504
235000400,263,49,214
235000401,14,59,-45
235000405,80,98,-18
235000406,30,118,-88
235000407,30,44,-14
235000409,89,45,44
235000410,43,117,-74
235000411,4,24,-20
235000485,0,9,-9
235000486,3,0,3
235000549,104,57,47
235000550,93,64,29
235000599,134,29,105
235000600,3,15,-12
235000601,11,20,-9
235000602,73,32,41
235000614,2,10,-8
235000648,0,11,-11
235000649,21,4,17
235000685,1,7,-6
235000815,17,275,-258
235000834,0,10,-10
235000855,54,26,28
235000862,67,56,11
235000891,0,10,-10
235000892,87,60,27
235000901,61,31,30
235000907,8,7,1
235001010,93,24,69
235001029,217,117,100
235001030,343,147,196
235001078,98,65,33
235001079,29,45,-16
235001147,6,58,-52
235001166,10,19,-9
235001167,40,23,17
235001169,18,334,-316
235001188,1,3,-2
235001189,5,10,-5
235001197,1,18,-17
235001200,75,41,34
235001208,19,12,7
235001209,12,56,-44
235001210,6,61,-55
235001239,0,20,-20
235001244,0,7,-7
235016267,0,52,-52
241900007,72,0,72
277101746,0,3,-3
277102712,3,2,1
277103813,0,0,0
277103814,0,0,0
277103898,0,0,0
990011530,1,168,-167
990014944,0,250,-250
990015176,35,6,29
990015618,0,93,-93
990016032,0,220,-220
990032570,8,399,-391
990070001,62,1,61
990070103,0,3,-3
990070601,0,61,-61
990070751,1642,3,1639
990070766,0,199,-199
990071180,529,273,256
990071343,12,1,11
990071387,0,2,-2
990071823,439,1,438
990072600,1,1458,-1457
990072964,2,286,-284
990073285,0,7,-7
990074393,2,495,-493
990074870,1825,9,1816
990075106,743,8,735
990075746,716,6,710
990076437,2157,2,2155
990076458,1,262,-261
997000007,267,16,251
997000041,0,287,-287
997000058,47,1,46
997000062,35,0,35
997000069,0,6,-6
997000070,0,25,-25
997000100,70,2,68
997000141,7,1182,-1175
997000198,7,781,-774
998000475,0,0,0
998000736,2,89,-87
998000965,0,23,-23
998001031,0,58,-58
998001700,0,25,-25
998001899,0,0,0
998001900,4,0,4
998003073,1036,2,1034
998101900,0,0,0
998102850,1,346,-345
998501927,475,1167,-692
998501929,85,1,84
998501930,51,1,50
998501931,148,2,146
998501932,2,0,2
998501933,69,0,69
998501937,21,2,19
998501944,6,0,6
998501970,57,5,52
998501971,0,66,-66
998501972,346,4,342
998501973,0,30,-30
998501974,1,194,-193
998501975,95,23,72
998501976,70,5,65
998501977,0,12,-12
998501978,8,0,8
998501979,0,6,-6
998501980,86,0,86
998501981,54,1,53
998501982,0,176,-176
998502006,0,0,0
998502024,0,4,-4
998502032,0,3,-3
998502062,16,1,15
998502063,0,0,0
998502173,18,0,18
998502269,0,4,-4
998601159,1,64,-63
998601292,0,10,-10
999033574,0,99,-99
999800001,109,51,58
999800002,0,3,-3
999800003,2,1,1
999800004,0,6,-6
999800005,0,5,-5
