ID,insum,outsum,diff
100000001,722,1188,-466
100000002,3879,2847,1032
100000003,6488,5558,930
100000004,1518,1435,83
100000005,2574,5314,-2740
100000006,871,169,702
100000007,2419,846,1573
100000008,576,615,-39
100000009,1218,513,705
100000010,123,84,39
100000011,1242,159,1083
100000012,85,974,-889
100000013,327,251,76
100000014,1157,361,796
100000015,2288,2521,-233
100000016,1110,1933,-823
100000017,1042,1208,-166
100000018,1609,764,845
100000019,4354,2294,2060
100000020,2498,7189,-4691
100000021,5600,3048,2552
100000022,1897,2915,-1018
100000023,5704,2346,3358
100000025,1934,1712,222
100000028,2036,1536,500
100000029,346,450,-104
100000030,341,104,237
100000031,5417,7622,-2205
100000032,2442,3954,-1512
100000033,1008,2509,-1501
100000034,578,793,-215
100000035,2052,2019,33
100000036,2393,1536,857
100000037,980,455,525
100000038,2597,1160,1437
100000039,703,244,459
100000040,225,174,51
100000041,1732,601,1131
100000042,1311,565,746
100000043,1280,580,700
100000044,436,1086,-650
100000045,531,1294,-763
100000046,1259,970,289
100000047,365,675,-310
100000048,427,637,-210
100000049,1808,2086,-278
100000051,594,1079,-485
100000053,246,4,242
100000054,428,53,375
100000055,1160,307,853
100000056,592,506,86
100000057,2136,690,1446
100000058,1018,1345,-327
100000059,13,134,-121
100000060,441,366,75
100000061,2740,533,2207
100000062,2263,748,1515
100000063,1049,323,726
100000064,1456,297,1159
100000065,431,882,-451
100000066,170,649,-479
100000067,484,804,-320
100000068,567,1945,-1378
100000069,314,1555,-1241
100000072,243,806,-563
100000073,1150,1185,-35
100000075,712,276,436
100000076,2550,2878,-328
100000077,287,228,59
100000078,70,48,22
100000079,42,72,-30
100000080,43,67,-24
100000081,208,244,-36
100000102,2933,2299,634
100000103,3267,2176,1091
100000104,5084,3267,1817
100000105,3245,2029,1216
100000106,3405,2702,703
100000107,961,1223,-262
100000108,793,1270,-477
100000109,2543,1503,1040
100000116,1612,1205,407
100000117,123,136,-13
100000118,1676,1600,76
100000119,710,879,-169
100000121,260,508,-248
100000122,940,1157,-217
100000123,3545,5024,-1479
100000124,5879,7911,-2032
100000125,4567,2550,2017
100000126,899,539,360
100000127,1808,445,1363
100000128,1884,3437,-1553
100000129,653,487,166
100000130,608,602,6
100000131,2564,3083,-519
100000132,1538,3667,-2129
100000133,5620,2825,2795
100000135,808,1390,-582
100000139,522,314,208
100000140,487,378,109
100000142,624,683,-59
100000143,923,519,404
100000144,3504,1072,2432
100000147,1394,3210,-1816
100000150,46,413,-367
100000151,1478,1285,193
100000153,302,452,-150
100000154,76,327,-251
100000155,42,54,-12
100000156,682,656,26
100000157,188,184,4
100000158,444,139,305
100000159,252,611,-359
100000165,1563,1093,470
100000169,422,731,-309
100000174,927,838,89
100000179,138,615,-477
100000180,2272,2375,-103
100000181,599,277,322
100000188,66,293,-227
100000189,1167,405,762
100000190,941,1265,-324
100000191,922,873,49
100000192,74,97,-23
100000193,401,227,174
100000330,1592,1214,378
100000355,252,665,-413
100000362,4604,3309,1295
100000363,4732,4760,-28
100000364,257,270,-13
100000365,6444,7705,-1261
100000366,5800,3418,2382
100000367,5976,6531,-555
100000368,3058,1792,1266
100000369,1643,2204,-561
100000370,292,896,-604
100000376,124,217,-93
100000379,2455,2144,311
100000380,5047,4780,267
100000384,6626,6115,511
100000385,5072,5645,-573
100000386,9210,6006,3204
100000387,6219,6912,-693
100000388,8575,8315,260
100000389,9920,8058,1862
100000390,10626,8097,2529
100000391,7760,9977,-2217
100000392,4314,4638,-324
100000393,3576,5708,-2132
100000394,9264,10141,-877
100000395,6681,4864,1817
100000396,9271,4873,4398
100000397,6970,8428,-1458
100000398,11668,9267,2401
100900002,7,34,-27
100900003,537,210,327
100900004,35,1055,-1020
100900005,191,30,161
100900006,43,102,-59
100900007,676,24,652
100900008,4,454,-450
100900009,117,193,-76
100900010,104,113,-9
100900011,164,205,-41
100900012,1,210,-209
100900013,970,18,952
100900014,5,16,-11
100900015,101,141,-40
100900016,7,50,-43
100900017,1050,115,935
100900018,2,15,-13
100900019,51,139,-88
100900020,393,29,364
100900021,439,0,439
100900022,37,62,-25
100900023,1,32,-31
100900024,977,15,962
100900025,48,14,34
100900026,173,138,35
100900027,747,3225,-2478
100900028,133,258,-125
100900029,77,17,60
100900030,3,136,-133
100900031,732,44,688
100900032,242,1,241
100900033,369,292,77
100900034,597,6,591
100900035,552,3,549
100900036,26,2,24
100900037,136,214,-78
100900038,127,64,63
100900039,259,607,-348
100900040,442,677,-235
100900041,996,737,259
100900042,1919,2021,-102
100900043,0,28,-28
100900044,2166,583,1583
100900045,38,2,36
100900046,1427,17,1410
100900047,1200,477,723
100900048,266,76,190
100900049,179,161,18
100900050,4,16,-12
100900051,92,112,-20
100900052,564,76,488
100900053,473,31,442
100900054,17,54,-37
100900055,392,834,-442
100900056,183,253,-70
100900057,1827,1414,413
100900058,350,96,254
100900059,146,6,140
100900060,234,10,224
100900061,412,261,151
100900062,14,54,-40
100900063,318,656,-338
100900064,809,27,782
100900065,123,106,17
100900066,200,203,-3
100900067,6,9,-3
100900068,156,101,55
100900069,463,10,453
100900070,449,10,439
100900071,809,329,480
100900072,9,37,-28
100900073,201,332,-131
100900074,14,26,-12
100900075,2128,445,1683
100900076,24,55,-31
100900077,24,113,-89
100900078,145,372,-227
100900079,13,41,-28
100900080,48,155,-107
100900081,53,146,-93
100900082,180,505,-325
100900083,25,33,-8
100900085,35,496,-461
100900086,171,829,-658
100900088,162,540,-378
100900089,3,15,-12
100900090,203,602,-399
100900091,3,27,-24
100900092,342,202,140
100900093,280,316,-36
100900094,165,453,-288
100900095,9,36,-27
100900096,72,150,-78
100900097,1,5,-4
100900098,25,27,-2
100900099,62,691,-629
100900100,34,743,-709
100900101,330,63,267
100900102,191,208,-17
100900103,10,24,-14
100900104,16,240,-224
100900105,51,983,-932
100900106,48,11,37
100900107,1960,930,1030
100900108,1,84,-83
100900109,40,69,-29
100900110,7,31,-24
100900111,79,194,-115
100900112,23,34,-11
100900113,8,37,-29
100900114,19,22,-3
100900115,10,37,-27
100900116,1086,818,268
100900117,411,1037,-626
100900118,14,36,-22
100900119,24,18,6
100900120,9,15,-6
100900121,498,645,-147
100900122,309,263,46
100900123,95,245,-150
100900124,19,18,1
100900125,22,84,-62
100900126,237,310,-73
100900127,4,12,-8
100900128,121,185,-64
100900129,0,174,-174
100900131,121,350,-229
100900133,81,61,20
100900134,5,6,-1
100900135,1,226,-225
100900137,399,250,149
100900138,649,563,86
100900139,33,6,27
100900140,6,539,-533
100900141,5,663,-658
100900142,3,13,-10
100900143,1024,632,392
100900144,40,12,28
100900145,196,224,-28
100900146,9,114,-105
100900147,21,765,-744
100900148,48,607,-559
100900149,42,308,-266
100900150,4,66,-62
100900151,169,631,-462
100900152,222,4,218
100900153,0,258,-258
100900154,34,140,-106
100900155,30,25,5
100900156,45,9,36
100900157,9,313,-304
100900158,714,222,492
100900159,2,58,-56
100900160,41,10,31
100900161,66,14,52
100900162,37,622,-585
100900163,194,233,-39
100900164,65,56,9
100900165,21,43,-22
100900166,36,4,32
100900167,37,113,-76
100900168,53,242,-189
100900169,156,1031,-875
100900170,74,10,64
100900171,25,583,-558
100900172,0,22,-22
100900173,6,371,-365
100900174,705,61,644
100900176,2344,329,2015
100900177,790,447,343
100900178,291,123,168
100900179,256,593,-337
100900180,6,4,2
100900181,97,77,20
100900182,52,36,16
100900184,18,180,-162
100900186,688,515,173
100900187,17,92,-75
100900188,49,24,25
100900189,1851,326,1525
100900191,1262,1131,131
100900192,324,526,-202
100900195,146,186,-40
100900197,75,60,15
100900198,48,254,-206
100900199,13,24,-11
100900200,823,515,308
100900201,140,995,-855
100900202,40,0,40
100900203,1,129,-128
100900204,426,1097,-671
100900205,221,559,-338
100900206,193,92,101
100900207,342,176,166
100900210,73,612,-539
100900211,731,225,506
100900213,189,88,101
100900214,776,148,628
100900215,18,60,-42
100900217,195,104,91
101000001,4272,2762,1510
101000002,6354,6339,15
101000003,512,1677,-1165
101000004,8006,7085,921
101000005,4558,5198,-640
101000006,6274,7086,-812
101000007,2902,4089,-1187
101000008,3646,3085,561
101000009,2370,1386,984
101000010,1031,1248,-217
101000011,1725,756,969
101000012,1478,917,561
101000013,716,1259,-543
101000014,572,743,-171
101000015,1335,966,369
101000016,460,544,-84
101000017,761,685,76
101000018,3361,2790,571
101000020,2793,1258,1535
101000021,972,544,428
101000022,264,132,132
101000023,1694,917,777
101000025,340,496,-156
101000026,338,33,305
101000027,2473,2933,-460
101000028,1027,267,760
101000029,354,2255,-1901
101000030,2573,216,2357
101000031,1758,1272,486
101000032,11328,6493,4835
101000033,3145,4402,-1257
101000034,2980,2200,780
101000035,1436,618,818
101000036,2500,1426,1074
101000037,3746,2607,1139
101000039,2682,3212,-530
101000040,3959,4278,-319
101000041,12303,10399,1904
101000042,698,1798,-1100
101000043,9165,10086,-921
101000045,2317,1295,1022
101000046,5517,2403,3114
101000047,3293,5492,-2199
101000048,932,719,213
101000049,961,2428,-1467
101000050,2885,3147,-262
101000051,2702,3546,-844
101000052,2023,1429,594
101000053,1312,1674,-362
101000054,2449,1636,813
101000055,1624,1540,84
101000056,83,167,-84
101000057,2456,1465,991
101000058,1347,1663,-316
101000059,2610,2546,64
101000060,2154,788,1366
101000061,1138,1579,-441
101000062,1093,898,195
101000063,706,1074,-368
101000064,1381,1289,92
101000065,493,515,-22
101000066,1239,978,261
101000067,1566,1212,354
101000068,340,545,-205
101000069,443,164,279
101000070,1507,1587,-80
101000071,2179,1102,1077
101000072,1008,4076,-3068
101000073,1058,1412,-354
101000074,8134,5337,2797
101000075,6395,7469,-1074
101000077,2117,1465,652
101000078,1286,2296,-1010
101000079,846,529,317
101000080,658,611,47
101000081,2192,1756,436
101000082,3582,3338,244
101000083,3205,2415,790
101000084,1560,1013,547
101000085,1930,1468,462
101000086,1399,1300,99
101000087,1120,1152,-32
101000088,1616,1342,274
101000089,1331,1881,-550
101000090,2180,1324,856
101000091,490,807,-317
101000092,1129,1105,24
101000093,1560,1044,516
101000094,1204,1098,106
101000095,597,603,-6
101000096,504,659,-155
101000097,591,605,-14
101000098,490,677,-187
101000099,1302,1310,-8
101000100,1118,1043,75
101000101,455,534,-79
101000102,1065,583,482
101000103,998,677,321
101000104,494,687,-193
101000105,630,416,214
101000106,753,793,-40
101000107,361,354,7
101000108,931,332,599
101000109,442,91,351
101000110,58,513,-455
101000111,135,250,-115
101000113,298,767,-469
101000114,11901,9475,2426
101000115,345,209,136
101000116,168,101,67
101000117,1472,258,1214
101000119,90,116,-26
101000120,206,72,134
101000121,117,69,48
101000122,209,161,48
101000123,91,181,-90
101000124,879,352,527
101000125,212,545,-333
101000128,693,599,94
101000130,353,496,-143
101000131,850,580,270
101000132,842,961,-119
101000135,66,73,-7
101000136,656,329,327
101000137,49,416,-367
101000141,1627,3659,-2032
101000147,838,449,389
101000148,1190,38,1152
101000149,171,253,-82
101000150,111,743,-632
101000151,237,56,181
101000152,461,487,-26
101000153,585,348,237
101000154,294,1085,-791
101000155,447,175,272
101000156,44,323,-279
101000157,55,40,15
101000160,124,88,36
101000163,312,327,-15
101000164,443,496,-53
101000165,355,456,-101
101000166,341,403,-62
101000168,1083,549,534
101000252,2124,931,1193
101000254,640,130,510
101000258,49,6,43
101000261,180,60,120
101000262,1455,2444,-989
101000263,520,1705,-1185
101000265,103,974,-871
101000266,500,498,2
101000269,31,15,16
101000290,1718,3098,-1380
101000293,62,67,-5
101000294,906,541,365
101000295,183,545,-362
101000301,830,644,186
101000304,2181,2916,-735
101000305,3280,1582,1698
101900001,21,62,-41
101900002,0,11,-11
101900003,44,125,-81
101900004,5,78,-73
101900005,3597,2597,1000
101900006,1499,106,1393
101900007,1148,327,821
101900008,137,465,-328
101900009,94,591,-497
101900010,880,708,172
101900011,395,1437,-1042
101900012,311,335,-24
101900013,1031,233,798
101900017,12,165,-153
101900018,1202,315,887
101900019,253,161,92
101900020,519,219,300
101900021,3,47,-44
101900022,169,1093,-924
101900023,219,217,2
102000001,2801,4989,-2188
102000002,2978,1214,1764
102000003,3660,8657,-4997
102000004,7216,3754,3462
102000005,1524,2134,-610
102000006,1423,2157,-734
102000007,1831,4624,-2793
102000008,4152,1785,2367
102000009,7081,8794,-1713
102000010,6327,3970,2357
102000011,3471,3051,420
102000012,3538,3446,92
102000018,3477,3028,449
102000019,2474,1748,726
102000026,332,691,-359
102000029,548,308,240
102000030,107,442,-335
102000031,96,147,-51
102000032,579,321,258
102000033,302,426,-124
102000034,648,478,170
102000035,1707,871,836
102000036,20,276,-256
102000037,193,84,109
102000038,262,391,-129
102000039,252,119,133
102000040,530,371,159
102000041,250,401,-151
102000042,357,420,-63
102000043,450,335,115
102000044,384,433,-49
102000045,937,960,-23
102000046,1298,692,606
102000047,993,1219,-226
102000048,489,921,-432
102000049,1158,914,244
102000050,1415,1387,28
102000051,520,710,-190
102000052,1391,922,469
102000053,1106,1144,-38
102000054,653,1040,-387
102000055,1269,644,625
102000056,1078,1358,-280
102000057,1924,695,1229
102000058,1502,1613,-111
102000059,1667,1499,168
102000060,1315,1152,163
102000061,1728,1969,-241
102000062,1894,1206,688
102000063,1299,1494,-195
102000064,646,798,-152
102000065,62,171,-109
102000066,883,866,17
102000067,2277,3255,-978
102000068,8853,2678,6175
102000069,114,1845,-1731
102000070,1563,49,1514
102000071,7456,9785,-2329
102000072,3402,4164,-762
102000073,1795,1444,351
102000074,969,1627,-658
102000075,227,413,-186
102000076,221,517,-296
102000077,778,729,49
102000078,1132,730,402
102000079,194,257,-63
102000080,264,304,-40
102000081,480,810,-330
102000082,627,502,125
102000083,639,374,265
102000084,367,346,21
102000085,2175,1176,999
102000086,1490,1387,103
102000087,1096,1731,-635
102000088,471,438,33
102000089,1444,487,957
102000090,808,1369,-561
102000091,1686,904,782
102000092,401,782,-381
102000093,671,676,-5
102000094,1319,789,530
102000095,1412,1566,-154
102000096,1071,956,115
102000097,1198,1128,70
102000098,746,954,-208
102000099,1137,998,139
102000100,964,1558,-594
102000101,1490,1055,435
102000102,389,1353,-964
102000103,1682,557,1125
102000104,819,369,450
102000105,350,564,-214
102000106,948,702,246
102000107,1350,581,769
102000108,1074,212,862
102000109,605,621,-16
102000110,1164,1230,-66
102000111,27,264,-237
102000112,422,158,264
102000113,22,23,-1
102000114,817,400,417
102000115,325,365,-40
102000116,744,663,81
102000117,257,1196,-939
102000118,1597,1262,335
102000119,1673,1330,343
102000120,253,604,-351
102000121,1164,718,446
102000122,925,1168,-243
102000123,1463,1520,-57
102000124,1786,1331,455
102000125,1348,1054,294
102000126,1188,922,266
102000127,1519,835,684
102000128,854,1241,-387
102000129,1770,992,778
102000130,871,1121,-250
102000131,2092,951,1141
102000132,699,1474,-775
102000133,2046,1934,112
102000134,916,865,51
102000135,1013,905,108
102000136,1335,643,692
102000137,1282,1488,-206
102000138,394,621,-227
102000139,164,587,-423
102000140,379,795,-416
102000141,619,1124,-505
102000142,462,431,31
102000143,173,528,-355
102000144,406,450,-44
102000145,520,659,-139
102000146,574,425,149
102000147,717,537,180
102000148,292,486,-194
102000149,190,437,-247
102000150,456,143,313
102000151,109,326,-217
102000152,207,132,75
102000153,1235,564,671
102000154,347,661,-314
102000155,139,402,-263
102000156,446,218,228
102000157,130,493,-363
102000158,374,346,28
102000159,1036,533,503
102000161,4129,2580,1549
102000162,180,200,-20
102000163,177,745,-568
102000164,1320,1329,-9
102000165,327,199,128
102000166,99,220,-121
102000167,303,314,-11
102000168,389,183,206
102000169,140,501,-361
102000170,633,318,315
102000171,289,418,-129
102000172,314,552,-238
102000173,522,340,182
102000174,115,60,55
102000175,165,80,85
102000176,86,36,50
102000178,233,425,-192
102000179,420,211,209
102000180,898,458,440
102000181,799,553,246
102000182,660,566,94
102000183,1769,1727,42
102000184,1932,857,1075
102000185,2995,1453,1542
102000186,1259,1868,-609
102000187,949,1515,-566
102000188,1175,1469,-294
102000189,2663,862,1801
102000190,878,2885,-2007
102000191,1633,690,943
102000192,1413,1547,-134
102000193,85,151,-66
102000194,74,139,-65
102000195,496,487,9
102000196,236,441,-205
102000197,752,481,271
102000198,221,1013,-792
102000199,1151,398,753
102000200,339,1254,-915
102000201,1372,539,833
102000202,7,109,-102
102000203,452,233,219
102000204,508,684,-176
102000205,1316,490,826
102000206,849,770,79
102000207,786,602,184
102000208,445,496,-51
102000209,89,81,8
102000210,483,455,28
102000211,598,310,288
102000212,355,19,336
102000213,10,320,-310
102000214,315,13,302
102000215,16,439,-423
102000216,92,67,25
102000217,11,130,-119
102000218,277,205,72
102000219,412,276,136
102000225,613,772,-159
102000226,3765,1468,2297
102000227,210,3,207
102000228,1,109,-108
102000229,51,60,-9
102000230,327,435,-108
102000231,314,444,-130
102000232,25,138,-113
102000233,522,802,-280
102000234,154,1296,-1142
102000236,373,102,271
102000237,448,186,262
102000238,195,326,-131
102000240,712,723,-11
102000241,305,180,125
102000243,40,61,-21
102000245,59,109,-50
102000246,16,40,-24
102000247,281,498,-217
102000248,262,586,-324
102000249,170,159,11
102000250,69,367,-298
102000254,131,264,-133
102000266,40,460,-420
102000271,19,1,18
102000286,443,469,-26
102000297,2163,1159,1004
102000299,0,0,0
102000300,0,0,0
102000301,0,14,-14
102000303,0,2,-2
102000305,0,0,0
102000306,0,0,0
102000307,0,7,-7
102000308,0,1,-1
102900001,1585,804,781
102900002,491,74,417
102900003,92,216,-124
102900005,449,328,121
102900006,536,206,330
102900007,618,34,584
102900008,229,63,166
102900009,804,530,274
102900010,471,909,-438
102900011,1852,480,1372
102900012,467,93,374
102900013,42,73,-31
102900015,918,685,233
102900016,80,142,-62
102900017,223,579,-356
102900018,63,111,-48
102900019,549,539,10
102900020,217,34,183
102900021,42,101,-59
102900022,628,212,416
102900023,50,50,0
102900024,38,49,-11
102900025,261,138,123
102900026,520,2356,-1836
102900027,99,78,21
102900028,192,880,-688
102900029,287,232,55
102900030,685,312,373
102900031,237,141,96
102900032,121,172,-51
102900033,156,238,-82
102900034,684,113,571
102900035,177,391,-214
102900036,415,577,-162
102900037,387,553,-166
102900038,571,538,33
102900039,65,686,-621
102900040,166,336,-170
102900041,110,161,-51
102900042,240,283,-43
102900043,164,256,-92
102900044,723,1750,-1027
102900045,201,489,-288
102900046,160,220,-60
102900047,130,606,-476
102900048,655,594,61
102900049,192,436,-244
102900050,391,313,78
102900051,235,241,-6
102900052,76,67,9
102900053,458,637,-179
102900054,793,1287,-494
102900055,194,280,-86
102900056,174,448,-274
102900057,14,59,-45
102900058,399,99,300
102900059,34,70,-36
102900060,192,547,-355
102900061,218,481,-263
102900062,310,1001,-691
102900063,1359,458,901
102900064,165,467,-302
102900065,1324,535,789
102900066,383,40,343
102900068,144,107,37
102900070,356,640,-284
102900072,18,62,-44
102900073,164,12,152
102900074,261,340,-79
102900075,22,49,-27
102900076,190,180,10
102900077,96,39,57
102900078,46,94,-48
102900079,205,15,190
102900080,378,50,328
102900081,128,482,-354
102900082,13,255,-242
102900083,230,30,200
102900084,14,44,-30
102900085,441,176,265
102900086,19,88,-69
102900087,166,195,-29
102900088,50,46,4
102900089,236,149,87
102900090,2,392,-390
102900091,221,7,214
102900092,465,738,-273
102900093,382,288,94
102900094,2,180,-178
102900095,179,4,175
102900096,43,8,35
102900097,373,525,-152
103000001,2491,2611,-120
103000002,2272,2718,-446
103000003,3774,3100,674
103000004,956,815,141
103000005,1929,3005,-1076
103000006,754,1509,-755
103000007,497,785,-288
103000008,1012,750,262
103000009,1277,1023,254
103000010,156,113,43
103000011,1783,1511,272
103000012,1655,1581,74
103000013,4330,2361,1969
103000014,1664,2860,-1196
103000015,1774,690,1084
103000016,585,1484,-899
103000017,261,327,-66
103000018,801,389,412
103000019,358,330,28
103000020,2418,1442,976
103000021,2061,1696,365
103000022,878,1051,-173
103000023,653,1676,-1023
103000024,93,135,-42
103000025,152,668,-516
103000026,1140,165,975
103000027,399,683,-284
103000028,484,417,67
103000029,328,319,9
103000030,1626,1135,491
103000031,1443,1899,-456
103000032,2343,1887,456
103000033,2986,2868,118
103000034,1788,1339,449
103000035,521,1514,-993
103000036,496,635,-139
103000037,646,612,34
103000038,726,1079,-353
103000039,459,357,102
103000040,466,858,-392
103000041,1635,2135,-500
103000042,1284,455,829
103000043,633,922,-289
103000044,297,214,83
103000046,416,453,-37
103000047,737,773,-36
103000048,187,249,-62
103000049,145,233,-88
103000050,764,543,221
103000051,629,587,42
103000052,810,447,363
103000053,202,678,-476
103000054,2849,1535,1314
103000055,1940,2332,-392
103000056,742,1326,-584
103000057,667,298,369
103000058,848,1008,-160
103000059,570,893,-323
103000060,861,699,162
103000061,450,956,-506
103000062,1468,550,918
103000063,924,1036,-112
103000064,160,189,-29
103000065,12,398,-386
103000066,253,18,235
103000069,483,345,138
103000070,1160,808,352
103000071,1335,644,691
103000072,180,829,-649
103000073,676,146,530
103000074,749,102,647
103000075,229,693,-464
103000076,409,363,46
103000077,50,380,-330
103000078,912,667,245
103000079,798,587,211
103000080,1106,450,656
103000081,676,1166,-490
103000082,603,233,370
103000083,111,332,-221
103000084,175,10,165
103000085,5,102,-97
103000086,632,393,239
103000087,211,669,-458
103000088,268,317,-49
103000089,288,472,-184
103000090,2139,924,1215
103000091,689,494,195
103000092,308,312,-4
103000093,313,368,-55
103000094,252,131,121
103000095,86,364,-278
103000096,768,124,644
103000097,92,798,-706
103000098,956,290,666
103000099,413,752,-339
103000100,135,835,-700
103000101,899,133,766
103000102,142,635,-493
103000103,740,163,577
103000104,86,120,-34
103000105,150,77,73
103000106,24,178,-154
103000107,201,75,126
103000108,743,603,140
103000109,534,460,74
103000110,486,499,-13
103000111,668,473,195
103000112,372,216,156
103000113,910,746,164
103000114,1459,570,889
103000115,654,472,182
103000116,652,359,293
103000117,475,561,-86
103000118,696,741,-45
103000119,1189,613,576
103000120,83,163,-80
103000121,349,583,-234
103000122,462,544,-82
103000125,23,309,-286
103000126,941,6,935
103000127,4,205,-201
103000128,226,2,224
103000129,2,182,-180
103000130,96,44,52
103000131,207,154,53
103000132,89,184,-95
103000133,26,129,-103
103000134,665,905,-240
103000135,753,418,335
103000136,841,530,311
103000137,610,704,-94
103000138,972,861,111
103000139,22,93,-71
103000140,164,43,121
103000141,132,156,-24
103000142,248,135,113
103000143,107,224,-117
103000144,327,103,224
103000145,33,118,-85
103000150,95,46,49
103000152,179,305,-126
103000153,228,138,90
103000156,5,378,-373
103000157,592,3,589
103000159,158,66,92
103000162,92,17,75
103000163,13,35,-22
103000164,21,11,10
103000165,122,284,-162
103000166,224,253,-29
103000167,206,116,90
103000168,89,159,-70
103000169,259,424,-165
103000170,858,388,470
103000171,77,108,-31
103000172,727,315,412
103000173,673,559,114
103000174,207,289,-82
103000175,302,303,-1
103000176,1081,762,319
103000177,550,448,102
103000178,301,306,-5
103000179,356,49,307
103000183,142,20,122
103000185,115,53,62
103000186,137,141,-4
103000187,687,320,367
103000188,24,114,-90
103000189,815,743,72
103000191,708,725,-17
103000292,1656,2041,-385
103000293,1294,2486,-1192
103000295,110,109,1
103000296,315,0,315
103000297,66,93,-27
103000504,131,25,106
103000505,7,22,-15
103000506,6,206,-200
103000507,250,4,246
103000508,94,89,5
103000509,205,607,-402
103900001,6,198,-192
103900002,1301,180,1121
103900003,1580,172,1408
103900004,160,10,150
103900005,9,231,-222
103900006,8,0,8
103900007,119,6,113
103900008,26,2,24
103900009,363,663,-300
103900010,183,441,-258
103900011,369,208,161
103900012,11,19,-8
103900013,96,78,18
103900014,77,30,47
103900015,67,29,38
103900016,371,320,51
103900017,47,110,-63
103900018,697,242,455
103900019,132,441,-309
103900020,213,571,-358
103900021,596,86,510
103900022,1291,831,460
103900023,194,4,190
103900024,148,650,-502
103900025,28,45,-17
103900026,259,1,258
103900027,825,287,538
103900028,28,317,-289
103900029,1148,203,945
103900030,285,107,178
103900031,51,27,24
103900032,140,67,73
103900033,136,21,115
103900034,22,129,-107
103900035,83,56,27
103900036,56,36,20
103900037,135,101,34
103900038,149,229,-80
103900039,81,260,-179
103900040,6,200,-194
103900041,80,72,8
103900042,71,272,-201
103900043,206,112,94
103900044,165,253,-88
103900045,402,188,214
103900047,107,49,58
103900048,393,45,348
103900049,269,1610,-1341
103900050,19,163,-144
103900051,2,49,-47
103900052,271,467,-196
103900053,255,547,-292
103900054,135,436,-301
103900055,440,263,177
103900056,78,68,10
103900057,41,126,-85
103900058,321,633,-312
103900059,0,38,-38
103900060,50,139,-89
103900061,200,42,158
103900062,352,88,264
103900063,18,0,18
103900064,156,9,147
103900065,859,535,324
103900066,189,44,145
103900067,228,8,220
103900068,67,0,67
103900069,104,26,78
103900070,207,240,-33
103900071,15,125,-110
103900072,30,157,-127
103900073,45,30,15
103900074,109,88,21
103900075,377,118,259
103900076,519,545,-26
103900077,64,114,-50
103900078,662,135,527
103900079,232,212,20
103900080,23,34,-11
103900081,83,24,59
103900082,37,159,-122
103900083,1295,1132,163
103900084,89,204,-115
103900085,150,141,9
103900086,880,562,318
103900087,28,93,-65
103900088,398,648,-250
103900089,66,163,-97
103900090,7,151,-144
103900091,1148,264,884
103900092,791,624,167
103900093,114,360,-246
103900094,18,138,-120
103900095,364,282,82
103900096,30,206,-176
103900097,14,466,-452
103900098,324,147,177
103900099,78,116,-38
103900100,237,329,-92
103900101,109,1041,-932
103900102,2,38,-36
103900104,4,27,-23
103900105,116,282,-166
103900106,0,107,-107
103900107,157,185,-28
103900108,37,367,-330
103900109,136,91,45
103900110,250,63,187
103900111,110,520,-410
103900112,162,202,-40
103900113,185,295,-110
103900114,489,366,123
103900115,367,305,62
103900116,5582,3374,2208
103900117,146,122,24
103900119,27,95,-68
103900120,81,88,-7
103900122,149,351,-202
103900123,1493,820,673
103900124,61,473,-412
103900125,134,86,48
103900126,570,406,164
103900127,215,578,-363
103900128,284,218,66
103900131,36,113,-77
103900133,1067,129,938
103900134,0,4,-4
103900135,9,6,3
103900137,0,41,-41
103900138,92,316,-224
103900139,253,2328,-2075
103900140,9,164,-155
103900141,382,81,301
103900142,259,203,56
103900143,61,3,58
103900144,2,70,-68
103900145,239,305,-66
103900146,355,284,71
103900147,381,148,233
103900148,254,361,-107
103900149,358,789,-431
103900150,6937,4243,2694
103900151,55,146,-91
103900152,713,706,7
103900153,11,6,5
103900154,1107,2036,-929
103900155,71,198,-127
103900156,78,169,-91
103900157,53,182,-129
103900158,153,184,-31
103900159,176,72,104
103900160,86,55,31
103900161,108,170,-62
103900162,68,229,-161
103900163,25,448,-423
103900164,31,7,24
103900167,31,137,-106
103900168,106,100,6
103900169,102,53,49
103900170,4,90,-86
103900171,2,57,-55
103900172,7,26,-19
103900173,12,35,-23
103900174,265,65,200
103900175,98,70,28
103900176,6,30,-24
103900177,12,70,-58
103900178,48,71,-23
103900179,68,130,-62
103900180,14,101,-87
103900181,75,66,9
103900182,42,15,27
103900184,523,149,374
103900185,118,405,-287
103900187,15,76,-61
103900188,57,20,37
103900189,144,8,136
103900190,75,60,15
103900191,29,66,-37
103900192,40,153,-113
103900193,197,340,-143
103900194,72,302,-230
103900195,9,70,-61
103900196,143,94,49
103900197,22,39,-17
103900198,14,73,-59
103900199,174,68,106
103900200,222,115,107
103900201,200,284,-84
103900202,39,83,-44
103900203,43,30,13
103900204,1,73,-72
103900207,4,93,-89
103900208,146,1,145
103900209,10,119,-109
103900210,66,62,4
103900211,590,355,235
103900212,137,413,-276
103900213,107,242,-135
103900214,369,208,161
103900215,407,358,49
103900216,12,359,-347
103900217,398,69,329
103900218,1,251,-250
103900219,111,229,-118
103900233,98,7,91
103900235,31,32,-1
103900236,29,1,28
103900242,11,10,1
103900243,10,4,6
103900244,112,197,-85
103900245,104,207,-103
103900246,43,52,-9
103900247,29,76,-47
103900248,7,46,-39
103900249,31,54,-23
103900250,53,19,34
103900251,4,33,-29
103900253,16,76,-60
103900254,10,20,-10
103900255,5,8,-3
103900256,25,46,-21
103900257,19,105,-86
103900258,66,6,60
103900259,92,13,79
103900261,7,7,0
103900262,24,2,22
103900263,35,63,-28
103900264,75,60,15
103900265,85,15,70
103900266,4,138,-134
103900267,8,78,-70
103900268,13,78,-65
103900269,200,124,76
103900270,104,110,-6
104000001,2138,2018,120
104000002,1765,2324,-559
104000003,2373,2198,175
104000004,2630,2733,-103
104000005,1512,1993,-481
104000006,2832,2450,382
104000007,3894,3937,-43
104000008,223,275,-52
104000009,184,123,61
104000010,187,298,-111
104000011,434,300,134
104000012,171,303,-132
104000013,232,216,16
104000014,189,576,-387
104000015,370,135,235
104000016,606,349,257
104000018,933,206,727
104000019,644,234,410
104000020,138,558,-420
104000021,299,561,-262
104000022,148,245,-97
104000023,781,317,464
104000024,266,414,-148
104000026,39,340,-301
104000027,277,245,32
104000028,375,249,126
104000029,291,288,3
104000030,264,232,32
104000031,1396,476,920
104000032,218,234,-16
104000033,725,513,212
104000034,336,270,66
104000035,989,428,561
104000036,745,602,143
104000037,322,275,47
104000038,474,283,191
104000039,245,247,-2
104000040,294,376,-82
104000041,565,353,212
104000042,172,322,-150
104000043,228,318,-90
104000044,257,559,-302
104000045,945,973,-28
104000046,1104,1537,-433
104000047,936,1212,-276
104000048,1158,1575,-417
104000049,679,280,399
104000050,222,589,-367
104000051,124,620,-496
104000052,1633,1663,-30
104000053,1091,482,609
104000054,709,443,266
104000055,4254,2893,1361
104000056,1295,237,1058
104000057,154,518,-364
104000058,709,694,15
104000059,571,911,-340
104000060,1083,1210,-127
104000061,1318,1077,241
104000062,455,149,306
104000064,506,331,175
104000065,339,783,-444
104000069,956,1154,-198
104000070,85,699,-614
104000071,151,528,-377
104000072,662,195,467
104000075,161,342,-181
104000076,583,182,401
104000082,2518,3510,-992
104000083,899,226,673
104000084,143,573,-430
104000085,356,445,-89
104000086,319,476,-157
104000087,467,2244,-1777
104000090,877,1104,-227
104000092,1379,2010,-631
104000094,995,1425,-430
104000095,1552,1290,262
104000096,1648,231,1417
104000097,1939,893,1046
104000098,2286,1010,1276
104000100,1808,670,1138
104000101,1134,1530,-396
104000106,76,660,-584
104000107,762,429,333
104000108,271,530,-259
104000109,317,113,204
104000110,921,1259,-338
104000111,3962,2819,1143
104000112,2269,697,1572
104000116,6,929,-923
104000117,182,545,-363
104000118,762,227,535
104000119,772,334,438
104000120,333,785,-452
104000121,231,827,-596
104000122,699,775,-76
104000123,883,962,-79
104000124,984,2127,-1143
104000125,3612,4671,-1059
104000126,524,482,42
104000127,1349,2412,-1063
104000128,686,482,204
104000129,421,44,377
104000130,29,256,-227
104000131,511,398,113
104000132,410,608,-198
104000133,1575,892,683
104000134,1046,1834,-788
104000135,536,2138,-1602
104000136,903,4736,-3833
104000137,1749,624,1125
104000138,1052,352,700
104000139,6523,3515,3008
104000141,1039,1411,-372
104000142,703,836,-133
104000143,611,612,-1
104000144,91,232,-141
104000145,409,249,160
104000146,257,561,-304
104000147,170,285,-115
104000148,386,160,226
104000149,211,266,-55
104000150,1196,550,646
104000151,398,470,-72
104000152,647,629,18
104000153,746,579,167
104000154,985,631,354
104000155,550,598,-48
104000157,1075,1307,-232
104000158,496,531,-35
104000159,1077,579,498
104000160,1938,1929,9
104000161,240,240,0
104000162,67,137,-70
104000165,1027,978,49
104000167,751,956,-205
104000168,557,14,543
104000169,186,43,143
104000170,473,682,-209
104000248,296,638,-342
104000251,56,218,-162
104000272,0,0,0
104000273,0,0,0
104000274,0,0,0
104000275,0,0,0
104000279,805,499,306
104000290,114,277,-163
104000291,531,1124,-593
104000293,783,788,-5
104000294,56,0,56
104000295,623,809,-186
104000296,350,583,-233
104000297,784,1854,-1070
104000298,1972,866,1106
104000299,739,1374,-635
104900001,226,407,-181
104900002,86,227,-141
104900003,73,289,-216
104900004,99,282,-183
104900005,338,285,53
104900006,424,117,307
104900007,291,243,48
104900009,156,424,-268
104900010,135,97,38
104900011,38,20,18
104900012,371,54,317
104900013,164,10,154
104900014,2779,378,2401
104900015,136,9,127
104900016,280,296,-16
104900017,241,256,-15
104900018,9,192,-183
104900019,338,3069,-2731
104900020,82,272,-190
104900021,1,143,-142
104900022,14,138,-124
104900023,2,89,-87
104900024,32,108,-76
104900025,65,314,-249
104900026,7,104,-97
104900027,629,355,274
104900028,33,135,-102
104900029,56,67,-11
104900030,483,257,226
104900031,82,252,-170
104900032,54,147,-93
104900033,288,313,-25
104900034,380,210,170
104900035,384,231,153
104900036,254,90,164
104900037,223,188,35
104900038,599,958,-359
104900039,792,478,314
104900040,464,98,366
104900041,322,183,139
104900042,157,314,-157
104900043,17,201,-184
104900044,648,260,388
104900045,444,64,380
104900046,295,209,86
104900047,408,129,279
104900048,326,103,223
104900049,63,77,-14
104900050,364,175,189
104900051,336,53,283
104900052,104,4,100
104900053,480,154,326
104900054,216,46,170
104900055,176,0,176
104900056,190,33,157
104900057,73,2,71
104900058,1150,908,242
104900059,186,107,79
104900060,2,512,-510
104900061,262,490,-228
104900063,4,131,-127
104900064,1,85,-84
104900065,1,191,-190
104900066,1,160,-159
104900067,6,327,-321
104900068,16,177,-161
104900070,211,287,-76
104900071,1,480,-479
104900072,74,313,-239
104900073,148,230,-82
104900074,72,237,-165
104900075,110,61,49
104900076,125,318,-193
104900077,1098,381,717
104900078,198,508,-310
104900079,175,549,-374
104900080,127,487,-360
104900082,24,396,-372
104900085,2,154,-152
104900087,400,8,392
104900089,258,0,258
104900090,1125,821,304
104900091,1217,811,406
104900093,264,509,-245
104900097,2495,2375,120
104900098,179,47,132
104900099,165,645,-480
104900100,528,262,266
104900102,24,184,-160
104900103,508,102,406
104900104,3089,2314,775
104900106,118,144,-26
104900107,242,211,31
104900108,124,268,-144
104900109,134,324,-190
104900110,15,67,-52
104900111,290,129,161
104900112,283,653,-370
104900113,803,354,449
104900114,441,475,-34
104900115,790,360,430
104900116,236,220,16
104900118,37,97,-60
104900119,6,45,-39
104900120,27,261,-234
104900121,0,89,-89
104900122,4,80,-76
104900123,93,24,69
104900124,70,1,69
104900125,532,7,525
104900126,50,68,-18
104900127,32,88,-56
104900128,118,162,-44
104900129,1670,1896,-226
105000001,2704,1473,1231
105000002,2427,1546,881
105000003,3496,3812,-316
105000004,555,859,-304
105000005,909,1153,-244
105000006,1652,1730,-78
105000007,1391,1553,-162
105000008,1786,3068,-1282
105000009,2498,3331,-833
105000010,2866,1900,966
105000011,3690,2792,898
105000012,3528,3064,464
105000013,1061,999,62
105000014,2086,2704,-618
105000015,11030,15388,-4358
105000016,3032,2656,376
105000017,1759,951,808
105000018,1303,1510,-207
105000019,1364,925,439
105000020,217,461,-244
105000021,286,136,150
105000022,288,97,191
105000023,616,436,180
105000028,163,112,51
105000029,726,1561,-835
105000030,3955,2646,1309
105000033,1017,1922,-905
105000034,144,1096,-952
105000037,760,342,418
105000038,2289,1893,396
105000039,2848,1996,852
105000040,1112,1371,-259
105000041,746,1456,-710
105000042,4463,1981,2482
105000043,1846,2562,-716
105000044,806,502,304
105000045,409,834,-425
105000046,1292,386,906
105000047,540,1313,-773
105000048,609,191,418
105000049,218,518,-300
105000050,684,355,329
105000051,151,406,-255
105000052,691,823,-132
105000053,93,166,-73
105000054,474,930,-456
105000055,1038,426,612
105000056,1537,2005,-468
105000057,1340,975,365
105000058,1270,1271,-1
105000059,817,652,165
105000060,447,662,-215
105000061,740,573,167
105000062,636,754,-118
105000063,376,502,-126
105000064,1603,874,729
105000065,334,612,-278
105000066,1356,1492,-136
105000067,1645,814,831
105000068,481,933,-452
105000069,1873,1771,102
105000070,636,1043,-407
105000071,307,825,-518
105000072,887,2087,-1200
105000073,941,708,233
105000074,1434,829,605
105000075,532,1012,-480
105000076,1231,1159,72
105000077,2609,1345,1264
105000078,1571,1393,178
105000079,1280,3198,-1918
105000080,2273,1766,507
105000081,3296,1342,1954
105000082,1167,1896,-729
105000083,4619,3863,756
105000084,806,806,0
105000085,2064,2116,-52
105000086,568,810,-242
105000087,1499,1695,-196
105000088,1431,1524,-93
105000089,2970,2344,626
105000090,1068,991,77
105000091,1334,1718,-384
105000092,782,1017,-235
105000093,355,271,84
105000094,302,275,27
105000095,127,477,-350
105000096,1300,1216,84
105000097,1096,916,180
105000098,1027,801,226
105000099,938,807,131
105000100,1465,1027,438
105000101,1944,1890,54
105000102,2147,1370,777
105000103,1527,2370,-843
105000104,2418,1094,1324
105000105,1385,2131,-746
105000106,2017,2039,-22
105000107,1801,1220,581
105000108,2104,1677,427
105000109,1871,1893,-22
105000110,912,664,248
105000111,721,638,83
105000112,1470,764,706
105000113,474,788,-314
105000114,2670,1172,1498
105000115,294,1214,-920
105000116,866,573,293
105000117,896,941,-45
105000118,731,567,164
105000119,800,1021,-221
105000120,1083,694,389
105000121,897,994,-97
105000122,492,634,-142
105000123,1110,1359,-249
105000124,2005,809,1196
105000125,931,1783,-852
105000126,2147,1787,360
105000127,2607,1961,646
105000128,685,935,-250
105000129,882,352,530
105000130,416,2978,-2562
105000131,723,390,333
105000132,962,729,233
105000133,515,1002,-487
105000134,745,749,-4
105000135,423,597,-174
105000136,141,194,-53
105000137,419,357,62
105000138,131,205,-74
105000139,1052,972,80
105000140,340,470,-130
105000141,329,613,-284
105000142,229,464,-235
105000143,305,673,-368
105000144,302,883,-581
105000145,717,410,307
105000146,386,988,-602
105000147,666,409,257
105000148,1441,687,754
105000149,2696,2457,239
105000150,2123,1693,430
105000151,467,447,20
105000152,219,524,-305
105000153,596,728,-132
105000154,703,588,115
105000155,406,1008,-602
105000156,1098,829,269
105000157,942,1909,-967
105000158,2035,767,1268
105000159,306,1108,-802
105000160,1871,689,1182
105000161,738,1111,-373
105000162,631,1663,-1032
105000163,1138,915,223
105000164,278,258,20
105000165,1018,5153,-4135
105000166,5554,1084,4470
105000167,1711,1539,172
105000168,486,572,-86
105000169,623,306,317
105000170,302,1500,-1198
105000171,1157,268,889
105000172,185,65,120
105000173,206,89,117
105000174,86,92,-6
105000175,103,174,-71
105000176,457,107,350
105000177,337,204,133
105000178,177,567,-390
105000179,623,204,419
105000180,191,157,34
105000181,112,328,-216
105000182,91,61,30
105000183,2186,1905,281
105000184,1475,1131,344
105000185,1545,1227,318
105000186,588,798,-210
105000187,912,303,609
105000188,396,167,229
105000189,202,531,-329
105000190,364,326,38
105000191,411,357,54
105000192,411,68,343
105000193,95,183,-88
105000194,453,158,295
105000195,435,852,-417
105000196,84,272,-188
105000197,341,629,-288
105000198,605,419,186
105000199,286,689,-403
105000200,185,350,-165
105000201,156,70,86
105000203,12,156,-144
105000204,99,80,19
105000205,113,231,-118
105000207,639,300,339
105000208,268,693,-425
105000209,223,438,-215
105000212,1264,1232,32
105000213,220,236,-16
105000214,226,286,-60
105000215,343,191,152
105000216,141,369,-228
105000217,159,300,-141
105000218,1394,1102,292
105000221,208,236,-28
105000222,842,218,624
105000223,492,179,313
105000226,111,231,-120
105000227,114,232,-118
105000228,326,2317,-1991
105000229,154,575,-421
105000231,402,314,88
105000233,982,671,311
105000234,707,1258,-551
105000235,476,580,-104
105000237,818,121,697
105000243,39,146,-107
105000248,92,78,14
105000262,340,1273,-933
105000269,155,207,-52
105000270,468,64,404
105000271,0,213,-213
105000282,59,55,4
105000287,372,100,272
105000288,718,453,265
105000289,2741,2022,719
105000290,49,15,34
105000402,3787,4831,-1044
105000426,430,794,-364
105000438,3554,1566,1988
105000446,11965,6463,5502
105000447,7123,3470,3653
105000454,608,662,-54
105000455,254,211,43
105000474,97,4,93
105000477,479,641,-162
105000478,2019,4914,-2895
105000479,157,159,-2
105000480,8701,6898,1803
105000481,4931,3893,1038
105000482,5264,7665,-2401
105000483,1908,2209,-301
105000484,2450,3188,-738
105000485,1768,3277,-1509
105000486,3336,2653,683
105000488,8602,5561,3041
105000489,963,858,105
105000549,174,151,23
105000550,666,1769,-1103
105000551,51,129,-78
105000552,2426,1636,790
105900001,18,1856,-1838
105900002,1379,682,697
105900003,16,115,-99
105900004,286,128,158
105900005,14,235,-221
105900006,48,175,-127
105900007,175,45,130
105900008,92,532,-440
105900009,47,21,26
105900011,324,67,257
105900012,793,173,620
105900013,4,52,-48
105900014,14,98,-84
105900015,158,356,-198
105900016,537,596,-59
105900017,1290,44,1246
105900018,227,166,61
105900019,100,549,-449
105900020,68,55,13
105900021,39,408,-369
105900022,294,216,78
105900023,7,130,-123
105900024,24,260,-236
105900025,315,60,255
105900026,256,32,224
105900027,11291,9143,2148
105900028,1180,502,678
105900029,1678,375,1303
105900030,212,300,-88
105900031,466,238,228
105900032,114,154,-40
105900033,86,149,-63
105900034,283,285,-2
105900035,203,188,15
105900036,138,124,14
105900037,107,73,34
105900038,231,270,-39
105900039,144,124,20
105900040,59,118,-59
105900041,192,247,-55
105900042,84,194,-110
105900043,1407,104,1303
105900044,8,234,-226
105900045,11,753,-742
105900046,7,312,-305
105900047,16,68,-52
105900048,83,558,-475
105900050,7557,5801,1756
105900051,107,1204,-1097
105900052,677,393,284
105900053,3214,3175,39
105900054,404,225,179
105900056,902,460,442
105900057,98,181,-83
105900058,24,18,6
105900059,0,31,-31
106000001,4800,2912,1888
106000002,2842,5935,-3093
106000003,3036,3864,-828
106000004,1804,2716,-912
106000005,3354,6374,-3020
106000006,5913,3666,2247
106000007,519,620,-101
106000008,483,300,183
106000009,574,418,156
106000010,682,604,78
106000011,1260,1238,22
106000012,999,1255,-256
106000013,2038,2169,-131
106000014,2019,1515,504
106000015,1928,1447,481
106000016,1270,1934,-664
106000017,559,728,-169
106000018,690,433,257
106000019,455,411,44
106000020,369,331,38
106000021,335,427,-92
106000022,409,195,214
106000023,674,352,322
106000024,576,505,71
106000025,125,238,-113
106000026,96,203,-107
106000027,1355,1281,74
106000028,607,417,190
106000029,747,1059,-312
106000030,607,659,-52
106000034,283,562,-279
106000035,1007,2084,-1077
106000036,341,523,-182
106000037,1908,1447,461
106000038,430,165,265
106000039,196,165,31
106000040,173,949,-776
106000041,706,713,-7
106000043,619,292,327
106000046,404,65,339
106000047,77,486,-409
106000049,978,244,734
106000050,356,703,-347
106000051,767,628,139
106000052,144,641,-497
106000053,445,178,267
106000054,435,485,-50
106000055,1226,1022,204
106000056,348,395,-47
106000057,427,299,128
106000058,154,162,-8
106000059,313,327,-14
106000060,393,510,-117
106000061,225,564,-339
106000062,192,609,-417
106000063,759,502,257
106000064,38,415,-377
106000065,420,372,48
106000066,141,355,-214
106000067,490,122,368
106000068,77,629,-552
106000069,282,78,204
106000070,502,840,-338
106000071,1121,447,674
106000072,2716,1739,977
106000073,1631,2988,-1357
106000074,746,675,71
106000075,358,1543,-1185
106000076,1926,2231,-305
106000077,3609,1461,2148
106000078,1185,909,276
106000079,827,973,-146
106000080,1328,675,653
106000081,789,1286,-497
106000082,2595,921,1674
106000083,472,1642,-1170
106000084,1426,723,703
106000085,1394,1599,-205
106000086,762,971,-209
106000087,1064,557,507
106000088,442,773,-331
106000089,1124,349,775
106000090,283,685,-402
106000091,267,475,-208
106000092,698,299,399
106000093,275,236,39
106000094,109,225,-116
106000095,936,719,217
106000096,910,698,212
106000097,1252,772,480
106000098,806,974,-168
106000099,276,669,-393
106000100,1133,238,895
106000101,958,286,672
106000102,196,617,-421
106000103,370,482,-112
106000104,738,481,257
106000105,612,627,-15
106000106,708,461,247
106000107,144,253,-109
106000108,231,321,-90
106000109,173,216,-43
106000110,282,330,-48
106000111,225,340,-115
106000112,207,488,-281
106000113,603,507,96
106000114,412,546,-134
106000115,239,331,-92
106000116,251,187,64
106000117,1291,709,582
106000118,1357,1505,-148
106000119,1410,1045,365
106000120,991,1172,-181
106000121,200,163,37
106000122,130,155,-25
106000123,498,157,341
106000124,58,185,-127
106000125,21,222,-201
106000126,327,110,217
106000127,806,808,-2
106000128,759,202,557
106000129,486,539,-53
106000130,737,310,427
106000131,159,676,-517
106000132,603,184,419
106000133,1715,1108,607
106000134,532,1633,-1101
106000135,223,569,-346
106000136,636,989,-353
106000137,101,687,-586
106000138,1031,102,929
106000139,71,133,-62
106000140,43,35,8
106000141,111,49,62
106000142,116,84,32
106000143,33,56,-23
106000144,21,74,-53
106000145,281,206,75
106000146,330,151,179
106000147,410,421,-11
106000148,519,767,-248
106000149,571,353,218
106000150,471,1685,-1214
106000151,3349,880,2469
106000152,1273,2024,-751
106000153,89,1522,-1433
106000154,1202,221,981
106000155,139,254,-115
106000156,956,319,637
106000157,764,1527,-763
106000158,1925,978,947
106000159,2945,1833,1112
106000160,435,2749,-2314
106000161,1554,361,1193
106000162,261,1011,-750
106000163,470,348,122
106000164,418,339,79
106000165,228,447,-219
106000166,675,351,324
106000167,429,927,-498
106000168,433,320,113
106000169,310,559,-249
106000170,784,276,508
106000171,303,1133,-830
106000172,3163,1569,1594
106000173,1339,2679,-1340
106000174,1255,505,750
106000175,333,950,-617
106000176,1586,892,694
106000177,832,2465,-1633
106000178,3585,2171,1414
106000179,1254,2483,-1229
106000180,936,1345,-409
106000181,885,2011,-1126
106000182,1349,873,476
106000183,1326,682,644
106000184,2222,850,1372
106000185,1271,1572,-301
106000186,1027,199,828
106000187,292,1047,-755
106000188,3,4,-1
106000189,39,61,-22
106000190,32,6,26
106000191,803,238,565
106000192,2,27,-25
106000193,555,274,281
106000194,229,562,-333
106000195,1418,417,1001
106000196,342,955,-613
106000197,894,464,430
106000198,221,292,-71
106000199,1323,854,469
106000200,293,275,18
106000201,425,2591,-2166
106000202,3891,685,3206
106000203,75,182,-107
106000204,77,7,70
106000205,16,145,-129
106000206,94,24,70
106000207,30,1086,-1056
106000208,1599,168,1431
106000209,1727,423,1304
106000210,831,1042,-211
106000211,427,1042,-615
106000212,924,485,439
106000213,757,1991,-1234
106000214,2737,1014,1723
106000215,317,450,-133
106000216,287,355,-68
106000217,285,342,-57
106000218,431,381,50
106000219,139,204,-65
106000220,417,257,160
106000221,191,225,-34
106000222,60,92,-32
106000223,206,106,100
106000224,213,170,43
106000225,83,128,-45
106000226,149,228,-79
106000228,60,60,0
106000229,66,746,-680
106000231,1028,129,899
106000232,92,355,-263
106000233,890,93,797
106000234,361,251,110
106000235,1435,122,1313
106000236,563,130,433
106000237,5,9,-4
106000238,62,70,-8
106000239,6,135,-129
106000240,40,3,37
106000241,23,577,-554
106000242,264,43,221
106000249,60,69,-9
106000250,94,586,-492
106000251,137,38,99
106000252,52,102,-50
106000253,63,93,-30
106000254,64,66,-2
106000255,21,209,-188
106000256,57,50,7
106000257,170,259,-89
106000258,651,19,632
106000259,25,62,-37
106000260,46,9,37
106000261,1,66,-65
106000262,177,15,162
106000263,25,66,-41
106000264,283,19,264
106000265,19,161,-142
106000266,154,36,118
106000267,5,88,-83
106000268,482,70,412
106000269,70,65,5
106000270,150,560,-410
106000271,89,223,-134
106000272,328,59,269
106000273,5,313,-308
106000274,201,41,160
106000275,121,359,-238
106000276,203,30,173
106000277,120,270,-150
106000278,206,44,162
106000279,29,53,-24
106000280,101,69,32
106000281,83,52,31
106000282,74,102,-28
106000283,158,60,98
106000284,62,97,-35
106000285,125,104,21
106000286,102,147,-45
106000287,153,58,95
106000288,95,152,-57
106000289,113,68,45
106000290,51,90,-39
106000291,187,102,85
106000292,71,78,-7
106000293,174,102,72
106000294,148,112,36
106000295,90,57,33
106000296,79,109,-30
106000297,106,262,-156
106000298,105,72,33
106000299,103,158,-55
106000300,73,137,-64
106000301,71,123,-52
106000303,47,116,-69
106000304,29,44,-15
106000305,76,75,1
106000306,54,57,-3
106000307,86,28,58
106000308,44,151,-107
106000309,34,66,-32
106000310,370,490,-120
106000311,445,226,219
106000312,81,167,-86
106000313,191,230,-39
106000318,153,628,-475
106000319,976,245,731
106000320,2,108,-106
106000321,453,190,263
106000322,172,147,25
106000324,26,161,-135
106000325,1715,1107,608
106000326,1072,1738,-666
106000327,158,130,28
106000328,143,133,10
106000329,332,340,-8
106000330,147,115,32
106000428,97,144,-47
106000429,157,424,-267
106000430,400,1314,-914
106000431,2530,469,2061
106000432,1783,2715,-932
106000433,2410,1554,856
106000434,3067,1854,1213
106000435,1548,2692,-1144
106000436,16,237,-221
106000437,380,74,306
106000438,562,235,327
106000439,94,523,-429
106000440,225,338,-113
106000441,2,1,1
106000442,107,10,97
106000443,154,287,-133
106000450,3,159,-156
106000451,20,76,-56
106000454,6,304,-298
106000455,13,243,-230
106000456,99,37,62
106000457,20,908,-888
106000458,801,119,682
106000459,127,401,-274
106000460,1798,50,1748
106000461,109,1202,-1093
106000462,1,33,-32
106000463,8,29,-21
106000464,15,446,-431
106000465,770,5,765
106000466,3,547,-544
106000467,392,590,-198
106000468,81,151,-70
106000469,227,0,227
106000470,348,1655,-1307
106000471,43,587,-544
106000472,156,22,134
106000473,58,30,28
106000474,307,439,-132
106000475,249,189,60
106000476,151,265,-114
106000477,32,43,-11
106900001,0,14,-14
106900002,4,364,-360
106900003,220,719,-499
106900004,2,22,-20
106900006,0,7,-7
106900007,1,12,-11
106900008,346,196,150
106900009,325,324,1
106900010,263,245,18
106900012,1463,2051,-588
106900013,601,158,443
106900014,29,7,22
106900015,14,4,10
106900016,288,23,265
106900017,5,1,4
106900018,4,0,4
106900019,58,1,57
106900020,1956,1496,460
106900021,152,62,90
106900022,848,6,842
106900023,89,260,-171
106900024,568,69,499
106900025,57,523,-466
106900026,3,438,-435
106900027,828,5,823
107000001,4460,4670,-210
107000002,3492,5115,-1623
107000003,6298,7439,-1141
107000004,4868,5106,-238
107000005,5092,5451,-359
107000006,4594,4638,-44
107000007,6195,10689,-4494
107000008,11682,8519,3163
107000009,7880,8035,-155
107000010,10142,9659,483
107000011,1213,1349,-136
107000012,4152,3203,949
107000013,110,99,11
107000014,58,202,-144
107000015,546,818,-272
107000016,966,863,103
107000017,2757,1935,822
107000018,19,1322,-1303
107000020,1814,1748,66
107000021,1590,544,1046
107000022,1008,1708,-700
107000023,2483,207,2276
107000024,600,1380,-780
107000025,200,437,-237
107000026,254,488,-234
107000027,1560,1277,283
107000028,1500,1312,188
107000029,3407,3085,322
107000030,3269,3101,168
107000031,4450,2787,1663
107000032,603,981,-378
107000033,3062,4681,-1619
107000034,3499,1694,1805
107000035,348,254,94
107000036,382,1252,-870
107000037,114,859,-745
107000038,264,267,-3
107000039,844,913,-69
107000040,209,403,-194
107000041,2040,1115,925
107000042,963,2276,-1313
107000043,2777,1315,1462
107000044,572,389,183
107000045,138,346,-208
107000046,966,458,508
107000047,557,931,-374
107000048,753,279,474
107000049,657,797,-140
107000050,1304,580,724
107000051,452,357,95
107000052,1247,968,279
107000053,432,204,228
107000054,75,332,-257
107000055,182,80,102
107000056,383,788,-405
107000057,1276,270,1006
107000058,2314,2812,-498
107000059,2173,3393,-1220
107000060,4831,5519,-688
107000061,5350,3806,1544
107000062,4859,3192,1667
107000063,4067,4984,-917
107000064,5037,2749,2288
107000065,4740,4471,269
107000066,2398,3040,-642
107000067,1499,1467,32
107000068,1650,849,801
107000069,975,533,442
107000070,1203,10,1193
107000071,3630,57,3573
107000072,52,2523,-2471
107000073,971,321,650
107000074,170,860,-690
107000075,1841,592,1249
107000076,844,1545,-701
107000077,4118,1662,2456
107000078,2630,3241,-611
107000079,3142,1354,1788
107000080,1358,3243,-1885
107000081,2074,645,1429
107000082,706,2052,-1346
107000083,1650,508,1142
107000084,344,2107,-1763
107000085,3243,3493,-250
107000086,3793,3515,278
107000087,3287,2222,1065
107000088,3875,3858,17
107000089,1744,1841,-97
107000090,1279,1162,117
107000091,1614,1114,500
107000092,986,1061,-75
107000093,1493,937,556
107000094,1189,1163,26
107000095,875,652,223
107000096,733,900,-167
107000097,474,252,222
107000098,501,366,135
107000099,499,300,199
107000100,303,313,-10
107000101,93,162,-69
107000102,230,341,-111
107000103,261,185,76
107000104,183,273,-90
107000105,376,131,245
107000106,202,210,-8
107000107,662,213,449
107000108,164,558,-394
107000109,668,165,503
107000110,97,390,-293
107000111,359,63,296
107000112,46,270,-224
107000113,604,147,457
107000114,136,516,-380
107000115,650,144,506
107000116,136,709,-573
107000117,174,549,-375
107000118,136,158,-22
107000119,1458,1490,-32
107000120,1241,447,794
107000121,1148,773,375
107000122,1295,930,365
107000123,507,695,-188
107000124,566,828,-262
107000125,1090,612,478
107000126,978,806,172
107000127,97,295,-198
107000129,366,345,21
107000130,534,314,220
107000131,551,406,145
107000132,683,451,232
107000133,756,139,617
107000134,368,1,367
107000135,5,299,-294
107000136,851,18,833
107000137,20,495,-475
107000138,465,38,427
107000139,35,509,-474
107000140,1934,161,1773
107000141,149,799,-650
107000142,595,167,428
107000143,84,717,-633
107000144,596,578,18
107000145,182,605,-423
107000146,304,425,-121
107000147,2952,943,2009
107000150,858,3038,-2180
107000151,45,169,-124
107000152,507,1492,-985
107000153,177,490,-313
107000154,302,355,-53
107000155,999,28,971
107000156,1391,29,1362
107000157,55,1521,-1466
107000158,659,24,635
107000159,39,886,-847
107000160,1249,149,1100
107000161,84,1491,-1407
107000162,474,530,-56
107000163,275,3,272
107000164,908,7,901
107000165,1136,44,1092
107000166,73,1216,-1143
107000167,694,266,428
107000168,1089,585,504
107000169,686,866,-180
107000170,2437,1239,1198
107000171,1009,2157,-1148
107000172,1275,1550,-275
107000173,791,1023,-232
107000174,1247,5677,-4430
107000175,7330,1921,5409
107000176,0,3,-3
107000177,15,2,13
107000178,43,56,-13
107000179,484,2091,-1607
107000180,1479,514,965
107000181,459,1145,-686
107000182,2052,1134,918
107000183,123,859,-736
107000184,1184,689,495
107000185,570,1647,-1077
107000186,1514,555,959
107000187,1582,1515,67
107000188,766,695,71
107000189,622,1190,-568
107000190,774,869,-95
107000191,868,1105,-237
107000192,2108,840,1268
107000193,466,597,-131
107000194,948,763,185
107000197,1261,368,893
107000198,368,770,-402
107000199,867,638,229
107000200,694,888,-194
107000201,487,368,119
107000202,444,585,-141
107000203,1351,1205,146
107000204,1449,1647,-198
107000205,2370,1234,1136
107000206,1220,1713,-493
107000207,868,1109,-241
107000208,1195,727,468
107000209,2493,1619,874
107000210,932,481,451
107000211,8,72,-64
107000212,29,393,-364
107000213,7,16,-9
107000214,49,152,-103
107000215,512,421,91
107000216,540,402,138
107000217,243,135,108
107000219,138,213,-75
107000220,332,239,93
107000222,296,807,-511
107000224,629,118,511
107000225,402,514,-112
107000226,574,144,430
107000227,123,304,-181
107000228,130,262,-132
107000229,106,158,-52
107000230,1105,461,644
107000231,1906,2055,-149
107000232,144,26,118
107000233,1724,1227,497
107000234,3,43,-40
107000235,75,7,68
107000236,16,463,-447
107000237,59,2,57
107000238,48,1,47
107000239,2953,588,2365
107000240,104,952,-848
107000241,121,21,100
107000242,410,52,358
107000243,0,37,-37
107000244,3,67,-64
107000246,3,1004,-1001
107000249,2,1101,-1099
107000251,0,360,-360
107000252,2,907,-905
107000255,466,159,307
107000257,0,399,-399
107000258,1,111,-110
107000259,7,189,-182
107000260,622,5,617
107000262,16,529,-513
107000263,309,9,300
107000266,12,7,5
107000267,146,150,-4
107000268,171,197,-26
107000269,869,119,750
107000270,7,44,-37
107000271,25,576,-551
107000272,30,121,-91
107000273,0,203,-203
107000274,1259,283,976
107000275,71,1147,-1076
107000280,1015,54,961
107000281,39,889,-850
107000282,51,793,-742
107000290,14,29,-15
107000291,25,17,8
107000292,6,88,-82
107000293,68,0,68
107000294,0,46,-46
107000295,28,8,20
107000296,0,26,-26
107000444,299,4,295
107000496,2,15,-13
107000497,1514,2267,-753
107000500,360,489,-129
107000501,276,203,73
107000502,228,413,-185
107000505,366,846,-480
107000506,2,124,-122
107000508,9,619,-610
107000509,297,871,-574
107000510,47,64,-17
107000514,51,373,-322
107000515,10,204,-194
107000516,323,274,49
107000518,988,1525,-537
107000519,1771,991,780
107000520,115,43,72
107900001,83,157,-74
107900002,101,11,90
107900003,440,34,406
107900004,156,0,156
107900005,1808,4,1804
107900006,224,2,222
107900007,351,65,286
107900008,230,40,190
107900009,212,12,200
107900010,49,4,45
107900012,250,25,225
107900013,236,59,177
107900014,30,12,18
107900015,1117,14,1103
107900016,444,116,328
107900017,32,5,27
107900018,74,198,-124
107900019,37,47,-10
107900020,96,41,55
107900021,87,127,-40
107900023,3,6,-3
107900024,1,32,-31
107900025,205,261,-56
107900026,84,73,11
107900027,30,66,-36
107900028,113,64,49
107900030,194,48,146
107900031,72,94,-22
107900032,50,10,40
107900033,43,22,21
107900034,478,31,447
107900035,991,75,916
107900036,96,21,75
107900037,0,42,-42
107900038,128,322,-194
107900039,36,54,-18
107900040,41,322,-281
107900041,5,3,2
107900043,46,136,-90
107900044,6,14,-8
107900045,152,56,96
107900046,176,231,-55
107900047,38,73,-35
107900048,204,8,196
107900049,422,1497,-1075
107900050,176,386,-210
107900051,100,62,38
107900052,14,57,-43
107900053,37,132,-95
107900055,904,417,487
107900056,163,64,99
107900057,6,0,6
107900058,46,666,-620
107900060,87,59,28
107900061,17,17,0
107900063,89,152,-63
107900064,315,180,135
107900065,261,12,249
107900066,33,3,30
107900067,1,0,1
107900068,165,699,-534
107900069,38,1983,-1945
107900070,158,55,103
107900071,30,663,-633
107900072,126,173,-47
107900073,298,97,201
107900074,766,356,410
107900076,133,56,77
107900077,123,5,118
107900078,261,74,187
107900079,9,35,-26
107900080,247,811,-564
107900081,91,78,13
107900082,24,22,2
107900083,368,171,197
107900084,115,149,-34
107900086,64,241,-177
107900087,742,232,510
107900088,47,5,42
107900089,284,1033,-749
107900090,796,2988,-2192
107900091,215,370,-155
107900092,2201,492,1709
107900093,136,93,43
107900095,3358,2504,854
107900097,28,73,-45
107900098,50,231,-181
107900100,1195,1471,-276
107900101,1008,284,724
107900102,53,13,40
107900103,45,212,-167
107900104,303,16,287
107900105,3,255,-252
107900106,5,1063,-1058
107900107,1624,601,1023
107900108,288,180,108
107900109,1475,28,1447
107900110,65,109,-44
107900111,8,800,-792
107900112,112,345,-233
107900113,318,98,220
107900114,217,172,45
107900115,3,41,-38
107900116,193,191,2
107900117,453,373,80
107900118,102,198,-96
107900119,102,347,-245
107900120,30,45,-15
107900121,1,169,-168
107900122,6,101,-95
107900123,4,45,-41
107900124,21,48,-27
107900125,36,208,-172
107900126,12,66,-54
107900127,534,390,144
107900128,103,100,3
107900129,91,24,67
107900130,111,37,74
107900131,909,443,466
107900132,130,411,-281
107900133,1,95,-94
107900134,55,112,-57
107900135,18,166,-148
107900136,44,52,-8
107900137,169,128,41
107900138,69,63,6
107900139,56,73,-17
107900140,130,55,75
107900141,63,53,10
107900142,77,911,-834
107900143,89,41,48
107900144,0,123,-123
107900145,16,144,-128
107900146,85,130,-45
107900147,99,49,50
107900148,180,141,39
107900149,1000,314,686
107900150,72,744,-672
107900151,52,82,-30
107900152,19,227,-208
107900153,207,400,-193
107900154,86,24,62
107900155,93,88,5
107900156,21,306,-285
107900157,59,74,-15
107900158,977,43,934
107900159,37,949,-912
107900160,118,198,-80
107900161,34,173,-139
107900162,0,147,-147
107900163,103,168,-65
107900164,15,57,-42
107900165,29,102,-73
107900166,14,212,-198
107900167,17,58,-41
107900168,30,51,-21
107900169,1,167,-166
107900171,11,1202,-1191
107900172,2,351,-349
107900173,40,127,-87
107900174,142,8,134
107900175,54,55,-1
107900176,22,31,-9
107900177,2,240,-238
107900178,0,148,-148
107900179,24,163,-139
107900180,702,634,68
107900181,658,302,356
107900182,8,1114,-1106
107900183,59,230,-171
107900184,110,366,-256
107900185,161,4,157
107900186,39,64,-25
107900187,2,193,-191
107900188,606,163,443
107900189,31,131,-100
107900190,94,162,-68
107900191,92,115,-23
107900193,15,115,-100
107900194,238,21,217
107900195,2394,490,1904
107900196,74,123,-49
107900197,1026,585,441
107900199,3,908,-905
107900201,112,94,18
107900203,49,80,-31
107900204,203,289,-86
107900205,232,416,-184
107900206,1008,406,602
107900207,1,557,-556
107900208,8,526,-518
107900209,390,149,241
107900210,84,167,-83
107900213,1100,798,302
107900214,76,139,-63
107900215,147,347,-200
107900216,218,82,136
107900217,110,141,-31
107900218,27,1428,-1401
107900219,34,151,-117
107900220,301,283,18
107900221,216,227,-11
107900223,101,704,-603
107900224,135,403,-268
107900225,7,641,-634
107900226,86,133,-47
107900227,139,405,-266
107900228,35,111,-76
107900229,0,221,-221
107900230,11,124,-113
107900231,15,276,-261
107900232,90,119,-29
107900233,6,177,-171
107900234,116,95,21
107900235,29,138,-109
107900236,133,74,59
107900237,58,389,-331
107900238,24,154,-130
107900239,843,616,227
107900240,66,130,-64
107900241,15,92,-77
107900242,37,209,-172
107900243,6,64,-58
107900244,397,12,385
107900245,687,46,641
107900246,377,19,358
107900248,570,438,132
107900249,853,33,820
107900250,0,512,-512
107900251,103,1503,-1400
107900252,1130,42,1088
107900253,252,7,245
107900254,62,419,-357
107900255,415,148,267
107900256,1396,1149,247
107900257,276,171,105
107900258,171,215,-44
107900259,86,2329,-2243
107900261,4,319,-315
107900262,307,173,134
107900264,368,11,357
107900265,356,171,185
107900267,271,24,247
107900268,46,9,37
107900269,1,9,-8
107900270,0,0,0
107900271,4,22,-18
107900272,111,24,87
107900273,52,54,-2
107900274,79,1,78
107900275,53,3,50
107900276,0,107,-107
107900277,0,187,-187
107900278,315,421,-106
107900279,86,170,-84
107900280,2352,2449,-97
107900281,1657,2816,-1159
107900282,61,607,-546
107900283,1050,727,323
107900284,469,525,-56
107900285,91,70,21
107900286,179,162,17
107900287,283,236,47
107900290,1,149,-148
107900291,493,39,454
107900292,200,185,15
107900293,63,370,-307
107900295,64,49,15
107900297,2,349,-347
107900298,736,760,-24
107900299,2796,2404,392
107900300,77,325,-248
107900301,841,725,116
107900302,122,64,58
107900303,331,300,31
107900304,353,510,-157
107900305,346,16,330
107900306,16,27,-11
107900307,45,299,-254
107900308,147,168,-21
107900309,87,2,85
107900310,595,15,580
107900311,7,349,-342
107900312,64,1,63
107900313,3,154,-151
107900314,0,55,-55
107900315,0,51,-51
107900316,51,2,49
107900317,140,23,117
107900318,19,186,-167
107900319,9,178,-169
107900320,1,163,-162
107900321,131,5,126
107900322,2,120,-118
107900323,6,147,-141
107900324,219,1,218
107900325,138,0,138
107900326,419,216,203
107900327,2,69,-67
107900328,84,3,81
107900329,152,109,43
107900330,9,267,-258
107900331,246,22,224
107900332,320,37,283
107900333,49,22,27
107900334,16,172,-156
107900335,183,65,118
107900336,71,76,-5
107900337,1044,997,47
107900338,3,163,-160
107900339,0,36,-36
107900340,1,55,-54
107900341,70,2,68
107900342,128,121,7
107900343,75,4,71
107900344,11,123,-112
107900345,131,38,93
107900346,35,3,32
107900347,48,0,48
107900348,3,7,-4
107900349,26,15,11
107900350,30,235,-205
108000001,3032,3987,-955
108000002,2124,2502,-378
108000003,3823,3668,155
108000004,12639,15472,-2833
108000005,8361,6751,1610
108000006,8022,7534,488
108000007,5616,4689,927
108000008,4712,6009,-1297
108000009,4024,5044,-1020
108000010,3309,4365,-1056
108000011,12868,13134,-266
108000012,16476,15549,927
108000014,1036,777,259
108000015,774,280,494
108000016,270,627,-357
108000017,1223,438,785
108000018,2152,771,1381
108000019,2736,1007,1729
108000020,1501,635,866
108000021,338,1766,-1428
108000022,540,1311,-771
108000023,1481,306,1175
108000024,359,561,-202
108000025,362,288,74
108000026,701,443,258
108000027,815,468,347
108000028,617,279,338
108000029,676,515,161
108000030,795,258,537
108000031,319,775,-456
108000032,1638,805,833
108000033,875,970,-95
108000034,1754,626,1128
108000035,809,2129,-1320
108000036,367,927,-560
108000037,1857,588,1269
108000038,2858,891,1967
108000039,569,1817,-1248
108000040,2029,1157,872
108000041,806,2342,-1536
108000042,364,287,77
108000043,270,307,-37
108000044,588,199,389
108000045,349,466,-117
108000046,1633,395,1238
108000047,597,1016,-419
108000048,254,303,-49
108000049,1133,327,806
108000050,99,387,-288
108000051,415,182,233
108000052,272,612,-340
108000053,531,311,220
108000054,579,1173,-594
108000055,1345,714,631
108000056,1014,1370,-356
108000057,732,1413,-681
108000058,2184,4161,-1977
108000059,3255,2001,1254
108000060,218,469,-251
108000061,138,278,-140
108000062,903,654,249
108000063,607,514,93
108000064,283,292,-9
108000065,686,572,114
108000066,1497,815,682
108000067,1819,683,1136
108000068,775,418,357
108000069,239,902,-663
108000070,2105,774,1331
108000071,724,1438,-714
108000072,1768,1424,344
108000073,1390,1761,-371
108000074,797,501,296
108000075,417,849,-432
108000076,948,662,286
108000077,652,732,-80
108000078,2482,1636,846
108000079,822,1604,-782
108000080,1341,604,737
108000081,651,1657,-1006
108000082,1019,1862,-843
108000083,2058,1147,911
108000084,524,1063,-539
108000085,851,488,363
108000086,917,737,180
108000087,236,2141,-1905
108000088,160,13,147
108000089,351,369,-18
108000090,466,244,222
108000091,390,446,-56
108000092,124,88,36
108000093,228,474,-246
108000094,491,65,426
108000095,149,312,-163
108000096,264,202,62
108000097,166,398,-232
108000098,1779,1392,387
108000099,269,71,198
108000100,97,197,-100
108000101,1463,1490,-27
108000102,1994,3391,-1397
108000106,1198,4,1194
108000107,1,1055,-1054
108000108,962,73,889
108000109,19,683,-664
108000110,221,293,-72
108000111,241,582,-341
108000112,65,155,-90
108000113,418,319,99
108000115,386,304,82
108000117,621,483,138
108000118,99,256,-157
108000119,625,425,200
108000120,196,782,-586
108000121,222,429,-207
108000122,703,344,359
108000123,1731,251,1480
108000124,680,499,181
108000125,490,331,159
108000126,165,367,-202
108000127,622,409,213
108000128,669,411,258
108000129,476,955,-479
108000130,669,289,380
108000131,871,656,215
108000132,2070,1549,521
108000133,1003,624,379
108000134,493,528,-35
108000135,1290,583,707
108000136,394,938,-544
108000137,556,326,230
108000138,483,997,-514
108000139,557,300,257
108000140,108,27,81
108000141,36,80,-44
108000142,84,87,-3
108000143,37,28,9
108000144,59,11,48
108000145,65,18,47
108000146,95,21,74
108000147,74,45,29
108000148,120,32,88
108000149,23,34,-11
108000150,39,15,24
108000151,47,21,26
108000152,121,535,-414
108000153,494,127,367
108000154,46,15,31
108000155,25,27,-2
108000156,275,140,135
108000157,544,1056,-512
108000158,112,944,-832
108000159,512,281,231
108000160,2784,1287,1497
108000161,2749,3123,-374
108000165,5,258,-253
108000172,4,307,-303
108000173,1856,2182,-326
108000175,326,130,196
108000178,417,348,69
108000179,189,1044,-855
108000181,75,41,34
108000182,147,22,125
108000183,29,29,0
108000184,1051,2331,-1280
108000185,334,574,-240
108000186,235,69,166
108000187,158,608,-450
108000188,770,266,504
108000189,689,1577,-888
108000190,58,137,-79
108000192,255,549,-294
108000193,930,43,887
108000194,84,6,78
108000195,3,921,-918
108000196,840,243,597
108000198,462,333,129
108000199,1,198,-197
108000200,510,511,-1
108000202,1,226,-225
108000203,135,696,-561
108000204,193,60,133
108000205,340,496,-156
108000339,1530,418,1112
108000364,150,288,-138
108000365,69,282,-213
108000367,144,387,-243
108000368,14,69,-55
108000369,1071,292,779
108000371,1,569,-568
108000372,771,4,767
108000373,268,148,120
108000376,112,50,62
108000377,483,260,223
108000378,9731,11626,-1895
108000379,36,219,-183
108000381,77,23,54
108000382,130,6,124
108000383,2,171,-169
108900001,110,982,-872
108900002,228,63,165
108900003,322,685,-363
108900004,456,411,45
108900005,63,481,-418
108900006,712,223,489
108900007,414,265,149
108900008,155,152,3
108900009,101,136,-35
108900010,265,208,57
108900011,624,425,199
108900012,447,474,-27
108900013,213,306,-93
108900014,11,111,-100
108900015,0,120,-120
108900016,10,286,-276
108900017,409,542,-133
108900018,212,485,-273
108900019,70,916,-846
108900020,58,204,-146
108900021,159,249,-90
108900022,156,16,140
108900023,3,49,-46
108900024,25,162,-137
108900025,116,144,-28
108900026,44,97,-53
108900027,0,85,-85
108900028,102,290,-188
108900029,74,198,-124
108900030,0,84,-84
108900031,140,282,-142
108900032,36,200,-164
108900033,2,111,-109
108900034,2,191,-189
108900035,439,1214,-775
108900036,204,297,-93
108900037,83,306,-223
108900038,2,298,-296
108900039,3,435,-432
108900040,9,68,-59
108900041,5248,3643,1605
108900042,26,356,-330
108900043,72,565,-493
108900044,3,401,-398
108900045,101,469,-368
108900046,64,652,-588
108900047,0,61,-61
108900048,135,805,-670
108900049,2818,1422,1396
108900050,2,212,-210
108900051,2,148,-146
108900052,55,186,-131
108900053,92,181,-89
108900054,104,224,-120
108900055,69,349,-280
108900056,1,131,-130
108900057,5,153,-148
108900058,43,367,-324
108900059,456,44,412
108900060,114,136,-22
108900061,105,42,63
108900062,3,271,-268
108900063,28,258,-230
108900064,234,87,147
108900065,15,226,-211
108900066,405,128,277
108900067,33,179,-146
108900068,0,79,-79
108900069,75,133,-58
108900070,37,91,-54
108900071,120,80,40
108900072,2444,878,1566
108900073,17,111,-94
108900074,254,433,-179
108900075,56,49,7
108900076,449,93,356
108900077,104,139,-35
108900078,57,153,-96
108900079,842,236,606
108900080,70,923,-853
108900081,67,234,-167
108900082,85,82,3
108900083,70,348,-278
108900084,400,195,205
108900085,2065,214,1851
108900086,140,260,-120
108900087,103,206,-103
108900088,1011,520,491
108900089,48,195,-147
108900090,73,262,-189
108900091,135,76,59
108900092,555,413,142
108900093,160,111,49
108900094,271,110,161
108900095,94,363,-269
108900096,341,32,309
108900097,309,251,58
108900098,2083,902,1181
108900099,447,259,188
108900100,121,141,-20
108900101,262,205,57
108900102,129,1358,-1229
108900103,104,175,-71
108900104,130,408,-278
108900105,13,1186,-1173
108900106,479,312,167
108900108,412,105,307
108900109,43,38,5
108900110,296,365,-69
108900111,516,506,10
108900112,333,31,302
108900113,51,70,-19
108900114,0,4,-4
108900115,111,106,5
108900116,128,25,103
108900117,174,29,145
108900118,701,20,681
108900119,298,26,272
108900120,173,219,-46
108900121,367,221,146
108900122,187,32,155
108900123,140,186,-46
108900124,504,213,291
108900125,449,1,448
108900126,176,59,117
108900127,210,39,171
108900128,116,59,57
108900129,743,194,549
108900130,399,0,399
108900131,431,14,417
108900132,818,217,601
108900133,214,115,99
108900134,324,272,52
108900135,162,19,143
108900136,85,0,85
108900137,215,1,214
108900138,634,54,580
108900139,614,184,430
108900140,303,217,86
108900141,438,19,419
108900142,182,12,170
108900143,78,0,78
108900144,144,3,141
108900145,186,26,160
108900146,95,1,94
108900147,266,2,264
108900148,123,84,39
108900149,729,344,385
108900150,301,11,290
108900151,315,49,266
108900152,216,83,133
108900153,205,360,-155
108900154,5263,517,4746
108900155,220,114,106
108900156,78,7,71
108900157,64,427,-363
108900158,568,51,517
108900159,2,200,-198
108900160,21,230,-209
108900161,11,373,-362
108900162,106,0,106
108900163,9,273,-264
108900164,50,92,-42
108900165,165,130,35
108900167,1598,6603,-5005
108900168,6814,2924,3890
108900169,62,139,-77
108900171,6758,3147,3611
108900172,234,70,164
108900173,219,398,-179
108900174,758,579,179
108900176,153,474,-321
108900177,4956,5705,-749
108900178,3962,3757,205
108900179,579,1933,-1354
108900180,96,272,-176
108900182,78,361,-283
108900183,218,273,-55
108900184,554,282,272
108900185,247,474,-227
108900186,100,435,-335
108900187,431,75,356
108900188,637,112,525
108900189,624,215,409
108900190,63,2429,-2366
108900191,263,34,229
108900192,108,218,-110
108900193,287,111,176
108900194,48,454,-406
108900195,245,335,-90
108900196,36,355,-319
108900198,3,367,-364
108900199,352,357,-5
108900200,698,397,301
108900201,542,1512,-970
108900203,616,83,533
108900204,491,23,468
108900205,232,34,198
108900206,629,78,551
108900207,191,90,101
108900208,29,380,-351
108900209,209,594,-385
108900210,248,245,3
108900211,193,591,-398
108900212,687,1507,-820
108900215,77,385,-308
108900216,586,168,418
108900217,194,3,191
108900218,191,30,161
108900219,127,9,118
108900220,96,57,39
108900221,53,166,-113
108900222,357,44,313
108900223,11,145,-134
108900224,54,245,-191
108900225,2,213,-211
108900226,344,17,327
108900227,168,489,-321
108900230,250,241,9
108900231,40,199,-159
108900232,3,247,-244
108900233,505,160,345
108900234,401,226,175
108900235,228,721,-493
108900236,77,450,-373
108900237,97,218,-121
108900240,219,145,74
108900241,55,70,-15
108900245,19,1714,-1695
108900249,157,79,78
108900250,295,161,134
108900257,286,538,-252
108900258,15,205,-190
108900259,330,109,221
108900260,16,113,-97
108900261,80,193,-113
108900262,166,151,15
108900263,32,187,-155
108900264,477,301,176
108900265,1102,469,633
108900266,735,584,151
108900267,2,123,-121
108900268,15,15,0
108900269,113,8,105
108900270,94,8,86
108900271,93,13,80
108900272,236,11,225
108900273,882,877,5
108900274,49,52,-3
109000001,2844,1393,1451
109000002,1421,1519,-98
109000003,2598,420,2178
109000004,458,1985,-1527
109000005,2537,650,1887
109000006,675,1948,-1273
109000007,1717,678,1039
109000008,481,1560,-1079
109000009,3701,1374,2327
109000010,1409,3615,-2206
109000011,3413,2393,1020
109000012,1958,3196,-1238
109000013,3852,3307,545
109000014,2177,3221,-1044
109000015,4116,7370,-3254
109000016,6099,3499,2600
109000017,2622,1282,1340
109000018,977,2836,-1859
109000019,2587,1329,1258
109000020,986,1977,-991
109000023,327,37,290
109000024,9,228,-219
109000025,350,493,-143
109000026,671,328,343
109000027,95,330,-235
109000028,129,91,38
109000029,147,247,-100
109000030,80,488,-408
109000031,267,189,78
109000032,138,437,-299
109000033,325,216,109
109000034,114,59,55
109000035,21,103,-82
109000036,156,394,-238
109000037,298,1514,-1216
109000038,666,463,203
109000039,1196,1005,191
109000040,4890,9554,-4664
109000041,3219,1958,1261
109000042,616,1451,-835
109000044,457,84,373
109000045,150,386,-236
109000046,457,89,368
109000047,64,499,-435
109000048,991,434,557
109000049,371,696,-325
109000050,467,306,161
109000051,357,347,10
109000052,591,1027,-436
109000053,234,107,127
109000054,754,610,144
109000055,443,500,-57
109000056,468,735,-267
109000057,979,604,375
109000058,941,431,510
109000059,860,1588,-728
109000060,414,367,47
109000061,944,1437,-493
109000062,236,422,-186
109000063,213,228,-15
109000064,537,228,309
109000065,179,231,-52
109000066,474,121,353
109000067,98,326,-228
109000068,2363,14,2349
109000069,986,40,946
109000070,8,1232,-1224
109000071,389,102,287
109000072,135,303,-168
109000073,48,116,-68
109000074,36,178,-142
109000075,81,370,-289
109000076,138,245,-107
109000077,444,262,182
109000078,74,154,-80
109000079,160,179,-19
109000080,188,114,74
109000081,117,452,-335
109000082,646,242,404
109000083,327,590,-263
109000088,148,490,-342
109000089,381,78,303
109000090,158,434,-276
109000091,392,252,140
109000092,433,582,-149
109000093,294,306,-12
109000094,645,2,643
109000095,107,402,-295
109000096,738,300,438
109000097,100,167,-67
109000098,46,199,-153
109000099,1168,327,841
109000100,380,595,-215
109000101,2087,774,1313
109000102,445,816,-371
109000103,570,678,-108
109000104,1902,596,1306
109000105,500,1224,-724
109000106,2345,1022,1323
109000107,622,1980,-1358
109000108,1915,722,1193
109000109,531,1697,-1166
109000110,1461,627,834
109000111,941,1977,-1036
109000112,491,154,337
109000113,356,231,125
109000114,200,357,-157
109000115,1392,45,1347
109000116,6,251,-245
109000117,255,89,166
109000118,23,355,-332
109000119,1568,316,1252
109000120,252,865,-613
109000121,525,50,475
109000122,136,770,-634
109000123,20,55,-35
109000124,706,479,227
109000125,860,453,407
109000126,431,738,-307
109000127,1063,214,849
109000128,507,1402,-895
109000129,2571,1002,1569
109000130,607,1729,-1122
109000131,1087,674,413
109000132,952,1844,-892
109000133,376,972,-596
109000134,837,1358,-521
109000135,1361,1836,-475
109000136,330,319,11
109000137,308,399,-91
109000138,610,357,253
109000139,641,464,177
109000140,217,379,-162
109000141,632,544,88
109000142,197,643,-446
109000143,217,100,117
109000145,184,257,-73
109000146,61,135,-74
109000148,3525,2184,1341
109000149,33,55,-22
109000150,85,413,-328
109000155,917,600,317
109000156,963,725,238
109000158,272,355,-83
109000159,201,623,-422
109000160,1019,299,720
109000161,351,1020,-669
109000162,2180,764,1416
109000163,1226,1788,-562
109000164,1237,2522,-1285
109000165,1315,576,739
109000166,808,151,657
109000167,141,565,-424
109000170,54,80,-26
109000171,80,51,29
109000172,39,84,-45
109000173,34,85,-51
109000174,150,58,92
109000175,71,97,-26
109000176,345,292,53
109000177,33,107,-74
109000178,525,119,406
109000179,4831,5835,-1004
109000180,5401,4429,972
109000181,36,30,6
109000182,67,34,33
109000183,61,48,13
109000184,48,23,25
109000185,25,54,-29
109000188,566,1745,-1179
109000189,2657,1112,1545
109000190,667,448,219
109000191,407,515,-108
109000192,490,274,216
109000193,158,310,-152
109000194,317,143,174
109000195,198,344,-146
109000196,446,157,289
109000197,257,434,-177
109000198,429,90,339
109000199,152,508,-356
109000206,223,46,177
109000207,127,38,89
109000208,118,86,32
109000209,297,160,137
109000210,212,611,-399
109000211,774,446,328
109000214,483,341,142
109000215,157,127,30
109000216,254,327,-73
109000217,351,170,181
109000218,439,260,179
109000221,464,1089,-625
109000222,1010,328,682
109000223,435,414,21
109000224,49,132,-83
109000225,78,40,38
109000226,71,202,-131
109000227,1289,1128,161
109000228,1,1111,-1110
109000231,4,258,-254
109000232,388,361,27
109000236,335,696,-361
109000241,2174,2038,136
109000242,2046,1376,670
109000293,32,93,-61
109000361,134,303,-169
109000364,489,609,-120
109000396,6,460,-454
109000397,644,11,633
109000399,152,426,-274
109000400,91,216,-125
109000403,160,1060,-900
109000406,353,4,349
109000407,286,224,62
109000408,0,378,-378
109000410,1327,307,1020
109000411,185,29,156
109900001,153,1,152
109900002,947,25,922
109900003,277,3,274
109900004,895,149,746
109900005,53,18,35
109900006,613,231,382
109900007,970,564,406
109900008,0,46,-46
109900009,154,562,-408
109900010,629,24,605
109900011,122,73,49
109900012,413,248,165
109900013,399,233,166
109900014,522,115,407
109900015,603,300,303
109900016,239,48,191
109900017,216,303,-87
109900018,366,85,281
109900019,600,82,518
109900020,51,42,9
109900021,49,16,33
109900022,120,185,-65
109900023,24,7,17
109900024,32,27,5
109900025,33,62,-29
109900026,3,175,-172
109900027,61,61,0
109900028,1407,996,411
109900029,9,253,-244
109900030,53,12,41
109900031,3,268,-265
109900032,11,368,-357
109900033,4,489,-485
109900034,43,6,37
109900035,30,32,-2
109900036,20,78,-58
109900037,30,495,-465
109900038,128,247,-119
109900039,21,1,20
109900040,33,456,-423
109900041,71,346,-275
109900042,127,504,-377
109900044,133,259,-126
109900045,205,86,119
109900046,22,108,-86
109900047,412,354,58
109900048,6,70,-64
109900049,18,30,-12
109900050,4,131,-127
109900051,0,51,-51
109900052,127,334,-207
109900053,7,261,-254
109900054,800,322,478
109900055,61,311,-250
109900056,28,260,-232
109900057,10,138,-128
109900058,1,108,-107
109900059,798,154,644
109900060,450,144,306
109900061,119,284,-165
109900062,1,192,-191
109900063,15,551,-536
109900064,540,267,273
109900065,79,172,-93
109900066,401,844,-443
109900067,1,211,-210
109900068,79,9,70
109900069,3,48,-45
109900070,66,379,-313
109900071,5,45,-40
109900072,29,180,-151
109900073,499,426,73
109900074,14,36,-22
109900075,32,63,-31
109900076,13,169,-156
109900077,35,70,-35
109900078,130,212,-82
109900080,139,359,-220
109900081,36,288,-252
109900082,53,353,-300
109900083,13,94,-81
109900084,80,177,-97
109900085,203,718,-515
109900086,206,483,-277
109900087,396,718,-322
109900089,870,281,589
109900090,645,1151,-506
109900091,431,112,319
109900092,833,29,804
109900093,1073,205,868
109900094,85,133,-48
109900095,251,216,35
109900096,42,7,35
109900097,77,3,74
109900098,479,92,387
109900099,255,3,252
109900100,72,0,72
109900101,477,20,457
109900102,535,28,507
109900103,31,73,-42
109900104,631,615,16
109900105,515,37,478
109900106,585,82,503
109900107,708,100,608
109900108,95,275,-180
109900109,38,166,-128
109900110,89,404,-315
109900111,382,881,-499
109900112,389,575,-186
109900113,978,706,272
109900114,1487,1416,71
109900115,200,131,69
109900117,1221,187,1034
109900118,338,416,-78
109900119,707,524,183
109900120,120,25,95
109900121,530,631,-101
109900122,448,7,441
109900123,26,169,-143
109900124,53,382,-329
109900125,8,178,-170
109900126,280,96,184
109900128,356,61,295
109900130,6493,2763,3730
109900131,59,194,-135
109900132,55,141,-86
109900133,129,328,-199
109900134,145,111,34
109900135,310,89,221
109900136,101,158,-57
109900137,229,312,-83
109900138,406,311,95
109900140,242,175,67
109900142,1389,343,1046
109900145,8,587,-579
109900146,508,59,449
109900148,47,98,-51
109900149,50,88,-38
109900150,17,83,-66
109900151,17,43,-26
109900152,0,51,-51
109900153,0,63,-63
109900154,140,0,140
109900155,95,52,43
109900157,96,255,-159
109900158,67,144,-77
109900159,167,62,105
109900160,210,78,132
109900161,242,166,76
109900162,281,179,102
109900163,802,383,419
109900164,81,219,-138
109900165,326,12,314
109900166,3,161,-158
109900167,191,577,-386
109900168,273,686,-413
109900169,261,216,45
109900170,237,879,-642
109900171,249,102,147
109900172,314,287,27
109900173,2801,2630,171
109900174,95,157,-62
109900175,84,103,-19
109900176,156,194,-38
109900177,54,248,-194
109900178,17,165,-148
109900179,81,24,57
109900180,5,18,-13
110000001,845,496,349
110000002,696,803,-107
110000003,905,692,213
110000004,528,798,-270
110000005,469,1968,-1499
110000006,345,317,28
110000007,144,161,-17
110000008,16,86,-70
110000009,43,35,8
110000010,48,52,-4
110000011,66,64,2
110000012,589,349,240
110000013,37,507,-470
110000014,529,383,146
110000015,327,719,-392
110000016,277,1348,-1071
110000017,2600,310,2290
110000018,2443,510,1933
110000019,22,113,-91
110000020,769,265,504
110000021,529,511,18
110000022,1125,224,901
110000023,7,212,-205
110000024,746,404,342
110000025,499,7,492
110000026,8,396,-388
110000027,1468,1315,153
110000028,967,787,180
110000029,570,685,-115
110000030,285,444,-159
110000031,359,520,-161
110000032,755,482,273
110000033,389,194,195
110000034,496,766,-270
110000035,966,645,321
110000036,981,706,275
110000037,278,518,-240
110000038,282,701,-419
110000039,743,3064,-2321
110000040,314,388,-74
110000041,292,1414,-1122
110000042,114,441,-327
110000043,898,229,669
110000044,167,522,-355
110000045,1040,130,910
110000046,1,21,-20
110000047,59,31,28
110000048,7,18,-11
110000049,55,12,43
110000050,7,36,-29
110000051,29,9,20
110000052,28,32,-4
110000053,80,10,70
110000054,153,297,-144
110000055,402,64,338
110000056,312,91,221
110000057,428,614,-186
110000058,1164,581,583
110000059,1161,575,586
110000060,887,1093,-206
110000061,968,813,155
110000062,732,833,-101
110000063,37,134,-97
110000064,93,74,19
110000065,82,87,-5
110000066,73,34,39
110000067,117,220,-103
110000068,361,233,128
110000069,332,108,224
110000071,196,150,46
110000073,13,25,-12
110000075,13,81,-68
110000076,427,455,-28
110000077,466,1437,-971
110000078,32,58,-26
110000080,249,793,-544
110000081,67,282,-215
110000082,41,397,-356
110000083,265,679,-414
110000084,1309,956,353
110000085,1957,1938,19
110000086,1550,2455,-905
110000087,25,70,-45
110000088,131,245,-114
110000089,331,125,206
110000090,336,258,78
110000091,1112,260,852
110000092,30,56,-26
110000093,84,13,71
110000094,551,289,262
110000095,269,656,-387
110000096,2112,2194,-82
110000097,1257,1427,-170
110000098,2338,706,1632
110000099,983,1781,-798
110000100,1084,469,615
110000101,20,448,-428
110000102,90,21,69
110000104,457,119,338
110000105,87,325,-238
110000106,777,495,282
110000107,328,464,-136
110000108,151,87,64
110000109,347,339,8
110000110,3678,5892,-2214
110000111,6801,3699,3102
110000112,1370,1426,-56
110000113,371,2367,-1996
110000114,227,655,-428
110000115,466,356,110
110000116,49,67,-18
110000117,204,300,-96
110000118,537,180,357
110000119,252,351,-99
110000120,407,200,207
110000121,95,447,-352
110000122,482,714,-232
110000123,669,894,-225
110000124,2,871,-869
110000125,1093,12,1081
110000126,437,45,392
110000127,1376,103,1273
110000128,58,1338,-1280
110000129,6,498,-492
110000130,244,219,25
110000131,179,358,-179
110000132,2,606,-604
110000133,54,528,-474
110000134,23,387,-364
110000135,175,41,134
110000136,94,283,-189
110000137,529,749,-220
110000138,896,681,215
110000139,1028,1204,-176
110000140,1068,789,279
110000143,703,467,236
110000144,5646,2474,3172
110000145,2164,1573,591
110000146,2996,1074,1922
110000147,797,767,30
110000148,679,326,353
110000151,1151,1413,-262
110000152,974,424,550
110000153,133,46,87
110000154,35,58,-23
110000155,2060,4775,-2715
110000156,1234,2935,-1701
110000157,2662,2646,16
110000160,466,319,147
110000161,189,345,-156
110000166,648,125,523
110000167,1053,576,477
110000168,1099,548,551
110000169,1052,366,686
110000170,228,96,132
110000171,676,165,511
110000172,190,778,-588
110000173,992,1230,-238
110000174,228,857,-629
110000175,802,84,718
110000176,295,359,-64
110000177,246,936,-690
110000178,445,1539,-1094
110000179,1226,352,874
110000180,220,221,-1
110000181,564,410,154
110000182,404,165,239
110000183,8702,7147,1555
110000184,384,2487,-2103
110000185,1203,753,450
110000186,827,697,130
110000191,994,276,718
110000192,771,13,758
110000193,1290,14,1276
110000194,16,1098,-1082
110000195,518,325,193
110000196,433,358,75
110000197,137,212,-75
110000198,205,83,122
110000199,131,122,9
110000200,1584,510,1074
110000201,1232,1110,122
110000202,1505,679,826
110000203,690,621,69
110000204,5,220,-215
110000205,160,55,105
110000206,625,1255,-630
110000207,1286,381,905
110000208,245,244,1
110000209,169,887,-718
110000210,1213,514,699
110000211,736,609,127
110000212,546,1259,-713
110000213,244,142,102
110000214,269,183,86
110000215,202,368,-166
110000216,130,343,-213
110000217,402,186,216
110000218,165,328,-163
110000219,407,90,317
110000220,90,306,-216
110000221,279,60,219
110000222,103,225,-122
110000223,3,205,-202
110000224,54,9,45
110000225,395,709,-314
110000226,243,70,173
110000227,1022,872,150
110000228,283,178,105
110000229,2,196,-194
110000230,547,620,-73
110000231,172,246,-74
110000232,287,219,68
110000233,298,282,16
110000234,896,963,-67
110000235,1018,1244,-226
110000236,747,659,88
110000237,2135,1228,907
110000238,1494,1556,-62
110000239,2065,1354,711
110000240,1,98,-97
110000242,0,21,-21
110000243,124,152,-28
110000244,158,363,-205
110000245,27,321,-294
110000246,978,582,396
110000247,1288,5418,-4130
110000248,2350,1744,606
110000249,69,21,48
110000250,77,186,-109
110000251,412,548,-136
110000252,299,272,27
110000253,1419,701,718
110000254,761,1505,-744
110000255,303,1119,-816
110000256,509,337,172
110000257,831,417,414
110000258,7,478,-471
110000259,126,14,112
110000260,35,252,-217
110000263,584,147,437
110000264,359,520,-161
110000265,1308,2182,-874
110000266,2494,3597,-1103
110000267,41,238,-197
110000268,409,554,-145
110000269,7,89,-82
110000270,121,6,115
110000271,1381,325,1056
110000272,1438,1170,268
110000273,4430,2157,2273
110000274,220,1582,-1362
110000275,2056,611,1445
110000276,418,325,93
110000277,322,352,-30
110000278,484,731,-247
110000279,796,755,41
110000280,435,488,-53
110000281,56,442,-386
110000282,471,22,449
110000283,77,195,-118
110000284,57,50,7
110000285,7,828,-821
110000286,28,0,28
110000287,87,3,84
110000288,3,127,-124
110000289,477,1989,-1512
110000290,898,635,263
110000291,4967,1396,3571
110000292,1604,4588,-2984
110000293,665,770,-105
110000294,1178,1249,-71
110000295,347,1041,-694
110000296,778,385,393
110000297,2675,449,2226
110000298,254,584,-330
110000299,315,152,163
110000301,701,59,642
110000302,404,848,-444
110000303,727,10,717
110000304,90,265,-175
110000305,1523,34,1489
110000306,165,1259,-1094
110000307,1859,9,1850
110000308,602,16,586
110000309,7,763,-756
110000310,686,48,638
110000311,18,623,-605
110000312,641,129,512
110000313,2695,3665,-970
110000314,0,298,-298
110000315,3609,3229,380
110000316,587,1489,-902
110000317,578,576,2
110000318,9,84,-75
110000319,22,29,-7
110000320,70,72,-2
110000321,21,47,-26
110000322,290,323,-33
110000323,471,207,264
110000324,3359,1909,1450
110000325,2994,3233,-239
110000327,726,456,270
110000328,277,418,-141
110000333,1132,698,434
110000334,978,1521,-543
110000335,1086,636,450
110000336,873,1134,-261
110000337,1511,684,827
110000338,592,267,325
110000339,409,278,131
110000340,133,243,-110
110000341,501,457,44
110000342,679,4,675
110000343,0,31,-31
110000344,885,149,736
110000345,784,140,644
110000346,2590,2096,494
110000347,1208,772,436
110000348,22,26,-4
110000349,15,26,-11
110000350,72,11,61
110000351,1056,904,152
110000352,745,1456,-711
110000353,2466,768,1698
110000354,1274,2965,-1691
110000355,140,114,26
110000356,776,11,765
110000357,438,20,418
110000361,45,50,-5
110000362,84,115,-31
110000363,430,148,282
110000364,281,363,-82
110000365,251,3,248
110000366,2,101,-99
110000367,517,222,295
110000368,14,78,-64
110000369,177,4,173
110000373,5,289,-284
110000374,297,14,283
110000375,157,1009,-852
110000376,47,107,-60
110000377,76,479,-403
110000378,17,374,-357
110000379,2549,1868,681
110000380,81,13,68
110000383,3,1429,-1426
110000384,2087,1500,587
110000385,1,214,-213
110000387,100,24,76
110000388,51,278,-227
110000389,806,10,796
110000391,762,330,432
110000396,219,175,44
110000397,162,170,-8
110000398,1,69,-68
110000399,195,38,157
110000587,215,65,150
110000589,242,124,118
110000640,200,50,150
110000652,11,194,-183
110000653,392,418,-26
110000654,58,186,-128
110000656,2,560,-558
110000674,37,29,8
110000675,32,32,0
110000676,1,51,-50
110000679,427,1524,-1097
110000682,133,248,-115
110000683,425,588,-163
110000684,14,46,-32
110000685,11,18,-7
110000686,4,35,-31
110000687,92,9,83
110000688,80,936,-856
110000689,51,49,2
110000692,54,156,-102
110000693,91,328,-237
110000694,0,159,-159
110000695,244,734,-490
110000696,76,92,-16
110900001,370,39,331
110900002,425,214,211
110900003,996,630,366
110900004,655,195,460
110900005,2512,2398,114
110900006,46,34,12
110900007,135,32,103
110900008,12,39,-27
110900009,506,183,323
110900010,15,98,-83
110900011,16,103,-87
110900012,29,108,-79
110900013,1395,214,1181
110900014,303,15,288
110900015,638,862,-224
110900016,75,127,-52
110900017,520,40,480
110900018,606,95,511
110900019,210,30,180
110900020,135,303,-168
110900021,141,623,-482
110900022,137,352,-215
110900023,162,583,-421
110900024,14,454,-440
110900025,31,77,-46
110900027,76,257,-181
110900028,77,192,-115
110900029,35,356,-321
110900030,51,246,-195
110900031,5,187,-182
110900032,1,68,-67
110900033,45,251,-206
110900035,49,513,-464
110900036,123,34,89
110900037,78,40,38
110900038,927,208,719
110900039,9,304,-295
110900040,231,53,178
110900041,28,87,-59
110900042,155,53,102
110900043,2,107,-105
110900044,225,19,206
110900045,63,382,-319
110900046,55,279,-224
110900047,524,356,168
110900049,157,84,73
110900050,36,8,28
110900051,50,195,-145
110900052,4,181,-177
110900053,162,45,117
110900054,100,244,-144
110900055,36,6,30
110900056,60,136,-76
110900057,7,152,-145
110900058,309,221,88
110900059,685,641,44
110900060,620,166,454
110900061,28,47,-19
110900062,175,206,-31
110900063,58,297,-239
110900064,18,1,17
110900065,350,165,185
110900066,8,126,-118
110900067,332,668,-336
110900068,235,267,-32
110900069,10,32,-22
110900070,147,67,80
110900071,315,666,-351
110900073,0,32,-32
110900074,371,87,284
110900075,472,92,380
110900077,921,747,174
110900078,69,63,6
110900079,2215,1785,430
110900080,141,84,57
110900081,12,45,-33
110900082,162,137,25
110900083,127,71,56
110900084,46,102,-56
110900085,57,257,-200
110900086,120,418,-298
110900087,390,125,265
110900088,14,6,8
110900090,48,42,6
110900091,0,48,-48
110900093,236,184,52
110900095,79,41,38
110900097,14,14,0
110900098,36,89,-53
110900099,101,453,-352
110900100,0,33,-33
110900102,68,17,51
110900105,974,285,689
110900108,24,72,-48
110900111,506,416,90
110900112,1090,16,1074
110900113,541,86,455
110900115,11,87,-76
110900116,816,1704,-888
110900118,181,3222,-3041
110900119,4044,455,3589
110900120,16,73,-57
110900121,226,4,222
110900122,588,208,380
110900125,544,465,79
110900127,870,1630,-760
110900128,274,281,-7
110900129,590,1159,-569
110900130,1083,668,415
110900131,404,87,317
110900132,482,98,384
110900133,303,190,113
110900135,145,357,-212
110900136,334,22,312
110900137,52,2,50
110900138,1084,568,516
110900139,7,123,-116
110900140,40,8,32
110900141,3,187,-184
110900142,73,176,-103
110900143,210,138,72
110900144,3,618,-615
110900145,215,52,163
110900146,404,159,245
110900147,117,333,-216
110900148,5,285,-280
110900149,4,89,-85
110900150,96,24,72
110900151,16,153,-137
110900152,36,236,-200
110900153,181,67,114
111000001,410,262,148
111000002,437,433,4
111000003,994,676,318
111000004,420,818,-398
111000005,1398,1127,271
111000006,880,1538,-658
111000007,4584,2822,1762
111000008,1986,3266,-1280
111000009,426,911,-485
111000010,792,289,503
111000011,383,1182,-799
111000012,651,490,161
111000013,373,1138,-765
111000014,1224,536,688
111000017,137,1051,-914
111000018,321,390,-69
111000020,854,2419,-1565
111000021,131,141,-10
111000023,123,119,4
111000025,4504,4621,-117
111000029,83,140,-57
111000030,37,118,-81
111000031,2424,1612,812
111000032,549,403,146
111000033,298,378,-80
111000034,266,248,18
111000037,1548,904,644
111000038,4140,2692,1448
111000039,2177,2269,-92
111000040,1997,2416,-419
111000041,1841,1638,203
111000042,3253,2498,755
111000043,2311,3647,-1336
111000044,2117,1333,784
111000045,2622,2881,-259
111000046,1654,2063,-409
111000047,2860,4180,-1320
111000049,615,587,28
111000050,1358,1324,34
111000051,592,990,-398
111000052,636,1727,-1091
111000053,383,878,-495
111000054,436,797,-361
111000055,929,1516,-587
111000056,175,418,-243
111000057,80,549,-469
111000058,412,64,348
111000059,758,284,474
111000060,4441,956,3485
111000061,701,408,293
111000062,868,400,468
111000063,2062,1170,892
111000064,771,775,-4
111000065,1321,1145,176
111000066,632,552,80
111000067,815,717,98
111000068,635,1028,-393
111000069,1936,2224,-288
111000070,1112,1005,107
111000071,123,551,-428
111000072,1217,426,791
111000073,376,852,-476
111000074,1686,1831,-145
111000075,1074,699,375
111000076,574,632,-58
111000077,1749,1794,-45
111000078,3064,1515,1549
111000079,1334,796,538
111000080,627,728,-101
111000081,1718,3907,-2189
111000082,710,672,38
111000084,1024,627,397
111000085,1041,1286,-245
111000086,2706,1119,1587
111000087,760,665,95
111000088,5070,2601,2469
111000089,847,879,-32
111000090,860,1593,-733
111000091,871,512,359
111000092,1314,982,332
111000093,881,1302,-421
111000094,1963,1225,738
111000095,729,2313,-1584
111000096,2103,7819,-5716
111000097,4174,1466,2708
111000098,764,1085,-321
111000099,695,1844,-1149
111000100,508,1440,-932
111000101,482,805,-323
111000102,319,634,-315
111000104,646,192,454
111000107,201,671,-470
111000109,1067,279,788
111000110,1677,746,931
111000111,2594,595,1999
111000112,2027,636,1391
111000113,836,1459,-623
111000114,1692,3283,-1591
111000115,5707,1461,4246
111000116,1030,1014,16
111000117,474,875,-401
111000118,1448,894,554
111000119,1180,1156,24
111000120,567,651,-84
111000121,313,692,-379
111000122,657,1154,-497
111000123,1102,2754,-1652
111000124,494,2507,-2013
111000125,235,1275,-1040
111000126,91,763,-672
111000127,1195,168,1027
111000128,2159,381,1778
111000129,2797,562,2235
111000130,2357,746,1611
111000131,1796,617,1179
111000132,1679,883,796
111000133,208,176,32
111000134,212,160,52
111000135,83,204,-121
111000136,372,299,73
111000138,19,2,17
111000140,0,9,-9
111000141,235,338,-103
111000142,12,114,-102
111000143,2,142,-140
111000144,10,373,-363
111000145,903,32,871
111000146,62,10,52
111000147,297,23,274
111000148,155,105,50
111000149,2,21,-19
111000150,9,8,1
111000151,7,14,-7
111000153,643,923,-280
111000154,800,259,541
111000155,129,219,-90
111000156,480,761,-281
111000157,250,1244,-994
111000158,939,880,59
111000159,2335,821,1514
111000160,418,323,95
111000161,10,294,-284
111000162,109,167,-58
111000163,812,721,91
111000164,745,3353,-2608
111000165,1055,620,435
111000166,2192,422,1770
111000167,203,481,-278
111000168,272,500,-228
111000169,385,752,-367
111000170,516,442,74
111000171,561,661,-100
111000172,168,390,-222
111000173,443,784,-341
111000174,249,300,-51
111000175,42,357,-315
111000176,577,145,432
111000177,404,254,150
111000178,1341,319,1022
111000179,265,219,46
111000180,305,521,-216
111000181,1251,294,957
111000182,220,255,-35
111000183,381,388,-7
111000184,429,221,208
111000185,423,456,-33
111000186,373,280,93
111000187,179,205,-26
111000188,363,428,-65
111000189,1175,719,456
111000190,238,320,-82
111000191,181,396,-215
111000192,236,527,-291
111000193,316,288,28
111000194,50,302,-252
111000195,165,323,-158
111000196,49,171,-122
111000197,473,180,293
111000198,857,146,711
111000199,297,147,150
111000200,448,351,97
111000201,662,307,355
111000202,349,248,101
111000203,393,356,37
111000204,421,1149,-728
111000213,203,474,-271
111000214,1564,1332,232
111000215,1076,1243,-167
111000217,1592,1033,559
111000218,1257,1339,-82
111000219,493,252,241
111000220,1576,718,858
111000221,803,155,648
111000224,2,273,-271
111000225,330,86,244
111000226,126,1,125
111000227,51,2,49
111000228,33,443,-410
111000229,68,935,-867
111000230,258,340,-82
111000231,984,761,223
111000232,589,913,-324
111000233,1019,660,359
111000234,160,450,-290
111000239,126,153,-27
111000240,57,171,-114
111000241,68,342,-274
111000242,253,66,187
111000243,178,565,-387
111000244,609,89,520
111000245,1285,386,899
111000246,644,375,269
111000247,448,714,-266
111000248,760,471,289
111000249,476,596,-120
111000250,37,123,-86
111000251,84,159,-75
111000253,23,27,-4
111000255,35,7,28
111000257,43,18,25
111000260,98,1070,-972
111000261,1516,164,1352
111000271,50,260,-210
111000273,3613,1424,2189
111000274,1303,2537,-1234
111000275,145,63,82
111000276,284,1808,-1524
111000277,188,463,-275
111000278,684,266,418
111000291,721,6050,-5329
111000298,675,239,436
111000299,749,180,569
111000300,129,480,-351
111000302,339,55,284
111000303,64,217,-153
111000312,55,88,-33
111000315,0,93,-93
111000320,372,814,-442
111000321,426,150,276
111000322,415,526,-111
111000323,218,28,190
111000324,504,295,209
111000325,80,78,2
111000326,227,316,-89
111000327,450,375,75
111000328,283,552,-269
111000329,4,27,-23
111000330,56,3,53
111000331,21,9,12
111000332,673,1419,-746
111000334,399,1169,-770
111000335,1181,304,877
111000337,1348,419,929
111000338,134,167,-33
111000339,666,441,225
111000340,217,633,-416
111000341,1278,683,595
111000342,197,740,-543
111000344,1185,713,472
111000345,237,69,168
111000346,16,107,-91
111000347,158,31,127
111000350,155,140,15
111000351,102,364,-262
111000352,204,152,52
111000353,144,269,-125
111000354,601,158,443
111000355,405,563,-158
111000358,184,1109,-925
111000360,197,616,-419
111000361,147,287,-140
111000546,1329,617,712
111000547,535,532,3
111000548,169,471,-302
111000549,374,392,-18
111000550,108,1192,-1084
111000551,825,230,595
111000552,1715,139,1576
111000907,334,88,246
111000908,29,1,28
111000916,1805,317,1488
111000917,49,410,-361
111000918,226,771,-545
111000920,594,15,579
111000921,1,177,-176
111000922,707,299,408
111000924,44,712,-668
111000925,2445,1744,701
111000926,1051,1422,-371
111000927,3253,4205,-952
111000928,4443,3287,1156
111000929,1246,1312,-66
111000930,735,2006,-1271
111000931,2285,2935,-650
111000932,4444,2312,2132
111000933,3662,2565,1097
111000934,1907,3507,-1600
111000935,1578,1030,548
111000936,1157,2039,-882
111000937,1075,1360,-285
111000938,1341,1469,-128
111000939,568,40,528
111000940,542,220,322
111000941,571,546,25
111000943,482,323,159
111000944,184,326,-142
111000945,97,1382,-1285
111001109,520,447,73
111001110,151,469,-318
111001111,89,5,84
111001112,154,47,107
111001113,1,147,-146
111001114,955,116,839
111001115,21,603,-582
111001116,5225,4109,1116
111001117,721,2318,-1597
111001120,141,342,-201
111001121,216,213,3
111001122,170,395,-225
111001123,192,73,119
111900001,23,141,-118
111900002,18,745,-727
111900003,12,357,-345
111900004,102,146,-44
111900006,27,44,-17
111900007,177,7,170
111900008,267,3,264
111900009,278,251,27
111900010,346,525,-179
111900012,90,120,-30
111900013,23,94,-71
111900014,5016,4485,531
111900015,0,88,-88
111900016,0,121,-121
111900017,0,165,-165
111900018,318,16,302
111900019,7,198,-191
111900020,9,64,-55
111900021,46,121,-75
111900022,23,63,-40
111900023,153,96,57
111900024,7,82,-75
111900025,0,46,-46
111900026,0,57,-57
111900027,6,132,-126
111900028,22,334,-312
111900029,10,89,-79
111900030,39,399,-360
111900031,68,72,-4
111900032,1,271,-270
111900033,14,113,-99
111900034,222,516,-294
111900035,92,238,-146
111900036,2,243,-241
111900038,314,606,-292
111900039,72,473,-401
111900040,4,447,-443
111900042,92,169,-77
111900043,3,275,-272
111900044,377,235,142
111900046,31,150,-119
111900048,309,535,-226
111900049,37,244,-207
111900050,215,47,168
111900051,4,212,-208
111900052,355,518,-163
111900053,1184,1774,-590
111900054,260,10,250
111900055,15,373,-358
111900056,212,378,-166
111900057,193,57,136
111900058,434,546,-112
111900059,1782,817,965
111900060,454,7,447
111900061,17,197,-180
111900062,22,90,-68
111900063,451,273,178
111900064,127,243,-116
111900065,114,42,72
111900066,205,184,21
111900067,5,331,-326
111900068,86,86,0
111900069,79,31,48
111900070,192,101,91
111900071,0,232,-232
111900072,75,32,43
111900073,954,157,797
111900074,14,209,-195
111900075,151,18,133
111900076,221,70,151
111900077,83,9,74
111900078,351,26,325
111900079,50,63,-13
111900080,248,292,-44
111900081,676,250,426
111900082,157,37,120
111900083,180,58,122
111900084,146,21,125
111900085,39,116,-77
111900086,53,5,48
111900087,57,1,56
111900088,535,18,517
111900089,163,5,158
111900090,79,88,-9
111900091,315,3,312
111900092,75,3,72
111900093,487,8,479
111900094,170,1,169
111900095,285,42,243
111900096,237,2,235
111900097,71,1,70
111900098,250,2,248
111900099,101,1,100
111900100,163,5,158
111900101,168,50,118
111900102,724,548,176
111900103,107,117,-10
111900104,260,98,162
111900105,389,219,170
111900106,1348,79,1269
111900107,117,128,-11
111900108,158,264,-106
111900109,621,555,66
111900110,1855,540,1315
111900111,314,135,179
111900112,640,3191,-2551
111900113,306,160,146
111900114,194,128,66
111900115,14,35,-21
111900118,312,107,205
111900119,347,223,124
111900122,158,99,59
111900123,39,63,-24
111900124,55,91,-36
111900125,582,68,514
111900126,334,7,327
111900127,4,566,-562
111900128,10,479,-469
111900129,288,11,277
111900130,359,58,301
111900131,571,3,568
111900132,39,967,-928
111900133,23,287,-264
111900134,40,220,-180
111900135,36,42,-6
111900136,121,148,-27
111900137,59,70,-11
111900138,21,60,-39
111900139,57,118,-61
111900140,91,57,34
111900141,72,17,55
111900142,152,38,114
111900143,42,159,-117
111900144,13,128,-115
111900145,1,429,-428
111900146,3,221,-218
111900147,152,450,-298
111900148,24,512,-488
111900149,8,250,-242
111900150,13,161,-148
111900151,2,24,-22
111900152,79,147,-68
111900153,1342,716,626
111900154,25,334,-309
111900155,73,118,-45
111900156,79,61,18
111900157,120,22,98
111900158,712,85,627
111900159,315,19,296
111900160,326,0,326
111900161,190,14,176
111900162,88,143,-55
111900163,44,168,-124
111900164,165,95,70
111901113,573,169,404
111901114,249,233,16
111901115,91,0,91
111901116,48,3,45
111901117,27,19,8
111901118,51,252,-201
111901119,702,98,604
111901120,114,144,-30
111901121,141,169,-28
111901122,9,374,-365
111901123,231,266,-35
111901124,213,4,209
111901125,458,162,296
111901126,149,98,51
111901127,556,558,-2
111901128,14,110,-96
111901129,16,135,-119
111901130,7,161,-154
111901131,9,260,-251
111901132,87,32,55
111901133,63,3,60
111901134,97,12,85
111901135,38,11,27
111901136,47,81,-34
111901137,2,39,-37
111901138,217,51,166
111901139,38,32,6
111901140,6,99,-93
111901141,16,159,-143
111901142,19,82,-63
111901143,3,167,-164
111901144,42,68,-26
111901145,153,294,-141
111901146,313,24,289
112000001,1911,867,1044
112000002,700,2178,-1478
112000003,1531,1148,383
112000004,657,969,-312
112000005,3445,3422,23
112000006,2100,1860,240
112000007,3398,2406,992
112000008,2685,3844,-1159
112000009,3131,2835,296
112000010,3106,3879,-773
112000011,1729,1672,57
112000012,4983,5247,-264
112000013,4376,3474,902
112000014,3053,3132,-79
112000015,3851,4031,-180
112000016,5513,1804,3709
112000017,2530,3553,-1023
112000024,2292,1159,1133
112000026,3531,4277,-746
112000027,992,599,393
112000028,1315,1615,-300
112000029,675,833,-158
112000030,195,118,77
112000031,1707,5337,-3630
112000032,425,82,343
112000033,2131,2558,-427
112000034,313,79,234
112000035,119,613,-494
112000036,991,1421,-430
112000037,1197,941,256
112000038,1425,1124,301
112000039,89,77,12
112000040,117,323,-206
112000041,474,515,-41
112000042,1303,541,762
112000050,1389,1441,-52
112000051,1209,1484,-275
112000054,1964,2125,-161
112000057,681,479,202
112000058,509,786,-277
112000059,633,1008,-375
112000061,2932,2130,802
112000062,1918,1071,847
112000063,1377,2058,-681
112000064,4296,5605,-1309
112000065,1867,2506,-639
112000066,4180,1471,2709
112000067,872,843,29
112000068,3484,2476,1008
112000069,692,1970,-1278
112000070,2252,846,1406
112000071,1246,3114,-1868
112000072,2666,986,1680
112000073,2159,2887,-728
112000074,1845,1375,470
112000075,1663,1370,293
112000076,3988,2957,1031
112000077,966,607,359
112000078,1966,654,1312
112000079,1837,1382,455
112000080,775,927,-152
112000081,1393,2340,-947
112000082,1706,900,806
112000083,503,1166,-663
112000084,1371,919,452
112000085,1135,970,165
112000086,1750,1223,527
112000087,536,349,187
112000088,1003,532,471
112000089,326,325,1
112000090,220,272,-52
112000091,618,972,-354
112000092,2159,1238,921
112000093,1653,982,671
112000094,751,907,-156
112000095,688,853,-165
112000096,661,566,95
112000097,1422,933,489
112000098,1187,1206,-19
112000099,849,1853,-1004
112000100,2018,849,1169
112000101,622,1120,-498
112000102,1474,567,907
112000103,427,1143,-716
112000105,550,1519,-969
112000106,1786,448,1338
112000107,27,314,-287
112000108,243,1530,-1287
112000109,105,90,15
112000110,1976,680,1296
112000111,1092,4008,-2916
112000112,4448,772,3676
112000113,999,1833,-834
112000114,3002,1172,1830
112000115,515,501,14
112000116,851,1260,-409
112000117,1173,943,230
112000118,1218,907,311
112000119,560,691,-131
112000120,104,359,-255
112000121,139,399,-260
112000122,303,160,143
112000123,778,174,604
112000124,485,108,377
112000125,297,290,7
112000126,306,478,-172
112000127,2909,2687,222
112000128,1089,1057,32
112000129,133,92,41
112000130,211,94,117
112000131,91,294,-203
112000132,146,238,-92
112000133,467,248,219
112000134,538,466,72
112000135,1950,721,1229
112000136,1444,1277,167
112000137,2174,1644,530
112000138,1984,1190,794
112000139,1154,555,599
112000140,1332,1279,53
112000141,930,323,607
112000142,176,698,-522
112000143,1218,268,950
112000144,356,1338,-982
112000145,2601,770,1831
112000146,604,1828,-1224
112000147,2531,2125,406
112000148,1781,2182,-401
112000149,922,651,271
112000150,309,776,-467
112000151,295,429,-134
112000152,498,467,31
112000153,242,289,-47
112000154,104,226,-122
112000155,157,153,4
112000157,1131,653,478
112000158,367,441,-74
112000159,581,421,160
112000167,509,89,420
112000169,412,549,-137
112000173,811,259,552
112000175,477,399,78
112000176,3052,2238,814
112000177,872,281,591
112000178,99,443,-344
112000179,279,111,168
112000180,300,409,-109
112000181,1517,1871,-354
112000182,1450,1673,-223
112000183,44,71,-27
112000184,448,379,69
112000185,597,480,117
112000187,4375,3110,1265
112000195,161,28,133
112000196,274,8,266
112000197,219,218,1
112000198,63,288,-225
112000199,1118,880,238
112000202,457,26,431
112000216,113,283,-170
112000230,129,7,122
112000231,2,288,-286
112000256,70,294,-224
112000313,82,155,-73
112000314,77,28,49
112000337,826,699,127
112000352,510,426,84
112000392,1758,1393,365
112000398,1393,1016,377
112000399,1798,2412,-614
112000400,1820,2819,-999
112000401,2721,2442,279
112000402,3502,3647,-145
112000403,1863,3072,-1209
112000404,1004,977,27
112000405,2112,3070,-958
112000406,3403,2284,1119
112000407,7881,9025,-1144
112000408,7566,6250,1316
112000409,1702,4190,-2488
112000410,563,382,181
112000411,3833,2093,1740
112000412,1512,738,774
112000413,7981,6540,1441
112000414,86,86,0
112000415,117,62,55
112000416,2787,1575,1212
112000417,304,76,228
112000421,69,188,-119
112000422,382,374,8
112000424,2247,2982,-735
112000425,555,688,-133
112000426,177,348,-171
112000427,1,13,-12
112000428,254,310,-56
112000429,2626,2606,20
112000430,2630,2950,-320
112000431,85,147,-62
112000432,811,1190,-379
112000433,553,1166,-613
112000437,48,149,-101
112900001,89,0,89
112900002,462,861,-399
112900003,68,336,-268
112900004,56,367,-311
112900005,258,179,79
112900006,10,356,-346
112900007,150,257,-107
112900008,0,56,-56
112900009,464,153,311
112900010,392,910,-518
112900011,227,279,-52
112900012,2,45,-43
112900013,24,317,-293
112900014,6,426,-420
112900015,554,819,-265
112900016,13,256,-243
112900017,39,228,-189
112900018,0,240,-240
112900019,41,212,-171
112900020,471,1231,-760
112900021,6,223,-217
112900022,14,92,-78
112900023,3,180,-177
112900024,13,283,-270
112900025,129,323,-194
112900026,5,218,-213
112900027,4,1043,-1039
112900028,19,157,-138
112900029,17,441,-424
112900030,119,176,-57
112900031,7,461,-454
112900032,511,271,240
112900034,2,55,-53
112900035,7,405,-398
112900036,77,147,-70
112900037,201,236,-35
112900038,766,228,538
112900039,15,256,-241
112900040,4,427,-423
112900041,861,1534,-673
112900042,70,336,-266
112900043,59,69,-10
112900044,517,575,-58
112900045,364,359,5
112900046,271,102,169
112900047,12,33,-21
112900049,346,89,257
112900050,58,505,-447
112900051,337,675,-338
112900052,32,710,-678
112900053,532,131,401
112900054,243,83,160
112900055,172,54,118
112900056,441,249,192
112900057,23,577,-554
112900058,440,398,42
112900059,219,118,101
112900060,45,294,-249
112900061,105,98,7
112900062,56,135,-79
112900063,156,28,128
112900064,318,242,76
112900065,79,51,28
112900066,376,238,138
112900067,502,196,306
112900068,87,48,39
112900069,1790,942,848
112900071,33,6,27
112900072,221,2136,-1915
112900073,390,97,293
112900074,129,317,-188
112900075,1381,1039,342
112900076,105,55,50
112900078,398,430,-32
112900079,307,56,251
112900080,101,5,96
112900081,69,201,-132
112900082,620,25,595
112900083,147,161,-14
112900084,233,119,114
112900085,1,8,-7
112900086,88,0,88
112900087,828,203,625
112900088,234,35,199
112900089,1243,51,1192
112900090,66,42,24
112900091,252,1,251
112900092,403,405,-2
112900093,1364,23,1341
112900094,141,6,135
112900095,52,0,52
112900096,549,184,365
112900097,117,349,-232
112900098,360,12,348
112900099,923,29,894
112900100,121,1,120
112900101,440,2,438
112900102,265,14,251
112900103,230,11,219
112900104,18,0,18
112900105,24,0,24
112900106,458,143,315
112900107,13,1,12
112900108,72,1,71
112900109,173,2,171
112900110,1256,42,1214
112900111,776,4,772
112900112,408,5,403
112900113,0,13,-13
112900114,173,38,135
112900115,1179,3,1176
112900116,171,28,143
112900117,110,93,17
112900118,29,78,-49
112900119,182,3,179
112900120,939,337,602
112900121,91,208,-117
112900122,40,161,-121
112900123,127,17,110
112900124,19,166,-147
112900125,132,760,-628
112900126,189,266,-77
112900127,470,125,345
112900128,409,775,-366
112900129,2,912,-910
112900130,287,105,182
112900131,42,218,-176
112900132,214,437,-223
112900133,49,1227,-1178
112900134,0,302,-302
112900135,119,56,63
112900136,1,34,-33
112900137,4,552,-548
112900138,20,289,-269
112900139,245,1162,-917
112900140,1,101,-100
112900141,1012,50,962
112900142,88,198,-110
112900143,36,559,-523
112900144,1,242,-241
112900145,23,498,-475
112900146,9,1098,-1089
112900147,2,1439,-1437
112900148,100,3,97
112900149,316,631,-315
112900151,21,66,-45
112900152,3905,989,2916
112900153,1990,2621,-631
112900154,0,166,-166
112900155,253,59,194
112900156,477,1371,-894
112900157,344,6,338
112900158,118,34,84
112900159,290,146,144
112900160,84,308,-224
112900161,120,53,67
112900162,59,34,25
112900163,112,62,50
112900164,50,250,-200
112900165,158,45,113
112900166,35,91,-56
112900167,7,61,-54
112900168,6,8,-2
112900169,10,27,-17
112900170,242,162,80
112900172,47,8,39
112900173,218,117,101
112900174,330,62,268
112900175,150,180,-30
112900176,15,95,-80
112900177,216,58,158
112900178,968,2631,-1663
112900179,37,448,-411
112900180,2390,1742,648
112900181,728,8,720
112900182,69,1035,-966
112900183,202,367,-165
112900184,524,612,-88
112900185,396,891,-495
112900186,1660,1475,185
112900187,120,661,-541
112900188,727,808,-81
112900189,29,50,-21
112900190,10,50,-40
112900192,829,822,7
112900193,1778,442,1336
112900194,70,95,-25
112900195,1202,95,1107
112900196,281,395,-114
112900197,262,469,-207
112900199,676,510,166
112900200,626,251,375
112900201,177,104,73
112900202,442,840,-398
112900203,334,302,32
112900204,1024,771,253
112900205,2,9,-7
112900206,22,99,-77
112900207,18,0,18
112900208,83,354,-271
112900209,437,376,61
112900210,0,18,-18
112900211,139,32,107
112900212,1,155,-154
112900213,70,13,57
112900214,24,28,-4
112900215,13,225,-212
112900216,43,68,-25
112900217,0,55,-55
112900218,89,9,80
112900219,212,7,205
112900220,4,0,4
112900221,78,108,-30
112900222,0,31,-31
112900223,1275,61,1214
112900224,432,504,-72
112900225,494,366,128
112900226,395,522,-127
112900227,762,966,-204
112900228,69,49,20
112900229,343,79,264
112900230,7675,4905,2770
112900232,462,301,161
112900233,48,179,-131
112900234,33,83,-50
112900235,138,37,101
112900236,318,13,305
112900237,288,253,35
112900238,7,49,-42
112900239,502,423,79
113000001,6946,4902,2044
113000002,4245,4169,76
113000003,2075,1626,449
113000004,1726,2567,-841
113000005,2186,1109,1077
113000006,1299,1552,-253
113000007,2571,1395,1176
113000008,2027,2049,-22
113000009,1242,871,371
113000010,1410,1630,-220
113000011,911,1846,-935
113000012,2304,820,1484
113000013,1391,811,580
113000014,1635,1704,-69
113000015,526,329,197
113000016,387,1103,-716
113000017,92,447,-355
113000018,392,72,320
113000019,445,447,-2
113000020,556,121,435
113000021,1375,615,760
113000022,843,1206,-363
113000025,201,345,-144
113000026,467,614,-147
113000027,652,800,-148
113000028,1043,818,225
113000029,1155,721,434
113000030,489,998,-509
113000031,383,426,-43
113000032,424,471,-47
113000033,377,533,-156
113000034,475,464,11
113000035,62,54,8
113000036,40,78,-38
113000037,97,62,35
113000038,17,92,-75
113000039,129,407,-278
113000040,102,90,12
113000042,1032,755,277
113000051,919,2447,-1528
113000052,2156,908,1248
113000053,546,419,127
113000054,377,801,-424
113000055,1233,617,616
113000056,1123,891,232
113000058,749,1033,-284
113000059,1407,690,717
113000060,287,573,-286
113000061,525,934,-409
113000062,955,304,651
113000063,232,112,120
113000064,53,334,-281
113000065,121,667,-546
113000066,773,115,658
113000067,2164,1387,777
113000068,381,1155,-774
113000069,656,1146,-490
113000070,2920,1248,1672
113000071,580,693,-113
113000072,852,546,306
113000073,502,1578,-1076
113000074,1157,480,677
113000075,2260,782,1478
113000076,778,2097,-1319
113000077,1507,843,664
113000078,1038,2762,-1724
113000079,801,965,-164
113000080,733,755,-22
113000081,1059,1150,-91
113000082,1602,986,616
113000083,612,995,-383
113000084,1681,1431,250
113000085,991,755,236
113000086,1273,1408,-135
113000087,1190,933,257
113000088,2533,1634,899
113000089,1111,1755,-644
113000090,425,700,-275
113000091,610,471,139
113000094,1373,232,1141
113000095,221,884,-663
113000096,150,866,-716
113000097,1282,419,863
113000098,206,40,166
113000099,1159,442,717
113000100,121,475,-354
113000101,445,831,-386
113000102,743,464,279
113000103,1712,480,1232
113000104,616,1969,-1353
113000105,889,633,256
113000106,332,513,-181
113000107,932,750,182
113000108,650,1257,-607
113000109,629,1936,-1307
113000110,1864,498,1366
113000111,115,607,-492
113000112,260,341,-81
113000113,1478,431,1047
113000114,350,1724,-1374
113000116,745,387,358
113000117,972,157,815
113000118,120,626,-506
113000119,348,382,-34
113000120,68,274,-206
113000121,799,1052,-253
113000124,273,136,137
113000125,89,854,-765
113000127,2517,466,2051
113000128,603,710,-107
113000129,716,875,-159
113000133,2283,2265,18
113000134,9,1211,-1202
113000135,4854,4590,264
113000137,2275,4127,-1852
113000139,538,350,188
113000140,230,284,-54
113000141,421,355,66
113000142,726,1597,-871
113000143,365,310,55
113000144,357,878,-521
113000145,94,186,-92
113000146,173,90,83
113000147,274,170,104
113000148,204,180,24
113000149,152,134,18
113000150,789,378,411
113000151,102,80,22
113000152,61,114,-53
113000153,1734,767,967
113000154,1257,1915,-658
113000155,437,720,-283
113000156,205,468,-263
113000157,321,988,-667
113000158,862,304,558
113000159,1209,734,475
113000160,718,1237,-519
113000161,357,465,-108
113000162,1042,521,521
113000163,153,72,81
113000164,23,92,-69
113000166,227,125,102
113000167,54,114,-60
113000168,136,129,7
113000169,296,64,232
113000170,122,90,32
113000171,35,121,-86
113000172,350,102,248
113000173,82,40,42
113000174,157,446,-289
113000175,486,125,361
113000176,595,151,444
113000177,218,560,-342
113000178,281,414,-133
113000179,369,254,115
113000180,799,1115,-316
113000181,1096,992,104
113000182,204,572,-368
113000183,161,627,-466
113000184,32,162,-130
113000189,570,995,-425
113000190,1158,743,415
113000192,1244,3041,-1797
113000193,4515,1739,2776
113000194,1553,1311,242
113000195,2909,1374,1535
113000196,178,102,76
113000197,1545,1264,281
113000198,124,366,-242
113000199,2050,547,1503
113000201,311,292,19
113000202,4273,1389,2884
113000203,249,132,117
113000204,1370,2972,-1602
113000205,27,36,-9
113000206,7,62,-55
113000207,135,38,97
113000208,67,77,-10
113000209,23,32,-9
113000210,9,20,-11
113000211,194,216,-22
113000212,81,39,42
113000213,40,170,-130
113000214,199,280,-81
113000234,294,977,-683
113000410,156,288,-132
113000411,2830,4916,-2086
113000412,6592,2579,4013
113000413,2704,3247,-543
113000414,6592,15473,-8881
113000415,2540,3408,-868
113000416,9192,4681,4511
113000417,3128,3806,-678
113000418,5049,4046,1003
113000419,2377,2946,-569
113000420,5306,7625,-2319
113000421,4670,7482,-2812
113000422,13357,12727,630
113000423,2577,5889,-3312
113000424,3262,8884,-5622
113000425,8,83,-75
113000428,189,60,129
113000430,17,160,-143
113000432,2344,194,2150
113000433,123,729,-606
113000434,19,166,-147
113000435,34,492,-458
113000436,36,1213,-1177
113000437,1240,33,1207
113000438,332,6,326
113000439,38,164,-126
113000440,139,43,96
113000441,250,216,34
113000442,160,200,-40
113000443,276,233,43
113000444,220,213,7
113000445,118,114,4
113000446,32,88,-56
113000448,188,233,-45
113000449,226,804,-578
113000450,654,1966,-1312
113000451,1236,220,1016
113000452,350,355,-5
113000453,53,386,-333
113000454,712,42,670
113000455,14,393,-379
113000456,4331,3340,991
113000468,1706,239,1467
113000469,180,210,-30
113000470,384,31,353
113000471,14,432,-418
113000472,155,337,-182
113000474,714,652,62
113000475,1638,1963,-325
113000476,1524,2059,-535
113000477,3353,1989,1364
113000478,4245,5741,-1496
113000479,99,133,-34
113000480,130,256,-126
113000481,0,2,-2
113000482,0,0,0
113000483,0,0,0
113000484,0,0,0
113000485,4,0,4
113000486,7,0,7
113000487,2,5,-3
113000488,0,1,-1
113000489,0,4,-4
113000490,0,9,-9
113000491,21,17,4
113000492,6,4,2
113000493,2,0,2
113000495,167,157,10
113000496,124,113,11
113000497,11,10,1
113000499,0,0,0
113000500,0,5,-5
113900001,5,288,-283
113900002,0,69,-69
113900003,1,64,-63
113900004,0,40,-40
113900005,0,50,-50
113900006,0,16,-16
113900007,59,29,30
113900008,29,1,28
113900009,174,2,172
113900010,81,0,81
113900011,52,0,52
113900012,49,0,49
113900013,285,7,278
113900014,650,6,644
113900015,3,79,-76
113900016,46,0,46
113900017,13,64,-51
113900018,510,287,223
113900019,139,66,73
113900020,157,1,156
113900022,50,0,50
113900023,20,0,20
113900024,50,65,-15
113900025,354,46,308
113900026,107,2,105
113900027,10,112,-102
113900028,31,432,-401
113900029,58,195,-137
113900030,227,1,226
113900031,22,0,22
113900032,29,1,28
113900033,80,87,-7
113900035,79,0,79
113900036,44,112,-68
113900037,215,447,-232
113900038,44,144,-100
113900039,187,30,157
113900040,15,15,0
113900041,5,5,0
113900042,88,62,26
113900043,201,160,41
113900044,258,379,-121
113900045,161,3,158
113900046,359,731,-372
113900047,55,163,-108
113900048,156,141,15
113900049,560,291,269
113900050,276,461,-185
113900051,270,442,-172
113900052,219,202,17
113900053,841,606,235
113900054,48,2,46
113900055,107,533,-426
113900056,87,224,-137
113900057,20,107,-87
113900058,75,150,-75
113900059,256,391,-135
113900060,147,292,-145
113900061,1059,347,712
113900062,126,19,107
113900063,157,170,-13
113900064,20,153,-133
113900065,386,18,368
113900066,423,298,125
113900067,224,395,-171
113900068,603,519,84
113900069,79,64,15
113900070,246,640,-394
113900071,92,98,-6
113900072,94,185,-91
113900073,260,378,-118
113900074,213,516,-303
113900075,1413,1303,110
113900076,247,18,229
113900077,80,212,-132
113900078,68,60,8
113900079,1,63,-62
113900080,647,266,381
113900081,95,264,-169
113900082,122,277,-155
113900083,447,435,12
113900084,301,110,191
113900085,48,275,-227
113900086,49,26,23
113900087,134,217,-83
113900088,92,94,-2
113900089,515,56,459
113900090,862,497,365
113900091,20,27,-7
113900092,30,97,-67
113900093,105,768,-663
113900094,589,552,37
113900095,171,108,63
113900096,416,132,284
113900097,39,108,-69
113900098,794,88,706
113900099,1,45,-44
113900100,0,8,-8
113900101,14,96,-82
113900102,190,213,-23
113900103,399,374,25
113900104,160,238,-78
113900105,172,237,-65
113900106,1,68,-67
113900107,3,39,-36
113900108,233,347,-114
113900109,488,218,270
113900110,78,19,59
113900111,186,121,65
113900112,146,87,59
113900113,1034,531,503
113900114,1,96,-95
113900115,1,74,-73
113900116,201,164,37
113900117,141,34,107
113900118,266,519,-253
113900119,233,664,-431
113900120,78,65,13
113900121,92,118,-26
113900122,530,2109,-1579
113900123,526,218,308
113900124,4,69,-65
113900125,956,159,797
113900126,160,58,102
113900127,370,897,-527
113900128,180,80,100
113900129,22,172,-150
113900130,1,81,-80
113900131,328,103,225
113900132,68,82,-14
113900133,23,42,-19
113900135,290,402,-112
113900136,166,104,62
113900137,401,313,88
113900138,79,285,-206
113900139,373,188,185
113900140,322,475,-153
113900141,702,308,394
113900142,226,100,126
113900143,18,55,-37
113900144,229,322,-93
113900145,525,176,349
113900146,158,75,83
113900148,272,320,-48
113900149,181,79,102
113900150,749,628,121
113900151,520,237,283
113900152,51,50,1
113900153,371,671,-300
113900154,2,180,-178
113900155,261,261,0
113900156,220,446,-226
113900157,72,341,-269
113900158,401,578,-177
113900159,20,268,-248
113900160,638,574,64
113900161,106,248,-142
113900162,593,1022,-429
113900163,325,300,25
113900164,318,63,255
113900165,833,592,241
113900166,356,244,112
113900167,335,68,267
113900168,146,108,38
113900169,228,400,-172
113900171,255,104,151
113900172,20,204,-184
113900173,65,492,-427
113900174,568,594,-26
113900175,432,165,267
113900176,481,614,-133
113900177,386,251,135
113900178,480,136,344
113900179,35,390,-355
113900180,174,115,59
113900181,674,130,544
113900182,935,1043,-108
113900183,74,112,-38
113900184,10,464,-454
113900185,203,117,86
113900186,54,45,9
113900187,26,159,-133
113900188,56,194,-138
113900189,343,167,176
113900190,247,139,108
113900191,151,316,-165
113900192,4,628,-624
113900193,43,202,-159
113900194,1652,995,657
113900195,261,468,-207
113900196,54,200,-146
113900197,1,172,-171
113900198,30,255,-225
113900199,233,766,-533
113900200,48,334,-286
113900201,1,174,-173
113900202,102,332,-230
113900203,4,136,-132
113900204,76,543,-467
113900205,30,219,-189
113900206,13,179,-166
113900207,10,174,-164
113900208,2,109,-107
113900209,2,98,-96
113900210,721,963,-242
113900211,268,89,179
113900212,178,437,-259
113900214,454,500,-46
113900215,170,135,35
113900216,112,824,-712
113900217,104,232,-128
113900218,190,92,98
113900219,146,504,-358
113900220,197,141,56
113900221,488,340,148
113900222,329,635,-306
113900223,155,799,-644
113900224,86,71,15
113900225,858,278,580
113900226,508,185,323
113900227,486,305,181
113900228,361,548,-187
113900229,76,1025,-949
113900230,4769,4703,66
113900231,182,185,-3
113900232,165,107,58
113900233,149,86,63
113900234,442,464,-22
113900235,191,54,137
113900236,211,296,-85
113900237,244,18,226
113900238,319,532,-213
113900239,76,115,-39
113900240,17,207,-190
113900241,119,64,55
113900242,71,173,-102
113900243,164,408,-244
113900244,363,259,104
113900245,1337,413,924
113900246,22,33,-11
113900247,161,557,-396
113900248,2845,2141,704
113900249,869,471,398
113900250,112,182,-70
113900251,726,169,557
113900252,551,35,516
113900253,847,94,753
113900254,1056,186,870
113900255,532,43,489
113900256,374,38,336
113900257,39,473,-434
113900258,24,401,-377
113900259,592,194,398
113900260,241,16,225
113900261,45,89,-44
113900262,143,555,-412
113900263,190,642,-452
113900264,3,374,-371
113900265,200,404,-204
113900266,62,182,-120
113900267,105,584,-479
113900268,389,510,-121
113900269,75,201,-126
113900270,288,812,-524
113900271,883,1133,-250
113900273,46,17,29
113900274,64,37,27
113900275,49,79,-30
113900276,5,167,-162
113900277,158,4,154
113900278,280,213,67
113900279,77,81,-4
113900280,1580,734,846
113900281,738,1656,-918
113900282,1089,803,286
113900283,487,637,-150
113900284,914,408,506
113900285,154,105,49
113900286,142,117,25
113900287,54,71,-17
113900288,7,199,-192
113900289,1075,148,927
113900290,281,246,35
113900291,147,187,-40
113900292,11,6,5
113900293,9,247,-238
113900294,475,21,454
113900295,489,524,-35
113900296,2130,458,1672
113900297,2712,52,2660
113900298,17,1860,-1843
113900299,92,136,-44
113900300,5556,3822,1734
113900301,1135,547,588
113900302,2390,1149,1241
113900303,538,555,-17
113900304,1,113,-112
113900305,152,0,152
113900306,77,1,76
113900307,26,0,26
113900308,137,144,-7
113900309,2,710,-708
113900310,1,11,-10
113900311,20,1,19
113900312,258,322,-64
113900313,19,21,-2
114000001,1148,2664,-1516
114000002,394,434,-40
114000003,62,307,-245
114000004,422,448,-26
114000005,285,297,-12
114000006,2738,2339,399
114000007,781,1298,-517
114000008,1598,2206,-608
114000009,801,271,530
114000011,3066,2654,412
114000012,2656,1829,827
114000013,1803,1439,364
114000014,511,293,218
114000015,2325,437,1888
114000016,263,362,-99
114000017,167,357,-190
114000018,290,53,237
114000026,2084,1336,748
114000027,3684,2141,1543
114000028,2665,3004,-339
114000038,347,188,159
114000039,71,57,14
114000040,130,233,-103
114000042,199,223,-24
114000043,48,107,-59
114000044,275,55,220
114000045,50,86,-36
114000046,3968,5565,-1597
114000047,10,96,-86
114000048,95,63,32
114000049,1579,1938,-359
114000050,1857,2422,-565
114000051,3249,2403,846
114000052,4490,2393,2097
114000053,125,837,-712
114000054,216,952,-736
114000055,229,36,193
114000056,1211,982,229
114000057,5220,2446,2774
114000058,654,1967,-1313
114000059,437,329,108
114000060,705,882,-177
114000061,3314,3648,-334
114000062,2773,1875,898
114000063,2644,1885,759
114000064,6826,4613,2213
114000065,1766,2670,-904
114000066,517,697,-180
114000067,58,930,-872
114000068,627,920,-293
114000069,1253,729,524
114000070,2475,2121,354
114000071,839,693,146
114000072,725,310,415
114000073,14,55,-41
114000074,35,21,14
114000075,55,112,-57
114000076,31,122,-91
114000077,22,52,-30
114000078,748,688,60
114000079,159,28,131
114000080,100,87,13
114000081,94,85,9
114000082,54,383,-329
114000083,78,354,-276
114000084,434,94,340
114000085,117,728,-611
114000086,275,447,-172
114000087,154,176,-22
114000088,37,36,1
114000089,1036,443,593
114000090,1087,1040,47
114000091,1994,992,1002
114000092,1066,674,392
114000093,1668,861,807
114000094,414,367,47
114000095,254,186,68
114000096,139,463,-324
114000097,116,561,-445
114000098,613,98,515
114000099,742,535,207
114000100,1618,741,877
114000101,517,863,-346
114000102,680,314,366
114000103,180,373,-193
114000104,153,263,-110
114000105,323,94,229
114000106,965,1243,-278
114000107,495,162,333
114000108,1384,1116,268
114000109,584,1137,-553
114000110,682,1398,-716
114000111,1960,864,1096
114000112,528,1680,-1152
114000113,1370,682,688
114000114,1454,1356,98
114000115,2259,1330,929
114000116,1209,734,475
114000117,3301,553,2748
114000118,2949,593,2356
114000119,1900,637,1263
114000120,594,740,-146
114000121,485,790,-305
114000122,439,316,123
114000123,2354,464,1890
114000124,967,308,659
114000125,818,1175,-357
114000126,2024,265,1759
114000127,400,173,227
114000128,902,356,546
114000130,562,586,-24
114000131,394,118,276
114000132,748,606,142
114000133,1100,1553,-453
114000134,85,185,-100
114000138,65,334,-269
114000139,613,387,226
114000144,1103,648,455
114000145,152,244,-92
114000146,135,266,-131
114000147,1811,2154,-343
114000148,2022,2054,-32
114000149,439,310,129
114000150,652,842,-190
114000151,961,1605,-644
114000152,216,67,149
114000153,903,2788,-1885
114000154,900,810,90
114000155,1606,2274,-668
114000156,936,742,194
114000157,338,1128,-790
114000158,1875,912,963
114000159,204,542,-338
114000160,178,572,-394
114000161,1458,3700,-2242
114000162,1301,3293,-1992
114000163,20,116,-96
114000165,824,392,432
114000166,918,553,365
114000167,3072,1689,1383
114000168,807,777,30
114000169,1702,1682,20
114000170,1069,1142,-73
114000171,1508,1941,-433
114000174,301,557,-256
114000176,531,611,-80
114000177,1760,932,828
114000178,50,59,-9
114000179,1167,782,385
114000180,546,753,-207
114000181,2057,4043,-1986
114000182,3430,2702,728
114000183,819,771,48
114000184,581,1143,-562
114000185,1328,957,371
114000189,1145,168,977
114000190,2902,472,2430
114000191,45,98,-53
114000192,265,1402,-1137
114000193,712,2375,-1663
114000194,1315,840,475
114000195,203,20,183
114000196,5,219,-214
114000197,1452,17,1435
114000198,904,358,546
114000199,2180,1801,379
114000200,626,1816,-1190
114000201,171,868,-697
114000202,1090,520,570
114000203,523,525,-2
114000204,201,460,-259
114000205,242,1527,-1285
114000206,761,1249,-488
114000207,622,1787,-1165
114000208,520,2428,-1908
114000209,770,2194,-1424
114000210,311,1178,-867
114000211,938,1716,-778
114000212,751,884,-133
114000213,1347,531,816
114000214,129,199,-70
114000215,249,114,135
114000216,1383,307,1076
114000217,420,210,210
114000218,164,266,-102
114000219,1242,220,1022
114000220,34,789,-755
114000221,903,182,721
114000222,195,990,-795
114000223,514,165,349
114000224,102,544,-442
114000225,217,623,-406
114000226,201,252,-51
114000227,777,528,249
114000228,950,873,77
114000229,1324,1268,56
114000230,1771,1260,511
114000231,1084,1235,-151
114000232,820,133,687
114000233,2296,164,2132
114000234,1020,839,181
114000235,1142,1229,-87
114000236,1,392,-391
114000237,127,884,-757
114000238,174,161,13
114000239,287,1030,-743
114000240,899,863,36
114000241,259,892,-633
114000242,858,801,57
114000243,1642,920,722
114000244,972,412,560
114000245,419,726,-307
114000246,127,54,73
114000247,1136,691,445
114000248,1568,522,1046
114000249,458,518,-60
114000250,513,790,-277
114000251,537,272,265
114000252,69,69,0
114000253,111,167,-56
114000254,85,95,-10
114000255,647,240,407
114000256,1814,2660,-846
114000257,492,1302,-810
114000258,664,464,200
114000259,453,233,220
114000260,0,45,-45
114000261,42,57,-15
114000262,469,149,320
114000263,5,1,4
114000264,1362,593,769
114000265,0,3,-3
114000267,3,1870,-1867
114000268,1,1347,-1346
114000270,122,4,118
114000271,399,102,297
114000283,1694,440,1254
114000285,35,201,-166
114000288,99,360,-261
114000289,1235,140,1095
114000293,256,473,-217
114000294,208,419,-211
114000395,1808,63,1745
114000396,732,641,91
114000402,553,286,267
114000403,375,433,-58
114000405,169,455,-286
114000423,331,413,-82
114000424,600,228,372
114000425,772,400,372
114000426,439,903,-464
114000427,57,91,-34
114000428,192,235,-43
114000429,12,258,-246
114000432,139,103,36
114000434,37,98,-61
114000435,0,132,-132
114000436,2863,933,1930
114000437,598,3200,-2602
114900001,902,999,-97
114900002,735,178,557
114900003,765,1400,-635
114900004,259,580,-321
114900005,745,733,12
114900006,102,113,-11
114900007,562,31,531
114900008,163,97,66
114900010,1942,2036,-94
114900011,232,186,46
114900013,303,186,117
114900015,125,508,-383
114900018,864,23,841
114900020,235,107,128
114900022,80,717,-637
114900024,386,184,202
114900025,547,263,284
114900026,56,159,-103
114900027,269,307,-38
114900029,26,28,-2
114900030,396,253,143
114900031,431,40,391
114900032,470,36,434
114900033,1022,884,138
114900034,95,217,-122
114900035,156,336,-180
114900036,249,662,-413
114900037,188,230,-42
114900038,221,677,-456
114900039,505,609,-104
114900040,94,161,-67
114900041,758,493,265
114900042,897,742,155
114900043,600,284,316
114900044,221,54,167
114900046,62,116,-54
114900047,289,2211,-1922
114900048,128,285,-157
114900049,7,177,-170
114900050,56,420,-364
114900051,30,384,-354
114900052,111,274,-163
114900053,123,294,-171
114900054,58,137,-79
114900057,249,22,227
114900058,0,67,-67
114900059,157,66,91
114900060,1146,1066,80
114900061,159,180,-21
114900062,248,409,-161
114900063,91,232,-141
114900064,1762,540,1222
114900065,519,763,-244
114900067,140,461,-321
114900068,96,167,-71
114900069,226,128,98
114900070,564,453,111
114900072,26,307,-281
114900073,0,185,-185
114900074,881,630,251
114900075,427,20,407
114900076,46,395,-349
114900080,2106,404,1702
114900082,3522,2532,990
114900083,1278,1308,-30
114900090,415,226,189
114900091,180,199,-19
114900095,323,90,233
114900096,583,843,-260
114900097,163,3,160
114900098,5,222,-217
114900099,308,10,298
115000001,5699,3642,2057
115000002,3713,4033,-320
115000003,5011,3157,1854
115000004,4232,6155,-1923
115000005,1519,2148,-629
115000006,1002,1660,-658
115000007,146,220,-74
115000008,450,540,-90
115000009,193,233,-40
115000010,265,245,20
115000013,138,170,-32
115000015,53,301,-248
115000016,297,351,-54
115000019,47,445,-398
115000020,143,903,-760
115000021,252,405,-153
115000022,597,419,178
115000023,418,726,-308
115000024,1239,583,656
115000025,985,842,143
115000026,191,468,-277
115000027,324,357,-33
115000028,284,904,-620
115000029,660,145,515
115000030,1116,1296,-180
115000031,1385,527,858
115000032,19,268,-249
115000033,191,55,136
115000034,80,1273,-1193
115000035,1315,98,1217
115000036,2,468,-466
115000037,745,18,727
115000038,45,192,-147
115000039,3256,3594,-338
115000040,6340,3245,3095
115000041,1386,4212,-2826
115000042,1033,774,259
115000043,3956,2490,1466
115000044,3502,3654,-152
115000045,2701,1563,1138
115000046,2600,2499,101
115000047,2365,1496,869
115000048,1589,2196,-607
115000049,1631,3111,-1480
115000050,3262,1867,1395
115000051,1815,3039,-1224
115000052,1950,1912,38
115000053,1857,1809,48
115000054,722,1212,-490
115000055,248,938,-690
115000056,296,628,-332
115000057,716,1395,-679
115000058,669,458,211
115000059,226,105,121
115000061,157,175,-18
115000062,230,295,-65
115000063,396,277,119
115000064,213,130,83
115000065,78,529,-451
115000067,214,17,197
115000069,113,360,-247
115000070,29,954,-925
115000071,140,17,123
115000072,9,83,-74
115000073,1400,76,1324
115000075,110,89,21
115000076,3154,2967,187
115000077,2462,2410,52
115000078,1522,1334,188
115000079,1278,1630,-352
115000080,2612,2226,386
115000081,534,1052,-518
115000082,4526,4052,474
115000083,2199,2115,84
115000084,2781,1181,1600
115000085,904,945,-41
115000086,1431,982,449
115000087,474,1449,-975
115000088,2035,762,1273
115000089,1394,1321,73
115000090,612,900,-288
115000091,234,953,-719
115000092,648,334,314
115000093,687,6,681
115000094,6509,5919,590
115000095,4779,6302,-1523
115000096,852,1339,-487
115000097,1111,918,193
115000098,1209,771,438
115000099,2903,2363,540
115000100,1137,396,741
115000101,452,1359,-907
115000102,560,252,308
115000103,324,639,-315
115000105,88,141,-53
115000106,678,306,372
115000107,289,380,-91
115000108,3232,2367,865
115000109,4548,5186,-638
115000110,1670,1820,-150
115000111,836,2043,-1207
115000112,1059,920,139
115000113,1030,1053,-23
115000114,1908,930,978
115000116,4438,3046,1392
115000117,4141,3714,427
115000118,2355,2259,96
115000119,2053,2989,-936
115000120,717,1619,-902
115000121,1544,1277,267
115000122,4723,2140,2583
115000123,1908,2919,-1011
115000124,900,1233,-333
115000125,523,724,-201
115000126,193,339,-146
115000127,443,167,276
115000128,579,769,-190
115000129,268,351,-83
115000130,573,809,-236
115000131,961,297,664
115000132,356,404,-48
115000133,519,308,211
115000134,523,294,229
115000135,411,231,180
115000136,438,306,132
115000137,161,168,-7
115000138,437,276,161
115000139,278,258,20
115000140,396,258,138
115000141,151,275,-124
115000142,214,250,-36
115000143,848,614,234
115000144,526,101,425
115000145,327,278,49
115000146,524,433,91
115000147,416,440,-24
115000148,343,978,-635
115000149,659,231,428
115000150,838,853,-15
115000151,1140,680,460
115000152,851,1017,-166
115000153,1232,720,512
115000154,899,439,460
115000155,746,930,-184
115000156,1281,923,358
115000157,837,878,-41
115000158,719,555,164
115000159,851,780,71
115000160,858,714,144
115000161,558,538,20
115000162,792,888,-96
115000163,624,689,-65
115000164,578,626,-48
115000165,403,597,-194
115000167,165,70,95
115000168,777,365,412
115000169,677,363,314
115000170,171,139,32
115000171,348,269,79
115000172,1303,683,620
115000173,424,645,-221
115000174,159,291,-132
115000175,209,143,66
115000176,227,218,9
115000177,151,284,-133
115000178,9,227,-218
115000179,26,88,-62
115000180,157,570,-413
115000181,871,192,679
115000182,1023,423,600
115000183,495,737,-242
115000186,736,346,390
115000187,275,749,-474
115000188,448,561,-113
115000189,244,501,-257
115000190,878,437,441
115000191,228,562,-334
115000194,182,265,-83
115000195,389,367,22
115000196,313,123,190
115000197,399,253,146
115000198,446,248,198
115000199,400,178,222
115000200,530,140,390
115000201,190,437,-247
115000206,481,94,387
115000207,178,309,-131
115000208,497,691,-194
115000209,758,335,423
115000210,206,171,35
115000211,297,282,15
115000212,1506,458,1048
115000224,460,65,395
115000225,51,111,-60
115000229,195,194,1
115000230,108,512,-404
115000231,338,1525,-1187
115000232,1688,294,1394
115000233,200,254,-54
115000234,33,306,-273
115000241,122,276,-154
115000242,115,266,-151
115000243,38,192,-154
115000244,8,91,-83
115000246,37,39,-2
115000247,40,24,16
115000248,44,20,24
115000249,53,17,36
115000250,326,54,272
115000251,304,130,174
115000252,108,217,-109
115000253,21,503,-482
115000258,369,157,212
115000259,393,212,181
115000261,24,28,-4
115000262,23,32,-9
115000263,20,51,-31
115000264,29,43,-14
115000267,95,72,23
115000268,56,140,-84
115000269,136,62,74
115000270,47,31,16
115000272,102,176,-74
115000273,516,36,480
115000280,3051,264,2787
115000281,865,852,13
115000282,1635,988,647
115000284,347,236,111
115000296,1375,14,1361
115000297,219,168,51
115000298,110,520,-410
115000300,231,174,57
115000302,676,190,486
115000303,834,178,656
115000304,945,88,857
115000305,133,784,-651
115000306,293,345,-52
115000307,173,242,-69
115000308,42,25,17
115000309,23,49,-26
115000310,1140,879,261
115000311,982,1187,-205
115000313,143,653,-510
115000314,566,163,403
115000315,969,520,449
115000316,74,127,-53
115000317,193,503,-310
115000318,1002,334,668
115000319,63,317,-254
115000320,14,444,-430
115000321,467,31,436
115000322,57,260,-203
115000449,354,193,161
115000557,2,1287,-1285
115000558,467,148,319
115000587,600,424,176
115000588,2149,2602,-453
115000589,3319,2438,881
115000590,1124,1623,-499
115000591,1766,856,910
115000592,729,1621,-892
115000593,1548,644,904
115000594,810,2278,-1468
115000609,151,144,7
115000617,2120,4007,-1887
115000624,334,60,274
115000633,490,2011,-1521
115000634,2768,1057,1711
115000635,523,165,358
115000638,864,759,105
115000641,68,143,-75
115000642,383,341,42
115000643,113,530,-417
115000644,210,491,-281
115000646,1097,1895,-798
115000647,266,554,-288
115000648,2051,2023,28
115000893,2806,1588,1218
115000894,172,1067,-895
115000895,342,767,-425
115000896,1012,374,638
115000897,605,187,418
115000898,1032,214,818
115000899,493,1070,-577
115000900,117,313,-196
115000901,68,131,-63
115000912,510,116,394
115000913,1,20,-19
115000915,22,0,22
115000916,9,0,9
115000917,0,12,-12
115000918,103,509,-406
115000919,10,34,-24
115000920,18,59,-41
115000921,910,99,811
115000922,827,731,96
115000923,363,877,-514
115000925,99,91,8
115000927,41,71,-30
115000933,208,204,4
115000934,158,220,-62
115000935,162,99,63
115000936,25,374,-349
115000937,191,75,116
115000938,26,101,-75
115000939,23,100,-77
115900001,118,51,67
115900002,119,150,-31
115900003,294,102,192
115900004,3,55,-52
115900005,213,11,202
115900006,228,280,-52
115900008,75,8,67
115900009,127,301,-174
115900010,392,145,247
115900011,518,234,284
115900012,188,79,109
115900013,490,189,301
115900014,227,152,75
115900015,173,100,73
115900016,168,42,126
115900017,35,10,25
115900018,210,69,141
115900019,542,20,522
115900020,124,3,121
115900021,1250,251,999
115900022,1360,22,1338
115900023,35,2,33
115900025,102,337,-235
115900026,881,273,608
115900027,0,292,-292
115900028,718,59,659
115900029,22,363,-341
115900030,28,47,-19
115900031,427,442,-15
115900032,617,759,-142
115900033,1,58,-57
115900034,78,393,-315
115900035,46,39,7
115900036,60,776,-716
115900037,51,361,-310
115900038,35,15,20
115900039,215,246,-31
115900041,447,660,-213
115900042,41,13,28
115900043,134,115,19
115900044,281,310,-29
115900046,396,251,145
115900047,214,211,3
115900049,192,238,-46
115900051,3,44,-41
115900052,25,237,-212
115900053,290,195,95
115900054,255,41,214
115900055,20,131,-111
115900056,244,270,-26
115900057,29,7,22
115900058,45,68,-23
115900060,143,210,-67
115900061,217,3,214
115900062,53,276,-223
115900063,84,25,59
115900064,207,230,-23
115900065,172,140,32
115900066,191,158,33
115900067,11,488,-477
115900068,2896,978,1918
115900069,72,259,-187
115900070,222,181,41
115900071,3,447,-444
115900072,67,187,-120
115900073,107,104,3
115900074,7,258,-251
115900075,56,267,-211
115900076,2,49,-47
115900077,2,222,-220
115900078,53,180,-127
115900079,239,18,221
115900080,493,253,240
115900081,20,51,-31
115900082,189,181,8
115900084,558,22,536
115900085,43,78,-35
115900086,1519,686,833
115900088,15,83,-68
115900089,413,700,-287
115900090,442,13,429
115900091,16,30,-14
115900092,13,127,-114
115900093,6,23,-17
115900094,4,299,-295
115900096,2,7,-5
115900097,25,357,-332
115900098,184,328,-144
115900099,223,67,156
115900100,11,506,-495
115900101,173,290,-117
115900102,119,66,53
115900103,371,149,222
115900104,84,117,-33
115900105,410,681,-271
115900106,108,44,64
115900107,135,139,-4
115900108,167,49,118
115900109,96,432,-336
115900110,5,10,-5
115900111,9,80,-71
115900112,50,926,-876
115900113,70,32,38
115900114,6,150,-144
115900115,90,288,-198
115900116,98,932,-834
115900117,107,21,86
115900118,4,261,-257
115900119,146,162,-16
115900120,32,351,-319
115900121,194,264,-70
115900124,285,641,-356
115900125,401,84,317
115900126,868,125,743
115900127,830,78,752
115900128,18,118,-100
115900129,893,92,801
115900130,31,194,-163
115900131,583,41,542
115900132,706,9,697
115900134,413,12,401
115900135,449,1247,-798
115900137,61,9,52
115900139,35,93,-58
115900140,317,45,272
115900141,14,64,-50
115900142,12,23,-11
115900143,238,352,-114
115900144,111,252,-141
115900146,46,100,-54
115900147,254,262,-8
115900148,103,7,96
115900149,123,29,94
115900150,82,37,45
115900151,18,122,-104
115900152,163,319,-156
115900153,160,251,-91
115900154,633,422,211
115900155,0,45,-45
115900156,899,908,-9
115900157,197,443,-246
115900158,14,6,8
115900159,159,201,-42
115900160,10,13,-3
115900161,93,246,-153
115900163,285,198,87
115900164,598,54,544
115900165,0,178,-178
115900166,245,202,43
115900168,95,195,-100
115900171,138,552,-414
115900172,70,141,-71
115900173,250,249,1
115900174,281,286,-5
115900175,197,243,-46
115900178,7,506,-499
115900179,338,16,322
115900180,49,138,-89
115900181,217,166,51
115900182,475,212,263
115900183,65,74,-9
115900184,2106,22,2084
115900187,21,88,-67
115900189,1,340,-339
115900190,197,1596,-1399
115900191,38,368,-330
115900192,14,164,-150
115900193,266,134,132
115900194,812,103,709
115900195,643,2354,-1711
115900198,309,402,-93
115900199,198,234,-36
115900200,267,370,-103
115900201,516,291,225
115900202,19,79,-60
115900203,7,10,-3
115900204,0,2,-2
115900205,93,34,59
115900206,226,203,23
115900207,41,27,14
115900208,172,175,-3
115900209,6,161,-155
115900210,4,118,-114
115900211,4,190,-186
115900212,190,295,-105
115900213,134,117,17
115900214,479,261,218
115900215,23,176,-153
115900216,15,129,-114
115900217,33,47,-14
115900218,29,44,-15
115900219,96,9,87
115900220,203,12,191
115900221,95,18,77
115900222,63,38,25
115900223,17,386,-369
115900224,1065,1241,-176
115900225,67,81,-14
115900226,23,66,-43
115900227,9,76,-67
115900228,12,53,-41
115900229,14,42,-28
115900230,68,125,-57
115900231,118,2,116
115900232,36,6,30
115900233,81,16,65
115900234,48,31,17
115900235,29,57,-28
115900236,101,45,56
115900237,71,36,35
115900238,107,25,82
115900239,24,54,-30
115900240,13,43,-30
115900241,232,167,65
115900242,235,318,-83
115900243,15,27,-12
115900244,15,24,-9
115900245,55,11,44
115900246,9,19,-10
115900247,26,13,13
115900248,14,6,8
115900249,8,21,-13
115900250,16,39,-23
115900251,1,11,-10
115900252,6,4,2
115900253,13,10,3
115900254,10,26,-16
115900255,10,11,-1
115900256,24,31,-7
115900257,7,14,-7
115900258,1,0,1
115900259,5,2,3
115900260,12,0,12
115900261,14,2,12
115900262,2,2,0
115900263,10,2,8
115900264,35,7,28
115900265,10,15,-5
115900266,2,21,-19
115900267,6,26,-20
115900268,6,8,-2
115900269,548,427,121
115900270,542,452,90
115900271,113,0,113
115900272,30,10,20
115900273,6,28,-22
115900274,3,13,-10
115900275,0,40,-40
115900276,3,29,-26
115900277,0,44,-44
115900278,41,133,-92
115900279,19,226,-207
115900280,17,436,-419
115900281,296,210,86
115900282,6,6,0
116000001,11034,4820,6214
116000002,5557,11025,-5468
116000003,1675,1803,-128
116000004,2562,3655,-1093
116000005,2730,3266,-536
116000006,2881,2709,172
116000007,2814,3560,-746
116000008,3515,2458,1057
116000009,1717,2231,-514
116000010,2501,1730,771
116000011,882,1832,-950
116000012,1455,1130,325
116000013,8212,4506,3706
116000014,11077,11580,-503
116000015,416,1563,-1147
116000016,6508,3956,2552
116000017,48,787,-739
116000018,911,353,558
116000019,812,400,412
116000020,875,1161,-286
116000021,433,324,109
116000022,488,394,94
116000023,1208,841,367
116000024,858,945,-87
116000025,927,900,27
116000026,2044,3000,-956
116000027,935,783,152
116000028,529,983,-454
116000029,729,808,-79
116000030,901,592,309
116000031,262,362,-100
116000032,427,220,207
116000033,394,569,-175
116000034,775,873,-98
116000035,377,670,-293
116000036,1934,1488,446
116000037,728,641,87
116000038,656,540,116
116000039,792,596,196
116000040,1028,374,654
116000041,263,573,-310
116000042,668,313,355
116000043,133,771,-638
116000044,15,55,-40
116000045,1936,1356,580
116000046,1282,1594,-312
116000047,1777,2141,-364
116000048,2014,1768,246
116000049,1406,3292,-1886
116000050,1553,1387,166
116000051,6394,3141,3253
116000052,6078,5581,497
116000053,2066,873,1193
116000054,821,2917,-2096
116000055,646,916,-270
116000056,1033,1163,-130
116000057,3181,1867,1314
116000058,4044,3645,399
116000059,4367,5711,-1344
116000060,2130,1057,1073
116000061,469,998,-529
116000062,614,295,319
116000063,690,1065,-375
116000066,312,626,-314
116000067,247,408,-161
116000068,287,324,-37
116000069,304,374,-70
116000078,653,1092,-439
116000080,1811,899,912
116000082,12,66,-54
116000083,1711,399,1312
116000084,2256,4039,-1783
116000085,2349,2374,-25
116000086,1822,1087,735
116000087,2004,1700,304
116000088,844,1158,-314
116000089,220,121,99
116000090,113,177,-64
116000091,590,266,324
116000093,1129,606,523
116000094,838,689,149
116000095,998,799,199
116000096,726,1487,-761
116000097,1267,864,403
116000098,83,6311,-6228
116000099,6962,238,6724
116000100,346,18,328
116000101,1104,962,142
116000102,262,1413,-1151
116000103,576,310,266
116000104,242,1477,-1235
116000105,1188,235,953
116000106,411,983,-572
116000107,2400,498,1902
116000108,474,192,282
116000111,167,44,123
116000113,160,142,18
116000114,69,166,-97
116000115,504,164,340
116000116,313,629,-316
116000117,1539,2000,-461
116000118,1687,1363,324
116000119,3612,2148,1464
116000120,3154,4221,-1067
116000121,1062,728,334
116000122,1278,1971,-693
116000123,1333,570,763
116000124,462,1137,-675
116000125,3415,1054,2361
116000126,333,1479,-1146
116000127,1127,1238,-111
116000128,1932,1011,921
116000129,1387,300,1087
116000130,599,509,90
116000133,1159,871,288
116000134,1964,2076,-112
116000135,2679,1646,1033
116000136,1262,1980,-718
116000137,1191,761,430
116000138,1197,883,314
116000139,1624,2229,-605
116000140,118,164,-46
116000141,338,630,-292
116000142,2902,2318,584
116000143,1525,1714,-189
116000144,1368,1788,-420
116000145,1614,1116,498
116000146,480,199,281
116000147,210,143,67
116000148,569,620,-51
116000149,938,959,-21
116000151,495,561,-66
116000153,163,389,-226
116000155,263,247,16
116000156,986,1255,-269
116000157,114,23,91
116000158,434,329,105
116000159,35,16,19
116000160,20,85,-65
116000161,4,118,-114
116000162,142,140,2
116000163,34,19,15
116000164,24,32,-8
116000177,325,114,211
116000194,79,431,-352
116000195,1474,681,793
116000196,36,10,26
116000197,12,21,-9
116000198,2646,1255,1391
116000200,789,562,227
116000201,759,754,5
116000202,12,335,-323
116000203,1,119,-118
116000204,26,80,-54
116000205,1,147,-146
116000206,9,107,-98
116000207,22,36,-14
116000233,208,586,-378
116000287,198,445,-247
116000288,344,252,92
116000292,84,177,-93
116000296,4,169,-165
116000297,77,13,64
116000304,186,20,166
116000305,13,63,-50
116000346,255,168,87
116000352,95,80,15
116000354,52,18,34
116000357,23,96,-73
116000358,567,71,496
116000361,62,4,58
116000372,4780,4380,400
116000381,107,1,106
116000388,8,51,-43
116000389,1225,728,497
116000445,597,509,88
116000446,680,622,58
116000447,19,576,-557
116000448,577,206,371
116000563,1201,1000,201
116000565,79,429,-350
116000568,57,333,-276
116000579,37,152,-115
116000584,18,9,9
116000585,40,22,18
116000586,120,178,-58
116000587,585,744,-159
116000589,45,49,-4
116000590,121,79,42
116000591,286,254,32
116000592,12,115,-103
116000593,0,32,-32
116000594,659,477,182
116000595,746,168,578
116000596,93,7,86
116000597,502,104,398
116000598,71,189,-118
116000602,86,488,-402
116000605,307,148,159
116000606,126,250,-124
116000607,7,85,-78
116000609,201,855,-654
116000611,156,506,-350
116000612,648,1710,-1062
116000613,772,318,454
116000614,491,618,-127
116000615,0,334,-334
116000616,101,90,11
116000617,112,48,64
116000618,2,81,-79
116000619,68,101,-33
116000620,138,113,25
116000621,79,136,-57
116000622,66,153,-87
116000624,211,103,108
116000627,37,48,-11
116000628,44,222,-178
116000629,28,310,-282
116000630,366,32,334
116000631,121,33,88
116000632,524,226,298
116000633,29,335,-306
116000634,521,16,505
116000635,2113,1997,116
116000636,320,816,-496
116000637,18,1,17
116000638,1,41,-40
116900001,298,219,79
116900002,297,3,294
116900003,49,56,-7
116900004,55,59,-4
116900005,317,80,237
116900006,294,223,71
116900007,135,230,-95
116900008,517,308,209
116900009,20,6,14
116900010,5,1285,-1280
116900011,21,40,-19
116900012,393,301,92
116900013,6,201,-195
116900014,116,200,-84
116900015,415,67,348
116900016,173,1,172
116900017,5,614,-609
116900018,79,59,20
116900019,6,337,-331
116900020,926,1082,-156
116900023,43,15,28
116900024,629,68,561
116900025,1104,934,170
116900026,170,617,-447
116900027,41,75,-34
116900028,8,109,-101
116900029,2,54,-52
116900031,3,6,-3
116900032,6,322,-316
116900033,20,9,11
116900034,35,93,-58
116900035,244,180,64
116900036,11,124,-113
116900038,81,4,77
116900041,47,22,25
116900042,667,237,430
116900043,44,62,-18
116900045,279,130,149
116900047,43,150,-107
116900049,43,322,-279
116900050,134,492,-358
116900051,134,206,-72
116900052,236,84,152
116900055,1,7,-6
116900057,21,226,-205
116900058,83,364,-281
116900059,4,157,-153
116900060,248,198,50
116900062,3,25,-22
116900064,104,649,-545
116900065,58,110,-52
116900067,202,100,102
116900068,134,267,-133
116900070,3,4,-1
116900072,30,364,-334
116900073,14,147,-133
116900074,3,60,-57
116900076,15,37,-22
116900077,39,194,-155
116900078,229,109,120
116900079,85,254,-169
116900080,16,37,-21
116900081,452,1167,-715
116900082,451,1184,-733
116900083,51,51,0
116900084,159,73,86
116900085,75,191,-116
116900086,77,196,-119
116900088,465,173,292
116900090,147,46,101
116900091,462,44,418
116900092,107,652,-545
116900093,2006,2513,-507
116900094,4489,3813,676
116900095,227,117,110
116900096,217,437,-220
116900097,2784,2946,-162
116900098,932,494,438
116900099,881,862,19
116900100,965,69,896
116900101,435,559,-124
116900103,6,0,6
116900104,117,70,47
116900105,297,169,128
116900106,2001,359,1642
116900107,3553,2749,804
116900110,19,13,6
116900111,572,622,-50
116900112,316,1026,-710
116900113,2025,1357,668
116900116,193,809,-616
116900117,180,143,37
116900118,853,943,-90
116900120,469,103,366
116900121,216,27,189
116900122,1033,794,239
116900123,263,795,-532
116900124,232,867,-635
116900125,475,327,148
116900126,178,610,-432
116900128,1,44,-43
116900129,3,432,-429
116900130,759,3770,-3011
116900131,143,459,-316
116900132,105,149,-44
116900133,226,152,74
116900134,259,357,-98
116900136,334,268,66
116900137,303,190,113
116900138,218,213,5
116900139,164,510,-346
116900140,271,165,106
116900141,953,484,469
116900142,5,89,-84
116900143,386,390,-4
116900144,41,126,-85
116900145,115,263,-148
116900147,716,589,127
116900148,14,51,-37
116900149,85,305,-220
116900150,18,26,-8
116900151,41,16,25
116900153,139,83,56
116900154,630,770,-140
116900155,127,88,39
116900157,674,327,347
116900158,130,339,-209
116900159,83,391,-308
116900160,909,1070,-161
116900161,6240,6706,-466
116900162,12,92,-80
116900163,187,146,41
116900164,129,74,55
116900165,217,406,-189
116900166,45,71,-26
116900167,430,81,349
116900168,364,108,256
116900169,742,629,113
116900170,413,634,-221
116900171,48,198,-150
116900172,231,428,-197
116900173,209,49,160
116900174,81,49,32
116900175,278,235,43
116900178,46,139,-93
116900179,134,346,-212
116900180,121,38,83
116900182,608,282,326
116900183,191,122,69
116900185,38,68,-30
116900186,83,250,-167
116900187,121,99,22
116900188,189,35,154
116900189,61,1,60
116900191,575,787,-212
116900192,400,168,232
116900194,219,1428,-1209
116900195,68,37,31
116900196,14,102,-88
116900197,158,39,119
116900198,192,369,-177
116900200,63,40,23
116900201,156,8,148
116900202,140,49,91
116900203,189,30,159
116900204,67,122,-55
116900206,10,31,-21
116900207,17,33,-16
116900208,8,139,-131
116900209,40,106,-66
116900210,673,379,294
116900211,286,9,277
116900212,61,53,8
116900213,316,153,163
116900214,265,185,80
116900215,158,100,58
116900216,322,209,113
116900218,11,286,-275
116900219,1319,443,876
116900220,151,297,-146
116900221,132,397,-265
116900222,464,443,21
116900223,124,424,-300
116900226,162,67,95
116900227,206,98,108
116900228,306,240,66
116900230,99,265,-166
116900231,36,348,-312
116900232,15,375,-360
116900233,323,104,219
116900234,39,21,18
116900235,156,315,-159
116900238,1647,399,1248
116900239,63,1510,-1447
116900240,5433,3305,2128
116900241,143,206,-63
116900242,369,760,-391
116900243,5,98,-93
116900245,47,35,12
116900246,152,7,145
116900247,819,74,745
116900248,103,62,41
116900249,400,146,254
116900250,612,36,576
116900251,513,596,-83
116900252,204,793,-589
116900253,129,102,27
116900254,62,100,-38
116900255,145,71,74
116900256,544,164,380
116900257,29,527,-498
116900258,11,260,-249
116900259,278,24,254
116900260,2,94,-92
116900261,81,6,75
116900262,417,161,256
116900263,0,16,-16
116900264,1,3,-2
116900265,29,0,29
116900266,19,96,-77
116900267,5,2,3
116900268,337,330,7
116900269,346,672,-326
116900271,1734,298,1436
116900272,412,308,104
116900273,259,112,147
116900274,111,103,8
116900275,178,102,76
116900276,672,157,515
116900277,558,39,519
116900278,3,11,-8
116900279,1,18,-17
116900280,41,33,8
116900281,5977,4350,1627
116900282,1,119,-118
116900283,49,111,-62
116900284,19,196,-177
116900285,290,210,80
116900286,253,32,221
116900287,11,51,-40
116900288,111,125,-14
116900289,11,9,2
116900290,3,24,-21
116900291,35,6,29
116900292,0,21,-21
116900293,80,87,-7
116900294,42,189,-147
116900295,135,73,62
116900296,79,74,5
116900297,5,123,-118
116900298,114,69,45
116900299,26,78,-52
116900300,21,83,-62
116900301,78,108,-30
116900302,21,62,-41
116900303,247,109,138
116900304,1,174,-173
116900305,22,67,-45
116900306,173,69,104
117000001,2045,1710,335
117000002,1896,3924,-2028
117000003,6923,3883,3040
117000004,3863,5008,-1145
117000005,2248,2081,167
117000006,1230,2977,-1747
117000007,4001,1252,2749
117000008,1061,3262,-2201
117000009,5527,2113,3414
117000010,2819,3809,-990
117000011,2379,1547,832
117000012,1198,1317,-119
117000013,1753,875,878
117000014,1118,2040,-922
117000015,2482,1361,1121
117000016,396,114,282
117000017,222,147,75
117000018,212,678,-466
117000019,94,1,93
117000020,528,1477,-949
117000021,1555,362,1193
117000022,414,135,279
117000023,237,174,63
117000024,298,243,55
117000025,555,1082,-527
117000026,2141,1270,871
117000027,2720,5090,-2370
117000028,3758,2132,1626
117000030,515,557,-42
117000031,413,223,190
117000032,1539,1251,288
117000033,1328,837,491
117000034,404,348,56
117000035,451,284,167
117000036,428,286,142
117000037,303,207,96
117000038,252,582,-330
117000039,464,238,226
117000040,236,852,-616
117000041,1107,212,895
117000044,13,645,-632
117000045,401,128,273
117000046,395,699,-304
117000047,771,707,64
117000048,1798,1076,722
117000049,176,828,-652
117000050,130,1665,-1535
117000051,2258,93,2165
117000052,60,328,-268
117000053,537,41,496
117000054,1919,8,1911
117000055,12,2932,-2920
117000056,792,33,759
117000057,630,2416,-1786
117000060,605,1431,-826
117000061,1787,982,805
117000062,333,707,-374
117000063,2062,1069,993
117000064,921,850,71
117000066,1093,1010,83
117000067,163,703,-540
117000074,178,202,-24
117000076,97,41,56
117000077,161,236,-75
117000078,169,754,-585
117000079,559,256,303
117000080,1,335,-334
117000081,1486,167,1319
117000082,32,115,-83
117000083,155,6,149
117000084,231,2,229
117000085,349,901,-552
117000086,1005,489,516
117000087,123,448,-325
117000088,259,251,8
117000089,1652,293,1359
117000090,342,1105,-763
117000091,1016,339,677
117000092,496,1205,-709
117000093,1197,824,373
117000094,1465,2577,-1112
117000095,3574,1114,2460
117000096,830,2207,-1377
117000097,1566,1332,234
117000098,2849,4788,-1939
117000099,4019,1402,2617
117000100,232,469,-237
117000101,253,1205,-952
117000102,1759,730,1029
117000103,768,1595,-827
117000104,1441,654,787
117000105,972,1502,-530
117000106,1266,763,503
117000107,532,1772,-1240
117000108,1780,905,875
117000109,1481,2505,-1024
117000110,1719,1095,624
117000111,3765,3934,-169
117000112,3667,1807,1860
117000113,160,318,-158
117000114,321,149,172
117000115,126,175,-49
117000116,163,255,-92
117000117,1755,1553,202
117000118,301,174,127
117000119,191,200,-9
117000120,222,607,-385
117000121,125,1116,-991
117000122,355,627,-272
117000123,1780,81,1699
117000124,747,88,659
117000125,319,149,170
117000126,56,29,27
117000127,202,383,-181
117000128,439,931,-492
117000129,230,91,139
117000130,93,2,91
117000131,0,51,-51
117000132,3217,22,3195
117000133,1778,30,1748
117000134,2,59,-57
117000135,4,52,-48
117000136,0,31,-31
117000137,180,179,1
117000138,5,813,-808
117000140,477,1446,-969
117000141,1922,624,1298
117000181,628,314,314
117000182,422,657,-235
117000195,240,1122,-882
117000196,290,183,107
117000225,145,24,121
117000226,8,115,-107
117000276,380,22,358
117000277,0,363,-363
117000310,1517,2002,-485
117000315,78,587,-509
117000320,54,1,53
117000906,382,25,357
117000907,33,313,-280
117000908,44,31,13
117000909,55,44,11
117000910,263,233,30
117000911,156,180,-24
117000915,5,447,-442
117000916,51,6,45
117000917,1433,54,1379
117000918,97,68,29
117000919,36,89,-53
117000920,3,1341,-1338
117000921,6,1267,-1261
117000922,52,111,-59
117000924,230,492,-262
117000926,818,108,710
117000927,1716,1261,455
117000928,0,126,-126
117000929,245,314,-69
117000930,222,19,203
117000931,478,198,280
117900002,100,452,-352
117900003,1102,661,441
117900005,3,43,-40
117900006,0,92,-92
117900007,163,123,40
117900008,0,42,-42
117900010,193,84,109
117900011,53,163,-110
117900012,100,125,-25
117900013,4,210,-206
117900014,395,139,256
117900015,19,123,-104
117900016,1461,1129,332
117900017,495,296,199
117900018,281,147,134
117900019,448,257,191
117900020,99,509,-410
117900021,49,90,-41
117900022,48,17,31
117900023,817,153,664
117900024,80,70,10
117900025,49,12,37
117900026,420,290,130
117900028,57,5,52
117900029,249,610,-361
117900030,648,299,349
117900031,197,122,75
117900032,1192,697,495
117900033,313,533,-220
117900034,49,47,2
117900035,213,126,87
117900036,287,409,-122
117900037,232,162,70
117900038,28,399,-371
117900039,9,82,-73
117900040,187,420,-233
117900041,7,77,-70
117900042,3885,393,3492
117900043,36,72,-36
117900044,53,2662,-2609
117900045,158,170,-12
117900048,352,308,44
117900049,200,391,-191
117900050,11,86,-75
117900051,43,2,41
117900052,72,393,-321
117900053,1907,726,1181
117900054,0,42,-42
117900055,304,166,138
117900056,337,67,270
117900057,1076,1218,-142
117900058,100,32,68
117900059,364,130,234
117900060,2722,4846,-2124
117900061,46,212,-166
117900063,385,194,191
117900065,902,1460,-558
117900066,17,107,-90
117900067,455,170,285
117900069,737,308,429
117900070,233,46,187
117900071,102,130,-28
117900073,538,328,210
117900074,112,59,53
117900075,91,105,-14
117900076,27,67,-40
117900077,601,182,419
117900078,452,841,-389
117900080,132,52,80
117900081,601,424,177
117900082,448,428,20
117900083,368,389,-21
117900086,140,28,112
117900087,156,123,33
117900088,3437,2227,1210
117900089,2563,838,1725
117900090,421,399,22
117900091,299,230,69
117900092,82,29,53
117900093,108,117,-9
117900094,41,42,-1
117900095,281,315,-34
117900096,114,297,-183
117900097,415,174,241
117900098,63,11,52
117900099,163,209,-46
117900100,226,1,225
117900101,503,2081,-1578
117900102,72,98,-26
117900103,96,7,89
117900104,12,162,-150
117900105,185,239,-54
117900106,148,63,85
117900107,75,1,74
117900109,655,420,235
117900110,177,3,174
117900111,351,45,306
117900112,119,32,87
117900113,3061,1938,1123
117900114,25,0,25
117900115,299,97,202
117900116,1089,915,174
117900117,655,303,352
117900118,92,3,89
117900119,180,189,-9
117900120,205,46,159
117900121,315,89,226
117900122,1696,4279,-2583
117900123,650,395,255
117900124,988,792,196
117900125,2055,2228,-173
117900126,228,594,-366
117900127,610,524,86
117900128,394,711,-317
117900129,80,0,80
117900130,1598,561,1037
117900131,12,180,-168
117900132,35,110,-75
117900133,14,133,-119
117900134,94,319,-225
117900135,31,251,-220
117900136,0,40,-40
117900137,75,410,-335
117900138,0,35,-35
117900139,138,160,-22
117900140,3153,349,2804
117900141,213,252,-39
117900142,90,92,-2
117900144,84,234,-150
117900145,53,46,7
117900146,243,186,57
117900147,85,57,28
117900148,3136,1720,1416
117900149,160,250,-90
117900150,34,38,-4
117900151,42,86,-44
117900152,122,97,25
117900153,28,92,-64
117900154,389,578,-189
117900156,1106,984,122
117900157,196,628,-432
117900158,359,163,196
117900160,771,814,-43
117900161,2826,2325,501
117900162,401,451,-50
117900163,68,134,-66
117900165,0,18,-18
117900166,178,605,-427
117900168,12,186,-174
117900169,0,116,-116
117900170,6,35,-29
117900171,3,23,-20
117900172,18,42,-24
117900173,177,120,57
117900174,38,93,-55
117900175,10,44,-34
117900176,30,28,2
117900177,42,52,-10
117900178,158,53,105
117900180,203,44,159
117900181,113,344,-231
117900182,8,35,-27
117900183,57,214,-157
117900184,47,82,-35
117900185,52,55,-3
117900186,53,31,22
117900187,24,21,3
117900188,178,31,147
117900189,90,45,45
117900190,43,2,41
117900191,114,1,113
117900192,273,3,270
117900193,36,58,-22
117900194,16,14,2
117900195,48,66,-18
117900196,31,63,-32
117900207,215,171,44
117900208,48,62,-14
117900209,262,186,76
117900210,223,305,-82
117900211,9,239,-230
117900212,159,188,-29
117900213,35,11,24
117900214,11,42,-31
117900215,15,24,-9
117900216,24,34,-10
117900217,84,375,-291
117900218,117,117,0
117900219,6,133,-127
117900220,128,83,45
117900222,175,251,-76
117900223,120,355,-235
118000001,895,1100,-205
118000002,1041,2049,-1008
118000003,2537,3275,-738
118000004,2821,2384,437
118000005,5096,6294,-1198
118000006,5967,10425,-4458
118000007,5856,4218,1638
118000008,4896,4314,582
118000009,1924,4002,-2078
118000010,7632,4856,2776
118000011,1584,2744,-1160
118000012,1283,2418,-1135
118000013,3179,2604,575
118000014,2287,2441,-154
118000016,172,407,-235
118000017,552,434,118
118000018,352,526,-174
118000019,2297,1764,533
118000020,1630,4543,-2913
118000021,726,4003,-3277
118000022,1889,1058,831
118000023,881,290,591
118000024,1675,2072,-397
118000027,14974,15575,-601
118000029,1132,808,324
118000032,1395,4350,-2955
118000033,3367,7637,-4270
118000034,5968,3239,2729
118000035,1914,3684,-1770
118000036,1147,1504,-357
118000037,763,1029,-266
118000038,209,109,100
118000039,104,246,-142
118000040,1809,1476,333
118000041,2401,1426,975
118000045,722,234,488
118000046,1509,715,794
118000047,966,989,-23
118000048,3110,2288,822
118000051,3661,2204,1457
118000052,2413,1331,1082
118000053,481,827,-346
118000054,2061,1682,379
118000055,1554,1871,-317
118000056,583,532,51
118000057,270,446,-176
118000058,3626,2785,841
118000059,2310,1706,604
118000060,1178,803,375
118000061,1437,1741,-304
118000062,844,378,466
118000063,464,951,-487
118000064,965,1363,-398
118000065,4514,1957,2557
118000066,1060,1776,-716
118000067,1047,1004,43
118000068,2048,4714,-2666
118000069,3852,1443,2409
118000070,5810,2177,3633
118000071,3912,7038,-3126
118000072,1898,1468,430
118000073,2295,835,1460
118000074,516,490,26
118000075,895,387,508
118000076,1750,2287,-537
118000077,1472,1441,31
118000078,1917,2668,-751
118000079,342,528,-186
118000080,1121,995,126
118000081,1910,1405,505
118000082,351,1335,-984
118000083,2031,2070,-39
118000084,3887,1807,2080
118000086,318,574,-256
118000087,4493,2765,1728
118000088,1949,1550,399
118000089,3953,2250,1703
118000090,1451,2979,-1528
118000091,1311,2313,-1002
118000092,1108,577,531
118000093,127,778,-651
118000096,587,721,-134
118000097,946,671,275
118000098,284,227,57
118000099,639,741,-102
118000101,1258,359,899
118000102,453,1281,-828
118000107,1979,594,1385
118000108,908,2386,-1478
118000110,0,36,-36
118000111,1,286,-285
118000112,513,1,512
118000113,2,504,-502
118000114,560,11,549
118000115,28,11,17
118000116,80,0,80
118000117,1134,740,394
118000118,939,976,-37
118000119,988,1151,-163
118000120,1842,1366,476
118000121,141,657,-516
118000122,1334,451,883
118000123,53,286,-233
118000125,1761,955,806
118000126,722,1568,-846
118000127,2118,703,1415
118000128,735,1177,-442
118000129,844,372,472
118000130,2348,3124,-776
118000131,466,756,-290
118000132,2516,1880,636
118000133,879,375,504
118000135,743,421,322
118000136,113,446,-333
118000137,657,96,561
118000138,481,615,-134
118000139,422,121,301
118000140,2747,4581,-1834
118000141,2268,1906,362
118000142,1863,1681,182
118000143,2380,1283,1097
118000144,1340,892,448
118000145,1701,1822,-121
118000146,1379,915,464
118000147,829,1424,-595
118000148,507,1109,-602
118000149,1095,913,182
118000150,567,277,290
118000151,512,492,20
118000153,1523,1307,216
118000154,1502,1610,-108
118000155,1374,1399,-25
118000156,2125,2348,-223
118000157,684,457,227
118000158,279,478,-199
118000159,38,92,-54
118000160,550,440,110
118000161,565,813,-248
118000162,1867,929,938
118000163,1014,749,265
118000164,2038,1427,611
118000168,1201,733,468
118000169,1147,1185,-38
118000170,4226,5895,-1669
118000171,429,873,-444
118000172,117,322,-205
118000173,954,1335,-381
118000175,368,356,12
118000176,319,499,-180
118000177,314,573,-259
118000178,33,64,-31
118000179,1411,1521,-110
118000180,1031,838,193
118000181,839,338,501
118000182,306,238,68
118000183,301,350,-49
118000184,912,784,128
118000185,1500,1331,169
118000186,1024,1330,-306
118000187,1550,785,765
118000188,562,200,362
118000189,713,847,-134
118000190,16,22,-6
118000191,29,45,-16
118000192,148,197,-49
118000193,107,329,-222
118000194,1194,905,289
118000195,1086,1226,-140
118000196,414,241,173
118000197,240,208,32
118000198,585,769,-184
118000199,436,410,26
118000200,180,275,-95
118000201,529,567,-38
118000202,78,61,17
118000203,999,617,382
118000204,162,392,-230
118000205,245,370,-125
118000206,323,202,121
118000207,0,53,-53
118000208,1274,1606,-332
118000209,1962,1769,193
118000210,67,39,28
118000211,32,38,-6
118000213,1720,1940,-220
118000214,663,641,22
118000215,354,183,171
118000216,2556,2870,-314
118000217,42,123,-81
118000218,106,113,-7
118000219,553,284,269
118000220,10,59,-49
118000221,246,365,-119
118000222,66,7,59
118000223,44,42,2
118000224,222,168,54
118000225,151,747,-596
118000226,1042,231,811
118000227,930,445,485
118000228,215,303,-88
118000229,355,97,258
118000230,177,192,-15
118000231,81,214,-133
118000232,821,832,-11
118000233,1279,812,467
118000234,484,285,199
118000236,442,341,101
118000237,111,458,-347
118000238,281,229,52
118000239,313,295,18
118000240,397,208,189
118000241,187,212,-25
118000242,403,558,-155
118000243,299,225,74
118000244,54,120,-66
118000246,0,42,-42
118000255,78,286,-208
118000256,110,205,-95
118000259,12,61,-49
118000260,173,114,59
118000261,51,43,8
118000263,118,172,-54
118000266,148,271,-123
118000267,0,148,-148
118000268,385,12,373
118000270,97,33,64
118000271,218,362,-144
118000272,143,41,102
118000273,175,84,91
118000274,117,310,-193
118000276,661,424,237
118000295,10,164,-154
118000298,237,301,-64
118000299,62,135,-73
118000301,1,73,-72
118000302,110,83,27
118000311,512,125,387
118000312,300,211,89
118000313,89,157,-68
118000314,82,61,21
118000315,71,73,-2
118000316,673,490,183
118000325,145,82,63
118000326,48,30,18
118000331,69,67,2
118000332,20,63,-43
118000333,71,86,-15
118000335,394,1,393
118000336,0,198,-198
118000407,201,76,125
118000457,6,28,-22
118000465,3452,4601,-1149
118000480,34,98,-64
118000489,44,361,-317
118000490,21,217,-196
118000492,356,232,124
118000510,80,13,67
118000514,199,289,-90
118000515,948,672,276
118000517,350,193,157
118000524,328,292,36
118000525,880,967,-87
118000530,24,105,-81
118000531,372,312,60
118000532,277,315,-38
118000533,408,139,269
118000534,615,498,117
118000535,280,221,59
118000536,1003,2171,-1168
118000537,26,211,-185
118000538,29,78,-49
118000539,32,108,-76
118000540,410,219,191
118000541,229,77,152
118000542,103,242,-139
118000543,295,218,77
118000546,85,39,46
118000560,2695,2456,239
118000562,26,160,-134
118000563,1650,1368,282
118000576,167,150,17
118000577,191,138,53
118000578,130,92,38
118000579,592,1225,-633
118000595,213,116,97
118000596,0,98,-98
118000597,72,134,-62
118000598,10,1,9
118000599,44,37,7
118000600,1,46,-45
118000601,26,0,26
118000602,0,26,-26
118000603,0,22,-22
118900001,783,1623,-840
118900002,958,1041,-83
118900003,450,19,431
118900004,103,88,15
118900005,138,13,125
118900006,143,5,138
118900007,12,2,10
118900008,1785,84,1701
118900009,92,57,35
118900010,80,6,74
118900011,196,44,152
118900012,456,235,221
118900013,594,170,424
118900015,293,93,200
118900016,23,16,7
118900017,196,337,-141
118900018,1214,51,1163
118900019,88,55,33
118900020,265,128,137
118900021,233,402,-169
118900022,155,99,56
118900023,176,96,80
118900024,137,246,-109
118900025,75,34,41
118900026,95,97,-2
118900027,518,215,303
118900028,166,234,-68
118900029,506,657,-151
118900030,423,76,347
118900031,157,116,41
118900032,264,195,69
118900033,459,483,-24
118900034,232,35,197
118900035,158,199,-41
118900036,1382,808,574
118900037,474,303,171
118900038,454,218,236
118900039,572,171,401
118900040,266,224,42
118900041,556,184,372
118900042,203,114,89
118900045,285,162,123
118900046,919,551,368
118900047,560,309,251
118900048,187,237,-50
118900049,79,46,33
118900050,26,136,-110
118900051,88,114,-26
118900052,373,277,96
118900053,39,89,-50
118900054,128,50,78
118900055,123,94,29
118900056,24,478,-454
118900057,901,534,367
118900058,433,394,39
118900059,24,74,-50
118900060,235,147,88
118900062,681,265,416
118900064,676,654,22
118900065,80,171,-91
118900066,98,104,-6
118900067,4611,3722,889
118900068,7,237,-230
118900069,438,238,200
118900071,9,100,-91
118900072,413,468,-55
118900073,138,98,40
118900074,139,182,-43
118900075,85,99,-14
118900076,299,157,142
118900077,350,229,121
118900078,68,21,47
118900079,78,243,-165
118900080,35,156,-121
118900081,95,42,53
118900082,839,209,630
118900083,83,12,71
118900084,21,29,-8
118900085,588,747,-159
118900086,48,117,-69
118900087,31,199,-168
118900088,0,18,-18
118900089,28,26,2
118900090,460,335,125
118900091,217,265,-48
118900092,172,90,82
118900093,165,45,120
118900096,62,31,31
118900097,317,500,-183
118900099,123,259,-136
118900100,205,284,-79
118900101,138,570,-432
118900102,75,85,-10
118900103,68,121,-53
118900104,236,146,90
118900105,252,144,108
118900107,252,116,136
118900108,109,128,-19
118900110,1413,883,530
118900111,613,595,18
118900112,108,213,-105
118900113,141,501,-360
118900114,33,95,-62
118900115,183,559,-376
118900116,187,237,-50
118900117,130,211,-81
118900118,331,387,-56
118900119,166,242,-76
118900120,106,340,-234
118900121,16,209,-193
118900122,24,894,-870
118900123,175,299,-124
118900124,93,212,-119
118900126,44,369,-325
118900129,273,248,25
118900130,69,254,-185
118900131,247,242,5
118900132,425,186,239
118900133,20,146,-126
118900135,223,221,2
118900136,162,502,-340
118900137,46,44,2
118900139,254,357,-103
118900140,459,585,-126
118900141,112,167,-55
118900144,130,373,-243
118900145,169,175,-6
118900146,383,746,-363
118900147,318,162,156
118900148,134,95,39
118900150,144,633,-489
118900152,573,750,-177
118900157,113,184,-71
118900158,117,83,34
118900159,2,215,-213
118900161,84,11,73
118900163,134,127,7
118900164,4,164,-160
118900165,47,201,-154
118900166,67,4,63
118900167,96,149,-53
118900168,34,202,-168
118900169,177,359,-182
118900170,197,162,35
118900171,47,38,9
118900174,66,70,-4
118900175,433,504,-71
118900176,190,311,-121
118900177,44,59,-15
118900178,47,212,-165
118900179,6,37,-31
118900181,153,132,21
118900182,137,59,78
118900183,44,171,-127
118900184,349,195,154
118900185,120,113,7
118900186,131,111,20
118900187,280,363,-83
118900188,352,295,57
118900189,61,700,-639
118900190,31,271,-240
118900191,228,56,172
118900192,194,21,173
118900193,491,4,487
118900195,318,647,-329
118900196,46,196,-150
118900197,139,48,91
118900198,36,44,-8
118900199,134,57,77
118900200,23,30,-7
118900201,36,68,-32
118900202,14,81,-67
118900203,19,32,-13
118900204,23,33,-10
118900205,5,17,-12
118900206,8,42,-34
119000001,1571,2047,-476
119000002,4909,4120,789
119000003,2986,1347,1639
119000004,2780,1420,1360
119000005,2018,2192,-174
119000006,2765,1596,1169
119000007,3617,3202,415
119000008,2119,1944,175
119000009,3711,4734,-1023
119000010,6155,4312,1843
119000011,4563,3357,1206
119000012,3778,3957,-179
119000013,2819,1831,988
119000014,1984,3084,-1100
119000019,361,187,174
119000020,2348,1692,656
119000021,4795,2585,2210
119000022,3034,3088,-54
119000023,327,263,64
119000024,2039,10954,-8915
119000025,6829,1435,5394
119000026,167,506,-339
119000027,365,381,-16
119000028,1767,957,810
119000029,105,427,-322
119000030,620,1066,-446
119000031,924,688,236
119000032,2495,2759,-264
119000033,2336,1390,946
119000034,1111,1063,48
119000035,49,325,-276
119000036,1844,833,1011
119000037,1390,1644,-254
119000038,199,820,-621
119000039,266,286,-20
119000040,734,597,137
119000041,845,1213,-368
119000048,3087,3006,81
119000049,1597,2219,-622
119000050,2419,1971,448
119000051,2860,1070,1790
119000052,2281,3063,-782
119000053,2081,1408,673
119000054,3682,3116,566
119000055,4509,3547,962
119000056,2872,2259,613
119000057,2089,1876,213
119000058,2236,1753,483
119000059,1393,1726,-333
119000060,1800,1341,459
119000061,1233,913,320
119000062,1348,1395,-47
119000063,538,363,175
119000064,984,1139,-155
119000065,2367,3771,-1404
119000066,2341,1229,1112
119000067,1911,2329,-418
119000068,1719,1192,527
119000069,1577,2477,-900
119000070,2638,960,1678
119000071,587,688,-101
119000072,5077,3202,1875
119000073,5055,7103,-2048
119000074,1248,2357,-1109
119000075,2505,2191,314
119000076,413,1049,-636
119000077,790,621,169
119000078,455,265,190
119000079,235,655,-420
119000080,417,263,154
119000081,317,464,-147
119000082,1034,233,801
119000083,727,416,311
119000084,384,496,-112
119000085,747,224,523
119000086,411,423,-12
119000087,1655,983,672
119000088,317,230,87
119000089,82,196,-114
119000090,161,172,-11
119000091,153,422,-269
119000092,534,226,308
119000093,3705,2983,722
119000094,3054,5681,-2627
119000095,2075,3299,-1224
119000097,2143,1360,783
119000098,972,2674,-1702
119000099,2619,1850,769
119000100,4117,3114,1003
119000101,5126,2441,2685
119000102,943,1267,-324
119000103,1759,697,1062
119000104,2665,1517,1148
119000105,1317,2302,-985
119000106,398,1548,-1150
119000107,1016,565,451
119000108,438,955,-517
119000109,198,708,-510
119000110,626,598,28
119000111,95,810,-715
119000112,170,189,-19
119000113,2612,433,2179
119000114,1410,1283,127
119000115,142,155,-13
119000116,135,117,18
119000117,174,468,-294
119000118,2,1,1
119000123,5112,2906,2206
119000124,844,252,592
119000125,4051,874,3177
119000126,710,645,65
119000127,574,584,-10
119000128,25,3,22
119000131,957,726,231
119000132,3,3,0
119000133,1,6,-5
119000134,2031,585,1446
119000135,160,229,-69
119000136,242,216,26
119000137,256,336,-80
119000138,640,364,276
119000139,296,272,24
119000140,297,389,-92
119000284,1391,2604,-1213
119000285,2420,2313,107
119000286,6942,5969,973
119000287,1262,2259,-997
119000288,2127,1505,622
119000289,1853,2973,-1120
119000290,230,404,-174
119000291,13,275,-262
119000293,126,198,-72
119000294,39,36,3
119000295,1488,407,1081
119000296,330,181,149
119000302,2424,1392,1032
119000303,91,166,-75
119000314,1867,9835,-7968
119000315,0,410,-410
119000316,134,123,11
119000317,79,305,-226
119900001,356,1304,-948
119900002,219,337,-118
119900003,67,1169,-1102
119900004,334,1319,-985
119900005,193,137,56
119900006,248,495,-247
119900007,1366,297,1069
119900008,151,62,89
119900009,745,730,15
119900010,1564,1490,74
119900011,30,126,-96
119900012,36,126,-90
119900013,2286,1336,950
119900014,657,320,337
119900015,127,41,86
119900016,63,94,-31
119900017,66,62,4
119900018,1989,940,1049
119900019,51,13,38
119900020,227,273,-46
119900021,275,213,62
119900022,171,873,-702
119900023,565,1523,-958
119900025,234,42,192
119900026,807,237,570
119900027,40,32,8
119900028,333,149,184
119900029,4,9,-5
119900030,720,629,91
119900031,81,387,-306
119900033,2691,437,2254
119900034,498,173,325
119900037,188,56,132
119900038,74,384,-310
119900039,62,25,37
119900040,228,24,204
119900041,177,52,125
119900042,388,251,137
119900043,96,189,-93
119900044,292,1130,-838
119900046,141,103,38
119900047,384,97,287
119900048,39,34,5
119900049,189,10,179
119900050,272,184,88
119900051,695,21,674
119900052,103,56,47
119900053,246,188,58
119900054,146,7,139
119900055,1683,541,1142
119900057,224,115,109
119900058,276,6,270
119900059,149,79,70
119900060,378,25,353
119900062,113,32,81
119900063,24,89,-65
119900064,574,130,444
119900065,296,8,288
119900066,0,0,0
119900067,162,48,114
119900068,548,0,548
119900069,148,45,103
119900070,952,11,941
119900071,853,29,824
119900073,2012,766,1246
119900074,166,72,94
119900075,5281,2949,2332
119900076,631,334,297
119900077,978,1059,-81
119900078,696,1024,-328
119900079,458,286,172
119900080,1819,1477,342
119900081,560,406,154
119900082,1418,279,1139
119900083,584,149,435
119900084,958,493,465
119900085,77,70,7
119900087,802,533,269
119900088,54,77,-23
119900089,71,561,-490
119900090,169,98,71
119900091,94,892,-798
119900092,326,453,-127
119900093,1603,336,1267
119900094,74,241,-167
119900095,240,127,113
119900096,42,199,-157
119900097,571,207,364
119900098,64,61,3
119900099,62,269,-207
119900100,1701,2784,-1083
119900101,272,1621,-1349
119900102,63,258,-195
119900103,101,380,-279
119900104,62,271,-209
119900105,1196,3065,-1869
119900106,20,167,-147
119900107,327,2688,-2361
119900108,3261,772,2489
119900109,37,163,-126
119900110,750,570,180
119900111,143,322,-179
119900112,1540,632,908
119900113,100,347,-247
119900114,298,1163,-865
119900115,433,992,-559
119900116,234,464,-230
119900117,375,852,-477
119900118,136,777,-641
119900119,359,236,123
119900120,850,752,98
119900121,481,1014,-533
119900122,500,428,72
119900123,282,338,-56
119900124,261,908,-647
119900125,105,350,-245
119900126,4628,469,4159
119900127,2353,1161,1192
119900128,576,952,-376
119900129,259,587,-328
119900130,30,313,-283
119900131,54,247,-193
119900132,3,208,-205
119900133,119,139,-20
119900134,1728,313,1415
119900135,1,427,-426
119900136,262,434,-172
119900138,454,610,-156
119900139,44,156,-112
119900140,4,149,-145
119900141,128,799,-671
119900142,34,49,-15
119900143,25,252,-227
119900144,1629,316,1313
119900145,142,231,-89
119900146,222,353,-131
119900147,1,220,-219
119900148,323,96,227
119900149,1208,4660,-3452
119900150,190,172,18
119900151,2164,892,1272
119900152,207,456,-249
119900153,240,104,136
119900154,12,256,-244
119900155,61,52,9
119900156,30,12,18
119900157,164,287,-123
119900158,255,135,120
119900159,3,1308,-1305
119900160,49,243,-194
119900161,164,262,-98
119900162,1084,1174,-90
119900163,257,224,33
119900164,0,4,-4
119900165,198,179,19
119900166,117,63,54
119900167,121,170,-49
119900168,956,605,351
119900169,283,410,-127
119900170,297,348,-51
119900171,1785,551,1234
119900172,251,51,200
119900173,12,400,-388
119900174,11,272,-261
119900175,1425,833,592
119900177,26,213,-187
119900178,16,158,-142
119900179,140,643,-503
119900180,977,932,45
119900181,126,175,-49
119900182,11,485,-474
119900183,161,598,-437
119900184,2653,682,1971
119900185,60,186,-126
119900186,88,1009,-921
119900187,50,513,-463
119900188,164,386,-222
119900189,621,567,54
119900190,108,330,-222
119900191,458,350,108
119900192,60,205,-145
119900193,426,227,199
119900194,46,95,-49
119900195,515,440,75
119900196,1917,664,1253
119900197,300,225,75
119900198,343,311,32
119900199,187,45,142
119900200,856,806,50
119900201,404,290,114
119900202,119,330,-211
119900203,269,705,-436
119900204,437,441,-4
119900205,825,510,315
119900206,198,154,44
119900208,174,194,-20
119900209,553,1348,-795
119900210,68,42,26
119900211,104,14,90
119900212,244,287,-43
119900213,9,62,-53
119900214,50,91,-41
119900215,61,68,-7
119900216,16,51,-35
119900217,13,81,-68
119900218,31,76,-45
119900219,9,150,-141
119900220,12,104,-92
119900221,27,311,-284
119900222,17,271,-254
119900223,30,97,-67
119900224,16,32,-16
119900225,930,56,874
119900226,760,2202,-1442
119900227,1278,413,865
119900228,144,350,-206
119900229,396,475,-79
119900230,1632,761,871
119900231,307,201,106
119900232,356,161,195
119900233,140,8,132
119900234,22,144,-122
119900235,28,98,-70
119900236,60,287,-227
119900237,90,767,-677
119900238,9,77,-68
119900240,114,161,-47
119900241,172,276,-104
119900242,2035,2057,-22
119900244,804,1761,-957
119900245,219,258,-39
119900246,381,725,-344
119900247,48,158,-110
119900248,87,269,-182
119900249,339,115,224
119900253,3013,555,2458
119900254,124,799,-675
119900255,212,780,-568
119900256,805,1198,-393
119900257,101,9,92
119900258,223,11,212
119900259,22,172,-150
119900260,177,15,162
119900261,351,192,159
119900262,2,205,-203
119900263,1182,500,682
119900264,130,207,-77
119900265,767,419,348
119900266,441,309,132
119900267,392,672,-280
119900268,283,177,106
119900269,1414,1525,-111
119900271,71,134,-63
119900272,579,394,185
119900275,195,40,155
119900276,39,1,38
119900277,10,6,4
119900278,368,154,214
119900279,173,434,-261
119900280,784,192,592
119900281,0,194,-194
119900282,102,159,-57
119900283,16,234,-218
119900284,60,234,-174
119900285,189,230,-41
119900286,70,104,-34
119900288,6,32,-26
119900289,1,43,-42
119900290,9,30,-21
119900291,1,104,-103
119900292,63,44,19
119900293,23,7,16
119900294,27,1,26
119900295,12,0,12
119900296,128,37,91
119900299,102,245,-143
119900300,346,299,47
119900301,193,161,32
119900302,180,117,63
119900303,416,279,137
119900304,383,68,315
119900305,11,142,-131
119900306,20,11,9
119900307,130,143,-13
119900308,12,42,-30
119900309,48,165,-117
119900310,343,366,-23
119900311,83,138,-55
119900312,141,159,-18
119900313,298,367,-69
119900314,251,504,-253
119900315,1982,2552,-570
119900318,13,36,-23
119900319,33,365,-332
119900320,286,638,-352
119900321,117,5,112
119900322,47,61,-14
119900323,14,78,-64
119900324,0,40,-40
119900325,13,249,-236
119900326,2,11,-9
120000001,7064,15234,-8170
120000002,2666,2722,-56
120000003,3656,1787,1869
120000004,2951,2009,942
120000005,4196,2275,1921
120000006,1330,1343,-13
120000007,3724,3170,554
120000008,1140,1471,-331
120000009,2938,1165,1773
120000010,2030,2882,-852
120000011,1062,1762,-700
120000012,1666,2587,-921
120000013,3330,3235,95
120000014,776,1516,-740
120000015,2661,1589,1072
120000016,4026,2427,1599
120000017,3432,2596,836
120000018,4050,12185,-8135
120000019,1208,1506,-298
120000020,3363,3495,-132
120000021,2141,2649,-508
120000022,3247,4319,-1072
120000023,1135,1591,-456
120000024,1624,2609,-985
120000025,2574,2181,393
120000026,2176,1653,523
120000027,2423,2230,193
120000028,758,1228,-470
120000029,3564,1298,2266
120000030,727,939,-212
120000031,2870,6526,-3656
120000032,8505,4238,4267
120000033,5046,2105,2941
120000034,1913,1813,100
120000035,2269,2100,169
120000036,3358,5681,-2323
120000037,835,1796,-961
120000038,6906,4753,2153
120000039,765,1089,-324
120000040,182,596,-414
120000041,1529,1811,-282
120000042,2054,2397,-343
120000043,5346,1738,3608
120000044,5561,1742,3819
120000045,6060,1241,4819
120000046,3442,2962,480
120000047,1270,5575,-4305
120000048,7884,4860,3024
120000049,3539,3156,383
120000050,4411,4285,126
120000051,3484,5303,-1819
120000052,8608,2669,5939
120000053,1352,2494,-1142
120000054,1523,3886,-2363
120000055,1838,4540,-2702
120000056,4871,4319,552
120000057,3308,1107,2201
120000058,3300,1102,2198
120000059,39,1840,-1801
120000061,114,542,-428
120000062,250,359,-109
120000063,1506,2648,-1142
120000064,248,1129,-881
120000065,572,1590,-1018
120000066,870,712,158
120000067,125,758,-633
120000068,186,911,-725
120000069,620,1307,-687
120000070,63,657,-594
120000071,523,140,383
120000072,832,445,387
120000073,1001,231,770
120000074,264,217,47
120000075,1155,365,790
120000076,2344,469,1875
120000077,2029,705,1324
120000078,3694,1317,2377
120000079,335,134,201
120000080,162,178,-16
120000081,352,131,221
120000082,221,291,-70
120000083,91,708,-617
120000084,457,469,-12
120000085,348,475,-127
120000086,247,571,-324
120000087,196,599,-403
120000088,897,1245,-348
120000089,1247,771,476
120000090,1002,639,363
120000091,1142,1246,-104
120000092,1603,726,877
120000093,609,552,57
120000094,220,820,-600
120000095,1258,515,743
120000096,325,839,-514
120000098,1169,1003,166
120000099,542,867,-325
120000100,958,1064,-106
120000101,621,523,98
120000102,622,914,-292
120000103,1682,891,791
120000104,2085,631,1454
120000105,3258,837,2421
120000106,2561,693,1868
120000107,3918,684,3234
120000108,1439,167,1272
120000109,1333,94,1239
120000110,122,970,-848
120000111,271,1090,-819
120000112,784,2610,-1826
120000113,629,1907,-1278
120000114,1005,2594,-1589
120000115,375,2147,-1772
120000116,836,2010,-1174
120000117,975,1600,-625
120000118,70,32,38
120000119,29,80,-51
120000120,104,60,44
120000121,30,79,-49
120000122,274,399,-125
120000123,4619,5560,-941
120000124,491,450,41
120000125,533,680,-147
120000126,335,1060,-725
120000127,3278,1112,2166
120000128,3969,4855,-886
120000129,359,291,68
120000130,956,657,299
120000131,347,739,-392
120000134,395,1220,-825
120000135,737,731,6
120000137,297,1500,-1203
120000138,1105,676,429
120000139,398,777,-379
120000140,1081,742,339
120000141,1210,515,695
120000142,1419,714,705
120000143,0,127,-127
120000144,198,3,195
120000145,423,5,418
120000146,1192,1075,117
120000149,898,1383,-485
120000150,3744,12064,-8320
120000151,457,578,-121
120000152,587,244,343
120000153,424,623,-199
120000154,526,462,64
120000155,131,283,-152
120000156,947,1290,-343
120000157,1076,907,169
120000158,985,924,61
120000159,2127,2739,-612
120000160,2950,1751,1199
120000161,2265,2261,4
120000162,117,310,-193
120000163,816,1445,-629
120000164,637,490,147
120000165,591,867,-276
120000166,1526,679,847
120000167,149,234,-85
120000168,25,664,-639
120000169,61,1777,-1716
120000170,48,1229,-1181
120000171,17,446,-429
120000172,28,206,-178
120000173,1672,858,814
120000174,316,40,276
120000175,297,33,264
120000176,346,43,303
120000177,1674,138,1536
120000178,107,23,84
120000179,473,55,418
120000180,1552,122,1430
120000181,372,1848,-1476
120000182,101,630,-529
120000183,13,489,-476
120000184,184,1660,-1476
120000186,96,475,-379
120000187,47,248,-201
120000188,165,462,-297
120000190,773,60,713
120000191,791,99,692
120000192,1422,49,1373
120000193,698,25,673
120000195,173,13,160
120000196,513,47,466
120000197,141,102,39
120000198,203,89,114
120000199,98,1,97
120000200,121,2,119
120000201,7,28,-21
120000202,1,65,-64
120000203,69,224,-155
120000207,2,72,-70
120000208,9,232,-223
120000209,6,77,-71
120000210,67,90,-23
120000211,215,6,209
120000212,215,1,214
120000213,185,330,-145
120000214,1,254,-253
120000215,3,117,-114
120000216,103,21,82
120000217,777,1247,-470
120000218,231,802,-571
120000219,3,435,-432
120000220,44,1631,-1587
120000225,1816,2,1814
120000226,387,6,381
120000227,940,65,875
120000228,10786,4054,6732
120000230,459,27,432
120000231,1462,2270,-808
120000233,453,4,449
120000235,247,604,-357
120000236,1180,24,1156
120000237,3,1137,-1134
120000238,2,584,-582
120000241,1428,3929,-2501
120000412,980,28,952
120000413,229,279,-50
120000414,172,9,163
120000415,2,133,-131
120000416,165,6,159
120000417,25,91,-66
120000418,249,14,235
120000419,27,284,-257
120000420,55,34,21
120000421,10522,6558,3964
120000422,156,1440,-1284
120000423,4,72,-68
120000424,82,128,-46
120000436,158,652,-494
120000437,150,164,-14
120000438,2659,332,2327
120000439,215,557,-342
120000443,246,2,244
120000444,1376,523,853
120000445,1874,1126,748
120000446,687,212,475
120000447,230,3,227
120000449,157,9,148
120000450,7,238,-231
120000451,181,315,-134
120000452,207,0,207
120000453,0,262,-262
120000454,84,52,32
120000455,120,47,73
120000456,2608,4186,-1578
120000457,1411,602,809
120000458,794,793,1
120000459,147,53,94
120000665,1313,324,989
120000668,137,1097,-960
120000669,80,196,-116
120000670,199,786,-587
120000671,1378,475,903
120000672,98,583,-485
120900001,86,98,-12
120900002,609,910,-301
120900003,309,30,279
120900004,16,85,-69
120900005,12,1259,-1247
120900006,469,248,221
120900007,161,100,61
120900008,291,1186,-895
120900009,389,30,359
120900010,622,136,486
120900011,496,224,272
120900012,428,1334,-906
120900013,382,143,239
120900014,6,700,-694
120900015,924,94,830
120900016,847,71,776
120900017,2349,110,2239
120900018,195,481,-286
120900019,769,406,363
120900020,813,1485,-672
120900021,854,302,552
120900022,54,348,-294
120900023,297,54,243
120900024,2399,630,1769
120900025,1715,1135,580
120900026,523,254,269
120900027,955,17,938
120900028,462,122,340
120900029,212,538,-326
120900030,1427,927,500
120900031,292,125,167
120900032,1202,110,1092
120900033,1251,94,1157
120900034,39,2232,-2193
120900035,81,218,-137
120900037,261,8,253
120900038,52,321,-269
120900039,118,54,64
120900040,352,8,344
120900041,199,45,154
120900042,599,54,545
120900043,116,41,75
120900044,33,364,-331
120900045,217,131,86
120900046,528,12,516
120900047,201,132,69
120900048,136,32,104
120900049,526,1,525
120900050,2571,1825,746
120900051,415,149,266
120900052,726,10,716
120900053,398,102,296
120900054,1982,797,1185
120900055,434,39,395
120900056,522,34,488
120900057,153,24,129
120900058,554,0,554
120900059,127,2,125
120900060,90,60,30
120900061,272,267,5
120900062,248,3,245
120900063,637,9,628
120900064,714,0,714
120900065,544,10,534
120900066,550,407,143
120900067,255,71,184
120900068,278,1,277
120900069,278,54,224
120900071,49,3,46
120900072,763,3,760
120900073,604,167,437
120900074,915,22,893
120900076,407,0,407
120900077,3294,542,2752
120900078,729,659,70
120900079,847,141,706
120900080,760,1550,-790
120900081,1118,770,348
120900082,561,476,85
120900083,94,6,88
120900084,328,502,-174
120900085,103,130,-27
120900086,152,310,-158
120900087,474,441,33
120900088,184,395,-211
120900089,3146,3084,62
120900090,276,127,149
120900091,773,919,-146
120900092,1325,559,766
120900093,2432,208,2224
120900094,601,223,378
120900095,792,24,768
120900096,53,297,-244
120900097,880,814,66
120900098,332,232,100
120900099,126,104,22
120900100,154,330,-176
120900101,620,335,285
120900102,45,82,-37
120900103,123,260,-137
120900104,51,46,5
120900105,50,649,-599
120900106,1354,588,766
120900107,305,198,107
120900108,7,626,-619
120900109,68,633,-565
120900110,13,564,-551
120900111,235,438,-203
120900112,35,803,-768
120900113,17,768,-751
120900114,69,193,-124
120900115,216,245,-29
120900116,427,394,33
120900117,2,444,-442
120900118,7,627,-620
120900119,5919,5041,878
120900120,98,624,-526
120900121,562,608,-46
120900122,513,478,35
120900123,9,436,-427
120900124,3,525,-522
120900125,7,758,-751
120900126,1815,1072,743
120900127,13,484,-471
120900128,1169,1501,-332
120900129,94,321,-227
120900130,27,500,-473
120900131,85,185,-100
120900132,1092,285,807
120900133,286,947,-661
120900134,785,512,273
120900135,13,619,-606
120900136,40,173,-133
120900137,293,120,173
120900138,27,218,-191
120900139,12,708,-696
120900140,2,179,-177
120900141,256,293,-37
120900142,26,521,-495
120900143,9,853,-844
120900144,0,179,-179
120900145,206,853,-647
120900146,5,1032,-1027
120900147,9,590,-581
120900148,165,144,21
120900149,0,309,-309
120900150,45,546,-501
120900151,3,704,-701
120900152,15,43,-28
120900153,60,184,-124
120900154,1,279,-278
120900155,205,956,-751
120900156,71,379,-308
120900157,97,230,-133
120900158,74,566,-492
120900159,96,219,-123
120900160,33,572,-539
120900161,50,563,-513
120900162,41,798,-757
120900163,83,1198,-1115
120900164,3,17,-14
120900165,12,61,-49
120900166,219,878,-659
120900167,657,256,401
120900169,94,400,-306
120900170,1181,2947,-1766
120900171,1303,379,924
120900172,1332,1789,-457
120900173,3,65,-62
120900174,17,201,-184
120900175,284,193,91
120900176,24,381,-357
120900177,3,1352,-1349
120900178,1,571,-570
120900179,816,542,274
120900180,110,134,-24
120900181,185,50,135
120900182,53,263,-210
120900183,575,105,470
120900184,405,129,276
120900185,23,504,-481
120900186,0,326,-326
120900187,650,1415,-765
120900188,249,23,226
120900189,130,1268,-1138
120900190,101,12,89
120900191,17,33,-16
120900192,10062,8159,1903
120900194,36,102,-66
120900195,162,359,-197
120900196,925,26,899
120900197,723,181,542
120900198,234,647,-413
120900199,514,1904,-1390
120900200,96,163,-67
120900201,502,219,283
120900202,6,153,-147
120900203,48,97,-49
120900204,196,291,-95
120900205,76,66,10
120900206,56,80,-24
121000001,738,1157,-419
121000002,2437,1352,1085
121000003,2923,2341,582
121000004,2887,3509,-622
121000005,1954,3159,-1205
121000006,3851,2047,1804
121000007,2770,3474,-704
121000008,6014,3991,2023
121000009,6408,6659,-251
121000010,9950,6863,3087
121000011,11223,14517,-3294
121000012,19277,12306,6971
121000013,5369,8203,-2834
121000014,6662,6459,203
121000015,4907,7750,-2843
121000016,4530,3784,746
121000017,2420,4373,-1953
121000018,3164,1944,1220
121000019,18888,13657,5231
121000020,15859,19032,-3173
121000021,3817,3361,456
121000022,2842,3406,-564
121000023,5209,3448,1761
121000024,5330,5233,97
121000025,937,1672,-735
121000026,419,192,227
121000027,1937,1398,539
121000028,1094,685,409
121000029,1246,948,298
121000030,774,546,228
121000031,954,846,108
121000032,294,130,164
121000034,480,285,195
121000035,174,218,-44
121000036,1235,971,264
121000037,683,728,-45
121000038,687,1207,-520
121000039,385,605,-220
121000041,748,585,163
121000042,368,466,-98
121000043,939,761,178
121000044,1693,1091,602
121000045,523,352,171
121000046,915,1332,-417
121000047,76,143,-67
121000049,1748,747,1001
121000050,412,1307,-895
121000051,671,384,287
121000052,471,773,-302
121000053,524,121,403
121000054,76,430,-354
121000055,1370,1411,-41
121000056,949,1288,-339
121000057,577,622,-45
121000058,487,282,205
121000059,2824,1693,1131
121000060,760,1095,-335
121000061,133,587,-454
121000062,242,432,-190
121000063,979,911,68
121000064,954,1038,-84
121000065,631,715,-84
121000066,908,822,86
121000067,793,829,-36
121000068,955,573,382
121000069,980,1304,-324
121000070,2491,1577,914
121000071,1859,1579,280
121000072,2596,1019,1577
121000073,1331,1294,37
121000074,245,172,73
121000075,69,665,-596
121000076,1366,696,670
121000077,189,286,-97
121000078,105,237,-132
121000080,2398,880,1518
121000081,5944,3545,2399
121000082,124,384,-260
121000083,247,194,53
121000084,231,185,46
121000085,414,489,-75
121000086,292,877,-585
121000087,70,423,-353
121000088,595,814,-219
121000089,592,466,126
121000090,648,502,146
121000091,1769,1133,636
121000092,243,114,129
121000093,199,299,-100
121000094,684,1082,-398
121000095,470,922,-452
121000096,2896,3067,-171
121000097,1382,3005,-1623
121000098,773,1244,-471
121000099,659,803,-144
121000100,888,514,374
121000101,425,372,53
121000102,318,402,-84
121000103,309,364,-55
121000104,401,227,174
121000105,574,300,274
121000106,530,516,14
121000107,2214,3580,-1366
121000109,1538,1302,236
121000110,420,774,-354
121000114,3301,2265,1036
121000115,1261,840,421
121000116,321,1131,-810
121000117,880,291,589
121000118,1583,305,1278
121000119,343,560,-217
121000120,350,488,-138
121000121,658,1769,-1111
121000123,1994,999,995
121000126,157,313,-156
121000127,213,115,98
121000128,1114,554,560
121000129,927,779,148
121000130,695,1004,-309
121000131,3081,2557,524
121000132,2048,2092,-44
121000135,661,1115,-454
121000136,1616,1303,313
121000137,696,493,203
121000138,1137,1869,-732
121000139,675,708,-33
121000141,251,208,43
121000142,805,1029,-224
121000143,168,49,119
121000144,1321,2261,-940
121000145,756,1294,-538
121000146,1435,1201,234
121000147,1150,588,562
121000148,1046,1180,-134
121000149,2275,1419,856
121000152,543,608,-65
121000153,2064,823,1241
121000154,1101,600,501
121000155,1814,1170,644
121000156,519,1028,-509
121000157,1079,2050,-971
121000158,506,597,-91
121000159,258,441,-183
121000160,321,465,-144
121000161,247,361,-114
121000162,172,226,-54
121000165,1938,2027,-89
121000166,27,439,-412
121000168,402,288,114
121000169,83,210,-127
121000170,347,107,240
121000171,137,198,-61
121000172,917,624,293
121000173,1438,1203,235
121000174,375,408,-33
121000175,1078,389,689
121000176,422,309,113
121000177,1021,776,245
121000178,213,67,146
121000179,107,64,43
121000181,564,483,81
121000182,198,308,-110
121000183,147,179,-32
121000184,99,261,-162
121000185,46,207,-161
121000186,275,865,-590
121000187,211,197,14
121000188,249,273,-24
121000192,1125,556,569
121000193,671,697,-26
121000194,2444,2400,44
121000195,361,943,-582
121000196,708,302,406
121000197,287,893,-606
121000198,231,147,84
121000199,155,414,-259
121000200,614,118,496
121000201,12,234,-222
121000202,928,176,752
121000203,947,2157,-1210
121000204,3032,1003,2029
121000205,289,491,-202
121000206,412,109,303
121000207,2507,411,2096
121000208,8,374,-366
121000209,468,318,150
121000210,663,400,263
121000211,347,133,214
121000212,464,610,-146
121000213,10925,3542,7383
121000214,1100,2204,-1104
121000215,1177,1112,65
121000216,603,689,-86
121000217,4014,2488,1526
121000218,386,1673,-1287
121000219,1569,459,1110
121000220,185,86,99
121000221,111,260,-149
121000222,2345,2516,-171
121000223,529,386,143
121000224,313,240,73
121000225,1025,1838,-813
121000226,2596,1073,1523
121000227,19,171,-152
121000228,20,559,-539
121000229,345,302,43
121000230,45,1454,-1409
121000231,938,37,901
121000232,465,316,149
121000233,609,497,112
121000234,17,37,-20
121000235,84,80,4
121000236,19,54,-35
121000237,53,25,28
121000238,12,83,-71
121000239,70,10,60
121000240,7,148,-141
121000241,101,17,84
121000242,40,277,-237
121000243,464,201,263
121000244,17,79,-62
121000245,85,35,50
121000246,3,98,-95
121000247,106,5,101
121000248,1614,524,1090
121000249,119,298,-179
121000250,697,237,460
121000251,17,355,-338
121000252,105,87,18
121000253,283,384,-101
121000254,535,182,353
121000255,210,208,2
121000256,413,193,220
121000257,42,103,-61
121000258,137,75,62
121000259,61,62,-1
121000260,79,106,-27
121000261,124,53,71
121000262,1164,921,243
121000263,708,491,217
121000271,361,1628,-1267
121000273,32,16,16
121000274,16,42,-26
121000275,9,11,-2
121000276,7,11,-4
121000278,35,35,0
121000279,24,25,-1
121000280,37,44,-7
121000289,222,8,214
121000290,1249,1110,139
121000294,186,213,-27
121000297,922,1286,-364
121000299,198,608,-410
121000300,1183,621,562
121000302,67,1247,-1180
121000303,435,473,-38
121000304,582,86,496
121000305,222,65,157
121000306,157,160,-3
121000308,228,477,-249
121000309,462,561,-99
121000310,105,420,-315
121000311,98,953,-855
121000312,548,360,188
121000313,427,582,-155
121000314,161,156,5
121000315,63,119,-56
121000530,1648,1420,228
121000531,1628,1570,58
121000532,7366,8717,-1351
121000533,3680,3919,-239
121000918,59,132,-73
121000919,33,64,-31
121000938,132,196,-64
121000939,163,220,-57
121000956,1555,1274,281
121000957,11,23,-12
121000958,46,103,-57
121000959,821,786,35
121000960,1957,2055,-98
121000961,228,198,30
121000962,334,510,-176
121000973,0,161,-161
121000976,23,257,-234
121000979,683,228,455
121000981,461,364,97
121000982,351,176,175
121000983,444,470,-26
121000984,58,86,-28
121000985,839,531,308
121000986,402,273,129
121000987,242,791,-549
121000988,818,105,713
121001302,283,108,175
121001308,5,20,-15
121001309,74,113,-39
121001313,153,219,-66
121001314,2119,2909,-790
121001315,4913,2842,2071
121900001,125,204,-79
121900002,43,25,18
121900003,561,19,542
121900004,162,462,-300
121900005,35,6,29
121900006,128,32,96
121900007,2425,2450,-25
121900008,2344,1284,1060
121900009,781,31,750
121900010,298,6,292
121900011,510,534,-24
121900012,9,1,8
121900013,1341,129,1212
121900014,1486,463,1023
121900015,275,254,21
121900016,4,27,-23
121900017,885,530,355
121900018,412,15,397
121900019,671,330,341
121900020,24,3,21
121900021,1108,35,1073
121900022,464,289,175
121900023,210,400,-190
121900024,381,105,276
121900025,869,541,328
121900026,513,74,439
121900027,572,255,317
121900028,265,17,248
121900029,135,242,-107
121900030,658,687,-29
121900031,1146,6734,-5588
121900032,179,103,76
121900033,214,221,-7
121900034,359,93,266
121900035,3736,2519,1217
121900036,103,406,-303
121900037,237,1302,-1065
121900038,82,192,-110
121900039,541,103,438
121900040,132,152,-20
121900041,165,253,-88
121900042,478,213,265
121900043,12,3,9
121900044,225,82,143
121900046,382,583,-201
121900047,249,67,182
121900048,88,134,-46
121900050,64,72,-8
121900051,220,204,16
121900052,253,50,203
121900053,644,375,269
121900054,602,1248,-646
121900055,2,24,-22
121900058,297,222,75
121900059,656,263,393
121900060,146,388,-242
121900061,282,276,6
121900062,249,194,55
121900063,1585,483,1102
121900064,302,693,-391
121900066,94,48,46
121900067,104,55,49
121900069,240,163,77
121900070,591,263,328
121900071,450,392,58
121900072,106,156,-50
121900073,330,247,83
121900074,1101,1306,-205
121900075,615,551,64
121900076,518,665,-147
121900077,25,44,-19
121900078,105,94,11
121900079,1,0,1
121900080,1271,568,703
121900082,70,137,-67
121900084,40,138,-98
121900085,5,18,-13
121900086,18,90,-72
121900087,246,161,85
121900088,2917,4219,-1302
121900089,228,444,-216
121900090,56,101,-45
121900091,87,86,1
121900092,126,144,-18
121900093,99,87,12
121900094,18,15,3
121900095,349,209,140
121900096,1610,1269,341
121900097,681,293,388
121900098,12,8,4
121900099,307,80,227
121900100,349,709,-360
121900101,178,151,27
121900102,11,239,-228
121900103,614,328,286
121900104,1528,351,1177
121900105,321,252,69
121900106,9,17,-8
121900107,59,55,4
121900108,8,39,-31
121900109,424,211,213
121900110,562,899,-337
121900111,695,311,384
121900112,256,237,19
121900113,89,495,-406
121900114,146,154,-8
121900117,443,203,240
121900118,2375,837,1538
121900119,166,89,77
121900120,71,1406,-1335
121900121,639,59,580
121900122,42,90,-48
121900123,327,445,-118
121900124,171,206,-35
121900125,2849,1263,1586
121900127,8,135,-127
121900128,93,149,-56
121900129,799,218,581
121900130,148,284,-136
121900131,355,118,237
121900132,87,130,-43
121900133,117,1122,-1005
121900134,44,348,-304
121900135,3924,582,3342
121900136,613,396,217
121900137,68,386,-318
121900138,120,277,-157
121900139,483,756,-273
121900140,111,227,-116
121900141,62,73,-11
121900142,232,158,74
121900143,55,220,-165
121900144,182,368,-186
121900145,322,390,-68
121900146,684,1057,-373
121900147,75,249,-174
121900148,243,452,-209
121900149,476,730,-254
121900150,87,184,-97
121900151,120,273,-153
121900152,149,147,2
121900153,167,1034,-867
121900154,29,329,-300
121900155,4,315,-311
121900156,290,188,102
121900157,4,478,-474
121900158,126,169,-43
121900159,2,237,-235
121900160,126,371,-245
121900161,410,489,-79
121900162,121,269,-148
121900163,210,701,-491
121900164,432,284,148
121900165,456,230,226
121900166,208,203,5
121900167,191,154,37
121900168,168,311,-143
121900169,0,230,-230
121900170,12,226,-214
121900171,928,769,159
121900172,698,290,408
121900173,1104,328,776
121900174,49,88,-39
121900175,301,228,73
121900176,648,1516,-868
121900177,288,109,179
121900178,29,49,-20
121900179,514,248,266
121900180,4350,4966,-616
121900182,762,384,378
121900183,765,1591,-826
121900184,119,794,-675
121900186,7,387,-380
121900187,39,205,-166
121900188,677,475,202
121900189,46,153,-107
121900190,411,505,-94
121900191,207,249,-42
121900192,424,906,-482
121900193,67,148,-81
121900194,11,263,-252
121900195,122,126,-4
121900196,1043,1257,-214
121900197,352,1613,-1261
121900198,1578,1267,311
121900199,2,37,-35
121900200,75,348,-273
121900201,1175,1121,54
121900202,219,812,-593
121900203,344,1256,-912
121900204,994,1296,-302
121900205,17,129,-112
121900206,24,62,-38
121900207,195,46,149
121900208,158,400,-242
121900209,164,72,92
121900210,1671,1287,384
121900211,26,119,-93
121900212,274,139,135
121900213,227,82,145
121900214,13,507,-494
121900215,62,138,-76
121900216,40,361,-321
121900217,362,216,146
121900218,331,514,-183
121900220,206,19,187
121900221,315,670,-355
121900222,214,255,-41
121900223,284,72,212
121900224,157,54,103
121900225,174,173,1
121900226,372,1193,-821
121900227,320,746,-426
121900228,209,331,-122
121900230,186,530,-344
121900231,586,3297,-2711
121900232,308,487,-179
121900233,286,289,-3
121900234,347,281,66
121900235,638,234,404
121900236,430,184,246
121900237,234,312,-78
121900238,190,282,-92
121900239,336,65,271
121900240,400,206,194
121900241,98,75,23
121900242,17,0,17
121900243,22,1,21
121900244,51,2,49
121900245,202,123,79
121900246,2620,321,2299
121900247,533,348,185
121900248,1733,1461,272
121900250,344,324,20
121900251,569,74,495
121900252,708,154,554
121900253,155,786,-631
121900254,494,343,151
121900255,484,146,338
121900258,4088,2449,1639
121900259,401,648,-247
121900260,189,211,-22
121900261,233,666,-433
121900262,485,959,-474
121900263,390,313,77
121900264,1927,1534,393
121900265,365,276,89
121900266,577,245,332
121900267,108,49,59
121900269,274,872,-598
121900270,42,244,-202
121900271,57,193,-136
121900273,562,2013,-1451
121900274,341,331,10
121900277,815,1333,-518
121900278,115,1141,-1026
121900279,160,279,-119
121900280,290,596,-306
121900281,585,712,-127
121900284,105,7,98
121900286,145,137,8
121900287,17,16,1
121900288,6,2,4
121900290,282,540,-258
121900291,476,793,-317
121900292,228,151,77
121900293,1187,3193,-2006
121900294,346,9,337
121900295,161,194,-33
121900296,70,278,-208
121900298,325,841,-516
121900299,1,17,-16
121900300,114,7,107
121900301,51,9,42
121900302,2,28,-26
121900303,383,499,-116
121900304,0,17,-17
121900305,13,13,0
121900306,184,6,178
121900307,81,11,70
121900308,50,335,-285
121900309,14,264,-250
121900310,40,384,-344
121900311,451,20,431
121900312,465,30,435
121900313,418,43,375
121900314,5,63,-58
121900315,19,1,18
121900316,0,27,-27
121900317,15,9,6
121900318,2,27,-25
121900319,29,113,-84
121900320,74,80,-6
121900321,18,3,15
121900322,1,14,-13
121900323,30,18,12
121900324,0,50,-50
121900325,22,5,17
121900326,10,27,-17
121900327,2,76,-74
121900328,0,23,-23
121900329,0,144,-144
121900330,1,10,-9
121900331,117,82,35
121900332,123,32,91
121900333,21,0,21
122000001,2733,5591,-2858
122000002,4535,1950,2585
122000003,2421,3188,-767
122000004,3380,1932,1448
122000005,2814,2036,778
122000006,2147,1234,913
122000007,1176,2122,-946
122000008,4092,5700,-1608
122000009,514,500,14
122000010,2516,3385,-869
122000011,3925,1748,2177
122000012,1322,2001,-679
122000013,1623,1046,577
122000014,1645,1327,318
122000015,1535,1362,173
122000016,687,1058,-371
122000017,1398,1158,240
122000018,1696,1452,244
122000019,923,1351,-428
122000020,238,345,-107
122000021,343,586,-243
122000022,1520,1219,301
122000023,787,2003,-1216
122000024,993,1597,-604
122000025,1221,2043,-822
122000026,1333,1286,47
122000027,759,2165,-1406
122000028,1048,601,447
122000029,650,592,58
122000030,266,144,122
122000031,291,316,-25
122000032,1763,2005,-242
122000033,758,1546,-788
122000034,844,788,56
122000035,383,879,-496
122000036,636,631,5
122000037,535,332,203
122000038,354,493,-139
122000039,707,506,201
122000040,336,358,-22
122000041,623,708,-85
122000042,418,551,-133
122000043,156,147,9
122000044,188,176,12
122000045,1309,547,762
122000046,826,842,-16
122000047,359,294,65
122000048,4681,4986,-305
122000049,6917,4082,2835
122000050,1622,876,746
122000051,428,327,101
122000052,665,491,174
122000053,230,899,-669
122000054,2974,2375,599
122000055,2512,3704,-1192
122000056,5345,3967,1378
122000057,3951,4224,-273
122000058,2825,1639,1186
122000059,3311,2213,1098
122000060,821,762,59
122000061,700,677,23
122000062,918,428,490
122000063,1548,861,687
122000064,3449,3468,-19
122000065,4018,2807,1211
122000066,1293,1100,193
122000067,1600,1278,322
122000068,1461,1119,342
122000069,768,786,-18
122000070,1063,1664,-601
122000071,1883,1497,386
122000072,422,499,-77
122000073,459,794,-335
122000074,3248,1899,1349
122000075,1103,1385,-282
122000076,2795,1363,1432
122000077,1288,851,437
122000078,2444,3048,-604
122000079,1251,1463,-212
122000080,862,537,325
122000081,219,368,-149
122000082,718,1039,-321
122000083,1889,1944,-55
122000084,1579,1005,574
122000085,309,1263,-954
122000086,2600,6017,-3417
122000087,521,305,216
122000088,445,613,-168
122000089,5958,2584,3374
122000090,353,598,-245
122000091,227,85,142
122000092,219,35,184
122000093,2124,2447,-323
122000094,6562,3466,3096
122000095,3711,5417,-1706
122000096,3248,2295,953
122000098,4051,3173,878
122000099,1905,804,1101
122000100,1217,644,573
122000101,479,725,-246
122000102,2352,1540,812
122000103,2300,2069,231
122000104,405,213,192
122000105,550,335,215
122000106,632,809,-177
122000107,1171,590,581
122000108,572,807,-235
122000109,639,367,272
122000110,666,725,-59
122000111,3121,1652,1469
122000112,1168,1542,-374
122000113,777,731,46
122000114,3366,1758,1608
122000115,2202,1509,693
122000116,750,680,70
122000117,1967,593,1374
122000118,762,1144,-382
122000119,4131,3189,942
122000120,2404,5446,-3042
122000121,2365,3740,-1375
122000122,933,2221,-1288
122000123,2134,2227,-93
122000124,1468,881,587
122000125,884,909,-25
122000126,873,1560,-687
122000127,1268,1691,-423
122000128,553,997,-444
122000129,654,1631,-977
122000130,3729,1605,2124
122000131,1883,1587,296
122000132,693,854,-161
122000133,1050,1691,-641
122000134,1066,1014,52
122000135,834,1075,-241
122000136,1005,781,224
122000137,2113,1122,991
122000139,1411,4290,-2879
122000140,1037,788,249
122000141,4832,1359,3473
122000142,452,1056,-604
122000143,597,547,50
122000144,1647,1888,-241
122000145,1360,1145,215
122000146,1162,1879,-717
122000147,759,549,210
122000148,1954,2908,-954
122000149,2632,2283,349
122000150,1388,1434,-46
122000151,251,503,-252
122000152,437,500,-63
122000153,551,512,39
122000154,378,303,75
122000155,1827,2895,-1068
122000156,2944,3285,-341
122000157,1624,2961,-1337
122000158,412,843,-431
122000159,990,2263,-1273
122000160,4322,2982,1340
122000161,1359,1487,-128
122000162,2855,2183,672
122000163,337,134,203
122000164,69,122,-53
122000165,1180,818,362
122000166,925,1191,-266
122000167,289,309,-20
122000168,240,602,-362
122000169,431,157,274
122000170,454,287,167
122000171,74,121,-47
122000172,2049,1615,434
122000173,2083,2783,-700
122000174,2543,1112,1431
122000175,1175,379,796
122000176,442,874,-432
122000177,1585,1712,-127
122000178,3107,2632,475
122000179,1942,2600,-658
122000180,2148,1729,419
122000181,2061,3351,-1290
122000182,2264,2126,138
122000183,2522,1188,1334
122000184,3852,2756,1096
122000185,1777,1993,-216
122000186,590,934,-344
122000187,2046,997,1049
122000188,646,271,375
122000189,404,382,22
122000190,1192,1164,28
122000191,1225,970,255
122000192,1228,413,815
122000193,530,1029,-499
122000194,532,253,279
122000195,197,573,-376
122000196,1474,818,656
122000197,569,973,-404
122000198,637,1118,-481
122000199,499,414,85
122000200,1084,780,304
122000201,1516,1903,-387
122000202,1596,1846,-250
122000203,3405,1804,1601
122000204,1892,2516,-624
122000205,1742,1854,-112
122000206,2576,1206,1370
122000207,2080,1720,360
122000208,2536,1672,864
122000209,2235,489,1746
122000210,2314,2103,211
122000211,1760,1682,78
122000212,984,607,377
122000213,1349,1510,-161
122000214,2737,2059,678
122000215,2446,1939,507
122000217,2331,1743,588
122000218,883,138,745
122000219,1464,1126,338
122000220,509,857,-348
122000221,91,493,-402
122000222,760,166,594
122000223,1632,712,920
122000225,1063,381,682
122000226,2194,1984,210
122000227,424,2521,-2097
122000228,520,517,3
122000229,70,582,-512
122000230,512,595,-83
122000231,588,1009,-421
122000232,783,1277,-494
122000233,2,145,-143
122000234,336,103,233
122000235,583,198,385
122000236,1473,164,1309
122000237,177,111,66
122000238,853,410,443
122000239,891,220,671
122000240,1459,859,600
122000241,1834,578,1256
122000242,1054,194,860
122000243,45,46,-1
122000244,27,310,-283
122000245,18,103,-85
122000246,15,75,-60
122000247,1072,283,789
122000248,1146,1758,-612
122000249,1975,921,1054
122000250,2543,1144,1399
122000251,319,580,-261
122000252,599,213,386
122000253,111,314,-203
122000254,377,131,246
122000255,914,1884,-970
122000256,410,1043,-633
122000257,218,359,-141
122000258,371,287,84
122000259,17,424,-407
122000260,8,74,-66
122000261,28,203,-175
122000262,0,37,-37
122000263,734,159,575
122000264,1831,417,1414
122000265,2690,978,1712
122000266,4978,792,4186
122000267,369,193,176
122000268,211,499,-288
122000269,957,475,482
122000270,707,240,467
122000271,347,1140,-793
122000272,404,1063,-659
122000273,545,436,109
122000274,312,202,110
122000275,210,239,-29
122000276,849,635,214
122000277,1504,1808,-304
122000278,1954,822,1132
122000279,311,522,-211
122000280,1021,877,144
122000281,1090,967,123
122000282,286,654,-368
122000283,394,210,184
122000284,277,120,157
122000285,390,133,257
122000286,70,208,-138
122000287,1276,1617,-341
122000288,514,306,208
122000291,2227,828,1399
122000293,343,264,79
122000294,147,229,-82
122000295,1412,205,1207
122000296,54,473,-419
122000297,2650,3193,-543
122000299,668,473,195
122000300,611,630,-19
122000301,9958,3562,6396
122000302,553,1450,-897
122000303,3014,1486,1528
122000304,111,271,-160
122000305,1221,307,914
122000306,68,580,-512
122000307,158,146,12
122000309,57,40,17
122000310,27,161,-134
122000311,283,150,133
122000312,152,193,-41
122000313,125,86,39
122000314,118,198,-80
122000315,272,63,209
122000316,848,236,612
122000317,1735,284,1451
122000318,375,839,-464
122000319,213,350,-137
122000320,338,1205,-867
122000321,94,188,-94
122000322,2587,2195,392
122000323,1652,2454,-802
122000324,1263,1351,-88
122000325,1361,1806,-445
122000326,95,104,-9
122000327,479,712,-233
122000328,898,825,73
122000330,2600,1107,1493
122000332,268,409,-141
122000333,12,108,-96
122000337,1139,1587,-448
122000338,525,566,-41
122000340,440,535,-95
122000342,1845,1046,799
122000343,562,1251,-689
122000344,68,15,53
122000345,44,31,13
122000346,465,637,-172
122000348,892,771,121
122000349,157,1004,-847
122000351,138,221,-83
122000352,413,236,177
122000353,98,81,17
122000355,161,366,-205
122000356,1458,1621,-163
122000357,94,25,69
122000358,2,54,-52
122000359,0,56,-56
122000360,0,59,-59
122000362,16,88,-72
122000364,200,414,-214
122000365,3,45,-42
122000366,7,8,-1
122000368,523,872,-349
122000370,61,59,2
122000371,38,0,38
122000372,18,1,17
122000381,138,397,-259
122000382,150,279,-129
122000384,3212,1395,1817
122000385,70,2,68
122000386,447,1440,-993
122000387,698,840,-142
122000388,1686,848,838
122000389,185,802,-617
122000390,469,362,107
122000391,421,296,125
122000392,462,267,195
122000393,44,184,-140
122000394,774,379,395
122000395,175,199,-24
122000396,336,157,179
122000397,35,82,-47
122000398,53,42,11
122000399,177,90,87
122000400,214,684,-470
122000401,145,76,69
122000402,433,138,295
122000403,477,790,-313
122000404,221,289,-68
122000408,969,1256,-287
122000503,24,141,-117
122000524,501,202,299
122000544,125,2437,-2312
122000616,382,5,377
122000640,145,156,-11
122000641,111,349,-238
122000642,1228,1061,167
122000643,52,138,-86
122000644,136,31,105
122000645,172,201,-29
122000651,1590,992,598
122000664,81,37,44
122000665,1470,671,799
122000666,943,1281,-338
122000673,21,262,-241
122000674,163,65,98
122000675,1650,753,897
122000686,497,1174,-677
122000687,1578,338,1240
122000688,451,628,-177
122000689,977,445,532
122000690,2279,555,1724
122000691,1135,1538,-403
122000692,1627,659,968
122000693,581,2080,-1499
122000695,348,384,-36
122000696,461,282,179
122000698,457,647,-190
122000699,215,121,94
122000701,1420,312,1108
122000702,561,1109,-548
122000703,156,92,64
122000717,72,81,-9
122000718,189,728,-539
122000719,122,97,25
122000720,494,240,254
122000724,145,21,124
122900001,74,14,60
122900002,1332,5606,-4274
122900003,409,47,362
122900004,1788,89,1699
122900005,143,103,40
122900006,991,961,30
122900007,201,106,95
122900008,661,199,462
122900009,998,540,458
122900010,389,185,204
122900012,311,628,-317
122900014,190,315,-125
122900015,2418,1526,892
122900016,189,310,-121
122900017,372,1069,-697
122900018,276,33,243
122900019,10,138,-128
122900020,257,507,-250
122900021,65,530,-465
122900022,1044,1037,7
122900023,664,271,393
122900024,176,177,-1
122900025,21,491,-470
122900026,104,327,-223
122900027,86,598,-512
122900028,155,210,-55
122900029,4868,3241,1627
122900030,1060,704,356
122900031,84,280,-196
122900032,146,510,-364
122900033,224,174,50
122900034,5094,5629,-535
122900035,116,79,37
122900036,80,144,-64
122900037,493,191,302
122900038,149,2959,-2810
122900039,159,626,-467
122900040,285,611,-326
122900041,357,507,-150
122900042,221,415,-194
122900043,443,267,176
122900044,149,376,-227
122900045,111,158,-47
122900046,227,331,-104
122900047,134,227,-93
122900048,99,173,-74
122900049,1506,180,1326
122900051,118,198,-80
122900052,107,176,-69
122900053,49,26,23
122900055,489,142,347
122900057,265,127,138
122900061,552,260,292
122900062,665,721,-56
122900063,160,305,-145
122900064,907,519,388
122900065,690,332,358
122900066,878,450,428
122900067,1354,911,443
122900068,171,481,-310
122900069,408,1598,-1190
122900070,385,57,328
122900071,128,310,-182
122900072,16,438,-422
122900073,55,223,-168
122900074,969,706,263
122900075,2,64,-62
122900076,7,175,-168
122900077,0,134,-134
122900078,235,103,132
122900080,61,41,20
122900081,214,224,-10
122900082,988,391,597
122900083,223,267,-44
122900084,20,275,-255
122900086,18,128,-110
122900087,392,495,-103
122900088,41,260,-219
122900089,83,333,-250
122900090,21,408,-387
122900091,254,3,251
122900092,0,270,-270
122900093,1,211,-210
122900094,7,225,-218
122900095,160,10,150
122900096,332,141,191
122900097,34,45,-11
122900098,134,158,-24
122900099,72,14,58
122900100,297,396,-99
122900101,633,310,323
122900102,33,42,-9
122900103,131,17,114
122900104,199,27,172
122900105,32,7,25
122900106,3,84,-81
122900107,8,176,-168
122900108,8,156,-148
123000001,1299,457,842
123000002,3892,5218,-1326
123000003,4064,4154,-90
123000004,3249,3868,-619
123000005,2843,2863,-20
123000006,2386,2692,-306
123000007,4134,2951,1183
123000008,2715,3144,-429
123000009,4579,2807,1772
123000010,3262,3236,26
123000011,2408,847,1561
123000012,799,2088,-1289
123000013,3359,947,2412
123000014,807,3429,-2622
123000015,3938,1203,2735
123000016,4667,5032,-365
123000017,3619,1799,1820
123000018,85,123,-38
123000019,361,183,178
123000020,273,126,147
123000021,175,246,-71
123000022,449,1764,-1315
123000023,1825,1861,-36
123000024,1595,643,952
123000025,147,150,-3
123000026,147,118,29
123000027,212,848,-636
123000028,1915,788,1127
123000029,945,1701,-756
123000030,296,383,-87
123000031,364,369,-5
123000032,494,177,317
123000033,253,83,170
123000034,1100,865,235
123000035,465,453,12
123000036,266,1015,-749
123000037,263,484,-221
123000038,103,195,-92
123000039,469,1622,-1153
123000040,845,409,436
123000041,1325,1339,-14
123000042,1064,744,320
123000043,3548,10353,-6805
123000044,5141,3148,1993
123000045,8579,3707,4872
123000046,972,1744,-772
123000047,2359,1209,1150
123000048,147,885,-738
123000049,7465,10913,-3448
123000050,1654,1610,44
123000051,118,210,-92
123000052,886,3967,-3081
123000053,2897,3769,-872
123000054,1672,2079,-407
123000055,1668,2772,-1104
123000056,1152,2175,-1023
123000057,12861,8689,4172
123000058,748,1279,-531
123000059,577,661,-84
123000060,1028,509,519
123000061,303,872,-569
123000063,892,1021,-129
123000064,1189,360,829
123000065,6094,3345,2749
123000066,783,661,122
123000067,870,590,280
123000068,3172,3221,-49
123000069,7317,3859,3458
123000070,334,769,-435
123000071,1188,1055,133
123000072,1318,1090,228
123000073,1341,720,621
123000074,1150,1185,-35
123000075,482,1221,-739
123000076,881,774,107
123000077,2089,2563,-474
123000078,1690,1701,-11
123000079,1643,1838,-195
123000080,2627,1781,846
123000081,251,378,-127
123000082,444,1265,-821
123000083,1238,405,833
123000084,672,508,164
123000085,409,95,314
123000086,663,193,470
123000087,404,319,85
123000088,1488,887,601
123000089,565,1137,-572
123000090,1179,878,301
123000091,1645,1432,213
123000092,1156,1177,-21
123000094,746,289,457
123000095,746,674,72
123000096,809,454,355
123000097,542,720,-178
123000098,971,705,266
123000099,823,821,2
123000100,604,872,-268
123000101,714,795,-81
123000102,614,783,-169
123000104,556,498,58
123000105,723,581,142
123000106,587,440,147
123000107,421,573,-152
123000108,801,1081,-280
123000111,995,359,636
123000112,1576,623,953
123000113,608,1383,-775
123000114,464,672,-208
123000115,408,300,108
123000116,33,156,-123
123000117,1755,2026,-271
123000118,517,1063,-546
123000119,287,966,-679
123000120,385,873,-488
123000121,521,565,-44
123000122,386,259,127
123000123,436,555,-119
123000124,548,524,24
123000125,1256,1326,-70
123000126,1446,5061,-3615
123000127,842,766,76
123000128,307,267,40
123000129,834,281,553
123000130,796,114,682
123000131,927,662,265
123000132,360,617,-257
123000133,221,375,-154
123000134,372,189,183
123000135,2649,1355,1294
123000136,263,922,-659
123000137,154,333,-179
123000138,131,456,-325
123000139,723,151,572
123000140,158,936,-778
123000141,1024,208,816
123000142,964,1170,-206
123000143,1127,1839,-712
123000144,74,47,27
123000145,209,278,-69
123000146,94,99,-5
123000147,135,102,33
123000149,295,443,-148
123000150,166,298,-132
123000151,352,504,-152
123000152,208,455,-247
123000153,315,727,-412
123000154,1920,2262,-342
123000155,2522,1489,1033
123000156,31,148,-117
123000157,660,1054,-394
123000158,805,925,-120
123000159,3534,2770,764
123000160,1154,829,325
123000161,2007,1322,685
123000162,1085,1736,-651
123000163,708,173,535
123000164,1833,387,1446
123000165,603,1540,-937
123000166,68,156,-88
123000167,184,312,-128
123000168,330,274,56
123000169,844,151,693
123000170,66,193,-127
123000171,914,27,887
123000172,266,603,-337
123000173,672,334,338
123000174,1262,542,720
123000175,795,1305,-510
123000176,1269,398,871
123000177,424,1189,-765
123000178,887,233,654
123000179,63,575,-512
123000180,1729,344,1385
123000181,331,1212,-881
123000182,215,483,-268
123000183,199,504,-305
123000184,211,720,-509
123000185,836,415,421
123000186,2,573,-571
123000187,617,4,613
123000188,187,1,186
123000189,193,185,8
123000190,74,90,-16
123000192,25,438,-413
123000193,115,901,-786
123000194,508,376,132
123000195,373,62,311
123000196,364,42,322
123000197,85,168,-83
123000198,38,453,-415
123000199,14,636,-622
123000200,611,15,596
123000201,1250,38,1212
123000202,22,1051,-1029
123000203,1255,77,1178
123000204,121,1079,-958
123000205,643,1709,-1066
123000206,2466,277,2189
123000207,115,877,-762
123000208,698,286,412
123000209,2279,793,1486
123000210,558,1914,-1356
123000211,616,2594,-1978
123000212,3564,678,2886
123000213,749,114,635
123000215,82,263,-181
123000216,209,579,-370
123000217,249,43,206
123000218,75,828,-753
123000219,1008,64,944
123000220,651,145,506
123000221,205,124,81
123000222,505,496,9
123000223,464,358,106
123000224,503,495,8
123000225,423,70,353
123000226,79,402,-323
123000227,81,401,-320
123000228,362,92,270
123000229,1019,1440,-421
123000232,149,623,-474
123000233,953,204,749
123000234,190,706,-516
123000235,1329,323,1006
123000236,419,783,-364
123000237,351,138,213
123000238,102,526,-424
123000239,485,1491,-1006
123000240,92,540,-448
123000241,579,95,484
123000242,260,218,42
123000243,692,847,-155
123000244,995,710,285
123000245,95,159,-64
123000249,296,515,-219
123000252,947,359,588
123000253,1353,620,733
123000254,720,1017,-297
123000255,1399,1225,174
123000256,32,306,-274
123000257,2993,2078,915
123000258,1267,863,404
123000259,378,437,-59
123000260,553,512,41
123000261,315,191,124
123000262,118,182,-64
123000263,507,111,396
123000264,173,124,49
123000265,52,173,-121
123000266,645,775,-130
123000267,768,434,334
123000268,60,60,0
123000269,68,55,13
123000270,37,42,-5
123000271,67,85,-18
123000272,855,333,522
123000273,285,598,-313
123000274,1235,644,591
123000275,507,977,-470
123000278,2785,2629,156
123000279,95,102,-7
123000280,424,325,99
123000281,399,122,277
123000282,198,377,-179
123000283,173,64,109
123000284,63,89,-26
123000286,255,385,-130
123000287,638,299,339
123000288,1787,1040,747
123000289,480,1116,-636
123000291,415,941,-526
123000294,165,243,-78
123000295,965,899,66
123000296,611,404,207
123000297,728,508,220
123000298,706,483,223
123000299,65,190,-125
123000300,1081,886,195
123000301,186,248,-62
123000302,127,208,-81
123000303,146,178,-32
123000305,857,851,6
123000306,208,162,46
123000309,51,69,-18
123000310,61,32,29
123000311,0,80,-80
123000312,506,775,-269
123000313,681,279,402
123000315,174,359,-185
123000316,919,109,810
123000317,201,87,114
123000318,66,194,-128
123000329,6,14,-8
123000337,872,410,462
123000338,447,54,393
123000339,327,191,136
123000340,159,427,-268
123000342,124,33,91
123000343,60,12,48
123000344,1213,578,635
123000345,394,786,-392
123000346,351,42,309
123000352,1542,924,618
123000353,38,126,-88
123000354,295,10,285
123000355,0,321,-321
123000356,419,20,399
123000357,0,150,-150
123000359,9,156,-147
123000360,260,76,184
123000361,301,410,-109
123000362,564,97,467
123000363,99,290,-191
123000364,582,559,23
123000365,32,434,-402
123000366,418,2216,-1798
123000367,374,1149,-775
123000370,46,351,-305
123000371,523,45,478
123000372,382,19,363
123000373,17,486,-469
123000374,22,199,-177
123000375,430,51,379
123000376,879,648,231
123000377,497,17,480
123000378,20,351,-331
123000379,13,244,-231
123000380,55,531,-476
123000381,151,115,36
123000382,1401,110,1291
123000383,218,1450,-1232
123000384,503,143,360
123000385,216,470,-254
123000436,53,1017,-964
123000507,124,240,-116
123000508,161,970,-809
123000517,330,45,285
123000518,31,264,-233
123000519,238,83,155
123000520,90,237,-147
123000521,384,121,263
123000522,191,404,-213
123000541,17,7,10
123000542,0,21,-21
123000565,5,4,1
123000566,1111,648,463
123000567,134,220,-86
123000573,49,761,-712
123000574,725,89,636
123000575,1463,1160,303
123000576,984,1384,-400
123000577,81,710,-629
123000578,546,93,453
123000579,2362,5512,-3150
123000580,77,26,51
123000582,480,29,451
123000583,28,442,-414
123000584,173,335,-162
123000585,0,96,-96
123000586,99,1,98
123000596,80,109,-29
123000597,72,159,-87
123000602,62,10,52
123000603,902,570,332
123000604,478,745,-267
123000605,751,130,621
123000606,2,289,-287
123000609,17,333,-316
123000610,208,130,78
123000613,26,189,-163
123000614,268,60,208
123000615,35,114,-79
123000616,912,85,827
123000617,160,399,-239
123000618,124,756,-632
123000619,574,52,522
123000620,19,483,-464
123000622,499,35,464
123000624,173,49,124
123000630,1029,428,601
123000631,286,1008,-722
123000632,832,855,-23
123000633,0,155,-155
123000634,78,160,-82
123000635,122,138,-16
123000636,29,571,-542
123000637,197,59,138
123000638,470,48,422
123000639,1178,4468,-3290
123000640,20,694,-674
123900001,1296,62,1234
123900002,37,1289,-1252
123900003,401,417,-16
123900005,241,171,70
123900006,214,58,156
124000001,2240,185,2055
124000002,102,1672,-1570
124000003,1060,204,856
124000004,119,473,-354
124000005,1202,431,771
124000006,261,1036,-775
124000007,444,118,326
124000008,16,503,-487
124000009,560,295,265
124000010,256,425,-169
124000011,1124,397,727
124000012,365,508,-143
124000017,167,121,46
124000018,159,97,62
124000019,159,149,10
124000020,49,158,-109
124000021,160,100,60
124000022,101,190,-89
124000023,1473,1662,-189
124000024,1104,511,593
124000025,1289,2136,-847
124000026,1079,963,116
124000027,5006,5731,-725
124000028,2304,4320,-2016
124000030,2922,1531,1391
124000031,1311,2818,-1507
124000032,2343,943,1400
124000033,48,203,-155
124000034,997,572,425
124000035,24,262,-238
124000036,79,134,-55
124000037,763,1326,-563
124000038,82,125,-43
124000039,1202,646,556
124000040,647,1589,-942
124000041,439,99,340
124000042,117,512,-395
124000043,140,106,34
124000044,61,255,-194
124000045,897,646,251
124000046,448,668,-220
124000047,1701,915,786
124000048,1182,1559,-377
124000049,1988,719,1269
124000050,964,1826,-862
124000051,1129,566,563
124000052,818,1045,-227
124000053,647,1625,-978
124000054,956,605,351
124000055,1597,2775,-1178
124000056,2507,1456,1051
124000057,1031,673,358
124000058,546,1232,-686
124000059,664,1366,-702
124000060,1140,722,418
124000061,1356,5447,-4091
124000062,4176,1942,2234
124000063,1322,1676,-354
124000064,2373,1439,934
124000065,14,323,-309
124000066,155,329,-174
124000067,240,214,26
124000068,24,15,9
124000069,131,24,107
124000070,50,100,-50
124000071,334,102,232
124000072,221,464,-243
124000073,1039,201,838
124000074,268,768,-500
124000075,388,46,342
124000076,8,227,-219
124000077,1667,1217,450
124000078,3161,1532,1629
124000079,382,1898,-1516
124000080,591,213,378
124000081,267,655,-388
124000082,53,124,-71
124000083,97,135,-38
124000084,66,366,-300
124000085,108,58,50
124000086,117,95,22
124000087,154,99,55
124000088,298,523,-225
124000089,924,376,548
124000090,118,331,-213
124000091,501,112,389
124000092,115,523,-408
124000093,162,89,73
124000094,312,565,-253
124000095,135,79,56
124000096,157,351,-194
124000097,101,107,-6
124000098,79,107,-28
124000099,318,98,220
124000100,73,113,-40
124000101,85,115,-30
124000102,115,77,38
124000103,123,130,-7
124000104,156,46,110
124000105,84,99,-15
124000106,144,59,85
124000107,35,200,-165
124000108,53,31,22
124000109,161,133,28
124000110,172,129,43
124000111,260,182,78
124000112,784,694,90
124000113,117,107,10
124000114,293,470,-177
124000115,411,682,-271
124000116,117,195,-78
124000117,66,97,-31
124000118,47,132,-85
124000119,1025,684,341
124000120,624,425,199
124000121,1475,824,651
124000122,677,1259,-582
124000123,1140,605,535
124000124,395,1230,-835
124000125,518,646,-128
124000126,333,675,-342
124000127,1052,445,607
124000128,692,1092,-400
124000129,2345,1863,482
124000130,904,736,168
124000131,1045,708,337
124000132,1076,867,209
124000133,892,992,-100
124000134,1133,740,393
124000135,1930,2151,-221
124000136,1066,1113,-47
124000137,1636,1119,517
124000138,2496,1518,978
124000139,788,26,762
124000140,36,549,-513
124000141,113,16,97
124000142,8,169,-161
124000143,55,28,27
124000144,13,47,-34
124000145,184,64,120
124000146,91,108,-17
124000148,117,122,-5
124000149,1525,553,972
124000150,470,749,-279
124000151,1146,448,698
124000152,926,1367,-441
124000153,1095,871,224
124000154,697,831,-134
124000155,1755,1120,635
124000156,1621,1284,337
124000169,249,501,-252
124000170,626,562,64
124000171,366,291,75
124000172,434,636,-202
124000173,509,278,231
124000174,452,628,-176
124000175,7,129,-122
124000176,58,31,27
124000177,14,57,-43
124000178,32,66,-34
124000190,66,65,1
124000191,110,122,-12
124000192,1779,421,1358
124000193,541,971,-430
124000194,464,516,-52
124000195,297,588,-291
124000196,1055,1014,41
124000197,99,63,36
124000198,41,68,-27
124000201,399,964,-565
124000202,700,630,70
124000203,494,534,-40
124000204,907,315,592
124000205,148,421,-273
124000206,831,337,494
124000207,0,54,-54
124000209,289,351,-62
124000210,606,254,352
124000211,766,3,763
124000212,1,434,-433
124000213,462,379,83
124000214,417,554,-137
124000215,324,33,291
124000216,5,399,-394
124000329,252,1458,-1206
124000338,377,713,-336
124000339,1136,180,956
124000341,1520,159,1361
124000344,26,4,22
124000357,1035,1990,-955
124000358,816,1490,-674
124000359,1352,633,719
124000360,896,467,429
124000361,1751,825,926
124000362,1207,1643,-436
124000363,290,365,-75
124000364,575,943,-368
124000365,654,1170,-516
124000366,1423,1023,400
124000367,84,486,-402
124000368,486,329,157
124000369,153,107,46
124000370,63,520,-457
124000402,37,20,17
124000403,156,23,133
124000404,20,115,-95
124000405,1289,1004,285
124000406,1011,1082,-71
124000407,1,32,-31
124000411,16,346,-330
124000412,607,10,597
124000413,230,41,189
124000414,81,103,-22
124000415,76,157,-81
124000416,138,221,-83
124000417,197,104,93
124000418,226,108,118
124000419,142,146,-4
124000420,97,74,23
124000421,59,179,-120
124000422,44,18,26
124000423,169,46,123
124000424,2,81,-79
124000425,59,18,41
124000426,11,50,-39
124000427,61,15,46
124000428,19,56,-37
124000429,86,67,19
124000430,652,599,53
124000431,237,608,-371
124000432,313,650,-337
124000439,4,6,-2
124000442,12,106,-94
124000443,0,8,-8
124000445,138,596,-458
124000446,938,135,803
124900001,561,354,207
124900002,214,310,-96
124900003,1076,638,438
124900004,686,398,288
124900005,316,216,100
124900006,743,348,395
124900008,1375,691,684
124900009,202,418,-216
124900010,207,203,4
124900011,710,217,493
124900012,577,113,464
124900013,600,166,434
124900014,406,82,324
124900015,205,492,-287
124900016,89,152,-63
124900017,690,1568,-878
124900018,66,10,56
124900020,123,79,44
124900021,414,43,371
124900022,66,3,63
124900024,279,26,253
124900026,176,38,138
124900027,110,535,-425
124900028,577,134,443
124900029,24,543,-519
124900030,13,170,-157
124900031,97,330,-233
124900032,245,291,-46
124900033,115,381,-266
124900034,20,103,-83
124900035,215,495,-280
124900036,4,72,-68
124900037,271,353,-82
124900038,318,271,47
124900039,2,83,-81
124900040,231,116,115
124900041,257,932,-675
124900042,89,2,87
124900043,524,987,-463
124900044,106,3,103
124900045,808,1172,-364
124900046,1099,290,809
124900047,171,249,-78
124900048,204,110,94
124900050,236,216,20
124900052,78,459,-381
124900053,156,369,-213
124900054,1555,523,1032
124900055,1,260,-259
124900057,16,52,-36
124900060,88,239,-151
124900061,114,11,103
124900062,323,34,289
124900066,1,12,-11
124900067,11,111,-100
124900068,238,660,-422
124900070,145,30,115
124900072,175,32,143
124900074,663,171,492
124900075,275,190,85
124900076,24,1156,-1132
124900077,38,165,-127
124900078,116,22,94
124900079,590,205,385
124900080,331,620,-289
124900081,986,314,672
124900082,278,669,-391
124900083,282,464,-182
124900084,1843,175,1668
124900085,1066,555,511
124900086,118,1529,-1411
124900087,843,178,665
124900088,697,164,533
124900089,1126,34,1092
124900090,352,284,68
124900091,391,389,2
124900092,277,273,4
124900093,323,215,108
124900094,440,361,79
124900095,141,521,-380
124900096,576,332,244
124900097,403,69,334
124900098,214,326,-112
124900099,783,613,170
124900100,424,74,350
124900101,68,586,-518
124900102,248,29,219
124900103,182,213,-31
124900104,70,148,-78
124900105,146,136,10
124900106,494,83,411
124900107,136,20,116
124900108,165,121,44
124900109,104,102,2
124900110,288,333,-45
124900111,0,140,-140
124900112,58,601,-543
124900113,126,332,-206
124900114,204,211,-7
124900115,118,57,61
124900116,319,207,112
124900117,407,223,184
124900118,215,284,-69
124900119,464,177,287
124900120,42,386,-344
124900121,162,469,-307
124900122,343,289,54
124900123,382,173,209
124900124,183,373,-190
129000186,162,61,101
204000001,24,5,19
204000002,30,5,25
204000003,27,7,20
204000004,15,4,11
204000005,553,419,134
204000006,1223,896,327
204000011,11,35,-24
204000012,47,69,-22
204000013,3,30,-27
204000019,487,513,-26
204000020,651,416,235
204000021,1122,730,392
204000022,473,474,-1
204000023,545,630,-85
204000031,61,12,49
204000032,363,31,332
204000034,20,215,-195
204000035,15,3,12
204000036,9,42,-33
204000037,0,23,-23
204000038,2,9,-7
204000039,6,48,-42
204000040,6,26,-20
204000041,6,28,-22
204000042,49,9,40
204000043,33,19,14
204000044,43,10,33
204000045,58,3,55
204000046,8,3,5
204000057,6,13,-7
204000062,6,16,-10
204000068,18,201,-183
204000069,50,232,-182
204000070,68,82,-14
204000080,45,43,2
204000085,1995,1546,449
204000086,2020,1528,492
204000087,42,12,30
204000088,7,77,-70
204000090,25,326,-301
204000093,427,65,362
204000096,890,963,-73
204000097,488,8,480
204000099,1090,1299,-209
204000100,1492,1783,-291
204000105,2330,1289,1041
204000110,572,779,-207
204000111,531,477,54
204000112,655,513,142
204000113,733,675,58
204000114,1185,657,528
204000115,564,318,246
204000116,589,391,198
204000119,2001,2763,-762
204000132,743,293,450
204000133,767,221,546
204000134,219,76,143
204000135,465,73,392
204000136,587,179,408
204000138,379,327,52
204000140,188,148,40
204000141,167,55,112
204000144,9,19,-10
204000145,581,66,515
204000146,29,401,-372
204000147,13,144,-131
204000148,237,19,218
204000154,8,4,4
204000155,5,8,-3
204000177,95,48,47
204000179,29,3,26
204000180,0,24,-24
204000222,4,16,-12
204000235,25,15,10
204000236,111,272,-161
204000238,32,39,-7
204000240,387,80,307
204000263,502,860,-358
204000268,1166,671,495
204000308,217,11,206
204000317,11,70,-59
204000322,5,52,-47
204000323,29,13,16
204000328,225,52,173
204000329,38,221,-183
204000330,185,14,171
204000331,32,146,-114
204010341,5,133,-128
205000001,806,1806,-1000
205000013,9,61,-52
205000014,21,110,-89
205000015,20,203,-183
205000016,15,133,-118
205000017,16,100,-84
205000022,204,768,-564
205000025,1047,1083,-36
205000029,251,6,245
205000045,127,387,-260
205000046,79,395,-316
205000047,44,422,-378
205000048,265,830,-565
205000049,171,688,-517
205000050,533,267,266
205000059,2,203,-201
205000060,0,64,-64
205000061,2,95,-93
205000062,0,73,-73
205000063,20,120,-100
205000064,15,112,-97
205000065,58,455,-397
205000066,89,573,-484
205000067,33,728,-695
205000069,165,19,146
205000082,215,189,26
205000110,111,208,-97
205000111,193,197,-4
205000112,182,308,-126
205000113,179,363,-184
205000121,321,51,270
205000123,21,252,-231
205000126,450,85,365
205000127,670,119,551
205000128,385,68,317
205000129,582,60,522
205000130,190,20,170
205000131,99,4,95
205000132,175,3,172
205000133,86,0,86
205000134,220,0,220
205000137,96,147,-51
205000138,223,374,-151
205000139,38,143,-105
205000144,77,112,-35
205000145,506,211,295
205000151,247,28,219
205000152,271,18,253
205000153,287,35,252
205000154,170,33,137
205000155,100,6,94
205000207,6,156,-150
205000233,23,17,6
205000234,0,2,-2
205000243,0,1,-1
205000244,0,5,-5
205000245,27,166,-139
205000249,0,20,-20
205000250,7,0,7
205000264,11,84,-73
206000027,10,4,6
206000028,2,1,1
206000043,3,52,-49
206000053,5,4,1
206000054,0,18,-18
206000055,3,25,-22
206000075,12,28,-16
206000076,11,15,-4
206000077,29,11,18
206000078,15,9,6
206000079,15,4,11
206000082,439,64,375
206000100,37,499,-462
206000103,5,19,-14
206000104,15,24,-9
206000105,2,16,-14
206000106,9,26,-17
206000108,642,55,587
206000125,43,1,42
206000157,46,558,-512
206000170,1,159,-158
206000171,4,160,-156
206000172,12,382,-370
206000173,0,206,-206
206000174,11,60,-49
206000175,4,78,-74
206000176,26,153,-127
206000177,0,149,-149
206000178,6,177,-171
206000179,4,115,-111
206000180,20,131,-111
206000181,4,114,-110
206000182,18,147,-129
206000183,16,522,-506
206000184,11,345,-334
206000185,6,127,-121
206000186,121,772,-651
206000223,8,216,-208
206000226,18,8,10
206000227,21,3,18
206000237,46,276,-230
206000238,26,397,-371
206000239,228,1601,-1373
206000240,1,58,-57
206000241,0,94,-94
206000242,8,215,-207
206000243,10,128,-118
206000244,32,418,-386
206000245,778,50,728
206000246,196,10,186
206000247,202,4,198
206000248,379,11,368
206000252,47,51,-4
206000258,37,40,-3
206000315,42,1,41
206000317,507,88,419
206000318,431,60,371
206000319,1376,100,1276
206000320,204,40,164
206000321,257,14,243
206000322,506,31,475
206000323,170,7,163
206000324,153,10,143
206000325,243,21,222
206000326,236,24,212
206000327,195,9,186
206000328,177,5,172
206000329,317,4,313
206000330,65,6,59
206000331,183,3,180
206000332,61,3,58
206000333,583,5,578
206000334,254,1,253
206000335,0,26,-26
206000361,4,161,-157
206000392,1,18,-17
206000405,140,0,140
206000441,29,25,4
206000498,21,2,19
206000515,104,27,77
206000530,283,57,226
206000531,200,206,-6
206000532,1704,321,1383
206000535,256,1509,-1253
206000536,11,172,-161
206000537,18,146,-128
206000613,1569,222,1347
207000001,177,560,-383
207000002,149,299,-150
207000003,129,149,-20
207000007,807,249,558
207000008,98,15,83
207000009,39,40,-1
207000010,350,355,-5
207000012,347,171,176
207000015,208,1087,-879
207000019,214,71,143
207000021,567,167,400
207000022,135,108,27
207000023,195,40,155
207000024,1,15,-14
207000025,29,36,-7
207000026,65,40,25
207000027,31,73,-42
207000028,79,180,-101
207000029,234,394,-160
207000033,157,415,-258
207000034,296,104,192
207000039,390,126,264
207000040,399,91,308
207000041,155,39,116
207000042,225,79,146
207000043,206,173,33
207000051,125,222,-97
207000052,23,115,-92
207000053,443,461,-18
207000054,48,117,-69
207000055,219,97,122
207000056,356,270,86
207000057,126,217,-91
207000058,173,246,-73
207000059,103,364,-261
207000060,50,169,-119
207000061,198,385,-187
207000062,246,35,211
207000063,264,99,165
207000064,329,109,220
207000065,343,214,129
207000066,210,151,59
207000067,37,79,-42
207000068,131,83,48
207000069,673,336,337
207000082,16,185,-169
207000083,83,227,-144
207000084,283,253,30
207000085,237,22,215
207000086,194,12,182
207000106,42,48,-6
207000107,54,22,32
207000108,59,20,39
207000109,52,10,42
207000110,89,89,0
207000111,91,92,-1
207000112,177,606,-429
207000114,22,47,-25
207000115,45,77,-32
207000116,25,323,-298
207000117,17,91,-74
207000118,7,67,-60
207000119,38,68,-30
207000123,183,29,154
207000124,78,27,51
207000125,67,51,16
207000126,101,56,45
207000134,51,131,-80
207000135,19,222,-203
207000148,69,358,-289
207000149,61,52,9
207000152,128,384,-256
207000153,842,1303,-461
207000154,315,195,120
207000159,73,147,-74
207000160,146,361,-215
207000238,0,156,-156
207000242,7,158,-151
207000248,44,37,7
207000249,167,47,120
207000250,625,64,561
207000251,144,88,56
207000252,110,59,51
207000278,103,92,11
207000279,31,127,-96
207000280,506,59,447
207000281,117,713,-596
207000282,189,100,89
207000283,102,247,-145
207000284,61,179,-118
207000285,95,59,36
207000291,16,90,-74
207000304,99,42,57
207000306,66,319,-253
207000310,91,92,-1
207000353,227,6,221
207000356,18,58,-40
207000357,9,14,-5
207000358,14,27,-13
207000415,3,147,-144
207000417,42,10,32
207000418,92,110,-18
207000438,0,2,-2
207000439,1001,777,224
207000446,202,5,197
207000460,29,3,26
207000466,160,117,43
207000467,263,96,167
207000468,34,202,-168
207000476,7,52,-45
207000477,850,82,768
207000478,3,66,-63
207000523,0,5,-5
207000524,55,7,48
207000527,125,164,-39
207000530,514,14,500
207000531,394,15,379
207000532,125,25,100
207000534,432,74,358
207000535,38,311,-273
207000537,47,124,-77
207000540,11,148,-137
207000541,1,330,-329
207000548,18,229,-211
207000549,420,14,406
207000561,167,228,-61
207000562,30,226,-196
207000567,151,158,-7
207000568,262,72,190
207000569,481,771,-290
207000584,297,274,23
207000585,82,488,-406
207000616,0,128,-128
207000617,123,0,123
207900008,244,101,143
208000001,607,944,-337
208000002,642,441,201
208000003,1238,374,864
208000004,1182,635,547
208000005,10,19,-9
208000019,612,973,-361
208000020,175,492,-317
208000021,295,334,-39
208000022,1056,506,550
208000028,1192,982,210
208000033,662,541,121
208000034,1345,1249,96
208000040,225,171,54
208000041,951,509,442
208000042,1237,568,669
208000047,165,217,-52
208000064,2435,1644,791
208000066,1719,2508,-789
208000070,338,329,9
208000071,374,836,-462
208000072,372,1086,-714
208000080,310,305,5
208000081,289,132,157
208000082,265,234,31
208000083,127,331,-204
208000084,25,37,-12
208000085,714,516,198
208000086,522,944,-422
208000087,342,662,-320
208000089,1022,344,678
208000090,1054,541,513
208000093,155,141,14
208000094,462,349,113
208000095,679,452,227
208000104,984,894,90
208000105,684,984,-300
208000114,127,341,-214
208000115,523,419,104
208000116,552,1102,-550
208000117,105,150,-45
208000118,92,154,-62
208000155,665,1081,-416
208000158,1445,3865,-2420
208000186,3569,4622,-1053
208000204,757,1035,-278
208000205,1091,886,205
208000282,5256,3459,1797
209000004,404,154,250
209000005,31,24,7
209000006,424,164,260
209000007,249,344,-95
209000010,388,138,250
209000011,177,238,-61
209000012,342,157,185
209000013,271,287,-16
209000014,446,931,-485
209000025,266,34,232
209000026,617,101,516
209000027,323,733,-410
209000028,394,632,-238
209000029,492,665,-173
209000030,390,1254,-864
209000031,2088,2163,-75
209000034,212,237,-25
209000035,171,147,24
209000036,171,103,68
209000037,288,192,96
209000038,113,131,-18
209000039,82,130,-48
209000040,327,487,-160
209000041,186,440,-254
209000042,278,322,-44
209000043,719,835,-116
209000044,236,827,-591
209000045,1356,563,793
209000046,469,568,-99
209000047,435,228,207
209000048,524,388,136
209000049,98,90,8
209000050,176,146,30
209000051,224,256,-32
209000052,129,210,-81
209000062,35,95,-60
209000063,54,73,-19
209000064,52,93,-41
209000065,67,30,37
209000066,72,41,31
209000067,98,37,61
209000080,22,163,-141
209000082,98,46,52
209000091,22,110,-88
209000093,60,15,45
209000094,172,242,-70
209000110,45,164,-119
209000111,580,1351,-771
209000112,1017,432,585
209000113,1574,417,1157
209000114,705,437,268
209000115,72,85,-13
209000116,418,409,9
209000118,19,71,-52
209000119,18,25,-7
209000121,97,409,-312
209000135,107,255,-148
209000142,631,1474,-843
209000143,60,62,-2
209000144,55,128,-73
209000229,275,159,116
209000240,25,253,-228
209000259,52,95,-43
209000260,51,1115,-1064
209000261,4,906,-902
209000262,2,469,-467
209000263,0,167,-167
209000264,1,177,-176
209000265,779,26,753
209000266,133,3,130
209000267,1770,7,1763
209000268,814,79,735
210000037,62,28,34
210000047,81,28,53
210000048,118,32,86
210000049,65,14,51
210000052,66,72,-6
210000053,39,52,-13
210000054,49,85,-36
210000070,215,5,210
210000071,141,3,138
210000072,65,0,65
210000073,0,25,-25
210000074,0,77,-77
210000075,6,92,-86
210000076,14,154,-140
210000077,7,30,-23
210000078,27,19,8
210000079,39,13,26
210000080,83,67,16
210000081,210,26,184
210000082,153,4,149
210000083,78,2,76
210000084,69,1,68
210000085,3,45,-42
210000086,4,102,-98
210000099,47,239,-192
210000100,66,134,-68
210000101,49,122,-73
210000105,34,174,-140
210000159,1,175,-174
210000163,154,190,-36
210000164,295,251,44
210000168,85,34,51
210000187,0,18,-18
210000188,1,8,-7
210000214,13,0,13
210000219,46,66,-20
210000220,84,68,16
210000232,4,25,-21
210000233,27,64,-37
210000234,39,107,-68
210000235,68,103,-35
210000245,4,59,-55
210000246,34,5,29
210000258,10,81,-71
210000259,349,96,253
210000282,84,228,-144
210000285,6,105,-99
210000286,22,161,-139
210000290,1,8,-7
210000295,48,92,-44
210000296,63,39,24
210000320,193,90,103
210000321,123,75,48
210000338,55,50,5
210000339,339,987,-648
210000340,104,349,-245
210000341,223,250,-27
210000342,194,163,31
210000343,118,148,-30
210000344,120,117,3
210000345,129,134,-5
210000346,46,111,-65
210000347,77,34,43
210000348,118,20,98
210000349,30,24,6
210000350,131,54,77
210000351,136,105,31
210000352,81,70,11
210000353,64,78,-14
210000354,78,67,11
210000355,74,63,11
210000356,63,47,16
210000357,55,44,11
210000358,222,112,110
210000359,96,83,13
210000360,145,114,31
210000361,151,134,17
210000362,267,185,82
210000363,625,330,295
210000364,93,190,-97
210000365,129,61,68
210000366,160,60,100
210000367,136,26,110
210000368,177,47,130
210000369,19,17,2
210000370,41,31,10
210000372,20,28,-8
210000373,27,11,16
210000374,46,26,20
210000375,39,58,-19
210000376,72,84,-12
210000404,59,83,-24
210000439,28,66,-38
210000472,139,3,136
210000482,73,109,-36
210000564,347,385,-38
210000567,0,29,-29
210000568,381,2,379
211000092,45,42,3
211000094,22,7,15
211000169,182,18,164
211000172,11,170,-159
211000209,0,28,-28
211000226,11,17,-6
211000270,17,26,-9
211000275,11,11,0
211000276,76,23,53
211000279,31,37,-6
211000281,45,39,6
211507980,1,43,-42
211977296,41,7,34
212000003,101,47,54
212000004,21,19,2
212000005,19,19,0
212000006,24,44,-20
212000008,169,109,60
212000009,26,75,-49
212000012,70,91,-21
212000013,21,47,-26
212000014,227,144,83
212000015,239,207,32
212000016,448,472,-24
212000027,537,531,6
212000028,308,406,-98
212000029,198,268,-70
212000030,46,34,12
212000031,85,60,25
212000048,31,145,-114
212000049,15,75,-60
212000050,20,10,10
212000051,162,233,-71
212000052,197,248,-51
212000053,385,461,-76
212000054,287,101,186
212000055,247,207,40
212000056,19,40,-21
212000057,16,14,2
212000058,210,25,185
212000070,103,212,-109
212000077,138,427,-289
212000099,284,265,19
212000108,139,128,11
212000111,187,122,65
212000120,101,46,55
212000138,107,26,81
212000156,18,88,-70
212000158,18,15,3
212000159,405,49,356
212000160,565,240,325
212000161,54,8,46
212000310,49,19,30
212000311,20,59,-39
212000374,36,13,23
213000001,29,509,-480
213000005,473,163,310
213000006,1189,358,831
213000007,103,8,95
213000009,815,513,302
213000010,201,288,-87
213000011,250,113,137
213000012,132,302,-170
213000014,85,8,77
213000015,279,10,269
213000016,458,3,455
213000017,99,0,99
213000018,4,166,-162
213000019,1,156,-155
213000020,118,392,-274
213000021,8,128,-120
213000023,320,154,166
213000033,384,1505,-1121
213000034,867,313,554
213000035,148,171,-23
213000045,219,249,-30
213000046,287,189,98
213000047,774,1311,-537
213000056,108,43,65
213000069,69,3,66
213000073,0,49,-49
213000074,54,337,-283
213000075,543,22,521
213000076,46,0,46
213000085,9,37,-28
213000086,16,158,-142
213000091,266,31,235
213000092,85,13,72
213000099,145,1142,-997
213000100,1098,257,841
213000101,401,138,263
213000102,499,265,234
213000103,1075,898,177
213000104,61,414,-353
213000105,3,179,-176
213000106,40,109,-69
213000107,111,459,-348
213000108,47,403,-356
213000109,3,210,-207
213000110,33,105,-72
213000111,11,80,-69
213000112,155,120,35
213000115,73,21,52
213000116,45,347,-302
213000117,6,585,-579
213000118,387,276,111
213000119,57,712,-655
213000120,157,502,-345
213000122,133,608,-475
213000123,434,1301,-867
213000124,141,1750,-1609
213000125,149,23,126
213000126,140,160,-20
213000127,165,339,-174
213000128,468,1371,-903
213000129,398,591,-193
213000130,719,282,437
213000132,466,123,343
213000133,539,135,404
213000134,766,25,741
213000136,534,25,509
213000137,745,88,657
213000139,207,33,174
213000147,62,5,57
213000148,26,8,18
213000149,31,5,26
213000150,0,93,-93
213000151,0,78,-78
213000152,1,89,-88
213000153,3,103,-100
213000154,30,312,-282
213000155,49,249,-200
213000156,133,427,-294
213000157,532,377,155
213000158,449,879,-430
213000159,708,529,179
213000163,988,122,866
213000165,1041,359,682
213000171,1,77,-76
213000172,4,302,-298
213000173,3,186,-183
213000174,2,168,-166
213000175,13,96,-83
213000176,50,50,0
213000177,102,7,95
213000178,207,8,199
213000179,219,3,216
213000180,204,1,203
213000184,125,425,-300
213000188,528,123,405
213000189,476,51,425
213000190,974,883,91
213000191,360,423,-63
213000192,262,401,-139
213000193,783,354,429
213000194,1,59,-58
213000195,14,373,-359
213000196,270,1110,-840
213000197,572,504,68
213000198,77,3,74
213000200,135,933,-798
213000201,68,58,10
213000202,11,477,-466
213000203,3227,682,2545
213000204,700,84,616
213000205,407,82,325
213000206,422,65,357
213000207,121,28,93
213000208,93,3,90
213000209,151,2,149
213000210,421,8,413
213000211,18,19,-1
213000212,9,24,-15
213000213,14,59,-45
213000218,224,523,-299
213000219,503,20,483
213000220,440,20,420
213000223,180,242,-62
213000224,67,55,12
213000225,166,18,148
213000226,91,12,79
213000227,935,177,758
213000228,372,81,291
213000229,241,20,221
213000230,395,18,377
213000232,81,825,-744
213000233,15,393,-378
213000234,7,47,-40
213000293,13,47,-34
213000294,131,15,116
213000295,6,88,-82
213000296,73,27,46
213000297,16,89,-73
213000298,24,73,-49
213000299,89,39,50
213000300,16,3,13
213000303,11,32,-21
213000304,4,16,-12
213000305,6,18,-12
213000306,65,45,20
213000307,179,47,132
213000308,119,204,-85
213000309,218,59,159
213000310,531,268,263
213000311,315,786,-471
213000315,74,129,-55
213000316,170,60,110
213000322,89,104,-15
213000323,145,85,60
213000324,109,79,30
213000325,49,85,-36
213000326,40,40,0
213000327,59,58,1
213000328,53,150,-97
213000329,171,48,123
213000340,180,547,-367
213000341,449,108,341
213000346,216,309,-93
213000347,774,516,258
213000348,24,103,-79
213000349,78,11,67
213000350,288,914,-626
213000366,86,338,-252
213000367,295,19,276
213000379,134,57,77
213000386,10,250,-240
213000406,91,372,-281
213000417,1208,493,715
213000425,214,53,161
213000426,198,60,138
213000427,47,240,-193
213000428,59,220,-161
213000429,20,3,17
213000430,187,723,-536
213000431,105,7,98
213000432,1,167,-166
213000433,30,156,-126
213000434,109,102,7
213000435,191,94,97
213000436,38,63,-25
213000437,5,21,-16
213000438,166,69,97
213000439,55,10,45
213000440,10,310,-300
213000441,6,3,3
213000442,3,72,-69
213000443,454,387,67
213000444,31,51,-20
213000445,1,95,-94
213000446,2,201,-199
213000447,3,85,-82
213000448,11,151,-140
213000449,331,10,321
213000450,29,50,-21
213000451,300,105,195
213000452,24,22,2
213000453,42,244,-202
213000455,855,137,718
213000456,0,351,-351
213000481,6,1,5
213000484,45,2,43
213000489,247,58,189
213000491,1,145,-144
213000492,208,21,187
213000493,0,94,-94
213000494,298,130,168
213000495,0,93,-93
213000496,470,114,356
213000497,24,290,-266
213000498,173,204,-31
213000499,224,519,-295
213000500,628,92,536
213000501,200,49,151
213000502,260,245,15
213000503,1,64,-63
213000504,22,126,-104
213000505,19,7,12
213000506,0,10,-10
213000507,3,115,-112
213900016,0,10,-10
213900244,60,0,60
213900245,0,36,-36
218000003,15,20,-5
218000004,26,31,-5
218000005,57,36,21
218000006,36,19,17
218000007,12,9,3
218000012,170,113,57
218000013,119,151,-32
218000014,434,471,-37
218000019,836,612,224
218000020,292,445,-153
218000021,26,43,-17
218000022,14,18,-4
218000023,2,28,-26
218000024,2,15,-13
218000025,4,14,-10
218000026,10,19,-9
218000027,2,8,-6
218000028,5,3,2
218000029,1,3,-2
218000030,15,23,-8
218000031,4,21,-17
218000032,3,23,-20
218000040,3,1,2
218000046,45,78,-33
218000047,10,142,-132
218000048,62,103,-41
218000049,104,133,-29
218000050,356,293,63
218000051,67,291,-224
218000052,3,100,-97
218000053,5,14,-9
218000054,11,47,-36
218000055,9,48,-39
218000056,29,46,-17
218000057,8,36,-28
218000064,1,13,-12
218000065,106,48,58
218000066,17,43,-26
218000067,48,71,-23
218000068,132,100,32
218000069,279,112,167
218000070,231,230,1
218000071,158,182,-24
218000072,299,194,105
218000078,905,750,155
218000079,95,74,21
218000080,120,54,66
218000081,469,248,221
218000082,56,104,-48
218000083,88,63,25
218000084,143,133,10
218000085,157,345,-188
218000086,71,189,-118
218000087,213,167,46
218000090,11,115,-104
218000091,881,469,412
218000092,95,122,-27
218000093,82,51,31
218000094,494,456,38
218000099,384,777,-393
218000100,274,284,-10
218000101,290,165,125
218000102,398,197,201
218000103,108,180,-72
218000104,105,38,67
218000105,32,31,1
218000106,11,18,-7
218000107,63,54,9
218000108,4,46,-42
218000112,54,38,16
218000117,93,47,46
218000134,557,603,-46
218000135,38,88,-50
218000136,285,98,187
218000137,264,98,166
218000138,59,89,-30
218000139,184,252,-68
218000140,407,213,194
218000141,69,72,-3
218000142,241,167,74
218000143,159,221,-62
218000144,37,66,-29
218000145,290,351,-61
218000146,99,196,-97
218000151,13,27,-14
218000152,143,52,91
218000153,5,2,3
218000154,12,11,1
218000155,25,1,24
218000156,55,11,44
218000157,20,12,8
218000158,5,2,3
218000159,5,2,3
218000160,2,1,1
218000161,35,6,29
218000162,24,7,17
218000163,10,6,4
218000164,35,4,31
218000165,72,30,42
218000170,4,40,-36
218000171,49,17,32
218000172,21,14,7
218000173,79,14,65
218000174,25,4,21
218000176,250,59,191
218000177,412,256,156
218000178,91,299,-208
218000179,98,76,22
218000180,87,40,47
218000181,190,48,142
218000187,5,21,-16
218000188,29,61,-32
218000189,33,42,-9
218000190,11,25,-14
218000191,173,57,116
218000192,195,240,-45
218000193,420,304,116
218000194,95,270,-175
218000195,139,67,72
218000196,324,242,82
218000197,409,293,116
218000198,20,116,-96
218000199,47,24,23
218000200,110,34,76
218000201,10,19,-9
218000202,59,178,-119
218000207,2,24,-22
218000208,27,28,-1
218000211,29,15,14
218000212,3,5,-2
218000213,93,117,-24
218000214,6,31,-25
218000215,55,73,-18
218000217,7,69,-62
218000218,191,85,106
218000219,27,19,8
218000220,86,376,-290
218000221,587,148,439
218000222,7,28,-21
218000223,48,450,-402
218000224,7,120,-113
218000225,166,43,123
218000226,147,71,76
218000230,1,5,-4
218000232,33,65,-32
218000239,103,7,96
218000240,31,2,29
218000241,21,1,20
218000242,77,1,76
218000243,131,1,130
218000244,44,3,41
218000245,69,0,69
218000246,0,1,-1
218000247,2,0,2
218000248,2,16,-14
218000249,0,4,-4
218000250,7,34,-27
218000251,6,23,-17
218000252,2,27,-25
218000253,2,25,-23
218000254,1,22,-21
218000255,2,9,-7
218000256,5,58,-53
218000267,482,850,-368
218000268,11,41,-30
218000269,5,9,-4
218000270,27,30,-3
218000271,14,30,-16
218000273,26,7,19
218000274,10,7,3
218000275,25,46,-21
218000276,14,65,-51
218000278,22,14,8
218000279,40,32,8
218000280,5,14,-9
218000281,12,7,5
218000282,429,414,15
218000284,91,3,88
218000301,81,108,-27
218000302,172,60,112
218000303,41,51,-10
218000316,607,798,-191
218000317,1039,892,147
218000318,632,674,-42
218000319,995,926,69
218000320,744,526,218
218000338,66,33,33
218000345,58,64,-6
218000346,34,143,-109
218000459,38,231,-193
218000490,20,29,-9
218000501,129,72,57
218000502,45,86,-41
218000503,168,28,140
218000504,189,39,150
218000505,53,122,-69
218000506,30,219,-189
218000508,4,4,0
218000510,181,19,162
218000520,93,107,-14
218000521,5,36,-31
218000522,0,133,-133
218000523,139,3,136
218000524,34,136,-102
218000525,143,7,136
218000526,41,115,-74
218000529,16,138,-122
218000530,15,5,10
218000531,10,16,-6
218000532,35,17,18
218000534,111,11,100
218000537,15,48,-33
218000538,113,159,-46
218000540,305,91,214
218000543,146,53,93
218000544,41,83,-42
218000545,49,77,-28
218000546,54,75,-21
218000547,89,143,-54
218000548,174,109,65
218000549,386,608,-222
218000550,257,262,-5
218000551,116,1006,-890
218000552,359,49,310
218000553,34,75,-41
218000554,22,23,-1
218000555,21,34,-13
218000556,113,180,-67
218000557,209,100,109
218000558,75,1,74
218000559,0,43,-43
218000560,1,39,-38
218000561,17,0,17
218000562,24,185,-161
218000563,214,20,194
218000564,7,105,-98
218000565,181,17,164
218000566,491,17,474
218000567,4,93,-89
218000568,36,5,31
218000569,14,117,-103
218000570,149,11,138
218000571,10,89,-79
218000572,160,4,156
218000573,31,110,-79
218000574,182,37,145
218000575,116,2,114
218000576,3,81,-78
218000577,112,2,110
218000578,1,78,-77
218000579,44,12,32
218000581,3,60,-57
218000582,43,2,41
218000583,16,0,16
218000584,1,37,-36
218000585,46,7,39
218000586,9,35,-26
218000587,4,0,4
218000588,10,2,8
218000589,3,3,0
218000590,21,0,21
218000591,13,7,6
218000592,15,0,15
218000593,0,1,-1
218000594,0,0,0
218000595,0,0,0
218000596,0,0,0
218000597,0,0,0
218000598,0,0,0
218000599,2,0,2
218000600,1,1,0
218000601,0,0,0
218000602,0,11,-11
218000603,0,7,-7
218000604,37,0,37
218000605,0,29,-29
218000606,75,0,75
218000607,7,44,-37
218000608,62,17,45
218000609,7,61,-54
218000610,76,7,69
218000611,49,2,47
218000612,0,23,-23
218000613,48,2,46
218000614,1,31,-30
218000615,219,3,216
218000616,4,94,-90
218000617,15,1,14
218000618,0,12,-12
218000619,55,26,29
218000620,28,25,3
218000621,1,1,0
218000622,0,10,-10
218000623,291,4,287
218000624,5,15,-10
218000625,12,2,10
218000626,1,5,-4
218000628,125,66,59
218000631,29,10,19
218000632,5,88,-83
218000633,134,0,134
218000634,5,8,-3
218000635,12,12,0
218000636,820,1124,-304
218000637,886,465,421
218000638,201,36,165
218000639,19,159,-140
218000640,328,44,284
218000641,67,274,-207
218000652,49,68,-19
218000653,157,124,33
218000663,5,84,-79
218000675,58,34,24
218000676,1,9,-8
218000677,6,5,1
218000680,147,324,-177
218000681,306,138,168
218000691,127,160,-33
218000693,189,76,113
218000703,4,28,-24
218000718,490,1288,-798
218000719,971,847,124
218000720,25,147,-122
218000721,160,10,150
218000725,2,4,-2
218001214,19,45,-26
218001329,68,94,-26
218001330,53,65,-12
218001351,17,7,10
218001352,20,18,2
218001353,10,9,1
218001354,9,14,-5
218001355,82,0,82
218001357,44,1,43
219000001,61,47,14
219000002,26,63,-37
219000003,81,58,23
219000004,54,60,-6
219000017,100,52,48
219000020,155,76,79
219000022,171,25,146
219000023,145,0,145
219000029,0,67,-67
219000034,43,15,28
219000039,91,157,-66
219000040,65,84,-19
219000041,125,39,86
219000051,0,31,-31
219000052,0,16,-16
219000053,1,94,-93
219000054,41,56,-15
219000055,210,2,208
219000056,11,0,11
219000057,79,0,79
219000062,18,68,-50
219000063,55,7,48
219000064,4,75,-71
219000110,528,78,450
219000111,122,57,65
219000112,210,61,149
219000113,170,83,87
219000114,212,117,95
219000116,128,74,54
219000117,161,40,121
219000118,279,43,236
219000123,209,85,124
219000124,105,52,53
219000125,10,16,-6
219000126,65,109,-44
219000127,0,7,-7
219000128,7,110,-103
219000129,16,104,-88
219000130,446,441,5
219000131,523,941,-418
219000133,71,49,22
219000134,26,24,2
219000135,47,85,-38
219000136,81,217,-136
219000138,60,34,26
219000139,34,45,-11
219000140,46,1,45
219000141,21,85,-64
219000142,14,90,-76
219000143,13,94,-81
219000145,31,44,-13
219000146,1,25,-24
219000147,3,33,-30
219000148,5,18,-13
219000149,9,47,-38
219000150,1,60,-59
219000151,4,33,-29
219000157,172,138,34
219000158,215,206,9
219000161,112,12,100
219000163,1227,549,678
219000166,135,200,-65
219000167,144,169,-25
219000168,256,111,145
219000174,407,179,228
219000175,84,17,67
219000176,111,9,102
219000177,58,1,57
219000178,47,2,45
219000179,15,3,12
219000180,44,60,-16
219000182,139,14,125
219000183,114,30,84
219000184,116,9,107
219000185,0,38,-38
219000186,48,27,21
219000187,32,92,-60
219000189,74,186,-112
219000190,88,193,-105
219000191,813,1416,-603
219000192,174,115,59
219000193,159,135,24
219000195,3,61,-58
219000196,5,100,-95
219000198,18,119,-101
219000199,86,285,-199
219000200,67,195,-128
219000201,82,192,-110
219000203,25,112,-87
219000204,127,251,-124
219000205,42,200,-158
219000207,113,268,-155
219000209,22,54,-32
219000210,35,64,-29
219000213,3,114,-111
219000239,251,197,54
219000240,277,353,-76
219000241,157,137,20
219000242,66,123,-57
219000243,89,213,-124
219000244,20,81,-61
219000245,24,39,-15
219000246,47,11,36
219000247,153,26,127
219000248,498,405,93
219000249,128,83,45
219000250,142,79,63
219000251,497,237,260
219000252,189,208,-19
219000253,421,112,309
219000255,134,133,1
219000256,293,81,212
219000257,89,0,89
219000262,187,118,69
219000263,50,142,-92
219000267,1,74,-73
219000268,1,3,-2
219000269,5,0,5
219000270,14,0,14
219000271,118,1,117
219000278,9,8,1
219000279,23,4,19
219000283,0,11,-11
219000295,19,89,-70
219000296,89,385,-296
219000297,13,134,-121
219000298,6,102,-96
219000299,485,74,411
219000300,37,220,-183
219000301,230,361,-131
219000302,44,214,-170
219000307,39,41,-2
219000308,54,22,32
219000311,228,56,172
219000312,630,136,494
219000313,371,52,319
219000314,76,395,-319
219000315,396,59,337
219000316,575,76,499
219000317,102,19,83
219000320,2,61,-59
219000321,0,14,-14
219000323,5,52,-47
219000325,1,6,-5
219000326,65,69,-4
219000327,80,42,38
219000328,35,90,-55
219000329,327,134,193
219000330,66,36,30
219000331,73,73,0
219000332,136,80,56
219000333,39,4,35
219000335,75,0,75
219000337,16,0,16
219000338,50,3,47
219000344,20,99,-79
219000345,49,72,-23
219000346,27,101,-74
219000348,174,89,85
219000349,52,124,-72
219000350,106,297,-191
219000351,6,11,-5
219000352,435,131,304
219000353,87,70,17
219000354,198,92,106
219000355,115,57,58
219000356,1097,1583,-486
219000363,235,67,168
219000364,83,47,36
219000365,78,13,65
219000366,205,281,-76
219000368,331,577,-246
219000370,1066,544,522
219000371,12,24,-12
219000382,25,32,-7
219000383,556,1136,-580
219000385,451,483,-32
219000386,742,1500,-758
219000387,4,12,-8
219000390,4,1,3
219000391,4,2,2
219000397,61,81,-20
219000398,77,51,26
219000401,14,83,-69
219000402,84,89,-5
219000403,174,336,-162
219000404,23,119,-96
219000407,3,33,-30
219000409,42,48,-6
219000410,113,32,81
219000411,57,17,40
219000446,144,357,-213
219000447,2,27,-25
219000448,9,5,4
219000452,81,79,2
219000453,63,175,-112
219000454,158,274,-116
219000556,218,65,153
219000558,221,149,72
219000590,33,175,-142
219000591,72,80,-8
219000592,146,268,-122
219000595,4,16,-12
219000635,209,48,161
219000636,30,66,-36
219000657,53,31,22
219000658,66,128,-62
219000673,1,45,-44
219000676,74,8,66
219000679,24,5,19
219000684,72,3,69
219000685,1,33,-32
219000686,0,4,-4
219000688,1,62,-61
219000689,36,249,-213
219000690,140,31,109
219000691,45,194,-149
219000692,184,40,144
219000693,1,13,-12
219000694,14,0,14
219000695,31,3,28
219000698,35,0,35
219000699,1,20,-19
219000727,2,81,-79
219000728,79,1,78
219000770,60,2,58
219000771,0,26,-26
219000788,242,194,48
219001150,1,30,-29
219001151,0,4,-4
219001166,23,36,-13
219001167,3,76,-73
219001178,65,3,62
220000001,42,73,-31
220000002,14,89,-75
220000003,364,261,103
220000004,645,455,190
220000005,1545,1959,-414
220000006,166,807,-641
220000007,442,411,31
220000008,268,661,-393
220000009,234,290,-56
220000010,205,83,122
220000011,497,2578,-2081
220000012,179,263,-84
220000014,119,58,61
220000015,53,236,-183
220000017,71,257,-186
220000018,4154,1912,2242
220000019,80,241,-161
220000020,345,246,99
220000021,593,189,404
220000022,731,453,278
220000023,299,176,123
220000024,2230,385,1845
220000025,1555,1216,339
220000026,249,368,-119
220000027,27,116,-89
220000028,55,35,20
220000029,54,104,-50
220000030,96,78,18
220000031,536,314,222
220000064,45,1010,-965
221000046,86,100,-14
221000047,0,3,-3
221000048,0,2,-2
221000049,1,14,-13
221000050,37,1,36
221000055,46,48,-2
221000057,48,12,36
221000068,321,137,184
221000069,409,51,358
221000070,217,33,184
221000071,124,10,114
221000072,248,9,239
221000073,151,59,92
221000074,2,8,-6
221000075,21,22,-1
221000076,11,24,-13
221000077,26,112,-86
221000081,10,6,4
221000082,56,17,39
221000083,23,3,20
221000084,4,6,-2
221000085,24,76,-52
221000086,16,79,-63
221000087,5,162,-157
221000088,10,155,-145
221000089,42,258,-216
221000090,108,572,-464
221000098,117,10,107
221000099,167,4,163
221000100,73,8,65
221000101,169,24,145
221000102,91,12,79
221000109,11,111,-100
221000110,15,83,-68
221000111,21,166,-145
221000112,10,111,-101
221000113,12,130,-118
221000114,9,135,-126
221000120,36,38,-2
221000121,4,30,-26
221000122,46,27,19
221000123,9,9,0
221000124,21,157,-136
221000155,76,10,66
221000156,41,22,19
221000175,1,6,-5
221000176,1,3,-2
221000182,33,9,24
221000241,519,343,176
221000242,188,391,-203
221000243,429,223,206
221000244,289,372,-83
221000245,95,111,-16
221000246,50,149,-99
221000247,98,107,-9
221000248,114,94,20
221000267,60,458,-398
221000325,74,66,8
221000331,5,36,-31
221000338,6,24,-18
221000378,161,23,138
221000381,53,29,24
222000282,14,1,13
222000296,3,11,-8
222000568,350,34,316
222000569,125,74,51
222000570,141,38,103
222000571,266,32,234
222000577,17,123,-106
222000578,35,167,-132
222000579,34,119,-85
222000580,81,614,-533
222000599,1,127,-126
222000600,2,282,-280
222000601,6,736,-730
222000603,26,30,-4
222000604,3,41,-38
222000605,13,22,-9
222000606,2,15,-13
222000607,11,6,5
222000608,30,16,14
222000609,55,181,-126
222000616,304,26,278
222000617,13,32,-19
222000618,18,6,12
222000620,51,14,37
222000621,59,21,38
222000623,453,5,448
222000624,292,4,288
222000625,466,14,452
222000636,78,6,72
222000686,30,9,21
222000687,28,21,7
222001066,375,5,370
222001067,23,2,21
222001068,49,45,4
222001069,39,22,17
222001082,10,34,-24
222001083,46,38,8
222001084,0,14,-14
222001085,0,237,-237
222001111,67,120,-53
222001112,128,30,98
222001313,62,12,50
222001314,16,106,-90
222001464,37,34,3
222001465,12,58,-46
222001484,88,54,34
222001485,24,43,-19
222001494,455,127,328
222001495,145,214,-69
222001496,279,105,174
222001497,89,364,-275
222001502,23,114,-91
222001503,135,51,84
222001504,25,322,-297
222001505,384,20,364
222001506,49,366,-317
222001507,333,32,301
222001510,436,36,400
222001511,90,326,-236
222001514,682,244,438
222001515,291,480,-189
222001518,297,91,206
222001519,60,208,-148
222001527,180,91,89
222001528,60,128,-68
222001529,264,58,206
222001530,50,227,-177
222001533,178,294,-116
222001534,301,79,222
222001535,200,219,-19
222001536,92,189,-97
222001537,469,62,407
222001538,75,525,-450
222001563,646,108,538
222001564,131,424,-293
222001568,343,118,225
222001576,0,4,-4
222001579,3,4,-1
222001583,15,125,-110
222001584,84,7,77
222001596,569,944,-375
222001597,1604,343,1261
222001626,0,115,-115
222001650,122,92,30
222001651,151,135,16
222001914,191,95,96
222001915,115,277,-162
222001968,463,214,249
222001969,441,559,-118
222001970,187,191,-4
222001971,27,22,5
222001972,4,20,-16
225000001,467,167,300
225000002,539,157,382
225000003,519,86,433
225000004,246,192,54
225000005,71,60,11
225000006,1,125,-124
225000007,1177,986,191
225000010,242,9,233
225000011,372,784,-412
225000012,217,443,-226
225000013,105,91,14
225000014,717,123,594
225000015,109,145,-36
225000021,698,130,568
225000027,175,370,-195
225000032,569,118,451
225000042,91,575,-484
225000049,41,58,-17
225000050,75,17,58
225000053,5,274,-269
225000058,524,165,359
225000067,240,137,103
225000068,84,240,-156
225000069,104,364,-260
225000070,94,311,-217
225000071,29,132,-103
225000075,33,527,-494
225000076,53,141,-88
225000078,109,74,35
225000085,48,126,-78
225000086,277,95,182
225000087,131,27,104
225000088,15,167,-152
225000089,214,888,-674
225000090,94,423,-329
225000091,179,130,49
225000092,35,60,-25
225000093,181,223,-42
225000094,6,183,-177
225000095,244,331,-87
225000096,226,438,-212
225000098,628,240,388
225000099,315,147,168
225000100,334,119,215
225000104,108,307,-199
225000110,13,303,-290
225000111,240,842,-602
225000112,282,954,-672
225000113,214,490,-276
225000114,51,251,-200
225000115,1113,596,517
225000116,963,237,726
225000117,791,239,552
225000118,877,195,682
225000119,217,81,136
225000120,679,33,646
225000121,190,20,170
225000123,437,11,426
225000125,376,151,225
225000126,568,143,425
225000127,534,886,-352
225000128,357,574,-217
225000132,341,27,314
225000133,259,25,234
225000134,593,162,431
225000135,51,15,36
225000136,299,16,283
225000137,287,62,225
225000138,391,54,337
225000143,35,177,-142
225000144,5,263,-258
225000145,95,28,67
225000146,43,81,-38
225000147,9,200,-191
225000148,4,198,-194
225000149,51,346,-295
225000151,30,159,-129
225000155,265,318,-53
225000156,166,600,-434
225000157,190,262,-72
225000158,54,253,-199
225000171,6,166,-160
225000180,85,51,34
225000181,1,71,-70
225000182,58,4,54
225000185,7,345,-338
225000187,28,302,-274
225000191,125,3,122
225000194,0,1,-1
225000208,4,30,-26
225000209,67,33,34
225000210,3,232,-229
225000217,0,13,-13
225000218,17,0,17
225000223,0,31,-31
225000224,43,0,43
225000225,0,14,-14
225000226,42,3,39
225000227,15,49,-34
225000228,8,2,6
225000229,0,62,-62
225000230,20,0,20
225000231,0,38,-38
225000232,117,0,117
225000241,66,0,66
225000242,0,30,-30
225000249,7,0,7
225000250,45,668,-623
225000251,304,34,270
225000254,6,18,-12
225000256,9,41,-32
225000257,1,67,-66
226000042,221,371,-150
226000043,30,233,-203
226000044,101,421,-320
226000045,49,297,-248
226000046,328,71,257
226000047,309,88,221
226000048,298,88,210
226000049,208,135,73
226000070,0,26,-26
226000071,0,34,-34
226000072,0,9,-9
226000073,0,7,-7
226000074,0,6,-6
226000084,0,45,-45
226000085,0,4,-4
226000086,4,15,-11
226000087,0,15,-15
226000088,33,63,-30
226000090,258,77,181
226000091,43,41,2
226000092,5,26,-21
226000093,26,1,25
226000094,18,1,17
226000095,13,2,11
226000105,9,0,9
226000106,9,0,9
226000107,5,1,4
226000108,30,2,28
226000109,63,0,63
226000124,113,68,45
226000134,565,404,161
226000135,1294,465,829
226000136,503,315,188
226000137,4,254,-250
226000138,7,150,-143
226000139,0,18,-18
226000156,151,2,149
226000157,180,9,171
226000163,88,134,-46
226000202,13,230,-217
226000231,322,10,312
226000232,42,7,35
227000033,287,51,236
227000036,299,17,282
227000037,231,23,208
227000038,172,32,140
227000084,4,63,-59
227000085,0,38,-38
227000088,43,9,34
227000089,96,3,93
227000090,35,2,33
227000091,16,0,16
227000092,36,2,34
227000093,110,1,109
227000094,11,0,11
227000130,17,61,-44
227000131,17,176,-159
227000132,13,183,-170
227000133,5,137,-132
227000134,9,293,-284
227000152,0,3,-3
227000153,0,51,-51
227000154,0,33,-33
227000155,0,11,-11
227000156,0,6,-6
227000165,2,27,-25
227000196,376,213,163
227000199,317,368,-51
227000230,26,296,-270
227000232,448,35,413
227000242,61,398,-337
227000243,432,65,367
227000245,15,244,-229
227000246,94,337,-243
227000247,357,78,279
227000248,86,22,64
227000249,23,121,-98
227000250,233,119,114
227000251,113,154,-41
227000252,31,209,-178
227000253,80,6,74
227000262,258,53,205
227000266,1072,18,1054
227000267,26,1166,-1140
227000282,7,127,-120
227000284,356,18,338
227000286,2,59,-57
227000291,14,412,-398
227000296,146,161,-15
227000484,192,22,170
227000485,23,695,-672
227000655,187,9,178
227000656,574,39,535
227000657,73,4,69
227000704,169,16,153
229000265,6,4,2
229000266,1,1,0
229000267,5,0,5
229000268,18,1,17
229000269,33,0,33
229000274,1,33,-32
229000275,0,32,-32
229000276,0,17,-17
229000277,0,5,-5
229000278,1,9,-8
229000295,20,16,4
229000296,41,9,32
229000297,13,23,-10
229000298,4,148,-144
229000320,19,6,13
229000321,36,7,29
229000412,12,65,-53
229000414,3,42,-39
229000415,12,2,10
229000416,0,6,-6
229000417,5,36,-31
229000419,108,283,-175
229000440,402,67,335
229000442,26,15,11
229000443,5,5,0
229000444,3,17,-14
229000445,83,3,80
229000446,61,13,48
229000491,2,14,-12
229000492,7,76,-69
229000493,5,52,-47
229000494,40,2,38
229000495,110,3,107
229000496,58,4,54
229000507,1,44,-43
229000508,0,28,-28
229000509,0,58,-58
229000510,1,31,-30
229000511,2,37,-35
229000512,0,29,-29
229000513,0,0,0
229000514,0,2,-2
229000517,4,4,0
229000518,15,10,5
229000519,2,6,-4
229000520,10,37,-27
229000521,46,21,25
229000522,15,4,11
229000523,10,1,9
229000524,1,3,-2
229000527,3,0,3
229000528,0,0,0
229000529,2,0,2
229000530,52,1,51
229000531,27,1,26
229000532,12,0,12
229000533,49,0,49
229000534,62,1,61
229000564,52,0,52
229000565,16,0,16
229000566,0,5,-5
229000567,1,30,-29
229000582,98,0,98
229000583,7,6,1
229000584,1,23,-22
229000585,2,60,-58
229000718,0,1,-1
229000719,0,0,0
229000720,0,4,-4
229000721,0,4,-4
229000722,0,10,-10
229000723,0,9,-9
229000724,0,1,-1
229000725,0,2,-2
229000738,0,0,0
229000739,2,0,2
229000740,3,0,3
229000741,16,0,16
229000742,5,0,5
229000743,14,0,14
229000744,3,0,3
229000745,1,0,1
229000746,18,2,16
229000847,80,1,79
229000848,32,0,32
229000849,143,4,139
229000851,42,0,42
229000854,0,28,-28
229000856,0,57,-57
229000857,0,36,-36
229000858,0,31,-31
229000919,22,93,-71
229000930,3,279,-276
229000937,55,27,28
229000966,52,37,15
229000981,15,39,-24
229000985,17,55,-38
229000986,2,5,-3
229000987,0,3,-3
229000988,3,1,2
229000989,6,7,-1
229000990,0,1,-1
229000991,7,0,7
229000992,12,15,-3
229000993,115,35,80
229000998,13,71,-58
229000999,61,17,44
229001034,2,25,-23
229001035,2,0,2
229001036,8,60,-52
229001037,42,0,42
229001038,0,2,-2
229001039,2,0,2
229001040,0,77,-77
229001041,46,0,46
229001042,7,11,-4
229001047,10,48,-38
229001050,36,15,21
229001168,0,18,-18
229001200,41,1,40
229001338,11,27,-16
229001394,156,3,153
229001422,107,27,80
229001423,56,162,-106
229001431,101,55,46
229001432,51,63,-12
229001444,212,37,175
229001445,94,133,-39
229001479,13,3,10
229001503,189,103,86
229001504,121,114,7
229001505,134,39,95
229001506,66,102,-36
229001509,35,1,34
229001510,3,37,-34
229001545,86,0,86
229001546,11,96,-85
229001553,84,16,68
229001554,43,78,-35
229001630,68,13,55
229001631,29,24,5
229001635,0,10,-10
229001636,3,2,1
229001658,0,142,-142
229001659,58,2,56
229001660,16,1,15
229001661,4,18,-14
229001662,16,0,16
229001663,0,4,-4
229002584,201,207,-6
229002831,165,139,26
229002841,10,12,-2
229002842,30,34,-4
229002843,63,16,47
229002844,29,37,-8
229002845,7,68,-61
229002846,28,17,11
229002847,1,5,-4
229002848,13,12,1
229002849,2,55,-53
229002850,7,1,6
229002851,33,103,-70
229002852,202,11,191
229002853,137,16,121
229002854,42,51,-9
229002855,6,23,-17
229002856,25,15,10
229002857,11,61,-50
229002858,5,5,0
229002859,25,38,-13
229002860,163,11,152
229002861,63,35,28
229002862,83,31,52
229002863,12,15,-3
229002864,19,19,0
229002865,12,16,-4
229002866,26,17,9
229002867,2,26,-24
229002868,11,25,-14
229002869,16,152,-136
229002870,49,21,28
235000066,474,76,398
235000067,138,145,-7
235000072,36,83,-47
235000073,79,333,-254
235000074,38,73,-35
235000080,19,82,-63
235000081,111,138,-27
235000082,119,41,78
235000083,159,97,62
235000084,29,70,-41
235000085,115,70,45
235000089,29,30,-1
235000092,21,165,-144
235000093,19,19,0
235000097,3,6,-3
235000098,83,8,75
235000099,23,24,-1
235000116,66,39,27
235000117,686,24,662
235000133,4,364,-360
235000134,13,159,-146
235000206,11,3,8
235000207,4,1,3
235000208,4,2,2
235000209,21,1,20
235000210,10,0,10
235000212,1,18,-17
235000213,8,9,-1
235000220,1,8,-7
235000221,57,13,44
235000238,11,91,-80
235000239,1,16,-15
235000242,312,559,-247
235000245,607,157,450
235000246,3,67,-64
235000284,43,84,-41
235000295,157,11,146
235000305,227,14,213
235000306,189,5,184
235000307,17,0,17
235000308,26,1,25
235000309,43,0,43
235000310,25,0,25
235000311,94,21,73
235000322,0,27,-27
235000323,0,32,-32
235000324,0,30,-30
235000325,0,10,-10
235000326,3,157,-154
235000351,5,46,-41
235000352,23,29,-6
235000353,1,21,-20
235000354,8,29,-21
235000355,7,37,-30
235000356,180,4,176
235000357,34,12,22
235000358,151,10,141
235000359,10,1,9
235000360,49,11,38
235000361,45,18,27
235000381,101,159,-58
235000382,151,53,98
235000390,20,6,14
235000391,121,32,89
235000392,159,280,-121
235000393,101,141,-40
235000395,114,56,58
235000396,424,96,328
235000400,82,30,52
235000401,29,169,-140
235000405,79,303,-224
235000406,26,280,-254
235000407,159,105,54
235000409,170,139,31
235000410,47,215,-168
235000411,3,78,-75
235000485,1,6,-5
235000486,11,1,10
235000549,133,98,35
235000550,107,162,-55
235000599,121,40,81
235000600,7,19,-12
235000601,45,39,6
235000602,90,42,48
235000614,0,15,-15
235000648,0,26,-26
235000649,31,19,12
235000685,0,9,-9
235000815,9,25,-16
235000834,0,9,-9
235000855,86,58,28
235000862,29,109,-80
235000891,0,7,-7
235000892,22,5,17
235000901,124,79,45
235000907,0,25,-25
235001010,82,69,13
235001029,622,381,241
235001030,354,326,28
235001078,85,100,-15
235001079,73,92,-19
235001147,2,35,-33
235001166,18,68,-50
235001167,48,21,27
235001169,47,238,-191
235001188,0,5,-5
235001189,3,4,-1
235001197,4,6,-2
235001200,51,57,-6
235001207,130,36,94
235001210,17,81,-64
235001215,51,106,-55
235001239,3,44,-41
235001244,0,14,-14
235016267,0,68,-68
277101746,0,0,0
277102712,0,0,0
277103813,0,0,0
277103814,0,0,0
277103898,0,0,0
277104249,0,1,-1
277104250,0,1,-1
277104251,0,0,0
277104252,0,0,0
990011530,1,156,-155
990014944,5,459,-454
990015176,11,12,-1
990015618,1,112,-111
990016032,0,259,-259
990032570,0,274,-274
990070001,72,10,62
990070103,0,6,-6
990070601,0,40,-40
990070751,861,4,857
990070766,2,456,-454
990071180,467,203,264
990071343,18,1,17
990071387,0,23,-23
990071823,590,12,578
990072600,2,845,-843
990072964,1,285,-284
990073285,0,3,-3
990074393,2,611,-609
990074870,1449,33,1416
990075106,1613,16,1597
990075746,562,9,553
990076437,1157,4,1153
990076458,2,569,-567
997000007,585,11,574
997000041,2,235,-233
997000058,58,0,58
997000062,40,1,39
997000069,0,9,-9
997000070,0,31,-31
997000100,35,1,34
997000141,6,2046,-2040
997000198,3,1006,-1003
998000475,0,63,-63
998000736,0,129,-129
998000965,0,18,-18
998001031,0,74,-74
998001700,0,4,-4
998001899,0,1,-1
998001900,5,1,4
998003073,1136,37,1099
998101900,0,0,0
998102850,8,281,-273
998501927,1316,722,594
998501929,95,10,85
998501930,53,0,53
998501931,116,4,112
998501932,6,0,6
998501933,69,2,67
998501937,32,1,31
998501944,1,1,0
998501950,0,0,0
998501970,71,6,65
998501971,0,95,-95
998501973,0,43,-43
998501974,0,193,-193
998501975,106,0,106
998501976,64,3,61
998501977,0,14,-14
998501978,16,0,16
998501979,0,15,-15
998501980,86,0,86
998501981,43,0,43
998501982,0,105,-105
998502006,0,0,0
998502024,1,8,-7
998502032,0,2,-2
998502062,40,16,24
998502063,0,0,0
998502173,29,0,29
998502269,1,2,-1
998601159,1,149,-148
998601292,0,17,-17
999033574,1,227,-226
999800001,72,2,70
999800002,0,6,-6
999800003,2,0,2
999800004,0,1,-1
999800005,0,4,-4
