ID,insum,outsum,diff
100000001,794,1236,-442
100000002,3714,3605,109
100000003,7502,6450,1052
100000004,1658,1564,94
100000005,3144,6443,-3299
100000006,704,257,447
100000007,2258,922,1336
100000008,266,663,-397
100000009,551,430,121
100000010,297,111,186
100000011,1692,208,1484
100000012,136,1529,-1393
100000013,45,484,-439
100000014,400,479,-79
100000015,2671,3387,-716
100000016,1181,1928,-747
100000017,604,1290,-686
100000018,1662,1027,635
100000019,5556,2828,2728
100000020,3015,9380,-6365
100000021,6971,3226,3745
100000022,2037,3830,-1793
100000023,6129,2390,3739
100000025,1139,1669,-530
100000028,1737,1670,67
100000029,291,601,-310
100000030,170,66,104
100000031,4552,7697,-3145
100000032,3100,5307,-2207
100000033,1196,3829,-2633
100000034,305,732,-427
100000035,1968,2573,-605
100000036,2281,2046,235
100000037,864,566,298
100000038,2639,1297,1342
100000039,853,649,204
100000040,295,223,72
100000041,1773,700,1073
100000042,1369,583,786
100000043,1186,630,556
100000044,399,1026,-627
100000045,622,1309,-687
100000046,773,965,-192
100000047,410,580,-170
100000048,859,697,162
100000049,1789,1735,54
100000051,684,979,-295
100000053,362,16,346
100000054,682,61,621
100000055,1528,319,1209
100000056,718,596,122
100000057,2360,802,1558
100000058,1235,1122,113
100000059,35,181,-146
100000060,551,399,152
100000061,2895,648,2247
100000062,2749,673,2076
100000063,1009,313,696
100000064,1532,436,1096
100000065,473,956,-483
100000066,189,667,-478
100000067,645,779,-134
100000068,612,1564,-952
100000069,371,1363,-992
100000072,281,947,-666
100000073,1490,1120,370
100000075,956,384,572
100000076,2923,3995,-1072
100000077,262,269,-7
100000078,62,61,1
100000079,63,98,-35
100000080,33,67,-34
100000081,233,243,-10
100000102,3258,3113,145
100000103,3115,2870,245
100000104,5063,3993,1070
100000105,2732,2380,352
100000106,3024,3094,-70
100000107,704,1543,-839
100000108,834,1600,-766
100000109,2316,1672,644
100000116,1526,1348,178
100000117,116,143,-27
100000118,1548,2085,-537
100000119,739,1079,-340
100000121,564,570,-6
100000122,994,1837,-843
100000123,3456,5329,-1873
100000124,4538,7777,-3239
100000125,4460,2294,2166
100000126,898,746,152
100000127,1855,577,1278
100000128,1498,3656,-2158
100000129,630,675,-45
100000130,585,628,-43
100000131,2758,3578,-820
100000132,1751,4189,-2438
100000133,5062,2522,2540
100000135,807,1550,-743
100000139,530,473,57
100000140,500,497,3
100000142,634,643,-9
100000143,2307,663,1644
100000144,4192,983,3209
100000147,1582,4054,-2472
100000150,40,489,-449
100000151,1542,1564,-22
100000153,360,559,-199
100000154,69,390,-321
100000155,36,74,-38
100000156,534,557,-23
100000157,216,215,1
100000158,342,155,187
100000159,267,920,-653
100000165,1843,1123,720
100000169,230,858,-628
100000174,598,738,-140
100000179,128,802,-674
100000180,4331,5806,-1475
100000181,1021,496,525
100000188,109,288,-179
100000189,1520,535,985
100000190,953,1362,-409
100000191,910,750,160
100000192,93,135,-42
100000193,423,240,183
100000330,1361,1059,302
100000355,265,1196,-931
100000362,4554,3010,1544
100000363,5517,5994,-477
100000364,265,440,-175
100000365,7101,9194,-2093
100000366,6445,3592,2853
100000367,6772,9022,-2250
100000368,2414,1639,775
100000369,1629,3203,-1574
100000370,340,1190,-850
100000376,90,238,-148
100000379,2462,2417,45
100000380,4435,5957,-1522
100000384,6197,6998,-801
100000385,4259,5554,-1295
100000386,7759,6440,1319
100000387,5755,8122,-2367
100000388,7167,8029,-862
100000389,8951,9248,-297
100000390,9607,7938,1669
100000391,7420,11528,-4108
100000392,3679,5059,-1380
100000393,3504,6904,-3400
100000394,8362,11024,-2662
100000395,6820,5525,1295
100000396,8249,4820,3429
100000397,6577,8817,-2240
100000398,11883,9185,2698
100900002,6,24,-18
100900003,394,247,147
100900004,46,1452,-1406
100900005,181,20,161
100900006,32,102,-70
100900007,552,26,526
100900008,4,499,-495
100900009,136,169,-33
100900010,92,97,-5
100900011,156,184,-28
100900012,1,190,-189
100900013,1481,12,1469
100900014,3,14,-11
100900015,118,67,51
100900016,1,36,-35
100900017,1214,89,1125
100900018,0,15,-15
100900019,39,228,-189
100900020,339,13,326
100900021,563,4,559
100900022,29,43,-14
100900023,0,43,-43
100900024,835,12,823
100900025,33,12,21
100900026,176,113,63
100900027,728,3464,-2736
100900028,116,299,-183
100900029,61,5,56
100900030,6,109,-103
100900031,716,63,653
100900032,284,0,284
100900033,290,343,-53
100900034,713,2,711
100900035,559,2,557
100900036,28,3,25
100900037,120,170,-50
100900038,93,50,43
100900039,321,562,-241
100900040,519,551,-32
100900041,1024,541,483
100900042,1369,1852,-483
100900043,2,15,-13
100900044,1844,787,1057
100900045,31,25,6
100900046,1840,27,1813
100900047,900,264,636
100900048,210,75,135
100900049,117,186,-69
100900050,2,14,-12
100900051,93,235,-142
100900052,540,89,451
100900053,572,18,554
100900054,10,54,-44
100900055,468,994,-526
100900056,146,438,-292
100900057,1976,1150,826
100900058,430,82,348
100900059,158,17,141
100900060,250,7,243
100900061,351,215,136
100900062,10,49,-39
100900063,317,867,-550
100900064,974,24,950
100900065,146,151,-5
100900066,276,199,77
100900067,20,13,7
100900068,188,108,80
100900069,454,18,436
100900070,512,8,504
100900071,759,215,544
100900072,8,33,-25
100900073,161,292,-131
100900074,8,12,-4
100900075,1988,408,1580
100900076,36,38,-2
100900077,55,83,-28
100900078,169,490,-321
100900079,3,20,-17
100900080,65,196,-131
100900081,45,155,-110
100900082,189,413,-224
100900083,14,17,-3
100900085,15,492,-477
100900086,226,889,-663
100900088,168,471,-303
100900089,6,10,-4
100900090,194,787,-593
100900091,6,24,-18
100900092,310,219,91
100900093,311,475,-164
100900094,172,385,-213
100900095,8,38,-30
100900096,96,165,-69
100900097,4,2,2
100900098,27,21,6
100900099,38,530,-492
100900100,38,843,-805
100900101,315,65,250
100900102,82,215,-133
100900103,8,20,-12
100900104,14,182,-168
100900105,74,869,-795
100900106,40,8,32
100900107,2327,990,1337
100900108,8,76,-68
100900109,26,38,-12
100900110,4,48,-44
100900111,47,188,-141
100900112,5,14,-9
100900113,32,35,-3
100900114,17,19,-2
100900115,8,45,-37
100900116,1148,921,227
100900117,432,1257,-825
100900118,19,30,-11
100900119,30,21,9
100900120,17,9,8
100900121,584,754,-170
100900122,223,171,52
100900123,196,200,-4
100900124,18,8,10
100900125,22,69,-47
100900126,262,177,85
100900127,13,21,-8
100900128,133,253,-120
100900129,1,269,-268
100900131,208,370,-162
100900133,64,45,19
100900134,1,14,-13
100900135,4,330,-326
100900137,371,224,147
100900138,604,555,49
100900139,12,6,6
100900140,8,415,-407
100900141,13,785,-772
100900142,0,16,-16
100900143,935,636,299
100900144,30,5,25
100900145,196,229,-33
100900146,18,96,-78
100900147,48,926,-878
100900148,26,477,-451
100900149,52,491,-439
100900150,4,46,-42
100900151,154,536,-382
100900152,493,5,488
100900153,22,305,-283
100900154,18,99,-81
100900155,15,17,-2
100900156,77,7,70
100900157,29,255,-226
100900159,4,23,-19
100900160,64,8,56
100900161,53,23,30
100900162,51,571,-520
100900163,188,181,7
100900164,74,58,16
100900165,18,29,-11
100900166,59,6,53
100900167,34,107,-73
100900168,95,201,-106
100900169,128,1058,-930
100900170,33,9,24
100900171,21,544,-523
100900172,1,66,-65
100900173,16,385,-369
100900174,460,73,387
100900176,2095,227,1868
100900177,624,403,221
100900178,343,135,208
100900179,355,479,-124
100900180,15,1,14
100900181,154,152,2
100900182,145,40,105
100900184,21,219,-198
100900186,670,520,150
100900187,19,56,-37
100900188,37,6,31
100900189,2262,332,1930
100900191,1166,1273,-107
100900192,259,462,-203
100900195,118,208,-90
100900197,37,46,-9
100900198,55,216,-161
100900199,10,18,-8
100900200,791,436,355
100900201,117,800,-683
100900202,126,2,124
100900203,1,317,-316
100900204,744,2028,-1284
100900205,204,646,-442
100900206,225,118,107
100900207,360,205,155
100900210,160,549,-389
100900211,826,222,604
100900213,270,91,179
100900214,533,169,364
100900215,32,64,-32
100900217,167,144,23
101000001,4631,2980,1651
101000002,7328,10278,-2950
101000003,527,1933,-1406
101000004,8749,7295,1454
101000005,4797,5914,-1117
101000006,7466,7986,-520
101000007,4263,6088,-1825
101000008,2920,2966,-46
101000009,2210,1115,1095
101000010,1022,1035,-13
101000011,1778,724,1054
101000012,1271,919,352
101000013,859,1534,-675
101000014,540,663,-123
101000015,1638,1338,300
101000016,454,700,-246
101000017,735,625,110
101000018,2754,3394,-640
101000020,2529,1464,1065
101000021,1007,564,443
101000022,262,124,138
101000023,1489,847,642
101000025,342,563,-221
101000026,348,31,317
101000027,2376,3645,-1269
101000028,1205,314,891
101000029,428,2918,-2490
101000030,2473,204,2269
101000031,1447,1743,-296
101000032,9838,6436,3402
101000033,2909,5620,-2711
101000034,2352,2244,108
101000035,1111,780,331
101000036,1765,1345,420
101000037,2722,2325,397
101000039,2632,3643,-1011
101000040,3526,4828,-1302
101000041,10670,10606,64
101000042,741,1737,-996
101000043,8356,11500,-3144
101000045,2266,1200,1066
101000046,4795,2844,1951
101000047,3230,6495,-3265
101000048,1155,851,304
101000049,997,3419,-2422
101000050,3170,3843,-673
101000051,2224,4365,-2141
101000052,2084,1822,262
101000053,1681,2326,-645
101000054,2906,1667,1239
101000055,1814,1808,6
101000056,38,138,-100
101000057,2335,1702,633
101000058,1449,1802,-353
101000059,2515,2873,-358
101000060,2006,828,1178
101000061,944,1842,-898
101000062,762,896,-134
101000063,605,1290,-685
101000064,1177,1295,-118
101000065,490,619,-129
101000066,1239,1130,109
101000067,1349,1359,-10
101000068,370,615,-245
101000069,319,144,175
101000070,1223,1492,-269
101000071,2276,1267,1009
101000072,1119,4345,-3226
101000073,1093,1557,-464
101000074,7358,5637,1721
101000075,5494,7641,-2147
101000077,2124,1680,444
101000078,1322,2226,-904
101000079,963,556,407
101000080,705,840,-135
101000081,2211,1934,277
101000082,3466,3156,310
101000083,3258,2364,894
101000084,1516,922,594
101000085,1888,1376,512
101000086,1275,1326,-51
101000087,966,1126,-160
101000088,1839,1421,418
101000089,1529,1765,-236
101000090,2223,1344,879
101000091,650,866,-216
101000092,1423,1041,382
101000093,1707,855,852
101000094,1325,1132,193
101000095,643,657,-14
101000096,449,550,-101
101000097,601,605,-4
101000098,562,642,-80
101000099,1574,1660,-86
101000100,1382,1338,44
101000101,416,571,-155
101000102,1000,779,221
101000103,917,736,181
101000104,424,824,-400
101000105,503,633,-130
101000106,1204,1345,-141
101000107,370,466,-96
101000108,778,251,527
101000109,527,107,420
101000110,45,415,-370
101000111,194,428,-234
101000113,364,967,-603
101000114,10906,10985,-79
101000115,663,300,363
101000116,318,209,109
101000117,2295,459,1836
101000119,97,98,-1
101000120,193,89,104
101000121,88,67,21
101000122,171,135,36
101000123,94,176,-82
101000124,768,330,438
101000125,229,490,-261
101000128,609,741,-132
101000130,289,453,-164
101000131,1105,548,557
101000132,963,1098,-135
101000135,58,66,-8
101000136,508,278,230
101000137,40,461,-421
101000141,1347,4077,-2730
101000147,1105,471,634
101000148,1109,49,1060
101000149,484,558,-74
101000150,114,641,-527
101000151,368,37,331
101000152,419,400,19
101000153,477,257,220
101000154,312,956,-644
101000155,418,180,238
101000156,29,421,-392
101000157,83,86,-3
101000160,100,93,7
101000163,285,377,-92
101000164,398,313,85
101000165,420,448,-28
101000166,351,452,-101
101000168,1034,423,611
101000252,2417,1024,1393
101000254,487,204,283
101000258,48,13,35
101000261,174,58,116
101000262,1412,3761,-2349
101000263,721,2045,-1324
101000265,117,1251,-1134
101000266,533,620,-87
101000269,46,20,26
101000290,1434,3362,-1928
101000293,54,106,-52
101000294,1066,580,486
101000295,208,513,-305
101000301,893,823,70
101000304,2283,4304,-2021
101000305,3413,1682,1731
101900001,53,108,-55
101900002,0,20,-20
101900003,55,113,-58
101900004,6,79,-73
101900005,2903,2951,-48
101900006,1350,87,1263
101900007,993,320,673
101900008,95,442,-347
101900009,95,517,-422
101900010,860,839,21
101900011,298,1299,-1001
101900012,420,243,177
101900013,896,200,696
101900017,15,165,-150
101900018,1316,363,953
101900019,235,138,97
101900020,94,60,34
101900021,1,65,-64
101900022,241,1084,-843
101900023,203,197,6
101900026,82,46,36
101900027,48,126,-78
102000001,3374,5764,-2390
102000002,3134,1568,1566
102000003,3600,8840,-5240
102000004,6943,3457,3486
102000005,1667,2916,-1249
102000006,1218,2192,-974
102000007,2360,6269,-3909
102000008,5132,1794,3338
102000009,8517,9822,-1305
102000010,5911,3856,2055
102000011,4349,3843,506
102000012,3662,3485,177
102000018,3029,3147,-118
102000019,2591,1975,616
102000026,310,669,-359
102000029,260,251,9
102000030,174,502,-328
102000031,97,216,-119
102000032,609,444,165
102000033,288,440,-152
102000034,773,588,185
102000035,2193,841,1352
102000036,13,310,-297
102000037,210,74,136
102000038,248,358,-110
102000039,218,99,119
102000040,442,343,99
102000041,250,469,-219
102000042,296,376,-80
102000043,314,272,42
102000044,342,517,-175
102000045,933,936,-3
102000046,1359,691,668
102000047,1078,1141,-63
102000048,696,882,-186
102000049,1233,992,241
102000050,1346,1367,-21
102000051,570,693,-123
102000052,1427,896,531
102000053,1028,994,34
102000054,757,1401,-644
102000055,1747,618,1129
102000056,1215,1189,26
102000057,1847,714,1133
102000058,1492,1521,-29
102000059,1860,1853,7
102000060,1634,1328,306
102000061,2078,2138,-60
102000062,2111,1379,732
102000063,1401,1767,-366
102000064,867,1010,-143
102000065,86,246,-160
102000066,969,1047,-78
102000067,2671,3611,-940
102000068,10671,3301,7370
102000069,124,2562,-2438
102000070,1513,103,1410
102000071,7299,10007,-2708
102000072,3562,4567,-1005
102000073,2108,1723,385
102000074,981,1642,-661
102000075,210,496,-286
102000076,261,531,-270
102000077,940,680,260
102000078,1129,734,395
102000079,248,297,-49
102000080,310,263,47
102000081,447,900,-453
102000082,783,479,304
102000083,636,282,354
102000084,430,297,133
102000085,3402,1018,2384
102000086,1581,1646,-65
102000087,1221,1980,-759
102000088,489,409,80
102000089,1896,521,1375
102000090,774,1412,-638
102000091,1849,903,946
102000092,536,927,-391
102000093,683,1104,-421
102000094,1093,708,385
102000095,1218,1727,-509
102000096,872,910,-38
102000097,873,1012,-139
102000098,671,933,-262
102000099,1112,1122,-10
102000100,698,1346,-648
102000101,1006,904,102
102000102,363,1525,-1162
102000103,1583,435,1148
102000104,692,363,329
102000105,369,533,-164
102000106,969,601,368
102000107,1671,496,1175
102000108,716,216,500
102000109,632,544,88
102000110,1277,1062,215
102000111,18,327,-309
102000112,133,138,-5
102000113,35,22,13
102000114,791,411,380
102000115,330,347,-17
102000116,416,493,-77
102000117,171,516,-345
102000118,1242,1768,-526
102000119,1324,870,454
102000120,277,564,-287
102000121,1266,652,614
102000122,963,1146,-183
102000123,1512,1521,-9
102000124,1669,1445,224
102000125,1093,1164,-71
102000126,1029,921,108
102000127,1387,813,574
102000128,868,1112,-244
102000129,1645,893,752
102000130,887,1020,-133
102000131,2914,1140,1774
102000132,1280,1575,-295
102000133,2410,1580,830
102000134,958,966,-8
102000135,1200,1087,113
102000136,1699,616,1083
102000137,1090,1711,-621
102000138,489,683,-194
102000139,266,1345,-1079
102000140,489,1313,-824
102000141,732,2310,-1578
102000142,424,469,-45
102000143,200,340,-140
102000144,382,447,-65
102000145,619,475,144
102000146,568,479,89
102000147,769,519,250
102000148,210,511,-301
102000149,185,398,-213
102000150,557,136,421
102000151,115,257,-142
102000152,239,176,63
102000153,1173,591,582
102000154,269,564,-295
102000155,100,333,-233
102000156,341,175,166
102000157,115,424,-309
102000158,620,637,-17
102000159,939,555,384
102000161,3854,2401,1453
102000162,252,197,55
102000163,173,666,-493
102000164,1204,1190,14
102000165,455,207,248
102000166,96,237,-141
102000167,304,251,53
102000168,472,192,280
102000169,179,552,-373
102000170,664,440,224
102000171,435,715,-280
102000172,466,860,-394
102000173,573,472,101
102000174,133,119,14
102000175,126,118,8
102000176,84,34,50
102000178,286,544,-258
102000179,387,310,77
102000180,852,519,333
102000181,875,500,375
102000182,734,552,182
102000183,2033,1628,405
102000184,2046,708,1338
102000185,2944,1150,1794
102000186,1576,1332,244
102000187,1155,1373,-218
102000188,1377,1679,-302
102000189,2143,846,1297
102000190,736,2836,-2100
102000191,1579,564,1015
102000192,1418,1628,-210
102000193,62,137,-75
102000194,67,137,-70
102000195,534,573,-39
102000196,220,320,-100
102000197,751,359,392
102000198,246,663,-417
102000199,1184,311,873
102000200,349,965,-616
102000201,1239,419,820
102000202,0,130,-130
102000203,459,216,243
102000204,660,617,43
102000205,1251,437,814
102000206,743,528,215
102000207,757,515,242
102000208,454,430,24
102000209,73,60,13
102000210,458,350,108
102000211,613,247,366
102000212,433,22,411
102000213,4,244,-240
102000214,335,4,331
102000215,13,361,-348
102000216,83,90,-7
102000217,18,132,-114
102000218,310,234,76
102000219,394,253,141
102000225,563,871,-308
102000226,5617,2744,2873
102000227,168,4,164
102000228,0,101,-101
102000229,65,82,-17
102000230,319,439,-120
102000231,433,406,27
102000232,37,208,-171
102000233,494,805,-311
102000234,162,1188,-1026
102000236,438,111,327
102000237,464,158,306
102000238,207,323,-116
102000240,529,713,-184
102000241,540,186,354
102000243,40,89,-49
102000245,30,224,-194
102000246,22,66,-44
102000247,1065,1322,-257
102000248,785,1614,-829
102000249,158,132,26
102000250,125,342,-217
102000254,143,263,-120
102000266,62,675,-613
102000271,34,0,34
102000286,544,395,149
102000297,2402,995,1407
102000299,0,0,0
102000301,0,1,-1
102000303,0,0,0
102000305,0,0,0
102000307,0,8,-8
102000308,1,3,-2
102900001,1519,916,603
102900002,528,63,465
102900003,90,245,-155
102900005,494,303,191
102900006,614,181,433
102900007,561,24,537
102900008,290,79,211
102900009,487,445,42
102900010,459,956,-497
102900011,1755,373,1382
102900012,459,94,365
102900013,54,65,-11
102900015,773,664,109
102900016,121,120,1
102900017,289,503,-214
102900018,38,106,-68
102900019,475,585,-110
102900020,194,58,136
102900021,32,68,-36
102900022,488,237,251
102900023,34,48,-14
102900024,44,71,-27
102900025,238,134,104
102900026,505,2304,-1799
102900027,124,77,47
102900028,251,881,-630
102900029,234,268,-34
102900030,505,328,177
102900031,213,150,63
102900032,130,140,-10
102900033,169,170,-1
102900034,720,84,636
102900035,147,320,-173
102900036,360,416,-56
102900037,325,423,-98
102900038,450,399,51
102900039,26,642,-616
102900040,216,348,-132
102900041,117,203,-86
102900042,277,308,-31
102900043,243,236,7
102900044,726,1896,-1170
102900045,210,556,-346
102900046,245,232,13
102900047,140,566,-426
102900048,742,484,258
102900049,170,354,-184
102900050,305,366,-61
102900051,231,224,7
102900052,96,125,-29
102900053,410,645,-235
102900054,714,1586,-872
102900055,178,329,-151
102900056,112,391,-279
102900057,4,78,-74
102900058,409,88,321
102900059,35,68,-33
102900060,144,450,-306
102900061,185,379,-194
102900062,346,751,-405
102900063,1377,390,987
102900064,204,472,-268
102900065,1385,564,821
102900066,446,33,413
102900068,153,81,72
102900070,377,935,-558
102900072,19,55,-36
102900073,133,20,113
102900075,28,84,-56
102900076,159,162,-3
102900077,64,42,22
102900078,42,95,-53
102900079,288,10,278
102900080,422,47,375
102900081,141,287,-146
102900082,13,243,-230
102900083,207,23,184
102900084,11,41,-30
102900085,404,128,276
102900086,23,87,-64
102900087,229,158,71
102900088,45,34,11
102900089,280,132,148
102900090,3,334,-331
102900091,217,3,214
102900092,441,703,-262
102900093,388,346,42
102900094,5,197,-192
102900095,160,1,159
102900096,74,22,52
102900097,61,160,-99
103000001,2552,2459,93
103000002,2368,2696,-328
103000003,3810,3004,806
103000004,1001,764,237
103000005,2047,3132,-1085
103000006,1011,1445,-434
103000007,599,750,-151
103000008,1235,759,476
103000009,1575,1312,263
103000010,196,92,104
103000011,1714,1426,288
103000012,1794,1643,151
103000013,3972,2292,1680
103000014,1808,3049,-1241
103000015,1732,704,1028
103000016,552,1638,-1086
103000017,236,421,-185
103000018,945,361,584
103000019,428,334,94
103000020,2137,1434,703
103000021,1954,1980,-26
103000022,772,953,-181
103000023,755,1950,-1195
103000024,81,156,-75
103000025,121,777,-656
103000026,908,144,764
103000027,341,788,-447
103000028,500,480,20
103000029,230,389,-159
103000030,1774,1430,344
103000031,1625,2592,-967
103000032,2652,1787,865
103000033,3534,3268,266
103000034,1547,1218,329
103000035,581,1558,-977
103000036,413,578,-165
103000037,645,751,-106
103000038,634,1215,-581
103000039,597,312,285
103000040,523,831,-308
103000041,1833,2000,-167
103000042,1446,485,961
103000043,701,774,-73
103000044,471,179,292
103000046,508,496,12
103000047,707,676,31
103000048,262,191,71
103000049,93,182,-89
103000050,867,466,401
103000051,641,541,100
103000052,744,349,395
103000053,208,567,-359
103000054,2860,1304,1556
103000055,2075,1957,118
103000056,1016,1464,-448
103000057,871,290,581
103000058,842,833,9
103000059,587,760,-173
103000060,1010,524,486
103000061,479,1006,-527
103000062,1293,526,767
103000063,987,985,2
103000064,177,159,18
103000065,7,377,-370
103000066,262,12,250
103000069,538,383,155
103000070,1111,737,374
103000071,1616,560,1056
103000072,175,607,-432
103000073,752,113,639
103000074,849,94,755
103000075,125,645,-520
103000076,397,550,-153
103000077,60,474,-414
103000078,1194,942,252
103000079,735,941,-206
103000080,1277,527,750
103000081,555,1598,-1043
103000082,649,245,404
103000083,168,294,-126
103000084,145,10,135
103000085,5,187,-182
103000086,628,464,164
103000087,178,703,-525
103000088,339,237,102
103000089,296,582,-286
103000090,2522,834,1688
103000091,652,455,197
103000092,327,271,56
103000093,263,386,-123
103000094,240,92,148
103000095,70,275,-205
103000096,671,79,592
103000097,74,643,-569
103000098,824,153,671
103000099,338,706,-368
103000100,160,655,-495
103000101,1141,113,1028
103000102,142,488,-346
103000103,770,169,601
103000104,98,128,-30
103000105,198,71,127
103000106,4,135,-131
103000107,238,49,189
103000108,887,632,255
103000109,481,411,70
103000110,626,663,-37
103000111,457,510,-53
103000112,513,207,306
103000113,545,634,-89
103000114,1401,484,917
103000115,685,503,182
103000116,746,410,336
103000117,476,447,29
103000118,676,587,89
103000119,1135,518,617
103000120,116,131,-15
103000121,314,960,-646
103000122,585,1029,-444
103000125,49,249,-200
103000126,899,6,893
103000127,4,204,-200
103000128,250,3,247
103000129,7,161,-154
103000130,96,52,44
103000131,284,156,128
103000132,109,277,-168
103000133,22,207,-185
103000134,477,976,-499
103000135,625,347,278
103000136,699,437,262
103000137,521,727,-206
103000138,866,820,46
103000139,10,79,-69
103000140,147,33,114
103000141,113,145,-32
103000142,132,101,31
103000143,63,174,-111
103000144,211,72,139
103000145,35,437,-402
103000150,145,51,94
103000152,165,246,-81
103000153,254,164,90
103000156,17,348,-331
103000157,579,3,576
103000159,185,68,117
103000162,108,71,37
103000163,36,103,-67
103000164,59,13,46
103000165,101,264,-163
103000166,293,344,-51
103000167,277,115,162
103000168,143,195,-52
103000169,291,584,-293
103000170,1072,472,600
103000171,41,121,-80
103000172,661,237,424
103000173,869,425,444
103000174,234,338,-104
103000175,427,240,187
103000176,918,663,255
103000177,518,393,125
103000178,235,316,-81
103000179,255,43,212
103000183,170,19,151
103000185,135,42,93
103000186,173,153,20
103000187,758,297,461
103000188,20,118,-98
103000189,743,731,12
103000191,705,650,55
103000292,1345,2324,-979
103000293,1302,2834,-1532
103000295,90,137,-47
103000296,564,2,562
103000297,126,243,-117
103000504,150,41,109
103000505,9,49,-40
103000506,1,201,-200
103000507,274,4,270
103000508,66,159,-93
103000509,265,578,-313
103900001,18,191,-173
103900002,1178,165,1013
103900003,1393,182,1211
103900004,172,5,167
103900005,7,206,-199
103900006,3,0,3
103900007,55,16,39
103900008,13,2,11
103900009,357,497,-140
103900010,191,374,-183
103900011,407,169,238
103900012,41,31,10
103900013,85,57,28
103900014,64,7,57
103900015,99,10,89
103900016,224,205,19
103900017,35,57,-22
103900018,750,248,502
103900019,103,431,-328
103900020,263,556,-293
103900021,474,64,410
103900022,1318,699,619
103900023,165,2,163
103900024,173,488,-315
103900025,14,75,-61
103900026,131,0,131
103900027,818,225,593
103900028,33,296,-263
103900029,1163,154,1009
103900030,281,123,158
103900031,60,4,56
103900032,131,69,62
103900033,111,17,94
103900034,41,142,-101
103900035,89,73,16
103900036,51,40,11
103900037,80,95,-15
103900038,149,223,-74
103900039,121,263,-142
103900040,3,158,-155
103900041,90,94,-4
103900042,116,258,-142
103900043,253,74,179
103900044,85,305,-220
103900045,333,191,142
103900047,102,28,74
103900048,68,39,29
103900049,245,1281,-1036
103900050,10,168,-158
103900051,1,37,-36
103900052,262,361,-99
103900053,284,481,-197
103900054,152,358,-206
103900055,392,251,141
103900056,84,58,26
103900057,43,142,-99
103900058,279,508,-229
103900059,0,44,-44
103900060,67,147,-80
103900061,206,22,184
103900062,433,129,304
103900063,27,0,27
103900064,131,12,119
103900065,870,420,450
103900066,252,58,194
103900067,192,15,177
103900068,7,0,7
103900069,89,13,76
103900070,196,230,-34
103900071,39,144,-105
103900072,16,200,-184
103900073,28,46,-18
103900074,87,78,9
103900075,335,67,268
103900076,597,499,98
103900077,50,108,-58
103900078,478,103,375
103900079,176,175,1
103900080,9,35,-26
103900081,39,8,31
103900082,15,120,-105
103900083,1021,1131,-110
103900084,100,162,-62
103900085,93,135,-42
103900086,917,413,504
103900087,34,77,-43
103900088,416,628,-212
103900089,57,136,-79
103900090,6,118,-112
103900091,1125,235,890
103900092,718,577,141
103900093,89,295,-206
103900094,21,128,-107
103900095,358,219,139
103900096,36,145,-109
103900097,14,454,-440
103900098,308,139,169
103900099,83,100,-17
103900100,291,275,16
103900101,193,1009,-816
103900102,13,32,-19
103900104,3,29,-26
103900105,105,194,-89
103900106,1,132,-131
103900107,157,180,-23
103900108,71,280,-209
103900109,133,99,34
103900110,304,69,235
103900111,157,442,-285
103900112,88,185,-97
103900113,136,261,-125
103900114,526,344,182
103900115,350,209,141
103900116,4591,3131,1460
103900117,148,62,86
103900119,44,62,-18
103900120,93,105,-12
103900122,109,159,-50
103900123,1163,637,526
103900124,64,410,-346
103900125,116,72,44
103900126,629,366,263
103900127,203,423,-220
103900128,168,163,5
103900131,34,100,-66
103900133,1049,84,965
103900134,1,6,-5
103900135,26,6,20
103900137,2,43,-41
103900138,117,199,-82
103900139,208,2471,-2263
103900140,2,175,-173
103900141,273,54,219
103900142,207,130,77
103900143,81,3,78
103900144,5,43,-38
103900145,231,262,-31
103900146,337,244,93
103900147,435,147,288
103900148,312,261,51
103900149,451,605,-154
103900150,6195,5237,958
103900151,48,164,-116
103900152,708,379,329
103900153,2,0,2
103900154,829,2192,-1363
103900155,56,189,-133
103900156,63,128,-65
103900157,55,151,-96
103900158,154,168,-14
103900159,210,60,150
103900160,81,24,57
103900161,117,179,-62
103900162,58,161,-103
103900163,33,438,-405
103900167,27,110,-83
103900168,160,157,3
103900169,50,46,4
103900170,2,69,-67
103900171,3,52,-49
103900172,4,17,-13
103900173,23,14,9
103900174,200,64,136
103900175,52,79,-27
103900176,13,34,-21
103900177,14,69,-55
103900178,51,42,9
103900179,61,90,-29
103900180,18,57,-39
103900181,46,40,6
103900182,31,16,15
103900184,348,93,255
103900185,116,495,-379
103900187,19,112,-93
103900188,73,37,36
103900189,122,9,113
103900190,115,48,67
103900191,41,67,-26
103900192,56,97,-41
103900193,121,184,-63
103900194,79,237,-158
103900195,6,110,-104
103900196,68,57,11
103900197,39,38,1
103900198,17,49,-32
103900199,176,71,105
103900200,204,105,99
103900201,115,209,-94
103900202,18,70,-52
103900203,48,27,21
103900204,6,98,-92
103900207,1,74,-73
103900208,139,3,136
103900209,7,107,-100
103900210,63,24,39
103900211,661,331,330
103900212,120,370,-250
103900213,51,223,-172
103900214,246,194,52
103900215,329,348,-19
103900216,2,328,-326
103900217,602,60,542
103900218,4,388,-384
103900219,257,354,-97
103900233,94,7,87
103900235,40,27,13
103900236,29,10,19
103900242,6,4,2
103900243,6,7,-1
103900244,142,214,-72
103900245,122,186,-64
103900246,52,28,24
103900247,35,84,-49
103900248,20,186,-166
103900249,27,64,-37
103900250,36,34,2
103900251,4,40,-36
103900253,8,91,-83
103900254,3,36,-33
103900255,17,24,-7
103900256,17,20,-3
103900257,119,141,-22
103900258,40,4,36
103900259,111,13,98
103900261,9,6,3
103900262,17,4,13
103900263,54,44,10
103900264,80,26,54
103900265,65,21,44
103900266,4,129,-125
103900267,11,87,-76
103900268,10,34,-24
103900269,172,34,138
103900270,67,105,-38
103900271,66,91,-25
103900272,82,55,27
103900273,21,47,-26
103900274,117,20,97
103900275,75,26,49
103900276,11,72,-61
103900277,13,77,-64
104000001,2648,2232,416
104000002,2128,2356,-228
104000003,2594,2131,463
104000004,2835,2899,-64
104000005,1869,2014,-145
104000006,3478,2844,634
104000007,4325,4599,-274
104000008,199,207,-8
104000009,166,113,53
104000010,179,343,-164
104000011,324,237,87
104000012,138,244,-106
104000013,296,197,99
104000014,177,448,-271
104000015,469,166,303
104000016,607,319,288
104000018,1039,159,880
104000019,671,239,432
104000020,154,478,-324
104000021,290,440,-150
104000022,141,280,-139
104000023,960,386,574
104000024,256,299,-43
104000026,55,297,-242
104000027,308,227,81
104000028,433,232,201
104000029,328,301,27
104000030,317,192,125
104000031,1590,403,1187
104000032,206,241,-35
104000033,817,486,331
104000034,396,313,83
104000035,973,389,584
104000036,898,514,384
104000037,329,225,104
104000038,552,306,246
104000039,286,207,79
104000040,245,388,-143
104000041,743,341,402
104000042,257,292,-35
104000043,264,294,-30
104000044,311,514,-203
104000045,886,821,65
104000046,1072,1321,-249
104000047,1164,1269,-105
104000048,1187,1185,2
104000049,538,444,94
104000050,252,814,-562
104000051,125,457,-332
104000052,1710,1798,-88
104000053,990,459,531
104000054,682,345,337
104000055,3789,2446,1343
104000056,1099,263,836
104000057,233,387,-154
104000058,933,753,180
104000059,631,1007,-376
104000060,1141,1144,-3
104000061,1301,1025,276
104000062,423,143,280
104000064,546,369,177
104000065,284,750,-466
104000069,902,1205,-303
104000070,76,569,-493
104000071,146,472,-326
104000072,611,257,354
104000075,123,336,-213
104000076,565,122,443
104000082,2663,3923,-1260
104000083,878,219,659
104000084,118,451,-333
104000085,363,374,-11
104000086,240,440,-200
104000087,455,2282,-1827
104000090,934,1106,-172
104000092,1426,1646,-220
104000094,1013,1294,-281
104000095,2046,1259,787
104000096,1915,167,1748
104000097,2193,807,1386
104000098,2710,845,1865
104000100,2027,618,1409
104000101,1372,1598,-226
104000106,48,659,-611
104000107,741,427,314
104000108,259,525,-266
104000109,431,103,328
104000110,886,1146,-260
104000111,3564,2865,699
104000112,1946,614,1332
104000116,7,911,-904
104000117,219,598,-379
104000118,877,193,684
104000119,859,362,497
104000120,325,700,-375
104000121,275,682,-407
104000122,786,760,26
104000123,651,807,-156
104000124,768,1769,-1001
104000125,3267,4927,-1660
104000126,500,421,79
104000127,1227,2038,-811
104000128,680,399,281
104000129,493,35,458
104000130,9,350,-341
104000131,380,401,-21
104000132,369,412,-43
104000133,1358,943,415
104000134,1141,1845,-704
104000135,468,2283,-1815
104000136,995,4490,-3495
104000137,2003,534,1469
104000138,1042,438,604
104000139,5320,3111,2209
104000141,1311,1506,-195
104000142,669,653,16
104000143,596,436,160
104000144,101,213,-112
104000145,447,245,202
104000146,263,492,-229
104000147,174,261,-87
104000148,454,252,202
104000149,154,215,-61
104000150,1422,640,782
104000151,428,346,82
104000152,757,591,166
104000153,846,634,212
104000154,844,554,290
104000155,570,561,9
104000157,1211,1353,-142
104000158,631,1210,-579
104000159,1015,958,57
104000160,2132,2116,16
104000161,193,187,6
104000162,78,152,-74
104000165,1013,1086,-73
104000167,749,1217,-468
104000168,703,26,677
104000169,193,35,158
104000170,454,690,-236
104000248,413,490,-77
104000251,74,215,-141
104000272,0,0,0
104000273,0,0,0
104000274,0,0,0
104000275,0,0,0
104000279,757,507,250
104000290,117,251,-134
104000291,490,1139,-649
104000293,932,670,262
104000294,44,0,44
104000295,702,815,-113
104000296,459,711,-252
104000297,921,2120,-1199
104000298,2187,1021,1166
104000299,784,1546,-762
104900001,128,329,-201
104900002,110,223,-113
104900003,54,308,-254
104900004,119,245,-126
104900005,388,265,123
104900006,393,132,261
104900007,424,231,193
104900009,162,297,-135
104900010,104,43,61
104900011,31,20,11
104900012,346,55,291
104900013,176,23,153
104900014,2344,310,2034
104900015,93,11,82
104900016,280,224,56
104900017,228,200,28
104900018,14,197,-183
104900019,273,3452,-3179
104900020,55,279,-224
104900021,11,171,-160
104900022,10,95,-85
104900023,2,62,-60
104900024,18,60,-42
104900025,93,261,-168
104900026,0,79,-79
104900027,599,404,195
104900028,30,63,-33
104900029,58,64,-6
104900030,563,255,308
104900031,88,189,-101
104900032,71,101,-30
104900033,255,276,-21
104900034,487,257,230
104900035,418,231,187
104900036,295,59,236
104900037,150,210,-60
104900038,499,1022,-523
104900039,657,539,118
104900040,595,108,487
104900041,380,207,173
104900042,180,265,-85
104900043,29,269,-240
104900044,780,219,561
104900045,508,62,446
104900046,277,178,99
104900047,376,131,245
104900048,345,45,300
104900049,37,36,1
104900050,406,129,277
104900051,355,47,308
104900052,84,4,80
104900053,424,106,318
104900054,253,48,205
104900055,119,1,118
104900056,207,13,194
104900057,67,0,67
104900058,900,716,184
104900059,263,84,179
104900060,2,472,-470
104900061,217,478,-261
104900063,1,139,-138
104900064,4,67,-63
104900065,0,246,-246
104900066,7,117,-110
104900067,9,335,-326
104900068,22,163,-141
104900070,174,236,-62
104900071,1,409,-408
104900072,38,248,-210
104900073,121,216,-95
104900074,65,200,-135
104900075,86,60,26
104900076,113,216,-103
104900077,1003,387,616
104900078,244,421,-177
104900079,173,608,-435
104900080,120,448,-328
104900082,6,367,-361
104900085,3,163,-160
104900087,370,10,360
104900089,213,2,211
104900090,1078,901,177
104900091,738,560,178
104900093,253,509,-256
104900097,2079,2300,-221
104900098,226,42,184
104900099,285,817,-532
104900100,439,267,172
104900102,69,136,-67
104900103,486,92,394
104900104,2950,2406,544
104900106,116,113,3
104900107,129,207,-78
104900108,80,269,-189
104900109,144,230,-86
104900110,6,87,-81
104900111,284,204,80
104900112,317,556,-239
104900113,829,313,516
104900114,417,376,41
104900115,963,363,600
104900116,331,206,125
104900118,34,68,-34
104900119,21,100,-79
104900120,47,321,-274
104900121,0,59,-59
104900122,6,49,-43
104900123,75,14,61
104900124,70,1,69
104900125,503,3,500
104900126,64,54,10
104900127,39,52,-13
104900128,112,178,-66
104900129,1635,2513,-878
105000001,2933,1487,1446
105000002,2650,1680,970
105000003,3564,4093,-529
105000004,743,948,-205
105000005,1104,1301,-197
105000006,1868,2003,-135
105000007,1412,1876,-464
105000008,1817,3923,-2106
105000009,2908,4005,-1097
105000010,3018,1994,1024
105000011,4271,3800,471
105000012,3584,2805,779
105000013,1285,1468,-183
105000014,2699,3402,-703
105000015,11116,17716,-6600
105000016,2796,2515,281
105000017,1790,964,826
105000018,1312,1792,-480
105000019,1324,1034,290
105000020,285,513,-228
105000021,366,130,236
105000022,346,144,202
105000023,698,460,238
105000028,84,91,-7
105000029,712,1679,-967
105000030,4472,2693,1779
105000033,1256,1993,-737
105000034,184,1136,-952
105000037,721,285,436
105000038,2396,2277,119
105000039,2284,2039,245
105000040,1270,1731,-461
105000041,822,1302,-480
105000042,4789,2342,2447
105000043,1761,2416,-655
105000044,794,582,212
105000045,375,679,-304
105000046,1380,429,951
105000047,514,1186,-672
105000048,652,229,423
105000049,240,404,-164
105000050,830,431,399
105000051,184,290,-106
105000052,639,865,-226
105000053,145,166,-21
105000054,461,917,-456
105000055,800,344,456
105000056,1540,1796,-256
105000057,1271,752,519
105000058,1288,1064,224
105000059,832,636,196
105000060,520,525,-5
105000061,938,568,370
105000062,591,786,-195
105000063,312,513,-201
105000064,1944,809,1135
105000065,386,549,-163
105000066,1108,1266,-158
105000067,1674,823,851
105000068,486,908,-422
105000069,1841,2060,-219
105000070,597,1044,-447
105000071,277,1055,-778
105000072,1207,2677,-1470
105000073,1158,753,405
105000074,1259,704,555
105000075,626,894,-268
105000076,1126,1029,97
105000077,2479,1315,1164
105000078,1442,1645,-203
105000079,1309,3624,-2315
105000080,2438,1880,558
105000081,3834,1555,2279
105000082,1256,2221,-965
105000083,5144,4688,456
105000084,661,852,-191
105000085,2151,2787,-636
105000086,730,1075,-345
105000087,1510,2112,-602
105000088,1809,1833,-24
105000089,3578,2605,973
105000090,1051,1054,-3
105000091,1342,1779,-437
105000092,775,868,-93
105000093,389,338,51
105000094,456,392,64
105000095,138,540,-402
105000096,1250,1275,-25
105000097,960,962,-2
105000098,1127,885,242
105000099,840,902,-62
105000100,1636,1075,561
105000101,2289,2879,-590
105000102,3296,2203,1093
105000103,2071,4399,-2328
105000104,2721,1279,1442
105000105,1476,1703,-227
105000106,1639,1450,189
105000107,1926,785,1141
105000108,2036,1233,803
105000109,1916,1422,494
105000110,1164,574,590
105000111,962,639,323
105000112,1457,637,820
105000113,586,745,-159
105000114,2459,1232,1227
105000115,357,1346,-989
105000116,944,626,318
105000117,972,870,102
105000118,769,479,290
105000119,636,740,-104
105000120,1362,600,762
105000121,814,769,45
105000122,517,666,-149
105000123,1127,1207,-80
105000124,2451,832,1619
105000125,923,1725,-802
105000126,2480,1584,896
105000127,2633,1738,895
105000128,760,958,-198
105000129,965,462,503
105000130,428,3702,-3274
105000131,683,357,326
105000132,1166,929,237
105000133,638,881,-243
105000134,1102,726,376
105000135,526,678,-152
105000136,168,340,-172
105000137,674,280,394
105000138,202,325,-123
105000139,1022,891,131
105000140,592,539,53
105000141,374,608,-234
105000142,334,480,-146
105000143,269,765,-496
105000144,321,740,-419
105000145,900,449,451
105000146,481,894,-413
105000147,744,365,379
105000148,1327,607,720
105000149,2983,2504,479
105000150,1965,1516,449
105000151,563,363,200
105000152,243,498,-255
105000153,676,703,-27
105000154,601,579,22
105000155,405,910,-505
105000156,835,702,133
105000157,829,1598,-769
105000158,2098,791,1307
105000159,346,1003,-657
105000160,2170,633,1537
105000161,758,807,-49
105000162,625,1902,-1277
105000163,983,791,192
105000164,248,214,34
105000165,888,5863,-4975
105000166,4998,1205,3793
105000167,1704,1957,-253
105000168,488,579,-91
105000169,678,324,354
105000170,273,1305,-1032
105000171,1146,275,871
105000172,243,45,198
105000173,253,34,219
105000174,90,54,36
105000175,118,122,-4
105000176,592,162,430
105000177,415,215,200
105000178,212,568,-356
105000179,803,194,609
105000180,212,183,29
105000181,193,300,-107
105000182,96,81,15
105000183,2083,2234,-151
105000184,973,1569,-596
105000185,1866,1628,238
105000186,452,974,-522
105000187,1178,313,865
105000188,400,256,144
105000189,229,709,-480
105000190,339,479,-140
105000191,406,451,-45
105000192,502,91,411
105000193,97,211,-114
105000194,479,89,390
105000195,411,883,-472
105000196,67,255,-188
105000197,292,626,-334
105000198,635,358,277
105000199,259,573,-314
105000200,141,408,-267
105000201,142,45,97
105000203,7,155,-148
105000204,111,87,24
105000205,130,296,-166
105000207,630,180,450
105000208,322,771,-449
105000209,230,313,-83
105000212,1368,1137,231
105000213,229,243,-14
105000214,197,286,-89
105000215,402,182,220
105000216,183,248,-65
105000217,160,229,-69
105000218,1544,1089,455
105000221,194,170,24
105000222,402,199,203
105000223,404,241,163
105000226,96,260,-164
105000227,103,183,-80
105000228,269,2414,-2145
105000229,207,770,-563
105000231,450,356,94
105000233,903,838,65
105000234,514,1235,-721
105000235,434,554,-120
105000237,877,77,800
105000243,40,137,-97
105000248,53,79,-26
105000262,463,1096,-633
105000269,215,264,-49
105000270,502,64,438
105000271,2,245,-243
105000282,88,48,40
105000287,459,98,361
105000288,641,405,236
105000289,2786,2297,489
105000290,30,12,18
105000402,3196,4999,-1803
105000426,541,702,-161
105000438,4037,1800,2237
105000446,13173,6105,7068
105000447,6272,3012,3260
105000454,626,620,6
105000455,310,172,138
105000474,92,5,87
105000477,596,556,40
105000478,2475,5605,-3130
105000479,113,176,-63
105000480,10242,8322,1920
105000481,5735,4566,1169
105000482,5273,7997,-2724
105000483,2028,2434,-406
105000484,2537,3470,-933
105000485,2044,4164,-2120
105000486,3757,2688,1069
105000488,9526,5407,4119
105000489,1081,890,191
105000549,103,137,-34
105000550,372,1571,-1199
105000551,43,161,-118
105000552,2631,1543,1088
105900001,12,2775,-2763
105900002,1103,721,382
105900003,14,120,-106
105900004,348,132,216
105900005,8,255,-247
105900006,24,154,-130
105900007,97,46,51
105900008,95,441,-346
105900009,33,24,9
105900011,486,129,357
105900012,749,197,552
105900013,3,33,-30
105900014,7,74,-67
105900015,269,514,-245
105900016,633,671,-38
105900017,1437,36,1401
105900018,250,178,72
105900019,94,468,-374
105900020,70,71,-1
105900021,51,1459,-1408
105900022,276,241,35
105900023,8,243,-235
105900024,18,463,-445
105900025,235,24,211
105900026,270,25,245
105900027,15554,8067,7487
105900028,509,525,-16
105900029,2083,336,1747
105900030,222,273,-51
105900031,410,215,195
105900032,77,199,-122
105900033,141,133,8
105900034,225,247,-22
105900035,217,240,-23
105900036,123,194,-71
105900037,108,68,40
105900038,227,259,-32
105900039,165,111,54
105900040,83,132,-49
105900041,208,235,-27
105900042,85,130,-45
105900043,1576,80,1496
105900044,8,285,-277
105900045,8,868,-860
105900046,11,231,-220
105900047,16,54,-38
105900048,112,424,-312
105900050,5900,8796,-2896
105900051,81,1290,-1209
105900052,659,192,467
105900053,2722,3234,-512
105900054,370,189,181
105900056,874,523,351
105900057,44,178,-134
105900058,20,13,7
105900059,0,45,-45
106000001,4648,2686,1962
106000002,2219,5651,-3432
106000003,3323,3913,-590
106000004,1647,2791,-1144
106000005,4244,5603,-1359
106000006,5725,3409,2316
106000007,636,709,-73
106000008,653,361,292
106000009,743,431,312
106000010,804,580,224
106000011,1315,1196,119
106000012,874,1163,-289
106000013,2222,2143,79
106000014,1969,1414,555
106000015,2056,1579,477
106000016,1486,1740,-254
106000017,593,852,-259
106000018,605,458,147
106000019,357,435,-78
106000020,372,311,61
106000021,336,462,-126
106000022,404,251,153
106000023,810,344,466
106000024,598,409,189
106000025,151,197,-46
106000026,105,194,-89
106000027,1691,1407,284
106000028,659,411,248
106000029,692,954,-262
106000030,502,696,-194
106000034,237,500,-263
106000035,1061,2089,-1028
106000036,224,497,-273
106000037,1747,1333,414
106000038,367,138,229
106000039,118,107,11
106000040,159,981,-822
106000041,765,728,37
106000043,577,271,306
106000046,390,62,328
106000047,67,481,-414
106000049,1071,226,845
106000050,292,584,-292
106000051,782,530,252
106000052,99,536,-437
106000053,525,150,375
106000054,386,389,-3
106000055,1429,1098,331
106000056,289,310,-21
106000057,419,321,98
106000058,163,152,11
106000059,354,315,39
106000060,346,411,-65
106000061,271,539,-268
106000062,189,532,-343
106000063,855,614,241
106000064,48,351,-303
106000065,516,375,141
106000066,112,310,-198
106000067,449,142,307
106000068,94,599,-505
106000069,290,67,223
106000070,469,718,-249
106000071,1221,356,865
106000072,2717,1596,1121
106000073,1498,3218,-1720
106000074,722,653,69
106000075,302,1349,-1047
106000076,1759,2064,-305
106000077,3517,1332,2185
106000078,1206,820,386
106000079,729,900,-171
106000080,1309,601,708
106000081,725,1103,-378
106000082,2482,830,1652
106000083,468,1362,-894
106000084,1356,660,696
106000085,1519,1488,31
106000086,710,819,-109
106000087,1209,487,722
106000088,431,736,-305
106000089,1119,322,797
106000090,297,683,-386
106000091,261,463,-202
106000092,823,301,522
106000093,368,151,217
106000094,95,224,-129
106000095,989,676,313
106000096,1116,623,493
106000097,1370,740,630
106000098,825,870,-45
106000099,306,1301,-995
106000100,1891,273,1618
106000101,1868,597,1271
106000102,411,1421,-1010
106000103,405,767,-362
106000104,1147,455,692
106000105,538,707,-169
106000106,778,419,359
106000107,148,216,-68
106000108,294,313,-19
106000109,270,197,73
106000110,293,385,-92
106000111,334,384,-50
106000112,241,907,-666
106000113,819,514,305
106000114,425,657,-232
106000115,240,384,-144
106000116,399,214,185
106000117,1347,622,725
106000118,1389,1455,-66
106000119,1360,869,491
106000120,1071,1261,-190
106000121,228,157,71
106000122,132,177,-45
106000123,649,131,518
106000124,77,156,-79
106000125,24,203,-179
106000126,320,109,211
106000127,996,789,207
106000128,866,170,696
106000129,503,490,13
106000130,934,255,679
106000131,152,670,-518
106000132,646,164,482
106000133,2166,1119,1047
106000134,495,2212,-1717
106000135,187,486,-299
106000136,736,1018,-282
106000137,69,733,-664
106000138,1076,104,972
106000139,65,123,-58
106000140,54,46,8
106000141,118,46,72
106000142,117,72,45
106000143,44,36,8
106000144,24,71,-47
106000145,237,244,-7
106000146,466,141,325
106000147,397,422,-25
106000148,496,707,-211
106000149,716,303,413
106000150,571,1863,-1292
106000151,3822,880,2942
106000152,1585,1941,-356
106000153,77,2127,-2050
106000154,1514,218,1296
106000155,133,288,-155
106000156,1095,270,825
106000157,711,1479,-768
106000158,2334,991,1343
106000159,2883,2107,776
106000160,509,2834,-2325
106000161,1594,347,1247
106000162,368,958,-590
106000163,458,260,198
106000164,489,291,198
106000165,236,437,-201
106000166,1003,332,671
106000167,483,791,-308
106000168,639,262,377
106000169,369,456,-87
106000170,966,224,742
106000171,290,1129,-839
106000172,3112,1447,1665
106000173,1136,2705,-1569
106000174,1343,388,955
106000175,287,810,-523
106000176,1926,898,1028
106000177,836,2178,-1342
106000178,3396,1702,1694
106000179,1033,1923,-890
106000180,887,1131,-244
106000181,1098,2072,-974
106000182,1546,712,834
106000183,1686,618,1068
106000184,1728,768,960
106000185,1081,1689,-608
106000186,934,175,759
106000187,263,1116,-853
106000188,0,1,-1
106000189,19,23,-4
106000190,32,4,28
106000191,709,198,511
106000192,4,27,-23
106000193,540,204,336
106000194,194,501,-307
106000195,926,304,622
106000196,276,814,-538
106000197,700,384,316
106000198,237,241,-4
106000199,846,850,-4
106000200,374,258,116
106000201,421,3092,-2671
106000202,3654,618,3036
106000203,63,155,-92
106000204,98,11,87
106000205,15,170,-155
106000206,87,17,70
106000207,41,602,-561
106000208,1579,175,1404
106000209,1780,368,1412
106000210,568,842,-274
106000211,353,1084,-731
106000212,1116,456,660
106000213,634,2369,-1735
106000214,2579,832,1747
106000215,327,548,-221
106000216,311,284,27
106000217,315,369,-54
106000218,447,404,43
106000219,182,269,-87
106000220,622,297,325
106000221,202,201,1
106000222,75,96,-21
106000223,316,133,183
106000224,235,169,66
106000225,106,125,-19
106000226,119,226,-107
106000228,68,85,-17
106000229,91,682,-591
106000231,976,117,859
106000232,76,373,-297
106000233,717,125,592
106000234,62,312,-250
106000235,561,145,416
106000236,202,204,-2
106000237,1,12,-11
106000238,15,18,-3
106000239,7,92,-85
106000240,61,10,51
106000241,24,532,-508
106000242,267,41,226
106000249,81,88,-7
106000250,99,548,-449
106000251,109,25,84
106000252,19,80,-61
106000253,77,78,-1
106000254,114,40,74
106000255,25,144,-119
106000256,57,41,16
106000257,190,235,-45
106000258,260,27,233
106000259,8,93,-85
106000260,49,4,45
106000261,4,69,-65
106000262,105,7,98
106000263,10,55,-45
106000264,345,16,329
106000265,22,141,-119
106000266,149,20,129
106000267,8,87,-79
106000268,480,51,429
106000269,77,39,38
106000270,171,391,-220
106000271,113,219,-106
106000272,228,72,156
106000273,15,278,-263
106000274,196,47,149
106000275,190,301,-111
106000276,211,55,156
106000277,157,267,-110
106000278,295,63,232
106000279,15,43,-28
106000280,70,94,-24
106000281,105,48,57
106000282,70,91,-21
106000283,158,67,91
106000284,105,105,0
106000285,151,87,64
106000286,123,129,-6
106000287,139,82,57
106000288,68,135,-67
106000289,130,52,78
106000290,61,97,-36
106000291,110,81,29
106000292,138,100,38
106000293,180,110,70
106000294,139,77,62
106000295,70,70,0
106000296,57,87,-30
106000297,98,260,-162
106000298,111,61,50
106000299,83,133,-50
106000300,46,123,-77
106000301,66,131,-65
106000303,50,130,-80
106000304,28,37,-9
106000305,60,53,7
106000306,42,47,-5
106000307,71,18,53
106000308,29,122,-93
106000309,14,62,-48
106000310,349,384,-35
106000311,357,200,157
106000312,115,166,-51
106000313,268,216,52
106000318,99,584,-485
106000319,1116,261,855
106000320,12,190,-178
106000321,351,216,135
106000322,201,105,96
106000324,24,200,-176
106000325,1944,939,1005
106000326,1093,1540,-447
106000327,262,104,158
106000328,21,129,-108
106000329,109,285,-176
106000330,59,83,-24
106000428,97,155,-58
106000429,163,412,-249
106000430,408,1112,-704
106000431,2724,464,2260
106000432,1543,2397,-854
106000433,2753,1354,1399
106000434,3758,1732,2026
106000435,1502,2435,-933
106000436,17,182,-165
106000437,325,93,232
106000438,359,247,112
106000439,74,775,-701
106000440,352,737,-385
106000441,1,0,1
106000442,141,11,130
106000443,186,231,-45
106000450,3,114,-111
106000451,21,63,-42
106000454,3,145,-142
106000455,10,168,-158
106000456,119,34,85
106000457,30,749,-719
106000458,1154,83,1071
106000459,141,221,-80
106000460,1808,26,1782
106000461,115,879,-764
106000462,1,23,-22
106000463,2,10,-8
106000464,4,375,-371
106000465,876,4,872
106000466,2,440,-438
106000467,267,425,-158
106000468,109,150,-41
106000469,116,12,104
106000470,367,1790,-1423
106000471,23,536,-513
106000472,166,10,156
106000473,59,18,41
106000474,319,388,-69
106000475,289,169,120
106000476,139,226,-87
106000477,16,12,4
106900001,0,18,-18
106900002,2,325,-323
106900003,244,2525,-2281
106900004,0,25,-25
106900006,0,16,-16
106900007,0,11,-11
106900008,535,161,374
106900009,371,254,117
106900010,200,257,-57
106900012,1406,2847,-1441
106900013,831,210,621
106900014,20,6,14
106900015,13,1,12
106900016,362,17,345
106900017,9,3,6
106900018,0,0,0
106900019,77,1,76
106900020,3998,1767,2231
106900021,143,106,37
106900022,1019,3,1016
106900023,89,268,-179
106900024,1097,52,1045
106900025,61,1042,-981
106900026,1,420,-419
106900027,822,5,817
107000001,4819,5357,-538
107000002,3132,4963,-1831
107000003,7396,8132,-736
107000004,5098,4590,508
107000005,5942,6485,-543
107000006,3862,3479,383
107000007,7244,12104,-4860
107000008,11173,7403,3770
107000009,9684,9286,398
107000010,10029,8934,1095
107000011,1086,1289,-203
107000012,3985,2763,1222
107000013,102,84,18
107000014,65,251,-186
107000015,587,773,-186
107000016,909,771,138
107000017,6567,5638,929
107000018,35,4342,-4307
107000020,4303,6579,-2276
107000021,1781,510,1271
107000022,1564,3147,-1583
107000023,2006,313,1693
107000024,1135,1595,-460
107000025,250,381,-131
107000026,486,430,56
107000027,1619,1188,431
107000028,1789,1301,488
107000029,4198,3419,779
107000030,3370,2755,615
107000031,4849,3192,1657
107000032,600,1045,-445
107000033,3094,5817,-2723
107000034,6088,1778,4310
107000035,425,267,158
107000036,876,1378,-502
107000037,101,931,-830
107000038,258,280,-22
107000039,1023,988,35
107000040,230,395,-165
107000041,1997,1014,983
107000042,837,2234,-1397
107000043,3123,1416,1707
107000044,594,573,21
107000045,126,333,-207
107000046,1042,523,519
107000047,686,908,-222
107000048,853,365,488
107000049,804,875,-71
107000050,1243,603,640
107000051,330,367,-37
107000052,1201,1107,94
107000053,450,262,188
107000054,55,299,-244
107000055,268,173,95
107000056,458,780,-322
107000057,1657,230,1427
107000058,2608,2731,-123
107000059,2224,3246,-1022
107000060,5822,6022,-200
107000061,5370,3475,1895
107000062,5994,3615,2379
107000063,4361,4270,91
107000064,6031,3466,2565
107000065,4071,4456,-385
107000066,3003,4491,-1488
107000067,1750,1580,170
107000068,1762,986,776
107000069,1142,688,454
107000070,1583,87,1496
107000071,3986,60,3926
107000072,65,2279,-2214
107000073,1138,440,698
107000074,143,742,-599
107000075,2320,565,1755
107000076,802,1363,-561
107000077,4792,1517,3275
107000078,2416,3083,-667
107000079,3365,1240,2125
107000080,1063,3006,-1943
107000081,2425,718,1707
107000082,625,1767,-1142
107000083,1728,602,1126
107000084,382,1701,-1319
107000085,3555,3737,-182
107000086,3758,3415,343
107000087,3661,2339,1322
107000088,3573,3808,-235
107000089,1971,2102,-131
107000090,1376,1126,250
107000091,1714,828,886
107000092,1045,1037,8
107000093,1447,943,504
107000094,931,1137,-206
107000095,1108,764,344
107000096,617,781,-164
107000097,740,406,334
107000098,385,530,-145
107000099,616,329,287
107000100,369,398,-29
107000101,85,159,-74
107000102,244,351,-107
107000103,329,174,155
107000104,217,278,-61
107000105,477,147,330
107000106,177,240,-63
107000107,632,194,438
107000108,158,460,-302
107000109,868,187,681
107000110,88,531,-443
107000111,433,97,336
107000112,56,299,-243
107000113,775,139,636
107000114,121,455,-334
107000115,731,164,567
107000116,127,617,-490
107000117,214,751,-537
107000118,128,145,-17
107000119,1729,1810,-81
107000120,1088,599,489
107000121,1153,743,410
107000122,1252,921,331
107000123,600,747,-147
107000124,604,796,-192
107000125,1261,704,557
107000126,1161,607,554
107000129,293,431,-138
107000130,779,293,486
107000131,521,484,37
107000132,698,421,277
107000133,625,91,534
107000134,420,6,414
107000135,5,364,-359
107000136,1039,2,1037
107000137,16,654,-638
107000138,438,31,407
107000139,54,685,-631
107000140,1597,193,1404
107000141,178,853,-675
107000142,523,151,372
107000143,89,654,-565
107000144,654,550,104
107000145,202,523,-321
107000146,317,438,-121
107000147,3827,1011,2816
107000150,816,4710,-3894
107000151,43,139,-96
107000152,514,2043,-1529
107000153,153,390,-237
107000154,234,260,-26
107000155,1078,44,1034
107000156,1535,54,1481
107000157,149,1334,-1185
107000158,782,31,751
107000159,41,744,-703
107000160,1300,229,1071
107000161,99,1094,-995
107000162,503,810,-307
107000163,286,6,280
107000164,1123,5,1118
107000165,1306,28,1278
107000166,40,978,-938
107000167,883,239,644
107000168,1236,626,610
107000169,913,890,23
107000170,2850,1000,1850
107000171,893,1882,-989
107000172,1307,1709,-402
107000173,778,940,-162
107000174,1398,6661,-5263
107000175,6883,1665,5218
107000176,3,0,3
107000177,8,0,8
107000178,25,45,-20
107000179,367,1868,-1501
107000180,1771,300,1471
107000181,505,918,-413
107000182,2245,934,1311
107000183,212,742,-530
107000184,1235,686,549
107000185,636,1357,-721
107000186,1506,526,980
107000187,1516,1390,126
107000188,812,686,126
107000189,600,1041,-441
107000190,707,760,-53
107000191,931,952,-21
107000192,2030,770,1260
107000193,545,625,-80
107000194,871,659,212
107000197,1205,349,856
107000198,360,738,-378
107000199,1075,750,325
107000200,773,816,-43
107000201,573,495,78
107000202,385,557,-172
107000203,970,1614,-644
107000204,1132,2005,-873
107000205,2281,1380,901
107000206,1250,2020,-770
107000207,813,1408,-595
107000208,1292,809,483
107000209,2269,1504,765
107000210,792,392,400
107000211,5,52,-47
107000212,22,334,-312
107000213,11,25,-14
107000214,21,151,-130
107000215,581,292,289
107000216,437,432,5
107000217,238,151,87
107000219,144,320,-176
107000220,194,225,-31
107000222,321,692,-371
107000224,1126,83,1043
107000225,233,555,-322
107000226,806,119,687
107000227,114,291,-177
107000228,312,306,6
107000229,139,144,-5
107000230,1249,505,744
107000231,1676,2205,-529
107000232,149,36,113
107000233,1272,1098,174
107000234,2,47,-45
107000235,129,14,115
107000236,7,729,-722
107000237,39,0,39
107000238,48,4,44
107000239,4442,632,3810
107000240,103,980,-877
107000241,106,21,85
107000242,331,52,279
107000243,0,31,-31
107000244,8,70,-62
107000246,5,978,-973
107000249,3,1116,-1113
107000251,3,362,-359
107000252,1,938,-937
107000255,350,155,195
107000257,2,340,-338
107000258,1,118,-117
107000259,6,170,-164
107000260,902,2,900
107000262,14,362,-348
107000263,373,10,363
107000266,10,10,0
107000267,77,119,-42
107000268,171,130,41
107000269,813,126,687
107000270,5,44,-39
107000271,22,548,-526
107000272,23,112,-89
107000273,13,400,-387
107000274,4281,1089,3192
107000275,285,3900,-3615
107000280,1024,54,970
107000281,61,698,-637
107000282,114,740,-626
107000290,36,62,-26
107000291,19,9,10
107000292,3,357,-354
107000293,132,10,122
107000294,0,42,-42
107000295,32,6,26
107000296,0,35,-35
107000444,478,10,468
107000496,2,8,-6
107000497,1471,2057,-586
107000500,471,342,129
107000501,149,149,0
107000502,227,273,-46
107000505,340,756,-416
107000506,5,142,-137
107000508,4,553,-549
107000509,306,883,-577
107000510,40,46,-6
107000514,59,406,-347
107000515,22,171,-149
107000516,452,301,151
107000518,1437,1785,-348
107000519,1598,920,678
107000520,89,37,52
107000521,417,309,108
107000522,503,376,127
107900001,103,116,-13
107900002,78,8,70
107900003,592,27,565
107900004,147,2,145
107900005,1533,1,1532
107900006,251,2,249
107900007,388,40,348
107900008,160,24,136
107900009,409,31,378
107900010,47,6,41
107900012,402,68,334
107900013,333,27,306
107900014,55,12,43
107900015,1121,14,1107
107900016,784,120,664
107900017,25,5,20
107900018,108,221,-113
107900019,39,70,-31
107900020,169,44,125
107900021,114,122,-8
107900023,4,0,4
107900024,0,32,-32
107900025,370,233,137
107900026,82,43,39
107900027,48,75,-27
107900028,128,57,71
107900030,253,45,208
107900031,63,89,-26
107900032,45,9,36
107900033,36,13,23
107900034,431,28,403
107900035,1018,28,990
107900036,101,33,68
107900037,0,28,-28
107900038,126,308,-182
107900039,39,43,-4
107900040,47,309,-262
107900041,2,1,1
107900043,39,116,-77
107900044,11,10,1
107900045,158,59,99
107900046,212,136,76
107900047,51,52,-1
107900048,249,19,230
107900049,492,1992,-1500
107900050,93,335,-242
107900051,98,74,24
107900052,50,63,-13
107900053,55,100,-45
107900055,953,331,622
107900056,184,78,106
107900057,4,0,4
107900058,21,581,-560
107900060,56,210,-154
107900061,13,8,5
107900063,108,133,-25
107900064,361,179,182
107900065,289,15,274
107900066,34,7,27
107900067,0,0,0
107900068,158,1076,-918
107900069,46,2315,-2269
107900070,178,67,111
107900071,28,642,-614
107900072,174,132,42
107900073,186,111,75
107900074,623,353,270
107900076,146,58,88
107900077,90,0,90
107900078,217,44,173
107900079,20,20,0
107900080,208,1039,-831
107900081,66,81,-15
107900082,26,10,16
107900083,429,207,222
107900084,114,201,-87
107900086,49,198,-149
107900087,692,186,506
107900088,41,14,27
107900089,322,1351,-1029
107900090,1667,3087,-1420
107900091,189,336,-147
107900092,2174,474,1700
107900093,97,59,38
107900094,0,0,0
107900095,2969,2160,809
107900097,38,59,-21
107900098,65,313,-248
107900100,1012,1553,-541
107900101,898,235,663
107900102,79,12,67
107900103,67,185,-118
107900104,327,10,317
107900105,7,294,-287
107900106,3,881,-878
107900107,2535,594,1941
107900108,271,161,110
107900109,1686,13,1673
107900110,81,84,-3
107900111,14,720,-706
107900112,130,467,-337
107900113,259,63,196
107900114,184,127,57
107900115,2,41,-39
107900116,208,134,74
107900117,314,279,35
107900118,105,202,-97
107900119,130,298,-168
107900120,45,47,-2
107900121,4,182,-178
107900122,2,183,-181
107900123,3,85,-82
107900124,19,81,-62
107900125,44,206,-162
107900126,15,113,-98
107900127,732,370,362
107900128,110,108,2
107900129,79,31,48
107900130,86,22,64
107900131,739,343,396
107900132,121,368,-247
107900133,1,71,-70
107900134,48,114,-66
107900135,11,151,-140
107900136,66,60,6
107900137,127,118,9
107900138,63,30,33
107900139,44,43,1
107900140,140,45,95
107900141,58,37,21
107900142,67,748,-681
107900143,49,29,20
107900144,5,151,-146
107900145,26,102,-76
107900146,66,135,-69
107900147,71,53,18
107900148,166,116,50
107900149,928,245,683
107900150,63,632,-569
107900151,62,126,-64
107900152,30,180,-150
107900153,144,372,-228
107900154,43,20,23
107900155,87,53,34
107900156,11,237,-226
107900157,52,48,4
107900158,1056,34,1022
107900159,57,794,-737
107900160,184,205,-21
107900161,55,164,-109
107900162,1,131,-130
107900163,110,129,-19
107900164,27,61,-34
107900165,53,172,-119
107900166,30,142,-112
107900167,42,79,-37
107900168,28,42,-14
107900169,1,211,-210
107900171,6,1135,-1129
107900172,2,335,-333
107900173,19,113,-94
107900174,227,13,214
107900175,33,75,-42
107900176,64,31,33
107900177,1,409,-408
107900178,0,162,-162
107900179,29,144,-115
107900180,508,709,-201
107900181,373,282,91
107900182,4,925,-921
107900183,74,181,-107
107900184,86,229,-143
107900185,163,7,156
107900186,76,38,38
107900187,0,244,-244
107900188,562,136,426
107900189,29,131,-102
107900190,77,174,-97
107900191,113,107,6
107900193,14,44,-30
107900194,280,22,258
107900195,2086,388,1698
107900196,106,115,-9
107900197,682,401,281
107900199,2,759,-757
107900201,83,71,12
107900203,23,65,-42
107900204,183,270,-87
107900205,225,340,-115
107900206,857,641,216
107900207,0,489,-489
107900208,16,567,-551
107900209,373,137,236
107900210,62,102,-40
107900213,919,679,240
107900214,27,107,-80
107900215,185,379,-194
107900216,150,50,100
107900217,65,97,-32
107900218,24,3159,-3135
107900219,33,82,-49
107900220,222,283,-61
107900221,166,184,-18
107900223,127,569,-442
107900224,129,432,-303
107900225,5,780,-775
107900226,109,83,26
107900227,128,337,-209
107900228,19,118,-99
107900229,4,180,-176
107900230,16,98,-82
107900231,22,204,-182
107900232,107,103,4
107900233,34,147,-113
107900234,119,70,49
107900235,50,155,-105
107900236,140,53,87
107900237,67,451,-384
107900238,59,101,-42
107900239,707,644,63
107900240,54,96,-42
107900241,19,57,-38
107900242,47,167,-120
107900243,4,60,-56
107900244,363,5,358
107900245,749,46,703
107900246,282,21,261
107900248,328,369,-41
107900249,905,40,865
107900250,2,506,-504
107900251,83,1228,-1145
107900252,972,30,942
107900253,236,10,226
107900254,74,413,-339
107900255,267,85,182
107900256,1950,3309,-1359
107900257,301,112,189
107900258,107,195,-88
107900259,73,2452,-2379
107900261,4,312,-308
107900262,49,112,-63
107900264,492,7,485
107900265,147,173,-26
107900267,290,22,268
107900268,21,11,10
107900269,1,12,-11
107900270,1,0,1
107900271,4,21,-17
107900272,114,35,79
107900273,45,98,-53
107900274,138,0,138
107900275,34,0,34
107900276,2,99,-97
107900277,0,163,-163
107900278,365,396,-31
107900279,93,278,-185
107900280,2696,1986,710
107900281,1294,3309,-2015
107900282,43,474,-431
107900283,1002,760,242
107900284,559,590,-31
107900285,126,69,57
107900286,144,79,65
107900287,317,195,122
107900290,4,190,-186
107900291,647,25,622
107900292,186,170,16
107900293,76,396,-320
107900295,49,37,12
107900297,3,295,-292
107900298,730,807,-77
107900299,2504,2628,-124
107900300,91,334,-243
107900301,589,771,-182
107900302,159,42,117
107900303,194,287,-93
107900304,435,374,61
107900305,406,14,392
107900306,19,46,-27
107900307,58,258,-200
107900308,165,164,1
107900309,106,1,105
107900310,826,9,817
107900311,21,1064,-1043
107900312,112,0,112
107900313,1,255,-254
107900314,0,79,-79
107900315,2,50,-48
107900316,68,4,64
107900317,108,45,63
107900318,34,155,-121
107900319,8,190,-182
107900320,5,108,-103
107900321,163,20,143
107900322,3,81,-78
107900323,11,122,-111
107900324,210,3,207
107900325,133,2,131
107900326,392,209,183
107900327,5,111,-106
107900328,86,2,84
107900329,123,143,-20
107900330,14,281,-267
107900331,229,31,198
107900332,302,26,276
107900333,75,28,47
107900334,29,107,-78
107900335,169,47,122
107900336,35,79,-44
107900337,848,938,-90
107900338,10,177,-167
107900339,3,30,-27
107900340,4,56,-52
107900341,65,1,64
107900342,146,136,10
107900343,79,3,76
107900344,7,54,-47
107900345,128,39,89
107900346,39,1,38
107900347,23,3,20
107900348,21,1,20
107900349,56,9,47
107900350,27,246,-219
108000001,3416,4105,-689
108000002,1899,2144,-245
108000003,4074,3988,86
108000004,12260,13838,-1578
108000005,9837,7243,2594
108000006,8247,7393,854
108000007,6103,4331,1772
108000008,4470,5901,-1431
108000009,4621,5037,-416
108000010,2954,4282,-1328
108000011,14601,13552,1049
108000012,15928,14738,1190
108000014,1094,1018,76
108000015,877,278,599
108000016,285,623,-338
108000017,1282,476,806
108000018,2197,838,1359
108000019,2854,1238,1616
108000020,1541,531,1010
108000021,385,1915,-1530
108000022,461,1261,-800
108000023,1395,247,1148
108000024,442,513,-71
108000025,442,322,120
108000026,810,379,431
108000027,890,385,505
108000028,716,245,471
108000029,602,476,126
108000030,824,247,577
108000031,286,750,-464
108000032,1990,696,1294
108000033,709,872,-163
108000034,2099,630,1469
108000035,836,2052,-1216
108000036,451,952,-501
108000037,2112,502,1610
108000038,3173,606,2567
108000039,479,1646,-1167
108000040,2138,1070,1068
108000041,656,1905,-1249
108000042,348,217,131
108000043,251,323,-72
108000044,697,159,538
108000045,404,453,-49
108000046,1752,359,1393
108000047,523,857,-334
108000048,267,325,-58
108000049,1427,315,1112
108000050,114,350,-236
108000051,426,142,284
108000052,267,532,-265
108000053,504,244,260
108000054,570,1149,-579
108000055,1215,621,594
108000056,954,1342,-388
108000057,692,1447,-755
108000058,2379,4290,-1911
108000059,3030,1915,1115
108000060,242,477,-235
108000061,184,286,-102
108000062,1095,663,432
108000063,591,452,139
108000064,251,240,11
108000065,610,504,106
108000066,1716,957,759
108000067,2178,775,1403
108000068,929,439,490
108000069,218,936,-718
108000070,2431,963,1468
108000071,683,1362,-679
108000072,2068,1276,792
108000073,1320,1587,-267
108000074,770,449,321
108000075,387,778,-391
108000076,1091,661,430
108000077,674,604,70
108000078,3187,1482,1705
108000079,859,1289,-430
108000080,1776,601,1175
108000081,571,1470,-899
108000082,1079,1662,-583
108000083,2194,1076,1118
108000084,372,964,-592
108000085,1038,512,526
108000086,858,714,144
108000087,216,2362,-2146
108000088,196,18,178
108000089,386,383,3
108000090,422,207,215
108000091,359,429,-70
108000092,183,92,91
108000093,233,421,-188
108000094,644,87,557
108000095,182,298,-116
108000096,376,188,188
108000097,177,363,-186
108000098,2117,1438,679
108000099,362,131,231
108000100,95,250,-155
108000101,1680,1544,136
108000102,2123,3864,-1741
108000106,1054,4,1050
108000107,2,1023,-1021
108000108,1160,76,1084
108000109,15,834,-819
108000110,219,290,-71
108000111,211,469,-258
108000112,57,161,-104
108000113,524,267,257
108000115,389,263,126
108000117,796,408,388
108000118,102,279,-177
108000119,735,383,352
108000120,203,772,-569
108000121,270,458,-188
108000122,643,333,310
108000123,942,228,714
108000124,356,415,-59
108000125,471,247,224
108000126,198,370,-172
108000127,637,267,370
108000128,677,352,325
108000129,353,766,-413
108000130,564,249,315
108000131,1064,491,573
108000132,1806,1179,627
108000133,1038,524,514
108000134,525,440,85
108000135,1274,498,776
108000136,323,761,-438
108000137,555,356,199
108000138,407,849,-442
108000139,661,338,323
108000140,136,31,105
108000141,37,61,-24
108000142,48,71,-23
108000143,31,18,13
108000144,81,17,64
108000145,44,15,29
108000146,108,13,95
108000147,54,17,37
108000148,105,11,94
108000149,25,28,-3
108000150,39,9,30
108000151,56,17,39
108000152,107,499,-392
108000153,589,138,451
108000154,61,7,54
108000155,31,32,-1
108000156,319,131,188
108000157,230,1236,-1006
108000158,90,884,-794
108000159,449,238,211
108000160,2495,1204,1291
108000161,2360,3338,-978
108000165,6,230,-224
108000172,7,269,-262
108000173,1560,2348,-788
108000175,377,134,243
108000178,456,314,142
108000179,183,1003,-820
108000181,112,31,81
108000182,109,11,98
108000183,61,49,12
108000184,995,2519,-1524
108000185,286,457,-171
108000186,198,79,119
108000187,108,576,-468
108000188,771,210,561
108000189,618,1737,-1119
108000190,33,164,-131
108000192,236,478,-242
108000193,1014,68,946
108000194,36,18,18
108000195,3,875,-872
108000196,207,195,12
108000198,540,240,300
108000199,1,233,-232
108000200,558,393,165
108000202,1,343,-342
108000203,151,613,-462
108000204,176,94,82
108000205,279,438,-159
108000339,1405,368,1037
108000364,140,352,-212
108000365,130,351,-221
108000367,257,402,-145
108000368,8,43,-35
108000369,750,305,445
108000371,6,594,-588
108000372,776,5,771
108000373,318,229,89
108000376,233,64,169
108000377,636,275,361
108000378,10410,11941,-1531
108000379,35,325,-290
108000381,86,10,76
108000382,156,2,154
108000383,2,171,-169
108900001,65,802,-737
108900002,224,77,147
108900003,277,540,-263
108900004,302,560,-258
108900005,54,411,-357
108900006,958,256,702
108900007,376,234,142
108900008,142,143,-1
108900009,119,125,-6
108900010,347,189,158
108900011,683,355,328
108900012,470,470,0
108900013,233,228,5
108900014,31,142,-111
108900015,0,140,-140
108900016,1,300,-299
108900017,233,448,-215
108900018,160,403,-243
108900019,66,556,-490
108900020,68,162,-94
108900021,189,198,-9
108900022,191,15,176
108900023,19,49,-30
108900024,39,110,-71
108900025,147,87,60
108900026,32,130,-98
108900027,0,78,-78
108900028,110,235,-125
108900029,61,190,-129
108900030,0,62,-62
108900031,137,271,-134
108900032,16,215,-199
108900033,0,81,-81
108900034,0,150,-150
108900035,306,1021,-715
108900036,224,197,27
108900037,75,298,-223
108900038,1,264,-263
108900039,3,299,-296
108900040,6,69,-63
108900041,4911,3832,1079
108900042,10,435,-425
108900043,96,505,-409
108900044,3,347,-344
108900045,86,306,-220
108900046,34,540,-506
108900047,2,173,-171
108900048,87,727,-640
108900049,2460,1508,952
108900050,0,177,-177
108900051,0,133,-133
108900052,31,175,-144
108900053,93,240,-147
108900054,116,199,-83
108900055,54,391,-337
108900056,0,110,-110
108900057,0,120,-120
108900058,45,297,-252
108900059,539,75,464
108900060,121,128,-7
108900061,106,43,63
108900062,7,231,-224
108900063,21,264,-243
108900064,276,46,230
108900065,6,153,-147
108900066,477,121,356
108900067,4,140,-136
108900068,3,96,-93
108900069,68,58,10
108900070,47,113,-66
108900071,119,66,53
108900072,2114,739,1375
108900073,30,193,-163
108900074,206,229,-23
108900075,36,45,-9
108900076,459,58,401
108900077,109,313,-204
108900078,43,118,-75
108900079,621,181,440
108900080,52,971,-919
108900081,73,237,-164
108900082,101,81,20
108900083,37,350,-313
108900084,374,148,226
108900085,2128,186,1942
108900086,169,159,10
108900087,74,161,-87
108900088,1065,394,671
108900089,16,150,-134
108900090,61,163,-102
108900091,136,65,71
108900092,650,324,326
108900093,127,105,22
108900094,321,100,221
108900095,196,359,-163
108900096,263,14,249
108900097,272,197,75
108900098,1829,892,937
108900099,436,218,218
108900100,119,143,-24
108900101,231,274,-43
108900102,101,1235,-1134
108900103,130,172,-42
108900104,117,346,-229
108900105,6,1428,-1422
108900106,506,304,202
108900108,461,83,378
108900109,164,82,82
108900110,264,354,-90
108900111,484,424,60
108900112,326,35,291
108900113,61,74,-13
108900114,26,7,19
108900115,70,93,-23
108900116,125,13,112
108900117,227,37,190
108900118,783,55,728
108900119,358,38,320
108900120,238,195,43
108900121,349,156,193
108900122,138,22,116
108900123,170,113,57
108900124,565,204,361
108900125,625,10,615
108900126,110,40,70
108900127,227,17,210
108900128,176,47,129
108900129,899,181,718
108900130,561,2,559
108900131,472,6,466
108900132,546,81,465
108900133,370,61,309
108900134,456,263,193
108900135,164,12,152
108900136,229,1,228
108900137,190,4,186
108900138,821,86,735
108900139,631,73,558
108900140,333,196,137
108900141,480,17,463
108900142,142,12,130
108900143,98,1,97
108900144,152,2,150
108900145,257,32,225
108900146,92,0,92
108900147,296,6,290
108900148,90,37,53
108900149,656,309,347
108900150,300,20,280
108900151,189,10,179
108900152,323,16,307
108900153,217,285,-68
108900154,5856,412,5444
108900155,294,92,202
108900156,105,13,92
108900157,37,385,-348
108900158,516,63,453
108900159,1,168,-167
108900160,10,191,-181
108900161,8,317,-309
108900162,148,11,137
108900163,4,344,-340
108900164,68,99,-31
108900165,119,96,23
108900167,1345,8315,-6970
108900168,6143,2878,3265
108900169,88,121,-33
108900171,6302,3530,2772
108900172,274,29,245
108900173,216,399,-183
108900174,1030,569,461
108900176,121,408,-287
108900177,4855,7537,-2682
108900178,3315,4321,-1006
108900179,606,2134,-1528
108900180,152,301,-149
108900182,52,367,-315
108900183,213,246,-33
108900184,710,248,462
108900185,117,477,-360
108900186,167,501,-334
108900187,492,49,443
108900188,771,57,714
108900189,630,164,466
108900190,51,2159,-2108
108900191,229,35,194
108900192,96,216,-120
108900193,383,103,280
108900194,34,653,-619
108900195,227,225,2
108900196,32,290,-258
108900198,6,326,-320
108900199,283,408,-125
108900200,703,492,211
108900201,466,1261,-795
108900203,526,145,381
108900204,469,10,459
108900205,189,33,156
108900206,718,138,580
108900207,214,135,79
108900208,26,355,-329
108900209,211,550,-339
108900210,232,199,33
108900211,225,598,-373
108900212,561,1876,-1315
108900215,66,357,-291
108900216,601,254,347
108900217,141,0,141
108900218,141,32,109
108900219,124,12,112
108900220,95,21,74
108900221,48,240,-192
108900222,335,20,315
108900223,15,183,-168
108900224,46,219,-173
108900225,2,227,-225
108900226,352,28,324
108900227,153,448,-295
108900230,201,181,20
108900231,39,178,-139
108900232,2,234,-232
108900233,577,154,423
108900234,367,168,199
108900235,216,604,-388
108900236,77,388,-311
108900237,74,186,-112
108900240,148,121,27
108900241,53,51,2
108900245,11,1604,-1593
108900249,185,58,127
108900250,353,122,231
108900257,267,419,-152
108900258,20,174,-154
108900259,105,57,48
108900260,15,66,-51
108900261,80,122,-42
108900262,138,138,0
108900263,46,153,-107
108900264,500,286,214
108900265,1000,552,448
108900266,625,701,-76
108900267,5,162,-157
108900268,9,10,-1
108900269,143,23,120
108900270,81,9,72
108900271,93,12,81
108900272,295,10,285
108900273,738,1009,-271
108900274,83,50,33
109000001,3111,2035,1076
109000002,1435,2224,-789
109000003,2975,533,2442
109000004,549,2003,-1454
109000005,2695,709,1986
109000006,800,2019,-1219
109000007,1829,672,1157
109000008,630,1552,-922
109000009,4321,1325,2996
109000010,1336,3192,-1856
109000011,3827,2640,1187
109000012,1990,2964,-974
109000013,4471,3916,555
109000014,2309,2913,-604
109000015,4306,8381,-4075
109000016,5790,3370,2420
109000017,2982,1452,1530
109000018,943,2604,-1661
109000019,2847,1459,1388
109000020,1040,1706,-666
109000023,345,44,301
109000024,19,224,-205
109000025,369,509,-140
109000026,748,348,400
109000027,116,394,-278
109000028,189,116,73
109000029,139,253,-114
109000030,63,499,-436
109000031,239,179,60
109000032,123,473,-350
109000033,431,269,162
109000034,81,47,34
109000035,24,54,-30
109000036,101,335,-234
109000037,303,1665,-1362
109000038,527,405,122
109000039,1261,1018,243
109000040,4651,10712,-6061
109000041,2365,2005,360
109000042,536,1342,-806
109000044,421,90,331
109000045,102,379,-277
109000046,394,81,313
109000047,95,502,-407
109000048,936,325,611
109000049,310,678,-368
109000050,491,331,160
109000051,288,308,-20
109000052,671,764,-93
109000053,298,92,206
109000054,333,452,-119
109000055,289,414,-125
109000056,426,385,41
109000057,938,447,491
109000058,916,288,628
109000059,779,1597,-818
109000060,421,403,18
109000061,826,1486,-660
109000062,149,412,-263
109000063,307,185,122
109000064,373,182,191
109000065,242,226,16
109000066,509,85,424
109000067,77,264,-187
109000068,2855,16,2839
109000069,1044,32,1012
109000070,15,1732,-1717
109000071,447,114,333
109000072,102,298,-196
109000073,50,115,-65
109000074,42,183,-141
109000075,64,333,-269
109000076,149,283,-134
109000077,391,272,119
109000078,123,174,-51
109000079,152,164,-12
109000080,189,107,82
109000081,141,442,-301
109000082,844,218,626
109000083,276,534,-258
109000088,129,404,-275
109000089,334,77,257
109000090,140,407,-267
109000091,445,249,196
109000092,370,455,-85
109000093,302,208,94
109000094,615,2,613
109000095,124,312,-188
109000096,839,279,560
109000097,94,163,-69
109000098,68,193,-125
109000099,1287,399,888
109000100,418,593,-175
109000101,2125,758,1367
109000102,518,784,-266
109000103,569,645,-76
109000104,2227,636,1591
109000105,596,1223,-627
109000106,2305,921,1384
109000107,677,1879,-1202
109000108,2182,694,1488
109000109,549,1527,-978
109000110,1526,635,891
109000111,1036,1705,-669
109000112,484,131,353
109000113,436,287,149
109000114,235,415,-180
109000115,1307,42,1265
109000116,8,222,-214
109000117,328,75,253
109000118,11,304,-293
109000119,1687,231,1456
109000120,211,657,-446
109000121,630,46,584
109000122,152,639,-487
109000123,73,60,13
109000124,777,354,423
109000125,889,341,548
109000126,518,732,-214
109000127,1208,232,976
109000128,512,1128,-616
109000129,2855,814,2041
109000130,516,1455,-939
109000131,1053,722,331
109000132,730,1620,-890
109000133,373,888,-515
109000134,886,1229,-343
109000135,1426,2005,-579
109000136,328,337,-9
109000137,379,418,-39
109000138,503,324,179
109000139,608,411,197
109000140,245,304,-59
109000141,685,529,156
109000142,172,540,-368
109000143,130,95,35
109000145,168,243,-75
109000146,53,134,-81
109000148,3468,2288,1180
109000149,24,46,-22
109000150,84,265,-181
109000155,953,763,190
109000156,1135,707,428
109000158,191,338,-147
109000159,218,677,-459
109000160,1157,297,860
109000161,416,1030,-614
109000162,2497,707,1790
109000163,1268,1644,-376
109000164,1470,2168,-698
109000165,1573,526,1047
109000166,844,105,739
109000167,132,490,-358
109000170,60,60,0
109000171,65,52,13
109000172,31,50,-19
109000173,45,110,-65
109000174,150,63,87
109000175,60,71,-11
109000176,400,258,142
109000177,28,121,-93
109000178,1010,696,314
109000179,4453,5661,-1208
109000180,5711,4260,1451
109000181,17,33,-16
109000182,50,20,30
109000183,39,27,12
109000184,34,23,11
109000185,33,48,-15
109000188,560,1560,-1000
109000189,2600,951,1649
109000190,708,542,166
109000191,357,450,-93
109000192,545,159,386
109000193,268,224,44
109000194,283,78,205
109000195,173,258,-85
109000196,377,97,280
109000197,251,314,-63
109000198,428,82,346
109000199,175,449,-274
109000206,296,35,261
109000207,176,36,140
109000208,100,119,-19
109000209,210,144,66
109000210,242,558,-316
109000211,671,435,236
109000214,456,294,162
109000215,125,104,21
109000216,254,367,-113
109000217,381,127,254
109000218,510,220,290
109000221,524,920,-396
109000222,984,286,698
109000223,383,393,-10
109000224,56,108,-52
109000225,92,32,60
109000226,64,145,-81
109000227,1261,1184,77
109000228,4,1816,-1812
109000231,332,308,24
109000232,420,232,188
109000236,409,634,-225
109000241,2522,1903,619
109000242,2131,1265,866
109000293,29,49,-20
109000361,98,196,-98
109000364,320,600,-280
109000396,3,441,-438
109000397,559,11,548
109000399,111,375,-264
109000400,87,288,-201
109000403,101,1073,-972
109000406,413,5,408
109000407,292,179,113
109000408,1,427,-426
109000410,1262,313,949
109000411,254,28,226
109900001,136,0,136
109900002,772,20,752
109900003,311,1,310
109900004,844,129,715
109900005,33,7,26
109900006,739,183,556
109900007,1058,436,622
109900008,0,38,-38
109900009,188,518,-330
109900010,706,32,674
109900011,94,70,24
109900012,414,233,181
109900013,436,156,280
109900014,473,76,397
109900015,451,196,255
109900016,182,28,154
109900017,191,218,-27
109900018,311,51,260
109900019,310,45,265
109900020,63,47,16
109900021,45,20,25
109900022,176,241,-65
109900023,28,10,18
109900024,34,12,22
109900025,23,47,-24
109900026,1,180,-179
109900027,64,63,1
109900028,1049,1099,-50
109900029,2,231,-229
109900030,59,18,41
109900031,4,287,-283
109900032,14,311,-297
109900033,7,514,-507
109900034,47,15,32
109900035,23,33,-10
109900036,36,61,-25
109900037,19,403,-384
109900038,132,271,-139
109900039,8,0,8
109900040,43,439,-396
109900041,86,327,-241
109900042,66,1432,-1366
109900044,255,212,43
109900045,243,117,126
109900046,21,68,-47
109900047,351,317,34
109900048,14,98,-84
109900049,21,55,-34
109900050,1,93,-92
109900051,0,32,-32
109900052,97,291,-194
109900053,3,185,-182
109900054,864,232,632
109900055,84,248,-164
109900056,13,194,-181
109900057,8,104,-96
109900058,0,74,-74
109900059,938,142,796
109900060,552,123,429
109900061,95,272,-177
109900062,0,133,-133
109900063,31,455,-424
109900064,586,239,347
109900065,83,129,-46
109900066,392,714,-322
109900067,1,166,-165
109900068,124,3,121
109900069,8,30,-22
109900070,51,246,-195
109900071,4,24,-20
109900072,20,158,-138
109900073,519,441,78
109900074,26,32,-6
109900075,17,77,-60
109900076,17,117,-100
109900077,42,58,-16
109900078,91,225,-134
109900080,133,277,-144
109900081,19,230,-211
109900082,42,299,-257
109900083,23,67,-44
109900084,58,128,-70
109900085,194,564,-370
109900086,171,452,-281
109900087,288,580,-292
109900089,776,222,554
109900090,507,950,-443
109900091,445,111,334
109900092,1837,75,1762
109900093,1143,177,966
109900094,131,103,28
109900095,164,220,-56
109900096,38,7,31
109900097,98,4,94
109900098,474,61,413
109900099,254,1,253
109900100,57,1,56
109900101,610,17,593
109900102,600,44,556
109900103,37,48,-11
109900104,627,577,50
109900105,556,26,530
109900106,798,72,726
109900107,1228,96,1132
109900108,180,389,-209
109900109,31,202,-171
109900110,100,316,-216
109900111,308,732,-424
109900112,338,473,-135
109900113,1046,666,380
109900114,939,1695,-756
109900115,211,129,82
109900117,1106,165,941
109900118,218,418,-200
109900119,568,460,108
109900120,92,30,62
109900121,442,555,-113
109900122,500,10,490
109900123,40,155,-115
109900124,67,343,-276
109900125,3,194,-191
109900126,315,95,220
109900128,362,51,311
109900130,5523,2437,3086
109900131,63,160,-97
109900132,39,143,-104
109900133,121,264,-143
109900134,129,113,16
109900135,358,86,272
109900136,61,132,-71
109900137,230,283,-53
109900140,236,134,102
109900142,1611,339,1272
109900145,7,576,-569
109900146,430,75,355
109900148,67,78,-11
109900149,34,62,-28
109900150,15,96,-81
109900151,15,65,-50
109900152,2,50,-48
109900153,0,93,-93
109900154,122,1,121
109900155,54,33,21
109900157,64,216,-152
109900158,80,146,-66
109900159,149,36,113
109900160,169,60,109
109900161,230,83,147
109900162,212,99,113
109900163,711,327,384
109900164,113,241,-128
109900165,280,5,275
109900166,0,142,-142
109900167,193,429,-236
109900168,253,626,-373
109900169,301,167,134
109900170,248,1235,-987
109900171,196,93,103
109900172,267,342,-75
109900173,2536,2675,-139
109900174,101,133,-32
109900175,86,65,21
109900176,164,170,-6
109900177,51,181,-130
109900178,11,274,-263
109900179,63,16,47
109900180,3,17,-14
110000001,1083,550,533
110000002,658,869,-211
110000003,986,805,181
110000004,510,802,-292
110000005,462,2122,-1660
110000006,364,339,25
110000007,179,141,38
110000008,30,85,-55
110000009,43,14,29
110000010,50,58,-8
110000011,55,59,-4
110000012,771,358,413
110000013,57,627,-570
110000014,633,412,221
110000015,308,731,-423
110000016,252,1823,-1571
110000017,3197,286,2911
110000018,2925,498,2427
110000019,19,132,-113
110000020,917,277,640
110000021,638,625,13
110000022,1181,273,908
110000023,17,233,-216
110000024,741,630,111
110000025,392,10,382
110000026,8,296,-288
110000027,769,1326,-557
110000028,991,763,228
110000029,613,614,-1
110000030,291,418,-127
110000031,351,424,-73
110000032,776,376,400
110000033,332,237,95
110000034,543,697,-154
110000035,1109,604,505
110000036,1099,691,408
110000037,323,482,-159
110000038,312,710,-398
110000039,772,4133,-3361
110000040,358,437,-79
110000041,296,1743,-1447
110000042,113,656,-543
110000043,1008,420,588
110000044,212,1005,-793
110000045,1771,229,1542
110000046,11,102,-91
110000047,104,102,2
110000048,24,99,-75
110000049,113,32,81
110000050,35,96,-61
110000051,42,26,16
110000052,41,34,7
110000053,179,21,158
110000054,216,742,-526
110000055,807,82,725
110000056,275,154,121
110000057,437,651,-214
110000058,1441,541,900
110000059,1236,526,710
110000060,1052,1184,-132
110000061,1105,775,330
110000062,845,961,-116
110000063,44,161,-117
110000064,101,53,48
110000065,131,79,52
110000066,115,44,71
110000067,109,178,-69
110000068,359,148,211
110000069,385,76,309
110000071,236,95,141
110000073,18,14,4
110000075,23,98,-75
110000076,381,523,-142
110000077,471,1452,-981
110000078,32,49,-17
110000080,268,688,-420
110000081,63,321,-258
110000082,35,495,-460
110000083,196,538,-342
110000084,1428,1058,370
110000085,1745,1831,-86
110000086,1502,2669,-1167
110000087,18,52,-34
110000088,114,250,-136
110000089,302,102,200
110000090,275,244,31
110000091,1054,259,795
110000092,36,75,-39
110000093,51,7,44
110000094,583,248,335
110000095,336,622,-286
110000096,1931,2102,-171
110000097,1216,1470,-254
110000098,2391,694,1697
110000099,851,1626,-775
110000100,1094,387,707
110000101,20,273,-253
110000102,90,27,63
110000104,469,179,290
110000105,80,328,-248
110000106,816,502,314
110000107,249,392,-143
110000108,178,96,82
110000109,303,290,13
110000110,3005,5781,-2776
110000111,6097,3556,2541
110000112,1135,1473,-338
110000113,298,2297,-1999
110000114,327,1004,-677
110000115,432,374,58
110000116,62,56,6
110000117,383,318,65
110000118,557,154,403
110000119,325,340,-15
110000120,400,196,204
110000121,93,505,-412
110000122,489,651,-162
110000123,726,860,-134
110000124,3,841,-838
110000125,1170,3,1167
110000126,311,30,281
110000127,1271,79,1192
110000128,58,1371,-1313
110000129,2,546,-544
110000130,235,230,5
110000131,83,235,-152
110000132,3,700,-697
110000133,40,546,-506
110000134,34,340,-306
110000135,202,25,177
110000136,102,258,-156
110000137,632,503,129
110000138,892,656,236
110000139,1017,934,83
110000140,998,605,393
110000143,647,394,253
110000144,5677,2235,3442
110000145,2051,1509,542
110000146,2933,1043,1890
110000147,846,806,40
110000148,811,310,501
110000151,1150,1453,-303
110000152,931,498,433
110000153,164,20,144
110000154,39,44,-5
110000155,1959,4601,-2642
110000156,1030,2807,-1777
110000157,2199,2869,-670
110000160,598,286,312
110000161,261,288,-27
110000166,783,140,643
110000167,1125,597,528
110000168,1233,568,665
110000169,1123,421,702
110000170,133,81,52
110000171,715,186,529
110000172,187,804,-617
110000173,1101,1085,16
110000174,176,851,-675
110000175,891,84,807
110000176,233,393,-160
110000177,244,989,-745
110000178,468,1865,-1397
110000179,1415,332,1083
110000180,226,275,-49
110000181,608,431,177
110000182,294,151,143
110000183,9257,9134,123
110000184,424,3149,-2725
110000185,1611,1033,578
110000186,889,796,93
110000191,1227,274,953
110000192,705,12,693
110000193,1420,11,1409
110000194,11,990,-979
110000195,554,269,285
110000196,498,303,195
110000197,127,158,-31
110000198,112,81,31
110000199,95,124,-29
110000200,987,461,526
110000201,1052,1252,-200
110000202,1546,740,806
110000203,640,649,-9
110000204,8,240,-232
110000205,146,61,85
110000206,717,1223,-506
110000207,1386,461,925
110000208,357,289,68
110000209,152,1832,-1680
110000210,1576,510,1066
110000211,1337,1355,-18
110000212,592,1239,-647
110000213,316,70,246
110000214,312,99,213
110000215,180,334,-154
110000216,118,245,-127
110000217,423,159,264
110000218,212,254,-42
110000219,392,88,304
110000220,99,229,-130
110000221,452,56,396
110000222,82,169,-87
110000223,0,221,-221
110000224,54,10,44
110000225,311,730,-419
110000226,234,74,160
110000227,935,961,-26
110000228,332,150,182
110000229,1,239,-238
110000230,751,928,-177
110000231,189,206,-17
110000232,248,329,-81
110000233,263,312,-49
110000234,1263,2081,-818
110000235,1391,1362,29
110000236,686,691,-5
110000237,2793,1933,860
110000238,1300,1484,-184
110000239,2161,1218,943
110000240,2,117,-115
110000242,1,36,-35
110000243,164,122,42
110000244,153,882,-729
110000245,37,444,-407
110000246,1086,588,498
110000247,1327,5331,-4004
110000248,2202,1735,467
110000249,84,24,60
110000250,54,201,-147
110000251,398,542,-144
110000252,327,202,125
110000253,1488,633,855
110000254,699,1255,-556
110000255,255,931,-676
110000256,513,313,200
110000257,637,453,184
110000258,8,559,-551
110000259,205,35,170
110000260,30,238,-208
110000263,761,124,637
110000264,383,458,-75
110000265,1555,2284,-729
110000266,2357,3742,-1385
110000267,27,200,-173
110000268,334,481,-147
110000269,3,69,-66
110000270,119,12,107
110000271,1436,299,1137
110000272,1423,1270,153
110000273,3685,2050,1635
110000274,235,1984,-1749
110000275,2111,706,1405
110000276,266,471,-205
110000277,370,377,-7
110000278,486,637,-151
110000279,1012,757,255
110000280,525,507,18
110000281,61,446,-385
110000282,359,28,331
110000283,77,186,-109
110000284,61,40,21
110000285,1,838,-837
110000286,26,0,26
110000287,90,4,86
110000288,7,109,-102
110000289,469,2186,-1717
110000290,864,663,201
110000291,5242,1452,3790
110000292,1551,5332,-3781
110000293,715,672,43
110000294,1194,1195,-1
110000295,229,926,-697
110000296,577,351,226
110000297,2831,379,2452
110000298,223,500,-277
110000299,301,89,212
110000301,426,29,397
110000302,391,833,-442
110000303,604,9,595
110000304,250,226,24
110000305,1420,18,1402
110000306,238,1102,-864
110000307,1953,10,1943
110000308,690,7,683
110000309,11,731,-720
110000310,912,80,832
110000311,17,621,-604
110000312,546,123,423
110000313,2933,3319,-386
110000314,1,235,-234
110000315,3150,3560,-410
110000316,640,1653,-1013
110000317,555,1483,-928
110000318,10,66,-56
110000319,19,59,-40
110000320,37,86,-49
110000321,17,48,-31
110000322,319,420,-101
110000323,603,291,312
110000324,3432,2100,1332
110000325,2955,3289,-334
110000327,599,369,230
110000328,196,465,-269
110000333,1072,937,135
110000334,829,1492,-663
110000335,1221,637,584
110000336,961,1229,-268
110000337,1707,638,1069
110000338,589,210,379
110000339,351,284,67
110000340,60,231,-171
110000341,517,468,49
110000342,592,5,587
110000343,0,26,-26
110000344,488,283,205
110000345,420,353,67
110000346,2703,2334,369
110000347,1372,890,482
110000348,20,20,0
110000349,11,17,-6
110000350,33,9,24
110000351,1376,819,557
110000352,761,1736,-975
110000353,3821,653,3168
110000354,1253,3982,-2729
110000355,127,84,43
110000356,1263,27,1236
110000357,592,22,570
110000361,60,34,26
110000362,124,77,47
110000363,598,120,478
110000364,339,434,-95
110000365,217,1,216
110000366,0,139,-139
110000367,582,230,352
110000368,3,75,-72
110000369,62,6,56
110000373,1,282,-281
110000374,144,19,125
110000375,126,961,-835
110000376,58,134,-76
110000377,125,592,-467
110000378,20,432,-412
110000379,3271,2410,861
110000380,103,22,81
110000383,2,1189,-1187
110000384,1696,1073,623
110000385,0,211,-211
110000387,95,10,85
110000388,53,239,-186
110000389,954,9,945
110000391,959,306,653
110000396,250,147,103
110000397,143,154,-11
110000398,4,49,-45
110000399,171,5,166
110000587,148,109,39
110000589,204,148,56
110000640,183,58,125
110000652,9,436,-427
110000653,311,488,-177
110000654,176,566,-390
110000656,1,522,-521
110000674,44,52,-8
110000675,35,89,-54
110000676,27,51,-24
110000679,302,1468,-1166
110000682,149,251,-102
110000683,425,600,-175
110000684,12,62,-50
110000685,7,18,-11
110000686,4,67,-63
110000687,143,1,142
110000688,58,1194,-1136
110000689,41,35,6
110000692,57,285,-228
110000693,96,546,-450
110000694,0,161,-161
110000695,197,868,-671
110000696,92,72,20
110900001,358,33,325
110900002,335,186,149
110900003,932,534,398
110900004,612,145,467
110900005,2050,2892,-842
110900006,61,23,38
110900007,197,44,153
110900008,11,43,-32
110900009,540,169,371
110900010,13,78,-65
110900011,33,64,-31
110900012,27,83,-56
110900013,1229,117,1112
110900014,398,30,368
110900015,462,706,-244
110900016,52,125,-73
110900017,569,37,532
110900018,501,92,409
110900019,262,23,239
110900020,106,204,-98
110900021,107,438,-331
110900022,112,248,-136
110900023,169,769,-600
110900024,38,353,-315
110900025,10,54,-44
110900027,48,221,-173
110900028,39,136,-97
110900029,25,302,-277
110900030,56,228,-172
110900031,5,187,-182
110900032,0,73,-73
110900033,71,210,-139
110900035,30,449,-419
110900036,99,30,69
110900037,83,30,53
110900038,1086,143,943
110900039,11,245,-234
110900040,260,29,231
110900041,29,83,-54
110900042,174,48,126
110900043,3,75,-72
110900044,200,30,170
110900045,61,325,-264
110900046,35,186,-151
110900047,502,418,84
110900049,122,130,-8
110900050,29,4,25
110900051,43,187,-144
110900052,6,149,-143
110900053,173,34,139
110900054,48,157,-109
110900055,56,4,52
110900056,39,116,-77
110900057,16,131,-115
110900058,314,293,21
110900059,609,565,44
110900060,465,128,337
110900061,14,46,-32
110900062,210,211,-1
110900063,87,155,-68
110900064,10,0,10
110900065,288,180,108
110900066,15,118,-103
110900067,404,660,-256
110900068,380,234,146
110900069,11,21,-10
110900071,227,791,-564
110900073,0,15,-15
110900074,475,96,379
110900075,476,95,381
110900077,982,606,376
110900078,55,52,3
110900079,1921,1793,128
110900080,137,71,66
110900081,9,60,-51
110900082,171,76,95
110900083,130,65,65
110900084,54,69,-15
110900085,145,266,-121
110900086,91,336,-245
110900087,460,63,397
110900088,4,0,4
110900090,53,59,-6
110900091,0,50,-50
110900093,296,115,181
110900095,94,55,39
110900097,20,18,2
110900098,49,62,-13
110900099,140,387,-247
110900100,0,13,-13
110900102,66,18,48
110900105,2099,249,1850
110900108,12,63,-51
110900111,637,192,445
110900112,937,15,922
110900113,493,74,419
110900115,54,56,-2
110900116,803,1499,-696
110900118,140,3653,-3513
110900119,3035,292,2743
110900120,28,59,-31
110900121,157,0,157
110900122,531,199,332
110900125,431,513,-82
110900127,608,1733,-1125
110900128,276,341,-65
110900129,360,906,-546
110900130,949,659,290
110900131,417,45,372
110900132,409,97,312
110900133,193,151,42
110900135,70,283,-213
110900136,387,24,363
110900137,59,2,57
110900138,1502,1320,182
110900139,15,362,-347
110900140,72,6,66
110900141,11,353,-342
110900142,66,145,-79
110900143,280,89,191
110900144,3,517,-514
110900145,192,74,118
110900146,457,269,188
110900147,103,709,-606
110900148,3,295,-292
110900149,5,72,-67
110900150,92,28,64
110900151,13,142,-129
110900152,36,208,-172
110900153,185,140,45
111000001,719,459,260
111000002,676,466,210
111000003,1240,688,552
111000004,417,863,-446
111000005,1326,1212,114
111000006,925,1738,-813
111000007,5368,3014,2354
111000008,1910,3256,-1346
111000009,450,887,-437
111000010,864,300,564
111000011,380,1251,-871
111000012,667,470,197
111000013,532,1255,-723
111000014,1363,483,880
111000017,143,1169,-1026
111000018,244,447,-203
111000020,1037,2325,-1288
111000021,100,122,-22
111000023,106,124,-18
111000025,4354,4340,14
111000029,106,122,-16
111000030,30,107,-77
111000031,2561,1607,954
111000032,518,371,147
111000033,319,324,-5
111000034,112,283,-171
111000037,1314,820,494
111000038,3581,2437,1144
111000039,1995,2154,-159
111000040,1801,1974,-173
111000041,1602,1575,27
111000042,2686,2395,291
111000043,2444,3671,-1227
111000044,2313,1212,1101
111000045,2892,2754,138
111000046,2009,2037,-28
111000047,3131,4667,-1536
111000049,532,554,-22
111000050,1580,1229,351
111000051,643,935,-292
111000052,643,1507,-864
111000053,418,852,-434
111000054,428,706,-278
111000055,1073,1480,-407
111000056,167,460,-293
111000057,110,507,-397
111000058,532,86,446
111000059,583,344,239
111000060,4615,1098,3517
111000061,700,411,289
111000062,997,373,624
111000063,2090,1112,978
111000064,882,641,241
111000065,1491,977,514
111000066,683,491,192
111000067,650,589,61
111000068,743,1048,-305
111000069,1824,1986,-162
111000070,1217,908,309
111000071,226,552,-326
111000072,1510,571,939
111000073,353,1006,-653
111000074,1934,1848,86
111000075,1192,715,477
111000076,620,739,-119
111000077,1883,1567,316
111000078,2994,1427,1567
111000079,1520,814,706
111000080,630,669,-39
111000081,1911,5132,-3221
111000082,1016,568,448
111000084,1075,741,334
111000085,1096,1195,-99
111000086,3101,905,2196
111000087,793,617,176
111000088,6734,2921,3813
111000089,938,853,85
111000090,936,1404,-468
111000091,909,533,376
111000092,1570,851,719
111000093,951,1121,-170
111000094,1960,1158,802
111000095,778,2439,-1661
111000096,1719,8250,-6531
111000097,4886,1739,3147
111000098,976,1144,-168
111000099,768,1636,-868
111000100,468,1374,-906
111000101,513,994,-481
111000102,361,748,-387
111000104,950,247,703
111000107,203,848,-645
111000109,1218,313,905
111000110,1844,798,1046
111000111,2633,552,2081
111000112,2053,695,1358
111000113,1197,1945,-748
111000114,2296,4224,-1928
111000115,5380,1238,4142
111000116,924,822,102
111000117,468,923,-455
111000118,1543,813,730
111000119,1237,988,249
111000120,562,694,-132
111000121,418,703,-285
111000122,517,1061,-544
111000123,1236,2310,-1074
111000124,422,2237,-1815
111000125,288,1210,-922
111000126,101,743,-642
111000127,1216,208,1008
111000128,2414,302,2112
111000129,3300,592,2708
111000130,2745,715,2030
111000131,2136,547,1589
111000132,1873,972,901
111000133,244,153,91
111000134,152,129,23
111000135,52,210,-158
111000136,392,366,26
111000138,29,6,23
111000140,1,4,-3
111000141,233,509,-276
111000142,15,180,-165
111000143,2,242,-240
111000144,57,1084,-1027
111000145,1119,35,1084
111000146,121,15,106
111000147,383,32,351
111000148,203,101,102
111000149,1,29,-28
111000150,32,6,26
111000151,16,22,-6
111000153,664,750,-86
111000154,751,213,538
111000155,133,223,-90
111000156,657,756,-99
111000157,287,1224,-937
111000158,1117,850,267
111000159,3434,887,2547
111000160,555,366,189
111000161,18,358,-340
111000162,108,151,-43
111000163,824,857,-33
111000164,720,4152,-3432
111000165,974,473,501
111000166,1790,379,1411
111000167,231,459,-228
111000168,245,432,-187
111000169,381,621,-240
111000170,438,398,40
111000171,545,621,-76
111000172,185,422,-237
111000173,460,745,-285
111000174,284,289,-5
111000175,77,467,-390
111000176,503,122,381
111000177,441,226,215
111000178,1441,433,1008
111000179,266,154,112
111000180,337,523,-186
111000181,1568,266,1302
111000182,329,204,125
111000183,382,371,11
111000184,378,272,106
111000185,419,379,40
111000186,291,251,40
111000187,172,178,-6
111000188,302,318,-16
111000189,917,636,281
111000190,275,272,3
111000191,218,242,-24
111000192,214,426,-212
111000193,333,276,57
111000194,64,277,-213
111000195,148,298,-150
111000196,89,182,-93
111000197,538,122,416
111000198,680,140,540
111000199,264,137,127
111000200,514,326,188
111000201,838,226,612
111000202,417,177,240
111000203,377,306,71
111000204,483,1398,-915
111000213,284,472,-188
111000214,1571,1266,305
111000215,1230,1134,96
111000217,1752,924,828
111000218,1514,1160,354
111000219,453,217,236
111000220,1334,961,373
111000221,565,99,466
111000224,0,273,-273
111000225,468,476,-8
111000226,90,3,87
111000227,39,6,33
111000228,43,480,-437
111000229,193,985,-792
111000230,256,340,-84
111000231,1145,643,502
111000232,721,870,-149
111000233,1273,700,573
111000234,156,474,-318
111000239,107,152,-45
111000240,72,212,-140
111000241,43,296,-253
111000242,256,85,171
111000243,148,501,-353
111000244,684,80,604
111000245,1292,381,911
111000246,693,322,371
111000247,479,714,-235
111000248,775,411,364
111000249,501,534,-33
111000250,63,93,-30
111000251,48,108,-60
111000253,23,23,0
111000255,56,10,46
111000257,56,22,34
111000260,98,1167,-1069
111000261,1531,146,1385
111000271,62,248,-186
111000273,3353,1284,2069
111000274,1641,2732,-1091
111000275,189,64,125
111000276,306,1510,-1204
111000277,246,359,-113
111000278,775,242,533
111000291,836,7167,-6331
111000298,605,218,387
111000299,761,183,578
111000300,136,532,-396
111000302,373,63,310
111000303,81,224,-143
111000312,60,105,-45
111000315,0,108,-108
111000320,302,626,-324
111000321,595,140,455
111000322,376,408,-32
111000323,363,30,333
111000324,506,211,295
111000325,55,75,-20
111000326,223,307,-84
111000327,445,346,99
111000328,364,557,-193
111000329,0,18,-18
111000330,83,7,76
111000331,35,4,31
111000332,715,1314,-599
111000334,413,1101,-688
111000335,1087,298,789
111000337,1528,415,1113
111000338,84,106,-22
111000339,801,292,509
111000340,116,467,-351
111000341,1449,701,748
111000342,336,1524,-1188
111000344,1200,651,549
111000345,244,122,122
111000346,24,153,-129
111000347,169,11,158
111000350,183,156,27
111000351,139,327,-188
111000352,209,161,48
111000353,153,298,-145
111000354,615,138,477
111000355,298,718,-420
111000358,215,986,-771
111000360,217,510,-293
111000361,210,216,-6
111000546,935,661,274
111000547,512,469,43
111000548,129,334,-205
111000549,351,234,117
111000550,71,975,-904
111000551,789,169,620
111000552,1925,318,1607
111000907,555,70,485
111000908,36,1,35
111000916,1979,334,1645
111000917,49,385,-336
111000918,304,644,-340
111000920,656,24,632
111000921,6,165,-159
111000922,604,267,337
111000924,83,654,-571
111000925,2867,1941,926
111000926,1152,1392,-240
111000927,3201,4580,-1379
111000928,4325,2777,1548
111000929,1589,1313,276
111000930,767,1835,-1068
111000931,2492,2810,-318
111000932,4143,2080,2063
111000933,4312,2798,1514
111000934,2023,3495,-1472
111000935,1945,1105,840
111000936,1102,1977,-875
111000937,1339,1476,-137
111000938,1487,1470,17
111000939,641,62,579
111000940,622,131,491
111000941,478,408,70
111000943,540,260,280
111000944,163,278,-115
111000945,146,1165,-1019
111001109,505,386,119
111001110,188,501,-313
111001111,83,17,66
111001112,120,2,118
111001113,4,185,-181
111001114,865,192,673
111001115,30,713,-683
111001116,4584,4344,240
111001117,619,2873,-2254
111001120,136,351,-215
111001121,181,184,-3
111001122,233,412,-179
111001123,404,71,333
111001124,93,167,-74
111900001,17,122,-105
111900002,21,633,-612
111900003,5,259,-254
111900004,43,128,-85
111900006,13,75,-62
111900007,143,13,130
111900008,298,3,295
111900009,259,143,116
111900010,349,388,-39
111900012,63,88,-25
111900013,46,84,-38
111900014,4060,4807,-747
111900015,2,31,-29
111900016,1,106,-105
111900017,0,102,-102
111900018,190,12,178
111900019,5,159,-154
111900020,1,57,-56
111900021,37,83,-46
111900022,19,68,-49
111900023,146,91,55
111900024,19,96,-77
111900025,0,34,-34
111900026,1,66,-65
111900027,1,110,-109
111900028,1,293,-292
111900029,6,70,-64
111900030,34,419,-385
111900031,0,21,-21
111900032,1,261,-260
111900033,16,80,-64
111900034,207,460,-253
111900035,65,192,-127
111900036,1,194,-193
111900038,245,563,-318
111900039,63,347,-284
111900040,2,362,-360
111900042,57,119,-62
111900043,10,245,-235
111900044,342,193,149
111900046,36,132,-96
111900048,337,466,-129
111900049,16,183,-167
111900050,149,36,113
111900051,2,235,-233
111900052,338,390,-52
111900053,1028,1944,-916
111900054,198,5,193
111900055,27,357,-330
111900056,167,348,-181
111900057,201,20,181
111900058,492,515,-23
111900059,1673,720,953
111900060,445,4,441
111900061,11,131,-120
111900062,24,70,-46
111900063,441,237,204
111900064,93,146,-53
111900065,107,36,71
111900066,184,224,-40
111900067,3,274,-271
111900068,48,49,-1
111900069,94,31,63
111900070,179,92,87
111900071,0,216,-216
111900072,72,34,38
111900073,1132,152,980
111900074,13,193,-180
111900075,132,13,119
111900076,230,65,165
111900077,57,0,57
111900078,410,24,386
111900079,54,48,6
111900080,280,307,-27
111900082,150,37,113
111900083,190,32,158
111900084,113,5,108
111900085,52,117,-65
111900086,43,5,38
111900087,58,3,55
111900088,578,12,566
111900089,130,7,123
111900090,85,55,30
111900091,301,7,294
111900092,143,0,143
111900093,518,11,507
111900094,146,2,144
111900095,323,59,264
111900096,261,0,261
111900097,98,1,97
111900098,292,7,285
111900099,61,0,61
111900100,162,7,155
111900101,170,40,130
111900102,741,446,295
111900103,111,149,-38
111900104,232,141,91
111900105,393,249,144
111900106,941,42,899
111900110,1603,441,1162
111900111,268,102,166
111900112,577,3208,-2631
111900113,297,100,197
111900118,415,96,319
111900119,398,188,210
111900122,157,86,71
111900123,22,34,-12
111900124,57,98,-41
111900125,660,45,615
111900126,339,6,333
111900127,4,531,-527
111900128,3,446,-443
111900129,366,11,355
111900130,311,41,270
111900131,624,2,622
111900132,28,853,-825
111900133,23,258,-235
111900134,6,157,-151
111900135,22,57,-35
111900136,98,160,-62
111900137,76,55,21
111900138,17,78,-61
111900139,17,102,-85
111900140,147,27,120
111900141,83,18,65
111900142,123,36,87
111900143,50,197,-147
111900144,0,66,-66
111900145,2,350,-348
111900146,2,172,-170
111900147,121,358,-237
111900148,36,482,-446
111900149,8,218,-210
111900150,12,144,-132
111900151,5,19,-14
111900152,70,90,-20
111900153,1081,650,431
111900154,16,367,-351
111900155,54,132,-78
111900156,88,80,8
111900157,160,17,143
111900158,629,98,531
111900159,372,34,338
111900160,363,3,360
111900161,171,8,163
111900162,116,202,-86
111900163,72,215,-143
111900164,129,72,57
111901113,673,125,548
111901114,241,264,-23
111901115,94,3,91
111901116,44,3,41
111901117,19,29,-10
111901118,64,280,-216
111901119,559,83,476
111901121,148,148,0
111901122,6,381,-375
111901123,275,253,22
111901124,346,4,342
111901125,492,187,305
111901127,472,748,-276
111901128,15,71,-56
111901129,7,129,-122
111901130,9,142,-133
111901131,3,305,-302
111901132,92,33,59
111901133,61,0,61
111901134,165,6,159
111901135,41,16,25
111901136,84,100,-16
111901137,0,36,-36
111901138,235,34,201
111901139,22,28,-6
111901140,4,94,-90
111901141,12,128,-116
111901142,5,95,-90
111901143,3,88,-85
111901144,58,44,14
111901145,241,425,-184
111901146,333,17,316
112000001,2264,747,1517
112000002,727,2027,-1300
112000003,1941,1154,787
112000004,803,820,-17
112000005,4144,4074,70
112000006,2164,1653,511
112000007,4489,2849,1640
112000008,3306,4376,-1070
112000009,3284,2614,670
112000010,4122,4703,-581
112000011,1782,1603,179
112000012,6035,7215,-1180
112000013,3964,4130,-166
112000014,2683,3939,-1256
112000015,2639,4394,-1755
112000016,7069,3655,3414
112000017,3135,5313,-2178
112000024,2343,929,1414
112000026,2849,3438,-589
112000027,1025,773,252
112000028,1117,1579,-462
112000029,789,1018,-229
112000030,188,110,78
112000031,1750,6171,-4421
112000032,290,90,200
112000033,2320,3326,-1006
112000034,200,80,120
112000035,113,877,-764
112000036,1027,1831,-804
112000037,1306,1280,26
112000038,1674,1961,-287
112000039,118,108,10
112000040,93,226,-133
112000041,488,463,25
112000042,1095,543,552
112000050,1314,1687,-373
112000051,1314,2319,-1005
112000054,1710,1759,-49
112000057,954,542,412
112000058,469,714,-245
112000059,682,884,-202
112000061,3243,2000,1243
112000062,1965,1403,562
112000063,1059,2334,-1275
112000064,4239,5376,-1137
112000065,1850,2330,-480
112000066,4399,1733,2666
112000067,746,716,30
112000068,3873,3081,792
112000069,659,1783,-1124
112000070,2499,1134,1365
112000071,1185,2670,-1485
112000072,3271,1002,2269
112000073,2110,2745,-635
112000074,2062,1406,656
112000075,1622,1576,46
112000076,3840,2808,1032
112000077,776,618,158
112000078,2264,806,1458
112000079,1893,1585,308
112000080,1068,1001,67
112000081,1593,2580,-987
112000082,1883,1002,881
112000083,735,1266,-531
112000084,1610,843,767
112000085,1501,935,566
112000086,2182,1168,1014
112000087,580,413,167
112000088,993,427,566
112000089,498,432,66
112000090,456,375,81
112000091,713,898,-185
112000092,2207,1036,1171
112000093,1633,779,854
112000094,805,895,-90
112000095,824,725,99
112000096,759,588,171
112000097,1567,875,692
112000098,991,950,41
112000099,973,2155,-1182
112000100,2372,889,1483
112000101,650,757,-107
112000102,1720,528,1192
112000103,368,776,-408
112000105,456,1110,-654
112000106,2097,383,1714
112000107,17,293,-276
112000108,273,1680,-1407
112000109,59,60,-1
112000110,2280,582,1698
112000111,1509,7120,-5611
112000112,6416,938,5478
112000113,1153,1873,-720
112000114,3508,1117,2391
112000115,481,493,-12
112000116,823,1139,-316
112000117,1182,904,278
112000118,1063,802,261
112000119,515,628,-113
112000120,108,287,-179
112000121,157,381,-224
112000122,362,145,217
112000123,973,166,807
112000124,473,86,387
112000125,313,312,1
112000126,363,377,-14
112000127,2738,3276,-538
112000128,1108,1123,-15
112000129,161,102,59
112000130,244,120,124
112000131,50,230,-180
112000132,171,251,-80
112000133,446,182,264
112000134,506,333,173
112000135,1689,907,782
112000136,1125,1881,-756
112000137,2844,4347,-1503
112000138,2646,2582,64
112000139,1030,705,325
112000140,797,1175,-378
112000141,1099,392,707
112000142,202,538,-336
112000143,1269,209,1060
112000144,324,1043,-719
112000145,3055,624,2431
112000146,573,1467,-894
112000147,3213,1894,1319
112000148,1640,2201,-561
112000149,587,607,-20
112000150,329,585,-256
112000151,347,351,-4
112000152,561,414,147
112000153,195,335,-140
112000154,204,301,-97
112000155,141,163,-22
112000157,817,720,97
112000158,350,407,-57
112000159,698,422,276
112000167,558,117,441
112000169,312,550,-238
112000173,1000,291,709
112000175,480,418,62
112000176,2583,2227,356
112000177,957,297,660
112000178,116,337,-221
112000179,348,83,265
112000180,293,329,-36
112000181,1441,1595,-154
112000182,1789,1340,449
112000183,44,80,-36
112000184,475,360,115
112000185,689,389,300
112000187,4951,3121,1830
112000195,205,21,184
112000196,304,4,300
112000197,289,239,50
112000198,43,288,-245
112000199,1141,910,231
112000202,554,14,540
112000216,65,246,-181
112000230,116,1,115
112000231,9,242,-233
112000256,80,324,-244
112000313,61,115,-54
112000314,57,44,13
112000337,603,662,-59
112000352,383,454,-71
112000392,1754,1524,230
112000398,1827,1026,801
112000399,1726,2892,-1166
112000400,1885,2371,-486
112000401,2442,2220,222
112000402,4376,4763,-387
112000403,2002,4207,-2205
112000404,1126,1284,-158
112000405,2404,3281,-877
112000406,2990,1933,1057
112000407,9039,9389,-350
112000408,7645,5247,2398
112000409,1595,3652,-2057
112000410,619,470,149
112000411,3630,2133,1497
112000412,1434,626,808
112000413,7131,7065,66
112000414,105,58,47
112000415,124,42,82
112000416,3254,1462,1792
112000417,354,118,236
112000421,62,105,-43
112000422,364,278,86
112000424,1988,3418,-1430
112000425,558,668,-110
112000426,192,379,-187
112000427,3,19,-16
112000428,329,303,26
112000429,2475,2549,-74
112000430,2913,3779,-866
112000431,108,180,-72
112000432,664,1098,-434
112000433,422,935,-513
112000437,81,153,-72
112900001,103,2,101
112900002,568,777,-209
112900003,132,320,-188
112900004,66,204,-138
112900005,278,194,84
112900006,23,246,-223
112900007,89,203,-114
112900008,0,42,-42
112900009,505,172,333
112900010,460,750,-290
112900011,158,224,-66
112900012,2,45,-43
112900013,6,452,-446
112900014,3,271,-268
112900015,498,745,-247
112900016,7,222,-215
112900017,52,241,-189
112900018,2,180,-178
112900019,49,175,-126
112900020,443,1115,-672
112900021,3,173,-170
112900022,17,73,-56
112900023,1,104,-103
112900024,19,222,-203
112900025,142,357,-215
112900026,4,184,-180
112900027,9,864,-855
112900028,30,118,-88
112900029,18,437,-419
112900030,102,151,-49
112900031,5,364,-359
112900032,238,275,-37
112900034,0,60,-60
112900035,4,340,-336
112900036,47,149,-102
112900037,179,256,-77
112900038,780,147,633
112900039,11,284,-273
112900040,8,967,-959
112900041,843,1314,-471
112900042,139,239,-100
112900043,64,65,-1
112900044,478,500,-22
112900045,320,318,2
112900046,179,72,107
112900047,3,31,-28
112900049,283,67,216
112900050,30,554,-524
112900051,300,511,-211
112900052,32,671,-639
112900053,283,173,110
112900054,265,77,188
112900055,175,46,129
112900056,470,326,144
112900057,38,440,-402
112900058,415,434,-19
112900059,121,219,-98
112900060,41,163,-122
112900061,89,110,-21
112900062,87,108,-21
112900063,123,17,106
112900064,167,254,-87
112900065,48,29,19
112900066,382,201,181
112900067,326,182,144
112900068,99,69,30
112900069,2108,1088,1020
112900071,36,5,31
112900072,214,2647,-2433
112900073,612,162,450
112900074,135,343,-208
112900075,1306,1202,104
112900076,120,43,77
112900078,407,501,-94
112900079,372,40,332
112900080,78,4,74
112900081,84,280,-196
112900082,641,21,620
112900083,141,123,18
112900084,308,147,161
112900086,123,1,122
112900087,969,179,790
112900088,228,53,175
112900089,1040,47,993
112900090,68,64,4
112900091,343,9,334
112900092,215,411,-196
112900093,1814,35,1779
112900095,65,0,65
112900096,614,184,430
112900097,70,327,-257
112900098,371,6,365
112900099,1054,33,1021
112900100,97,3,94
112900101,453,3,450
112900102,301,24,277
112900103,242,12,230
112900104,163,6,157
112900105,23,0,23
112900106,557,175,382
112900107,10,3,7
112900108,37,1,36
112900109,120,2,118
112900110,1425,19,1406
112900111,809,2,807
112900112,412,1,411
112900113,0,10,-10
112900114,252,37,215
112900115,1732,5,1727
112900116,178,21,157
112900117,108,58,50
112900118,26,97,-71
112900119,181,5,176
112900120,913,360,553
112900121,86,203,-117
112900122,19,123,-104
112900123,136,18,118
112900124,39,84,-45
112900125,93,627,-534
112900126,204,233,-29
112900127,420,122,298
112900128,221,759,-538
112900129,4,743,-739
112900130,319,83,236
112900131,62,527,-465
112900132,129,528,-399
112900133,29,1512,-1483
112900134,1,370,-369
112900135,109,57,52
112900137,0,464,-464
112900138,13,277,-264
112900139,206,971,-765
112900141,1028,77,951
112900142,101,237,-136
112900143,19,435,-416
112900144,1,219,-218
112900145,22,387,-365
112900146,8,977,-969
112900147,5,1249,-1244
112900148,64,6,58
112900149,298,563,-265
112900151,31,69,-38
112900152,4061,873,3188
112900153,1631,2840,-1209
112900154,2,102,-100
112900155,283,64,219
112900156,377,892,-515
112900157,576,130,446
112900158,106,20,86
112900159,253,147,106
112900160,68,295,-227
112900161,146,62,84
112900162,20,19,1
112900163,72,49,23
112900164,32,195,-163
112900165,150,42,108
112900166,24,91,-67
112900167,10,87,-77
112900168,3,2,1
112900169,13,17,-4
112900170,212,147,65
112900172,59,25,34
112900173,186,115,71
112900174,232,40,192
112900175,155,150,5
112900176,10,100,-90
112900177,251,77,174
112900178,864,3086,-2222
112900179,50,577,-527
112900180,2664,1797,867
112900181,748,8,740
112900182,63,794,-731
112900183,209,388,-179
112900184,479,599,-120
112900185,360,930,-570
112900186,1611,1602,9
112900187,125,765,-640
112900188,791,1507,-716
112900189,25,59,-34
112900190,9,109,-100
112900192,873,887,-14
112900193,1730,460,1270
112900194,83,74,9
112900195,1318,72,1246
112900196,331,381,-50
112900197,222,474,-252
112900199,725,416,309
112900200,643,241,402
112900201,147,100,47
112900202,417,763,-346
112900203,302,253,49
112900204,1103,627,476
112900205,28,16,12
112900206,42,68,-26
112900207,19,0,19
112900208,128,319,-191
112900209,468,307,161
112900210,1,16,-15
112900211,93,71,22
112900212,1,108,-107
112900213,67,14,53
112900214,15,19,-4
112900215,10,146,-136
112900216,27,52,-25
112900217,0,50,-50
112900218,120,11,109
112900219,87,11,76
112900220,5,2,3
112900221,116,89,27
112900222,0,52,-52
112900223,1425,21,1404
112900224,458,444,14
112900225,606,316,290
112900226,440,435,5
112900227,862,810,52
112900228,78,36,42
112900229,359,51,308
112900230,8030,4807,3223
112900232,463,374,89
112900233,59,193,-134
112900234,27,82,-55
112900235,143,23,120
112900236,395,13,382
112900237,242,166,76
112900238,8,31,-23
112900239,652,605,47
113000001,7452,5215,2237
113000002,4750,4160,590
113000003,2293,1835,458
113000004,1788,2530,-742
113000005,2414,1162,1252
113000006,1355,1445,-90
113000007,2650,1231,1419
113000008,1908,1789,119
113000009,1534,939,595
113000010,1267,1548,-281
113000011,1390,2228,-838
113000012,2510,1059,1451
113000013,3208,1052,2156
113000014,2187,4092,-1905
113000015,948,917,31
113000016,841,2791,-1950
113000017,155,682,-527
113000018,703,169,534
113000019,315,505,-190
113000020,491,125,366
113000021,1202,498,704
113000022,843,1355,-512
113000025,671,3064,-2393
113000026,684,816,-132
113000027,707,937,-230
113000028,1095,1060,35
113000029,1129,869,260
113000030,441,695,-254
113000031,301,317,-16
113000032,301,369,-68
113000033,422,654,-232
113000034,490,347,143
113000035,58,67,-9
113000036,49,93,-44
113000037,90,45,45
113000038,26,78,-52
113000039,171,399,-228
113000040,84,96,-12
113000042,928,625,303
113000051,1005,2508,-1503
113000052,2324,790,1534
113000053,718,511,207
113000054,474,846,-372
113000055,1355,611,744
113000056,1280,869,411
113000058,809,913,-104
113000059,1370,603,767
113000060,281,613,-332
113000061,590,850,-260
113000062,868,349,519
113000063,273,114,159
113000064,57,242,-185
113000065,144,738,-594
113000066,961,114,847
113000067,2561,1179,1382
113000068,360,997,-637
113000069,557,964,-407
113000070,2955,1039,1916
113000071,562,666,-104
113000072,1037,542,495
113000073,421,1389,-968
113000074,1252,533,719
113000075,2016,736,1280
113000076,616,2405,-1789
113000077,1408,992,416
113000078,866,2631,-1765
113000079,1592,1202,390
113000080,914,1372,-458
113000081,1265,1436,-171
113000082,1639,1393,246
113000083,691,1021,-330
113000084,1951,1430,521
113000085,1063,841,222
113000086,1215,1287,-72
113000087,1095,1230,-135
113000088,2708,1571,1137
113000089,1271,2019,-748
113000090,394,710,-316
113000091,620,446,174
113000094,1594,254,1340
113000095,270,865,-595
113000096,141,901,-760
113000097,1299,530,769
113000098,173,55,118
113000099,1404,470,934
113000100,159,559,-400
113000101,420,624,-204
113000102,782,507,275
113000103,2110,500,1610
113000104,693,2540,-1847
113000105,996,607,389
113000106,340,466,-126
113000107,1242,887,355
113000108,789,1187,-398
113000109,707,1870,-1163
113000110,2445,574,1871
113000111,131,693,-562
113000112,380,404,-24
113000113,1725,359,1366
113000114,373,1655,-1282
113000116,1073,437,636
113000117,1677,153,1524
113000118,119,769,-650
113000119,527,618,-91
113000120,79,309,-230
113000121,1081,1947,-866
113000124,270,169,101
113000125,97,918,-821
113000127,2284,318,1966
113000128,1234,687,547
113000129,673,1115,-442
113000133,2498,2218,280
113000134,6,1191,-1185
113000135,5239,5264,-25
113000137,2194,4033,-1839
113000139,626,410,216
113000140,157,328,-171
113000141,534,420,114
113000142,1034,2081,-1047
113000143,380,232,148
113000144,324,761,-437
113000145,118,161,-43
113000146,207,78,129
113000147,206,106,100
113000148,297,163,134
113000149,178,139,39
113000150,709,330,379
113000151,111,60,51
113000152,57,139,-82
113000153,2074,767,1307
113000154,1120,2060,-940
113000155,515,843,-328
113000156,267,517,-250
113000157,417,820,-403
113000158,874,364,510
113000159,1415,1022,393
113000160,893,1090,-197
113000161,406,508,-102
113000162,1116,526,590
113000163,133,81,52
113000164,25,82,-57
113000166,213,136,77
113000167,94,92,2
113000168,126,100,26
113000169,259,82,177
113000170,120,112,8
113000171,84,118,-34
113000172,402,110,292
113000173,105,44,61
113000174,187,395,-208
113000175,500,135,365
113000176,661,259,402
113000177,337,418,-81
113000178,341,299,42
113000179,369,254,115
113000180,907,1543,-636
113000181,1181,921,260
113000182,232,518,-286
113000183,181,767,-586
113000184,11,147,-136
113000189,467,1417,-950
113000190,1021,641,380
113000192,1082,3560,-2478
113000193,3628,2384,1244
113000194,1325,1521,-196
113000195,2410,1896,514
113000196,243,75,168
113000197,1684,1727,-43
113000198,95,550,-455
113000199,2324,650,1674
113000201,297,391,-94
113000202,4752,1224,3528
113000203,165,163,2
113000204,1131,3217,-2086
113000205,11,16,-5
113000206,23,54,-31
113000207,68,25,43
113000208,72,95,-23
113000209,19,33,-14
113000210,6,34,-28
113000211,172,255,-83
113000212,102,19,83
113000213,121,349,-228
113000214,172,264,-92
113000234,258,814,-556
113000410,2553,551,2002
113000411,3477,5355,-1878
113000412,6557,3040,3517
113000413,2809,3854,-1045
113000414,6661,16981,-10320
113000415,2635,3513,-878
113000416,8686,4709,3977
113000417,3113,3264,-151
113000418,5961,4795,1166
113000419,2433,2837,-404
113000420,5445,7276,-1831
113000421,5335,8462,-3127
113000422,14337,13269,1068
113000423,2708,6890,-4182
113000424,3560,11022,-7462
113000425,4,97,-93
113000428,490,377,113
113000430,90,2697,-2607
113000432,2226,219,2007
113000433,121,580,-459
113000434,21,186,-165
113000435,30,474,-444
113000436,38,1071,-1033
113000437,1343,42,1301
113000438,291,7,284
113000439,33,118,-85
113000440,157,58,99
113000441,287,201,86
113000442,128,156,-28
113000443,324,183,141
113000444,204,166,38
113000445,169,93,76
113000446,37,97,-60
113000448,218,152,66
113000449,178,881,-703
113000450,855,2327,-1472
113000451,1303,275,1028
113000452,342,458,-116
113000453,63,486,-423
113000454,513,112,401
113000455,18,399,-381
113000456,4606,3385,1221
113000468,1642,247,1395
113000469,140,275,-135
113000470,409,37,372
113000471,10,359,-349
113000472,135,378,-243
113000474,872,714,158
113000475,1770,1869,-99
113000476,1800,2294,-494
113000477,4202,2404,1798
113000478,4157,5039,-882
113000479,118,228,-110
113000480,105,393,-288
113000483,0,0,0
113000484,0,0,0
113000485,16,0,16
113000486,6,8,-2
113000487,0,0,0
113000488,4,5,-1
113000489,5,18,-13
113000490,0,25,-25
113000491,36,22,14
113000492,8,2,6
113000493,5,1,4
113000495,228,200,28
113000496,232,143,89
113000497,0,0,0
113000500,0,4,-4
113900001,6,306,-300
113900002,2,78,-76
113900003,2,70,-68
113900004,4,51,-47
113900005,2,114,-112
113900006,1,20,-19
113900007,54,17,37
113900008,21,0,21
113900009,80,0,80
113900010,78,0,78
113900011,95,1,94
113900012,62,0,62
113900013,205,6,199
113900014,684,4,680
113900015,0,88,-88
113900016,42,0,42
113900017,1,62,-61
113900018,402,302,100
113900019,189,52,137
113900020,172,1,171
113900022,55,1,54
113900023,30,0,30
113900024,46,46,0
113900025,373,50,323
113900026,101,0,101
113900027,6,57,-51
113900028,32,347,-315
113900029,63,185,-122
113900030,302,1,301
113900031,20,0,20
113900032,39,1,38
113900033,75,78,-3
113900035,72,0,72
113900036,39,86,-47
113900037,180,399,-219
113900038,63,174,-111
113900039,170,18,152
113900040,6,19,-13
113900041,7,4,3
113900042,74,57,17
113900043,136,128,8
113900044,608,406,202
113900045,88,6,82
113900046,313,751,-438
113900047,47,113,-66
113900048,226,121,105
113900049,592,324,268
113900050,289,377,-88
113900051,284,331,-47
113900052,174,161,13
113900053,651,569,82
113900054,31,3,28
113900055,119,375,-256
113900056,94,223,-129
113900057,15,114,-99
113900058,78,111,-33
113900059,276,299,-23
113900060,109,262,-153
113900061,876,244,632
113900062,125,37,88
113900063,113,111,2
113900064,31,159,-128
113900065,510,22,488
113900066,454,247,207
113900067,187,331,-144
113900068,656,528,128
113900069,93,44,49
113900070,188,506,-318
113900071,70,66,4
113900072,86,149,-63
113900073,301,372,-71
113900074,324,896,-572
113900075,1362,1340,22
113900076,326,28,298
113900077,64,163,-99
113900078,58,63,-5
113900079,2,47,-45
113900080,502,177,325
113900081,69,230,-161
113900082,143,230,-87
113900083,456,343,113
113900084,298,92,206
113900085,44,268,-224
113900086,71,20,51
113900087,100,131,-31
113900088,76,119,-43
113900089,451,47,404
113900090,750,417,333
113900091,12,12,0
113900092,31,72,-41
113900093,107,873,-766
113900094,540,422,118
113900095,207,136,71
113900096,373,68,305
113900097,44,127,-83
113900098,678,74,604
113900099,2,40,-38
113900100,0,1,-1
113900101,13,80,-67
113900102,187,210,-23
113900103,398,338,60
113900104,196,280,-84
113900105,200,191,9
113900106,1,66,-65
113900107,4,24,-20
113900108,293,267,26
113900109,443,255,188
113900110,90,23,67
113900111,162,93,69
113900112,175,66,109
113900113,1279,428,851
113900114,2,68,-66
113900115,2,64,-62
113900116,186,166,20
113900117,116,32,84
113900118,284,434,-150
113900119,192,519,-327
113900120,78,95,-17
113900121,85,89,-4
113900122,681,2282,-1601
113900123,602,190,412
113900124,3,75,-72
113900125,952,139,813
113900126,158,68,90
113900127,323,869,-546
113900128,155,83,72
113900129,14,155,-141
113900130,8,217,-209
113900131,295,78,217
113900132,65,74,-9
113900133,10,77,-67
113900135,389,424,-35
113900136,124,93,31
113900137,426,292,134
113900138,66,290,-224
113900139,325,185,140
113900140,242,497,-255
113900141,713,289,424
113900142,161,60,101
113900143,19,36,-17
113900144,283,563,-280
113900145,533,221,312
113900146,208,57,151
113900148,152,332,-180
113900149,233,103,130
113900150,712,521,191
113900151,570,249,321
113900152,47,80,-33
113900153,278,777,-499
113900154,7,178,-171
113900155,191,224,-33
113900156,279,433,-154
113900157,64,302,-238
113900158,528,900,-372
113900159,16,293,-277
113900160,578,564,14
113900161,70,320,-250
113900162,709,1716,-1007
113900163,342,295,47
113900164,323,38,285
113900165,929,483,446
113900166,200,207,-7
113900167,360,54,306
113900168,130,95,35
113900169,282,415,-133
113900171,222,66,156
113900172,17,146,-129
113900173,36,527,-491
113900174,695,685,10
113900175,393,165,228
113900176,484,501,-17
113900177,347,156,191
113900178,373,157,216
113900179,23,385,-362
113900180,151,98,53
113900181,780,176,604
113900182,670,929,-259
113900183,81,124,-43
113900184,24,508,-484
113900185,174,119,55
113900186,68,31,37
113900187,30,144,-114
113900188,83,194,-111
113900189,306,104,202
113900190,315,136,179
113900191,110,262,-152
113900192,10,773,-763
113900193,15,208,-193
113900194,1620,864,756
113900195,359,406,-47
113900196,26,352,-326
113900197,0,146,-146
113900198,39,267,-228
113900199,214,632,-418
113900200,53,379,-326
113900201,1,124,-123
113900202,48,295,-247
113900203,0,83,-83
113900204,41,468,-427
113900205,18,193,-175
113900206,7,150,-143
113900207,1,53,-52
113900208,3,72,-69
113900209,0,78,-78
113900210,730,907,-177
113900211,224,71,153
113900212,237,395,-158
113900214,525,529,-4
113900215,142,138,4
113900216,165,734,-569
113900217,81,174,-93
113900218,174,65,109
113900219,147,550,-403
113900220,220,139,81
113900221,422,336,86
113900222,310,659,-349
113900223,223,725,-502
113900224,68,62,6
113900225,867,255,612
113900226,474,194,280
113900227,463,256,207
113900228,346,748,-402
113900229,87,1106,-1019
113900230,4167,4366,-199
113900231,157,163,-6
113900232,82,68,14
113900233,137,73,64
113900234,497,518,-21
113900235,152,44,108
113900236,259,250,9
113900237,317,13,304
113900238,420,703,-283
113900239,68,109,-41
113900240,12,200,-188
113900241,119,72,47
113900242,90,172,-82
113900243,96,412,-316
113900244,391,215,176
113900245,1213,325,888
113900246,9,28,-19
113900247,160,503,-343
113900248,2580,1978,602
113900249,789,404,385
113900250,86,226,-140
113900251,749,142,607
113900252,630,16,614
113900253,785,88,697
113900254,973,206,767
113900255,550,29,521
113900256,407,18,389
113900257,46,443,-397
113900258,20,350,-330
113900259,663,160,503
113900260,255,16,239
113900261,33,85,-52
113900262,153,477,-324
113900263,170,569,-399
113900264,9,415,-406
113900265,200,278,-78
113900266,55,135,-80
113900267,108,620,-512
113900268,381,450,-69
113900269,72,137,-65
113900270,396,916,-520
113900271,666,927,-261
113900273,124,9,115
113900274,161,28,133
113900275,44,107,-63
113900276,3,133,-130
113900277,170,4,166
113900278,323,208,115
113900279,93,109,-16
113900280,1718,670,1048
113900281,691,1654,-963
113900282,931,697,234
113900283,432,495,-63
113900284,922,456,466
113900285,230,98,132
113900286,26,67,-41
113900287,88,60,28
113900288,5,208,-203
113900289,848,134,714
113900290,248,310,-62
113900291,137,178,-41
113900292,13,11,2
113900293,2,245,-243
113900294,536,30,506
113900295,592,510,82
113900296,2217,374,1843
113900297,2175,66,2109
113900298,16,1623,-1607
113900299,71,110,-39
113900300,4616,3965,651
113900301,822,511,311
113900302,2017,1120,897
113900303,496,584,-88
113900304,0,124,-124
113900305,145,2,143
113900306,84,0,84
113900307,52,0,52
113900308,105,124,-19
113900309,4,689,-685
113900310,1,10,-9
113900311,18,1,17
113900312,191,213,-22
113900313,14,10,4
114000001,1076,2240,-1164
114000002,371,378,-7
114000003,87,378,-291
114000004,447,689,-242
114000005,343,265,78
114000006,2567,2396,171
114000007,756,1305,-549
114000008,1567,2129,-562
114000009,918,316,602
114000011,3305,2238,1067
114000012,2990,1588,1402
114000013,2020,1364,656
114000014,581,281,300
114000015,2209,335,1874
114000016,314,241,73
114000017,111,434,-323
114000018,229,53,176
114000026,2132,1391,741
114000027,3783,2096,1687
114000028,3080,2823,257
114000038,342,183,159
114000039,147,49,98
114000040,161,288,-127
114000042,280,184,96
114000043,52,104,-52
114000044,379,36,343
114000045,40,78,-38
114000046,2829,5616,-2787
114000047,13,89,-76
114000048,116,48,68
114000049,1697,2120,-423
114000050,2052,2697,-645
114000051,3602,2348,1254
114000052,4289,2496,1793
114000053,96,870,-774
114000054,182,1067,-885
114000055,324,46,278
114000056,947,1120,-173
114000057,4842,2353,2489
114000058,621,1621,-1000
114000059,248,367,-119
114000060,593,878,-285
114000061,3281,3491,-210
114000062,2067,2179,-112
114000063,2250,1652,598
114000064,4888,3960,928
114000065,1461,2572,-1111
114000066,607,839,-232
114000067,27,964,-937
114000068,659,791,-132
114000069,1340,682,658
114000070,2546,2033,513
114000071,941,685,256
114000072,554,234,320
114000073,25,97,-72
114000074,88,16,72
114000075,73,77,-4
114000076,40,95,-55
114000077,17,38,-21
114000078,355,607,-252
114000079,140,33,107
114000080,75,147,-72
114000081,89,114,-25
114000082,35,407,-372
114000083,96,246,-150
114000084,415,75,340
114000085,106,578,-472
114000086,266,381,-115
114000087,182,173,9
114000088,50,44,6
114000089,740,400,340
114000090,1154,1077,77
114000091,1571,975,596
114000092,1159,543,616
114000093,1713,791,922
114000094,376,456,-80
114000095,365,257,108
114000096,204,389,-185
114000097,127,463,-336
114000098,704,159,545
114000099,818,390,428
114000100,2013,549,1464
114000101,491,657,-166
114000102,742,317,425
114000103,252,341,-89
114000104,55,182,-127
114000105,198,106,92
114000106,870,1455,-585
114000107,513,153,360
114000108,1257,914,343
114000109,708,1177,-469
114000110,733,1198,-465
114000111,2317,954,1363
114000112,511,1510,-999
114000113,1419,654,765
114000114,1175,1147,28
114000115,2495,1352,1143
114000116,1110,1347,-237
114000117,3902,524,3378
114000118,3246,503,2743
114000119,2309,498,1811
114000120,701,686,15
114000121,485,794,-309
114000122,434,356,78
114000123,2532,343,2189
114000124,1188,317,871
114000125,887,1169,-282
114000126,2109,290,1819
114000127,347,222,125
114000128,933,397,536
114000130,519,580,-61
114000131,316,122,194
114000132,714,540,174
114000133,1016,1653,-637
114000134,107,135,-28
114000138,29,188,-159
114000139,530,359,171
114000144,1059,607,452
114000145,83,143,-60
114000146,136,220,-84
114000147,1849,2211,-362
114000148,1772,1921,-149
114000149,435,328,107
114000150,520,733,-213
114000151,832,1802,-970
114000152,144,29,115
114000153,775,2778,-2003
114000154,728,755,-27
114000155,1420,2566,-1146
114000156,866,873,-7
114000157,270,1255,-985
114000158,1502,747,755
114000159,167,459,-292
114000160,101,544,-443
114000161,1498,3447,-1949
114000162,1378,2960,-1582
114000163,18,102,-84
114000165,580,431,149
114000166,872,525,347
114000167,3089,1655,1434
114000168,725,611,114
114000169,1701,1783,-82
114000170,1327,1479,-152
114000171,1540,3841,-2301
114000174,225,492,-267
114000176,389,585,-196
114000177,1569,742,827
114000178,67,49,18
114000179,1361,779,582
114000180,488,627,-139
114000181,1884,4672,-2788
114000182,2564,2388,176
114000183,944,824,120
114000184,2070,1000,1070
114000185,1464,893,571
114000189,1451,146,1305
114000190,3507,503,3004
114000191,64,127,-63
114000192,213,1157,-944
114000193,510,1901,-1391
114000194,1572,811,761
114000195,175,35,140
114000196,3,175,-172
114000197,1492,98,1394
114000198,754,405,349
114000199,2085,1728,357
114000200,650,1574,-924
114000201,159,663,-504
114000202,1257,519,738
114000203,490,547,-57
114000204,178,449,-271
114000205,224,1389,-1165
114000206,681,1265,-584
114000207,723,1426,-703
114000208,584,2209,-1625
114000209,627,1773,-1146
114000210,271,1016,-745
114000211,1175,1397,-222
114000212,1042,891,151
114000213,1597,761,836
114000214,97,262,-165
114000215,266,95,171
114000216,1612,432,1180
114000217,374,207,167
114000218,211,224,-13
114000219,1423,264,1159
114000220,29,952,-923
114000221,1143,210,933
114000222,197,985,-788
114000223,544,155,389
114000224,85,551,-466
114000225,274,517,-243
114000226,231,261,-30
114000227,833,556,277
114000228,1007,768,239
114000229,1362,1481,-119
114000230,2134,1141,993
114000231,1434,1427,7
114000232,951,157,794
114000233,2518,132,2386
114000234,1255,951,304
114000235,1234,1351,-117
114000236,1,382,-381
114000237,171,721,-550
114000238,128,169,-41
114000239,179,1039,-860
114000240,925,857,68
114000241,316,881,-565
114000242,904,765,139
114000243,1855,830,1025
114000244,689,376,313
114000245,432,683,-251
114000246,132,64,68
114000247,694,681,13
114000248,1328,511,817
114000249,607,447,160
114000250,601,620,-19
114000251,516,214,302
114000252,97,61,36
114000253,82,173,-91
114000254,68,65,3
114000255,784,366,418
114000256,1309,2622,-1313
114000257,356,1317,-961
114000258,354,389,-35
114000259,86,201,-115
114000260,0,34,-34
114000261,64,44,20
114000262,319,149,170
114000263,8,1,7
114000264,1388,562,826
114000265,0,0,0
114000267,4,1778,-1774
114000268,4,977,-973
114000270,175,8,167
114000271,447,67,380
114000283,1525,465,1060
114000285,29,167,-138
114000288,100,364,-264
114000289,1628,131,1497
114000293,265,499,-234
114000294,365,341,24
114000395,1404,34,1370
114000396,792,620,172
114000402,694,273,421
114000403,369,368,1
114000405,224,399,-175
114000423,448,314,134
114000424,541,254,287
114000425,1077,398,679
114000426,341,806,-465
114000427,110,96,14
114000428,188,216,-28
114000429,15,214,-199
114000432,144,97,47
114000434,32,101,-69
114000435,17,127,-110
114000436,759,243,516
114000437,200,1336,-1136
114900001,831,801,30
114900002,707,114,593
114900003,848,1004,-156
114900004,289,566,-277
114900005,681,625,56
114900006,88,80,8
114900007,441,31,410
114900008,210,92,118
114900010,1632,1899,-267
114900011,261,137,124
114900013,297,169,128
114900015,89,459,-370
114900018,957,28,929
114900020,202,83,119
114900022,17,631,-614
114900024,289,168,121
114900025,646,191,455
114900026,60,178,-118
114900027,292,284,8
114900029,40,26,14
114900030,384,269,115
114900031,437,31,406
114900032,468,17,451
114900033,872,1160,-288
114900034,52,182,-130
114900035,156,306,-150
114900036,227,468,-241
114900037,129,123,6
114900038,191,534,-343
114900039,570,433,137
114900040,82,106,-24
114900041,877,386,491
114900042,1063,492,571
114900043,582,220,362
114900044,223,56,167
114900046,40,128,-88
114900047,205,1995,-1790
114900048,120,218,-98
114900049,9,139,-130
114900050,58,317,-259
114900051,48,334,-286
114900052,111,259,-148
114900053,109,265,-156
114900054,51,111,-60
114900057,226,14,212
114900058,0,84,-84
114900059,93,61,32
114900060,869,881,-12
114900061,120,92,28
114900062,241,353,-112
114900063,83,162,-79
114900064,1623,366,1257
114900065,484,790,-306
114900067,151,423,-272
114900068,62,155,-93
114900069,186,113,73
114900070,612,350,262
114900072,17,323,-306
114900073,1,166,-165
114900074,789,487,302
114900075,415,14,401
114900076,20,399,-379
114900080,1683,306,1377
114900082,3381,2435,946
114900083,1155,1149,6
114900090,462,216,246
114900091,137,181,-44
114900095,407,118,289
114900096,460,817,-357
114900097,185,4,181
114900098,4,175,-171
114900099,274,4,270
115000001,5637,3520,2117
115000002,5018,4946,72
115000003,4988,2860,2128
115000004,5601,6805,-1204
115000005,1702,2116,-414
115000006,1295,1782,-487
115000007,207,246,-39
115000008,495,530,-35
115000009,325,261,64
115000010,317,221,96
115000013,91,183,-92
115000015,58,289,-231
115000016,256,397,-141
115000019,55,475,-420
115000020,134,746,-612
115000021,227,439,-212
115000022,576,412,164
115000023,486,706,-220
115000024,1126,478,648
115000025,1106,797,309
115000026,166,425,-259
115000027,340,351,-11
115000028,301,790,-489
115000029,737,131,606
115000030,990,1167,-177
115000031,1506,444,1062
115000032,14,250,-236
115000033,193,43,150
115000034,103,1135,-1032
115000035,1343,86,1257
115000036,1,427,-426
115000037,680,23,657
115000038,79,210,-131
115000039,4082,3933,149
115000040,5235,3290,1945
115000041,1700,4186,-2486
115000042,953,778,175
115000043,4697,2677,2020
115000044,4117,3676,441
115000045,2772,1419,1353
115000046,2942,2771,171
115000047,2806,1511,1295
115000048,1788,1826,-38
115000049,1584,2918,-1334
115000050,3528,1758,1770
115000051,2047,3402,-1355
115000052,1985,1786,199
115000053,2251,1884,367
115000054,714,1237,-523
115000055,205,783,-578
115000056,238,448,-210
115000057,593,1270,-677
115000058,384,273,111
115000059,189,152,37
115000061,158,220,-62
115000062,183,306,-123
115000063,482,271,211
115000064,241,115,126
115000065,54,545,-491
115000067,212,17,195
115000069,103,282,-179
115000070,39,923,-884
115000071,123,19,104
115000072,25,77,-52
115000073,1322,60,1262
115000075,102,41,61
115000076,3136,2798,338
115000077,2175,2062,113
115000078,1635,1257,378
115000079,1503,1560,-57
115000080,2728,1961,767
115000081,454,841,-387
115000082,4719,4118,601
115000083,2304,1700,604
115000084,3068,1137,1931
115000085,826,819,7
115000086,1454,792,662
115000087,496,1310,-814
115000088,2199,861,1338
115000089,1493,1327,166
115000090,617,944,-327
115000091,250,798,-548
115000092,899,394,505
115000093,505,2,503
115000094,6344,5999,345
115000095,4579,6500,-1921
115000096,919,1219,-300
115000097,1331,997,334
115000098,1451,741,710
115000099,2960,2321,639
115000100,1276,379,897
115000101,495,1366,-871
115000102,609,253,356
115000103,355,593,-238
115000105,64,134,-70
115000106,754,371,383
115000107,225,419,-194
115000108,3023,2328,695
115000109,4232,5154,-922
115000110,1713,1938,-225
115000111,734,1458,-724
115000112,912,856,56
115000113,901,910,-9
115000114,1949,856,1093
115000116,4480,2640,1840
115000117,3812,3348,464
115000118,2480,1904,576
115000119,1884,2507,-623
115000120,723,1809,-1086
115000121,1382,1041,341
115000122,3727,2290,1437
115000123,1768,2975,-1207
115000124,966,1164,-198
115000125,533,815,-282
115000126,180,361,-181
115000127,383,161,222
115000128,555,824,-269
115000129,260,389,-129
115000130,505,745,-240
115000131,951,301,650
115000132,330,368,-38
115000133,582,253,329
115000134,390,453,-63
115000135,347,217,130
115000136,339,438,-99
115000137,227,308,-81
115000138,472,278,194
115000139,247,236,11
115000140,517,254,263
115000141,246,246,0
115000142,212,211,1
115000143,975,566,409
115000144,596,80,516
115000145,400,296,104
115000146,581,358,223
115000147,450,450,0
115000148,328,856,-528
115000149,763,301,462
115000150,696,759,-63
115000151,1458,492,966
115000152,862,1013,-151
115000153,1228,572,656
115000154,1117,333,784
115000155,724,815,-91
115000156,1328,798,530
115000157,725,750,-25
115000158,706,399,307
115000159,783,694,89
115000160,746,762,-16
115000161,679,487,192
115000162,765,961,-196
115000163,621,721,-100
115000164,650,592,58
115000165,387,579,-192
115000167,175,124,51
115000168,609,325,284
115000169,576,412,164
115000170,145,173,-28
115000171,342,248,94
115000172,1153,716,437
115000173,387,720,-333
115000174,172,370,-198
115000175,151,156,-5
115000176,185,239,-54
115000177,208,301,-93
115000178,21,241,-220
115000179,57,47,10
115000180,143,545,-402
115000181,819,144,675
115000182,1066,356,710
115000183,514,762,-248
115000186,808,295,513
115000187,240,780,-540
115000188,457,480,-23
115000189,224,481,-257
115000190,801,359,442
115000191,196,504,-308
115000194,137,175,-38
115000195,365,395,-30
115000196,226,108,118
115000197,176,240,-64
115000198,490,166,324
115000199,383,157,226
115000200,446,91,355
115000201,167,339,-172
115000206,414,99,315
115000207,207,342,-135
115000208,400,634,-234
115000209,856,317,539
115000210,218,144,74
115000211,288,317,-29
115000212,1356,427,929
115000224,473,50,423
115000225,39,109,-70
115000229,177,182,-5
115000230,94,401,-307
115000231,313,1289,-976
115000232,2181,306,1875
115000233,162,178,-16
115000234,38,356,-318
115000241,120,228,-108
115000242,189,245,-56
115000243,71,195,-124
115000244,13,140,-127
115000246,70,49,21
115000247,28,25,3
115000248,43,20,23
115000249,29,17,12
115000250,275,26,249
115000251,261,142,119
115000252,135,259,-124
115000253,18,418,-400
115000258,445,156,289
115000259,376,130,246
115000261,40,10,30
115000262,28,25,3
115000263,10,53,-43
115000264,25,41,-16
115000267,68,63,5
115000268,48,101,-53
115000269,140,64,76
115000270,3,25,-22
115000272,77,206,-129
115000273,460,30,430
115000280,2886,393,2493
115000281,805,1150,-345
115000282,1240,1119,121
115000284,290,209,81
115000296,897,4,893
115000297,164,381,-217
115000298,46,746,-700
115000300,243,178,65
115000302,608,153,455
115000303,814,127,687
115000304,910,75,835
115000305,121,677,-556
115000306,240,275,-35
115000307,124,182,-58
115000308,32,17,15
115000309,17,69,-52
115000310,1184,713,471
115000311,1196,1089,107
115000313,145,535,-390
115000314,480,105,375
115000315,852,477,375
115000316,54,118,-64
115000317,205,491,-286
115000318,931,331,600
115000319,71,305,-234
115000320,7,377,-370
115000321,293,15,278
115000322,53,237,-184
115000449,245,222,23
115000557,6,1550,-1544
115000558,392,149,243
115000587,595,437,158
115000588,2030,2783,-753
115000589,4075,2379,1696
115000590,1297,1605,-308
115000591,2002,942,1060
115000592,692,1904,-1212
115000593,1672,733,939
115000594,787,2632,-1845
115000609,204,131,73
115000617,1630,3853,-2223
115000624,288,72,216
115000633,538,2014,-1476
115000634,3032,980,2052
115000635,600,154,446
115000638,750,585,165
115000641,42,122,-80
115000642,364,281,83
115000643,156,494,-338
115000644,128,379,-251
115000646,997,1636,-639
115000647,204,521,-317
115000648,2416,1674,742
115000893,3031,1545,1486
115000894,170,1000,-830
115000895,346,772,-426
115000896,1104,407,697
115000897,559,165,394
115000898,644,281,363
115000899,429,1124,-695
115000900,64,355,-291
115000901,54,138,-84
115000912,486,127,359
115000913,1,14,-13
115000915,33,0,33
115000916,50,35,15
115000917,0,4,-4
115000918,90,379,-289
115000919,10,45,-35
115000920,20,57,-37
115000921,515,92,423
115000922,761,946,-185
115000923,275,994,-719
115000925,119,82,37
115000927,39,66,-27
115000933,177,232,-55
115000934,141,174,-33
115000935,125,65,60
115000936,87,755,-668
115000937,639,199,440
115000938,70,171,-101
115000939,54,136,-82
115900001,156,34,122
115900002,92,127,-35
115900003,183,71,112
115900004,2,56,-54
115900005,218,17,201
115900006,166,282,-116
115900008,71,6,65
115900009,105,240,-135
115900010,487,154,333
115900011,664,302,362
115900012,231,54,177
115900013,432,175,257
115900014,191,177,14
115900015,117,51,66
115900016,198,34,164
115900017,22,12,10
115900018,200,67,133
115900019,193,18,175
115900020,120,3,117
115900021,1012,165,847
115900022,1341,10,1331
115900023,47,31,16
115900025,49,309,-260
115900026,984,189,795
115900027,0,241,-241
115900028,530,60,470
115900029,46,296,-250
115900030,28,37,-9
115900031,244,301,-57
115900032,697,680,17
115900033,0,86,-86
115900034,45,325,-280
115900035,55,17,38
115900036,44,732,-688
115900037,45,283,-238
115900038,58,16,42
115900039,195,173,22
115900041,327,677,-350
115900042,32,14,18
115900043,117,85,32
115900044,233,350,-117
115900046,295,214,81
115900047,212,201,11
115900049,158,191,-33
115900051,1,38,-37
115900052,9,207,-198
115900053,240,165,75
115900054,301,36,265
115900055,29,114,-85
115900056,243,264,-21
115900057,66,21,45
115900058,28,56,-28
115900060,150,381,-231
115900061,291,5,286
115900062,20,233,-213
115900063,87,14,73
115900064,157,232,-75
115900065,196,195,1
115900066,167,133,34
115900067,14,456,-442
115900068,2433,1056,1377
115900069,35,177,-142
115900070,230,151,79
115900071,1,332,-331
115900072,44,163,-119
115900073,75,78,-3
115900074,8,205,-197
115900075,55,247,-192
115900076,9,50,-41
115900077,8,161,-153
115900078,74,159,-85
115900079,245,9,236
115900080,416,217,199
115900081,29,64,-35
115900082,129,146,-17
115900084,577,27,550
115900085,31,48,-17
115900086,1423,575,848
115900088,11,55,-44
115900089,494,683,-189
115900090,455,19,436
115900091,16,35,-19
115900092,31,125,-94
115900093,9,32,-23
115900094,4,245,-241
115900096,11,10,1
115900097,9,320,-311
115900098,209,281,-72
115900099,103,66,37
115900100,16,363,-347
115900101,163,199,-36
115900102,108,79,29
115900103,390,117,273
115900104,113,94,19
115900105,334,528,-194
115900106,89,35,54
115900107,104,90,14
115900108,181,36,145
115900109,29,390,-361
115900110,4,19,-15
115900111,1,89,-88
115900112,23,845,-822
115900113,58,33,25
115900114,3,142,-139
115900115,100,227,-127
115900116,71,713,-642
115900117,91,17,74
115900118,3,243,-240
115900119,144,130,14
115900120,22,242,-220
115900121,267,222,45
115900124,325,629,-304
115900125,412,72,340
115900126,806,83,723
115900127,860,59,801
115900128,5,181,-176
115900129,918,50,868
115900130,30,252,-222
115900131,268,52,216
115900132,583,10,573
115900134,298,13,285
115900135,411,1371,-960
115900137,39,12,27
115900139,32,66,-34
115900140,295,33,262
115900141,5,30,-25
115900142,7,30,-23
115900143,285,450,-165
115900144,92,224,-132
115900146,21,80,-59
115900147,273,259,14
115900148,39,12,27
115900149,163,20,143
115900150,88,23,65
115900151,18,126,-108
115900152,123,300,-177
115900153,132,186,-54
115900154,473,408,65
115900155,0,52,-52
115900156,854,958,-104
115900157,206,506,-300
115900158,14,11,3
115900159,185,204,-19
115900160,35,6,29
115900161,130,497,-367
115900163,227,262,-35
115900164,694,29,665
115900165,3,144,-141
115900166,174,229,-55
115900168,137,149,-12
115900171,114,402,-288
115900172,69,148,-79
115900173,275,134,141
115900174,260,275,-15
115900175,137,204,-67
115900178,19,393,-374
115900179,345,20,325
115900180,28,123,-95
115900181,191,153,38
115900182,460,156,304
115900183,54,50,4
115900184,1450,13,1437
115900187,21,125,-104
115900189,2,366,-364
115900190,186,1538,-1352
115900191,21,293,-272
115900192,12,116,-104
115900193,333,123,210
115900194,896,72,824
115900195,658,2261,-1603
115900198,217,364,-147
115900199,227,228,-1
115900200,249,291,-42
115900201,637,363,274
115900202,2,72,-70
115900203,9,27,-18
115900204,0,15,-15
115900205,73,11,62
115900206,242,173,69
115900207,55,34,21
115900208,155,149,6
115900209,3,97,-94
115900210,5,175,-170
115900211,4,199,-195
115900212,159,229,-70
115900213,94,112,-18
115900214,580,216,364
115900215,22,203,-181
115900216,2,105,-103
115900217,4,33,-29
115900218,4,36,-32
115900219,129,8,121
115900220,232,3,229
115900221,132,12,120
115900222,82,43,39
115900223,9,460,-451
115900224,821,1306,-485
115900225,121,73,48
115900226,14,44,-30
115900227,7,54,-47
115900228,13,60,-47
115900229,13,44,-31
115900230,45,104,-59
115900231,124,8,116
115900232,63,2,61
115900233,119,21,98
115900234,53,41,12
115900235,45,29,16
115900236,60,50,10
115900237,54,34,20
115900238,32,21,11
115900239,14,49,-35
115900240,13,63,-50
115900241,242,123,119
115900242,302,385,-83
115900243,11,4,7
115900244,4,10,-6
115900245,53,10,43
115900246,5,18,-13
115900247,32,17,15
115900248,16,5,11
115900249,6,14,-8
115900250,2,28,-26
115900251,0,11,-11
115900252,2,2,0
115900253,21,21,0
115900254,6,16,-10
115900255,6,13,-7
115900256,23,30,-7
115900257,2,12,-10
115900258,1,4,-3
115900259,10,11,-1
115900260,11,3,8
115900261,19,4,15
115900262,2,1,1
115900263,17,4,13
115900264,12,5,7
115900265,4,11,-7
115900266,4,27,-23
115900267,13,24,-11
115900268,13,7,6
115900269,596,321,275
115900270,424,351,73
115900271,160,0,160
115900272,61,1,60
115900273,10,36,-26
115900274,1,15,-14
115900275,2,12,-10
115900276,1,24,-23
115900277,0,55,-55
115900278,49,97,-48
115900279,25,229,-204
115900280,18,510,-492
115900281,265,272,-7
115900282,17,17,0
115900283,20,17,3
115900284,20,5,15
116000001,11628,4565,7063
116000002,6046,13358,-7312
116000003,1955,1758,197
116000004,3136,4605,-1469
116000005,2187,3824,-1637
116000006,2983,3097,-114
116000007,2624,5150,-2526
116000008,5406,3683,1723
116000009,1650,2000,-350
116000010,2943,2191,752
116000011,1037,1938,-901
116000012,1887,1261,626
116000013,7270,3757,3513
116000014,10087,13699,-3612
116000015,337,1682,-1345
116000016,7294,4591,2703
116000017,37,894,-857
116000018,769,524,245
116000019,1094,377,717
116000020,842,1502,-660
116000021,586,441,145
116000022,547,420,127
116000023,1428,893,535
116000024,689,929,-240
116000025,981,1051,-70
116000026,1832,3217,-1385
116000027,913,782,131
116000028,517,1080,-563
116000029,668,715,-47
116000030,887,584,303
116000031,195,373,-178
116000032,415,200,215
116000033,503,480,23
116000034,745,876,-131
116000035,461,751,-290
116000036,1702,1572,130
116000037,589,589,0
116000038,492,602,-110
116000039,584,566,18
116000040,921,528,393
116000041,215,656,-441
116000042,772,379,393
116000043,126,786,-660
116000044,8,53,-45
116000045,2051,1580,471
116000046,1112,1835,-723
116000047,1900,2155,-255
116000048,2221,1767,454
116000049,1473,3543,-2070
116000050,1583,1300,283
116000051,6417,3351,3066
116000052,5864,5285,579
116000053,2360,827,1533
116000054,946,2891,-1945
116000055,783,985,-202
116000056,1232,1120,112
116000057,2982,1621,1361
116000058,3500,3002,498
116000059,3266,4949,-1683
116000060,2579,1115,1464
116000061,636,1181,-545
116000062,693,266,427
116000063,656,1323,-667
116000066,335,714,-379
116000067,237,505,-268
116000068,255,384,-129
116000069,292,367,-75
116000078,722,1332,-610
116000080,2010,830,1180
116000082,14,56,-42
116000083,2088,413,1675
116000084,2238,3921,-1683
116000085,2700,2270,430
116000086,1590,1019,571
116000087,2671,1889,782
116000088,863,1095,-232
116000089,231,97,134
116000090,131,218,-87
116000091,383,398,-15
116000093,1144,613,531
116000094,778,565,213
116000095,974,724,250
116000096,843,1523,-680
116000097,1056,886,170
116000098,142,7057,-6915
116000099,7273,379,6894
116000100,302,18,284
116000101,1073,854,219
116000102,267,1201,-934
116000103,542,327,215
116000104,235,1396,-1161
116000105,1104,178,926
116000106,536,1399,-863
116000107,2866,393,2473
116000108,681,212,469
116000111,163,56,107
116000113,264,136,128
116000114,57,216,-159
116000115,440,141,299
116000116,356,455,-99
116000117,1979,2033,-54
116000118,1892,1304,588
116000119,4200,2152,2048
116000120,3242,3547,-305
116000121,1178,605,573
116000122,1224,1603,-379
116000123,1385,519,866
116000124,516,917,-401
116000125,3578,986,2592
116000126,306,1401,-1095
116000127,1038,1097,-59
116000128,2237,990,1247
116000129,1931,427,1504
116000130,681,588,93
116000133,1403,749,654
116000134,1747,1797,-50
116000135,3274,1635,1639
116000136,1168,1936,-768
116000137,1432,984,448
116000138,1259,725,534
116000139,1729,2877,-1148
116000140,161,276,-115
116000141,407,601,-194
116000142,3127,2475,652
116000143,2104,1909,195
116000144,1630,2032,-402
116000145,2142,1241,901
116000146,622,222,400
116000147,205,141,64
116000148,682,599,83
116000149,909,958,-49
116000151,524,500,24
116000153,132,360,-228
116000155,258,269,-11
116000156,859,1083,-224
116000157,121,41,80
116000158,435,374,61
116000159,20,33,-13
116000160,23,74,-51
116000161,6,71,-65
116000162,108,133,-25
116000163,40,13,27
116000164,24,23,1
116000177,718,129,589
116000194,105,424,-319
116000195,1579,597,982
116000196,2,2,0
116000197,4,5,-1
116000198,2774,1262,1512
116000200,739,596,143
116000201,635,655,-20
116000202,5,283,-278
116000203,6,79,-73
116000204,20,51,-31
116000205,1,153,-152
116000206,7,95,-88
116000207,16,52,-36
116000233,232,471,-239
116000287,179,336,-157
116000288,356,200,156
116000292,66,68,-2
116000296,29,321,-292
116000297,160,19,141
116000304,234,40,194
116000305,36,100,-64
116000346,151,68,83
116000352,72,72,0
116000354,36,43,-7
116000357,9,84,-75
116000358,416,95,321
116000361,101,3,98
116000372,4330,5110,-780
116000381,154,1,153
116000388,1,43,-42
116000389,1103,607,496
116000445,614,468,146
116000446,696,522,174
116000447,15,636,-621
116000448,580,169,411
116000563,1165,940,225
116000565,56,423,-367
116000568,65,348,-283
116000579,28,121,-93
116000584,21,14,7
116000585,56,14,42
116000586,55,119,-64
116000587,570,727,-157
116000589,47,57,-10
116000590,96,60,36
116000591,345,224,121
116000592,22,87,-65
116000593,0,34,-34
116000594,709,453,256
116000595,628,133,495
116000596,124,5,119
116000597,519,122,397
116000598,21,221,-200
116000602,87,358,-271
116000605,251,143,108
116000606,112,232,-120
116000607,1,9,-8
116000609,191,892,-701
116000611,207,412,-205
116000612,909,2080,-1171
116000613,761,327,434
116000614,487,494,-7
116000615,0,487,-487
116000616,58,69,-11
116000617,112,36,76
116000618,4,74,-70
116000619,44,100,-56
116000620,208,79,129
116000621,95,114,-19
116000622,90,147,-57
116000624,286,137,149
116000627,66,22,44
116000628,114,290,-176
116000629,40,222,-182
116000630,514,69,445
116000631,213,38,175
116000632,600,225,375
116000633,70,302,-232
116000634,599,43,556
116000635,2541,2599,-58
116000636,720,1257,-537
116000637,382,14,368
116000638,44,378,-334
116900001,249,168,81
116900002,267,11,256
116900003,32,35,-3
116900004,48,96,-48
116900005,322,76,246
116900006,105,415,-310
116900007,181,262,-81
116900008,524,331,193
116900009,24,5,19
116900010,11,1036,-1025
116900011,22,38,-16
116900012,234,256,-22
116900013,3,162,-159
116900014,211,182,29
116900015,482,39,443
116900016,261,10,251
116900017,5,447,-442
116900018,90,78,12
116900019,4,284,-280
116900020,1037,1329,-292
116900023,59,17,42
116900024,615,55,560
116900025,1416,887,529
116900026,151,540,-389
116900027,33,60,-27
116900028,8,143,-135
116900029,1,81,-80
116900031,1,4,-3
116900032,7,281,-274
116900033,14,10,4
116900034,21,89,-68
116900035,161,195,-34
116900036,7,111,-104
116900038,32,3,29
116900041,48,21,27
116900042,477,327,150
116900043,34,60,-26
116900047,37,162,-125
116900049,27,285,-258
116900050,157,463,-306
116900051,203,155,48
116900052,194,94,100
116900055,2,15,-13
116900057,25,212,-187
116900058,58,348,-290
116900059,1,117,-116
116900060,255,182,73
116900062,6,9,-3
116900064,80,561,-481
116900065,28,86,-58
116900067,161,75,86
116900068,152,244,-92
116900070,4,2,2
116900072,29,295,-266
116900073,20,139,-119
116900074,11,44,-33
116900076,21,35,-14
116900077,8,124,-116
116900078,228,94,134
116900079,54,218,-164
116900080,13,44,-31
116900081,386,996,-610
116900082,366,1072,-706
116900083,41,38,3
116900084,117,64,53
116900085,31,192,-161
116900086,75,194,-119
116900088,389,121,268
116900090,95,61,34
116900091,511,44,467
116900092,100,727,-627
116900093,1949,1924,25
116900094,4546,4446,100
116900095,239,136,103
116900096,178,411,-233
116900097,2436,3191,-755
116900098,798,441,357
116900099,798,719,79
116900100,1027,64,963
116900101,358,525,-167
116900103,4,0,4
116900104,70,75,-5
116900105,278,177,101
116900106,2217,213,2004
116900107,3178,2917,261
116900110,27,1,26
116900111,710,590,120
116900112,337,963,-626
116900113,1882,1655,227
116900116,116,658,-542
116900117,162,137,25
116900118,732,917,-185
116900120,481,72,409
116900121,172,40,132
116900122,922,642,280
116900123,312,681,-369
116900124,220,1070,-850
116900125,460,187,273
116900126,161,632,-471
116900128,0,42,-42
116900129,3,305,-302
116900130,635,4310,-3675
116900131,86,342,-256
116900132,61,107,-46
116900133,193,171,22
116900134,242,283,-41
116900136,258,249,9
116900137,337,165,172
116900138,246,169,77
116900139,200,457,-257
116900140,220,163,57
116900141,853,442,411
116900142,5,88,-83
116900143,366,313,53
116900144,37,79,-42
116900145,124,212,-88
116900147,489,649,-160
116900148,7,39,-32
116900149,58,248,-190
116900150,23,11,12
116900151,54,21,33
116900153,148,102,46
116900154,599,709,-110
116900155,67,79,-12
116900157,731,199,532
116900158,114,319,-205
116900159,94,333,-239
116900160,931,1066,-135
116900161,5569,7969,-2400
116900162,23,109,-86
116900163,211,116,95
116900164,183,62,121
116900165,330,389,-59
116900166,54,62,-8
116900167,490,72,418
116900168,449,61,388
116900169,557,717,-160
116900170,436,657,-221
116900171,47,175,-128
116900172,211,377,-166
116900173,225,23,202
116900174,58,67,-9
116900175,219,274,-55
116900178,36,102,-66
116900179,81,314,-233
116900180,107,34,73
116900182,484,243,241
116900183,237,105,132
116900185,46,70,-24
116900186,80,192,-112
116900187,118,63,55
116900188,150,27,123
116900189,115,2,113
116900191,493,639,-146
116900192,356,134,222
116900194,158,1635,-1477
116900195,56,26,30
116900196,15,76,-61
116900197,128,8,120
116900198,124,425,-301
116900200,80,29,51
116900201,184,12,172
116900202,114,58,56
116900203,162,5,157
116900204,44,183,-139
116900206,23,17,6
116900207,26,33,-7
116900208,4,125,-121
116900209,18,97,-79
116900210,645,277,368
116900211,278,6,272
116900212,70,46,24
116900213,251,107,144
116900214,247,153,94
116900215,74,66,8
116900216,281,244,37
116900218,41,236,-195
116900219,1319,399,920
116900220,147,285,-138
116900221,113,385,-272
116900222,443,325,118
116900223,146,303,-157
116900226,209,60,149
116900227,245,86,159
116900228,415,252,163
116900230,74,218,-144
116900231,35,308,-273
116900232,14,319,-305
116900233,303,98,205
116900234,41,7,34
116900235,160,270,-110
116900238,1294,346,948
116900239,21,1105,-1084
116900240,4852,3750,1102
116900241,111,111,0
116900242,443,654,-211
116900243,12,92,-80
116900245,41,50,-9
116900246,122,14,108
116900247,828,45,783
116900248,101,45,56
116900249,458,77,381
116900250,441,60,381
116900251,427,650,-223
116900252,251,785,-534
116900253,127,53,74
116900254,36,78,-42
116900255,86,72,14
116900256,464,90,374
116900257,14,364,-350
116900258,2,159,-157
116900259,317,13,304
116900260,1,73,-72
116900261,73,0,73
116900262,265,113,152
116900263,0,7,-7
116900264,1,1,0
116900265,65,0,65
116900266,18,21,-3
116900267,5,2,3
116900268,340,329,11
116900269,348,694,-346
116900271,1485,357,1128
116900272,348,299,49
116900273,176,114,62
116900274,109,45,64
116900275,194,106,88
116900276,626,190,436
116900277,506,46,460
116900278,12,16,-4
116900279,3,24,-21
116900280,39,29,10
116900281,4940,5034,-94
116900282,4,96,-92
116900283,27,88,-61
116900284,12,172,-160
116900285,243,214,29
116900286,203,34,169
116900287,7,58,-51
116900288,101,114,-13
116900289,14,10,4
116900290,4,23,-19
116900291,35,8,27
116900292,0,19,-19
116900293,77,50,27
116900294,44,153,-109
116900295,150,123,27
116900296,60,119,-59
116900297,11,119,-108
116900298,97,63,34
116900299,25,82,-57
116900300,2,85,-83
116900301,49,126,-77
116900302,29,96,-67
116900303,141,90,51
116900304,1,129,-128
116900305,19,30,-11
116900306,162,58,104
117000001,2471,1965,506
117000002,1871,3892,-2021
117000003,8365,3657,4708
117000004,3839,4619,-780
117000005,2609,1999,610
117000006,1228,2927,-1699
117000007,4642,1303,3339
117000008,1064,3310,-2246
117000009,5968,2237,3731
117000010,2705,3805,-1100
117000011,2568,1802,766
117000012,1368,1135,233
117000013,2010,864,1146
117000014,1333,2075,-742
117000015,2705,1514,1191
117000016,335,191,144
117000017,209,152,57
117000018,168,708,-540
117000019,70,1,69
117000020,552,1826,-1274
117000021,1411,459,952
117000022,304,149,155
117000023,220,200,20
117000024,249,291,-42
117000025,400,1225,-825
117000026,2008,1742,266
117000027,2446,6052,-3606
117000028,3671,2506,1165
117000030,394,493,-99
117000031,414,356,58
117000032,1662,1311,351
117000033,1425,732,693
117000034,316,286,30
117000035,419,367,52
117000036,428,293,135
117000037,368,259,109
117000038,200,547,-347
117000039,866,307,559
117000040,248,935,-687
117000041,1287,154,1133
117000044,18,705,-687
117000045,536,132,404
117000046,459,777,-318
117000047,947,681,266
117000048,1862,1015,847
117000049,118,628,-510
117000050,168,1541,-1373
117000051,2472,141,2331
117000052,53,267,-214
117000053,672,61,611
117000054,2043,13,2030
117000055,13,2498,-2485
117000056,901,28,873
117000057,587,2219,-1632
117000060,493,1228,-735
117000061,1942,982,960
117000062,283,680,-397
117000063,2151,1069,1082
117000064,796,644,152
117000066,1038,919,119
117000067,181,770,-589
117000074,145,204,-59
117000076,103,44,59
117000077,184,199,-15
117000078,182,716,-534
117000079,573,250,323
117000080,0,278,-278
117000081,1180,118,1062
117000082,8,93,-85
117000083,141,3,138
117000084,212,4,208
117000085,378,819,-441
117000086,1056,555,501
117000087,103,428,-325
117000088,334,141,193
117000089,1999,312,1687
117000090,340,1118,-778
117000091,967,334,633
117000092,411,1170,-759
117000093,1578,867,711
117000094,1279,2539,-1260
117000095,4162,1132,3030
117000096,789,2110,-1321
117000097,2033,1273,760
117000098,2578,3868,-1290
117000099,4469,1440,3029
117000100,313,411,-98
117000101,288,1042,-754
117000102,2243,696,1547
117000103,730,1491,-761
117000104,1697,682,1015
117000105,846,1394,-548
117000106,1568,838,730
117000107,547,1561,-1014
117000108,2325,1033,1292
117000109,1547,2272,-725
117000110,1867,1383,484
117000111,3957,4325,-368
117000112,4220,2004,2216
117000113,135,223,-88
117000114,295,156,139
117000115,88,66,22
117000116,250,251,-1
117000117,1888,1353,535
117000118,314,166,148
117000119,241,229,12
117000120,162,773,-611
117000121,112,1339,-1227
117000122,469,897,-428
117000123,1567,43,1524
117000124,546,64,482
117000125,262,156,106
117000126,45,18,27
117000127,193,375,-182
117000128,407,826,-419
117000129,383,625,-242
117000130,124,14,110
117000131,2,115,-113
117000132,3582,67,3515
117000133,2071,54,2017
117000134,0,110,-110
117000135,0,76,-76
117000136,2,44,-42
117000137,124,168,-44
117000138,4,720,-716
117000140,558,1336,-778
117000141,2206,611,1595
117000181,589,213,376
117000182,558,786,-228
117000195,255,1029,-774
117000196,415,183,232
117000225,98,52,46
117000226,6,99,-93
117000276,449,24,425
117000277,2,290,-288
117000310,1597,2128,-531
117000315,47,580,-533
117000320,71,0,71
117000906,418,26,392
117000907,12,270,-258
117000908,13,71,-58
117000909,61,48,13
117000910,249,215,34
117000911,118,203,-85
117000915,9,485,-476
117000916,44,10,34
117000917,1508,46,1462
117000918,89,52,37
117000919,6,73,-67
117000920,0,1168,-1168
117000921,3,930,-927
117000922,37,113,-76
117000924,439,904,-465
117000926,768,131,637
117000927,1548,1356,192
117000928,0,129,-129
117000929,307,306,1
117000930,228,12,216
117000931,396,211,185
117900002,124,454,-330
117900003,759,501,258
117900005,4,49,-45
117900006,1,85,-84
117900007,170,104,66
117900008,0,30,-30
117900010,288,83,205
117900011,24,158,-134
117900012,88,74,14
117900013,0,189,-189
117900014,469,108,361
117900015,24,84,-60
117900016,1255,1433,-178
117900017,574,253,321
117900018,148,192,-44
117900019,538,229,309
117900020,110,524,-414
117900021,45,72,-27
117900022,82,22,60
117900023,842,122,720
117900024,80,63,17
117900025,68,7,61
117900026,431,244,187
117900028,33,9,24
117900029,300,493,-193
117900030,568,255,313
117900031,150,92,58
117900032,1261,601,660
117900033,305,457,-152
117900034,50,37,13
117900035,246,105,141
117900036,202,303,-101
117900037,184,124,60
117900038,34,286,-252
117900039,3,71,-68
117900040,185,405,-220
117900041,5,66,-61
117900042,3756,366,3390
117900043,24,57,-33
117900044,13,3155,-3142
117900045,263,123,140
117900048,390,248,142
117900049,280,407,-127
117900050,8,177,-169
117900051,16,3,13
117900052,71,486,-415
117900053,1875,621,1254
117900054,1,47,-46
117900055,339,150,189
117900056,240,95,145
117900057,1299,1191,108
117900058,87,50,37
117900059,381,119,262
117900060,2997,4489,-1492
117900061,21,187,-166
117900063,415,194,221
117900065,685,1397,-712
117900066,5,82,-77
117900067,551,165,386
117900069,836,308,528
117900070,193,64,129
117900071,105,124,-19
117900073,636,259,377
117900074,81,97,-16
117900075,94,90,4
117900076,15,79,-64
117900077,675,157,518
117900078,442,915,-473
117900080,136,56,80
117900081,548,412,136
117900082,529,451,78
117900083,448,307,141
117900086,200,27,173
117900087,269,70,199
117900088,3134,1949,1185
117900089,2737,889,1848
117900090,442,346,96
117900091,173,170,3
117900092,50,22,28
117900093,118,79,39
117900094,53,38,15
117900095,294,280,14
117900096,117,229,-112
117900097,388,92,296
117900098,59,15,44
117900099,158,194,-36
117900100,304,3,301
117900101,538,2249,-1711
117900102,92,54,38
117900103,77,2,75
117900104,45,149,-104
117900105,177,269,-92
117900106,127,38,89
117900107,63,1,62
117900109,780,402,378
117900110,156,0,156
117900111,433,37,396
117900112,91,14,77
117900113,2391,2052,339
117900114,32,0,32
117900115,239,87,152
117900116,907,802,105
117900117,786,315,471
117900118,133,0,133
117900119,296,138,158
117900120,272,47,225
117900121,248,103,145
117900122,1798,5485,-3687
117900123,716,353,363
117900124,750,723,27
117900125,2116,2137,-21
117900126,292,525,-233
117900127,473,382,91
117900128,429,587,-158
117900129,75,3,72
117900130,1025,400,625
117900131,13,121,-108
117900132,14,113,-99
117900133,7,100,-93
117900134,53,371,-318
117900135,50,190,-140
117900136,0,48,-48
117900137,52,356,-304
117900138,1,40,-39
117900139,164,105,59
117900140,2862,273,2589
117900141,189,201,-12
117900142,57,74,-17
117900144,77,205,-128
117900145,28,43,-15
117900146,248,184,64
117900147,61,52,9
117900148,2508,1916,592
117900149,161,197,-36
117900150,62,62,0
117900151,46,86,-40
117900152,64,66,-2
117900153,15,102,-87
117900154,453,517,-64
117900156,990,823,167
117900157,96,576,-480
117900158,464,157,307
117900160,853,817,36
117900161,2551,2089,462
117900162,513,426,87
117900163,39,181,-142
117900165,0,34,-34
117900166,157,619,-462
117900168,65,223,-158
117900169,3,108,-105
117900170,4,55,-51
117900171,8,30,-22
117900172,16,39,-23
117900173,166,87,79
117900174,49,71,-22
117900175,15,28,-13
117900176,23,31,-8
117900177,33,39,-6
117900178,122,34,88
117900180,241,55,186
117900181,103,506,-403
117900182,7,52,-45
117900183,71,203,-132
117900184,23,50,-27
117900185,65,55,10
117900186,73,82,-9
117900187,49,15,34
117900188,185,59,126
117900189,73,58,15
117900190,52,3,49
117900191,120,2,118
117900192,395,3,392
117900193,20,86,-66
117900194,17,9,8
117900195,14,89,-75
117900196,22,38,-16
117900207,174,190,-16
117900208,70,47,23
117900209,214,164,50
117900210,116,272,-156
117900211,22,195,-173
117900212,154,138,16
117900213,28,8,20
117900214,17,60,-43
117900215,44,44,0
117900216,51,36,15
117900217,117,374,-257
117900218,124,141,-17
117900219,6,148,-142
117900220,77,122,-45
117900222,256,243,13
117900223,126,412,-286
118000001,921,1170,-249
118000002,892,1843,-951
118000003,2429,3698,-1269
118000004,2237,2306,-69
118000005,4982,6605,-1623
118000006,5279,9935,-4656
118000007,6247,5060,1187
118000008,3775,5142,-1367
118000009,1746,3514,-1768
118000010,6774,4677,2097
118000011,1625,2020,-395
118000012,1194,2159,-965
118000013,2649,2470,179
118000014,2057,2130,-73
118000016,231,332,-101
118000017,538,571,-33
118000018,435,442,-7
118000019,2731,2032,699
118000020,1278,4961,-3683
118000021,771,4178,-3407
118000022,1760,978,782
118000023,838,313,525
118000024,1403,1768,-365
118000027,13681,15050,-1369
118000029,1114,1016,98
118000032,1213,4360,-3147
118000033,2889,7881,-4992
118000034,5042,3246,1796
118000035,2170,3926,-1756
118000036,1117,1768,-651
118000037,888,1180,-292
118000038,338,102,236
118000039,105,241,-136
118000040,1867,1589,278
118000041,2911,1479,1432
118000045,437,370,67
118000046,1466,895,571
118000047,817,1164,-347
118000048,2441,2686,-245
118000051,2740,2260,480
118000052,1690,1082,608
118000053,492,1120,-628
118000054,1684,2288,-604
118000055,1567,2388,-821
118000056,268,672,-404
118000057,360,550,-190
118000058,2612,2367,245
118000059,1905,1714,191
118000060,1356,671,685
118000061,1393,1612,-219
118000062,714,356,358
118000063,508,939,-431
118000064,1047,1341,-294
118000065,3210,1829,1381
118000066,989,1871,-882
118000067,892,1037,-145
118000068,1563,5184,-3621
118000069,2581,1208,1373
118000070,5306,2126,3180
118000071,3596,8265,-4669
118000072,1452,1527,-75
118000073,1309,875,434
118000074,550,598,-48
118000075,673,442,231
118000076,1687,3883,-2196
118000077,1329,1416,-87
118000078,1982,2842,-860
118000079,270,500,-230
118000080,963,899,64
118000081,2019,1448,571
118000082,371,1465,-1094
118000083,1920,1898,22
118000084,3260,1844,1416
118000086,301,595,-294
118000087,4734,2775,1959
118000088,1860,1800,60
118000089,3917,2862,1055
118000090,3642,3192,450
118000091,1328,2822,-1494
118000092,1031,523,508
118000093,122,739,-617
118000096,484,648,-164
118000097,864,694,170
118000098,370,221,149
118000099,736,776,-40
118000101,1310,399,911
118000102,498,1071,-573
118000107,1588,551,1037
118000108,843,2603,-1760
118000110,0,22,-22
118000111,1,180,-179
118000112,528,3,525
118000113,3,392,-389
118000114,502,7,495
118000115,8,18,-10
118000116,33,1,32
118000117,971,774,197
118000118,1074,1160,-86
118000119,979,1284,-305
118000120,1756,1354,402
118000121,121,742,-621
118000122,1448,431,1017
118000123,47,272,-225
118000125,1770,964,806
118000126,635,1660,-1025
118000127,1806,717,1089
118000128,560,1142,-582
118000129,1085,645,440
118000130,2331,3128,-797
118000131,547,841,-294
118000132,3538,2525,1013
118000133,1125,514,611
118000135,713,395,318
118000136,157,474,-317
118000137,708,131,577
118000138,504,604,-100
118000139,476,138,338
118000140,3001,5653,-2652
118000141,2678,1940,738
118000142,2217,1567,650
118000143,2556,1316,1240
118000144,1093,729,364
118000145,1673,1569,104
118000146,1391,712,679
118000147,913,1230,-317
118000148,595,1168,-573
118000149,1131,835,296
118000150,591,246,345
118000151,619,412,207
118000153,1696,1326,370
118000154,1594,1454,140
118000155,1616,1386,230
118000156,2280,2620,-340
118000157,784,412,372
118000158,215,455,-240
118000159,47,122,-75
118000160,633,396,237
118000161,568,669,-101
118000162,2250,1027,1223
118000163,1198,988,210
118000164,2219,1467,752
118000168,867,876,-9
118000169,1073,1166,-93
118000170,3562,4472,-910
118000171,347,700,-353
118000172,162,251,-89
118000173,1028,1375,-347
118000175,366,428,-62
118000176,335,506,-171
118000177,318,753,-435
118000178,55,55,0
118000179,1311,1513,-202
118000180,1003,757,246
118000181,794,326,468
118000182,336,276,60
118000183,264,276,-12
118000184,1137,691,446
118000185,1474,1555,-81
118000186,900,1374,-474
118000187,1676,675,1001
118000188,711,189,522
118000189,924,646,278
118000190,8,8,0
118000191,54,28,26
118000192,308,576,-268
118000193,233,542,-309
118000194,1402,1032,370
118000195,671,1755,-1084
118000196,305,286,19
118000197,179,227,-48
118000198,418,842,-424
118000199,481,505,-24
118000200,105,366,-261
118000201,514,535,-21
118000202,70,85,-15
118000203,678,823,-145
118000204,96,476,-380
118000205,175,370,-195
118000206,267,182,85
118000207,0,50,-50
118000208,1772,1832,-60
118000209,2154,1349,805
118000210,100,28,72
118000211,35,44,-9
118000213,1298,2371,-1073
118000214,511,644,-133
118000215,399,129,270
118000216,2766,2165,601
118000217,31,108,-77
118000218,118,92,26
118000219,415,295,120
118000220,2,50,-48
118000221,315,442,-127
118000222,130,11,119
118000223,47,35,12
118000224,201,76,125
118000225,144,662,-518
118000226,1118,218,900
118000227,745,497,248
118000228,129,275,-146
118000229,187,117,70
118000230,143,163,-20
118000231,90,234,-144
118000232,904,672,232
118000233,1295,864,431
118000234,542,272,270
118000236,440,316,124
118000237,139,464,-325
118000238,329,162,167
118000239,314,280,34
118000240,274,175,99
118000241,206,243,-37
118000242,494,439,55
118000243,363,237,126
118000244,70,69,1
118000246,1,26,-25
118000255,94,281,-187
118000256,168,193,-25
118000259,14,69,-55
118000260,252,87,165
118000261,41,47,-6
118000263,99,162,-63
118000266,127,216,-89
118000267,0,141,-141
118000268,303,6,297
118000270,103,31,72
118000271,191,239,-48
118000272,161,41,120
118000273,194,74,120
118000274,103,273,-170
118000276,548,439,109
118000295,8,157,-149
118000298,178,206,-28
118000299,25,138,-113
118000301,0,67,-67
118000302,127,48,79
118000311,675,113,562
118000312,317,230,87
118000313,82,112,-30
118000314,97,44,53
118000315,74,50,24
118000316,773,390,383
118000325,91,69,22
118000326,47,27,20
118000331,29,50,-21
118000332,18,38,-20
118000333,28,85,-57
118000335,459,1,458
118000336,0,223,-223
118000407,253,73,180
118000457,4,43,-39
118000465,2987,4057,-1070
118000480,44,89,-45
118000489,73,515,-442
118000490,56,282,-226
118000492,358,197,161
118000510,52,26,26
118000514,196,301,-105
118000515,867,740,127
118000517,412,234,178
118000524,427,303,124
118000525,918,929,-11
118000530,50,186,-136
118000531,392,340,52
118000532,263,232,31
118000533,285,122,163
118000534,613,426,187
118000535,358,171,187
118000536,613,2044,-1431
118000537,16,215,-199
118000538,21,78,-57
118000539,26,114,-88
118000540,389,191,198
118000541,211,82,129
118000542,140,409,-269
118000543,261,237,24
118000546,55,45,10
118000560,2343,2650,-307
118000562,23,140,-117
118000563,1505,1238,267
118000576,197,108,89
118000577,137,150,-13
118000578,156,91,65
118000579,587,1305,-718
118000595,239,110,129
118000596,0,45,-45
118000597,79,87,-8
118000598,42,1,41
118000599,99,58,41
118000600,1,45,-44
118000601,25,0,25
118000602,0,30,-30
118000603,0,22,-22
118900001,581,1435,-854
118900002,963,928,35
118900003,574,22,552
118900004,53,60,-7
118900005,75,5,70
118900006,189,19,170
118900007,20,2,18
118900008,1769,62,1707
118900009,76,46,30
118900010,76,6,70
118900011,232,44,188
118900012,480,232,248
118900013,603,173,430
118900015,315,72,243
118900016,17,10,7
118900017,222,353,-131
118900018,1117,54,1063
118900019,51,30,21
118900020,252,157,95
118900021,215,411,-196
118900022,188,94,94
118900023,199,118,81
118900024,141,145,-4
118900025,60,28,32
118900026,98,70,28
118900027,501,192,309
118900028,175,174,1
118900029,430,543,-113
118900030,467,75,392
118900031,171,95,76
118900032,209,140,69
118900033,464,533,-69
118900034,202,56,146
118900035,172,147,25
118900036,1535,724,811
118900037,382,354,28
118900038,457,143,314
118900039,637,184,453
118900040,267,176,91
118900041,635,178,457
118900042,201,129,72
118900045,448,155,293
118900046,888,511,377
118900047,493,234,259
118900048,147,294,-147
118900049,55,53,2
118900050,54,62,-8
118900051,77,114,-37
118900052,307,285,22
118900053,38,95,-57
118900054,166,58,108
118900055,117,81,36
118900056,37,343,-306
118900057,1007,569,438
118900058,497,384,113
118900059,17,73,-56
118900060,77,100,-23
118900062,599,220,379
118900064,551,711,-160
118900065,55,152,-97
118900066,75,106,-31
118900067,4669,4325,344
118900068,10,249,-239
118900069,478,196,282
118900071,5,68,-63
118900072,509,343,166
118900073,206,104,102
118900074,132,169,-37
118900075,59,70,-11
118900076,248,110,138
118900077,223,171,52
118900078,38,14,24
118900079,64,182,-118
118900080,55,153,-98
118900081,86,41,45
118900082,967,186,781
118900083,41,10,31
118900084,25,22,3
118900085,567,686,-119
118900086,48,108,-60
118900087,36,303,-267
118900088,0,8,-8
118900089,29,24,5
118900090,611,333,278
118900091,196,227,-31
118900092,169,90,79
118900093,111,16,95
118900096,59,25,34
118900097,274,465,-191
118900099,67,211,-144
118900100,138,225,-87
118900101,158,408,-250
118900102,60,121,-61
118900103,73,142,-69
118900104,331,143,188
118900105,224,111,113
118900107,161,69,92
118900108,95,124,-29
118900110,1304,914,390
118900111,499,439,60
118900112,126,189,-63
118900113,125,350,-225
118900114,17,76,-59
118900115,147,538,-391
118900116,135,191,-56
118900117,120,172,-52
118900118,267,280,-13
118900119,181,249,-68
118900120,125,320,-195
118900121,18,125,-107
118900122,17,1090,-1073
118900123,141,288,-147
118900124,100,174,-74
118900126,15,391,-376
118900129,280,237,43
118900130,72,231,-159
118900131,215,218,-3
118900132,338,191,147
118900133,17,99,-82
118900135,249,217,32
118900136,224,503,-279
118900137,6,41,-35
118900139,237,297,-60
118900140,502,561,-59
118900141,73,147,-74
118900144,151,379,-228
118900145,18,154,-136
118900146,398,655,-257
118900147,182,185,-3
118900148,62,58,4
118900150,150,592,-442
118900152,615,688,-73
118900157,74,167,-93
118900158,137,69,68
118900159,0,104,-104
118900161,117,14,103
118900163,88,80,8
118900164,2,80,-78
118900165,77,154,-77
118900166,41,3,38
118900167,140,88,52
118900168,18,219,-201
118900169,172,224,-52
118900170,261,128,133
118900171,35,48,-13
118900174,58,53,5
118900175,505,438,67
118900176,228,265,-37
118900177,67,38,29
118900178,52,160,-108
118900179,9,25,-16
118900181,134,100,34
118900182,94,50,44
118900183,23,158,-135
118900184,399,142,257
118900185,129,99,30
118900186,123,106,17
118900187,273,345,-72
118900188,369,353,16
118900189,42,857,-815
118900190,15,296,-281
118900191,225,42,183
118900192,257,17,240
118900193,682,5,677
118900195,284,504,-220
118900196,59,140,-81
118900197,179,54,125
118900198,41,13,28
118900199,109,29,80
118900200,20,11,9
118900201,34,39,-5
118900202,13,58,-45
118900203,14,12,2
118900204,16,27,-11
118900205,3,3,0
118900206,6,15,-9
119000001,1653,2352,-699
119000002,4990,4326,664
119000003,3444,1088,2356
119000004,2712,1438,1274
119000005,2097,1998,99
119000006,3711,1679,2032
119000007,4091,3406,685
119000008,2298,1946,352
119000009,4261,5535,-1274
119000010,6105,5011,1094
119000011,4896,3586,1310
119000012,3607,4116,-509
119000013,3535,2369,1166
119000014,1959,3093,-1134
119000019,353,201,152
119000020,2725,1792,933
119000021,5525,3208,2317
119000022,2763,3560,-797
119000023,335,327,8
119000024,2647,14744,-12097
119000025,6393,1567,4826
119000026,222,789,-567
119000027,362,573,-211
119000028,1876,974,902
119000029,136,411,-275
119000030,641,1099,-458
119000031,1101,750,351
119000032,3158,2765,393
119000033,2569,1464,1105
119000034,1252,1054,198
119000035,31,306,-275
119000036,1993,701,1292
119000037,1543,1504,39
119000038,225,767,-542
119000039,373,360,13
119000040,1066,1168,-102
119000041,941,1635,-694
119000048,2909,2433,476
119000049,1974,1930,44
119000050,1982,1829,153
119000051,2326,1213,1113
119000052,2072,2876,-804
119000053,2140,1202,938
119000054,3861,2607,1254
119000055,5610,3298,2312
119000056,3479,2151,1328
119000057,1910,1793,117
119000058,2248,1754,494
119000059,1599,1722,-123
119000060,2020,1271,749
119000061,1258,832,426
119000062,1460,1421,39
119000063,709,576,133
119000064,1077,1271,-194
119000065,2048,4207,-2159
119000066,2869,1350,1519
119000067,2316,2086,230
119000068,2079,1087,992
119000069,1765,2440,-675
119000070,3092,950,2142
119000071,612,888,-276
119000072,5964,4334,1630
119000073,6478,8631,-2153
119000074,1516,2063,-547
119000075,3093,2430,663
119000076,649,2035,-1386
119000077,1222,884,338
119000078,729,421,308
119000079,242,1202,-960
119000080,463,300,163
119000081,542,1460,-918
119000082,1308,298,1010
119000083,692,441,251
119000084,395,805,-410
119000085,1268,226,1042
119000086,454,571,-117
119000087,1687,777,910
119000088,470,309,161
119000089,110,223,-113
119000090,168,151,17
119000091,173,705,-532
119000092,692,181,511
119000093,3611,2683,928
119000094,3865,5356,-1491
119000095,2082,2973,-891
119000097,2149,1279,870
119000098,1150,3643,-2493
119000099,2431,1571,860
119000100,4970,3456,1514
119000101,5376,2566,2810
119000102,773,1604,-831
119000103,1672,842,830
119000104,2367,1317,1050
119000105,1317,2259,-942
119000106,396,1174,-778
119000107,1254,570,684
119000108,531,782,-251
119000109,169,1161,-992
119000110,728,913,-185
119000111,60,1043,-983
119000112,265,212,53
119000113,3099,431,2668
119000114,1375,1214,161
119000115,200,148,52
119000116,129,114,15
119000117,166,480,-314
119000118,3,3,0
119000123,3666,2565,1101
119000124,942,224,718
119000125,4617,747,3870
119000126,1045,634,411
119000127,585,464,121
119000128,48,8,40
119000131,908,552,356
119000132,4,4,0
119000133,0,8,-8
119000134,2020,659,1361
119000135,170,247,-77
119000136,287,193,94
119000137,320,259,61
119000138,555,285,270
119000139,351,236,115
119000140,329,442,-113
119000284,1265,2563,-1298
119000285,2282,1927,355
119000286,7114,5457,1657
119000287,1260,2025,-765
119000288,1985,1244,741
119000289,1569,2644,-1075
119000290,247,464,-217
119000291,22,232,-210
119000293,211,216,-5
119000294,82,34,48
119000295,1575,385,1190
119000296,296,206,90
119000302,2219,1448,771
119000303,52,147,-95
119000314,1822,11742,-9920
119000315,7,313,-306
119000316,199,102,97
119000317,112,283,-171
119900001,306,1270,-964
119900002,199,292,-93
119900003,50,886,-836
119900004,333,1264,-931
119900005,257,86,171
119900006,225,400,-175
119900007,1391,296,1095
119900008,62,74,-12
119900009,689,620,69
119900010,1767,2223,-456
119900011,29,94,-65
119900012,34,106,-72
119900013,2700,1754,946
119900014,759,399,360
119900015,120,33,87
119900016,38,70,-32
119900017,75,40,35
119900018,1994,976,1018
119900019,55,10,45
119900020,190,218,-28
119900021,282,142,140
119900022,156,1013,-857
119900023,555,1894,-1339
119900025,232,37,195
119900026,752,172,580
119900027,34,12,22
119900028,236,142,94
119900029,3,9,-6
119900030,786,501,285
119900031,90,494,-404
119900033,2303,388,1915
119900034,489,116,373
119900037,216,44,172
119900038,63,382,-319
119900039,96,26,70
119900040,123,22,101
119900041,151,32,119
119900042,302,220,82
119900043,88,168,-80
119900044,243,1003,-760
119900046,132,83,49
119900047,421,109,312
119900048,37,14,23
119900049,151,10,141
119900050,228,170,58
119900051,664,16,648
119900052,82,37,45
119900053,261,163,98
119900054,224,13,211
119900055,1566,491,1075
119900057,286,70,216
119900058,342,4,338
119900059,203,37,166
119900060,342,58,284
119900062,107,32,75
119900063,16,64,-48
119900064,520,88,432
119900065,278,11,267
119900066,4,0,4
119900067,154,32,122
119900068,616,1,615
119900069,161,75,86
119900070,1070,16,1054
119900071,893,36,857
119900073,1799,611,1188
119900074,87,83,4
119900075,4260,2629,1631
119900076,897,406,491
119900077,912,843,69
119900078,602,942,-340
119900079,301,157,144
119900080,1772,1155,617
119900081,360,42,318
119900082,1857,363,1494
119900083,496,161,335
119900084,854,434,420
119900085,80,73,7
119900087,564,503,61
119900088,36,55,-19
119900089,65,362,-297
119900090,141,74,67
119900091,124,814,-690
119900092,180,462,-282
119900093,1571,324,1247
119900094,49,195,-146
119900095,197,112,85
119900096,39,130,-91
119900097,496,221,275
119900098,39,63,-24
119900099,37,190,-153
119900100,1763,3437,-1674
119900101,189,2128,-1939
119900102,31,257,-226
119900103,61,328,-267
119900104,43,182,-139
119900105,1240,6464,-5224
119900106,11,166,-155
119900107,311,2019,-1708
119900108,5212,752,4460
119900109,12,147,-135
119900110,1027,492,535
119900111,152,208,-56
119900112,1142,617,525
119900113,69,218,-149
119900114,335,1078,-743
119900115,370,812,-442
119900116,242,437,-195
119900117,410,770,-360
119900118,130,713,-583
119900119,374,216,158
119900120,829,672,157
119900121,457,885,-428
119900122,471,339,132
119900123,246,278,-32
119900124,232,694,-462
119900125,52,319,-267
119900126,4640,443,4197
119900127,1928,1071,857
119900128,494,610,-116
119900129,304,517,-213
119900130,25,198,-173
119900131,48,245,-197
119900132,1,185,-184
119900133,65,126,-61
119900134,1449,284,1165
119900135,1,350,-349
119900136,165,363,-198
119900138,331,607,-276
119900139,31,96,-65
119900140,2,206,-204
119900141,107,894,-787
119900142,36,59,-23
119900143,31,289,-258
119900144,1586,282,1304
119900145,79,144,-65
119900146,212,190,22
119900147,5,173,-168
119900148,297,86,211
119900149,1029,5342,-4313
119900150,140,170,-30
119900151,2228,1060,1168
119900152,189,305,-116
119900153,193,70,123
119900154,38,213,-175
119900155,69,56,13
119900156,20,8,12
119900157,161,222,-61
119900158,270,77,193
119900159,4,1222,-1218
119900160,46,141,-95
119900161,173,210,-37
119900162,1069,1210,-141
119900163,93,191,-98
119900164,0,2,-2
119900165,148,193,-45
119900166,120,46,74
119900167,94,101,-7
119900168,1170,542,628
119900169,163,345,-182
119900170,273,361,-88
119900171,1191,470,721
119900172,184,45,139
119900173,6,362,-356
119900174,17,186,-169
119900175,1557,671,886
119900177,16,168,-152
119900178,12,182,-170
119900179,124,699,-575
119900180,1185,1094,91
119900181,74,141,-67
119900182,2,328,-326
119900183,182,673,-491
119900184,1986,525,1461
119900185,72,246,-174
119900186,91,1296,-1205
119900187,17,441,-424
119900188,144,370,-226
119900189,514,504,10
119900190,94,379,-285
119900191,355,349,6
119900192,60,191,-131
119900193,501,159,342
119900194,40,88,-48
119900195,149,270,-121
119900196,1248,484,764
119900197,298,194,104
119900198,160,333,-173
119900199,163,24,139
119900200,992,695,297
119900201,387,232,155
119900202,101,346,-245
119900203,196,578,-382
119900204,460,317,143
119900205,944,488,456
119900206,187,158,29
119900208,217,205,12
119900209,643,1478,-835
119900210,24,26,-2
119900211,83,12,71
119900212,245,233,12
119900213,13,69,-56
119900214,40,51,-11
119900215,63,78,-15
119900216,19,63,-44
119900217,17,48,-31
119900218,13,87,-74
119900219,10,112,-102
119900220,9,63,-54
119900221,36,249,-213
119900222,15,162,-147
119900223,13,78,-65
119900224,11,19,-8
119900225,816,53,763
119900226,627,2432,-1805
119900227,1190,433,757
119900228,45,308,-263
119900229,344,415,-71
119900230,1435,627,808
119900231,375,196,179
119900232,326,159,167
119900233,126,8,118
119900234,22,210,-188
119900235,30,95,-65
119900236,20,223,-203
119900237,91,571,-480
119900238,10,96,-86
119900240,81,151,-70
119900241,195,231,-36
119900242,1838,1729,109
119900244,830,1692,-862
119900245,165,215,-50
119900246,386,638,-252
119900247,33,123,-90
119900248,91,299,-208
119900249,351,127,224
119900253,2520,463,2057
119900254,107,898,-791
119900255,156,882,-726
119900256,737,755,-18
119900257,124,3,121
119900258,241,67,174
119900259,22,115,-93
119900260,237,11,226
119900261,331,196,135
119900262,3,215,-212
119900263,1301,423,878
119900264,109,177,-68
119900265,864,435,429
119900266,500,287,213
119900267,289,425,-136
119900268,224,156,68
119900269,1627,1126,501
119900271,54,132,-78
119900272,432,415,17
119900275,216,67,149
119900276,66,4,62
119900277,8,8,0
119900278,312,111,201
119900279,147,343,-196
119900280,803,187,616
119900281,1,285,-284
119900282,79,150,-71
119900283,12,188,-176
119900284,85,206,-121
119900285,46,140,-94
119900286,10,43,-33
119900288,8,22,-14
119900289,1,47,-46
119900290,2,18,-16
119900291,2,104,-102
119900292,42,31,11
119900293,28,2,26
119900294,42,0,42
119900295,0,0,0
119900296,0,0,0
119900299,59,143,-84
119900300,222,229,-7
119900301,97,205,-108
119900302,224,93,131
119900303,294,217,77
119900304,200,47,153
119900305,12,116,-104
119900306,29,3,26
119900307,76,137,-61
119900308,8,26,-18
119900309,54,152,-98
119900310,334,305,29
119900311,127,113,14
119900312,170,94,76
119900313,236,322,-86
119900314,283,416,-133
119900315,2122,1886,236
119900318,18,46,-28
119900319,7,300,-293
119900320,347,538,-191
119900321,131,20,111
119900322,13,72,-59
119900323,9,128,-119
119900324,0,41,-41
119900325,153,260,-107
119900326,52,100,-48
120000001,7216,17910,-10694
120000002,3234,2410,824
120000003,3728,1680,2048
120000004,2923,1980,943
120000005,4510,2113,2397
120000006,1397,1338,59
120000007,4060,3217,843
120000008,1133,1494,-361
120000009,2487,1258,1229
120000010,2255,2868,-613
120000011,1181,1698,-517
120000012,1850,2847,-997
120000013,3601,3167,434
120000014,954,1593,-639
120000015,3014,1579,1435
120000016,4584,2487,2097
120000017,3891,3006,885
120000018,4071,13588,-9517
120000019,1310,1621,-311
120000020,3703,3746,-43
120000021,2180,2671,-491
120000022,3204,4524,-1320
120000023,1280,2057,-777
120000024,1714,2806,-1092
120000025,3060,2227,833
120000026,2488,2018,470
120000027,2763,2601,162
120000028,1067,2072,-1005
120000029,4340,2224,2116
120000030,607,1601,-994
120000031,2776,8578,-5802
120000032,8404,4268,4136
120000033,5274,1907,3367
120000034,2564,1752,812
120000035,2567,2046,521
120000036,3391,5613,-2222
120000037,854,1944,-1090
120000038,6942,4710,2232
120000039,966,1081,-115
120000040,149,810,-661
120000041,1641,1779,-138
120000042,2622,2619,3
120000043,5997,1776,4221
120000044,6550,1682,4868
120000045,6988,1213,5775
120000046,3847,3222,625
120000047,1123,6559,-5436
120000048,7810,4789,3021
120000049,4074,3563,511
120000050,4056,3865,191
120000051,3235,4807,-1572
120000052,8327,2343,5984
120000053,1431,1988,-557
120000054,1570,3524,-1954
120000055,2045,4292,-2247
120000056,5808,4097,1711
120000057,4586,1356,3230
120000058,4189,1932,2257
120000059,17,2148,-2131
120000061,123,628,-505
120000062,303,480,-177
120000063,1466,2778,-1312
120000064,327,948,-621
120000065,572,1326,-754
120000066,487,671,-184
120000067,81,562,-481
120000068,248,762,-514
120000069,696,920,-224
120000070,131,629,-498
120000071,658,157,501
120000072,1062,485,577
120000073,1032,127,905
120000074,285,134,151
120000075,1174,426,748
120000076,2490,433,2057
120000077,2268,770,1498
120000078,4419,1351,3068
120000079,282,181,101
120000080,212,246,-34
120000081,475,150,325
120000082,255,250,5
120000083,82,778,-696
120000084,461,402,59
120000085,411,454,-43
120000086,300,489,-189
120000087,235,576,-341
120000088,945,1123,-178
120000089,1363,688,675
120000090,949,588,361
120000091,1265,1144,121
120000092,1683,682,1001
120000093,602,525,77
120000094,213,807,-594
120000095,1201,532,669
120000096,350,735,-385
120000098,1171,843,328
120000099,651,764,-113
120000100,1074,816,258
120000101,805,524,281
120000102,701,1063,-362
120000103,1898,1018,880
120000104,2299,552,1747
120000105,3665,770,2895
120000106,2942,712,2230
120000107,4950,608,4342
120000108,1801,140,1661
120000109,1311,137,1174
120000110,82,958,-876
120000111,163,1022,-859
120000112,803,2308,-1505
120000113,678,1732,-1054
120000114,981,2170,-1189
120000115,350,1923,-1573
120000116,773,1804,-1031
120000117,878,1416,-538
120000118,67,53,14
120000119,50,67,-17
120000120,105,84,21
120000121,29,79,-50
120000122,299,479,-180
120000123,4179,7204,-3025
120000124,489,443,46
120000125,699,722,-23
120000126,448,1329,-881
120000127,2769,1359,1410
120000128,3382,5489,-2107
120000129,357,323,34
120000130,937,597,340
120000131,391,866,-475
120000134,395,1025,-630
120000135,796,588,208
120000137,320,1237,-917
120000138,1369,436,933
120000139,392,530,-138
120000140,1125,572,553
120000141,453,439,14
120000142,726,660,66
120000143,0,134,-134
120000144,159,3,156
120000145,477,2,475
120000146,1042,959,83
120000149,854,1023,-169
120000150,3360,13362,-10002
120000151,477,450,27
120000152,749,196,553
120000153,411,571,-160
120000154,603,427,176
120000155,171,268,-97
120000156,795,1270,-475
120000157,1200,671,529
120000158,1037,883,154
120000159,2014,2548,-534
120000160,2846,1921,925
120000161,2768,2299,469
120000162,114,316,-202
120000163,966,1144,-178
120000164,792,369,423
120000165,784,733,51
120000166,1751,658,1093
120000167,298,398,-100
120000168,40,1263,-1223
120000169,138,2703,-2565
120000170,125,2014,-1889
120000171,62,631,-569
120000172,58,399,-341
120000173,2361,2805,-444
120000174,508,48,460
120000175,255,58,197
120000176,252,67,185
120000177,1770,217,1553
120000178,210,37,173
120000179,348,108,240
120000180,1804,187,1617
120000181,425,3079,-2654
120000182,108,1216,-1108
120000183,24,1016,-992
120000184,216,2390,-2174
120000186,80,817,-737
120000187,31,342,-311
120000188,121,811,-690
120000190,789,138,651
120000191,993,161,832
120000192,1062,55,1007
120000193,500,21,479
120000195,123,10,113
120000196,514,65,449
120000197,241,153,88
120000198,213,66,147
120000199,181,2,179
120000200,163,2,161
120000201,21,37,-16
120000202,3,56,-53
120000203,49,183,-134
120000207,2,52,-50
120000208,4,221,-217
120000209,12,54,-42
120000210,43,72,-29
120000211,216,6,210
120000212,241,0,241
120000213,197,289,-92
120000214,2,196,-194
120000215,3,112,-109
120000216,121,16,105
120000217,698,1331,-633
120000218,173,733,-560
120000219,7,423,-416
120000220,10,1276,-1266
120000225,2069,3,2066
120000226,422,3,419
120000227,1188,92,1096
120000228,14443,3812,10631
120000230,484,23,461
120000231,1701,2056,-355
120000233,523,13,510
120000235,284,481,-197
120000236,1599,0,1599
120000237,2,1117,-1115
120000238,13,1600,-1587
120000241,1601,4296,-2695
120000412,846,13,833
120000413,373,317,56
120000414,183,13,170
120000415,0,85,-85
120000416,132,15,117
120000417,19,55,-36
120000418,225,18,207
120000419,26,240,-214
120000420,61,34,27
120000421,9918,5964,3954
120000422,120,1903,-1783
120000423,5,77,-72
120000424,131,115,16
120000436,138,838,-700
120000437,130,167,-37
120000438,2249,275,1974
120000439,275,651,-376
120000443,214,1,213
120000444,1776,470,1306
120000445,1953,1216,737
120000446,807,206,601
120000447,318,12,306
120000449,148,10,138
120000450,8,158,-150
120000451,181,409,-228
120000452,457,5,452
120000453,1,484,-483
120000454,102,85,17
120000455,96,41,55
120000456,3192,3956,-764
120000457,1095,472,623
120000458,613,645,-32
120000459,152,78,74
120000665,2032,450,1582
120000668,153,2173,-2020
120000669,115,206,-91
120000670,382,1434,-1052
120000671,1605,677,928
120000672,142,521,-379
120900001,77,113,-36
120900002,488,769,-281
120900003,185,37,148
120900004,22,79,-57
120900005,87,1053,-966
120900006,473,296,177
120900007,227,77,150
120900008,456,1083,-627
120900009,723,55,668
120900010,663,156,507
120900011,309,230,79
120900012,301,1594,-1293
120900013,451,177,274
120900014,2,486,-484
120900015,1076,108,968
120900016,1056,81,975
120900017,2530,88,2442
120900018,163,483,-320
120900019,768,423,345
120900020,742,1606,-864
120900021,1089,254,835
120900022,43,307,-264
120900023,358,48,310
120900024,2172,622,1550
120900025,1756,1200,556
120900026,346,241,105
120900027,898,36,862
120900028,488,134,354
120900029,134,577,-443
120900030,1574,892,682
120900031,360,167,193
120900032,1349,105,1244
120900033,1335,94,1241
120900034,56,3102,-3046
120900035,98,182,-84
120900037,326,20,306
120900038,67,386,-319
120900039,148,71,77
120900040,356,5,351
120900041,139,41,98
120900042,699,66,633
120900043,140,58,82
120900044,26,425,-399
120900045,165,134,31
120900046,550,13,537
120900047,193,162,31
120900048,123,24,99
120900049,640,1,639
120900050,1997,1800,197
120900051,368,88,280
120900052,742,4,738
120900053,402,77,325
120900054,1703,646,1057
120900055,485,7,478
120900056,633,29,604
120900057,197,20,177
120900058,642,2,640
120900059,113,3,110
120900060,123,42,81
120900061,295,275,20
120900062,250,3,247
120900063,731,8,723
120900064,805,4,801
120900065,651,2,649
120900066,492,260,232
120900067,245,70,175
120900068,417,1,416
120900069,323,45,278
120900071,37,2,35
120900072,905,3,902
120900073,685,180,505
120900074,828,12,816
120900076,441,1,440
120900077,3123,336,2787
120900078,931,592,339
120900079,887,117,770
120900080,1014,1313,-299
120900081,1172,607,565
120900082,423,416,7
120900083,143,12,131
120900084,415,507,-92
120900085,85,135,-50
120900086,100,401,-301
120900087,551,421,130
120900088,215,565,-350
120900089,2487,3316,-829
120900090,356,85,271
120900091,781,1014,-233
120900092,1203,476,727
120900093,1900,149,1751
120900094,477,182,295
120900095,600,30,570
120900096,88,244,-156
120900097,940,698,242
120900098,241,179,62
120900099,102,93,9
120900100,92,223,-131
120900101,587,270,317
120900102,99,95,4
120900103,73,268,-195
120900104,29,63,-34
120900105,56,473,-417
120900106,1033,477,556
120900107,306,160,146
120900108,15,417,-402
120900109,41,520,-479
120900110,14,671,-657
120900111,179,311,-132
120900112,30,670,-640
120900113,22,664,-642
120900114,50,131,-81
120900115,228,271,-43
120900116,528,349,179
120900117,3,371,-368
120900118,21,572,-551
120900119,9211,5131,4080
120900120,65,406,-341
120900121,339,551,-212
120900122,775,457,318
120900123,7,306,-299
120900124,2,430,-428
120900125,4,524,-520
120900126,1502,931,571
120900127,23,464,-441
120900128,1061,1394,-333
120900129,40,234,-194
120900130,48,482,-434
120900131,132,156,-24
120900132,1390,282,1108
120900133,181,823,-642
120900134,744,473,271
120900135,7,491,-484
120900136,82,487,-405
120900137,362,138,224
120900138,21,241,-220
120900139,2,595,-593
120900140,11,358,-347
120900141,231,220,11
120900142,11,452,-441
120900143,4,708,-704
120900144,1,152,-151
120900145,141,669,-528
120900146,2,827,-825
120900147,2,452,-450
120900148,192,139,53
120900149,1,239,-238
120900150,50,399,-349
120900151,2,506,-504
120900152,13,48,-35
120900153,96,124,-28
120900154,0,327,-327
120900155,266,885,-619
120900156,76,246,-170
120900157,162,331,-169
120900158,101,491,-390
120900159,534,522,12
120900160,25,599,-574
120900161,173,567,-394
120900162,191,981,-790
120900163,197,2182,-1985
120900164,7,46,-39
120900165,27,219,-192
120900166,190,872,-682
120900167,500,159,341
120900169,78,288,-210
120900170,1014,3400,-2386
120900171,1106,218,888
120900172,2549,3784,-1235
120900173,1,354,-353
120900174,8,115,-107
120900175,262,152,110
120900176,18,443,-425
120900177,8,1550,-1542
120900178,0,608,-608
120900179,800,394,406
120900180,102,229,-127
120900181,303,58,245
120900182,37,323,-286
120900183,933,128,805
120900184,460,67,393
120900185,21,436,-415
120900186,3,320,-317
120900187,668,1231,-563
120900188,274,16,258
120900189,124,1644,-1520
120900190,107,10,97
120900191,13,18,-5
120900192,8297,9028,-731
120900194,94,101,-7
120900195,164,409,-245
120900196,777,52,725
120900197,876,137,739
120900198,261,521,-260
120900199,515,535,-20
120900200,114,128,-14
120900201,454,219,235
120900202,1,127,-126
120900203,41,82,-41
120900204,158,265,-107
120900205,59,70,-11
120900206,29,68,-39
120900207,91,1228,-1137
121000001,958,1320,-362
121000002,2967,1528,1439
121000003,3471,2443,1028
121000004,3128,3621,-493
121000005,2091,3157,-1066
121000006,4031,2179,1852
121000007,2676,3451,-775
121000008,5819,4732,1087
121000009,5961,6695,-734
121000010,9690,7332,2358
121000011,9800,13381,-3581
121000012,18800,12152,6648
121000013,5560,7847,-2287
121000014,6998,6030,968
121000015,4505,7988,-3483
121000016,4972,3962,1010
121000017,2747,4161,-1414
121000018,3563,2127,1436
121000019,17633,13503,4130
121000020,15970,19850,-3880
121000021,3054,3387,-333
121000022,3099,4308,-1209
121000023,3877,3021,856
121000024,5712,5730,-18
121000025,938,1751,-813
121000026,425,204,221
121000027,1854,1391,463
121000028,1084,597,487
121000029,1209,733,476
121000030,850,554,296
121000031,787,848,-61
121000032,330,153,177
121000034,368,308,60
121000035,159,224,-65
121000036,1031,1021,10
121000037,660,756,-96
121000038,600,1021,-421
121000039,338,546,-208
121000041,677,638,39
121000042,366,477,-111
121000043,724,708,16
121000044,1634,1012,622
121000045,561,422,139
121000046,864,1159,-295
121000047,77,139,-62
121000049,1489,692,797
121000050,399,1412,-1013
121000051,683,387,296
121000052,455,785,-330
121000053,479,179,300
121000054,56,516,-460
121000055,1367,1425,-58
121000056,1023,1182,-159
121000057,342,686,-344
121000058,483,288,195
121000059,2760,1433,1327
121000060,750,1033,-283
121000061,96,593,-497
121000062,176,428,-252
121000063,987,1009,-22
121000064,995,977,18
121000065,392,552,-160
121000066,823,620,203
121000067,623,673,-50
121000068,884,517,367
121000069,547,964,-417
121000070,1863,1451,412
121000071,1584,1579,5
121000072,1417,861,556
121000073,1282,1140,142
121000074,172,184,-12
121000075,68,372,-304
121000076,752,444,308
121000077,173,230,-57
121000078,116,185,-69
121000080,2125,741,1384
121000081,4877,3650,1227
121000082,115,269,-154
121000083,204,125,79
121000084,208,166,42
121000085,402,497,-95
121000086,400,842,-442
121000087,64,411,-347
121000088,525,697,-172
121000089,487,537,-50
121000090,537,491,46
121000091,1812,1211,601
121000092,305,97,208
121000093,218,310,-92
121000094,644,1041,-397
121000095,441,905,-464
121000096,2768,2597,171
121000097,1086,2689,-1603
121000098,774,1333,-559
121000099,912,836,76
121000100,1156,485,671
121000101,457,353,104
121000102,385,293,92
121000103,217,320,-103
121000104,351,145,206
121000105,487,279,208
121000106,422,479,-57
121000107,2227,3450,-1223
121000109,1407,1179,228
121000110,390,787,-397
121000114,3289,2273,1016
121000115,1215,697,518
121000116,263,877,-614
121000117,754,268,486
121000118,1880,280,1600
121000119,298,518,-220
121000120,365,608,-243
121000121,619,1612,-993
121000123,1517,912,605
121000126,101,402,-301
121000127,210,117,93
121000128,1177,452,725
121000129,1129,595,534
121000130,673,939,-266
121000131,2942,2347,595
121000132,1853,2336,-483
121000135,557,1097,-540
121000136,1239,1588,-349
121000137,455,481,-26
121000138,969,1795,-826
121000139,524,721,-197
121000141,274,264,10
121000142,841,987,-146
121000143,194,48,146
121000144,983,1865,-882
121000145,609,1054,-445
121000146,1693,1248,445
121000147,1230,679,551
121000148,1116,1177,-61
121000149,2692,1578,1114
121000152,461,550,-89
121000153,2140,623,1517
121000154,1376,662,714
121000155,1964,1119,845
121000156,497,1103,-606
121000157,1147,1873,-726
121000158,417,465,-48
121000159,235,373,-138
121000160,362,437,-75
121000161,268,365,-97
121000162,174,149,25
121000165,1917,2344,-427
121000166,31,549,-518
121000168,575,270,305
121000169,82,159,-77
121000170,467,113,354
121000171,112,243,-131
121000172,912,643,269
121000173,1752,1383,369
121000174,403,458,-55
121000175,1163,374,789
121000176,493,310,183
121000177,983,705,278
121000178,136,82,54
121000179,85,85,0
121000181,483,461,22
121000182,236,283,-47
121000183,107,196,-89
121000184,122,275,-153
121000185,59,279,-220
121000186,247,732,-485
121000187,240,186,54
121000188,220,171,49
121000192,1296,525,771
121000193,846,603,243
121000194,2334,2500,-166
121000195,277,1020,-743
121000196,729,341,388
121000197,314,913,-599
121000198,248,198,50
121000199,239,411,-172
121000200,768,130,638
121000201,8,235,-227
121000202,1117,163,954
121000203,833,1842,-1009
121000204,3527,731,2796
121000205,182,326,-144
121000206,276,73,203
121000207,2331,453,1878
121000208,13,281,-268
121000209,424,249,175
121000210,780,373,407
121000211,419,158,261
121000212,586,668,-82
121000213,11353,3375,7978
121000214,957,2553,-1596
121000215,1203,1254,-51
121000216,739,724,15
121000217,5007,2778,2229
121000218,457,1768,-1311
121000219,1793,504,1289
121000220,270,92,178
121000221,191,346,-155
121000222,2594,3109,-515
121000223,361,427,-66
121000224,329,289,40
121000225,980,2235,-1255
121000226,2060,1304,756
121000227,5,139,-134
121000228,32,555,-523
121000229,344,282,62
121000230,49,1491,-1442
121000231,1260,43,1217
121000232,466,298,168
121000233,618,401,217
121000234,30,32,-2
121000235,56,91,-35
121000236,7,54,-47
121000237,58,31,27
121000238,10,73,-63
121000239,77,20,57
121000240,10,188,-178
121000241,128,12,116
121000242,143,599,-456
121000243,685,253,432
121000244,30,93,-63
121000245,126,61,65
121000246,3,132,-129
121000247,135,10,125
121000248,1689,788,901
121000249,146,404,-258
121000250,705,270,435
121000251,43,384,-341
121000252,155,112,43
121000253,357,422,-65
121000254,783,231,552
121000255,193,299,-106
121000256,392,239,153
121000257,38,134,-96
121000258,141,100,41
121000259,62,79,-17
121000260,102,160,-58
121000261,103,82,21
121000262,1244,776,468
121000263,489,495,-6
121000271,411,1533,-1122
121000273,55,9,46
121000274,9,40,-31
121000275,4,9,-5
121000276,6,15,-9
121000278,56,47,9
121000279,30,31,-1
121000280,62,47,15
121000289,273,26,247
121000290,1348,1093,255
121000294,196,156,40
121000297,929,1229,-300
121000299,104,853,-749
121000300,1008,594,414
121000302,93,1462,-1369
121000303,594,484,110
121000304,531,71,460
121000305,195,52,143
121000306,127,150,-23
121000308,150,331,-181
121000309,397,553,-156
121000310,85,391,-306
121000311,110,724,-614
121000312,510,358,152
121000313,411,469,-58
121000314,99,188,-89
121000315,67,157,-90
121000530,1919,1473,446
121000531,1751,1602,149
121000532,7497,8627,-1130
121000533,3925,4089,-164
121000918,37,125,-88
121000919,62,112,-50
121000938,228,376,-148
121000939,180,444,-264
121000956,1700,1242,458
121000957,13,29,-16
121000958,56,126,-70
121000959,1005,708,297
121000960,1659,1748,-89
121000961,275,237,38
121000962,405,540,-135
121000973,1,239,-238
121000976,24,228,-204
121000979,708,248,460
121000981,436,291,145
121000982,387,252,135
121000983,462,368,94
121000984,37,99,-62
121000985,855,606,249
121000986,429,224,205
121000987,207,846,-639
121000988,963,128,835
121001302,347,139,208
121001308,7,28,-21
121001309,66,124,-58
121001313,175,187,-12
121001314,2187,2736,-549
121001315,5716,3606,2110
121900001,142,245,-103
121900002,47,38,9
121900003,396,36,360
121900004,133,509,-376
121900005,31,18,13
121900006,128,50,78
121900007,2482,2247,235
121900008,820,596,224
121900009,738,19,719
121900010,263,4,259
121900011,345,451,-106
121900012,16,2,14
121900013,1181,119,1062
121900014,1478,326,1152
121900015,269,258,11
121900016,3,49,-46
121900017,579,497,82
121900018,412,12,400
121900019,479,266,213
121900020,25,4,21
121900021,1098,13,1085
121900022,323,263,60
121900023,257,459,-202
121900024,400,95,305
121900025,705,478,227
121900026,437,60,377
121900027,545,303,242
121900028,283,40,243
121900029,125,215,-90
121900030,602,558,44
121900031,1012,7394,-6382
121900032,121,98,23
121900033,231,297,-66
121900034,287,79,208
121900035,3387,2547,840
121900036,92,345,-253
121900037,201,1317,-1116
121900038,47,164,-117
121900039,407,68,339
121900040,164,137,27
121900041,165,219,-54
121900042,479,199,280
121900043,11,6,5
121900044,145,64,81
121900046,292,477,-185
121900047,275,93,182
121900048,86,130,-44
121900050,50,61,-11
121900051,165,204,-39
121900052,153,42,111
121900053,587,428,159
121900054,503,988,-485
121900055,19,18,1
121900058,267,179,88
121900059,464,205,259
121900060,166,454,-288
121900061,314,229,85
121900062,230,146,84
121900063,1842,418,1424
121900064,316,641,-325
121900066,63,46,17
121900067,66,93,-27
121900069,200,178,22
121900070,304,169,135
121900071,428,273,155
121900072,65,129,-64
121900073,282,300,-18
121900074,1035,1167,-132
121900075,507,621,-114
121900076,515,701,-186
121900077,26,39,-13
121900078,121,61,60
121900079,0,1,-1
121900080,1152,450,702
121900082,76,98,-22
121900084,49,134,-85
121900085,0,16,-16
121900086,24,116,-92
121900087,181,161,20
121900088,2446,3448,-1002
121900089,285,291,-6
121900090,37,103,-66
121900091,84,88,-4
121900092,146,214,-68
121900093,114,109,5
121900094,24,16,8
121900095,332,194,138
121900096,1405,1019,386
121900097,684,220,464
121900098,15,8,7
121900099,249,82,167
121900100,278,610,-332
121900101,237,186,51
121900102,8,199,-191
121900103,475,378,97
121900104,1824,294,1530
121900105,337,231,106
121900106,13,10,3
121900107,78,48,30
121900108,0,15,-15
121900109,354,209,145
121900110,605,742,-137
121900111,740,340,400
121900112,157,223,-66
121900113,88,445,-357
121900114,103,77,26
121900117,287,222,65
121900118,1849,551,1298
121900119,233,131,102
121900120,81,1367,-1286
121900121,465,49,416
121900122,33,64,-31
121900123,356,491,-135
121900124,156,177,-21
121900125,1929,990,939
121900127,21,112,-91
121900128,114,112,2
121900129,580,201,379
121900130,128,287,-159
121900131,270,100,170
121900132,65,107,-42
121900133,75,1193,-1118
121900134,30,216,-186
121900135,4230,527,3703
121900136,415,402,13
121900137,82,385,-303
121900138,142,251,-109
121900139,400,762,-362
121900140,85,187,-102
121900141,88,91,-3
121900142,211,156,55
121900143,23,193,-170
121900144,190,302,-112
121900145,327,411,-84
121900146,668,799,-131
121900147,82,179,-97
121900148,213,370,-157
121900149,447,581,-134
121900150,64,155,-91
121900151,87,282,-195
121900152,137,126,11
121900153,133,943,-810
121900154,7,270,-263
121900155,4,182,-178
121900156,228,168,60
121900157,10,374,-364
121900158,82,121,-39
121900159,1,198,-197
121900160,70,299,-229
121900161,390,319,71
121900162,140,231,-91
121900163,327,449,-122
121900164,409,304,105
121900165,338,162,176
121900166,205,175,30
121900167,117,146,-29
121900168,115,194,-79
121900169,5,197,-192
121900170,11,198,-187
121900171,1015,677,338
121900172,649,240,409
121900173,1092,331,761
121900174,86,76,10
121900175,199,418,-219
121900176,668,1431,-763
121900177,277,116,161
121900178,32,41,-9
121900179,504,275,229
121900180,3512,5352,-1840
121900182,739,415,324
121900183,580,1795,-1215
121900184,90,760,-670
121900186,8,456,-448
121900187,39,211,-172
121900188,913,399,514
121900189,39,128,-89
121900190,253,437,-184
121900191,148,203,-55
121900192,406,988,-582
121900193,59,166,-107
121900194,10,387,-377
121900195,87,100,-13
121900196,1062,1095,-33
121900197,336,1303,-967
121900198,1323,1110,213
121900199,5,89,-84
121900200,109,227,-118
121900201,1123,891,232
121900202,141,858,-717
121900203,317,1158,-841
121900204,955,1356,-401
121900205,11,71,-60
121900206,56,68,-12
121900207,151,47,104
121900208,170,328,-158
121900209,99,72,27
121900210,1641,1096,545
121900211,24,97,-73
121900212,128,139,-11
121900213,243,88,155
121900214,24,572,-548
121900215,66,127,-61
121900216,49,376,-327
121900217,272,229,43
121900218,256,373,-117
121900220,142,14,128
121900221,287,538,-251
121900222,197,176,21
121900223,312,69,243
121900224,111,74,37
121900225,125,138,-13
121900226,330,465,-135
121900227,354,686,-332
121900228,177,260,-83
121900230,106,397,-291
121900231,272,2100,-1828
121900232,304,472,-168
121900233,283,240,43
121900234,427,272,155
121900235,565,184,381
121900236,337,190,147
121900237,199,337,-138
121900238,204,314,-110
121900239,248,40,208
121900240,367,164,203
121900241,58,69,-11
121900242,20,0,20
121900243,30,0,30
121900244,30,12,18
121900245,259,72,187
121900246,2751,412,2339
121900247,347,286,61
121900248,1534,1423,111
121900250,240,382,-142
121900251,603,51,552
121900252,643,176,467
121900253,168,733,-565
121900254,380,327,53
121900255,508,106,402
121900258,4324,2212,2112
121900259,373,634,-261
121900260,184,157,27
121900261,195,562,-367
121900262,437,1000,-563
121900263,310,264,46
121900264,1716,1361,355
121900265,361,254,107
121900266,576,149,427
121900267,96,61,35
121900269,321,819,-498
121900270,46,216,-170
121900271,63,178,-115
121900273,551,2093,-1542
121900274,451,301,150
121900277,588,1616,-1028
121900278,149,1137,-988
121900279,158,194,-36
121900280,196,434,-238
121900281,373,602,-229
121900284,215,11,204
121900286,177,120,57
121900287,16,30,-14
121900288,1,0,1
121900290,368,568,-200
121900291,347,705,-358
121900292,160,143,17
121900293,1035,2765,-1730
121900294,333,9,324
121900295,178,239,-61
121900296,66,325,-259
121900298,335,862,-527
121900299,0,7,-7
121900300,166,3,163
121900301,105,12,93
121900302,6,42,-36
121900303,322,629,-307
121900304,1,8,-7
121900305,4,7,-3
121900306,256,3,253
121900307,54,16,38
121900308,59,310,-251
121900309,23,211,-188
121900310,19,382,-363
121900311,540,17,523
121900312,503,18,485
121900313,457,24,433
121900314,7,48,-41
121900315,24,1,23
121900316,0,5,-5
121900317,40,11,29
121900318,3,20,-17
121900319,74,205,-131
121900320,35,53,-18
121900321,28,4,24
121900322,0,17,-17
121900323,25,27,-2
121900324,8,52,-44
121900325,22,17,5
121900326,2,25,-23
121900327,5,46,-41
121900328,0,33,-33
121900329,2,112,-110
121900330,1,55,-54
121900331,237,173,64
121900332,121,40,81
121900333,36,3,33
122000001,2255,5499,-3244
122000002,4131,1757,2374
122000003,2105,3174,-1069
122000004,3042,1897,1145
122000005,3006,2409,597
122000006,1619,1197,422
122000007,1081,1744,-663
122000008,3158,4980,-1822
122000009,531,520,11
122000010,2473,3254,-781
122000011,3504,1749,1755
122000012,999,1913,-914
122000013,1341,1094,247
122000014,1983,1285,698
122000015,1671,1251,420
122000016,673,983,-310
122000017,1413,1300,113
122000018,1711,1738,-27
122000019,820,1108,-288
122000020,285,301,-16
122000021,297,514,-217
122000022,1278,1068,210
122000023,787,1788,-1001
122000024,754,1503,-749
122000025,962,1986,-1024
122000026,891,1468,-577
122000027,702,1944,-1242
122000028,1156,596,560
122000029,591,592,-1
122000030,293,191,102
122000031,179,361,-182
122000032,1970,2015,-45
122000033,860,1644,-784
122000034,673,751,-78
122000035,385,838,-453
122000036,619,566,53
122000037,443,284,159
122000038,307,449,-142
122000039,575,443,132
122000040,264,355,-91
122000041,590,629,-39
122000042,362,451,-89
122000043,133,133,0
122000044,158,144,14
122000045,1369,563,806
122000046,955,799,156
122000047,324,294,30
122000048,3970,5125,-1155
122000049,6411,3954,2457
122000050,1434,993,441
122000051,322,429,-107
122000052,574,474,100
122000053,204,989,-785
122000054,2590,2309,281
122000055,2350,3401,-1051
122000056,4967,3645,1322
122000057,3428,4048,-620
122000058,2139,1768,371
122000059,2513,2208,305
122000060,603,846,-243
122000061,499,621,-122
122000062,843,340,503
122000063,1251,873,378
122000064,3381,3416,-35
122000065,3519,2704,815
122000066,1128,1195,-67
122000067,1722,1526,196
122000068,1704,1219,485
122000069,857,780,77
122000070,991,1573,-582
122000071,2276,1285,991
122000072,414,585,-171
122000073,393,1066,-673
122000074,3244,1866,1378
122000075,1044,1296,-252
122000076,3144,1456,1688
122000077,1038,1183,-145
122000078,1842,3058,-1216
122000079,1105,1584,-479
122000080,691,445,246
122000081,176,291,-115
122000082,554,1209,-655
122000083,1978,1786,192
122000084,1849,1084,765
122000085,329,1023,-694
122000086,2583,6103,-3520
122000087,549,350,199
122000088,447,683,-236
122000089,5393,2816,2577
122000090,283,608,-325
122000091,168,121,47
122000092,114,39,75
122000093,1898,2474,-576
122000094,6280,3668,2612
122000095,2485,4995,-2510
122000096,2234,2230,4
122000098,3875,3089,786
122000099,1699,959,740
122000100,980,647,333
122000101,462,746,-284
122000102,2368,1340,1028
122000103,2130,1867,263
122000104,466,250,216
122000105,474,315,159
122000106,528,770,-242
122000107,1203,530,673
122000108,573,850,-277
122000109,577,383,194
122000110,597,673,-76
122000111,3339,1576,1763
122000112,1204,1590,-386
122000113,789,705,84
122000114,3271,1606,1665
122000115,2286,1404,882
122000116,715,650,65
122000117,1572,516,1056
122000118,759,913,-154
122000119,4062,3205,857
122000120,2308,5740,-3432
122000121,2480,3738,-1258
122000122,821,1799,-978
122000123,1903,1979,-76
122000124,1218,699,519
122000125,865,870,-5
122000126,586,1179,-593
122000127,1079,1363,-284
122000128,628,888,-260
122000129,615,1830,-1215
122000130,3773,1683,2090
122000131,2030,1556,474
122000132,727,785,-58
122000133,1205,1536,-331
122000134,1166,962,204
122000135,736,692,44
122000136,1004,730,274
122000137,2126,967,1159
122000139,1278,4179,-2901
122000140,702,677,25
122000141,4780,1380,3400
122000142,307,1192,-885
122000143,537,708,-171
122000144,1789,1384,405
122000145,1376,955,421
122000146,919,1675,-756
122000147,662,514,148
122000148,1864,2480,-616
122000149,2433,1835,598
122000150,1363,1316,47
122000151,235,469,-234
122000152,362,412,-50
122000153,423,442,-19
122000154,313,273,40
122000155,1831,3003,-1172
122000156,2998,3391,-393
122000157,1449,2984,-1535
122000158,407,745,-338
122000159,814,1936,-1122
122000160,4838,3021,1817
122000161,1534,1459,75
122000162,2586,2306,280
122000163,324,120,204
122000164,46,122,-76
122000165,794,860,-66
122000166,903,1261,-358
122000167,322,319,3
122000168,234,664,-430
122000169,355,220,135
122000170,413,296,117
122000171,76,122,-46
122000172,2069,1565,504
122000173,1674,2569,-895
122000174,2553,1195,1358
122000175,1066,322,744
122000176,365,945,-580
122000177,1570,1665,-95
122000178,3297,2452,845
122000179,1900,2652,-752
122000180,1961,1578,383
122000181,1793,3539,-1746
122000182,2048,2141,-93
122000183,2591,1155,1436
122000184,3606,2859,747
122000185,2025,2214,-189
122000186,531,912,-381
122000187,2040,1181,859
122000188,514,232,282
122000189,365,358,7
122000190,990,1407,-417
122000191,982,982,0
122000192,1336,432,904
122000193,514,899,-385
122000194,530,196,334
122000195,198,525,-327
122000196,1268,738,530
122000197,554,810,-256
122000198,480,967,-487
122000199,358,403,-45
122000200,1048,693,355
122000201,1512,1926,-414
122000202,1438,1890,-452
122000203,3141,1760,1381
122000204,1701,2031,-330
122000205,1395,1514,-119
122000206,2721,1202,1519
122000207,2058,1696,362
122000208,2538,1625,913
122000209,1906,427,1479
122000210,2340,1710,630
122000211,1629,1684,-55
122000212,879,623,256
122000213,1275,1488,-213
122000214,2389,1894,495
122000215,2595,1951,644
122000217,2196,1661,535
122000218,844,83,761
122000219,1312,1008,304
122000220,412,803,-391
122000221,88,504,-416
122000222,613,139,474
122000223,1316,601,715
122000225,910,338,572
122000226,1820,2204,-384
122000227,343,2687,-2344
122000228,386,414,-28
122000229,56,618,-562
122000230,200,543,-343
122000231,382,784,-402
122000232,578,943,-365
122000233,0,130,-130
122000234,422,81,341
122000235,586,132,454
122000236,1421,106,1315
122000237,136,95,41
122000238,632,420,212
122000239,805,234,571
122000240,1375,744,631
122000241,2219,704,1515
122000242,927,175,752
122000243,216,57,159
122000244,43,418,-375
122000245,96,160,-64
122000246,213,196,17
122000247,689,538,151
122000248,1250,1592,-342
122000249,1294,1098,196
122000250,2755,1176,1579
122000251,286,412,-126
122000252,609,125,484
122000253,71,251,-180
122000254,339,107,232
122000255,777,1511,-734
122000256,370,905,-535
122000257,232,301,-69
122000258,314,327,-13
122000259,17,521,-504
122000260,3,72,-69
122000261,23,263,-240
122000262,4,50,-46
122000263,587,177,410
122000264,1718,318,1400
122000265,2800,911,1889
122000266,4740,694,4046
122000267,179,143,36
122000268,155,342,-187
122000269,1039,391,648
122000270,643,214,429
122000271,331,1046,-715
122000272,385,859,-474
122000273,449,368,81
122000274,266,216,50
122000275,76,215,-139
122000276,964,686,278
122000277,1477,1824,-347
122000278,1895,587,1308
122000279,257,490,-233
122000280,1048,775,273
122000281,1093,790,303
122000282,246,509,-263
122000283,284,197,87
122000284,235,117,118
122000285,337,105,232
122000286,92,187,-95
122000287,1290,1402,-112
122000288,562,238,324
122000291,2384,835,1549
122000293,285,251,34
122000294,175,255,-80
122000295,1436,208,1228
122000296,52,628,-576
122000297,2655,3676,-1021
122000299,731,423,308
122000300,652,596,56
122000301,8958,3627,5331
122000302,820,2043,-1223
122000303,3107,1376,1731
122000304,80,239,-159
122000305,1418,329,1089
122000306,81,576,-495
122000307,117,151,-34
122000309,100,63,37
122000310,15,113,-98
122000311,132,161,-29
122000312,119,179,-60
122000313,91,79,12
122000314,165,264,-99
122000315,331,63,268
122000316,1035,247,788
122000317,1591,297,1294
122000318,410,1010,-600
122000319,281,379,-98
122000320,357,1001,-644
122000321,88,195,-107
122000322,2380,2509,-129
122000323,1313,2528,-1215
122000324,1369,1522,-153
122000325,943,2136,-1193
122000326,100,108,-8
122000327,590,963,-373
122000328,951,745,206
122000330,2543,1146,1397
122000332,190,364,-174
122000333,12,81,-69
122000337,1257,1289,-32
122000338,610,413,197
122000340,326,686,-360
122000342,1740,1136,604
122000343,572,1064,-492
122000344,93,18,75
122000345,53,25,28
122000346,396,471,-75
122000348,1057,859,198
122000349,158,917,-759
122000351,170,205,-35
122000352,296,212,84
122000353,114,75,39
122000355,148,483,-335
122000356,1266,1432,-166
122000357,90,22,68
122000358,0,50,-50
122000359,0,33,-33
122000360,1,37,-36
122000362,12,74,-62
122000364,205,382,-177
122000365,0,30,-30
122000366,28,10,18
122000368,420,822,-402
122000370,32,66,-34
122000371,29,0,29
122000372,9,4,5
122000381,134,375,-241
122000382,117,264,-147
122000384,2390,1301,1089
122000385,72,0,72
122000386,362,1596,-1234
122000387,514,785,-271
122000388,1518,763,755
122000389,192,639,-447
122000390,397,315,82
122000391,417,378,39
122000392,166,203,-37
122000393,19,141,-122
122000394,586,251,335
122000395,155,132,23
122000396,329,110,219
122000397,36,74,-38
122000398,21,71,-50
122000399,171,90,81
122000400,120,653,-533
122000401,167,69,98
122000402,371,125,246
122000403,567,741,-174
122000404,242,246,-4
122000408,1133,1575,-442
122000503,7,101,-94
122000524,176,181,-5
122000544,108,2224,-2116
122000616,428,5,423
122000640,102,100,2
122000641,195,307,-112
122000642,1294,880,414
122000643,41,255,-214
122000644,189,46,143
122000645,117,214,-97
122000651,1337,1155,182
122000664,183,47,136
122000665,1454,607,847
122000666,781,1246,-465
122000673,37,221,-184
122000674,273,109,164
122000675,1900,787,1113
122000686,402,1032,-630
122000687,1570,312,1258
122000688,365,478,-113
122000689,1084,378,706
122000690,2707,410,2297
122000691,1003,1432,-429
122000692,1877,488,1389
122000693,471,1700,-1229
122000695,342,352,-10
122000696,615,266,349
122000698,418,535,-117
122000699,197,126,71
122000701,1753,329,1424
122000702,486,1067,-581
122000703,231,74,157
122000717,124,63,61
122000718,424,934,-510
122000719,98,64,34
122000720,606,214,392
122000724,136,41,95
122900001,51,10,41
122900002,1245,5882,-4637
122900003,496,37,459
122900004,2083,88,1995
122900005,151,150,1
122900006,549,1163,-614
122900007,176,125,51
122900008,480,289,191
122900009,861,591,270
122900010,320,163,157
122900012,226,529,-303
122900014,125,219,-94
122900015,1668,1349,319
122900016,151,244,-93
122900017,387,1097,-710
122900018,234,24,210
122900019,15,133,-118
122900020,162,467,-305
122900021,60,433,-373
122900022,1064,880,184
122900023,572,264,308
122900024,197,123,74
122900025,15,486,-471
122900026,59,313,-254
122900027,57,605,-548
122900028,149,147,2
122900029,4381,3196,1185
122900030,1064,709,355
122900031,37,401,-364
122900032,200,587,-387
122900033,224,146,78
122900034,4356,5334,-978
122900035,65,24,41
122900036,71,95,-24
122900037,440,205,235
122900038,88,3113,-3025
122900039,115,643,-528
122900040,289,582,-293
122900041,371,401,-30
122900042,256,319,-63
122900043,380,262,118
122900044,138,433,-295
122900045,133,114,19
122900046,193,411,-218
122900047,135,210,-75
122900048,63,261,-198
122900049,1215,159,1056
122900051,103,170,-67
122900052,113,167,-54
122900053,47,44,3
122900055,456,116,340
122900057,290,81,209
122900061,553,222,331
122900062,661,671,-10
122900063,206,231,-25
122900064,843,479,364
122900065,644,245,399
122900066,768,361,407
122900067,1125,729,396
122900068,150,381,-231
122900069,443,1480,-1037
122900070,378,54,324
122900071,99,352,-253
122900072,23,431,-408
122900073,36,198,-162
122900074,1099,618,481
122900075,4,84,-80
122900076,14,159,-145
122900077,2,129,-127
122900078,193,73,120
122900080,42,53,-11
122900081,275,177,98
122900082,936,259,677
122900083,164,152,12
122900084,14,239,-225
122900086,15,118,-103
122900087,301,411,-110
122900088,44,272,-228
122900089,76,275,-199
122900090,10,442,-432
122900091,325,2,323
122900092,1,141,-140
122900093,0,195,-195
122900094,0,178,-178
122900095,256,11,245
122900096,416,90,326
122900097,38,40,-2
122900098,66,130,-64
122900099,83,9,74
122900100,223,427,-204
122900101,643,328,315
122900102,25,44,-19
122900103,178,13,165
122900104,341,9,332
122900105,31,18,13
122900106,3,85,-82
122900107,3,176,-173
122900108,10,129,-119
123000001,1309,538,771
123000002,3638,6153,-2515
123000003,4585,4762,-177
123000004,3268,4267,-999
123000005,3024,3174,-150
123000006,2515,2501,14
123000007,4951,2923,2028
123000008,3020,3311,-291
123000009,4823,3019,1804
123000010,3363,3622,-259
123000011,2307,918,1389
123000012,758,2296,-1538
123000013,3973,1084,2889
123000014,820,3488,-2668
123000015,3655,1410,2245
123000016,4454,4777,-323
123000017,4010,2092,1918
123000018,141,105,36
123000019,555,213,342
123000020,265,67,198
123000021,167,216,-49
123000022,464,1694,-1230
123000023,2071,2244,-173
123000024,1709,849,860
123000025,79,110,-31
123000026,9,113,-104
123000027,120,811,-691
123000028,1312,1416,-104
123000029,703,1916,-1213
123000030,256,256,0
123000031,386,249,137
123000032,608,167,441
123000033,270,79,191
123000034,1174,1023,151
123000035,449,474,-25
123000036,323,1037,-714
123000037,293,307,-14
123000038,132,252,-120
123000039,523,1839,-1316
123000040,901,362,539
123000041,1258,1319,-61
123000042,878,646,232
123000043,3211,11682,-8471
123000044,4681,2705,1976
123000045,7285,3590,3695
123000046,847,1843,-996
123000047,1879,1187,692
123000048,94,1063,-969
123000049,6880,11181,-4301
123000050,1900,1988,-88
123000051,148,243,-95
123000052,1026,4045,-3019
123000053,3031,3437,-406
123000054,1946,2191,-245
123000055,2154,3882,-1728
123000056,1351,1959,-608
123000057,10358,8174,2184
123000058,695,1183,-488
123000059,483,624,-141
123000060,1146,427,719
123000061,273,679,-406
123000063,880,921,-41
123000064,1193,319,874
123000065,4875,3746,1129
123000066,823,588,235
123000067,1043,613,430
123000068,3001,3086,-85
123000069,6712,3177,3535
123000070,272,621,-349
123000071,1548,934,614
123000072,1313,831,482
123000073,1726,760,966
123000074,1249,1088,161
123000075,541,1421,-880
123000076,914,758,156
123000077,2420,2267,153
123000078,1967,1495,472
123000079,1965,2136,-171
123000080,2544,1684,860
123000081,257,326,-69
123000082,406,1167,-761
123000083,1120,313,807
123000084,824,487,337
123000085,401,61,340
123000086,740,148,592
123000087,449,289,160
123000088,1288,748,540
123000089,699,1043,-344
123000090,1217,911,306
123000091,1628,1393,235
123000092,1041,1167,-126
123000094,611,260,351
123000095,625,657,-32
123000096,889,418,471
123000097,589,768,-179
123000098,1001,629,372
123000099,730,742,-12
123000100,540,815,-275
123000101,578,749,-171
123000102,675,820,-145
123000104,559,594,-35
123000105,745,567,178
123000106,531,485,46
123000107,469,533,-64
123000108,766,1168,-402
123000111,1010,376,634
123000112,1542,595,947
123000113,634,1219,-585
123000114,422,578,-156
123000115,278,306,-28
123000116,51,151,-100
123000117,1926,1765,161
123000118,614,749,-135
123000119,290,775,-485
123000120,441,796,-355
123000121,529,492,37
123000122,335,342,-7
123000123,544,607,-63
123000124,491,408,83
123000125,1373,1521,-148
123000126,1404,4871,-3467
123000127,792,729,63
123000128,355,444,-89
123000129,943,245,698
123000130,744,105,639
123000131,1060,870,190
123000132,368,922,-554
123000133,273,419,-146
123000134,420,130,290
123000135,2750,1276,1474
123000136,234,673,-439
123000137,111,330,-219
123000138,112,405,-293
123000139,743,128,615
123000140,145,719,-574
123000141,981,155,826
123000142,1266,1194,72
123000143,982,1834,-852
123000144,45,34,11
123000145,199,238,-39
123000146,52,102,-50
123000147,99,100,-1
123000149,461,599,-138
123000150,185,405,-220
123000151,294,714,-420
123000152,157,387,-230
123000153,269,1065,-796
123000154,2036,2549,-513
123000155,2309,1576,733
123000156,57,163,-106
123000157,703,1032,-329
123000158,703,928,-225
123000159,3737,3193,544
123000160,1124,976,148
123000161,2054,1376,678
123000162,1220,1674,-454
123000163,746,126,620
123000164,1899,350,1549
123000165,499,1445,-946
123000166,28,102,-74
123000167,235,261,-26
123000168,296,211,85
123000169,909,171,738
123000170,80,142,-62
123000171,958,15,943
123000172,181,555,-374
123000173,768,387,381
123000174,1267,490,777
123000175,583,1166,-583
123000176,1316,329,987
123000177,324,1065,-741
123000178,902,188,714
123000179,60,599,-539
123000180,2140,411,1729
123000181,404,1172,-768
123000182,303,424,-121
123000183,213,592,-379
123000184,134,592,-458
123000185,1078,381,697
123000186,2,464,-462
123000187,639,5,634
123000188,204,2,202
123000189,218,220,-2
123000190,110,103,7
123000192,28,418,-390
123000193,82,759,-677
123000194,434,359,75
123000195,459,44,415
123000196,384,45,339
123000197,77,110,-33
123000198,48,703,-655
123000199,17,746,-729
123000200,689,15,674
123000201,1232,27,1205
123000202,29,935,-906
123000203,1161,73,1088
123000204,81,920,-839
123000205,608,1323,-715
123000206,2603,309,2294
123000207,97,777,-680
123000208,663,213,450
123000209,2548,649,1899
123000210,401,1680,-1279
123000211,594,2170,-1576
123000212,3800,574,3226
123000213,809,84,725
123000215,81,221,-140
123000216,246,1202,-956
123000217,280,49,231
123000218,60,816,-756
123000219,835,72,763
123000220,623,105,518
123000221,192,113,79
123000222,524,418,106
123000223,451,313,138
123000224,550,405,145
123000225,312,75,237
123000226,102,388,-286
123000227,88,290,-202
123000228,369,61,308
123000229,895,1462,-567
123000232,111,545,-434
123000233,897,172,725
123000234,169,533,-364
123000235,1373,372,1001
123000236,362,745,-383
123000237,381,94,287
123000238,89,581,-492
123000239,549,1303,-754
123000240,70,582,-512
123000241,438,112,326
123000242,264,201,63
123000243,777,908,-131
123000244,1026,762,264
123000245,65,185,-120
123000249,1131,542,589
123000252,1105,329,776
123000253,1394,594,800
123000254,830,1006,-176
123000255,1359,1043,316
123000256,31,246,-215
123000257,2626,1971,655
123000258,1035,853,182
123000259,509,410,99
123000260,573,411,162
123000261,353,161,192
123000262,79,150,-71
123000263,505,108,397
123000264,242,119,123
123000265,53,142,-89
123000266,648,696,-48
123000267,842,483,359
123000268,54,98,-44
123000269,67,115,-48
123000270,31,70,-39
123000271,85,77,8
123000272,955,281,674
123000273,373,822,-449
123000274,1355,670,685
123000275,367,895,-528
123000278,2632,2684,-52
123000279,175,136,39
123000280,393,309,84
123000281,298,117,181
123000282,153,340,-187
123000283,168,61,107
123000284,75,85,-10
123000286,218,438,-220
123000287,496,293,203
123000288,1582,1113,469
123000289,406,1308,-902
123000291,259,949,-690
123000294,172,275,-103
123000295,982,989,-7
123000296,684,430,254
123000297,731,514,217
123000298,856,432,424
123000299,85,189,-104
123000300,1201,957,244
123000301,200,334,-134
123000302,182,150,32
123000303,171,281,-110
123000305,991,1096,-105
123000306,204,120,84
123000309,72,65,7
123000310,50,62,-12
123000311,0,60,-60
123000312,502,688,-186
123000313,605,343,262
123000315,323,309,14
123000316,1011,97,914
123000317,214,74,140
123000318,52,209,-157
123000329,10,18,-8
123000337,989,437,552
123000338,352,136,216
123000339,310,86,224
123000340,117,346,-229
123000342,12,38,-26
123000343,41,7,34
123000344,1133,434,699
123000345,427,583,-156
123000346,471,43,428
123000352,1286,978,308
123000353,36,76,-40
123000354,250,11,239
123000355,1,245,-244
123000356,497,13,484
123000357,2,135,-133
123000359,6,159,-153
123000360,234,66,168
123000361,219,366,-147
123000362,472,93,379
123000363,119,193,-74
123000364,599,528,71
123000365,18,414,-396
123000366,411,2160,-1749
123000367,363,997,-634
123000370,36,373,-337
123000371,543,83,460
123000372,498,42,456
123000373,17,412,-395
123000374,9,180,-171
123000375,421,50,371
123000376,1201,735,466
123000377,526,23,503
123000378,15,270,-255
123000379,4,183,-179
123000380,51,503,-452
123000381,176,64,112
123000382,1117,138,979
123000383,197,1328,-1131
123000384,532,103,429
123000385,162,604,-442
123000436,78,1267,-1189
123000507,127,281,-154
123000508,206,1108,-902
123000517,314,28,286
123000518,27,240,-213
123000519,210,67,143
123000520,58,231,-173
123000521,414,101,313
123000522,144,279,-135
123000541,12,4,8
123000542,0,15,-15
123000565,770,44,726
123000566,349,429,-80
123000567,99,178,-79
123000573,26,719,-693
123000574,923,104,819
123000575,1631,1091,540
123000576,1173,1228,-55
123000577,73,807,-734
123000578,537,76,461
123000579,2111,6182,-4071
123000580,136,55,81
123000582,592,32,560
123000583,32,350,-318
123000584,224,379,-155
123000585,0,94,-94
123000586,96,0,96
123000596,84,92,-8
123000597,89,161,-72
123000602,55,13,42
123000603,1078,602,476
123000604,580,664,-84
123000605,899,174,725
123000606,1,474,-473
123000609,19,373,-354
123000610,216,113,103
123000613,40,167,-127
123000614,332,54,278
123000615,30,88,-58
123000616,967,79,888
123000617,119,330,-211
123000618,89,566,-477
123000619,648,54,594
123000620,23,409,-386
123000622,463,20,443
123000624,168,46,122
123000630,1300,478,822
123000631,229,822,-593
123000632,852,788,64
123000633,0,172,-172
123000634,143,182,-39
123000635,122,115,7
123000636,39,694,-655
123000637,256,81,175
123000638,544,40,504
123000639,1122,5175,-4053
123000640,25,595,-570
123000648,30,21,9
123000649,6,80,-74
123900001,1365,50,1315
123900002,30,1413,-1383
123900003,203,509,-306
123900005,284,188,96
123900006,347,37,310
124000001,2216,155,2061
124000002,121,1695,-1574
124000003,1075,168,907
124000004,94,498,-404
124000005,1235,538,697
124000006,230,1057,-827
124000007,425,124,301
124000008,16,539,-523
124000009,782,263,519
124000010,248,360,-112
124000011,1029,316,713
124000012,284,455,-171
124000017,224,127,97
124000018,175,104,71
124000019,141,146,-5
124000020,61,159,-98
124000021,141,120,21
124000022,135,233,-98
124000023,1578,1695,-117
124000024,1133,457,676
124000025,1270,2007,-737
124000026,1198,1034,164
124000027,5642,5878,-236
124000028,1925,4399,-2474
124000030,2616,1517,1099
124000031,1315,3838,-2523
124000032,2230,839,1391
124000033,324,346,-22
124000034,1080,631,449
124000035,155,305,-150
124000036,92,366,-274
124000037,605,1257,-652
124000038,52,218,-166
124000039,944,485,459
124000040,561,1394,-833
124000041,537,90,447
124000042,114,506,-392
124000043,174,78,96
124000044,68,217,-149
124000045,1061,568,493
124000046,329,724,-395
124000047,2009,809,1200
124000048,1074,1357,-283
124000049,1912,748,1164
124000050,979,1699,-720
124000051,1202,751,451
124000052,821,929,-108
124000053,759,1735,-976
124000054,1029,653,376
124000055,1549,3066,-1517
124000056,2208,1397,811
124000057,1264,669,595
124000058,544,1115,-571
124000059,879,1571,-692
124000060,1221,642,579
124000061,1663,6374,-4711
124000062,3847,1964,1883
124000063,1331,1610,-279
124000064,2206,1274,932
124000065,49,408,-359
124000066,187,172,15
124000067,238,167,71
124000068,69,97,-28
124000069,577,110,467
124000070,216,360,-144
124000071,238,89,149
124000072,213,477,-264
124000073,1223,178,1045
124000074,216,802,-586
124000075,432,29,403
124000076,15,185,-170
124000077,1418,1251,167
124000078,2846,1292,1554
124000079,426,1697,-1271
124000080,666,181,485
124000081,278,616,-338
124000082,110,193,-83
124000083,96,113,-17
124000084,83,657,-574
124000085,106,70,36
124000086,75,131,-56
124000087,224,117,107
124000088,397,558,-161
124000089,1053,290,763
124000090,221,409,-188
124000091,592,133,459
124000092,155,657,-502
124000093,149,102,47
124000094,215,611,-396
124000095,134,87,47
124000096,197,287,-90
124000097,174,122,52
124000098,57,107,-50
124000099,336,147,189
124000100,79,161,-82
124000101,107,133,-26
124000102,81,68,13
124000103,121,122,-1
124000104,109,33,76
124000105,107,110,-3
124000106,151,52,99
124000107,22,200,-178
124000108,48,23,25
124000109,172,107,65
124000110,242,107,135
124000111,313,134,179
124000112,823,602,221
124000113,106,126,-20
124000114,372,406,-34
124000115,421,664,-243
124000116,150,183,-33
124000117,60,111,-51
124000118,44,143,-99
124000119,990,670,320
124000120,684,530,154
124000121,1611,813,798
124000122,665,1595,-930
124000123,1117,568,549
124000124,532,1126,-594
124000125,514,560,-46
124000126,413,663,-250
124000127,1093,397,696
124000128,669,1049,-380
124000129,2572,1695,877
124000130,985,654,331
124000131,1074,734,340
124000132,978,784,194
124000133,1138,967,171
124000134,1132,613,519
124000135,2165,1995,170
124000136,1108,904,204
124000137,1626,1153,473
124000138,2040,1343,697
124000139,561,29,532
124000140,31,481,-450
124000141,177,18,159
124000142,8,197,-189
124000143,64,8,56
124000144,15,48,-33
124000145,129,38,91
124000146,24,83,-59
124000148,13,104,-91
124000149,1214,434,780
124000150,374,736,-362
124000151,1081,462,619
124000152,953,1289,-336
124000153,1125,910,215
124000154,687,836,-149
124000155,1737,1060,677
124000156,1703,1219,484
124000169,305,610,-305
124000170,528,543,-15
124000171,378,292,86
124000172,390,520,-130
124000173,611,217,394
124000174,345,645,-300
124000175,15,161,-146
124000176,79,31,48
124000177,18,37,-19
124000178,93,69,24
124000190,130,106,24
124000191,163,255,-92
124000192,1542,412,1130
124000193,426,1090,-664
124000194,459,495,-36
124000195,401,605,-204
124000196,1062,974,88
124000197,65,77,-12
124000198,55,116,-61
124000201,291,912,-621
124000202,681,331,350
124000203,522,453,69
124000204,1034,280,754
124000205,105,372,-267
124000206,861,348,513
124000207,1,53,-52
124000209,206,399,-193
124000210,644,236,408
124000211,897,4,893
124000212,1,398,-397
124000213,585,204,381
124000214,502,527,-25
124000215,505,23,482
124000216,1,292,-291
124000329,127,1411,-1284
124000338,149,684,-535
124000339,1382,124,1258
124000341,1729,80,1649
124000344,35,5,30
124000357,1271,2507,-1236
124000358,975,1513,-538
124000359,1147,690,457
124000360,984,454,530
124000361,2117,900,1217
124000362,1036,1617,-581
124000363,294,339,-45
124000364,493,771,-278
124000365,571,1012,-441
124000366,1367,1028,339
124000367,120,534,-414
124000368,486,510,-24
124000369,179,128,51
124000370,93,582,-489
124000402,30,16,14
124000403,189,30,159
124000404,28,112,-84
124000405,1269,846,423
124000406,824,955,-131
124000407,4,35,-31
124000411,13,294,-281
124000412,470,17,453
124000413,172,25,147
124000414,90,96,-6
124000415,65,109,-44
124000416,164,219,-55
124000417,210,104,106
124000418,246,104,142
124000419,121,144,-23
124000420,149,93,56
124000421,71,138,-67
124000422,58,16,42
124000423,182,36,146
124000424,1,84,-83
124000425,90,29,61
124000426,4,52,-48
124000427,59,6,53
124000428,12,51,-39
124000429,99,90,9
124000430,937,522,415
124000431,268,556,-288
124000432,314,773,-459
124000439,1,8,-7
124000443,2,5,-3
124000445,200,1252,-1052
124000446,1210,238,972
124900001,669,427,242
124900002,182,309,-127
124900003,1360,608,752
124900004,786,364,422
124900005,295,148,147
124900006,831,296,535
124900008,1335,715,620
124900009,284,412,-128
124900010,239,154,85
124900011,743,286,457
124900012,521,92,429
124900013,549,116,433
124900014,322,48,274
124900015,201,408,-207
124900016,80,120,-40
124900017,518,1848,-1330
124900018,60,10,50
124900020,121,72,49
124900021,333,45,288
124900022,85,8,77
124900024,343,7,336
124900026,137,82,55
124900027,183,556,-373
124900028,527,121,406
124900029,37,615,-578
124900030,8,104,-96
124900031,61,322,-261
124900032,529,306,223
124900033,155,326,-171
124900034,104,601,-497
124900035,226,404,-178
124900036,1,106,-105
124900037,288,304,-16
124900038,318,297,21
124900039,2,204,-202
124900040,132,80,52
124900041,302,894,-592
124900042,190,5,185
124900043,591,750,-159
124900044,96,5,91
124900045,760,1267,-507
124900046,960,344,616
124900047,171,240,-69
124900048,221,94,127
124900050,199,224,-25
124900052,66,444,-378
124900053,122,341,-219
124900054,1344,506,838
124900055,1,188,-187
124900057,9,53,-44
124900060,76,243,-167
124900061,156,13,143
124900062,237,22,215
124900066,0,12,-12
124900067,17,135,-118
124900068,303,557,-254
124900070,86,38,48
124900072,160,39,121
124900074,220,39,181
124900075,356,273,83
124900076,38,1296,-1258
124900077,57,160,-103
124900078,102,15,87
124900079,503,231,272
124900080,347,522,-175
124900081,1189,309,880
124900082,411,652,-241
124900083,303,451,-148
124900084,1670,166,1504
124900085,975,706,269
124900086,113,1694,-1581
124900087,665,144,521
124900088,677,116,561
124900089,1152,33,1119
124900090,443,285,158
124900091,358,292,66
124900092,299,229,70
124900093,528,234,294
124900094,503,283,220
124900095,136,602,-466
124900096,592,301,291
124900097,517,78,439
124900098,223,323,-100
124900099,605,529,76
124900100,368,33,335
124900101,107,631,-524
124900102,246,18,228
124900103,142,185,-43
124900104,83,149,-66
124900105,143,117,26
124900106,471,69,402
124900107,196,14,182
124900108,193,116,77
124900109,38,37,1
124900110,91,107,-16
124900111,4,148,-144
124900112,78,510,-432
124900113,147,327,-180
124900114,156,196,-40
124900115,84,44,40
124900116,293,253,40
124900117,377,245,132
124900118,206,410,-204
124900119,437,187,250
124900120,46,351,-305
124900121,168,490,-322
124900122,302,270,32
124900123,270,144,126
124900124,190,314,-124
129000186,170,55,115
204000001,84,6,78
204000002,19,8,11
204000003,34,1,33
204000004,7,5,2
204000005,642,429,213
204000006,1424,1050,374
204000011,11,32,-21
204000012,71,85,-14
204000019,684,515,169
204000020,917,798,119
204000021,2338,1056,1282
204000022,600,497,103
204000023,622,614,8
204000031,70,10,60
204000032,408,33,375
204000034,16,182,-166
204000035,6,7,-1
204000036,5,16,-11
204000037,0,18,-18
204000038,1,13,-12
204000039,5,68,-63
204000040,2,23,-21
204000041,4,24,-20
204000042,55,17,38
204000043,47,21,26
204000044,51,12,39
204000045,92,9,83
204000046,13,8,5
204000057,3,36,-33
204000062,23,29,-6
204000068,43,219,-176
204000069,80,433,-353
204000070,101,86,15
204000080,55,78,-23
204000085,2031,1369,662
204000086,2147,1683,464
204000087,47,17,30
204000088,5,100,-95
204000090,24,273,-249
204000093,500,53,447
204000096,1070,917,153
204000097,511,12,499
204000099,1161,1561,-400
204000100,1654,1903,-249
204000105,2007,1267,740
204000110,741,1218,-477
204000111,548,674,-126
204000112,1049,1762,-713
204000113,451,1107,-656
204000114,937,931,6
204000115,765,384,381
204000116,1924,1307,617
204000119,2239,2811,-572
204000132,799,451,348
204000133,1090,175,915
204000134,458,116,342
204000135,756,128,628
204000136,908,240,668
204000138,383,707,-324
204000140,250,140,110
204000141,213,79,134
204000144,8,38,-30
204000145,677,37,640
204000146,31,384,-353
204000147,49,161,-112
204000148,239,26,213
204000154,14,4,10
204000155,4,6,-2
204000177,89,68,21
204000179,26,5,21
204000180,0,25,-25
204000222,2,26,-24
204000235,13,19,-6
204000236,87,252,-165
204000238,30,43,-13
204000240,442,69,373
204000263,565,870,-305
204000268,949,631,318
204000308,191,12,179
204000317,9,94,-85
204000322,8,31,-23
204000323,30,11,19
204000328,273,50,223
204000329,63,167,-104
204000330,209,15,194
204000331,33,114,-81
204010341,17,195,-178
205000001,839,1669,-830
205000013,3,71,-68
205000014,33,97,-64
205000015,27,172,-145
205000016,32,121,-89
205000017,24,101,-77
205000022,285,825,-540
205000025,1009,1070,-61
205000029,306,13,293
205000045,155,641,-486
205000046,147,675,-528
205000047,98,775,-677
205000048,352,824,-472
205000049,193,639,-446
205000050,967,298,669
205000059,0,202,-202
205000060,0,94,-94
205000061,2,130,-128
205000062,1,98,-97
205000063,25,117,-92
205000064,13,104,-91
205000065,54,443,-389
205000066,115,439,-324
205000067,36,698,-662
205000069,220,26,194
205000082,206,175,31
205000110,106,237,-131
205000111,252,211,41
205000112,210,227,-17
205000113,190,367,-177
205000121,302,50,252
205000123,48,239,-191
205000126,422,71,351
205000127,724,101,623
205000128,412,58,354
205000129,615,65,550
205000130,130,26,104
205000131,71,5,66
205000132,127,4,123
205000133,74,1,73
205000134,350,2,348
205000137,77,180,-103
205000138,140,377,-237
205000139,34,106,-72
205000144,92,85,7
205000145,565,167,398
205000151,159,24,135
205000152,231,26,205
205000153,247,23,224
205000154,129,35,94
205000155,125,5,120
205000207,6,209,-203
205000233,29,1,28
205000234,0,1,-1
205000243,1,0,1
205000244,0,8,-8
205000245,12,142,-130
205000249,0,29,-29
205000250,4,0,4
205000264,4,95,-91
206000027,14,2,12
206000028,3,2,1
206000043,13,45,-32
206000053,2,6,-4
206000054,1,17,-16
206000055,1,24,-23
206000075,15,70,-55
206000076,39,26,13
206000077,32,11,21
206000078,22,6,16
206000079,21,9,12
206000082,505,72,433
206000100,28,521,-493
206000103,5,10,-5
206000104,10,20,-10
206000105,2,19,-17
206000106,4,27,-23
206000108,690,60,630
206000125,64,0,64
206000157,55,545,-490
206000170,0,146,-146
206000171,1,149,-148
206000172,8,288,-280
206000173,3,135,-132
206000174,11,41,-30
206000175,1,73,-72
206000176,14,110,-96
206000177,4,111,-107
206000178,2,172,-170
206000179,3,124,-121
206000180,15,110,-95
206000181,6,100,-94
206000182,4,111,-107
206000183,15,413,-398
206000184,2,260,-258
206000185,16,113,-97
206000186,80,641,-561
206000223,2,237,-235
206000226,25,1,24
206000227,19,6,13
206000237,37,211,-174
206000238,41,315,-274
206000239,237,1497,-1260
206000240,3,53,-50
206000241,0,52,-52
206000242,9,188,-179
206000243,9,143,-134
206000244,68,373,-305
206000245,955,76,879
206000246,286,15,271
206000247,343,9,334
206000248,580,14,566
206000252,73,52,21
206000258,31,72,-41
206000315,39,12,27
206000317,695,125,570
206000318,706,56,650
206000319,2043,105,1938
206000320,309,33,276
206000321,308,15,293
206000322,654,20,634
206000323,191,11,180
206000324,232,5,227
206000325,322,13,309
206000326,250,11,239
206000327,166,10,156
206000328,214,4,210
206000329,386,14,372
206000330,84,3,81
206000331,298,4,294
206000332,63,1,62
206000333,785,1,784
206000334,331,1,330
206000335,0,11,-11
206000361,10,166,-156
206000392,2,25,-23
206000405,198,22,176
206000441,25,23,2
206000498,66,8,58
206000515,109,47,62
206000530,414,69,345
206000531,246,253,-7
206000532,1927,314,1613
206000535,203,1391,-1188
206000536,20,131,-111
206000537,13,120,-107
206000613,1752,280,1472
207000001,136,635,-499
207000002,131,319,-188
207000003,150,116,34
207000007,1217,269,948
207000008,160,10,150
207000009,53,53,0
207000010,323,341,-18
207000012,471,236,235
207000015,233,981,-748
207000019,208,69,139
207000021,613,176,437
207000022,231,150,81
207000023,256,71,185
207000024,6,9,-3
207000025,42,95,-53
207000026,104,40,64
207000027,22,75,-53
207000028,50,155,-105
207000029,176,406,-230
207000033,170,487,-317
207000034,335,121,214
207000039,479,110,369
207000040,547,94,453
207000041,246,51,195
207000042,251,74,177
207000043,276,180,96
207000051,99,181,-82
207000052,86,105,-19
207000053,404,430,-26
207000054,42,105,-63
207000055,212,97,115
207000056,349,254,95
207000057,132,345,-213
207000058,154,259,-105
207000059,66,412,-346
207000060,59,242,-183
207000061,245,606,-361
207000062,371,37,334
207000063,437,96,341
207000064,639,128,511
207000065,406,261,145
207000066,270,174,96
207000067,104,87,17
207000068,177,60,117
207000069,759,370,389
207000082,6,208,-202
207000083,72,198,-126
207000084,306,223,83
207000085,280,25,255
207000086,226,6,220
207000106,52,27,25
207000107,85,23,62
207000108,103,10,93
207000109,63,14,49
207000110,71,83,-12
207000111,110,123,-13
207000112,184,867,-683
207000114,20,26,-6
207000115,39,62,-23
207000116,16,374,-358
207000117,7,89,-82
207000118,4,78,-74
207000119,29,87,-58
207000123,225,31,194
207000124,103,25,78
207000125,53,72,-19
207000126,77,62,15
207000134,90,136,-46
207000135,24,168,-144
207000148,96,379,-283
207000149,70,41,29
207000152,150,383,-233
207000153,878,1332,-454
207000154,441,155,286
207000159,123,146,-23
207000160,159,289,-130
207000238,0,174,-174
207000242,3,135,-132
207000248,24,46,-22
207000249,104,38,66
207000250,522,99,423
207000251,77,83,-6
207000252,98,42,56
207000278,113,63,50
207000279,21,93,-72
207000280,743,91,652
207000281,110,668,-558
207000282,164,133,31
207000283,70,206,-136
207000284,65,365,-300
207000285,117,54,63
207000291,14,115,-101
207000304,114,48,66
207000306,71,326,-255
207000310,140,93,47
207000353,317,3,314
207000356,16,57,-41
207000357,20,14,6
207000358,8,21,-13
207000415,7,144,-137
207000417,45,0,45
207000418,148,144,4
207000438,0,2,-2
207000439,907,969,-62
207000446,203,9,194
207000460,59,10,49
207000466,163,156,7
207000467,340,122,218
207000468,49,227,-178
207000476,8,58,-50
207000477,771,80,691
207000478,4,69,-65
207000523,1,13,-12
207000524,60,0,60
207000527,177,158,19
207000530,581,15,566
207000531,413,11,402
207000532,151,52,99
207000534,368,73,295
207000535,37,400,-363
207000537,23,102,-79
207000540,11,141,-130
207000541,0,265,-265
207000548,13,201,-188
207000549,556,15,541
207000561,198,255,-57
207000562,46,149,-103
207000567,219,251,-32
207000568,224,59,165
207000569,500,515,-15
207000584,327,178,149
207000585,93,474,-381
207000616,1,107,-106
207000617,187,1,186
207900008,269,91,178
208000001,605,1281,-676
208000002,663,686,-23
208000003,1376,474,902
208000004,1480,880,600
208000005,7,16,-9
208000019,741,858,-117
208000020,255,444,-189
208000021,290,340,-50
208000022,1147,408,739
208000028,1520,1466,54
208000033,592,519,73
208000034,1299,1317,-18
208000037,215,14,201
208000040,366,165,201
208000041,1003,609,394
208000042,1492,642,850
208000047,149,188,-39
208000064,2497,1464,1033
208000066,1666,3062,-1396
208000070,384,325,59
208000071,525,617,-92
208000072,415,1027,-612
208000080,326,422,-96
208000081,379,109,270
208000082,291,242,49
208000083,158,324,-166
208000084,6,30,-24
208000085,941,677,264
208000086,470,1144,-674
208000087,358,784,-426
208000089,1284,328,956
208000090,1088,475,613
208000093,119,192,-73
208000094,543,346,197
208000095,726,495,231
208000104,1161,831,330
208000105,792,877,-85
208000114,102,401,-299
208000115,662,385,277
208000116,610,1163,-553
208000117,113,166,-53
208000118,124,177,-53
208000155,702,1186,-484
208000158,1505,3940,-2435
208000186,3376,4510,-1134
208000204,721,1069,-348
208000205,1401,876,525
208000282,4990,3415,1575
209000004,479,189,290
209000005,54,47,7
209000006,503,205,298
209000007,370,348,22
209000010,404,137,267
209000011,177,244,-67
209000012,137,181,-44
209000013,287,267,20
209000014,427,850,-423
209000025,431,54,377
209000026,725,108,617
209000027,441,746,-305
209000028,453,602,-149
209000029,530,674,-144
209000030,415,1135,-720
209000031,2413,1980,433
209000034,242,318,-76
209000035,159,183,-24
209000036,296,115,181
209000037,430,211,219
209000038,174,222,-48
209000039,75,191,-116
209000040,363,587,-224
209000041,197,437,-240
209000042,285,391,-106
209000043,707,851,-144
209000044,266,898,-632
209000045,1301,429,872
209000046,613,484,129
209000047,458,240,218
209000048,607,426,181
209000049,105,96,9
209000050,252,122,130
209000051,396,213,183
209000052,176,204,-28
209000062,66,92,-26
209000063,51,73,-22
209000064,54,75,-21
209000065,76,23,53
209000066,101,49,52
209000067,109,41,68
209000080,13,184,-171
209000082,102,31,71
209000091,29,99,-70
209000093,57,29,28
209000094,174,222,-48
209000110,37,143,-106
209000111,738,1854,-1116
209000112,1292,706,586
209000113,1975,690,1285
209000114,986,592,394
209000115,68,90,-22
209000116,487,400,87
209000118,13,47,-34
209000119,32,14,18
209000121,114,492,-378
209000135,101,232,-131
209000142,940,2034,-1094
209000143,68,56,12
209000144,60,118,-58
209000229,299,153,146
209000240,47,239,-192
209000259,82,91,-9
209000260,39,955,-916
209000261,6,461,-455
209000262,2,348,-346
209000263,1,149,-148
209000264,2,210,-208
209000265,565,4,561
209000266,139,5,134
209000267,1252,11,1241
209000268,820,67,753
210000037,104,27,77
210000047,82,34,48
210000048,103,31,72
210000049,66,10,56
210000052,59,94,-35
210000053,27,43,-16
210000054,42,78,-36
210000070,226,3,223
210000071,98,1,97
210000072,39,0,39
210000073,0,53,-53
210000074,1,127,-126
210000075,12,132,-120
210000076,24,173,-149
210000077,15,45,-30
210000078,30,45,-15
210000079,25,14,11
210000080,117,71,46
210000081,221,15,206
210000082,132,3,129
210000083,90,2,88
210000084,68,0,68
210000085,0,51,-51
210000086,2,109,-107
210000099,49,164,-115
210000100,53,162,-109
210000101,99,137,-38
210000105,58,199,-141
210000159,0,200,-200
210000163,148,216,-68
210000164,314,214,100
210000168,155,36,119
210000187,1,25,-24
210000188,0,11,-11
210000214,33,0,33
210000219,43,30,13
210000220,139,37,102
210000232,8,22,-14
210000233,44,50,-6
210000234,42,115,-73
210000235,66,64,2
210000245,0,57,-57
210000246,38,0,38
210000258,13,112,-99
210000259,374,81,293
210000282,95,199,-104
210000285,0,101,-101
210000286,29,190,-161
210000290,7,17,-10
210000295,35,115,-80
210000296,51,27,24
210000320,210,72,138
210000321,132,61,71
210000338,39,55,-16
210000339,309,1191,-882
210000340,116,387,-271
210000341,203,252,-49
210000342,220,185,35
210000343,169,161,8
210000344,158,127,31
210000345,187,190,-3
210000346,77,107,-30
210000347,38,48,-10
210000348,135,33,102
210000349,53,39,14
210000350,169,65,104
210000351,187,107,80
210000352,88,63,25
210000353,58,98,-40
210000354,205,88,117
210000355,51,93,-42
210000356,19,83,-64
210000357,42,82,-40
210000358,241,167,74
210000359,96,102,-6
210000360,202,150,52
210000361,165,138,27
210000362,271,203,68
210000363,786,295,491
210000364,98,157,-59
210000365,164,94,70
210000366,151,55,96
210000367,107,25,82
210000368,170,30,140
210000369,23,52,-29
210000370,70,35,35
210000372,23,19,4
210000373,34,20,14
210000374,64,61,3
210000375,47,65,-18
210000376,54,126,-72
210000404,53,130,-77
210000439,27,42,-15
210000472,86,6,80
210000482,74,87,-13
210000564,359,340,19
210000567,2,33,-31
210000568,344,1,343
211000092,57,73,-16
211000094,42,21,21
211000169,261,15,246
211000172,15,222,-207
211000209,2,23,-21
211000226,7,25,-18
211000270,16,26,-10
211000275,27,16,11
211000276,125,20,105
211000279,25,29,-4
211000281,78,54,24
211507980,6,75,-69
211977296,52,7,45
212000003,141,41,100
212000004,22,35,-13
212000005,10,31,-21
212000006,30,63,-33
212000008,202,140,62
212000009,59,103,-44
212000012,100,83,17
212000013,25,56,-31
212000014,275,150,125
212000015,320,206,114
212000016,478,512,-34
212000027,637,390,247
212000028,361,358,3
212000029,290,216,74
212000030,49,28,21
212000031,120,42,78
212000048,49,209,-160
212000049,28,126,-98
212000050,26,8,18
212000051,241,173,68
212000052,207,248,-41
212000053,372,518,-146
212000054,379,98,281
212000055,364,225,139
212000056,24,30,-6
212000057,12,21,-9
212000058,199,37,162
212000070,105,190,-85
212000077,192,501,-309
212000099,369,233,136
212000108,177,178,-1
212000111,288,109,179
212000120,120,60,60
212000138,181,36,145
212000156,5,82,-77
212000158,9,23,-14
212000159,499,48,451
212000160,813,269,544
212000161,89,5,84
212000310,88,23,65
212000311,28,54,-26
212000374,41,15,26
213000001,33,378,-345
213000005,526,136,390
213000006,1129,335,794
213000007,151,11,140
213000009,754,528,226
213000010,282,286,-4
213000011,229,122,107
213000012,152,303,-151
213000014,105,18,87
213000015,303,7,296
213000016,718,2,716
213000017,105,0,105
213000018,3,122,-119
213000019,0,136,-136
213000020,135,280,-145
213000021,2,117,-115
213000023,491,235,256
213000033,446,1621,-1175
213000034,913,298,615
213000035,154,232,-78
213000045,216,238,-22
213000046,241,184,57
213000047,589,1459,-870
213000056,124,51,73
213000069,123,3,120
213000073,1,54,-53
213000074,51,357,-306
213000075,674,14,660
213000076,33,3,30
213000085,11,37,-26
213000086,32,175,-143
213000091,293,22,271
213000092,134,24,110
213000099,152,1206,-1054
213000100,1259,363,896
213000101,452,123,329
213000102,672,242,430
213000103,1101,792,309
213000104,76,367,-291
213000105,13,223,-210
213000106,17,106,-89
213000107,138,460,-322
213000108,57,429,-372
213000109,7,191,-184
213000110,30,65,-35
213000111,10,96,-86
213000112,142,121,21
213000115,78,18,60
213000116,44,389,-345
213000117,10,676,-666
213000118,545,267,278
213000119,55,578,-523
213000120,121,492,-371
213000122,138,563,-425
213000123,382,1092,-710
213000124,144,1426,-1282
213000125,187,25,162
213000126,44,156,-112
213000127,136,302,-166
213000128,366,1309,-943
213000129,386,778,-392
213000130,837,419,418
213000132,570,116,454
213000133,713,111,602
213000134,1047,38,1009
213000136,600,32,568
213000137,813,113,700
213000139,263,26,237
213000147,63,10,53
213000148,39,14,25
213000149,40,4,36
213000150,1,132,-131
213000151,1,147,-146
213000152,2,92,-90
213000153,4,105,-101
213000154,47,374,-327
213000155,41,221,-180
213000156,140,344,-204
213000157,737,354,383
213000158,389,997,-608
213000159,748,533,215
213000163,1171,105,1066
213000165,1228,442,786
213000171,0,73,-73
213000172,3,214,-211
213000173,3,168,-165
213000174,4,108,-104
213000175,7,59,-52
213000176,51,34,17
213000177,154,4,150
213000178,207,6,201
213000179,239,2,237
213000180,238,0,238
213000184,161,421,-260
213000188,498,100,398
213000189,442,53,389
213000190,820,793,27
213000191,426,358,68
213000192,283,369,-86
213000193,763,315,448
213000194,0,74,-74
213000195,35,336,-301
213000196,281,1172,-891
213000197,572,521,51
213000198,57,3,54
213000200,147,872,-725
213000201,75,60,15
213000202,19,469,-450
213000203,3373,693,2680
213000204,898,52,846
213000205,578,79,499
213000206,605,61,544
213000207,140,17,123
213000208,101,3,98
213000209,177,1,176
213000210,312,1,311
213000211,5,33,-28
213000212,11,51,-40
213000213,24,74,-50
213000218,327,502,-175
213000219,659,7,652
213000220,574,21,553
213000223,197,248,-51
213000224,74,79,-5
213000225,111,18,93
213000226,72,16,56
213000227,1186,259,927
213000228,593,115,478
213000229,219,31,188
213000230,457,16,441
213000232,58,925,-867
213000233,15,491,-476
213000234,5,74,-69
213000293,25,85,-60
213000294,204,27,177
213000295,12,92,-80
213000296,70,20,50
213000297,3,93,-90
213000298,32,76,-44
213000299,55,31,24
213000300,11,5,6
213000303,9,39,-30
213000304,6,23,-17
213000305,10,12,-2
213000306,74,39,35
213000307,133,69,64
213000308,159,166,-7
213000309,208,66,142
213000310,492,237,255
213000311,250,909,-659
213000315,95,111,-16
213000316,195,65,130
213000322,101,160,-59
213000323,130,77,53
213000324,97,45,52
213000325,38,68,-30
213000326,39,24,15
213000327,38,44,-6
213000328,37,151,-114
213000329,131,37,94
213000340,148,489,-341
213000341,675,110,565
213000346,370,341,29
213000347,660,509,151
213000348,8,102,-94
213000349,33,8,25
213000350,311,864,-553
213000366,79,312,-233
213000367,301,18,283
213000379,113,75,38
213000386,11,353,-342
213000406,88,483,-395
213000417,1549,498,1051
213000425,257,45,212
213000426,196,72,124
213000427,52,213,-161
213000428,58,152,-94
213000429,34,3,31
213000430,145,654,-509
213000431,120,4,116
213000432,2,78,-76
213000433,33,148,-115
213000434,127,117,10
213000435,176,100,76
213000436,50,62,-12
213000437,1,10,-9
213000438,217,70,147
213000439,67,26,41
213000440,34,282,-248
213000441,4,0,4
213000442,1,36,-35
213000443,511,461,50
213000444,75,44,31
213000445,1,105,-104
213000446,0,75,-75
213000447,3,65,-62
213000448,10,188,-178
213000449,520,11,509
213000450,35,37,-2
213000451,323,88,235
213000452,20,24,-4
213000453,47,247,-200
213000455,572,3,569
213000456,4,392,-388
213000481,10,6,4
213000482,33,2,31
213000489,295,71,224
213000491,2,179,-177
213000492,248,55,193
213000493,0,109,-109
213000494,328,140,188
213000495,0,73,-73
213000496,458,161,297
213000497,39,275,-236
213000498,136,185,-49
213000499,257,417,-160
213000500,557,65,492
213000501,130,43,87
213000502,224,205,19
213000503,1,83,-82
213000504,16,81,-65
213000505,15,5,10
213000506,0,7,-7
213000507,0,111,-111
213900016,0,10,-10
213900244,72,0,72
213900245,0,17,-17
218000003,28,19,9
218000004,54,43,11
218000005,123,37,86
218000006,64,42,22
218000007,64,14,50
218000012,192,108,84
218000013,155,158,-3
218000014,466,397,69
218000019,757,627,130
218000020,257,411,-154
218000021,22,40,-18
218000022,14,19,-5
218000023,3,18,-15
218000024,3,10,-7
218000025,11,10,1
218000026,9,21,-12
218000027,1,8,-7
218000028,3,6,-3
218000029,5,2,3
218000030,11,31,-20
218000031,4,24,-20
218000032,1,26,-25
218000040,6,5,1
218000046,39,92,-53
218000047,13,93,-80
218000048,63,81,-18
218000049,92,75,17
218000050,286,209,77
218000051,57,201,-144
218000052,5,69,-64
218000053,2,12,-10
218000054,29,69,-40
218000055,6,34,-28
218000056,20,41,-21
218000057,7,15,-8
218000064,1,10,-9
218000065,88,39,49
218000066,11,51,-40
218000067,47,63,-16
218000068,213,86,127
218000069,222,97,125
218000070,186,214,-28
218000071,197,158,39
218000072,304,193,111
218000078,1007,608,399
218000079,146,63,83
218000080,196,67,129
218000081,556,229,327
218000082,41,147,-106
218000083,98,27,71
218000084,178,124,54
218000085,172,334,-162
218000086,109,139,-30
218000087,187,181,6
218000090,21,186,-165
218000091,1176,504,672
218000092,111,138,-27
218000093,86,51,35
218000094,518,634,-116
218000099,416,740,-324
218000100,285,297,-12
218000101,310,172,138
218000102,450,234,216
218000103,180,197,-17
218000104,117,44,73
218000105,34,31,3
218000106,15,5,10
218000107,84,82,2
218000108,6,40,-34
218000112,49,36,13
218000117,81,62,19
218000134,525,510,15
218000135,32,92,-60
218000136,244,129,115
218000137,217,155,62
218000138,55,110,-55
218000139,226,282,-56
218000140,529,309,220
218000141,109,79,30
218000142,215,137,78
218000143,167,383,-216
218000144,62,100,-38
218000145,446,367,79
218000146,128,183,-55
218000151,10,20,-10
218000152,102,40,62
218000153,14,5,9
218000154,28,6,22
218000155,26,3,23
218000156,75,12,63
218000157,45,16,29
218000158,6,12,-6
218000159,2,3,-1
218000160,7,4,3
218000161,22,7,15
218000162,32,7,25
218000163,11,1,10
218000164,46,6,40
218000165,71,13,58
218000170,9,43,-34
218000171,30,9,21
218000172,13,13,0
218000173,59,16,43
218000174,16,5,11
218000176,99,26,73
218000177,265,188,77
218000178,68,218,-150
218000179,76,64,12
218000180,84,29,55
218000181,104,47,57
218000187,15,29,-14
218000188,30,46,-16
218000189,39,70,-31
218000190,23,24,-1
218000191,155,54,101
218000192,264,180,84
218000193,455,284,171
218000194,120,225,-105
218000195,184,57,127
218000196,454,200,254
218000197,452,214,238
218000198,25,87,-62
218000199,62,24,38
218000200,81,20,61
218000201,17,3,14
218000202,82,310,-228
218000207,8,22,-14
218000208,33,40,-7
218000211,59,49,10
218000212,3,20,-17
218000213,102,99,3
218000214,2,29,-27
218000215,51,57,-6
218000217,5,49,-44
218000218,173,52,121
218000219,25,22,3
218000220,83,346,-263
218000221,641,151,490
218000222,5,70,-65
218000223,23,371,-348
218000224,8,184,-176
218000225,133,16,117
218000226,102,59,43
218000230,0,9,-9
218000232,58,44,14
218000239,175,18,157
218000240,42,11,31
218000241,56,3,53
218000242,62,6,56
218000243,127,4,123
218000244,45,12,33
218000245,19,3,16
218000246,1,0,1
218000247,2,0,2
218000248,0,18,-18
218000249,0,4,-4
218000250,4,8,-4
218000251,3,32,-29
218000252,1,60,-59
218000253,1,92,-91
218000254,3,35,-32
218000255,5,28,-23
218000256,14,95,-81
218000267,539,1045,-506
218000268,6,45,-39
218000269,3,13,-10
218000270,122,79,43
218000271,16,47,-31
218000273,36,8,28
218000274,12,5,7
218000275,28,56,-28
218000276,18,43,-25
218000278,21,35,-14
218000279,125,74,51
218000280,4,30,-26
218000281,21,21,0
218000282,576,640,-64
218000284,87,4,83
218000301,97,113,-16
218000302,135,63,72
218000303,31,77,-46
218000316,847,855,-8
218000317,1361,892,469
218000318,933,658,275
218000319,1258,869,389
218000320,1046,612,434
218000338,40,22,18
218000345,98,62,36
218000346,30,168,-138
218000459,28,208,-180
218000490,27,34,-7
218000501,164,63,101
218000502,61,69,-8
218000503,84,29,55
218000504,157,23,134
218000505,43,117,-74
218000506,40,188,-148
218000508,5,6,-1
218000510,147,15,132
218000520,136,86,50
218000521,3,40,-37
218000522,4,96,-92
218000523,132,2,130
218000524,68,259,-191
218000525,144,17,127
218000526,27,169,-142
218000529,41,129,-88
218000530,15,3,12
218000531,15,26,-11
218000532,32,16,16
218000534,183,40,143
218000537,27,60,-33
218000538,200,472,-272
218000540,337,130,207
218000543,140,42,98
218000544,45,63,-18
218000545,71,66,5
218000546,72,70,2
218000547,81,116,-35
218000548,231,93,138
218000549,518,562,-44
218000550,239,275,-36
218000551,137,981,-844
218000552,331,41,290
218000553,44,110,-66
218000554,39,38,1
218000555,43,70,-27
218000556,182,185,-3
218000557,246,138,108
218000558,75,1,74
218000559,0,41,-41
218000560,0,45,-45
218000561,19,0,19
218000562,27,177,-150
218000563,246,18,228
218000564,7,106,-99
218000565,153,44,109
218000566,564,44,520
218000567,5,93,-88
218000568,86,7,79
218000569,23,243,-220
218000570,251,21,230
218000571,4,109,-105
218000572,180,3,177
218000573,15,247,-232
218000574,162,32,130
218000575,136,0,136
218000576,1,69,-68
218000577,176,2,174
218000578,6,94,-88
218000579,78,51,27
218000581,4,33,-29
218000582,52,3,49
218000583,23,0,23
218000584,4,21,-17
218000585,52,15,37
218000586,16,59,-43
218000587,5,1,4
218000588,6,10,-4
218000589,1,9,-8
218000590,5,0,5
218000591,3,5,-2
218000592,21,1,20
218000593,0,1,-1
218000594,0,0,0
218000595,0,0,0
218000596,0,0,0
218000597,1,0,1
218000598,0,0,0
218000599,3,0,3
218000600,0,3,-3
218000601,0,0,0
218000602,0,5,-5
218000603,0,7,-7
218000604,11,0,11
218000605,0,44,-44
218000606,85,0,85
218000607,18,41,-23
218000608,44,20,24
218000609,12,51,-39
218000610,111,8,103
218000611,19,5,14
218000612,3,24,-21
218000613,49,3,46
218000614,0,29,-29
218000615,180,3,177
218000616,6,93,-87
218000617,20,1,19
218000618,1,13,-12
218000619,32,32,0
218000620,29,43,-14
218000621,0,2,-2
218000622,1,10,-9
218000623,106,1,105
218000624,0,26,-26
218000625,6,0,6
218000626,0,11,-11
218000628,177,39,138
218000631,35,24,11
218000632,4,108,-104
218000633,251,4,247
218000634,8,13,-5
218000635,7,3,4
218000636,983,969,14
218000637,1140,443,697
218000638,220,53,167
218000639,26,162,-136
218000640,371,43,328
218000641,135,240,-105
218000652,38,62,-24
218000653,124,24,100
218000663,8,156,-148
218000675,62,71,-9
218000676,1,8,-7
218000677,14,6,8
218000680,267,437,-170
218000681,453,150,303
218000691,224,181,43
218000693,256,143,113
218000703,9,41,-32
218000718,361,1279,-918
218000719,662,709,-47
218000720,22,314,-292
218000721,297,28,269
218000725,8,7,1
218001214,15,161,-146
218001258,122,1,121
218001329,117,149,-32
218001330,83,61,22
218001351,34,19,15
218001352,8,28,-20
218001353,25,12,13
218001354,5,34,-29
218001356,589,15,574
218001358,302,12,290
218001361,343,36,307
219000001,56,45,11
219000002,41,66,-25
219000003,105,36,69
219000004,64,57,7
219000017,105,67,38
219000020,140,49,91
219000022,150,3,147
219000023,92,2,90
219000029,0,44,-44
219000034,38,37,1
219000039,69,186,-117
219000040,52,114,-62
219000041,136,34,102
219000051,0,35,-35
219000052,0,30,-30
219000053,1,70,-69
219000054,25,93,-68
219000055,242,2,240
219000056,6,0,6
219000057,70,0,70
219000062,17,60,-43
219000063,77,5,72
219000064,3,72,-69
219000110,332,99,233
219000111,113,40,73
219000112,214,47,167
219000113,156,48,108
219000114,218,74,144
219000116,99,55,44
219000117,157,74,83
219000118,171,64,107
219000123,203,62,141
219000124,95,58,37
219000125,9,13,-4
219000126,61,105,-44
219000127,0,11,-11
219000128,12,122,-110
219000129,20,118,-98
219000130,339,483,-144
219000131,594,856,-262
219000133,48,66,-18
219000134,19,27,-8
219000135,28,78,-50
219000136,135,196,-61
219000138,115,12,103
219000139,75,54,21
219000140,74,7,67
219000141,27,82,-55
219000142,22,70,-48
219000143,17,77,-60
219000145,19,55,-36
219000146,11,24,-13
219000147,4,34,-30
219000148,3,43,-40
219000149,12,72,-60
219000150,3,50,-47
219000151,3,25,-22
219000157,291,124,167
219000158,228,219,9
219000161,125,7,118
219000163,1230,540,690
219000166,169,136,33
219000167,117,169,-52
219000168,276,101,175
219000174,418,167,251
219000175,105,7,98
219000176,103,7,96
219000177,37,1,36
219000178,48,2,46
219000179,38,7,31
219000180,22,47,-25
219000182,133,14,119
219000183,82,33,49
219000184,142,17,125
219000185,0,48,-48
219000186,53,53,0
219000187,26,105,-79
219000189,54,165,-111
219000190,73,228,-155
219000191,553,1502,-949
219000192,169,147,22
219000193,212,157,55
219000195,2,43,-41
219000196,11,122,-111
219000198,20,96,-76
219000199,63,189,-126
219000200,37,159,-122
219000201,73,158,-85
219000203,27,127,-100
219000204,62,275,-213
219000205,57,178,-121
219000207,126,230,-104
219000209,40,56,-16
219000210,24,78,-54
219000213,8,139,-131
219000239,219,213,6
219000240,228,409,-181
219000241,191,124,67
219000242,75,136,-61
219000243,80,167,-87
219000244,30,83,-53
219000245,29,58,-29
219000246,53,20,33
219000247,183,41,142
219000248,589,490,99
219000249,109,113,-4
219000250,206,107,99
219000251,624,293,331
219000252,247,174,73
219000253,496,105,391
219000255,119,106,13
219000256,231,65,166
219000257,148,1,147
219000262,73,91,-18
219000263,79,162,-83
219000267,5,62,-57
219000268,0,3,-3
219000269,2,4,-2
219000270,7,0,7
219000271,102,5,97
219000278,0,4,-4
219000279,1,2,-1
219000283,0,8,-8
219000295,19,82,-63
219000296,92,310,-218
219000297,14,101,-87
219000298,14,77,-63
219000299,485,82,403
219000300,14,154,-140
219000301,229,342,-113
219000302,45,309,-264
219000307,29,23,6
219000308,61,27,34
219000311,205,41,164
219000312,641,162,479
219000313,338,55,283
219000314,59,263,-204
219000315,329,36,293
219000316,622,68,554
219000317,127,17,110
219000320,1,65,-64
219000321,0,31,-31
219000323,3,51,-48
219000325,1,6,-5
219000326,104,82,22
219000327,60,29,31
219000328,55,45,10
219000329,319,137,182
219000330,62,22,40
219000331,71,52,19
219000332,128,71,57
219000333,21,3,18
219000335,70,0,70
219000337,17,2,15
219000338,78,0,78
219000344,29,61,-32
219000345,58,62,-4
219000346,34,107,-73
219000348,174,90,84
219000349,42,104,-62
219000350,80,434,-354
219000351,8,20,-12
219000352,284,118,166
219000353,114,58,56
219000354,217,83,134
219000355,166,55,111
219000356,1073,1470,-397
219000363,250,48,202
219000364,138,39,99
219000365,108,18,90
219000366,283,258,25
219000368,383,591,-208
219000370,950,622,328
219000371,10,41,-31
219000382,12,26,-14
219000383,501,1316,-815
219000385,470,473,-3
219000386,669,1725,-1056
219000387,4,12,-8
219000390,1,0,1
219000391,3,0,3
219000397,59,57,2
219000398,82,54,28
219000401,7,82,-75
219000402,28,93,-65
219000403,164,396,-232
219000404,21,136,-115
219000407,1,42,-41
219000409,61,68,-7
219000410,154,46,108
219000411,75,20,55
219000446,119,357,-238
219000447,3,15,-12
219000448,20,16,4
219000452,140,90,50
219000453,78,225,-147
219000454,183,283,-100
219000556,319,80,239
219000558,179,148,31
219000590,46,173,-127
219000591,111,101,10
219000592,71,372,-301
219000595,4,18,-14
219000635,233,49,184
219000636,24,47,-23
219000657,33,45,-12
219000658,77,166,-89
219000673,0,80,-80
219000676,115,18,97
219000679,36,9,27
219000684,76,1,75
219000685,1,49,-48
219000686,0,5,-5
219000688,0,66,-66
219000689,19,168,-149
219000690,147,20,127
219000691,60,171,-111
219000692,249,27,222
219000693,0,12,-12
219000694,13,0,13
219000695,32,3,29
219000698,14,0,14
219000699,0,16,-16
219000727,1,37,-36
219000728,130,3,127
219000770,103,0,103
219000771,2,36,-34
219000788,271,221,50
219001150,1,33,-32
219001151,0,7,-7
219001166,39,32,7
219001167,4,63,-59
219001178,68,0,68
220000001,34,93,-59
220000002,30,101,-71
220000003,346,223,123
220000004,632,453,179
220000005,1267,1825,-558
220000006,164,782,-618
220000007,438,437,1
220000008,404,723,-319
220000009,362,344,18
220000010,170,81,89
220000011,416,2743,-2327
220000012,144,316,-172
220000014,122,52,70
220000015,51,266,-215
220000017,100,292,-192
220000018,4595,2131,2464
220000019,98,364,-266
220000020,608,274,334
220000021,1178,171,1007
220000022,936,427,509
220000023,342,221,121
220000024,2155,434,1721
220000025,1345,1309,36
220000026,305,503,-198
220000027,44,145,-101
220000028,62,57,5
220000029,40,97,-57
220000030,65,52,13
220000031,608,497,111
220000064,31,892,-861
221000046,5,0,5
221000047,0,1,-1
221000048,0,5,-5
221000049,0,7,-7
221000050,30,1,29
221000055,38,45,-7
221000057,72,15,57
221000068,370,118,252
221000069,525,77,448
221000070,249,38,211
221000071,141,13,128
221000072,306,12,294
221000073,234,43,191
221000074,1,16,-15
221000075,26,17,9
221000076,5,36,-31
221000077,8,103,-95
221000081,9,17,-8
221000082,84,6,78
221000083,35,8,27
221000084,3,4,-1
221000085,22,65,-43
221000086,8,85,-77
221000087,4,133,-129
221000088,10,155,-145
221000089,24,272,-248
221000090,83,459,-376
221000098,136,12,124
221000099,211,18,193
221000100,129,10,119
221000101,199,17,182
221000102,139,14,125
221000109,9,65,-56
221000110,8,75,-67
221000111,24,142,-118
221000112,6,106,-100
221000113,16,113,-97
221000114,11,115,-104
221000120,58,40,18
221000121,7,40,-33
221000122,61,37,24
221000123,14,21,-7
221000124,28,151,-123
221000155,125,25,100
221000156,66,40,26
221000175,3,11,-8
221000176,0,6,-6
221000182,54,10,44
221000241,516,346,170
221000242,147,414,-267
221000243,496,254,242
221000244,250,495,-245
221000245,92,95,-3
221000246,26,270,-244
221000247,71,133,-62
221000248,145,110,35
221000267,63,644,-581
221000325,101,81,20
221000331,25,62,-37
221000338,15,17,-2
221000378,236,34,202
221000381,63,58,5
222000282,19,4,15
222000296,5,16,-11
222000568,392,32,360
222000569,217,61,156
222000570,142,31,111
222000571,403,54,349
222000577,21,111,-90
222000578,25,168,-143
222000579,36,98,-62
222000580,67,860,-793
222000599,1,93,-92
222000600,1,214,-213
222000601,10,893,-883
222000603,26,39,-13
222000604,6,38,-32
222000605,26,34,-8
222000606,1,13,-12
222000607,3,7,-4
222000608,29,25,4
222000609,61,117,-56
222000616,384,62,322
222000617,21,12,9
222000618,11,5,6
222000620,26,15,11
222000621,71,24,47
222000623,728,6,722
222000624,365,2,363
222000625,698,24,674
222000636,83,6,77
222000686,110,7,103
222000687,64,40,24
222001066,422,5,417
222001067,33,8,25
222001068,82,42,40
222001069,84,62,22
222001082,13,18,-5
222001083,32,27,5
222001084,0,56,-56
222001085,1,203,-202
222001111,85,100,-15
222001112,176,40,136
222001313,39,8,31
222001314,9,97,-88
222001464,47,34,13
222001465,15,52,-37
222001484,146,57,89
222001485,18,42,-24
222001494,512,163,349
222001495,154,179,-25
222001496,375,93,282
222001497,98,280,-182
222001502,23,101,-78
222001503,143,36,107
222001504,25,262,-237
222001505,352,18,334
222001506,29,322,-293
222001507,293,29,264
222001510,567,32,535
222001511,59,295,-236
222001514,792,189,603
222001515,196,495,-299
222001518,407,73,334
222001519,54,199,-145
222001527,262,67,195
222001528,65,137,-72
222001529,307,48,259
222001530,47,222,-175
222001533,146,221,-75
222001534,393,50,343
222001535,235,202,33
222001536,74,159,-85
222001537,484,54,430
222001538,80,438,-358
222001563,836,106,730
222001564,70,389,-319
222001568,362,163,199
222001576,0,6,-6
222001579,1,18,-17
222001583,20,126,-106
222001584,128,12,116
222001596,799,1287,-488
222001597,3086,526,2560
222001626,1,128,-127
222001650,74,167,-93
222001651,89,317,-228
222001914,233,67,166
222001915,81,221,-140
222001968,509,219,290
222001969,359,497,-138
222001970,141,171,-30
222001971,47,15,32
222001972,3,18,-15
225000001,471,139,332
225000002,651,170,481
225000003,749,91,658
225000004,465,202,263
225000005,70,79,-9
225000006,4,161,-157
225000007,1213,1093,120
225000010,327,13,314
225000011,442,922,-480
225000012,284,493,-209
225000013,75,100,-25
225000014,683,114,569
225000015,94,143,-49
225000021,840,191,649
225000027,167,404,-237
225000032,703,109,594
225000042,63,546,-483
225000049,25,68,-43
225000050,103,18,85
225000053,3,269,-266
225000058,638,178,460
225000067,255,149,106
225000068,129,237,-108
225000069,111,391,-280
225000070,87,350,-263
225000071,20,130,-110
225000075,15,546,-531
225000076,56,98,-42
225000078,67,62,5
225000085,83,134,-51
225000086,366,75,291
225000087,183,19,164
225000088,4,175,-171
225000089,169,925,-756
225000090,50,446,-396
225000091,182,131,51
225000092,54,73,-19
225000093,219,255,-36
225000094,15,223,-208
225000095,239,352,-113
225000096,261,409,-148
225000098,911,252,659
225000099,438,147,291
225000100,441,110,331
225000104,74,321,-247
225000110,14,294,-280
225000111,162,749,-587
225000112,198,848,-650
225000113,166,527,-361
225000114,60,258,-198
225000115,1084,615,469
225000116,1028,241,787
225000117,881,246,635
225000118,1114,235,879
225000119,244,69,175
225000120,758,37,721
225000121,268,13,255
225000123,503,33,470
225000125,506,177,329
225000126,776,178,598
225000127,695,1280,-585
225000128,593,812,-219
225000132,309,24,285
225000133,287,18,269
225000134,753,170,583
225000135,114,25,89
225000136,405,34,371
225000137,233,68,165
225000138,460,86,374
225000143,46,210,-164
225000144,3,285,-282
225000145,60,39,21
225000146,61,63,-2
225000147,29,179,-150
225000148,10,163,-153
225000149,52,469,-417
225000151,25,128,-103
225000155,294,319,-25
225000156,182,726,-544
225000157,223,293,-70
225000158,59,197,-138
225000171,8,125,-117
225000180,44,7,37
225000181,0,57,-57
225000182,76,3,73
225000185,4,250,-246
225000187,38,257,-219
225000191,81,1,80
225000194,0,4,-4
225000208,0,51,-51
225000209,94,21,73
225000210,4,274,-270
225000217,0,7,-7
225000218,11,3,8
225000223,0,42,-42
225000224,29,2,27
225000225,4,14,-10
225000226,34,2,32
225000227,22,59,-37
225000228,13,9,4
225000229,0,48,-48
225000230,48,0,48
225000231,0,42,-42
225000232,213,2,211
225000241,77,4,73
225000242,0,28,-28
225000249,17,0,17
225000250,37,513,-476
225000251,321,31,290
225000254,5,11,-6
225000256,4,24,-20
225000257,1,30,-29
226000042,275,368,-93
226000043,43,235,-192
226000044,137,355,-218
226000045,65,266,-201
226000046,438,97,341
226000047,412,98,314
226000048,483,93,390
226000049,351,185,166
226000070,0,45,-45
226000071,0,51,-51
226000072,0,16,-16
226000073,0,10,-10
226000074,1,9,-8
226000084,8,45,-37
226000085,1,10,-9
226000086,8,10,-2
226000087,0,18,-18
226000088,41,61,-20
226000090,216,120,96
226000091,20,55,-35
226000092,13,31,-18
226000093,30,4,26
226000094,12,0,12
226000095,10,5,5
226000105,18,2,16
226000106,10,1,9
226000107,18,0,18
226000108,39,0,39
226000109,72,0,72
226000124,134,73,61
226000134,843,590,253
226000135,1793,622,1171
226000136,942,444,498
226000137,9,259,-250
226000138,6,198,-192
226000139,0,40,-40
226000156,231,8,223
226000157,252,13,239
226000163,94,155,-61
226000202,30,241,-211
226000231,417,18,399
226000232,87,9,78
227000033,361,55,306
227000036,367,33,334
227000037,396,21,375
227000038,240,23,217
227000084,0,72,-72
227000085,1,50,-49
227000088,46,4,42
227000089,114,3,111
227000090,34,1,33
227000091,24,0,24
227000092,29,0,29
227000093,120,0,120
227000094,12,0,12
227000130,17,80,-63
227000131,21,149,-128
227000132,7,138,-131
227000133,21,125,-104
227000134,13,236,-223
227000152,0,2,-2
227000153,0,53,-53
227000154,0,23,-23
227000155,1,23,-22
227000156,0,9,-9
227000165,3,45,-42
227000196,386,179,207
227000199,446,367,79
227000230,11,341,-330
227000232,482,21,461
227000242,48,359,-311
227000243,449,58,391
227000245,11,254,-243
227000246,71,360,-289
227000247,610,62,548
227000248,160,33,127
227000249,24,119,-95
227000250,338,192,146
227000251,84,200,-116
227000252,16,234,-218
227000253,221,17,204
227000262,483,39,444
227000266,1227,28,1199
227000267,28,1343,-1315
227000282,7,164,-157
227000284,540,32,508
227000286,4,51,-47
227000287,12,90,-78
227000291,23,468,-445
227000296,161,233,-72
227000484,225,18,207
227000485,21,711,-690
227000655,191,11,180
227000656,680,36,644
227000657,120,14,106
227000661,269,8,261
229000265,14,42,-28
229000296,1,28,-27
229000297,2,27,-25
229000298,1,104,-103
229000320,8,3,5
229000321,17,0,17
229000412,10,38,-28
229000414,5,52,-47
229000415,30,2,28
229000416,2,3,-1
229000417,0,5,-5
229000419,76,339,-263
229000440,372,72,300
229000442,29,9,20
229000443,4,0,4
229000444,2,30,-28
229000445,46,4,42
229000446,81,11,70
229000491,0,14,-14
229000492,6,61,-55
229000493,6,68,-62
229000494,38,1,37
229000495,100,7,93
229000496,51,2,49
229000507,0,69,-69
229000508,0,35,-35
229000509,0,70,-70
229000510,1,33,-32
229000511,0,36,-36
229000512,0,14,-14
229000513,0,8,-8
229000514,0,4,-4
229000517,1,11,-10
229000518,16,11,5
229000519,1,7,-6
229000520,14,25,-11
229000521,55,18,37
229000522,14,7,7
229000523,10,6,4
229000524,3,6,-3
229000527,4,0,4
229000528,0,0,0
229000529,8,2,6
229000530,44,0,44
229000531,24,1,23
229000532,20,0,20
229000533,66,1,65
229000534,48,1,47
229000564,71,1,70
229000565,22,1,21
229000566,0,6,-6
229000567,0,22,-22
229000582,78,1,77
229000583,4,2,2
229000584,0,19,-19
229000585,1,64,-63
229000718,0,4,-4
229000719,0,6,-6
229000720,0,5,-5
229000721,0,4,-4
229000722,0,4,-4
229000723,0,4,-4
229000724,0,0,0
229000725,0,7,-7
229000738,5,0,5
229000739,0,0,0
229000740,2,0,2
229000741,13,0,13
229000742,5,0,5
229000743,9,0,9
229000744,1,0,1
229000745,2,0,2
229000746,22,0,22
229000847,33,0,33
229000848,20,0,20
229000849,67,1,66
229000851,42,0,42
229000854,0,12,-12
229000856,0,56,-56
229000857,0,22,-22
229000858,0,37,-37
229000919,9,74,-65
229000930,4,216,-212
229000937,108,17,91
229000966,42,17,25
229000981,39,21,18
229000985,11,54,-43
229000986,2,11,-9
229000987,0,0,0
229000988,8,5,3
229000989,5,4,1
229000990,0,3,-3
229000991,1,1,0
229000992,14,1,13
229000993,93,10,83
229000998,24,47,-23
229000999,76,5,71
229001034,0,13,-13
229001035,4,1,3
229001037,32,24,8
229001042,13,12,1
229001047,8,38,-30
229001050,28,32,-4
229001168,0,15,-15
229001200,22,0,22
229001338,0,17,-17
229001394,222,4,218
229001422,172,37,135
229001423,36,112,-76
229001431,57,64,-7
229001432,46,70,-24
229001444,176,47,129
229001445,43,123,-80
229001479,11,2,9
229001503,269,91,178
229001504,147,145,2
229001505,120,32,88
229001506,80,99,-19
229001509,31,13,18
229001545,106,9,97
229001546,10,78,-68
229001553,127,20,107
229001554,27,104,-77
229001630,43,6,37
229001631,4,31,-27
229001635,0,19,-19
229001636,11,2,9
229001658,0,96,-96
229001659,54,0,54
229001660,54,7,47
229001661,12,26,-14
229001662,16,0,16
229001663,0,24,-24
229002584,175,152,23
229002831,135,115,20
229002841,31,17,14
229002842,31,21,10
229002843,104,11,93
229002844,56,45,11
229002845,5,86,-81
229002846,30,21,9
229002847,2,7,-5
229002848,22,10,12
229002849,1,57,-56
229002850,5,1,4
229002851,35,155,-120
229002852,189,34,155
229002853,157,18,139
229002854,61,57,4
229002855,5,26,-21
229002856,21,18,3
229002857,11,151,-140
229002858,11,9,2
229002859,20,84,-64
229002860,266,18,248
229002861,73,16,57
229002862,47,28,19
229002863,22,19,3
229002864,40,27,13
229002865,33,12,21
229002866,33,17,16
229002867,6,21,-15
229002868,4,30,-26
229002869,26,97,-71
229002870,78,9,69
235000066,415,78,337
235000067,113,107,6
235000072,33,79,-46
235000073,91,415,-324
235000074,61,89,-28
235000080,16,89,-73
235000081,158,95,63
235000082,164,52,112
235000083,225,83,142
235000084,58,66,-8
235000085,234,85,149
235000089,37,17,20
235000092,65,151,-86
235000093,22,5,17
235000097,12,5,7
235000098,82,6,76
235000099,30,23,7
235000116,69,16,53
235000117,584,21,563
235000133,13,547,-534
235000134,13,174,-161
235000206,11,7,4
235000207,6,7,-1
235000208,4,4,0
235000209,10,3,7
235000210,9,1,8
235000212,2,17,-15
235000213,1,14,-13
235000220,1,7,-6
235000221,38,27,11
235000238,19,130,-111
235000239,2,38,-36
235000242,415,800,-385
235000245,576,182,394
235000246,23,77,-54
235000284,8,117,-109
235000295,148,11,137
235000305,293,29,264
235000306,309,5,304
235000307,40,5,35
235000308,20,0,20
235000309,47,0,47
235000310,33,0,33
235000311,115,35,80
235000322,0,22,-22
235000323,0,58,-58
235000324,0,26,-26
235000325,0,9,-9
235000326,6,133,-127
235000351,2,45,-43
235000352,9,36,-27
235000353,8,24,-16
235000354,5,37,-32
235000355,9,98,-89
235000356,106,2,104
235000357,36,8,28
235000358,239,10,229
235000359,23,8,15
235000360,49,27,22
235000361,48,15,33
235000381,86,148,-62
235000382,206,37,169
235000390,22,8,14
235000391,215,16,199
235000392,283,354,-71
235000393,154,171,-17
235000395,153,31,122
235000396,461,56,405
235000400,94,33,61
235000401,26,152,-126
235000405,79,254,-175
235000406,56,213,-157
235000407,82,89,-7
235000409,232,163,69
235000410,55,212,-157
235000411,2,58,-56
235000485,0,8,-8
235000486,18,0,18
235000549,165,104,61
235000550,97,183,-86
235000599,170,52,118
235000600,13,24,-11
235000601,15,47,-32
235000602,126,72,54
235000614,2,3,-1
235000648,4,12,-8
235000649,31,8,23
235000685,1,10,-9
235000815,26,72,-46
235000834,1,12,-11
235000855,90,62,28
235000862,32,121,-89
235000891,0,15,-15
235000892,35,32,3
235000901,196,111,85
235000907,9,11,-2
235001010,123,88,35
235001029,496,348,148
235001030,482,359,123
235001078,91,101,-10
235001079,80,96,-16
235001147,5,43,-38
235001166,7,58,-51
235001167,40,61,-21
235001169,18,249,-231
235001188,0,3,-3
235001189,14,0,14
235001197,7,24,-17
235001200,36,42,-6
235001207,140,29,111
235001210,16,77,-61
235001215,30,89,-59
235001239,2,59,-57
235001244,1,6,-5
235016267,0,43,-43
277101746,0,1,-1
277102712,23,3,20
277103813,0,1,-1
277103814,0,0,0
277103898,0,2,-2
277104249,0,0,0
277104250,0,5,-5
277104251,0,6,-6
277104252,0,2,-2
990011530,0,171,-171
990014944,3,375,-372
990015176,38,6,32
990015618,1,144,-143
990016032,1,323,-322
990032570,6,322,-316
990070001,61,4,57
990070103,0,7,-7
990070601,0,44,-44
990070751,1079,7,1072
990070766,0,374,-374
990071180,548,198,350
990071343,17,0,17
990071387,0,13,-13
990071823,503,2,501
990072600,6,1059,-1053
990072964,2,322,-320
990073285,0,2,-2
990074393,0,600,-600
990074870,1610,18,1592
990075106,1662,44,1618
990075746,715,8,707
990076437,1642,48,1594
990076458,1,519,-518
997000007,624,11,613
997000041,0,295,-295
997000058,94,1,93
997000062,30,2,28
997000069,0,4,-4
997000070,0,36,-36
997000100,55,0,55
997000141,15,3238,-3223
997000198,8,1720,-1712
998000475,2,57,-55
998000736,0,147,-147
998000965,0,9,-9
998001031,0,49,-49
998001700,0,5,-5
998001899,0,1,-1
998001900,13,1,12
998003073,1746,9,1737
998101900,0,0,0
998102850,13,281,-268
998501927,1073,867,206
998501929,210,10,200
998501930,55,1,54
998501931,122,3,119
998501932,3,0,3
998501933,65,2,63
998501937,8,2,6
998501944,16,0,16
998501970,223,134,89
998501971,1,68,-67
998501973,2,39,-37
998501974,1,184,-183
998501975,89,2,87
998501976,63,0,63
998501977,0,26,-26
998501978,40,0,40
998501979,0,5,-5
998501980,83,28,55
998501981,51,3,48
998501982,0,102,-102
998501983,0,0,0
998502006,0,0,0
998502024,0,6,-6
998502032,0,7,-7
998502062,12,0,12
998502063,0,0,0
998502173,13,3,10
998502269,0,4,-4
998601159,7,120,-113
998601292,0,21,-21
999033574,1,359,-358
999800001,41,6,35
999800002,0,4,-4
999800003,15,9,6
999800004,0,7,-7
999800005,0,12,-12
