ID,insum,outsum,diff
100000001,1087,1176,-89
100000002,3461,3017,444
100000003,6893,5933,960
100000004,1793,1675,118
100000005,2775,6035,-3260
100000006,827,232,595
100000007,2251,782,1469
100000008,285,669,-384
100000009,721,502,219
100000010,84,120,-36
100000011,968,128,840
100000012,99,824,-725
100000013,77,244,-167
100000014,534,416,118
100000015,2382,2579,-197
100000016,1020,2191,-1171
100000017,546,1357,-811
100000018,1497,743,754
100000019,4521,2494,2027
100000020,2792,7569,-4777
100000021,5439,3395,2044
100000022,1596,3311,-1715
100000023,5382,2551,2831
100000025,1323,1749,-426
100000028,1675,1870,-195
100000029,299,550,-251
100000030,228,66,162
100000031,5353,8313,-2960
100000032,2433,4464,-2031
100000033,1087,2802,-1715
100000034,482,841,-359
100000035,1686,2264,-578
100000036,2153,1609,544
100000037,821,491,330
100000038,2540,1178,1362
100000039,682,368,314
100000040,228,207,21
100000041,1521,620,901
100000042,1161,564,597
100000043,1096,466,630
100000044,436,946,-510
100000045,519,1088,-569
100000046,690,937,-247
100000047,315,550,-235
100000048,496,564,-68
100000049,1666,1753,-87
100000051,519,983,-464
100000053,241,9,232
100000054,426,52,374
100000055,918,270,648
100000056,593,448,145
100000057,2243,751,1492
100000058,1120,1195,-75
100000059,20,135,-115
100000060,529,386,143
100000061,3147,551,2596
100000062,2946,672,2274
100000063,1076,279,797
100000064,1449,339,1110
100000065,353,851,-498
100000066,198,691,-493
100000067,619,789,-170
100000068,553,1757,-1204
100000069,339,1272,-933
100000072,278,961,-683
100000073,1150,1107,43
100000075,810,355,455
100000076,2345,3291,-946
100000077,282,292,-10
100000078,54,58,-4
100000079,42,74,-32
100000080,42,64,-22
100000081,218,242,-24
100000102,2981,2892,89
100000103,2834,2142,692
100000104,4324,3337,987
100000105,2886,2280,606
100000106,3280,3104,176
100000107,736,1407,-671
100000108,681,1264,-583
100000109,2085,1541,544
100000116,1425,1297,128
100000117,126,156,-30
100000118,1403,1808,-405
100000119,722,942,-220
100000121,312,566,-254
100000122,928,1463,-535
100000123,3256,5401,-2145
100000124,4677,7924,-3247
100000125,4537,2616,1921
100000126,873,677,196
100000127,1678,476,1202
100000128,1278,3397,-2119
100000129,598,625,-27
100000130,666,548,118
100000131,2790,3193,-403
100000132,1498,4094,-2596
100000133,5020,2677,2343
100000135,813,1395,-582
100000139,458,333,125
100000140,454,497,-43
100000142,583,696,-113
100000143,925,494,431
100000144,3532,1042,2490
100000147,1540,3810,-2270
100000150,46,404,-358
100000151,1446,1321,125
100000153,327,474,-147
100000154,63,361,-298
100000155,29,76,-47
100000156,544,610,-66
100000157,193,219,-26
100000158,365,135,230
100000159,196,795,-599
100000165,1693,1136,557
100000169,310,891,-581
100000174,754,942,-188
100000179,101,753,-652
100000180,2348,2759,-411
100000181,631,273,358
100000188,82,226,-144
100000189,1127,419,708
100000190,870,1342,-472
100000191,871,909,-38
100000192,112,142,-30
100000193,377,216,161
100000330,1377,1152,225
100000355,284,724,-440
100000362,4168,3012,1156
100000363,5457,5346,111
100000364,208,314,-106
100000365,6681,8007,-1326
100000366,5442,3148,2294
100000367,6116,7276,-1160
100000368,2524,1579,945
100000369,1526,2235,-709
100000370,324,1137,-813
100000376,77,288,-211
100000379,2507,2396,111
100000380,5047,6026,-979
100000384,6554,6986,-432
100000385,4352,6003,-1651
100000386,8229,6887,1342
100000387,5683,7293,-1610
100000388,8327,8873,-546
100000389,10002,8679,1323
100000390,12048,8927,3121
100000391,8327,12722,-4395
100000392,3496,4525,-1029
100000393,3233,6513,-3280
100000394,8067,10384,-2317
100000395,6089,4909,1180
100000396,8067,4518,3549
100000397,6023,7879,-1856
100000398,11377,8317,3060
100900002,9,22,-13
100900003,565,241,324
100900004,33,1090,-1057
100900005,145,22,123
100900006,46,88,-42
100900007,563,18,545
100900008,4,472,-468
100900009,118,133,-15
100900010,121,60,61
100900011,214,246,-32
100900012,7,176,-169
100900013,1019,3,1016
100900014,5,16,-11
100900015,151,87,64
100900016,6,45,-39
100900017,1197,97,1100
100900018,1,10,-9
100900019,47,182,-135
100900020,536,13,523
100900021,538,3,535
100900022,26,62,-36
100900023,1,46,-45
100900024,733,11,722
100900025,42,20,22
100900026,153,142,11
100900027,798,3551,-2753
100900028,135,351,-216
100900029,64,6,58
100900030,5,161,-156
100900031,777,64,713
100900032,247,0,247
100900033,331,292,39
100900034,847,5,842
100900035,450,0,450
100900036,14,3,11
100900037,181,235,-54
100900038,90,50,40
100900039,269,478,-209
100900040,468,549,-81
100900041,1028,645,383
100900042,1486,2074,-588
100900043,0,14,-14
100900044,1858,718,1140
100900045,8,2,6
100900046,1456,20,1436
100900047,1006,462,544
100900048,257,49,208
100900049,119,190,-71
100900050,4,19,-15
100900051,74,139,-65
100900052,578,75,503
100900053,504,26,478
100900054,20,76,-56
100900055,421,1014,-593
100900056,118,240,-122
100900057,2089,1235,854
100900058,527,104,423
100900059,207,1,206
100900060,250,10,240
100900061,433,266,167
100900062,8,55,-47
100900063,365,765,-400
100900064,968,41,927
100900065,125,159,-34
100900066,226,149,77
100900067,3,17,-14
100900068,197,141,56
100900069,350,18,332
100900070,456,15,441
100900071,865,241,624
100900072,4,58,-54
100900073,199,336,-137
100900074,6,10,-4
100900075,2050,526,1524
100900076,19,60,-41
100900077,51,91,-40
100900078,117,421,-304
100900079,11,48,-37
100900080,51,212,-161
100900081,50,220,-170
100900082,224,417,-193
100900083,28,22,6
100900085,31,510,-479
100900086,205,922,-717
100900088,142,487,-345
100900089,5,20,-15
100900090,170,789,-619
100900091,7,11,-4
100900092,314,178,136
100900093,364,330,34
100900094,151,461,-310
100900095,7,35,-28
100900096,82,167,-85
100900097,1,3,-2
100900098,66,10,56
100900099,35,538,-503
100900100,27,760,-733
100900101,369,90,279
100900102,131,242,-111
100900103,12,13,-1
100900104,10,238,-228
100900105,77,1156,-1079
100900106,63,13,50
100900107,2286,875,1411
100900108,4,93,-89
100900109,38,43,-5
100900110,11,35,-24
100900111,70,272,-202
100900112,7,23,-16
100900113,17,38,-21
100900114,11,20,-9
100900115,3,40,-37
100900116,929,865,64
100900117,402,1162,-760
100900118,25,44,-19
100900119,45,18,27
100900120,10,6,4
100900121,488,722,-234
100900122,216,244,-28
100900123,189,218,-29
100900124,16,26,-10
100900125,38,107,-69
100900126,234,226,8
100900127,12,16,-4
100900128,117,250,-133
100900129,0,279,-279
100900131,190,362,-172
100900133,56,53,3
100900134,12,13,-1
100900135,0,255,-255
100900137,388,227,161
100900138,617,572,45
100900139,8,2,6
100900140,4,563,-559
100900141,5,799,-794
100900142,3,11,-8
100900143,954,671,283
100900144,20,16,4
100900145,154,210,-56
100900146,20,125,-105
100900147,16,1130,-1114
100900148,52,547,-495
100900149,31,460,-429
100900150,10,75,-65
100900151,166,589,-423
100900152,252,6,246
100900153,15,305,-290
100900154,8,93,-85
100900155,24,27,-3
100900156,35,4,31
100900157,29,371,-342
100900158,780,197,583
100900159,3,33,-30
100900160,66,13,53
100900161,55,8,47
100900162,39,523,-484
100900163,178,224,-46
100900164,84,36,48
100900165,51,27,24
100900166,35,8,27
100900167,52,104,-52
100900168,99,240,-141
100900169,142,1052,-910
100900170,35,11,24
100900171,21,623,-602
100900172,0,64,-64
100900173,14,361,-347
100900174,728,70,658
100900176,2309,352,1957
100900177,820,420,400
100900178,314,152,162
100900179,373,550,-177
100900180,1,7,-6
100900181,118,89,29
100900182,83,56,27
100900184,38,156,-118
100900186,710,513,197
100900187,11,76,-65
100900188,36,12,24
100900189,2071,283,1788
100900191,1103,1155,-52
100900192,305,447,-142
100900195,151,239,-88
100900197,22,55,-33
100900198,50,184,-134
100900199,16,17,-1
100900200,832,512,320
100900201,138,992,-854
100900202,101,1,100
100900203,0,106,-106
100900204,380,1132,-752
100900205,212,633,-421
100900206,207,93,114
100900207,398,218,180
100900210,101,529,-428
100900211,724,195,529
100900213,217,63,154
100900214,570,207,363
100900215,18,61,-43
100900217,155,135,20
101000001,4000,2876,1124
101000002,7148,7181,-33
101000003,503,1534,-1031
101000004,8227,6962,1265
101000005,4867,5636,-769
101000006,7149,7164,-15
101000007,3782,4751,-969
101000008,2948,2873,75
101000009,2389,1199,1190
101000010,1001,1090,-89
101000011,1822,733,1089
101000012,1222,948,274
101000013,923,1356,-433
101000014,556,710,-154
101000015,1570,1165,405
101000016,458,624,-166
101000017,704,688,16
101000018,2579,3059,-480
101000020,2509,1361,1148
101000021,979,616,363
101000022,268,94,174
101000023,1434,903,531
101000025,364,489,-125
101000026,253,38,215
101000027,2280,3285,-1005
101000028,1067,284,783
101000029,356,2383,-2027
101000030,2358,234,2124
101000031,1398,1458,-60
101000032,9350,6246,3104
101000033,2813,4880,-2067
101000034,2354,2480,-126
101000035,1278,641,637
101000036,2229,1402,827
101000037,2823,2813,10
101000039,2605,3624,-1019
101000040,3613,4746,-1133
101000041,10330,10273,57
101000042,616,1656,-1040
101000043,7786,10770,-2984
101000045,1885,1269,616
101000046,4711,2631,2080
101000047,2818,5610,-2792
101000048,980,730,250
101000049,895,2445,-1550
101000050,2555,3283,-728
101000051,2006,3629,-1623
101000052,1891,1503,388
101000053,1185,1707,-522
101000054,2009,1441,568
101000055,1658,1702,-44
101000056,56,146,-90
101000057,2172,1728,444
101000058,1301,1766,-465
101000059,2438,2616,-178
101000060,1929,885,1044
101000061,1041,1807,-766
101000062,749,894,-145
101000063,646,1168,-522
101000064,1134,1185,-51
101000065,529,614,-85
101000066,1088,1088,0
101000067,1358,1166,192
101000068,317,555,-238
101000069,321,122,199
101000070,1009,1397,-388
101000071,2210,1133,1077
101000072,930,4076,-3146
101000073,945,1429,-484
101000074,6757,5481,1276
101000075,5360,7336,-1976
101000077,1966,1554,412
101000078,1138,2137,-999
101000079,871,570,301
101000080,664,624,40
101000081,2045,1883,162
101000082,3554,3085,469
101000083,3243,2351,892
101000084,1455,1090,365
101000085,1829,1319,510
101000086,1243,1290,-47
101000087,992,1076,-84
101000088,1709,1360,349
101000089,1288,1707,-419
101000090,2282,1321,961
101000091,619,724,-105
101000092,1418,1036,382
101000093,1730,913,817
101000094,1341,1132,209
101000095,562,706,-144
101000096,529,583,-54
101000097,566,587,-21
101000098,518,668,-150
101000099,1277,1370,-93
101000100,1160,1072,88
101000101,479,483,-4
101000102,1004,706,298
101000103,1034,632,402
101000104,569,785,-216
101000105,400,421,-21
101000106,708,978,-270
101000107,384,431,-47
101000108,878,310,568
101000109,535,87,448
101000110,54,433,-379
101000111,126,236,-110
101000113,295,757,-462
101000114,10766,10182,584
101000115,345,191,154
101000116,254,143,111
101000117,1342,245,1097
101000119,87,120,-33
101000120,275,119,156
101000121,75,72,3
101000122,185,150,35
101000123,80,201,-121
101000124,885,345,540
101000125,235,487,-252
101000128,610,678,-68
101000130,269,415,-146
101000131,1063,548,515
101000132,916,921,-5
101000135,61,61,0
101000136,490,255,235
101000137,31,437,-406
101000141,1525,3884,-2359
101000147,922,428,494
101000148,1030,39,991
101000149,191,241,-50
101000150,140,678,-538
101000151,380,70,310
101000152,446,409,37
101000153,493,288,205
101000154,338,1017,-679
101000155,518,205,313
101000156,32,417,-385
101000157,57,41,16
101000160,121,60,61
101000163,250,328,-78
101000164,436,379,57
101000165,285,419,-134
101000166,339,434,-95
101000168,1138,508,630
101000252,2321,1070,1251
101000254,394,173,221
101000258,49,13,36
101000261,117,65,52
101000262,1470,3271,-1801
101000263,520,1660,-1140
101000265,98,983,-885
101000266,445,621,-176
101000269,29,23,6
101000290,1470,3361,-1891
101000293,48,87,-39
101000294,899,570,329
101000295,266,462,-196
101000301,854,680,174
101000304,2424,3113,-689
101000305,3308,1648,1660
101900001,17,79,-62
101900002,0,10,-10
101900003,53,147,-94
101900004,4,72,-68
101900005,3149,3088,61
101900006,1548,112,1436
101900007,1101,342,759
101900008,122,409,-287
101900009,131,652,-521
101900010,825,852,-27
101900011,346,1424,-1078
101900012,380,308,72
101900013,918,250,668
101900017,19,186,-167
101900018,1047,269,778
101900019,258,160,98
101900020,460,333,127
101900021,2,56,-54
101900022,224,1086,-862
101900023,210,192,18
102000001,3203,5222,-2019
102000002,2945,1115,1830
102000003,3619,8786,-5167
102000004,6041,3442,2599
102000005,1577,2470,-893
102000006,1263,2250,-987
102000007,1968,5395,-3427
102000008,4096,1820,2276
102000009,7543,9364,-1821
102000010,5771,3808,1963
102000011,3946,3477,469
102000012,3519,3357,162
102000018,3349,3096,253
102000019,2357,1838,519
102000026,255,648,-393
102000029,378,285,93
102000030,154,484,-330
102000031,106,193,-87
102000032,669,389,280
102000033,276,439,-163
102000034,682,620,62
102000035,1599,1024,575
102000036,14,237,-223
102000037,195,50,145
102000038,277,422,-145
102000039,251,87,164
102000040,421,345,76
102000041,234,419,-185
102000042,294,408,-114
102000043,320,329,-9
102000044,369,472,-103
102000045,896,945,-49
102000046,1432,710,722
102000047,991,1063,-72
102000048,543,998,-455
102000049,1229,1137,92
102000050,1394,1308,86
102000051,557,713,-156
102000052,1386,1009,377
102000053,1086,1092,-6
102000054,715,1102,-387
102000055,1499,584,915
102000056,1294,1015,279
102000057,1895,673,1222
102000058,1379,1503,-124
102000059,1675,1627,48
102000060,1425,1165,260
102000061,1941,1835,106
102000062,2185,1259,926
102000063,1378,1610,-232
102000064,618,730,-112
102000065,77,177,-100
102000066,843,944,-101
102000067,2430,3354,-924
102000068,9630,3082,6548
102000069,137,2143,-2006
102000070,1396,59,1337
102000071,7396,9805,-2409
102000072,3300,4452,-1152
102000073,1855,1443,412
102000074,975,1803,-828
102000075,214,385,-171
102000076,249,436,-187
102000077,858,616,242
102000078,1111,691,420
102000079,213,258,-45
102000080,340,246,94
102000081,376,792,-416
102000082,757,433,324
102000083,837,321,516
102000084,522,285,237
102000085,2423,1052,1371
102000086,1488,1215,273
102000087,1172,1926,-754
102000088,437,424,13
102000089,1830,554,1276
102000090,774,1380,-606
102000091,1694,884,810
102000092,423,834,-411
102000093,594,749,-155
102000094,1024,936,88
102000095,1252,1724,-472
102000096,897,1085,-188
102000097,1075,1118,-43
102000098,650,946,-296
102000099,1014,1106,-92
102000100,754,1449,-695
102000101,1101,1064,37
102000102,308,1432,-1124
102000103,1822,495,1327
102000104,701,389,312
102000105,330,533,-203
102000106,974,538,436
102000107,1655,570,1085
102000108,723,219,504
102000109,560,632,-72
102000110,1210,1037,173
102000111,13,276,-263
102000112,185,159,26
102000113,44,29,15
102000114,851,385,466
102000115,326,353,-27
102000116,653,606,47
102000117,243,1047,-804
102000118,1450,1525,-75
102000119,1349,1326,23
102000120,244,511,-267
102000121,1382,651,731
102000122,1033,1031,2
102000123,1476,1593,-117
102000124,1750,1317,433
102000125,1018,1147,-129
102000126,1020,988,32
102000127,1683,786,897
102000128,983,1191,-208
102000129,1699,993,706
102000130,927,1045,-118
102000131,2601,1154,1447
102000132,1224,1636,-412
102000133,2344,1739,605
102000134,1088,880,208
102000135,1057,1127,-70
102000136,1430,686,744
102000137,1137,1502,-365
102000138,436,661,-225
102000139,183,765,-582
102000140,313,753,-440
102000141,433,929,-496
102000142,449,445,4
102000143,273,396,-123
102000144,398,427,-29
102000145,548,544,4
102000146,579,406,173
102000147,738,499,239
102000148,329,516,-187
102000149,204,446,-242
102000150,565,179,386
102000151,154,261,-107
102000152,224,220,4
102000153,1327,666,661
102000154,262,556,-294
102000155,109,355,-246
102000156,336,198,138
102000157,98,385,-287
102000158,263,354,-91
102000159,983,640,343
102000161,3765,2815,950
102000162,186,221,-35
102000163,138,719,-581
102000164,1196,1427,-231
102000165,357,167,190
102000166,90,212,-122
102000167,347,295,52
102000168,424,193,231
102000169,154,569,-415
102000170,556,338,218
102000171,284,484,-200
102000172,238,602,-364
102000173,554,399,155
102000174,138,102,36
102000175,180,115,65
102000176,63,34,29
102000178,223,514,-291
102000179,407,301,106
102000180,969,488,481
102000181,824,524,300
102000182,738,510,228
102000183,2016,1473,543
102000184,2121,799,1322
102000185,3262,1253,2009
102000186,1654,1620,34
102000187,991,1192,-201
102000188,1188,1375,-187
102000189,2309,759,1550
102000190,753,2882,-2129
102000191,1590,555,1035
102000192,1481,1643,-162
102000193,71,102,-31
102000194,87,141,-54
102000195,510,561,-51
102000196,282,342,-60
102000197,855,381,474
102000198,281,751,-470
102000199,1149,323,826
102000200,422,1023,-601
102000201,1415,428,987
102000202,6,131,-125
102000203,486,187,299
102000204,575,666,-91
102000205,1351,493,858
102000206,976,661,315
102000207,835,580,255
102000208,433,481,-48
102000209,87,73,14
102000210,493,462,31
102000211,711,321,390
102000212,526,23,503
102000213,2,223,-221
102000214,408,8,400
102000215,7,349,-342
102000216,96,95,1
102000217,12,138,-126
102000218,371,243,128
102000219,407,248,159
102000225,531,874,-343
102000226,3193,1618,1575
102000227,213,5,208
102000228,0,99,-99
102000229,40,95,-55
102000230,389,453,-64
102000231,414,508,-94
102000232,41,148,-107
102000233,516,716,-200
102000234,230,1230,-1000
102000236,466,116,350
102000237,507,170,337
102000238,218,305,-87
102000240,595,772,-177
102000241,302,207,95
102000243,43,87,-44
102000245,17,98,-81
102000246,5,46,-41
102000247,236,520,-284
102000248,331,674,-343
102000249,140,139,1
102000250,73,310,-237
102000254,180,291,-111
102000266,45,508,-463
102000271,24,0,24
102000286,469,419,50
102000297,2472,1309,1163
102000299,0,0,0
102000300,0,0,0
102000301,0,0,0
102000303,0,0,0
102000305,0,0,0
102000306,0,0,0
102000307,0,6,-6
102000308,0,6,-6
102900001,1556,736,820
102900002,541,62,479
102900003,81,205,-124
102900005,540,298,242
102900006,626,158,468
102900007,709,29,680
102900008,288,72,216
102900009,573,524,49
102900010,378,970,-592
102900011,1732,467,1265
102900012,521,147,374
102900013,44,78,-34
102900015,827,788,39
102900016,123,105,18
102900017,251,513,-262
102900018,64,130,-66
102900019,458,585,-127
102900020,231,52,179
102900021,40,98,-58
102900022,555,198,357
102900023,29,42,-13
102900024,52,67,-15
102900025,198,105,93
102900026,535,2278,-1743
102900027,123,78,45
102900028,257,962,-705
102900029,229,235,-6
102900030,549,332,217
102900031,275,165,110
102900032,130,174,-44
102900033,151,187,-36
102900034,649,91,558
102900035,218,361,-143
102900036,386,445,-59
102900037,339,478,-139
102900038,532,496,36
102900039,19,690,-671
102900040,189,305,-116
102900041,142,192,-50
102900042,254,329,-75
102900043,263,254,9
102900044,709,1811,-1102
102900045,173,509,-336
102900046,265,270,-5
102900047,219,705,-486
102900048,740,505,235
102900049,167,389,-222
102900050,301,362,-61
102900051,196,233,-37
102900052,92,77,15
102900053,419,673,-254
102900054,669,1487,-818
102900055,198,328,-130
102900056,140,389,-249
102900057,7,67,-60
102900058,430,92,338
102900059,26,71,-45
102900060,171,465,-294
102900061,220,406,-186
102900062,354,863,-509
102900063,1303,412,891
102900064,170,519,-349
102900065,1251,553,698
102900066,460,44,416
102900068,138,98,40
102900070,295,576,-281
102900072,17,77,-60
102900073,179,19,160
102900074,223,313,-90
102900075,33,81,-48
102900076,196,192,4
102900077,70,53,17
102900078,62,102,-40
102900079,258,11,247
102900080,462,41,421
102900081,115,439,-324
102900082,14,296,-282
102900083,249,23,226
102900084,15,63,-48
102900085,391,169,222
102900086,21,86,-65
102900087,284,232,52
102900088,68,50,18
102900089,264,128,136
102900090,0,315,-315
102900091,245,3,242
102900092,568,835,-267
102900093,476,317,159
102900094,3,165,-162
102900095,219,3,216
102900096,51,13,38
102900097,19,156,-137
103000001,2512,2626,-114
103000002,2265,2668,-403
103000003,3705,3142,563
103000004,886,762,124
103000005,2016,3117,-1101
103000006,932,1424,-492
103000007,593,759,-166
103000008,1268,841,427
103000009,1654,1274,380
103000010,170,141,29
103000011,1598,1415,183
103000012,1642,1651,-9
103000013,3889,2268,1621
103000014,1742,3091,-1349
103000015,1697,765,932
103000016,598,1560,-962
103000017,284,385,-101
103000018,754,402,352
103000019,393,353,40
103000020,2115,1404,711
103000021,1973,1966,7
103000022,793,1039,-246
103000023,771,1931,-1160
103000024,101,137,-36
103000025,105,794,-689
103000026,980,151,829
103000027,286,808,-522
103000028,506,503,3
103000029,349,330,19
103000030,1766,1308,458
103000031,1565,2318,-753
103000032,2408,1627,781
103000033,3363,3110,253
103000034,1652,1286,366
103000035,522,1619,-1097
103000036,425,587,-162
103000037,581,621,-40
103000038,663,1155,-492
103000039,543,340,203
103000040,538,824,-286
103000041,1660,1939,-279
103000042,1384,448,936
103000043,619,796,-177
103000044,389,188,201
103000046,446,471,-25
103000047,646,634,12
103000048,233,219,14
103000049,140,201,-61
103000050,886,537,349
103000051,652,579,73
103000052,755,334,421
103000053,256,665,-409
103000054,2825,1190,1635
103000055,2074,2107,-33
103000056,897,1312,-415
103000057,887,251,636
103000058,824,792,32
103000059,607,774,-167
103000060,875,613,262
103000061,514,857,-343
103000062,1251,537,714
103000063,1067,1014,53
103000064,145,181,-36
103000065,8,367,-359
103000066,273,15,258
103000069,564,317,247
103000070,1033,809,224
103000071,1571,593,978
103000072,145,631,-486
103000073,743,117,626
103000074,837,86,751
103000075,125,706,-581
103000076,455,469,-14
103000077,33,346,-313
103000078,949,789,160
103000079,708,677,31
103000080,1095,468,627
103000081,573,1332,-759
103000082,765,227,538
103000083,192,317,-125
103000084,145,13,132
103000085,3,117,-114
103000086,743,440,303
103000087,190,556,-366
103000088,275,294,-19
103000089,262,475,-213
103000090,2681,973,1708
103000091,739,516,223
103000092,319,286,33
103000093,304,395,-91
103000094,244,132,112
103000095,92,328,-236
103000096,627,76,551
103000097,91,673,-582
103000098,818,237,581
103000099,325,802,-477
103000100,196,687,-491
103000101,1133,117,1016
103000102,195,499,-304
103000103,700,144,556
103000104,103,106,-3
103000105,149,77,72
103000106,14,163,-149
103000107,248,67,181
103000108,883,578,305
103000109,499,435,64
103000110,577,584,-7
103000111,549,485,64
103000112,378,190,188
103000113,627,662,-35
103000114,1359,609,750
103000115,824,426,398
103000116,712,432,280
103000117,443,438,5
103000118,702,563,139
103000119,1223,553,670
103000120,122,170,-48
103000121,193,566,-373
103000122,456,569,-113
103000125,29,296,-267
103000126,1018,7,1011
103000127,6,214,-208
103000128,249,4,245
103000129,0,157,-157
103000130,86,45,41
103000131,201,122,79
103000132,76,219,-143
103000133,23,145,-122
103000134,535,1164,-629
103000135,791,421,370
103000136,754,482,272
103000137,570,642,-72
103000138,856,858,-2
103000139,4,95,-91
103000140,154,60,94
103000141,89,133,-44
103000142,166,106,60
103000143,105,206,-101
103000144,260,63,197
103000145,34,196,-162
103000150,100,39,61
103000152,225,238,-13
103000153,253,167,86
103000156,14,310,-296
103000157,601,4,597
103000159,206,89,117
103000162,108,17,91
103000163,17,50,-33
103000164,37,26,11
103000165,109,269,-160
103000166,285,283,2
103000167,249,133,116
103000168,175,150,25
103000169,294,523,-229
103000170,1012,396,616
103000171,53,124,-71
103000172,774,266,508
103000173,946,485,461
103000174,272,359,-87
103000175,408,283,125
103000176,1152,766,386
103000177,572,450,122
103000178,232,321,-89
103000179,241,40,201
103000183,182,21,161
103000185,150,44,106
103000186,167,144,23
103000187,779,301,478
103000188,14,139,-125
103000189,849,688,161
103000191,780,723,57
103000292,1418,2230,-812
103000293,1287,2753,-1466
103000295,81,133,-52
103000296,287,5,282
103000297,51,119,-68
103000504,60,39,21
103000505,9,22,-13
103000506,2,242,-240
103000507,260,3,257
103000508,46,99,-53
103000509,233,553,-320
103900001,10,164,-154
103900002,1289,199,1090
103900003,1569,224,1345
103900004,150,1,149
103900005,8,200,-192
103900006,9,2,7
103900007,150,9,141
103900008,25,1,24
103900009,331,496,-165
103900010,179,342,-163
103900011,367,169,198
103900012,21,24,-3
103900013,78,80,-2
103900014,95,17,78
103900015,73,12,61
103900016,302,243,59
103900017,55,95,-40
103900018,691,267,424
103900019,127,431,-304
103900020,279,501,-222
103900021,461,83,378
103900022,1305,721,584
103900023,158,4,154
103900024,141,590,-449
103900025,19,65,-46
103900026,155,2,153
103900027,860,268,592
103900028,30,323,-293
103900029,1236,259,977
103900030,329,111,218
103900031,61,6,55
103900032,162,95,67
103900033,126,29,97
103900034,35,119,-84
103900035,95,45,50
103900036,56,40,16
103900037,103,103,0
103900038,168,242,-74
103900039,129,268,-139
103900040,6,152,-146
103900041,92,86,6
103900042,109,240,-131
103900043,230,72,158
103900044,111,288,-177
103900045,454,189,265
103900047,92,33,59
103900048,125,44,81
103900049,223,1373,-1150
103900050,15,182,-167
103900051,2,39,-37
103900052,310,446,-136
103900053,323,514,-191
103900054,173,370,-197
103900055,449,292,157
103900056,85,53,32
103900057,47,150,-103
103900058,329,491,-162
103900059,0,32,-32
103900060,49,159,-110
103900061,192,40,152
103900062,407,144,263
103900063,20,0,20
103900064,117,9,108
103900065,799,484,315
103900066,202,37,165
103900067,242,29,213
103900068,15,0,15
103900069,99,19,80
103900070,217,230,-13
103900071,22,122,-100
103900072,30,163,-133
103900073,27,22,5
103900074,86,75,11
103900075,404,91,313
103900076,630,492,138
103900077,87,149,-62
103900078,501,146,355
103900079,196,236,-40
103900080,6,43,-37
103900081,60,20,40
103900082,14,149,-135
103900083,1140,1156,-16
103900084,116,194,-78
103900085,116,165,-49
103900086,1043,434,609
103900087,31,68,-37
103900088,451,692,-241
103900089,88,169,-81
103900090,1,148,-147
103900091,1141,261,880
103900092,824,787,37
103900093,93,326,-233
103900094,18,127,-109
103900095,387,300,87
103900096,37,151,-114
103900097,9,415,-406
103900098,323,155,168
103900099,75,126,-51
103900100,332,294,38
103900101,131,1045,-914
103900102,1,20,-19
103900104,7,38,-31
103900105,121,240,-119
103900106,3,102,-99
103900107,175,187,-12
103900108,106,346,-240
103900109,159,95,64
103900110,317,58,259
103900111,138,524,-386
103900112,154,225,-71
103900113,175,245,-70
103900114,687,257,430
103900115,390,246,144
103900116,5166,3649,1517
103900117,127,69,58
103900119,56,90,-34
103900120,102,118,-16
103900122,138,247,-109
103900123,1209,700,509
103900124,80,414,-334
103900125,103,84,19
103900126,677,399,278
103900127,239,506,-267
103900128,201,153,48
103900131,72,129,-57
103900133,1011,94,917
103900134,2,7,-5
103900135,4,9,-5
103900137,0,21,-21
103900138,154,270,-116
103900139,229,2388,-2159
103900140,28,249,-221
103900141,316,67,249
103900142,234,118,116
103900143,69,4,65
103900144,0,58,-58
103900145,235,298,-63
103900146,399,280,119
103900147,516,135,381
103900148,322,305,17
103900149,496,577,-81
103900150,6312,5203,1109
103900151,45,177,-132
103900152,780,486,294
103900153,3,13,-10
103900154,797,2200,-1403
103900155,69,200,-131
103900156,76,158,-82
103900157,65,153,-88
103900158,182,189,-7
103900159,248,68,180
103900160,79,36,43
103900161,129,207,-78
103900162,70,222,-152
103900163,15,424,-409
103900164,26,11,15
103900167,35,119,-84
103900168,175,104,71
103900169,100,59,41
103900170,0,81,-81
103900171,1,40,-39
103900172,8,29,-21
103900173,18,21,-3
103900174,281,87,194
103900175,52,85,-33
103900176,12,35,-23
103900177,10,87,-77
103900178,50,70,-20
103900179,110,116,-6
103900180,9,58,-49
103900181,47,51,-4
103900182,37,18,19
103900184,469,130,339
103900185,144,485,-341
103900187,15,100,-85
103900188,76,33,43
103900189,117,10,107
103900190,94,48,46
103900191,43,60,-17
103900192,48,91,-43
103900193,127,230,-103
103900194,113,240,-127
103900195,9,108,-99
103900196,82,117,-35
103900197,19,31,-12
103900198,15,56,-41
103900199,188,77,111
103900200,222,122,100
103900201,160,251,-91
103900202,40,91,-51
103900203,58,32,26
103900204,1,68,-67
103900207,0,74,-74
103900208,168,14,154
103900209,14,141,-127
103900210,55,47,8
103900211,756,311,445
103900212,99,364,-265
103900213,44,227,-183
103900214,216,197,19
103900215,341,313,28
103900216,4,277,-273
103900217,425,35,390
103900218,3,302,-299
103900219,147,234,-87
103900233,114,9,105
103900235,31,17,14
103900236,17,4,13
103900242,6,16,-10
103900243,1,3,-2
103900244,150,277,-127
103900245,125,210,-85
103900246,49,62,-13
103900247,24,87,-63
103900248,15,66,-51
103900249,35,89,-54
103900250,26,23,3
103900251,4,47,-43
103900253,18,123,-105
103900254,7,24,-17
103900255,11,22,-11
103900256,25,30,-5
103900257,49,132,-83
103900258,40,13,27
103900259,105,19,86
103900261,10,5,5
103900262,27,7,20
103900263,22,68,-46
103900264,57,26,31
103900265,42,10,32
103900266,6,164,-158
103900267,9,76,-67
103900268,12,71,-59
103900269,244,126,118
103900270,73,138,-65
104000001,2402,2105,297
104000002,2228,2191,37
104000003,2522,2042,480
104000004,2737,2720,17
104000005,1783,1889,-106
104000006,3175,2524,651
104000007,4049,3759,290
104000008,175,222,-47
104000009,207,114,93
104000010,186,346,-160
104000011,360,232,128
104000012,148,258,-110
104000013,309,246,63
104000014,192,547,-355
104000015,415,166,249
104000016,576,326,250
104000018,1015,184,831
104000019,759,244,515
104000020,155,477,-322
104000021,244,433,-189
104000022,157,279,-122
104000023,824,345,479
104000024,242,319,-77
104000026,49,330,-281
104000027,306,212,94
104000028,395,210,185
104000029,370,317,53
104000030,379,183,196
104000031,1526,370,1156
104000032,209,235,-26
104000033,911,529,382
104000034,382,257,125
104000035,1063,446,617
104000036,885,568,317
104000037,375,252,123
104000038,536,261,275
104000039,293,230,63
104000040,280,374,-94
104000041,717,395,322
104000042,211,303,-92
104000043,297,308,-11
104000044,304,488,-184
104000045,946,781,165
104000046,926,1318,-392
104000047,816,1128,-312
104000048,1152,1316,-164
104000049,587,342,245
104000050,221,703,-482
104000051,154,506,-352
104000052,1795,1714,81
104000053,954,415,539
104000054,788,346,442
104000055,3734,2538,1196
104000056,1166,291,875
104000057,199,501,-302
104000058,860,695,165
104000059,603,942,-339
104000060,1086,1187,-101
104000061,1351,1095,256
104000062,505,130,375
104000064,591,401,190
104000065,325,869,-544
104000069,756,1178,-422
104000070,82,664,-582
104000071,137,552,-415
104000072,638,227,411
104000075,152,335,-183
104000076,658,199,459
104000082,2642,3796,-1154
104000083,865,245,620
104000084,164,566,-402
104000085,351,414,-63
104000086,246,513,-267
104000087,467,2409,-1942
104000090,959,1081,-122
104000092,1546,1652,-106
104000094,940,1287,-347
104000095,1750,1285,465
104000096,1968,165,1803
104000097,2024,765,1259
104000098,2729,977,1752
104000100,2026,720,1306
104000101,1214,1379,-165
104000106,64,646,-582
104000107,686,391,295
104000108,259,463,-204
104000109,406,110,296
104000110,850,1160,-310
104000111,3891,3024,867
104000112,2052,719,1333
104000116,2,960,-958
104000117,209,564,-355
104000118,807,213,594
104000119,791,310,481
104000120,348,777,-429
104000121,250,739,-489
104000122,742,734,8
104000123,726,873,-147
104000124,873,1801,-928
104000125,3375,5120,-1745
104000126,543,486,57
104000127,1285,1835,-550
104000128,712,413,299
104000129,419,49,370
104000130,30,322,-292
104000131,422,368,54
104000132,404,423,-19
104000133,1517,805,712
104000134,1106,1812,-706
104000135,603,2293,-1690
104000136,918,4934,-4016
104000137,1973,689,1284
104000138,885,415,470
104000139,5318,3399,1919
104000141,1054,1262,-208
104000142,662,665,-3
104000143,588,480,108
104000144,110,209,-99
104000145,466,248,218
104000146,263,529,-266
104000147,161,281,-120
104000148,477,193,284
104000149,162,275,-113
104000150,1301,601,700
104000151,352,436,-84
104000152,737,578,159
104000153,874,568,306
104000154,799,473,326
104000155,580,598,-18
104000157,1095,1231,-136
104000158,455,584,-129
104000159,1082,681,401
104000160,2084,2254,-170
104000161,198,193,5
104000162,115,138,-23
104000165,850,944,-94
104000167,834,1130,-296
104000168,634,10,624
104000169,168,27,141
104000170,525,669,-144
104000248,429,566,-137
104000251,87,213,-126
104000272,0,0,0
104000273,0,0,0
104000274,0,0,0
104000275,0,0,0
104000279,762,522,240
104000290,111,274,-163
104000291,459,1110,-651
104000293,814,767,47
104000294,102,1,101
104000295,736,690,46
104000296,391,614,-223
104000297,801,2000,-1199
104000298,1850,805,1045
104000299,751,1267,-516
104900001,182,327,-145
104900002,104,237,-133
104900003,57,319,-262
104900004,118,234,-116
104900005,475,320,155
104900006,503,110,393
104900007,426,225,201
104900009,147,330,-183
104900010,128,40,88
104900011,24,19,5
104900012,342,80,262
104900013,180,28,152
104900014,2314,340,1974
104900015,125,11,114
104900016,292,215,77
104900017,238,201,37
104900018,11,183,-172
104900019,337,3739,-3402
104900020,63,238,-175
104900021,1,167,-166
104900022,18,109,-91
104900023,1,82,-81
104900024,18,80,-62
104900025,69,275,-206
104900026,3,83,-80
104900027,707,375,332
104900028,28,79,-51
104900029,48,77,-29
104900030,652,256,396
104900031,114,220,-106
104900032,63,130,-67
104900033,294,353,-59
104900034,533,251,282
104900035,464,220,244
104900036,277,94,183
104900037,177,216,-39
104900038,495,1162,-667
104900039,650,591,59
104900040,547,107,440
104900041,409,209,200
104900042,185,276,-91
104900043,29,212,-183
104900044,949,213,736
104900045,530,63,467
104900046,353,185,168
104900047,476,143,333
104900048,421,76,345
104900049,54,47,7
104900050,431,137,294
104900051,341,61,280
104900052,111,6,105
104900053,549,124,425
104900054,334,47,287
104900055,171,3,168
104900056,220,41,179
104900057,73,0,73
104900058,1046,938,108
104900059,165,44,121
104900060,5,481,-476
104900061,237,466,-229
104900063,2,138,-136
104900064,0,77,-77
104900065,3,224,-221
104900066,1,128,-127
104900067,12,298,-286
104900068,49,148,-99
104900070,165,250,-85
104900071,2,453,-451
104900072,54,253,-199
104900073,112,257,-145
104900074,93,160,-67
104900075,91,73,18
104900076,133,238,-105
104900077,1147,385,762
104900078,210,396,-186
104900079,174,612,-438
104900080,130,389,-259
104900082,15,356,-341
104900085,2,173,-171
104900087,334,19,315
104900089,319,4,315
104900090,1147,864,283
104900091,773,638,135
104900093,250,515,-265
104900097,2391,2558,-167
104900098,186,79,107
104900099,95,624,-529
104900100,486,332,154
104900102,28,187,-159
104900103,496,74,422
104900104,2969,2808,161
104900106,125,128,-3
104900107,121,229,-108
104900108,66,263,-197
104900109,169,270,-101
104900110,11,74,-63
104900111,343,166,177
104900112,352,590,-238
104900113,750,267,483
104900114,417,476,-59
104900115,908,378,530
104900116,349,198,151
104900118,35,78,-43
104900119,5,50,-45
104900120,30,281,-251
104900121,0,79,-79
104900122,4,88,-84
104900123,89,27,62
104900124,95,0,95
104900125,537,5,532
104900126,79,55,24
104900127,36,73,-37
104900128,138,171,-33
104900129,1636,2349,-713
105000001,2903,1466,1437
105000002,2583,1590,993
105000003,3390,4056,-666
105000004,711,837,-126
105000005,991,1131,-140
105000006,1708,1894,-186
105000007,1485,1883,-398
105000008,1672,3733,-2061
105000009,2764,3743,-979
105000010,2973,1922,1051
105000011,3893,3286,607
105000012,3233,2707,526
105000013,1206,1217,-11
105000014,2327,3248,-921
105000015,10839,16891,-6052
105000016,2544,2470,74
105000017,1652,971,681
105000018,1354,1665,-311
105000019,1394,1066,328
105000020,256,402,-146
105000021,287,203,84
105000022,337,133,204
105000023,644,463,181
105000028,87,116,-29
105000029,690,1799,-1109
105000030,4174,2624,1550
105000033,1063,1727,-664
105000034,191,1095,-904
105000037,735,310,425
105000038,2382,2162,220
105000039,2243,1950,293
105000040,1281,1539,-258
105000041,891,1297,-406
105000042,4362,2128,2234
105000043,1965,2409,-444
105000044,819,556,263
105000045,409,736,-327
105000046,1441,415,1026
105000047,516,1178,-662
105000048,672,217,455
105000049,282,466,-184
105000050,802,413,389
105000051,143,368,-225
105000052,720,904,-184
105000053,121,136,-15
105000054,402,966,-564
105000055,853,367,486
105000056,1928,1937,-9
105000057,1374,899,475
105000058,1286,1112,174
105000059,856,722,134
105000060,468,632,-164
105000061,969,621,348
105000062,615,738,-123
105000063,310,506,-196
105000064,1777,847,930
105000065,351,566,-215
105000066,1227,1495,-268
105000067,1761,964,797
105000068,427,959,-532
105000069,1861,1927,-66
105000070,685,1123,-438
105000071,251,963,-712
105000072,832,2396,-1564
105000073,1126,678,448
105000074,1331,704,627
105000075,535,1013,-478
105000076,1276,1135,141
105000077,2466,1477,989
105000078,1503,1466,37
105000079,1192,2855,-1663
105000080,2421,1729,692
105000081,3049,1359,1690
105000082,1094,1859,-765
105000083,4229,4020,209
105000084,644,806,-162
105000085,2043,2216,-173
105000086,689,860,-171
105000087,1468,1796,-328
105000088,1638,1586,52
105000089,3018,2209,809
105000090,1037,938,99
105000091,1185,1658,-473
105000092,800,906,-106
105000093,370,320,50
105000094,425,352,73
105000095,142,546,-404
105000096,1282,1309,-27
105000097,966,859,107
105000098,1070,897,173
105000099,904,861,43
105000100,1560,1090,470
105000101,2090,2001,89
105000102,2423,1562,861
105000103,1762,2541,-779
105000104,2613,1076,1537
105000105,1447,1965,-518
105000106,1834,1780,54
105000107,1982,1059,923
105000108,2198,1450,748
105000109,2033,1710,323
105000110,1116,585,531
105000111,954,667,287
105000112,1470,675,795
105000113,530,800,-270
105000114,2448,1235,1213
105000115,348,1245,-897
105000116,956,672,284
105000117,958,835,123
105000118,839,591,248
105000119,886,1021,-135
105000120,1410,733,677
105000121,900,968,-68
105000122,543,811,-268
105000123,1100,1246,-146
105000124,2266,763,1503
105000125,913,1716,-803
105000126,2583,1724,859
105000127,2807,1812,995
105000128,786,969,-183
105000129,918,350,568
105000130,397,2986,-2589
105000131,656,327,329
105000132,1162,717,445
105000133,555,945,-390
105000134,1057,708,349
105000135,493,549,-56
105000136,95,179,-84
105000137,469,330,139
105000138,141,197,-56
105000139,1175,927,248
105000140,400,461,-61
105000141,402,655,-253
105000142,251,435,-184
105000143,224,733,-509
105000144,331,864,-533
105000145,827,452,375
105000146,439,876,-437
105000147,721,384,337
105000148,1284,707,577
105000149,2835,2594,241
105000150,2067,1744,323
105000151,594,390,204
105000152,178,534,-356
105000153,653,769,-116
105000154,728,563,165
105000155,367,1153,-786
105000156,926,775,151
105000157,857,1809,-952
105000158,2309,874,1435
105000159,320,1016,-696
105000160,2218,733,1485
105000161,828,959,-131
105000162,708,1907,-1199
105000163,1093,829,264
105000164,288,230,58
105000165,975,5936,-4961
105000166,5446,1301,4145
105000167,1744,1807,-63
105000168,491,644,-153
105000169,573,368,205
105000170,266,1386,-1120
105000171,1240,238,1002
105000172,193,78,115
105000173,213,101,112
105000174,92,86,6
105000175,108,159,-51
105000176,529,122,407
105000177,445,184,261
105000178,221,555,-334
105000179,748,228,520
105000180,223,159,64
105000181,180,326,-146
105000182,62,95,-33
105000183,1982,1968,14
105000184,1101,1307,-206
105000185,1555,1391,164
105000186,494,866,-372
105000187,1067,277,790
105000188,314,231,83
105000189,196,657,-461
105000190,429,439,-10
105000191,454,458,-4
105000192,487,72,415
105000193,92,283,-191
105000194,461,129,332
105000195,444,914,-470
105000196,102,255,-153
105000197,318,618,-300
105000198,667,365,302
105000199,263,608,-345
105000200,177,389,-212
105000201,131,40,91
105000203,12,121,-109
105000204,101,88,13
105000205,99,211,-112
105000207,620,263,357
105000208,328,808,-480
105000209,220,373,-153
105000212,1390,1304,86
105000213,188,245,-57
105000214,258,357,-99
105000215,451,226,225
105000216,174,364,-190
105000217,176,328,-152
105000218,1733,1142,591
105000221,242,228,14
105000222,607,305,302
105000223,413,249,164
105000226,143,254,-111
105000227,110,168,-58
105000228,305,2309,-2004
105000229,206,680,-474
105000231,465,332,133
105000233,950,805,145
105000234,480,1168,-688
105000235,481,592,-111
105000237,878,116,762
105000243,34,125,-91
105000248,84,82,2
105000262,461,1235,-774
105000269,144,191,-47
105000270,482,45,437
105000271,0,177,-177
105000282,80,68,12
105000287,423,98,325
105000288,719,446,273
105000289,2240,2097,143
105000290,43,19,24
105000402,3675,4539,-864
105000426,505,977,-472
105000438,3398,1473,1925
105000446,10508,6152,4356
105000447,6098,3012,3086
105000454,648,589,59
105000455,309,189,120
105000474,83,1,82
105000477,612,680,-68
105000478,2409,5371,-2962
105000479,117,150,-33
105000480,8444,7106,1338
105000481,4934,4533,401
105000482,4911,7093,-2182
105000483,1960,2549,-589
105000484,2665,3212,-547
105000485,1854,3651,-1797
105000486,3437,2543,894
105000488,8239,4936,3303
105000489,1114,860,254
105000549,167,125,42
105000550,403,1865,-1462
105000551,52,153,-101
105000552,2334,1470,864
105900001,31,2604,-2573
105900002,1148,776,372
105900003,18,149,-131
105900004,327,143,184
105900005,19,206,-187
105900006,24,197,-173
105900007,139,61,78
105900008,111,548,-437
105900009,27,24,3
105900011,353,45,308
105900012,769,190,579
105900013,3,56,-53
105900014,13,84,-71
105900015,203,451,-248
105900016,722,542,180
105900017,1609,57,1552
105900018,266,185,81
105900019,103,768,-665
105900020,62,53,9
105900021,82,470,-388
105900022,327,257,70
105900023,3,152,-149
105900024,16,233,-217
105900025,324,40,284
105900026,325,32,293
105900027,14089,7635,6454
105900028,851,715,136
105900029,1840,384,1456
105900030,219,322,-103
105900031,427,238,189
105900032,113,147,-34
105900033,109,144,-35
105900034,289,257,32
105900035,252,215,37
105900036,110,208,-98
105900037,100,102,-2
105900038,276,285,-9
105900039,161,99,62
105900040,77,119,-42
105900041,218,281,-63
105900042,72,140,-68
105900043,1552,93,1459
105900044,11,309,-298
105900045,2,901,-899
105900046,4,281,-277
105900047,6,76,-70
105900048,98,499,-401
105900050,5230,8000,-2770
105900051,115,1447,-1332
105900052,750,192,558
105900053,3000,3748,-748
105900054,423,240,183
105900056,780,537,243
105900057,89,145,-56
105900058,30,10,20
105900059,0,33,-33
106000001,4546,2992,1554
106000002,2566,6100,-3534
106000003,3449,4036,-587
106000004,1724,2734,-1010
106000005,3768,6272,-2504
106000006,6225,3467,2758
106000007,610,569,41
106000008,605,329,276
106000009,656,399,257
106000010,786,569,217
106000011,1319,1178,141
106000012,888,1237,-349
106000013,2061,2242,-181
106000014,1792,1394,398
106000015,2054,1582,472
106000016,1441,1779,-338
106000017,579,746,-167
106000018,595,440,155
106000019,430,417,13
106000020,465,331,134
106000021,384,441,-57
106000022,415,215,200
106000023,844,350,494
106000024,641,387,254
106000025,135,202,-67
106000026,70,146,-76
106000027,1718,1461,257
106000028,672,352,320
106000029,754,937,-183
106000030,590,819,-229
106000034,259,500,-241
106000035,1009,2206,-1197
106000036,333,542,-209
106000037,1885,1491,394
106000038,357,138,219
106000039,117,125,-8
106000040,147,1074,-927
106000041,700,786,-86
106000043,606,242,364
106000046,509,78,431
106000047,49,519,-470
106000049,992,213,779
106000050,329,574,-245
106000051,841,561,280
106000052,106,503,-397
106000053,459,158,301
106000054,416,357,59
106000055,1394,1182,212
106000056,284,350,-66
106000057,388,337,51
106000058,158,158,0
106000059,376,289,87
106000060,366,448,-82
106000061,307,622,-315
106000062,188,636,-448
106000063,848,561,287
106000064,44,374,-330
106000065,474,358,116
106000066,154,333,-179
106000067,429,129,300
106000068,62,600,-538
106000069,327,66,261
106000070,531,758,-227
106000071,1275,428,847
106000072,2887,1771,1116
106000073,1601,3210,-1609
106000074,734,650,84
106000075,321,1372,-1051
106000076,1790,2103,-313
106000077,3574,1389,2185
106000078,1390,851,539
106000079,842,954,-112
106000080,1484,707,777
106000081,791,1148,-357
106000082,2636,906,1730
106000083,487,1430,-943
106000084,1410,740,670
106000085,1431,1604,-173
106000086,676,908,-232
106000087,1200,478,722
106000088,481,783,-302
106000089,1144,339,805
106000090,293,603,-310
106000091,310,528,-218
106000092,772,299,473
106000093,365,182,183
106000094,122,255,-133
106000095,985,629,356
106000096,1046,696,350
106000097,1568,781,787
106000098,900,933,-33
106000099,253,616,-363
106000100,1383,222,1161
106000101,1054,242,812
106000102,184,552,-368
106000103,417,435,-18
106000104,841,465,376
106000105,666,660,6
106000106,822,481,341
106000107,153,232,-79
106000108,255,254,1
106000109,205,156,49
106000110,232,255,-23
106000111,206,307,-101
106000112,228,529,-301
106000113,572,486,86
106000114,428,678,-250
106000115,213,389,-176
106000116,358,211,147
106000117,1351,655,696
106000118,1539,1493,46
106000119,1268,844,424
106000120,1171,1441,-270
106000121,215,164,51
106000122,126,166,-40
106000123,579,128,451
106000124,74,172,-98
106000125,14,222,-208
106000126,392,85,307
106000127,1012,777,235
106000128,868,196,672
106000129,502,496,6
106000130,901,333,568
106000131,151,564,-413
106000132,582,177,405
106000133,1496,1054,442
106000134,586,1647,-1061
106000135,174,447,-273
106000136,703,989,-286
106000137,67,679,-612
106000138,1134,103,1031
106000139,62,110,-48
106000140,69,56,13
106000141,120,60,60
106000142,140,80,60
106000143,67,35,32
106000144,28,77,-49
106000145,310,203,107
106000146,448,172,276
106000147,375,382,-7
106000148,481,798,-317
106000149,627,309,318
106000150,601,1680,-1079
106000151,3612,893,2719
106000152,1339,1889,-550
106000153,70,1663,-1593
106000154,1232,192,1040
106000155,174,286,-112
106000156,1072,273,799
106000157,800,1438,-638
106000158,2072,997,1075
106000159,2849,1818,1031
106000160,500,2881,-2381
106000161,1678,332,1346
106000162,388,995,-607
106000163,553,310,243
106000164,490,363,127
106000165,252,423,-171
106000166,938,374,564
106000167,513,830,-317
106000168,653,308,345
106000169,405,502,-97
106000170,1023,247,776
106000171,293,1267,-974
106000172,3220,1619,1601
106000173,1311,2765,-1454
106000174,1320,454,866
106000175,353,878,-525
106000176,1942,914,1028
106000177,828,2535,-1707
106000178,3755,1812,1943
106000179,1144,2273,-1129
106000180,969,1283,-314
106000181,1064,2173,-1109
106000182,1553,784,769
106000183,1605,641,964
106000184,1812,797,1015
106000185,1157,1731,-574
106000186,1033,179,854
106000187,312,1097,-785
106000188,0,8,-8
106000189,25,47,-22
106000190,21,5,16
106000191,786,255,531
106000192,13,49,-36
106000193,553,245,308
106000194,237,640,-403
106000195,1409,448,961
106000196,370,1150,-780
106000197,792,494,298
106000198,228,286,-58
106000199,847,802,45
106000200,302,277,25
106000201,480,2840,-2360
106000202,3586,661,2925
106000203,57,202,-145
106000204,82,4,78
106000205,28,171,-143
106000206,88,29,59
106000207,55,568,-513
106000208,1622,188,1434
106000209,1721,395,1326
106000210,596,903,-307
106000211,448,1178,-730
106000212,1081,455,626
106000213,777,2387,-1610
106000214,2198,1043,1155
106000215,342,500,-158
106000216,296,318,-22
106000217,332,321,11
106000218,420,400,20
106000219,216,233,-17
106000220,462,223,239
106000221,209,229,-20
106000222,87,103,-16
106000223,313,105,208
106000224,234,154,80
106000225,74,142,-68
106000226,133,221,-88
106000228,79,67,12
106000229,86,738,-652
106000231,1090,137,953
106000232,100,421,-321
106000233,793,107,686
106000234,62,331,-269
106000235,950,156,794
106000236,387,120,267
106000237,2,13,-11
106000238,65,54,11
106000239,16,107,-91
106000240,67,6,61
106000241,15,555,-540
106000242,313,32,281
106000249,63,62,1
106000250,103,623,-520
106000251,135,27,108
106000252,27,123,-96
106000253,86,66,20
106000254,98,52,46
106000255,27,143,-116
106000256,81,43,38
106000257,229,336,-107
106000258,432,41,391
106000259,7,77,-70
106000260,44,4,40
106000261,7,71,-64
106000262,156,10,146
106000263,26,104,-78
106000264,354,10,344
106000265,11,163,-152
106000266,177,28,149
106000267,5,92,-87
106000268,480,57,423
106000269,61,50,11
106000270,139,453,-314
106000271,92,207,-115
106000272,276,61,215
106000273,5,282,-277
106000274,173,51,122
106000275,141,302,-161
106000276,191,50,141
106000277,114,319,-205
106000278,215,44,171
106000279,24,46,-22
106000280,114,49,65
106000281,88,45,43
106000282,102,93,9
106000283,167,49,118
106000284,75,115,-40
106000285,148,60,88
106000286,137,182,-45
106000287,190,59,131
106000288,124,177,-53
106000289,160,74,86
106000290,68,96,-28
106000291,187,106,81
106000292,111,107,4
106000293,228,79,149
106000294,169,134,35
106000295,97,71,26
106000296,63,109,-46
106000297,95,292,-197
106000298,137,78,59
106000299,81,166,-85
106000300,51,100,-49
106000301,86,117,-31
106000303,51,104,-53
106000304,41,35,6
106000305,89,69,20
106000306,37,59,-22
106000307,101,23,78
106000308,35,116,-81
106000309,33,69,-36
106000310,381,495,-114
106000311,445,219,226
106000312,110,159,-49
106000313,249,238,11
106000318,123,546,-423
106000319,1198,311,887
106000320,10,182,-172
106000321,378,176,202
106000322,220,138,82
106000324,21,196,-175
106000325,1809,1090,719
106000326,1048,1456,-408
106000327,218,95,123
106000328,46,140,-94
106000329,116,315,-199
106000330,47,95,-48
106000428,88,159,-71
106000429,144,372,-228
106000430,404,1077,-673
106000431,2560,398,2162
106000432,1534,2429,-895
106000433,2587,1504,1083
106000434,3471,2066,1405
106000435,1536,2687,-1151
106000436,19,181,-162
106000437,334,95,239
106000438,343,251,92
106000439,72,767,-695
106000440,278,380,-102
106000441,5,0,5
106000442,145,9,136
106000443,209,268,-59
106000450,7,91,-84
106000451,14,55,-41
106000454,2,186,-184
106000455,13,199,-186
106000456,98,46,52
106000457,21,844,-823
106000458,1000,92,908
106000459,182,280,-98
106000460,1856,30,1826
106000461,138,898,-760
106000462,2,40,-38
106000463,4,15,-11
106000464,6,438,-432
106000465,786,2,784
106000466,3,438,-435
106000467,331,445,-114
106000468,135,143,-8
106000469,151,0,151
106000470,331,1839,-1508
106000471,41,495,-454
106000472,204,19,185
106000473,56,17,39
106000474,321,421,-100
106000475,285,161,124
106000476,152,268,-116
106000477,28,33,-5
106900001,0,20,-20
106900002,2,425,-423
106900003,285,965,-680
106900004,1,24,-23
106900006,0,13,-13
106900007,0,13,-13
106900008,468,223,245
106900009,359,305,54
106900010,218,296,-78
106900012,1569,2269,-700
106900013,596,180,416
106900014,21,6,15
106900015,11,1,10
106900016,350,10,340
106900017,6,0,6
106900018,5,1,4
106900019,61,2,59
106900020,2001,1781,220
106900021,122,100,22
106900022,1028,8,1020
106900023,56,245,-189
106900024,807,46,761
106900025,65,516,-451
106900026,1,452,-451
106900027,908,1,907
107000001,4368,5100,-732
107000002,2923,4565,-1642
107000003,6983,7899,-916
107000004,4663,4857,-194
107000005,5908,6328,-420
107000006,3987,3863,124
107000007,7035,11459,-4424
107000008,10860,7742,3118
107000009,9381,8841,540
107000010,9671,8872,799
107000011,1161,1449,-288
107000012,3808,2825,983
107000013,108,88,20
107000014,67,205,-138
107000015,614,657,-43
107000016,952,796,156
107000017,2957,2090,867
107000018,16,1445,-1429
107000020,1619,2084,-465
107000021,1423,479,944
107000022,944,1751,-807
107000023,2168,297,1871
107000024,608,1445,-837
107000025,228,349,-121
107000026,284,458,-174
107000027,1586,1059,527
107000028,1386,1157,229
107000029,4015,3101,914
107000030,3125,3007,118
107000031,4953,2995,1958
107000032,551,937,-386
107000033,3096,4614,-1518
107000034,3604,1656,1948
107000035,470,339,131
107000036,412,1469,-1057
107000037,97,849,-752
107000038,282,300,-18
107000039,936,1019,-83
107000040,213,417,-204
107000041,1973,980,993
107000042,948,2377,-1429
107000043,2751,1335,1416
107000044,541,439,102
107000045,94,389,-295
107000046,956,435,521
107000047,621,982,-361
107000048,846,332,514
107000049,741,895,-154
107000050,1328,595,733
107000051,316,333,-17
107000052,1322,1004,318
107000053,456,229,227
107000054,68,302,-234
107000055,194,150,44
107000056,469,796,-327
107000057,1397,253,1144
107000058,2460,2819,-359
107000059,2191,3027,-836
107000060,5354,5959,-605
107000061,5474,3572,1902
107000062,5781,3449,2332
107000063,4231,4195,36
107000064,5676,3203,2473
107000065,3790,4181,-391
107000066,2855,3626,-771
107000067,1595,1515,80
107000068,1663,930,733
107000069,1092,683,409
107000070,1332,7,1325
107000071,3995,75,3920
107000072,57,2430,-2373
107000073,1032,494,538
107000074,163,825,-662
107000075,2125,646,1479
107000076,788,1394,-606
107000077,4105,1593,2512
107000078,2431,3089,-658
107000079,3327,1338,1989
107000080,1089,3049,-1960
107000081,2380,770,1610
107000082,613,1856,-1243
107000083,1649,691,958
107000084,378,1810,-1432
107000085,3323,3744,-421
107000086,3601,3320,281
107000087,3555,2309,1246
107000088,3841,3781,60
107000089,1766,2009,-243
107000090,1261,1245,16
107000091,1675,998,677
107000092,1120,952,168
107000093,1482,965,517
107000094,1026,1090,-64
107000095,1013,612,401
107000096,601,819,-218
107000097,563,284,279
107000098,328,347,-19
107000099,496,334,162
107000100,332,269,63
107000101,61,181,-120
107000102,236,266,-30
107000103,294,201,93
107000104,225,279,-54
107000105,421,136,285
107000106,288,257,31
107000107,664,188,476
107000108,138,500,-362
107000109,782,179,603
107000110,61,511,-450
107000111,409,68,341
107000112,55,280,-225
107000113,796,137,659
107000114,122,495,-373
107000115,676,165,511
107000116,154,670,-516
107000117,240,632,-392
107000118,185,183,2
107000119,1591,1620,-29
107000120,1107,577,530
107000121,1108,739,369
107000122,1328,839,489
107000123,585,631,-46
107000124,625,773,-148
107000125,1197,652,545
107000126,1104,609,495
107000127,28,318,-290
107000129,336,294,42
107000130,605,336,269
107000131,547,459,88
107000132,700,406,294
107000133,650,127,523
107000134,351,1,350
107000135,4,284,-280
107000136,905,17,888
107000137,18,507,-489
107000138,459,42,417
107000139,13,593,-580
107000140,1925,215,1710
107000141,166,984,-818
107000142,529,139,390
107000143,60,736,-676
107000144,636,560,76
107000145,179,584,-405
107000146,340,450,-110
107000147,2995,936,2059
107000150,874,3666,-2792
107000151,50,162,-112
107000152,510,1786,-1276
107000153,226,509,-283
107000154,314,317,-3
107000155,1232,30,1202
107000156,1572,22,1550
107000157,81,1300,-1219
107000158,776,28,748
107000159,30,720,-690
107000160,1494,202,1292
107000161,93,1264,-1171
107000162,516,720,-204
107000163,243,7,236
107000164,1075,11,1064
107000165,1430,27,1403
107000166,60,1045,-985
107000167,834,274,560
107000168,1111,626,485
107000169,715,870,-155
107000170,3149,1278,1871
107000171,912,2031,-1119
107000172,1326,1610,-284
107000173,754,1093,-339
107000174,1383,5975,-4592
107000175,6934,1694,5240
107000176,1,2,-1
107000177,13,2,11
107000178,36,53,-17
107000179,427,1852,-1425
107000180,1817,449,1368
107000181,604,926,-322
107000182,2400,915,1485
107000183,226,743,-517
107000184,1272,662,610
107000185,633,1463,-830
107000186,1519,503,1016
107000187,1535,1523,12
107000188,801,647,154
107000189,641,1146,-505
107000190,714,741,-27
107000191,949,999,-50
107000192,2057,836,1221
107000193,526,597,-71
107000194,850,632,218
107000197,1211,356,855
107000198,401,756,-355
107000199,922,734,188
107000200,689,801,-112
107000201,492,463,29
107000202,423,569,-146
107000203,872,1461,-589
107000204,1166,1884,-718
107000205,2040,1227,813
107000206,1143,1938,-795
107000207,867,1056,-189
107000208,1082,790,292
107000209,2520,1753,767
107000210,810,408,402
107000211,9,72,-63
107000212,31,357,-326
107000213,13,25,-12
107000214,34,194,-160
107000215,605,445,160
107000216,552,362,190
107000217,177,149,28
107000219,130,262,-132
107000220,230,194,36
107000222,313,747,-434
107000224,656,87,569
107000225,191,430,-239
107000226,676,112,564
107000227,133,259,-126
107000228,136,271,-135
107000229,181,164,17
107000230,1234,518,716
107000231,1682,2270,-588
107000232,140,31,109
107000233,1402,1180,222
107000234,1,70,-69
107000235,98,19,79
107000236,11,413,-402
107000237,51,1,50
107000238,40,5,35
107000239,2589,607,1982
107000240,103,874,-771
107000241,85,22,63
107000242,368,51,317
107000243,0,35,-35
107000244,8,51,-43
107000246,0,925,-925
107000249,6,1046,-1040
107000251,3,315,-312
107000252,4,965,-961
107000255,427,208,219
107000257,2,373,-371
107000258,0,98,-98
107000259,4,202,-198
107000260,1052,18,1034
107000262,10,431,-421
107000263,442,15,427
107000266,19,23,-4
107000267,91,144,-53
107000268,161,137,24
107000269,827,98,729
107000270,1,62,-61
107000271,27,511,-484
107000272,40,128,-88
107000273,12,216,-204
107000274,1418,316,1102
107000275,88,1258,-1170
107000280,1027,43,984
107000281,39,739,-700
107000282,52,766,-714
107000290,8,44,-36
107000291,12,18,-6
107000292,0,110,-110
107000293,77,10,67
107000294,1,36,-35
107000295,32,16,16
107000296,1,31,-30
107000444,291,9,282
107000496,6,16,-10
107000497,1435,2151,-716
107000500,447,350,97
107000501,166,190,-24
107000502,187,335,-148
107000505,330,815,-485
107000506,2,153,-151
107000508,13,516,-503
107000509,296,837,-541
107000510,36,46,-10
107000514,114,397,-283
107000515,20,163,-143
107000516,460,310,150
107000518,1140,1779,-639
107000519,1707,869,838
107000520,78,60,18
107900001,97,147,-50
107900002,101,11,90
107900003,590,26,564
107900004,141,3,138
107900005,1727,9,1718
107900006,251,4,247
107900007,513,48,465
107900008,241,36,205
107900009,161,24,137
107900010,68,4,64
107900012,263,76,187
107900013,332,44,288
107900014,66,13,53
107900015,1272,15,1257
107900016,611,135,476
107900017,34,4,30
107900018,92,242,-150
107900019,33,56,-23
107900020,108,28,80
107900021,112,136,-24
107900023,6,5,1
107900024,0,34,-34
107900025,310,279,31
107900026,137,47,90
107900027,31,54,-23
107900028,161,73,88
107900030,225,42,183
107900031,87,87,0
107900032,27,8,19
107900033,47,7,40
107900034,550,20,530
107900035,1120,57,1063
107900036,107,44,63
107900037,0,28,-28
107900038,145,340,-195
107900039,48,49,-1
107900040,60,340,-280
107900041,3,6,-3
107900043,78,132,-54
107900044,14,12,2
107900045,143,48,95
107900046,236,226,10
107900047,55,37,18
107900048,241,28,213
107900049,423,1496,-1073
107900050,122,412,-290
107900051,114,71,43
107900052,37,47,-10
107900053,71,81,-10
107900055,966,391,575
107900056,161,56,105
107900057,4,0,4
107900058,27,674,-647
107900060,72,38,34
107900061,21,10,11
107900063,98,146,-48
107900064,298,190,108
107900065,286,17,269
107900066,53,10,43
107900067,0,0,0
107900068,132,930,-798
107900069,52,2373,-2321
107900070,243,88,155
107900071,18,744,-726
107900072,155,168,-13
107900073,199,77,122
107900074,671,432,239
107900076,161,49,112
107900077,131,7,124
107900078,277,70,207
107900079,15,29,-14
107900080,204,922,-718
107900081,66,89,-23
107900082,27,20,7
107900083,324,259,65
107900084,125,192,-67
107900086,51,207,-156
107900087,769,226,543
107900088,87,22,65
107900089,278,1040,-762
107900090,911,3414,-2503
107900091,197,334,-137
107900092,2075,514,1561
107900093,118,66,52
107900095,3258,2471,787
107900097,30,80,-50
107900098,60,295,-235
107900100,1058,1657,-599
107900101,993,223,770
107900102,55,11,44
107900103,52,176,-124
107900104,290,9,281
107900105,0,299,-299
107900106,7,884,-877
107900107,2059,549,1510
107900108,260,168,92
107900109,1587,17,1570
107900110,77,99,-22
107900111,9,689,-680
107900112,106,392,-286
107900113,297,80,217
107900114,216,135,81
107900115,2,38,-36
107900116,231,148,83
107900117,355,308,47
107900118,115,209,-94
107900119,124,327,-203
107900120,54,37,17
107900121,5,146,-141
107900122,0,132,-132
107900123,5,77,-72
107900124,15,38,-23
107900125,44,194,-150
107900126,11,89,-78
107900127,717,395,322
107900128,129,111,18
107900129,107,39,68
107900130,139,25,114
107900131,831,432,399
107900132,139,459,-320
107900133,3,95,-92
107900134,42,126,-84
107900135,16,116,-100
107900136,56,77,-21
107900137,155,128,27
107900138,79,63,16
107900139,67,52,15
107900140,91,50,41
107900141,56,44,12
107900142,80,854,-774
107900143,93,33,60
107900144,3,134,-131
107900145,34,140,-106
107900146,107,179,-72
107900147,64,39,25
107900148,219,128,91
107900149,1183,271,912
107900150,76,651,-575
107900151,44,74,-30
107900152,20,225,-205
107900153,179,409,-230
107900154,71,46,25
107900155,118,59,59
107900156,11,281,-270
107900157,64,52,12
107900158,1186,42,1144
107900159,45,901,-856
107900160,108,170,-62
107900161,49,122,-73
107900162,1,182,-181
107900163,80,132,-52
107900164,17,55,-38
107900165,41,178,-137
107900166,25,146,-121
107900167,43,57,-14
107900168,67,48,19
107900169,13,236,-223
107900171,7,1187,-1180
107900172,3,384,-381
107900173,29,116,-87
107900174,160,6,154
107900175,72,63,9
107900176,33,36,-3
107900177,6,346,-340
107900178,0,127,-127
107900179,45,157,-112
107900180,644,833,-189
107900181,431,281,150
107900182,3,1090,-1087
107900183,73,200,-127
107900184,83,287,-204
107900185,150,8,142
107900186,53,53,0
107900187,2,155,-153
107900188,545,163,382
107900189,27,116,-89
107900190,88,181,-93
107900191,105,124,-19
107900193,8,81,-73
107900194,225,23,202
107900195,2181,423,1758
107900196,77,150,-73
107900197,849,538,311
107900199,0,807,-807
107900201,91,82,9
107900203,26,80,-54
107900204,204,277,-73
107900205,261,399,-138
107900206,798,543,255
107900207,2,496,-494
107900208,13,505,-492
107900209,383,146,237
107900210,72,117,-45
107900213,879,703,176
107900214,31,115,-84
107900215,177,378,-201
107900216,126,59,67
107900217,52,153,-101
107900218,23,1600,-1577
107900219,37,87,-50
107900220,279,326,-47
107900221,173,184,-11
107900223,155,620,-465
107900224,129,438,-309
107900225,8,625,-617
107900226,83,106,-23
107900227,126,391,-265
107900228,32,102,-70
107900229,1,147,-146
107900230,11,114,-103
107900231,29,274,-245
107900232,96,137,-41
107900233,23,178,-155
107900234,134,78,56
107900235,55,144,-89
107900236,136,55,81
107900237,57,316,-259
107900238,43,131,-88
107900239,711,548,163
107900240,53,92,-39
107900241,30,86,-56
107900242,40,186,-146
107900243,3,65,-62
107900244,390,10,380
107900245,885,41,844
107900246,493,39,454
107900248,455,368,87
107900249,1056,62,994
107900250,3,481,-478
107900251,53,1137,-1084
107900252,1129,37,1092
107900253,274,9,265
107900254,57,347,-290
107900255,378,165,213
107900256,1235,1881,-646
107900257,360,150,210
107900258,131,183,-52
107900259,105,2770,-2665
107900261,18,461,-443
107900262,69,121,-52
107900264,598,6,592
107900265,146,148,-2
107900267,285,18,267
107900268,24,10,14
107900269,0,15,-15
107900270,2,0,2
107900271,1,27,-26
107900272,103,37,66
107900273,56,104,-48
107900274,163,0,163
107900275,52,3,49
107900276,1,104,-103
107900277,0,142,-142
107900278,343,381,-38
107900279,87,232,-145
107900280,2497,2030,467
107900281,1296,3600,-2304
107900282,59,623,-564
107900283,1051,815,236
107900284,549,535,14
107900285,139,81,58
107900286,154,92,62
107900287,303,211,92
107900290,1,146,-145
107900291,628,34,594
107900292,165,190,-25
107900293,70,331,-261
107900295,47,39,8
107900297,1,334,-333
107900298,757,759,-2
107900299,2421,2434,-13
107900300,124,310,-186
107900301,687,865,-178
107900302,141,56,85
107900303,264,342,-78
107900304,519,408,111
107900305,411,23,388
107900306,18,48,-30
107900307,37,230,-193
107900308,147,163,-16
107900309,113,2,111
107900310,948,5,943
107900311,11,394,-383
107900312,116,2,114
107900313,3,136,-133
107900314,1,50,-49
107900315,0,46,-46
107900316,60,2,58
107900317,119,35,84
107900318,20,124,-104
107900319,12,178,-166
107900320,2,134,-132
107900321,145,17,128
107900322,1,102,-101
107900323,10,138,-128
107900324,179,12,167
107900325,82,1,81
107900326,537,213,324
107900327,0,96,-96
107900328,87,2,85
107900329,161,146,15
107900330,9,337,-328
107900331,318,22,296
107900332,291,48,243
107900333,78,21,57
107900334,27,155,-128
107900335,147,39,108
107900336,49,69,-20
107900337,894,842,52
107900338,2,163,-161
107900339,4,23,-19
107900340,3,69,-66
107900341,74,1,73
107900342,127,91,36
107900343,88,7,81
107900344,4,103,-99
107900345,146,42,104
107900346,36,2,34
107900347,24,6,18
107900348,8,7,1
107900349,42,10,32
107900350,24,246,-222
108000001,3579,4072,-493
108000002,1983,2564,-581
108000003,3992,4111,-119
108000004,12134,14028,-1894
108000005,9072,7053,2019
108000006,8220,7247,973
108000007,5874,4556,1318
108000008,4662,5825,-1163
108000009,4454,5164,-710
108000010,3140,4295,-1155
108000011,13821,13194,627
108000012,15540,14430,1110
108000014,903,915,-12
108000015,892,343,549
108000016,327,624,-297
108000017,1319,513,806
108000018,2206,825,1381
108000019,2532,1130,1402
108000020,1539,610,929
108000021,384,1801,-1417
108000022,523,1271,-748
108000023,1523,302,1221
108000024,367,513,-146
108000025,335,292,43
108000026,758,389,369
108000027,893,416,477
108000028,680,260,420
108000029,659,477,182
108000030,771,217,554
108000031,311,684,-373
108000032,1873,795,1078
108000033,857,923,-66
108000034,1960,686,1274
108000035,851,2082,-1231
108000036,437,977,-540
108000037,2093,501,1592
108000038,3011,698,2313
108000039,620,1690,-1070
108000040,2343,1060,1283
108000041,641,2113,-1472
108000042,418,231,187
108000043,203,287,-84
108000044,655,178,477
108000045,373,425,-52
108000046,1891,369,1522
108000047,524,876,-352
108000048,248,307,-59
108000049,1345,352,993
108000050,132,360,-228
108000051,442,152,290
108000052,249,586,-337
108000053,569,265,304
108000054,609,1185,-576
108000055,1395,768,627
108000056,981,1420,-439
108000057,787,1423,-636
108000058,2240,4101,-1861
108000059,3134,2130,1004
108000060,244,486,-242
108000061,169,232,-63
108000062,1113,694,419
108000063,638,499,139
108000064,285,281,4
108000065,624,542,82
108000066,1556,858,698
108000067,2018,699,1319
108000068,799,409,390
108000069,282,927,-645
108000070,2437,943,1494
108000071,668,1349,-681
108000072,2046,1287,759
108000073,1420,1677,-257
108000074,826,498,328
108000075,398,679,-281
108000076,965,692,273
108000077,658,632,26
108000078,2879,1544,1335
108000079,906,1284,-378
108000080,1588,658,930
108000081,637,1395,-758
108000082,1079,1708,-629
108000083,2257,1076,1181
108000084,409,1085,-676
108000085,929,500,429
108000086,869,764,105
108000087,254,2295,-2041
108000088,190,13,177
108000089,420,432,-12
108000090,620,273,347
108000091,390,357,33
108000092,170,115,55
108000093,269,441,-172
108000094,696,92,604
108000095,159,293,-134
108000096,312,171,141
108000097,159,318,-159
108000098,2012,1501,511
108000099,258,79,179
108000100,120,236,-116
108000101,1671,1491,180
108000102,1927,3549,-1622
108000106,1125,4,1121
108000107,3,996,-993
108000108,1101,62,1039
108000109,9,812,-803
108000110,253,306,-53
108000111,259,547,-288
108000112,65,141,-76
108000113,476,296,180
108000115,399,273,126
108000117,733,399,334
108000118,88,260,-172
108000119,652,369,283
108000120,188,785,-597
108000121,246,452,-206
108000122,650,339,311
108000123,1010,273,737
108000124,390,431,-41
108000125,519,294,225
108000126,170,397,-227
108000127,624,306,318
108000128,647,408,239
108000129,300,811,-511
108000130,630,245,385
108000131,953,591,362
108000132,1992,1175,817
108000133,1005,554,451
108000134,494,489,5
108000135,1290,507,783
108000136,344,868,-524
108000137,596,334,262
108000138,514,873,-359
108000139,630,328,302
108000140,126,45,81
108000141,32,61,-29
108000142,70,59,11
108000143,42,32,10
108000144,63,15,48
108000145,46,15,31
108000146,113,28,85
108000147,49,32,17
108000148,100,37,63
108000149,23,12,11
108000150,45,14,31
108000151,21,21,0
108000152,116,479,-363
108000153,622,141,481
108000154,67,2,65
108000155,18,17,1
108000156,244,88,156
108000157,285,1202,-917
108000158,70,855,-785
108000159,482,254,228
108000160,2545,1305,1240
108000161,2474,3555,-1081
108000165,4,281,-277
108000172,5,349,-344
108000173,1490,2337,-847
108000175,330,123,207
108000178,481,404,77
108000179,216,1070,-854
108000181,74,20,54
108000182,105,11,94
108000183,31,16,15
108000184,1014,2474,-1460
108000185,282,473,-191
108000186,273,76,197
108000187,151,474,-323
108000188,855,294,561
108000189,543,1726,-1183
108000190,53,153,-100
108000192,186,469,-283
108000193,932,59,873
108000194,55,8,47
108000195,2,908,-906
108000196,296,184,112
108000198,551,259,292
108000199,0,224,-224
108000200,696,525,171
108000202,0,271,-271
108000203,149,565,-416
108000204,183,111,72
108000205,299,435,-136
108000339,1421,393,1028
108000364,136,341,-205
108000365,78,318,-240
108000367,212,359,-147
108000368,8,56,-48
108000369,872,361,511
108000371,4,694,-690
108000372,735,4,731
108000373,277,213,64
108000376,116,53,63
108000377,560,262,298
108000378,10120,11769,-1649
108000379,36,274,-238
108000381,98,9,89
108000382,123,0,123
108000383,0,120,-120
108900001,80,845,-765
108900002,236,74,162
108900003,361,614,-253
108900004,253,473,-220
108900005,87,460,-373
108900006,907,199,708
108900007,408,251,157
108900008,176,131,45
108900009,97,129,-32
108900010,320,158,162
108900011,717,366,351
108900012,436,419,17
108900013,221,217,4
108900014,15,120,-105
108900015,1,184,-183
108900016,5,266,-261
108900017,259,605,-346
108900018,175,457,-282
108900019,74,816,-742
108900020,61,176,-115
108900021,189,222,-33
108900022,234,13,221
108900023,12,52,-40
108900024,46,156,-110
108900025,117,95,22
108900026,28,145,-117
108900027,1,70,-69
108900028,95,243,-148
108900029,60,244,-184
108900030,1,76,-75
108900031,160,266,-106
108900032,16,203,-187
108900033,2,97,-95
108900034,0,156,-156
108900035,406,1048,-642
108900036,244,275,-31
108900037,94,323,-229
108900038,0,309,-309
108900039,2,343,-341
108900040,25,102,-77
108900041,4904,3978,926
108900042,17,450,-433
108900043,126,481,-355
108900044,1,362,-361
108900045,104,434,-330
108900046,43,618,-575
108900047,0,52,-52
108900048,96,705,-609
108900049,2383,1502,881
108900050,3,154,-151
108900051,0,118,-118
108900052,60,174,-114
108900053,96,225,-129
108900054,109,231,-122
108900055,59,365,-306
108900056,2,128,-126
108900057,2,153,-151
108900058,50,323,-273
108900059,588,65,523
108900060,153,134,19
108900061,92,43,49
108900062,3,210,-207
108900063,25,222,-197
108900064,332,56,276
108900065,10,192,-182
108900066,578,137,441
108900067,40,161,-121
108900068,2,75,-73
108900069,81,104,-23
108900070,50,90,-40
108900071,153,53,100
108900072,2123,918,1205
108900073,8,76,-68
108900074,283,243,40
108900075,57,42,15
108900076,524,94,430
108900077,114,101,13
108900078,45,114,-69
108900079,737,206,531
108900080,63,1009,-946
108900081,80,227,-147
108900082,114,111,3
108900083,45,333,-288
108900084,369,178,191
108900085,1940,204,1736
108900086,183,196,-13
108900087,75,176,-101
108900088,1120,490,630
108900089,49,214,-165
108900090,115,247,-132
108900091,118,61,57
108900092,746,393,353
108900093,220,133,87
108900094,264,99,165
108900095,57,301,-244
108900096,292,10,282
108900097,341,205,136
108900098,1884,1012,872
108900099,516,217,299
108900100,132,121,11
108900101,258,246,12
108900102,111,1396,-1285
108900103,131,113,18
108900104,149,391,-242
108900105,7,1531,-1524
108900106,578,304,274
108900108,416,56,360
108900109,52,40,12
108900110,276,354,-78
108900111,538,463,75
108900112,399,43,356
108900113,56,80,-24
108900114,0,7,-7
108900115,110,100,10
108900116,157,17,140
108900117,192,27,165
108900118,761,24,737
108900119,341,30,311
108900120,162,209,-47
108900121,418,140,278
108900122,150,31,119
108900123,183,130,53
108900124,583,247,336
108900125,567,9,558
108900126,132,80,52
108900127,219,33,186
108900128,146,29,117
108900129,993,187,806
108900130,505,8,497
108900131,486,18,468
108900132,782,206,576
108900133,387,94,293
108900134,407,289,118
108900135,175,12,163
108900136,69,1,68
108900137,187,2,185
108900138,876,101,775
108900139,764,161,603
108900140,274,173,101
108900141,486,17,469
108900142,161,8,153
108900143,90,2,88
108900144,174,1,173
108900145,215,13,202
108900146,108,0,108
108900147,290,0,290
108900148,133,43,90
108900149,699,285,414
108900150,313,14,299
108900151,140,17,123
108900152,389,98,291
108900153,242,328,-86
108900154,5356,429,4927
108900155,271,108,163
108900156,97,20,77
108900157,64,399,-335
108900158,544,68,476
108900159,6,211,-205
108900160,19,200,-181
108900161,18,328,-310
108900162,158,5,153
108900163,6,286,-280
108900164,52,68,-16
108900165,118,96,22
108900167,1555,7581,-6026
108900168,5955,2750,3205
108900169,63,124,-61
108900171,6131,3543,2588
108900172,269,37,232
108900173,214,369,-155
108900174,769,486,283
108900176,156,355,-199
108900177,4299,6802,-2503
108900178,3451,4449,-998
108900179,645,2142,-1497
108900180,131,295,-164
108900182,76,380,-304
108900183,237,277,-40
108900184,528,294,234
108900185,123,553,-430
108900186,150,400,-250
108900187,539,71,468
108900188,743,115,628
108900189,535,188,347
108900190,48,2143,-2095
108900191,227,62,165
108900192,125,205,-80
108900193,182,89,93
108900194,43,456,-413
108900195,192,243,-51
108900196,54,385,-331
108900198,3,337,-334
108900199,320,383,-63
108900200,686,440,246
108900201,490,1447,-957
108900203,609,145,464
108900204,548,36,512
108900205,240,45,195
108900206,851,109,742
108900207,285,125,160
108900208,26,326,-300
108900209,209,534,-325
108900210,210,238,-28
108900211,259,579,-320
108900212,573,1665,-1092
108900215,97,367,-270
108900216,521,238,283
108900217,155,1,154
108900218,204,21,183
108900219,95,4,91
108900220,92,24,68
108900221,64,197,-133
108900222,351,23,328
108900223,31,154,-123
108900224,66,255,-189
108900225,1,217,-216
108900226,366,31,335
108900227,191,522,-331
108900230,217,227,-10
108900231,59,197,-138
108900232,0,236,-236
108900233,648,142,506
108900234,396,200,196
108900235,207,628,-421
108900236,78,536,-458
108900237,97,227,-130
108900240,227,136,91
108900241,74,57,17
108900245,29,1931,-1902
108900249,200,67,133
108900250,292,144,148
108900257,331,466,-135
108900258,10,209,-199
108900259,116,62,54
108900260,22,72,-50
108900261,73,127,-54
108900262,143,176,-33
108900263,62,176,-114
108900264,511,336,175
108900265,1064,520,544
108900266,692,774,-82
108900267,11,140,-129
108900268,16,20,-4
108900269,141,19,122
108900270,100,15,85
108900271,76,13,63
108900272,291,20,271
108900273,748,924,-176
108900274,48,50,-2
109000001,2715,1608,1107
109000002,1111,1695,-584
109000003,2950,475,2475
109000004,451,1909,-1458
109000005,2491,633,1858
109000006,670,1856,-1186
109000007,1789,668,1121
109000008,572,1675,-1103
109000009,4112,1321,2791
109000010,1318,3242,-1924
109000011,3851,2649,1202
109000012,1833,3095,-1262
109000013,4453,3677,776
109000014,2199,3181,-982
109000015,4446,8167,-3721
109000016,5560,3262,2298
109000017,2869,1407,1462
109000018,912,2572,-1660
109000019,2865,1291,1574
109000020,953,1723,-770
109000023,322,43,279
109000024,8,219,-211
109000025,400,573,-173
109000026,662,376,286
109000027,108,310,-202
109000028,163,99,64
109000029,139,279,-140
109000030,80,530,-450
109000031,292,199,93
109000032,137,479,-342
109000033,408,224,184
109000034,105,63,42
109000035,18,93,-75
109000036,118,323,-205
109000037,385,1841,-1456
109000038,603,504,99
109000039,1231,1154,77
109000040,5071,10913,-5842
109000041,2579,2062,517
109000042,571,1412,-841
109000044,432,64,368
109000045,112,319,-207
109000046,391,91,300
109000047,66,480,-414
109000048,996,370,626
109000049,395,709,-314
109000050,463,390,73
109000051,351,315,36
109000052,715,882,-167
109000053,296,130,166
109000054,450,510,-60
109000055,277,532,-255
109000056,450,538,-88
109000057,1059,630,429
109000058,957,365,592
109000059,733,1767,-1034
109000060,500,446,54
109000061,839,1544,-705
109000062,154,460,-306
109000063,312,192,120
109000064,380,219,161
109000065,166,248,-82
109000066,524,102,422
109000067,126,311,-185
109000068,2080,14,2066
109000069,1001,39,962
109000070,5,1310,-1305
109000071,465,126,339
109000072,119,308,-189
109000073,52,113,-61
109000074,20,173,-153
109000075,113,365,-252
109000076,111,306,-195
109000077,387,252,135
109000078,112,217,-105
109000079,167,136,31
109000080,279,119,160
109000081,209,419,-210
109000082,675,243,432
109000083,300,585,-285
109000088,140,473,-333
109000089,339,93,246
109000090,158,413,-255
109000091,321,283,38
109000092,385,491,-106
109000093,323,273,50
109000094,728,2,726
109000095,140,345,-205
109000096,865,271,594
109000097,91,112,-21
109000098,65,170,-105
109000099,1225,356,869
109000100,321,533,-212
109000101,2181,798,1383
109000102,496,838,-342
109000103,612,633,-21
109000104,2242,615,1627
109000105,537,1261,-724
109000106,2414,961,1453
109000107,693,1952,-1259
109000108,2071,714,1357
109000109,515,1594,-1079
109000110,1680,648,1032
109000111,1056,1816,-760
109000112,458,140,318
109000113,436,251,185
109000114,282,412,-130
109000115,1427,42,1385
109000116,15,265,-250
109000117,319,59,260
109000118,8,299,-291
109000119,1836,285,1551
109000120,232,797,-565
109000121,687,62,625
109000122,149,632,-483
109000123,15,37,-22
109000124,753,375,378
109000125,951,357,594
109000126,528,808,-280
109000127,1100,239,861
109000128,564,1144,-580
109000129,2952,1111,1841
109000130,631,1498,-867
109000131,1077,746,331
109000132,879,1780,-901
109000133,371,932,-561
109000134,812,1204,-392
109000135,1419,1782,-363
109000136,328,336,-8
109000137,396,444,-48
109000138,558,368,190
109000139,649,511,138
109000140,210,351,-141
109000141,738,533,205
109000142,200,670,-470
109000143,126,96,30
109000145,138,282,-144
109000146,54,134,-80
109000148,3527,2485,1042
109000149,25,48,-23
109000150,75,314,-239
109000155,1020,686,334
109000156,977,734,243
109000158,238,333,-95
109000159,202,804,-602
109000160,1206,314,892
109000161,434,1023,-589
109000162,2488,735,1753
109000163,1199,1590,-391
109000164,1431,2202,-771
109000165,1378,565,813
109000166,845,135,710
109000167,126,468,-342
109000170,52,47,5
109000171,100,57,43
109000172,45,83,-38
109000173,27,100,-73
109000174,111,65,46
109000175,54,66,-12
109000176,418,258,160
109000177,49,126,-77
109000178,507,235,272
109000179,4660,6064,-1404
109000180,5783,4536,1247
109000181,27,36,-9
109000182,47,28,19
109000183,68,21,47
109000184,37,15,22
109000185,27,39,-12
109000188,666,1650,-984
109000189,2575,1001,1574
109000190,866,498,368
109000191,402,514,-112
109000192,592,155,437
109000193,234,238,-4
109000194,336,97,239
109000195,182,313,-131
109000196,407,109,298
109000197,246,360,-114
109000198,473,67,406
109000199,141,464,-323
109000206,267,34,233
109000207,220,57,163
109000208,128,137,-9
109000209,217,160,57
109000210,222,618,-396
109000211,835,486,349
109000214,465,333,132
109000215,152,86,66
109000216,259,346,-87
109000217,325,156,169
109000218,532,300,232
109000221,511,981,-470
109000222,1024,248,776
109000223,474,433,41
109000224,24,96,-72
109000225,92,33,59
109000226,70,186,-116
109000227,1360,1316,44
109000228,2,1184,-1182
109000231,4,280,-276
109000232,449,276,173
109000236,363,619,-256
109000241,2483,1925,558
109000242,2136,1119,1017
109000293,28,90,-62
109000361,90,270,-180
109000364,361,600,-239
109000396,5,456,-451
109000397,754,24,730
109000399,127,408,-281
109000400,103,269,-166
109000403,119,1122,-1003
109000406,283,4,279
109000407,299,156,143
109000408,0,338,-338
109000410,1361,341,1020
109000411,227,23,204
109900001,135,0,135
109900002,824,32,792
109900003,321,0,321
109900004,880,157,723
109900005,34,8,26
109900006,897,228,669
109900007,1073,451,622
109900008,0,31,-31
109900009,232,493,-261
109900010,743,21,722
109900011,93,64,29
109900012,425,242,183
109900013,516,220,296
109900014,468,66,402
109900015,529,287,242
109900016,198,35,163
109900017,213,268,-55
109900018,339,49,290
109900019,436,68,368
109900020,87,41,46
109900021,69,18,51
109900022,142,230,-88
109900023,30,16,14
109900024,41,14,27
109900025,21,57,-36
109900026,6,154,-148
109900027,65,66,-1
109900028,1048,990,58
109900029,9,247,-238
109900030,62,16,46
109900031,0,365,-365
109900032,12,294,-282
109900033,8,562,-554
109900034,68,2,66
109900035,34,41,-7
109900036,42,48,-6
109900037,36,409,-373
109900038,164,247,-83
109900039,15,1,14
109900040,55,439,-384
109900041,82,386,-304
109900042,31,636,-605
109900044,210,249,-39
109900045,196,97,99
109900046,51,94,-43
109900047,334,331,3
109900048,12,92,-80
109900049,25,49,-24
109900050,2,110,-108
109900051,0,55,-55
109900052,133,322,-189
109900053,2,233,-231
109900054,904,318,586
109900055,85,295,-210
109900056,22,224,-202
109900057,10,130,-120
109900058,0,79,-79
109900059,989,148,841
109900060,552,151,401
109900061,92,292,-200
109900062,0,161,-161
109900063,33,477,-444
109900064,539,270,269
109900065,64,137,-73
109900066,360,812,-452
109900067,0,177,-177
109900068,122,9,113
109900069,2,31,-29
109900070,55,326,-271
109900071,4,21,-17
109900072,25,188,-163
109900073,602,441,161
109900074,11,44,-33
109900075,41,83,-42
109900076,24,164,-140
109900077,38,74,-36
109900078,87,207,-120
109900080,157,288,-131
109900081,27,259,-232
109900082,54,389,-335
109900083,13,48,-35
109900084,92,152,-60
109900085,194,604,-410
109900086,214,640,-426
109900087,313,599,-286
109900089,847,228,619
109900090,543,1097,-554
109900091,454,100,354
109900092,507,59,448
109900093,1015,177,838
109900094,98,123,-25
109900095,222,236,-14
109900096,50,13,37
109900097,118,4,114
109900098,525,76,449
109900099,239,2,237
109900100,45,0,45
109900101,602,19,583
109900102,650,31,619
109900103,36,55,-19
109900104,683,583,100
109900105,562,24,538
109900106,1004,71,933
109900107,1046,61,985
109900108,91,265,-174
109900109,49,162,-113
109900110,103,339,-236
109900111,370,798,-428
109900112,346,474,-128
109900113,1067,790,277
109900114,1080,1794,-714
109900115,229,110,119
109900117,1270,178,1092
109900118,257,474,-217
109900119,639,494,145
109900120,101,36,65
109900121,540,554,-14
109900122,593,17,576
109900123,34,174,-140
109900124,79,380,-301
109900125,3,179,-176
109900126,363,98,265
109900128,395,67,328
109900130,5936,2688,3248
109900131,68,177,-109
109900132,50,167,-117
109900133,133,278,-145
109900134,123,130,-7
109900135,335,58,277
109900136,66,105,-39
109900137,217,285,-68
109900138,552,450,102
109900140,238,156,82
109900142,1716,374,1342
109900145,6,590,-584
109900146,534,61,473
109900148,36,78,-42
109900149,51,58,-7
109900150,5,85,-80
109900151,24,74,-50
109900152,1,38,-37
109900153,4,53,-49
109900154,95,0,95
109900155,134,35,99
109900157,74,183,-109
109900158,72,152,-80
109900159,129,57,72
109900160,181,62,119
109900161,270,72,198
109900162,253,146,107
109900163,796,329,467
109900164,112,228,-116
109900165,403,11,392
109900166,2,155,-153
109900167,234,478,-244
109900168,278,619,-341
109900169,309,176,133
109900170,240,1058,-818
109900171,250,94,156
109900172,281,279,2
109900173,2578,2858,-280
109900174,99,153,-54
109900175,86,92,-6
109900176,170,172,-2
109900177,57,223,-166
109900178,11,206,-195
109900179,86,26,60
109900180,9,19,-10
110000001,1044,523,521
110000002,617,811,-194
110000003,977,739,238
110000004,495,765,-270
110000005,460,2301,-1841
110000006,339,305,34
110000007,185,141,44
110000008,21,78,-57
110000009,55,30,25
110000010,40,76,-36
110000011,46,60,-14
110000012,738,369,369
110000013,57,543,-486
110000014,543,431,112
110000015,299,717,-418
110000016,299,1679,-1380
110000017,2644,259,2385
110000018,2532,415,2117
110000019,23,101,-78
110000020,805,261,544
110000021,657,506,151
110000022,1401,257,1144
110000023,21,151,-130
110000024,809,442,367
110000025,449,8,441
110000026,20,336,-316
110000027,1047,1354,-307
110000028,1172,905,267
110000029,687,664,23
110000030,296,442,-146
110000031,330,406,-76
110000032,934,487,447
110000033,346,187,159
110000034,524,698,-174
110000035,1144,581,563
110000036,1053,669,384
110000037,330,447,-117
110000038,312,667,-355
110000039,694,3755,-3061
110000040,319,344,-25
110000041,329,1692,-1363
110000042,106,507,-401
110000043,928,376,552
110000044,155,614,-459
110000045,1241,124,1117
110000046,6,38,-32
110000047,100,49,51
110000048,12,68,-56
110000049,62,18,44
110000050,10,29,-19
110000051,40,10,30
110000052,41,33,8
110000053,75,11,64
110000054,193,388,-195
110000055,794,79,715
110000056,199,83,116
110000057,631,621,10
110000058,1610,528,1082
110000059,1285,525,760
110000060,1042,1164,-122
110000061,984,742,242
110000062,783,946,-163
110000063,28,157,-129
110000064,123,79,44
110000065,89,117,-28
110000066,71,55,16
110000067,136,162,-26
110000068,452,192,260
110000069,379,114,265
110000071,220,144,76
110000073,17,19,-2
110000075,17,64,-47
110000076,388,454,-66
110000077,440,1669,-1229
110000078,39,63,-24
110000080,292,633,-341
110000081,53,279,-226
110000082,40,400,-360
110000083,226,561,-335
110000084,1487,1121,366
110000085,1811,1749,62
110000086,1533,2682,-1149
110000087,24,63,-39
110000088,149,279,-130
110000089,398,150,248
110000090,359,266,93
110000091,1141,234,907
110000092,30,88,-58
110000093,72,19,53
110000094,577,278,299
110000095,335,637,-302
110000096,1886,1959,-73
110000097,1240,1579,-339
110000098,2489,799,1690
110000099,997,1652,-655
110000100,1086,474,612
110000101,35,350,-315
110000102,96,18,78
110000104,454,145,309
110000105,61,299,-238
110000106,921,467,454
110000107,271,394,-123
110000108,190,108,82
110000109,395,328,67
110000110,3334,6822,-3488
110000111,6669,3660,3009
110000112,1262,1627,-365
110000113,352,2588,-2236
110000114,240,672,-432
110000115,510,382,128
110000116,72,73,-1
110000117,296,352,-56
110000118,590,174,416
110000119,321,299,22
110000120,420,218,202
110000121,87,387,-300
110000122,515,710,-195
110000123,795,937,-142
110000124,3,851,-848
110000125,1174,19,1155
110000126,380,20,360
110000127,1243,57,1186
110000128,50,1487,-1437
110000129,3,499,-496
110000130,312,240,72
110000131,107,295,-188
110000132,2,741,-739
110000133,54,557,-503
110000134,38,345,-307
110000135,207,46,161
110000136,96,317,-221
110000137,625,639,-14
110000138,1032,645,387
110000139,1007,1097,-90
110000140,1171,752,419
110000143,650,444,206
110000144,5474,2523,2951
110000145,2108,1553,555
110000146,2824,1152,1672
110000147,650,757,-107
110000148,627,284,343
110000151,1213,1791,-578
110000152,1151,484,667
110000153,159,28,131
110000154,53,28,25
110000155,1814,4772,-2958
110000156,1158,2839,-1681
110000157,2337,2745,-408
110000160,543,311,232
110000161,280,346,-66
110000166,763,180,583
110000167,1220,570,650
110000168,1178,569,609
110000169,1080,435,645
110000170,127,93,34
110000171,694,152,542
110000172,225,867,-642
110000173,963,1117,-154
110000174,215,871,-656
110000175,1023,63,960
110000176,310,399,-89
110000177,245,1006,-761
110000178,431,1731,-1300
110000179,1031,378,653
110000180,242,217,25
110000181,527,450,77
110000182,318,126,192
110000183,8282,8790,-508
110000184,375,2773,-2398
110000185,1063,735,328
110000186,834,728,106
110000191,1315,237,1078
110000192,781,16,765
110000193,1440,13,1427
110000194,8,952,-944
110000195,579,301,278
110000196,451,307,144
110000197,147,163,-16
110000198,152,78,74
110000199,105,123,-18
110000200,1068,511,557
110000201,1178,1137,41
110000202,1606,646,960
110000203,721,740,-19
110000204,6,218,-212
110000205,193,66,127
110000206,722,1230,-508
110000207,1448,462,986
110000208,217,263,-46
110000209,146,799,-653
110000210,1437,593,844
110000211,729,633,96
110000212,606,1095,-489
110000213,300,86,214
110000214,361,151,210
110000215,224,396,-172
110000216,115,286,-171
110000217,362,202,160
110000218,260,283,-23
110000219,374,88,286
110000220,108,266,-158
110000221,382,85,297
110000222,87,202,-115
110000223,5,259,-254
110000224,39,6,33
110000225,342,689,-347
110000226,271,81,190
110000227,932,915,17
110000228,312,135,177
110000229,0,193,-193
110000230,488,621,-133
110000231,168,241,-73
110000232,239,238,1
110000233,209,232,-23
110000234,761,1031,-270
110000235,963,1228,-265
110000236,662,614,48
110000237,2055,1233,822
110000238,1245,1435,-190
110000239,2044,1238,806
110000240,1,101,-100
110000242,0,25,-25
110000243,145,147,-2
110000244,192,386,-194
110000245,42,308,-266
110000246,1023,557,466
110000247,1449,6316,-4867
110000248,2417,2099,318
110000249,91,20,71
110000250,78,192,-114
110000251,439,606,-167
110000252,317,219,98
110000253,1554,816,738
110000254,800,1413,-613
110000255,238,1078,-840
110000256,520,342,178
110000257,776,470,306
110000258,15,639,-624
110000259,183,31,152
110000260,29,295,-266
110000263,584,170,414
110000264,404,582,-178
110000265,1479,2553,-1074
110000266,2429,3907,-1478
110000267,36,226,-190
110000268,405,544,-139
110000269,23,110,-87
110000270,116,18,98
110000271,1445,353,1092
110000272,1542,1335,207
110000273,3974,2233,1741
110000274,260,1890,-1630
110000275,2302,723,1579
110000276,309,457,-148
110000277,334,472,-138
110000278,446,736,-290
110000279,968,914,54
110000280,546,550,-4
110000281,82,502,-420
110000282,386,21,365
110000283,100,178,-78
110000284,64,60,4
110000285,4,906,-902
110000286,36,0,36
110000287,78,1,77
110000288,3,140,-137
110000289,482,2133,-1651
110000290,938,595,343
110000291,5567,1511,4056
110000292,1673,5183,-3510
110000293,662,828,-166
110000294,1236,1219,17
110000295,255,1230,-975
110000296,612,429,183
110000297,3206,505,2701
110000298,196,575,-379
110000299,285,138,147
110000301,504,31,473
110000302,244,771,-527
110000303,635,16,619
110000304,173,185,-12
110000305,1541,29,1512
110000306,236,1101,-865
110000307,1911,5,1906
110000308,846,11,835
110000309,10,809,-799
110000310,905,87,818
110000311,22,692,-670
110000312,538,121,417
110000313,3162,3849,-687
110000314,1,302,-301
110000315,3376,3375,1
110000316,590,1562,-972
110000317,628,769,-141
110000318,16,96,-80
110000319,28,35,-7
110000320,76,65,11
110000321,49,63,-14
110000322,395,334,61
110000323,501,223,278
110000324,3426,2218,1208
110000325,2548,3383,-835
110000327,781,523,258
110000328,261,480,-219
110000333,1197,813,384
110000334,948,1595,-647
110000335,938,578,360
110000336,962,1063,-101
110000337,1788,779,1009
110000338,662,274,388
110000339,389,321,68
110000340,104,204,-100
110000341,590,511,79
110000342,625,9,616
110000343,0,20,-20
110000344,846,263,583
110000345,703,316,387
110000346,2540,2375,165
110000347,1236,837,399
110000348,28,16,12
110000349,18,22,-4
110000350,70,14,56
110000351,1154,820,334
110000352,898,1546,-648
110000353,2682,742,1940
110000354,1538,3440,-1902
110000355,131,87,44
110000356,777,7,770
110000357,520,18,502
110000361,56,47,9
110000362,71,90,-19
110000363,595,133,462
110000364,288,323,-35
110000365,208,5,203
110000366,1,108,-107
110000367,489,195,294
110000368,16,68,-52
110000369,151,2,149
110000373,7,282,-275
110000374,169,23,146
110000375,144,903,-759
110000376,64,83,-19
110000377,105,594,-489
110000378,25,367,-342
110000379,2450,2077,373
110000380,69,10,59
110000383,0,1385,-1385
110000384,1707,1271,436
110000385,3,259,-256
110000387,121,17,104
110000388,49,227,-178
110000389,931,6,925
110000391,805,280,525
110000396,192,156,36
110000397,160,160,0
110000398,4,57,-53
110000399,177,45,132
110000587,178,98,80
110000589,216,145,71
110000640,214,58,156
110000652,13,240,-227
110000653,343,468,-125
110000654,64,220,-156
110000656,1,479,-478
110000674,57,28,29
110000675,12,45,-33
110000676,10,48,-38
110000679,331,1550,-1219
110000682,132,246,-114
110000683,423,673,-250
110000684,25,117,-92
110000685,11,21,-10
110000686,1,87,-86
110000687,193,8,185
110000688,87,1189,-1102
110000689,56,35,21
110000692,52,233,-181
110000693,82,400,-318
110000694,0,161,-161
110000695,260,813,-553
110000696,96,75,21
110900001,440,27,413
110900002,443,279,164
110900003,1078,622,456
110900004,650,199,451
110900005,2304,3131,-827
110900006,68,42,26
110900007,209,42,167
110900008,18,43,-25
110900009,611,202,409
110900010,3,100,-97
110900011,37,56,-19
110900012,34,104,-70
110900013,1402,180,1222
110900014,429,24,405
110900015,498,681,-183
110900016,95,161,-66
110900017,626,47,579
110900018,548,104,444
110900019,302,31,271
110900020,174,193,-19
110900021,114,532,-418
110900022,117,305,-188
110900023,246,609,-363
110900024,36,390,-354
110900025,5,76,-71
110900027,94,262,-168
110900028,54,125,-71
110900029,38,318,-280
110900030,56,186,-130
110900031,2,167,-165
110900032,0,57,-57
110900033,68,290,-222
110900035,58,492,-434
110900036,119,30,89
110900037,112,35,77
110900038,940,208,732
110900039,16,307,-291
110900040,268,41,227
110900041,32,99,-67
110900042,177,49,128
110900043,11,109,-98
110900044,261,21,240
110900045,60,348,-288
110900046,68,258,-190
110900047,468,438,30
110900049,178,131,47
110900050,46,10,36
110900051,34,252,-218
110900052,6,187,-181
110900053,179,42,137
110900054,86,220,-134
110900055,74,7,67
110900056,78,131,-53
110900057,17,132,-115
110900058,298,187,111
110900059,633,534,99
110900060,625,204,421
110900061,23,57,-34
110900062,217,270,-53
110900063,66,338,-272
110900064,13,0,13
110900065,332,176,156
110900066,15,117,-102
110900067,331,566,-235
110900068,218,224,-6
110900069,18,32,-14
110900070,141,73,68
110900071,248,854,-606
110900073,1,30,-29
110900074,469,135,334
110900075,451,102,349
110900077,1133,617,516
110900078,66,62,4
110900079,2128,1963,165
110900080,214,93,121
110900081,7,40,-33
110900082,233,110,123
110900083,147,84,63
110900084,64,64,0
110900085,83,242,-159
110900086,116,487,-371
110900087,548,107,441
110900088,15,1,14
110900090,50,52,-2
110900091,3,69,-66
110900093,222,144,78
110900095,81,101,-20
110900097,17,15,2
110900098,43,59,-16
110900099,117,434,-317
110900100,0,23,-23
110900102,59,13,46
110900105,1397,241,1156
110900108,20,64,-44
110900111,508,314,194
110900112,1039,21,1018
110900113,438,89,349
110900115,24,72,-48
110900116,754,1410,-656
110900118,180,4112,-3932
110900119,3654,449,3205
110900120,29,34,-5
110900121,237,2,235
110900122,597,209,388
110900125,571,591,-20
110900127,886,1796,-910
110900128,279,299,-20
110900129,416,1094,-678
110900130,1050,742,308
110900131,515,71,444
110900132,568,113,455
110900133,260,186,74
110900135,103,369,-266
110900136,432,27,405
110900137,43,1,42
110900138,1041,901,140
110900139,12,188,-176
110900140,57,12,45
110900141,17,208,-191
110900142,91,188,-97
110900143,271,80,191
110900144,1,558,-557
110900145,236,69,167
110900146,295,228,67
110900147,86,391,-305
110900148,3,306,-303
110900149,3,69,-66
110900150,79,23,56
110900151,19,125,-106
110900152,54,223,-169
110900153,174,59,115
111000001,450,310,140
111000002,389,442,-53
111000003,1086,672,414
111000004,386,823,-437
111000005,1323,1038,285
111000006,871,1565,-694
111000007,4816,2683,2133
111000008,1737,3104,-1367
111000009,427,833,-406
111000010,937,337,600
111000011,288,1357,-1069
111000012,566,461,105
111000013,391,1287,-896
111000014,1284,482,802
111000017,139,1021,-882
111000018,267,398,-131
111000020,883,2282,-1399
111000021,107,162,-55
111000023,140,146,-6
111000025,4202,4457,-255
111000029,128,105,23
111000030,53,124,-71
111000031,2247,1455,792
111000032,530,405,125
111000033,291,327,-36
111000034,168,274,-106
111000037,1336,786,550
111000038,3637,2528,1109
111000039,2139,2205,-66
111000040,1986,2192,-206
111000041,1622,1529,93
111000042,2769,2326,443
111000043,2342,3790,-1448
111000044,2298,1407,891
111000045,2718,2696,22
111000046,2091,2132,-41
111000047,3132,4715,-1583
111000049,563,595,-32
111000050,1465,1096,369
111000051,662,1002,-340
111000052,676,1567,-891
111000053,467,901,-434
111000054,455,702,-247
111000055,968,1369,-401
111000056,171,421,-250
111000057,104,439,-335
111000058,464,81,383
111000059,776,303,473
111000060,4790,1002,3788
111000061,744,405,339
111000062,1027,368,659
111000063,2077,1089,988
111000064,860,646,214
111000065,1410,1000,410
111000066,666,505,161
111000067,596,562,34
111000068,749,858,-109
111000069,1947,1967,-20
111000070,1083,941,142
111000071,140,452,-312
111000072,1222,439,783
111000073,399,896,-497
111000074,1701,1687,14
111000075,1156,671,485
111000076,627,576,51
111000077,1838,1727,111
111000078,2860,1331,1529
111000079,1457,826,631
111000080,661,701,-40
111000081,1823,4210,-2387
111000082,957,568,389
111000084,970,685,285
111000085,1036,1145,-109
111000086,2760,922,1838
111000087,740,609,131
111000088,5047,2740,2307
111000089,883,824,59
111000090,925,1378,-453
111000091,972,549,423
111000092,1648,923,725
111000093,953,1244,-291
111000094,2065,1264,801
111000095,799,2442,-1643
111000096,1953,8334,-6381
111000097,4121,1419,2702
111000098,776,1091,-315
111000099,659,1621,-962
111000100,522,1419,-897
111000101,559,1101,-542
111000102,326,747,-421
111000104,766,243,523
111000107,187,772,-585
111000109,960,273,687
111000110,1807,832,975
111000111,2730,580,2150
111000112,2353,568,1785
111000113,1007,1546,-539
111000114,1837,3413,-1576
111000115,5491,1330,4161
111000116,1039,983,56
111000117,424,977,-553
111000118,1486,827,659
111000119,1314,1071,243
111000120,624,692,-68
111000121,408,748,-340
111000122,660,1058,-398
111000123,1268,2423,-1155
111000124,503,2383,-1880
111000125,279,1228,-949
111000126,80,776,-696
111000127,1136,231,905
111000128,2341,339,2002
111000129,3546,517,3029
111000130,2596,697,1899
111000131,2193,674,1519
111000132,1979,1000,979
111000133,254,217,37
111000134,221,129,92
111000135,73,207,-134
111000136,391,360,31
111000138,19,11,8
111000140,2,5,-3
111000141,200,466,-266
111000142,6,128,-122
111000143,2,184,-182
111000144,28,530,-502
111000145,789,22,767
111000146,92,8,84
111000147,312,34,278
111000148,170,80,90
111000149,5,30,-25
111000150,22,14,8
111000151,2,23,-21
111000153,606,820,-214
111000154,794,231,563
111000155,123,204,-81
111000156,536,752,-216
111000157,302,1290,-988
111000158,925,898,27
111000159,2634,868,1766
111000160,466,359,107
111000161,9,269,-260
111000162,58,111,-53
111000163,829,755,74
111000164,768,3138,-2370
111000165,1061,462,599
111000166,1710,368,1342
111000167,226,411,-185
111000168,269,453,-184
111000169,384,636,-252
111000170,506,400,106
111000171,564,654,-90
111000172,182,387,-205
111000173,374,817,-443
111000174,342,385,-43
111000175,50,285,-235
111000176,385,129,256
111000177,406,243,163
111000178,1438,311,1127
111000179,238,132,106
111000180,336,453,-117
111000181,1682,257,1425
111000182,321,185,136
111000183,438,387,51
111000184,450,262,188
111000185,462,467,-5
111000186,407,257,150
111000187,195,147,48
111000188,273,324,-51
111000189,971,553,418
111000190,273,323,-50
111000191,213,281,-68
111000192,258,436,-178
111000193,365,235,130
111000194,57,300,-243
111000195,243,359,-116
111000196,63,186,-123
111000197,523,137,386
111000198,684,168,516
111000199,251,181,70
111000200,535,355,180
111000201,773,241,532
111000202,397,192,205
111000203,392,309,83
111000204,466,1258,-792
111000213,218,474,-256
111000214,1670,1190,480
111000215,1208,1159,49
111000217,1657,871,786
111000218,1483,1156,327
111000219,498,180,318
111000220,1417,661,756
111000221,589,117,472
111000224,2,245,-243
111000225,373,135,238
111000226,118,2,116
111000227,40,6,34
111000228,32,407,-375
111000229,80,1128,-1048
111000230,285,312,-27
111000231,1091,705,386
111000232,705,903,-198
111000233,1147,723,424
111000234,160,456,-296
111000239,119,140,-21
111000240,79,219,-140
111000241,63,333,-270
111000242,248,70,178
111000243,184,472,-288
111000244,546,102,444
111000245,1285,390,895
111000246,732,315,417
111000247,449,844,-395
111000248,909,374,535
111000249,559,612,-53
111000250,54,94,-40
111000251,61,141,-80
111000253,11,14,-3
111000255,50,14,36
111000257,50,34,16
111000260,93,1154,-1061
111000261,1378,133,1245
111000271,52,293,-241
111000273,3446,1283,2163
111000274,1408,2683,-1275
111000275,168,70,98
111000276,257,1607,-1350
111000277,185,365,-180
111000278,757,281,476
111000291,759,7058,-6299
111000298,612,258,354
111000299,812,169,643
111000300,163,531,-368
111000302,381,78,303
111000303,89,178,-89
111000312,64,60,4
111000315,0,57,-57
111000320,267,653,-386
111000321,582,123,459
111000322,466,438,28
111000323,322,20,302
111000324,414,201,213
111000325,51,74,-23
111000326,217,282,-65
111000327,471,331,140
111000328,303,561,-258
111000329,1,27,-26
111000330,81,8,73
111000331,16,7,9
111000332,790,1326,-536
111000334,418,1115,-697
111000335,1122,303,819
111000337,1626,376,1250
111000338,138,119,19
111000339,833,336,497
111000340,143,500,-357
111000341,1529,770,759
111000342,200,903,-703
111000344,1139,622,517
111000345,214,76,138
111000346,15,135,-120
111000347,188,17,171
111000350,194,144,50
111000351,106,367,-261
111000352,251,183,68
111000353,153,273,-120
111000354,661,154,507
111000355,323,700,-377
111000358,158,969,-811
111000360,258,529,-271
111000361,177,227,-50
111000546,943,673,270
111000547,488,444,44
111000548,180,342,-162
111000549,361,297,64
111000550,84,1188,-1104
111000551,794,186,608
111000552,1251,206,1045
111000907,415,69,346
111000908,27,0,27
111000916,2004,330,1674
111000917,41,394,-353
111000918,277,722,-445
111000920,534,15,519
111000921,7,153,-146
111000922,746,258,488
111000924,77,669,-592
111000925,2910,1830,1080
111000926,1157,1416,-259
111000927,3049,4399,-1350
111000928,3927,2844,1083
111000929,1493,1313,180
111000930,809,1935,-1126
111000931,2454,2835,-381
111000932,3958,2042,1916
111000933,4123,2909,1214
111000934,2006,3226,-1220
111000935,1993,1029,964
111000936,1187,1953,-766
111000937,1130,1430,-300
111000938,1448,1447,1
111000939,715,46,669
111000940,598,163,435
111000941,405,465,-60
111000943,534,311,223
111000944,247,281,-34
111000945,119,1269,-1150
111001109,554,510,44
111001110,177,487,-310
111001111,79,11,68
111001112,149,44,105
111001113,3,143,-140
111001114,840,117,723
111001115,36,794,-758
111001116,4602,4475,127
111001117,605,2849,-2244
111001120,167,272,-105
111001121,185,190,-5
111001122,240,335,-95
111001123,285,64,221
111900001,29,122,-93
111900002,23,673,-650
111900003,6,319,-313
111900004,71,131,-60
111900006,23,68,-45
111900007,217,6,211
111900008,278,3,275
111900009,265,168,97
111900010,352,428,-76
111900012,65,73,-8
111900013,45,91,-46
111900014,4311,5045,-734
111900015,0,70,-70
111900016,2,101,-99
111900017,1,90,-89
111900018,255,5,250
111900019,8,148,-140
111900020,3,60,-57
111900021,38,125,-87
111900022,20,50,-30
111900023,176,115,61
111900024,1,89,-88
111900025,0,41,-41
111900026,0,48,-48
111900027,2,113,-111
111900028,13,238,-225
111900029,4,69,-65
111900030,45,425,-380
111900031,67,76,-9
111900032,4,238,-234
111900033,7,74,-67
111900034,217,398,-181
111900035,126,274,-148
111900036,3,227,-224
111900038,250,516,-266
111900039,76,344,-268
111900040,5,377,-372
111900042,68,143,-75
111900043,4,249,-245
111900044,347,237,110
111900046,55,132,-77
111900048,304,405,-101
111900049,44,221,-177
111900050,174,46,128
111900051,2,248,-246
111900052,289,427,-138
111900053,1081,2280,-1199
111900054,198,5,193
111900055,22,355,-333
111900056,217,411,-194
111900057,225,27,198
111900058,559,511,48
111900059,1561,805,756
111900060,509,1,508
111900061,15,137,-122
111900062,31,80,-49
111900063,415,314,101
111900064,110,207,-97
111900065,151,48,103
111900066,191,227,-36
111900067,4,320,-316
111900068,67,87,-20
111900069,93,40,53
111900070,214,104,110
111900071,1,245,-244
111900072,86,40,46
111900073,1120,191,929
111900074,17,244,-227
111900075,131,17,114
111900076,232,93,139
111900077,76,3,73
111900078,395,30,365
111900079,45,66,-21
111900080,269,294,-25
111900081,656,279,377
111900082,175,40,135
111900083,198,16,182
111900084,132,16,116
111900085,60,139,-79
111900086,79,13,66
111900087,74,1,73
111900088,610,17,593
111900089,152,5,147
111900090,69,59,10
111900091,369,5,364
111900092,188,0,188
111900093,497,8,489
111900094,148,0,148
111900095,345,66,279
111900096,276,5,271
111900097,98,2,96
111900098,313,3,310
111900099,75,0,75
111900100,249,10,239
111900101,165,41,124
111900102,735,425,310
111900103,110,165,-55
111900104,271,147,124
111900105,378,269,109
111900106,1108,63,1045
111900107,142,118,24
111900108,148,245,-97
111900109,443,615,-172
111900110,1690,446,1244
111900111,358,119,239
111900112,593,3521,-2928
111900113,262,88,174
111900114,175,134,41
111900115,17,25,-8
111900118,328,114,214
111900119,390,192,198
111900122,197,130,67
111900123,17,48,-31
111900124,54,111,-57
111900125,713,29,684
111900126,339,2,337
111900127,3,485,-482
111900128,1,441,-440
111900129,486,47,439
111900130,249,73,176
111900131,614,4,610
111900132,21,890,-869
111900133,12,266,-254
111900134,9,215,-206
111900135,23,69,-46
111900136,97,169,-72
111900137,93,52,41
111900138,12,74,-62
111900139,35,108,-73
111900140,179,42,137
111900141,92,32,60
111900142,146,49,97
111900143,22,140,-118
111900144,1,66,-65
111900145,0,402,-402
111900146,5,232,-227
111900147,156,359,-203
111900148,31,566,-535
111900149,6,237,-231
111900150,16,154,-138
111900151,5,39,-34
111900152,111,138,-27
111900153,1201,880,321
111900154,24,349,-325
111900155,79,118,-39
111900156,90,90,0
111900157,192,23,169
111900158,679,113,566
111900159,433,43,390
111900160,428,1,427
111900161,187,14,173
111900162,97,182,-85
111900163,77,237,-160
111900164,187,115,72
111901113,704,188,516
111901114,254,259,-5
111901115,108,8,100
111901116,52,2,50
111901117,33,42,-9
111901118,39,317,-278
111901119,600,46,554
111901120,127,157,-30
111901121,171,184,-13
111901122,10,387,-377
111901123,233,288,-55
111901124,263,4,259
111901125,468,210,258
111901126,148,74,74
111901127,624,696,-72
111901128,11,105,-94
111901129,8,166,-158
111901130,11,184,-173
111901131,3,299,-296
111901132,73,23,50
111901133,55,6,49
111901134,143,8,135
111901135,33,12,21
111901136,65,77,-12
111901137,0,33,-33
111901138,244,49,195
111901139,25,40,-15
111901140,23,98,-75
111901141,13,164,-151
111901142,6,101,-95
111901143,3,158,-155
111901144,65,49,16
111901145,279,357,-78
111901146,237,10,227
112000001,2057,827,1230
112000002,716,1945,-1229
112000003,1947,1220,727
112000004,819,791,28
112000005,3955,3792,163
112000006,1777,1746,31
112000007,4382,2639,1743
112000008,2929,3947,-1018
112000009,2997,2485,512
112000010,3437,4314,-877
112000011,1658,1545,113
112000012,5558,6924,-1366
112000013,3772,3951,-179
112000014,2728,3836,-1108
112000015,2739,4688,-1949
112000016,5809,2498,3311
112000017,3055,4454,-1399
112000024,2098,939,1159
112000026,2997,3514,-517
112000027,1022,722,300
112000028,1044,1530,-486
112000029,891,927,-36
112000030,129,101,28
112000031,1797,5924,-4127
112000032,285,79,206
112000033,2203,3753,-1550
112000034,232,96,136
112000035,76,761,-685
112000036,1276,1844,-568
112000037,1342,957,385
112000038,1954,1413,541
112000039,105,108,-3
112000040,101,245,-144
112000041,471,465,6
112000042,1080,568,512
112000050,1484,1676,-192
112000051,1317,1860,-543
112000054,1860,1747,113
112000057,893,414,479
112000058,439,784,-345
112000059,868,1133,-265
112000061,2865,2217,648
112000062,2087,1556,531
112000063,1547,2843,-1296
112000064,3968,5585,-1617
112000065,1799,2521,-722
112000066,4326,1634,2692
112000067,758,807,-49
112000068,3632,2853,779
112000069,665,1785,-1120
112000070,2386,1054,1332
112000071,1266,2677,-1411
112000072,3186,1011,2175
112000073,2146,2640,-494
112000074,1927,1385,542
112000075,1464,1459,5
112000076,3638,2986,652
112000077,834,601,233
112000078,2167,740,1427
112000079,1704,1432,272
112000080,842,782,60
112000081,1376,2389,-1013
112000082,1790,842,948
112000083,599,1165,-566
112000084,1646,708,938
112000085,1249,889,360
112000086,1798,1107,691
112000087,512,410,102
112000088,992,484,508
112000089,464,384,80
112000090,279,296,-17
112000091,700,840,-140
112000092,2419,1167,1252
112000093,1767,896,871
112000094,815,898,-83
112000095,777,742,35
112000096,813,609,204
112000097,1559,928,631
112000098,1166,1070,96
112000099,1002,2137,-1135
112000100,2555,897,1658
112000101,618,905,-287
112000102,1771,545,1226
112000103,397,917,-520
112000105,533,1248,-715
112000106,2083,510,1573
112000107,38,303,-265
112000108,225,1444,-1219
112000109,83,80,3
112000110,2187,691,1496
112000111,1094,4414,-3320
112000112,5173,805,4368
112000113,1052,1737,-685
112000114,3129,1092,2037
112000115,484,503,-19
112000116,823,1294,-471
112000117,1065,810,255
112000118,1000,780,220
112000119,467,698,-231
112000120,161,309,-148
112000121,211,427,-216
112000122,420,161,259
112000123,987,177,810
112000124,437,64,373
112000125,312,285,27
112000126,348,389,-41
112000127,2939,3319,-380
112000128,995,1019,-24
112000129,146,121,25
112000130,300,85,215
112000131,45,268,-223
112000132,191,238,-47
112000133,440,198,242
112000134,599,466,133
112000135,1941,792,1149
112000136,1212,1200,12
112000137,1696,1939,-243
112000138,1393,1221,172
112000139,1088,767,321
112000140,879,1297,-418
112000141,1149,395,754
112000142,195,532,-337
112000143,1258,223,1035
112000144,361,988,-627
112000145,2970,620,2350
112000146,517,1460,-943
112000147,2823,1894,929
112000148,1606,1917,-311
112000149,738,641,97
112000150,374,648,-274
112000151,444,341,103
112000152,434,395,39
112000153,208,272,-64
112000154,161,255,-94
112000155,226,207,19
112000157,893,747,146
112000158,446,495,-49
112000159,598,462,136
112000167,489,101,388
112000169,354,573,-219
112000173,972,284,688
112000175,565,364,201
112000176,2614,2344,270
112000177,1017,304,713
112000178,100,355,-255
112000179,299,113,186
112000180,272,379,-107
112000181,1521,1734,-213
112000182,1720,1391,329
112000183,40,46,-6
112000184,487,402,85
112000185,784,438,346
112000187,4425,2985,1440
112000195,185,19,166
112000196,207,3,204
112000197,220,177,43
112000198,47,311,-264
112000199,1083,973,110
112000202,546,5,541
112000216,84,268,-184
112000230,151,10,141
112000231,2,248,-246
112000256,77,303,-226
112000313,71,147,-76
112000314,72,34,38
112000337,646,645,1
112000352,518,500,18
112000392,2324,1557,767
112000398,1553,1026,527
112000399,1790,2625,-835
112000400,1665,2470,-805
112000401,2372,2120,252
112000402,4017,4291,-274
112000403,1862,3711,-1849
112000404,1071,1149,-78
112000405,2453,3227,-774
112000406,3046,1984,1062
112000407,8576,8810,-234
112000408,7291,5387,1904
112000409,1597,3559,-1962
112000410,627,413,214
112000411,3481,1995,1486
112000412,1727,678,1049
112000413,7380,7454,-74
112000414,106,79,27
112000415,161,86,75
112000416,3332,1524,1808
112000417,330,108,222
112000421,54,136,-82
112000422,414,325,89
112000424,2073,3246,-1173
112000425,555,700,-145
112000426,231,349,-118
112000427,3,19,-16
112000428,276,296,-20
112000429,2347,2500,-153
112000430,2571,3294,-723
112000431,107,179,-72
112000432,765,1110,-345
112000433,517,1081,-564
112000437,84,142,-58
112900001,111,4,107
112900002,595,825,-230
112900003,146,359,-213
112900004,69,273,-204
112900005,305,179,126
112900006,8,319,-311
112900007,145,271,-126
112900008,3,42,-39
112900009,481,149,332
112900010,445,804,-359
112900011,158,222,-64
112900012,6,55,-49
112900013,2,455,-453
112900014,4,336,-332
112900015,504,828,-324
112900016,4,205,-201
112900017,44,230,-186
112900018,2,182,-180
112900019,32,144,-112
112900020,453,1250,-797
112900021,5,159,-154
112900022,20,86,-66
112900023,1,116,-115
112900024,19,215,-196
112900025,182,306,-124
112900026,5,195,-190
112900027,9,886,-877
112900028,18,116,-98
112900029,20,488,-468
112900030,96,139,-43
112900031,7,359,-352
112900032,263,285,-22
112900034,5,60,-55
112900035,2,310,-308
112900036,53,132,-79
112900037,217,259,-42
112900038,877,197,680
112900039,8,278,-270
112900040,4,492,-488
112900041,1113,1726,-613
112900042,77,373,-296
112900043,35,84,-49
112900044,514,488,26
112900045,218,336,-118
112900046,198,71,127
112900047,11,22,-11
112900049,277,94,183
112900050,33,590,-557
112900051,272,630,-358
112900052,3,593,-590
112900053,393,160,233
112900054,260,76,184
112900055,186,63,123
112900056,571,283,288
112900057,16,496,-480
112900058,384,410,-26
112900059,140,223,-83
112900060,54,282,-228
112900061,81,153,-72
112900062,51,92,-41
112900063,119,21,98
112900064,257,281,-24
112900065,71,38,33
112900066,370,234,136
112900067,388,188,200
112900068,85,63,22
112900069,1664,926,738
112900071,47,9,38
112900072,143,2394,-2251
112900073,390,194,196
112900074,137,338,-201
112900075,1382,1176,206
112900076,92,48,44
112900078,436,548,-112
112900079,413,30,383
112900080,109,2,107
112900081,87,261,-174
112900082,616,32,584
112900083,160,174,-14
112900084,288,163,125
112900085,1,9,-8
112900086,104,2,102
112900087,926,139,787
112900088,193,55,138
112900089,1244,35,1209
112900090,84,44,40
112900091,324,11,313
112900092,239,436,-197
112900093,1533,35,1498
112900094,153,9,144
112900095,80,3,77
112900096,626,249,377
112900097,87,373,-286
112900098,466,7,459
112900099,1123,23,1100
112900100,75,3,72
112900101,474,5,469
112900102,246,30,216
112900103,224,5,219
112900104,29,1,28
112900105,26,0,26
112900106,467,151,316
112900107,18,1,17
112900108,75,0,75
112900109,137,2,135
112900110,1674,18,1656
112900111,811,3,808
112900112,445,1,444
112900113,0,12,-12
112900114,190,43,147
112900115,1715,3,1712
112900116,192,20,172
112900117,102,54,48
112900118,40,100,-60
112900119,292,12,280
112900120,856,373,483
112900121,99,198,-99
112900122,31,151,-120
112900123,121,32,89
112900124,25,115,-90
112900125,148,902,-754
112900126,194,192,2
112900127,456,91,365
112900128,272,718,-446
112900129,1,790,-789
112900130,319,102,217
112900131,62,231,-169
112900132,115,332,-217
112900133,25,1122,-1097
112900134,1,344,-343
112900135,132,52,80
112900136,1,28,-27
112900137,3,507,-504
112900138,6,280,-274
112900139,225,1161,-936
112900140,0,99,-99
112900141,1169,75,1094
112900142,103,276,-173
112900143,50,559,-509
112900144,0,187,-187
112900145,29,404,-375
112900146,5,1027,-1022
112900147,2,1334,-1332
112900148,81,2,79
112900149,346,640,-294
112900151,26,64,-38
112900152,3787,960,2827
112900153,1857,3007,-1150
112900154,1,114,-113
112900155,259,127,132
112900156,383,1010,-627
112900157,565,34,531
112900158,133,51,82
112900159,281,168,113
112900160,82,331,-249
112900161,141,81,60
112900162,27,30,-3
112900163,88,63,25
112900164,46,228,-182
112900165,146,29,117
112900166,37,117,-80
112900167,21,122,-101
112900168,6,3,3
112900169,11,30,-19
112900170,293,159,134
112900172,54,27,27
112900173,204,101,103
112900174,327,45,282
112900175,167,215,-48
112900176,19,104,-85
112900177,281,66,215
112900178,935,2881,-1946
112900179,48,457,-409
112900180,2514,1647,867
112900181,796,6,790
112900182,50,899,-849
112900183,223,382,-159
112900184,635,662,-27
112900185,399,829,-430
112900186,1766,1653,113
112900187,170,703,-533
112900188,724,1634,-910
112900189,21,44,-23
112900190,7,123,-116
112900192,1005,893,112
112900193,1963,513,1450
112900194,64,90,-26
112900195,1325,85,1240
112900196,328,421,-93
112900197,226,473,-247
112900199,810,526,284
112900200,757,251,506
112900201,200,97,103
112900202,479,819,-340
112900203,386,254,132
112900204,1095,704,391
112900205,19,9,10
112900206,25,88,-63
112900207,39,0,39
112900208,134,327,-193
112900209,476,301,175
112900210,1,24,-23
112900211,82,32,50
112900212,0,141,-141
112900213,64,16,48
112900214,19,17,2
112900215,24,160,-136
112900216,37,79,-42
112900217,0,57,-57
112900218,284,16,268
112900219,104,4,100
112900220,21,1,20
112900221,118,78,40
112900222,6,41,-35
112900223,1381,26,1355
112900224,511,424,87
112900225,519,306,213
112900226,451,587,-136
112900227,900,818,82
112900228,69,54,15
112900229,383,48,335
112900230,8422,4898,3524
112900232,518,376,142
112900233,63,185,-122
112900234,43,92,-49
112900235,142,35,107
112900236,441,14,427
112900237,246,238,8
112900238,2,27,-25
112900239,617,410,207
113000001,7605,5215,2390
113000002,4666,4032,634
113000003,2343,1662,681
113000004,1761,2441,-680
113000005,2373,1338,1035
113000006,1320,1470,-150
113000007,2715,1381,1334
113000008,1988,2004,-16
113000009,1499,857,642
113000010,1512,1555,-43
113000011,1032,1678,-646
113000012,2506,874,1632
113000013,1436,802,634
113000014,1654,1815,-161
113000015,429,310,119
113000016,433,1093,-660
113000017,96,393,-297
113000018,504,77,427
113000019,316,367,-51
113000020,522,101,421
113000021,1072,577,495
113000022,830,1310,-480
113000025,136,354,-218
113000026,750,700,50
113000027,713,958,-245
113000028,1050,974,76
113000029,1315,831,484
113000030,396,802,-406
113000031,333,364,-31
113000032,398,402,-4
113000033,385,560,-175
113000034,446,378,68
113000035,55,57,-2
113000036,61,119,-58
113000037,118,58,60
113000038,46,116,-70
113000039,224,329,-105
113000040,82,70,12
113000042,1007,719,288
113000051,1058,2401,-1343
113000052,2195,800,1395
113000053,623,480,143
113000054,550,809,-259
113000055,1378,577,801
113000056,1254,965,289
113000058,852,932,-80
113000059,1554,665,889
113000060,305,537,-232
113000061,510,896,-386
113000062,964,417,547
113000063,212,106,106
113000064,72,352,-280
113000065,164,805,-641
113000066,1032,104,928
113000067,2748,1289,1459
113000068,378,1190,-812
113000069,562,1146,-584
113000070,3326,1094,2232
113000071,586,679,-93
113000072,1011,576,435
113000073,480,1604,-1124
113000074,1237,487,750
113000075,2186,854,1332
113000076,593,2442,-1849
113000077,1510,903,607
113000078,860,2904,-2044
113000079,1061,999,62
113000080,768,925,-157
113000081,1276,1356,-80
113000082,1698,1102,596
113000083,668,1097,-429
113000084,1888,1537,351
113000085,1032,969,63
113000086,1265,1309,-44
113000087,1128,1090,38
113000088,2708,1649,1059
113000089,1249,1901,-652
113000090,410,685,-275
113000091,541,485,56
113000094,1620,293,1327
113000095,267,927,-660
113000096,156,912,-756
113000097,1319,517,802
113000098,212,44,168
113000099,1533,483,1050
113000100,149,526,-377
113000101,424,843,-419
113000102,872,606,266
113000103,1862,426,1436
113000104,711,1970,-1259
113000105,944,641,303
113000106,409,548,-139
113000107,986,782,204
113000108,794,1067,-273
113000109,687,1704,-1017
113000110,2050,539,1511
113000111,161,703,-542
113000112,322,341,-19
113000113,1646,486,1160
113000114,366,1915,-1549
113000116,815,322,493
113000117,1117,147,970
113000118,142,731,-589
113000119,484,447,37
113000120,76,309,-233
113000121,728,1198,-470
113000124,310,123,187
113000125,86,938,-852
113000127,2333,402,1931
113000128,771,642,129
113000129,634,916,-282
113000133,2540,2464,76
113000134,12,1269,-1257
113000135,5189,5076,113
113000137,2191,4277,-2086
113000139,590,346,244
113000140,162,330,-168
113000141,408,349,59
113000142,670,1541,-871
113000143,434,300,134
113000144,313,919,-606
113000145,108,173,-65
113000146,187,71,116
113000147,288,116,172
113000148,277,171,106
113000149,153,190,-37
113000150,781,413,368
113000151,143,79,64
113000152,58,189,-131
113000153,1681,738,943
113000154,1079,2029,-950
113000155,442,800,-358
113000156,270,460,-190
113000157,379,877,-498
113000158,850,258,592
113000159,1299,759,540
113000160,716,1179,-463
113000161,380,524,-144
113000162,1148,441,707
113000163,220,59,161
113000164,21,108,-87
113000166,213,119,94
113000167,76,100,-24
113000168,142,109,33
113000169,260,76,184
113000170,153,84,69
113000171,57,130,-73
113000172,427,91,336
113000173,82,30,52
113000174,166,395,-229
113000175,566,141,425
113000176,618,164,454
113000177,268,400,-132
113000178,270,313,-43
113000179,321,162,159
113000180,709,1080,-371
113000181,1156,909,247
113000182,196,510,-314
113000183,165,598,-433
113000184,16,154,-138
113000189,428,1294,-866
113000190,922,684,238
113000192,1125,3647,-2522
113000193,3738,2286,1452
113000194,1269,1606,-337
113000195,2343,1742,601
113000196,191,93,98
113000197,1468,1474,-6
113000198,91,310,-219
113000199,2033,608,1425
113000201,300,295,5
113000202,5130,1267,3863
113000203,161,156,5
113000204,1059,3554,-2495
113000205,13,30,-17
113000206,27,65,-38
113000207,126,31,95
113000208,72,80,-8
113000209,32,27,5
113000210,14,24,-10
113000211,167,286,-119
113000212,85,35,50
113000213,34,179,-145
113000214,209,303,-94
113000234,275,872,-597
113000410,199,260,-61
113000411,3101,4993,-1892
113000412,6115,2769,3346
113000413,2423,3818,-1395
113000414,6001,16180,-10179
113000415,2661,3442,-781
113000416,8823,4816,4007
113000417,4044,3601,443
113000418,5635,4555,1080
113000419,2521,3480,-959
113000420,5189,8018,-2829
113000421,4919,7956,-3037
113000422,13500,13184,316
113000423,2618,6522,-3904
113000424,3165,10066,-6901
113000425,12,75,-63
113000428,141,44,97
113000430,8,179,-171
113000432,2359,215,2144
113000433,71,633,-562
113000434,22,148,-126
113000435,30,538,-508
113000436,33,1077,-1044
113000437,1343,37,1306
113000438,315,19,296
113000439,20,112,-92
113000440,166,33,133
113000441,300,238,62
113000442,142,195,-53
113000443,349,317,32
113000444,216,217,-1
113000445,166,114,52
113000446,45,64,-19
113000448,263,170,93
113000449,273,673,-400
113000450,775,1940,-1165
113000451,1436,238,1198
113000452,358,367,-9
113000453,54,496,-442
113000454,510,49,461
113000455,15,470,-455
113000456,4352,3609,743
113000468,1468,235,1233
113000469,136,233,-97
113000470,504,19,485
113000471,16,350,-334
113000472,97,359,-262
113000474,807,634,173
113000475,1638,1939,-301
113000476,1692,1946,-254
113000477,3799,2016,1783
113000478,3907,4754,-847
113000479,114,185,-71
113000480,178,321,-143
113000481,0,5,-5
113000482,0,0,0
113000483,0,0,0
113000484,0,0,0
113000485,0,0,0
113000486,0,0,0
113000487,2,2,0
113000488,0,0,0
113000489,0,9,-9
113000490,0,36,-36
113000491,11,16,-5
113000492,1,3,-2
113000493,0,0,0
113000495,161,171,-10
113000496,162,104,58
113000497,0,0,0
113000499,0,0,0
113000500,0,1,-1
113900001,6,385,-379
113900002,2,68,-66
113900003,0,76,-76
113900004,3,76,-73
113900005,1,99,-98
113900006,1,16,-15
113900007,53,19,34
113900008,48,1,47
113900009,95,2,93
113900010,73,0,73
113900011,61,1,60
113900012,19,1,18
113900013,215,6,209
113900014,698,4,694
113900015,1,84,-83
113900016,35,0,35
113900017,2,73,-71
113900018,474,302,172
113900019,177,91,86
113900020,209,1,208
113900022,36,1,35
113900023,37,0,37
113900024,51,55,-4
113900025,415,39,376
113900026,115,1,114
113900027,16,49,-33
113900028,54,428,-374
113900029,66,184,-118
113900030,283,0,283
113900031,17,0,17
113900032,49,1,48
113900033,70,111,-41
113900035,86,0,86
113900036,37,85,-48
113900037,249,406,-157
113900038,38,117,-79
113900039,198,33,165
113900040,16,15,1
113900041,14,10,4
113900042,86,101,-15
113900043,221,177,44
113900044,250,345,-95
113900045,184,5,179
113900046,419,777,-358
113900047,78,116,-38
113900048,161,148,13
113900049,548,371,177
113900050,313,429,-116
113900051,284,390,-106
113900052,194,207,-13
113900053,790,623,167
113900054,43,3,40
113900055,107,451,-344
113900056,70,263,-193
113900057,18,62,-44
113900058,120,171,-51
113900059,291,346,-55
113900060,150,298,-148
113900061,978,303,675
113900062,120,30,90
113900063,160,165,-5
113900064,14,106,-92
113900065,502,25,477
113900066,489,323,166
113900067,222,470,-248
113900068,663,550,113
113900069,108,59,49
113900070,179,651,-472
113900071,84,68,16
113900072,86,154,-68
113900073,345,439,-94
113900074,336,1141,-805
113900075,1307,1427,-120
113900076,410,29,381
113900077,90,202,-112
113900078,58,59,-1
113900079,2,47,-45
113900080,599,274,325
113900081,99,219,-120
113900082,142,276,-134
113900083,483,397,86
113900084,317,90,227
113900085,51,286,-235
113900086,77,37,40
113900087,125,199,-74
113900088,89,115,-26
113900089,555,64,491
113900090,818,432,386
113900091,24,20,4
113900092,51,111,-60
113900093,106,958,-852
113900094,635,490,145
113900095,202,141,61
113900096,423,88,335
113900097,42,120,-78
113900098,815,103,712
113900099,0,46,-46
113900100,0,2,-2
113900101,18,97,-79
113900102,199,193,6
113900103,360,372,-12
113900104,163,249,-86
113900105,183,213,-30
113900106,1,77,-76
113900107,1,20,-19
113900108,242,367,-125
113900109,482,219,263
113900110,119,18,101
113900111,211,123,88
113900112,144,75,69
113900113,1208,524,684
113900114,1,62,-61
113900115,1,97,-96
113900116,174,199,-25
113900117,183,29,154
113900118,236,498,-262
113900119,229,658,-429
113900120,82,71,11
113900121,90,94,-4
113900122,521,2457,-1936
113900123,599,214,385
113900124,1,99,-98
113900125,1040,149,891
113900126,163,73,90
113900127,354,980,-626
113900128,183,104,79
113900129,19,180,-161
113900130,2,116,-114
113900131,406,93,313
113900132,75,76,-1
113900133,16,68,-52
113900135,416,392,24
113900136,171,90,81
113900137,409,234,175
113900138,79,453,-374
113900139,385,213,172
113900140,295,537,-242
113900141,699,334,365
113900142,202,77,125
113900143,13,53,-40
113900144,242,339,-97
113900145,522,189,333
113900146,224,69,155
113900148,150,340,-190
113900149,220,115,105
113900150,613,671,-58
113900151,552,236,316
113900152,42,76,-34
113900153,279,715,-436
113900154,8,175,-167
113900155,209,227,-18
113900156,225,439,-214
113900157,73,376,-303
113900158,493,664,-171
113900159,25,266,-241
113900160,642,594,48
113900161,73,258,-185
113900162,525,1244,-719
113900163,363,258,105
113900164,348,51,297
113900165,827,520,307
113900166,207,259,-52
113900167,304,75,229
113900168,156,94,62
113900169,320,376,-56
113900171,265,126,139
113900172,8,208,-200
113900173,52,483,-431
113900174,566,687,-121
113900175,452,160,292
113900176,504,486,18
113900177,367,209,158
113900178,576,170,406
113900179,32,379,-347
113900180,168,95,73
113900181,1059,187,872
113900182,845,1058,-213
113900183,63,95,-32
113900184,11,429,-418
113900185,206,106,100
113900186,93,61,32
113900187,58,123,-65
113900188,73,249,-176
113900189,317,147,170
113900190,339,119,220
113900191,163,378,-215
113900192,9,741,-732
113900193,24,161,-137
113900194,1551,892,659
113900195,305,421,-116
113900196,23,185,-162
113900197,0,133,-133
113900198,33,246,-213
113900199,178,727,-549
113900200,33,328,-295
113900201,1,136,-135
113900202,75,323,-248
113900203,0,81,-81
113900204,55,510,-455
113900205,8,226,-218
113900206,11,205,-194
113900207,5,130,-125
113900208,2,66,-64
113900209,0,99,-99
113900210,685,1044,-359
113900211,257,76,181
113900212,254,428,-174
113900214,486,610,-124
113900215,290,145,145
113900216,186,813,-627
113900217,91,205,-114
113900218,193,89,104
113900219,132,621,-489
113900220,236,178,58
113900221,563,317,246
113900222,259,657,-398
113900223,221,855,-634
113900224,129,67,62
113900225,1180,306,874
113900226,548,184,364
113900227,639,278,361
113900228,310,800,-490
113900229,94,955,-861
113900230,4739,4783,-44
113900231,212,182,30
113900232,130,97,33
113900233,160,99,61
113900234,441,561,-120
113900235,198,64,134
113900236,205,227,-22
113900237,395,25,370
113900238,300,677,-377
113900239,87,110,-23
113900240,10,228,-218
113900241,124,81,43
113900242,67,164,-97
113900243,123,389,-266
113900244,358,251,107
113900245,1290,388,902
113900246,16,27,-11
113900247,164,520,-356
113900248,2877,2291,586
113900249,761,476,285
113900250,85,201,-116
113900251,888,135,753
113900252,707,22,685
113900253,800,95,705
113900254,1047,187,860
113900255,596,17,579
113900256,461,46,415
113900257,32,460,-428
113900258,26,417,-391
113900259,669,149,520
113900260,287,10,277
113900261,59,82,-23
113900262,158,514,-356
113900263,209,598,-389
113900264,1,364,-363
113900265,218,442,-224
113900266,36,187,-151
113900267,112,652,-540
113900268,378,466,-88
113900269,87,160,-73
113900270,251,805,-554
113900271,781,1013,-232
113900273,62,19,43
113900274,98,40,58
113900275,35,80,-45
113900276,8,126,-118
113900277,159,8,151
113900278,306,215,91
113900279,82,94,-12
113900280,1589,706,883
113900281,645,1441,-796
113900282,1000,759,241
113900283,539,602,-63
113900284,935,343,592
113900285,162,43,119
113900286,130,136,-6
113900287,90,50,40
113900288,5,148,-143
113900289,1045,114,931
113900290,288,358,-70
113900291,115,193,-78
113900292,12,11,1
113900293,4,290,-286
113900294,548,18,530
113900295,605,625,-20
113900296,2176,460,1716
113900297,2458,58,2400
113900298,23,1626,-1603
113900299,128,110,18
113900300,5199,4705,494
113900301,934,569,365
113900302,2185,1176,1009
113900303,502,687,-185
113900304,1,134,-133
113900305,165,0,165
113900306,104,0,104
113900307,30,2,28
113900308,125,141,-16
113900309,1,659,-658
113900310,0,7,-7
113900311,11,1,10
113900312,190,248,-58
113900313,24,10,14
114000001,1189,2494,-1305
114000002,447,388,59
114000003,65,386,-321
114000004,460,519,-59
114000005,433,317,116
114000006,3164,2559,605
114000007,739,1363,-624
114000008,1581,2361,-780
114000009,999,332,667
114000011,2988,2281,707
114000012,3009,1593,1416
114000013,2127,1462,665
114000014,560,312,248
114000015,2416,464,1952
114000016,285,264,21
114000017,175,501,-326
114000018,254,37,217
114000026,2253,1320,933
114000027,3875,2079,1796
114000028,2742,2962,-220
114000038,357,205,152
114000039,162,58,104
114000040,168,302,-134
114000042,262,167,95
114000043,72,92,-20
114000044,328,55,273
114000045,43,107,-64
114000046,3971,5929,-1958
114000047,19,101,-82
114000048,110,77,33
114000049,1832,2040,-208
114000050,2005,3039,-1034
114000051,3758,2711,1047
114000052,4575,2669,1906
114000053,137,971,-834
114000054,268,1077,-809
114000055,247,56,191
114000056,1051,1140,-89
114000057,4945,2523,2422
114000058,636,1952,-1316
114000059,349,355,-6
114000060,698,973,-275
114000061,3477,4073,-596
114000062,2366,2478,-112
114000063,2275,1831,444
114000064,5473,4224,1249
114000065,1615,2691,-1076
114000066,604,753,-149
114000067,41,979,-938
114000068,716,857,-141
114000069,1294,800,494
114000070,2459,2029,430
114000071,934,673,261
114000072,553,276,277
114000073,19,80,-61
114000074,83,24,59
114000075,98,100,-2
114000076,49,122,-73
114000077,9,39,-30
114000078,401,727,-326
114000079,219,25,194
114000080,70,137,-67
114000081,98,100,-2
114000082,51,409,-358
114000083,122,262,-140
114000084,522,100,422
114000085,96,660,-564
114000086,298,386,-88
114000087,165,181,-16
114000088,46,29,17
114000089,931,418,513
114000090,1075,1129,-54
114000091,1661,1175,486
114000092,1106,683,423
114000093,1784,941,843
114000094,412,550,-138
114000095,384,216,168
114000096,192,482,-290
114000097,124,520,-396
114000098,681,119,562
114000099,859,502,357
114000100,1919,606,1313
114000101,537,680,-143
114000102,769,310,459
114000103,224,346,-122
114000104,146,229,-83
114000105,302,151,151
114000106,961,1587,-626
114000107,650,145,505
114000108,1225,1028,197
114000109,731,1153,-422
114000110,698,1284,-586
114000111,2545,1005,1540
114000112,530,1611,-1081
114000113,1268,718,550
114000114,1385,1331,54
114000115,2530,1224,1306
114000116,1208,802,406
114000117,4132,521,3611
114000118,3043,615,2428
114000119,2167,564,1603
114000120,640,655,-15
114000121,539,759,-220
114000122,403,378,25
114000123,2686,409,2277
114000124,1194,333,861
114000125,861,1130,-269
114000126,2271,283,1988
114000127,362,180,182
114000128,942,374,568
114000130,525,552,-27
114000131,381,192,189
114000132,712,536,176
114000133,996,1573,-577
114000134,107,182,-75
114000138,56,179,-123
114000139,561,384,177
114000144,1153,677,476
114000145,119,215,-96
114000146,158,282,-124
114000147,1941,2280,-339
114000148,1863,1998,-135
114000149,547,370,177
114000150,511,754,-243
114000151,940,1688,-748
114000152,159,52,107
114000153,850,2868,-2018
114000154,845,916,-71
114000155,1705,2693,-988
114000156,957,887,70
114000157,320,1262,-942
114000158,1534,807,727
114000159,207,537,-330
114000160,170,528,-358
114000161,1378,3746,-2368
114000162,1423,3402,-1979
114000163,25,128,-103
114000165,711,439,272
114000166,912,549,363
114000167,3329,1835,1494
114000168,741,680,61
114000169,1740,1729,11
114000170,1236,1184,52
114000171,1981,2445,-464
114000174,258,553,-295
114000176,426,602,-176
114000177,1626,842,784
114000178,79,85,-6
114000179,1312,737,575
114000180,507,631,-124
114000181,1848,4502,-2654
114000182,2981,2681,300
114000183,892,750,142
114000184,616,1062,-446
114000185,1411,892,519
114000189,1554,211,1343
114000190,3285,500,2785
114000191,92,101,-9
114000192,257,1164,-907
114000193,571,2127,-1556
114000194,1595,696,899
114000195,202,32,170
114000196,3,195,-192
114000197,1562,18,1544
114000198,848,406,442
114000199,2128,1814,314
114000200,613,1762,-1149
114000201,191,760,-569
114000202,1280,379,901
114000203,500,512,-12
114000204,202,483,-281
114000205,240,1449,-1209
114000206,759,1353,-594
114000207,681,1637,-956
114000208,603,2300,-1697
114000209,705,1899,-1194
114000210,313,1040,-727
114000211,1041,1390,-349
114000212,871,981,-110
114000213,1474,627,847
114000214,119,239,-120
114000215,257,107,150
114000216,1816,464,1352
114000217,401,243,158
114000218,161,227,-66
114000219,1445,219,1226
114000220,33,938,-905
114000221,1058,174,884
114000222,208,1053,-845
114000223,567,171,396
114000224,87,541,-454
114000225,278,519,-241
114000226,243,274,-31
114000227,742,503,239
114000228,1091,786,305
114000229,1443,1523,-80
114000230,2243,1334,909
114000231,1464,1481,-17
114000232,1123,147,976
114000233,2555,153,2402
114000234,1163,854,309
114000235,1199,1141,58
114000236,1,348,-347
114000237,139,849,-710
114000238,137,180,-43
114000239,214,1052,-838
114000240,951,970,-19
114000241,345,828,-483
114000242,854,817,37
114000243,1569,942,627
114000244,599,315,284
114000245,405,714,-309
114000246,103,63,40
114000247,715,646,69
114000248,1426,481,945
114000249,519,424,95
114000250,680,697,-17
114000251,585,199,386
114000252,74,64,10
114000253,71,147,-76
114000254,62,100,-38
114000255,854,377,477
114000256,1471,3042,-1571
114000257,414,1298,-884
114000258,349,453,-104
114000259,126,280,-154
114000260,0,30,-30
114000261,50,39,11
114000262,511,155,356
114000263,14,2,12
114000264,1526,600,926
114000265,0,0,0
114000267,4,1780,-1776
114000268,1,1148,-1147
114000270,199,5,194
114000271,437,75,362
114000283,1512,473,1039
114000285,37,195,-158
114000288,90,349,-259
114000289,1646,160,1486
114000293,254,538,-284
114000294,197,333,-136
114000395,1470,29,1441
114000396,802,658,144
114000402,729,279,450
114000403,338,333,5
114000405,219,412,-193
114000423,436,318,118
114000424,519,312,207
114000425,1064,373,691
114000426,410,952,-542
114000427,65,91,-26
114000428,178,271,-93
114000429,12,200,-188
114000432,148,92,56
114000434,51,101,-50
114000435,7,154,-147
114000436,2526,836,1690
114000437,588,3840,-3252
114900001,987,771,216
114900002,702,129,573
114900003,981,1172,-191
114900004,268,544,-276
114900005,798,778,20
114900006,120,109,11
114900007,503,38,465
114900008,284,117,167
114900010,1977,2254,-277
114900011,286,160,126
114900013,294,167,127
114900015,113,460,-347
114900018,1048,82,966
114900020,266,99,167
114900022,7,652,-645
114900024,444,200,244
114900025,739,278,461
114900026,74,164,-90
114900027,368,314,54
114900029,35,23,12
114900030,442,300,142
114900031,469,29,440
114900032,457,28,429
114900033,951,1176,-225
114900034,63,220,-157
114900035,186,368,-182
114900036,241,580,-339
114900037,157,179,-22
114900038,190,551,-361
114900039,590,541,49
114900040,82,124,-42
114900041,906,419,487
114900042,1040,613,427
114900043,627,256,371
114900044,261,54,207
114900046,51,121,-70
114900047,249,2203,-1954
114900048,116,315,-199
114900049,20,192,-172
114900050,74,377,-303
114900051,46,360,-314
114900052,123,282,-159
114900053,159,311,-152
114900054,59,140,-81
114900057,278,12,266
114900058,0,83,-83
114900059,96,84,12
114900060,949,1060,-111
114900061,184,189,-5
114900062,306,427,-121
114900063,90,225,-135
114900064,1802,435,1367
114900065,543,766,-223
114900067,74,395,-321
114900068,67,152,-85
114900069,237,128,109
114900070,708,440,268
114900072,27,361,-334
114900073,2,157,-155
114900074,897,548,349
114900075,368,13,355
114900076,28,462,-434
114900080,1769,368,1401
114900082,3810,2638,1172
114900083,1366,1107,259
114900090,551,262,289
114900091,127,197,-70
114900095,367,125,242
114900096,522,829,-307
114900097,187,4,183
114900098,7,177,-170
114900099,335,19,316
115000001,5388,3245,2143
115000002,4235,4713,-478
115000003,5091,2763,2328
115000004,5110,6758,-1648
115000005,1684,1975,-291
115000006,1089,1709,-620
115000007,150,219,-69
115000008,488,673,-185
115000009,260,272,-12
115000010,358,230,128
115000013,87,187,-100
115000015,50,320,-270
115000016,283,398,-115
115000019,56,477,-421
115000020,153,872,-719
115000021,202,474,-272
115000022,586,420,166
115000023,554,763,-209
115000024,1114,511,603
115000025,1043,879,164
115000026,205,407,-202
115000027,379,342,37
115000028,263,769,-506
115000029,752,147,605
115000030,1042,1239,-197
115000031,1518,442,1076
115000032,9,267,-258
115000033,211,59,152
115000034,94,1142,-1048
115000035,1459,104,1355
115000036,1,462,-461
115000037,678,26,652
115000038,86,199,-113
115000039,3788,4036,-248
115000040,5554,3281,2273
115000041,1603,4206,-2603
115000042,1167,743,424
115000043,4479,2588,1891
115000044,3821,3683,138
115000045,3005,1433,1572
115000046,2937,2639,298
115000047,2798,1617,1181
115000048,1936,2111,-175
115000049,1786,2967,-1181
115000050,3331,1817,1514
115000051,1917,3236,-1319
115000052,1760,1928,-168
115000053,2148,1922,226
115000054,663,1157,-494
115000055,186,842,-656
115000056,214,429,-215
115000057,652,1379,-727
115000058,383,384,-1
115000059,156,104,52
115000061,163,226,-63
115000062,159,258,-99
115000063,443,227,216
115000064,231,94,137
115000065,78,515,-437
115000067,190,24,166
115000069,111,368,-257
115000070,28,1016,-988
115000071,129,15,114
115000072,6,77,-71
115000073,1455,70,1385
115000075,132,64,68
115000076,3675,3077,598
115000077,2605,2320,285
115000078,1691,1301,390
115000079,1538,1672,-134
115000080,3077,2237,840
115000081,492,947,-455
115000082,4741,4111,630
115000083,2265,1872,393
115000084,3122,1170,1952
115000085,895,925,-30
115000086,1473,977,496
115000087,513,1417,-904
115000088,2317,907,1410
115000089,1388,1348,40
115000090,642,968,-326
115000091,242,853,-611
115000092,810,379,431
115000093,528,0,528
115000094,6199,5900,299
115000095,4481,6678,-2197
115000096,915,1177,-262
115000097,1425,997,428
115000098,1448,732,716
115000099,3075,2210,865
115000100,1261,377,884
115000101,476,1310,-834
115000102,632,258,374
115000103,355,625,-270
115000105,79,118,-39
115000106,787,342,445
115000107,248,499,-251
115000108,2979,2308,671
115000109,4423,5440,-1017
115000110,1642,2088,-446
115000111,806,1760,-954
115000112,1041,989,52
115000113,1038,973,65
115000114,2232,852,1380
115000116,4822,3004,1818
115000117,4069,3534,535
115000118,2799,2053,746
115000119,2285,2642,-357
115000120,725,1652,-927
115000121,1303,1054,249
115000122,3438,2142,1296
115000123,1682,2973,-1291
115000124,899,1438,-539
115000125,529,794,-265
115000126,231,328,-97
115000127,372,164,208
115000128,588,848,-260
115000129,260,418,-158
115000130,507,836,-329
115000131,1130,312,818
115000132,325,438,-113
115000133,603,253,350
115000134,586,281,305
115000135,570,235,335
115000136,334,250,84
115000137,171,272,-101
115000138,425,285,140
115000139,253,261,-8
115000140,470,278,192
115000141,208,242,-34
115000142,185,217,-32
115000143,1080,585,495
115000144,498,65,433
115000145,332,291,41
115000146,553,444,109
115000147,483,429,54
115000148,358,931,-573
115000149,767,303,464
115000150,727,896,-169
115000151,1461,580,881
115000152,852,1121,-269
115000153,1441,605,836
115000154,1186,357,829
115000155,738,793,-55
115000156,1261,825,436
115000157,816,841,-25
115000158,698,485,213
115000159,798,790,8
115000160,765,719,46
115000161,603,491,112
115000162,813,1005,-192
115000163,588,743,-155
115000164,660,570,90
115000165,375,601,-226
115000167,155,64,91
115000168,629,339,290
115000169,572,442,130
115000170,165,156,9
115000171,324,250,74
115000172,1194,684,510
115000173,336,706,-370
115000174,142,322,-180
115000175,185,232,-47
115000176,208,163,45
115000177,238,339,-101
115000178,15,226,-211
115000179,18,54,-36
115000180,125,476,-351
115000181,869,136,733
115000182,1016,359,657
115000183,503,691,-188
115000186,717,319,398
115000187,187,708,-521
115000188,454,495,-41
115000189,248,465,-217
115000190,917,438,479
115000191,186,589,-403
115000194,152,211,-59
115000195,380,404,-24
115000196,222,120,102
115000197,229,258,-29
115000198,470,206,264
115000199,453,176,277
115000200,451,144,307
115000201,194,396,-202
115000206,500,89,411
115000207,212,322,-110
115000208,466,676,-210
115000209,1091,432,659
115000210,248,174,74
115000211,273,299,-26
115000212,1397,419,978
115000224,417,60,357
115000225,59,84,-25
115000229,166,200,-34
115000230,108,410,-302
115000231,261,1317,-1056
115000232,2081,332,1749
115000233,138,217,-79
115000234,44,350,-306
115000241,105,229,-124
115000242,194,250,-56
115000243,57,214,-157
115000244,18,131,-113
115000246,47,28,19
115000247,43,31,12
115000248,43,29,14
115000249,40,21,19
115000250,340,27,313
115000251,327,171,156
115000252,131,238,-107
115000253,28,482,-454
115000258,455,164,291
115000259,456,174,282
115000261,26,19,7
115000262,18,30,-12
115000263,9,44,-35
115000264,35,35,0
115000267,86,72,14
115000268,46,148,-102
115000269,133,71,62
115000270,44,32,12
115000272,86,158,-72
115000273,467,44,423
115000280,2911,393,2518
115000281,907,1022,-115
115000282,1180,1227,-47
115000284,312,181,131
115000296,854,11,843
115000297,142,407,-265
115000298,54,727,-673
115000300,226,153,73
115000302,546,149,397
115000303,958,149,809
115000304,1006,58,948
115000305,123,603,-480
115000306,272,308,-36
115000307,100,229,-129
115000308,24,18,6
115000309,15,45,-30
115000310,1266,812,454
115000311,1198,1177,21
115000313,126,529,-403
115000314,561,156,405
115000315,790,505,285
115000316,64,146,-82
115000317,190,527,-337
115000318,907,367,540
115000319,94,315,-221
115000320,15,379,-364
115000321,411,23,388
115000322,53,173,-120
115000449,300,180,120
115000557,11,1811,-1800
115000558,303,132,171
115000587,700,369,331
115000588,2145,2481,-336
115000589,3827,2505,1322
115000590,1242,1663,-421
115000591,1854,866,988
115000592,724,1838,-1114
115000593,1697,678,1019
115000594,735,2473,-1738
115000609,135,146,-11
115000617,1622,3945,-2323
115000624,366,77,289
115000633,568,2023,-1455
115000634,2974,1070,1904
115000635,610,156,454
115000638,749,604,145
115000641,56,132,-76
115000642,365,281,84
115000643,146,476,-330
115000644,140,464,-324
115000646,1073,1915,-842
115000647,235,479,-244
115000648,2389,1586,803
115000893,2491,1482,1009
115000894,182,1039,-857
115000895,273,742,-469
115000896,1024,325,699
115000897,608,192,416
115000898,780,251,529
115000899,434,1098,-664
115000900,90,302,-212
115000901,74,182,-108
115000912,489,118,371
115000913,1,27,-26
115000915,12,1,11
115000916,12,1,11
115000917,1,22,-21
115000918,124,604,-480
115000919,10,33,-23
115000920,12,61,-49
115000921,699,110,589
115000922,686,867,-181
115000923,249,1012,-763
115000925,134,103,31
115000927,34,69,-35
115000933,163,223,-60
115000934,152,184,-32
115000935,172,95,77
115000936,19,474,-455
115000937,158,66,92
115000938,18,111,-93
115000939,23,93,-70
115900001,112,28,84
115900002,124,160,-36
115900003,202,87,115
115900004,0,70,-70
115900005,239,35,204
115900006,205,314,-109
115900008,88,16,72
115900009,132,282,-150
115900010,407,154,253
115900011,812,321,491
115900012,278,68,210
115900013,449,169,280
115900014,176,158,18
115900015,185,72,113
115900016,208,44,164
115900017,33,11,22
115900018,221,61,160
115900019,543,17,526
115900020,109,5,104
115900021,1108,214,894
115900022,1255,15,1240
115900023,12,0,12
115900025,91,375,-284
115900026,1025,240,785
115900027,2,256,-254
115900028,663,75,588
115900029,32,323,-291
115900030,35,37,-2
115900031,301,401,-100
115900032,631,685,-54
115900033,0,63,-63
115900034,36,450,-414
115900035,55,16,39
115900036,56,882,-826
115900037,55,390,-335
115900038,57,22,35
115900039,214,188,26
115900041,422,793,-371
115900042,44,14,30
115900043,147,87,60
115900044,229,355,-126
115900046,370,243,127
115900047,186,248,-62
115900049,221,200,21
115900051,2,53,-51
115900052,12,224,-212
115900053,335,157,178
115900054,326,53,273
115900055,23,153,-130
115900056,306,302,4
115900057,56,28,28
115900058,45,71,-26
115900060,120,343,-223
115900061,299,3,296
115900062,42,270,-228
115900063,90,8,82
115900064,250,242,8
115900065,216,202,14
115900066,196,165,31
115900067,23,538,-515
115900068,2458,1179,1279
115900069,88,191,-103
115900070,204,153,51
115900071,0,340,-340
115900072,51,177,-126
115900073,114,89,25
115900074,2,203,-201
115900075,44,257,-213
115900076,5,64,-59
115900077,7,179,-172
115900078,123,153,-30
115900079,306,17,289
115900080,495,226,269
115900081,26,72,-46
115900082,187,159,28
115900084,681,23,658
115900085,48,44,4
115900086,1614,595,1019
115900088,23,63,-40
115900089,486,617,-131
115900090,464,16,448
115900091,14,29,-15
115900092,16,127,-111
115900093,3,31,-28
115900094,7,273,-266
115900096,4,7,-3
115900097,12,354,-342
115900098,252,330,-78
115900099,142,76,66
115900100,6,429,-423
115900101,192,223,-31
115900102,95,76,19
115900103,411,165,246
115900104,111,95,16
115900105,383,625,-242
115900106,121,24,97
115900107,109,106,3
115900108,190,70,120
115900109,73,433,-360
115900110,6,23,-17
115900111,5,83,-78
115900112,55,996,-941
115900113,89,31,58
115900114,10,115,-105
115900115,106,274,-168
115900116,95,891,-796
115900117,136,14,122
115900118,0,270,-270
115900119,164,156,8
115900120,28,318,-290
115900121,256,273,-17
115900124,375,602,-227
115900125,431,73,358
115900126,937,87,850
115900127,869,71,798
115900128,8,129,-121
115900129,1005,83,922
115900130,12,213,-201
115900131,374,38,336
115900132,715,8,707
115900134,340,8,332
115900135,350,1455,-1105
115900137,22,3,19
115900139,45,58,-13
115900140,301,34,267
115900141,10,37,-27
115900142,5,23,-18
115900143,401,514,-113
115900144,127,255,-128
115900146,19,92,-73
115900147,283,308,-25
115900148,65,10,55
115900149,150,18,132
115900150,87,34,53
115900151,7,119,-112
115900152,200,287,-87
115900153,156,234,-78
115900154,483,350,133
115900155,0,33,-33
115900156,860,1078,-218
115900157,259,499,-240
115900158,16,11,5
115900159,163,221,-58
115900160,11,5,6
115900161,147,470,-323
115900163,271,297,-26
115900164,733,34,699
115900165,5,266,-261
115900166,216,259,-43
115900168,133,183,-50
115900171,132,491,-359
115900172,80,166,-86
115900173,289,171,118
115900174,345,238,107
115900175,181,211,-30
115900178,9,439,-430
115900179,356,31,325
115900180,40,140,-100
115900181,234,129,105
115900182,475,154,321
115900183,57,43,14
115900184,1727,11,1716
115900187,18,129,-111
115900189,1,332,-331
115900190,173,1713,-1540
115900191,47,360,-313
115900192,9,159,-150
115900193,380,104,276
115900194,931,107,824
115900195,695,2494,-1799
115900198,243,376,-133
115900199,269,217,52
115900200,292,380,-88
115900201,522,347,175
115900202,3,58,-55
115900203,15,18,-3
115900204,0,6,-6
115900205,71,15,56
115900206,250,209,41
115900207,33,30,3
115900208,165,154,11
115900209,7,149,-142
115900210,4,136,-132
115900211,2,222,-220
115900212,216,319,-103
115900213,100,123,-23
115900214,569,264,305
115900215,43,204,-161
115900216,4,84,-80
115900217,3,47,-44
115900218,5,33,-28
115900219,130,14,116
115900220,221,15,206
115900221,131,12,119
115900222,71,35,36
115900223,13,490,-477
115900224,907,1414,-507
115900225,104,80,24
115900226,16,52,-36
115900227,13,70,-57
115900228,13,80,-67
115900229,15,45,-30
115900230,45,114,-69
115900231,138,7,131
115900232,63,7,56
115900233,84,19,65
115900234,64,35,29
115900235,52,44,8
115900236,95,44,51
115900237,27,49,-22
115900238,31,16,15
115900239,21,51,-30
115900240,22,61,-39
115900241,372,203,169
115900242,266,362,-96
115900243,13,16,-3
115900244,12,19,-7
115900245,61,8,53
115900246,16,10,6
115900247,27,12,15
115900248,21,11,10
115900249,9,21,-12
115900250,9,50,-41
115900251,5,14,-9
115900252,1,0,1
115900253,13,21,-8
115900254,6,20,-14
115900255,8,9,-1
115900256,31,26,5
115900257,9,19,-10
115900258,1,1,0
115900259,6,6,0
115900260,14,7,7
115900261,10,0,10
115900262,5,1,4
115900263,13,5,8
115900264,31,7,24
115900265,6,9,-3
115900266,11,22,-11
115900267,15,13,2
115900268,8,15,-7
115900269,665,470,195
115900270,483,388,95
115900271,121,0,121
115900272,34,12,22
115900273,7,36,-29
115900274,1,11,-10
115900275,1,15,-14
115900276,1,14,-13
115900277,1,36,-35
115900278,64,102,-38
115900279,16,196,-180
115900280,15,576,-561
115900281,284,291,-7
115900282,9,6,3
116000001,9983,4487,5496
116000002,5753,12563,-6810
116000003,1774,1608,166
116000004,2965,4309,-1344
116000005,2162,2991,-829
116000006,2745,3238,-493
116000007,2321,3122,-801
116000008,4137,2817,1320
116000009,1634,1806,-172
116000010,2855,1975,880
116000011,858,1664,-806
116000012,1747,1142,605
116000013,7269,4163,3106
116000014,10379,13077,-2698
116000015,353,1999,-1646
116000016,7080,4879,2201
116000017,39,868,-829
116000018,797,403,394
116000019,1454,395,1059
116000020,918,1242,-324
116000021,608,437,171
116000022,527,381,146
116000023,1529,1013,516
116000024,708,980,-272
116000025,958,1030,-72
116000026,1725,3265,-1540
116000027,731,774,-43
116000028,510,1051,-541
116000029,792,781,11
116000030,926,554,372
116000031,222,364,-142
116000032,440,198,242
116000033,475,478,-3
116000034,758,863,-105
116000035,398,702,-304
116000036,1874,1725,149
116000037,690,670,20
116000038,557,658,-101
116000039,653,635,18
116000040,1069,461,608
116000041,245,640,-395
116000042,644,395,249
116000043,113,720,-607
116000044,3,41,-38
116000045,2127,1405,722
116000046,1312,1682,-370
116000047,1839,2163,-324
116000048,2233,1769,464
116000049,1573,3363,-1790
116000050,1655,1324,331
116000051,6432,3268,3164
116000052,5413,5171,242
116000053,2123,831,1292
116000054,835,2855,-2020
116000055,770,931,-161
116000056,1125,1134,-9
116000057,3171,1831,1340
116000058,4290,3647,643
116000059,4051,5807,-1756
116000060,2440,1107,1333
116000061,288,1034,-746
116000062,653,276,377
116000063,645,1188,-543
116000066,284,602,-318
116000067,212,448,-236
116000068,269,382,-113
116000069,280,381,-101
116000078,570,1254,-684
116000080,2015,931,1084
116000082,5,47,-42
116000083,1821,415,1406
116000084,2102,3814,-1712
116000085,2609,2476,133
116000086,1644,963,681
116000087,2421,1832,589
116000088,859,1058,-199
116000089,230,110,120
116000090,141,183,-42
116000091,457,319,138
116000093,1214,579,635
116000094,825,645,180
116000095,947,786,161
116000096,838,1540,-702
116000097,1063,844,219
116000098,75,6981,-6906
116000099,6625,249,6376
116000100,347,30,317
116000101,1162,802,360
116000102,306,1231,-925
116000103,506,310,196
116000104,275,1316,-1041
116000105,1383,212,1171
116000106,484,952,-468
116000107,2851,360,2491
116000108,725,221,504
116000111,123,42,81
116000113,255,127,128
116000114,54,168,-114
116000115,501,152,349
116000116,379,513,-134
116000117,1929,1954,-25
116000118,1873,1267,606
116000119,4149,2133,2016
116000120,3233,3901,-668
116000121,1126,643,483
116000122,1380,1748,-368
116000123,1436,527,909
116000124,469,987,-518
116000125,3456,974,2482
116000126,302,1293,-991
116000127,1079,1187,-108
116000128,2270,1075,1195
116000129,1809,276,1533
116000130,738,578,160
116000133,1375,830,545
116000134,1802,1866,-64
116000135,3131,1656,1475
116000136,1187,1935,-748
116000137,1514,861,653
116000138,1312,798,514
116000139,1769,2510,-741
116000140,173,273,-100
116000141,392,596,-204
116000142,2800,2412,388
116000143,1951,1855,96
116000144,1581,1852,-271
116000145,1956,1271,685
116000146,587,208,379
116000147,172,108,64
116000148,621,635,-14
116000149,914,1148,-234
116000151,528,424,104
116000153,102,409,-307
116000155,264,299,-35
116000156,911,1061,-150
116000157,106,22,84
116000158,450,340,110
116000159,16,31,-15
116000160,17,69,-52
116000161,3,95,-92
116000162,126,162,-36
116000163,44,25,19
116000164,21,35,-14
116000177,678,159,519
116000194,95,413,-318
116000195,1596,713,883
116000196,21,15,6
116000197,17,13,4
116000198,2751,1278,1473
116000200,862,650,212
116000201,716,710,6
116000202,9,265,-256
116000203,3,98,-95
116000204,23,62,-39
116000205,0,167,-167
116000206,12,108,-96
116000207,18,74,-56
116000233,259,460,-201
116000287,161,359,-198
116000288,325,236,89
116000292,84,150,-66
116000296,10,179,-169
116000297,104,11,93
116000304,209,25,184
116000305,16,101,-85
116000346,199,105,94
116000352,130,50,80
116000354,53,16,37
116000357,20,23,-3
116000358,556,105,451
116000361,80,5,75
116000372,4412,4827,-415
116000381,164,0,164
116000388,0,78,-78
116000389,1323,722,601
116000445,652,504,148
116000446,749,595,154
116000447,21,643,-622
116000448,608,240,368
116000563,1371,1021,350
116000565,48,434,-386
116000568,61,364,-303
116000579,30,110,-80
116000584,21,7,14
116000585,49,26,23
116000586,93,155,-62
116000587,539,767,-228
116000589,39,58,-19
116000590,83,76,7
116000591,381,221,160
116000592,19,135,-116
116000593,0,42,-42
116000594,789,462,327
116000595,813,146,667
116000596,171,8,163
116000597,453,131,322
116000598,20,160,-140
116000602,88,472,-384
116000605,230,146,84
116000606,111,248,-137
116000607,5,72,-67
116000609,220,834,-614
116000611,210,444,-234
116000612,804,1811,-1007
116000613,824,361,463
116000614,504,537,-33
116000615,3,371,-368
116000616,83,85,-2
116000617,125,55,70
116000618,7,54,-47
116000619,81,85,-4
116000620,181,96,85
116000621,70,178,-108
116000622,116,144,-28
116000624,291,123,168
116000627,37,21,16
116000628,53,219,-166
116000629,21,261,-240
116000630,418,26,392
116000631,131,20,111
116000632,638,191,447
116000633,27,382,-355
116000634,637,29,608
116000635,1982,2132,-150
116000636,254,824,-570
116000637,15,1,14
116000638,1,41,-40
116900001,281,222,59
116900002,288,9,279
116900003,53,51,2
116900004,73,90,-17
116900005,370,117,253
116900006,157,254,-97
116900007,151,216,-65
116900008,573,317,256
116900009,34,7,27
116900010,4,1099,-1095
116900011,21,34,-13
116900012,244,283,-39
116900013,4,195,-191
116900014,168,187,-19
116900015,494,71,423
116900016,271,4,267
116900017,2,479,-477
116900018,117,95,22
116900019,6,306,-300
116900020,976,1254,-278
116900023,78,19,59
116900024,705,65,640
116900025,1395,799,596
116900026,144,541,-397
116900027,57,79,-22
116900028,1,141,-140
116900029,0,65,-65
116900031,1,8,-7
116900032,15,280,-265
116900033,25,20,5
116900034,19,94,-75
116900035,179,169,10
116900036,3,75,-72
116900038,41,4,37
116900041,62,27,35
116900042,524,335,189
116900043,39,58,-19
116900045,239,111,128
116900047,22,189,-167
116900049,45,305,-260
116900050,167,468,-301
116900051,183,227,-44
116900052,193,89,104
116900055,1,11,-10
116900057,23,225,-202
116900058,59,345,-286
116900059,2,166,-164
116900060,269,189,80
116900062,2,9,-7
116900064,108,555,-447
116900065,27,139,-112
116900067,194,88,106
116900068,136,224,-88
116900070,1,1,0
116900072,33,341,-308
116900073,32,114,-82
116900074,9,59,-50
116900076,17,50,-33
116900077,9,120,-111
116900078,271,139,132
116900079,49,225,-176
116900080,11,39,-28
116900081,391,995,-604
116900082,378,1194,-816
116900083,39,37,2
116900084,135,76,59
116900085,62,160,-98
116900086,51,191,-140
116900088,420,154,266
116900090,113,34,79
116900091,515,58,457
116900092,78,545,-467
116900093,2085,2183,-98
116900094,4687,4513,174
116900095,273,116,157
116900096,193,456,-263
116900097,2249,3328,-1079
116900098,920,442,478
116900099,901,881,20
116900100,1001,67,934
116900101,378,551,-173
116900103,11,0,11
116900104,71,83,-12
116900105,293,213,80
116900106,2288,401,1887
116900107,2897,3069,-172
116900110,14,0,14
116900111,752,671,81
116900112,371,836,-465
116900113,2039,1578,461
116900116,130,715,-585
116900117,173,139,34
116900118,740,885,-145
116900120,507,108,399
116900121,171,37,134
116900122,1202,787,415
116900123,324,740,-416
116900124,258,741,-483
116900125,563,287,276
116900126,160,702,-542
116900128,5,48,-43
116900129,5,416,-411
116900130,713,4206,-3493
116900131,112,446,-334
116900132,90,141,-51
116900133,262,189,73
116900134,229,332,-103
116900136,263,219,44
116900137,358,196,162
116900138,295,216,79
116900139,209,475,-266
116900140,245,151,94
116900141,994,427,567
116900142,1,86,-85
116900143,457,346,111
116900144,46,72,-26
116900145,110,251,-141
116900147,536,749,-213
116900148,8,56,-48
116900149,76,240,-164
116900150,26,23,3
116900151,38,23,15
116900153,194,126,68
116900154,655,691,-36
116900155,83,104,-21
116900157,710,244,466
116900158,136,364,-228
116900159,92,409,-317
116900160,976,1071,-95
116900161,5473,7848,-2375
116900162,14,107,-93
116900163,253,149,104
116900164,107,91,16
116900165,330,381,-51
116900166,49,59,-10
116900167,533,73,460
116900168,444,103,341
116900169,698,803,-105
116900170,411,586,-175
116900171,51,239,-188
116900172,184,393,-209
116900173,286,34,252
116900174,114,56,58
116900175,286,262,24
116900178,48,160,-112
116900179,77,355,-278
116900180,117,33,84
116900182,638,292,346
116900183,266,109,157
116900185,37,86,-49
116900186,75,214,-139
116900187,101,58,43
116900188,158,34,124
116900189,50,0,50
116900191,552,684,-132
116900192,371,169,202
116900194,183,1489,-1306
116900195,64,43,21
116900196,22,103,-81
116900197,139,14,125
116900198,162,314,-152
116900200,85,28,57
116900201,185,6,179
116900202,116,67,49
116900203,188,3,185
116900204,46,150,-104
116900206,4,12,-8
116900207,44,33,11
116900208,12,101,-89
116900209,40,108,-68
116900210,704,328,376
116900211,272,9,263
116900212,87,60,27
116900213,303,119,184
116900214,310,181,129
116900215,101,98,3
116900216,330,229,101
116900218,7,262,-255
116900219,1222,387,835
116900220,123,350,-227
116900221,121,396,-275
116900222,430,424,6
116900223,166,300,-134
116900226,205,65,140
116900227,191,72,119
116900228,388,211,177
116900230,75,216,-141
116900231,44,330,-286
116900232,11,323,-312
116900233,326,106,220
116900234,29,6,23
116900235,213,295,-82
116900238,1295,313,982
116900239,14,1542,-1528
116900240,5072,3501,1571
116900241,157,157,0
116900242,397,863,-466
116900243,4,83,-79
116900245,42,34,8
116900246,123,4,119
116900247,931,34,897
116900248,95,48,47
116900249,480,112,368
116900250,499,61,438
116900251,498,758,-260
116900252,254,802,-548
116900253,144,98,46
116900254,56,93,-37
116900255,140,95,45
116900256,563,119,444
116900257,24,377,-353
116900258,6,149,-143
116900259,292,20,272
116900260,4,91,-87
116900261,91,4,87
116900262,220,133,87
116900263,0,11,-11
116900264,2,8,-6
116900265,67,3,64
116900266,13,52,-39
116900267,7,3,4
116900268,477,384,93
116900269,317,713,-396
116900271,1507,350,1157
116900272,376,242,134
116900273,188,138,50
116900274,124,79,45
116900275,160,84,76
116900276,520,193,327
116900277,646,45,601
116900278,2,13,-11
116900279,3,20,-17
116900280,56,29,27
116900281,5436,5041,395
116900282,10,96,-86
116900283,37,100,-63
116900284,22,159,-137
116900285,292,237,55
116900286,231,25,206
116900287,15,53,-38
116900288,80,137,-57
116900289,27,9,18
116900290,7,51,-44
116900291,34,9,25
116900292,0,15,-15
116900293,108,50,58
116900294,31,192,-161
116900295,152,93,59
116900296,90,57,33
116900297,10,117,-107
116900298,93,65,28
116900299,35,87,-52
116900300,0,109,-109
116900301,46,135,-89
116900302,26,70,-44
116900303,225,86,139
116900304,1,159,-158
116900305,21,43,-22
116900306,184,61,123
117000001,2219,1784,435
117000002,1932,3652,-1720
117000003,6922,3827,3095
117000004,3625,4747,-1122
117000005,2592,2156,436
117000006,1252,2921,-1669
117000007,4556,1321,3235
117000008,1108,3284,-2176
117000009,5836,2185,3651
117000010,2740,3628,-888
117000011,2541,1670,871
117000012,1409,1181,228
117000013,1929,847,1082
117000014,1078,1901,-823
117000015,2504,1334,1170
117000016,296,175,121
117000017,213,162,51
117000018,141,684,-543
117000019,82,1,81
117000020,514,1496,-982
117000021,1375,379,996
117000022,315,180,135
117000023,181,190,-9
117000024,217,323,-106
117000025,451,1242,-791
117000026,2090,1564,526
117000027,2297,4922,-2625
117000028,3336,2276,1060
117000030,395,453,-58
117000031,378,296,82
117000032,1555,1365,190
117000033,1478,825,653
117000034,380,296,84
117000035,445,292,153
117000036,391,282,109
117000037,383,221,162
117000038,192,458,-266
117000039,383,257,126
117000040,283,875,-592
117000041,1283,182,1101
117000044,22,737,-715
117000045,587,110,477
117000046,408,698,-290
117000047,776,691,85
117000048,1960,1074,886
117000049,182,926,-744
117000050,146,1618,-1472
117000051,2616,102,2514
117000052,51,236,-185
117000053,701,40,661
117000054,2240,18,2222
117000055,8,2707,-2699
117000056,913,30,883
117000057,599,2405,-1806
117000060,571,1320,-749
117000061,1872,1000,872
117000062,305,710,-405
117000063,2058,1155,903
117000064,671,707,-36
117000066,1149,995,154
117000067,167,838,-671
117000074,195,247,-52
117000076,103,43,60
117000077,172,279,-107
117000078,219,759,-540
117000079,485,282,203
117000080,1,321,-320
117000081,1189,142,1047
117000082,16,99,-83
117000083,135,3,132
117000084,193,2,191
117000085,425,920,-495
117000086,997,477,520
117000087,112,496,-384
117000088,309,200,109
117000089,1897,308,1589
117000090,351,1060,-709
117000091,1067,354,713
117000092,533,1095,-562
117000093,1507,915,592
117000094,1417,2418,-1001
117000095,4156,1077,3079
117000096,965,2185,-1220
117000097,2142,1221,921
117000098,2735,4218,-1483
117000099,4485,1412,3073
117000100,327,415,-88
117000101,295,952,-657
117000102,2170,820,1350
117000103,810,1489,-679
117000104,1744,807,937
117000105,925,1447,-522
117000106,1613,846,767
117000107,519,1567,-1048
117000108,2204,1003,1201
117000109,1443,2334,-891
117000110,2091,1421,670
117000111,4058,4206,-148
117000112,4294,1754,2540
117000113,196,211,-15
117000114,468,164,304
117000115,85,96,-11
117000116,296,298,-2
117000117,1764,1474,290
117000118,315,153,162
117000119,242,194,48
117000120,171,664,-493
117000121,113,1262,-1149
117000122,449,851,-402
117000123,1659,56,1603
117000124,495,92,403
117000125,293,197,96
117000126,49,25,24
117000127,132,340,-208
117000128,523,877,-354
117000129,209,128,81
117000130,78,1,77
117000131,2,74,-72
117000132,4190,43,4147
117000133,2091,76,2015
117000134,2,117,-115
117000135,1,86,-85
117000136,7,48,-41
117000137,136,168,-32
117000138,1,712,-711
117000140,582,1352,-770
117000141,2038,626,1412
117000181,579,237,342
117000182,613,789,-176
117000195,274,1123,-849
117000196,504,209,295
117000225,91,44,47
117000226,7,119,-112
117000276,442,36,406
117000277,0,280,-280
117000310,1604,1969,-365
117000315,50,549,-499
117000320,62,0,62
117000906,408,27,381
117000907,19,301,-282
117000908,15,64,-49
117000909,57,42,15
117000910,245,268,-23
117000911,157,198,-41
117000915,11,421,-410
117000916,46,14,32
117000917,1431,51,1380
117000918,64,97,-33
117000919,8,94,-86
117000920,2,1335,-1333
117000921,2,1031,-1029
117000922,33,85,-52
117000924,270,535,-265
117000926,755,109,646
117000927,1301,1324,-23
117000928,1,149,-148
117000929,339,334,5
117000930,268,8,260
117000931,345,228,117
117900002,116,503,-387
117900003,954,599,355
117900005,6,48,-42
117900006,0,82,-82
117900007,185,142,43
117900008,0,49,-49
117900010,264,69,195
117900011,27,149,-122
117900012,69,80,-11
117900013,2,201,-199
117900014,526,108,418
117900015,5,117,-112
117900016,1477,1226,251
117900017,469,246,223
117900018,162,177,-15
117900019,484,247,237
117900020,91,560,-469
117900021,51,57,-6
117900022,86,21,65
117900023,795,169,626
117900024,74,57,17
117900025,41,15,26
117900026,426,223,203
117900028,56,8,48
117900029,263,495,-232
117900030,661,234,427
117900031,211,99,112
117900032,1245,807,438
117900033,276,465,-189
117900034,53,26,27
117900035,253,186,67
117900036,245,321,-76
117900037,232,115,117
117900038,58,353,-295
117900039,1,73,-72
117900040,171,370,-199
117900041,3,74,-71
117900042,3665,338,3327
117900043,23,49,-26
117900044,158,2975,-2817
117900045,227,138,89
117900048,424,300,124
117900049,211,371,-160
117900050,7,193,-186
117900051,24,2,22
117900052,81,411,-330
117900053,2124,700,1424
117900054,2,30,-28
117900055,373,155,218
117900056,217,112,105
117900057,1353,1310,43
117900058,73,50,23
117900059,346,148,198
117900060,3207,4686,-1479
117900061,20,214,-194
117900063,463,215,248
117900065,754,1486,-732
117900066,10,99,-89
117900067,554,158,396
117900069,748,251,497
117900070,179,50,129
117900071,80,125,-45
117900073,637,280,357
117900074,102,93,9
117900075,103,78,25
117900076,8,49,-41
117900077,625,206,419
117900078,437,1037,-600
117900080,135,44,91
117900081,500,413,87
117900082,490,437,53
117900083,498,354,144
117900086,142,32,110
117900087,234,97,137
117900088,3277,2044,1233
117900089,2719,887,1832
117900090,452,340,112
117900091,173,205,-32
117900092,75,31,44
117900093,131,87,44
117900094,61,24,37
117900095,310,299,11
117900096,108,226,-118
117900097,458,98,360
117900098,87,15,72
117900099,173,181,-8
117900100,337,3,334
117900101,482,2013,-1531
117900102,122,43,79
117900103,95,1,94
117900104,15,142,-127
117900105,192,219,-27
117900106,166,38,128
117900107,71,0,71
117900109,771,466,305
117900110,123,3,120
117900111,418,37,381
117900112,98,20,78
117900113,2533,2145,388
117900114,48,0,48
117900115,225,107,118
117900116,981,884,97
117900117,846,352,494
117900118,159,4,155
117900119,254,175,79
117900120,252,46,206
117900121,250,157,93
117900122,1670,4776,-3106
117900123,744,403,341
117900124,932,748,184
117900125,2158,2171,-13
117900126,291,513,-222
117900127,533,404,129
117900128,450,691,-241
117900129,87,1,86
117900130,1144,414,730
117900131,8,154,-146
117900132,18,110,-92
117900133,15,134,-119
117900134,119,370,-251
117900135,44,252,-208
117900136,0,28,-28
117900137,62,386,-324
117900138,0,47,-47
117900139,145,143,2
117900140,2705,348,2357
117900141,194,194,0
117900142,61,63,-2
117900144,58,250,-192
117900145,29,47,-18
117900146,209,131,78
117900147,80,63,17
117900148,2555,1886,669
117900149,154,238,-84
117900150,55,53,2
117900151,53,102,-49
117900152,80,59,21
117900153,19,123,-104
117900154,413,528,-115
117900156,1018,887,131
117900157,95,599,-504
117900158,452,188,264
117900160,838,1022,-184
117900161,2677,2084,593
117900162,469,402,67
117900163,32,166,-134
117900165,0,27,-27
117900166,139,616,-477
117900168,53,169,-116
117900169,1,173,-172
117900170,4,47,-43
117900171,4,37,-33
117900172,16,43,-27
117900173,221,84,137
117900174,81,65,16
117900175,9,33,-24
117900176,26,32,-6
117900177,30,53,-23
117900178,102,41,61
117900180,247,64,183
117900181,80,510,-430
117900182,6,47,-41
117900183,74,235,-161
117900184,24,78,-54
117900185,36,74,-38
117900186,81,33,48
117900187,27,34,-7
117900188,263,68,195
117900189,87,58,29
117900190,81,2,79
117900191,102,1,101
117900192,320,9,311
117900193,36,100,-64
117900194,17,20,-3
117900195,38,111,-73
117900196,29,30,-1
117900207,229,179,50
117900208,57,63,-6
117900209,236,174,62
117900210,195,291,-96
117900211,23,209,-186
117900212,171,144,27
117900213,23,16,7
117900214,36,39,-3
117900215,18,46,-28
117900216,33,25,8
117900217,76,377,-301
117900218,77,117,-40
117900219,11,178,-167
117900220,97,110,-13
117900222,220,265,-45
117900223,95,339,-244
118000001,1130,1084,46
118000002,886,1817,-931
118000003,2420,3733,-1313
118000004,2084,2277,-193
118000005,4642,6375,-1733
118000006,4863,10327,-5464
118000007,6083,4947,1136
118000008,3457,4718,-1261
118000009,1723,3803,-2080
118000010,6701,4558,2143
118000011,1781,2117,-336
118000012,1196,2150,-954
118000013,2669,2459,210
118000014,2155,2060,95
118000016,219,300,-81
118000017,606,470,136
118000018,374,466,-92
118000019,2239,1988,251
118000020,1289,4720,-3431
118000021,820,4319,-3499
118000022,1710,1205,505
118000023,888,290,598
118000024,1451,2219,-768
118000027,13105,15946,-2841
118000029,1023,908,115
118000032,1119,4180,-3061
118000033,2870,8186,-5316
118000034,5150,3154,1996
118000035,2023,3840,-1817
118000036,1180,1653,-473
118000037,855,1160,-305
118000038,281,127,154
118000039,110,250,-140
118000040,1896,1627,269
118000041,2612,1429,1183
118000045,334,311,23
118000046,1440,846,594
118000047,887,1251,-364
118000048,2446,2826,-380
118000051,2580,1959,621
118000052,1443,1176,267
118000053,447,893,-446
118000054,1662,1335,327
118000055,1551,1810,-259
118000056,299,510,-211
118000057,246,372,-126
118000058,2854,2650,204
118000059,2107,1772,335
118000060,1212,706,506
118000061,1530,1509,21
118000062,798,402,396
118000063,456,964,-508
118000064,967,1345,-378
118000065,3443,1863,1580
118000066,1047,1850,-803
118000067,789,949,-160
118000068,1741,5173,-3432
118000069,2565,1289,1276
118000070,5193,2209,2984
118000071,3739,7735,-3996
118000072,1457,1551,-94
118000073,1276,916,360
118000074,532,421,111
118000075,717,358,359
118000076,1600,3210,-1610
118000077,1356,1337,19
118000078,1914,2908,-994
118000079,275,538,-263
118000080,850,915,-65
118000081,2021,1472,549
118000082,354,1300,-946
118000083,1961,2077,-116
118000084,3349,1959,1390
118000086,306,554,-248
118000087,4305,2732,1573
118000088,1794,1579,215
118000089,4110,2554,1556
118000090,1382,2974,-1592
118000091,1293,2675,-1382
118000092,986,549,437
118000093,132,632,-500
118000096,446,646,-200
118000097,875,743,132
118000098,336,245,91
118000099,715,752,-37
118000101,1340,382,958
118000102,553,1017,-464
118000107,1721,548,1173
118000108,937,2779,-1842
118000110,0,27,-27
118000111,0,227,-227
118000112,650,4,646
118000113,3,439,-436
118000114,569,14,555
118000115,12,14,-2
118000116,37,1,36
118000117,893,753,140
118000118,1052,1215,-163
118000119,944,1278,-334
118000120,1841,1231,610
118000121,83,621,-538
118000122,1301,464,837
118000123,64,321,-257
118000125,1707,949,758
118000126,706,1759,-1053
118000127,1837,723,1114
118000128,540,1155,-615
118000129,949,388,561
118000130,2154,3060,-906
118000131,433,654,-221
118000132,2965,2165,800
118000133,1117,434,683
118000135,752,438,314
118000136,196,445,-249
118000137,605,97,508
118000138,578,530,48
118000139,499,93,406
118000140,3022,5495,-2473
118000141,2581,1824,757
118000142,2231,1749,482
118000143,2707,1373,1334
118000144,1312,782,530
118000145,1631,1487,144
118000146,1457,789,668
118000147,913,1249,-336
118000148,611,1211,-600
118000149,1110,899,211
118000150,615,276,339
118000151,604,470,134
118000153,1881,1177,704
118000154,1648,1416,232
118000155,1764,1380,384
118000156,2255,2726,-471
118000157,751,440,311
118000158,275,465,-190
118000159,53,123,-70
118000160,681,396,285
118000161,553,643,-90
118000162,2092,1070,1022
118000163,1091,871,220
118000164,2187,1354,833
118000168,891,883,8
118000169,1153,1202,-49
118000170,3582,4522,-940
118000171,401,642,-241
118000172,75,243,-168
118000173,895,1532,-637
118000175,406,342,64
118000176,348,506,-158
118000177,370,689,-319
118000178,43,48,-5
118000179,1383,1636,-253
118000180,954,795,159
118000181,731,315,416
118000182,321,279,42
118000183,264,387,-123
118000184,1191,743,448
118000185,1452,1342,110
118000186,894,1250,-356
118000187,1561,675,886
118000188,708,186,522
118000189,926,729,197
118000190,29,17,12
118000191,58,31,27
118000192,111,184,-73
118000193,97,316,-219
118000194,1418,980,438
118000195,701,1555,-854
118000196,287,282,5
118000197,113,170,-57
118000198,449,874,-425
118000199,515,448,67
118000200,115,341,-226
118000201,611,583,28
118000202,82,95,-13
118000203,633,787,-154
118000204,160,460,-300
118000205,184,383,-199
118000206,331,248,83
118000207,1,43,-42
118000208,1615,1879,-264
118000209,2138,1339,799
118000210,96,53,43
118000211,37,42,-5
118000213,1244,2237,-993
118000214,624,655,-31
118000215,489,161,328
118000216,2841,2232,609
118000217,39,104,-65
118000218,83,87,-4
118000219,408,223,185
118000220,10,33,-23
118000221,328,401,-73
118000222,112,10,102
118000223,68,42,26
118000224,185,97,88
118000225,188,691,-503
118000226,1225,270,955
118000227,928,493,435
118000228,175,318,-143
118000229,184,153,31
118000230,137,219,-82
118000231,102,228,-126
118000232,867,757,110
118000233,1367,956,411
118000234,627,295,332
118000236,497,308,189
118000237,127,428,-301
118000238,330,165,165
118000239,308,273,35
118000240,372,204,168
118000241,204,211,-7
118000242,431,480,-49
118000243,343,255,88
118000244,53,104,-51
118000246,2,39,-37
118000255,93,295,-202
118000256,200,222,-22
118000259,14,63,-49
118000260,260,97,163
118000261,44,48,-4
118000263,100,232,-132
118000266,146,286,-140
118000267,0,153,-153
118000268,336,8,328
118000270,91,22,69
118000271,255,255,0
118000272,109,43,66
118000273,194,105,89
118000274,139,318,-179
118000276,630,467,163
118000295,13,188,-175
118000298,201,237,-36
118000299,56,142,-86
118000301,1,90,-89
118000302,121,54,67
118000311,610,109,501
118000312,355,203,152
118000313,79,139,-60
118000314,154,71,83
118000315,91,42,49
118000316,734,472,262
118000325,120,60,60
118000326,58,44,14
118000331,65,42,23
118000332,23,36,-13
118000333,44,75,-31
118000335,408,0,408
118000336,2,237,-235
118000407,292,71,221
118000457,4,35,-31
118000465,2770,4327,-1557
118000480,44,79,-35
118000489,50,413,-363
118000490,24,186,-162
118000492,339,217,122
118000510,52,32,20
118000514,188,317,-129
118000515,1032,726,306
118000517,294,220,74
118000524,287,259,28
118000525,766,864,-98
118000530,28,156,-128
118000531,388,343,45
118000532,274,256,18
118000533,324,135,189
118000534,647,492,155
118000535,350,186,164
118000536,735,2261,-1526
118000537,5,247,-242
118000538,37,98,-61
118000539,31,105,-74
118000540,385,164,221
118000541,224,111,113
118000542,114,389,-275
118000543,268,248,20
118000546,60,53,7
118000560,2573,2806,-233
118000562,32,154,-122
118000563,1511,1227,284
118000576,203,161,42
118000577,154,137,17
118000578,133,84,49
118000579,591,1278,-687
118000595,252,169,83
118000596,0,103,-103
118000597,80,123,-43
118000598,39,1,38
118000599,105,54,51
118000600,2,49,-47
118000601,42,1,41
118000602,1,34,-33
118000603,0,15,-15
118900001,792,1721,-929
118900002,987,973,14
118900003,608,19,589
118900004,78,53,25
118900005,100,7,93
118900006,266,17,249
118900007,16,1,15
118900008,1689,57,1632
118900009,95,68,27
118900010,98,5,93
118900011,246,39,207
118900012,570,255,315
118900013,656,207,449
118900015,337,125,212
118900016,20,21,-1
118900017,228,329,-101
118900018,1259,40,1219
118900019,53,43,10
118900020,280,180,100
118900021,225,407,-182
118900022,187,111,76
118900023,243,138,105
118900024,152,255,-103
118900025,59,37,22
118900026,97,73,24
118900027,478,194,284
118900028,211,180,31
118900029,505,614,-109
118900030,542,100,442
118900031,246,91,155
118900032,253,162,91
118900033,521,574,-53
118900034,225,58,167
118900035,167,115,52
118900036,1574,818,756
118900037,435,421,14
118900038,593,166,427
118900039,678,177,501
118900040,236,177,59
118900041,661,202,459
118900042,182,127,55
118900045,400,175,225
118900046,867,587,280
118900047,518,315,203
118900048,153,281,-128
118900049,83,65,18
118900050,56,96,-40
118900051,83,114,-31
118900052,316,287,29
118900053,43,106,-63
118900054,167,66,101
118900055,114,63,51
118900056,27,382,-355
118900057,969,460,509
118900058,498,417,81
118900059,26,109,-83
118900060,143,141,2
118900062,807,255,552
118900064,640,761,-121
118900065,80,161,-81
118900066,76,107,-31
118900067,4632,4175,457
118900068,12,195,-183
118900069,555,234,321
118900071,4,85,-81
118900072,550,396,154
118900073,176,126,50
118900074,164,180,-16
118900075,56,98,-42
118900076,295,153,142
118900077,337,190,147
118900078,52,13,39
118900079,87,233,-146
118900080,41,189,-148
118900081,104,41,63
118900082,1020,194,826
118900083,46,15,31
118900084,16,25,-9
118900085,605,647,-42
118900086,67,119,-52
118900087,43,296,-253
118900088,1,22,-21
118900089,35,31,4
118900090,585,352,233
118900091,232,266,-34
118900092,196,107,89
118900093,149,36,113
118900096,58,30,28
118900097,291,481,-190
118900099,110,251,-141
118900100,171,298,-127
118900101,170,395,-225
118900102,91,153,-62
118900103,59,111,-52
118900104,247,176,71
118900105,279,143,136
118900107,144,56,88
118900108,127,116,11
118900110,1343,946,397
118900111,616,532,84
118900112,107,195,-88
118900113,118,539,-421
118900114,42,95,-53
118900115,160,514,-354
118900116,174,231,-57
118900117,126,176,-50
118900118,364,276,88
118900119,168,223,-55
118900120,129,342,-213
118900121,13,160,-147
118900122,22,894,-872
118900123,150,272,-122
118900124,98,232,-134
118900126,34,433,-399
118900129,302,234,68
118900130,58,249,-191
118900131,207,293,-86
118900132,446,234,212
118900133,14,136,-122
118900135,228,223,5
118900136,230,511,-281
118900137,2,48,-46
118900139,204,315,-111
118900140,469,547,-78
118900141,81,183,-102
118900144,164,376,-212
118900145,73,166,-93
118900146,380,675,-295
118900147,192,210,-18
118900148,128,82,46
118900150,201,597,-396
118900152,564,743,-179
118900157,81,213,-132
118900158,123,65,58
118900159,0,133,-133
118900161,97,19,78
118900163,117,116,1
118900164,10,108,-98
118900165,72,145,-73
118900166,84,14,70
118900167,113,89,24
118900168,17,245,-228
118900169,207,291,-84
118900170,279,159,120
118900171,39,28,11
118900174,69,81,-12
118900175,437,502,-65
118900176,232,266,-34
118900177,71,47,24
118900178,50,166,-116
118900179,6,32,-26
118900181,146,121,25
118900182,102,51,51
118900183,44,166,-122
118900184,441,142,299
118900185,122,104,18
118900186,102,116,-14
118900187,269,312,-43
118900188,373,386,-13
118900189,34,858,-824
118900190,35,337,-302
118900191,189,78,111
118900192,268,15,253
118900193,722,17,705
118900195,310,670,-360
118900196,49,189,-140
118900197,184,47,137
118900198,36,23,13
118900199,125,53,72
118900200,41,28,13
118900201,15,60,-45
118900202,16,48,-32
118900203,12,28,-16
118900204,28,35,-7
118900205,2,17,-15
118900206,8,22,-14
119000001,1704,2230,-526
119000002,4933,4619,314
119000003,3331,1142,2189
119000004,2829,1350,1479
119000005,2033,1994,39
119000006,3011,1689,1322
119000007,4069,3360,709
119000008,2265,2043,222
119000009,3748,5645,-1897
119000010,5971,4513,1458
119000011,4936,4022,914
119000012,3981,4287,-306
119000013,3477,2177,1300
119000014,2100,3072,-972
119000019,424,161,263
119000020,2483,1759,724
119000021,5563,2952,2611
119000022,2758,3315,-557
119000023,236,230,6
119000024,2336,13712,-11376
119000025,6506,1479,5027
119000026,208,655,-447
119000027,341,435,-94
119000028,1830,815,1015
119000029,129,356,-227
119000030,724,1021,-297
119000031,915,720,195
119000032,2243,2588,-345
119000033,2496,1456,1040
119000034,1203,972,231
119000035,32,355,-323
119000036,2209,734,1475
119000037,1458,1612,-154
119000038,204,873,-669
119000039,384,298,86
119000040,735,595,140
119000041,812,1300,-488
119000048,2968,2492,476
119000049,2082,2062,20
119000050,1785,1888,-103
119000051,2239,1079,1160
119000052,2035,3008,-973
119000053,2192,1424,768
119000054,3896,2726,1170
119000055,5319,3340,1979
119000056,3384,2063,1321
119000057,2030,1783,247
119000058,2354,1591,763
119000059,1529,1746,-217
119000060,1997,1347,650
119000061,1124,811,313
119000062,1323,1490,-167
119000063,643,455,188
119000064,925,968,-43
119000065,1977,3531,-1554
119000066,2562,1429,1133
119000067,2043,1928,115
119000068,2147,1109,1038
119000069,1775,2206,-431
119000070,3016,975,2041
119000071,530,785,-255
119000072,5229,3113,2116
119000073,5159,7780,-2621
119000074,1559,2122,-563
119000075,2802,2215,587
119000076,426,1191,-765
119000077,854,684,170
119000078,594,244,350
119000079,251,766,-515
119000080,463,195,268
119000081,429,576,-147
119000082,1186,251,935
119000083,747,459,288
119000084,342,507,-165
119000085,662,285,377
119000086,404,495,-91
119000087,1553,924,629
119000088,371,246,125
119000089,86,256,-170
119000090,146,148,-2
119000091,140,575,-435
119000092,508,201,307
119000093,3697,2599,1098
119000094,3527,5374,-1847
119000095,2214,3033,-819
119000097,2154,1315,839
119000098,1117,3470,-2353
119000099,2562,1510,1052
119000100,4941,3398,1543
119000101,4801,2584,2217
119000102,818,1678,-860
119000103,1494,875,619
119000104,2468,1410,1058
119000105,1550,2364,-814
119000106,504,1260,-756
119000107,1212,632,580
119000108,399,899,-500
119000109,131,701,-570
119000110,558,576,-18
119000111,94,930,-836
119000112,202,149,53
119000113,2366,414,1952
119000114,1517,1324,193
119000115,183,188,-5
119000116,158,173,-15
119000117,195,556,-361
119000118,5,0,5
119000123,3749,3027,722
119000124,957,240,717
119000125,4469,726,3743
119000126,815,527,288
119000127,552,479,73
119000128,23,14,9
119000131,989,618,371
119000132,2,5,-3
119000133,1,6,-5
119000134,1825,647,1178
119000135,170,239,-69
119000136,314,174,140
119000137,343,303,40
119000138,683,291,392
119000139,370,221,149
119000140,322,383,-61
119000284,1331,2719,-1388
119000285,2365,2052,313
119000286,6737,5401,1336
119000287,1562,1919,-357
119000288,2086,1235,851
119000289,1677,2621,-944
119000290,302,403,-101
119000291,11,281,-270
119000293,185,153,32
119000294,56,37,19
119000295,1573,404,1169
119000296,347,198,149
119000302,2094,1262,832
119000303,52,141,-89
119000314,1910,11623,-9713
119000315,3,338,-335
119000316,155,123,32
119000317,108,271,-163
119900001,387,1364,-977
119900002,178,322,-144
119900003,62,965,-903
119900004,333,1470,-1137
119900005,285,109,176
119900006,323,439,-116
119900007,1361,343,1018
119900008,167,68,99
119900009,813,710,103
119900010,1268,1574,-306
119900011,39,146,-107
119900012,31,122,-91
119900013,2335,1393,942
119900014,617,318,299
119900015,148,50,98
119900016,43,85,-42
119900017,47,49,-2
119900018,2026,1112,914
119900019,61,11,50
119900020,229,281,-52
119900021,297,160,137
119900022,163,1092,-929
119900023,622,1750,-1128
119900025,245,40,205
119900026,812,209,603
119900027,40,27,13
119900028,242,155,87
119900029,8,2,6
119900030,747,527,220
119900031,95,495,-400
119900033,2060,455,1605
119900034,570,131,439
119900037,215,35,180
119900038,85,406,-321
119900039,83,16,67
119900040,149,25,124
119900041,172,41,131
119900042,255,194,61
119900043,100,163,-63
119900044,286,1259,-973
119900046,175,100,75
119900047,475,116,359
119900048,63,19,44
119900049,157,7,150
119900050,279,190,89
119900051,841,11,830
119900052,101,64,37
119900053,236,182,54
119900054,228,21,207
119900055,1622,542,1080
119900057,265,89,176
119900058,326,4,322
119900059,159,43,116
119900060,381,65,316
119900062,115,36,79
119900063,20,68,-48
119900064,587,93,494
119900065,313,17,296
119900066,3,1,2
119900067,171,52,119
119900068,641,6,635
119900069,134,56,78
119900070,1070,22,1048
119900071,863,29,834
119900073,1837,654,1183
119900074,54,63,-9
119900075,4589,2921,1668
119900076,727,306,421
119900077,1033,978,55
119900078,876,1114,-238
119900079,374,179,195
119900080,1943,1335,608
119900081,736,550,186
119900082,1844,273,1571
119900083,576,194,382
119900084,904,397,507
119900085,55,72,-17
119900087,576,528,48
119900088,35,75,-40
119900089,67,488,-421
119900090,139,72,67
119900091,37,810,-773
119900092,198,479,-281
119900093,1648,278,1370
119900094,66,227,-161
119900095,229,132,97
119900096,52,191,-139
119900097,450,248,202
119900098,62,77,-15
119900099,40,199,-159
119900100,1694,3447,-1753
119900101,269,1882,-1613
119900102,57,250,-193
119900103,77,343,-266
119900104,52,208,-156
119900105,1147,3395,-2248
119900106,12,148,-136
119900107,341,2204,-1863
119900108,3819,816,3003
119900109,18,171,-153
119900110,992,574,418
119900111,225,254,-29
119900112,1285,668,617
119900113,92,311,-219
119900114,404,1182,-778
119900115,498,896,-398
119900116,217,510,-293
119900117,420,805,-385
119900118,169,787,-618
119900119,327,231,96
119900120,862,704,158
119900121,467,877,-410
119900122,553,373,180
119900123,302,295,7
119900124,269,782,-513
119900125,78,375,-297
119900126,4420,471,3949
119900127,2100,1045,1055
119900128,537,722,-185
119900129,301,540,-239
119900130,28,242,-214
119900131,47,279,-232
119900132,21,201,-180
119900133,92,158,-66
119900134,1589,226,1363
119900135,2,369,-367
119900136,192,349,-157
119900138,392,626,-234
119900139,72,155,-83
119900140,6,120,-114
119900141,109,897,-788
119900142,31,47,-16
119900143,34,252,-218
119900144,1562,308,1254
119900145,135,203,-68
119900146,224,234,-10
119900147,3,169,-166
119900148,354,101,253
119900149,1073,5118,-4045
119900150,204,191,13
119900151,2125,1196,929
119900152,185,347,-162
119900153,220,82,138
119900154,23,220,-197
119900155,76,45,31
119900156,29,9,20
119900157,221,277,-56
119900158,335,109,226
119900159,6,1206,-1200
119900160,46,166,-120
119900161,198,268,-70
119900162,1155,1276,-121
119900163,176,199,-23
119900164,1,1,0
119900165,206,173,33
119900166,126,87,39
119900167,82,122,-40
119900168,1242,578,664
119900169,196,366,-170
119900170,285,396,-111
119900171,1348,559,789
119900172,228,38,190
119900173,7,324,-317
119900174,8,238,-230
119900175,1697,843,854
119900177,13,189,-176
119900178,8,173,-165
119900179,158,644,-486
119900180,1190,1114,76
119900181,101,127,-26
119900182,16,395,-379
119900183,197,615,-418
119900184,2125,559,1566
119900185,95,193,-98
119900186,70,1252,-1182
119900187,17,422,-405
119900188,168,327,-159
119900189,594,566,28
119900190,158,361,-203
119900191,459,407,52
119900192,75,189,-114
119900193,545,161,384
119900194,68,87,-19
119900195,255,305,-50
119900196,1548,592,956
119900197,348,202,146
119900198,220,357,-137
119900199,215,43,172
119900200,981,784,197
119900201,429,286,143
119900202,126,366,-240
119900203,294,737,-443
119900204,433,395,38
119900205,954,529,425
119900206,192,182,10
119900208,239,191,48
119900209,609,1630,-1021
119900210,68,32,36
119900211,107,16,91
119900212,319,318,1
119900213,15,64,-49
119900214,35,83,-48
119900215,62,69,-7
119900216,23,79,-56
119900217,16,74,-58
119900218,21,51,-30
119900219,17,117,-100
119900220,7,78,-71
119900221,43,212,-169
119900222,16,207,-191
119900223,14,98,-84
119900224,21,29,-8
119900225,846,60,786
119900226,688,2523,-1835
119900227,1364,392,972
119900228,144,350,-206
119900229,333,477,-144
119900230,1594,675,919
119900231,409,213,196
119900232,333,173,160
119900233,182,4,178
119900234,19,198,-179
119900235,29,108,-79
119900236,38,242,-204
119900237,117,761,-644
119900238,5,71,-66
119900240,112,125,-13
119900241,213,280,-67
119900242,2050,1791,259
119900244,940,1488,-548
119900245,232,256,-24
119900246,443,778,-335
119900247,39,144,-105
119900248,85,343,-258
119900249,384,146,238
119900253,2467,523,1944
119900254,107,997,-890
119900255,170,832,-662
119900256,891,954,-63
119900257,124,1,123
119900258,281,9,272
119900259,10,166,-156
119900260,249,13,236
119900261,318,227,91
119900262,0,178,-178
119900263,1375,402,973
119900264,141,184,-43
119900265,828,372,456
119900266,491,312,179
119900267,280,537,-257
119900268,258,196,62
119900269,1481,1051,430
119900271,65,130,-65
119900272,377,424,-47
119900275,237,67,170
119900276,43,3,40
119900277,2,6,-4
119900278,447,126,321
119900279,166,420,-254
119900280,729,173,556
119900281,0,268,-268
119900282,96,190,-94
119900283,17,215,-198
119900284,78,189,-111
119900285,264,362,-98
119900286,99,155,-56
119900288,0,19,-19
119900289,4,36,-32
119900290,6,22,-16
119900291,0,144,-144
119900292,39,45,-6
119900293,35,5,30
119900294,41,4,37
119900295,20,0,20
119900296,133,57,76
119900299,88,188,-100
119900300,442,323,119
119900301,136,277,-141
119900302,318,160,158
119900303,427,268,159
119900304,233,69,164
119900305,19,163,-144
119900306,34,6,28
119900307,127,117,10
119900308,5,29,-24
119900309,66,136,-70
119900310,329,282,47
119900311,113,115,-2
119900312,173,108,65
119900313,298,445,-147
119900314,269,468,-199
119900315,2186,2037,149
119900318,11,37,-26
119900319,25,262,-237
119900320,399,589,-190
119900321,155,17,138
119900322,54,100,-46
119900323,13,79,-66
119900324,0,42,-42
119900325,14,223,-209
119900326,2,6,-4
120000001,7451,17059,-9608
120000002,2999,2482,517
120000003,3264,1617,1647
120000004,2874,1867,1007
120000005,4680,2370,2310
120000006,1316,1284,32
120000007,3761,3434,327
120000008,1107,1411,-304
120000009,2565,1445,1120
120000010,2042,2921,-879
120000011,1200,1761,-561
120000012,1805,2643,-838
120000013,3453,3198,255
120000014,832,1469,-637
120000015,2847,1664,1183
120000016,4244,2521,1723
120000017,4231,2989,1242
120000018,4120,13776,-9656
120000019,1220,1576,-356
120000020,3930,3850,80
120000021,2370,2898,-528
120000022,3380,4559,-1179
120000023,1315,1707,-392
120000024,1524,2735,-1211
120000025,3183,2242,941
120000026,2553,1914,639
120000027,2658,2288,370
120000028,902,1538,-636
120000029,3360,1545,1815
120000030,921,1115,-194
120000031,2998,7455,-4457
120000032,8613,4122,4491
120000033,4754,1951,2803
120000034,2312,1917,395
120000035,2533,2008,525
120000036,3293,5254,-1961
120000037,775,1974,-1199
120000038,6641,5193,1448
120000039,988,1257,-269
120000040,240,881,-641
120000041,1319,1624,-305
120000042,2543,2776,-233
120000043,6030,1801,4229
120000044,6409,1640,4769
120000045,6879,1283,5596
120000046,4072,3256,816
120000047,1243,6976,-5733
120000048,7849,5017,2832
120000049,3836,3466,370
120000050,4125,3920,205
120000051,3381,4985,-1604
120000052,8013,2450,5563
120000053,1334,2146,-812
120000054,1483,3533,-2050
120000055,1982,4403,-2421
120000056,5350,4404,946
120000057,4118,1111,3007
120000058,3180,1223,1957
120000059,18,2086,-2068
120000061,120,603,-483
120000062,202,447,-245
120000063,1519,2671,-1152
120000064,299,1120,-821
120000065,593,1555,-962
120000066,554,683,-129
120000067,71,616,-545
120000068,206,739,-533
120000069,673,1132,-459
120000070,118,614,-496
120000071,650,112,538
120000072,1056,439,617
120000073,1087,139,948
120000074,245,128,117
120000075,1213,411,802
120000076,2822,475,2347
120000077,2468,707,1761
120000078,4506,1460,3046
120000079,314,162,152
120000080,162,270,-108
120000081,471,190,281
120000082,268,296,-28
120000083,83,789,-706
120000084,512,594,-82
120000085,812,621,191
120000086,333,527,-194
120000087,292,581,-289
120000088,944,1242,-298
120000089,1336,697,639
120000090,923,606,317
120000091,1373,1206,167
120000092,1574,739,835
120000093,697,493,204
120000094,251,763,-512
120000095,1242,519,723
120000096,352,786,-434
120000098,1242,914,328
120000099,683,850,-167
120000100,936,838,98
120000101,793,613,180
120000102,725,981,-256
120000103,1777,967,810
120000104,2244,619,1625
120000105,3605,759,2846
120000106,2771,719,2052
120000107,5115,680,4435
120000108,1770,182,1588
120000109,1371,131,1240
120000110,85,940,-855
120000111,137,1044,-907
120000112,825,2387,-1562
120000113,590,1815,-1225
120000114,1029,2223,-1194
120000115,394,1968,-1574
120000116,867,1948,-1081
120000117,875,1425,-550
120000118,114,59,55
120000119,40,70,-30
120000120,116,90,26
120000121,24,103,-79
120000122,293,443,-150
120000123,4056,6771,-2715
120000124,562,485,77
120000125,625,668,-43
120000126,411,1170,-759
120000127,2775,1365,1410
120000128,3464,5178,-1714
120000129,382,373,9
120000130,866,628,238
120000131,389,877,-488
120000134,435,1067,-632
120000135,795,583,212
120000137,419,1289,-870
120000138,1398,552,846
120000139,479,656,-177
120000140,1118,691,427
120000141,492,425,67
120000142,820,728,92
120000143,1,135,-134
120000144,176,0,176
120000145,503,2,501
120000146,1071,1004,67
120000149,790,1036,-246
120000150,3540,14125,-10585
120000151,514,462,52
120000152,694,199,495
120000153,592,568,24
120000154,696,489,207
120000155,151,288,-137
120000156,876,1411,-535
120000157,1047,764,283
120000158,1180,809,371
120000159,2036,2624,-588
120000160,2643,1869,774
120000161,2564,2398,166
120000162,104,248,-144
120000163,956,1146,-190
120000164,730,368,362
120000165,727,709,18
120000166,1717,606,1111
120000167,197,241,-44
120000168,21,973,-952
120000169,54,2062,-2008
120000170,125,1332,-1207
120000171,12,560,-548
120000172,26,279,-253
120000173,1371,1385,-14
120000174,264,39,225
120000175,190,51,139
120000176,142,49,93
120000177,1383,127,1256
120000178,113,22,91
120000179,286,49,237
120000180,2040,125,1915
120000181,251,1807,-1556
120000182,110,881,-771
120000183,10,610,-600
120000184,225,1625,-1400
120000186,71,773,-702
120000187,44,390,-346
120000188,112,630,-518
120000190,619,86,533
120000191,711,126,585
120000192,815,63,752
120000193,289,13,276
120000195,80,5,75
120000196,440,32,408
120000197,247,108,139
120000198,282,93,189
120000199,146,2,144
120000200,145,1,144
120000201,23,27,-4
120000202,2,56,-54
120000203,70,183,-113
120000207,1,70,-69
120000208,9,180,-171
120000209,3,58,-55
120000210,53,92,-39
120000211,229,2,227
120000212,237,1,236
120000213,217,298,-81
120000214,2,210,-208
120000215,8,120,-112
120000216,138,21,117
120000217,778,1535,-757
120000218,188,837,-649
120000219,2,516,-514
120000220,12,1405,-1393
120000225,2090,3,2087
120000226,457,7,450
120000227,1018,85,933
120000228,11597,4376,7221
120000230,526,26,500
120000231,1753,2135,-382
120000233,524,10,514
120000235,296,503,-207
120000236,1363,1,1362
120000237,2,1294,-1292
120000238,12,908,-896
120000241,1564,4261,-2697
120000412,881,66,815
120000413,363,305,58
120000414,177,11,166
120000415,4,84,-80
120000416,170,9,161
120000417,14,99,-85
120000418,302,29,273
120000419,21,256,-235
120000420,61,32,29
120000421,9916,6389,3527
120000422,134,1726,-1592
120000423,5,70,-65
120000424,101,120,-19
120000436,192,772,-580
120000437,151,142,9
120000438,2192,363,1829
120000439,258,598,-340
120000443,218,1,217
120000444,1811,469,1342
120000445,2378,1219,1159
120000446,708,244,464
120000447,294,2,292
120000449,232,14,218
120000450,10,182,-172
120000451,213,385,-172
120000452,320,5,315
120000453,0,294,-294
120000454,117,74,43
120000455,80,48,32
120000456,2711,4571,-1860
120000457,1409,502,907
120000458,542,671,-129
120000459,145,62,83
120000665,1800,372,1428
120000668,214,1410,-1196
120000669,150,240,-90
120000670,275,862,-587
120000671,1591,555,1036
120000672,113,683,-570
120900001,89,126,-37
120900002,610,900,-290
120900003,258,29,229
120900004,7,89,-82
120900005,35,1158,-1123
120900006,559,300,259
120900007,198,88,110
120900008,440,1150,-710
120900009,281,22,259
120900010,681,144,537
120900011,357,225,132
120900012,304,1606,-1302
120900013,452,194,258
120900014,2,606,-604
120900015,1340,110,1230
120900016,1076,91,985
120900017,2143,82,2061
120900018,276,485,-209
120900019,741,404,337
120900020,804,1541,-737
120900021,1001,319,682
120900022,28,356,-328
120900023,448,50,398
120900024,2363,660,1703
120900025,1857,1144,713
120900026,409,237,172
120900027,1021,12,1009
120900028,529,112,417
120900029,157,655,-498
120900030,1685,912,773
120900031,348,143,205
120900032,1530,127,1403
120900033,1460,119,1341
120900034,59,2921,-2862
120900035,71,180,-109
120900037,265,10,255
120900038,68,426,-358
120900039,137,68,69
120900040,429,10,419
120900041,172,35,137
120900042,713,55,658
120900043,102,57,45
120900044,16,417,-401
120900045,192,138,54
120900046,643,2,641
120900047,189,178,11
120900048,134,37,97
120900049,663,2,661
120900050,2271,1953,318
120900051,379,86,293
120900052,725,6,719
120900053,328,97,231
120900054,1841,653,1188
120900055,480,5,475
120900056,704,26,678
120900057,188,15,173
120900058,607,1,606
120900059,126,5,121
120900060,106,32,74
120900061,304,296,8
120900062,295,2,293
120900063,821,11,810
120900064,825,1,824
120900065,667,16,651
120900066,669,289,380
120900067,244,63,181
120900068,417,0,417
120900069,255,46,209
120900071,50,6,44
120900072,902,13,889
120900073,710,140,570
120900074,917,17,900
120900076,369,9,360
120900077,3256,531,2725
120900078,974,793,181
120900079,973,114,859
120900080,974,1419,-445
120900081,1186,552,634
120900082,436,491,-55
120900083,142,40,102
120900084,401,544,-143
120900085,126,149,-23
120900086,108,440,-332
120900087,603,422,181
120900088,238,578,-340
120900089,2782,3467,-685
120900090,362,112,250
120900091,764,1175,-411
120900092,1224,583,641
120900093,2051,200,1851
120900094,541,210,331
120900095,586,20,566
120900096,76,327,-251
120900097,989,818,171
120900098,297,227,70
120900099,125,85,40
120900100,115,218,-103
120900101,571,281,290
120900102,65,80,-15
120900103,97,255,-158
120900104,28,67,-39
120900105,39,525,-486
120900106,1008,557,451
120900107,295,181,114
120900108,13,523,-510
120900109,40,559,-519
120900110,16,499,-483
120900111,226,388,-162
120900112,8,720,-712
120900113,13,706,-693
120900114,33,156,-123
120900115,204,311,-107
120900116,508,374,134
120900117,4,410,-406
120900118,14,606,-592
120900119,6568,4366,2202
120900120,102,474,-372
120900121,386,556,-170
120900122,674,459,215
120900123,6,339,-333
120900124,1,433,-432
120900125,13,634,-621
120900126,1545,902,643
120900127,22,503,-481
120900128,1010,1428,-418
120900129,61,272,-211
120900130,7,290,-283
120900131,141,158,-17
120900132,1271,293,978
120900133,235,839,-604
120900134,738,416,322
120900135,9,479,-470
120900136,58,102,-44
120900137,362,139,223
120900138,19,221,-202
120900139,4,616,-612
120900140,3,203,-200
120900141,211,223,-12
120900142,19,431,-412
120900143,2,683,-681
120900144,1,156,-155
120900145,258,692,-434
120900146,3,893,-890
120900147,8,503,-495
120900148,210,181,29
120900149,3,275,-272
120900150,53,453,-400
120900151,0,576,-576
120900152,2,33,-31
120900153,73,112,-39
120900154,2,341,-339
120900155,245,932,-687
120900156,83,343,-260
120900157,121,349,-228
120900158,102,546,-444
120900159,147,347,-200
120900160,30,621,-591
120900161,69,643,-574
120900162,173,762,-589
120900163,114,1114,-1000
120900164,0,40,-40
120900165,15,122,-107
120900166,166,902,-736
120900167,565,205,360
120900169,106,290,-184
120900170,921,3394,-2473
120900171,1311,272,1039
120900172,754,1743,-989
120900173,7,761,-754
120900174,15,133,-118
120900175,249,178,71
120900176,17,413,-396
120900177,1,1485,-1484
120900178,2,636,-634
120900179,867,458,409
120900180,105,157,-52
120900181,103,41,62
120900182,28,279,-251
120900183,646,102,544
120900184,361,120,241
120900185,17,369,-352
120900186,1,287,-286
120900187,712,1199,-487
120900188,309,9,300
120900189,126,1749,-1623
120900190,146,17,129
120900191,15,27,-12
120900192,9342,9446,-104
120900194,96,143,-47
120900195,137,399,-262
120900196,1120,20,1100
120900197,963,142,821
120900198,274,585,-311
120900199,648,1816,-1168
120900200,107,116,-9
120900201,486,193,293
120900202,7,125,-118
120900203,39,103,-64
120900204,135,270,-135
120900205,86,69,17
120900206,42,61,-19
121000001,822,1238,-416
121000002,2949,1498,1451
121000003,3175,2338,837
121000004,2939,3554,-615
121000005,1964,3158,-1194
121000006,4017,1996,2021
121000007,2811,3553,-742
121000008,5744,4596,1148
121000009,6610,6975,-365
121000010,9383,7582,1801
121000011,11637,14955,-3318
121000012,19685,13263,6422
121000013,5768,8098,-2330
121000014,6547,6051,496
121000015,4997,7924,-2927
121000016,4788,4063,725
121000017,2450,4275,-1825
121000018,3440,2069,1371
121000019,16630,13668,2962
121000020,16285,20176,-3891
121000021,3168,3410,-242
121000022,3222,3951,-729
121000023,4316,3388,928
121000024,6182,6135,47
121000025,852,1598,-746
121000026,500,184,316
121000027,2022,1564,458
121000028,1282,777,505
121000029,1078,758,320
121000030,809,542,267
121000031,863,832,31
121000032,306,168,138
121000034,382,342,40
121000035,173,202,-29
121000036,1212,960,252
121000037,693,598,95
121000038,694,1416,-722
121000039,402,695,-293
121000041,748,686,62
121000042,367,488,-121
121000043,831,730,101
121000044,1753,1226,527
121000045,513,354,159
121000046,946,1154,-208
121000047,76,163,-87
121000049,1532,726,806
121000050,448,1423,-975
121000051,721,375,346
121000052,541,796,-255
121000053,541,175,366
121000054,76,459,-383
121000055,1378,1505,-127
121000056,881,1311,-430
121000057,376,722,-346
121000058,477,274,203
121000059,2980,1616,1364
121000060,730,1165,-435
121000061,111,603,-492
121000062,213,497,-284
121000063,1103,847,256
121000064,1003,1051,-48
121000065,410,615,-205
121000066,820,807,13
121000067,667,739,-72
121000068,913,672,241
121000069,906,1218,-312
121000070,2026,1520,506
121000071,1730,1728,2
121000072,1822,919,903
121000073,1391,1321,70
121000074,241,159,82
121000075,55,579,-524
121000076,891,586,305
121000077,162,254,-92
121000078,140,198,-58
121000080,2138,817,1321
121000081,5949,3726,2223
121000082,110,325,-215
121000083,195,150,45
121000084,230,197,33
121000085,399,498,-99
121000086,383,852,-469
121000087,101,484,-383
121000088,630,819,-189
121000089,670,659,11
121000090,886,646,240
121000091,1821,1446,375
121000092,235,104,131
121000093,244,314,-70
121000094,730,1025,-295
121000095,471,1196,-725
121000096,2862,2863,-1
121000097,1321,3200,-1879
121000098,830,1328,-498
121000099,769,749,20
121000100,1095,426,669
121000101,556,423,133
121000102,375,374,1
121000103,428,356,72
121000104,364,219,145
121000105,602,281,321
121000106,523,567,-44
121000107,2194,3542,-1348
121000109,1373,1216,157
121000110,403,803,-400
121000114,3542,2247,1295
121000115,1358,664,694
121000116,228,897,-669
121000117,713,309,404
121000118,1615,249,1366
121000119,332,527,-195
121000120,486,641,-155
121000121,676,1735,-1059
121000123,1778,1080,698
121000126,96,349,-253
121000127,223,118,105
121000128,1201,476,725
121000129,1177,744,433
121000130,775,977,-202
121000131,2709,2431,278
121000132,2075,2336,-261
121000135,552,1084,-532
121000136,1446,1435,11
121000137,686,479,207
121000138,970,1984,-1014
121000139,467,739,-272
121000141,259,236,23
121000142,875,1143,-268
121000143,151,36,115
121000144,1317,2284,-967
121000145,725,1103,-378
121000146,1659,1321,338
121000147,1203,717,486
121000148,1131,1214,-83
121000149,2546,1615,931
121000152,563,553,10
121000153,2205,648,1557
121000154,1366,603,763
121000155,2032,1238,794
121000156,502,1142,-640
121000157,1043,1783,-740
121000158,401,476,-75
121000159,245,391,-146
121000160,351,379,-28
121000161,247,322,-75
121000162,182,207,-25
121000165,1802,2292,-490
121000166,37,464,-427
121000168,533,302,231
121000169,86,179,-93
121000170,389,113,276
121000171,118,200,-82
121000172,950,668,282
121000173,1578,1372,206
121000174,445,527,-82
121000175,1236,422,814
121000176,458,404,54
121000177,825,702,123
121000178,154,61,93
121000179,69,81,-12
121000181,444,459,-15
121000182,178,319,-141
121000183,121,213,-92
121000184,91,261,-170
121000185,61,225,-164
121000186,248,847,-599
121000187,287,208,79
121000188,269,205,64
121000192,1254,533,721
121000193,732,668,64
121000194,2542,2656,-114
121000195,318,975,-657
121000196,774,474,300
121000197,268,923,-655
121000198,231,178,53
121000199,228,461,-233
121000200,841,130,711
121000201,6,223,-217
121000202,1242,199,1043
121000203,894,1882,-988
121000204,3576,753,2823
121000205,175,323,-148
121000206,254,61,193
121000207,2567,439,2128
121000208,15,310,-295
121000209,402,228,174
121000210,746,381,365
121000211,322,168,154
121000212,543,602,-59
121000213,10957,3350,7607
121000214,1030,2109,-1079
121000215,1097,1176,-79
121000216,645,602,43
121000217,4266,2483,1783
121000218,379,1559,-1180
121000219,1586,491,1095
121000220,174,102,72
121000221,124,315,-191
121000222,2225,2650,-425
121000223,289,369,-80
121000224,300,223,77
121000225,891,2177,-1286
121000226,2179,1152,1027
121000227,17,122,-105
121000228,24,549,-525
121000229,519,324,195
121000230,66,1471,-1405
121000231,1329,34,1295
121000232,499,321,178
121000233,637,384,253
121000234,20,33,-13
121000235,64,79,-15
121000236,15,67,-52
121000237,70,33,37
121000238,13,78,-65
121000239,85,10,75
121000240,6,170,-164
121000241,128,13,115
121000242,51,302,-251
121000243,450,116,334
121000244,7,94,-87
121000245,88,25,63
121000246,4,119,-115
121000247,121,1,120
121000248,987,459,528
121000249,116,425,-309
121000250,631,305,326
121000251,24,281,-257
121000252,163,82,81
121000253,347,415,-68
121000254,632,175,457
121000255,140,277,-137
121000256,356,175,181
121000257,63,121,-58
121000258,95,83,12
121000259,55,106,-51
121000260,75,154,-79
121000261,82,92,-10
121000262,1243,1046,197
121000263,554,436,118
121000271,475,1632,-1157
121000273,55,5,50
121000274,7,53,-46
121000275,4,10,-6
121000276,9,17,-8
121000278,48,34,14
121000279,55,22,33
121000280,28,74,-46
121000289,249,27,222
121000290,1336,1098,238
121000294,197,172,25
121000297,826,1203,-377
121000299,126,896,-770
121000300,1065,608,457
121000302,52,1165,-1113
121000303,445,394,51
121000304,635,93,542
121000305,238,63,175
121000306,163,108,55
121000308,188,396,-208
121000309,432,580,-148
121000310,112,435,-323
121000311,83,815,-732
121000312,513,322,191
121000313,447,622,-175
121000314,126,131,-5
121000315,62,105,-43
121000530,1831,1440,391
121000531,1961,1679,282
121000532,7630,8536,-906
121000533,3999,4154,-155
121000918,44,116,-72
121000919,60,68,-8
121000938,98,166,-68
121000939,136,231,-95
121000956,1731,1117,614
121000957,9,19,-10
121000958,39,88,-49
121000959,903,730,173
121000960,1702,1866,-164
121000961,256,115,141
121000962,262,440,-178
121000973,1,217,-216
121000976,17,291,-274
121000979,716,219,497
121000981,395,147,248
121000982,406,189,217
121000983,455,372,83
121000984,37,102,-65
121000985,836,504,332
121000986,463,231,232
121000987,204,758,-554
121000988,828,122,706
121001302,296,165,131
121001308,1,18,-17
121001309,88,129,-41
121001313,181,183,-2
121001314,2315,2721,-406
121001315,5277,3096,2181
121900001,144,235,-91
121900002,33,36,-3
121900003,453,63,390
121900004,145,539,-394
121900005,41,10,31
121900006,135,38,97
121900007,2524,2433,91
121900008,2017,1127,890
121900009,835,23,812
121900010,275,3,272
121900011,393,576,-183
121900012,25,3,22
121900013,1189,154,1035
121900014,1523,397,1126
121900015,343,332,11
121900016,7,43,-36
121900017,617,577,40
121900018,442,13,429
121900019,604,301,303
121900020,49,4,45
121900021,1129,31,1098
121900022,372,276,96
121900023,217,491,-274
121900024,416,98,318
121900025,764,548,216
121900026,404,65,339
121900027,581,257,324
121900028,253,27,226
121900029,147,225,-78
121900030,521,629,-108
121900031,1155,7438,-6283
121900032,112,109,3
121900033,239,285,-46
121900034,324,122,202
121900035,3487,2727,760
121900036,118,406,-288
121900037,248,1557,-1309
121900038,57,189,-132
121900039,432,79,353
121900040,138,170,-32
121900041,144,239,-95
121900042,527,203,324
121900043,6,10,-4
121900044,209,52,157
121900046,366,534,-168
121900047,295,73,222
121900048,85,118,-33
121900050,48,87,-39
121900051,279,204,75
121900052,241,56,185
121900053,642,399,243
121900054,567,1147,-580
121900055,0,24,-24
121900058,286,203,83
121900059,548,256,292
121900060,165,425,-260
121900061,289,245,44
121900062,246,204,42
121900063,1818,478,1340
121900064,380,631,-251
121900066,96,52,44
121900067,77,85,-8
121900069,196,234,-38
121900070,271,150,121
121900071,503,304,199
121900072,51,151,-100
121900073,369,278,91
121900074,1073,1407,-334
121900075,545,635,-90
121900076,524,689,-165
121900077,27,32,-5
121900078,117,74,43
121900079,0,0,0
121900080,1168,507,661
121900082,63,94,-31
121900084,49,132,-83
121900085,5,13,-8
121900086,26,101,-75
121900087,244,134,110
121900088,2896,4321,-1425
121900089,295,328,-33
121900090,48,125,-77
121900091,91,78,13
121900092,118,224,-106
121900093,114,118,-4
121900094,16,4,12
121900095,356,205,151
121900096,1730,1128,602
121900097,771,235,536
121900098,14,11,3
121900099,274,110,164
121900100,244,611,-367
121900101,213,178,35
121900102,8,181,-173
121900103,601,389,212
121900104,1769,292,1477
121900105,366,252,114
121900106,11,13,-2
121900107,94,35,59
121900108,1,21,-20
121900109,349,235,114
121900110,634,875,-241
121900111,822,393,429
121900112,196,278,-82
121900113,88,598,-510
121900114,126,85,41
121900117,356,260,96
121900118,2227,675,1552
121900119,315,147,168
121900120,86,1409,-1323
121900121,580,55,525
121900122,42,78,-36
121900123,405,474,-69
121900124,174,209,-35
121900125,2743,1211,1532
121900127,50,131,-81
121900128,127,120,7
121900129,824,269,555
121900130,129,240,-111
121900131,308,111,197
121900132,91,142,-51
121900133,86,1190,-1104
121900134,45,323,-278
121900135,4641,623,4018
121900136,455,361,94
121900137,85,402,-317
121900138,113,234,-121
121900139,364,814,-450
121900140,65,196,-131
121900141,78,89,-11
121900142,232,167,65
121900143,34,215,-181
121900144,207,350,-143
121900145,384,424,-40
121900146,766,902,-136
121900147,85,250,-165
121900148,237,439,-202
121900149,471,627,-156
121900150,79,146,-67
121900151,138,251,-113
121900152,157,152,5
121900153,159,1042,-883
121900154,22,273,-251
121900155,10,322,-312
121900156,260,186,74
121900157,4,465,-461
121900158,100,130,-30
121900159,1,228,-227
121900160,105,354,-249
121900161,385,431,-46
121900162,112,226,-114
121900163,322,443,-121
121900164,394,259,135
121900165,268,185,83
121900166,178,195,-17
121900167,107,162,-55
121900168,131,223,-92
121900169,6,210,-204
121900170,29,224,-195
121900171,1012,809,203
121900172,712,273,439
121900173,1058,353,705
121900174,82,84,-2
121900175,235,378,-143
121900176,738,1488,-750
121900177,278,117,161
121900178,32,40,-8
121900179,554,216,338
121900180,3737,5572,-1835
121900182,795,421,374
121900183,644,1732,-1088
121900184,109,1015,-906
121900186,8,447,-439
121900187,60,244,-184
121900188,727,384,343
121900189,52,153,-101
121900190,324,540,-216
121900191,168,243,-75
121900192,432,999,-567
121900193,60,158,-98
121900194,12,321,-309
121900195,116,113,3
121900196,1013,1086,-73
121900197,473,1515,-1042
121900198,1499,1227,272
121900199,1,49,-48
121900200,64,220,-156
121900201,1084,1049,35
121900202,161,847,-686
121900203,365,1424,-1059
121900204,970,1380,-410
121900205,27,115,-88
121900206,21,83,-62
121900207,197,51,146
121900208,172,359,-187
121900209,108,50,58
121900210,1923,1155,768
121900211,35,114,-79
121900212,219,176,43
121900213,276,109,167
121900214,23,534,-511
121900215,48,131,-83
121900216,30,426,-396
121900217,390,235,155
121900218,237,482,-245
121900220,215,18,197
121900221,312,693,-381
121900222,220,240,-20
121900223,379,73,306
121900224,144,64,80
121900225,131,131,0
121900226,392,1075,-683
121900227,356,623,-267
121900228,206,302,-96
121900230,93,485,-392
121900231,502,3101,-2599
121900232,278,466,-188
121900233,297,352,-55
121900234,391,269,122
121900235,688,147,541
121900236,425,213,212
121900237,245,414,-169
121900238,180,321,-141
121900239,275,59,216
121900240,424,238,186
121900241,77,68,9
121900242,15,1,14
121900243,22,0,22
121900244,53,5,48
121900245,272,79,193
121900246,3035,502,2533
121900247,438,315,123
121900248,1696,1672,24
121900250,356,358,-2
121900251,682,65,617
121900252,659,161,498
121900253,140,874,-734
121900254,465,349,116
121900255,584,157,427
121900258,4399,2300,2099
121900259,412,617,-205
121900260,192,185,7
121900261,186,588,-402
121900262,472,1063,-591
121900263,388,263,125
121900264,1896,1455,441
121900265,431,225,206
121900266,619,228,391
121900267,107,36,71
121900269,326,792,-466
121900270,56,207,-151
121900271,65,161,-96
121900273,598,1945,-1347
121900274,412,255,157
121900277,566,1515,-949
121900278,146,1238,-1092
121900279,176,237,-61
121900280,188,488,-300
121900281,510,708,-198
121900284,94,14,80
121900286,185,126,59
121900287,14,38,-24
121900288,3,0,3
121900290,344,530,-186
121900291,331,799,-468
121900292,194,167,27
121900293,1098,2918,-1820
121900294,353,9,344
121900295,212,234,-22
121900296,84,269,-185
121900298,331,937,-606
121900299,1,6,-5
121900300,133,7,126
121900301,59,7,52
121900302,6,31,-25
121900303,284,518,-234
121900304,5,17,-12
121900305,1,10,-9
121900306,274,4,270
121900307,87,12,75
121900308,61,343,-282
121900309,9,240,-231
121900310,15,441,-426
121900311,597,21,576
121900312,482,21,461
121900313,410,31,379
121900314,4,53,-49
121900315,21,1,20
121900316,0,10,-10
121900317,35,11,24
121900318,3,11,-8
121900319,82,160,-78
121900320,45,32,13
121900321,35,2,33
121900322,1,14,-13
121900323,32,22,10
121900324,1,49,-48
121900325,20,11,9
121900326,4,17,-13
121900327,7,54,-47
121900328,0,29,-29
121900329,0,157,-157
121900330,1,18,-17
121900331,177,88,89
121900332,159,39,120
121900333,24,5,19
122000001,2570,5845,-3275
122000002,4026,1811,2215
122000003,2292,3522,-1230
122000004,3276,2009,1267
122000005,3008,2431,577
122000006,1978,1285,693
122000007,1072,1838,-766
122000008,3551,5263,-1712
122000009,509,519,-10
122000010,2531,3234,-703
122000011,3649,1842,1807
122000012,1125,1930,-805
122000013,1250,1085,165
122000014,1980,1148,832
122000015,1656,1282,374
122000016,696,907,-211
122000017,1512,1271,241
122000018,1758,1626,132
122000019,905,1192,-287
122000020,291,308,-17
122000021,322,637,-315
122000022,1322,1217,105
122000023,790,2032,-1242
122000024,793,1565,-772
122000025,958,2306,-1348
122000026,1026,1572,-546
122000027,730,2001,-1271
122000028,1045,517,528
122000029,638,622,16
122000030,251,177,74
122000031,203,302,-99
122000032,1885,1872,13
122000033,674,1417,-743
122000034,732,846,-114
122000035,385,737,-352
122000036,703,645,58
122000037,428,331,97
122000038,259,397,-138
122000039,611,451,160
122000040,251,324,-73
122000041,567,714,-147
122000042,380,448,-68
122000043,180,134,46
122000044,157,179,-22
122000045,1204,575,629
122000046,849,836,13
122000047,250,238,12
122000048,4069,5290,-1221
122000049,6769,4438,2331
122000050,1565,971,594
122000051,333,402,-69
122000052,825,646,179
122000053,242,1065,-823
122000054,2785,2454,331
122000055,2585,3701,-1116
122000056,4663,3650,1013
122000057,3602,4203,-601
122000058,2227,1877,350
122000059,2848,2485,363
122000060,604,930,-326
122000061,622,849,-227
122000062,785,385,400
122000063,1038,898,140
122000064,3298,3745,-447
122000065,3489,2954,535
122000066,1109,1305,-196
122000067,1756,1384,372
122000068,1964,1127,837
122000069,918,818,100
122000070,1127,1521,-394
122000071,2152,1425,727
122000072,424,516,-92
122000073,388,905,-517
122000074,3144,1884,1260
122000075,971,1464,-493
122000076,3270,1508,1762
122000077,1094,1075,19
122000078,1834,3182,-1348
122000079,840,1598,-758
122000080,750,496,254
122000081,218,242,-24
122000082,485,1077,-592
122000083,2335,1711,624
122000084,2024,1102,922
122000085,351,1222,-871
122000086,2948,6622,-3674
122000087,535,428,107
122000088,447,737,-290
122000089,5545,2837,2708
122000090,284,637,-353
122000091,159,140,19
122000092,168,35,133
122000093,2058,2815,-757
122000094,6470,4321,2149
122000095,2772,5641,-2869
122000096,2538,2282,256
122000098,3784,3386,398
122000099,1813,868,945
122000100,958,754,204
122000101,486,808,-322
122000102,2627,1406,1221
122000103,2297,1973,324
122000104,583,244,339
122000105,686,338,348
122000106,698,855,-157
122000107,1314,565,749
122000108,560,925,-365
122000109,648,361,287
122000110,609,687,-78
122000111,3223,1706,1517
122000112,1266,1576,-310
122000113,720,752,-32
122000114,3314,1908,1406
122000115,2450,1472,978
122000116,898,729,169
122000117,2309,618,1691
122000118,902,1179,-277
122000119,5033,4147,886
122000120,2959,6982,-4023
122000121,2955,4480,-1525
122000122,871,2157,-1286
122000123,2322,2283,39
122000124,1464,786,678
122000125,973,1021,-48
122000126,782,1660,-878
122000127,1331,1704,-373
122000128,600,1101,-501
122000129,652,1882,-1230
122000130,4636,1985,2651
122000131,2451,1808,643
122000132,890,817,73
122000133,1122,1564,-442
122000134,1292,988,304
122000135,774,863,-89
122000136,1244,835,409
122000137,2542,1073,1469
122000139,1308,4713,-3405
122000140,751,756,-5
122000141,4976,1476,3500
122000142,357,1273,-916
122000143,755,933,-178
122000144,2144,2074,70
122000145,1672,1134,538
122000146,1075,2114,-1039
122000147,777,697,80
122000148,1750,2846,-1096
122000149,2907,2310,597
122000150,1491,1581,-90
122000151,235,542,-307
122000152,569,561,8
122000153,624,427,197
122000154,367,311,56
122000155,1965,3370,-1405
122000156,3173,3596,-423
122000157,1498,3510,-2012
122000158,425,934,-509
122000159,1093,2817,-1724
122000160,5814,4037,1777
122000161,2000,1903,97
122000162,3242,2412,830
122000163,331,96,235
122000164,71,128,-57
122000165,936,816,120
122000166,916,1341,-425
122000167,325,339,-14
122000168,240,603,-363
122000169,314,202,112
122000170,481,330,151
122000171,72,136,-64
122000172,2438,1533,905
122000173,2004,2851,-847
122000174,2578,1351,1227
122000175,1050,338,712
122000176,477,928,-451
122000177,1678,1850,-172
122000178,3407,2850,557
122000179,1984,2611,-627
122000180,2064,1739,325
122000181,1983,3773,-1790
122000182,2607,2363,244
122000183,2651,1300,1351
122000184,4038,3153,885
122000185,1901,2359,-458
122000186,568,927,-359
122000187,2293,1144,1149
122000188,601,291,310
122000189,360,418,-58
122000190,1045,1374,-329
122000191,1101,985,116
122000192,1352,473,879
122000193,568,1032,-464
122000194,544,175,369
122000195,170,520,-350
122000196,1462,824,638
122000197,603,967,-364
122000198,574,1046,-472
122000199,418,455,-37
122000200,932,689,243
122000201,1448,1902,-454
122000202,1522,1858,-336
122000203,3857,1875,1982
122000204,2051,2436,-385
122000205,1640,1939,-299
122000206,2868,1315,1553
122000207,2252,1992,260
122000208,2693,1751,942
122000209,1957,388,1569
122000210,2799,2005,794
122000211,1985,1940,45
122000212,1062,678,384
122000213,1243,1567,-324
122000214,2433,1963,470
122000215,2812,1887,925
122000217,2346,1758,588
122000218,950,85,865
122000219,1316,1079,237
122000220,521,891,-370
122000221,101,499,-398
122000222,695,192,503
122000223,1763,663,1100
122000225,1017,352,665
122000226,2109,2226,-117
122000227,389,2833,-2444
122000228,517,493,24
122000229,123,607,-484
122000230,163,542,-379
122000231,586,886,-300
122000232,730,1104,-374
122000233,0,127,-127
122000234,432,62,370
122000235,540,166,374
122000236,1605,124,1481
122000237,218,140,78
122000238,617,404,213
122000239,917,231,686
122000240,1534,806,728
122000241,2134,645,1489
122000242,1119,221,898
122000243,38,37,1
122000244,17,349,-332
122000245,20,75,-55
122000246,47,123,-76
122000247,706,325,381
122000248,1061,1862,-801
122000249,1320,1020,300
122000250,3099,1141,1958
122000251,303,509,-206
122000252,638,235,403
122000253,86,344,-258
122000254,382,136,246
122000255,838,1611,-773
122000256,366,904,-538
122000257,223,274,-51
122000258,441,287,154
122000259,18,513,-495
122000260,3,62,-59
122000261,34,220,-186
122000262,2,43,-41
122000263,687,194,493
122000264,2006,365,1641
122000265,2980,1000,1980
122000266,4982,783,4199
122000267,197,143,54
122000268,161,375,-214
122000269,1167,406,761
122000270,606,234,372
122000271,319,1065,-746
122000272,440,926,-486
122000273,581,421,160
122000274,340,237,103
122000275,82,247,-165
122000276,1011,668,343
122000277,1650,1805,-155
122000278,2266,769,1497
122000279,285,486,-201
122000280,1034,809,225
122000281,1064,813,251
122000282,260,559,-299
122000283,326,207,119
122000284,212,94,118
122000285,299,147,152
122000286,65,207,-142
122000287,1617,1373,244
122000288,626,303,323
122000291,2555,901,1654
122000293,336,282,54
122000294,198,255,-57
122000295,1378,206,1172
122000296,37,508,-471
122000297,2831,3348,-517
122000299,752,429,323
122000300,610,618,-8
122000301,8896,3618,5278
122000302,602,1774,-1172
122000303,2879,1364,1515
122000304,62,303,-241
122000305,1416,293,1123
122000306,59,584,-525
122000307,171,124,47
122000309,58,58,0
122000310,20,123,-103
122000311,168,144,24
122000312,125,180,-55
122000313,121,90,31
122000314,144,233,-89
122000315,320,59,261
122000316,928,225,703
122000317,1786,392,1394
122000318,413,968,-555
122000319,249,407,-158
122000320,311,1232,-921
122000321,109,118,-9
122000322,2177,2277,-100
122000323,1357,2665,-1308
122000324,1308,1539,-231
122000325,1045,2072,-1027
122000326,117,81,36
122000327,814,1083,-269
122000328,1123,870,253
122000330,3086,1370,1716
122000332,201,373,-172
122000333,11,82,-71
122000337,1236,1429,-193
122000338,628,464,164
122000340,452,708,-256
122000342,1829,1118,711
122000343,526,1198,-672
122000344,99,20,79
122000345,61,33,28
122000346,488,469,19
122000348,1075,878,197
122000349,156,978,-822
122000351,189,189,0
122000352,257,222,35
122000353,124,71,53
122000355,148,483,-335
122000356,1132,1433,-301
122000357,106,29,77
122000358,1,67,-66
122000359,0,41,-41
122000360,2,58,-56
122000362,22,51,-29
122000364,273,389,-116
122000365,3,56,-53
122000366,7,15,-8
122000368,485,819,-334
122000370,35,62,-27
122000371,27,0,27
122000372,10,2,8
122000381,150,355,-205
122000382,108,270,-162
122000384,2618,1219,1399
122000385,97,0,97
122000386,386,1639,-1253
122000387,602,810,-208
122000388,1818,801,1017
122000389,219,781,-562
122000390,420,358,62
122000391,399,288,111
122000392,187,231,-44
122000393,40,141,-101
122000394,635,253,382
122000395,212,156,56
122000396,317,115,202
122000397,43,60,-17
122000398,25,50,-25
122000399,186,93,93
122000400,123,662,-539
122000401,180,91,89
122000402,430,133,297
122000403,591,774,-183
122000404,229,222,7
122000408,903,1327,-424
122000503,14,121,-107
122000524,240,195,45
122000544,112,2516,-2404
122000616,420,6,414
122000640,110,169,-59
122000641,185,372,-187
122000642,1272,1015,257
122000643,65,216,-151
122000644,172,49,123
122000645,124,177,-53
122000651,1363,1145,218
122000664,134,42,92
122000665,1551,692,859
122000666,944,1409,-465
122000673,20,222,-202
122000674,235,86,149
122000675,1787,839,948
122000686,472,1135,-663
122000687,1545,345,1200
122000688,503,604,-101
122000689,1136,367,769
122000690,2486,486,2000
122000691,1164,1444,-280
122000692,1878,557,1321
122000693,528,1869,-1341
122000695,334,335,-1
122000696,555,253,302
122000698,460,557,-97
122000699,185,120,65
122000701,1500,335,1165
122000702,617,1061,-444
122000703,237,79,158
122000717,97,66,31
122000718,457,824,-367
122000719,142,88,54
122000720,605,197,408
122000724,130,31,99
122900001,65,5,60
122900002,1137,5772,-4635
122900003,554,58,496
122900004,2812,115,2697
122900005,150,236,-86
122900006,670,1612,-942
122900007,180,104,76
122900008,521,349,172
122900009,1033,701,332
122900010,327,172,155
122900012,297,585,-288
122900014,149,302,-153
122900015,1960,1872,88
122900016,183,301,-118
122900017,399,1103,-704
122900018,238,38,200
122900019,14,137,-123
122900020,156,484,-328
122900021,71,474,-403
122900022,1084,824,260
122900023,678,240,438
122900024,190,142,48
122900025,7,441,-434
122900026,72,278,-206
122900027,71,646,-575
122900028,139,173,-34
122900029,4783,3164,1619
122900030,1110,718,392
122900031,57,402,-345
122900032,192,639,-447
122900033,223,165,58
122900034,4525,5498,-973
122900035,149,94,55
122900036,57,95,-38
122900037,443,177,266
122900038,125,3520,-3395
122900039,127,712,-585
122900040,253,657,-404
122900041,274,515,-241
122900042,262,313,-51
122900043,340,234,106
122900044,158,427,-269
122900045,129,141,-12
122900046,190,498,-308
122900047,191,218,-27
122900048,78,213,-135
122900049,1349,193,1156
122900051,105,167,-62
122900052,173,131,42
122900053,28,48,-20
122900055,688,119,569
122900057,294,49,245
122900061,604,240,364
122900062,780,707,73
122900063,177,290,-113
122900064,898,548,350
122900065,681,240,441
122900066,862,371,491
122900067,1242,741,501
122900068,225,409,-184
122900069,605,1601,-996
122900070,390,50,340
122900071,134,293,-159
122900072,22,435,-413
122900073,49,186,-137
122900074,1231,606,625
122900075,1,60,-59
122900076,18,204,-186
122900077,0,136,-136
122900078,232,73,159
122900080,56,38,18
122900081,239,255,-16
122900082,1149,454,695
122900083,216,256,-40
122900084,11,254,-243
122900086,17,145,-128
122900087,312,515,-203
122900088,60,266,-206
122900089,107,343,-236
122900090,30,379,-349
122900091,351,0,351
122900092,2,208,-206
122900093,4,210,-206
122900094,12,205,-193
122900095,259,18,241
122900096,477,188,289
122900097,50,58,-8
122900098,70,179,-109
122900099,66,31,35
122900100,293,576,-283
122900101,726,344,382
122900102,27,40,-13
122900103,165,22,143
122900104,280,11,269
122900105,54,13,41
122900106,0,100,-100
122900107,9,158,-149
122900108,6,158,-152
123000001,1169,485,684
123000002,3336,5767,-2431
123000003,4608,4263,345
123000004,3367,4232,-865
123000005,2993,2885,108
123000006,2395,2687,-292
123000007,4535,2839,1696
123000008,3022,3227,-205
123000009,4288,2962,1326
123000010,3151,3466,-315
123000011,2074,873,1201
123000012,751,2183,-1432
123000013,3705,982,2723
123000014,786,3497,-2711
123000015,3396,1131,2265
123000016,4259,4688,-429
123000017,3953,2017,1936
123000018,129,110,19
123000019,559,181,378
123000020,326,57,269
123000021,177,197,-20
123000022,436,1789,-1353
123000023,1928,2032,-104
123000024,1787,815,972
123000025,73,136,-63
123000026,34,144,-110
123000027,95,972,-877
123000028,1376,1487,-111
123000029,598,1948,-1350
123000030,319,290,29
123000031,460,282,178
123000032,638,175,463
123000033,248,68,180
123000034,1144,817,327
123000035,553,499,54
123000036,352,1060,-708
123000037,351,378,-27
123000038,139,223,-84
123000039,519,1903,-1384
123000040,871,409,462
123000041,1354,1303,51
123000042,819,725,94
123000043,3234,12088,-8854
123000044,4679,3104,1575
123000045,6994,3749,3245
123000046,819,1862,-1043
123000047,1944,1214,730
123000048,136,1098,-962
123000049,6919,11588,-4669
123000050,2005,1836,169
123000051,144,263,-119
123000052,1037,4153,-3116
123000053,3327,3759,-432
123000054,2143,1982,161
123000055,1816,3239,-1423
123000056,1284,2026,-742
123000057,10539,8529,2010
123000058,805,1277,-472
123000059,564,654,-90
123000060,1226,509,717
123000061,358,811,-453
123000063,1034,1018,16
123000064,1312,355,957
123000065,4721,3184,1537
123000066,867,680,187
123000067,1209,731,478
123000068,3282,3150,132
123000069,7477,3712,3765
123000070,349,746,-397
123000071,1589,939,650
123000072,1414,872,542
123000073,1763,852,911
123000074,1271,946,325
123000075,644,1389,-745
123000076,1015,821,194
123000077,2188,2467,-279
123000078,2162,1516,646
123000079,2077,2149,-72
123000080,2774,1881,893
123000081,233,373,-140
123000082,429,1206,-777
123000083,1148,374,774
123000084,789,497,292
123000085,404,86,318
123000086,740,176,564
123000087,454,355,99
123000088,1705,875,830
123000089,730,1030,-300
123000090,1259,884,375
123000091,1573,1317,256
123000092,1002,1196,-194
123000094,693,274,419
123000095,728,656,72
123000096,932,471,461
123000097,647,709,-62
123000098,1094,600,494
123000099,849,778,71
123000100,584,875,-291
123000101,601,789,-188
123000102,630,858,-228
123000104,617,549,68
123000105,835,668,167
123000106,655,573,82
123000107,530,507,23
123000108,741,1133,-392
123000111,1131,410,721
123000112,1613,626,987
123000113,573,1255,-682
123000114,424,701,-277
123000115,407,348,59
123000116,57,152,-95
123000117,1988,1898,90
123000118,612,821,-209
123000119,290,846,-556
123000120,369,827,-458
123000121,600,491,109
123000122,325,289,36
123000123,513,514,-1
123000124,494,499,-5
123000125,1473,1576,-103
123000126,1455,5337,-3882
123000127,780,669,111
123000128,376,333,43
123000129,998,287,711
123000130,923,125,798
123000131,1143,823,320
123000132,399,682,-283
123000133,288,502,-214
123000134,450,152,298
123000135,2960,1394,1566
123000136,262,718,-456
123000137,156,312,-156
123000138,155,425,-270
123000139,741,135,606
123000140,177,808,-631
123000141,1108,175,933
123000142,1186,1084,102
123000143,962,1797,-835
123000144,28,29,-1
123000145,174,201,-27
123000146,40,102,-62
123000147,84,97,-13
123000149,408,516,-108
123000150,151,321,-170
123000151,303,510,-207
123000152,116,481,-365
123000153,223,833,-610
123000154,1815,2556,-741
123000155,2315,1464,851
123000156,35,178,-143
123000157,790,1007,-217
123000158,717,951,-234
123000159,3841,3296,545
123000160,1239,1049,190
123000161,2225,1385,840
123000162,1519,1838,-319
123000163,894,194,700
123000164,1988,344,1644
123000165,510,1497,-987
123000166,39,150,-111
123000167,201,323,-122
123000168,341,227,114
123000169,1007,142,865
123000170,63,178,-115
123000171,1018,28,990
123000172,206,590,-384
123000173,897,407,490
123000174,1342,528,814
123000175,683,1348,-665
123000176,1434,385,1049
123000177,392,1153,-761
123000178,939,194,745
123000179,34,603,-569
123000180,1924,381,1543
123000181,390,1084,-694
123000182,269,432,-163
123000183,225,575,-350
123000184,133,618,-485
123000185,1109,366,743
123000186,3,510,-507
123000187,700,8,692
123000188,200,0,200
123000189,222,184,38
123000190,117,101,16
123000192,17,459,-442
123000193,80,816,-736
123000194,491,334,157
123000195,477,53,424
123000196,411,31,380
123000197,84,118,-34
123000198,36,517,-481
123000199,16,718,-702
123000200,682,9,673
123000201,1331,38,1293
123000202,35,996,-961
123000203,1032,83,949
123000204,98,1005,-907
123000205,561,1411,-850
123000206,2633,344,2289
123000207,113,800,-687
123000208,747,271,476
123000209,2673,647,2026
123000210,533,1672,-1139
123000211,627,2314,-1687
123000212,3815,633,3182
123000213,788,131,657
123000215,93,196,-103
123000216,199,620,-421
123000217,285,50,235
123000218,70,802,-732
123000219,808,67,741
123000220,734,120,614
123000221,195,135,60
123000222,618,433,185
123000223,559,331,228
123000224,457,373,84
123000225,388,79,309
123000226,111,474,-363
123000227,98,340,-242
123000228,344,64,280
123000229,963,1455,-492
123000232,119,665,-546
123000233,957,188,769
123000234,229,645,-416
123000235,1402,354,1048
123000236,398,754,-356
123000237,401,108,293
123000238,79,512,-433
123000239,597,1429,-832
123000240,76,578,-502
123000241,479,134,345
123000242,268,192,76
123000243,710,813,-103
123000244,865,681,184
123000245,89,161,-72
123000249,316,504,-188
123000252,1120,347,773
123000253,1576,617,959
123000254,924,1132,-208
123000255,1410,1101,309
123000256,38,329,-291
123000257,2848,2077,771
123000258,1077,971,106
123000259,440,411,29
123000260,568,435,133
123000261,363,186,177
123000262,95,171,-76
123000263,514,110,404
123000264,324,127,197
123000265,63,146,-83
123000266,722,749,-27
123000267,933,397,536
123000268,56,94,-38
123000269,74,113,-39
123000270,64,79,-15
123000271,54,90,-36
123000272,801,343,458
123000273,304,721,-417
123000274,1328,636,692
123000275,410,924,-514
123000278,2738,2758,-20
123000279,143,86,57
123000280,375,373,2
123000281,350,165,185
123000282,156,350,-194
123000283,192,71,121
123000284,54,81,-27
123000286,256,488,-232
123000287,536,391,145
123000288,1642,1200,442
123000289,460,1489,-1029
123000291,362,1027,-665
123000294,191,303,-112
123000295,986,1028,-42
123000296,605,424,181
123000297,776,461,315
123000298,792,409,383
123000299,70,194,-124
123000300,1175,977,198
123000301,191,319,-128
123000302,178,159,19
123000303,212,313,-101
123000305,1007,889,118
123000306,211,135,76
123000309,59,56,3
123000310,65,55,10
123000311,0,69,-69
123000312,430,781,-351
123000313,712,278,434
123000315,387,333,54
123000316,979,98,881
123000317,212,89,123
123000318,61,189,-128
123000329,22,14,8
123000337,904,325,579
123000338,406,136,270
123000339,329,102,227
123000340,125,333,-208
123000342,12,22,-10
123000343,53,11,42
123000344,1224,565,659
123000345,378,659,-281
123000346,472,51,421
123000352,1357,896,461
123000353,40,92,-52
123000354,268,12,256
123000355,0,269,-269
123000356,438,13,425
123000357,1,155,-154
123000359,7,181,-174
123000360,256,91,165
123000361,250,302,-52
123000362,512,89,423
123000363,138,211,-73
123000364,744,687,57
123000365,26,412,-386
123000366,502,2303,-1801
123000367,386,993,-607
123000370,47,352,-305
123000371,672,66,606
123000372,462,57,405
123000373,17,401,-384
123000374,11,237,-226
123000375,443,34,409
123000376,1190,790,400
123000377,533,18,515
123000378,12,264,-252
123000379,6,228,-222
123000380,43,482,-439
123000381,135,76,59
123000382,1048,189,859
123000383,210,1465,-1255
123000384,495,135,360
123000385,192,555,-363
123000436,80,1100,-1020
123000507,112,222,-110
123000508,211,1174,-963
123000517,330,35,295
123000518,39,243,-204
123000519,211,69,142
123000520,77,238,-161
123000521,422,122,300
123000522,170,415,-245
123000541,23,7,16
123000542,0,14,-14
123000565,1,3,-2
123000566,1225,515,710
123000567,121,221,-100
123000573,55,766,-711
123000574,872,89,783
123000575,1630,1210,420
123000576,1206,1326,-120
123000577,81,805,-724
123000578,579,70,509
123000579,1800,5901,-4101
123000580,54,24,30
123000582,667,41,626
123000583,40,374,-334
123000584,189,383,-194
123000585,0,86,-86
123000586,117,1,116
123000596,77,86,-9
123000597,83,158,-75
123000602,90,10,80
123000603,1088,522,566
123000604,540,673,-133
123000605,711,118,593
123000606,0,339,-339
123000609,11,339,-328
123000610,250,137,113
123000613,32,232,-200
123000614,368,74,294
123000615,48,98,-50
123000616,936,72,864
123000617,166,338,-172
123000618,97,701,-604
123000619,653,81,572
123000620,35,422,-387
123000622,558,26,532
123000624,292,49,243
123000630,1257,485,772
123000631,259,885,-626
123000632,754,753,1
123000633,1,158,-157
123000634,100,209,-109
123000635,140,145,-5
123000636,44,528,-484
123000637,187,97,90
123000638,531,58,473
123000639,1194,4954,-3760
123000640,19,573,-554
123900001,1261,91,1170
123900002,38,1446,-1408
123900003,278,479,-201
123900005,255,262,-7
123900006,286,52,234
124000001,2160,196,1964
124000002,100,1653,-1553
124000003,1192,160,1032
124000004,76,477,-401
124000005,1167,491,676
124000006,246,949,-703
124000007,465,118,347
124000008,11,476,-465
124000009,701,228,473
124000010,307,350,-43
124000011,995,297,698
124000012,301,495,-194
124000017,255,147,108
124000018,141,95,46
124000019,188,113,75
124000020,60,187,-127
124000021,137,111,26
124000022,133,219,-86
124000023,1413,1618,-205
124000024,1050,456,594
124000025,1161,2100,-939
124000026,1164,1082,82
124000027,4966,5649,-683
124000028,2037,4004,-1967
124000030,2615,1500,1115
124000031,1326,3550,-2224
124000032,1976,837,1139
124000033,41,186,-145
124000034,954,595,359
124000035,23,292,-269
124000036,87,199,-112
124000037,724,1334,-610
124000038,60,137,-77
124000039,1103,592,511
124000040,592,1540,-948
124000041,565,123,442
124000042,130,579,-449
124000043,124,105,19
124000044,65,220,-155
124000045,1043,561,482
124000046,388,713,-325
124000047,2014,948,1066
124000048,1237,1372,-135
124000049,1913,655,1258
124000050,1031,1847,-816
124000051,1251,541,710
124000052,798,906,-108
124000053,683,1715,-1032
124000054,1006,512,494
124000055,1597,3105,-1508
124000056,2311,1286,1025
124000057,1244,703,541
124000058,512,1041,-529
124000059,975,1471,-496
124000060,1261,632,629
124000061,1583,6147,-4564
124000062,3578,1888,1690
124000063,1263,1495,-232
124000064,2026,1218,808
124000065,10,405,-395
124000066,139,332,-193
124000067,272,168,104
124000068,20,27,-7
124000069,178,18,160
124000070,57,120,-63
124000071,483,99,384
124000072,301,473,-172
124000073,1274,190,1084
124000074,257,811,-554
124000075,482,32,450
124000076,9,163,-154
124000077,1282,1372,-90
124000078,2835,1504,1331
124000079,371,1879,-1508
124000080,727,210,517
124000081,322,613,-291
124000082,100,184,-84
124000083,67,91,-24
124000084,69,403,-334
124000085,98,45,53
124000086,72,105,-33
124000087,144,113,31
124000088,444,506,-62
124000089,1108,331,777
124000090,139,358,-219
124000091,468,127,341
124000092,115,504,-389
124000093,147,122,25
124000094,243,582,-339
124000095,140,79,61
124000096,220,314,-94
124000097,174,148,26
124000098,52,77,-25
124000099,295,145,150
124000100,96,110,-14
124000101,113,172,-59
124000102,68,65,3
124000103,151,124,27
124000104,108,43,65
124000105,109,140,-31
124000106,187,57,130
124000107,31,188,-157
124000108,65,23,42
124000109,195,98,97
124000110,174,91,83
124000111,259,183,76
124000112,776,630,146
124000113,125,157,-32
124000114,305,415,-110
124000115,397,719,-322
124000116,137,223,-86
124000117,74,119,-45
124000118,52,145,-93
124000119,1131,659,472
124000120,800,512,288
124000121,1412,749,663
124000122,601,1514,-913
124000123,1321,585,736
124000124,448,1266,-818
124000125,587,622,-35
124000126,418,692,-274
124000127,1147,482,665
124000128,716,1029,-313
124000129,2611,1884,727
124000130,982,623,359
124000131,1064,815,249
124000132,1068,807,261
124000133,1216,1120,96
124000134,1336,722,614
124000135,2111,2167,-56
124000136,1112,1020,92
124000137,1706,1218,488
124000138,1721,1441,280
124000139,753,54,699
124000140,31,436,-405
124000141,125,32,93
124000142,8,216,-208
124000143,80,19,61
124000144,8,58,-50
124000145,187,57,130
124000146,34,76,-42
124000148,41,125,-84
124000149,1529,539,990
124000150,369,762,-393
124000151,1046,477,569
124000152,986,1318,-332
124000153,1055,865,190
124000154,741,862,-121
124000155,1851,1024,827
124000156,1735,1314,421
124000169,276,620,-344
124000170,650,593,57
124000171,453,329,124
124000172,470,615,-145
124000173,672,253,419
124000174,482,627,-145
124000175,20,178,-158
124000176,87,24,63
124000177,16,49,-33
124000178,70,87,-17
124000190,69,74,-5
124000191,113,110,3
124000192,1464,412,1052
124000193,330,1003,-673
124000194,501,481,20
124000195,400,645,-245
124000196,998,903,95
124000197,55,51,4
124000198,45,110,-65
124000201,290,898,-608
124000202,654,466,188
124000203,408,453,-45
124000204,1124,347,777
124000205,103,370,-267
124000206,884,316,568
124000207,1,55,-54
124000209,215,336,-121
124000210,657,229,428
124000211,954,3,951
124000212,1,374,-373
124000213,546,253,293
124000214,475,546,-71
124000215,489,44,445
124000216,3,312,-309
124000329,186,1333,-1147
124000338,197,681,-484
124000339,1373,147,1226
124000341,1893,125,1768
124000344,53,10,43
124000357,1102,2313,-1211
124000358,895,1554,-659
124000359,1366,743,623
124000360,1078,426,652
124000361,1803,913,890
124000362,1006,1439,-433
124000363,254,365,-111
124000364,520,974,-454
124000365,497,933,-436
124000366,1228,997,231
124000367,122,501,-379
124000368,451,335,116
124000369,195,113,82
124000370,79,500,-421
124000402,32,32,0
124000403,229,21,208
124000404,27,95,-68
124000405,1445,1054,391
124000406,910,1093,-183
124000407,3,29,-26
124000411,26,336,-310
124000412,645,16,629
124000413,139,48,91
124000414,77,110,-33
124000415,100,128,-28
124000416,182,205,-23
124000417,200,133,67
124000418,293,136,157
124000419,145,101,44
124000420,130,89,41
124000421,110,155,-45
124000422,39,19,20
124000423,164,53,111
124000424,3,99,-96
124000425,81,19,62
124000426,2,48,-46
124000427,65,7,58
124000428,12,53,-41
124000429,104,67,37
124000430,720,539,181
124000431,235,567,-332
124000432,382,713,-331
124000439,6,2,4
124000442,7,101,-94
124000443,0,8,-8
124000445,131,793,-662
124000446,752,101,651
124900001,597,392,205
124900002,184,304,-120
124900003,1272,716,556
124900004,748,352,396
124900005,311,158,153
124900006,818,330,488
124900008,1319,715,604
124900009,198,434,-236
124900010,335,148,187
124900011,857,297,560
124900012,565,110,455
124900013,585,141,444
124900014,376,63,313
124900015,218,453,-235
124900016,82,136,-54
124900017,552,1689,-1137
124900018,85,8,77
124900020,148,101,47
124900021,420,88,332
124900022,58,7,51
124900024,375,46,329
124900026,109,51,58
124900027,119,611,-492
124900028,521,113,408
124900029,39,569,-530
124900030,12,146,-134
124900031,72,281,-209
124900032,234,250,-16
124900033,149,320,-171
124900034,26,142,-116
124900035,256,498,-242
124900036,3,92,-89
124900037,308,356,-48
124900038,348,262,86
124900039,1,104,-103
124900040,181,102,79
124900041,295,811,-516
124900042,121,2,119
124900043,643,800,-157
124900044,108,10,98
124900045,872,1299,-427
124900046,1026,313,713
124900047,158,190,-32
124900048,208,123,85
124900050,175,176,-1
124900052,81,498,-417
124900053,166,340,-174
124900054,1290,595,695
124900055,1,196,-195
124900057,6,69,-63
124900060,108,211,-103
124900061,179,10,169
124900062,237,14,223
124900066,0,18,-18
124900067,9,149,-140
124900068,258,702,-444
124900070,98,35,63
124900072,168,26,142
124900074,579,172,407
124900075,289,236,53
124900076,30,1315,-1285
124900077,38,151,-113
124900078,103,34,69
124900079,413,169,244
124900080,373,476,-103
124900081,1077,330,747
124900082,373,623,-250
124900083,303,453,-150
124900084,1559,151,1408
124900085,1027,654,373
124900086,104,1542,-1438
124900087,643,158,485
124900088,626,144,482
124900089,1150,30,1120
124900090,408,318,90
124900091,406,255,151
124900092,317,251,66
124900093,518,282,236
124900094,601,373,228
124900095,159,609,-450
124900096,626,346,280
124900097,469,81,388
124900098,234,308,-74
124900099,707,559,148
124900100,398,125,273
124900101,87,577,-490
124900102,341,49,292
124900103,152,214,-62
124900104,102,208,-106
124900105,154,122,32
124900106,506,68,438
124900107,219,32,187
124900108,180,90,90
124900109,122,124,-2
124900110,402,369,33
124900111,3,121,-118
124900112,74,535,-461
124900113,205,367,-162
124900114,174,201,-27
124900115,123,43,80
124900116,278,248,30
124900117,343,296,47
124900118,185,403,-218
124900119,490,175,315
124900120,29,382,-353
124900121,125,520,-395
124900122,335,269,66
124900123,271,176,95
124900124,233,385,-152
129000186,184,54,130
204000001,24,6,18
204000002,10,5,5
204000003,31,2,29
204000004,5,6,-1
204000005,669,519,150
204000006,1265,1059,206
204000011,16,37,-21
204000012,79,76,3
204000013,1,35,-34
204000019,583,518,65
204000020,780,496,284
204000021,1154,762,392
204000022,485,464,21
204000023,714,574,140
204000031,65,11,54
204000032,363,61,302
204000034,29,205,-176
204000035,3,1,2
204000036,6,24,-18
204000037,0,13,-13
204000038,1,12,-11
204000039,24,15,9
204000040,2,22,-20
204000041,4,26,-22
204000042,51,12,39
204000043,48,9,39
204000044,56,2,54
204000045,104,2,102
204000046,13,4,9
204000057,14,13,1
204000062,12,18,-6
204000068,23,212,-189
204000069,60,316,-256
204000070,75,102,-27
204000080,63,50,13
204000085,2107,1376,731
204000086,2041,1578,463
204000087,50,4,46
204000088,4,89,-85
204000090,23,307,-284
204000093,498,102,396
204000096,928,941,-13
204000097,502,15,487
204000099,1019,1490,-471
204000100,1515,1809,-294
204000105,2111,1281,830
204000110,504,801,-297
204000111,562,454,108
204000112,581,498,83
204000113,424,654,-230
204000114,959,662,297
204000115,534,328,206
204000116,494,476,18
204000119,2018,2784,-766
204000132,905,383,522
204000133,951,250,701
204000134,240,104,136
204000135,587,73,514
204000136,704,237,467
204000138,545,494,51
204000140,219,176,43
204000141,153,98,55
204000144,6,29,-23
204000145,623,48,575
204000146,53,390,-337
204000147,23,140,-117
204000148,428,23,405
204000154,5,2,3
204000155,8,7,1
204000177,83,51,32
204000179,27,4,23
204000180,0,16,-16
204000222,7,8,-1
204000235,20,24,-4
204000236,115,244,-129
204000238,45,39,6
204000240,413,104,309
204000263,482,807,-325
204000268,1175,825,350
204000308,188,15,173
204000317,4,77,-73
204000322,4,51,-47
204000323,31,5,26
204000328,260,64,196
204000329,61,207,-146
204000330,194,15,179
204000331,33,109,-76
204010341,12,181,-169
205000001,890,1655,-765
205000013,11,58,-47
205000014,35,97,-62
205000015,24,149,-125
205000016,29,150,-121
205000017,19,85,-66
205000022,227,770,-543
205000025,877,1103,-226
205000029,264,15,249
205000045,112,459,-347
205000046,94,412,-318
205000047,70,435,-365
205000048,290,695,-405
205000049,184,675,-491
205000050,476,317,159
205000059,2,206,-204
205000060,8,77,-69
205000061,1,109,-108
205000062,4,121,-117
205000063,30,132,-102
205000064,24,77,-53
205000065,76,433,-357
205000066,87,484,-397
205000067,40,693,-653
205000069,191,16,175
205000082,171,163,8
205000110,113,236,-123
205000111,177,215,-38
205000112,198,262,-64
205000113,176,377,-201
205000121,293,49,244
205000123,36,251,-215
205000126,419,78,341
205000127,661,103,558
205000128,426,60,366
205000129,609,57,552
205000130,134,11,123
205000131,59,12,47
205000132,101,1,100
205000133,77,0,77
205000134,301,0,301
205000137,86,167,-81
205000138,198,291,-93
205000139,29,145,-116
205000144,79,99,-20
205000145,519,196,323
205000151,200,36,164
205000152,254,22,232
205000153,237,26,211
205000154,153,34,119
205000155,141,8,133
205000207,8,135,-127
205000233,63,52,11
205000234,0,0,0
205000243,0,0,0
205000244,0,4,-4
205000245,9,164,-155
205000249,0,21,-21
205000250,2,3,-1
205000264,5,96,-91
206000027,12,2,10
206000028,12,7,5
206000043,14,56,-42
206000053,3,9,-6
206000054,1,27,-26
206000055,1,42,-41
206000075,7,35,-28
206000076,28,24,4
206000077,22,21,1
206000078,16,6,10
206000079,7,11,-4
206000082,485,68,417
206000100,25,471,-446
206000103,3,14,-11
206000104,21,17,4
206000105,4,12,-8
206000106,7,13,-6
206000108,595,43,552
206000125,52,0,52
206000157,47,503,-456
206000170,1,128,-127
206000171,6,147,-141
206000172,10,300,-290
206000173,1,169,-168
206000174,17,48,-31
206000175,3,57,-54
206000176,12,121,-109
206000177,3,114,-111
206000178,5,178,-173
206000179,4,159,-155
206000180,18,138,-120
206000181,7,118,-111
206000182,1,104,-103
206000183,9,382,-373
206000184,4,269,-265
206000185,8,112,-104
206000186,91,660,-569
206000223,9,210,-201
206000226,20,6,14
206000227,24,2,22
206000237,28,209,-181
206000238,39,342,-303
206000239,239,1356,-1117
206000240,3,49,-46
206000241,0,70,-70
206000242,9,159,-150
206000243,3,112,-109
206000244,47,414,-367
206000245,995,78,917
206000246,258,7,251
206000247,236,13,223
206000248,458,15,443
206000252,43,69,-26
206000258,25,76,-51
206000315,40,11,29
206000317,569,142,427
206000318,579,56,523
206000319,1779,119,1660
206000320,225,46,179
206000321,283,16,267
206000322,676,9,667
206000323,183,12,171
206000324,184,6,178
206000325,307,15,292
206000326,273,24,249
206000327,157,11,146
206000328,229,4,225
206000329,372,5,367
206000330,107,3,104
206000331,263,4,259
206000332,64,3,61
206000333,761,4,757
206000334,331,0,331
206000335,0,22,-22
206000361,4,187,-183
206000392,2,23,-21
206000405,136,0,136
206000441,44,15,29
206000498,41,2,39
206000515,76,41,35
206000530,337,72,265
206000531,294,242,52
206000532,1656,402,1254
206000535,202,1389,-1187
206000536,9,132,-123
206000537,8,164,-156
206000613,1594,289,1305
207000001,128,527,-399
207000002,123,273,-150
207000003,151,142,9
207000007,1077,294,783
207000008,152,8,144
207000009,39,45,-6
207000010,436,373,63
207000012,397,266,131
207000015,288,958,-670
207000019,233,68,165
207000021,582,166,416
207000022,207,143,64
207000023,261,50,211
207000024,6,16,-10
207000025,32,51,-19
207000026,77,33,44
207000027,18,57,-39
207000028,61,178,-117
207000029,219,416,-197
207000033,175,466,-291
207000034,276,121,155
207000039,482,154,328
207000040,496,79,417
207000041,211,60,151
207000042,242,63,179
207000043,248,211,37
207000051,135,219,-84
207000052,80,122,-42
207000053,412,442,-30
207000054,33,89,-56
207000055,172,97,75
207000056,338,279,59
207000057,122,181,-59
207000058,107,204,-97
207000059,73,302,-229
207000060,69,179,-110
207000061,217,554,-337
207000062,322,26,296
207000063,359,97,262
207000064,417,147,270
207000065,395,218,177
207000066,274,181,93
207000067,66,72,-6
207000068,157,53,104
207000069,684,321,363
207000082,9,263,-254
207000083,84,228,-144
207000084,263,224,39
207000085,222,25,197
207000086,177,10,167
207000106,73,40,33
207000107,100,22,78
207000108,100,14,86
207000109,96,13,83
207000110,114,97,17
207000111,107,132,-25
207000112,194,742,-548
207000114,23,35,-12
207000115,36,84,-48
207000116,26,398,-372
207000117,5,80,-75
207000118,1,76,-75
207000119,50,64,-14
207000123,227,19,208
207000124,87,36,51
207000125,63,59,4
207000126,73,81,-8
207000134,98,100,-2
207000135,19,205,-186
207000148,87,426,-339
207000149,82,37,45
207000152,153,360,-207
207000153,679,1198,-519
207000154,402,146,256
207000159,104,135,-31
207000160,163,306,-143
207000238,0,168,-168
207000242,6,181,-175
207000248,50,32,18
207000249,118,32,86
207000250,656,88,568
207000251,85,82,3
207000252,149,59,90
207000278,103,77,26
207000279,28,110,-82
207000280,697,81,616
207000281,130,608,-478
207000282,144,97,47
207000283,62,181,-119
207000284,61,246,-185
207000285,100,65,35
207000291,20,93,-73
207000304,112,42,70
207000306,79,272,-193
207000310,127,94,33
207000353,241,5,236
207000356,7,47,-40
207000357,17,17,0
207000358,16,53,-37
207000415,8,163,-155
207000417,69,6,63
207000418,70,128,-58
207000438,0,2,-2
207000439,758,895,-137
207000446,206,7,199
207000460,34,5,29
207000466,194,121,73
207000467,259,103,156
207000468,50,253,-203
207000476,15,66,-51
207000477,817,111,706
207000478,4,81,-77
207000523,0,12,-12
207000524,39,1,38
207000527,132,149,-17
207000530,648,13,635
207000531,382,15,367
207000532,150,54,96
207000534,447,92,355
207000535,39,467,-428
207000537,108,116,-8
207000540,13,187,-174
207000541,4,289,-285
207000548,28,255,-227
207000549,581,19,562
207000561,153,252,-99
207000562,48,234,-186
207000567,152,174,-22
207000568,232,85,147
207000569,508,622,-114
207000584,280,242,38
207000585,79,489,-410
207000616,0,75,-75
207000617,237,1,236
207900008,276,86,190
208000001,597,1089,-492
208000002,687,567,120
208000003,1187,422,765
208000004,1247,716,531
208000005,5,21,-16
208000019,755,996,-241
208000020,211,483,-272
208000021,325,316,9
208000022,1292,471,821
208000028,1162,1118,44
208000033,753,719,34
208000034,1247,1300,-53
208000040,281,185,96
208000041,797,618,179
208000042,1453,757,696
208000047,152,182,-30
208000064,2396,1487,909
208000066,1743,2838,-1095
208000070,332,360,-28
208000071,438,763,-325
208000072,412,1086,-674
208000080,308,353,-45
208000081,338,160,178
208000082,224,225,-1
208000083,131,309,-178
208000084,6,23,-17
208000085,757,523,234
208000086,436,879,-443
208000087,356,755,-399
208000089,1115,345,770
208000090,1171,500,671
208000093,146,184,-38
208000094,947,409,538
208000095,794,506,288
208000104,1149,848,301
208000105,834,973,-139
208000114,142,413,-271
208000115,601,406,195
208000116,699,1083,-384
208000117,135,178,-43
208000118,96,161,-65
208000155,607,1062,-455
208000158,1637,3929,-2292
208000186,3380,4871,-1491
208000204,799,1048,-249
208000205,1400,923,477
208000282,4780,3414,1366
209000004,405,202,203
209000005,30,28,2
209000006,475,184,291
209000007,306,373,-67
209000010,355,125,230
209000011,159,197,-38
209000012,114,154,-40
209000013,263,247,16
209000014,416,867,-451
209000025,377,46,331
209000026,709,136,573
209000027,348,635,-287
209000028,349,558,-209
209000029,498,711,-213
209000030,364,1146,-782
209000031,2111,1725,386
209000034,201,229,-28
209000035,146,156,-10
209000036,194,71,123
209000037,352,183,169
209000038,188,134,54
209000039,75,129,-54
209000040,359,504,-145
209000041,209,404,-195
209000042,307,366,-59
209000043,720,818,-98
209000044,254,881,-627
209000045,1248,547,701
209000046,618,556,62
209000047,526,251,275
209000048,624,446,178
209000049,76,74,2
209000050,161,104,57
209000051,264,203,61
209000052,155,151,4
209000062,44,90,-46
209000063,52,47,5
209000064,44,74,-30
209000065,94,36,58
209000066,96,38,58
209000067,112,47,65
209000080,24,151,-127
209000082,85,27,58
209000091,24,96,-72
209000093,38,33,5
209000094,158,235,-77
209000110,43,176,-133
209000111,762,1703,-941
209000112,1305,683,622
209000113,2102,666,1436
209000114,859,576,283
209000115,54,69,-15
209000116,342,353,-11
209000118,22,79,-57
209000119,16,29,-13
209000121,108,375,-267
209000135,104,235,-131
209000142,698,1922,-1224
209000143,70,68,2
209000144,54,129,-75
209000229,327,199,128
209000240,39,217,-178
209000259,51,65,-14
209000260,32,1027,-995
209000261,10,717,-707
209000262,3,455,-452
209000263,0,134,-134
209000264,1,160,-159
209000265,597,38,559
209000266,165,0,165
209000267,2441,15,2426
209000268,774,104,670
210000037,88,46,42
210000047,76,15,61
210000048,135,23,112
210000049,67,11,56
210000052,54,82,-28
210000053,24,58,-34
210000054,22,75,-53
210000070,192,7,185
210000071,157,0,157
210000072,57,0,57
210000073,0,37,-37
210000074,0,101,-101
210000075,5,130,-125
210000076,31,165,-134
210000077,12,40,-28
210000078,34,47,-13
210000079,29,9,20
210000080,94,90,4
210000081,255,32,223
210000082,144,2,142
210000083,106,1,105
210000084,95,0,95
210000085,1,75,-74
210000086,8,112,-104
210000099,49,190,-141
210000100,76,161,-85
210000101,107,159,-52
210000105,59,176,-117
210000159,1,153,-152
210000163,116,177,-61
210000164,343,258,85
210000168,129,55,74
210000187,0,20,-20
210000188,1,15,-14
210000214,28,0,28
210000219,43,45,-2
210000220,90,60,30
210000232,5,16,-11
210000233,37,54,-17
210000234,30,92,-62
210000235,56,45,11
210000245,0,44,-44
210000246,50,28,22
210000258,16,111,-95
210000259,381,92,289
210000282,95,211,-116
210000285,1,103,-102
210000286,34,189,-155
210000290,8,6,2
210000295,73,112,-39
210000296,44,37,7
210000320,204,65,139
210000321,138,64,74
210000338,51,68,-17
210000339,309,1156,-847
210000340,116,347,-231
210000341,174,225,-51
210000342,228,146,82
210000343,205,164,41
210000344,148,97,51
210000345,145,187,-42
210000346,67,122,-55
210000347,34,49,-15
210000348,123,42,81
210000349,55,30,25
210000350,148,63,85
210000351,162,79,83
210000352,91,54,37
210000353,51,93,-42
210000354,142,78,64
210000355,50,77,-27
210000356,28,92,-64
210000357,56,54,2
210000358,209,142,67
210000359,104,131,-27
210000360,155,127,28
210000361,187,153,34
210000362,285,206,79
210000363,615,297,318
210000364,117,180,-63
210000365,186,88,98
210000366,197,71,126
210000367,92,46,46
210000368,169,45,124
210000369,17,44,-27
210000370,55,51,4
210000372,24,29,-5
210000373,30,23,7
210000374,37,45,-8
210000375,51,68,-17
210000376,70,123,-53
210000404,60,87,-27
210000439,50,37,13
210000472,99,3,96
210000482,73,143,-70
210000564,354,419,-65
210000567,0,21,-21
210000568,338,8,330
211000092,52,44,8
211000094,39,8,31
211000169,223,27,196
211000172,5,129,-124
211000209,3,18,-15
211000226,17,21,-4
211000270,12,20,-8
211000275,21,13,8
211000276,103,22,81
211000279,36,30,6
211000281,88,38,50
211507980,3,36,-33
211977296,41,3,38
212000003,89,48,41
212000004,18,47,-29
212000005,23,40,-17
212000006,29,37,-8
212000008,171,118,53
212000009,32,72,-40
212000012,92,55,37
212000013,24,47,-23
212000014,208,130,78
212000015,303,229,74
212000016,451,477,-26
212000027,538,472,66
212000028,327,359,-32
212000029,209,242,-33
212000030,52,24,28
212000031,65,35,30
212000048,40,209,-169
212000049,20,142,-122
212000050,29,10,19
212000051,229,204,25
212000052,201,229,-28
212000053,381,396,-15
212000054,342,123,219
212000055,280,194,86
212000056,20,32,-12
212000057,12,20,-8
212000058,216,47,169
212000070,152,166,-14
212000077,137,395,-258
212000099,336,244,92
212000108,168,166,2
212000111,223,117,106
212000120,101,64,37
212000138,136,23,113
212000156,2,86,-84
212000158,19,23,-4
212000159,490,50,440
212000160,720,244,476
212000161,74,5,69
212000310,66,18,48
212000311,13,51,-38
212000374,43,8,35
213000001,39,398,-359
213000005,641,182,459
213000006,1195,389,806
213000007,111,13,98
213000009,759,527,232
213000010,286,318,-32
213000011,216,139,77
213000012,155,270,-115
213000014,118,11,107
213000015,364,12,352
213000016,864,1,863
213000017,118,0,118
213000018,3,141,-138
213000019,3,141,-138
213000020,152,372,-220
213000021,4,115,-111
213000023,487,249,238
213000033,494,1562,-1068
213000034,929,275,654
213000035,135,158,-23
213000045,248,283,-35
213000046,277,214,63
213000047,695,1532,-837
213000056,126,27,99
213000069,88,3,85
213000073,0,61,-61
213000074,74,365,-291
213000075,707,14,693
213000076,28,1,27
213000085,13,44,-31
213000086,22,146,-124
213000091,283,24,259
213000092,112,22,90
213000099,167,1126,-959
213000100,1164,313,851
213000101,543,137,406
213000102,660,280,380
213000103,1154,935,219
213000104,83,433,-350
213000105,6,188,-182
213000106,45,95,-50
213000107,139,473,-334
213000108,39,357,-318
213000109,8,157,-149
213000110,16,69,-53
213000111,7,78,-71
213000112,121,120,1
213000115,80,16,64
213000116,46,308,-262
213000117,6,551,-545
213000118,478,250,228
213000119,51,537,-486
213000120,110,379,-269
213000122,116,525,-409
213000123,349,1120,-771
213000124,172,1668,-1496
213000125,178,39,139
213000126,76,174,-98
213000127,162,329,-167
213000128,412,1428,-1016
213000129,449,725,-276
213000130,783,327,456
213000132,515,139,376
213000133,651,106,545
213000134,1054,38,1016
213000136,698,29,669
213000137,863,105,758
213000139,175,36,139
213000147,72,12,60
213000148,25,5,20
213000149,39,2,37
213000150,1,114,-113
213000151,3,107,-104
213000152,3,74,-71
213000153,5,113,-108
213000154,36,427,-391
213000155,53,249,-196
213000156,133,411,-278
213000157,675,406,269
213000158,496,949,-453
213000159,809,553,256
213000163,1139,126,1013
213000165,1133,498,635
213000171,1,99,-98
213000172,2,230,-228
213000173,6,159,-153
213000174,0,128,-128
213000175,19,71,-52
213000176,69,41,28
213000177,125,7,118
213000178,223,7,216
213000179,337,1,336
213000180,244,0,244
213000184,153,497,-344
213000188,533,126,407
213000189,441,55,386
213000190,976,795,181
213000191,493,418,75
213000192,329,354,-25
213000193,710,311,399
213000194,1,73,-72
213000195,26,357,-331
213000196,301,1239,-938
213000197,524,457,67
213000198,51,1,50
213000200,153,772,-619
213000201,55,56,-1
213000202,34,470,-436
213000203,3144,684,2460
213000204,835,54,781
213000205,548,70,478
213000206,437,64,373
213000207,116,10,106
213000208,83,1,82
213000209,161,9,152
213000210,330,15,315
213000211,11,25,-14
213000212,10,56,-46
213000213,18,53,-35
213000218,248,449,-201
213000219,630,23,607
213000220,450,13,437
213000223,221,282,-61
213000224,71,65,6
213000225,103,17,86
213000226,97,14,83
213000227,1065,205,860
213000228,560,91,469
213000229,188,24,164
213000230,481,23,458
213000232,57,899,-842
213000233,9,540,-531
213000234,3,63,-60
213000293,13,67,-54
213000294,147,29,118
213000295,3,78,-75
213000296,61,25,36
213000297,18,89,-71
213000298,25,88,-63
213000299,56,46,10
213000300,17,12,5
213000303,10,42,-32
213000304,2,15,-13
213000305,4,18,-14
213000306,54,39,15
213000307,114,89,25
213000308,123,194,-71
213000309,214,53,161
213000310,480,303,177
213000311,209,937,-728
213000315,94,119,-25
213000316,207,77,130
213000322,96,136,-40
213000323,112,81,31
213000324,87,60,27
213000325,61,66,-5
213000326,61,64,-3
213000327,78,36,42
213000328,36,143,-107
213000329,186,36,150
213000340,152,445,-293
213000341,700,118,582
213000346,421,385,36
213000347,729,688,41
213000348,20,126,-106
213000349,64,9,55
213000350,325,958,-633
213000366,68,323,-255
213000367,296,26,270
213000379,101,79,22
213000386,22,291,-269
213000406,84,469,-385
213000417,1393,532,861
213000425,273,48,225
213000426,190,64,126
213000427,44,225,-181
213000428,44,144,-100
213000429,13,10,3
213000430,158,574,-416
213000431,63,2,61
213000432,4,77,-73
213000433,23,148,-125
213000434,130,106,24
213000435,166,80,86
213000436,40,53,-13
213000437,1,12,-11
213000438,173,70,103
213000439,48,19,29
213000440,9,235,-226
213000441,3,2,1
213000442,2,31,-29
213000443,480,444,36
213000444,62,51,11
213000445,0,73,-73
213000446,1,64,-63
213000447,0,54,-54
213000448,14,153,-139
213000449,478,10,468
213000450,34,41,-7
213000451,333,117,216
213000452,27,25,2
213000453,43,242,-199
213000455,676,100,576
213000456,3,455,-452
213000481,8,7,1
213000484,27,3,24
213000489,260,73,187
213000491,2,167,-165
213000492,232,37,195
213000493,0,114,-114
213000494,404,171,233
213000495,0,67,-67
213000496,535,175,360
213000497,46,244,-198
213000498,176,182,-6
213000499,221,453,-232
213000500,653,95,558
213000501,194,78,116
213000502,224,284,-60
213000503,0,66,-66
213000504,12,80,-68
213000505,18,5,13
213000506,0,15,-15
213000507,2,139,-137
213900016,0,10,-10
213900244,59,0,59
213900245,0,27,-27
218000003,30,26,4
218000004,43,39,4
218000005,164,38,126
218000006,50,23,27
218000007,21,19,2
218000012,150,117,33
218000013,126,157,-31
218000014,402,432,-30
218000019,775,627,148
218000020,245,392,-147
218000021,23,30,-7
218000022,15,15,0
218000023,4,18,-14
218000024,0,7,-7
218000025,15,12,3
218000026,15,22,-7
218000027,0,11,-11
218000028,3,7,-4
218000029,0,1,-1
218000030,14,22,-8
218000031,5,14,-9
218000032,1,16,-15
218000040,14,8,6
218000046,42,87,-45
218000047,10,97,-87
218000048,49,97,-48
218000049,97,101,-4
218000050,340,214,126
218000051,104,185,-81
218000052,1,78,-77
218000053,0,10,-10
218000054,14,54,-40
218000055,5,20,-15
218000056,18,32,-14
218000057,4,30,-26
218000064,12,26,-14
218000065,126,37,89
218000066,7,57,-50
218000067,52,68,-16
218000068,182,124,58
218000069,282,110,172
218000070,202,207,-5
218000071,206,230,-24
218000072,324,241,83
218000078,1038,683,355
218000079,114,84,30
218000080,183,66,117
218000081,490,274,216
218000082,54,115,-61
218000083,84,51,33
218000084,218,123,95
218000085,177,339,-162
218000086,101,134,-33
218000087,216,147,69
218000090,13,154,-141
218000091,1007,542,465
218000092,116,115,1
218000093,68,63,5
218000094,494,469,25
218000099,351,749,-398
218000100,353,296,57
218000101,316,167,149
218000102,450,229,221
218000103,144,214,-70
218000104,97,46,51
218000105,31,29,2
218000106,12,13,-1
218000107,68,53,15
218000108,6,50,-44
218000112,54,42,12
218000117,82,45,37
218000134,558,485,73
218000135,27,84,-57
218000136,198,89,109
218000137,226,128,98
218000138,47,96,-49
218000139,198,248,-50
218000140,489,230,259
218000141,95,60,35
218000142,243,169,74
218000143,161,308,-147
218000144,60,93,-33
218000145,344,326,18
218000146,121,187,-66
218000151,12,20,-8
218000152,156,45,111
218000153,15,1,14
218000154,10,1,9
218000155,22,2,20
218000156,70,8,62
218000157,41,11,30
218000158,4,3,1
218000159,2,5,-3
218000160,11,2,9
218000161,42,6,36
218000162,37,4,33
218000163,11,1,10
218000164,44,9,35
218000165,62,19,43
218000170,8,36,-28
218000171,42,15,27
218000172,15,18,-3
218000173,52,12,40
218000174,27,13,14
218000176,277,35,242
218000177,437,239,198
218000178,96,202,-106
218000179,131,64,67
218000180,117,22,95
218000181,222,46,176
218000187,13,21,-8
218000188,30,31,-1
218000189,32,61,-29
218000190,18,16,2
218000191,146,53,93
218000192,180,191,-11
218000193,449,282,167
218000194,104,247,-143
218000195,143,50,93
218000196,360,213,147
218000197,406,215,191
218000198,21,65,-44
218000199,57,10,47
218000200,105,25,80
218000201,14,18,-4
218000202,93,300,-207
218000207,2,14,-12
218000208,23,31,-8
218000211,47,9,38
218000212,1,7,-6
218000213,84,87,-3
218000214,10,31,-21
218000215,63,47,16
218000217,4,94,-90
218000218,172,77,95
218000219,34,20,14
218000220,65,375,-310
218000221,595,170,425
218000222,5,44,-39
218000223,36,531,-495
218000224,11,172,-161
218000225,212,29,183
218000226,145,78,67
218000230,0,4,-4
218000232,50,43,7
218000239,136,23,113
218000240,34,7,27
218000241,38,1,37
218000242,65,6,59
218000243,74,6,68
218000244,39,10,29
218000245,24,3,21
218000246,3,1,2
218000247,1,0,1
218000248,1,38,-37
218000249,0,0,0
218000250,2,23,-21
218000251,2,48,-46
218000252,3,63,-60
218000253,4,65,-61
218000254,0,31,-31
218000255,3,24,-21
218000256,9,69,-60
218000267,395,870,-475
218000268,4,42,-38
218000269,7,6,1
218000270,32,22,10
218000271,16,28,-12
218000273,24,7,17
218000274,20,3,17
218000275,21,37,-16
218000276,14,39,-25
218000278,23,52,-29
218000279,39,30,9
218000280,12,16,-4
218000281,14,8,6
218000282,407,482,-75
218000284,117,5,112
218000301,118,132,-14
218000302,145,60,85
218000303,44,30,14
218000316,723,879,-156
218000317,1276,833,443
218000318,850,608,242
218000319,1173,835,338
218000320,1008,629,379
218000338,61,26,35
218000345,81,60,21
218000346,42,176,-134
218000459,28,215,-187
218000490,27,43,-16
218000501,148,88,60
218000502,59,59,0
218000503,97,29,68
218000504,182,31,151
218000505,48,119,-71
218000506,35,188,-153
218000508,9,5,4
218000510,149,24,125
218000520,145,79,66
218000521,3,44,-41
218000522,2,92,-90
218000523,127,0,127
218000524,39,206,-167
218000525,114,11,103
218000526,33,147,-114
218000529,27,92,-65
218000530,13,3,10
218000531,26,29,-3
218000532,26,11,15
218000534,173,13,160
218000537,30,62,-32
218000538,132,226,-94
218000540,307,109,198
218000543,174,45,129
218000544,36,53,-17
218000545,62,67,-5
218000546,74,70,4
218000547,93,185,-92
218000548,251,107,144
218000549,422,585,-163
218000550,217,269,-52
218000551,97,989,-892
218000552,335,78,257
218000553,26,77,-51
218000554,23,44,-21
218000555,34,41,-7
218000556,127,155,-28
218000557,230,97,133
218000558,53,0,53
218000559,0,37,-37
218000560,0,49,-49
218000561,15,0,15
218000562,27,167,-140
218000563,226,18,208
218000564,4,100,-96
218000565,190,46,144
218000566,368,40,328
218000567,1,76,-75
218000568,47,2,45
218000569,19,148,-129
218000570,172,15,157
218000571,3,85,-82
218000572,133,0,133
218000573,22,159,-137
218000574,158,35,123
218000575,144,0,144
218000576,1,77,-76
218000577,137,3,134
218000578,3,59,-56
218000579,33,9,24
218000581,1,45,-44
218000582,40,3,37
218000583,6,0,6
218000584,0,20,-20
218000585,60,7,53
218000586,12,31,-19
218000587,1,6,-5
218000588,12,6,6
218000589,3,10,-7
218000590,6,0,6
218000591,4,7,-3
218000592,10,1,9
218000593,0,0,0
218000594,1,4,-3
218000595,0,0,0
218000596,0,0,0
218000597,1,0,1
218000598,0,0,0
218000599,2,2,0
218000600,6,2,4
218000601,0,0,0
218000602,0,9,-9
218000603,0,9,-9
218000604,9,1,8
218000605,0,52,-52
218000606,80,0,80
218000607,14,37,-23
218000608,34,16,18
218000609,5,35,-30
218000610,78,12,66
218000611,30,7,23
218000612,2,31,-29
218000613,44,0,44
218000614,5,28,-23
218000615,187,0,187
218000616,5,92,-87
218000617,18,2,16
218000618,4,11,-7
218000619,49,18,31
218000620,14,46,-32
218000621,3,4,-1
218000622,0,11,-11
218000623,111,4,107
218000624,0,21,-21
218000625,4,2,2
218000626,0,8,-8
218000628,158,39,119
218000631,27,7,20
218000632,4,92,-88
218000633,171,2,169
218000634,11,12,-1
218000635,9,3,6
218000636,1133,933,200
218000637,1019,457,562
218000638,204,43,161
218000639,35,153,-118
218000640,390,45,345
218000641,127,265,-138
218000652,28,78,-50
218000653,192,70,122
218000663,3,74,-71
218000675,36,47,-11
218000676,7,14,-7
218000677,20,3,17
218000680,207,309,-102
218000681,381,107,274
218000691,141,167,-26
218000693,260,93,167
218000703,6,24,-18
218000718,292,1257,-965
218000719,712,804,-92
218000720,15,171,-156
218000721,125,16,109
218000725,7,7,0
218001214,8,69,-61
218001329,112,88,24
218001330,53,68,-15
218001351,17,11,6
218001352,17,8,9
218001353,18,7,11
218001354,10,13,-3
218001355,89,3,86
218001357,49,2,47
219000001,56,43,13
219000002,42,52,-10
219000003,93,43,50
219000004,59,35,24
219000017,79,65,14
219000020,156,75,81
219000022,159,18,141
219000023,194,0,194
219000029,0,59,-59
219000034,25,35,-10
219000039,47,214,-167
219000040,55,124,-69
219000041,128,31,97
219000051,0,42,-42
219000052,0,22,-22
219000053,1,76,-75
219000054,29,89,-60
219000055,263,0,263
219000056,11,0,11
219000057,72,1,71
219000062,18,67,-49
219000063,74,4,70
219000064,1,72,-71
219000110,427,169,258
219000111,147,59,88
219000112,217,60,157
219000113,209,65,144
219000114,273,137,136
219000116,131,85,46
219000117,187,82,105
219000118,255,57,198
219000123,178,86,92
219000124,78,63,15
219000125,16,22,-6
219000126,72,124,-52
219000127,0,11,-11
219000128,8,99,-91
219000129,18,128,-110
219000130,350,528,-178
219000131,564,1035,-471
219000133,55,54,1
219000134,18,27,-9
219000135,36,83,-47
219000136,104,185,-81
219000138,124,25,99
219000139,64,46,18
219000140,72,3,69
219000141,20,85,-65
219000142,26,69,-43
219000143,13,105,-92
219000145,19,53,-34
219000146,6,23,-17
219000147,10,20,-10
219000148,6,20,-14
219000149,17,49,-32
219000150,1,45,-44
219000151,1,23,-22
219000157,236,123,113
219000158,269,204,65
219000161,102,9,93
219000163,1276,635,641
219000166,165,201,-36
219000167,151,162,-11
219000168,280,135,145
219000174,465,150,315
219000175,99,6,93
219000176,111,7,104
219000177,44,3,41
219000178,53,5,48
219000179,26,7,19
219000180,37,65,-28
219000182,167,20,147
219000183,100,27,73
219000184,111,10,101
219000185,3,46,-43
219000186,64,26,38
219000187,27,99,-72
219000189,80,161,-81
219000190,83,199,-116
219000191,742,1560,-818
219000192,166,146,20
219000193,152,134,18
219000195,2,60,-58
219000196,2,117,-115
219000198,22,131,-109
219000199,73,355,-282
219000200,31,228,-197
219000201,80,233,-153
219000203,40,133,-93
219000204,236,363,-127
219000205,79,225,-146
219000207,134,272,-138
219000209,45,49,-4
219000210,41,89,-48
219000213,11,118,-107
219000239,196,206,-10
219000240,229,367,-138
219000241,153,90,63
219000242,57,88,-31
219000243,83,219,-136
219000244,16,68,-52
219000245,25,48,-23
219000246,55,31,24
219000247,173,40,133
219000248,505,540,-35
219000249,120,100,20
219000250,161,101,60
219000251,600,294,306
219000252,241,178,63
219000253,492,112,380
219000255,154,122,32
219000256,222,81,141
219000257,112,0,112
219000262,121,131,-10
219000263,69,165,-96
219000267,2,59,-57
219000268,1,5,-4
219000269,3,1,2
219000270,5,1,4
219000271,111,4,107
219000278,1,7,-6
219000279,11,1,10
219000283,0,14,-14
219000295,27,84,-57
219000296,69,328,-259
219000297,25,110,-85
219000298,13,107,-94
219000299,491,82,409
219000300,29,160,-131
219000301,204,374,-170
219000302,33,262,-229
219000307,47,30,17
219000308,61,65,-4
219000311,257,69,188
219000312,692,119,573
219000313,449,83,366
219000314,64,293,-229
219000315,342,31,311
219000316,660,52,608
219000317,129,14,115
219000320,2,59,-57
219000321,1,21,-20
219000323,7,59,-52
219000325,0,11,-11
219000326,81,57,24
219000327,84,35,49
219000328,49,68,-19
219000329,264,135,129
219000330,67,28,39
219000331,87,42,45
219000332,113,109,4
219000333,25,3,22
219000335,74,1,73
219000337,26,1,25
219000338,39,0,39
219000344,30,84,-54
219000345,68,63,5
219000346,43,111,-68
219000348,179,87,92
219000349,37,129,-92
219000350,80,416,-336
219000351,2,12,-10
219000352,254,151,103
219000353,103,86,17
219000354,224,79,145
219000355,162,56,106
219000356,986,1555,-569
219000363,220,65,155
219000364,72,52,20
219000365,93,25,68
219000366,242,348,-106
219000368,296,646,-350
219000370,997,560,437
219000371,8,34,-26
219000382,16,21,-5
219000383,551,1197,-646
219000385,535,453,82
219000386,782,1604,-822
219000387,3,5,-2
219000390,3,0,3
219000391,0,6,-6
219000397,60,56,4
219000398,99,87,12
219000401,7,81,-74
219000402,29,128,-99
219000403,181,277,-96
219000404,19,137,-118
219000407,3,59,-56
219000409,90,54,36
219000410,136,52,84
219000411,73,15,58
219000446,139,366,-227
219000447,1,17,-16
219000448,27,2,25
219000452,127,62,65
219000453,61,184,-123
219000454,186,281,-95
219000556,337,81,256
219000558,347,130,217
219000590,47,143,-96
219000591,92,102,-10
219000592,136,320,-184
219000595,5,18,-13
219000635,281,51,230
219000636,25,56,-31
219000657,69,52,17
219000658,64,158,-94
219000673,0,34,-34
219000676,54,22,32
219000679,42,5,37
219000684,67,0,67
219000685,0,35,-35
219000686,2,7,-5
219000688,0,58,-58
219000689,17,174,-157
219000690,167,24,143
219000691,67,214,-147
219000692,212,23,189
219000693,0,14,-14
219000694,17,0,17
219000695,35,2,33
219000698,17,0,17
219000699,0,21,-21
219000727,4,66,-62
219000728,96,3,93
219000770,76,1,75
219000771,0,39,-39
219000788,205,166,39
219001150,7,29,-22
219001151,0,3,-3
219001166,34,43,-9
219001167,3,89,-86
219001178,46,3,43
220000001,35,84,-49
220000002,14,108,-94
220000003,397,227,170
220000004,501,437,64
220000005,1172,1658,-486
220000006,162,705,-543
220000007,439,346,93
220000008,284,588,-304
220000009,303,346,-43
220000010,168,55,113
220000011,383,2602,-2219
220000012,116,262,-146
220000014,105,56,49
220000015,49,251,-202
220000017,69,237,-168
220000018,4240,2056,2184
220000019,80,343,-263
220000020,460,250,210
220000021,715,165,550
220000022,922,374,548
220000023,373,152,221
220000024,1975,442,1533
220000025,1331,1304,27
220000026,284,508,-224
220000027,23,135,-112
220000028,56,29,27
220000029,42,87,-45
220000030,72,61,11
220000031,603,434,169
220000064,30,811,-781
221000046,72,48,24
221000047,0,4,-4
221000048,0,0,0
221000049,0,11,-11
221000050,29,0,29
221000055,41,54,-13
221000057,54,5,49
221000068,374,149,225
221000069,451,63,388
221000070,245,28,217
221000071,151,15,136
221000072,279,14,265
221000073,245,51,194
221000074,1,19,-18
221000075,33,29,4
221000076,10,32,-22
221000077,41,80,-39
221000081,28,9,19
221000082,81,2,79
221000083,28,2,26
221000084,7,7,0
221000085,22,53,-31
221000086,8,89,-81
221000087,7,134,-127
221000088,12,167,-155
221000089,30,235,-205
221000090,94,461,-367
221000098,133,10,123
221000099,189,9,180
221000100,93,7,86
221000101,166,30,136
221000102,141,18,123
221000109,2,70,-68
221000110,15,69,-54
221000111,22,153,-131
221000112,3,115,-112
221000113,18,144,-126
221000114,10,103,-93
221000120,70,27,43
221000121,5,27,-22
221000122,60,19,41
221000123,4,10,-6
221000124,22,139,-117
221000155,128,13,115
221000156,38,19,19
221000175,1,7,-6
221000176,1,2,-1
221000182,47,9,38
221000241,493,389,104
221000242,204,348,-144
221000243,402,334,68
221000244,268,326,-58
221000245,86,95,-9
221000246,54,192,-138
221000247,91,130,-39
221000248,118,77,41
221000267,75,560,-485
221000325,83,66,17
221000331,17,54,-37
221000338,8,23,-15
221000378,230,23,207
221000381,28,43,-15
222000282,11,1,10
222000296,2,16,-14
222000568,319,38,281
222000569,179,77,102
222000570,146,41,105
222000571,350,31,319
222000577,25,152,-127
222000578,31,166,-135
222000579,42,139,-97
222000580,87,684,-597
222000599,0,130,-130
222000600,2,207,-205
222000601,10,787,-777
222000603,22,35,-13
222000604,3,42,-39
222000605,8,17,-9
222000606,6,15,-9
222000607,8,16,-8
222000608,28,10,18
222000609,78,137,-59
222000616,407,39,368
222000617,11,15,-4
222000618,6,7,-1
222000620,12,6,6
222000621,30,17,13
222000623,616,6,610
222000624,289,6,283
222000625,508,27,481
222000636,68,1,67
222000686,29,10,19
222000687,40,19,21
222001066,335,7,328
222001067,33,1,32
222001068,66,32,34
222001069,32,26,6
222001082,29,38,-9
222001083,44,31,13
222001084,0,27,-27
222001085,3,248,-245
222001111,102,103,-1
222001112,117,35,82
222001313,22,5,17
222001314,3,122,-119
222001464,37,34,3
222001465,13,77,-64
222001484,160,76,84
222001485,27,30,-3
222001494,524,126,398
222001495,147,202,-55
222001496,315,86,229
222001497,112,247,-135
222001502,27,128,-101
222001503,139,34,105
222001504,28,362,-334
222001505,393,13,380
222001506,53,475,-422
222001507,301,51,250
222001510,531,43,488
222001511,63,304,-241
222001514,720,322,398
222001515,289,447,-158
222001518,372,115,257
222001519,59,197,-138
222001527,246,86,160
222001528,79,145,-66
222001529,328,48,280
222001530,93,224,-131
222001533,276,252,24
222001534,359,62,297
222001535,232,223,9
222001536,80,161,-81
222001537,412,68,344
222001538,107,448,-341
222001563,857,100,757
222001564,83,367,-284
222001568,339,166,173
222001576,0,6,-6
222001579,3,9,-6
222001583,12,99,-87
222001584,95,9,86
222001596,738,1049,-311
222001597,3174,346,2828
222001626,0,148,-148
222001650,94,119,-25
222001651,149,393,-244
222001914,251,82,169
222001915,79,223,-144
222001968,467,232,235
222001969,380,552,-172
222001970,198,169,29
222001971,23,7,16
222001972,5,29,-24
225000001,395,163,232
225000002,587,165,422
225000003,595,101,494
225000004,403,188,215
225000005,85,64,21
225000006,1,171,-170
225000007,1100,984,116
225000010,297,14,283
225000011,293,898,-605
225000012,256,514,-258
225000013,93,115,-22
225000014,638,120,518
225000015,113,165,-52
225000021,862,208,654
225000027,164,387,-223
225000032,715,133,582
225000042,81,475,-394
225000049,18,74,-56
225000050,77,13,64
225000053,17,232,-215
225000058,607,180,427
225000067,285,123,162
225000068,89,201,-112
225000069,113,369,-256
225000070,103,326,-223
225000071,45,124,-79
225000075,17,476,-459
225000076,48,116,-68
225000078,111,48,63
225000085,91,127,-36
225000086,344,90,254
225000087,167,22,145
225000088,6,250,-244
225000089,165,984,-819
225000090,89,382,-293
225000091,231,143,88
225000092,59,47,12
225000093,252,239,13
225000094,9,188,-179
225000095,231,323,-92
225000096,232,396,-164
225000098,799,291,508
225000099,382,167,215
225000100,376,120,256
225000104,99,369,-270
225000110,24,316,-292
225000111,197,771,-574
225000112,171,840,-669
225000113,189,516,-327
225000114,61,262,-201
225000115,1066,558,508
225000116,966,261,705
225000117,726,265,461
225000118,1044,228,816
225000119,255,88,167
225000120,860,70,790
225000121,189,25,164
225000123,435,31,404
225000125,514,183,331
225000126,619,161,458
225000127,583,1192,-609
225000128,541,676,-135
225000132,314,31,283
225000133,267,26,241
225000134,704,196,508
225000135,95,21,74
225000136,386,33,353
225000137,247,51,196
225000138,399,83,316
225000143,43,178,-135
225000144,2,247,-245
225000145,77,51,26
225000146,50,59,-9
225000147,32,182,-150
225000148,8,174,-166
225000149,40,378,-338
225000151,37,161,-124
225000155,250,279,-29
225000156,153,662,-509
225000157,249,271,-22
225000158,63,220,-157
225000171,6,135,-129
225000180,82,50,32
225000181,0,68,-68
225000182,69,18,51
225000185,8,252,-244
225000187,47,250,-203
225000191,121,5,116
225000194,0,3,-3
225000208,2,56,-54
225000209,113,31,82
225000210,9,250,-241
225000217,0,14,-14
225000218,22,2,20
225000223,0,24,-24
225000224,41,2,39
225000225,3,13,-10
225000226,38,4,34
225000227,27,45,-18
225000228,19,33,-14
225000229,0,63,-63
225000230,168,5,163
225000231,0,58,-58
225000232,251,1,250
225000241,96,2,94
225000242,0,43,-43
225000249,10,0,10
225000250,39,463,-424
225000251,385,21,364
225000254,4,7,-3
225000256,2,26,-24
225000257,3,33,-30
226000042,277,312,-35
226000043,47,190,-143
226000044,135,323,-188
226000045,51,256,-205
226000046,449,87,362
226000047,323,110,213
226000048,455,98,357
226000049,245,143,102
226000070,0,35,-35
226000071,0,51,-51
226000072,0,13,-13
226000073,0,5,-5
226000074,0,5,-5
226000084,12,36,-24
226000085,3,7,-4
226000086,2,18,-16
226000087,0,8,-8
226000088,31,75,-44
226000090,227,95,132
226000091,29,49,-20
226000092,2,34,-32
226000093,32,1,31
226000094,8,3,5
226000095,8,2,6
226000105,11,2,9
226000106,8,0,8
226000107,14,0,14
226000108,28,0,28
226000109,93,0,93
226000124,130,82,48
226000134,662,493,169
226000135,1739,549,1190
226000136,921,353,568
226000137,16,272,-256
226000138,12,124,-112
226000139,0,17,-17
226000156,189,5,184
226000157,202,9,193
226000163,95,175,-80
226000202,16,215,-199
226000231,364,9,355
226000232,63,9,54
227000033,320,52,268
227000036,382,30,352
227000037,389,25,364
227000038,174,20,154
227000084,1,41,-40
227000085,3,26,-23
227000088,36,0,36
227000089,125,1,124
227000090,42,2,40
227000091,20,1,19
227000092,26,0,26
227000093,101,1,100
227000094,5,0,5
227000130,24,71,-47
227000131,16,145,-129
227000132,11,138,-127
227000133,11,119,-108
227000134,12,215,-203
227000152,0,4,-4
227000153,1,54,-53
227000154,0,27,-27
227000155,2,18,-16
227000156,2,5,-3
227000165,2,26,-24
227000196,401,243,158
227000199,345,328,17
227000230,12,334,-322
227000232,407,17,390
227000242,60,345,-285
227000243,453,70,383
227000245,6,277,-271
227000246,89,289,-200
227000247,454,78,376
227000248,131,30,101
227000249,14,116,-102
227000250,276,140,136
227000251,66,105,-39
227000252,35,217,-182
227000253,175,25,150
227000262,420,61,359
227000266,1228,15,1213
227000267,41,1222,-1181
227000282,5,117,-112
227000284,499,31,468
227000286,1,56,-55
227000291,25,372,-347
227000296,141,233,-92
227000484,154,25,129
227000485,17,656,-639
227000655,228,10,218
227000656,641,45,596
227000657,111,6,105
227000704,172,15,157
229000265,12,13,-1
229000266,1,0,1
229000267,18,4,14
229000268,23,0,23
229000269,73,0,73
229000274,0,18,-18
229000275,0,23,-23
229000276,0,23,-23
229000277,0,4,-4
229000278,1,8,-7
229000295,14,20,-6
229000296,23,12,11
229000297,16,26,-10
229000298,12,99,-87
229000320,20,11,9
229000321,27,8,19
229000412,13,47,-34
229000414,4,47,-43
229000415,31,6,25
229000416,2,3,-1
229000417,4,15,-11
229000419,67,279,-212
229000440,348,105,243
229000442,32,11,21
229000443,3,1,2
229000444,2,33,-31
229000445,82,6,76
229000446,88,12,76
229000491,5,14,-9
229000492,2,54,-52
229000493,9,47,-38
229000494,26,4,22
229000495,99,2,97
229000496,50,5,45
229000507,0,88,-88
229000508,0,37,-37
229000509,0,59,-59
229000510,4,32,-28
229000511,1,28,-27
229000512,0,18,-18
229000513,0,3,-3
229000514,0,2,-2
229000517,2,5,-3
229000518,12,10,2
229000519,3,10,-7
229000520,15,24,-9
229000521,35,15,20
229000522,4,7,-3
229000523,7,7,0
229000524,3,4,-1
229000527,3,0,3
229000528,0,0,0
229000529,11,0,11
229000530,71,0,71
229000531,34,0,34
229000532,20,1,19
229000533,58,0,58
229000534,39,0,39
229000564,74,2,72
229000565,11,1,10
229000566,0,3,-3
229000567,0,26,-26
229000582,79,3,76
229000583,2,2,0
229000584,0,17,-17
229000585,1,48,-47
229000718,0,0,0
229000719,0,2,-2
229000720,0,6,-6
229000721,0,4,-4
229000722,0,11,-11
229000723,0,7,-7
229000724,0,1,-1
229000725,0,5,-5
229000738,2,0,2
229000739,17,0,17
229000740,0,0,0
229000741,15,0,15
229000742,5,0,5
229000743,7,0,7
229000744,5,0,5
229000745,2,0,2
229000746,16,1,15
229000847,30,0,30
229000848,22,0,22
229000849,75,1,74
229000851,31,2,29
229000854,0,18,-18
229000856,0,63,-63
229000857,0,27,-27
229000858,0,38,-38
229000919,33,77,-44
229000930,7,315,-308
229000937,148,29,119
229000966,50,38,12
229000981,36,18,18
229000985,22,35,-13
229000986,0,8,-8
229000987,0,1,-1
229000988,2,3,-1
229000989,9,3,6
229000990,1,4,-3
229000991,4,0,4
229000992,16,17,-1
229000993,119,28,91
229000998,15,34,-19
229000999,65,19,46
229001034,0,16,-16
229001035,1,2,-1
229001036,9,56,-47
229001037,36,4,32
229001038,0,3,-3
229001039,7,0,7
229001040,0,57,-57
229001041,31,0,31
229001042,24,15,9
229001047,13,40,-27
229001050,28,19,9
229001168,0,19,-19
229001200,29,6,23
229001338,3,16,-13
229001394,275,1,274
229001422,129,35,94
229001423,51,127,-76
229001431,92,52,40
229001432,84,95,-11
229001444,177,47,130
229001445,39,108,-69
229001479,19,1,18
229001503,166,90,76
229001504,171,132,39
229001505,121,61,60
229001506,137,97,40
229001509,43,13,30
229001510,2,32,-30
229001545,150,5,145
229001546,13,65,-52
229001553,126,43,83
229001554,76,101,-25
229001630,60,19,41
229001631,17,16,1
229001635,0,14,-14
229001636,7,0,7
229001658,0,173,-173
229001659,75,3,72
229001660,66,4,62
229001661,24,14,10
229001662,15,2,13
229001663,0,19,-19
229002584,198,214,-16
229002831,147,137,10
229002841,31,24,7
229002842,30,21,9
229002843,88,23,65
229002844,46,36,10
229002845,7,70,-63
229002846,19,16,3
229002847,2,3,-1
229002848,24,8,16
229002849,1,54,-53
229002850,7,1,6
229002851,39,127,-88
229002852,180,32,148
229002853,127,21,106
229002854,47,66,-19
229002855,5,27,-22
229002856,42,16,26
229002857,8,85,-77
229002858,19,12,7
229002859,15,53,-38
229002860,163,14,149
229002861,84,25,59
229002862,31,27,4
229002863,26,14,12
229002864,29,18,11
229002865,11,8,3
229002866,28,21,7
229002867,3,19,-16
229002868,11,24,-13
229002869,31,118,-87
229002870,85,8,77
235000066,396,70,326
235000067,118,130,-12
235000072,43,90,-47
235000073,112,380,-268
235000074,57,71,-14
235000080,11,66,-55
235000081,175,81,94
235000082,138,49,89
235000083,216,87,129
235000084,40,59,-19
235000085,162,74,88
235000089,53,24,29
235000092,74,177,-103
235000093,16,4,12
235000097,13,6,7
235000098,73,13,60
235000099,33,23,10
235000116,61,28,33
235000117,612,12,600
235000133,15,533,-518
235000134,16,171,-155
235000206,17,3,14
235000207,0,3,-3
235000208,7,5,2
235000209,7,2,5
235000210,9,0,9
235000212,3,13,-10
235000213,0,5,-5
235000220,0,5,-5
235000221,43,23,20
235000238,10,105,-95
235000239,2,25,-23
235000242,317,691,-374
235000245,504,137,367
235000246,13,44,-31
235000284,34,109,-75
235000295,158,15,143
235000305,240,29,211
235000306,276,11,265
235000307,11,2,9
235000308,31,2,29
235000309,42,1,41
235000310,29,1,28
235000311,88,14,74
235000322,0,35,-35
235000323,3,49,-46
235000324,0,16,-16
235000325,0,9,-9
235000326,5,107,-102
235000351,5,57,-52
235000352,13,35,-22
235000353,0,19,-19
235000354,7,36,-29
235000355,8,75,-67
235000356,98,4,94
235000357,30,21,9
235000358,117,18,99
235000359,21,3,18
235000360,36,16,20
235000361,80,29,51
235000381,104,163,-59
235000382,194,39,155
235000390,13,4,9
235000391,162,29,133
235000392,178,342,-164
235000393,156,155,1
235000395,158,39,119
235000396,498,90,408
235000400,71,42,29
235000401,12,144,-132
235000405,90,282,-192
235000406,80,254,-174
235000407,113,76,37
235000409,198,119,79
235000410,37,183,-146
235000411,2,56,-54
235000485,0,10,-10
235000486,15,2,13
235000549,155,112,43
235000550,114,199,-85
235000599,119,42,77
235000600,12,14,-2
235000601,20,23,-3
235000602,144,51,93
235000614,0,4,-4
235000648,2,23,-21
235000649,62,4,58
235000685,6,7,-1
235000815,33,45,-12
235000834,0,12,-12
235000855,114,69,45
235000862,33,109,-76
235000891,0,15,-15
235000892,19,2,17
235000901,151,105,46
235000907,9,11,-2
235001010,119,74,45
235001029,538,335,203
235001030,377,373,4
235001078,85,104,-19
235001079,78,80,-2
235001147,4,69,-65
235001166,13,100,-87
235001167,33,57,-24
235001169,21,260,-239
235001188,3,1,2
235001189,5,4,1
235001197,7,18,-11
235001200,69,39,30
235001207,167,26,141
235001210,25,92,-67
235001215,25,83,-58
235001239,1,45,-44
235001244,2,7,-5
235016267,0,64,-64
277101746,0,1,-1
277102712,0,0,0
277103813,0,0,0
277103814,0,0,0
277103898,0,4,-4
277104249,0,0,0
277104250,0,6,-6
277104251,0,2,-2
277104252,0,1,-1
990011530,1,162,-161
990014944,1,412,-411
990015176,22,1,21
990015618,2,133,-131
990016032,1,318,-317
990032570,4,357,-353
990070001,53,8,45
990070103,0,7,-7
990070601,0,49,-49
990070751,1035,6,1029
990070766,1,366,-365
990071180,514,224,290
990071343,71,33,38
990071387,0,9,-9
990071823,552,5,547
990072600,3,914,-911
990072964,1,329,-328
990073285,0,2,-2
990074393,0,642,-642
990074870,1766,21,1745
990075106,1489,13,1476
990075746,601,4,597
990076437,1539,8,1531
990076458,0,531,-531
997000007,494,6,488
997000041,2,302,-300
997000058,89,6,83
997000062,57,42,15
997000069,0,5,-5
997000070,0,29,-29
997000100,31,0,31
997000141,4,1803,-1799
997000198,11,983,-972
998000475,4,43,-39
998000736,0,195,-195
998000965,0,7,-7
998001031,0,78,-78
998001700,0,0,0
998001899,0,2,-2
998001900,3,2,1
998003073,1131,45,1086
998101900,0,0,0
998102850,5,279,-274
998501927,1133,835,298
998501929,141,7,134
998501930,48,1,47
998501931,134,20,114
998501932,2,0,2
998501933,64,3,61
998501937,22,2,20
998501944,12,0,12
998501950,0,0,0
998501970,77,5,72
998501971,0,83,-83
998501973,0,59,-59
998501974,0,176,-176
998501975,113,1,112
998501976,67,0,67
998501977,1,22,-21
998501978,28,0,28
998501979,0,13,-13
998501980,70,0,70
998501981,22,0,22
998501982,0,96,-96
998502006,0,1,-1
998502024,0,0,0
998502032,0,2,-2
998502062,44,23,21
998502063,0,0,0
998502173,8,1,7
998502269,0,2,-2
998601159,1,133,-132
998601292,0,20,-20
999033574,0,205,-205
999800001,64,7,57
999800002,0,8,-8
999800003,1,1,0
999800004,0,3,-3
999800005,0,12,-12
