ID,insum,outsum,diff
100000001,353,266,87
100000002,1456,3302,-1846
100000003,2646,3320,-674
100000004,164,770,-606
100000005,1942,2590,-648
100000006,361,254,107
100000007,1051,1057,-6
100000008,38,193,-155
100000009,144,718,-574
100000010,19,166,-147
100000011,204,59,145
100000012,25,122,-97
100000013,0,54,-54
100000014,19,219,-200
100000015,619,1175,-556
100000016,163,872,-709
100000017,130,1072,-942
100000018,247,370,-123
100000019,1206,1302,-96
100000020,587,2782,-2195
100000021,2214,705,1509
100000022,290,1469,-1179
100000023,1521,827,694
100000025,221,1087,-866
100000028,327,1004,-677
100000029,6,542,-536
100000030,40,6,34
100000031,1080,3752,-2672
100000032,990,2419,-1429
100000033,503,1834,-1331
100000034,53,775,-722
100000035,190,589,-399
100000036,268,868,-600
100000037,482,268,214
100000038,1713,760,953
100000039,166,210,-44
100000040,239,135,104
100000041,1011,344,667
100000042,705,136,569
100000043,338,89,249
100000044,71,65,6
100000045,105,216,-111
100000046,186,181,5
100000047,103,255,-152
100000048,144,249,-105
100000049,570,509,61
100000051,255,205,50
100000053,68,1,67
100000054,116,10,106
100000055,265,210,55
100000056,200,282,-82
100000057,1567,257,1310
100000058,403,306,97
100000059,24,140,-116
100000060,445,231,214
100000061,1723,587,1136
100000062,1107,485,622
100000063,699,301,398
100000064,1208,286,922
100000065,180,352,-172
100000066,97,231,-134
100000067,124,150,-26
100000068,185,487,-302
100000069,132,537,-405
100000072,47,204,-157
100000073,474,375,99
100000075,436,70,366
100000076,512,3604,-3092
100000077,31,342,-311
100000078,6,15,-9
100000079,7,44,-37
100000080,1,28,-27
100000081,2,27,-25
100000102,1297,2819,-1522
100000103,801,1568,-767
100000104,1887,1523,364
100000105,569,730,-161
100000106,440,1737,-1297
100000107,19,913,-894
100000108,148,294,-146
100000109,270,640,-370
100000116,191,281,-90
100000117,11,101,-90
100000118,577,446,131
100000119,418,469,-51
100000121,100,412,-312
100000122,193,969,-776
100000123,697,1134,-437
100000124,1044,1435,-391
100000125,2922,1800,1122
100000126,235,293,-58
100000127,420,402,18
100000128,116,2002,-1886
100000129,89,423,-334
100000130,415,128,287
100000131,505,623,-118
100000132,362,953,-591
100000133,975,348,627
100000135,456,818,-362
100000139,78,359,-281
100000140,123,78,45
100000142,330,316,14
100000143,351,188,163
100000144,872,254,618
100000147,745,3057,-2312
100000150,54,266,-212
100000151,44,970,-926
100000153,30,224,-194
100000154,6,438,-432
100000155,0,11,-11
100000156,20,181,-161
100000157,212,182,30
100000158,126,105,21
100000159,33,791,-758
100000165,510,196,314
100000169,34,830,-796
100000174,224,636,-412
100000179,23,403,-380
100000180,397,1066,-669
100000181,102,163,-61
100000188,29,100,-71
100000189,370,257,113
100000190,241,679,-438
100000191,219,234,-15
100000192,2,72,-70
100000193,71,39,32
100000330,215,478,-263
100000355,99,257,-158
100000362,1134,505,629
100000363,5088,4739,349
100000364,50,154,-104
100000365,4059,5020,-961
100000366,1229,564,665
100000367,3445,3693,-248
100000368,577,593,-16
100000369,202,1370,-1168
100000370,25,791,-766
100000376,32,374,-342
100000379,239,1797,-1558
100000380,1385,3752,-2367
100000384,2600,3518,-918
100000385,510,2775,-2265
100000386,788,2933,-2145
100000387,1196,3829,-2633
100000388,1003,1936,-933
100000389,2065,3009,-944
100000390,1336,1160,176
100000391,1625,3862,-2237
100000392,267,930,-663
100000393,198,2173,-1975
100000394,814,2350,-1536
100000395,399,2002,-1603
100000396,557,1048,-491
100000397,617,3158,-2541
100000398,5377,2536,2841
100900002,10,5,5
100900003,361,237,124
100900004,3,234,-231
100900005,106,2,104
100900006,34,11,23
100900007,58,1,57
100900008,5,73,-68
100900009,15,13,2
100900010,39,32,7
100900011,200,91,109
100900012,2,34,-32
100900013,804,11,793
100900014,0,0,0
100900015,21,3,18
100900016,3,14,-11
100900017,726,44,682
100900018,0,7,-7
100900019,12,21,-9
100900020,122,0,122
100900021,357,1,356
100900022,0,7,-7
100900023,0,5,-5
100900024,155,0,155
100900025,4,0,4
100900026,111,10,101
100900027,142,1370,-1228
100900028,25,153,-128
100900029,34,0,34
100900030,1,46,-45
100900031,688,34,654
100900032,256,0,256
100900033,35,290,-255
100900034,558,1,557
100900035,95,1,94
100900036,20,9,11
100900037,99,24,75
100900038,9,22,-13
100900039,191,40,151
100900040,440,143,297
100900041,1164,35,1129
100900042,101,1544,-1443
100900043,0,9,-9
100900044,433,413,20
100900045,1,0,1
100900046,732,9,723
100900047,583,67,516
100900048,73,2,71
100900049,14,55,-41
100900050,2,1,1
100900051,53,120,-67
100900052,113,2,111
100900053,722,29,693
100900054,3,1,2
100900055,85,595,-510
100900056,3,36,-33
100900057,984,124,860
100900058,187,36,151
100900059,65,0,65
100900060,235,7,228
100900061,41,71,-30
100900062,0,0,0
100900063,209,611,-402
100900064,270,18,252
100900065,29,123,-94
100900066,48,13,35
100900067,3,3,0
100900068,71,28,43
100900069,16,0,16
100900070,391,15,376
100900071,148,37,111
100900072,2,0,2
100900073,84,128,-44
100900074,0,22,-22
100900075,758,12,746
100900076,2,8,-6
100900077,61,9,52
100900078,21,107,-86
100900079,0,0,0
100900080,59,70,-11
100900081,3,101,-98
100900082,253,51,202
100900083,4,65,-61
100900085,0,181,-181
100900086,11,229,-218
100900088,92,82,10
100900089,2,43,-41
100900090,19,328,-309
100900091,1,5,-4
100900092,59,173,-114
100900093,297,216,81
100900094,116,52,64
100900095,0,11,-11
100900096,14,81,-67
100900097,2,2,0
100900098,20,3,17
100900099,2,64,-62
100900100,0,70,-70
100900101,105,0,105
100900102,0,27,-27
100900103,1,1,0
100900104,0,20,-20
100900105,2,32,-30
100900106,4,2,2
100900107,706,333,373
100900108,7,14,-7
100900109,17,3,14
100900110,0,8,-8
100900111,1,39,-38
100900112,0,14,-14
100900113,20,11,9
100900114,8,19,-11
100900115,5,1,4
100900116,265,173,92
100900117,162,864,-702
100900118,4,124,-120
100900119,11,17,-6
100900120,1,0,1
100900121,235,193,42
100900122,8,24,-16
100900123,114,6,108
100900124,1,7,-6
100900125,1,9,-8
100900126,197,38,159
100900127,1,1,0
100900128,17,88,-71
100900129,0,120,-120
100900131,2,53,-51
100900133,23,19,4
100900134,0,0,0
100900135,0,127,-127
100900137,63,17,46
100900138,99,116,-17
100900139,0,1,-1
100900140,1,35,-34
100900141,0,181,-181
100900142,0,4,-4
100900143,125,178,-53
100900144,0,5,-5
100900145,23,117,-94
100900146,9,13,-4
100900147,3,456,-453
100900148,10,72,-62
100900149,5,244,-239
100900150,0,43,-43
100900151,13,161,-148
100900152,86,3,83
100900153,0,159,-159
100900154,2,43,-41
100900155,23,2,21
100900156,8,0,8
100900157,3,115,-112
100900158,239,12,227
100900159,3,2,1
100900160,14,0,14
100900161,26,2,24
100900162,5,71,-66
100900163,2,31,-29
100900164,96,0,96
100900165,19,8,11
100900166,2,0,2
100900167,30,5,25
100900168,0,41,-41
100900169,25,327,-302
100900170,0,0,0
100900171,5,289,-284
100900172,0,145,-145
100900173,0,49,-49
100900174,6,16,-10
100900176,430,51,379
100900177,55,22,33
100900178,160,203,-43
100900179,74,13,61
100900180,1,0,1
100900181,5,10,-5
100900182,10,11,-1
100900184,37,76,-39
100900186,246,72,174
100900187,27,40,-13
100900188,9,6,3
100900189,825,177,648
100900191,123,569,-446
100900192,40,215,-175
100900195,43,90,-47
100900197,14,49,-35
100900198,2,4,-2
100900199,0,1,-1
100900200,500,112,388
100900201,16,518,-502
100900202,16,0,16
100900203,0,15,-15
100900204,23,99,-76
100900205,60,477,-417
100900206,189,126,63
100900207,150,115,35
100900210,7,42,-35
100900211,59,52,7
100900213,71,34,37
100900214,134,20,114
100900215,9,3,6
101000001,883,1597,-714
101000002,3019,3530,-511
101000003,64,805,-741
101000004,3241,5433,-2192
101000005,3042,4784,-1742
101000006,2442,7699,-5257
101000007,1023,3121,-2098
101000008,1042,1563,-521
101000009,1451,388,1063
101000010,492,426,66
101000011,335,186,149
101000012,183,267,-84
101000013,341,736,-395
101000014,225,318,-93
101000015,2450,773,1677
101000016,195,478,-283
101000017,138,204,-66
101000018,859,1902,-1043
101000020,649,515,134
101000021,172,206,-34
101000022,76,414,-338
101000023,377,377,0
101000025,206,339,-133
101000026,190,32,158
101000027,983,2351,-1368
101000028,41,44,-3
101000029,23,678,-655
101000030,477,173,304
101000031,29,476,-447
101000032,1324,2386,-1062
101000033,412,1860,-1448
101000034,207,1599,-1392
101000035,233,230,3
101000036,182,1023,-841
101000037,290,1640,-1350
101000039,600,1479,-879
101000040,1081,2489,-1408
101000041,990,3651,-2661
101000042,34,598,-564
101000043,1465,2766,-1301
101000045,137,464,-327
101000046,566,2078,-1512
101000047,763,3992,-3229
101000048,147,229,-82
101000049,222,495,-273
101000050,191,863,-672
101000051,341,1563,-1222
101000052,365,1223,-858
101000053,136,554,-418
101000054,386,224,162
101000055,520,795,-275
101000056,7,118,-111
101000057,290,1283,-993
101000058,232,1023,-791
101000059,643,1800,-1157
101000060,544,488,56
101000061,108,1480,-1372
101000062,86,287,-201
101000063,67,872,-805
101000064,117,541,-424
101000065,27,499,-472
101000066,154,890,-736
101000067,179,362,-183
101000068,104,278,-174
101000069,127,49,78
101000070,386,323,63
101000071,1653,686,967
101000072,292,1381,-1089
101000073,259,939,-680
101000074,1318,1700,-382
101000075,1824,1194,630
101000077,1272,1095,177
101000078,600,614,-14
101000079,876,655,221
101000080,847,391,456
101000081,856,847,9
101000082,1236,898,338
101000083,1702,1013,689
101000084,549,301,248
101000085,1127,772,355
101000086,497,325,172
101000087,352,486,-134
101000088,995,667,328
101000089,355,870,-515
101000090,705,243,462
101000091,268,219,49
101000092,1337,403,934
101000093,644,274,370
101000094,390,292,98
101000095,338,297,41
101000096,437,211,226
101000097,176,188,-12
101000098,226,293,-67
101000099,384,546,-162
101000100,439,748,-309
101000101,87,350,-263
101000102,232,531,-299
101000103,207,285,-78
101000104,100,393,-293
101000105,450,277,173
101000106,41,949,-908
101000107,109,211,-102
101000108,204,49,155
101000109,414,45,369
101000110,4,96,-92
101000111,3,64,-61
101000113,33,488,-455
101000114,1167,3392,-2225
101000115,0,0,0
101000116,0,0,0
101000117,0,0,0
101000119,13,75,-62
101000120,26,50,-24
101000121,9,34,-25
101000122,43,97,-54
101000123,11,88,-77
101000124,939,408,531
101000125,55,84,-29
101000128,137,986,-849
101000130,147,151,-4
101000131,851,169,682
101000132,492,212,280
101000135,1,15,-14
101000136,29,116,-87
101000137,10,279,-269
101000141,261,2532,-2271
101000147,347,158,189
101000148,419,4,415
101000149,0,0,0
101000150,92,143,-51
101000151,340,12,328
101000152,169,229,-60
101000153,167,117,50
101000154,359,207,152
101000155,456,59,397
101000156,6,205,-199
101000157,16,56,-40
101000160,0,0,0
101000163,53,536,-483
101000164,119,83,36
101000165,162,169,-7
101000166,78,173,-95
101000168,551,108,443
101000252,1791,560,1231
101000254,26,3,23
101000258,106,5,101
101000261,182,54,128
101000262,574,2726,-2152
101000263,80,946,-866
101000265,37,412,-375
101000266,125,193,-68
101000269,3,7,-4
101000290,87,1750,-1663
101000293,0,0,0
101000294,149,179,-30
101000295,160,109,51
101000301,87,492,-405
101000304,899,1579,-680
101000305,1163,639,524
101900001,6,7,-1
101900002,0,1,-1
101900003,26,31,-5
101900004,0,61,-61
101900005,744,1990,-1246
101900006,398,31,367
101900007,98,105,-7
101900008,15,102,-87
101900009,7,221,-214
101900010,321,441,-120
101900011,46,489,-443
101900012,72,34,38
101900013,81,21,60
101900017,3,45,-42
101900018,292,87,205
101900019,33,17,16
101900020,74,35,39
101900021,0,3,-3
101900022,64,174,-110
101900023,49,30,19
102000001,1847,4823,-2976
102000002,1545,770,775
102000003,887,4365,-3478
102000004,1692,1918,-226
102000005,602,2548,-1946
102000006,263,982,-719
102000007,729,3174,-2445
102000008,2639,973,1666
102000009,4458,5034,-576
102000010,2013,1247,766
102000011,3140,2984,156
102000012,2170,1689,481
102000018,1286,1913,-627
102000019,1131,841,290
102000026,176,162,14
102000029,173,142,31
102000030,62,222,-160
102000031,20,69,-49
102000032,527,203,324
102000033,202,205,-3
102000034,197,158,39
102000035,350,163,187
102000036,6,128,-122
102000037,51,19,32
102000038,60,94,-34
102000039,10,44,-34
102000040,40,128,-88
102000041,5,232,-227
102000042,9,164,-155
102000043,11,109,-98
102000044,136,432,-296
102000045,210,378,-168
102000046,780,191,589
102000047,398,234,164
102000048,341,317,24
102000049,566,478,88
102000050,472,482,-10
102000051,138,246,-108
102000052,579,397,182
102000053,593,590,3
102000054,526,319,207
102000055,585,116,469
102000056,735,144,591
102000057,817,219,598
102000058,394,284,110
102000059,389,399,-10
102000060,474,679,-205
102000061,1300,632,668
102000062,1521,591,930
102000063,707,751,-44
102000064,309,425,-116
102000065,21,126,-105
102000066,254,224,30
102000067,1365,2269,-904
102000068,3798,1753,2045
102000069,42,1088,-1046
102000070,839,13,826
102000071,3381,7088,-3707
102000072,1353,1762,-409
102000073,241,134,107
102000074,350,232,118
102000075,91,63,28
102000076,220,94,126
102000077,460,163,297
102000078,986,224,762
102000079,69,33,36
102000080,189,72,117
102000081,145,465,-320
102000082,275,466,-191
102000083,429,97,332
102000084,712,67,645
102000085,734,367,367
102000086,1080,448,632
102000087,229,631,-402
102000088,227,123,104
102000089,1038,196,842
102000090,151,841,-690
102000091,618,377,241
102000092,98,412,-314
102000093,381,443,-62
102000094,317,104,213
102000095,203,464,-261
102000096,596,193,403
102000097,425,245,180
102000098,204,216,-12
102000099,519,279,240
102000100,108,323,-215
102000101,110,251,-141
102000102,73,496,-423
102000103,835,370,465
102000104,318,146,172
102000105,184,179,5
102000106,493,145,348
102000107,1171,77,1094
102000108,387,190,197
102000109,390,164,226
102000110,799,262,537
102000111,5,182,-177
102000112,59,107,-48
102000113,1,21,-20
102000114,303,216,87
102000115,81,156,-75
102000116,205,518,-313
102000117,27,245,-218
102000118,520,1336,-816
102000119,313,626,-313
102000120,167,459,-292
102000121,656,268,388
102000122,318,735,-417
102000123,481,371,110
102000124,791,797,-6
102000125,269,338,-69
102000126,266,221,45
102000127,711,187,524
102000128,406,373,33
102000129,576,223,353
102000130,437,649,-212
102000131,611,653,-42
102000132,301,1175,-874
102000133,2437,651,1786
102000134,816,277,539
102000135,183,490,-307
102000136,265,256,9
102000137,255,141,114
102000138,49,45,4
102000139,23,73,-50
102000140,58,148,-90
102000141,26,199,-173
102000142,218,87,131
102000143,149,147,2
102000144,204,79,125
102000145,172,77,95
102000146,250,101,149
102000147,187,242,-55
102000148,34,115,-81
102000149,196,43,153
102000150,567,20,547
102000151,25,33,-8
102000152,171,62,109
102000153,336,244,92
102000154,165,151,14
102000155,10,154,-144
102000156,154,45,109
102000157,17,166,-149
102000158,61,247,-186
102000159,398,684,-286
102000161,1043,1081,-38
102000162,74,83,-9
102000163,29,244,-215
102000164,143,456,-313
102000165,75,100,-25
102000166,2,118,-116
102000167,37,86,-49
102000168,39,82,-43
102000169,53,480,-427
102000170,152,43,109
102000171,1,39,-38
102000172,0,177,-177
102000173,268,193,75
102000174,121,36,85
102000175,70,25,45
102000176,16,3,13
102000178,110,143,-33
102000179,230,156,74
102000180,520,151,369
102000181,844,197,647
102000182,564,211,353
102000183,1133,514,619
102000184,1091,350,741
102000185,1832,255,1577
102000186,895,417,478
102000187,494,322,172
102000188,748,558,190
102000189,1078,164,914
102000190,374,1285,-911
102000191,445,214,231
102000192,535,653,-118
102000193,62,96,-34
102000194,62,110,-48
102000195,456,178,278
102000196,263,160,103
102000197,999,92,907
102000198,172,319,-147
102000199,1135,93,1042
102000200,127,309,-182
102000201,1316,257,1059
102000202,4,11,-7
102000203,221,73,148
102000204,566,156,410
102000205,828,140,688
102000206,253,113,140
102000207,406,293,113
102000208,156,206,-50
102000209,54,41,13
102000210,311,49,262
102000211,463,98,365
102000212,392,3,389
102000213,16,35,-19
102000214,349,3,346
102000215,1,74,-73
102000216,94,67,27
102000217,0,81,-81
102000218,189,73,116
102000219,35,29,6
102000225,182,494,-312
102000226,23,0,23
102000227,72,0,72
102000228,0,18,-18
102000229,66,26,40
102000230,117,186,-69
102000231,248,237,11
102000232,25,124,-99
102000233,257,139,118
102000234,37,766,-729
102000236,30,19,11
102000237,233,49,184
102000238,103,118,-15
102000240,62,182,-120
102000241,107,9,98
102000243,1,33,-32
102000245,3,29,-26
102000246,19,96,-77
102000247,48,216,-168
102000248,146,805,-659
102000249,67,22,45
102000250,35,79,-44
102000254,307,32,275
102000266,2,62,-60
102000271,17,0,17
102000286,112,193,-81
102000297,883,195,688
102000299,0,0,0
102000301,0,0,0
102000302,0,0,0
102000303,0,0,0
102000305,0,0,0
102000307,0,8,-8
102000308,0,0,0
102900001,752,171,581
102900002,128,13,115
102900003,51,51,0
102900005,278,146,132
102900006,312,27,285
102900007,418,2,416
102900008,124,3,121
102900009,112,138,-26
102900010,225,557,-332
102900011,430,99,331
102900012,281,12,269
102900013,26,4,22
102900015,425,124,301
102900016,72,5,67
102900017,141,82,59
102900018,32,22,10
102900019,133,141,-8
102900020,51,4,47
102900021,24,24,0
102900022,15,10,5
102900023,4,2,2
102900024,4,12,-8
102900025,40,9,31
102900026,61,1283,-1222
102900027,20,13,7
102900028,29,642,-613
102900029,9,74,-65
102900030,215,233,-18
102900031,232,17,215
102900032,46,16,30
102900033,67,18,49
102900034,590,14,576
102900035,109,77,32
102900036,141,117,24
102900037,59,71,-12
102900038,139,82,57
102900039,42,380,-338
102900040,56,107,-51
102900041,55,33,22
102900042,108,42,66
102900043,150,47,103
102900044,169,317,-148
102900045,123,158,-35
102900046,183,69,114
102900047,17,135,-118
102900048,262,83,179
102900049,21,81,-60
102900050,49,88,-39
102900051,41,79,-38
102900052,12,10,2
102900053,119,72,47
102900054,112,324,-212
102900055,37,172,-135
102900056,97,62,35
102900057,2,24,-22
102900058,376,40,336
102900059,2,2,0
102900060,15,91,-76
102900061,80,82,-2
102900062,172,177,-5
102900063,1226,94,1132
102900064,12,276,-264
102900065,339,117,222
102900066,74,2,72
102900068,6,91,-85
102900070,70,111,-41
102900072,0,20,-20
102900073,6,0,6
102900074,142,142,0
102900075,0,3,-3
102900076,7,20,-13
102900077,9,3,6
102900078,18,9,9
102900079,103,0,103
102900080,258,5,253
102900081,5,51,-46
102900082,5,22,-17
102900083,34,1,33
102900084,1,0,1
102900085,6,15,-9
102900086,0,6,-6
102900087,182,46,136
102900088,24,14,10
102900089,77,40,37
102900090,0,16,-16
102900091,223,2,221
102900092,220,69,151
102900093,87,71,16
102900094,0,24,-24
102900095,41,0,41
102900096,27,4,23
102900097,37,41,-4
103000001,1767,1427,340
103000002,1852,1712,140
103000003,1771,1598,173
103000004,462,221,241
103000005,1052,2017,-965
103000006,704,941,-237
103000007,252,216,36
103000008,661,432,229
103000009,1074,574,500
103000010,103,23,80
103000011,655,344,311
103000012,700,1055,-355
103000013,1182,979,203
103000014,944,1821,-877
103000015,835,324,511
103000016,363,822,-459
103000017,186,559,-373
103000018,326,125,201
103000019,156,453,-297
103000020,836,692,144
103000021,1596,2340,-744
103000022,339,691,-352
103000023,731,1801,-1070
103000024,94,62,32
103000025,21,854,-833
103000026,128,81,47
103000027,75,462,-387
103000028,190,167,23
103000029,73,109,-36
103000030,899,900,-1
103000031,515,1649,-1134
103000032,1261,686,575
103000033,2833,2238,595
103000034,806,503,303
103000035,83,769,-686
103000036,119,160,-41
103000037,304,291,13
103000038,318,564,-246
103000039,334,107,227
103000040,498,247,251
103000041,986,844,142
103000042,903,135,768
103000043,502,324,178
103000044,159,74,85
103000046,118,244,-126
103000047,399,140,259
103000048,236,73,163
103000049,96,37,59
103000050,358,104,254
103000051,458,225,233
103000052,449,84,365
103000053,148,149,-1
103000054,1170,330,840
103000055,1229,579,650
103000056,363,502,-139
103000057,903,79,824
103000058,487,143,344
103000059,574,265,309
103000060,497,180,317
103000061,522,359,163
103000062,348,63,285
103000063,674,367,307
103000064,51,42,9
103000065,2,63,-61
103000066,82,2,80
103000069,178,117,61
103000070,363,140,223
103000071,818,366,452
103000072,152,260,-108
103000073,697,25,672
103000074,834,43,791
103000075,35,209,-174
103000076,209,739,-530
103000077,9,177,-168
103000078,492,830,-338
103000079,275,469,-194
103000080,254,312,-58
103000081,104,931,-827
103000082,378,71,307
103000083,88,118,-30
103000084,19,3,16
103000085,0,71,-71
103000086,397,307,90
103000087,128,488,-360
103000088,204,219,-15
103000089,110,483,-373
103000090,3118,1361,1757
103000091,635,431,204
103000092,251,117,134
103000093,131,245,-114
103000094,261,56,205
103000095,60,181,-121
103000096,316,11,305
103000097,16,261,-245
103000098,373,28,345
103000099,47,233,-186
103000100,153,182,-29
103000101,1076,56,1020
103000102,135,113,22
103000103,700,51,649
103000104,106,48,58
103000105,156,25,131
103000106,22,96,-74
103000107,171,35,136
103000108,735,935,-200
103000109,275,452,-177
103000110,318,573,-255
103000111,170,365,-195
103000112,185,214,-29
103000113,111,562,-451
103000114,738,298,440
103000115,616,639,-23
103000116,903,319,584
103000117,623,396,227
103000118,239,307,-68
103000119,560,161,399
103000120,76,159,-83
103000121,13,161,-148
103000122,360,715,-355
103000125,3,35,-32
103000126,507,1,506
103000127,0,66,-66
103000128,145,0,145
103000129,0,46,-46
103000130,45,29,16
103000131,79,81,-2
103000132,13,56,-43
103000133,8,126,-118
103000134,219,511,-292
103000135,275,133,142
103000136,223,128,95
103000137,132,346,-214
103000138,276,419,-143
103000139,0,27,-27
103000140,75,3,72
103000141,9,66,-57
103000142,37,16,21
103000143,28,136,-108
103000144,176,25,151
103000145,3,155,-152
103000150,84,28,56
103000152,95,178,-83
103000153,136,155,-19
103000156,0,53,-53
103000157,315,1,314
103000159,78,64,14
103000162,32,13,19
103000163,0,22,-22
103000164,11,6,5
103000165,34,126,-92
103000166,193,423,-230
103000167,163,78,85
103000168,79,33,46
103000169,235,471,-236
103000170,1285,174,1111
103000171,53,60,-7
103000172,815,144,671
103000173,599,100,499
103000174,420,207,213
103000175,225,100,125
103000176,441,504,-63
103000177,123,306,-183
103000178,100,191,-91
103000179,66,4,62
103000183,261,7,254
103000185,108,43,65
103000186,321,34,287
103000187,837,91,746
103000188,30,104,-74
103000189,520,556,-36
103000191,260,182,78
103000292,275,1119,-844
103000293,348,2097,-1749
103000295,55,39,16
103000296,45,2,43
103000297,2,27,-25
103000504,124,30,94
103000505,1,3,-2
103000506,0,37,-37
103000507,96,3,93
103000508,73,40,33
103000509,127,177,-50
103900001,1,13,-12
103900002,239,75,164
103900003,287,91,196
103900004,50,1,49
103900005,0,23,-23
103900006,2,1,1
103900007,106,2,104
103900008,8,2,6
103900009,213,55,158
103900010,125,29,96
103900011,251,20,231
103900012,1,42,-41
103900013,18,3,15
103900014,26,3,23
103900015,74,2,72
103900016,58,30,28
103900017,24,19,5
103900018,129,34,95
103900019,4,255,-251
103900020,127,288,-161
103900021,68,7,61
103900022,272,118,154
103900023,226,2,224
103900024,26,87,-61
103900025,3,2,1
103900026,2,0,2
103900027,199,46,153
103900028,26,138,-112
103900029,671,59,612
103900030,217,67,150
103900031,82,0,82
103900032,58,59,-1
103900033,49,23,26
103900034,2,8,-6
103900035,34,39,-5
103900036,38,56,-18
103900037,43,10,33
103900038,29,125,-96
103900039,143,64,79
103900040,1,114,-113
103900041,55,12,43
103900042,164,52,112
103900043,176,6,170
103900044,38,320,-282
103900045,197,140,57
103900047,59,7,52
103900048,4,9,-5
103900049,40,396,-356
103900050,5,116,-111
103900051,0,49,-49
103900052,127,116,11
103900053,270,82,188
103900054,79,79,0
103900055,268,74,194
103900056,6,5,1
103900057,145,40,105
103900058,324,101,223
103900059,0,13,-13
103900060,43,44,-1
103900061,184,1,183
103900062,335,132,203
103900063,2,0,2
103900064,112,0,112
103900065,98,73,25
103900066,149,44,105
103900067,194,2,192
103900068,0,0,0
103900069,23,2,21
103900070,84,48,36
103900071,4,9,-5
103900072,9,96,-87
103900073,22,39,-17
103900074,55,7,48
103900075,97,8,89
103900076,448,188,260
103900077,41,118,-77
103900078,153,49,104
103900079,45,18,27
103900080,0,2,-2
103900081,0,6,-6
103900082,13,34,-21
103900083,1135,1273,-138
103900084,10,35,-25
103900085,2,34,-32
103900086,763,102,661
103900087,23,35,-12
103900088,68,234,-166
103900089,15,68,-53
103900090,9,21,-12
103900091,210,26,184
103900092,329,241,88
103900093,36,127,-91
103900094,2,30,-28
103900095,32,91,-59
103900096,50,13,37
103900097,1,80,-79
103900098,80,37,43
103900099,227,43,184
103900100,327,39,288
103900101,71,146,-75
103900102,0,21,-21
103900104,0,2,-2
103900105,29,23,6
103900106,0,38,-38
103900107,121,48,73
103900108,22,60,-38
103900109,98,13,85
103900110,170,15,155
103900111,246,92,154
103900112,17,20,-3
103900113,31,62,-31
103900114,173,89,84
103900115,73,83,-10
103900116,375,564,-189
103900117,37,1,36
103900119,25,158,-133
103900120,4,19,-15
103900122,112,38,74
103900123,164,280,-116
103900124,39,0,39
103900125,61,17,44
103900126,447,41,406
103900127,90,47,43
103900128,104,34,70
103900131,8,16,-8
103900133,463,4,459
103900134,0,8,-8
103900135,1,3,-2
103900137,0,19,-19
103900138,183,30,153
103900139,78,1885,-1807
103900140,10,264,-254
103900141,71,22,49
103900142,394,19,375
103900143,212,0,212
103900144,0,8,-8
103900145,35,73,-38
103900146,260,35,225
103900147,278,37,241
103900148,227,35,192
103900149,231,126,105
103900150,1477,2925,-1448
103900151,3,23,-20
103900152,779,104,675
103900153,7,8,-1
103900154,63,1014,-951
103900155,13,56,-43
103900156,2,39,-37
103900157,69,13,56
103900158,148,10,138
103900159,187,3,184
103900160,12,7,5
103900161,14,65,-51
103900162,50,13,37
103900163,1,82,-81
103900164,145,2,143
103900167,5,24,-19
103900168,21,15,6
103900169,4,29,-25
103900170,0,17,-17
103900171,0,0,0
103900172,0,0,0
103900173,4,5,-1
103900174,224,3,221
103900175,3,117,-114
103900176,0,7,-7
103900177,1,0,1
103900178,38,2,36
103900179,52,1,51
103900180,3,2,1
103900181,13,7,6
103900182,0,1,-1
103900184,31,11,20
103900185,7,297,-290
103900187,4,94,-90
103900188,63,81,-18
103900189,32,5,27
103900190,42,4,38
103900191,1,11,-10
103900192,17,16,1
103900193,20,4,16
103900194,19,37,-18
103900195,0,55,-55
103900196,21,3,18
103900197,32,10,22
103900198,3,9,-6
103900199,146,4,142
103900200,137,20,117
103900201,11,35,-24
103900202,2,14,-12
103900203,71,27,44
103900204,1,4,-3
103900207,0,6,-6
103900208,143,1,142
103900209,0,16,-16
103900210,50,16,34
103900211,563,127,436
103900212,76,24,52
103900213,1,98,-97
103900214,124,147,-23
103900215,49,123,-74
103900216,13,100,-87
103900217,182,11,171
103900218,2,113,-111
103900219,128,46,82
103900233,76,9,67
103900235,7,26,-19
103900236,2,28,-26
103900242,2,0,2
103900243,0,0,0
103900244,65,25,40
103900245,36,29,7
103900246,10,42,-32
103900247,2,3,-1
103900248,0,20,-20
103900249,0,45,-45
103900250,3,8,-5
103900251,1,9,-8
103900253,0,15,-15
103900254,4,27,-23
103900255,0,12,-12
103900256,3,44,-41
103900257,28,46,-18
103900258,3,5,-2
103900259,2,1,1
103900261,20,0,20
103900262,10,0,10
103900263,11,7,4
103900264,2,2,0
103900265,0,0,0
103900266,0,29,-29
103900267,0,20,-20
104000001,1685,977,708
104000002,1526,1451,75
104000003,1225,961,264
104000004,1843,1374,469
104000005,1288,977,311
104000006,1519,1307,212
104000007,3556,2456,1100
104000008,218,234,-16
104000009,396,156,240
104000010,147,315,-168
104000011,118,103,15
104000012,96,125,-29
104000013,202,342,-140
104000014,147,162,-15
104000015,265,95,170
104000016,179,75,104
104000018,601,106,495
104000019,749,117,632
104000020,75,135,-60
104000021,218,167,51
104000022,106,181,-75
104000023,1092,226,866
104000024,127,91,36
104000026,48,42,6
104000027,253,100,153
104000028,583,152,431
104000029,110,139,-29
104000030,460,301,159
104000031,800,101,699
104000032,55,110,-55
104000033,692,122,570
104000034,229,105,124
104000035,996,91,905
104000036,905,185,720
104000037,141,62,79
104000038,304,146,158
104000039,111,121,-10
104000040,60,316,-256
104000041,440,215,225
104000042,155,143,12
104000043,76,131,-55
104000044,192,189,3
104000045,493,228,265
104000046,345,317,28
104000047,319,430,-111
104000048,349,448,-99
104000049,475,177,298
104000050,54,247,-193
104000051,127,318,-191
104000052,1561,1037,524
104000053,725,163,562
104000054,401,72,329
104000055,1502,909,593
104000056,222,97,125
104000057,208,70,138
104000058,509,451,58
104000059,400,508,-108
104000060,864,759,105
104000061,743,332,411
104000062,172,41,131
104000064,346,115,231
104000065,41,286,-245
104000069,388,1133,-745
104000070,26,351,-325
104000071,65,41,24
104000072,374,36,338
104000075,9,75,-66
104000076,257,11,246
104000082,1392,1851,-459
104000083,230,54,176
104000084,52,169,-117
104000085,239,79,160
104000086,172,227,-55
104000087,159,416,-257
104000090,526,239,287
104000092,1147,481,666
104000094,299,395,-96
104000095,1661,723,938
104000096,1728,22,1706
104000097,1893,220,1673
104000098,3159,219,2940
104000100,2088,284,1804
104000101,889,650,239
104000106,60,362,-302
104000107,372,164,208
104000108,126,116,10
104000109,233,54,179
104000110,318,746,-428
104000111,1011,2070,-1059
104000112,212,151,61
104000116,1,389,-388
104000117,252,138,114
104000118,792,73,719
104000119,500,107,393
104000120,261,174,87
104000121,111,200,-89
104000122,548,337,211
104000123,546,264,282
104000124,149,671,-522
104000125,894,1968,-1074
104000126,447,393,54
104000127,1095,911,184
104000128,467,106,361
104000129,30,1,29
104000130,1,422,-421
104000131,214,211,3
104000132,312,263,49
104000133,964,582,382
104000134,629,1289,-660
104000135,254,823,-569
104000136,451,1411,-960
104000137,983,184,799
104000138,530,179,351
104000139,1394,1319,75
104000141,398,297,101
104000142,373,215,158
104000143,539,198,341
104000144,34,66,-32
104000145,208,97,111
104000146,136,317,-181
104000147,92,172,-80
104000148,258,114,144
104000149,110,76,34
104000150,740,234,506
104000151,250,189,61
104000152,415,182,233
104000153,520,381,139
104000154,408,180,228
104000155,352,491,-139
104000157,779,608,171
104000158,88,254,-166
104000159,463,198,265
104000160,1069,1597,-528
104000161,53,55,-2
104000162,114,21,93
104000165,360,355,5
104000167,369,995,-626
104000168,686,5,681
104000169,159,36,123
104000170,124,197,-73
104000248,214,232,-18
104000251,5,47,-42
104000272,0,0,0
104000273,0,0,0
104000274,0,0,0
104000275,0,0,0
104000279,413,555,-142
104000290,19,189,-170
104000291,336,669,-333
104000293,646,498,148
104000294,42,2,40
104000295,721,1009,-288
104000296,323,337,-14
104000297,722,1659,-937
104000298,1096,595,501
104000299,560,594,-34
104900001,14,27,-13
104900002,53,159,-106
104900003,36,72,-36
104900004,30,42,-12
104900005,237,78,159
104900006,293,39,254
104900007,196,74,122
104900009,45,37,8
104900010,37,1,36
104900011,0,6,-6
104900012,87,4,83
104900013,14,2,12
104900014,625,102,523
104900015,30,7,23
104900016,125,32,93
104900017,27,82,-55
104900018,0,17,-17
104900019,82,3568,-3486
104900020,24,67,-43
104900021,0,11,-11
104900022,1,285,-284
104900023,0,10,-10
104900024,7,397,-390
104900025,66,28,38
104900026,0,19,-19
104900027,745,201,544
104900028,9,87,-78
104900029,5,24,-19
104900030,328,151,177
104900031,5,35,-30
104900032,22,18,4
104900033,177,84,93
104900034,316,166,150
104900035,340,196,144
104900036,521,23,498
104900037,139,91,48
104900038,34,921,-887
104900039,142,945,-803
104900040,749,62,687
104900041,254,63,191
104900042,155,99,56
104900043,17,306,-289
104900044,991,38,953
104900045,155,30,125
104900046,427,20,407
104900047,440,33,407
104900048,471,59,412
104900049,143,49,94
104900050,403,15,388
104900051,206,4,202
104900052,248,0,248
104900053,299,22,277
104900054,291,26,265
104900055,403,0,403
104900056,283,10,273
104900057,18,0,18
104900058,182,74,108
104900059,107,22,85
104900060,1,128,-127
104900061,50,41,9
104900063,0,71,-71
104900064,0,70,-70
104900065,4,63,-59
104900066,0,44,-44
104900067,1,84,-83
104900068,12,40,-28
104900070,16,45,-29
104900071,1,60,-59
104900072,10,80,-70
104900073,44,16,28
104900074,23,36,-13
104900075,22,2,20
104900076,42,32,10
104900077,110,74,36
104900078,74,74,0
104900079,101,393,-292
104900080,60,58,2
104900082,1,81,-80
104900085,2,41,-39
104900087,190,1,189
104900089,643,1,642
104900090,974,485,489
104900091,165,147,18
104900093,49,74,-25
104900097,482,1498,-1016
104900098,139,7,132
104900099,17,255,-238
104900100,111,62,49
104900102,37,40,-3
104900103,40,15,25
104900104,611,1408,-797
104900106,78,23,55
104900107,63,41,22
104900108,2,31,-29
104900109,52,61,-9
104900110,2,31,-29
104900111,155,49,106
104900112,191,70,121
104900113,358,60,298
104900114,388,108,280
104900115,465,20,445
104900116,173,21,152
104900118,1,9,-8
104900119,0,24,-24
104900120,10,350,-340
104900121,0,23,-23
104900122,1,26,-25
104900123,149,2,147
104900124,88,0,88
104900125,154,3,151
104900126,8,22,-14
104900127,2,0,2
104900128,71,57,14
104900129,615,2019,-1404
105000001,1848,624,1224
105000002,1268,807,461
105000003,1395,1860,-465
105000004,704,596,108
105000005,946,840,106
105000006,666,1075,-409
105000007,736,1075,-339
105000008,378,1393,-1015
105000009,2310,2189,121
105000010,1214,588,626
105000011,2255,2113,142
105000012,1067,1178,-111
105000013,605,711,-106
105000014,1997,1819,178
105000015,4949,8448,-3499
105000016,650,818,-168
105000017,1033,816,217
105000018,491,514,-23
105000019,500,642,-142
105000020,19,309,-290
105000021,123,75,48
105000022,47,84,-37
105000023,595,117,478
105000028,4,48,-44
105000029,312,736,-424
105000030,1923,1387,536
105000033,495,676,-181
105000034,72,724,-652
105000037,350,78,272
105000038,504,651,-147
105000039,372,500,-128
105000040,611,714,-103
105000041,278,357,-79
105000042,1045,846,199
105000043,540,397,143
105000044,560,181,379
105000045,245,242,3
105000046,500,165,335
105000047,321,305,16
105000048,814,223,591
105000049,218,252,-34
105000050,808,335,473
105000051,110,201,-91
105000052,434,532,-98
105000053,38,71,-33
105000054,358,374,-16
105000055,376,84,292
105000056,1484,970,514
105000057,1205,447,758
105000058,605,545,60
105000059,1032,471,561
105000060,369,187,182
105000061,1229,283,946
105000062,277,297,-20
105000063,161,204,-43
105000064,2048,282,1766
105000065,266,165,101
105000066,583,425,158
105000067,1433,448,985
105000068,185,315,-130
105000069,1021,1636,-615
105000070,344,748,-404
105000071,173,1419,-1246
105000072,813,2938,-2125
105000073,804,546,258
105000074,315,275,40
105000075,374,345,29
105000076,868,424,444
105000077,1006,299,707
105000078,368,497,-129
105000079,634,967,-333
105000080,1362,1258,104
105000081,661,576,85
105000082,515,1010,-495
105000083,1547,1828,-281
105000084,237,441,-204
105000085,2121,1360,761
105000086,384,540,-156
105000087,575,1153,-578
105000088,1007,1301,-294
105000089,1113,574,539
105000090,179,258,-79
105000091,303,266,37
105000092,266,261,5
105000093,135,178,-43
105000094,77,46,31
105000095,75,243,-168
105000096,675,927,-252
105000097,384,264,120
105000098,857,644,213
105000099,333,470,-137
105000100,1233,444,789
105000101,1233,504,729
105000102,1341,648,693
105000103,709,614,95
105000104,1499,553,946
105000105,709,651,58
105000106,1155,349,806
105000107,1673,368,1305
105000108,1558,460,1098
105000109,1797,336,1461
105000110,904,169,735
105000111,1179,181,998
105000112,636,228,408
105000113,435,510,-75
105000114,589,881,-292
105000115,235,1350,-1115
105000116,1003,360,643
105000117,410,245,165
105000118,914,227,687
105000119,371,236,135
105000120,1563,381,1182
105000121,569,231,338
105000122,315,275,40
105000123,348,333,15
105000124,1549,253,1296
105000125,802,445,357
105000126,1558,515,1043
105000127,1920,650,1270
105000128,363,540,-177
105000129,784,181,603
105000130,119,2086,-1967
105000131,229,126,103
105000132,1163,568,595
105000133,165,452,-287
105000134,1069,188,881
105000135,181,108,73
105000136,8,20,-12
105000137,206,58,148
105000138,6,21,-15
105000139,488,139,349
105000140,378,111,267
105000141,212,106,106
105000142,262,128,134
105000143,82,238,-156
105000144,244,160,84
105000145,515,106,409
105000146,173,311,-138
105000147,583,120,463
105000148,450,844,-394
105000149,1982,1090,892
105000150,617,338,279
105000151,486,129,357
105000152,133,210,-77
105000153,659,316,343
105000154,348,222,126
105000155,244,256,-12
105000156,169,310,-141
105000157,532,732,-200
105000158,1660,347,1313
105000159,247,406,-159
105000160,2512,292,2220
105000161,465,387,78
105000162,663,1864,-1201
105000163,611,358,253
105000164,48,147,-99
105000165,239,5873,-5634
105000166,2367,1389,978
105000167,541,2416,-1875
105000168,261,173,88
105000169,572,88,484
105000170,305,666,-361
105000171,841,101,740
105000172,204,9,195
105000173,511,6,505
105000174,113,12,101
105000175,83,38,45
105000176,534,53,481
105000177,289,136,153
105000178,226,95,131
105000179,1223,33,1190
105000180,274,30,244
105000181,114,103,11
105000182,63,13,50
105000183,1014,1888,-874
105000184,78,230,-152
105000185,202,727,-525
105000186,248,326,-78
105000187,309,235,74
105000188,143,231,-88
105000189,63,216,-153
105000190,138,156,-18
105000191,176,95,81
105000192,301,35,266
105000193,49,82,-33
105000194,354,23,331
105000195,147,187,-40
105000196,51,137,-86
105000197,86,122,-36
105000198,83,79,4
105000199,77,196,-119
105000200,115,387,-272
105000201,53,4,49
105000203,7,81,-74
105000204,53,32,21
105000205,38,65,-27
105000207,57,45,12
105000208,119,187,-68
105000209,29,78,-49
105000212,738,280,458
105000213,20,81,-61
105000214,166,67,99
105000215,159,74,85
105000216,114,56,58
105000217,73,17,56
105000218,1956,442,1514
105000221,60,83,-23
105000222,139,62,77
105000223,251,50,201
105000226,38,68,-30
105000227,32,62,-30
105000228,23,881,-858
105000229,42,410,-368
105000231,203,141,62
105000233,463,380,83
105000234,298,488,-190
105000235,433,266,167
105000237,752,44,708
105000243,34,75,-41
105000248,4,25,-21
105000262,265,148,117
105000269,84,27,57
105000270,593,1,592
105000271,0,124,-124
105000282,25,31,-6
105000287,107,114,-7
105000288,713,267,446
105000289,466,1041,-575
105000290,50,2,48
105000402,762,1955,-1193
105000426,97,152,-55
105000438,486,564,-78
105000446,2631,2478,153
105000447,1358,939,419
105000454,534,69,465
105000455,121,79,42
105000474,67,0,67
105000477,805,370,435
105000478,1431,3324,-1893
105000479,64,39,25
105000480,3074,3996,-922
105000481,2562,2047,515
105000482,1241,1788,-547
105000483,883,1123,-240
105000484,800,912,-112
105000485,800,1470,-670
105000486,830,843,-13
105000488,1556,1401,155
105000489,1131,249,882
105000549,88,67,21
105000550,137,761,-624
105000551,3,50,-47
105000552,1195,395,800
105900001,5,907,-902
105900002,853,630,223
105900003,1,55,-54
105900004,70,37,33
105900005,2,107,-105
105900006,14,74,-60
105900007,12,9,3
105900008,37,61,-24
105900009,67,13,54
105900011,65,45,20
105900012,255,42,213
105900013,3,22,-19
105900014,1,22,-21
105900015,50,109,-59
105900016,471,104,367
105900017,1490,29,1461
105900018,21,35,-14
105900019,28,65,-37
105900020,23,19,4
105900021,6,212,-206
105900022,178,116,62
105900023,2,89,-87
105900024,9,161,-152
105900025,150,4,146
105900026,65,0,65
105900027,3929,1237,2692
105900028,103,47,56
105900029,612,107,505
105900030,84,72,12
105900031,140,45,95
105900032,37,15,22
105900033,31,44,-13
105900034,113,55,58
105900035,104,49,55
105900036,59,30,29
105900037,177,22,155
105900038,93,109,-16
105900039,62,33,29
105900040,51,7,44
105900041,49,133,-84
105900042,39,31,8
105900043,464,12,452
105900044,1,212,-211
105900045,0,431,-431
105900046,0,44,-44
105900047,0,15,-15
105900048,95,88,7
105900050,242,1304,-1062
105900051,14,307,-293
105900052,243,13,230
105900053,853,2225,-1372
105900054,73,111,-38
105900056,220,252,-32
105900057,1,88,-87
105900058,3,9,-6
105900059,0,91,-91
106000001,1446,1011,435
106000002,359,1318,-959
106000003,2015,2012,3
106000004,1036,1707,-671
106000005,3356,2530,826
106000006,2771,1198,1573
106000007,533,87,446
106000008,222,242,-20
106000009,353,83,270
106000010,197,279,-82
106000011,1120,504,616
106000012,598,454,144
106000013,1542,874,668
106000014,675,574,101
106000015,1923,540,1383
106000016,848,907,-59
106000017,1070,391,679
106000018,316,292,24
106000019,472,176,296
106000020,179,122,57
106000021,424,179,245
106000022,209,116,93
106000023,1079,261,818
106000024,434,217,217
106000025,283,182,101
106000026,63,109,-46
106000027,1782,802,980
106000028,265,109,156
106000029,257,217,40
106000030,44,312,-268
106000034,26,147,-121
106000035,653,952,-299
106000036,28,315,-287
106000037,417,480,-63
106000038,11,42,-31
106000039,30,75,-45
106000040,34,862,-828
106000041,555,370,185
106000043,188,129,59
106000046,191,18,173
106000047,44,307,-263
106000049,904,52,852
106000050,103,148,-45
106000051,900,437,463
106000052,0,0,0
106000053,694,58,636
106000054,0,0,0
106000055,803,228,575
106000056,0,0,0
106000057,537,137,400
106000058,0,0,0
106000059,459,237,222
106000060,12,78,-66
106000061,148,514,-366
106000062,53,101,-48
106000063,654,602,52
106000064,0,0,0
106000065,381,155,226
106000066,59,17,42
106000067,486,38,448
106000068,57,34,23
106000069,397,32,365
106000070,95,22,73
106000071,678,130,548
106000072,1038,834,204
106000073,940,3125,-2185
106000074,441,480,-39
106000075,404,413,-9
106000076,807,472,335
106000077,1337,361,976
106000078,991,218,773
106000079,662,300,362
106000080,804,209,595
106000081,745,243,502
106000082,1000,241,759
106000083,289,540,-251
106000084,540,262,278
106000085,716,520,196
106000086,184,157,27
106000087,578,264,314
106000088,221,201,20
106000089,809,133,676
106000090,317,200,117
106000091,262,262,0
106000092,413,126,287
106000093,377,30,347
106000094,60,58,2
106000095,1234,365,869
106000096,1345,107,1238
106000097,1169,394,775
106000098,898,123,775
106000099,118,143,-25
106000100,1034,64,970
106000101,742,69,673
106000102,49,157,-108
106000103,186,220,-34
106000104,707,199,508
106000105,356,463,-107
106000106,713,156,557
106000107,91,221,-130
106000108,422,97,325
106000109,110,145,-35
106000110,305,54,251
106000111,124,82,42
106000112,265,433,-168
106000113,255,328,-73
106000114,329,423,-94
106000115,119,219,-100
106000116,333,73,260
106000117,512,251,261
106000118,806,720,86
106000119,403,215,188
106000120,675,1116,-441
106000121,219,70,149
106000122,211,122,89
106000123,867,45,822
106000124,118,65,53
106000125,9,110,-101
106000126,427,42,385
106000127,976,221,755
106000128,783,55,728
106000129,479,236,243
106000130,1004,142,862
106000131,28,421,-393
106000132,426,82,344
106000133,698,1058,-360
106000134,292,2008,-1716
106000135,111,352,-241
106000136,715,1144,-429
106000137,91,393,-302
106000138,1823,55,1768
106000139,44,94,-50
106000140,2,3,-1
106000141,3,3,0
106000142,92,178,-86
106000143,2,3,-1
106000144,30,144,-114
106000145,162,45,117
106000146,463,48,415
106000147,334,272,62
106000148,318,700,-382
106000149,643,258,385
106000150,709,1371,-662
106000151,1768,447,1321
106000152,786,1017,-231
106000153,18,788,-770
106000154,961,110,851
106000155,134,188,-54
106000156,1524,78,1446
106000157,305,843,-538
106000158,749,451,298
106000159,996,1062,-66
106000160,393,2326,-1933
106000161,371,99,272
106000162,432,1161,-729
106000163,243,124,119
106000164,627,71,556
106000165,105,184,-79
106000166,893,54,839
106000167,376,256,120
106000168,778,45,733
106000169,134,119,15
106000170,796,61,735
106000171,92,381,-289
106000172,1580,396,1184
106000173,530,696,-166
106000174,1037,85,952
106000175,96,152,-56
106000176,1771,236,1535
106000177,691,497,194
106000178,2060,429,1631
106000179,347,325,22
106000180,609,331,278
106000181,1486,720,766
106000182,1622,158,1464
106000183,1544,141,1403
106000184,827,264,563
106000185,887,960,-73
106000186,167,42,125
106000187,32,562,-530
106000188,0,3,-3
106000189,14,19,-5
106000190,64,2,62
106000191,329,79,250
106000192,0,2,-2
106000193,86,109,-23
106000194,22,143,-121
106000195,157,104,53
106000196,35,293,-258
106000197,452,117,335
106000198,175,48,127
106000199,317,939,-622
106000200,143,82,61
106000201,123,4672,-4549
106000202,1261,332,929
106000203,9,75,-66
106000204,51,2,49
106000205,5,65,-60
106000206,64,12,52
106000207,6,94,-88
106000208,1383,42,1341
106000209,1992,146,1846
106000210,192,263,-71
106000211,153,381,-228
106000212,1047,228,819
106000213,98,872,-774
106000214,826,247,579
106000215,300,294,6
106000216,545,180,365
106000217,147,233,-86
106000218,324,63,261
106000219,83,117,-34
106000220,601,94,507
106000221,195,67,128
106000222,76,32,44
106000223,323,37,286
106000224,113,66,47
106000225,81,67,14
106000226,43,84,-41
106000228,2,2,0
106000229,88,127,-39
106000231,964,19,945
106000232,41,75,-34
106000233,412,34,378
106000234,24,89,-65
106000235,71,111,-40
106000236,44,62,-18
106000237,3,9,-6
106000238,1,43,-42
106000239,0,65,-65
106000240,3,2,1
106000241,1,401,-400
106000242,121,16,105
106000249,129,56,73
106000250,39,373,-334
106000251,115,13,102
106000252,4,18,-14
106000253,76,12,64
106000254,40,11,29
106000255,57,62,-5
106000256,16,13,3
106000257,59,139,-80
106000258,64,14,50
106000259,4,52,-48
106000260,17,2,15
106000261,4,36,-32
106000262,28,1,27
106000263,21,7,14
106000264,146,3,143
106000265,8,29,-21
106000266,138,18,120
106000267,2,24,-22
106000268,162,14,148
106000269,32,26,6
106000270,71,124,-53
106000271,64,13,51
106000272,62,21,41
106000273,15,46,-31
106000274,108,4,104
106000275,148,73,75
106000276,15,5,10
106000277,115,100,15
106000278,59,6,53
106000279,9,4,5
106000280,77,5,72
106000281,27,9,18
106000282,70,20,50
106000283,27,14,13
106000284,107,6,101
106000285,57,37,20
106000286,64,13,51
106000287,54,12,42
106000288,86,7,79
106000289,61,5,56
106000290,68,2,66
106000291,48,11,37
106000292,26,6,20
106000293,40,30,10
106000294,50,3,47
106000295,20,10,10
106000296,5,3,2
106000297,12,71,-59
106000298,42,21,21
106000299,52,27,25
106000300,83,42,41
106000301,42,38,4
106000303,73,7,66
106000304,20,4,16
106000305,62,25,37
106000306,22,19,3
106000307,109,2,107
106000308,8,30,-22
106000309,4,37,-33
106000310,170,126,44
106000311,369,57,312
106000312,184,75,109
106000313,154,74,80
106000318,20,194,-174
106000319,667,186,481
106000320,2,87,-85
106000321,63,242,-179
106000322,115,39,76
106000324,90,97,-7
106000325,1580,395,1185
106000326,419,527,-108
106000327,317,29,288
106000328,10,7,3
106000329,37,129,-92
106000330,19,74,-55
106000428,58,139,-81
106000429,68,178,-110
106000430,276,507,-231
106000431,1857,164,1693
106000432,383,756,-373
106000433,1777,691,1086
106000434,2636,771,1865
106000435,579,758,-179
106000436,0,109,-109
106000437,596,58,538
106000438,105,240,-135
106000439,8,363,-355
106000440,151,203,-52
106000441,20,1,19
106000442,122,9,113
106000443,200,93,107
106000450,1,105,-104
106000451,28,95,-67
106000454,1,31,-30
106000455,0,90,-90
106000456,40,35,5
106000457,10,125,-115
106000458,1150,106,1044
106000459,118,52,66
106000460,1796,66,1730
106000461,81,131,-50
106000462,0,19,-19
106000463,2,16,-14
106000464,1,105,-104
106000465,857,1,856
106000466,1,145,-144
106000467,29,159,-130
106000468,127,50,77
106000469,184,2,182
106000470,65,902,-837
106000471,1,187,-186
106000472,108,8,100
106000473,21,0,21
106000474,119,298,-179
106000475,321,167,154
106000476,102,237,-135
106000477,0,2,-2
106900001,0,1,-1
106900002,0,118,-118
106900003,13,400,-387
106900004,1,2,-1
106900006,0,2,-2
106900007,0,2,-2
106900008,411,31,380
106900009,355,86,269
106900010,280,58,222
106900012,418,2148,-1730
106900013,448,241,207
106900014,61,2,59
106900015,4,0,4
106900016,411,20,391
106900017,5,0,5
106900018,26,0,26
106900019,141,0,141
106900020,628,1222,-594
106900021,139,72,67
106900022,1653,17,1636
106900023,10,23,-13
106900024,498,64,434
106900025,4,93,-89
106900026,0,99,-99
106900027,946,9,937
107000001,1919,2195,-276
107000002,815,743,72
107000003,6039,5529,510
107000004,2143,931,1212
107000005,5716,3719,1997
107000006,1718,847,871
107000007,3219,3825,-606
107000008,2137,1430,707
107000009,6434,4696,1738
107000010,3066,2293,773
107000011,336,365,-29
107000012,1271,879,392
107000013,51,11,40
107000014,47,21,26
107000015,262,135,127
107000016,457,233,224
107000017,386,504,-118
107000018,4,422,-418
107000020,492,619,-127
107000021,431,216,215
107000022,518,804,-286
107000023,1038,120,918
107000024,682,1089,-407
107000025,219,178,41
107000026,331,311,20
107000027,1117,292,825
107000028,879,355,524
107000029,2784,1732,1052
107000030,1155,1028,127
107000031,3619,1659,1960
107000032,141,470,-329
107000033,990,1628,-638
107000034,1623,416,1207
107000035,246,119,127
107000036,329,657,-328
107000037,45,446,-401
107000038,86,121,-35
107000039,492,626,-134
107000040,158,90,68
107000041,693,237,456
107000042,280,1243,-963
107000043,766,293,473
107000044,228,133,95
107000045,19,116,-97
107000046,450,138,312
107000047,162,371,-209
107000048,369,122,247
107000049,270,260,10
107000050,445,227,218
107000051,269,197,72
107000052,494,944,-450
107000053,296,250,46
107000054,2,119,-117
107000055,76,80,-4
107000056,453,332,121
107000057,609,129,480
107000058,1963,1516,447
107000059,1042,1305,-263
107000060,4274,3238,1036
107000061,2537,1142,1395
107000062,5430,1646,3784
107000063,1587,1414,173
107000064,3655,2312,1343
107000065,1599,1735,-136
107000066,840,1736,-896
107000067,716,471,245
107000068,462,492,-30
107000069,923,568,355
107000070,1082,4,1078
107000071,3016,25,2991
107000072,9,639,-630
107000073,879,443,436
107000074,51,181,-130
107000075,1879,104,1775
107000076,94,403,-309
107000077,2210,285,1925
107000078,334,541,-207
107000079,2424,653,1771
107000080,246,607,-361
107000081,3600,409,3191
107000082,248,359,-111
107000083,1315,594,721
107000084,115,345,-230
107000085,1594,1284,310
107000086,1327,1000,327
107000087,1864,992,872
107000088,1277,1135,142
107000089,1069,1024,45
107000090,601,336,265
107000091,1228,534,694
107000092,440,363,77
107000093,1029,607,422
107000094,343,348,-5
107000095,1254,653,601
107000096,322,402,-80
107000097,631,350,281
107000098,194,425,-231
107000099,312,358,-46
107000100,94,338,-244
107000101,108,226,-118
107000102,181,378,-197
107000103,267,135,132
107000104,195,183,12
107000105,385,65,320
107000106,140,129,11
107000107,595,143,452
107000108,130,221,-91
107000109,750,124,626
107000110,42,124,-82
107000111,398,34,364
107000112,2,141,-139
107000113,931,33,898
107000114,22,438,-416
107000115,736,170,566
107000116,80,336,-256
107000117,168,772,-604
107000118,34,79,-45
107000119,674,1374,-700
107000120,686,404,282
107000121,629,318,311
107000122,365,367,-2
107000123,606,224,382
107000124,481,254,227
107000125,725,145,580
107000126,571,353,218
107000127,17,276,-259
107000129,96,507,-411
107000130,326,1176,-850
107000131,233,852,-619
107000132,411,187,224
107000133,225,90,135
107000134,229,0,229
107000135,0,192,-192
107000136,316,0,316
107000137,1,95,-94
107000138,30,11,19
107000139,0,159,-159
107000140,980,28,952
107000141,47,299,-252
107000142,323,45,278
107000143,19,294,-275
107000144,195,547,-352
107000145,47,205,-158
107000146,156,246,-90
107000147,1920,319,1601
107000150,82,3147,-3065
107000151,11,8,3
107000152,242,2060,-1818
107000153,61,103,-42
107000154,0,87,-87
107000155,877,2,875
107000156,1086,1,1085
107000157,8,361,-353
107000158,716,1,715
107000159,3,146,-143
107000160,1831,86,1745
107000161,22,264,-242
107000162,111,546,-435
107000163,193,0,193
107000164,891,0,891
107000165,1206,26,1180
107000166,2,198,-196
107000167,612,93,519
107000168,762,231,531
107000169,144,183,-39
107000170,3187,414,2773
107000171,231,287,-56
107000172,1452,1681,-229
107000173,226,186,40
107000174,777,4704,-3927
107000175,1511,327,1184
107000176,0,0,0
107000177,8,0,8
107000178,12,0,12
107000179,296,651,-355
107000180,1920,118,1802
107000181,373,302,71
107000182,1655,293,1362
107000183,102,249,-147
107000184,1271,238,1033
107000185,201,546,-345
107000186,790,81,709
107000187,839,728,111
107000188,504,204,300
107000189,628,294,334
107000190,595,285,310
107000191,690,362,328
107000192,1126,132,994
107000193,299,154,145
107000194,283,140,143
107000197,684,54,630
107000198,206,673,-467
107000199,265,201,64
107000200,520,426,94
107000201,182,146,36
107000202,90,304,-214
107000203,165,379,-214
107000204,164,864,-700
107000205,329,184,145
107000206,131,504,-373
107000207,180,270,-90
107000208,114,217,-103
107000209,216,258,-42
107000210,62,113,-51
107000211,19,39,-20
107000212,63,36,27
107000213,3,13,-10
107000214,3,26,-23
107000215,289,89,200
107000216,424,85,339
107000217,93,27,66
107000219,11,108,-97
107000220,61,35,26
107000222,122,129,-7
107000224,356,78,278
107000225,75,153,-78
107000226,514,35,479
107000227,84,96,-12
107000228,20,200,-180
107000229,28,84,-56
107000230,373,181,192
107000231,268,475,-207
107000232,34,4,30
107000233,54,251,-197
107000234,0,65,-65
107000235,29,24,5
107000236,1,127,-126
107000237,53,0,53
107000238,38,8,30
107000239,1020,283,737
107000240,19,110,-91
107000241,9,5,4
107000242,60,4,56
107000243,0,24,-24
107000244,9,13,-4
107000246,2,267,-265
107000249,0,371,-371
107000251,2,23,-21
107000252,0,110,-110
107000255,80,63,17
107000257,0,440,-440
107000258,5,137,-132
107000259,1,92,-91
107000260,1860,10,1850
107000262,8,130,-122
107000263,468,3,465
107000266,10,11,-1
107000267,60,50,10
107000268,86,31,55
107000269,5,3,2
107000270,84,25,59
107000271,0,0,0
107000272,60,0,60
107000273,0,60,-60
107000274,315,30,285
107000275,4,356,-352
107000280,1012,9,1003
107000281,1,110,-109
107000282,6,261,-255
107000290,16,20,-4
107000291,8,2,6
107000292,0,38,-38
107000293,3,2,1
107000294,0,59,-59
107000295,11,4,7
107000296,0,9,-9
107000444,176,1,175
107000496,1,7,-6
107000497,433,497,-64
107000500,304,70,234
107000501,43,75,-32
107000502,163,134,29
107000505,139,351,-212
107000506,0,0,0
107000508,0,44,-44
107000509,66,304,-238
107000510,60,10,50
107000514,68,434,-366
107000515,0,51,-51
107000516,519,145,374
107000518,1136,1557,-421
107000519,335,133,202
107000520,160,41,119
107900001,96,25,71
107900002,27,5,22
107900003,462,13,449
107900004,209,0,209
107900005,2242,18,2224
107900006,108,6,102
107900007,257,6,251
107900008,25,23,2
107900009,341,9,332
107900010,37,2,35
107900012,367,41,326
107900013,100,6,94
107900014,56,0,56
107900015,1588,24,1564
107900016,64,27,37
107900017,46,0,46
107900018,120,357,-237
107900019,37,15,22
107900020,9,47,-38
107900021,70,15,55
107900023,4,3,1
107900024,0,2,-2
107900025,122,31,91
107900026,22,14,8
107900027,0,193,-193
107900028,180,10,170
107900030,214,0,214
107900031,122,19,103
107900032,43,2,41
107900033,0,28,-28
107900034,199,5,194
107900035,1505,64,1441
107900036,47,22,25
107900037,0,5,-5
107900038,18,286,-268
107900039,7,24,-17
107900040,6,831,-825
107900041,1,1,0
107900043,85,22,63
107900044,2,9,-7
107900045,75,34,41
107900046,387,110,277
107900047,62,29,33
107900048,289,23,266
107900049,38,817,-779
107900050,13,67,-54
107900051,77,17,60
107900052,0,66,-66
107900053,111,49,62
107900055,268,82,186
107900056,53,104,-51
107900057,2,0,2
107900058,13,103,-90
107900060,5,10,-5
107900061,0,32,-32
107900063,94,35,59
107900064,144,309,-165
107900065,569,4,565
107900066,3,3,0
107900067,0,0,0
107900068,25,233,-208
107900069,4,2143,-2139
107900070,116,151,-35
107900071,2,57,-55
107900072,124,17,107
107900073,76,38,38
107900074,67,135,-68
107900076,117,7,110
107900077,75,2,73
107900078,107,12,95
107900079,13,6,7
107900080,9,139,-130
107900081,25,27,-2
107900082,3,0,3
107900083,309,151,158
107900084,90,111,-21
107900086,9,187,-178
107900087,73,14,59
107900088,92,0,92
107900089,64,205,-141
107900090,184,1145,-961
107900091,52,106,-54
107900092,584,81,503
107900093,36,19,17
107900095,502,872,-370
107900097,35,23,12
107900098,110,147,-37
107900100,177,1074,-897
107900101,107,26,81
107900102,20,0,20
107900103,22,21,1
107900104,386,0,386
107900105,0,52,-52
107900106,0,139,-139
107900107,430,176,254
107900108,17,4,13
107900109,1691,35,1656
107900110,52,9,43
107900111,0,89,-89
107900112,24,236,-212
107900113,287,11,276
107900114,291,53,238
107900115,1,7,-6
107900116,216,28,188
107900117,82,120,-38
107900118,10,35,-25
107900119,137,152,-15
107900120,45,2,43
107900121,1,30,-29
107900122,0,30,-30
107900123,0,13,-13
107900124,8,57,-49
107900125,14,21,-7
107900126,31,7,24
107900127,671,118,553
107900128,28,12,16
107900129,132,0,132
107900130,131,5,126
107900131,6,43,-37
107900132,13,79,-66
107900133,0,12,-12
107900134,6,22,-16
107900135,2,16,-14
107900136,11,19,-8
107900137,36,14,22
107900138,80,5,75
107900139,81,20,61
107900140,90,28,62
107900141,8,10,-2
107900142,2,103,-101
107900143,4,9,-5
107900144,0,19,-19
107900145,1,12,-11
107900146,17,27,-10
107900147,23,9,14
107900148,139,146,-7
107900149,228,33,195
107900150,1,78,-77
107900151,18,18,0
107900152,2,36,-34
107900153,20,114,-94
107900154,16,5,11
107900155,28,2,26
107900156,5,40,-35
107900157,3,65,-62
107900158,1030,60,970
107900159,0,109,-109
107900160,111,39,72
107900161,28,39,-11
107900162,0,41,-41
107900163,2,19,-17
107900164,19,9,10
107900165,16,132,-116
107900166,41,35,6
107900167,2,59,-57
107900168,46,4,42
107900169,0,149,-149
107900171,2,134,-132
107900172,6,51,-45
107900173,54,28,26
107900174,82,0,82
107900175,0,36,-36
107900176,24,2,22
107900177,1,66,-65
107900178,0,70,-70
107900179,4,36,-32
107900180,95,801,-706
107900181,114,611,-497
107900182,0,103,-103
107900183,36,40,-4
107900184,39,50,-11
107900185,110,1,109
107900186,3,18,-15
107900187,0,17,-17
107900188,140,31,109
107900189,2,16,-14
107900190,28,45,-17
107900191,8,60,-52
107900193,1,16,-15
107900194,118,2,116
107900195,390,55,335
107900196,45,14,31
107900197,72,97,-25
107900199,1,115,-114
107900201,33,64,-31
107900203,37,21,16
107900204,99,120,-21
107900205,65,66,-1
107900206,45,278,-233
107900207,0,64,-64
107900208,0,71,-71
107900209,69,13,56
107900210,6,14,-8
107900213,69,83,-14
107900214,25,43,-18
107900215,74,190,-116
107900216,2,9,-7
107900217,54,26,28
107900218,1,271,-270
107900219,6,9,-3
107900220,12,83,-71
107900221,32,68,-36
107900223,48,27,21
107900224,22,205,-183
107900225,0,93,-93
107900226,3,42,-39
107900227,42,65,-23
107900228,30,41,-11
107900229,5,39,-34
107900230,23,20,3
107900231,37,23,14
107900232,133,13,120
107900233,0,37,-37
107900234,115,33,82
107900235,7,50,-43
107900236,212,25,187
107900237,30,350,-320
107900238,16,9,7
107900239,135,285,-150
107900240,25,14,11
107900241,1,12,-11
107900242,0,42,-42
107900243,0,10,-10
107900244,305,9,296
107900245,783,26,757
107900246,169,72,97
107900248,469,31,438
107900249,920,85,835
107900250,0,132,-132
107900251,3,114,-111
107900252,502,45,457
107900253,157,18,139
107900254,12,145,-133
107900255,37,25,12
107900256,217,712,-495
107900257,280,124,156
107900258,127,15,112
107900259,12,2198,-2186
107900261,0,60,-60
107900262,38,36,2
107900264,242,13,229
107900265,31,37,-6
107900267,410,19,391
107900268,1,0,1
107900269,0,0,0
107900270,0,0,0
107900271,1,24,-23
107900272,32,40,-8
107900273,30,58,-28
107900274,117,0,117
107900275,12,2,10
107900276,0,26,-26
107900277,0,41,-41
107900278,441,99,342
107900279,33,49,-16
107900280,651,469,182
107900281,344,4985,-4641
107900282,15,907,-892
107900283,373,533,-160
107900284,530,230,300
107900285,145,14,131
107900286,14,30,-16
107900287,370,57,313
107900290,0,230,-230
107900291,406,4,402
107900292,67,48,19
107900293,38,137,-99
107900295,28,10,18
107900297,1,109,-108
107900298,355,230,125
107900299,2583,1981,602
107900300,124,281,-157
107900301,304,333,-29
107900302,74,4,70
107900303,461,215,246
107900304,404,53,351
107900305,218,10,208
107900306,1,26,-25
107900307,3,107,-104
107900308,185,48,137
107900309,17,0,17
107900310,9,0,9
107900311,247,337,-90
107900312,39,0,39
107900313,0,49,-49
107900314,0,61,-61
107900315,1,38,-37
107900316,29,0,29
107900317,33,1,32
107900318,4,283,-279
107900319,2,13,-11
107900320,8,29,-21
107900321,133,1,132
107900322,0,7,-7
107900323,22,33,-11
107900324,54,0,54
107900325,179,0,179
107900326,419,65,354
107900327,5,32,-27
107900328,0,0,0
107900329,0,9,-9
107900330,10,49,-39
107900331,425,7,418
107900332,465,9,456
107900333,94,3,91
107900334,7,75,-68
107900335,21,13,8
107900336,30,10,20
107900337,335,839,-504
107900338,1,56,-55
107900339,0,4,-4
107900340,0,67,-67
107900341,41,0,41
107900342,54,335,-281
107900343,20,5,15
107900344,10,704,-694
107900345,83,29,54
107900346,16,0,16
107900347,18,0,18
107900348,0,1,-1
107900349,8,17,-9
107900350,2,113,-111
108000001,3220,1653,1567
108000002,643,880,-237
108000003,2070,1230,840
108000004,4799,5227,-428
108000005,6306,2717,3589
108000006,1787,1885,-98
108000007,4216,1892,2324
108000008,1455,1544,-89
108000009,4580,2408,2172
108000010,1440,1556,-116
108000011,9877,5892,3985
108000012,4502,4729,-227
108000014,367,785,-418
108000015,569,89,480
108000016,191,228,-37
108000017,1016,174,842
108000018,1263,282,981
108000019,393,195,198
108000020,696,217,479
108000021,125,344,-219
108000022,250,344,-94
108000023,1140,147,993
108000024,321,158,163
108000025,392,30,362
108000026,756,114,642
108000027,529,78,451
108000028,782,96,686
108000029,497,116,381
108000030,352,136,216
108000031,108,241,-133
108000032,2101,342,1759
108000033,390,266,124
108000034,1717,310,1407
108000035,231,558,-327
108000036,204,442,-238
108000037,2061,179,1882
108000038,3232,141,3091
108000039,183,538,-355
108000040,1818,468,1350
108000041,230,640,-410
108000042,534,65,469
108000043,76,59,17
108000044,873,24,849
108000045,42,60,-18
108000046,1542,131,1411
108000047,100,256,-156
108000048,52,124,-72
108000049,559,78,481
108000050,19,139,-120
108000051,381,156,225
108000052,53,206,-153
108000053,301,135,166
108000054,168,391,-223
108000055,870,244,626
108000056,200,460,-260
108000057,586,927,-341
108000058,1213,2811,-1598
108000059,941,595,346
108000060,171,218,-47
108000061,49,88,-39
108000062,945,268,677
108000063,301,239,62
108000064,236,104,132
108000065,326,225,101
108000066,996,378,618
108000067,1746,458,1288
108000068,909,128,781
108000069,93,342,-249
108000070,2122,189,1933
108000071,314,411,-97
108000072,1344,273,1071
108000073,419,410,9
108000074,872,189,683
108000075,229,201,28
108000076,882,201,681
108000077,226,185,41
108000078,2569,553,2016
108000079,204,338,-134
108000080,1565,194,1371
108000081,198,355,-157
108000082,245,349,-104
108000083,1482,312,1170
108000084,71,303,-232
108000085,1017,275,742
108000086,153,137,16
108000087,107,1773,-1666
108000088,256,3,253
108000089,131,144,-13
108000090,787,34,753
108000091,53,299,-246
108000092,377,25,352
108000093,178,224,-46
108000094,1166,53,1113
108000095,80,155,-75
108000096,723,102,621
108000097,53,192,-139
108000098,1923,484,1439
108000099,271,35,236
108000100,160,145,15
108000101,1140,506,634
108000102,890,2039,-1149
108000106,585,0,585
108000107,1,365,-364
108000108,616,69,547
108000109,1,182,-181
108000110,453,59,394
108000111,145,351,-206
108000112,19,134,-115
108000113,148,107,41
108000115,194,110,84
108000117,245,208,37
108000118,29,125,-96
108000119,401,118,283
108000120,118,615,-497
108000121,212,161,51
108000122,609,170,439
108000123,514,88,426
108000124,242,95,147
108000125,533,117,416
108000126,204,78,126
108000127,522,110,412
108000128,643,76,567
108000129,112,139,-27
108000130,531,119,412
108000131,597,91,506
108000132,135,231,-96
108000133,1410,118,1292
108000134,215,122,93
108000135,1340,328,1012
108000136,84,90,-6
108000137,441,83,358
108000138,364,255,109
108000139,520,161,359
108000140,426,6,420
108000141,21,37,-16
108000142,14,17,-3
108000143,9,15,-6
108000144,120,2,118
108000145,47,9,38
108000146,156,1,155
108000147,33,4,29
108000148,130,4,126
108000149,2,13,-11
108000150,87,19,68
108000151,6,25,-19
108000152,24,51,-27
108000153,614,61,553
108000154,19,11,8
108000155,60,53,7
108000156,171,79,92
108000157,40,1462,-1422
108000158,12,490,-478
108000159,98,136,-38
108000160,935,965,-30
108000161,836,2830,-1994
108000165,0,296,-296
108000172,2,135,-133
108000173,415,1405,-990
108000175,392,38,354
108000178,122,96,26
108000179,62,606,-544
108000181,94,5,89
108000182,65,5,60
108000183,0,1,-1
108000184,212,2154,-1942
108000185,141,126,15
108000186,447,14,433
108000187,71,139,-68
108000188,1239,41,1198
108000189,140,1268,-1128
108000190,17,19,-2
108000192,142,108,34
108000193,183,19,164
108000194,8,3,5
108000195,2,279,-277
108000196,96,95,1
108000198,334,38,296
108000199,0,47,-47
108000200,913,29,884
108000202,0,62,-62
108000203,102,131,-29
108000204,195,108,87
108000205,76,126,-50
108000339,319,237,82
108000364,85,99,-14
108000365,23,135,-112
108000367,52,98,-46
108000368,16,17,-1
108000369,168,51,117
108000371,0,399,-399
108000372,596,1,595
108000373,130,42,88
108000376,111,13,98
108000377,653,57,596
108000378,6858,8731,-1873
108000379,16,60,-44
108000381,179,6,173
108000382,61,0,61
108000383,0,44,-44
108900001,5,126,-121
108900002,107,15,92
108900003,55,219,-164
108900004,1,289,-288
108900005,71,84,-13
108900006,501,131,370
108900007,338,44,294
108900008,230,38,192
108900009,91,64,27
108900010,459,68,391
108900011,1008,98,910
108900012,490,136,354
108900013,157,59,98
108900014,10,50,-40
108900015,0,104,-104
108900016,0,156,-156
108900017,31,127,-96
108900018,138,204,-66
108900019,5,133,-128
108900020,42,36,6
108900021,57,62,-5
108900022,89,6,83
108900023,2,21,-19
108900024,22,20,2
108900025,279,8,271
108900026,37,33,4
108900027,4,12,-8
108900028,120,78,42
108900029,28,84,-56
108900030,0,6,-6
108900031,59,78,-19
108900032,1,50,-49
108900033,0,53,-53
108900034,0,23,-23
108900035,153,297,-144
108900036,103,132,-29
108900037,11,136,-125
108900038,0,67,-67
108900039,1,68,-67
108900040,3,64,-61
108900041,1994,1979,15
108900042,0,183,-183
108900043,28,264,-236
108900044,0,133,-133
108900045,133,94,39
108900046,2,112,-110
108900047,0,20,-20
108900048,40,137,-97
108900049,584,1476,-892
108900050,5,113,-108
108900051,0,35,-35
108900052,25,64,-39
108900053,54,192,-138
108900054,81,28,53
108900055,22,92,-70
108900056,0,32,-32
108900057,0,50,-50
108900058,53,128,-75
108900059,634,72,562
108900060,36,85,-49
108900061,16,5,11
108900062,0,83,-83
108900063,49,365,-316
108900064,345,29,316
108900065,13,77,-64
108900066,309,31,278
108900067,11,46,-35
108900068,0,95,-95
108900069,92,40,52
108900070,38,19,19
108900071,190,8,182
108900072,889,178,711
108900073,1,453,-452
108900074,361,47,314
108900075,3,23,-20
108900076,436,9,427
108900077,53,872,-819
108900078,57,20,37
108900079,98,61,37
108900080,17,757,-740
108900081,15,113,-98
108900082,115,21,94
108900083,19,201,-182
108900084,84,38,46
108900085,1174,60,1114
108900086,84,32,52
108900087,49,84,-35
108900088,280,128,152
108900089,23,52,-29
108900090,87,50,37
108900091,78,26,52
108900092,307,142,165
108900093,59,14,45
108900094,133,23,110
108900095,5,72,-67
108900096,150,7,143
108900097,179,53,126
108900098,642,1094,-452
108900099,253,52,201
108900100,66,57,9
108900101,132,138,-6
108900102,9,925,-916
108900103,121,81,40
108900104,52,104,-52
108900105,3,1716,-1713
108900106,312,67,245
108900108,266,20,246
108900109,74,16,58
108900110,80,39,41
108900111,265,105,160
108900112,182,16,166
108900113,76,30,46
108900114,4,4,0
108900115,259,69,190
108900116,54,5,49
108900117,242,19,223
108900118,650,15,635
108900119,540,14,526
108900120,171,155,16
108900121,256,58,198
108900122,221,16,205
108900123,216,35,181
108900124,661,38,623
108900125,709,2,707
108900126,83,57,26
108900127,216,38,178
108900128,185,8,177
108900129,1115,22,1093
108900130,412,0,412
108900131,442,1,441
108900132,488,24,464
108900133,297,18,279
108900134,565,43,522
108900135,296,3,293
108900136,32,9,23
108900137,254,1,253
108900138,576,7,569
108900139,586,18,568
108900140,547,33,514
108900141,610,22,588
108900142,45,0,45
108900143,114,1,113
108900144,102,0,102
108900145,180,1,179
108900146,85,1,84
108900147,387,0,387
108900148,15,9,6
108900149,170,260,-90
108900150,168,10,158
108900151,11,5,6
108900152,126,39,87
108900153,165,46,119
108900154,3991,215,3776
108900155,143,26,117
108900156,119,2,117
108900157,3,95,-92
108900158,587,97,490
108900159,28,59,-31
108900160,15,118,-103
108900161,3,143,-140
108900162,169,26,143
108900163,0,307,-307
108900164,48,7,41
108900165,41,20,21
108900167,227,7568,-7341
108900168,3302,1219,2083
108900169,53,60,-7
108900171,1490,3077,-1587
108900172,173,39,134
108900173,81,102,-21
108900174,921,81,840
108900176,49,250,-201
108900177,1492,6486,-4994
108900178,1002,3357,-2355
108900179,109,844,-735
108900180,91,143,-52
108900182,100,206,-106
108900183,79,74,5
108900184,251,152,99
108900185,35,136,-101
108900186,55,100,-45
108900187,685,19,666
108900188,799,27,772
108900189,157,15,142
108900190,5,536,-531
108900191,79,164,-85
108900192,66,114,-48
108900193,11,10,1
108900194,0,43,-43
108900195,17,57,-40
108900196,6,84,-78
108900198,0,122,-122
108900199,184,100,84
108900200,553,219,334
108900201,146,353,-207
108900203,490,46,444
108900204,329,3,326
108900205,130,9,121
108900206,334,28,306
108900207,253,159,94
108900208,4,59,-55
108900209,73,143,-70
108900210,136,50,86
108900211,75,342,-267
108900212,49,928,-879
108900215,26,136,-110
108900216,185,156,29
108900217,58,0,58
108900218,34,1,33
108900219,26,8,18
108900220,13,14,-1
108900221,20,38,-18
108900222,190,19,171
108900223,2,117,-115
108900224,29,99,-70
108900225,0,94,-94
108900226,365,10,355
108900227,118,117,1
108900230,34,47,-13
108900231,10,47,-37
108900232,4,73,-69
108900233,302,55,247
108900234,163,47,116
108900235,83,186,-103
108900236,13,210,-197
108900237,13,60,-47
108900240,199,34,165
108900241,72,48,24
108900245,3,1598,-1595
108900249,51,5,46
108900250,239,30,209
108900257,284,53,231
108900258,2,46,-44
108900259,17,23,-6
108900260,1,5,-4
108900261,5,9,-4
108900262,46,14,32
108900263,20,20,0
108900264,47,70,-23
108900265,242,320,-78
108900266,70,576,-506
108900267,0,198,-198
108900268,6,10,-4
108900269,46,11,35
108900270,52,17,35
108900271,17,2,15
108900272,177,2,175
108900273,97,336,-239
108900274,53,13,40
109000001,1906,2135,-229
109000002,291,929,-638
109000003,2486,322,2164
109000004,201,677,-476
109000005,1742,312,1430
109000006,305,525,-220
109000007,1690,214,1476
109000008,253,551,-298
109000009,3333,399,2934
109000010,338,845,-507
109000011,3863,1208,2655
109000012,744,818,-74
109000013,4449,3365,1084
109000014,819,755,64
109000015,2664,7692,-5028
109000016,1175,779,396
109000017,2929,422,2507
109000018,392,698,-306
109000019,2231,581,1650
109000020,394,528,-134
109000023,95,5,90
109000024,41,112,-71
109000025,167,407,-240
109000026,223,174,49
109000027,72,263,-191
109000028,34,24,10
109000029,62,290,-228
109000030,11,89,-78
109000031,325,46,279
109000032,15,70,-55
109000033,602,84,518
109000034,30,6,24
109000035,0,6,-6
109000036,12,284,-272
109000037,321,2844,-2523
109000038,230,147,83
109000039,823,598,225
109000040,1590,13353,-11763
109000041,989,1967,-978
109000042,356,1363,-1007
109000044,532,13,519
109000045,50,23,27
109000046,539,50,489
109000047,38,16,22
109000048,297,132,165
109000049,50,24,26
109000050,455,95,360
109000051,26,9,17
109000052,368,371,-3
109000053,345,60,285
109000054,46,128,-82
109000055,135,179,-44
109000056,75,124,-49
109000057,721,382,339
109000058,137,69,68
109000059,11,647,-636
109000060,73,501,-428
109000061,117,1160,-1043
109000062,77,251,-174
109000063,96,36,60
109000064,463,33,430
109000065,222,32,190
109000066,453,25,428
109000067,46,37,9
109000068,222,4,218
109000069,293,4,289
109000070,6,335,-329
109000071,222,35,187
109000072,33,141,-108
109000073,32,74,-42
109000074,22,90,-68
109000075,22,20,2
109000076,96,149,-53
109000077,176,163,13
109000078,50,95,-45
109000079,91,101,-10
109000080,182,32,150
109000081,156,107,49
109000082,596,101,495
109000083,237,145,92
109000088,185,123,62
109000089,387,79,308
109000090,60,173,-113
109000091,499,46,453
109000092,156,122,34
109000093,376,87,289
109000094,1187,2,1185
109000095,111,214,-103
109000096,888,51,837
109000097,13,34,-21
109000098,24,73,-49
109000099,521,78,443
109000100,175,147,28
109000101,1778,293,1485
109000102,321,183,138
109000103,382,209,173
109000104,2610,168,2442
109000105,131,334,-203
109000106,1605,168,1437
109000107,316,356,-40
109000108,2335,229,2106
109000109,257,224,33
109000110,1006,249,757
109000111,417,406,11
109000112,98,37,61
109000113,153,86,67
109000114,81,95,-14
109000115,338,8,330
109000116,12,134,-122
109000117,151,21,130
109000118,1,137,-136
109000119,2045,43,2002
109000120,108,180,-72
109000121,776,15,761
109000122,82,187,-105
109000123,28,43,-15
109000124,715,99,616
109000125,1115,143,972
109000126,225,259,-34
109000127,1251,44,1207
109000128,373,329,44
109000129,3259,173,3086
109000130,249,311,-62
109000131,569,634,-65
109000132,177,638,-461
109000133,82,283,-201
109000134,311,384,-73
109000135,183,283,-100
109000136,69,120,-51
109000137,270,94,176
109000138,127,145,-18
109000139,515,92,423
109000140,104,142,-38
109000141,355,134,221
109000142,66,203,-137
109000143,48,27,21
109000145,50,71,-21
109000146,11,51,-40
109000148,803,1186,-383
109000149,5,41,-36
109000150,7,94,-87
109000155,633,591,42
109000156,471,113,358
109000158,9,139,-130
109000159,44,136,-92
109000160,1394,72,1322
109000161,536,244,292
109000162,1842,171,1671
109000163,956,384,572
109000164,1034,630,404
109000165,1370,239,1131
109000166,951,75,876
109000167,120,92,28
109000170,3,29,-26
109000171,96,9,87
109000172,7,29,-22
109000173,0,73,-73
109000174,196,23,173
109000175,27,43,-16
109000176,235,39,196
109000177,14,37,-23
109000178,422,4,418
109000179,1520,4064,-2544
109000180,1463,2039,-576
109000181,10,4,6
109000182,63,7,56
109000183,69,14,55
109000184,63,19,44
109000185,12,33,-21
109000188,144,461,-317
109000189,2430,367,2063
109000190,347,178,169
109000191,230,207,23
109000192,477,36,441
109000193,364,60,304
109000194,258,32,226
109000195,265,65,200
109000196,146,9,137
109000197,190,92,98
109000198,286,16,270
109000199,81,88,-7
109000206,223,12,211
109000207,193,17,176
109000208,154,95,59
109000209,143,34,109
109000210,24,110,-86
109000211,252,64,188
109000214,168,93,75
109000215,135,41,94
109000216,332,324,8
109000217,63,32,31
109000218,106,91,15
109000221,81,281,-200
109000222,455,79,376
109000223,420,297,123
109000224,68,33,35
109000225,153,19,134
109000226,41,47,-6
109000227,1838,241,1597
109000228,0,144,-144
109000231,2,73,-71
109000232,538,78,460
109000236,154,233,-79
109000241,1082,299,783
109000242,862,227,635
109000293,71,56,15
109000361,19,84,-65
109000364,31,136,-105
109000396,6,189,-183
109000397,913,1,912
109000399,33,118,-85
109000400,57,47,10
109000403,12,863,-851
109000406,315,0,315
109000407,18,60,-42
109000408,0,1,-1
109000410,531,51,480
109000411,136,11,125
109900001,55,1,54
109900002,624,27,597
109900003,661,1,660
109900004,77,87,-10
109900005,44,22,22
109900006,589,135,454
109900007,1244,102,1142
109900008,2,7,-5
109900009,58,166,-108
109900010,544,10,534
109900011,31,30,1
109900012,294,45,249
109900013,323,24,299
109900014,136,22,114
109900015,96,7,89
109900016,66,3,63
109900017,169,33,136
109900018,53,10,43
109900019,86,5,81
109900020,81,1,80
109900021,56,2,54
109900022,56,66,-10
109900023,29,1,28
109900024,0,0,0
109900025,2,14,-12
109900026,1,59,-58
109900027,21,50,-29
109900028,238,1385,-1147
109900029,0,74,-74
109900030,3,76,-73
109900031,1,475,-474
109900032,3,106,-103
109900033,0,142,-142
109900034,7,10,-3
109900035,69,44,25
109900036,0,4,-4
109900037,7,144,-137
109900038,104,104,0
109900039,0,0,0
109900040,19,148,-129
109900041,40,72,-32
109900042,0,78,-78
109900044,31,55,-24
109900045,140,6,134
109900046,121,19,102
109900047,39,49,-10
109900048,0,27,-27
109900049,9,9,0
109900050,0,31,-31
109900051,0,4,-4
109900052,9,65,-56
109900053,0,51,-51
109900054,1156,48,1108
109900055,85,54,31
109900056,7,119,-112
109900057,0,36,-36
109900058,0,5,-5
109900059,1526,48,1478
109900060,630,27,603
109900061,38,40,-2
109900062,0,41,-41
109900063,25,263,-238
109900064,324,38,286
109900065,23,22,1
109900066,86,180,-94
109900067,1,104,-103
109900068,88,27,61
109900069,0,4,-4
109900070,10,37,-27
109900071,0,11,-11
109900072,1,18,-17
109900073,506,86,420
109900074,5,14,-9
109900075,17,4,13
109900076,1,28,-27
109900077,13,24,-11
109900078,17,42,-25
109900080,77,18,59
109900081,1,95,-94
109900082,24,42,-18
109900083,2,10,-8
109900084,9,35,-26
109900085,32,93,-61
109900086,87,639,-552
109900087,31,92,-61
109900089,607,59,548
109900090,151,277,-126
109900091,601,43,558
109900092,167,15,152
109900093,1027,86,941
109900094,36,19,17
109900095,61,87,-26
109900096,40,10,30
109900097,120,0,120
109900098,729,24,705
109900099,428,1,427
109900100,45,0,45
109900101,1316,2,1314
109900102,230,22,208
109900103,4,24,-20
109900104,1209,170,1039
109900105,608,14,594
109900106,331,45,286
109900107,565,32,533
109900108,55,143,-88
109900109,23,23,0
109900110,17,84,-67
109900111,54,120,-66
109900112,138,107,31
109900113,893,282,611
109900114,154,801,-647
109900115,111,54,57
109900117,1447,42,1405
109900118,102,65,37
109900119,93,95,-2
109900120,40,1,39
109900121,178,57,121
109900122,805,12,793
109900123,0,15,-15
109900124,13,61,-48
109900125,1,53,-52
109900126,681,2,679
109900128,337,15,322
109900130,1538,2281,-743
109900131,3,32,-29
109900132,8,45,-37
109900133,80,78,2
109900134,33,30,3
109900135,43,14,29
109900136,6,18,-12
109900137,133,52,81
109900138,522,69,453
109900140,72,27,45
109900141,859,120,739
109900142,1904,117,1787
109900145,1,460,-459
109900146,34,33,1
109900148,2,24,-22
109900149,2,13,-11
109900150,0,16,-16
109900151,6,37,-31
109900152,2,5,-3
109900153,1,16,-15
109900154,14,0,14
109900155,8,12,-4
109900157,44,75,-31
109900158,42,12,30
109900159,65,5,60
109900160,93,12,81
109900161,285,18,267
109900162,178,19,159
109900163,178,77,101
109900164,89,151,-62
109900165,17,2,15
109900166,7,35,-28
109900167,64,126,-62
109900168,83,152,-69
109900169,188,51,137
109900170,86,979,-893
109900171,204,65,139
109900172,165,142,23
109900173,662,1600,-938
109900174,12,29,-17
109900175,73,28,45
109900176,38,40,-2
109900177,23,30,-7
109900178,0,21,-21
109900179,0,37,-37
109900180,2,1,1
110000001,293,153,140
110000002,498,381,117
110000003,254,516,-262
110000004,350,418,-68
110000005,244,1982,-1738
110000006,148,263,-115
110000007,70,15,55
110000008,18,119,-101
110000009,29,3,26
110000010,19,86,-67
110000011,19,13,6
110000012,328,144,184
110000013,34,367,-333
110000014,391,245,146
110000015,145,352,-207
110000016,234,857,-623
110000017,1511,205,1306
110000018,1200,191,1009
110000019,1,27,-26
110000020,108,76,32
110000021,75,111,-36
110000022,958,29,929
110000023,1,20,-19
110000024,264,195,69
110000025,680,0,680
110000026,3,32,-29
110000027,230,251,-21
110000028,663,106,557
110000029,319,151,168
110000030,258,328,-70
110000031,151,140,11
110000032,977,103,874
110000033,49,89,-40
110000034,783,174,609
110000035,337,227,110
110000036,1291,230,1061
110000037,108,184,-76
110000038,162,514,-352
110000039,495,3494,-2999
110000040,246,123,123
110000041,324,2126,-1802
110000042,32,122,-90
110000043,723,261,462
110000044,26,70,-44
110000045,110,95,15
110000046,3,35,-32
110000047,22,32,-10
110000048,1,79,-78
110000049,1,11,-10
110000050,2,63,-61
110000051,2,9,-7
110000052,41,40,1
110000053,7,6,1
110000054,62,252,-190
110000055,106,102,4
110000056,34,44,-10
110000057,184,180,4
110000058,435,175,260
110000059,392,234,158
110000060,781,355,426
110000061,270,228,42
110000062,439,288,151
110000063,47,135,-88
110000064,49,7,42
110000065,202,118,84
110000066,72,5,67
110000067,85,49,36
110000068,202,23,179
110000069,575,27,548
110000071,694,10,684
110000073,17,2,15
110000075,39,10,29
110000076,328,307,21
110000077,106,683,-577
110000078,119,9,110
110000080,72,145,-73
110000081,9,114,-105
110000082,3,177,-174
110000083,107,206,-99
110000084,960,886,74
110000085,434,499,-65
110000086,397,1625,-1228
110000087,23,12,11
110000088,197,122,75
110000089,263,20,243
110000090,72,126,-54
110000091,252,91,161
110000092,2,28,-26
110000093,44,11,33
110000094,185,45,140
110000095,67,657,-590
110000096,646,1606,-960
110000097,546,1637,-1091
110000098,912,197,715
110000099,675,858,-183
110000100,1599,70,1529
110000101,89,42,47
110000102,78,29,49
110000104,300,96,204
110000105,56,98,-42
110000106,269,417,-148
110000107,70,140,-70
110000108,58,117,-59
110000109,89,116,-27
110000110,951,2188,-1237
110000111,1424,1887,-463
110000112,85,451,-366
110000113,41,1713,-1672
110000114,376,511,-135
110000115,571,90,481
110000116,38,27,11
110000117,469,100,369
110000118,782,73,709
110000119,569,65,504
110000120,244,40,204
110000121,50,310,-260
110000122,169,141,28
110000123,380,243,137
110000124,1,272,-271
110000125,456,6,450
110000126,224,9,215
110000127,755,19,736
110000128,2,433,-431
110000129,0,145,-145
110000130,150,89,61
110000131,101,92,9
110000132,4,175,-171
110000133,1,151,-150
110000134,32,137,-105
110000135,201,5,196
110000136,44,69,-25
110000137,646,116,530
110000138,635,135,500
110000139,1161,181,980
110000140,463,313,150
110000143,204,267,-63
110000144,1088,915,173
110000145,637,518,119
110000146,548,291,257
110000147,149,490,-341
110000148,592,88,504
110000151,208,630,-422
110000152,230,266,-36
110000153,451,30,421
110000154,18,71,-53
110000155,462,1050,-588
110000156,417,641,-224
110000157,364,1084,-720
110000160,185,123,62
110000161,98,102,-4
110000166,978,22,956
110000167,1394,339,1055
110000168,521,489,32
110000169,512,255,257
110000170,75,40,35
110000171,332,59,273
110000172,237,198,39
110000173,243,209,34
110000174,62,117,-55
110000175,1237,31,1206
110000176,41,720,-679
110000177,120,1256,-1136
110000178,209,2085,-1876
110000179,851,133,718
110000180,312,144,168
110000181,747,148,599
110000182,203,80,123
110000183,3355,5755,-2400
110000184,180,2476,-2296
110000185,278,228,50
110000186,332,347,-15
110000191,1386,274,1112
110000192,735,36,699
110000193,1230,0,1230
110000194,20,160,-140
110000195,476,32,444
110000196,679,34,645
110000197,60,13,47
110000198,62,12,50
110000199,31,61,-30
110000200,229,262,-33
110000201,737,906,-169
110000202,669,352,317
110000203,75,149,-74
110000204,0,53,-53
110000205,302,15,287
110000206,154,170,-16
110000207,1578,122,1456
110000208,112,245,-133
110000209,68,143,-75
110000210,1375,180,1195
110000211,597,371,226
110000212,276,1098,-822
110000213,221,24,197
110000214,386,23,363
110000215,54,109,-55
110000216,34,95,-61
110000217,557,33,524
110000218,78,36,42
110000219,386,19,367
110000220,24,31,-7
110000221,496,4,492
110000222,49,79,-30
110000223,2,58,-56
110000224,1,1,0
110000225,94,260,-166
110000226,298,12,286
110000227,144,331,-187
110000228,267,14,253
110000229,0,83,-83
110000230,286,471,-185
110000231,206,251,-45
110000232,52,57,-5
110000233,117,239,-122
110000234,315,164,151
110000235,1018,442,576
110000236,365,229,136
110000237,1311,711,600
110000238,788,367,421
110000239,1159,271,888
110000240,0,22,-22
110000242,0,11,-11
110000243,194,20,174
110000244,26,99,-73
110000245,7,172,-165
110000246,967,132,835
110000247,517,591,-74
110000248,715,205,510
110000249,153,11,142
110000250,8,49,-41
110000251,356,104,252
110000252,466,77,389
110000253,1380,153,1227
110000254,701,151,550
110000255,111,184,-73
110000256,343,80,263
110000257,183,53,130
110000258,2,76,-74
110000259,335,15,320
110000260,67,28,39
110000263,450,19,431
110000264,372,95,277
110000265,733,588,145
110000266,680,795,-115
110000267,37,37,0
110000268,229,59,170
110000269,0,25,-25
110000270,73,0,73
110000271,623,60,563
110000272,462,538,-76
110000273,557,474,83
110000274,183,1966,-1783
110000275,595,374,221
110000276,131,480,-349
110000277,243,81,162
110000278,238,251,-13
110000279,758,161,597
110000280,739,103,636
110000281,72,11,61
110000282,130,5,125
110000283,8,32,-24
110000284,1,9,-8
110000285,0,69,-69
110000286,3,0,3
110000287,86,0,86
110000288,0,47,-47
110000289,227,1939,-1712
110000290,213,567,-354
110000291,1119,427,692
110000292,365,5567,-5202
110000293,563,205,358
110000294,1402,1365,37
110000295,70,244,-174
110000296,776,148,628
110000297,2070,78,1992
110000298,27,179,-152
110000299,128,34,94
110000301,477,12,465
110000302,317,235,82
110000303,586,14,572
110000304,126,71,55
110000305,1743,9,1734
110000306,376,264,112
110000307,2284,5,2279
110000308,613,4,609
110000309,1,198,-197
110000310,910,27,883
110000311,0,159,-159
110000312,438,72,366
110000313,1580,516,1064
110000314,0,49,-49
110000315,588,1008,-420
110000316,115,528,-413
110000317,100,279,-179
110000318,0,21,-21
110000319,5,4,1
110000320,2,15,-13
110000321,18,27,-9
110000322,88,137,-49
110000323,619,83,536
110000324,719,743,-24
110000325,1112,3157,-2045
110000327,215,74,141
110000328,76,196,-120
110000333,824,643,181
110000334,146,483,-337
110000335,627,185,442
110000336,216,328,-112
110000337,1436,273,1163
110000338,303,125,178
110000339,543,85,458
110000340,33,78,-45
110000341,391,127,264
110000342,34,2,32
110000343,0,2,-2
110000344,28,161,-133
110000345,111,198,-87
110000346,728,971,-243
110000347,807,270,537
110000348,52,13,39
110000349,2,2,0
110000350,27,1,26
110000351,1527,227,1300
110000352,432,1027,-595
110000353,1823,263,1560
110000354,553,2238,-1685
110000355,191,41,150
110000356,388,13,375
110000357,659,17,642
110000361,46,48,-2
110000362,171,31,140
110000363,621,8,613
110000364,275,489,-214
110000365,60,3,57
110000366,1,106,-105
110000367,300,170,130
110000368,0,65,-65
110000369,77,5,72
110000373,0,102,-102
110000374,18,26,-8
110000375,65,328,-263
110000376,11,91,-80
110000377,43,213,-170
110000378,0,335,-335
110000379,1119,2258,-1139
110000380,137,6,131
110000383,0,208,-208
110000384,480,32,448
110000385,0,75,-75
110000387,114,0,114
110000388,30,63,-33
110000389,357,18,339
110000391,862,181,681
110000396,227,48,179
110000397,82,14,68
110000398,2,13,-11
110000399,133,2,131
110000587,212,140,72
110000589,139,11,128
110000640,92,28,64
110000652,0,249,-249
110000653,312,113,199
110000654,0,185,-185
110000656,0,91,-91
110000674,105,39,66
110000675,22,13,9
110000676,0,14,-14
110000679,29,448,-419
110000682,114,178,-64
110000683,206,71,135
110000684,1,10,-9
110000685,1,18,-17
110000686,0,41,-41
110000687,1,0,1
110000688,9,1080,-1071
110000689,27,17,10
110000692,2,43,-41
110000693,5,175,-170
110000694,0,56,-56
110000695,48,154,-106
110000696,14,36,-22
110900001,267,10,257
110900002,207,66,141
110900003,1416,49,1367
110900004,494,32,462
110900005,853,3559,-2706
110900006,70,26,44
110900007,246,98,148
110900008,0,18,-18
110900009,171,468,-297
110900010,20,16,4
110900011,3,5,-2
110900012,10,63,-53
110900013,988,59,929
110900014,335,6,329
110900015,126,411,-285
110900016,42,86,-44
110900017,489,15,474
110900018,522,4,518
110900019,370,15,355
110900020,294,53,241
110900021,90,155,-65
110900022,76,93,-17
110900023,8,117,-109
110900024,42,80,-38
110900025,0,5,-5
110900027,14,25,-11
110900028,1,18,-17
110900029,2,45,-43
110900030,2,11,-9
110900031,2,43,-41
110900032,0,9,-9
110900033,23,64,-41
110900035,1,310,-309
110900036,65,2,63
110900037,108,1,107
110900038,104,28,76
110900039,0,176,-176
110900040,275,1,274
110900041,9,3,6
110900042,35,30,5
110900043,11,5,6
110900044,25,12,13
110900045,77,79,-2
110900046,2,11,-9
110900047,62,381,-319
110900049,105,64,41
110900050,30,1,29
110900051,3,45,-42
110900052,0,100,-100
110900053,137,5,132
110900054,26,86,-60
110900055,9,0,9
110900056,23,33,-10
110900057,0,99,-99
110900058,328,16,312
110900059,235,107,128
110900060,269,15,254
110900061,2,24,-22
110900062,130,51,79
110900063,12,43,-31
110900064,4,0,4
110900065,34,32,2
110900066,10,11,-1
110900067,50,473,-423
110900068,59,41,18
110900069,2,8,-6
110900070,103,41,62
110900071,63,1087,-1024
110900073,0,5,-5
110900074,607,37,570
110900075,552,43,509
110900077,1532,81,1451
110900078,86,11,75
110900079,383,316,67
110900080,105,41,64
110900081,3,8,-5
110900082,206,58,148
110900083,98,39,59
110900084,52,27,25
110900085,40,82,-42
110900086,35,202,-167
110900087,331,52,279
110900088,12,0,12
110900090,21,88,-67
110900091,0,4,-4
110900093,119,49,70
110900095,24,1,23
110900097,47,1,46
110900098,4,5,-1
110900099,8,84,-76
110900100,0,3,-3
110900102,60,1,59
110900105,307,39,268
110900108,25,56,-31
110900111,165,43,122
110900112,469,3,466
110900113,132,31,101
110900115,3,20,-17
110900116,1227,293,934
110900118,18,3431,-3413
110900119,918,55,863
110900120,143,19,124
110900121,78,2,76
110900122,399,89,310
110900125,290,503,-213
110900127,83,453,-370
110900128,23,99,-76
110900129,49,520,-471
110900130,83,175,-92
110900131,228,30,198
110900132,429,25,404
110900133,58,41,17
110900135,67,76,-9
110900136,420,12,408
110900137,12,1,11
110900138,78,246,-168
110900139,0,65,-65
110900140,0,0,0
110900141,0,83,-83
110900142,17,16,1
110900143,314,32,282
110900144,0,178,-178
110900145,177,125,52
110900146,108,235,-127
110900147,30,89,-59
110900148,1,40,-39
110900149,1,8,-7
110900150,8,5,3
110900151,1,17,-16
110900152,16,116,-100
110900153,127,22,105
111000001,189,326,-137
111000002,206,551,-345
111000003,1443,809,634
111000004,362,627,-265
111000005,1054,939,115
111000006,958,1496,-538
111000007,2729,2291,438
111000008,1962,2590,-628
111000009,300,548,-248
111000010,1210,330,880
111000011,97,637,-540
111000012,128,345,-217
111000013,231,380,-149
111000014,1324,316,1008
111000017,11,429,-418
111000018,39,189,-150
111000020,183,612,-429
111000021,25,87,-62
111000023,59,39,20
111000025,1267,2017,-750
111000029,77,42,35
111000030,22,41,-19
111000031,1095,591,504
111000032,317,213,104
111000033,193,40,153
111000034,162,131,31
111000037,415,584,-169
111000038,1156,742,414
111000039,904,585,319
111000040,1016,756,260
111000041,221,166,55
111000042,1350,1297,53
111000043,1503,3090,-1587
111000044,1429,293,1136
111000045,2505,953,1552
111000046,1817,805,1012
111000047,2411,4954,-2543
111000049,72,129,-57
111000050,378,245,133
111000051,365,303,62
111000052,233,455,-222
111000053,70,229,-159
111000054,64,175,-111
111000055,466,551,-85
111000056,112,336,-224
111000057,89,162,-73
111000058,637,124,513
111000059,549,186,363
111000060,3820,362,3458
111000061,734,95,639
111000062,1071,203,868
111000063,1144,683,461
111000064,1208,172,1036
111000065,1233,394,839
111000066,640,184,456
111000067,1016,129,887
111000068,641,179,462
111000069,720,839,-119
111000070,173,170,3
111000071,281,117,164
111000072,1190,518,672
111000073,195,963,-768
111000074,1056,601,455
111000075,512,141,371
111000076,580,199,381
111000077,888,445,443
111000078,1257,338,919
111000079,654,315,339
111000080,463,275,188
111000081,1088,3469,-2381
111000082,797,199,598
111000084,728,309,419
111000085,584,524,60
111000086,762,399,363
111000087,504,253,251
111000088,2564,2497,67
111000089,565,421,144
111000090,361,408,-47
111000091,484,191,293
111000092,1630,374,1256
111000093,907,578,329
111000094,1134,513,621
111000095,540,1935,-1395
111000096,570,5503,-4933
111000097,1276,447,829
111000098,117,265,-148
111000099,205,486,-281
111000100,267,367,-100
111000101,146,253,-107
111000102,102,158,-56
111000104,1275,88,1187
111000107,30,282,-252
111000109,979,87,892
111000110,1140,403,737
111000111,3276,105,3171
111000112,2305,145,2160
111000113,615,1997,-1382
111000114,499,3186,-2687
111000115,1943,489,1454
111000116,563,252,311
111000117,257,281,-24
111000118,546,372,174
111000119,1254,327,927
111000120,610,333,277
111000121,206,329,-123
111000122,225,251,-26
111000123,735,726,9
111000124,297,807,-510
111000125,174,411,-237
111000126,61,181,-120
111000127,922,48,874
111000128,2656,106,2550
111000129,3085,142,2943
111000130,2854,179,2675
111000131,2783,202,2581
111000132,2213,1385,828
111000133,84,16,68
111000134,86,7,79
111000135,65,77,-12
111000136,367,88,279
111000138,8,7,1
111000140,3,2,1
111000141,112,166,-54
111000142,1,66,-65
111000143,2,100,-98
111000144,1,125,-124
111000145,5,1,4
111000146,69,1,68
111000147,47,5,42
111000148,61,31,30
111000149,1,12,-11
111000150,32,2,30
111000151,0,2,-2
111000153,198,61,137
111000154,202,44,158
111000155,133,60,73
111000156,373,144,229
111000157,109,262,-153
111000158,649,263,386
111000159,1417,428,989
111000160,350,91,259
111000161,7,271,-264
111000162,2,31,-29
111000163,618,463,155
111000164,228,1289,-1061
111000165,424,69,355
111000166,117,95,22
111000167,79,112,-33
111000168,151,121,30
111000169,220,71,149
111000170,114,68,46
111000171,193,171,22
111000172,57,185,-128
111000173,191,299,-108
111000174,230,38,192
111000175,55,85,-30
111000176,514,23,491
111000177,1030,105,925
111000178,1788,81,1707
111000179,415,34,381
111000180,415,241,174
111000181,1789,90,1699
111000182,199,90,109
111000183,73,278,-205
111000184,196,76,120
111000185,201,132,69
111000186,92,253,-161
111000187,116,56,60
111000188,249,111,138
111000189,80,135,-55
111000190,161,79,82
111000191,112,84,28
111000192,97,155,-58
111000193,126,45,81
111000194,27,61,-34
111000195,32,81,-49
111000196,71,48,23
111000197,647,25,622
111000198,340,22,318
111000199,338,128,210
111000200,761,178,583
111000201,831,34,797
111000202,316,38,278
111000203,492,98,394
111000204,280,847,-567
111000213,106,187,-81
111000214,769,1116,-347
111000215,540,348,192
111000217,1495,488,1007
111000218,1346,444,902
111000219,121,89,32
111000220,566,354,212
111000221,95,132,-37
111000224,0,69,-69
111000225,294,51,243
111000226,39,0,39
111000227,25,2,23
111000228,6,838,-832
111000229,5,1902,-1897
111000230,102,88,14
111000231,627,108,519
111000232,824,198,626
111000233,1435,221,1214
111000234,275,322,-47
111000239,24,14,10
111000240,92,348,-256
111000241,38,41,-3
111000242,269,31,238
111000243,175,91,84
111000244,929,63,866
111000245,578,97,481
111000246,734,98,636
111000247,426,103,323
111000248,683,72,611
111000249,487,149,338
111000250,71,30,41
111000251,190,46,144
111000253,43,6,37
111000255,59,6,53
111000257,32,9,23
111000260,18,337,-319
111000261,1669,10,1659
111000271,12,123,-111
111000273,2012,821,1191
111000274,1062,1447,-385
111000275,34,2,32
111000276,203,378,-175
111000277,136,102,34
111000278,373,84,289
111000291,968,9271,-8303
111000298,350,65,285
111000299,372,75,297
111000300,27,85,-58
111000302,412,28,384
111000303,113,37,76
111000312,14,23,-9
111000315,0,163,-163
111000320,94,117,-23
111000321,470,94,376
111000322,434,119,315
111000323,303,23,280
111000324,168,78,90
111000325,8,36,-28
111000326,213,115,98
111000327,239,172,67
111000328,332,257,75
111000329,1,11,-10
111000330,30,23,7
111000331,18,7,11
111000332,231,250,-19
111000334,142,366,-224
111000335,959,108,851
111000337,1903,76,1827
111000338,40,27,13
111000339,723,55,668
111000340,72,223,-151
111000341,1578,718,860
111000342,8,401,-393
111000344,852,355,497
111000345,58,89,-31
111000346,3,99,-96
111000347,170,3,167
111000350,26,61,-35
111000351,88,151,-63
111000352,115,47,68
111000353,99,86,13
111000354,330,25,305
111000355,218,138,80
111000358,93,233,-140
111000360,113,203,-90
111000361,158,115,43
111000546,608,55,553
111000547,671,87,584
111000548,138,46,92
111000549,222,45,177
111000550,18,468,-450
111000551,79,16,63
111000552,158,62,96
111000907,236,10,226
111000908,53,0,53
111000916,2620,73,2547
111000917,30,202,-172
111000918,104,125,-21
111000920,459,15,444
111000921,2,39,-37
111000922,646,44,602
111000924,1,204,-203
111000925,3364,1403,1961
111000926,933,486,447
111000927,2147,2967,-820
111000928,2320,755,1565
111000929,1951,598,1353
111000930,728,1017,-289
111000931,1986,756,1230
111000932,1669,734,935
111000933,2182,2012,170
111000934,606,825,-219
111000935,2083,577,1506
111000936,596,551,45
111000937,1037,694,343
111000938,615,549,66
111000939,596,17,579
111000940,1109,32,1077
111000941,413,53,360
111000943,1061,113,948
111000944,126,107,19
111000945,90,370,-280
111001109,445,647,-202
111001110,45,130,-85
111001111,101,0,101
111001112,233,2,231
111001113,3,86,-83
111001114,205,27,178
111001115,0,310,-310
111001116,797,4888,-4091
111001117,74,1512,-1438
111001120,62,37,25
111001121,85,78,7
111001122,4,22,-18
111001123,43,11,32
111900001,65,9,56
111900002,97,46,51
111900003,2,41,-39
111900004,4,12,-8
111900006,20,35,-15
111900007,254,7,247
111900008,367,3,364
111900009,296,3,293
111900010,21,114,-93
111900012,51,17,34
111900013,14,13,1
111900014,1120,5144,-4024
111900015,0,31,-31
111900016,0,24,-24
111900017,0,20,-20
111900018,210,13,197
111900019,0,172,-172
111900020,0,27,-27
111900021,2,11,-9
111900022,3,7,-4
111900023,95,6,89
111900024,0,0,0
111900025,0,12,-12
111900026,0,24,-24
111900027,0,10,-10
111900028,0,46,-46
111900029,0,16,-16
111900030,5,117,-112
111900031,52,28,24
111900032,2,99,-97
111900033,4,19,-15
111900034,10,231,-221
111900035,70,403,-333
111900036,0,79,-79
111900038,60,242,-182
111900039,16,74,-58
111900040,0,72,-72
111900042,6,22,-16
111900043,0,59,-59
111900044,2,100,-98
111900046,13,38,-25
111900048,398,138,260
111900049,1,100,-99
111900050,220,5,215
111900051,0,38,-38
111900052,98,96,2
111900053,368,2112,-1744
111900054,245,1,244
111900055,4,95,-91
111900056,31,349,-318
111900057,242,6,236
111900058,643,198,445
111900059,602,614,-12
111900060,421,0,421
111900061,2,34,-32
111900062,41,46,-5
111900063,160,45,115
111900064,9,81,-72
111900065,177,43,134
111900066,211,64,147
111900067,0,73,-73
111900068,9,49,-40
111900069,67,27,40
111900070,282,6,276
111900071,1,46,-45
111900072,31,30,1
111900073,1055,113,942
111900074,0,24,-24
111900075,28,2,26
111900076,250,40,210
111900077,103,0,103
111900078,569,39,530
111900079,27,42,-15
111900080,25,27,-2
111900081,69,76,-7
111900082,200,43,157
111900083,205,28,177
111900084,81,1,80
111900085,27,21,6
111900086,230,19,211
111900087,129,2,127
111900088,654,10,644
111900089,115,4,111
111900090,31,54,-23
111900091,719,15,704
111900092,220,0,220
111900093,676,11,665
111900094,129,4,125
111900095,426,7,419
111900096,387,9,378
111900097,197,0,197
111900098,478,9,469
111900099,95,0,95
111900100,141,2,139
111900101,123,7,116
111900102,799,121,678
111900103,26,14,12
111900104,35,1,34
111900105,109,250,-141
111900106,143,28,115
111900107,3,21,-18
111900108,226,282,-56
111900109,77,379,-302
111900110,877,135,742
111900111,358,6,352
111900112,161,3896,-3735
111900113,178,23,155
111900114,65,32,33
111900115,2,4,-2
111900118,176,36,140
111900119,68,52,16
111900122,38,40,-2
111900123,5,12,-7
111900124,2,9,-7
111900125,514,82,432
111900126,360,2,358
111900127,0,89,-89
111900128,0,43,-43
111900129,443,39,404
111900130,104,95,9
111900131,490,2,488
111900132,1,126,-125
111900133,3,69,-66
111900134,2,60,-58
111900135,7,25,-18
111900136,14,24,-10
111900137,37,5,32
111900138,36,6,30
111900139,16,23,-7
111900140,72,7,65
111900141,94,8,86
111900142,49,8,41
111900143,87,39,48
111900144,0,6,-6
111900145,0,75,-75
111900146,0,39,-39
111900147,5,95,-90
111900148,6,129,-123
111900149,23,75,-52
111900150,14,24,-10
111900151,1,11,-10
111900152,27,30,-3
111900153,262,468,-206
111900154,14,614,-600
111900155,40,93,-53
111900156,83,44,39
111900157,294,19,275
111900158,589,33,556
111900159,390,28,362
111900160,381,1,380
111900161,385,0,385
111900162,48,194,-146
111900163,3,167,-164
111900164,50,20,30
111901113,608,15,593
111901114,325,227,98
111901115,206,6,200
111901116,44,0,44
111901117,14,52,-38
111901118,8,304,-296
111901119,145,15,130
111901120,4,37,-33
111901121,16,42,-26
111901122,4,60,-56
111901123,395,29,366
111901124,476,6,470
111901125,814,90,724
111901126,161,122,39
111901127,268,1387,-1119
111901128,10,16,-6
111901129,8,21,-13
111901130,2,27,-25
111901131,0,260,-260
111901132,46,64,-18
111901133,66,0,66
111901134,299,1,298
111901135,49,2,47
111901136,71,41,30
111901137,0,18,-18
111901138,8,4,4
111901139,0,23,-23
111901140,7,50,-43
111901141,0,35,-35
111901142,1,28,-27
111901143,3,36,-33
111901144,23,3,20
112000001,2617,749,1868
112000002,832,1694,-862
112000003,2746,497,2249
112000004,733,219,514
112000005,3150,2799,351
112000006,426,304,122
112000007,4093,2644,1449
112000008,2419,3189,-770
112000009,1808,878,930
112000010,1989,3052,-1063
112000011,920,647,273
112000012,2839,2904,-65
112000013,1079,1037,42
112000014,536,2302,-1766
112000015,735,1574,-839
112000016,1255,2362,-1107
112000017,274,2304,-2030
112000024,884,183,701
112000026,1832,1246,586
112000027,486,307,179
112000028,524,546,-22
112000029,398,567,-169
112000030,184,7,177
112000031,462,1967,-1505
112000032,83,13,70
112000033,793,1968,-1175
112000034,109,15,94
112000035,52,367,-315
112000036,153,869,-716
112000037,253,517,-264
112000038,661,834,-173
112000039,64,46,18
112000040,34,111,-77
112000041,195,270,-75
112000042,208,47,161
112000050,812,413,399
112000051,804,1205,-401
112000054,581,532,49
112000057,239,72,167
112000058,145,162,-17
112000059,364,218,146
112000061,1191,388,803
112000062,281,604,-323
112000063,123,1081,-958
112000064,1510,1286,224
112000065,604,661,-57
112000066,1462,736,726
112000067,240,197,43
112000068,1899,1274,625
112000069,215,784,-569
112000070,804,412,392
112000071,570,696,-126
112000072,1998,559,1439
112000073,460,934,-474
112000074,606,393,213
112000075,1048,717,331
112000076,1558,902,656
112000077,766,261,505
112000078,1503,538,965
112000079,1610,863,747
112000080,432,433,-1
112000081,431,864,-433
112000082,1014,265,749
112000083,507,626,-119
112000084,1325,237,1088
112000085,1241,536,705
112000086,2043,573,1470
112000087,887,102,785
112000088,780,251,529
112000089,200,107,93
112000090,94,142,-48
112000091,324,240,84
112000092,2468,307,2161
112000093,807,270,537
112000094,536,338,198
112000095,808,187,621
112000096,644,182,462
112000097,1891,310,1581
112000098,163,347,-184
112000099,619,1544,-925
112000100,2129,339,1790
112000101,412,115,297
112000102,1622,338,1284
112000103,361,202,159
112000105,289,1589,-1300
112000106,2130,227,1903
112000107,38,100,-62
112000108,291,918,-627
112000109,83,59,24
112000110,1676,317,1359
112000111,211,624,-413
112000112,1734,186,1548
112000113,430,560,-130
112000114,1657,309,1348
112000115,217,111,106
112000116,441,209,232
112000117,556,281,275
112000118,198,311,-113
112000119,238,188,50
112000120,61,141,-80
112000121,107,231,-124
112000122,325,100,225
112000123,826,34,792
112000124,508,27,481
112000125,147,106,41
112000126,476,252,224
112000127,1038,1294,-256
112000128,322,340,-18
112000129,127,45,82
112000130,227,58,169
112000131,15,30,-15
112000132,142,57,85
112000133,361,37,324
112000134,413,166,247
112000135,924,281,643
112000136,599,462,137
112000137,1342,629,713
112000138,714,241,473
112000139,218,260,-42
112000140,108,483,-375
112000141,857,131,726
112000142,44,236,-192
112000143,954,85,869
112000144,164,355,-191
112000145,2670,164,2506
112000146,489,963,-474
112000147,1884,846,1038
112000148,391,1407,-1016
112000149,406,144,262
112000150,227,94,133
112000151,216,114,102
112000152,599,62,537
112000153,61,33,28
112000154,69,159,-90
112000155,82,60,22
112000157,215,358,-143
112000158,250,119,131
112000159,925,132,793
112000167,214,143,71
112000169,74,507,-433
112000173,1453,112,1341
112000175,374,137,237
112000176,745,580,165
112000177,986,214,772
112000178,37,148,-111
112000179,383,58,325
112000180,327,33,294
112000181,670,267,403
112000182,1967,201,1766
112000183,41,4,37
112000184,438,83,355
112000185,791,58,733
112000187,2860,2030,830
112000195,88,5,83
112000196,52,0,52
112000197,18,70,-52
112000198,4,126,-122
112000199,49,210,-161
112000202,554,1,553
112000216,36,71,-35
112000230,121,1,120
112000231,0,135,-135
112000256,30,181,-151
112000313,22,9,13
112000314,64,84,-20
112000337,73,300,-227
112000352,39,89,-50
112000392,815,364,451
112000398,1521,270,1251
112000399,438,3259,-2821
112000400,712,381,331
112000401,929,540,389
112000402,3328,3325,3
112000403,848,3523,-2675
112000404,1086,675,411
112000405,2409,2009,400
112000406,1202,628,574
112000407,7567,5973,1594
112000408,3563,986,2577
112000409,636,742,-106
112000410,63,204,-141
112000411,1093,1155,-62
112000412,225,158,67
112000413,1778,5703,-3925
112000414,70,71,-1
112000415,81,4,77
112000416,2705,492,2213
112000417,256,42,214
112000421,54,33,21
112000422,338,83,255
112000424,410,1532,-1122
112000425,291,1246,-955
112000426,204,296,-92
112000427,0,10,-10
112000428,359,48,311
112000429,1061,1010,51
112000430,1375,1395,-20
112000431,95,108,-13
112000432,274,934,-660
112000433,217,180,37
112000437,5,87,-82
112900001,106,2,104
112900002,781,79,702
112900003,62,14,48
112900004,108,99,9
112900005,292,21,271
112900006,34,23,11
112900007,105,20,85
112900008,0,11,-11
112900009,286,146,140
112900010,215,71,144
112900011,29,39,-10
112900012,1,6,-5
112900013,4,139,-135
112900014,1,58,-57
112900015,115,154,-39
112900016,1,40,-39
112900017,38,98,-60
112900018,0,55,-55
112900019,1,61,-60
112900020,149,247,-98
112900021,0,70,-70
112900022,17,31,-14
112900023,0,39,-39
112900024,4,16,-12
112900025,29,91,-62
112900026,1,11,-10
112900027,29,108,-79
112900028,10,31,-21
112900029,19,31,-12
112900030,39,33,6
112900031,0,76,-76
112900032,79,50,29
112900034,2,18,-16
112900035,0,46,-46
112900036,4,63,-59
112900037,26,134,-108
112900038,824,12,812
112900039,1,69,-68
112900040,2,179,-177
112900041,93,562,-469
112900042,115,133,-18
112900043,9,25,-16
112900044,150,56,94
112900045,21,61,-40
112900046,55,10,45
112900047,1,24,-23
112900049,250,17,233
112900050,22,198,-176
112900051,60,122,-62
112900052,4,319,-315
112900053,21,89,-68
112900054,59,58,1
112900055,55,6,49
112900056,167,147,20
112900057,1,84,-83
112900058,250,217,33
112900059,70,67,3
112900060,11,15,-4
112900061,21,23,-2
112900062,34,36,-2
112900063,3,8,-5
112900064,10,9,1
112900065,9,12,-3
112900066,269,359,-90
112900067,124,9,115
112900068,37,79,-42
112900069,472,518,-46
112900071,18,3,15
112900072,14,2843,-2829
112900073,262,216,46
112900074,69,300,-231
112900075,312,767,-455
112900076,4,15,-11
112900078,150,638,-488
112900079,429,3,426
112900080,164,0,164
112900081,54,298,-244
112900082,616,15,601
112900083,152,91,61
112900084,158,248,-90
112900085,0,1,-1
112900086,76,0,76
112900087,1254,72,1182
112900088,219,1,218
112900089,1428,9,1419
112900090,70,58,12
112900091,366,10,356
112900092,31,362,-331
112900093,881,7,874
112900094,137,1,136
112900095,130,0,130
112900096,672,132,540
112900097,74,69,5
112900098,52,2,50
112900099,1512,17,1495
112900100,142,4,138
112900101,396,4,392
112900102,63,51,12
112900103,195,1,194
112900104,66,0,66
112900105,4,0,4
112900106,231,86,145
112900107,27,1,26
112900108,0,0,0
112900109,212,1,211
112900110,1540,14,1526
112900111,762,4,758
112900112,287,1,286
112900113,0,0,0
112900114,335,1,334
112900115,2324,8,2316
112900116,134,20,114
112900117,97,2,95
112900118,0,4,-4
112900119,85,2,83
112900120,248,149,99
112900121,13,7,6
112900122,0,9,-9
112900123,109,17,92
112900124,2,7,-5
112900125,5,24,-19
112900126,27,97,-70
112900127,201,32,169
112900128,160,259,-99
112900129,0,226,-226
112900130,135,27,108
112900131,5,498,-493
112900132,66,190,-124
112900133,15,1362,-1347
112900134,0,120,-120
112900135,36,5,31
112900136,2,78,-76
112900137,4,632,-628
112900138,2,22,-20
112900139,22,446,-424
112900140,1,196,-195
112900141,479,19,460
112900142,11,110,-99
112900143,0,294,-294
112900144,9,729,-720
112900145,1,110,-109
112900146,1,22,-21
112900147,1,260,-259
112900148,5,0,5
112900149,54,74,-20
112900151,0,19,-19
112900152,4883,185,4698
112900153,124,1455,-1331
112900154,0,9,-9
112900155,61,3,58
112900156,368,204,164
112900157,368,31,337
112900158,57,1,56
112900159,86,128,-42
112900160,18,31,-13
112900161,58,11,47
112900162,0,26,-26
112900163,2,51,-49
112900164,7,94,-87
112900165,15,18,-3
112900166,7,42,-35
112900167,1,33,-32
112900168,9,0,9
112900169,15,8,7
112900170,116,3,113
112900172,68,7,61
112900173,50,13,37
112900174,240,27,213
112900175,60,98,-38
112900176,1,20,-19
112900177,206,55,151
112900178,475,2384,-1909
112900179,10,399,-389
112900180,1527,2044,-517
112900181,827,5,822
112900182,24,209,-185
112900183,9,55,-46
112900184,90,145,-55
112900185,35,110,-75
112900186,546,321,225
112900187,15,232,-217
112900188,306,844,-538
112900189,5,1,4
112900190,3,0,3
112900192,249,176,73
112900193,391,86,305
112900194,43,0,43
112900195,294,29,265
112900196,238,123,115
112900197,20,173,-153
112900199,599,77,522
112900200,373,31,342
112900201,230,28,202
112900202,412,171,241
112900203,195,59,136
112900204,126,61,65
112900205,3,0,3
112900206,6,8,-2
112900207,28,0,28
112900208,28,130,-102
112900209,33,89,-56
112900210,0,0,0
112900211,52,6,46
112900212,0,1,-1
112900213,44,1,43
112900214,1,5,-4
112900215,12,11,1
112900216,4,2,2
112900217,0,1,-1
112900218,56,0,56
112900219,147,6,141
112900220,1,0,1
112900221,8,15,-7
112900222,0,21,-21
112900223,547,14,533
112900224,673,113,560
112900225,490,117,373
112900226,30,63,-33
112900227,930,218,712
112900228,127,24,103
112900229,320,12,308
112900230,3131,1172,1959
112900232,223,349,-126
112900233,48,17,31
112900234,73,0,73
112900235,2,7,-5
112900236,571,7,564
112900237,292,20,272
112900238,21,1,20
113000001,2685,2002,683
113000002,2778,1683,1095
113000003,738,715,23
113000004,783,905,-122
113000005,810,370,440
113000006,523,660,-137
113000007,1191,376,815
113000008,960,383,577
113000009,724,278,446
113000010,796,326,470
113000011,279,462,-183
113000012,614,375,239
113000013,356,296,60
113000014,248,475,-227
113000015,60,82,-22
113000016,40,280,-240
113000017,241,127,114
113000018,415,49,366
113000019,135,122,13
113000020,133,23,110
113000021,1079,241,838
113000022,610,885,-275
113000025,33,59,-26
113000026,517,367,150
113000027,432,443,-11
113000028,379,391,-12
113000029,366,344,22
113000030,61,207,-146
113000031,27,144,-117
113000032,91,149,-58
113000033,131,92,39
113000034,88,45,43
113000035,18,5,13
113000036,26,23,3
113000037,27,9,18
113000038,6,21,-15
113000039,13,129,-116
113000040,25,11,14
113000042,288,175,113
113000051,586,1144,-558
113000052,1121,225,896
113000053,353,154,199
113000054,301,348,-47
113000055,1159,149,1010
113000056,1497,346,1151
113000058,205,321,-116
113000059,706,132,574
113000060,195,250,-55
113000061,265,318,-53
113000062,249,165,84
113000063,258,30,228
113000064,130,104,26
113000065,81,207,-126
113000066,854,47,807
113000067,2142,163,1979
113000068,330,222,108
113000069,367,126,241
113000070,2528,181,2347
113000071,429,167,262
113000072,714,119,595
113000073,264,452,-188
113000074,565,205,360
113000075,1152,302,850
113000076,112,881,-769
113000077,365,470,-105
113000078,341,602,-261
113000079,148,290,-142
113000080,233,406,-173
113000081,576,488,88
113000082,391,205,186
113000083,557,393,164
113000084,605,318,287
113000085,761,235,526
113000086,295,339,-44
113000087,592,524,68
113000088,530,530,0
113000089,583,719,-136
113000090,56,317,-261
113000091,99,87,12
113000094,905,68,837
113000095,131,132,-1
113000096,81,252,-171
113000097,450,135,315
113000098,27,16,11
113000099,587,149,438
113000100,106,87,19
113000101,46,124,-78
113000102,438,117,321
113000103,1564,211,1353
113000104,668,1486,-818
113000105,648,140,508
113000106,356,96,260
113000107,744,415,329
113000108,476,240,236
113000109,165,823,-658
113000110,1836,313,1523
113000111,103,293,-190
113000112,240,147,93
113000113,956,213,743
113000114,72,375,-303
113000116,163,182,-19
113000117,299,130,169
113000118,24,302,-278
113000119,174,245,-71
113000120,25,265,-240
113000121,267,368,-101
113000124,99,107,-8
113000125,15,999,-984
113000127,676,59,617
113000128,513,193,320
113000129,159,383,-224
113000133,716,86,630
113000134,3,698,-695
113000135,2441,2236,205
113000137,534,1595,-1061
113000139,133,92,41
113000140,53,26,27
113000141,108,22,86
113000142,102,85,17
113000143,151,47,104
113000144,50,88,-38
113000145,110,53,57
113000146,33,10,23
113000147,99,11,88
113000148,252,42,210
113000149,81,123,-42
113000150,161,98,63
113000151,3,7,-4
113000152,33,131,-98
113000153,349,107,242
113000154,191,776,-585
113000155,275,350,-75
113000156,65,95,-30
113000157,133,152,-19
113000158,181,22,159
113000159,472,53,419
113000160,205,202,3
113000161,212,113,99
113000162,416,58,358
113000163,67,25,42
113000164,2,14,-12
113000166,114,23,91
113000167,42,14,28
113000168,141,10,131
113000169,156,7,149
113000170,67,14,53
113000171,14,21,-7
113000172,309,12,297
113000173,31,11,20
113000174,35,33,2
113000175,326,19,307
113000176,521,20,501
113000177,72,44,28
113000178,53,33,20
113000179,195,51,144
113000180,793,1022,-229
113000181,1164,491,673
113000182,62,162,-100
113000183,140,358,-218
113000184,9,4,5
113000189,78,186,-108
113000190,224,66,158
113000192,336,1662,-1326
113000193,1062,1007,55
113000194,427,1133,-706
113000195,1009,872,137
113000196,418,129,289
113000197,952,1368,-416
113000198,58,125,-67
113000199,678,190,488
113000201,167,162,5
113000202,2789,805,1984
113000203,36,311,-275
113000204,136,1528,-1392
113000205,2,0,2
113000206,4,12,-8
113000207,22,1,21
113000208,32,12,20
113000209,0,0,0
113000210,3,4,-1
113000211,48,35,13
113000212,8,3,5
113000213,10,48,-38
113000214,44,53,-9
113000234,105,187,-82
113000410,22,100,-78
113000411,689,1293,-604
113000412,2674,824,1850
113000413,1178,1087,91
113000414,1869,6237,-4368
113000415,939,616,323
113000416,1295,840,455
113000417,369,528,-159
113000418,2349,2189,160
113000419,658,991,-333
113000420,1883,2519,-636
113000421,2331,3800,-1469
113000422,5845,4285,1560
113000423,712,1650,-938
113000424,1014,4985,-3971
113000425,18,31,-13
113000428,18,15,3
113000430,1,44,-43
113000432,2349,130,2219
113000433,67,376,-309
113000434,17,45,-28
113000435,23,101,-78
113000436,3,389,-386
113000437,1251,56,1195
113000438,176,8,168
113000439,1,14,-13
113000440,141,2,139
113000441,148,89,59
113000442,145,15,130
113000443,460,27,433
113000444,281,13,268
113000445,99,12,87
113000446,13,35,-22
113000448,200,224,-24
113000449,42,505,-463
113000450,192,1147,-955
113000451,1117,174,943
113000452,53,256,-203
113000453,2,201,-199
113000454,74,49,25
113000455,2,474,-472
113000456,461,726,-265
113000468,554,136,418
113000469,44,214,-170
113000470,135,13,122
113000471,1,250,-249
113000472,23,45,-22
113000474,892,403,489
113000475,613,716,-103
113000476,1196,1185,11
113000477,3810,1041,2769
113000478,1398,1700,-302
113000479,72,64,8
113000480,137,116,21
113000481,0,0,0
113000482,0,0,0
113000483,0,0,0
113000485,0,0,0
113000486,0,0,0
113000487,0,0,0
113000488,0,0,0
113000489,0,0,0
113000490,0,0,0
113000491,0,0,0
113000492,0,0,0
113000493,0,0,0
113000495,46,29,17
113000496,22,68,-46
113000497,0,0,0
113000498,0,0,0
113000499,0,0,0
113000500,0,0,0
113900001,1,171,-170
113900002,1,38,-37
113900003,1,34,-33
113900004,0,63,-63
113900005,1,146,-145
113900006,1,4,-3
113900007,4,146,-142
113900008,13,0,13
113900009,12,0,12
113900010,23,0,23
113900011,68,0,68
113900012,47,0,47
113900013,25,0,25
113900014,306,3,303
113900015,0,13,-13
113900016,8,0,8
113900017,0,1,-1
113900018,16,48,-32
113900019,180,21,159
113900020,209,0,209
113900022,23,0,23
113900023,18,1,17
113900024,22,50,-28
113900025,41,1,40
113900026,50,0,50
113900027,3,7,-4
113900028,6,135,-129
113900029,68,26,42
113900030,369,1,368
113900031,7,1,6
113900032,18,0,18
113900033,12,12,0
113900035,22,0,22
113900036,13,15,-2
113900037,113,257,-144
113900038,14,111,-97
113900039,264,30,234
113900040,4,15,-11
113900041,1,0,1
113900042,8,0,8
113900043,73,23,50
113900044,21,178,-157
113900045,38,0,38
113900046,41,178,-137
113900047,92,17,75
113900048,10,45,-35
113900049,83,355,-272
113900050,59,64,-5
113900051,88,22,66
113900052,49,37,12
113900053,210,578,-368
113900054,1,0,1
113900055,30,116,-86
113900056,30,25,5
113900057,4,13,-9
113900058,42,16,26
113900059,108,25,83
113900060,13,197,-184
113900061,185,31,154
113900062,78,1,77
113900063,26,12,14
113900064,8,9,-1
113900065,400,6,394
113900066,256,59,197
113900067,212,21,191
113900068,191,490,-299
113900069,3,4,-1
113900070,90,118,-28
113900071,66,22,44
113900072,7,7,0
113900073,174,93,81
113900074,139,51,88
113900075,203,1085,-882
113900076,48,1,47
113900077,7,82,-75
113900078,8,38,-30
113900079,0,6,-6
113900080,148,69,79
113900081,11,19,-8
113900082,43,59,-16
113900083,377,69,308
113900084,46,12,34
113900085,11,71,-60
113900086,29,11,18
113900087,31,85,-54
113900088,53,98,-45
113900089,294,15,279
113900090,162,106,56
113900091,3,1,2
113900092,3,8,-5
113900093,5,441,-436
113900094,404,66,338
113900095,99,14,85
113900096,170,40,130
113900097,12,23,-11
113900098,561,74,487
113900099,0,1,-1
113900100,0,0,0
113900101,1,26,-25
113900102,6,35,-29
113900103,61,187,-126
113900104,34,20,14
113900105,176,11,165
113900106,0,2,-2
113900107,0,1,-1
113900108,2,12,-10
113900109,64,33,31
113900110,10,3,7
113900111,89,15,74
113900112,131,12,119
113900113,341,63,278
113900114,0,3,-3
113900115,0,8,-8
113900116,0,14,-14
113900117,37,4,33
113900118,34,464,-430
113900119,75,103,-28
113900120,40,5,35
113900121,64,6,58
113900122,139,2495,-2356
113900123,199,20,179
113900124,0,24,-24
113900125,241,26,215
113900126,3,11,-8
113900127,75,300,-225
113900128,121,4,117
113900129,1,63,-62
113900130,0,23,-23
113900131,93,6,87
113900132,1,9,-8
113900133,5,8,-3
113900135,96,105,-9
113900136,37,4,33
113900137,124,69,55
113900138,14,66,-52
113900139,61,64,-3
113900140,47,148,-101
113900141,339,68,271
113900142,28,7,21
113900143,4,31,-27
113900144,51,22,29
113900145,142,7,135
113900146,86,11,75
113900148,20,51,-31
113900149,54,41,13
113900150,411,115,296
113900151,219,54,165
113900152,1,46,-45
113900153,71,64,7
113900154,0,22,-22
113900155,7,55,-48
113900156,39,73,-34
113900157,17,131,-114
113900158,63,102,-39
113900159,1,35,-34
113900160,109,63,46
113900161,19,66,-47
113900162,64,48,16
113900163,150,36,114
113900164,206,2,204
113900165,108,90,18
113900166,16,16,0
113900167,270,32,238
113900168,15,10,5
113900169,59,77,-18
113900171,141,33,108
113900172,1,22,-21
113900173,7,111,-104
113900174,49,138,-89
113900175,117,83,34
113900176,55,109,-54
113900177,26,54,-28
113900178,129,42,87
113900179,1,149,-148
113900180,29,31,-2
113900181,632,54,578
113900182,154,82,72
113900183,20,15,5
113900184,2,138,-136
113900185,20,14,6
113900186,2,30,-28
113900187,12,11,1
113900188,11,14,-3
113900189,164,56,108
113900190,70,10,60
113900191,2,48,-46
113900192,2,239,-237
113900193,1,67,-66
113900194,344,69,275
113900195,63,51,12
113900196,0,20,-20
113900197,0,84,-84
113900198,0,34,-34
113900199,17,81,-64
113900200,1,9,-8
113900201,0,50,-50
113900202,9,5,4
113900203,0,26,-26
113900204,2,54,-52
113900205,0,1,-1
113900206,0,26,-26
113900207,0,34,-34
113900208,0,9,-9
113900209,0,19,-19
113900210,74,254,-180
113900211,100,5,95
113900212,304,78,226
113900214,83,31,52
113900215,132,21,111
113900216,84,63,21
113900217,28,90,-62
113900218,36,54,-18
113900219,44,96,-52
113900220,30,53,-23
113900221,53,218,-165
113900222,20,203,-183
113900223,154,93,61
113900224,5,10,-5
113900225,253,26,227
113900226,73,42,31
113900227,108,60,48
113900228,160,192,-32
113900229,3,283,-280
113900230,702,879,-177
113900231,14,4,10
113900232,17,5,12
113900233,60,25,35
113900234,198,179,19
113900235,26,20,6
113900236,426,20,406
113900237,96,10,86
113900238,109,179,-70
113900239,12,27,-15
113900240,0,48,-48
113900241,22,11,11
113900242,4,10,-6
113900243,8,59,-51
113900244,85,30,55
113900245,203,60,143
113900246,4,15,-11
113900247,10,258,-248
113900248,411,689,-278
113900249,101,361,-260
113900250,10,97,-87
113900251,695,31,664
113900252,518,3,515
113900253,242,14,228
113900254,295,61,234
113900255,655,17,638
113900256,361,15,346
113900257,26,176,-150
113900258,1,217,-216
113900259,420,90,330
113900260,170,1,169
113900261,39,6,33
113900262,187,105,82
113900263,2,38,-36
113900264,0,67,-67
113900265,52,85,-33
113900266,7,81,-74
113900267,17,126,-109
113900268,59,116,-57
113900269,17,59,-42
113900270,22,134,-112
113900271,166,175,-9
113900273,8,2,6
113900274,65,18,47
113900275,2,22,-20
113900276,1,89,-88
113900277,214,0,214
113900278,47,58,-11
113900279,31,17,14
113900280,230,73,157
113900281,54,477,-423
113900282,109,109,0
113900283,59,148,-89
113900284,603,55,548
113900285,34,12,22
113900286,66,57,9
113900287,39,14,25
113900288,0,16,-16
113900289,94,43,51
113900290,61,160,-99
113900291,28,60,-32
113900292,5,0,5
113900293,9,51,-42
113900294,468,10,458
113900295,126,62,64
113900296,541,177,364
113900297,1314,15,1299
113900298,9,150,-141
113900299,137,39,98
113900300,1895,2407,-512
113900301,116,229,-113
113900302,772,263,509
113900303,83,629,-546
113900304,0,27,-27
113900305,123,1,122
113900306,73,0,73
113900307,0,0,0
113900308,6,46,-40
113900309,1,191,-190
113900310,0,2,-2
113900311,4,0,4
113900312,4,31,-27
113900313,6,0,6
114000001,541,569,-28
114000002,276,142,134
114000003,181,62,119
114000004,327,93,234
114000005,384,60,324
114000006,601,240,361
114000007,434,383,51
114000008,843,690,153
114000009,1124,178,946
114000011,2113,945,1168
114000012,3144,845,2299
114000013,1664,524,1140
114000014,199,32,167
114000015,1516,87,1429
114000016,194,18,176
114000017,100,671,-571
114000018,49,16,33
114000026,2576,480,2096
114000027,3751,1134,2617
114000028,1299,1817,-518
114000038,235,63,172
114000039,20,10,10
114000040,136,282,-146
114000042,62,82,-20
114000043,31,31,0
114000044,348,11,337
114000045,12,7,5
114000046,656,1334,-678
114000047,5,71,-66
114000048,62,23,39
114000049,1491,568,923
114000050,1193,451,742
114000051,2028,934,1094
114000052,1945,1483,462
114000053,12,475,-463
114000054,144,312,-168
114000055,253,29,224
114000056,27,176,-149
114000057,1535,805,730
114000058,16,381,-365
114000059,34,414,-380
114000060,252,219,33
114000061,919,1008,-89
114000062,185,374,-189
114000063,395,336,59
114000064,882,1718,-836
114000065,470,715,-245
114000066,486,447,39
114000067,5,991,-986
114000068,199,501,-302
114000069,794,106,688
114000070,1059,886,173
114000071,697,67,630
114000072,784,68,716
114000073,12,50,-38
114000074,96,2,94
114000075,88,18,70
114000076,38,77,-39
114000077,2,3,-1
114000078,175,129,46
114000079,415,28,387
114000080,59,59,0
114000081,73,42,31
114000082,90,99,-9
114000083,33,14,19
114000084,162,98,64
114000085,65,192,-127
114000086,205,116,89
114000087,188,21,167
114000088,70,15,55
114000089,213,91,122
114000090,507,318,189
114000091,456,449,7
114000092,312,168,144
114000093,1051,192,859
114000094,405,73,332
114000095,203,145,58
114000096,36,91,-55
114000097,30,91,-61
114000098,710,65,645
114000099,548,47,501
114000100,1980,168,1812
114000101,308,164,144
114000102,693,118,575
114000103,68,147,-79
114000104,13,70,-57
114000105,209,63,146
114000106,292,1424,-1132
114000107,395,61,334
114000108,1017,338,679
114000109,489,948,-459
114000110,491,500,-9
114000111,1568,450,1118
114000112,136,1337,-1201
114000113,943,528,415
114000114,140,870,-730
114000115,1369,1023,346
114000116,751,3347,-2596
114000117,3924,299,3625
114000118,3326,163,3163
114000119,2747,382,2365
114000120,758,490,268
114000121,212,259,-47
114000122,408,64,344
114000123,2184,89,2095
114000124,1110,154,956
114000125,571,590,-19
114000126,1262,143,1119
114000127,155,52,103
114000128,760,119,641
114000130,379,335,44
114000131,510,28,482
114000132,374,76,298
114000133,384,224,160
114000134,31,1,30
114000138,3,0,3
114000139,278,64,214
114000144,436,220,216
114000145,11,10,1
114000146,57,15,42
114000147,551,1529,-978
114000148,803,1124,-321
114000149,161,174,-13
114000150,89,92,-3
114000151,119,1506,-1387
114000152,19,8,11
114000153,212,649,-437
114000154,276,133,143
114000155,428,2227,-1799
114000156,503,305,198
114000157,198,773,-575
114000158,227,220,7
114000159,109,73,36
114000160,93,72,21
114000161,628,828,-200
114000162,819,1216,-397
114000163,15,2,13
114000165,139,137,2
114000166,182,146,36
114000167,1164,743,421
114000168,244,89,155
114000169,500,863,-363
114000170,673,835,-162
114000171,1126,6137,-5011
114000174,77,95,-18
114000176,106,135,-29
114000177,344,215,129
114000178,49,26,23
114000179,497,429,68
114000180,151,117,34
114000181,853,3240,-2387
114000182,581,973,-392
114000183,321,237,84
114000184,1468,265,1203
114000185,947,550,397
114000189,1423,105,1318
114000190,3115,306,2809
114000191,70,356,-286
114000192,77,343,-266
114000193,127,485,-358
114000194,1676,695,981
114000195,306,171,135
114000196,0,48,-48
114000197,2109,30,2079
114000198,224,153,71
114000199,430,875,-445
114000200,505,375,130
114000201,158,288,-130
114000202,604,611,-7
114000203,580,884,-304
114000204,34,109,-75
114000205,335,603,-268
114000206,395,473,-78
114000207,255,455,-200
114000208,448,451,-3
114000209,208,477,-269
114000210,154,431,-277
114000211,1828,662,1166
114000212,1191,901,290
114000213,1968,427,1541
114000214,75,20,55
114000215,67,29,38
114000216,1306,443,863
114000217,346,214,132
114000218,260,161,99
114000219,1076,90,986
114000220,22,265,-243
114000221,1186,122,1064
114000222,137,299,-162
114000223,685,72,613
114000224,78,260,-182
114000225,253,175,78
114000226,360,90,270
114000227,1138,545,593
114000228,1026,241,785
114000229,1530,761,769
114000230,1513,513,1000
114000231,1037,1002,35
114000232,1003,138,865
114000233,2081,72,2009
114000234,1308,418,890
114000235,1433,717,716
114000236,0,256,-256
114000237,112,340,-228
114000238,55,284,-229
114000239,66,464,-398
114000240,921,1287,-366
114000241,238,408,-170
114000242,569,420,149
114000243,1625,868,757
114000244,348,174,174
114000245,408,803,-395
114000246,42,22,20
114000247,525,401,124
114000248,1304,315,989
114000249,1014,289,725
114000250,763,113,650
114000251,217,68,149
114000252,32,6,26
114000253,20,64,-44
114000254,17,0,17
114000255,114,105,9
114000256,144,300,-156
114000257,569,591,-22
114000258,406,75,331
114000259,134,117,17
114000260,0,0,0
114000261,85,11,74
114000262,315,42,273
114000263,2,0,2
114000264,1533,88,1445
114000265,0,0,0
114000267,2,1737,-1735
114000268,0,430,-430
114000270,170,4,166
114000271,191,108,83
114000283,1442,164,1278
114000285,7,30,-23
114000288,94,44,50
114000289,1794,64,1730
114000293,279,107,172
114000294,153,254,-101
114000395,1641,60,1581
114000396,345,143,202
114000402,694,140,554
114000403,485,99,386
114000405,274,142,132
114000423,498,124,374
114000424,589,111,478
114000425,1434,94,1340
114000426,342,632,-290
114000427,63,18,45
114000428,30,68,-38
114000429,27,54,-27
114000432,69,21,48
114000434,7,13,-6
114000435,3,22,-19
114900001,508,137,371
114900002,146,20,126
114900003,699,238,461
114900004,172,243,-71
114900005,228,169,59
114900006,67,62,5
114900007,113,4,109
114900008,327,22,305
114900010,334,953,-619
114900011,299,52,247
114900013,196,34,162
114900015,49,269,-220
114900018,498,7,491
114900020,51,59,-8
114900021,179,27,152
114900022,13,285,-272
114900024,90,67,23
114900025,639,52,587
114900026,60,124,-64
114900027,181,50,131
114900029,47,8,39
114900030,260,46,214
114900031,469,18,451
114900032,557,7,550
114900033,205,1425,-1220
114900034,11,24,-13
114900035,45,71,-26
114900036,129,70,59
114900037,14,3,11
114900038,158,99,59
114900039,498,106,392
114900040,171,13,158
114900041,1064,60,1004
114900042,929,113,816
114900043,443,58,385
114900044,125,32,93
114900045,40,328,-288
114900046,11,15,-4
114900047,42,2461,-2419
114900048,21,261,-240
114900049,21,30,-9
114900050,55,61,-6
114900051,13,47,-34
114900052,41,99,-58
114900053,33,131,-98
114900054,6,20,-14
114900057,82,16,66
114900058,0,18,-18
114900059,174,28,146
114900060,62,185,-123
114900061,28,15,13
114900062,27,70,-43
114900063,56,13,43
114900064,1745,103,1642
114900065,228,512,-284
114900067,22,58,-36
114900068,7,43,-36
114900069,105,19,86
114900070,528,52,476
114900072,0,30,-30
114900073,0,25,-25
114900074,1170,50,1120
114900075,249,7,242
114900076,2,62,-60
114900080,300,99,201
114900082,1383,1238,145
114900083,22,208,-186
114900084,41,12,29
114900090,636,96,540
114900091,63,105,-42
114900095,36,54,-18
114900096,22,115,-93
114900097,109,0,109
114900098,4,41,-37
114900099,238,41,197
115000001,1951,1325,626
115000002,3068,4626,-1558
115000003,1884,754,1130
115000004,3302,4377,-1075
115000005,917,1157,-240
115000006,984,716,268
115000007,91,224,-133
115000008,173,158,15
115000009,109,89,20
115000010,124,114,10
115000013,6,53,-47
115000015,8,88,-80
115000016,47,152,-105
115000019,35,462,-427
115000020,39,725,-686
115000021,92,176,-84
115000022,103,111,-8
115000023,305,279,26
115000024,261,66,195
115000025,744,267,477
115000026,214,101,113
115000027,279,166,113
115000028,158,78,80
115000029,609,32,577
115000030,262,172,90
115000031,400,68,332
115000032,2,57,-55
115000033,61,10,51
115000034,20,245,-225
115000035,513,115,398
115000036,0,104,-104
115000037,542,88,454
115000038,43,107,-64
115000039,1135,1988,-853
115000040,1953,1282,671
115000041,603,2714,-2111
115000042,328,307,21
115000043,2241,1298,943
115000044,1702,1412,290
115000045,1711,417,1294
115000046,2623,1374,1249
115000047,2507,686,1821
115000048,1383,917,466
115000049,978,1302,-324
115000050,2381,648,1733
115000051,800,2988,-2188
115000052,664,748,-84
115000053,1570,2114,-544
115000054,570,493,77
115000055,102,554,-452
115000056,213,121,92
115000057,425,713,-288
115000058,33,248,-215
115000059,136,368,-232
115000061,101,97,4
115000062,175,302,-127
115000063,493,199,294
115000064,203,77,126
115000065,70,440,-370
115000067,116,14,102
115000069,82,129,-47
115000070,22,770,-748
115000071,78,17,61
115000072,4,30,-26
115000073,1092,82,1010
115000075,89,70,19
115000076,1384,854,530
115000077,1368,652,716
115000078,1171,404,767
115000079,1061,705,356
115000080,2880,834,2046
115000081,189,261,-72
115000082,3754,2482,1272
115000083,1766,737,1029
115000084,2842,365,2477
115000085,894,285,609
115000086,841,290,551
115000087,453,899,-446
115000088,1121,307,814
115000089,973,644,329
115000090,257,529,-272
115000091,165,294,-129
115000092,851,391,460
115000093,654,2,652
115000094,2402,5421,-3019
115000095,1868,4530,-2662
115000096,642,348,294
115000097,1487,956,531
115000098,1339,262,1077
115000099,1939,588,1351
115000100,1633,198,1435
115000101,301,504,-203
115000102,368,99,269
115000103,315,317,-2
115000105,106,30,76
115000106,696,196,500
115000107,79,211,-132
115000108,1107,868,239
115000109,1749,4628,-2879
115000110,709,1524,-815
115000111,189,335,-146
115000112,476,274,202
115000113,184,258,-74
115000114,316,175,141
115000116,777,922,-145
115000117,952,913,39
115000118,918,775,143
115000119,656,877,-221
115000120,266,610,-344
115000121,294,302,-8
115000122,287,918,-631
115000123,358,813,-455
115000124,418,438,-20
115000125,217,397,-180
115000126,128,289,-161
115000127,204,99,105
115000128,197,418,-221
115000129,191,498,-307
115000130,262,179,83
115000131,604,123,481
115000132,320,93,227
115000133,549,110,439
115000134,252,51,201
115000135,123,79,44
115000136,114,55,59
115000137,37,50,-13
115000138,212,63,149
115000139,99,45,54
115000140,455,67,388
115000141,108,66,42
115000142,120,38,82
115000143,765,323,442
115000144,304,80,224
115000145,133,95,38
115000146,389,125,264
115000147,173,129,44
115000148,160,259,-99
115000149,435,178,257
115000150,386,102,284
115000151,864,167,697
115000152,452,164,288
115000153,903,204,699
115000154,816,159,657
115000155,420,287,133
115000156,357,419,-62
115000157,178,193,-15
115000158,163,105,58
115000159,199,190,9
115000160,259,381,-122
115000161,381,229,152
115000162,270,778,-508
115000163,149,259,-110
115000164,260,231,29
115000165,152,353,-201
115000167,29,9,20
115000168,380,135,245
115000169,102,450,-348
115000170,42,215,-173
115000171,181,466,-285
115000172,622,511,111
115000173,150,686,-536
115000174,30,289,-259
115000175,98,123,-25
115000176,27,181,-154
115000177,8,317,-309
115000178,0,210,-210
115000179,6,103,-97
115000180,105,153,-48
115000181,732,69,663
115000182,844,184,660
115000183,449,158,291
115000186,264,65,199
115000187,172,124,48
115000188,211,150,61
115000189,205,274,-69
115000190,365,348,17
115000191,122,318,-196
115000194,40,27,13
115000195,78,61,17
115000196,298,14,284
115000197,186,102,84
115000198,612,26,586
115000199,521,60,461
115000200,344,52,292
115000201,151,61,90
115000206,621,13,608
115000207,87,47,40
115000208,89,320,-231
115000209,640,376,264
115000210,197,115,82
115000211,78,89,-11
115000212,467,263,204
115000218,3,95,-92
115000219,8,111,-103
115000224,120,7,113
115000225,59,15,44
115000229,111,22,89
115000230,55,116,-61
115000231,239,425,-186
115000232,1752,226,1526
115000233,117,52,65
115000234,26,75,-49
115000241,35,16,19
115000242,144,32,112
115000243,40,46,-6
115000244,1,54,-53
115000246,25,21,4
115000247,38,14,24
115000248,30,0,30
115000249,3,6,-3
115000250,191,14,177
115000251,316,32,284
115000252,55,112,-57
115000253,5,293,-288
115000258,159,12,147
115000259,24,7,17
115000261,19,1,18
115000262,2,10,-8
115000263,2,14,-12
115000264,4,1,3
115000267,18,9,9
115000268,22,59,-37
115000269,48,13,35
115000270,2,27,-25
115000272,33,26,7
115000273,345,7,338
115000274,477,77,400
115000280,590,414,176
115000281,78,846,-768
115000282,341,1747,-1406
115000284,53,95,-42
115000296,202,2,200
115000297,32,479,-447
115000298,8,555,-547
115000300,157,70,87
115000302,276,49,227
115000303,733,62,671
115000304,932,74,858
115000305,78,100,-22
115000306,224,78,146
115000307,153,91,62
115000308,2,23,-21
115000310,1596,261,1335
115000311,1167,483,684
115000313,80,164,-84
115000314,421,155,266
115000315,141,549,-408
115000316,36,109,-73
115000317,120,193,-73
115000318,809,204,605
115000319,35,36,-1
115000320,5,327,-322
115000321,307,27,280
115000322,57,39,18
115000449,146,81,65
115000557,3,1686,-1683
115000558,28,52,-24
115000587,665,155,510
115000588,996,1169,-173
115000589,2692,1313,1379
115000590,277,555,-278
115000591,976,378,598
115000592,341,529,-188
115000593,1416,338,1078
115000594,302,1186,-884
115000609,101,47,54
115000617,230,1906,-1676
115000624,206,7,199
115000633,341,1027,-686
115000634,1760,430,1330
115000635,451,57,394
115000638,133,210,-77
115000641,26,97,-71
115000642,265,85,180
115000643,77,111,-34
115000644,120,121,-1
115000646,301,590,-289
115000647,48,177,-129
115000648,2087,351,1736
115000893,664,391,273
115000894,103,427,-324
115000895,187,375,-188
115000896,529,182,347
115000897,182,18,164
115000898,189,209,-20
115000899,82,966,-884
115000900,4,154,-150
115000901,10,215,-205
115000912,262,85,177
115000913,8,10,-2
115000915,5,0,5
115000916,16,8,8
115000917,0,27,-27
115000918,8,871,-863
115000919,2,25,-23
115000920,4,74,-70
115000921,123,56,67
115000922,135,421,-286
115000923,39,893,-854
115000925,55,69,-14
115000927,23,29,-6
115000933,15,162,-147
115900001,318,4,314
115900002,37,23,14
115900003,186,26,160
115900004,0,3,-3
115900005,328,2,326
115900006,114,25,89
115900008,230,0,230
115900009,62,40,22
115900010,499,45,454
115900011,246,57,189
115900012,285,3,282
115900013,343,23,320
115900014,61,46,15
115900015,212,6,206
115900016,41,20,21
115900017,45,32,13
115900018,87,29,58
115900019,41,1,40
115900020,166,0,166
115900021,365,754,-389
115900022,139,0,139
115900023,5,0,5
115900025,20,43,-23
115900026,464,39,425
115900027,0,29,-29
115900028,116,18,98
115900029,22,105,-83
115900030,18,5,13
115900031,28,166,-138
115900032,98,218,-120
115900033,0,27,-27
115900034,19,69,-50
115900035,13,1,12
115900036,7,1099,-1092
115900037,28,82,-54
115900038,12,4,8
115900039,139,30,109
115900041,56,684,-628
115900042,54,4,50
115900043,80,2,78
115900044,76,351,-275
115900046,402,57,345
115900047,39,209,-170
115900049,191,88,103
115900051,3,5,-2
115900052,2,105,-103
115900053,294,23,271
115900054,427,26,401
115900055,39,78,-39
115900056,141,14,127
115900057,3,14,-11
115900058,7,40,-33
115900060,13,52,-39
115900061,204,3,201
115900062,23,68,-45
115900063,15,3,12
115900064,49,72,-23
115900065,103,16,87
115900066,48,33,15
115900067,6,59,-53
115900068,1103,1452,-349
115900069,27,89,-62
115900070,167,14,153
115900071,0,143,-143
115900072,6,45,-39
115900073,174,91,83
115900074,2,54,-52
115900075,2,50,-48
115900076,1,43,-42
115900077,2,59,-57
115900078,11,70,-59
115900079,421,1,420
115900080,114,31,83
115900081,21,14,7
115900082,70,116,-46
115900084,714,2,712
115900085,7,29,-22
115900086,395,127,268
115900088,2,33,-31
115900089,373,170,203
115900090,702,13,689
115900091,1,0,1
115900092,40,23,17
115900093,5,2,3
115900094,15,48,-33
115900096,1,2,-1
115900097,5,106,-101
115900098,285,43,242
115900099,46,64,-18
115900100,2,165,-163
115900101,153,39,114
115900102,126,25,101
115900103,184,40,144
115900104,78,29,49
115900105,161,80,81
115900106,151,8,143
115900107,104,40,64
115900108,151,0,151
115900109,1,184,-183
115900110,15,2,13
115900111,2,43,-41
115900112,29,199,-170
115900113,39,1,38
115900114,1,37,-36
115900115,85,15,70
115900116,58,200,-142
115900117,81,1,80
115900118,0,74,-74
115900119,162,25,137
115900120,26,56,-30
115900121,257,16,241
115900124,79,734,-655
115900125,475,58,417
115900126,892,19,873
115900127,780,10,770
115900128,1,33,-32
115900129,312,4,308
115900130,4,343,-339
115900131,408,6,402
115900132,514,3,511
115900134,377,5,372
115900135,163,282,-119
115900137,21,0,21
115900139,25,102,-77
115900140,579,10,569
115900141,6,38,-32
115900142,5,29,-24
115900143,178,112,66
115900144,92,87,5
115900146,7,15,-8
115900147,63,231,-168
115900148,10,9,1
115900149,120,6,114
115900150,132,6,126
115900151,42,34,8
115900152,87,80,7
115900153,135,61,74
115900154,96,152,-56
115900155,0,0,0
115900156,239,274,-35
115900157,161,178,-17
115900158,1,3,-2
115900159,219,57,162
115900160,0,0,0
115900161,4,45,-41
115900163,201,11,190
115900164,776,15,761
115900165,6,169,-163
115900166,27,17,10
115900168,274,15,259
115900171,57,52,5
115900172,25,47,-22
115900173,67,87,-20
115900174,63,93,-30
115900175,100,25,75
115900178,10,173,-163
115900179,383,4,379
115900180,27,53,-26
115900181,173,53,120
115900182,667,50,617
115900183,42,128,-86
115900184,208,5,203
115900187,2,175,-173
115900189,0,104,-104
115900190,51,404,-353
115900191,6,66,-60
115900192,14,65,-51
115900193,46,34,12
115900194,969,11,958
115900195,102,2142,-2040
115900198,117,110,7
115900199,203,29,174
115900200,108,29,79
115900201,108,196,-88
115900202,20,158,-138
115900203,1,1,0
115900204,0,2,-2
115900205,2,0,2
115900206,440,20,420
115900207,32,1,31
115900208,132,9,123
115900209,18,18,0
115900210,0,64,-64
115900211,1,55,-54
115900212,187,19,168
115900213,13,203,-190
115900214,370,30,340
115900215,4,159,-155
115900216,1,30,-29
115900217,29,12,17
115900218,0,2,-2
115900219,202,0,202
115900220,385,3,382
115900221,322,9,313
115900222,111,31,80
115900223,2,325,-323
115900224,291,1590,-1299
115900225,52,45,7
115900226,1,6,-5
115900227,4,16,-12
115900228,0,9,-9
115900229,5,6,-1
115900230,37,23,14
115900231,106,1,105
115900232,14,2,12
115900233,116,6,110
115900234,18,32,-14
115900235,21,39,-18
115900236,4,43,-39
115900237,11,37,-26
115900238,26,7,19
115900239,12,12,0
115900240,3,10,-7
115900241,294,4,290
115900242,153,337,-184
115900243,19,21,-2
115900244,11,0,11
115900245,0,2,-2
115900246,0,0,0
115900247,0,0,0
115900248,0,0,0
115900249,3,0,3
115900250,25,21,4
115900251,0,0,0
115900252,3,0,3
115900253,10,9,1
115900254,5,22,-17
115900255,0,17,-17
115900256,1,7,-6
115900257,0,0,0
115900258,0,1,-1
115900259,55,0,55
115900260,2,0,2
115900261,17,0,17
115900262,6,0,6
115900263,1,0,1
115900264,5,0,5
115900265,22,0,22
115900266,0,5,-5
115900267,1,6,-5
115900268,1,5,-4
115900269,888,28,860
115900270,301,49,252
116000001,2523,1080,1443
116000002,2564,11864,-9300
116000003,629,315,314
116000004,2765,4908,-2143
116000005,488,1313,-825
116000006,1220,2478,-1258
116000007,797,893,-96
116000008,2896,1498,1398
116000009,481,825,-344
116000010,2620,952,1668
116000011,370,789,-419
116000012,1274,522,752
116000013,2835,1219,1616
116000014,4932,14174,-9242
116000015,56,583,-527
116000016,1996,4569,-2573
116000017,37,364,-327
116000018,123,104,19
116000019,836,237,599
116000020,230,327,-97
116000021,602,122,480
116000022,322,165,157
116000023,930,733,197
116000024,416,279,137
116000025,660,434,226
116000026,787,1108,-321
116000027,212,362,-150
116000028,405,461,-56
116000029,294,178,116
116000030,415,286,129
116000031,6,17,-11
116000032,115,20,95
116000033,380,59,321
116000034,523,213,310
116000035,86,97,-11
116000036,239,717,-478
116000037,130,235,-105
116000038,57,308,-251
116000039,128,302,-174
116000040,293,363,-70
116000041,69,359,-290
116000042,434,293,141
116000043,104,393,-289
116000044,1,2,-1
116000045,1111,968,143
116000046,647,658,-11
116000047,1231,1290,-59
116000048,1601,773,828
116000049,1586,990,596
116000050,1023,576,447
116000051,2267,870,1397
116000052,1753,1190,563
116000053,2153,281,1872
116000054,708,885,-177
116000055,486,304,182
116000056,1574,708,866
116000057,1152,271,881
116000058,1630,1784,-154
116000059,1251,3907,-2656
116000060,913,648,265
116000061,61,1183,-1122
116000062,341,184,157
116000063,225,1057,-832
116000066,180,529,-349
116000067,135,184,-49
116000068,109,261,-152
116000069,91,74,17
116000078,310,720,-410
116000080,810,300,510
116000082,4,33,-29
116000083,1223,236,987
116000084,934,1093,-159
116000085,989,992,-3
116000086,756,295,461
116000087,2339,1040,1299
116000088,686,470,216
116000089,87,24,63
116000090,113,107,6
116000091,199,364,-165
116000093,789,144,645
116000094,616,218,398
116000095,555,112,443
116000096,1009,1490,-481
116000097,656,277,379
116000098,8,6097,-6089
116000099,3236,91,3145
116000100,131,14,117
116000101,1322,179,1143
116000102,263,288,-25
116000103,226,248,-22
116000104,221,447,-226
116000105,1147,76,1071
116000106,379,741,-362
116000107,1832,271,1561
116000108,13,884,-871
116000111,91,42,49
116000113,81,15,66
116000114,2,38,-36
116000115,281,54,227
116000116,145,88,57
116000117,1150,740,410
116000118,853,378,475
116000119,3448,994,2454
116000120,1294,1209,85
116000121,1244,293,951
116000122,518,329,189
116000123,2079,209,1870
116000124,305,194,111
116000125,2755,196,2559
116000126,172,273,-101
116000127,381,356,25
116000128,2108,291,1817
116000129,1262,91,1171
116000130,668,325,343
116000133,1549,157,1392
116000134,722,403,319
116000135,2574,462,2112
116000136,383,455,-72
116000137,859,269,590
116000138,398,160,238
116000139,1497,2466,-969
116000140,238,227,11
116000141,410,292,118
116000142,3821,1656,2165
116000143,1829,1463,366
116000144,1742,1181,561
116000145,2555,776,1779
116000146,698,97,601
116000147,192,172,20
116000148,659,568,91
116000149,273,233,40
116000151,513,300,213
116000153,114,260,-146
116000155,127,273,-146
116000156,520,223,297
116000157,56,1,55
116000158,204,36,168
116000159,0,3,-3
116000160,48,49,-1
116000161,8,79,-71
116000162,3,166,-163
116000163,30,3,27
116000164,7,0,7
116000177,36,547,-511
116000194,49,253,-204
116000195,1123,199,924
116000196,60,4,56
116000197,27,38,-11
116000198,1288,695,593
116000200,397,567,-170
116000201,486,169,317
116000202,23,75,-52
116000203,0,13,-13
116000204,0,13,-13
116000205,0,46,-46
116000206,0,64,-64
116000207,6,35,-29
116000233,20,132,-112
116000287,226,86,140
116000288,332,144,188
116000292,48,51,-3
116000296,6,239,-233
116000297,48,4,44
116000304,396,24,372
116000305,1,415,-414
116000346,293,58,235
116000352,174,47,127
116000354,44,1,43
116000357,3,9,-6
116000358,396,190,206
116000361,28,2,26
116000372,2007,4209,-2202
116000381,214,9,205
116000388,7,8,-1
116000389,584,76,508
116000445,912,98,814
116000446,791,55,736
116000447,7,407,-400
116000448,238,47,191
116000563,257,609,-352
116000565,117,104,13
116000568,37,455,-418
116000579,10,139,-129
116000584,32,0,32
116000585,49,25,24
116000586,28,77,-49
116000587,213,130,83
116000589,58,42,16
116000590,108,43,65
116000591,323,74,249
116000592,4,27,-23
116000593,0,7,-7
116000594,1209,124,1085
116000595,715,20,695
116000596,192,1,191
116000597,583,191,392
116000598,47,85,-38
116000602,6,495,-489
116000605,127,57,70
116000606,70,144,-74
116000607,1,26,-25
116000609,53,1114,-1061
116000611,257,76,181
116000612,1451,2271,-820
116000613,635,244,391
116000614,433,131,302
116000615,15,44,-29
116000616,42,35,7
116000617,115,10,105
116000618,0,13,-13
116000619,21,86,-65
116000620,337,139,198
116000621,112,69,43
116000622,66,69,-3
116000624,72,109,-37
116000628,0,12,-12
116000629,2,428,-426
116000630,105,1,104
116000631,35,1,34
116000632,418,93,325
116000633,0,490,-490
116000634,189,1,188
116900001,50,26,24
116900002,154,1,153
116900003,78,4,74
116900004,35,110,-75
116900005,260,3,257
116900006,208,135,73
116900007,43,49,-6
116900008,563,51,512
116900009,13,29,-16
116900010,8,168,-160
116900011,8,40,-32
116900012,43,80,-37
116900013,3,46,-43
116900014,307,28,279
116900015,466,27,439
116900016,337,3,334
116900017,0,157,-157
116900018,78,19,59
116900019,0,41,-41
116900020,1263,1011,252
116900023,25,13,12
116900024,652,40,612
116900025,1236,278,958
116900026,50,183,-133
116900027,28,1,27
116900028,1,6,-5
116900029,0,122,-122
116900031,0,4,-4
116900032,0,59,-59
116900033,6,2,4
116900034,5,4,1
116900035,62,64,-2
116900036,17,39,-22
116900038,19,1,18
116900041,179,3,176
116900042,48,95,-47
116900043,28,21,7
116900045,34,37,-3
116900047,6,267,-261
116900049,27,53,-26
116900050,66,51,15
116900051,291,8,283
116900052,52,46,6
116900055,0,11,-11
116900057,39,26,13
116900058,4,36,-32
116900059,0,30,-30
116900060,88,140,-52
116900062,2,4,-2
116900064,8,59,-51
116900065,1,16,-15
116900067,40,20,20
116900068,96,150,-54
116900070,28,0,28
116900072,4,68,-64
116900073,5,32,-27
116900074,0,2,-2
116900076,12,29,-17
116900077,6,19,-13
116900078,36,18,18
116900079,6,130,-124
116900080,16,6,10
116900081,68,247,-179
116900082,55,456,-401
116900083,11,3,8
116900084,24,5,19
116900085,7,34,-27
116900086,6,307,-301
116900088,69,4,65
116900090,9,9,0
116900091,372,11,361
116900092,66,166,-100
116900093,792,556,236
116900094,1968,4268,-2300
116900095,221,15,206
116900096,196,198,-2
116900097,697,2486,-1789
116900098,127,108,19
116900099,120,228,-108
116900100,1196,59,1137
116900101,63,219,-156
116900103,11,0,11
116900104,5,144,-139
116900105,309,157,152
116900106,3110,30,3080
116900107,844,2823,-1979
116900110,0,0,0
116900111,683,239,444
116900112,306,168,138
116900113,551,947,-396
116900116,10,168,-158
116900117,116,37,79
116900118,423,669,-246
116900120,451,14,437
116900121,120,28,92
116900122,1264,130,1134
116900123,260,148,112
116900124,45,147,-102
116900125,409,54,355
116900126,35,446,-411
116900128,0,7,-7
116900129,0,63,-63
116900130,209,4047,-3838
116900131,21,80,-59
116900132,87,25,62
116900133,103,70,33
116900134,136,109,27
116900136,98,33,65
116900137,137,23,114
116900138,98,24,74
116900139,38,50,-12
116900140,78,43,35
116900141,238,74,164
116900142,2,17,-15
116900143,305,116,189
116900144,39,3,36
116900145,42,59,-17
116900147,33,199,-166
116900148,1,0,1
116900149,85,128,-43
116900150,5,0,5
116900151,1,13,-12
116900153,139,46,93
116900154,88,382,-294
116900155,39,37,2
116900157,1109,16,1093
116900158,103,331,-228
116900159,33,246,-213
116900160,639,338,301
116900161,1743,6968,-5225
116900162,15,27,-12
116900163,338,7,331
116900164,83,18,65
116900165,569,159,410
116900166,76,28,48
116900167,422,14,408
116900168,502,16,486
116900169,75,164,-89
116900170,591,154,437
116900171,76,102,-26
116900172,37,391,-354
116900173,471,16,455
116900174,55,98,-43
116900175,122,99,23
116900178,57,86,-29
116900179,30,455,-425
116900180,68,3,65
116900182,502,160,342
116900183,226,37,189
116900185,33,9,24
116900186,99,78,21
116900187,20,63,-43
116900188,122,21,101
116900189,57,0,57
116900191,93,123,-30
116900192,336,63,273
116900194,28,651,-623
116900195,47,2,45
116900196,37,26,11
116900197,142,5,137
116900198,30,455,-425
116900200,47,4,43
116900201,234,16,218
116900202,45,17,28
116900203,149,3,146
116900204,77,189,-112
116900206,8,2,6
116900207,15,8,7
116900208,2,102,-100
116900209,20,26,-6
116900210,182,39,143
116900211,184,1,183
116900212,109,1,108
116900213,108,15,93
116900214,200,59,141
116900215,32,15,17
116900216,88,59,29
116900218,0,99,-99
116900219,225,100,125
116900220,69,166,-97
116900221,155,235,-80
116900222,292,92,200
116900223,45,52,-7
116900226,261,9,252
116900227,241,18,223
116900228,362,40,322
116900230,37,86,-49
116900231,73,89,-16
116900232,62,92,-30
116900233,233,42,191
116900234,77,13,64
116900235,73,61,12
116900238,291,100,191
116900239,58,1297,-1239
116900240,1919,3001,-1082
116900241,139,432,-293
116900242,289,748,-459
116900243,1,36,-35
116900245,37,33,4
116900246,158,24,134
116900247,1121,8,1113
116900248,82,14,68
116900249,476,95,381
116900250,409,25,384
116900251,128,735,-607
116900252,227,130,97
116900253,75,11,64
116900254,12,50,-38
116900255,182,110,72
116900256,498,105,393
116900257,15,59,-44
116900258,1,14,-13
116900259,302,1,301
116900260,1,6,-5
116900261,27,0,27
116900262,47,52,-5
116900263,0,11,-11
116900264,0,5,-5
116900265,71,0,71
116900266,8,0,8
116900267,2,0,2
116900268,7,110,-103
116900269,266,504,-238
116900271,238,500,-262
116900272,99,89,10
116900273,32,49,-17
116900274,129,4,125
116900275,89,34,55
116900276,176,174,2
116900277,89,5,84
116900278,0,1,-1
116900279,3,4,-1
116900280,7,6,1
116900281,1636,5320,-3684
116900282,0,7,-7
116900283,4,11,-7
116900284,10,94,-84
116900285,38,251,-213
116900286,47,6,41
116900287,1,9,-8
116900288,230,32,198
116900289,32,0,32
116900290,57,0,57
116900291,54,5,49
116900292,0,39,-39
116900293,58,0,58
116900294,3,36,-33
116900295,19,10,9
116900296,22,45,-23
116900297,0,8,-8
116900298,1,51,-50
116900299,3,39,-36
116900300,0,7,-7
116900301,4,12,-8
116900302,151,277,-126
116900303,46,22,24
116900304,0,68,-68
116900305,0,6,-6
116900306,408,389,19
117000001,2383,1603,780
117000002,1613,1816,-203
117000003,3987,1449,2538
117000004,1337,1778,-441
117000005,2586,911,1675
117000006,773,1601,-828
117000007,4750,953,3797
117000008,794,1432,-638
117000009,2677,926,1751
117000010,790,955,-165
117000011,2516,727,1789
117000012,1427,520,907
117000013,1835,414,1421
117000014,1026,1686,-660
117000015,1864,1200,664
117000016,114,283,-169
117000017,71,265,-194
117000018,36,1169,-1133
117000019,29,1,28
117000020,415,2731,-2316
117000021,976,119,857
117000022,78,244,-166
117000023,80,107,-27
117000024,117,186,-69
117000025,189,1554,-1365
117000026,1072,1558,-486
117000027,219,477,-258
117000028,233,297,-64
117000030,41,141,-100
117000032,799,768,31
117000033,1201,989,212
117000034,96,30,66
117000036,175,52,123
117000038,113,133,-20
117000039,21,10,11
117000040,53,307,-254
117000041,1212,40,1172
117000044,21,167,-146
117000045,542,259,283
117000046,167,742,-575
117000047,423,663,-240
117000048,903,517,386
117000049,32,633,-601
117000050,167,589,-422
117000051,2756,55,2701
117000052,95,149,-54
117000053,1153,17,1136
117000054,1390,19,1371
117000055,3,673,-670
117000056,479,39,440
117000057,302,841,-539
117000060,272,720,-448
117000061,1820,748,1072
117000062,77,455,-378
117000063,1188,513,675
117000064,280,223,57
117000066,279,322,-43
117000067,61,409,-348
117000074,11,114,-103
117000076,5,24,-19
117000077,47,69,-22
117000078,153,204,-51
117000079,172,38,134
117000080,0,255,-255
117000081,353,52,301
117000082,30,38,-8
117000083,64,2,62
117000084,101,0,101
117000085,313,427,-114
117000086,400,238,162
117000087,67,314,-247
117000088,255,101,154
117000089,2412,159,2253
117000090,303,549,-246
117000091,1227,64,1163
117000092,513,508,5
117000093,1809,146,1663
117000094,636,572,64
117000095,2875,140,2735
117000096,374,672,-298
117000097,1787,430,1357
117000098,938,1166,-228
117000099,5166,551,4615
117000100,256,179,77
117000101,54,328,-274
117000102,2076,275,1801
117000103,309,594,-285
117000104,1865,147,1718
117000105,299,701,-402
117000106,1858,196,1662
117000107,208,645,-437
117000108,2235,742,1493
117000109,604,1222,-618
117000110,1507,1374,133
117000111,2829,2756,73
117000112,3379,936,2443
117000113,33,87,-54
117000114,360,49,311
117000115,33,37,-4
117000116,179,54,125
117000117,983,590,393
117000118,281,228,53
117000119,126,291,-165
117000120,16,296,-280
117000121,9,396,-387
117000122,61,603,-542
117000123,526,111,415
117000124,29,75,-46
117000125,20,148,-128
117000126,6,50,-44
117000127,123,275,-152
117000128,63,201,-138
117000129,51,66,-15
117000130,11,0,11
117000131,0,185,-185
117000132,3416,51,3365
117000133,3459,33,3426
117000134,0,0,0
117000135,0,32,-32
117000136,0,13,-13
117000137,238,79,159
117000138,0,0,0
117000140,173,412,-239
117000141,2214,195,2019
117000181,70,56,14
117000182,504,1047,-543
117000195,91,269,-178
117000196,475,193,282
117000225,0,60,-60
117000226,0,45,-45
117000276,372,11,361
117000277,0,106,-106
117000310,607,2295,-1688
117000315,20,269,-249
117000320,14,0,14
117000906,694,21,673
117000907,3,87,-84
117000908,1,138,-137
117000909,21,77,-56
117000910,246,113,133
117000911,14,79,-65
117000915,2,154,-152
117000916,31,16,15
117000917,1344,16,1328
117000918,108,50,58
117000919,2,16,-14
117000920,1,529,-528
117000921,1,385,-384
117000922,19,18,1
117000924,1000,416,584
117000926,403,144,259
117000927,154,366,-212
117000928,0,31,-31
117000929,316,61,255
117000930,420,9,411
117000931,82,52,30
117900002,53,384,-331
117900003,40,28,12
117900005,2,77,-75
117900006,1,10,-9
117900007,80,40,40
117900008,0,7,-7
117900010,435,101,334
117900011,3,154,-151
117900012,64,66,-2
117900013,0,82,-82
117900014,361,56,305
117900015,3,49,-46
117900016,407,876,-469
117900017,596,331,265
117900018,121,179,-58
117900019,544,240,304
117900020,15,91,-76
117900021,35,27,8
117900022,2,2,0
117900023,454,23,431
117900024,27,23,4
117900025,8,0,8
117900026,480,63,417
117900028,3,0,3
117900029,211,237,-26
117900030,197,313,-116
117900031,192,61,131
117900032,907,283,624
117900033,488,236,252
117900034,5,2,3
117900035,203,47,156
117900036,321,171,150
117900037,314,21,293
117900038,66,48,18
117900039,0,19,-19
117900040,51,46,5
117900041,0,22,-22
117900042,1033,359,674
117900043,0,15,-15
117900044,104,2980,-2876
117900045,180,33,147
117900048,311,48,263
117900049,194,131,63
117900050,4,80,-76
117900051,14,1,13
117900052,23,716,-693
117900053,1849,97,1752
117900054,0,10,-10
117900055,203,66,137
117900056,10,0,10
117900057,402,452,-50
117900058,7,262,-255
117900059,38,77,-39
117900060,2301,886,1415
117900061,1,163,-162
117900063,302,173,129
117900065,132,352,-220
117900066,3,114,-111
117900067,750,110,640
117900069,729,102,627
117900070,5,132,-127
117900071,87,58,29
117900073,711,59,652
117900074,5,40,-35
117900075,120,54,66
117900076,3,46,-43
117900077,537,70,467
117900078,402,381,21
117900080,123,28,95
117900081,161,92,69
117900082,819,188,631
117900083,640,119,521
117900086,128,57,71
117900087,202,9,193
117900088,397,287,110
117900089,1924,369,1555
117900090,393,1219,-826
117900091,301,23,278
117900092,147,37,110
117900093,136,8,128
117900094,72,27,45
117900095,293,290,3
117900096,105,184,-79
117900097,227,26,201
117900098,168,12,156
117900099,289,235,54
117900100,569,0,569
117900101,588,2324,-1736
117900102,47,23,24
117900103,78,3,75
117900104,23,119,-96
117900105,74,49,25
117900106,68,13,55
117900107,81,3,78
117900109,910,554,356
117900110,180,0,180
117900111,907,67,840
117900112,77,0,77
117900113,620,1989,-1369
117900114,47,2,45
117900115,95,65,30
117900116,398,288,110
117900117,592,245,347
117900118,174,0,174
117900119,359,10,349
117900120,383,5,378
117900121,95,1,94
117900122,277,5125,-4848
117900123,586,255,331
117900124,163,240,-77
117900125,1135,664,471
117900126,40,160,-120
117900127,399,197,202
117900128,392,177,215
117900129,104,0,104
117900130,472,82,390
117900131,0,14,-14
117900132,1,14,-13
117900133,15,53,-38
117900134,25,183,-158
117900135,1,67,-66
117900136,0,1,-1
117900137,2,43,-41
117900138,0,8,-8
117900139,75,17,58
117900140,2510,465,2045
117900141,19,170,-151
117900142,9,183,-174
117900144,14,81,-67
117900145,0,78,-78
117900146,25,275,-250
117900147,48,77,-29
117900148,945,1677,-732
117900149,48,22,26
117900150,33,28,5
117900151,26,38,-12
117900152,11,57,-46
117900153,25,109,-84
117900154,381,180,201
117900156,405,261,144
117900157,124,112,12
117900158,358,66,292
117900160,852,425,427
117900161,723,413,310
117900162,448,302,146
117900163,35,227,-192
117900165,0,4,-4
117900166,2,93,-91
117900168,112,58,54
117900169,0,47,-47
117900170,0,9,-9
117900171,1,3,-2
117900172,16,3,13
117900173,59,8,51
117900174,3,12,-9
117900175,0,1,-1
117900176,9,21,-12
117900177,11,6,5
117900178,36,9,27
117900180,96,18,78
117900181,12,640,-628
117900182,2,92,-90
117900183,187,165,22
117900184,46,37,9
117900185,74,3,71
117900186,139,0,139
117900187,47,0,47
117900188,143,4,139
117900189,93,41,52
117900190,48,0,48
117900191,114,2,112
117900192,271,1,270
117900193,41,28,13
117900194,32,0,32
117900195,17,25,-8
117900196,33,39,-6
117900207,36,78,-42
117900208,32,16,16
117900209,45,80,-35
117900210,46,61,-15
117900211,0,60,-60
117900212,80,108,-28
117900213,78,2,76
117900214,1,4,-3
117900216,0,26,-26
117900217,17,40,-23
117900218,28,98,-70
117900219,2,149,-147
117900220,4,27,-23
117900221,1,8,-7
118000001,443,870,-427
118000002,395,1102,-707
118000003,972,2379,-1407
118000004,866,1075,-209
118000005,1629,2010,-381
118000006,762,2278,-1516
118000007,3156,4676,-1520
118000008,812,3142,-2330
118000009,1034,1847,-813
118000010,1411,2601,-1190
118000011,1495,705,790
118000012,586,710,-124
118000013,1101,1219,-118
118000014,835,867,-32
118000016,194,119,75
118000017,523,237,286
118000018,232,144,88
118000019,745,1252,-507
118000020,324,1275,-951
118000021,313,1773,-1460
118000022,590,448,142
118000023,312,239,73
118000024,381,571,-190
118000025,214,423,-209
118000027,3390,3931,-541
118000029,347,942,-595
118000032,128,1404,-1276
118000033,1379,2612,-1233
118000034,1297,1266,31
118000035,1005,1130,-125
118000036,439,470,-31
118000037,352,827,-475
118000038,298,51,247
118000039,68,38,30
118000040,1197,645,552
118000041,1293,854,439
118000045,55,242,-187
118000046,266,641,-375
118000047,277,1160,-883
118000048,514,1107,-593
118000051,1477,1938,-461
118000052,887,1127,-240
118000053,108,781,-673
118000054,1630,1357,273
118000055,811,858,-47
118000056,68,351,-283
118000057,103,303,-200
118000058,908,2523,-1615
118000059,419,2380,-1961
118000060,654,265,389
118000061,833,641,192
118000062,276,130,146
118000063,177,728,-551
118000064,287,669,-382
118000065,1180,718,462
118000066,623,1537,-914
118000067,250,369,-119
118000068,302,5432,-5130
118000069,493,585,-92
118000070,1815,1407,408
118000071,1637,5611,-3974
118000072,311,2610,-2299
118000073,282,1170,-888
118000074,349,1601,-1252
118000075,572,1370,-798
118000076,886,3112,-2226
118000077,516,538,-22
118000078,1296,1510,-214
118000079,58,341,-283
118000080,260,224,36
118000081,780,755,25
118000082,129,575,-446
118000083,698,876,-178
118000084,495,1272,-777
118000086,108,335,-227
118000087,1615,1684,-69
118000088,840,809,31
118000089,2214,1930,284
118000090,723,1729,-1006
118000091,481,2620,-2139
118000092,292,338,-46
118000093,55,505,-450
118000096,349,325,24
118000097,180,369,-189
118000098,156,64,92
118000099,443,83,360
118000101,1332,124,1208
118000102,264,322,-58
118000107,705,122,583
118000108,181,2733,-2552
118000110,0,22,-22
118000111,1,92,-91
118000112,796,0,796
118000113,5,101,-96
118000114,775,1,774
118000115,1,6,-5
118000116,4,0,4
118000117,410,309,101
118000118,757,731,26
118000119,844,837,7
118000120,688,388,300
118000121,38,98,-60
118000122,175,65,110
118000123,49,68,-19
118000125,440,433,7
118000126,366,1280,-914
118000127,679,554,125
118000128,172,859,-687
118000129,529,439,90
118000130,1041,1775,-734
118000131,141,275,-134
118000132,2344,1805,539
118000133,969,487,482
118000135,441,438,3
118000136,24,321,-297
118000137,123,51,72
118000138,283,103,180
118000139,280,60,220
118000140,1950,5871,-3921
118000141,2363,1160,1203
118000142,1883,1070,813
118000143,2489,862,1627
118000144,509,196,313
118000145,589,335,254
118000146,770,197,573
118000147,777,403,374
118000148,591,1288,-697
118000149,541,300,241
118000150,614,87,527
118000151,679,138,541
118000153,1558,430,1128
118000154,983,950,33
118000155,1903,654,1249
118000156,1626,2085,-459
118000157,371,131,240
118000158,93,373,-280
118000159,43,94,-51
118000160,567,246,321
118000161,497,203,294
118000162,813,630,183
118000163,805,804,1
118000164,1579,1612,-33
118000168,341,510,-169
118000169,407,454,-47
118000170,1434,1630,-196
118000171,312,240,72
118000172,58,145,-87
118000173,497,1044,-547
118000175,87,179,-92
118000176,458,208,250
118000177,343,285,58
118000178,5,42,-37
118000179,629,321,308
118000180,281,224,57
118000181,360,92,268
118000182,189,129,60
118000183,146,291,-145
118000184,1145,368,777
118000185,188,1015,-827
118000186,139,816,-677
118000187,1668,190,1478
118000188,651,16,635
118000189,866,89,777
118000190,2,0,2
118000191,10,6,4
118000192,2,80,-78
118000193,11,101,-90
118000194,709,654,55
118000195,128,850,-722
118000196,11,130,-119
118000197,54,629,-575
118000198,268,1588,-1320
118000199,165,751,-586
118000200,38,170,-132
118000201,94,358,-264
118000202,13,111,-98
118000203,82,659,-577
118000204,11,259,-248
118000205,29,142,-113
118000206,126,44,82
118000207,0,38,-38
118000208,1093,1163,-70
118000209,1628,498,1130
118000210,104,25,79
118000211,102,37,65
118000213,343,1693,-1350
118000214,91,216,-125
118000215,298,35,263
118000216,3377,719,2658
118000217,9,17,-8
118000218,81,37,44
118000219,169,149,20
118000220,7,27,-20
118000221,508,415,93
118000222,43,4,39
118000223,42,11,31
118000224,93,23,70
118000225,58,293,-235
118000226,1019,107,912
118000227,156,168,-12
118000228,5,134,-129
118000229,6,78,-72
118000230,62,105,-43
118000231,29,42,-13
118000232,519,178,341
118000233,1086,275,811
118000234,381,57,324
118000236,256,114,142
118000237,123,107,16
118000238,288,38,250
118000239,323,127,196
118000240,50,95,-45
118000241,118,37,81
118000242,407,99,308
118000243,111,96,15
118000244,66,23,43
118000246,0,1,-1
118000255,51,136,-85
118000256,64,195,-131
118000259,25,46,-21
118000260,212,43,169
118000261,29,7,22
118000263,84,104,-20
118000266,55,96,-41
118000267,0,103,-103
118000268,213,24,189
118000270,105,3,102
118000271,170,105,65
118000272,79,8,71
118000273,183,45,138
118000274,66,65,1
118000276,334,73,261
118000295,5,41,-36
118000298,135,88,47
118000299,15,77,-62
118000301,0,98,-98
118000302,23,43,-20
118000311,970,16,954
118000312,229,30,199
118000313,95,28,67
118000314,147,25,122
118000315,34,16,18
118000316,878,115,763
118000325,95,6,89
118000326,11,36,-25
118000331,60,8,52
118000332,24,3,21
118000333,32,19,13
118000335,624,0,624
118000336,0,57,-57
118000407,392,38,354
118000457,0,22,-22
118000465,358,1673,-1315
118000480,21,29,-8
118000489,1,300,-299
118000490,1,71,-70
118000492,303,62,241
118000510,4,0,4
118000514,14,134,-120
118000515,418,769,-351
118000517,165,78,87
118000524,149,208,-59
118000525,185,271,-86
118000530,20,82,-62
118000531,345,160,185
118000532,98,151,-53
118000533,104,77,27
118000534,265,131,134
118000535,295,11,284
118000536,20,295,-275
118000537,30,90,-60
118000538,28,74,-46
118000539,12,83,-71
118000540,208,56,152
118000541,58,58,0
118000542,64,130,-66
118000543,152,119,33
118000546,38,14,24
118000560,399,1134,-735
118000562,43,20,23
118000563,848,616,232
118000576,57,30,27
118000577,46,61,-15
118000578,37,26,11
118000579,345,975,-630
118000595,207,27,180
118000596,0,46,-46
118000597,55,59,-4
118000598,23,0,23
118000599,179,6,173
118000600,1,7,-6
118000601,7,1,6
118000602,0,15,-15
118000603,0,2,-2
118900001,338,356,-18
118900002,401,456,-55
118900003,434,3,431
118900004,86,2,84
118900005,24,2,22
118900006,82,0,82
118900007,2,0,2
118900008,535,18,517
118900009,100,101,-1
118900010,36,5,31
118900011,63,4,59
118900012,140,53,87
118900013,209,227,-18
118900015,290,2,288
118900016,1,1,0
118900017,1,48,-47
118900018,755,76,679
118900019,1,2,-1
118900020,7,31,-24
118900021,55,239,-184
118900022,71,8,63
118900023,27,44,-17
118900024,82,79,3
118900025,11,39,-28
118900026,36,5,31
118900027,234,46,188
118900028,148,69,79
118900029,130,135,-5
118900030,640,19,621
118900031,38,12,26
118900032,135,24,111
118900033,223,353,-130
118900034,137,16,121
118900035,96,77,19
118900036,875,221,654
118900037,98,237,-139
118900038,391,93,298
118900039,454,46,408
118900040,80,56,24
118900041,429,106,323
118900042,41,41,0
118900045,67,89,-22
118900046,324,244,80
118900047,177,230,-53
118900048,13,178,-165
118900049,2,1,1
118900050,19,19,0
118900051,45,52,-7
118900052,55,179,-124
118900053,0,21,-21
118900054,139,15,124
118900055,148,17,131
118900056,8,66,-58
118900057,667,207,460
118900058,207,163,44
118900059,1,19,-18
118900060,96,49,47
118900062,56,37,19
118900064,78,315,-237
118900065,12,75,-63
118900066,58,7,51
118900067,1450,3487,-2037
118900068,1,81,-80
118900069,609,29,580
118900071,3,5,-2
118900072,122,125,-3
118900073,142,36,106
118900074,65,22,43
118900075,59,15,44
118900076,114,19,95
118900077,271,72,199
118900078,2,1,1
118900079,41,11,30
118900080,37,22,15
118900081,18,10,8
118900082,1165,78,1087
118900083,8,3,5
118900084,1,0,1
118900085,249,125,124
118900086,34,27,7
118900087,28,485,-457
118900088,0,0,0
118900089,2,4,-2
118900090,199,66,133
118900091,79,71,8
118900092,135,7,128
118900093,39,3,36
118900096,1,1,0
118900097,119,127,-8
118900099,57,60,-3
118900100,13,32,-19
118900101,163,158,5
118900102,14,17,-3
118900103,8,40,-32
118900104,167,19,148
118900105,62,27,35
118900107,62,65,-3
118900108,47,62,-15
118900109,76,150,-74
118900110,393,564,-171
118900111,201,71,130
118900112,97,40,57
118900113,26,59,-33
118900114,0,17,-17
118900115,37,125,-88
118900116,54,28,26
118900117,76,56,20
118900118,243,256,-13
118900119,67,186,-119
118900120,21,67,-46
118900121,12,185,-173
118900122,1,350,-349
118900123,49,61,-12
118900124,43,16,27
118900126,5,79,-74
118900129,175,47,128
118900130,1,15,-14
118900131,168,123,45
118900132,225,72,153
118900133,0,15,-15
118900135,112,72,40
118900136,190,145,45
118900137,0,14,-14
118900139,111,108,3
118900140,250,149,101
118900141,18,14,4
118900144,92,132,-40
118900145,0,60,-60
118900146,123,222,-99
118900147,14,113,-99
118900148,33,36,-3
118900150,18,261,-243
118900152,286,209,77
118900157,3,28,-25
118900158,138,19,119
118900159,0,20,-20
118900161,27,35,-8
118900163,2,17,-15
118900164,1,6,-5
118900165,68,40,28
118900166,5,0,5
118900167,43,35,8
118900168,5,29,-24
118900169,104,69,35
118900170,276,4,272
118900171,51,7,44
118900174,29,10,19
118900175,477,179,298
118900176,188,119,69
118900177,103,1,102
118900178,42,20,22
118900179,10,1,9
118900181,48,24,24
118900182,18,43,-25
118900183,5,60,-55
118900184,93,5,88
118900185,56,17,39
118900186,67,22,45
118900187,71,236,-165
118900188,170,133,37
118900189,8,350,-342
118900190,24,50,-26
118900191,333,11,322
118900192,266,7,259
118900193,1042,3,1039
118900195,159,168,-9
118900196,4,36,-32
118900197,395,3,392
118900198,28,0,28
118900199,64,3,61
118900200,30,20,10
118900201,29,11,18
118900202,1,13,-12
118900203,29,2,27
118900204,7,1,6
118900205,1,6,-5
118900206,0,9,-9
119000001,1272,983,289
119000002,2673,2011,662
119000003,3128,472,2656
119000004,1941,1217,724
119000005,1343,1682,-339
119000006,2652,1183,1469
119000007,3239,2559,680
119000008,975,713,262
119000009,1894,4014,-2120
119000010,2443,2559,-116
119000011,1901,2020,-119
119000012,793,2022,-1229
119000013,3285,2054,1231
119000014,981,1712,-731
119000019,140,112,28
119000020,1754,1187,567
119000021,4096,2660,1436
119000022,800,2209,-1409
119000023,123,210,-87
119000024,1059,12234,-11175
119000025,1951,754,1197
119000026,26,365,-339
119000027,37,305,-268
119000028,1055,349,706
119000029,106,139,-33
119000030,301,497,-196
119000031,570,388,182
119000032,779,944,-165
119000033,1246,664,582
119000034,882,269,613
119000035,18,90,-72
119000036,2016,249,1767
119000037,1296,415,881
119000038,195,266,-71
119000039,672,338,334
119000040,326,574,-248
119000041,538,1106,-568
119000048,1516,946,570
119000049,1517,839,678
119000050,478,831,-353
119000051,1307,732,575
119000052,1026,960,66
119000053,1479,705,774
119000054,2176,633,1543
119000055,4108,752,3356
119000056,3405,873,2532
119000057,1109,413,696
119000058,800,466,334
119000059,554,393,161
119000060,1345,283,1062
119000061,435,267,168
119000062,768,422,346
119000063,570,262,308
119000064,271,326,-55
119000065,557,1033,-476
119000066,1407,554,853
119000067,990,558,432
119000068,1189,322,867
119000069,1320,515,805
119000070,1917,369,1548
119000071,275,199,76
119000072,1873,1023,850
119000073,2413,5175,-2762
119000074,1315,541,774
119000075,3386,981,2405
119000076,89,435,-346
119000077,449,201,248
119000078,214,351,-137
119000079,87,819,-732
119000080,414,63,351
119000081,223,349,-126
119000082,458,86,372
119000083,341,169,172
119000084,147,131,16
119000085,789,65,724
119000086,317,164,153
119000087,429,181,248
119000088,302,35,267
119000089,63,37,26
119000090,58,50,8
119000091,43,125,-82
119000092,198,128,70
119000093,1611,1124,487
119000094,3441,2420,1021
119000095,1918,1249,669
119000097,603,528,75
119000098,869,3212,-2343
119000099,1111,407,704
119000100,3213,1582,1631
119000101,2119,1092,1027
119000102,131,1042,-911
119000103,512,269,243
119000104,408,211,197
119000105,590,1539,-949
119000106,329,265,64
119000107,1104,421,683
119000108,442,353,89
119000109,69,191,-122
119000110,102,89,13
119000111,12,236,-224
119000112,63,28,35
119000113,377,86,291
119000114,386,768,-382
119000115,29,101,-72
119000116,51,87,-36
119000117,48,151,-103
119000118,14,1,13
119000123,669,1580,-911
119000124,891,133,758
119000125,3623,301,3322
119000126,982,243,739
119000127,678,74,604
119000128,28,4,24
119000131,989,152,837
119000132,1,2,-1
119000133,0,20,-20
119000134,468,397,71
119000135,206,104,102
119000136,215,47,168
119000137,276,73,203
119000138,693,50,643
119000139,64,51,13
119000140,125,115,10
119000284,453,1045,-592
119000285,902,563,339
119000286,2182,1321,861
119000287,997,893,104
119000288,1214,398,816
119000289,507,699,-192
119000290,122,168,-46
119000291,7,99,-92
119000293,102,138,-36
119000294,22,28,-6
119000295,801,223,578
119000296,180,38,142
119000302,897,757,140
119000303,15,61,-46
119000314,1106,9770,-8664
119000315,3,51,-48
119000316,104,7,97
119000317,72,39,33
119900001,65,559,-494
119900002,109,107,2
119900003,1,94,-93
119900004,44,1606,-1562
119900005,228,24,204
119900006,95,244,-149
119900007,258,166,92
119900008,29,77,-48
119900009,193,76,117
119900010,356,234,122
119900011,9,213,-204
119900012,9,129,-120
119900013,961,838,123
119900014,346,63,283
119900015,298,33,265
119900016,42,16,26
119900017,34,23,11
119900018,571,1112,-541
119900019,66,6,60
119900020,18,42,-24
119900021,32,12,20
119900022,61,806,-745
119900023,257,1568,-1311
119900025,257,4,253
119900026,136,43,93
119900027,4,18,-14
119900028,110,140,-30
119900029,4,3,1
119900030,316,156,160
119900031,36,642,-606
119900033,362,222,140
119900034,527,19,508
119900037,161,5,156
119900038,23,182,-159
119900039,75,8,67
119900040,161,15,146
119900041,117,10,107
119900042,32,34,-2
119900043,105,18,87
119900044,89,523,-434
119900046,178,19,159
119900047,233,134,99
119900048,22,44,-22
119900049,129,0,129
119900050,235,98,137
119900051,1281,12,1269
119900052,114,12,102
119900053,199,61,138
119900054,270,14,256
119900055,994,120,874
119900057,300,37,263
119900058,282,3,279
119900059,62,26,36
119900060,579,33,546
119900061,632,7,625
119900062,73,7,66
119900063,19,30,-11
119900064,623,44,579
119900065,218,1,217
119900066,0,0,0
119900067,29,17,12
119900068,784,2,782
119900069,154,4,150
119900070,1344,7,1337
119900071,1000,28,972
119900072,416,121,295
119900073,526,54,472
119900074,21,24,-3
119900075,730,1026,-296
119900076,588,99,489
119900077,1131,168,963
119900078,505,205,300
119900079,299,27,272
119900080,261,117,144
119900081,124,70,54
119900082,2138,225,1913
119900083,228,91,137
119900084,185,58,127
119900085,29,8,21
119900086,47,162,-115
119900087,84,147,-63
119900088,2,11,-9
119900089,12,177,-165
119900090,54,8,46
119900091,12,159,-147
119900092,50,276,-226
119900093,562,60,502
119900094,4,129,-125
119900095,58,23,35
119900096,60,61,-1
119900097,14,132,-118
119900098,29,2,27
119900099,14,55,-41
119900100,479,1433,-954
119900101,50,310,-260
119900102,6,36,-30
119900103,40,45,-5
119900104,36,39,-3
119900105,269,642,-373
119900106,1,33,-32
119900107,98,483,-385
119900108,1399,293,1106
119900109,5,79,-74
119900110,237,130,107
119900111,169,47,122
119900112,431,421,10
119900113,13,67,-54
119900114,203,140,63
119900115,435,120,315
119900116,36,276,-240
119900117,183,194,-11
119900118,103,125,-22
119900119,140,51,89
119900120,193,204,-11
119900121,392,136,256
119900122,10,43,-33
119900123,66,83,-17
119900124,153,247,-94
119900125,13,38,-25
119900126,1060,134,926
119900127,265,137,128
119900128,278,156,122
119900129,208,77,131
119900130,0,15,-15
119900131,24,38,-14
119900132,24,22,2
119900133,85,54,31
119900134,251,46,205
119900135,0,55,-55
119900136,43,43,0
119900138,54,69,-15
119900139,20,143,-123
119900140,1,5,-4
119900141,13,449,-436
119900142,3,13,-10
119900143,19,416,-397
119900144,353,42,311
119900145,6,35,-29
119900146,73,68,5
119900147,0,122,-122
119900148,457,13,444
119900149,161,3572,-3411
119900150,29,37,-8
119900151,655,532,123
119900152,109,64,45
119900153,221,7,214
119900154,19,190,-171
119900155,21,9,12
119900156,4,1,3
119900157,180,84,96
119900158,157,29,128
119900159,2,217,-215
119900160,20,19,1
119900161,58,36,22
119900162,849,381,468
119900163,10,46,-36
119900164,0,1,-1
119900165,149,40,109
119900166,75,14,61
119900167,0,10,-10
119900168,1011,194,817
119900169,18,140,-122
119900170,110,46,64
119900171,312,151,161
119900172,13,9,4
119900173,4,37,-33
119900174,0,29,-29
119900175,1510,137,1373
119900177,6,52,-46
119900178,1,19,-18
119900179,131,850,-719
119900180,618,229,389
119900181,11,34,-23
119900182,2,79,-77
119900183,29,234,-205
119900184,418,200,218
119900185,41,273,-232
119900186,3,997,-994
119900187,12,109,-97
119900188,57,148,-91
119900189,46,43,3
119900190,37,163,-126
119900191,98,63,35
119900192,20,73,-53
119900193,461,55,406
119900194,26,23,3
119900195,3,71,-68
119900196,171,69,102
119900197,272,62,210
119900198,35,78,-43
119900199,122,1,121
119900200,521,220,301
119900201,82,84,-2
119900202,23,126,-103
119900203,54,266,-212
119900204,141,53,88
119900205,968,175,793
119900206,297,71,226
119900208,179,22,157
119900209,373,891,-518
119900210,56,5,51
119900211,44,2,42
119900212,600,341,259
119900213,11,42,-31
119900214,63,15,48
119900215,45,6,39
119900216,11,9,2
119900217,13,14,-1
119900218,3,14,-11
119900219,2,5,-3
119900220,0,16,-16
119900221,54,21,33
119900222,1,35,-34
119900223,2,14,-12
119900224,0,5,-5
119900225,135,11,124
119900226,166,1145,-979
119900227,234,102,132
119900228,6,224,-218
119900229,27,76,-49
119900230,369,114,255
119900231,251,34,217
119900232,110,30,80
119900233,72,4,68
119900234,14,55,-41
119900235,9,26,-17
119900236,7,27,-20
119900237,37,191,-154
119900238,0,38,-38
119900240,45,20,25
119900241,106,63,43
119900242,874,502,372
119900244,226,409,-183
119900245,71,74,-3
119900246,57,173,-116
119900247,3,24,-21
119900248,11,204,-193
119900249,171,23,148
119900253,537,303,234
119900254,73,735,-662
119900255,57,173,-116
119900256,1096,264,832
119900257,160,3,157
119900258,315,14,301
119900259,13,13,0
119900260,306,9,297
119900261,252,29,223
119900262,0,50,-50
119900263,637,104,533
119900264,176,35,141
119900265,403,114,289
119900266,367,35,332
119900267,70,67,3
119900268,79,63,16
119900269,723,237,486
119900271,30,12,18
119900272,29,36,-7
119900275,84,1,83
119900276,108,1,107
119900277,50,1,49
119900278,163,50,113
119900279,104,251,-147
119900280,296,36,260
119900281,0,142,-142
119900282,7,55,-48
119900283,1,38,-37
119900284,8,48,-40
119900285,0,90,-90
119900286,0,17,-17
119900288,0,2,-2
119900289,10,0,10
119900290,1,0,1
119900291,0,13,-13
119900292,8,38,-30
119900293,4,36,-32
119900294,15,37,-22
119900295,38,17,21
119900296,76,34,42
119900297,17,3,14
119900298,6,6,0
119900299,36,63,-27
119900300,288,89,199
119900301,27,115,-88
119900302,3,61,-58
119900303,298,104,194
119900304,199,3,196
119900305,3,18,-15
119900306,6,11,-5
119900307,58,18,40
119900308,2,8,-6
119900309,22,133,-111
119900310,85,51,34
119900311,158,12,146
119900312,67,8,59
119900313,54,47,7
119900314,210,206,4
119900315,2153,604,1549
119900318,10,65,-55
119900319,0,63,-63
119900320,187,178,9
119900321,148,4,144
120000001,5162,16173,-11011
120000002,1927,1176,751
120000003,1311,647,664
120000004,1395,716,679
120000005,1358,536,822
120000006,806,517,289
120000007,1565,2256,-691
120000008,525,501,24
120000009,1136,565,571
120000010,1652,967,685
120000011,538,662,-124
120000012,1317,891,426
120000013,2469,1466,1003
120000014,549,692,-143
120000015,1809,776,1033
120000016,3228,1595,1633
120000017,2836,2239,597
120000018,2178,11512,-9334
120000019,733,956,-223
120000020,1410,2355,-945
120000021,1024,871,153
120000022,2529,3414,-885
120000023,1276,1052,224
120000024,798,1231,-433
120000025,2351,853,1498
120000026,2839,1417,1422
120000027,1967,1441,526
120000028,589,642,-53
120000029,576,705,-129
120000030,140,457,-317
120000031,1003,2606,-1603
120000032,2597,1212,1385
120000033,2410,489,1921
120000034,2578,458,2120
120000035,2732,561,2171
120000036,2032,2575,-543
120000037,407,1394,-987
120000038,1562,1474,88
120000039,316,1190,-874
120000040,34,1879,-1845
120000041,376,546,-170
120000042,1353,704,649
120000043,3843,579,3264
120000044,5678,1006,4672
120000045,6299,396,5903
120000046,5125,3075,2050
120000047,486,4102,-3616
120000048,4157,1873,2284
120000049,3123,1272,1851
120000050,2049,1705,344
120000051,1470,2629,-1159
120000052,4088,772,3316
120000053,759,1114,-355
120000054,693,1879,-1186
120000055,1029,1399,-370
120000056,2573,1871,702
120000057,2362,525,1837
120000058,827,558,269
120000059,30,1565,-1535
120000061,40,201,-161
120000062,55,183,-128
120000063,366,1013,-647
120000064,203,462,-259
120000065,261,541,-280
120000066,142,162,-20
120000067,82,189,-107
120000068,96,186,-90
120000069,497,181,316
120000070,136,243,-107
120000071,1024,47,977
120000072,1141,308,833
120000073,1070,21,1049
120000074,381,35,346
120000075,1121,102,1019
120000076,2428,157,2271
120000077,2476,192,2284
120000078,1774,466,1308
120000079,269,126,143
120000080,44,109,-65
120000081,328,42,286
120000082,372,117,255
120000083,53,624,-571
120000084,156,279,-123
120000085,180,325,-145
120000086,58,187,-129
120000087,163,142,21
120000088,517,496,21
120000089,700,237,463
120000090,439,164,275
120000091,1279,296,983
120000092,975,182,793
120000093,895,214,681
120000094,267,348,-81
120000095,374,145,229
120000096,229,245,-16
120000098,443,250,193
120000099,172,313,-141
120000100,499,225,274
120000101,422,141,281
120000102,561,848,-287
120000103,967,599,368
120000104,2298,180,2118
120000105,2449,115,2334
120000106,2976,106,2870
120000107,5063,144,4919
120000108,2179,49,2130
120000109,868,28,840
120000110,31,325,-294
120000111,63,231,-168
120000112,229,1107,-878
120000113,180,1039,-859
120000114,198,517,-319
120000115,162,571,-409
120000116,132,541,-409
120000117,315,444,-129
120000118,3,14,-11
120000119,0,19,-19
120000120,114,66,48
120000121,8,14,-6
120000122,52,456,-404
120000123,1383,7870,-6487
120000124,417,187,230
120000125,512,244,268
120000126,190,493,-303
120000127,325,290,35
120000128,993,1311,-318
120000129,80,109,-29
120000130,372,299,73
120000131,328,127,201
120000134,183,141,42
120000135,907,403,504
120000137,250,88,162
120000138,1393,88,1305
120000139,173,107,66
120000140,1668,87,1581
120000141,260,252,8
120000142,685,201,484
120000143,1,93,-92
120000144,99,7,92
120000145,608,0,608
120000146,456,670,-214
120000149,241,225,16
120000150,745,7866,-7121
120000151,382,143,239
120000152,1237,62,1175
120000153,569,115,454
120000154,297,321,-24
120000155,222,280,-58
120000156,226,1232,-1006
120000157,956,184,772
120000158,607,191,416
120000159,967,805,162
120000160,1623,1417,206
120000161,2502,1738,764
120000162,137,282,-145
120000163,596,137,459
120000164,620,49,571
120000165,804,169,635
120000166,1729,192,1537
120000167,15,95,-80
120000168,1,202,-201
120000169,3,557,-554
120000170,4,379,-375
120000171,1,216,-215
120000172,2,113,-111
120000173,141,211,-70
120000174,26,30,-4
120000175,28,9,19
120000176,14,15,-1
120000177,259,51,208
120000178,22,12,10
120000179,32,41,-9
120000180,48,83,-35
120000181,10,400,-390
120000182,23,293,-270
120000183,1,199,-198
120000184,14,499,-485
120000186,26,327,-301
120000187,15,59,-44
120000188,32,79,-47
120000190,149,27,122
120000191,88,35,53
120000192,82,14,68
120000193,52,1,51
120000195,1,1,0
120000196,55,1,54
120000197,19,23,-4
120000198,324,3,321
120000199,272,0,272
120000200,265,1,264
120000201,30,63,-33
120000202,1,21,-20
120000203,63,8,55
120000207,0,19,-19
120000208,2,29,-27
120000209,7,4,3
120000210,22,29,-7
120000211,123,1,122
120000212,318,1,317
120000213,218,74,144
120000214,2,31,-29
120000215,0,24,-24
120000216,177,6,171
120000217,188,250,-62
120000218,36,285,-249
120000219,10,272,-262
120000220,3,640,-637
120000225,3079,3,3076
120000226,600,1,599
120000227,871,114,757
120000228,4937,2994,1943
120000230,413,25,388
120000231,1493,340,1153
120000233,517,40,477
120000235,132,201,-69
120000236,1399,5,1394
120000237,0,271,-271
120000238,0,132,-132
120000241,1154,2985,-1831
120000412,251,13,238
120000413,400,26,374
120000414,216,0,216
120000415,0,33,-33
120000416,149,0,149
120000417,0,69,-69
120000418,464,4,460
120000419,2,59,-57
120000420,19,4,15
120000421,4575,2608,1967
120000422,75,1564,-1489
120000423,0,44,-44
120000424,73,6,67
120000436,100,1234,-1134
120000437,31,60,-29
120000438,756,132,624
120000439,95,389,-294
120000443,130,2,128
120000444,1504,169,1335
120000445,1487,756,731
120000446,289,75,214
120000447,444,1,443
120000449,325,0,325
120000450,0,34,-34
120000451,130,32,98
120000452,119,0,119
120000453,0,31,-31
120000454,8,26,-18
120000455,75,29,46
120000456,659,2662,-2003
120000457,466,237,229
120000458,215,109,106
120000459,166,25,141
120000665,143,222,-79
120000668,27,535,-508
120000669,138,63,75
120000670,42,242,-200
120000671,949,331,618
120000672,11,137,-126
120900001,105,17,88
120900002,79,120,-41
120900003,84,4,80
120900004,2,87,-85
120900005,346,205,141
120900006,616,44,572
120900007,39,34,5
120900008,541,246,295
120900009,82,8,74
120900010,605,92,513
120900011,2,110,-108
120900012,24,1050,-1026
120900013,441,83,358
120900014,0,90,-90
120900015,1055,45,1010
120900016,1425,19,1406
120900017,1018,42,976
120900018,183,110,73
120900019,391,235,156
120900020,274,356,-82
120900021,622,15,607
120900022,1,54,-53
120900023,510,20,490
120900024,683,170,513
120900025,433,277,156
120900026,98,55,43
120900027,182,35,147
120900028,623,146,477
120900029,28,964,-936
120900030,1950,237,1713
120900031,418,51,367
120900032,1778,75,1703
120900033,1331,76,1255
120900034,12,1777,-1765
120900035,49,55,-6
120900037,359,7,352
120900038,106,663,-557
120900039,103,35,68
120900040,414,2,412
120900041,7,5,2
120900042,521,15,506
120900043,61,39,22
120900044,2,243,-241
120900045,70,37,33
120900046,980,3,977
120900047,113,217,-104
120900048,160,22,138
120900049,821,1,820
120900050,499,2456,-1957
120900051,233,97,136
120900052,1105,3,1102
120900053,450,50,400
120900054,301,90,211
120900055,628,6,622
120900056,834,25,809
120900057,232,14,218
120900058,864,2,862
120900059,106,2,104
120900060,49,33,16
120900061,103,43,60
120900062,401,0,401
120900063,1008,10,998
120900064,882,1,881
120900065,1019,3,1016
120900066,1333,512,821
120900067,216,32,184
120900068,568,1,567
120900069,283,12,271
120900071,37,9,28
120900072,1042,10,1032
120900073,902,62,840
120900074,946,36,910
120900076,646,0,646
120900077,825,286,539
120900078,890,152,738
120900079,1163,46,1117
120900080,1478,364,1114
120900081,1681,207,1474
120900082,266,220,46
120900083,197,0,197
120900084,298,455,-157
120900085,17,40,-23
120900086,23,395,-372
120900087,580,96,484
120900088,96,844,-748
120900089,1166,3474,-2308
120900090,174,24,150
120900091,97,658,-561
120900092,56,120,-64
120900093,831,105,726
120900094,94,65,29
120900095,167,4,163
120900096,75,112,-37
120900097,237,213,24
120900098,114,123,-9
120900099,9,42,-33
120900100,3,28,-25
120900101,11,63,-52
120900102,24,13,11
120900103,53,77,-24
120900104,3,14,-11
120900105,5,109,-104
120900106,239,122,117
120900107,125,97,28
120900108,0,142,-142
120900109,11,160,-149
120900110,0,59,-59
120900111,102,95,7
120900112,1,166,-165
120900113,11,138,-127
120900114,33,46,-13
120900115,73,164,-91
120900116,541,111,430
120900117,19,92,-73
120900118,11,186,-175
120900119,3004,1412,1592
120900120,10,161,-151
120900121,5,102,-97
120900122,903,189,714
120900123,1,84,-83
120900124,13,152,-139
120900125,12,248,-236
120900126,209,179,30
120900127,1,86,-85
120900128,104,346,-242
120900129,61,89,-28
120900130,11,158,-147
120900131,41,60,-19
120900132,1134,69,1065
120900133,27,201,-174
120900134,21,181,-160
120900135,31,237,-206
120900136,10,66,-56
120900137,460,20,440
120900138,1,118,-117
120900139,0,181,-181
120900140,3,67,-64
120900141,290,38,252
120900142,3,121,-118
120900143,7,225,-218
120900144,0,45,-45
120900145,98,216,-118
120900146,0,195,-195
120900147,2,7,-5
120900148,83,42,41
120900149,0,75,-75
120900150,39,88,-49
120900151,0,72,-72
120900152,1,0,1
120900153,40,1,39
120900154,0,81,-81
120900155,147,213,-66
120900156,140,70,70
120900157,0,0,0
120900158,7,108,-101
120900159,0,53,-53
120900160,7,181,-174
120900161,5,411,-406
120900162,4,219,-215
120900163,16,232,-216
120900164,0,23,-23
120900165,0,62,-62
120900166,16,352,-336
120900167,57,36,21
120900169,62,128,-66
120900170,155,3839,-3684
120900171,373,54,319
120900172,128,298,-170
120900173,1,27,-26
120900174,1,36,-35
120900175,55,38,17
120900176,4,327,-323
120900177,0,1352,-1352
120900178,5,694,-689
120900179,79,89,-10
120900180,76,110,-34
120900181,3,13,-10
120900182,6,27,-21
120900183,301,65,236
120900184,49,28,21
120900185,99,731,-632
120900186,2,132,-130
120900187,583,196,387
120900188,230,23,207
120900189,33,2541,-2508
120900190,142,30,112
120900191,88,4,84
120900192,3292,10071,-6779
120900194,35,15,20
120900195,80,118,-38
120900196,107,5,102
120900197,722,58,664
120900198,56,145,-89
120900199,215,527,-312
120900200,8,75,-67
120900201,178,41,137
120900202,1,44,-43
120900203,26,11,15
120900204,40,58,-18
120900205,51,15,36
120900206,13,16,-3
121000001,610,571,39
121000002,895,1296,-401
121000003,3302,1447,1855
121000004,966,2207,-1241
121000005,1867,2423,-556
121000006,1182,1934,-752
121000007,1528,2452,-924
121000008,2016,2649,-633
121000009,3171,4046,-875
121000010,2356,2736,-380
121000011,3515,4342,-827
121000012,6175,2744,3431
121000013,3491,3080,411
121000014,3081,1790,1291
121000015,2843,3776,-933
121000016,2030,1424,606
121000017,1444,1616,-172
121000018,1958,1103,855
121000019,3353,4636,-1283
121000020,5657,9401,-3744
121000021,798,811,-13
121000022,1140,2120,-980
121000023,1211,476,735
121000024,2582,2935,-353
121000025,158,669,-511
121000026,83,76,7
121000027,770,792,-22
121000028,278,421,-143
121000029,455,290,165
121000030,240,288,-48
121000031,267,274,-7
121000032,78,70,8
121000034,89,152,-63
121000035,74,147,-73
121000036,564,464,100
121000037,225,775,-550
121000038,196,447,-251
121000039,99,179,-80
121000041,211,502,-291
121000042,131,235,-104
121000043,173,597,-424
121000044,567,368,199
121000045,273,213,60
121000046,387,591,-204
121000047,31,94,-63
121000049,518,555,-37
121000050,77,1304,-1227
121000051,462,167,295
121000052,309,1227,-918
121000053,109,118,-9
121000054,15,219,-204
121000055,467,823,-356
121000056,553,1010,-457
121000057,72,153,-81
121000058,78,62,16
121000059,2456,643,1813
121000060,504,676,-172
121000061,17,419,-402
121000062,29,228,-199
121000063,529,930,-401
121000064,394,364,30
121000065,165,304,-139
121000066,161,172,-11
121000067,231,241,-10
121000068,191,384,-193
121000069,111,941,-830
121000070,644,534,110
121000071,746,1050,-304
121000072,476,298,178
121000073,472,724,-252
121000074,49,106,-57
121000075,15,29,-14
121000076,250,141,109
121000077,54,63,-9
121000078,26,239,-213
121000080,624,259,365
121000081,848,1928,-1080
121000082,57,122,-65
121000083,43,27,16
121000084,83,154,-71
121000085,124,226,-102
121000086,305,315,-10
121000087,20,142,-122
121000088,276,244,32
121000089,92,214,-122
121000090,152,304,-152
121000091,597,448,149
121000092,130,26,104
121000093,123,70,53
121000094,235,331,-96
121000095,136,468,-332
121000096,2513,681,1832
121000097,291,858,-567
121000098,200,292,-92
121000099,411,495,-84
121000100,740,213,527
121000101,210,53,157
121000102,189,51,138
121000103,147,214,-67
121000104,210,87,123
121000105,132,56,76
121000106,118,198,-80
121000107,1027,1404,-377
121000109,686,828,-142
121000110,107,488,-381
121000114,1697,1093,604
121000115,372,252,120
121000116,186,163,23
121000117,261,99,162
121000118,1081,98,983
121000119,256,200,56
121000120,179,320,-141
121000121,401,1393,-992
121000123,308,102,206
121000126,24,310,-286
121000127,91,72,19
121000128,784,151,633
121000129,751,177,574
121000130,303,882,-579
121000131,505,642,-137
121000132,189,554,-365
121000135,161,460,-299
121000136,284,1190,-906
121000137,154,296,-142
121000138,197,2612,-2415
121000139,75,466,-391
121000141,180,88,92
121000142,182,341,-159
121000143,11,29,-18
121000144,187,804,-617
121000145,311,371,-60
121000146,644,656,-12
121000147,735,274,461
121000148,345,277,68
121000149,1257,892,365
121000152,137,154,-17
121000153,874,257,617
121000154,788,288,500
121000155,1188,492,696
121000156,307,392,-85
121000157,375,498,-123
121000158,169,200,-31
121000159,148,194,-46
121000160,327,127,200
121000161,215,285,-70
121000162,80,62,18
121000165,448,1394,-946
121000166,11,235,-224
121000168,269,108,161
121000169,9,32,-23
121000170,142,42,100
121000171,144,41,103
121000172,547,452,95
121000173,1123,955,168
121000174,562,500,62
121000175,1029,206,823
121000176,235,209,26
121000177,374,246,128
121000178,72,27,45
121000179,75,46,29
121000181,107,278,-171
121000182,148,445,-297
121000183,27,459,-432
121000184,22,252,-230
121000185,12,452,-440
121000186,235,562,-327
121000187,194,34,160
121000188,263,28,235
121000192,369,278,91
121000193,331,145,186
121000194,810,1121,-311
121000195,180,549,-369
121000196,168,147,21
121000197,48,210,-162
121000198,70,121,-51
121000199,115,150,-35
121000200,432,93,339
121000201,16,216,-200
121000202,115,6,109
121000203,386,520,-134
121000204,2614,282,2332
121000205,174,324,-150
121000206,46,116,-70
121000207,1762,842,920
121000208,7,227,-220
121000209,656,104,552
121000210,839,257,582
121000211,224,39,185
121000212,293,315,-22
121000213,5102,1498,3604
121000214,395,1423,-1028
121000215,643,670,-27
121000216,132,469,-337
121000217,1968,2401,-433
121000218,277,766,-489
121000219,820,319,501
121000220,139,35,104
121000221,265,417,-152
121000222,3789,2404,1385
121000223,144,516,-372
121000224,78,246,-168
121000225,258,5421,-5163
121000226,654,1503,-849
121000227,13,136,-123
121000228,48,168,-120
121000229,96,192,-96
121000230,106,619,-513
121000231,1364,19,1345
121000232,152,115,37
121000233,487,231,256
121000234,0,65,-65
121000235,51,114,-63
121000236,0,39,-39
121000237,8,10,-2
121000238,1,31,-30
121000239,44,14,30
121000240,1,127,-126
121000241,55,2,53
121000242,7,163,-156
121000243,103,7,96
121000244,0,44,-44
121000245,35,0,35
121000246,0,46,-46
121000247,118,1,117
121000248,232,216,16
121000249,58,227,-169
121000250,625,676,-51
121000251,5,144,-139
121000252,104,108,-4
121000253,173,633,-460
121000254,697,282,415
121000255,56,334,-278
121000256,174,294,-120
121000257,29,160,-131
121000258,25,190,-165
121000259,17,80,-63
121000260,12,115,-103
121000261,45,251,-206
121000262,519,281,238
121000263,227,338,-111
121000271,429,748,-319
121000273,24,3,21
121000274,8,216,-208
121000275,0,3,-3
121000276,3,133,-130
121000278,31,17,14
121000279,8,79,-71
121000280,8,130,-122
121000289,215,51,164
121000290,375,590,-215
121000294,154,49,105
121000297,168,601,-433
121000299,73,952,-879
121000300,800,350,450
121000302,7,321,-314
121000303,191,90,101
121000304,247,36,211
121000305,203,27,176
121000306,104,72,32
121000308,68,84,-16
121000309,164,152,12
121000310,129,93,36
121000311,49,165,-116
121000312,328,206,122
121000313,112,119,-7
121000314,1,5,-4
121000315,0,41,-41
121000530,1458,735,723
121000531,1468,853,615
121000532,2868,4294,-1426
121000533,2301,1411,890
121000918,22,123,-101
121000919,14,104,-90
121000938,11,83,-72
121000939,7,134,-127
121000956,1603,778,825
121000957,1,23,-22
121000958,3,102,-99
121000959,944,282,662
121000960,1179,628,551
121000961,308,20,288
121000962,107,189,-82
121000973,0,149,-149
121000976,2,32,-30
121000979,100,176,-76
121000981,242,38,204
121000982,457,262,195
121000983,298,72,226
121000984,1,5,-4
121000985,959,277,682
121000986,642,463,179
121000987,161,591,-430
121000988,1051,76,975
121001302,105,78,27
121001308,0,10,-10
121001309,23,266,-243
121001313,159,163,-4
121001314,482,1288,-806
121001315,3197,2153,1044
121900001,111,274,-163
121900002,33,1,32
121900003,213,9,204
121900004,39,238,-199
121900005,29,3,26
121900006,55,0,55
121900007,1593,620,973
121900008,40,68,-28
121900009,781,103,678
121900010,172,0,172
121900011,70,89,-19
121900012,10,0,10
121900013,7,14,-7
121900014,701,150,551
121900015,40,45,-5
121900016,5,1,4
121900017,151,375,-224
121900018,234,8,226
121900019,233,49,184
121900020,3,5,-2
121900021,679,13,666
121900022,112,65,47
121900023,122,258,-136
121900024,76,21,55
121900025,323,57,266
121900026,29,4,25
121900027,157,115,42
121900028,165,10,155
121900029,67,280,-213
121900030,168,162,6
121900031,212,3300,-3088
121900032,123,14,109
121900033,44,81,-37
121900034,165,43,122
121900035,1437,974,463
121900036,50,128,-78
121900037,48,1083,-1035
121900038,10,8,2
121900039,116,1,115
121900040,32,25,7
121900041,26,171,-145
121900042,218,79,139
121900043,0,2,-2
121900044,15,76,-61
121900046,45,65,-20
121900047,30,54,-24
121900048,39,15,24
121900050,22,13,9
121900051,86,170,-84
121900052,49,23,26
121900053,261,178,83
121900054,82,367,-285
121900055,0,14,-14
121900058,164,13,151
121900059,128,44,84
121900060,77,192,-115
121900061,65,584,-519
121900062,77,60,17
121900063,963,146,817
121900064,149,295,-146
121900066,9,15,-6
121900067,12,1,11
121900069,37,49,-12
121900070,46,175,-129
121900071,323,116,207
121900072,34,11,23
121900073,51,69,-18
121900074,211,237,-26
121900075,139,426,-287
121900076,209,223,-14
121900077,2,2,0
121900078,78,47,31
121900079,0,0,0
121900080,315,100,215
121900082,56,14,42
121900084,4,15,-11
121900085,2,6,-4
121900086,7,25,-18
121900087,20,55,-35
121900088,495,615,-120
121900089,150,47,103
121900090,35,25,10
121900091,20,3,17
121900092,115,98,17
121900093,54,57,-3
121900094,1,10,-9
121900095,93,51,42
121900096,409,249,160
121900097,235,21,214
121900098,2,5,-3
121900099,115,46,69
121900100,3,23,-20
121900101,50,27,23
121900102,1,25,-24
121900103,205,144,61
121900104,992,106,886
121900105,84,50,34
121900106,2,10,-8
121900107,51,32,19
121900108,0,0,0
121900109,86,56,30
121900110,290,107,183
121900111,42,65,-23
121900112,27,23,4
121900113,2,97,-95
121900114,6,12,-6
121900115,110,109,1
121900117,2,21,-19
121900118,382,74,308
121900119,169,26,143
121900120,36,187,-151
121900121,48,0,48
121900122,51,28,23
121900123,98,120,-22
121900124,25,37,-12
121900125,862,386,476
121900127,10,42,-32
121900128,29,4,25
121900129,134,42,92
121900130,25,853,-828
121900131,108,15,93
121900132,35,5,30
121900133,1,197,-196
121900134,3,178,-175
121900135,3787,351,3436
121900136,49,62,-13
121900137,4,62,-58
121900138,17,66,-49
121900139,139,484,-345
121900140,6,4,2
121900141,18,10,8
121900142,29,2,27
121900143,4,46,-42
121900144,18,91,-73
121900145,78,99,-21
121900146,141,54,87
121900147,12,23,-11
121900148,28,55,-27
121900149,49,44,5
121900150,26,15,11
121900151,0,29,-29
121900152,40,7,33
121900153,2,112,-110
121900154,3,57,-54
121900155,0,42,-42
121900156,6,8,-2
121900157,2,17,-15
121900158,2,18,-16
121900159,0,24,-24
121900160,18,36,-18
121900161,9,89,-80
121900162,7,22,-15
121900163,191,44,147
121900164,75,100,-25
121900165,75,34,41
121900166,131,45,86
121900167,75,13,62
121900168,63,6,57
121900169,0,2,-2
121900170,18,41,-23
121900171,647,155,492
121900172,100,77,23
121900173,174,98,76
121900174,60,5,55
121900175,30,102,-72
121900176,215,585,-370
121900177,14,6,8
121900179,52,200,-148
121900180,778,4353,-3575
121900182,312,161,151
121900183,115,1114,-999
121900184,30,698,-668
121900186,1,195,-194
121900187,1,26,-25
121900188,205,32,173
121900189,3,22,-19
121900190,51,197,-146
121900191,187,133,54
121900192,61,421,-360
121900194,1,61,-60
121900195,13,22,-9
121900196,103,403,-300
121900197,93,396,-303
121900198,1758,488,1270
121900199,0,32,-32
121900200,3,29,-26
121900201,267,240,27
121900202,51,295,-244
121900203,40,323,-283
121900204,221,421,-200
121900205,97,46,51
121900206,1,58,-57
121900207,4,20,-16
121900208,12,90,-78
121900209,15,27,-12
121900210,594,333,261
121900211,12,44,-32
121900212,15,43,-28
121900213,119,4,115
121900214,0,156,-156
121900215,6,97,-91
121900216,6,139,-133
121900217,68,135,-67
121900218,90,191,-101
121900219,99,17,82
121900220,31,1,30
121900221,83,130,-47
121900222,107,8,99
121900223,32,7,25
121900224,45,5,40
121900225,27,98,-71
121900226,76,5,71
121900227,73,357,-284
121900228,54,34,20
121900229,94,176,-82
121900230,48,149,-101
121900231,33,155,-122
121900232,54,96,-42
121900233,36,27,9
121900234,130,29,101
121900235,242,41,201
121900236,97,33,64
121900237,8,51,-43
121900238,16,77,-61
121900239,90,15,75
121900240,83,55,28
121900241,21,5,16
121900242,0,0,0
121900243,0,0,0
121900244,0,0,0
121900245,97,61,36
121900246,1503,79,1424
121900247,172,76,96
121900248,280,218,62
121900250,101,182,-81
121900251,137,8,129
121900252,126,63,63
121900253,11,345,-334
121900254,57,126,-69
121900255,195,42,153
121900258,2083,959,1124
121900259,25,175,-150
121900260,54,28,26
121900261,23,136,-113
121900262,52,162,-110
121900263,55,67,-12
121900264,223,190,33
121900265,103,41,62
121900266,206,35,171
121900267,22,14,8
121900269,110,326,-216
121900270,52,126,-74
121900271,5,31,-26
121900273,199,1007,-808
121900274,224,49,175
121900276,350,66,284
121900277,66,218,-152
121900278,56,208,-152
121900279,98,57,41
121900280,25,132,-107
121900281,51,153,-102
121900284,8,7,1
121900286,98,55,43
121900287,1,15,-14
121900290,19,261,-242
121900291,206,348,-142
121900292,37,53,-16
121900293,380,1043,-663
121900294,42,0,42
121900295,44,3,41
121900296,77,61,16
121900298,78,403,-325
121900299,0,55,-55
121900300,12,11,1
121900301,34,0,34
121900302,18,60,-42
121900303,42,63,-21
121900304,1,4,-3
121900305,0,4,-4
121900306,294,1,293
121900307,156,0,156
121900308,0,17,-17
121900309,0,37,-37
121900310,2,62,-60
121900311,282,3,279
121900312,286,9,277
121900313,272,2,270
121900314,1,8,-7
121900315,21,1,20
121900316,0,0,0
121900317,4,29,-25
121900318,0,0,0
121900319,35,93,-58
121900320,0,0,0
121900321,44,0,44
121900322,0,0,0
121900323,4,18,-14
121900324,0,3,-3
121900325,11,0,11
121900326,0,0,0
121900327,0,0,0
121900328,0,0,0
121900329,0,0,0
121900330,0,40,-40
121900331,13,110,-97
121900332,22,24,-2
122000001,451,1118,-667
122000002,1303,268,1035
122000003,424,903,-479
122000004,467,478,-11
122000005,1886,2178,-292
122000006,286,585,-299
122000007,263,656,-393
122000008,429,1106,-677
122000009,160,149,11
122000010,1249,1464,-215
122000011,1085,469,616
122000012,385,658,-273
122000013,164,745,-581
122000014,1735,426,1309
122000015,562,398,164
122000016,253,359,-106
122000017,333,597,-264
122000018,720,633,87
122000019,364,868,-504
122000020,128,201,-73
122000021,64,143,-79
122000022,319,488,-169
122000023,163,470,-307
122000024,213,707,-494
122000025,291,743,-452
122000026,272,486,-214
122000027,226,343,-117
122000028,348,326,22
122000029,119,208,-89
122000030,97,29,68
122000031,47,428,-381
122000032,853,647,206
122000033,127,639,-512
122000034,106,393,-287
122000035,75,194,-119
122000036,219,175,44
122000037,199,186,13
122000038,138,207,-69
122000039,358,169,189
122000040,174,74,100
122000041,292,636,-344
122000042,265,424,-159
122000043,82,61,21
122000044,57,95,-38
122000045,514,276,238
122000046,432,358,74
122000047,29,34,-5
122000048,1371,2519,-1148
122000049,2963,1430,1533
122000050,373,439,-66
122000051,94,490,-396
122000052,200,379,-179
122000053,114,1373,-1259
122000054,1164,1086,78
122000055,1333,2084,-751
122000056,1591,1267,324
122000057,1260,2148,-888
122000058,377,865,-488
122000059,454,1055,-601
122000060,208,296,-88
122000061,180,134,46
122000062,406,196,210
122000063,199,689,-490
122000064,1722,2704,-982
122000065,1265,1412,-147
122000066,314,550,-236
122000067,546,1215,-669
122000068,990,853,137
122000069,531,280,251
122000070,393,806,-413
122000071,1354,644,710
122000072,178,203,-25
122000073,55,297,-242
122000074,1082,701,381
122000075,387,400,-13
122000076,1473,635,838
122000077,317,691,-374
122000078,363,959,-596
122000079,150,1148,-998
122000080,134,185,-51
122000081,26,139,-113
122000082,178,543,-365
122000083,1354,693,661
122000084,1313,573,740
122000085,97,203,-106
122000086,978,3217,-2239
122000087,154,249,-95
122000088,79,220,-141
122000089,1684,1427,257
122000090,107,503,-396
122000091,91,199,-108
122000092,29,43,-14
122000093,638,1761,-1123
122000094,2730,1417,1313
122000095,316,1507,-1191
122000096,279,803,-524
122000098,1246,2053,-807
122000099,235,664,-429
122000100,431,263,168
122000101,180,197,-17
122000102,888,571,317
122000103,541,626,-85
122000104,352,137,215
122000105,182,183,-1
122000106,240,581,-341
122000107,701,300,401
122000108,237,267,-30
122000109,150,217,-67
122000110,108,216,-108
122000111,1093,667,426
122000112,444,778,-334
122000113,250,208,42
122000114,555,1630,-1075
122000115,1076,1133,-57
122000116,73,274,-201
122000117,185,119,66
122000118,441,58,383
122000119,487,407,80
122000120,443,640,-197
122000121,473,584,-111
122000122,149,381,-232
122000123,397,908,-511
122000124,278,129,149
122000125,74,288,-214
122000126,73,207,-134
122000127,141,120,21
122000128,224,159,65
122000129,93,649,-556
122000130,1077,303,774
122000131,427,105,322
122000132,187,71,116
122000133,534,229,305
122000134,507,573,-66
122000135,289,147,142
122000136,377,188,189
122000137,1041,319,722
122000139,411,1342,-931
122000140,64,442,-378
122000141,1742,501,1241
122000142,65,522,-457
122000143,221,124,97
122000144,1101,263,838
122000145,459,236,223
122000146,238,891,-653
122000147,265,188,77
122000148,242,425,-183
122000149,680,207,473
122000150,923,279,644
122000151,31,64,-33
122000152,121,58,63
122000153,137,81,56
122000154,117,75,42
122000155,489,911,-422
122000156,2277,1815,462
122000157,391,2132,-1741
122000158,119,262,-143
122000159,499,378,121
122000160,1302,673,629
122000161,740,374,366
122000162,209,542,-333
122000163,79,44,35
122000164,10,38,-28
122000165,266,614,-348
122000166,260,1243,-983
122000167,117,184,-67
122000168,98,841,-743
122000169,175,90,85
122000170,112,119,-7
122000171,23,55,-32
122000172,935,752,183
122000173,1075,1163,-88
122000174,509,1209,-700
122000175,274,129,145
122000176,161,1215,-1054
122000177,518,1084,-566
122000178,2038,1449,589
122000179,1304,1519,-215
122000180,423,588,-165
122000181,401,1173,-772
122000182,388,636,-248
122000183,619,282,337
122000184,1278,1253,25
122000185,428,985,-557
122000186,159,450,-291
122000187,1228,460,768
122000188,182,110,72
122000189,107,99,8
122000190,523,901,-378
122000191,178,339,-161
122000192,487,169,318
122000193,452,377,75
122000194,197,69,128
122000195,76,619,-543
122000196,619,144,475
122000197,326,412,-86
122000198,180,1019,-839
122000199,176,79,97
122000200,337,281,56
122000201,396,1251,-855
122000202,394,1185,-791
122000203,953,417,536
122000204,489,632,-143
122000205,193,360,-167
122000206,1869,598,1271
122000207,1327,791,536
122000208,1488,756,732
122000209,850,158,692
122000210,883,786,97
122000211,420,762,-342
122000212,402,311,91
122000213,407,872,-465
122000214,946,1022,-76
122000215,1491,1527,-36
122000217,701,754,-53
122000218,201,51,150
122000219,1898,320,1578
122000220,181,497,-316
122000221,196,349,-153
122000222,292,81,211
122000223,189,375,-186
122000225,401,189,212
122000226,641,590,51
122000227,54,413,-359
122000228,62,160,-98
122000229,3,267,-264
122000230,52,155,-103
122000231,165,441,-276
122000232,325,420,-95
122000233,0,54,-54
122000234,324,141,183
122000235,235,149,86
122000236,895,44,851
122000237,63,35,28
122000238,157,302,-145
122000239,351,101,250
122000240,502,185,317
122000241,409,185,224
122000242,111,86,25
122000243,9,118,-109
122000244,2,252,-250
122000245,42,1617,-1575
122000246,30,240,-210
122000247,274,1541,-1267
122000248,3584,615,2969
122000249,562,465,97
122000250,731,223,508
122000251,17,27,-10
122000252,161,26,135
122000253,19,20,-1
122000254,225,58,167
122000255,174,356,-182
122000256,149,206,-57
122000257,209,94,115
122000258,161,164,-3
122000259,51,699,-648
122000260,31,240,-209
122000261,33,88,-55
122000262,0,51,-51
122000263,98,172,-74
122000264,1118,142,976
122000265,1369,455,914
122000266,2223,290,1933
122000267,33,301,-268
122000268,147,25,122
122000269,570,76,494
122000270,243,56,187
122000271,188,377,-189
122000272,154,111,43
122000273,234,103,131
122000274,142,252,-110
122000275,6,453,-447
122000276,713,323,390
122000277,438,992,-554
122000278,1095,78,1017
122000279,121,120,1
122000280,251,225,26
122000281,378,182,196
122000282,25,617,-592
122000283,44,227,-183
122000284,76,44,32
122000285,370,83,287
122000286,4,152,-148
122000287,1145,1525,-380
122000288,135,205,-70
122000291,1422,381,1041
122000293,131,58,73
122000294,55,259,-204
122000295,994,177,817
122000296,40,759,-719
122000297,1039,3537,-2498
122000299,238,256,-18
122000300,118,275,-157
122000301,3454,2559,895
122000302,179,2122,-1943
122000303,1044,630,414
122000304,4,202,-198
122000305,1382,170,1212
122000306,46,236,-190
122000307,28,113,-85
122000309,56,61,-5
122000310,10,108,-98
122000311,58,67,-9
122000312,96,218,-122
122000313,21,108,-87
122000314,126,299,-173
122000315,158,24,134
122000316,961,215,746
122000317,2015,268,1747
122000318,250,1562,-1312
122000319,69,179,-110
122000320,170,396,-226
122000321,59,58,1
122000322,630,760,-130
122000323,317,749,-432
122000324,484,1054,-570
122000325,359,767,-408
122000326,125,26,99
122000327,118,231,-113
122000328,231,159,72
122000330,867,689,178
122000332,110,3120,-3010
122000333,32,43,-11
122000337,776,181,595
122000338,314,153,161
122000340,30,562,-532
122000342,912,382,530
122000343,198,276,-78
122000344,50,0,50
122000345,30,317,-287
122000346,124,42,82
122000348,372,417,-45
122000349,10,148,-138
122000351,170,166,4
122000352,164,41,123
122000353,33,11,22
122000355,62,326,-264
122000356,118,588,-470
122000357,32,5,27
122000358,0,6,-6
122000359,0,0,0
122000360,0,0,0
122000362,2,7,-5
122000364,298,142,156
122000365,0,19,-19
122000366,23,3,20
122000368,296,193,103
122000370,25,0,25
122000371,56,0,56
122000372,22,0,22
122000381,156,127,29
122000382,18,238,-220
122000384,549,563,-14
122000385,57,1,56
122000386,65,815,-750
122000387,131,795,-664
122000388,534,318,216
122000389,51,322,-271
122000390,112,300,-188
122000391,19,493,-474
122000392,102,55,47
122000393,13,646,-633
122000394,379,197,182
122000395,46,64,-18
122000396,151,24,127
122000397,5,36,-31
122000398,8,100,-92
122000399,71,37,34
122000400,12,307,-295
122000401,62,12,50
122000402,340,71,269
122000403,141,229,-88
122000404,310,84,226
122000408,145,519,-374
122000503,5,94,-89
122000524,33,68,-35
122000544,33,1154,-1121
122000616,87,1,86
122000640,54,22,32
122000641,103,146,-43
122000642,1009,317,692
122000643,18,97,-79
122000644,27,17,10
122000645,24,61,-37
122000651,225,759,-534
122000664,79,29,50
122000665,322,214,108
122000666,152,260,-108
122000673,10,78,-68
122000674,385,188,197
122000675,1412,465,947
122000686,279,708,-429
122000687,1438,241,1197
122000688,381,233,148
122000689,1171,208,963
122000690,2810,123,2687
122000691,873,280,593
122000692,961,85,876
122000693,319,503,-184
122000695,302,128,174
122000696,606,95,511
122000698,227,110,117
122000699,325,93,232
122000701,1177,245,932
122000702,265,747,-482
122000703,52,18,34
122000717,4,61,-57
122000718,24,803,-779
122000719,3,52,-49
122000720,608,62,546
122900001,35,9,26
122900002,320,4340,-4020
122900003,364,4,360
122900004,2736,105,2631
122900005,27,223,-196
122900006,53,1490,-1437
122900007,25,60,-35
122900008,60,371,-311
122900009,92,121,-29
122900010,174,83,91
122900012,203,204,-1
122900014,26,56,-30
122900015,722,245,477
122900016,44,57,-13
122900017,139,196,-57
122900018,24,2,22
122900019,16,113,-97
122900020,40,469,-429
122900021,16,277,-261
122900022,878,486,392
122900023,562,95,467
122900024,55,93,-38
122900025,1,56,-55
122900026,1,14,-13
122900027,3,422,-419
122900028,36,32,4
122900029,2645,1222,1423
122900030,417,60,357
122900031,19,198,-179
122900032,161,187,-26
122900033,87,89,-2
122900034,1328,2003,-675
122900035,34,30,4
122900036,48,14,34
122900037,121,59,62
122900038,25,1179,-1154
122900039,29,278,-249
122900040,219,353,-134
122900041,58,318,-260
122900042,113,112,1
122900043,156,117,39
122900044,69,305,-236
122900045,39,120,-81
122900046,76,292,-216
122900047,49,58,-9
122900048,4,154,-150
122900049,1903,122,1781
122900051,9,140,-131
122900052,62,40,22
122900053,0,15,-15
122900055,103,21,82
122900057,164,5,159
122900061,232,3,229
122900062,235,463,-228
122900063,165,90,75
122900064,720,285,435
122900065,142,151,-9
122900066,298,97,201
122900067,352,90,262
122900068,8,44,-36
122900069,174,701,-527
122900070,235,20,215
122900071,37,47,-10
122900072,11,133,-122
122900073,41,30,11
122900074,1459,131,1328
122900075,0,12,-12
122900076,0,51,-51
122900077,0,7,-7
122900078,245,12,233
122900080,17,16,1
122900081,116,48,68
122900082,1158,47,1111
122900083,23,38,-15
122900084,3,43,-40
122900086,0,115,-115
122900087,306,657,-351
122900088,18,122,-104
122900089,11,188,-177
122900090,2,198,-196
122900091,316,3,313
122900092,0,65,-65
122900093,1,42,-41
122900094,1,52,-51
122900095,210,33,177
122900096,518,45,473
122900097,17,15,2
122900098,9,82,-73
122900099,107,60,47
122900100,11,582,-571
122900101,75,75,0
122900102,9,36,-27
122900103,161,9,152
122900104,89,3,86
122900105,26,37,-11
122900106,0,5,-5
122900107,0,3,-3
122900108,1,16,-15
123000001,401,335,66
123000002,1654,4560,-2906
123000003,2594,2022,572
123000004,1301,2196,-895
123000005,2264,1395,869
123000006,1245,1325,-80
123000007,1817,1247,570
123000008,1116,1858,-742
123000009,2611,2594,17
123000010,1589,2232,-643
123000011,839,655,184
123000012,200,1228,-1028
123000013,2677,567,2110
123000014,248,1435,-1187
123000015,1766,627,1139
123000016,1455,1787,-332
123000017,3957,1996,1961
123000018,88,54,34
123000019,532,7,525
123000020,390,8,382
123000021,245,262,-17
123000022,650,1358,-708
123000023,1950,1704,246
123000024,1053,519,534
123000025,6,53,-47
123000026,2,227,-225
123000027,11,457,-446
123000028,90,2867,-2777
123000029,66,1385,-1319
123000030,157,49,108
123000031,548,100,448
123000032,797,105,692
123000033,239,86,153
123000034,602,471,131
123000035,313,327,-14
123000036,98,497,-399
123000037,135,140,-5
123000038,83,199,-116
123000039,490,1234,-744
123000040,487,127,360
123000041,208,530,-322
123000042,236,379,-143
123000043,897,7666,-6769
123000044,2549,1083,1466
123000045,1919,856,1063
123000046,114,537,-423
123000047,277,547,-270
123000048,74,1394,-1320
123000049,2953,5290,-2337
123000050,1169,813,356
123000051,18,90,-72
123000052,363,1195,-832
123000053,1162,1320,-158
123000054,1034,1635,-601
123000055,1354,3032,-1678
123000056,450,458,-8
123000057,2264,2801,-537
123000058,211,890,-679
123000059,67,272,-205
123000060,659,240,419
123000061,127,329,-202
123000063,682,517,165
123000064,1017,111,906
123000065,2095,1678,417
123000066,129,231,-102
123000067,468,232,236
123000068,823,691,132
123000069,1905,522,1383
123000070,66,151,-85
123000071,1263,348,915
123000072,588,254,334
123000073,1518,382,1136
123000074,431,375,56
123000075,140,940,-800
123000076,478,143,335
123000077,867,686,181
123000078,1458,518,940
123000079,1639,589,1050
123000080,1525,377,1148
123000081,102,92,10
123000082,120,533,-413
123000083,598,90,508
123000084,673,156,517
123000085,334,49,285
123000086,663,57,606
123000087,283,128,155
123000088,705,208,497
123000089,565,509,56
123000090,935,470,465
123000091,786,531,255
123000092,517,598,-81
123000094,553,78,475
123000095,648,322,326
123000096,661,139,522
123000097,473,320,153
123000098,429,184,245
123000099,379,230,149
123000100,143,610,-467
123000101,253,152,101
123000102,277,760,-483
123000104,119,157,-38
123000105,200,71,129
123000106,283,131,152
123000107,267,97,170
123000108,333,531,-198
123000111,618,60,558
123000112,936,163,773
123000113,245,232,13
123000114,209,448,-239
123000115,148,206,-58
123000116,35,30,5
123000117,1477,521,956
123000118,341,215,126
123000119,84,192,-108
123000120,181,203,-22
123000121,348,285,63
123000122,172,92,80
123000123,332,214,118
123000124,204,85,119
123000125,801,673,128
123000126,636,2291,-1655
123000127,297,257,40
123000128,138,128,10
123000129,992,92,900
123000130,601,14,587
123000131,1330,324,1006
123000132,124,196,-72
123000133,119,32,87
123000134,229,21,208
123000135,1598,412,1186
123000136,91,219,-128
123000137,58,112,-54
123000138,42,134,-92
123000139,504,34,470
123000140,22,204,-182
123000141,286,76,210
123000142,644,381,263
123000143,403,901,-498
123000144,2,27,-25
123000145,108,357,-249
123000146,26,167,-141
123000147,22,287,-265
123000149,121,231,-110
123000150,27,161,-134
123000151,71,314,-243
123000152,6,110,-104
123000153,7,669,-662
123000154,603,1282,-679
123000155,1002,976,26
123000156,9,14,-5
123000157,405,463,-58
123000158,262,564,-302
123000159,1176,2437,-1261
123000160,515,670,-155
123000161,959,870,89
123000162,997,1238,-241
123000163,759,113,646
123000164,1960,92,1868
123000165,94,561,-467
123000166,16,34,-18
123000167,93,40,53
123000168,125,107,18
123000169,814,37,777
123000170,101,28,73
123000171,1117,7,1110
123000172,69,205,-136
123000173,537,110,427
123000174,495,266,229
123000175,137,289,-152
123000176,610,146,464
123000177,65,445,-380
123000178,780,146,634
123000179,1,379,-378
123000180,1496,123,1373
123000181,158,405,-247
123000182,212,71,141
123000183,60,244,-184
123000184,12,206,-194
123000185,776,254,522
123000186,27,155,-128
123000187,573,4,569
123000188,349,1,348
123000189,143,57,86
123000190,37,61,-24
123000192,5,118,-113
123000193,14,116,-102
123000194,76,106,-30
123000195,244,3,241
123000196,405,11,394
123000197,69,62,7
123000198,48,146,-98
123000199,28,111,-83
123000200,637,10,627
123000201,1222,26,1196
123000202,2,276,-274
123000203,938,16,922
123000204,34,365,-331
123000205,70,427,-357
123000206,2701,112,2589
123000207,25,291,-266
123000208,630,52,578
123000209,1390,298,1092
123000210,99,391,-292
123000211,157,617,-460
123000212,3355,232,3123
123000213,358,50,308
123000215,81,103,-22
123000216,150,650,-500
123000217,96,44,52
123000218,55,190,-135
123000219,385,66,319
123000220,330,83,247
123000221,93,25,68
123000222,403,207,196
123000223,680,118,562
123000224,482,95,387
123000225,312,20,292
123000226,96,89,7
123000227,74,90,-16
123000228,317,39,278
123000229,259,302,-43
123000232,22,148,-126
123000233,761,60,701
123000234,67,169,-102
123000235,1055,175,880
123000236,182,246,-64
123000237,405,74,331
123000238,28,143,-115
123000239,179,234,-55
123000240,38,513,-475
123000241,148,18,130
123000242,275,83,192
123000243,444,563,-119
123000244,574,236,338
123000245,3,41,-38
123000249,170,367,-197
123000252,647,112,535
123000253,1419,312,1107
123000254,429,263,166
123000255,469,291,178
123000256,2,64,-62
123000257,718,473,245
123000258,468,262,206
123000259,368,231,137
123000260,512,103,409
123000261,288,87,201
123000262,16,26,-10
123000263,388,23,365
123000264,166,59,107
123000265,5,20,-15
123000266,218,170,48
123000267,765,179,586
123000268,12,3,9
123000269,32,42,-10
123000270,11,31,-20
123000271,4,9,-5
123000272,451,186,265
123000273,183,893,-710
123000274,1075,314,761
123000275,94,259,-165
123000278,677,1706,-1029
123000279,41,45,-4
123000280,195,162,33
123000281,156,70,86
123000282,24,112,-88
123000283,238,21,217
123000284,12,15,-3
123000286,52,171,-119
123000287,85,119,-34
123000288,586,1098,-512
123000289,111,1078,-967
123000291,65,227,-162
123000294,122,136,-14
123000295,612,1316,-704
123000296,803,626,177
123000297,330,137,193
123000298,573,115,458
123000299,74,95,-21
123000300,759,305,454
123000301,74,223,-149
123000302,206,30,176
123000303,23,491,-468
123000305,265,329,-64
123000306,229,32,197
123000309,9,13,-4
123000310,84,5,79
123000311,0,151,-151
123000312,192,199,-7
123000313,542,253,289
123000315,311,90,221
123000316,394,53,341
123000317,109,133,-24
123000318,8,175,-167
123000329,24,12,12
123000337,245,170,75
123000338,53,322,-269
123000339,428,53,375
123000340,11,126,-115
123000342,1,291,-290
123000343,55,6,49
123000344,323,153,170
123000345,158,224,-66
123000346,302,39,263
123000352,428,333,95
123000353,28,317,-289
123000354,556,29,527
123000355,1,786,-785
123000356,369,4,365
123000357,0,66,-66
123000359,1,34,-33
123000360,112,187,-75
123000361,721,102,619
123000362,341,26,315
123000363,153,54,99
123000364,257,224,33
123000365,12,136,-124
123000366,235,1203,-968
123000367,115,247,-132
123000370,6,54,-48
123000371,556,11,545
123000372,230,14,216
123000373,0,33,-33
123000374,0,15,-15
123000375,341,68,273
123000376,752,369,383
123000377,669,4,665
123000378,3,124,-121
123000379,1,191,-190
123000380,4,64,-60
123000381,85,211,-126
123000382,612,111,501
123000383,4,195,-191
123000384,474,107,367
123000385,37,115,-78
123000436,182,920,-738
123000507,34,119,-85
123000508,103,1194,-1091
123000517,57,7,50
123000518,17,100,-83
123000519,86,13,73
123000520,13,57,-44
123000521,338,40,298
123000522,94,128,-34
123000541,6,3,3
123000542,0,0,0
123000565,531,7,524
123000566,335,252,83
123000567,246,173,73
123000573,3,15,-12
123000574,858,35,823
123000575,2230,52,2178
123000576,886,281,605
123000577,41,237,-196
123000578,331,129,202
123000579,534,3455,-2921
123000580,117,49,68
123000582,506,2,504
123000583,2,133,-131
123000584,115,107,8
123000585,0,11,-11
123000586,99,1,98
123000596,44,12,32
123000597,76,106,-30
123000602,101,31,70
123000603,1482,133,1349
123000604,410,70,340
123000605,452,147,305
123000606,0,124,-124
123000609,12,184,-172
123000610,28,29,-1
123000613,10,77,-67
123000614,351,24,327
123000615,6,54,-48
123000616,1161,30,1131
123000617,56,133,-77
123000618,3,182,-179
123000619,367,4,363
123000620,5,135,-130
123000622,633,6,627
123000624,247,10,237
123000630,1458,381,1077
123000631,114,251,-137
123000632,222,209,13
123000633,1,232,-231
123000634,1,156,-155
123000635,31,38,-7
123000636,13,147,-134
123000637,139,51,88
123000638,341,17,324
123000639,837,4506,-3669
123000640,11,272,-261
123900001,766,45,721
123900002,23,631,-608
123900003,55,332,-277
123900005,193,234,-41
123900006,373,66,307
124000001,1376,126,1250
124000002,2,346,-344
124000003,1198,147,1051
124000004,8,101,-93
124000005,1105,1203,-98
124000006,45,168,-123
124000007,559,98,461
124000008,79,369,-290
124000009,571,348,223
124000010,148,450,-302
124000011,851,379,472
124000012,156,903,-747
124000017,172,101,71
124000018,29,3,26
124000019,187,26,161
124000020,3,6,-3
124000021,101,24,77
124000022,37,21,16
124000023,740,1059,-319
124000024,563,177,386
124000025,600,1001,-401
124000026,751,960,-209
124000027,2654,1590,1064
124000028,1228,4126,-2898
124000030,925,442,483
124000031,837,7145,-6308
124000032,626,329,297
124000033,320,379,-59
124000034,1151,666,485
124000035,3,221,-218
124000036,4,366,-362
124000037,66,463,-397
124000038,0,23,-23
124000039,202,121,81
124000040,62,352,-290
124000041,584,66,518
124000042,169,93,76
124000043,80,26,54
124000044,19,45,-26
124000045,859,103,756
124000046,126,316,-190
124000047,1755,151,1604
124000048,476,229,247
124000049,1685,146,1539
124000050,472,441,31
124000051,1157,113,1044
124000052,391,332,59
124000053,525,1516,-991
124000054,494,79,415
124000055,743,2592,-1849
124000056,931,199,732
124000057,1140,203,937
124000058,316,330,-14
124000059,816,717,99
124000060,309,373,-64
124000061,776,3634,-2858
124000062,1072,588,484
124000063,871,395,476
124000064,820,566,254
124000065,32,288,-256
124000066,1668,137,1531
124000067,137,763,-626
124000068,0,0,0
124000069,207,122,85
124000070,0,0,0
124000071,66,48,18
124000072,106,262,-156
124000073,562,37,525
124000074,69,108,-39
124000075,549,34,515
124000076,0,0,0
124000077,106,737,-631
124000078,600,423,177
124000079,53,683,-630
124000080,784,70,714
124000081,52,110,-58
124000082,76,128,-52
124000083,24,31,-7
124000084,22,414,-392
124000085,29,20,9
124000086,9,292,-283
124000087,36,94,-58
124000088,88,176,-88
124000089,427,118,309
124000090,82,135,-53
124000091,346,27,319
124000092,100,147,-47
124000093,105,131,-26
124000094,112,223,-111
124000095,110,36,74
124000096,131,72,59
124000097,134,50,84
124000098,109,83,26
124000099,40,40,0
124000100,58,39,19
124000101,121,86,35
124000102,80,20,60
124000103,122,97,25
124000104,106,54,52
124000105,123,84,39
124000106,49,41,8
124000107,16,175,-159
124000108,15,16,-1
124000109,131,39,92
124000110,61,52,9
124000111,212,53,159
124000112,616,310,306
124000113,151,74,77
124000114,400,251,149
124000115,224,525,-301
124000116,36,86,-50
124000117,34,24,10
124000118,24,48,-24
124000119,532,209,323
124000120,247,201,46
124000121,511,443,68
124000122,234,1175,-941
124000123,353,132,221
124000124,343,184,159
124000125,411,144,267
124000126,148,161,-13
124000127,981,169,812
124000128,534,301,233
124000129,939,622,317
124000130,142,168,-26
124000131,476,316,160
124000132,234,237,-3
124000133,821,412,409
124000134,378,154,224
124000135,1099,976,123
124000136,171,292,-121
124000137,390,349,41
124000138,347,424,-77
124000139,188,37,151
124000140,3,248,-245
124000141,20,112,-92
124000142,10,1169,-1159
124000143,43,9,34
124000144,4,207,-203
124000145,177,55,122
124000146,20,49,-29
124000148,15,49,-34
124000149,612,157,455
124000150,194,331,-137
124000151,771,216,555
124000152,237,432,-195
124000153,928,538,390
124000154,656,303,353
124000155,473,261,212
124000156,431,403,28
124000169,55,231,-176
124000170,204,183,21
124000171,257,172,85
124000172,99,144,-45
124000173,537,105,432
124000174,359,189,170
124000175,0,0,0
124000176,76,29,47
124000177,0,1,-1
124000178,33,97,-64
124000190,1,30,-29
124000191,15,96,-81
124000192,631,434,197
124000193,61,1659,-1598
124000194,109,223,-114
124000195,272,283,-11
124000196,298,377,-79
124000197,63,18,45
124000198,62,33,29
124000201,28,274,-246
124000202,488,33,455
124000203,624,108,516
124000204,1470,33,1437
124000205,118,30,88
124000206,1141,182,959
124000207,0,22,-22
124000209,147,24,123
124000210,1128,197,931
124000211,1181,5,1176
124000212,0,81,-81
124000213,674,80,594
124000214,667,43,624
124000215,650,6,644
124000216,1,182,-181
124000329,11,300,-289
124000338,3,233,-230
124000339,2108,15,2093
124000341,2337,28,2309
124000344,78,47,31
124000357,904,1731,-827
124000358,648,1375,-727
124000359,1166,440,726
124000360,1297,370,927
124000361,1579,992,587
124000362,823,1919,-1096
124000363,204,153,51
124000364,318,519,-201
124000365,278,510,-232
124000366,1174,593,581
124000367,14,111,-97
124000368,232,861,-629
124000369,53,73,-20
124000370,12,623,-611
124000402,7,16,-9
124000403,149,48,101
124000404,3,32,-29
124000405,502,215,287
124000406,298,106,192
124000407,3,7,-4
124000411,3,149,-146
124000412,436,0,436
124000413,12,80,-68
124000414,98,30,68
124000415,60,38,22
124000416,190,138,52
124000417,206,50,156
124000418,229,19,210
124000419,134,28,106
124000420,122,6,116
124000421,92,55,37
124000422,22,25,-3
124000423,115,12,103
124000424,1,140,-139
124000425,12,34,-22
124000426,2,427,-425
124000427,28,2,26
124000428,0,139,-139
124000429,129,19,110
124000430,669,305,364
124000431,244,127,117
124000432,213,665,-452
124000439,9,13,-4
124000442,0,0,0
124000443,0,0,0
124000445,3,579,-576
124000446,356,90,266
124900001,622,57,565
124900002,127,43,84
124900003,536,61,475
124900004,519,64,455
124900005,186,30,156
124900006,493,52,441
124900008,158,140,18
124900009,8,611,-603
124900010,310,117,193
124900011,900,83,817
124900012,342,57,285
124900013,397,40,357
124900014,223,83,140
124900015,171,567,-396
124900016,109,178,-69
124900017,1154,2988,-1834
124900018,115,2,113
124900019,397,7,390
124900020,195,22,173
124900021,320,62,258
124900022,98,0,98
124900024,312,0,312
124900026,31,0,31
124900027,68,87,-19
124900028,190,14,176
124900029,24,256,-232
124900030,1,22,-21
124900031,36,157,-121
124900032,68,37,31
124900033,21,63,-42
124900034,20,65,-45
124900035,30,47,-17
124900036,0,48,-48
124900037,39,35,4
124900038,69,70,-1
124900039,2,39,-37
124900040,46,27,19
124900041,240,120,120
124900042,3,1,2
124900043,185,150,35
124900044,28,0,28
124900045,163,300,-137
124900046,304,115,189
124900047,9,55,-46
124900048,233,38,195
124900050,146,30,116
124900052,15,110,-95
124900053,72,151,-79
124900054,477,94,383
124900055,0,8,-8
124900057,0,3,-3
124900060,9,43,-34
124900061,151,2,149
124900062,182,7,175
124900066,0,0,0
124900067,0,0,0
124900068,125,781,-656
124900069,0,46,-46
124900070,2,4,-2
124900072,285,21,264
124900074,289,1595,-1306
124900075,241,98,143
124900076,21,565,-544
124900077,26,45,-19
124900078,96,2,94
124900079,127,70,57
124900080,260,108,152
124900081,775,60,715
124900082,210,124,86
124900083,182,85,97
124900084,531,22,509
124900085,176,162,14
124900086,20,308,-288
124900087,76,14,62
124900088,38,22,16
124900089,193,5,188
124900090,516,88,428
124900091,123,83,40
124900092,71,46,25
124900093,588,94,494
124900094,661,65,596
124900095,76,528,-452
124900096,225,148,77
124900097,471,19,452
124900098,55,122,-67
124900099,112,150,-38
124900100,217,12,205
124900101,56,36,20
124900102,281,3,278
124900103,29,30,-1
124900104,35,41,-6
124900105,33,22,11
124900106,215,23,192
124900107,156,4,152
124900108,94,55,39
124900109,15,103,-88
124900110,303,157,146
124900111,0,0,0
124900112,77,118,-41
124900113,0,2,-2
124900114,0,2,-2
124900115,0,0,0
124900116,3,6,-3
124900117,1,1,0
124900118,0,2,-2
124900119,0,1,-1
124900120,0,2,-2
124900121,0,2,-2
124900122,0,1,-1
124900123,0,0,0
124900124,0,1,-1
129000186,90,166,-76
204000001,31,22,9
204000002,10,5,5
204000003,35,0,35
204000004,1,0,1
204000005,301,144,157
204000006,898,858,40
204000008,410,105,305
204000011,0,0,0
204000012,2,2,0
204000013,0,2,-2
204000019,962,191,771
204000020,570,167,403
204000021,493,472,21
204000022,1078,413,665
204000023,129,315,-186
204000031,3,6,-3
204000032,188,44,144
204000034,2,41,-39
204000035,0,4,-4
204000036,0,9,-9
204000037,0,7,-7
204000038,0,8,-8
204000039,16,44,-28
204000040,19,26,-7
204000041,1,20,-19
204000042,19,12,7
204000043,12,6,6
204000044,65,4,61
204000045,82,9,73
204000046,28,1,27
204000057,1,31,-30
204000062,0,70,-70
204000068,5,46,-41
204000069,2,74,-72
204000070,116,17,99
204000080,31,9,22
204000085,396,295,101
204000086,395,561,-166
204000087,15,0,15
204000088,0,0,0
204000090,2,10,-8
204000093,449,31,418
204000096,916,267,649
204000097,555,3,552
204000099,685,1335,-650
204000100,1562,583,979
204000105,352,173,179
204000110,101,347,-246
204000111,130,217,-87
204000112,78,145,-67
204000113,128,182,-54
204000114,695,743,-48
204000115,585,198,387
204000116,296,102,194
204000119,2057,567,1490
204000132,449,395,54
204000133,560,96,464
204000134,122,64,58
204000135,453,49,404
204000136,477,118,359
204000138,232,533,-301
204000140,271,76,195
204000141,100,30,70
204000144,2,21,-19
204000145,360,12,348
204000146,0,6,-6
204000147,4,44,-40
204000148,63,47,16
204000154,15,0,15
204000155,0,34,-34
204000177,44,23,21
204000179,2,5,-3
204000180,0,5,-5
204000222,17,33,-16
204000235,13,13,0
204000236,31,16,15
204000238,26,11,15
204000240,200,24,176
204000263,7,53,-46
204000308,27,7,20
204000317,2,24,-22
204000322,12,19,-7
204000323,3,0,3
204000328,205,6,199
204000329,34,56,-22
204000330,139,103,36
204000331,1,3,-2
204010341,1,120,-119
205000001,129,201,-72
205000013,3,11,-8
205000014,8,7,1
205000015,19,14,5
205000016,8,28,-20
205000017,4,5,-1
205000022,93,171,-78
205000025,153,97,56
205000029,605,2,603
205000045,59,45,14
205000047,73,17,56
205000048,136,48,88
205000049,40,46,-6
205000050,61,19,42
205000059,0,24,-24
205000060,0,26,-26
205000061,1,89,-88
205000062,0,62,-62
205000063,9,153,-144
205000064,10,57,-47
205000065,20,207,-187
205000066,52,56,-4
205000067,55,129,-74
205000069,101,10,91
205000082,25,130,-105
205000110,6,17,-11
205000111,36,22,14
205000112,69,90,-21
205000113,18,28,-10
205000121,117,88,29
205000123,27,15,12
205000126,406,101,305
205000127,389,60,329
205000128,275,61,214
205000129,524,78,446
205000130,443,23,420
205000131,27,12,15
205000132,53,9,44
205000133,191,6,185
205000134,245,0,245
205000137,8,4,4
205000138,23,20,3
205000139,7,17,-10
205000144,26,21,5
205000145,128,53,75
205000151,59,38,21
205000152,71,42,29
205000153,169,64,105
205000154,37,42,-5
205000155,37,19,18
205000207,0,0,0
205000233,9,0,9
205000234,0,0,0
205000243,0,1,-1
205000244,0,6,-6
205000245,0,3,-3
205000249,0,16,-16
205000250,1,1,0
205000251,57,31,26
205000264,0,12,-12
206000027,7,3,4
206000028,2,8,-6
206000043,1,17,-16
206000053,1,1,0
206000054,0,2,-2
206000055,0,7,-7
206000075,5,27,-22
206000076,23,5,18
206000077,85,5,80
206000078,20,1,19
206000079,34,3,31
206000082,298,125,173
206000100,2,128,-126
206000103,0,0,0
206000104,0,0,0
206000105,0,0,0
206000106,0,0,0
206000108,622,45,577
206000125,228,0,228
206000157,0,52,-52
206000170,0,151,-151
206000171,4,118,-114
206000172,15,100,-85
206000173,2,74,-72
206000174,13,19,-6
206000175,1,28,-27
206000176,19,45,-26
206000177,0,26,-26
206000178,0,51,-51
206000179,0,50,-50
206000180,3,37,-34
206000181,3,35,-32
206000182,10,30,-20
206000183,6,78,-72
206000184,0,34,-34
206000185,4,16,-12
206000186,8,185,-177
206000223,2,56,-54
206000226,52,0,52
206000227,40,2,38
206000237,11,82,-71
206000238,2,155,-153
206000239,57,495,-438
206000240,0,0,0
206000241,0,90,-90
206000242,2,42,-40
206000243,0,44,-44
206000244,3,77,-74
206000245,2258,24,2234
206000246,755,11,744
206000247,978,3,975
206000248,846,6,840
206000252,26,61,-35
206000258,0,0,0
206000315,30,4,26
206000317,703,188,515
206000318,710,82,628
206000319,3836,49,3787
206000320,1313,27,1286
206000321,1321,6,1315
206000322,1765,10,1755
206000323,535,3,532
206000324,548,2,546
206000325,431,6,425
206000326,575,14,561
206000327,24,3,21
206000328,406,3,403
206000329,890,3,887
206000330,122,1,121
206000331,429,1,428
206000332,107,0,107
206000333,1739,3,1736
206000334,886,0,886
206000335,0,9,-9
206000361,1,23,-22
206000392,0,5,-5
206000405,208,0,208
206000441,137,25,112
206000498,37,0,37
206000515,27,44,-17
206000530,564,46,518
206000531,257,160,97
206000532,900,115,785
206000535,55,619,-564
206000536,9,50,-41
206000537,1,64,-63
206000613,1285,338,947
207000001,43,163,-120
207000002,32,94,-62
207000003,20,90,-70
207000007,1624,131,1493
207000008,430,8,422
207000009,46,2,44
207000010,71,145,-74
207000012,499,86,413
207000015,65,259,-194
207000019,274,19,255
207000021,290,174,116
207000022,146,123,23
207000023,236,32,204
207000024,3,6,-3
207000025,19,48,-29
207000026,0,0,0
207000027,0,1,-1
207000028,1,46,-45
207000029,6,128,-122
207000033,203,191,12
207000034,190,46,144
207000039,775,19,756
207000040,855,17,838
207000041,207,13,194
207000042,531,6,525
207000043,287,77,210
207000051,2,10,-8
207000052,0,10,-10
207000053,88,166,-78
207000054,8,44,-36
207000055,34,31,3
207000056,88,161,-73
207000057,38,91,-53
207000058,15,131,-116
207000059,32,111,-79
207000060,15,152,-137
207000061,49,977,-928
207000062,590,13,577
207000063,586,33,553
207000064,407,56,351
207000065,295,66,229
207000066,433,78,355
207000067,90,31,59
207000068,160,23,137
207000069,612,181,431
207000082,24,63,-39
207000083,10,172,-162
207000084,580,130,450
207000085,340,74,266
207000086,645,12,633
207000106,112,10,102
207000107,153,5,148
207000108,187,3,184
207000109,119,3,116
207000110,44,6,38
207000111,72,5,67
207000112,41,333,-292
207000114,0,0,0
207000115,0,0,0
207000116,0,0,0
207000117,0,1,-1
207000118,0,3,-3
207000119,0,2,-2
207000123,328,4,324
207000124,139,9,130
207000125,41,3,38
207000126,90,1,89
207000134,286,58,228
207000135,97,120,-23
207000148,60,205,-145
207000149,0,0,0
207000152,2,175,-173
207000153,35,395,-360
207000154,193,72,121
207000159,4,13,-9
207000160,6,29,-23
207000238,0,0,0
207000242,0,0,0
207000248,0,0,0
207000249,0,0,0
207000250,0,0,0
207000251,0,0,0
207000252,0,0,0
207000278,134,41,93
207000279,1,16,-15
207000280,1149,32,1117
207000281,35,315,-280
207000282,47,449,-402
207000283,16,120,-104
207000284,39,1219,-1180
207000285,44,108,-64
207000291,0,0,0
207000304,44,25,19
207000306,19,233,-214
207000310,247,59,188
207000353,79,0,79
207000356,1,18,-17
207000357,7,23,-16
207000358,1,15,-14
207000415,0,0,0
207000417,11,0,11
207000437,0,3,-3
207000439,211,108,103
207000446,56,0,56
207000460,123,5,118
207000466,2,3,-1
207000467,75,10,65
207000468,2,15,-13
207000476,2,36,-34
207000477,328,64,264
207000523,0,0,0
207000524,37,4,33
207000527,177,49,128
207000530,247,4,243
207000531,127,2,125
207000532,42,13,29
207000534,66,23,43
207000535,0,0,0
207000537,0,0,0
207000540,0,0,0
207000541,0,0,0
207000548,0,0,0
207000549,129,4,125
207000561,108,66,42
207000562,0,0,0
207000567,27,126,-99
207000568,282,23,259
207000569,879,97,782
207000584,0,0,0
207000585,17,56,-39
207000616,0,25,-25
207000617,235,0,235
207900008,768,84,684
208000001,358,560,-202
208000002,454,473,-19
208000003,504,264,240
208000004,580,352,228
208000005,0,0,0
208000019,753,208,545
208000020,221,106,115
208000021,166,216,-50
208000022,393,186,207
208000028,393,1209,-816
208000033,224,84,140
208000034,249,550,-301
208000040,223,70,153
208000041,585,249,336
208000042,822,262,560
208000047,95,53,42
208000064,1306,1011,295
208000066,728,574,154
208000070,543,347,196
208000071,572,205,367
208000072,664,281,383
208000080,202,224,-22
208000081,298,68,230
208000082,92,33,59
208000083,97,56,41
208000084,5,58,-53
208000085,215,86,129
208000086,182,182,0
208000087,227,289,-62
208000089,510,135,375
208000090,379,204,175
208000093,12,67,-55
208000094,122,175,-53
208000095,556,335,221
208000104,1236,257,979
208000105,642,395,247
208000114,30,284,-254
208000115,364,221,143
208000116,1066,965,101
208000117,14,42,-28
208000118,125,157,-32
208000155,333,425,-92
208000158,764,1387,-623
208000186,496,982,-486
208000204,479,546,-67
208000205,799,455,344
208000282,520,512,8
209000004,700,114,586
209000005,102,37,65
209000006,366,116,250
209000007,255,291,-36
209000010,0,0,0
209000011,0,0,0
209000012,6,35,-29
209000013,28,25,3
209000014,35,50,-15
209000025,616,48,568
209000026,1478,120,1358
209000027,40,44,-4
209000028,35,41,-6
209000029,41,30,11
209000030,28,47,-19
209000031,260,213,47
209000034,134,118,16
209000035,207,116,91
209000036,328,59,269
209000037,487,64,423
209000038,251,43,208
209000039,60,44,16
209000040,222,192,30
209000041,135,132,3
209000042,179,82,97
209000043,294,188,106
209000044,365,278,87
209000045,344,131,213
209000046,414,142,272
209000047,202,83,119
209000048,381,446,-65
209000049,31,12,19
209000050,123,21,102
209000051,55,21,34
209000052,35,20,15
209000062,0,0,0
209000063,0,0,0
209000064,1,1,0
209000065,270,14,256
209000066,163,16,147
209000067,192,17,175
209000080,0,16,-16
209000082,117,13,104
209000091,0,0,0
209000093,0,0,0
209000094,0,0,0
209000110,45,65,-20
209000111,391,1794,-1403
209000112,1487,344,1143
209000113,2336,375,1961
209000114,1120,336,784
209000115,5,10,-5
209000116,65,72,-7
209000118,5,70,-65
209000119,0,0,0
209000121,13,74,-61
209000135,75,37,38
209000142,481,2089,-1608
209000143,0,0,0
209000144,44,158,-114
209000229,106,39,67
209000240,2,14,-12
209000259,4,5,-1
209000260,6,209,-203
209000261,1,279,-278
209000262,1,214,-213
209000263,1,36,-35
209000264,1,38,-37
209000265,198,0,198
209000266,65,0,65
209000267,1129,3,1126
209000268,203,77,126
210000037,174,16,158
210000047,51,10,41
210000048,115,19,96
210000049,61,6,55
210000052,39,6,33
210000053,7,3,4
210000054,15,12,3
210000070,121,3,118
210000071,137,5,132
210000072,56,0,56
210000073,0,0,0
210000074,0,0,0
210000075,0,0,0
210000076,0,7,-7
210000077,0,25,-25
210000078,0,37,-37
210000079,6,20,-14
210000080,112,142,-30
210000081,115,3,112
210000082,14,0,14
210000083,58,0,58
210000084,59,0,59
210000085,0,4,-4
210000086,0,0,0
210000099,3,8,-5
210000100,8,18,-10
210000101,6,13,-7
210000105,0,41,-41
210000159,0,2,-2
210000163,7,16,-9
210000164,263,98,165
210000168,173,20,153
210000187,0,0,0
210000188,0,0,0
210000214,19,0,19
210000219,193,61,132
210000220,156,19,137
210000232,0,0,0
210000233,0,1,-1
210000234,1,1,0
210000235,11,7,4
210000245,2,0,2
210000246,12,0,12
210000258,3,5,-2
210000259,208,43,165
210000282,0,7,-7
210000285,0,1,-1
210000286,1,6,-5
210000295,13,36,-23
210000296,21,4,17
210000320,228,26,202
210000321,151,10,141
210000338,17,8,9
210000339,10,41,-31
210000340,5,14,-9
210000341,29,11,18
210000342,56,12,44
210000343,21,33,-12
210000344,4,29,-25
210000345,5,38,-33
210000346,3,25,-22
210000347,4,12,-8
210000348,10,23,-13
210000349,7,2,5
210000350,25,10,15
210000351,41,8,33
210000352,55,15,40
210000353,50,39,11
210000354,28,22,6
210000355,26,94,-68
210000356,50,84,-34
210000357,30,100,-70
210000358,163,209,-46
210000359,108,104,4
210000360,176,156,20
210000361,181,91,90
210000362,405,95,310
210000363,576,113,463
210000364,204,67,137
210000365,186,20,166
210000366,198,22,176
210000367,78,13,65
210000368,107,41,66
210000369,54,36,18
210000370,103,33,70
210000372,24,12,12
210000373,7,25,-18
210000374,100,36,64
210000375,35,18,17
210000376,16,89,-73
210000404,2,5,-3
210000439,69,23,46
210000472,25,1,24
210000482,132,76,56
210000564,173,100,73
210000568,217,1,216
211000092,61,30,31
211000094,27,5,22
211000169,247,8,239
211000172,24,211,-187
211000209,0,27,-27
211000275,38,9,29
211000276,160,18,142
211000279,10,12,-2
211000281,130,15,115
211507980,0,13,-13
211977296,27,0,27
212000003,233,47,186
212000004,0,16,-16
212000005,1,72,-71
212000006,13,46,-33
212000008,59,83,-24
212000009,7,31,-24
212000012,16,13,3
212000013,10,5,5
212000014,57,36,21
212000015,73,56,17
212000016,112,121,-9
212000027,473,201,272
212000028,421,214,207
212000029,238,214,24
212000030,37,21,16
212000031,45,23,22
212000048,4,121,-117
212000049,8,88,-80
212000050,6,2,4
212000051,100,21,79
212000052,67,27,40
212000053,68,89,-21
212000054,565,30,535
212000055,555,68,487
212000056,32,29,3
212000057,18,29,-11
212000058,159,44,115
212000070,89,37,52
212000077,72,85,-13
212000099,462,99,363
212000108,379,198,181
212000111,414,32,382
212000120,33,70,-37
212000138,28,3,25
212000156,0,29,-29
212000158,0,53,-53
212000159,602,33,569
212000160,657,59,598
212000161,199,3,196
212000310,23,16,7
212000311,12,39,-27
212000374,4,4,0
213000001,6,327,-321
213000005,520,37,483
213000006,698,96,602
213000007,55,24,31
213000009,173,109,64
213000010,317,71,246
213000011,168,37,131
213000012,208,133,75
213000014,82,9,73
213000015,193,7,186
213000016,198,5,193
213000017,16,0,16
213000018,0,5,-5
213000019,0,23,-23
213000020,76,54,22
213000021,0,27,-27
213000023,276,145,131
213000033,254,491,-237
213000034,388,120,268
213000035,153,240,-87
213000045,83,122,-39
213000046,60,89,-29
213000047,50,527,-477
213000056,143,10,133
213000069,70,3,67
213000073,0,55,-55
213000074,64,244,-180
213000075,518,2,516
213000085,1,5,-4
213000086,0,18,-18
213000091,253,2,251
213000092,19,0,19
213000099,115,564,-449
213000100,441,165,276
213000101,480,73,407
213000102,510,112,398
213000103,230,188,42
213000104,22,166,-144
213000105,29,798,-769
213000106,6,70,-64
213000107,86,215,-129
213000108,8,136,-128
213000109,10,114,-104
213000110,1,54,-53
213000111,2,98,-96
213000112,16,302,-286
213000115,26,2,24
213000116,3,130,-127
213000117,1,109,-108
213000118,1081,230,851
213000119,5,169,-164
213000120,32,144,-112
213000122,57,225,-168
213000123,17,284,-267
213000124,57,328,-271
213000125,201,28,173
213000126,13,42,-29
213000127,2,60,-58
213000128,49,270,-221
213000129,203,1015,-812
213000130,1138,332,806
213000132,953,81,872
213000133,803,63,740
213000134,759,6,753
213000136,571,18,553
213000137,525,39,486
213000139,130,18,112
213000147,5,12,-7
213000148,24,16,8
213000149,12,9,3
213000150,0,175,-175
213000151,0,141,-141
213000152,0,134,-134
213000153,1,91,-90
213000154,55,158,-103
213000155,54,132,-78
213000156,83,192,-109
213000157,719,136,583
213000158,393,339,54
213000159,866,141,725
213000163,1762,146,1616
213000165,572,131,441
213000171,0,1,-1
213000172,0,10,-10
213000173,0,6,-6
213000174,0,15,-15
213000175,0,14,-14
213000176,305,18,287
213000177,483,6,477
213000178,341,1,340
213000179,314,0,314
213000180,484,0,484
213000184,53,224,-171
213000188,889,53,836
213000189,832,31,801
213000190,647,107,540
213000191,635,68,567
213000192,189,54,135
213000193,202,114,88
213000194,0,76,-76
213000195,23,191,-168
213000196,250,578,-328
213000197,470,312,158
213000198,17,1,16
213000200,107,271,-164
213000201,2,41,-39
213000202,18,161,-143
213000203,962,232,730
213000204,919,11,908
213000205,531,22,509
213000206,312,7,305
213000207,36,1,35
213000208,26,0,26
213000209,45,0,45
213000210,144,0,144
213000211,0,6,-6
213000212,0,31,-31
213000213,2,27,-25
213000218,373,394,-21
213000219,1031,14,1017
213000220,972,7,965
213000223,163,95,68
213000224,6,69,-63
213000225,36,17,19
213000226,22,12,10
213000227,1202,70,1132
213000228,532,19,513
213000229,116,15,101
213000230,397,5,392
213000232,24,941,-917
213000233,6,81,-75
213000234,1,2,-1
213000293,1,111,-110
213000294,70,14,56
213000295,1,78,-77
213000296,123,38,85
213000297,7,19,-12
213000298,4,56,-52
213000299,25,28,-3
213000300,0,13,-13
213000303,0,15,-15
213000304,0,19,-19
213000305,3,24,-21
213000306,25,38,-13
213000307,44,86,-42
213000308,44,48,-4
213000309,143,23,120
213000310,110,63,47
213000311,46,410,-364
213000315,20,27,-7
213000316,274,44,230
213000322,103,44,59
213000323,195,15,180
213000324,200,17,183
213000325,114,31,83
213000326,175,13,162
213000327,188,39,149
213000328,93,38,55
213000329,80,23,57
213000340,31,265,-234
213000341,976,16,960
213000347,180,404,-224
213000348,4,72,-68
213000349,2,6,-4
213000350,205,384,-179
213000366,21,162,-141
213000367,309,6,303
213000379,32,17,15
213000386,10,270,-260
213000406,98,196,-98
213000417,1396,280,1116
213000425,332,42,290
213000426,197,6,191
213000427,87,19,68
213000428,52,23,29
213000429,3,2,1
213000430,19,65,-46
213000431,10,4,6
213000432,0,334,-334
213000433,19,41,-22
213000434,203,48,155
213000435,105,21,84
213000436,91,27,64
213000437,1,36,-35
213000438,104,49,55
213000439,27,20,7
213000440,14,105,-91
213000441,0,8,-8
213000442,2,9,-7
213000443,342,445,-103
213000444,27,27,0
213000445,0,77,-77
213000446,4,304,-300
213000447,1,117,-116
213000448,26,70,-44
213000449,803,9,794
213000450,24,12,12
213000451,390,35,355
213000452,13,8,5
213000453,1,47,-46
213000455,57,5,52
213000456,0,153,-153
213000481,0,0,0
213000484,24,0,24
213000489,84,19,65
213900002,1,352,-351
213900003,56,8,48
213900013,0,62,-62
213900015,0,1,-1
213900016,7,2,5
213900020,7,49,-42
213900030,0,39,-39
213900032,65,31,34
213900033,177,6,171
213900034,557,10,547
213900035,106,156,-50
213900036,51,73,-22
213900037,21,166,-145
213900038,456,62,394
213900039,0,10,-10
213900041,4,224,-220
213900042,60,260,-200
213900043,376,36,340
213900244,90,0,90
213900245,0,6,-6
218000003,23,14,9
218000004,4,7,-3
218000005,2,45,-43
218000006,49,52,-3
218000007,19,13,6
218000012,67,141,-74
218000013,58,54,4
218000014,90,88,2
218000019,319,140,179
218000020,159,131,28
218000021,17,10,7
218000022,14,7,7
218000023,1,18,-17
218000024,0,4,-4
218000025,6,10,-4
218000026,16,12,4
218000027,1,6,-5
218000028,5,0,5
218000029,0,0,0
218000030,12,7,5
218000031,3,4,-1
218000032,1,0,1
218000040,6,1,5
218000046,132,87,45
218000047,9,92,-83
218000048,103,95,8
218000049,77,133,-56
218000050,349,145,204
218000051,118,128,-10
218000052,0,27,-27
218000053,0,2,-2
218000054,15,31,-16
218000055,0,44,-44
218000056,33,59,-26
218000057,3,51,-48
218000064,0,2,-2
218000065,67,2,65
218000066,8,27,-19
218000067,135,26,109
218000068,82,62,20
218000069,382,33,349
218000070,202,133,69
218000071,157,119,38
218000072,54,69,-15
218000078,631,234,397
218000079,322,23,299
218000080,259,17,242
218000081,663,45,618
218000082,166,12,154
218000083,20,31,-11
218000084,58,49,9
218000085,59,42,17
218000086,19,22,-3
218000087,50,19,31
218000090,10,103,-93
218000091,1054,359,695
218000092,180,51,129
218000093,40,23,17
218000094,223,134,89
218000099,81,115,-34
218000100,126,40,86
218000101,114,42,72
218000102,205,75,130
218000103,32,42,-10
218000104,73,7,66
218000105,26,17,9
218000106,25,6,19
218000107,99,21,78
218000108,0,45,-45
218000112,61,12,49
218000117,63,28,35
218000134,294,190,104
218000135,10,74,-64
218000136,138,138,0
218000137,59,48,11
218000138,15,53,-38
218000139,131,174,-43
218000140,272,134,138
218000141,90,42,48
218000142,128,58,70
218000143,42,83,-41
218000144,4,136,-132
218000145,518,179,339
218000146,84,45,39
218000151,1,57,-56
218000152,50,40,10
218000153,2,14,-12
218000154,18,2,16
218000155,40,2,38
218000156,166,7,159
218000157,62,10,52
218000158,24,2,22
218000159,9,5,4
218000160,3,3,0
218000161,102,1,101
218000162,75,4,71
218000163,83,0,83
218000164,133,4,129
218000165,178,9,169
218000170,1,28,-27
218000171,93,24,69
218000172,2,13,-11
218000173,20,8,12
218000174,19,1,18
218000176,348,34,314
218000177,597,67,530
218000178,108,34,74
218000179,247,78,169
218000180,145,4,141
218000181,360,15,345
218000187,6,14,-8
218000188,5,8,-3
218000189,10,16,-6
218000190,19,8,11
218000191,13,1,12
218000192,48,38,10
218000193,137,67,70
218000194,60,140,-80
218000195,139,55,84
218000196,281,73,208
218000197,738,84,654
218000198,80,6,74
218000199,33,2,31
218000200,47,4,43
218000201,3,1,2
218000202,34,194,-160
218000207,9,4,5
218000208,4,38,-34
218000211,20,1,19
218000212,0,0,0
218000213,166,194,-28
218000214,1,91,-90
218000215,50,110,-60
218000217,6,46,-40
218000218,306,100,206
218000219,0,22,-22
218000220,66,369,-303
218000221,643,298,345
218000222,0,50,-50
218000223,44,436,-392
218000224,5,170,-165
218000225,222,20,202
218000226,470,46,424
218000230,0,9,-9
218000232,68,29,39
218000239,83,0,83
218000240,1,0,1
218000241,2,0,2
218000242,0,0,0
218000243,1,0,1
218000244,37,1,36
218000245,7,6,1
218000246,0,8,-8
218000247,0,0,0
218000248,0,9,-9
218000249,0,2,-2
218000250,1,8,-7
218000251,1,14,-13
218000252,1,28,-27
218000253,0,2,-2
218000254,1,3,-2
218000255,0,3,-3
218000256,29,7,22
218000267,194,223,-29
218000268,1,11,-10
218000269,0,6,-6
218000270,3,5,-2
218000271,11,8,3
218000273,54,7,47
218000274,14,1,13
218000275,49,51,-2
218000276,23,14,9
218000278,20,16,4
218000279,56,30,26
218000280,0,12,-12
218000281,9,5,4
218000282,421,437,-16
218000284,61,3,58
218000301,29,115,-86
218000302,35,27,8
218000303,11,51,-40
218000316,1398,320,1078
218000317,2450,192,2258
218000318,1258,164,1094
218000319,501,254,247
218000320,308,171,137
218000338,36,26,10
218000345,55,11,44
218000346,25,120,-95
218000459,64,165,-101
218000490,2,46,-44
218000501,67,15,52
218000502,20,7,13
218000503,110,10,100
218000504,50,3,47
218000505,20,12,8
218000506,16,58,-42
218000508,0,1,-1
218000510,42,20,22
218000520,139,86,53
218000521,1,4,-3
218000522,18,269,-251
218000523,74,0,74
218000524,1,140,-139
218000525,89,16,73
218000526,0,138,-138
218000529,8,19,-11
218000530,28,3,25
218000531,6,11,-5
218000532,40,3,37
218000534,302,29,273
218000537,2,92,-90
218000538,24,65,-41
218000540,48,102,-54
218000543,178,13,165
218000544,10,17,-7
218000545,172,51,121
218000546,10,12,-2
218000547,112,116,-4
218000548,59,117,-58
218000549,846,84,762
218000550,79,130,-51
218000551,46,199,-153
218000552,252,47,205
218000553,26,20,6
218000554,0,3,-3
218000555,14,25,-11
218000556,40,8,32
218000557,647,77,570
218000558,9,0,9
218000559,0,51,-51
218000560,0,20,-20
218000561,2,0,2
218000562,0,73,-73
218000563,55,61,-6
218000564,0,107,-107
218000565,60,36,24
218000566,68,27,41
218000567,5,33,-28
218000568,2,0,2
218000569,0,78,-78
218000570,38,14,24
218000571,3,76,-73
218000572,10,3,7
218000573,1,105,-104
218000574,17,16,1
218000575,51,1,50
218000576,0,121,-121
218000577,43,1,42
218000578,0,91,-91
218000579,0,2,-2
218000581,3,26,-23
218000582,37,1,36
218000583,0,0,0
218000584,0,2,-2
218000585,32,4,28
218000586,2,2,0
218000587,0,0,0
218000588,0,8,-8
218000589,0,24,-24
218000590,1,0,1
218000591,0,76,-76
218000592,2,4,-2
218000593,0,4,-4
218000594,1,10,-9
218000595,0,0,0
218000596,0,0,0
218000597,0,23,-23
218000598,0,1,-1
218000599,0,113,-113
218000600,0,1,-1
218000601,0,39,-39
218000602,0,0,0
218000603,0,6,-6
218000604,88,25,63
218000605,1,300,-299
218000606,278,5,273
218000607,2,34,-32
218000608,9,1,8
218000609,0,18,-18
218000610,75,0,75
218000611,18,1,17
218000612,0,8,-8
218000613,48,0,48
218000614,0,15,-15
218000615,177,0,177
218000616,15,180,-165
218000617,9,0,9
218000618,0,14,-14
218000619,32,3,29
218000620,1,16,-15
218000621,0,1,-1
218000622,0,98,-98
218000623,13,1,12
218000624,0,54,-54
218000625,12,7,5
218000626,0,40,-40
218000628,196,93,103
218000631,65,23,42
218000632,0,94,-94
218000633,57,4,53
218000634,1,4,-3
218000635,1,2,-1
218000636,364,220,144
218000637,884,63,821
218000638,376,19,357
218000639,20,32,-12
218000640,623,12,611
218000641,80,70,10
218000652,34,41,-7
218000653,277,20,257
218000663,1,19,-18
218000675,6,15,-9
218000676,2,8,-6
218000677,43,0,43
218000680,56,40,16
218000681,447,15,432
218000691,117,32,85
218000693,537,30,507
218000703,0,3,-3
218000718,9,61,-52
218000719,39,43,-4
218000720,0,108,-108
218000721,1,2,-1
218000725,12,1,11
218001214,3,24,-21
218001329,35,24,11
218001330,4,13,-9
218001359,0,0,0
218001360,0,0,0
218001361,0,0,0
218001362,0,0,0
219000001,0,0,0
219000002,0,0,0
219000003,55,18,37
219000004,25,50,-25
219000017,58,9,49
219000020,202,18,184
219000022,123,3,120
219000023,60,1,59
219000029,0,0,0
219000034,53,16,37
219000039,3,2,1
219000040,10,24,-14
219000041,111,20,91
219000051,0,0,0
219000052,0,0,0
219000053,0,0,0
219000054,74,176,-102
219000055,270,0,270
219000056,1,0,1
219000057,45,0,45
219000062,1,28,-27
219000063,325,3,322
219000064,2,13,-11
219000110,108,156,-48
219000111,85,64,21
219000112,191,23,168
219000113,208,14,194
219000114,129,9,120
219000116,72,39,33
219000117,54,12,42
219000118,30,29,1
219000123,73,1,72
219000124,3,0,3
219000125,0,0,0
219000126,0,0,0
219000127,0,0,0
219000128,1,5,-4
219000129,0,6,-6
219000130,62,84,-22
219000131,644,718,-74
219000133,26,31,-5
219000134,2,38,-36
219000135,3,34,-31
219000136,34,105,-71
219000138,61,10,51
219000139,93,1,92
219000140,175,1,174
219000141,27,7,20
219000142,7,0,7
219000143,22,2,20
219000145,2,4,-2
219000146,0,0,0
219000147,0,0,0
219000148,0,0,0
219000149,0,0,0
219000150,0,0,0
219000151,0,0,0
219000157,208,62,146
219000158,240,61,179
219000161,188,3,185
219000163,621,244,377
219000166,151,47,104
219000167,49,44,5
219000168,211,34,177
219000174,639,58,581
219000175,156,3,153
219000176,184,11,173
219000177,128,2,126
219000178,167,3,164
219000179,48,82,-34
219000180,47,3,44
219000182,73,12,61
219000183,38,1,37
219000184,57,2,55
219000185,0,0,0
219000186,46,5,41
219000187,16,15,1
219000189,1,7,-6
219000190,0,5,-5
219000191,34,92,-58
219000192,249,128,121
219000193,9,2,7
219000195,0,0,0
219000196,0,1,-1
219000198,0,3,-3
219000199,0,0,0
219000200,2,1,1
219000201,2,6,-4
219000203,1,1,0
219000204,3,39,-36
219000205,5,68,-63
219000207,5,35,-30
219000209,0,0,0
219000210,0,2,-2
219000213,1,67,-66
219000239,48,85,-37
219000240,16,195,-179
219000241,78,72,6
219000242,29,65,-36
219000243,32,157,-125
219000244,3,35,-32
219000245,8,13,-5
219000246,14,23,-9
219000247,279,34,245
219000248,236,264,-28
219000249,207,124,83
219000250,142,45,97
219000251,622,94,528
219000252,167,45,122
219000253,204,11,193
219000255,149,91,58
219000256,398,40,358
219000257,88,0,88
219000262,11,9,2
219000263,37,8,29
219000267,0,2,-2
219000268,0,0,0
219000269,8,7,1
219000270,43,0,43
219000271,152,4,148
219000278,0,0,0
219000279,0,0,0
219000283,0,1,-1
219000295,10,11,-1
219000296,6,24,-18
219000297,5,3,2
219000298,11,4,7
219000299,199,23,176
219000300,38,7,31
219000301,1,33,-32
219000302,7,15,-8
219000307,0,0,0
219000308,77,24,53
219000311,56,23,33
219000312,270,60,210
219000313,300,28,272
219000314,7,33,-26
219000315,318,13,305
219000316,402,36,366
219000317,126,4,122
219000320,0,0,0
219000321,0,0,0
219000323,0,0,0
219000325,0,0,0
219000326,5,11,-6
219000327,0,0,0
219000328,0,0,0
219000329,195,82,113
219000330,15,1,14
219000331,31,6,25
219000332,187,17,170
219000333,35,8,27
219000335,99,3,96
219000337,6,0,6
219000338,36,0,36
219000344,0,0,0
219000345,0,0,0
219000346,0,0,0
219000348,25,12,13
219000349,4,18,-14
219000350,1,8,-7
219000351,0,0,0
219000352,3,68,-65
219000353,118,56,62
219000354,678,54,624
219000355,139,12,127
219000356,289,588,-299
219000363,161,17,144
219000364,191,26,165
219000365,74,8,66
219000366,94,762,-668
219000368,159,360,-201
219000370,545,411,134
219000371,0,0,0
219000382,1,10,-9
219000383,53,195,-142
219000385,37,167,-130
219000386,55,397,-342
219000387,0,1,-1
219000390,2,7,-5
219000391,0,0,0
219000397,0,0,0
219000398,25,13,12
219000401,8,18,-10
219000402,12,7,5
219000403,26,25,1
219000404,5,11,-6
219000407,5,0,5
219000409,44,23,21
219000410,57,10,47
219000411,65,1,64
219000446,2,36,-34
219000447,0,0,0
219000448,4,8,-4
219000452,65,83,-18
219000453,15,102,-87
219000454,210,264,-54
219000556,695,14,681
219000558,5,43,-38
219000590,2,113,-111
219000591,276,23,253
219000592,23,60,-37
219000595,0,0,0
219000635,69,50,19
219000636,2,2,0
219000657,2,6,-4
219000658,0,4,-4
219000673,0,0,0
219000676,0,0,0
219000679,28,0,28
219000684,134,0,134
219000685,0,9,-9
219000686,0,1,-1
219000688,0,4,-4
219000689,2,43,-41
219000690,64,5,59
219000691,2,19,-17
219000692,60,6,54
219000693,0,0,0
219000694,27,0,27
219000695,160,2,158
219000698,16,8,8
219000699,0,0,0
219000727,0,0,0
219000728,43,0,43
219000770,8,0,8
219000771,0,0,0
219001150,0,84,-84
219001151,0,0,0
219001166,11,8,3
219001167,0,10,-10
220000001,6,67,-61
220000002,1,31,-30
220000003,27,42,-15
220000004,46,68,-22
220000005,129,301,-172
220000006,20,184,-164
220000007,129,101,28
220000008,73,99,-26
220000009,55,36,19
220000010,26,43,-17
220000011,193,2477,-2284
220000012,64,335,-271
220000014,116,72,44
220000015,27,242,-215
220000017,19,158,-139
220000018,4224,680,3544
220000019,99,378,-279
220000020,206,151,55
220000021,574,95,479
220000022,1067,159,908
220000023,215,93,122
220000024,502,331,171
220000025,432,1009,-577
220000026,286,424,-138
220000027,12,145,-133
220000028,17,194,-177
220000029,3,21,-18
220000030,8,6,2
220000031,503,311,192
220000064,24,348,-324
221000046,0,0,0
221000047,0,0,0
221000048,0,3,-3
221000049,0,0,0
221000050,14,0,14
221000055,11,35,-24
221000057,139,0,139
221000068,213,100,113
221000069,228,20,208
221000070,163,5,158
221000071,103,5,98
221000072,248,4,244
221000073,168,9,159
221000074,0,1,-1
221000075,1,11,-10
221000076,0,1,-1
221000077,3,14,-11
221000081,9,1,8
221000082,86,0,86
221000083,2,3,-1
221000084,0,8,-8
221000085,8,69,-61
221000086,0,47,-47
221000087,0,53,-53
221000088,15,52,-37
221000089,8,88,-80
221000090,15,120,-105
221000098,167,25,142
221000099,203,7,196
221000100,164,1,163
221000101,162,4,158
221000102,236,8,228
221000109,1,5,-4
221000110,0,16,-16
221000111,3,14,-11
221000112,0,16,-16
221000113,2,27,-25
221000114,0,39,-39
221000120,27,45,-18
221000121,0,14,-14
221000122,11,32,-21
221000123,0,63,-63
221000124,18,146,-128
221000155,151,19,132
221000156,13,25,-12
221000175,7,18,-11
221000176,0,3,-3
221000182,32,1,31
221000241,241,251,-10
221000242,31,122,-91
221000243,313,114,199
221000244,20,215,-195
221000245,45,31,14
221000246,9,162,-153
221000247,80,30,50
221000248,54,25,29
221000267,33,344,-311
221000325,53,62,-9
221000331,1,86,-85
221000338,7,75,-68
221000378,417,18,399
221000381,45,85,-40
222000282,3,0,3
222000296,3,23,-20
222000568,467,17,450
222000569,127,20,107
222000570,118,9,109
222000571,365,4,361
222000577,2,41,-39
222000578,2,72,-70
222000579,27,68,-41
222000580,11,863,-852
222000599,0,77,-77
222000600,0,59,-59
222000601,1,154,-153
222000603,14,15,-1
222000604,1,20,-19
222000605,2,18,-16
222000606,0,4,-4
222000607,3,7,-4
222000608,0,0,0
222000609,44,19,25
222000616,703,59,644
222000617,1,2,-1
222000618,18,3,15
222000620,1,4,-3
222000621,9,12,-3
222000623,661,1,660
222000624,466,6,460
222000625,773,20,753
222000636,24,0,24
222000686,1,19,-18
222000687,4,2,2
222001066,548,0,548
222001067,98,1,97
222001068,260,0,260
222001069,180,16,164
222001082,19,28,-9
222001083,129,5,124
222001084,0,11,-11
222001085,5,267,-262
222001111,100,48,52
222001112,352,3,349
222001313,0,4,-4
222001314,0,50,-50
222001464,65,22,43
222001465,1,100,-99
222001484,194,31,163
222001485,11,10,1
222001494,946,51,895
222001495,32,102,-70
222001496,402,53,349
222001497,37,165,-128
222001502,0,16,-16
222001503,208,14,194
222001504,2,47,-45
222001505,411,14,397
222001506,3,16,-13
222001507,220,9,211
222001510,727,30,697
222001511,14,66,-52
222001514,639,49,590
222001515,12,70,-58
222001518,793,21,772
222001519,29,81,-52
222001527,170,15,155
222001528,0,23,-23
222001529,589,20,569
222001530,13,44,-31
222001533,1,104,-103
222001534,866,3,863
222001535,342,73,269
222001536,12,204,-192
222001537,256,13,243
222001538,15,64,-49
222001563,1022,21,1001
222001564,5,104,-99
222001568,77,11,66
222001576,0,0,0
222001579,0,32,-32
222001583,13,30,-17
222001584,176,59,117
222001596,123,897,-774
222001597,1345,65,1280
222001626,0,37,-37
222001650,8,23,-15
222001651,23,128,-105
222001914,341,3,338
222001915,1,25,-24
222900004,381,73,308
222900009,106,283,-177
222900019,80,136,-56
222900024,106,1,105
222900025,6,5,1
225000001,352,97,255
225000002,633,59,574
225000003,896,42,854
225000004,447,48,399
225000005,49,31,18
225000006,0,0,0
225000007,93,274,-181
225000010,215,19,196
225000011,143,848,-705
225000012,108,662,-554
225000013,80,57,23
225000014,514,39,475
225000015,35,63,-28
225000021,350,60,290
225000027,62,60,2
225000032,416,55,361
225000042,22,92,-70
225000049,9,4,5
225000050,142,11,131
225000053,0,0,0
225000058,301,47,254
225000067,13,17,-4
225000068,3,18,-15
225000069,14,20,-6
225000070,3,33,-30
225000071,0,30,-30
225000075,4,207,-203
225000076,0,0,0
225000078,19,18,1
225000085,78,13,65
225000086,242,27,215
225000087,98,5,93
225000088,2,8,-6
225000089,0,0,0
225000090,0,0,0
225000091,0,0,0
225000092,2,14,-12
225000093,24,10,14
225000094,4,9,-5
225000095,34,17,17
225000096,9,22,-13
225000098,653,45,608
225000099,433,31,402
225000100,546,75,471
225000104,9,129,-120
225000110,2,88,-86
225000111,78,68,10
225000112,123,186,-63
225000113,21,319,-298
225000114,33,137,-104
225000115,441,249,192
225000116,140,58,82
225000117,315,197,118
225000118,737,205,532
225000119,287,50,237
225000120,499,11,488
225000121,52,15,37
225000123,637,10,627
225000125,404,105,299
225000126,362,122,240
225000127,325,1662,-1337
225000128,309,1102,-793
225000132,570,9,561
225000133,175,10,165
225000134,509,91,418
225000135,96,13,83
225000136,457,8,449
225000137,305,45,260
225000138,298,57,241
225000143,0,0,0
225000144,0,0,0
225000145,53,34,19
225000146,0,0,0
225000147,0,0,0
225000148,0,0,0
225000149,0,0,0
225000151,0,0,0
225000155,6,20,-14
225000156,36,377,-341
225000157,109,106,3
225000158,10,31,-21
225000171,0,23,-23
225000180,23,12,11
225000181,0,0,0
225000182,33,4,29
225000185,0,94,-94
225000187,1,56,-55
225000191,9,0,9
225000194,0,1,-1
225000208,0,3,-3
225000209,43,11,32
225000210,0,0,0
225000217,0,1,-1
225000218,1,0,1
225000223,0,19,-19
225000224,6,0,6
225000225,0,16,-16
225000226,41,2,39
225000227,2,44,-42
225000228,6,8,-2
225000229,0,5,-5
225000230,1,0,1
225000231,1,1,0
225000232,111,0,111
225000241,60,0,60
225000242,0,5,-5
225000249,44,48,-4
225000250,0,0,0
225000251,570,11,559
225000254,0,63,-63
225000256,3,125,-122
225000257,1,26,-25
226000042,8,9,-1
226000043,2,19,-17
226000044,4,45,-41
226000045,3,33,-30
226000046,845,20,825
226000047,322,40,282
226000048,422,47,375
226000049,340,115,225
226000070,0,0,0
226000071,0,0,0
226000072,0,0,0
226000073,0,0,0
226000074,0,0,0
226000084,0,0,0
226000085,0,0,0
226000086,0,0,0
226000087,0,3,-3
226000088,0,1,-1
226000090,22,81,-59
226000091,9,16,-7
226000092,1,29,-28
226000093,1,13,-12
226000094,15,0,15
226000095,4,3,1
226000105,0,0,0
226000106,0,0,0
226000107,38,0,38
226000108,3,0,3
226000109,127,0,127
226000124,261,41,220
226000134,1326,266,1060
226000135,2191,288,1903
226000136,795,163,632
226000137,0,2,-2
226000138,0,1,-1
226000139,0,0,0
226000156,214,0,214
226000157,353,0,353
226000163,0,3,-3
226000202,0,3,-3
226000231,255,1,254
226000232,34,2,32
227000033,480,5,475
227000036,730,5,725
227000037,493,9,484
227000038,152,25,127
227000084,0,0,0
227000085,0,0,0
227000088,42,0,42
227000089,51,0,51
227000090,33,0,33
227000091,75,0,75
227000092,42,0,42
227000093,90,0,90
227000094,53,0,53
227000130,0,0,0
227000131,0,0,0
227000132,0,0,0
227000133,0,0,0
227000134,0,0,0
227000152,0,0,0
227000153,0,0,0
227000154,0,0,0
227000155,0,0,0
227000156,0,0,0
227000165,0,0,0
227000196,783,51,732
227000199,538,40,498
227000230,0,56,-56
227000232,1039,48,991
227000242,0,1,-1
227000243,332,32,300
227000245,0,2,-2
227000246,0,1,-1
227000247,678,14,664
227000248,132,40,92
227000249,0,23,-23
227000250,205,227,-22
227000251,2,46,-44
227000252,0,3,-3
227000253,267,35,232
227000262,679,25,654
227000266,2075,12,2063
227000267,1,160,-159
227000282,0,1,-1
227000284,813,13,800
227000286,0,0,0
227000291,0,0,0
227000296,117,64,53
227000484,151,8,143
227000485,0,7,-7
227000655,449,1,448
227000656,705,16,689
227000657,237,12,225
227000704,237,0,237
229000265,28,2,26
229000266,1,0,1
229000267,6,0,6
229000268,19,6,13
229000269,5,3,2
229000274,1,47,-46
229000275,0,67,-67
229000276,0,38,-38
229000277,0,3,-3
229000278,0,2,-2
229000295,10,23,-13
229000296,0,28,-28
229000297,7,2,5
229000298,0,79,-79
229000320,4,4,0
229000321,13,5,8
229000412,12,34,-22
229000414,1,16,-15
229000415,3,0,3
229000416,39,4,35
229000417,1,0,1
229000419,62,135,-73
229000440,171,44,127
229000442,39,3,36
229000443,13,2,11
229000444,0,10,-10
229000445,68,1,67
229000446,54,8,46
229000491,0,0,0
229000492,0,5,-5
229000493,0,11,-11
229000494,113,0,113
229000495,152,1,151
229000496,230,3,227
229000507,0,0,0
229000508,0,1,-1
229000509,0,1,-1
229000510,0,3,-3
229000511,0,0,0
229000512,0,0,0
229000513,0,0,0
229000514,0,0,0
229000517,0,2,-2
229000518,1,4,-3
229000519,0,1,-1
229000520,3,6,-3
229000521,81,7,74
229000522,2,2,0
229000523,8,1,7
229000524,15,0,15
229000527,1,1,0
229000528,0,0,0
229000529,28,3,25
229000530,162,3,159
229000531,31,6,25
229000532,26,0,26
229000533,67,0,67
229000534,42,0,42
229000564,130,1,129
229000565,100,0,100
229000566,0,1,-1
229000567,0,0,0
229000582,58,0,58
229000583,20,3,17
229000584,0,0,0
229000585,0,1,-1
229000718,0,0,0
229000719,0,0,0
229000720,0,0,0
229000721,0,0,0
229000722,0,0,0
229000723,0,0,0
229000724,0,0,0
229000725,0,0,0
229000738,0,0,0
229000739,0,0,0
229000740,0,0,0
229000741,59,0,59
229000742,25,0,25
229000743,42,0,42
229000744,0,0,0
229000745,0,0,0
229000746,31,0,31
229000847,148,0,148
229000848,145,0,145
229000849,258,0,258
229000851,267,0,267
229000854,0,0,0
229000856,0,0,0
229000857,0,0,0
229000858,0,0,0
229000919,0,0,0
229000930,0,0,0
229000937,32,13,19
229000966,20,33,-13
229000981,0,0,0
229000985,5,19,-14
229000986,0,2,-2
229000987,0,0,0
229000988,5,13,-8
229000989,1,1,0
229000990,0,3,-3
229000991,1,0,1
229000992,9,0,9
229000993,114,16,98
229000998,63,7,56
229000999,102,5,97
229001034,0,5,-5
229001035,11,24,-13
229001036,7,9,-2
229001037,56,2,54
229001038,0,4,-4
229001039,17,0,17
229001040,0,43,-43
229001041,106,0,106
229001042,46,5,41
229001047,18,51,-33
229001050,60,19,41
229001168,0,0,0
229001200,70,1,69
229001338,0,1,-1
229001394,244,0,244
229001422,75,2,73
229001423,0,0,0
229001431,8,11,-3
229001432,0,0,0
229001444,220,13,207
229001445,80,31,49
229001479,54,0,54
229001503,277,10,267
229001504,0,0,0
229001505,72,9,63
229001506,0,0,0
229001509,87,0,87
229001510,20,19,1
229001545,27,16,11
229001546,0,0,0
229001553,61,7,54
229001554,0,0,0
229001630,88,0,88
229001631,14,6,8
229001635,0,5,-5
229001636,0,0,0
229001658,0,0,0
229001659,38,5,33
229001660,2,1,1
229001661,0,3,-3
229001662,17,0,17
229001663,0,0,0
229002584,214,176,38
229002831,53,85,-32
229002841,0,67,-67
229002842,6,2,4
229002843,54,10,44
229002844,8,70,-62
229002845,0,93,-93
229002846,2,11,-9
229002847,0,1,-1
229002848,2,20,-18
229002849,0,37,-37
229002850,21,10,11
229002851,7,158,-151
229002852,104,44,60
229002853,31,1,30
229002854,46,17,29
229002855,1,63,-62
229002856,40,0,40
229002857,23,29,-6
229002858,32,14,18
229002859,16,9,7
229002860,25,1,24
229002861,49,54,-5
229002862,4,8,-4
229002863,4,3,1
229002864,33,46,-13
229002865,0,12,-12
229002866,23,19,4
229002867,0,13,-13
229002868,0,9,-9
229002869,3,31,-28
229002870,48,1,47
235000066,100,15,85
235000067,51,31,20
235000072,0,0,0
235000073,0,0,0
235000074,0,0,0
235000080,0,0,0
235000081,0,0,0
235000082,222,50,172
235000083,212,80,132
235000084,45,34,11
235000085,168,54,114
235000089,41,10,31
235000092,0,0,0
235000093,0,0,0
235000097,1,2,-1
235000098,25,5,20
235000099,17,2,15
235000116,22,18,4
235000117,426,8,418
235000133,0,0,0
235000134,0,0,0
235000206,2,2,0
235000207,0,0,0
235000208,2,0,2
235000209,13,0,13
235000210,4,1,3
235000212,0,0,0
235000213,0,0,0
235000220,0,0,0
235000221,0,0,0
235000238,28,240,-212
235000239,0,20,-20
235000242,201,981,-780
235000245,0,0,0
235000246,0,0,0
235000284,0,47,-47
235000295,11,0,11
235000305,211,23,188
235000306,545,2,543
235000307,32,0,32
235000308,7,1,6
235000309,94,0,94
235000310,20,0,20
235000311,45,7,38
235000322,0,17,-17
235000323,0,19,-19
235000324,0,12,-12
235000325,0,4,-4
235000326,1,36,-35
235000351,3,53,-50
235000352,14,63,-49
235000353,11,17,-6
235000354,1,8,-7
235000355,3,23,-20
235000356,60,0,60
235000357,37,0,37
235000358,11,0,11
235000359,0,3,-3
235000360,13,1,12
235000361,9,2,7
235000381,0,0,0
235000382,308,25,283
235000390,1,1,0
235000391,157,14,143
235000392,215,88,127
235000393,157,92,65
235000395,158,32,126
235000396,516,19,497
235000400,212,26,186
235000401,0,0,0
235000405,0,0,0
235000406,0,0,0
235000407,0,0,0
235000409,0,0,0
235000410,0,0,0
235000411,0,0,0
235000485,0,0,0
235000486,9,1,8
235000549,72,91,-19
235000550,0,0,0
235000599,0,0,0
235000600,0,0,0
235000601,16,15,1
235000602,87,34,53
235000614,0,0,0
235000648,0,0,0
235000649,4,5,-1
235000685,0,0,0
235000815,18,6,12
235000834,0,4,-4
235000855,29,33,-4
235000862,0,0,0
235000891,0,0,0
235000892,80,43,37
235000901,0,0,0
235000907,0,0,0
235001010,48,23,25
235001029,0,0,0
235001030,193,42,151
235001078,139,53,86
235001079,0,0,0
235001147,0,21,-21
235001166,2,49,-47
235001167,0,0,0
235001169,4,107,-103
235001188,0,0,0
235001189,0,0,0
235001197,0,0,0
235001200,0,0,0
235001208,2,5,-3
235001209,0,0,0
235001210,0,0,0
235001239,0,0,0
235001244,0,0,0
235016267,0,17,-17
241900007,63,2,61
277101746,0,1,-1
277102712,0,1,-1
277103813,0,0,0
277103814,0,0,0
277103898,0,1,-1
990011530,0,114,-114
990014944,0,75,-75
990015176,12,15,-3
990015618,0,71,-71
990016032,0,117,-117
990032570,5,247,-242
990070001,67,16,51
990070103,0,2,-2
990070601,0,9,-9
990070751,1635,1,1634
990070766,0,88,-88
990071180,442,55,387
990071343,16,0,16
990071387,0,0,0
990071823,465,6,459
990072600,0,419,-419
990072964,1,95,-94
990073285,0,0,0
990074393,0,277,-277
990074870,1409,3,1406
990075106,226,2,224
990075746,601,11,590
990076437,3041,6,3035
990076458,0,345,-345
997000007,136,3,133
997000041,2,313,-311
997000058,72,0,72
997000062,45,9,36
997000069,0,3,-3
997000070,0,7,-7
997000100,85,4,81
997000141,0,0,0
997000198,0,0,0
998000475,0,1,-1
998000736,0,64,-64
998000965,0,47,-47
998001031,0,45,-45
998001700,0,7,-7
998001899,0,0,0
998001900,12,12,0
998003073,1549,7,1542
998101900,0,0,0
998102850,0,56,-56
998501927,302,98,204
998501929,153,3,150
998501930,88,2,86
998501931,174,77,97
998501932,3,0,3
998501933,33,1,32
998501937,26,22,4
998501944,2,0,2
998501970,76,0,76
998501971,0,6,-6
998501972,197,0,197
998501973,0,5,-5
998501974,0,117,-117
998501975,116,4,112
998501976,46,3,43
998501977,1,57,-56
998501978,4,0,4
998501979,0,0,0
998501980,106,0,106
998501981,165,26,139
998501982,0,75,-75
998502006,0,0,0
998502024,0,6,-6
998502032,0,1,-1
998502062,9,5,4
998502063,0,0,0
998502173,7,0,7
998502269,0,0,0
998601159,1,25,-24
998601292,1,12,-11
999033574,0,691,-691
999800001,44,8,36
999800002,0,0,0
999800003,1,4,-3
999800004,0,5,-5
999800005,0,0,0
