ID,insum,outsum,diff
100000001,365,288,77
100000002,783,282,501
100000003,4366,912,3454
100000004,665,164,501
100000005,603,934,-331
100000006,40,30,10
100000007,192,164,28
100000008,42,365,-323
100000009,48,50,-2
100000010,1,19,-18
100000011,70,13,57
100000012,25,481,-456
100000013,6,101,-95
100000014,83,300,-217
100000015,154,254,-100
100000016,451,925,-474
100000017,253,780,-527
100000018,401,258,143
100000019,2725,948,1777
100000020,555,927,-372
100000021,4764,1052,3712
100000022,486,383,103
100000023,3852,503,3349
100000025,1686,221,1465
100000028,718,429,289
100000029,124,99,25
100000030,389,25,364
100000031,2074,1342,732
100000032,1320,1685,-365
100000033,211,985,-774
100000034,551,215,336
100000035,593,354,239
100000036,1010,478,532
100000037,152,176,-24
100000038,314,280,34
100000039,208,70,138
100000040,147,18,129
100000041,167,176,-9
100000042,117,162,-45
100000043,95,72,23
100000044,144,457,-313
100000045,186,1025,-839
100000046,269,977,-708
100000047,210,707,-497
100000048,373,657,-284
100000049,908,2007,-1099
100000051,200,891,-691
100000053,8,3,5
100000054,21,8,13
100000055,129,306,-177
100000056,65,218,-153
100000057,499,322,177
100000058,435,1058,-623
100000059,0,90,-90
100000060,99,200,-101
100000061,365,244,121
100000062,308,184,124
100000063,151,108,43
100000064,221,255,-34
100000065,176,1230,-1054
100000066,69,850,-781
100000067,138,645,-507
100000068,252,966,-714
100000069,139,1093,-954
100000072,227,1014,-787
100000073,524,882,-358
100000075,210,223,-13
100000076,730,711,19
100000077,340,26,314
100000078,69,8,61
100000079,28,31,-3
100000080,4,3,1
100000081,10,9,1
100000102,543,467,76
100000103,1488,450,1038
100000104,2040,623,1417
100000105,1747,320,1427
100000106,963,536,427
100000107,203,145,58
100000108,442,911,-469
100000109,1907,727,1180
100000116,686,286,400
100000117,9,5,4
100000118,768,602,166
100000119,198,515,-317
100000121,89,351,-262
100000122,267,411,-144
100000123,2614,2429,185
100000124,7491,2772,4719
100000125,2075,260,1815
100000126,314,132,182
100000127,815,259,556
100000128,700,537,163
100000129,264,252,12
100000130,181,377,-196
100000131,4200,1860,2340
100000132,1720,593,1127
100000133,8444,2100,6344
100000135,105,256,-151
100000139,68,307,-239
100000140,132,159,-27
100000142,56,152,-96
100000143,1145,730,415
100000144,2512,725,1787
100000147,358,768,-410
100000150,16,319,-303
100000151,178,249,-71
100000153,98,82,16
100000154,22,43,-21
100000155,2,10,-8
100000156,28,10,18
100000157,30,80,-50
100000158,14,81,-67
100000159,127,207,-80
100000165,574,454,120
100000169,194,93,101
100000174,718,154,564
100000179,39,365,-326
100000180,461,940,-479
100000181,30,388,-358
100000188,79,287,-208
100000189,214,161,53
100000190,148,153,-5
100000191,245,165,80
100000192,50,27,23
100000193,26,43,-17
100000330,1336,269,1067
100000355,42,335,-293
100000362,2598,2340,258
100000363,605,1233,-628
100000364,225,371,-146
100000365,1977,4264,-2287
100000366,3013,1868,1145
100000367,1247,1991,-744
100000368,1126,1215,-89
100000369,228,485,-257
100000370,36,165,-129
100000376,45,63,-18
100000379,689,459,230
100000380,955,710,245
100000384,3021,1062,1959
100000385,2490,1642,848
100000386,3843,984,2859
100000387,3592,1603,1989
100000388,9976,1647,8329
100000389,7681,1542,6139
100000390,8406,1658,6748
100000391,4614,1493,3121
100000392,1978,585,1393
100000393,588,468,120
100000394,3000,1535,1465
100000395,1432,437,995
100000396,2259,959,1300
100000397,1241,546,695
100000398,8562,5971,2591
100900002,0,0,0
100900003,30,30,0
100900004,22,1024,-1002
100900005,4,1,3
100900006,0,0,0
100900007,25,0,25
100900008,3,568,-565
100900009,8,9,-1
100900010,0,0,0
100900011,7,187,-180
100900012,1,314,-313
100900013,139,4,135
100900014,0,0,0
100900015,73,31,42
100900016,0,18,-18
100900017,59,16,43
100900018,0,0,0
100900019,0,0,0
100900020,23,0,23
100900021,415,0,415
100900022,0,0,0
100900023,0,0,0
100900024,12,0,12
100900025,0,0,0
100900026,2,74,-72
100900027,248,977,-729
100900028,13,64,-51
100900029,46,3,43
100900030,0,6,-6
100900031,81,2,79
100900032,30,0,30
100900033,90,24,66
100900034,37,0,37
100900035,15,0,15
100900036,0,0,0
100900037,2,156,-154
100900038,8,4,4
100900039,143,586,-443
100900040,36,886,-850
100900041,40,770,-730
100900042,124,25,99
100900043,0,0,0
100900044,1029,130,899
100900045,12,0,12
100900046,358,2,356
100900047,4,4,0
100900048,17,0,17
100900049,11,109,-98
100900050,0,2,-2
100900051,8,23,-15
100900052,25,0,25
100900053,87,16,71
100900054,1,85,-84
100900055,37,36,1
100900056,1,5,-4
100900057,144,174,-30
100900058,17,17,0
100900059,2,1,1
100900060,33,7,26
100900061,76,85,-9
100900062,0,57,-57
100900063,24,132,-108
100900064,287,5,282
100900065,5,8,-3
100900066,16,12,4
100900067,0,0,0
100900068,4,75,-71
100900069,15,0,15
100900070,39,1,38
100900071,173,50,123
100900072,1,42,-41
100900073,14,309,-295
100900074,0,0,0
100900075,2552,97,2455
100900076,2,8,-6
100900077,0,0,0
100900078,34,34,0
100900079,2,20,-18
100900080,0,0,0
100900081,2,18,-16
100900082,4,459,-455
100900083,0,30,-30
100900085,0,29,-29
100900086,14,141,-127
100900088,3,346,-343
100900089,0,15,-15
100900090,49,188,-139
100900091,0,0,0
100900092,38,44,-6
100900093,15,83,-68
100900094,12,476,-464
100900095,1,13,-12
100900096,11,67,-56
100900097,0,0,0
100900098,6,21,-15
100900099,7,287,-280
100900100,0,64,-64
100900101,139,8,131
100900102,0,2,-2
100900103,0,8,-8
100900104,3,86,-83
100900105,1,4,-3
100900106,15,1,14
100900107,883,153,730
100900108,1,1,0
100900109,0,9,-9
100900110,0,0,0
100900111,20,51,-31
100900112,0,0,0
100900113,2,10,-8
100900114,0,16,-16
100900115,0,0,0
100900116,223,97,126
100900117,72,110,-38
100900118,1,36,-35
100900119,0,18,-18
100900120,0,0,0
100900121,108,47,61
100900122,118,123,-5
100900123,1,13,-12
100900124,0,5,-5
100900125,5,16,-11
100900126,2,23,-21
100900127,0,1,-1
100900128,35,56,-21
100900129,0,29,-29
100900131,14,27,-13
100900133,3,13,-10
100900134,0,2,-2
100900135,0,17,-17
100900137,215,96,119
100900138,45,69,-24
100900139,0,0,0
100900140,3,674,-671
100900141,0,67,-67
100900142,0,0,0
100900143,575,109,466
100900144,8,1,7
100900145,4,37,-33
100900146,0,10,-10
100900147,0,125,-125
100900148,12,717,-705
100900149,0,9,-9
100900150,1,1,0
100900151,30,352,-322
100900152,0,0,0
100900153,2,85,-83
100900154,1,1,0
100900155,1,1,0
100900156,0,0,0
100900157,2,45,-43
100900158,195,35,160
100900159,0,2,-2
100900160,0,1,-1
100900161,0,0,0
100900162,3,56,-53
100900163,43,102,-59
100900164,3,2,1
100900165,12,24,-12
100900166,0,0,0
100900167,2,41,-39
100900168,1,19,-18
100900169,155,1329,-1174
100900170,0,0,0
100900171,12,741,-729
100900172,0,0,0
100900173,3,428,-425
100900174,0,1,-1
100900176,442,12,430
100900177,661,41,620
100900178,0,73,-73
100900179,20,17,3
100900180,0,0,0
100900181,0,0,0
100900182,0,0,0
100900184,0,0,0
100900186,469,185,284
100900187,1,64,-63
100900188,29,2,27
100900189,218,47,171
100900191,646,257,389
100900192,93,47,46
100900195,17,102,-85
100900197,0,0,0
100900198,1,55,-54
100900199,0,0,0
100900200,312,160,152
100900201,25,689,-664
100900202,2,0,2
100900203,0,28,-28
100900204,111,58,53
100900205,32,94,-62
100900206,16,15,1
100900207,26,33,-7
100900210,25,544,-519
100900211,54,23,31
100900213,6,7,-1
100900214,546,24,522
100900215,0,10,-10
100900217,20,15,5
101000001,2734,1129,1605
101000002,2233,1062,1171
101000003,522,628,-106
101000004,7310,2083,5227
101000005,4020,2724,1296
101000006,5696,3707,1989
101000007,1914,1560,354
101000008,1809,1391,418
101000009,933,1723,-790
101000010,379,973,-594
101000011,1367,305,1062
101000012,598,167,431
101000013,353,346,7
101000014,162,228,-66
101000015,438,645,-207
101000016,110,212,-102
101000017,202,316,-114
101000018,1750,1620,130
101000020,2445,568,1877
101000021,381,148,233
101000022,480,45,435
101000023,952,613,339
101000025,42,117,-75
101000026,191,14,177
101000027,747,932,-185
101000028,426,120,306
101000029,20,238,-218
101000030,404,33,371
101000031,237,135,102
101000032,2185,1175,1010
101000033,1484,721,763
101000034,1050,568,482
101000035,732,208,524
101000036,662,176,486
101000037,2095,476,1619
101000039,1858,388,1470
101000040,2630,923,1707
101000041,4768,727,4041
101000042,362,184,178
101000043,6458,1028,5430
101000045,517,78,439
101000046,1234,551,683
101000047,582,653,-71
101000048,363,230,133
101000049,533,362,171
101000050,1772,688,1084
101000051,3259,658,2601
101000052,1200,300,900
101000053,587,810,-223
101000054,1058,1010,48
101000055,1199,458,741
101000056,95,48,47
101000057,2344,319,2025
101000058,1333,281,1052
101000059,1473,469,1004
101000060,1310,124,1186
101000061,569,185,384
101000062,1529,194,1335
101000063,122,72,50
101000064,718,204,514
101000065,82,178,-96
101000066,36,23,13
101000067,349,158,191
101000068,170,102,68
101000069,233,52,181
101000070,1564,580,984
101000071,1252,366,886
101000072,1126,1484,-358
101000073,229,115,114
101000074,3389,948,2441
101000075,6933,2098,4835
101000077,622,576,46
101000078,664,958,-294
101000079,220,1397,-1177
101000080,495,1106,-611
101000081,413,555,-142
101000082,2235,1529,706
101000083,835,625,210
101000084,698,1053,-355
101000085,785,417,368
101000086,949,716,233
101000087,593,928,-335
101000088,393,418,-25
101000089,377,614,-237
101000090,1790,878,912
101000091,130,796,-666
101000092,594,645,-51
101000093,807,423,384
101000094,273,698,-425
101000095,134,563,-429
101000096,106,381,-275
101000097,138,165,-27
101000098,214,306,-92
101000099,917,550,367
101000100,630,300,330
101000101,142,211,-69
101000102,350,168,182
101000103,423,484,-61
101000104,120,131,-11
101000105,317,42,275
101000106,242,162,80
101000107,60,124,-64
101000108,882,171,711
101000109,83,28,55
101000110,19,482,-463
101000111,75,104,-29
101000113,58,192,-134
101000114,1171,651,520
101000115,38,67,-29
101000116,11,52,-41
101000117,15,166,-151
101000119,144,16,128
101000120,183,11,172
101000121,39,8,31
101000122,40,16,24
101000123,19,18,1
101000124,318,654,-336
101000125,54,221,-167
101000128,430,188,242
101000130,382,221,161
101000131,334,458,-124
101000132,190,1104,-914
101000135,85,10,75
101000136,212,119,93
101000137,26,143,-117
101000141,1496,533,963
101000147,534,475,59
101000148,1793,11,1782
101000149,42,8,34
101000150,21,838,-817
101000151,25,52,-27
101000152,142,239,-97
101000153,387,318,69
101000154,56,1467,-1411
101000155,53,90,-37
101000156,15,149,-134
101000157,27,11,16
101000160,5,31,-26
101000163,3,1,2
101000164,305,202,103
101000165,214,153,61
101000166,171,295,-124
101000168,232,126,106
101000252,261,305,-44
101000254,225,10,215
101000258,46,12,34
101000261,120,158,-38
101000262,165,421,-256
101000263,68,524,-456
101000265,37,232,-195
101000266,184,174,10
101000269,89,5,84
101000290,728,656,72
101000293,5,63,-58
101000294,311,312,-1
101000295,66,291,-225
101000301,421,84,337
101000304,1122,1409,-287
101000305,1207,931,276
101900001,7,22,-15
101900002,0,9,-9
101900003,34,55,-21
101900004,6,18,-12
101900005,3969,491,3478
101900006,267,6,261
101900007,164,10,154
101900008,47,33,14
101900009,17,15,2
101900010,370,124,246
101900011,117,74,43
101900012,11,9,2
101900013,758,25,733
101900017,11,27,-16
101900018,1033,58,975
101900019,34,27,7
101900020,70,56,14
101900021,1,10,-9
101900022,8,866,-858
101900023,7,176,-169
101900026,16,23,-7
101900027,3,58,-55
102000001,997,2143,-1146
102000002,1438,792,646
102000003,2519,1857,662
102000004,5485,1111,4374
102000005,813,1149,-336
102000006,944,545,399
102000007,1217,2470,-1253
102000008,4898,908,3990
102000009,3733,3483,250
102000010,4695,1657,3038
102000011,1417,1308,109
102000012,1737,1978,-241
102000018,2020,893,1127
102000019,1480,451,1029
102000026,165,148,17
102000029,289,66,223
102000030,32,116,-84
102000031,10,141,-131
102000032,90,204,-114
102000033,20,293,-273
102000034,297,209,88
102000035,605,252,353
102000036,3,94,-91
102000037,135,56,79
102000038,57,57,0
102000039,11,22,-11
102000040,194,42,152
102000041,39,77,-38
102000042,43,30,13
102000043,82,134,-52
102000044,89,282,-193
102000045,418,556,-138
102000046,489,206,283
102000047,415,685,-270
102000048,87,326,-239
102000049,332,274,58
102000050,393,610,-217
102000051,177,202,-25
102000052,469,584,-115
102000053,210,396,-186
102000054,117,413,-296
102000055,379,548,-169
102000056,227,468,-241
102000057,586,147,439
102000058,704,934,-230
102000059,445,986,-541
102000060,338,311,27
102000061,555,1835,-1280
102000062,328,577,-249
102000063,637,807,-170
102000064,373,448,-75
102000065,29,79,-50
102000066,548,826,-278
102000067,1473,1570,-97
102000068,4455,1400,3055
102000069,21,668,-647
102000070,1942,55,1887
102000071,4086,6515,-2429
102000072,2233,3620,-1387
102000073,221,665,-444
102000074,192,797,-605
102000075,30,208,-178
102000076,50,390,-340
102000077,117,997,-880
102000078,301,920,-619
102000079,42,157,-115
102000080,165,194,-29
102000081,121,559,-438
102000082,319,212,107
102000083,97,573,-476
102000084,41,213,-172
102000085,1062,903,159
102000086,619,725,-106
102000087,392,1506,-1114
102000088,117,171,-54
102000089,272,292,-20
102000090,199,701,-502
102000091,678,301,377
102000092,392,680,-288
102000093,344,345,-1
102000094,312,77,235
102000095,439,938,-499
102000096,759,236,523
102000097,1513,1165,348
102000098,298,792,-494
102000099,783,351,432
102000100,226,291,-65
102000101,490,149,341
102000102,262,393,-131
102000103,701,210,491
102000104,889,288,601
102000105,90,758,-668
102000106,164,829,-665
102000107,165,337,-172
102000108,176,273,-97
102000109,97,389,-292
102000110,118,749,-631
102000111,3,136,-133
102000112,48,52,-4
102000113,9,35,-26
102000114,437,127,310
102000115,154,56,98
102000116,62,127,-65
102000117,38,320,-282
102000118,660,613,47
102000119,1437,311,1126
102000120,33,257,-224
102000121,313,294,19
102000122,113,390,-277
102000123,723,403,320
102000124,510,414,96
102000125,391,281,110
102000126,276,342,-66
102000127,446,373,73
102000128,196,656,-460
102000129,335,549,-214
102000130,185,429,-244
102000131,289,363,-74
102000132,145,251,-106
102000133,650,2027,-1377
102000134,191,534,-343
102000135,669,330,339
102000136,555,153,402
102000137,456,441,15
102000138,175,317,-142
102000139,45,300,-255
102000140,140,228,-88
102000141,122,532,-410
102000142,78,261,-183
102000143,25,303,-278
102000144,47,328,-281
102000145,59,257,-198
102000146,125,199,-74
102000147,135,108,27
102000148,46,142,-96
102000149,73,363,-290
102000150,39,125,-86
102000151,38,188,-150
102000152,35,79,-44
102000153,274,119,155
102000154,186,298,-112
102000155,51,147,-96
102000156,95,44,51
102000157,28,89,-61
102000158,170,95,75
102000159,1336,58,1278
102000161,2661,349,2312
102000162,145,47,98
102000163,57,118,-61
102000164,610,216,394
102000165,169,51,118
102000166,8,39,-31
102000167,41,115,-74
102000168,71,57,14
102000169,60,151,-91
102000170,472,71,401
102000171,51,44,7
102000172,13,80,-67
102000173,115,109,6
102000174,14,47,-33
102000175,37,35,2
102000176,8,13,-5
102000178,107,361,-254
102000179,56,114,-58
102000180,165,395,-230
102000181,93,597,-504
102000182,167,626,-459
102000183,423,617,-194
102000184,396,798,-402
102000185,427,467,-40
102000186,310,1564,-1254
102000187,242,1407,-1165
102000188,97,584,-487
102000189,2319,700,1619
102000190,342,838,-496
102000191,697,155,542
102000192,365,627,-262
102000193,8,143,-135
102000194,30,109,-79
102000195,146,346,-200
102000196,21,364,-343
102000197,107,383,-276
102000198,42,663,-621
102000199,99,325,-226
102000200,95,695,-600
102000201,146,368,-222
102000202,1,82,-81
102000203,62,212,-150
102000204,90,410,-320
102000205,221,317,-96
102000206,135,507,-372
102000207,142,191,-49
102000208,95,399,-304
102000209,5,62,-57
102000210,48,526,-478
102000211,67,357,-290
102000212,11,12,-1
102000213,4,342,-338
102000214,38,5,33
102000215,2,504,-502
102000216,6,8,-2
102000217,7,201,-194
102000218,32,15,17
102000219,253,399,-146
102000225,158,54,104
102000226,2538,128,2410
102000227,8,0,8
102000228,1,104,-103
102000229,5,33,-28
102000230,41,297,-256
102000231,122,229,-107
102000232,5,72,-67
102000233,209,288,-79
102000234,17,228,-211
102000236,287,66,221
102000237,157,115,42
102000238,122,132,-10
102000240,371,335,36
102000241,197,68,129
102000243,7,13,-6
102000245,26,54,-28
102000246,10,14,-4
102000247,228,380,-152
102000248,117,279,-162
102000249,47,141,-94
102000250,15,285,-270
102000254,25,287,-262
102000266,22,156,-134
102000271,5,0,5
102000286,275,152,123
102000297,697,344,353
102000299,0,0,0
102000301,0,0,0
102000305,0,0,0
102000307,0,3,-3
102000308,0,6,-6
102900001,203,198,5
102900002,94,2,92
102900003,9,229,-220
102900005,23,79,-56
102900006,88,52,36
102900007,73,9,64
102900008,51,20,31
102900009,0,0,0
102900010,89,211,-122
102900011,1449,127,1322
102900012,133,25,108
102900013,0,0,0
102900015,277,71,206
102900016,0,0,0
102900017,0,0,0
102900018,0,0,0
102900019,41,184,-143
102900020,2,6,-4
102900021,0,0,0
102900022,156,23,133
102900023,0,0,0
102900024,3,14,-11
102900025,0,0,0
102900026,184,300,-116
102900027,10,26,-16
102900028,31,92,-61
102900029,40,47,-7
102900030,32,48,-16
102900031,28,43,-15
102900032,3,118,-115
102900033,0,0,0
102900034,64,34,30
102900035,25,368,-343
102900036,40,306,-266
102900037,143,363,-220
102900038,182,196,-14
102900039,10,147,-137
102900040,46,87,-41
102900041,16,109,-93
102900042,54,230,-176
102900043,38,183,-145
102900044,174,1378,-1204
102900045,40,341,-301
102900046,38,253,-215
102900047,24,476,-452
102900048,194,590,-396
102900049,23,207,-184
102900050,125,263,-138
102900051,62,128,-66
102900052,0,0,0
102900053,96,413,-317
102900054,187,346,-159
102900055,0,0,0
102900056,37,281,-244
102900057,0,0,0
102900058,137,10,127
102900059,0,0,0
102900060,41,212,-171
102900061,40,288,-248
102900062,17,1142,-1125
102900063,135,113,22
102900064,44,167,-123
102900065,332,165,167
102900066,66,6,60
102900068,30,25,5
102900070,56,516,-460
102900072,8,19,-11
102900073,70,8,62
102900075,0,0,0
102900076,0,0,0
102900077,0,0,0
102900078,0,0,0
102900079,62,0,62
102900080,41,6,35
102900081,58,144,-86
102900082,5,122,-117
102900083,0,0,0
102900084,0,0,0
102900085,0,0,0
102900086,0,0,0
102900087,13,42,-29
102900088,1,21,-20
102900089,136,66,70
102900090,2,482,-480
102900091,18,0,18
102900092,65,802,-737
102900093,84,90,-6
102900094,1,28,-27
102900095,4,0,4
102900096,19,9,10
102900097,1,106,-105
103000001,1148,1575,-427
103000002,826,1117,-291
103000003,1659,1449,210
103000004,605,519,86
103000005,1116,974,142
103000006,274,609,-335
103000007,203,574,-371
103000008,274,794,-520
103000009,248,454,-206
103000010,44,85,-41
103000011,1083,732,351
103000012,647,454,193
103000013,5164,1281,3883
103000014,746,569,177
103000015,1772,668,1104
103000016,192,353,-161
103000017,22,63,-41
103000018,600,249,351
103000019,33,39,-6
103000020,703,918,-215
103000021,355,433,-78
103000022,427,855,-428
103000023,127,429,-302
103000024,67,80,-13
103000025,28,41,-13
103000026,1363,66,1297
103000027,122,68,54
103000028,600,164,436
103000029,457,112,345
103000030,1926,345,1581
103000031,772,550,222
103000032,963,955,8
103000033,1402,1080,322
103000034,1091,602,489
103000035,228,495,-267
103000036,242,165,77
103000037,527,375,152
103000038,301,392,-91
103000039,50,321,-271
103000040,111,765,-654
103000041,846,1983,-1137
103000042,296,453,-157
103000043,151,872,-721
103000044,53,158,-105
103000046,152,183,-31
103000047,199,451,-252
103000048,89,84,5
103000049,48,137,-89
103000050,198,477,-279
103000051,129,265,-136
103000052,314,305,9
103000053,42,196,-154
103000054,838,576,262
103000055,701,805,-104
103000056,284,1132,-848
103000057,224,244,-20
103000058,135,607,-472
103000059,179,494,-315
103000060,407,552,-145
103000061,190,451,-261
103000062,443,583,-140
103000063,284,378,-94
103000064,36,230,-194
103000065,2,215,-213
103000066,67,5,62
103000069,35,247,-212
103000070,281,955,-674
103000071,276,163,113
103000072,46,748,-702
103000073,61,75,-14
103000074,103,38,65
103000075,70,717,-647
103000076,58,31,27
103000077,18,303,-285
103000078,415,86,329
103000079,867,264,603
103000080,366,74,292
103000081,224,321,-97
103000082,89,76,13
103000083,36,293,-257
103000084,0,0,0
103000085,0,48,-48
103000086,208,89,119
103000087,46,233,-187
103000088,137,249,-112
103000089,76,179,-103
103000090,746,776,-30
103000091,183,275,-92
103000092,76,173,-97
103000093,153,416,-263
103000094,39,68,-29
103000095,8,289,-281
103000096,189,72,117
103000097,28,411,-383
103000098,482,34,448
103000099,130,359,-229
103000100,36,743,-707
103000101,198,97,101
103000102,38,493,-455
103000103,124,117,7
103000104,10,124,-114
103000105,28,61,-33
103000106,0,83,-83
103000107,178,49,129
103000108,282,353,-71
103000109,185,222,-37
103000110,232,227,5
103000111,217,257,-40
103000112,134,152,-18
103000113,152,407,-255
103000114,238,220,18
103000115,198,274,-76
103000116,158,346,-188
103000117,77,321,-244
103000118,729,872,-143
103000119,1512,613,899
103000120,34,102,-68
103000121,119,286,-167
103000122,88,90,-2
103000125,1,495,-494
103000126,94,4,90
103000127,2,388,-386
103000128,39,2,37
103000129,1,210,-209
103000130,19,14,5
103000131,227,72,155
103000132,65,62,3
103000133,5,284,-279
103000134,261,145,116
103000135,621,84,537
103000136,534,155,379
103000137,148,200,-52
103000138,326,170,156
103000139,0,37,-37
103000140,58,10,48
103000141,9,58,-49
103000142,60,34,26
103000143,8,185,-177
103000144,37,60,-23
103000145,8,50,-42
103000150,36,52,-16
103000152,78,131,-53
103000153,41,100,-59
103000156,4,597,-593
103000157,89,3,86
103000159,72,97,-25
103000162,11,10,1
103000163,4,3,1
103000164,3,2,1
103000165,96,359,-263
103000166,19,28,-9
103000167,36,94,-58
103000168,27,108,-81
103000169,32,68,-36
103000170,370,417,-47
103000171,13,39,-26
103000172,78,171,-93
103000173,115,565,-450
103000174,100,193,-93
103000175,75,424,-349
103000176,384,120,264
103000177,416,242,174
103000178,217,159,58
103000179,26,14,12
103000183,6,50,-44
103000185,23,48,-25
103000186,59,114,-55
103000187,145,526,-381
103000188,9,74,-65
103000189,270,821,-551
103000191,242,412,-170
103000292,1976,300,1676
103000293,1298,367,931
103000295,36,39,-3
103000296,63,5,58
103000297,66,6,60
103000504,85,7,78
103000505,9,8,1
103000506,0,170,-170
103000507,56,2,54
103000508,42,17,25
103000509,131,418,-287
103900001,0,182,-182
103900002,898,41,857
103900003,830,57,773
103900004,2,0,2
103900005,1,163,-162
103900006,0,0,0
103900007,0,4,-4
103900008,0,0,0
103900009,35,136,-101
103900010,41,161,-120
103900011,26,174,-148
103900012,4,7,-3
103900013,12,94,-82
103900014,6,9,-3
103900015,24,9,15
103900016,94,278,-184
103900017,14,71,-57
103900018,518,72,446
103900019,10,73,-63
103900020,44,91,-47
103900021,32,3,29
103900022,261,357,-96
103900023,19,0,19
103900024,52,505,-453
103900025,3,26,-23
103900026,1,0,1
103900027,64,120,-56
103900028,4,117,-113
103900029,315,132,183
103900030,36,4,32
103900031,5,0,5
103900032,6,3,3
103900033,11,4,7
103900034,6,163,-157
103900035,38,72,-34
103900036,14,8,6
103900037,8,8,0
103900038,25,50,-25
103900039,8,342,-334
103900040,0,151,-151
103900041,2,13,-11
103900042,3,367,-364
103900043,11,46,-35
103900044,101,36,65
103900045,35,78,-43
103900047,5,36,-31
103900048,20,2,18
103900049,156,745,-589
103900050,0,55,-55
103900051,0,19,-19
103900052,48,319,-271
103900053,46,871,-825
103900054,16,399,-383
103900055,74,92,-18
103900056,7,38,-31
103900057,1,213,-212
103900058,38,580,-542
103900059,0,2,-2
103900060,3,102,-99
103900061,7,38,-31
103900062,23,35,-12
103900063,0,0,0
103900064,10,1,9
103900065,515,175,340
103900066,8,2,6
103900067,10,2,8
103900068,1,0,1
103900069,0,3,-3
103900070,17,167,-150
103900071,9,174,-165
103900072,4,260,-256
103900073,3,3,0
103900074,10,51,-41
103900075,22,48,-26
103900076,127,492,-365
103900077,21,8,13
103900078,18,63,-45
103900079,60,150,-90
103900080,2,6,-4
103900081,0,0,0
103900082,2,34,-32
103900083,1236,111,1125
103900084,7,90,-83
103900085,26,23,3
103900086,96,138,-42
103900087,20,51,-31
103900088,297,73,224
103900089,13,101,-88
103900090,0,91,-91
103900091,383,107,276
103900092,76,235,-159
103900093,48,316,-268
103900094,3,125,-122
103900095,23,97,-74
103900096,9,243,-234
103900097,2,319,-317
103900098,59,23,36
103900099,5,193,-188
103900100,31,284,-253
103900101,19,490,-471
103900102,0,11,-11
103900104,16,10,6
103900105,66,75,-9
103900106,0,17,-17
103900107,9,135,-126
103900108,25,338,-313
103900109,10,43,-33
103900110,65,16,49
103900111,11,669,-658
103900112,0,20,-20
103900113,50,74,-24
103900114,277,208,69
103900115,128,20,108
103900116,3280,261,3019
103900117,212,96,116
103900119,7,19,-12
103900120,4,42,-38
103900122,9,295,-286
103900123,849,243,606
103900124,11,470,-459
103900125,30,67,-37
103900126,68,237,-169
103900127,57,528,-471
103900128,18,193,-175
103900131,11,76,-65
103900133,235,6,229
103900134,0,0,0
103900135,0,1,-1
103900137,0,15,-15
103900138,2,120,-118
103900139,88,276,-188
103900140,0,0,0
103900141,85,28,57
103900142,1,25,-24
103900143,2,0,2
103900144,0,12,-12
103900145,49,215,-166
103900146,68,213,-145
103900147,71,80,-9
103900148,19,153,-134
103900149,11,525,-514
103900150,4086,549,3537
103900151,8,77,-69
103900152,34,515,-481
103900153,10,0,10
103900154,931,228,703
103900155,6,113,-107
103900156,5,95,-90
103900157,1,172,-171
103900158,8,135,-127
103900159,12,42,-30
103900160,4,2,2
103900161,18,81,-63
103900162,32,146,-114
103900163,1,215,-214
103900167,4,18,-14
103900168,13,56,-43
103900169,4,11,-7
103900170,1,70,-69
103900171,0,37,-37
103900172,9,20,-11
103900173,0,1,-1
103900174,16,25,-9
103900175,28,9,19
103900176,2,14,-12
103900177,3,21,-18
103900178,7,47,-40
103900179,8,142,-134
103900180,2,89,-87
103900181,20,16,4
103900182,31,2,29
103900184,335,12,323
103900185,127,15,112
103900187,42,4,38
103900188,24,2,22
103900189,49,4,45
103900190,4,23,-19
103900191,2,42,-40
103900192,9,47,-38
103900193,78,49,29
103900194,7,219,-212
103900195,0,10,-10
103900196,2,5,-3
103900197,0,11,-11
103900198,1,28,-27
103900199,17,40,-23
103900200,10,48,-38
103900201,10,101,-91
103900202,1,31,-30
103900203,4,4,0
103900204,1,108,-107
103900207,0,116,-116
103900208,5,0,5
103900209,4,85,-81
103900210,7,9,-2
103900211,56,367,-311
103900212,17,367,-350
103900213,24,164,-140
103900214,1,3,-2
103900215,494,153,341
103900216,3,385,-382
103900217,7,15,-8
103900218,2,75,-73
103900219,15,111,-96
103900233,33,1,32
103900235,10,6,4
103900236,8,0,8
103900242,0,2,-2
103900243,1,0,1
103900244,7,187,-180
103900245,8,156,-148
103900246,10,11,-1
103900247,8,96,-88
103900248,0,1,-1
103900249,0,1,-1
103900250,0,2,-2
103900251,0,3,-3
103900253,7,5,2
103900254,2,1,1
103900255,0,4,-4
103900256,1,6,-5
103900257,39,14,25
103900258,0,0,0
103900259,38,4,34
103900261,1,2,-1
103900262,0,1,-1
103900263,11,4,7
103900264,5,2,3
103900265,14,1,13
103900266,0,14,-14
103900267,2,24,-22
103900268,1,68,-67
103900269,36,23,13
103900270,5,74,-69
103900271,6,147,-141
104000001,1072,1584,-512
104000002,947,1639,-692
104000003,1241,1344,-103
104000004,2447,1653,794
104000005,502,973,-471
104000006,1421,1647,-226
104000007,2184,2144,40
104000008,185,431,-246
104000009,53,112,-59
104000010,33,69,-36
104000011,479,409,70
104000012,55,464,-409
104000013,32,38,-6
104000014,129,642,-513
104000015,57,63,-6
104000016,131,349,-218
104000018,245,66,179
104000019,146,46,100
104000020,66,783,-717
104000021,113,686,-573
104000022,44,251,-207
104000023,264,181,83
104000024,55,152,-97
104000026,10,55,-45
104000027,91,361,-270
104000028,102,157,-55
104000029,164,531,-367
104000030,60,155,-95
104000031,118,101,17
104000032,64,281,-217
104000033,156,131,25
104000034,131,365,-234
104000035,153,268,-115
104000036,165,418,-253
104000037,108,227,-119
104000038,159,174,-15
104000039,64,367,-303
104000040,287,387,-100
104000041,196,177,19
104000042,110,391,-281
104000043,196,256,-60
104000044,103,618,-515
104000045,341,901,-560
104000046,753,898,-145
104000047,325,785,-460
104000048,783,1412,-629
104000049,89,195,-106
104000050,84,414,-330
104000051,39,534,-495
104000052,377,985,-608
104000053,253,296,-43
104000054,221,490,-269
104000055,2464,1638,826
104000056,831,89,742
104000057,46,451,-405
104000058,310,512,-202
104000059,157,587,-430
104000060,171,650,-479
104000061,418,713,-295
104000062,22,22,0
104000064,322,175,147
104000065,37,191,-154
104000069,1136,285,851
104000070,22,180,-158
104000071,72,289,-217
104000072,65,36,29
104000075,15,83,-68
104000076,121,35,86
104000082,910,1108,-198
104000083,315,89,226
104000084,83,353,-270
104000085,79,90,-11
104000086,91,385,-294
104000087,155,343,-188
104000090,251,1103,-852
104000092,255,1936,-1681
104000094,345,1536,-1191
104000095,767,920,-153
104000096,275,364,-89
104000097,281,456,-175
104000098,240,670,-430
104000100,268,344,-76
104000101,543,983,-440
104000106,110,237,-127
104000107,179,377,-198
104000108,135,339,-204
104000109,138,24,114
104000110,545,499,46
104000111,2901,710,2191
104000112,1326,318,1008
104000116,4,1238,-1234
104000117,11,774,-763
104000118,87,153,-66
104000119,119,134,-15
104000120,20,759,-739
104000121,91,406,-315
104000122,277,475,-198
104000123,532,628,-96
104000124,1256,1367,-111
104000125,3913,1565,2348
104000126,145,312,-167
104000127,1008,2226,-1218
104000128,252,325,-73
104000129,271,15,256
104000130,9,135,-126
104000131,911,632,279
104000132,436,853,-417
104000133,640,526,114
104000134,516,837,-321
104000135,204,512,-308
104000136,566,1037,-471
104000137,1264,80,1184
104000138,1116,202,914
104000139,7844,1713,6131
104000141,1045,1386,-341
104000142,299,812,-513
104000143,244,691,-447
104000144,30,78,-48
104000145,89,67,22
104000146,335,357,-22
104000147,69,258,-189
104000148,41,42,-1
104000149,86,357,-271
104000150,187,181,6
104000151,212,723,-511
104000152,216,918,-702
104000153,62,155,-93
104000154,842,709,133
104000155,109,215,-106
104000157,814,1317,-503
104000158,121,184,-63
104000159,170,184,-14
104000160,1045,725,320
104000161,122,45,77
104000162,9,64,-55
104000165,505,365,140
104000167,104,196,-92
104000168,123,5,118
104000169,0,0,0
104000170,851,148,703
104000248,1,543,-542
104000251,29,288,-259
104000272,3,0,3
104000273,0,5,-5
104000274,0,0,0
104000275,2,0,2
104000279,488,432,56
104000290,38,254,-216
104000291,475,493,-18
104000293,305,406,-101
104000294,0,0,0
104000295,249,545,-296
104000296,124,422,-298
104000297,524,1021,-497
104000298,1079,483,596
104000299,303,850,-547
104900001,14,76,-62
104900002,4,21,-17
104900003,10,318,-308
104900004,16,314,-298
104900005,38,94,-56
104900006,40,30,10
104900007,67,111,-44
104900009,11,297,-286
104900010,1,0,1
104900011,0,1,-1
104900012,14,0,14
104900013,13,0,13
104900014,1910,131,1779
104900015,38,1,37
104900016,36,270,-234
104900017,1,150,-149
104900018,1,117,-116
104900019,76,184,-108
104900020,18,137,-119
104900021,0,0,0
104900022,3,85,-82
104900023,0,0,0
104900024,12,49,-37
104900025,26,225,-199
104900026,0,0,0
104900027,24,29,-5
104900028,14,73,-59
104900029,0,0,0
104900030,76,28,48
104900031,69,129,-60
104900032,13,68,-55
104900033,0,0,0
104900034,57,16,41
104900035,13,17,-4
104900036,18,18,0
104900037,24,146,-122
104900038,145,111,34
104900039,0,0,0
104900040,15,39,-24
104900041,0,0,0
104900042,30,213,-183
104900043,0,0,0
104900044,32,47,-15
104900045,0,0,0
104900046,12,51,-39
104900047,18,31,-13
104900048,23,18,5
104900049,0,0,0
104900050,32,35,-3
104900051,5,5,0
104900052,0,0,0
104900053,45,2,43
104900054,14,4,10
104900055,0,0,0
104900056,11,0,11
104900057,30,0,30
104900058,85,32,53
104900059,0,0,0
104900060,3,247,-244
104900061,136,466,-330
104900063,0,65,-65
104900064,0,79,-79
104900065,1,67,-66
104900066,1,139,-138
104900067,3,145,-142
104900068,2,136,-134
104900070,18,251,-233
104900071,1,656,-655
104900072,8,128,-120
104900073,2,124,-122
104900074,20,146,-126
104900075,7,27,-20
104900076,40,409,-369
104900077,418,16,402
104900078,53,652,-599
104900079,71,59,12
104900080,17,399,-382
104900082,1,54,-53
104900085,1,123,-122
104900087,73,1,72
104900089,0,0,0
104900090,59,35,24
104900091,162,457,-295
104900093,85,301,-216
104900097,1661,531,1130
104900098,7,14,-7
104900099,94,193,-99
104900100,452,75,377
104900102,11,145,-134
104900103,277,44,233
104900104,1224,305,919
104900106,4,78,-74
104900107,13,234,-221
104900108,6,105,-99
104900109,2,46,-44
104900110,2,15,-13
104900111,38,33,5
104900112,85,574,-489
104900113,172,239,-67
104900114,55,524,-469
104900115,119,304,-185
104900116,22,228,-206
104900118,0,38,-38
104900119,0,18,-18
104900120,0,0,0
104900121,0,0,0
104900122,0,0,0
104900123,0,0,0
104900124,0,0,0
104900125,63,1,62
104900126,16,22,-6
104900127,2,0,2
104900128,0,16,-16
104900129,1128,254,874
105000001,1224,1322,-98
105000002,796,1131,-335
105000003,1241,2370,-1129
105000004,234,661,-427
105000005,341,726,-385
105000006,453,739,-286
105000007,224,645,-421
105000008,313,857,-544
105000009,436,1047,-611
105000010,1856,2035,-179
105000011,757,791,-34
105000012,2811,2844,-33
105000013,389,362,27
105000014,603,953,-350
105000015,4292,2021,2271
105000016,2390,1183,1207
105000017,799,702,97
105000018,531,584,-53
105000019,711,564,147
105000020,74,250,-176
105000021,182,103,79
105000022,48,21,27
105000023,175,75,100
105000028,50,125,-75
105000029,150,453,-303
105000030,2605,2954,-349
105000033,679,1865,-1186
105000034,39,292,-253
105000037,383,370,13
105000038,563,487,76
105000039,2876,2119,757
105000040,179,292,-113
105000041,458,1394,-936
105000042,1043,464,579
105000043,2086,2628,-542
105000044,129,156,-27
105000045,158,931,-773
105000046,200,214,-14
105000047,232,1488,-1256
105000048,90,75,15
105000049,190,635,-445
105000050,84,35,49
105000051,129,405,-276
105000052,87,526,-439
105000053,62,151,-89
105000054,80,656,-576
105000055,141,351,-210
105000056,349,1765,-1416
105000057,507,768,-261
105000058,590,962,-372
105000059,103,222,-119
105000060,176,426,-250
105000061,66,216,-150
105000062,328,912,-584
105000063,122,554,-432
105000064,222,374,-152
105000065,108,795,-687
105000066,356,1589,-1233
105000067,171,263,-92
105000068,298,632,-334
105000069,1517,244,1273
105000070,463,404,59
105000071,20,88,-68
105000072,275,220,55
105000073,337,233,104
105000074,495,821,-326
105000075,254,504,-250
105000076,586,848,-262
105000077,1009,602,407
105000078,700,522,178
105000079,870,1119,-249
105000080,628,623,5
105000081,526,534,-8
105000082,129,282,-153
105000083,383,451,-68
105000084,301,807,-506
105000085,489,422,67
105000086,246,670,-424
105000087,1558,1328,230
105000088,687,509,178
105000089,2621,2286,335
105000090,847,1006,-159
105000091,1607,1962,-355
105000092,351,1185,-834
105000093,227,142,85
105000094,120,109,11
105000095,67,286,-219
105000096,369,363,6
105000097,481,426,55
105000098,142,257,-115
105000099,307,734,-427
105000100,880,776,104
105000101,1019,1687,-668
105000102,1048,1060,-12
105000103,812,1753,-941
105000104,475,629,-154
105000105,304,1331,-1027
105000106,420,1116,-696
105000107,236,514,-278
105000108,402,944,-542
105000109,504,1275,-771
105000110,206,465,-259
105000111,155,382,-227
105000112,416,490,-74
105000113,101,286,-185
105000114,2165,497,1668
105000115,197,324,-127
105000116,98,155,-57
105000117,295,1050,-755
105000118,61,149,-88
105000119,192,924,-732
105000120,122,266,-144
105000121,378,897,-519
105000122,101,245,-144
105000123,430,915,-485
105000124,322,548,-226
105000125,227,1262,-1035
105000126,730,1699,-969
105000127,1044,1337,-293
105000128,168,892,-724
105000129,168,204,-36
105000130,43,273,-230
105000131,251,229,22
105000132,273,171,102
105000133,168,881,-713
105000134,116,204,-88
105000135,179,512,-333
105000136,35,289,-254
105000137,24,33,-9
105000138,118,310,-192
105000139,525,970,-445
105000140,20,85,-65
105000141,75,487,-412
105000142,17,115,-98
105000143,102,509,-407
105000144,153,521,-368
105000145,91,247,-156
105000146,105,489,-384
105000147,37,42,-5
105000148,119,79,40
105000149,175,145,30
105000150,1032,1046,-14
105000151,131,168,-37
105000152,42,420,-378
105000153,186,307,-121
105000154,184,636,-452
105000155,59,369,-310
105000156,344,673,-329
105000157,517,1288,-771
105000158,614,564,50
105000159,212,940,-728
105000160,477,382,95
105000161,310,1514,-1204
105000162,108,534,-426
105000163,593,798,-205
105000164,119,153,-34
105000165,812,1143,-331
105000166,4983,145,4838
105000167,1885,760,1125
105000168,25,622,-597
105000169,117,402,-285
105000170,25,666,-641
105000171,635,239,396
105000172,0,1,-1
105000173,1,0,1
105000174,2,3,-1
105000175,46,115,-69
105000176,28,39,-11
105000177,21,68,-47
105000178,33,195,-162
105000179,70,74,-4
105000180,40,94,-54
105000181,19,98,-79
105000182,21,50,-29
105000183,1622,589,1033
105000184,942,656,286
105000185,327,214,113
105000186,206,1128,-922
105000187,158,89,69
105000188,57,39,18
105000189,55,611,-556
105000190,15,49,-34
105000191,163,373,-210
105000192,22,73,-51
105000193,27,97,-70
105000194,43,48,-5
105000195,111,923,-812
105000196,15,25,-10
105000197,81,436,-355
105000198,283,167,116
105000199,72,77,-5
105000200,45,225,-180
105000201,16,15,1
105000203,2,229,-227
105000204,31,91,-60
105000205,75,228,-153
105000207,561,183,378
105000208,5,3,2
105000209,127,304,-177
105000212,252,1033,-781
105000213,89,110,-21
105000214,28,152,-124
105000215,7,134,-127
105000216,27,344,-317
105000217,57,369,-312
105000218,152,476,-324
105000221,129,188,-59
105000222,7,37,-30
105000223,38,91,-53
105000226,4,90,-86
105000227,8,49,-41
105000228,71,549,-478
105000229,30,93,-63
105000231,2,1,1
105000233,246,310,-64
105000234,438,1101,-663
105000235,66,250,-184
105000237,165,15,150
105000243,16,181,-165
105000248,40,31,9
105000262,70,1401,-1331
105000269,22,77,-55
105000270,83,132,-49
105000271,5,196,-191
105000282,28,28,0
105000287,225,73,152
105000288,118,216,-98
105000289,336,436,-100
105000290,0,0,0
105000402,3619,1349,2270
105000426,147,323,-176
105000438,319,335,-16
105000446,8334,3002,5332
105000447,5138,1725,3413
105000454,86,689,-603
105000455,97,160,-63
105000474,0,0,0
105000477,46,171,-125
105000478,438,592,-154
105000479,54,98,-44
105000480,761,702,59
105000481,833,938,-105
105000482,2664,1951,713
105000483,415,646,-231
105000484,1310,1869,-559
105000485,602,985,-383
105000486,1704,1719,-15
105000488,1850,1716,134
105000489,181,467,-286
105000549,3,12,-9
105000550,249,806,-557
105000551,17,73,-56
105000552,2743,1307,1436
105900001,3,453,-450
105900002,1093,146,947
105900003,4,49,-45
105900004,419,72,347
105900005,1,183,-182
105900006,0,27,-27
105900007,26,14,12
105900008,23,585,-562
105900009,3,15,-12
105900011,26,52,-26
105900012,105,149,-44
105900013,0,12,-12
105900014,1,64,-63
105900015,64,253,-189
105900016,61,554,-493
105900017,262,51,211
105900018,131,162,-31
105900019,17,544,-527
105900020,18,28,-10
105900021,5,380,-375
105900022,111,243,-132
105900023,1,108,-107
105900024,3,185,-182
105900025,16,34,-18
105900026,109,14,95
105900027,2588,1072,1516
105900028,20,113,-93
105900029,1465,295,1170
105900030,74,228,-154
105900031,155,152,3
105900032,12,77,-65
105900033,10,101,-91
105900034,35,181,-146
105900035,52,110,-58
105900036,5,96,-91
105900037,37,57,-20
105900038,55,166,-111
105900039,17,135,-118
105900040,12,72,-60
105900041,97,200,-103
105900042,11,53,-42
105900043,1078,78,1000
105900044,2,77,-75
105900045,1,342,-341
105900046,1,104,-103
105900047,7,7,0
105900048,7,294,-287
105900050,239,497,-258
105900051,3,756,-753
105900052,80,11,69
105900053,2647,362,2285
105900054,171,153,18
105900056,526,36,490
105900057,4,128,-124
105900058,1,13,-12
105900059,0,7,-7
106000001,1061,408,653
106000002,1326,2180,-854
106000003,1665,792,873
106000004,1621,1454,167
106000005,1027,1820,-793
106000006,3503,3231,272
106000007,231,262,-31
106000008,230,231,-1
106000009,172,184,-12
106000010,304,379,-75
106000011,181,468,-287
106000012,352,1189,-837
106000013,681,871,-190
106000014,1150,1439,-289
106000015,425,556,-131
106000016,640,1763,-1123
106000017,405,436,-31
106000018,255,544,-289
106000019,121,276,-155
106000020,78,377,-299
106000021,161,289,-128
106000022,136,301,-165
106000023,257,195,62
106000024,207,636,-429
106000025,93,93,0
106000026,97,271,-174
106000027,132,256,-124
106000028,267,730,-463
106000029,472,1393,-921
106000030,590,173,417
106000034,175,411,-236
106000035,225,369,-144
106000036,274,216,58
106000037,696,964,-268
106000038,171,34,137
106000039,59,43,16
106000040,67,523,-456
106000041,298,211,87
106000043,158,35,123
106000046,128,16,112
106000047,12,280,-268
106000049,98,45,53
106000050,116,625,-509
106000051,81,118,-37
106000052,30,561,-531
106000053,4,0,4
106000054,195,312,-117
106000055,102,193,-91
106000056,204,428,-224
106000057,3,0,3
106000058,85,197,-112
106000059,40,97,-57
106000060,354,535,-181
106000061,34,154,-120
106000062,129,484,-355
106000063,88,183,-95
106000064,34,350,-316
106000065,36,48,-12
106000066,41,279,-238
106000067,34,47,-13
106000068,18,418,-400
106000069,33,48,-15
106000070,110,549,-439
106000071,88,121,-33
106000072,2667,654,2013
106000073,894,737,157
106000074,134,361,-227
106000075,126,508,-382
106000076,443,844,-401
106000077,1037,597,440
106000078,162,488,-326
106000079,168,708,-540
106000080,262,549,-287
106000081,129,642,-513
106000082,1077,647,430
106000083,108,518,-410
106000084,139,362,-223
106000085,586,532,54
106000086,142,311,-169
106000087,167,288,-121
106000088,77,484,-407
106000089,183,301,-118
106000090,70,434,-364
106000091,148,350,-202
106000092,121,109,12
106000093,32,22,10
106000094,56,308,-252
106000095,63,783,-720
106000096,115,438,-323
106000097,163,1124,-961
106000098,114,598,-484
106000099,29,750,-721
106000100,192,157,35
106000101,178,160,18
106000102,44,385,-341
106000103,119,505,-386
106000104,217,192,25
106000105,150,708,-558
106000106,141,206,-65
106000107,45,287,-242
106000108,54,162,-108
106000109,24,312,-288
106000110,76,156,-80
106000111,48,458,-410
106000112,45,195,-150
106000113,752,452,300
106000114,253,181,72
106000115,83,355,-272
106000116,86,133,-47
106000117,474,628,-154
106000118,458,471,-13
106000119,1994,777,1217
106000120,453,235,218
106000121,53,102,-49
106000122,21,185,-164
106000123,75,222,-147
106000124,16,259,-243
106000125,11,285,-274
106000126,20,124,-104
106000127,152,671,-519
106000128,106,156,-50
106000129,146,652,-506
106000130,105,147,-42
106000131,32,402,-370
106000132,265,54,211
106000133,2945,532,2413
106000134,199,180,19
106000135,80,654,-574
106000136,168,94,74
106000137,40,1167,-1127
106000138,99,19,80
106000139,0,0,0
106000140,9,113,-104
106000141,8,138,-130
106000142,0,0,0
106000143,12,120,-108
106000144,0,0,0
106000145,55,399,-344
106000146,0,1,-1
106000147,146,293,-147
106000148,299,426,-127
106000149,169,219,-50
106000150,211,849,-638
106000151,2545,420,2125
106000152,837,383,454
106000153,36,512,-476
106000154,971,151,820
106000155,30,57,-27
106000156,157,176,-19
106000157,274,1348,-1074
106000158,1783,349,1434
106000159,3601,957,2644
106000160,46,524,-478
106000161,780,489,291
106000162,40,213,-173
106000163,87,498,-411
106000164,70,164,-94
106000165,76,644,-568
106000166,113,208,-95
106000167,131,1220,-1089
106000168,53,153,-100
106000169,45,691,-646
106000170,90,142,-52
106000171,30,702,-672
106000172,877,480,397
106000173,265,1899,-1634
106000174,81,149,-68
106000175,75,751,-676
106000176,308,322,-14
106000177,244,1588,-1344
106000178,989,708,281
106000179,494,1430,-936
106000180,423,1502,-1079
106000181,161,1473,-1312
106000182,148,467,-319
106000183,142,759,-617
106000184,463,728,-265
106000185,392,522,-130
106000186,331,94,237
106000187,58,381,-323
106000188,0,1,-1
106000189,0,30,-30
106000190,0,0,0
106000191,152,114,38
106000192,0,24,-24
106000193,130,100,30
106000194,48,210,-162
106000195,230,43,187
106000196,40,157,-117
106000197,142,234,-92
106000198,43,182,-139
106000199,514,254,260
106000200,282,69,213
106000201,218,465,-247
106000202,5324,261,5063
106000203,134,165,-31
106000204,5,1,4
106000205,22,172,-150
106000206,8,0,8
106000207,22,729,-707
106000208,84,10,74
106000209,116,101,15
106000210,113,1101,-988
106000211,151,1276,-1125
106000212,54,52,2
106000213,325,672,-347
106000214,832,132,700
106000215,78,289,-211
106000216,131,127,4
106000217,104,315,-211
106000218,126,163,-37
106000219,25,238,-213
106000220,123,130,-7
106000221,29,231,-202
106000222,15,98,-83
106000223,30,68,-38
106000224,61,288,-227
106000225,15,52,-37
106000226,45,313,-268
106000228,9,104,-95
106000229,22,596,-574
106000231,149,60,89
106000232,20,284,-264
106000233,48,52,-4
106000234,25,154,-129
106000235,85,17,68
106000236,48,19,29
106000237,0,12,-12
106000238,2,0,2
106000239,0,44,-44
106000240,4,1,3
106000241,15,449,-434
106000242,19,4,15
106000249,0,0,0
106000250,18,235,-217
106000251,19,17,2
106000252,10,96,-86
106000253,5,58,-53
106000254,23,67,-44
106000255,9,69,-60
106000256,26,84,-58
106000257,21,206,-185
106000258,34,5,29
106000259,2,19,-17
106000260,6,2,4
106000261,1,37,-36
106000262,4,3,1
106000263,1,42,-41
106000264,32,0,32
106000265,3,81,-78
106000266,49,2,47
106000267,7,94,-87
106000268,118,5,113
106000269,19,47,-28
106000270,63,253,-190
106000271,24,107,-83
106000272,30,41,-11
106000273,3,93,-90
106000274,112,22,90
106000275,48,82,-34
106000276,56,38,18
106000277,88,74,14
106000278,104,24,80
106000279,3,60,-57
106000280,12,147,-135
106000281,69,43,26
106000282,27,24,3
106000283,30,89,-59
106000284,14,67,-53
106000285,38,112,-74
106000286,31,92,-61
106000287,32,79,-47
106000288,26,120,-94
106000289,18,72,-54
106000290,17,132,-115
106000291,35,54,-19
106000292,32,120,-88
106000293,30,65,-35
106000294,40,81,-41
106000295,11,19,-8
106000296,57,68,-11
106000297,69,86,-17
106000298,91,31,60
106000299,26,71,-45
106000300,26,83,-57
106000301,45,84,-39
106000303,4,29,-25
106000304,13,26,-13
106000305,13,33,-20
106000306,27,71,-44
106000307,14,9,5
106000308,34,178,-144
106000309,11,67,-56
106000310,69,291,-222
106000311,89,62,27
106000312,27,119,-92
106000313,32,165,-133
106000318,82,146,-64
106000319,83,9,74
106000320,0,15,-15
106000321,111,30,81
106000322,35,191,-156
106000324,4,91,-87
106000325,338,418,-80
106000326,425,1408,-983
106000327,14,94,-80
106000328,1,58,-57
106000329,20,191,-171
106000330,18,21,-3
106000428,34,147,-113
106000429,22,335,-313
106000430,131,1135,-1004
106000431,232,159,73
106000432,544,1699,-1155
106000433,421,295,126
106000434,738,220,518
106000435,1385,1673,-288
106000436,8,344,-336
106000437,62,11,51
106000438,115,44,71
106000439,64,341,-277
106000440,96,349,-253
106000441,0,0,0
106000442,22,4,18
106000443,44,495,-451
106000450,0,129,-129
106000451,9,2,7
106000454,1,26,-25
106000455,3,87,-84
106000456,21,19,2
106000457,8,931,-923
106000458,67,27,40
106000459,12,356,-344
106000460,88,4,84
106000461,15,1684,-1669
106000462,0,4,-4
106000463,0,3,-3
106000464,5,471,-466
106000465,24,0,24
106000466,2,525,-523
106000467,275,317,-42
106000468,12,140,-128
106000469,47,4,43
106000470,121,611,-490
106000471,6,459,-453
106000472,23,1,22
106000473,15,24,-9
106000474,168,576,-408
106000475,59,81,-22
106000476,141,91,50
106000477,19,48,-29
106900001,0,1,-1
106900002,0,447,-447
106900003,103,422,-319
106900004,0,20,-20
106900006,0,11,-11
106900007,0,3,-3
106900008,44,123,-79
106900009,24,236,-212
106900010,40,163,-123
106900012,621,360,261
106900013,66,2,64
106900014,2,1,1
106900015,1,0,1
106900016,22,2,20
106900017,0,0,0
106900018,1,0,1
106900019,5,2,3
106900020,1695,215,1480
106900021,5,10,-5
106900022,20,0,20
106900023,1,203,-202
106900024,64,4,60
106900025,27,441,-414
106900026,3,723,-720
106900027,66,0,66
107000001,452,757,-305
107000002,1616,2740,-1124
107000003,1378,2493,-1115
107000004,3550,4916,-1366
107000005,616,1381,-765
107000006,1982,5460,-3478
107000007,2569,2123,446
107000008,16166,9950,6216
107000009,1913,2061,-148
107000010,7963,9897,-1934
107000011,643,982,-339
107000012,2274,2403,-129
107000013,23,158,-135
107000014,11,228,-217
107000015,165,747,-582
107000016,136,1112,-976
107000017,1704,673,1031
107000018,4,272,-268
107000020,718,214,504
107000021,1085,1153,-68
107000022,574,1891,-1317
107000023,1793,351,1442
107000024,343,2360,-2017
107000025,93,272,-179
107000026,66,665,-599
107000027,585,565,20
107000028,612,991,-379
107000029,620,872,-252
107000030,2087,2209,-122
107000031,623,950,-327
107000032,64,183,-119
107000033,2799,3963,-1164
107000034,4867,1576,3291
107000035,155,91,64
107000036,241,601,-360
107000037,43,342,-299
107000038,178,191,-13
107000039,183,216,-33
107000040,99,274,-175
107000041,570,305,265
107000042,316,904,-588
107000043,1686,411,1275
107000044,406,433,-27
107000045,24,241,-217
107000046,137,179,-42
107000047,184,613,-429
107000048,137,209,-72
107000049,141,468,-327
107000050,211,294,-83
107000051,370,198,172
107000052,452,333,119
107000053,95,41,54
107000054,37,188,-151
107000055,16,13,3
107000056,254,586,-332
107000057,1078,159,919
107000058,393,520,-127
107000059,1073,2045,-972
107000060,1017,2008,-991
107000061,2952,3222,-270
107000062,814,1142,-328
107000063,1953,4484,-2531
107000064,818,889,-71
107000065,2024,5053,-3029
107000066,722,807,-85
107000067,406,567,-161
107000068,719,265,454
107000069,191,206,-15
107000070,20,3,17
107000071,265,3,262
107000072,29,2909,-2880
107000073,46,58,-12
107000074,132,764,-632
107000075,205,30,175
107000076,541,1538,-997
107000077,633,80,553
107000078,715,2721,-2006
107000079,376,146,230
107000080,566,2742,-2176
107000081,242,205,37
107000082,182,2406,-2224
107000083,171,97,74
107000084,217,2402,-2185
107000085,1290,1653,-363
107000086,1997,1757,240
107000087,1339,1164,175
107000088,1357,2056,-699
107000089,628,928,-300
107000090,536,638,-102
107000091,370,606,-236
107000092,266,748,-482
107000093,322,486,-164
107000094,291,881,-590
107000095,95,67,28
107000096,328,749,-421
107000097,48,72,-24
107000098,170,466,-296
107000099,96,115,-19
107000100,159,279,-120
107000101,18,43,-25
107000102,231,222,9
107000103,72,51,21
107000104,127,200,-73
107000105,80,50,30
107000106,94,217,-123
107000107,96,55,41
107000108,80,712,-632
107000109,4,1,3
107000110,35,446,-411
107000111,1,0,1
107000112,6,343,-337
107000113,3,0,3
107000114,18,577,-559
107000115,2,0,2
107000116,33,816,-783
107000117,2,1,1
107000118,36,217,-181
107000119,1016,222,794
107000120,1816,335,1481
107000121,107,248,-141
107000122,402,631,-229
107000123,81,422,-341
107000124,163,626,-463
107000125,143,489,-346
107000126,338,981,-643
107000129,84,452,-368
107000130,55,186,-131
107000131,166,470,-304
107000132,81,121,-40
107000133,118,68,50
107000134,49,0,49
107000135,2,152,-150
107000136,95,1,94
107000137,2,274,-272
107000138,108,9,99
107000139,2,263,-261
107000140,253,15,238
107000141,95,716,-621
107000142,117,19,98
107000143,17,636,-619
107000144,87,72,15
107000145,70,374,-304
107000146,68,43,25
107000147,1826,491,1335
107000150,585,975,-390
107000151,28,25,3
107000152,183,194,-11
107000153,207,182,25
107000154,15,30,-15
107000155,269,13,256
107000156,486,10,476
107000157,14,2766,-2752
107000158,99,25,74
107000159,12,1378,-1366
107000160,170,35,135
107000161,39,1692,-1653
107000162,59,138,-79
107000163,2,0,2
107000164,27,0,27
107000165,95,1,94
107000166,32,1108,-1076
107000167,182,184,-2
107000168,301,100,201
107000169,657,988,-331
107000170,229,202,27
107000171,237,2779,-2542
107000172,161,269,-108
107000173,380,1071,-691
107000174,449,1094,-645
107000175,9652,1292,8360
107000176,0,0,0
107000177,2,0,2
107000178,2,14,-12
107000179,101,2782,-2681
107000180,284,223,61
107000181,99,1088,-989
107000182,229,473,-244
107000183,49,841,-792
107000184,182,385,-203
107000185,85,959,-874
107000186,102,146,-44
107000187,417,620,-203
107000188,218,240,-22
107000189,128,455,-327
107000190,144,467,-323
107000191,144,397,-253
107000192,482,611,-129
107000193,101,202,-101
107000194,411,506,-95
107000197,107,99,8
107000198,115,694,-579
107000199,403,648,-245
107000200,694,280,414
107000201,153,215,-62
107000202,115,355,-240
107000203,526,392,134
107000204,608,299,309
107000205,2353,1172,1181
107000206,380,269,111
107000207,629,702,-73
107000208,1104,196,908
107000209,1388,282,1106
107000210,1259,142,1117
107000211,10,8,2
107000212,2,219,-217
107000213,35,4,31
107000214,17,122,-105
107000215,156,397,-241
107000216,61,395,-334
107000217,33,137,-104
107000219,27,94,-67
107000220,38,313,-275
107000222,131,580,-449
107000224,140,20,120
107000225,73,878,-805
107000226,67,35,32
107000227,76,619,-543
107000228,74,121,-47
107000229,120,60,60
107000230,775,329,446
107000231,146,143,3
107000232,48,37,11
107000233,179,194,-15
107000234,0,3,-3
107000235,2,0,2
107000236,9,455,-446
107000237,0,0,0
107000238,0,0,0
107000239,5214,255,4959
107000240,22,1034,-1012
107000241,74,11,63
107000242,431,42,389
107000243,0,52,-52
107000244,4,64,-60
107000246,4,974,-970
107000249,2,631,-629
107000251,0,253,-253
107000252,4,1250,-1246
107000255,458,57,401
107000257,3,576,-573
107000258,2,139,-137
107000259,1,236,-235
107000260,44,2,42
107000262,2,835,-833
107000263,45,5,40
107000266,1,0,1
107000267,38,164,-126
107000268,85,191,-106
107000269,38,19,19
107000270,1,7,-6
107000271,8,974,-966
107000272,6,312,-306
107000273,0,244,-244
107000274,496,227,269
107000275,29,613,-584
107000280,120,10,110
107000281,15,1020,-1005
107000282,16,1697,-1681
107000290,1,47,-46
107000291,1,15,-14
107000292,3,61,-58
107000293,48,4,44
107000294,1,57,-56
107000295,17,0,17
107000296,0,4,-4
107000444,90,1,89
107000496,1,21,-20
107000497,690,2845,-2155
107000500,165,200,-35
107000501,35,100,-65
107000502,40,238,-198
107000505,379,505,-126
107000506,0,10,-10
107000508,5,652,-647
107000509,93,161,-68
107000510,2,8,-6
107000514,1,210,-209
107000515,9,261,-252
107000516,48,78,-30
107000518,132,66,66
107000519,2429,998,1431
107000520,16,9,7
107900001,12,234,-222
107900002,48,1,47
107900003,23,3,20
107900004,6,0,6
107900005,152,4,148
107900006,37,24,13
107900007,65,8,57
107900008,33,28,5
107900009,43,0,43
107900010,7,0,7
107900012,86,4,82
107900013,70,28,42
107900014,3,1,2
107900015,144,0,144
107900016,261,70,191
107900017,4,2,2
107900018,7,19,-12
107900019,2,85,-83
107900020,35,10,25
107900021,10,103,-93
107900023,0,0,0
107900024,0,7,-7
107900025,131,315,-184
107900026,16,94,-78
107900027,13,97,-84
107900028,7,87,-80
107900030,47,0,47
107900031,19,203,-184
107900032,0,1,-1
107900033,2,1,1
107900034,49,2,47
107900035,135,5,130
107900036,12,1,11
107900037,0,13,-13
107900038,79,38,41
107900039,7,49,-42
107900040,8,33,-25
107900041,0,0,0
107900043,3,63,-60
107900044,4,1,3
107900045,13,7,6
107900046,35,10,25
107900047,0,22,-22
107900048,14,1,13
107900049,136,276,-140
107900050,65,258,-193
107900051,11,57,-46
107900052,2,0,2
107900053,14,58,-44
107900055,99,72,27
107900056,45,7,38
107900057,0,0,0
107900058,15,594,-579
107900060,1,22,-21
107900061,5,3,2
107900063,16,57,-41
107900064,105,10,95
107900065,28,7,21
107900066,3,4,-1
107900067,0,0,0
107900068,62,159,-97
107900069,9,132,-123
107900070,6,1,5
107900071,6,864,-858
107900072,12,153,-141
107900073,5,100,-95
107900074,640,55,585
107900076,23,45,-22
107900077,3,0,3
107900078,104,5,99
107900079,3,16,-13
107900080,97,104,-7
107900081,2,23,-21
107900082,16,7,9
107900083,74,67,7
107900084,14,28,-14
107900086,16,42,-26
107900087,190,17,173
107900088,5,3,2
107900089,231,751,-520
107900090,238,224,14
107900091,49,341,-292
107900092,1795,366,1429
107900093,19,17,2
107900095,2019,607,1412
107900097,2,29,-27
107900098,12,37,-25
107900100,600,165,435
107900101,593,86,507
107900102,8,5,3
107900103,29,151,-122
107900104,34,0,34
107900105,0,502,-502
107900106,2,1425,-1423
107900107,1203,64,1139
107900108,166,26,140
107900109,122,0,122
107900110,7,78,-71
107900111,6,1214,-1208
107900112,39,140,-101
107900113,10,48,-38
107900114,23,156,-133
107900115,20,33,-13
107900116,12,178,-166
107900117,103,269,-166
107900118,29,103,-74
107900119,14,31,-17
107900120,4,2,2
107900121,1,93,-92
107900122,9,33,-24
107900123,0,35,-35
107900124,6,88,-82
107900125,7,145,-138
107900126,1,18,-17
107900127,427,28,399
107900128,65,17,48
107900129,7,36,-29
107900130,4,7,-3
107900131,53,19,34
107900132,29,362,-333
107900133,2,44,-42
107900134,5,6,-1
107900135,0,159,-159
107900136,46,10,36
107900137,38,39,-1
107900138,10,24,-14
107900139,1,11,-10
107900140,73,45,28
107900141,18,7,11
107900142,21,745,-724
107900143,20,28,-8
107900144,1,111,-110
107900145,22,89,-67
107900146,28,52,-24
107900147,6,7,-1
107900148,59,115,-56
107900149,1630,50,1580
107900150,37,458,-421
107900151,3,124,-121
107900152,4,195,-191
107900153,55,80,-25
107900154,6,2,4
107900155,7,17,-10
107900156,2,316,-314
107900157,38,62,-24
107900158,90,5,85
107900159,12,838,-826
107900160,12,165,-153
107900161,2,205,-203
107900162,0,190,-190
107900163,18,29,-11
107900164,4,26,-22
107900165,11,19,-8
107900166,7,209,-202
107900167,0,3,-3
107900168,2,37,-35
107900169,0,181,-181
107900171,6,1306,-1300
107900172,2,251,-249
107900173,3,192,-189
107900174,15,1,14
107900175,3,4,-1
107900176,5,43,-38
107900177,4,232,-228
107900178,0,240,-240
107900179,2,94,-92
107900180,872,61,811
107900181,165,336,-171
107900182,7,1286,-1279
107900183,3,374,-371
107900184,14,218,-204
107900185,6,0,6
107900186,6,20,-14
107900187,0,109,-109
107900188,630,42,588
107900189,9,90,-81
107900190,74,9,65
107900191,9,109,-100
107900193,1,17,-16
107900194,28,0,28
107900195,3527,330,3197
107900196,14,43,-29
107900197,173,47,126
107900199,2,1028,-1026
107900201,40,91,-51
107900203,8,25,-17
107900204,190,164,26
107900205,65,388,-323
107900206,138,112,26
107900207,0,483,-483
107900208,3,815,-812
107900209,219,79,140
107900210,39,71,-32
107900213,100,250,-150
107900214,1,137,-136
107900215,82,237,-155
107900216,24,41,-17
107900217,7,26,-19
107900218,14,1524,-1510
107900219,3,112,-109
107900220,77,34,43
107900221,121,199,-78
107900223,13,363,-350
107900224,118,244,-126
107900225,6,600,-594
107900226,8,126,-118
107900227,47,350,-303
107900228,2,106,-104
107900229,2,293,-291
107900230,4,145,-141
107900231,1,121,-120
107900232,4,197,-193
107900233,4,160,-156
107900234,14,120,-106
107900235,41,71,-30
107900236,7,91,-84
107900237,116,409,-293
107900238,7,99,-92
107900239,924,322,602
107900240,7,143,-136
107900241,7,96,-89
107900242,6,301,-295
107900243,0,23,-23
107900244,33,0,33
107900245,54,15,39
107900246,17,8,9
107900248,81,460,-379
107900249,60,1,59
107900250,1,504,-503
107900251,2,988,-986
107900252,63,1,62
107900253,9,0,9
107900254,18,80,-62
107900255,307,12,295
107900256,247,515,-268
107900257,20,10,10
107900258,31,204,-173
107900259,61,249,-188
107900261,2,435,-433
107900262,16,67,-51
107900264,19,0,19
107900265,10,171,-161
107900267,17,3,14
107900268,18,2,16
107900269,0,4,-4
107900270,0,0,0
107900271,0,0,0
107900272,1,0,1
107900273,29,75,-46
107900274,11,1,10
107900275,30,0,30
107900276,1,56,-55
107900277,0,202,-202
107900278,40,280,-240
107900279,132,33,99
107900280,1579,628,951
107900281,2199,408,1791
107900282,22,64,-42
107900283,1128,219,909
107900284,61,601,-540
107900285,23,124,-101
107900286,47,53,-6
107900287,33,47,-14
107900290,0,26,-26
107900291,114,0,114
107900292,36,196,-160
107900293,28,351,-323
107900295,12,106,-94
107900297,0,184,-184
107900298,345,624,-279
107900299,2919,447,2472
107900300,16,128,-112
107900301,155,104,51
107900302,13,14,-1
107900303,12,189,-177
107900304,32,462,-430
107900305,53,2,51
107900306,2,1,1
107900307,15,250,-235
107900308,89,9,80
107900309,2,0,2
107900310,0,0,0
107900311,31,33,-2
107900312,0,0,0
107900313,0,32,-32
107900314,0,22,-22
107900315,0,15,-15
107900316,3,0,3
107900317,5,1,4
107900318,1,65,-64
107900319,1,239,-238
107900320,2,135,-133
107900321,19,0,19
107900322,2,176,-174
107900323,3,174,-171
107900324,39,0,39
107900325,16,0,16
107900326,31,346,-315
107900327,0,0,0
107900328,0,0,0
107900329,0,1,-1
107900330,3,550,-547
107900331,25,17,8
107900332,24,22,2
107900333,12,0,12
107900334,2,185,-183
107900335,18,49,-31
107900336,0,18,-18
107900337,869,137,732
107900338,0,89,-89
107900339,0,17,-17
107900340,0,30,-30
107900341,4,0,4
107900342,21,108,-87
107900343,6,0,6
107900344,1,126,-125
107900345,15,17,-2
107900346,20,0,20
107900347,5,1,4
107900348,1,0,1
107900349,10,3,7
107900350,40,226,-186
108000001,953,955,-2
108000002,1684,2748,-1064
108000003,1304,652,652
108000004,12732,11993,739
108000005,1472,1120,352
108000006,2649,4858,-2209
108000007,1271,1361,-90
108000008,2741,4629,-1888
108000009,735,1361,-626
108000010,1237,4199,-2962
108000011,3520,3018,502
108000012,12929,12284,645
108000014,82,263,-181
108000015,101,185,-84
108000016,77,491,-414
108000017,103,177,-74
108000018,166,188,-22
108000019,196,250,-54
108000020,161,169,-8
108000021,206,1351,-1145
108000022,279,1256,-977
108000023,375,44,331
108000024,40,475,-435
108000025,50,153,-103
108000026,61,413,-352
108000027,62,454,-392
108000028,34,208,-174
108000029,55,542,-487
108000030,27,137,-110
108000031,42,525,-483
108000032,223,164,59
108000033,294,1015,-721
108000034,278,122,156
108000035,505,2214,-1709
108000036,146,1171,-1025
108000037,371,86,285
108000038,367,97,270
108000039,139,1998,-1859
108000040,280,154,126
108000041,380,2091,-1711
108000042,7,147,-140
108000043,39,304,-265
108000044,11,119,-108
108000045,48,721,-673
108000046,202,118,84
108000047,204,993,-789
108000048,41,414,-373
108000049,70,66,4
108000050,47,334,-287
108000051,22,21,1
108000052,158,442,-284
108000053,46,30,16
108000054,233,571,-338
108000055,215,159,56
108000056,469,755,-286
108000057,117,272,-155
108000058,572,713,-141
108000059,2157,1040,1117
108000060,18,119,-101
108000061,91,285,-194
108000062,174,196,-22
108000063,114,602,-488
108000064,43,109,-66
108000065,197,567,-370
108000066,470,245,225
108000067,383,191,192
108000068,112,105,7
108000069,78,948,-870
108000070,237,154,83
108000071,229,1489,-1260
108000072,222,252,-30
108000073,605,1543,-938
108000074,73,112,-39
108000075,152,670,-518
108000076,153,153,0
108000077,338,886,-548
108000078,522,517,5
108000079,708,1497,-789
108000080,170,215,-45
108000081,217,2447,-2230
108000082,680,1223,-543
108000083,493,236,257
108000084,185,840,-655
108000085,77,90,-13
108000086,512,570,-58
108000087,77,426,-349
108000088,34,1,33
108000089,123,121,2
108000090,40,27,13
108000091,32,449,-417
108000092,19,27,-8
108000093,48,761,-713
108000094,80,22,58
108000095,74,448,-374
108000096,25,23,2
108000097,36,491,-455
108000098,121,439,-318
108000099,1,2,-1
108000100,1,11,-10
108000101,143,219,-76
108000102,306,695,-389
108000106,118,0,118
108000107,0,499,-499
108000108,100,6,94
108000109,3,613,-610
108000110,41,139,-98
108000111,63,446,-383
108000112,39,21,18
108000113,278,253,25
108000115,295,249,46
108000117,488,159,329
108000118,35,67,-32
108000119,294,342,-48
108000120,14,240,-226
108000121,34,449,-415
108000122,53,173,-120
108000123,119,242,-123
108000124,35,469,-434
108000125,53,275,-222
108000126,61,556,-495
108000127,46,338,-292
108000128,87,717,-630
108000129,99,1356,-1257
108000130,42,277,-235
108000131,154,74,80
108000132,626,783,-157
108000133,192,181,11
108000134,315,812,-497
108000135,174,149,25
108000136,499,1016,-517
108000137,106,343,-237
108000138,113,920,-807
108000139,34,299,-265
108000140,20,16,4
108000141,4,175,-171
108000142,10,111,-101
108000143,22,34,-12
108000144,10,4,6
108000145,9,22,-13
108000146,12,2,10
108000147,20,54,-34
108000148,8,0,8
108000149,7,22,-15
108000150,30,4,26
108000151,14,1,13
108000152,43,500,-457
108000153,58,41,17
108000154,17,9,8
108000155,3,9,-6
108000156,205,61,144
108000157,27,156,-129
108000158,47,160,-113
108000159,413,83,330
108000160,3546,368,3178
108000161,3570,540,3030
108000165,0,62,-62
108000172,1,64,-63
108000173,2157,804,1353
108000175,24,45,-21
108000178,295,314,-19
108000179,133,218,-85
108000181,27,27,0
108000182,75,8,67
108000183,7,9,-2
108000184,678,605,73
108000185,21,578,-557
108000186,32,50,-18
108000187,18,769,-751
108000188,91,169,-78
108000189,115,328,-213
108000190,10,66,-56
108000192,31,519,-488
108000193,416,45,371
108000194,0,0,0
108000195,3,800,-797
108000196,27,43,-16
108000198,135,332,-197
108000199,1,73,-72
108000200,65,605,-540
108000202,2,155,-153
108000203,17,989,-972
108000204,55,13,42
108000205,446,467,-21
108000339,767,178,589
108000364,92,73,19
108000365,15,235,-220
108000367,54,192,-138
108000368,4,46,-42
108000369,1360,70,1290
108000371,1,454,-453
108000372,64,0,64
108000373,2,2,0
108000376,59,9,50
108000377,86,297,-211
108000378,4372,2402,1970
108000379,14,91,-77
108000381,19,7,12
108000382,17,0,17
108000383,0,76,-76
108900001,139,843,-704
108900002,111,22,89
108900003,210,741,-531
108900004,276,97,179
108900005,5,59,-54
108900006,233,131,102
108900007,31,116,-85
108900008,5,76,-71
108900009,6,81,-75
108900010,43,115,-72
108900011,46,214,-168
108900012,51,377,-326
108900013,24,226,-202
108900014,1,48,-47
108900015,0,10,-10
108900016,0,138,-138
108900017,67,78,-11
108900018,22,460,-438
108900019,4,1066,-1062
108900020,20,243,-223
108900021,45,245,-200
108900022,21,9,12
108900023,0,13,-13
108900024,1,123,-122
108900025,8,58,-50
108900026,9,54,-45
108900027,0,115,-115
108900028,14,534,-520
108900029,12,184,-172
108900030,0,131,-131
108900031,8,621,-613
108900032,1,228,-227
108900033,0,44,-44
108900034,1,222,-221
108900035,86,1885,-1799
108900036,98,270,-172
108900037,14,390,-376
108900038,0,287,-287
108900039,0,513,-513
108900040,0,92,-92
108900041,4018,727,3291
108900042,2,192,-190
108900043,17,383,-366
108900044,4,693,-689
108900045,16,548,-532
108900046,14,889,-875
108900047,1,73,-72
108900048,11,716,-705
108900049,3886,331,3555
108900050,1,197,-196
108900051,1,186,-185
108900052,4,243,-239
108900053,36,57,-21
108900054,10,174,-164
108900055,59,417,-358
108900056,2,137,-135
108900057,0,187,-187
108900058,2,461,-459
108900059,96,3,93
108900060,55,40,15
108900061,39,13,26
108900062,2,320,-318
108900063,4,417,-413
108900064,19,37,-18
108900065,8,275,-267
108900066,49,59,-10
108900067,6,246,-240
108900068,0,161,-161
108900069,11,134,-123
108900070,20,140,-120
108900071,12,33,-21
108900072,1706,96,1610
108900073,0,81,-81
108900074,10,415,-405
108900075,40,83,-43
108900076,39,39,0
108900077,52,121,-69
108900078,1,178,-177
108900079,469,164,305
108900080,4,96,-92
108900081,12,191,-179
108900082,21,81,-60
108900083,8,45,-37
108900084,267,55,212
108900085,1255,57,1198
108900086,17,274,-257
108900087,98,117,-19
108900088,158,79,79
108900089,1,37,-36
108900090,4,343,-339
108900091,99,53,46
108900092,92,91,1
108900093,9,11,-2
108900094,67,44,23
108900095,37,583,-546
108900096,295,19,276
108900097,71,179,-108
108900098,2302,41,2261
108900099,86,281,-195
108900100,34,84,-50
108900101,42,19,23
108900102,60,203,-143
108900103,10,19,-9
108900104,221,167,54
108900105,5,161,-156
108900106,87,465,-378
108900108,29,14,15
108900109,2,15,-13
108900110,37,386,-349
108900111,31,602,-571
108900112,25,2,23
108900113,11,6,5
108900114,0,0,0
108900115,8,17,-9
108900116,8,0,8
108900117,8,4,4
108900118,53,1,52
108900119,28,18,10
108900120,8,38,-30
108900121,50,13,37
108900122,20,9,11
108900123,15,10,5
108900124,62,30,32
108900125,42,1,41
108900126,17,2,15
108900127,17,13,4
108900128,9,1,8
108900129,99,27,72
108900130,14,1,13
108900131,69,0,69
108900132,43,20,23
108900133,51,31,20
108900134,25,109,-84
108900135,9,3,6
108900136,1,0,1
108900137,18,0,18
108900138,83,5,78
108900139,29,33,-4
108900140,14,133,-119
108900141,25,3,22
108900142,7,0,7
108900143,4,0,4
108900144,10,1,9
108900145,13,0,13
108900146,8,0,8
108900147,37,0,37
108900148,33,15,18
108900149,196,192,4
108900150,130,4,126
108900151,5,2,3
108900152,5,2,3
108900153,21,521,-500
108900154,899,105,794
108900155,31,58,-27
108900156,30,11,19
108900157,2,601,-599
108900158,33,17,16
108900159,7,276,-269
108900160,8,162,-154
108900161,10,365,-355
108900162,6,0,6
108900163,1,38,-37
108900164,2,56,-54
108900165,69,31,38
108900167,929,620,309
108900168,8451,768,7683
108900169,5,51,-46
108900171,4870,559,4311
108900172,35,6,29
108900173,165,203,-38
108900174,100,214,-114
108900176,36,483,-447
108900177,8508,934,7574
108900178,4195,486,3709
108900179,140,298,-158
108900180,32,72,-40
108900182,3,77,-74
108900183,43,122,-79
108900184,48,59,-11
108900185,10,168,-158
108900186,14,170,-156
108900187,39,26,13
108900188,41,25,16
108900189,48,83,-35
108900190,4,2113,-2109
108900191,47,2,45
108900192,30,240,-210
108900193,38,30,8
108900194,0,275,-275
108900195,18,286,-268
108900196,17,463,-446
108900198,4,469,-465
108900199,37,250,-213
108900200,154,216,-62
108900201,72,629,-557
108900203,64,6,58
108900204,80,0,80
108900205,27,2,25
108900206,25,8,17
108900207,25,4,21
108900208,30,231,-201
108900209,108,507,-399
108900210,58,147,-89
108900211,34,102,-68
108900212,353,262,91
108900215,42,490,-448
108900216,164,30,134
108900217,12,0,12
108900218,22,0,22
108900219,4,0,4
108900220,10,1,9
108900221,13,14,-1
108900222,38,3,35
108900223,2,17,-15
108900224,14,55,-41
108900225,0,126,-126
108900226,29,1,28
108900227,24,41,-17
108900230,315,269,46
108900231,27,189,-162
108900232,2,304,-302
108900233,70,12,58
108900234,58,20,38
108900235,112,458,-346
108900236,24,264,-240
108900237,11,223,-212
108900240,13,70,-57
108900241,7,19,-12
108900245,1,140,-139
108900249,13,9,4
108900250,63,69,-6
108900257,12,423,-411
108900258,8,153,-145
108900259,4,40,-36
108900260,1,88,-87
108900261,81,93,-12
108900262,313,41,272
108900263,27,306,-279
108900264,108,132,-24
108900265,1089,101,988
108900266,700,64,636
108900267,0,14,-14
108900268,1,0,1
108900269,11,0,11
108900270,3,1,2
108900271,0,2,-2
108900272,8,1,7
108900273,578,164,414
108900274,5,27,-22
109000001,1416,367,1049
109000002,3177,959,2218
109000003,669,295,374
109000004,284,2239,-1955
109000005,519,421,98
109000006,413,1545,-1132
109000007,274,294,-20
109000008,217,1532,-1315
109000009,978,466,512
109000010,849,3060,-2211
109000011,502,615,-113
109000012,749,3350,-2601
109000013,745,466,279
109000014,721,2938,-2217
109000015,1043,959,84
109000016,7962,3401,4561
109000017,573,456,117
109000018,482,2978,-2496
109000019,582,469,113
109000020,679,1757,-1078
109000023,2,0,2
109000024,0,91,-91
109000025,214,136,78
109000026,356,208,148
109000027,17,125,-108
109000028,31,99,-68
109000029,124,37,87
109000030,21,293,-272
109000031,0,0,0
109000032,20,312,-292
109000033,45,8,37
109000034,19,16,3
109000035,2,3,-1
109000036,57,290,-233
109000037,35,265,-230
109000038,444,186,258
109000039,286,177,109
109000040,3565,1074,2491
109000041,4939,586,4353
109000042,526,537,-11
109000044,23,42,-19
109000045,18,344,-326
109000046,17,33,-16
109000047,8,371,-363
109000048,104,36,68
109000049,91,445,-354
109000050,35,41,-6
109000051,112,232,-120
109000052,127,1463,-1336
109000053,34,47,-13
109000054,39,538,-499
109000055,45,106,-61
109000056,110,526,-416
109000057,80,93,-13
109000058,388,137,251
109000059,221,541,-320
109000060,160,33,127
109000061,1044,278,766
109000062,65,61,4
109000063,141,199,-58
109000064,20,62,-42
109000065,26,307,-281
109000066,60,54,6
109000067,14,305,-291
109000068,1,0,1
109000069,6,0,6
109000070,5,509,-504
109000071,164,57,107
109000072,42,285,-243
109000073,18,55,-37
109000074,19,181,-162
109000075,24,287,-263
109000076,22,66,-44
109000077,120,169,-49
109000078,14,60,-46
109000079,19,181,-162
109000080,10,81,-71
109000081,13,439,-426
109000082,74,276,-202
109000083,46,689,-643
109000088,48,335,-287
109000089,77,10,67
109000090,137,385,-248
109000091,74,31,43
109000092,211,539,-328
109000093,79,40,39
109000094,50,2,48
109000095,45,655,-610
109000096,102,18,84
109000097,31,60,-29
109000098,7,2,5
109000099,100,213,-113
109000100,54,368,-314
109000101,187,524,-337
109000102,71,684,-613
109000103,106,419,-313
109000104,250,347,-97
109000105,179,1238,-1059
109000106,308,270,38
109000107,221,1358,-1137
109000108,223,239,-16
109000109,249,1434,-1185
109000110,245,237,8
109000111,458,1839,-1381
109000112,92,115,-23
109000113,83,107,-24
109000114,28,212,-184
109000115,329,12,317
109000116,1,131,-130
109000117,28,57,-29
109000118,11,264,-253
109000119,133,161,-28
109000120,38,1144,-1106
109000121,20,16,4
109000122,30,1168,-1138
109000123,7,67,-60
109000124,118,223,-105
109000125,114,238,-124
109000126,105,884,-779
109000127,94,74,20
109000128,114,2244,-2130
109000129,342,107,235
109000130,233,2248,-2015
109000131,202,71,131
109000132,344,1285,-941
109000133,102,603,-501
109000134,274,1242,-968
109000135,412,975,-563
109000136,102,342,-240
109000137,63,123,-60
109000138,124,465,-341
109000139,124,264,-140
109000140,61,396,-335
109000141,91,228,-137
109000142,50,446,-396
109000143,16,34,-18
109000145,35,53,-18
109000146,16,48,-32
109000148,3290,378,2912
109000149,19,6,13
109000150,29,100,-71
109000155,123,356,-233
109000156,710,671,39
109000158,11,184,-173
109000159,28,409,-381
109000160,145,300,-155
109000161,59,1019,-960
109000162,700,896,-196
109000163,261,988,-727
109000164,388,1826,-1438
109000165,352,471,-119
109000166,127,123,4
109000167,45,615,-570
109000170,20,40,-20
109000171,34,32,2
109000172,21,27,-6
109000173,5,25,-20
109000174,6,54,-48
109000175,12,77,-65
109000176,69,352,-283
109000177,9,86,-77
109000178,106,201,-95
109000179,5895,999,4896
109000180,4031,1449,2582
109000181,1,31,-30
109000182,11,53,-42
109000183,2,26,-24
109000184,6,8,-2
109000185,4,46,-42
109000188,150,2146,-1996
109000189,382,566,-184
109000190,162,418,-256
109000191,41,336,-295
109000192,43,194,-151
109000193,47,325,-278
109000194,19,70,-51
109000195,23,322,-299
109000196,47,63,-16
109000197,50,423,-373
109000198,19,44,-25
109000199,52,365,-313
109000206,50,51,-1
109000207,19,33,-14
109000208,52,21,31
109000209,54,27,27
109000210,114,361,-247
109000211,70,148,-78
109000214,74,485,-411
109000215,14,16,-2
109000216,17,26,-9
109000217,67,54,13
109000218,206,59,147
109000221,82,900,-818
109000222,133,7,126
109000223,96,131,-35
109000224,27,308,-281
109000225,28,30,-2
109000226,19,222,-203
109000227,214,1153,-939
109000228,0,216,-216
109000231,5,467,-462
109000232,45,464,-419
109000236,62,611,-549
109000241,491,1205,-714
109000242,256,661,-405
109000293,2,20,-18
109000361,42,113,-71
109000364,72,494,-422
109000396,4,833,-829
109000397,92,3,89
109000399,76,353,-277
109000400,20,291,-271
109000403,22,112,-90
109000406,0,4,-4
109000407,86,239,-153
109000408,0,378,-378
109000410,321,95,226
109000411,23,16,7
109900001,7,0,7
109900002,128,2,126
109900003,56,0,56
109900004,228,137,91
109900005,8,2,6
109900006,37,173,-136
109900007,86,918,-832
109900008,0,20,-20
109900009,33,1276,-1243
109900010,127,15,112
109900011,24,20,4
109900012,33,36,-3
109900013,94,40,54
109900014,51,22,29
109900015,84,34,50
109900016,28,52,-24
109900017,15,19,-4
109900018,38,121,-83
109900019,20,74,-54
109900020,5,4,1
109900021,5,1,4
109900022,16,328,-312
109900023,0,5,-5
109900024,4,1,3
109900025,1,41,-40
109900026,3,118,-115
109900027,13,0,13
109900028,1901,194,1707
109900029,5,538,-533
109900030,3,0,3
109900031,1,47,-46
109900032,3,234,-231
109900033,2,374,-372
109900034,1,0,1
109900035,3,12,-9
109900036,28,69,-41
109900037,8,431,-423
109900038,3,184,-181
109900039,1,0,1
109900040,6,674,-668
109900041,36,391,-355
109900042,16,426,-410
109900044,122,208,-86
109900045,3,30,-27
109900046,12,28,-16
109900047,223,187,36
109900048,20,68,-48
109900049,5,17,-12
109900050,0,258,-258
109900051,0,23,-23
109900052,21,160,-139
109900053,4,411,-407
109900054,77,31,46
109900055,10,175,-165
109900056,4,36,-32
109900057,4,195,-191
109900058,0,90,-90
109900059,101,18,83
109900060,78,96,-18
109900061,72,266,-194
109900062,0,226,-226
109900063,0,168,-168
109900064,55,112,-57
109900065,103,102,1
109900066,93,859,-766
109900067,0,435,-435
109900068,11,2,9
109900069,2,17,-15
109900070,50,197,-147
109900071,2,28,-26
109900072,11,101,-90
109900073,30,536,-506
109900074,2,47,-45
109900075,0,6,-6
109900076,7,200,-193
109900077,11,67,-56
109900078,28,173,-145
109900080,53,269,-216
109900081,7,59,-52
109900082,12,387,-375
109900083,2,28,-26
109900084,5,92,-87
109900085,38,960,-922
109900086,26,58,-32
109900087,59,182,-123
109900089,64,30,34
109900090,237,672,-435
109900091,28,15,13
109900092,200,8,192
109900093,138,52,86
109900094,11,74,-63
109900095,33,142,-109
109900096,4,0,4
109900097,9,1,8
109900098,32,4,28
109900099,15,0,15
109900100,2,0,2
109900101,34,2,32
109900102,125,12,113
109900103,2,22,-20
109900104,60,939,-879
109900105,78,5,73
109900106,57,58,-1
109900107,136,55,81
109900108,22,1579,-1557
109900109,16,434,-418
109900110,19,416,-397
109900111,76,774,-698
109900112,103,720,-617
109900113,127,111,16
109900114,277,64,213
109900115,19,30,-11
109900117,122,36,86
109900118,111,252,-141
109900119,289,176,113
109900120,5,1,4
109900121,96,50,46
109900122,37,3,34
109900123,2,138,-136
109900124,9,743,-734
109900125,3,172,-169
109900126,13,119,-106
109900128,23,12,11
109900130,8426,373,8053
109900131,27,78,-51
109900132,19,105,-86
109900133,14,301,-287
109900134,6,14,-8
109900135,216,17,199
109900136,16,71,-55
109900137,12,291,-279
109900138,26,41,-15
109900140,35,312,-277
109900142,125,103,22
109900145,1,53,-52
109900146,92,23,69
109900148,6,48,-42
109900149,23,18,5
109900150,1,27,-26
109900151,4,35,-31
109900152,0,7,-7
109900153,0,20,-20
109900154,5,0,5
109900155,10,0,10
109900157,24,127,-103
109900158,29,73,-44
109900159,28,7,21
109900160,16,20,-4
109900161,21,18,3
109900162,50,23,27
109900163,391,140,251
109900164,11,129,-118
109900165,52,0,52
109900166,1,173,-172
109900167,26,470,-444
109900168,36,398,-362
109900169,20,75,-55
109900170,136,136,0
109900171,20,45,-25
109900172,26,68,-42
109900173,3042,359,2683
109900174,16,102,-86
109900175,16,84,-68
109900176,42,174,-132
109900177,12,256,-244
109900178,0,79,-79
109900179,4,13,-9
109900180,0,1,-1
110000001,278,425,-147
110000002,193,225,-32
110000003,590,476,114
110000004,267,244,23
110000005,624,539,85
110000006,422,306,116
110000007,66,91,-25
110000008,2,18,-16
110000009,14,26,-12
110000010,2,42,-40
110000011,9,60,-51
110000012,413,358,55
110000013,10,169,-159
110000014,558,208,350
110000015,259,278,-19
110000016,193,360,-167
110000017,3343,231,3112
110000018,3282,417,2865
110000019,8,125,-117
110000020,346,144,202
110000021,248,215,33
110000022,361,141,220
110000023,1,126,-125
110000024,432,278,154
110000025,44,2,42
110000026,7,497,-490
110000027,265,150,115
110000028,309,416,-107
110000029,151,735,-584
110000030,69,167,-98
110000031,71,467,-396
110000032,278,196,82
110000033,38,102,-64
110000034,98,565,-467
110000035,150,1037,-887
110000036,222,594,-372
110000037,50,1078,-1028
110000038,116,361,-245
110000039,157,484,-327
110000040,209,419,-210
110000041,11,84,-73
110000042,45,388,-343
110000043,44,14,30
110000044,23,82,-59
110000045,53,9,44
110000046,2,6,-4
110000047,0,0,0
110000048,2,7,-5
110000049,0,0,0
110000050,5,12,-7
110000051,0,0,0
110000052,12,23,-11
110000053,4,0,4
110000054,65,247,-182
110000055,31,4,27
110000056,8,37,-29
110000057,134,639,-505
110000058,284,570,-286
110000059,315,460,-145
110000060,221,357,-136
110000061,753,735,18
110000062,359,386,-27
110000063,11,39,-28
110000064,34,142,-108
110000065,18,48,-30
110000066,12,27,-15
110000067,36,275,-239
110000068,43,408,-365
110000069,46,52,-6
110000071,19,67,-48
110000073,1,22,-21
110000075,11,87,-76
110000076,215,133,82
110000077,221,308,-87
110000078,7,37,-30
110000080,117,360,-243
110000081,8,177,-169
110000082,12,121,-109
110000083,153,359,-206
110000084,192,190,2
110000085,2386,806,1580
110000086,690,370,320
110000087,2,45,-43
110000088,12,142,-130
110000089,38,124,-86
110000090,14,168,-154
110000091,1362,222,1140
110000092,16,71,-55
110000093,8,1,7
110000094,248,139,109
110000095,27,235,-208
110000096,3156,1010,2146
110000097,403,420,-17
110000098,506,162,344
110000099,517,995,-478
110000100,83,654,-571
110000101,4,504,-500
110000102,25,14,11
110000104,23,38,-15
110000105,14,189,-175
110000106,128,61,67
110000107,177,265,-88
110000108,15,19,-4
110000109,154,247,-93
110000110,2911,1221,1690
110000111,7159,1124,6035
110000112,720,156,564
110000113,437,328,109
110000114,44,165,-121
110000115,57,117,-60
110000116,4,13,-9
110000117,42,479,-437
110000118,160,200,-40
110000119,79,322,-243
110000120,122,109,13
110000121,38,188,-150
110000122,148,385,-237
110000123,134,190,-56
110000124,1,684,-683
110000125,344,1,343
110000126,90,4,86
110000127,139,7,132
110000128,19,1424,-1405
110000129,2,399,-397
110000130,30,51,-21
110000131,55,232,-177
110000132,3,518,-515
110000133,29,166,-137
110000134,14,167,-153
110000135,59,19,40
110000136,15,232,-217
110000137,102,571,-469
110000138,191,753,-562
110000139,206,1099,-893
110000140,349,115,234
110000143,288,170,118
110000144,1793,416,1377
110000145,548,320,228
110000146,1352,388,964
110000147,73,478,-405
110000148,72,115,-43
110000151,396,270,126
110000152,312,177,135
110000153,10,46,-36
110000154,23,4,19
110000155,874,891,-17
110000156,402,630,-228
110000157,1206,845,361
110000160,177,344,-167
110000161,80,404,-324
110000166,62,82,-20
110000167,161,231,-70
110000168,231,106,125
110000169,87,110,-23
110000170,19,35,-16
110000171,146,143,3
110000172,74,556,-482
110000173,510,756,-246
110000174,44,1055,-1011
110000175,62,38,24
110000176,15,86,-71
110000177,41,343,-302
110000178,466,402,64
110000179,836,198,638
110000180,39,227,-188
110000181,164,240,-76
110000182,234,200,34
110000183,8847,2324,6523
110000184,310,981,-671
110000185,844,471,373
110000186,478,365,113
110000191,128,345,-217
110000192,89,1,88
110000193,103,1,102
110000194,5,1020,-1015
110000195,55,299,-244
110000196,69,442,-373
110000197,15,167,-152
110000198,37,60,-23
110000199,23,81,-58
110000200,934,579,355
110000201,244,285,-41
110000202,296,195,101
110000203,229,790,-561
110000204,1,325,-324
110000205,18,51,-33
110000206,311,1484,-1173
110000207,119,146,-27
110000208,41,59,-18
110000209,61,637,-576
110000210,3,8,-5
110000211,1,5,-4
110000212,71,446,-375
110000213,9,23,-14
110000214,40,58,-18
110000215,24,616,-592
110000216,12,608,-596
110000217,60,129,-69
110000218,34,368,-334
110000219,76,34,42
110000220,18,372,-354
110000221,74,45,29
110000222,14,273,-259
110000223,4,23,-19
110000224,24,3,21
110000225,92,294,-202
110000226,6,9,-3
110000227,282,216,66
110000228,58,24,34
110000229,0,196,-196
110000230,208,413,-205
110000231,62,77,-15
110000232,63,165,-102
110000233,20,118,-98
110000234,311,252,59
110000235,476,500,-24
110000236,109,749,-640
110000237,686,699,-13
110000238,357,764,-407
110000239,537,940,-403
110000240,0,122,-122
110000242,0,29,-29
110000243,30,213,-183
110000244,66,196,-130
110000245,13,234,-221
110000246,171,443,-272
110000247,772,2712,-1940
110000248,1131,1024,107
110000249,30,2,28
110000250,6,189,-183
110000251,25,351,-326
110000252,68,219,-151
110000253,414,244,170
110000254,260,1036,-776
110000255,131,960,-829
110000256,175,78,97
110000257,128,269,-141
110000258,2,394,-392
110000259,15,14,1
110000260,6,388,-382
110000263,199,106,93
110000264,75,536,-461
110000265,521,646,-125
110000266,719,1019,-300
110000267,7,169,-162
110000268,41,324,-283
110000269,1,72,-71
110000270,5,0,5
110000271,872,155,717
110000272,322,591,-269
110000273,901,815,86
110000274,194,490,-296
110000275,2471,279,2192
110000276,47,203,-156
110000277,50,239,-189
110000278,136,633,-497
110000279,123,377,-254
110000280,54,259,-205
110000281,7,125,-118
110000282,18,30,-12
110000283,4,16,-12
110000284,8,22,-14
110000285,0,99,-99
110000286,0,0,0
110000287,7,1,6
110000288,1,84,-83
110000289,223,619,-396
110000290,1016,370,646
110000291,4780,840,3940
110000292,851,1496,-645
110000293,134,755,-621
110000294,169,358,-189
110000295,43,655,-612
110000296,76,187,-111
110000297,1162,213,949
110000298,143,347,-204
110000299,169,12,157
110000301,75,4,71
110000302,63,1110,-1047
110000303,67,3,64
110000304,53,239,-186
110000305,173,9,164
110000306,83,2043,-1960
110000307,294,0,294
110000308,66,5,61
110000309,7,1436,-1429
110000310,134,47,87
110000311,7,902,-895
110000312,190,20,170
110000313,1514,1066,448
110000314,0,198,-198
110000315,1589,1170,419
110000316,322,776,-454
110000317,300,392,-92
110000318,3,82,-79
110000319,6,4,2
110000320,12,52,-40
110000321,5,36,-31
110000322,51,554,-503
110000323,80,327,-247
110000324,4220,844,3376
110000325,294,775,-481
110000327,117,120,-3
110000328,114,497,-383
110000333,131,162,-31
110000334,217,1071,-854
110000335,255,304,-49
110000336,142,1116,-974
110000337,196,236,-40
110000338,36,210,-174
110000339,36,185,-149
110000340,21,130,-109
110000341,85,500,-415
110000342,56,1,55
110000343,0,18,-18
110000344,9,132,-123
110000345,41,42,-1
110000346,1350,695,655
110000347,461,351,110
110000348,3,19,-16
110000349,5,6,-1
110000350,9,0,9
110000351,141,478,-337
110000352,160,1190,-1030
110000353,1840,426,1414
110000354,436,1293,-857
110000355,27,71,-44
110000356,3,0,3
110000357,114,16,98
110000361,12,65,-53
110000362,9,103,-94
110000363,121,82,39
110000364,34,220,-186
110000365,30,0,30
110000366,0,66,-66
110000367,159,184,-25
110000368,1,43,-42
110000369,12,1,11
110000373,2,257,-255
110000374,10,2,8
110000375,34,491,-457
110000376,12,86,-74
110000377,0,1,-1
110000378,26,206,-180
110000379,2317,729,1588
110000380,9,7,2
110000383,0,279,-279
110000384,425,54,371
110000385,0,190,-190
110000387,0,9,-9
110000388,7,182,-175
110000389,146,77,69
110000391,3,326,-323
110000396,13,132,-119
110000397,22,163,-141
110000398,1,11,-10
110000399,1,2,-1
110000587,15,23,-8
110000589,46,117,-71
110000640,64,88,-24
110000652,1,83,-82
110000653,35,286,-251
110000654,0,17,-17
110000656,0,440,-440
110000674,3,12,-9
110000675,0,14,-14
110000676,0,23,-23
110000679,480,175,305
110000682,33,16,17
110000683,325,277,48
110000684,2,42,-40
110000685,1,1,0
110000686,0,18,-18
110000687,1,0,1
110000688,17,192,-175
110000689,9,50,-41
110000692,49,244,-195
110000693,35,129,-94
110000694,2,93,-91
110000695,65,675,-610
110000696,94,142,-48
110900001,30,11,19
110900002,9,155,-146
110900003,48,911,-863
110900004,47,330,-283
110900005,3651,461,3190
110900006,17,3,14
110900007,5,4,1
110900008,19,40,-21
110900009,67,5,62
110900010,7,66,-59
110900011,0,56,-56
110900012,1,127,-126
110900013,255,77,178
110900014,29,8,21
110900015,443,68,375
110900016,0,165,-165
110900017,59,45,14
110900018,76,21,55
110900019,10,5,5
110900020,7,496,-489
110900021,21,558,-537
110900022,35,340,-305
110900023,59,494,-435
110900024,9,477,-468
110900025,3,54,-51
110900027,8,199,-191
110900028,10,174,-164
110900029,9,392,-383
110900030,6,304,-298
110900031,0,177,-177
110900032,1,81,-80
110900033,11,246,-235
110900035,12,279,-267
110900036,20,16,4
110900037,12,17,-5
110900038,933,94,839
110900039,4,171,-167
110900040,80,8,72
110900041,2,161,-159
110900042,27,54,-27
110900043,0,170,-170
110900044,152,16,136
110900045,14,615,-601
110900046,106,196,-90
110900047,482,44,438
110900049,20,14,6
110900050,3,0,3
110900051,15,141,-126
110900052,3,169,-166
110900053,27,74,-47
110900054,8,280,-272
110900055,2,0,2
110900056,24,69,-45
110900057,0,208,-208
110900058,34,251,-217
110900059,254,685,-431
110900060,63,48,15
110900061,25,23,2
110900062,27,279,-252
110900063,5,68,-63
110900064,1,0,1
110900065,305,54,251
110900066,0,66,-66
110900067,577,240,337
110900068,162,215,-53
110900069,0,26,-26
110900070,46,35,11
110900071,97,92,5
110900073,0,14,-14
110900074,93,41,52
110900075,79,41,38
110900077,92,208,-116
110900078,3,110,-107
110900079,1203,174,1029
110900080,10,31,-21
110900081,0,112,-112
110900082,10,118,-108
110900083,22,8,14
110900084,6,192,-186
110900085,27,259,-232
110900086,15,39,-24
110900087,63,57,6
110900088,6,0,6
110900090,12,24,-12
110900091,0,63,-63
110900093,100,14,86
110900095,9,53,-44
110900097,2,9,-7
110900098,11,80,-69
110900099,39,527,-488
110900100,0,11,-11
110900102,2,16,-14
110900105,773,321,452
110900108,0,74,-74
110900111,187,22,165
110900112,103,1,102
110900113,313,14,299
110900115,1,56,-55
110900116,76,1942,-1866
110900118,97,315,-218
110900119,4761,169,4592
110900120,1,78,-77
110900121,30,1,29
110900122,44,73,-29
110900125,75,90,-15
110900127,238,282,-44
110900128,67,80,-13
110900129,155,90,65
110900130,593,113,480
110900131,8,58,-50
110900132,60,20,40
110900133,27,223,-196
110900135,64,469,-405
110900136,50,1,49
110900137,19,0,19
110900138,221,533,-312
110900139,3,38,-35
110900140,19,1,18
110900141,0,43,-43
110900142,20,150,-130
110900143,16,38,-22
110900144,5,461,-456
110900145,53,5,48
110900146,219,23,196
110900147,100,127,-27
110900148,2,222,-220
110900149,0,52,-52
110900150,5,15,-10
110900151,0,47,-47
110900152,12,281,-269
110900153,12,6,6
111000001,148,155,-7
111000002,329,495,-166
111000003,135,131,4
111000004,281,840,-559
111000005,246,248,-2
111000006,558,918,-360
111000007,1723,590,1133
111000008,2436,2124,312
111000009,197,632,-435
111000010,189,99,90
111000011,380,622,-242
111000012,326,148,178
111000013,209,799,-590
111000014,380,235,145
111000017,82,318,-236
111000018,74,318,-244
111000020,1866,1368,498
111000021,33,38,-5
111000023,35,42,-7
111000025,5003,983,4020
111000029,30,71,-41
111000030,13,39,-26
111000031,1090,222,868
111000032,201,112,89
111000033,124,57,67
111000034,154,101,53
111000037,2042,730,1312
111000038,1128,1456,-328
111000039,575,1453,-878
111000040,745,1596,-851
111000041,727,804,-77
111000042,5106,1639,3467
111000043,353,191,162
111000044,302,51,251
111000045,368,477,-109
111000046,312,408,-96
111000047,505,635,-130
111000049,156,363,-207
111000050,1084,1268,-184
111000051,176,789,-613
111000052,300,960,-660
111000053,177,733,-556
111000054,155,682,-527
111000055,661,1614,-953
111000056,44,589,-545
111000057,29,703,-674
111000058,25,58,-33
111000059,47,109,-62
111000060,238,168,70
111000061,112,261,-149
111000062,93,138,-45
111000063,441,377,64
111000064,103,247,-144
111000065,231,334,-103
111000066,51,114,-63
111000067,171,548,-377
111000068,145,472,-327
111000069,1045,1400,-355
111000070,1900,921,979
111000071,131,542,-411
111000072,63,11,52
111000073,2,26,-24
111000074,278,232,46
111000075,101,189,-88
111000076,72,234,-162
111000077,452,569,-117
111000078,840,839,1
111000079,623,465,158
111000080,156,388,-232
111000081,1613,1992,-379
111000082,236,454,-218
111000084,215,306,-91
111000085,349,813,-464
111000086,1118,617,501
111000087,410,491,-81
111000088,2492,684,1808
111000089,193,582,-389
111000090,695,899,-204
111000091,315,582,-267
111000092,341,994,-653
111000093,201,472,-271
111000094,510,510,0
111000095,204,896,-692
111000096,1764,3083,-1319
111000097,4490,675,3815
111000098,186,1035,-849
111000099,170,1952,-1782
111000100,103,1912,-1809
111000101,206,748,-542
111000102,26,815,-789
111000104,17,57,-40
111000107,16,569,-553
111000109,34,48,-14
111000110,152,103,49
111000111,271,98,173
111000112,288,55,233
111000113,160,99,61
111000114,340,297,43
111000115,5230,450,4780
111000116,364,391,-27
111000117,221,398,-177
111000118,815,618,197
111000119,369,1073,-704
111000120,156,328,-172
111000121,81,293,-212
111000122,157,751,-594
111000123,209,2716,-2507
111000124,165,3138,-2973
111000125,64,1944,-1880
111000126,25,832,-807
111000127,48,24,24
111000128,91,39,52
111000129,159,54,105
111000130,155,296,-141
111000131,148,220,-72
111000132,76,58,18
111000133,57,77,-20
111000134,46,52,-6
111000135,15,67,-52
111000136,91,88,3
111000138,2,6,-4
111000140,1,1,0
111000141,36,197,-161
111000142,7,87,-80
111000143,3,77,-74
111000144,3,94,-91
111000145,0,0,0
111000146,0,0,0
111000147,0,0,0
111000148,15,49,-34
111000149,0,29,-29
111000150,4,3,1
111000151,4,20,-16
111000153,246,244,2
111000154,330,122,208
111000155,23,80,-57
111000156,83,71,12
111000157,23,76,-53
111000158,267,145,122
111000159,1091,226,865
111000160,97,199,-102
111000161,1,136,-135
111000162,3,118,-115
111000163,138,574,-436
111000164,548,1467,-919
111000165,644,271,373
111000166,537,193,344
111000167,72,326,-254
111000168,77,218,-141
111000169,100,188,-88
111000170,171,199,-28
111000171,224,663,-439
111000172,65,398,-333
111000173,60,981,-921
111000174,29,432,-403
111000175,18,214,-196
111000176,30,141,-111
111000177,65,207,-142
111000178,110,286,-176
111000179,14,129,-115
111000180,63,155,-92
111000181,199,158,41
111000182,28,58,-30
111000183,36,83,-47
111000184,67,77,-10
111000185,102,354,-252
111000186,52,241,-189
111000187,22,238,-216
111000188,39,263,-224
111000189,1120,438,682
111000190,124,464,-340
111000191,83,411,-328
111000192,98,689,-591
111000193,235,327,-92
111000194,13,311,-298
111000195,20,369,-349
111000196,12,234,-222
111000197,57,41,16
111000198,49,58,-9
111000199,16,45,-29
111000200,17,113,-96
111000201,87,99,-12
111000202,40,67,-27
111000203,27,55,-28
111000204,107,111,-4
111000213,33,188,-155
111000214,480,932,-452
111000215,372,852,-480
111000217,396,517,-121
111000218,236,482,-246
111000219,119,169,-50
111000220,2178,510,1668
111000221,321,119,202
111000224,1,239,-238
111000225,61,69,-8
111000226,9,0,9
111000227,3,0,3
111000228,10,107,-97
111000229,27,176,-149
111000230,58,355,-297
111000231,90,1155,-1065
111000232,89,635,-546
111000233,114,557,-443
111000234,18,107,-89
111000239,133,174,-41
111000240,14,17,-3
111000241,23,441,-418
111000242,6,14,-8
111000243,27,790,-763
111000244,17,14,3
111000245,161,435,-274
111000246,34,503,-469
111000247,53,1044,-991
111000248,103,288,-185
111000249,222,885,-663
111000250,21,159,-138
111000251,21,117,-96
111000253,0,0,0
111000255,0,0,0
111000257,0,0,0
111000260,14,1002,-988
111000261,147,10,137
111000271,13,257,-244
111000273,4492,759,3733
111000274,581,1096,-515
111000275,23,12,11
111000276,137,1972,-1835
111000277,89,389,-300
111000278,185,135,50
111000291,131,866,-735
111000298,127,150,-23
111000299,107,12,95
111000300,34,426,-392
111000302,77,57,20
111000303,41,186,-145
111000312,22,37,-15
111000315,1,207,-206
111000320,165,433,-268
111000321,94,31,63
111000322,61,383,-322
111000323,28,9,19
111000324,89,115,-26
111000325,6,32,-26
111000326,20,221,-201
111000327,104,306,-202
111000328,76,197,-121
111000329,2,13,-11
111000330,7,9,-2
111000331,1,3,-2
111000332,225,668,-443
111000334,151,1101,-950
111000335,102,80,22
111000337,117,336,-219
111000338,9,119,-110
111000339,58,719,-661
111000340,23,560,-537
111000341,333,78,255
111000342,13,175,-162
111000344,335,386,-51
111000345,10,6,4
111000346,1,67,-66
111000347,9,2,7
111000350,52,34,18
111000351,16,185,-169
111000352,43,30,13
111000353,19,187,-168
111000354,66,34,32
111000355,84,520,-436
111000358,22,1417,-1395
111000360,17,881,-864
111000361,37,364,-327
111000546,92,567,-475
111000547,44,386,-342
111000548,48,123,-75
111000549,41,253,-212
111000550,50,126,-76
111000551,263,37,226
111000552,59,16,43
111000907,22,58,-36
111000908,0,0,0
111000916,173,179,-6
111000917,12,276,-264
111000918,22,855,-833
111000920,38,3,35
111000921,3,302,-299
111000922,90,270,-180
111000924,7,918,-911
111000925,425,671,-246
111000926,398,1991,-1593
111000927,1759,1229,530
111000928,5244,2536,2708
111000929,246,375,-129
111000930,287,1819,-1532
111000931,580,722,-142
111000932,2226,1792,434
111000933,1311,666,645
111000934,1512,1988,-476
111000935,290,519,-229
111000936,336,1662,-1326
111000937,252,440,-188
111000938,899,1850,-951
111000939,7,3,4
111000940,93,208,-115
111000941,57,296,-239
111000943,41,168,-127
111000944,20,409,-389
111000945,2,1685,-1683
111001109,35,15,20
111001110,42,614,-572
111001111,7,1,6
111001112,28,9,19
111001113,31,72,-41
111001114,225,28,197
111001115,42,247,-205
111001116,2215,233,1982
111001117,509,334,175
111001120,39,217,-178
111001121,49,244,-195
111001122,103,633,-530
111001123,9,15,-6
111001124,23,309,-286
111900001,1,150,-149
111900002,4,746,-742
111900003,3,373,-370
111900004,9,171,-162
111900006,5,7,-2
111900007,12,2,10
111900008,32,0,32
111900009,14,124,-110
111900010,102,396,-294
111900012,89,67,22
111900013,1,26,-25
111900014,6434,751,5683
111900015,0,52,-52
111900016,1,131,-130
111900017,1,138,-137
111900018,5,0,5
111900019,0,20,-20
111900020,0,20,-20
111900021,7,37,-30
111900022,7,46,-39
111900023,81,25,56
111900024,2,73,-71
111900025,0,22,-22
111900026,0,75,-75
111900027,5,90,-85
111900028,1,422,-421
111900029,2,50,-48
111900030,35,231,-196
111900031,2,35,-33
111900032,2,439,-437
111900033,3,78,-75
111900034,41,244,-203
111900035,0,176,-176
111900036,3,388,-385
111900038,136,338,-202
111900039,26,286,-260
111900040,5,680,-675
111900042,45,41,4
111900043,2,479,-477
111900044,82,122,-40
111900046,34,194,-160
111900048,45,768,-723
111900049,14,363,-349
111900050,22,12,10
111900051,38,222,-184
111900052,279,585,-306
111900053,920,150,770
111900054,29,1,28
111900055,26,651,-625
111900056,47,40,7
111900057,11,15,-4
111900058,65,767,-702
111900059,991,58,933
111900060,59,0,59
111900061,20,279,-259
111900062,5,11,-6
111900063,30,142,-112
111900064,93,256,-163
111900065,16,14,2
111900066,7,45,-38
111900067,1,228,-227
111900068,3,7,-4
111900069,25,3,22
111900070,6,52,-46
111900071,1,240,-239
111900072,2,4,-2
111900073,118,14,104
111900074,6,166,-160
111900075,16,0,16
111900076,24,3,21
111900077,5,0,5
111900078,28,3,25
111900079,3,4,-1
111900080,80,14,66
111900081,236,28,208
111900082,12,2,10
111900083,8,1,7
111900084,5,0,5
111900085,1,6,-5
111900086,7,0,7
111900087,20,0,20
111900088,51,2,49
111900089,10,0,10
111900090,19,4,15
111900091,11,0,11
111900092,6,0,6
111900093,19,0,19
111900094,6,0,6
111900095,76,4,72
111900096,12,0,12
111900097,7,0,7
111900098,10,0,10
111900099,5,0,5
111900100,8,2,6
111900101,15,3,12
111900102,46,702,-656
111900103,15,6,9
111900104,13,38,-25
111900105,46,31,15
111900106,1301,30,1271
111900107,9,34,-25
111900108,20,16,4
111900109,48,25,23
111900110,3079,99,2980
111900111,16,174,-158
111900112,602,304,298
111900113,157,34,123
111900114,64,23,41
111900115,4,6,-2
111900118,34,11,23
111900119,33,12,21
111900122,28,1,27
111900123,6,3,3
111900124,2,76,-74
111900125,40,1,39
111900126,21,0,21
111900127,0,472,-472
111900128,2,384,-382
111900129,29,5,24
111900130,10,3,7
111900131,26,0,26
111900132,15,907,-892
111900133,2,217,-215
111900134,24,303,-279
111900135,0,2,-2
111900136,23,35,-12
111900137,32,34,-2
111900138,5,64,-59
111900139,22,109,-87
111900140,4,13,-9
111900141,7,2,5
111900142,34,4,30
111900143,2,244,-242
111900144,1,142,-141
111900145,1,706,-705
111900146,2,356,-354
111900147,105,511,-406
111900148,19,818,-799
111900149,3,363,-360
111900150,6,171,-165
111900151,1,15,-14
111900152,59,14,45
111900153,931,50,881
111900154,0,36,-36
111900155,8,9,-1
111900156,2,4,-2
111900157,5,6,-1
111900158,41,4,37
111900159,20,0,20
111900160,20,0,20
111900161,9,12,-3
111900162,49,23,26
111900163,23,109,-86
111900164,10,5,5
111901113,30,213,-183
111901114,7,380,-373
111901115,4,0,4
111901116,3,1,2
111901117,4,3,1
111901118,47,5,42
111901119,1253,63,1190
111901120,24,100,-76
111901121,110,296,-186
111901122,2,544,-542
111901123,22,376,-354
111901124,25,2,23
111901125,20,35,-15
111901126,17,2,15
111901127,752,119,633
111901128,6,67,-61
111901129,2,152,-150
111901130,7,244,-237
111901131,2,167,-165
111901132,4,2,2
111901133,4,0,4
111901134,9,1,8
111901135,4,0,4
111901136,2,3,-1
111901137,1,7,-6
111901138,13,41,-28
111901139,10,47,-37
111901140,5,102,-97
111901141,2,181,-179
111901142,8,134,-126
111901143,0,63,-63
111901144,16,0,16
111901145,38,48,-10
111901146,82,6,76
112000001,483,398,85
112000002,496,1886,-1390
112000003,243,339,-96
112000004,271,1483,-1212
112000005,568,540,28
112000006,866,1379,-513
112000007,497,441,56
112000008,777,1652,-875
112000009,2140,2385,-245
112000010,961,1220,-259
112000011,1177,1941,-764
112000012,4473,840,3633
112000013,6101,2710,3391
112000014,1177,315,862
112000015,1600,1408,192
112000016,1420,642,778
112000017,867,1037,-170
112000024,1293,433,860
112000026,3349,3872,-523
112000027,102,141,-39
112000028,1004,1422,-418
112000029,157,214,-57
112000030,188,106,82
112000031,1209,1274,-65
112000032,870,46,824
112000033,2111,432,1679
112000034,257,26,231
112000035,51,220,-169
112000036,299,280,19
112000037,410,976,-566
112000038,310,555,-245
112000039,6,36,-30
112000040,89,330,-241
112000041,208,414,-206
112000042,471,238,233
112000050,98,353,-255
112000051,163,256,-93
112000054,1207,1845,-638
112000057,442,210,232
112000058,316,312,4
112000059,632,192,440
112000061,5753,1129,4624
112000062,3926,342,3584
112000063,1456,315,1141
112000064,4444,4576,-132
112000065,1850,2400,-550
112000066,977,300,677
112000067,352,653,-301
112000068,456,362,94
112000069,295,2826,-2531
112000070,435,241,194
112000071,298,2988,-2690
112000072,331,484,-153
112000073,531,1419,-888
112000074,148,396,-248
112000075,219,328,-109
112000076,1867,2015,-148
112000077,176,563,-387
112000078,346,582,-236
112000079,607,1208,-601
112000080,210,703,-493
112000081,596,1234,-638
112000082,353,281,72
112000083,275,1274,-999
112000084,321,287,34
112000085,311,960,-649
112000086,315,761,-446
112000087,75,441,-366
112000088,116,392,-276
112000089,82,393,-311
112000090,83,255,-172
112000091,320,1130,-810
112000092,323,396,-73
112000093,689,968,-279
112000094,127,381,-254
112000095,238,629,-391
112000096,106,352,-246
112000097,107,210,-103
112000098,273,1315,-1042
112000099,128,142,-14
112000100,275,479,-204
112000101,164,800,-636
112000102,157,218,-61
112000103,116,1190,-1074
112000105,263,1579,-1316
112000106,228,175,53
112000107,1,76,-75
112000108,84,1274,-1190
112000109,5,13,-8
112000110,329,174,155
112000111,873,5213,-4340
112000112,1970,201,1769
112000113,816,2486,-1670
112000114,969,404,565
112000115,53,430,-377
112000116,158,726,-568
112000117,102,413,-311
112000118,327,731,-404
112000119,151,759,-608
112000120,33,361,-328
112000121,20,463,-443
112000122,67,38,29
112000123,66,48,18
112000124,26,33,-7
112000125,14,59,-45
112000126,46,450,-404
112000127,1473,415,1058
112000128,865,465,400
112000129,17,57,-40
112000130,12,35,-23
112000131,8,196,-188
112000132,24,248,-224
112000133,50,146,-96
112000134,100,334,-234
112000135,257,227,30
112000136,440,1075,-635
112000137,520,431,89
112000138,810,1199,-389
112000139,254,97,157
112000140,358,923,-565
112000141,119,142,-23
112000142,68,821,-753
112000143,210,132,78
112000144,99,1528,-1429
112000145,554,473,81
112000146,454,2131,-1677
112000147,532,764,-232
112000148,748,1776,-1028
112000149,39,276,-237
112000150,36,510,-474
112000151,82,238,-156
112000152,68,207,-139
112000153,47,115,-68
112000154,26,67,-41
112000155,82,30,52
112000157,226,165,61
112000158,64,474,-410
112000159,138,233,-95
112000167,75,6,69
112000169,150,223,-73
112000173,184,175,9
112000175,69,219,-150
112000176,4136,1503,2633
112000177,84,43,41
112000178,24,372,-348
112000179,40,166,-126
112000180,83,170,-87
112000181,434,1400,-966
112000182,159,1618,-1459
112000183,10,65,-55
112000184,79,255,-176
112000185,97,421,-324
112000187,1130,1457,-327
112000195,9,2,7
112000196,41,0,41
112000197,25,42,-17
112000198,16,456,-440
112000199,317,981,-664
112000202,1,1,0
112000216,31,63,-32
112000230,10,2,8
112000231,3,434,-431
112000256,5,21,-16
112000313,77,160,-83
112000314,5,4,1
112000337,80,453,-373
112000352,45,106,-61
112000392,1481,816,665
112000398,236,309,-73
112000399,491,475,16
112000400,1195,2841,-1646
112000401,1324,1906,-582
112000402,483,875,-392
112000403,565,663,-98
112000404,127,257,-130
112000405,431,931,-500
112000406,1901,2172,-271
112000407,1436,2435,-999
112000408,6179,4550,1629
112000409,982,3357,-2375
112000410,88,52,36
112000411,3663,243,3420
112000412,544,146,398
112000413,6499,515,5984
112000414,21,53,-32
112000415,22,17,5
112000416,495,576,-81
112000417,51,22,29
112000421,17,113,-96
112000422,123,379,-256
112000424,1361,629,732
112000425,174,720,-546
112000426,35,116,-81
112000427,0,8,-8
112000428,14,294,-280
112000429,801,1820,-1019
112000430,740,2098,-1358
112000431,7,7,0
112000432,255,1768,-1513
112000433,381,341,40
112000437,17,325,-308
112900001,4,0,4
112900002,25,1141,-1116
112900003,7,173,-166
112900004,8,334,-326
112900005,23,191,-168
112900006,2,418,-416
112900007,3,130,-127
112900008,0,7,-7
112900009,64,29,35
112900010,21,555,-534
112900011,251,182,69
112900012,0,57,-57
112900013,0,69,-69
112900014,1,224,-223
112900015,238,853,-615
112900016,2,195,-193
112900017,12,136,-124
112900018,1,314,-313
112900019,26,83,-57
112900020,433,1511,-1078
112900021,2,224,-222
112900022,0,42,-42
112900023,2,243,-241
112900024,10,126,-116
112900025,21,113,-92
112900026,2,250,-248
112900027,3,1179,-1176
112900028,21,115,-94
112900029,0,384,-384
112900030,222,142,80
112900031,1,492,-491
112900032,64,194,-130
112900034,0,17,-17
112900035,6,383,-377
112900036,19,111,-92
112900037,53,22,31
112900038,79,90,-11
112900039,10,230,-220
112900040,11,242,-231
112900041,774,286,488
112900042,16,353,-337
112900043,4,26,-22
112900044,254,225,29
112900045,388,176,212
112900046,144,30,114
112900047,3,2,1
112900049,6,48,-42
112900050,64,587,-523
112900051,270,695,-425
112900052,6,763,-757
112900053,149,66,83
112900054,194,20,174
112900055,78,6,72
112900056,85,49,36
112900057,4,723,-719
112900058,117,28,89
112900059,18,80,-62
112900060,0,173,-173
112900061,11,88,-77
112900062,15,139,-124
112900063,23,0,23
112900064,64,60,4
112900065,1,0,1
112900066,31,23,8
112900067,458,68,390
112900068,7,7,0
112900069,1978,168,1810
112900071,10,0,10
112900072,105,213,-108
112900073,42,13,29
112900074,7,22,-15
112900075,1658,122,1536
112900076,15,3,12
112900078,27,91,-64
112900079,27,1,26
112900080,1,0,1
112900081,11,32,-21
112900082,70,2,68
112900083,6,14,-8
112900084,18,12,6
112900085,0,0,0
112900086,2,0,2
112900087,115,24,91
112900088,6,0,6
112900089,163,3,160
112900090,12,3,9
112900091,13,3,10
112900092,56,28,28
112900093,155,4,151
112900094,0,0,0
112900095,0,0,0
112900096,92,41,51
112900097,6,269,-263
112900098,1,0,1
112900099,79,4,75
112900100,6,0,6
112900101,16,2,14
112900102,52,3,49
112900103,38,0,38
112900104,7,1,6
112900105,1,0,1
112900106,101,28,73
112900107,0,0,0
112900108,0,0,0
112900109,6,0,6
112900110,54,0,54
112900111,95,1,94
112900112,16,0,16
112900113,0,2,-2
112900114,5,17,-12
112900115,104,0,104
112900116,15,24,-9
112900117,74,74,0
112900118,13,40,-27
112900119,12,0,12
112900120,435,106,329
112900121,150,69,81
112900122,7,114,-107
112900123,67,1,66
112900124,0,107,-107
112900125,34,134,-100
112900126,57,193,-136
112900127,76,11,65
112900128,263,447,-184
112900129,2,907,-905
112900130,27,22,5
112900131,28,160,-132
112900132,50,373,-323
112900133,10,1166,-1156
112900134,1,273,-272
112900135,35,16,19
112900136,0,8,-8
112900137,4,760,-756
112900138,6,449,-443
112900139,106,854,-748
112900140,0,42,-42
112900141,91,21,70
112900142,35,14,21
112900143,24,458,-434
112900144,1,234,-233
112900145,19,337,-318
112900146,4,1190,-1186
112900147,5,2111,-2106
112900148,11,1,10
112900149,89,318,-229
112900151,23,17,6
112900152,4823,763,4060
112900153,659,226,433
112900154,0,42,-42
112900155,6,1,5
112900156,27,1581,-1554
112900157,20,10,10
112900158,5,4,1
112900159,41,32,9
112900160,5,210,-205
112900161,5,10,-5
112900162,8,4,4
112900163,28,8,20
112900164,10,29,-19
112900165,29,13,16
112900166,12,11,1
112900167,5,6,-1
112900168,0,0,0
112900169,4,3,1
112900170,12,53,-41
112900172,64,1,63
112900173,181,65,116
112900174,48,10,38
112900175,68,18,50
112900176,10,2,8
112900177,38,9,29
112900178,143,361,-218
112900179,38,490,-452
112900180,420,3991,-3571
112900181,87,1,86
112900182,29,1260,-1231
112900183,45,82,-37
112900184,227,186,41
112900185,163,158,5
112900186,1229,313,916
112900187,13,85,-72
112900188,784,233,551
112900189,0,10,-10
112900190,0,39,-39
112900192,163,49,114
112900193,448,91,357
112900194,4,86,-82
112900195,81,3,78
112900196,162,627,-465
112900197,41,406,-365
112900199,51,456,-405
112900200,57,137,-80
112900201,32,28,4
112900202,25,758,-733
112900203,36,106,-70
112900204,362,138,224
112900205,0,7,-7
112900206,0,25,-25
112900207,2,1,1
112900208,19,35,-16
112900209,171,335,-164
112900210,0,12,-12
112900211,22,26,-4
112900212,0,31,-31
112900213,1,12,-11
112900214,7,2,5
112900215,1,170,-169
112900216,9,24,-15
112900217,1,71,-70
112900218,2,4,-2
112900219,0,4,-4
112900220,0,0,0
112900221,0,84,-84
112900222,0,5,-5
112900223,179,1,178
112900224,22,587,-565
112900225,55,508,-453
112900226,167,93,74
112900227,58,1390,-1332
112900228,8,7,1
112900229,13,16,-3
112900230,7224,1180,6044
112900232,118,49,69
112900233,6,159,-153
112900234,2,88,-86
112900235,7,3,4
112900236,15,7,8
112900237,10,304,-294
112900238,1,31,-30
112900239,241,141,100
113000001,2670,2682,-12
113000002,1824,2106,-282
113000003,1214,887,327
113000004,1137,968,169
113000005,505,607,-102
113000006,292,605,-313
113000007,828,794,34
113000008,511,970,-459
113000009,327,582,-255
113000010,299,923,-624
113000011,322,1613,-1291
113000012,330,267,63
113000013,383,213,170
113000014,870,676,194
113000015,211,82,129
113000016,137,181,-44
113000017,40,238,-198
113000018,31,12,19
113000019,18,177,-159
113000020,4,8,-4
113000021,142,399,-257
113000022,147,1096,-949
113000025,30,179,-149
113000026,28,189,-161
113000027,99,193,-94
113000028,546,280,266
113000029,559,245,314
113000030,473,428,45
113000031,312,145,167
113000032,152,110,42
113000033,297,225,72
113000034,454,267,187
113000035,7,13,-6
113000036,29,39,-10
113000037,59,18,41
113000038,20,23,-3
113000039,44,257,-213
113000040,30,82,-52
113000042,287,176,111
113000051,353,986,-633
113000052,1518,767,751
113000053,111,498,-387
113000054,79,375,-296
113000055,241,612,-371
113000056,360,1330,-970
113000058,430,828,-398
113000059,374,311,63
113000060,45,439,-394
113000061,347,779,-432
113000062,792,75,717
113000063,32,195,-163
113000064,9,282,-273
113000065,72,1038,-966
113000066,72,67,5
113000067,457,570,-113
113000068,156,1675,-1519
113000069,136,1129,-993
113000070,312,339,-27
113000071,118,592,-474
113000072,149,195,-46
113000073,310,1161,-851
113000074,429,115,314
113000075,907,196,711
113000076,860,1077,-217
113000077,740,210,530
113000078,593,1032,-439
113000079,763,466,297
113000080,457,207,250
113000081,613,400,213
113000082,844,685,159
113000083,241,307,-66
113000084,703,861,-158
113000085,240,292,-52
113000086,482,700,-218
113000087,368,401,-33
113000088,1317,809,508
113000089,327,826,-499
113000090,50,112,-62
113000091,672,202,470
113000094,230,54,176
113000095,143,933,-790
113000096,129,661,-532
113000097,188,127,61
113000098,59,12,47
113000099,623,83,540
113000100,87,312,-225
113000101,275,349,-74
113000102,104,89,15
113000103,1286,546,740
113000104,196,1194,-998
113000105,110,271,-161
113000106,94,435,-341
113000107,208,572,-364
113000108,568,1095,-527
113000109,274,1193,-919
113000110,808,166,642
113000111,46,241,-195
113000112,99,122,-23
113000113,1606,121,1485
113000114,279,599,-320
113000116,437,165,272
113000117,542,150,392
113000118,58,189,-131
113000119,56,329,-273
113000120,9,124,-115
113000121,238,737,-499
113000124,35,95,-60
113000125,4,220,-216
113000127,2658,351,2307
113000128,284,386,-102
113000129,585,596,-11
113000133,3331,561,2770
113000134,3,310,-307
113000135,966,855,111
113000137,977,489,488
113000139,369,84,285
113000140,175,236,-61
113000141,334,45,289
113000142,592,747,-155
113000143,176,92,84
113000144,243,426,-183
113000145,22,106,-84
113000146,47,59,-12
113000147,71,93,-22
113000148,46,187,-141
113000149,53,109,-56
113000150,266,265,1
113000151,70,50,20
113000152,26,133,-107
113000153,1196,341,855
113000154,416,486,-70
113000155,160,172,-12
113000156,98,345,-247
113000157,148,648,-500
113000158,317,128,189
113000159,483,245,238
113000160,360,983,-623
113000161,127,669,-542
113000162,300,169,131
113000163,27,22,5
113000164,14,82,-68
113000166,15,27,-12
113000167,19,181,-162
113000168,25,207,-182
113000169,47,16,31
113000170,18,21,-3
113000171,42,89,-47
113000172,61,18,43
113000173,14,3,11
113000174,62,531,-469
113000175,82,25,57
113000176,80,31,49
113000177,38,331,-293
113000178,76,348,-272
113000179,28,20,8
113000180,229,824,-595
113000181,298,766,-468
113000182,103,100,3
113000183,114,404,-290
113000184,3,68,-65
113000189,232,394,-162
113000190,1380,242,1138
113000192,1322,876,446
113000193,2043,459,1584
113000194,662,824,-162
113000195,703,306,397
113000196,33,44,-11
113000197,299,368,-69
113000198,22,159,-137
113000199,352,288,64
113000201,58,110,-52
113000202,2023,520,1503
113000203,32,15,17
113000204,663,898,-235
113000205,3,21,-18
113000206,4,21,-17
113000207,23,12,11
113000208,18,27,-9
113000209,9,21,-12
113000210,7,8,-1
113000211,182,73,109
113000212,261,8,253
113000213,2,43,-41
113000214,34,84,-50
113000234,73,1139,-1066
113000410,29,36,-7
113000411,1850,2831,-981
113000412,8666,1087,7579
113000413,3920,1272,2648
113000414,10259,5568,4691
113000415,2203,1552,651
113000416,7700,2044,5656
113000417,2488,1778,710
113000418,2084,1633,451
113000419,1149,1137,12
113000420,2830,1647,1183
113000421,2209,2240,-31
113000422,15947,3241,12706
113000423,2760,1851,909
113000424,3646,2928,718
113000425,15,40,-25
113000428,176,36,140
113000430,21,47,-26
113000432,246,39,207
113000433,137,702,-565
113000434,13,397,-384
113000435,11,874,-863
113000436,30,1161,-1131
113000437,41,4,37
113000438,23,3,20
113000439,8,181,-173
113000440,18,16,2
113000441,34,149,-115
113000442,68,356,-288
113000443,25,140,-115
113000444,34,416,-382
113000445,13,64,-51
113000446,8,150,-142
113000448,74,69,5
113000449,160,127,33
113000450,326,353,-27
113000451,734,63,671
113000452,140,90,50
113000453,77,132,-55
113000454,127,6,121
113000455,9,141,-132
113000456,2193,1278,915
113000468,1965,181,1784
113000469,187,69,118
113000470,332,26,306
113000471,3,140,-137
113000472,39,163,-124
113000474,143,512,-369
113000475,845,1329,-484
113000476,492,1400,-908
113000477,951,1736,-785
113000478,2123,4034,-1911
113000479,12,206,-194
113000480,27,74,-47
113000483,0,0,0
113000485,0,0,0
113000486,0,0,0
113000487,0,0,0
113000488,0,0,0
113000489,0,0,0
113000490,0,0,0
113000491,0,0,0
113000492,0,0,0
113000493,0,0,0
113000495,105,233,-128
113000496,26,43,-17
113000499,0,0,0
113000500,0,1,-1
113900001,0,6,-6
113900002,1,28,-27
113900003,0,12,-12
113900004,0,2,-2
113900005,0,6,-6
113900006,0,2,-2
113900007,1,3,-2
113900008,1,0,1
113900009,7,0,7
113900010,6,0,6
113900011,0,0,0
113900012,0,0,0
113900013,33,0,33
113900014,450,1,449
113900015,1,42,-41
113900016,2,0,2
113900017,1,20,-19
113900018,262,21,241
113900019,31,25,6
113900020,9,0,9
113900022,0,0,0
113900023,0,0,0
113900024,12,54,-42
113900025,203,6,197
113900026,11,0,11
113900027,10,38,-28
113900028,7,289,-282
113900029,4,195,-191
113900030,21,0,21
113900031,0,0,0
113900032,7,0,7
113900033,32,51,-19
113900035,18,0,18
113900036,3,33,-30
113900037,25,423,-398
113900038,17,12,5
113900039,14,1,13
113900040,1,1,0
113900041,0,2,-2
113900042,7,25,-18
113900043,79,67,12
113900044,47,14,33
113900045,7,2,5
113900046,263,626,-363
113900047,6,79,-73
113900048,345,21,324
113900049,720,48,672
113900050,102,239,-137
113900051,57,237,-180
113900052,83,48,35
113900053,113,26,87
113900054,2,2,0
113900055,53,536,-483
113900056,4,73,-69
113900057,10,77,-67
113900058,17,137,-120
113900059,40,268,-228
113900060,93,209,-116
113900061,423,19,404
113900062,6,4,2
113900063,9,62,-53
113900064,7,136,-129
113900065,203,4,199
113900066,43,345,-302
113900067,21,293,-272
113900068,101,161,-60
113900069,23,2,21
113900070,90,393,-303
113900071,11,33,-22
113900072,3,106,-103
113900073,65,282,-217
113900074,4,285,-281
113900075,306,461,-155
113900076,55,4,51
113900077,11,217,-206
113900078,10,32,-22
113900079,2,58,-56
113900080,92,68,24
113900081,13,177,-164
113900082,33,128,-95
113900083,36,618,-582
113900084,65,40,25
113900085,19,325,-306
113900086,1,8,-7
113900087,8,172,-164
113900088,21,21,0
113900089,92,10,82
113900090,167,97,70
113900091,9,15,-6
113900092,2,28,-26
113900093,25,251,-226
113900094,47,274,-227
113900095,40,29,11
113900096,22,15,7
113900097,1,114,-113
113900098,99,11,88
113900099,1,42,-41
113900100,0,0,0
113900101,6,21,-15
113900102,20,41,-21
113900103,120,128,-8
113900104,42,50,-8
113900105,8,304,-296
113900106,0,59,-59
113900107,0,29,-29
113900108,104,93,11
113900109,150,33,117
113900110,5,2,3
113900111,23,65,-42
113900112,15,70,-55
113900113,190,146,44
113900114,1,91,-90
113900115,1,88,-87
113900116,19,46,-27
113900117,11,5,6
113900118,32,113,-81
113900119,168,95,73
113900120,15,16,-1
113900121,18,60,-42
113900122,124,436,-312
113900123,122,47,75
113900124,0,96,-96
113900125,921,106,815
113900126,44,15,29
113900127,73,171,-98
113900128,17,29,-12
113900129,1,38,-37
113900130,0,15,-15
113900131,12,21,-9
113900132,16,15,1
113900133,13,27,-14
113900135,86,361,-275
113900136,53,39,14
113900137,93,60,33
113900138,21,44,-23
113900139,456,53,403
113900140,289,83,206
113900141,80,328,-248
113900142,22,46,-24
113900143,23,5,18
113900144,220,67,153
113900145,48,105,-57
113900146,8,22,-14
113900148,97,92,5
113900149,46,17,29
113900150,1185,343,842
113900151,59,103,-44
113900152,8,30,-22
113900153,528,244,284
113900154,1,53,-52
113900155,148,50,98
113900156,119,520,-401
113900157,16,178,-162
113900158,364,83,281
113900159,4,69,-65
113900160,165,665,-500
113900161,7,71,-64
113900162,459,289,170
113900163,79,103,-24
113900164,49,14,35
113900165,490,342,148
113900166,119,55,64
113900167,77,49,28
113900168,71,91,-20
113900169,83,375,-292
113900171,23,11,12
113900172,5,158,-153
113900173,56,466,-410
113900174,134,648,-514
113900175,90,37,53
113900176,47,567,-520
113900177,121,98,23
113900178,43,11,32
113900179,17,597,-580
113900180,58,85,-27
113900181,132,21,111
113900182,134,676,-542
113900183,35,40,-5
113900184,15,421,-406
113900185,75,59,16
113900186,41,16,25
113900187,24,112,-88
113900188,12,96,-84
113900189,54,21,33
113900190,189,83,106
113900191,99,160,-61
113900192,0,163,-163
113900193,12,220,-208
113900194,1394,592,802
113900195,175,307,-132
113900196,4,116,-112
113900197,0,236,-236
113900198,2,54,-52
113900199,124,466,-342
113900200,12,167,-155
113900201,3,232,-229
113900202,16,135,-119
113900203,1,214,-213
113900204,8,504,-496
113900205,9,63,-54
113900206,1,76,-75
113900207,2,40,-38
113900208,0,40,-40
113900209,0,85,-85
113900210,312,204,108
113900211,60,3,57
113900212,26,437,-411
113900214,275,196,79
113900215,20,97,-77
113900216,10,1169,-1159
113900217,20,302,-282
113900218,32,15,17
113900219,46,324,-278
113900220,32,26,6
113900221,75,81,-6
113900222,112,121,-9
113900223,29,1054,-1025
113900224,56,27,29
113900225,412,89,323
113900226,94,69,25
113900227,154,64,90
113900228,305,151,154
113900229,12,284,-272
113900230,2919,523,2396
113900231,56,143,-87
113900232,16,62,-46
113900233,0,39,-39
113900234,62,138,-76
113900235,16,13,3
113900236,7,280,-273
113900237,35,6,29
113900238,90,173,-83
113900239,10,17,-7
113900240,1,53,-52
113900241,67,26,41
113900242,23,102,-79
113900243,69,242,-173
113900244,376,67,309
113900245,1140,109,1031
113900246,12,4,8
113900247,131,157,-26
113900248,2909,380,2529
113900249,690,67,623
113900250,25,34,-9
113900251,147,176,-29
113900252,167,10,157
113900253,160,17,143
113900254,98,29,69
113900255,66,6,60
113900256,80,10,70
113900257,20,629,-609
113900258,9,437,-428
113900259,77,176,-99
113900260,27,17,10
113900261,3,82,-79
113900262,30,627,-597
113900263,25,323,-298
113900264,6,543,-537
113900265,56,228,-172
113900266,19,231,-212
113900267,52,307,-255
113900268,90,110,-20
113900269,12,94,-82
113900270,90,142,-52
113900271,124,1113,-989
113900273,14,0,14
113900274,6,2,4
113900275,5,30,-25
113900276,1,224,-223
113900277,12,0,12
113900278,225,101,124
113900279,76,68,8
113900280,567,316,251
113900281,146,562,-416
113900282,405,151,254
113900283,180,217,-37
113900284,297,63,234
113900285,39,25,14
113900286,12,121,-109
113900287,6,49,-43
113900288,0,49,-49
113900289,1204,22,1182
113900290,332,31,301
113900291,106,164,-58
113900292,1,8,-7
113900293,4,154,-150
113900294,72,4,68
113900295,164,130,34
113900296,1943,230,1713
113900297,84,16,68
113900298,1,1143,-1142
113900299,8,127,-119
113900300,4875,958,3917
113900301,260,58,202
113900302,1447,353,1094
113900303,367,55,312
113900304,1,164,-163
113900305,9,0,9
113900306,1,0,1
113900307,28,0,28
113900308,44,48,-4
113900309,4,770,-766
113900310,0,22,-22
113900311,0,0,0
113900312,20,64,-44
113900313,27,12,15
114000001,717,2266,-1549
114000002,74,338,-264
114000003,25,287,-262
114000004,149,419,-270
114000005,102,189,-87
114000006,2047,1736,311
114000007,354,1150,-796
114000008,998,705,293
114000009,70,88,-18
114000011,1082,1898,-816
114000012,525,1965,-1440
114000013,406,1495,-1089
114000014,218,264,-46
114000015,665,372,293
114000016,143,377,-234
114000017,49,102,-53
114000018,252,66,186
114000026,294,1255,-961
114000027,532,1200,-668
114000028,735,1019,-284
114000038,62,114,-52
114000039,32,87,-55
114000040,46,113,-67
114000042,37,141,-104
114000043,5,170,-165
114000044,39,39,0
114000045,9,94,-85
114000046,1321,3612,-2291
114000047,0,58,-58
114000048,16,18,-2
114000049,664,531,133
114000050,617,476,141
114000051,1935,667,1268
114000052,1500,455,1045
114000053,9,223,-214
114000054,18,991,-973
114000055,80,10,70
114000056,380,351,29
114000057,6297,1661,4636
114000058,166,196,-30
114000059,87,78,9
114000060,130,652,-522
114000061,1405,392,1013
114000062,591,254,337
114000063,2102,1227,875
114000064,5135,1605,3530
114000065,944,1345,-401
114000066,86,355,-269
114000067,15,98,-83
114000068,243,268,-25
114000069,306,298,8
114000070,980,481,499
114000071,205,705,-500
114000072,44,343,-299
114000073,2,32,-30
114000074,7,12,-5
114000075,5,62,-57
114000076,3,53,-50
114000077,0,16,-16
114000078,68,1404,-1336
114000079,29,15,14
114000080,26,24,2
114000081,5,9,-4
114000082,61,482,-421
114000083,7,223,-216
114000084,30,41,-11
114000085,39,730,-691
114000086,54,579,-525
114000087,24,227,-203
114000088,9,20,-11
114000089,909,202,707
114000090,133,118,15
114000091,603,185,418
114000092,396,147,249
114000093,333,418,-85
114000094,119,196,-77
114000095,29,28,1
114000096,46,453,-407
114000097,36,832,-796
114000098,56,16,40
114000099,82,998,-916
114000100,161,521,-360
114000101,190,1161,-971
114000102,26,91,-65
114000103,28,349,-321
114000104,7,200,-193
114000105,30,60,-30
114000106,676,220,456
114000107,41,94,-53
114000108,1480,882,598
114000109,24,91,-67
114000110,234,1178,-944
114000111,145,87,58
114000112,127,1137,-1010
114000113,134,111,23
114000114,639,1100,-461
114000115,243,100,143
114000116,85,164,-79
114000117,259,115,144
114000118,242,120,122
114000119,195,93,102
114000120,291,857,-566
114000121,192,416,-224
114000122,164,184,-20
114000123,146,56,90
114000124,93,97,-4
114000125,446,1372,-926
114000126,161,59,102
114000127,9,79,-70
114000128,69,166,-97
114000130,31,31,0
114000131,16,18,-2
114000132,344,631,-287
114000133,788,960,-172
114000134,44,204,-160
114000138,21,119,-98
114000139,174,86,88
114000144,152,121,31
114000145,42,151,-109
114000146,41,310,-269
114000147,364,346,18
114000148,894,169,725
114000149,54,41,13
114000150,470,372,98
114000151,392,372,20
114000152,79,6,73
114000153,518,733,-215
114000154,438,372,66
114000155,575,757,-182
114000156,184,195,-11
114000157,79,377,-298
114000158,1776,416,1360
114000159,98,269,-171
114000160,73,155,-82
114000161,535,325,210
114000162,297,220,77
114000163,17,138,-121
114000165,82,68,14
114000166,218,52,166
114000167,2655,675,1980
114000168,344,458,-114
114000169,527,174,353
114000170,144,122,22
114000171,145,182,-37
114000174,104,313,-209
114000176,263,257,6
114000177,1502,431,1071
114000178,17,30,-13
114000179,296,64,232
114000180,175,393,-218
114000181,648,1024,-376
114000182,4699,1369,3330
114000183,647,503,144
114000184,383,1469,-1086
114000185,136,138,-2
114000189,32,13,19
114000190,266,33,233
114000191,9,19,-10
114000192,214,1185,-971
114000193,714,2845,-2131
114000194,536,972,-436
114000195,22,4,18
114000196,1,256,-255
114000197,154,13,141
114000198,847,346,501
114000199,1276,608,668
114000200,334,2043,-1709
114000201,51,868,-817
114000202,385,673,-288
114000203,98,637,-539
114000204,69,308,-239
114000205,91,1309,-1218
114000206,166,955,-789
114000207,349,2009,-1660
114000208,226,2563,-2337
114000209,379,2617,-2238
114000210,152,1460,-1308
114000211,330,855,-525
114000212,320,449,-129
114000213,405,327,78
114000214,11,228,-217
114000215,41,41,0
114000216,97,5,92
114000217,10,228,-218
114000218,28,222,-194
114000219,200,221,-21
114000220,3,1118,-1115
114000221,105,55,50
114000222,68,836,-768
114000223,96,13,83
114000224,50,508,-458
114000225,42,320,-278
114000226,14,199,-185
114000227,183,258,-75
114000228,193,599,-406
114000229,231,920,-689
114000230,495,937,-442
114000231,238,836,-598
114000232,135,52,83
114000233,366,56,310
114000234,347,642,-295
114000235,339,1207,-868
114000236,1,612,-611
114000237,32,851,-819
114000238,16,76,-60
114000239,102,1095,-993
114000240,314,412,-98
114000241,138,673,-535
114000242,608,603,5
114000243,291,407,-116
114000244,92,41,51
114000245,141,564,-423
114000246,77,29,48
114000247,206,485,-279
114000248,169,230,-61
114000249,177,265,-88
114000250,44,403,-359
114000251,42,285,-243
114000252,14,110,-96
114000253,2,45,-43
114000254,6,83,-77
114000255,244,75,169
114000256,550,248,302
114000257,412,1845,-1433
114000258,34,428,-394
114000259,10,229,-219
114000260,0,11,-11
114000261,3,0,3
114000262,21,176,-155
114000263,0,0,0
114000264,154,688,-534
114000265,0,2,-2
114000267,5,637,-632
114000268,2,1623,-1621
114000270,0,0,0
114000271,102,65,37
114000283,144,350,-206
114000285,39,254,-215
114000288,20,336,-316
114000289,390,66,324
114000293,55,240,-185
114000294,50,112,-62
114000395,108,43,65
114000396,78,99,-21
114000402,72,268,-196
114000403,115,394,-279
114000405,26,487,-461
114000423,30,474,-444
114000424,71,224,-153
114000425,73,570,-497
114000426,24,24,0
114000427,24,105,-81
114000428,99,32,67
114000429,3,139,-136
114000432,17,90,-73
114000434,9,84,-75
114000435,3,153,-150
114000436,4203,1049,3154
114000437,67,196,-129
114900001,110,1139,-1029
114900002,203,10,193
114900003,76,1543,-1467
114900004,29,45,-16
114900005,98,602,-504
114900006,7,8,-1
114900007,12,1,11
114900008,10,19,-9
114900010,1801,650,1151
114900011,15,40,-25
114900013,21,31,-10
114900015,15,60,-45
114900018,211,16,195
114900020,21,26,-5
114900022,2,287,-285
114900024,12,45,-33
114900025,72,143,-71
114900026,20,21,-1
114900027,60,143,-83
114900029,8,4,4
114900030,33,185,-152
114900031,28,9,19
114900032,22,12,10
114900033,787,97,690
114900034,46,219,-173
114900035,67,153,-86
114900036,104,1106,-1002
114900037,31,136,-105
114900038,113,1261,-1148
114900039,224,734,-510
114900040,13,139,-126
114900041,118,749,-631
114900042,148,937,-789
114900043,647,168,479
114900044,17,4,13
114900046,38,105,-67
114900047,55,509,-454
114900048,26,108,-82
114900049,9,211,-202
114900050,8,497,-489
114900051,9,417,-408
114900052,88,97,-9
114900053,39,133,-94
114900054,21,132,-111
114900057,28,1,27
114900058,0,68,-68
114900059,4,19,-15
114900060,573,173,400
114900061,36,167,-131
114900062,179,156,23
114900063,25,155,-130
114900064,178,699,-521
114900065,72,430,-358
114900067,6,205,-199
114900068,45,125,-80
114900069,206,149,57
114900070,91,456,-365
114900072,8,175,-167
114900073,0,175,-175
114900074,57,678,-621
114900075,25,2,23
114900076,0,354,-354
114900080,1914,203,1711
114900082,2164,691,1473
114900083,105,363,-258
114900090,26,51,-25
114900091,57,87,-30
114900095,317,105,212
114900096,335,297,38
114900097,11,0,11
114900098,1,96,-95
114900099,21,1,20
115000001,7011,5424,1587
115000002,1086,973,113
115000003,2490,4037,-1547
115000004,668,1475,-807
115000005,673,2326,-1653
115000006,154,496,-342
115000007,33,81,-48
115000008,139,98,41
115000009,78,199,-121
115000010,85,55,30
115000013,58,72,-14
115000015,46,111,-65
115000016,180,125,55
115000019,3,187,-184
115000020,119,55,64
115000021,217,247,-30
115000022,428,219,209
115000023,37,81,-44
115000024,706,441,265
115000025,115,117,-2
115000026,100,247,-147
115000027,7,37,-30
115000028,80,487,-407
115000029,23,24,-1
115000030,88,633,-545
115000031,134,63,71
115000032,8,189,-181
115000033,7,2,5
115000034,77,648,-571
115000035,43,2,41
115000036,0,314,-314
115000037,15,0,15
115000038,32,81,-49
115000039,1178,900,278
115000040,3537,1285,2252
115000041,339,913,-574
115000042,257,297,-40
115000043,1449,1204,245
115000044,2300,3076,-776
115000045,815,1812,-997
115000046,406,1007,-601
115000047,484,865,-381
115000048,811,2595,-1784
115000049,831,2143,-1312
115000050,859,700,159
115000051,1144,577,567
115000052,2297,1354,943
115000053,609,527,82
115000054,521,840,-319
115000055,20,309,-289
115000056,13,69,-56
115000057,109,273,-164
115000058,22,49,-27
115000059,22,113,-91
115000061,19,20,-1
115000062,44,223,-179
115000063,43,289,-246
115000064,13,31,-18
115000065,14,122,-108
115000067,0,0,0
115000069,10,182,-172
115000070,13,245,-232
115000071,12,1,11
115000072,37,31,6
115000073,351,18,333
115000075,9,44,-35
115000076,1791,2551,-760
115000077,501,3242,-2741
115000078,222,1606,-1384
115000079,360,1833,-1473
115000080,549,2065,-1516
115000081,175,750,-575
115000082,1171,1566,-395
115000083,793,2889,-2096
115000084,242,487,-245
115000085,206,814,-608
115000086,103,482,-379
115000087,253,1011,-758
115000088,536,228,308
115000089,1156,1191,-35
115000090,470,68,402
115000091,206,923,-717
115000092,103,239,-136
115000093,2,0,2
115000094,5098,1908,3190
115000095,4114,2261,1853
115000096,180,1554,-1374
115000097,140,507,-367
115000098,168,615,-447
115000099,342,2189,-1847
115000100,120,244,-124
115000101,200,1270,-1070
115000102,112,93,19
115000103,203,783,-580
115000105,18,147,-129
115000106,59,94,-35
115000107,48,515,-467
115000108,2796,2234,562
115000109,3279,655,2624
115000110,615,368,247
115000111,367,722,-355
115000112,267,240,27
115000113,355,382,-27
115000114,889,422,467
115000116,1821,635,1186
115000117,1778,704,1074
115000118,604,720,-116
115000119,603,680,-77
115000120,314,362,-48
115000121,1019,377,642
115000122,1933,401,1532
115000123,932,522,410
115000124,236,266,-30
115000125,139,339,-200
115000126,66,175,-109
115000127,99,111,-12
115000128,611,308,303
115000129,43,86,-43
115000130,95,677,-582
115000131,70,168,-98
115000132,49,305,-256
115000133,131,233,-102
115000134,154,143,11
115000135,32,176,-144
115000136,48,97,-49
115000137,36,163,-127
115000138,39,62,-23
115000139,111,252,-141
115000140,43,106,-63
115000141,51,245,-194
115000142,32,251,-219
115000143,51,291,-240
115000144,101,39,62
115000145,51,490,-439
115000146,38,142,-104
115000147,91,451,-360
115000148,147,1195,-1048
115000149,188,130,58
115000150,308,1088,-780
115000151,170,264,-94
115000152,235,1604,-1369
115000153,153,218,-65
115000154,140,195,-55
115000155,210,1108,-898
115000156,357,288,69
115000157,449,614,-165
115000158,375,125,250
115000159,240,158,82
115000160,361,256,105
115000161,317,370,-53
115000162,285,134,151
115000163,444,458,-14
115000164,314,348,-34
115000165,81,134,-53
115000167,12,12,0
115000168,153,129,24
115000169,205,325,-120
115000170,31,111,-80
115000171,64,58,6
115000172,1251,359,892
115000173,49,61,-12
115000174,3,29,-26
115000175,16,55,-39
115000176,11,9,2
115000177,13,34,-21
115000178,3,216,-213
115000179,7,6,1
115000180,23,527,-504
115000181,63,81,-18
115000182,89,168,-79
115000183,54,722,-668
115000186,94,178,-84
115000187,40,463,-423
115000188,99,188,-89
115000189,120,312,-192
115000190,127,104,23
115000191,131,217,-86
115000194,82,61,21
115000195,82,24,58
115000196,13,44,-31
115000197,46,425,-379
115000198,27,118,-91
115000199,70,359,-289
115000200,52,28,24
115000201,63,362,-299
115000206,1,0,1
115000207,23,316,-293
115000208,394,580,-186
115000209,61,63,-2
115000210,25,45,-20
115000211,99,164,-65
115000212,675,232,443
115000224,27,7,20
115000225,28,21,7
115000229,96,43,53
115000230,4,204,-200
115000231,203,1942,-1739
115000232,188,288,-100
115000233,36,230,-194
115000234,3,171,-168
115000241,9,119,-110
115000242,23,99,-76
115000243,10,118,-108
115000244,1,87,-86
115000246,3,4,-1
115000247,0,3,-3
115000248,2,0,2
115000249,3,1,2
115000250,44,29,15
115000251,17,46,-29
115000252,7,50,-43
115000253,1,50,-49
115000258,47,66,-19
115000259,100,46,54
115000261,1,0,1
115000262,1,5,-4
115000263,0,6,-6
115000264,0,6,-6
115000267,8,19,-11
115000268,22,72,-50
115000269,11,25,-14
115000270,3,10,-7
115000272,10,56,-46
115000273,42,4,38
115000280,455,7,448
115000281,648,61,587
115000282,386,106,280
115000284,75,13,62
115000296,52,2,50
115000297,3,0,3
115000298,60,37,23
115000300,27,175,-148
115000302,21,65,-44
115000303,40,45,-5
115000304,59,22,37
115000305,26,1173,-1147
115000306,55,576,-521
115000307,13,243,-230
115000308,51,6,45
115000309,11,5,6
115000310,295,1045,-750
115000311,63,739,-676
115000313,62,596,-534
115000314,21,20,1
115000315,808,179,629
115000316,11,24,-13
115000317,60,435,-375
115000318,160,107,53
115000319,5,236,-231
115000320,6,70,-64
115000321,48,0,48
115000322,16,199,-183
115000449,108,39,69
115000557,1,113,-112
115000558,14,24,-10
115000587,74,177,-103
115000588,1247,3260,-2013
115000589,1042,915,127
115000590,299,1149,-850
115000591,190,133,57
115000592,369,1056,-687
115000593,184,105,79
115000594,453,785,-332
115000609,34,40,-6
115000617,339,340,-1
115000624,21,92,-71
115000633,84,1042,-958
115000634,734,336,398
115000635,24,25,-1
115000638,639,257,382
115000641,49,66,-17
115000642,91,99,-8
115000643,28,284,-256
115000644,73,268,-195
115000646,368,495,-127
115000647,31,277,-246
115000648,266,1089,-823
115000893,463,105,358
115000894,55,843,-788
115000895,96,665,-569
115000896,148,46,102
115000897,62,9,53
115000898,188,17,171
115000899,743,426,317
115000900,17,220,-203
115000901,65,48,17
115000912,58,11,47
115000913,1,35,-34
115000915,10,1,9
115000916,0,0,0
115000917,0,1,-1
115000918,5,4,1
115000919,0,0,0
115000920,5,22,-17
115000921,1333,33,1300
115000922,114,43,71
115000923,174,445,-271
115000925,20,38,-18
115000927,7,12,-5
115000933,149,66,83
115000934,13,103,-90
115000935,11,78,-67
115000936,0,2,-2
115000937,558,66,492
115000938,23,59,-36
115000939,35,26,9
115900001,2,74,-72
115900002,54,92,-38
115900003,20,66,-46
115900004,0,20,-20
115900005,9,4,5
115900006,10,222,-212
115900008,2,19,-17
115900009,22,150,-128
115900010,41,85,-44
115900011,32,233,-201
115900012,3,44,-41
115900013,162,64,98
115900014,39,134,-95
115900015,3,45,-42
115900016,23,8,15
115900017,0,1,-1
115900018,107,57,50
115900019,282,8,274
115900020,3,0,3
115900021,1351,33,1318
115900022,1173,5,1168
115900023,8,3,5
115900025,31,58,-27
115900026,849,278,571
115900027,1,320,-319
115900028,384,29,355
115900029,3,382,-379
115900030,19,19,0
115900031,114,37,77
115900032,168,403,-235
115900033,0,27,-27
115900034,6,489,-483
115900035,6,32,-26
115900036,110,99,11
115900037,9,403,-394
115900038,2,0,2
115900039,28,219,-191
115900041,91,77,14
115900042,14,1,13
115900043,5,94,-89
115900044,73,79,-6
115900046,77,222,-145
115900047,2,7,-5
115900049,43,144,-101
115900051,1,51,-50
115900052,10,270,-260
115900053,11,221,-210
115900054,10,59,-49
115900055,15,130,-115
115900056,50,346,-296
115900057,1,0,1
115900058,51,62,-11
115900060,4,91,-87
115900061,10,1,9
115900062,6,270,-264
115900063,19,18,1
115900064,115,87,28
115900065,23,117,-94
115900066,113,114,-1
115900067,2,682,-680
115900068,3364,40,3324
115900069,45,62,-17
115900070,45,197,-152
115900071,1,612,-611
115900072,79,168,-89
115900073,4,6,-2
115900074,2,368,-366
115900075,8,319,-311
115900076,2,61,-59
115900077,2,273,-271
115900078,6,111,-105
115900079,21,0,21
115900080,148,69,79
115900081,5,88,-83
115900082,50,96,-46
115900084,40,5,35
115900085,24,21,3
115900086,1144,274,870
115900088,10,11,-1
115900089,43,689,-646
115900090,21,5,16
115900091,0,4,-4
115900092,6,173,-167
115900093,0,28,-28
115900094,4,394,-390
115900096,0,11,-11
115900097,4,503,-499
115900098,35,346,-311
115900099,1,56,-55
115900100,0,430,-430
115900101,38,281,-243
115900102,1,56,-55
115900103,70,142,-72
115900104,3,87,-84
115900105,9,407,-398
115900106,6,12,-6
115900107,2,156,-154
115900108,6,21,-15
115900109,23,284,-261
115900110,0,13,-13
115900111,0,103,-103
115900112,20,631,-611
115900113,13,8,5
115900114,0,163,-163
115900115,9,37,-28
115900116,79,858,-779
115900117,7,9,-2
115900118,2,412,-410
115900119,4,28,-24
115900120,5,303,-298
115900121,45,185,-140
115900124,50,158,-108
115900125,59,6,53
115900126,192,29,163
115900127,163,9,154
115900128,5,29,-24
115900129,215,11,204
115900130,36,96,-60
115900131,45,6,39
115900132,40,8,32
115900134,32,4,28
115900135,296,244,52
115900137,2,1,1
115900139,50,16,34
115900140,26,0,26
115900141,8,31,-23
115900142,11,8,3
115900143,19,116,-97
115900144,18,106,-88
115900146,1,106,-105
115900147,47,58,-11
115900148,2,6,-4
115900149,2,28,-26
115900150,3,52,-49
115900151,4,43,-39
115900152,8,276,-268
115900153,13,163,-150
115900154,343,151,192
115900155,1,61,-60
115900156,222,448,-226
115900157,11,227,-216
115900158,16,1,15
115900159,3,139,-136
115900160,1,1,0
115900161,3,84,-81
115900163,37,84,-47
115900164,19,37,-18
115900165,2,54,-52
115900166,53,151,-98
115900168,10,77,-67
115900171,15,220,-205
115900172,2,72,-70
115900173,55,53,2
115900174,127,83,44
115900175,21,79,-58
115900178,4,583,-579
115900179,17,6,11
115900180,21,194,-173
115900181,33,213,-180
115900182,58,253,-195
115900183,56,6,50
115900184,326,3,323
115900187,3,46,-43
115900189,0,34,-34
115900190,343,170,173
115900191,59,365,-306
115900192,4,27,-23
115900193,21,22,-1
115900194,148,11,137
115900195,207,235,-28
115900198,83,149,-66
115900199,66,201,-135
115900200,135,183,-48
115900201,90,228,-138
115900202,1,4,-3
115900203,0,1,-1
115900204,0,0,0
115900205,15,4,11
115900206,14,83,-69
115900207,4,4,0
115900208,8,187,-179
115900209,2,110,-108
115900210,0,138,-138
115900211,0,183,-183
115900212,23,137,-114
115900213,2,4,-2
115900214,32,176,-144
115900215,12,4,8
115900216,1,101,-100
115900217,0,83,-83
115900218,2,64,-62
115900219,4,1,3
115900220,4,7,-3
115900221,5,4,1
115900222,2,2,0
115900223,3,4,-1
115900224,554,38,516
115900225,46,9,37
115900226,2,17,-15
115900227,0,7,-7
115900228,1,9,-8
115900229,1,18,-17
115900230,36,31,5
115900231,13,0,13
115900232,3,1,2
115900233,4,3,1
115900234,11,10,1
115900235,3,6,-3
115900236,2,7,-5
115900237,0,46,-46
115900238,7,24,-17
115900239,1,49,-48
115900240,0,84,-84
115900241,8,30,-22
115900242,60,18,42
115900243,5,6,-1
115900244,1,11,-10
115900245,5,27,-22
115900246,9,2,7
115900247,4,0,4
115900248,6,0,6
115900249,2,7,-5
115900250,2,7,-5
115900251,0,5,-5
115900252,0,1,-1
115900253,2,0,2
115900254,10,12,-2
115900255,5,5,0
115900256,14,10,4
115900257,0,7,-7
115900258,0,3,-3
115900259,0,1,-1
115900260,7,1,6
115900261,5,0,5
115900262,2,2,0
115900263,3,5,-2
115900264,3,9,-6
115900265,0,9,-9
115900266,0,1,-1
115900267,2,3,-1
115900268,2,1,1
115900269,67,204,-137
115900270,44,573,-529
115900271,8,0,8
115900272,1,0,1
115900273,2,4,-2
115900274,1,17,-16
115900275,2,27,-25
115900276,0,64,-64
115900277,1,128,-127
115900278,4,68,-64
115900279,3,37,-34
115900280,5,70,-65
115900281,228,27,201
115900282,15,5,10
115900283,0,0,0
115900284,0,0,0
116000001,16128,2921,13207
116000002,1779,1613,166
116000003,904,1408,-504
116000004,472,688,-216
116000005,1241,1789,-548
116000006,873,423,450
116000007,2406,2746,-340
116000008,1957,732,1225
116000009,997,1980,-983
116000010,418,337,81
116000011,348,1251,-903
116000012,258,296,-38
116000013,12521,3028,9493
116000014,15475,2262,13213
116000015,330,324,6
116000016,5871,746,5125
116000017,15,262,-247
116000018,445,200,245
116000019,103,165,-62
116000020,174,793,-619
116000021,56,185,-129
116000022,87,304,-217
116000023,239,231,8
116000024,381,1005,-624
116000025,192,268,-76
116000026,829,1748,-919
116000027,433,351,82
116000028,107,167,-60
116000029,760,368,392
116000030,34,22,12
116000031,109,131,-22
116000032,36,219,-183
116000033,22,229,-207
116000034,58,307,-249
116000035,54,462,-408
116000036,816,160,656
116000037,136,91,45
116000038,121,64,57
116000039,338,138,200
116000040,250,47,203
116000041,112,396,-284
116000042,105,61,44
116000043,46,346,-300
116000044,2,34,-32
116000045,197,234,-37
116000046,681,483,198
116000047,1145,1132,13
116000048,458,543,-85
116000049,227,634,-407
116000050,572,969,-397
116000051,507,505,2
116000052,1440,1971,-531
116000053,373,269,104
116000054,241,1391,-1150
116000055,182,936,-754
116000056,32,255,-223
116000057,1787,1388,399
116000058,1759,909,850
116000059,1232,1202,30
116000060,2239,473,1766
116000061,219,347,-128
116000062,272,131,141
116000063,156,433,-277
116000066,11,54,-43
116000067,143,499,-356
116000068,13,50,-37
116000069,110,338,-228
116000078,59,277,-218
116000080,482,711,-229
116000082,2,94,-92
116000083,415,253,162
116000084,963,2141,-1178
116000085,827,450,377
116000086,1065,839,226
116000087,634,465,169
116000088,447,814,-367
116000089,56,60,-4
116000090,42,47,-5
116000091,148,39,109
116000093,1177,452,725
116000094,173,543,-370
116000095,258,387,-129
116000096,219,779,-560
116000097,164,544,-380
116000098,104,2246,-2142
116000099,5410,215,5195
116000100,50,8,42
116000101,218,1203,-985
116000102,59,868,-809
116000103,104,157,-53
116000104,18,1017,-999
116000105,168,171,-3
116000106,35,857,-822
116000107,291,428,-137
116000108,3,131,-128
116000111,16,12,4
116000113,23,20,3
116000114,19,107,-88
116000115,42,22,20
116000116,133,465,-332
116000117,384,597,-213
116000118,441,1346,-905
116000119,431,510,-79
116000120,1167,3789,-2622
116000121,247,214,33
116000122,721,2429,-1708
116000123,136,167,-31
116000124,123,1058,-935
116000125,346,232,114
116000126,173,1100,-927
116000127,584,1281,-697
116000128,469,320,149
116000129,153,119,34
116000130,42,111,-69
116000133,157,576,-419
116000134,373,2104,-1731
116000135,376,807,-431
116000136,285,1644,-1359
116000137,159,317,-158
116000138,1157,244,913
116000139,756,1497,-741
116000140,63,197,-134
116000141,166,687,-521
116000142,2517,2934,-417
116000143,878,720,158
116000144,704,2406,-1702
116000145,496,897,-401
116000146,44,178,-134
116000147,102,33,69
116000148,102,291,-189
116000149,116,289,-173
116000151,213,832,-619
116000153,6,94,-88
116000155,24,58,-34
116000156,1184,831,353
116000157,14,5,9
116000158,31,299,-268
116000159,2,1,1
116000160,5,110,-105
116000161,17,93,-76
116000162,43,24,19
116000163,4,2,2
116000164,2,8,-6
116000177,1,73,-72
116000194,32,310,-278
116000195,440,318,122
116000196,2,4,-2
116000197,3,2,1
116000198,593,413,180
116000200,449,111,338
116000201,244,529,-285
116000202,3,165,-162
116000203,1,82,-81
116000204,13,36,-23
116000205,0,179,-179
116000206,0,93,-93
116000207,0,25,-25
116000233,44,794,-750
116000287,30,485,-455
116000288,46,158,-112
116000292,9,188,-179
116000296,3,191,-188
116000297,6,2,4
116000304,12,19,-7
116000305,0,55,-55
116000346,32,222,-190
116000352,6,64,-58
116000354,13,13,0
116000357,1,12,-11
116000358,50,10,40
116000361,92,4,88
116000372,6816,1162,5654
116000381,30,0,30
116000388,2,58,-56
116000389,126,291,-165
116000445,64,775,-711
116000446,69,613,-544
116000447,2,301,-299
116000448,283,121,162
116000563,147,147,0
116000565,79,384,-305
116000566,0,32,-32
116000568,12,47,-35
116000579,20,106,-86
116000584,3,14,-11
116000585,6,10,-4
116000586,171,61,110
116000587,12,324,-312
116000589,8,88,-80
116000590,5,11,-6
116000591,36,138,-102
116000592,6,96,-90
116000593,1,22,-21
116000594,118,599,-481
116000595,102,192,-90
116000596,9,10,-1
116000597,26,30,-4
116000598,3,246,-243
116000602,69,49,20
116000605,61,126,-65
116000606,5,43,-38
116000607,0,50,-50
116000609,88,252,-164
116000611,18,465,-447
116000612,217,966,-749
116000613,95,180,-85
116000614,251,819,-568
116000615,0,70,-70
116000616,9,116,-107
116000617,36,121,-85
116000618,0,203,-203
116000619,3,37,-34
116000620,0,0,0
116000621,1,14,-13
116000622,1,19,-18
116000624,11,37,-26
116000627,5,38,-33
116000628,14,715,-701
116000629,20,495,-475
116000630,48,61,-13
116000631,6,30,-24
116000632,63,566,-503
116000633,0,531,-531
116000634,50,21,29
116000635,850,362,488
116000636,367,427,-60
116000637,21,1,20
116000638,3,388,-385
116900001,41,65,-24
116900002,122,1,121
116900003,0,68,-68
116900004,6,9,-3
116900005,29,49,-20
116900006,110,91,19
116900007,35,103,-68
116900008,45,462,-417
116900009,5,2,3
116900010,3,1480,-1477
116900011,10,18,-8
116900012,63,133,-70
116900013,7,180,-173
116900014,6,326,-320
116900015,20,30,-10
116900016,15,1,14
116900017,3,644,-641
116900018,9,9,0
116900019,2,308,-306
116900020,1186,84,1102
116900023,7,10,-3
116900024,26,41,-15
116900025,68,929,-861
116900026,59,549,-490
116900027,4,23,-19
116900028,3,93,-90
116900029,1,1,0
116900031,0,4,-4
116900032,1,312,-311
116900033,0,1,-1
116900034,3,62,-59
116900035,25,155,-130
116900036,3,86,-83
116900038,3,1,2
116900041,2,4,-2
116900042,877,116,761
116900043,6,39,-33
116900047,48,25,23
116900049,13,159,-146
116900050,16,254,-238
116900051,7,184,-177
116900052,30,17,13
116900055,0,3,-3
116900057,7,245,-238
116900058,19,236,-217
116900059,1,131,-130
116900060,55,209,-154
116900062,0,2,-2
116900064,16,959,-943
116900065,0,57,-57
116900067,15,84,-69
116900068,48,438,-390
116900070,0,1,-1
116900072,2,380,-378
116900073,4,129,-125
116900074,4,29,-25
116900076,1,15,-14
116900077,8,150,-142
116900078,135,110,25
116900079,2,292,-290
116900080,0,8,-8
116900081,106,909,-803
116900082,111,724,-613
116900083,6,58,-52
116900084,34,28,6
116900085,11,114,-103
116900086,15,181,-166
116900088,162,16,146
116900090,110,22,88
116900091,42,115,-73
116900092,33,585,-552
116900093,1413,657,756
116900094,4772,964,3808
116900095,39,133,-94
116900096,36,35,1
116900097,1843,399,1444
116900098,820,57,763
116900099,265,178,87
116900100,122,3,119
116900101,146,534,-388
116900103,0,0,0
116900104,12,38,-26
116900105,53,17,36
116900106,193,378,-185
116900107,3067,444,2623
116900110,3,0,3
116900111,39,1046,-1007
116900112,43,550,-507
116900113,1829,274,1555
116900116,18,61,-43
116900117,2,51,-49
116900118,753,246,507
116900120,58,53,5
116900121,16,21,-5
116900122,104,900,-796
116900123,37,766,-729
116900124,50,471,-421
116900125,69,184,-115
116900126,125,298,-173
116900128,1,30,-29
116900129,0,247,-247
116900130,951,868,83
116900131,13,81,-68
116900132,17,46,-29
116900133,12,65,-53
116900134,50,161,-111
116900136,52,61,-9
116900137,99,131,-32
116900138,47,164,-117
116900139,32,261,-229
116900140,45,137,-92
116900141,208,248,-40
116900142,2,6,-4
116900143,66,395,-329
116900144,2,11,-9
116900145,17,270,-253
116900147,263,193,70
116900148,1,9,-8
116900149,4,46,-42
116900150,5,2,3
116900151,10,5,5
116900153,7,29,-22
116900154,79,80,-1
116900155,11,36,-25
116900157,61,169,-108
116900158,14,33,-19
116900159,13,113,-100
116900160,362,104,258
116900161,6342,1202,5140
116900162,0,99,-99
116900163,12,99,-87
116900164,14,20,-6
116900165,34,38,-4
116900166,1,84,-83
116900167,74,48,26
116900168,40,78,-38
116900169,147,74,73
116900170,40,119,-79
116900171,8,168,-160
116900172,97,20,77
116900173,9,40,-31
116900174,3,11,-8
116900175,31,41,-10
116900178,0,146,-146
116900179,36,29,7
116900180,8,28,-20
116900182,95,152,-57
116900183,56,40,16
116900185,10,19,-9
116900186,23,315,-292
116900187,10,9,1
116900188,27,13,14
116900189,9,0,9
116900191,129,247,-118
116900192,70,65,5
116900194,4,188,-184
116900195,19,7,12
116900196,12,98,-86
116900197,11,2,9
116900198,177,57,120
116900200,3,76,-73
116900201,9,3,6
116900202,54,35,19
116900203,14,5,9
116900204,9,31,-22
116900206,0,38,-38
116900207,9,16,-7
116900208,2,99,-97
116900209,5,82,-77
116900210,119,119,0
116900211,87,7,80
116900212,1,114,-113
116900213,25,67,-42
116900214,22,69,-47
116900215,7,31,-24
116900216,53,276,-223
116900218,6,296,-290
116900219,536,284,252
116900220,23,94,-71
116900221,26,165,-139
116900222,112,158,-46
116900223,33,102,-69
116900226,4,47,-43
116900227,21,47,-26
116900228,79,292,-213
116900230,15,257,-242
116900231,1,348,-347
116900232,3,280,-277
116900233,20,25,-5
116900234,4,2,2
116900235,52,286,-234
116900238,900,201,699
116900239,13,182,-169
116900240,4291,801,3490
116900241,10,122,-112
116900242,223,92,131
116900243,3,88,-85
116900245,21,0,21
116900246,8,3,5
116900247,56,11,45
116900248,17,14,3
116900249,27,50,-23
116900250,33,59,-26
116900251,177,49,128
116900252,12,673,-661
116900253,9,34,-25
116900254,9,56,-47
116900255,47,4,43
116900256,33,33,0
116900257,6,553,-547
116900258,3,378,-375
116900259,13,4,9
116900260,1,144,-143
116900261,4,0,4
116900262,43,130,-87
116900263,0,4,-4
116900264,0,1,-1
116900265,2,0,2
116900266,0,31,-31
116900267,0,1,-1
116900268,1,9,-8
116900269,68,241,-173
116900271,2225,43,2182
116900272,317,420,-103
116900273,85,22,63
116900274,9,34,-25
116900275,11,78,-67
116900276,683,19,664
116900277,272,6,266
116900278,2,0,2
116900279,1,14,-13
116900280,0,22,-22
116900281,5620,694,4926
116900282,1,86,-85
116900283,8,77,-69
116900284,9,155,-146
116900285,105,30,75
116900286,81,6,75
116900287,2,71,-69
116900288,7,88,-81
116900289,1,24,-23
116900290,0,14,-14
116900291,0,11,-11
116900292,1,1,0
116900293,2,100,-98
116900294,18,66,-48
116900295,109,8,101
116900296,5,8,-3
116900297,2,12,-10
116900298,13,16,-3
116900299,5,16,-11
116900300,9,35,-26
116900301,22,29,-7
116900302,5,6,-1
116900303,273,10,263
116900304,0,61,-61
116900305,2,3,-1
116900306,4,47,-43
117000001,346,493,-147
117000002,644,2708,-2064
117000003,1624,940,684
117000004,2150,3220,-1070
117000005,364,472,-108
117000006,381,2951,-2570
117000007,683,405,278
117000008,650,2856,-2206
117000009,1343,476,867
117000010,1324,2605,-1281
117000011,279,679,-400
117000012,426,1254,-828
117000013,212,485,-273
117000014,310,1485,-1175
117000015,1148,436,712
117000016,110,59,51
117000017,98,107,-9
117000018,42,212,-170
117000019,0,0,0
117000020,396,566,-170
117000021,1847,103,1744
117000022,99,40,59
117000023,93,58,35
117000024,231,74,157
117000025,294,460,-166
117000026,359,109,250
117000027,944,837,107
117000028,85,79,6
117000030,125,346,-221
117000031,61,15,46
117000032,1061,696,365
117000033,493,372,121
117000034,68,198,-130
117000035,33,20,13
117000036,116,177,-61
117000037,18,34,-16
117000038,54,172,-118
117000039,35,124,-89
117000040,41,1336,-1295
117000041,146,51,95
117000044,10,956,-946
117000045,50,11,39
117000046,189,629,-440
117000047,57,112,-55
117000048,1354,949,405
117000049,75,196,-121
117000050,51,2552,-2501
117000051,567,131,436
117000052,6,707,-701
117000053,42,75,-33
117000054,273,0,273
117000055,13,3084,-3071
117000056,89,2,87
117000057,556,1501,-945
117000060,199,1548,-1349
117000061,189,191,-2
117000062,91,334,-243
117000063,188,205,-17
117000064,482,480,2
117000066,876,457,419
117000067,32,146,-114
117000074,36,40,-4
117000076,34,20,14
117000077,60,34,26
117000078,30,335,-305
117000079,44,73,-29
117000080,0,254,-254
117000081,143,46,97
117000082,10,29,-19
117000083,5,1,4
117000084,2,0,2
117000085,48,221,-173
117000086,300,474,-174
117000087,35,340,-305
117000088,41,51,-10
117000089,472,137,335
117000090,86,1444,-1358
117000091,161,120,41
117000092,167,1735,-1568
117000093,172,162,10
117000094,322,2134,-1812
117000095,394,250,144
117000096,272,2365,-2093
117000097,284,478,-194
117000098,1905,4865,-2960
117000099,528,289,239
117000100,31,97,-66
117000101,142,1083,-941
117000102,283,183,100
117000103,554,1447,-893
117000104,249,188,61
117000105,347,1775,-1428
117000106,161,142,19
117000107,242,2191,-1949
117000108,223,236,-13
117000109,944,2725,-1781
117000110,287,190,97
117000111,941,1765,-824
117000112,738,767,-29
117000113,57,293,-236
117000114,7,26,-19
117000115,25,133,-108
117000116,13,113,-100
117000117,422,96,326
117000118,37,79,-42
117000119,26,17,9
117000120,36,22,14
117000121,22,73,-51
117000122,208,147,61
117000123,551,10,541
117000124,83,6,77
117000125,138,24,114
117000126,10,19,-9
117000127,77,195,-118
117000128,127,238,-111
117000129,128,81,47
117000130,0,0,0
117000131,0,76,-76
117000132,217,112,105
117000133,225,250,-25
117000134,0,74,-74
117000135,2,32,-30
117000136,4,42,-38
117000137,12,37,-25
117000138,0,234,-234
117000140,223,1502,-1279
117000141,296,151,145
117000181,646,134,512
117000182,66,44,22
117000195,101,1179,-1078
117000196,22,19,3
117000225,25,2,23
117000226,3,39,-36
117000276,34,2,32
117000277,2,559,-557
117000310,1590,1349,241
117000315,6,124,-118
117000320,0,0,0
117000906,26,5,21
117000907,2,409,-407
117000908,24,16,8
117000909,33,15,18
117000910,87,94,-7
117000911,97,141,-44
117000915,3,515,-512
117000916,4,0,4
117000917,119,6,113
117000918,6,15,-9
117000919,2,78,-76
117000920,3,1447,-1444
117000921,4,2117,-2113
117000922,0,0,0
117000924,120,191,-71
117000926,849,43,806
117000927,59,109,-50
117000928,0,288,-288
117000929,65,479,-414
117000930,43,5,38
117000931,158,29,129
117900002,76,185,-109
117900003,580,151,429
117900005,1,22,-21
117900006,0,30,-30
117900007,38,177,-139
117900008,0,28,-28
117900010,28,162,-134
117900011,3,2,1
117900012,6,193,-187
117900013,0,280,-280
117900014,72,261,-189
117900015,5,221,-216
117900016,789,120,669
117900017,66,442,-376
117900018,94,14,80
117900019,41,434,-393
117900020,40,42,-2
117900021,9,103,-94
117900022,6,12,-6
117900023,493,15,478
117900024,32,184,-152
117900025,29,8,21
117900026,54,361,-307
117900028,7,2,5
117900029,59,840,-781
117900030,78,80,-2
117900031,9,19,-10
117900032,100,121,-21
117900033,42,695,-653
117900034,14,45,-31
117900035,30,29,1
117900036,41,642,-601
117900037,4,54,-50
117900038,5,420,-415
117900039,1,78,-77
117900040,111,471,-360
117900041,1,47,-46
117900042,3678,263,3415
117900043,21,41,-20
117900044,8,365,-357
117900045,44,29,15
117900048,64,314,-250
117900049,28,443,-415
117900050,0,16,-16
117900051,9,2,7
117900052,20,49,-29
117900053,311,522,-211
117900054,3,18,-15
117900055,45,33,12
117900056,112,8,104
117900057,445,889,-444
117900058,17,5,12
117900059,43,15,28
117900060,242,4686,-4444
117900061,0,44,-44
117900063,30,119,-89
117900065,485,809,-324
117900066,3,17,-14
117900067,63,241,-178
117900069,101,286,-185
117900070,41,2,39
117900071,28,98,-70
117900073,69,332,-263
117900074,11,2,9
117900075,4,42,-38
117900076,1,33,-32
117900077,27,31,-4
117900078,87,184,-97
117900080,19,30,-11
117900081,339,305,34
117900082,124,89,35
117900083,42,547,-505
117900086,11,17,-6
117900087,2,23,-21
117900088,1701,986,715
117900089,394,100,294
117900090,57,651,-594
117900091,114,61,53
117900092,9,25,-16
117900093,4,65,-61
117900094,18,3,15
117900095,41,481,-440
117900096,9,142,-133
117900097,19,35,-16
117900098,3,5,-2
117900099,17,295,-278
117900100,13,1,12
117900101,207,366,-159
117900102,2,14,-12
117900103,2,0,2
117900104,0,46,-46
117900105,20,77,-57
117900106,10,22,-12
117900107,3,0,3
117900109,70,168,-98
117900110,7,0,7
117900111,61,0,61
117900112,2,4,-2
117900113,2164,483,1681
117900114,1,0,1
117900115,36,10,26
117900116,498,399,99
117900117,179,183,-4
117900118,7,0,7
117900119,19,345,-326
117900120,17,60,-43
117900121,5,17,-12
117900122,561,350,211
117900123,120,753,-633
117900124,288,363,-75
117900125,407,409,-2
117900126,201,417,-216
117900127,108,493,-385
117900128,61,709,-648
117900129,4,0,4
117900130,271,194,77
117900131,1,78,-77
117900132,6,88,-82
117900133,4,183,-179
117900134,12,170,-158
117900135,7,232,-225
117900136,0,54,-54
117900137,12,272,-260
117900138,1,43,-42
117900139,28,77,-49
117900140,3612,72,3540
117900141,43,186,-143
117900142,6,2,4
117900144,13,27,-14
117900145,6,6,0
117900146,44,46,-2
117900147,5,35,-30
117900148,1582,485,1097
117900149,12,107,-95
117900150,13,131,-118
117900151,8,174,-166
117900152,17,66,-49
117900153,4,93,-89
117900154,70,389,-319
117900156,280,230,50
117900157,13,172,-159
117900158,12,15,-3
117900160,214,158,56
117900161,1839,1621,218
117900162,20,157,-137
117900163,46,3,43
117900165,0,2,-2
117900166,15,62,-47
117900168,29,134,-105
117900169,1,77,-76
117900170,2,20,-18
117900171,2,3,-1
117900172,9,25,-16
117900173,100,22,78
117900174,10,19,-9
117900175,3,7,-4
117900176,3,38,-35
117900177,5,46,-41
117900178,48,15,33
117900180,221,18,203
117900181,102,39,63
117900182,0,8,-8
117900183,2,70,-68
117900184,0,12,-12
117900185,7,15,-8
117900186,4,8,-4
117900187,3,1,2
117900188,25,1,24
117900189,15,1,14
117900190,0,0,0
117900191,2,0,2
117900192,18,3,15
117900193,4,57,-53
117900194,1,1,0
117900195,0,1,-1
117900196,1,12,-11
117900207,27,11,16
117900208,14,36,-22
117900209,67,63,4
117900210,61,59,2
117900211,10,139,-129
117900212,30,56,-26
117900213,1,2,-1
117900214,4,79,-75
117900215,2,5,-3
117900216,7,5,2
117900217,18,13,5
117900218,68,21,47
117900219,1,32,-31
117900220,3,12,-9
117900222,69,158,-89
117900223,65,54,11
118000001,203,169,34
118000002,691,1122,-431
118000003,406,421,-15
118000004,1242,1077,165
118000005,1806,772,1034
118000006,5374,2868,2506
118000007,2519,1104,1415
118000008,2344,1679,665
118000009,1134,2024,-890
118000010,2272,2372,-100
118000011,298,1993,-1695
118000012,377,1966,-1589
118000013,2102,2007,95
118000014,957,2545,-1588
118000016,127,452,-325
118000017,60,158,-98
118000018,141,461,-320
118000019,940,657,283
118000020,1063,731,332
118000021,588,955,-367
118000022,1385,281,1104
118000023,845,153,692
118000024,861,318,543
118000027,10974,2093,8881
118000029,861,266,595
118000032,516,513,3
118000033,1026,827,199
118000034,2831,1131,1700
118000035,519,765,-246
118000036,294,590,-296
118000037,193,596,-403
118000038,64,153,-89
118000039,29,242,-213
118000040,440,1724,-1284
118000041,599,867,-268
118000045,228,45,183
118000046,796,349,447
118000047,737,208,529
118000048,1672,700,972
118000051,889,333,556
118000052,848,323,525
118000053,560,226,334
118000054,2705,679,2026
118000055,2314,478,1836
118000056,142,121,21
118000057,194,130,64
118000058,869,453,416
118000059,489,438,51
118000060,232,477,-245
118000061,289,771,-482
118000062,179,112,67
118000063,117,223,-106
118000064,410,533,-123
118000065,2470,655,1815
118000066,352,321,31
118000067,702,474,228
118000068,932,1524,-592
118000069,1518,716,802
118000070,4768,711,4057
118000071,2125,1925,200
118000072,963,642,321
118000073,1068,230,838
118000074,103,169,-66
118000075,512,251,261
118000076,422,531,-109
118000077,617,660,-43
118000078,646,832,-186
118000079,128,193,-65
118000080,668,540,128
118000081,533,553,-20
118000082,144,404,-260
118000083,1538,519,1019
118000084,1514,747,767
118000086,83,346,-263
118000087,4563,1418,3145
118000088,910,974,-64
118000089,2360,1557,803
118000090,1600,1029,571
118000091,1294,905,389
118000092,1014,229,785
118000093,73,366,-293
118000096,189,272,-83
118000097,182,223,-41
118000098,89,158,-69
118000099,84,706,-622
118000101,194,199,-5
118000102,89,827,-738
118000107,2360,222,2138
118000108,79,142,-63
118000110,0,22,-22
118000111,2,593,-591
118000112,0,0,0
118000113,4,916,-912
118000114,0,0,0
118000115,8,0,8
118000116,9,0,9
118000117,492,571,-79
118000118,233,315,-82
118000119,232,587,-355
118000120,769,1117,-348
118000121,11,321,-310
118000122,288,62,226
118000123,17,182,-165
118000125,940,987,-47
118000126,244,921,-677
118000127,542,245,297
118000128,375,859,-484
118000129,330,122,208
118000130,2223,3242,-1019
118000131,424,881,-457
118000132,663,476,187
118000133,145,239,-94
118000135,60,81,-21
118000136,59,381,-322
118000137,268,55,213
118000138,50,437,-387
118000139,73,83,-10
118000140,1741,1351,390
118000141,607,948,-341
118000142,679,1490,-811
118000143,390,408,-18
118000144,808,484,324
118000145,1012,2016,-1004
118000146,398,966,-568
118000147,401,1370,-969
118000148,133,784,-651
118000149,282,789,-507
118000150,54,58,-4
118000151,45,193,-148
118000153,198,553,-355
118000154,179,793,-614
118000155,268,576,-308
118000156,1347,1180,167
118000157,132,169,-37
118000158,37,316,-279
118000159,0,5,-5
118000160,57,128,-71
118000161,151,700,-549
118000162,334,410,-76
118000163,176,327,-151
118000164,991,687,304
118000168,1363,133,1230
118000169,459,1306,-847
118000170,2203,5141,-2938
118000171,20,179,-159
118000172,14,68,-54
118000173,316,730,-414
118000175,91,91,0
118000176,71,141,-70
118000177,72,195,-123
118000178,16,25,-9
118000179,604,132,472
118000180,206,245,-39
118000181,467,167,300
118000182,220,144,76
118000183,117,86,31
118000184,93,426,-333
118000185,932,391,541
118000186,375,452,-77
118000187,272,728,-456
118000188,146,188,-42
118000189,99,632,-533
118000190,0,3,-3
118000191,4,17,-13
118000192,54,60,-6
118000193,55,123,-68
118000194,937,360,577
118000195,369,251,118
118000196,66,49,17
118000197,118,56,62
118000198,209,138,71
118000199,252,147,105
118000200,2,19,-17
118000201,173,141,32
118000202,1,3,-2
118000203,520,116,404
118000204,146,94,52
118000205,164,109,55
118000206,77,116,-39
118000207,0,84,-84
118000208,368,735,-367
118000209,665,1279,-614
118000210,3,24,-21
118000211,1,5,-4
118000213,174,255,-81
118000214,339,132,207
118000215,107,201,-94
118000216,19,550,-531
118000217,6,49,-43
118000218,13,42,-29
118000219,140,189,-49
118000220,1,12,-11
118000221,21,111,-90
118000222,99,15,84
118000223,4,15,-11
118000224,140,72,68
118000225,29,727,-698
118000226,34,14,20
118000227,407,91,316
118000228,86,81,5
118000229,14,5,9
118000230,16,203,-187
118000231,6,139,-133
118000232,209,772,-563
118000233,244,449,-205
118000234,48,194,-146
118000236,132,391,-259
118000237,26,519,-493
118000238,41,296,-255
118000239,75,122,-47
118000240,357,52,305
118000241,29,229,-200
118000242,104,500,-396
118000243,40,183,-143
118000244,20,130,-110
118000246,0,4,-4
118000255,11,192,-181
118000256,15,176,-161
118000259,4,21,-17
118000260,51,43,8
118000261,3,86,-83
118000263,23,127,-104
118000266,32,252,-220
118000267,0,96,-96
118000268,8,2,6
118000270,6,29,-23
118000271,41,223,-182
118000272,12,11,1
118000273,38,90,-52
118000274,75,316,-241
118000276,45,221,-176
118000295,2,48,-46
118000298,53,356,-303
118000299,18,150,-132
118000301,0,35,-35
118000302,27,50,-23
118000311,33,90,-57
118000312,36,239,-203
118000313,16,172,-156
118000314,12,62,-50
118000315,12,54,-42
118000316,112,342,-230
118000325,1,78,-77
118000326,5,29,-24
118000331,3,68,-65
118000332,7,50,-43
118000333,3,71,-68
118000335,0,0,0
118000336,1,376,-375
118000407,11,40,-29
118000457,0,18,-18
118000465,1767,1065,702
118000480,2,94,-92
118000489,17,40,-23
118000490,75,334,-259
118000492,72,123,-51
118000510,51,25,26
118000514,35,216,-181
118000515,71,74,-3
118000517,326,192,134
118000524,516,78,438
118000525,379,518,-139
118000530,4,62,-58
118000531,44,118,-74
118000532,64,225,-161
118000533,126,122,4
118000534,104,317,-213
118000535,30,73,-43
118000536,163,107,56
118000537,7,25,-18
118000538,11,67,-56
118000539,4,43,-39
118000540,64,181,-117
118000541,39,98,-59
118000542,13,86,-73
118000543,62,127,-65
118000546,11,25,-14
118000560,2404,267,2137
118000562,2,202,-200
118000563,923,579,344
118000576,68,162,-94
118000577,94,84,10
118000578,49,70,-21
118000579,414,450,-36
118000595,145,31,114
118000596,0,43,-43
118000597,34,81,-47
118000598,2,0,2
118000599,6,27,-21
118000600,0,30,-30
118000601,3,0,3
118000602,0,29,-29
118000603,0,23,-23
118900001,543,160,383
118900002,635,173,462
118900003,11,5,6
118900004,1,27,-26
118900005,25,0,25
118900006,3,0,3
118900007,2,4,-2
118900008,655,22,633
118900009,0,1,-1
118900010,0,1,-1
118900011,38,6,32
118900012,105,113,-8
118900013,94,2,92
118900015,54,24,30
118900016,2,20,-18
118900017,9,9,0
118900018,254,0,254
118900019,43,2,41
118900020,15,22,-7
118900021,46,194,-148
118900022,56,45,11
118900023,7,23,-16
118900024,9,62,-53
118900025,2,0,2
118900026,21,48,-27
118900027,88,30,58
118900028,11,97,-86
118900029,28,154,-126
118900030,2,4,-2
118900031,55,74,-19
118900032,2,15,-13
118900033,74,277,-203
118900034,2,1,1
118900035,55,201,-146
118900036,255,403,-148
118900037,43,83,-40
118900038,54,310,-256
118900039,42,93,-51
118900040,82,123,-41
118900041,27,58,-31
118900042,26,47,-21
118900045,63,78,-15
118900046,779,77,702
118900047,386,75,311
118900048,24,73,-49
118900049,3,3,0
118900050,9,134,-125
118900051,11,13,-2
118900052,8,80,-72
118900053,4,2,2
118900054,19,40,-21
118900055,7,118,-111
118900056,4,39,-35
118900057,23,168,-145
118900058,49,214,-165
118900059,2,7,-5
118900060,11,77,-66
118900062,13,94,-81
118900064,294,116,178
118900065,8,41,-33
118900066,21,26,-5
118900067,6388,1141,5247
118900068,1,32,-31
118900069,60,146,-86
118900071,0,13,-13
118900072,138,176,-38
118900073,26,37,-11
118900074,10,69,-59
118900075,2,16,-14
118900076,26,19,7
118900077,33,85,-52
118900078,0,2,-2
118900079,15,59,-44
118900080,2,29,-27
118900081,2,14,-12
118900082,114,69,45
118900083,4,24,-20
118900084,1,12,-11
118900085,222,533,-311
118900086,1,5,-4
118900087,12,65,-53
118900088,0,9,-9
118900089,3,2,1
118900090,121,271,-150
118900091,30,34,-4
118900092,20,73,-53
118900093,19,5,14
118900096,6,2,4
118900097,101,582,-481
118900099,8,210,-202
118900100,41,57,-16
118900101,17,635,-618
118900102,9,40,-31
118900103,27,50,-23
118900104,22,128,-106
118900105,85,68,17
118900107,108,56,52
118900108,30,79,-49
118900110,177,93,84
118900111,42,310,-268
118900112,0,46,-46
118900113,6,307,-301
118900114,2,45,-43
118900115,57,215,-158
118900116,59,122,-63
118900117,10,128,-118
118900118,43,499,-456
118900119,10,216,-206
118900120,28,204,-176
118900121,0,130,-130
118900122,5,171,-166
118900123,65,167,-102
118900124,13,95,-82
118900126,3,136,-133
118900129,15,109,-94
118900130,17,21,-4
118900131,17,228,-211
118900132,55,94,-39
118900133,3,25,-22
118900135,16,118,-102
118900136,68,651,-583
118900137,1,3,-2
118900139,20,340,-320
118900140,101,727,-626
118900141,11,175,-164
118900144,23,728,-705
118900145,4,100,-96
118900146,86,488,-402
118900147,14,29,-15
118900148,5,34,-29
118900150,6,82,-76
118900152,100,515,-415
118900157,12,26,-14
118900158,0,19,-19
118900159,0,93,-93
118900161,7,0,7
118900163,80,17,63
118900164,2,40,-38
118900165,11,371,-360
118900166,9,8,1
118900167,13,181,-168
118900168,1,42,-41
118900169,45,439,-394
118900170,7,75,-68
118900171,4,30,-26
118900174,28,54,-26
118900175,38,283,-245
118900176,17,120,-103
118900177,1,43,-42
118900178,7,51,-44
118900179,1,29,-28
118900181,17,63,-46
118900182,14,24,-10
118900183,1,40,-39
118900184,70,21,49
118900185,6,77,-71
118900186,23,46,-23
118900187,46,178,-132
118900188,50,200,-150
118900189,6,125,-119
118900190,1,341,-340
118900191,6,11,-5
118900192,15,6,9
118900193,12,1,11
118900195,52,466,-414
118900196,12,156,-144
118900197,1,20,-19
118900198,3,59,-56
118900199,2,30,-28
118900200,3,0,3
118900201,11,3,8
118900202,9,60,-51
118900203,1,33,-32
118900204,2,38,-36
118900205,0,22,-22
118900206,0,59,-59
119000001,386,460,-74
119000002,1618,1342,276
119000003,656,1214,-558
119000004,451,663,-212
119000005,574,916,-342
119000006,498,941,-443
119000007,971,1451,-480
119000008,761,1736,-975
119000009,2269,1349,920
119000010,6442,3259,3183
119000011,4862,1080,3782
119000012,4286,1781,2505
119000013,1345,782,563
119000014,1303,2176,-873
119000019,51,136,-85
119000020,364,1049,-685
119000021,1348,1386,-38
119000022,2337,554,1783
119000023,30,82,-52
119000024,1300,2685,-1385
119000025,10200,738,9462
119000026,132,140,-8
119000027,436,208,228
119000028,1063,792,271
119000029,86,156,-70
119000030,327,900,-573
119000031,376,590,-214
119000032,2111,1653,458
119000033,1100,1046,54
119000034,559,1001,-442
119000035,4,319,-315
119000036,335,928,-593
119000037,292,1806,-1514
119000038,42,793,-751
119000039,98,241,-143
119000040,671,221,450
119000041,730,553,177
119000048,3321,3032,289
119000049,811,3443,-2632
119000050,721,1332,-611
119000051,854,611,243
119000052,907,1691,-784
119000053,845,814,31
119000054,1062,2718,-1656
119000055,888,2262,-1374
119000056,575,1501,-926
119000057,565,2003,-1438
119000058,854,1633,-779
119000059,409,942,-533
119000060,335,609,-274
119000061,318,568,-250
119000062,627,1110,-483
119000063,74,122,-48
119000064,655,1085,-430
119000065,1138,3206,-2068
119000066,710,421,289
119000067,1064,2220,-1156
119000068,502,746,-244
119000069,516,2059,-1543
119000070,601,735,-134
119000071,414,716,-302
119000072,5106,3116,1990
119000073,4299,3113,1186
119000074,424,3202,-2778
119000075,341,2075,-1734
119000076,474,725,-251
119000077,571,399,172
119000078,129,286,-157
119000079,32,424,-392
119000080,28,196,-168
119000081,78,294,-216
119000082,160,242,-82
119000083,121,231,-110
119000084,82,342,-260
119000085,227,128,99
119000086,112,301,-189
119000087,864,535,329
119000088,160,157,3
119000089,36,93,-57
119000090,44,76,-32
119000091,114,207,-93
119000092,288,40,248
119000093,2717,2746,-29
119000094,927,2818,-1891
119000095,437,2218,-1781
119000097,2148,1046,1102
119000098,319,778,-459
119000099,1192,1156,36
119000100,1049,1180,-131
119000101,2262,2446,-184
119000102,383,427,-44
119000103,851,335,516
119000104,2387,1225,1162
119000105,215,362,-147
119000106,106,1874,-1768
119000107,173,212,-39
119000108,123,1255,-1132
119000109,53,458,-405
119000110,404,749,-345
119000111,26,454,-428
119000112,256,224,32
119000113,2882,223,2659
119000114,402,185,217
119000115,89,48,41
119000116,50,44,6
119000117,36,150,-114
119000118,2,6,-4
119000123,986,270,716
119000124,102,125,-23
119000125,476,656,-180
119000126,99,597,-498
119000127,131,895,-764
119000128,51,7,44
119000131,264,1062,-798
119000132,8,9,-1
119000133,1,5,-4
119000134,929,245,684
119000135,20,194,-174
119000136,47,382,-335
119000137,34,493,-459
119000138,75,501,-426
119000139,54,282,-228
119000140,30,164,-134
119000284,1113,1698,-585
119000285,2139,1750,389
119000286,3903,2783,1120
119000287,708,1398,-690
119000288,681,1224,-543
119000289,1042,2739,-1697
119000290,96,488,-392
119000291,8,247,-239
119000293,42,136,-94
119000294,9,14,-5
119000295,1555,370,1185
119000296,54,115,-61
119000302,4395,1060,3335
119000303,3,33,-30
119000314,1125,2321,-1196
119000315,3,703,-700
119000316,20,115,-95
119000317,11,476,-465
119900001,53,270,-217
119900002,18,121,-103
119900003,29,1018,-989
119900004,230,132,98
119900005,22,114,-92
119900006,60,169,-109
119900007,93,34,59
119900008,16,11,5
119900009,169,464,-295
119900010,652,1007,-355
119900011,9,19,-10
119900012,11,18,-7
119900013,815,475,340
119900014,541,143,398
119900015,22,8,14
119900016,9,77,-68
119900017,3,22,-19
119900018,520,62,458
119900019,6,10,-4
119900020,40,70,-30
119900021,31,41,-10
119900022,57,109,-52
119900023,355,122,233
119900025,20,22,-2
119900026,557,18,539
119900027,0,16,-16
119900028,38,14,24
119900029,0,5,-5
119900030,51,217,-166
119900031,8,57,-49
119900033,1815,78,1737
119900034,30,108,-78
119900037,12,20,-8
119900038,6,54,-48
119900039,21,4,17
119900040,21,4,17
119900041,13,73,-60
119900042,15,87,-72
119900043,5,147,-142
119900044,112,105,7
119900046,15,70,-55
119900047,34,15,19
119900048,5,24,-19
119900049,15,3,12
119900050,17,13,4
119900051,59,3,56
119900052,6,86,-80
119900053,79,115,-36
119900054,2,2,0
119900055,195,113,82
119900057,33,75,-42
119900058,31,0,31
119900059,101,22,79
119900060,31,2,29
119900062,0,51,-51
119900063,11,27,-16
119900064,35,42,-7
119900065,40,0,40
119900066,0,0,0
119900067,10,47,-37
119900068,57,2,55
119900069,13,17,-4
119900070,65,0,65
119900071,84,2,82
119900073,1049,296,753
119900074,0,14,-14
119900075,4635,1089,3546
119900076,47,451,-404
119900077,129,1242,-1113
119900078,81,596,-515
119900079,46,239,-193
119900080,208,967,-759
119900081,33,58,-25
119900082,127,196,-69
119900083,0,13,-13
119900084,91,74,17
119900085,87,22,65
119900087,62,78,-16
119900088,47,50,-3
119900089,2,564,-562
119900090,160,58,102
119900091,19,997,-978
119900092,7,423,-416
119900093,398,58,340
119900094,18,224,-206
119900095,88,53,35
119900096,43,90,-47
119900097,194,115,79
119900098,11,47,-36
119900099,6,358,-352
119900100,2190,830,1360
119900101,152,711,-559
119900102,18,388,-370
119900103,14,537,-523
119900104,17,240,-223
119900105,379,1890,-1511
119900106,5,218,-213
119900107,146,2574,-2428
119900108,1757,636,1121
119900109,7,132,-125
119900110,143,601,-458
119900111,15,376,-361
119900112,1979,300,1679
119900113,43,543,-500
119900114,58,1506,-1448
119900115,16,1245,-1229
119900116,35,134,-99
119900117,73,929,-856
119900118,6,997,-991
119900119,36,290,-254
119900120,349,562,-213
119900121,72,1319,-1247
119900122,139,255,-116
119900123,62,187,-125
119900124,12,997,-985
119900125,23,379,-356
119900126,5882,127,5755
119900127,1880,509,1371
119900128,82,865,-783
119900129,27,848,-821
119900130,55,226,-171
119900131,11,352,-341
119900132,1,303,-302
119900133,3,24,-21
119900134,1613,178,1435
119900135,0,423,-423
119900136,111,491,-380
119900138,215,479,-264
119900139,5,50,-45
119900140,2,122,-120
119900141,69,147,-78
119900142,2,15,-13
119900143,0,269,-269
119900144,1717,129,1588
119900145,15,211,-196
119900146,78,79,-1
119900147,1,54,-53
119900148,29,22,7
119900149,1178,1233,-55
119900150,83,165,-82
119900151,681,453,228
119900152,25,297,-272
119900153,37,20,17
119900154,3,357,-354
119900155,8,16,-8
119900156,7,0,7
119900157,19,257,-238
119900158,26,36,-10
119900159,3,1581,-1578
119900160,3,278,-275
119900161,94,279,-185
119900162,281,289,-8
119900163,70,63,7
119900164,0,1,-1
119900165,8,186,-178
119900166,19,10,9
119900167,24,151,-127
119900168,168,227,-59
119900169,78,86,-8
119900170,46,72,-26
119900171,304,493,-189
119900172,53,8,45
119900173,6,519,-513
119900174,1,363,-362
119900175,215,366,-151
119900177,15,236,-221
119900178,5,221,-216
119900179,25,110,-85
119900180,271,425,-154
119900181,30,10,20
119900182,7,489,-482
119900183,102,898,-796
119900184,2441,350,2091
119900185,4,40,-36
119900186,13,73,-60
119900187,1,627,-626
119900188,12,255,-243
119900189,113,79,34
119900190,17,73,-56
119900191,78,100,-22
119900192,8,156,-148
119900193,57,119,-62
119900194,2,13,-11
119900195,11,242,-231
119900196,1693,253,1440
119900197,28,47,-19
119900198,20,454,-434
119900199,114,9,105
119900200,99,275,-176
119900201,343,150,193
119900202,129,26,103
119900203,25,71,-46
119900204,32,152,-120
119900205,91,294,-203
119900206,3,119,-116
119900208,43,55,-12
119900209,138,188,-50
119900210,5,12,-7
119900211,28,6,22
119900212,14,165,-151
119900213,0,43,-43
119900214,3,105,-102
119900215,0,97,-97
119900216,2,113,-111
119900217,11,85,-74
119900218,10,87,-77
119900219,2,184,-182
119900220,7,146,-139
119900221,8,466,-458
119900222,5,295,-290
119900223,11,81,-70
119900224,23,23,0
119900225,1301,32,1269
119900226,705,490,215
119900227,1386,254,1132
119900228,22,294,-272
119900229,152,241,-89
119900230,802,358,444
119900231,12,102,-90
119900232,57,14,43
119900233,6,1,5
119900234,2,27,-25
119900235,5,7,-2
119900236,5,169,-164
119900237,23,394,-371
119900238,0,77,-77
119900240,6,143,-137
119900241,42,227,-185
119900242,1095,320,775
119900244,409,1226,-817
119900245,12,97,-85
119900246,50,61,-11
119900247,5,6,-1
119900248,3,12,-9
119900249,45,16,29
119900253,3265,152,3113
119900254,5,66,-61
119900255,39,700,-661
119900256,46,1536,-1490
119900257,3,0,3
119900258,20,23,-3
119900259,1,212,-211
119900260,15,0,15
119900261,45,157,-112
119900262,0,287,-287
119900263,546,352,194
119900264,10,180,-170
119900265,95,425,-330
119900266,51,228,-177
119900267,28,306,-278
119900268,16,197,-181
119900269,131,1979,-1848
119900271,16,51,-35
119900272,33,31,2
119900275,23,7,16
119900276,2,1,1
119900277,1,2,-1
119900278,142,16,126
119900279,33,60,-27
119900280,697,155,542
119900281,0,33,-33
119900282,15,6,9
119900283,1,258,-257
119900284,9,186,-177
119900285,8,28,-20
119900286,9,14,-5
119900288,2,10,-8
119900289,0,17,-17
119900290,0,10,-10
119900291,0,25,-25
119900292,5,2,3
119900293,1,0,1
119900294,4,0,4
119900295,0,0,0
119900296,4,0,4
119900299,15,286,-271
119900300,29,271,-242
119900301,9,9,0
119900302,4,25,-21
119900303,38,147,-109
119900304,12,9,3
119900305,11,66,-55
119900306,7,0,7
119900307,5,103,-98
119900308,0,5,-5
119900309,2,23,-21
119900310,146,213,-67
119900311,6,115,-109
119900312,8,50,-42
119900313,67,358,-291
119900314,22,86,-64
119900315,129,2710,-2581
119900318,4,6,-2
119900319,1,355,-354
119900320,18,765,-747
119900321,6,0,6
119900322,39,45,-6
119900323,2,78,-76
119900324,0,24,-24
119900325,6,301,-295
119900326,112,35,77
120000001,4777,2943,1834
120000002,1182,2874,-1692
120000003,2649,1855,794
120000004,2199,2204,-5
120000005,3957,1987,1970
120000006,903,1075,-172
120000007,2003,1590,413
120000008,559,1197,-638
120000009,4412,822,3590
120000010,749,2828,-2079
120000011,506,1793,-1287
120000012,1216,2577,-1361
120000013,875,2143,-1268
120000014,260,1033,-773
120000015,967,1167,-200
120000016,1129,749,380
120000017,488,667,-179
120000018,2691,3076,-385
120000019,265,503,-238
120000020,1008,1281,-273
120000021,882,1083,-201
120000022,2099,1943,156
120000023,318,884,-566
120000024,815,1266,-451
120000025,677,1427,-750
120000026,315,1385,-1070
120000027,575,1081,-506
120000028,472,301,171
120000029,2774,373,2401
120000030,63,497,-434
120000031,1420,3180,-1760
120000032,8861,2100,6761
120000033,970,1069,-99
120000034,441,1758,-1317
120000035,813,1872,-1059
120000036,1061,2500,-1439
120000037,244,393,-149
120000038,8812,2759,6053
120000039,239,919,-680
120000040,28,96,-68
120000041,252,2204,-1952
120000042,805,5430,-4625
120000043,2072,2548,-476
120000044,1080,1059,21
120000045,1364,825,539
120000046,671,989,-318
120000047,1446,1413,33
120000048,6421,1742,4679
120000049,1020,1866,-846
120000050,1405,3404,-1999
120000051,3264,2682,582
120000052,13655,1639,12016
120000053,457,3886,-3429
120000054,1099,6892,-5793
120000055,578,3631,-3053
120000056,1889,4463,-2574
120000057,873,1036,-163
120000058,154,162,-8
120000059,117,1012,-895
120000061,36,500,-464
120000062,171,394,-223
120000063,1714,3432,-1718
120000064,193,1787,-1594
120000065,243,1712,-1469
120000066,56,484,-428
120000067,29,480,-451
120000068,64,1203,-1139
120000069,307,1603,-1296
120000070,14,1076,-1062
120000071,71,176,-105
120000072,118,361,-243
120000073,113,75,38
120000074,31,50,-19
120000075,84,173,-89
120000076,362,221,141
120000077,373,223,150
120000078,1774,347,1427
120000079,8,27,-19
120000080,9,29,-20
120000081,30,19,11
120000082,17,44,-27
120000083,16,43,-27
120000084,214,574,-360
120000085,245,448,-203
120000086,119,702,-583
120000087,75,1297,-1222
120000088,264,869,-605
120000089,229,190,39
120000090,72,170,-98
120000091,154,292,-138
120000092,193,201,-8
120000093,40,207,-167
120000094,15,140,-125
120000095,383,659,-276
120000096,122,1323,-1201
120000098,341,992,-651
120000099,84,584,-500
120000100,243,753,-510
120000101,138,455,-317
120000102,83,228,-145
120000103,184,154,30
120000104,320,100,220
120000105,393,118,275
120000106,363,138,225
120000107,481,153,328
120000108,147,47,100
120000109,208,19,189
120000110,43,814,-771
120000111,53,1254,-1201
120000112,263,4416,-4153
120000113,240,2880,-2640
120000114,182,2033,-1851
120000115,165,1930,-1765
120000116,300,1665,-1365
120000117,842,1625,-783
120000118,5,3,2
120000119,3,15,-12
120000120,10,11,-1
120000121,11,10,1
120000122,45,35,10
120000123,5276,836,4440
120000124,133,272,-139
120000125,125,565,-440
120000126,79,274,-195
120000127,409,214,195
120000128,1096,1166,-70
120000129,105,71,34
120000130,226,247,-21
120000131,120,428,-308
120000134,220,1162,-942
120000135,33,292,-259
120000137,38,2262,-2224
120000138,84,525,-441
120000139,54,1046,-992
120000140,113,643,-530
120000141,40,474,-434
120000142,59,602,-543
120000143,1,124,-123
120000144,14,0,14
120000145,49,4,45
120000146,963,297,666
120000149,214,817,-603
120000150,4067,4142,-75
120000151,167,220,-53
120000152,65,236,-171
120000153,73,690,-617
120000154,214,237,-23
120000155,46,92,-46
120000156,831,189,642
120000157,246,421,-175
120000158,249,701,-452
120000159,1016,1893,-877
120000160,949,749,200
120000161,440,1957,-1517
120000162,14,97,-83
120000163,108,1161,-1053
120000164,105,442,-337
120000165,69,953,-884
120000166,183,520,-337
120000167,7,20,-13
120000168,9,48,-39
120000169,133,134,-1
120000170,170,58,112
120000171,51,30,21
120000172,7,11,-4
120000173,1623,29,1594
120000174,185,4,181
120000175,374,6,368
120000176,98,79,19
120000177,1061,478,583
120000178,54,5,49
120000179,287,16,271
120000180,534,79,455
120000181,129,38,91
120000182,35,42,-7
120000183,3,142,-139
120000184,46,2604,-2558
120000186,7,26,-19
120000187,12,16,-4
120000188,71,22,49
120000190,528,1,527
120000191,925,4,921
120000192,985,6,979
120000193,330,2,328
120000195,33,0,33
120000196,200,21,179
120000197,45,78,-33
120000198,20,216,-196
120000199,10,0,10
120000200,20,0,20
120000201,3,4,-1
120000202,0,51,-51
120000203,7,355,-348
120000207,1,120,-119
120000208,7,318,-311
120000209,6,132,-126
120000210,166,40,126
120000211,25,0,25
120000212,20,1,19
120000213,42,561,-519
120000214,1,563,-562
120000215,2,121,-119
120000216,9,0,9
120000217,671,1548,-877
120000218,209,1776,-1567
120000219,11,1162,-1151
120000220,16,3741,-3725
120000225,119,0,119
120000226,28,1,27
120000227,154,2,152
120000228,9767,1219,8548
120000230,31,11,20
120000231,178,2219,-2041
120000233,13,7,6
120000235,65,600,-535
120000236,4,1,3
120000237,4,2976,-2972
120000238,1,56,-55
120000241,386,682,-296
120000412,837,4,833
120000413,28,314,-286
120000414,11,3,8
120000415,2,143,-141
120000416,4,5,-1
120000417,1,57,-56
120000418,6,4,2
120000419,9,430,-421
120000420,20,12,8
120000421,13141,5185,7956
120000422,249,278,-29
120000423,3,44,-41
120000424,8,173,-165
120000436,79,135,-56
120000437,150,147,3
120000438,4586,312,4274
120000439,19,116,-97
120000443,41,0,41
120000444,113,392,-279
120000445,441,355,86
120000446,594,104,490
120000447,0,9,-9
120000449,4,2,2
120000450,1,343,-342
120000451,5,126,-121
120000452,2,0,2
120000453,4,434,-430
120000454,13,10,3
120000455,17,31,-14
120000456,3140,1866,1274
120000457,1065,712,353
120000458,268,553,-285
120000459,61,33,28
120000665,551,114,437
120000668,43,102,-59
120000669,15,382,-367
120000670,205,290,-85
120000671,194,127,67
120000672,67,335,-268
120900001,16,16,0
120900002,36,126,-90
120900003,48,17,31
120900004,2,8,-6
120900005,5,1465,-1460
120900006,27,146,-119
120900007,17,127,-110
120900008,24,1065,-1041
120900009,120,54,66
120900010,65,10,55
120900011,184,58,126
120900012,805,301,504
120900013,51,8,43
120900014,4,795,-791
120900015,102,67,35
120900016,90,47,43
120900017,2675,73,2602
120900018,18,449,-431
120900019,99,41,58
120900020,208,188,20
120900021,78,9,69
120900022,5,360,-355
120900023,14,25,-11
120900024,870,358,512
120900025,1679,506,1173
120900026,18,180,-162
120900027,342,87,255
120900028,56,20,36
120900029,8,60,-52
120900030,280,211,69
120900031,18,5,13
120900032,133,92,41
120900033,145,7,138
120900034,32,817,-785
120900035,20,209,-189
120900037,26,2,24
120900038,18,45,-27
120900039,5,8,-3
120900040,14,1,13
120900041,49,13,36
120900042,23,27,-4
120900043,6,2,4
120900044,3,249,-246
120900045,98,181,-83
120900046,51,5,46
120900047,22,9,13
120900048,15,7,8
120900049,39,0,39
120900050,3288,393,2895
120900051,59,66,-7
120900052,76,2,74
120900053,33,84,-51
120900054,805,534,271
120900055,41,14,27
120900056,67,3,64
120900057,18,8,10
120900058,65,0,65
120900059,11,0,11
120900060,15,40,-25
120900061,129,211,-82
120900062,53,1,52
120900063,63,1,62
120900064,44,0,44
120900065,32,0,32
120900066,74,292,-218
120900067,24,14,10
120900068,30,0,30
120900069,19,69,-50
120900071,6,5,1
120900072,106,1,105
120900073,41,223,-182
120900074,75,1,74
120900076,20,0,20
120900077,2791,149,2642
120900078,111,612,-501
120900079,82,81,1
120900080,59,2963,-2904
120900081,101,1144,-1043
120900082,319,155,164
120900083,5,1,4
120900084,46,58,-12
120900085,57,29,28
120900086,88,56,32
120900087,69,27,42
120900088,61,60,1
120900089,4532,418,4114
120900090,23,189,-166
120900091,166,111,55
120900092,269,587,-318
120900093,4234,257,3977
120900094,337,169,168
120900095,46,15,31
120900096,11,87,-76
120900097,437,1382,-945
120900098,210,198,12
120900099,36,68,-32
120900100,28,431,-403
120900101,116,293,-177
120900102,4,95,-91
120900103,10,82,-72
120900104,14,52,-38
120900105,16,939,-923
120900106,929,509,420
120900107,405,140,265
120900108,8,1072,-1064
120900109,16,854,-838
120900110,4,547,-543
120900111,100,400,-300
120900112,7,1564,-1557
120900113,5,1031,-1026
120900114,14,289,-275
120900115,91,93,-2
120900116,21,632,-611
120900117,1,653,-652
120900118,1,941,-940
120900119,5368,2545,2823
120900120,21,714,-693
120900121,52,396,-344
120900122,31,701,-670
120900123,4,554,-550
120900124,0,698,-698
120900125,1,932,-931
120900126,765,531,234
120900127,6,676,-670
120900128,656,763,-107
120900129,44,460,-416
120900130,2,595,-593
120900131,15,61,-46
120900132,107,533,-426
120900133,115,1141,-1026
120900134,120,548,-428
120900135,3,721,-718
120900136,11,14,-3
120900137,28,112,-84
120900138,3,246,-243
120900139,5,975,-970
120900140,0,37,-37
120900141,37,100,-63
120900142,9,993,-984
120900143,3,1144,-1141
120900144,1,239,-238
120900145,24,869,-845
120900146,6,1159,-1153
120900147,1,206,-205
120900148,16,74,-58
120900149,0,411,-411
120900150,0,511,-511
120900151,3,729,-726
120900152,4,52,-48
120900153,2,57,-55
120900154,1,284,-283
120900155,40,1268,-1228
120900156,6,549,-543
120900157,4,295,-291
120900158,6,537,-531
120900159,14,1305,-1291
120900160,34,375,-341
120900161,15,2915,-2900
120900162,2,2118,-2116
120900163,1,56,-55
120900164,0,3,-3
120900165,0,3,-3
120900166,9,38,-29
120900167,29,64,-35
120900169,17,551,-534
120900170,2182,532,1650
120900171,1040,219,821
120900172,872,86,786
120900173,0,74,-74
120900174,4,132,-128
120900175,285,137,148
120900176,4,110,-106
120900177,0,153,-153
120900178,0,114,-114
120900179,324,299,25
120900180,44,53,-9
120900181,7,69,-62
120900182,14,301,-287
120900183,745,43,702
120900184,175,50,125
120900185,5,361,-356
120900186,1,557,-556
120900187,69,333,-264
120900188,21,6,15
120900189,65,117,-52
120900190,6,8,-2
120900191,0,22,-22
120900192,13577,814,12763
120900194,9,61,-52
120900195,44,257,-213
120900196,315,48,267
120900197,86,17,69
120900198,107,616,-509
120900199,66,54,12
120900200,59,40,19
120900201,618,121,497
120900202,3,277,-274
120900203,17,24,-7
120900204,287,372,-85
120900205,40,71,-31
120900206,5,5,0
120900207,40,1126,-1086
121000001,602,913,-311
121000002,741,632,109
121000003,3753,1720,2033
121000004,1819,1263,556
121000005,1584,2019,-435
121000006,1806,745,1061
121000007,2231,2540,-309
121000008,2308,1203,1105
121000009,6161,3861,2300
121000010,5934,1673,4261
121000011,11688,6328,5360
121000012,13328,3326,10002
121000013,5412,4545,867
121000014,5888,3678,2210
121000015,3233,4174,-941
121000016,3366,2353,1013
121000017,992,2496,-1504
121000018,1291,1254,37
121000019,11562,4351,7211
121000020,8252,3543,4709
121000021,1764,2085,-321
121000022,1212,1061,151
121000023,2099,2122,-23
121000024,1328,2202,-874
121000025,558,415,143
121000026,111,52,59
121000027,1312,798,514
121000028,474,360,114
121000029,222,462,-240
121000030,71,102,-31
121000031,303,563,-260
121000032,106,70,36
121000034,17,15,2
121000035,34,57,-23
121000036,331,341,-10
121000037,207,433,-226
121000038,310,378,-68
121000039,134,149,-15
121000041,110,305,-195
121000042,64,186,-122
121000043,421,313,108
121000044,887,256,631
121000045,212,364,-152
121000046,68,161,-93
121000047,20,55,-35
121000049,1230,580,650
121000050,193,730,-537
121000051,161,201,-40
121000052,116,383,-267
121000053,119,5,114
121000054,16,163,-147
121000055,1229,833,396
121000056,575,600,-25
121000057,76,142,-66
121000058,319,77,242
121000059,706,290,416
121000060,219,572,-353
121000061,28,72,-44
121000062,73,129,-56
121000063,293,342,-49
121000064,189,193,-4
121000065,208,209,-1
121000066,214,398,-184
121000067,520,179,341
121000068,139,96,43
121000069,159,141,18
121000070,582,829,-247
121000071,232,457,-225
121000072,1001,486,515
121000073,563,514,49
121000074,130,197,-67
121000075,41,28,13
121000076,587,215,372
121000077,21,13,8
121000078,56,89,-33
121000080,2111,418,1693
121000081,822,790,32
121000082,117,202,-85
121000083,90,58,32
121000084,109,73,36
121000085,406,385,21
121000086,135,512,-377
121000087,19,149,-130
121000088,167,324,-157
121000089,128,152,-24
121000090,147,200,-53
121000091,1888,503,1385
121000092,99,85,14
121000093,75,145,-70
121000094,269,163,106
121000095,109,219,-110
121000096,2027,1572,455
121000097,1349,1067,282
121000098,164,854,-690
121000099,217,758,-541
121000100,189,497,-308
121000101,24,64,-40
121000102,42,382,-340
121000103,9,55,-46
121000104,47,191,-144
121000105,93,324,-231
121000106,9,46,-37
121000107,1439,2679,-1240
121000109,1415,782,633
121000110,170,234,-64
121000114,1869,1668,201
121000115,807,552,255
121000116,362,562,-200
121000117,917,145,772
121000118,731,142,589
121000119,99,233,-134
121000120,171,284,-113
121000121,154,315,-161
121000123,374,272,102
121000126,60,188,-128
121000127,36,78,-42
121000128,174,464,-290
121000129,150,309,-159
121000130,193,659,-466
121000131,460,442,18
121000132,410,481,-71
121000135,333,272,61
121000136,902,388,514
121000137,284,74,210
121000138,388,244,144
121000139,290,62,228
121000141,107,90,17
121000142,590,327,263
121000143,145,14,131
121000144,592,451,141
121000145,132,949,-817
121000146,387,507,-120
121000147,307,326,-19
121000148,298,628,-330
121000149,805,853,-48
121000152,147,314,-167
121000153,1244,359,885
121000154,446,264,182
121000155,763,481,282
121000156,336,529,-193
121000157,1553,977,576
121000158,230,422,-192
121000159,129,560,-431
121000160,162,688,-526
121000161,45,250,-205
121000162,10,293,-283
121000165,969,631,338
121000166,34,248,-214
121000168,89,204,-115
121000169,10,179,-169
121000170,42,43,-1
121000171,49,159,-110
121000172,246,421,-175
121000173,1027,584,443
121000174,81,364,-283
121000175,281,327,-46
121000176,227,201,26
121000177,259,541,-282
121000178,45,52,-7
121000179,33,67,-34
121000181,177,220,-43
121000182,60,105,-45
121000183,34,39,-5
121000184,6,63,-57
121000185,7,127,-120
121000186,113,304,-191
121000187,124,272,-148
121000188,46,204,-158
121000192,294,281,13
121000193,190,253,-63
121000194,1835,1392,443
121000195,192,686,-494
121000196,258,107,151
121000197,79,548,-469
121000198,73,87,-14
121000199,54,619,-565
121000200,108,86,22
121000201,4,280,-276
121000202,77,23,54
121000203,151,1883,-1732
121000204,327,250,77
121000205,79,341,-262
121000206,51,85,-34
121000207,347,335,12
121000208,4,402,-398
121000209,49,525,-476
121000210,133,577,-444
121000211,32,83,-51
121000212,137,667,-530
121000213,4926,1048,3878
121000214,417,529,-112
121000215,888,456,432
121000216,184,260,-76
121000217,1905,909,996
121000218,320,1442,-1122
121000219,494,254,240
121000220,253,97,156
121000221,57,146,-89
121000222,1496,2115,-619
121000223,182,324,-142
121000224,29,41,-12
121000225,569,403,166
121000226,669,249,420
121000227,6,203,-197
121000228,10,856,-846
121000229,16,405,-389
121000230,50,1655,-1605
121000231,1,0,1
121000232,100,47,53
121000233,116,194,-78
121000234,1,19,-18
121000235,3,1,2
121000236,2,24,-22
121000237,1,2,-1
121000238,0,60,-60
121000239,7,2,5
121000240,0,122,-122
121000241,43,7,36
121000242,5,121,-116
121000243,24,5,19
121000244,0,54,-54
121000245,3,2,1
121000246,0,41,-41
121000247,9,1,8
121000248,88,284,-196
121000249,26,192,-166
121000250,67,48,19
121000251,13,425,-412
121000252,12,11,1
121000253,59,544,-485
121000254,185,144,41
121000255,71,88,-17
121000256,43,109,-66
121000257,15,37,-22
121000258,23,26,-3
121000259,9,46,-37
121000260,21,107,-86
121000261,13,20,-7
121000262,898,363,535
121000263,349,361,-12
121000271,207,1151,-944
121000273,12,37,-25
121000274,2,23,-21
121000275,3,34,-31
121000276,0,3,-3
121000278,6,40,-34
121000279,8,28,-20
121000280,9,25,-16
121000289,41,7,34
121000290,660,448,212
121000294,18,193,-175
121000297,438,308,130
121000299,134,132,2
121000300,528,405,123
121000302,185,208,-23
121000303,531,181,350
121000304,52,8,44
121000305,19,18,1
121000306,5,16,-11
121000308,100,241,-141
121000309,178,527,-349
121000310,27,301,-274
121000311,66,563,-497
121000312,86,31,55
121000313,450,269,181
121000314,114,50,64
121000315,52,47,5
121000530,358,1027,-669
121000531,609,968,-359
121000532,3315,2114,1201
121000533,1162,1171,-9
121000918,3,212,-209
121000919,2,8,-6
121000938,925,116,809
121000939,1128,90,1038
121000956,189,1080,-891
121000957,1,11,-10
121000958,21,56,-35
121000959,96,782,-686
121000960,271,1471,-1200
121000961,84,5,79
121000962,154,406,-252
121000973,0,168,-168
121000976,2,53,-51
121000979,6,3,3
121000981,105,11,94
121000982,41,74,-33
121000983,74,324,-250
121000984,13,18,-5
121000985,89,487,-398
121000986,16,448,-432
121000987,62,1391,-1329
121000988,220,97,123
121001302,230,76,154
121001308,4,13,-9
121001309,24,32,-8
121001313,21,391,-370
121001314,4063,3042,1021
121001315,3341,1146,2195
121900001,67,117,-50
121900002,4,7,-3
121900003,4,0,4
121900004,5,166,-161
121900005,0,6,-6
121900006,7,2,5
121900007,32,211,-179
121900008,0,5,-5
121900009,0,0,0
121900010,28,0,28
121900011,28,126,-98
121900012,0,0,0
121900013,54,0,54
121900014,78,33,45
121900015,13,23,-10
121900016,0,0,0
121900017,26,59,-33
121900018,40,0,40
121900019,26,103,-77
121900020,1,0,1
121900021,141,0,141
121900022,10,14,-4
121900023,0,33,-33
121900024,149,15,134
121900025,29,45,-16
121900026,8,0,8
121900027,45,13,32
121900028,57,1,56
121900029,0,4,-4
121900030,71,107,-36
121900031,143,505,-362
121900032,39,26,13
121900033,15,21,-6
121900034,21,8,13
121900035,337,114,223
121900036,3,35,-32
121900037,22,112,-90
121900038,3,52,-49
121900039,7,1,6
121900040,0,6,-6
121900041,7,27,-20
121900042,27,22,5
121900043,0,0,0
121900044,184,5,179
121900046,3,13,-10
121900047,12,6,6
121900048,3,47,-44
121900050,1,3,-2
121900051,6,39,-33
121900052,3,1,2
121900053,74,44,30
121900054,73,88,-15
121900055,0,1,-1
121900058,12,82,-70
121900059,4,12,-8
121900060,5,52,-47
121900061,16,15,1
121900062,8,2,6
121900063,38,69,-31
121900064,11,142,-131
121900066,1,1,0
121900067,0,0,0
121900069,145,74,71
121900070,16,48,-32
121900071,18,78,-60
121900072,1,54,-53
121900073,14,34,-20
121900074,29,41,-12
121900075,43,31,12
121900076,19,110,-91
121900077,0,12,-12
121900078,3,3,0
121900079,0,0,0
121900080,75,79,-4
121900082,1,35,-34
121900084,3,156,-153
121900085,0,2,-2
121900086,0,1,-1
121900087,33,17,16
121900088,462,422,40
121900089,7,62,-55
121900090,0,74,-74
121900091,2,47,-45
121900092,0,6,-6
121900093,13,16,-3
121900094,3,1,2
121900095,51,36,15
121900096,154,21,133
121900097,21,13,8
121900098,0,1,-1
121900099,5,5,0
121900100,7,38,-31
121900101,25,34,-9
121900102,0,5,-5
121900103,23,8,15
121900104,137,48,89
121900105,2,6,-4
121900106,0,0,0
121900107,0,2,-2
121900108,0,0,0
121900109,69,37,32
121900110,23,428,-405
121900111,332,74,258
121900112,13,7,6
121900113,5,18,-13
121900114,0,0,0
121900117,13,5,8
121900118,544,56,488
121900119,13,115,-102
121900120,1,407,-406
121900121,0,0,0
121900122,0,4,-4
121900123,33,61,-28
121900124,11,55,-44
121900125,306,378,-72
121900127,2,17,-15
121900128,4,71,-67
121900129,560,38,522
121900130,3,29,-26
121900131,25,36,-11
121900132,12,40,-28
121900133,7,5,2
121900134,1,25,-24
121900135,439,84,355
121900136,17,171,-154
121900137,4,84,-80
121900138,9,36,-27
121900139,122,90,32
121900140,6,24,-18
121900141,1,0,1
121900142,3,11,-8
121900143,0,12,-12
121900144,232,189,43
121900145,11,44,-33
121900146,50,206,-156
121900147,55,105,-50
121900148,11,72,-61
121900149,40,182,-142
121900150,25,77,-52
121900151,19,53,-34
121900152,10,42,-32
121900153,5,106,-101
121900154,1,21,-20
121900155,0,13,-13
121900156,65,58,7
121900157,0,130,-130
121900158,23,48,-25
121900159,1,52,-51
121900160,1,32,-31
121900161,78,62,16
121900162,22,36,-14
121900163,14,384,-370
121900164,64,35,29
121900165,12,44,-32
121900166,28,42,-14
121900167,20,15,5
121900168,20,34,-14
121900169,1,290,-289
121900170,0,50,-50
121900171,63,79,-16
121900172,23,69,-46
121900173,130,13,117
121900174,2,1,1
121900175,3,31,-28
121900176,157,1005,-848
121900177,19,25,-6
121900178,0,16,-16
121900179,55,39,16
121900180,4129,1053,3076
121900182,38,54,-16
121900183,76,73,3
121900184,4,98,-94
121900186,0,151,-151
121900187,6,37,-31
121900188,176,62,114
121900189,9,27,-18
121900190,23,99,-76
121900191,2,19,-17
121900192,271,60,211
121900193,1,55,-54
121900194,1,74,-73
121900195,14,27,-13
121900196,42,53,-11
121900197,155,1004,-849
121900198,336,64,272
121900199,1,15,-14
121900200,15,53,-38
121900201,189,108,81
121900202,35,62,-27
121900203,15,42,-27
121900204,291,115,176
121900205,0,16,-16
121900206,1,5,-4
121900207,35,8,27
121900208,14,59,-45
121900209,6,3,3
121900210,36,46,-10
121900211,0,16,-16
121900212,23,28,-5
121900213,9,35,-26
121900214,1,90,-89
121900215,5,2,3
121900216,8,24,-16
121900217,40,6,34
121900218,8,30,-22
121900220,31,2,29
121900221,57,110,-53
121900222,2,40,-38
121900223,0,1,-1
121900224,1,2,-1
121900225,4,6,-2
121900226,1,0,1
121900227,12,47,-35
121900228,27,28,-1
121900230,17,0,17
121900231,57,31,26
121900232,15,47,-32
121900233,72,61,11
121900234,25,46,-21
121900235,25,53,-28
121900236,13,14,-1
121900237,56,171,-115
121900238,69,65,4
121900239,29,8,21
121900240,39,25,14
121900241,3,12,-9
121900242,0,0,0
121900243,0,0,0
121900244,0,0,0
121900245,33,16,17
121900246,10,4,6
121900247,71,89,-18
121900248,200,141,59
121900250,63,36,27
121900251,8,3,5
121900252,319,23,296
121900253,29,283,-254
121900254,112,42,70
121900255,14,17,-3
121900258,151,37,114
121900259,38,37,1
121900260,5,82,-77
121900261,22,67,-45
121900262,63,140,-77
121900263,14,50,-36
121900264,641,206,435
121900265,71,84,-13
121900266,25,37,-12
121900267,0,0,0
121900269,6,39,-33
121900270,3,32,-29
121900271,2,57,-55
121900273,73,277,-204
121900274,5,71,-66
121900277,50,694,-644
121900278,11,306,-295
121900279,24,133,-109
121900280,25,70,-45
121900281,29,5,24
121900284,47,4,43
121900286,5,120,-115
121900287,0,4,-4
121900288,0,0,0
121900290,51,57,-6
121900291,116,170,-54
121900292,25,32,-7
121900293,416,1653,-1237
121900294,48,1,47
121900295,5,56,-51
121900296,0,1,-1
121900298,23,80,-57
121900299,0,0,0
121900300,0,1,-1
121900301,0,0,0
121900302,0,15,-15
121900303,32,113,-81
121900304,0,1,-1
121900305,0,0,0
121900306,0,0,0
121900307,0,3,-3
121900308,3,222,-219
121900309,1,163,-162
121900310,6,301,-295
121900311,36,0,36
121900312,14,0,14
121900313,29,5,24
121900314,2,47,-45
121900315,0,0,0
121900316,0,1,-1
121900317,0,0,0
121900318,0,5,-5
121900319,0,0,0
121900320,7,33,-26
121900321,0,0,0
121900322,0,5,-5
121900323,0,2,-2
121900324,0,0,0
121900325,0,0,0
121900326,0,5,-5
121900327,0,12,-12
121900328,0,8,-8
121900329,0,41,-41
121900330,0,5,-5
121900331,12,1,11
121900332,0,0,0
121900333,1,0,1
122000001,1261,1575,-314
122000002,2738,792,1946
122000003,1343,718,625
122000004,1910,505,1405
122000005,1413,483,930
122000006,976,222,754
122000007,584,377,207
122000008,3098,1205,1893
122000009,479,95,384
122000010,1496,1425,71
122000011,1896,533,1363
122000012,627,699,-72
122000013,779,625,154
122000014,824,774,50
122000015,643,519,124
122000016,229,488,-259
122000017,752,640,112
122000018,728,845,-117
122000019,354,1201,-847
122000020,117,113,4
122000021,430,240,190
122000022,406,317,89
122000023,201,613,-412
122000024,439,409,30
122000025,545,609,-64
122000026,918,392,526
122000027,403,1643,-1240
122000028,361,159,202
122000029,108,114,-6
122000030,195,51,144
122000031,49,78,-29
122000032,527,833,-306
122000033,348,333,15
122000034,335,345,-10
122000035,221,322,-101
122000036,181,380,-199
122000037,231,174,57
122000038,130,221,-91
122000039,221,322,-101
122000040,213,136,77
122000041,174,304,-130
122000042,61,259,-198
122000043,55,63,-8
122000044,58,66,-8
122000045,613,298,315
122000046,222,420,-198
122000047,178,91,87
122000048,1602,1326,276
122000049,2685,1384,1301
122000050,506,311,195
122000051,150,141,9
122000052,228,92,136
122000053,63,289,-226
122000054,1135,937,198
122000055,1006,1287,-281
122000056,2360,1483,877
122000057,2397,1391,1006
122000058,2054,834,1220
122000059,1935,1067,868
122000060,556,346,210
122000061,307,127,180
122000062,694,182,512
122000063,261,235,26
122000064,1647,2046,-399
122000065,2259,1725,534
122000066,609,583,26
122000067,555,705,-150
122000068,369,479,-110
122000069,347,431,-84
122000070,188,717,-529
122000071,371,497,-126
122000072,156,204,-48
122000073,137,250,-113
122000074,464,402,62
122000075,202,341,-139
122000076,648,509,139
122000077,454,404,50
122000078,1548,1288,260
122000079,493,387,106
122000080,234,184,50
122000081,54,74,-20
122000082,428,328,100
122000083,568,1564,-996
122000084,390,507,-117
122000085,134,938,-804
122000086,1121,1435,-314
122000087,171,83,88
122000088,198,119,79
122000089,2609,1387,1222
122000090,175,236,-61
122000091,96,43,53
122000092,38,5,33
122000093,702,874,-172
122000094,3106,939,2167
122000095,1470,673,797
122000096,834,318,516
122000098,1205,899,306
122000099,663,449,214
122000100,553,286,267
122000101,103,316,-213
122000102,921,707,214
122000103,436,827,-391
122000104,133,132,1
122000105,75,157,-82
122000106,247,255,-8
122000107,236,214,22
122000108,185,458,-273
122000109,75,120,-45
122000110,139,249,-110
122000111,1538,635,903
122000112,250,597,-347
122000113,191,436,-245
122000114,1301,1078,223
122000115,1189,529,660
122000116,295,244,51
122000117,473,132,341
122000118,243,204,39
122000119,1654,953,701
122000120,1728,1417,311
122000121,2274,1222,1052
122000122,485,609,-124
122000123,1028,340,688
122000124,320,175,145
122000125,273,383,-110
122000126,247,336,-89
122000127,670,542,128
122000128,235,482,-247
122000129,161,150,11
122000130,837,212,625
122000131,1141,234,907
122000132,632,244,388
122000133,481,1484,-1003
122000134,258,241,17
122000135,285,702,-417
122000136,100,97,3
122000137,280,358,-78
122000139,676,1257,-581
122000140,624,264,360
122000141,2935,413,2522
122000142,131,379,-248
122000143,262,100,162
122000144,925,478,447
122000145,393,386,7
122000146,114,338,-224
122000147,221,148,73
122000148,1224,542,682
122000149,1209,422,787
122000150,544,336,208
122000151,119,219,-100
122000152,257,148,109
122000153,106,51,55
122000154,127,25,102
122000155,820,826,-6
122000156,1827,1492,335
122000157,1015,905,110
122000158,107,336,-229
122000159,456,724,-268
122000160,2138,406,1732
122000161,565,231,334
122000162,840,527,313
122000163,281,76,205
122000164,14,103,-89
122000165,326,296,30
122000166,370,412,-42
122000167,125,217,-92
122000168,112,308,-196
122000169,257,117,140
122000170,125,226,-101
122000171,24,67,-43
122000172,649,655,-6
122000173,670,993,-323
122000174,732,552,180
122000175,726,208,518
122000176,181,345,-164
122000177,849,1163,-314
122000178,1576,641,935
122000179,1311,1058,253
122000180,990,571,419
122000181,1148,1162,-14
122000182,1707,283,1424
122000183,722,143,579
122000184,3289,1322,1967
122000185,1201,995,206
122000186,327,415,-88
122000187,409,623,-214
122000188,211,103,108
122000189,108,80,28
122000190,181,703,-522
122000191,382,184,198
122000192,294,91,203
122000193,82,260,-178
122000194,265,90,175
122000195,75,276,-201
122000196,432,241,191
122000197,152,100,52
122000198,208,707,-499
122000199,170,121,49
122000200,508,167,341
122000201,1057,1504,-447
122000202,658,766,-108
122000203,1225,955,270
122000204,717,1305,-588
122000205,705,671,34
122000206,1000,354,646
122000207,504,577,-73
122000208,550,832,-282
122000209,803,90,713
122000210,529,1544,-1015
122000211,343,877,-534
122000212,181,215,-34
122000213,544,486,58
122000214,653,656,-3
122000215,670,708,-38
122000217,909,1015,-106
122000218,41,7,34
122000219,1116,829,287
122000220,148,691,-543
122000221,83,282,-199
122000222,389,48,341
122000223,441,405,36
122000225,356,123,233
122000226,470,1319,-849
122000227,153,776,-623
122000228,178,372,-194
122000229,7,247,-240
122000230,42,630,-588
122000231,111,470,-359
122000232,160,669,-509
122000233,0,83,-83
122000234,17,191,-174
122000235,152,134,18
122000236,222,110,112
122000237,22,42,-20
122000238,38,60,-22
122000239,94,39,55
122000240,226,94,132
122000241,268,165,103
122000242,200,45,155
122000243,14,13,1
122000244,7,257,-250
122000245,14,82,-68
122000246,2,21,-19
122000247,224,336,-112
122000248,841,1224,-383
122000249,119,205,-86
122000250,517,213,304
122000251,168,194,-26
122000252,248,35,213
122000253,19,231,-212
122000254,50,47,3
122000255,336,994,-658
122000256,219,1165,-946
122000257,68,292,-224
122000258,37,169,-132
122000259,7,578,-571
122000260,5,102,-97
122000261,0,73,-73
122000262,1,60,-59
122000263,36,98,-62
122000264,49,99,-50
122000265,288,163,125
122000266,830,125,705
122000267,21,47,-26
122000268,27,162,-135
122000269,163,110,53
122000270,124,75,49
122000271,137,788,-651
122000272,183,816,-633
122000273,99,370,-271
122000274,28,118,-90
122000275,10,103,-93
122000276,56,314,-258
122000277,256,599,-343
122000278,202,620,-418
122000279,52,420,-368
122000280,473,564,-91
122000281,245,580,-335
122000282,50,68,-18
122000283,361,44,317
122000284,45,90,-45
122000285,220,95,125
122000286,125,102,23
122000287,246,376,-130
122000288,126,107,19
122000291,284,207,77
122000293,296,239,57
122000294,32,45,-13
122000295,424,86,338
122000296,27,232,-205
122000297,1777,788,989
122000299,113,251,-138
122000300,130,309,-179
122000301,9688,1037,8651
122000302,857,437,420
122000303,3555,647,2908
122000304,7,96,-89
122000305,527,148,379
122000306,14,735,-721
122000307,51,110,-59
122000309,22,58,-36
122000310,2,9,-7
122000311,40,22,18
122000312,51,40,11
122000313,4,19,-15
122000314,38,119,-81
122000315,32,2,30
122000316,112,111,1
122000317,306,113,193
122000318,58,98,-40
122000319,234,393,-159
122000320,176,1984,-1808
122000321,32,334,-302
122000322,1533,709,824
122000323,1145,692,453
122000324,592,782,-190
122000325,283,501,-218
122000326,2,44,-42
122000327,66,259,-193
122000328,487,605,-118
122000330,795,273,522
122000332,116,279,-163
122000333,11,179,-168
122000337,220,1778,-1558
122000338,58,365,-307
122000340,138,144,-6
122000342,1739,677,1062
122000343,147,1005,-858
122000344,1,5,-4
122000345,9,42,-33
122000346,146,378,-232
122000348,182,606,-424
122000349,33,588,-555
122000351,4,58,-54
122000352,134,25,109
122000353,11,89,-78
122000355,46,103,-57
122000356,826,489,337
122000357,6,15,-9
122000358,0,41,-41
122000359,1,41,-40
122000360,0,26,-26
122000362,8,87,-79
122000364,19,255,-236
122000365,2,6,-4
122000366,4,4,0
122000368,186,350,-164
122000370,3,55,-52
122000371,0,0,0
122000372,0,0,0
122000381,10,182,-172
122000382,25,156,-131
122000384,1576,989,587
122000385,0,0,0
122000386,45,272,-227
122000387,105,417,-312
122000388,330,167,163
122000389,144,565,-421
122000390,83,120,-37
122000391,18,11,7
122000392,99,244,-145
122000393,8,229,-221
122000394,56,242,-186
122000395,68,140,-72
122000396,69,94,-25
122000397,14,38,-24
122000398,1,7,-6
122000399,22,71,-49
122000400,27,68,-41
122000401,63,88,-25
122000402,11,2,9
122000403,166,1264,-1098
122000404,20,103,-83
122000408,506,721,-215
122000503,9,19,-10
122000524,107,50,57
122000544,8,308,-300
122000616,612,6,606
122000640,21,215,-194
122000641,15,436,-421
122000642,583,892,-309
122000643,4,26,-22
122000644,109,20,89
122000645,110,92,18
122000651,577,390,187
122000664,71,27,44
122000665,712,355,357
122000666,274,561,-287
122000673,12,326,-314
122000674,66,30,36
122000675,413,1014,-601
122000686,68,927,-859
122000687,112,338,-226
122000688,79,476,-397
122000689,164,534,-370
122000690,214,656,-442
122000691,115,1730,-1615
122000692,356,406,-50
122000693,173,1576,-1403
122000695,72,520,-448
122000696,49,200,-151
122000698,40,986,-946
122000699,90,43,47
122000701,363,315,48
122000702,207,1014,-807
122000703,5,0,5
122000717,269,47,222
122000718,376,92,284
122000719,6,26,-20
122000720,34,99,-65
122000724,153,14,139
122900001,4,0,4
122900002,301,229,72
122900003,52,12,40
122900004,101,3,98
122900005,50,11,39
122900006,166,24,142
122900007,30,7,23
122900008,232,13,219
122900009,52,15,37
122900010,1,0,1
122900012,8,8,0
122900014,39,141,-102
122900015,646,53,593
122900016,22,226,-204
122900017,124,373,-249
122900018,67,2,65
122900019,4,87,-83
122900020,262,185,77
122900021,21,192,-171
122900022,96,647,-551
122900023,96,256,-160
122900024,38,57,-19
122900025,15,57,-42
122900026,102,201,-99
122900027,18,423,-405
122900028,31,74,-43
122900029,1509,396,1113
122900030,1286,164,1122
122900031,19,68,-49
122900032,75,112,-37
122900033,44,25,19
122900034,758,771,-13
122900035,0,3,-3
122900036,0,21,-21
122900037,63,45,18
122900038,44,566,-522
122900039,24,99,-75
122900040,4,26,-22
122900041,12,14,-2
122900042,6,30,-24
122900043,24,61,-37
122900044,1,28,-27
122900045,13,18,-5
122900046,20,14,6
122900047,30,46,-16
122900048,9,48,-39
122900049,1101,64,1037
122900051,39,61,-22
122900052,9,59,-50
122900053,2,7,-5
122900055,57,28,29
122900057,24,3,21
122900061,245,40,205
122900062,143,141,2
122900063,31,269,-238
122900064,468,370,98
122900065,126,82,44
122900066,161,168,-7
122900067,997,329,668
122900068,140,239,-99
122900069,113,269,-156
122900070,16,15,1
122900071,36,371,-335
122900072,12,528,-516
122900073,38,97,-59
122900074,33,487,-454
122900075,0,67,-67
122900076,4,109,-105
122900077,0,194,-194
122900078,2,116,-114
122900080,23,1,22
122900081,30,0,30
122900082,16,1,15
122900083,4,0,4
122900084,5,118,-113
122900086,2,5,-3
122900087,14,545,-531
122900088,6,16,-10
122900089,0,71,-71
122900090,5,464,-459
122900091,0,0,0
122900092,1,130,-129
122900093,1,171,-170
122900094,3,106,-103
122900095,0,0,0
122900096,1,110,-109
122900097,0,0,0
122900098,21,37,-16
122900099,1,3,-2
122900100,80,20,60
122900101,82,27,55
122900102,1,2,-1
122900103,3,3,0
122900104,2,0,2
122900105,0,1,-1
122900106,3,49,-46
122900107,2,108,-106
122900108,1,134,-133
123000001,1047,285,762
123000002,3528,1174,2354
123000003,2154,1294,860
123000004,2670,3270,-600
123000005,882,1007,-125
123000006,2209,2271,-62
123000007,670,902,-232
123000008,1463,3524,-2061
123000009,1779,1330,449
123000010,3067,2968,99
123000011,693,454,239
123000012,656,1867,-1211
123000013,1173,383,790
123000014,1160,3266,-2106
123000015,726,303,423
123000016,6097,1948,4149
123000017,1914,921,993
123000018,37,59,-22
123000019,48,254,-206
123000020,49,98,-49
123000021,12,71,-59
123000022,213,453,-240
123000023,608,761,-153
123000024,384,297,87
123000025,1,41,-40
123000026,2,44,-42
123000027,53,209,-156
123000028,321,49,272
123000029,651,197,454
123000030,34,807,-773
123000031,39,313,-274
123000032,62,184,-122
123000033,31,27,4
123000034,398,338,60
123000035,95,94,1
123000036,149,165,-16
123000037,95,227,-132
123000038,42,155,-113
123000039,610,615,-5
123000040,751,277,474
123000041,340,170,170
123000042,350,384,-34
123000043,1594,1702,-108
123000044,3089,1195,1894
123000045,7581,932,6649
123000046,445,360,85
123000047,2271,651,1620
123000048,20,110,-90
123000049,4132,1509,2623
123000050,415,444,-29
123000051,28,86,-58
123000052,366,841,-475
123000053,1927,1204,723
123000054,748,570,178
123000055,429,516,-87
123000056,812,1228,-416
123000057,12429,2686,9743
123000058,320,334,-14
123000059,153,304,-151
123000060,231,204,27
123000061,96,354,-258
123000063,290,292,-2
123000064,411,111,300
123000065,5562,2166,3396
123000066,950,483,467
123000067,169,344,-175
123000068,2201,2171,30
123000069,9107,2253,6854
123000070,89,465,-376
123000071,315,629,-314
123000072,524,1354,-830
123000073,232,522,-290
123000074,413,1602,-1189
123000075,146,380,-234
123000076,276,742,-466
123000077,1097,2724,-1627
123000078,359,894,-535
123000079,430,1032,-602
123000080,1022,2045,-1023
123000081,119,500,-381
123000082,184,934,-750
123000083,287,56,231
123000084,131,399,-268
123000085,30,105,-75
123000086,59,388,-329
123000087,22,464,-442
123000088,466,1146,-680
123000089,189,498,-309
123000090,719,893,-174
123000091,975,727,248
123000092,798,725,73
123000094,189,115,74
123000095,96,278,-182
123000096,102,246,-144
123000097,137,1006,-869
123000098,192,325,-133
123000099,257,711,-454
123000100,300,239,61
123000101,431,227,204
123000102,201,274,-73
123000104,180,204,-24
123000105,429,350,79
123000106,260,161,99
123000107,293,341,-48
123000108,767,882,-115
123000111,280,104,176
123000112,281,330,-49
123000113,331,1415,-1084
123000114,289,263,26
123000115,68,134,-66
123000116,10,130,-120
123000117,689,1828,-1139
123000118,215,951,-736
123000119,148,878,-730
123000120,209,714,-505
123000121,239,495,-256
123000122,176,215,-39
123000123,290,384,-94
123000124,308,432,-124
123000125,395,318,77
123000126,1071,885,186
123000127,1700,703,997
123000128,158,338,-180
123000129,50,24,26
123000130,53,12,41
123000131,157,212,-55
123000132,177,340,-163
123000133,184,285,-101
123000134,316,123,193
123000135,443,733,-290
123000136,108,1175,-1067
123000137,55,431,-376
123000138,38,414,-376
123000139,26,32,-6
123000140,74,603,-529
123000141,74,15,59
123000142,588,832,-244
123000143,676,2095,-1419
123000144,9,11,-2
123000145,86,76,10
123000146,18,55,-37
123000147,24,55,-31
123000149,84,131,-47
123000150,91,100,-9
123000151,138,248,-110
123000152,62,236,-174
123000153,123,182,-59
123000154,1341,661,680
123000155,1697,458,1239
123000156,17,71,-54
123000157,231,608,-377
123000158,303,260,43
123000159,1471,829,642
123000160,306,163,143
123000161,622,221,401
123000162,206,472,-266
123000163,64,20,44
123000164,231,69,162
123000165,147,1681,-1534
123000166,13,114,-101
123000167,55,228,-173
123000168,92,411,-319
123000169,77,29,48
123000170,1,382,-381
123000171,6,50,-44
123000172,123,619,-496
123000173,102,44,58
123000174,90,27,63
123000175,759,1159,-400
123000176,422,20,402
123000177,255,945,-690
123000178,165,18,147
123000179,16,670,-654
123000180,551,181,370
123000181,183,1120,-937
123000182,24,465,-441
123000183,97,49,48
123000184,43,675,-632
123000185,76,163,-87
123000186,9,588,-579
123000187,64,3,61
123000188,9,1,8
123000189,58,218,-160
123000190,4,53,-49
123000192,8,365,-357
123000193,21,395,-374
123000194,291,178,113
123000195,49,2,47
123000196,50,2,48
123000197,10,101,-91
123000198,3,216,-213
123000199,1,395,-394
123000200,64,0,64
123000201,217,4,213
123000202,26,1188,-1162
123000203,132,6,126
123000204,46,1342,-1296
123000205,204,1882,-1678
123000206,425,51,374
123000207,46,858,-812
123000208,91,36,55
123000209,400,86,314
123000210,245,1326,-1081
123000211,444,2689,-2245
123000212,414,90,324
123000213,84,11,73
123000215,30,43,-13
123000216,65,79,-14
123000217,41,3,38
123000218,60,150,-90
123000219,244,10,234
123000220,114,6,108
123000221,92,54,38
123000222,134,446,-312
123000223,52,317,-265
123000224,120,363,-243
123000225,18,63,-45
123000226,6,344,-338
123000227,26,288,-262
123000228,18,49,-31
123000229,605,1560,-955
123000232,50,421,-371
123000233,75,27,48
123000234,76,547,-471
123000235,36,126,-90
123000236,76,797,-721
123000237,67,13,54
123000238,50,610,-560
123000239,263,1929,-1666
123000240,30,113,-83
123000241,420,58,362
123000242,40,153,-113
123000243,223,793,-570
123000244,474,351,123
123000245,23,132,-109
123000249,360,407,-47
123000252,116,39,77
123000253,130,115,15
123000254,202,843,-641
123000255,248,341,-93
123000256,23,213,-190
123000257,2258,1792,466
123000258,482,1036,-554
123000259,98,259,-161
123000260,137,525,-388
123000261,26,278,-252
123000262,43,238,-195
123000263,154,67,87
123000264,87,27,60
123000265,40,128,-88
123000266,222,516,-294
123000267,74,133,-59
123000268,5,43,-38
123000269,21,25,-4
123000270,4,18,-14
123000271,30,54,-24
123000272,283,29,254
123000273,39,203,-164
123000274,189,104,85
123000275,143,820,-677
123000278,2537,1595,942
123000279,20,38,-18
123000280,79,254,-175
123000281,81,43,38
123000282,35,169,-134
123000283,20,41,-21
123000284,10,124,-114
123000286,208,177,31
123000287,389,172,217
123000288,133,131,2
123000289,165,179,-14
123000291,248,698,-450
123000294,107,170,-63
123000295,304,470,-166
123000296,77,214,-137
123000297,104,740,-636
123000298,115,676,-561
123000299,8,108,-100
123000300,231,265,-34
123000301,27,107,-80
123000302,36,148,-112
123000303,17,64,-47
123000305,614,655,-41
123000306,11,280,-269
123000309,32,77,-45
123000310,41,32,9
123000311,3,138,-135
123000312,464,818,-354
123000313,69,137,-68
123000315,26,274,-248
123000316,476,13,463
123000317,38,29,9
123000318,14,228,-214
123000329,42,25,17
123000337,21,197,-176
123000338,215,37,178
123000339,44,435,-391
123000340,76,235,-159
123000342,0,5,-5
123000343,0,0,0
123000344,522,228,294
123000345,191,363,-172
123000346,31,22,9
123000352,1815,600,1215
123000353,14,103,-89
123000354,47,1,46
123000355,1,277,-276
123000356,23,1,22
123000357,2,266,-264
123000359,0,171,-171
123000360,0,0,0
123000361,423,185,238
123000362,24,117,-93
123000363,20,250,-230
123000364,231,126,105
123000365,17,138,-121
123000366,154,480,-326
123000367,140,868,-728
123000370,7,276,-269
123000371,15,5,10
123000372,25,1,24
123000373,1,319,-318
123000374,3,156,-153
123000375,53,6,47
123000376,207,300,-93
123000377,45,0,45
123000378,10,476,-466
123000379,1,199,-198
123000380,23,144,-121
123000381,16,5,11
123000382,167,9,158
123000383,115,414,-299
123000384,88,20,68
123000385,288,446,-158
123000436,51,585,-534
123000507,124,137,-13
123000508,201,184,17
123000517,200,19,181
123000518,22,209,-187
123000519,95,62,33
123000520,44,209,-165
123000521,172,83,89
123000522,207,512,-305
123000541,0,0,0
123000542,0,47,-47
123000565,4,0,4
123000566,123,789,-666
123000567,54,248,-194
123000573,21,1019,-998
123000574,82,19,63
123000575,344,1195,-851
123000576,129,1945,-1816
123000577,65,369,-304
123000578,287,35,252
123000579,2587,1066,1521
123000580,62,3,59
123000582,31,6,25
123000583,13,528,-515
123000584,34,91,-57
123000585,0,85,-85
123000586,0,0,0
123000596,62,81,-19
123000597,33,35,-2
123000602,0,0,0
123000603,55,621,-566
123000604,167,1044,-877
123000605,219,62,157
123000606,1,370,-369
123000609,14,259,-245
123000610,27,22,5
123000613,64,116,-52
123000614,30,9,21
123000615,34,259,-225
123000616,33,3,30
123000617,31,1121,-1090
123000618,36,760,-724
123000619,68,2,66
123000620,25,626,-601
123000622,60,6,54
123000624,39,11,28
123000630,185,205,-20
123000631,86,1621,-1535
123000632,805,980,-175
123000633,0,89,-89
123000634,8,1,7
123000635,191,72,119
123000636,15,551,-536
123000637,62,98,-36
123000638,108,73,35
123000639,240,381,-141
123000640,2,985,-983
123900001,1107,64,1043
123900002,16,487,-471
123900003,139,329,-190
123900005,34,24,10
123900006,14,5,9
124000001,559,21,538
124000002,83,1157,-1074
124000003,71,51,20
124000004,20,623,-603
124000005,127,42,85
124000006,155,1440,-1285
124000007,102,19,83
124000008,3,229,-226
124000009,39,74,-35
124000010,44,457,-413
124000011,83,65,18
124000012,91,894,-803
124000017,0,0,0
124000018,81,104,-23
124000019,0,0,0
124000020,19,177,-158
124000021,1,0,1
124000022,60,205,-145
124000023,657,731,-74
124000024,691,499,192
124000025,614,650,-36
124000026,919,859,60
124000027,3242,1318,1924
124000028,2411,2548,-137
124000030,2279,783,1496
124000031,138,99,39
124000032,4267,769,3498
124000033,26,10,16
124000034,1787,317,1470
124000035,12,16,-4
124000036,14,82,-68
124000037,54,69,-15
124000038,15,13,2
124000039,365,91,274
124000040,282,305,-23
124000041,81,50,31
124000042,35,307,-272
124000043,16,18,-2
124000044,23,303,-280
124000045,151,225,-74
124000046,100,657,-557
124000047,257,342,-85
124000048,184,1728,-1544
124000049,376,305,71
124000050,240,2230,-1990
124000051,166,201,-35
124000052,183,1345,-1162
124000053,185,365,-180
124000054,373,664,-291
124000055,491,431,60
124000056,2772,1138,1634
124000057,221,177,44
124000058,250,1176,-926
124000059,146,249,-103
124000060,524,713,-189
124000061,582,1154,-572
124000062,4594,1147,3447
124000063,963,1189,-226
124000064,1709,1520,189
124000065,13,82,-69
124000066,203,53,150
124000067,25,95,-70
124000068,0,10,-10
124000069,0,0,0
124000070,10,116,-106
124000071,20,33,-13
124000072,67,511,-444
124000073,192,23,169
124000074,92,910,-818
124000075,0,0,0
124000076,11,225,-214
124000077,789,226,563
124000078,1188,76,1112
124000079,419,523,-104
124000080,29,65,-36
124000081,40,699,-659
124000082,2,29,-27
124000083,14,117,-103
124000084,21,48,-27
124000085,30,38,-8
124000086,9,45,-36
124000087,22,24,-2
124000088,53,93,-40
124000089,182,202,-20
124000090,45,374,-329
124000091,79,85,-6
124000092,50,636,-586
124000093,73,26,47
124000094,26,255,-229
124000095,11,34,-23
124000096,55,219,-164
124000097,33,67,-34
124000098,54,132,-78
124000099,21,48,-27
124000100,22,96,-74
124000101,25,78,-53
124000102,37,100,-63
124000103,34,58,-24
124000104,30,62,-32
124000105,19,28,-9
124000106,43,95,-52
124000107,9,53,-44
124000108,27,44,-17
124000109,49,27,22
124000110,50,84,-34
124000111,56,127,-71
124000112,209,561,-352
124000113,24,44,-20
124000114,112,593,-481
124000115,227,631,-404
124000116,47,51,-4
124000117,58,33,25
124000118,15,34,-19
124000119,295,496,-201
124000120,63,278,-215
124000121,793,219,574
124000122,425,667,-242
124000123,380,187,193
124000124,279,627,-348
124000125,164,187,-23
124000126,206,411,-205
124000127,264,217,47
124000128,278,896,-618
124000129,974,797,177
124000130,564,479,85
124000131,495,329,166
124000132,566,596,-30
124000133,220,382,-162
124000134,371,565,-194
124000135,822,620,202
124000136,741,772,-31
124000137,552,284,268
124000138,853,607,246
124000139,109,10,99
124000140,15,295,-280
124000141,4,5,-1
124000142,0,62,-62
124000143,20,8,12
124000144,5,32,-27
124000145,30,14,16
124000146,4,136,-132
124000148,23,14,9
124000149,324,122,202
124000150,190,352,-162
124000151,245,95,150
124000152,322,765,-443
124000153,165,165,0
124000154,204,640,-436
124000155,450,205,245
124000156,790,666,124
124000169,42,93,-51
124000170,439,309,130
124000171,43,75,-32
124000172,175,529,-354
124000173,50,155,-105
124000174,110,615,-505
124000175,9,99,-90
124000176,0,0,0
124000177,13,54,-41
124000178,0,0,0
124000190,63,14,49
124000191,158,26,132
124000192,187,45,142
124000193,145,958,-813
124000194,148,476,-328
124000195,68,227,-159
124000196,420,936,-516
124000197,34,44,-10
124000198,17,18,-1
124000201,51,775,-724
124000202,4,76,-72
124000203,39,922,-883
124000204,14,335,-321
124000205,26,597,-571
124000206,15,320,-305
124000207,0,88,-88
124000209,54,561,-507
124000210,44,140,-96
124000211,27,0,27
124000212,6,644,-638
124000213,33,290,-257
124000214,13,563,-550
124000215,0,0,0
124000216,0,519,-519
124000329,32,1910,-1878
124000338,29,1054,-1025
124000339,83,19,64
124000341,125,29,96
124000344,61,57,4
124000357,340,361,-21
124000358,525,359,166
124000359,231,145,86
124000360,137,98,39
124000361,331,229,102
124000362,892,1465,-573
124000363,178,445,-267
124000364,302,974,-672
124000365,526,1043,-517
124000366,1618,1013,605
124000367,81,467,-386
124000368,43,32,11
124000369,33,23,10
124000370,41,433,-392
124000402,10,0,10
124000403,17,2,15
124000404,5,147,-142
124000405,436,335,101
124000406,520,764,-244
124000407,1,24,-23
124000411,0,378,-378
124000412,39,4,35
124000413,34,66,-32
124000414,25,73,-48
124000415,36,209,-173
124000416,68,265,-197
124000417,36,45,-9
124000418,28,86,-58
124000419,21,144,-123
124000420,11,60,-49
124000421,12,298,-286
124000422,12,5,7
124000423,30,26,4
124000424,2,79,-77
124000425,4,1,3
124000426,2,41,-39
124000427,6,5,1
124000428,2,21,-19
124000429,9,92,-83
124000430,242,517,-275
124000431,81,667,-586
124000432,81,689,-608
124000439,1,2,-1
124000443,0,8,-8
124000445,161,58,103
124000446,1381,36,1345
124900001,109,105,4
124900002,36,308,-272
124900003,133,257,-124
124900004,82,186,-104
124900005,73,203,-130
124900006,108,198,-90
124900008,524,194,330
124900009,18,39,-21
124900010,13,11,2
124900011,66,38,28
124900012,57,29,28
124900013,76,39,37
124900014,19,25,-6
124900015,44,37,7
124900016,2,20,-18
124900017,113,51,62
124900018,5,1,4
124900020,21,4,17
124900021,25,2,23
124900022,12,3,9
124900024,12,1,11
124900026,12,8,4
124900027,24,58,-34
124900028,341,84,257
124900029,6,117,-111
124900030,4,82,-78
124900031,7,248,-241
124900032,135,96,39
124900033,37,282,-245
124900034,5,75,-70
124900035,56,251,-195
124900036,1,31,-30
124900037,52,209,-157
124900038,269,235,34
124900039,0,16,-16
124900040,20,78,-58
124900041,83,973,-890
124900042,14,9,5
124900043,183,790,-607
124900044,6,0,6
124900045,372,452,-80
124900046,1131,187,944
124900047,73,141,-68
124900048,63,88,-25
124900050,56,154,-98
124900052,39,342,-303
124900053,15,344,-329
124900054,2080,173,1907
124900055,0,64,-64
124900057,5,36,-31
124900060,37,158,-121
124900061,5,0,5
124900062,7,1,6
124900066,1,22,-21
124900067,1,93,-92
124900068,105,92,13
124900070,1,8,-7
124900072,12,5,7
124900074,53,130,-77
124900075,23,150,-127
124900076,8,116,-108
124900077,16,57,-41
124900078,4,2,2
124900079,328,20,308
124900080,57,527,-470
124900081,129,76,53
124900082,121,756,-635
124900083,47,380,-333
124900084,2067,48,2019
124900085,968,103,865
124900086,21,230,-209
124900087,224,37,187
124900088,514,62,452
124900089,792,21,771
124900090,25,62,-37
124900091,69,455,-386
124900092,54,317,-263
124900093,24,40,-16
124900094,28,66,-38
124900095,20,92,-72
124900096,142,45,97
124900097,40,24,16
124900098,38,232,-194
124900099,248,153,95
124900100,22,2,20
124900101,4,20,-16
124900102,9,3,6
124900103,30,167,-137
124900104,6,157,-151
124900105,7,125,-118
124900106,24,3,21
124900107,10,2,8
124900108,64,13,51
124900109,5,69,-64
124900110,35,402,-367
124900111,0,34,-34
124900112,44,625,-581
124900113,0,60,-60
124900114,2,11,-9
124900115,1,3,-2
124900116,35,33,2
124900117,369,47,322
124900118,42,9,33
124900119,69,17,52
124900120,10,322,-312
124900121,28,35,-7
124900122,526,131,395
124900123,175,10,165
124900124,62,80,-18
129000186,28,13,15
204000001,1,3,-2
204000002,0,1,-1
204000003,0,2,-2
204000004,0,0,0
204000005,136,78,58
204000006,299,238,61
204000011,21,61,-40
204000012,7,182,-175
204000013,0,8,-8
204000019,203,305,-102
204000020,230,419,-189
204000021,1054,373,681
204000022,142,269,-127
204000023,226,1048,-822
204000031,15,3,12
204000032,157,9,148
204000034,37,448,-411
204000035,0,9,-9
204000036,7,28,-21
204000037,7,15,-8
204000038,2,17,-15
204000039,4,81,-77
204000040,4,55,-51
204000041,5,82,-77
204000042,3,3,0
204000043,2,3,-1
204000044,3,0,3
204000045,6,0,6
204000046,1,0,1
204000057,2,111,-109
204000062,11,136,-125
204000068,39,137,-98
204000069,11,111,-100
204000070,17,60,-43
204000080,45,38,7
204000085,624,1125,-501
204000086,1976,1300,676
204000087,50,24,26
204000088,12,77,-65
204000090,38,526,-488
204000093,18,2,16
204000096,180,188,-8
204000097,17,2,15
204000099,365,326,39
204000100,202,291,-89
204000105,852,1090,-238
204000110,736,1027,-291
204000111,253,721,-468
204000112,337,824,-487
204000113,166,706,-540
204000114,184,142,42
204000115,118,179,-61
204000116,292,238,54
204000119,340,364,-24
204000132,213,149,64
204000133,259,80,179
204000134,249,47,202
204000135,198,29,169
204000136,48,86,-38
204000138,130,316,-186
204000140,78,52,26
204000141,77,29,48
204000144,0,21,-21
204000145,118,5,113
204000146,65,407,-342
204000147,21,104,-83
204000148,142,6,136
204000154,0,1,-1
204000155,1,11,-10
204000177,17,17,0
204000179,2,0,2
204000180,0,53,-53
204000222,4,14,-10
204000235,20,18,2
204000236,36,269,-233
204000238,1,0,1
204000240,76,38,38
204000263,255,998,-743
204000268,384,175,209
204000308,11,1,10
204000317,22,41,-19
204000322,7,23,-16
204000323,1,3,-2
204000328,20,4,16
204000329,65,119,-54
204000330,13,2,11
204000331,49,164,-115
204010341,10,186,-176
205000001,873,972,-99
205000013,3,110,-107
205000014,28,177,-149
205000015,43,316,-273
205000016,22,229,-207
205000017,72,124,-52
205000022,201,551,-350
205000025,1892,762,1130
205000029,79,9,70
205000045,45,154,-109
205000046,25,346,-321
205000047,36,400,-364
205000048,67,681,-614
205000049,59,535,-476
205000050,921,196,725
205000059,1,270,-269
205000060,1,44,-43
205000061,1,28,-27
205000062,1,36,-35
205000063,3,34,-31
205000064,13,136,-123
205000065,32,668,-636
205000066,39,997,-958
205000067,31,1212,-1181
205000069,257,44,213
205000082,16,26,-10
205000110,15,137,-122
205000111,118,183,-65
205000112,10,17,-7
205000113,243,165,78
205000121,0,1,-1
205000123,120,170,-50
205000126,0,0,0
205000127,0,0,0
205000128,0,0,0
205000129,0,0,0
205000130,0,0,0
205000131,0,0,0
205000132,0,0,0
205000133,0,0,0
205000134,0,0,0
205000137,138,125,13
205000138,268,262,6
205000139,20,99,-79
205000144,14,2,12
205000145,38,16,22
205000151,0,0,0
205000152,0,0,0
205000153,0,0,0
205000154,0,0,0
205000155,0,0,0
205000207,99,130,-31
205000233,0,0,0
205000234,0,1,-1
205000243,0,0,0
205000244,0,6,-6
205000245,26,386,-360
205000249,1,18,-17
205000250,0,0,0
205000264,10,91,-81
206000027,0,1,-1
206000028,0,0,0
206000043,25,276,-251
206000053,33,19,14
206000054,16,35,-19
206000055,7,59,-52
206000075,2,4,-2
206000076,20,29,-9
206000077,18,15,3
206000078,6,17,-11
206000079,18,11,7
206000082,262,14,248
206000100,81,749,-668
206000103,14,38,-24
206000104,15,36,-21
206000105,10,30,-20
206000106,18,48,-30
206000108,501,41,460
206000125,9,0,9
206000157,309,853,-544
206000170,1,381,-380
206000171,6,328,-322
206000172,11,1409,-1398
206000173,3,427,-424
206000174,6,347,-341
206000175,2,379,-377
206000176,24,687,-663
206000177,3,432,-429
206000178,1,281,-280
206000179,13,169,-156
206000180,75,320,-245
206000181,20,442,-422
206000182,70,436,-366
206000183,46,1238,-1192
206000184,12,659,-647
206000185,20,547,-527
206000186,169,2176,-2007
206000223,8,405,-397
206000226,0,0,0
206000227,1,0,1
206000237,41,561,-520
206000238,102,926,-824
206000239,919,2477,-1558
206000240,2,55,-53
206000241,1,227,-226
206000242,9,775,-766
206000243,5,708,-703
206000244,88,1510,-1422
206000245,149,28,121
206000246,23,2,21
206000247,45,4,41
206000248,67,7,60
206000252,71,37,34
206000258,17,46,-29
206000315,25,11,14
206000317,95,42,53
206000318,42,23,19
206000319,184,40,144
206000320,26,17,9
206000321,31,6,25
206000322,84,11,73
206000323,52,23,29
206000324,32,2,30
206000325,53,13,40
206000326,40,4,36
206000327,27,7,20
206000328,52,0,52
206000329,33,5,28
206000330,21,6,15
206000331,30,2,28
206000332,6,5,1
206000333,89,5,84
206000334,45,0,45
206000335,0,26,-26
206000361,16,344,-328
206000392,5,79,-74
206000405,77,1,76
206000441,0,0,0
206000498,22,7,15
206000515,290,64,226
206000530,10,9,1
206000531,24,21,3
206000532,344,47,297
206000535,352,1953,-1601
206000536,21,298,-277
206000537,12,164,-152
206000613,301,29,272
207000001,72,359,-287
207000002,45,310,-265
207000003,98,268,-170
207000007,147,65,82
207000008,16,12,4
207000009,44,24,20
207000010,386,602,-216
207000012,16,16,0
207000015,422,1889,-1467
207000019,127,46,81
207000021,221,96,125
207000022,36,69,-33
207000023,34,37,-3
207000024,3,12,-9
207000025,3,37,-34
207000026,66,69,-3
207000027,11,74,-63
207000028,32,228,-196
207000029,161,380,-219
207000033,172,175,-3
207000034,135,26,109
207000039,14,3,11
207000040,4,2,2
207000041,0,0,0
207000042,0,0,0
207000043,0,0,0
207000051,52,373,-321
207000052,6,220,-214
207000053,280,723,-443
207000054,13,145,-132
207000055,46,203,-157
207000056,140,392,-252
207000057,79,274,-195
207000058,49,472,-423
207000059,39,847,-808
207000060,34,240,-206
207000061,20,44,-24
207000062,68,32,36
207000063,94,123,-29
207000064,293,191,102
207000065,109,215,-106
207000066,68,143,-75
207000067,19,105,-86
207000068,40,37,3
207000069,529,346,183
207000082,31,418,-387
207000083,86,454,-368
207000084,32,49,-17
207000085,88,10,78
207000086,67,10,57
207000106,0,0,0
207000107,0,0,0
207000108,0,0,0
207000109,0,0,0
207000110,0,0,0
207000111,0,0,0
207000112,0,0,0
207000114,33,21,12
207000115,11,55,-44
207000116,18,169,-151
207000117,6,112,-106
207000118,2,139,-137
207000119,4,155,-151
207000123,0,0,0
207000124,0,0,0
207000125,0,0,0
207000126,0,0,0
207000134,13,290,-277
207000135,20,298,-278
207000148,0,0,0
207000149,76,37,39
207000152,99,374,-275
207000153,1004,871,133
207000154,240,85,155
207000159,40,301,-261
207000160,38,737,-699
207000238,0,52,-52
207000242,0,109,-109
207000248,39,26,13
207000249,91,65,26
207000250,442,87,355
207000251,79,79,0
207000252,32,73,-41
207000278,4,14,-10
207000279,14,289,-275
207000280,69,17,52
207000281,65,1126,-1061
207000282,12,16,-4
207000283,49,170,-121
207000284,17,28,-11
207000285,115,23,92
207000291,12,104,-92
207000304,79,52,27
207000306,26,336,-310
207000310,0,0,0
207000353,0,0,0
207000356,1,19,-18
207000357,0,4,-4
207000358,0,2,-2
207000415,5,155,-150
207000417,0,0,0
207000418,92,115,-23
207000438,0,3,-3
207000439,1269,241,1028
207000446,0,0,0
207000460,7,13,-6
207000466,84,188,-104
207000467,1,1,0
207000468,24,600,-576
207000476,5,63,-58
207000477,67,83,-16
207000478,2,17,-15
207000523,0,13,-13
207000524,0,0,0
207000527,60,110,-50
207000530,0,0,0
207000531,0,0,0
207000532,0,0,0
207000534,0,0,0
207000535,70,138,-68
207000537,13,97,-84
207000540,6,164,-158
207000541,6,305,-299
207000548,5,245,-240
207000549,0,0,0
207000561,0,0,0
207000562,24,164,-140
207000567,128,257,-129
207000568,26,106,-80
207000569,50,1150,-1100
207000584,346,106,240
207000585,0,0,0
207000616,0,231,-231
207000617,11,0,11
207900008,50,277,-227
208000001,153,238,-85
208000002,102,147,-45
208000003,268,150,118
208000004,306,186,120
208000005,5,38,-33
208000019,77,235,-158
208000020,18,88,-70
208000021,50,391,-341
208000022,313,595,-282
208000028,875,643,232
208000033,175,507,-332
208000034,626,887,-261
208000037,3,0,3
208000040,13,70,-57
208000041,87,192,-105
208000042,92,167,-75
208000047,49,209,-160
208000064,795,228,567
208000066,301,155,146
208000070,56,279,-223
208000071,76,354,-278
208000072,90,404,-314
208000080,55,90,-35
208000081,54,85,-31
208000082,95,244,-149
208000083,65,311,-246
208000084,4,13,-9
208000085,468,452,16
208000086,239,688,-449
208000087,64,493,-429
208000089,330,424,-94
208000090,249,847,-598
208000093,24,70,-46
208000094,150,390,-240
208000095,592,296,296
208000104,222,271,-49
208000105,155,231,-76
208000114,0,0,0
208000115,101,245,-144
208000116,45,421,-376
208000117,9,66,-57
208000118,12,72,-60
208000155,211,637,-426
208000158,1349,1597,-248
208000186,969,248,721
208000204,203,592,-389
208000205,432,983,-551
208000282,3209,725,2484
209000004,53,101,-48
209000005,4,13,-9
209000006,118,71,47
209000007,93,124,-31
209000010,221,97,124
209000011,44,165,-121
209000012,84,210,-126
209000013,102,766,-664
209000014,413,1793,-1380
209000025,87,20,67
209000026,337,71,266
209000027,184,1189,-1005
209000028,195,1442,-1247
209000029,329,1184,-855
209000030,250,1816,-1566
209000031,3616,2327,1289
209000034,127,171,-44
209000035,65,132,-67
209000036,77,125,-48
209000037,67,226,-159
209000038,65,169,-104
209000039,33,164,-131
209000040,273,616,-343
209000041,171,469,-298
209000042,223,488,-265
209000043,317,536,-219
209000044,309,404,-95
209000045,145,209,-64
209000046,48,229,-181
209000047,44,113,-69
209000048,29,118,-89
209000049,71,185,-114
209000050,142,249,-107
209000051,89,283,-194
209000052,62,307,-245
209000062,23,132,-109
209000063,8,96,-88
209000064,9,154,-145
209000065,15,63,-48
209000066,7,60,-53
209000067,19,56,-37
209000080,9,126,-117
209000082,34,24,10
209000091,25,81,-56
209000093,60,30,30
209000094,160,82,78
209000110,37,48,-11
209000111,215,471,-256
209000112,204,186,18
209000113,309,217,92
209000114,126,134,-8
209000115,39,156,-117
209000116,768,490,278
209000118,3,24,-21
209000119,16,10,6
209000121,72,598,-526
209000135,74,64,10
209000142,582,386,196
209000143,16,59,-43
209000144,4,25,-21
209000229,17,114,-97
209000240,15,349,-334
209000259,65,137,-72
209000260,32,827,-795
209000261,2,555,-553
209000262,2,481,-479
209000263,0,92,-92
209000264,0,33,-33
209000265,0,0,0
209000266,0,0,0
209000267,1,0,1
209000268,0,0,0
210000037,13,18,-5
210000047,1,4,-3
210000048,1,10,-9
210000049,9,6,3
210000052,17,186,-169
210000053,3,90,-87
210000054,39,69,-30
210000070,0,0,0
210000071,0,0,0
210000072,0,0,0
210000073,0,16,-16
210000074,1,43,-42
210000075,0,42,-42
210000076,2,154,-152
210000077,6,15,-9
210000078,20,12,8
210000079,3,2,1
210000080,8,5,3
210000081,10,0,10
210000082,4,0,4
210000083,23,2,21
210000084,5,0,5
210000085,1,57,-56
210000086,5,92,-87
210000099,23,164,-141
210000100,21,172,-151
210000101,67,162,-95
210000105,63,101,-38
210000159,1,86,-85
210000163,214,170,44
210000164,146,32,114
210000168,48,10,38
210000187,0,3,-3
210000188,0,24,-24
210000214,0,0,0
210000219,8,12,-4
210000220,19,18,1
210000232,0,13,-13
210000233,5,23,-18
210000234,12,106,-94
210000235,32,118,-86
210000245,0,15,-15
210000246,4,2,2
210000258,10,121,-111
210000259,34,2,32
210000282,21,153,-132
210000285,2,63,-61
210000286,2,141,-139
210000290,0,0,0
210000295,10,76,-66
210000296,21,55,-34
210000320,45,37,8
210000321,6,18,-12
210000338,20,132,-112
210000339,493,426,67
210000340,58,156,-98
210000341,73,119,-46
210000342,85,116,-31
210000343,60,165,-105
210000344,61,67,-6
210000345,117,43,74
210000346,5,29,-24
210000347,7,14,-7
210000348,24,3,21
210000349,8,11,-3
210000350,23,53,-30
210000351,32,75,-43
210000352,22,61,-39
210000353,11,67,-56
210000354,27,97,-70
210000355,13,62,-49
210000356,5,36,-31
210000357,10,7,3
210000358,206,58,148
210000359,32,14,18
210000360,50,51,-1
210000361,27,36,-9
210000362,36,54,-18
210000363,197,19,178
210000364,20,15,5
210000365,14,13,1
210000366,27,7,20
210000367,11,2,9
210000368,19,7,12
210000369,3,9,-6
210000370,5,33,-28
210000372,12,16,-4
210000373,5,7,-2
210000374,11,4,7
210000375,13,77,-64
210000376,18,75,-57
210000404,88,123,-35
210000439,4,9,-5
210000472,27,1,26
210000482,24,18,6
210000564,225,29,196
210000567,0,4,-4
210000568,111,0,111
211000092,6,56,-50
211000094,3,2,1
211000169,90,2,88
211000172,0,158,-158
211000209,0,12,-12
211000226,19,19,0
211000270,0,2,-2
211000275,9,23,-14
211000276,18,20,-2
211000279,0,35,-35
211000281,5,62,-57
211507980,0,18,-18
211977296,3,3,0
212000003,23,20,3
212000004,9,15,-6
212000005,4,20,-16
212000006,7,59,-52
212000008,58,244,-186
212000009,7,140,-133
212000012,17,53,-36
212000013,8,43,-35
212000014,127,140,-13
212000015,114,170,-56
212000016,255,390,-135
212000027,184,181,3
212000028,71,117,-46
212000029,37,84,-47
212000030,20,26,-6
212000031,25,55,-30
212000048,17,61,-44
212000049,8,28,-20
212000050,13,8,5
212000051,85,177,-92
212000052,85,337,-252
212000053,227,549,-322
212000054,44,84,-40
212000055,52,108,-56
212000056,2,10,-8
212000057,1,9,-8
212000058,67,11,56
212000070,59,317,-258
212000077,81,593,-512
212000099,80,93,-13
212000108,47,94,-47
212000111,38,53,-15
212000120,45,108,-63
212000138,20,14,6
212000156,2,95,-93
212000158,8,7,1
212000159,83,28,55
212000160,166,105,61
212000161,9,7,2
212000310,12,35,-23
212000311,2,6,-4
212000374,1,14,-13
213000001,23,553,-530
213000005,71,18,53
213000006,319,21,298
213000007,3,1,2
213000009,55,22,33
213000010,18,29,-11
213000011,33,20,13
213000012,55,240,-185
213000014,17,0,17
213000015,24,2,22
213000016,20,0,20
213000017,0,0,0
213000018,2,163,-161
213000019,3,113,-110
213000020,42,291,-249
213000021,4,93,-89
213000023,2,0,2
213000033,106,401,-295
213000034,97,83,14
213000035,26,28,-2
213000045,69,211,-142
213000046,53,97,-44
213000047,364,367,-3
213000056,3,1,2
213000069,3,1,2
213000073,0,10,-10
213000074,74,426,-352
213000075,25,0,25
213000076,0,0,0
213000085,1,25,-24
213000086,7,156,-149
213000091,2,0,2
213000092,0,0,0
213000099,73,485,-412
213000100,167,8,159
213000101,8,127,-119
213000102,15,429,-414
213000103,118,536,-418
213000104,37,422,-385
213000105,2,31,-29
213000106,7,205,-198
213000107,27,701,-674
213000108,10,512,-502
213000109,1,199,-198
213000110,4,39,-35
213000111,2,49,-47
213000112,95,88,7
213000115,0,0,0
213000116,40,525,-485
213000117,11,712,-701
213000118,130,191,-61
213000119,43,566,-523
213000120,19,561,-542
213000122,114,642,-528
213000123,527,985,-458
213000124,38,1217,-1179
213000125,0,0,0
213000126,26,57,-31
213000127,144,97,47
213000128,631,324,307
213000129,2,0,2
213000130,14,2,12
213000132,11,1,10
213000133,9,1,8
213000134,37,8,29
213000136,47,3,44
213000137,121,17,104
213000139,31,6,25
213000147,4,1,3
213000148,3,0,3
213000149,0,0,0
213000150,0,55,-55
213000151,0,47,-47
213000152,0,65,-65
213000153,0,37,-37
213000154,18,218,-200
213000155,20,305,-285
213000156,21,426,-405
213000157,436,459,-23
213000158,141,523,-382
213000159,105,169,-64
213000163,34,6,28
213000165,85,7,78
213000171,0,120,-120
213000172,3,311,-308
213000173,2,304,-302
213000174,0,300,-300
213000175,1,131,-130
213000176,0,0,0
213000177,0,0,0
213000178,1,0,1
213000179,0,0,0
213000180,0,0,0
213000184,36,346,-310
213000188,62,17,45
213000189,56,8,48
213000190,206,387,-181
213000191,53,407,-354
213000192,37,402,-365
213000193,1074,121,953
213000194,0,25,-25
213000195,5,304,-299
213000196,66,624,-558
213000197,55,26,29
213000198,1,0,1
213000200,51,972,-921
213000201,87,60,27
213000202,5,560,-555
213000203,763,78,685
213000204,84,2,82
213000205,38,5,33
213000206,19,5,14
213000207,8,0,8
213000208,2,0,2
213000209,7,0,7
213000210,10,1,9
213000211,0,7,-7
213000212,1,18,-17
213000213,0,27,-27
213000218,61,718,-657
213000219,18,0,18
213000220,34,0,34
213000223,77,10,67
213000224,1,7,-6
213000225,7,0,7
213000226,4,2,2
213000227,113,34,79
213000228,43,14,29
213000229,50,3,47
213000230,37,1,36
213000232,13,187,-174
213000233,1,19,-18
213000234,1,18,-17
213000293,0,26,-26
213000294,6,0,6
213000295,2,36,-34
213000296,21,4,17
213000297,2,53,-51
213000298,5,72,-67
213000299,20,17,3
213000300,2,0,2
213000303,0,17,-17
213000304,0,4,-4
213000305,0,0,0
213000306,20,10,10
213000307,25,37,-12
213000308,39,182,-143
213000309,32,15,17
213000310,56,4,52
213000311,152,510,-358
213000315,19,102,-83
213000316,32,24,8
213000322,13,110,-97
213000323,9,41,-32
213000324,10,67,-57
213000325,4,82,-78
213000326,19,41,-22
213000327,5,78,-73
213000328,3,75,-72
213000329,27,31,-4
213000340,45,764,-719
213000341,7,0,7
213000346,25,12,13
213000347,284,27,257
213000348,6,98,-92
213000349,0,4,-4
213000350,99,1294,-1195
213000366,15,176,-161
213000367,50,11,39
213000379,38,89,-51
213000386,1,152,-151
213000406,33,195,-162
213000417,282,128,154
213000425,38,26,12
213000426,30,46,-16
213000427,11,341,-330
213000428,5,204,-199
213000429,3,3,0
213000430,35,716,-681
213000431,38,0,38
213000432,0,14,-14
213000433,2,116,-114
213000434,28,29,-1
213000435,19,49,-30
213000436,3,47,-44
213000437,0,41,-41
213000438,29,44,-15
213000439,7,9,-2
213000440,1,120,-119
213000441,0,1,-1
213000442,0,24,-24
213000443,166,135,31
213000444,12,61,-49
213000445,0,83,-83
213000446,2,10,-8
213000447,1,10,-9
213000448,0,20,-20
213000449,24,2,22
213000450,5,10,-5
213000451,19,20,-1
213000452,0,3,-3
213000453,15,193,-178
213000455,23,0,23
213000456,0,67,-67
213000481,7,4,3
213000482,27,1,26
213000489,199,5,194
213000491,0,34,-34
213000492,26,12,14
213000493,0,15,-15
213000494,20,6,14
213000495,0,109,-109
213000496,6,2,4
213000497,16,334,-318
213000498,41,259,-218
213000499,67,741,-674
213000500,17,6,11
213000501,10,2,8
213000502,17,5,12
213000503,1,37,-36
213000504,3,179,-176
213000505,0,1,-1
213000506,0,16,-16
213000507,3,161,-158
213900016,0,7,-7
213900244,0,0,0
213900245,0,33,-33
218000003,8,8,0
218000004,10,15,-5
218000005,6,10,-4
218000006,15,41,-26
218000007,6,20,-14
218000012,209,63,146
218000013,49,127,-78
218000014,356,245,111
218000019,748,318,430
218000020,250,277,-27
218000021,27,122,-95
218000022,12,82,-70
218000023,1,66,-65
218000024,0,26,-26
218000025,5,74,-69
218000026,14,105,-91
218000027,3,37,-34
218000028,2,13,-11
218000029,2,6,-4
218000030,26,53,-27
218000031,2,83,-81
218000032,0,63,-63
218000040,2,2,0
218000046,8,112,-104
218000047,6,176,-170
218000048,23,210,-187
218000049,65,169,-104
218000050,242,279,-37
218000051,31,322,-291
218000052,1,39,-38
218000053,0,13,-13
218000054,7,35,-28
218000055,1,18,-17
218000056,9,21,-12
218000057,0,22,-22
218000064,1,3,-2
218000065,51,35,16
218000066,14,50,-36
218000067,15,75,-60
218000068,26,60,-34
218000069,42,206,-164
218000070,94,289,-195
218000071,126,218,-92
218000072,413,221,192
218000078,270,1167,-897
218000079,27,43,-16
218000080,36,44,-8
218000081,138,150,-12
218000082,7,98,-91
218000083,7,78,-71
218000084,67,230,-163
218000085,105,541,-436
218000086,32,197,-165
218000087,119,259,-140
218000090,9,50,-41
218000091,322,180,142
218000092,53,126,-73
218000093,43,107,-64
218000094,302,635,-333
218000099,302,281,21
218000100,120,201,-81
218000101,118,125,-7
218000102,99,229,-130
218000103,29,186,-157
218000104,17,33,-16
218000105,12,5,7
218000106,5,14,-9
218000107,28,108,-80
218000108,3,51,-48
218000112,26,19,7
218000117,25,48,-23
218000134,292,691,-399
218000135,6,63,-57
218000136,60,48,12
218000137,57,186,-129
218000138,1,84,-83
218000139,27,248,-221
218000140,53,163,-110
218000141,11,40,-29
218000142,56,108,-52
218000143,22,135,-113
218000144,8,53,-45
218000145,104,305,-201
218000146,22,100,-78
218000151,11,21,-10
218000152,39,68,-29
218000153,4,3,1
218000154,3,1,2
218000155,4,2,2
218000156,53,40,13
218000157,7,21,-14
218000158,2,6,-4
218000159,3,9,-6
218000160,3,3,0
218000161,21,11,10
218000162,32,17,15
218000163,5,8,-3
218000164,30,12,18
218000165,49,47,2
218000170,2,20,-18
218000171,26,31,-5
218000172,7,10,-3
218000173,18,15,3
218000174,5,8,-3
218000176,84,17,67
218000177,369,101,268
218000178,102,56,46
218000179,124,20,104
218000180,74,6,68
218000181,157,12,145
218000187,1,6,-5
218000188,5,25,-20
218000189,6,41,-35
218000190,2,13,-11
218000191,39,86,-47
218000192,44,483,-439
218000193,243,488,-245
218000194,20,399,-379
218000195,70,103,-33
218000196,179,218,-39
218000197,108,242,-134
218000198,0,120,-120
218000199,19,22,-3
218000200,9,22,-13
218000201,0,24,-24
218000202,126,127,-1
218000207,2,39,-37
218000208,27,42,-15
218000211,4,15,-11
218000212,1,9,-8
218000213,64,30,34
218000214,2,13,-11
218000215,54,129,-75
218000217,8,86,-78
218000218,415,55,360
218000219,11,4,7
218000220,55,221,-166
218000221,101,91,10
218000222,19,10,9
218000223,48,234,-186
218000224,2,102,-100
218000225,177,34,143
218000226,51,107,-56
218000230,0,1,-1
218000232,31,29,2
218000239,0,0,0
218000240,0,0,0
218000241,0,0,0
218000242,0,0,0
218000243,0,0,0
218000244,0,0,0
218000245,0,0,0
218000246,0,0,0
218000247,0,0,0
218000248,1,41,-40
218000249,0,2,-2
218000250,0,15,-15
218000251,0,11,-11
218000252,0,26,-26
218000253,0,11,-11
218000254,1,7,-6
218000255,1,6,-5
218000256,1,41,-40
218000267,676,723,-47
218000268,0,35,-35
218000269,3,11,-8
218000270,23,85,-62
218000271,27,52,-25
218000273,6,3,3
218000274,3,1,2
218000275,21,24,-3
218000276,12,75,-63
218000278,20,39,-19
218000279,31,76,-45
218000280,0,27,-27
218000281,2,15,-13
218000282,104,59,45
218000284,37,1,36
218000301,28,132,-104
218000302,43,29,14
218000303,7,24,-17
218000316,467,753,-286
218000317,413,865,-452
218000318,222,761,-539
218000319,459,1288,-829
218000320,275,659,-384
218000338,3,24,-21
218000345,77,52,25
218000346,6,28,-22
218000459,85,302,-217
218000490,4,37,-33
218000501,20,9,11
218000502,10,157,-147
218000503,53,3,50
218000504,75,4,71
218000505,28,171,-143
218000506,26,98,-72
218000508,0,1,-1
218000510,124,9,115
218000520,45,95,-50
218000521,1,49,-48
218000522,1,107,-106
218000523,1,0,1
218000524,10,64,-54
218000525,10,21,-11
218000526,15,70,-55
218000529,12,200,-188
218000530,8,3,5
218000531,1,12,-11
218000532,7,30,-23
218000534,11,1,10
218000537,0,10,-10
218000538,74,152,-78
218000540,316,115,201
218000543,79,60,19
218000544,39,123,-84
218000545,30,58,-28
218000546,20,129,-109
218000547,21,87,-66
218000548,28,186,-158
218000549,216,55,161
218000550,182,708,-526
218000551,145,150,-5
218000552,163,23,140
218000553,5,40,-35
218000554,15,15,0
218000555,6,29,-23
218000556,41,399,-358
218000557,145,66,79
218000558,0,0,0
218000559,0,10,-10
218000560,1,5,-4
218000561,0,0,0
218000562,18,148,-130
218000563,25,34,-9
218000564,5,107,-102
218000565,15,22,-7
218000566,74,14,60
218000567,2,40,-38
218000568,0,0,0
218000569,1,44,-43
218000570,9,1,8
218000571,1,45,-44
218000572,0,0,0
218000573,5,8,-3
218000574,4,37,-33
218000575,0,0,0
218000576,0,35,-35
218000577,0,0,0
218000578,1,53,-52
218000579,65,4,61
218000581,0,87,-87
218000582,7,2,5
218000583,9,0,9
218000584,0,15,-15
218000585,2,2,0
218000586,4,38,-34
218000587,0,0,0
218000588,0,0,0
218000589,0,3,-3
218000590,0,0,0
218000591,0,9,-9
218000592,0,1,-1
218000593,0,0,0
218000594,0,0,0
218000595,0,0,0
218000596,0,0,0
218000597,0,0,0
218000598,0,0,0
218000599,0,0,0
218000600,0,0,0
218000601,0,0,0
218000602,0,0,0
218000603,0,2,-2
218000604,21,2,19
218000605,0,13,-13
218000606,6,0,6
218000607,3,21,-18
218000608,6,9,-3
218000609,2,33,-31
218000610,9,5,4
218000611,0,3,-3
218000612,1,28,-27
218000613,0,0,0
218000614,1,48,-47
218000615,13,0,13
218000616,1,149,-148
218000617,3,0,3
218000618,0,19,-19
218000619,12,9,3
218000620,1,29,-28
218000621,0,0,0
218000622,0,5,-5
218000623,2,0,2
218000624,0,9,-9
218000625,1,0,1
218000626,0,7,-7
218000628,19,18,1
218000631,0,4,-4
218000632,0,35,-35
218000633,0,0,0
218000634,2,19,-17
218000635,1,4,-3
218000636,438,1240,-802
218000637,359,422,-63
218000638,21,18,3
218000639,10,255,-245
218000640,21,13,8
218000641,17,429,-412
218000652,115,141,-26
218000653,122,106,16
218000663,0,84,-84
218000675,3,10,-7
218000676,0,58,-58
218000677,3,18,-15
218000680,43,446,-403
218000681,12,9,3
218000691,47,364,-317
218000693,1,3,-2
218000703,4,97,-93
218000718,193,216,-23
218000719,94,16,78
218000720,1,10,-9
218000721,1,1,0
218000725,3,17,-14
218001214,15,25,-10
218001258,5,1,4
218001329,1,2,-1
218001330,61,58,3
218001351,0,0,0
218001352,1,13,-12
218001353,1,1,0
218001354,2,10,-8
218001356,52,3,49
218001358,23,3,20
218001361,16,4,12
219000001,11,40,-29
219000002,19,94,-75
219000003,71,16,55
219000004,72,31,41
219000017,56,11,45
219000020,47,7,40
219000022,39,2,37
219000023,27,1,26
219000029,1,110,-109
219000034,6,7,-1
219000039,20,53,-33
219000040,9,4,5
219000041,54,31,23
219000051,0,54,-54
219000052,0,13,-13
219000053,1,230,-229
219000054,23,97,-74
219000055,26,3,23
219000056,2,0,2
219000057,24,0,24
219000062,8,180,-172
219000063,11,6,5
219000064,1,30,-29
219000110,89,19,70
219000111,63,20,43
219000112,168,28,140
219000113,46,17,29
219000114,166,14,152
219000116,57,31,26
219000117,138,71,67
219000118,40,50,-10
219000123,170,61,109
219000124,24,33,-9
219000125,8,32,-24
219000126,16,91,-75
219000127,0,2,-2
219000128,13,76,-63
219000129,25,69,-44
219000130,1047,630,417
219000131,1220,797,423
219000133,45,21,24
219000134,8,23,-15
219000135,43,53,-10
219000136,131,115,16
219000138,21,11,10
219000139,13,54,-41
219000140,15,1,14
219000141,3,128,-125
219000142,10,119,-109
219000143,12,96,-84
219000145,0,18,-18
219000146,5,72,-67
219000147,1,73,-72
219000148,1,103,-102
219000149,22,240,-218
219000150,2,135,-133
219000151,1,89,-88
219000157,118,89,29
219000158,86,226,-140
219000161,103,13,90
219000163,1034,262,772
219000166,44,136,-92
219000167,39,264,-225
219000168,174,28,146
219000174,89,40,49
219000175,40,6,34
219000176,48,6,42
219000177,2,0,2
219000178,2,0,2
219000179,9,3,6
219000180,39,26,13
219000182,7,4,3
219000183,1,44,-43
219000184,6,0,6
219000185,1,142,-141
219000186,2,37,-35
219000187,2,151,-149
219000189,98,111,-13
219000190,142,164,-22
219000191,1017,482,535
219000192,135,138,-3
219000193,535,127,408
219000195,3,40,-37
219000196,0,98,-98
219000198,12,137,-125
219000199,74,192,-118
219000200,15,198,-183
219000201,84,279,-195
219000203,10,104,-94
219000204,55,118,-63
219000205,28,202,-174
219000207,102,166,-64
219000209,20,96,-76
219000210,22,122,-100
219000213,11,207,-196
219000239,73,142,-69
219000240,88,198,-110
219000241,18,229,-211
219000242,10,204,-194
219000243,33,303,-270
219000244,0,83,-83
219000245,3,37,-34
219000246,14,4,10
219000247,27,4,23
219000248,151,50,101
219000249,48,13,35
219000250,16,5,11
219000251,129,12,117
219000252,0,0,0
219000253,0,0,0
219000255,15,27,-12
219000256,40,28,12
219000257,0,0,0
219000262,39,286,-247
219000263,16,194,-178
219000267,2,127,-125
219000268,1,6,-5
219000269,4,0,4
219000270,5,0,5
219000271,83,3,80
219000278,0,10,-10
219000279,0,5,-5
219000283,0,5,-5
219000295,19,87,-68
219000296,58,507,-449
219000297,13,129,-116
219000298,12,216,-204
219000299,139,13,126
219000300,19,392,-373
219000301,76,267,-191
219000302,11,148,-137
219000307,10,41,-31
219000308,53,28,25
219000311,16,15,1
219000312,103,16,87
219000313,39,8,31
219000314,108,478,-370
219000315,8,6,2
219000316,47,3,44
219000317,8,2,6
219000320,1,41,-40
219000321,1,14,-13
219000323,10,85,-75
219000325,0,45,-45
219000326,48,125,-77
219000327,58,40,18
219000328,16,35,-19
219000329,249,76,173
219000330,11,26,-15
219000331,16,31,-15
219000332,24,28,-4
219000333,3,9,-6
219000335,13,0,13
219000337,0,0,0
219000338,0,0,0
219000344,18,73,-55
219000345,90,116,-26
219000346,31,163,-132
219000348,52,181,-129
219000349,15,218,-203
219000350,32,65,-33
219000351,5,3,2
219000352,160,37,123
219000353,49,60,-11
219000354,92,94,-2
219000355,48,17,31
219000356,1214,234,980
219000363,295,40,255
219000364,95,23,72
219000365,72,14,58
219000366,388,97,291
219000368,314,204,110
219000370,658,102,556
219000371,4,10,-6
219000382,2,9,-7
219000383,551,476,75
219000385,560,370,190
219000386,929,774,155
219000387,0,8,-8
219000390,9,0,9
219000391,9,1,8
219000397,70,105,-35
219000398,111,24,87
219000401,6,68,-62
219000402,17,63,-46
219000403,35,85,-50
219000404,24,27,-3
219000407,4,22,-18
219000409,0,0,0
219000410,0,0,0
219000411,0,0,0
219000446,171,352,-181
219000447,0,16,-16
219000448,0,0,0
219000452,32,28,4
219000453,43,58,-15
219000454,198,115,83
219000556,26,4,22
219000558,47,287,-240
219000590,7,139,-132
219000591,11,2,9
219000592,95,301,-206
219000595,2,25,-23
219000635,6,0,6
219000636,8,107,-99
219000657,10,17,-7
219000658,10,30,-20
219000673,1,16,-15
219000676,4,3,1
219000679,12,17,-5
219000684,22,1,21
219000685,1,84,-83
219000686,3,2,1
219000688,0,121,-121
219000689,82,123,-41
219000690,0,0,0
219000691,53,58,-5
219000692,3,19,-16
219000693,0,35,-35
219000694,0,0,0
219000695,0,1,-1
219000698,0,0,0
219000699,0,13,-13
219000727,2,158,-156
219000728,77,2,75
219000770,0,0,0
219000771,0,25,-25
219000788,184,189,-5
219001150,0,5,-5
219001151,0,3,-3
219001166,0,0,0
219001167,2,77,-75
219001178,20,0,20
220000001,3,31,-28
220000002,2,109,-107
220000003,249,289,-40
220000004,432,500,-68
220000005,1046,1274,-228
220000006,74,604,-530
220000007,108,814,-706
220000008,88,835,-747
220000009,127,370,-243
220000010,45,74,-29
220000011,402,615,-213
220000012,28,45,-17
220000014,8,74,-66
220000015,10,51,-41
220000017,12,246,-234
220000018,2934,315,2619
220000019,23,153,-130
220000020,49,206,-157
220000021,176,132,44
220000022,268,395,-127
220000023,69,137,-68
220000024,1156,212,944
220000025,810,228,582
220000026,134,91,43
220000027,7,64,-57
220000028,19,23,-4
220000029,46,107,-61
220000030,40,81,-41
220000031,112,195,-83
220000064,7,501,-494
221000046,4,0,4
221000047,0,0,0
221000048,0,0,0
221000049,0,5,-5
221000050,12,0,12
221000055,30,48,-18
221000057,44,4,40
221000068,220,64,156
221000069,122,38,84
221000070,88,12,76
221000071,21,10,11
221000072,90,16,74
221000073,65,32,33
221000074,0,12,-12
221000075,6,15,-9
221000076,9,48,-39
221000077,28,92,-64
221000081,3,5,-2
221000082,35,3,32
221000083,15,5,10
221000084,7,3,4
221000085,9,55,-46
221000086,13,149,-136
221000087,2,185,-183
221000088,15,135,-120
221000089,22,168,-146
221000090,185,260,-75
221000098,47,15,32
221000099,117,13,104
221000100,32,6,26
221000101,168,11,157
221000102,74,6,68
221000109,6,94,-88
221000110,9,143,-134
221000111,24,135,-111
221000112,3,87,-84
221000113,15,158,-143
221000114,13,179,-166
221000120,11,24,-13
221000121,0,14,-14
221000122,10,4,6
221000123,7,22,-15
221000124,9,280,-271
221000155,45,0,45
221000156,14,5,9
221000175,0,4,-4
221000176,1,1,0
221000182,10,3,7
221000241,441,98,343
221000242,246,253,-7
221000243,234,66,168
221000244,139,272,-133
221000245,39,83,-44
221000246,14,150,-136
221000247,19,112,-93
221000248,23,131,-108
221000267,26,497,-471
221000325,25,38,-13
221000331,0,73,-73
221000338,2,6,-4
221000378,38,15,23
221000381,25,112,-87
222000282,0,0,0
222000296,0,7,-7
222000568,79,5,74
222000569,19,2,17
222000570,15,0,15
222000571,14,6,8
222000577,6,205,-199
222000578,5,146,-141
222000579,26,75,-49
222000580,81,602,-521
222000599,0,104,-104
222000600,1,182,-181
222000601,3,612,-609
222000603,3,6,-3
222000604,3,8,-5
222000605,3,6,-3
222000606,0,8,-8
222000607,0,5,-5
222000608,3,12,-9
222000609,19,321,-302
222000616,10,2,8
222000617,0,0,0
222000618,0,0,0
222000620,0,0,0
222000621,0,0,0
222000623,0,0,0
222000624,1,0,1
222000625,0,48,-48
222000636,10,1,9
222000686,0,0,0
222000687,0,0,0
222001066,52,1,51
222001067,1,4,-3
222001068,2,10,-8
222001069,1,7,-6
222001082,2,62,-60
222001083,3,39,-36
222001084,0,12,-12
222001085,0,199,-199
222001111,5,249,-244
222001112,21,9,12
222001313,0,0,0
222001314,0,39,-39
222001464,1,2,-1
222001465,2,90,-88
222001484,0,2,-2
222001485,4,67,-63
222001494,7,22,-15
222001495,35,298,-263
222001496,10,14,-4
222001497,30,482,-452
222001502,14,106,-92
222001503,0,0,0
222001504,9,206,-197
222001505,1,0,1
222001506,19,142,-123
222001507,0,0,0
222001510,2,0,2
222001511,25,357,-332
222001514,3,1,2
222001515,134,597,-463
222001518,0,0,0
222001519,25,457,-432
222001527,0,0,0
222001528,47,149,-102
222001529,0,0,0
222001530,27,229,-202
222001533,91,469,-378
222001534,1,0,1
222001535,7,13,-6
222001536,69,342,-273
222001537,0,0,0
222001538,46,439,-393
222001563,1,0,1
222001564,19,748,-729
222001568,22,28,-6
222001576,0,1,-1
222001579,0,4,-4
222001583,4,287,-283
222001584,2,0,2
222001596,263,1154,-891
222001597,43,18,25
222001626,1,154,-153
222001650,2,26,-24
222001651,14,62,-48
222001914,0,0,0
222001915,26,152,-126
222001968,65,29,36
222001969,235,573,-338
222001970,9,106,-97
222001971,1,8,-7
222001972,0,28,-28
225000001,65,12,53
225000002,71,19,52
225000003,82,12,70
225000004,57,32,25
225000005,2,2,0
225000006,1,82,-81
225000007,2875,622,2253
225000010,64,2,62
225000011,92,131,-39
225000012,21,63,-42
225000013,5,20,-15
225000014,32,14,18
225000015,50,164,-114
225000021,47,17,30
225000027,132,313,-181
225000032,62,32,30
225000042,25,447,-422
225000049,19,54,-35
225000050,26,6,20
225000053,3,109,-106
225000058,47,12,35
225000067,49,232,-183
225000068,54,436,-382
225000069,66,367,-301
225000070,30,364,-334
225000071,6,237,-231
225000075,13,575,-562
225000076,17,66,-49
225000078,8,4,4
225000085,0,0,0
225000086,0,0,0
225000087,0,0,0
225000088,7,77,-70
225000089,294,253,41
225000090,4,173,-169
225000091,23,219,-196
225000092,11,40,-29
225000093,55,361,-306
225000094,13,355,-342
225000095,196,483,-287
225000096,61,312,-251
225000098,117,54,63
225000099,58,28,30
225000100,45,31,14
225000104,17,265,-248
225000110,13,355,-342
225000111,89,804,-715
225000112,96,653,-557
225000113,42,468,-426
225000114,31,202,-171
225000115,2052,314,1738
225000116,113,9,104
225000117,106,46,60
225000118,135,40,95
225000119,7,6,1
225000120,18,2,16
225000121,101,8,93
225000123,83,2,81
225000125,70,118,-48
225000126,452,69,383
225000127,481,105,376
225000128,65,76,-11
225000132,111,19,92
225000133,107,11,96
225000134,201,43,158
225000135,9,8,1
225000136,40,11,29
225000137,37,20,17
225000138,176,9,167
225000143,74,103,-29
225000144,4,235,-231
225000145,0,0,0
225000146,8,104,-96
225000147,11,259,-248
225000148,0,165,-165
225000149,33,350,-317
225000151,18,187,-169
225000155,95,224,-129
225000156,56,342,-286
225000157,66,240,-174
225000158,26,366,-340
225000171,0,126,-126
225000180,6,2,4
225000181,0,34,-34
225000182,1,2,-1
225000185,4,170,-166
225000187,44,359,-315
225000191,0,0,0
225000194,0,3,-3
225000208,0,36,-36
225000209,0,0,0
225000210,7,110,-103
225000217,0,6,-6
225000218,0,0,0
225000223,0,41,-41
225000224,1,0,1
225000225,0,3,-3
225000226,23,0,23
225000227,31,22,9
225000228,2,0,2
225000229,0,60,-60
225000230,0,0,0
225000231,0,84,-84
225000232,14,1,13
225000241,5,0,5
225000242,0,23,-23
225000249,1,0,1
225000250,16,679,-663
225000251,160,13,147
225000254,0,0,0
225000256,0,1,-1
225000257,0,2,-2
226000042,284,316,-32
226000043,19,175,-156
226000044,52,587,-535
226000045,52,403,-351
226000046,128,27,101
226000047,123,35,88
226000048,189,48,141
226000049,62,59,3
226000070,1,53,-52
226000071,0,50,-50
226000072,0,1,-1
226000073,0,4,-4
226000074,0,8,-8
226000084,0,41,-41
226000085,0,5,-5
226000086,1,12,-11
226000087,0,11,-11
226000088,37,13,24
226000090,75,14,61
226000091,6,1,5
226000092,1,0,1
226000093,1,1,0
226000094,2,0,2
226000095,4,1,3
226000105,4,1,3
226000106,2,0,2
226000107,1,1,0
226000108,14,1,13
226000109,50,0,50
226000124,81,34,47
226000134,196,180,16
226000135,477,322,155
226000136,71,111,-40
226000137,13,357,-344
226000138,6,258,-252
226000139,0,35,-35
226000156,48,1,47
226000157,93,1,92
226000163,16,35,-19
226000202,2,266,-264
226000231,84,7,77
226000232,18,5,13
227000033,170,56,114
227000036,103,8,95
227000037,62,10,52
227000038,49,6,43
227000084,0,23,-23
227000085,0,25,-25
227000088,5,2,3
227000089,30,1,29
227000090,6,0,6
227000091,8,0,8
227000092,7,0,7
227000093,15,0,15
227000094,2,0,2
227000130,4,57,-53
227000131,7,283,-276
227000132,4,266,-262
227000133,6,259,-253
227000134,4,391,-387
227000152,0,2,-2
227000153,0,25,-25
227000154,0,17,-17
227000155,0,10,-10
227000156,0,29,-29
227000165,0,29,-29
227000196,45,278,-233
227000199,20,565,-545
227000230,14,399,-385
227000232,7,1,6
227000242,40,369,-329
227000243,311,35,276
227000245,13,305,-292
227000246,61,368,-307
227000247,149,83,66
227000248,87,43,44
227000249,24,193,-169
227000250,216,100,116
227000251,93,194,-101
227000252,13,326,-313
227000253,37,36,1
227000262,166,12,154
227000266,54,6,48
227000267,22,1725,-1703
227000282,18,231,-213
227000284,41,3,38
227000286,3,103,-100
227000287,11,188,-177
227000291,17,565,-548
227000296,91,98,-7
227000484,80,4,76
227000485,33,507,-474
227000655,13,6,7
227000656,102,4,98
227000657,4,6,-2
227000661,17,0,17
229000265,3,13,-10
229000296,2,8,-6
229000297,2,17,-15
229000298,3,55,-52
229000320,0,4,-4
229000321,3,0,3
229000412,1,46,-45
229000414,0,34,-34
229000415,1,0,1
229000416,0,1,-1
229000417,0,6,-6
229000419,51,155,-104
229000440,92,31,61
229000442,3,4,-1
229000443,1,2,-1
229000444,0,19,-19
229000445,9,7,2
229000446,11,7,4
229000491,4,68,-64
229000492,14,172,-158
229000493,2,140,-138
229000494,23,27,-4
229000495,82,85,-3
229000496,17,123,-106
229000507,0,26,-26
229000508,2,34,-32
229000509,0,51,-51
229000510,9,46,-37
229000511,6,95,-89
229000512,2,51,-49
229000513,0,7,-7
229000514,0,7,-7
229000517,0,15,-15
229000518,5,52,-47
229000519,0,21,-21
229000520,6,51,-45
229000521,11,75,-64
229000522,0,26,-26
229000523,5,24,-19
229000524,1,13,-12
229000527,4,7,-3
229000528,1,2,-1
229000529,11,2,9
229000530,67,17,50
229000531,24,16,8
229000532,28,9,19
229000533,241,44,197
229000534,80,27,53
229000564,68,20,48
229000565,18,5,13
229000566,1,33,-32
229000567,1,144,-143
229000582,357,22,335
229000583,9,19,-10
229000584,0,55,-55
229000585,5,43,-38
229000718,0,2,-2
229000719,0,0,0
229000720,0,17,-17
229000721,0,17,-17
229000722,0,48,-48
229000723,1,25,-24
229000724,0,3,-3
229000725,0,6,-6
229000738,7,3,4
229000739,2,0,2
229000740,8,0,8
229000741,51,1,50
229000742,26,1,25
229000743,49,1,48
229000744,4,1,3
229000745,0,0,0
229000746,58,0,58
229000847,14,1,13
229000848,6,0,6
229000849,85,2,83
229000851,7,0,7
229000854,0,53,-53
229000856,3,104,-101
229000857,0,42,-42
229000858,0,129,-129
229000919,9,83,-74
229000930,3,150,-147
229000937,131,29,102
229000966,52,29,23
229000981,8,43,-35
229000985,1,15,-14
229000986,0,3,-3
229000987,0,0,0
229000988,0,2,-2
229000989,1,4,-3
229000990,0,0,0
229000991,0,1,-1
229000992,2,0,2
229000993,52,6,46
229000998,6,21,-15
229000999,25,6,19
229001034,0,12,-12
229001035,3,1,2
229001037,8,3,5
229001042,7,7,0
229001047,0,23,-23
229001050,12,21,-9
229001168,1,1,0
229001200,1,1,0
229001338,0,26,-26
229001394,279,5,274
229001422,199,36,163
229001423,20,150,-130
229001431,98,40,58
229001432,25,57,-32
229001444,62,24,38
229001445,14,203,-189
229001479,8,19,-11
229001503,147,69,78
229001504,55,133,-78
229001505,143,43,100
229001506,20,154,-134
229001509,19,6,13
229001545,75,15,60
229001546,7,88,-81
229001553,46,17,29
229001554,7,89,-82
229001630,23,5,18
229001631,3,28,-25
229001635,0,3,-3
229001636,0,0,0
229001658,0,59,-59
229001659,98,10,88
229001660,0,2,-2
229001661,0,12,-12
229001662,23,1,22
229001663,0,17,-17
229002584,64,43,21
229002831,71,65,6
229002841,1,23,-22
229002842,4,10,-6
229002843,6,12,-6
229002844,6,54,-48
229002845,2,53,-51
229002846,0,10,-10
229002847,1,14,-13
229002848,1,1,0
229002849,0,32,-32
229002850,4,0,4
229002851,5,49,-44
229002852,4,20,-16
229002853,11,4,7
229002854,2,55,-53
229002855,1,82,-81
229002856,2,4,-2
229002857,4,28,-24
229002858,2,9,-7
229002859,3,13,-10
229002860,5,0,5
229002861,28,6,22
229002862,1,25,-24
229002863,5,18,-13
229002864,4,28,-24
229002865,0,8,-8
229002866,0,1,-1
229002867,3,19,-16
229002868,0,6,-6
229002869,1,87,-86
229002870,6,5,1
235000066,129,93,36
235000067,47,121,-74
235000072,29,58,-29
235000073,71,187,-116
235000074,11,70,-59
235000080,2,57,-55
235000081,58,164,-106
235000082,24,31,-7
235000083,31,39,-8
235000084,7,28,-21
235000085,42,20,22
235000089,6,37,-31
235000092,15,140,-125
235000093,0,1,-1
235000097,1,2,-1
235000098,25,24,1
235000099,5,25,-20
235000116,17,21,-4
235000117,480,6,474
235000133,13,160,-147
235000134,17,54,-37
235000206,6,2,4
235000207,1,2,-1
235000208,0,0,0
235000209,2,1,1
235000210,3,4,-1
235000212,1,8,-7
235000213,1,5,-4
235000220,0,1,-1
235000221,11,4,7
235000238,2,11,-9
235000239,1,0,1
235000242,140,111,29
235000245,858,158,700
235000246,0,38,-38
235000284,0,65,-65
235000295,0,0,0
235000305,0,0,0
235000306,0,0,0
235000307,0,0,0
235000308,0,0,0
235000309,0,0,0
235000310,0,0,0
235000311,0,9,-9
235000322,0,16,-16
235000323,0,20,-20
235000324,0,8,-8
235000325,1,7,-6
235000326,4,231,-227
235000351,0,28,-28
235000352,2,36,-34
235000353,1,38,-37
235000354,1,24,-23
235000355,2,42,-40
235000356,0,0,0
235000357,0,0,0
235000358,0,0,0
235000359,0,0,0
235000360,0,0,0
235000361,0,0,0
235000381,40,222,-182
235000382,37,22,15
235000390,7,1,6
235000391,47,13,34
235000392,34,101,-67
235000393,63,63,0
235000395,43,15,28
235000396,147,43,104
235000400,21,8,13
235000401,6,154,-148
235000405,39,472,-433
235000406,12,321,-309
235000407,45,133,-88
235000409,161,170,-9
235000410,44,147,-103
235000411,0,66,-66
235000485,0,13,-13
235000486,1,0,1
235000549,21,37,-16
235000550,51,168,-117
235000599,49,106,-57
235000600,5,10,-5
235000601,7,18,-11
235000602,27,63,-36
235000614,1,0,1
235000648,0,33,-33
235000649,13,2,11
235000685,0,3,-3
235000815,0,21,-21
235000834,0,8,-8
235000855,14,20,-6
235000862,8,156,-148
235000891,0,11,-11
235000892,4,0,4
235000901,88,115,-27
235000907,0,2,-2
235001010,22,39,-17
235001029,684,324,360
235001030,521,99,422
235001078,41,49,-8
235001079,48,139,-91
235001147,3,20,-17
235001166,54,45,9
235001167,8,96,-88
235001169,2,236,-234
235001188,0,5,-5
235001189,0,1,-1
235001197,0,7,-7
235001200,16,23,-7
235001207,35,6,29
235001210,7,112,-105
235001215,7,111,-104
235001239,0,54,-54
235001244,0,4,-4
235016267,0,10,-10
277101746,0,38,-38
277102712,0,0,0
277103813,0,0,0
277103814,0,1,-1
277103898,0,4,-4
277104249,0,1,-1
277104250,0,1,-1
277104251,0,4,-4
277104252,0,0,0
990011530,0,247,-247
990014944,1,440,-439
990015176,2,6,-4
990015618,0,93,-93
990016032,0,252,-252
990032570,19,67,-48
990070001,0,1,-1
990070103,0,5,-5
990070601,0,56,-56
990070751,44,4,40
990070766,3,866,-863
990071180,2,102,-100
990071343,2,0,2
990071387,0,1,-1
990071823,34,14,20
990072600,1,496,-495
990072964,2,585,-583
990073285,0,1,-1
990074393,2,925,-923
990074870,97,2,95
990075106,36,3,33
990075746,33,0,33
990076437,71,3,68
990076458,0,952,-952
997000007,14,1,13
997000041,0,120,-120
997000058,0,4,-4
997000062,3,0,3
997000069,0,3,-3
997000070,0,39,-39
997000100,1,0,1
997000141,0,51,-51
997000198,0,24,-24
998000475,0,27,-27
998000736,3,271,-268
998000965,0,2,-2
998001031,1,29,-28
998001700,1,15,-14
998001899,0,1,-1
998001900,0,1,-1
998003073,13,2,11
998101900,0,0,0
998102850,0,64,-64
998501927,1,230,-229
998501929,46,2,44
998501930,34,0,34
998501931,21,11,10
998501932,12,1,11
998501933,0,0,0
998501937,0,2,-2
998501944,32,49,-17
998501970,1,4,-3
998501971,0,67,-67
998501973,0,81,-81
998501974,5,186,-181
998501975,11,0,11
998501976,19,21,-2
998501977,0,13,-13
998501978,0,0,0
998501979,0,12,-12
998501980,1,0,1
998501981,1,1,0
998501982,0,77,-77
998502006,0,0,0
998502024,0,2,-2
998502032,0,1,-1
998502062,1,1,0
998502063,0,0,0
998502173,12,2,10
998502269,0,0,0
998601159,0,235,-235
998601292,0,19,-19
999033574,4,626,-622
999800001,20,15,5
999800002,0,2,-2
999800003,1,2,-1
999800004,0,15,-15
999800005,0,5,-5
